x,y,z,q0,q1,q2,q3
0.758374750614,0.094870775938,1.35052227974,0.442929595709,0.339099705219,0.549462497234,-0.622025668621
0.759979784489,0.0961268991232,1.35019671917,0.443956255913,0.336881607771,0.551249206066,-0.620917201042
0.761851370335,0.0975489616394,1.34971320629,0.444257974625,0.33481490612,0.552362680435,-0.62082952261
0.763273596764,0.0988445654511,1.34922611713,0.445749878883,0.331197291613,0.554507911205,-0.619787395
0.764752149582,0.100023493171,1.34891605377,0.446639239788,0.328866422176,0.55595934391,-0.619087636471
0.766430795193,0.101367883384,1.34841537476,0.446215599775,0.32787001133,0.556239783764,-0.619669258595
0.767834961414,0.10268368572,1.34789907932,0.447263002396,0.325444549322,0.557523608208,-0.619038879871
0.769114732742,0.103741258383,1.34742832184,0.448889285326,0.322291493416,0.559214472771,-0.617985188961
0.770482063293,0.105048701167,1.34691059589,0.449078500271,0.321184396744,0.559725046158,-0.617962062359
0.771829426289,0.106490433216,1.34634280205,0.449538260698,0.320047736168,0.559751868248,-0.618193328381
0.772933781147,0.107691168785,1.3458019495,0.451570630074,0.317147314548,0.561232686043,-0.616862535477
0.774007856846,0.108956620097,1.3449832201,0.45144662261,0.316347897053,0.561466753483,-0.617150783539
0.774755239487,0.110176250339,1.34464085102,0.452333390713,0.315028578043,0.562491774559,-0.616242408752
0.775729596615,0.11124650389,1.34396576881,0.451584666967,0.314714461565,0.562160074711,-0.61725383997
0.776641190052,0.112641446292,1.34350371361,0.451920688152,0.314589321613,0.561646461487,-0.617539227009
0.777384400368,0.113697171211,1.34361338615,0.454195290804,0.312035858631,0.562875151634,-0.616045534611
0.777980566025,0.11512349546,1.34303188324,0.453057348728,0.313212364912,0.562006175518,-0.617078721523
0.778805375099,0.116187334061,1.34320151806,0.455132305622,0.311529278755,0.56224912405,-0.616181910038
0.779430150986,0.117514833808,1.34303843975,0.4553347826,0.311622619629,0.561607062817,-0.616570353508
0.779809176922,0.118713021278,1.3429826498,0.456365644932,0.310775399208,0.561483800411,-0.616348385811
0.780325353146,0.120109155774,1.34281754494,0.457047849894,0.310542047024,0.56112831831,-0.61628395319
0.780731379986,0.121233969927,1.34279847145,0.457904577255,0.310018062592,0.560408651829,-0.616566538811
0.780911982059,0.122509479523,1.34245121479,0.457901746035,0.310237765312,0.559875547886,-0.61694252491
0.78126090765,0.123692959547,1.34254610538,0.458122253418,0.310658484697,0.558822751045,-0.617521226406
0.781415641308,0.124715924263,1.34256267548,0.458584934473,0.310349464417,0.558410644531,-0.617706000805
0.78182053566,0.12607653439,1.34287834167,0.459123671055,0.310589790344,0.557078361511,-0.618387520313
0.781888544559,0.127216443419,1.34289371967,0.46027174592,0.309971660376,0.55692076683,-0.617986142635
0.781976759434,0.128418385983,1.34286868572,0.460513859987,0.310184508562,0.556092858315,-0.618444263935
0.781953573227,0.129467368126,1.34302377701,0.46095392108,0.31034219265,0.555812835693,-0.618289113045
0.781972169876,0.130804479122,1.34324800968,0.46155461669,0.310874193907,0.554703950882,-0.61856931448
0.781954109669,0.13188315928,1.34296345711,0.460680305958,0.312006413937,0.553545594215,-0.619687795639
0.781904041767,0.132768675685,1.34340810776,0.462056070566,0.311172157526,0.553859710693,-0.618801534176
0.78180295229,0.134050026536,1.34294831753,0.461199164391,0.312475949526,0.552606761456,-0.619903147221
0.781547129154,0.135281980038,1.34323191643,0.462151765823,0.312324047089,0.55228215456,-0.619559526443
0.781287550926,0.136112898588,1.34321153164,0.465002626181,0.313597470522,0.546111643314,-0.622247099876
0.781132400036,0.137364909053,1.34283685684,0.462487190962,0.312671929598,0.55205988884,-0.619331657887
0.781139731407,0.138637661934,1.34314036369,0.461479127407,0.315110772848,0.550009250641,-0.620670557022
0.780817449093,0.13968500495,1.34298181534,0.461788147688,0.315043956041,0.55011588335,-0.620380163193
0.780395269394,0.140371382236,1.34299266338,0.462509721518,0.314492613077,0.550649523735,-0.619648456573
0.780193686485,0.1415989995,1.34290421009,0.461628675461,0.316325455904,0.549322545528,-0.620549738407
0.77989166975,0.142579555511,1.34293866158,0.461711674929,0.316929906607,0.549128770828,-0.620351135731
0.779549956322,0.14345882833,1.3428068161,0.461279928684,0.317317813635,0.54896914959,-0.620615124702
0.779129862785,0.144371628761,1.34286034107,0.461263805628,0.318097412586,0.549004375935,-0.620196819305
0.778789281845,0.145185679197,1.34281301498,0.461710393429,0.318019300699,0.549121499062,-0.619800627232
0.778500914574,0.14626160264,1.34281361103,0.461327910423,0.319076359272,0.548644721508,-0.6199644804
0.778240203857,0.14716681838,1.34279811382,0.460633218288,0.320388972759,0.548031568527,-0.620346367359
0.777658581734,0.148008167744,1.34288656712,0.460857212543,0.320362150669,0.548636734486,-0.619658350945
0.777360677719,0.14895606041,1.34287285805,0.461353927851,0.320648491383,0.548732161522,-0.619055867195
0.777002513409,0.149579435587,1.3428440094,0.46084228158,0.321005642414,0.548889994621,-0.619111895561
0.776470065117,0.150453865528,1.34293460846,0.461591422558,0.320692628622,0.549383819103,-0.618277490139
0.77603250742,0.151114910841,1.34299433231,0.460994184017,0.321088463068,0.549724340439,-0.618215084076
0.775732755661,0.152162954211,1.34296262264,0.459968924522,0.322715878487,0.548969686031,-0.618801653385
0.775359034538,0.152756899595,1.34293222427,0.458900004625,0.323655486107,0.548516571522,-0.619506001472
0.774963498116,0.153626427054,1.34300303459,0.458640664816,0.324230194092,0.548697173595,-0.619237422943
0.774509072304,0.154375374317,1.34314918518,0.458922863007,0.323810786009,0.54889947176,-0.619068622589
0.773810744286,0.154962256551,1.34317219257,0.458202213049,0.32454046607,0.54915112257,-0.618997097015
0.773438572884,0.155669644475,1.34328353405,0.45743522048,0.325547277927,0.548625588417,-0.619501411915
0.772871077061,0.156376570463,1.34322631359,0.457380115986,0.32533633709,0.549331843853,-0.619026899338
0.772455096245,0.156891286373,1.34340965748,0.457551598549,0.325013458729,0.549565374851,-0.618862450123
0.772044658661,0.157659962773,1.34350168705,0.45638987422,0.326378881931,0.548855662346,-0.619631052017
0.771347165108,0.157997459173,1.34350645542,0.456602871418,0.325418710709,0.549991309643,-0.618971943855
0.771113216877,0.159199789166,1.3434895277,0.455681622028,0.326996922493,0.548906564713,-0.619781255722
0.770697295666,0.159884557128,1.34363043308,0.455358117819,0.327235639095,0.548644840717,-0.620124816895
0.770322620869,0.160470113158,1.34385180473,0.454341769218,0.328258216381,0.548127412796,-0.620786964893
0.769752800465,0.16088873148,1.3438847065,0.454078555107,0.32806289196,0.548483669758,-0.62076830864
0.769203901291,0.161442011595,1.34394538403,0.453546702862,0.328312456608,0.550250291824,-0.61946028471
0.768661439419,0.161618292332,1.34410297871,0.452558606863,0.328264772892,0.548603057861,-0.621665418148
0.768255114555,0.162321999669,1.34422159195,0.452272444963,0.328475773335,0.54852193594,-0.621833622456
0.767743110657,0.162914425135,1.34434974194,0.452128857374,0.328582018614,0.548453092575,-0.621942698956
0.767363011837,0.163379430771,1.34445524216,0.451498925686,0.328787237406,0.548265516758,-0.622456908226
0.76696485281,0.164129540324,1.34464931488,0.451402455568,0.328836709261,0.548171818256,-0.622583389282
0.766310691833,0.164359301329,1.3448331356,0.450385808945,0.329618453979,0.549570262432,-0.621672689915
0.765954613686,0.164753183722,1.34491193295,0.449807226658,0.329435229301,0.547625422478,-0.623901069164
0.76541697979,0.165213093162,1.34506094456,0.449092388153,0.329811692238,0.54760324955,-0.624236404896
0.765101671219,0.165931195021,1.34512269497,0.448952376842,0.329706162214,0.54725253582,-0.624700248241
0.76468038559,0.16656768322,1.34518790245,0.448780983686,0.329932749271,0.547111809254,-0.624826908112
0.764026224613,0.166698917747,1.34540915489,0.449008762836,0.329119861126,0.547713756561,-0.624564707279
0.763685822487,0.167094528675,1.34548461437,0.448720872402,0.329041063786,0.547541379929,-0.624964118004
0.763280570507,0.167242258787,1.34566533566,0.447459608316,0.329604744911,0.546773552895,-0.626242280006
0.763028740883,0.168227314949,1.34555280209,0.447231978178,0.330491691828,0.545855104923,-0.62673830986
0.762392878532,0.168272346258,1.3457224369,0.447077035904,0.32978951931,0.546482801437,-0.626671910286
0.762056589127,0.168570131063,1.34575438499,0.446577817202,0.32982724905,0.54620552063,-0.627249360085
0.761818051338,0.169119805098,1.34576153755,0.446615189314,0.329813271761,0.545680642128,-0.627686917782
0.761523783207,0.169504195452,1.34580028057,0.445308238268,0.331065356731,0.543497443199,-0.629846870899
0.761294126511,0.169863015413,1.34588754177,0.444922238588,0.331397712231,0.543035984039,-0.630342662334
0.760977864265,0.17037409544,1.34587621689,0.444991797209,0.331445604563,0.542765378952,-0.630501389503
0.760671377182,0.170775830746,1.34581828117,0.444918841124,0.331489920616,0.543336868286,-0.630037248135
0.760329425335,0.170709222555,1.34596443176,0.443853855133,0.331622004509,0.542902112007,-0.631092905998
0.759941518307,0.171126842499,1.34588956833,0.443764328957,0.331831097603,0.54274725914,-0.631178855896
0.75964140892,0.171476215124,1.34591329098,0.44344586134,0.332341909409,0.54206007719,-0.631724119186
0.759518027306,0.171851351857,1.34589743614,0.443137437105,0.332795619965,0.541360676289,-0.632301330566
0.759256899357,0.172126531601,1.3458057642,0.443745851517,0.33251875639,0.541656970978,-0.631766200066
0.758796691895,0.172076061368,1.34594738483,0.443512171507,0.332014113665,0.541475474834,-0.632351279259
0.758507728577,0.172436863184,1.34585976601,0.443593800068,0.331920266151,0.541100502014,-0.632663965225
0.758284628391,0.172667056322,1.34584021568,0.443595945835,0.332182854414,0.540646255016,-0.632912993431
0.758042752743,0.172904908657,1.34582030773,0.443574786186,0.332491308451,0.539150953293,-0.634040415287
0.75774872303,0.173179358244,1.34568917751,0.443710565567,0.332579314709,0.538859128952,-0.634147405624
0.757609426975,0.173602133989,1.34557819366,0.443242430687,0.333916157484,0.540336668491,-0.632512748241
0.75732678175,0.173829361796,1.34555327892,0.443169862032,0.334289014339,0.539768695831,-0.632851481438
0.757145762444,0.173866435885,1.34555733204,0.442949563265,0.334495306015,0.539288759232,-0.633305668831
0.756939947605,0.173956796527,1.34555006027,0.442677885294,0.334980875254,0.537533700466,-0.634729623795
0.756721973419,0.174438387156,1.34537708759,0.443358540535,0.335037469864,0.537203550339,-0.634504199028
0.756570518017,0.174741238356,1.34530043602,0.443152248859,0.335194081068,0.53622341156,-0.635394155979
0.756422936916,0.175101608038,1.34523820877,0.442758798599,0.33522990346,0.53545576334,-0.636296153069
0.756106674671,0.175038442016,1.34524273872,0.443427592516,0.33476549387,0.535702764988,-0.635866761208
0.755864024162,0.175263017416,1.34512519836,0.443325191736,0.335416078568,0.535180807114,-0.636034965515
0.755893588066,0.17581358552,1.34495460987,0.443278253078,0.336473077536,0.53405046463,-0.636459290981
0.75574529171,0.176085472107,1.34482967854,0.443459719419,0.3369345963,0.533613085747,-0.636455595493
0.755624234676,0.176340341568,1.34470713139,0.44371753931,0.337274879217,0.5332223773,-0.636423289776
0.755503296852,0.176559597254,1.34452629089,0.443944096565,0.337611347437,0.532674670219,-0.636545240879
0.755389690399,0.176869452,1.34441959858,0.44439458847,0.33808529377,0.532365739346,-0.636237800121
0.755271792412,0.177128881216,1.34426748753,0.444824635983,0.338346719742,0.532045245171,-0.636066257954
0.755085289478,0.177336126566,1.34413325787,0.446189850569,0.337619721889,0.532477736473,-0.635133683681
0.754925727844,0.177396893501,1.34400320053,0.44638594985,0.338030010462,0.532241284847,-0.634976029396
0.754779517651,0.177859812975,1.34384250641,0.447042882442,0.338366240263,0.531962275505,-0.634568572044
0.754797935486,0.178254619241,1.34366357327,0.446749359369,0.339606016874,0.530862748623,-0.635033607483
0.754743754864,0.178551390767,1.34355831146,0.447027653456,0.340159386396,0.530338943005,-0.634979069233
0.754703104496,0.178704276681,1.34347569942,0.447251528502,0.340396374464,0.530227541924,-0.634787619114
0.754709005356,0.178940206766,1.34332573414,0.44783577323,0.340623915195,0.529899716377,-0.634527266026
0.754669070244,0.179144382477,1.3432084322,0.44815954566,0.340642333031,0.529811859131,-0.634362101555
0.754494488239,0.179403454065,1.34315943718,0.449500471354,0.340104073286,0.53028178215,-0.633308827877
0.754410147667,0.179564073682,1.34310460091,0.449785381556,0.340602725744,0.529841721058,-0.633206784725
0.754434227943,0.179897204041,1.34296762943,0.449686229229,0.341543644667,0.529095351696,-0.633394420147
0.754272758961,0.179917544127,1.34297335148,0.450768232346,0.340796589851,0.529770851135,-0.632462203503
0.754348516464,0.180261150002,1.3428478241,0.450965225697,0.342255413532,0.529381275177,-0.631860077381
0.754303693771,0.180485591292,1.34272456169,0.451404064894,0.34236112237,0.529336512089,-0.631526947021
0.754270017147,0.180693939328,1.34265995026,0.45172098279,0.342544585466,0.529307603836,-0.631224930286
0.754295885563,0.180744096637,1.34266030788,0.451820343733,0.342743098736,0.52930355072,-0.631049394608
0.754287004471,0.180899202824,1.34261608124,0.452123016119,0.342797279358,0.529358327389,-0.630757212639
0.754279911518,0.181183934212,1.3425526619,0.452577620745,0.342852026224,0.529439985752,-0.630332827568
0.754278540611,0.181199282408,1.34252643585,0.452764481306,0.342779248953,0.529627621174,-0.630080521107
0.754113078117,0.181211322546,1.34249198437,0.453932970762,0.34166175127,0.530758142471,-0.628894388676
0.754185497761,0.181446433067,1.34247255325,0.453975170851,0.34171807766,0.530789792538,-0.628806471825
0.754275977612,0.181546106935,1.34234774113,0.453687846661,0.342100650072,0.530573785305,-0.628988146782
0.754285752773,0.181671202183,1.34223985672,0.454271107912,0.342082887888,0.530984759331,-0.628229558468
0.754221916199,0.181820422411,1.34227228165,0.455154985189,0.341415882111,0.531697928905,-0.627348840237
0.75435090065,0.181934162974,1.34225904942,0.454388290644,0.342290133238,0.531157672405,-0.627885520458
0.754453480244,0.182067960501,1.34217715263,0.454558759928,0.342174232006,0.531299471855,-0.627705395222
0.754434645176,0.182358652353,1.34210956097,0.454931855202,0.342094808817,0.531743407249,-0.627102255821
0.754442453384,0.18246370554,1.34208750725,0.454805105925,0.341708183289,0.532063424587,-0.62713354826
0.754482507706,0.182610526681,1.34208226204,0.454834610224,0.341529279947,0.532608032227,-0.626747190952
0.754399895668,0.182576566935,1.34213268757,0.455596983433,0.34047460556,0.53368717432,-0.625848650932
0.754461705685,0.182538494468,1.3421779871,0.455481052399,0.340330272913,0.533933281898,-0.625801563263
0.754467964172,0.1827891469,1.34212803841,0.455816090107,0.340106666088,0.534354925156,-0.625319302082
0.754586577415,0.182926952839,1.34212195873,0.456062793732,0.339830815792,0.53463602066,-0.625048935413
0.754735410213,0.182969987392,1.34218478203,0.45546784997,0.340231537819,0.534400999546,-0.625465631485
0.754884660244,0.183204740286,1.34212386608,0.45497572422,0.340757131577,0.53410243988,-0.625792682171
0.754875957966,0.183277025819,1.34208464622,0.455804467201,0.340088248253,0.535686433315,-0.624197363853
0.754953026772,0.183355361223,1.34208345413,0.455804854631,0.339856564999,0.536067962646,-0.623995780945
0.754978716373,0.183476373553,1.34204745293,0.455838680267,0.339490443468,0.53658425808,-0.623726665974
0.755046248436,0.183554291725,1.34205174446,0.455798923969,0.339178651571,0.537029385567,-0.623542129993
0.755057275295,0.183313161135,1.34205245972,0.454535573721,0.339227497578,0.536690890789,-0.624728143215
0.755112111568,0.183264121413,1.34207606316,0.454409480095,0.338883519173,0.537181735039,-0.624584615231
0.755159914494,0.183345928788,1.34206056595,0.454341709614,0.338606923819,0.537599027157,-0.624424874783
0.75523006916,0.183494523168,1.3420637846,0.455383509398,0.337358653545,0.538626074791,-0.623455882072
0.755267262459,0.183526933193,1.34207129478,0.455336034298,0.336833178997,0.53937381506,-0.623128116131
0.755257606506,0.183685094118,1.3420034647,0.455474019051,0.336441040039,0.540178120136,-0.622542023659
0.755294442177,0.183502808213,1.34202182293,0.455079704523,0.336132347584,0.540648698807,-0.6225887537
0.75543576479,0.183718919754,1.34197318554,0.455475568771,0.335652321577,0.541074693203,-0.622188031673
0.755390703678,0.183548927307,1.34201669693,0.455025553703,0.335424989462,0.541616559029,-0.622168183327
0.755604505539,0.183965072036,1.34192967415,0.454698324203,0.335871756077,0.540117204189,-0.623468637466
0.755634248257,0.184008106589,1.3419342041,0.454612463713,0.335657715797,0.540594398975,-0.623232901096
0.755681037903,0.184051200747,1.34188735485,0.454247653484,0.335320740938,0.54224550724,-0.622245132923
0.755725026131,0.184124186635,1.3418867588,0.45439940691,0.335311979055,0.542880117893,-0.621585309505
0.755800545216,0.184140354395,1.34197986126,0.454488813877,0.334961861372,0.543277859688,-0.621361196041
0.755815029144,0.184269100428,1.34189724922,0.454227358103,0.334875136614,0.543655693531,-0.621268630028
0.755891442299,0.184302300215,1.34191286564,0.454388290644,0.334665775299,0.543035268784,-0.621806144714
0.755893588066,0.184317946434,1.34190809727,0.454191803932,0.334357649088,0.544494628906,-0.620838522911
0.755945622921,0.184338390827,1.34193563461,0.454103529453,0.334189802408,0.544811725616,-0.620715558529
0.755857348442,0.18424358964,1.34198892117,0.454731553793,0.333209961653,0.545860052109,-0.619860768318
0.755851745605,0.184346526861,1.34196352959,0.454771727324,0.333032906055,0.546276569366,-0.619559407234
0.755883038044,0.184388443828,1.34196376801,0.454760044813,0.332854241133,0.546865344048,-0.619144439697
0.755896091461,0.184443622828,1.34195268154,0.454761952162,0.332734465599,0.547158479691,-0.61894851923
0.755910217762,0.184469297528,1.3419470787,0.454719603062,0.332599639893,0.547486126423,-0.618762135506
0.755933582783,0.184523150325,1.34194362164,0.45471444726,0.332497596741,0.547792255878,-0.618549823761
0.755951702595,0.184578955173,1.34194087982,0.454673230648,0.332340866327,0.546927034855,-0.619429290295
0.756078243256,0.184783816338,1.34187734127,0.454260140657,0.333151996136,0.547798931599,-0.61852568388
0.756088197231,0.184859022498,1.34188270569,0.454363256693,0.333114922047,0.548034012318,-0.618261516094
0.756099700928,0.184858843684,1.34192109108,0.454579740763,0.33280724287,0.548431873322,-0.617915272713
0.75611436367,0.18490819633,1.34191811085,0.454680502415,0.332704871893,0.548659265041,-0.617694199085
0.756119251251,0.184968829155,1.34188020229,0.454675346613,0.332706511021,0.548964262009,-0.617426097393
0.756134569645,0.185036033392,1.34187853336,0.454728960991,0.332759916782,0.549056112766,-0.617276072502
0.756140053272,0.18511557579,1.34186673164,0.454681813717,0.332748889923,0.549353837967,-0.617052078247
0.756183564663,0.185257315636,1.34184575081,0.454526185989,0.332958489656,0.54938596487,-0.61702477932
0.756202161312,0.185337200761,1.3418340683,0.454545974731,0.333083182573,0.549424231052,-0.616909086704
0.756222724915,0.185512065887,1.34181916714,0.454672515392,0.333213716745,0.549418866634,-0.616749823093
0.756219148636,0.185357689857,1.34187686443,0.453673362732,0.334078073502,0.549023091793,-0.617370307446
0.756200253963,0.185671627522,1.34176516533,0.454697489738,0.333439946175,0.549532771111,-0.616507709026
0.75629645586,0.185705378652,1.34175992012,0.454177886248,0.334090590477,0.549090743065,-0.616932213306
0.756273388863,0.185781523585,1.34174108505,0.454212605953,0.334205806255,0.549127340317,-0.61681163311
0.75613629818,0.185683637857,1.34168410301,0.454504370689,0.333748787642,0.549639761448,-0.616387665272
0.756112992764,0.185776442289,1.34166920185,0.454581350088,0.333869755268,0.549619972706,-0.61628305912
0.75615477562,0.186043277383,1.34158909321,0.455083161592,0.333748549223,0.549646317959,-0.615954816341
0.756098687649,0.186193481088,1.34161138535,0.455159723759,0.334020495415,0.549562573433,-0.615825414658
0.756082832813,0.186250984669,1.34157013893,0.455202907324,0.334109723568,0.549507975578,-0.615793824196
0.755985498428,0.186244145036,1.34162247181,0.455911248922,0.333542883396,0.549932658672,-0.615197777748
0.755963563919,0.186358615756,1.3415851593,0.456215023994,0.333858013153,0.549877882004,-0.614850401878
0.755932331085,0.186375141144,1.34156310558,0.456233620644,0.33399912715,0.549753427505,-0.614871263504
0.755901277065,0.18644914031,1.34153044224,0.456279456615,0.334173113108,0.549564182758,-0.614911973476
0.755903184414,0.18653190136,1.34150803089,0.45566830039,0.335062593222,0.548918187618,-0.615458071232
0.755888283253,0.186601340771,1.34147441387,0.455747753382,0.335229277611,0.548718750477,-0.61548602581
0.755864739418,0.186682939529,1.34144055843,0.455775976181,0.335412144661,0.548499822617,-0.615560591221
0.755946695805,0.186739832163,1.34139096737,0.45495685935,0.336443156004,0.547615647316,-0.616390645504
0.75591558218,0.186809778214,1.34134876728,0.455051958561,0.336712628603,0.546308636665,-0.617332398891
0.755914747715,0.18688391149,1.34126806259,0.454931020737,0.336845874786,0.547111928463,-0.616636991501
0.75587618351,0.186967879534,1.34123301506,0.454998284578,0.33705252409,0.546884059906,-0.616676568985
0.755847334862,0.18706125021,1.34119677544,0.454936802387,0.337273687124,0.546649575233,-0.616808831692
0.755800127983,0.187075302005,1.34112787247,0.454864054918,0.337364882231,0.546514034271,-0.616932988167
0.755638003349,0.187156230211,1.34109127522,0.455349296331,0.337024211884,0.546575069427,-0.616706967354
0.755522668362,0.187231406569,1.34108197689,0.455035597086,0.337166011333,0.546327471733,-0.617080390453
0.755483567715,0.187328264117,1.34106278419,0.455075979233,0.337328463793,0.546146810055,-0.617121458054
0.755444824696,0.187403768301,1.34105110168,0.45504334569,0.33750346303,0.545947134495,-0.617226660252
0.755396902561,0.187674388289,1.34103834629,0.455204606056,0.337791860104,0.545659899712,-0.617203950882
0.75528550148,0.187592953444,1.34104669094,0.454767107964,0.338173538446,0.545427143574,-0.617523252964
0.755245685577,0.187672376633,1.34103310108,0.45472997427,0.338313370943,0.545252144337,-0.617628514767
0.755196630955,0.187743127346,1.34101331234,0.454584240913,0.338433265686,0.544979393482,-0.61791074276
0.755183160305,0.187820836902,1.34099030495,0.454601168633,0.338527739048,0.54480856657,-0.617997169495
0.755133271217,0.187863737345,1.34098446369,0.454532921314,0.338642150164,0.544683933258,-0.618094682693
0.755045175552,0.187946006656,1.34093677998,0.454416245222,0.338807046413,0.544679582119,-0.618093669415
0.755018413067,0.188026934862,1.3409101963,0.454394459724,0.338965415955,0.544471919537,-0.618205845356
0.754973053932,0.188101321459,1.34088742733,0.454346388578,0.339098423719,0.544322013855,-0.618300318718
0.75504899025,0.188359588385,1.34080016613,0.454801023006,0.338941276073,0.543921291828,-0.618404865265
0.755005598068,0.188429176807,1.3407779932,0.454833775759,0.339098989964,0.543709039688,-0.618480801582
0.754953503609,0.188513994217,1.34074902534,0.454766571522,0.33926743269,0.543543338776,-0.618583619595
0.754842579365,0.188614442945,1.34075927734,0.454808682203,0.339427441359,0.543407738209,-0.618584215641
0.754771709442,0.188699796796,1.34071195126,0.454756975174,0.339551061392,0.543278694153,-0.61866748333
0.754613697529,0.188774287701,1.34065210819,0.45454376936,0.339817225933,0.543179571629,-0.618765056133
0.75457918644,0.18884678185,1.34067940712,0.454510450363,0.339909851551,0.543012678623,-0.618885040283
0.754521965981,0.188916534185,1.34060907364,0.454457849264,0.339987486601,0.542885422707,-0.618992805481
0.75447165966,0.189054727554,1.34059619904,0.454473912716,0.340137392282,0.542708337307,-0.619053900242
0.754419982433,0.189036384225,1.34060335159,0.454285025597,0.340259462595,0.542573750019,-0.619243383408
0.754240751266,0.188820064068,1.34063088894,0.45368245244,0.340509265661,0.542540073395,-0.619577348232
0.754115045071,0.188901200891,1.34061193466,0.45349252224,0.340750902891,0.542419612408,-0.619688987732
0.753999590874,0.18894520402,1.34062540531,0.453264296055,0.340874642134,0.542255282402,-0.619931876659
0.753866314888,0.188940688968,1.34061944485,0.453087776899,0.340945154428,0.542060852051,-0.620192050934
0.753750443459,0.189000397921,1.3406342268,0.452989757061,0.341141849756,0.54197114706,-0.620233774185
0.753560185432,0.189069092274,1.34064626694,0.452809303999,0.341427862644,0.541894376278,-0.620275139809
0.753463387489,0.189146712422,1.34066212177,0.452807158232,0.34156063199,0.541832029819,-0.620258152485
0.753383874893,0.189184784889,1.34067797661,0.452726900578,0.341666966677,0.541753530502,-0.620326757431
0.753278076649,0.189225405455,1.34065806866,0.452625304461,0.34178635478,0.5417060256,-0.620376527309
0.753086030483,0.189405232668,1.34061515331,0.452716261148,0.341913044453,0.541757047176,-0.620195865631
0.752982199192,0.189365297556,1.34066748619,0.452321767807,0.342275321484,0.541564524174,-0.620452046394
0.752784609795,0.189535558224,1.34062421322,0.452518850565,0.342300862074,0.54171192646,-0.620165526867
0.752708852291,0.189547970891,1.34063899517,0.452406704426,0.342398673296,0.541659653187,-0.620238780975
0.752611458302,0.18959364295,1.34064543247,0.452375799417,0.342518746853,0.541611731052,-0.620236814022
0.752536356449,0.189683094621,1.34062600136,0.452076405287,0.342593103647,0.541419446468,-0.62058198452
0.752462506294,0.189726680517,1.34061527252,0.452008128166,0.342714548111,0.541359126568,-0.620617330074
0.752339720726,0.189793154597,1.34062671661,0.451938062906,0.342876523733,0.541368305683,-0.620570898056
0.752273857594,0.189729511738,1.34063923359,0.451850056648,0.342868119478,0.541417717934,-0.620596468449
0.752214312553,0.189790025353,1.34060966969,0.451787889004,0.342991411686,0.541387379169,-0.620600044727
0.752189695835,0.189810872078,1.3406188488,0.451810389757,0.342980831861,0.541420519352,-0.620560705662
0.752135336399,0.189846470952,1.34059131145,0.451766431332,0.343044728041,0.541443169117,-0.62053757906
0.752008080482,0.189753204584,1.34064686298,0.452374190092,0.342309683561,0.542080879211,-0.619943678379
0.752054095268,0.189913898706,1.34060108662,0.451782673597,0.343109965324,0.541507422924,-0.620433628559
0.751915276051,0.189829647541,1.34061801434,0.452279359102,0.342417031527,0.542188882828,-0.619859218597
0.751907885075,0.189890921116,1.34060788155,0.452526092529,0.342575997114,0.542284965515,-0.619507014751
0.751884162426,0.189931958914,1.34059488773,0.452488362789,0.342626869678,0.542316198349,-0.619479060173
0.751861274242,0.189956456423,1.34057819843,0.452443927526,0.342642217875,0.544151008129,-0.617892146111
0.751843750477,0.189951702952,1.34056973457,0.452390551567,0.342636734247,0.544246137142,-0.617850363255
0.751844227314,0.19001121819,1.34055173397,0.452412873507,0.342636913061,0.544278979301,-0.617805123329
0.751842260361,0.190039783716,1.34053742886,0.45240175724,0.34262663126,0.544327437878,-0.617776155472
0.751789391041,0.190076455474,1.34050905704,0.452222049236,0.342586278915,0.542719781399,-0.619342625141
0.75178617239,0.190087705851,1.34048831463,0.452337950468,0.342635035515,0.544522166252,-0.617646574974
0.751790225506,0.190096616745,1.34047448635,0.45234426856,0.342605918646,0.544582307339,-0.617604970932
0.751781284809,0.190083414316,1.34046697617,0.452326089144,0.342546731234,0.544685065746,-0.617560565472
0.751809298992,0.190184384584,1.3404519558,0.452433407307,0.342596203089,0.544664144516,-0.617472827435
0.751817762852,0.190193817019,1.34045910835,0.452491372824,0.342537432909,0.544723451138,-0.617410957813
0.751943349838,0.190341487527,1.34039664268,0.451686799526,0.343311578035,0.542382776737,-0.619626641273
0.751911640167,0.190264821053,1.34038066864,0.451772838831,0.343083560467,0.542606413364,-0.619494318962
0.751948475838,0.190335273743,1.3403993845,0.451780885458,0.343194067478,0.542539000511,-0.619486272335
0.751917779446,0.190266907215,1.34039330482,0.451832979918,0.342996627092,0.542752504349,-0.619370758533
0.751952707767,0.190338954329,1.34041440487,0.451850771904,0.343095213175,0.542672157288,-0.619373440742
0.751911222935,0.190263390541,1.34039187431,0.451884329319,0.342909038067,0.542862772942,-0.619285225868
0.751951396465,0.190337374806,1.34042644501,0.45190089941,0.343030929565,0.542764186859,-0.619292020798
0.751948356628,0.190324410796,1.34043216705,0.451922684908,0.342970758677,0.542826354504,-0.619254946709
0.751943767071,0.190356761217,1.34043323994,0.451971143484,0.342954725027,0.542841672897,-0.619214892387
0.751959562302,0.190362244844,1.34047472477,0.452079176903,0.342880100012,0.542871534824,-0.619151234627
0.751946270466,0.190348297358,1.34047567844,0.452092200518,0.342834740877,0.54291588068,-0.619127750397
0.751918017864,0.190292075276,1.34048080444,0.45206785202,0.342744201422,0.543004095554,-0.619118630886
0.751904428005,0.190265387297,1.34049355984,0.452085256577,0.342662155628,0.543070733547,-0.619092822075
0.751913309097,0.190234839916,1.3405302763,0.452256262302,0.342655867338,0.544737577438,-0.617504894733
0.751880288124,0.190210297704,1.34057366848,0.452241569757,0.342620819807,0.54479765892,-0.61748200655
0.751856684685,0.190161660314,1.34062230587,0.452226907015,0.342502266169,0.544903576374,-0.61746519804
0.75163859129,0.18986813724,1.34072113037,0.452762007713,0.341285765171,0.5441878438,-0.6183770895
0.75159817934,0.189974308014,1.34074938297,0.452773034573,0.341473788023,0.545954227448,-0.61670601368
0.751411437988,0.189851269126,1.34077692032,0.452518641949,0.341260403395,0.543796658516,-0.618913173676
0.7512845397,0.189828038216,1.3408626318,0.452214926481,0.341246634722,0.546760559082,-0.616526961327
0.751122534275,0.189824104309,1.34097909927,0.451862245798,0.341185003519,0.544536530972,-0.618783831596
0.750922381878,0.189890757203,1.3412027359,0.45135268569,0.34150442481,0.544175982475,-0.619296312332
0.750679731369,0.190088182688,1.34131014347,0.451272279024,0.341324150562,0.544645190239,-0.619041979313
0.750485539436,0.190079629421,1.34147310257,0.450738936663,0.34137865901,0.545770764351,-0.618408620358
0.750263035297,0.190070867538,1.34159076214,0.450188577175,0.341409832239,0.546029031277,-0.618564546108
0.750047624111,0.190059572458,1.34170901775,0.449396431446,0.341616332531,0.546202361584,-0.618873417377
0.749708235264,0.190033376217,1.34188652039,0.448661804199,0.341847509146,0.546329975128,-0.619165837765
0.749517500401,0.190001815557,1.3419560194,0.448019772768,0.341776400805,0.546128869057,-0.619847118855
0.749297678471,0.189951941371,1.34200131893,0.447194010019,0.341669589281,0.546046614647,-0.620574533939
0.749076664448,0.189564570785,1.34217178822,0.445752292871,0.341576904058,0.545764505863,-0.621909379959
0.748974502087,0.189609155059,1.34223759174,0.444539874792,0.342245727777,0.544874310493,-0.623188853264
0.748807787895,0.189570218325,1.34228694439,0.443694800138,0.342042982578,0.544229090214,-0.624464869499
0.748435497284,0.189372837543,1.34248399734,0.443611741066,0.341213136911,0.544532716274,-0.62471306324
0.748391389847,0.189587637782,1.34241080284,0.442438572645,0.341655224562,0.542913973331,-0.626709163189
0.748269915581,0.189453601837,1.34250843525,0.442113369703,0.341090500355,0.542307019234,-0.627770900726
0.748260498047,0.189187526703,1.34265220165,0.441406667233,0.34059253335,0.540864169598,-0.629779994488
0.748180150986,0.189102455974,1.34265375137,0.440661489964,0.340395212173,0.539194107056,-0.631837248802
0.748111188412,0.188995867968,1.342689991,0.440016806126,0.339855164289,0.537544131279,-0.63397949934
0.747929871082,0.1888474226,1.34271430969,0.440556913614,0.33878070116,0.536748290062,-0.634853303432
0.74794536829,0.188743427396,1.34279310703,0.439153045416,0.338675796986,0.533701658249,-0.63844025135
0.747891664505,0.18881495297,1.3427567482,0.439436256886,0.337443888187,0.531931459904,-0.640372097492
0.747834265232,0.188654482365,1.34279203415,0.438911229372,0.336874783039,0.529477417469,-0.643060028553
0.747866988182,0.188640058041,1.34283494949,0.43766772747,0.337248414755,0.524828851223,-0.647506952286
0.747769713402,0.188574269414,1.34283006191,0.437204986811,0.337083905935,0.521421611309,-0.650650382042
0.747614622116,0.188322335482,1.34293043613,0.436344653368,0.336699783802,0.518132388592,-0.654045403004
0.747350871563,0.188062369823,1.34301507473,0.436713784933,0.335034877062,0.517042994499,-0.655514657497
0.747255206108,0.188005357981,1.34312427044,0.435435146093,0.334484189749,0.513086915016,-0.659741342068
0.74710214138,0.187752455473,1.34311270714,0.434778064489,0.333859145641,0.509394884109,-0.663342416286
0.747014462948,0.187726333737,1.34303069115,0.433150112629,0.334248512983,0.504713237286,-0.667775034904
0.746879637241,0.18738219142,1.3430724144,0.432162314653,0.333815395832,0.500559568405,-0.671746373177
0.74651414156,0.187244102359,1.34301972389,0.431240856647,0.333359479904,0.496359348297,-0.675670266151
0.746341824532,0.187126040459,1.34297895432,0.430569291115,0.333027243614,0.49156537652,-0.679754793644
0.746038138866,0.186714053154,1.34315621853,0.43061158061,0.332848668098,0.489278018475,-0.681463599205
0.745751619339,0.186679691076,1.34312331676,0.42902225256,0.333332210779,0.483498811722,-0.686336994171
0.745376527309,0.186456680298,1.34320759773,0.427625983953,0.333183735609,0.478688389063,-0.690638959408
0.744934618473,0.186022922397,1.34329378605,0.427324861288,0.331820458174,0.474384337664,-0.694440901279
0.744572997093,0.185939759016,1.34334206581,0.425799131393,0.33162933588,0.468970537186,-0.69913071394
0.744291603565,0.185905903578,1.34330523014,0.424253672361,0.33188778162,0.462765723467,-0.704064965248
0.74387305975,0.185753762722,1.34336388111,0.422559946775,0.331875324249,0.457140147686,-0.708748757839
0.74315726757,0.185191512108,1.34345340729,0.422386229038,0.330252736807,0.452809005976,-0.71238130331
0.742756605148,0.184935286641,1.3435844183,0.420624136925,0.330092221498,0.446630865335,-0.717380940914
0.742322683334,0.185171887279,1.34357726574,0.41813954711,0.330955862999,0.439438611269,-0.722856223583
0.741877436638,0.184928119183,1.34367990494,0.41537502408,0.330053210258,0.434620261192,-0.727759361267
0.7411480546,0.184505969286,1.34380733967,0.414310485125,0.328907549381,0.429596960545,-0.731855928898
0.740531146526,0.18406380713,1.34389519691,0.410707354546,0.327613711357,0.421771943569,-0.738983929157
0.73998683691,0.183914959431,1.34392309189,0.407675385475,0.327658832073,0.414989292622,-0.744462549686
0.739325940609,0.183676660061,1.34411716461,0.40716201067,0.326915562153,0.408713757992,-0.748530805111
0.738599121571,0.183312550187,1.34419167042,0.405333906412,0.3261911273,0.402249753475,-0.753325402737
0.738017141819,0.183201029897,1.34425270557,0.403438717127,0.32803735137,0.39147824049,-0.759192764759
0.737205386162,0.182639271021,1.34439098835,0.402888685465,0.32716858387,0.384622424841,-0.763352513313
0.736518085003,0.182517528534,1.34445524216,0.399363994598,0.327859848738,0.376529663801,-0.768922507763
0.735498547554,0.181906685233,1.3445546627,0.39868581295,0.326971322298,0.369956791401,-0.77283346653
0.734740078449,0.181922748685,1.34460425377,0.396647959948,0.327131718397,0.362100124359,-0.7775208354
0.734031558037,0.181553155184,1.34463942051,0.392322540283,0.328141182661,0.353202521801,-0.783360898495
0.73304772377,0.181161820889,1.34460330009,0.390161335468,0.327919274569,0.34576651454,-0.787838041782
0.732066750526,0.18059784174,1.34464657307,0.388116210699,0.327424764633,0.338473141193,-0.792208969593
0.73081690073,0.179996967316,1.34466707706,0.38764411211,0.326706141233,0.331758379936,-0.795569956303
0.729836761951,0.179607048631,1.34485244751,0.38549003005,0.326830923557,0.323613315821,-0.799908399582
0.728811085224,0.179115816951,1.34478855133,0.38273242116,0.326718151569,0.316205829382,-0.804229438305
0.727775871754,0.178417399526,1.34497070312,0.381165236235,0.326451390982,0.308404058218,-0.808102428913
0.726743161678,0.177859157324,1.34496557713,0.378640025854,0.326519370079,0.300691097975,-0.812158703804
0.725639343262,0.177338242531,1.34506487846,0.376485496759,0.326558321714,0.293166816235,-0.815886974335
0.724480450153,0.176695778966,1.34510195255,0.37474244833,0.326261401176,0.285644084215,-0.819468796253
0.723510742188,0.176285803318,1.34528315067,0.372492134571,0.326388180256,0.277795493603,-0.823134303093
0.722627162933,0.175335139036,1.34539914131,0.367770045996,0.326867878437,0.269677937031,-0.827753901482
0.721534430981,0.174820587039,1.34555149078,0.365139454603,0.327169686556,0.261873960495,-0.831297338009
0.720332682133,0.17423312366,1.34573125839,0.362343192101,0.327341705561,0.254322648048,-0.834790289402
0.719183862209,0.173476502299,1.34585690498,0.359898984432,0.327476173639,0.247458174825,-0.837852358818
0.717976212502,0.172575637698,1.34605932236,0.357030779123,0.327397286892,0.240338206291,-0.841176331043
0.716823399067,0.171660512686,1.34616410732,0.354017168283,0.32713124156,0.233307003975,-0.844526410103
0.715045630932,0.170855477452,1.34643375874,0.356098145247,0.325827568769,0.229325518012,-0.845245718956
0.713887095451,0.170055538416,1.34678733349,0.353584825993,0.325937569141,0.22310565412,-0.847918868065
0.713093578815,0.168994739652,1.34685480595,0.347077637911,0.329159915447,0.21683344245,-0.850984156132
0.711905062199,0.167678818107,1.34718489647,0.344210922718,0.329056322575,0.21162648499,-0.853495776653
0.710718274117,0.166695073247,1.34745466709,0.340088099241,0.329738885164,0.205890342593,-0.856283605099
0.70925617218,0.165563076735,1.34780585766,0.338279873133,0.329962104559,0.201758518815,-0.857895851135
0.70816630125,0.164275199175,1.34802961349,0.334318369627,0.330345273018,0.196782514453,-0.860453307629
0.706883788109,0.162834018469,1.34837651253,0.331176400185,0.330713003874,0.193171769381,-0.862343251705
0.705586612225,0.162002429366,1.34867119789,0.329307556152,0.331469923258,0.18908880651,-0.86367225647
0.704551339149,0.160205364227,1.34922647476,0.324980944395,0.332400619984,0.185218200088,-0.865789532661
0.703462123871,0.158618152142,1.34948313236,0.32135912776,0.332920044661,0.182472646236,-0.867523133755
0.702265501022,0.157255023718,1.34990227222,0.319676160812,0.333580523729,0.179931759834,-0.868421435356
0.701145529747,0.15580919385,1.35030591488,0.31700989604,0.334404408932,0.177153542638,-0.869652271271
0.700784087181,0.154403582215,1.34923672676,0.316423147917,0.333237349987,0.17583784461,-0.870580494404
0.699709832668,0.152824252844,1.34946167469,0.314551919699,0.334050178528,0.173902347684,-0.871335566044
0.697671771049,0.150970458984,1.35124146938,0.312714785337,0.337258160114,0.174961104989,-0.870548725128
0.696665525436,0.149021282792,1.3515791893,0.311103582382,0.338594019413,0.174881115556,-0.870623588562
0.695618212223,0.147320210934,1.35198867321,0.309050470591,0.340630501509,0.175206363201,-0.870494902134
0.694571077824,0.145418673754,1.3523093462,0.305795580149,0.339946657419,0.173721194267,-0.872207701206
0.693668186665,0.143504247069,1.35264968872,0.304988265038,0.341310352087,0.174369722605,-0.871828317642
0.692409574986,0.141684249043,1.35281312466,0.306376546621,0.342602610588,0.177753090858,-0.870149850845
0.691860616207,0.139631211758,1.35329627991,0.304025352001,0.344834208488,0.178277820349,-0.869985640049
0.691003978252,0.137577340007,1.35356831551,0.303180456161,0.346454650164,0.179848834872,-0.869313061237
0.690301716328,0.135512068868,1.35394787788,0.302576899529,0.348763287067,0.182789266109,-0.867985904217
0.689665079117,0.133387193084,1.35427868366,0.301928788424,0.350805163383,0.184632137418,-0.866998195648
0.689073324203,0.131247743964,1.35458159447,0.30132779479,0.352786004543,0.186934202909,-0.865909516811
0.688515603542,0.129163116217,1.35501468182,0.301696330309,0.354616820812,0.190237775445,-0.86431235075
0.688917458057,0.127257227898,1.35369646549,0.302428096533,0.354010134935,0.191662311554,-0.863990545273
0.688642501831,0.124977320433,1.35463452339,0.302298635244,0.355859458447,0.194344446063,-0.862676084042
0.688117623329,0.122703038156,1.35467779636,0.301858484745,0.357681572437,0.19773735106,-0.861304402351
0.687572956085,0.120488852262,1.35467123985,0.301255047321,0.359088003635,0.199991449714,-0.860409557819
0.687482953072,0.118203625083,1.35533547401,0.301621049643,0.360905945301,0.202966570854,-0.858822643757
0.686427950859,0.115674354136,1.35708045959,0.300763785839,0.3644348979,0.206388384104,-0.856815159321
0.687179088593,0.113676354289,1.3564041853,0.302418828011,0.364205926657,0.209278911352,-0.855628013611
0.685992181301,0.111022830009,1.3577362299,0.301550120115,0.367992669344,0.213074162602,-0.853374779224
0.685929536819,0.108573980629,1.35808753967,0.301622718573,0.369695425034,0.217044994235,-0.851610600948
0.686230123043,0.106451235712,1.35676133633,0.301714211702,0.369852542877,0.220573574305,-0.850602805614
0.686245143414,0.104116328061,1.35713529587,0.302211672068,0.371223390102,0.224295198917,-0.848853945732
0.686291754246,0.101870179176,1.357817173,0.303471922874,0.372812956572,0.227860957384,-0.846755445004
0.686223566532,0.0995861440897,1.35829949379,0.304281920195,0.374345034361,0.231632620096,-0.844763100147
0.686260640621,0.0972817987204,1.35874629021,0.304752618074,0.375519305468,0.234738051891,-0.843213617802
0.686195015907,0.0950179174542,1.35886251926,0.303543150425,0.377111375332,0.237776368856,-0.842087268829
0.685670018196,0.0920544564724,1.36096072197,0.30351126194,0.38026702404,0.242980569601,-0.839189112186
0.685740232468,0.0897195488214,1.36142325401,0.303732395172,0.3817499578,0.248066291213,-0.836944997311
0.685670137405,0.0877792388201,1.36195802689,0.304619759321,0.383114784956,0.251531600952,-0.834962248802
0.685634434223,0.0855395719409,1.36228489876,0.306015878916,0.384099274874,0.256506800652,-0.832482099533
0.685986936092,0.0832849293947,1.36280548573,0.304833561182,0.385739982128,0.259940683842,-0.831090927124
0.686236858368,0.0806192979217,1.36316418648,0.304755717516,0.386971652508,0.264341920614,-0.829156398773
0.686342775822,0.0788996219635,1.36348843575,0.306531578302,0.387346386909,0.269010454416,-0.826821982861
0.686416149139,0.0765431076288,1.36395871639,0.306576907635,0.388557940722,0.274146109819,-0.824546635151
0.68687671423,0.0740215405822,1.36426389217,0.306501865387,0.389054775238,0.278156042099,-0.822995901108
0.686942696571,0.0723001658916,1.36449575424,0.30798599124,0.389287263155,0.282875239849,-0.820720255375
0.687386631966,0.0699348375201,1.36478149891,0.308518916368,0.389675378799,0.287340551615,-0.818782389164
0.687763869762,0.0677774101496,1.36509275436,0.308834284544,0.390347212553,0.291494220495,-0.816873073578
0.687979698181,0.0660719722509,1.36523854733,0.311363369226,0.390019655228,0.297153055668,-0.814025640488
0.688670694828,0.0637732818723,1.36544001102,0.310969829559,0.39064770937,0.300404191017,-0.81268042326
0.688927054405,0.0619011670351,1.36577641964,0.312077879906,0.391450405121,0.305527329445,-0.809955060482
0.689392149448,0.0597045719624,1.36582887173,0.313013613224,0.391426295042,0.310255438089,-0.807805418968
0.68985247612,0.0578123480082,1.3660171032,0.314801126719,0.391617238522,0.314946681261,-0.805198669434
0.690261721611,0.0556883886456,1.36607134342,0.315313696861,0.392168492079,0.319361448288,-0.80298781395
0.690900027752,0.0533631742001,1.36618793011,0.314309090376,0.392633676529,0.323657274246,-0.801432847977
0.691478610039,0.0513453185558,1.36642742157,0.315963417292,0.392795056105,0.328224569559,-0.79884159565
0.69174438715,0.0497751533985,1.3664791584,0.318133592606,0.393337786198,0.332519471645,-0.795931696892
0.692554235458,0.047536239028,1.36642098427,0.318149715662,0.393760979176,0.337063968182,-0.793801665306
0.693189442158,0.045515909791,1.36647939682,0.31880030036,0.393929958344,0.342155069113,-0.791274547577
0.693699657917,0.0437561869621,1.36647105217,0.320406198502,0.394238829613,0.345480978489,-0.78902387619
0.693958580494,0.0423331856728,1.36640274525,0.324582546949,0.393455535173,0.353466153145,-0.784156024456
0.694959402084,0.0401601493359,1.36648023129,0.322736918926,0.394589453936,0.356984227896,-0.782752990723
0.695552647114,0.0383367389441,1.3664624691,0.323969364166,0.394863843918,0.362082690001,-0.779757976532
0.696148097515,0.0365206822753,1.36642432213,0.32528424263,0.395078569651,0.366623520851,-0.776975154877
0.696861684322,0.0347750335932,1.3663777113,0.32682210207,0.394861966372,0.371755808592,-0.773995518684
0.697567999363,0.0332545042038,1.36635065079,0.328344523907,0.396040648222,0.375323235989,-0.771021604538
0.698101401329,0.0319406092167,1.36618506908,0.331137299538,0.39549472928,0.380789905787,-0.767418503761
0.698864102364,0.0300326421857,1.36633217335,0.331072539091,0.396454334259,0.386032015085,-0.764326035976
0.699508666992,0.0288621485233,1.36612892151,0.333893358707,0.395798772573,0.391508847475,-0.760644137859
0.700486063957,0.0270761176944,1.36621260643,0.334553927183,0.396114379168,0.396733105183,-0.75747603178
0.70121973753,0.025793813169,1.36612296104,0.337230235338,0.395378321409,0.401317626238,-0.75425195694
0.70207375288,0.0244868397713,1.36604046822,0.338718652725,0.394826978445,0.407395601273,-0.75060659647
0.702873826027,0.0230763703585,1.36615908146,0.339917182922,0.395213574171,0.41229224205,-0.747179806232
0.703814804554,0.0217559039593,1.36608946323,0.340800642967,0.39525526762,0.41748380661,-0.743865251541
0.704523980618,0.0208271443844,1.36603105068,0.343376994133,0.394485682249,0.422995090485,-0.739965200424
0.705424308777,0.0195046067238,1.36597931385,0.345031827688,0.3933121562,0.428611844778,-0.736580312252
0.706295192242,0.0182577297091,1.36580812931,0.34739035368,0.392196565866,0.433355003595,-0.733283936977
0.707150220871,0.0168132409453,1.36594891548,0.347964793444,0.391423255205,0.439028799534,-0.730042517185
0.708079278469,0.0157878100872,1.36578762531,0.350892066956,0.390721768141,0.442346394062,-0.727008402348
0.708975315094,0.0147516727448,1.36563456059,0.352256953716,0.38953846693,0.446611583233,-0.724370718002
0.710138976574,0.0140411108732,1.36542785168,0.352083384991,0.390256255865,0.449131727219,-0.722508192062
0.710906624794,0.0130150616169,1.36523497105,0.35096937418,0.389587938786,0.457350432873,-0.718242526054
0.71176981926,0.0123631805182,1.36497604847,0.352386176586,0.388313442469,0.463581055403,-0.714233398438
0.712572693825,0.0116144567728,1.36488056183,0.353747725487,0.387187629938,0.467332273722,-0.711722552776
0.713401079178,0.0107585042715,1.36472415924,0.3540584445,0.384860098362,0.473801553249,-0.708546042442
0.7142547369,0.00994898378849,1.36445784569,0.354717969894,0.383417159319,0.479248642921,-0.705327868462
0.714928805828,0.00922688096762,1.3643014431,0.354921072721,0.382368296385,0.484278976917,-0.702352762222
0.715626180172,0.00873024761677,1.36402475834,0.357825368643,0.380251139402,0.489138036966,-0.6986515522
0.71622300148,0.00804198533297,1.36378800869,0.357439309359,0.37920871377,0.495246946812,-0.695103168488
0.716932415962,0.00766305625439,1.36360943317,0.357996433973,0.378084003925,0.49971845746,-0.692222952843
0.717608630657,0.00718751549721,1.36346697807,0.358977109194,0.37697699666,0.503581821918,-0.689513683319
0.717999219894,0.00665573775768,1.36333072186,0.359410583973,0.375503927469,0.508802771568,-0.686251163483
0.718568563461,0.00628104805946,1.36328685284,0.359445184469,0.374488651752,0.513436377048,-0.683330476284
0.719127058983,0.00601416826248,1.3631529808,0.359442442656,0.373948216438,0.51826685667,-0.679972946644
0.719649851322,0.00572167336941,1.36320328712,0.35904660821,0.371463268995,0.525768816471,-0.67577201128
0.719988048077,0.00547304749489,1.36318016052,0.359164565802,0.370438098907,0.530644118786,-0.67245310545
0.720457792282,0.00549301505089,1.36314797401,0.359602868557,0.369429528713,0.534692406654,-0.669560730457
0.721013784409,0.00553944706917,1.36313652992,0.360097825527,0.368566602468,0.538786888123,-0.666480898857
0.721157670021,0.00539276003838,1.36316585541,0.360561907291,0.367778152227,0.543537318707,-0.662798285484
0.721600055695,0.00532791018486,1.36313784122,0.360622346401,0.367105126381,0.547222495079,-0.660100579262
0.721873283386,0.00557090342045,1.36296880245,0.361067593098,0.366084843874,0.551103532314,-0.657188653946
0.722270607948,0.0057400316,1.36279594898,0.360044211149,0.364892303944,0.556507706642,-0.653850853443
0.722879707813,0.00597827136517,1.3625793457,0.361448556185,0.363560825586,0.558985173702,-0.651700735092
0.723062217236,0.00608420372009,1.36241734028,0.359850347042,0.362346976995,0.564833343029,-0.648209452629
0.723053574562,0.00641433894634,1.3623239994,0.360834360123,0.362764537334,0.566521465778,-0.645951986313
0.723248720169,0.00695413351059,1.36212432384,0.359489053488,0.362161546946,0.571691811085,-0.642475903034
0.723678231239,0.00739270448685,1.36183404922,0.361097455025,0.361436545849,0.573778748512,-0.640117228031
0.723756313324,0.00783221423626,1.36162114143,0.361151188612,0.360955119133,0.577320635319,-0.637167453766
0.723853170872,0.0082915648818,1.36141204834,0.360971659422,0.360345721245,0.580840110779,-0.634409427643
0.723692238331,0.0088849812746,1.36147665977,0.360356539488,0.360379785299,0.584712386131,-0.631174325943
0.724075973034,0.00958798825741,1.36112344265,0.360756754875,0.359436988831,0.588010013103,-0.628413796425
0.724155783653,0.0102347433567,1.3609623909,0.360320568085,0.359013289213,0.591421365738,-0.625698983669
0.723778188229,0.010969184339,1.36083638668,0.359666436911,0.359000921249,0.595265567303,-0.622428536415
0.72389549017,0.0117984563112,1.36061048508,0.359401315451,0.358672648668,0.5984634161,-0.619698286057
0.723823308945,0.0126472488046,1.36049258709,0.359351783991,0.358356535435,0.60184019804,-0.616632282734
0.723804891109,0.0136300325394,1.36034584045,0.358849942684,0.358414024115,0.604840576649,-0.613949537277
0.723771393299,0.0146088302135,1.36019921303,0.358824282885,0.357968181372,0.60790681839,-0.611189961433
0.723847448826,0.015586912632,1.35999214649,0.357760429382,0.358013868332,0.61063683033,-0.609061717987
0.723845362663,0.0167568176985,1.35990858078,0.358311325312,0.357149839401,0.614008963108,-0.605846464634
0.723770201206,0.0178557783365,1.35984992981,0.358506828547,0.35663497448,0.616937994957,-0.603052020073
0.7240011096,0.0191642567515,1.3596701622,0.356523454189,0.357610970736,0.618700742722,-0.601842939854
0.7238920331,0.0203542113304,1.35971915722,0.356689274311,0.356302112341,0.622370958328,-0.598728656769
0.723767697811,0.0214770063758,1.35967862606,0.357089608908,0.355132013559,0.625535428524,-0.595880687237
0.723798453808,0.0228669196367,1.35958683491,0.356580495834,0.355020731688,0.628006517887,-0.593648374081
0.724182903767,0.0243626087904,1.35951781273,0.356743991375,0.354475468397,0.630557954311,-0.591166377068
0.723966777325,0.025697492063,1.35974347591,0.356385320425,0.354249596596,0.632895648479,-0.589016199112
0.724275588989,0.0271267294884,1.35976397991,0.357122659683,0.352806210518,0.63551056385,-0.586615204811
0.724586904049,0.028745315969,1.35973036289,0.356268823147,0.353270411491,0.63699388504,-0.585244715214
0.724750339985,0.0302274078131,1.35979795456,0.355871111155,0.352493405342,0.639231026173,-0.583513379097
0.724624872208,0.0318012610078,1.36012434959,0.355450093746,0.352796077728,0.640960931778,-0.581686615944
0.725160062313,0.033308789134,1.36009442806,0.35482019186,0.352682560682,0.641982316971,-0.581013262272
0.724896490574,0.0348244309425,1.36014103889,0.354581445456,0.351640492678,0.644646406174,-0.578837037086
0.725115358829,0.036345615983,1.36020565033,0.35401186347,0.351265817881,0.645910859108,-0.578002750874
0.725226759911,0.0381289795041,1.36016786098,0.353847980499,0.350551724434,0.647511124611,-0.576744794846
0.725336372852,0.0398513227701,1.36011075974,0.353275597095,0.350314378738,0.648577272892,-0.576041460037
0.725502848625,0.0415868982673,1.35999572277,0.352863729,0.349722355604,0.649698734283,-0.575389623642
0.725676834583,0.0433206409216,1.35986244678,0.35235530138,0.349271863699,0.65075314045,-0.574782967567
0.725696861744,0.0449552461505,1.35979294777,0.351534962654,0.34881913662,0.651597559452,-0.574603140354
0.725831329823,0.0468849092722,1.35950028896,0.350769132376,0.348209053278,0.652172386646,-0.574789226055
0.725948512554,0.0486599355936,1.35943460464,0.34981572628,0.349401295185,0.651848614216,-0.575013875961
0.72570848465,0.0504398345947,1.35913205147,0.347238332033,0.346686810255,0.656524121761,-0.572896003723
0.725790798664,0.0524939969182,1.35885953903,0.345833748579,0.345988631248,0.657449364662,-0.573106706142
0.725987136364,0.0544157028198,1.35869050026,0.344424366951,0.34760388732,0.656763732433,-0.573764026165
0.725965082645,0.0563085824251,1.35847997665,0.345108777285,0.345722854137,0.65748924017,-0.573658287525
0.726143717766,0.0584949702024,1.35823333263,0.34457847476,0.346520274878,0.65747654438,-0.573510408401
0.726028382778,0.0604177340865,1.35801076889,0.343348324299,0.349818646908,0.657175481319,-0.572590172291
0.726421654224,0.0625157952309,1.35772800446,0.345697253942,0.345965534449,0.654986321926,-0.57601583004
0.72641569376,0.0645181387663,1.35748708248,0.345610946417,0.345353275537,0.654596269131,-0.576877832413
0.726696431637,0.066882789135,1.35728096962,0.3447265625,0.345941156149,0.652450561523,-0.579479694366
0.726542830467,0.069014839828,1.356741786,0.344707638025,0.345222085714,0.652451574802,-0.579918503761
0.726555585861,0.0711107701063,1.3562874794,0.344856292009,0.345067620277,0.652536511421,-0.579826414585
0.726757407188,0.0732620432973,1.35590791702,0.344741970301,0.345254659653,0.651007711887,-0.581499278545
0.726757586002,0.075361199677,1.35546576977,0.344456166029,0.345370709896,0.650216758251,-0.582483887672
0.727043271065,0.0773260593414,1.35505867004,0.343935132027,0.345363199711,0.647673487663,-0.58562117815
0.727256000042,0.0794322267175,1.35463738441,0.343686014414,0.346269905567,0.645783185959,-0.587317109108
0.727269053459,0.0816009640694,1.35410356522,0.344416081905,0.345380961895,0.64510011673,-0.588162839413
0.727559387684,0.083900526166,1.35355603695,0.344227403402,0.346155375242,0.642458260059,-0.590704262257
0.7276648283,0.085952706635,1.35306119919,0.345865368843,0.345762431622,0.63996309042,-0.592682898045
0.72813475132,0.0878728479147,1.35232901573,0.343954771757,0.345155924559,0.640233755112,-0.593854486942
0.727957963943,0.0901567786932,1.35180866718,0.34440022707,0.345679908991,0.638721942902,-0.594918489456
0.72796523571,0.0922248512506,1.35128283501,0.344798475504,0.345948040485,0.637157261372,-0.596208512783
0.728329062462,0.0939706116915,1.35077190399,0.344938457012,0.346046179533,0.635141670704,-0.598217844963
0.728353261948,0.0963964760303,1.35003256798,0.345673710108,0.346495956182,0.633473038673,-0.59930151701
0.728846490383,0.0984021574259,1.34922933578,0.346078008413,0.346745461226,0.631230652332,-0.601286590099
0.728557229042,0.100307092071,1.34884297848,0.347371548414,0.346332371235,0.630339801311,-0.601713120937
0.729022204876,0.102386429906,1.34804415703,0.347343146801,0.347270071507,0.627693414688,-0.603951394558
0.729188024998,0.104339852929,1.34749078751,0.3478974998,0.347798407078,0.625459551811,-0.605643391609
0.729148089886,0.106301151216,1.34690439701,0.350258916616,0.346678614616,0.624136507511,-0.606288969517
0.729299426079,0.108451753855,1.34630274773,0.349958568811,0.348384410143,0.62148720026,-0.608203172684
0.72911387682,0.110435947776,1.34582054615,0.351072877645,0.348150402308,0.620229363441,-0.608978390694
0.729084789753,0.112464562058,1.34519052505,0.351664721966,0.348729521036,0.618604302406,-0.609957814217
0.729261100292,0.114480048418,1.34465157986,0.351636976004,0.349919199944,0.616312980652,-0.611609697342
0.729273498058,0.116284295917,1.34414589405,0.352232515812,0.350232183933,0.614771604538,-0.612638175488
0.728936553001,0.118476063013,1.34346318245,0.353046625853,0.350668132305,0.613628745079,-0.613065898418
0.728864848614,0.120413929224,1.34290838242,0.353553950787,0.351063638926,0.612104415894,-0.614070057869
0.728836417198,0.122268207371,1.34237384796,0.354420661926,0.35126170516,0.61064851284,-0.614906311035
0.728691637516,0.124296702445,1.3417634964,0.354508817196,0.352294355631,0.608851075172,-0.616046071053
0.728559851646,0.126067340374,1.34122240543,0.355197191238,0.35244935751,0.607487082481,-0.616906821728
0.728364467621,0.127877891064,1.34076738358,0.355111390352,0.353646844625,0.605824232101,-0.617905259132
0.728279650211,0.129627048969,1.34019756317,0.356017976999,0.353439986706,0.604407131672,-0.618888795376
0.728115856647,0.131735622883,1.33962786198,0.356859713793,0.354394167662,0.602432727814,-0.619782745838
0.727999091148,0.133220344782,1.33922243118,0.357222735882,0.354586154222,0.600734055042,-0.621111452579
0.727916359901,0.135123163462,1.33857488632,0.358493119478,0.35495492816,0.598706662655,-0.62212574482
0.727851629257,0.13689994812,1.33808624744,0.35825124383,0.356197237968,0.596686720848,-0.62349396944
0.727663397789,0.138945758343,1.33750903606,0.359750211239,0.355728000402,0.595675885677,-0.623865187168
0.727722346783,0.140766754746,1.3370449543,0.35931661725,0.357321768999,0.593372583389,-0.625397324562
0.727182328701,0.142099782825,1.33661687374,0.35912963748,0.356800019741,0.593335866928,-0.625837445259
0.727113306522,0.144138932228,1.33605027199,0.358890086412,0.359001845121,0.590346634388,-0.627540051937
0.726698577404,0.145157918334,1.33573234081,0.358654618263,0.357637017965,0.593177318573,-0.625782251358
0.726528525352,0.147575616837,1.33513748646,0.359206289053,0.359874814749,0.587716162205,-0.629325687885
0.726143658161,0.148561522365,1.3349070549,0.35991948843,0.35852766037,0.587428510189,-0.629955410957
0.725795447826,0.150102883577,1.33443880081,0.359226822853,0.359282255173,0.585982739925,-0.631265878677
0.725558876991,0.151677370071,1.33410561085,0.35931634903,0.35991114378,0.584300339222,-0.632415175438
0.725315868855,0.153323337436,1.33384132385,0.359209179878,0.360506117344,0.582752108574,-0.633564710617
0.724920988083,0.154608741403,1.33342254162,0.358638644218,0.359817862511,0.585468649864,-0.631772100925
0.724544942379,0.156254932284,1.33303201199,0.359226822853,0.360739678144,0.580698668957,-0.635304868221
0.724138319492,0.157645404339,1.332726717,0.358543306589,0.361473679543,0.57957136631,-0.636302232742
0.723738789558,0.158973008394,1.33241319656,0.357557892799,0.362698823214,0.578300774097,-0.637314915657
0.723246514797,0.160482749343,1.33203065395,0.357240200043,0.362728744745,0.577893912792,-0.637844800949
0.722916781902,0.16147005558,1.33172607422,0.356582701206,0.363055706024,0.577039301395,-0.638799548149
0.722431540489,0.162730291486,1.3315205574,0.356851935387,0.36333823204,0.575569927692,-0.639813601971
0.722114562988,0.164210990071,1.33123373985,0.356703966856,0.364200651646,0.574237704277,-0.64060240984
0.721630513668,0.165804833174,1.33083307743,0.356319189072,0.364887237549,0.573672175407,-0.640932381153
0.721309602261,0.167253524065,1.33061254025,0.357051163912,0.365732312202,0.572228014469,-0.641334235668
0.720754563808,0.168345496058,1.33034992218,0.355812460184,0.36683562398,0.571736335754,-0.641830682755
0.720435976982,0.16975030303,1.32999718189,0.356167256832,0.367475122213,0.570863723755,-0.642044723034
0.719825804234,0.170667380095,1.32982802391,0.355966389179,0.368269383907,0.570460498333,-0.642059624195
0.719365119934,0.17238907516,1.32936012745,0.357313364744,0.368608593941,0.570270419121,-0.641284942627
0.718857049942,0.173699706793,1.32905769348,0.35768443346,0.369748294353,0.569809317589,-0.640831768513
0.71850258112,0.174656093121,1.32881355286,0.357633441687,0.371476441622,0.56894159317,-0.640631854534
0.717989504337,0.175987198949,1.32860338688,0.357555001974,0.373210459948,0.567911207676,-0.640582084656
0.717575967312,0.177191242576,1.32825744152,0.358699053526,0.373180568218,0.56730902195,-0.640493512154
0.717015564442,0.178326576948,1.32784223557,0.35875672102,0.373930245638,0.567483305931,-0.639869332314
0.716711759567,0.179520010948,1.32753825188,0.360256522894,0.375069588423,0.566181778908,-0.63951253891
0.716087758541,0.180686280131,1.32721912861,0.360854327679,0.376810103655,0.56592643261,-0.638377428055
0.715654850006,0.181532993913,1.32687437534,0.361650645733,0.377406150103,0.565773963928,-0.637709438801
0.715309858322,0.182864278555,1.32644057274,0.36143168807,0.379368782043,0.564110636711,-0.63814252615
0.714798092842,0.183890372515,1.32609176636,0.361100912094,0.380844444036,0.564149796963,-0.637415647507
0.714195013046,0.185070380569,1.32562530041,0.361947149038,0.381430417299,0.564017653465,-0.63670194149
0.713719189167,0.18599575758,1.3253082037,0.363557845354,0.38213378191,0.563171744347,-0.636110842228
0.713313937187,0.18699900806,1.32486927509,0.363634258509,0.383993178606,0.56270647049,-0.635358929634
0.712804377079,0.188074797392,1.3245306015,0.365340411663,0.384869873524,0.562269628048,-0.634235501289
0.712431967258,0.189177721739,1.3242149353,0.365978688002,0.386097788811,0.561349987984,-0.633935570717
0.711983442307,0.190255984664,1.32385110855,0.364937990904,0.386693120003,0.561307370663,-0.634210407734
0.711597800255,0.190884768963,1.32351636887,0.365066856146,0.387454211712,0.560951530933,-0.633986473083
0.71108007431,0.191708296537,1.32316720486,0.366536617279,0.389176726341,0.559188365936,-0.633640885353
0.710734069347,0.192921876907,1.32275748253,0.366008847952,0.390226393938,0.558743476868,-0.633692800999
0.71027803421,0.193866237998,1.32237505913,0.36788097024,0.391102105379,0.558786392212,-0.632028877735
0.709731042385,0.194551050663,1.32206714153,0.366731077433,0.390811949968,0.559788405895,-0.631989896297
0.709354877472,0.195359498262,1.32175445557,0.366597473621,0.391758441925,0.55929929018,-0.631914556026
0.708953201771,0.196470201015,1.32146334648,0.367766022682,0.392476081848,0.557727575302,-0.632179260254
0.708686888218,0.197135314345,1.32118690014,0.368506789207,0.392609596252,0.557621717453,-0.631758391857
0.708361029625,0.198057517409,1.32097244263,0.368189513683,0.394138991833,0.556600868702,-0.63189125061
0.707896709442,0.198812112212,1.32068455219,0.368220150471,0.394747138023,0.556412935257,-0.631659269333
0.707649290562,0.199683368206,1.32045483589,0.368002563715,0.395812064409,0.555376529694,-0.632031679153
0.707183420658,0.200220227242,1.32022404671,0.368457049131,0.395887732506,0.555277526379,-0.631806313992
0.706812024117,0.20090726018,1.32005572319,0.368399232626,0.39663824439,0.554771244526,-0.631814062595
0.706439614296,0.201712340117,1.31970357895,0.368815243244,0.397056758404,0.554570794106,-0.631484508514
0.705926179886,0.202475339174,1.31951403618,0.368958085775,0.397754579782,0.554166615009,-0.631316661835
0.705440104008,0.203124463558,1.3191716671,0.369133770466,0.397573798895,0.554276585579,-0.631231307983
0.704992294312,0.203662097454,1.31895518303,0.36966252327,0.398243069649,0.554098188877,-0.630656242371
0.704687595367,0.204722225666,1.31879544258,0.369934529066,0.39937248826,0.553291738033,-0.630490601063
0.70427852869,0.205211549997,1.31855082512,0.369601517916,0.39998587966,0.552772462368,-0.630752563477
0.70386493206,0.205524414778,1.31835854053,0.369203478098,0.400198072195,0.552688717842,-0.630924403667
0.703597128391,0.206158518791,1.31804645061,0.368989348412,0.401936948299,0.551932454109,-0.630606114864
0.703140437603,0.206666648388,1.31771564484,0.37036716938,0.401348769665,0.553014755249,-0.629223287106
0.702754557133,0.207560241222,1.31743812561,0.370443016291,0.402580291033,0.552504956722,-0.628839969635
0.702535569668,0.208057224751,1.31720638275,0.370327860117,0.403376996517,0.552100658417,-0.628752052784
0.70235490799,0.208441227674,1.31707894802,0.37032777071,0.404029965401,0.551765084267,-0.628627479076
0.702008247375,0.208849579096,1.31685066223,0.370380699635,0.404555648565,0.551932811737,-0.628110647202
0.701614677906,0.209335893393,1.31663036346,0.370829671621,0.404800057411,0.55240637064,-0.627271413803
0.701388597488,0.210221678019,1.31632399559,0.371902227402,0.404765695333,0.552713036537,-0.626387834549
0.70123231411,0.210930049419,1.31611275673,0.372092932463,0.405681103468,0.552311718464,-0.626036524773
0.701124429703,0.210949793458,1.31593108177,0.37237200141,0.405108600855,0.552777469158,-0.625830054283
0.700887084007,0.211377233267,1.31587195396,0.372761517763,0.405298829079,0.552667558193,-0.625571966171
0.700743734837,0.21153396368,1.31580984592,0.373312354088,0.404743999243,0.553028821945,-0.625283420086
0.700618743896,0.211934074759,1.3157337904,0.373894542456,0.404480606318,0.55315220356,-0.624996840954
0.700727462769,0.212486818433,1.31565499306,0.373485893011,0.405289083719,0.552149951458,-0.625603318214
0.700611710548,0.213296800852,1.31546711922,0.374106019735,0.40530115366,0.551834702492,-0.625503182411
0.700513422489,0.213504344225,1.3155002594,0.374516248703,0.40465337038,0.551746964455,-0.62575429678
0.700496077538,0.213817283511,1.31549799442,0.374709576368,0.404247969389,0.551355242729,-0.626245737076
0.700381278992,0.214005053043,1.31538629532,0.375469475985,0.403208673,0.551615655422,-0.626231491566
0.700350880623,0.214241802692,1.3154143095,0.375445693731,0.403055936098,0.551232874393,-0.626680850983
0.700233280659,0.214508473873,1.31554150581,0.375634759665,0.402804017067,0.550827741623,-0.627085626125
0.700351119041,0.214687228203,1.31562900543,0.375705212355,0.403298407793,0.549321651459,-0.628045976162
0.700480937958,0.21486055851,1.31573486328,0.375728785992,0.403095752001,0.548379123211,-0.62898516655
0.700499415398,0.215115979314,1.31578111649,0.376239180565,0.402755141258,0.547811329365,-0.629392683506
0.700439214706,0.215614795685,1.31569612026,0.377248138189,0.401869893074,0.547929763794,-0.629251360893
0.700567007065,0.21555903554,1.31577062607,0.377368748188,0.401143223047,0.547566890717,-0.629958510399
0.700603663921,0.215763136744,1.3158800602,0.377813994884,0.400776147842,0.547223269939,-0.630223572254
0.700574338436,0.21597135067,1.31588745117,0.378621786833,0.400094211102,0.547205686569,-0.630187571049
0.700688302517,0.215856999159,1.31600689888,0.378591895103,0.39946180582,0.546903073788,-0.630868911743
0.700700581074,0.216199874878,1.31597781181,0.378149718046,0.398726344109,0.547483623028,-0.631095707417
0.700753748417,0.216515764594,1.31592321396,0.379479080439,0.398139804602,0.545171201229,-0.632667958736
0.70085054636,0.216678410769,1.31595647335,0.379071414471,0.397309929132,0.545221745968,-0.633390128613
0.700908064842,0.216752499342,1.31600224972,0.379552215338,0.397332727909,0.545655727386,-0.632713854313
0.701038300991,0.216814517975,1.31606280804,0.379905998707,0.396886855364,0.545077323914,-0.633279621601
0.701227962971,0.217003136873,1.31619369984,0.380226910114,0.396555572748,0.543758928776,-0.634426891804
0.701308906078,0.217029780149,1.31621718407,0.380471885204,0.396221607924,0.543051242828,-0.63509452343
0.701395213604,0.217044889927,1.31622672081,0.380420982838,0.39578807354,0.542602181435,-0.635778665543
0.701470971107,0.217040106654,1.3162343502,0.380742430687,0.395582705736,0.542327702045,-0.635948300362
0.701657831669,0.217018693686,1.31615328789,0.381002426147,0.395123839378,0.541604757309,-0.636693537235
0.70174998045,0.21681894362,1.31620597839,0.381651878357,0.395538121462,0.539860725403,-0.637527942657
0.701893985271,0.216955244541,1.31610798836,0.382457047701,0.394889891148,0.539515912533,-0.637739181519
0.701947152615,0.216396614909,1.31611788273,0.381724059582,0.394810378551,0.538927435875,-0.638724386692
0.702029883862,0.216252267361,1.31613183022,0.381124436855,0.39402115345,0.539535880089,-0.63905608654
0.702125191689,0.216138392687,1.31612455845,0.381417155266,0.393660515547,0.539227247238,-0.63936394453
0.702352046967,0.216335132718,1.31606662273,0.382452011108,0.393163233995,0.538730919361,-0.639470219612
0.702450335026,0.216136574745,1.31613230705,0.382332444191,0.393275201321,0.538069367409,-0.640029728413
0.702616512775,0.216153860092,1.31613886356,0.382715076208,0.393143981695,0.53757160902,-0.640299856663
0.702809691429,0.216057315469,1.31617414951,0.382395714521,0.393572926521,0.536656975746,-0.640993952751
0.702942728996,0.216002315283,1.31614267826,0.383378207684,0.392729878426,0.536789536476,-0.640813171864
0.703189849854,0.215928196907,1.31611454487,0.383820623159,0.392417281866,0.536501705647,-0.640980899334
0.703328192234,0.216146022081,1.3161290884,0.384934127331,0.391932606697,0.536544322968,-0.640573740005
0.703533947468,0.215982988477,1.31624412537,0.385525375605,0.391350716352,0.536525070667,-0.640590131283
0.703826010227,0.215966999531,1.31632137299,0.385923236609,0.391251862049,0.536040663719,-0.640816390514
0.704045891762,0.215920582414,1.31642186642,0.386663764715,0.390551626682,0.536080539227,-0.640763759613
0.704361498356,0.215788245201,1.31656956673,0.386973112822,0.390101730824,0.535876393318,-0.64102178812
0.704662442207,0.215294897556,1.31681251526,0.386563807726,0.389705866575,0.535675883293,-0.641676962376
0.704895675182,0.215192094445,1.31694817543,0.38677585125,0.38934469223,0.535597264767,-0.641834020615
0.705207645893,0.215212374926,1.31705522537,0.387168973684,0.388883560896,0.535494625568,-0.641962051392
0.70545476675,0.214888080955,1.3172672987,0.387317061424,0.38815009594,0.535661518574,-0.642177343369
0.705758631229,0.214936643839,1.31747722626,0.387358486652,0.388007760048,0.535335063934,-0.642510592937
0.705987930298,0.214412301779,1.31778609753,0.387630283833,0.386753499508,0.536128401756,-0.64244145155
0.706180751324,0.214536443353,1.31784152985,0.388177514076,0.385900199413,0.536584615707,-0.642243206501
0.706438839436,0.214181736112,1.31827878952,0.387091040611,0.386252403259,0.536161184311,-0.643040180206
0.706602334976,0.213995933533,1.31865847111,0.387262582779,0.385420620441,0.536863267422,-0.642850458622
0.706673145294,0.213604539633,1.31918895245,0.387176573277,0.3849568367,0.537680268288,-0.642497122288
0.706945300102,0.213646844029,1.3196157217,0.387315750122,0.384878993034,0.538212776184,-0.642013788223
0.707034528255,0.21342587471,1.32023382187,0.387410253286,0.384295374155,0.539396047592,-0.64131295681
0.706856250763,0.213035538793,1.3209092617,0.387590974569,0.383594214916,0.540744662285,-0.640487372875
0.706971228123,0.212896317244,1.32154679298,0.387774646282,0.383284121752,0.541175067425,-0.640198290348
0.70683580637,0.212732225657,1.32229936123,0.38948237896,0.383266717196,0.543124496937,-0.637515425682
0.706884682178,0.212322086096,1.32299506664,0.389653891325,0.382652044296,0.545049905777,-0.636135220528
0.706864476204,0.212115123868,1.32384443283,0.389368772507,0.38169798255,0.546727240086,-0.635443150997
0.706900894642,0.211887970567,1.32459974289,0.391524463892,0.381831854582,0.548755705357,-0.632281839848
0.706979811192,0.21196809411,1.32539582253,0.391841590405,0.381849229336,0.548675537109,-0.632144510746
0.707019150257,0.211409345269,1.3262321949,0.391355335712,0.380679756403,0.553001701832,-0.629375219345
0.707047283649,0.211038336158,1.32708275318,0.392480492592,0.380960524082,0.552069664001,-0.629322946072
0.707155644894,0.210431933403,1.32784152031,0.393052458763,0.380437046289,0.55393499136,-0.627641320229
0.707234084606,0.209906548262,1.32858586311,0.393927663565,0.380178421736,0.555581212044,-0.625791609287
0.70737683773,0.209625557065,1.32932090759,0.394857853651,0.380047976971,0.557004630566,-0.624016582966
0.707454741001,0.209114640951,1.33003997803,0.395876258612,0.379975497723,0.558798670769,-0.621807813644
0.707577526569,0.208879351616,1.33064460754,0.396126568317,0.379611223936,0.564465343952,-0.616731822491
0.707704007626,0.208607792854,1.331138134,0.397210121155,0.379844397306,0.566112995148,-0.614376604557
0.707960247993,0.207882404327,1.3318759203,0.397270590067,0.380390197039,0.567167878151,-0.613025486469
0.708098232746,0.207508265972,1.33231306076,0.398846775293,0.381176769733,0.564326763153,-0.614134252071
0.70823931694,0.206981107593,1.33273935318,0.399467945099,0.380030244589,0.568285346031,-0.610781610012
0.708519101143,0.206180423498,1.33327114582,0.401183068752,0.38037776947,0.568046152592,-0.609662652016
0.708633065224,0.205822736025,1.33367562294,0.402580529451,0.380008101463,0.569752335548,-0.607375621796
0.709000229836,0.205030962825,1.3340959549,0.403124153614,0.380130767822,0.570969283581,-0.6057934165
0.709278643131,0.204480350018,1.33445382118,0.404468208551,0.379942089319,0.572746217251,-0.60333353281
0.709551513195,0.204093962908,1.33468604088,0.405254989862,0.380081504583,0.573801636696,-0.601712763309
0.709915995598,0.203527331352,1.33494901657,0.406309306622,0.380239188671,0.574735879898,-0.600008189678
0.710289180279,0.202833712101,1.33536076546,0.405492782593,0.380382746458,0.580558121204,-0.594842016697
0.710560619831,0.201747834682,1.33563935757,0.406489372253,0.379631370306,0.580391585827,-0.594804227352
0.710990548134,0.201140835881,1.33584284782,0.408342987299,0.380135148764,0.577718615532,-0.595814287663
0.71129244566,0.200564220548,1.33602249622,0.408731848001,0.379193007946,0.584259986877,-0.589738547802
0.711687088013,0.199932619929,1.33620285988,0.410709947348,0.379517793655,0.580009818077,-0.592344760895
0.712003290653,0.199449583888,1.33640658855,0.412027984858,0.37978836894,0.580646753311,-0.590629577637
0.712243318558,0.198871418834,1.33679592609,0.413065522909,0.379933804274,0.581502020359,-0.588967442513
0.712642490864,0.198102235794,1.33702194691,0.413803070784,0.380438715219,0.582162439823,-0.587469577789
0.713031053543,0.197233229876,1.33727228642,0.414759039879,0.38040548563,0.582794368267,-0.586188673973
0.713489830494,0.196743607521,1.33742201328,0.415905267,0.381066381931,0.583186209202,-0.584555566311
0.713840425014,0.196417063475,1.33756172657,0.418041735888,0.382006019354,0.585304796696,-0.580285251141
0.714260518551,0.195840984583,1.33774197102,0.419367551804,0.382155120373,0.585755944252,-0.578773200512
0.7148244977,0.195145279169,1.33801245689,0.419887125492,0.382975250483,0.585617184639,-0.577994287014
0.715221583843,0.195142373443,1.33792746067,0.42103356123,0.381487727165,0.587988138199,-0.575732588768
0.715651154518,0.194429188967,1.33813035488,0.422700434923,0.382271558046,0.58500379324,-0.577029943466
0.716189742088,0.194136232138,1.33817148209,0.424681961536,0.383429050446,0.585815250874,-0.573975801468
0.716664135456,0.193566560745,1.33828735352,0.425533771515,0.383961856365,0.585238933563,-0.573576569557
0.716664135456,0.193566560745,1.33828735352,0.425533771515,0.383961856365,0.585238933563,-0.573576569557
0.717779159546,0.192596703768,1.33823883533,0.427749723196,0.383957445621,0.583096325397,-0.574112832546
0.718496203423,0.191883012652,1.33816730976,0.427529036999,0.383937209845,0.579284667969,-0.578135550022
0.719293236732,0.191796168685,1.33784031868,0.42883476615,0.383879035711,0.577348589897,-0.579142808914
0.720394790173,0.191224455833,1.33763933182,0.429436296225,0.384189069271,0.575957775116,-0.57987600565
0.720869839191,0.190291494131,1.33750975132,0.431287676096,0.381643533707,0.57523059845,-0.580903589725
0.721791863441,0.190049022436,1.337200284,0.431208431721,0.382021963596,0.572522222996,-0.583383977413
0.722724854946,0.189970821142,1.33707225323,0.432055979967,0.38195168972,0.569501161575,-0.585755169392
0.72349190712,0.189448684454,1.33692848682,0.432235956192,0.381480664015,0.567232251167,-0.588126003742
0.724032700062,0.188894987106,1.33685064316,0.433067172766,0.379958122969,0.565958142281,-0.58972543478
0.724736750126,0.188490197062,1.33684194088,0.433604806662,0.378963440657,0.564231097698,-0.591622292995
0.725438058376,0.188338190317,1.33686947823,0.433732539415,0.378516584635,0.562180876732,-0.593762636185
0.725898444653,0.18759521842,1.33695006371,0.434150844812,0.376766204834,0.56179356575,-0.594935536385
0.726191997528,0.187035992742,1.33692443371,0.434874176979,0.374939084053,0.56185734272,-0.59550100565
0.72685354948,0.187338888645,1.33678627014,0.434618115425,0.375741571188,0.559892654419,-0.597030699253
0.727260351181,0.187031686306,1.33682525158,0.434873074293,0.37498152256,0.559533953667,-0.597658753395
0.7278470397,0.18691906333,1.33680605888,0.435412555933,0.374371767044,0.559091746807,-0.598062217236
0.727801263332,0.186304420233,1.33700799942,0.436057835817,0.372842043638,0.560270726681,-0.597443938255
0.728349268436,0.185986146331,1.33690404892,0.436590254307,0.371879845858,0.559131860733,-0.598720312119
0.728807330132,0.185899198055,1.33677828312,0.437466770411,0.370875477791,0.559273123741,-0.598571479321
0.729211747646,0.185499563813,1.33676242828,0.437507361174,0.37013605237,0.559195041656,-0.599072217941
0.729726076126,0.185517340899,1.33663678169,0.438332378864,0.370378106833,0.557751297951,-0.599665224552
0.730170249939,0.185019955039,1.33662068844,0.437253952026,0.370646238327,0.556984007359,-0.600998520851
0.730498671532,0.184789523482,1.33651483059,0.437585532665,0.369982540607,0.556884944439,-0.601258039474
0.730907618999,0.18472969532,1.33643913269,0.43704649806,0.369139671326,0.559615910053,-0.59963029623
0.731020569801,0.18442606926,1.33639168739,0.438212007284,0.366997510195,0.560850739479,-0.598940432072
0.731247544289,0.184251755476,1.33633232117,0.438150793314,0.366131961346,0.560982823372,-0.599391102791
0.731435835361,0.184216931462,1.33628177643,0.438190579414,0.365282326937,0.560760498047,-0.600087940693
0.731963515282,0.184220284224,1.33622336388,0.437493056059,0.365832000971,0.559130012989,-0.601781010628
0.732681334019,0.184100046754,1.33618104458,0.437104076147,0.364807456732,0.55811393261,-0.603626132011
0.732919633389,0.18398861587,1.33616578579,0.436603188515,0.363678514957,0.557645142078,-0.60510134697
0.73306953907,0.183667004108,1.33626139164,0.437068760395,0.361777424812,0.557557821274,-0.60598474741
0.73363494873,0.183911442757,1.336165905,0.436137765646,0.360484033823,0.555960059166,-0.608887135983
0.733547389507,0.183754041791,1.33620321751,0.434261471033,0.359386056662,0.554743409157,-0.611979007721
0.733821868896,0.1836335361,1.33611774445,0.433140605688,0.358231753111,0.552927732468,-0.615085542202
0.734169542789,0.182911366224,1.33641886711,0.43426451087,0.355083912611,0.550683796406,-0.618123948574
0.73439759016,0.182824924588,1.33628427982,0.429832935333,0.35360044241,0.550168991089,-0.622514724731
0.73463344574,0.182679414749,1.33629226685,0.4288867414,0.353849828243,0.54578602314,-0.626868546009
0.73451513052,0.182453036308,1.33602511883,0.426085352898,0.352361559868,0.543140590191,-0.63189458847
0.733957231045,0.182018369436,1.33563220501,0.424054861069,0.350439846516,0.542528510094,-0.634848237038
0.734636843204,0.182124316692,1.33599567413,0.422650486231,0.349624574184,0.539588630199,-0.63872808218
0.734358370304,0.181649833918,1.33593845367,0.420070677996,0.346537828445,0.539797961712,-0.64192700386
0.733885645866,0.181688949466,1.33553779125,0.417765110731,0.346485108137,0.53796684742,-0.64499014616
0.733758270741,0.181902065873,1.33523309231,0.415902048349,0.347048163414,0.538214087486,-0.645684838295
0.73349750042,0.181786358356,1.33501029015,0.414551854134,0.346916556358,0.535447776318,-0.648915588856
0.733280897141,0.18169593811,1.33475255966,0.412524580956,0.347418397665,0.533444106579,-0.651583790779
0.732890844345,0.181298851967,1.3345811367,0.411913245916,0.346263736486,0.532851755619,-0.653068184853
0.732731699944,0.181376770139,1.33417499065,0.409898847342,0.347242504358,0.530597507954,-0.655646204948
0.732356548309,0.181062340736,1.33378434181,0.40979167819,0.346312135458,0.530139744282,-0.656574785709
0.732028841972,0.180891573429,1.33338069916,0.409336417913,0.346104741096,0.529397666454,-0.65756636858
0.731622040272,0.180615931749,1.33295655251,0.408772051334,0.346117675304,0.52880692482,-0.658385396004
0.731634736061,0.180557474494,1.33230888844,0.408123880625,0.346624732018,0.52732437849,-0.659708499908
0.731547415257,0.180523723364,1.33190369606,0.407278776169,0.347064822912,0.526508033276,-0.660650730133
0.731498718262,0.180160850286,1.33142733574,0.406685352325,0.347266227007,0.525964736938,-0.661342740059
0.731351673603,0.180360749364,1.33093762398,0.406987011433,0.347745537758,0.525403797626,-0.661351323128
0.731232464314,0.180022507906,1.33050191402,0.406210333109,0.348447531462,0.524963915348,-0.661808490753
0.731028616428,0.179792299867,1.33020699024,0.4062936306,0.349002301693,0.524883747101,-0.661528527737
0.730921685696,0.179665446281,1.32976663113,0.406140446663,0.349651455879,0.524783492088,-0.661359429359
0.730848014355,0.179499387741,1.32943832874,0.406072825193,0.35018903017,0.524734020233,-0.66115552187
0.730761408806,0.179403066635,1.3290514946,0.405758976936,0.350476324558,0.521725833416,-0.663572371006
0.730698943138,0.179115608335,1.32869839668,0.405841529369,0.351155787706,0.524188101292,-0.661217868328
0.730756938457,0.179149478674,1.3283829689,0.406467974186,0.351281344891,0.523800492287,-0.661073684692
0.730803072453,0.178738206625,1.3280403614,0.406634926796,0.351352930069,0.523446142673,-0.661213636398
0.730815470219,0.178752869368,1.32770490646,0.407493144274,0.351864665747,0.522131979465,-0.661452114582
0.730854511261,0.178393036127,1.32751905918,0.407442569733,0.351999223232,0.521768689156,-0.661698400974
0.730852842331,0.178121298552,1.32730400562,0.407617211342,0.352094203234,0.521508455276,-0.66174530983
0.730864226818,0.177678108215,1.32716906071,0.407307386398,0.352497428656,0.52107167244,-0.662065446377
0.73089993,0.177486240864,1.32681620121,0.407751590014,0.352473169565,0.520886898041,-0.661950230598
0.73104840517,0.1770696491,1.32658481598,0.407145619392,0.352820664644,0.520987987518,-0.662058591843
0.731050431728,0.17713688314,1.32625341415,0.408122867346,0.352937012911,0.520885288715,-0.661475539207
0.73101323843,0.176748603582,1.32604777813,0.408231943846,0.353271514177,0.52078217268,-0.661310851574
0.730960607529,0.176143571734,1.3259292841,0.408534258604,0.353061765432,0.52132833004,-0.660805642605
0.731062352657,0.176051527262,1.32573139668,0.408614456654,0.354004085064,0.520851790905,-0.660627663136
0.731002390385,0.17547981441,1.3255712986,0.408631831408,0.354047805071,0.521267294884,-0.660265624523
0.730956912041,0.175258129835,1.32542920113,0.409072220325,0.354464143515,0.521718382835,-0.659412682056
0.73093944788,0.174745708704,1.32514071465,0.407650500536,0.355458408594,0.518894433975,-0.661981105804
0.730946540833,0.174230590463,1.32492089272,0.407307237387,0.356489658356,0.52229654789,-0.65895563364
0.730841815472,0.173859357834,1.32472717762,0.407034039497,0.35707116127,0.523165225983,-0.658119738102
0.730680584908,0.173024460673,1.32459676266,0.407072454691,0.356234759092,0.521674990654,-0.659730315208
0.730739355087,0.173234313726,1.32424390316,0.407231986523,0.357280135155,0.522113800049,-0.658718705177
0.730689942837,0.172933965921,1.32399094105,0.407335281372,0.358139276505,0.525440454483,-0.655535340309
0.730634093285,0.1725576967,1.32377755642,0.40697145462,0.358281135559,0.523490965366,-0.657241225243
0.73056435585,0.171654030681,1.32368075848,0.406336426735,0.358338862658,0.524482548237,-0.656812131405
0.730429410934,0.171619549394,1.3233935833,0.406401097775,0.358908742666,0.524878323078,-0.656144380569
0.730370998383,0.17090202868,1.32324934006,0.407970905304,0.359671384096,0.524650037289,-0.654934048653
0.730316340923,0.170668929815,1.32304000854,0.406456828117,0.360438704491,0.52939915657,-0.651623725891
0.730160236359,0.170438796282,1.32285416126,0.407755166292,0.361617833376,0.525375843048,-0.653412997723
