x,y,z,q0,q1,q2,q3
0.610696613789,0.0239128917456,1.50471425056,-0.198838368058,0.198483690619,0.778144478798,-0.561746299267
0.610684871674,0.0237092599273,1.50473177433,-0.198988094926,0.198018178344,0.778400242329,-0.561503052711
0.610708415508,0.0235297493637,1.50484085083,-0.19926430285,0.197719365358,0.778422772884,-0.56147903204
0.610665082932,0.0232412870973,1.50488209724,-0.199225753546,0.197388917208,0.778590202332,-0.561376929283
0.61064094305,0.0229033324867,1.50492715836,-0.199313417077,0.197316750884,0.778275191784,-0.56180781126
0.610677301884,0.0225802101195,1.50496768951,-0.199381098151,0.196936741471,0.778841376305,-0.561132133007
0.610657989979,0.0223181601614,1.50498735905,-0.199540525675,0.196670785546,0.779022693634,-0.560917019844
0.610623419285,0.0219504125416,1.50493133068,-0.199486494064,0.196393296123,0.779201388359,-0.56078517437
0.61059898138,0.0216480456293,1.50494766235,-0.199528560042,0.196027338505,0.779404759407,-0.56061565876
0.610759079456,0.0214165151119,1.5049996376,-0.200350701809,0.195564284921,0.779430389404,-0.560448467731
0.610522150993,0.0209355838597,1.50496315956,-0.199576586485,0.19517531991,0.779680490494,-0.56051248312
0.610432207584,0.0205763056874,1.50499784946,-0.199526593089,0.194901108742,0.779760718346,-0.560514092445
0.610759019852,0.020251346752,1.50515282154,-0.200409382582,0.195075213909,0.779520690441,-0.560472369194
0.610764443874,0.0198342427611,1.50529098511,-0.200776413083,0.19489300251,0.779457449913,-0.560492277145
0.610638618469,0.0195436663926,1.50503242016,-0.200814008713,0.193799719214,0.779680132866,-0.560548305511
0.610659360886,0.0189862214029,1.50520181656,-0.200883179903,0.194021880627,0.77984559536,-0.560216426849
0.610693335533,0.0186139885336,1.50534641743,-0.201101347804,0.193640768528,0.78034389019,-0.559575676918
0.610682189465,0.0181454531848,1.50537776947,-0.20129352808,0.193438589573,0.780184030533,-0.559799432755
0.610416293144,0.0176143608987,1.50533568859,-0.200838193297,0.192790046334,0.780514955521,-0.559725344181
0.610379874706,0.0171764083207,1.50538563728,-0.201266810298,0.192320913076,0.7806391716,-0.559559583664
0.610317289829,0.0167266651988,1.50545430183,-0.201506823301,0.191914051771,0.780654251575,-0.559591770172
0.610291957855,0.0162376724184,1.50547003746,-0.201956763864,0.191612005234,0.780578494072,-0.559638798237
0.610200881958,0.0157722029835,1.5054653883,-0.20235863328,0.191036760807,0.780598700047,-0.559662103653
0.610083758831,0.0152455484495,1.50544393063,-0.202411323786,0.190590977669,0.780776143074,-0.55954772234
0.610040307045,0.01476535853,1.50548958778,-0.203083083034,0.190169602633,0.780790448189,-0.559427559376
0.60995978117,0.0142597043887,1.50548398495,-0.203378006816,0.189796939492,0.780743002892,-0.559513151646
0.609856069088,0.0137393595651,1.50549936295,-0.203715249896,0.189318716526,0.78090018034,-0.559333026409
0.61001509428,0.0132989985868,1.50558507442,-0.204841315746,0.189129382372,0.780670642853,-0.559306323528
0.60994553566,0.0129280062392,1.50563013554,-0.205458387733,0.188639655709,0.780585646629,-0.559364020824
0.609840810299,0.0123897409067,1.50562405586,-0.205822095275,0.188381657004,0.780659854412,-0.559213578701
0.60976088047,0.0118954703212,1.50566196442,-0.206576034427,0.187774702907,0.780744791031,-0.559021174908
0.609627604485,0.011410987936,1.50555980206,-0.206967517734,0.186995267868,0.78106969595,-0.558683633804
0.609374165535,0.0107379974797,1.50547242165,-0.206982821226,0.186499476433,0.781480431557,-0.5582690835
0.609299361706,0.010185607709,1.50550115108,-0.207533329725,0.186375513673,0.781244337559,-0.558436751366
0.609233379364,0.00970332324505,1.50563287735,-0.208128198981,0.186121985316,0.781619906425,-0.557773768902
0.609154105186,0.00923634972423,1.50564420223,-0.208690449595,0.185775637627,0.78169465065,-0.557574391365
0.609106898308,0.00871765706688,1.50568962097,-0.209426879883,0.18569418788,0.781342744827,-0.557818710804
0.608988285065,0.00819722656161,1.50571763515,-0.209684714675,0.185508102179,0.781552910805,-0.557489335537
0.608982920647,0.00774570740759,1.5057785511,-0.210536584258,0.185063540936,0.781892180443,-0.556839704514
0.608878910542,0.00731325149536,1.5055552721,-0.211108654737,0.184472978115,0.781522035599,-0.557338535786
0.608831644058,0.00680104177445,1.50555324554,-0.211451038718,0.18433842063,0.781516849995,-0.55726057291
0.608760654926,0.00618318188936,1.50550246239,-0.211606115103,0.184010922909,0.781825602055,-0.556876599789
0.608934879303,0.00579418055713,1.50572299957,-0.212797954679,0.184160783887,0.781702280045,-0.556545913219
0.608846783638,0.00526900030673,1.50568950176,-0.213444426656,0.183863282204,0.781572520733,-0.556578993797
0.608834326267,0.00476322229952,1.50572168827,-0.213957577944,0.183702662587,0.781569123268,-0.556439816952
0.608710706234,0.00425652973354,1.50566971302,-0.2140186131,0.183237046003,0.781856060028,-0.55616658926
0.608597278595,0.00368663482368,1.50593614578,-0.214413329959,0.183484956622,0.781985461712,-0.555750846863
0.608284413815,0.00309998914599,1.50590026379,-0.214524239302,0.182865470648,0.782153964043,-0.555675089359
0.608445882797,0.00271185487509,1.50599348545,-0.215430125594,0.182805866003,0.781942605972,-0.555641591549
0.608331263065,0.00224188715219,1.50598788261,-0.215203732252,0.182138234377,0.782922148705,-0.554568231106
0.608117878437,0.00156227499247,1.5059543848,-0.215626016259,0.182039931417,0.782921552658,-0.554437458515
0.608080923557,0.00110847502947,1.50599443913,-0.216068997979,0.181795075536,0.783093988895,-0.554101586342
0.607959270477,0.00066065788269,1.50600039959,-0.215829342604,0.181107163429,0.783716142178,-0.553540289402
0.607903242111,0.000138651579618,1.5059864521,-0.216030612588,0.180965423584,0.783837258816,-0.55333673954
0.607934653759,-0.000408096238971,1.50596785545,-0.21708522737,0.180918931961,0.783314824104,-0.553678810596
0.607872605324,-0.000879373401403,1.50601363182,-0.217392593622,0.180704638362,0.783597886562,-0.553227484226
0.607802331448,-0.00134220719337,1.50603330135,-0.217585667968,0.180497705936,0.783906400204,-0.552781999111
0.607698738575,-0.0019119810313,1.50616312027,-0.217705786228,0.180597305298,0.784218490124,-0.552259266376
0.607618272305,-0.0024557877332,1.50603568554,-0.21808347106,0.180470004678,0.784099400043,-0.552320837975
0.607824444771,-0.00275580585003,1.50617575645,-0.219179943204,0.180516466498,0.784073174,-0.551908671856
0.60749912262,-0.00333872996271,1.50603866577,-0.218605384231,0.18026214838,0.784606039524,-0.551462233067
0.607460260391,-0.00385156646371,1.50615847111,-0.21876193583,0.18040676415,0.784889161587,-0.550949811935
0.60741430521,-0.00438397377729,1.50616514683,-0.219018876553,0.180424958467,0.785002291203,-0.550680458546
0.607276082039,-0.00473081879318,1.50574874878,-0.219287738204,0.179615676403,0.784899234772,-0.550984680653
0.607203066349,-0.00512890703976,1.50575733185,-0.219587862492,0.179534584284,0.785287380219,-0.550338447094
0.606820166111,-0.00573792122304,1.50568985939,-0.218758836389,0.179228454828,0.786428451538,-0.549137473106
0.60703933239,-0.0060384683311,1.50594735146,-0.219752043486,0.179518073797,0.78640216589,-0.54868388176
0.607035756111,-0.00653722882271,1.50599098206,-0.219901844859,0.179765164852,0.786384284496,-0.548568665981
0.60690677166,-0.00707195885479,1.50622975826,-0.220178931952,0.180285468698,0.786285161972,-0.548428714275
0.607016563416,-0.00744634866714,1.50608444214,-0.2207993716,0.180162966251,0.78629732132,-0.548202037811
0.606927096844,-0.00786770321429,1.50612163544,-0.220980003476,0.179918155074,0.786774814129,-0.547524154186
0.60683131218,-0.00828030705452,1.50611901283,-0.221211373806,0.179894387722,0.787220656872,-0.546797215939
0.606708645821,-0.00872183404863,1.50611507893,-0.221178457141,0.179801613092,0.787311255932,-0.546710431576
0.606419861317,-0.00932842306793,1.50614321232,-0.220775559545,0.179950401187,0.787498116493,-0.54655534029
0.60632789135,-0.00979179143906,1.50616157055,-0.220699474216,0.179728150368,0.788097381592,-0.545794844627
0.606261134148,-0.0102784819901,1.50616550446,-0.220586121082,0.179847896099,0.788485527039,-0.545240402222
0.606144607067,-0.010640386492,1.50615370274,-0.220906212926,0.179399222136,0.78883177042,-0.544757544994
0.606019318104,-0.0110708065331,1.50615882874,-0.22089754045,0.179362252355,0.789045989513,-0.544463038445
0.605879187584,-0.0116091817617,1.50608718395,-0.221012398601,0.179440826178,0.789200484753,-0.544166564941
0.60548299551,-0.0122287664562,1.50608551502,-0.220626622438,0.179370939732,0.789731740952,-0.543575048447
0.605696260929,-0.0126195326447,1.50625610352,-0.221507430077,0.179807513952,0.789634287357,-0.543214082718
0.60559296608,-0.0130415987223,1.5061378479,-0.22154790163,0.179401814938,0.790186345577,-0.542528569698
0.605508863926,-0.0135426763445,1.50616109371,-0.221606433392,0.179566025734,0.790501236916,-0.541991233826
0.605186104774,-0.0141133181751,1.5061224699,-0.221400633454,0.179260641336,0.79066324234,-0.541940033436
0.605145215988,-0.0145604014397,1.50612974167,-0.221658051014,0.179285824299,0.790890872478,-0.541494250298
0.604795575142,-0.0150786265731,1.50614416599,-0.221281334758,0.17930778861,0.7916187644,-0.540576696396
0.604776620865,-0.0154692828655,1.50622320175,-0.221927270293,0.179138809443,0.791879475117,-0.539985716343
0.604786932468,-0.0159020926803,1.50623714924,-0.22233492136,0.179073512554,0.792064487934,-0.539568245411
0.604711055756,-0.0163765866309,1.5062212944,-0.222491562366,0.179078832269,0.792091906071,-0.539461553097
0.604920268059,-0.0167101230472,1.50630187988,-0.223468184471,0.179160520434,0.791924655437,-0.539276123047
0.604908764362,-0.0172022301704,1.50633645058,-0.223589375615,0.178943708539,0.79226320982,-0.538800358772
0.604890704155,-0.0175911970437,1.50638747215,-0.223840683699,0.178584992886,0.792670249939,-0.538216292858
0.604620695114,-0.0179970283061,1.5062276125,-0.223412796855,0.178120791912,0.792940318584,-0.538149952888
0.605128884315,-0.0181952770799,1.50644850731,-0.224911481142,0.178326949477,0.792561769485,-0.538015127182
0.604540944099,-0.0188126359135,1.50616157055,-0.223638266325,0.177734017372,0.793186903,-0.537820696831
0.604749679565,-0.0191365070641,1.50609505177,-0.224260002375,0.177419394255,0.793325006962,-0.53746175766
0.604634165764,-0.0196832399815,1.50608158112,-0.2239061445,0.177355155349,0.793724954128,-0.537039875984
0.604880511761,-0.0199839100242,1.50623893738,-0.224549457431,0.177357211709,0.793790757656,-0.536673307419
0.605109453201,-0.0202548932284,1.50625622272,-0.225213333964,0.177132800221,0.793715238571,-0.536580860615
0.605195045471,-0.0206224489957,1.5063970089,-0.22540563345,0.177306249738,0.793692886829,-0.536475896835
0.604954719543,-0.0211241096258,1.50639176369,-0.224565595388,0.17721478641,0.794016301632,-0.536379992962
0.604940891266,-0.0215068794787,1.50640785694,-0.224462926388,0.177221208811,0.794159591198,-0.53620839119
0.604892134666,-0.0217871516943,1.50640082359,-0.224374741316,0.17716127634,0.794332742691,-0.536008656025
0.604943811893,-0.0220414511859,1.50605082512,-0.224253460765,0.176477685571,0.79447555542,-0.536073207855
0.605271339417,-0.0221143290401,1.50617694855,-0.224987462163,0.17635139823,0.794545590878,-0.535703420639
0.605312049389,-0.0224310047925,1.50618326664,-0.224899113178,0.176339820027,0.794683456421,-0.535539805889
0.605430185795,-0.0228179898113,1.50621891022,-0.224873274565,0.176546990871,0.794860601425,-0.535219490528
0.605497837067,-0.0231330431998,1.50623428822,-0.224700644612,0.176686927676,0.794807195663,-0.535324990749
0.605485796928,-0.0235101431608,1.50621783733,-0.224461719394,0.176617398858,0.795014321804,-0.535140633583
0.605528652668,-0.0237309783697,1.50613737106,-0.224460303783,0.176407277584,0.795340716839,-0.534725308418
0.605569303036,-0.0240709967911,1.50614762306,-0.22429074347,0.176531866193,0.795464277267,-0.534571647644
0.605804920197,-0.0242500584573,1.50619077682,-0.224677428603,0.176611095667,0.795589208603,-0.534197032452
0.605892837048,-0.024548817426,1.50629866123,-0.224523633718,0.176895111799,0.795951724052,-0.533627450466
0.605855643749,-0.0247595049441,1.50630497932,-0.224325403571,0.17683134973,0.796161472797,-0.533418774605
0.605898439884,-0.0250625573099,1.50636994839,-0.224202156067,0.177129477262,0.796271681786,-0.53320723772
0.605954706669,-0.0252496935427,1.5061763525,-0.224065452814,0.176564708352,0.796684622765,-0.532835125923
0.605753540993,-0.0257639847696,1.50649929047,-0.223445892334,0.177025660872,0.797303020954,-0.532016694546
0.605855703354,-0.0260795112699,1.50652372837,-0.223328232765,0.177097067237,0.797522962093,-0.531712591648
0.605969130993,-0.0263476371765,1.50649285316,-0.223114877939,0.17684237659,0.79767292738,-0.5316619277
0.605886220932,-0.0266822725534,1.50646162033,-0.222219824791,0.176302433014,0.798387110233,-0.531143903732
0.605958044529,-0.0268927495927,1.5064893961,-0.221516534686,0.175701320171,0.798879504204,-0.530896365643
0.606247246265,-0.0272680856287,1.50666081905,-0.220976322889,0.17560608685,0.798713624477,-0.531402468681
0.606371700764,-0.0274750627577,1.50662827492,-0.219725444913,0.174366950989,0.799275636673,-0.531484127045
0.606460928917,-0.0277492254972,1.50660800934,-0.218226745725,0.173253074288,0.799104690552,-0.532721579075
0.606848478317,-0.0279047079384,1.50675535202,-0.217289015651,0.172305673361,0.799021661282,-0.533535897732
0.606881856918,-0.0280542038381,1.50681698322,-0.215295061469,0.170476645231,0.799100875854,-0.534811735153
0.606955945492,-0.0283786430955,1.50688636303,-0.212987735868,0.168899670243,0.799349546432,-0.535863399506
0.607131958008,-0.0286669656634,1.50698471069,-0.210284739733,0.167503654957,0.798956036568,-0.53795170784
0.606996834278,-0.029146861285,1.50719702244,-0.208327755332,0.165762737393,0.801553308964,-0.53538274765
0.607272982597,-0.0294350069016,1.50735628605,-0.205343753099,0.16430953145,0.800727069378,-0.538212418556
0.607520401478,-0.0295913927257,1.5074146986,-0.202855572104,0.162097483873,0.800454437733,-0.540228366852
0.607937335968,-0.0298207998276,1.5076829195,-0.200361773372,0.160336852074,0.799891829491,-0.542513072491
0.608465611935,-0.0300490669906,1.50791013241,-0.197464212775,0.158760115504,0.798558712006,-0.545991957188
0.608496546745,-0.0304375756532,1.50803279877,-0.193282008171,0.156789883971,0.79786658287,-0.549060940742
0.609182655811,-0.0305371712893,1.50819504261,-0.190555348992,0.154883638024,0.796472728252,-0.552567660809
0.609282851219,-0.030887812376,1.50832271576,-0.186175853014,0.152755945921,0.795569241047,-0.555943965912
0.609628140926,-0.0311190932989,1.50854587555,-0.182444408536,0.150751888752,0.794200062752,-0.559673368931
0.609983384609,-0.0313878841698,1.50875890255,-0.178724333644,0.148769199848,0.792955696583,-0.563157737255
0.610495567322,-0.0317693985999,1.50882863998,-0.173542201519,0.146744966507,0.788798987865,-0.571091353893
0.610753178596,-0.0317366756499,1.5089892149,-0.171704769135,0.143775507808,0.78902566433,-0.572087883949
0.611185669899,-0.0322831720114,1.50921356678,-0.166613534093,0.142195150256,0.785380780697,-0.578962445259
0.61160337925,-0.0327602960169,1.50940620899,-0.16389554739,0.142633393407,0.784047544003,-0.581432342529
0.611983954906,-0.0334084928036,1.50965690613,-0.159672677517,0.14344201982,0.779677689075,-0.588244557381
0.612270832062,-0.0331246629357,1.50977563858,-0.155363336205,0.137000516057,0.778708398342,-0.59220457077
0.612645566463,-0.0332135297358,1.50992643833,-0.153430700302,0.135733172297,0.778017759323,-0.593905746937
0.613071084023,-0.0336098410189,1.51009345055,-0.148728787899,0.134211361408,0.773751616478,-0.600978672504
0.613426923752,-0.0338278375566,1.51024317741,-0.145853862166,0.133045598865,0.770739078522,-0.605794429779
0.613590180874,-0.0348955839872,1.5104432106,-0.141251146793,0.13309019804,0.768545210361,-0.60965025425
0.614082098007,-0.0341214723885,1.51052212715,-0.141989633441,0.131241843104,0.767567157745,-0.611109912395
0.614250719547,-0.0346206352115,1.51060593128,-0.137295007706,0.130323171616,0.76215583086,-0.6190995574
0.61431145668,-0.0360508412123,1.51082217693,-0.133674561977,0.13437384367,0.753889381886,-0.629067361355
0.614514172077,-0.0361694768071,1.51080739498,-0.129469692707,0.131916210055,0.756070435047,-0.627848088741
0.613854527473,-0.0354242175817,1.51063966751,-0.126710474491,0.127117797732,0.756263971329,-0.629166305065
0.614014863968,-0.0357440114021,1.51071691513,-0.124835580587,0.127216696739,0.752517282963,-0.633995115757
0.614238381386,-0.0362855941057,1.5108294487,-0.123863443732,0.129136577249,0.747154057026,-0.640111207962
0.614330947399,-0.0356468632817,1.51066493988,-0.124926164746,0.127017632127,0.748686015606,-0.638536930084
0.614926874638,-0.0370513871312,1.51137053967,-0.122389480472,0.134664431214,0.743831396103,-0.643118143082
0.614970207214,-0.0374811515212,1.51140701771,-0.119803003967,0.134966090322,0.738415002823,-0.64974963665
0.614684402943,-0.0366436205804,1.51126670837,-0.121541395783,0.129167720675,0.737410247326,-0.651743412018
0.614646375179,-0.0367335528135,1.5112054348,-0.121218837798,0.129435628653,0.734255611897,-0.655302405357
0.61467063427,-0.036827865988,1.51122128963,-0.120879724622,0.129819706082,0.731783390045,-0.65804874897
0.614736378193,-0.0377269536257,1.51130437851,-0.121675558388,0.135354176164,0.720313429832,-0.669345140457
0.614784836769,-0.0378865934908,1.51129305363,-0.12138043344,0.136070400476,0.717116951942,-0.672677338123
0.614901065826,-0.0380005091429,1.51129031181,-0.121107153594,0.136609449983,0.714490115643,-0.67540705204
0.614926636219,-0.0380743555725,1.51123476028,-0.120511494577,0.136600390077,0.71218252182,-0.677948057652
0.615407705307,-0.0380453318357,1.51137375832,-0.117065653205,0.136631831527,0.719756126404,-0.670506179333
0.615518271923,-0.0381797216833,1.51133310795,-0.116495713592,0.136535599828,0.717209935188,-0.673347473145
0.615620493889,-0.0381981879473,1.51135098934,-0.115635707974,0.136079758406,0.7154058218,-0.675503611565
0.615763604641,-0.0382540635765,1.51142716408,-0.114704027772,0.135578900576,0.713481605053,-0.677794456482
0.61589807272,-0.0382633581758,1.51145017147,-0.11363068223,0.134698852897,0.712289571762,-0.679402649403
0.616131067276,-0.0382104814053,1.51155304909,-0.112912282348,0.133701562881,0.710872113705,-0.681201517582
0.616261124611,-0.0381368361413,1.51157081127,-0.111897699535,0.132326439023,0.709508359432,-0.68305683136
0.616516053677,-0.0381974726915,1.51162827015,-0.110603258014,0.131408542395,0.707914173603,-0.685095906258
0.61628973484,-0.0376403704286,1.51153695583,-0.110866516829,0.12654581666,0.706191301346,-0.687741577625
0.616545557976,-0.0376880839467,1.51160609722,-0.109709836543,0.12600800395,0.704853594303,-0.689396202564
0.616780698299,-0.0377473384142,1.5116751194,-0.108346968889,0.125529438257,0.70338010788,-0.691201746464
0.617437243462,-0.0383094809949,1.51185536385,-0.10592070967,0.128879770637,0.703181684017,-0.691163182259
0.617723286152,-0.0380816869438,1.51191341877,-0.106718622148,0.128492683172,0.704426705837,-0.689843356609
0.617974162102,-0.0383174084127,1.51195085049,-0.10398606956,0.127897694707,0.701944053173,-0.692895233631
0.618246555328,-0.0382846519351,1.51202785969,-0.103271156549,0.127468988299,0.701587080956,-0.693442463875
0.618588447571,-0.0384234711528,1.51213467121,-0.102360524237,0.127265244722,0.70090585947,-0.694303274155
0.618755400181,-0.0383752956986,1.51218020916,-0.101760275662,0.126801729202,0.700790882111,-0.694592297077
0.618994772434,-0.0382683910429,1.5121332407,-0.101858139038,0.126333430409,0.700699567795,-0.694755256176
0.619213938713,-0.0382255576551,1.51216495037,-0.101734891534,0.126063302159,0.700881421566,-0.694638907909
0.619439661503,-0.0381787903607,1.51204252243,-0.101598337293,0.125562474132,0.700673043728,-0.694959819317
0.619615018368,-0.038153078407,1.51206064224,-0.101595729589,0.125467553735,0.700871765614,-0.694776952267
0.619819402695,-0.0378352999687,1.51211380959,-0.103513211012,0.1255505234,0.703397572041,-0.691920638084
0.619958400726,-0.0378046780825,1.51210737228,-0.103590592742,0.125560179353,0.703684687614,-0.691615223885
0.61967176199,-0.0375188104808,1.51199042797,-0.103099182248,0.122022621334,0.7013656497,-0.694670557976
0.61979174614,-0.0372046269476,1.51196730137,-0.105125330389,0.122117310762,0.704108834267,-0.691568374634
0.619881570339,-0.0371942184865,1.51196885109,-0.105252705514,0.12234967947,0.704641282558,-0.690965473652
0.619945406914,-0.0371523834765,1.51195204258,-0.105504713953,0.122464969754,0.705168008804,-0.690368890762
0.619978606701,-0.0370880179107,1.51183247566,-0.105701431632,0.122197143734,0.706172168255,-0.689359009266
0.619998574257,-0.0370137989521,1.51180934906,-0.105835556984,0.122257769108,0.707046449184,-0.688430964947
0.620024323463,-0.0372056253254,1.5117650032,-0.104366675019,0.1222852543,0.705150604248,-0.690591454506
0.620066046715,-0.037111710757,1.51171708107,-0.104825273156,0.122379124165,0.705626070499,-0.690019488335
0.620442390442,-0.0375464186072,1.51179921627,-0.10407859832,0.126234531403,0.706568300724,-0.688472092152
0.620518565178,-0.0374937579036,1.5120382309,-0.104782402515,0.127000659704,0.70714199543,-0.687634885311
0.620491981506,-0.0374022647738,1.5119907856,-0.10516038537,0.127146452665,0.707441926003,-0.68724167347
0.620462298393,-0.0373044721782,1.51193928719,-0.105609692633,0.127300724387,0.707603156567,-0.68697810173
0.620450377464,-0.0372103862464,1.51188480854,-0.106042325497,0.127534687519,0.707846999168,-0.686616718769
0.620387196541,-0.0370573960245,1.51190435886,-0.106501802802,0.12775143981,0.707888960838,-0.686462044716
0.620298266411,-0.0369695238769,1.51184856892,-0.10682785511,0.128001913428,0.708071529865,-0.686176419258
0.620346069336,-0.0368849188089,1.51176548004,-0.107599794865,0.128523126245,0.707940280437,-0.686093747616
0.620296299458,-0.0366329215467,1.51170313358,-0.107379883528,0.128546431661,0.706426799297,-0.687682032585
0.620241165161,-0.0365585386753,1.51166641712,-0.109323121607,0.129358947277,0.708141684532,-0.685456156731
0.620200753212,-0.0364142842591,1.51163649559,-0.110071465373,0.12989833951,0.707902252674,-0.685481607914
0.620134353638,-0.0362607724965,1.51151561737,-0.110793791711,0.130166143179,0.707684636116,-0.685539186001
0.620092868805,-0.0361164361238,1.51143825054,-0.11136456579,0.130492314696,0.707180738449,-0.685904681683
0.619610130787,-0.0353786572814,1.51131045818,-0.113090731204,0.126750290394,0.706818580627,-0.686696648598
0.61962968111,-0.035202242434,1.51130318642,-0.113715820014,0.127149656415,0.706536233425,-0.686810255051
0.619505345821,-0.0350228622556,1.51123893261,-0.113962389529,0.127376288176,0.705656349659,-0.687631428242
0.619456410408,-0.0348332636058,1.51117742062,-0.114268727601,0.127456560731,0.705369770527,-0.687859714031
0.619472444057,-0.0346836857498,1.51115512848,-0.114643149078,0.127703770995,0.705072402954,-0.688056588173
0.619409739971,-0.0344416834414,1.51118934155,-0.11481718719,0.127756685019,0.704781711102,-0.688315391541
0.619377613068,-0.0342612415552,1.51116418839,-0.114911496639,0.127858996391,0.704450726509,-0.688619434834
0.619321465492,-0.0340880379081,1.51105368137,-0.115021459758,0.127748787403,0.704121530056,-0.688957929611
0.619331240654,-0.0338674411178,1.51113927364,-0.115211233497,0.127932593226,0.70372158289,-0.689300954342
0.619297623634,-0.0337282083929,1.5110449791,-0.11525580287,0.127853408456,0.703446149826,-0.689589083195
0.619319677353,-0.0336440652609,1.51109373569,-0.115268275142,0.128134012222,0.702788174152,-0.690205574036
0.619313597679,-0.0334861576557,1.51108539104,-0.11524104327,0.128140032291,0.702616155148,-0.690384149551
0.619338810444,-0.0333494730294,1.51106226444,-0.115288868546,0.128213271499,0.702275454998,-0.690709173679
0.619277596474,-0.0330968722701,1.51084780693,-0.11538451165,0.127637401223,0.701944053173,-0.691136538982
0.61929243803,-0.032967928797,1.51082551479,-0.115375161171,0.127473950386,0.70160394907,-0.691513419151
0.619341909885,-0.0328347720206,1.51080822945,-0.11545740068,0.127283886075,0.701236069202,-0.691907763481
0.619371235371,-0.0326925851405,1.51078224182,-0.115590497851,0.126890972257,0.700754642487,-0.692445278168
0.619459807873,-0.0325662754476,1.51071035862,-0.115661643445,0.126478016376,0.700298964977,-0.692969858646
0.619542300701,-0.0325179770589,1.51082086563,-0.115486204624,0.126361727715,0.699635148048,-0.693690478802
0.619584798813,-0.0324262753129,1.51067221165,-0.115412004292,0.125800892711,0.699181377888,-0.694261968136
0.619639694691,-0.0323566198349,1.51065778732,-0.115371972322,0.125442042947,0.698825061321,-0.694692194462
0.619666755199,-0.0322615914047,1.51062953472,-0.115295685828,0.124965764582,0.698428452015,-0.695189237595
0.619742453098,-0.0321966595948,1.51060223579,-0.115365669131,0.124537497759,0.698015332222,-0.695669353008
0.6198554039,-0.0321153104305,1.51058030128,-0.11543045938,0.124133050442,0.697901010513,-0.695845544338
0.620365262032,-0.0326276496053,1.51066052914,-0.11424831301,0.127935126424,0.69745194912,-0.695802330971
0.620526432991,-0.0325589515269,1.51075994968,-0.114479534328,0.127827808261,0.697050511837,-0.696186006069
0.620657861233,-0.0325536578894,1.51072084904,-0.114440217614,0.127493858337,0.6963788867,-0.696925640106
0.620801150799,-0.0324999131262,1.51070225239,-0.114620491862,0.127125114202,0.69611287117,-0.697228968143
0.620948314667,-0.0324424132705,1.51067519188,-0.114925719798,0.126704663038,0.695813059807,-0.697554528713
0.621095478535,-0.0324014164507,1.51066088676,-0.115123786032,0.126404449344,0.695405364037,-0.697982788086
0.621254503727,-0.0323508456349,1.5106317997,-0.115210868418,0.126076728106,0.694876134396,-0.698554456234
0.621420025826,-0.0323620773852,1.51060688496,-0.115060180426,0.125761955976,0.694181263447,-0.699326515198
0.621714472771,-0.0323107689619,1.51061797142,-0.115300700068,0.125574752688,0.693311154842,-0.700183212757
0.621921718121,-0.0323482677341,1.51073586941,-0.114879131317,0.125438466668,0.692425966263,-0.701152145863
0.622084498405,-0.0323151163757,1.51061701775,-0.114540033042,0.124716028571,0.691634297371,-0.702117204666
0.62236738205,-0.0322527475655,1.51077997684,-0.1143566221,0.12444677949,0.6908826828,-0.702934265137
0.622576713562,-0.0322235561907,1.51079416275,-0.113760814071,0.123615778983,0.690110206604,-0.703935861588
0.622712314129,-0.0321388505399,1.51080131531,-0.113286323845,0.122654207051,0.689540028572,-0.704738736153
0.622975647449,-0.0320855639875,1.51082527637,-0.112990863621,0.122006751597,0.689065873623,-0.705362021923
0.62287658453,-0.0316060893238,1.51077318192,-0.113309778273,0.117704287171,0.688205718994,-0.70688021183
0.623190402985,-0.0315907299519,1.51081335545,-0.112864278257,0.11694534868,0.687265753746,-0.70799100399
0.623486578465,-0.0316063538194,1.51086747646,-0.112374708056,0.116342380643,0.685883581638,-0.70950704813
0.623802959919,-0.0316304750741,1.51092517376,-0.111568041146,0.115479767323,0.684721231461,-0.710896492004
0.624557256699,-0.0321535654366,1.51107668877,-0.109858848155,0.118447184563,0.684426665306,-0.710957944393
0.624480724335,-0.03171473369,1.51104092598,-0.109891787171,0.113926887512,0.68351906538,-0.712563157082
0.62475836277,-0.0318193174899,1.51114869118,-0.108813203871,0.113155283034,0.683137893677,-0.713216781616
0.625079512596,-0.0315720364451,1.51115846634,-0.109945833683,0.112038835883,0.68463075161,-0.711786568165
0.625419616699,-0.0316145271063,1.51127696037,-0.109377600253,0.111430741847,0.68399977684,-0.712575674057
0.626212596893,-0.0324054099619,1.51141762733,-0.106113232672,0.114369899035,0.681247591972,-0.715235054493
0.626483678818,-0.0324249640107,1.511292696,-0.105282604694,0.113353170455,0.680554270744,-0.716179251671
0.626909136772,-0.0324218533933,1.51150846481,-0.10502102226,0.112765073776,0.680775642395,-0.716100096703
0.627257943153,-0.0324914306402,1.5115352869,-0.104279950261,0.111859619617,0.680281698704,-0.716819345951
0.627592206001,-0.0325519256294,1.51160216331,-0.103780597448,0.110966339707,0.680007398129,-0.717290759087
0.628095626831,-0.0326313488185,1.51171839237,-0.103750646114,0.110442504287,0.679988503456,-0.717393815517
0.628544449806,-0.0325837954879,1.51184499264,-0.10490655154,0.110065877438,0.681879878044,-0.715485811234
0.628898561001,-0.0329501703382,1.51194429398,-0.102823466063,0.109629295766,0.679436206818,-0.718174874783
0.629224181175,-0.0330519191921,1.5120164156,-0.102331131697,0.109040528536,0.679368019104,-0.718399465084
0.629538238049,-0.0331973396242,1.51194620132,-0.101504713297,0.108126617968,0.679135739803,-0.718874156475
0.629780054092,-0.0331759601831,1.51195180416,-0.101167432964,0.107013806701,0.679442048073,-0.718798816204
0.630156934261,-0.0332813672721,1.51213371754,-0.100838936865,0.106361061335,0.679691851139,-0.718705654144
0.630617856979,-0.0334823131561,1.51220154762,-0.10057695955,0.106084018946,0.67930328846,-0.719150543213
0.630975365639,-0.0337011814117,1.51226317883,-0.10019543767,0.105592176318,0.6789047122,-0.719652473927
0.63133585453,-0.0338498055935,1.51230752468,-0.100064568222,0.105137616396,0.678890347481,-0.719750702381
0.631673812866,-0.0339762382209,1.51229023933,-0.0997610390186,0.104479245842,0.678937911987,-0.71984398365
0.631990194321,-0.0339504033327,1.51232147217,-0.100920781493,0.103843823075,0.681139707565,-0.717690944672
0.632456481457,-0.034428562969,1.51245236397,-0.0991972312331,0.103359676898,0.679195523262,-0.719840526581
0.632813692093,-0.0345786958933,1.51247763634,-0.0991007387638,0.102467209101,0.67959433794,-0.71960490942
0.633181750774,-0.0345511473715,1.51259982586,-0.100511088967,0.101752892137,0.681425631046,-0.717776417732
0.633462309837,-0.0351016372442,1.51251125336,-0.0980282127857,0.100625686347,0.678948640823,-0.720620334148
0.63397872448,-0.0354056730866,1.51246261597,-0.0977498218417,0.0998891144991,0.679213702679,-0.720510959625
0.634586155415,-0.0357447378337,1.51269137859,-0.0973300039768,0.0995457023382,0.679391980171,-0.720447182655
0.634973704815,-0.0360269322991,1.51273751259,-0.0967447012663,0.0986876934767,0.679717540741,-0.720336914062
0.635402262211,-0.0363256670535,1.51272165775,-0.0962923020124,0.097403280437,0.680446147919,-0.719884335995
0.635788202286,-0.0364583134651,1.51274478436,-0.0959891527891,0.0958350524306,0.680790781975,-0.719809472561
0.636279582977,-0.0368211194873,1.51282083988,-0.0955846384168,0.0949624627829,0.681275188923,-0.719520628452
0.636786460876,-0.0371923856437,1.51282048225,-0.0955694839358,0.09404373914,0.681582927704,-0.719351768494
0.637208521366,-0.0375920012593,1.51282572746,-0.0948443189263,0.0927465260029,0.681489467621,-0.719704687595
0.63778680563,-0.0379479080439,1.51290822029,-0.0947541296482,0.0914637967944,0.682268917561,-0.719141960144
0.638330280781,-0.0384280346334,1.51308357716,-0.0942885577679,0.0905578657985,0.682824015617,-0.718790829182
0.638942837715,-0.0388790853322,1.51320910454,-0.0940695554018,0.0897061526775,0.683472335339,-0.718310117722
0.639402270317,-0.0392100065947,1.51318109035,-0.0939035192132,0.0882397294044,0.68375056982,-0.718248546124
0.64000749588,-0.0393761508167,1.51324319839,-0.0953968912363,0.0869674161077,0.68615436554,-0.715910971165
0.64053940773,-0.0399973727763,1.51357734203,-0.0937332287431,0.0857477635145,0.684918940067,-0.717459082603
0.641832649708,-0.0408586636186,1.5138014555,-0.0947540476918,0.0864165276289,0.684641599655,-0.717509508133
0.641718924046,-0.0409907624125,1.51390242577,-0.0931911394,0.0837804675102,0.684741437435,-0.717931389809
0.642283976078,-0.0413856506348,1.51374578476,-0.0930932015181,0.0820636302233,0.685758650303,-0.71717107296
0.643535256386,-0.042382158339,1.51405131817,-0.0938472747803,0.0829234346747,0.685546338558,-0.717176795006
0.643382906914,-0.0423993840814,1.5139683485,-0.0928691923618,0.0796769708395,0.686041295528,-0.717198967934
0.644802331924,-0.0432232432067,1.51393687725,-0.0940109789371,0.0803688839078,0.686469018459,-0.716563403606
0.644650757313,-0.0434485934675,1.513910532,-0.0924202799797,0.0775949135423,0.686523199081,-0.717024028301
0.64531069994,-0.0439266189933,1.51406693459,-0.0925261080265,0.0763636603951,0.687327563763,-0.716371655464
0.645759284496,-0.0446068234742,1.51438319683,-0.0918232053518,0.0754234716296,0.687367141247,-0.716523826122
0.646399915218,-0.0451170094311,1.51442945004,-0.0918741971254,0.0741332396865,0.687757730484,-0.716277122498
0.647047460079,-0.0457147844136,1.51456856728,-0.0916841104627,0.0732643008232,0.687930703163,-0.716224789619
0.647589802742,-0.0463139340281,1.51461231709,-0.0917938575149,0.0719741433859,0.687461853027,-0.716791331768
0.648220479488,-0.0467244200408,1.51477277279,-0.0920742303133,0.0704973116517,0.688401341438,-0.716000139713
0.648738861084,-0.047236263752,1.51486611366,-0.0919926464558,0.0691161081195,0.6885612607,-0.715991377831
0.649351000786,-0.0478429757059,1.51486909389,-0.0917287841439,0.0678061842918,0.688884019852,-0.715840101242
0.649959564209,-0.0483657494187,1.51494026184,-0.0924139991403,0.0668085440993,0.68861413002,-0.716105341911
0.650490641594,-0.0489708669484,1.5150783062,-0.0918999761343,0.0655580684543,0.688230633736,-0.716655552387
0.651098668575,-0.0494491793215,1.51514720917,-0.0920746922493,0.0643490850925,0.688864469528,-0.716133475304
0.651590228081,-0.0499794781208,1.51520586014,-0.0922731608152,0.0630536079407,0.688762366772,-0.716321349144
0.652130663395,-0.0505613014102,1.51524817944,-0.0919891893864,0.0618099272251,0.688664078712,-0.716560781002
0.652492403984,-0.0514700673521,1.51531481743,-0.0951709747314,0.0626981854439,0.678906321526,-0.725325882435
0.653169393539,-0.0515431202948,1.51531398296,-0.0927683934569,0.0593173727393,0.687977731228,-0.717329978943
0.654479324818,-0.0523338764906,1.51546919346,-0.0939672589302,0.0596409142017,0.687893986702,-0.717227339745
0.654163897038,-0.0524762347341,1.51565718651,-0.0926807671785,0.0567159578204,0.687935352325,-0.717592120171
0.654558598995,-0.0529301725328,1.51551163197,-0.0926137790084,0.0548504814506,0.687744557858,-0.717928647995
0.654989123344,-0.0533803626895,1.51569366455,-0.0927374511957,0.0538335703313,0.68721228838,-0.71849912405
0.655327022076,-0.054294526577,1.51570725441,-0.0959688648582,0.0550882034004,0.67741382122,-0.727231621742
0.655907273293,-0.0539890304208,1.515822649,-0.0946960672736,0.0515231229365,0.688854157925,-0.716838896275
0.656245052814,-0.0546874813735,1.51585912704,-0.0932670757174,0.0501424744725,0.685575067997,-0.720259428024
0.656545341015,-0.0550880618393,1.51586985588,-0.0939830765128,0.0489815995097,0.683769404888,-0.721960842609
0.65697991848,-0.0555583052337,1.51588177681,-0.0931029841304,0.0482189469039,0.684722959995,-0.721222102642
0.658093392849,-0.0568249449134,1.51616370678,-0.0973992794752,0.0517677031457,0.67537766695,-0.729176580906
0.657754182816,-0.0564941056073,1.51593315601,-0.0936350300908,0.0466974899173,0.683039724827,-0.722847640514
0.657849490643,-0.0566552318633,1.51569855213,-0.0935196653008,0.0449884347618,0.682945847511,-0.723059654236
0.658824622631,-0.0578955449164,1.515822649,-0.0974684357643,0.0482834018767,0.672808766365,-0.73177665472
0.658407747746,-0.0578953363001,1.51563704014,-0.0963327437639,0.0458366498351,0.671893239021,-0.732924580574
0.658739686012,-0.0582472011447,1.51571965218,-0.0964621901512,0.045009970665,0.671514391899,-0.733305931091
0.659129679203,-0.0578082799911,1.51568651199,-0.0953265056014,0.0417958088219,0.682120621204,-0.723793745041
0.660083115101,-0.0592077374458,1.51591181755,-0.0977937877178,0.0453553274274,0.670049786568,-0.734447181225
0.659651041031,-0.0586635805666,1.51568424702,-0.0938405618072,0.040398966521,0.678577065468,-0.727389216423
0.659931600094,-0.0589628368616,1.51565635204,-0.0940692797303,0.0401812531054,0.677406668663,-0.728461802006
0.660158336163,-0.0592236965895,1.51562798023,-0.0938664078712,0.0398022122681,0.676606476307,-0.729252040386
0.660276770592,-0.0599374435842,1.5156635046,-0.0965588092804,0.0417358651757,0.666640281677,-0.737919569016
0.660601019859,-0.0597126297653,1.5156069994,-0.0937591791153,0.0391646549106,0.675095796585,-0.730699062347
0.660787343979,-0.0598521791399,1.51547527313,-0.0937513113022,0.038862336427,0.674381911755,-0.731375038624
0.661205112934,-0.0601584911346,1.5157699585,-0.0940507724881,0.0396357439458,0.67362511158,-0.73199224472
0.661319673061,-0.0604109056294,1.51573050022,-0.0944412872195,0.0396196134388,0.67076420784,-0.734565496445
0.661499321461,-0.0607998631895,1.51569187641,-0.0936162471771,0.0399864055216,0.669231057167,-0.736048221588
0.66174608469,-0.0609949976206,1.51567435265,-0.0936709567904,0.0403947234154,0.668547987938,-0.736639499664
0.662829339504,-0.061469193548,1.51571989059,-0.0944513976574,0.042856644839,0.669516921043,-0.735519766808
0.662961423397,-0.0621927641332,1.51584005356,-0.0969082042575,0.0465432517231,0.658685564995,-0.744698524475
0.663098394871,-0.0624888427556,1.51577484608,-0.0964211449027,0.0468664839864,0.657021045685,-0.74621039629
0.66337698698,-0.0625909566879,1.51560842991,-0.0922728255391,0.0449882484972,0.663279354572,-0.741297721863
0.663040220737,-0.0622991882265,1.5153118372,-0.0931088700891,0.0417087897658,0.6616512537,-0.742838382721
0.663313865662,-0.0618595331907,1.51553153992,-0.0956408530474,0.0422414168715,0.662908554077,-0.741364121437
0.663429558277,-0.062076356262,1.51547288895,-0.0955344885588,0.0425801686943,0.661578178406,-0.742545902729
0.663521468639,-0.0621675811708,1.51531898975,-0.0958930552006,0.0428467988968,0.660213530064,-0.743698060513
0.663541018963,-0.0623209849,1.51524114609,-0.0958288609982,0.0430515110493,0.659052670002,-0.744723439217
0.66361194849,-0.0625222921371,1.51513159275,-0.0958752185106,0.0432721860707,0.658405959606,-0.745276451111
0.663747429848,-0.0626605451107,1.51525294781,-0.0961432829499,0.0439792349935,0.657329320908,-0.746150493622
0.663131117821,-0.0624006651342,1.51511275768,-0.095409616828,0.0421658754349,0.656446695328,-0.747125864029
0.663182199001,-0.0628391951323,1.51497447491,-0.0942316576838,0.0423178672791,0.654004216194,-0.74940508604
0.663302779198,-0.0631091445684,1.51504564285,-0.0939897447824,0.0426648668945,0.65285629034,-0.750416219234
0.663282811642,-0.0627968236804,1.51480317116,-0.0953360870481,0.0419464074075,0.653568029404,-0.74966686964
0.663306772709,-0.0628720745444,1.51479279995,-0.0956110358238,0.0416836366057,0.652710139751,-0.750393688679
0.663375616074,-0.0633302852511,1.51479160786,-0.0944410189986,0.041714169085,0.6505407691,-0.752421021461
0.663319945335,-0.0633589103818,1.51463651657,-0.0944239199162,0.040695078671,0.650124251842,-0.752839028835
0.663309037685,-0.0629892647266,1.51464784145,-0.0960682034492,0.039849113673,0.651412546635,-0.751561582088
0.663478672504,-0.0631327033043,1.51478743553,-0.0961920544505,0.0396583564579,0.650697112083,-0.752175211906
0.663333594799,-0.0632334575057,1.51464951038,-0.0959753468633,0.0388333052397,0.650149822235,-0.752719163895
0.663378536701,-0.0632827207446,1.5148525238,-0.0962799414992,0.0384295657277,0.649530827999,-0.753235161304
0.663369894028,-0.0634322538972,1.51490712166,-0.0961318388581,0.0378857813776,0.648393452168,-0.754260838032
0.66326880455,-0.0634450614452,1.51464509964,-0.095872476697,0.0366558656096,0.647582888603,-0.755050480366
0.663274228573,-0.0634944960475,1.51478755474,-0.0958494842052,0.0362595133483,0.647044718266,-0.755533874035
0.66329729557,-0.0635180100799,1.51491355896,-0.0958674922585,0.03583727777,0.646516442299,-0.756003797054
0.663334131241,-0.0639880597591,1.51498568058,-0.0959450006485,0.0386813618243,0.641277909279,-0.760303258896
0.663309216499,-0.0639470145106,1.51502108574,-0.0960043743253,0.038258459419,0.640592753887,-0.760894536972
0.663245618343,-0.0639154911041,1.5150488615,-0.0959470048547,0.0378033518791,0.639745533466,-0.761636793613
0.663339316845,-0.063648827374,1.51506638527,-0.0951585769653,0.0358394570649,0.643748521805,-0.758451104164
0.663278639317,-0.0640641078353,1.5150847435,-0.0932977423072,0.0361054763198,0.640887498856,-0.761088073254
0.663082182407,-0.0639275684953,1.51510763168,-0.0929744318128,0.0360277332366,0.639797329903,-0.762048006058
0.662936449051,-0.0639114901423,1.51497912407,-0.0925252810121,0.0361961945891,0.638716518879,-0.7630007267
0.663397967815,-0.0640168786049,1.51508152485,-0.0933340489864,0.0381197631359,0.637666881084,-0.763686299324
0.663226127625,-0.0638872236013,1.51510691643,-0.0929911360145,0.0383981578052,0.636599361897,-0.764604210854
0.66231662035,-0.062944047153,1.51500856876,-0.0934179872274,0.036374013871,0.635892450809,-0.765239059925
0.662245392799,-0.0628508552909,1.51525425911,-0.0931067541242,0.0373635105789,0.634870886803,-0.766076982021
0.662678956985,-0.0630233883858,1.51538383961,-0.0935811623931,0.0399216152728,0.63382768631,-0.766753792763
0.661662936211,-0.0624658539891,1.51528918743,-0.0919738635421,0.0386162623763,0.633161723614,-0.767564833164
0.662106335163,-0.0624906793237,1.5153324604,-0.0927450731397,0.0407242402434,0.632646203041,-0.767788171768
0.66222345829,-0.0617697089911,1.51537203789,-0.0932763963938,0.0412021353841,0.630077242851,-0.76980817318
0.661442399025,-0.0617910064757,1.51533555984,-0.0918865650892,0.0407065302134,0.633547008038,-0.76714938879
0.661038339138,-0.0615465901792,1.51512515545,-0.091264218092,0.0408388189971,0.633342564106,-0.767385423183
0.660771489143,-0.061270840466,1.5153195858,-0.0907344892621,0.0420202575624,0.632422327995,-0.768142879009
0.660391330719,-0.0609396398067,1.5152913332,-0.0901247188449,0.0423194617033,0.632342994213,-0.768263578415
0.659842610359,-0.0607457906008,1.51496744156,-0.0890526100993,0.0421888902783,0.632041335106,-0.768643975258
0.659607172012,-0.0603152625263,1.51527357101,-0.0884847566485,0.043322712183,0.631839871407,-0.768812060356
0.659192442894,-0.0598339997232,1.51520895958,-0.0885990038514,0.04353165254,0.632379174232,-0.768343627453
0.658641338348,-0.0586728788912,1.51523602009,-0.089869081974,0.0426135584712,0.631572544575,-0.768910706043
0.658029735088,-0.0592548064888,1.51514744759,-0.0874069333076,0.0446416735649,0.631829738617,-0.768868267536
0.657709896564,-0.0589526928961,1.51533174515,-0.0870842263103,0.0459159091115,0.631812393665,-0.768844008446
0.657131433487,-0.0584773570299,1.51518702507,-0.0872137770057,0.0465665981174,0.631942629814,-0.768683135509
0.656670749187,-0.0582371577621,1.51518905163,-0.0868247747421,0.0477645508945,0.631546318531,-0.768979310989
0.656219661236,-0.0577800944448,1.51524496078,-0.0869161561131,0.0488470047712,0.631268084049,-0.769129514694
0.655745625496,-0.057331353426,1.51546037197,-0.0872219130397,0.050340693444,0.631008267403,-0.769211709499
0.655089557171,-0.0569549314678,1.51549422741,-0.0869124084711,0.05113299191,0.630901098251,-0.769282400608
0.654602169991,-0.0569059364498,1.5155570507,-0.0855268239975,0.0527389980853,0.629415154457,-0.770545482635
0.653945147991,-0.0560699924827,1.51554059982,-0.0867734849453,0.0534153878689,0.630419313908,-0.76953792572
0.653710246086,-0.0546998381615,1.51569080353,-0.0896299630404,0.0539723485708,0.629367887974,-0.770032227039
0.652579724789,-0.0551113151014,1.51545524597,-0.0869365334511,0.055410541594,0.62971675396,-0.769953548908
0.652148663998,-0.0551982931793,1.51569139957,-0.0855641067028,0.0574507713318,0.627097606659,-0.772092461586
0.651394605637,-0.0546726807952,1.51551651955,-0.0858558490872,0.0580757632852,0.626741051674,-0.772302746773
0.650640428066,-0.0538483187556,1.51534116268,-0.0865332186222,0.0584788136184,0.627898275852,-0.771256148815
0.649978816509,-0.053339432925,1.51556754112,-0.086848564446,0.0597135722637,0.627199232578,-0.771694779396
0.64921349287,-0.0527688153088,1.51567816734,-0.0871681720018,0.061064902693,0.626297295094,-0.772285282612
0.648655831814,-0.0528402626514,1.51571726799,-0.0858895778656,0.062953479588,0.623493552208,-0.774542212486
0.64800965786,-0.0507578328252,1.51555037498,-0.0905821323395,0.0622602701187,0.623268187046,-0.774245023727
0.647058486938,-0.0504810288548,1.51569533348,-0.0899141430855,0.0634927228093,0.622986137867,-0.774449706078
0.646513998508,-0.0500821359456,1.51564645767,-0.0902528166771,0.0651464760303,0.622109949589,-0.774977087975
0.64573097229,-0.0496063344181,1.51576662064,-0.0903871580958,0.0669004172087,0.620792686939,-0.775867879391
0.644922196865,-0.049703001976,1.5156853199,-0.0893905609846,0.0691110864282,0.620753347874,-0.775821149349
0.644196331501,-0.0491549409926,1.51568293571,-0.0899829789996,0.0703705921769,0.619549930096,-0.776600956917
0.64388012886,-0.0477271974087,1.51582312584,-0.0937706455588,0.0716716051102,0.618190050125,-0.777117371559
0.643080711365,-0.0475874990225,1.51577782631,-0.0933039709926,0.0735104978085,0.61722099781,-0.777771711349
0.642410814762,-0.0470386520028,1.51577818394,-0.094101369381,0.0750664547086,0.616402685642,-0.77817595005
0.641845047474,-0.0464677885175,1.51581406593,-0.0949854925275,0.0767221748829,0.615917265415,-0.778291285038
0.641133725643,-0.0459649711847,1.51571333408,-0.09538757056,0.078262090683,0.61523938179,-0.778624951839
0.640745162964,-0.0458156391978,1.51595473289,-0.0954687595367,0.0808815434575,0.613214254379,-0.779943645
0.640102803707,-0.0449656099081,1.51582062244,-0.097134180367,0.0820876061916,0.613695144653,-0.779233515263
0.639696598053,-0.0442756488919,1.51593351364,-0.0987542271614,0.0840217769146,0.613326609135,-0.779113888741
0.638905584812,-0.0439375974238,1.51592564583,-0.0987110882998,0.0855224728584,0.612801909447,-0.779368817806
0.638337850571,-0.0433927923441,1.51594924927,-0.0990047231317,0.0868707969785,0.613244593143,-0.778834104538
0.637815475464,-0.0428146868944,1.51600372791,-0.099585428834,0.0882714986801,0.613124549389,-0.778697133064
0.637299358845,-0.0423091240227,1.51601135731,-0.100334748626,0.0893111526966,0.613417327404,-0.778251707554
0.636774718761,-0.041800301522,1.51601779461,-0.100807368755,0.0903941616416,0.613903939724,-0.777681767941
0.636513948441,-0.0412221178412,1.5160844326,-0.102075241506,0.0915719717741,0.614112794399,-0.777213394642
0.636104106903,-0.0406825244427,1.51611602306,-0.102765738964,0.0924040749669,0.615011632442,-0.776312828064
0.635262012482,-0.0403582602739,1.51589214802,-0.102083846927,0.092089548707,0.615225493908,-0.776270627975
0.635141015053,-0.0394983068109,1.51612436771,-0.104070328176,0.0926303565502,0.616315245628,-0.775077104568
0.634675323963,-0.0391047559679,1.51611304283,-0.104264296591,0.0929650217295,0.616748988628,-0.77466583252
0.633940756321,-0.038739901036,1.51591801643,-0.103891700506,0.0928666517138,0.618680417538,-0.773186206818
0.633734822273,-0.0381520390511,1.51592123508,-0.104916401207,0.0932179689407,0.619421482086,-0.772411882877
0.633351147175,-0.0374929942191,1.51600289345,-0.106186948717,0.093572743237,0.620959401131,-0.77095913887
0.632974147797,-0.0371043458581,1.51599764824,-0.106418326497,0.0941103994846,0.621812522411,-0.770173728466
0.632454395294,-0.0365456342697,1.5159689188,-0.106878697872,0.0941306874156,0.623402178288,-0.768821179867
0.631556808949,-0.036876372993,1.5158996582,-0.104316577315,0.0949276536703,0.624765753746,-0.767967939377
0.631670773029,-0.0357111543417,1.51590740681,-0.107498683035,0.0953472107649,0.625706851482,-0.766709804535
0.631181776524,-0.0363655313849,1.51607191563,-0.106440894306,0.103815704584,0.614724338055,-0.774601042271
0.63042140007,-0.036884136498,1.51603603363,-0.10388533771,0.105350285769,0.616522371769,-0.773310661316
0.630088448524,-0.0355277396739,1.5158598423,-0.105334922671,0.0981496050954,0.630173206329,-0.762989580631
0.629633545876,-0.0351188406348,1.51564455032,-0.105347402394,0.0987144634128,0.630855441093,-0.762350916862
0.62920075655,-0.0347459688783,1.51560461521,-0.105467155576,0.0994181931019,0.63191485405,-0.761364758015
0.628797113895,-0.0344116687775,1.51556146145,-0.105332314968,0.100266866386,0.632765591145,-0.76056522131
0.628377377987,-0.0340488925576,1.51567530632,-0.1052550897,0.101427353919,0.633097350597,-0.76014572382
0.627246439457,-0.033273614943,1.51545286179,-0.104340046644,0.100356809795,0.633634209633,-0.759966731071
0.626874089241,-0.032982442528,1.51540350914,-0.104298330843,0.101377107203,0.633300721645,-0.760114967823
0.627154111862,-0.0330586582422,1.51555526257,-0.104815192521,0.104133479297,0.633012831211,-0.759911060333
0.626120209694,-0.032362036407,1.5153465271,-0.103912062943,0.103476420045,0.632136285305,-0.760854005814
0.626076459885,-0.03252947703,1.5153990984,-0.103235065937,0.10542756319,0.631844222546,-0.76092082262
0.626020610332,-0.0322489626706,1.51540577412,-0.103335224092,0.107135631144,0.630862593651,-0.761482954025
0.62596309185,-0.0310590043664,1.51529860497,-0.105698913336,0.106920577586,0.628957211971,-0.762763917446
0.625542521477,-0.0308916252106,1.51523768902,-0.104878969491,0.107608884573,0.627487182617,-0.76398986578
0.625117123127,-0.0307957082987,1.51517558098,-0.103891991079,0.108518786728,0.625766038895,-0.765406429768
0.624769806862,-0.0305629260838,1.5151014328,-0.103487983346,0.109216064215,0.624506652355,-0.766389966011
0.624342262745,-0.0304727591574,1.5150346756,-0.102843642235,0.109733529389,0.622934520245,-0.767681241035
0.623679697514,-0.0305694676936,1.51493930817,-0.101346477866,0.109807930887,0.621803045273,-0.768786132336
0.623017609119,-0.0313358977437,1.51506757736,-0.0991300866008,0.117071285844,0.608482718468,-0.778598964214
0.623135209084,-0.0319962799549,1.51523280144,-0.0979949906468,0.124335855246,0.601152539253,-0.783296406269
0.622674703598,-0.0319998897612,1.51515436172,-0.0974330306053,0.124528445303,0.60023355484,-0.784040331841
0.622290551662,-0.0319768488407,1.51512432098,-0.0973460301757,0.124658450484,0.599596679211,-0.784517645836
0.621665358543,-0.0320190340281,1.515001297,-0.0969757959247,0.124287642539,0.599675118923,-0.784562408924
0.621290743351,-0.0320045426488,1.51494717598,-0.0972897484899,0.124144777656,0.600007712841,-0.784291744232
0.620949029922,-0.0315690375865,1.51486992836,-0.0985634550452,0.12152018398,0.603564083576,-0.781810998917
0.620335876942,-0.031729940325,1.51479184628,-0.0984473973513,0.121074616909,0.604486465454,-0.7811819911
0.620081186295,-0.0304378718138,1.51449763775,-0.10157417506,0.110355891287,0.620933175087,-0.769380450249
0.619670033455,-0.0304762460291,1.51443576813,-0.1021579355,0.110016696155,0.622181892395,-0.768342316151
0.619266033173,-0.0305649675429,1.5143699646,-0.102543339133,0.109661057591,0.623222649097,-0.767497837543
0.619035601616,-0.0305284168571,1.51441013813,-0.103850848973,0.109537214041,0.624507248402,-0.766294538975
0.618489861488,-0.0306389704347,1.5143352747,-0.104174733162,0.108739316463,0.625205278397,-0.765794932842
0.618094801903,-0.0306654926389,1.51427924633,-0.104740872979,0.108167648315,0.625936508179,-0.765201151371
0.617611289024,-0.0307392235845,1.51405417919,-0.104972586036,0.107486650348,0.626612305641,-0.764712095261
0.617236196995,-0.0308852475137,1.51422834396,-0.105376161635,0.107434637845,0.627308011055,-0.764093220234
0.616841435432,-0.0309446007013,1.51409685612,-0.105647414923,0.107014596462,0.627685308456,-0.763804793358
0.616308689117,-0.0311153959483,1.51395058632,-0.106023155153,0.106704175472,0.62828707695,-0.763301193714
0.615961968899,-0.0312669947743,1.51388549805,-0.10634188354,0.106837272644,0.628440618515,-0.763111829758
0.615661680698,-0.0314114317298,1.51386094093,-0.106637693942,0.106955088675,0.628360033035,-0.763120412827
0.614929139614,-0.0325836278498,1.51389575005,-0.104008205235,0.107866182923,0.628256261349,-0.763440430164
0.61487019062,-0.0318874195218,1.5138092041,-0.106647633016,0.107228331268,0.626864314079,-0.764309883118
0.614456176758,-0.0320369452238,1.51370739937,-0.106557421386,0.107039801776,0.626393198967,-0.764734983444
0.614106476307,-0.0322787240148,1.51371777058,-0.10642734915,0.107063360512,0.625828742981,-0.765211701393
0.613732933998,-0.0323680303991,1.51374053955,-0.106673687696,0.107198640704,0.62492787838,-0.765894532204
0.613407969475,-0.0325898230076,1.51350700855,-0.106729179621,0.107211180031,0.624257802963,-0.76643127203
0.612941086292,-0.032791338861,1.51342248917,-0.106773853302,0.107098847628,0.623828530312,-0.766790151596
0.612672805786,-0.0331050232053,1.51353430748,-0.106980212033,0.107842177153,0.622979462147,-0.767347276211
0.612163901329,-0.0333841443062,1.51355719566,-0.10676587373,0.108215361834,0.622250974178,-0.767915546894
0.61178869009,-0.0336409136653,1.51355004311,-0.106963068247,0.108310990036,0.621653318405,-0.768358528614
0.61134326458,-0.0340933203697,1.51346123219,-0.106553174555,0.108341358602,0.621617138386,-0.768440544605
0.611016988754,-0.0344465561211,1.51344823837,-0.106725312769,0.108611263335,0.621091604233,-0.768803298473
0.611040472984,-0.0346974730492,1.51365733147,-0.107770107687,0.109645359218,0.620605647564,-0.768903195858
0.61038261652,-0.0349692627788,1.51358890533,-0.107617624104,0.109114468098,0.620640516281,-0.768972039223
0.610130250454,-0.0351921841502,1.51346981525,-0.107971176505,0.108959540725,0.62078422308,-0.768828332424
0.609581232071,-0.0355740301311,1.51343178749,-0.107778459787,0.108737066388,0.620970249176,-0.76873666048
0.609356701374,-0.0359810106456,1.5134524107,-0.108095727861,0.108890227973,0.620849907398,-0.768767595291
0.608987510204,-0.0363080091774,1.5133831501,-0.108471870422,0.108624599874,0.620876908302,-0.768730401993
0.608605623245,-0.0366663113236,1.51335024834,-0.108656927943,0.108353033662,0.621206283569,-0.768476545811
0.608133852482,-0.0370566621423,1.51330494881,-0.108615517616,0.108117349446,0.621629416943,-0.768173336983
0.607800483704,-0.0375035777688,1.51323366165,-0.108813881874,0.108047373593,0.622063577175,-0.767803549767
0.607356488705,-0.0378253012896,1.51314997673,-0.109205238521,0.107651591301,0.622041761875,-0.767821192741
0.607579231262,-0.0386900864542,1.51332676411,-0.109892681241,0.109410643578,0.622148513794,-0.767387866974
0.606773257256,-0.0386574342847,1.51316273212,-0.110099256039,0.107634581625,0.622142612934,-0.767614126205
0.606387853622,-0.0390225686133,1.51316678524,-0.11064428091,0.107350163162,0.622489869595,-0.767294049263
0.605897784233,-0.0395749732852,1.51314234734,-0.110445275903,0.107056200504,0.622022092342,-0.767742991447
0.605547487736,-0.0399298779666,1.51312351227,-0.11113897711,0.106852166355,0.622297227383,-0.767448365688
0.605122745037,-0.0403573364019,1.51312506199,-0.111579529941,0.106440737844,0.622555732727,-0.767231941223
0.604669690132,-0.0407426245511,1.51307737827,-0.112166181207,0.106247164309,0.622208476067,-0.767454862595
0.604205548763,-0.0411993004382,1.51304745674,-0.112665563822,0.105927318335,0.622026503086,-0.767573416233
0.60383951664,-0.0415777154267,1.51302111149,-0.113439552486,0.105733513832,0.622262060642,-0.767295122147
0.603423535824,-0.0420078709722,1.51298332214,-0.113991931081,0.105518914759,0.622280955315,-0.767227530479
0.602956295013,-0.0424876622856,1.51296150684,-0.114626735449,0.105601593852,0.621995806694,-0.767352819443
0.60208773613,-0.0437240153551,1.51290774345,-0.11283069849,0.105713494122,0.622948765755,-0.766830444336
0.602024257183,-0.0432396382093,1.51300656796,-0.116154536605,0.104985043406,0.621854126453,-0.767322421074
0.601507782936,-0.0436538495123,1.51283228397,-0.117007747293,0.10446099937,0.622081100941,-0.767080426216
0.600892484188,-0.0440983884037,1.51265978813,-0.117318153381,0.104148358107,0.622038125992,-0.767110288143
0.600451827049,-0.0444903001189,1.51277422905,-0.118106916547,0.104069449008,0.621984302998,-0.767043590546
0.599580705166,-0.0457370057702,1.51258504391,-0.116417147219,0.104234024882,0.622688770294,-0.766707897186
0.599837362766,-0.0457283817232,1.51284623146,-0.119803458452,0.105417773128,0.622135519981,-0.766473472118
0.598962843418,-0.045702688396,1.51269721985,-0.120255135,0.103707030416,0.622150838375,-0.766623735428
0.598210334778,-0.0472238175571,1.51275074482,-0.118662878871,0.113343134522,0.607252836227,-0.777377963066
0.59735262394,-0.0469050258398,1.51250934601,-0.119997344911,0.102664500475,0.622551381588,-0.766479253769
0.596722364426,-0.0487779602408,1.51270413399,-0.117919616401,0.113633297384,0.608781814575,-0.776252090931
0.59682238102,-0.0470494143665,1.51271188259,-0.123785294592,0.103000640869,0.622470080853,-0.765897512436
0.595963180065,-0.0482108741999,1.51268792152,-0.122429825366,0.103794880211,0.623204767704,-0.765410542488
0.595360100269,-0.0485176518559,1.5126709938,-0.123360574245,0.103519372642,0.624069273472,-0.764593780041
0.594802081585,-0.0488063432276,1.51255905628,-0.124211810529,0.103358328342,0.624936878681,-0.763768494129
0.594268918037,-0.0490749850869,1.51260888577,-0.12524998188,0.103676840663,0.625425219536,-0.76315587759
0.593262672424,-0.0490274652839,1.51286971569,-0.125615507364,0.102926492691,0.625704467297,-0.762968480587
0.592718660831,-0.0492593422532,1.51261293888,-0.126595124602,0.102528825402,0.626711964607,-0.762032687664
0.592148244381,-0.0495887547731,1.51270151138,-0.127238199115,0.103025600314,0.627503335476,-0.761206746101
0.592372715473,-0.0501454472542,1.51297545433,-0.12881231308,0.105194494128,0.628577113152,-0.759758174419
0.592009782791,-0.050461795181,1.51295411587,-0.129710510373,0.105700828135,0.629725277424,-0.758583307266
0.591636776924,-0.0507254898548,1.51296210289,-0.130508333445,0.106235019863,0.630780637264,-0.757494211197
0.591276049614,-0.0509638078511,1.51302564144,-0.131204217672,0.106676228344,0.631971776485,-0.756318390369
0.590939760208,-0.0512277856469,1.51299405098,-0.131672665477,0.106976144016,0.63284933567,-0.755460202694
0.589896917343,-0.0511397011578,1.51287102699,-0.131251186132,0.10562799871,0.634153485298,-0.754629135132
0.589511275291,-0.0513332299888,1.51277267933,-0.131577134132,0.10568767041,0.635245978832,-0.753644526005
0.589335083961,-0.0516180843115,1.5128595829,-0.132337838411,0.106443583965,0.636474788189,-0.752367079258
0.589077830315,-0.051833845675,1.51271438599,-0.132800236344,0.106520935893,0.637774825096,-0.751172959805
0.588835120201,-0.0518401637673,1.51280164719,-0.13480861485,0.106677778065,0.641260564327,-0.74781781435
0.588635444641,-0.0523122213781,1.51278817654,-0.133451491594,0.107004754245,0.640243291855,-0.748885273933
0.588429629803,-0.0525434911251,1.5125875473,-0.133453294635,0.106833271682,0.641231119633,-0.748063981533
0.588280439377,-0.0527411401272,1.51266717911,-0.133556291461,0.106963843107,0.642181277275,-0.74721133709
0.588089883327,-0.0529086366296,1.51251029968,-0.133525013924,0.106667347252,0.643072783947,-0.746492266655
0.587981939316,-0.0530417971313,1.51258683205,-0.133768483996,0.10671761632,0.644148826599,-0.745512962341
0.587800621986,-0.0532334670424,1.51238620281,-0.133604720235,0.106339305639,0.644881606102,-0.74496281147
0.587788283825,-0.0534706152976,1.51256501675,-0.133232370019,0.107022359967,0.64583915472,-0.744101643562
0.587721824646,-0.0536236204207,1.51236021519,-0.133019566536,0.106572560966,0.646255791187,-0.743842422962
0.58765566349,-0.053763050586,1.51236522198,-0.132944643497,0.106426775455,0.646824240685,-0.743382453918
0.5875005126,-0.0537945777178,1.51213657856,-0.133162990212,0.105362847447,0.647313058376,-0.743069469929
0.587420940399,-0.0538741126657,1.51214420795,-0.133108153939,0.105048954487,0.647862792015,-0.742644548416
0.587371885777,-0.0540077127516,1.51214563847,-0.13286459446,0.10493054986,0.648345947266,-0.742282927036
0.587363898754,-0.05410740152,1.51215302944,-0.132804438472,0.104851990938,0.649006128311,-0.741727769375
0.587397754192,-0.0542730651796,1.51212978363,-0.132612064481,0.104872137308,0.649523854256,-0.741306126118
0.587457418442,-0.0544628165662,1.5122975111,-0.132470279932,0.105133756995,0.650190353394,-0.740709781647
0.587358057499,-0.0545917190611,1.5121281147,-0.131902307272,0.104786515236,0.650845170021,-0.740285098553
0.587378025055,-0.0546831898391,1.51217937469,-0.131678685546,0.104812189937,0.651923835278,-0.739371597767
0.587364256382,-0.0546412989497,1.51203835011,-0.13181810081,0.104508750141,0.65246617794,-0.738911271095
0.58741080761,-0.0547240637243,1.51210355759,-0.131664976478,0.104700140655,0.653247594833,-0.738220632076
0.587397754192,-0.0548824965954,1.51208519936,-0.131230637431,0.104819998145,0.654416561127,-0.737245023251
0.587404549122,-0.0550134666264,1.51211738586,-0.131040096283,0.104947373271,0.65525239706,-0.736518085003
0.587544262409,-0.0552084892988,1.51216375828,-0.130838155746,0.105339094996,0.656115710735,-0.73572909832
0.587520837784,-0.0553052946925,1.51204538345,-0.130570575595,0.105141595006,0.656943798065,-0.735065639019
0.587662100792,-0.05538918823,1.51197898388,-0.130939632654,0.105985447764,0.656819701195,-0.734989643097
0.587718367577,-0.0554843991995,1.51195156574,-0.130852922797,0.106123268604,0.65758985281,-0.734296321869
0.587806582451,-0.0555720292032,1.51192235947,-0.130852133036,0.106264099479,0.65849417448,-0.733465135098
0.587940394878,-0.0556349270046,1.51190829277,-0.130928918719,0.106401450932,0.659555315971,-0.732477366924
0.588050127029,-0.0557258985937,1.51192998886,-0.13087156415,0.106610558927,0.660583198071,-0.731530368328
0.588289022446,-0.0558590106666,1.51204323769,-0.130979567766,0.107106246054,0.661488294601,-0.730620145798
0.588385760784,-0.0559424497187,1.51195991039,-0.130885645747,0.107198357582,0.662514567375,-0.729693114758
0.588467359543,-0.0559418275952,1.51180195808,-0.130953207612,0.107285253704,0.663757026196,-0.728538095951
0.588684916496,-0.0559476353228,1.51190400124,-0.131287038326,0.107631631196,0.665097773075,-0.727202951908
0.588706016541,-0.0558493360877,1.51175022125,-0.131062224507,0.106346599758,0.667467534542,-0.725258827209
0.588999927044,-0.0558756403625,1.51192963123,-0.131446748972,0.106599986553,0.668862938881,-0.723864912987
0.589195251465,-0.0559203140438,1.51190030575,-0.131485983729,0.106641568244,0.670077085495,-0.722728013992
0.589399397373,-0.0559743903577,1.51192045212,-0.131437912583,0.106777772307,0.671012401581,-0.721848189831
0.589666724205,-0.0560400038958,1.51193022728,-0.131476566195,0.10699480027,0.671966195107,-0.720921456814
0.590302288532,-0.0566542819142,1.511947155,-0.130451515317,0.111035317183,0.672810137272,-0.719708263874
0.590640723705,-0.056697871536,1.51197826862,-0.130550831556,0.111280523241,0.674192845821,-0.718357145786
0.590888381004,-0.0567159540951,1.51196610928,-0.130527183414,0.111250467598,0.675567567348,-0.717073559761
0.59112983942,-0.056725114584,1.51195526123,-0.13044013083,0.111190572381,0.676851570606,-0.715886950493
0.591405212879,-0.056788276881,1.51211535931,-0.13032528758,0.111368522048,0.678131520748,-0.714667737484
0.591664195061,-0.0568226799369,1.51218628883,-0.130034893751,0.111507773399,0.679210662842,-0.713673472404
0.591902792454,-0.0568794421852,1.51226985455,-0.129585817456,0.111484728754,0.680076420307,-0.712933957577
0.592169940472,-0.0569314844906,1.51226103306,-0.129294723272,0.111383967102,0.680962026119,-0.7121565938
0.592324197292,-0.0569487735629,1.51226401329,-0.128509253263,0.110909499228,0.681681156158,-0.711684703827
0.592558264732,-0.056939419359,1.5122756958,-0.128277763724,0.110626578331,0.682225227356,-0.711249053478
0.592871487141,-0.0569805651903,1.5123090744,-0.127906933427,0.110623583198,0.683311164379,-0.710273265839
0.593109428883,-0.0569877028465,1.51228821278,-0.127614423633,0.11041624099,0.684106826782,-0.70959186554
0.593348562717,-0.0569712258875,1.5122859478,-0.127447187901,0.110286876559,0.684924721718,-0.70885270834
0.593544125557,-0.0569602660835,1.51222169399,-0.127202391624,0.10993219167,0.685591578484,-0.708306849003
0.593822836876,-0.056999925524,1.51223421097,-0.127034902573,0.109789595008,0.686144292355,-0.707823455334
0.594099998474,-0.0569628737867,1.51223921776,-0.127089217305,0.109514519572,0.686854243279,-0.707167565823
0.594325184822,-0.0569682829082,1.5119998455,-0.126726105809,0.108842357993,0.68701928854,-0.707176327705
0.594545722008,-0.0569648966193,1.51193380356,-0.126714527607,0.108542121947,0.68761241436,-0.706647872925
0.594748675823,-0.0569782480597,1.51207661629,-0.126730874181,0.108507394791,0.687990009785,-0.706282734871
0.594934105873,-0.0569989718497,1.5120575428,-0.126786574721,0.108350209892,0.688313364983,-0.705981731415
0.595119476318,-0.0570214167237,1.51213026047,-0.126914560795,0.10840395838,0.688578009605,-0.70569217205
0.595193743706,-0.0570440143347,1.51197648048,-0.126907557249,0.107991911471,0.688795745373,-0.705544233322
0.595378041267,-0.0570755526423,1.51203322411,-0.127104088664,0.108102731407,0.688908100128,-0.705382108688
0.595507264137,-0.057088855654,1.51201045513,-0.127242401242,0.108031719923,0.688915669918,-0.705360770226
0.595626235008,-0.0571191646159,1.51205253601,-0.127307206392,0.108021110296,0.688987731934,-0.70528036356
0.595732033253,-0.0571401007473,1.51203978062,-0.127444967628,0.107986830175,0.688879430294,-0.705366492271
0.595816254616,-0.0571710988879,1.51193284988,-0.127528831363,0.107756488025,0.688750207424,-0.705512583256
0.595898866653,-0.0571802482009,1.51190710068,-0.127710729837,0.107644736767,0.688610196114,-0.705633401871
0.596014976501,-0.0571774020791,1.51188719273,-0.128017812967,0.107573464513,0.688259363174,-0.705930829048
0.596092641354,-0.0571840666234,1.51186132431,-0.128376543522,0.107437051833,0.687823593616,-0.706311166286
0.596183896065,-0.0571615286171,1.51176345348,-0.12869939208,0.107198573649,0.687453687191,-0.70664870739
0.596239626408,-0.0571746192873,1.51175630093,-0.12894167006,0.107065342367,0.687052190304,-0.707015216351
0.596324682236,-0.0571749433875,1.51175117493,-0.129298016429,0.106891214848,0.686601161957,-0.707414448261
0.596410691738,-0.0572199299932,1.51182079315,-0.129299849272,0.106928996742,0.68596971035,-0.708020687103
0.5964807868,-0.057105563581,1.51174497604,-0.129548713565,0.106442973018,0.685621619225,-0.708385527134
0.596570432186,-0.0571245700121,1.51173591614,-0.12980222702,0.106290131807,0.68524736166,-0.708724081516
0.596208035946,-0.0566280297935,1.5116610527,-0.130846083164,0.102363668382,0.684487938881,-0.709843039513
0.596255600452,-0.0567603483796,1.51198244095,-0.131073027849,0.102588430047,0.684143126011,-0.71010106802
0.596309959888,-0.0567553713918,1.51207947731,-0.131232336164,0.102506436408,0.683657646179,-0.710551023483
0.596315562725,-0.0567460879683,1.51211071014,-0.131245419383,0.102255381644,0.683183670044,-0.711040496826
0.596419394016,-0.0566842220724,1.51173710823,-0.131432875991,0.101577021182,0.68267416954,-0.711592257023
0.59641289711,-0.0566697195172,1.51177048683,-0.13157145679,0.101361341774,0.682041466236,-0.712203800678
0.596441328526,-0.0566236153245,1.51169991493,-0.131886988878,0.101092353463,0.681527853012,-0.712675154209
0.596465587616,-0.0565493442118,1.51172244549,-0.132283747196,0.100701719522,0.68087887764,-0.713277041912
0.596494138241,-0.0564731769264,1.51170933247,-0.132603779435,0.100444555283,0.680212914944,-0.7138890028
0.59651863575,-0.0564092360437,1.5117380619,-0.132900074124,0.100285299122,0.679558634758,-0.714479207993
0.596507191658,-0.056370805949,1.5116546154,-0.13298587501,0.100056260824,0.678789198399,-0.715226352215
0.596544146538,-0.0564324297011,1.51173126698,-0.132812470198,0.10002925247,0.677778244019,-0.71622055769
0.596591174603,-0.0563754551113,1.51176857948,-0.133149147034,0.100041367114,0.676965177059,-0.716924846172
0.596642315388,-0.056311942637,1.51173830032,-0.133428484201,0.10002207011,0.676239967346,-0.717559754848
0.597074151039,-0.0566918551922,1.51188528538,-0.133013427258,0.103735096753,0.67548084259,-0.717824578285
0.597128391266,-0.0566092953086,1.51195299625,-0.133452415466,0.104056209326,0.674644470215,-0.718482732773
0.596736907959,-0.0560207813978,1.51191282272,-0.134653806686,0.100787073374,0.673736572266,-0.719575822353
0.597089827061,-0.0563612692058,1.51191592216,-0.134181946516,0.104297764599,0.672833859921,-0.720008254051
0.597219347954,-0.0561745539308,1.51197767258,-0.135125502944,0.104661673307,0.672004163265,-0.720553576946
0.597212314606,-0.0560023039579,1.51201915741,-0.13558319211,0.1048534289,0.67106539011,-0.721314311028
0.597163319588,-0.0558464378119,1.51200163364,-0.13582958281,0.104996100068,0.670268297195,-0.721987783909
0.597046375275,-0.0556361116469,1.5120780468,-0.136108309031,0.105219252408,0.669291973114,-0.72280818224
0.597019016743,-0.0554521456361,1.51217293739,-0.136485695839,0.105437703431,0.668470859528,-0.723464906216
0.596975445747,-0.0552463233471,1.51194906235,-0.13667024672,0.105235382915,0.667736470699,-0.724137246609
0.597016274929,-0.0551593080163,1.51202523708,-0.136886268854,0.105731904507,0.666920483112,-0.724775850773
0.596811711788,-0.0548824630678,1.51190876961,-0.136821582913,0.105436131358,0.666269183159,-0.725429832935
0.596441030502,-0.0546409077942,1.51194214821,-0.137565940619,0.105192869902,0.662207186222,-0.729034781456
0.596219480038,-0.0544462166727,1.51179802418,-0.137312293053,0.104922279716,0.661739528179,-0.729546129704
0.596270024776,-0.0542456768453,1.51179027557,-0.137651979923,0.105289675295,0.661058306694,-0.730046629906
0.596226394176,-0.0538548342884,1.51173710823,-0.137749686837,0.103976912796,0.662709116936,-0.728718340397
0.596177041531,-0.0536291003227,1.51158607006,-0.137818574905,0.103925652802,0.662319898605,-0.729066431522
0.596140742302,-0.053380317986,1.51160860062,-0.138037398458,0.104139819741,0.661853909492,-0.72941750288
0.596030533314,-0.0531464889646,1.51162183285,-0.137872517109,0.104247219861,0.661313891411,-0.729923069477
0.596071183681,-0.0529386326671,1.51169586182,-0.137837514281,0.104604311287,0.661016404629,-0.730147898197
0.596126437187,-0.0528330877423,1.51178741455,-0.137436747551,0.105047747493,0.660837113857,-0.730322122574
0.596050262451,-0.0525525249541,1.51172804832,-0.137201651931,0.104797311127,0.660616099834,-0.7306022048
0.596116423607,-0.0524097941816,1.51182281971,-0.136949628592,0.10496006161,0.660665392876,-0.730581521988
0.596075057983,-0.0521882101893,1.5118342638,-0.136599242687,0.104847736657,0.660588502884,-0.73073297739
0.596026599407,-0.0520232766867,1.51179242134,-0.136085316539,0.104749083519,0.660383939743,-0.731027781963
0.596035838127,-0.0518194995821,1.51179540157,-0.135692700744,0.104790464044,0.660284936428,-0.731184184551
0.596017837524,-0.0515630841255,1.51179552078,-0.135313034058,0.104714617133,0.660107553005,-0.731425583363
0.59619230032,-0.0512214526534,1.51169347763,-0.135236889124,0.104726850986,0.660175800323,-0.731376230717
0.596128940582,-0.0510868802667,1.511895895,-0.134774178267,0.104971721768,0.660211503506,-0.731394350529
0.59615457058,-0.050886079669,1.51183581352,-0.134414687753,0.10489743948,0.660121738911,-0.731552064419
0.596150040627,-0.0506589300931,1.51184201241,-0.133933246136,0.104826591909,0.66005140543,-0.731714010239
0.596243619919,-0.0504358224571,1.5118483305,-0.133720293641,0.104966394603,0.659950256348,-0.731824278831
0.596328914165,-0.0502461008728,1.51186275482,-0.133338958025,0.105265267193,0.65991294384,-0.731884419918
0.596510112286,-0.0500515028834,1.51190841198,-0.133147135377,0.105815932155,0.659945130348,-0.731810986996
0.596654176712,-0.0498313456774,1.51205897331,-0.133029878139,0.106148950756,0.659913241863,-0.73181283474
0.596731603146,-0.0495959818363,1.51207089424,-0.132685557008,0.106126025319,0.659783303738,-0.73199570179
0.596782684326,-0.04927566275,1.51205158234,-0.131239548326,0.105654835701,0.657662153244,-0.734229981899
0.596893429756,-0.0491139553487,1.51207709312,-0.132037058473,0.105794735253,0.659850478172,-0.732100427151
0.597320914268,-0.049236215651,1.51221978664,-0.130395740271,0.107878819108,0.66126948595,-0.730809032917
0.597277641296,-0.049164570868,1.51215875149,-0.128937140107,0.107474647462,0.661422848701,-0.730988621712
0.597440183163,-0.0489659719169,1.51216304302,-0.128577083349,0.107362233102,0.661412596703,-0.731077730656
0.597601830959,-0.0488130748272,1.51219785213,-0.128133058548,0.107333928347,0.661109387875,-0.731434166431
0.597300112247,-0.0482118166983,1.51212096214,-0.128235608339,0.104002170265,0.660849690437,-0.732131779194
0.59744733572,-0.0480528026819,1.51213371754,-0.127947673202,0.103897638619,0.660863816738,-0.732184350491
0.597541809082,-0.0478723235428,1.51213538647,-0.127651974559,0.103711858392,0.660895705223,-0.732233345509
0.59764611721,-0.0476010553539,1.51205730438,-0.127623602748,0.103380590677,0.660972833633,-0.732215642929
0.598373234272,-0.0479068085551,1.51225018501,-0.126920238137,0.107127897441,0.661568343639,-0.73126077652
0.598492383957,-0.047676756978,1.51218020916,-0.126635164022,0.106888696551,0.661459207535,-0.731443822384
0.598673164845,-0.0475569218397,1.51218557358,-0.126038715243,0.106900170445,0.66111946106,-0.731852293015
0.598862290382,-0.0474111735821,1.51220500469,-0.125829517841,0.106826990843,0.661110818386,-0.73190677166
0.598580777645,-0.0467817187309,1.51213777065,-0.12624810636,0.103131979704,0.660990715027,-0.732472836971
0.598764300346,-0.0466296672821,1.51214194298,-0.125975504518,0.103049911559,0.660745620728,-0.73275244236
0.59909504652,-0.0465382635593,1.51221978664,-0.125868096948,0.103179387748,0.660573780537,-0.732907533646
0.59922927618,-0.0464624203742,1.5124424696,-0.125465095043,0.103326074779,0.660513401031,-0.733010351658
0.599494934082,-0.0460594519973,1.51247370243,-0.1271289289,0.103191979229,0.662554323673,-0.730897724628
0.599704325199,-0.0461879372597,1.5124745369,-0.125083878636,0.103067077696,0.660197377205,-0.733396708965
0.599829256535,-0.0460355170071,1.51246225834,-0.12459282577,0.102691806853,0.659854829311,-0.733841061592
0.600082159042,-0.0459007807076,1.51247739792,-0.124193862081,0.102516829967,0.659087657928,-0.734622180462
0.600293278694,-0.0457687489688,1.51249742508,-0.123830668628,0.102359518409,0.65855550766,-0.735182404518
0.600419640541,-0.0455572493374,1.51241862774,-0.12352502346,0.101855419576,0.658172786236,-0.735646367073
0.600626766682,-0.0453946478665,1.51240456104,-0.123240038753,0.101406373084,0.657756149769,-0.736128866673
0.600841283798,-0.045274309814,1.5124130249,-0.12265111506,0.101040199399,0.65724927187,-0.736729860306
0.601033270359,-0.0451243929565,1.51238930225,-0.122327253222,0.10047878325,0.6564925313,-0.737534701824
0.601366221905,-0.0450372062624,1.51247525215,-0.122183412313,0.10035110265,0.655955612659,-0.738053739071
0.601490199566,-0.044859431684,1.51238882542,-0.121513158083,0.0996529310942,0.654711008072,-0.739362835884
0.601728916168,-0.0447620600462,1.51238942146,-0.121069520712,0.0992858931422,0.653616070747,-0.740452945232
0.601996719837,-0.0446150824428,1.51244390011,-0.120723225176,0.0988490879536,0.652638852596,-0.741429209709
0.602169752121,-0.0445239245892,1.51239156723,-0.120172038674,0.0982038229704,0.651576161385,-0.742538392544
0.602439761162,-0.0443947128952,1.51238167286,-0.120080858469,0.0977218598127,0.650909781456,-0.74320089817
0.60269254446,-0.04427806288,1.5123925209,-0.120003908873,0.0973811745644,0.650093972683,-0.743971586227
0.602915585041,-0.0442108437419,1.51238906384,-0.11972322315,0.0970230475068,0.648998439312,-0.745019376278
0.603130161762,-0.0441363491118,1.51240491867,-0.119488246739,0.0965650007129,0.648234903812,-0.745781064034
0.603403866291,-0.0441288426518,1.51247096062,-0.119315087795,0.0963400900364,0.647389054298,-0.746572077274
0.603553593159,-0.0439684689045,1.51239669323,-0.119194485247,0.0955181717873,0.646883606911,-0.747134804726
0.60391664505,-0.0440205931664,1.51250433922,-0.11910610646,0.0955379009247,0.645965099335,-0.747940897942
0.60415917635,-0.0439228378236,1.51250207424,-0.119363293052,0.0950191542506,0.645290493965,-0.748547971249
0.604412198067,-0.0438532307744,1.51250171661,-0.119547426701,0.094676271081,0.644709050655,-0.749062776566
0.604682445526,-0.0437940061092,1.51251924038,-0.119763970375,0.0944499969482,0.644056499004,-0.749617934227
0.604983568192,-0.0437415651977,1.51252686977,-0.119927741587,0.0941409468651,0.643609106541,-0.750014722347
0.605258762836,-0.04368994385,1.5125246048,-0.120077311993,0.0937309414148,0.643645644188,-0.750010788441
0.605504095554,-0.0436405837536,1.51253354549,-0.120205193758,0.0933905467391,0.643409669399,-0.750235378742
0.605754733086,-0.0434981845319,1.51245319843,-0.120546191931,0.0929462313652,0.643326163292,-0.750307321548
0.605957627296,-0.0434712730348,1.51244795322,-0.120435811579,0.0926022455096,0.643156468868,-0.750513017178
0.606371879578,-0.0435391739011,1.51262712479,-0.120399519801,0.0927225798368,0.643345296383,-0.750342071056
0.607256114483,-0.0438285507262,1.51277697086,-0.121168799698,0.0939080715179,0.643941700459,-0.749558806419
0.606782317162,-0.0434145405889,1.51259350777,-0.12007817626,0.0917115733027,0.644161880016,-0.749817013741
0.606999754906,-0.0433704592288,1.51259589195,-0.119792938232,0.0914893895388,0.644313931465,-0.749759316444
0.60719025135,-0.0432798787951,1.51263916492,-0.119606919587,0.090875312686,0.644711375237,-0.749521911144
0.607461035252,-0.0432262569666,1.51263570786,-0.119226433337,0.0906657353044,0.644947946072,-0.749404430389
0.607680022717,-0.0431657396257,1.51259040833,-0.119067318738,0.0905362963676,0.645271658897,-0.749166667461
0.607922017574,-0.0431112498045,1.51259338856,-0.118951588869,0.0906989350915,0.645577847958,-0.748901605606
0.608153522015,-0.0430357307196,1.51259040833,-0.118792869151,0.0908282250166,0.645841419697,-0.748683810234
0.608350932598,-0.0429956242442,1.51263856888,-0.118486918509,0.0910207554698,0.646256804466,-0.748350441456
0.608480334282,-0.0428466387093,1.51253664494,-0.117939189076,0.0908361971378,0.646979629993,-0.747834503651
0.608718514442,-0.0428406372666,1.5126042366,-0.117519073188,0.0911028534174,0.647432923317,-0.747475922108
0.608830630779,-0.0425058268011,1.51256871223,-0.118489407003,0.0909713804722,0.650228023529,-0.744907975197
0.60894715786,-0.0423324145377,1.5124694109,-0.118170365691,0.0908751115203,0.650567114353,-0.744674444199
0.609199464321,-0.0423073507845,1.51252818108,-0.117786757648,0.0912288054824,0.650849640369,-0.744445025921
0.609361588955,-0.0425069108605,1.51250565052,-0.115546524525,0.0914413109422,0.648741602898,-0.746606886387
0.609510838985,-0.0424303859472,1.51247310638,-0.115022487938,0.0914965942502,0.648888885975,-0.746553063393
0.609685122967,-0.0423615686595,1.51243305206,-0.114472322166,0.0917236506939,0.649392068386,-0.746172189713
0.60972648859,-0.0422209315002,1.51226758957,-0.113841444254,0.0915712937713,0.649805784225,-0.745927214622
0.609931707382,-0.0421720072627,1.5122781992,-0.113471411169,0.0920267254114,0.650110006332,-0.745662331581
0.610051572323,-0.0420809015632,1.51226568222,-0.113122016191,0.0922615230083,0.650490581989,-0.7453545928
0.610207736492,-0.0419253446162,1.51225543022,-0.113047376275,0.0926434621215,0.650820195675,-0.745030522346
0.610303640366,-0.0417881757021,1.51229000092,-0.112767018378,0.0929900407791,0.650894105434,-0.744965314865
0.610415697098,-0.041684973985,1.51227843761,-0.112607568502,0.0932989194989,0.651113808155,-0.744758665562
0.610499501228,-0.0416064709425,1.5122834444,-0.112312242389,0.0935794636607,0.651389181614,-0.744527339935
0.610629200935,-0.0415347144008,1.51229333878,-0.111910648644,0.0940789356828,0.65169864893,-0.744254052639
0.610786259174,-0.0415535569191,1.51235103607,-0.111520476639,0.0945092216134,0.651908814907,-0.744073987007
0.61084985733,-0.0414989851415,1.51221179962,-0.111137263477,0.0945658683777,0.65209209919,-0.743963479996
0.610914587975,-0.0414287745953,1.51221656799,-0.110872760415,0.0946609079838,0.652182340622,-0.743911743164
0.610985159874,-0.0413107164204,1.51212215424,-0.110701069236,0.0946389809251,0.652367055416,-0.74377822876
0.61106210947,-0.0412453263998,1.51211214066,-0.110465280712,0.0948048084974,0.652394711971,-0.743767738342
0.611191868782,-0.0411934964359,1.5120036602,-0.110198512673,0.0949234515429,0.652205646038,-0.743958175182
0.611265480518,-0.0411303415895,1.51199829578,-0.110098473728,0.0951230376959,0.652140378952,-0.744004607201
0.611336350441,-0.0410540886223,1.51195967197,-0.11003087461,0.0952143296599,0.652022957802,-0.744105756283
0.611419379711,-0.0409567281604,1.5120947361,-0.110065765679,0.0955385491252,0.652001559734,-0.744077861309
0.611451268196,-0.0408794172108,1.51207399368,-0.109726265073,0.0956332162023,0.652363538742,-0.743798673153
0.611447930336,-0.040812432766,1.51205635071,-0.109433747828,0.0955973118544,0.652404129505,-0.743810713291
0.611499011517,-0.0406981930137,1.51203513145,-0.109427846968,0.0955148935318,0.65253508091,-0.743707239628
0.611529231071,-0.0406321249902,1.51202821732,-0.109194986522,0.0954647809267,0.652793169022,-0.743521392345
0.611548125744,-0.0405510552227,1.51201808453,-0.10913028568,0.0952854081988,0.653004288673,-0.743368625641
0.611558139324,-0.0404882133007,1.51199126244,-0.108918339014,0.0951674580574,0.653216540813,-0.743228197098
0.611554145813,-0.0404075533152,1.51198410988,-0.108749978244,0.0949802175164,0.653495430946,-0.743031620979
0.611506938934,-0.040373839438,1.51215779781,-0.108563527465,0.0950399041176,0.653856694698,-0.742733418941
0.611442148685,-0.0402234345675,1.51206636429,-0.108514867723,0.0946292802691,0.654099941254,-0.742578744888
0.611517965794,-0.0402366966009,1.51214206219,-0.108473300934,0.0947724059224,0.654455244541,-0.742253363132
0.611432313919,-0.0401008538902,1.511921525,-0.108401454985,0.0942759737372,0.654726564884,-0.742087841034
0.611529052258,-0.0400822870433,1.51200032234,-0.108508527279,0.0945671796799,0.655332803726,-0.741499662399
0.61153614521,-0.0400200635195,1.51200163364,-0.108507215977,0.0945280939341,0.655616223812,-0.741254210472
0.611566781998,-0.0399649515748,1.51201856136,-0.108524911106,0.0945707634091,0.655903875828,-0.740991771221
0.611618697643,-0.0399076677859,1.51215755939,-0.108595371246,0.0947538465261,0.656150996685,-0.740739226341
0.611651480198,-0.0398486964405,1.51217091084,-0.108681477606,0.0947460010648,0.656474232674,-0.740441143513
0.611693203449,-0.039756257087,1.51186227798,-0.108710676432,0.0942493081093,0.656741082668,-0.740263640881
0.611729681492,-0.039731733501,1.51187765598,-0.108581461012,0.0942562520504,0.656871855259,-0.740165710449
0.611758768559,-0.0396831408143,1.51188778877,-0.108584366739,0.094161182642,0.657287657261,-0.739808142185
0.611760914326,-0.039539784193,1.51195025444,-0.108717612922,0.0939779952168,0.657721757889,-0.739425897598
0.611862778664,-0.0396296679974,1.51207029819,-0.10873901844,0.094216324389,0.658175230026,-0.738988816738
0.61182820797,-0.0395282506943,1.51199281216,-0.108744099736,0.093748934567,0.658558309078,-0.738706111908
0.611870467663,-0.0394791290164,1.51199185848,-0.108640685678,0.0932509079576,0.659543693066,-0.737904787064
0.611975491047,-0.0395015776157,1.51206982136,-0.10884001106,0.0931297242641,0.660268425941,-0.737242281437
0.611982107162,-0.0394487902522,1.51193869114,-0.109084762633,0.0925238877535,0.66093146801,-0.73668807745
0.612076044083,-0.0394173115492,1.51203680038,-0.109456978738,0.0923413336277,0.661501348019,-0.736144244671
0.61213696003,-0.0394095554948,1.51204776764,-0.109842158854,0.0919358432293,0.662044584751,-0.735649049282
0.612160921097,-0.039378657937,1.51203107834,-0.110368102789,0.0911267697811,0.662581562996,-0.735187351704
0.61222165823,-0.0393970757723,1.51204156876,-0.11079595238,0.0904022231698,0.663186967373,-0.734666407108
0.612291812897,-0.0393839739263,1.51221203804,-0.111220188439,0.0895129814744,0.664446532726,-0.733572304249
0.612314522266,-0.0394602045417,1.51225233078,-0.111644640565,0.0883034393191,0.664860665798,-0.733279109001
0.612285077572,-0.0394368059933,1.51221370697,-0.112130492926,0.0867582559586,0.665327548981,-0.732965886593
0.612279593945,-0.0394617877901,1.51213109493,-0.112961895764,0.0848769024014,0.666048407555,-0.732403576374
0.612193107605,-0.0394355505705,1.51208817959,-0.113547928631,0.0825747177005,0.666555643082,-0.732114672661
0.612536072731,-0.0399150177836,1.51209676266,-0.113358922303,0.0842895656824,0.666941404343,-0.731596946716
0.613332927227,-0.0403200872242,1.5123796463,-0.115491963923,0.0845997259021,0.667820215225,-0.7304251194
0.613262236118,-0.0403660647571,1.51222419739,-0.116133414209,0.0821943953633,0.66820448637,-0.730246543884
0.612343668938,-0.0399993732572,1.51194524765,-0.115575604141,0.0779489278793,0.668151438236,-0.730848789215
0.612191081047,-0.0400601141155,1.51177895069,-0.116232417524,0.0758672431111,0.668615698814,-0.730539023876
0.612116932869,-0.040150500834,1.51185178757,-0.117035262287,0.0743011087179,0.66863244772,-0.730556488037
0.612045407295,-0.0403723269701,1.51191949844,-0.117583610117,0.0730070620775,0.668159782887,-0.731031239033
0.61190289259,-0.0404563695192,1.51188421249,-0.118509143591,0.0715751796961,0.667826712132,-0.731327474117
0.611759126186,-0.0405032075942,1.51186060905,-0.119183674455,0.0700936317444,0.667980313301,-0.73122125864
0.611718833447,-0.0406249165535,1.51185488701,-0.120238378644,0.0688018798828,0.668248176575,-0.730926454067
0.611582875252,-0.0404199063778,1.51182246208,-0.123240746558,0.0671056509018,0.670490026474,-0.728527069092
0.612317383289,-0.0410964079201,1.51199185848,-0.124112978578,0.0682424008846,0.668633580208,-0.729978144169
0.611040115356,-0.0403638854623,1.51165688038,-0.124513030052,0.0618606768548,0.668273150921,-0.730808377266
0.611440837383,-0.0408613309264,1.51170909405,-0.125133827329,0.0645232498646,0.668633282185,-0.730142295361
0.610839605331,-0.040538482368,1.51160240173,-0.126975506544,0.0596622228622,0.668511331081,-0.730349481106
0.610708117485,-0.0405848920345,1.51146411896,-0.128201395273,0.0584572888911,0.669173181057,-0.729626119137
0.610765278339,-0.0406411290169,1.51148295403,-0.129633322358,0.0577766373754,0.670126914978,-0.728551208973
0.610850989819,-0.040735937655,1.51157903671,-0.131279394031,0.0570550225675,0.671052873135,-0.727460384369
0.61086577177,-0.0407479815185,1.51158750057,-0.132775396109,0.0563687831163,0.672052502632,-0.726318538189
0.610832691193,-0.0408464260399,1.5115493536,-0.13383115828,0.0554780401289,0.672664642334,-0.725626349449
0.610926806927,-0.0408461764455,1.51169061661,-0.135283008218,0.0548479557037,0.673810601234,-0.724340677261
0.611038863659,-0.0408520922065,1.51170158386,-0.136572867632,0.0539626181126,0.675193786621,-0.722875714302
0.611252605915,-0.0407656952739,1.51172602177,-0.138530790806,0.0533929467201,0.676531493664,-0.72129291296
