x,y,z,q0,q1,q2,q3
-0.419284343719,0.21563462913,0.812228441238,0.200002089143,-0.671369016171,-0.126414641738,-0.70234054327
-0.419270902872,0.21559984982,0.812257766724,0.199979603291,-0.671362757683,-0.126588270068,-0.702321588993
-0.419267237186,0.215588793159,0.812270283699,0.199932783842,-0.67141777277,-0.126503407955,-0.702297627926
-0.419262230396,0.215593755245,0.812284946442,0.19985230267,-0.671488046646,-0.126506045461,-0.702252924442
-0.419263005257,0.215591549873,0.812299013138,0.199923694134,-0.671314418316,-0.126553922892,-0.702390015125
-0.419254720211,0.215570390224,0.812323868275,0.199958175421,-0.671542584896,-0.126642182469,-0.702146172523
-0.419274151325,0.215586736798,0.812332749367,0.200072854757,-0.671440660954,-0.126503437757,-0.702235877514
-0.419292658567,0.215572670102,0.812343358994,0.200019046664,-0.671310722828,-0.126552924514,-0.702366530895
-0.419307529926,0.21555352211,0.812366366386,0.200037658215,-0.671279728413,-0.126635238528,-0.702376008034
-0.419335782528,0.215551331639,0.812382340431,0.200037226081,-0.671314060688,-0.126672521234,-0.702336668968
-0.41938829422,0.215555563569,0.812382817268,0.199783936143,-0.671217858791,-0.126482248306,-0.702534914017
-0.419423222542,0.215565472841,0.812402844429,0.199696868658,-0.671305179596,-0.126391872764,-0.70249247551
-0.419458895922,0.215565755963,0.812416791916,0.199697107077,-0.671238481998,-0.12643031776,-0.702549099922
-0.419488787651,0.215585544705,0.812421441078,0.199531823397,-0.671314239502,-0.126199454069,-0.702565312386
-0.419514983892,0.215570107102,0.812448978424,0.199710384011,-0.671321094036,-0.126453310251,-0.702462434769
-0.419554144144,0.215582683682,0.812448143959,0.199629664421,-0.671310722828,-0.126378446817,-0.702508628368
-0.419605672359,0.215612992644,0.812453508377,0.199569284916,-0.671380758286,-0.126335024834,-0.702466726303
-0.419650137424,0.215630605817,0.812473058701,0.199543654919,-0.67132717371,-0.126351267099,-0.702522337437
-0.419685035944,0.215632840991,0.812475204468,0.199466198683,-0.671362161636,-0.126538366079,-0.702477037907
-0.419732898474,0.215665176511,0.812509655952,0.199294090271,-0.671546220779,-0.126517146826,-0.702353835106
-0.419776260853,0.21566131711,0.812504768372,0.199456453323,-0.671256780624,-0.12669467926,-0.702552556992
-0.419842809439,0.215711563826,0.812514185905,0.199177354574,-0.671479046345,-0.126606479287,-0.702435135841
-0.419880211353,0.215724408627,0.812541007996,0.199150204659,-0.671604394913,-0.126782625914,-0.702291250229
-0.419928312302,0.215746983886,0.812538504601,0.199126675725,-0.671405851841,-0.126737996936,-0.702495634556
-0.419969290495,0.215766653419,0.812558531761,0.199183553457,-0.67138504982,-0.12681594491,-0.702485382557
-0.420015692711,0.215787529945,0.812560081482,0.199040025473,-0.671424031258,-0.126907274127,-0.702472388744
-0.420068204403,0.215811833739,0.812558710575,0.198960319161,-0.671440720558,-0.126937061548,-0.702473640442
-0.420111984015,0.215824916959,0.812568426132,0.198954686522,-0.671349704266,-0.126924619079,-0.702564299107
-0.420153409243,0.215830117464,0.812586069107,0.198936656117,-0.671460270882,-0.127077803016,-0.70243614912
-0.420189380646,0.215850129724,0.812590837479,0.198894783854,-0.671499192715,-0.127072036266,-0.702411949635
-0.420197069645,0.215906217694,0.812641978264,0.198394730687,-0.67203861475,-0.126908838749,-0.702066838741
-0.420256018639,0.215926989913,0.812646865845,0.198253974319,-0.672014355659,-0.126882717013,-0.702134430408
-0.420305848122,0.215940535069,0.812646090984,0.198200285435,-0.672038376331,-0.12687318027,-0.702128469944
-0.420350492001,0.215946212411,0.812657237053,0.198261424899,-0.672064840794,-0.126812756062,-0.702096700668
-0.420381784439,0.215946167707,0.81267619133,0.198272287846,-0.672034859657,-0.12691731751,-0.702103316784
-0.420438200235,0.215958416462,0.812678456306,0.198213934898,-0.672018587589,-0.126789346337,-0.70215857029
-0.420473635197,0.215944319963,0.812697768211,0.198343455791,-0.67195725441,-0.12700766325,-0.702141404152
-0.420550435781,0.21595197916,0.812707901001,0.198318243027,-0.672032475471,-0.127117261291,-0.702056884766
-0.420573979616,0.215952903032,0.812722921371,0.19830866158,-0.672110497952,-0.127153396606,-0.701978087425
-0.420648396015,0.215939939022,0.812728762627,0.19841042161,-0.671999275684,-0.127286925912,-0.702031612396
-0.420688360929,0.215950027108,0.812727570534,0.198409408331,-0.672087848186,-0.127252459526,-0.701953351498
-0.420807957649,0.215961992741,0.812699317932,0.198774889112,-0.671705365181,-0.127145409584,-0.702235519886
-0.420832127333,0.215965747833,0.812721014023,0.198272705078,-0.672005057335,-0.126974061131,-0.70212161541
-0.420925796032,0.215947747231,0.812698364258,0.198770031333,-0.671641230583,-0.127164661884,-0.702294707298
-0.421001195908,0.215967908502,0.81267952919,0.198646739125,-0.671569406986,-0.127060949802,-0.70241689682
-0.421057403088,0.215955868363,0.812675893307,0.198612302542,-0.671684265137,-0.127097532153,-0.702310204506
-0.421122074127,0.21594388783,0.812670946121,0.198614493012,-0.671634018421,-0.127148792148,-0.702348411083
-0.42118114233,0.215801864862,0.812878489494,0.198446378112,-0.675326168537,-0.128016278148,-0.698688447475
-0.421336621046,0.215915352106,0.812396943569,0.199140518904,-0.657924175262,-0.119309380651,-0.716410636902
-0.421402364969,0.215908914804,0.812382280827,0.199164047837,-0.657876014709,-0.119114406407,-0.716480791569
-0.42174834013,0.216166168451,0.812415003777,0.199154853821,-0.657425105572,-0.116114750504,-0.717388927937
-0.421809256077,0.216151461005,0.812418282032,0.199156567454,-0.657452523708,-0.116058245301,-0.71737241745
-0.421884387732,0.21614202857,0.812414765358,0.199161738157,-0.65747576952,-0.115961484611,-0.717365503311
-0.421954035759,0.216108858585,0.812432765961,0.199212402105,-0.657462537289,-0.116059981287,-0.717347621918
-0.422018527985,0.216098606586,0.812428414822,0.199283018708,-0.657473027706,-0.116024248302,-0.717324197292
-0.422408342361,0.215997457504,0.812275409698,0.196385473013,-0.656794726849,-0.11501903832,-0.718904793262
-0.422513306141,0.215985894203,0.81226170063,0.196037247777,-0.656749486923,-0.114858165383,-0.719066977501
-0.422577828169,0.215959355235,0.812265694141,0.196258962154,-0.656687498093,-0.11497028172,-0.719045102596
-0.422640651464,0.21593812108,0.812277555466,0.196304485202,-0.656763195992,-0.11505228281,-0.718950510025
-0.422711670399,0.215929165483,0.81227594614,0.196313977242,-0.656808972359,-0.114961698651,-0.718920469284
-0.422770529985,0.215917691588,0.812285542488,0.196363121271,-0.656825184822,-0.11503521353,-0.718880414963
-0.422104775906,0.215588077903,0.812886238098,0.198453515768,-0.676089465618,-0.12769113481,-0.698007404804
-0.422265827656,0.215671151876,0.812428593636,0.199227198958,-0.658186078072,-0.119223833084,-0.716160237789
-0.422332853079,0.215678691864,0.812425434589,0.199252828956,-0.658540606499,-0.119489252567,-0.715782761574
-0.42240780592,0.215692281723,0.812427580357,0.199216336012,-0.658504962921,-0.119333267212,-0.715851724148
-0.422470211983,0.215691074729,0.812414169312,0.199263095856,-0.658554852009,-0.119431778789,-0.715776443481
-0.422545433044,0.215691834688,0.812416911125,0.199340716004,-0.658444344997,-0.119502775371,-0.715844631195
-0.422634422779,0.215720131993,0.812390625477,0.199258714914,-0.658348083496,-0.119342945516,-0.715982556343
-0.422686159611,0.215728268027,0.812392115593,0.199362009764,-0.658357858658,-0.119435094297,-0.715929567814
-0.422747194767,0.215747624636,0.812381386757,0.199367970228,-0.658301234245,-0.11947568506,-0.715973198414
-0.422784000635,0.215763881803,0.812390446663,0.199336275458,-0.658387839794,-0.119484841824,-0.715900838375
-0.422915250063,0.215755522251,0.812332332134,0.200292244554,-0.657591640949,-0.119736850262,-0.716323494911
-0.422964394093,0.215767726302,0.812346696854,0.200424104929,-0.657539784908,-0.119883693755,-0.716309666634
-0.423029720783,0.215800702572,0.812344014645,0.200375467539,-0.657456934452,-0.119822628796,-0.716409504414
-0.423087894917,0.215829700232,0.812348425388,0.20043335855,-0.657436490059,-0.119815334678,-0.716413497925
-0.423139572144,0.215866029263,0.812347531319,0.200514033437,-0.657378733158,-0.119827389717,-0.716441690922
-0.423222571611,0.215906441212,0.8123498559,0.200512483716,-0.657214403152,-0.119925700128,-0.716576576233
-0.423293888569,0.215953528881,0.812339127064,0.200568377972,-0.657128632069,-0.119918711483,-0.716640710831
-0.423362165689,0.215988323092,0.81234318018,0.200676634908,-0.657078504562,-0.119940832257,-0.716652691364
-0.423325955868,0.215925604105,0.812796831131,0.20004171133,-0.674783229828,-0.12850163877,-0.698668956757
-0.423486948013,0.216071799397,0.812333881855,0.200731635094,-0.656998276711,-0.120016656816,-0.716698229313
-0.42344930768,0.216001585126,0.812785387039,0.200035601854,-0.674616992474,-0.12864497304,-0.698804795742
-0.423578888178,0.216148719192,0.812350213528,0.200632423162,-0.657151341438,-0.120096005499,-0.716572165489
-0.423591196537,0.216155976057,0.812775015831,0.199794635177,-0.674758791924,-0.128246799111,-0.698809981346
-0.423705995083,0.216188520193,0.812730073929,0.200325295329,-0.674213349819,-0.128243803978,-0.699184954166
-0.423766255379,0.216213077307,0.812727272511,0.200349479914,-0.674108803272,-0.12833622098,-0.699261903763
-0.423838704824,0.216251224279,0.812723517418,0.200266748667,-0.673788785934,-0.128213971853,-0.699616372585
-0.423883676529,0.216264486313,0.812734007835,0.200302675366,-0.673890769482,-0.128247827291,-0.699501633644
-0.423936098814,0.21630614996,0.812739670277,0.200301781297,-0.673890769482,-0.128073573112,-0.699533820152
-0.423994570971,0.216326728463,0.812740623951,0.200305327773,-0.673665761948,-0.128104314208,-0.699743926525
-0.42402908206,0.216322049499,0.81277179718,0.200390905142,-0.673683822155,-0.128335908055,-0.699659645557
-0.424068182707,0.216353148222,0.812776684761,0.200374916196,-0.673977732658,-0.128332927823,-0.699381649494
-0.424100846052,0.216356962919,0.812785863876,0.200350254774,-0.673851966858,-0.128353014588,-0.699506163597
-0.424126654863,0.216483786702,0.812670350075,0.200497627258,-0.672686874866,-0.127478182316,-0.700744152069
-0.424188405275,0.216510027647,0.812657892704,0.200425490737,-0.672703742981,-0.127410262823,-0.700760960579
-0.424215555191,0.216571807861,0.8126039505,0.200379610062,-0.672267794609,-0.12786321342,-0.701109945774
-0.424485892057,0.216429442167,0.812869310379,0.200624465942,-0.672475814819,-0.127524554729,-0.700902044773
-0.424527406693,0.216488003731,0.812802672386,0.200596988201,-0.671856045723,-0.128010094166,-0.701415538788
-0.424570024014,0.216494187713,0.812798142433,0.200651019812,-0.671791553497,-0.128050908446,-0.701454460621
-0.424633741379,0.216499596834,0.812788784504,0.200613796711,-0.671523094177,-0.127896428108,-0.701750218868
-0.424670249224,0.216493561864,0.812788903713,0.200610488653,-0.671599388123,-0.127945199609,-0.70166939497
-0.42451146245,0.216584280133,0.812571525574,0.200201332569,-0.671830534935,-0.127681359649,-0.701613008976
-0.424560427666,0.216573134065,0.812555789948,0.200282916427,-0.671811759472,-0.127681240439,-0.701607644558
-0.424632072449,0.216545909643,0.812538743019,0.199981674552,-0.671650052071,-0.127569809556,-0.701868593693
-0.424676835537,0.216521605849,0.812539696693,0.200093477964,-0.671718537807,-0.127591788769,-0.701767206192
-0.424748778343,0.216522172093,0.812511324883,0.199939310551,-0.671589493752,-0.1272713691,-0.701992928982
-0.424782007933,0.216487362981,0.812516391277,0.200139984488,-0.671459615231,-0.12737031281,-0.702041924
-0.424836933613,0.216491535306,0.812501549721,0.199925363064,-0.671516358852,-0.127079859376,-0.702101349831
-0.424895852804,0.216467410326,0.812490165234,0.199875414371,-0.671414136887,-0.126959457994,-0.702235162258
-0.424952656031,0.21645539999,0.812477529049,0.199850186706,-0.671171486378,-0.126884013414,-0.702487826347
-0.424965709448,0.216425687075,0.812483847141,0.199920669198,-0.67133808136,-0.126829817891,-0.702318489552
-0.425011783838,0.216407999396,0.812474191189,0.199887365103,-0.671245992184,-0.12679566443,-0.702422082424
-0.425031304359,0.216381669044,0.812475204468,0.200063243508,-0.671261548996,-0.126813858747,-0.702353775501
-0.425070792437,0.216356322169,0.812476038933,0.200092807412,-0.671159982681,-0.126791939139,-0.702446460724
-0.425089746714,0.216323554516,0.812482476234,0.200229093432,-0.671030759811,-0.126801416278,-0.702529430389
-0.425135016441,0.216318264604,0.812487840652,0.200204312801,-0.671106278896,-0.126722559333,-0.702478468418
-0.42514744401,0.216289833188,0.812478065491,0.200242325664,-0.671011507511,-0.126662686467,-0.702569007874
-0.425191611052,0.216274708509,0.812462449074,0.200306981802,-0.670898854733,-0.12655685842,-0.702677249908
-0.425225257874,0.216259509325,0.812454104424,0.200154393911,-0.670925557613,-0.12636820972,-0.702729225159
-0.425248146057,0.216236695647,0.812464475632,0.200350940228,-0.67086648941,-0.1263961941,-0.702724456787
-0.425267398357,0.216212570667,0.812453150749,0.200375050306,-0.670694291592,-0.1264359653,-0.702874839306
-0.42528501153,0.216191112995,0.812463223934,0.200428575277,-0.670652627945,-0.12651874125,-0.702884376049
-0.425313234329,0.216183081269,0.812443912029,0.200546860695,-0.670642316341,-0.126392796636,-0.702883183956
-0.425341457129,0.216175615788,0.812438130379,0.200585335493,-0.670527398586,-0.126340314746,-0.702991247177
-0.42537766695,0.216167107224,0.812420427799,0.200622618198,-0.670392990112,-0.126309961081,-0.703114271164
-0.425380319357,0.216165050864,0.812419176102,0.200572937727,-0.670553445816,-0.12625208497,-0.702985882759
-0.425475239754,0.21612367034,0.812378764153,0.201347902417,-0.669844925404,-0.126487419009,-0.703397452831
-0.425463855267,0.216029435396,0.81226503849,0.202108547091,-0.669286608696,-0.126661971211,-0.703679203987
-0.425728946924,0.216018497944,0.81257390976,0.201673030853,-0.669604241848,-0.126544848084,-0.703523159027
-0.425547868013,0.21610507369,0.812354981899,0.201469391584,-0.669805049896,-0.126474112272,-0.703402936459
-0.425782889128,0.216018587351,0.812543749809,0.201775997877,-0.669605731964,-0.126481249928,-0.703503549099
-0.425819426775,0.216026648879,0.812543988228,0.201745897532,-0.669562578201,-0.126532495022,-0.703543961048
-0.425639659166,0.216111972928,0.81231200695,0.201362192631,-0.669821202755,-0.126428335905,-0.703426420689
-0.425876259804,0.216015651822,0.812507748604,0.201822191477,-0.669362366199,-0.126568064094,-0.703706145287
-0.425900191069,0.216013669968,0.812502741814,0.20176383853,-0.669450759888,-0.126556962729,-0.703640758991
-0.425692021847,0.21601831913,0.812193036079,0.202114954591,-0.669153630733,-0.12668736279,-0.703799128532
-0.425968825817,0.216021925211,0.812463998795,0.201752528548,-0.669320166111,-0.126509010792,-0.703777015209
-0.42598387599,0.216009229422,0.812465190887,0.201722443104,-0.669383406639,-0.126493066549,-0.703728377819
-0.426011502743,0.216001555324,0.812465190887,0.201882123947,-0.669304907322,-0.126560553908,-0.703745126724
-0.426051855087,0.215995147824,0.812448978424,0.201852932572,-0.66917681694,-0.126531854272,-0.703880369663
-0.426062643528,0.215974912047,0.812454819679,0.201853737235,-0.669124245644,-0.126486390829,-0.703938305378
-0.426081418991,0.215957418084,0.812443614006,0.201879799366,-0.669184505939,-0.126531392336,-0.703865468502
-0.426127374172,0.215968072414,0.812421917915,0.201851993799,-0.669048607349,-0.126335725188,-0.704037666321
-0.426164865494,0.215952396393,0.812415838242,0.201720997691,-0.668996810913,-0.126136675477,-0.704160153866
-0.426186710596,0.215943515301,0.812401771545,0.201765194535,-0.668971061707,-0.125918254256,-0.704211056232
-0.426213949919,0.215927615762,0.812404215336,0.201681986451,-0.668919086456,-0.125888288021,-0.70428955555
-0.426247358322,0.215922683477,0.812391579151,0.201618909836,-0.668958008289,-0.125721171498,-0.704300522804
-0.426273345947,0.215900152922,0.812376618385,0.201710641384,-0.668790519238,-0.125663116574,-0.704443752766
-0.426300138235,0.215892344713,0.812371015549,0.201705485582,-0.66890001297,-0.125607118011,-0.704351246357
-0.426330804825,0.215888112783,0.812359750271,0.201671093702,-0.668823242188,-0.125406786799,-0.704469680786
-0.426353961229,0.215874135494,0.812330842018,0.20174318552,-0.668707489967,-0.125405728817,-0.704559028149
-0.426383048296,0.215881153941,0.812312185764,0.201565399766,-0.668736696243,-0.125162005424,-0.704625606537
-0.426414728165,0.215872496367,0.812276601791,0.201596066356,-0.66849809885,-0.125090107322,-0.704855978489
-0.426441729069,0.215861007571,0.81225925684,0.201517164707,-0.668485701084,-0.125087097287,-0.704890787601
-0.426485240459,0.21584546566,0.812216877937,0.201904907823,-0.668151915073,-0.12522931397,-0.705070912838
-0.426534980536,0.215845346451,0.812180221081,0.201768428087,-0.668060898781,-0.125130861998,-0.705213785172
-0.426549494267,0.215821295977,0.812169909477,0.201731026173,-0.66806191206,-0.125272288918,-0.705198347569
-0.426581382751,0.215813174844,0.812153935432,0.201703190804,-0.668126344681,-0.125189080834,-0.705160140991
-0.42661806941,0.215794891119,0.81212836504,0.201715484262,-0.668012022972,-0.125106588006,-0.705279529095
-0.42647716403,0.215851664543,0.811877608299,0.20180746913,-0.667876064777,-0.125213906169,-0.705362975597
-0.426482468843,0.215852126479,0.811906814575,0.201543733478,-0.668321967125,-0.125008612871,-0.705052316189
-0.426541805267,0.215819180012,0.811869800091,0.201796099544,-0.668157398701,-0.124878898263,-0.705159187317
-0.426576822996,0.215795010328,0.811857402325,0.201794743538,-0.66813826561,-0.124857842922,-0.705181419849
-0.426900029182,0.216018527746,0.811918616295,0.201934173703,-0.667596697807,-0.121860861778,-0.70617800951
-0.426932036877,0.21598982811,0.811912178993,0.202061578631,-0.667661964893,-0.121904842556,-0.706072211266
-0.426997154951,0.215957090259,0.811905801296,0.202022641897,-0.667622983456,-0.121780402958,-0.706141591072
-0.427028805017,0.215935453773,0.811898827553,0.202012076974,-0.667638301849,-0.121798753738,-0.706126987934
-0.427116245031,0.215904712677,0.811887204647,0.201888024807,-0.667723357677,-0.121705807745,-0.706098020077
-0.427163541317,0.215887382627,0.811888813972,0.201817914844,-0.667743504047,-0.121604010463,-0.706116735935
-0.427220314741,0.215859562159,0.811891674995,0.201847478747,-0.667825102806,-0.121704995632,-0.706013679504
-0.427271008492,0.215843081474,0.811882853508,0.20181940496,-0.667993605137,-0.121735997498,-0.705856859684
-0.427365243435,0.215851143003,0.811878919601,0.201636210084,-0.668048918247,-0.121477529407,-0.705901384354
-0.427422076464,0.215840369463,0.811870932579,0.201552778482,-0.668183386326,-0.121520280838,-0.705790519714
-0.427486985922,0.215831339359,0.81184732914,0.201433688402,-0.668365120888,-0.121431462467,-0.705667853355
-0.427583009005,0.21576821804,0.811885476112,0.2012912184,-0.669675767422,-0.121061339974,-0.704528570175
-0.427655309439,0.215757340193,0.811865329742,0.201306223869,-0.669682979584,-0.121046967804,-0.704519808292
-0.427737742662,0.215751171112,0.811835408211,0.201172828674,-0.669875621796,-0.121074654162,-0.704370141029
-0.427830457687,0.215744659305,0.811810493469,0.201135218143,-0.670064032078,-0.121238388121,-0.704173386097
-0.427916228771,0.215736597776,0.811787128448,0.201038196683,-0.670016944408,-0.121186584234,-0.704254746437
-0.428000569344,0.215738654137,0.811758816242,0.20100787282,-0.670101881027,-0.121168062091,-0.704185843468
-0.428130358458,0.215704962611,0.811708807945,0.201463446021,-0.669852912426,-0.121482692659,-0.70423835516
-0.428232550621,0.215704038739,0.811683416367,0.20154684782,-0.669898748398,-0.121506109834,-0.704166829586
-0.428328573704,0.215696707368,0.811660289764,0.201609790325,-0.669831454754,-0.121582783759,-0.704199552536
-0.428411394358,0.215691491961,0.811645448208,0.201662182808,-0.669987738132,-0.121571868658,-0.704037725925
-0.428511440754,0.215693235397,0.811620652676,0.201593771577,-0.670120418072,-0.121484205127,-0.703946232796
-0.428633511066,0.215639650822,0.81157296896,0.20225481689,-0.66982793808,-0.121709547937,-0.703996002674
-0.428724765778,0.215629696846,0.81156206131,0.202236115932,-0.6698564291,-0.121670767665,-0.703980922699
-0.428859591484,0.215616241097,0.811510980129,0.20271922648,-0.669548213482,-0.121751971543,-0.704121172428
-0.428933113813,0.215602993965,0.811505317688,0.202706426382,-0.669581830502,-0.121701605618,-0.704101681709
-0.429031789303,0.215626448393,0.8114336133,0.202810004354,-0.66814494133,-0.121674403548,-0.705440282822
-0.429123282433,0.215614974499,0.81142604351,0.202814251184,-0.668110132217,-0.121608190238,-0.70548337698
-0.429181307554,0.215614050627,0.811422109604,0.202870950103,-0.668222248554,-0.121539279819,-0.705372750759
-0.428975194693,0.215348184109,0.811364293098,0.202945947647,-0.668676674366,-0.124315135181,-0.704436182976
-0.429033011198,0.215340867639,0.811355352402,0.202956795692,-0.668524086475,-0.124248497188,-0.704589545727
-0.429090797901,0.215329051018,0.811343371868,0.202993139625,-0.668710947037,-0.124442227185,-0.704367637634
-0.429148316383,0.215318530798,0.811319768429,0.202975273132,-0.668525218964,-0.12434630841,-0.704565823078
-0.429203212261,0.21530944109,0.811315536499,0.203036591411,-0.668565511703,-0.124392911792,-0.704501748085
-0.429250001907,0.215296283364,0.81129860878,0.20306622982,-0.668505728245,-0.124422669411,-0.704544663429
-0.429321557283,0.215306669474,0.811269044876,0.203008472919,-0.668457686901,-0.12427136302,-0.704633712769
-0.429378986359,0.215307846665,0.811239957809,0.202808618546,-0.668536186218,-0.124082446098,-0.704649925232
-0.429413586855,0.215300634503,0.811229944229,0.2026809901,-0.668503165245,-0.124042026699,-0.704725146294
-0.429478615522,0.215305238962,0.811208248138,0.202825441957,-0.668327629566,-0.123885296285,-0.70487767458
-0.429522544146,0.215288192034,0.811200380325,0.202851876616,-0.668299973011,-0.123979322612,-0.704879701138
-0.429561346769,0.215288594365,0.811185419559,0.202897816896,-0.668126165867,-0.123911514878,-0.705043137074
-0.429595410824,0.215292155743,0.811167836189,0.202856332064,-0.668123066425,-0.123778656125,-0.70508146286
-0.429618477821,0.215264305472,0.811164498329,0.202922776341,-0.668074190617,-0.12387099117,-0.705092489719
-0.429639965296,0.215242639184,0.811162471771,0.203074589372,-0.667940020561,-0.123856239021,-0.705178439617
-0.429669290781,0.2152158916,0.811161100864,0.203199088573,-0.667898118496,-0.123901337385,-0.705174207687
-0.429714739323,0.215219199657,0.811133265495,0.203105777502,-0.667729020119,-0.123750381172,-0.70538777113
-0.429724663496,0.215167224407,0.811135053635,0.203118428588,-0.667763531208,-0.123931847513,-0.705319523811
-0.429773956537,0.215154901147,0.811107933521,0.203016996384,-0.66778331995,-0.123722955585,-0.705366790295
-0.429791897535,0.215121865273,0.811098456383,0.203067928553,-0.66773724556,-0.123732469976,-0.705394148827
-0.429819196463,0.21510733664,0.811075389385,0.203043729067,-0.667775630951,-0.12372494489,-0.705366015434
-0.429843366146,0.215091273189,0.811054587364,0.203040704131,-0.66791677475,-0.123661905527,-0.70524418354
-0.429871737957,0.215070679784,0.811035752296,0.203138738871,-0.667994856834,-0.123742386699,-0.705127894878
-0.429908961058,0.215050578117,0.811001479626,0.203051522374,-0.667862057686,-0.123646482825,-0.705295622349
-0.429926335812,0.215028196573,0.810980796814,0.202992871404,-0.668054819107,-0.123701870441,-0.70512008667
-0.429966002703,0.215008914471,0.81095802784,0.202963039279,-0.668042242527,-0.123768232763,-0.705129086971
-0.430040508509,0.214985266328,0.810915470123,0.203339859843,-0.667685806751,-0.123817764223,-0.705349445343
-0.430083781481,0.214972361922,0.810889840126,0.203408911824,-0.66762650013,-0.123780094087,-0.705392241478
-0.430098414421,0.214947849512,0.810882806778,0.203478038311,-0.667610168457,-0.123846426606,-0.705376207829
-0.430143296719,0.21494320035,0.810881376266,0.203566536307,-0.667531490326,-0.123839735985,-0.705426216125
-0.430169165134,0.214923888445,0.810862779617,0.203606680036,-0.667551755905,-0.124022103846,-0.70536339283
-0.430205404758,0.214904889464,0.81087654829,0.203694552183,-0.667546987534,-0.124003179371,-0.70534580946
-0.430239260197,0.214890047908,0.810859918594,0.203929886222,-0.667407751083,-0.124002680182,-0.705409824848
-0.430287033319,0.214885890484,0.810852408409,0.203922197223,-0.667362093925,-0.123881563544,-0.705476522446
-0.430326133966,0.214879050851,0.810837686062,0.20388649404,-0.667440295219,-0.123934611678,-0.705403447151
-0.430384159088,0.214858710766,0.810825943947,0.204077020288,-0.667241752148,-0.123918272555,-0.705538988113
-0.430456221104,0.214835852385,0.81078928709,0.204608052969,-0.666934251785,-0.124002978206,-0.705661058426
-0.430516511202,0.214832887053,0.810753703117,0.20461474359,-0.666763067245,-0.123981386423,-0.705824673176
-0.430550396442,0.2148232162,0.810734510422,0.204671785235,-0.666880369186,-0.123851470649,-0.705720186234
-0.430573374033,0.214845776558,0.810700535774,0.204545602202,-0.668211221695,-0.124601967633,-0.704364538193
-0.430603593588,0.214842349291,0.81067854166,0.20471855998,-0.668289542198,-0.124569475651,-0.704245507717
-0.430656164885,0.214830040932,0.810651838779,0.204676657915,-0.668264627457,-0.124637693167,-0.70426928997
-0.430703729391,0.21480832994,0.810614585876,0.204821646214,-0.668076813221,-0.124594770372,-0.704412937164
-0.430746287107,0.214806348085,0.810576498508,0.204834014177,-0.668128311634,-0.124600604177,-0.704359471798
-0.430798888206,0.214801609516,0.810534417629,0.204786166549,-0.668041467667,-0.124519713223,-0.704470157623
-0.430855035782,0.214772701263,0.810478329659,0.205044463277,-0.66789162159,-0.124517828226,-0.704537391663
-0.430920064449,0.214758679271,0.81043279171,0.205052956939,-0.667882323265,-0.124582931399,-0.704532265663
-0.430967777967,0.214750409126,0.81038248539,0.205032452941,-0.667723894119,-0.12454688549,-0.704694747925
-0.431028157473,0.214744523168,0.810347437859,0.205010995269,-0.667737722397,-0.124479100108,-0.704699754715
-0.431075811386,0.214709863067,0.810312628746,0.205158576369,-0.667648792267,-0.124573551118,-0.704724431038
-0.431118369102,0.214692831039,0.810268163681,0.205311626196,-0.667488276958,-0.124538317323,-0.704838275909
-0.431177139282,0.214666843414,0.810225784779,0.205341041088,-0.667507827282,-0.124552853405,-0.704808413982
-0.43121561408,0.214627280831,0.810210585594,0.205536022782,-0.66735881567,-0.1246522367,-0.70487511158
-0.431275010109,0.214589864016,0.8101760149,0.205688342452,-0.667319774628,-0.124588109553,-0.704879045486
-0.431332468987,0.214499533176,0.810235619545,0.205887869,-0.668269336224,-0.124141253531,-0.703999519348
-0.431388765574,0.214467987418,0.810209989548,0.206027403474,-0.668217301369,-0.124141208827,-0.704007983208
-0.431457281113,0.214439809322,0.810183227062,0.206254944205,-0.668019592762,-0.124096393585,-0.704136967659
-0.431528508663,0.214414298534,0.810162127018,0.206482961774,-0.667926132679,-0.124068439007,-0.704163789749
-0.431611955166,0.214352682233,0.810119926929,0.207198217511,-0.66729336977,-0.124156087637,-0.704538106918
-0.431734472513,0.214306384325,0.810071349144,0.207986444235,-0.666455864906,-0.124487563968,-0.705039799213
-0.431819677353,0.214294582605,0.810050189495,0.208402082324,-0.666170716286,-0.124477930367,-0.705188214779
-0.431942969561,0.214283645153,0.810022592545,0.208634674549,-0.665676057339,-0.124474972486,-0.705586969852
-0.432061761618,0.21426191926,0.809988498688,0.209410727024,-0.665202498436,-0.124751321971,-0.705754876137
-0.432189851999,0.214272171259,0.809952735901,0.209598496556,-0.664984107018,-0.12479698658,-0.705896854401
-0.432301491499,0.214275166392,0.809924721718,0.209928497672,-0.664600014687,-0.124840028584,-0.70615285635
-0.432513415813,0.214294403791,0.809575557709,0.210682913661,-0.64907938242,-0.11695227772,-0.721547544003
-0.432640314102,0.214310720563,0.809555113316,0.210807681084,-0.649003148079,-0.116986073554,-0.721574306488
-0.432700663805,0.214306414127,0.809836387634,0.210671707988,-0.664212822914,-0.125134661794,-0.706243693829
-0.432827949524,0.214323669672,0.809820353985,0.210953265429,-0.664318442345,-0.125287681818,-0.706033170223
-0.432975888252,0.214336261153,0.809795260429,0.211407288909,-0.664190888405,-0.125568121672,-0.7059674263
-0.433155179024,0.214347496629,0.809755206108,0.211772322655,-0.663990855217,-0.12574224174,-0.70601528883
-0.433334082365,0.214375421405,0.809715151787,0.212058216333,-0.664023995399,-0.125929430127,-0.705864906311
-0.433587640524,0.214372590184,0.809638857841,0.212810963392,-0.663254380226,-0.126193359494,-0.706314742565
-0.433924406767,0.214267522097,0.809681653976,0.213964924216,-0.662457764149,-0.126761615276,-0.706611692905
-0.434090852737,0.214445725083,0.809455275536,0.214351013303,-0.661638557911,-0.127511098981,-0.707127273083
-0.434317737818,0.214462727308,0.809410572052,0.214797511697,-0.661436140537,-0.127720996737,-0.707143306732
-0.434591084719,0.214478611946,0.80934637785,0.215029031038,-0.660841882229,-0.127918303013,-0.707592666149
-0.434850484133,0.21449765563,0.809298753738,0.21534383297,-0.660789370537,-0.12820969522,-0.707493424416
-0.435152173042,0.214554876089,0.809232950211,0.215299934149,-0.660759210587,-0.128004252911,-0.707572102547
-0.435441911221,0.214599519968,0.809174656868,0.215249195695,-0.660911798477,-0.12812435627,-0.707423329353
-0.435783803463,0.214594095945,0.809086084366,0.215786322951,-0.660600662231,-0.128444239497,-0.707492172718
-0.436417341232,0.214843869209,0.809058606625,0.216811001301,-0.659771621227,-0.126085311174,-0.708376228809
-0.436713367701,0.214855283499,0.808997035027,0.217236429453,-0.659645020962,-0.126587986946,-0.708274185658
-0.437002748251,0.214927792549,0.808928847313,0.217573702335,-0.660804927349,-0.12746976316,-0.706930100918
-0.437327772379,0.214976802468,0.808857321739,0.218050256371,-0.660817801952,-0.127747550607,-0.706721007824
-0.437646687031,0.214993268251,0.808793783188,0.218640759587,-0.660634160042,-0.128366947174,-0.706598043442
-0.43802472949,0.214958816767,0.808752834797,0.219525411725,-0.662398695946,-0.129091128707,-0.704536736012
-0.438212752342,0.21472223103,0.808586120605,0.220385581255,-0.661940932274,-0.132156088948,-0.704130232334
-0.438608258963,0.214750945568,0.80849725008,0.220660194755,-0.661940515041,-0.132594376802,-0.703962028027
-0.4390399158,0.214805781841,0.808375298977,0.220495164394,-0.66188365221,-0.132383286953,-0.704106986523
-0.439456194639,0.214839309454,0.808277606964,0.220424458385,-0.661444067955,-0.132340222597,-0.704550147057
-0.439828455448,0.214866638184,0.808182835579,0.220859289169,-0.661459743977,-0.132782250643,-0.704316139221
-0.44027993083,0.214844211936,0.808044672012,0.222423955798,-0.660691201687,-0.1336042732,-0.704389512539
-0.440672069788,0.21487107873,0.807899415493,0.223010405898,-0.658179581165,-0.133695363998,-0.706534981728
-0.441014587879,0.214895665646,0.807826340199,0.223559871316,-0.658281624317,-0.134155720472,-0.706178963184
-0.441449940205,0.214926481247,0.807727694511,0.223596587777,-0.658252954483,-0.134096980095,-0.706205189228
-0.441923856735,0.21496295929,0.80761218071,0.223719030619,-0.658212304115,-0.134186342359,-0.706187367439
-0.442487180233,0.21501557529,0.807412981987,0.224306091666,-0.658437490463,-0.134662300348,-0.705700337887
-0.442952305079,0.214828953147,0.807551205158,0.225338876247,-0.662746250629,-0.136082455516,-0.701050281525
-0.443435668945,0.214860767126,0.80697119236,0.226699888706,-0.642875850201,-0.127451047301,-0.720467865467
-0.443880200386,0.214875474572,0.806938886642,0.227119296789,-0.642926156521,-0.12794470787,-0.720203399658
-0.444224923849,0.214838296175,0.806892991066,0.227856501937,-0.643283367157,-0.129439622164,-0.719384014606
-0.444769501686,0.214862689376,0.806758403778,0.228488624096,-0.642924964428,-0.129989981651,-0.719404757023
-0.445274531841,0.214856445789,0.806661069393,0.229185000062,-0.642402231693,-0.130358964205,-0.719583332539
-0.445764958858,0.214911654592,0.806569993496,0.229145050049,-0.642376601696,-0.130008935928,-0.719682276249
-0.446222543716,0.214965373278,0.806516945362,0.229301050305,-0.642823576927,-0.130429938436,-0.719157099724
-0.446636170149,0.214975014329,0.806483268738,0.229745164514,-0.643010020256,-0.131026551127,-0.718740284443
-0.447129428387,0.21496707201,0.806377351284,0.230942159891,-0.642235159874,-0.131796225905,-0.718908667564
-0.447784751654,0.215194255114,0.806421279907,0.23200596869,-0.641944825649,-0.130091354251,-0.719135820866
-0.448257505894,0.215238809586,0.80636703968,0.232346206903,-0.642259061337,-0.130430772901,-0.718683898449
-0.448791623116,0.215285018086,0.806277215481,0.232734069228,-0.641722381115,-0.130705073476,-0.718987882137
-0.449146509171,0.215131759644,0.806103348732,0.232890129089,-0.641553401947,-0.133414924145,-0.718590259552
-0.449674159288,0.21518330276,0.806072711945,0.233851805329,-0.641578435898,-0.134471938014,-0.718058288097
-0.450180590153,0.215220883489,0.806047201157,0.234651431441,-0.641185343266,-0.135147690773,-0.718021810055
-0.450642198324,0.215286076069,0.805995225906,0.235622540116,-0.641095578671,-0.136000812054,-0.717622697353
-0.451163768768,0.215361610055,0.805959641933,0.236142382026,-0.641254127026,-0.136639669538,-0.717188775539
-0.451752007008,0.215432167053,0.805907487869,0.236749306321,-0.640833377838,-0.137298971415,-0.717238724232
-0.452340990305,0.215517550707,0.80585193634,0.236986264586,-0.640447735786,-0.137430652976,-0.717479646206
-0.452889144421,0.215633377433,0.805842876434,0.2368350178,-0.640579164028,-0.137471944094,-0.71740436554
-0.45336830616,0.215714931488,0.805831313133,0.237334892154,-0.640826582909,-0.138293206692,-0.716860234737
-0.453843653202,0.215798452497,0.805804491043,0.23790217936,-0.640670239925,-0.138949483633,-0.716684937477
-0.454405248165,0.215833812952,0.805765688419,0.239118769765,-0.639880776405,-0.140264511108,-0.716729164124
-0.454947829247,0.215914800763,0.805760800838,0.239439100027,-0.640184700489,-0.141081616282,-0.716190159321
-0.455782592297,0.216114401817,0.805691480637,0.241412058473,-0.638495743275,-0.139574602246,-0.717330038548
-0.455898404121,0.216479226947,0.806093513966,0.23611022532,-0.643347382545,-0.137894645333,-0.715081274509
-0.456696808338,0.216462880373,0.805835902691,0.23980216682,-0.640867948532,-0.139730155468,-0.715722441673
-0.45707783103,0.216418802738,0.80568754673,0.239863038063,-0.640951395035,-0.142659902573,-0.715049028397
-0.457650244236,0.21650993824,0.80567240715,0.24043533206,-0.64081966877,-0.143162846565,-0.714874327183
-0.458194553852,0.216638371348,0.805654644966,0.240739166737,-0.641239762306,-0.143522307277,-0.714323222637
-0.458738356829,0.216740220785,0.805651783943,0.240790709853,-0.641173541546,-0.143698632717,-0.714329779148
-0.459321260452,0.216829314828,0.805607795715,0.240965500474,-0.640925645828,-0.144186064601,-0.714395046234
-0.459863960743,0.216874375939,0.805592775345,0.241721391678,-0.641134619713,-0.145494043827,-0.713686645031
-0.46013957262,0.217120945454,0.805753588676,0.239048525691,-0.643614590168,-0.145051389933,-0.712443828583
-0.460973352194,0.217091053724,0.805516600609,0.241867527366,-0.640708982944,-0.146606132388,-0.713791847229
-0.461478948593,0.217213496566,0.805505752563,0.241721734405,-0.64130628109,-0.146972864866,-0.713229179382
-0.46198028326,0.217334106565,0.805504560471,0.24170589447,-0.641259491444,-0.147098481655,-0.713250696659
-0.462599635124,0.21761251986,0.805630683899,0.242522895336,-0.640917539597,-0.146135553718,-0.713478684425
-0.463264167309,0.217557221651,0.805770635605,0.242712065578,-0.635880351067,-0.153424844146,-0.716385364532
-0.463477581739,0.217767998576,0.806014895439,0.240210220218,-0.635868966579,-0.154378697276,-0.71703350544
-0.464035451412,0.217819541693,0.806094646454,0.240835741162,-0.632509469986,-0.156613305211,-0.719306647778
-0.464968085289,0.217686355114,0.806207954884,0.247228696942,-0.650435447693,-0.158618748188,-0.70046544075
-0.465154498816,0.217971667647,0.806521773338,0.244465395808,-0.653071880341,-0.158070161939,-0.699104964733
-0.465419769287,0.219017222524,0.805710077286,0.244437545538,-0.652664899826,-0.154162153602,-0.700366437435
-0.465571254492,0.219397678971,0.805411159992,0.245143994689,-0.652870833874,-0.145052015781,-0.701871752739
-0.466745793819,0.218948349357,0.806009471416,0.248755440116,-0.649644196033,-0.147238954902,-0.70313847065
-0.466848045588,0.219173371792,0.806276917458,0.246354982257,-0.651910126209,-0.147155418992,-0.701903045177
-0.467233508825,0.219292283058,0.806271016598,0.247340127826,-0.651733100414,-0.14788852632,-0.701566815376
-0.467043668032,0.219718262553,0.805734992027,0.247885063291,-0.651691317558,-0.148050546646,-0.701379001141
-0.46745082736,0.219800636172,0.80575978756,0.249436303973,-0.650789260864,-0.148731529713,-0.70152258873
-0.468672245741,0.219326004386,0.806439459324,0.250021606684,-0.648319721222,-0.153925806284,-0.702479720116
-0.468942940235,0.219577759504,0.806467533112,0.250477224588,-0.649105250835,-0.149831265211,-0.702477157116
-0.469219148159,0.219688072801,0.806550621986,0.250382989645,-0.649448394775,-0.150367751718,-0.702078998089
-0.469751566648,0.219252824783,0.806996941566,0.249339789152,-0.63770878315,-0.153774708509,-0.712397933006
-0.469803720713,0.219917729497,0.806697845459,0.250554442406,-0.649403214455,-0.151741012931,-0.701763927937
-0.470275342464,0.21972066164,0.807145893574,0.249846637249,-0.648950099945,-0.162792086601,-0.699956595898
-0.470228731632,0.219966396689,0.807266950607,0.247443526983,-0.651310324669,-0.163387924433,-0.698477685452
-0.470454275608,0.220056265593,0.807319283485,0.247554495931,-0.65105843544,-0.16389811039,-0.698553621769
-0.470471858978,0.220518633723,0.807018578053,0.248716339469,-0.651386082172,-0.153937518597,-0.70009970665
-0.470720678568,0.220598474145,0.80706846714,0.249306634068,-0.650882542133,-0.155003428459,-0.700122892857
-0.470955908298,0.220680728555,0.807130396366,0.249766752124,-0.650446653366,-0.155698552728,-0.700209796429
-0.471446126699,0.22060072422,0.806969165802,0.253222554922,-0.647217273712,-0.156968727708,-0.701675951481
-0.471628159285,0.22069697082,0.807046771049,0.253230988979,-0.647099614143,-0.15763913095,-0.701630949974
-0.471820861101,0.220774441957,0.807097911835,0.253526061773,-0.646811902523,-0.157992079854,-0.70171046257
-0.472199052572,0.220524087548,0.80756688118,0.252999305725,-0.645666003227,-0.169057413936,-0.700375914574
-0.472374856472,0.220579445362,0.807655036449,0.253173530102,-0.645626068115,-0.169643297791,-0.700208246708
-0.472538203001,0.220616996288,0.807729840279,0.253324508667,-0.645519673824,-0.170115292072,-0.700136959553
-0.47270026803,0.220650151372,0.807796120644,0.253469467163,-0.645426928997,-0.170645356178,-0.700041234493
-0.472930073738,0.220634996891,0.807871699333,0.254195213318,-0.64535099268,-0.171238541603,-0.699703097343
-0.473196089268,0.220699250698,0.808065295219,0.254792541265,-0.645177364349,-0.170094639063,-0.699924945831
-0.473341882229,0.220717951655,0.808123707771,0.255000859499,-0.645177423954,-0.170462816954,-0.699759364128
-0.473480165005,0.220718428493,0.808176159859,0.255100518465,-0.645179927349,-0.170727580786,-0.699656188488
-0.473669052124,0.220759943128,0.808200478554,0.255021035671,-0.645034253597,-0.170631706715,-0.699842751026
-0.473800808191,0.220739245415,0.808250188828,0.255223840475,-0.644872367382,-0.170988157392,-0.69983112812
-0.473930388689,0.220757439733,0.808301448822,0.255643218756,-0.644919753075,-0.171109497547,-0.69960463047
-0.473875701427,0.220860511065,0.80854010582,0.253243565559,-0.647203683853,-0.170436933637,-0.69853168726
-0.473753392696,0.221210241318,0.808303892612,0.253153711557,-0.649267137051,-0.160026431084,-0.699111580849
-0.473868250847,0.221167266369,0.808368802071,0.25316414237,-0.649209976196,-0.160343036056,-0.699088275433
-0.474041581154,0.221073761582,0.808408260345,0.253810107708,-0.648834109306,-0.160695448518,-0.699122190475
-0.47417896986,0.220922723413,0.808366060257,0.255026727915,-0.647871613503,-0.161444947124,-0.699399292469
-0.474281340837,0.220847785473,0.808393478394,0.255332738161,-0.647523403168,-0.1618257761,-0.699522137642
-0.474476784468,0.22058480978,0.808384776115,0.253479272127,-0.646210432053,-0.166852235794,-0.700229167938
-0.474510908127,0.220403701067,0.808403730392,0.253323495388,-0.646147489548,-0.16772839427,-0.700134158134
-0.474457919598,0.220356300473,0.808542490005,0.254738271236,-0.646234750748,-0.168249100447,-0.6994150877
-0.474624335766,0.220228776336,0.808458328247,0.253906071186,-0.645804464817,-0.168261498213,-0.700111687183
-0.474558144808,0.22015106678,0.808570623398,0.255304664373,-0.645801723003,-0.168726027012,-0.699493527412
-0.474692672491,0.220020920038,0.808493614197,0.254316598177,-0.645664930344,-0.168668136001,-0.699993550777
-0.474910736084,0.219752669334,0.808405399323,0.258723348379,-0.642700135708,-0.170218631625,-0.70073133707
-0.474936306477,0.219653010368,0.808422327042,0.258842438459,-0.642801105976,-0.170065179467,-0.700632095337
-0.474951416254,0.219522669911,0.808433711529,0.259004294872,-0.642698228359,-0.169971823692,-0.700689196587
-0.474976927042,0.219399899244,0.808439612389,0.259105533361,-0.642687022686,-0.169775590301,-0.70070964098
-0.474785894156,0.219371855259,0.808666348457,0.256965905428,-0.644841372967,-0.168413504958,-0.699846386909
-0.474789142609,0.21924251318,0.808673679829,0.257168710232,-0.644752264023,-0.168309360743,-0.699879169464
-0.474778056145,0.219107463956,0.808681726456,0.257478922606,-0.644821166992,-0.168255031109,-0.699714660645
-0.474767506123,0.218964368105,0.80869114399,0.257697016001,-0.644527673721,-0.168260127306,-0.699903547764
-0.474742978811,0.218841940165,0.808706521988,0.257865548134,-0.64451700449,-0.168291345239,-0.699843764305
-0.474659591913,0.218687444925,0.808751225471,0.258238732815,-0.644528925419,-0.168579310179,-0.699625730515
-0.474649220705,0.218570873141,0.808769762516,0.258378148079,-0.644150197506,-0.168741732836,-0.699883937836
-0.47492197156,0.218329280615,0.808715224266,0.261499792337,-0.641266465187,-0.168532893062,-0.701421439648
-0.474771440029,0.218204185367,0.808621644974,0.261007755995,-0.641424536705,-0.169755995274,-0.701165020466
-0.474483132362,0.21826094389,0.808887720108,0.258145332336,-0.644214749336,-0.168658584356,-0.699930548668
-0.474655091763,0.217947155237,0.80869615078,0.260634690523,-0.6415117383,-0.170215651393,-0.701112627983
-0.474478185177,0.218024194241,0.808577775955,0.260699123144,-0.642643094063,-0.16616268456,-0.701024830341
-0.474516242743,0.217904880643,0.808625340462,0.261096417904,-0.641978263855,-0.166464090347,-0.701414644718
-0.474469006062,0.217833384871,0.808682084084,0.261168807745,-0.641944050789,-0.166456595063,-0.701420724392
-0.47442561388,0.217754870653,0.808746337891,0.261067211628,-0.642048120499,-0.166584834456,-0.701332807541
-0.474602162838,0.217166572809,0.80918186903,0.259493619204,-0.630406796932,-0.168788015842,-0.711871504784
-0.474567949772,0.217112705112,0.80923718214,0.259382486343,-0.630411148071,-0.168729320168,-0.711922049522
-0.474304616451,0.217562496662,0.808896660805,0.260979622602,-0.641905665398,-0.166470468044,-0.701522946358
-0.474522769451,0.216962218285,0.809318244457,0.259533703327,-0.629926681519,-0.16892965138,-0.712248146534
-0.4742449224,0.21746891737,0.808991312981,0.260820239782,-0.641712486744,-0.166386976838,-0.701778709888
-0.474430412054,0.216848820448,0.809465646744,0.259047359228,-0.62993311882,-0.168701857328,-0.712473511696
-0.474393069744,0.216820925474,0.809515535831,0.258897066116,-0.629964888096,-0.168735176325,-0.71249204874
-0.474109947681,0.217384114861,0.809157729149,0.260102987289,-0.642058372498,-0.166046857834,-0.701809108257
-0.473874568939,0.217544496059,0.809424877167,0.257148861885,-0.644890487194,-0.164802163839,-0.700593352318
-0.473852515221,0.217543706298,0.809470534325,0.256889998913,-0.644850075245,-0.164864912629,-0.700710773468
-0.473825931549,0.217533588409,0.809515714645,0.256733447313,-0.644953012466,-0.164937213063,-0.700656354427
-0.473797947168,0.217550650239,0.809553027153,0.256695449352,-0.644902348518,-0.16488532722,-0.700729191303
-0.473776251078,0.217567771673,0.809587478638,0.256567031145,-0.644784271717,-0.165097221732,-0.700834989548
-0.473745852709,0.217604830861,0.809623360634,0.256431281567,-0.644762158394,-0.164932534099,-0.700943827629
-0.473905771971,0.217515125871,0.809484004974,0.258622229099,-0.642566919327,-0.165845498443,-0.70193862915
-0.473883807659,0.217538505793,0.809530436993,0.258541703224,-0.642335355282,-0.166251659393,-0.70208388567
-0.473843991756,0.217591002584,0.809588253498,0.258508712053,-0.642320871353,-0.166393116117,-0.702075839043
-0.473815500736,0.217642083764,0.809647798538,0.25835698843,-0.642223834991,-0.166499093175,-0.702195465565
-0.473798811436,0.21766191721,0.809726715088,0.258357793093,-0.641566514969,-0.166659906507,-0.70275747776
-0.473668813705,0.217727541924,0.809892177582,0.259448796511,-0.641820371151,-0.167219400406,-0.701990485191
-0.47364372015,0.217781871557,0.809967279434,0.259394407272,-0.64177775383,-0.167308971286,-0.702028214931
-0.473621189594,0.217830330133,0.810025990009,0.259260565042,-0.64177852869,-0.167464569211,-0.702039837837
-0.473336100578,0.217970818281,0.810334801674,0.256870210171,-0.644488751888,-0.167019352317,-0.700540184975
-0.473518490791,0.217877864838,0.810185909271,0.259174078703,-0.642168462276,-0.168076738715,-0.701568722725
-0.473683536053,0.217622965574,0.810618281364,0.258357316256,-0.641457498074,-0.178198710084,-0.7000207901
-0.473429173231,0.217863947153,0.810855746269,0.255362689495,-0.644200980663,-0.177466437221,-0.698785126209
-0.473561316729,0.217614799738,0.810000181198,0.261832088232,-0.637587368488,-0.180097222328,-0.701777160168
-0.473405987024,0.217972710729,0.810950100422,0.255081683397,-0.644434571266,-0.17754483223,-0.698652565479
-0.473412394524,0.218020543456,0.81099075079,0.255014717579,-0.644328653812,-0.177514210343,-0.698782384396
-0.473478257656,0.218201234937,0.81103181839,0.255368709564,-0.644185006618,-0.176600724459,-0.699016988277
-0.473658204079,0.218107491732,0.810871601105,0.257517188787,-0.641972959042,-0.177679345012,-0.699989795685
-0.47366464138,0.21816188097,0.810891985893,0.257584631443,-0.641897022724,-0.177733212709,-0.700020968914
-0.473682761192,0.218212485313,0.8108984828,0.25745934248,-0.641835093498,-0.177920460701,-0.700076401234
-0.47368183732,0.218258067966,0.810921669006,0.257385790348,-0.641848087311,-0.177988857031,-0.700074017048
-0.473816156387,0.218338131905,0.811052203178,0.257820099592,-0.641706168652,-0.1769656986,-0.700303673744
-0.473819941282,0.218372821808,0.811050534248,0.257719814777,-0.641786932945,-0.177047684789,-0.700245797634
-0.473705232143,0.218360483646,0.810913443565,0.257150560617,-0.641944527626,-0.178386867046,-0.699970781803
-0.473818063736,0.218429267406,0.811041176319,0.257420897484,-0.64197665453,-0.177203565836,-0.700142383575
-0.473703324795,0.218402728438,0.810886740685,0.256855934858,-0.642024934292,-0.178577288985,-0.699956536293
-0.473691821098,0.218423858285,0.810871362686,0.256640136242,-0.642279863358,-0.178571939468,-0.699803233147
-0.473688155413,0.218417719007,0.810856819153,0.256448030472,-0.642264187336,-0.178643673658,-0.699869632721
-0.47366720438,0.218408718705,0.810822725296,0.256339967251,-0.642414629459,-0.17876817286,-0.699739575386
-0.473696768284,0.218433469534,0.810756087303,0.255781382322,-0.642602086067,-0.178667828441,-0.699797332287
-0.473659813404,0.218426346779,0.81073141098,0.255543112755,-0.642885744572,-0.178568542004,-0.699649214745
-0.473612576723,0.21841236949,0.81069123745,0.255333691835,-0.643407166004,-0.178878888488,-0.699166834354
-0.473566144705,0.218351319432,0.810670614243,0.255089461803,-0.642900764942,-0.178394839168,-0.699845314026
-0.47349190712,0.218333676457,0.81064426899,0.254863679409,-0.643262922764,-0.178323253989,-0.699612855911
-0.473358631134,0.218147471547,0.810614645481,0.254249513149,-0.643278598785,-0.178812906146,-0.699696958065
-0.473262518644,0.218091636896,0.81058716774,0.254129737616,-0.643433749676,-0.178636208177,-0.699642956257
-0.473124861717,0.218034744263,0.810578465462,0.253606110811,-0.64378619194,-0.178252145648,-0.699606657028
-0.472926110029,0.217906787992,0.810587286949,0.25375264883,-0.643912315369,-0.178449317813,-0.699387192726
-0.472790271044,0.217834487557,0.810550630093,0.253556787968,-0.644030809402,-0.178098425269,-0.69943857193
-0.472632944584,0.217757344246,0.810510873795,0.253474056721,-0.64404541254,-0.177562966943,-0.699591100216
-0.472266942263,0.217962473631,0.810121893883,0.253965348005,-0.64511936903,-0.166995182633,-0.701024413109
-0.472026467323,0.217896848917,0.810046195984,0.2536483109,-0.645202994347,-0.166544169188,-0.701169490814
-0.471904933453,0.217642024159,0.810182332993,0.253150433302,-0.644237875938,-0.170057460666,-0.701393485069
-0.471649974585,0.217554047704,0.810128569603,0.253118574619,-0.644483089447,-0.16912099719,-0.701406180859
-0.471304953098,0.217619583011,0.810419201851,0.250863969326,-0.646727740765,-0.166552260518,-0.700764417648
-0.470905303955,0.217460006475,0.810274004936,0.250089526176,-0.646909117699,-0.167358204722,-0.700681865215
-0.470710277557,0.217322200537,0.810050547123,0.25387597084,-0.645002484322,-0.163659796119,-0.701950371265
-0.470270186663,0.217122465372,0.809814572334,0.251719743013,-0.645400702953,-0.164415836334,-0.702184200287
-0.469951331615,0.216980561614,0.809802055359,0.251561105251,-0.645269274712,-0.163517341018,-0.702571511269
-0.469600558281,0.216917321086,0.810022711754,0.25285038352,-0.64533406496,-0.162218227983,-0.702350318432
-0.469475001097,0.216241717339,0.810372591019,0.251811295748,-0.632684051991,-0.164749398828,-0.71355420351
-0.469189584255,0.216085493565,0.810376524925,0.252031654119,-0.632125973701,-0.164263054729,-0.714083075523
-0.468501597643,0.216542243958,0.809986352921,0.252493321896,-0.643915295601,-0.161020159721,-0.70405459404
-0.467992931604,0.216397330165,0.809858262539,0.251804530621,-0.64372086525,-0.161278307438,-0.704419672489
-0.467614561319,0.216244578362,0.809887170792,0.251621425152,-0.642753124237,-0.160497903824,-0.70554625988
-0.467072069645,0.216029837728,0.809926509857,0.250473588705,-0.643254816532,-0.16020013392,-0.705565094948
-0.466671794653,0.2158934623,0.809933960438,0.250362455845,-0.643221020699,-0.159641683102,-0.70576196909
-0.466120094061,0.21574215591,0.810092747211,0.25159740448,-0.64362514019,-0.159616217017,-0.704959750175
-0.465512096882,0.215718358755,0.810302853584,0.248975247145,-0.64632588625,-0.157674312592,-0.703855872154
-0.465326189995,0.215484172106,0.810054898262,0.251169085503,-0.643941760063,-0.157988324761,-0.705189943314
-0.464963853359,0.215338855982,0.810028553009,0.250925332308,-0.643481731415,-0.157073155046,-0.705900728703
-0.464552372694,0.215212509036,0.810085535049,0.250009864569,-0.643950819969,-0.156055659056,-0.706023454666
-0.464187026024,0.215096890926,0.810081958771,0.249821737409,-0.643945991993,-0.155463129282,-0.706225216389
-0.46385717392,0.214801698923,0.810755550861,0.246013984084,-0.646208882332,-0.163878053427,-0.703587532043
-0.463717609644,0.214530929923,0.81054186821,0.248446032405,-0.643536806107,-0.164352953434,-0.705069601536
-0.462964743376,0.214548662305,0.810911178589,0.246542900801,-0.646810770035,-0.163495406508,-0.702937841415
-0.462651878595,0.214452564716,0.810904204845,0.246321216226,-0.646789312363,-0.162879869342,-0.703178346157
-0.462249696255,0.214268043637,0.810194849968,0.249659121037,-0.642473220825,-0.162719488144,-0.705989360809
-0.461928784847,0.214188069105,0.810166239738,0.249179109931,-0.642654657364,-0.161646977067,-0.70624011755
-0.461357355118,0.214387893677,0.80981528759,0.248805582523,-0.644253790379,-0.150327578187,-0.70741379261
-0.46151086688,0.213948994875,0.810580432415,0.24669483304,-0.644034028053,-0.159437119961,-0.706358075142
-0.461002141237,0.21415823698,0.810197472572,0.246742323041,-0.645076692104,-0.148649021983,-0.707741379738
-0.460321336985,0.214187949896,0.810215175152,0.242636263371,-0.647986233234,-0.148501694202,-0.706533074379
-0.460242241621,0.213799506426,0.810579538345,0.241724804044,-0.647052884102,-0.15832439065,-0.70556730032
-0.46013969183,0.213611066341,0.810373425484,0.24378913641,-0.644836425781,-0.159141659737,-0.7067014575
-0.459843873978,0.213559061289,0.810366034508,0.24320179224,-0.6451420784,-0.158967584372,-0.706663966179
-0.459360539913,0.213587522507,0.810463547707,0.242909684777,-0.645896196365,-0.158566832542,-0.706165373325
-0.4590472579,0.21356844902,0.810456514359,0.242278575897,-0.646339952946,-0.158185109496,-0.706061720848
-0.458711951971,0.213508278131,0.810483813286,0.24174515903,-0.646719932556,-0.158051714301,-0.705926597118
-0.458184510469,0.213786095381,0.810096859932,0.241805151105,-0.647621750832,-0.146720141172,-0.707523524761
-0.457883864641,0.213761240244,0.810085892677,0.241223290563,-0.647752463818,-0.146040588617,-0.707743227482
-0.457277774811,0.21387155354,0.810310184956,0.237386822701,-0.650693833828,-0.144502967596,-0.706656873226
-0.457054078579,0.213864848018,0.810430049896,0.237042784691,-0.65069770813,-0.143074497581,-0.707059264183
-0.45692127943,0.213737383485,0.81025826931,0.23855099082,-0.648872971535,-0.142953842878,-0.708252429962
-0.456592589617,0.213643476367,0.810238838196,0.237943917513,-0.649019777775,-0.14260366559,-0.708392679691
-0.456320554018,0.21319283545,0.810770869255,0.233841568232,-0.63856959343,-0.143692389131,-0.718957304955
-0.455817520618,0.213464677334,0.810645103455,0.233913898468,-0.650111377239,-0.144560575485,-0.708337426186
-0.455369949341,0.213376760483,0.810528635979,0.233003050089,-0.65036123991,-0.145081609488,-0.708301723003
-0.455173313618,0.213212639093,0.810705780983,0.232054904103,-0.650808691978,-0.150417745113,-0.707087695599
-0.454803138971,0.213030353189,0.810661911964,0.234401270747,-0.649657070637,-0.151346117258,-0.707174777985
-0.454562813044,0.213036715984,0.810832858086,0.233759775758,-0.650068938732,-0.149446621537,-0.707412600517
-0.454226791859,0.212968736887,0.810846745968,0.233027294278,-0.650049865246,-0.148787468672,-0.70781069994
-0.453798592091,0.212871789932,0.810706913471,0.232211083174,-0.65013897419,-0.149380177259,-0.70787191391
-0.453398257494,0.212842285633,0.810702502728,0.231209054589,-0.650745391846,-0.148752391338,-0.707775056362
-0.452798485756,0.213075429201,0.810355842113,0.231098905206,-0.651839613914,-0.137359544635,-0.709105789661
-0.452380001545,0.212969973683,0.810395717621,0.229585573077,-0.652707099915,-0.136521667242,-0.708961248398
-0.452309072018,0.21241697669,0.810748815536,0.22766315937,-0.639647006989,-0.138195097446,-0.721057116985
-0.451689600945,0.212703421712,0.810568571091,0.227626949549,-0.651581048965,-0.13920520246,-0.710105657578
-0.451284348965,0.212425842881,0.81070882082,0.227242663503,-0.641443312168,-0.135753795505,-0.720057189465
-0.45066255331,0.212630182505,0.810521006584,0.227712750435,-0.652465522289,-0.134217575192,-0.710226237774
-0.450298547745,0.212522417307,0.810565471649,0.226752340794,-0.651976525784,-0.133249074221,-0.711164355278
-0.449834495783,0.212476596236,0.810593187809,0.225321635604,-0.652728617191,-0.132301703095,-0.711106061935
-0.449716240168,0.21205881238,0.811159193516,0.224115625024,-0.65279006958,-0.140458375216,-0.70986533165
-0.449346512556,0.211893081665,0.811162233353,0.223241269588,-0.653008759022,-0.140247955918,-0.709981322289
-0.448906898499,0.211824834347,0.811173796654,0.222365677357,-0.653761327267,-0.139569789171,-0.709697127342
-0.448257684708,0.21181961894,0.811431646347,0.218848034739,-0.656730592251,-0.137949958444,-0.708364546299
-0.448057293892,0.211562931538,0.811271548271,0.220901593566,-0.654393792152,-0.137785434723,-0.709919989109
-0.447543412447,0.21142077446,0.811423122883,0.221541136503,-0.654789209366,-0.137160286307,-0.709477126598
-0.447099000216,0.211228832603,0.811364412308,0.221581190825,-0.654287993908,-0.136461779475,-0.710061490536
-0.446415990591,0.211341395974,0.810973644257,0.221752017736,-0.655128240585,-0.125045716763,-0.711334466934
-0.445996671915,0.211236283183,0.810842990875,0.22106821835,-0.654957592487,-0.124864391983,-0.711736142635
-0.44578358531,0.210804075003,0.811287522316,0.219292402267,-0.654732763767,-0.134345158935,-0.710765302181
-0.444825649261,0.210004031658,0.81160390377,0.218838870525,-0.655126512051,-0.137540116906,-0.709930717945
-0.444892764091,0.210365533829,0.811462879181,0.217392206192,-0.654326200485,-0.13275308907,-0.712021529675
-0.44393324852,0.209577277303,0.811740994453,0.218481436372,-0.65497636795,-0.137338012457,-0.710218310356
-0.443484485149,0.209404781461,0.811745524406,0.218255892396,-0.65513420105,-0.136837869883,-0.710238754749
-0.443041026592,0.209233000875,0.811809659004,0.217597812414,-0.655505478382,-0.136299133301,-0.710201621056
-0.442591071129,0.209025874734,0.811863541603,0.217450916767,-0.655989944935,-0.135970339179,-0.709862351418
-0.442181348801,0.208846256137,0.81196552515,0.216858163476,-0.656468212605,-0.135572448373,-0.709677636623
-0.441729515791,0.208673030138,0.811999797821,0.216036692262,-0.65699338913,-0.135174781084,-0.70951795578
-0.441379725933,0.20849455893,0.812017679214,0.215499907732,-0.656943440437,-0.134542927146,-0.709847569466
-0.44099521637,0.208287417889,0.81204521656,0.215192958713,-0.657000303268,-0.133911624551,-0.710007190704
-0.440659254789,0.207822173834,0.812321543694,0.215024843812,-0.656950592995,-0.1349709481,-0.709903597832
-0.440278023481,0.207636073232,0.81237834692,0.214352726936,-0.657204568386,-0.134207814932,-0.710016429424
-0.43986672163,0.207311525941,0.812687039375,0.213642418385,-0.661017179489,-0.134386211634,-0.70664948225
-0.439732193947,0.207379251719,0.812774300575,0.21393173933,-0.660943925381,-0.131558716297,-0.707162320614
-0.439069360495,0.206944793463,0.812755346298,0.213661834598,-0.661692261696,-0.134139850736,-0.706058502197
-0.438640892506,0.206798478961,0.81279361248,0.212930098176,-0.662293612957,-0.133860945702,-0.70576864481
-0.43823081255,0.206615775824,0.81285738945,0.212574362755,-0.662748217583,-0.133575722575,-0.705503106117
-0.438225477934,0.206654042006,0.812945127487,0.21279618144,-0.662054240704,-0.130829110742,-0.70660161972
-0.437924295664,0.206444680691,0.812970876694,0.21263101697,-0.661814808846,-0.130460202694,-0.706943690777
-0.437645018101,0.206274673343,0.813010215759,0.212223976851,-0.661863327026,-0.12949025631,-0.70719897747
-0.437111049891,0.205928713083,0.812954127789,0.211224004626,-0.662064731121,-0.13090133667,-0.707049787045
-0.436817973852,0.205841094255,0.812847614288,0.210946977139,-0.660702228546,-0.12980055809,-0.708608388901
-0.436568707228,0.205689370632,0.812874078751,0.210074663162,-0.66085267067,-0.128625154495,-0.70894151926
-0.436294436455,0.205524578691,0.812888503075,0.209666416049,-0.661339879036,-0.128493413329,-0.708631753922
-0.436055183411,0.20538932085,0.812844395638,0.209088727832,-0.661137461662,-0.127683237195,-0.709137618542
-0.435742855072,0.205279126763,0.812828302383,0.208429813385,-0.661799669266,-0.126966580749,-0.708842515945
-0.435531407595,0.205124378204,0.81274586916,0.208152607083,-0.662004113197,-0.126525580883,-0.708811879158
-0.435264647007,0.204964891076,0.812730610371,0.207885712385,-0.662070333958,-0.12634216249,-0.70886105299
-0.435013771057,0.204713687301,0.812880456448,0.207287758589,-0.663858234882,-0.126720845699,-0.707294762135
-0.434800893068,0.204516619444,0.812866091728,0.207122400403,-0.663423597813,-0.126486286521,-0.707792937756
-0.43454554677,0.204320728779,0.812889695168,0.207218378782,-0.663389742374,-0.126532927155,-0.707788109779
-0.434307426214,0.204265370965,0.81268787384,0.207081273198,-0.659320175648,-0.12529797852,-0.711839020252
-0.434078454971,0.203989312053,0.81288087368,0.206408664584,-0.663148343563,-0.125454336405,-0.708442747593
-0.433905661106,0.203789114952,0.812898099422,0.206302881241,-0.663068652153,-0.125181406736,-0.708596348763
-0.433731228113,0.203634217381,0.812892913818,0.205784723163,-0.663216531277,-0.124711044133,-0.70869165659
-0.433537781239,0.203447580338,0.812905430794,0.205492585897,-0.663587272167,-0.124625921249,-0.708444178104
-0.433376252651,0.203215807676,0.812854528427,0.205736234784,-0.6638007164,-0.124800138175,-0.70814281702
-0.433145493269,0.203093469143,0.812752127647,0.205510035157,-0.66289126873,-0.124054133892,-0.709190666676
-0.432956457138,0.202922418714,0.812789738178,0.204786077142,-0.66355329752,-0.123680979013,-0.708846092224
-0.432802885771,0.202738493681,0.812774479389,0.204589232802,-0.663967788219,-0.123460881412,-0.708553195
-0.432938575745,0.202473104,0.812445163727,0.203643217683,-0.641061663628,-0.120336338878,-0.730129122734
-0.432647109032,0.202389448881,0.812360048294,0.203593969345,-0.647012352943,-0.114200130105,-0.725867092609
-0.432541310787,0.202161669731,0.812347948551,0.203392490745,-0.647614300251,-0.113341204822,-0.72552126646
-0.432325452566,0.201994717121,0.812355816364,0.202236682177,-0.648589611053,-0.113035351038,-0.725020647049
-0.432202219963,0.20175357163,0.812321782112,0.201778203249,-0.648805260658,-0.112761318684,-0.724998116493
-0.432046294212,0.201804310083,0.811905384064,0.20267149806,-0.647880494595,-0.110099762678,-0.725984334946
-0.43219819665,0.201501294971,0.812565088272,0.20182724297,-0.663718998432,-0.118061549962,-0.710495889187
-0.432084679604,0.201293617487,0.812522649765,0.201441138983,-0.663946568966,-0.117326453328,-0.71051466465
-0.431629449129,0.200790390372,0.812470436096,0.20109167695,-0.664937138557,-0.119965091348,-0.709245562553
-0.431531757116,0.200524032116,0.812459468842,0.200539886951,-0.664176225662,-0.118790745735,-0.710311710835
-0.431397289038,0.200265228748,0.812429070473,0.200012207031,-0.664256393909,-0.118159912527,-0.710490524769
-0.431296169758,0.200036004186,0.812365412712,0.199494704604,-0.664350986481,-0.11751062423,-0.710655331612
-0.431440263987,0.199974030256,0.812351346016,0.199650004506,-0.663728415966,-0.114509865642,-0.71168255806
-0.431295752525,0.199739694595,0.812319636345,0.199262022972,-0.663809776306,-0.114021100104,-0.711793839931
-0.430951803923,0.199221551418,0.812242269516,0.198584586382,-0.663122117519,-0.117060489953,-0.712130606174
-0.430271536112,0.199184924364,0.811814069748,0.197098001838,-0.665326297283,-0.115738451481,-0.710702419281
-0.430047959089,0.198958367109,0.811848044395,0.196633219719,-0.66597110033,-0.115392543375,-0.710283398628
-0.429908275604,0.198694601655,0.811846137047,0.196217060089,-0.666031122208,-0.11509912461,-0.710389733315
-0.429728895426,0.198412433267,0.81186914444,0.196464806795,-0.665919244289,-0.114766441286,-0.710480093956
-0.429600208998,0.198100835085,0.811836063862,0.197179287672,-0.665269911289,-0.114487893879,-0.710935175419
-0.429367542267,0.197882816195,0.811772286892,0.19738073647,-0.665278196335,-0.114328198135,-0.710897326469
-0.429770678282,0.197672188282,0.811848163605,0.194471776485,-0.664358556271,-0.110297977924,-0.713192045689
-0.429618597031,0.197409152985,0.811895608902,0.19427639246,-0.664765655994,-0.110149174929,-0.712888896465
-0.429474771023,0.197161048651,0.811926603317,0.193937167525,-0.665031194687,-0.109741076827,-0.712796509266
-0.428759306669,0.196670979261,0.812129080296,0.196132853627,-0.668163359165,-0.112897306681,-0.708762168884
-0.428553313017,0.196479484439,0.812078237534,0.195406556129,-0.66882276535,-0.112572215497,-0.708392560482
-0.428456127644,0.196158885956,0.81208562851,0.195338740945,-0.668351173401,-0.111785247922,-0.708980679512
-0.428307443857,0.195862114429,0.812154948711,0.194928064942,-0.66862565279,-0.111280865967,-0.708914279938
-0.428301841021,0.195550829172,0.81240427494,0.194376587868,-0.669043004513,-0.110452525318,-0.708801448345
-0.428121864796,0.195274636149,0.812481999397,0.19360691309,-0.669752418995,-0.110140644014,-0.708390653133
-0.42797678709,0.195015951991,0.812529921532,0.19295412302,-0.670420229435,-0.109788514674,-0.707991540432
-0.427792727947,0.194724053144,0.812630772591,0.192395046353,-0.671057164669,-0.109831891954,-0.707533419132
-0.427597850561,0.194423869252,0.812574744225,0.192161127925,-0.670392155647,-0.109478406608,-0.708281636238
-0.429577201605,0.194431811571,0.811942815781,0.178193479776,-0.666140556335,-0.0982266589999,-0.717534244061
-0.429452180862,0.194324985147,0.811965107918,0.177525892854,-0.666448354721,-0.0971872508526,-0.717555582523
-0.429410606623,0.194188594818,0.81171476841,0.178184226155,-0.650727272034,-0.0893120393157,-0.73268532753
-0.42928725481,0.194005668163,0.811820209026,0.177921488881,-0.650979697704,-0.0888990163803,-0.732575178146
-0.429160773754,0.193812310696,0.811926722527,0.17752109468,-0.651215910912,-0.0887010544538,-0.73248642683
-0.428979247808,0.193458646536,0.812182068825,0.177554532886,-0.651693463326,-0.0890248939395,-0.73201406002
-0.428742170334,0.193231537938,0.812339544296,0.177022472024,-0.652327299118,-0.0893262252212,-0.731541693211
-0.428691267967,0.193069577217,0.812595248222,0.176405727863,-0.652636706829,-0.0890053063631,-0.731453716755
-0.428571641445,0.192884579301,0.812745332718,0.175981014967,-0.652851104736,-0.0888088569045,-0.731388568878
-0.428388208151,0.192760497332,0.812935471535,0.174995020032,-0.653608381748,-0.0882894694805,-0.7310115695
-0.428256094456,0.192726328969,0.812923789024,0.175209909678,-0.653625607491,-0.0879507064819,-0.730985462666
-0.428047001362,0.192499652505,0.813119053841,0.175381734967,-0.654110431671,-0.0884737297893,-0.730447232723
-0.427876293659,0.192331299186,0.813242197037,0.175076574087,-0.654572308064,-0.0884300023317,-0.730111896992
-0.42772603035,0.192015111446,0.813475966454,0.174546480179,-0.655017256737,-0.0879550278187,-0.729897081852
-0.427405148745,0.191879838705,0.813505172729,0.173718854785,-0.655766248703,-0.0874014943838,-0.729488432407
-0.427169412374,0.191716402769,0.81367790699,0.173226431012,-0.656509041786,-0.0878832861781,-0.728879392147
-0.426942706108,0.191568925977,0.813900589943,0.171894669533,-0.657641232014,-0.0872796550393,-0.728246212006
-0.426675677299,0.191384240985,0.814114451408,0.171460673213,-0.658494472504,-0.0871499031782,-0.72759282589
-0.426491707563,0.191296383739,0.814122438431,0.171440586448,-0.658386766911,-0.0872952789068,-0.727677643299
-0.426265537739,0.191148638725,0.814296722412,0.17033135891,-0.658837258816,-0.0866234824061,-0.727610647678
-0.425732135773,0.190814092755,0.814724683762,0.16908749938,-0.660865902901,-0.0869476944208,-0.726020514965
-0.425500690937,0.190658956766,0.814891457558,0.168241932988,-0.66108673811,-0.0865211933851,-0.726066827774
-0.425234436989,0.190505206585,0.815118014812,0.166904315352,-0.66162610054,-0.0857650414109,-0.725974023342
-0.4250202775,0.190330415964,0.815286517143,0.166449591517,-0.661731958389,-0.0855059027672,-0.726012468338
-0.424514979124,0.190233975649,0.815398931503,0.168890729547,-0.66196835041,-0.0873144865036,-0.72501718998
-0.424233198166,0.190084218979,0.815591692924,0.167790278792,-0.662410914898,-0.0868411958218,-0.724925518036
-0.423787921667,0.189986288548,0.815800487995,0.168294638395,-0.662735998631,-0.0868293046951,-0.724512696266
-0.422920703888,0.189460799098,0.815970420837,0.164761722088,-0.664855957031,-0.0876991599798,-0.723276674747
-0.422899156809,0.189306795597,0.816131353378,0.166657954454,-0.663382530212,-0.0886319056153,-0.724080979824
-0.422416269779,0.189009979367,0.8162586689,0.165921345353,-0.663930535316,-0.0889994204044,-0.723702669144
-0.421733349562,0.188758224249,0.81671410799,0.163040563464,-0.666595578194,-0.0876163840294,-0.722074389458
-0.421378582716,0.188614591956,0.81699347496,0.161017596722,-0.667630434036,-0.086796939373,-0.721671164036
-0.421047091484,0.188396915793,0.817195951939,0.159637138247,-0.66758453846,-0.0856039822102,-0.722162663937
-0.421042829752,0.188268691301,0.817313671112,0.161749556661,-0.665782630444,-0.0863935872912,-0.723261237144
-0.4205468297,0.18801048398,0.817680597305,0.158879294991,-0.667492091656,-0.0852754339576,-0.722453951836
-0.419862955809,0.187548488379,0.817851543427,0.156763538718,-0.668614625931,-0.0842055827379,-0.722003519535
-0.420060604811,0.187709376216,0.817939162254,0.157730847597,-0.667391836643,-0.0839019790292,-0.722958981991
-0.418790817261,0.187233492732,0.81856739521,0.149745047092,-0.673178017139,-0.0813308507204,-0.719578444958
-0.418740928173,0.186904147267,0.818584263325,0.154411435127,-0.669702172279,-0.0821977034211,-0.721733808517
-0.418286293745,0.186591550708,0.818900823593,0.15240933001,-0.670961022377,-0.0819053500891,-0.721023261547
-0.417982548475,0.186333552003,0.819100022316,0.151220977306,-0.671232819557,-0.0810062363744,-0.721121966839
-0.417563676834,0.186095118523,0.819331049919,0.149062931538,-0.672390937805,-0.0798378437757,-0.720622420311
-0.41726320982,0.185829013586,0.819530963898,0.147788167,-0.672423481941,-0.0784997045994,-0.721001565456
-0.416769564152,0.185654118657,0.820086836815,0.142862349749,-0.674869835377,-0.0761865004897,-0.719956159592
-0.416210770607,0.185222432017,0.820112764835,0.143459871411,-0.674590945244,-0.0758416578174,-0.720135033131
-0.415837138891,0.184871703386,0.820571959019,0.142106771469,-0.675893366337,-0.0754226818681,-0.719225466251
-0.415488481522,0.184560745955,0.820794999599,0.140540957451,-0.676143884659,-0.0740584135056,-0.719439387321
-0.415082842112,0.18417724967,0.821041226387,0.138534635305,-0.676919221878,-0.0737452730536,-0.719131588936
-0.414711624384,0.183897182345,0.821203410625,0.136896252632,-0.67680811882,-0.0725422054529,-0.719672083855
-0.414408415556,0.183532506227,0.821477651596,0.135311871767,-0.676488339901,-0.0709108039737,-0.72043466568
-0.4138700068,0.183138743043,0.821821808815,0.13423755765,-0.677687168121,-0.0705970823765,-0.719539165497
-0.413422375917,0.18281121552,0.821881055832,0.133799090981,-0.67760848999,-0.070122256875,-0.719741225243
-0.412934392691,0.18247616291,0.822251915932,0.132368430495,-0.678875386715,-0.069571621716,-0.71886485815
-0.412671893835,0.182066425681,0.822770118713,0.130151987076,-0.679066896439,-0.0688808485866,-0.719155132771
-0.412144064903,0.181598708034,0.822880446911,0.128926485777,-0.678878128529,-0.0680275782943,-0.719635128975
-0.411859333515,0.181341573596,0.823117375374,0.127802327275,-0.678966104984,-0.0673549994826,-0.719815850258
-0.411512047052,0.181024357677,0.823523759842,0.127980396152,-0.679491281509,-0.0674256533384,-0.719281852245
-0.411351144314,0.180942624807,0.824059128761,0.127446591854,-0.679447054863,-0.0640805736184,-0.719724059105
-0.411028176546,0.180536091328,0.82439827919,0.125864118338,-0.6799300313,-0.0642732828856,-0.719529271126
-0.410696476698,0.180295288563,0.824746489525,0.124079324305,-0.680137336254,-0.0632428079844,-0.719734668732
-0.410438805819,0.179866701365,0.825074315071,0.123145133257,-0.679408848286,-0.0620452798903,-0.720686793327
-0.410073250532,0.17953132093,0.825511991978,0.12278073281,-0.680118143559,-0.0619613938034,-0.720086872578
-0.409616053104,0.179251477122,0.826202869415,0.120393849909,-0.682457983494,-0.0613667927682,-0.718324780464
-0.409502238035,0.178804665804,0.826413989067,0.120895303786,-0.68104159832,-0.0634073317051,-0.71940690279
-0.409267395735,0.178445145488,0.826794743538,0.119245529175,-0.681431889534,-0.0636272206903,-0.719293117523
-0.409097790718,0.178207919002,0.82715845108,0.118019066751,-0.681705415249,-0.0633022263646,-0.719264924526
-0.408645778894,0.177705824375,0.828135550022,0.115709550679,-0.681703686714,-0.0618982687593,-0.719763934612
-0.408645778894,0.177705824375,0.828135550022,0.115709550679,-0.681703686714,-0.0618982687593,-0.719763934612
-0.408226311207,0.177339360118,0.828455805779,0.115323066711,-0.682172358036,-0.0619012229145,-0.719381511211
-0.408248662949,0.17742022872,0.829030871391,0.113191515207,-0.682904243469,-0.0584220513701,-0.719316601753
-0.408159047365,0.177246153355,0.829399049282,0.111939825118,-0.683084785938,-0.0578487850726,-0.719387531281
-0.408118098974,0.176944464445,0.829876124859,0.109968625009,-0.682864248753,-0.0569668151438,-0.719970881939
-0.407938957214,0.176529884338,0.830127894878,0.109483957291,-0.682744622231,-0.0590839311481,-0.719987571239
-0.407674640417,0.176381006837,0.830712497234,0.108344517648,-0.684354484081,-0.0590661540627,-0.718631863594
-0.407709360123,0.176199287176,0.831377387047,0.106669120491,-0.684410512447,-0.057932972908,-0.718921244144
-0.407558083534,0.17599581182,0.831929206848,0.105797283351,-0.685299515724,-0.0579216107726,-0.718203902245
-0.407762616873,0.176192343235,0.83231651783,0.105441190302,-0.684810817242,-0.0548705309629,-0.71896147728
-0.407702863216,0.17612695694,0.832890450954,0.102846935391,-0.68594288826,-0.0545439459383,-0.718282580376
-0.407570958138,0.175815865397,0.833317637444,0.100949726999,-0.685725748539,-0.0557606108487,-0.718665599823
-0.407632768154,0.175641670823,0.833806037903,0.0993582308292,-0.685897529125,-0.0561624951661,-0.71869212389
-0.407534897327,0.175545394421,0.834573030472,0.0978583693504,-0.68712079525,-0.058112744242,-0.717573463917
-0.407568573952,0.17561969161,0.835200369358,0.0962971821427,-0.688267171383,-0.0554846972227,-0.716893732548
-0.407798886299,0.175814673305,0.835940241814,0.0957636907697,-0.688262104988,-0.0532201826572,-0.71714168787
-0.407604664564,0.175562620163,0.836509227753,0.0932494923472,-0.688623964787,-0.0548120886087,-0.717005729675
-0.407693892717,0.175646826625,0.836884617805,0.0930375382304,-0.688245236874,-0.0551981367171,-0.717367351055
-0.407699137926,0.175691306591,0.837567865849,0.0930302068591,-0.688914299011,-0.0556357726455,-0.716691851616
-0.407816410065,0.175814837217,0.838211357594,0.0921033471823,-0.689228832722,-0.0555366948247,-0.716516792774
-0.408139646053,0.176117315888,0.838895261288,0.091458953917,-0.688458204269,-0.0534074902534,-0.717501401901
-0.407966703176,0.176023676991,0.839733839035,0.0886057838798,-0.690365672112,-0.0552141182125,-0.715888023376
-0.408164560795,0.176159620285,0.840306043625,0.0874934345484,-0.69024515152,-0.0556776896119,-0.716105163097
-0.408368051052,0.176327094436,0.840957641602,0.085722990334,-0.69037938118,-0.0559409298003,-0.7161693573
-0.408797025681,0.176758870482,0.841634631157,0.0846558883786,-0.690053522587,-0.0535702928901,-0.716791450977
-0.408753275871,0.176883786917,0.842164635658,0.0849552601576,-0.69057816267,-0.0541423670948,-0.716207504272
-0.408640980721,0.17683441937,0.842882156372,0.0820091664791,-0.692035496235,-0.057032816112,-0.714918732643
-0.408920884132,0.176969543099,0.843662858009,0.080756649375,-0.691515147686,-0.0594909638166,-0.715364277363
-0.409054249525,0.177440866828,0.844309151173,0.0802801251411,-0.691938996315,-0.057386726141,-0.715179920197
-0.409092068672,0.177382111549,0.845149874687,0.0772846564651,-0.695918738842,-0.0604864433408,-0.71138292551
-0.409228384495,0.177648767829,0.845654249191,0.0760305821896,-0.692767620087,-0.0580149330199,-0.714791297913
-0.409461706877,0.177884683013,0.846156418324,0.0755329206586,-0.692079007626,-0.058641705662,-0.715459764004
-0.409552633762,0.178072631359,0.846998751163,0.0752520039678,-0.69299352169,-0.0592780262232,-0.714551091194
-0.409704238176,0.178306251764,0.847767472267,0.0732339769602,-0.693451404572,-0.0595861077309,-0.714290857315
-0.409812688828,0.178414091468,0.848596334457,0.0722410827875,-0.693801939487,-0.0602625608444,-0.713994860649
-0.41003242135,0.178583681583,0.849217951298,0.071413718164,-0.693194329739,-0.0600838437676,-0.714683055878
-0.410131037235,0.178779661655,0.84992825985,0.0691305175424,-0.693776845932,-0.0604259520769,-0.714313268661
-0.410184383392,0.178913548589,0.850528597832,0.0701123178005,-0.693729758263,-0.0615449808538,-0.714167654514
-0.410404443741,0.178924173117,0.85152053833,0.0676620304585,-0.697102963924,-0.0646503642201,-0.710837423801
-0.410454660654,0.179170697927,0.85227650404,0.0648953691125,-0.695327281952,-0.063900500536,-0.712899208069
-0.410564988852,0.179219007492,0.852796912193,0.0660971477628,-0.695124864578,-0.0631156116724,-0.713056147099
-0.410816818476,0.179339811206,0.853398561478,0.0650658607483,-0.694879591465,-0.0633125379682,-0.713372528553
-0.411023139954,0.179678380489,0.854137182236,0.0624847523868,-0.695519924164,-0.0631384626031,-0.7129945755
-0.411014765501,0.179703876376,0.854695022106,0.0631736814976,-0.695269703865,-0.0643826127052,-0.713066697121
-0.411043167114,0.179620221257,0.855497777462,0.0606259778142,-0.695798158646,-0.0636189356446,-0.712840795517
-0.411304414272,0.179632633924,0.856028616428,0.0611167177558,-0.695081233978,-0.0637446194887,-0.713486909866
-0.411129206419,0.179602637887,0.856828272343,0.0581951290369,-0.697084367275,-0.0643568783998,-0.711719691753
-0.411264121532,0.17962872982,0.857370436192,0.0573234707117,-0.696812272072,-0.0648008361459,-0.712016522884
-0.411428511143,0.179658010602,0.857885181904,0.056636299938,-0.696511805058,-0.0649902746081,-0.712348103523
-0.411569476128,0.179753318429,0.858517467976,0.0578699856997,-0.695839166641,-0.0652254968882,-0.712884783745
-0.411589831114,0.17946305871,0.858942806721,0.057516053319,-0.6956204772,-0.0655241310596,-0.713099479675
-0.411730766296,0.179400935769,0.85945212841,0.0570486672223,-0.695514142513,-0.0660176053643,-0.713195085526
-0.411652565002,0.179202601314,0.860302329063,0.054378785193,-0.699093043804,-0.0690425857902,-0.709609150887
-0.411645412445,0.179036036134,0.860841274261,0.0522927902639,-0.699903547764,-0.0691233798862,-0.708958804607
-0.411905616522,0.179196283221,0.861085891724,0.0532783716917,-0.695983529091,-0.0662011727691,-0.713011860847
-0.411972433329,0.178973600268,0.861494004726,0.0526126362383,-0.696024477482,-0.0668544322252,-0.712960362434
-0.411927849054,0.178790032864,0.861988544464,0.053695641458,-0.696307182312,-0.0675876811147,-0.712534248829
-0.411767601967,0.178291082382,0.86269402504,0.0506362207234,-0.69969189167,-0.0698144435883,-0.709220170975
-0.41187286377,0.178137272596,0.863014280796,0.0505905933678,-0.696459770203,-0.0691732391715,-0.71246021986
-0.412052452564,0.178049653769,0.863454699516,0.0520622394979,-0.696077227592,-0.0702980533242,-0.71261793375
-0.412194132805,0.177863821387,0.863842725754,0.051547486335,-0.69588124752,-0.0700470805168,-0.712871491909
-0.41203841567,0.177268788218,0.86431235075,0.0487543828785,-0.696940302849,-0.0702683776617,-0.712010979652
-0.412352710962,0.177038565278,0.864464521408,0.0506700277328,-0.694740414619,-0.0680888220668,-0.714235365391
-0.412332028151,0.176711753011,0.865041136742,0.047865845263,-0.695955514908,-0.0699852183461,-0.713061630726
-0.412410795689,0.17652130127,0.865490019321,0.0492066890001,-0.696103870869,-0.0706738904119,-0.712757527828
-0.412540137768,0.176220357418,0.865842223167,0.048939794302,-0.695624053478,-0.0705736875534,-0.713254094124
-0.412535697222,0.175797626376,0.866165518761,0.0486284643412,-0.695620298386,-0.0686921626329,-0.713462710381
-0.41268491745,0.175494939089,0.86654150486,0.048266261816,-0.695883333683,-0.0681809335947,-0.713279724121
-0.412892609835,0.175170436502,0.866874814034,0.0478098802269,-0.695485770702,-0.0674656331539,-0.713766336441
-0.41294836998,0.174735069275,0.867289185524,0.0480854734778,-0.695283412933,-0.0672020018101,-0.713969707489
-0.413404494524,0.174075707793,0.86739730835,0.0515007935464,-0.692992269993,-0.0688988640904,-0.715794980526
-0.413248479366,0.173551350832,0.867935538292,0.0480137616396,-0.697553813457,-0.0710621625185,-0.711381435394
-0.413329988718,0.173475116491,0.868228673935,0.0464433953166,-0.695813655853,-0.0674590095878,-0.713537454605
-0.413259744644,0.17286516726,0.868580341339,0.0441848263144,-0.697137057781,-0.0670409202576,-0.712427616119
-0.413599818945,0.172644302249,0.868887662888,0.0446682646871,-0.697070598602,-0.0668863207102,-0.712477147579
-0.413592100143,0.172001063824,0.869173109531,0.0433285050094,-0.697403550148,-0.0663623288274,-0.712283015251
-0.413971960545,0.171786800027,0.869405150414,0.044364143163,-0.696170806885,-0.0662268921733,-0.713436901569
-0.414119750261,0.171416342258,0.869644284248,0.0442275106907,-0.696504473686,-0.0660693496466,-0.713134229183
-0.414139598608,0.170833691955,0.869866728783,0.0430315844715,-0.697059631348,-0.0661016330123,-0.712661683559
-0.414375126362,0.170418292284,0.870153963566,0.0451109148562,-0.696453034878,-0.0673221498728,-0.713011860847
-0.414589196444,0.16991750896,0.870480060577,0.0444273129106,-0.6966599226,-0.069371894002,-0.712656140327
-0.414763003588,0.16952778399,0.87068015337,0.0442991442978,-0.696735560894,-0.069197408855,-0.712607145309
-0.414894729853,0.169220015407,0.870805799961,0.0444892905653,-0.697559952736,-0.0670879110694,-0.711990237236
-0.415116161108,0.168732464314,0.871054708958,0.0445174500346,-0.697242319584,-0.0670968741179,-0.712298691273
-0.41517072916,0.168145865202,0.87129342556,0.0428224802017,-0.697908759117,-0.0664713904262,-0.71180832386
-0.415529549122,0.167845413089,0.871454000473,0.0435436479747,-0.696842968464,-0.0665611252189,-0.712799847126
-0.415769606829,0.167515620589,0.87157189846,0.0438348315656,-0.696784615517,-0.0667170733213,-0.71282440424
-0.415939122438,0.167041108012,0.871785640717,0.043925549835,-0.697128534317,-0.0670609772205,-0.71245020628
-0.416124880314,0.166644111276,0.872010052204,0.0433800555766,-0.698130726814,-0.0672300457954,-0.711485743523
-0.416380524635,0.166259989142,0.872142553329,0.0428435429931,-0.697552978992,-0.0667902678251,-0.712125897408
-0.416492432356,0.165689229965,0.872284293175,0.0395936183631,-0.69834536314,-0.0659629106522,-0.711614429951
-0.416603296995,0.165054008365,0.872605144978,0.0409617945552,-0.698704361916,-0.0696447491646,-0.710833370686
-0.416961312294,0.164866805077,0.872692525387,0.0423656105995,-0.698276937008,-0.0675509423018,-0.711372971535
-0.417393565178,0.164472579956,0.872857153416,0.0406447388232,-0.697885930538,-0.0687743499875,-0.711739659309
-0.417670041323,0.164130419493,0.873036563396,0.0402646772563,-0.698109149933,-0.0680318921804,-0.711613833904
-0.417871266603,0.163642287254,0.873193502426,0.0400598309934,-0.698161780834,-0.0684891119599,-0.711529910564
-0.417886674404,0.163122534752,0.873262405396,0.0398866422474,-0.699057281017,-0.0662532523274,-0.710871756077
-0.418054550886,0.162677004933,0.873417496681,0.0397973097861,-0.699026703835,-0.0659817680717,-0.710932016373
-0.418130993843,0.162247240543,0.873659968376,0.0381841100752,-0.700125038624,-0.0658677071333,-0.709949612617
-0.418594568968,0.162003859878,0.873732924461,0.0394788458943,-0.699207007885,-0.0667438358068,-0.710701286793
-0.41886806488,0.161604076624,0.873963356018,0.0390421748161,-0.699590682983,-0.0684896782041,-0.71018153429
-0.419067561626,0.161190733314,0.874174714088,0.0388023629785,-0.699613749981,-0.068140335381,-0.710205614567
-0.419119149446,0.160622730851,0.874358415604,0.0377481244504,-0.700258135796,-0.0677729696035,-0.709662258625
-0.419286429882,0.160259366035,0.87438929081,0.0379539579153,-0.700006783009,-0.0655743926764,-0.710105597973
-0.419510066509,0.159795075655,0.874559760094,0.0375055968761,-0.700745403767,-0.0662052482367,-0.709342122078
-0.419728904963,0.159508377314,0.874676346779,0.0374354012311,-0.700965762138,-0.0657930746675,-0.70916646719
-0.419978201389,0.159158170223,0.874824404716,0.0378384068608,-0.700339019299,-0.0654090121388,-0.709799528122
-0.42033880949,0.159006521106,0.874965906143,0.0387545228004,-0.700464963913,-0.0659426674247,-0.709576249123
-0.420524299145,0.158566772938,0.875110268593,0.0388157814741,-0.700027167797,-0.0665423348546,-0.709948837757
-0.420825153589,0.158272668719,0.875146865845,0.0397497750819,-0.699440062046,-0.0668989568949,-0.710442185402
-0.421076059341,0.157940894365,0.875294089317,0.039549279958,-0.699565708637,-0.067056261003,-0.710314869881
-0.421304225922,0.157651051879,0.875427126884,0.0398735515773,-0.699935019016,-0.0676451697946,-0.70987701416
-0.421524763107,0.157391279936,0.875586152077,0.0399092435837,-0.700207352638,-0.0677691102028,-0.709594488144
-0.421778708696,0.157072797418,0.87575674057,0.0402163043618,-0.700001299381,-0.067784756422,-0.70977896452
-0.422011524439,0.156717836857,0.875926077366,0.0404979735613,-0.699526190758,-0.0682913884521,-0.710182547569
-0.422059297562,0.156250908971,0.876122236252,0.0391677431762,-0.700444877148,-0.0681470707059,-0.709365129471
-0.422372817993,0.155952513218,0.876371145248,0.0386643595994,-0.704214274883,-0.0713683217764,-0.705332458019
-0.422626852989,0.155782222748,0.876324892044,0.0395932607353,-0.700712144375,-0.0682713612914,-0.709065437317
-0.423174321651,0.155734702945,0.876354694366,0.040043566376,-0.69980943203,-0.0684447288513,-0.709914624691
-0.423437356949,0.155471324921,0.876506090164,0.040107075125,-0.700318157673,-0.0689708814025,-0.709358215332
-0.42370223999,0.155142188072,0.876669406891,0.0402267873287,-0.70006108284,-0.0692607089877,-0.709576845169
-0.424030065536,0.154900863767,0.876827478409,0.0399321205914,-0.700187563896,-0.068909868598,-0.709502875805
-0.424305647612,0.154695242643,0.876926541328,0.0397059284151,-0.700367987156,-0.0687423720956,-0.709353625774
-0.42461052537,0.154517710209,0.876995146275,0.0400863401592,-0.700413227081,-0.0688213482499,-0.709280014038
-0.424835175276,0.154280930758,0.877145349979,0.0394349172711,-0.701259374619,-0.0689258500934,-0.708469808102
-0.425067901611,0.154083043337,0.877249598503,0.0393175147474,-0.701580584049,-0.0690608471632,-0.708145201206
-0.425526738167,0.153940439224,0.877247452736,0.0382995866239,-0.701156497002,-0.0683767572045,-0.708687186241
-0.425833404064,0.15357992053,0.87751275301,0.0374132022262,-0.704727470875,-0.0718239396811,-0.704841077328
-0.426055788994,0.153475701809,0.877443373203,0.0377297587693,-0.702050983906,-0.0690523758531,-0.707766056061
-0.426355481148,0.153311222792,0.877525448799,0.0383412390947,-0.702335059643,-0.0695558339357,-0.707401812077
-0.42659920454,0.153141245246,0.87763774395,0.0385665781796,-0.702389359474,-0.0698438808322,-0.707307398319
-0.426629930735,0.152759596705,0.877762258053,0.037752892822,-0.702741920948,-0.0698112696409,-0.707004189491
-0.426848053932,0.152597203851,0.877841830254,0.0379998125136,-0.702819705009,-0.0700706467032,-0.706887960434
-0.427120029926,0.152418330312,0.877956092358,0.0382080376148,-0.702764570713,-0.070220887661,-0.706916570663
-0.427357643843,0.152278199792,0.878033638,0.0379523150623,-0.702821731567,-0.0702753439546,-0.706868231297
-0.427777171135,0.152124866843,0.878194451332,0.0391536988318,-0.705210864544,-0.0748048275709,-0.703952491283
-0.427952170372,0.152048423886,0.878175318241,0.0396410860121,-0.702081143856,-0.0717652142048,-0.707361578941
-0.427974551916,0.151767805219,0.878279447556,0.0369870960712,-0.703050911427,-0.0711413398385,-0.706604838371
-0.428138822317,0.151628091931,0.878364682198,0.0369738377631,-0.703107774258,-0.0714993774891,-0.7065128088
