x,y,z,q0,q1,q2,q3
0.602338790894,-0.18982771039,1.39334559441,0.0947453528643,0.0883497968316,0.665070652962,-0.73545819521
0.602330744267,-0.188166841865,1.39335918427,0.0972171425819,0.0897548869252,0.66557687521,-0.734506905079
0.602405846119,-0.186166346073,1.39349901676,0.0946046561003,0.0893691331148,0.665055930614,-0.735366463661
0.602377474308,-0.183781430125,1.39391851425,0.0958714932203,0.0893187746406,0.66405749321,-0.736110389233
0.602520048618,-0.182182043791,1.39397680759,0.0960743054748,0.0903672203422,0.665014505386,-0.735091269016
0.602466762066,-0.180330723524,1.39417684078,0.0967872142792,0.0909341350198,0.664896011353,-0.735035061836
0.602620005608,-0.178219527006,1.39429688454,0.0973553583026,0.0904757976532,0.664807319641,-0.735096812248
0.602738976479,-0.176096960902,1.39409840107,0.0966365039349,0.091828532517,0.665007472038,-0.734842777252
0.602114856243,-0.17443318665,1.39433097839,0.0985128581524,0.0914284661412,0.664584994316,-0.735025823116
0.602599740028,-0.171824663877,1.39470398426,0.0987400487065,0.0908920839429,0.665216505527,-0.734490394592
0.602018892765,-0.169730946422,1.39459991455,0.0992731153965,0.0915860012174,0.665125608444,-0.734414577484
0.602111816406,-0.166916429996,1.39487421513,0.0997977256775,0.0891846269369,0.664172649384,-0.735500752926
0.602525651455,-0.165094479918,1.39514613152,0.0994632095098,0.091564565897,0.665157318115,-0.734362781048
0.602661192417,-0.162814557552,1.39505016804,0.100128076971,0.0899848490953,0.665895819664,-0.733798265457
0.602630376816,-0.160362198949,1.39567673206,0.0999169126153,0.0898888111115,0.665509998798,-0.73418867588
0.602323293686,-0.158089786768,1.39566218853,0.102086871862,0.0932473242283,0.666509866714,-0.732562541962
0.602255642414,-0.155710712075,1.39590835571,0.102397456765,0.0933742150664,0.666207432747,-0.732778012753
0.602385163307,-0.15319788456,1.39608049393,0.103139266372,0.0938465744257,0.666373252869,-0.732462882996
0.602428853512,-0.150659516454,1.39618229866,0.101945497096,0.0930415913463,0.665617465973,-0.733419179916
0.602400004864,-0.148219957948,1.39642393589,0.103437252343,0.0929500982165,0.66570276022,-0.733144521713
0.602423727512,-0.145667672157,1.39654362202,0.104583874345,0.093234539032,0.665787935257,-0.732868373394
0.602383852005,-0.143201351166,1.39633095264,0.105421118438,0.0968460962176,0.665421187878,-0.7326130867
0.602319717407,-0.140661492944,1.39645552635,0.105231419206,0.098719984293,0.665185272694,-0.732604444027
0.60220593214,-0.138065099716,1.39696252346,0.107588939369,0.0978616178036,0.665750980377,-0.731863081455
0.602095067501,-0.13544934988,1.39704978466,0.108060516417,0.098432213068,0.665670692921,-0.731790006161
0.602076649666,-0.132930070162,1.39674067497,0.109091192484,0.0997026413679,0.665899634361,-0.73125654459
0.601963460445,-0.130121350288,1.39736831188,0.109574720263,0.0992877706885,0.665853202343,-0.731282949448
0.601963937283,-0.127599805593,1.39696145058,0.10997530818,0.102320916951,0.66611468792,-0.730566263199
0.601731836796,-0.124786324799,1.39737987518,0.111847653985,0.100784473121,0.666267037392,-0.730356693268
0.601759910583,-0.122238904238,1.39735996723,0.111147806048,0.102291099727,0.666237711906,-0.730280816555
0.601466298103,-0.119547888637,1.39741122723,0.111692465842,0.103260241449,0.66647619009,-0.72984367609
0.601167440414,-0.116257175803,1.39726805687,0.113181002438,0.101962596178,0.665663599968,-0.730538010597
0.601085484028,-0.113292217255,1.39679718018,0.117546603084,0.100897975266,0.665615856647,-0.730039775372
0.601142823696,-0.110800519586,1.39745092392,0.118298500776,0.102256782353,0.666506648064,-0.728915691376
0.60092574358,-0.10777579993,1.39746046066,0.118084639311,0.10261836648,0.666626393795,-0.728789925575
0.600810408592,-0.105098068714,1.39754509926,0.116772554815,0.100407682359,0.665840148926,-0.730026960373
0.600415587425,-0.102390952408,1.39738559723,0.118719667196,0.100105427206,0.664356410503,-0.73110550642
0.600472509861,-0.0996900498867,1.39707291126,0.119007393718,0.106157891452,0.666191101074,-0.728530943394
0.600245177746,-0.0967910140753,1.39750957489,0.120452292264,0.107741743326,0.666937589645,-0.727376997471
0.599964678288,-0.0939255803823,1.39751195908,0.12179300189,0.106702819467,0.666468381882,-0.727736830711
0.599790990353,-0.0905412957072,1.3975840807,0.121735200286,0.106752976775,0.665694952011,-0.728446722031
0.599619686604,-0.0882519632578,1.39760637283,0.123212039471,0.108647271991,0.666320919991,-0.727345168591
0.599583625793,-0.0853390097618,1.39764642715,0.12218631804,0.106337435544,0.665167212486,-0.728913962841
0.599304676056,-0.0824539586902,1.39768075943,0.122834533453,0.106907255948,0.665036022663,-0.728841304779
0.59858840704,-0.0799824148417,1.39755344391,0.126826807857,0.11161968112,0.665778934956,-0.726769864559
0.598939061165,-0.0768674015999,1.39775061607,0.125601947308,0.111884251237,0.66565066576,-0.727059364319
0.598176836967,-0.0741859674454,1.39753401279,0.127964839339,0.112197108567,0.665334999561,-0.726888000965
0.59844815731,-0.0707312524319,1.39767384529,0.125806570053,0.108936436474,0.663656413555,-0.729291319847
0.598312020302,-0.0684661045671,1.39771711826,0.127409100533,0.111738137901,0.665512979031,-0.726893424988
0.59829980135,-0.0657287463546,1.39768326283,0.127571180463,0.117741145194,0.664706945419,-0.726654887199
0.597975730896,-0.0628303065896,1.39760279655,0.127934291959,0.117364563048,0.664200842381,-0.72711455822
0.597902595997,-0.0602701753378,1.39712238312,0.129693433642,0.118506208062,0.663840651512,-0.72694671154
0.597709536552,-0.0573638379574,1.39744281769,0.128597453237,0.115735858679,0.662847280502,-0.728492498398
0.597368061543,-0.0547454208136,1.39734518528,0.129387944937,0.121793851256,0.663637936115,-0.726642787457
0.597168803215,-0.0519641786814,1.39725518227,0.130300551653,0.120903328061,0.662855446339,-0.727342367172
0.596847355366,-0.0493094287813,1.39719510078,0.1292668432,0.118424616754,0.661533951759,-0.729135513306
0.596956908703,-0.0466340407729,1.39689850807,0.129829019308,0.119293861091,0.660832226276,-0.729530274868
0.596537470818,-0.043931234628,1.39692676067,0.130091205239,0.124430924654,0.661349713802,-0.728155136108
0.596166312695,-0.0413874834776,1.39677298069,0.13102607429,0.125212877989,0.660976588726,-0.728192210197
0.595961153507,-0.038748819381,1.39672875404,0.131679922342,0.121132783592,0.659744739532,-0.729879558086
0.595609128475,-0.0361867286265,1.39664685726,0.131772443652,0.12661460042,0.660014688969,-0.728687405586
0.595358371735,-0.0336635038257,1.39658749104,0.131659582257,0.123919501901,0.659133315086,-0.729967832565
0.595143616199,-0.0312401168048,1.39645648003,0.131315752864,0.127754703164,0.660018026829,-0.728567838669
0.594736158848,-0.0286945607513,1.39628529549,0.132679983974,0.125129252672,0.657843768597,-0.730739533901
0.594502091408,-0.0261743627489,1.39620649815,0.132224351168,0.128563150764,0.659156322479,-0.729041278362
0.594225823879,-0.0237633716315,1.39620876312,0.132852688432,0.129382386804,0.658860206604,-0.729049801826
0.593814253807,-0.0214082188904,1.39567887783,0.133212655783,0.130383506417,0.658474862576,-0.729153990746
0.593342483044,-0.0189672596753,1.39601576328,0.133038327098,0.128828510642,0.657000660896,-0.730790138245
0.592970728874,-0.0166610889137,1.39599061012,0.133986547589,0.130051776767,0.657045602798,-0.730359733105
0.592744827271,-0.0144250579178,1.39587473869,0.133537784219,0.133241727948,0.65790104866,-0.729095876217
0.592244625092,-0.0121027175337,1.39596390724,0.134461015463,0.135846227407,0.658474028111,-0.727927148342
0.591889798641,-0.00997022539377,1.3958761692,0.136032402515,0.134086757898,0.660192191601,-0.726403713226
0.591547846794,-0.00759386783466,1.39589512348,0.134101688862,0.134351789951,0.658388495445,-0.728348135948
0.591039538383,-0.00557696726173,1.39593803883,0.136082172394,0.136335283518,0.661428153515,-0.724849760532
0.590753614902,-0.00288234231994,1.39618134499,0.133910894394,0.135418072343,0.659296035767,-0.727364063263
0.590252757072,-0.000852158758789,1.39609897137,0.135187581182,0.140238538384,0.660802602768,-0.724843025208
0.589827954769,0.00126624293625,1.39609277248,0.135437726974,0.141149580479,0.661753475666,-0.723751187325
0.589506387711,0.00338993081823,1.39607870579,0.135593920946,0.141522794962,0.66248857975,-0.722976148129
0.589058279991,0.00546304089949,1.39615380764,0.135035946965,0.13895252347,0.662475585938,-0.723590791225
0.588500440121,0.00762423779815,1.39630591869,0.135718286037,0.138360843062,0.663462221622,-0.722671985626
0.588181257248,0.00938044395298,1.3961867094,0.137576445937,0.138037770987,0.664641737938,-0.721297264099
0.587661385536,0.0114122703671,1.39628815651,0.13676212728,0.140827789903,0.665780901909,-0.719860613346
0.587237119675,0.0138353640214,1.39648127556,0.136353567243,0.140815749764,0.666639745235,-0.719145476818
0.58680075407,0.0154035398737,1.39643931389,0.138799533248,0.140157043934,0.668246269226,-0.717312753201
0.586169064045,0.0173308439553,1.39629840851,0.137836232781,0.142846271396,0.669214487076,-0.716064333916
0.585601449013,0.0189896095544,1.39627480507,0.139119341969,0.147610232234,0.670882403851,-0.713283956051
0.585186898708,0.0211402643472,1.39641141891,0.139774084091,0.146174937487,0.671938061714,-0.712457299232
0.58464962244,0.0230778865516,1.39644277096,0.138891726732,0.149224460125,0.672927498817,-0.711062550545
0.584169566631,0.025033948943,1.39645886421,0.139157757163,0.14983317256,0.674188911915,-0.709686219692
0.583518207073,0.0268439352512,1.39647579193,0.140167593956,0.149987280369,0.675681710243,-0.708033263683
0.583379507065,0.0288625210524,1.39667999744,0.139910414815,0.151171162724,0.67644149065,-0.707106351852
0.582796931267,0.030631236732,1.39661765099,0.140040516853,0.151403322816,0.677619755268,-0.705901682377
0.58185082674,0.0322779193521,1.39721763134,0.142695769668,0.151722401381,0.679220855236,-0.703759372234
0.581943690777,0.0342925600708,1.39662134647,0.142726868391,0.147033780813,0.679602324963,-0.704379737377
0.581291019917,0.0355407744646,1.39657521248,0.142868503928,0.150250449777,0.681034982204,-0.702285408974
0.581055819988,0.0373736098409,1.39655399323,0.144534185529,0.149528592825,0.682653069496,-0.700525462627
0.580393016338,0.0389049127698,1.39658749104,0.147149324417,0.150966271758,0.68651676178,-0.695881545544
0.580308735371,0.0413795635104,1.39671897888,0.145260572433,0.148957327008,0.685015797615,-0.698186516762
0.579538762569,0.0428346060216,1.39652144909,0.146492660046,0.149822488427,0.687050998211,-0.695739984512
0.579218745232,0.0447230860591,1.39651834965,0.146704107523,0.150394499302,0.688110291958,-0.694524168968
0.578947126865,0.0462989620864,1.39678764343,0.147611111403,0.152582138777,0.689171910286,-0.692799925804
0.578725218773,0.0478490181267,1.39704799652,0.147882685065,0.153140366077,0.690541327,-0.691253602505
0.578263700008,0.0491592250764,1.39694070816,0.148182377219,0.1552041471,0.692014634609,-0.689252853394
0.577939391136,0.0510720089078,1.39694571495,0.148494049907,0.155461490154,0.693305969238,-0.687828481197
0.577554225922,0.0527830272913,1.39702963829,0.148906633258,0.155997976661,0.694449841976,-0.686462581158
0.577122747898,0.054106015712,1.39692521095,0.150195538998,0.157256394625,0.696172833443,-0.684145510197
0.576669931412,0.0560342520475,1.39690232277,0.148093193769,0.158950656652,0.697279036045,-0.683084964752
0.576331734657,0.057465903461,1.39679908752,0.147917002439,0.160228833556,0.698203742504,-0.681879043579
0.576106071472,0.0591309517622,1.39685750008,0.148540839553,0.160813674331,0.699307799339,-0.680472910404
0.575742006302,0.0607581883669,1.39676165581,0.14889678359,0.160978853703,0.700379550457,-0.679252684116
0.575510919094,0.0623360052705,1.39682328701,0.149935573339,0.162494242191,0.702047646046,-0.67693734169
0.575301229954,0.0641272068024,1.39687418938,0.150556609035,0.162872448564,0.702909648418,-0.675813257694
0.574881792068,0.0654702335596,1.39681470394,0.151896208525,0.163160666823,0.704385876656,-0.673904180527
0.574636518955,0.0670161172748,1.39667463303,0.151903271675,0.164120599627,0.704992890358,-0.673034131527
0.574183285236,0.0688025280833,1.3964921236,0.152716860175,0.16350787878,0.706379652023,-0.671543419361
0.5741096735,0.0704071819782,1.39658975601,0.152512043715,0.16464099288,0.707608938217,-0.670017063618
0.573866546154,0.0719746053219,1.39635396004,0.153127521276,0.165192782879,0.709027767181,-0.668238699436
0.573584675789,0.0735145807266,1.39623212814,0.154458105564,0.16456708312,0.710075080395,-0.666973829269
0.573396980762,0.0751828551292,1.39634811878,0.153735741973,0.165514558554,0.710311174393,-0.666654706001
0.573102116585,0.0768180266023,1.39602911472,0.155041307211,0.1686642766,0.7119987607,-0.663756370544
0.573113620281,0.0780571326613,1.39598333836,0.15623088181,0.166103735566,0.71257174015,-0.663508176804
0.573074400425,0.0798373818398,1.39589071274,0.154842555523,0.166881665587,0.71298378706,-0.663195729256
0.572800457478,0.0811615139246,1.39572227001,0.156090319157,0.171161606908,0.71421122551,-0.6604860425
0.572844803333,0.0826620906591,1.39572620392,0.156310632825,0.172036141157,0.714847028255,-0.659518241882
0.572575747967,0.0837172791362,1.3953949213,0.157332360744,0.169248268008,0.71580940485,-0.658952713013
0.572755992413,0.0856758728623,1.39543128014,0.156708881259,0.168951660395,0.715624511242,-0.659377932549
0.572733581066,0.0868667066097,1.39551365376,0.157394826412,0.169535785913,0.716382920742,-0.658240258694
0.572769582272,0.0885211825371,1.39515316486,0.1573138237,0.16998052597,0.717083632946,-0.657381415367
0.572366058826,0.0894204080105,1.3951305151,0.159554898739,0.170938074589,0.717059016228,-0.656619369984
0.572960734367,0.0911940559745,1.39501392841,0.157853469253,0.175574377179,0.718260586262,-0.654490351677
0.5731793046,0.0925591811538,1.3949226141,0.158691346645,0.172276958823,0.718326032162,-0.655092000961
0.573039591312,0.0939366668463,1.39478075504,0.157732143998,0.176863133907,0.719066619873,-0.653286457062
0.573119819164,0.0949486047029,1.39486026764,0.159369945526,0.174153059721,0.71941357851,-0.653235137463
0.573509693146,0.0966230630875,1.39434230328,0.158837169409,0.173981487751,0.719691336155,-0.653104543686
0.573376536369,0.0977078899741,1.39409065247,0.158620044589,0.175129413605,0.719365656376,-0.653209328651
0.573423922062,0.0985436886549,1.39416217804,0.160119965672,0.177971184254,0.721751093864,-0.649433016777
0.573542237282,0.0997262448072,1.39383935928,0.160873353481,0.176466479897,0.721293568611,-0.650165200233
0.573584854603,0.100795678794,1.39367473125,0.159821555018,0.181595176458,0.721028387547,-0.649306118488
0.574070334435,0.101795643568,1.39377951622,0.160389795899,0.178807452321,0.721336424351,-0.649597406387
0.574299633503,0.102895841002,1.39345300198,0.159728035331,0.178879827261,0.72147756815,-0.649583935738
0.574521362782,0.103834584355,1.39332592487,0.160492479801,0.179970398545,0.721683263779,-0.64886534214
0.574518978596,0.104984134436,1.39297771454,0.160014823079,0.179304048419,0.721695959568,-0.649153709412
0.575512290001,0.105898760259,1.39321100712,0.159918054938,0.181896224618,0.721710324287,-0.648439884186
0.575576245785,0.106753401458,1.39298510551,0.159561514854,0.18169683218,0.722077965736,-0.648174285889
0.575777649879,0.107657656074,1.39273738861,0.160061463714,0.182267248631,0.721919357777,-0.648067474365
0.576259613037,0.108459368348,1.3927615881,0.159768179059,0.187743127346,0.72217798233,-0.646286070347
0.575999081135,0.109351977706,1.3923842907,0.161189109087,0.185391098261,0.72220492363,-0.646582126617
0.577031254768,0.110027216375,1.392598629,0.163016498089,0.183655202389,0.723324537277,-0.645366609097
0.577180564404,0.110731579363,1.39244055748,0.163846209645,0.185791492462,0.722193300724,-0.645811855793
0.577992260456,0.1116078794,1.39218366146,0.16222409904,0.186607867479,0.72127622366,-0.647009670734
0.577646315098,0.111917555332,1.3920763731,0.164684265852,0.186402976513,0.721657633781,-0.64602124691
0.577926933765,0.112694852054,1.39192533493,0.165090724826,0.186564862728,0.721100628376,-0.646492540836
0.578896522522,0.113545015454,1.3918235302,0.163742497563,0.187432080507,0.720688581467,-0.647043764591
0.578499495983,0.114173308015,1.3914784193,0.164920404553,0.186170250177,0.721059799194,-0.646695256233
0.578919112682,0.114445313811,1.39153337479,0.164516240358,0.188086882234,0.720950067043,-0.646365940571
0.579512536526,0.115240082145,1.39157783985,0.16444773972,0.188005581498,0.720710098743,-0.646674394608
0.579689025879,0.115884914994,1.39128875732,0.165212213993,0.187573999166,0.720114588737,-0.64726805687
0.579724311829,0.116271018982,1.39115297794,0.165365204215,0.18815279007,0.719990372658,-0.647199094296
0.57997405529,0.116957746446,1.39092516899,0.165412992239,0.187203153968,0.720303058624,-0.647114574909
0.579883515835,0.117492862046,1.39043426514,0.166444346309,0.186250567436,0.719892978668,-0.64758092165
0.580501377583,0.117791101336,1.39056587219,0.165816530585,0.188365712762,0.719403862953,-0.647673845291
0.58096075058,0.118238165975,1.39046514034,0.166349992156,0.188849329948,0.718700110912,-0.648177206516
0.58086001873,0.118665710092,1.39009487629,0.167703449726,0.187540709972,0.718386590481,-0.648555934429
0.581522166729,0.118915811181,1.39024138451,0.167312890291,0.187190651894,0.719259679317,-0.64778983593
0.58154386282,0.119390487671,1.39008569717,0.16759994626,0.186617180705,0.719646990299,-0.647450864315
0.58198851347,0.119660705328,1.39005947113,0.167774528265,0.187356173992,0.7193338871,-0.647540032864
0.581961274147,0.12009344995,1.38970792294,0.167629092932,0.188214197755,0.718870520592,-0.647843420506
0.582175254822,0.120285414159,1.38963699341,0.167448192835,0.188902616501,0.718620717525,-0.647966921329
0.582491695881,0.12043812871,1.3896381855,0.167511463165,0.18922264874,0.718390107155,-0.648113071918
0.582837760448,0.120486408472,1.38971447945,0.167936116457,0.189950108528,0.717991888523,-0.648231565952
0.582724928856,0.120589740574,1.38932394981,0.168749108911,0.189272016287,0.717691123486,-0.648551821709
0.583185374737,0.12072326988,1.38933694363,0.168802544475,0.189537316561,0.717400789261,-0.648781657219
0.583100616932,0.120751827955,1.38917052746,0.169578105211,0.189072564244,0.717531919479,-0.648570001125
0.583567261696,0.120846219361,1.38920783997,0.169131100178,0.189482107759,0.717153668404,-0.648985266685
0.58376455307,0.120880112052,1.38916170597,0.168919205666,0.189489975572,0.717085421085,-0.649113535881
0.584321677685,0.121149152517,1.38896012306,0.168043240905,0.189435318112,0.716417431831,-0.65009367466
0.584812402725,0.121058508754,1.38911116123,0.167294085026,0.190000340343,0.716380119324,-0.650163173676
0.584757685661,0.121068686247,1.38896489143,0.167866647243,0.189498946071,0.716288268566,-0.65026307106
0.584827423096,0.120820179582,1.38923168182,0.167841956019,0.189772993326,0.716713905334,-0.64972037077
0.584915935993,0.120716184378,1.38916647434,0.168135151267,0.188283100724,0.716634094715,-0.650165915489
0.58494836092,0.120733693242,1.3888002634,0.167758569121,0.186164677143,0.715531647205,-0.652084708214
0.584983944893,0.120441138744,1.3888926506,0.169370681047,0.185998186469,0.715193212032,-0.652086675167
0.584822595119,0.12005982548,1.38878142834,0.169041454792,0.187000378966,0.715067863464,-0.652022838593
0.585430562496,0.119751274586,1.38896620274,0.168546050787,0.186178639531,0.714233398438,-0.653299689293
0.585403084755,0.119421504438,1.38892686367,0.168545991182,0.184128016233,0.715918302536,-0.652035474777
0.585493683815,0.119383789599,1.38868129253,0.167914450169,0.184857815504,0.713700532913,-0.654418647289
0.585808992386,0.118981130421,1.38883149624,0.167329356074,0.184899091721,0.713526964188,-0.654746294022
0.585745215416,0.118788227439,1.38885354996,0.165415465832,0.182587862015,0.713352322578,-0.656070113182
0.585783720016,0.118102803826,1.3890311718,0.166552349925,0.184772267938,0.714128196239,-0.654324531555
0.58625292778,0.117879964411,1.38898205757,0.164721906185,0.18233564496,0.7123721838,-0.65737837553
0.586384654045,0.117341153324,1.38905525208,0.165363490582,0.183304429054,0.711985707283,-0.657366573811
0.585760831833,0.116652548313,1.38913238049,0.163415119052,0.180048942566,0.712487339973,-0.658209502697
0.58581507206,0.116174116731,1.38912069798,0.166623219848,0.18133237958,0.712843775749,-0.656665146351
0.585612773895,0.115538656712,1.38910377026,0.165616869926,0.18064366281,0.712980091572,-0.656961500645
0.586030960083,0.114881403744,1.38908910751,0.165076196194,0.179995909333,0.711910605431,-0.658433437347
0.586162924767,0.114223152399,1.38915252686,0.163691490889,0.180524870753,0.712052345276,-0.658481121063
0.586598455906,0.113678656518,1.3895316124,0.160263776779,0.178536146879,0.712102293968,-0.659811198711
0.586786627769,0.112954095006,1.38964521885,0.161375626922,0.178371205926,0.711974143982,-0.659723222256
0.586335659027,0.111945979297,1.38972616196,0.161714851856,0.177050694823,0.712333679199,-0.659607470036
0.587024569511,0.111458614469,1.38973796368,0.160576254129,0.174336150289,0.712625861168,-0.660292983055
0.586496591568,0.110280632973,1.38988828659,0.160204812884,0.175087422132,0.711783111095,-0.661092638969
0.587171673775,0.109604358673,1.3900936842,0.157704219222,0.175209015608,0.710995793343,-0.662507534027
0.587220788002,0.108909636736,1.39006757736,0.157235205173,0.170736610889,0.712185621262,-0.66250872612
0.586515665054,0.107677340508,1.39005577564,0.158197432756,0.1703889817,0.71107417345,-0.663562119007
0.586744308472,0.106680244207,1.39015829563,0.157213076949,0.167390316725,0.711889445782,-0.663685023785
0.58738386631,0.106001608074,1.39032256603,0.154180392623,0.16623789072,0.711978971958,-0.664589762688
0.587251842022,0.104793451726,1.39035797119,0.153144717216,0.167094856501,0.710812330246,-0.665861785412
0.587529420853,0.103548824787,1.39072799683,0.152737960219,0.166066467762,0.710364103317,-0.666690349579
0.586955428123,0.102316826582,1.39040029049,0.152428537607,0.163275256753,0.710218966007,-0.667604446411
0.587440729141,0.10104162991,1.39078116417,0.150382652879,0.163254529238,0.709905922413,-0.668406069279
0.587477982044,0.0997754186392,1.39082098007,0.150847867131,0.159006848931,0.709932863712,-0.669296085835
0.587746679783,0.0985925793648,1.39094603062,0.148266598582,0.159372955561,0.709667026997,-0.670067191124
0.588601112366,0.0975386351347,1.39100849628,0.145407497883,0.156886577606,0.709368407726,-0.671595036983
0.588778853416,0.0964333564043,1.3909689188,0.14421993494,0.154180943966,0.709915518761,-0.671899497509
0.589039981365,0.094643548131,1.39146173,0.143462136388,0.153184011579,0.708435952663,-0.673848450184
0.5885181427,0.093581520021,1.39093351364,0.141638249159,0.150952205062,0.707978367805,-0.675217568874
0.589350819588,0.0919299870729,1.39154100418,0.14043328166,0.148619890213,0.708339571953,-0.67560750246
0.589424490929,0.0903536677361,1.39177834988,0.139139920473,0.146771788597,0.708482146263,-0.676129519939
0.589162409306,0.0881056338549,1.39217364788,0.14140561223,0.148577660322,0.709819734097,-0.673858463764
0.589562356472,0.086959078908,1.39191877842,0.136665210128,0.142671018839,0.708551883698,-0.677437841892
0.589704811573,0.085081346333,1.39200747013,0.1371627599,0.143522769213,0.70955145359,-0.676109731197
0.589647889137,0.083275437355,1.39228105545,0.136450573802,0.140933260322,0.709560036659,-0.676789224148
0.590135216713,0.0818835794926,1.39218747616,0.134571254253,0.134803161025,0.709223091602,-0.67876458168
0.590436041355,0.0798099860549,1.39278316498,0.133634269238,0.136328592896,0.708644926548,-0.679248809814
0.590761899948,0.0782511532307,1.39238762856,0.131612047553,0.130078345537,0.707996547222,-0.681541502476
0.590696930885,0.0761312395334,1.39272463322,0.130154982209,0.130843505263,0.707964718342,-0.681707799435
0.591090500355,0.0746160373092,1.39275217056,0.127106413245,0.127689436078,0.706156551838,-0.684749960899
0.591396570206,0.0726264417171,1.39302110672,0.124158114195,0.124451629817,0.70613270998,-0.685910582542
0.591500759125,0.070646174252,1.39285743237,0.124899119139,0.119479387999,0.705382585526,-0.687430202961
0.591045379639,0.0682385414839,1.39308476448,0.124539665878,0.118655204773,0.704085230827,-0.68896651268
0.59146296978,0.0665675327182,1.39292812347,0.121406264603,0.115101858974,0.703457772732,-0.690767049789
0.591594040394,0.0647943466902,1.39307713509,0.119036048651,0.111928865314,0.702689170837,-0.692481279373
0.591573297977,0.0624939054251,1.39331650734,0.118214294314,0.109490200877,0.702188253403,-0.693519234657
0.591981232166,0.0607962049544,1.39300942421,0.115222416818,0.106240533292,0.701069414616,-0.695656955242
0.592031002045,0.058777038008,1.39335095882,0.111648313701,0.102203920484,0.70013654232,-0.69778072834
0.591678678989,0.0564420521259,1.39346063137,0.109133265913,0.103145346045,0.69844263792,-0.699734985828
0.591862082481,0.054085765034,1.39373242855,0.109596468508,0.0966669172049,0.698723614216,-0.700306773186
0.591879248619,0.0519890710711,1.3933044672,0.107090339065,0.0931644514203,0.698281764984,-0.701608598232
0.592481017113,0.0498562678695,1.39350378513,0.103955350816,0.0914275050163,0.697025358677,-0.703555345535
0.592203617096,0.0471835248172,1.39387571812,0.104057468474,0.088799148798,0.696555554867,-0.704341769218
0.592089056969,0.0446489788592,1.39403951168,0.101876601577,0.0860767513514,0.696432828903,-0.70511931181
0.592310130596,0.0423405766487,1.39422953129,0.10148435086,0.0830690413713,0.695263504982,-0.70668900013
0.592946350574,0.0402888953686,1.39417016506,0.0968261733651,0.0818761363626,0.693847358227,-0.708870232105
0.592768669128,0.0376964509487,1.39436900616,0.0973583608866,0.0773429200053,0.694347560406,-0.70881652832
0.592770695686,0.0353220142424,1.39441931248,0.0937461927533,0.0780917927623,0.693130970001,-0.710410296917
0.592569708824,0.0325758643448,1.39453554153,0.0949247181416,0.0719035193324,0.693364799023,-0.710678875446
0.592794835567,0.0303674787283,1.3945941925,0.0911526381969,0.0732806250453,0.691785156727,-0.712568938732
0.593203663826,0.0276394486427,1.39491510391,0.0888166576624,0.0709956884384,0.692103803158,-0.712785840034
0.593132019043,0.0245990082622,1.39491450787,0.092320561409,0.0691104382277,0.693487346172,-0.711179256439
0.593294501305,0.0221117082983,1.39493501186,0.0905567482114,0.0666735768318,0.693265616894,-0.711854696274
0.593701422215,0.019747916609,1.39508843422,0.0838654786348,0.0659131109715,0.688742101192,-0.717116713524
0.593823194504,0.0172801353037,1.39525604248,0.08386105299,0.0593448914587,0.688592135906,-0.717834532261
0.59406465292,0.0141768222675,1.39545762539,0.0841894596815,0.0602766685188,0.691386640072,-0.715026915073
0.594067335129,0.0119155198336,1.39519512653,0.0824157372117,0.0565644688904,0.691019535065,-0.715891242027
0.594248890877,0.00929613504559,1.39536595345,0.080425851047,0.0543996803463,0.690438508987,-0.716845273972
0.594310700893,0.00665433425456,1.39566636086,0.0766250565648,0.0521143488586,0.685979366302,-0.721695959568
0.594498574734,0.00408127903938,1.39574790001,0.0748857557774,0.0499686673284,0.685640931129,-0.722351610661
0.594685912132,0.000983472913504,1.39587628841,0.0762679427862,0.0479126162827,0.688762426376,-0.719370722771
0.594856917858,-0.00148752145469,1.39605367184,0.074096351862,0.0452841408551,0.688075006008,-0.720424830914
0.594993770123,-0.00373586639762,1.39623463154,0.0694497004151,0.0457434765995,0.686491131783,-0.722367167473
0.595118582249,-0.00692732539028,1.39602661133,0.070810213685,0.0405498221517,0.686939418316,-0.722119152546
0.595413923264,-0.00995942950249,1.39622175694,0.0696371048689,0.0393152534962,0.68692368269,-0.722316265106
0.595637083054,-0.0124613335356,1.39630043507,0.0657897442579,0.0340913236141,0.683313071728,-0.726355969906
0.595625400543,-0.0155620584264,1.39629769325,0.0665208995342,0.0371314100921,0.686023116112,-0.723580360413
0.5958365798,-0.0179685987532,1.39610755444,0.0637768432498,0.0346169881523,0.686220347881,-0.723765075207
0.595993280411,-0.0208418481052,1.39609444141,0.0633403882384,0.0296605806798,0.685930728912,-0.724297821522
0.596407532692,-0.0235883817077,1.39659380913,0.061739988625,0.0277134999633,0.685840547085,-0.72459846735
0.596563398838,-0.0265159439296,1.3963675499,0.0533122271299,0.0245473720133,0.682113707066,-0.728886842728
0.596811592579,-0.0297998078167,1.39639616013,0.054622489959,0.0256694573909,0.685586810112,-0.725484788418
0.597034037113,-0.0322670787573,1.39642202854,0.0510290600359,0.0203773770481,0.682507574558,-0.728810250759
0.597117304802,-0.0353650897741,1.39660191536,0.0514278672636,0.0235408321023,0.685157477856,-0.726195693016
0.597501277924,-0.0380813516676,1.396530509,0.0480444543064,0.0171004012227,0.682136774063,-0.729444146156
0.597777724266,-0.0413118042052,1.3962957859,0.048002216965,0.0158981289715,0.682488799095,-0.729144692421
0.598008215427,-0.0440457724035,1.39641094208,0.046165458858,0.0140529414639,0.682268261909,-0.729507565498
0.598226130009,-0.0467850007117,1.39635181427,0.044835999608,0.0116292219609,0.682008266449,-0.729876279831
0.598609685898,-0.0499063059688,1.39637637138,0.0443117320538,0.00940285809338,0.681876778603,-0.730063199997
0.598933160305,-0.0530670695007,1.39635181427,0.0437011569738,0.00828175619245,0.681755125523,-0.730227172375
0.599207043648,-0.0560111068189,1.39667189121,0.0441863834858,0.00931412354112,0.685350298882,-0.726812124252
0.599622666836,-0.0586931593716,1.39661026001,0.0404718443751,0.00556527916342,0.682185769081,-0.730036795139
0.59993493557,-0.0616481378675,1.39653432369,0.0393733158708,0.00385490409099,0.681916356087,-0.7303596735
0.600078344345,-0.064261123538,1.39598345757,0.0360240899026,0.00386608019471,0.681401848793,-0.73101234436
0.60060441494,-0.0673677846789,1.39587390423,0.0372932329774,-0.000196746565052,0.68073451519,-0.731580257416
0.600832402706,-0.0701861679554,1.39611470699,0.0362196750939,-0.00181906460784,0.681152999401,-0.731242477894
0.601125061512,-0.0731444209814,1.39604628086,0.0329409390688,0.000138676565257,0.680528640747,-0.731980741024
0.601550996304,-0.0761044099927,1.39559221268,0.0344324856997,-0.00486639048904,0.679782152176,-0.732589244843
0.601839840412,-0.078981153667,1.39557659626,0.0338385589421,-0.00700361002237,0.679692983627,-0.732682406902
0.602283000946,-0.082109361887,1.39596951008,0.032141007483,-0.0046061873436,0.680177927017,-0.732327640057
0.60269099474,-0.0849663764238,1.39585161209,0.0317409820855,-0.00643755448982,0.679691255093,-0.732782959938
0.602945744991,-0.0878783091903,1.39566516876,0.0334116779268,-0.00826006941497,0.682344436646,-0.730220139027
0.603263676167,-0.0904034227133,1.39556837082,0.0295267552137,-0.0100084859878,0.67869758606,-0.733755707741
0.603796422482,-0.09314006567,1.39522004128,0.0292353164405,-0.0134830418974,0.677628457546,-0.734699487686
0.604054749012,-0.0964900553226,1.39487528801,0.0296278912574,-0.0115821333602,0.677034378052,-0.735263705254
0.60440570116,-0.0988722592592,1.39493298531,0.027098942548,-0.0127089526504,0.67698007822,-0.7353926301
0.604839086533,-0.101772859693,1.39480447769,0.0271677188575,-0.0142804253846,0.676213145256,-0.736066460609
0.605076730251,-0.104457944632,1.39462077618,0.0280090216547,-0.0152159007266,0.676807880402,-0.735469281673
0.605434715748,-0.107126623392,1.39444589615,0.0271818228066,-0.0168812107295,0.676058828831,-0.73615270853
0.60577827692,-0.109599933028,1.39435279369,0.0249167606235,-0.0186131950468,0.673612117767,-0.738430500031
0.606096506119,-0.112268708646,1.39418029785,0.0250899754465,-0.0198484826833,0.672750532627,-0.739177525043
0.606519818306,-0.11483400315,1.39402151108,0.0237552616745,-0.0204366482794,0.671692073345,-0.740167558193
0.606719434261,-0.117730982602,1.39382386208,0.0259085185826,-0.0191900301725,0.673695206642,-0.738305926323
0.607077121735,-0.120093517005,1.39361608028,0.0242849197239,-0.0230169072747,0.669709861279,-0.741868674755
0.607388496399,-0.122580736876,1.39340758324,0.0226010717452,-0.0233953297138,0.668661892414,-0.742854833603
0.607702493668,-0.124975256622,1.39324486256,0.0206923410296,-0.0233710352331,0.667358100414,-0.744082570076
0.608063995838,-0.127620428801,1.39323234558,0.0220096558332,-0.0244712363929,0.666558027267,-0.74472630024
0.608310043812,-0.129970788956,1.39310753345,0.0215475279838,-0.0254725180566,0.665523767471,-0.74563062191
0.60856038332,-0.132582336664,1.39276754856,0.021652078256,-0.0258620604873,0.66430413723,-0.746701002121
0.60892868042,-0.135048791766,1.3927025795,0.0214245151728,-0.0260699074715,0.663193106651,-0.747687220573
0.609163582325,-0.137519538403,1.39255356789,0.0213970169425,-0.0265762768686,0.662233173847,-0.748520731926
0.609494447708,-0.139823079109,1.39240670204,0.0210347510874,-0.0271786935627,0.661247372627,-0.749380350113
0.609699547291,-0.142379745841,1.39231967926,0.0219692941755,-0.0272730067372,0.660247802734,-0.750230967999
0.609909415245,-0.14458759129,1.39219450951,0.0213360488415,-0.028593569994,0.659074783325,-0.751230835915
0.610164105892,-0.147069081664,1.39209496975,0.0211788397282,-0.0279398523271,0.6583994627,-0.751851737499
0.610148668289,-0.149369508028,1.39235043526,0.0216059852391,-0.028911024332,0.657362699509,-0.752709567547
0.610620439053,-0.15174908936,1.39184522629,0.021473871544,-0.0283084977418,0.65643876791,-0.753542006016
0.610460162163,-0.154254928231,1.39212036133,0.0227485541254,-0.0289550628513,0.65545719862,-0.754334270954
0.610704541206,-0.156705111265,1.39195668697,0.0237935613841,-0.0286278650165,0.654416918755,-0.755217075348
0.610875427723,-0.158787190914,1.39184498787,0.0228216107935,-0.0288723949343,0.653345108032,-0.756165146828
0.61097407341,-0.161056101322,1.39178192616,0.0233151800931,-0.0288990009576,0.652432084084,-0.756936967373
0.611229896545,-0.16321131587,1.39168190956,0.0232815481722,-0.0288098771125,0.651596128941,-0.757661223412
0.611286818981,-0.165349990129,1.39173078537,0.0233554299921,-0.0292219370604,0.650565445423,-0.758528351784
0.611853182316,-0.167585149407,1.39095401764,0.023060772568,-0.0276698935777,0.649681091309,-0.759353041649
0.611867189407,-0.170123144984,1.39101099968,0.0243516657501,-0.0270465668291,0.648492217064,-0.760350823402
0.612177014351,-0.171828314662,1.39078676701,0.0231398139149,-0.02757983841,0.647664964199,-0.761074304581
0.611941158772,-0.174223572016,1.39078974724,0.0246542096138,-0.0273666735739,0.646475315094,-0.762045204639
0.612409234047,-0.176098763943,1.39062952995,0.0237163119018,-0.0268954820931,0.645763278008,-0.762695252895
0.61252862215,-0.178137168288,1.39066660404,0.023996040225,-0.0267933364958,0.644885778427,-0.763432204723
0.612528800964,-0.180120959878,1.39050424099,0.0241572204977,-0.0269751250744,0.643835186958,-0.76430696249
0.612593472004,-0.182112127542,1.39035415649,0.0243111047894,-0.0268261972815,0.64263600111,-0.765315949917
0.612639665604,-0.184183657169,1.39031338692,0.0246715694666,-0.0267461072654,0.641853272915,-0.765963733196
0.612392961979,-0.186334833503,1.39032673836,0.0257728565484,-0.0269584488124,0.640733361244,-0.766857087612
0.612664818764,-0.187726050615,1.39014983177,0.0243295617402,-0.0271954517812,0.638771951199,-0.7685303092
0.612870037556,-0.190120279789,1.38976991177,0.0253738667816,-0.0255633480847,0.638669490814,-0.76863771677
0.612821519375,-0.191979885101,1.38967037201,0.02540579997,-0.025603659451,0.637631773949,-0.769496500492
0.612938761711,-0.19395197928,1.38960123062,0.0260978974402,-0.0256691537797,0.636505961418,-0.770402610302
0.612792789936,-0.196005493402,1.38938510418,0.0271202679724,-0.0253422874957,0.635328173637,-0.771349728107
0.612872242928,-0.197685986757,1.38939332962,0.0267029106617,-0.0252218898386,0.634088516235,-0.772387683392
0.613072097301,-0.199478834867,1.38949728012,0.0261981990188,-0.0241750646383,0.63308006525,-0.773265182972
0.612838387489,-0.201307281852,1.38926100731,0.0269201658666,-0.0240798313171,0.63204151392,-0.774092376232
0.612839758396,-0.202981129289,1.38929319382,0.0269100926816,-0.0240790098906,0.630766153336,-0.775132358074
0.61273008585,-0.204738125205,1.38910245895,0.0274119004607,-0.0239303745329,0.62967133522,-0.77600902319
0.612731218338,-0.206496700644,1.38907575607,0.027589276433,-0.0234377738088,0.628342807293,-0.77709376812
0.612558841705,-0.208198875189,1.38900518417,0.0290893670171,-0.0240619499236,0.62709492445,-0.77802759409
0.612534224987,-0.20981028676,1.38899064064,0.0281838402152,-0.0230007618666,0.625869870186,-0.779078722
0.612389802933,-0.211339309812,1.38898587227,0.0283479634672,-0.0233498234302,0.624865472317,-0.77986818552
0.612469136715,-0.213106706738,1.38891148567,0.0286260358989,-0.0221679024398,0.623918473721,-0.780650317669
0.612222194672,-0.213879346848,1.38947224617,0.0274090357125,-0.0238954592496,0.621752798557,-0.782369017601
0.612229824066,-0.215930700302,1.38952696323,0.0286496467888,-0.0227933488786,0.621970772743,-0.782184183598
0.612150371075,-0.217492327094,1.38947606087,0.028865294531,-0.0221579764038,0.620915472507,-0.783032476902
0.612022101879,-0.218971431255,1.38947033882,0.0290914420038,-0.0219644755125,0.619834005833,-0.783885836601
0.611922323704,-0.22046983242,1.38903224468,0.0293810665607,-0.021485960111,0.618849635124,-0.784665763378
0.611728489399,-0.221743047237,1.38955903053,0.0295096226037,-0.0214213915169,0.617986619473,-0.78534245491
0.611397624016,-0.223145022988,1.38955545425,0.0301940217614,-0.0217441320419,0.617280423641,-0.785862863064
0.611064732075,-0.223991036415,1.38950228691,0.0299241747707,-0.0225184559822,0.6151009202,-0.787558555603
0.611086606979,-0.225736528635,1.38958835602,0.0310594849288,-0.0218197461218,0.615419328213,-0.787285447121
0.611052215099,-0.22708787024,1.38971209526,0.0308952983469,-0.0208690147847,0.614654123783,-0.787915289402
0.610770821571,-0.228362217546,1.38965427876,0.0315985828638,-0.0202968195081,0.613858044147,-0.788522660732
0.610601305962,-0.229572460055,1.3897228241,0.0319131724536,-0.0203464403749,0.613274216652,-0.788962841034
0.61041867733,-0.230870962143,1.38939797878,0.0325520336628,-0.0192909054458,0.612170279026,-0.789820075035
0.610102832317,-0.231423199177,1.38984584808,0.0318252444267,-0.0203077122569,0.610422730446,-0.791175603867
0.609781622887,-0.233163326979,1.38992369175,0.0335745885968,-0.0192951057106,0.610483646393,-0.791081786156
0.609943807125,-0.234236776829,1.39002227783,0.0338859222829,-0.020318267867,0.609905838966,-0.791488289833
0.60960662365,-0.23517754674,1.39005661011,0.0336146093905,-0.0177314952016,0.609028220177,-0.792237520218
0.609133541584,-0.235820606351,1.39015817642,0.033469747752,-0.0188518110663,0.607011735439,-0.793763995171
0.609166622162,-0.237334311008,1.39029324055,0.0344335585833,-0.0174432694912,0.607481956482,-0.793395042419
0.608829081059,-0.238350450993,1.39033091068,0.0352539233863,-0.0166551284492,0.606477200985,-0.794144392014
0.60858309269,-0.239236176014,1.39046359062,0.0355295278132,-0.016375457868,0.605844318867,-0.794620811939
0.608381092548,-0.239731088281,1.39009082317,0.0350172035396,-0.0160615630448,0.604075610638,-0.795995295048
0.608218431473,-0.241093143821,1.39050543308,0.0365735590458,-0.0168532431126,0.604196667671,-0.795817017555
0.607856214046,-0.242220804095,1.39048659801,0.0378310717642,-0.0144236627966,0.603202521801,-0.796559870243
0.607611238956,-0.243037939072,1.39059197903,0.0377845168114,-0.0133167803288,0.602838158607,-0.796857118607
0.606875300407,-0.243498712778,1.39055156708,0.0384280569851,-0.0143869910389,0.601698637009,-0.797668516636
0.607158601284,-0.244513034821,1.39046168327,0.0385138615966,-0.0117148105055,0.60119664669,-0.798086583614
0.606903851032,-0.245055630803,1.39073908329,0.0385924093425,-0.0114406906068,0.600756824017,-0.798417806625
0.606632769108,-0.24568682909,1.39082407951,0.0390484146774,-0.0109153585508,0.600184500217,-0.798833370209
0.606476902962,-0.246209278703,1.39052391052,0.0394488759339,-0.0118764359504,0.599503576756,-0.799311101437
0.606418013573,-0.246964618564,1.39065039158,0.0399066582322,-0.0106346663088,0.599066615105,-0.799633324146
0.606081962585,-0.247189030051,1.39065766335,0.0395600236952,-0.0107958437875,0.598555505276,-0.800031125546
0.605815052986,-0.247786343098,1.39070129395,0.039927110076,-0.007608843036,0.598097801208,-0.800391733646
0.605550348759,-0.247716024518,1.3907225132,0.0390202850103,-0.00769203156233,0.596807479858,-0.801398217678
0.605217516422,-0.248477563262,1.39127457142,0.0400508791208,-0.00706630945206,0.597372353077,-0.800932109356
0.604822218418,-0.24824488163,1.39126622677,0.0394227057695,-0.00745729776099,0.595836818218,-0.80210262537
0.604678690434,-0.248550191522,1.39133036137,0.0395818129182,-0.00646810559556,0.595586180687,-0.802289605141
0.604728877544,-0.249301850796,1.39144134521,0.0404340326786,-0.00448620179668,0.596268296242,-0.801753818989
0.60451567173,-0.249519079924,1.39146244526,0.0412787944078,-0.00356560759246,0.596782386303,-0.801332712173
0.604289531708,-0.24963067472,1.39125692844,0.0412164106965,-0.00369836436585,0.595788896084,-0.802074313164
0.604177474976,-0.249758213758,1.39116752148,0.0412223301828,-0.00233620870858,0.595502436161,-0.802291870117
0.603969216347,-0.249825015664,1.39124298096,0.0414243489504,-0.00170979800168,0.595353186131,-0.802393734455
0.603578746319,-0.2493558079,1.39130878448,0.0414949208498,-0.00224451906979,0.59389936924,-0.803465425968
0.603221058846,-0.249350488186,1.39166712761,0.0414438918233,-0.0016630536411,0.593882381916,-0.803482055664
0.603183925152,-0.249791502953,1.39178156853,0.0425102747977,0.000207052173209,0.594554722309,-0.802930653095
0.603050291538,-0.249707654119,1.39185869694,0.0425817705691,0.00114810583182,0.594495117664,-0.802970230579
0.60291570425,-0.249594479799,1.39194667339,0.0431886725128,0.00240131979808,0.594905853271,-0.802630662918
0.602763712406,-0.249338984489,1.3920378685,0.0427278317511,0.00318061560392,0.593876957893,-0.803414165974
0.602616548538,-0.249113753438,1.3921957016,0.0429785214365,0.00403055548668,0.593768954277,-0.80347687006
0.602472782135,-0.248929008842,1.39229917526,0.0440842211246,0.00521974638104,0.594518661499,-0.802855491638
0.602318048477,-0.248656153679,1.39235627651,0.0436284840107,0.00590761657804,0.593603551388,-0.80355244875
0.602229118347,-0.248376607895,1.39203095436,0.0435709133744,0.00818006508052,0.59342610836,-0.803666710854
0.601918399334,-0.247318908572,1.39258956909,0.0426639057696,0.00728145381436,0.592324376106,-0.804536283016
0.602084815502,-0.247018665075,1.39267396927,0.0435873568058,0.0083244247362,0.593542933464,-0.803578019142
0.602032840252,-0.246587842703,1.39280629158,0.042813051492,0.00937669817358,0.592479050159,-0.804392814636
0.601848721504,-0.246542841196,1.392993927,0.0440060980618,0.0106490775943,0.5930519104,-0.803890228271
0.601853013039,-0.24611929059,1.39307808876,0.0443694554269,0.0121005410329,0.593234717846,-0.803714811802
0.601774454117,-0.245626211166,1.39312601089,0.0452170670033,0.0131576834247,0.59418040514,-0.802952110767
0.601720571518,-0.245104670525,1.39315497875,0.0452964492142,0.0134240034968,0.593518257141,-0.803432703018
0.601717948914,-0.24455024302,1.39322626591,0.0458582527936,0.0150348581374,0.594029009342,-0.802994728088
0.601692795753,-0.244006708264,1.39337575436,0.0461280308664,0.0156237250194,0.593925774097,-0.803044378757
0.601672172546,-0.243376940489,1.39344930649,0.0458320118487,0.0169956944883,0.593965888023,-0.803003847599
0.601442873478,-0.242144554853,1.39347136021,0.04532924667,0.0166357066482,0.592919230461,-0.803813099861
0.601450145245,-0.242077797651,1.3934803009,0.0468402653933,0.0186642091721,0.594350397587,-0.802624046803
0.601436555386,-0.241073951125,1.39350342751,0.0474906302989,0.0200308542699,0.594658374786,-0.802324771881
0.601350426674,-0.240693420172,1.39360368252,0.048411488533,0.0194815229625,0.594656944275,-0.802284240723
0.601381182671,-0.239966198802,1.39368867874,0.0482348278165,0.0211154781282,0.595137298107,-0.801897287369
0.601237475872,-0.238543108106,1.39368224144,0.04737476632,0.0213889274746,0.594520926476,-0.802398264408
0.601437985897,-0.238258078694,1.39377915859,0.0484225600958,0.0234361235052,0.596017897129,-0.801167070866
0.601319670677,-0.237584754825,1.39384043217,0.0494652204216,0.0232407078147,0.595821321011,-0.80125528574
0.601229608059,-0.236274465919,1.39377534389,0.0502655170858,0.0229558236897,0.596265137196,-0.800883471966
0.601648926735,-0.235850587487,1.39362359047,0.0502642318606,0.02611043863,0.597311735153,-0.800006568432
0.601451992989,-0.234591573477,1.39413559437,0.0494553670287,0.0256493296474,0.596339344978,-0.800796926022
0.601335227489,-0.233536735177,1.39395797253,0.0501086898148,0.025179233402,0.596159279346,-0.800905227661
0.601735770702,-0.233190894127,1.39423847198,0.0509066917002,0.0277490187436,0.597437739372,-0.799816668034
0.601677179337,-0.232336267829,1.39426326752,0.0514855384827,0.0281404275447,0.597700476646,-0.799569666386
0.601599812508,-0.231185868382,1.39430487156,0.0513457469642,0.0281632933766,0.597382724285,-0.799815177917
0.601724088192,-0.230440944433,1.39427614212,0.0526248775423,0.0286557562649,0.598246574402,-0.799068510532
0.601807117462,-0.229625850916,1.39433121681,0.0527580231428,0.0295505020767,0.598461270332,-0.798866391182
0.601597130299,-0.228165835142,1.39432621002,0.0525850914419,0.0280439238995,0.597683429718,-0.799514234066
0.601733982563,-0.227261960506,1.39449417591,0.0524137467146,0.029417866841,0.59813272953,-0.799139976501
0.601859927177,-0.226908653975,1.39447557926,0.0540187619627,0.0306657329202,0.59963953495,-0.797855913639
0.601967990398,-0.225388109684,1.39447617531,0.0532348826528,0.0295216664672,0.599294543266,-0.798210978508
0.601820349693,-0.224555686116,1.39458179474,0.0540296286345,0.0297117158771,0.599824488163,-0.797752261162
0.601845920086,-0.223957329988,1.39463293552,0.0551595166326,0.0304911192507,0.601085305214,-0.796695768833
0.601775348186,-0.222961604595,1.39450836182,0.0554814785719,0.0305932927877,0.601734697819,-0.796179115772
0.601826131344,-0.22200743854,1.39457368851,0.0558918975294,0.0306709129363,0.602108240128,-0.79586493969
0.60174369812,-0.220524340868,1.3946056366,0.0550901219249,0.0303903948516,0.602127671242,-0.79591691494
0.601882100105,-0.219835430384,1.39471960068,0.0557459518313,0.0308679752052,0.603375732899,-0.794907152653
0.601755738258,-0.218791246414,1.39470231533,0.0559791140258,0.0307629760355,0.603973329067,-0.794440805912
0.601490736008,-0.217118412256,1.39479601383,0.0555835962296,0.0287608671933,0.603593826294,-0.794831991196
0.601858973503,-0.216763690114,1.39436542988,0.0561648271978,0.0315256044269,0.605395078659,-0.793314874172
0.601709246635,-0.215651467443,1.39437294006,0.0566617324948,0.0300132948905,0.606268882751,-0.792670607567
0.601415038109,-0.21397934854,1.39446020126,0.0558722652495,0.028345009312,0.606016814709,-0.792980790138
0.601621687412,-0.213453575969,1.39465284348,0.05673699826,0.0293178912252,0.608183681965,-0.791223108768
0.60135191679,-0.212489157915,1.39462077618,0.0572555027902,0.0288778021932,0.609207391739,-0.790413975716
0.601417064667,-0.211301878095,1.39467537403,0.0568041838706,0.0286031309515,0.610148668289,-0.789730250835
0.60142236948,-0.210154488683,1.39464116096,0.0566975288093,0.0282952263951,0.611012578011,-0.789080679417
0.601314663887,-0.20906662941,1.39460921288,0.0567537918687,0.0279014687985,0.612050294876,-0.788286089897
0.601284503937,-0.207898616791,1.39458942413,0.0563971810043,0.0281695835292,0.613210737705,-0.787399828434
0.601390242577,-0.206805199385,1.39468228817,0.0560821592808,0.0276673473418,0.614221394062,-0.786652028561
0.60116904974,-0.205667883158,1.3944299221,0.056974273175,0.0268389098346,0.61603718996,-0.785195469856
0.601387798786,-0.204553097486,1.39409017563,0.055875543505,0.027093084529,0.616284668446,-0.78507143259
0.601104855537,-0.203275710344,1.39432680607,0.0554716251791,0.0267757512629,0.61761367321,-0.784065902233
0.601008713245,-0.202101409435,1.39424145222,0.0553965605795,0.025411773473,0.618176162243,-0.783673286438
0.600981116295,-0.200957193971,1.39417302608,0.0554670765996,0.0251025594771,0.619087696075,-0.782958269119
0.601027429104,-0.199916243553,1.39416372776,0.0550771690905,0.0251728538424,0.620267152786,-0.782049536705
0.601262807846,-0.198305159807,1.39430820942,0.0531675666571,0.0252860821784,0.621436297894,-0.781249463558
0.601045846939,-0.197041168809,1.39416241646,0.0527300946414,0.0248399190605,0.622181952,-0.780699670315
0.600961744785,-0.195231169462,1.39410543442,0.0514232553542,0.0224856939167,0.622148096561,-0.780885279179
0.60042488575,-0.194685578346,1.39390552044,0.053799841553,0.0223998073488,0.623869299889,-0.779352903366
0.601110458374,-0.193403661251,1.39410245419,0.0521606877446,0.0235683415085,0.626174330711,-0.777579247952
0.601164937019,-0.192154079676,1.39409935474,0.0507800765336,0.0236323922873,0.626441121101,-0.777453839779
0.600922346115,-0.19114933908,1.39401650429,0.0514604337513,0.0235388949513,0.627933502197,-0.776207029819
0.600979149342,-0.189603552222,1.39415812492,0.0496853031218,0.0227529704571,0.628279209137,-0.776066303253
0.600891470909,-0.188314497471,1.3937844038,0.0492574311793,0.0225232616067,0.629384934902,-0.775203943253
0.600556612015,-0.186479330063,1.39392507076,0.0481867268682,0.021973580122,0.630495727062,-0.77438390255
0.600532829762,-0.185753628612,1.39414894581,0.0478783324361,0.0221298132092,0.631501793861,-0.77357840538
0.599864721298,-0.184543356299,1.39341962337,0.0490337871015,0.021308446303,0.63272768259,-0.772526621819
0.600035429001,-0.182677179575,1.39352679253,0.0462845601141,0.0200949180871,0.632381916046,-0.773011744022
0.600043058395,-0.18180835247,1.39365446568,0.0461122430861,0.0207380689681,0.634445667267,-0.771311998367
0.599674403667,-0.180434823036,1.39354109764,0.0457653813064,0.0199138205498,0.635407090187,-0.770562648773
0.599672794342,-0.179073885083,1.39355707169,0.0447568632662,0.0200746655464,0.63664907217,-0.769591987133
0.599646985531,-0.17777261138,1.3936214447,0.0440980754793,0.0178622212261,0.637675642967,-0.768834233284
0.599275171757,-0.176188215613,1.39358663559,0.0426892004907,0.0194139499217,0.638665318489,-0.768054306507
0.598989546299,-0.174843341112,1.39354515076,0.0418142825365,0.0207622740418,0.640403389931,-0.766618669033
0.59862613678,-0.173102378845,1.39344024658,0.0411106981337,0.0182972121984,0.639815568924,-0.767209947109
0.598414301872,-0.171671926975,1.39335727692,0.0400887690485,0.0188096240163,0.640997946262,-0.766264200211
0.598222613335,-0.170670479536,1.39333093166,0.0400853715837,0.0188531205058,0.643048524857,-0.764543294907
0.597944617271,-0.169180333614,1.39336669445,0.0390726849437,0.0194913540035,0.644913554192,-0.763007283211
0.597751259804,-0.167638853192,1.39340400696,0.0380407273769,0.0194186121225,0.646247148514,-0.761932134628
0.59606552124,-0.166594669223,1.38778543472,0.0409533120692,0.0190136823803,0.644317507744,-0.763424098492
0.597111403942,-0.164661809802,1.3934084177,0.0364641062915,0.0187987834215,0.648037016392,-0.760503172874
0.597097039223,-0.162993878126,1.39403581619,0.035027127713,0.0187352281064,0.649271309376,-0.759518802166
0.596818566322,-0.161537274718,1.3939063549,0.0343579500914,0.0189932063222,0.650564968586,-0.758435308933
0.596366047859,-0.159900456667,1.39394652843,0.0334094539285,0.0182579644024,0.651697993279,-0.757522344589
0.596093475819,-0.158302724361,1.39399516582,0.032630212605,0.0183478631079,0.652976572514,-0.756452441216
0.595564126968,-0.156326949596,1.39414417744,0.0318124257028,0.0171890836209,0.653099834919,-0.756408035755
0.595387339592,-0.155356839299,1.3943811655,0.0323935560882,0.0184657350183,0.655202686787,-0.754532396793
0.595233500004,-0.153784960508,1.3944940567,0.0320329219103,0.0182374548167,0.656481444836,-0.753441095352
0.594876408577,-0.152029320598,1.39471936226,0.0306082945317,0.0183356720954,0.657881498337,-0.752275884151
0.594713866711,-0.150373920798,1.39480185509,0.0297150574625,0.0185958016664,0.659105062485,-0.751233458519
0.594367444515,-0.148725584149,1.39483654499,0.0302420817316,0.0158214345574,0.660526156425,-0.750026941299
0.593974471092,-0.146993547678,1.39477813244,0.02911417,0.0180751103908,0.661685407162,-0.748998045921
0.593670964241,-0.145159885287,1.39488434792,0.0282206665725,0.0184669028968,0.662994921207,-0.747863829136
0.592839717865,-0.143755495548,1.39594888687,0.0294732004404,0.0167795624584,0.664663493633,-0.746372699738
0.592488527298,-0.141862034798,1.39591598511,0.0291859358549,0.0163221806288,0.665952801704,-0.745244026184
0.592723011971,-0.139968141913,1.39516782761,0.0282176230103,0.0173192229122,0.667118132114,-0.744215965271
0.592359542847,-0.138165414333,1.3951741457,0.0276967603713,0.0167232304811,0.66820448637,-0.743273854256
0.592110693455,-0.136323198676,1.39520204067,0.026815045625,0.0172760393471,0.669502794743,-0.742124319077
0.591808974743,-0.133983492851,1.3953306675,0.0265063326806,0.0160952825099,0.669910252094,-0.741794288158
0.591529786587,-0.132650017738,1.39527070522,0.0264621935785,0.0172852128744,0.672157943249,-0.739732861519
0.591239094734,-0.130757763982,1.39536321163,0.0261580515653,0.0171797089279,0.673234343529,-0.738766551018
0.59097969532,-0.128894388676,1.39534592628,0.0262336656451,0.0173024442047,0.674568533897,-0.737543046474
0.590671479702,-0.127036094666,1.3954679966,0.0260432735085,0.0173398926854,0.675849199295,-0.736375570297
0.590453743935,-0.125067561865,1.39549553394,0.0257286000997,0.0167672857642,0.676937460899,-0.735399723053
0.590226888657,-0.1231328547,1.39568626881,0.0258071087301,0.0173171740025,0.678124845028,-0.734289348125
0.590030491352,-0.121261656284,1.39563882351,0.0263462439179,0.0155508127064,0.679465770721,-0.733069181442
0.5898244977,-0.119236111641,1.39560699463,0.0255779977888,0.0180505737662,0.680324792862,-0.732241868973
0.589430332184,-0.117341436446,1.39609181881,0.0260634440929,0.0177758820355,0.681662023067,-0.730986654758
0.5895383358,-0.115384027362,1.39580798149,0.0256828833371,0.016569275409,0.682711601257,-0.730048418045
0.589201450348,-0.113513618708,1.39577078819,0.0257254261523,0.0224108248949,0.68677008152,-0.726073503494
0.588934242725,-0.11164791882,1.39610350132,0.0268554780632,0.0163196567446,0.684889853001,-0.72796869278
0.58878749609,-0.109396584332,1.39575612545,0.0241356864572,0.019687877968,0.685611903667,-0.727300643921
0.588759422302,-0.107584089041,1.39573609829,0.0266412738711,0.0176853463054,0.687079846859,-0.725877940655
0.588441133499,-0.105340637267,1.39578449726,0.0239626262337,0.0205164775252,0.687582194805,-0.725420951843
0.588284909725,-0.103207945824,1.3961905241,0.0237606167793,0.020697357133,0.688825905323,-0.724241614342
0.588221549988,-0.10138233006,1.39582395554,0.0252184066921,0.0206773150712,0.689766407013,-0.723297357559
0.587989270687,-0.0995802357793,1.39585399628,0.0272911936045,0.0232429858297,0.693844974041,-0.719231724739
0.587983608246,-0.0972977727652,1.39587044716,0.0246066022664,0.0214122664183,0.691860675812,-0.721293985844
0.587771594524,-0.0954346135259,1.39578843117,0.0257978662848,0.0193994380534,0.69307500124,-0.720142483711
0.587629675865,-0.0934667885303,1.39585113525,0.0248656440526,0.0227945744991,0.693917691708,-0.719263970852
0.587506115437,-0.0913217514753,1.39582741261,0.025769662112,0.0198014304042,0.695285618305,-0.717998445034
0.587275803089,-0.0894030556083,1.39583921432,0.0265180226415,0.0251013450325,0.699218869209,-0.713974654675
0.587233066559,-0.0871685370803,1.39586603642,0.0244698245078,0.0229014717042,0.697445034981,-0.715854287148
0.587099015713,-0.0849707126617,1.39574599266,0.0250238254666,0.0192143507302,0.698664367199,-0.714753627777
0.586874306202,-0.0829410851002,1.39565968513,0.024135151878,0.0223014727235,0.699886679649,-0.713497519493
0.586792111397,-0.0807179063559,1.39573943615,0.0228512361646,0.0222406927496,0.700718998909,-0.712724387646
0.586812973022,-0.0786873400211,1.39574956894,0.0227292589843,0.0225693825632,0.701863527298,-0.711590826511
0.586809098721,-0.0765724480152,1.39566993713,0.0220197644085,0.0227336902171,0.703013241291,-0.710472226143
0.586864054203,-0.0743563845754,1.39565813541,0.0236379057169,0.0191766638309,0.704059362411,-0.709488630295
0.586570322514,-0.0725229084492,1.39536142349,0.0253963284194,0.0218413453549,0.708329975605,-0.705086231232
0.586698949337,-0.0702268779278,1.3954410553,0.0232099052519,0.0216505210847,0.705942511559,-0.707557618618
0.586438000202,-0.0683197230101,1.39530622959,0.0245817769319,0.0237195603549,0.710077345371,-0.703294634819
0.586508989334,-0.0662833824754,1.39491212368,0.0238080341369,0.0195216238499,0.708500266075,-0.705038547516
0.586327552795,-0.0640179663897,1.39522910118,0.0239752847701,0.0180171392858,0.709307074547,-0.704261481762
0.586289286613,-0.0623682439327,1.39454519749,0.0261338725686,0.0209496747702,0.713547825813,-0.699805438519
0.586383581161,-0.0600953102112,1.39476847649,0.0242357775569,0.0185996200889,0.711678087711,-0.701841175556
0.586480855942,-0.0579109787941,1.39481508732,0.0233414527029,0.0185549668968,0.71209871769,-0.701445817947
0.586455464363,-0.0563303679228,1.39453649521,0.0246318988502,0.0190160106868,0.713364601135,-0.700101852417
0.586441814899,-0.0542933270335,1.39462137222,0.0247130077332,0.0190257616341,0.714167714119,-0.699279725552
0.58619505167,-0.0523539036512,1.39433193207,0.0248134583235,0.0235361047089,0.717669963837,-0.695543050766
0.586476027966,-0.0503375306726,1.39452838898,0.0250185262412,0.019010707736,0.715655267239,-0.697746634483
0.586481869221,-0.0485944077373,1.39456558228,0.0252591203898,0.0198016669601,0.71629935503,-0.697054564953
0.586628973484,-0.0465333200991,1.39424157143,0.0254840832204,0.0199409183115,0.716962397099,-0.696360468864
0.586631178856,-0.0446981415153,1.39430999756,0.0248255692422,0.022516688332,0.717651367188,-0.695595562458
0.586858570576,-0.042943559587,1.39453852177,0.0261369384825,0.0203769113868,0.718206346035,-0.695040524006
0.586412489414,-0.0415048487484,1.39426231384,0.0288724526763,0.0236331224442,0.721591949463,-0.691312491894
0.586941957474,-0.0394972525537,1.39429402351,0.0272821709514,0.0209096707404,0.719313919544,-0.693834245205
0.587051033974,-0.0377439334989,1.39429831505,0.0275938808918,0.0214985460043,0.719555735588,-0.693553209305
0.58717161417,-0.0358232595026,1.39427912235,0.0272973887622,0.0217666178942,0.72003775835,-0.693055927753
0.587224066257,-0.0340842157602,1.39423656464,0.0256239864975,0.0257670395076,0.719935297966,-0.693089187145
0.5871270895,-0.0328342244029,1.39430880547,0.0289886370301,0.0283029302955,0.723042726517,-0.689614295959
0.587552666664,-0.0311012454331,1.39409518242,0.0297039635479,0.023637900129,0.720666229725,-0.692242145538
0.587590754032,-0.0295609757304,1.39411997795,0.0311254579574,0.0284523423761,0.723544120789,-0.688988804817
0.587568044662,-0.0282857585698,1.3941270113,0.0335762761533,0.0269550662488,0.723921954632,-0.688536942005
0.587829947472,-0.0265013687313,1.39403390884,0.0315570943058,0.0253452658653,0.72078704834,-0.691973984241
0.587854981422,-0.0251332446933,1.39396572113,0.0322543717921,0.0281690787524,0.720940887928,-0.69167226553
0.587991595268,-0.0239234063774,1.39432287216,0.0350069403648,0.0291732363403,0.723880589008,-0.688418745995
0.588036477566,-0.0226414687932,1.39426612854,0.036128539592,0.0302103105932,0.72404140234,-0.688147068024
0.587948739529,-0.0213570967317,1.39399003983,0.0377697199583,0.0294080954045,0.723690032959,-0.688462972641
0.588087260723,-0.020004760474,1.3941423893,0.0433925203979,0.0302493683994,0.724063694477,-0.687701880932
0.588351607323,-0.0188120696694,1.39399695396,0.0438827052712,0.0314300134778,0.723744630814,-0.687953710556
0.588186919689,-0.0173156615347,1.39417040348,0.0424628704786,0.0346801541746,0.722652971745,-0.689033329487
0.588450431824,-0.0160837862641,1.39414274693,0.0435285456479,0.0303156394511,0.720087707043,-0.69185256958
0.58870357275,-0.0154040958732,1.39430499077,0.0462424308062,0.0342793390155,0.723430097103,-0.687993824482
0.588657677174,-0.0143023142591,1.39414989948,0.0449120998383,0.0389303304255,0.722821712494,-0.688473880291
0.588889420033,-0.0133455945179,1.39425957203,0.0480020828545,0.0360709689558,0.722554862499,-0.688701272011
0.588717222214,-0.0123749794438,1.39395070076,0.0491528883576,0.0361095964909,0.721848070621,-0.689358830452
0.588556826115,-0.0111525338143,1.39403581619,0.0476670973003,0.0367578044534,0.71828097105,-0.693144500256
0.588746726513,-0.0107964705676,1.39434123039,0.0507060065866,0.0409440211952,0.721108615398,-0.689750015736
0.588631272316,-0.0101054534316,1.39423513412,0.0527729652822,0.0391480363905,0.7208994627,-0.689917802811
0.588741064072,-0.0090978872031,1.39437603951,0.0526892691851,0.0396409109235,0.720057308674,-0.690774917603
0.588355958462,-0.00835456047207,1.39403927326,0.0527212619781,0.0430533699691,0.719444036484,-0.691207110882
0.588464617729,-0.00779443932697,1.39408493042,0.0543577484787,0.0433763228357,0.718934714794,-0.691589891911
0.588595151901,-0.00707357795909,1.39428186417,0.0554177649319,0.0416279509664,0.718053162098,-0.692528605461
0.588790655136,-0.00657035270706,1.39435827732,0.0541324429214,0.0410741716623,0.715017557144,-0.695796370506
0.588527977467,-0.00642341701314,1.39422225952,0.0571272037923,0.0442527085543,0.717431724072,-0.692870736122
0.588380873203,-0.00579857174307,1.39419972897,0.0554076805711,0.0482182689011,0.716294467449,-0.693921625614
0.588302254677,-0.00542748067528,1.3941860199,0.0575567930937,0.0480605363846,0.715811312199,-0.69425624609
0.588187396526,-0.00499047292396,1.39406609535,0.0583071820438,0.0485076829791,0.715329647064,-0.694658815861
0.588277697563,-0.00447455374524,1.39411842823,0.0589236728847,0.0475252345204,0.714566469193,-0.695459604263
0.588140308857,-0.00433883629739,1.39422082901,0.0598231218755,0.0484106019139,0.71371871233,-0.696191966534
0.588089048862,-0.00395680265501,1.39430594444,0.0598706789315,0.0483888462186,0.712787985802,-0.697142183781
0.58790230751,-0.00368625740521,1.39415359497,0.0602053515613,0.0487670972943,0.712008535862,-0.697883248329
0.587586700916,-0.00324426661246,1.39389252663,0.0580557584763,0.0524181909859,0.710635721684,-0.699198663235
0.587517559528,-0.00351273152046,1.39402914047,0.0587872900069,0.0534952431917,0.710183560848,-0.699515402317
0.587246537209,-0.00334112485871,1.39395844936,0.0590350478888,0.053377404809,0.708841502666,-0.700863540173
0.58722114563,-0.00363721465692,1.39410984516,0.0613481886685,0.0511688627303,0.708295702934,-0.701380968094
0.587045013905,-0.00367903383449,1.39402651787,0.0614475384355,0.0517735444009,0.707450032234,-0.702181220055
0.586941242218,-0.00376217951998,1.39404404163,0.0616792216897,0.0521111525595,0.706336259842,-0.703256130219
0.586694836617,-0.00387812778354,1.39408111572,0.059776969254,0.0562503002584,0.705353975296,-0.704087018967
0.586472392082,-0.00410829577595,1.39409661293,0.0605714060366,0.0560853295028,0.704052865505,-0.705333411694
0.586397588253,-0.00412808172405,1.39412593842,0.0580610819161,0.0550180152059,0.700354397297,-0.709299504757
0.586138665676,-0.0043906304054,1.39411985874,0.0583477020264,0.0550510026515,0.699263513088,-0.710348844528
0.586105465889,-0.00511176371947,1.39420211315,0.0602372400463,0.0553023479879,0.698881745338,-0.710547268391
0.585886061192,-0.00553694879636,1.39421141148,0.0603532828391,0.0555996485054,0.697903633118,-0.711474955082
0.585647165775,-0.00581367826089,1.39457631111,0.0600593350828,0.0557211786509,0.696910202503,-0.712463617325
0.58536785841,-0.00607431773096,1.39475750923,0.0584593787789,0.0562501698732,0.695877850056,-0.713563203812
0.585197329521,-0.00738505879417,1.39457058907,0.062832005322,0.05686384812,0.698301851749,-0.710769534111
0.584839344025,-0.00804496929049,1.39417922497,0.0589379630983,0.057990308851,0.695028245449,-0.714212357998
0.584681987762,-0.00891511514783,1.39428699017,0.0607554465532,0.0549943521619,0.694326937199,-0.71497887373
0.584328651428,-0.00992627162486,1.39454436302,0.0629469454288,0.0576622746885,0.696697771549,-0.712267518044
0.584052920341,-0.0104314126074,1.39481365681,0.0617515109479,0.0601143650711,0.696080267429,-0.712772905827
0.583762526512,-0.0113774864003,1.39479708672,0.0606124438345,0.0613789707422,0.694877147675,-0.71393597126
0.583555817604,-0.0122144240886,1.3948982954,0.0600401163101,0.0620749108493,0.694775819778,-0.714022755623
0.583381652832,-0.0131876682863,1.39499235153,0.0613777972758,0.0588456764817,0.694374799728,-0.714572429657
0.583094596863,-0.0140183465555,1.39502823353,0.0602922700346,0.0613222420216,0.69343316555,-0.715370535851
0.582954287529,-0.0148167349398,1.39506542683,0.0581130795181,0.0563434958458,0.689826071262,-0.719436109066
0.582617163658,-0.01613307558,1.39510667324,0.059869736433,0.0592821612954,0.692644953728,-0.716340780258
0.582253992558,-0.0171054583043,1.39511752129,0.0590603873134,0.058891966939,0.692148566246,-0.716919779778
0.582129538059,-0.0179011318833,1.39526677132,0.0566545687616,0.0563520118594,0.688145160675,-0.721159517765
0.581858932972,-0.019400799647,1.39516615868,0.0574200376868,0.0593158751726,0.690960645676,-0.718162953854
0.581688165665,-0.020088693127,1.39497792721,0.0526417642832,0.0598439127207,0.68698143959,-0.722290933132
0.581326723099,-0.0218179039657,1.39525210857,0.0564933046699,0.0590237528086,0.690199494362,-0.718991875648
0.580883562565,-0.0230587664992,1.39528334141,0.0544734150171,0.0620883777738,0.689325809479,-0.71972745657
0.580891311169,-0.0242794491351,1.39539182186,0.0529339946806,0.0566671602428,0.686451673508,-0.723029136658
0.580519676208,-0.0257114935666,1.39535939693,0.054096724838,0.0585785843432,0.689270079136,-0.720103383064
0.58030039072,-0.0274664703757,1.39551150799,0.0477829016745,0.0639695078135,0.688282489777,-0.721035420895
0.58007133007,-0.0285824816674,1.3953962326,0.0468839257956,0.0621844418347,0.688318431377,-0.721216201782
0.579840660095,-0.0304919295013,1.39562761784,0.0461621209979,0.0634259656072,0.687815010548,-0.721634745598
0.579763352871,-0.031970474869,1.39564168453,0.0463248081505,0.0601141229272,0.688247978687,-0.721494972706
0.579467713833,-0.0335697047412,1.39569413662,0.0459683910012,0.0594578012824,0.688173651695,-0.721643090248
0.579376876354,-0.0351349450648,1.39573812485,0.0429887026548,0.0577039420605,0.684774577618,-0.725193858147
0.578937709332,-0.0368670001626,1.39575719833,0.0424725972116,0.0622966773808,0.687787175179,-0.721986055374
0.57882130146,-0.0381853207946,1.39576613903,0.0392860919237,0.0596925877035,0.684463024139,-0.725536882877
0.578968644142,-0.0399837493896,1.39546537399,0.0394231490791,0.0569289252162,0.684646785259,-0.725578308105
0.578504800797,-0.0416779853404,1.39588856697,0.0371347852051,0.0590287446976,0.684324204922,-0.725835442543
0.578291893005,-0.0435745567083,1.39586901665,0.036532394588,0.0582475848496,0.684661269188,-0.725611269474
0.578224360943,-0.0452701039612,1.39590144157,0.0347822085023,0.0586158409715,0.684447169304,-0.725869476795
0.578071415424,-0.0473325885832,1.39599049091,0.0342210605741,0.0589099004865,0.68443363905,-0.725885152817
0.577971696854,-0.049335796386,1.39600086212,0.0349705554545,0.0568232052028,0.685009896755,-0.725471973419
0.57776337862,-0.0516741834581,1.3960930109,0.0350637361407,0.0605644285679,0.688141107559,-0.722194135189
0.577624738216,-0.0532357394695,1.39613175392,0.033488728106,0.0556860268116,0.68510890007,-0.725536704063
0.577538847923,-0.0555658526719,1.39617204666,0.0350811332464,0.055184468627,0.688358545303,-0.72241717577
0.577386140823,-0.0575920194387,1.39616763592,0.032626632601,0.0552100799978,0.685482919216,-0.725259065628
0.577340960503,-0.0598216764629,1.39615571499,0.0333579070866,0.0549662150443,0.688937604427,-0.721963405609
0.577218055725,-0.0616893842816,1.39614617825,0.0306831747293,0.0539532713592,0.685863494873,-0.725078582764
0.577158808708,-0.0639371275902,1.39581656456,0.0284295752645,0.0549855567515,0.685801923275,-0.725151002407
0.577104926109,-0.0664568990469,1.39583790302,0.0315627343953,0.0538426078856,0.689838886261,-0.7212677598
0.576915204525,-0.068167001009,1.39579463005,0.0271921418607,0.0528828538954,0.686233043671,-0.724946975708
0.57679182291,-0.0703701302409,1.39626550674,0.0261779502034,0.0528728887439,0.686583280563,-0.724653482437
0.576651930809,-0.0725911259651,1.39637374878,0.0258668661118,0.0512294583023,0.686396956444,-0.72495919466
0.576698243618,-0.0752808749676,1.39644050598,0.0275964718312,0.0514452531934,0.687405049801,-0.723924160004
0.576540052891,-0.077458947897,1.39642906189,0.0271973349154,0.0471484959126,0.687248468399,-0.724380373955
0.576681256294,-0.0798853337765,1.39600038528,0.0261818114668,0.0472166985273,0.687514781952,-0.724160552025
0.576451122761,-0.0819980576634,1.3959710598,0.0248801447451,0.0482945181429,0.687464475632,-0.724183082581
0.576384067535,-0.0845880806446,1.39606690407,0.0259220004082,0.0503419227898,0.690996527672,-0.720636963844
0.576440751553,-0.0866550803185,1.39608776569,0.0234526451677,0.0473261773586,0.688065230846,-0.723724007607
0.576307296753,-0.0890336707234,1.39634358883,0.0235254820436,0.0432867258787,0.688589394093,-0.72347599268
0.576205909252,-0.0913278013468,1.39630675316,0.0214722491801,0.0455746501684,0.688635230064,-0.723355650902
0.576148509979,-0.0938278660178,1.39636206627,0.0211418960243,0.0452101565897,0.688839018345,-0.723194241524
0.576117634773,-0.0960541665554,1.39607286453,0.021218623966,0.0426457747817,0.689588546753,-0.722633242607
0.576064765453,-0.0984599068761,1.39606630802,0.0210526958108,0.041733443737,0.689736604691,-0.722550034523
0.576407313347,-0.100861437619,1.39582109451,0.0202909018844,0.0391975082457,0.69009321928,-0.722373306751
0.576444387436,-0.103485874832,1.39584672451,0.01947359927,0.0414462611079,0.690547466278,-0.721835911274
0.576183736324,-0.105695880949,1.39605903625,0.0191066116095,0.0393830798566,0.690624892712,-0.721887350082
0.576326012611,-0.108121953905,1.39598035812,0.019244832918,0.0369452908635,0.691204726696,-0.721457362175
0.576255083084,-0.110522769392,1.39596009254,0.0180383417755,0.0383968725801,0.691102087498,-0.721511125565
0.576338410378,-0.112976998091,1.39592385292,0.0177036579698,0.0386754348874,0.692296862602,-0.720358073711
0.576433598995,-0.115460298955,1.39591479301,0.0177986230701,0.035033043474,0.691919744015,-0.720904290676
0.576462686062,-0.117900237441,1.39591670036,0.0188724584877,0.0318224579096,0.692081987858,-0.720870137215
0.576538443565,-0.120266519487,1.39534795284,0.0181066375226,0.031077824533,0.692311823368,-0.720701515675
0.576618731022,-0.122800394893,1.39538371563,0.0180959682912,0.0304063279182,0.692551374435,-0.720500171185
0.576481103897,-0.125373110175,1.39574146271,0.0155213689432,0.0347056984901,0.692566633224,-0.720351397991
0.5767750144,-0.127915650606,1.39527094364,0.0155428377911,0.0321961008012,0.692813575268,-0.720230042934
0.576791286469,-0.130207777023,1.39518201351,0.0145614016801,0.0338573530316,0.693753540516,-0.719268798828
0.576785326004,-0.132750436664,1.39552843571,0.0147175034508,0.0327336490154,0.693880081177,-0.719195663929
0.576959013939,-0.135052427649,1.39535546303,0.0140336807817,0.0297640115023,0.693889260292,-0.719329535961
0.576966404915,-0.137380421162,1.3952395916,0.0133682033047,0.0313579179347,0.694007873535,-0.719160020351
0.577148318291,-0.139930546284,1.39480853081,0.0123585192487,0.031214768067,0.694110393524,-0.719085395336
0.577252388,-0.14228348434,1.39467263222,0.0123305991292,0.0308629255742,0.694306790829,-0.718911468983
0.577327847481,-0.144551292062,1.39452409744,0.010994553566,0.0307377539575,0.694546639919,-0.718706667423
0.577561616898,-0.147051900625,1.39446496964,0.010859512724,0.0277226883918,0.694927871227,-0.718462944031
0.577543318272,-0.149303674698,1.39425754547,0.0095200445503,0.029289310798,0.695074141026,-0.718278169632
0.577729046345,-0.151860028505,1.39420628548,0.00925203133374,0.0299075059593,0.695537447929,-0.717807590961
0.577728688717,-0.154261574149,1.39441382885,0.0109256524593,0.0280107017606,0.699249267578,-0.71424549818
0.577967941761,-0.156407237053,1.39392256737,0.00806416943669,0.02901138179,0.695732235909,-0.717669904232
0.578086674213,-0.158654481173,1.39377069473,0.00717507116497,0.0286892950535,0.696518421173,-0.716929256916
0.578144788742,-0.161102801561,1.39357554913,0.00775254005566,0.0286790486425,0.697206914425,-0.716254174709
0.578125059605,-0.163194581866,1.39378488064,0.00685479445383,0.0275036916137,0.697776138783,-0.715755045414
0.578369259834,-0.165621116757,1.39322316647,0.00680956337601,0.0283491257578,0.697818934917,-0.715680718422
0.57844465971,-0.167929187417,1.39306688309,0.00668648444116,0.0278668422252,0.698065936565,-0.715459942818
0.578521847725,-0.170103430748,1.39287436008,0.00709615368396,0.0277748592198,0.698602378368,-0.714935779572
0.578541815281,-0.172369793057,1.39271569252,0.00672882329673,0.0273748338223,0.698775887489,-0.71478497982
0.578581988811,-0.174545049667,1.39257693291,0.00667196512222,0.0271568000317,0.699126660824,-0.714450836182
0.578576028347,-0.176808491349,1.39235079288,0.00678536714986,0.0262052435428,0.699062585831,-0.714547872543
0.578687429428,-0.178965270519,1.39211308956,0.0069125732407,0.0263737272471,0.69965493679,-0.713960528374
0.578524410725,-0.181076228619,1.39177894592,0.00758346915245,0.0258324965835,0.700135707855,-0.713502109051
0.57849830389,-0.183210998774,1.39163637161,0.00842866953462,0.0253168027848,0.700366675854,-0.713284254074
0.57850754261,-0.185164183378,1.39149677753,0.00791565515101,0.0245903562754,0.701049387455,-0.712644636631
0.578452825546,-0.187219008803,1.39128673077,0.00837215036154,0.0240686368197,0.70174998045,-0.711967408657
0.578661620617,-0.189244002104,1.3912371397,0.0084884064272,0.0242382679135,0.70233976841,-0.711378455162
0.578727602959,-0.190886676311,1.39107441902,0.00797014310956,0.023395717144,0.702739477158,-0.711017847061
0.578821778297,-0.192797511816,1.39104032516,0.00834060274065,0.0230259634554,0.703517854214,-0.710255503654
0.578881442547,-0.19458013773,1.39099740982,0.00849683582783,0.0225368402898,0.704385101795,-0.709409356117
0.578987181187,-0.196359410882,1.39089000225,0.00867050047964,0.0221756938845,0.705103635788,-0.708704471588
0.579174935818,-0.198278456926,1.39082860947,0.00915394164622,0.0227210335433,0.70633071661,-0.707457959652
0.579321861267,-0.199946060777,1.39068317413,0.0097123188898,0.0220051463693,0.706823706627,-0.706980645657
0.579483151436,-0.201445221901,1.39064502716,0.00922445207834,0.0215884912759,0.707483232021,-0.706340193748
0.579630672932,-0.203260749578,1.39054179192,0.00998484157026,0.0219676941633,0.709004282951,-0.704791426659
0.579700350761,-0.204664692283,1.39035189152,0.00987185817212,0.0211846549064,0.709163844585,-0.704656302929
0.579826712608,-0.206053063273,1.39019262791,0.0153513457626,0.0201424267143,0.710493445396,-0.703248023987
0.580246627331,-0.207745939493,1.39024233818,0.00978606753051,0.0217533260584,0.710905730724,-0.702882647514
0.580369770527,-0.209066927433,1.3899692297,0.00982599146664,0.0218146517873,0.712202787399,-0.701565921307
0.580680251122,-0.210418865085,1.38987588882,0.00920680910349,0.0221876073629,0.712215781212,-0.70154941082
0.581155002117,-0.211864471436,1.38983869553,0.00983902718872,0.017963571474,0.71356856823,-0.700286030769
0.581455409527,-0.213127225637,1.38974487782,0.00920392852277,0.0183280184865,0.713647127151,-0.700205147266
0.581493377686,-0.214254483581,1.389575243,0.00899721309543,0.0231913607568,0.714447855949,-0.699246525764
0.582031428814,-0.21549770236,1.38954162598,0.00877268705517,0.024445714429,0.714935481548,-0.698707938194
0.582199275494,-0.216668054461,1.38938844204,0.0100792031735,0.0189214982092,0.715537548065,-0.698245227337
0.582559347153,-0.217617362738,1.38942193985,0.00908925943077,0.0245649293065,0.71518689394,-0.698442220688
0.582701086998,-0.218660637736,1.38923954964,0.0102065587416,0.0246975775808,0.716027855873,-0.697560071945
0.583155632019,-0.219827979803,1.38915812969,0.0117278136313,0.020017310977,0.716481626034,-0.697220087051
0.583686709404,-0.220760583878,1.38914382458,0.012173358351,0.0208385586739,0.716622829437,-0.697043120861
0.58384925127,-0.22146821022,1.38915264606,0.0122019359842,0.0256956908852,0.717111766338,-0.696377456188
0.584344208241,-0.222477138042,1.38914465904,0.0140379173681,0.0210967510939,0.717446863651,-0.69615226984
0.584702670574,-0.223251402378,1.38924598694,0.014132107608,0.0267419442534,0.717464804649,-0.695937931538
0.585045933723,-0.223815351725,1.38897168636,0.0150706069544,0.0261468458921,0.717612802982,-0.69578820467
0.585393309593,-0.224466279149,1.38904094696,0.0159801617265,0.0259543210268,0.717263221741,-0.696135401726
0.585970342159,-0.225026324391,1.38921380043,0.0165318790823,0.0262337885797,0.717248558998,-0.696127295494
0.586598098278,-0.225634485483,1.38923120499,0.0173042546958,0.0269432328641,0.717211782932,-0.696119308472
0.586891591549,-0.22617790103,1.38921689987,0.0187704581767,0.0268556121737,0.71741527319,-0.695874929428
0.587440907955,-0.226569786668,1.38923513889,0.0197908710688,0.0270402804017,0.717383146286,-0.695872664452
0.588072359562,-0.226882189512,1.38935661316,0.020346486941,0.0286356862634,0.718034446239,-0.695120632648
0.588612914085,-0.227335631847,1.38944721222,0.0214819051325,0.0292144007981,0.717759013176,-0.695346772671
0.589185595512,-0.227548882365,1.38944387436,0.02238695696,0.0292721036822,0.717469096184,-0.695614814758
0.589739739895,-0.227546006441,1.38942182064,0.0231055375189,0.0291215274483,0.71705019474,-0.696029603481
0.590387880802,-0.227819308639,1.38940143585,0.0240912530571,0.0297094658017,0.716679036617,-0.696353435516
0.591025471687,-0.227603271604,1.38945734501,0.0244905781001,0.0295024868101,0.715669929981,-0.697385489941
0.59164583683,-0.22776375711,1.38951325417,0.0265017207712,0.0297815687954,0.715625107288,-0.697346031666
0.592197179794,-0.227748438716,1.38939750195,0.0271993987262,0.0299201402813,0.715158224106,-0.697792053223
0.592961609364,-0.227533683181,1.38945364952,0.0277195181698,0.0302583165467,0.714409947395,-0.698523163795
0.593593239784,-0.227447152138,1.38941824436,0.0292644575238,0.0295740943402,0.713326931,-0.699595570564
0.594299912453,-0.227205082774,1.3893789053,0.0297386609018,0.0298094339669,0.712560713291,-0.700345695019
0.594964563847,-0.226846069098,1.38926410675,0.0304181203246,0.0295329894871,0.711353719234,-0.70155441761
0.595586001873,-0.226528584957,1.38922452927,0.0321891456842,0.0294818207622,0.710622429848,-0.702218234539
0.596384823322,-0.226376444101,1.38947165012,0.0330542959273,0.0304759647697,0.709486663342,-0.703283309937
0.597081542015,-0.225805550814,1.38950455189,0.0337207242846,0.0305530950427,0.70854818821,-0.704193890095
0.597758769989,-0.225287124515,1.38942360878,0.0346183627844,0.0305194370449,0.707490980625,-0.705213904381
0.598412811756,-0.224391341209,1.38922727108,0.0349870920181,0.0297378823161,0.706558525562,-0.706163346767
0.599130749702,-0.223757311702,1.38921654224,0.036598496139,0.0293088387698,0.705271959305,-0.707384645939
0.599861741066,-0.222958609462,1.38923227787,0.0367190875113,0.029583664611,0.704014122486,-0.708618760109
0.600430130959,-0.222413361073,1.38921833038,0.0384502410889,0.0302035789937,0.704077720642,-0.708437621593
0.601060569286,-0.221375346184,1.38928818703,0.0390819869936,0.0293066650629,0.702479422092,-0.710025668144
0.601746201515,-0.220604434609,1.38925015926,0.0399127267301,0.0297471713275,0.701276600361,-0.711149275303
0.602389633656,-0.21947914362,1.38928580284,0.0398445390165,0.0274394545704,0.697445690632,-0.715002894402
0.602840602398,-0.218721166253,1.38935399055,0.0421222560108,0.0290574170649,0.698801994324,-0.713482379913
0.603505313396,-0.217326015234,1.38935983181,0.0426759272814,0.0293447338045,0.697530865669,-0.714680552483
0.604716420174,-0.216434568167,1.38945066929,0.042285297066,0.0294730123132,0.695183753967,-0.716981768608
0.605194270611,-0.215342059731,1.38934230804,0.0435720719397,0.0294239036739,0.694090306759,-0.717965364456
0.605701863766,-0.214090541005,1.38928949833,0.0449538975954,0.0288758631796,0.692694664001,-0.719249308109
0.6064696908,-0.212728708982,1.38924670219,0.0453482791781,0.0287214033306,0.690557658672,-0.72128278017
0.60704344511,-0.211409255862,1.38926887512,0.045499458909,0.0286275651306,0.68902528286,-0.7227409482
0.607531905174,-0.210028633475,1.38920378685,0.0461447052658,0.0281327608973,0.687241852283,-0.724415481091
0.608232200146,-0.208546623588,1.38931572437,0.0466422662139,0.0281464513391,0.6858060956,-0.725742638111
0.608109593391,-0.207291305065,1.3888771534,0.0489292740822,0.0275941174477,0.684109091759,-0.727213263512
0.609188497066,-0.205527096987,1.38929533958,0.0481217429042,0.0277357008308,0.682389199734,-0.728875875473
0.609769105911,-0.203930899501,1.38925778866,0.0485814027488,0.0275142304599,0.680527687073,-0.730592131615
0.610058367252,-0.202324926853,1.38926815987,0.0495800897479,0.0270234569907,0.678954839706,-0.732005417347
0.610636711121,-0.200571298599,1.38924479485,0.0498147569597,0.0268513318151,0.677097260952,-0.733714401722
0.611034214497,-0.198978453875,1.38917887211,0.0508838444948,0.0267583411187,0.675595998764,-0.735027134418
0.611449122429,-0.197257459164,1.38937199116,0.0520534701645,0.0292805172503,0.675679445267,-0.734772443771
0.61190289259,-0.195141166449,1.3894187212,0.0493317842484,0.0283753834665,0.67083209753,-0.739422500134
0.612364888191,-0.193370595574,1.38950371742,0.0499931313097,0.0283468775451,0.668720066547,-0.741289794445
0.61268144846,-0.191533312201,1.38960444927,0.0512436665595,0.0281417407095,0.668184041977,-0.741695582867
0.613018393517,-0.189843475819,1.38979125023,0.0538911744952,0.0300685465336,0.66858458519,-0.741071105003
0.613285839558,-0.187408775091,1.38997912407,0.0537955015898,0.0280611831695,0.665126085281,-0.744262039661
0.613719940186,-0.185924887657,1.39017295837,0.0551848374307,0.0296782460064,0.664775788784,-0.744410574436
0.613856375217,-0.184238672256,1.38966429234,0.056815430522,0.0309035498649,0.662700951099,-0.74608618021
0.614277482033,-0.181201845407,1.39000225067,0.052947871387,0.0278238840401,0.655611395836,-0.75272578001
0.614806294441,-0.179746836424,1.38997769356,0.0546963363886,0.0291518997401,0.654436349869,-0.753572642803
0.61501967907,-0.177495211363,1.39056873322,0.0552762374282,0.028267076239,0.652926385403,-0.754872620106
0.615100800991,-0.175712540746,1.39075446129,0.0581721924245,0.0293963998556,0.653166413307,-0.754404187202
0.615316808224,-0.173269510269,1.39083194733,0.0568930022418,0.0281595941633,0.648803830147,-0.758303284645
0.615443587303,-0.17137992382,1.39090430737,0.0597061254084,0.0297938752919,0.649096786976,-0.757773697376
0.615633785725,-0.169183403254,1.39100646973,0.0601645186543,0.0302619952708,0.646988689899,-0.759519636631
0.615738987923,-0.166642576456,1.39106523991,0.0594453588128,0.0276269633323,0.642051100731,-0.763854324818
0.615693151951,-0.164501070976,1.39122247696,0.0605996027589,0.0291258897632,0.640276968479,-0.765196025372
0.615649580956,-0.161942392588,1.39121484756,0.0625653415918,0.0296646561474,0.640117704868,-0.7651501894
0.615860164165,-0.159514755011,1.39140737057,0.0633211731911,0.0305076539516,0.638537585735,-0.766374349594
0.616051614285,-0.157700404525,1.39137172699,0.064598031342,0.0316699370742,0.637102067471,-0.767414569855
0.615818202496,-0.155217170715,1.39150619507,0.064787261188,0.0287535432726,0.631852388382,-0.77184098959
0.616306781769,-0.153063639998,1.39187574387,0.0665634796023,0.0326946675777,0.633526742458,-0.770158588886
0.616399645805,-0.150533273816,1.3919583559,0.0653868913651,0.0315032228827,0.628199577332,-0.774659574032
0.616359710693,-0.147591620684,1.39208245277,0.0656724125147,0.0315713174641,0.626492381096,-0.776014089584
0.616423845291,-0.145697206259,1.39170753956,0.0682275220752,0.0332116521895,0.626381695271,-0.77581435442
0.616285800934,-0.142799526453,1.3919044733,0.0697802603245,0.0339906439185,0.62543296814,-0.776407778263
0.616432666779,-0.140549704432,1.39192581177,0.0709944367409,0.0352006554604,0.624176442623,-0.777254462242
0.616561412811,-0.138273492455,1.39217638969,0.0719465836883,0.0373873151839,0.623485743999,-0.777619063854
0.616594910622,-0.135711178184,1.3922894001,0.0710365027189,0.03551883623,0.618408739567,-0.781832993031
0.616633117199,-0.133395269513,1.39241290092,0.0740525498986,0.0384984724224,0.620062828064,-0.780100047588
0.616585075855,-0.130254328251,1.39260911942,0.0722853913903,0.0365222282708,0.6152125597,-0.784190356731
0.616723299026,-0.128055766225,1.39274549484,0.0739339068532,0.0382237322628,0.614349484444,-0.784632027149
0.616646170616,-0.124979197979,1.3928527832,0.073109485209,0.0403427891433,0.613086462021,-0.785590529442
0.616698920727,-0.122991040349,1.39307832718,0.0763676986098,0.0414085648954,0.61263012886,-0.785581111908
0.616609990597,-0.120498090982,1.39317536354,0.0773505121469,0.0418521203101,0.610864043236,-0.786835730076
0.616555631161,-0.117825739086,1.39332592487,0.0783271417022,0.0426084585488,0.609386146069,-0.787843883038
0.616393744946,-0.115247115493,1.39341187477,0.0787850171328,0.0443415082991,0.608477473259,-0.788404643536
0.616365432739,-0.112578585744,1.39354896545,0.0804082378745,0.0451073758304,0.608069479465,-0.788512170315
0.61626213789,-0.109881073236,1.39363336563,0.0804587826133,0.0465959869325,0.606790065765,-0.789405524731
0.616132080555,-0.107276216149,1.39372634888,0.0822841227055,0.0451638400555,0.605107426643,-0.790591239929
0.615971982479,-0.104111589491,1.39390134811,0.0820824801922,0.0455022193491,0.602163672447,-0.792837321758
0.615851283073,-0.101486161351,1.39406895638,0.0824278667569,0.0468770973384,0.60124874115,-0.793415486813
0.615754663944,-0.0989397317171,1.39414286613,0.0840298980474,0.0482131429017,0.601092040539,-0.793286085129
0.615521848202,-0.0962916314602,1.39416706562,0.0860450938344,0.0485101677477,0.599112153053,-0.794548749924
