x,y,z,q0,q1,q2,q3
-0.511650800705,-0.229432672262,0.792126774788,0.556261301041,-0.373686373234,0.709001719952,0.219655096531
-0.51144516468,-0.230552271008,0.792720258236,0.559209704399,-0.370660454035,0.708258032799,0.219695061445
-0.511209845543,-0.23103992641,0.792433738708,0.554924607277,-0.372532486916,0.710756123066,0.219326019287
-0.511184930801,-0.231877297163,0.792698025703,0.555344462395,-0.372409343719,0.71056073904,0.21910585463
-0.511234879494,-0.232807904482,0.793211460114,0.556554198265,-0.374350875616,0.70884847641,0.218272402883
-0.511344492435,-0.233932733536,0.793356060982,0.556740105152,-0.373776763678,0.70891392231,0.218569517136
-0.511253297329,-0.234743922949,0.793425023556,0.556481957436,-0.374112457037,0.709256947041,0.217537298799
-0.511175632477,-0.235605895519,0.793597877026,0.556734681129,-0.370756387711,0.710574865341,0.218333929777
-0.511064291,-0.236352354288,0.793919801712,0.556239008904,-0.369806855917,0.711436927319,0.218400016427
-0.511068820953,-0.237263485789,0.794386744499,0.557226896286,-0.371610075235,0.709906518459,0.217800274491
-0.510981142521,-0.238017380238,0.794332265854,0.556317925453,-0.369580864906,0.711446285248,0.218551039696
-0.510998487473,-0.239034980536,0.794467449188,0.555953145027,-0.369475692511,0.712026178837,0.217767566442
-0.510809779167,-0.23986043036,0.794765472412,0.555433034897,-0.369726002216,0.712442815304,0.217306703329
-0.511093497276,-0.240911871195,0.794955611229,0.557291805744,-0.37001106143,0.710771620274,0.217534631491
-0.510973095894,-0.241790115833,0.795356869698,0.557986855507,-0.368930697441,0.710815668106,0.217444166541
-0.511172950268,-0.244473129511,0.79702270031,0.569066345692,-0.348330467939,0.713132441044,0.215107962489
-0.510845661163,-0.243717253208,0.795751810074,0.557330667973,-0.367523729801,0.712476789951,0.216068729758
-0.511034727097,-0.244830742478,0.79628354311,0.559476137161,-0.36984616518,0.709727048874,0.215610414743
-0.510936141014,-0.245719209313,0.79617190361,0.558596909046,-0.36687296629,0.711897432804,0.215814188123
-0.511217415333,-0.248480856419,0.798161268234,0.571064352989,-0.348526597023,0.712145864964,0.212751403451
-0.511178791523,-0.248062029481,0.796738088131,0.560049057007,-0.368219137192,0.710592091084,0.214053049684
-0.510886132717,-0.249064132571,0.797192335129,0.561934530735,-0.361998856068,0.711760759354,0.215830877423
-0.510949671268,-0.249964445829,0.797021508217,0.559197664261,-0.365600913763,0.712571144104,0.214187771082
-0.510824382305,-0.251086205244,0.79729282856,0.559647023678,-0.365323960781,0.712508022785,0.21369625628
-0.510787904263,-0.252161622047,0.797477006912,0.560236215591,-0.365159153938,0.71221023798,0.21342664957
-0.510612785816,-0.253579676151,0.798041582108,0.562327980995,-0.360822021961,0.712664008141,0.213786751032
-0.510542213917,-0.254664123058,0.798250198364,0.562598645687,-0.360346764326,0.712665915489,0.213869988918
-0.51064735651,-0.255813449621,0.79818546772,0.560442626476,-0.362881541252,0.713265240192,0.213245913386
-0.510754704475,-0.258671730757,0.799847602844,0.571217536926,-0.343507677317,0.714871346951,0.211357191205
-0.510536849499,-0.258400499821,0.798799216747,0.561712086201,-0.365006148815,0.711799919605,0.211165726185
-0.510197639465,-0.259583175182,0.79849588871,0.559910416603,-0.360722213984,0.714975297451,0.212579920888
-0.510241031647,-0.261123746634,0.799178719521,0.561962485313,-0.364627033472,0.712132811546,0.210029140115
-0.510348618031,-0.264116168022,0.801041185856,0.573268413544,-0.344480365515,0.713290154934,0.209556177258
-0.51005256176,-0.264095187187,0.799503564835,0.561298668385,-0.362382203341,0.713900327682,0.209689021111
-0.509884059429,-0.265459507704,0.799687743187,0.560942292213,-0.36249268055,0.714039921761,0.209975972772
-0.509360790253,-0.266647011042,0.799410402775,0.559409201145,-0.358738005161,0.716772913933,0.211198836565
-0.509616434574,-0.269815891981,0.801370382309,0.572201669216,-0.341211348772,0.715878903866,0.2089920789
-0.509471714497,-0.271357566118,0.801476478577,0.572159409523,-0.340500444174,0.716202497482,0.209157973528
-0.509390771389,-0.273018032312,0.801720321178,0.571303606033,-0.342166364193,0.71619194746,0.208814308047
-0.509052991867,-0.27312451601,0.800464272499,0.563489794731,-0.360176593065,0.713365137577,0.209433406591
-0.508582115173,-0.27448502183,0.800495266914,0.56240773201,-0.357864677906,0.714943468571,0.210918426514
-0.508801937103,-0.277884602547,0.802235007286,0.573598384857,-0.341892451048,0.714609503746,0.208393514156
-0.508280336857,-0.277857661247,0.80081230402,0.56138831377,-0.359991401434,0.71494948864,0.209992185235
-0.50788295269,-0.279300898314,0.800747036934,0.561652243137,-0.357830613852,0.71567428112,0.210509940982
-0.50762450695,-0.280976772308,0.800926923752,0.56153434515,-0.357380032539,0.71570712328,0.21147583425
-0.507465422153,-0.284250020981,0.80261027813,0.570983171463,-0.336465209723,0.718828380108,0.209893077612
-0.507141232491,-0.284466773272,0.801170945168,0.560592114925,-0.355386257172,0.717340648174,0.211800932884
-0.506646633148,-0.286007523537,0.800980210304,0.560967862606,-0.354168623686,0.717689990997,0.211662188172
-0.506579637527,-0.289237469435,0.802844166756,0.570198953152,-0.336946547031,0.719016134739,0.210608750582
-0.506296217442,-0.289612084627,0.801434874535,0.560628652573,-0.357358902693,0.716477811337,0.211304828525
-0.505964398384,-0.291173100471,0.801654875278,0.561624705791,-0.357099741697,0.715814292431,0.211346194148
-0.505662500858,-0.292954146862,0.801819324493,0.562359809875,-0.357267230749,0.715065777302,0.21164290607
-0.505320310593,-0.294617593288,0.8019541502,0.560707569122,-0.355289340019,0.717219531536,0.212067782879
-0.505137860775,-0.296529233456,0.801924943924,0.561986267567,-0.355594456196,0.71584880352,0.212801709771
-0.504773318768,-0.2982416749,0.801917850971,0.561912477016,-0.356276154518,0.715867578983,0.211791038513
-0.504312574863,-0.299694061279,0.802051186562,0.559632718563,-0.354540973902,0.718267798424,0.212610989809
-0.504116356373,-0.301530957222,0.801935553551,0.56120467186,-0.356626063585,0.715986669064,0.212674349546
-0.503658592701,-0.302904874086,0.801807761192,0.558542966843,-0.35372748971,0.719428598881,0.21290628612
-0.503215253353,-0.304531693459,0.801835477352,0.558310627937,-0.352817595005,0.719553887844,0.214595362544
-0.502808690071,-0.306406408548,0.802206873894,0.56135648489,-0.348983764648,0.71879440546,0.215462088585
-0.502575993538,-0.307866901159,0.801971793175,0.5603094697,-0.351725935936,0.718328773975,0.215281069279
-0.502331614494,-0.30970069766,0.802063941956,0.559272706509,-0.353886187077,0.71836745739,0.214305818081
-0.502115726471,-0.311106443405,0.801798701286,0.558820903301,-0.352426439524,0.719079315662,0.215499088168
-0.50140607357,-0.312506198883,0.801897585392,0.557904720306,-0.352998524904,0.719709515572,0.214831694961
-0.50133484602,-0.315574318171,0.803392410278,0.567452549934,-0.332852572203,0.721922039986,0.214558437467
-0.501061201096,-0.31579092145,0.802032470703,0.558371603489,-0.353980064392,0.718974351883,0.21446479857
-0.500434875488,-0.317077994347,0.801878809929,0.556981682777,-0.3521476686,0.72080630064,0.214945718646
-0.500014007092,-0.318662017584,0.802291870117,0.559453547001,-0.347612202168,0.720639705658,0.216462120414
-0.499882698059,-0.319937795401,0.80190718174,0.557151019573,-0.351056516171,0.721057653427,0.215448543429
-0.499628126621,-0.321395725012,0.802164316177,0.558330655098,-0.352287054062,0.719675898552,0.215005755424
-0.499162077904,-0.322765260935,0.80183494091,0.557627797127,-0.351044654846,0.720670938492,0.21552811563
-0.499021291733,-0.32403588295,0.802056312561,0.557973146439,-0.352762788534,0.719706296921,0.215051814914
-0.498786389828,-0.325407087803,0.801712810993,0.558490395546,-0.350545704365,0.7202039361,0.215667918324
-0.498375475407,-0.326659798622,0.80199098587,0.558163046837,-0.351710706949,0.720082104206,0.215024232864
-0.498372703791,-0.329670608044,0.803315043449,0.568229436874,-0.33535066247,0.720576763153,0.213129937649
-0.497941493988,-0.329283922911,0.801778793335,0.55810958147,-0.353303879499,0.719697058201,0.21383716166
-0.497640222311,-0.330395847559,0.801586747169,0.557172060013,-0.353457123041,0.720220267773,0.214266523719
-0.497093617916,-0.331335842609,0.801562428474,0.556809008121,-0.350241661072,0.721871137619,0.21493409574
-0.496792972088,-0.332534492016,0.801532745361,0.557543218136,-0.350245922804,0.721510946751,0.21423201263
-0.496544033289,-0.33357205987,0.801401615143,0.556746304035,-0.35084682703,0.72199267149,0.213697865605
-0.496272742748,-0.334618628025,0.801369488239,0.556981563568,-0.349904954433,0.722272872925,0.213682174683
-0.495970249176,-0.335662335157,0.801238119602,0.55640566349,-0.350802659988,0.722458541393,0.213081791997
-0.495681405067,-0.336686760187,0.801225066185,0.557493209839,-0.350960582495,0.721723139286,0.21247074008
-0.495396733284,-0.337577998638,0.801015138626,0.557190299034,-0.351507306099,0.721869111061,0.211864635348
-0.495139658451,-0.338580489159,0.80072414875,0.557109057903,-0.348825603724,0.722912311554,0.212951138616
-0.494935572147,-0.339525699615,0.800737857819,0.556999027729,-0.351298540831,0.722148954868,0.211759909987
-0.494366496801,-0.340282946825,0.800397574902,0.556630074978,-0.348447084427,0.723760664463,0.211938664317
-0.494141310453,-0.341226577759,0.800287783146,0.557501196861,-0.350049287081,0.722697615623,0.210632428527
-0.493928134441,-0.342137902975,0.80010163784,0.557656407356,-0.34887829423,0.72324103117,0.210299044847
-0.493720263243,-0.342910736799,0.799927651882,0.556988179684,-0.348857015371,0.723736166954,0.210402175784
-0.493426024914,-0.343912214041,0.799754500389,0.557697892189,-0.349321871996,0.723390758038,0.208933264017
-0.4932718575,-0.344700217247,0.799576401711,0.557177245617,-0.34990850091,0.723652362823,0.208434104919
-0.493075370789,-0.345553040504,0.799468576908,0.557703495026,-0.349034190178,0.723830223083,0.207874417305
-0.492809534073,-0.346400409937,0.79914522171,0.557692825794,-0.350412219763,0.723520338535,0.206659942865
-0.49282181263,-0.348636895418,0.800457954407,0.567279160023,-0.33197170496,0.724939703941,0.206038221717
-0.492442935705,-0.348043322563,0.798753857613,0.557536542416,-0.350857704878,0.723567843437,0.206158459187
-0.492274224758,-0.348789960146,0.798607945442,0.557765841484,-0.353212833405,0.72250944376,0.205226972699
-0.492156982422,-0.349659919739,0.79846227169,0.558798670769,-0.352940738201,0.721885144711,0.205082029104
-0.491904258728,-0.350381582975,0.797904789448,0.558164060116,-0.35319018364,0.722334861755,0.204797357321
-0.491786748171,-0.351089090109,0.797568440437,0.557728469372,-0.353931337595,0.722322285175,0.204748883843
-0.491683751345,-0.351941972971,0.797320067883,0.558055639267,-0.353850662708,0.722223937511,0.204343482852
-0.491603761911,-0.352750480175,0.796952366829,0.558056771755,-0.354492157698,0.72209250927,0.203691765666
-0.49169036746,-0.353396207094,0.796595096588,0.557599782944,-0.354553729296,0.722367227077,0.203862518072
-0.491746515036,-0.354230076075,0.796336293221,0.558325231075,-0.357816278934,0.72065281868,0.202237412333
-0.491800665855,-0.354965597391,0.795988082886,0.559100568295,-0.358375489712,0.719792962074,0.202167659998
-0.491933435202,-0.355813354254,0.795692205429,0.56042021513,-0.357750952244,0.719286084175,0.201422512531
-0.491998165846,-0.356599003077,0.795119643211,0.56043189764,-0.357634603977,0.719198286533,0.201909720898
-0.492198556662,-0.357382625341,0.794693827629,0.560363590717,-0.357779622078,0.719424426556,0.2010345608
-0.492389321327,-0.358123391867,0.794265508652,0.560473144054,-0.357892602682,0.719374775887,0.200705677271
-0.4927046597,-0.358914166689,0.793925464153,0.561464965343,-0.357106894255,0.71877270937,0.20148833096
-0.49299377203,-0.359876334667,0.793482422829,0.562709391117,-0.356109023094,0.718528866768,0.200651481748
-0.493409901857,-0.360717207193,0.793137073517,0.565250515938,-0.354923695326,0.7171266675,0.200624957681
-0.493647933006,-0.361530154943,0.792687654495,0.564376711845,-0.354798197746,0.718186020851,0.199514523149
-0.493916600943,-0.362430930138,0.792267918587,0.565194606781,-0.354749470949,0.717660546303,0.199176296592
-0.49431347847,-0.363406419754,0.791883587837,0.566410660744,-0.353098481894,0.717637181282,0.198739424348
-0.494586229324,-0.364384531975,0.791490674019,0.567817926407,-0.352953761816,0.716805040836,0.19798232615
-0.49505341053,-0.365424692631,0.791188120842,0.57015645504,-0.35474100709,0.71448045969,0.196464180946
-0.495197623968,-0.366297632456,0.790637373924,0.568721175194,-0.353841274977,0.715948104858,0.196903586388
-0.495757997036,-0.367485135794,0.790378093719,0.571795523167,-0.35400018096,0.713683247566,0.195933505893
-0.496009886265,-0.368454039097,0.789995908737,0.570768237114,-0.353125154972,0.714634537697,0.197037443519
-0.496324032545,-0.369580477476,0.789323449135,0.570482432842,-0.353109300137,0.715072870255,0.196301996708
-0.49656701088,-0.37061098218,0.788910269737,0.570758223534,-0.353546112776,0.714602172375,0.196427807212
-0.496987640858,-0.37186306715,0.788542568684,0.573023855686,-0.352598160505,0.713264167309,0.196398973465
-0.497364610434,-0.373142838478,0.788385868073,0.574198663235,-0.353824883699,0.711868405342,0.195824682713
-0.497439354658,-0.374168157578,0.787695407867,0.572005748749,-0.354170888662,0.71325981617,0.196552634239
-0.497672349215,-0.375451385975,0.787320911884,0.572337090969,-0.35365203023,0.713330090046,0.196266725659
-0.498051643372,-0.376652449369,0.786939740181,0.573689341545,-0.353602170944,0.711900770664,0.19759401679
-0.498255848885,-0.37803375721,0.786473929882,0.574323713779,-0.353476107121,0.711608409882,0.197029069066
-0.498578071594,-0.37932279706,0.786123514175,0.574411094189,-0.353390723467,0.711609840393,0.196922689676
-0.498767346144,-0.380569785833,0.785881876945,0.573464691639,-0.35458946228,0.711715042591,0.197145223618
-0.498904109001,-0.381942808628,0.785330355167,0.573574244976,-0.353080809116,0.712192356586,0.197809621692
-0.499153703451,-0.383381038904,0.784998774529,0.574481785297,-0.352419018745,0.711785554886,0.197820544243
-0.499331742525,-0.384657770395,0.784580469131,0.574370622635,-0.351988732815,0.711824893951,0.198765724897
-0.499510288239,-0.386029690504,0.784113585949,0.573934078217,-0.352310657501,0.712089598179,0.19850794971
-0.499810010195,-0.387472629547,0.783918976784,0.575010955334,-0.352105915546,0.711249470711,0.198766618967
-0.499996989965,-0.388900578022,0.78358566761,0.575855433941,-0.350517600775,0.711239159107,0.199165642262
-0.500166416168,-0.390125900507,0.783152341843,0.574791610241,-0.349979609251,0.712093234062,0.200130388141
-0.500301480293,-0.391500681639,0.78281712532,0.574497640133,-0.348727107048,0.712610125542,0.201317355037
-0.500320732594,-0.393165230751,0.782432436943,0.575763404369,-0.35015758872,0.711064815521,0.200681105256
-0.500536084175,-0.39420118928,0.781891524792,0.573997437954,-0.348937362432,0.712589323521,0.202450484037
-0.500641822815,-0.39584890008,0.781673252583,0.574850738049,-0.350534141064,0.711042821407,0.202708497643
-0.50078189373,-0.397248238325,0.781289339066,0.574323892593,-0.349917441607,0.711632192135,0.203198209405
-0.500894546509,-0.39858970046,0.780978500843,0.574032604694,-0.351374804974,0.71100217104,0.20371106267
-0.501112401485,-0.400000393391,0.780699968338,0.575596809387,-0.350892305374,0.709549486637,0.205188661814
-0.501188457012,-0.401375710964,0.780391216278,0.575632035732,-0.350506395102,0.709442913532,0.206116244197
-0.501124501228,-0.402481108904,0.77999818325,0.572751522064,-0.351556450129,0.710958778858,0.20712633431
-0.501208603382,-0.403858453035,0.779688417912,0.572823822498,-0.351664721966,0.710829436779,0.207186609507
-0.501286029816,-0.405202656984,0.779507994652,0.57259863615,-0.351949185133,0.710715770721,0.207715570927
-0.501400232315,-0.406429499388,0.779188990593,0.571753323078,-0.352698862553,0.710615038872,0.209112346172
-0.501519024372,-0.407672762871,0.778953492641,0.571645259857,-0.352133095264,0.710666716099,0.21018306911
-0.501641213894,-0.408807277679,0.778658688068,0.571316957474,-0.352255672216,0.71063297987,0.210982784629
-0.501740932465,-0.41004344821,0.778498589993,0.57114470005,-0.352878153324,0.710353136063,0.211350888014
-0.501799046993,-0.411154985428,0.778316617012,0.570506334305,-0.352031290531,0.71079736948,0.212987333536
-0.50185495615,-0.412207663059,0.777903974056,0.569831430912,-0.353838205338,0.710244715214,0.213642537594
-0.502002120018,-0.413261443377,0.777756333351,0.570115983486,-0.353036224842,0.710092663765,0.2147128582
-0.502071857452,-0.414275169373,0.777476012707,0.569299697876,-0.353873193264,0.71012699604,0.215386390686
-0.502290248871,-0.415395796299,0.777458429337,0.570735275745,-0.35409873724,0.708486437798,0.216615617275
-0.502241969109,-0.41619437933,0.777219891548,0.568704843521,-0.35391741991,0.709770739079,0.218043074012
-0.502381026745,-0.417140364647,0.776966929436,0.569875180721,-0.35518014431,0.708063900471,0.21848282218
-0.502507030964,-0.418002605438,0.776831388474,0.569519042969,-0.354451805353,0.708194196224,0.220166057348
-0.502620637417,-0.418762922287,0.776667714119,0.569358170033,-0.354979008436,0.707717120647,0.221263647079
-0.502901256084,-0.421112686396,0.778053283691,0.579393386841,-0.337890654802,0.708086788654,0.220785915852
-0.502693772316,-0.420216321945,0.77627146244,0.566892623901,-0.357064247131,0.708212018013,0.222651362419
-0.50325769186,-0.422476559877,0.777831614017,0.579192757607,-0.337332040071,0.707831919193,0.222972512245
-0.502967000008,-0.421405613422,0.775875985622,0.565964818001,-0.358365893364,0.707783162594,0.224278241396
-0.503448367119,-0.423542141914,0.777477800846,0.578590869904,-0.338838279247,0.707002699375,0.224874272943
-0.503340482712,-0.422482132912,0.775681734085,0.566902339458,-0.358080774546,0.706637620926,0.22597207129
-0.503689527512,-0.424382179976,0.777150928974,0.577497899532,-0.339430719614,0.707378089428,0.22560878098
-0.50349676609,-0.423122704029,0.775473356247,0.565267384052,-0.358025491238,0.707505047321,0.227436035872
-0.503810286522,-0.424922853708,0.776918768883,0.575820028782,-0.339519917965,0.708142757416,0.227357372642
-0.5036444664,-0.423716276884,0.775253534317,0.565139651299,-0.35918956995,0.70665794611,0.228549212217
-0.503989636898,-0.425393730402,0.776707649231,0.575415432453,-0.341050386429,0.707522809505,0.228020235896
-0.503884732723,-0.423919200897,0.774936676025,0.563733100891,-0.361146479845,0.706487417221,0.229464247823
-0.504211544991,-0.425587415695,0.776523292065,0.574975311756,-0.341566115618,0.70726364851,0.229159459472
-0.504139721394,-0.423966765404,0.77475643158,0.563169360161,-0.361688554287,0.706330478191,0.230475664139
-0.504487276077,-0.425512939692,0.776368677616,0.574510037899,-0.342425405979,0.706971287727,0.229944929481
-0.504360198975,-0.423838287592,0.774628162384,0.562887191772,-0.362279266119,0.706040203571,0.231125101447
-0.504722118378,-0.425215393305,0.776199579239,0.573859751225,-0.343361288309,0.706790626049,0.230727374554
-0.504781782627,-0.42348113656,0.77452981472,0.563703536987,-0.36195191741,0.70513099432,0.232421010733
-0.505065381527,-0.42471331358,0.776075720787,0.57481855154,-0.343346834183,0.70558989048,0.232033550739
-0.504915177822,-0.422721028328,0.774266719818,0.562660813332,-0.359587371349,0.706446588039,0.23461279273
-0.505154371262,-0.423858880997,0.775772511959,0.573954224586,-0.341684341431,0.706610560417,0.233516469598
-0.505033195019,-0.42191106081,0.774129986763,0.562590003014,-0.360764563084,0.705830872059,0.234828397632
-0.505541980267,-0.423100054264,0.775888323784,0.572859525681,-0.343758136034,0.706639647484,0.233072593808
-0.505391299725,-0.421006917953,0.774118900299,0.560775578022,-0.364383161068,0.705673754215,0.234051689506
-0.505680263042,-0.422008812428,0.775830984116,0.572711288929,-0.344388127327,0.706179499626,0.233900159597
-0.505484640598,-0.419629126787,0.77398121357,0.560287952423,-0.365230113268,0.705298185349,0.235029518604
-0.505824506283,-0.42066898942,0.77571439743,0.572591304779,-0.344481736422,0.706249952316,0.233843043447
-0.505653262138,-0.418227285147,0.773935496807,0.560417950153,-0.366957247257,0.7044506073,0.234570756555
-0.506041526794,-0.419015944004,0.775490641594,0.572477221489,-0.347680866718,0.704580843449,0.234422251582
-0.505730628967,-0.416452527046,0.773829936981,0.55904597044,-0.36715221405,0.704926729202,0.236104518175
-0.505762934685,-0.415629714727,0.773847818375,0.5593277812,-0.367897957563,0.704488456249,0.235583633184
-0.50589466095,-0.415877729654,0.775503396988,0.570485413074,-0.351656764746,0.703542292118,0.236457377672
-0.505886971951,-0.413583934307,0.77385187149,0.559149503708,-0.368860572577,0.704289495945,0.23509606719
-0.50602543354,-0.412528902292,0.773921847343,0.559038698673,-0.369638979435,0.703742444515,0.235774293542
-0.506040930748,-0.411464929581,0.773884892464,0.558610498905,-0.370104730129,0.703791558743,0.235911235213
-0.506104230881,-0.410216242075,0.773851454258,0.558425486088,-0.370400816202,0.703754603863,0.235995158553
-0.506256341934,-0.409047871828,0.77386957407,0.558363258839,-0.371033161879,0.703506529331,0.235889151692
-0.506278574467,-0.40771073103,0.773914694786,0.558142483234,-0.370468825102,0.703813016415,0.236383363605
-0.50629991293,-0.406467527151,0.773965120316,0.558613598347,-0.372256457806,0.702608346939,0.236045762897
-0.506419479847,-0.405044019222,0.774115085602,0.558785617352,-0.371460914612,0.702570438385,0.237002640963
-0.506276369095,-0.403694331646,0.774079561234,0.559621214867,-0.366500914097,0.704378068447,0.237387761474
-0.506471276283,-0.402138411999,0.774170517921,0.558443725109,-0.372931450605,0.702465832233,0.235806256533
-0.50652551651,-0.400469094515,0.77388048172,0.556345701218,-0.3701826334,0.705194234848,0.236949935555
-0.506559729576,-0.398957312107,0.774022340775,0.557854950428,-0.370610922575,0.704183518887,0.235734984279
-0.506625294685,-0.397508561611,0.774475216866,0.558904409409,-0.374906033278,0.701373398304,0.23483364284
-0.508027374744,-0.395880371332,0.774113416672,0.555992245674,-0.367962986231,0.706460177898,0.237465709448
-0.506552040577,-0.394282698631,0.774680376053,0.559755384922,-0.377214640379,0.700055539608,0.233035176992
-0.507705152035,-0.39262586832,0.774599790573,0.557132959366,-0.373055875301,0.703482329845,0.235679581761
-0.50646263361,-0.390759885311,0.774929404259,0.559174716473,-0.37875109911,0.699968397617,0.232197523117
-0.506722569466,-0.389334648848,0.775472760201,0.560767173767,-0.38417160511,0.696429014206,0.230084985495
-0.506518602371,-0.38730853796,0.775577068329,0.561288118362,-0.383682668209,0.69582092762,0.2314658463
-0.505990684032,-0.385201305151,0.775515198708,0.559206902981,-0.382673740387,0.698027670383,0.231529638171
-0.506472468376,-0.383818328381,0.776120781898,0.562036752701,-0.389980196953,0.692574858665,0.228845268488
-0.505634367466,-0.381337881088,0.775969803333,0.558727383614,-0.387640029192,0.695825457573,0.231053888798
-0.505467534065,-0.379303693771,0.776233255863,0.558049738407,-0.389786779881,0.694887638092,0.231900691986
-0.505424201488,-0.377401798964,0.776827514172,0.559140980244,-0.395234078169,0.691379129887,0.230534821749
-0.504864156246,-0.37510818243,0.776898145676,0.556357085705,-0.398750811815,0.691099405289,0.232047572732
-0.504532754421,-0.372959852219,0.777299404144,0.556342363358,-0.402132600546,0.688928127289,0.232702895999
-0.503905177116,-0.370972067118,0.778187274933,0.558880269527,-0.403467029333,0.685651123524,0.233987063169
-0.503518164158,-0.368497669697,0.778340816498,0.554766714573,-0.411933660507,0.684144496918,0.233433052897
-0.502758741379,-0.366127580404,0.778878986835,0.554834902287,-0.416525214911,0.681198120117,0.233739584684
-0.502176165581,-0.363732933998,0.779564023018,0.553772985935,-0.420743018389,0.679381549358,0.233990877867
-0.501297414303,-0.361343860626,0.780282378197,0.553475439548,-0.425155073404,0.676946640015,0.233776494861
-0.500305294991,-0.358909070492,0.780981779099,0.553081452847,-0.431971997023,0.673612833023,0.231833934784
-0.499312579632,-0.357516855001,0.783224225044,0.563053607941,-0.420012742281,0.672631442547,0.23265221715
-0.4979801476,-0.354719460011,0.784086167812,0.562562406063,-0.425580501556,0.669677913189,0.232241734862
-0.496630251408,-0.352073818445,0.784903526306,0.561882019043,-0.428646296263,0.668781995773,0.230828419328
-0.495197802782,-0.349436730146,0.785952329636,0.561363756657,-0.431779354811,0.667866706848,0.228891536593
-0.493521541357,-0.346470624208,0.786986351013,0.560136020184,-0.437374770641,0.665949106216,0.226854130626
-0.49180752039,-0.343643933535,0.788088083267,0.559053242207,-0.441554993391,0.664802670479,0.224780127406
-0.490020155907,-0.340749979019,0.789456546307,0.558363974094,-0.445547670126,0.663375616074,0.222822740674
-0.487970888615,-0.337654620409,0.79069340229,0.556659817696,-0.449994891882,0.662665247917,0.220248326659
-0.485665082932,-0.333649665117,0.791132748127,0.546663582325,-0.465043008327,0.66184926033,0.216447725892
-0.483463436365,-0.330329060555,0.792225837708,0.541850984097,-0.472651183605,0.661820232868,0.212114110589
-0.481114208698,-0.327096134424,0.793812990189,0.539576649666,-0.477966427803,0.66091632843,0.208793446422
-0.478528022766,-0.323810964823,0.795595169067,0.537220358849,-0.483753025532,0.659425318241,0.206241711974
-0.475910961628,-0.32040309906,0.797505617142,0.534934699535,-0.487790584564,0.658817648888,0.204608306289
-0.473089396954,-0.316926240921,0.799269795418,0.531185984612,-0.495096623898,0.657521128654,0.200964719057
-0.470249265432,-0.313515216112,0.801391124725,0.528346002102,-0.5003708601,0.656921386719,0.197316244245
-0.467385470867,-0.309830009937,0.803622424603,0.52562969923,-0.506591558456,0.65531206131,0.194021731615
-0.464400827885,-0.306239962578,0.805960893631,0.522726476192,-0.513600409031,0.653013944626,0.191166162491
-0.461197793484,-0.302377939224,0.808261454105,0.517554104328,-0.521659970284,0.651680350304,0.187939926982
-0.458977043629,-0.29868221283,0.81088078022,0.506668865681,-0.527073800564,0.655206084251,0.19022347033
-0.455703228712,-0.294908761978,0.813531041145,0.503058254719,-0.534982264042,0.65290760994,0.185574710369
-0.451999664307,-0.290840536356,0.816247522831,0.508307874203,-0.542337477207,0.645329415798,0.176190957427
-0.448704123497,-0.286985456944,0.819188714027,0.505820333958,-0.54785579443,0.643572926521,0.172666475177
-0.445686608553,-0.28302398324,0.82235378027,0.493085771799,-0.555141270161,0.6467435956,0.174377337098
-0.442186772823,-0.278782248497,0.825194954872,0.487355291843,-0.563569128513,0.644857048988,0.170393630862
-0.438576310873,-0.27501899004,0.828344941139,0.494147956371,-0.573296427727,0.634099423885,0.15832619369
-0.435516774654,-0.270963311195,0.83189702034,0.490965694189,-0.581075668335,0.630341529846,0.154833242297
-0.431852310896,-0.266898304224,0.835066080093,0.486425161362,-0.59070289135,0.626349925995,0.148817613721
-0.428181141615,-0.262373834848,0.838129520416,0.479048639536,-0.59806317091,0.625725865364,0.145945012569
-0.42448592186,-0.25812163949,0.84179931879,0.476815491915,-0.602773427963,0.623349249363,0.144038304687
-0.421130895615,-0.254254341125,0.845297813416,0.472707390785,-0.613648831844,0.617749631405,0.135530114174
-0.417145758867,-0.249703496695,0.848844647408,0.467707365751,-0.61781001091,0.618130207062,0.13219602406
-0.413160324097,-0.245487779379,0.85235452652,0.463377833366,-0.625942647457,0.614420711994,0.126348108053
-0.409786880016,-0.24123364687,0.856197357178,0.45915555954,-0.631042063236,0.613284707069,0.121836617589
-0.406388223171,-0.237340956926,0.860136032104,0.457941830158,-0.634958744049,0.611139953136,0.116724818945
-0.402943134308,-0.232836455107,0.864146471024,0.455212295055,-0.638835132122,0.609766304493,0.113387078047
-0.39929574728,-0.228993207216,0.867455542088,0.450957119465,-0.644571900368,0.608355760574,0.105206370354
-0.396122664213,-0.224337756634,0.871639788151,0.446477562189,-0.651874423027,0.60419023037,0.103303916752
-0.392355382442,-0.220199018717,0.875278770924,0.443663805723,-0.658156812191,0.60034507513,0.0978657826781
-0.389666795731,-0.216378718615,0.879069447517,0.442603617907,-0.666241705418,0.593519806862,0.0892097949982
-0.384961098433,-0.214305222034,0.883091151714,0.448784828186,-0.65381526947,0.603530466557,0.082878343761
-0.381377637386,-0.210110813379,0.886520862579,0.444692254066,-0.660026431084,0.600382685661,0.078451231122
-0.378981560469,-0.206023618579,0.889308571815,0.435286134481,-0.673151314259,0.594159424305,0.0660901740193
-0.37508225441,-0.201808363199,0.892746150494,0.431288719177,-0.67748939991,0.592366397381,0.0640328228474
-0.37178504467,-0.198098927736,0.896308422089,0.430111467838,-0.684488654137,0.585765480995,0.0579518415034
-0.367896050215,-0.194978386164,0.900191605091,0.434031426907,-0.683939039707,0.583699166775,0.0560322292149
-0.364873170853,-0.19150647521,0.903348863125,0.431497842073,-0.690701246262,0.578213632107,0.0490961410105
-0.361107856035,-0.187793418765,0.906522274017,0.428849428892,-0.693478047848,0.577060818672,0.0466616004705
-0.358039498329,-0.184243440628,0.909327030182,0.428905844688,-0.696883499622,0.573200881481,0.0428256876767
-0.354622244835,-0.180603280663,0.912461280823,0.423775792122,-0.699573040009,0.574063181877,0.0382509939373
-0.352109789848,-0.175781831145,0.914634346962,0.414421677589,-0.712960958481,0.564695596695,0.0325636193156
-0.348100572824,-0.173688098788,0.917691171169,0.420156002045,-0.704744935036,0.571014642715,0.0273092929274
-0.345357120037,-0.168455109,0.922166824341,0.417688339949,-0.721128642559,0.551447808743,0.0376214161515
-0.342134594917,-0.166032746434,0.924873054028,0.422284215689,-0.716061472893,0.554770171642,0.0340894088149
-0.339979290962,-0.16373360157,0.927420973778,0.426129966974,-0.708351612091,0.561688780785,0.03401555866
-0.335983961821,-0.170083671808,0.922702670097,0.438702702522,-0.638504743576,0.6322478652,-0.010695640929
-0.33333748579,-0.159447282553,0.930916428566,0.421908318996,-0.696709990501,0.579725265503,0.0225204285234
-0.330395698547,-0.154111623764,0.933677613735,0.426580220461,-0.712316393852,0.556819915771,0.0242158491164
-0.327546298504,-0.154344841838,0.935409247875,0.428396463394,-0.686928808689,0.586700260639,0.0197021681815
-0.324317574501,-0.150659516454,0.938130319118,0.427624583244,-0.693934321404,0.578866481781,0.0224936697632
-0.321392357349,-0.148073405027,0.939669430256,0.43529856205,-0.688117861748,0.580309450626,0.0158096756786
-0.318183839321,-0.146643951535,0.941301822662,0.440517663956,-0.676898241043,0.589620351791,0.0100362403318
-0.31524926424,-0.144996717572,0.943169414997,0.444666922092,-0.666073739529,0.598812460899,0.00638593966141
-0.312488555908,-0.143266290426,0.945575833321,0.443648576736,-0.656687200069,0.609809339046,0.00840455945581
-0.310075879097,-0.141298413277,0.947677135468,0.446029275656,-0.64727550745,0.61810362339,0.00635518366471
-0.307098150253,-0.139341652393,0.949620366096,0.44786465168,-0.639450073242,0.624906778336,0.00352396280505
-0.303910493851,-0.126183494925,0.94830095768,0.374580025673,-0.719290077686,0.585044324398,-0.00590692227706
-0.301425009966,-0.122953161597,0.950536727905,0.372234046459,-0.719864904881,0.585839927197,-0.00529950577766
-0.298639476299,-0.12037794292,0.952851295471,0.370868206024,-0.721585452557,0.584558308125,-0.00791834201664
-0.29584261775,-0.117385029793,0.955451369286,0.367093086243,-0.723196268082,0.584961533546,-0.00706437602639
-0.293902397156,-0.113837659359,0.958920836449,0.367790669203,-0.731084883213,0.574668586254,-0.000985431252047
-0.291287690401,-0.111127883196,0.96122854948,0.36443015933,-0.731606721878,0.57614082098,-0.00201548775658
-0.288736820221,-0.10822416842,0.963876962662,0.363058149815,-0.733063459396,0.575152099133,-0.00263935048133
-0.286235690117,-0.105575099587,0.966315627098,0.360610604286,-0.735558509827,0.573484480381,-0.00541482958943
-0.283607006073,-0.103077828884,0.968880653381,0.360194385052,-0.735512435436,0.573791325092,-0.00670887390152
-0.281331181526,-0.100468307734,0.971740007401,0.358471274376,-0.73773753643,0.572005569935,-0.00715629337355
-0.2788374722,-0.0976277142763,0.974273562431,0.354920774698,-0.738324582577,0.573454678059,-0.00761405192316
-0.276121377945,-0.0950961261988,0.977090060711,0.354046821594,-0.740550458431,0.571084260941,-0.00994168780744
-0.27367541194,-0.08958953619,0.983248353004,0.351204067469,-0.766933619976,0.537051200867,0.00666505796835
-0.271492630243,-0.0898682177067,0.982678711414,0.349424123764,-0.743045806885,0.570659339428,-0.0115588279441
-0.269035279751,-0.0872464925051,0.985347867012,0.347786039114,-0.744502663612,0.569723248482,-0.0132683506235
-0.266523778439,-0.0847462713718,0.988176167011,0.34462171793,-0.74657869339,0.568891644478,-0.0147847952321
-0.264208048582,-0.0822062641382,0.991149902344,0.34008488059,-0.747560560703,0.570367574692,-0.013280922547
-0.262728571892,-0.0788617581129,0.99370098114,0.338700056076,-0.752958118916,0.56403106451,-0.0143240969628
-0.259486913681,-0.0774508267641,0.996960580349,0.338398367167,-0.750742018223,0.567140221596,-0.0149962259457
-0.257988810539,-0.0742461383343,0.999397158623,0.330815345049,-0.757480978966,0.56259894371,-0.016318095848
-0.254044264555,-0.0720292180777,1.00207662582,0.325956076384,-0.759325683117,0.5628002882,-0.0208074245602
-0.251712918282,-0.0711396038532,1.00331914425,0.32661357522,-0.748520851135,0.576304852962,-0.0302128698677
-0.250582933426,-0.067320227623,1.00785195827,0.327879905701,-0.76333796978,0.556272625923,-0.0192561727017
-0.247234746814,-0.0661221891642,1.01092720032,0.328710824251,-0.759885549545,0.560414016247,-0.0214323922992
-0.244572713971,-0.0637581050396,1.01364922523,0.330397635698,-0.762289226055,0.556091070175,-0.0227004308254
-0.241738751531,-0.0611245036125,1.01569867134,0.318161994219,-0.767791807652,0.555457115173,-0.0271313469857
-0.239876136184,-0.0596271008253,1.01883876324,0.325014144182,-0.766803205013,0.552994132042,-0.0240052659065
-0.236748382449,-0.0583881884813,1.01925480366,0.320632874966,-0.760861515999,0.562904179096,-0.037727009505
-0.234877437353,-0.0558356493711,1.02380108833,0.327563852072,-0.771115005016,0.545279741287,-0.0274519026279
-0.232028380036,-0.0545260459185,1.02446043491,0.320677757263,-0.766835927963,0.554772377014,-0.0368248261511
-0.229487597942,-0.0532144606113,1.0261297226,0.321825772524,-0.765640735626,0.555128753185,-0.0453289411962
-0.227490827441,-0.0503531247377,1.03124690056,0.327431499958,-0.78108215332,0.530720829964,-0.0321677587926
-0.224823892117,-0.0495749115944,1.03119075298,0.321322828531,-0.773770093918,0.54392772913,-0.0466288514435
-0.222955614328,-0.0469568222761,1.03602492809,0.324217140675,-0.787240684032,0.523282706738,-0.0362010784447
-0.220729753375,-0.0453383177519,1.03852856159,0.322538226843,-0.789499461651,0.52087187767,-0.036773994565
-0.218431726098,-0.0440182238817,1.04119229317,0.320314913988,-0.790609776974,0.520435035229,-0.038496632129
-0.215517535806,-0.0439876616001,1.04110634327,0.311756849289,-0.77670276165,0.544348835945,-0.0567873902619
-0.214378103614,-0.0410681217909,1.04651939869,0.314367711544,-0.793146133423,0.520108759403,-0.0397358126938
-0.211571395397,-0.0395951718092,1.04903197289,0.30224686861,-0.79621130228,0.52219247818,-0.0448259711266
-0.209403529763,-0.0385545045137,1.05204474926,0.298642426729,-0.797682762146,0.52195250988,-0.0456125512719
-0.207462981343,-0.0375992059708,1.05505633354,0.295734018087,-0.799073338509,0.521460413933,-0.0458529442549
-0.205442652106,-0.0367039740086,1.05802881718,0.290779143572,-0.800945162773,0.521339714527,-0.0462531484663
-0.203406110406,-0.0358139425516,1.06106472015,0.286192208529,-0.804178416729,0.518991529942,-0.0451551005244
-0.201403439045,-0.0352799594402,1.06410443783,0.285607635975,-0.805984079838,0.516604363918,-0.0440231263638
-0.199406772852,-0.0345128178596,1.06711411476,0.279499292374,-0.809376239777,0.51478767395,-0.0422369875014
-0.197521016002,-0.034159719944,1.07022738457,0.276847422123,-0.811299324036,0.513183355331,-0.0423286706209
-0.195649549365,-0.0337254106998,1.07322382927,0.272052317858,-0.814196825027,0.511099934578,-0.0429886132479
-0.193471476436,-0.035365536809,1.07405018806,0.272258073092,-0.801491141319,0.529910862446,-0.0517882034183
-0.191831991076,-0.0337106585503,1.07953488827,0.269988834858,-0.818337082863,0.505744218826,-0.040660046041
-0.189986139536,-0.0335504263639,1.08253288269,0.263359099627,-0.821044504642,0.504884660244,-0.0402425453067
-0.187904536724,-0.0356128811836,1.08316862583,0.261906862259,-0.807123184204,0.526700496674,-0.0504342541099
-0.186576724052,-0.0339271277189,1.08860647678,0.257815778255,-0.824706315994,0.501949667931,-0.0379087924957
-0.184733182192,-0.0341597795486,1.09154140949,0.254602223635,-0.82732373476,0.499412417412,-0.0360617339611
-0.183210104704,-0.0345824807882,1.09456288815,0.250323623419,-0.82837998867,0.499879211187,-0.0352945625782
-0.181506618857,-0.0350421816111,1.09760844707,0.246962308884,-0.82986676693,0.499046742916,-0.035820260644
-0.179984584451,-0.0356747657061,1.10069787502,0.244005680084,-0.831502914429,0.497903496027,-0.0340044647455
-0.178568392992,-0.0362261980772,1.10364317894,0.240882515907,-0.832881093025,0.497223824263,-0.032452441752
-0.177175998688,-0.0370435863733,1.10671925545,0.238264322281,-0.834148705006,0.496441096067,-0.0311858616769
-0.175860643387,-0.0379622280598,1.10972809792,0.235590308905,-0.835148513317,0.496099621058,-0.0301561038941
-0.17471049726,-0.0387768447399,1.11256253719,0.230488225818,-0.836876690388,0.49573558569,-0.0275475438684
-0.174268990755,-0.0392390489578,1.11475348473,0.226025342941,-0.837489008904,0.496729791164,-0.0280058905482
-0.172564193606,-0.0410017222166,1.11834025383,0.22624874115,-0.838486850262,0.494972765446,-0.0274488180876
-0.171488106251,-0.0422139018774,1.12126350403,0.225710585713,-0.839348495007,0.49383944273,-0.0259110555053
-0.170575395226,-0.0434888601303,1.12418949604,0.22189822793,-0.840301692486,0.49384188652,-0.0278310421854
-0.169788971543,-0.0446304827929,1.12706887722,0.219473302364,-0.841345846653,0.493115633726,-0.0283832866699
-0.168919742107,-0.045942440629,1.13005268574,0.219103872776,-0.842188954353,0.491834670305,-0.0284603089094
-0.168329551816,-0.0472894012928,1.13301610947,0.216302797198,-0.842012584209,0.493270725012,-0.030198700726
-0.168024301529,-0.0484275370836,1.13351416588,0.220217689872,-0.835871100426,0.501784682274,-0.0321873426437
-0.167204722762,-0.0498483628035,1.13880729675,0.211353182793,-0.841136395931,0.496775686741,-0.0321481972933
-0.166761726141,-0.0511669665575,1.14168393612,0.210113450885,-0.839695572853,0.499734610319,-0.0320788100362
-0.166356876493,-0.052335858345,1.14429914951,0.206174328923,-0.839168250561,0.5022803545,-0.031675349921
-0.166116610169,-0.0536031723022,1.14697432518,0.204076483846,-0.838648319244,0.504058837891,-0.0307692065835
-0.166714683175,-0.0518461763859,1.15509188175,0.205729678273,-0.868129253387,0.451620697975,-0.00809676013887
-0.165660768747,-0.0560176372528,1.15160393715,0.199804931879,-0.838583528996,0.506146490574,-0.0259152911603
-0.165421903133,-0.0573257654905,1.15370059013,0.197791591287,-0.837606430054,0.508693099022,-0.0229222979397
-0.165156081319,-0.0585585236549,1.15578091145,0.196238353848,-0.838025271893,0.508655786514,-0.0217588301748
-0.164839223027,-0.0600405931473,1.15781784058,0.196231678128,-0.836333096027,0.511569321156,-0.0183574408293
-0.164513930678,-0.0612917393446,1.15973126888,0.195954248309,-0.835592448711,0.512979984283,-0.0154504068196
-0.164231210947,-0.0626365691423,1.16147792339,0.194393798709,-0.834648013115,0.515183746815,-0.0126275215298
-0.163822576404,-0.0639303922653,1.16301417351,0.193807274103,-0.833101928234,0.517947435379,-0.0105103878304
-0.165372610092,-0.0646531283855,1.16466975212,0.200076133013,-0.831728041172,0.517866492271,-0.00354270008393
-0.164887279272,-0.0660388618708,1.16595518589,0.198783159256,-0.828775465488,0.52307754755,-0.00251680752262
-0.162810236216,-0.067733079195,1.16734802723,0.191743761301,-0.825778245926,0.530396938324,-0.0019320952706
-0.16244584322,-0.0690161287785,1.16855573654,0.190789908171,-0.82404512167,0.533429443836,-0.00150255241897
-0.161961823702,-0.0699218958616,1.16964638233,0.189008042216,-0.821933925152,0.537303626537,0.00231442530639
-0.161536663771,-0.0710678547621,1.17070794106,0.188507482409,-0.819816827774,0.540690243244,0.00441067945212
-0.161244496703,-0.0722410678864,1.17150723934,0.191073611379,-0.817770898342,0.542848289013,0.0075799645856
-0.160629674792,-0.073489561677,1.17256784439,0.189041256905,-0.815807163715,0.546471178532,0.00955874752253
-0.160174384713,-0.0745306760073,1.17344224453,0.189039707184,-0.813972353935,0.549110710621,0.0137994745746
-0.159688949585,-0.0756608694792,1.17428851128,0.188256636262,-0.812449574471,0.55153721571,0.0170823149383
-0.159234136343,-0.0766532868147,1.1749818325,0.186266392469,-0.811141192913,0.554010510445,0.0206693504006
-0.158999219537,-0.0778562128544,1.17551517487,0.188575342298,-0.81020706892,0.554538428783,0.0221577845514
-0.158534750342,-0.0788482278585,1.17636096478,0.183872506022,-0.8075299263,0.559855282307,0.0254629086703
-0.158387884498,-0.0796321332455,1.17683708668,0.182393684983,-0.806029617786,0.562346816063,0.0285460092127
-0.158167496324,-0.0807889550924,1.17754757404,0.177753999829,-0.803780794144,0.566982090473,0.0295183230191
-0.157984852791,-0.0814481079578,1.1779743433,0.173958927393,-0.800953447819,0.57193595171,0.0331841111183
-0.157831758261,-0.0824267119169,1.17835497856,0.173786997795,-0.799075186253,0.574424803257,0.0362391211092
-0.157901704311,-0.0833462327719,1.17847120762,0.174058228731,-0.798686921597,0.574846029282,0.0368108376861
-0.15773396194,-0.0841539651155,1.17852127552,0.172301411629,-0.798213899136,0.575785338879,0.0404746048152
-0.157438054681,-0.085155531764,1.17849481106,0.171952009201,-0.796473741531,0.578103423119,0.0431119501591
-0.157336905599,-0.0862475931644,1.17825710773,0.170108556747,-0.796739280224,0.578218460083,0.0439654514194
-0.157220199704,-0.0870896428823,1.17791843414,0.168202996254,-0.795320272446,0.580426216125,0.0477390885353
-0.157129839063,-0.0881372988224,1.1774930954,0.165288358927,-0.793951034546,0.582926869392,0.0501790121198
-0.157163262367,-0.0894787311554,1.17703652382,0.164764806628,-0.793612360954,0.583523929119,0.050318416208
-0.157056257129,-0.0906155854464,1.17640447617,0.162687048316,-0.792015314102,0.585855960846,0.054933000356
-0.157169625163,-0.0921402275562,1.17568898201,0.163065969944,-0.792802751064,0.584771752357,0.0539928749204
-0.157369866967,-0.0935995429754,1.17493581772,0.161315843463,-0.793188035488,0.584673464298,0.0546547397971
-0.157491773367,-0.0951675027609,1.17421746254,0.160097748041,-0.792896151543,0.58513623476,0.0574450083077
-0.157733142376,-0.0970433056355,1.17337107658,0.159859091043,-0.794154942036,0.583615064621,0.0561834201217
-0.158131733537,-0.0989667773247,1.17255580425,0.159302726388,-0.795027136803,0.582603871822,0.0559204444289
-0.158445253968,-0.100964307785,1.17170536518,0.158067584038,-0.796764731407,0.580587089062,0.0556709580123
-0.158977091312,-0.103218182921,1.17090749741,0.158596709371,-0.798071682453,0.578760683537,0.0544521696866
-0.159457176924,-0.105405732989,1.16999971867,0.157187029719,-0.799537599087,0.577163338661,0.0539852008224
-0.160217061639,-0.107834219933,1.16902089119,0.157001167536,-0.802113294601,0.5739377141,0.0506023652852
-0.160841733217,-0.110077276826,1.1680740118,0.155283764005,-0.80313628912,0.572930037975,0.0510921664536
-0.161513313651,-0.112815245986,1.16724419594,0.155929431319,-0.803599834442,0.57224291563,0.0495119765401
-0.162370070815,-0.115423291922,1.16642212868,0.152924790978,-0.806412339211,0.569285213947,0.0471991114318
-0.163073062897,-0.11800326407,1.16565239429,0.152368083596,-0.806508541107,0.569227576256,0.0480403453112
-0.164000615478,-0.121005520225,1.16485035419,0.152826577425,-0.808600723743,0.566309630871,0.0458503365517
-0.164679571986,-0.123640134931,1.16406273842,0.151890039444,-0.80942928791,0.565416157246,0.0453673489392
-0.165907844901,-0.12675973773,1.16299009323,0.154436990619,-0.811522781849,0.561784625053,0.0444759987295
-0.167024701834,-0.129508391023,1.1619386673,0.154024899006,-0.812280058861,0.560712277889,0.0456007532775
-0.168029949069,-0.132787391543,1.16104257107,0.154193460941,-0.813106477261,0.55961728096,0.0437115617096
-0.170740842819,-0.135865703225,1.15955817699,0.158940330148,-0.810480117798,0.562037408352,0.0444294922054
-0.171972021461,-0.139126449823,1.15825748444,0.160967245698,-0.812111496925,0.559234857559,0.0426718108356
-0.173320308328,-0.14269207418,1.15714740753,0.160850614309,-0.814348757267,0.556265234947,0.039144616574
-0.174622938037,-0.146112143993,1.15594649315,0.159932941198,-0.814359784126,0.55664741993,0.03719317168
-0.17604380846,-0.149651616812,1.15472400188,0.158260509372,-0.81476187706,0.556587815285,0.0364250056446
-0.177534192801,-0.153297200799,1.15346610546,0.156266510487,-0.814735472202,0.557319760323,0.0343763679266
-0.178019702435,-0.156117588282,1.1524990797,0.146109551191,-0.821687936783,0.549977183342,0.0317178405821
-0.179493933916,-0.159774675965,1.15124714375,0.144824132323,-0.821349203587,0.550789773464,0.0322816483676
-0.181024864316,-0.163661971688,1.14984476566,0.146257445216,-0.822014629841,0.549519062042,0.0304917115718
-0.183530971408,-0.168659210205,1.14800286293,0.155063688755,-0.817555427551,0.553901255131,0.0274186395109
-0.183957025409,-0.172697156668,1.14714801311,0.149791136384,-0.822372555733,0.548319578171,0.0247373282909
-0.186060979962,-0.175967156887,1.14506614208,0.146163076162,-0.824008345604,0.546920001507,0.0229129884392
-0.18733856082,-0.180986598134,1.14390575886,0.148440942168,-0.822444021702,0.54871326685,0.0215686615556
-0.189083918929,-0.185094997287,1.14221918583,0.147303372622,-0.822588741779,0.54882901907,0.020885201171
-0.191322401166,-0.188431024551,1.14000451565,0.143031403422,-0.824316740036,0.547427535057,0.0191613733768
-0.193223148584,-0.192752435803,1.13822352886,0.142480239272,-0.824076771736,0.547953784466,0.0185388345271
-0.195306107402,-0.196940720081,1.13648962975,0.141928687692,-0.823747158051,0.548586606979,0.0186956375837
-0.196832895279,-0.202087908983,1.13502299786,0.143155425787,-0.822626709938,0.54995071888,0.0186058040708
-0.19936978817,-0.205709651113,1.13272464275,0.13989725709,-0.824051201344,0.548688590527,0.017592376098
-0.201492473483,-0.210191845894,1.13058638573,0.139689251781,-0.82430768013,0.548342883587,0.0179974846542
-0.203320115805,-0.215368747711,1.12901484966,0.141465246677,-0.82361805439,0.548913598061,0.0183043815196
-0.205997616053,-0.219050347805,1.12650644779,0.138140752912,-0.824816286564,0.547962367535,0.0182345043868
-0.208375051618,-0.223404020071,1.12433338165,0.137362107635,-0.825016140938,0.547833263874,0.0189410187304
-0.210433110595,-0.228445112705,1.12272942066,0.138580963016,-0.823946654797,0.549053311348,0.0211654156446
-0.212918207049,-0.232790499926,1.12043225765,0.137327462435,-0.82414329052,0.549046039581,0.0218483824283
-0.215511843562,-0.237088471651,1.11816859245,0.135966449976,-0.823870837688,0.549761176109,0.0226467885077
-0.218041807413,-0.240642413497,1.11590433121,0.131197795272,-0.827896475792,0.544750034809,0.0249407682568
-0.220760151744,-0.245012819767,1.11356198788,0.129865929484,-0.827118694782,0.546226382256,0.0254243090749
-0.223429083824,-0.249413788319,1.11099219322,0.128449931741,-0.82729434967,0.546221137047,0.0269668288529
-0.227323129773,-0.254763543606,1.10731828213,0.135412454605,-0.817810773849,0.558687508106,0.0267813000828
-0.229050025344,-0.258221387863,1.10601949692,0.125672951341,-0.826644897461,0.547747433186,0.0289354659617
-0.23180654645,-0.262683540583,1.10327231884,0.124623894691,-0.825344085693,0.549904465675,0.0296830032021
-0.234732702374,-0.266930609941,1.10062992573,0.121600717306,-0.825372934341,0.550352036953,0.0329442955554
-0.237426385283,-0.271498501301,1.09790110588,0.120401091874,-0.823829710484,0.55295163393,0.0324446745217
-0.240556225181,-0.275794565678,1.09511733055,0.117708191276,-0.823448061943,0.553998231888,0.034118603915
-0.243414863944,-0.280199915171,1.09212529659,0.116804212332,-0.822039484978,0.556137382984,0.0363194271922
-0.246421054006,-0.284649670124,1.08927309513,0.113414786756,-0.820856928825,0.558378517628,0.039298504591
-0.249471187592,-0.289017677307,1.08633041382,0.112893693149,-0.819540321827,0.560281693935,0.0411501713097
-0.25261002779,-0.293355077505,1.08337521553,0.11083394289,-0.818642139435,0.561774790287,0.044157680124
-0.255648642778,-0.297650575638,1.08038520813,0.109075278044,-0.817710757256,0.563255488873,0.0468512587249
-0.258735388517,-0.301849722862,1.07717776299,0.107264377177,-0.816699445248,0.564848840237,0.0494182221591
-0.261939466,-0.306001126766,1.0739351511,0.106693476439,-0.816256046295,0.565386176109,0.0517799220979
-0.265115737915,-0.310136646032,1.07061886787,0.104846715927,-0.815349340439,0.566703617573,0.0553149841726
-0.268317490816,-0.314136505127,1.06745028496,0.103216417134,-0.816468954086,0.564840853214,0.060660880059
-0.271634578705,-0.31828969717,1.06400179863,0.101180680096,-0.815025508404,0.566855370998,0.0645818859339
-0.274921476841,-0.32226395607,1.06063461304,0.0996116325259,-0.814502298832,0.567431390285,0.0684487968683
-0.278171002865,-0.326210737228,1.05718421936,0.0985088348389,-0.813982248306,0.567857265472,0.0725755542517
-0.281402766705,-0.330153405666,1.05376672745,0.0970046147704,-0.813462495804,0.568200230598,0.0775717943907
-0.284587591887,-0.334079027176,1.05023884773,0.0950955525041,-0.813058137894,0.568766713142,0.0799853354692
-0.287911713123,-0.337945312262,1.04669845104,0.095098733902,-0.812538146973,0.568899571896,0.0842101946473
-0.291171193123,-0.341807156801,1.04335546494,0.0949032753706,-0.812200427055,0.568641006947,0.0892821252346
-0.294379919767,-0.345759630203,1.03967607021,0.0971925780177,-0.811190962791,0.569592654705,0.0899276211858
-0.297729849815,-0.349523305893,1.03631269932,0.0927038267255,-0.811078310013,0.569452524185,0.0963428542018
-0.300914466381,-0.353401005268,1.03278899193,0.0929253771901,-0.810918807983,0.569129526615,0.0993331223726
-0.304171383381,-0.357050985098,1.02939045429,0.0915681272745,-0.810605049133,0.568749070168,0.105163373053
-0.307281076908,-0.361019432545,1.02582740784,0.0943858772516,-0.810089766979,0.568852722645,0.106077730656
-0.310486495495,-0.364749729633,1.02239584923,0.0949675440788,-0.810564756393,0.567508101463,0.109089545906
-0.313679873943,-0.368592888117,1.0190769434,0.0910800248384,-0.809827446938,0.567898094654,0.115653842688
-0.316815942526,-0.37232401967,1.01563620567,0.09456705302,-0.810887217522,0.565917313099,0.115137457848
-0.31995254755,-0.376100242138,1.01216292381,0.0947897955775,-0.809859216213,0.566599845886,0.118775427341
-0.323162257671,-0.379701375961,1.00876033306,0.0942177921534,-0.809438705444,0.566317975521,0.123352579772
-0.326377689838,-0.383432626724,1.00534820557,0.0932609587908,-0.808820307255,0.566828489304,0.125768110156
-0.329514861107,-0.38687813282,1.00204706192,0.0888791009784,-0.807376027107,0.568038165569,0.13257868588
-0.332738995552,-0.390318155289,0.998706281185,0.0916605815291,-0.807870924473,0.566434681416,0.134516358376
-0.336022496223,-0.393579125404,0.995413541794,0.0909178927541,-0.807760238647,0.566058218479,0.137241795659
-0.339294880629,-0.396799862385,0.991939365864,0.0899625569582,-0.806952238083,0.566133856773,0.142222732306
-0.34256669879,-0.400033175945,0.988705635071,0.0894543752074,-0.807117044926,0.565176963806,0.145379036665
-0.345806777477,-0.402986049652,0.985440611839,0.0896122008562,-0.807577371597,0.56368547678,0.148483499885
-0.348958939314,-0.405897498131,0.982194542885,0.0884674787521,-0.807421565056,0.562629044056,0.153923869133
-0.352185308933,-0.408717364073,0.978887677193,0.0882269889116,-0.808381080627,0.560653448105,0.156217381358
-0.35529011488,-0.411342859268,0.975812077522,0.0875019803643,-0.809719562531,0.557285487652,0.161649659276
-0.358476519585,-0.414046525955,0.972666859627,0.0880790278316,-0.810804843903,0.554858863354,0.16422380507
-0.361513078213,-0.416539430618,0.969458401203,0.0875946730375,-0.810322344303,0.554130315781,0.169246777892
-0.364656180143,-0.419012784958,0.966386497021,0.0881361141801,-0.811205685139,0.551432549953,0.173492208123
-0.367637395859,-0.421360224485,0.963391184807,0.086478471756,-0.811683595181,0.550011873245,0.176573187113
-0.370628982782,-0.423757821321,0.960310161114,0.0874793156981,-0.812053561211,0.548369705677,0.179463237524
-0.373694419861,-0.426155626774,0.957270741463,0.0865328907967,-0.812236428261,0.547027230263,0.183153867722
-0.376440823078,-0.428291082382,0.954359054565,0.0859800726175,-0.812355458736,0.545501947403,0.187386661768
-0.379440188408,-0.430495262146,0.951284170151,0.0848555117846,-0.811585009098,0.545784175396,0.190391972661
-0.382232904434,-0.43272960186,0.94852668047,0.0864022597671,-0.81136059761,0.54459130764,0.194033607841
-0.384992063046,-0.434688925743,0.945590138435,0.0845504701138,-0.811784088612,0.543428957462,0.196323826909
-0.387721478939,-0.436821192503,0.942807853222,0.0866481736302,-0.8111358881,0.542829275131,0.199717581272
-0.390049219131,-0.438594758511,0.940221846104,0.0837742760777,-0.809916913509,0.542332649231,0.207103088498
-0.392950236797,-0.440560698509,0.937190413475,0.084685459733,-0.812528073788,0.538753390312,0.205842927098
-0.395420730114,-0.442451357841,0.934644639492,0.0843898281455,-0.811827898026,0.538183748722,0.210171550512
-0.393345564604,-0.439598917961,0.93848067522,0.0565273202956,-0.855334460735,0.462437897921,0.226624771953
-0.396052598953,-0.441594868898,0.935556054115,0.0569138415158,-0.853969156742,0.464162826538,0.228145822883
-0.406630188227,-0.450137645006,0.926379203796,0.124461352825,-0.793406248093,0.551454246044,0.225641995668
-0.404924929142,-0.44825565815,0.929880142212,0.097396992147,-0.828508555889,0.495028108358,0.242970436811
-0.406195312738,-0.450485616922,0.921726226807,0.0736179500818,-0.816493868828,0.527040660381,0.223933786154
-0.408244073391,-0.452208995819,0.919501245022,0.0696501284838,-0.814747214317,0.527870833874,0.22953915596
-0.410495400429,-0.453813463449,0.917079091072,0.0733389109373,-0.815523445606,0.525972902775,0.229990318418
-0.412558674812,-0.455495506525,0.91489636898,0.0741990581155,-0.815366327763,0.52463465929,0.233304142952
-0.409822821617,-0.452708035707,0.919133782387,0.0418358743191,-0.855309963226,0.451507359743,0.250670403242
-0.416276276112,-0.458189636469,0.910400390625,0.0726410895586,-0.814277052879,0.522839903831,0.241484254599
-0.418805450201,-0.459552049637,0.907846391201,0.0729984417558,-0.817363977432,0.51929718256,0.238574758172
-0.420594483614,-0.460833609104,0.905512690544,0.0742236450315,-0.816661179066,0.518208920956,0.242930218577
-0.422663003206,-0.462097465992,0.903576433659,0.0736270397902,-0.817475438118,0.516449213028,0.2441175282
-0.424289435148,-0.463295429945,0.901860892773,0.0745156109333,-0.815426230431,0.517179131508,0.24910466373
-0.426430344582,-0.46427500248,0.899501740932,0.0748433917761,-0.817307054996,0.513922870159,0.249581485987
-0.428205490112,-0.465329915285,0.897699773312,0.0752394869924,-0.816360771656,0.51421546936,0.251945674419
-0.430173993111,-0.466144025326,0.895648896694,0.0760862231255,-0.81673014164,0.51229840517,0.254387944937
-0.431635409594,-0.467112988234,0.894158542156,0.0774771720171,-0.815612196922,0.512157917023,0.257814824581
-0.433735311031,-0.467945367098,0.892168879509,0.0782844349742,-0.815771579742,0.510673522949,0.260001540184
-0.435321599245,-0.468817472458,0.890527904034,0.0806709006429,-0.813998639584,0.511149942875,0.263864248991
-0.437167823315,-0.469222426414,0.888588786125,0.0804871246219,-0.816320478916,0.50745433569,0.263880372047
-0.438914716244,-0.469644546509,0.886596441269,0.0797212719917,-0.816610455513,0.506132364273,0.265748053789
-0.440405905247,-0.470179319382,0.884892404079,0.0819797664881,-0.816126585007,0.505011320114,0.268664002419
-0.442131400108,-0.470468610525,0.883102238178,0.0823553428054,-0.817089736462,0.502136588097,0.270999729633
-0.443949878216,-0.471001654863,0.881289958954,0.0852000340819,-0.815677583218,0.502431452274,0.273813098669
-0.447454690933,-0.472632825375,0.880866825581,0.111768752337,-0.810592234135,0.501599788666,0.280794650316
-0.4490634799,-0.472912549973,0.879089891911,0.112472966313,-0.810670554638,0.500704169273,0.281884104013
-0.450907230377,-0.47301825881,0.876706779003,0.114184260368,-0.811000347137,0.500297665596,0.280967533588
-0.452198565006,-0.473247230053,0.875494360924,0.114687778056,-0.811044514179,0.497708976269,0.28520065546
-0.45375341177,-0.473462671041,0.873603343964,0.113714143634,-0.811156570911,0.497914016247,0.284914046526
-0.455182909966,-0.473360419273,0.871285438538,0.112891018391,-0.812371015549,0.496352285147,0.284505784512
-0.456555217505,-0.473288804293,0.869652509689,0.109280511737,-0.815000474453,0.494037985802,0.282415419817
-0.457997471094,-0.473207682371,0.867980957031,0.108405962586,-0.815680325031,0.492863148451,0.282842069864
-0.459164112806,-0.473051100969,0.866150796413,0.107652455568,-0.816847085953,0.490337878466,0.284148901701
-0.460141122341,-0.473057895899,0.864745438099,0.106021925807,-0.815965533257,0.490926712751,0.286269962788
-0.46167114377,-0.472769141197,0.862878441811,0.104614123702,-0.819209396839,0.487019985914,0.28418931365
-0.462681859732,-0.472815155983,0.861640453339,0.106417991221,-0.818757116795,0.486280888319,0.28608199954
-0.463902890682,-0.472361773252,0.85956209898,0.104856915772,-0.820002257824,0.484333604574,0.286395549774
-0.470940589905,-0.477816671133,0.863219261169,0.19366145134,-0.791064739227,0.49457475543,0.303492546082
-0.472249209881,-0.477492362261,0.861502587795,0.194927290082,-0.792138576508,0.492568910122,0.303143084049
-0.473624140024,-0.477372020483,0.859949588776,0.196845769882,-0.791692018509,0.492100894451,0.303829073906
-0.474524974823,-0.477338224649,0.858895301819,0.197184965014,-0.791542828083,0.491877377033,0.304359525442
-0.475592494011,-0.477184593678,0.857508718967,0.199546799064,-0.791614830494,0.490405023098,0.305008202791
-0.476579517126,-0.476816117764,0.855921149254,0.198127985001,-0.792638838291,0.490121334791,0.30372723937
-0.477415174246,-0.476600021124,0.854638338089,0.199014693499,-0.791527271271,0.490160137415,0.305975228548
-0.478550136089,-0.4764585495,0.853202521801,0.200469762087,-0.793151676655,0.488061010838,0.304169237614
-0.479236751795,-0.476146876812,0.851932048798,0.20160715282,-0.790958821774,0.48887321353,0.307801395655
-0.480694562197,-0.475760966539,0.849892914295,0.201235875487,-0.794160604477,0.486299574375,0.303851783276
-0.481760561466,-0.475768446922,0.848768234253,0.203279405832,-0.795726299286,0.484350055456,0.301500022411
-0.482532590628,-0.475613504648,0.847472071648,0.20626218617,-0.793711900711,0.485376685858,0.303128927946
-0.482546210289,-0.475356280804,0.846711814404,0.20754685998,-0.789570510387,0.488328009844,0.308283388615
-0.483310043812,-0.47513884306,0.845428645611,0.2087418437,-0.789996683598,0.487131565809,0.308277606964
-0.48395293951,-0.474859714508,0.84413599968,0.209167167544,-0.790693759918,0.486100316048,0.307829737663
-0.48451757431,-0.474645107985,0.842931389809,0.209998488426,-0.789672553539,0.487197369337,0.308150261641
-0.485854566097,-0.474707365036,0.841511726379,0.210691958666,-0.795839905739,0.482297450304,0.299394249916
-0.486515522003,-0.474676668644,0.840570867062,0.213855221868,-0.795515954494,0.481189161539,0.299795597792
-0.486184030771,-0.47408169508,0.839354634285,0.213048800826,-0.789835989475,0.486285746098,0.307075947523
-0.486727416515,-0.473920285702,0.838192760944,0.215862378478,-0.789652824402,0.485821723938,0.306315720081
-0.489690124989,-0.474826425314,0.836746037006,0.228714615107,-0.785759627819,0.492833375931,0.295612215996
-0.490384042263,-0.474970459938,0.835658788681,0.233321160078,-0.782135367393,0.496235370636,0.295932471752
-0.489167928696,-0.473855435848,0.835164904594,0.228859707713,-0.78171813488,0.493123322725,0.305564284325
-0.488110542297,-0.472837299109,0.833949148655,0.215670630336,-0.791278421879,0.484640449286,0.304118961096
-0.488948345184,-0.472309082747,0.833252072334,0.218667954206,-0.790548026562,0.484290868044,0.304434716702
-0.489272177219,-0.472052842379,0.832461476326,0.220566183329,-0.789945721626,0.483883708715,0.305275082588
-0.489442914724,-0.47181943059,0.831614792347,0.22295434773,-0.789857387543,0.483282625675,0.304720789194
-0.489871740341,-0.471634268761,0.830760300159,0.225563526154,-0.789308667183,0.482786864042,0.30500805378
-0.490278333426,-0.471714824438,0.829930782318,0.228895664215,-0.787202477455,0.484981924295,0.304485797882
-0.495158851147,-0.477516680956,0.821680009365,0.25873541832,-0.743443131447,0.55170571804,0.275625139475
-0.488612771034,-0.46926176548,0.828043580055,0.207766801119,-0.802501320839,0.469065010548,0.304635345936
-0.489030748606,-0.469322383404,0.827227711678,0.211279213428,-0.800592243671,0.471036195755,0.304200977087
-0.489189654589,-0.469046056271,0.826508402824,0.212546467781,-0.800890684128,0.469239681959,0.305306881666
-0.489443123341,-0.468990534544,0.825466930866,0.216311722994,-0.799470305443,0.470925539732,0.30378562212
-0.48998439312,-0.469159722328,0.82462978363,0.220456629992,-0.798235714436,0.472260922194,0.301973849535
-0.490359634161,-0.469259291887,0.823790132999,0.224082991481,-0.796203553677,0.47415214777,0.30170583725
-0.491221785545,-0.469910800457,0.822456657887,0.231805592775,-0.791430652142,0.480932623148,0.297670334578
-0.490843236446,-0.469481647015,0.82209789753,0.23164601624,-0.792415082455,0.477747350931,0.300293207169
-0.4917755723,-0.470078468323,0.821026444435,0.238211393356,-0.789065957069,0.482060968876,0.297065019608
-0.492019295692,-0.470275819302,0.820111989975,0.241967439651,-0.78545486927,0.48586589098,0.297400087118
-0.492075055838,-0.470276027918,0.819423675537,0.243958175182,-0.785508155823,0.484813451767,0.297350645065
-0.492220938206,-0.470320403576,0.818784534931,0.246335268021,-0.785065531731,0.484445720911,0.297159165144
-0.496564924717,-0.476328104734,0.810316205025,0.273069739342,-0.741587519646,0.55157583952,0.266917794943
-0.489541649818,-0.467411637306,0.817232429981,0.216267734766,-0.803871393204,0.465940833092,0.299863815308
-0.489505469799,-0.467320084572,0.816589832306,0.217569977045,-0.804977953434,0.46328318119,0.300070822239
-0.489799618721,-0.4675989151,0.815922796726,0.221080437303,-0.803095638752,0.465245962143,0.299511402845
-0.490267813206,-0.468051880598,0.815169394016,0.225895062089,-0.798458814621,0.471247673035,0.298932790756
-0.490306973457,-0.468300998211,0.814520478249,0.228324532509,-0.796575784683,0.473093956709,0.299194008112
-0.490257263184,-0.46835231781,0.813908398151,0.229656979442,-0.797536790371,0.470887541771,0.299094825983
-0.490526229143,-0.468694835901,0.813342213631,0.23303039372,-0.795820772648,0.472572147846,0.298398673534
-0.486060023308,-0.46446621418,0.809167742729,0.164233744144,-0.821527421474,0.464663535357,0.286719292402
-0.486108422279,-0.464712977409,0.808744907379,0.16544765234,-0.821483671665,0.464464068413,0.286469697952
-0.48615026474,-0.464916646481,0.808259904385,0.167039364576,-0.820593178272,0.465250462294,0.286821991205
-0.486224353313,-0.465058684349,0.807819128036,0.168405383825,-0.8199223876,0.465765595436,0.287105441093
-0.486263155937,-0.465252697468,0.807465910912,0.170274779201,-0.819991409779,0.465359568596,0.286463081837
-0.486297726631,-0.46537488699,0.807121038437,0.17075279355,-0.819649994373,0.466005861759,0.286104828119
-0.486280143261,-0.465494662523,0.806794047356,0.170404240489,-0.81956923008,0.466160595417,0.286292076111
-0.486270278692,-0.465654879808,0.806564569473,0.171028718352,-0.819573998451,0.465956926346,0.286237061024
-0.486299812794,-0.465861141682,0.806292355061,0.171663060784,-0.819634497166,0.466014385223,0.285590261221
-0.486296772957,-0.46608376503,0.806044697762,0.172027766705,-0.819541275501,0.466226816177,0.285291463137
-0.486277699471,-0.466297119856,0.805816173553,0.172446131706,-0.819566786289,0.465830624104,0.285612672567
-0.486331045628,-0.466583251953,0.805632650852,0.1743362993,-0.818853855133,0.466033726931,0.286178231239
-0.486145675182,-0.466889411211,0.805408000946,0.175104796886,-0.818138659,0.46631860733,0.287288039923
-0.486090779305,-0.467195481062,0.805155038834,0.17637462914,-0.818483412266,0.465454638004,0.286930263042
-0.486047714949,-0.467467606068,0.804846584797,0.177321001887,-0.817962825298,0.465786069632,0.287293344736
-0.485967695713,-0.467753589153,0.804586231709,0.178212210536,-0.817594766617,0.466053783894,0.287355214357
-0.485850721598,-0.4680326581,0.804294288158,0.179057002068,-0.816917300224,0.466658860445,0.287774831057
-0.48573243618,-0.468278467655,0.804066359997,0.179675012827,-0.816428244114,0.466987907887,0.288243502378
-0.485610574484,-0.468575626612,0.803808093071,0.180438324809,-0.816080272198,0.467348843813,0.288166850805
-0.485457181931,-0.46883019805,0.803570926189,0.180995330215,-0.81546497345,0.467926293612,0.288622051477
-0.484998941422,-0.469038844109,0.803394436836,0.182589665055,-0.813290476799,0.469203829765,0.291663348675
-0.484984129667,-0.469391971827,0.80307507515,0.183612659574,-0.814460933208,0.467998087406,0.289685577154
-0.484800994396,-0.469728052616,0.802796363831,0.184634044766,-0.814524829388,0.467803239822,0.289170712233
-0.484541654587,-0.46999078989,0.802453756332,0.184555664659,-0.815110623837,0.467274993658,0.288423269987
-0.484299600124,-0.470236778259,0.802160978317,0.185228168964,-0.814695894718,0.467518568039,0.288769334555
-0.484063208103,-0.470467954874,0.801916241646,0.185897186399,-0.814552366734,0.467330634594,0.289048016071
-0.483782410622,-0.470684587955,0.801651120186,0.186621204019,-0.814461350441,0.466899454594,0.289534717798
-0.483308523893,-0.47081887722,0.801465213299,0.188124105334,-0.813239276409,0.466978728771,0.291859805584
-0.483215212822,-0.471163511276,0.801202476025,0.18850491941,-0.814621210098,0.465762108564,0.289696395397
-0.48269534111,-0.471297830343,0.801099002361,0.189149916172,-0.813039839268,0.466859519482,0.29194304347
-0.482672035694,-0.471634507179,0.800787091255,0.189341396093,-0.814172506332,0.46641728282,0.289358079433
-0.482476770878,-0.471849471331,0.800552010536,0.190012857318,-0.813835501671,0.466778248549,0.289283722639
-0.482278168201,-0.472082048655,0.800313472748,0.190702602267,-0.813486456871,0.467366069555,0.288862138987
-0.481906235218,-0.472195506096,0.800143837929,0.191641226411,-0.811205506325,0.469511687756,0.291166812181
-0.481827527285,-0.47254806757,0.799911081791,0.193169876933,-0.81240683794,0.468439340591,0.288522571325
-0.481512010098,-0.472680807114,0.79966711998,0.192958831787,-0.812428414822,0.468896925449,0.287858724594
-0.481331735849,-0.472970157862,0.799568712711,0.194014146924,-0.812074124813,0.469438374043,0.28726631403
-0.481179952621,-0.473242819309,0.799459934235,0.194898337126,-0.811498582363,0.470214098692,0.287025213242
-0.481026887894,-0.473510622978,0.799331307411,0.195547997952,-0.810902357101,0.471055269241,0.286889314651
-0.480895221233,-0.473829448223,0.799171090126,0.195973724127,-0.810311794281,0.471673518419,0.287250995636
-0.480687499046,-0.474091410637,0.799024939537,0.197083353996,-0.808521926403,0.473285466433,0.288879752159
-0.480747044086,-0.474504262209,0.798840880394,0.198968216777,-0.807666063309,0.473959773779,0.288875848055
-0.480774104595,-0.474836349487,0.798563361168,0.200005277991,-0.807307004929,0.474657744169,0.288016587496
-0.481035202742,-0.475200742483,0.798197746277,0.200737133622,-0.808460056782,0.473961472511,0.285407662392
-0.481191396713,-0.475492298603,0.797816932201,0.20182685554,-0.807785868645,0.474784225225,0.28518050909
-0.481250196695,-0.475808382034,0.797468185425,0.204162195325,-0.805421829224,0.477083444595,0.286364942789
-0.481467932463,-0.476114064455,0.797112882137,0.205584019423,-0.804319083691,0.478332877159,0.286362886429
-0.481857597828,-0.476600170135,0.796731293201,0.206369280815,-0.80480492115,0.478113651276,0.284794896841
-0.482469439507,-0.476795643568,0.796215415001,0.207909360528,-0.802920460701,0.481124013662,0.283922761679
-0.482658863068,-0.477171987295,0.795909285545,0.208805143833,-0.802171587944,0.482040762901,0.283827185631
-0.482824325562,-0.477477252483,0.795657277107,0.210204318166,-0.799606502056,0.484751105309,0.285412162542
-0.483098983765,-0.477829396725,0.795426189899,0.21159465611,-0.798753678799,0.48532474041,0.285797595978
-0.483697652817,-0.478332996368,0.795125007629,0.213074669242,-0.799416422844,0.485238969326,0.282976776361
-0.483807265759,-0.478751450777,0.794892132282,0.213347613811,-0.799159646034,0.485810995102,0.28251439333
-0.484152793884,-0.479062497616,0.794573307037,0.214172959328,-0.799256503582,0.485381186008,0.282354712486
-0.484398126602,-0.479229420424,0.794269919395,0.214229494333,-0.797815978527,0.486767828465,0.283993780613
-0.485064595938,-0.479641735554,0.793913960457,0.215299248695,-0.798493683338,0.486572593451,0.281604528427
-0.485455691814,-0.479893088341,0.793600440025,0.215217068791,-0.798712551594,0.486527383327,0.28112450242
-0.485936760902,-0.480146884918,0.793251395226,0.215724721551,-0.798586130142,0.487270027399,0.279805362225
-0.486386060715,-0.480309277773,0.793001413345,0.215545967221,-0.798544287682,0.487644463778,0.279409796
-0.486778140068,-0.48045065999,0.79280424118,0.215209722519,-0.798926353455,0.487711697817,0.278457969427
-0.487094044685,-0.480635672808,0.792666912079,0.215433686972,-0.799169361591,0.487307071686,0.278295665979
-0.487442374229,-0.480853617191,0.792533755302,0.215370371938,-0.799483299255,0.487493544817,0.277114033699
-0.487685471773,-0.481032133102,0.792489290237,0.21566978097,-0.798391819,0.488960295916,0.277443677187
-0.488112717867,-0.481255859137,0.792430043221,0.216464906931,-0.79812669754,0.489279210567,0.277024716139
-0.488414794207,-0.48141041398,0.792334198952,0.216400951147,-0.797981142998,0.489686369896,0.276774078608
-0.488884449005,-0.481689423323,0.79214823246,0.21625842154,-0.799774289131,0.488621383905,0.27357378602
-0.489146322012,-0.481822937727,0.792070031166,0.216525405645,-0.799880504608,0.488656938076,0.27298784256
-0.48946917057,-0.481939077377,0.792054414749,0.217401355505,-0.799905002117,0.488666266203,0.272201836109
-0.48975610733,-0.482070565224,0.792045712471,0.218557208776,-0.800333023071,0.487851977348,0.271477878094
-0.490016341209,-0.482178986073,0.792051434517,0.219289302826,-0.80138283968,0.486700415611,0.269852668047
-0.490197181702,-0.482243686914,0.792088150978,0.220105811954,-0.801789045334,0.486042290926,0.269166857004
-0.490370094776,-0.48233538866,0.792128920555,0.221108302474,-0.802307486534,0.485244363546,0.268238306046
-0.490568041801,-0.48239415884,0.792154550552,0.221851915121,-0.802715539932,0.484607487917,0.267554163933
-0.490800857544,-0.482531487942,0.792185425758,0.222898125648,-0.803486049175,0.483481824398,0.266405314207
-0.491069108248,-0.482706457376,0.792202711105,0.224487245083,-0.804216980934,0.482117950916,0.265335410833
-0.491410374641,-0.482985705137,0.792234897614,0.226218312979,-0.805045962334,0.48089709878,0.263560950756
-0.491792559624,-0.483331024647,0.792159676552,0.227566555142,-0.805874764919,0.48031231761,0.260920584202
-0.492017447948,-0.483557343483,0.792363584042,0.228813230991,-0.808037221432,0.476803809404,0.259573757648
-0.492452174425,-0.483950138092,0.792253255844,0.230309650302,-0.808897852898,0.476265072823,0.256541192532
-0.492928832769,-0.484319984913,0.792076826096,0.2320510149,-0.808884620667,0.477496594191,0.25269562006
-0.493458479643,-0.484778702259,0.791801452637,0.235006093979,-0.807514429092,0.480374962091,0.24886277318
-0.494054496288,-0.485124617815,0.791464447975,0.236919373274,-0.808095097542,0.480786114931,0.244327768683
-0.498389184475,-0.490025222301,0.794768154621,0.302917063236,-0.780380010605,0.485988199711,0.251125127077
-0.499137818813,-0.490455925465,0.794462919235,0.296247035265,-0.778134524822,0.492903769016,0.252567231655
-0.498174071312,-0.487459659576,0.790831804276,0.268295824528,-0.798571050167,0.484607964754,0.235492601991
-0.499267667532,-0.487925350666,0.790097773075,0.274211704731,-0.797646403313,0.484781324863,0.231420010328
-0.500640273094,-0.488572567701,0.789299726486,0.283405661583,-0.795524060726,0.48534488678,0.226413398981
-0.501929938793,-0.489210635424,0.788401246071,0.291546076536,-0.793348550797,0.486359894276,0.221479281783
-0.503385663033,-0.489991635084,0.787295937538,0.299320995808,-0.789880156517,0.489358186722,0.216852471232
-0.504916965961,-0.490816503763,0.786269426346,0.309682190418,-0.785720705986,0.491722255945,0.212012454867
-0.506297826767,-0.491511553526,0.7850253582,0.319355070591,-0.780779719353,0.494425326586,0.209616184235
-0.507957935333,-0.492440879345,0.783678114414,0.328952282667,-0.776272118092,0.496451169252,0.20670811832
-0.510969281197,-0.493843525648,0.782727122307,0.346773087978,-0.767971813679,0.49811694026,0.204566508532
-0.511512160301,-0.494147837162,0.780917167664,0.346778333187,-0.769345104694,0.496610581875,0.203054025769
-0.514308094978,-0.49538820982,0.779903650284,0.362292259932,-0.760273337364,0.499032050371,0.20419536531
-0.516097009182,-0.496104955673,0.778535366058,0.368090033531,-0.757277369499,0.499198287725,0.204552605748
-0.518386542797,-0.496517628431,0.777316093445,0.365853250027,-0.752834975719,0.503578543663,0.214008510113
-0.519198358059,-0.496701717377,0.776110291481,0.364893555641,-0.745262920856,0.514612436295,0.215893700719
-0.521794140339,-0.498287558556,0.775356173515,0.369154006243,-0.752146482468,0.505406677723,0.206312850118
-0.523348391056,-0.498838156462,0.774507939816,0.371015429497,-0.750294387341,0.505218327045,0.210143566132
-0.524940669537,-0.499215602875,0.772961139679,0.384549021721,-0.74831289053,0.497196704149,0.212003439665
-0.526363134384,-0.499969154596,0.772791385651,0.373677521944,-0.74668443203,0.505567550659,0.217322304845
-0.527323722839,-0.500700712204,0.772727191448,0.371190071106,-0.747157096863,0.505905389786,0.219166576862
-0.528830051422,-0.502119481564,0.772926449776,0.369582772255,-0.753908157349,0.499045342207,0.214440599084
-0.529609024525,-0.502697348595,0.772876262665,0.367422699928,-0.7545145154,0.498855113983,0.21645347774
-0.529867112637,-0.502536535263,0.772703766823,0.364273130894,-0.748363554478,0.505475401878,0.227489963174
-0.530375301838,-0.503055691719,0.773106813431,0.358006209135,-0.750018954277,0.506187200546,0.230386182666
-0.530622959137,-0.503506422043,0.773617267609,0.353845655918,-0.752231180668,0.5049238801,0.232364833355
-0.530710577965,-0.503786981106,0.773722887039,0.348540008068,-0.754978895187,0.503558218479,0.234426707029
-0.530821442604,-0.505023539066,0.775641858578,0.342847377062,-0.764267683029,0.495827287436,0.229141905904
-0.530416786671,-0.505253553391,0.776693940163,0.337229043245,-0.76695483923,0.49436172843,0.231653407216
-0.529763698578,-0.505373775959,0.777889251709,0.331430137157,-0.770009458065,0.492978155613,0.232835009694
-0.528939723969,-0.505398750305,0.779174864292,0.323167473078,-0.77252215147,0.493776321411,0.234430149198
-0.527903854847,-0.505311965942,0.780404031277,0.331024885178,-0.775141835213,0.48546859622,0.23215945065
-0.525648415089,-0.504720687866,0.781498670578,0.317222952843,-0.780507564545,0.484764248133,0.234906882048
-0.525365054607,-0.505148887634,0.783333420753,0.320540577173,-0.776427090168,0.488552212715,0.236075311899
-0.522742986679,-0.504552543163,0.784256339073,0.30584731698,-0.78334236145,0.486853122711,0.236233919859
-0.521237611771,-0.504560709,0.785550534725,0.301206886768,-0.785708129406,0.486788243055,0.234466031194
-0.519261002541,-0.503551840782,0.78606402874,0.298455387354,-0.778395652771,0.494786262512,0.245379537344
-0.517354905605,-0.503482341766,0.787109732628,0.293315559626,-0.78090441227,0.49499091506,0.243183746934
-0.515499830246,-0.503427386284,0.788505554199,0.292891442776,-0.781602919102,0.494140177965,0.243181183934
-0.513509809971,-0.503238201141,0.789456367493,0.288793891668,-0.783844530582,0.493837982416,0.241474539042
-0.511564433575,-0.503825545311,0.791164577007,0.284338951111,-0.792062222958,0.4882145226,0.231161087751
-0.509367704391,-0.503585577011,0.792226195335,0.282446354628,-0.792232751846,0.488807618618,0.231642946601
-0.507025063038,-0.502639889717,0.792684674263,0.284659653902,-0.785024881363,0.494445323944,0.24130602181
-0.504483520985,-0.502412736416,0.793470323086,0.271419614553,-0.783584833145,0.502020478249,0.245563909411
-0.50231897831,-0.502055227757,0.794275283813,0.271023929119,-0.784617304802,0.50148242712,0.243797197938
-0.49992698431,-0.501999139786,0.795391261578,0.270067542791,-0.784981548786,0.502605676651,0.241360858083
-0.498104035854,-0.502806425095,0.795973420143,0.279512435198,-0.797016561031,0.488080024719,0.220034822822
-0.495907962322,-0.502502322197,0.796436667442,0.281421720982,-0.796476125717,0.489040911198,0.217408686876
-0.493570446968,-0.502085506916,0.796900808811,0.281590163708,-0.795442581177,0.49124494195,0.216001227498
-0.491344153881,-0.501824438572,0.79734569788,0.282769590616,-0.7961384058,0.491081088781,0.212236478925
-0.489051401615,-0.501404941082,0.797741174698,0.283151090145,-0.795076549053,0.493274718523,0.210615709424
-0.486779481173,-0.500847697258,0.798187196255,0.283349305391,-0.794300556183,0.494860053062,0.209555089474
-0.484512150288,-0.500329554081,0.7984816432,0.282389223576,-0.794763028622,0.495374143124,0.207876443863
-0.482198655605,-0.499246627092,0.798702061176,0.28134483099,-0.791744709015,0.499050021172,0.211977437139
-0.479841589928,-0.498066902161,0.799058973789,0.283494770527,-0.783243894577,0.50628644228,0.223234891891
-0.477810680866,-0.497332274914,0.79927611351,0.279539853334,-0.782735824585,0.508247315884,0.225536674261
-0.475887030363,-0.496614605188,0.799226045609,0.274553716183,-0.78199750185,0.509775996208,0.230713412166
-0.474388629198,-0.496021598577,0.799360752106,0.272089362144,-0.780082404613,0.510767400265,0.237814262509
-0.473233908415,-0.495714992285,0.799539804459,0.273295789957,-0.7750467062,0.515581607819,0.242461740971
-0.472528040409,-0.495414018631,0.799370527267,0.272398859262,-0.770672976971,0.521353006363,0.245057329535
-0.471585988998,-0.495082587004,0.799363017082,0.271786302328,-0.766529917717,0.525940179825,0.248899564147
-0.471078038216,-0.494763553143,0.799314200878,0.26959002018,-0.766874313354,0.525907874107,0.250291794538
-0.470445543528,-0.494223147631,0.79950428009,0.266638696194,-0.767003297806,0.52595603466,0.252942889929
-0.471109867096,-0.494257241488,0.800442695618,0.275914281607,-0.760573923588,0.528486013412,0.257101804018
-0.470552891493,-0.493473380804,0.801107406616,0.272501379251,-0.759754061699,0.52921038866,0.261635810137
-0.470169246197,-0.492647856474,0.801788985729,0.270254284143,-0.760609567165,0.527938425541,0.264039307833
-0.47000169754,-0.491891771555,0.802576065063,0.26865875721,-0.763263523579,0.525084912777,0.263699114323
-0.469706237316,-0.491211146116,0.803593397141,0.266526997089,-0.763977944851,0.524549543858,0.26485645771
-0.469435095787,-0.490455776453,0.804846644402,0.263519853354,-0.764182209969,0.525195360184,0.265993773937
-0.469013035297,-0.489728838205,0.806256771088,0.262034237385,-0.76438999176,0.526059508324,0.265155166388
-0.468509972095,-0.489141047001,0.808039903641,0.260534316301,-0.764017522335,0.527581214905,0.26468321681
-0.467873215675,-0.488349050283,0.809968829155,0.258760899305,-0.763585984707,0.528554797173,0.265723645687
-0.46704185009,-0.487612307072,0.812145233154,0.255936682224,-0.762677669525,0.530675113201,0.266839295626
-0.467063307762,-0.487688213587,0.814695596695,0.253713935614,-0.771756768227,0.524692595005,0.254398465157
-0.46641510725,-0.48699760437,0.81705135107,0.252422243357,-0.772946536541,0.524589002132,0.252275645733
-0.46488815546,-0.485319167376,0.819128394127,0.250627040863,-0.76233959198,0.534263968468,0.265681147575
-0.463837742805,-0.484222769737,0.821442365646,0.246583640575,-0.762720108032,0.535595059395,0.265692770481
-0.462748348713,-0.483431369066,0.824249386787,0.246583089232,-0.760776102543,0.537198424339,0.268019676208
-0.461618006229,-0.482632368803,0.826701283455,0.245529413223,-0.76098126173,0.538421690464,0.265941649675
-0.460323750973,-0.481813758612,0.829108893871,0.242330387235,-0.759694814682,0.541195213795,0.26692250371
-0.458964586258,-0.481102019548,0.83175098896,0.24086342752,-0.757248997688,0.545219779015,0.267009794712
-0.457504272461,-0.480420976877,0.834286868572,0.240879967809,-0.755843400955,0.547410845757,0.266494035721
-0.456067383289,-0.479449033737,0.836549162865,0.237441435456,-0.752374053001,0.553302586079,0.267228573561
-0.454656600952,-0.478785037994,0.839020907879,0.23556740582,-0.749795734882,0.557501614094,0.267406672239
-0.452790141106,-0.477960437536,0.84190261364,0.236385852098,-0.749690234661,0.556416988373,0.269233256578
-0.45109012723,-0.477214574814,0.844394147396,0.234958574176,-0.748529314995,0.558669984341,0.269046545029
-0.449482321739,-0.476144373417,0.846772372723,0.233386665583,-0.747511684895,0.560027003288,0.27041965723
-0.447759926319,-0.47512319684,0.849057078362,0.230837240815,-0.74755102396,0.561102807522,0.270268648863
-0.446058571339,-0.474067002535,0.851459980011,0.230456978083,-0.746609032154,0.562202095985,0.270912498236
-0.444295346737,-0.472949594259,0.853877604008,0.228841155767,-0.747539877892,0.563245773315,0.267525941133
-0.442639946938,-0.471652001143,0.856459856033,0.228050097823,-0.747209429741,0.563376128674,0.268846720457
-0.440716505051,-0.470311552286,0.859126448631,0.228017255664,-0.747393131256,0.564192593098,0.266642779112
-0.439038038254,-0.468753516674,0.861703455448,0.22516913712,-0.747869849205,0.564319312572,0.267457276583
-0.437134861946,-0.467191755772,0.864403903484,0.225179851055,-0.748265266418,0.564667403698,0.265601396561
-0.435161679983,-0.465475648642,0.867212951183,0.223165825009,-0.748836755753,0.566239953041,0.262321919203
-0.432874828577,-0.463569134474,0.870476841927,0.221405372024,-0.751960873604,0.561796724796,0.264422178268
-0.43137344718,-0.461923807859,0.872598290443,0.221041977406,-0.7499371171,0.566744685173,0.259875506163
-0.429420471191,-0.460219204426,0.875445663929,0.218930408359,-0.750531852245,0.567665636539,0.257928788662
-0.427322566509,-0.458292007446,0.878306925297,0.218761235476,-0.751373291016,0.567423164845,0.256149917841
-0.424694061279,-0.456125795841,0.881608247757,0.215409368277,-0.755674183369,0.563393950462,0.255230754614
-0.422412961721,-0.45425978303,0.884575128555,0.214267939329,-0.756598651409,0.564635932446,0.250667601824
-0.42008665204,-0.452133953571,0.887504220009,0.213701680303,-0.757590949535,0.564836084843,0.247685208917
-0.417781114578,-0.449879109859,0.890678286552,0.210977137089,-0.759331464767,0.564027130604,0.246531620622
-0.415219843388,-0.447789698839,0.893793225288,0.210038974881,-0.760699391365,0.5646930933,0.241540670395
-0.412826657295,-0.445635437965,0.897028386593,0.208474516869,-0.76171195507,0.565001904964,0.238968878984
-0.410272628069,-0.443409413099,0.900351881981,0.20751157403,-0.762569963932,0.56590282917,0.234904587269
-0.407420396805,-0.440948367119,0.903958857059,0.205235004425,-0.764179766178,0.566619277,0.229892626405
-0.404798388481,-0.438539534807,0.907309055328,0.205031707883,-0.764712631702,0.56752961874,0.226023748517
-0.401886224747,-0.436085760593,0.910905182362,0.202145203948,-0.765356779099,0.569613099098,0.221149981022
-0.399053454399,-0.433272451162,0.914461553097,0.199201449752,-0.767205893993,0.568820774555,0.219446659088
-0.396262049675,-0.430495619774,0.917865097523,0.197490781546,-0.768833696842,0.569504857063,0.213439613581
-0.392950117588,-0.427661955357,0.921601116657,0.193483933806,-0.771630346775,0.568498551846,0.209666267037
-0.389961242676,-0.425105541945,0.925330877304,0.191920012236,-0.772225737572,0.570822000504,0.202476158738
-0.386775434017,-0.421822965145,0.929055869579,0.177770897746,-0.772175848484,0.57418346405,0.206047102809
-0.383724331856,-0.418844491243,0.932586431503,0.188614264131,-0.775556743145,0.570581436157,0.193321421742
-0.380553722382,-0.415634602308,0.936575055122,0.187522664666,-0.776299893856,0.570704758167,0.191023468971
-0.377740442753,-0.412348866463,0.93996155262,0.186568275094,-0.773240566254,0.577014029026,0.185327261686
-0.374801903963,-0.409078657627,0.94361191988,0.184470757842,-0.775601148605,0.57692027092,0.177697733045
-0.370491296053,-0.405733525753,0.948577821255,0.18068215251,-0.779874145985,0.573573291302,0.173678010702
-0.367148220539,-0.402068257332,0.952564179897,0.176838904619,-0.78193205595,0.573185920715,0.169611930847
-0.364531517029,-0.398127645254,0.95577776432,0.17251342535,-0.779146373272,0.58027946949,0.162621796131
-0.361126214266,-0.394438505173,0.95992487669,0.17052616179,-0.780655145645,0.580091893673,0.15808776021
-0.357631146908,-0.390670329332,0.964322626591,0.169339805841,-0.781792461872,0.579965651035,0.154157370329
-0.354351431131,-0.386712551117,0.968447566032,0.168175697327,-0.783411204815,0.579486072063,0.148928940296
-0.350724816322,-0.382550150156,0.972871780396,0.166045621037,-0.785598099232,0.577895283699,0.145950481296
-0.347299873829,-0.378794431686,0.977393805981,0.166980445385,-0.786731183529,0.577128589153,0.141754329205
-0.343824267387,-0.374537944794,0.98155349493,0.164457395673,-0.788654565811,0.576431632042,0.136763975024
-0.339139610529,-0.369559466839,0.987216711044,0.157791092992,-0.797806560993,0.56541967392,0.13750423491
-0.335626393557,-0.365364581347,0.991753518581,0.157715648413,-0.79916369915,0.564283668995,0.13434034586
-0.332052737474,-0.360951811075,0.996168196201,0.155478745699,-0.802155315876,0.561585426331,0.130365416408
-0.328341901302,-0.356634527445,1.00082325935,0.153657600284,-0.803475081921,0.560732603073,0.128047227859
-0.324729561806,-0.352318942547,1.00533652306,0.152597442269,-0.804446041584,0.559943199158,0.126666381955
