x,y,z,q0,q1,q2,q3
-0.415466457605,0.258492559195,0.815943837166,0.252767562866,-0.660565257072,-0.178616806865,-0.684001624584
-0.415706306696,0.260059475899,0.815578103065,0.253982245922,-0.660566151142,-0.176871195436,-0.684004366398
-0.415476232767,0.261598467827,0.815192818642,0.250466138124,-0.661309599876,-0.177651047707,-0.684380352497
-0.415916383266,0.262897580862,0.814512610435,0.25488191843,-0.645865857601,-0.169517487288,-0.699397087097
-0.415595412254,0.264457881451,0.814313948154,0.252945631742,-0.66167896986,-0.178755387664,-0.682822167873
-0.415670096874,0.265942364931,0.813861846924,0.253333568573,-0.662835538387,-0.178772300482,-0.681550860405
-0.415753006935,0.267607331276,0.813428580761,0.253017693758,-0.664122462273,-0.178520679474,-0.680480659008
-0.415996223688,0.26884919405,0.81266695261,0.254312515259,-0.648259460926,-0.171677649021,-0.696858346462
-0.416449010372,0.270496368408,0.812323868275,0.258219122887,-0.658844411373,-0.178601667285,-0.683628857136
-0.416252106428,0.271976917982,0.811820805073,0.255400627851,-0.659430027008,-0.18000651896,-0.683754563332
-0.416488945484,0.273418068886,0.81120967865,0.258469253778,-0.65891879797,-0.182075023651,-0.682545542717
-0.416791796684,0.274752378464,0.810545682907,0.259188920259,-0.645190119743,-0.173901557922,-0.697358608246
-0.417465388775,0.276368439198,0.810069143772,0.257630079985,-0.644675076008,-0.171742707491,-0.698945999146
-0.41695073247,0.277953982353,0.809776425362,0.258089900017,-0.647728443146,-0.17427483201,-0.695317089558
-0.417248934507,0.279380440712,0.809170663357,0.262069433928,-0.656635165215,-0.184488430619,-0.68272536993
-0.417637735605,0.281023204327,0.808627307415,0.261873483658,-0.645471870899,-0.17409914732,-0.696044445038
-0.418189227581,0.282601892948,0.808140039444,0.260829210281,-0.659189105034,-0.181641995907,-0.681501269341
-0.418288171291,0.284070879221,0.807712197304,0.261685311794,-0.659055709839,-0.182871818542,-0.680973052979
-0.418061465025,0.285418987274,0.807165145874,0.264284849167,-0.65623319149,-0.186559543014,-0.68169426918
-0.418418526649,0.286914587021,0.806432008743,0.264188945293,-0.644424021244,-0.178043603897,-0.695141971111
-0.418483227491,0.288441240788,0.806070923805,0.264932632446,-0.6569262743,-0.18818809092,-0.680326163769
-0.418966680765,0.290200769901,0.805633306503,0.266355395317,-0.65689355135,-0.186073854566,-0.68038392067
-0.418919026852,0.291794806719,0.805297076702,0.264309495687,-0.660432994366,-0.186972305179,-0.677502989769
-0.419376939535,0.293166846037,0.804599523544,0.266767531633,-0.658870398998,-0.186992526054,-0.678055167198
-0.419376820326,0.294375389814,0.803941369057,0.267543822527,-0.656201481819,-0.190681323409,-0.679308831692
-0.419731706381,0.295924395323,0.803348302841,0.2681607306,-0.65708899498,-0.191385164857,-0.678008615971
-0.419867008924,0.297345817089,0.802909970284,0.267624109983,-0.65814101696,-0.192151576281,-0.676982760429
-0.420298904181,0.298755973577,0.802200555801,0.267076998949,-0.645245432854,-0.183114245534,-0.691952049732
-0.420242518187,0.300203084946,0.801899909973,0.265940129757,-0.647607624531,-0.184434324503,-0.689829170704
-0.420754671097,0.301815271378,0.801516652107,0.269956380129,-0.657393157482,-0.192051678896,-0.67681157589
-0.421439170837,0.303203821182,0.800837576389,0.267079889774,-0.656650722027,-0.190491825342,-0.679110527039
-0.421145737171,0.304636538029,0.800602793694,0.267958760262,-0.64757090807,-0.18437962234,-0.689096748829
-0.421116352081,0.305848479271,0.800086677074,0.267319351435,-0.648741960526,-0.186622872949,-0.687638223171
-0.421369075775,0.307432383299,0.799726963043,0.268151432276,-0.660571873188,-0.19540861249,-0.673465013504
-0.421724379063,0.308555930853,0.799038171768,0.271149456501,-0.657834649086,-0.197288542986,-0.67439520359
-0.422090709209,0.310040563345,0.798465192318,0.271722584963,-0.657971918583,-0.198059752584,-0.673804342747
-0.422265350819,0.311690926552,0.798415362835,0.270148634911,-0.659895181656,-0.195197582245,-0.673391342163
-0.42227512598,0.312784790993,0.797984361649,0.269629448652,-0.660325109959,-0.198230192065,-0.672291338444
-0.422952979803,0.314132213593,0.797394871712,0.273753255606,-0.65823328495,-0.198016524315,-0.672738909721
-0.423146784306,0.315579533577,0.797159075737,0.272091805935,-0.660320341587,-0.197129055858,-0.671627163887
-0.423332124949,0.316490650177,0.796457409859,0.274118930101,-0.656889855862,-0.200369730592,-0.673206150532
-0.423254191875,0.317841023207,0.796434998512,0.27134719491,-0.661984741688,-0.199585705996,-0.669561445713
-0.423806160688,0.318804085255,0.795555830002,0.274547338486,-0.645215570927,-0.193090468645,-0.68632119894
-0.42379835248,0.320321500301,0.795454263687,0.272755354643,-0.659992218018,-0.201595649123,-0.670353591442
-0.4244607687,0.321544140577,0.794912993908,0.276360601187,-0.657122194767,-0.200351342559,-0.672067344189
-0.423743337393,0.322402536869,0.794776678085,0.275048315525,-0.649326205254,-0.196650207043,-0.681214153767
-0.424165159464,0.323389351368,0.794138550758,0.277889996767,-0.646832764149,-0.198287084699,-0.681958138943
-0.424994260073,0.325440973043,0.793981909752,0.276223242283,-0.659875154495,-0.199405610561,-0.669703543186
-0.425339221954,0.326449364424,0.793429255486,0.279242902994,-0.657228291035,-0.200956746936,-0.670589923859
-0.42557862401,0.327431082726,0.793053925037,0.279178828001,-0.657115995884,-0.20147639513,-0.670570671558
-0.425812005997,0.32847571373,0.792601883411,0.27819737792,-0.645963191986,-0.193491443992,-0.684031426907
-0.426006793976,0.329376399517,0.792260169983,0.278778731823,-0.645196914673,-0.194422721863,-0.684253811836
-0.426145851612,0.330464601517,0.791891038418,0.279584228992,-0.645232319832,-0.195028960705,-0.683719038963
-0.425583213568,0.331472873688,0.791747093201,0.278047829866,-0.648838996887,-0.198397397995,-0.679952859879
-0.426028102636,0.332296609879,0.791271686554,0.281141877174,-0.64604139328,-0.198540389538,-0.681301414967
-0.426379024982,0.333382606506,0.790321946144,0.280486226082,-0.644672632217,-0.196833893657,-0.683360278606
-0.426592290401,0.334377557039,0.790343284607,0.280910164118,-0.657355844975,-0.205696091056,-0.668327748775
-0.426168978214,0.33536568284,0.78985619545,0.282630294561,-0.657252132893,-0.207563847303,-0.667125999928
-0.426621109247,0.336265027523,0.789367794991,0.281823903322,-0.657134175301,-0.206399813294,-0.667944014072
-0.426303118467,0.336701005697,0.789055347443,0.2818544209,-0.646581232548,-0.201048478484,-0.679757714272
-0.426790565252,0.337745606899,0.788651645184,0.278699666262,-0.647300302982,-0.199096396565,-0.680947482586
-0.426350444555,0.338613420725,0.78845089674,0.28135111928,-0.660135507584,-0.210507631302,-0.663889586926
-0.426304876804,0.339171648026,0.787930905819,0.282133817673,-0.658998608589,-0.211426079273,-0.66439473629
-0.426689863205,0.340151846409,0.7875649333,0.281799316406,-0.6589371562,-0.208209082484,-0.665612578392
-0.426744699478,0.340796560049,0.787285387516,0.279879778624,-0.647945284843,-0.199934154749,-0.679603219032
-0.426450759172,0.34146207571,0.7865473032,0.281112015247,-0.646907269955,-0.200762838125,-0.67983931303
-0.426350206137,0.342041254044,0.786201477051,0.281383126974,-0.646986067295,-0.201167464256,-0.679532468319
-0.425720304251,0.342754781246,0.786373138428,0.279157280922,-0.651645362377,-0.203159108758,-0.675393164158
-0.426094323397,0.34343868494,0.785926759243,0.277340590954,-0.651054084301,-0.199743941426,-0.677726507187
-0.425741881132,0.343778192997,0.785475790501,0.282324433327,-0.648336231709,-0.203425943851,-0.677178621292
-0.425777465105,0.344365358353,0.784951329231,0.282936453819,-0.659114956856,-0.211094632745,-0.664043426514
-0.425463497639,0.344734072685,0.784288644791,0.281269192696,-0.646813213825,-0.202386662364,-0.6793820858
-0.425329178572,0.345076918602,0.784183382988,0.281748503447,-0.647149205208,-0.202497765422,-0.678830087185
-0.424902766943,0.345446079969,0.783767938614,0.282044798136,-0.647306144238,-0.203755572438,-0.678180873394
-0.424529522657,0.345896542072,0.783388376236,0.282744497061,-0.647083699703,-0.202918827534,-0.678352594376
-0.424354761839,0.346499860287,0.783511281013,0.282506912947,-0.660123348236,-0.210982874036,-0.663259744644
-0.424016922712,0.346788167953,0.783237457275,0.28289860487,-0.659794151783,-0.210995391011,-0.663416266441
-0.423602074385,0.346875369549,0.782967627048,0.282704502344,-0.647965252399,-0.201914995909,-0.677827119827
-0.422909975052,0.34749174118,0.783016264439,0.281042307615,-0.663058161736,-0.208565980196,-0.661717057228
-0.422499865294,0.347651898861,0.782772600651,0.281728953123,-0.662684381008,-0.20792748034,-0.662000358105
-0.422052741051,0.347789436579,0.782549262047,0.282239735126,-0.662280142307,-0.207586750388,-0.662294149399
-0.420751601458,0.347381561995,0.782264351845,0.281681895256,-0.663525104523,-0.213185697794,-0.659501075745
-0.420485645533,0.347194701433,0.781820416451,0.28497338295,-0.660149395466,-0.214186489582,-0.661148428917
-0.420619726181,0.347301930189,0.781472206116,0.286075621843,-0.657423973083,-0.209853515029,-0.664767742157
-0.419564396143,0.347454071045,0.781610608101,0.281440347433,-0.662368178368,-0.209468066692,-0.661953866482
-0.419039428234,0.347397536039,0.781458437443,0.281976908445,-0.661800205708,-0.208916246891,-0.66246765852
-0.41855609417,0.346946120262,0.781088173389,0.283930629492,-0.646713018417,-0.200679957867,-0.678876459599
-0.417923599482,0.346846997738,0.780995249748,0.284042984247,-0.646794974804,-0.20002181828,-0.678945541382
-0.41734161973,0.346731692553,0.780896186829,0.284156739712,-0.64632755518,-0.198882028461,-0.679677605629
-0.416475087404,0.347001373768,0.781087517738,0.282326251268,-0.661234200001,-0.205343276262,-0.6639996171
-0.416301190853,0.346706777811,0.780652999878,0.287848770618,-0.655441045761,-0.202862069011,-0.668122112751
-0.414792269468,0.346590459347,0.781030535698,0.284884035587,-0.660412967205,-0.204352363944,-0.664030075073
-0.414845496416,0.346518993378,0.780775129795,0.286871224642,-0.65661329031,-0.20052061975,-0.668098390102
-0.413970738649,0.346146464348,0.78065264225,0.286541372538,-0.656663000584,-0.201885953546,-0.667779743671
-0.41324570775,0.345684677362,0.780253171921,0.287463575602,-0.643078863621,-0.193416878581,-0.682937860489
-0.412607580423,0.345746070147,0.780784547329,0.283947497606,-0.646596670151,-0.190140858293,-0.682006657124
-0.41216930747,0.345385611057,0.780568361282,0.287269204855,-0.643671512604,-0.190277770162,-0.683343112469
-0.411100059748,0.345059782267,0.780700027943,0.289167195559,-0.643598914146,-0.191382750869,-0.682301580906
-0.410859763622,0.34500682354,0.780586361885,0.288062721491,-0.642787218094,-0.188101381063,-0.684443175793
-0.409780949354,0.344918847084,0.780811429024,0.290310233831,-0.654994487762,-0.197370037436,-0.669139325619
-0.409660607576,0.344916492701,0.780700445175,0.289050668478,-0.654553353786,-0.19453407824,-0.670944273472
-0.409304350615,0.344843626022,0.780689358711,0.289356082678,-0.654809296131,-0.194100573659,-0.670688331127
-0.409146994352,0.344956099987,0.780845820904,0.290987730026,-0.655384421349,-0.192340090871,-0.669927418232
-0.409146904945,0.344706982374,0.780747175217,0.290338695049,-0.643327057362,-0.185172468424,-0.683772623539
-0.409108400345,0.344808399677,0.780627369881,0.290314257145,-0.644287705421,-0.184064388275,-0.683177411556
-0.409267455339,0.344960957766,0.780478954315,0.289754867554,-0.644913733006,-0.182591378689,-0.683219432831
-0.409340500832,0.345366030931,0.780281186104,0.289747238159,-0.658115565777,-0.18618427217,-0.6695266366
-0.409565806389,0.345479816198,0.780164003372,0.288863509893,-0.658206760883,-0.185320913792,-0.670058131218
-0.409797906876,0.345564544201,0.780057728291,0.287950068712,-0.658190906048,-0.185079395771,-0.670533657074
-0.4100497365,0.345663845539,0.779992938042,0.287084370852,-0.657811701298,-0.185856372118,-0.671061694622
-0.409830063581,0.345737159252,0.780096709728,0.282897233963,-0.660910904408,-0.187416315079,-0.669358611107
-0.410343676805,0.345389664173,0.779575109482,0.285814315081,-0.645175695419,-0.181868597865,-0.684822916985
-0.410700052977,0.345603317022,0.779831469059,0.283499509096,-0.645758271217,-0.184162437916,-0.684623003006
-0.410990387201,0.345869451761,0.779698550701,0.283885627985,-0.645978868008,-0.181863889098,-0.684869110584
-0.4112829566,0.345854848623,0.779563963413,0.28606107831,-0.644033670425,-0.18304759264,-0.685480475426
-0.411520302296,0.346257537603,0.77970790863,0.284829616547,-0.645883917809,-0.182718276978,-0.684339225292
-0.411750763655,0.346510589123,0.779706180096,0.285431712866,-0.646208584309,-0.183199033141,-0.683653056622
-0.412014126778,0.346783727407,0.779709815979,0.285713881254,-0.646932423115,-0.183543339372,-0.682757496834
-0.412262886763,0.34727153182,0.779764771461,0.286125421524,-0.658935129642,-0.19123467803,-0.668854355812
-0.412615060806,0.347585767508,0.779738426208,0.285933166742,-0.659230530262,-0.19121670723,-0.668650567532
-0.412973493338,0.347843319178,0.779711663723,0.285737484694,-0.659146845341,-0.19101023674,-0.66887563467
-0.413324087858,0.348131299019,0.779690146446,0.285335749388,-0.659235179424,-0.190723925829,-0.66904181242
-0.413445353508,0.34856185317,0.779887497425,0.282530248165,-0.661846101284,-0.189412534237,-0.668026506901
-0.413770705462,0.348795473576,0.779866993427,0.282073318958,-0.66186273098,-0.189618229866,-0.668144524097
-0.41458901763,0.348969131708,0.779551029205,0.286247134209,-0.657402813435,-0.189620882273,-0.67076665163
-0.414797991514,0.349303930998,0.779937148094,0.281126856804,-0.650286436081,-0.181605771184,-0.681993246078
-0.415219306946,0.349392682314,0.780006229877,0.280917406082,-0.64903897047,-0.184962049127,-0.682365655899
-0.415733665228,0.349454045296,0.779772758484,0.283206582069,-0.646618723869,-0.186457335949,-0.683309614658
-0.415977716446,0.349812507629,0.779696762562,0.282724350691,-0.648441493511,-0.184342488647,-0.682355105877
-0.416349440813,0.350477159023,0.779537200928,0.283119767904,-0.6608954072,-0.190348520875,-0.668451964855
-0.416726857424,0.350717842579,0.779504776001,0.282726764679,-0.661120295525,-0.190241962671,-0.668426334858
-0.417136818171,0.350887358189,0.779499530792,0.282708019018,-0.661123633385,-0.190724760294,-0.668293356895
-0.417285233736,0.351134449244,0.779818415642,0.279640674591,-0.663924694061,-0.191265657544,-0.666650235653
-0.41761469841,0.351307570934,0.779808759689,0.279171854258,-0.66413384676,-0.191754370928,-0.666498064995
-0.418096005917,0.351294726133,0.779637217522,0.281122893095,-0.661838769913,-0.193232640624,-0.667533278465
-0.418156027794,0.351225584745,0.779583275318,0.280197948217,-0.662336409092,-0.195830821991,-0.666670739651
-0.418263971806,0.351561814547,0.779875338078,0.27662691474,-0.665794491768,-0.194833040237,-0.665007770061
-0.418623447418,0.35161280632,0.779932260513,0.276595473289,-0.665568590164,-0.195774167776,-0.664970636368
-0.418928325176,0.351708769798,0.779975950718,0.276146620512,-0.665812134743,-0.196193531156,-0.664789736271
-0.419391304255,0.351645559072,0.779809832573,0.278103649616,-0.663796722889,-0.197549328208,-0.665587544441
-0.419610053301,0.351697057486,0.779866635799,0.277832835913,-0.664240241051,-0.19790007174,-0.665153563023
-0.419871866703,0.351776629686,0.779920458794,0.277297496796,-0.664540946484,-0.197882205248,-0.665082156658
-0.420094698668,0.351815968752,0.77999573946,0.276896566153,-0.664965629578,-0.198306471109,-0.664698064327
-0.42027169466,0.351874470711,0.780091166496,0.276412546635,-0.665723443031,-0.198525741696,-0.664075255394
-0.420483082533,0.351652115583,0.780154705048,0.275656968355,-0.653356134892,-0.190083608031,-0.678975105286
-0.420659422874,0.351593643427,0.780300140381,0.275802373886,-0.653339385986,-0.190436199307,-0.678833425045
-0.420938938856,0.351970523596,0.780589222908,0.276715099812,-0.665614485741,-0.196585923433,-0.664635360241
-0.421047151089,0.351929694414,0.780743598938,0.276286095381,-0.665798425674,-0.19633358717,-0.664704203606
-0.421144932508,0.351887345314,0.780887961388,0.275811195374,-0.665838837624,-0.196220934391,-0.664894282818
-0.421197354794,0.351807892323,0.78106534481,0.27554115653,-0.665735006332,-0.195785135031,-0.665238559246
-0.421238869429,0.351743429899,0.781213223934,0.275226414204,-0.665770232677,-0.195622041821,-0.665381669998
-0.421236991882,0.351653724909,0.781376123428,0.275073081255,-0.665596306324,-0.195426300168,-0.665676355362
-0.421043992043,0.35139554739,0.781433105469,0.274274736643,-0.665709257126,-0.197114393115,-0.665394961834
-0.421001106501,0.35119253397,0.781650185585,0.274405568838,-0.66538465023,-0.197384059429,-0.665585815907
-0.420920342207,0.351029962301,0.781849741936,0.27427148819,-0.665398716927,-0.197456762195,-0.66560536623
-0.42078986764,0.350857585669,0.782055616379,0.274239450693,-0.665588080883,-0.197522848845,-0.665409743786
-0.420560359955,0.350555241108,0.782092928886,0.275156617165,-0.664706885815,-0.19809050858,-0.665743112564
-0.42042028904,0.350372672081,0.782270550728,0.274981707335,-0.664661347866,-0.198084324598,-0.665862560272
-0.420261472464,0.350194066763,0.782446265221,0.274798899889,-0.6646296978,-0.197869107127,-0.666033565998
-0.420072168112,0.349995076656,0.782626271248,0.274517029524,-0.664700686932,-0.197671681643,-0.666137695312
-0.419981122017,0.349473148584,0.782817363739,0.274064302444,-0.650949954987,-0.189472466707,-0.682094633579
-0.419729292393,0.349629163742,0.783205688,0.272978365421,-0.664916157722,-0.196573391557,-0.666879475117
-0.419509351254,0.349424093962,0.78341370821,0.272671699524,-0.664624214172,-0.196213155985,-0.667401850224
-0.41930770874,0.349222004414,0.783595860004,0.272143602371,-0.664396226406,-0.195538073778,-0.668042302132
-0.419031351805,0.349041283131,0.783761560917,0.271741658449,-0.664452672005,-0.195245414972,-0.668235301971
-0.418798744678,0.348778992891,0.783918261528,0.271957159042,-0.664000988007,-0.195353552699,-0.668565034866
-0.418604075909,0.348496496677,0.784093499184,0.272170484066,-0.663564682007,-0.195491746068,-0.668870747089
-0.418177604675,0.348394453526,0.784486174583,0.269762724638,-0.665875017643,-0.194559454918,-0.667821288109
-0.418244540691,0.348358660936,0.784712672234,0.270231187344,-0.665052294731,-0.191696181893,-0.669278204441
-0.41797593236,0.348060697317,0.784930288792,0.269963651896,-0.664871513844,-0.191569015384,-0.669601917267
-0.417828947306,0.347517639399,0.784986495972,0.272413164377,-0.661530435085,-0.192556098104,-0.671633005142
-0.417577475309,0.347215473652,0.785195589066,0.272070854902,-0.66125869751,-0.19234316051,-0.672100186348
-0.417399615049,0.346890419722,0.785368680954,0.27215731144,-0.660621881485,-0.192209169269,-0.672729372978
-0.417224049568,0.346559464931,0.785545349121,0.272215664387,-0.660296559334,-0.192226991057,-0.673020124435
-0.417128950357,0.346020847559,0.785681426525,0.271523177624,-0.647340238094,-0.18382614851,-0.688065230846
-0.416654825211,0.345375925303,0.78588360548,0.271072268486,-0.647520124912,-0.186767309904,-0.687281310558
-0.416694492102,0.345526188612,0.786277890205,0.271617889404,-0.660214602947,-0.191653624177,-0.673505306244
-0.416460156441,0.345039606094,0.786541700363,0.272111743689,-0.659299254417,-0.191813230515,-0.674156904221
-0.416091799736,0.344448745251,0.786728918552,0.271181106567,-0.659149110317,-0.19359883666,-0.674168348312
-0.416040837765,0.344051241875,0.78697091341,0.271472066641,-0.658593833447,-0.193390861154,-0.674653470516
-0.415930569172,0.34361949563,0.787255585194,0.271535158157,-0.65861839056,-0.193466544151,-0.674582242966
-0.415760397911,0.343131542206,0.787628173828,0.271432995796,-0.66122418642,-0.193671494722,-0.672010481358
-0.41571187973,0.342680066824,0.787855029106,0.270769238472,-0.658722758293,-0.193174943328,-0.67487180233
-0.415677756071,0.342015266418,0.788030803204,0.272221565247,-0.658636987209,-0.19369623065,-0.674221515656
-0.415653526783,0.341739028692,0.788503646851,0.270166039467,-0.660095393658,-0.192992553115,-0.673823773861
-0.415670603514,0.341126322746,0.788640499115,0.269051760435,-0.646011471748,-0.184485673904,-0.690105438232
-0.415934294462,0.341027855873,0.7891664505,0.269875198603,-0.659015715122,-0.189908877015,-0.675870060921
-0.415673464537,0.340324163437,0.789339244366,0.268836557865,-0.657438695431,-0.192410156131,-0.677111327648
-0.415451109409,0.340035229921,0.789970636368,0.265255838633,-0.661317229271,-0.191113829613,-0.675110697746
-0.415491312742,0.33952280879,0.790307879448,0.265282303095,-0.662222087383,-0.191398188472,-0.674132287502
-0.415648072958,0.339072197676,0.790588378906,0.264708936214,-0.662562191486,-0.19099740684,-0.674136996269
-0.415837794542,0.338519692421,0.790813326836,0.265388965607,-0.66173350811,-0.191070497036,-0.674662590027
-0.415993899107,0.337898254395,0.791140139103,0.265889853239,-0.661478579044,-0.191409170628,-0.674619376659
-0.416467756033,0.337394177914,0.791414022446,0.268171012402,-0.661677718163,-0.190059617162,-0.673902273178
-0.41679289937,0.33662623167,0.791493058205,0.267311990261,-0.646424412727,-0.181548640132,-0.691172838211
-0.417106032372,0.336080342531,0.791685581207,0.266787230968,-0.646316409111,-0.181144505739,-0.691582620144
-0.416979312897,0.335432857275,0.791962385178,0.266308486462,-0.659340560436,-0.191338628531,-0.676564395428
-0.417146474123,0.334741950035,0.79218506813,0.266066372395,-0.659715652466,-0.191937476397,-0.676124274731
-0.417333841324,0.334080576897,0.792342841625,0.265619456768,-0.660115897655,-0.191870853305,-0.675928235054
-0.41766422987,0.333556503057,0.792433738708,0.264572918415,-0.660754919052,-0.190919980407,-0.675983607769
-0.417916625738,0.332929283381,0.792565703392,0.264186024666,-0.661124229431,-0.190606996417,-0.675862193108
-0.418100386858,0.332181274891,0.792704880238,0.264190614223,-0.662295639515,-0.191150531173,-0.674558699131
-0.418320149183,0.331501603127,0.792709112167,0.263846307993,-0.663041949272,-0.19098842144,-0.674005866051
-0.418422996998,0.330982506275,0.792842566967,0.261154294014,-0.665155410767,-0.189993813634,-0.673252701759
-0.419592320919,0.330300837755,0.79251408577,0.261059582233,-0.661375284195,-0.187057778239,-0.677820086479
-0.419134020805,0.329343408346,0.792510032654,0.262777090073,-0.662505447865,-0.191816285253,-0.674715697765
-0.419365286827,0.328578054905,0.792495846748,0.259337693453,-0.652642726898,-0.1826749295,-0.688063442707
-0.419731527567,0.327671587467,0.792255282402,0.261848241091,-0.650412619114,-0.184407144785,-0.688761949539
-0.419878661633,0.327062606812,0.792215108871,0.261695742607,-0.663859665394,-0.192661061883,-0.673563182354
-0.4200758636,0.326258003712,0.792143523693,0.261453002691,-0.665898740292,-0.19268424809,-0.671635389328
-0.420411527157,0.325195133686,0.791960537434,0.26073667407,-0.65108114481,-0.185800328851,-0.688177466393
-0.420592010021,0.324345618486,0.791861593723,0.260038048029,-0.651482224464,-0.186088740826,-0.687984228134
-0.420679569244,0.323629796505,0.791831731796,0.260788083076,-0.66431671381,-0.194508895278,-0.672933340073
-0.420958846807,0.322683215141,0.791810810566,0.260263323784,-0.663737356663,-0.19455036521,-0.673695743084
-0.421135574579,0.32167711854,0.791697978973,0.260852485895,-0.665503203869,-0.195585682988,-0.671422183514
-0.421663194895,0.320771813393,0.791736006737,0.262168258429,-0.664405047894,-0.193852856755,-0.672498881817
-0.421870708466,0.319803595543,0.791685938835,0.261587321758,-0.662404537201,-0.19360306859,-0.674766838551
-0.421877890825,0.318509101868,0.79149389267,0.261118352413,-0.662381649017,-0.196448877454,-0.674148082733
-0.422014266253,0.317395329475,0.791529119015,0.261301249266,-0.66235935688,-0.196644067764,-0.674042165279
-0.422288566828,0.31621068716,0.791653454304,0.26149982214,-0.66405916214,-0.196510121226,-0.67232966423
-0.422668755054,0.315242290497,0.791796565056,0.262087792158,-0.663022637367,-0.195352628827,-0.673460006714
-0.422739505768,0.314232617617,0.792083859444,0.259530186653,-0.665317296982,-0.193750396371,-0.672649919987
-0.42266818881,0.312797188759,0.792214393616,0.25877559185,-0.667122542858,-0.195729598403,-0.670576393604
-0.4234392941,0.311474174261,0.792083859444,0.262758344412,-0.661194682121,-0.194726288319,-0.675175189972
-0.423491746187,0.310013473034,0.79216080904,0.26344037056,-0.661363601685,-0.196956306696,-0.674096167088
-0.423368006945,0.308568745852,0.791983366013,0.264755666256,-0.660127639771,-0.198572382331,-0.674318253994
-0.42406591773,0.307145178318,0.792363226414,0.26382496953,-0.648004889488,-0.188767269254,-0.689095795155
-0.424182087183,0.305673658848,0.792660713196,0.263927072287,-0.648078918457,-0.189826473594,-0.688696026802
-0.424682021141,0.304605156183,0.792867898941,0.26428642869,-0.647936165333,-0.186442747712,-0.689616262913
-0.424777418375,0.303264796734,0.793311715126,0.265817970037,-0.66208678484,-0.195433273911,-0.672895133495
-0.425080835819,0.301899135113,0.793510854244,0.265741407871,-0.659851551056,-0.195278674364,-0.675161898136
-0.425021111965,0.300457030535,0.793379664421,0.266849547625,-0.658792078495,-0.195685833693,-0.675641417503
-0.425342798233,0.298757970333,0.793848156929,0.264184862375,-0.647606611252,-0.188707217574,-0.689348697662
-0.425151705742,0.297579735518,0.794610381126,0.262538522482,-0.664142727852,-0.19747890532,-0.671557962894
-0.425633490086,0.295914322138,0.79473477602,0.266471982002,-0.659095168114,-0.198657020926,-0.674627065659
-0.42569950223,0.294712126255,0.795199692249,0.262908697128,-0.661132216454,-0.196981176734,-0.674523472786
-0.426023632288,0.293422698975,0.795681238174,0.264237195253,-0.661394357681,-0.195740461349,-0.67410826683
-0.426207751036,0.29201617837,0.796126306057,0.26390683651,-0.66195243597,-0.195927858353,-0.673635303974
-0.426136434078,0.290298402309,0.796609640121,0.26376581192,-0.663608968258,-0.198682099581,-0.671249806881
-0.426240026951,0.288856297731,0.797088861465,0.262780845165,-0.661317169666,-0.198699891567,-0.673887431622
-0.426711797714,0.28740260005,0.797389745712,0.266855180264,-0.657803595066,-0.198194161057,-0.675871253014
-0.426593273878,0.285692572594,0.797798991203,0.266423940659,-0.658970952034,-0.200385645032,-0.674256026745
-0.426786452532,0.284356594086,0.798412740231,0.267709374428,-0.6592669487,-0.199183791876,-0.673813521862
-0.426756531,0.283095955849,0.799075722694,0.264418065548,-0.659445106983,-0.196837723255,-0.675625801086
-0.426489830017,0.281393259764,0.799531638622,0.263886988163,-0.659479916096,-0.199839115143,-0.674918115139
-0.426723212004,0.279632717371,0.799963712692,0.266746908426,-0.656633079052,-0.200834363699,-0.676272690296
-0.426558017731,0.278187185526,0.800508618355,0.266619563103,-0.655955612659,-0.200658261776,-0.67703217268
-0.4265845716,0.277133613825,0.801362156868,0.264229357243,-0.658785581589,-0.196751773357,-0.676367640495
-0.42675819993,0.275325536728,0.801532745361,0.265328794718,-0.643113851547,-0.189252570271,-0.692956387997
-0.426619261503,0.27386406064,0.802326917648,0.265662938356,-0.655904352665,-0.197420418262,-0.678408265114
-0.426292896271,0.272643089294,0.803140938282,0.264258980751,-0.656490921974,-0.196072906256,-0.678779959679
-0.426017314196,0.270868331194,0.803524494171,0.26203969121,-0.643788933754,-0.189524412155,-0.693506658077
-0.426357626915,0.269334673882,0.80408346653,0.263679951429,-0.652257442474,-0.196141451597,-0.683053255081
-0.42585298419,0.26792883873,0.80494761467,0.266772449017,-0.654143095016,-0.197726562619,-0.67958343029
-0.425680935383,0.266370892525,0.805333256721,0.264472395182,-0.639299333096,-0.188474193215,-0.697013795376
-0.425350666046,0.26501378417,0.806081295013,0.264544695616,-0.650578200817,-0.197534903884,-0.683918237686
-0.425119191408,0.263591468334,0.806977927685,0.266166955233,-0.649823963642,-0.197382196784,-0.684049904346
-0.424924254417,0.262102156878,0.807756662369,0.264994412661,-0.650334656239,-0.196336299181,-0.684320807457
-0.424758911133,0.260659426451,0.808245897293,0.263331443071,-0.636347830296,-0.187047064304,-0.700522184372
-0.424228042364,0.259219527245,0.80903750658,0.263224720955,-0.636212706566,-0.188309207559,-0.700346887112
-0.423949569464,0.257894337177,0.810031712055,0.262820035219,-0.647514164448,-0.196034178138,-0.687911212444
-0.423572182655,0.25691229105,0.811224222183,0.261279076338,-0.649984419346,-0.193384200335,-0.68691778183
-0.423572123051,0.255394309759,0.811971187592,0.25877520442,-0.647770226002,-0.192138105631,-0.690298438072
-0.423424899578,0.254228532314,0.812785625458,0.258160471916,-0.647331416607,-0.190710812807,-0.691335499287
-0.422990739346,0.252528488636,0.81317448616,0.262077927589,-0.631918787956,-0.18672208488,-0.705073535442
-0.423038601875,0.251509130001,0.814262986183,0.263388246298,-0.643801629543,-0.192666053772,-0.692117094994
-0.422582417727,0.250293195248,0.815220236778,0.263044536114,-0.644906699657,-0.194341644645,-0.690749168396
-0.422218829393,0.249245032668,0.81606221199,0.260402917862,-0.646023988724,-0.194192513824,-0.690747737885
-0.422268033028,0.247845590115,0.816791892052,0.261561393738,-0.643696546555,-0.196613162756,-0.691797435284
-0.422014147043,0.247015833855,0.817881703377,0.261575728655,-0.643151581287,-0.193347424269,-0.693217873573
-0.422333270311,0.245604708791,0.818383455276,0.261272341013,-0.638917446136,-0.194523990154,-0.696908593178
-0.421848773956,0.244839265943,0.819303870201,0.259491324425,-0.641158998013,-0.195629820228,-0.695203840733
-0.421944826841,0.243801683187,0.820115447044,0.260815501213,-0.626633644104,-0.186516523361,-0.710293769836
-0.422087728977,0.242566540837,0.820949435234,0.263421297073,-0.636427938938,-0.197981283069,-0.697403848171
-0.422283113003,0.241658121347,0.821585774422,0.263685584068,-0.633721470833,-0.199318394065,-0.69938492775
-0.422024995089,0.240296900272,0.822582960129,0.264373600483,-0.63627743721,-0.205524355173,-0.69499450922
-0.422343075275,0.239353224635,0.822795033455,0.264251232147,-0.619115531445,-0.196221470833,-0.712996780872
-0.422558575869,0.238680362701,0.824061214924,0.26391685009,-0.634209811687,-0.203383117914,-0.697682797909
-0.423187553883,0.237386330962,0.824484169483,0.26404684782,-0.630495071411,-0.20569679141,-0.700317144394
-0.42308691144,0.236624345183,0.825313091278,0.266588151455,-0.629400610924,-0.208467200398,-0.699519217014
-0.423400729895,0.23555766046,0.825966238976,0.265891224146,-0.629244506359,-0.210115671158,-0.699431777
-0.42394593358,0.234490737319,0.826502203941,0.264538049698,-0.616279542446,-0.201805174351,-0.71378839016
-0.424356788397,0.233546376228,0.827359199524,0.266547828913,-0.628565907478,-0.213120698929,-0.698882520199
-0.424644500017,0.232827499509,0.828174352646,0.263239294291,-0.629474878311,-0.21267452836,-0.699454009533
-0.425114840269,0.231440514326,0.828591823578,0.264581173658,-0.627531826496,-0.216052681208,-0.699658453465
-0.425762891769,0.23057423532,0.829324126244,0.264966934919,-0.626414179802,-0.215519875288,-0.700677573681
-0.426332116127,0.229633942246,0.829695999622,0.262742221355,-0.613547027111,-0.207247182727,-0.715244948864
-0.426323115826,0.228590831161,0.830793559551,0.262755662203,-0.629545032978,-0.218999713659,-0.697618603706
-0.427079617977,0.22739867866,0.831242799759,0.265370219946,-0.627350151539,-0.221925884485,-0.697681367397
-0.42791852355,0.226544141769,0.831990361214,0.266183257103,-0.626518785954,-0.221333041787,-0.698306918144
-0.428430408239,0.225306138396,0.832352399826,0.263583391905,-0.612710595131,-0.213202685118,-0.71390068531
-0.429115355015,0.224169537425,0.832835912704,0.264111697674,-0.61141782999,-0.215920507908,-0.713997006416
-0.430041611195,0.223402008414,0.833388209343,0.264003098011,-0.607351601124,-0.218736067414,-0.716645658016
-0.430477023125,0.222180426121,0.834323763847,0.262440830469,-0.61300611496,-0.216470018029,-0.713084161282
-0.431412994862,0.221032693982,0.834451138973,0.264061361551,-0.605666399002,-0.22329762578,-0.716643631458
-0.432411491871,0.220025315881,0.835250020027,0.265886664391,-0.607858300209,-0.220368519425,-0.715017735958
-0.433164894581,0.218814492226,0.835791707039,0.267023712397,-0.604232847691,-0.224781543016,-0.716291964054
-0.434001922607,0.217657953501,0.836181879044,0.265870392323,-0.604494512081,-0.226675003767,-0.715903520584
-0.435210824013,0.216605946422,0.836868047714,0.267446637154,-0.602493643761,-0.227167963982,-0.716846168041
-0.436204314232,0.215315714478,0.837533473969,0.268429875374,-0.600774288177,-0.229871615767,-0.717059731483
-0.436880171299,0.214246839285,0.838045120239,0.266507506371,-0.602985203266,-0.231208354235,-0.715489506721
-0.438244700432,0.212948665023,0.838215470314,0.27162450552,-0.596987426281,-0.233200535178,-0.717944085598
-0.439676225185,0.211930975318,0.838935375214,0.270440340042,-0.59895336628,-0.23166975379,-0.717248857021
-0.440546572208,0.210504859686,0.839548110962,0.270902603865,-0.602959156036,-0.23080162704,-0.713990807533
-0.442035168409,0.209482774138,0.84010052681,0.272127598524,-0.598548531532,-0.233990445733,-0.716194570065
-0.443458110094,0.208242729306,0.840592503548,0.275171667337,-0.596392869949,-0.235045984387,-0.716484129429
-0.444394767284,0.206800371408,0.841167926788,0.275523275137,-0.600888371468,-0.235114052892,-0.712559938431
-0.445730745792,0.205616980791,0.841713428497,0.279147088528,-0.595890879631,-0.240369170904,-0.713592112064
-0.447375953197,0.204592555761,0.842285275459,0.273102581501,-0.598389804363,-0.2404191643,-0.713823020458
-0.448686718941,0.203449457884,0.842971622944,0.277117282152,-0.602579236031,-0.235990449786,-0.710220217705
-0.450557112694,0.20206721127,0.842934906483,0.279816567898,-0.594686746597,-0.242323830724,-0.713673293591
-0.451555788517,0.200698211789,0.843701779842,0.280070215464,-0.595973908901,-0.247953131795,-0.710559666157
-0.45393371582,0.199752897024,0.843664884567,0.282039105892,-0.593454897404,-0.244829908013,-0.712968230247
-0.454990506172,0.198159843683,0.844197750092,0.284781515598,-0.592320978642,-0.251962840557,-0.710331022739
-0.456733077765,0.1970744133,0.844316899776,0.286069452763,-0.593221604824,-0.25153580308,-0.709212481976
-0.458886355162,0.195933684707,0.844426751137,0.288692057133,-0.594247758389,-0.246692627668,-0.708991706371
-0.460331499577,0.19476762414,0.844803333282,0.289144814014,-0.59191352129,-0.254962593317,-0.707833230495
-0.462012708187,0.193254962564,0.844687581062,0.292369067669,-0.587775409222,-0.259732186794,-0.708222985268
-0.463867008686,0.192254453897,0.845248103142,0.291997522116,-0.595719993114,-0.255207240582,-0.703366458416
-0.465829461813,0.191105559468,0.844984650612,0.294833004475,-0.589199066162,-0.261118203402,-0.705503642559
-0.467733085155,0.189818561077,0.844607770443,0.297881573439,-0.585591495037,-0.264047831297,-0.70613604784
-0.46998026967,0.188951700926,0.845363736153,0.29614880681,-0.590182185173,-0.262038350105,-0.703787446022
-0.471584618092,0.187463149428,0.844924271107,0.298126339912,-0.58801060915,-0.267945319414,-0.702545046806
-0.473564863205,0.186340510845,0.844875097275,0.298608899117,-0.588906824589,-0.268872618675,-0.701234102249
-0.475479930639,0.18546526134,0.844727396965,0.301934242249,-0.588270843029,-0.269533574581,-0.700089216232
-0.47764980793,0.184305116534,0.844807505608,0.302115887403,-0.58862477541,-0.271159052849,-0.699084937572
-0.479735523462,0.18299305439,0.844417333603,0.300255268812,-0.589104950428,-0.27270501852,-0.698880672455
-0.48149985075,0.181853652,0.844360768795,0.30320930481,-0.589151501656,-0.276815056801,-0.695944011211
-0.483468383551,0.180806219578,0.84377348423,0.305671095848,-0.587875902653,-0.277968287468,-0.695486068726
-0.485451072454,0.179957777262,0.843748033047,0.30621317029,-0.589688658714,-0.277507901192,-0.693895041943
-0.487368792295,0.178739339113,0.843703567982,0.306854635477,-0.590421497822,-0.281619399786,-0.691327214241
-0.489232420921,0.177575290203,0.843304991722,0.307021945715,-0.590949892998,-0.283274292946,-0.690124332905
-0.490991979837,0.176642984152,0.843054294586,0.30801910162,-0.592358708382,-0.284439533949,-0.687989473343
-0.492642909288,0.175780087709,0.842738032341,0.31086781621,-0.591958403587,-0.28780952096,-0.685647428036
-0.494679033756,0.174799114466,0.842677295208,0.309878855944,-0.593439698219,-0.287885636091,-0.684781968594
-0.497852265835,0.173942506313,0.842464804649,0.308382242918,-0.592546522617,-0.280068457127,-0.689456880093
-0.498185575008,0.172893747687,0.842199385166,0.313359200954,-0.593805551529,-0.290984034538,-0.681563913822
-0.49992364645,0.17189514637,0.841798841953,0.312063157558,-0.594864487648,-0.292774051428,-0.680467545986
-0.502604722977,0.171246662736,0.841367661953,0.31078967452,-0.593834221363,-0.287137210369,-0.684341311455
-0.503359496593,0.170328244567,0.841363847256,0.315414637327,-0.595514178276,-0.293943077326,-0.677845239639
-0.506010532379,0.169646814466,0.841085672379,0.312705129385,-0.594767212868,-0.28875374794,-0.681974112988
-0.506356775761,0.168927311897,0.840875804424,0.317426264286,-0.596327602863,-0.296382814646,-0.675123155117
-0.507888495922,0.168157607317,0.840481042862,0.317802071571,-0.595928490162,-0.298291176558,-0.674457967281
-0.509246110916,0.167417883873,0.840351819992,0.3197465837,-0.596066117287,-0.299435287714,-0.67290854454
-0.510782063007,0.166760548949,0.839964032173,0.318900972605,-0.5963088274,-0.300165981054,-0.672769367695
-0.511923551559,0.166319400072,0.839578270912,0.321587741375,-0.595647931099,-0.30192565918,-0.671286761761
-0.51428604126,0.165826797485,0.839406013489,0.318783611059,-0.595180153847,-0.296032369137,-0.675649702549
-0.514573454857,0.165402784944,0.839206218719,0.323293179274,-0.597308754921,-0.300240397453,-0.669745922089
-0.516762554646,0.165052011609,0.839012503624,0.3205691576,-0.59725189209,-0.294448703527,-0.673665702343
-0.516821324825,0.164365753531,0.838797152042,0.32476580143,-0.594811499119,-0.306253731251,-0.668532133102
-0.519216835499,0.164047792554,0.838619232178,0.322098016739,-0.592364132404,-0.299811452627,-0.674885630608
-0.518715202808,0.163924112916,0.838046550751,0.328284442425,-0.597934663296,-0.302077144384,-0.665922701359
-0.520660817623,0.163398891687,0.838196158409,0.326511383057,-0.592779397964,-0.305389195681,-0.669881045818
-0.521532714367,0.163007393479,0.837987065315,0.327163159847,-0.592263579369,-0.308020979166,-0.668813288212
-0.521633625031,0.162680640817,0.837690830231,0.329601883888,-0.59276920557,-0.313310861588,-0.664698302746
-0.522342026234,0.162547722459,0.837426662445,0.331012159586,-0.592151939869,-0.314180701971,-0.664136767387
-0.523024022579,0.16268478334,0.837049663067,0.332756578922,-0.592445790768,-0.311939507723,-0.664059519768
-0.523510813713,0.162708997726,0.836798071861,0.334195166826,-0.593013525009,-0.312639951706,-0.662498891354
-0.524342060089,0.162756562233,0.836731493473,0.33626884222,-0.591547369957,-0.313498049974,-0.662354767323
-0.524942398071,0.162682667375,0.836253643036,0.339334964752,-0.588755846024,-0.314902603626,-0.662612140179
-0.525087893009,0.163198322058,0.836049497128,0.339651197195,-0.592446744442,-0.311723977327,-0.660660266876
-0.525345027447,0.163343563676,0.835686683655,0.340896308422,-0.591536104679,-0.312683701515,-0.660381555557
-0.52544271946,0.163965001702,0.835072755814,0.34343111515,-0.595405340195,-0.304558187723,-0.659387767315
-0.525585532188,0.164305478334,0.83475112915,0.34414768219,-0.596180081367,-0.304300993681,-0.658432006836
-0.525628805161,0.164757266641,0.834447026253,0.344789654016,-0.596166431904,-0.303852677345,-0.658315658569
-0.525797426701,0.164891660213,0.834340214729,0.343367308378,-0.592208564281,-0.311209082603,-0.659194111824
-0.525760412216,0.165211230516,0.83405649662,0.342288553715,-0.592633247375,-0.312391608953,-0.658814251423
-0.525673806667,0.166007459164,0.833545327187,0.343048721552,-0.5930377841,-0.309211432934,-0.659554362297
-0.52547955513,0.166631087661,0.833229422569,0.342580974102,-0.592443227768,-0.309990614653,-0.659966051579
-0.525351583958,0.167432129383,0.832916498184,0.343281239271,-0.592744231224,-0.308061361313,-0.660235345364
-0.52478736639,0.168596386909,0.832220435143,0.344819426537,-0.597294390202,-0.298889279366,-0.659548401833
-0.524544537067,0.168872565031,0.832341313362,0.342767268419,-0.593562185764,-0.30790117383,-0.659841954708
-0.52399969101,0.170210152864,0.83154207468,0.343265473843,-0.59829634428,-0.296989142895,-0.660308837891
-0.523752689362,0.170808449388,0.831382870674,0.340602278709,-0.594058632851,-0.303854227066,-0.662387490273
-0.523508608341,0.171861767769,0.831032335758,0.338605493307,-0.595639288425,-0.300031930208,-0.663732767105
-0.523094952106,0.173261523247,0.830453157425,0.339761614799,-0.598576724529,-0.290427535772,-0.664770662785
-0.522556364536,0.174326896667,0.83018296957,0.338931530714,-0.599395155907,-0.287709921598,-0.66563808918
-0.521611630917,0.175063371658,0.830107092857,0.337242662907,-0.595417439938,-0.297900348902,-0.665583074093
-0.52103215456,0.176138028502,0.829837441444,0.337217003107,-0.59467124939,-0.29844969511,-0.666017115116
-0.519392311573,0.17727316916,0.82940787077,0.338140666485,-0.596441090107,-0.302600800991,-0.662081301212
-0.518661797047,0.178843662143,0.828786015511,0.338448137045,-0.596478521824,-0.298688828945,-0.663664996624
-0.517643272877,0.180521130562,0.827738165855,0.340126425028,-0.598549604416,-0.291981905699,-0.663927078247
-0.517049193382,0.181576758623,0.828091740608,0.339688688517,-0.600845336914,-0.29170230031,-0.662198126316
-0.516251146793,0.18264913559,0.827817201614,0.33714479208,-0.59579616785,-0.298816353083,-0.664882779121
-0.51557290554,0.184240683913,0.827410697937,0.336976230145,-0.595547676086,-0.295284837484,-0.666766107082
-0.515848398209,0.186110556126,0.826820731163,0.334721148014,-0.598478257656,-0.277692615986,-0.672809243202
-0.513683378696,0.187350064516,0.826682686806,0.337574660778,-0.596003234386,-0.292184501886,-0.66742169857
-0.512696623802,0.188572779298,0.826571106911,0.335874170065,-0.596269011497,-0.294664204121,-0.66695189476
-0.511914432049,0.190411955118,0.826057493687,0.336481422186,-0.596185088158,-0.290168255568,-0.668689846992
-0.510758340359,0.192133247852,0.825356125832,0.33630618453,-0.599877595901,-0.28246435523,-0.668774366379
-0.509989440441,0.193330988288,0.825502514839,0.335367292166,-0.595894038677,-0.291102707386,-0.669102668762
-0.508998394012,0.194883391261,0.825219273567,0.335668772459,-0.594626247883,-0.290434867144,-0.670368373394
-0.507935643196,0.19702719152,0.824159502983,0.33895856142,-0.596357703209,-0.279978424311,-0.671622395515
-0.50717228651,0.198735326529,0.824236989021,0.337724983692,-0.597241997719,-0.278673708439,-0.672000646591
-0.507386088371,0.200204238296,0.82413482666,0.333546757698,-0.595149695873,-0.272932857275,-0.678270637989
-0.505182504654,0.201867043972,0.823706746101,0.336500167847,-0.596074163914,-0.279622912407,-0.673256635666
-0.504426956177,0.203775659204,0.823277115822,0.337220877409,-0.596114814281,-0.275852948427,-0.674414157867
-0.503221035004,0.205465584993,0.82302826643,0.336857378483,-0.596934854984,-0.276289820671,-0.673691272736
-0.502540647984,0.207096710801,0.822838187218,0.336329817772,-0.595478534698,-0.276331603527,-0.675224840641
-0.501393795013,0.209050923586,0.822133421898,0.337672382593,-0.594451665878,-0.275281250477,-0.675888299942
-0.500735878944,0.210756838322,0.822069048882,0.335193604231,-0.59709995985,-0.27236199379,-0.675970375538
-0.49992236495,0.212423816323,0.821748137474,0.334732621908,-0.595977127552,-0.273584276438,-0.676695644855
-0.500164866447,0.214368507266,0.821398019791,0.332284659147,-0.595002830029,-0.265448361635,-0.681979179382
-0.499142467976,0.216250687838,0.820684194565,0.331672430038,-0.595779120922,-0.262073904276,-0.682904064655
-0.498412936926,0.218090549111,0.820508301258,0.330163121223,-0.597422540188,-0.260548621416,-0.682783186436
-0.496759206057,0.219970196486,0.820577383041,0.335180848837,-0.597705721855,-0.26559600234,-0.678130090237
-0.49565115571,0.22153121233,0.819922566414,0.331920236349,-0.598948955536,-0.267367601395,-0.67794084549
-0.495122969151,0.223742306232,0.81958937645,0.333407908678,-0.600211441517,-0.261051654816,-0.678555548191
-0.494285583496,0.225574120879,0.819263577461,0.332944691181,-0.600213587284,-0.261942595243,-0.678437650204
-0.493143320084,0.227357953787,0.818267822266,0.329523026943,-0.602433145046,-0.260942578316,-0.678526341915
-0.492496103048,0.229029819369,0.818174004555,0.32873916626,-0.601889908314,-0.262920320034,-0.67862534523
-0.49198076129,0.231227502227,0.817928016186,0.328497290611,-0.602933645248,-0.258588016033,-0.679479837418
-0.490807175636,0.232883870602,0.817215204239,0.325273841619,-0.604975163937,-0.260506510735,-0.678482472897
-0.490086257458,0.234905153513,0.816630780697,0.325141787529,-0.606376290321,-0.256796896458,-0.678709149361
-0.489339321852,0.236908152699,0.816159427166,0.324679762125,-0.607050478458,-0.255295813084,-0.678894042969
-0.48848721385,0.238585278392,0.815695762634,0.322509557009,-0.607115328312,-0.257894486189,-0.678888142109
-0.487692534924,0.240730524063,0.815390467644,0.323127269745,-0.608443677425,-0.255760639906,-0.678212046623
-0.486874967813,0.242877930403,0.814782559872,0.322461545467,-0.610778689384,-0.251990377903,-0.677841305733
-0.4862883389,0.244768589735,0.814478993416,0.322389632463,-0.610205709934,-0.251523911953,-0.678564488888
-0.485271960497,0.246409624815,0.813779592514,0.319747239351,-0.611097276211,-0.253023058176,-0.678455114365
-0.484485596418,0.248518630862,0.813174724579,0.318644434214,-0.613176822662,-0.249016478658,-0.6785800457
-0.483627587557,0.250353395939,0.812762737274,0.317081868649,-0.613307356834,-0.250793933868,-0.678539514542
-0.482812315226,0.252221047878,0.812069654465,0.314089030027,-0.615154623985,-0.24731567502,-0.679535150528
-0.481944829226,0.254350543022,0.811598837376,0.314843207598,-0.615745604038,-0.245923191309,-0.679156064987
-0.481339603662,0.256317138672,0.811363458633,0.314488202333,-0.61572688818,-0.244476735592,-0.679859399796
-0.480422347784,0.258009940386,0.81084138155,0.313048601151,-0.616158902645,-0.244441494346,-0.680144786835
-0.479396760464,0.260154753923,0.8102825284,0.312134325504,-0.618713855743,-0.240512356162,-0.679646193981
-0.478493630886,0.261976629496,0.809932649136,0.30995708704,-0.619303941727,-0.24131937325,-0.679819226265
-0.477473378181,0.263773083687,0.808969378471,0.310345321894,-0.617804825306,-0.242009148002,-0.680760324001
-0.476307690144,0.265733957291,0.80866163969,0.306480288506,-0.623853206635,-0.238010585308,-0.678401172161
-0.475508093834,0.267631649971,0.808557152748,0.306200295687,-0.62357622385,-0.236502170563,-0.679309129715
-0.474743574858,0.26944988966,0.80799728632,0.302787452936,-0.624089717865,-0.234008193016,-0.681228220463
-0.47366130352,0.27153006196,0.807463526726,0.301836401224,-0.626354038715,-0.229916825891,-0.68096524477
-0.471801757812,0.273290872574,0.807588577271,0.296277612448,-0.631622672081,-0.233801007271,-0.677207231522
-0.470835596323,0.275353550911,0.807322382927,0.297087311745,-0.632188856602,-0.230051845312,-0.677607953548
-0.470364481211,0.276717722416,0.806496143341,0.299604028463,-0.626943826675,-0.228776112199,-0.681792140007
-0.468654513359,0.278237402439,0.80602657795,0.296702712774,-0.629091322422,-0.231885224581,-0.680030167103
-0.467729270458,0.280160665512,0.805426120758,0.299386143684,-0.626891613007,-0.229081228375,-0.681833386421
-0.46712321043,0.281847566366,0.80470263958,0.294244408607,-0.628268182278,-0.223250240088,-0.684732615948
-0.465355306864,0.283990234137,0.805381834507,0.293284207582,-0.634984195232,-0.221978351474,-0.679341733456
-0.463979661465,0.284968018532,0.80482506752,0.291623741388,-0.632777810097,-0.225906059146,-0.680818915367
-0.463285714388,0.286940276623,0.804453134537,0.290074676275,-0.632752537727,-0.219884410501,-0.68347042799
-0.462249845266,0.288385778666,0.804368078709,0.287849664688,-0.634176969528,-0.218643069267,-0.683489143848
-0.461036533117,0.290148198605,0.804799318314,0.281055241823,-0.639086425304,-0.216665565968,-0.682372808456
-0.460766732693,0.291174471378,0.804170072079,0.278425335884,-0.636089324951,-0.213138699532,-0.687343835831
-0.458800166845,0.292837619781,0.804153203964,0.282351374626,-0.637757062912,-0.214210748672,-0.683854818344
-0.457578957081,0.294562280178,0.80353474617,0.281003594398,-0.641347765923,-0.206901028752,-0.683302402496
-0.456379801035,0.295704513788,0.804035902023,0.27440059185,-0.6593785882,-0.212868258357,-0.666791796684
-0.455264389515,0.297138661146,0.803607702255,0.276844382286,-0.656394422054,-0.212964102626,-0.668692708015
-0.453923135996,0.298406779766,0.803171277046,0.27497535944,-0.644434928894,-0.203154742718,-0.683973968029
-0.452660858631,0.299538075924,0.80331403017,0.269571989775,-0.646996736526,-0.203073933721,-0.68373042345
-0.451732724905,0.300711303949,0.802895188332,0.270174711943,-0.645509839058,-0.2009781003,-0.685514807701
-0.45101749897,0.301864802837,0.802749156952,0.261502236128,-0.647862792015,-0.194815382361,-0.688431143761
-0.448953449726,0.30335471034,0.80276632309,0.263286292553,-0.666151285172,-0.20022071898,-0.668456852436
-0.447743952274,0.304174125195,0.802553892136,0.261488974094,-0.651908934116,-0.194382548332,-0.684729039669
-0.446666628122,0.305342227221,0.802308440208,0.260831922293,-0.652330696583,-0.191845089197,-0.685293257236
-0.445389211178,0.30695399642,0.80126452446,0.263164848089,-0.663756430149,-0.18055228889,-0.676441133022
-0.444373846054,0.307223856449,0.801843523979,0.260255247355,-0.668355584145,-0.19402064383,-0.669271230698
-0.442873597145,0.30828294158,0.801878929138,0.25719127059,-0.669582605362,-0.192461788654,-0.669679403305
-0.441729664803,0.30963665247,0.801364421844,0.254430145025,-0.659139096737,-0.178854435682,-0.684698462486
-0.440601319075,0.310212284327,0.801545321941,0.254346817732,-0.674288451672,-0.187487110496,-0.667451500893
-0.439609318972,0.310831844807,0.800955295563,0.255026131868,-0.669061243534,-0.187648206949,-0.672388970852
-0.438278049231,0.311525702477,0.801013767719,0.254674613476,-0.672065913677,-0.185944229364,-0.669994711876
-0.437110215425,0.312252730131,0.800794124603,0.253257870674,-0.674143433571,-0.184945061803,-0.668720066547
-0.436270445585,0.312728971243,0.800499081612,0.25006467104,-0.674436032772,-0.182958617806,-0.670171558857
-0.435083031654,0.313354730606,0.80018901825,0.248790532351,-0.657535731792,-0.177688226104,-0.688605129719
-0.433644533157,0.31425589323,0.800307869911,0.2451274544,-0.675951659679,-0.179534465075,-0.671393573284
-0.432354807854,0.31469258666,0.800426483154,0.245339944959,-0.679424524307,-0.17689165473,-0.668505847454
-0.431763440371,0.31486260891,0.799741506577,0.245796263218,-0.659306406975,-0.172833740711,-0.689222514629
-0.43030166626,0.31557571888,0.799885392189,0.242978468537,-0.680916786194,-0.174784496427,-0.668404281139
-0.429317504168,0.315849691629,0.799634575844,0.241975456476,-0.679566979408,-0.172690942883,-0.670682251453
-0.42830362916,0.316050678492,0.799410879612,0.244561582804,-0.678154885769,-0.172638520598,-0.671186745167
-0.427389800549,0.316298604012,0.799197137356,0.243806749582,-0.677937984467,-0.17180223763,-0.671894788742
-0.426452964544,0.316541701555,0.798991084099,0.242349162698,-0.677921414375,-0.170236349106,-0.672836661339
-0.425424814224,0.316779762506,0.798838794231,0.24041210115,-0.679751217365,-0.16896930337,-0.67200422287
-0.424323409796,0.317061394453,0.798977732658,0.236434400082,-0.682893335819,-0.166852831841,-0.670757591724
-0.423326432705,0.317241191864,0.7989372015,0.236998394132,-0.681715011597,-0.165877863765,-0.671997845173
-0.422768175602,0.317128062248,0.798505961895,0.239965081215,-0.678757548332,-0.165521606803,-0.674023389816
-0.421845525503,0.316977113485,0.798380494118,0.238069280982,-0.678749144077,-0.164538532495,-0.674944341183
-0.421117335558,0.316949576139,0.798211216927,0.23776742816,-0.678666114807,-0.164262875915,-0.675201237202
-0.420310348272,0.316913485527,0.79807806015,0.236735194921,-0.678427934647,-0.163159072399,-0.676070332527
-0.419495046139,0.31682574749,0.79814684391,0.238614052534,-0.678554058075,-0.16283416748,-0.675361335278
-0.420408070087,0.316689014435,0.797427594662,0.226079031825,-0.67702716589,-0.154471442103,-0.683125972748
-0.419718146324,0.316523909569,0.79750084877,0.22545170784,-0.677310824394,-0.153390884399,-0.683295607567
-0.417515426874,0.316231667995,0.798139333725,0.237024769187,-0.678486227989,-0.159554615617,-0.676770150661
-0.416856855154,0.31587511301,0.798202037811,0.236944034696,-0.678940176964,-0.159477874637,-0.676361262798
-0.41666701436,0.315356642008,0.798025846481,0.232595026493,-0.678967535496,-0.158236473799,-0.678132712841
-0.417236596346,0.315201610327,0.797757744789,0.224937677383,-0.677805066109,-0.14894233644,-0.683958828449
-0.416837692261,0.3148265481,0.797783493996,0.224983647466,-0.677495777607,-0.14770808816,-0.68451744318
-0.416436612606,0.314452111721,0.797807574272,0.224449276924,-0.677650213242,-0.146626606584,-0.684772491455
-0.415687322617,0.313656389713,0.798091769218,0.224259912968,-0.680748045444,-0.147540047765,-0.681558132172
-0.415252357721,0.313157558441,0.798173546791,0.223740518093,-0.681242465973,-0.146716713905,-0.681412518024
-0.415222346783,0.313014090061,0.798061132431,0.224078536034,-0.677491009235,-0.143586993217,-0.685694992542
-0.414346367121,0.312759399414,0.7976115942,0.224639952183,-0.676431894302,-0.131832122803,-0.688910186291
-0.414036363363,0.312332749367,0.797782182693,0.224745601416,-0.677045583725,-0.130833163857,-0.688463032246
-0.413981020451,0.311265707016,0.798664808273,0.223360106349,-0.681894659996,-0.143160358071,-0.68164139986
-0.413780719042,0.310731709003,0.798728108406,0.223099127412,-0.682367563248,-0.142173752189,-0.681460261345
-0.413542598486,0.310201138258,0.798860251904,0.222730979323,-0.683197796345,-0.141490235925,-0.680890858173
-0.413320362568,0.309576302767,0.798947453499,0.221873030066,-0.683880448341,-0.141406044364,-0.680502951145
-0.413170158863,0.309049546719,0.799014270306,0.220799833536,-0.684544324875,-0.140675708652,-0.680335938931
-0.413289487362,0.308217316866,0.798932433128,0.220871865749,-0.667703390121,-0.136425033212,-0.69769346714
-0.413170963526,0.307701289654,0.79902356863,0.219936937094,-0.668695807457,-0.135368704796,-0.697243928909
-0.412803858519,0.30742636323,0.79880297184,0.218986690044,-0.672124445438,-0.130576789379,-0.695157170296
-0.412797123194,0.306731343269,0.7990847826,0.218030422926,-0.671740114689,-0.13122330606,-0.695707023144
-0.412591964006,0.305974781513,0.799506425858,0.217885434628,-0.687071442604,-0.137884452939,-0.679298758507
-0.412513017654,0.305410802364,0.79957151413,0.217549413443,-0.687651872635,-0.137373238802,-0.678922533989
-0.411657601595,0.304291367531,0.799576818943,0.217942759395,-0.689529120922,-0.143777742982,-0.675557971001
-0.411644548178,0.303607046604,0.799527049065,0.217832371593,-0.689106166363,-0.143593460321,-0.676064193249
-0.411347746849,0.303168743849,0.799483716488,0.219385817647,-0.689730644226,-0.143605515361,-0.674921572208
-0.41122931242,0.302443683147,0.799540102482,0.219074383378,-0.692266047001,-0.143292844296,-0.672488808632
-0.411223709583,0.301711142063,0.799505114555,0.219197615981,-0.691636443138,-0.143490701914,-0.673054099083
-0.411137908697,0.300991684198,0.799524307251,0.218676656485,-0.691056370735,-0.143329307437,-0.673853337765
-0.411239951849,0.300168603659,0.799572348595,0.216946035624,-0.690610229969,-0.142488524318,-0.675047457218
-0.411228150129,0.299439221621,0.79957908392,0.217166632414,-0.688376843929,-0.142024382949,-0.677351534367
-0.411174833775,0.298593312502,0.799735307693,0.216692790389,-0.68777436018,-0.142867922783,-0.677937626839
-0.411124527454,0.297862201929,0.799809813499,0.216551154852,-0.68735152483,-0.142741471529,-0.678438186646
-0.411163121462,0.297246009111,0.799463152885,0.217441990972,-0.672405421734,-0.133366286755,-0.694840431213
-0.411296069622,0.296118915081,0.800106287003,0.216136023402,-0.669979333878,-0.138406261802,-0.696603536606
-0.412213504314,0.295653641224,0.800457000732,0.212529599667,-0.668218016624,-0.131680950522,-0.700696825981
-0.411808460951,0.295327186584,0.800189614296,0.213910147548,-0.678904533386,-0.123085007071,-0.691506445408
-0.412090063095,0.294015526772,0.801438212395,0.213882237673,-0.682779610157,-0.135861441493,-0.685279488564
-0.410901576281,0.293193936348,0.801970362663,0.220755323768,-0.684223771095,-0.143195152283,-0.680147051811
-0.412408769131,0.292328387499,0.802239716053,0.214458718896,-0.680883288383,-0.136529296637,-0.686851918697
-0.412823319435,0.291777014732,0.802523851395,0.212919950485,-0.681323826313,-0.133643239737,-0.687460899353
-0.413337260485,0.291003018618,0.802859902382,0.211651191115,-0.677055180073,-0.130932882428,-0.692572593689
-0.413180589676,0.290051043034,0.80339795351,0.212655544281,-0.680376410484,-0.133358776569,-0.688535451889
-0.41341650486,0.289275228977,0.803971469402,0.211681425571,-0.679388523102,-0.132475659251,-0.689980089664
-0.41216775775,0.288034379482,0.80506247282,0.219823971391,-0.681924760342,-0.14212423563,-0.682976543903
-0.413847446442,0.287037074566,0.805414676666,0.212124064565,-0.678424119949,-0.136132910848,-0.690081179142
-0.412856340408,0.286168009043,0.806376695633,0.219124853611,-0.679430067539,-0.142490282655,-0.685606062412
-0.414929986,0.285779237747,0.806488215923,0.208627671003,-0.679528653622,-0.132877960801,-0.690694391727
-0.415347665548,0.284855514765,0.807204008102,0.207192108035,-0.679065227509,-0.133442163467,-0.691473186016
-0.415686696768,0.28410756588,0.808026432991,0.204557389021,-0.68079662323,-0.13297149539,-0.690645158291
-0.414658516645,0.282764524221,0.809072554111,0.214944824576,-0.680674672127,-0.142997965217,-0.685589015484
-0.416830897331,0.28184530139,0.809345960617,0.205087974668,-0.665614366531,-0.1289203614,-0.705886662006
-0.417492777109,0.281323999166,0.810020804405,0.203529119492,-0.678325116634,-0.135222434998,-0.692940115929
-0.417986035347,0.280522018671,0.810687065125,0.202420666814,-0.678732693195,-0.136160165071,-0.692682027817
-0.416887611151,0.279146164656,0.8120033741,0.210333123803,-0.68234795332,-0.147367447615,-0.684429883957
-0.41913241148,0.278617680073,0.812186717987,0.200567439198,-0.682415962219,-0.139222338796,-0.688983559608
-0.418113917112,0.277343094349,0.813460946083,0.207736819983,-0.682826638222,-0.147915869951,-0.684626996517
-0.420357555151,0.276738643646,0.813783526421,0.197419345379,-0.680017352104,-0.140242293477,-0.692050755024
-0.421036958694,0.275890022516,0.814450740814,0.195390284061,-0.679995536804,-0.140677288175,-0.692559421062
-0.421551257372,0.274886578321,0.815355181694,0.19399523735,-0.682876944542,-0.142280817032,-0.689783394337
-0.420268118382,0.273766964674,0.816912770271,0.198716133833,-0.68840354681,-0.151265844703,-0.680978119373
-0.420744478703,0.272687494755,0.8177536726,0.197676956654,-0.687333345413,-0.151781737804,-0.682245492935
-0.421480387449,0.271547824144,0.818432688713,0.197680786252,-0.685504376888,-0.153696924448,-0.683654427528
-0.422069221735,0.270516693592,0.819266736507,0.197161182761,-0.687522828579,-0.154527276754,-0.681587278843
-0.422412753105,0.269493460655,0.820211648941,0.193617105484,-0.688411831856,-0.155125170946,-0.68157017231
-0.422955662012,0.268304675817,0.820835113525,0.19457732141,-0.687201678753,-0.157288938761,-0.682021737099
-0.42355415225,0.267014324665,0.821532130241,0.192924842238,-0.673337876797,-0.150225967169,-0.697730839252
-0.423762917519,0.265797138214,0.822556853294,0.192953839898,-0.687952876091,-0.158789008856,-0.681377828121
-0.424092918634,0.264683902264,0.82332354784,0.19100138545,-0.687298059464,-0.159462079406,-0.682430744171
-0.424433767796,0.263431578875,0.824212610722,0.189428210258,-0.686152815819,-0.159144058824,-0.68409383297
-0.424638867378,0.262100815773,0.825158834457,0.18888823688,-0.689431130886,-0.160502418876,-0.680621027946
-0.424910247326,0.260913699865,0.825990319252,0.185684531927,-0.688619077206,-0.159917488694,-0.682459890842
-0.424782037735,0.259675681591,0.827043473721,0.182665422559,-0.691203117371,-0.160289078951,-0.68057256937
-0.42518761754,0.25808301568,0.827624678612,0.184185475111,-0.686692357063,-0.161041751504,-0.684539914131
-0.425158262253,0.25660264492,0.828487157822,0.184138521552,-0.688198685646,-0.162308081985,-0.682738363743
-0.424368649721,0.255608290434,0.828467726707,0.18088246882,-0.688313543797,-0.16164073348,-0.683650612831
-0.424393832684,0.254224479198,0.829430639744,0.178504809737,-0.68918132782,-0.161465093493,-0.683442950249
-0.425253152847,0.251961797476,0.830941677094,0.180357575417,-0.687732100487,-0.163936972618,-0.683827757835
-0.424270689487,0.251015901566,0.831042170525,0.178153246641,-0.689895689487,-0.163591712713,-0.682307183743
-0.424216002226,0.249445483088,0.83174598217,0.177525565028,-0.686784744263,-0.163226380944,-0.685688495636
-0.42406180501,0.247856840491,0.832599401474,0.176875904202,-0.687828838825,-0.164743170142,-0.684445977211
-0.424733310938,0.245652616024,0.833640217781,0.179440543056,-0.670320689678,-0.159031227231,-0.702268064022
-0.423262864351,0.244551375508,0.834525346756,0.168999776244,-0.692950725555,-0.161179959774,-0.68211388588
-0.42388984561,0.242651551962,0.834665894508,0.176588222384,-0.682637035847,-0.164927512407,-0.68965369463
-0.424440830946,0.240615785122,0.836460232735,0.173687666655,-0.682953298092,-0.164784133434,-0.690111279488
-0.424304515123,0.238539636135,0.837059020996,0.178254619241,-0.667246162891,-0.159855991602,-0.705304205418
-0.423640608788,0.237108916044,0.836817860603,0.176173239946,-0.666065454483,-0.158193960786,-0.707314968109
-0.423371076584,0.235276609659,0.837811589241,0.174727648497,-0.680237948895,-0.165544167161,-0.692345201969
-0.423185378313,0.233342304826,0.838986515999,0.175264388323,-0.678797245026,-0.165029302239,-0.693744957447
-0.423092335463,0.231153011322,0.839600920677,0.176645860076,-0.679193854332,-0.166545301676,-0.692643225193
-0.422798246145,0.229033350945,0.840261280537,0.176519364119,-0.674997985363,-0.167599275708,-0.696512103081
-0.423098504543,0.226679727435,0.841725945473,0.176824301481,-0.676461935043,-0.168286398053,-0.694846689701
-0.42289468646,0.224840119481,0.842057347298,0.173215761781,-0.673461616039,-0.164804846048,-0.699489176273
-0.42241242528,0.222721368074,0.842829942703,0.175923064351,-0.672917246819,-0.165927141905,-0.699072003365
-0.422159165144,0.220344826579,0.843666017056,0.175207272172,-0.67323076725,-0.16760635376,-0.698549211025
-0.422535687685,0.218234479427,0.844397366047,0.173845857382,-0.671626150608,-0.165109694004,-0.70102417469
-0.421821832657,0.215827465057,0.845219433308,0.176595792174,-0.672850728035,-0.167774647474,-0.698525249958
-0.421878933907,0.213552713394,0.846010446548,0.175507575274,-0.671395897865,-0.167317777872,-0.700306713581
-0.422023952007,0.211168289185,0.846558094025,0.17739392817,-0.669171273708,-0.167532116175,-0.701907634735
-0.421210795641,0.209048390388,0.847924113274,0.175154805183,-0.673830151558,-0.166092395782,-0.698345959187
-0.421680569649,0.206676989794,0.848350763321,0.175863057375,-0.670941591263,-0.166047170758,-0.700954973698
-0.422263383865,0.204241394997,0.848956048489,0.176570162177,-0.667968809605,-0.164245903492,-0.704034090042
-0.421898514032,0.20195800066,0.849588751793,0.180583700538,-0.666176080704,-0.166938364506,-0.70408141613
-0.421795547009,0.199594512582,0.850628197193,0.177928820252,-0.669911503792,-0.166708856821,-0.701261818409
-0.422295093536,0.197347134352,0.851194620132,0.176578775048,-0.666600227356,-0.162540823221,-0.705722689629
-0.422063499689,0.19496679306,0.8518460989,0.18060413003,-0.665626466274,-0.165307298303,-0.704980313778
-0.422211021185,0.192776665092,0.852506875992,0.180729180574,-0.665611922741,-0.16461867094,-0.705122947693
-0.42217746377,0.190631002188,0.853658080101,0.179874330759,-0.668827533722,-0.16321477294,-0.702620744705
-0.422412663698,0.188425421715,0.854192614555,0.179777562618,-0.666489720345,-0.16217648983,-0.705103039742
-0.42285951972,0.186218515038,0.854665517807,0.17899954319,-0.663554370403,-0.16103708744,-0.708323299885
-0.422852665186,0.184150233865,0.855412125587,0.181535378098,-0.664788603783,-0.161747947335,-0.706355929375
-0.422985583544,0.182039901614,0.856306910515,0.178633585572,-0.66755259037,-0.161066025496,-0.70464271307
-0.423402249813,0.179955169559,0.85670030117,0.177370890975,-0.665737628937,-0.160064920783,-0.706903338432
-0.423510253429,0.177931562066,0.85710889101,0.17869065702,-0.663629889488,-0.161126405001,-0.708310186863
-0.423743218184,0.176028192043,0.857870221138,0.18075914681,-0.662174999714,-0.160225331783,-0.709350824356
-0.423887908459,0.174032509327,0.858784556389,0.179243177176,-0.666052222252,-0.160999253392,-0.705921769142
-0.424352824688,0.172296449542,0.859098792076,0.180943772197,-0.663281261921,-0.160445526242,-0.708219408989
-0.42434412241,0.170522212982,0.859655737877,0.177823618054,-0.665199816227,-0.160875752568,-0.707111656666
-0.424799233675,0.168710961938,0.860451757908,0.177835211158,-0.666378736496,-0.160833492875,-0.706007599831
-0.425169289112,0.167027160525,0.860946893692,0.177122339606,-0.664814054966,-0.161206766963,-0.707575142384
-0.425531297922,0.165538176894,0.861382365227,0.176802873611,-0.663657546043,-0.160103201866,-0.708989739418
-0.425766915083,0.163878977299,0.86189365387,0.178731441498,-0.663561105728,-0.161656826735,-0.708243429661
-0.426212489605,0.16244238615,0.862557411194,0.178077206016,-0.663446128368,-0.161692216992,-0.70850789547
-0.426475942135,0.161021471024,0.863016963005,0.176565259695,-0.663952708244,-0.161698013544,-0.708410382271
-0.426544308662,0.15980155766,0.863476276398,0.17441919446,-0.665672361851,-0.162005633116,-0.707257032394
-0.427159756422,0.158377110958,0.863862931728,0.17561802268,-0.663538515568,-0.163352102041,-0.708654403687
-0.427429825068,0.157180085778,0.864398002625,0.174280375242,-0.664779245853,-0.163581445813,-0.707768261433
-0.42772975564,0.15608522296,0.864764750004,0.174172699451,-0.664017796516,-0.164464846253,-0.708304703236
-0.428052604198,0.154974415898,0.865191221237,0.173453718424,-0.664350688457,-0.165541604161,-0.70791810751
-0.428376108408,0.154043808579,0.865634381771,0.172399520874,-0.664307534695,-0.165579587221,-0.708207190037
-0.428865134716,0.152938947082,0.865983068943,0.172791019082,-0.661910235882,-0.166328459978,-0.710178136826
-0.429209113121,0.151846289635,0.866631031036,0.171736672521,-0.663793623447,-0.168120279908,-0.708251476288
-0.429576784372,0.151092156768,0.866993308067,0.170927241445,-0.662984192371,-0.168133273721,-0.709201812744
-0.429931223392,0.150163844228,0.867557644844,0.169771194458,-0.66210258007,-0.167995020747,-0.710335016251
-0.430043816566,0.149687319994,0.867724061012,0.167739272118,-0.660629212856,-0.169340416789,-0.711868345737
-0.430414319038,0.148998901248,0.868151545525,0.166924193501,-0.660830438137,-0.170075505972,-0.711697876453
-0.430808335543,0.147992536426,0.868905901909,0.166384652257,-0.662672042847,-0.170302629471,-0.710055649281
-0.431168824434,0.147228851914,0.869277238846,0.168795004487,-0.659284949303,-0.172313421965,-0.712151527405
-0.431464582682,0.146478295326,0.86956602335,0.165938019753,-0.659991681576,-0.17429882288,-0.711684942245
-0.431928902864,0.146025046706,0.870122551918,0.165389224887,-0.660746157169,-0.173475638032,-0.711313843727
-0.432099074125,0.14562818408,0.870528101921,0.166406318545,-0.658362150192,-0.174045875669,-0.713145315647
-0.432110518217,0.144822657108,0.871418237686,0.16308131814,-0.664198577404,-0.176556542516,-0.707864820957
-0.43266505003,0.14424559474,0.871747255325,0.163492053747,-0.660535156727,-0.176424816251,-0.711222946644
-0.432993352413,0.143652915955,0.872150957584,0.1635414958,-0.659315228462,-0.176840856671,-0.71223950386
-0.433282107115,0.143053278327,0.872229874134,0.161836147308,-0.644148111343,-0.171089306474,-0.72774374485
-0.433523058891,0.142689019442,0.873130679131,0.162217885256,-0.659769296646,-0.179494395852,-0.711457371712
-0.433904647827,0.142206534743,0.873620867729,0.162715107203,-0.658267259598,-0.179741889238,-0.712671637535
-0.43403545022,0.141609445214,0.874169230461,0.163163632154,-0.65828615427,-0.182031080127,-0.711970210075
-0.434325307608,0.141182407737,0.874571025372,0.162965148687,-0.657914102077,-0.182975411415,-0.712117552757
-0.434441834688,0.140730708838,0.874915599823,0.159033969045,-0.657627105713,-0.184317067266,-0.712924957275
-0.434639334679,0.14029674232,0.875416398048,0.157821059227,-0.659340798855,-0.185249015689,-0.711368560791
-0.435488820076,0.139584943652,0.876101493835,0.157252550125,-0.659094691277,-0.184662982821,-0.711874544621
-0.435645967722,0.139183118939,0.876556158066,0.158871114254,-0.658192276955,-0.186619073153,-0.71184015274
-0.43587616086,0.138941034675,0.876622915268,0.159280717373,-0.641508936882,-0.178157150745,-0.728941619396
-0.436057895422,0.138404816389,0.877664089203,0.157801672816,-0.657684504986,-0.187132164836,-0.712412238121
-0.436325103045,0.137788176537,0.87798178196,0.157337591052,-0.656796336174,-0.189254134893,-0.712773680687
-0.436549901962,0.137313246727,0.878366708755,0.156539767981,-0.657520771027,-0.190062850714,-0.712065935135
-0.437010854483,0.1370241642,0.87873083353,0.156869634986,-0.655359327793,-0.188625186682,-0.714364469051
-0.437155246735,0.136552006006,0.879321932793,0.154598355293,-0.65739428997,-0.188406229019,-0.71304666996
-0.437367856503,0.135653033853,0.879340529442,0.156841218472,-0.642055809498,-0.18289783597,-0.72781419754
-0.43771019578,0.135146170855,0.879895210266,0.155852973461,-0.656805813313,-0.190447762609,-0.71277320385
-0.437999039888,0.134580850601,0.880223870277,0.155550926924,-0.657606720924,-0.190871715546,-0.711986958981
-0.438125640154,0.133845299482,0.880489051342,0.154936999083,-0.659694552422,-0.193721845746,-0.709415018559
-0.438635438681,0.133345082402,0.880049109459,0.156060993671,-0.640039920807,-0.182200014591,-0.729929506779
-0.438645154238,0.132540896535,0.881085216999,0.156343623996,-0.658221721649,-0.192372202873,-0.71084022522
-0.438790082932,0.132008105516,0.880886912346,0.154118403792,-0.655621767044,-0.192461624742,-0.713698983192
-0.439153641462,0.131612867117,0.881178736687,0.154000788927,-0.655931174755,-0.190397188067,-0.713993608952
-0.439469695091,0.130705341697,0.88130491972,0.153661042452,-0.656337022781,-0.190866038203,-0.713568687439
-0.439487963915,0.130075216293,0.881333947182,0.153404086828,-0.656776428223,-0.190722420812,-0.713257968426
-0.439734250307,0.129518613219,0.881549954414,0.15303401649,-0.658165931702,-0.19074241817,-0.712050199509
-0.439874351025,0.128748014569,0.881839990616,0.152996510267,-0.659808635712,-0.191840708256,-0.710240662098
-0.439851909876,0.127891004086,0.881489336491,0.155887052417,-0.656188070774,-0.192583218217,-0.712760984898
-0.440035611391,0.127351313829,0.881873309612,0.153642833233,-0.657460093498,-0.191356375813,-0.712406337261
-0.440458267927,0.126551985741,0.882306337357,0.153540700674,-0.656563401222,-0.190839976072,-0.713393211365
-0.440183609724,0.125967264175,0.881702780724,0.154859691858,-0.641356289387,-0.183318570256,-0.728748857975
-0.440180242062,0.125158771873,0.881939589977,0.154497712851,-0.655554294586,-0.191158995032,-0.714028954506
-0.440248012543,0.124492526054,0.882005691528,0.154393091798,-0.655836820602,-0.19077770412,-0.713894128799
-0.440000832081,0.123533956707,0.882017433643,0.15564621985,-0.656773209572,-0.193600878119,-0.711998581886
-0.440236508846,0.123034290969,0.881977260113,0.154128283262,-0.655276477337,-0.190960273147,-0.714416861534
-0.440270394087,0.122229583561,0.881999254227,0.15544514358,-0.656508564949,-0.190485402942,-0.713126003742
-0.440056860447,0.121265999973,0.881958007812,0.154597058892,-0.656398057938,-0.1927985847,-0.712790310383
-0.440036475658,0.120654545724,0.881929159164,0.154289424419,-0.65615183115,-0.191710099578,-0.713377058506
-0.43973466754,0.119741104543,0.881802737713,0.156479120255,-0.655365824699,-0.191962867975,-0.713554739952
-0.439955770969,0.119101651013,0.881364583969,0.153718203306,-0.640290260315,-0.182893335819,-0.730033695698
-0.439915657043,0.118418812752,0.881837546825,0.1542057693,-0.656128525734,-0.189468115568,-0.714015364647
-0.439665317535,0.117639966309,0.881899058819,0.155644163489,-0.657106757164,-0.189856022596,-0.7126994133
-0.439709067345,0.116934716702,0.881765246391,0.154305547476,-0.656795322895,-0.188911691308,-0.713527977467
-0.439749211073,0.116196721792,0.88106751442,0.154988601804,-0.639266550541,-0.180307492614,-0.731304347515
-0.439336717129,0.115540884435,0.881767868996,0.154777169228,-0.657353878021,-0.187947407365,-0.713165998459
-0.43940526247,0.114885851741,0.881322324276,0.151858136058,-0.643067598343,-0.178829982877,-0.728987634182
-0.439437896013,0.114326320589,0.881392002106,0.152187123895,-0.642857670784,-0.175633579493,-0.729880869389
-0.439184874296,0.113659016788,0.881547808647,0.152397811413,-0.657328903675,-0.183254659176,-0.714920520782
-0.439045727253,0.113200724125,0.881415426731,0.151863381267,-0.656299412251,-0.182266935706,-0.71623134613
-0.438914567232,0.112829104066,0.881282448769,0.151909142733,-0.656999230385,-0.180910125375,-0.715924024582
-0.438851803541,0.111919030547,0.880802989006,0.152634203434,-0.641048848629,-0.172807216644,-0.732049822807
-0.438529670238,0.111335866153,0.881008028984,0.153110578656,-0.655639052391,-0.181378349662,-0.71679610014
-0.438429623842,0.11091671139,0.88090723753,0.153230771422,-0.655601322651,-0.181025996804,-0.716893970966
-0.438316017389,0.110419251025,0.880813837051,0.153825029731,-0.654680550098,-0.18006490171,-0.717849612236
-0.437975913286,0.109924688935,0.880873799324,0.154919803143,-0.654782295227,-0.180442988873,-0.717426300049
-0.438022315502,0.109626427293,0.880325675011,0.15221196413,-0.639329314232,-0.172192692757,-0.733784258366
-0.437904566526,0.109206110239,0.880313277245,0.151949077845,-0.638617038727,-0.171477451921,-0.734625995159
-0.43776896596,0.108889728785,0.880251049995,0.151741489768,-0.638743877411,-0.17093962431,-0.734683871269
-0.437624692917,0.108566507697,0.88021916151,0.151189059019,-0.639147996902,-0.170494526625,-0.734549820423
-0.437212467194,0.107875175774,0.88031065464,0.152260914445,-0.653823137283,-0.18124319613,-0.718667387962
-0.437109827995,0.107573948801,0.880226969719,0.152253672481,-0.653236210346,-0.180924832821,-0.71928268671
-0.43707549572,0.107399053872,0.879958152771,0.150336280465,-0.639888584614,-0.172455877066,-0.73362159729
-0.437043070793,0.107089437544,0.879762887955,0.151306971908,-0.639099597931,-0.1726282686,-0.734068930149
-0.437018930912,0.106748238206,0.879649043083,0.151637732983,-0.639516472816,-0.175756394863,-0.732894599438
-0.436950236559,0.106509782374,0.879529416561,0.151252523065,-0.639748334885,-0.175573319197,-0.732815623283
-0.436659693718,0.106128193438,0.879606723785,0.152105271816,-0.653746783733,-0.180918127298,-0.718851685524
-0.436601281166,0.105904892087,0.879464030266,0.151980832219,-0.654456138611,-0.180751696229,-0.718274235725
-0.436598539352,0.105535492301,0.879410743713,0.151941224933,-0.65528690815,-0.181514263153,-0.717332243919
-0.436613231897,0.105295576155,0.879236459732,0.15178360045,-0.65520966053,-0.181099712849,-0.717540919781
-0.436747670174,0.105285644531,0.879061281681,0.152059137821,-0.654564142227,-0.177945151925,-0.718859732151
-0.436996936798,0.105025663972,0.878491520882,0.150834262371,-0.640120565891,-0.169460862875,-0.734014868736
-0.437524437904,0.104750305414,0.878174722195,0.146754264832,-0.640208125114,-0.166899964213,-0.735351145267
-0.437213540077,0.104653388262,0.878355979919,0.150591045618,-0.655855894089,-0.17513538897,-0.718681395054
-0.43766990304,0.104228973389,0.877827763557,0.145007759333,-0.656751394272,-0.174550935626,-0.719153940678
-0.437720328569,0.104012429714,0.877619624138,0.14445476234,-0.658127844334,-0.174242779613,-0.718080937862
-0.437943816185,0.103631168604,0.877390027046,0.145883753896,-0.65951782465,-0.175585642457,-0.716187000275
-0.438108444214,0.103447802365,0.87711417675,0.144775614142,-0.660539865494,-0.175087332726,-0.715591728687
-0.438240915537,0.103307358921,0.876726329327,0.144504263997,-0.659152150154,-0.173855394125,-0.717224776745
-0.438506662846,0.103107437491,0.87623667717,0.142955154181,-0.658101141453,-0.173511505127,-0.718582391739
-0.438596367836,0.102864556015,0.876014828682,0.142391055822,-0.658730685711,-0.173396512866,-0.718145132065
-0.438643932343,0.102553129196,0.875787734985,0.141780555248,-0.659682929516,-0.173705637455,-0.717316746712
-0.438412606716,0.102456130087,0.875720322132,0.144639402628,-0.661041259766,-0.174167051911,-0.715380966663
-0.439903795719,0.102201484144,0.874924182892,0.133436232805,-0.658999145031,-0.170020878315,-0.720421850681
-0.439990848303,0.101573452353,0.874690890312,0.134928151965,-0.660249769688,-0.171918064356,-0.718546390533
-0.439411252737,0.101404361427,0.874779999256,0.140190139413,-0.660728871822,-0.173099011183,-0.716812908649
-0.43954744935,0.101139470935,0.874354958534,0.139303639531,-0.647857129574,-0.16595210135,-0.730298280716
-0.439412236214,0.100532352924,0.874541401863,0.140312552452,-0.66286200285,-0.176030382514,-0.714100599289
-0.43942424655,0.100250519812,0.874410033226,0.139808267355,-0.664197862148,-0.175882071257,-0.712993979454
-0.439395159483,0.10005171597,0.874196767807,0.138960257173,-0.664597690105,-0.174520820379,-0.713121592999
-0.440217614174,0.0997474119067,0.87362408638,0.13052098453,-0.663801670074,-0.170927405357,-0.716320872307
-0.440178573132,0.0994076505303,0.873540997505,0.130009025335,-0.664008796215,-0.170200020075,-0.716395199299
-0.44006857276,0.0990358963609,0.873492598534,0.129905641079,-0.664026737213,-0.169604808092,-0.716538369656
-0.438874691725,0.0988252535462,0.873968839645,0.140693128109,-0.664565563202,-0.172903165221,-0.713205933571
-0.439743936062,0.0983198136091,0.873331189156,0.130305111408,-0.663030862808,-0.169543311,-0.717402160168
-0.439541071653,0.0979351773858,0.873318791389,0.129931032658,-0.663366913795,-0.169035032392,-0.717279195786
-0.43932852149,0.0975903123617,0.873303890228,0.129934430122,-0.663409769535,-0.168673530221,-0.717324078083
-0.439180135727,0.0972324535251,0.873654723167,0.127660468221,-0.665903091431,-0.167518824339,-0.715690910816
-0.438728511333,0.0967078953981,0.873530030251,0.127803444862,-0.665259957314,-0.16691827774,-0.716403365135
-0.438637346029,0.0963924974203,0.873453319073,0.125071510673,-0.651780426502,-0.158251523972,-0.731092274189
-0.438051491976,0.0959883779287,0.873616158962,0.12620523572,-0.665402054787,-0.165729150176,-0.716830730438
-0.437710374594,0.0956864506006,0.873459815979,0.125015825033,-0.65209287405,-0.157546669245,-0.730975329876
-0.437362790108,0.0953540503979,0.873536229134,0.124465964735,-0.651788890362,-0.156484544277,-0.731568157673
-0.436711698771,0.0947790667415,0.87415599823,0.123124375939,-0.666844069958,-0.163493692875,-0.716539740562
-0.436281591654,0.0947199165821,0.873850226402,0.122311413288,-0.651247501373,-0.153829231858,-0.73297560215
-0.435606211424,0.0943344905972,0.874278068542,0.123031698167,-0.66518175602,-0.16146607697,-0.718557715416
-0.435186058283,0.0940467789769,0.874572992325,0.122663579881,-0.665162622929,-0.160956799984,-0.718752563
-0.434350013733,0.0934597998857,0.874888181686,0.121310226619,-0.667285263538,-0.160557121038,-0.717102229595
-0.433934271336,0.0930523425341,0.875055074692,0.121440552175,-0.661157369614,-0.157232746482,-0.723464667797
-0.433304280043,0.092800103128,0.87522995472,0.121062606573,-0.661202788353,-0.156767487526,-0.723587572575
-0.432447075844,0.0925510674715,0.875593900681,0.119496278465,-0.661171674728,-0.155603915453,-0.724127113819
-0.431751400232,0.0923210009933,0.875702023506,0.119788065553,-0.660915732384,-0.155561923981,-0.724321603775
-0.430992901325,0.0920020490885,0.875871419907,0.120563216507,-0.660640180111,-0.155587151647,-0.724438905716
-0.43027150631,0.0918131321669,0.876298964024,0.118630066514,-0.660554647446,-0.154747456312,-0.725015759468
-0.429404646158,0.0915964543819,0.876329123974,0.11810643971,-0.660326302052,-0.15385209024,-0.72549957037
-0.42885273695,0.091397613287,0.876428425312,0.118241101503,-0.659608125687,-0.153364360332,-0.726233959198
-0.42788028717,0.0912290811539,0.876692295074,0.115573443472,-0.659626662731,-0.152176961303,-0.726895987988
-0.426938533783,0.0912844836712,0.876572132111,0.117370665073,-0.662214577198,-0.153767630458,-0.723914027214
-0.426225244999,0.0907321050763,0.876895904541,0.11649081856,-0.659490406513,-0.152278348804,-0.72685188055
-0.425374507904,0.0906088426709,0.877051591873,0.114889129996,-0.658348977566,-0.150606021285,-0.728488266468
-0.424446970224,0.0905597731471,0.877039432526,0.114365600049,-0.658469557762,-0.14873687923,-0.728845477104
-0.423768013716,0.090240098536,0.877142906189,0.114442370832,-0.658404767513,-0.149758636951,-0.728682637215
-0.422820836306,0.0900626927614,0.87721568346,0.111932821572,-0.657851755619,-0.148588389158,-0.729810655117
-0.422014117241,0.0898617729545,0.877191066742,0.111781418324,-0.658007621765,-0.148794367909,-0.729651331902
-0.421147018671,0.0896786525846,0.87717962265,0.111971579492,-0.658127605915,-0.148866578937,-0.729499280453
-0.420287430286,0.0895113050938,0.877523064613,0.109102293849,-0.658240914345,-0.147393420339,-0.730130672455
-0.419307678938,0.0894403606653,0.87745141983,0.108699947596,-0.65830218792,-0.145495057106,-0.730516254902
-0.416644185781,0.0886697545648,0.877848029137,0.122797496617,-0.660361349583,-0.155697658658,-0.724294066429
-0.415937960148,0.0885869041085,0.878108084202,0.120073191822,-0.660321652889,-0.154406070709,-0.725063145161
-0.415064752102,0.088267609477,0.878031551838,0.119827620685,-0.660102009773,-0.155024930835,-0.725171685219
-0.414105147123,0.0880165323615,0.878182172775,0.120856463909,-0.660510957241,-0.155940502882,-0.724432110786
-0.413493782282,0.0878360494971,0.878190279007,0.120850078762,-0.658219456673,-0.155837148428,-0.726537823677
-0.41293400526,0.088010571897,0.878314852715,0.118731819093,-0.657703995705,-0.149896144867,-0.728601157665
-0.411908060312,0.0874860733747,0.878410935402,0.120045043528,-0.657705485821,-0.153134375811,-0.727710485458
-0.411025434732,0.0871841534972,0.878625392914,0.121342554688,-0.655902802944,-0.153403580189,-0.729064404964
-0.410668820143,0.0873474180698,0.879128694534,0.118162319064,-0.65755033493,-0.149103358388,-0.728994846344
-0.410073757172,0.0872268676758,0.879190683365,0.118652887642,-0.657382011414,-0.14908413589,-0.729070842266
-0.409369468689,0.0868945047259,0.879188656807,0.119999364018,-0.656474530697,-0.149272426963,-0.729629456997
-0.408960312605,0.0865575447679,0.879397809505,0.120999619365,-0.653573334217,-0.148457288742,-0.73223054409
-0.407809406519,0.0859438702464,0.880025684834,0.121137045324,-0.656443357468,-0.15210531652,-0.7288839221
-0.407168328762,0.0856935158372,0.880029976368,0.122429251671,-0.656033277512,-0.152234271169,-0.729010462761
-0.406749457121,0.0854342207313,0.880216002464,0.122629970312,-0.654915571213,-0.151556909084,-0.730121850967
-0.406418830156,0.0851384997368,0.880317926407,0.123772293329,-0.652618288994,-0.151268571615,-0.732043504715
-0.406092792749,0.0849951356649,0.880730509758,0.122358605266,-0.654038131237,-0.15049469471,-0.731172859669
-0.405615240335,0.0846986696124,0.880997300148,0.122219592333,-0.655004560947,-0.150722786784,-0.730283558369
-0.40534517169,0.0844757482409,0.881172776222,0.122614704072,-0.654836714268,-0.149996444583,-0.730517208576
-0.405059099197,0.0842726305127,0.881346702576,0.12241601944,-0.655067026615,-0.149504572153,-0.730445086956
-0.404888421297,0.0840957313776,0.881449043751,0.12290545553,-0.654817700386,-0.149299174547,-0.730628311634
-0.404758214951,0.08395049721,0.881508708,0.123209692538,-0.654612898827,-0.148972690105,-0.730827391148
-0.404617100954,0.0837972834706,0.881368875504,0.12390562892,-0.65264326334,-0.148534879088,-0.732558310032
-0.404583126307,0.083646312356,0.88134843111,0.124512903392,-0.652157604694,-0.148506432772,-0.732893586159
-0.40455955267,0.0835573151708,0.881343483925,0.12439930439,-0.652074694633,-0.148553371429,-0.732977151871
-0.404550760984,0.0834821760654,0.881321847439,0.124301068485,-0.652057945728,-0.148560732603,-0.733007192612
-0.404577791691,0.0834421813488,0.881277859211,0.124043755233,-0.652028918266,-0.148601546884,-0.733068346977
-0.404642045498,0.083426810801,0.881217598915,0.123695977032,-0.652048766613,-0.148609384894,-0.733107745647
-0.404704123735,0.08342320472,0.88115131855,0.12328427285,-0.653339862823,-0.149025306106,-0.731942236423
-0.404777556658,0.0834215953946,0.881080508232,0.123064577579,-0.65349316597,-0.149092525244,-0.731828629971
-0.404865503311,0.0834406986833,0.88101786375,0.122784085572,-0.653642475605,-0.149230524898,-0.731714367867
-0.405003279448,0.0834655687213,0.880949497223,0.122477442026,-0.653753697872,-0.149496436119,-0.731612086296
-0.405527472496,0.0838710293174,0.880871355534,0.121077053249,-0.653494358063,-0.146164909005,-0.732749164104
-0.405800759792,0.0840201154351,0.88099950552,0.119943954051,-0.655204713345,-0.146483466029,-0.731343150139
-0.406000524759,0.0840867683291,0.880946278572,0.119625732303,-0.655082404613,-0.146685525775,-0.731464326382
-0.406164079905,0.0842249915004,0.880873322487,0.119387030602,-0.655277490616,-0.147113740444,-0.731242656708
-0.406410247087,0.0842711925507,0.880896806717,0.119076311588,-0.655191302299,-0.147361367941,-0.731320619583
-0.406646639109,0.0843504369259,0.880930662155,0.118623897433,-0.655139923096,-0.147688597441,-0.731374144554
-0.406445622444,0.0840167552233,0.881004452705,0.120410017669,-0.655381500721,-0.152759805322,-0.729822456837
-0.40683567524,0.0841046348214,0.88091480732,0.120969384909,-0.654170811176,-0.152867928147,-0.730792880058
-0.407108187675,0.0842180401087,0.880744576454,0.121727794409,-0.652992546558,-0.153121218085,-0.731667280197
-0.407377123833,0.0843298733234,0.880813717842,0.12177131325,-0.652740359306,-0.153249591589,-0.73185801506
-0.407599776983,0.0844279453158,0.880907416344,0.122057914734,-0.652641892433,-0.153713449836,-0.731800913811
-0.407906115055,0.0845191404223,0.881224155426,0.121942214668,-0.653822481632,-0.154048830271,-0.730695068836
-0.408065736294,0.0847088992596,0.881220757961,0.122465081513,-0.653695821762,-0.154204785824,-0.730688035488
-0.40828281641,0.0848488137126,0.88135445118,0.122798167169,-0.653738796711,-0.154819861054,-0.730463624001
-0.408492773771,0.0850361809134,0.881525993347,0.123107925057,-0.654083609581,-0.155038714409,-0.730056226254
-0.40875095129,0.0852462053299,0.881640434265,0.124008394778,-0.653854072094,-0.155339762568,-0.730045437813
