x,y,z,q0,q1,q2,q3
0.644085049629,-0.0611805953085,1.35496723652,-0.0700591206551,0.0146939456463,0.69183754921,-0.718496024609
0.644209742546,-0.0600617900491,1.35506021976,-0.0694459825754,0.0151594597846,0.691635847092,-0.718740105629
0.644311606884,-0.058980230242,1.35533738136,-0.0719529315829,0.012378311716,0.689437389374,-0.720656394958
0.644547998905,-0.0579397194088,1.35536956787,-0.071249909699,0.0129409339279,0.689214944839,-0.720929145813
0.644765853882,-0.0567861311138,1.3553968668,-0.070701405406,0.0132125020027,0.68901771307,-0.721166610718
0.64500194788,-0.0556609667838,1.35539567471,-0.0702358409762,0.0138401333243,0.688854753971,-0.721356093884
0.645216405392,-0.0544118620455,1.35543978214,-0.0697403848171,0.0140960952267,0.68863350153,-0.721610367298
0.645416140556,-0.0532314181328,1.35549890995,-0.069163903594,0.0144070405513,0.688520610332,-0.721767425537
0.645680725574,-0.0521131269634,1.35548746586,-0.0688110440969,0.0147021338344,0.688232183456,-0.722070217133
0.645885884762,-0.0509187951684,1.35556197166,-0.068219833076,0.0150572396815,0.688251912594,-0.722100138664
0.646152436733,-0.0496519990265,1.35556614399,-0.0679104328156,0.0153825869784,0.688116729259,-0.722251296043
0.646374940872,-0.0484363511205,1.35563886166,-0.0672900974751,0.0156108047813,0.688048541546,-0.722369372845
0.646626055241,-0.0472069010139,1.35567331314,-0.0669158473611,0.0161830037832,0.68814021349,-0.722304224968
0.646822273731,-0.0457454659045,1.35569882393,-0.066373847425,0.0161499548703,0.688106179237,-0.722387552261
0.647082269192,-0.0444780178368,1.35580968857,-0.0660511553288,0.0164957847446,0.688093662262,-0.722421169281
0.647371172905,-0.0433939620852,1.35590803623,-0.0656576007605,0.0168136376888,0.688074827194,-0.722467660904
0.647645890713,-0.0419142916799,1.35598540306,-0.0652714073658,0.0169149879366,0.688104629517,-0.722471892834
0.647924005985,-0.0408059172332,1.35613358021,-0.0646922886372,0.0172343384475,0.688139975071,-0.722482800484
0.64825206995,-0.0395584702492,1.35626447201,-0.0642151460052,0.0173298828304,0.688245475292,-0.722422480583
0.648181438446,-0.0377489291131,1.35615074635,-0.0633350908756,0.0164053943008,0.688972830772,-0.721828341484
0.648625671864,-0.0372233167291,1.35681343079,-0.0615108050406,0.0174314733595,0.689053654671,-0.721884787083
0.649099171162,-0.035632699728,1.35647821426,-0.0632213354111,0.0175933688879,0.688879787922,-0.721899032593
0.64947706461,-0.0343479067087,1.3567340374,-0.0624048225582,0.0179683230817,0.688989400864,-0.721856296062
0.649728775024,-0.0329118445516,1.35668671131,-0.0625257343054,0.0176952779293,0.689681768417,-0.721191048622
0.650110065937,-0.0315301381052,1.35687017441,-0.0618087202311,0.0178873315454,0.689787149429,-0.721147298813
0.650552451611,-0.0301803648472,1.35700857639,-0.0613181553781,0.0179838035256,0.689832508564,-0.721143305302
0.650733113289,-0.0289054624736,1.35697519779,-0.061010863632,0.018017321825,0.690421879292,-0.720604300499
0.651164770126,-0.0275590755045,1.35725438595,-0.0601422600448,0.0180963035673,0.690338492393,-0.720755279064
0.651570320129,-0.026267606765,1.35733830929,-0.0598114021122,0.0183717552572,0.69043380022,-0.720684587955
0.65193015337,-0.0249751210213,1.35733616352,-0.0595956854522,0.0182936619967,0.690564155579,-0.720579564571
0.652299582958,-0.0236565768719,1.35729491711,-0.0595882833004,0.018523670733,0.690925955772,-0.720227360725
0.652486622334,-0.0224125832319,1.35719263554,-0.0592949874699,0.0183156896383,0.691740214825,-0.719474852085
0.652916312218,-0.0209235958755,1.35733294487,-0.0585666000843,0.018200930208,0.691682159901,-0.719593286514
0.653389453888,-0.0195352546871,1.35753679276,-0.0580411106348,0.0184438247234,0.691674053669,-0.719637453556
0.653644323349,-0.018196683377,1.35740721226,-0.0581827871501,0.0181771442294,0.692192971706,-0.719133675098
0.654159486294,-0.0169965699315,1.35774183273,-0.0572416894138,0.0185223557055,0.692025542259,-0.719361484051
0.654538273811,-0.0154145844281,1.35771524906,-0.0568806789815,0.0182114820927,0.692472219467,-0.718968212605
0.654951691628,-0.0141397677362,1.3575925827,-0.0569885745645,0.0182438381016,0.69283759594,-0.718606650829
0.654985785484,-0.0129297524691,1.35793960094,-0.0554726347327,0.01804834418,0.693410098553,-0.718177914619
0.655719220638,-0.0114617496729,1.35758757591,-0.0568937174976,0.0181370880455,0.693012356758,-0.718448340893
0.656039237976,-0.0103191249073,1.35744345188,-0.0567118413746,0.0176967941225,0.693214893341,-0.718278348446
0.656176865101,-0.00841738656163,1.35736298561,-0.0557498894632,0.0166209395975,0.693631052971,-0.717977464199
0.656951904297,-0.00764265656471,1.35751640797,-0.0560600310564,0.0177593771368,0.693175971508,-0.718365609646
0.65738850832,-0.00623909011483,1.35749351978,-0.0554652959108,0.0175647195429,0.693281710148,-0.718314468861
0.657451272011,-0.00486964359879,1.35766375065,-0.0539026260376,0.017150528729,0.694146633148,-0.717607676983
0.658220529556,-0.00337517634034,1.35743439198,-0.0545079857111,0.0171970892698,0.693526864052,-0.718160033226
0.658437132835,-0.00208165496588,1.35710787773,-0.0550916083157,0.016860999167,0.693881750107,-0.717780470848
0.658956885338,-0.000761464238167,1.35704410076,-0.0545814596117,0.0169480890036,0.693842470646,-0.717855453491
0.659413278103,0.000616114586592,1.35704982281,-0.0540609396994,0.0170570928603,0.693708062172,-0.718022108078
0.659467339516,0.00165485218167,1.3570715189,-0.0527826882899,0.016219412908,0.694307923317,-0.717556655407
0.660156130791,0.00302883610129,1.35655367374,-0.0544014386833,0.0165667701513,0.69404309988,-0.717683911324
0.660529732704,0.00435316562653,1.35649847984,-0.0541831068695,0.0164104662836,0.694231390953,-0.717522084713
0.660921692848,0.00548554956913,1.35629951954,-0.0542184561491,0.0163357853889,0.694666087627,-0.717100143433
0.661373853683,0.00701472535729,1.3562027216,-0.0540620014071,0.0162197761238,0.69457668066,-0.71720123291
0.661611616611,0.00846928916872,1.35634124279,-0.0523445233703,0.0156430993229,0.694984912872,-0.716945886612
0.66218149662,0.00935334153473,1.35592353344,-0.0537365339696,0.0162550900131,0.694973051548,-0.716840803623
0.662220418453,0.0105737168342,1.35568571091,-0.0529892519116,0.0151408193633,0.695940554142,-0.715981602669
0.663007199764,0.0119449719787,1.35553526878,-0.0536538995802,0.0159118343145,0.695796906948,-0.716054975986
0.663149654865,0.0131112784147,1.35549592972,-0.0526884458959,0.0149656841531,0.696293413639,-0.71566426754
0.663023769855,0.0142467617989,1.35529112816,-0.0506817437708,0.0131314890459,0.69732606411,-0.71483951807
0.663715362549,0.0155663508922,1.35489737988,-0.0516395159066,0.0131117329001,0.697323143482,-0.714774012566
0.663830399513,0.0165319349617,1.35494196415,-0.0511941462755,0.013485301286,0.698016822338,-0.714121758938
0.66448366642,0.0180298238993,1.35457003117,-0.0517087094486,0.0128677403554,0.698073863983,-0.714040338993
0.664585649967,0.0190301947296,1.35469377041,-0.050282176584,0.0128178307787,0.698753118515,-0.713478386402
0.665228426456,0.0206703748554,1.35398554802,-0.0507073253393,0.0110849495977,0.698501288891,-0.713724076748
0.665291786194,0.0220452602953,1.35380399227,-0.0498605594039,0.0103153493255,0.699590563774,-0.712727546692
0.665781259537,0.0231037177145,1.35351085663,-0.0506878532469,0.0107292244211,0.699880182743,-0.712378740311
0.666076123714,0.0242822077125,1.35360920429,-0.0499240495265,0.0104567389935,0.700127243996,-0.712193906307
0.66647619009,0.025423206389,1.35309612751,-0.0505592264235,0.0104303499684,0.700503110886,-0.711779773235
0.66681599617,0.0269005559385,1.35327243805,-0.050633572042,0.0110908746719,0.700823187828,-0.711449325085
0.66683447361,0.0278738029301,1.35283684731,-0.0502992793918,0.0101266177371,0.701684832573,-0.710637629032
0.667374551296,0.0289496704936,1.35277342796,-0.050150744617,0.010010253638,0.701718211174,-0.710616767406
0.667593717575,0.0302248392254,1.35254728794,-0.0500832311809,0.00985875353217,0.702125370502,-0.710221469402
0.667861461639,0.0312739610672,1.35227012634,-0.0504695996642,0.00979702733457,0.702483713627,-0.709840476513
0.66830521822,0.0324476547539,1.35187578201,-0.0515139363706,0.0098945023492,0.702310502529,-0.709935605526
0.668349325657,0.0334814190865,1.35181462765,-0.0514677092433,0.010127552785,0.703092336655,-0.70916134119
0.668644845486,0.0344761386514,1.35133254528,-0.0515725798905,0.00922275241464,0.703275442123,-0.708984434605
0.668785750866,0.0356689691544,1.35141205788,-0.0507955998182,0.00896455720067,0.70388007164,-0.708443522453
0.669430434704,0.0368750616908,1.35061824322,-0.0537616722286,0.00971723441035,0.703614652157,-0.70847851038
0.669351220131,0.0373691394925,1.35117566586,-0.0504353828728,0.0088849151507,0.703992307186,-0.708358883858
0.669680595398,0.0388174317777,1.35054278374,-0.0524796247482,0.00922101829201,0.704118430614,-0.708080768585
0.670193254948,0.0399543605745,1.35037124157,-0.0529280342162,0.00948279350996,0.703562200069,-0.708596527576
0.670283317566,0.0408515483141,1.35010075569,-0.0528057999909,0.00911364797503,0.703867912292,-0.708306789398
0.670654892921,0.0418546237051,1.3499943018,-0.0525279454887,0.00929105654359,0.703810930252,-0.708381831646
0.670945346355,0.0428842976689,1.34968149662,-0.0528966188431,0.00910624768585,0.703614652157,-0.708551704884
0.67117857933,0.0435471907258,1.34948158264,-0.0529432781041,0.00909633655101,0.703734278679,-0.708429515362
0.6715067029,0.044828992337,1.34920108318,-0.0531946755946,0.00892189051956,0.703414201736,-0.708730697632
0.671476304531,0.0452515557408,1.34928655624,-0.051246304065,0.00809588562697,0.703832924366,-0.708468556404
0.671781301498,0.0460351444781,1.3490537405,-0.0510688722134,0.00804800726473,0.703850805759,-0.708464026451
0.671970903873,0.0468864738941,1.3487662077,-0.0512279234827,0.00817366503179,0.704073667526,-0.708229720592
0.672535002232,0.0478177070618,1.34825062752,-0.0539030246437,0.00923614390194,0.703547179699,-0.708541274071
0.672812521458,0.0488600432873,1.34801065922,-0.0533758960664,0.0085159689188,0.703504621983,-0.708632349968
0.673338592052,0.0492597334087,1.34791171551,-0.0528896972537,0.00804658327252,0.703037500381,-0.709137618542
0.673598766327,0.0500654280186,1.34763383865,-0.0528550371528,0.00778005551547,0.703117012978,-0.709064424038
0.673803150654,0.0507785975933,1.34749126434,-0.0531684830785,0.0080994470045,0.703471243382,-0.708685934544
0.674251616001,0.0514581762254,1.34734582901,-0.052951194346,0.00761845288798,0.703100383282,-0.709075510502
0.674525380135,0.0521343946457,1.34707581997,-0.0529065877199,0.00748394615948,0.70325255394,-0.708929240704
0.674866735935,0.0529811866581,1.34691131115,-0.0531449057162,0.00707146525383,0.703020453453,-0.709145963192
0.674801528454,0.0537004843354,1.34665107727,-0.0535528697073,0.00700165517628,0.703900098801,-0.70824277401
0.675140142441,0.0542012527585,1.34661853313,-0.0540083236992,0.00764273526147,0.703857779503,-0.708243727684
0.675123929977,0.0546984188259,1.34666228294,-0.0515376999974,0.00582630792633,0.704392790794,-0.707912921906
0.675381839275,0.0551931858063,1.34646332264,-0.0514214783907,0.00578768178821,0.704646468163,-0.707669317722
0.675650715828,0.0557548776269,1.34625267982,-0.0513871051371,0.00523302145302,0.704729914665,-0.707592964172
0.675828576088,0.0565802939236,1.34588468075,-0.0518759079278,0.00450130878016,0.704921960831,-0.707370936871
0.67666721344,0.0572451390326,1.345687747,-0.0529597140849,0.00522845238447,0.70400428772,-0.708199203014
0.676904022694,0.0576166771352,1.34565603733,-0.0533730350435,0.0059139309451,0.704282641411,-0.707885861397
0.677157640457,0.0581991672516,1.34538793564,-0.0526821166277,0.00457741506398,0.704412162304,-0.707818686962
0.677247881889,0.0586827546358,1.34548783302,-0.0512128546834,0.0037787661422,0.704829514027,-0.707515716553
0.677903056145,0.0594867840409,1.34509122372,-0.0525984168053,0.00392029620707,0.70434397459,-0.707896590233
0.677700340748,0.0596877634525,1.34519326687,-0.0509998351336,0.00329739856534,0.705297827721,-0.707066595554
0.678397297859,0.0604861862957,1.34490275383,-0.0522895306349,0.00353241851553,0.704808354378,-0.707459211349
0.678637325764,0.0608368739486,1.34486031532,-0.0519711785018,0.00325510231778,0.705091297626,-0.707202136517
0.678664982319,0.0612751692533,1.34501266479,-0.0503240823746,0.00229497323744,0.705576360226,-0.706841051579
0.679140150547,0.0618069022894,1.34466707706,-0.0516936853528,0.00272508896887,0.705674529076,-0.706642627716
0.679260849953,0.062301248312,1.34479570389,-0.0502369105816,0.0019100579666,0.706063389778,-0.706361889839
0.679856002331,0.0629823207855,1.34424591064,-0.0524660050869,0.00228003063239,0.70593214035,-0.706330060959
0.679989635944,0.0635294616222,1.34458637238,-0.0507008209825,0.0017386036925,0.70628875494,-0.706103980541
0.680204570293,0.0638716220856,1.34451138973,-0.0507042370737,0.00169211067259,0.706643760204,-0.70574849844
0.680594682693,0.0645604580641,1.34458184242,-0.0501955635846,0.00129758531693,0.706838488579,-0.70559066534
0.680766105652,0.0649002492428,1.34490907192,-0.0481272079051,0.000220861082198,0.706909418106,-0.705664813519
0.680962502956,0.0653367266059,1.34496116638,-0.0477413646877,-9.41610778682e-05,0.707326292992,-0.705273330212
0.681483626366,0.0660231113434,1.34464776516,-0.0493820160627,0.00032640088466,0.707215487957,-0.705271303654
0.681489109993,0.0663999915123,1.34497416019,-0.0471981987357,-0.000495782413054,0.70774012804,-0.70489436388
0.681811153889,0.0669414401054,1.34514665604,-0.0474039688706,5.37998057553e-05,0.708050012589,-0.704569518566
0.68210875988,0.0673074424267,1.34480452538,-0.0478130951524,-0.000912722549401,0.708069264889,-0.70452183485
0.682355046272,0.0675677806139,1.34473466873,-0.0480582751334,-0.000836305669509,0.708388328552,-0.704184532166
0.682672142982,0.0681966915727,1.34471225739,-0.0479701682925,-0.000954271119554,0.708488285542,-0.70408987999
0.682811021805,0.068685375154,1.3447868824,-0.0476976782084,-0.00095059198793,0.708775162697,-0.703819334507
0.68278580904,0.0687624886632,1.34512281418,-0.0454921610653,-0.00169219635427,0.709343314171,-0.703391730785
0.68321698904,0.0693114995956,1.34527003765,-0.045629799366,-0.00113554648124,0.709093332291,-0.703635811806
0.683326423168,0.0695153325796,1.34530186653,-0.0453029833734,-0.00110321643297,0.709407031536,-0.703340649605
0.683499455452,0.0699372887611,1.34530484676,-0.0448391735554,-0.00116516917478,0.709764540195,-0.703009486198
0.68393599987,0.0704895034432,1.34497904778,-0.0463100038469,-0.000647242530249,0.709600448608,-0.70308047533
0.684214115143,0.0710281357169,1.34494256973,-0.0461589507759,-0.000696383125614,0.709574222565,-0.703116834164
0.684390425682,0.0713875293732,1.34493374825,-0.0459867231548,-0.000678594515193,0.709644436836,-0.703057229519
0.68447971344,0.0717389881611,1.34481370449,-0.0452093668282,-0.00144491589162,0.709886372089,-0.702862262726
0.684695422649,0.0721864402294,1.34482693672,-0.0449294745922,-0.0014496515505,0.709840297699,-0.702926754951
0.684830546379,0.072615660727,1.34481692314,-0.0446922406554,-0.00143566576298,0.710022449493,-0.702757894993
0.684975326061,0.0729643255472,1.34481799603,-0.044495485723,-0.00133823114447,0.710035860538,-0.702757179737
0.685029804707,0.0731587857008,1.34507489204,-0.0427760258317,-0.0015250237193,0.710376799107,-0.702518880367
0.685158908367,0.0733564943075,1.34514033794,-0.0422580167651,-0.00158590241335,0.710416734219,-0.702509760857
0.685271680355,0.0737916976213,1.34509778023,-0.0422757528722,-0.00123298168182,0.710589289665,-0.702334940434
0.685235977173,0.0741591453552,1.34494304657,-0.0423937663436,-0.0012926037889,0.710902631283,-0.702010452747
0.685799181461,0.0745880827308,1.34479129314,-0.0439974628389,-0.000272464560112,0.710207939148,-0.70261567831
0.686116397381,0.0750110596418,1.34456372261,-0.0452395677567,0.000203972493182,0.709946155548,-0.702801406384
0.68643528223,0.0754446238279,1.34467601776,-0.0449816696346,0.000415492861066,0.709570169449,-0.703197360039
0.686493933201,0.0757303386927,1.34466588497,-0.0449723005295,0.000709808547981,0.70971095562,-0.703055739403
0.686457037926,0.0760665386915,1.34495043755,-0.0437885448337,0.000658526085317,0.709887206554,-0.702952623367
0.686351060867,0.0760472416878,1.34527492523,-0.0419382601976,0.000322997395415,0.710114657879,-0.702835857868
0.686470746994,0.0762634724379,1.34526073933,-0.0417781174183,0.000413500936702,0.71002882719,-0.702932178974
0.686617136002,0.0765223354101,1.34521901608,-0.0420873984694,0.000734632834792,0.709965467453,-0.702977597713
0.686790764332,0.0768185332417,1.3451308012,-0.0419879890978,0.000658534409013,0.709889531136,-0.703060090542
0.686927855015,0.077074855566,1.34511625767,-0.0419314131141,0.000584963243455,0.709917783737,-0.703035056591
0.686947405338,0.077134385705,1.34524512291,-0.0414644293487,0.000921706901863,0.709854066372,-0.703126609325
0.687048614025,0.0774212405086,1.34528446198,-0.0414485856891,0.00116204982623,0.709760785103,-0.703221440315
0.687153041363,0.0776742771268,1.34530711174,-0.0413189642131,0.00131664215587,0.709695160389,-0.703295111656
0.687432527542,0.07798615098,1.34504806995,-0.0428382456303,0.00205146102235,0.70955145359,-0.70334738493
0.687600672245,0.0782242417336,1.3450987339,-0.0426952280104,0.00203744438477,0.709340631962,-0.703568696976
0.687794864178,0.0786329954863,1.34508609772,-0.0429056212306,0.00206805905327,0.709117054939,-0.703781187534
0.687871992588,0.0789500325918,1.34511399269,-0.0427901819348,0.00224620080553,0.709139943123,-0.703764498234
0.68809223175,0.0792641192675,1.3451025486,-0.0428448021412,0.0022243426647,0.70881742239,-0.704086184502
0.688123583794,0.0793870463967,1.34522128105,-0.0425540357828,0.00242386409082,0.708824217319,-0.704096317291
0.68807977438,0.0798590481281,1.34508728981,-0.0429511778057,0.00224659801461,0.708720266819,-0.704177260399
0.688030481339,0.0799388736486,1.34536480904,-0.0415251851082,0.00196315115318,0.708790063858,-0.704193413258
0.688630104065,0.080240547657,1.34503602982,-0.0436210483313,0.00287699070759,0.707935631275,-0.704922735691
0.688490629196,0.0804238021374,1.34554517269,-0.0412113592029,0.00232651666738,0.708083093166,-0.704921662807
0.688549757004,0.0806847140193,1.34554314613,-0.0411045253277,0.00254261936061,0.70834338665,-0.704665720463
0.688678443432,0.0809237211943,1.34555566311,-0.0411650873721,0.00272434693761,0.708218932152,-0.704786658287
0.68896573782,0.0812691152096,1.34533178806,-0.0425159260631,0.00325914518908,0.707883954048,-0.705040454865
0.689082801342,0.0815125480294,1.34532725811,-0.0426355674863,0.0032762803603,0.707726716995,-0.705191195011
0.689230144024,0.0818599164486,1.34539532661,-0.0423343777657,0.0034006035421,0.707437157631,-0.705499112606
0.689368069172,0.0821160376072,1.34540617466,-0.0424726270139,0.00361097301356,0.707333564758,-0.705593705177
0.6895378232,0.0823899656534,1.34539914131,-0.0424019768834,0.0035754845012,0.707223713398,-0.705708146095
0.689651370049,0.0825542956591,1.34517395496,-0.0426702275872,0.00334103987552,0.707240045071,-0.705676734447
0.689752399921,0.0827457457781,1.34513008595,-0.0426213331521,0.00339752202854,0.707348823547,-0.705570340157
0.689888715744,0.0829594954848,1.34511458874,-0.0425906032324,0.00341129722074,0.707244992256,-0.705676317215
0.689867019653,0.0829908326268,1.34537255764,-0.0410448387265,0.00299063930288,0.707357704639,-0.705656766891
0.689837634563,0.0830577015877,1.34559285641,-0.0404329076409,0.00357755785808,0.70782238245,-0.705223441124
0.690022170544,0.0831242129207,1.34557151794,-0.0402829833329,0.00356958992779,0.707682967186,-0.705371856689
0.690282523632,0.083835221827,1.34555912018,-0.040692768991,0.00380627275445,0.707488000393,-0.705542683601
0.690370559692,0.0839712619781,1.34550452232,-0.0403779670596,0.00350102828816,0.707537710667,-0.705512464046
0.69071161747,0.0841709524393,1.34522020817,-0.0416883416474,0.00394398346543,0.707248985767,-0.705723464489
0.690966129303,0.0844191014767,1.34523129463,-0.0420929379761,0.00446588313207,0.707142591476,-0.705802857876
0.69116961956,0.0846253186464,1.34509289265,-0.0419819243252,0.00431493343785,0.70711261034,-0.705840408802
0.691380381584,0.0848021954298,1.34506297112,-0.0419771559536,0.00432489905506,0.706991314888,-0.705962240696
0.691525936127,0.0849858224392,1.34503638744,-0.0419674776495,0.00438839104027,0.706968545914,-0.70598512888
0.691732108593,0.0852118954062,1.34496426582,-0.0422437153757,0.00434900168329,0.706929624081,-0.706007897854
0.691876173019,0.0853572785854,1.34491622448,-0.0422019511461,0.00425950065255,0.706921041012,-0.706019461155
0.692020475864,0.0853648707271,1.34497141838,-0.0417753495276,0.00440033664927,0.70683580637,-0.706129312515
0.692031085491,0.0853738486767,1.34504437447,-0.0421088524163,0.00522820511833,0.707104384899,-0.705834925175
0.691982448101,0.0852833539248,1.34527981281,-0.0401523448527,0.00467437878251,0.707638800144,-0.705417215824
0.692268311977,0.0855090469122,1.34527206421,-0.040608022362,0.005218884442,0.707478225231,-0.705548286438
0.692531585693,0.0859340280294,1.34500265121,-0.0411088317633,0.00496065663174,0.707315146923,-0.705684542656
0.692835390568,0.086191624403,1.34491991997,-0.0411703325808,0.00489227799699,0.707020282745,-0.705977082253
0.693289875984,0.0864549279213,1.34472811222,-0.0417683571577,0.00507016247138,0.706634640694,-0.70632648468
0.69347178936,0.086617320776,1.34465515614,-0.0418655537069,0.00512286880985,0.706587970257,-0.706367135048
0.693687796593,0.0868368297815,1.34448981285,-0.0418739169836,0.00460742367432,0.70657736063,-0.706380844116
0.693855166435,0.0868427529931,1.34442210197,-0.0418030321598,0.00467322859913,0.706376373768,-0.706585586071
0.694001555443,0.086969435215,1.34443962574,-0.0417449884117,0.00489650899544,0.706372082233,-0.706591725349
0.694230675697,0.0870729237795,1.34437632561,-0.0417468734086,0.00487003754824,0.706187963486,-0.706775844097
0.694280803204,0.0870650857687,1.34444177151,-0.0420538894832,0.00573912542313,0.706586718559,-0.70635253191
0.694564640522,0.08725143224,1.34428811073,-0.0420142635703,0.00569985341281,0.706492483616,-0.706449389458
0.694774866104,0.0873382240534,1.34429681301,-0.0417653545737,0.00576050858945,0.706396818161,-0.706559419632
0.694884717464,0.0873664021492,1.34423732758,-0.0415442362428,0.00567893870175,0.706462442875,-0.706507384777
0.695256710052,0.0876477062702,1.34408009052,-0.0410696715117,0.00483403680846,0.706049025059,-0.706954598427
0.695287168026,0.0876398235559,1.34420156479,-0.0398624688387,0.00436711404473,0.706228852272,-0.706847071648
0.69572031498,0.0878944545984,1.34383904934,-0.0412125401199,0.00438624480739,0.705952227116,-0.707045793533
0.695686936378,0.0878378972411,1.34406149387,-0.0398156493902,0.00404689926654,0.706251621246,-0.706828832626
0.695840060711,0.087961986661,1.34409689903,-0.0396049022675,0.00431480305269,0.706339895725,-0.706750869751
0.696023702621,0.0880111977458,1.34400045872,-0.0394266359508,0.00397564843297,0.706354916096,-0.706747949123
0.696132540703,0.0879788547754,1.34410190582,-0.0398021489382,0.00490155490115,0.706528902054,-0.706547021866
0.696696221828,0.0884570255876,1.34358787537,-0.0410838536918,0.00452254060656,0.706009805202,-0.706995069981
0.696839332581,0.0884130373597,1.34360337257,-0.0414707027376,0.00512150162831,0.706137001514,-0.706841349602
0.697145462036,0.0886038243771,1.34341728687,-0.0409566536546,0.00401282450184,0.705869853497,-0.707145154476
0.697287082672,0.0887380987406,1.34349036217,-0.0408401414752,0.00416065240279,0.705924153328,-0.707096934319
0.697478592396,0.0888744592667,1.3434201479,-0.040783919394,0.00389691535383,0.705865323544,-0.707160174847
0.697693109512,0.0889563411474,1.34340834618,-0.0405655577779,0.00379260792397,0.705955564976,-0.707083404064
0.697874069214,0.0889443829656,1.34338498116,-0.0403919480741,0.00367553997785,0.705995202065,-0.707054257393
0.698103904724,0.0889486521482,1.34337353706,-0.0402031876147,0.00344930286519,0.70579624176,-0.707264840603
0.698275208473,0.0890677794814,1.34337306023,-0.0401265211403,0.00331717403606,0.705684483051,-0.707381427288
0.698421001434,0.089068621397,1.34332764149,-0.0397415235639,0.00279053673148,0.705561637878,-0.7075278759
0.698623776436,0.0892315506935,1.34333229065,-0.0397136285901,0.00268511730246,0.705332815647,-0.707757890224
0.698740303516,0.0890096873045,1.34360682964,-0.0381292589009,0.00217064470053,0.705192506313,-0.707986652851
0.698874652386,0.0890790373087,1.34359526634,-0.038080021739,0.00206323782913,0.705003619194,-0.708177685738
0.699005067348,0.0889435559511,1.34353792667,-0.0379422754049,0.00182360876352,0.704845964909,-0.70834261179
0.699319422245,0.089249394834,1.34332966805,-0.0396640785038,0.00261061289348,0.704417645931,-0.708671748638
0.699456572533,0.0891695320606,1.34347116947,-0.039740473032,0.00320375314914,0.704188525677,-0.708892822266
0.699593245983,0.0893494486809,1.34348404408,-0.0397813133895,0.00314186280593,0.703961372375,-0.709116339684
0.699861943722,0.0895435810089,1.34345412254,-0.0391593500972,0.00235126027837,0.703369677067,-0.709740936756
0.699830591679,0.0892190337181,1.34365975857,-0.0377277061343,0.00183231430128,0.703291237354,-0.709897816181
0.6999604702,0.0895200818777,1.34365046024,-0.0380112603307,0.00185589084867,0.702974021435,-0.710196793079
0.700113594532,0.0894898027182,1.34364116192,-0.0378363095224,0.00172143627424,0.702598273754,-0.710578083992
0.700228869915,0.0896389484406,1.34365952015,-0.0377597622573,0.00163125968538,0.702311038971,-0.710866212845
0.700347006321,0.0896735489368,1.34366631508,-0.0376542061567,0.00154626986478,0.701979160309,-0.711199700832
0.700368881226,0.0895394831896,1.34372198582,-0.0370584204793,0.00130292808171,0.701839268208,-0.71136957407
0.700546860695,0.0894845798612,1.34356427193,-0.0369729995728,0.000825584691484,0.701367378235,-0.711839854717
0.700955152512,0.0898803919554,1.34318423271,-0.0388884060085,0.00121175404638,0.700652420521,-0.712441146374
0.701061069965,0.0899257585406,1.34318888187,-0.0387551449239,0.00118426803965,0.700374245644,-0.712722063065
0.701195418835,0.0898979902267,1.34318888187,-0.0385324545205,0.00108985172119,0.700051724911,-0.713050961494
0.701090037823,0.0898166745901,1.34333729744,-0.0376116484404,0.000929029425606,0.700112462044,-0.713040709496
0.701177477837,0.0898251086473,1.34332680702,-0.0374839939177,0.000950178131461,0.69968777895,-0.713464200497
0.701268076897,0.0898279324174,1.34333181381,-0.0373030416667,0.000972579058725,0.699461758137,-0.713695168495
0.70136064291,0.0898318961263,1.34331929684,-0.0371794812381,0.000992216053419,0.699201464653,-0.713956713676
0.701470315456,0.0898303985596,1.34330224991,-0.0370744541287,0.000957663462032,0.698945581913,-0.714212715626
0.701398909092,0.0897131413221,1.34334886074,-0.0372419208288,0.00147564755753,0.699008345604,-0.714141607285
0.701524555683,0.0896980762482,1.34331429005,-0.0372044555843,0.00146576040424,0.698682785034,-0.714462161064
0.701702833176,0.0897872447968,1.34328567982,-0.0370860956609,0.00132757786196,0.698233962059,-0.714907228947
0.701876461506,0.0899684876204,1.34321963787,-0.0368437208235,0.00082995230332,0.697790801525,-0.71535295248
0.70194876194,0.0900329649448,1.34307479858,-0.03691714257,0.000460810289951,0.697539269924,-0.715594649315
0.702050924301,0.0898051783442,1.34326803684,-0.0360629782081,0.000437853916083,0.697252690792,-0.715917646885
0.702084183693,0.0897674933076,1.34332871437,-0.0359590686858,0.000634899712168,0.697095513344,-0.716075778008
0.702135622501,0.0896514430642,1.34329009056,-0.0359828025103,0.000588935625274,0.696899473667,-0.716265320778
0.702204704285,0.089637696743,1.34324598312,-0.0359854251146,0.000433149281889,0.696700930595,-0.716458380222
0.702260732651,0.0897438153625,1.34326803684,-0.0359354056418,0.000388420477975,0.696507573128,-0.716648995876
0.702346920967,0.0897149443626,1.34324967861,-0.0359833240509,0.000363335275324,0.696259975433,-0.716887295246
0.702420115471,0.0896648317575,1.34319651127,-0.0359888449311,0.000170139566762,0.696063756943,-0.717077493668
0.702500402927,0.0897221714258,1.34320890903,-0.0360370948911,0.000200116235646,0.695848822594,-0.717283606529
0.702578783035,0.0896628051996,1.34315311909,-0.0360502451658,6.60551741021e-05,0.695618391037,-0.717506349087
0.702530920506,0.0898361057043,1.34306502342,-0.0363194160163,-0.000125989754451,0.695624232292,-0.717487156391
0.702541589737,0.0897326022387,1.34306108952,-0.0363545455039,-7.51068946556e-05,0.695559203625,-0.717548549175
0.702755391598,0.0894953012466,1.34316039085,-0.0360433757305,4.30692671216e-05,0.695111572742,-0.717997729778
0.702809929848,0.0896628946066,1.34318900108,-0.0359960235655,0.000183296957402,0.694829165936,-0.71827352047
0.702869653702,0.089653044939,1.34317755699,-0.035991743207,0.000144597972394,0.694648206234,-0.718448758125
0.703023433685,0.0896681472659,1.34308123589,-0.0362146869302,2.66460610874e-05,0.694294095039,-0.718779742718
0.703133165836,0.0899740085006,1.34293723106,-0.0369907729328,0.000136734379339,0.69402307272,-0.719001889229
0.703183233738,0.0899443998933,1.34291601181,-0.0369858518243,0.00014614671818,0.693848609924,-0.719170451164
0.703285694122,0.0899746716022,1.3430082798,-0.0368507839739,0.000315320794471,0.693579435349,-0.719436883926
0.703263401985,0.0898837670684,1.34280467033,-0.0370440259576,-5.93833574385e-05,0.693537056446,-0.719467937946
0.703373253345,0.0900223627687,1.3429158926,-0.036907337606,0.000169973733136,0.693235039711,-0.719766080379
0.703376710415,0.0897898450494,1.34275102615,-0.0371202416718,3.08023263642e-05,0.693172097206,-0.719815671444
0.703413426876,0.0899465084076,1.34275984764,-0.0364453680813,0.00137155025732,0.692206025124,-0.720777869225
0.703465163708,0.0899154692888,1.34272754192,-0.0364805720747,0.00139095669147,0.692039072514,-0.72093641758
0.70352268219,0.0898764431477,1.34269762039,-0.0365711040795,0.00154081603978,0.691674947739,-0.721280932426
0.70357978344,0.0898632332683,1.342664361,-0.0365850403905,0.00156161037739,0.691497683525,-0.721449971199
0.703600287437,0.0897505879402,1.34252309799,-0.0366534255445,0.00142529548611,0.691406130791,-0.72153455019
0.703630328178,0.0897094160318,1.34248232841,-0.0366487540305,0.00154148298316,0.691345334053,-0.721592903137
0.703700065613,0.0896460562944,1.34245347977,-0.0366329029202,0.00156984245405,0.691189825535,-0.721742451191
0.703773617744,0.0893441513181,1.34265685081,-0.0357529707253,0.00163053558208,0.690967381001,-0.721999406815
0.703867077827,0.0892624482512,1.3423923254,-0.0367101095617,0.00180145760532,0.690794467926,-0.722116410732
0.703958451748,0.0892579928041,1.34236478806,-0.0366838239133,0.00179102399852,0.690624237061,-0.722280681133
0.703933119774,0.089243248105,1.34256589413,-0.0357932820916,0.00175975915045,0.690606117249,-0.722342669964
0.703964412212,0.0891874432564,1.34253287315,-0.035830501467,0.00179922149982,0.690533339977,-0.722410261631
0.703951478004,0.0891017243266,1.34259450436,-0.0357961580157,0.00205674185418,0.690550982952,-0.7223944664
0.70398414135,0.089034602046,1.34256899357,-0.0359099023044,0.00203264947049,0.690417826176,-0.722516179085
0.704067111015,0.0889765173197,1.34260940552,-0.0363648831844,0.00126067409292,0.690796613693,-0.722132980824
0.704129099846,0.088906519115,1.34257614613,-0.0364636816084,0.00129894271959,0.690687894821,-0.722231984138
0.704113125801,0.0888015627861,1.34255754948,-0.0366225019097,0.00128959142603,0.690869033337,-0.722050607204
0.704147934914,0.088728480041,1.34253501892,-0.0367235019803,0.00132052914705,0.690789937973,-0.722121238708
0.704201221466,0.0886498466134,1.34251916409,-0.036791075021,0.00132495735306,0.690683782101,-0.722219288349
0.70429712534,0.0886163711548,1.34260821342,-0.0367221273482,0.00154222967103,0.690504789352,-0.722393393517
0.704318344593,0.0887776017189,1.34236216545,-0.0377637036145,0.00161900930107,0.690494835377,-0.722348928452
0.704376459122,0.0887097418308,1.34232032299,-0.0378302372992,0.0016574052861,0.690509259701,-0.722331762314
0.704374015331,0.0883451849222,1.34242641926,-0.0372135229409,0.00142546265852,0.690365314484,-0.722501814365
0.704410672188,0.0882606580853,1.34241783619,-0.037360213697,0.00140424666461,0.690254032612,-0.722600579262
0.704447090626,0.0881792083383,1.34240329266,-0.0374657213688,0.00135957368184,0.690117061138,-0.722726106644
0.704453110695,0.088096678257,1.3423050642,-0.0372060202062,0.00200389069505,0.689544320107,-0.723284363747
0.704488456249,0.0880018919706,1.34230422974,-0.0373523198068,0.00199713325128,0.689417600632,-0.723397672176
0.70450514555,0.0879078954458,1.34229564667,-0.0375792123377,0.00192897731904,0.689211547375,-0.723582386971
0.704524278641,0.0876552015543,1.34227621555,-0.0377451628447,0.0018526854692,0.689096093178,-0.723684072495
0.704451203346,0.0873515605927,1.34242141247,-0.0382704213262,0.00270097679459,0.689265787601,-0.723492145538
0.704443275928,0.0872083604336,1.34238135815,-0.0384724214673,0.00261297263205,0.689233243465,-0.723512649536
0.704496860504,0.0871650204062,1.3424038887,-0.0385622791946,0.00258494541049,0.689081788063,-0.72365218401
0.704476892948,0.0871689617634,1.34237027168,-0.0387928262353,0.00246821437031,0.689076542854,-0.723645329475
0.704553484917,0.0871805250645,1.34218263626,-0.0398890674114,0.00248967204243,0.689022064209,-0.723637580872
0.704597592354,0.0869674384594,1.34221816063,-0.0406600125134,0.00133023690432,0.689336657524,-0.72329801321
0.704465866089,0.0871336907148,1.34210431576,-0.0411754138768,0.0010333902901,0.689426124096,-0.723184108734
0.704641580582,0.0868523418903,1.34228169918,-0.0410641431808,0.00103741243947,0.689135313034,-0.723467588425
0.704682469368,0.0870049893856,1.3423422575,-0.0412699691951,0.000946307380218,0.688925683498,-0.72365552187
0.70474255085,0.0868529826403,1.342202425,-0.0423676073551,0.00118496012874,0.688792526722,-0.723718523979
0.704741537571,0.0864542424679,1.34239113331,-0.041692443192,0.000972061417997,0.688525974751,-0.724011600018
0.704759418964,0.0863528251648,1.34240448475,-0.0418233126402,0.000859268940985,0.68843048811,-0.72409504652
0.704764842987,0.0862507522106,1.34241449833,-0.041969589889,0.000744660443161,0.688354551792,-0.724158942699
0.704780340195,0.086133107543,1.34241914749,-0.0421261042356,0.000652024929877,0.688268840313,-0.724231302738
0.704829394817,0.0861086845398,1.34248256683,-0.0422531738877,0.000493933679536,0.688263833523,-0.724228858948
0.704822897911,0.0860115289688,1.34247422218,-0.0424002334476,0.000507532211486,0.687985658646,-0.724484443665
0.704840540886,0.0858960002661,1.34248483181,-0.0425498783588,0.000339477730449,0.687915563583,-0.724542438984
0.704822659492,0.0860328823328,1.34227108955,-0.0436187498271,0.000216824890231,0.687851309776,-0.724539935589
0.704808533192,0.0856134444475,1.34249460697,-0.0426289997995,-5.80640771659e-05,0.687762022018,-0.724683642387
0.704818129539,0.0854727327824,1.34250867367,-0.042847584933,-5.86607129662e-05,0.687652230263,-0.724774777889
0.704718887806,0.0852931141853,1.34239041805,-0.0424646437168,0.00103201367892,0.686429858208,-0.725954473019
0.70484995842,0.0852589309216,1.34254038334,-0.0431763529778,-0.000322330131894,0.687424659729,-0.724971055984
0.704836905003,0.0851501598954,1.34258294106,-0.043490793556,-0.000541910121683,0.687136530876,-0.725225329399
0.704840898514,0.0852013230324,1.34229230881,-0.0447011366487,-0.000507748336531,0.687091827393,-0.725194096565
0.704857468605,0.0850986614823,1.34228265285,-0.0447799935937,-0.000484399206471,0.686931729317,-0.725340783596
0.704860448837,0.084997266531,1.34227156639,-0.0448355600238,-0.000446684425697,0.686801970005,-0.725460350513
0.704821884632,0.08492475003,1.34240937233,-0.0439317747951,-0.000877216167282,0.686615288258,-0.725692033768
0.704839706421,0.0842572823167,1.34241473675,-0.0445552989841,-0.000178794536623,0.686486005783,-0.725776672363
0.70481133461,0.0841108933091,1.34250807762,-0.0445461347699,0.000197118322831,0.686375141144,-0.725882172585
0.704753339291,0.0838206410408,1.3425283432,-0.0444244630635,0.000182299045264,0.686224639416,-0.726031839848
0.70473742485,0.0837143361568,1.34250748158,-0.0446116514504,0.000184882141184,0.685875117779,-0.726350665092
0.704668998718,0.0837733373046,1.34232139587,-0.0443081371486,0.00100727682002,0.684076428413,-0.7280626297
0.704648077488,0.0836739018559,1.34231543541,-0.0444434694946,0.0010482838843,0.683762311935,-0.728349387646
0.704617798328,0.0835875719786,1.34230446815,-0.0446043163538,0.0010723953601,0.683471143246,-0.728612780571
0.70453774929,0.0832772552967,1.34224820137,-0.0447541698813,0.001026308164,0.683268964291,-0.72879332304
0.704784035683,0.0830294415355,1.34211468697,-0.046188917011,0.00189596042037,0.682517468929,-0.729405879974
0.704484522343,0.0830610543489,1.34248590469,-0.0450671091676,0.00174517219421,0.682422101498,-0.729565620422
0.704413473606,0.0826864093542,1.34243488312,-0.0452349260449,0.00179217080586,0.68205422163,-0.729899168015
0.704499959946,0.0826175510883,1.34255671501,-0.0459151379764,0.000567122944631,0.682766437531,-0.729192316532
0.704446613789,0.0825166702271,1.3425526619,-0.0459941625595,0.000676805328112,0.682196974754,-0.729720175266
0.704382956028,0.0823956802487,1.34255969524,-0.0461159683764,0.000446413381724,0.682045459747,-0.729854226112
0.70439273119,0.0827928557992,1.34263253212,-0.046159863472,0.000319977203617,0.681432068348,-0.730424284935
0.704302489758,0.0829918384552,1.34260547161,-0.0461267381907,-0.000417371949879,0.680657148361,-0.731148481369
0.704321742058,0.0827480554581,1.34247612953,-0.0458065196872,-0.00130117265508,0.680061936378,-0.731721282005
0.704289913177,0.0829377323389,1.34254908562,-0.0458418354392,-0.00164121994749,0.67934024334,-0.732388436794
0.704444110394,0.0828246176243,1.34247648716,-0.0479749105871,-0.000198981360882,0.678579330444,-0.732958674431
0.704339027405,0.0827217325568,1.34251999855,-0.0480840019882,-0.000252050143899,0.678154706955,-0.733344495296
0.704257726669,0.0826250016689,1.34256124496,-0.0481423549354,-0.000473265507026,0.677519917488,-0.73392701149
0.70418035984,0.0825330168009,1.3426129818,-0.0483253523707,-0.000757551752031,0.676841914654,-0.734540164471
0.704074800014,0.082413226366,1.34269320965,-0.0484761334956,-0.00101500854362,0.676268517971,-0.735057771206
0.703743219376,0.0821383744478,1.343054533,-0.0473497658968,-0.00150009361096,0.675943911076,-0.735428869724
0.703712880611,0.0820818766952,1.34289419651,-0.0469663031399,-0.00303146243095,0.675071656704,-0.736249506474
0.703606665134,0.0819084495306,1.34325885773,-0.0476583465934,-0.0017184256576,0.674407482147,-0.736817777157
0.703741192818,0.0819214731455,1.34294342995,-0.0495480634272,-0.00216328236274,0.673153936863,-0.73783749342
0.70366281271,0.0815111249685,1.3430544138,-0.0500098764896,-0.00228702207096,0.672240078449,-0.738638758659
0.70293956995,0.0813526436687,1.3433650732,-0.0481527745724,-0.00350265135057,0.672321677208,-0.73868304491
0.702941119671,0.0813700407743,1.34342992306,-0.0481835640967,-0.00424972269684,0.671195805073,-0.739700257778
0.702743113041,0.081103220582,1.34353899956,-0.0482321865857,-0.00480421911925,0.670211017132,-0.740586102009
0.702661931515,0.0809146016836,1.34380555153,-0.0488693192601,-0.00410967180505,0.669399499893,-0.74128228426
0.702456057072,0.0808200985193,1.34390997887,-0.0491291098297,-0.00436588702723,0.668638408184,-0.7419500947
0.702393949032,0.0806581377983,1.34376466274,-0.0500791668892,-0.0052855880931,0.667270481586,-0.743111312389
0.702123045921,0.0804245322943,1.34398055077,-0.050629209727,-0.00519218528643,0.666403114796,-0.743852674961
0.702114403248,0.0804461985826,1.34377706051,-0.0482057780027,-0.00249343295582,0.667328715324,-0.743197441101
0.702104508877,0.0808904990554,1.34386777878,-0.0474269129336,-0.00417472422123,0.665761768818,-0.74464392662
0.701725006104,0.0805126428604,1.34366798401,-0.0483209900558,-0.00488177454099,0.665132880211,-0.745143949986
0.701443850994,0.0802929252386,1.34371495247,-0.0484427623451,-0.00541692459956,0.66429746151,-0.745877325535
0.701320469379,0.0801518037915,1.3438590765,-0.0485609062016,-0.00553493201733,0.663242280483,-0.746807038784
0.701323568821,0.0799620598555,1.34408962727,-0.0489694327116,-0.00502761313692,0.661940872669,-0.747937858105
0.700936436653,0.0795574858785,1.34447276592,-0.0518944971263,-0.008126411587,0.659112691879,-0.750207543373
0.700646102428,0.0793228372931,1.34490847588,-0.0524839572608,-0.00753935147077,0.658079683781,-0.751079022884
0.700611889362,0.07923348248,1.34498655796,-0.0522776991129,-0.00739910360426,0.657385706902,-0.751702308655
0.700744092464,0.0791804641485,1.34471058846,-0.0520657263696,-0.00839809514582,0.656327664852,-0.752630591393
0.700485825539,0.0787949487567,1.3446521759,-0.0522435195744,-0.00823013391346,0.656021296978,-0.752887070179
0.70041257143,0.078596316278,1.34482967854,-0.0521194711328,-0.0079351356253,0.655417859554,-0.753424286842
0.700304389,0.0784870833158,1.34472346306,-0.0523146390915,-0.00826672557741,0.654808342457,-0.753937005997
0.700063228607,0.0782592594624,1.3446803093,-0.0524816252291,-0.00853530690074,0.654289007187,-0.754373192787
0.699962317944,0.0780101791024,1.34472894669,-0.0527372322977,-0.00831353105605,0.654117941856,-0.754506111145
0.699764549732,0.0777981504798,1.34473097324,-0.052904188633,-0.00805748440325,0.653706908226,-0.754853308201
0.699810266495,0.077709659934,1.34477984905,-0.0527780428529,-0.00791394710541,0.65308535099,-0.755401551723
0.699769973755,0.0774952098727,1.34484255314,-0.0528081320226,-0.00747872982174,0.652707219124,-0.755730509758
0.699674069881,0.0772946327925,1.34468615055,-0.0529486872256,-0.00747205829248,0.65235465765,-0.756025075912
0.699579238892,0.0772043466568,1.34458494186,-0.0529692061245,-0.00716275675222,0.652112364769,-0.756235718727
0.699724316597,0.0774127319455,1.34462332726,-0.0523211099207,-0.00714310957119,0.651328325272,-0.756956398487
0.699579775333,0.0771365314722,1.34457230568,-0.0522861070931,-0.00651805941015,0.651049315929,-0.757204353809
0.699604570866,0.0771371424198,1.3445084095,-0.0521110855043,-0.00617634970695,0.650679647923,-0.757537066936
0.699772715569,0.0771555453539,1.34396958351,-0.0542094372213,-0.00551944924518,0.650232493877,-0.757778704166
0.699825406075,0.0770783871412,1.3438860178,-0.0539443865418,-0.00505925295874,0.650158345699,-0.75786459446
0.699845433235,0.0769327953458,1.34389579296,-0.0535184405744,-0.00467756204307,0.650140881538,-0.757912099361
0.699735164642,0.0766788348556,1.34378945827,-0.0534319542348,-0.00433925352991,0.650525212288,-0.757590353489
0.699717402458,0.0765780061483,1.34372544289,-0.0532903261483,-0.00390743883327,0.650724351406,-0.757431745529
0.699776232243,0.0766149684787,1.34366905689,-0.0531084947288,-0.00376775697805,0.651051282883,-0.757164180279
0.699657261372,0.076363787055,1.34363186359,-0.0531147867441,-0.00312436721288,0.651588559151,-0.75670427084
0.699606239796,0.0762481689453,1.3435986042,-0.053067099303,-0.00263650412671,0.652004182339,-0.756351411343
0.699552237988,0.0761687159538,1.34352993965,-0.0528696626425,-0.00206779525615,0.652673900127,-0.755789101124
0.699409902096,0.0760096237063,1.34350037575,-0.0528293438256,-0.00146626029164,0.65342181921,-0.755146980286
0.699417114258,0.0760926157236,1.34346628189,-0.0526837147772,-0.00113335240167,0.653745114803,-0.754877924919
0.699351191521,0.0759884342551,1.34344601631,-0.0525796376169,-0.000712794193532,0.654319286346,-0.754387915134
0.699285507202,0.0759619772434,1.34342360497,-0.0524810813367,-0.000325882574543,0.655027747154,-0.753780066967
0.699228286743,0.0759138166904,1.34342980385,-0.0524783730507,-4.56039124401e-05,0.655549764633,-0.753326296806
0.699132680893,0.0758654624224,1.34342288971,-0.0525112710893,0.00029118754901,0.656285881996,-0.752682805061
0.698972523212,0.0759125873446,1.34339880943,-0.0519529245794,0.00016324983153,0.657247781754,-0.751881897449
0.699043393135,0.0761061310768,1.34339642525,-0.0518474280834,0.000183240175829,0.657690346241,-0.751501977444
0.698973119259,0.0758975893259,1.34348487854,-0.052365899086,0.00110808922909,0.658810973167,-0.750483036041
0.698630154133,0.0756474658847,1.34381389618,-0.052274979651,0.00245199678466,0.660337269306,-0.749143660069
0.698511838913,0.0757329314947,1.3436716795,-0.0518726035953,0.00173897005152,0.661332666874,-0.748294949532
0.698565006256,0.0757812410593,1.34343314171,-0.0518709458411,0.000942449842114,0.662220716476,-0.74751085043
0.698500037193,0.0758534893394,1.34354639053,-0.0516488850117,0.00161353556905,0.663211226463,-0.746646225452
0.698409557343,0.0758014917374,1.34350252151,-0.0516500622034,0.00165821274277,0.664468467236,-0.74552744627
0.698148488998,0.0756891071796,1.34382450581,-0.0515794269741,0.0028189078439,0.665893375874,-0.744256436825
0.697849333286,0.0755407884717,1.34397029877,-0.0502033978701,0.00228626141325,0.667307078838,-0.74308514595
0.697764754295,0.0755593553185,1.34400260448,-0.0502330102026,0.00247398624197,0.668530642986,-0.741982102394
0.697374522686,0.075297281146,1.34413075447,-0.0505987890065,0.00323597481474,0.670162856579,-0.740480303764
0.697467505932,0.0754727572203,1.34416639805,-0.0505690202117,0.00308602186851,0.670882284641,-0.739831268787
0.697382748127,0.0755459815264,1.34425878525,-0.0506712682545,0.00338678644039,0.671894729137,-0.738903582096
0.697340667248,0.0757268518209,1.34426867962,-0.0506868734956,0.00347577850334,0.672839462757,-0.738041937351
0.697207987309,0.0755593627691,1.34430611134,-0.0506526343524,0.00353251863271,0.674151360989,-0.736845910549
0.697107970715,0.0756160914898,1.34448826313,-0.0516193434596,0.00523781077936,0.675429224968,-0.735597372055
0.697099864483,0.0759135559201,1.3443864584,-0.0511676706374,0.00440174061805,0.676103949547,-0.735014259815
0.697024941444,0.075743034482,1.34462738037,-0.0518326498568,0.00580237293616,0.677367866039,-0.733793258667
0.696781694889,0.0756279602647,1.34461760521,-0.0521613433957,0.00616769958287,0.678623735905,-0.732605576515
0.696691215038,0.0756677240133,1.34447073936,-0.0523890741169,0.00610015168786,0.679737448692,-0.731556773186
0.696599245071,0.075670838356,1.34462749958,-0.052089009434,0.00660101184621,0.680785536766,-0.730598568916
0.696326315403,0.0754678845406,1.3445110321,-0.0523237474263,0.00676145218313,0.682138025761,-0.729317724705
0.696216166019,0.0755726024508,1.34449338913,-0.0524307712913,0.0068348958157,0.683379650116,-0.728146076202
0.696141421795,0.0760151967406,1.3440387249,-0.0515461526811,0.00626879371703,0.683354020119,-0.728238284588
0.696669876575,0.0764650702477,1.34388411045,-0.0533805452287,0.00546286161989,0.684261322021,-0.727260112762
0.696452915668,0.0766642838717,1.34378087521,-0.0530527159572,0.00668921740726,0.684631347656,-0.726925373077
0.696091234684,0.0766742825508,1.34403967857,-0.0516126826406,0.00665016006678,0.686164796352,-0.725582540035
0.696134448051,0.0765777900815,1.34422695637,-0.0513209067285,0.005800107494,0.687624394894,-0.724227368832
0.696037352085,0.0767195522785,1.34417366982,-0.0515002124012,0.00607359083369,0.688469588757,-0.723408997059
0.696380734444,0.0771907120943,1.34354388714,-0.0546858124435,0.00729306368157,0.688912153244,-0.722742378712
0.696394324303,0.0775738507509,1.34339118004,-0.0549030676484,0.00712427729741,0.689538240433,-0.722130179405
0.695926070213,0.0771356374025,1.3439668417,-0.0531962439418,0.00775480363518,0.691493213177,-0.720379829407
0.695542633533,0.0770986378193,1.34424126148,-0.0519547536969,0.00815678201616,0.692775845528,-0.719232797623
0.695747971535,0.077807828784,1.34387230873,-0.0541251152754,0.00906216725707,0.693331420422,-0.718526244164
0.695688903332,0.0781825631857,1.3438615799,-0.0542226061225,0.00951641798019,0.694145023823,-0.717727005482
0.695535480976,0.0783821493387,1.34381580353,-0.0543193854392,0.00979210156947,0.694983363152,-0.716904163361
0.695158004761,0.0782847553492,1.34408128262,-0.0525541380048,0.00949361268431,0.696168005466,-0.715889811516
0.695160508156,0.0784834101796,1.34396624565,-0.0517132878304,0.00907696038485,0.697122097015,-0.715027391911
0.69553732872,0.0789994299412,1.34328496456,-0.055053204298,0.0101831890643,0.69723212719,-0.714655816555
0.695213794708,0.0790529325604,1.34352493286,-0.0540062747896,0.0102688772604,0.698527276516,-0.71346873045
0.694775879383,0.078832373023,1.3437782526,-0.0521228946745,0.0100605562329,0.699872910976,-0.712292075157
0.694734573364,0.0791942775249,1.34364902973,-0.0525258779526,0.0101683335379,0.700532972813,-0.711611688137
0.69474697113,0.079637363553,1.34334635735,-0.0545505844057,0.0109227998182,0.70115762949,-0.710832476616
0.694434046745,0.0797301754355,1.34360611439,-0.0532398074865,0.0107070272788,0.702069878578,-0.710034370422
0.694232702255,0.0799359828234,1.34359538555,-0.0537777841091,0.0109745711088,0.702745914459,-0.709320664406
0.694176614285,0.0800641179085,1.34338665009,-0.0551557764411,0.011737190187,0.703478038311,-0.708476245403
0.693974971771,0.0804357081652,1.34332680702,-0.0553089752793,0.011950452812,0.704360127449,-0.707583904266
0.693744182587,0.0806241855025,1.34352707863,-0.0559859909117,0.0132420891896,0.705284237862,-0.706586420536
0.693124055862,0.0803477019072,1.34386277199,-0.0542798005044,0.0132030583918,0.70692127943,-0.705082833767
0.692915797234,0.0807453766465,1.34392082691,-0.0546410679817,0.0136639485136,0.707740306854,-0.704223871231
0.693045198917,0.0814610123634,1.34374558926,-0.0564818866551,0.0147051597014,0.708155572414,-0.70364010334
0.692814946175,0.0814928561449,1.34373831749,-0.0564236044884,0.0146620124578,0.708984017372,-0.702810883522
0.692293643951,0.0814333334565,1.34404814243,-0.0554915368557,0.0148374661803,0.710215687752,-0.701636791229
0.692365109921,0.0819522961974,1.34392738342,-0.0553396493196,0.0140817910433,0.710451304913,-0.701425969601
0.692221462727,0.0820922553539,1.34362196922,-0.057081643492,0.014751589857,0.711386263371,-0.700323998928
0.692055523396,0.0823268741369,1.34364402294,-0.0572835952044,0.0151366200298,0.712082922459,-0.699590981007
0.691885590553,0.0825356990099,1.34367585182,-0.0573229193687,0.0155026186258,0.712843298912,-0.698804855347
0.691391706467,0.0827994793653,1.34380078316,-0.0578785575926,0.0165638718754,0.714099109173,-0.697451353073
0.691169142723,0.0829465538263,1.34413278103,-0.0563667751849,0.0163482762873,0.714702606201,-0.696961760521
0.691126942635,0.0831587910652,1.34410607815,-0.0559303835034,0.0158699639142,0.714941382408,-0.696763157845
0.69118142128,0.0835708528757,1.34390974045,-0.0576214715838,0.0171340331435,0.715353667736,-0.696171998978
0.691009640694,0.0837752744555,1.343922019,-0.0575848408043,0.0174491088837,0.715934872627,-0.695569515228
0.690912306309,0.0841100215912,1.34398043156,-0.0575706623495,0.0178569946438,0.716332912445,-0.695150375366
0.69060587883,0.0842137634754,1.34427940845,-0.0557471886277,0.017668467015,0.717145383358,-0.694465696812
0.69062680006,0.0844911932945,1.34414124489,-0.0561229214072,0.0177849642932,0.717309772968,-0.694262623787
0.690256655216,0.0844336152077,1.34402811527,-0.0580572113395,0.019935535267,0.718167126179,-0.693158090115
0.689993619919,0.0845189988613,1.34413850307,-0.0575872734189,0.0204306077212,0.718797445297,-0.692529082298
0.689860105515,0.0846707448363,1.34417629242,-0.0573826991022,0.02089077048,0.719282925129,-0.692028105259
0.689423561096,0.0847083851695,1.34431898594,-0.056029252708,0.0205458644778,0.720060050488,-0.691340863705
0.689096570015,0.0851222500205,1.34421396255,-0.056346219033,0.0207679346204,0.720726966858,-0.690613210201
0.689174354076,0.0854722261429,1.34424483776,-0.0563678480685,0.0212342310697,0.720719397068,-0.690605044365
0.689117074013,0.0857598036528,1.34413552284,-0.0559888854623,0.0206756219268,0.720900177956,-0.690464138985
0.688834428787,0.0858235359192,1.34426534176,-0.0561434216797,0.0218757428229,0.721606254578,-0.689676642418
0.689133524895,0.0860393643379,1.34394645691,-0.0567325688899,0.0216981079429,0.721130073071,-0.690132021904
0.688874781132,0.0864105820656,1.34413778782,-0.0570341944695,0.0230825152248,0.721553981304,-0.689618825912
0.688741981983,0.086599200964,1.34411895275,-0.0568256862462,0.0234570708126,0.721597015858,-0.689578413963
0.688590824604,0.0865769982338,1.34402048588,-0.0566691532731,0.0239266864955,0.721502780914,-0.689673781395
0.688475370407,0.0866581648588,1.34399163723,-0.0563861019909,0.0244029462337,0.721586108208,-0.689593076706
0.688286483288,0.0867826789618,1.34401619434,-0.0561721660197,0.0249773580581,0.721649110317,-0.689524054527
0.688100755215,0.086933247745,1.34397423267,-0.0560293160379,0.0255747754127,0.72135668993,-0.689819693565
0.687921226025,0.0870918482542,1.34387648106,-0.0560352616012,0.0260619912297,0.72131305933,-0.689846694469
0.687788784504,0.0872560068965,1.3438565731,-0.0557772219181,0.0265832133591,0.72118216753,-0.689984500408
0.687618970871,0.0875024944544,1.34382665157,-0.0538250282407,0.0256361365318,0.720995903015,-0.690369963646
0.687486946583,0.0876268446445,1.34380948544,-0.0534996949136,0.0262155029923,0.720789432526,-0.690589010715
0.687318861485,0.0878067016602,1.34376871586,-0.053250297904,0.026901518926,0.720461070538,-0.690924406052
0.687173366547,0.088033631444,1.343708992,-0.0529333129525,0.0275513734668,0.720088660717,-0.691311359406
0.686981022358,0.0881021171808,1.343708992,-0.0522930510342,0.0282637197524,0.719908714294,-0.691518604755
0.686841130257,0.0884406641126,1.34368085861,-0.0519245415926,0.029009744525,0.719555675983,-0.691883027554
0.686645507812,0.0886121243238,1.34366941452,-0.0517058186233,0.0299824681133,0.71928024292,-0.692144274712
0.686203956604,0.0886660218239,1.34393453598,-0.0515133813024,0.0322781540453,0.719585895538,-0.691737353802
0.686042487621,0.0891543999314,1.34346246719,-0.05300867185,0.0333125144243,0.719373881817,-0.691795945168
0.686087191105,0.0895163714886,1.34309470654,-0.0523800551891,0.0324742943048,0.718463242054,-0.692829251289
0.685994744301,0.0897396206856,1.34333074093,-0.0514599084854,0.0339222177863,0.717751920223,-0.69356572628
0.685736000538,0.0898537486792,1.34325909615,-0.0511568151414,0.0347485654056,0.717607438564,-0.693696737289
0.685497224331,0.0901792347431,1.34318983555,-0.0509742796421,0.035385094583,0.717384338379,-0.693908631802
0.68518435955,0.0902138203382,1.34331774712,-0.0510166212916,0.0373371653259,0.717101633549,-0.694095492363
0.684975922108,0.0905495434999,1.34319484234,-0.0508700311184,0.0380739718676,0.716851770878,-0.694324314594
0.684978842735,0.0909846574068,1.34293997288,-0.0502140894532,0.0375255942345,0.716213285923,-0.695060253143
0.684695363045,0.0911966264248,1.34291434288,-0.0496659837663,0.0382909812033,0.716060519218,-0.695215404034
0.684591054916,0.0916069597006,1.34261798859,-0.0506011806428,0.0392987988889,0.715699672699,-0.695463240147
0.684165179729,0.091568544507,1.34283685684,-0.0484892316163,0.0396121703088,0.715815544128,-0.695476770401
0.683924734592,0.0918064117432,1.34271526337,-0.0483196377754,0.0403051413596,0.715627849102,-0.695641756058
0.683708131313,0.0922957062721,1.34273254871,-0.0478923767805,0.0412060841918,0.715263009071,-0.69599378109
0.683526873589,0.09261110425,1.34272432327,-0.0473417267203,0.0419667363167,0.715193092823,-0.696057796478
0.683477401733,0.0933038890362,1.34264957905,-0.0476510711014,0.0426304191351,0.7147808671,-0.696419656277
0.682973325253,0.0930835083127,1.34273266792,-0.0477072112262,0.0442265085876,0.715220034122,-0.695865094662
0.682777762413,0.0933381915092,1.34302675724,-0.0461130179465,0.0449152998626,0.714926064014,-0.696230530739
0.682763755322,0.0938029885292,1.34278011322,-0.0453358516097,0.0443651638925,0.714602172375,-0.696649432182
0.682497084141,0.0940536111593,1.34280490875,-0.0447476319969,0.045310176909,0.714352071285,-0.696882784367
0.682343840599,0.0944057703018,1.34278333187,-0.0444407947361,0.0461306720972,0.714206814766,-0.696997582912
0.68208771944,0.0947551950812,1.34272634983,-0.0441844500601,0.0471045821905,0.714297890663,-0.696855485439
0.681871414185,0.0951205417514,1.34268212318,-0.0438279286027,0.0475692376494,0.714062333107,-0.697087824345
0.681755900383,0.0953950434923,1.34272634983,-0.0430183932185,0.0482667796314,0.713968038559,-0.69718682766
0.68149793148,0.0957233458757,1.3426514864,-0.0428650416434,0.0489373356104,0.71391004324,-0.697209000587
0.681286394596,0.0960124060512,1.34265184402,-0.0424056611955,0.0496032722294,0.713827133179,-0.697274804115
0.681191027164,0.0965857803822,1.34270071983,-0.041746225208,0.0500155687332,0.713589251041,-0.697528600693
0.6810105443,0.0967112109065,1.34271621704,-0.0412163957953,0.0507598891854,0.713519513607,-0.69757771492
0.680807471275,0.0969869196415,1.34285438061,-0.0406790040433,0.0515442974865,0.713452994823,-0.69761967659
0.680522978306,0.0973821729422,1.34293746948,-0.0405306667089,0.0527449436486,0.71342420578,-0.697568058968
0.680349767208,0.0976833701134,1.34292888641,-0.0401503704488,0.0532787628472,0.713288128376,-0.697688698769
0.680052876472,0.0979152545333,1.34289634228,-0.0397360995412,0.0541001968086,0.7135155797,-0.697416484356
0.68006247282,0.0983326733112,1.34275472164,-0.0390707179904,0.0538435652852,0.713096320629,-0.697902679443
0.679825901985,0.0983741730452,1.34266746044,-0.0388119295239,0.0545086562634,0.712934672832,-0.698030591011
0.679720520973,0.0987451076508,1.34264695644,-0.0382587052882,0.0549098141491,0.712901890278,-0.698063194752
0.679575204849,0.0991170704365,1.34257185459,-0.038001857698,0.0552343502641,0.712632417679,-0.698326647282
0.679334521294,0.0996035188437,1.34243273735,-0.0382904447615,0.0561206899583,0.712755024433,-0.698114991188
0.679159879684,0.0995712280273,1.34265398979,-0.0368743091822,0.0564577206969,0.712653279305,-0.698267936707
0.679031789303,0.0998726636171,1.34256386757,-0.0366059504449,0.0566858835518,0.712347209454,-0.698575854301
0.678873062134,0.100165486336,1.34254384041,-0.0361965373158,0.0571094490588,0.712155818939,-0.698757767677
0.678558170795,0.100273087621,1.3426617384,-0.0361992008984,0.0584107041359,0.712071537971,-0.698735952377
0.678338468075,0.100485160947,1.34282302856,-0.0358522944152,0.0593969337642,0.711963653564,-0.698780655861
0.678271830082,0.100911527872,1.3425797224,-0.0354164466262,0.0588924326003,0.711687028408,-0.699127316475
0.678078234196,0.101169884205,1.34257650375,-0.0351269431412,0.0591690652072,0.711459815502,-0.699349761009
0.677691936493,0.101554453373,1.3425989151,-0.0352950207889,0.0599003918469,0.71176892519,-0.698964476585
0.677558243275,0.101763762534,1.34260523319,-0.0350607968867,0.0601608380675,0.711691558361,-0.699032604694
0.677476465702,0.101997077465,1.34263563156,-0.0345135815442,0.0604974776506,0.711213707924,-0.699516952038
0.677574157715,0.102316707373,1.34239053726,-0.0346294790506,0.0601736865938,0.710666716099,-0.700094938278
0.677249252796,0.102797858417,1.34224426746,-0.0347628965974,0.0604286938906,0.710803329945,-0.699927508831
0.677385509014,0.103184491396,1.34254026413,-0.0338333621621,0.0611690767109,0.709974646568,-0.700749397278
0.677170872688,0.102909073234,1.34267938137,-0.0328380204737,0.0612911395729,0.709719121456,-0.701044857502
0.676809251308,0.103303313255,1.34237515926,-0.0330477580428,0.0610432773829,0.709852457047,-0.700921535492
0.676653385162,0.103537544608,1.34237134457,-0.0328279286623,0.0612146556377,0.709592759609,-0.701179921627
0.676465213299,0.103758275509,1.34238791466,-0.0326894968748,0.0615107677877,0.709214627743,-0.701543033123
0.676470637321,0.103793472052,1.34256005287,-0.0320918820798,0.0619581751525,0.708626508713,-0.702125251293
0.676249921322,0.103823661804,1.34261727333,-0.0316320843995,0.0626611858606,0.708342313766,-0.702370405197
0.676071226597,0.104134649038,1.3426117897,-0.031458824873,0.062926158309,0.708091318607,-0.702607512474
0.675735354424,0.104639336467,1.34238982201,-0.0317428149283,0.0628652572632,0.708025217056,-0.702666819096
0.675556957722,0.104687802494,1.34252941608,-0.0323052816093,0.0644918829203,0.707652270794,-0.702869415283
0.675237178802,0.1049554497,1.34258961678,-0.0316327475011,0.0645917057991,0.70761525631,-0.702928245068
0.67513525486,0.10534375906,1.34254026413,-0.0311844851822,0.0645177960396,0.707108736038,-0.703464448452
0.675016582012,0.105591349304,1.34232461452,-0.0309676360339,0.0642541199923,0.706793665886,-0.703814744949
0.674817323685,0.105825670063,1.34231376648,-0.0307971797884,0.0645267665386,0.706315338612,-0.704277336597
0.674791574478,0.105795271695,1.34245872498,-0.0302434340119,0.0650097057223,0.705603301525,-0.704970300198
0.674595415592,0.106006190181,1.34244096279,-0.0301564261317,0.0652488619089,0.705235362053,-0.705320060253
0.674385011196,0.106211647391,1.34243202209,-0.0300509184599,0.0655994713306,0.704713046551,-0.70581382513
0.674089312553,0.106619209051,1.34220147133,-0.030809758231,0.0659131109715,0.704505741596,-0.705958843231
0.673620998859,0.107052408159,1.34206604958,-0.0310121271759,0.06632360816,0.704285562038,-0.706131219864
0.673585832119,0.107096880674,1.34222328663,-0.0304790455848,0.0667970702052,0.70364177227,-0.706751465797
0.673372805119,0.107270374894,1.34218394756,-0.0303102061152,0.0668983310461,0.703409075737,-0.706980764866
0.673173725605,0.10745665431,1.34211373329,-0.0303213708103,0.066864579916,0.703020393848,-0.707369804382
0.673014521599,0.107541613281,1.34230327606,-0.0304994378239,0.0680002868176,0.702692806721,-0.707579433918
0.672782063484,0.107930444181,1.34230017662,-0.030327513814,0.0679945796728,0.702189564705,-0.70808672905
0.672710418701,0.108160376549,1.34217703342,-0.0299544073641,0.0674217715859,0.701724469662,-0.708618342876
0.672262489796,0.108362153172,1.34210705757,-0.0302332472056,0.0679899603128,0.701762795448,-0.708514153957
0.672093451023,0.108575865626,1.34212338924,-0.0300834644586,0.0682365223765,0.701373875141,-0.70888197422
0.671662569046,0.109077371657,1.34193193913,-0.0303741209209,0.0683224350214,0.701384544373,-0.708850681782
0.671507835388,0.109433911741,1.34183549881,-0.0301082283258,0.0678992271423,0.700907170773,-0.709374606609
0.671363890171,0.10962125659,1.34185659885,-0.0297959856689,0.0678640156984,0.700663566589,-0.709631800652
0.671266913414,0.10954670608,1.34201645851,-0.0290108602494,0.0682529807091,0.700068235397,-0.71021437645
0.67108386755,0.10981027782,1.34190368652,-0.0289685763419,0.067961551249,0.699886679649,-0.710422933102
0.670616924763,0.110298216343,1.34182608128,-0.0292748697102,0.0680552795529,0.700025320053,-0.710264801979
0.670346975327,0.110488854349,1.34181416035,-0.0291386470199,0.0680462792516,0.6999797225,-0.710316300392
0.670236706734,0.110775403678,1.34199774265,-0.0287050474435,0.0684176012874,0.699608147144,-0.710664153099
0.669956207275,0.111018978059,1.3419251442,-0.028593711555,0.0683069825172,0.699573218822,-0.710713624954
0.669819295406,0.11122277379,1.34183740616,-0.0284725930542,0.0683298036456,0.699216008186,-0.711067795753
0.669681489468,0.111465990543,1.34190535545,-0.0281607471406,0.0684387236834,0.698988139629,-0.711293756962
0.669477283955,0.111777462065,1.34195613861,-0.0279423967004,0.0687037110329,0.698605954647,-0.711652040482
0.669264733791,0.112043663859,1.34190106392,-0.0279292855412,0.0686259493232,0.698405921459,-0.711856484413
0.668628156185,0.112072750926,1.34163761139,-0.0285777300596,0.0685125887394,0.698940873146,-0.711316406727
0.668408632278,0.112246990204,1.34159588814,-0.0284811649472,0.0685947313905,0.69890576601,-0.7113468647
0.668294548988,0.112267583609,1.34158778191,-0.0282570067793,0.0685300454497,0.698749482632,-0.711515545845
0.668044567108,0.112502649426,1.34150505066,-0.0284244846553,0.0687936022878,0.698890626431,-0.711344778538
0.667860805988,0.112703561783,1.34152901173,-0.0280656218529,0.0688502937555,0.698755204678,-0.711486577988
0.667558073997,0.112976029515,1.34130215645,-0.0282176267356,0.0682374835014,0.699004292488,-0.711294949055
0.667359411716,0.113140799105,1.34134280682,-0.027968948707,0.0679640248418,0.69905269146,-0.711283504963
0.667221724987,0.113144114614,1.34159970284,-0.027915365994,0.0684398561716,0.699168264866,-0.71112626791
0.667181551456,0.113274276257,1.34149241447,-0.0274047460407,0.0672607347369,0.699144303799,-0.711282193661
0.667006373405,0.113368481398,1.34154784679,-0.0272731147707,0.0670758634806,0.699147880077,-0.711301088333
0.666870176792,0.114091709256,1.34167993069,-0.0266468208283,0.0665758773685,0.699347436428,-0.711175739765
0.666672766209,0.114020630717,1.34175086021,-0.0265841726214,0.0660278052092,0.699597716331,-0.710983037949
0.666513621807,0.114165812731,1.34179568291,-0.0264718271792,0.0654459819198,0.699847757816,-0.710794866085
0.666347146034,0.114293947816,1.34172844887,-0.02655422315,0.0644712522626,0.700022339821,-0.710708975792
0.666212677956,0.114405974746,1.34175240993,-0.0264716260135,0.063913308084,0.700210690498,-0.710576832294
0.666076898575,0.114507868886,1.3417853117,-0.0264105759561,0.0634159073234,0.700373291969,-0.710463345051
0.66595607996,0.114535041153,1.34181118011,-0.0263428855687,0.06294234097,0.700504243374,-0.710378885269
0.665670752525,0.114367350936,1.34189736843,-0.0256664026529,0.062148489058,0.700895726681,-0.710087418556
0.665496945381,0.114418566227,1.34200358391,-0.0256025828421,0.0619042180479,0.700941026211,-0.710066318512
0.665555536747,0.114567369223,1.34202969074,-0.0253826659173,0.0613241158426,0.7008253932,-0.71023863554
0.665530920029,0.114819288254,1.34188616276,-0.0259631928056,0.0609887577593,0.700963199139,-0.710110604763
0.665420651436,0.114849150181,1.34181964397,-0.0260062105954,0.0603191889822,0.701402127743,-0.709732711315
0.665242493153,0.114897534251,1.34187722206,-0.025640135631,0.0599409639835,0.702090740204,-0.709096908569
0.665197372437,0.11491253227,1.34189391136,-0.0254835989326,0.0595563910902,0.702411651611,-0.708817243576
0.66513299942,0.114969246089,1.34190583229,-0.0252861622721,0.0592806562781,0.702765643597,-0.708496153355
0.665132701397,0.115017771721,1.34185266495,-0.0251088924706,0.0587464980781,0.703070640564,-0.708244502544
0.665056169033,0.115039557219,1.34186887741,-0.0248035863042,0.0584945194423,0.703425168991,-0.707923948765
0.664981544018,0.114617414773,1.3418213129,-0.0245802514255,0.0581926628947,0.703800261021,-0.707583785057
0.664917647839,0.114729583263,1.34184360504,-0.0245377495885,0.058004565537,0.704258203506,-0.707144856453
0.664864480495,0.114802911878,1.34182310104,-0.0244306605309,0.0577798224986,0.704622805119,-0.706803739071
0.664797246456,0.11465138942,1.34178423882,-0.0243036076427,0.0576439201832,0.705109000206,-0.706333994865
0.664700448513,0.114626139402,1.3418238163,-0.024095216766,0.0574999935925,0.705767273903,-0.705695211887
0.664746105671,0.114454753697,1.34200775623,-0.0231767129153,0.0570631958544,0.705978512764,-0.705550193787
0.664720475674,0.114551052451,1.34202194214,-0.0230558048934,0.0569146201015,0.706420660019,-0.70512342453
0.664705991745,0.114532761276,1.34199571609,-0.02298880741,0.0567067712545,0.706878185272,-0.70468378067
0.664756000042,0.114782311022,1.3418751955,-0.023023488,0.0562972463667,0.707238674164,-0.704353690147
0.664514183998,0.114715375006,1.34163630009,-0.0233635846525,0.0558561906219,0.708138644695,-0.703472793102
0.664513170719,0.11470541358,1.34161281586,-0.0232192706317,0.0557548515499,0.70876532793,-0.702854335308
0.66452139616,0.114713311195,1.34157168865,-0.0229849610478,0.0557462126017,0.709326803684,-0.702295958996
0.664456009865,0.114727526903,1.34160470963,-0.0228995252401,0.0560106374323,0.709860265255,-0.701738476753
0.664537727833,0.1149802953,1.34147143364,-0.0229449700564,0.0559147447348,0.710151791573,-0.70144957304
0.664514362812,0.114863805473,1.34154284,-0.0223907493055,0.0557982176542,0.710732519627,-0.700888395309
0.664678454399,0.114740595222,1.3417069912,-0.0217561442405,0.0559904128313,0.710736632347,-0.700888991356
0.664331257343,0.114809080958,1.34160733223,-0.022426771,0.0566403642297,0.711819112301,-0.699716150761
0.664265215397,0.114776834846,1.3416005373,-0.0222765449435,0.0567140541971,0.712283968925,-0.699241757393
0.664228498936,0.114846900105,1.34157526493,-0.0221376884729,0.0566928982735,0.712710380554,-0.698813140392
0.66417235136,0.114817932248,1.34154701233,-0.0218300335109,0.0565784834325,0.713154435158,-0.698378920555
0.664392054081,0.114757716656,1.34172034264,-0.0210769325495,0.0567315295339,0.713315546513,-0.698225080967
0.664332985878,0.114775046706,1.34170770645,-0.0208178963512,0.0566748827696,0.713710963726,-0.697833240032
0.664277791977,0.11483810097,1.34168994427,-0.020579745993,0.056778691709,0.713992238045,-0.697544157505
0.664190530777,0.115354821086,1.34124517441,-0.0209826827049,0.0558489821851,0.714644670486,-0.696938812733
0.664028286934,0.115442335606,1.34100937843,-0.0211663730443,0.0554355382919,0.715220272541,-0.696375608444
0.664010941982,0.115277774632,1.34120905399,-0.020254842937,0.0555041953921,0.715466916561,-0.696143805981
0.663860023022,0.115544073284,1.3410782814,-0.0207463502884,0.0557276383042,0.715975165367,-0.695588648319
0.663779079914,0.115791216493,1.34103083611,-0.0205540396273,0.0556672401726,0.716413319111,-0.695148050785
0.663648605347,0.115798294544,1.34110057354,-0.0200226139277,0.0557645410299,0.716799676418,-0.694757282734
0.663626015186,0.115884900093,1.34102296829,-0.0202117301524,0.0558006614447,0.717189610004,-0.694346368313
0.663638949394,0.115425288677,1.34136927128,-0.0189603120089,0.0559771247208,0.717262387276,-0.694292366505
0.663561105728,0.115489825606,1.3413528204,-0.0190068837255,0.0560366585851,0.717546343803,-0.693992674351
0.663460254669,0.115534961224,1.34135019779,-0.018888220191,0.0561081618071,0.717826724052,-0.693700253963
0.663182914257,0.115848764777,1.34122538567,-0.019116140902,0.0562864206731,0.71851336956,-0.692968189716
0.663215637207,0.115881830454,1.34136664867,-0.0186542905867,0.0565673075616,0.71863847971,-0.69282835722
0.663135111332,0.116230666637,1.3412463665,-0.019092451781,0.0568147003651,0.718872129917,-0.692553579807
0.662953019142,0.116164647043,1.34119963646,-0.0190641786903,0.0569184273481,0.719247460365,-0.692156136036
0.662809729576,0.116211652756,1.34120237827,-0.0189469493926,0.0570563264191,0.719511389732,-0.691873431206
0.662687718868,0.115931525826,1.34141099453,-0.0179809574038,0.0570231415331,0.719648897648,-0.691759109497
0.66249448061,0.115943618119,1.34138691425,-0.0179560054094,0.0571686886251,0.719786465168,-0.691604495049
0.662331879139,0.1159870103,1.34138298035,-0.0178079772741,0.0571180470288,0.719993770123,-0.691396772861
0.662213504314,0.11613368988,1.34142577648,-0.0177261400968,0.0571879185736,0.720153868198,-0.691226363182
0.662019610405,0.116128318012,1.34140634537,-0.0177514255047,0.0572744831443,0.720404326916,-0.690957486629
0.661857485771,0.11616948247,1.34142446518,-0.0178071986884,0.0573094040155,0.720648705959,-0.690698266029
0.661689400673,0.116395033896,1.34128916264,-0.018507277593,0.057411044836,0.720975577831,-0.690330326557
0.661552250385,0.116451822221,1.34123766422,-0.0186176225543,0.0572678931057,0.721183776855,-0.690121591091
0.661142468452,0.116388611495,1.34145200253,-0.0187352281064,0.0580688342452,0.721807003021,-0.689399600029
0.660933494568,0.11637853086,1.34144032001,-0.0188717041165,0.0580192506313,0.722045660019,-0.689150094986
0.660598695278,0.116602852941,1.3413091898,-0.0193944051862,0.0577786006033,0.722530066967,-0.688647866249
0.660427689552,0.11663967371,1.34126734734,-0.0200099442154,0.0576214231551,0.722557663918,-0.688614606857
0.660428643227,0.116758465767,1.34150123596,-0.0197520554066,0.0577553771436,0.72229975462,-0.688881158829
0.660276114941,0.116864293814,1.34148538113,-0.0193952415138,0.0568836629391,0.722356021404,-0.688904881477
0.660111963749,0.116940714419,1.3416249752,-0.0193157121539,0.0568817667663,0.722353041172,-0.688910424709
0.659913778305,0.116936244071,1.3416633606,-0.0195128433406,0.0566583387554,0.72247081995,-0.688799679279
0.659715414047,0.116915792227,1.34171462059,-0.0197398066521,0.0563834048808,0.722484230995,-0.688801825047
0.659497380257,0.116894289851,1.34178256989,-0.0199571121484,0.0562530122697,0.722649216652,-0.688633024693
0.658982336521,0.116402640939,1.34193885326,-0.0204903669655,0.0565486624837,0.723194479942,-0.688020467758
0.658788561821,0.116383299232,1.34192299843,-0.0210644546896,0.0562569238245,0.723188698292,-0.688033103943
0.658623754978,0.116363726556,1.34188902378,-0.0213294401765,0.0558076240122,0.723391711712,-0.687848210335
0.658207952976,0.116407945752,1.34175229073,-0.0220821686089,0.0552775338292,0.723874092102,-0.687359511852
0.658088326454,0.116454079747,1.34168124199,-0.0219812691212,0.0542461425066,0.723858892918,-0.687461018562
0.657909691334,0.116134278476,1.34204339981,-0.0210244432092,0.0536680594087,0.724020063877,-0.687366425991
0.657709121704,0.116057962179,1.34209740162,-0.0212822593749,0.0533854365349,0.72418397665,-0.687207996845
0.657486855984,0.115963891149,1.34216237068,-0.0216157101095,0.0530363246799,0.724236428738,-0.687169313431
0.657491385937,0.115760751069,1.34243047237,-0.0214143767953,0.0529381036758,0.723788201809,-0.687655329704
0.657078325748,0.115574099123,1.34254205227,-0.0225745402277,0.0538764484227,0.724254608154,-0.687053799629
0.656661808491,0.115616716444,1.34245038033,-0.0227010548115,0.0530073195696,0.724718749523,-0.686627745628
0.656773865223,0.115609198809,1.34281218052,-0.0223248191178,0.0533378124237,0.724164307117,-0.687199294567
0.65656799078,0.115537136793,1.34284770489,-0.0225863140076,0.0531807206571,0.724127471447,-0.687241792679
0.656418681145,0.115576535463,1.34259438515,-0.0232511945069,0.052185755223,0.723920404911,-0.687513887882
0.656126856804,0.115594223142,1.34235799313,-0.0243722759187,0.0520296432078,0.724060475826,-0.687339365482
0.655866146088,0.114851221442,1.34263145924,-0.0233842246234,0.0516462363303,0.723855018616,-0.687618970871
0.655668020248,0.114741414785,1.34266233444,-0.0236016847193,0.0515386238694,0.723823726177,-0.687652409077
0.655532181263,0.114698067307,1.34267497063,-0.0237310752273,0.0513328574598,0.723670125008,-0.687825143337
0.655023038387,0.114733472466,1.34271764755,-0.0248351860791,0.0520227998495,0.72406578064,-0.687317788601
0.655104339123,0.114478372037,1.34273183346,-0.0242172181606,0.0510694906116,0.723544597626,-0.687959849834
0.654680967331,0.114849925041,1.34236502647,-0.0256559439003,0.0507456287742,0.723900854588,-0.687556803226
0.654486179352,0.114708483219,1.3423936367,-0.0257944092155,0.0506925284863,0.723819792271,-0.687640786171
0.654303312302,0.114580780268,1.34241771698,-0.0259762071073,0.0506539344788,0.723692834377,-0.687770426273
0.654254794121,0.114388823509,1.34258389473,-0.0258178673685,0.0507057271898,0.723420739174,-0.688058793545
0.654089927673,0.114250607789,1.34260225296,-0.0259624645114,0.0506924577057,0.723419129848,-0.688055992126
0.65386235714,0.114081010222,1.34269237518,-0.025937801227,0.0508104078472,0.723523676395,-0.687938392162
0.653706550598,0.113936930895,1.34272301197,-0.0260331798345,0.0508888997138,0.723536252975,-0.687915623188
0.65360212326,0.113552227616,1.34294080734,-0.025397323072,0.0508551001549,0.723440647125,-0.688042581081
0.653408706188,0.113366276026,1.34294497967,-0.0255489703268,0.0510736517608,0.723594725132,-0.687858641148
0.653271794319,0.113243833184,1.34295225143,-0.0257464777678,0.0510314963758,0.723499596119,-0.687954366207
0.652900516987,0.11300367862,1.34290194511,-0.0264027807862,0.0515198707581,0.723927974701,-0.687442302704
0.652803122997,0.112835913897,1.34283590317,-0.0266486257315,0.0512615479529,0.723682165146,-0.687710940838
0.652757525444,0.112751588225,1.34276902676,-0.0267080944031,0.0507367253304,0.72341555357,-0.688028097153
0.652828752995,0.112315922976,1.34291338921,-0.0264017917216,0.0507958419621,0.723005533218,-0.688466310501
0.652393817902,0.112304016948,1.34281337261,-0.0270252581686,0.0509621314704,0.72342312336,-0.687991023064
0.65227586031,0.112133987248,1.34281134605,-0.0271578766406,0.0510274358094,0.723252356052,-0.688160359859
0.652154326439,0.111968830228,1.34280967712,-0.0273448992521,0.0510668419302,0.723021149635,-0.688392937183
0.652044177055,0.111946322024,1.34263634682,-0.0281304232776,0.0513463355601,0.72275185585,-0.688623249531
0.651778876781,0.111616261303,1.34280264378,-0.0285910516977,0.0525347292423,0.722532093525,-0.688745319843
0.65174895525,0.111624479294,1.34262108803,-0.0282510705292,0.0517078377306,0.722069263458,-0.689307153225
0.651621580124,0.111447907984,1.34260761738,-0.0283216927201,0.0519535541534,0.72152107954,-0.689859569073
0.65151488781,0.111114561558,1.34279513359,-0.0277362335473,0.0517668873072,0.720914006233,-0.690531671047
0.651207864285,0.110759034753,1.34290826321,-0.0283954404294,0.0526617653668,0.720359921455,-0.691015183926
0.65094178915,0.110562384129,1.34289169312,-0.0286949444562,0.0529170893133,0.719946503639,-0.691414177418
0.651029646397,0.110381983221,1.34298539162,-0.0279427338392,0.0524266324937,0.71882390976,-0.692649304867
0.650839209557,0.110215678811,1.34302949905,-0.0281391050667,0.0524474233389,0.718063116074,-0.693428277969
0.650579333305,0.110310673714,1.34280276299,-0.0293863434345,0.0524261146784,0.717237889767,-0.69423186779
0.650008797646,0.110174283385,1.34287428856,-0.0303261093795,0.0529066845775,0.717012941837,-0.694387316704
0.649810433388,0.110168993473,1.34267175198,-0.0311626717448,0.052582450211,0.71621286869,-0.69520008564
0.64962297678,0.110131010413,1.34263110161,-0.0316077359021,0.0518388710916,0.715243041515,-0.696233570576
0.649460792542,0.109786048532,1.34290552139,-0.0314405038953,0.0516231656075,0.714333772659,-0.697189927101
0.64925122261,0.10969363153,1.34295463562,-0.0319325327873,0.051341008395,0.71375888586,-0.697776973248
0.649016439915,0.109560623765,1.34301912785,-0.0325109325349,0.0510406270623,0.713199555874,-0.698343992233
0.649045705795,0.109397828579,1.34332633018,-0.0325458645821,0.0505443029106,0.712313771248,-0.699281871319
0.648893475533,0.109248906374,1.34337067604,-0.0332305319607,0.0499100796878,0.711797773838,-0.699820518494
0.648665487766,0.109129503369,1.34341800213,-0.0341120064259,0.0493489019573,0.711790442467,-0.699825286865
0.648472487926,0.109001234174,1.34352993965,-0.0349155776203,0.048641808331,0.711258888245,-0.700375378132
0.6483335495,0.108884133399,1.34364056587,-0.0355369746685,0.0480061881244,0.710791707039,-0.70086222887
0.648158788681,0.108540549874,1.34378254414,-0.0362775921822,0.0474174953997,0.710198640823,-0.701465308666
0.647905886173,0.108429454267,1.34394097328,-0.0368950776756,0.0469223298132,0.709665119648,-0.702006042004
0.647715866566,0.108298957348,1.34417104721,-0.0372437983751,0.0459613800049,0.708846032619,-0.702878296375
0.647410154343,0.107926242054,1.34423279762,-0.0386804267764,0.0457738377154,0.708325386047,-0.703337669373
0.647234916687,0.108030743897,1.34396862984,-0.0402113944292,0.0444640032947,0.707687139511,-0.703977882862
0.646923422813,0.107859626412,1.34399342537,-0.0413699671626,0.0437774993479,0.706920623779,-0.704723596573
0.646745920181,0.107545748353,1.34428906441,-0.0418519973755,0.0434076189995,0.706161201,-0.705478966236
0.646504342556,0.107087746263,1.3445379734,-0.0419578701258,0.0425660535693,0.705233991146,-0.706450819969
0.646151661873,0.106858991086,1.3445237875,-0.042869117111,0.042086135596,0.70447999239,-0.707176685333
0.645677924156,0.106894657016,1.34434449673,-0.0441477559507,0.0412753894925,0.703830003738,-0.707792878151
0.645370960236,0.106857448816,1.34427535534,-0.0455675907433,0.0414187721908,0.70311152935,-0.708408355713
0.644995450974,0.1063926965,1.34463202953,-0.0456807687879,0.042091242969,0.702635467052,-0.708833694458
0.644782423973,0.106371685863,1.3442761898,-0.0474736019969,0.0412598736584,0.701450824738,-0.709937095642
0.64432400465,0.105336531997,1.34465658665,-0.0485435798764,0.0430964529514,0.701204657555,-0.709998786449
0.644207239151,0.105251044035,1.34479808807,-0.0486440174282,0.0431206300855,0.700218737125,-0.710962831974
0.643926382065,0.105054110289,1.34480082989,-0.0493199191988,0.0427439399064,0.699443876743,-0.711701393127
0.643783569336,0.104893863201,1.34492051601,-0.0495552681386,0.0427203141153,0.698829233646,-0.712289988995
0.643588066101,0.104661047459,1.34493267536,-0.0500074625015,0.0425565056503,0.69843173027,-0.712657988071
0.643481969833,0.104225978255,1.34517681599,-0.0494816154242,0.0424327217042,0.697975158691,-0.713149249554
0.643162667751,0.10413017869,1.34486722946,-0.0509498938918,0.0423679165542,0.698104023933,-0.712923586369
0.642955958843,0.103769302368,1.34494793415,-0.0515240654349,0.0422384887934,0.69766908884,-0.713315546513
0.642672657967,0.103554829955,1.34483969212,-0.0521587468684,0.0419378876686,0.697738170624,-0.713219583035
0.642616212368,0.103497505188,1.34500074387,-0.0523284003139,0.0420522205532,0.697405338287,-0.713525950909
0.642281234264,0.102983415127,1.34511899948,-0.0519722029567,0.0415106453001,0.697426855564,-0.713562607765
0.642143905163,0.102809488773,1.34498178959,-0.053133700043,0.0414406061172,0.697268605232,-0.713635861874
0.6419891119,0.102058917284,1.34505951405,-0.0535987615585,0.0414893440902,0.697081506252,-0.713780999184
0.641972362995,0.101549446583,1.34519731998,-0.0537467449903,0.0415031574667,0.696724772453,-0.714117228985
0.641864717007,0.100982576609,1.34545445442,-0.053058244288,0.0413897968829,0.696557283401,-0.714338600636
0.641733288765,0.100511953235,1.34552741051,-0.0534066408873,0.0411588847637,0.696134448051,-0.714738070965
0.641721963882,0.100164145231,1.3456351757,-0.0534025803208,0.040954709053,0.69561290741,-0.715257763863
0.641685009003,0.10038036108,1.34551262856,-0.0530839338899,0.0396331436932,0.695231676102,-0.71572637558
0.641491115093,0.099420979619,1.34566652775,-0.0544336102903,0.0405462644994,0.694999158382,-0.715799748898
0.641518771648,0.0996134206653,1.3456069231,-0.0554004944861,0.0402221865952,0.694525957108,-0.716203093529
0.641348540783,0.0992164313793,1.34572374821,-0.055696554482,0.0401906557381,0.694251716137,-0.716447651386
0.641454577446,0.0984685719013,1.34561657906,-0.0559624247253,0.0394117496908,0.693579673767,-0.71712076664
0.641390502453,0.0977656841278,1.34557318687,-0.056592464447,0.0391146056354,0.693503797054,-0.71716094017
0.641409933567,0.0970749631524,1.34563577175,-0.0565902516246,0.0386581197381,0.692815065384,-0.717851221561
0.641403257847,0.0965497493744,1.34569847584,-0.0567694082856,0.0380290150642,0.692352890968,-0.718316495419
0.641381621361,0.0960549861193,1.34573304653,-0.0569381341338,0.0375206656754,0.691947221756,-0.718720495701
0.641429126263,0.0954481214285,1.34574401379,-0.0570887252688,0.0368688963354,0.691421926022,-0.719247877598
0.641301751137,0.0951402038336,1.34567201138,-0.0576030686498,0.0363005846739,0.691278159618,-0.719373822212
0.641327142715,0.0945295542479,1.34572470188,-0.0578051842749,0.0356170460582,0.690761208534,-0.719888210297
0.641667604446,0.0941035151482,1.34608089924,-0.0574167333543,0.03511897102,0.689666867256,-0.720992088318
0.641744673252,0.0934638530016,1.34612870216,-0.0574118457735,0.0344592705369,0.689178943634,-0.721490681171
0.641901195049,0.0931809395552,1.34595668316,-0.0572828277946,0.0329759120941,0.688573777676,-0.722147762775
0.641979396343,0.09247854352,1.34620249271,-0.0575477965176,0.0328723974526,0.687968850136,-0.722707867622
0.642119169235,0.0918443351984,1.34627377987,-0.0574047900736,0.0322285145521,0.687611103058,-0.723088622093
0.642155528069,0.091294452548,1.34636318684,-0.0576314628124,0.0316127166152,0.68690520525,-0.723768353462
0.642127454281,0.0902360901237,1.34620201588,-0.058048568666,0.0308616068214,0.686807394028,-0.723860323429
0.642401278019,0.0893152952194,1.34637629986,-0.0575172528625,0.0304018761963,0.685943961143,-0.7247402668
0.642498135567,0.0883776843548,1.34646904469,-0.0572769455612,0.0294363070279,0.685342371464,-0.725368022919
0.642624139786,0.0877106785774,1.34655475616,-0.0570200681686,0.0286838486791,0.684605896473,-0.726113438606
0.642760694027,0.0874481126666,1.34669148922,-0.0571298338473,0.0274582281709,0.683548986912,-0.727147221565
0.642907381058,0.0869196504354,1.34664201736,-0.0564490072429,0.0258019976318,0.68292593956,-0.72784614563
0.642979502678,0.0855776071548,1.34686458111,-0.0573305897415,0.0263146795332,0.68235117197,-0.728297889233
0.643111526966,0.0848507210612,1.34688031673,-0.0570177175105,0.0254577118903,0.681763529778,-0.728902935982
0.642989516258,0.0838472992182,1.34670972824,-0.0576509833336,0.0243330989033,0.681297659874,-0.72932690382
0.643410861492,0.0833899974823,1.3470467329,-0.0567992851138,0.0236946120858,0.67989897728,-0.73071873188
0.64352452755,0.0819266736507,1.34707164764,-0.0570014342666,0.0230562333018,0.679280519485,-0.731298387051
0.643557429314,0.0814270228148,1.34697639942,-0.0574709996581,0.0220843702555,0.678539335728,-0.731979370117
0.643959641457,0.0805471539497,1.34738004208,-0.0567876696587,0.0210374128073,0.677126049995,-0.733370959759
0.644143939018,0.0797652602196,1.34752607346,-0.0564774759114,0.0198933817446,0.676255166531,-0.734229922295
0.644075214863,0.0787572413683,1.34729766846,-0.0569748394191,0.0185197386891,0.675763368607,-0.734680116177
0.644529640675,0.0778623595834,1.34759473801,-0.0565266869962,0.0178958661854,0.674461662769,-0.735925197601
0.644491791725,0.0764997676015,1.34744381905,-0.0573019124568,0.0167447309941,0.673746824265,-0.736546933651
0.644812941551,0.0753410458565,1.34768295288,-0.0568096190691,0.0162317398936,0.67264777422,-0.737600326538
0.644948899746,0.0745180770755,1.3476639986,-0.0569602847099,0.0151135055348,0.671638190746,-0.738531827927
0.64489364624,0.0732506215572,1.34818470478,-0.0549710281193,0.0137695036829,0.670838236809,-0.739435493946
0.644963502884,0.0724171251059,1.34811472893,-0.0554427467287,0.012752847746,0.669987678528,-0.740189135075
0.645498514175,0.0714519768953,1.34851789474,-0.0551049672067,0.0121746407822,0.668169736862,-0.741865575314
0.645682573318,0.0708517804742,1.3482657671,-0.0552660673857,0.00963456276804,0.666835963726,-0.743089973927
0.645916700363,0.0694183260202,1.34864401817,-0.0550945997238,0.00938365422189,0.666196346283,-0.743679344654
0.64639377594,0.0689158812165,1.3487007618,-0.0542029328644,0.00698573701084,0.664518237114,-0.745271027088
0.646393597126,0.067137144506,1.34908020496,-0.0548250600696,0.00758205307648,0.663968801498,-0.745709240437
0.646636009216,0.0660438388586,1.3491820097,-0.0547320097685,0.00623822398484,0.663000047207,-0.746589899063
0.646859645844,0.0653230175376,1.34951126575,-0.0543324239552,0.00515472562984,0.661854803562,-0.747642695904
0.647095441818,0.0642294511199,1.34919548035,-0.0566209442914,0.00408592168242,0.660528063774,-0.748652338982
0.648139536381,0.0632718577981,1.34934091568,-0.0569436922669,0.00293300673366,0.657886624336,-0.750955462456
0.648073017597,0.0623128041625,1.34925127029,-0.0570468865335,0.00112561427522,0.657088339329,-0.75165116787
0.64851886034,0.0605792105198,1.34964334965,-0.057321883738,0.000869383395184,0.655568242073,-0.752956628799
0.648746430874,0.0598481968045,1.34964323044,-0.0568459108472,-0.00162600167096,0.654161989689,-0.754213631153
0.648935198784,0.0586493164301,1.3495670557,-0.0569553524256,-0.00377912586555,0.652804017067,-0.755373299122
