x,y,z,q0,q1,q2,q3
0.777002096176,0.0110695976764,1.33539915085,0.0143852010369,-0.0617093034089,0.555266082287,-0.829255521297
0.777279496193,0.0110135115683,1.33544504642,0.0142149385065,-0.0612124986947,0.55684119463,-0.828238427639
0.777695059776,0.0111544113606,1.33549404144,0.0144164357334,-0.0610266923904,0.557827591896,-0.82758462429
0.777979791164,0.0113344173878,1.33562541008,0.0144884521142,-0.0604788213968,0.559048354626,-0.826799571514
0.778254508972,0.0113591309637,1.33553886414,0.0145058538765,-0.0607112012804,0.560105025768,-0.826066672802
0.778657197952,0.0116484519094,1.33552646637,0.0134388040751,-0.060101788491,0.560948848724,-0.825556576252
0.778771340847,0.0117611605674,1.33554601669,0.013963795267,-0.0602979809046,0.562246143818,-0.824650585651
0.779038906097,0.0118506047875,1.33564376831,0.0136793190613,-0.0600767284632,0.563364088535,-0.823908209801
0.779264032841,0.0115319676697,1.33567535877,0.0130181573331,-0.0594672374427,0.564754962921,-0.823010325432
0.779568374157,0.0115895830095,1.33573031425,0.0130861308426,-0.0591284558177,0.566017687321,-0.822165727615
0.77983546257,0.0121312905103,1.33579730988,0.0132436323911,-0.0592836998403,0.566428899765,-0.821868896484
0.780131459236,0.0122371353209,1.3358528614,0.0128906555474,-0.0591080859303,0.567608356476,-0.821072995663
0.780304312706,0.0118957906961,1.33586275578,0.0122206555679,-0.0585539154708,0.569070219994,-0.820110559464
0.780462324619,0.012156855315,1.33587324619,0.0120039880276,-0.0584943071008,0.570165753365,-0.819356679916
0.780596911907,0.0121517721564,1.33590805531,0.0130012771115,-0.0589221976697,0.571440696716,-0.818422138691
0.780657827854,0.0128577686846,1.33579528332,0.0135020017624,-0.0599749088287,0.572162747383,-0.817832767963
0.781123638153,0.0124117750674,1.33599436283,0.0126674836501,-0.0585550628603,0.573461651802,-0.8170388937
0.78130954504,0.0126166250557,1.33599674702,0.0124088348821,-0.0584966391325,0.574282050133,-0.816470742226
0.781631886959,0.0127397384495,1.33600151539,0.0124611649662,-0.0584456212819,0.575451314449,-0.815649867058
0.781813800335,0.0128950132057,1.33601903915,0.0123076867312,-0.0583584755659,0.576380312443,-0.815002202988
0.782011091709,0.0130535243079,1.33601140976,0.0122553538531,-0.0584198571742,0.577366530895,-0.814300239086
0.782276809216,0.0132192624733,1.33602941036,0.0120272021741,-0.058169670403,0.578039169312,-0.813844203949
0.782520592213,0.0142065118998,1.33571350574,0.0132751008496,-0.0599328428507,0.578177511692,-0.813598632812
0.7825781703,0.0141062159091,1.33587169647,0.012964727357,-0.0590721294284,0.580012261868,-0.812359631062
0.782756865025,0.0142516139895,1.33590948582,0.01296037063,-0.0588898733258,0.580714762211,-0.811870992184
0.782931685448,0.0144457109272,1.33591520786,0.0128705324605,-0.0587341114879,0.581539154053,-0.811293303967
0.783182740211,0.0146345440298,1.33595442772,0.0129085481167,-0.0583000965416,0.582362174988,-0.810733556747
0.783567249775,0.0150136584416,1.33583760262,0.0133579187095,-0.0586292594671,0.582578599453,-0.810546994209
0.783665776253,0.0143591463566,1.33609926701,0.0119978217408,-0.0564292669296,0.584429979324,-0.80939078331
0.783830285072,0.0145119642839,1.33609950542,0.0120662599802,-0.0564040839672,0.585257649422,-0.808793246746
0.784060537815,0.0148137258366,1.33614718914,0.0125724021345,-0.0564225502312,0.585641801357,-0.808506071568
0.784113883972,0.0154512263834,1.33599352837,0.0131771834567,-0.0571298189461,0.586200714111,-0.80804169178
0.784427881241,0.0151438051835,1.33610165119,0.0128805683926,-0.0558064654469,0.587435007095,-0.807242155075
0.784569919109,0.0152237359434,1.33607161045,0.0129165314138,-0.0556902736425,0.587955892086,-0.806870222092
0.784707248211,0.0154458452016,1.33611130714,0.012909417972,-0.0555354952812,0.588438332081,-0.806529283524
0.784899353981,0.0156002547592,1.33612430096,0.0129461884499,-0.0553330816329,0.589085936546,-0.806069791317
0.784934461117,0.0161872562021,1.33595383167,0.0137307997793,-0.0563047789037,0.5897102952,-0.805532813072
0.785061538219,0.0163668654859,1.33595252037,0.0137535780668,-0.0559914000332,0.590169012547,-0.805218219757
0.785126328468,0.0157099813223,1.33626127243,0.0146914571524,-0.0550706237555,0.591507017612,-0.804282903671
0.785286724567,0.015870206058,1.3362596035,0.0148723814636,-0.0548673160374,0.59206789732,-0.803880691528
0.785450220108,0.0160143505782,1.33627235889,0.0150344055146,-0.0546950623393,0.592580616474,-0.803511500359
0.785623431206,0.0163636393845,1.33623671532,0.0152108063921,-0.0546578876674,0.592823028564,-0.803331911564
0.78575783968,0.0163160134107,1.3362262249,0.0153310326859,-0.0541325286031,0.593482255936,-0.802878320217
0.78608494997,0.0173543542624,1.33594036102,0.0146078374237,-0.0545577704906,0.593229830265,-0.803049504757
0.786209702492,0.0176555886865,1.33593356609,0.0146620618179,-0.0545625649393,0.593791604042,-0.802632808685
0.786566317081,0.0171047784388,1.33611869812,0.0141192832962,-0.0530827343464,0.594327807426,-0.802344977856
0.786721765995,0.0172816477716,1.33608257771,0.0141944261268,-0.0527645200491,0.594773411751,-0.802034378052
0.78685605526,0.017497420311,1.33606541157,0.0143498172984,-0.0526922829449,0.595028877258,-0.801846802235
0.786874115467,0.0181307308376,1.33592033386,0.0150069883093,-0.0534126237035,0.595322191715,-0.801569342613
0.787084937096,0.0183323062956,1.33594191074,0.0156919322908,-0.0533344633877,0.595790028572,-0.801213741302
0.787197947502,0.0184963531792,1.33594954014,0.0157958753407,-0.0532159693539,0.596016824245,-0.801050901413
0.78728467226,0.0186681859195,1.33592534065,0.0155399981886,-0.0529419854283,0.596349716187,-0.800826191902
0.787421584129,0.0188613682985,1.33593714237,0.0155778992921,-0.0528416596353,0.596450507641,-0.800757110119
0.787617504597,0.019012933597,1.33594334126,0.0157172661275,-0.0525174476206,0.596987724304,-0.80037522316
0.787445962429,0.0188978202641,1.33607208729,0.0173835903406,-0.0530420765281,0.597789406776,-0.799707591534
0.787573754787,0.0190483182669,1.33606982231,0.0174744483083,-0.0529554374516,0.598045945168,-0.799519538879
0.787714481354,0.0192346461117,1.33603799343,0.0175294708461,-0.0527977198362,0.598400592804,-0.799263358116
0.787838339806,0.01944918558,1.33604800701,0.0177010223269,-0.0526515990496,0.598497152328,-0.799196898937
0.787981569767,0.0196048635989,1.33603036404,0.0178945381194,-0.0525370724499,0.59872853756,-0.799026846886
0.788090825081,0.0197327192873,1.33597946167,0.0179948881269,-0.0526273734868,0.598850727081,-0.798927009106
0.788198232651,0.0199295915663,1.33596158028,0.0181789491326,-0.0526498667896,0.599073052406,-0.798754692078
0.788726508617,0.0206824913621,1.33580780029,0.0173317715526,-0.0523327030241,0.598404824734,-0.799295067787
0.788828611374,0.0208372622728,1.33577811718,0.0175095312297,-0.0523052252829,0.598576784134,-0.799164175987
0.788979113102,0.0210189595819,1.33575975895,0.0175256524235,-0.0522845946252,0.598772764206,-0.799018383026
0.789146661758,0.0210197605193,1.33573269844,0.0177495647222,-0.0521970242262,0.599069595337,-0.798796653748
0.789263606071,0.0211494453251,1.33574306965,0.0178002472967,-0.0520729646087,0.599155366421,-0.798739254475
0.789357602596,0.0213239118457,1.33574521542,0.0180272124708,-0.0521354041994,0.599196612835,-0.798699200153
0.789197385311,0.0212775804102,1.33587527275,0.0192283075303,-0.0525475032628,0.599709570408,-0.798259079456
0.789299607277,0.0214244350791,1.33587539196,0.0193430110812,-0.0525085888803,0.599761128426,-0.798220157623
0.789405882359,0.0215704999864,1.33584904671,0.0195415373892,-0.0523556619883,0.599894583225,-0.798125088215
0.789722025394,0.0217674449086,1.33579671383,0.0197755265981,-0.0525899417698,0.599432706833,-0.798450827599
0.789832115173,0.0219448637217,1.33577644825,0.0197572559118,-0.0525278747082,0.599547445774,-0.79836922884
0.78992497921,0.0220840517431,1.33575320244,0.0198712162673,-0.0525347292423,0.599564135075,-0.798353374004
0.790027081966,0.0222184099257,1.33572876453,0.0200948826969,-0.0523732341826,0.599762678146,-0.798209369183
0.790127515793,0.0223662983626,1.33569085598,0.0202695745975,-0.0524065978825,0.599753797054,-0.798209249973
0.790181219578,0.0224938206375,1.3356461525,0.0203720256686,-0.0525226481259,0.5997569561,-0.798196732998
0.790253996849,0.0226916708052,1.33562517166,0.0204807855189,-0.0527138672769,0.599773406982,-0.798168897629
0.790458798409,0.0228687338531,1.33569276333,0.0205374881625,-0.052528642118,0.599483847618,-0.798397243023
0.790717363358,0.0231151226908,1.33548974991,0.0193840451539,-0.0522368140519,0.59913957119,-0.798703491688
0.790800571442,0.0232307929546,1.33547401428,0.0194187480956,-0.0523052215576,0.599228620529,-0.798631429672
0.790608406067,0.0231608022004,1.33558595181,0.0206211730838,-0.0528419017792,0.599574327469,-0.798306405544
0.790684461594,0.0232942420989,1.33557319641,0.0206516906619,-0.0529344640672,0.599435150623,-0.798404037952
0.79076987505,0.023405617103,1.33555579185,0.0205841269344,-0.0528997518122,0.599303543568,-0.798506855965
0.790808916092,0.023681037128,1.33552479744,0.0205880235881,-0.0530404634774,0.599138975143,-0.798620939255
0.791139602661,0.0239867717028,1.33538579941,0.0194295942783,-0.0526077672839,0.598594963551,-0.799086391926
0.790989875793,0.0237639266998,1.33550417423,0.0206341482699,-0.0530626140535,0.598929405212,-0.798775434494
0.791020512581,0.0241074748337,1.33549821377,0.0206264927983,-0.0531071461737,0.598807394505,-0.79886418581
0.79127573967,0.0243922173977,1.33528113365,0.0191752705723,-0.052572697401,0.598385035992,-0.799252033234
0.791119515896,0.0244094915688,1.33541107178,0.0208388064057,-0.0533408969641,0.598381459713,-0.799162149429
0.791174650192,0.0244721788913,1.33536672592,0.0208611246198,-0.053434561938,0.59824693203,-0.799256145954
0.79136711359,0.0247132666409,1.33515691757,0.0193627886474,-0.0529422685504,0.597945868969,-0.799551784992
0.791440188885,0.0248166061938,1.33513438702,0.019389135763,-0.0530214160681,0.597788929939,-0.799663305283
0.791555464268,0.0247707255185,1.33513343334,0.0194584149867,-0.0530325733125,0.597612977028,-0.799792289734
0.791611969471,0.0248749405146,1.33511984348,0.0194742567837,-0.0530706122518,0.597456336021,-0.799906313419
0.791666269302,0.0250468421727,1.33514845371,0.0195191428065,-0.0530872158706,0.597303032875,-0.800018668175
0.791726946831,0.0251578986645,1.33511888981,0.0195592734963,-0.0531208701432,0.597178936005,-0.800107955933
0.791774868965,0.0252613108605,1.33511078358,0.019490968436,-0.053231921047,0.597043275833,-0.800203502178
0.791834771633,0.0253806337714,1.33509218693,0.0195352062583,-0.0531859844923,0.596825242043,-0.800368189812
0.791866242886,0.025440312922,1.33502817154,0.0195205584168,-0.0535516142845,0.596720516682,-0.800422251225
0.791905164719,0.0255797933787,1.33498358727,0.0195495337248,-0.0537495277822,0.596496164799,-0.800575613976
0.791948676109,0.0256800949574,1.33497190475,0.0195262171328,-0.0538036413491,0.59632486105,-0.800700068474
0.792008042336,0.0257615149021,1.3349571228,0.0195708461106,-0.0538760684431,0.596097767353,-0.800863146782
0.792051374912,0.0258540380746,1.33493900299,0.019539989531,-0.0539618395269,0.595919013023,-0.800991117954
0.79209446907,0.0259430594742,1.3349353075,0.0195168592036,-0.0540930330753,0.595830261707,-0.801048994064
0.792201042175,0.0261681433767,1.33505964279,0.0196893829852,-0.0539329685271,0.595365107059,-0.80140131712
0.792234539986,0.0262350030243,1.33504617214,0.0196977499872,-0.0540304593742,0.595206797123,-0.80151206255
0.79220366478,0.0262505598366,1.3349262476,0.0195378307253,-0.0542699508369,0.595270037651,-0.801452934742
0.792242646217,0.0263223946095,1.33491277695,0.0195264853537,-0.0543205104768,0.595097541809,-0.801577806473
0.792275965214,0.0263960883021,1.3349044323,0.0194984208792,-0.0543843172491,0.594968676567,-0.801669836044
0.792284309864,0.0264800563455,1.33485686779,0.0195398293436,-0.0546126328409,0.59484654665,-0.801743924618
0.792249143124,0.026491869241,1.33483076096,0.0193801876158,-0.0547520145774,0.594645082951,-0.801887691021
0.792265355587,0.0266210623085,1.33479690552,0.0194700565189,-0.0549354627728,0.59445899725,-0.802010953426
0.792352199554,0.0267133954912,1.33477926254,0.0194967202842,-0.0550435371697,0.59419053793,-0.802201807499
0.792378485203,0.0267839580774,1.33475601673,0.0194831881672,-0.0551446080208,0.594082891941,-0.802274823189
0.792414724827,0.0268517117947,1.33473956585,0.0195063110441,-0.0552237071097,0.593903541565,-0.802401781082
0.792450547218,0.0269111655653,1.33473181725,0.0195391774178,-0.0552823916078,0.593768656254,-0.802496671677
0.792472779751,0.0269732046872,1.33472406864,0.0195405874401,-0.0553295053542,0.593633174896,-0.802593588829
0.792496025562,0.0270330682397,1.3347158432,0.0195306800306,-0.0553758367896,0.593523204327,-0.802671968937
0.792532622814,0.0270779728889,1.33470511436,0.0195507071912,-0.0554094389081,0.593362867832,-0.802787661552
0.7925542593,0.0271914023906,1.33473837376,0.0195817742497,-0.0553847700357,0.593213915825,-0.802898824215
0.792575001717,0.0272458828986,1.33472788334,0.0195758678019,-0.05544892326,0.593096315861,-0.802981376648
0.7925978899,0.0273021962494,1.33472299576,0.0195308905095,-0.0554833300412,0.592969238758,-0.803073883057
0.792591333389,0.0273506511003,1.33472526073,0.0194956585765,-0.0554422289133,0.592716813087,-0.803263902664
0.792609810829,0.0274190455675,1.33471560478,0.0194772034883,-0.0554924868047,0.592591822147,-0.803353190422
0.792610049248,0.0274788718671,1.33469510078,0.0194875784218,-0.0555967092514,0.592485368252,-0.803424119949
0.792641103268,0.0275104679167,1.33469748497,0.0194275211543,-0.0555935129523,0.592351257801,-0.803524672985
0.792642116547,0.0274997483939,1.33466827869,0.0193787030876,-0.0556664168835,0.592288017273,-0.80356746912
0.792654752731,0.0275489501655,1.33466541767,0.0193341095001,-0.0557162612677,0.592185080051,-0.803640902042
0.792662024498,0.0275880694389,1.33466362953,0.0193057265133,-0.055734783411,0.592062830925,-0.803730428219
0.792661368847,0.0276914592832,1.33464491367,0.0193924736232,-0.0559218414128,0.591924548149,-0.803817212582
0.792414307594,0.0274615157396,1.33475792408,0.0204164031893,-0.0563724264503,0.592334389687,-0.80345839262
0.792692124844,0.0277782790363,1.33464300632,0.0193193797022,-0.0560036711395,0.59174656868,-0.803944289684
0.792437493801,0.0275311991572,1.33474671841,0.0203582942486,-0.056457746774,0.592188835144,-0.803561031818
0.792438387871,0.0275714732707,1.33475220203,0.0203306432813,-0.0564164854586,0.592106103897,-0.803625702858
0.792458593845,0.0276084598154,1.3347465992,0.0203299131244,-0.0564553663135,0.592009484768,-0.803694188595
0.792722940445,0.0279106460512,1.33463025093,0.0191964320838,-0.0560867227614,0.591326475143,-0.804250478745
0.792732298374,0.0279536433518,1.33461487293,0.0192173887044,-0.0559991486371,0.591378331184,-0.804217994213
0.792474865913,0.0276992022991,1.33473992348,0.0202823542058,-0.0563781633973,0.591852486134,-0.803816437721
0.792753219604,0.0280072856694,1.33461880684,0.0191353596747,-0.0559595413506,0.59124559164,-0.804320275784
0.792757630348,0.0280337259173,1.33462548256,0.019116897136,-0.0559164173901,0.591175496578,-0.804375290871
0.792762517929,0.0280607417226,1.33462381363,0.0190630368888,-0.0559199489653,0.59112906456,-0.804410398006
0.792763710022,0.0280741937459,1.3346208334,0.0189919453114,-0.0558807551861,0.591082513332,-0.804449021816
0.792514145374,0.0278217066079,1.33475482464,0.02008347027,-0.0563352778554,0.591548800468,-0.804047882557
0.792515695095,0.027839789167,1.33475697041,0.0200066529214,-0.0563280470669,0.591536164284,-0.804059624672
0.792519450188,0.0278599113226,1.33476281166,0.0198755338788,-0.0564325377345,0.591350495815,-0.804192185402
0.792521893978,0.0278714839369,1.33476471901,0.0198255591094,-0.0564730837941,0.591328680515,-0.804206490517
0.792525827885,0.0278895162046,1.33475995064,0.0198094602674,-0.0565050989389,0.591291248798,-0.804232180119
0.792532145977,0.0279096961021,1.33476781845,0.0197529233992,-0.0565228126943,0.591293871403,-0.804230391979
0.792337834835,0.0278786867857,1.33479440212,0.0195366442204,-0.0563559830189,0.591699004173,-0.803949475288
0.792330265045,0.0278864987195,1.33479356766,0.0194775536656,-0.0563648454845,0.591707289219,-0.803944051266
0.792352557182,0.0279049314559,1.33478558064,0.0194574464113,-0.0564198605716,0.591680705547,-0.803960263729
0.792350769043,0.0279156826437,1.33478367329,0.019402904436,-0.056423433125,0.591699182987,-0.803947746754
0.792358219624,0.0279344003648,1.33478176594,0.0193689968437,-0.0564424991608,0.591676175594,-0.803964138031
0.792373239994,0.0279623214155,1.33475267887,0.0192224755883,-0.0564220510423,0.591670155525,-0.80397361517
0.792368531227,0.027979509905,1.33473336697,0.0192613378167,-0.05655971542,0.591673672199,-0.803960382938
0.792357742786,0.028092674911,1.3347132206,0.0191430523992,-0.0566269755363,0.591650009155,-0.803975939751
0.792373716831,0.0281068384647,1.33470773697,0.0191246774048,-0.0566642433405,0.591646850109,-0.803976118565
0.792344748974,0.0280262678862,1.33470964432,0.0191211309284,-0.0566361546516,0.591796219349,-0.803868234158
0.79235714674,0.0280407499522,1.33470678329,0.019106509164,-0.0566755272448,0.591800272465,-0.80386275053
0.792355716228,0.0280506815761,1.3347017765,0.0190757643431,-0.0567375980318,0.591845929623,-0.803825438023
0.79241925478,0.0282548908144,1.33475494385,0.0194240342826,-0.0569251962006,0.591657996178,-0.803942263126
0.792376160622,0.0280905943364,1.33469712734,0.0190261751413,-0.0568191632628,0.591939210892,-0.803752303123
0.792392969131,0.028103120625,1.33469188213,0.0190371293575,-0.0568503066897,0.591940522194,-0.803748786449
0.792324006557,0.0284461863339,1.33466613293,0.0196733921766,-0.0574977509677,0.591888666153,-0.803725659847
0.792335629463,0.0284566488117,1.33467304707,0.0196846202016,-0.0575410164893,0.591910600662,-0.803705990314
0.792353987694,0.0284756515175,1.33467066288,0.0197204127908,-0.0575615800917,0.591898918152,-0.803712308407
0.792361021042,0.0284766387194,1.3346657753,0.0197218172252,-0.0575628168881,0.591915905476,-0.803699672222
0.792428970337,0.0284902155399,1.33466935158,0.0197583194822,-0.0575498118997,0.591811180115,-0.803776800632
0.792427241802,0.0284932665527,1.33466815948,0.0197486970574,-0.0575629211962,0.591868519783,-0.803733944893
0.792443990707,0.0285095218569,1.33466434479,0.0197382625192,-0.0575679838657,0.591862380505,-0.803738355637
0.792447924614,0.0285046361387,1.33465600014,0.0197707153857,-0.0575932450593,0.591879665852,-0.803722977638
0.792638480663,0.0283781699836,1.33472597599,0.0196433681995,-0.0571639686823,0.591849863529,-0.803778707981
0.792470633984,0.028504319489,1.33464980125,0.019826149568,-0.0575737766922,0.592036306858,-0.803607642651
0.792648971081,0.0283660124987,1.33473753929,0.0196197312325,-0.0570532679558,0.591908156872,-0.803744316101
0.792645215988,0.028357764706,1.3347235918,0.0195736959577,-0.0570386275649,0.591968178749,-0.803702235222
0.792650818825,0.0283629354089,1.33472013474,0.0195395536721,-0.0570173375309,0.592021644115,-0.803665101528
0.792666077614,0.0283744912595,1.33470737934,0.0194589737803,-0.0569872111082,0.592032253742,-0.80366140604
0.792670845985,0.0283739194274,1.33470225334,0.0194343943149,-0.0569470077753,0.592095375061,-0.803618371487
0.792675256729,0.0283796731383,1.33469128609,0.0194387249649,-0.05695682019,0.592158079147,-0.803571403027
0.792675554752,0.0283831097186,1.33468282223,0.0194441154599,-0.0569327697158,0.592205822468,-0.803537726402
0.792626738548,0.0283062215894,1.33463358879,0.0191700924188,-0.0568140819669,0.592433094978,-0.803385138512
0.792632460594,0.0283091496676,1.33462691307,0.0191430021077,-0.0567938089371,0.592515349388,-0.803326547146
0.792642593384,0.0283026695251,1.33462250233,0.0191276278347,-0.0567115843296,0.592554152012,-0.803304076195
0.792635381222,0.028302308172,1.33461225033,0.0191176012158,-0.0566445626318,0.592605650425,-0.803271174431
0.79261302948,0.028289468959,1.33459186554,0.0190258529037,-0.0565847977996,0.592720925808,-0.803192436695
0.792643964291,0.0282302740961,1.33460247517,0.0191258583218,-0.0564904101193,0.592711806297,-0.803203463554
0.792643547058,0.0282364282757,1.33459961414,0.0191431399435,-0.0564589612186,0.592752337456,-0.803175449371
0.792645573616,0.0282481461763,1.33458375931,0.0191801004112,-0.0564681701362,0.59277099371,-0.803160071373
0.792635321617,0.0282422769815,1.33458173275,0.0192240159959,-0.0563817843795,0.592806696892,-0.80313873291
0.792636156082,0.0282470323145,1.33458220959,0.0192410368472,-0.0563791580498,0.592842400074,-0.803112089634
0.792792141438,0.0285509563982,1.334405303,0.019739665091,-0.0572464689612,0.59223228693,-0.803488731384
0.792626261711,0.0282560344785,1.33457648754,0.019295129925,-0.0562553778291,0.592905819416,-0.803072750568
0.792621076107,0.0282670296729,1.33457517624,0.0193038806319,-0.0562183894217,0.592927455902,-0.803059101105
0.792773902416,0.0285675171763,1.33440315723,0.0197704192251,-0.0570694729686,0.5923396945,-0.803421378136
0.792605519295,0.0282777883112,1.33456993103,0.0193586349487,-0.0561124272645,0.593019425869,-0.802997231483
0.792993187904,0.0288589559495,1.3342461586,0.0185452625155,-0.0565295964479,0.591975867748,-0.803756892681
0.792807459831,0.0285698249936,1.334415555,0.018108278513,-0.0554284639657,0.592541515827,-0.803426682949
0.792968094349,0.0288683511317,1.33425080776,0.0185431223363,-0.0564154163003,0.59205442667,-0.803707063198
0.79295116663,0.02886826545,1.33426010609,0.0185346137732,-0.0563448779285,0.592118799686,-0.803664803505
0.792767524719,0.0285660624504,1.33443033695,0.0181068945676,-0.0553085543215,0.592752814293,-0.803278982639
0.792927980423,0.0288584791124,1.33426845074,0.0185475982726,-0.0562884733081,0.592272341251,-0.803555309772
0.792919814587,0.0288508944213,1.33427035809,0.0185728501529,-0.0561643689871,0.592269778252,-0.803565204144
0.792740941048,0.0285591520369,1.33445429802,0.0180659908801,-0.0552809983492,0.593085885048,-0.803035974503
0.792718887329,0.0285492185503,1.33445036411,0.0180908441544,-0.0551661327481,0.593114733696,-0.803022027016
0.792704463005,0.0285615175962,1.33447027206,0.0180716738105,-0.0552379228175,0.593331038952,-0.802857637405
0.792878985405,0.028842177242,1.33430445194,0.0184845328331,-0.0560366138816,0.592751026154,-0.803221404552
0.792860984802,0.0288261268288,1.33429551125,0.0184774752706,-0.0558940209448,0.59274750948,-0.803233981133
0.792849361897,0.0288078058511,1.33429253101,0.0184812899679,-0.0558419711888,0.592829585075,-0.803176999092
0.792840719223,0.0287852995098,1.33430218697,0.0184517297894,-0.0558833666146,0.593019843102,-0.803034365177
0.792876422405,0.0287848878652,1.33433508873,0.0188160426915,-0.0558291375637,0.592869520187,-0.803140580654
0.79259455204,0.0284737255424,1.33442568779,0.0197411347181,-0.0561439171433,0.593493759632,-0.802635192871
0.79256695509,0.0284573789686,1.33439898491,0.0197768043727,-0.055893316865,0.593833625317,-0.802400410175
0.792560517788,0.0284389685839,1.33439075947,0.0197844039649,-0.0558088459074,0.593889653683,-0.802364647388
0.792556643486,0.0284263156354,1.334405303,0.0197665970773,-0.0556880049407,0.593998193741,-0.802293181419
0.792392730713,0.0282253529876,1.33458805084,0.0194248277694,-0.0547208897769,0.594612896442,-0.801912605762
0.792493283749,0.0282728262246,1.33463001251,0.0194614008069,-0.0544772744179,0.594491243362,-0.802018404007
0.792485177517,0.0282538775355,1.3346208334,0.0195329748094,-0.0542980544269,0.594749748707,-0.801837325096
0.792492747307,0.0282409843057,1.33461618423,0.0195303112268,-0.0542097911239,0.594834148884,-0.801780700684
0.792490005493,0.0282275062054,1.33460378647,0.0195560287684,-0.0540778525174,0.594912111759,-0.801731169224
0.792404055595,0.0281403250992,1.33454918861,0.0195283722132,-0.0540972873569,0.595191538334,-0.801523029804
0.792497634888,0.0282032582909,1.33459460735,0.0195728540421,-0.0538632832468,0.595058500767,-0.801636517048
0.792421281338,0.0281292013824,1.33454179764,0.0195454768836,-0.0539273768663,0.595342099667,-0.80142223835
0.792429029942,0.028114836663,1.33454275131,0.0195685122162,-0.0537815578282,0.595411598682,-0.801379919052
0.792425334454,0.0281149074435,1.33454537392,0.0195885747671,-0.0537032783031,0.595487594604,-0.801328122616
0.792456269264,0.0280483718961,1.33456587791,0.0195246450603,-0.0535108558834,0.595555961132,-0.801291763783
0.792466938496,0.0280491970479,1.33457565308,0.0194949917495,-0.0534532889724,0.595605969429,-0.801259219646
0.792491853237,0.0280453898013,1.33457934856,0.0194940567017,-0.0534431859851,0.595758974552,-0.801146090031
0.792506933212,0.0280441585928,1.3345823288,0.0195204634219,-0.053381126374,0.595821857452,-0.801102817059
0.792526364326,0.0280329063535,1.33458852768,0.0195179414004,-0.0533194690943,0.595867872238,-0.801072657108
0.792848289013,0.0283285770565,1.33447360992,0.0184925477952,-0.0528924390674,0.595286905766,-0.801557183266
0.792863190174,0.0283266436309,1.33446955681,0.0184947084635,-0.052850484848,0.595307767391,-0.801544427872
0.792835950851,0.0283199828118,1.33443486691,0.0181986559182,-0.0526397675276,0.595403969288,-0.801493644714
0.792846679688,0.0283276811242,1.3344335556,0.0182069968432,-0.0526012219489,0.595403969288,-0.8014960289
0.792887806892,0.0283375158906,1.33443021774,0.0181619152427,-0.0524748601019,0.595296561718,-0.80158495903
0.792890548706,0.0283450949937,1.3344271183,0.0182373765856,-0.052467122674,0.595285713673,-0.801591992378
0.792928099632,0.0283565148711,1.33442473412,0.0181703418493,-0.0523657463491,0.595209658146,-0.801656544209
0.792941808701,0.0283716656268,1.33442187309,0.0182070806623,-0.0523208230734,0.595222294331,-0.801649212837
0.792974174023,0.0283820740879,1.33441650867,0.0182536635548,-0.0523121803999,0.59515184164,-0.801701009274
0.793215036392,0.0286684129387,1.33424448967,0.0187822151929,-0.0531249716878,0.594347000122,-0.802232325077
0.793233215809,0.02868498303,1.33424043655,0.0188215281814,-0.0530946739018,0.594251930714,-0.802303791046
0.793238997459,0.0287033766508,1.33423352242,0.0188756342977,-0.0530356168747,0.594145894051,-0.802385032177
0.79325646162,0.0287224240601,1.33422899246,0.018896015361,-0.0529558509588,0.593857705593,-0.802603125572
0.793268859386,0.0287523772568,1.33421754837,0.0189400278032,-0.0528742857277,0.593689680099,-0.802731692791
0.793277919292,0.0287825968117,1.33420789242,0.0190342962742,-0.0527934804559,0.593495190144,-0.80287861824
0.793300271034,0.0287657156587,1.33416223526,0.0190781578422,-0.0528475418687,0.59332460165,-0.803000032902
0.793298900127,0.028799533844,1.33414828777,0.0191584937274,-0.0527869984508,0.593102276325,-0.803166329861
0.793312609196,0.0288331210613,1.33413779736,0.0192212034017,-0.0527945756912,0.592901051044,-0.803313016891
0.793099284172,0.02864590846,1.33428943157,0.0188805293292,-0.051968075335,0.593337774277,-0.803052425385
0.793285310268,0.0288801528513,1.33412373066,0.0193470772356,-0.0527352541685,0.592532277107,-0.803585767746
0.793111622334,0.0287011507899,1.33427906036,0.019011862576,-0.0519592724741,0.592888176441,-0.803381860256
0.793093919754,0.0287428181618,1.33427381516,0.0190571192652,-0.0518268756568,0.592537939548,-0.803647696972
0.793082714081,0.0287788119167,1.33427155018,0.0191066954285,-0.0517890155315,0.592301785946,-0.803823053837
0.793075323105,0.0288172587752,1.33426892757,0.0191433560103,-0.0517774783075,0.592086017132,-0.803981781006
0.793067276478,0.0288527887315,1.3342666626,0.0191726479679,-0.0517547503114,0.591845870018,-0.804159462452
0.79305523634,0.0288904719055,1.33426785469,0.0192178376019,-0.0517339259386,0.591639399529,-0.80431163311
0.79302418232,0.0289423000067,1.33425140381,0.0192507356405,-0.0518732070923,0.591326951981,-0.804531574249
0.793012261391,0.0289801713079,1.33421957493,0.0192768387496,-0.0520234443247,0.591124236584,-0.804670155048
0.792979121208,0.0290922839195,1.3341807127,0.0193623173982,-0.0522298663855,0.590887188911,-0.804828941822
0.792962372303,0.0291320681572,1.334176898,0.0194030869752,-0.0522158965468,0.590660274029,-0.804995298386
0.792692065239,0.0289070941508,1.33432030678,0.0206805299968,-0.0526748560369,0.590907394886,-0.804752230644
0.792678952217,0.0289480537176,1.3343256712,0.0206611920148,-0.052668556571,0.590674459934,-0.804924190044
0.792625725269,0.0289998631924,1.33431577682,0.0206722170115,-0.0525601357222,0.590270698071,-0.80522698164
0.792572140694,0.0290589090437,1.3343193531,0.0206744801253,-0.0525419004261,0.589986503124,-0.805436372757
0.792530596256,0.0290999673307,1.33434486389,0.0205373167992,-0.0526142455637,0.589505136013,-0.805787622929
0.792496442795,0.0291464179754,1.33435714245,0.0204747188836,-0.052569899708,0.589126586914,-0.806068956852
0.792446255684,0.0292128771544,1.33436894417,0.0204448606819,-0.0525273866951,0.588897407055,-0.806239902973
0.792437851429,0.0292827617377,1.33437764645,0.020447505638,-0.0525080710649,0.588590800762,-0.806464910507
0.792422652245,0.0293652974069,1.3343873024,0.0204229094088,-0.0524941124022,0.588350176811,-0.806641936302
0.792304992676,0.0294127948582,1.33437132835,0.0203892141581,-0.0525870844722,0.588384211063,-0.806612074375
0.79251986742,0.0297403428704,1.33423006535,0.0190212707967,-0.0520926937461,0.587821424007,-0.807087779045
0.792480885983,0.0298674739897,1.33421349525,0.0190751794726,-0.05228683725,0.587744891644,-0.807129621506
0.792223751545,0.0296915844083,1.33442211151,0.02035892196,-0.0525893270969,0.588173806667,-0.806766152382
0.792447865009,0.0299966465682,1.33428549767,0.0191457048059,-0.0520558655262,0.58791077137,-0.807022094727
0.792143106461,0.029773062095,1.33443772793,0.0205206219107,-0.0525825768709,0.588459134102,-0.806554317474
0.792345166206,0.0301315672696,1.33429181576,0.0192683003843,-0.0520723611116,0.587841868401,-0.807068228722
0.792090415955,0.0299300476909,1.33443510532,0.0205675512552,-0.0525710657239,0.58825469017,-0.806702971458
0.792269825935,0.0302061419934,1.33430230618,0.0209742449224,-0.0532612986863,0.587581038475,-0.807138085365
0.792172729969,0.030483994633,1.33417451382,0.0198698155582,-0.0530342161655,0.587529242039,-0.807218670845
0.792138338089,0.0305443443358,1.33416414261,0.0198857616633,-0.0529969334602,0.587409615517,-0.807307720184
0.791919767857,0.0303528010845,1.3343398571,0.0194501001388,-0.052059147507,0.587869822979,-0.807044327259
0.792197167873,0.0304848477244,1.33433759212,0.0191375091672,-0.0518258474767,0.586983144283,-0.80771201849
0.792322695255,0.0308090485632,1.33412790298,0.0195276904851,-0.0527845397592,0.586167693138,-0.808232545853
0.791994929314,0.0306143779308,1.33426976204,0.0207621734589,-0.0531420633197,0.586333453655,-0.808058142662
0.792230129242,0.0309764426202,1.33411431313,0.0194283146411,-0.0526978597045,0.58552891016,-0.808703482151
0.792092144489,0.0312672369182,1.33397316933,0.0183294601738,-0.0524285323918,0.58526045084,-0.808940947056
0.792019128799,0.0313547439873,1.33396673203,0.0183063261211,-0.052509829402,0.584958314896,-0.809154689312
0.79174053669,0.0311825592071,1.33415389061,0.0176180806011,-0.0518311783671,0.585186481476,-0.809048771858
0.791687011719,0.0312837734818,1.33417189121,0.0175596568733,-0.0518915206194,0.584934592247,-0.809228301048
0.791688680649,0.0311682391912,1.3343487978,0.0185459144413,-0.0521607995033,0.584526181221,-0.809484064579
0.79163736105,0.0312481727451,1.33436858654,0.0185066647828,-0.0522345528007,0.58435946703,-0.809600651264
0.79159706831,0.0313446819782,1.33439147472,0.0184368845075,-0.0523161105812,0.584197044373,-0.809714138508
0.791553318501,0.0314396433532,1.33441758156,0.0184065904468,-0.0523526668549,0.584009408951,-0.809847652912
0.791504204273,0.0315572023392,1.33448040485,0.0183479711413,-0.0522597879171,0.583811104298,-0.80999815464
0.791422426701,0.031720828265,1.3344386816,0.0183869395405,-0.0524592548609,0.583369374275,-0.810302495956
0.791378438473,0.0318288207054,1.33446824551,0.0183506347239,-0.0524067617953,0.58306646347,-0.810524761677
0.791306972504,0.0319557413459,1.3344553709,0.0183367859572,-0.0525329560041,0.582731544971,-0.810757696629
0.791327893734,0.0317865945399,1.33448469639,0.0165648646653,-0.0511182434857,0.582597434521,-0.810982644558
0.791280031204,0.0319008231163,1.33450758457,0.0163658633828,-0.0511020161211,0.582150638103,-0.811308503151
0.791217982769,0.0320232734084,1.33454358578,0.0162537992001,-0.0509538501501,0.581752240658,-0.811605751514
0.791170954704,0.0321503989398,1.33457052708,0.0161404162645,-0.0508179105818,0.581081688404,-0.812096655369
0.791060745716,0.03301146999,1.33439159393,0.0168289393187,-0.0523223690689,0.579797506332,-0.812904715538
0.791027843952,0.032506942749,1.33460664749,0.015973623842,-0.0509398840368,0.580014169216,-0.812855184078
0.790948987007,0.0326632522047,1.334613204,0.0159450564533,-0.051096662879,0.579574882984,-0.813159167767
0.790891051292,0.0327880829573,1.33466243744,0.0159338023514,-0.0510521270335,0.578818202019,-0.813701033592
0.790782690048,0.0329548045993,1.33470082283,0.0158066693693,-0.0511865578592,0.578007340431,-0.814271211624
0.790511310101,0.0336863063276,1.33453643322,0.0163325667381,-0.0525159500539,0.577137708664,-0.814792871475
0.790577292442,0.0333249047399,1.33468806744,0.0157140996307,-0.0516029596329,0.576867997646,-0.815054297447
0.790330410004,0.0339951254427,1.33459699154,0.0164007376879,-0.0526837743819,0.576014339924,-0.815575242043
0.790206491947,0.0342052280903,1.33457541466,0.0164524856955,-0.0528569705784,0.575203955173,-0.816134750843
0.790103137493,0.0344097875059,1.33457279205,0.0164049379528,-0.0529514439404,0.574542880058,-0.816595077515
0.790003061295,0.0345775745809,1.33462131023,0.0162971932441,-0.053070563823,0.573677062988,-0.817198038101
0.790046691895,0.0342130362988,1.33479201794,0.0156879760325,-0.0519366897643,0.57314568758,-0.81765550375
0.789967775345,0.034393902868,1.33481407166,0.0157496202737,-0.0519784800708,0.572480261326,-0.81811773777
0.789866149426,0.0346454530954,1.33487558365,0.0157811567187,-0.0518084578216,0.571524739265,-0.818795740604
0.789746940136,0.0348040647805,1.33492147923,0.0156920738518,-0.0518918037415,0.57045263052,-0.819539427757
0.789424479008,0.035580933094,1.33475124836,0.0163338072598,-0.053441580385,0.569313287735,-0.820219278336
0.789275467396,0.0358045138419,1.33474612236,0.0163482502103,-0.0535904243588,0.568294107914,-0.82091575861
0.789236366749,0.0353207178414,1.33498442173,0.0156057933345,-0.0523007400334,0.567871630192,-0.821305632591
0.789004027843,0.036309659481,1.3347915411,0.0163417086005,-0.0538683906198,0.566218554974,-0.822330653667
0.78904157877,0.0359481796622,1.33500230312,0.0156076448038,-0.0529544577003,0.565201401711,-0.823103666306
0.788923561573,0.0360681638122,1.33504378796,0.0157004036009,-0.0530102066696,0.564240753651,-0.823757171631
0.788828611374,0.0367719307542,1.33511960506,0.016081225127,-0.0534193180501,0.562349557877,-0.825015664101
0.788583517075,0.0370666831732,1.33511722088,0.0160798151046,-0.053638022393,0.561132192612,-0.825829982758
0.788320362568,0.0368711054325,1.33511614799,0.0156283322722,-0.0536339133978,0.560231983662,-0.826449811459
0.788167178631,0.037573941052,1.3351572752,0.0159892011434,-0.0541185699403,0.55860042572,-0.827515006065
0.787928342819,0.0378711000085,1.3351982832,0.0160565990955,-0.0541314147413,0.557257652283,-0.82841771841
0.787755787373,0.0381512641907,1.33521687984,0.0159692205489,-0.0544675178826,0.555660963058,-0.829469203949
0.787582695484,0.0383979082108,1.33526444435,0.0160522684455,-0.0543350018561,0.554261445999,-0.830412149429
0.787331044674,0.0387165695429,1.33526790142,0.0160395968705,-0.0545908175409,0.552733898163,-0.831413209438
0.78713196516,0.0389430336654,1.33533775806,0.0159714482725,-0.0546238571405,0.551163673401,-0.832453966141
0.786820650101,0.0392284393311,1.33531999588,0.0157222095877,-0.0547410957515,0.549721777439,-0.833404004574
0.786690235138,0.039627417922,1.33555042744,0.0163244642317,-0.0550002008677,0.547725379467,-0.834688782692
0.786461830139,0.0398948639631,1.33559024334,0.0162964258343,-0.0551322437823,0.545877456665,-0.835890412331
0.786076307297,0.0400690585375,1.33557856083,0.0161559917033,-0.0554192885756,0.544580876827,-0.836719453335
0.785743653774,0.0405193120241,1.33560729027,0.0160404890776,-0.0556900799274,0.542979538441,-0.837743759155
0.785000860691,0.0410227701068,1.33524978161,0.0168294440955,-0.0580376014113,0.54113638401,-0.838760912418
0.785183191299,0.0410767011344,1.3357937336,0.0159657169133,-0.0560755617917,0.539252996445,-0.840123176575
0.784329414368,0.041511669755,1.33534479141,0.0166416801512,-0.0586090609431,0.537876665592,-0.840819060802
0.784028708935,0.0415172837675,1.33531165123,0.0164894405752,-0.0587350428104,0.536207318306,-0.841878890991
0.783568024635,0.0417010560632,1.33535170555,0.0165408439934,-0.0591078735888,0.534339606762,-0.843038499355
0.783159255981,0.0419508516788,1.33538770676,0.0164276920259,-0.0588545314968,0.531788408756,-0.844670057297
0.782794058323,0.0422791577876,1.33533716202,0.016484497115,-0.0598252229393,0.529809474945,-0.845843434334
0.78249168396,0.0425009205937,1.33542633057,0.0165080651641,-0.0598363950849,0.527823746204,-0.847082734108
0.782023966312,0.0428643301129,1.33542466164,0.0162412915379,-0.0605575181544,0.526101589203,-0.848107337952
0.781676471233,0.0430810451508,1.33549427986,0.0160925835371,-0.0610579065979,0.52437543869,-0.849142730236
0.781819701195,0.0431621521711,1.33603680134,0.0151152834296,-0.0595382638276,0.522010564804,-0.850724279881
0.781404018402,0.0432491749525,1.3360875845,0.014998473227,-0.059860303998,0.520389378071,-0.851696372032
0.780198037624,0.0437673777342,1.33544850349,0.0154059454799,-0.0623175613582,0.518212735653,-0.852839231491
0.78005117178,0.0438972637057,1.33566009998,0.0154574392363,-0.0620122179389,0.515983343124,-0.854211211205
0.779505074024,0.0442421585321,1.33559405804,0.0152685437351,-0.0625611096621,0.51388245821,-0.855440199375
0.779188394547,0.0445204153657,1.33562040329,0.0153595386073,-0.0627010017633,0.511694014072,-0.856739163399
0.779212296009,0.0444903224707,1.33611094952,0.0142608564347,-0.0607113800943,0.508788347244,-0.858629882336
0.778417050838,0.0448028929532,1.3358528614,0.0153135759756,-0.0624562986195,0.507083117962,-0.859494924545
0.777796149254,0.0449102818966,1.33564376831,0.0149845024571,-0.0630692690611,0.50552803278,-0.860371530056
0.777551352978,0.0452092550695,1.33570873737,0.0150477355346,-0.0631540343165,0.50288850069,-0.861909687519
0.777163088322,0.0452435277402,1.33575379848,0.0148877352476,-0.0631296858191,0.501186490059,-0.862905025482
0.776838839054,0.045441582799,1.33577156067,0.0151053732261,-0.0632845163345,0.498772859573,-0.864287316799
0.776359200478,0.0455271750689,1.33569407463,0.0150864636526,-0.0634081587195,0.497173547745,-0.865199565887
0.776505768299,0.0454894378781,1.33614289761,0.0143955014646,-0.0614425130188,0.495142579079,-0.866516828537
0.776120066643,0.0457877442241,1.3361287117,0.014315658249,-0.0615941807628,0.492662787437,-0.867919683456
0.775231897831,0.045889377594,1.33557403088,0.0154075110331,-0.0638499185443,0.49167817831,-0.868296265602
0.774945795536,0.0460268035531,1.33555841446,0.0156944133341,-0.0640172362328,0.489847719669,-0.869312763214
0.774616479874,0.046074192971,1.33552503586,0.0155480466783,-0.0642121508718,0.488064408302,-0.87030351162
0.774320423603,0.0461169034243,1.335516572,0.0155494119972,-0.0642355754972,0.486346364021,-0.871263086796
0.774049162865,0.0462709665298,1.33546721935,0.0157319474965,-0.0645908564329,0.484464854002,-0.872281134129
0.773652672768,0.0463528558612,1.3353587389,0.0161456186324,-0.0651590377092,0.483213752508,-0.872925043106
0.773304581642,0.0464534163475,1.33535420895,0.0160054247826,-0.0653002113104,0.481512993574,-0.873856365681
0.773006439209,0.0463260561228,1.33531987667,0.0161240976304,-0.0652575939894,0.480480253696,-0.874425649643
0.772683560848,0.0463309474289,1.3352650404,0.0162145495415,-0.0652820393443,0.479482412338,-0.874969780445
0.772419631481,0.0463018715382,1.33520019054,0.0162417273968,-0.0655946955085,0.478514552116,-0.875475525856
0.772119402885,0.0462280772626,1.33520364761,0.0162262283266,-0.0657075420022,0.477496594191,-0.876022994518
0.77185189724,0.0461489707232,1.33516383171,0.0161531139165,-0.065850764513,0.476812779903,-0.87638604641
0.771577835083,0.046101052314,1.3351380825,0.0161028150469,-0.0658331885934,0.476123839617,-0.87676268816
0.771283686161,0.0461112633348,1.33506810665,0.016245894134,-0.0660306736827,0.475511401892,-0.877077519894
0.771011054516,0.0460469871759,1.33501017094,0.0162460226566,-0.0661587789655,0.47502052784,-0.877333819866
0.771240115166,0.0458108447492,1.33549463749,0.0150911584496,-0.0640269815922,0.474464893341,-0.877813100815
0.771017432213,0.0455462485552,1.33546555042,0.0149864284322,-0.0641073733568,0.474001199007,-0.878059566021
0.770213127136,0.0458425804973,1.33487474918,0.0162699408829,-0.0666594207287,0.473931789398,-0.877884149551
0.769920051098,0.0456605926156,1.33486175537,0.016163058579,-0.0665580481291,0.474033683538,-0.877838790417
0.769698858261,0.0455508939922,1.33484625816,0.0160145461559,-0.066548474133,0.473933666945,-0.87789618969
0.769487321377,0.0454366020858,1.33483242989,0.0159315653145,-0.0664441138506,0.474043935537,-0.877846062183
0.769955337048,0.0451896861196,1.3353523016,0.0148927364498,-0.0640041008592,0.473553180695,-0.878310322762
0.769162654877,0.0451634153724,1.33476865292,0.0157417338341,-0.0661521106958,0.474366754293,-0.877697169781
0.768807709217,0.044991042465,1.33469545841,0.0154394963756,-0.0659839510918,0.475100278854,-0.877318322659
0.768687069416,0.0448637269437,1.33464217186,0.0151973348111,-0.0658704265952,0.475421518087,-0.877157092094
0.768556594849,0.0448440499604,1.33461952209,0.0151446349919,-0.0658606886864,0.47566485405,-0.877026796341
0.768399596214,0.0447017885745,1.33460628986,0.015223373659,-0.0659623965621,0.476401984692,-0.87661755085
0.768338143826,0.0443879403174,1.33467137814,0.0154991578311,-0.0658369362354,0.47706130147,-0.87626349926
0.768209755421,0.0442220978439,1.33462715149,0.0151534685865,-0.0657924637198,0.477748483419,-0.87589854002
0.76812428236,0.0440995953977,1.33460903168,0.0151605764404,-0.0658407881856,0.478345692158,-0.875568687916
0.768032491207,0.0439148060977,1.3345760107,0.0150304185227,-0.0657914206386,0.479125738144,-0.875148057938
0.768386363983,0.0433402359486,1.33508074284,0.0135466242209,-0.0631973966956,0.480335831642,-0.874700009823
0.768335461617,0.0432478487492,1.33504784107,0.0134276039898,-0.063136562705,0.481084376574,-0.874294757843
0.767711877823,0.0431736558676,1.33453953266,0.014309739694,-0.0651438683271,0.482680946589,-0.873252987862
0.76803869009,0.0427398979664,1.33492481709,0.0128841875121,-0.0629520043731,0.483604282141,-0.872924923897
0.768168509007,0.0425843112171,1.33491647243,0.0128430649638,-0.0627167895436,0.48418623209,-0.872619867325
0.768056929111,0.0422629676759,1.33497929573,0.0124926287681,-0.0620392672718,0.4856300354,-0.871870756149
0.767480552197,0.0422316230834,1.33445906639,0.0133978249505,-0.063934057951,0.487400054932,-0.870732009411
0.768058717251,0.041863899678,1.33500814438,0.0122973863035,-0.0610928684473,0.487767994404,-0.870746135712
0.767904877663,0.0415839217603,1.33498263359,0.012150965631,-0.0605958998203,0.489258110523,-0.869946599007
0.767804026604,0.0412481129169,1.33497214317,0.0116830859333,-0.0599683336914,0.490740865469,-0.869160950184
0.767096400261,0.0411280691624,1.33443343639,0.0123871453106,-0.0617533810437,0.492792487144,-0.867864370346
0.767133712769,0.041033603251,1.33436596394,0.0124587099999,-0.0615678951144,0.493523776531,-0.86746096611
0.767249047756,0.0408339239657,1.3343962431,0.0127718215808,-0.0609111301601,0.494656354189,-0.866857409477
0.76726013422,0.0406148210168,1.33438622952,0.0127491075546,-0.0604364126921,0.495866894722,-0.866199195385
0.767776608467,0.040229704231,1.33492851257,0.0116912228987,-0.0575853809714,0.496801763773,-0.865872561932
0.767649888992,0.039752934128,1.3349416256,0.0113040013239,-0.0568677745759,0.49850153923,-0.864947736263
0.767713010311,0.0396032184362,1.33492100239,0.0114043690264,-0.0564096905291,0.49989721179,-0.8641705513
0.76773250103,0.0393350422382,1.33495128155,0.0112640764564,-0.0559513755143,0.501389563084,-0.863337159157
0.767746150494,0.0390631444752,1.33497023582,0.0112338643521,-0.0554972477257,0.502877771854,-0.862500905991
0.767858803272,0.0388735979795,1.33497428894,0.0114419106394,-0.054959025234,0.504669904709,-0.861485302448
0.767792284489,0.038517113775,1.33496272564,0.0113322995603,-0.0546203888953,0.506508350372,-0.860428750515
0.767851173878,0.038103915751,1.33502972126,0.0111425826326,-0.0540730282664,0.508442819118,-0.859324038029
0.767862021923,0.0379093140364,1.33492541313,0.0112734101713,-0.0540010407567,0.510256409645,-0.858251273632
0.767600417137,0.0378173738718,1.33455646038,0.0123851066455,-0.0556338615716,0.51233881712,-0.856890022755
0.768140375614,0.0373744890094,1.33500468731,0.0113691603765,-0.053304169327,0.513564705849,-0.856318116188
0.767783582211,0.0371684581041,1.33452737331,0.0124178007245,-0.0548686757684,0.516198992729,-0.854619145393
0.767765045166,0.0369069389999,1.33447682858,0.0123701039702,-0.0547414310277,0.518101930618,-0.853475689888
0.768392980099,0.0363958850503,1.33495914936,0.0112929809839,-0.0523458719254,0.519448161125,-0.852822422981
0.76793640852,0.0362006053329,1.33434796333,0.0121608357877,-0.0542207099497,0.522016584873,-0.851123392582
0.768560171127,0.0354089550674,1.33480417728,0.0111485579982,-0.0516698732972,0.523614883423,-0.850313723087
0.76865696907,0.0353914611042,1.33482849598,0.0110740251839,-0.0514083914459,0.525226175785,-0.849336266518
0.768231093884,0.0352469570935,1.33426475525,0.0120253013447,-0.0530215799809,0.527847886086,-0.847597122192
0.768374860287,0.034755770117,1.33419537544,0.0120263230056,-0.0529304966331,0.529938519001,-0.846297204494
0.768490374088,0.0345649458468,1.33432292938,0.012182848528,-0.0525463595986,0.531548380852,-0.845308661461
0.768539786339,0.034296028316,1.33425176144,0.0122144706547,-0.0523341037333,0.53380215168,-0.843900024891
0.768675386906,0.0340975560248,1.33436381817,0.0122909639031,-0.0518615543842,0.535558581352,-0.842814564705
0.768783211708,0.0336297228932,1.33421623707,0.0123363370076,-0.0519444420934,0.537478506565,-0.841585755348
0.768897235394,0.0332780592144,1.33418166637,0.0124058574438,-0.0516624413431,0.539907217026,-0.840046048164
0.769361436367,0.0326264947653,1.33469307423,0.0115049853921,-0.0492687933147,0.541766524315,-0.839004933834
0.769588470459,0.0324639864266,1.33439719677,0.0120976064354,-0.0501406677067,0.543478488922,-0.837836921215
0.769621133804,0.0320655070245,1.33435547352,0.0120898857713,-0.0499399080873,0.545838594437,-0.836313426495
0.769648790359,0.0317492596805,1.33428013325,0.0120890121907,-0.049944780767,0.548062264919,-0.834857583046
0.769856989384,0.031542532146,1.33438110352,0.0126068089157,-0.0496219955385,0.550066769123,-0.83354985714
0.76991212368,0.0305467881262,1.33421468735,0.0121384542435,-0.0495721437037,0.552892744541,-0.831687986851
0.769887149334,0.0302873756737,1.33405447006,0.0123658385128,-0.0498935617507,0.55523455143,-0.830103874207
0.769762396812,0.0304530411959,1.33386933804,0.0130268950015,-0.0510146394372,0.55710041523,-0.828774452209
0.769899606705,0.0301247499883,1.33388745785,0.0128224473447,-0.0510171800852,0.559211671352,-0.827354311943
0.77006238699,0.0292639043182,1.33398151398,0.0120520358905,-0.0498588569462,0.561740934849,-0.825721502304
0.770155727863,0.0289406515658,1.33395171165,0.0120468065143,-0.0496417582035,0.563902199268,-0.824260175228
0.770021677017,0.029142614454,1.33373188972,0.0125678814948,-0.0509599335492,0.56590628624,-0.822797238827
0.770170271397,0.0282765645534,1.33379292488,0.012179476209,-0.0498907640576,0.568315684795,-0.821206390858
0.770259976387,0.0280131325126,1.33386802673,0.0123117258772,-0.0495956763625,0.570435225964,-0.819751441479
0.770218491554,0.028202380985,1.33363652229,0.012701923959,-0.0507992208004,0.572099804878,-0.818510770798
0.770415723324,0.0273484289646,1.33371913433,0.012091611512,-0.0495267100632,0.574657857418,-0.816804289818
0.770460784435,0.0270310081542,1.33365631104,0.0120189050213,-0.0495991446078,0.576727211475,-0.815341114998
0.770394861698,0.0267492718995,1.33355474472,0.011899615638,-0.0496006943285,0.579115211964,-0.813648462296
0.770482540131,0.026472389698,1.33350765705,0.0119108539075,-0.0495095737278,0.581433594227,-0.811998665333
0.770478367805,0.0268696453422,1.33346533775,0.0125124044716,-0.0502528995275,0.582829773426,-0.810942351818
0.770633637905,0.0267398506403,1.33325326443,0.0128576280549,-0.0510010048747,0.584721922874,-0.809527039528
0.770092487335,0.0259090252221,1.33354783058,0.0139518687502,-0.0508966334164,0.588259756565,-0.806948184967
0.770011901855,0.0254636518657,1.33351027966,0.0140566239133,-0.0508280396461,0.590308964252,-0.805452883244
0.770355522633,0.025743111968,1.33328008652,0.0122579168528,-0.0499185472727,0.59177750349,-0.804460942745
0.770539581776,0.025908600539,1.33312046528,0.0128235034645,-0.0508170090616,0.593077003956,-0.803438186646
0.770373225212,0.0254437830299,1.33328747749,0.0122621273622,-0.0495642907917,0.595683038235,-0.801595151424
0.770706355572,0.0255772359669,1.33310735226,0.0119495242834,-0.0497697517276,0.597109973431,-0.800524771214
0.770743906498,0.0254328008741,1.33317685127,0.0124719981104,-0.0498824566603,0.598671913147,-0.79934233427
0.770729124546,0.0252681504935,1.33318519592,0.0123273376375,-0.049659665674,0.600669980049,-0.797858119011
0.770339608192,0.0245483852923,1.33344805241,0.0129980556667,-0.0487557984889,0.603955626488,-0.795419096947
0.770324230194,0.0246781483293,1.33338439465,0.0125331301242,-0.0482610762119,0.605573534966,-0.794225752354
0.770332753658,0.0246434025466,1.3333619833,0.0126547245309,-0.0481040477753,0.607817292213,-0.792517542839
0.770285308361,0.0245572067797,1.33339083195,0.012726360932,-0.0476940684021,0.609679877758,-0.791109204292
0.77027875185,0.0245560258627,1.33338832855,0.0130865229294,-0.0474611632526,0.611698865891,-0.789557278156
0.770195662975,0.0245701204985,1.33328807354,0.0128902317956,-0.0471774078906,0.613855838776,-0.787901818752
0.770137429237,0.024495517835,1.33325147629,0.0129564339295,-0.0468758195639,0.615992844105,-0.786249101162
0.770152747631,0.0246767029166,1.33336472511,0.0135674420744,-0.0464109256864,0.617999911308,-0.78468978405
0.770007252693,0.024440754205,1.33334743977,0.0137305827811,-0.0461831726134,0.620372593403,-0.782825887203
0.770033419132,0.0246307570487,1.33324480057,0.0136697953567,-0.0453836135566,0.622152447701,-0.781460046768
0.769993960857,0.0247019249946,1.33325457573,0.0138034708798,-0.0449556969106,0.624162495136,-0.779878079891
0.770006775856,0.0249912440777,1.33293390274,0.0141931399703,-0.045332506299,0.625875234604,-0.778475284576
0.769847691059,0.024631947279,1.33328998089,0.0148799950257,-0.0435405261815,0.628373861313,-0.776549518108
0.769705712795,0.0248765684664,1.33324348927,0.0155482776463,-0.0434832535684,0.630216777325,-0.775044679642
0.769747555256,0.0252436473966,1.3332760334,0.0153701184317,-0.0423839651048,0.631722390652,-0.773882627487
0.769675135612,0.0252602957189,1.33350729942,0.0168784484267,-0.0418065525591,0.633571326733,-0.77236956358
0.769782006741,0.0256103966385,1.3333799839,0.015666378662,-0.0399268679321,0.635415315628,-0.770978450775
0.769742786884,0.0257014278322,1.33339643478,0.0166206769645,-0.0396322533488,0.637102723122,-0.76957988739
0.769629299641,0.0261903777719,1.3334813118,0.0180925354362,-0.0395917035639,0.638867020607,-0.768084704876
0.769566357136,0.0268434826285,1.3331284523,0.0169459991157,-0.0388304851949,0.640509724617,-0.766780436039
0.769517481327,0.02726059407,1.33319354057,0.0178730003536,-0.0383211672306,0.642324447632,-0.765265643597
0.769426822662,0.0275048967451,1.33308315277,0.0186867900193,-0.0378210768104,0.644124984741,-0.763756155968
0.769519805908,0.0282365679741,1.33301818371,0.0184409990907,-0.036796413362,0.64564293623,-0.762529551983
0.769506692886,0.0287579856813,1.33304655552,0.0197040475905,-0.0360536538064,0.647219717503,-0.761195540428
0.769409716129,0.0294061917812,1.33291935921,0.0200292281806,-0.035373903811,0.648832082748,-0.759845018387
0.769522547722,0.0299601554871,1.3329474926,0.0206421967596,-0.034440562129,0.650233447552,-0.758672714233
0.769541919231,0.0305065903813,1.33282697201,0.0215634815395,-0.0337759330869,0.65214151144,-0.757037460804
0.769533097744,0.0311871860176,1.33249759674,0.0203623659909,-0.0328091010451,0.653469443321,-0.755967378616
0.769581794739,0.0317362882197,1.33267319202,0.0227409433573,-0.0326481498778,0.655283093452,-0.754334926605
0.769496321678,0.0324064418674,1.3325111866,0.0226374249905,-0.0321174710989,0.656509816647,-0.753293454647
0.769691586494,0.0330284312367,1.33251214027,0.0236226338893,-0.03128618747,0.658135831356,-0.751877903938
0.769618332386,0.0338099300861,1.33220720291,0.0257440619171,-0.0330248139799,0.659205079079,-0.750796496868
0.769980669022,0.0346149727702,1.33209657669,0.0249522384256,-0.0312162525952,0.660485386848,-0.749774575233
0.769754946232,0.0348235666752,1.33225083351,0.0253076236695,-0.0299094989896,0.662500321865,-0.748036324978
0.769757926464,0.0356306061149,1.33203423023,0.0254641324282,-0.0296292640269,0.663903653622,-0.746796965599
0.769736766815,0.0360266789794,1.3321390152,0.0276473108679,-0.0298341605812,0.665283679962,-0.745481967926
0.769833743572,0.03671515733,1.33187699318,0.0269511044025,-0.029055967927,0.666293978691,-0.744635522366
0.77008587122,0.0374598428607,1.33189630508,0.0270198099315,-0.0276901293546,0.667459070683,-0.743640780449
0.770124554634,0.0380676165223,1.33184576035,0.0274268947542,-0.027261743322,0.668355286121,-0.742836296558
0.770184576511,0.0386903397739,1.33177757263,0.0281443744898,-0.0267327129841,0.669546604156,-0.741755127907
0.770184099674,0.0393172986805,1.33158385754,0.0284297373146,-0.0263150781393,0.670715153217,-0.740702807903
0.770110309124,0.0399089679122,1.33135056496,0.028837678954,-0.0261389166117,0.671929299831,-0.739591836929
0.77035343647,0.0405749306083,1.33137893677,0.0299041420221,-0.0253700260073,0.672533392906,-0.73902708292
0.770300745964,0.0411076322198,1.33116948605,0.0302718598396,-0.0249399412423,0.673601388931,-0.738053560257
0.770242989063,0.0414319187403,1.33119690418,0.0325288958848,-0.025223556906,0.674458146095,-0.737164795399
0.770666241646,0.0421522147954,1.33112466335,0.0320111997426,-0.0236359350383,0.674606382847,-0.737104356289
0.770775556564,0.0427917651832,1.33098983765,0.03291509673,-0.0228748396039,0.675472021103,-0.736295342445
0.770844638348,0.0434799417853,1.33083772659,0.0333067849278,-0.0225878693163,0.67579048872,-0.735994398594
0.770966172218,0.0440286658704,1.33070373535,0.0340838991106,-0.0217362903059,0.676315307617,-0.735502064228
0.771126747131,0.0444762744009,1.33065962791,0.0351408347487,-0.0210848692805,0.676718354225,-0.735100567341
0.771201431751,0.0449658036232,1.33056521416,0.0356216318905,-0.0205353312194,0.677159070969,-0.734687149525
0.771305680275,0.0456990115345,1.33040308952,0.036483142525,-0.019651144743,0.677745521069,-0.734127998352
0.771555900574,0.0464247092605,1.33031654358,0.0370830707252,-0.0190828666091,0.677988231182,-0.733888804913
0.771602451801,0.046789791435,1.3302257061,0.0378724932671,-0.0185659006238,0.678384006023,-0.733495891094
0.771660804749,0.0472772791982,1.33006310463,0.0388469211757,-0.018068972975,0.67901301384,-0.73287498951
0.771776616573,0.0479914024472,1.32998359203,0.039434440434,-0.0175131354481,0.679106295109,-0.732770740986
0.771865606308,0.048626434058,1.32983899117,0.0399705059826,-0.0170541368425,0.679486215115,-0.732400119305
0.771993875504,0.0490949079394,1.32972419262,0.0408056378365,-0.0163767933846,0.67970341444,-0.732168018818
0.772067368031,0.0496295951307,1.32966506481,0.0413037613034,-0.0159079357982,0.679895102978,-0.731972455978
0.772142648697,0.0503252409399,1.32952260971,0.0418356657028,-0.0152981560677,0.680116653442,-0.731749355793
0.772285163403,0.0509057603776,1.32942926884,0.0427035875618,-0.0146230356768,0.680379033089,-0.731469035149
0.772787928581,0.0518140345812,1.32934498787,0.0435925461352,-0.0146578280255,0.679687201977,-0.732058763504
0.772702634335,0.0519783981144,1.32950365543,0.0436705350876,-0.0126902749762,0.680482268333,-0.731352090836
0.772837102413,0.0525522232056,1.32937836647,0.0440678820014,-0.0121751362458,0.68055331707,-0.731270849705
0.772902011871,0.0533559657633,1.32927954197,0.0447297729552,-0.0118168806657,0.680685818195,-0.731113255024
0.772889554501,0.0536448806524,1.3291374445,0.045347828418,-0.0116017647088,0.681010186672,-0.730776429176
0.772570133209,0.0537977218628,1.32906341553,0.0479503013194,-0.0129047948867,0.681537151337,-0.730096995831
0.772745549679,0.0546071827412,1.32882034779,0.0468481332064,-0.0116556668654,0.681451201439,-0.730269551277
0.77279907465,0.0552968531847,1.32875216007,0.0473551154137,-0.0113557428122,0.681408107281,-0.730281829834
0.772904396057,0.055952809751,1.32864296436,0.047831710428,-0.0109710991383,0.681349337101,-0.730311512947
0.772960364819,0.0564003810287,1.32859420776,0.0481744557619,-0.0107692014426,0.68115645647,-0.730472028255
0.773079037666,0.0568746328354,1.3285779953,0.0488112792373,-0.0102856466547,0.681024491787,-0.730559587479
0.772905826569,0.0575245730579,1.32834529877,0.048840623349,-0.0100619476289,0.681198716164,-0.730398416519
0.772874891758,0.0578926876187,1.32832610607,0.0493044704199,-0.00974732544273,0.680759370327,-0.730781018734
0.772881686687,0.0583530925214,1.32824587822,0.0497948676348,-0.00925085879862,0.680724143982,-0.730786979198
0.772850215435,0.0588822737336,1.32817971706,0.0500702261925,-0.00887850020081,0.680663585663,-0.730829179287
0.773116767406,0.0592454299331,1.32835316658,0.0503162257373,-0.00744208320975,0.679989635944,-0.731455504894
0.772969245911,0.059722173959,1.32810854912,0.0511092543602,-0.00777041073889,0.680051326752,-0.731339633465
0.772938191891,0.0602421760559,1.32802283764,0.0513317659497,-0.00749804778025,0.679709017277,-0.731645107269
0.772860765457,0.060699030757,1.32798135281,0.0515992939472,-0.00706355739385,0.679260015488,-0.732047438622
0.772821962833,0.0611795298755,1.32795131207,0.0517731420696,-0.00674355216324,0.678895294666,-0.732376515865
0.772738099098,0.0616660937667,1.32785248756,0.0522259473801,-0.00658958777785,0.678949296474,-0.732295751572
0.772643208504,0.0621085427701,1.32780706882,0.0524782054126,-0.00620705448091,0.678646802902,-0.732561349869
0.772414207458,0.0626796036959,1.32767963409,0.0523389540613,-0.00597462803125,0.678502142429,-0.732707321644
0.772324502468,0.0630032271147,1.32786023617,0.0546413771808,-0.00650761276484,0.678214967251,-0.732800424099
0.772274494171,0.0635212138295,1.32789063454,0.054610658437,-0.00584410270676,0.677731513977,-0.733255445957
0.772153437138,0.0640698000789,1.32764947414,0.0530870035291,-0.00497754849494,0.677610218525,-0.733485877514
0.772382318974,0.0643775165081,1.32793962955,0.053352650255,-0.00351193058304,0.676724016666,-0.734292864799
0.772304415703,0.0648850947618,1.32788002491,0.0537083595991,-0.00312838982791,0.67662358284,-0.734361112118
0.771927535534,0.0652210116386,1.32771444321,0.0545711256564,-0.00418670848012,0.676525831223,-0.734382212162
0.771814346313,0.0658573210239,1.32768130302,0.0545686855912,-0.00366020435467,0.676280021667,-0.734611690044
0.77177888155,0.0662425085902,1.32769572735,0.0549558512866,-0.00316680199467,0.676026284695,-0.734818577766
0.771616756916,0.0663891434669,1.32776999474,0.0560068115592,-0.00311467517167,0.675908267498,-0.734848022461
0.77149528265,0.066895544529,1.32775962353,0.0559728853405,-0.00285045569763,0.675662398338,-0.735077679157
0.771355986595,0.0675586014986,1.32762229443,0.0552496612072,-0.00232184119523,0.675467014313,-0.73531383276
0.771276116371,0.0680373236537,1.32752788067,0.0553361959755,-0.00178493978456,0.675352692604,-0.735413789749
0.771184384823,0.0684609264135,1.32748568058,0.0553915239871,-0.00158970791381,0.675207197666,-0.735543727875
0.771156549454,0.0688394531608,1.32752203941,0.0556570105255,-0.00113252492156,0.674883306026,-0.735821545124
0.771020531654,0.0689829289913,1.32760572433,0.0566086508334,-0.00121983280405,0.674754619598,-0.735867083073
0.770905375481,0.0695498809218,1.32742524147,0.0561077184975,-0.000498147215694,0.674874067307,-0.735796570778
0.77083158493,0.069990567863,1.32741141319,0.0562525875866,1.18339294204e-05,0.674644351006,-0.735996365547
0.77081733942,0.0703444927931,1.32756602764,0.0570870712399,0.000174085944309,0.674439489841,-0.736119866371
0.770729780197,0.0706916078925,1.32758867741,0.0572391822934,0.000428168481449,0.674358844757,-0.736181855202
0.770619511604,0.0709939971566,1.32756257057,0.0572757273912,0.000806013587862,0.674202680588,-0.736321747303
0.770496189594,0.0715507417917,1.32739579678,0.056443925947,0.00132888229564,0.674218654633,-0.736370682716
0.770542323589,0.0717984512448,1.32756853104,0.0574110113084,0.00156962999608,0.673821568489,-0.736658751965
0.770457029343,0.0722087994218,1.32757854462,0.0575309991837,0.00186883239076,0.673720896244,-0.736740708351
0.770366847515,0.0724912583828,1.32755076885,0.057501219213,0.00202775327489,0.673544824123,-0.736903548241
0.77024513483,0.0730005949736,1.32737112045,0.0568331778049,0.00251993304119,0.673568487167,-0.736932218075
0.770182669163,0.073413670063,1.3274037838,0.0570287927985,0.00291399960406,0.67351102829,-0.73696833849
0.770242094994,0.0737954080105,1.32719135284,0.0578203015029,0.00191858469043,0.673257112503,-0.737141907215
0.770000636578,0.0738652274013,1.32743144035,0.057936232537,0.00297437561676,0.673462092876,-0.736941933632
0.769966959953,0.0744021087885,1.32733821869,0.0573762618005,0.00346148735844,0.673343479633,-0.737091958523
0.769910275936,0.0748061016202,1.32733917236,0.0574183091521,0.00376289268024,0.673229396343,-0.737191438675
0.76981395483,0.0751753821969,1.32728385925,0.0573881901801,0.00397772528231,0.673175752163,-0.737241625786
0.769722938538,0.075593739748,1.3272176981,0.0574521794915,0.00411196472123,0.672898709774,-0.737488746643
0.769674599171,0.0759022980928,1.32723498344,0.0575573630631,0.00452404655516,0.67280548811,-0.737563252449
0.769786775112,0.0762347206473,1.32740581036,0.0572306066751,0.00569592043757,0.672477066517,-0.737880051136
0.769771277905,0.076250679791,1.327480793,0.0572493709624,0.00623094802722,0.672404766083,-0.737940013409
0.76975530386,0.0765836536884,1.32747781277,0.0573514699936,0.00655269250274,0.672127485275,-0.738181889057
0.769824922085,0.0770607292652,1.32749247551,0.0575454644859,0.00687064835802,0.671932220459,-0.73834168911
0.769660949707,0.0771219953895,1.3273409605,0.0578972138464,0.00607751589268,0.67189180851,-0.738357961178
0.769544422626,0.0775445997715,1.32724869251,0.0580093637109,0.00620093755424,0.672115564346,-0.73814445734
0.769644200802,0.0778757184744,1.32733249664,0.0581961087883,0.00655715120956,0.671821773052,-0.738394081593
0.769529759884,0.0781109333038,1.32730817795,0.0581007003784,0.00652517424896,0.671828866005,-0.73839533329
0.769744277,0.0786336511374,1.32717168331,0.0586744695902,0.00578962638974,0.671246230602,-0.738885998726
0.769687473774,0.0788089409471,1.32712483406,0.0588452592492,0.00588116934523,0.671311616898,-0.73881226778
0.76968562603,0.0790834575891,1.32711362839,0.0589856207371,0.006122674793,0.671155869961,-0.738940536976
0.769692420959,0.0794118791819,1.32708013058,0.0589538179338,0.0063743959181,0.671162724495,-0.738934755325
0.769515872002,0.0794383883476,1.32727730274,0.058528482914,0.00739887868986,0.67137748003,-0.738763749599
0.769674599171,0.0799130499363,1.32744455338,0.0582111626863,0.00847039092332,0.671003758907,-0.73911690712
0.769776642323,0.0801262557507,1.32750535011,0.0584371872246,0.0087317628786,0.670734286308,-0.739340484142
0.769670188427,0.0805485248566,1.32737827301,0.05813074857,0.00886131264269,0.670817553997,-0.739287614822
0.769595563412,0.0807475522161,1.32731294632,0.0582531988621,0.00905697140843,0.671003460884,-0.739107012749
0.769784510136,0.0810018405318,1.32739162445,0.0591308474541,0.00888798292726,0.670545458794,-0.739454984665
0.769730985165,0.0811972096562,1.32735407352,0.0592040605843,0.0090166805312,0.670537292957,-0.739454805851
0.769702255726,0.0814447402954,1.32731235027,0.059026800096,0.00928778201342,0.670542299747,-0.739461064339
0.769801735878,0.0818098410964,1.32732486725,0.059240590781,0.00951972138137,0.670233368874,-0.739721119404
0.769708931446,0.0818429142237,1.32722091675,0.0592817626894,0.00969245936722,0.670619785786,-0.739365279675
0.769852519035,0.0821637138724,1.32727992535,0.0594792254269,0.0100181382149,0.670328855515,-0.739608645439
0.769816339016,0.0823945105076,1.32728266716,0.0595339313149,0.0102355638519,0.670408666134,-0.739529073238
0.769858717918,0.0827107056975,1.32726347446,0.0595463886857,0.0105004599318,0.6704018116,-0.73953050375
0.76988786459,0.0829418599606,1.32725977898,0.0596138648689,0.0106224315241,0.670369386673,-0.739552855492
0.769978582859,0.0831648856401,1.32731175423,0.0599008090794,0.0107640083879,0.670247256756,-0.739638268948
0.770133852959,0.0836616382003,1.32710564137,0.0600951462984,0.0101111428812,0.669927716255,-0.739921152592
0.770083904266,0.0837016329169,1.3273422718,0.0600932016969,0.0110199889168,0.670131325722,-0.739723920822
0.770222306252,0.0839467346668,1.32753038406,0.0595946907997,0.0122544271871,0.670046389103,-0.739821732044
0.770275771618,0.084147259593,1.32758665085,0.05968567729,0.0125795248896,0.669998466969,-0.739852309227
0.770293354988,0.0843955203891,1.32763624191,0.0597582235932,0.012898770161,0.670065462589,-0.739780247211
0.770367860794,0.0846576094627,1.32781434059,0.0606848970056,0.0130134541541,0.670002937317,-0.73975944519
0.770440161228,0.0848425924778,1.32783818245,0.0607866942883,0.0132435439155,0.669944226742,-0.739800155163
0.77047008276,0.0850536525249,1.32785785198,0.0609128549695,0.0134658627212,0.669978141785,-0.739755034447
0.770540416241,0.0852518305182,1.32789206505,0.0609117038548,0.0137555748224,0.669934034348,-0.739789783955
0.770521104336,0.0855553224683,1.32775866985,0.0613761469722,0.0130811706185,0.669986784458,-0.7397159338
0.770629942417,0.0857305824757,1.32757604122,0.0618292875588,0.0123053565621,0.669907033443,-0.73976367712
0.770689368248,0.0859284922481,1.32759201527,0.0620384849608,0.0125830769539,0.670104801655,-0.739562273026
0.770781815052,0.0862023532391,1.32760000229,0.0621289722621,0.0129261892289,0.670222043991,-0.739442586899
0.770764350891,0.0861535668373,1.32782530785,0.0617632195354,0.0140051674098,0.670695245266,-0.739024460316
0.770736277103,0.0862819999456,1.32780206203,0.0618299171329,0.0139991808683,0.670940220356,-0.738796532154
0.77077126503,0.0864662006497,1.32783448696,0.0619646422565,0.014127179049,0.670999825001,-0.738728642464
0.770829021931,0.0866427272558,1.32787704468,0.0619956105947,0.0142911346629,0.671063244343,-0.738665342331
0.770883262157,0.0867864191532,1.32790708542,0.0622110962868,0.0144105227664,0.671049177647,-0.738657593727
0.770962655544,0.0869554877281,1.3279466629,0.0623557716608,0.0144804921001,0.671087265015,-0.738609552383
0.770897209644,0.0873844474554,1.32788670063,0.0621798820794,0.0145240696147,0.671330273151,-0.738402605057
0.770984470844,0.0875851213932,1.32788622379,0.0624387636781,0.0146068837494,0.671482205391,-0.73824095726
0.771237015724,0.0877410769463,1.3280980587,0.0629862174392,0.0149193508551,0.671150147915,-0.73849016428
0.771439194679,0.0878226608038,1.32828521729,0.0627008154988,0.0157172419131,0.671073138714,-0.738567829132
0.771534979343,0.0879565477371,1.32833015919,0.0627200007439,0.0159498378634,0.671016335487,-0.738612771034
0.771610319614,0.0880996510386,1.3283598423,0.0628027915955,0.0160773806274,0.670984327793,-0.738632023335
0.771676361561,0.088250592351,1.32840323448,0.0627901405096,0.0162797253579,0.670925140381,-0.738682568073
0.771574258804,0.0883586257696,1.32823979855,0.0631624311209,0.0154643664137,0.671167135239,-0.738448441029
0.77178299427,0.0886731520295,1.32809984684,0.0635569170117,0.0148057052866,0.67084556818,-0.738720178604
0.77183675766,0.0888023227453,1.32812011242,0.0634762495756,0.0149253057316,0.670974731445,-0.738607466221
0.771887362003,0.088903605938,1.32814800739,0.0635294467211,0.0150184221566,0.671069502831,-0.738514959812
0.771968007088,0.0890227258205,1.32816851139,0.0635799393058,0.0150747681037,0.67114675045,-0.738439142704
0.771974205971,0.0889636874199,1.3284034729,0.0635060071945,0.0162676777691,0.671625435352,-0.737984955311
0.771998822689,0.0890619158745,1.32843255997,0.0635108724236,0.0163296554238,0.671841681004,-0.73778629303
0.772058904171,0.0891379117966,1.32846617699,0.0635575279593,0.0163816325366,0.672048985958,-0.737592339516
0.772131681442,0.0892123132944,1.32849526405,0.0636346116662,0.0163647588342,0.672233581543,-0.737417697906
0.772138893604,0.0892165228724,1.32849788666,0.0636859759688,0.0162611044943,0.672594964504,-0.737085998058
0.77225869894,0.0892983227968,1.32853007317,0.0638255253434,0.0161392204463,0.672942698002,-0.736759066582
0.772374153137,0.0893753767014,1.32856094837,0.0639604106545,0.0159997753799,0.673140347004,-0.736569821835
0.772512733936,0.0894438028336,1.32858502865,0.0642125084996,0.0160182546824,0.673489451408,-0.73622828722
0.772689819336,0.0895425528288,1.32862508297,0.0643358975649,0.0158890448511,0.673606693745,-0.736113190651
0.772892951965,0.0896389856935,1.3286434412,0.0645480230451,0.0157744381577,0.673584878445,-0.736116886139
0.773214101791,0.0897463411093,1.32884013653,0.0643318295479,0.0166266430169,0.673642933369,-0.736064076424
0.773367404938,0.0900353044271,1.32847976685,0.0651461556554,0.0148456739262,0.673628270626,-0.736043930054
0.773528218269,0.0900999754667,1.32849037647,0.0654876306653,0.0150251993909,0.673936486244,-0.735727727413
0.773498654366,0.0899084210396,1.32865285873,0.0651924014091,0.0158567652106,0.67450350523,-0.735216796398
0.773632705212,0.0899080857635,1.32863020897,0.0652138665318,0.0157525893301,0.67477273941,-0.734969973564
0.773633778095,0.0899460762739,1.32856547832,0.0654496327043,0.0155200762674,0.675080120564,-0.734671533108
0.773802042007,0.0900035947561,1.32859325409,0.0654606297612,0.015518729575,0.675400078297,-0.734376490116
0.773818433285,0.0902986675501,1.32848072052,0.064993314445,0.0155640617013,0.675796687603,-0.734052121639
0.773973047733,0.09032972157,1.32850944996,0.0650130137801,0.015575629659,0.675970494747,-0.73389005661
0.774173736572,0.0903766080737,1.32856822014,0.0648203343153,0.0157858096063,0.676102101803,-0.733781516552
0.774323046207,0.0904017090797,1.32859611511,0.0648708418012,0.0158327128738,0.676269710064,-0.733621418476
0.77431589365,0.0905011743307,1.3285214901,0.0649083331227,0.0153653696179,0.676708698273,-0.73322314024
0.774609804153,0.0905517935753,1.32869255543,0.0647178739309,0.0162395685911,0.67704385519,-0.732911884785
0.774717390537,0.0903869122267,1.32859754562,0.0650985315442,0.0153952101246,0.677295506001,-0.732663631439
0.775008678436,0.0904897302389,1.32874274254,0.0648768544197,0.0157242380083,0.677278459072,-0.732692182064
0.77507174015,0.0904511660337,1.32875943184,0.064956240356,0.0154615873471,0.677542150021,-0.732446789742
0.775113165379,0.090304300189,1.32875776291,0.0647492781281,0.0154294073582,0.677910029888,-0.732125282288
0.775224149227,0.0902581959963,1.32878267765,0.0646557882428,0.0154788261279,0.678199648857,-0.731864213943
0.775329649448,0.0902208685875,1.32880675793,0.0644625127316,0.0155978100374,0.678373873234,-0.731717288494
0.775545120239,0.0902642607689,1.32889330387,0.0642477422953,0.0159336589277,0.678349852562,-0.731751263142
0.775681853294,0.090198174119,1.3288885355,0.0639892071486,0.0161114577204,0.678407251835,-0.731716752052
0.775882065296,0.0903662592173,1.32866883278,0.0641775280237,0.0151956779882,0.678295791149,-0.731823265553
0.776189267635,0.0903469622135,1.32889664173,0.0635119825602,0.0163762290031,0.678185105324,-0.731958389282
0.77617752552,0.0902644619346,1.32874417305,0.0636126697063,0.015545126982,0.6784760952,-0.731698036194
0.776196181774,0.090164527297,1.3287153244,0.0635895580053,0.0153863690794,0.678687572479,-0.731507241726
0.776307821274,0.0901070088148,1.32876265049,0.0634520426393,0.0156335197389,0.678945481777,-0.731274545193
0.776411354542,0.0900254249573,1.32879364491,0.0632608830929,0.0157446302474,0.679082989693,-0.731161117554
0.776501178741,0.0899620428681,1.32884895802,0.0630542039871,0.0158784613013,0.679256796837,-0.731014668941
0.776402950287,0.089705452323,1.32906925678,0.0626054853201,0.0167708285153,0.679816663265,-0.730512678623
0.776579618454,0.0893524885178,1.32924079895,0.0626892670989,0.0170425921679,0.679837107658,-0.730480194092
0.776694536209,0.0893125236034,1.32931995392,0.0623314864933,0.0172104742378,0.680069863796,-0.73029011488
0.776815354824,0.089267089963,1.32935881615,0.062193673104,0.0172117203474,0.680142521858,-0.730234146118
0.776862978935,0.0891619175673,1.32945036888,0.0620307810605,0.0174792651087,0.680348336697,-0.730049908161
0.776932477951,0.0891050025821,1.32949829102,0.0618917569518,0.017590707168,0.680689811707,-0.729740679264
0.777003347874,0.0890404134989,1.3295583725,0.0616630800068,0.0176502354443,0.680838704109,-0.72961974144
0.777078568935,0.0889787748456,1.32960224152,0.0617002025247,0.017939729616,0.681190311909,-0.729281187057
0.777149498463,0.0889375060797,1.32965135574,0.0615034550428,0.0180449280888,0.681386053562,-0.729112327099
0.777246534824,0.0891061574221,1.3297688961,0.0613924004138,0.0184211824089,0.681468725204,-0.729035139084
0.777259707451,0.088803216815,1.32977068424,0.0611377581954,0.0184870976955,0.681782305241,-0.728761613369
0.777307271957,0.0886906012893,1.32984423637,0.0608869493008,0.0187323838472,0.682048201561,-0.728527545929
0.777369141579,0.0886224359274,1.32990098,0.0606961585581,0.0188149958849,0.682466685772,-0.728149235249
0.777443945408,0.08857165277,1.32996320724,0.0603728182614,0.0190480574965,0.682731688023,-0.727921545506
0.777507722378,0.0884951651096,1.33003365993,0.0601726844907,0.0191695261747,0.683018863201,-0.727665483952
0.777561187744,0.0884236097336,1.3301025629,0.0599350817502,0.0192888751626,0.683374226093,-0.727348268032
0.777604281902,0.0883693695068,1.33016359806,0.0597405396402,0.0193555727601,0.683729767799,-0.727028310299
0.777648091316,0.0882853865623,1.33023023605,0.0594664439559,0.0193264037371,0.684077680111,-0.726724147797
0.777696669102,0.0882127135992,1.33030068874,0.0593059174716,0.0194133669138,0.684518039227,-0.726320147514
0.777636110783,0.0883364379406,1.33027470112,0.0586135275662,0.0195364113897,0.684982538223,-0.725935101509
0.777718126774,0.0882850214839,1.3303732872,0.0583089664578,0.0195747166872,0.685248434544,-0.72570759058
0.777697384357,0.0882142037153,1.33042430878,0.0579866096377,0.0195424184203,0.685569882393,-0.725430727005
0.777727365494,0.0881231278181,1.33052396774,0.0578053146601,0.0197148602456,0.685671806335,-0.725344061852
0.777757585049,0.0880302712321,1.33063471317,0.0573999583721,0.0197443403304,0.685862421989,-0.725195407867
0.777804017067,0.0879635065794,1.33075165749,0.0570142604411,0.0197229832411,0.686152517796,-0.724951803684
0.777815103531,0.0879173502326,1.33084404469,0.0566230788827,0.0195769555867,0.686401605606,-0.724750518799
0.77783626318,0.0878729373217,1.33092939854,0.0563247874379,0.0194443296641,0.686607658863,-0.724582314491
0.77788066864,0.0878508985043,1.33101224899,0.0558768622577,0.0193633530289,0.686914205551,-0.724328517914
0.778023719788,0.0876284837723,1.33129966259,0.0559391155839,0.0191611628979,0.686657845974,-0.724572002888
0.778050422668,0.0876118913293,1.33139967918,0.0554826743901,0.0190894212574,0.686760306358,-0.72451198101
0.778054952621,0.0875689387321,1.33152890205,0.0550654269755,0.018875291571,0.686807632446,-0.724504590034
0.777924656868,0.0877286493778,1.33151733875,0.0543000139296,0.0186644308269,0.687030136585,-0.724356710911
0.778053343296,0.0875506401062,1.33176445961,0.054296143353,0.0185329020023,0.686793744564,-0.724584698677
0.778048276901,0.0875475555658,1.33188343048,0.053929772228,0.0183506831527,0.686734139919,-0.724673211575
0.778017580509,0.0874917805195,1.33205449581,0.053274743259,0.0181252248585,0.686608493328,-0.724846243858
0.777977824211,0.0875068306923,1.33216452599,0.0527189970016,0.0180554334074,0.686445713043,-0.725042879581
0.777925789356,0.087500333786,1.33229231834,0.0523125901818,0.0180215984583,0.686453640461,-0.725065588951
0.777904689312,0.0874913930893,1.33244764805,0.0519677102566,0.0179822891951,0.686504900455,-0.725042998791
0.777852535248,0.0874898582697,1.33254384995,0.0515775159001,0.0180178768933,0.686623930931,-0.724957048893
0.77782446146,0.0874681919813,1.33266878128,0.0513881854713,0.0179369859397,0.686727464199,-0.72487449646
0.777784347534,0.0873897746205,1.33281898499,0.0511257052422,0.017953582108,0.686896622181,-0.724732339382
0.777739644051,0.0873764008284,1.33291292191,0.0508254691958,0.0178270824254,0.687142491341,-0.724523544312
0.777703881264,0.0873651206493,1.3330078125,0.0505476780236,0.0178871843964,0.687257230282,-0.724432647228
0.777637720108,0.0873396545649,1.33311986923,0.0501501448452,0.0178780797869,0.687278747559,-0.724440038204
0.777579367161,0.087345354259,1.33320379257,0.0498943254352,0.0179500821978,0.68749833107,-0.724247395992
0.777540564537,0.0873612165451,1.33327794075,0.0496800839901,0.0180813856423,0.6876719594,-0.724094152451
0.777505278587,0.0873902291059,1.33335411549,0.0495210699737,0.0182616170496,0.687998771667,-0.723790049553
0.77745193243,0.0874269455671,1.33342659473,0.0492384321988,0.0184574313462,0.68821066618,-0.723602950573
0.777381241322,0.0874602794647,1.33350408077,0.0489362366498,0.0185786690563,0.688516795635,-0.723328948021
0.777191698551,0.0876681059599,1.33341598511,0.0481504350901,0.018740169704,0.688960492611,-0.722954928875
0.777130842209,0.0877087637782,1.33346772194,0.0478594303131,0.0189335849136,0.689167320728,-0.722772061825
0.777208864689,0.0877658575773,1.33369517326,0.0479761920869,0.0193656161427,0.689104497433,-0.722812891006
0.77711302042,0.0876913070679,1.33373904228,0.0476183407009,0.0195377506316,0.689407765865,-0.722542583942
0.77704846859,0.0877593010664,1.33378720284,0.0473356954753,0.0197581220418,0.689590036869,-0.722381234169
0.776974380016,0.0878338068724,1.33383440971,0.0469926260412,0.0199548546225,0.68984746933,-0.722152352333
0.776930332184,0.0879025757313,1.33387935162,0.0465716980398,0.0202538520098,0.69005137682,-0.721976399422
0.776839613914,0.088013894856,1.33391833305,0.0462442860007,0.020499009639,0.690322816372,-0.721731066704
0.776767730713,0.0881132408977,1.33393013477,0.0459561571479,0.0205774586648,0.690586268902,-0.721495211124
0.776706337929,0.0882345885038,1.333953619,0.0455394312739,0.0208528432995,0.690808236599,-0.721301138401
0.776587963104,0.088351406157,1.33398318291,0.0452768094838,0.0213169232011,0.69128882885,-0.720843434334
0.776596188545,0.0884773954749,1.33401703835,0.0449844077229,0.0215058550239,0.691373646259,-0.720774888992
0.776537299156,0.0886839926243,1.33404040337,0.0446491166949,0.0217528790236,0.691598176956,-0.720572948456
0.77650809288,0.0887415707111,1.33410525322,0.0443834364414,0.0220975652337,0.691801548004,-0.720383644104
0.776444613934,0.0888712778687,1.33415341377,0.0440830662847,0.0224068164825,0.692062020302,-0.720142245293
0.776253163815,0.0891931355,1.33406615257,0.0432921238244,0.0225008744746,0.69241976738,-0.719843327999
0.776212453842,0.0893574878573,1.33412051201,0.0429315194488,0.0227603558451,0.692754328251,-0.719534814358
0.776182055473,0.089596003294,1.33410573006,0.0427332483232,0.0229609478265,0.692875862122,-0.719423294067
0.7763261199,0.0896211713552,1.33427214622,0.0429079607129,0.0231883730739,0.692816019058,-0.719463229179
0.776328146458,0.0897961109877,1.33429884911,0.0426847413182,0.0233121793717,0.693004012108,-0.719291329384
0.776367008686,0.0899916887283,1.33432388306,0.0426163338125,0.0233521927148,0.693308651447,-0.719000458717
0.776373922825,0.090180143714,1.33435130119,0.04241624102,0.023394940421,0.693720340729,-0.718613743782
0.776380956173,0.0903730541468,1.33438050747,0.0421990938485,0.0234584044665,0.693898379803,-0.718452572823
0.776260793209,0.0905091539025,1.33441197872,0.0419072732329,0.023755626753,0.694299757481,-0.718071997166
0.77640157938,0.0907931476831,1.33437955379,0.0415343344212,0.0235462859273,0.694126307964,-0.718268096447
0.776553332806,0.0910788625479,1.33443427086,0.041367188096,0.0238211341202,0.693940877914,-0.718447983265
0.776554703712,0.0912935733795,1.33441972733,0.0412951484323,0.0239621326327,0.694056034088,-0.718336224556
0.776464402676,0.0914423316717,1.33432006836,0.0410707890987,0.0238921735436,0.694230377674,-0.718182861805
0.776478648186,0.0917396917939,1.3342872858,0.0411296859384,0.0241173636168,0.694316387177,-0.718088805676
0.776498913765,0.0920078605413,1.33427226543,0.0409894548357,0.0244257040322,0.694229364395,-0.718170642853
0.776344001293,0.0924055278301,1.33428502083,0.0406410843134,0.0248629692942,0.694507539272,-0.717906355858
0.776348471642,0.0924831628799,1.33428132534,0.0406114310026,0.0251122862101,0.694609105587,-0.71780115366
0.776353180408,0.0927413478494,1.33428955078,0.0404375828803,0.0254789479077,0.694577872753,-0.717828154564
0.776324987411,0.0930192321539,1.33424007893,0.0404277928174,0.0257504731417,0.694654881954,-0.717744469643
0.776316225529,0.0932582467794,1.33425343037,0.0404082499444,0.026139959693,0.694645941257,-0.717740118504
0.776417136192,0.0936103463173,1.33434534073,0.0404509976506,0.0264791045338,0.694571137428,-0.7177978158
0.776461839676,0.0939198583364,1.33439683914,0.0404089316726,0.0268191285431,0.694675028324,-0.717686891556
0.776480555534,0.0941437184811,1.3344244957,0.0403440594673,0.0270534679294,0.694844663143,-0.717517495155
0.77650564909,0.0943551138043,1.33444809914,0.0402429848909,0.0271771233529,0.695089638233,-0.717281222343
0.776524960995,0.0945693776011,1.33445298672,0.0401230156422,0.0273398663849,0.695346474648,-0.717032730579
0.776615202427,0.0948709398508,1.33422422409,0.0401567704976,0.0264229793102,0.6955114007,-0.716905355453
0.776641964912,0.0949987396598,1.33448445797,0.0386828146875,0.0285863913596,0.695820689201,-0.716603279114
0.776923835278,0.0954454541206,1.33430182934,0.0390853323042,0.0278658326715,0.696385502815,-0.716060817242
0.777264654636,0.0961827784777,1.33445978165,0.0392644144595,0.028126090765,0.695946574211,-0.716467499733
0.777010500431,0.0957553088665,1.33449351788,0.0391551740468,0.0300719123334,0.695993721485,-0.716348707676
0.776903390884,0.0960960015655,1.33470463753,0.0389342680573,0.0307656992227,0.69472360611,-0.717563092709
0.776679217815,0.0961729437113,1.33468520641,0.0384765602648,0.0311192162335,0.695180237293,-0.717130184174
0.776854932308,0.0965359285474,1.33463525772,0.0384816452861,0.0310219135135,0.69484859705,-0.717455506325
0.776889264584,0.0967610478401,1.33465707302,0.0383118204772,0.0313392728567,0.694749057293,-0.717547059059
0.777102828026,0.0969005376101,1.33470964432,0.037887301296,0.0305795390159,0.696550548077,-0.715854048729
0.777147114277,0.0971149653196,1.33453702927,0.0374246872962,0.0304873622954,0.696476817131,-0.715954005718
0.777037799358,0.0972632989287,1.33458161354,0.03716731444,0.0309218596667,0.696670114994,-0.715760588646
0.776999175549,0.0975697264075,1.33456027508,0.0365792997181,0.0310078691691,0.696914613247,-0.715549051762
0.777102649212,0.0979717075825,1.33460831642,0.0362065434456,0.0311735812575,0.696110785007,-0.716342806816
0.77708286047,0.0982455164194,1.33446466923,0.0363040231168,0.03045938164,0.696215689182,-0.716266751289
0.777345061302,0.0985169410706,1.33462524414,0.0353292860091,0.0317204147577,0.695894598961,-0.716572701931
0.777437388897,0.0987587124109,1.3346889019,0.0350321941078,0.0320852436125,0.695819914341,-0.716643631458
0.777697741985,0.0989869087934,1.33479475975,0.0356155335903,0.0319164060056,0.695545852184,-0.716888487339
0.77782946825,0.0993385463953,1.33489859104,0.035555921495,0.0322377644479,0.695319950581,-0.717096030712
0.777891337872,0.0995553433895,1.33490216732,0.0352626927197,0.0321820788085,0.69530826807,-0.717124342918
0.777674794197,0.0998073518276,1.33471596241,0.0344856344163,0.0320311784744,0.695762276649,-0.716728448868
0.777735769749,0.10010753572,1.33472120762,0.0341304391623,0.0318654924631,0.695576131344,-0.716933488846
0.777798116207,0.100196272135,1.33476912975,0.0345052964985,0.0324038863182,0.695143163204,-0.717311263084
0.777989625931,0.100419968367,1.33475744724,0.0337484627962,0.0327737107873,0.694883048534,-0.717582464218
0.778110325336,0.100667461753,1.3348556757,0.0331011861563,0.0323294810951,0.695106804371,-0.71741604805
0.778162896633,0.100894235075,1.33490145206,0.0327373817563,0.0323749035597,0.695073485374,-0.71746301651
0.778323590755,0.101124182343,1.33504331112,0.0329949073493,0.0322760306299,0.694778203964,-0.717741549015
0.77842438221,0.101505711675,1.33497512341,0.0321586467326,0.0325374081731,0.6947067976,-0.717836737633
0.778606772423,0.10170776397,1.33511507511,0.0324579700828,0.0322959497571,0.694511532784,-0.718023121357
0.778869330883,0.102010831237,1.33518350124,0.0322836525738,0.0322040468454,0.694189012051,-0.718347012997
0.778963088989,0.102161101997,1.3351265192,0.0322915129364,0.0324551090598,0.693827867508,-0.718684196472
0.779037117958,0.10258679837,1.33509683609,0.031069079414,0.0319841019809,0.694212079048,-0.718388199806
0.779360830784,0.103113129735,1.33493769169,0.0313177928329,0.0306473039091,0.693818747997,-0.718815326691
0.779469490051,0.103354871273,1.33492684364,0.0310435034335,0.0303558930755,0.693750858307,-0.718905091286
0.779457569122,0.103299595416,1.3351931572,0.0305250491947,0.0310815591365,0.694056987762,-0.718600869179
0.779582500458,0.103281915188,1.33518922329,0.0300873853266,0.0304941274226,0.693823337555,-0.71886998415
0.779746055603,0.103478007019,1.33514010906,0.0298068579286,0.0301407761872,0.693611204624,-0.719101309776
0.779737710953,0.103700682521,1.33524847031,0.0296108294278,0.0302780643106,0.693644404411,-0.719071686268
0.779864192009,0.104159340262,1.33531951904,0.0297718010843,0.0301723424345,0.69334590435,-0.719357073307
0.779990613461,0.104319795966,1.33532476425,0.0297790151089,0.0300908703357,0.693176269531,-0.719523787498
0.780043005943,0.104514017701,1.33523607254,0.0294144097716,0.0296705327928,0.692736804485,-0.719979524612
