x,y,z,q0,q1,q2,q3
-0.665355801582,-0.242716863751,1.39745998383,0.0493970960379,0.0231138709933,0.751824080944,0.657104551792
-0.665720164776,-0.24422582984,1.39712953568,0.0502519644797,0.0224572494626,0.753110229969,0.655587792397
-0.665720164776,-0.24422582984,1.39712953568,0.0502519644797,0.0224572494626,0.753110229969,0.655587792397
-0.666264414787,-0.24546636641,1.39696741104,0.0495699644089,0.0228711850941,0.752021431923,0.656874060631
-0.666520535946,-0.246064051986,1.39687848091,0.0496053770185,0.0227017477155,0.752258419991,0.656605839729
-0.666750788689,-0.246668577194,1.39676380157,0.0496202409267,0.0225403215736,0.752246856689,0.656623482704
-0.667029976845,-0.24723020196,1.39671874046,0.049528285861,0.0222743842751,0.75255048275,0.656291663647
-0.667110979557,-0.247788101435,1.39657139778,0.0505818761885,0.0212617833167,0.753618001938,0.655018627644
-0.667110979557,-0.247788101435,1.39657139778,0.0505818761885,0.0212617833167,0.753618001938,0.655018627644
-0.66767591238,-0.24880951643,1.39642393589,0.0506097599864,0.0210579391569,0.754111289978,0.654455065727
-0.667579114437,-0.249059423804,1.39634478092,0.0508881099522,0.0210807975382,0.753747403622,0.654851734638
-0.668131411076,-0.249636933208,1.39628958702,0.0506330430508,0.0208139382303,0.754686772823,0.653797566891
-0.668472290039,-0.250164210796,1.39630270004,0.0497148856521,0.0211605820805,0.753748416901,0.654938161373
-0.668712794781,-0.25055411458,1.39625668526,0.0497844740748,0.0211009513587,0.75396579504,0.654684782028
-0.66894775629,-0.250948280096,1.39619123936,0.049750816077,0.0210296940058,0.754242658615,0.654370486736
-0.669155418873,-0.251314043999,1.39615690708,0.0499999076128,0.0209383871406,0.754350423813,0.654230117798
-0.669309198856,-0.25158894062,1.39611589909,0.0500494465232,0.0207378398627,0.754397988319,0.65417778492
-0.669527232647,-0.251853525639,1.39609611034,0.0501767881215,0.0205121617764,0.754626691341,0.653911411762
-0.669561803341,-0.252015382051,1.39593291283,0.0511890724301,0.0197177305818,0.755937993526,0.652340829372
-0.669719099998,-0.252228975296,1.39590013027,0.0512537956238,0.0196455679834,0.756150960922,0.65209120512
-0.669860363007,-0.252485185862,1.39587712288,0.0512954369187,0.0195652004331,0.756337046623,0.651874542236
-0.670032024384,-0.252650588751,1.3958427906,0.051337428391,0.0194726642221,0.75661021471,0.65155684948
-0.670202493668,-0.252801030874,1.39579534531,0.0513632595539,0.0194375999272,0.756900846958,0.651218175888
-0.670290052891,-0.252758860588,1.39572370052,0.0515327863395,0.0194375179708,0.756882250309,0.65122628212
-0.670457303524,-0.252862334251,1.39570391178,0.0515921451151,0.0194243192673,0.757132768631,0.6509308815
-0.670601665974,-0.252944111824,1.39569163322,0.0516860149801,0.0193204805255,0.757341682911,0.65068346262
-0.670862317085,-0.253184378147,1.39574360847,0.051778357476,0.0190450251102,0.757733285427,0.650228083134
-0.671037495136,-0.253233462572,1.39575636387,0.0519078150392,0.0188798829913,0.757970094681,0.649946630001
-0.671146810055,-0.253245174885,1.39575302601,0.0519879125059,0.0187434423715,0.758122384548,0.649766504765
-0.671333670616,-0.253178954124,1.39561736584,0.0523548312485,0.0192398391664,0.758367061615,0.649437010288
-0.671545743942,-0.253183215857,1.39563524723,0.0523493587971,0.0189878996462,0.758746087551,0.649001836777
-0.672092020512,-0.253143846989,1.39555740356,0.0538230240345,0.0201481860131,0.759374201298,0.64811116457
-0.671739697456,-0.25310587883,1.39571142197,0.0522217303514,0.0179353896528,0.759056866169,0.648678719997
-0.67184907198,-0.252907693386,1.39570140839,0.0523752421141,0.017746200785,0.759272992611,0.648418486118
-0.672144591808,-0.252816081047,1.39556360245,0.0528653934598,0.0183161199093,0.759689867496,0.647874236107
-0.672360062599,-0.252693772316,1.39556288719,0.0529976151884,0.0179768595845,0.760028421879,0.647475779057
-0.672500669956,-0.252445906401,1.39553618431,0.0531742870808,0.017822958529,0.760187327862,0.64727896452
-0.673124551773,-0.252373039722,1.39547550678,0.0546398386359,0.0190692692995,0.761072337627,0.646080255508
-0.673241853714,-0.252081394196,1.39545893669,0.0548360459507,0.0189812704921,0.761252403259,0.645854055882
-0.673308134079,-0.251855671406,1.39545917511,0.0550703890622,0.018995905295,0.761290252209,0.645789146423
-0.673601865768,-0.251760095358,1.39561474323,0.0542843788862,0.0191928744316,0.76053494215,0.646739065647
-0.673601865768,-0.251760095358,1.39561474323,0.0542843788862,0.0191928744316,0.76053494215,0.646739065647
-0.673762142658,-0.25103482604,1.39559543133,0.0543791428208,0.0189193356782,0.760878503323,0.646335184574
-0.673843681812,-0.250626951456,1.39559388161,0.0545209571719,0.018800444901,0.761050760746,0.64612364769
-0.673843681812,-0.250626951456,1.39559388161,0.0545209571719,0.018800444901,0.761050760746,0.64612364769
-0.67400842905,-0.249514520168,1.39539825916,0.055545270443,0.020057938993,0.76093506813,0.646134912968
-0.674021184444,-0.249274104834,1.39573466778,0.05491470173,0.0181127954274,0.761203169823,0.645930290222
-0.674307286739,-0.248693645,1.39547109604,0.0559533759952,0.0198462121189,0.76142925024,0.64552372694
-0.674251496792,-0.248476877809,1.39580333233,0.0562752820551,0.017264932394,0.76284968853,0.643890857697
-0.674404978752,-0.248042523861,1.39587712288,0.0564034357667,0.0172199457884,0.762916207314,0.64380210638
-0.674404978752,-0.248042523861,1.39587712288,0.0564034357667,0.0172199457884,0.762916207314,0.64380210638
-0.674239635468,-0.247057527304,1.39616441727,0.055522069335,0.0154474116862,0.762877702713,0.643969118595
-0.674919009209,-0.246559247375,1.39617824554,0.0570983439684,0.0166523084044,0.763608276844,0.642934679985
-0.675049901009,-0.246011033654,1.39626145363,0.0571943372488,0.0164472591132,0.763779520988,0.642728030682
-0.675219476223,-0.245465487242,1.39635825157,0.0563044026494,0.0166127383709,0.762707531452,0.644073963165
-0.675208508968,-0.245073795319,1.39649629593,0.0549916699529,0.0151183046401,0.762989044189,0.643890738487
-0.675748825073,-0.244457423687,1.3965177536,0.0560473538935,0.0163702331483,0.763654768467,0.642979204655
-0.675956428051,-0.243882015347,1.39666950703,0.0562942065299,0.0160347446799,0.763941168785,0.642625689507
-0.676025032997,-0.243190705776,1.39669418335,0.0564115121961,0.0160239133984,0.763904035091,0.642659902573
-0.676155209541,-0.242590770125,1.39670908451,0.0576243698597,0.0153109459206,0.765154182911,0.6410805583
-0.676311314106,-0.241932421923,1.39680659771,0.0577313415706,0.0151928542182,0.765124320984,0.641109287739
-0.67646843195,-0.24126765132,1.39691925049,0.05769925192,0.0148841142654,0.765324652195,0.640880227089
-0.676659345627,-0.240571215749,1.39702618122,0.0569473989308,0.0152596849948,0.764090716839,0.642409086227
-0.676942110062,-0.239701390266,1.39676213264,0.0579089969397,0.0168974623084,0.764123976231,0.64224255085
-0.677084684372,-0.238971039653,1.39689862728,0.0579089038074,0.0165268611163,0.764184832573,0.642179965973
-0.677292525768,-0.238236159086,1.39696335793,0.0582146607339,0.0166098438203,0.764223396778,0.642104268074
-0.67730396986,-0.237737149,1.39741766453,0.0578182041645,0.0147140892223,0.764155805111,0.642266690731
-0.677279889584,-0.236715182662,1.39729142189,0.0583475530148,0.0139906285331,0.765101790428,0.641107797623
-0.677515685558,-0.235909372568,1.39749205112,0.0586583092809,0.0134921735153,0.765300035477,0.640853464603
-0.677282750607,-0.235146164894,1.39769220352,0.0574152320623,0.0118762264028,0.764681518078,0.641735732555
-0.677798628807,-0.234264567494,1.3977316618,0.0578390993178,0.0135806193575,0.763758957386,0.642761528492
-0.677616178989,-0.233639478683,1.39796698093,0.0569199211895,0.0119724646211,0.763618588448,0.643042325974
-0.67826372385,-0.232735604048,1.39801573753,0.0583037771285,0.0131719755009,0.76409548521,0.642327964306
-0.678314447403,-0.231818303466,1.39800167084,0.0593306012452,0.0125971138477,0.764899551868,0.641287684441
-0.678314447403,-0.231818303466,1.39800167084,0.0593306012452,0.0125971138477,0.764899551868,0.641287684441
-0.678141832352,-0.229962617159,1.39827096462,0.0580580830574,0.00995725486428,0.76438832283,0.642059743404
-0.678671002388,-0.229129746556,1.39811575413,0.0599274598062,0.0122062424198,0.764639139175,0.64155036211
-0.678789258003,-0.228175491095,1.39838969707,0.0581366345286,0.0108311530203,0.763150632381,0.643509149551
-0.679121315479,-0.227066367865,1.39823889732,0.0594645105302,0.012299021706,0.763230383396,0.643266797066
-0.678909361362,-0.226341784,1.39860379696,0.0581303872168,0.00981482304633,0.762857437134,0.643873631954
-0.678909361362,-0.226341784,1.39860379696,0.0581303872168,0.00981482304633,0.762857437134,0.643873631954
-0.679168879986,-0.224196895957,1.39860188961,0.0597388483584,0.00896508153528,0.764001905918,0.642379999161
-0.679240763187,-0.223297998309,1.39868092537,0.0599468164146,0.00879382714629,0.763534128666,0.642919063568
-0.679583251476,-0.222376838326,1.39882349968,0.0591554977,0.00909870676696,0.76254683733,0.644158482552
-0.679583251476,-0.222376838326,1.39882349968,0.0591554977,0.00909870676696,0.76254683733,0.644158482552
-0.680121600628,-0.220258265734,1.39884412289,0.0602666437626,0.00931100454181,0.762367963791,0.644264221191
-0.680269420147,-0.219145476818,1.39878225327,0.0615391172469,0.00845502875745,0.763386726379,0.642947971821
-0.680475890636,-0.218205466866,1.39889073372,0.0617049261928,0.00802098866552,0.763258516788,0.643090069294
-0.681053996086,-0.217139095068,1.39887022972,0.0630097538233,0.00900731794536,0.763710021973,0.642413973808
-0.681254267693,-0.215993329883,1.39888131618,0.0631679520011,0.00899367313832,0.763746440411,0.642355322838
-0.681070327759,-0.215120732784,1.39921331406,0.0609562136233,0.0074201808311,0.761756598949,0.644946634769
-0.681386232376,-0.21402554214,1.39929533005,0.0610014423728,0.00698158843443,0.761863291264,0.644821226597
-0.681478440762,-0.213053777814,1.39910459518,0.0624753646553,0.00703080603853,0.762718200684,0.643667936325
-0.681698262691,-0.211993426085,1.39929497242,0.0622883550823,0.00615008315071,0.762597203255,0.643838346004
-0.681922316551,-0.210845306516,1.39922070503,0.0628947615623,0.00637765368447,0.76249319315,0.643900334835
-0.682282030582,-0.209892660379,1.39939236641,0.0623955130577,0.00701454887167,0.761504411697,0.645111441612
-0.682850658894,-0.208887904882,1.39935696125,0.0635960549116,0.00828605238348,0.762022674084,0.644366800785
-0.682480573654,-0.207692995667,1.39954257011,0.0631350502372,0.00547770829871,0.762592792511,0.643767356873
-0.682659566402,-0.206652164459,1.39960348606,0.0632168799639,0.00549969309941,0.762218654156,0.644201993942
-0.683349370956,-0.205447226763,1.39918708801,0.0655205324292,0.00909973867238,0.762749910355,0.643301546574
-0.683349370956,-0.205447226763,1.39918708801,0.0655205324292,0.00909973867238,0.762749910355,0.643301546574
-0.683311343193,-0.203573659062,1.3999068737,0.0625991746783,0.00597551511601,0.76127833128,0.645368814468
-0.683311343193,-0.203573659062,1.3999068737,0.0625991746783,0.00597551511601,0.76127833128,0.645368814468
-0.683575570583,-0.201387703419,1.3998541832,0.0635641664267,0.00539314746857,0.762382626534,0.643974483013
-0.683575570583,-0.201387703419,1.3998541832,0.0635641664267,0.00539314746857,0.762382626534,0.643974483013
-0.683863639832,-0.199091091752,1.3997759819,0.0637239739299,0.00557034276426,0.762301623821,0.644053280354
-0.684641838074,-0.198202669621,1.39967513084,0.0644740238786,0.00811183359474,0.761949121952,0.644368708134
-0.684413254261,-0.197048857808,1.39954137802,0.063420817256,0.00738361524418,0.761490464211,0.645023703575
-0.684625267982,-0.196097806096,1.3996090889,0.0631211102009,0.00638381019235,0.761383831501,0.645189762115
-0.68475830555,-0.195027351379,1.39921474457,0.064436621964,0.00664626201615,0.7626491189,0.643560528755
-0.684949636459,-0.193983137608,1.39899396896,0.0643945261836,0.00670799659565,0.762934327126,0.643225848675
-0.6856366992,-0.192896097898,1.39875519276,0.0646436586976,0.00874967873096,0.762337386608,0.643883883953
-0.6856366992,-0.192896097898,1.39875519276,0.0646436586976,0.00874967873096,0.762337386608,0.643883883953
-0.68538993597,-0.19168767333,1.39865708351,0.0633496269584,0.00672580162063,0.761647164822,0.644852876663
-0.685830175877,-0.189306020737,1.39802193642,0.0634039118886,0.00658858567476,0.761363983154,0.645183324814
-0.686172902584,-0.18824160099,1.39776957035,0.0637937709689,0.00665035005659,0.761217653751,0.645316898823
-0.686172902584,-0.18824160099,1.39776957035,0.0637937709689,0.00665035005659,0.761217653751,0.645316898823
-0.686660170555,-0.185760304332,1.39741313457,0.0641714408994,0.00588429206982,0.760749876499,0.645838439465
-0.686888098717,-0.184651494026,1.39716148376,0.0651801228523,0.00514245918021,0.761534750462,0.644817888737
-0.687179684639,-0.183456599712,1.39706432819,0.0654351115227,0.00467135617509,0.761274516582,0.645102739334
-0.68756455183,-0.182158857584,1.39705920219,0.0651713013649,0.00437213806435,0.76085549593,0.645625650883
-0.687818050385,-0.180981367826,1.39699912071,0.0652800649405,0.00447201402858,0.760495424271,0.646038174629
-0.688251852989,-0.179803863168,1.39718925953,0.0640877336264,0.00514113204554,0.758986115456,0.647924721241
-0.68855047226,-0.17860968411,1.39727592468,0.0640111342072,0.00502739986405,0.758503079414,0.648498594761
-0.688655734062,-0.177320063114,1.39723289013,0.0649051293731,0.00444711372256,0.759233593941,0.647558391094
-0.68896895647,-0.176116019487,1.39729595184,0.0646822452545,0.00456496700644,0.758517444134,0.648418605328
-0.689296603203,-0.174840256572,1.39739954472,0.0646532177925,0.00426131952554,0.758491694927,0.648453593254
-0.689680755138,-0.173739522696,1.39760768414,0.0635722205043,0.00490831956267,0.757098913193,0.650181353092
-0.689680755138,-0.173739522696,1.39760768414,0.0635722205043,0.00490831956267,0.757098913193,0.650181353092
-0.690047860146,-0.171226173639,1.39768719673,0.0632229596376,0.00527344457805,0.756038427353,0.651445388794
-0.690276682377,-0.170039445162,1.39773714542,0.0628820359707,0.0052674501203,0.755611002445,0.651974081993
-0.690370500088,-0.168793976307,1.39763236046,0.0636735260487,0.00490538217127,0.756352365017,0.651039779186
-0.690655946732,-0.167528092861,1.39765393734,0.0626333877444,0.00574425235391,0.754793405533,0.652940392494
-0.690866827965,-0.166454836726,1.39771187305,0.0624557770789,0.00574705284089,0.754648566246,0.653124630451
-0.69102281332,-0.165202736855,1.3976829052,0.0622987896204,0.00598572799936,0.754081010818,0.65379267931
-0.69108068943,-0.163872569799,1.39742434025,0.0632865950465,0.00552906142548,0.754692018032,0.65299642086
-0.691288113594,-0.162740707397,1.39742910862,0.063036583364,0.00557472510263,0.754538118839,0.653197944164
-0.691288113594,-0.162740707397,1.39742910862,0.063036583364,0.00557472510263,0.754538118839,0.653197944164
-0.691734790802,-0.16047860682,1.39739978313,0.0620592907071,0.00626276154071,0.752753198147,0.655341207981
-0.691878378391,-0.159289062023,1.3973275423,0.0619433186948,0.00641772709787,0.752513349056,0.655626058578
-0.691878378391,-0.159289062023,1.3973275423,0.0619433186948,0.00641772709787,0.752513349056,0.655626058578
-0.692109584808,-0.156814828515,1.39710319042,0.0626142024994,0.00608233176172,0.752824068069,0.655208706856
-0.692251563072,-0.15576261282,1.39704465866,0.0625663027167,0.00610919483006,0.752625465393,0.655441105366
-0.692498922348,-0.154629930854,1.39708471298,0.061580773443,0.00649419846013,0.751421272755,0.656910777092
-0.692619204521,-0.153478726745,1.39699685574,0.0615825131536,0.00684458529577,0.750823974609,0.657589673996
-0.692665994167,-0.152260184288,1.39686894417,0.0621938593686,0.00641981093213,0.751814424992,0.656403720379
-0.692665994167,-0.152260184288,1.39686894417,0.0621938593686,0.00641981093213,0.751814424992,0.656403720379
-0.692949712276,-0.150031015277,1.39674949646,0.0618913136423,0.00689993333071,0.751517355442,0.656767487526
-0.693187177181,-0.149000138044,1.39682006836,0.0609605051577,0.00750108994544,0.750163197517,0.658394038677
-0.693297505379,-0.147958815098,1.39682245255,0.0607009157538,0.00794024020433,0.750374615192,0.658172011375
-0.693297505379,-0.147958815098,1.39682245255,0.0607009157538,0.00794024020433,0.750374615192,0.658172011375
-0.693427920341,-0.145738765597,1.3966088295,0.0615166947246,0.00773663120344,0.750794947147,0.65761911869
-0.693427920341,-0.145738765597,1.3966088295,0.0615166947246,0.00773663120344,0.750794947147,0.65761911869
-0.693831264973,-0.143651694059,1.39661836624,0.060491129756,0.00904790405184,0.749432086945,0.659250080585
-0.693964898586,-0.142750322819,1.39664566517,0.0603329800069,0.00910850800574,0.749449789524,0.65924346447
-0.694031238556,-0.141807764769,1.39661383629,0.060276940465,0.00944076385349,0.749329686165,0.659380555153
-0.694031238556,-0.141807764769,1.39661383629,0.060276940465,0.00944076385349,0.749329686165,0.659380555153
-0.694134831429,-0.139763966203,1.39650034904,0.0610844865441,0.00946865603328,0.750412166119,0.658073544502
-0.694219589233,-0.138935178518,1.39649927616,0.0610134638846,0.00994234252721,0.750236392021,0.658273279667
-0.694439768791,-0.138052091002,1.39663374424,0.0602216795087,0.0106954090297,0.749236762524,0.659472048283
-0.694524526596,-0.137184739113,1.39657866955,0.0600020475686,0.0110551072285,0.749100923538,0.659640312195
-0.69453984499,-0.136363625526,1.39658272266,0.0600925497711,0.011476745829,0.74880439043,0.659961462021
-0.694567859173,-0.135395362973,1.39652013779,0.0606984235346,0.0114359203726,0.749812245369,0.658761382103
-0.694567859173,-0.135395362973,1.39652013779,0.0606984235346,0.0114359203726,0.749812245369,0.658761382103
-0.694450378418,-0.133639246225,1.39645898342,0.060750041157,0.0120824156329,0.749305963516,0.659320890903
-0.694573283195,-0.132894724607,1.39642429352,0.0605564787984,0.0125534851104,0.74923735857,0.659408032894
-0.694827020168,-0.132166653872,1.39648222923,0.0598648115993,0.0132958590984,0.74816685915,0.660670697689
-0.694911420345,-0.131482124329,1.39645445347,0.0598871745169,0.0135836685076,0.748073816299,0.660768151283
-0.695050418377,-0.130641758442,1.39634680748,0.0598058030009,0.0140361189842,0.747890174389,0.660974025726
-0.695050418377,-0.130641758442,1.39634680748,0.0598058030009,0.0140361189842,0.747890174389,0.660974025726
-0.695094108582,-0.12997803092,1.39623773098,0.0597257018089,0.01448759716,0.747612595558,0.6612855196
-0.695298194885,-0.128617703915,1.39598608017,0.0602051317692,0.0143462494016,0.748615562916,0.660109341145
-0.695298194885,-0.128617703915,1.39598608017,0.0602051317692,0.0143462494016,0.748615562916,0.660109341145
-0.695618927479,-0.127400130033,1.39568161964,0.0602281689644,0.014929337427,0.748196125031,0.660569608212
-0.695618927479,-0.127400130033,1.39568161964,0.0602281689644,0.014929337427,0.748196125031,0.660569608212
-0.695919930935,-0.126220583916,1.39550554752,0.0591188073158,0.0165726710111,0.747141599655,0.661822974682
-0.695919930935,-0.126220583916,1.39550554752,0.0591188073158,0.0165726710111,0.747141599655,0.661822974682
-0.696663975716,-0.125254034996,1.39510369301,0.0589277744293,0.0166991576552,0.747153699398,0.661823272705
-0.696840703487,-0.124692380428,1.39488685131,0.0587836503983,0.0169581118971,0.747090756893,0.661900520325
-0.697036206722,-0.124004714191,1.39464914799,0.0587278418243,0.0171869862825,0.746893525124,0.662122130394
-0.697080075741,-0.123404487967,1.39429187775,0.059632692486,0.0168590340763,0.747867584229,0.660949170589
-0.697243452072,-0.122778832912,1.39400935173,0.0594854913652,0.0168608501554,0.747598707676,0.661266565323
-0.697243452072,-0.122778832912,1.39400935173,0.0594854913652,0.0168608501554,0.747598707676,0.661266565323
-0.697616636753,-0.121528401971,1.39349555969,0.0592436604202,0.0172272026539,0.74713665247,0.661800682545
-0.697851657867,-0.121082536876,1.39318931103,0.059380300343,0.0173048581928,0.747237682343,0.661672413349
-0.697851657867,-0.121082536876,1.39318931103,0.059380300343,0.0173048581928,0.747237682343,0.661672413349
-0.69820779562,-0.119879260659,1.39260029793,0.0594092831016,0.0174504630268,0.746851146221,0.662102401257
-0.69860458374,-0.119359187782,1.3924806118,0.0585313439369,0.0181407295167,0.74570441246,0.663453102112
-0.69860458374,-0.119359187782,1.3924806118,0.0585313439369,0.0181407295167,0.74570441246,0.663453102112
-0.698724210262,-0.118059463799,1.39202070236,0.0590454675257,0.0181169118732,0.744707584381,0.664526939392
-0.698703110218,-0.1174172014,1.39164733887,0.0603018477559,0.0172524526715,0.74576741457,0.663247406483
-0.698860704899,-0.116837613285,1.39145886898,0.0601661354303,0.0173669178039,0.74568104744,0.663353860378
-0.698860704899,-0.116837613285,1.39145886898,0.0601661354303,0.0173669178039,0.74568104744,0.663353860378
-0.699577450752,-0.115879118443,1.39146625996,0.0586135312915,0.0182086937129,0.744415462017,0.664889991283
-0.699577450752,-0.115879118443,1.39146625996,0.0586135312915,0.0182086937129,0.744415462017,0.664889991283
-0.699698626995,-0.114494629204,1.39117097855,0.059789519757,0.0176201146096,0.745645701885,0.663420975208
-0.699698626995,-0.114494629204,1.39117097855,0.059789519757,0.0176201146096,0.745645701885,0.663420975208
-0.700185775757,-0.113508716226,1.39126396179,0.0595061890781,0.0178036112338,0.745962500572,0.663085341454
-0.700411319733,-0.113041572273,1.39134681225,0.0591840222478,0.0178376641124,0.746009886265,0.66305989027
-0.700718581676,-0.112579762936,1.39162242413,0.0575365424156,0.0188829805702,0.744757533073,0.664581954479
-0.700718581676,-0.112579762936,1.39162242413,0.0575365424156,0.0188829805702,0.744757533073,0.664581954479
-0.701005041599,-0.111679419875,1.39184975624,0.0567807368934,0.0191452335566,0.74515068531,0.664198756218
-0.701183974743,-0.111253812909,1.39200806618,0.05641515553,0.0192227195948,0.745394527912,0.663954079151
-0.701265692711,-0.110941186547,1.39220905304,0.0563773587346,0.0192685369402,0.746351361275,0.662880122662
-0.701265692711,-0.110941186547,1.39220905304,0.0563773587346,0.0192685369402,0.746351361275,0.662880122662
-0.701458632946,-0.110119700432,1.39242982864,0.0559608973563,0.0189485773444,0.747212290764,0.661954045296
-0.701549768448,-0.109771758318,1.39252984524,0.0561160929501,0.0187555849552,0.747819125652,0.661260724068
-0.701676666737,-0.109368242323,1.39265775681,0.055741418153,0.0189402047545,0.74830198288,0.660740792751
-0.701676666737,-0.109368242323,1.39265775681,0.055741418153,0.0189402047545,0.74830198288,0.660740792751
-0.702333271503,-0.108955875039,1.39303195477,0.0548261106014,0.0186269450933,0.749908089638,0.659003138542
-0.702346086502,-0.108680948615,1.39311313629,0.0546780563891,0.0188716184348,0.750066459179,0.658828139305
-0.702530264854,-0.108405575156,1.39325273037,0.0543920025229,0.0187757834792,0.750623047352,0.658220469952
-0.702629685402,-0.108171410859,1.39338970184,0.0540366880596,0.0190115384758,0.751165211201,0.657624125481
-0.702842593193,-0.107983976603,1.39370429516,0.052472949028,0.0202467758209,0.750252127647,0.658755123615
-0.702905476093,-0.107664488256,1.39380574226,0.0524276196957,0.0202595181763,0.750666022301,0.658286750317
-0.702918231487,-0.107324033976,1.39390718937,0.0524471066892,0.0202968157828,0.751006424427,0.657895863056
-0.703028857708,-0.106996424496,1.394064188,0.0525144860148,0.0201975554228,0.75150179863,0.657327413559
-0.702932775021,-0.106607586145,1.39412426949,0.0524543114007,0.0204220786691,0.751589894295,0.657224714756
-0.702932775021,-0.106607586145,1.39412426949,0.0524543114007,0.0204220786691,0.751589894295,0.657224714756
-0.702901542187,-0.105944782495,1.39437782764,0.0525823272765,0.0206603389233,0.752056062222,0.656673312187
-0.703002989292,-0.105628877878,1.39453780651,0.0526179298759,0.0206640921533,0.752493619919,0.656169056892
-0.702860414982,-0.105262994766,1.39462900162,0.0535873658955,0.0202415082604,0.753910839558,0.654474794865
-0.702860414982,-0.105262994766,1.39462900162,0.0535873658955,0.0202415082604,0.753910839558,0.654474794865
-0.702831804752,-0.10444675386,1.39483261108,0.0541742295027,0.020093774423,0.755035758018,0.653132796288
-0.702831804752,-0.10444675386,1.39483261108,0.0541742295027,0.020093774423,0.755035758018,0.653132796288
-0.702915012836,-0.103806294501,1.39521050453,0.0533859990537,0.0213314052671,0.754530549049,0.653742015362
-0.703286290169,-0.103446602821,1.39512479305,0.0547199212015,0.0239717885852,0.755456328392,0.652469754219
-0.702935993671,-0.102930374444,1.39528763294,0.0550532303751,0.0241574998945,0.754952967167,0.653017342091
-0.702882230282,-0.102388910949,1.39538252354,0.0554536059499,0.0237336140126,0.755537509918,0.65232270956
-0.702351808548,-0.102004490793,1.39569270611,0.0537274815142,0.0220461096615,0.755286633968,0.652816653252
-0.702722072601,-0.101703956723,1.39563715458,0.05380442366,0.0231820400804,0.756131231785,0.651792526245
-0.702649116516,-0.101286254823,1.39577889442,0.0536699481308,0.0231495574117,0.756211221218,0.651711881161
-0.702736020088,-0.100967273116,1.3960211277,0.0527314506471,0.0237374622375,0.755352556705,0.652762293816
-0.702736020088,-0.100967273116,1.3960211277,0.0527314506471,0.0237374622375,0.755352556705,0.652762293816
-0.70285230875,-0.100157499313,1.39621758461,0.0545231550932,0.0250252857804,0.75739133358,0.650199592113
-0.70285230875,-0.100157499313,1.39621758461,0.0545231550932,0.0250252857804,0.75739133358,0.650199592113
-0.702921390533,-0.0997934043407,1.39646208286,0.0535115972161,0.0257526747882,0.756647288799,0.651120603085
-0.702760100365,-0.0987706184387,1.39668440819,0.0531903132796,0.0266509149224,0.757120966911,0.65056014061
-0.702606260777,-0.0984029173851,1.39677488804,0.0533747151494,0.0272399950773,0.757972002029,0.649528741837
-0.702391326427,-0.0978595986962,1.39678049088,0.0538025461137,0.0268956739455,0.758627712727,0.648741662502
-0.702391326427,-0.0978595986962,1.39678049088,0.0538025461137,0.0268956739455,0.758627712727,0.648741662502
-0.702525794506,-0.0973341837525,1.39659452438,0.0544018559158,0.0290210321546,0.759071171284,0.648081243038
-0.702388882637,-0.0968055203557,1.396723032,0.0542149320245,0.0292465444654,0.759249389172,0.647877931595
-0.702038049698,-0.0958815142512,1.39708924294,0.0531762465835,0.0296792760491,0.758184850216,0.649189710617
-0.702038049698,-0.0958815142512,1.39708924294,0.0531762465835,0.0296792760491,0.758184850216,0.649189710617
-0.701827347279,-0.0949003100395,1.39730465412,0.0528243258595,0.0303796641529,0.75906085968,0.648161411285
-0.701827347279,-0.0949003100395,1.39730465412,0.0528243258595,0.0303796641529,0.75906085968,0.648161411285
-0.701643943787,-0.0938962548971,1.39737272263,0.0531073845923,0.0305993966758,0.759989440441,0.64703887701
-0.701643943787,-0.0938962548971,1.39737272263,0.0531073845923,0.0305993966758,0.759989440441,0.64703887701
-0.701326727867,-0.0929212868214,1.3974750042,0.0528656579554,0.0303932335228,0.761371314526,0.645441949368
-0.701244235039,-0.0924442112446,1.39750158787,0.0526446141303,0.0304381418973,0.761655628681,0.645122349262
-0.701174438,-0.0920710414648,1.39770424366,0.0514960587025,0.0307418424636,0.760784089565,0.646228075027
-0.701174438,-0.0920710414648,1.39770424366,0.0514960587025,0.0307418424636,0.760784089565,0.646228075027
-0.701000571251,-0.091145336628,1.39770531654,0.0511923618615,0.0304933506995,0.762243390083,0.644542217255
-0.700892269611,-0.0904825776815,1.39754581451,0.0515289194882,0.0302286557853,0.763022243977,0.643605530262
-0.700703978539,-0.0901324301958,1.39787530899,0.0507090054452,0.0283413100988,0.763328611851,0.643393218517
-0.700716793537,-0.0894847586751,1.39742004871,0.0512412823737,0.0302157737315,0.763276398182,0.643327713013
-0.700566589832,-0.0889751017094,1.39734506607,0.0511605516076,0.0300449598581,0.763285458088,0.643331408501
-0.700320363045,-0.0885997265577,1.39756178856,0.0504063256085,0.0281796250492,0.763462126255,0.643265664577
-0.700161159039,-0.0879986584187,1.39749538898,0.050258371979,0.0279062502086,0.76381778717,0.642866849899
-0.700334727764,-0.0874224603176,1.39715397358,0.0502440296113,0.0298098977655,0.763007521629,0.643744051456
-0.700334727764,-0.0874224603176,1.39715397358,0.0502440296113,0.0298098977655,0.763007521629,0.643744051456
-0.700172781944,-0.0863624811172,1.39684772491,0.0508917979896,0.0300662424415,0.763524472713,0.64306807518
-0.699954748154,-0.0858261883259,1.39670598507,0.0511019900441,0.0300705097616,0.763517022133,0.643059909344
-0.699733614922,-0.0851645171642,1.39645242691,0.0524285472929,0.029863730073,0.764802873135,0.641432821751
-0.699733614922,-0.0851645171642,1.39645242691,0.0524285472929,0.029863730073,0.764802873135,0.641432821751
-0.699617385864,-0.0846441239119,1.39637136459,0.0527863427997,0.0297331027687,0.764963150024,0.641218304634
-0.699436068535,-0.0835727602243,1.39630436897,0.0522558875382,0.0299893766642,0.7644520998,0.641858994961
-0.699436068535,-0.0835727602243,1.39630436897,0.0522558875382,0.0299893766642,0.7644520998,0.641858994961
-0.698745667934,-0.0831330418587,1.3966486454,0.0508422479033,0.0273490250111,0.764337480068,0.642226874828
-0.699076652527,-0.0820242017508,1.39609348774,0.053718008101,0.0319502949715,0.765500187874,0.640392959118
-0.698977231979,-0.0815104395151,1.39600348473,0.0541050694883,0.0328400321305,0.765878736973,0.639862537384
-0.698977231979,-0.0815104395151,1.39600348473,0.0541050694883,0.0328400321305,0.765878736973,0.639862537384
-0.698530972004,-0.080475859344,1.39577639103,0.0565066039562,0.0335313044488,0.76842290163,0.63656026125
-0.698344528675,-0.0798865780234,1.39568293095,0.0569947063923,0.0346955396235,0.768894970417,0.635884106159
-0.698512732983,-0.0796762406826,1.39580643177,0.0561223626137,0.0367677025497,0.768055081367,0.636859357357
-0.698430716991,-0.0793460831046,1.39576601982,0.056515019387,0.0374301485717,0.768709301949,0.635996162891
-0.697746992111,-0.079025298357,1.39616107941,0.0550315454602,0.0346546135843,0.768682420254,0.636315882206
-0.698121190071,-0.0783836916089,1.39544546604,0.0587576590478,0.0376389399171,0.771431446075,0.632474899292
-0.698102891445,-0.0780408233404,1.39539062977,0.0590520128608,0.0377120450139,0.772121608257,0.63160020113
-0.698130786419,-0.0777171477675,1.39534461498,0.0592892132699,0.037727791816,0.772823870182,0.630717754364
-0.698180198669,-0.0774090439081,1.39524269104,0.0596187599003,0.0379603281617,0.773534595966,0.629800617695
-0.698299705982,-0.077089548111,1.39508450031,0.0599163323641,0.0382309183478,0.774214327335,0.628920257092
-0.698299705982,-0.077089548111,1.39508450031,0.0599163323641,0.0382309183478,0.774214327335,0.628920257092
-0.698704004288,-0.0766949206591,1.39503514767,0.0587136149406,0.0388530530035,0.774277210236,0.628918170929
-0.69871121645,-0.0763401836157,1.39484763145,0.059588778764,0.0380843877792,0.776217877865,0.626485943794
-0.698887228966,-0.0759940668941,1.39480423927,0.0589079894125,0.0383335724473,0.77556347847,0.627345025539
-0.699053823948,-0.0757722556591,1.39469277859,0.059108696878,0.0382448993623,0.776284813881,0.62643879652
-0.699205577374,-0.0755818486214,1.39465892315,0.0591107532382,0.0377649515867,0.776934862137,0.625661253929
-0.699222505093,-0.0753231346607,1.39447534084,0.060021057725,0.0369747467339,0.778703033924,0.623419582844
-0.699341952801,-0.0751288160682,1.39443469048,0.0600784085691,0.0366631671786,0.779346048832,0.622628390789
-0.699242115021,-0.0750578939915,1.394775033,0.0590919181705,0.0339094735682,0.779940962791,0.622133910656
-0.699563622475,-0.0747525691986,1.39442253113,0.0598601289093,0.0352293588221,0.780584096909,0.621179640293
-0.699670732021,-0.0745881423354,1.39435911179,0.0600053779781,0.0348669737577,0.781171798706,0.62044686079
-0.699670732021,-0.0745881423354,1.39435911179,0.0600053779781,0.0348669737577,0.781171798706,0.62044686079
-0.699957430363,-0.0744429677725,1.39418423176,0.0607531741261,0.0336588807404,0.782838284969,0.618336856365
-0.699957430363,-0.0744429677725,1.39418423176,0.0607531741261,0.0336588807404,0.782838284969,0.618336856365
-0.700272500515,-0.074120387435,1.39390957355,0.0614059492946,0.0333775468171,0.783934235573,0.616897523403
-0.70025485754,-0.0741371065378,1.39425325394,0.0608253180981,0.0309911165386,0.784555971622,0.616288721561
-0.700420200825,-0.0739997029305,1.39415574074,0.0608859919012,0.0307032670826,0.785163402557,0.615523040295
-0.700420200825,-0.0739997029305,1.39415574074,0.0608859919012,0.0307032670826,0.785163402557,0.615523040295
-0.700743615627,-0.0737946107984,1.39413368702,0.0607077777386,0.0306387934834,0.785968959332,0.614515006542
-0.700743615627,-0.0737946107984,1.39413368702,0.0607077777386,0.0306387934834,0.785968959332,0.614515006542
-0.700971484184,-0.0732918232679,1.39395904541,0.0604361928999,0.030057169497,0.787022829056,0.613220334053
-0.701239287853,-0.0732875019312,1.39401996136,0.0595767758787,0.0304042156786,0.786519527435,0.613932609558
-0.701239287853,-0.0732875019312,1.39401996136,0.0595767758787,0.0304042156786,0.786519527435,0.613932609558
-0.701399564743,-0.0729314535856,1.39378416538,0.0603585615754,0.0298626665026,0.788912057877,0.610805213451
-0.70148319006,-0.0728172212839,1.39373123646,0.0604142509401,0.0299169812351,0.789400100708,0.610166072845
-0.701560258865,-0.072658739984,1.39363646507,0.0601459220052,0.0299005638808,0.789884924889,0.609565556049
-0.701406359673,-0.0724915936589,1.39370441437,0.0589133836329,0.0282667409629,0.790358424187,0.60915017128
-0.702138543129,-0.0723552554846,1.39322781563,0.0611274540424,0.0308157559484,0.792078614235,0.60656863451
-0.702297985554,-0.0720585212111,1.39316236973,0.0606828033924,0.0305696632713,0.79274392128,0.605755865574
-0.702472567558,-0.0719568133354,1.39306735992,0.0602988302708,0.0305998791009,0.793468892574,0.604842841625
-0.702630460262,-0.0718576982617,1.39305841923,0.0597778223455,0.0302534196526,0.794270336628,0.603859245777
-0.702630460262,-0.0718576982617,1.39305841923,0.0597778223455,0.0302534196526,0.794270336628,0.603859245777
-0.702887058258,-0.0716774985194,1.39303231239,0.0587229281664,0.0301407147199,0.796049952507,0.601620912552
-0.703172922134,-0.071535281837,1.3929387331,0.0582564175129,0.0303977243602,0.797066748142,0.600305736065
-0.703172922134,-0.071535281837,1.3929387331,0.0582564175129,0.0303977243602,0.797066748142,0.600305736065
-0.70366704464,-0.071223154664,1.39297103882,0.0566475875676,0.029960365966,0.799461901188,0.597289144993
-0.703887045383,-0.0712544694543,1.39308309555,0.0556585676968,0.0294956397265,0.800698339939,0.595746994019
-0.70414853096,-0.0711401998997,1.39311361313,0.0552787035704,0.030146703124,0.802024424076,0.593963325024
-0.704175174236,-0.0711186528206,1.39344584942,0.0530386678874,0.027754733339,0.803424239159,0.592390120029
-0.704175174236,-0.0711186528206,1.39344584942,0.0530386678874,0.027754733339,0.803424239159,0.592390120029
-0.704477250576,-0.0704996064305,1.39311480522,0.0513222664595,0.0295382943004,0.805735528469,0.589307963848
-0.704773366451,-0.0703880488873,1.39319014549,0.0504068657756,0.0300689004362,0.807595133781,0.586809158325
-0.704927563667,-0.0701205953956,1.3931145668,0.0493251532316,0.0304246563464,0.808825314045,0.585186421871
-0.705105185509,-0.0700625777245,1.39308094978,0.0483361743391,0.0310189109296,0.810191631317,0.583344817162
-0.705238044262,-0.0699489340186,1.39318883419,0.0470083095133,0.0311512742192,0.811773538589,0.581243216991
-0.705381631851,-0.0698363631964,1.39333415031,0.0458671711385,0.0311674680561,0.8134136796,0.579036235809
-0.705540776253,-0.069680005312,1.39335119724,0.0446609891951,0.031420327723,0.814831495285,0.577120304108
-0.705648064613,-0.0695815384388,1.39345574379,0.0434103682637,0.0318772047758,0.816261827946,0.575166106224
-0.705920338631,-0.0695489495993,1.3936829567,0.0405528433621,0.0327197872102,0.816262722015,0.575326085091
-0.705921411514,-0.0692830458283,1.39361083508,0.0402045920491,0.0331198908389,0.819061517715,0.571336209774
-0.705999672413,-0.0691612288356,1.39373672009,0.0388777479529,0.0328666642308,0.82041656971,0.569495379925
-0.705999672413,-0.0691612288356,1.39373672009,0.0388777479529,0.0328666642308,0.82041656971,0.569495379925
-0.705979764462,-0.0688440203667,1.3939204216,0.0362243801355,0.0330096930265,0.823256254196,0.56555056572
-0.706096470356,-0.0685960501432,1.39386212826,0.0350539721549,0.0335135906935,0.824683487415,0.563511490822
-0.706147551537,-0.0685383379459,1.39393901825,0.0338437110186,0.0341452769935,0.825976669788,0.561650395393
-0.706251502037,-0.0685741528869,1.39405274391,0.0327068939805,0.0344202443957,0.827349662781,0.559676766396
-0.706252217293,-0.0683238506317,1.39409708977,0.0312946438789,0.0342855192721,0.82840269804,0.5582062006
-0.706252217293,-0.0683238506317,1.39409708977,0.0312946438789,0.0342855192721,0.82840269804,0.5582062006
-0.706417143345,-0.0681774094701,1.39429974556,0.028810955584,0.0351200290024,0.830856382847,0.554629743099
-0.706315934658,-0.0681123808026,1.39428651333,0.0268933810294,0.0350510179996,0.831689238548,0.55348110199
-0.705749571323,-0.0682568997145,1.3947687149,0.0237473938614,0.0321902893484,0.832218110561,0.553003489971
-0.705837965012,-0.0682481452823,1.39493119717,0.0223224535584,0.0321402549744,0.833196341991,0.551590979099
-0.705884158611,-0.0682005435228,1.39507138729,0.0210056845099,0.0325433276594,0.834105432034,0.550243556499
-0.706182897091,-0.0683086663485,1.39520311356,0.0191716440022,0.0325906611979,0.835640132427,0.547974467278
-0.706174433231,-0.0683831274509,1.3953871727,0.0177717581391,0.0321315191686,0.836477577686,0.546769738197
-0.706174433231,-0.0683831274509,1.3953871727,0.0177717581391,0.0321315191686,0.836477577686,0.546769738197
-0.7062048316,-0.068482235074,1.39561140537,0.0155466450378,0.032456766814,0.837996959686,0.544487059116
-0.70625525713,-0.0686180591583,1.39569807053,0.0145122846588,0.0323979482055,0.838832676411,0.543230652809
-0.706246972084,-0.0687104016542,1.39575195312,0.0136217726395,0.0324424766004,0.839346110821,0.542457520962
-0.706246972084,-0.0687104016542,1.39575195312,0.0136217726395,0.0324424766004,0.839346110821,0.542457520962
-0.706171214581,-0.0687823593616,1.39582884312,0.0129028167576,0.0326749570668,0.83996284008,0.541505694389
-0.706110954285,-0.0690962821245,1.39592313766,0.0113940238953,0.0324388183653,0.84084802866,0.540178179741
-0.706089258194,-0.069258980453,1.39594256878,0.0107139181346,0.0323212854564,0.841239988804,0.539588749409
-0.706089258194,-0.069258980453,1.39594256878,0.0107139181346,0.0323212854564,0.841239988804,0.539588749409
-0.70596575737,-0.0696691647172,1.39596796036,0.00983877945691,0.032287016511,0.841867268085,0.538628220558
-0.70596575737,-0.0696691647172,1.39596796036,0.00983877945691,0.032287016511,0.841867268085,0.538628220558
-0.705565392971,-0.0697069689631,1.39596617222,0.0097417710349,0.0324073024094,0.841412067413,0.539333641529
-0.705529928207,-0.0702450871468,1.3959813118,0.00896493345499,0.0325731709599,0.841929256916,0.538529276848
-0.705529928207,-0.0702450871468,1.3959813118,0.00896493345499,0.0325731709599,0.841929256916,0.538529276848
-0.705475687981,-0.0706091448665,1.39595746994,0.00865015108138,0.0324487127364,0.84190171957,0.538585186005
-0.705323815346,-0.0713354051113,1.39598321915,0.00759038655087,0.0321403779089,0.841663002968,0.538992345333
-0.705323815346,-0.0713354051113,1.39598321915,0.00759038655087,0.0321403779089,0.841663002968,0.538992345333
-0.70527535677,-0.0717320665717,1.39601361752,0.00749140931293,0.0318535678089,0.841544032097,0.539196491241
-0.705222666264,-0.0726866349578,1.39612817764,0.00685770623386,0.031812582165,0.841120064259,0.539868593216
-0.705718278885,-0.0729171335697,1.39573097229,0.0080723753199,0.0349892005324,0.841215491295,0.539506435394
-0.705718278885,-0.0729171335697,1.39573097229,0.0080723753199,0.0349892005324,0.841215491295,0.539506435394
-0.705022752285,-0.0733997896314,1.39616835117,0.00629835762084,0.0318655744195,0.840443253517,0.540925264359
-0.704862117767,-0.0744051188231,1.39622592926,0.00588160008192,0.0319325439632,0.839648544788,0.542158842087
-0.705299437046,-0.0746009498835,1.39566206932,0.00773558346555,0.0350851081312,0.840145111084,0.541170418262
-0.704621136189,-0.0753367319703,1.39625954628,0.00540993735194,0.0319675505161,0.839015483856,0.5431407094
-0.704621136189,-0.0753367319703,1.39625954628,0.00540993735194,0.0319675505161,0.839015483856,0.5431407094
-0.704536736012,-0.0758993402123,1.39624321461,0.00551437120885,0.0323819592595,0.838776886463,0.543483674526
-0.704210042953,-0.0770446807146,1.39635801315,0.00529978750274,0.0322442092001,0.837873518467,0.544885516167
-0.704038619995,-0.0775459781289,1.39637589455,0.00538317626342,0.0323824845254,0.837552905083,0.545369267464
-0.704038619995,-0.0775459781289,1.39637589455,0.00538317626342,0.0323824845254,0.837552905083,0.545369267464
-0.704444766045,-0.0778768584132,1.39586532116,0.00704944925383,0.0361061654985,0.83759701252,0.545048594475
-0.703629553318,-0.0784837007523,1.39628887177,0.00559376366436,0.033033080399,0.836491644382,0.546954751015
-0.704047858715,-0.0788908824325,1.39584004879,0.00736240437254,0.0363994240761,0.836380839348,0.546889483929
-0.703453719616,-0.0803207308054,1.39621305466,0.00593571271747,0.0335800349712,0.835511624813,0.548413574696
-0.703464627266,-0.081052325666,1.39641213417,0.00642414204776,0.0334962457418,0.835111021996,0.549023151398
-0.703115940094,-0.0815929025412,1.39620029926,0.0062853093259,0.0340180620551,0.833979964256,0.550709366798
-0.703047454357,-0.0823201984167,1.39638829231,0.00684387888759,0.034018356353,0.833667635918,0.551175475121
-0.70335906744,-0.0830049142241,1.39647758007,0.00815744884312,0.034917820245,0.833637297153,0.5511469841
-0.703131496906,-0.0835988298059,1.39642596245,0.00800911430269,0.0349970720708,0.832719087601,0.55253046751
-0.703131496906,-0.0835988298059,1.39642596245,0.00800911430269,0.0349970720708,0.832719087601,0.55253046751
-0.702893912792,-0.0842280015349,1.39644992352,0.00814745482057,0.0351560749114,0.832277297974,0.553183734417
-0.701867759228,-0.0854526683688,1.39644372463,0.00757819740102,0.0341164618731,0.830747783184,0.555550813675
-0.701735913754,-0.0860674381256,1.3964599371,0.00788841769099,0.0342298969626,0.830412447453,0.556040763855
-0.701469659805,-0.0867491513491,1.39649486542,0.00828964356333,0.0344562977552,0.829835951328,0.556880891323
-0.701469659805,-0.0867491513491,1.39649486542,0.00828964356333,0.0344562977552,0.829835951328,0.556880891323
-0.701048970222,-0.0882661789656,1.39665675163,0.0082124741748,0.0353210344911,0.828538954258,0.558755993843
-0.700651586056,-0.0889104604721,1.39658844471,0.00934419129044,0.0350966006517,0.828384339809,0.558981537819
-0.700337290764,-0.089484103024,1.39653778076,0.00911654345691,0.0361122898757,0.82728689909,0.560543835163
-0.700337290764,-0.089484103024,1.39653778076,0.00911654345691,0.0361122898757,0.82728689909,0.560543835163
-0.699903249741,-0.0910529121757,1.39661800861,0.0100651225075,0.0362730883062,0.826502859592,0.561672568321
-0.699666619301,-0.0917742401361,1.3966190815,0.0106097878888,0.0364999212325,0.82610052824,0.562239348888
-0.699730336666,-0.0924971178174,1.39647626877,0.0129691082984,0.0379040203989,0.826572418213,0.561402976513
-0.699101924896,-0.0931720137596,1.39657819271,0.0131884012371,0.0385257601738,0.824557960033,0.564310252666
-0.698375701904,-0.0938570648432,1.39652180672,0.0133239394054,0.0369517765939,0.824039101601,0.56516957283
-0.699058592319,-0.0947318524122,1.39612150192,0.0146770719439,0.0410120412707,0.824054300785,0.564833760262
-0.698353588581,-0.0958378091455,1.39667499065,0.0125352982432,0.0379178337753,0.821654081345,0.568585693836
-0.697943925858,-0.0965745747089,1.39647448063,0.0147668812424,0.0371594578028,0.822547852993,0.567288577557
-0.698296248913,-0.0971274077892,1.39595735073,0.0170227363706,0.0409901700914,0.822215914726,0.567442595959
-0.698296248913,-0.0971274077892,1.39595735073,0.0170227363706,0.0409901700914,0.822215914726,0.567442595959
-0.697341740131,-0.0992017909884,1.39652633667,0.0159497894347,0.0381912179291,0.819942355156,0.570947945118
-0.697114109993,-0.100022062659,1.3966230154,0.015488835983,0.0387529246509,0.818496704102,0.572993457317
-0.697114109993,-0.100022062659,1.3966230154,0.015488835983,0.0387529246509,0.818496704102,0.572993457317
-0.696693062782,-0.10212393105,1.3966999054,0.0175367873162,0.0382071249187,0.817587256432,0.574268043041
-0.697098851204,-0.102847650647,1.39663100243,0.0203045066446,0.0407876595855,0.816983044147,0.574859023094
-0.697043657303,-0.103841416538,1.39634156227,0.020188074559,0.0416283346713,0.816336095333,0.575721263885
-0.697043657303,-0.103841416538,1.39634156227,0.020188074559,0.0416283346713,0.816336095333,0.575721263885
-0.696850001812,-0.104776442051,1.39690124989,0.0214610099792,0.0404538959265,0.815363407135,0.577135622501
-0.696122229099,-0.106824204326,1.39695394039,0.0217171013355,0.0389576181769,0.813170492649,0.580314218998
-0.696122229099,-0.106824204326,1.39695394039,0.0217171013355,0.0389576181769,0.813170492649,0.580314218998
-0.695841610432,-0.108741216362,1.39698445797,0.022771846503,0.0385497957468,0.811349630356,0.582844078541
-0.695841610432,-0.108741216362,1.39698445797,0.022771846503,0.0385497957468,0.811349630356,0.582844078541
-0.695268213749,-0.110737018287,1.39771330357,0.0244426932186,0.0359065048397,0.809094905853,0.586070597172
-0.695661902428,-0.111843317747,1.39711117744,0.0250362157822,0.0378595925868,0.808319687843,0.586991608143
-0.69588893652,-0.112786740065,1.39746940136,0.0276539027691,0.0381099805236,0.807719409466,0.587683856487
-0.69588893652,-0.112786740065,1.39746940136,0.0276539027691,0.0381099805236,0.807719409466,0.587683856487
-0.695178508759,-0.11501801759,1.39715301991,0.0249846167862,0.0358891822398,0.805048823357,0.591594696045
-0.69608938694,-0.116106837988,1.39704334736,0.026768155396,0.0393507927656,0.803772687912,0.593029975891
-0.695949137211,-0.117163144052,1.39650022984,0.0269160661846,0.0395097956061,0.803537726402,0.593330919743
-0.695860564709,-0.117938600481,1.39755356312,0.0292594581842,0.0367281734943,0.802491307259,0.594813108444
-0.696027755737,-0.11936532706,1.39707672596,0.0275402143598,0.0382626764476,0.80046582222,0.597521603107
-0.696027755737,-0.11936532706,1.39707672596,0.0275402143598,0.0382626764476,0.80046582222,0.597521603107
-0.696064472198,-0.121347218752,1.39750468731,0.0308023449033,0.0363108664751,0.799604296684,0.598636627197
-0.696064472198,-0.121347218752,1.39750468731,0.0308023449033,0.0363108664751,0.799604296684,0.598636627197
-0.696280777454,-0.123476132751,1.39764177799,0.0307179279625,0.0358765684068,0.796585857868,0.602677643299
-0.696106076241,-0.124707825482,1.39757514,0.0310192331672,0.0343670323491,0.796770811081,0.602505624294
-0.696230053902,-0.125997170806,1.39757311344,0.0313951782882,0.0338074788451,0.795475244522,0.604227244854
-0.696230053902,-0.125997170806,1.39757311344,0.0313951782882,0.0338074788451,0.795475244522,0.604227244854
-0.696348428726,-0.1280284971,1.39760613441,0.0324389189482,0.0331898443401,0.793427348137,0.606893122196
-0.696569025517,-0.129187718034,1.39743947983,0.0336738415062,0.0343292690814,0.792200386524,0.608363687992
-0.696787178516,-0.130219653249,1.39687108994,0.0336876921356,0.0355998985469,0.791060686111,0.60977101326
-0.696758687496,-0.131276875734,1.39736402035,0.0344984084368,0.0337083898485,0.789768815041,0.611505389214
-0.696955859661,-0.132512047887,1.39690804482,0.0342246778309,0.0348846241832,0.788685023785,0.612852096558
-0.696955859661,-0.132512047887,1.39690804482,0.0342246778309,0.0348846241832,0.788685023785,0.612852096558
-0.697088718414,-0.133508369327,1.39740133286,0.0358437038958,0.0337689146399,0.787579655647,0.614241838455
-0.697356462479,-0.136155232787,1.39588868618,0.0334118120372,0.0364133901894,0.785177409649,0.617295980453
-0.697424709797,-0.13692612946,1.39731836319,0.0366627275944,0.0325699485838,0.784306466579,0.618432283401
-0.697424709797,-0.13692612946,1.39731836319,0.0366627275944,0.0325699485838,0.784306466579,0.618432283401
-0.697743952274,-0.139298975468,1.39722073078,0.0369464978576,0.0318136736751,0.781779170036,0.621646463871
-0.697891652584,-0.140651598573,1.39730620384,0.0374832041562,0.0314678922296,0.780676603317,0.623015999794
-0.698150575161,-0.141805142164,1.39730358124,0.0380614362657,0.0313923694193,0.779654383659,0.624263465405
-0.698150575161,-0.141805142164,1.39730358124,0.0380614362657,0.0313923694193,0.779654383659,0.624263465405
-0.697889924049,-0.144209846854,1.39719307423,0.0357373133302,0.028653383255,0.776433944702,0.628531694412
-0.698704481125,-0.145470961928,1.39732646942,0.0369360260665,0.0297035910189,0.77466750145,0.63059002161
-0.698804020882,-0.146911755204,1.39729702473,0.0383637286723,0.028819963336,0.774671554565,0.630540788174
-0.698906898499,-0.148200958967,1.39710938931,0.0387534275651,0.029135890305,0.77320253849,0.632303059101
-0.69904011488,-0.149450227618,1.39703595638,0.0392778590322,0.0289514474571,0.771722495556,0.634084641933
-0.69904011488,-0.149450227618,1.39703595638,0.0392778590322,0.0289514474571,0.771722495556,0.634084641933
-0.698932170868,-0.151813969016,1.39728355408,0.0398246832192,0.0264315921813,0.768325924873,0.63827162981
-0.698932170868,-0.151813969016,1.39728355408,0.0398246832192,0.0264315921813,0.768325924873,0.63827162981
-0.699939906597,-0.154698461294,1.39735841751,0.0424447618425,0.0267263446003,0.766962766647,0.639728307724
-0.700312852859,-0.155894607306,1.39715242386,0.0429070554674,0.0287879258394,0.764429211617,0.642633914948
-0.700185835361,-0.157320022583,1.39712154865,0.0431589372456,0.026704357937,0.764214992523,0.642961800098
-0.700399935246,-0.158769145608,1.39709722996,0.0427096672356,0.0275448355824,0.761480391026,0.646192610264
-0.700414001942,-0.160087019205,1.39702510834,0.0431214310229,0.0273421611637,0.759963035583,0.64795768261
-0.700520992279,-0.161594286561,1.39695107937,0.0449186973274,0.0271770171821,0.759905636311,0.647909760475
-0.700663864613,-0.163010165095,1.39668905735,0.0441449172795,0.0280605908483,0.757245600224,0.651032269001
-0.700586020947,-0.164305090904,1.39664721489,0.045673687011,0.0270261764526,0.757011294365,0.65124309063
-0.700586020947,-0.164305090904,1.39664721489,0.045673687011,0.0270261764526,0.757011294365,0.65124309063
-0.699843525887,-0.167138010263,1.39621627331,0.0461034327745,0.0265073347837,0.753287732601,0.655537545681
-0.700015544891,-0.168487966061,1.39608633518,0.0466664172709,0.0262508280575,0.752659440041,0.656229436398
-0.700600326061,-0.169913262129,1.39577186108,0.0501081831753,0.0290236882865,0.752150177956,0.656442761421
-0.700600326061,-0.169913262129,1.39577186108,0.0501081831753,0.0290236882865,0.752150177956,0.656442761421
-0.700553953648,-0.17314478755,1.39594268799,0.0523764304817,0.0275285523385,0.750335276127,0.658404171467
-0.700325667858,-0.174745127559,1.39580368996,0.0521782338619,0.0264683999121,0.749545097351,0.659362494946
-0.700301289558,-0.176323965192,1.39541304111,0.0529689528048,0.0274336952716,0.748589038849,0.660345613956
-0.700348973274,-0.178104817867,1.39579248428,0.0534099265933,0.0265973508358,0.746609270573,0.662581801414
-0.699644625187,-0.179466485977,1.39477562904,0.0532418638468,0.02671690844,0.746219396591,0.663029551506
-0.699561357498,-0.181293025613,1.39414346218,0.0520254671574,0.0282697509974,0.744122743607,0.665413916111
-0.69932538271,-0.182654947042,1.39427876472,0.0547377243638,0.0265320278704,0.744614720345,0.664717137814
-0.699225366116,-0.18421420455,1.39434611797,0.055711414665,0.026364762336,0.742756962776,0.666718184948
-0.699084877968,-0.186167374253,1.39422404766,0.0571068264544,0.0259555671364,0.742317378521,0.667105674744
-0.698733448982,-0.187771826982,1.3939665556,0.0597381331027,0.0250940322876,0.742784023285,0.666388511658
-0.699014306068,-0.189540505409,1.39384078979,0.0631194636226,0.0262519493699,0.742886483669,0.665917813778
-0.699052274227,-0.191382184625,1.39370691776,0.063853263855,0.0270572770387,0.741915106773,0.666897773743
-0.698256909847,-0.192986562848,1.39350807667,0.0648442953825,0.0238765254617,0.741449177265,0.667441546917
-0.698069155216,-0.19465187192,1.39336133003,0.0657421573997,0.0243401359767,0.739705383778,0.669269382954
-0.697851777077,-0.196313336492,1.39354157448,0.0682422146201,0.0229893177748,0.739441931248,0.66935813427
-0.697533130646,-0.198109328747,1.39322757721,0.070694103837,0.0219130497426,0.740103363991,0.668408095837
-0.69744437933,-0.199948057532,1.39311814308,0.0718036517501,0.0216415841132,0.738852381706,0.669681251049
-0.697197854519,-0.201619341969,1.39287054539,0.0753023028374,0.0204167366028,0.739732801914,0.668362319469
-0.69696444273,-0.203433692455,1.39268350601,0.0758532956243,0.0203749891371,0.738171100616,0.67002594471
-0.696528375149,-0.20502910018,1.39252817631,0.0782403200865,0.0191643703729,0.738122522831,0.669840633869
-0.696636676788,-0.206733465195,1.39205908775,0.0831543207169,0.0200391672552,0.739605784416,0.667582988739
-0.695899069309,-0.208498001099,1.39181697369,0.0836830064654,0.0180680602789,0.738850057125,0.668409645557
-0.695717155933,-0.210331887007,1.39176058769,0.0852553844452,0.0177249480039,0.737536430359,0.669669747353
-0.695954144001,-0.211986064911,1.39103162289,0.0902613475919,0.0207478888333,0.738028168678,0.668383836746
-0.695368528366,-0.213673204184,1.39086735249,0.0918269380927,0.0178726688027,0.738807916641,0.667391359806
-0.694707870483,-0.215200334787,1.39098477364,0.0934520661831,0.014858070761,0.738414824009,0.667674660683
-0.69442242384,-0.217247024179,1.39056992531,0.0955169349909,0.0146853653714,0.738147556782,0.667681872845
-0.694392502308,-0.218931376934,1.39006984234,0.0989596322179,0.0159094724804,0.738530993462,0.6667278409
-0.694014787674,-0.22062510252,1.38978028297,0.101252123713,0.0147199286148,0.738200724125,0.6667765975
-0.693408429623,-0.222423225641,1.38958120346,0.100655131042,0.012906559743,0.736493110657,0.6687900424
-0.693428397179,-0.224120020866,1.38912463188,0.106071569026,0.0133876651525,0.738163530827,0.666096329689
-0.693068027496,-0.225814267993,1.38878214359,0.108298711479,0.0124736716971,0.737757444382,0.666205585003
-0.693068027496,-0.225814267993,1.38878214359,0.108298711479,0.0124736716971,0.737757444382,0.666205585003
-0.692405998707,-0.229254513979,1.38768792152,0.112182840705,0.011866687797,0.736875653267,0.666549742222
-0.69155728817,-0.230812177062,1.38738906384,0.112764105201,0.00976778101176,0.73563927412,0.667850255966
-0.69155728817,-0.230812177062,1.38738906384,0.112764105201,0.00976778101176,0.73563927412,0.667850255966
-0.691428899765,-0.234213009477,1.38618278503,0.118530541658,0.0109411738813,0.735634863377,0.666837394238
-0.691248357296,-0.235949128866,1.38654458523,0.122125886381,0.00884826853871,0.735349953175,0.666533827782
-0.690522134304,-0.237469121814,1.38637650013,0.12175745517,0.00646900665015,0.733172535896,0.66902256012
-0.690229654312,-0.239053547382,1.38598752022,0.1233760342,0.00588710326701,0.733022034168,0.668896436691
-0.689848303795,-0.240527242422,1.38554298878,0.126294329762,0.00445185368881,0.733969092369,0.667322576046
-0.690110087395,-0.241965502501,1.38517987728,0.130372732878,0.00545854261145,0.734597444534,0.665837705135
-0.690110087395,-0.241965502501,1.38517987728,0.130372732878,0.00545854261145,0.734597444534,0.665837705135
-0.689549148083,-0.243703871965,1.38489437103,0.131728634238,0.00563045451418,0.732180774212,0.668226897717
-0.688958108425,-0.246571332216,1.38420677185,0.137287169695,0.00307569885626,0.733348429203,0.665840029716
-0.688681602478,-0.24791392684,1.38306045532,0.138684108853,0.00627559935674,0.732229530811,0.666758716106
-0.688344538212,-0.249512583017,1.38299572468,0.13821361959,0.00462213065475,0.730982542038,0.668236792088
-0.688344538212,-0.249512583017,1.38299572468,0.13821361959,0.00462213065475,0.730982542038,0.668236792088
-0.687871456146,-0.252280056477,1.38237929344,0.143489912152,0.00188743683975,0.732243895531,0.665752291679
-0.687581181526,-0.25348892808,1.38209033012,0.144558757544,0.00231769634411,0.731443583965,0.66639906168
-0.687385201454,-0.254797905684,1.38194644451,0.145912781358,0.00191641831771,0.730881989002,0.666721343994
-0.687303841114,-0.25636652112,1.3816781044,0.146910995245,0.00130436604377,0.730154752731,0.6673001647
-0.68688005209,-0.257442325354,1.38124251366,0.149851664901,-0.000624740554485,0.731485724449,0.665186166763
-0.686709880829,-0.258819669485,1.38093924522,0.150807365775,-0.000309933617245,0.730818092823,0.665704071522
-0.686623692513,-0.260071784258,1.38073956966,0.152457103133,-0.00111676880624,0.730471551418,0.665707945824
-0.68655693531,-0.261208325624,1.38114082813,0.153702735901,-0.00251335743815,0.729354918003,0.666641354561
-0.686277449131,-0.262381732464,1.38082873821,0.155781343579,-0.00376282539219,0.730032384396,0.665410220623
-0.686207234859,-0.26358371973,1.38058483601,0.156822532415,-0.00489094201475,0.729746639729,0.665471732616
-0.6860024333,-0.264643371105,1.38022434711,0.158065900207,-0.0052912295796,0.729670345783,0.665258049965
-0.6860024333,-0.264643371105,1.38022434711,0.158065900207,-0.0052912295796,0.729670345783,0.665258049965
-0.685947656631,-0.26699501276,1.37978434563,0.159774914384,-0.00568467658013,0.728041768074,0.666629612446
-0.68569868803,-0.268002331257,1.37932360172,0.162181735039,-0.007393267937,0.729448199272,0.664490699768
-0.685645282269,-0.269074082375,1.37930250168,0.16292847693,-0.00775923021138,0.729202866554,0.664573073387
-0.685542881489,-0.269894778728,1.37906646729,0.165039673448,-0.0102374199778,0.728824198246,0.664434015751
-0.685426712036,-0.270958125591,1.37881231308,0.164658695459,-0.00932250544429,0.728720247746,0.664655923843
-0.68538749218,-0.271927058697,1.3785930872,0.164616212249,-0.00904750917107,0.727616906166,0.665877878666
-0.68538749218,-0.271927058697,1.3785930872,0.164616212249,-0.00904750917107,0.727616906166,0.665877878666
-0.685163497925,-0.273345053196,1.3777436018,0.169558599591,-0.0104792248458,0.72801220417,0.66418248415
-0.685045599937,-0.27465480566,1.37777888775,0.168274030089,-0.0110620446503,0.728393316269,0.664082050323
-0.684849858284,-0.275331377983,1.37750351429,0.16899907589,-0.011370244436,0.728183925152,0.664122164249
-0.684821367264,-0.276295661926,1.37727308273,0.169589847326,-0.0115414345637,0.72834867239,0.663787841797
-0.684740483761,-0.276900351048,1.3774061203,0.170113265514,-0.0121049080044,0.727514863014,0.664557874203
-0.684624791145,-0.277804732323,1.3765925169,0.169840916991,-0.0111600225791,0.727280974388,0.664899885654
-0.68436396122,-0.278370916843,1.37630021572,0.171746239066,-0.0130170583725,0.728752195835,0.662762403488
-0.684407532215,-0.279523670673,1.37598228455,0.171451747417,-0.0120430765674,0.728808224201,0.662795603275
-0.684302389622,-0.280098646879,1.37580657005,0.172040224075,-0.0122518846765,0.728976428509,0.662454307079
-0.684183359146,-0.280651211739,1.37572824955,0.172759205103,-0.0127320839092,0.729103147984,0.662118434906
-0.684167921543,-0.281512320042,1.3755787611,0.172604888678,-0.0123468218371,0.728880286217,0.662411212921
-0.684243381023,-0.282303184271,1.3753824234,0.17385815084,-0.0133676854894,0.727891981602,0.663150131702
-0.68405765295,-0.282869547606,1.37523388863,0.174181580544,-0.013345987536,0.728301048279,0.662616252899
-0.683982014656,-0.283641785383,1.37504327297,0.174176901579,-0.0127573134378,0.729236364365,0.661599636078
-0.68395036459,-0.28443428874,1.3749371767,0.174602672458,-0.0130271576345,0.729490637779,0.661201715469
-0.683746814728,-0.284863591194,1.37540853024,0.176639571786,-0.0156406555325,0.73085463047,0.659094333649
-0.683649659157,-0.285516649485,1.3753080368,0.176414236426,-0.0151226921007,0.73077750206,0.659252285957
-0.683371782303,-0.28584420681,1.37450408936,0.177828893065,-0.0161503236741,0.731295108795,0.658273100853
-0.683338105679,-0.28660184145,1.37430667877,0.177608758211,-0.0155200203881,0.731415629387,0.658213853836
-0.68327075243,-0.287124663591,1.37495529652,0.17908757925,-0.0176507178694,0.731921195984,0.657196819782
-0.68327075243,-0.287124663591,1.37495529652,0.17908757925,-0.0176507178694,0.731921195984,0.657196819782
-0.682815551758,-0.288248866796,1.37471342087,0.179491534829,-0.0172196161002,0.733065187931,0.655821442604
-0.682596445084,-0.288750350475,1.37467062473,0.180088371038,-0.0176349561661,0.733426213264,0.655242860317
-0.682458400726,-0.289207339287,1.37458837032,0.179964989424,-0.0172314364463,0.733285725117,0.655444800854
-0.682458400726,-0.289207339287,1.37458837032,0.179964989424,-0.0172314364463,0.733285725117,0.655444800854
-0.682266652584,-0.290082216263,1.37408876419,0.181873947382,-0.0152771724388,0.73378688097,0.654404580593
-0.681765437126,-0.290661454201,1.37404108047,0.181872040033,-0.0179921146482,0.73516947031,0.652782261372
-0.681519567966,-0.291089832783,1.37399566174,0.182430118322,-0.0182834081352,0.735386013985,0.652374625206
-0.681267976761,-0.291534364223,1.37389492989,0.183017462492,-0.0182350128889,0.735977113247,0.65154415369
-0.681090593338,-0.29195818305,1.37381267548,0.182701051235,-0.0177209116518,0.735920131207,0.651711583138
-0.680923104286,-0.292514234781,1.37312936783,0.182903796434,-0.0171768460423,0.735154271126,0.652533054352
-0.680755734444,-0.293079614639,1.37290108204,0.183105811477,-0.0168788731098,0.735795676708,0.651760756969
-0.680374026299,-0.293418765068,1.3727312088,0.184426426888,-0.0177537724376,0.737268865108,0.649697244167
-0.680191099644,-0.293786346912,1.37262177467,0.185275509953,-0.0175147131085,0.737642109394,0.649038076401
-0.679860591888,-0.29395326972,1.37265121937,0.185747355223,-0.0179341211915,0.73806655407,0.64840900898
-0.679544329643,-0.294328808784,1.37249135971,0.185976326466,-0.0180028229952,0.738418459892,0.647940397263
-0.679544329643,-0.294328808784,1.37249135971,0.185976326466,-0.0180028229952,0.738418459892,0.647940397263
-0.679045021534,-0.295197963715,1.37221264839,0.186312794685,-0.0174265243113,0.739870667458,0.646200597286
-0.678821146488,-0.295511126518,1.3722871542,0.187181785703,-0.0178060568869,0.740416109562,0.645313858986
-0.678651690483,-0.295914530754,1.3725477457,0.187998443842,-0.0186929441988,0.740876436234,0.644522607327
-0.678454756737,-0.296201199293,1.372418046,0.188470542431,-0.0198082998395,0.740653157234,0.644607901573
-0.678271949291,-0.296500205994,1.37230050564,0.189126312733,-0.019436609,0.741293668747,0.643690228462
-0.677908718586,-0.296782493591,1.37218368053,0.189311549067,-0.0195335652679,0.741338372231,0.64358150959
-0.677827060223,-0.297060966492,1.37276828289,0.189690440893,-0.0194073747844,0.742096483707,0.642599284649
-0.677827060223,-0.297060966492,1.37276828289,0.189690440893,-0.0194073747844,0.742096483707,0.642599284649
-0.677118778229,-0.297421514988,1.37249040604,0.192054286599,-0.0217068605125,0.743051290512,0.640717387199
-0.676498889923,-0.297694027424,1.37257599831,0.191101312637,-0.0231977850199,0.74298709631,0.641024589539
-0.676252663136,-0.297894924879,1.37218296528,0.190727576613,-0.0223534982651,0.743150115013,0.640976786613
-0.676041305065,-0.298023283482,1.37212646008,0.190868958831,-0.0222020857036,0.743659853935,0.640348613262
-0.675838112831,-0.298207581043,1.37206673622,0.191148042679,-0.0220596753061,0.743846416473,0.640053451061
-0.675641238689,-0.298339545727,1.37209761143,0.190151110291,-0.0205470602959,0.74435967207,0.639804065228
-0.675566077232,-0.298585355282,1.37206101418,0.189903452992,-0.0202410295606,0.742724359035,0.641784608364
-0.675200879574,-0.298656076193,1.37203729153,0.189809709787,-0.0194661598653,0.744327783585,0.639976322651
-0.675052165985,-0.298853546381,1.37189328671,0.190125033259,-0.0196785926819,0.743133246899,0.641263067722
-0.674856960773,-0.298989415169,1.37194275856,0.190341472626,-0.0197767298669,0.743290424347,0.641013503075
-0.674710214138,-0.299061715603,1.37190651894,0.190300807357,-0.0196385141462,0.743506193161,0.640779614449
-0.674384355545,-0.299138754606,1.37123668194,0.189154461026,-0.0180220212787,0.743525505066,0.641143918037
-0.674075186253,-0.299121916294,1.37134981155,0.188778057694,-0.0172276496887,0.745205163956,0.639324188232
-0.673956155777,-0.29920977354,1.3720446825,0.189673647285,-0.0188595745713,0.745456337929,0.638719856739
-0.673770964146,-0.299271553755,1.37197732925,0.1895737499,-0.0185208432376,0.745525598526,0.638678491116
-0.673622429371,-0.299317836761,1.37190055847,0.190530017018,-0.0195963121951,0.745527923107,0.638359248638
-0.67360073328,-0.299403101206,1.37196612358,0.189640372992,-0.0188122000545,0.744559049606,0.639776945114
-0.673416256905,-0.299530565739,1.37189745903,0.189628213644,-0.0184713024646,0.745506763458,0.638686060905
-0.673313260078,-0.29942715168,1.37193346024,0.189603492618,-0.0185369309038,0.745253741741,0.638986587524
-0.673173904419,-0.299433797598,1.37195086479,0.18955616653,-0.0185736715794,0.745412409306,0.63881444931
-0.673036694527,-0.299460679293,1.37193214893,0.189528480172,-0.0184353925288,0.7454611063,0.638769924641
-0.672957539558,-0.299588501453,1.37189531326,0.189496085048,-0.0182874202728,0.745588898659,0.638634443283
-0.672730267048,-0.299399733543,1.37152457237,0.188741222024,-0.0169354770333,0.745738267899,0.638720989227
-0.672597944736,-0.299356460571,1.37134099007,0.188484221697,-0.0163621585816,0.74574637413,0.638802230358
-0.672492802143,-0.299336016178,1.37131285667,0.188437715173,-0.0162162724882,0.745774209499,0.638787329197
-0.67237329483,-0.299282193184,1.37126123905,0.188231959939,-0.0160676576197,0.745761156082,0.638866782188
-0.67233479023,-0.299416363239,1.37119543552,0.188049137592,-0.0158396288753,0.746059477329,0.638577997684
-0.672243714333,-0.299387484789,1.37118554115,0.187932938337,-0.0157538019121,0.746094167233,0.638573825359
-0.672209203243,-0.299380064011,1.37177741528,0.188730031252,-0.0171662867069,0.746264755726,0.638102948666
-0.672065198421,-0.299306035042,1.37118327618,0.187742710114,-0.0155517803505,0.746236562729,0.638468325138
-0.672032654285,-0.299284249544,1.37182426453,0.188598498702,-0.0171152353287,0.746388375759,0.637998580933
-0.672032654285,-0.299284249544,1.37182426453,0.188598498702,-0.0171152353287,0.746388375759,0.637998580933
-0.671770095825,-0.299030423164,1.37125205994,0.187616109848,-0.0154839558527,0.74620372057,0.638545513153
-0.671699881554,-0.298976570368,1.3712593317,0.187544927001,-0.0153873274103,0.74620360136,0.638568937778
-0.67163836956,-0.299018412828,1.37122249603,0.187387183309,-0.0151676069945,0.746225833893,0.638594567776
-0.67156535387,-0.298963338137,1.37121939659,0.187285527587,-0.0149879334494,0.746223807335,0.638630926609
-0.671525537968,-0.298942387104,1.3718508482,0.188069626689,-0.016413224861,0.746261179447,0.638321876526
-0.67144548893,-0.298726797104,1.37191843987,0.187808632851,-0.0164037253708,0.746164023876,0.63851249218
-0.67144548893,-0.298726797104,1.37191843987,0.187808632851,-0.0164037253708,0.746164023876,0.63851249218
-0.671264052391,-0.29859906435,1.37197399139,0.18705406785,-0.0151911750436,0.747506380081,0.637192606926
-0.67118370533,-0.298442542553,1.37135052681,0.185860484838,-0.0136925224215,0.745984852314,0.639355182648
-0.670988321304,-0.298284173012,1.37135720253,0.186049029231,-0.0135368155316,0.747679293156,0.637321293354
-0.671124577522,-0.298414200544,1.37198603153,0.185804829001,-0.0139454966411,0.74672883749,0.638496816158
-0.671139478683,-0.298347979784,1.3719805479,0.185815259814,-0.0141821429133,0.74601483345,0.639322519302
-0.670931816101,-0.298139929771,1.3717290163,0.186291247606,-0.0142084881663,0.74698895216,0.638044834137
-0.670960128307,-0.298127502203,1.37183213234,0.185031175613,-0.0129275098443,0.745536983013,0.640133559704
-0.670770585537,-0.297875583172,1.37196266651,0.186169221997,-0.0139992106706,0.746830821037,0.63827008009
-0.671151936054,-0.297798603773,1.37189817429,0.187162876129,-0.0120554612949,0.747507214546,0.637226700783
-0.671045899391,-0.297581076622,1.3713299036,0.186450302601,-0.0104996310547,0.748109281063,0.636756300926
-0.670987546444,-0.297430872917,1.37138259411,0.186126634479,-0.0101800309494,0.748010396957,0.636972427368
-0.670915603638,-0.297325640917,1.37140524387,0.185844242573,-0.00959450658411,0.747991383076,0.637086033821
-0.670866966248,-0.29703399539,1.37148606777,0.185665026307,-0.00918421242386,0.747891545296,0.637261688709
-0.670826613903,-0.29687422514,1.37151801586,0.18528072536,-0.00867443252355,0.747789621353,0.637500166893
-0.670691013336,-0.296462476254,1.3716865778,0.184974044561,-0.00829098746181,0.747376322746,0.63807874918
-0.670691013336,-0.296462476254,1.3716865778,0.184974044561,-0.00829098746181,0.747376322746,0.63807874918
-0.67073392868,-0.296287417412,1.37172937393,0.182550519705,-0.00496702175587,0.747792303562,0.638323903084
-0.670295000076,-0.295997619629,1.37184870243,0.180844917893,-0.00602702004835,0.747224509716,0.639464199543
-0.670262336731,-0.295783758163,1.37191224098,0.180512189865,-0.00564705533907,0.74712741375,0.639674961567
-0.670251905918,-0.295531332493,1.37192153931,0.181282266974,-0.00648465799168,0.746953487396,0.639652431011
-0.670217394829,-0.295272886753,1.37199401855,0.179786220193,-0.00459370203316,0.746999144554,0.64003765583
-0.670195639133,-0.2949873209,1.37202262878,0.180516168475,-0.00540089793503,0.746897220612,0.639944732189
-0.670108616352,-0.294557750225,1.37224018574,0.179081812501,-0.00368410907686,0.747084677219,0.640141069889
-0.670108616352,-0.294557750225,1.37224018574,0.179081812501,-0.00368410907686,0.747084677219,0.640141069889
-0.670211613178,-0.294399440289,1.37233328819,0.177613466978,-0.00222627772018,0.745237827301,0.642704606056
-0.67023986578,-0.294142842293,1.37237346172,0.177106916904,-0.0016460242914,0.74540913105,0.642647385597
-0.670262634754,-0.293847829103,1.37309265137,0.177759200335,-0.00293725659139,0.745549738407,0.6422996521
-0.670262932777,-0.293511509895,1.37317919731,0.177463009953,-0.00276277726516,0.745639920235,0.642277657986
-0.670275807381,-0.293187409639,1.37333858013,0.177046373487,-0.00235479138792,0.746008396149,0.641966283321
-0.670043647289,-0.292660742998,1.37342345715,0.177155822515,-0.0021151220426,0.74774324894,0.63991522789
-0.670144021511,-0.292385339737,1.37313973904,0.177559643984,-0.00221403082833,0.747904658318,0.639614164829
-0.670545816422,-0.292081773281,1.37314927578,0.178444191813,-0.00051111454377,0.748513519764,0.638658761978
-0.670596599579,-0.291763901711,1.37332630157,0.177526891232,0.000292848562822,0.748331010342,0.63912820816
-0.670531451702,-0.291277527809,1.37349033356,0.177631109953,-0.00037469365634,0.748779177666,0.638574063778
-0.670618057251,-0.290978223085,1.37351989746,0.177263021469,-7.59217582527e-05,0.748966217041,0.638457119465
-0.670666694641,-0.29072317481,1.3736692667,0.174444884062,0.00251330598257,0.749058306217,0.639120042324
-0.670421004295,-0.290331870317,1.37418460846,0.173150017858,0.000671603076626,0.748316168785,0.640344917774
-0.67049986124,-0.289892971516,1.37390267849,0.172571390867,0.00106879626401,0.74775493145,0.641155600548
-0.670557022095,-0.289507478476,1.37401854992,0.172232761979,0.00109816435724,0.747948765755,0.641020536423
-0.670651555061,-0.289131492376,1.37441110611,0.172296434641,0.000466568861157,0.748341500759,0.640545547009
-0.670709192753,-0.288725197315,1.3744661808,0.171824902296,0.000651830923744,0.748571813107,0.640403032303
-0.670654654503,-0.288236707449,1.3745238781,0.172575563192,-0.00034481351031,0.750052630901,0.638465821743
-0.670728385448,-0.287727057934,1.37464284897,0.172426208854,-0.000410680688219,0.750336110592,0.638173103333
-0.670672476292,-0.287240386009,1.37470769882,0.172517538071,-0.000826218223665,0.751020312309,0.637342572212
-0.670672476292,-0.287240386009,1.37470769882,0.172517538071,-0.000826218223665,0.751020312309,0.637342572212
-0.670808434486,-0.286434590816,1.37494158745,0.171581268311,-4.32681881648e-05,0.751030027866,0.637584328651
-0.67101085186,-0.286260962486,1.37492525578,0.171172305942,-3.33108914674e-06,0.751524507999,0.637111485004
-0.67158305645,-0.285816431046,1.37509679794,0.171435907483,0.0018599574687,0.751003682613,0.637651801109
-0.671516418457,-0.28540456295,1.37511658669,0.171403944492,0.00190153368749,0.75103777647,0.637620031834
-0.67155790329,-0.285028219223,1.37516593933,0.171314910054,0.0018488195492,0.751135349274,0.637529313564
-0.671640872955,-0.284635961056,1.37500166893,0.17061111331,0.00203646137379,0.751231431961,0.637603998184
-0.67122733593,-0.284088075161,1.37523186207,0.169339597225,0.000868808128871,0.751975953579,0.637067973614
-0.671247243881,-0.283725380898,1.37524199486,0.169932231307,0.00012132946722,0.752430260181,0.636374056339
-0.671348333359,-0.283392071724,1.37519264221,0.169664815068,0.00018722389359,0.752444446087,0.636428534985
-0.671413481236,-0.283039689064,1.37520027161,0.169599786401,0.000154572931933,0.75241869688,0.636476278305
-0.671495616436,-0.282693445683,1.37519824505,0.170764118433,-0.00126883294433,0.752287685871,0.63631850481
-0.671590805054,-0.282410085201,1.37518799305,0.169378787279,0.000355781550752,0.752331912518,0.636637568474
-0.67173409462,-0.282144606113,1.37527549267,0.168703272939,0.00101073423866,0.751733481884,0.637522518635
-0.671871244907,-0.281873673201,1.37531113625,0.1687091887,0.00102909409907,0.751502275467,0.63779348135
-0.671936511993,-0.281543552876,1.37539339066,0.168569564819,0.00115175300743,0.75116276741,0.638230025768
-0.672050595284,-0.281266123056,1.37547647953,0.16975402832,-0.000228481483646,0.75077611208,0.638371825218
-0.672172367573,-0.281174361706,1.37541031837,0.170220330358,-0.000653409166262,0.750976979733,0.638011276722
-0.672241210938,-0.280712842941,1.37578618526,0.16925868392,0.000196588691324,0.750653207302,0.638648092747
-0.672360181808,-0.280412435532,1.37580478191,0.170408368111,-0.0013948722044,0.749743998051,0.639408409595
-0.672509491444,-0.280171215534,1.37587964535,0.170023366809,-0.000929848989472,0.74948990345,0.63980948925
-0.67264688015,-0.279900759459,1.37592887878,0.170135200024,-0.00104224251118,0.748802125454,0.640584349632
-0.672761559486,-0.2795997262,1.37593567371,0.169972360134,-0.000649853551295,0.748252689838,0.641269743443
-0.67292869091,-0.279366374016,1.37598848343,0.169745311141,-0.00058970937971,0.747453033924,0.642261743546
-0.673058271408,-0.279069662094,1.37613236904,0.168681576848,0.000401758530643,0.746470153332,0.643683612347
-0.67325514555,-0.279032945633,1.37600541115,0.168798059225,0.000465510995127,0.746665000916,0.643427193165
-0.673447430134,-0.278789132833,1.37611627579,0.168505162001,0.00037036271533,0.746088624001,0.64417219162
-0.673990249634,-0.278584599495,1.3761370182,0.168724387884,0.00245286454447,0.74549561739,0.64479637146
-0.67408144474,-0.278183013201,1.37635350227,0.168839395046,0.00226146378554,0.745040297508,0.64529311657
-0.674161970615,-0.277929544449,1.37635970116,0.168993636966,0.00203723181039,0.744845330715,0.645478487015
-0.674314796925,-0.277656853199,1.37649261951,0.16879221797,0.0021198715549,0.744337022305,0.646117091179
-0.674563109875,-0.277603596449,1.37645888329,0.168430671096,0.00239957333542,0.743943870068,0.646662950516
-0.674738645554,-0.27733540535,1.37636363506,0.167804658413,0.00321695161983,0.743393599987,0.647454440594
-0.674910008907,-0.277052313089,1.37656629086,0.167552888393,0.0031552715227,0.742957353592,0.648020446301
-0.674683094025,-0.276773571968,1.37664413452,0.164833441377,0.0036970868241,0.742342114449,0.649418592453
-0.674869179726,-0.276470094919,1.37671935558,0.165584266186,0.00225036079064,0.741655886173,0.650018036366
-0.675024628639,-0.276173353195,1.37677204609,0.165263056755,0.00258060637861,0.741516590118,0.650257349014
-0.675133764744,-0.275696694851,1.37687945366,0.164995625615,0.00246454984881,0.741138637066,0.65075647831
-0.675237953663,-0.275370687246,1.3770647049,0.164247602224,0.00303844292648,0.741203844547,0.650869011879
-0.675498604774,-0.275128662586,1.3772418499,0.162581726909,0.0043713003397,0.740020573139,0.652623832226
-0.67558836937,-0.274786859751,1.37722563744,0.163386434317,0.00324818654917,0.740748822689,0.651602387428
-0.675784826279,-0.274453580379,1.37739515305,0.162384733558,0.0039954748936,0.740085721016,0.65260130167
-0.675960063934,-0.274119794369,1.37737452984,0.161928355694,0.00423947302625,0.740059375763,0.652742922306
-0.67622089386,-0.273874700069,1.3775383234,0.160843551159,0.00476536061615,0.739016652107,0.654187381268
-0.676374256611,-0.273553550243,1.37765491009,0.16053442657,0.004815176595,0.739136993885,0.654126882553
-0.676837444305,-0.272993296385,1.37643873692,0.161108642817,0.0103527121246,0.739227473736,0.653819322586
-0.676803052425,-0.272686630487,1.37664139271,0.159899279475,0.0086521981284,0.739195346832,0.654177188873
-0.6769515872,-0.272333621979,1.37676918507,0.159881860018,0.00837607868016,0.739456951618,0.653889119625
-0.67697250843,-0.271970331669,1.37676525116,0.160823091865,0.00761325471103,0.740993797779,0.65192502737
-0.677302896976,-0.271226942539,1.3767029047,0.161653846502,0.0103729395196,0.739986717701,0.652824640274
-0.677032768726,-0.270940333605,1.37692379951,0.160942241549,0.00717523833737,0.741466522217,0.65136295557
-0.677032768726,-0.270940333605,1.37692379951,0.160942241549,0.00717523833737,0.741466522217,0.65136295557
-0.677158355713,-0.270296812057,1.37688279152,0.161822542548,0.00626903492957,0.743106007576,0.649282574654
-0.676743447781,-0.269607126713,1.37703847885,0.160048812628,0.00506382016465,0.74255746603,0.650359332561
-0.676898479462,-0.269320636988,1.37692010403,0.15940746665,0.00624883593991,0.741822600365,0.651344358921
-0.676762461662,-0.26877117157,1.37705183029,0.160609215498,0.00466049229726,0.743392705917,0.649269163609
-0.677343308926,-0.268112421036,1.37708055973,0.162659287453,0.00451547466218,0.745148062706,0.646742522717
-0.67666888237,-0.267544835806,1.37716495991,0.161382198334,0.00383218494244,0.74408107996,0.648293435574
-0.67711520195,-0.267262399197,1.37710297108,0.162782922387,0.0051618879661,0.745077848434,0.646787524223
-0.677102744579,-0.266503423452,1.37724483013,0.163011103868,0.00459600426257,0.745555043221,0.6461840868
-0.676977038383,-0.265776723623,1.37726461887,0.164004966617,0.00387507560663,0.746081829071,0.645328879356
-0.67703139782,-0.265371114016,1.3772906065,0.163605570793,0.00443924590945,0.746299922466,0.645174503326
-0.677040934563,-0.26459479332,1.37755191326,0.162751182914,0.00440797256306,0.745573997498,0.646229147911
-0.676619470119,-0.264005631208,1.37759435177,0.161732658744,0.00332806585357,0.745586156845,0.646477460861
-0.676315665245,-0.263099581003,1.37774085999,0.163499876857,0.00172334618401,0.747489392757,0.643835783005
-0.676268100739,-0.26234036684,1.37849342823,0.164822995663,-0.00011130238272,0.748087882996,0.642804801464
-0.676735520363,-0.261988013983,1.37850081921,0.165548473597,0.00202160002664,0.748839378357,0.641739308834
-0.676894664764,-0.261307835579,1.37874114513,0.164936825633,0.00223434902728,0.748271286488,0.642558097839
-0.676745712757,-0.260446608067,1.37871980667,0.16584391892,0.00159514416009,0.7499371171,0.640381097794
-0.676215112209,-0.259531706572,1.37890541553,0.164786502719,0.000333738455083,0.749772012234,0.64084893465
-0.676215112209,-0.259531706572,1.37890541553,0.164786502719,0.000333738455083,0.749772012234,0.64084893465
-0.676083922386,-0.257843792439,1.37914741039,0.165642619133,-0.000593905337155,0.751330137253,0.638799846172
-0.676107704639,-0.257104575634,1.37933337688,0.164757862687,-0.000146984413732,0.751549363136,0.638771176338
-0.676259696484,-0.256282031536,1.37943828106,0.163539305329,0.000849447736982,0.751041889191,0.639679789543
-0.676073431969,-0.255150645971,1.37951767445,0.164392083883,0.000389944878407,0.75273925066,0.637462794781
-0.675964832306,-0.25414711237,1.37951481342,0.164631962776,0.000529988436028,0.75340372324,0.636615276337
-0.675964832306,-0.25414711237,1.37951481342,0.164631962776,0.000529988436028,0.75340372324,0.636615276337
-0.675908446312,-0.252233654261,1.37977612019,0.163952723145,0.00120745704044,0.753948450089,0.636144459248
-0.676725268364,-0.251053780317,1.37915050983,0.163597866893,0.00800442229956,0.75336432457,0.636878311634
-0.676560223103,-0.249906390905,1.37918686867,0.164543092251,0.0076340790838,0.75489538908,0.634823143482
-0.676560223103,-0.249906390905,1.37918686867,0.164543092251,0.0076340790838,0.75489538908,0.634823143482
-0.676041066647,-0.24761223793,1.37972545624,0.16015638411,0.00559501862153,0.754415035248,0.636534810066
-0.676111340523,-0.246470808983,1.38014626503,0.158762276173,0.00653580669314,0.754135429859,0.63720613718
-0.67630302906,-0.245345070958,1.38039636612,0.15698055923,0.00797604490072,0.752998054028,0.638973653316
-0.67666643858,-0.244021862745,1.38047122955,0.159193530679,0.00894524436444,0.755177915096,0.635833084583
-0.676721513271,-0.242725610733,1.38083183765,0.158267974854,0.0089979628101,0.755223572254,0.636009275913
-0.676721513271,-0.242725610733,1.38083183765,0.158267974854,0.0089979628101,0.755223572254,0.636009275913
-0.676468193531,-0.240037456155,1.38130331039,0.153970345855,0.00993563979864,0.754499554634,0.63790667057
-0.676819086075,-0.238602519035,1.38148474693,0.155367359519,0.0103316046298,0.754864931107,0.637128949165
-0.67687445879,-0.237113371491,1.3824917078,0.155214294791,0.0100816087797,0.755802810192,0.636057436466
-0.677021741867,-0.235728219151,1.38275873661,0.152493044734,0.0122291315347,0.75447422266,0.63825160265
-0.677021741867,-0.235728219151,1.38275873661,0.152493044734,0.0122291315347,0.75447422266,0.63825160265
-0.676556527615,-0.232609480619,1.38314831257,0.15038920939,0.0113206235692,0.756069839001,0.636877894402
-0.676556110382,-0.231190815568,1.38330459595,0.148589208722,0.0126013308764,0.756022810936,0.637331902981
-0.676630377769,-0.229539990425,1.38350522518,0.147666409612,0.0137839326635,0.756414651871,0.637057006359
-0.676613509655,-0.227922439575,1.3837505579,0.146311953664,0.0143772661686,0.756497740746,0.637257695198
-0.676792383194,-0.22640311718,1.38357234001,0.143614977598,0.0165644381195,0.755992650986,0.638416349888
-0.677104949951,-0.224791571498,1.38356244564,0.144340395927,0.0186695456505,0.75776463747,0.636089920998
-0.676945269108,-0.222873747349,1.38372838497,0.144145339727,0.0189476646483,0.758221328259,0.635581314564
-0.676605403423,-0.221367061138,1.38395965099,0.141278490424,0.0181574318558,0.758204400539,0.636267900467
-0.677146017551,-0.219819203019,1.38424015045,0.139690935612,0.0218515973538,0.757377326488,0.637486279011
-0.677016019821,-0.217933624983,1.38427376747,0.139968022704,0.0217269100249,0.759275138378,0.635167896748
-0.676537454128,-0.216167911887,1.38479876518,0.137833297253,0.0202022176236,0.758988261223,0.636027395725
-0.676613986492,-0.214486315846,1.38512670994,0.136073976755,0.0214643068612,0.759034574032,0.636309504509
-0.677031517029,-0.212357252836,1.38498532772,0.137773171067,0.0249255597591,0.759676754475,0.63505011797
-0.676988422871,-0.211044281721,1.38564562798,0.133977159858,0.0247219055891,0.758521556854,0.637247443199
-0.676951229572,-0.208923816681,1.38644909859,0.135487511754,0.0240423157811,0.759905099869,0.63530254364
-0.676657736301,-0.207184359431,1.3868098259,0.134493604302,0.0226558614522,0.760175943375,0.635240614414
-0.677052557468,-0.205746412277,1.38717567921,0.131290391088,0.0246984343976,0.759321689606,0.636854231358
-0.676691889763,-0.203749507666,1.38727736473,0.13136638701,0.0239347051829,0.760778367519,0.635127067566
-0.676795780659,-0.201813161373,1.38765501976,0.130665823817,0.0240977182984,0.760823190212,0.635211527348
-0.677110433578,-0.200263082981,1.38792133331,0.127918362617,0.0260628126562,0.759748339653,0.636977314949
-0.676443457603,-0.198096975684,1.38750529289,0.125770762563,0.0253721959889,0.760450482368,0.636595010757
-0.676649749279,-0.196404024959,1.3876773119,0.123682305217,0.0267878510058,0.760285079479,0.63714325428
-0.677309274673,-0.194512993097,1.38820111752,0.124444633722,0.0297448150814,0.759631216526,0.637643456459
-0.676991939545,-0.192741721869,1.38797307014,0.122900143266,0.0288154836744,0.761224389076,0.636083900928
-0.676741242409,-0.190699741244,1.38836395741,0.120651312172,0.0276045463979,0.760866999626,0.636995136738
-0.676697552204,-0.18873436749,1.38858008385,0.118900202215,0.0282940585166,0.759928941727,0.638412356377
-0.676697552204,-0.18873436749,1.38858008385,0.118900202215,0.0282940585166,0.759928941727,0.638412356377
-0.676764309406,-0.184953555465,1.3890209198,0.116104893386,0.0294702723622,0.759797394276,0.639029920101
-0.677185416222,-0.182962700725,1.38996529579,0.117304436862,0.0293287131935,0.760108649731,0.638446927071
-0.677366137505,-0.181210637093,1.39003515244,0.116274029016,0.029488299042,0.7605484128,0.638104140759
-0.677108168602,-0.179384604096,1.39030313492,0.112160384655,0.0303109176457,0.758066236973,0.641745269299
-0.677452504635,-0.17718616128,1.39049720764,0.113184340298,0.0302571132779,0.760281205177,0.638941645622
-0.677452504635,-0.17718616128,1.39049720764,0.113184340298,0.0302571132779,0.760281205177,0.638941645622
-0.677630722523,-0.173323631287,1.3911075592,0.109362728894,0.0320468693972,0.758238315582,0.64194047451
-0.677740335464,-0.171341910958,1.39055800438,0.107694864273,0.033136099577,0.759828329086,0.640284895897
-0.677800774574,-0.169414028525,1.39074206352,0.106947183609,0.0338821671903,0.759752690792,0.640460848808
-0.677928924561,-0.1673592031,1.39110970497,0.104676000774,0.0339435748756,0.759424984455,0.641221046448
-0.677928924561,-0.1673592031,1.39110970497,0.104676000774,0.0339435748756,0.759424984455,0.641221046448
-0.678202629089,-0.163324594498,1.39154779911,0.100957222283,0.0357876941562,0.757975041866,0.643429040909
-0.677845299244,-0.161355942488,1.39175951481,0.0989929884672,0.0340911895037,0.758749723434,0.64291292429
-0.677919983864,-0.159312754869,1.39189076424,0.0981033891439,0.0338508188725,0.759169816971,0.642566025257
-0.678825736046,-0.157366976142,1.39180755615,0.0970913395286,0.0399249531329,0.758378922939,0.643304646015
-0.67802208662,-0.155176132917,1.39225101471,0.0949127152562,0.0346669666469,0.758982539177,0.643222570419
-0.678765296936,-0.153252735734,1.39212119579,0.0949891656637,0.0386789925396,0.758959710598,0.643009543419
