x,y,z,q0,q1,q2,q3
0.593678414822,-0.286537647247,1.33197748661,-0.351496815681,-0.437915086746,0.534584522247,-0.631585180759
0.593130230904,-0.286682873964,1.33236598969,-0.350704699755,-0.438487678766,0.534505188465,-0.631695389748
0.591211259365,-0.28661853075,1.33159697056,-0.35302528739,-0.436226755381,0.534907341003,-0.63162779808
0.590625524521,-0.287021249533,1.3315038681,-0.353495031595,-0.435683518648,0.534406304359,-0.632163763046
0.590041995049,-0.287246406078,1.33131635189,-0.354216396809,-0.43593788147,0.536497533321,-0.62980902195
0.588891744614,-0.287447184324,1.3312163353,-0.3557510674,-0.435085058212,0.536977648735,-0.629124104977
0.588011682034,-0.28760138154,1.33101165295,-0.356576532125,-0.434576064348,0.53759843111,-0.628478229046
0.586866796017,-0.287624925375,1.33068048954,-0.356879025698,-0.433793932199,0.537004232407,-0.629354298115
0.586325585842,-0.287874937057,1.33035886288,-0.357897877693,-0.433098047972,0.538907051086,-0.627626121044
0.584901452065,-0.287894368172,1.33021450043,-0.359977334738,-0.43171197176,0.53976726532,-0.626651823521
0.584206163883,-0.288008004427,1.33005607128,-0.359479933977,-0.431950092316,0.540168046951,-0.626427948475
0.583369731903,-0.28813046217,1.32989621162,-0.360392272472,-0.431340277195,0.540180146694,-0.626313447952
0.58231729269,-0.288207352161,1.3294916153,-0.362066239119,-0.430056095123,0.541937112808,-0.624711215496
0.581711292267,-0.288375735283,1.32944118977,-0.361781597137,-0.43025803566,0.542210638523,-0.624499619007
0.580990850925,-0.288419336081,1.32916164398,-0.363089859486,-0.429419875145,0.543682515621,-0.623035848141
0.580785870552,-0.288675040007,1.32953310013,-0.362902581692,-0.430204421282,0.544419288635,-0.621959447861
0.579456090927,-0.288624584675,1.32894742489,-0.364536643028,-0.428535342216,0.545011341572,-0.62163746357
0.578693032265,-0.288710564375,1.32880055904,-0.365351110697,-0.42801579833,0.545700967312,-0.620911717415
0.577815949917,-0.288845539093,1.32869100571,-0.365632236004,-0.42785987258,0.545973837376,-0.620613992214
0.577383100986,-0.288863420486,1.32838118076,-0.366409450769,-0.427326202393,0.546593725681,-0.619977176189
0.576428115368,-0.288888156414,1.32846403122,-0.367769449949,-0.426640897989,0.547455966473,-0.618882060051
0.576132833958,-0.288973033428,1.32885217667,-0.367270052433,-0.427194833755,0.5486317873,-0.617754280567
0.574792027473,-0.288863122463,1.32837700844,-0.368903815746,-0.425352245569,0.549400925636,-0.617368638515
0.574137985706,-0.289003372192,1.32847011089,-0.369479268789,-0.424987673759,0.550185382366,-0.616576492786
0.573183119297,-0.289044767618,1.32833647728,-0.369611471891,-0.424514383078,0.549696862698,-0.617258727551
0.572617590427,-0.288941055536,1.3282507658,-0.371114522219,-0.423481166363,0.551116406918,-0.615798950195
0.571944415569,-0.288857787848,1.32811760902,-0.371922075748,-0.422519773245,0.552825152874,-0.61443901062
0.571141064167,-0.289412677288,1.32854032516,-0.371555775404,-0.423360675573,0.552116513252,-0.614719152451
0.570505976677,-0.289146780968,1.32830631733,-0.372623622417,-0.421968907118,0.553208589554,-0.614047348499
0.569493532181,-0.289367198944,1.32842814922,-0.373560369015,-0.421549707651,0.553426265717,-0.61356985569
0.569208920002,-0.289749264717,1.32839071751,-0.372381448746,-0.422501116991,0.554027020931,-0.613089740276
0.568096399307,-0.289656162262,1.32830739021,-0.373638153076,-0.421005189419,0.55467569828,-0.612767517567
0.567611455917,-0.289697110653,1.32859635353,-0.374605894089,-0.420343905687,0.555870234966,-0.611546993256
0.566533505917,-0.289685577154,1.32843697071,-0.376072317362,-0.419068336487,0.555830001831,-0.611558794975
0.566226661205,-0.289915978909,1.32867789268,-0.376287460327,-0.419210642576,0.556591153145,-0.61063605547
0.565489172935,-0.289962917566,1.32869982719,-0.376942366362,-0.41838157177,0.557971119881,-0.609540402889
0.564712882042,-0.290025830269,1.32878184319,-0.377625077963,-0.417635411024,0.558502554893,-0.609142780304
0.564004004002,-0.290026426315,1.32863736153,-0.377273321152,-0.417127460241,0.558971405029,-0.609278798103
0.562932014465,-0.28998696804,1.32868099213,-0.378809660673,-0.415963053703,0.559293448925,-0.608825922012
0.562153875828,-0.289910197258,1.32870090008,-0.379492551088,-0.414826452732,0.56112241745,-0.607491612434
0.561750769615,-0.289928376675,1.32879531384,-0.379623532295,-0.414373755455,0.561886191368,-0.607012450695
0.561062753201,-0.289838939905,1.32869684696,-0.380875140429,-0.413289010525,0.563281774521,-0.605673134327
0.560375332832,-0.289835602045,1.3286870718,-0.381607115269,-0.412592113018,0.563691854477,-0.605305850506
0.559998989105,-0.28996181488,1.32930541039,-0.381776183844,-0.412658900023,0.565375804901,-0.603580832481
0.558753192425,-0.2897798419,1.32887876034,-0.383397489786,-0.410817205906,0.566252529621,-0.602987349033
0.558168530464,-0.28952974081,1.32877266407,-0.38384899497,-0.40979090333,0.567677259445,-0.602057933807
0.557558596134,-0.28958851099,1.32874453068,-0.384183734655,-0.409267365932,0.568707108498,-0.601228177547
0.55689150095,-0.289436578751,1.32880580425,-0.385197430849,-0.408865243196,0.570060074329,-0.599569618702
0.556336700916,-0.289404332638,1.32879555225,-0.385692745447,-0.408420950174,0.571084141731,-0.598578393459
0.555512309074,-0.289228022099,1.32865285873,-0.386732667685,-0.4070058465,0.572140872478,-0.597861886024
0.554959893227,-0.289086401463,1.32861804962,-0.387298971415,-0.406369745731,0.573358118534,-0.596760988235
0.554470837116,-0.289075493813,1.32850599289,-0.387774825096,-0.406171768904,0.573653638363,-0.596302568913
0.554361879826,-0.289072066545,1.3285394907,-0.387462198734,-0.406397074461,0.57527577877,-0.594787478447
0.553852856159,-0.289033234119,1.32842612267,-0.387810647488,-0.405127346516,0.575153172016,-0.595544695854
0.553417026997,-0.288845896721,1.3283919096,-0.388524621725,-0.405403137207,0.577563762665,-0.592551290989
0.552675127983,-0.288656115532,1.32813644409,-0.389503836632,-0.403505772352,0.577571213245,-0.593195736408
0.552228212357,-0.28857511282,1.32795226574,-0.390489637852,-0.40363329649,0.579086244106,-0.590979874134
0.551830291748,-0.288524627686,1.32774960995,-0.39065092802,-0.402377605438,0.579463064671,-0.591360092163
0.551607131958,-0.288597434759,1.32776963711,-0.390092760324,-0.403496921062,0.580836892128,-0.589615464211
0.551375448704,-0.288603454828,1.32752585411,-0.391012787819,-0.402888417244,0.582136213779,-0.588138639927
0.550926983356,-0.288385272026,1.32730710506,-0.391898930073,-0.402387857437,0.583377361298,-0.586659967899
0.550529181957,-0.288460850716,1.32710647583,-0.39228361845,-0.402082830667,0.584199428558,-0.585793614388
0.550163030624,-0.288393199444,1.32692372799,-0.392706364393,-0.400897860527,0.583773374557,-0.586746096611
0.549248218536,-0.288198411465,1.32671666145,-0.394390642643,-0.399385124445,0.584434628487,-0.585989415646
0.548839449883,-0.288146913052,1.32656264305,-0.394901245832,-0.398751020432,0.58529317379,-0.585219860077
0.548710882664,-0.288102447987,1.32665586472,-0.395041763783,-0.398682713509,0.58597356081,-0.584490537643
0.548827290535,-0.288457810879,1.32703411579,-0.393906921148,-0.40025100112,0.585955262184,-0.584202885628
0.547821044922,-0.288054347038,1.32652068138,-0.395594269037,-0.398317754269,0.586787223816,-0.583548545837
0.547561049461,-0.287921190262,1.32645869255,-0.396418303251,-0.397549927235,0.587749123573,-0.582544028759
0.547274827957,-0.287887513638,1.32650065422,-0.396763235331,-0.397403657436,0.588087558746,-0.582067131996
0.547048211098,-0.288003385067,1.32655966282,-0.396912574768,-0.397424399853,0.588465094566,-0.581569254398
0.546746730804,-0.287976980209,1.32663118839,-0.397288173437,-0.397444814444,0.588845193386,-0.580914199352
0.546521365643,-0.287964403629,1.32678627968,-0.397579759359,-0.397534757853,0.589147031307,-0.580346643925
0.546584784985,-0.288126915693,1.32676506042,-0.397339314222,-0.398144513369,0.589261651039,-0.579976856709
0.546261906624,-0.287953913212,1.32703900337,-0.39807921648,-0.398014485836,0.589616596699,-0.579197466373
0.546839118004,-0.28824287653,1.32762849331,-0.397296488285,-0.399752020836,0.589997887611,-0.578149020672
0.546852231026,-0.288484752178,1.32772219181,-0.39730900526,-0.40037304163,0.589948832989,-0.577760636806
0.546882748604,-0.288479089737,1.32783973217,-0.397313177586,-0.400516986847,0.590321660042,-0.577277064323
0.54697573185,-0.288549184799,1.32797372341,-0.397449493408,-0.400882005692,0.590596020222,-0.576648771763
0.546536147594,-0.288487434387,1.32761645317,-0.398157864809,-0.400143891573,0.591177284718,-0.57607704401
0.547285735607,-0.28882715106,1.32811534405,-0.397272616625,-0.402036726475,0.590756893158,-0.575801253319
0.547528803349,-0.288952708244,1.3281596899,-0.397137969732,-0.402666568756,0.590734064579,-0.575477600098
0.547404229641,-0.288952827454,1.32758831978,-0.397325068712,-0.402254074812,0.5907792449,-0.575590312481
0.54772400856,-0.28900718689,1.32758307457,-0.397066682577,-0.402699887753,0.590892374516,-0.575340688229
0.547852218151,-0.289186894894,1.32772517204,-0.397320359945,-0.403115749359,0.590821802616,-0.574946820736
0.54821062088,-0.289338737726,1.32773411274,-0.396898120642,-0.403621822596,0.59083032608,-0.574874401093
0.549190819263,-0.289711356163,1.32809197903,-0.39584890008,-0.405854910612,0.590649187565,-0.574211597443
0.549071073532,-0.289686501026,1.32765161991,-0.396585851908,-0.405172199011,0.590799450874,-0.574030578136
0.549599587917,-0.289812147617,1.32752037048,-0.396105438471,-0.405872941017,0.590862631798,-0.573801994324
0.549996376038,-0.289956510067,1.32718086243,-0.395788490772,-0.406214773655,0.59091925621,-0.573720633984
0.550505399704,-0.290162622929,1.32713866234,-0.395256370306,-0.406727671623,0.590816438198,-0.573830068111
0.55136346817,-0.290505230427,1.32720983028,-0.394024759531,-0.407931536436,0.590382993221,-0.574268639088
0.552026212215,-0.290709197521,1.32706940174,-0.39352992177,-0.409188300371,0.590341329575,-0.573756337166
0.552444458008,-0.290871500969,1.32704353333,-0.392699748278,-0.41004166007,0.589999258518,-0.57406771183
0.55307507515,-0.291087865829,1.32689535618,-0.392236202955,-0.410745292902,0.590068340302,-0.573810517788
0.553641140461,-0.291277647018,1.32686853409,-0.392804324627,-0.410705834627,0.590550065041,-0.572953701019
0.554406940937,-0.291539162397,1.32647049427,-0.391936540604,-0.411551624537,0.590342283249,-0.573155403137
0.554817259312,-0.291719317436,1.32648658752,-0.392116904259,-0.412011653185,0.590134978294,-0.572914719582
0.555317342281,-0.291886806488,1.32628405094,-0.391817450523,-0.412425965071,0.589945018291,-0.57301735878
0.555734038353,-0.292051374912,1.32578158379,-0.391731202602,-0.412743985653,0.589738428593,-0.57306009531
0.55619597435,-0.291997253895,1.32559764385,-0.391591310501,-0.412683308125,0.589691758156,-0.573247134686
0.556996405125,-0.292217582464,1.32551145554,-0.390692800283,-0.413674086332,0.590009152889,-0.572819292545
0.557090818882,-0.292316794395,1.32516884804,-0.391423940659,-0.4132604599,0.589371263981,-0.573275446892
0.557491183281,-0.292432427406,1.32488572598,-0.391182094812,-0.413346529007,0.589085757732,-0.573671519756
0.557887554169,-0.292570948601,1.32471644878,-0.390874773264,-0.413535863161,0.589262366295,-0.573563218117
0.558008313179,-0.2928211689,1.32473659515,-0.390730917454,-0.414244949818,0.58784031868,-0.574607789516
0.558299541473,-0.292922228575,1.32458496094,-0.390648573637,-0.414196699858,0.587514936924,-0.575031161308
0.558553218842,-0.29289919138,1.32444190979,-0.390477895737,-0.414186149836,0.587232649326,-0.575443029404
0.558878004551,-0.293018341064,1.3243663311,-0.390296071768,-0.414352148771,0.586676180363,-0.576014101505
0.559173882008,-0.293129503727,1.32431602478,-0.390125304461,-0.41469809413,0.585993528366,-0.57657533884
0.559818744659,-0.29348129034,1.32449805737,-0.38922315836,-0.415957212448,0.585349440575,-0.576932370663
0.560379505157,-0.293601870537,1.32428455353,-0.389046162367,-0.416058301926,0.585343182087,-0.576985299587
0.560118436813,-0.293483436108,1.3243085146,-0.390027970076,-0.415156573057,0.584907889366,-0.577413260937
0.560705780983,-0.293663680553,1.32457280159,-0.389409810305,-0.415874540806,0.583995878696,-0.578236103058
0.560951590538,-0.293763399124,1.32464814186,-0.389008015394,-0.416196018457,0.584085226059,-0.578184962273
0.561196327209,-0.293836832047,1.32477903366,-0.389123499393,-0.41684114933,0.583336234093,-0.578398704529
0.561483204365,-0.293922513723,1.32488703728,-0.389268219471,-0.418175637722,0.582451760769,-0.578229427338
0.561725020409,-0.29408210516,1.32497489452,-0.389156758785,-0.418554961681,0.581793189049,-0.578692674637
0.561930835247,-0.294171065092,1.32508826256,-0.388979613781,-0.418827205896,0.581293821335,-0.579116523266
0.562171399593,-0.294271051884,1.32519388199,-0.388524323702,-0.418555021286,0.580332398415,-0.580581486225
0.562403976917,-0.294374585152,1.32530355453,-0.388778120279,-0.419567614794,0.579970598221,-0.580042123795
0.562623798847,-0.294494181871,1.32544052601,-0.388567864895,-0.419815331697,0.579994857311,-0.579979360104
0.562954545021,-0.294640243053,1.32555675507,-0.388198107481,-0.420173168182,0.57939863205,-0.580563485622
0.56315112114,-0.294670343399,1.32566618919,-0.387798696756,-0.419287979603,0.578477859497,-0.582385838032
0.563339829445,-0.294796794653,1.32566618919,-0.387680351734,-0.419435054064,0.5778850317,-0.582947015762
0.563574910164,-0.29501837492,1.32575619221,-0.387605756521,-0.419717639685,0.577306389809,-0.583366215229
0.563777804375,-0.29504185915,1.32582759857,-0.387773543596,-0.420584648848,0.57745796442,-0.582479655743
0.564195215702,-0.295140445232,1.32573008537,-0.387177169323,-0.420899450779,0.577219724655,-0.582885026932
0.564202070236,-0.295017302036,1.32572078705,-0.387185811996,-0.42042812705,0.577057659626,-0.583379566669
0.564549744129,-0.295126497746,1.32575547695,-0.386906921864,-0.419797867537,0.575788497925,-0.585269331932
0.564799547195,-0.295268416405,1.32582437992,-0.386768907309,-0.419866412878,0.575561583042,-0.585534691811
0.565037190914,-0.295386463404,1.32582998276,-0.386919349432,-0.420662164688,0.575692474842,-0.584734916687
0.565317988396,-0.295518487692,1.32576537132,-0.386433929205,-0.419562608004,0.57506531477,-0.586460351944
0.565576195717,-0.295535415411,1.32586252689,-0.386224120855,-0.418998837471,0.574836790562,-0.587225317955
0.565845191479,-0.29575330019,1.325745821,-0.385827213526,-0.419083595276,0.574374675751,-0.587877511978
0.566196978092,-0.295886218548,1.32577323914,-0.385932385921,-0.420370489359,0.574839711189,-0.58643335104
0.566713571548,-0.296068400145,1.32555866241,-0.384971082211,-0.420595049858,0.575067698956,-0.586680650711
0.567006349564,-0.296239554882,1.32553601265,-0.384303092957,-0.419607579708,0.574408113956,-0.588469147682
0.567296266556,-0.29631960392,1.32560741901,-0.384251743555,-0.420403271914,0.574588000774,-0.587758541107
0.567596375942,-0.296451151371,1.32554686069,-0.384100198746,-0.420310616493,0.574365794659,-0.588140904903
0.567702889442,-0.296527862549,1.32565021515,-0.384211868048,-0.419856995344,0.574156880379,-0.588595747948
0.568159639835,-0.296667635441,1.3255392313,-0.384335935116,-0.419554114342,0.574456512928,-0.58843845129
0.568432509899,-0.296829670668,1.32544064522,-0.384284943342,-0.419253379107,0.574182868004,-0.588952898979
0.56835770607,-0.296883165836,1.32524466515,-0.384545654058,-0.418461591005,0.573973298073,-0.589550077915
0.568566441536,-0.296987771988,1.3252030611,-0.384339898825,-0.418346017599,0.573776960373,-0.58995693922
0.569308817387,-0.297210693359,1.32516682148,-0.382960051298,-0.419190764427,0.573506116867,-0.590517938137
0.569533467293,-0.297302305698,1.32512891293,-0.382775813341,-0.418887883425,0.573279738426,-0.591071903706
0.569527685642,-0.297370135784,1.3252825737,-0.382482945919,-0.417058646679,0.572450637817,-0.593354105949
0.569682478905,-0.297467947006,1.32529783249,-0.382744014263,-0.418157160282,0.572822511196,-0.592052400112
0.569889843464,-0.297590821981,1.32536482811,-0.382406294346,-0.418250858784,0.572673618793,-0.592348515987
0.569985210896,-0.297688245773,1.32540845871,-0.382291793823,-0.418375819921,0.572314739227,-0.592680871487
0.570110142231,-0.297799050808,1.32545101643,-0.382112294436,-0.418263792992,0.5721154809,-0.59306794405
0.570229887962,-0.297878593206,1.32549095154,-0.381972521544,-0.418180793524,0.572043895721,-0.593285441399
0.570324540138,-0.297963947058,1.32552814484,-0.381731063128,-0.417824983597,0.571880459785,-0.593848824501
0.570500552654,-0.298154741526,1.32542550564,-0.381790041924,-0.41781899333,0.571817934513,-0.593875169754
0.570597887039,-0.298247039318,1.32546401024,-0.38163203001,-0.417803764343,0.571885287762,-0.593922913074
0.570688962936,-0.298346579075,1.32551205158,-0.381510406733,-0.417867869139,0.571700692177,-0.594133377075
0.570772469044,-0.298419713974,1.32555139065,-0.381428748369,-0.417922109365,0.57168930769,-0.594158709049
0.570551931858,-0.298433333635,1.32544016838,-0.381907850504,-0.41738820076,0.571668624878,-0.594246149063
0.570635676384,-0.298518151045,1.32549703121,-0.381833940744,-0.417537361383,0.571610808372,-0.594244480133
0.570670366287,-0.298609614372,1.32556045055,-0.381688088179,-0.41771119833,0.57147705555,-0.594344615936
0.570667028427,-0.298749387264,1.3256611824,-0.381158798933,-0.418196856976,0.571026146412,-0.594776034355
0.570735752583,-0.298834562302,1.32569789886,-0.381130754948,-0.418336868286,0.570975184441,-0.594744384289
0.570802748203,-0.298937857151,1.32572364807,-0.381106436253,-0.418427199125,0.570917725563,-0.594751656055
0.571155905724,-0.299093067646,1.32588469982,-0.380550593138,-0.419195771217,0.570868551731,-0.594613492489
0.571236491203,-0.299141228199,1.32593405247,-0.380564630032,-0.419306725264,0.570922374725,-0.59447479248
0.570951044559,-0.299159348011,1.32581996918,-0.38112488389,-0.418860018253,0.570861160755,-0.594489336014
0.571300923824,-0.299342930317,1.32595658302,-0.380643516779,-0.419582217932,0.570809602737,-0.594338178635
0.571475148201,-0.299473196268,1.32601058483,-0.381413459778,-0.419473975897,0.571277439594,-0.59347063303
0.571519374847,-0.29957896471,1.32598102093,-0.381525158882,-0.419550687075,0.571325242519,-0.593298733234
0.571533560753,-0.299661457539,1.32594776154,-0.38158878684,-0.419537484646,0.571378469467,-0.593215703964
0.571544229984,-0.299723684788,1.32587969303,-0.381839036942,-0.419437676668,0.571528017521,-0.592981159687
0.571573793888,-0.299819409847,1.32582306862,-0.382076472044,-0.419463574886,0.571639060974,-0.592702925205
0.571558892727,-0.300001055002,1.32579004765,-0.382087051868,-0.419620960951,0.571504950523,-0.592714011669
0.572126269341,-0.300369977951,1.32614207268,-0.381385922432,-0.420999109745,0.571595132351,-0.592101097107
0.571390330791,-0.300259411335,1.32560014725,-0.381831675768,-0.419944405556,0.571282446384,-0.592863857746
0.571475684643,-0.300300896168,1.32552468777,-0.382892876863,-0.419449687004,0.572041928768,-0.591796576977
0.571372807026,-0.300275355577,1.32544589043,-0.382940113544,-0.419316798449,0.572160005569,-0.591745913029
0.571340680122,-0.300407230854,1.32533299923,-0.383163422346,-0.419376671314,0.572334587574,-0.591389894485
0.571817576885,-0.300661683083,1.32569539547,-0.382541954517,-0.420550942421,0.5723990798,-0.590896070004
0.571181416512,-0.300532281399,1.32521390915,-0.383665561676,-0.419313669205,0.572679102421,-0.590775370598
0.57105910778,-0.300619244576,1.32515573502,-0.384065717459,-0.41921171546,0.572873353958,-0.590399205685
0.57097530365,-0.300687134266,1.325116992,-0.384361833334,-0.419193595648,0.573016762733,-0.590080082417
0.570858061314,-0.300691515207,1.32507991791,-0.384424388409,-0.418869554996,0.573313474655,-0.58998131752
0.570789694786,-0.300810813904,1.32508122921,-0.384649902582,-0.418867141008,0.573474049568,-0.589679896832
0.570406854153,-0.300832003355,1.32513606548,-0.385764747858,-0.418451011181,0.573047935963,-0.589661061764
0.57027310133,-0.300894379616,1.32506382465,-0.386055439711,-0.418422877789,0.573145508766,-0.589396059513
0.570413351059,-0.301027566195,1.32528018951,-0.385683208704,-0.419042140245,0.574042260647,-0.588326096535
0.570343017578,-0.301108777523,1.3253287077,-0.385907739401,-0.419236212969,0.574213862419,-0.587872982025
0.570440113544,-0.301209270954,1.32523739338,-0.385710895061,-0.419586569071,0.57434117794,-0.587627768517
0.570340335369,-0.301282852888,1.3253030777,-0.385900944471,-0.419704854488,0.574404120445,-0.587356984615
0.570057690144,-0.301321089268,1.3254878521,-0.386508911848,-0.419390708208,0.57462477684,-0.586965620518
0.569884777069,-0.301430583,1.32556903362,-0.386136204004,-0.419147491455,0.5734141469,-0.588566482067
0.56976467371,-0.30151450634,1.32564437389,-0.386338502169,-0.419166594744,0.5739839077,-0.587864220142
0.5697093606,-0.301545858383,1.32569789886,-0.386670470238,-0.419311523438,0.573724925518,-0.587795436382
0.570197224617,-0.301805377007,1.32619094849,-0.386239290237,-0.42150169611,0.574746668339,-0.585509777069
0.570128858089,-0.30189114809,1.32623791695,-0.38618388772,-0.421066135168,0.574555933475,-0.586046695709
0.570046007633,-0.302100837231,1.32632243633,-0.38619068265,-0.421479851007,0.574450671673,-0.585847973824
0.569968640804,-0.302172154188,1.32634246349,-0.386329263449,-0.42158177495,0.574578821659,-0.585557460785
0.569921970367,-0.302299916744,1.32636487484,-0.38678342104,-0.422627091408,0.575143992901,-0.583947300911
0.5697940588,-0.302351891994,1.32636892796,-0.387020021677,-0.42254960537,0.57530528307,-0.583687365055
0.569162845612,-0.302256345749,1.32596540451,-0.387977331877,-0.421428531408,0.575490057468,-0.583680391312
0.569655776024,-0.302532345057,1.32642018795,-0.387203425169,-0.422664523125,0.575800061226,-0.58299434185
0.569516003132,-0.302640706301,1.32650470734,-0.386786103249,-0.423044085503,0.575679183006,-0.583115458488
0.569462478161,-0.302677869797,1.32653844357,-0.386863082647,-0.423089325428,0.575985312462,-0.582729160786
0.568527042866,-0.30245167017,1.32600140572,-0.388325512409,-0.421282291412,0.57629686594,-0.582757532597
0.568525016308,-0.302549034357,1.32606911659,-0.388400048018,-0.421230137348,0.576011419296,-0.583027720451
0.568495452404,-0.302610397339,1.32612168789,-0.387955069542,-0.420058459044,0.57572042942,-0.584455013275
0.568466424942,-0.302690118551,1.32618224621,-0.387878507376,-0.420067191124,0.575932681561,-0.58429056406
0.568577110767,-0.302844524384,1.32626640797,-0.388808488846,-0.42024075985,0.576649546623,-0.582838714123
0.568515300751,-0.302900612354,1.32629835606,-0.388759672642,-0.419762969017,0.57673984766,-0.58312612772
0.56846511364,-0.30297267437,1.32632994652,-0.388787835836,-0.419727146626,0.576949596405,-0.58292555809
0.568434715271,-0.303055107594,1.32636404037,-0.388840347528,-0.420038491488,0.577956318855,-0.581667840481
0.56823694706,-0.303109765053,1.32629346848,-0.388333559036,-0.420974493027,0.578081548214,-0.581204771996
0.569162368774,-0.303393542767,1.3268969059,-0.387677788734,-0.422385603189,0.578697144985,-0.580004990101
0.569105029106,-0.303427398205,1.32687520981,-0.387671798468,-0.422249019146,0.578901946545,-0.579904198647
0.569074809551,-0.303521335125,1.32689583302,-0.387662827969,-0.422186255455,0.57909566164,-0.579762637615
0.569033265114,-0.303564548492,1.32692706585,-0.387690454721,-0.421968489885,0.579341828823,-0.579656481743
0.568991720676,-0.303615093231,1.32695972919,-0.387659937143,-0.42185536027,0.579598009586,-0.579503118992
0.568972885609,-0.303673297167,1.32704222202,-0.387730777264,-0.421740591526,0.579860091209,-0.579277217388
0.568909823895,-0.303681671619,1.32701170444,-0.387621283531,-0.42149528861,0.580118596554,-0.579270005226
0.568871855736,-0.303733468056,1.32703840733,-0.387766957283,-0.421448916197,0.57982224226,-0.579502940178
0.568831861019,-0.303778588772,1.32713532448,-0.387803375721,-0.421307235956,0.580125570297,-0.579277873039
0.568810045719,-0.303831636906,1.32717251778,-0.38754221797,-0.42043581605,0.579933702946,-0.580277204514
0.56874102354,-0.30389213562,1.32723200321,-0.387622147799,-0.420301556587,0.580183446407,-0.58007133007
0.568706810474,-0.303929746151,1.32727384567,-0.387854546309,-0.420831143856,0.580799460411,-0.578914523125
0.568625569344,-0.303973793983,1.3273075819,-0.387740164995,-0.420005977154,0.5804682374,-0.579921782017
0.568578898907,-0.304021537304,1.32736468315,-0.387754738331,-0.419766873121,0.580571591854,-0.579981565475
0.567985773087,-0.303916990757,1.32693052292,-0.388645976782,-0.418460547924,0.580662369728,-0.580238103867
0.567847728729,-0.303964138031,1.32700932026,-0.388160169125,-0.418586194515,0.580339729786,-0.580795288086
0.567857503891,-0.304085612297,1.3270560503,-0.388092011213,-0.418670922518,0.580406427383,-0.580712854862
0.567945122719,-0.304094135761,1.32702493668,-0.388592809439,-0.418217748404,0.580832242966,-0.580278813839
0.567947149277,-0.304167807102,1.32702589035,-0.388632416725,-0.418121993542,0.580904245377,-0.580249011517
0.568532824516,-0.304383218288,1.32750320435,-0.387733459473,-0.419224143028,0.580890893936,-0.580068826675
0.568547129631,-0.304428815842,1.32750964165,-0.387713253498,-0.419125854969,0.580882430077,-0.580161571503
0.56856662035,-0.304488837719,1.32751393318,-0.387558341026,-0.418905049562,0.581313490868,-0.579993009567
0.568011343479,-0.304337441921,1.32707393169,-0.388560682535,-0.417573690414,0.580832183361,-0.580763936043
0.568043649197,-0.30439800024,1.3270804882,-0.388517439365,-0.417511165142,0.580751419067,-0.580918610096
0.568088710308,-0.304460346699,1.32708370686,-0.388488411903,-0.417411327362,0.580685794353,-0.581075429916
0.56814712286,-0.30454647541,1.32706904411,-0.388432502747,-0.417236745358,0.580358028412,-0.581565320492
0.568194031715,-0.304595947266,1.32702410221,-0.388416856527,-0.417137414217,0.580252110958,-0.581752717495
0.568272948265,-0.304676234722,1.32701706886,-0.388307243586,-0.416971296072,0.580137133598,-0.582059681416
0.568347930908,-0.304768711329,1.32701277733,-0.388281345367,-0.416912674904,0.580001533031,-0.582253932953
0.56842058897,-0.304781794548,1.32698535919,-0.388225018978,-0.416876882315,0.579897046089,-0.582421302795
0.568570077419,-0.304896295071,1.32701432705,-0.388112187386,-0.417068570852,0.57967710495,-0.582578003407
0.568648040295,-0.304973065853,1.32698309422,-0.388097882271,-0.417210578918,0.579338371754,-0.582822859287
0.568736076355,-0.304993867874,1.32692193985,-0.388371258974,-0.417842835188,0.57954287529,-0.581983864307
0.568842470646,-0.305080890656,1.32689297199,-0.388272345066,-0.417909801006,0.57921898365,-0.582324147224
0.568932831287,-0.305133521557,1.32684719563,-0.38828265667,-0.41790547967,0.578738689423,-0.582797527313
0.569028377533,-0.305188655853,1.32679724693,-0.388116419315,-0.417901873589,0.579059720039,-0.582592070103
0.569128811359,-0.305192857981,1.32674622536,-0.388107717037,-0.417889803648,0.57886326313,-0.582801640034
0.569274604321,-0.305327057838,1.32680797577,-0.388206511736,-0.417928516865,0.578508079052,-0.58306068182
0.569422185421,-0.305468827486,1.32671618462,-0.388015151024,-0.418208897114,0.578040540218,-0.583450913429
0.569525122643,-0.305507779121,1.32666265965,-0.388042837381,-0.418273836374,0.577663958073,-0.58375877142
0.569634616375,-0.305601209402,1.32660198212,-0.387862682343,-0.417651414871,0.576740026474,-0.585235714912
0.569738447666,-0.305630743504,1.32656037807,-0.388185709715,-0.418552845716,0.576893031597,-0.584225833416
0.569763302803,-0.30550634861,1.32641398907,-0.387987405062,-0.418415904045,0.576563000679,-0.584781467915
0.569863438606,-0.305541157722,1.32633566856,-0.387888491154,-0.418474942446,0.576171278954,-0.585190653801
0.569974303246,-0.305587410927,1.3263002634,-0.3878698349,-0.418552815914,0.575870156288,-0.585443675518
0.570128083229,-0.305684179068,1.32638812065,-0.387780070305,-0.418463021517,0.575682461262,-0.585751950741
0.570243179798,-0.305624961853,1.32627081871,-0.387458592653,-0.418542206287,0.575250506401,-0.586331784725
0.570383071899,-0.305719941854,1.3263604641,-0.387569010258,-0.418601721525,0.574904501438,-0.586555719376
0.570523798466,-0.305679768324,1.32635247707,-0.387382596731,-0.418704271317,0.57461565733,-0.586888551712
0.570610523224,-0.305701225996,1.32629930973,-0.387328773737,-0.418748706579,0.574255824089,-0.587244808674
0.570704162121,-0.305732876062,1.32628059387,-0.387424916029,-0.419010490179,0.573649585247,-0.587586939335
0.570804297924,-0.305738925934,1.32626581192,-0.387505561113,-0.419065237045,0.573023319244,-0.588105499744
0.570909678936,-0.305740654469,1.32620918751,-0.38755607605,-0.419119924307,0.572616219521,-0.588429689407
0.571060419083,-0.305729389191,1.32616949081,-0.387464553118,-0.419301956892,0.572198867798,-0.588766157627
0.571163356304,-0.305689454079,1.32616436481,-0.387366265059,-0.419353991747,0.571895897388,-0.589088082314
0.571269035339,-0.305697500706,1.32613396645,-0.38731098175,-0.419519811869,0.571569442749,-0.589323103428
0.571060657501,-0.305582940578,1.32576310635,-0.387725442648,-0.418652415276,0.571149289608,-0.590074300766
0.571434438229,-0.305642426014,1.32588136196,-0.387301713228,-0.419309645891,0.57016402483,-0.590838372707
0.571539521217,-0.305632680655,1.32583999634,-0.387066543102,-0.418872237206,0.569928407669,-0.591529726982
0.571661472321,-0.305703788996,1.32577395439,-0.386997252703,-0.419084519148,0.569552183151,-0.591787040234
0.57176232338,-0.3056858778,1.32571303844,-0.387321084738,-0.420096307993,0.569487214088,-0.590919613838
0.571930229664,-0.305676043034,1.32569110394,-0.387141734362,-0.420341730118,0.569133520126,-0.591203212738
0.572027742863,-0.305641233921,1.32563650608,-0.387079000473,-0.420380949974,0.568767786026,-0.591568350792
0.572125375271,-0.305596590042,1.32559347153,-0.3869830966,-0.420445293188,0.568374693394,-0.591963112354
0.572228312492,-0.305571317673,1.32553327084,-0.386883050203,-0.420562267303,0.568095803261,-0.592212915421
0.572364985943,-0.305527091026,1.32549774647,-0.386705636978,-0.420625090599,0.567673623562,-0.59268862009
0.572707474232,-0.305616140366,1.32526826859,-0.385961622,-0.421235382557,0.567196309566,-0.59319704771
0.572806239128,-0.305581688881,1.32521879673,-0.385886788368,-0.421342492104,0.566981375217,-0.593375205994
0.572750091553,-0.305584192276,1.32541692257,-0.386442154646,-0.421277582645,0.566825091839,-0.593209028244
0.573069453239,-0.305606544018,1.32513391972,-0.386072903872,-0.421718835831,0.566514134407,-0.59343290329
0.573169469833,-0.305566847324,1.32507359982,-0.385999172926,-0.421772748232,0.566229760647,-0.593713998795
0.573256492615,-0.305528879166,1.32501518726,-0.385931164026,-0.421758294106,0.56597495079,-0.594011247158
0.573146700859,-0.305461347103,1.3251029253,-0.386353105307,-0.421561747789,0.565837323666,-0.594007611275
0.572929501534,-0.305342108011,1.32488453388,-0.386890232563,-0.421025276184,0.565660953522,-0.594206511974
0.573331058025,-0.305291891098,1.32501959801,-0.386266350746,-0.421546638012,0.565665662289,-0.594238221645
0.573400437832,-0.305354803801,1.32492649555,-0.386320322752,-0.421926945448,0.565137088299,-0.594436049461
0.573451936245,-0.305298388004,1.32487535477,-0.386419266462,-0.42194890976,0.565000474453,-0.594485998154
0.573493659496,-0.305242478848,1.32479774952,-0.38624855876,-0.421675145626,0.564987182617,-0.59480369091
0.57353502512,-0.305176705122,1.32476556301,-0.386246263981,-0.421579569578,0.564739108086,-0.595108568668
0.573517799377,-0.304992944002,1.32473576069,-0.386342138052,-0.421319633722,0.564754188061,-0.595216095448
0.573516070843,-0.304989039898,1.32460796833,-0.386470556259,-0.421195477247,0.564620256424,-0.595347702503
0.573505759239,-0.304899305105,1.32457816601,-0.386723101139,-0.420913726091,0.564580440521,-0.595420598984
0.57338142395,-0.304779291153,1.32454657555,-0.387043684721,-0.420531064272,0.56462174654,-0.595443546772
0.573244810104,-0.304563462734,1.32460343838,-0.38740041852,-0.420025408268,0.564812958241,-0.595387101173
0.573107779026,-0.304539382458,1.32449662685,-0.387686878443,-0.419674932957,0.564814448357,-0.595446228981
0.573399424553,-0.304510176182,1.32503819466,-0.387197166681,-0.420319497585,0.564932405949,-0.595198571682
0.572376132011,-0.305357992649,1.32552921772,-0.385611414909,-0.422239392996,0.561976671219,-0.597662210464
0.572835206985,-0.303841114044,1.32473158836,-0.388904064894,-0.418109714985,0.566417217255,-0.594230234623
0.571790039539,-0.303360909224,1.32435691357,-0.390436649323,-0.415929555893,0.566812396049,-0.594378530979
0.571331322193,-0.303713858128,1.32466650009,-0.390523850918,-0.416368305683,0.566203832626,-0.594593822956
0.571074426174,-0.303489983082,1.32455289364,-0.39042276144,-0.415801852942,0.566579759121,-0.594698250294
0.570324003696,-0.303264915943,1.32472383976,-0.391697466373,-0.414529234171,0.567181348801,-0.594174981117
0.569730579853,-0.302733778954,1.32477331161,-0.392241477966,-0.413379669189,0.56781566143,-0.594011127949
0.569692075253,-0.302676081657,1.32513403893,-0.391116410494,-0.414049983025,0.568057835102,-0.594054698944
0.568595945835,-0.301960408688,1.32453465462,-0.393299609423,-0.411287724972,0.569416761398,-0.593230426311
0.568128347397,-0.30175447464,1.32455170155,-0.393787831068,-0.41066083312,0.569923818111,-0.592853546143
0.567690432072,-0.301415264606,1.32453322411,-0.394238889217,-0.409940689802,0.570788860321,-0.592219829559
0.567325949669,-0.301065206528,1.32441782951,-0.394448697567,-0.409019351006,0.571844339371,-0.591698884964
0.566882491112,-0.300772666931,1.32439732552,-0.395180463791,-0.40821826458,0.572705149651,-0.590930879116
0.567149698734,-0.300667226315,1.32474696636,-0.394780993462,-0.408963024616,0.573754251003,-0.589663803577
0.566882669926,-0.300394892693,1.32469105721,-0.395269483328,-0.408738046885,0.5745408535,-0.588725745678
0.566681802273,-0.30011844635,1.32461500168,-0.395439356565,-0.408112108707,0.575570881367,-0.588039338589
0.566509604454,-0.29987090826,1.32454752922,-0.395835787058,-0.407750695944,0.576618373394,-0.58699631691
0.566532671452,-0.29936170578,1.32414579391,-0.396607726812,-0.406434476376,0.578267633915,-0.585764288902
0.56650775671,-0.299172371626,1.32407093048,-0.396878272295,-0.406256198883,0.578952133656,-0.585028469563
0.566531836987,-0.298974990845,1.32397508621,-0.397292256355,-0.406251728535,0.579565525055,-0.584142148495
0.566608905792,-0.298748344183,1.32391142845,-0.397467702627,-0.406179994345,0.580423057079,-0.5832208395
0.566778182983,-0.298564374447,1.32381677628,-0.39752098918,-0.406198561192,0.58119982481,-0.58239710331
0.566956162453,-0.298428654671,1.3237221241,-0.397713303566,-0.406455487013,0.581850647926,-0.581436157227
0.567218124866,-0.298334896564,1.32363891602,-0.397705793381,-0.406552731991,0.582484543324,-0.580738306046
0.566983044147,-0.298032552004,1.32311439514,-0.398444324732,-0.405429512262,0.583123385906,-0.580375909805
0.567972004414,-0.298091888428,1.3234462738,-0.397061318159,-0.406972616911,0.583628952503,-0.579735279083
0.56836104393,-0.298039495945,1.32334887981,-0.396725565195,-0.407015770674,0.584237396717,-0.579321861267
0.568797826767,-0.297970354557,1.32325077057,-0.396538287401,-0.407232046127,0.584758996964,-0.578771471977
0.569238781929,-0.297966063023,1.32320833206,-0.395649284124,-0.407886326313,0.584847986698,-0.578829407692
0.569906830788,-0.29790866375,1.32308459282,-0.39571762085,-0.407966285944,0.585665106773,-0.577899158001
0.570474267006,-0.297893792391,1.32300019264,-0.395341724157,-0.408354014158,0.586010813713,-0.577532231808
0.571199178696,-0.297943919897,1.32291054726,-0.394682943821,-0.408870607615,0.5861800313,-0.577445447445
0.571289300919,-0.297806322575,1.32242786884,-0.395218491554,-0.408066183329,0.586396872997,-0.577427864075
0.572057545185,-0.297870665789,1.32235348225,-0.394665420055,-0.408896118402,0.58636701107,-0.577249467373
0.572815716267,-0.297858089209,1.32228541374,-0.394086629152,-0.40947034955,0.58647787571,-0.577125370502
0.573557853699,-0.297964215279,1.3222796917,-0.392983704805,-0.41050478816,0.586134850979,-0.577490866184
0.574773848057,-0.298045516014,1.32199680805,-0.392320662737,-0.411227315664,0.585644006729,-0.577925205231
0.575555801392,-0.298220992088,1.32205092907,-0.391012251377,-0.412622898817,0.584962964058,-0.578506827354
0.576390266418,-0.298077255487,1.32211279869,-0.391300231218,-0.412769556046,0.585895001888,-0.577262639999
0.577448904514,-0.298262000084,1.32199048996,-0.390291035175,-0.413875877857,0.585360705853,-0.577695965767
0.578522384167,-0.298395097256,1.32183349133,-0.389252334833,-0.414830863476,0.585072100163,-0.57800412178
0.579565167427,-0.298527300358,1.32170987129,-0.388598561287,-0.416041612625,0.584322631359,-0.578331708908
0.580592632294,-0.298823356628,1.32162940502,-0.387108802795,-0.417754650116,0.583299517632,-0.579128265381
0.582137107849,-0.2990000844,1.32130873203,-0.385992437601,-0.418971180916,0.582845211029,-0.579451858997
0.583083927631,-0.299031972885,1.32123446465,-0.385588675737,-0.420039325953,0.58211928606,-0.579676926136
0.584323108196,-0.299191981554,1.32096064091,-0.384811550379,-0.421202719212,0.58066123724,-0.580810368061
0.585556089878,-0.299438774586,1.32067978382,-0.383576989174,-0.423291563988,0.57904613018,-0.581720352173
0.586929857731,-0.299539774656,1.32041442394,-0.382696270943,-0.424151211977,0.578997731209,-0.581722378731
0.58805501461,-0.299631357193,1.32016396523,-0.381438791752,-0.425608634949,0.577589869499,-0.582882404327
0.589513897896,-0.299863994122,1.31983923912,-0.381022036076,-0.426948487759,0.575808167458,-0.583936810493
0.590405344963,-0.300010174513,1.31949031353,-0.37959715724,-0.428024441004,0.57440674305,-0.585455477238
0.592556357384,-0.300355374813,1.31974112988,-0.377081006765,-0.431601375341,0.572066128254,-0.586745738983
0.593478024006,-0.300149321556,1.31902515888,-0.376756280661,-0.431541115046,0.57146602869,-0.587582707405
0.595264077187,-0.300455778837,1.31938958168,-0.375653207302,-0.434096306562,0.570063948631,-0.587768793106
0.59584736824,-0.300434499979,1.31876885891,-0.375563114882,-0.43458211422,0.567286729813,-0.590149700642
0.596985340118,-0.300487458706,1.31847214699,-0.37462541461,-0.435835540295,0.565831899643,-0.591217041016
0.598164498806,-0.300541341305,1.31824314594,-0.373885691166,-0.437119990587,0.564178049564,-0.592316687107
0.599885940552,-0.30077368021,1.31842160225,-0.37243565917,-0.439670473337,0.561690330505,-0.593704998493
0.600276172161,-0.300664871931,1.3178088665,-0.372497290373,-0.439464300871,0.558795392513,-0.596543848515
0.601758539677,-0.300724089146,1.31806635857,-0.370746016502,-0.441714674234,0.557228267193,-0.597437918186
0.602348208427,-0.300882458687,1.3174020052,-0.371379494667,-0.441938340664,0.554352998734,-0.599550127983
0.603101313114,-0.300793796778,1.31728470325,-0.370672911406,-0.442355453968,0.552839934826,-0.601074934006
0.604333043098,-0.300757348537,1.31690490246,-0.369193643332,-0.443879514933,0.550421774387,-0.603077769279
0.604640960693,-0.300478100777,1.31688022614,-0.368843764067,-0.443546354771,0.548103749752,-0.605642795563
0.605623602867,-0.30057656765,1.31693446636,-0.369352996349,-0.444399356842,0.546345233917,-0.606295526028
0.606283485889,-0.300481975079,1.31732916832,-0.368712067604,-0.444965898991,0.544313132763,-0.608095347881
0.606563925743,-0.300325810909,1.31710898876,-0.368953406811,-0.444826364517,0.541998147964,-0.610115587711
0.607087373734,-0.30001950264,1.31721818447,-0.368742525578,-0.444475740194,0.540332138538,-0.611973404884
0.607649087906,-0.299888074398,1.31721782684,-0.368509083986,-0.444988876581,0.538037180901,-0.613760471344
0.60862994194,-0.299817025661,1.31775319576,-0.367362618446,-0.445908516645,0.536165654659,-0.615415930748
0.609092354774,-0.299718171358,1.31778991222,-0.367028266191,-0.446170926094,0.533973276615,-0.617328286171
0.609450995922,-0.299537301064,1.31778132915,-0.367263764143,-0.445608794689,0.532310009003,-0.619028329849
0.609761714935,-0.299314022064,1.31780815125,-0.36717903614,-0.445293515921,0.530585706234,-0.620783388615
0.609998047352,-0.29910621047,1.3178704977,-0.36730119586,-0.444994032383,0.528430938721,-0.622760772705
0.610232412815,-0.298887073994,1.31790888309,-0.367493540049,-0.444326728582,0.525954902172,-0.625214934349
0.609824120998,-0.298929750919,1.31778275967,-0.36759647727,-0.443691939116,0.523765683174,-0.627439141273
0.610385894775,-0.298467874527,1.31847143173,-0.366281628609,-0.444094598293,0.521254599094,-0.630008995533
0.610625624657,-0.298446893692,1.31849861145,-0.366229742765,-0.443490833044,0.520152568817,-0.631374001503
0.610743880272,-0.298209905624,1.31858277321,-0.366166204214,-0.443036198616,0.518205523491,-0.633327901363
0.610825121403,-0.297950059175,1.31867098808,-0.366177141666,-0.442389160395,0.516570091248,-0.635107398033
0.610342681408,-0.29756256938,1.3182810545,-0.367226630449,-0.440221965313,0.51434803009,-0.63780516386
0.610420048237,-0.297127425671,1.31823265553,-0.367464005947,-0.439320027828,0.5139118433,-0.638641238213
0.611055195332,-0.297088265419,1.31880247593,-0.36678403616,-0.439894497395,0.512455523014,-0.639805853367
0.610534965992,-0.296665072441,1.3183709383,-0.367986917496,-0.437590241432,0.510632753372,-0.642148435116
0.610489070415,-0.296570658684,1.31858062744,-0.367907553911,-0.437077462673,0.509631216526,-0.643337666988
0.611066162586,-0.296453207731,1.31911873817,-0.36696523428,-0.437453359365,0.508263170719,-0.644701242447
0.610499560833,-0.296040534973,1.31878876686,-0.367988586426,-0.435538232327,0.507459878922,-0.646045982838
0.610354363918,-0.295525729656,1.31877148151,-0.368553459644,-0.433644115925,0.506087481976,-0.648071467876
0.610850989819,-0.295402169228,1.31934583187,-0.367643147707,-0.433983564377,0.505346477032,-0.648938894272
0.610747754574,-0.295187354088,1.31958425045,-0.36746275425,-0.43339908123,0.504880130291,-0.649794280529
0.610223770142,-0.294597685337,1.31901097298,-0.368469387293,-0.431019634008,0.504807114601,-0.650862514973
0.609916806221,-0.294211030006,1.31912720203,-0.368521422148,-0.429280430079,0.50433665514,-0.652345597744
0.609493970871,-0.29394993186,1.31960916519,-0.369189590216,-0.42832505703,0.502921938896,-0.653686642647
0.609371840954,-0.293545782566,1.31963264942,-0.36862039566,-0.427034854889,0.502900004387,-0.654867708683
0.608943402767,-0.292908370495,1.31975066662,-0.369062483311,-0.424657076597,0.502667605877,-0.656341910362
0.608097672462,-0.292442381382,1.32001662254,-0.370432287455,-0.422717869282,0.502803504467,-0.656717717648
0.607767820358,-0.292129725218,1.32032799721,-0.370650321245,-0.422247171402,0.502991437912,-0.656753480434
0.607613503933,-0.291715979576,1.32072031498,-0.370141476393,-0.421373128891,0.504030942917,-0.656805098057
0.607726335526,-0.29136878252,1.32152163982,-0.369365245104,-0.42149451375,0.504140377045,-0.657080113888
0.607254207134,-0.290881693363,1.32177901268,-0.369779735804,-0.41939535737,0.503546476364,-0.658643603325
0.605950772762,-0.290178060532,1.32141399384,-0.371478140354,-0.416275620461,0.50556653738,-0.658119380474
0.605777800083,-0.289629459381,1.32182431221,-0.370920717716,-0.415094524622,0.50521749258,-0.659446537495
0.605818748474,-0.289141327143,1.32258498669,-0.370215088129,-0.415027558804,0.505959928036,-0.659315943718
0.605274677277,-0.288558959961,1.32282960415,-0.370673090219,-0.413721978664,0.50688046217,-0.65917211771
0.604795157909,-0.287932276726,1.32307136059,-0.370839267969,-0.41256994009,0.508405566216,-0.658625900745
0.603652596474,-0.287189811468,1.32297313213,-0.371762603521,-0.409749150276,0.509277999401,-0.659192085266
0.603098034859,-0.286527812481,1.32318341732,-0.371782720089,-0.40824007988,0.511000037193,-0.658784270287
0.602516591549,-0.285818040371,1.3235424757,-0.371915370226,-0.406792014837,0.512292861938,-0.658601045609
0.602201104164,-0.285142928362,1.32357347012,-0.371671706438,-0.405722409487,0.513406097889,-0.658531367779
0.601057708263,-0.284370362759,1.32390642166,-0.372935295105,-0.403725326061,0.514836668968,-0.657927334309
0.600942313671,-0.283431440592,1.32392799854,-0.373303204775,-0.402210325003,0.516923189163,-0.657009840012
0.600395321846,-0.282682538033,1.32423329353,-0.373278141022,-0.401024103165,0.518337249756,-0.65663510561
0.599419951439,-0.281839191914,1.32426834106,-0.374462544918,-0.399005770683,0.519707739353,-0.656106710434
0.599131524563,-0.281041204929,1.32472920418,-0.374153852463,-0.398256003857,0.520505785942,-0.656105875969
0.598464667797,-0.280201762915,1.32501578331,-0.374044656754,-0.397308647633,0.522542178631,-0.655122995377
0.597775757313,-0.279360890388,1.32519328594,-0.374580711126,-0.39575907588,0.523812711239,-0.654739916325
0.597164988518,-0.278472721577,1.32552540302,-0.37459769845,-0.394920140505,0.525292694569,-0.654050707817
0.596923589706,-0.277423977852,1.32629358768,-0.373700290918,-0.393907159567,0.525915920734,-0.654673695564
0.595639407635,-0.27637475729,1.32610011101,-0.374985843897,-0.391598016024,0.527565538883,-0.653996407986
0.594903409481,-0.275443732738,1.32652056217,-0.375180393457,-0.390876591206,0.528513967991,-0.653550505638
0.594385921955,-0.274539232254,1.32673203945,-0.37493878603,-0.389819949865,0.530336380005,-0.652843475342
0.593446135521,-0.273493677378,1.32734501362,-0.375812083483,-0.389097601175,0.532244384289,-0.651217520237
0.592694401741,-0.272505640984,1.32779014111,-0.376200646162,-0.387985378504,0.53430390358,-0.649969220161
0.591808438301,-0.271519243717,1.3282674551,-0.376608878374,-0.387084841728,0.535811722279,-0.649027526379
0.591161310673,-0.27052628994,1.32865095139,-0.37640196085,-0.386382520199,0.53694075346,-0.64863306284
0.590293765068,-0.269511044025,1.3291131258,-0.377142757177,-0.385402739048,0.538655817509,-0.647362411022
0.589524924755,-0.268451094627,1.32947528362,-0.377492040396,-0.384016275406,0.539353072643,-0.647402107716
0.58836889267,-0.267398715019,1.33015203476,-0.378448218107,-0.383259296417,0.54043930769,-0.646385788918
0.587637424469,-0.26637172699,1.33059024811,-0.37968403101,-0.382272511721,0.542092442513,-0.644859433174
0.587426304817,-0.265484511852,1.33146643639,-0.37896707654,-0.382270246744,0.543978273869,-0.643693089485
0.586202681065,-0.26433417201,1.33128678799,-0.380547612906,-0.380410373211,0.545524716377,-0.64255297184
0.585503757,-0.263347029686,1.33164095879,-0.381171822548,-0.379506617785,0.547661542892,-0.640897452831
0.584483206272,-0.262289583683,1.33219373226,-0.382196098566,-0.378650277853,0.54912507534,-0.639540195465
0.583903074265,-0.261308670044,1.33229160309,-0.382321089506,-0.3778668046,0.550379574299,-0.638850212097
0.582845628262,-0.260264903307,1.33281195164,-0.383363723755,-0.377232402563,0.551064670086,-0.638009130955
0.582385718822,-0.259214699268,1.33280956745,-0.384039372206,-0.376220494509,0.552627146244,-0.636847734451
0.581248283386,-0.258205711842,1.33302092552,-0.384625166655,-0.375679135323,0.554596066475,-0.635099887848
0.580794095993,-0.257192730904,1.33337831497,-0.384742051363,-0.375187546015,0.554803967476,-0.63513815403
0.580023467541,-0.256205916405,1.33362603188,-0.384955465794,-0.375159800053,0.556732952595,-0.633334755898
0.579339563847,-0.255150765181,1.33372449875,-0.385660141706,-0.373951226473,0.55684953928,-0.633518338203
0.57848316431,-0.254060268402,1.33405566216,-0.386973708868,-0.373070299625,0.558178246021,-0.632065653801
0.577994942665,-0.252939164639,1.33414685726,-0.388322681189,-0.372166395187,0.559618830681,-0.630495488644
0.577446460724,-0.251883804798,1.33425927162,-0.388955891132,-0.371537804604,0.560894608498,-0.629341125488
0.576805591583,-0.250739276409,1.33440351486,-0.389787405729,-0.370831429958,0.561880230904,-0.6283634305
0.576312065125,-0.249615311623,1.33445298672,-0.390670537949,-0.370647162199,0.564269423485,-0.625777423382
0.575936973095,-0.248724848032,1.33455574512,-0.39008936286,-0.370499044657,0.564736545086,-0.625806331635
0.57557028532,-0.247422337532,1.33449363708,-0.391263514757,-0.369919151068,0.566273152828,-0.624025285244
0.574521183968,-0.246289283037,1.33476614952,-0.392651170492,-0.369066089392,0.566957116127,-0.623036921024
0.574101924896,-0.244999662042,1.33468782902,-0.393657356501,-0.367844641209,0.568270027637,-0.621927261353
0.57366079092,-0.244130939245,1.33508253098,-0.393726110458,-0.368062853813,0.568589568138,-0.621462225914
0.573308050632,-0.242681533098,1.33501160145,-0.394954711199,-0.36695304513,0.570331931114,-0.619739949703
0.572840511799,-0.241477102041,1.3351855278,-0.395299047232,-0.366517901421,0.57096350193,-0.619196236134
0.572793245316,-0.240328654647,1.33565282822,-0.395057022572,-0.366533368826,0.57176554203,-0.61860114336
0.572017908096,-0.239086195827,1.33573329449,-0.395896315575,-0.365791201591,0.572318315506,-0.617992460728
0.571483373642,-0.237709254026,1.33602821827,-0.396316230297,-0.364748388529,0.573140323162,-0.617577731609
0.571447134018,-0.236546725035,1.33609378338,-0.397067129612,-0.364225387573,0.574148237705,-0.61646682024
0.571034967899,-0.235272347927,1.33636844158,-0.397349923849,-0.363389730453,0.5748437047,-0.61612957716
0.570694804192,-0.234040766954,1.33715295792,-0.397687345743,-0.363700389862,0.575452923775,-0.615159153938
0.57009357214,-0.232488840818,1.33707463741,-0.398835808039,-0.361493378878,0.576766967773,-0.614485442638
0.569723725319,-0.231230899692,1.33754205704,-0.398985624313,-0.361230432987,0.577258825302,-0.614080905914
0.569876194,-0.230054527521,1.33769369125,-0.39791238308,-0.36142590642,0.577985405922,-0.613978743553
0.570014357567,-0.228949606419,1.3389261961,-0.398342251778,-0.361869484186,0.57904702425,-0.61243647337
0.569243967533,-0.227091252804,1.33837795258,-0.399668514729,-0.358765184879,0.580286741257,-0.612225353718
0.569355070591,-0.226022601128,1.33915197849,-0.399375289679,-0.35951974988,0.580646574497,-0.611632764339
0.569302201271,-0.224416822195,1.3390237093,-0.398672997952,-0.358386725187,0.581552684307,-0.611894845963
0.56872344017,-0.222861155868,1.33917272091,-0.399948567152,-0.356594502926,0.582538127899,-0.611171782017
0.568571984768,-0.221688508987,1.33967149258,-0.400003552437,-0.356410682201,0.582925260067,-0.610873937607
0.569086074829,-0.220282837749,1.34017193317,-0.399353682995,-0.356606185436,0.584036886692,-0.610122680664
0.568084716797,-0.218417063355,1.33970046043,-0.400294274092,-0.353568196297,0.584570646286,-0.610762894154
0.568526029587,-0.216984137893,1.34026062489,-0.39989733696,-0.353920161724,0.585368812084,-0.610054135323
0.568072140217,-0.215533852577,1.3400375843,-0.400048285723,-0.352143108845,0.585687279701,-0.610677480698
0.568806827068,-0.214111447334,1.34084784985,-0.397989213467,-0.353681564331,0.58611112833,-0.610727310181
0.568119466305,-0.212743669748,1.34053754807,-0.398656338453,-0.351855546236,0.586112737656,-0.611345171928
0.568603873253,-0.211222082376,1.34047889709,-0.398826181889,-0.351032197475,0.587351977825,-0.61051774025
0.568658828735,-0.210119143128,1.34097409248,-0.397945702076,-0.35161536932,0.587118327618,-0.610981166363
0.56920337677,-0.208503067493,1.34105122089,-0.396528810263,-0.351418524981,0.587778270245,-0.61138099432
0.568952083588,-0.207330018282,1.34146547318,-0.397128045559,-0.350938081741,0.587766647339,-0.611279070377
0.570255279541,-0.206065356731,1.34171760082,-0.396121293306,-0.351480364799,0.589138686657,-0.610299170017
0.569504380226,-0.204426541924,1.34124481678,-0.396256387234,-0.349577665329,0.58875399828,-0.611674070358
0.569741070271,-0.203189343214,1.34144687653,-0.395057439804,-0.349842607975,0.588686645031,-0.612362623215
0.570967555046,-0.202069610357,1.34182727337,-0.393709361553,-0.351045429707,0.589510917664,-0.611749053001
0.570508241653,-0.200478732586,1.34105110168,-0.394113898277,-0.348750710487,0.58969438076,-0.612623751163
0.570814728737,-0.199231848121,1.34088480473,-0.393355578184,-0.348826408386,0.589778780937,-0.612986624241
0.571527242661,-0.19804790616,1.34108269215,-0.392463773489,-0.349089711905,0.59015673399,-0.613044500351
0.572244107723,-0.197044402361,1.34140360355,-0.391488075256,-0.349981188774,0.59059458971,-0.6127384305
0.572695076466,-0.195876121521,1.34138917923,-0.390802949667,-0.350149333477,0.590732574463,-0.612946689129
0.57280009985,-0.194431528449,1.34108769894,-0.390846669674,-0.34950247407,0.591208159924,-0.612829327583
0.573348701,-0.193234324455,1.34075534344,-0.390813082457,-0.348821699619,0.591973781586,-0.612499475479
0.573141872883,-0.19169703126,1.34050166607,-0.390490949154,-0.348081618547,0.59117692709,-0.613894224167
0.573473870754,-0.190652638674,1.34053945541,-0.390138506889,-0.34808576107,0.591971695423,-0.613349735737
0.573530554771,-0.189219206572,1.34003853798,-0.389901906252,-0.347291409969,0.592315018177,-0.613618910313
0.574218273163,-0.188364356756,1.34020912647,-0.389382272959,-0.347832024097,0.591716706753,-0.614219605923
0.574279606342,-0.186852604151,1.33967614174,-0.388514965773,-0.347024857998,0.591986238956,-0.614965200424
0.574522972107,-0.185874134302,1.33996856213,-0.388282388449,-0.347437053919,0.591823995113,-0.615035653114
0.574819743633,-0.184577122331,1.33976483345,-0.387960553169,-0.347160726786,0.592614471912,-0.614633500576
0.576051354408,-0.183998525143,1.34070217609,-0.38606479764,-0.350370168686,0.592005252838,-0.614593029022
0.575641393661,-0.182624906301,1.33984673023,-0.386509150267,-0.348912805319,0.591919183731,-0.615225434303
0.576158285141,-0.181395947933,1.33962130547,-0.385513842106,-0.348787873983,0.592674732208,-0.615193247795
0.576614260674,-0.18038392067,1.339605093,-0.384697675705,-0.349505513906,0.592378437519,-0.615581989288
0.576862215996,-0.179161995649,1.33988118172,-0.384930044413,-0.349829733372,0.591858625412,-0.615752995014
0.578245282173,-0.178189903498,1.34056961536,-0.383572816849,-0.351943582296,0.592522919178,-0.614755451679
0.577777147293,-0.176692992449,1.33983671665,-0.383704483509,-0.350989580154,0.592895209789,-0.614859879017
0.579066872597,-0.175984382629,1.34067428112,-0.381863921881,-0.353430092335,0.591739296913,-0.615720629692
0.578652620316,-0.174453392625,1.33977091312,-0.382647275925,-0.352166950703,0.592079341412,-0.615630924702
0.579763770103,-0.173563912511,1.34042179585,-0.380581527948,-0.35408321023,0.592426896095,-0.615478277206
0.58024251461,-0.172736823559,1.34050941467,-0.379928916693,-0.354927659035,0.59090590477,-0.616855502129
0.580861389637,-0.171559095383,1.34048056602,-0.37995672226,-0.355018496513,0.591310083866,-0.616398453712
0.58056896925,-0.170149534941,1.33965361118,-0.380752831697,-0.353668510914,0.592352032661,-0.615682840347
0.580882251263,-0.169378191233,1.33969902992,-0.379422903061,-0.355056583881,0.591280043125,-0.61673438549
0.582133233547,-0.168649077415,1.33996748924,-0.37858915329,-0.356749236584,0.59140753746,-0.616147398949
0.582748472691,-0.167441785336,1.34007668495,-0.377878189087,-0.357039183378,0.591722369194,-0.616113483906
0.583111941814,-0.166631430387,1.34004831314,-0.377051562071,-0.358230471611,0.591022014618,-0.616600513458
0.583182096481,-0.165389478207,1.3393586874,-0.37712097168,-0.357282578945,0.591191530228,-0.616945385933
0.583103597164,-0.164325505495,1.33905148506,-0.376860380173,-0.357453286648,0.590782880783,-0.617397010326
0.584510087967,-0.163773447275,1.3395550251,-0.375769287348,-0.359363943338,0.591070890427,-0.61667662859
0.584117650986,-0.16257917881,1.33871781826,-0.376387834549,-0.358187228441,0.5907523036,-0.617289245129
0.585144281387,-0.162023425102,1.33903002739,-0.37480160594,-0.360068023205,0.590492248535,-0.617408871651
0.585639595985,-0.161138057709,1.33916139603,-0.373853415251,-0.361431717873,0.590231060982,-0.617436826229
0.585235536098,-0.159912869334,1.33834075928,-0.374299228191,-0.359464496374,0.58923304081,-0.61926561594
0.585777759552,-0.159069910645,1.33816301823,-0.374537199736,-0.359931051731,0.590414524078,-0.617723405361
0.586642622948,-0.158523336053,1.33869588375,-0.3727684021,-0.362195283175,0.589829385281,-0.61802893877
0.587194561958,-0.157531112432,1.3384963274,-0.372882068157,-0.362288922071,0.590574085712,-0.617193818092
0.587477207184,-0.156998723745,1.33846259117,-0.371867090464,-0.36360129714,0.589746415615,-0.617825090885
0.58735781908,-0.156150400639,1.33772361279,-0.373075813055,-0.362261474133,0.589960873127,-0.617678940296
0.587670683861,-0.155304998159,1.33763039112,-0.373076021671,-0.362487494946,0.58992266655,-0.6175827384
0.588787734509,-0.154608815908,1.33839714527,-0.37152287364,-0.364147752523,0.58936804533,-0.618071615696
0.589126169682,-0.15434487164,1.3383795023,-0.370395511389,-0.365513086319,0.588540911674,-0.618730127811
0.58863401413,-0.153261855245,1.3376891613,-0.371319442987,-0.363969355822,0.588525116444,-0.61910122633
0.58957529068,-0.152772217989,1.33818674088,-0.370419830084,-0.366068869829,0.589561879635,-0.617413580418
0.590063750744,-0.151618555188,1.33819591999,-0.370993047953,-0.365596055984,0.590561211109,-0.616393864155
0.589656949043,-0.15067961812,1.33765387535,-0.370957970619,-0.364482134581,0.590314865112,-0.617309749126
0.589947879314,-0.150151520967,1.33796870708,-0.370585620403,-0.365085631609,0.588923096657,-0.618505239487
0.590416431427,-0.149591729045,1.33781135082,-0.370186775923,-0.365456402302,0.589112401009,-0.618344664574
0.591357111931,-0.149817958474,1.33849859238,-0.3678637743,-0.368920773268,0.588859736919,-0.617914199829
0.591612160206,-0.149060457945,1.33855259418,-0.367564499378,-0.369297742844,0.588707149029,-0.618012428284
0.591523349285,-0.148387670517,1.33779156208,-0.368379831314,-0.36797323823,0.589000940323,-0.618037104607
0.591801822186,-0.14777597785,1.33799111843,-0.368000328541,-0.36834615469,0.58891415596,-0.618123948574
0.59194791317,-0.146526485682,1.33827507496,-0.368169128895,-0.36778819561,0.589768528938,-0.61754077673
0.592760622501,-0.146259784698,1.33867716789,-0.366697400808,-0.369524747133,0.588768661022,-0.618333280087
0.592978000641,-0.145738393068,1.33894789219,-0.365845739841,-0.370166391134,0.588344871998,-0.618857204914
0.593378961086,-0.145498752594,1.3389955759,-0.365115731955,-0.370959222317,0.588592767715,-0.618577837944
0.593660056591,-0.145140036941,1.33896708488,-0.364621013403,-0.371694803238,0.588335573673,-0.618672788143
0.593332886696,-0.143593356013,1.33861362934,-0.366040796041,-0.369039267302,0.589661240578,-0.618161737919
0.593571603298,-0.143143475056,1.33867359161,-0.365484088659,-0.369296878576,0.589609980583,-0.618386209011
0.593852877617,-0.142512127757,1.33876204491,-0.364761382341,-0.369469076395,0.589664161205,-0.618658125401
0.594084203243,-0.142097398639,1.33899211884,-0.363694369793,-0.370544970036,0.589206635952,-0.619078814983
0.594080448151,-0.14188568294,1.33899879456,-0.362842619419,-0.371094197035,0.588433265686,-0.619984507561
0.594867646694,-0.141844555736,1.33967483044,-0.361510485411,-0.373003572226,0.588149964809,-0.619885742664
0.595018088818,-0.141299113631,1.33975172043,-0.361103802919,-0.373016417027,0.588102281094,-0.620160102844
0.595289826393,-0.140771538019,1.3398348093,-0.361337095499,-0.372981309891,0.58848720789,-0.619679987431
0.595480680466,-0.140181869268,1.33980083466,-0.360948622227,-0.372868686914,0.588756263256,-0.619718551636
0.595475971699,-0.139668613672,1.33990323544,-0.359985977411,-0.373050481081,0.588498651981,-0.620413482189
0.595487475395,-0.139127507806,1.34001278877,-0.359701991081,-0.372936189175,0.588461458683,-0.620682120323
0.59501773119,-0.138320669532,1.33959102631,-0.360663831234,-0.371025651693,0.588919401169,-0.620834648609
0.595738649368,-0.138283222914,1.34060573578,-0.358644634485,-0.373323321342,0.588449299335,-0.621072769165
0.59586173296,-0.137723773718,1.34050428867,-0.358980417252,-0.372683435678,0.588880240917,-0.620854437351
0.594873547554,-0.136963665485,1.34010624886,-0.359292626381,-0.370929092169,0.588364422321,-0.622212171555
0.594980537891,-0.136173889041,1.33996975422,-0.358746826649,-0.370345234871,0.588677465916,-0.622578442097
0.5950999856,-0.135925203562,1.33995759487,-0.358627736568,-0.370255708694,0.588708937168,-0.622670769691
0.595499396324,-0.135866805911,1.34063959122,-0.357834905386,-0.37144240737,0.588398575783,-0.622713327408
0.594865679741,-0.135031104088,1.34027969837,-0.35837072134,-0.369782984257,0.58872282505,-0.62308627367
0.595436394215,-0.134918496013,1.34088122845,-0.357923984528,-0.370811343193,0.588877439499,-0.622585594654
0.595423698425,-0.134462445974,1.34084415436,-0.35779067874,-0.370415568352,0.589096367359,-0.622690677643
0.594797372818,-0.133661612868,1.34048056602,-0.358301877975,-0.368643283844,0.589126944542,-0.623419106007
0.594696998596,-0.133318141103,1.3405752182,-0.356958061457,-0.369060635567,0.58855676651,-0.624480903149
0.595301032066,-0.133146986365,1.34139502048,-0.356008976698,-0.370220243931,0.588678061962,-0.624221682549
0.595220386982,-0.132572337985,1.34140396118,-0.356227755547,-0.369735896587,0.588874518871,-0.62419873476
0.594277143478,-0.131817668676,1.3407856226,-0.356808543205,-0.367808908224,0.588481605053,-0.625374913216
0.594233870506,-0.131428673863,1.34090936184,-0.356677919626,-0.367505639791,0.588364720345,-0.62573748827
0.594014406204,-0.130739450455,1.34115278721,-0.356385886669,-0.367052853107,0.588351428509,-0.626182019711
0.593994855881,-0.130623668432,1.34123313427,-0.356148391962,-0.367457032204,0.587892353535,-0.626511275768
0.593841791153,-0.130218878388,1.34129667282,-0.355994850397,-0.367177575827,0.587722599506,-0.626921474934
0.593680620193,-0.129770293832,1.34132945538,-0.355837076902,-0.366845339537,0.587503910065,-0.627410292625
0.593553423882,-0.12927287817,1.34132552147,-0.356112122536,-0.366316467524,0.587614774704,-0.627459585667
0.593987345695,-0.129183933139,1.34178817272,-0.355372101068,-0.367348074913,0.587568700314,-0.627319157124
0.593731403351,-0.128544300795,1.34173321724,-0.355225324631,-0.366636127234,0.587654709816,-0.627738118172
0.593682706356,-0.128218367696,1.34193503857,-0.355811625719,-0.366288512945,0.587902128696,-0.627377212048
0.593439340591,-0.128180995584,1.34243178368,-0.355336070061,-0.36750510335,0.586293041706,-0.628439903259
0.593462586403,-0.127824172378,1.34232389927,-0.354715585709,-0.36738589406,0.586966812611,-0.628231227398
0.593347430229,-0.127231657505,1.34226965904,-0.355528563261,-0.366735994816,0.586859762669,-0.628251492977
0.592497766018,-0.126792415977,1.34145927429,-0.356531769037,-0.364496409893,0.587471961975,-0.628414094448
0.592292368412,-0.126670971513,1.34162175655,-0.356203198433,-0.364793270826,0.587051689625,-0.628820836544
0.592061579227,-0.126360923052,1.34164845943,-0.355874627829,-0.36486068368,0.586756110191,-0.629243612289
0.591950774193,-0.126080557704,1.3415068388,-0.355861634016,-0.364750236273,0.586750924587,-0.629319727421
0.592464923859,-0.126061677933,1.34210705757,-0.355125635862,-0.366564810276,0.586631178856,-0.628792464733
0.592352390289,-0.12624938786,1.34245538712,-0.354664206505,-0.367712944746,0.585857272148,-0.629103899002
0.592263221741,-0.126064017415,1.3423910141,-0.354683250189,-0.367802590132,0.585765421391,-0.629126429558
0.592146039009,-0.125558853149,1.34183645248,-0.35602965951,-0.366353422403,0.586683869362,-0.628355205059
0.592074036598,-0.125400111079,1.34168803692,-0.356107890606,-0.366377830505,0.586709201336,-0.628272950649
0.592025339603,-0.125249773264,1.3413734436,-0.356305450201,-0.366226345301,0.586822271347,-0.628143548965
0.591947138309,-0.12518081069,1.34121894836,-0.356580168009,-0.366647779942,0.586588025093,-0.627960681915
0.591909348965,-0.125294342637,1.34124279022,-0.35712197423,-0.36724460125,0.586566567421,-0.627323746681
0.591656386852,-0.12517696619,1.34079432487,-0.356575965881,-0.36743670702,0.586116194725,-0.627942621708
0.591757893562,-0.125140845776,1.34076321125,-0.356706261635,-0.367851734161,0.586207807064,-0.627540051937
0.590716063976,-0.124828599393,1.33994531631,-0.357846617699,-0.366125792265,0.585914373398,-0.628173708916
0.590568125248,-0.124715037644,1.3395678997,-0.358552396297,-0.365783274174,0.586145222187,-0.627755284309
0.590805709362,-0.124848328531,1.33963859081,-0.358473628759,-0.366742968559,0.586153864861,-0.627231836319
0.590549170971,-0.124589510262,1.33938479424,-0.35934099555,-0.366600304842,0.586445569992,-0.626546084881
0.590400576591,-0.124618604779,1.3389929533,-0.360119044781,-0.366604715586,0.586795687675,-0.62576842308
0.590054988861,-0.124317444861,1.33892476559,-0.360741585493,-0.366437256336,0.586328089237,-0.62594640255
0.589699089527,-0.124547690153,1.33898580074,-0.360862851143,-0.367193490267,0.586419224739,-0.625347554684
0.589405298233,-0.123972304165,1.33864080906,-0.361832201481,-0.366028696299,0.587338507175,-0.624607145786
0.589066267014,-0.123820051551,1.33844578266,-0.362284630537,-0.366024404764,0.586815834045,-0.624838650227
0.588849902153,-0.123583614826,1.33837985992,-0.363779485226,-0.365699887276,0.587523519993,-0.623493790627
0.58852994442,-0.123538896441,1.33839607239,-0.364423394203,-0.365854889154,0.58779489994,-0.622770488262
0.58831846714,-0.123600140214,1.33830392361,-0.364847183228,-0.366008102894,0.588622272015,-0.621649742126
0.587867379189,-0.123492136598,1.33819961548,-0.365201681852,-0.366188496351,0.588586866856,-0.62136888504
0.586740970612,-0.123039454222,1.33735442162,-0.367008060217,-0.36403259635,0.588887095451,-0.621286928654
0.586628854275,-0.123229190707,1.33714354038,-0.368089556694,-0.36419904232,0.589233160019,-0.620220720768
0.586884200573,-0.123785696924,1.33784854412,-0.367319732904,-0.36677184701,0.588737308979,-0.619631409645
0.585942804813,-0.122940659523,1.33695793152,-0.368647903204,-0.364321529865,0.589541435242,-0.619523644447
0.585806667805,-0.122999355197,1.33677053452,-0.368542701006,-0.364708125591,0.589509487152,-0.619389176369
0.585294485092,-0.122501686215,1.33676826954,-0.369743138552,-0.363733738661,0.590207636356,-0.618581235409
0.585078835487,-0.122776284814,1.33690857887,-0.370290189981,-0.364394724369,0.590200543404,-0.61787134409
0.584734320641,-0.122957982123,1.33722889423,-0.370383262634,-0.365414142609,0.589973688126,-0.617430150509
0.585285425186,-0.123009897768,1.33762061596,-0.369371324778,-0.36719417572,0.590257883072,-0.616708219051
0.584392249584,-0.122382231057,1.33674228191,-0.371540158987,-0.364124685526,0.591386198997,-0.616144120693
0.585027217865,-0.122640892863,1.33737945557,-0.370477080345,-0.36610558629,0.591649770737,-0.615356862545
0.58391648531,-0.122315749526,1.33680438995,-0.371209979057,-0.364645212889,0.591439247131,-0.615984380245
0.584387123585,-0.122409448028,1.33697378635,-0.371016234159,-0.365567356348,0.592147529125,-0.614873349667
0.584199607372,-0.122335933149,1.33697426319,-0.371170341969,-0.365436822176,0.592468976974,-0.614547908306
0.584040343761,-0.122210606933,1.33696377277,-0.371336042881,-0.365408420563,0.59279280901,-0.614152312279
0.583890795708,-0.122061997652,1.33695316315,-0.371426075697,-0.365155994892,0.593244969845,-0.613811075687
0.583679378033,-0.121731780469,1.33694326878,-0.371633946896,-0.365011900663,0.593137323856,-0.61387526989
0.582865715027,-0.121199525893,1.33644664288,-0.372419446707,-0.363290667534,0.594205260277,-0.613387048244
0.58269071579,-0.121010571718,1.33646976948,-0.372337579727,-0.362837433815,0.594683527946,-0.613241672516
0.582645654678,-0.121146991849,1.33643400669,-0.372488051653,-0.362930506468,0.595094919205,-0.612695872784
0.582479476929,-0.120987921953,1.33660650253,-0.372469037771,-0.362936705351,0.595412254333,-0.612395465374
0.583040475845,-0.12122169137,1.33742523193,-0.370963096619,-0.364577531815,0.595766544342,-0.61199015379
0.582698047161,-0.121007464826,1.33728730679,-0.371156603098,-0.363870441914,0.596200585365,-0.611871004105
0.582547962666,-0.120737358928,1.33740663528,-0.371297717094,-0.363709151745,0.596712052822,-0.611382484436
0.582670807838,-0.120272889733,1.33747696877,-0.371233433485,-0.363314062357,0.597802639008,-0.610590577126
0.582532823086,-0.120207242668,1.33773291111,-0.370827823877,-0.363312870264,0.59810936451,-0.610537230968
0.581558763981,-0.119780488312,1.33712911606,-0.371867895126,-0.361002862453,0.598402738571,-0.610987246037
0.582302629948,-0.119951814413,1.33800053596,-0.370643317699,-0.36287483573,0.598807275295,-0.610225617886
0.582244873047,-0.119745463133,1.33814501762,-0.370632827282,-0.362660139799,0.599351286888,-0.609825491905
0.582232713699,-0.119539856911,1.33833229542,-0.370500832796,-0.362452149391,0.599778532982,-0.60960906744
0.582175672054,-0.119331195951,1.33849477768,-0.370482385159,-0.362330019474,0.600198090076,-0.609279930592
0.581951677799,-0.119112148881,1.33844745159,-0.370691388845,-0.3615899086,0.600535333157,-0.609260201454
0.581247448921,-0.11849693954,1.33802783489,-0.371271580458,-0.359493374825,0.600942909718,-0.609745621681
0.581783235073,-0.118993163109,1.33903598785,-0.369841396809,-0.36187633872,0.600439429283,-0.609701097012
0.581807136536,-0.118998020887,1.33924019337,-0.369903832674,-0.361873775721,0.600570321083,-0.609535753727
0.581877470016,-0.118735402822,1.3393342495,-0.370424389839,-0.361287772655,0.600594043732,-0.609544098377
0.581825375557,-0.118604801595,1.33941578865,-0.370241433382,-0.361054629087,0.600665748119,-0.609722495079
0.581773877144,-0.118426322937,1.33951294422,-0.370091080666,-0.360767155886,0.60077637434,-0.609875023365
0.581160604954,-0.117521770298,1.33876097202,-0.371214598417,-0.357857495546,0.601625800133,-0.610069155693
0.581097900867,-0.117333762348,1.33881747723,-0.370981127024,-0.357555001974,0.601621210575,-0.610392868519
0.581000030041,-0.117186546326,1.33886003494,-0.370738863945,-0.357317864895,0.601507246494,-0.610791146755
0.580872535706,-0.116861835122,1.33884775639,-0.370428830385,-0.356969326735,0.601423025131,-0.611265957355
0.581335306168,-0.117044150829,1.33947563171,-0.369687139988,-0.358225673437,0.601918876171,-0.610491275787
0.581262469292,-0.116904884577,1.33943164349,-0.369754374027,-0.357793390751,0.601864516735,-0.610757648945
0.581129610538,-0.116812333465,1.33957111835,-0.369503825903,-0.357736170292,0.601462602615,-0.611338496208
0.581127285957,-0.116341218352,1.33925032616,-0.368889153004,-0.357018113136,0.601377785206,-0.612212061882
0.58138602972,-0.11651545018,1.33977282047,-0.368543982506,-0.35796391964,0.601064264774,-0.612175524235
0.581483662128,-0.116276592016,1.33998703957,-0.368155092001,-0.358138948679,0.600794017315,-0.612572491169
0.581257522106,-0.116278767586,1.33999335766,-0.367712259293,-0.358297139406,0.600098311901,-0.61342728138
0.581129491329,-0.115859471262,1.34013450146,-0.367624551058,-0.357921600342,0.60006737709,-0.613729357719
0.580807507038,-0.115434743464,1.33974599838,-0.367340922356,-0.356934756041,0.599858164787,-0.614677548409
0.580803751945,-0.115569867194,1.33981239796,-0.36709445715,-0.357211917639,0.599244832993,-0.615261554718
0.580955028534,-0.115670032799,1.34016907215,-0.367280393839,-0.357789993286,0.599097490311,-0.614958405495
0.58080971241,-0.115344703197,1.34027767181,-0.367185622454,-0.357427477837,0.598730385303,-0.615582883358
0.580734968185,-0.115380488336,1.34057939053,-0.367128878832,-0.357698827982,0.598231911659,-0.615943789482
0.580575466156,-0.115491099656,1.3406021595,-0.366452425718,-0.358191460371,0.597242176533,-0.617019593716
0.580610692501,-0.115166530013,1.34060060978,-0.366313129663,-0.357992678881,0.596493780613,-0.617941141129
0.580580353737,-0.115131862462,1.34061121941,-0.36657372117,-0.357861757278,0.596268475056,-0.618079900742
0.58099257946,-0.11480499804,1.34118747711,-0.365622758865,-0.358722895384,0.596284508705,-0.618128299713
0.579824924469,-0.114486016333,1.34016728401,-0.36685064435,-0.356263250113,0.595597922802,-0.619483828545
0.580006539822,-0.114700675011,1.34053790569,-0.366473078728,-0.357194364071,0.595617890358,-0.619152009487
0.578916609287,-0.113971553743,1.3399245739,-0.36770170927,-0.354725301266,0.595352232456,-0.62009781599
0.578700065613,-0.113855391741,1.33974468708,-0.367859005928,-0.354258954525,0.595090568066,-0.620522320271
0.578504323959,-0.113864928484,1.33977246284,-0.367632836103,-0.354388296604,0.594422578812,-0.6212220788
0.578374683857,-0.113809123635,1.3395537138,-0.367719501257,-0.353698551655,0.592916667461,-0.623000562191
0.578183233738,-0.113708019257,1.33953511715,-0.367769539356,-0.353510469198,0.592598855495,-0.623380124569
0.577992677689,-0.113851591945,1.33975613117,-0.368106544018,-0.353825420141,0.592093467712,-0.623482644558
0.577625989914,-0.113669544458,1.33969342709,-0.368155807257,-0.353813052177,0.591609418392,-0.623919963837
0.57793456316,-0.114053398371,1.34020292759,-0.367369323969,-0.355507940054,0.59097212553,-0.624024033546
0.577615857124,-0.113980814815,1.3401453495,-0.367743581533,-0.355547994375,0.590611517429,-0.624122083187
0.577242016792,-0.113997980952,1.34016704559,-0.367205619812,-0.355864703655,0.589942038059,-0.624891042709
0.577016949654,-0.113652341068,1.33981132507,-0.367824733257,-0.35494735837,0.590278625488,-0.62473076582
0.576075851917,-0.113406255841,1.33956336975,-0.369213670492,-0.353604882956,0.590031266212,-0.624906301498
0.57625579834,-0.113826319575,1.34027791023,-0.367894947529,-0.355728983879,0.589191973209,-0.625270426273
0.575350105762,-0.11341714859,1.33972609043,-0.368946105242,-0.354011684656,0.589193642139,-0.625623941422
0.574973881245,-0.113339357078,1.33962404728,-0.369311332703,-0.353568613529,0.58913642168,-0.625713288784
0.574918925762,-0.11291782558,1.33897745609,-0.369948387146,-0.352306634188,0.590041518211,-0.62519556284
0.574713110924,-0.112884134054,1.33930599689,-0.36988145113,-0.35261118412,0.590034842491,-0.625069737434
0.574367403984,-0.112833611667,1.3393021822,-0.370176911354,-0.352358996868,0.590006291866,-0.625063896179
0.574424207211,-0.113347940147,1.34011507034,-0.369409948587,-0.354278087616,0.589494585991,-0.624915778637
0.574094116688,-0.113345369697,1.34010565281,-0.370028376579,-0.353777587414,0.589678347111,-0.624659776688
0.573171257973,-0.112890198827,1.33912861347,-0.371825546026,-0.351056545973,0.590203523636,-0.624632060528
0.57324129343,-0.112873822451,1.33959805965,-0.371373236179,-0.351714164019,0.590322673321,-0.624418616295
0.572900772095,-0.112853288651,1.33961689472,-0.371526867151,-0.351620048285,0.590343594551,-0.624360144138
0.571736097336,-0.112504288554,1.33942651749,-0.372321456671,-0.350044250488,0.590340137482,-0.624775350094
0.571956694126,-0.112800195813,1.34013879299,-0.371846228838,-0.351328909397,0.590538442135,-0.624149739742
0.571586072445,-0.112715214491,1.34023702145,-0.37192761898,-0.350999772549,0.590692281723,-0.624140977859
0.571158885956,-0.112307272851,1.34047996998,-0.372192829847,-0.350325167179,0.591168999672,-0.623910486698
0.570844709873,-0.111981704831,1.3402364254,-0.373136907816,-0.349587678909,0.592791557312,-0.622218132019
0.570499956608,-0.11219419539,1.34021878242,-0.372996926308,-0.348840922117,0.592236161232,-0.623249292374
0.570264577866,-0.112100452185,1.34054076672,-0.373075842857,-0.348929256201,0.592694282532,-0.622716844082
0.569757163525,-0.112046808004,1.34061980247,-0.372642308474,-0.348821640015,0.592644274235,-0.623084306717
0.568367779255,-0.111750498414,1.34003937244,-0.373878777027,-0.346564620733,0.592461228371,-0.62377679348
0.568627536297,-0.111958652735,1.34072649479,-0.373026996851,-0.347917020321,0.592764317989,-0.6232457757
0.567551851273,-0.111857764423,1.34019696712,-0.374107033014,-0.346112579107,0.593089461327,-0.623293638229
0.567265748978,-0.111558534205,1.3399875164,-0.375312417746,-0.344553828239,0.594342529774,-0.62223815918
0.566755592823,-0.111518725753,1.34001541138,-0.375772744417,-0.34398278594,0.594635426998,-0.621996343136
0.566367089748,-0.111488714814,1.34007167816,-0.376001536846,-0.343745648861,0.5950294137,-0.621612370014
0.566655337811,-0.111859388649,1.34063732624,-0.375156521797,-0.345179855824,0.595516085625,-0.620861530304
0.566310405731,-0.111837700009,1.34075629711,-0.375202566385,-0.344923347235,0.595966637135,-0.620543956757
0.565219044685,-0.111676216125,1.34061610699,-0.376000225544,-0.343676179647,0.595908820629,-0.620808720589
0.565512180328,-0.112109392881,1.34141242504,-0.375067144632,-0.345625847578,0.596163153648,-0.620045900345
0.56525683403,-0.111996784806,1.34143877029,-0.37504580617,-0.345122903585,0.597122251987,-0.619415819645
0.564877808094,-0.112057618797,1.34163808823,-0.3743493855,-0.345572054386,0.597216665745,-0.619495630264
0.565027356148,-0.112120933831,1.34193491936,-0.374638259411,-0.345748066902,0.598122954369,-0.618347465992
0.564678072929,-0.112327292562,1.34176588058,-0.374746143818,-0.345538705587,0.598426163197,-0.618105709553
0.564639270306,-0.112437576056,1.34184551239,-0.375178992748,-0.345494240522,0.599248170853,-0.617070674896
0.564437389374,-0.112071737647,1.34187209606,-0.374794185162,-0.344797849655,0.600014269352,-0.616949558258
0.56429028511,-0.112109988928,1.34196698666,-0.374504595995,-0.344829767942,0.600229859352,-0.616897881031
0.563551902771,-0.111769221723,1.34162592888,-0.375476688147,-0.34295502305,0.600859224796,-0.616739153862
0.56346809864,-0.111758410931,1.3417391777,-0.375691384077,-0.342739343643,0.601296007633,-0.616302669048
0.563278257847,-0.112296193838,1.3423384428,-0.37542155385,-0.344041287899,0.600850641727,-0.616176068783
0.563822805882,-0.112884446979,1.34290707111,-0.374050885439,-0.345892876387,0.600831389427,-0.615991711617
0.563761413097,-0.113017216325,1.34299111366,-0.373917281628,-0.345806062222,0.600956141949,-0.615999758244
0.563623249531,-0.112878136337,1.34313607216,-0.373940140009,-0.345498710871,0.601234018803,-0.615887463093
0.562903106213,-0.112623058259,1.34275150299,-0.37476375699,-0.343882799149,0.601286232471,-0.616240024567
0.563431918621,-0.113110169768,1.34321403503,-0.373859405518,-0.345386743546,0.601245999336,-0.615987539291
0.563337147236,-0.113262981176,1.34324550629,-0.373755067587,-0.345281451941,0.601299524307,-0.61605745554
0.563316345215,-0.11325070262,1.34365332127,-0.373539745808,-0.345434218645,0.601502418518,-0.615904390812
0.562952458858,-0.113502979279,1.34315419197,-0.37390884757,-0.344724297523,0.6013276577,-0.616248607635
0.562826931477,-0.113666512072,1.34315681458,-0.373795539141,-0.34446939826,0.601433098316,-0.616357028484
0.562634646893,-0.113848477602,1.34302592278,-0.373298108578,-0.344520747662,0.601222574711,-0.616835176945
0.562811553478,-0.114083260298,1.34330272675,-0.372860074043,-0.345157265663,0.601345002651,-0.616624772549
0.562326908112,-0.114215061069,1.34286403656,-0.374275892973,-0.34385985136,0.601625680923,-0.616217970848
0.562599360943,-0.114691980183,1.34339737892,-0.373906254768,-0.345009922981,0.601909935474,-0.615521788597
0.56242787838,-0.114867448807,1.34330105782,-0.374040275812,-0.344829589128,0.602025032043,-0.615428566933
0.562348127365,-0.114977762103,1.34301888943,-0.374516278505,-0.344310313463,0.602466404438,-0.614997923374
0.562248766422,-0.11521217227,1.3429402113,-0.374846667051,-0.344279319048,0.602612018585,-0.614671170712
0.562309145927,-0.115518510342,1.34268736839,-0.374691039324,-0.345048159361,0.603486716747,-0.613475501537
0.562256991863,-0.115986444056,1.34266746044,-0.374849170446,-0.345499068499,0.603345394135,-0.613264143467
0.562145352364,-0.116329655051,1.34257555008,-0.374849677086,-0.345576405525,0.603795111179,-0.612777531147
0.562037289143,-0.116739936173,1.34245193005,-0.374864757061,-0.345367580652,0.602385520935,-0.614271402359
0.561931073666,-0.117219358683,1.34138631821,-0.374614685774,-0.344879686832,0.602175414562,-0.614903748035
0.560999453068,-0.117733031511,1.34195876122,-0.375750035048,-0.345319509506,0.601066946983,-0.615048646927
0.56138586998,-0.118303380907,1.3422318697,-0.375701248646,-0.346402347088,0.60128736496,-0.614253759384
0.560977339745,-0.118335336447,1.34133183956,-0.376925051212,-0.34482178092,0.601558625698,-0.614127635956
0.561552405357,-0.119172386825,1.34163033962,-0.377371400595,-0.346036225557,0.601817965508,-0.612915217876
0.561422586441,-0.11964905262,1.34157538414,-0.3775613904,-0.346174120903,0.601692259312,-0.612843871117
0.561266541481,-0.120452612638,1.3412899971,-0.377793252468,-0.346671968699,0.600874841213,-0.613221406937
0.56083804369,-0.121262148023,1.34128749371,-0.378511726856,-0.347640275955,0.60079318285,-0.612309515476
0.560814917088,-0.121869534254,1.34120941162,-0.3787073493,-0.347889870405,0.600539803505,-0.612295269966
0.560940504074,-0.122113466263,1.34056580067,-0.379228919744,-0.346981018782,0.601600110531,-0.611446619034
0.560956776142,-0.122770093381,1.34054124355,-0.379231631756,-0.347533673048,0.601249039173,-0.611476480961
0.56119543314,-0.123590663075,1.34079456329,-0.379542946815,-0.348548293114,0.600967466831,-0.610982358456
0.561129808426,-0.124255187809,1.34096813202,-0.379135578871,-0.349541574717,0.600198924541,-0.611423194408
0.561252295971,-0.124794177711,1.34079194069,-0.379387617111,-0.349709957838,0.600036561489,-0.611329853535
0.56153678894,-0.125365614891,1.33994877338,-0.378814935684,-0.349591195583,0.599860906601,-0.611924946308
0.561200976372,-0.125943645835,1.3395730257,-0.379640251398,-0.348794519901,0.597810685635,-0.613871514797
0.561288177967,-0.126412436366,1.33943450451,-0.379390865564,-0.349141418934,0.597389519215,-0.614238500595
0.561912357807,-0.127692073584,1.34023308754,-0.37837806344,-0.351982712746,0.59627199173,-0.614327192307
0.562213361263,-0.128321751952,1.33981394768,-0.379296392202,-0.351699322462,0.59649002552,-0.613711297512
0.562304496765,-0.128690257668,1.33952021599,-0.378957390785,-0.351650357246,0.596154093742,-0.614274919033
0.562151789665,-0.129629001021,1.33955562115,-0.378760039806,-0.352659314871,0.594880998135,-0.615051984787
0.56240105629,-0.130219131708,1.33920073509,-0.378760069609,-0.352485328913,0.594725191593,-0.615302562714
0.56197977066,-0.130505010486,1.33850300312,-0.379607647657,-0.351240098476,0.594096302986,-0.616099059582
0.562846422195,-0.131627455354,1.33887135983,-0.378579944372,-0.353261321783,0.593435049057,-0.616213321686
0.562962830067,-0.13239581883,1.33899199963,-0.378294497728,-0.354119479656,0.592596590519,-0.616702616215
0.563409566879,-0.133027642965,1.33884513378,-0.378500849009,-0.354671627283,0.592291653156,-0.61655163765
0.563567698002,-0.133700147271,1.33862543106,-0.378708779812,-0.354584425688,0.591745197773,-0.61699873209
0.563733935356,-0.134602963924,1.33852398396,-0.378872722387,-0.354943603277,0.591093599796,-0.617316067219
0.563764989376,-0.135536924005,1.33851861954,-0.378706783056,-0.355835199356,0.589806973934,-0.618134558201
0.562985062599,-0.135621890426,1.33734917641,-0.380048722029,-0.353723734617,0.589228689671,-0.619073629379
0.563856482506,-0.136691838503,1.33742046356,-0.379719525576,-0.3550170362,0.588707923889,-0.61903077364
0.563899636269,-0.137672558427,1.33731460571,-0.379542082548,-0.355900794268,0.587601184845,-0.619683206081
0.56425434351,-0.138131812215,1.33675205708,-0.379728764296,-0.355538457632,0.587467372417,-0.619903624058
0.564185082912,-0.139314576983,1.33679008484,-0.379797875881,-0.357294410467,0.58597099781,-0.620267987251
0.564037501812,-0.139887169003,1.33584499359,-0.380936354399,-0.35599437356,0.585604548454,-0.620663285255
0.563368558884,-0.140640616417,1.33543848991,-0.381560385227,-0.355211108923,0.584026277065,-0.622214138508
0.564093649387,-0.141613259912,1.33541178703,-0.381511867046,-0.356475800276,0.583567500114,-0.621950685978
0.564020097256,-0.142747879028,1.33523058891,-0.381624728441,-0.357246756554,0.582049250603,-0.622861206532
0.564048469067,-0.143309906125,1.33465158939,-0.382530540228,-0.356421023607,0.582048356533,-0.622779488564
0.564007043839,-0.144218280911,1.33458304405,-0.383023887873,-0.356987416744,0.581093549728,-0.623043358326
0.563973248005,-0.145129844546,1.33423638344,-0.383452415466,-0.357436925173,0.580061495304,-0.623483598232
0.56407058239,-0.146174803376,1.33444309235,-0.383146375418,-0.358762145042,0.578958034515,-0.623936235905
0.563930869102,-0.146886125207,1.33386480808,-0.383395284414,-0.358131796122,0.578354120255,-0.624705016613
0.563754618168,-0.147624120116,1.33333432674,-0.385173857212,-0.357469439507,0.577951788902,-0.624362528324
0.563642323017,-0.149060070515,1.33366370201,-0.385402947664,-0.359013259411,0.57639247179,-0.624776661396
0.563581943512,-0.149423569441,1.33305132389,-0.386201053858,-0.357842683792,0.576444268227,-0.624907672405
0.563750743866,-0.150496199727,1.33290719986,-0.386610090733,-0.358398586512,0.575876116753,-0.62485986948
0.563518285751,-0.151721358299,1.33306586742,-0.386281132698,-0.359468996525,0.574232459068,-0.625959932804
0.562694907188,-0.152044072747,1.33200454712,-0.388683408499,-0.356599360704,0.574263989925,-0.626085400581
0.563333928585,-0.153469249606,1.33225846291,-0.388437777758,-0.358959108591,0.574899792671,-0.62430357933
0.562842786312,-0.15452440083,1.33191907406,-0.388775348663,-0.359221190214,0.573412716389,-0.62530952692
0.562931418419,-0.155214875937,1.33141028881,-0.389803260565,-0.358499199152,0.573516190052,-0.624988913536
0.562949597836,-0.156436651945,1.33130908012,-0.390252232552,-0.358753293753,0.571792244911,-0.626141369343
0.563340961933,-0.158014535904,1.33146739006,-0.389782905579,-0.360049337149,0.57046854496,-0.626896679401
0.563706874847,-0.159049108624,1.33120989799,-0.390389353037,-0.360249102116,0.570541501045,-0.626337885857
0.563777983189,-0.160532072186,1.3312664032,-0.390378028154,-0.361688643694,0.569396615028,-0.626557350159
0.563917517662,-0.161683142185,1.33054959774,-0.391733318567,-0.36120608449,0.569282531738,-0.626093327999
0.564045250416,-0.163242787123,1.33069050312,-0.391403138638,-0.362819164991,0.568014264107,-0.62651860714
0.564493894577,-0.164252966642,1.33004868031,-0.392260193825,-0.362341105938,0.568826854229,-0.625521421432
0.564725160599,-0.165555402637,1.33022034168,-0.391834586859,-0.364005059004,0.568120181561,-0.625464200974
0.564386069775,-0.166665285826,1.32909309864,-0.393053978682,-0.363044321537,0.567565560341,-0.625761032104
0.565603911877,-0.168401867151,1.32925760746,-0.39283773303,-0.365234196186,0.566715061665,-0.625393152237
