Fx,Fy,Fz,Tx,Ty,Tz
-0.043901092062395,-0.11345760530482,-0.283832855399217,0.0007910729735155,0.0011460301660344,-0.001257249154152
0.026970626165405,-0.01907346217582,-0.147593088324217,-0.0001396011095495,0.0020690080903544,-0.001257249154152
0.003346720089505,0.0045225731407799,-0.147593088324217,0.0017217470565805,-0.0016229022100255,0.0001142953988179
0.074218438317605,0.02811861031998,-0.556312449152217,-0.0010702751926145,0.0020690080903544,-0.000571476877669
0.026970626165405,0.02811861031998,-0.283832855399217,0.0007910729735155,0.0002230531730044,-0.000571476877669
0.097842336942605,0.0045225731407799,-0.420072682078217,-0.0020009492756795,0.0020690080903544,-0.001257249154152
0.168714062621605,-0.06626553280902,-0.692552216231217,0.0017217470565805,0.0020690080903544,-0.000571476877669
0.003346720089505,0.02811861031998,-0.147593088324217,0.0035830952227105,-0.0034688575930555,-0.000571476877669
-0.043901092062395,-0.04266949749242,-0.420072682078217,-0.0001396011095495,-0.0025458796687055,-0.001257249154152
0.026970626165405,0.0045225731407799,-0.420072682078217,-0.0001396011095495,0.0011460301660344,-0.001943021430635
-0.020277185986495,0.02811861031998,-0.283832855399217,0.0017217470565805,-0.0034688575930555,-0.001257249154152
0.026970626165405,0.02811861031998,-0.556312449152217,-0.0010702751926145,0.0029919860147544,0.0021716123446779
0.003346720089505,0.02811861031998,-0.283832855399217,0.0007910729735155,-0.0016229022100255,-0.000571476877669
0.026970626165405,0.0045225731407799,-0.420072682078217,0.0007910729735155,-0.0006999247513355,-0.001257249154152
0.168714062621605,-0.01907346217582,-0.420072682078217,-0.0029316233005395,0.0057609179251544,-0.001943021430635
-0.043901092062395,-0.04266949749242,-0.0113533212492166,-0.0010702751926145,-0.0016229022100255,-0.000571476877669
0.026970626165405,-0.04266949749242,-0.556312449152217,0.0017217470565805,-0.0016229022100255,-0.001943021430635
0.074218438317605,-0.01907346217582,-0.283832855399217,0.0007910729735155,-0.0006999247513355,-0.000571476877669
-0.020277185986495,-0.01907346217582,-0.147593088324217,-0.0010702751926145,0.0029919860147544,-0.000571476877669
0.074218438317605,-0.04266949749242,-0.283832855399217,0.0035830952227105,-0.0025458796687055,0.0001142953988179
0.003346720089505,-0.01907346217582,-0.283832855399217,-0.0010702751926145,0.0011460301660344,0.0008000675588879
0.003346720089505,0.0045225731407799,-0.147593088324217,0.0007910729735155,-0.0053148125104255,-0.001257249154152
-0.114772810290295,-0.01907346217582,-0.283832855399217,0.0017217470565805,-0.0034688575930555,-0.000571476877669
-0.020277185986495,0.02811861031998,-0.420072682078217,-0.0001396011095495,0.0011460301660344,0.0028573842719179
0.026970626165405,0.02811861031998,-0.283832855399217,-0.0020009492756795,-0.0006999247513355,-0.001257249154152
0.026970626165405,-0.13705363875872,-0.420072682078217,0.0045137693639805,-0.0025458796687055,-0.001257249154152
-0.138396716366295,-0.04266949749242,-0.283832855399217,-0.0029316233005395,0.0011460301660344,-0.001943021430635
0.026970626165405,-0.04266949749242,-0.283832855399217,0.0026524210814405,-0.0016229022100255,-0.002628793707122
-0.091148904214395,0.05171464377388,-0.283832855399217,0.0007910729735155,-0.0043918350517455,0.0001142953988179
0.074218438317605,-0.04266949749242,-0.420072682078217,0.0026524210814405,-0.0016229022100255,-0.001257249154152
-0.020277185986495,-0.04266949749242,-0.420072682078217,-0.0001396011095495,-0.0016229022100255,-0.001943021430635
0.003346720089505,0.07531067722758,-0.283832855399217,-0.0020009492756795,-0.0025458796687055,-0.001257249154152
0.074218438317605,-0.01907346217582,-0.420072682078217,0.0017217470565805,0.0002230531730044,-0.001257249154152
-0.020277185986495,0.02811861031998,-0.420072682078217,0.0026524210814405,-0.0034688575930555,-0.000571476877669
0.097842336942605,0.05171464377388,-0.283832855399217,0.0007910729735155,-0.0006999247513355,-0.001943021430635
0.003346720089505,0.0045225731407799,-0.420072682078217,-0.0001396011095495,-0.0006999247513355,0.0028573842719179
-0.020277185986495,0.0045225731407799,-0.420072682078217,0.0007910729735155,-0.0025458796687055,-0.000571476877669
-0.020277185986495,-0.01907346217582,-0.283832855399217,-0.0010702751926145,-0.0025458796687055,-0.001257249154152
-0.043901092062395,-0.01907346217582,-0.283832855399217,0.0017217470565805,-0.0034688575930555,-0.001257249154152
-0.043901092062395,-0.01907346217582,-0.420072682078217,-0.0001396011095495,-0.0043918350517455,-0.001257249154152
-0.020277185986495,0.0045225731407799,-0.420072682078217,-0.0001396011095495,0.0002230531730044,-0.001257249154152
-0.043901092062395,-0.01907346217582,-0.420072682078217,0.0026524210814405,-0.0043918350517455,-0.000571476877669
0.003346720089505,-0.01907346217582,-0.283832855399217,-0.0001396011095495,-0.0006999247513355,-0.000571476877669
-0.043901092062395,-0.01907346217582,-0.283832855399217,-0.0001396011095495,0.0020690080903544,-0.001257249154152
-0.043901092062395,-0.06626553280902,-0.147593088324217,0.0026524210814405,-0.0034688575930555,-0.000571476877669
0.003346720089505,0.02811861031998,-0.420072682078217,-0.0010702751926145,0.0002230531730044,-0.001257249154152
0.003346720089505,0.0045225731407799,-0.283832855399217,-0.0001396011095495,-0.0016229022100255,-0.001943021430635
0.097842336942605,-0.06626553280902,-0.420072682078217,0.0007910729735155,0.0002230531730044,0.0014858399517779
0.026970626165405,0.02811861031998,-0.283832855399217,-0.0001396011095495,-0.0006999247513355,-0.000571476877669
0.003346720089505,0.0045225731407799,-0.283832855399217,-0.0001396011095495,-0.0006999247513355,-0.000571476877669
-0.020277185986495,-0.01907346217582,-0.283832855399217,0.0017217470565805,-0.0025458796687055,-0.000571476877669
-0.020277185986495,0.02811861031998,-0.283832855399217,0.0007910729735155,-0.0016229022100255,0.0001142953988179
-0.043901092062395,-0.04266949749242,-0.147593088324217,-0.0010702751926145,-0.0006999247513355,-0.001257249154152
-0.067524998138395,-0.06626553280902,-0.283832855399217,-0.0001396011095495,-0.0006999247513355,-0.001257249154152
-0.043901092062395,-0.04266949749242,-0.283832855399217,-0.0010702751926145,-0.0006999247513355,-0.000571476877669
0.026970626165405,-0.01907346217582,-0.147593088324217,0.0007910729735155,-0.0016229022100255,-0.001257249154152
0.026970626165405,-0.04266949749242,-0.147593088324217,-0.0010702751926145,0.0002230531730044,-0.000571476877669
0.050594532241605,-0.06626553280902,-0.0113533212492166,-0.0020009492756795,-0.0034688575930555,-0.001943021430635
0.074218438317605,-0.01907346217582,-0.147593088324217,-0.0001396011095495,-0.0016229022100255,-0.001257249154152
0.050594532241605,0.02811861031998,-0.147593088324217,-0.0020009492756795,-0.0016229022100255,-0.000571476877669
-0.043901092062395,-0.01907346217582,-0.283832855399217,0.0017217470565805,0.0002230531730044,0.0014858399517779
-0.020277185986495,0.02811861031998,-0.283832855399217,0.0017217470565805,-0.0006999247513355,0.0001142953988179
-0.067524998138395,-0.04266949749242,-0.147593088324217,0.0017217470565805,-0.0034688575930555,0.0001142953988179
-0.067524998138395,-0.01907346217582,-0.147593088324217,0.0035830952227105,-0.0043918350517455,-0.001257249154152
-0.043901092062395,0.0045225731407799,-0.147593088324217,0.0026524210814405,-0.0025458796687055,0.0001142953988179
-0.020277185986495,0.0045225731407799,-0.147593088324217,0.0026524210814405,-0.0025458796687055,0.0001142953988179
-0.043901092062395,-0.04266949749242,-0.283832855399217,0.0026524210814405,-0.0034688575930555,-0.001257249154152
-0.043901092062395,-0.01907346217582,-0.283832855399217,-0.0001396011095495,-0.0006999247513355,-0.000571476877669
-0.020277185986495,-0.06626553280902,-0.283832855399217,-0.0001396011095495,-0.0006999247513355,-0.000571476877669
0.026970626165405,0.0045225731407799,-0.147593088324217,0.0017217470565805,-0.0053148125104255,-0.001943021430635
0.026970626165405,0.02811861031998,-0.283832855399217,0.0026524210814405,-0.0043918350517455,-0.001943021430635
0.121466250469605,0.05171464377388,-0.147593088324217,0.0017217470565805,0.0002230531730044,0.0021716123446779
-0.020277185986495,-0.06626553280902,-0.147593088324217,-0.0001396011095495,-0.0016229022100255,-0.001257249154152
0.003346720089505,0.02811861031998,-0.283832855399217,0.0026524210814405,-0.0025458796687055,-0.001257249154152
-0.020277185986495,0.0045225731407799,-0.147593088324217,0.0007910729735155,-0.0034688575930555,-0.001943021430635
-0.067524998138395,0.0045225731407799,-0.147593088324217,0.0026524210814405,-0.0025458796687055,-0.001257249154152
-0.067524998138395,-0.04266949749242,-0.147593088324217,0.0035830952227105,-0.0034688575930555,-0.001257249154152
-0.043901092062395,0.05171464377388,-0.283832855399217,0.0017217470565805,-0.0034688575930555,-0.000571476877669
-0.020277185986495,0.02811861031998,-0.283832855399217,0.0026524210814405,-0.0016229022100255,-0.000571476877669
-0.020277185986495,0.0045225731407799,-0.283832855399217,0.0035830952227105,-0.0025458796687055,-0.001257249154152
-0.043901092062395,0.02811861031998,-0.283832855399217,0.0026524210814405,-0.0016229022100255,-0.000571476877669
0.003346720089505,0.0045225731407799,-0.147593088324217,0.0017217470565805,-0.0034688575930555,-0.001257249154152
0.003346720089505,0.05171464377388,-0.283832855399217,0.0017217470565805,-0.0006999247513355,0.0001142953988179
-0.020277185986495,-0.01907346217582,-0.420072682078217,-0.0001396011095495,0.0002230531730044,0.0014858399517779
-0.067524998138395,0.02811861031998,-0.283832855399217,0.0007910729735155,-0.0006999247513355,0.0008000675588879
-0.043901092062395,0.02811861031998,-0.420072682078217,0.0035830952227105,-0.0006999247513355,-0.001257249154152
-0.067524998138395,0.0045225731407799,-0.283832855399217,0.0045137693639805,-0.0034688575930555,-0.000571476877669
-0.067524998138395,-0.01907346217582,-0.147593088324217,0.0026524210814405,-0.0034688575930555,-0.001257249154152
-0.091148904214395,0.0045225731407799,-0.420072682078217,0.0035830952227105,-0.0006999247513355,-0.001257249154152
-0.043901092062395,-0.04266949749242,-0.283832855399217,0.0007910729735155,-0.0034688575930555,-0.000571476877669
-0.043901092062395,0.0045225731407799,-0.420072682078217,0.0017217470565805,-0.0025458796687055,-0.000571476877669
0.003346720089505,0.02811861031998,-0.147593088324217,0.0035830952227105,-0.0034688575930555,-0.000571476877669
-0.067524998138395,-0.01907346217582,-0.283832855399217,0.0026524210814405,-0.0034688575930555,-0.001257249154152
-0.067524998138395,-0.01907346217582,-0.283832855399217,0.0017217470565805,-0.0006999247513355,-0.001257249154152
-0.067524998138395,0.0045225731407799,-0.420072682078217,0.0017217470565805,0.0002230531730044,-0.001943021430635
0.074218438317605,0.07531067722758,-0.420072682078217,0.0017217470565805,0.0011460301660344,0.0008000675588879
-0.067524998138395,-0.04266949749242,-0.283832855399217,0.0035830952227105,-0.0034688575930555,-0.000571476877669
0.003346720089505,-0.04266949749242,-0.283832855399217,0.0026524210814405,-0.0043918350517455,-0.001257249154152
-0.067524998138395,0.0045225731407799,-0.283832855399217,0.0017217470565805,-0.0043918350517455,-0.000571476877669
-0.043901092062395,-0.01907346217582,-0.283832855399217,0.0026524210814405,-0.0025458796687055,-0.001257249154152
-0.020277185986495,-0.01907346217582,-0.147593088324217,0.0026524210814405,-0.0062377902019455,-0.001257249154152
-0.043901092062395,-0.01907346217582,-0.283832855399217,0.0035830952227105,-0.0043918350517455,-0.001257249154152
-0.067524998138395,0.0045225731407799,-0.147593088324217,0.0035830952227105,-0.0025458796687055,0.0001142953988179
0.003346720089505,-0.01907346217582,-0.283832855399217,0.0045137693639805,0.0002230531730044,-0.001257249154152
0.050594532241605,0.05171464377388,-0.283832855399217,0.0035830952227105,-0.0034688575930555,-0.001257249154152
-0.020277185986495,-0.01907346217582,-0.283832855399217,0.0026524210814405,-0.0043918350517455,-0.001257249154152
-0.020277185986495,0.02811861031998,-0.283832855399217,0.0017217470565805,-0.0006999247513355,0.0001142953988179
0.145090163995605,-0.04266949749242,-0.283832855399217,0.0007910729735155,-0.0006999247513355,-0.000571476877669
0.050594532241605,0.02811861031998,-0.283832855399217,0.0026524210814405,-0.0043918350517455,0.0001142953988179
0.003346720089505,0.02811861031998,-0.283832855399217,0.0026524210814405,-0.0016229022100255,-0.001257249154152
-0.091148904214395,-0.01907346217582,-0.147593088324217,0.0035830952227105,-0.0062377902019455,-0.001257249154152
0.003346720089505,0.0045225731407799,-0.283832855399217,0.0026524210814405,-0.0034688575930555,-0.001943021430635
-0.067524998138395,0.0045225731407799,-0.283832855399217,0.0035830952227105,-0.0025458796687055,-0.001257249154152
-0.020277185986495,0.0045225731407799,-0.283832855399217,0.0035830952227105,-0.0043918350517455,-0.001257249154152
0.026970626165405,0.02811861031998,-0.147593088324217,0.0017217470565805,-0.0043918350517455,-0.001943021430635
-0.067524998138395,0.0045225731407799,-0.420072682078217,0.0045137693639805,-0.0025458796687055,-0.000571476877669
-0.043901092062395,-0.01907346217582,-0.283832855399217,0.0026524210814405,-0.0034688575930555,-0.001943021430635
0.050594532241605,0.0045225731407799,-0.283832855399217,0.0017217470565805,-0.0034688575930555,-0.000571476877669
-0.020277185986495,0.0045225731407799,-0.283832855399217,0.0026524210814405,-0.0034688575930555,-0.000571476877669
0.003346720089505,0.0045225731407799,-0.147593088324217,0.0026524210814405,-0.0053148125104255,-0.000571476877669
0.050594532241605,0.02811861031998,-0.283832855399217,0.0026524210814405,-0.0043918350517455,0.0001142953988179
0.003346720089505,0.02811861031998,-0.147593088324217,0.0007910729735155,-0.0025458796687055,-0.001943021430635
0.003346720089505,-0.01907346217582,-0.147593088324217,-0.0001396011095495,-0.0016229022100255,-0.001257249154152
0.003346720089505,0.0045225731407799,-0.0113533212492166,0.0017217470565805,-0.0062377902019455,-0.000571476877669
0.003346720089505,0.02811861031998,-0.283832855399217,0.0026524210814405,-0.0043918350517455,-0.001257249154152
-0.020277185986495,0.02811861031998,-0.420072682078217,0.0026524210814405,-0.0043918350517455,-0.000571476877669
-0.043901092062395,0.0045225731407799,-0.283832855399217,0.0035830952227105,-0.0034688575930555,-0.000571476877669
0.026970626165405,0.02811861031998,-0.283832855399217,0.0045137693639805,-0.0034688575930555,-0.000571476877669
0.050594532241605,0.0045225731407799,-0.283832855399217,0.0007910729735155,-0.0043918350517455,-0.001257249154152
-0.020277185986495,-0.01907346217582,-0.283832855399217,0.0017217470565805,-0.0025458796687055,-0.001943021430635
0.003346720089505,0.02811861031998,-0.147593088324217,0.0026524210814405,-0.0034688575930555,0.0001142953988179
-0.020277185986495,0.05171464377388,-0.283832855399217,0.0017217470565805,-0.0016229022100255,0.0028573842719179
0.003346720089505,0.05171464377388,-0.147593088324217,0.0035830952227105,-0.0071607677770445,0.0001142953988179
-0.067524998138395,0.0045225731407799,-0.283832855399217,0.0026524210814405,-0.0043918350517455,-0.001257249154152
-0.067524998138395,0.0045225731407799,-0.283832855399217,0.0045137693639805,-0.0034688575930555,-0.000571476877669
-0.067524998138395,-0.01907346217582,-0.147593088324217,0.0035830952227105,-0.0043918350517455,-0.001257249154152
0.026970626165405,0.05171464377388,-0.283832855399217,0.0026524210814405,-0.0043918350517455,-0.001257249154152
-0.043901092062395,0.0045225731407799,-0.420072682078217,0.0007910729735155,-0.0016229022100255,-0.001257249154152
-0.043901092062395,-0.01907346217582,-0.283832855399217,0.0035830952227105,-0.0025458796687055,-0.000571476877669
0.050594532241605,0.05171464377388,-0.283832855399217,0.0017217470565805,-0.0043918350517455,-0.001257249154152
-0.020277185986495,0.0045225731407799,-0.420072682078217,0.0035830952227105,-0.0043918350517455,0.0001142953988179
0.003346720089505,0.0045225731407799,-0.283832855399217,0.0026524210814405,-0.0043918350517455,-0.001257249154152
0.026970626165405,0.02811861031998,-0.283832855399217,-0.0001396011095495,-0.0016229022100255,-0.001257249154152
-0.091148904214395,-0.01907346217582,-0.420072682078217,-0.0001396011095495,-0.0016229022100255,0.0028573842719179
-0.020277185986495,0.0045225731407799,-0.420072682078217,0.0026524210814405,-0.0034688575930555,0.0001142953988179
0.050594532241605,-0.01907346217582,-0.283832855399217,0.0017217470565805,-0.0062377902019455,-0.000571476877669
0.026970626165405,0.02811861031998,-0.420072682078217,0.0026524210814405,-0.0025458796687055,0.0001142953988179
0.003346720089505,-0.01907346217582,-0.283832855399217,0.0026524210814405,-0.0043918350517455,-0.001943021430635
-0.043901092062395,0.0045225731407799,-0.420072682078217,0.0026524210814405,-0.0034688575930555,-0.001257249154152
-0.067524998138395,-0.01907346217582,-0.283832855399217,0.0007910729735155,-0.0034688575930555,-0.000571476877669
0.003346720089505,0.0045225731407799,-0.283832855399217,0.0026524210814405,-0.0043918350517455,-0.001257249154152
0.003346720089505,0.05171464377388,-0.420072682078217,0.0026524210814405,-0.0043918350517455,-0.001257249154152
0.026970626165405,-0.01907346217582,-0.147593088324217,-0.0020009492756795,-0.0043918350517455,-0.001943021430635
0.050594532241605,0.05171464377388,-0.283832855399217,0.0017217470565805,-0.0034688575930555,-0.000571476877669
0.074218438317605,0.0045225731407799,-0.283832855399217,0.0007910729735155,-0.0062377902019455,-0.001943021430635
0.003346720089505,0.09890671813258,-0.420072682078217,0.0007910729735155,-0.0016229022100255,0.0008000675588879
0.026970626165405,0.0045225731407799,-0.283832855399217,-0.0020009492756795,-0.0025458796687055,-0.000571476877669
-0.020277185986495,-0.01907346217582,-0.283832855399217,-0.0020009492756795,-0.0016229022100255,-0.001257249154152
-0.043901092062395,0.02811861031998,-0.420072682078217,0.0026524210814405,-0.0025458796687055,-0.000571476877669
-0.043901092062395,0.05171464377388,-0.420072682078217,0.0035830952227105,-0.0043918350517455,-0.000571476877669
-0.020277185986495,0.0045225731407799,-0.420072682078217,0.0035830952227105,-0.0006999247513355,-0.000571476877669
-0.020277185986495,0.02811861031998,-0.420072682078217,0.0026524210814405,-0.0016229022100255,-0.001257249154152
0.003346720089505,0.02811861031998,-0.420072682078217,0.0026524210814405,-0.0034688575930555,-0.001257249154152
0.003346720089505,0.02811861031998,-0.283832855399217,0.0026524210814405,-0.0043918350517455,-0.001257249154152
0.026970626165405,0.0045225731407799,-0.147593088324217,0.0017217470565805,-0.0053148125104255,-0.001943021430635
-0.020277185986495,0.0045225731407799,-0.283832855399217,0.0035830952227105,-0.0034688575930555,-0.001943021430635
-0.020277185986495,-0.04266949749242,-0.283832855399217,-0.0001396011095495,-0.0006999247513355,-0.000571476877669
0.026970626165405,-0.04266949749242,-0.283832855399217,0.0017217470565805,-0.0016229022100255,0.0028573842719179
-0.067524998138395,-0.06626553280902,-0.283832855399217,-0.0010702751926145,-0.0016229022100255,0.0001142953988179
0.003346720089505,0.0045225731407799,-0.283832855399217,-0.0010702751926145,-0.0025458796687055,-0.000571476877669
-0.043901092062395,-0.01907346217582,-0.420072682078217,0.0026524210814405,-0.0043918350517455,-0.001257249154152
-0.067524998138395,-0.01907346217582,-0.283832855399217,0.0007910729735155,-0.0034688575930555,-0.002628793707122
-0.043901092062395,-0.01907346217582,-0.420072682078217,0.0026524210814405,-0.0006999247513355,-0.001943021430635
0.003346720089505,0.02811861031998,-0.283832855399217,0.0026524210814405,-0.0053148125104255,-0.000571476877669
0.003346720089505,0.02811861031998,-0.147593088324217,0.0017217470565805,-0.0034688575930555,-0.000571476877669
0.003346720089505,0.0045225731407799,-0.283832855399217,0.0017217470565805,-0.0043918350517455,-0.001257249154152
0.050594532241605,0.05171464377388,-0.283832855399217,-0.0010702751926145,-0.0034688575930555,-0.001943021430635
0.026970626165405,0.0045225731407799,-0.147593088324217,0.0035830952227105,-0.0062377902019455,-0.002628793707122
-0.020277185986495,0.0045225731407799,-0.147593088324217,0.0007910729735155,-0.0034688575930555,-0.001943021430635
0.074218438317605,0.07531067722758,-0.147593088324217,0.0007910729735155,-0.0025458796687055,0.0008000675588879
-0.020277185986495,0.02811861031998,-0.283832855399217,0.0035830952227105,-0.0043918350517455,0.0008000675588879
-0.020277185986495,0.05171464377388,-0.283832855399217,0.0035830952227105,-0.0043918350517455,-0.000571476877669
-0.043901092062395,-0.04266949749242,-0.283832855399217,-0.0001396011095495,-0.0016229022100255,-0.001257249154152
-0.067524998138395,-0.04266949749242,-0.283832855399217,0.0007910729735155,-0.0034688575930555,0.0001142953988179
0.003346720089505,0.02811861031998,-0.283832855399217,0.0017217470565805,-0.0034688575930555,-0.001257249154152
-0.043901092062395,0.02811861031998,-0.420072682078217,0.0026524210814405,-0.0034688575930555,-0.000571476877669
0.003346720089505,0.0045225731407799,-0.283832855399217,0.0007910729735155,-0.0043918350517455,-0.001257249154152
0.074218438317605,0.05171464377388,-0.283832855399217,0.0007910729735155,-0.0034688575930555,-0.001257249154152
0.003346720089505,0.0045225731407799,-0.147593088324217,0.0026524210814405,-0.0053148125104255,-0.001257249154152
0.026970626165405,0.02811861031998,-0.147593088324217,0.0017217470565805,-0.0053148125104255,-0.001943021430635
0.003346720089505,0.02811861031998,-0.147593088324217,-0.0001396011095495,-0.0025458796687055,-0.001257249154152
0.026970626165405,0.02811861031998,-0.283832855399217,-0.0001396011095495,-0.0034688575930555,0.0008000675588879
0.003346720089505,0.0045225731407799,-0.147593088324217,0.0007910729735155,-0.0025458796687055,0.0001142953988179
-0.043901092062395,0.02811861031998,-0.283832855399217,0.0045137693639805,-0.0053148125104255,-0.001257249154152
-0.020277185986495,0.05171464377388,-0.283832855399217,0.0017217470565805,-0.0043918350517455,-0.001257249154152
-0.020277185986495,0.0045225731407799,-0.283832855399217,0.0026524210814405,-0.0062377902019455,-0.001257249154152
0.003346720089505,0.02811861031998,-0.283832855399217,0.0007910729735155,-0.0062377902019455,-0.000571476877669
0.003346720089505,0.0045225731407799,-0.283832855399217,0.0045137693639805,-0.0062377902019455,-0.001257249154152
0.026970626165405,-0.01907346217582,-0.147593088324217,0.0017217470565805,-0.0062377902019455,-0.000571476877669
-0.020277185986495,-0.01907346217582,-0.283832855399217,0.0035830952227105,-0.0043918350517455,-0.000571476877669
0.003346720089505,-0.01907346217582,-0.283832855399217,0.0026524210814405,-0.0053148125104255,-0.001257249154152
-0.020277185986495,0.0045225731407799,-0.283832855399217,0.0017217470565805,-0.0043918350517455,-0.001257249154152
-0.020277185986495,0.0045225731407799,-0.147593088324217,0.0017217470565805,-0.0034688575930555,0.0001142953988179
-0.067524998138395,-0.01907346217582,-0.147593088324217,0.0035830952227105,-0.0043918350517455,-0.001257249154152
-0.067524998138395,-0.01907346217582,-0.283832855399217,0.0026524210814405,-0.0043918350517455,-0.000571476877669
-0.067524998138395,0.0045225731407799,-0.147593088324217,0.0035830952227105,-0.0062377902019455,-0.000571476877669
-0.043901092062395,0.0045225731407799,-0.147593088324217,0.0026524210814405,-0.0053148125104255,-0.001257249154152
-0.020277185986495,0.0045225731407799,-0.283832855399217,0.0026524210814405,-0.0043918350517455,0.0001142953988179
-0.043901092062395,0.0045225731407799,-0.420072682078217,0.0026524210814405,-0.0043918350517455,-0.001257249154152
-0.020277185986495,0.0045225731407799,-0.147593088324217,0.0035830952227105,-0.0071607677770445,-0.000571476877669
0.003346720089505,-0.01907346217582,-0.283832855399217,0.0017217470565805,-0.0034688575930555,-0.000571476877669
0.003346720089505,0.05171464377388,-0.283832855399217,0.0026524210814405,-0.0034688575930555,-0.000571476877669
0.050594532241605,0.02811861031998,-0.147593088324217,0.0026524210814405,-0.0034688575930555,-0.000571476877669
-0.020277185986495,-0.01907346217582,-0.283832855399217,-0.0010702751926145,-0.0025458796687055,-0.000571476877669
0.003346720089505,-0.04266949749242,-0.147593088324217,0.0017217470565805,-0.0053148125104255,-0.001257249154152
-0.043901092062395,0.02811861031998,-0.283832855399217,-0.0001396011095495,-0.0034688575930555,0.0014858399517779
-0.067524998138395,0.0045225731407799,-0.283832855399217,0.0026524210814405,-0.0016229022100255,0.0008000675588879
-0.091148904214395,-0.01907346217582,-0.283832855399217,0.0007910729735155,-0.0043918350517455,-0.001257249154152
-0.114772810290295,0.0045225731407799,-0.420072682078217,0.0035830952227105,-0.0043918350517455,-0.002628793707122
-0.043901092062395,0.05171464377388,-0.283832855399217,0.0007910729735155,-0.0043918350517455,-0.000571476877669
-0.043901092062395,0.05171464377388,-0.283832855399217,0.0035830952227105,-0.0043918350517455,-0.000571476877669
-0.043901092062395,0.02811861031998,-0.420072682078217,0.0045137693639805,-0.0043918350517455,-0.000571476877669
0.026970626165405,0.0045225731407799,-0.283832855399217,0.0017217470565805,-0.0043918350517455,-0.001257249154152
0.003346720089505,0.02811861031998,-0.147593088324217,0.0035830952227105,-0.0062377902019455,-0.001257249154152
0.026970626165405,0.02811861031998,-0.283832855399217,0.0026524210814405,-0.0043918350517455,-0.001257249154152
-0.020277185986495,-0.04266949749242,-0.283832855399217,0.0026524210814405,-0.0053148125104255,-0.002628793707122
0.003346720089505,0.0045225731407799,-0.283832855399217,0.0026524210814405,-0.0016229022100255,-0.001257249154152
0.003346720089505,0.02811861031998,-0.147593088324217,0.0026524210814405,-0.0062377902019455,-0.001257249154152
-0.043901092062395,0.02811861031998,-0.420072682078217,0.0035830952227105,-0.0043918350517455,-0.000571476877669
-0.114772810290295,-0.01907346217582,-0.283832855399217,0.0026524210814405,-0.0053148125104255,-0.001943021430635
-0.067524998138395,0.0045225731407799,-0.283832855399217,0.0045137693639805,-0.0034688575930555,-0.001257249154152
-0.067524998138395,-0.01907346217582,-0.283832855399217,0.0026524210814405,-0.0043918350517455,-0.000571476877669
-0.043901092062395,0.02811861031998,-0.283832855399217,0.0045137693639805,-0.0043918350517455,0.0001142953988179
-0.043901092062395,-0.04266949749242,-0.147593088324217,0.0026524210814405,-0.0043918350517455,-0.001257249154152
0.050594532241605,0.05171464377388,-0.147593088324217,0.0026524210814405,-0.0053148125104255,-0.000571476877669
0.050594532241605,0.05171464377388,-0.147593088324217,0.0045137693639805,-0.0090067229272465,-0.001257249154152
-0.067524998138395,-0.01907346217582,-0.283832855399217,0.0026524210814405,-0.0053148125104255,-0.001257249154152
0.050594532241605,0.02811861031998,-0.283832855399217,0.0035830952227105,-0.0080837453521455,-0.001943021430635
-0.067524998138395,-0.04266949749242,-0.147593088324217,0.0026524210814405,-0.0053148125104255,-0.001257249154152
-0.067524998138395,0.02811861031998,-0.420072682078217,0.0026524210814405,-0.0034688575930555,0.0014858399517779
-0.043901092062395,0.05171464377388,-0.283832855399217,0.0017217470565805,-0.0043918350517455,0.0001142953988179
-0.162020622442195,0.0045225731407799,-0.283832855399217,0.0026524210814405,-0.0043918350517455,-0.001257249154152
-0.256516246746395,0.02811861031998,-0.0113533212492166,0.0026524210814405,-0.0099297005023455,-0.001257249154152
-0.114772810290295,0.07531067722758,-0.147593088324217,0.0026524210814405,-0.0071607677770445,-0.001257249154152
-0.185644528518395,-0.01907346217582,-0.147593088324217,0.0007910729735155,-0.0053148125104255,-0.000571476877669
-0.091148904214395,0.0045225731407799,-0.283832855399217,0.0017217470565805,-0.0043918350517455,-0.001943021430635
-0.114772810290295,0.05171464377388,-0.283832855399217,0.0017217470565805,-0.0043918350517455,0.0001142953988179
-0.043901092062395,0.05171464377388,-0.420072682078217,0.0026524210814405,-0.0034688575930555,-0.001257249154152
-0.043901092062395,0.0045225731407799,-0.556312449152217,0.0026524210814405,-0.0016229022100255,-0.001257249154152
0.074218438317605,0.0045225731407799,-0.420072682078217,0.0017217470565805,-0.0006999247513355,-0.000571476877669
0.003346720089505,0.0045225731407799,-0.556312449152217,0.0035830952227105,-0.0025458796687055,-0.000571476877669
0.050594532241605,-0.04266949749242,-0.420072682078217,0.0007910729735155,-0.0025458796687055,0.0001142953988179
0.026970626165405,-0.08986156812562,-0.420072682078217,0.0026524210814405,-0.0016229022100255,-0.001943021430635
0.026970626165405,-0.11345760530482,-0.556312449152217,0.0054444432724305,-0.0034688575930555,-0.001257249154152
0.074218438317605,-0.16064967221242,-0.420072682078217,0.0035830952227105,0.0002230531730044,-0.001257249154152
0.026970626165405,-0.16064967221242,-0.692552216231217,0.0054444432724305,-0.0025458796687055,-0.000571476877669
0.026970626165405,-0.23143778002542,-0.420072682078217,0.0054444432724305,-0.0034688575930555,-0.001257249154152
0.074218438317605,-0.20784174657142,-0.283832855399217,0.0035830952227105,-0.0043918350517455,-0.001257249154152
0.026970626165405,-0.27862984693342,-0.283832855399217,0.0054444432724305,-0.0034688575930555,-0.001257249154152
0.121466250469605,-0.25503381347942,-0.147593088324217,0.0054444432724305,-0.0053148125104255,-0.001943021430635
0.026970626165405,-0.27862984693342,-0.420072682078217,0.0026524210814405,-0.0043918350517455,-0.001943021430635
-0.020277185986495,-0.25503381347942,-0.420072682078217,0.0054444432724305,-0.0043918350517455,-0.002628793707122
0.026970626165405,-0.23143778002542,-0.420072682078217,0.0045137693639805,-0.0043918350517455,-0.002628793707122
0.026970626165405,-0.13705363875872,-0.556312449152217,0.0035830952227105,-0.0025458796687055,0.0008000675588879
0.026970626165405,-0.23143778002542,-0.556312449152217,0.0026524210814405,-0.0053148125104255,-0.000571476877669
0.074218438317605,-0.11345760530482,-0.556312449152217,0.0035830952227105,-0.0025458796687055,-0.001257249154152
-0.091148904214395,-0.20784174657142,-0.556312449152217,0.0035830952227105,-0.0006999247513355,-0.001257249154152
-0.043901092062395,-0.20784174657142,-0.283832855399217,0.0045137693639805,-0.0053148125104255,-0.001257249154152
0.003346720089505,-0.20784174657142,-0.283832855399217,0.0035830952227105,-0.0043918350517455,-0.001943021430635
-0.020277185986495,-0.18424571311742,-0.420072682078217,0.0035830952227105,-0.0043918350517455,-0.000571476877669
0.003346720089505,-0.20784174657142,-0.420072682078217,0.0045137693639805,-0.0034688575930555,-0.000571476877669
0.003346720089505,-0.20784174657142,-0.283832855399217,0.0035830952227105,-0.0062377902019455,0.0001142953988179
0.026970626165405,-0.20784174657142,-0.420072682078217,0.0045137693639805,-0.0053148125104255,0.0001142953988179
-0.067524998138395,-0.25503381347942,-0.420072682078217,0.0026524210814405,-0.0016229022100255,-0.001257249154152
0.003346720089505,-0.23143778002542,-0.420072682078217,0.0045137693639805,-0.0043918350517455,-0.001257249154152
0.026970626165405,-0.13705363875872,-0.420072682078217,0.0017217470565805,-0.0025458796687055,0.0008000675588879
-0.043901092062395,-0.23143778002542,-0.283832855399217,0.0017217470565805,-0.0025458796687055,-0.001257249154152
0.003346720089505,-0.18424571311742,-0.283832855399217,0.0017217470565805,-0.0043918350517455,-0.001943021430635
0.050594532241605,-0.16064967221242,-0.420072682078217,0.0026524210814405,-0.0034688575930555,-0.001257249154152
0.074218438317605,-0.13705363875872,-0.420072682078217,0.0026524210814405,-0.0034688575930555,-0.000571476877669
0.003346720089505,-0.23143778002542,-0.420072682078217,-0.0001396011095495,-0.0016229022100255,-0.001257249154152
0.050594532241605,-0.20784174657142,-0.556312449152217,0.0026524210814405,-0.0006999247513355,-0.000571476877669
0.097842336942605,-0.23143778002542,-0.420072682078217,0.0054444432724305,-0.0043918350517455,-0.001943021430635
0.050594532241605,-0.23143778002542,-0.556312449152217,0.0045137693639805,-0.0016229022100255,-0.000571476877669
0.097842336942605,-0.18424571311742,-0.420072682078217,0.0054444432724305,-0.0053148125104255,-0.002628793707122
0.074218438317605,-0.25503381347942,-0.283832855399217,0.0045137693639805,-0.0053148125104255,-0.001943021430635
0.097842336942605,-0.23143778002542,-0.283832855399217,0.0035830952227105,-0.0043918350517455,-0.000571476877669
0.074218438317605,-0.23143778002542,-0.283832855399217,0.0035830952227105,-0.0043918350517455,-0.001257249154152
0.050594532241605,-0.16064967221242,-0.420072682078217,0.0045137693639805,-0.0016229022100255,-0.001257249154152
0.121466250469605,-0.16064967221242,-0.420072682078217,0.0017217470565805,0.0011460301660344,-0.001257249154152
0.097842336942605,-0.13705363875872,-0.283832855399217,0.0045137693639805,-0.0043918350517455,-0.002628793707122
0.074218438317605,-0.20784174657142,-0.420072682078217,0.0026524210814405,-0.0016229022100255,-0.001943021430635
0.145090163995605,-0.16064967221242,-0.420072682078217,0.0026524210814405,-0.0016229022100255,-0.001943021430635
0.097842336942605,-0.20784174657142,-0.556312449152217,0.0035830952227105,-0.0034688575930555,-0.001257249154152
0.145090163995605,-0.13705363875872,-0.556312449152217,0.0045137693639805,-0.0016229022100255,-0.000571476877669
0.145090163995605,-0.06626553280902,-0.420072682078217,0.0054444432724305,-0.0043918350517455,-0.001943021430635
0.121466250469605,-0.08986156812562,-0.147593088324217,0.0017217470565805,-0.0053148125104255,-0.001943021430635
0.121466250469605,-0.04266949749242,-0.420072682078217,0.0035830952227105,-0.0043918350517455,-0.001257249154152
0.121466250469605,-0.04266949749242,-0.283832855399217,0.0035830952227105,-0.0043918350517455,-0.001257249154152
-0.067524998138395,-0.08986156812562,-0.283832855399217,0.0007910729735155,-0.0006999247513355,0.0008000675588879
0.074218438317605,-0.08986156812562,-0.283832855399217,0.0017217470565805,-0.0006999247513355,0.0008000675588879
0.003346720089505,-0.11345760530482,-0.420072682078217,0.0035830952227105,-0.0016229022100255,-0.000571476877669
0.050594532241605,-0.08986156812562,-0.420072682078217,0.0026524210814405,-0.0043918350517455,-0.001257249154152
0.097842336942605,-0.08986156812562,-0.147593088324217,0.0026524210814405,-0.0043918350517455,-0.000571476877669
0.050594532241605,-0.04266949749242,-0.283832855399217,0.0035830952227105,-0.0053148125104255,-0.000571476877669
0.074218438317605,-0.11345760530482,-0.147593088324217,0.0035830952227105,-0.0043918350517455,-0.001257249154152
0.145090163995605,-0.06626553280902,-0.147593088324217,-0.0001396011095495,-0.0025458796687055,-0.002628793707122
0.074218438317605,-0.08986156812562,-0.147593088324217,0.0017217470565805,-0.0034688575930555,-0.000571476877669
0.074218438317605,-0.06626553280902,-0.147593088324217,0.0017217470565805,-0.0043918350517455,-0.000571476877669
0.026970626165405,-0.04266949749242,-0.420072682078217,0.0017217470565805,-0.0006999247513355,-0.001257249154152
0.003346720089505,-0.01907346217582,-0.283832855399217,0.0026524210814405,-0.0006999247513355,-0.000571476877669
0.074218438317605,0.07531067722758,-0.283832855399217,0.0017217470565805,-0.0034688575930555,0.0028573842719179
0.050594532241605,0.0045225731407799,-0.147593088324217,0.0007910729735155,-0.0053148125104255,-0.001257249154152
0.074218438317605,-0.01907346217582,-0.147593088324217,0.0026524210814405,-0.0071607677770445,-0.001257249154152
0.097842336942605,-0.04266949749242,-0.283832855399217,0.0026524210814405,-0.0071607677770445,-0.001943021430635
0.074218438317605,-0.04266949749242,-0.147593088324217,0.0035830952227105,-0.0071607677770445,-0.001257249154152
0.074218438317605,-0.04266949749242,-0.0113533212492166,0.0007910729735155,-0.0034688575930555,-0.000571476877669
0.074218438317605,-0.08986156812562,-0.147593088324217,-0.0010702751926145,-0.0043918350517455,-0.000571476877669
0.003346720089505,-0.01907346217582,-0.147593088324217,0.0045137693639805,-0.0071607677770445,-0.001257249154152
0.121466250469605,-0.04266949749242,-0.0113533212492166,0.0017217470565805,-0.0071607677770445,-0.000571476877669
0.121466250469605,-0.04266949749242,-0.0113533212492166,0.0007910729735155,-0.0034688575930555,0.0001142953988179
0.074218438317605,0.0045225731407799,-0.283832855399217,0.0026524210814405,-0.0043918350517455,-0.000571476877669
0.074218438317605,-0.01907346217582,-0.283832855399217,-0.0001396011095495,-0.0006999247513355,-0.001257249154152
0.074218438317605,-0.01907346217582,-0.147593088324217,0.0017217470565805,-0.0016229022100255,0.0014858399517779
0.097842336942605,-0.01907346217582,-0.147593088324217,0.0017217470565805,-0.0053148125104255,-0.000571476877669
0.074218438317605,0.0045225731407799,-0.283832855399217,0.0026524210814405,-0.0043918350517455,-0.000571476877669
0.074218438317605,0.0045225731407799,-0.147593088324217,0.0026524210814405,-0.0043918350517455,-0.000571476877669
0.145090163995605,-0.04266949749242,-0.147593088324217,0.0045137693639805,-0.0071607677770445,-0.001257249154152
0.074218438317605,-0.04266949749242,-0.283832855399217,0.0035830952227105,-0.0043918350517455,-0.000571476877669
0.097842336942605,-0.01907346217582,-0.147593088324217,0.0035830952227105,-0.0034688575930555,-0.000571476877669
0.121466250469605,-0.01907346217582,-0.147593088324217,0.0035830952227105,-0.0034688575930555,-0.001257249154152
0.121466250469605,-0.04266949749242,-0.147593088324217,-0.0010702751926145,-0.0025458796687055,-0.000571476877669
0.074218438317605,-0.04266949749242,-0.147593088324217,0.0017217470565805,-0.0062377902019455,-0.001257249154152
0.050594532241605,-0.04266949749242,-0.283832855399217,0.0007910729735155,-0.0043918350517455,-0.001257249154152
0.121466250469605,-0.01907346217582,-0.0113533212492166,0.0017217470565805,-0.0071607677770445,-0.001257249154152
0.003346720089505,-0.01907346217582,-0.283832855399217,0.0017217470565805,-0.0025458796687055,0.0014858399517779
0.074218438317605,0.0045225731407799,-0.283832855399217,0.0017217470565805,-0.0043918350517455,-0.000571476877669
0.097842336942605,0.0045225731407799,-0.147593088324217,0.0017217470565805,-0.0034688575930555,-0.000571476877669
0.121466250469605,-0.01907346217582,-0.147593088324217,-0.0020009492756795,0.0002230531730044,-0.000571476877669
0.074218438317605,-0.01907346217582,-0.0113533212492166,-0.0010702751926145,-0.0053148125104255,-0.001257249154152
0.097842336942605,0.0045225731407799,-0.0113533212492166,0.0017217470565805,-0.0043918350517455,-0.001257249154152
0.097842336942605,0.0045225731407799,-0.147593088324217,0.0007910729735155,-0.0043918350517455,-0.000571476877669
0.074218438317605,0.0045225731407799,-0.147593088324217,0.0017217470565805,-0.0043918350517455,0.0001142953988179
0.145090163995605,-0.01907346217582,-0.0113533212492166,0.0026524210814405,-0.0080837453521455,-0.001257249154152
0.026970626165405,-0.01907346217582,-0.147593088324217,0.0026524210814405,-0.0053148125104255,-0.001257249154152
0.121466250469605,-0.01907346217582,-0.0113533212492166,0.0035830952227105,-0.0053148125104255,-0.000571476877669
0.026970626165405,-0.06626553280902,-0.147593088324217,0.0026524210814405,-0.0043918350517455,-0.001257249154152
0.050594532241605,0.05171464377388,-0.147593088324217,0.0035830952227105,-0.0034688575930555,0.0008000675588879
0.145090163995605,-0.04266949749242,-0.0113533212492166,0.0007910729735155,-0.0062377902019455,-0.000571476877669
0.074218438317605,-0.01907346217582,-0.0113533212492166,0.0026524210814405,-0.0062377902019455,-0.001257249154152
0.121466250469605,0.02811861031998,0.124886475627783,0.0017217470565805,-0.0108526781938656,-0.000571476877669
0.097842336942605,0.05171464377388,-0.0113533212492166,-0.0001396011095495,-0.0062377902019455,-0.000571476877669
0.121466250469605,0.05171464377388,-0.147593088324217,-0.0020009492756795,-0.0043918350517455,-0.001257249154152
0.121466250469605,0.05171464377388,-0.147593088324217,0.0007910729735155,-0.0053148125104255,-0.001257249154152
0.050594532241605,0.0045225731407799,-0.147593088324217,0.0007910729735155,-0.0016229022100255,-0.001257249154152
0.097842336942605,0.0045225731407799,-0.147593088324217,0.0026524210814405,-0.0043918350517455,-0.000571476877669
0.097842336942605,0.0045225731407799,-0.147593088324217,0.0035830952227105,-0.0043918350517455,-0.000571476877669
0.050594532241605,-0.04266949749242,-0.283832855399217,0.0026524210814405,-0.0034688575930555,-0.001257249154152
0.026970626165405,0.02811861031998,-0.283832855399217,0.0045137693639805,-0.0034688575930555,0.0001142953988179
0.003346720089505,-0.04266949749242,-0.147593088324217,0.0017217470565805,-0.0025458796687055,0.0001142953988179
0.074218438317605,0.0045225731407799,-0.0113533212492166,0.0017217470565805,-0.0071607677770445,-0.000571476877669
0.003346720089505,0.0045225731407799,-0.283832855399217,0.0035830952227105,-0.0016229022100255,-0.001943021430635
0.097842336942605,0.0045225731407799,-0.147593088324217,0.0026524210814405,-0.0080837453521455,-0.001257249154152
0.097842336942605,0.05171464377388,-0.283832855399217,0.0026524210814405,-0.0043918350517455,-0.000571476877669
0.121466250469605,0.0045225731407799,-0.283832855399217,0.0026524210814405,-0.0043918350517455,-0.001257249154152
0.097842336942605,0.02811861031998,-0.147593088324217,0.0045137693639805,-0.0053148125104255,-0.001257249154152
0.121466250469605,-0.01907346217582,-0.283832855399217,0.0026524210814405,-0.0043918350517455,-0.001257249154152
0.074218438317605,-0.01907346217582,-0.147593088324217,0.0035830952227105,-0.0043918350517455,-0.000571476877669
0.074218438317605,0.0045225731407799,-0.147593088324217,0.0026524210814405,-0.0062377902019455,-0.001257249154152
0.003346720089505,-0.01907346217582,-0.147593088324217,0.0035830952227105,-0.0062377902019455,-0.001257249154152
0.026970626165405,0.0045225731407799,-0.283832855399217,0.0026524210814405,-0.0043918350517455,-0.001257249154152
0.074218438317605,0.02811861031998,-0.283832855399217,0.0017217470565805,-0.0034688575930555,0.0008000675588879
0.003346720089505,0.05171464377388,-0.147593088324217,0.0026524210814405,-0.0053148125104255,0.0001142953988179
-0.162020622442195,0.0045225731407799,-0.283832855399217,-0.0010702751926145,-0.0016229022100255,0.0028573842719179
-0.209268434594395,-0.01907346217582,-0.420072682078217,-0.0029316233005395,0.0002230531730044,0.0035431566648179
-0.303764058898395,-0.01907346217582,-0.556312449152217,-0.0038622974418095,0.0029919860147544,0.0035431566648179
-0.469131408880395,-0.08986156812562,-0.828791983301217,-0.0020009492756795,0.0029919860147544,0.0021716123446779
-0.421883581827395,-0.11345760530482,-0.828791983301217,-0.0020009492756795,0.0011460301660344,0.0021716123446779
-0.563627033184395,-0.16064967221242,-0.828791983301217,-0.0057236454915295,0.0020690080903544,0.0049147014506179
-0.610874860237395,-0.11345760530482,-1.10127151745122,-0.0075849937740695,0.0039149630077544,0.0062862457707479
-0.634498743961395,-0.16064967221242,-1.23751140373122,-0.0122383642476495,0.0076068737738544,0.0083435624837879
-0.516379206131395,-0.06626553280902,-1.50999093788122,-0.0140997120644495,0.0112987836085544,0.0083435624837879
-0.398259668300395,-0.08986156812562,-1.78247047203122,-0.0150303864385495,0.0186826051406544,0.0083435624837879
-0.209268434594395,-0.11345760530482,-2.19118977326122,-0.0168917342554495,0.0260664266728544,0.0097151072695479
-0.185644528518395,-0.13705363875872,-2.32742954033122,-0.0187530830036495,0.0288353567205544,0.010400879196848
-0.162020622442195,-0.16064967221242,-3.00862861412122,-0.0224757786374495,0.0371421543143544,0.0083435624837879
-0.067524998138395,-0.06626553280902,-3.14486838120122,-0.0206144317518495,0.0352962021909544,0.0083435624837879
-0.043901092062395,-0.16064967221242,-3.55358768242122,-0.0252678017597495,0.0352962021909544,0.010400879196848
-0.043901092062395,-0.16064967221242,-3.82606697815122,-0.0252678017597495,0.0371421543143544,0.0097151072695479
0.026970626165405,-0.16064967221242,-4.23478651779122,-0.0261984761338495,0.0408340660117544,0.0083435624837879
0.239585788299605,-0.18424571311742,-5.05222512024122,-0.0261984761338495,0.0537557532273544,0.0014858399517779
0.452200920631605,-0.20784174657142,-5.32470465439122,-0.0299211717676495,0.0629855250202544,-0.004000338260082
0.641192169238605,-0.20784174657142,-6.27838326233122,-0.0317825186531495,0.0786761497341544,-0.009486516006292
0.853807361175605,-0.32582192874242,-6.68710280197122,-0.0345745417755495,0.0888288994513544,-0.013601150363652
1.04279855018161,-0.34941794729442,-7.36830139893122,-0.0373665648978495,0.101750582941854,-0.017030010931152
1.16091814761161,-0.42020606255742,-7.91326094406122,-0.0401585880201495,0.113749295957854,-0.016344239003952
1.2317898583916,-0.56178226328142,-8.32198000687122,-0.0410892623942495,0.125748008974854,-0.021144644357252
1.32628551250161,-0.56178226328142,-8.86693907517122,-0.0438812817912495,0.133131817467854,-0.022516190074352
1.3971572232716,-0.56178226328142,-9.00317908066122,-0.0438812817912495,0.134054795392854,-0.022516190074352
1.49165275817161,-0.58537831163642,-9.54813814896122,-0.0448119561653495,0.137746707089854,-0.025259279645952
1.60977235560161,-0.65616639709742,-10.0930972172212,-0.0457426305394495,0.145130530484854,-0.028002367354952
1.86963525538161,-0.58537831163642,-10.5018162800212,-0.0476039792876495,0.152514353879854,-0.030059684999252
2.0113786769416,-0.65616639709742,-10.7742962910212,-0.0503960024099495,0.169127956517854,-0.034860090352552
2.1767460418216,-0.63257040834642,-11.3192553593212,-0.0485346536617495,0.174665809162854,-0.036917407996952
2.2948655200516,-0.67976244545242,-11.7279744221212,-0.0503960024099495,0.188510478027854,-0.039660495705952
2.4602328849316,-0.67976244545242,-11.7279744221212,-0.0522573511581495,0.191279411800854,-0.039660495705952
2.6019763064916,-0.70335849380742,-12.2729334904212,-0.0531880255322495,0.205124080665854,-0.041717813350252
2.8382155013616,-0.75055053091342,-12.6816535069212,-0.0550493705552495,0.214353845008854,-0.043089357204752
2.8382155013616,-0.77414657926842,-12.8178925587212,-0.0569107193034495,0.227275535948854,-0.045832448638952
2.9563349795816,-0.79774262762342,-13.0903725697212,-0.0569107193034495,0.231890425570854,-0.047203992493452
2.9327110362516,-0.89212676143942,-13.6353316380212,-0.0559800449293495,0.246658072360854,-0.049261310137852
2.9563349795816,-0.91572280979442,-13.9078106953212,-0.0578413936775495,0.247581050284854,-0.051318624056852
2.8854631496016,-0.98651089525442,-14.1802907063212,-0.0578413936775495,0.253118917830854,-0.052690171636652
2.5311047149216,-1.03370299196542,-14.5890097691212,-0.0569107193034495,0.244812116511854,-0.049947080202452
2.3893612933616,-1.03370299196542,-14.5890097691212,-0.0578413936775495,0.238351271041854,-0.049261310137852
2.2239939284816,-1.05729898071242,-14.7252497746212,-0.0550493705552495,0.234659359343854,-0.049947080202452
2.3184894633816,-1.08089502907242,-14.7252497746212,-0.0531880255322495,0.234659359343854,-0.051318624056852
2.4129852366916,-1.15168317413242,-14.8614897801212,-0.0541186961811495,0.242043182738854,-0.054061715491152
2.3184894633816,-1.15168317413242,-14.9977297856212,-0.0522573511581495,0.248504028208854,-0.053375941701252
2.3184894633816,-1.19887527084242,-15.2702088429212,-0.0559800449293495,0.249427006133854,-0.052690171636652
2.0586265636016,-1.22247131920242,-15.5426888539212,-0.0559800449293495,0.251272961982854,-0.052004397846752
1.9877547336116,-1.22247131920242,-15.5426888539212,-0.0550493705552495,0.248504028208854,-0.052004397846752
1.9405070853716,-1.26966329670242,-15.6789279057212,-0.0615640911739495,0.253118917830854,-0.054747485555752
1.86963525538161,-1.31685539341242,-15.6789279057212,-0.0587720680516495,0.254964873679854,-0.059547890909052
1.79876354461161,-1.36404749012242,-15.8151679112212,-0.0559800449293495,0.255887851603854,-0.063662526197752
1.7042680097116,-1.43483563519242,-15.9514079167212,-0.0559800449293495,0.259579763301854,-0.064348296262352
1.56252446895161,-1.45843156433242,-16.0876479222212,-0.0541186961811495,0.258656785376854,-0.065719843842052
1.56252446895161,-1.41123958683242,-16.0876479222212,-0.0531880255322495,0.255887851603854,-0.064348296262352
1.49165275817161,-1.36404749012242,-15.9514079167212,-0.0550493705552495,0.250349984057854,-0.061605208553352
1.5389006448316,-1.31685539341242,-15.9514079167212,-0.0569107193034495,0.245735094435854,-0.060233664698852
1.4207810473916,-1.31685539341242,-15.8151679112212,-0.0597027424257495,0.247581050284854,-0.058176347054552
1.46802893405161,-1.31685539341242,-15.9514079167212,-0.0615640911739495,0.245735094435854,-0.056804803200052
1.3971572232716,-1.26966329670242,-16.0876479222212,-0.0624947655480495,0.246658072360854,-0.056804803200052
1.32628551250161,-1.24606724834242,-16.2238879277212,-0.0615640911739495,0.245735094435854,-0.057490576989952
1.46802893405161,-1.22247131920242,-15.9514079167212,-0.0652867849450495,0.246658072360854,-0.057490576989952
1.5389006448316,-1.22247131920242,-16.0876479222212,-0.0671481336932495,0.251272961982854,-0.057490576989952
1.5861484122816,-1.22247131920242,-16.0876479222212,-0.0662174593191495,0.254964873679854,-0.058862120844452
1.60977235560161,-1.22247131920242,-16.0876479222212,-0.0662174593191495,0.258656785376854,-0.058176347054552
1.7042680097116,-1.19887527084242,-16.2238879277212,-0.0680788080673495,0.263271674998854,-0.060233664698852
1.7278918338316,-1.22247131920242,-16.2238879277212,-0.0680788080673495,0.268809512742854,-0.062976752407852
1.7278918338316,-1.22247131920242,-16.3601279332212,-0.0680788080673495,0.270655468590854,-0.065034070052252
1.79876354461161,-1.24606724834242,-16.4963660313212,-0.0699401568155495,0.275270358212854,-0.065034070052252
1.79876354461161,-1.24606724834242,-16.4963660313212,-0.0718015055637495,0.276193336137854,-0.063662526197752
1.77513972049161,-1.19887527084242,-16.6326060368212,-0.0708708311896495,0.278039291985854,-0.060919438488752
1.7042680097116,-1.19887527084242,-16.6326060368212,-0.0671481336932495,0.277116314061854,-0.061605208553352
1.77513972049161,-1.24606724834242,-16.6326060368212,-0.0699401568155495,0.284500137456854,-0.060919438488752
1.8460114312716,-1.22247131920242,-16.9050860478212,-0.0736628543119495,0.285423115380854,-0.058862120844452
1.86963525538161,-1.22247131920242,-16.6326060368212,-0.0745935286860495,0.285423115380854,-0.058176347054552
1.86963525538161,-1.12808712578242,-16.3601279332212,-0.0718015055637495,0.282654181607854,-0.054747485555752
1.8932591987116,-1.15168317413242,-16.3601279332212,-0.0755242030601495,0.284500137456854,-0.054747485555752
1.9641310287016,-1.08089502907242,-16.3601279332212,-0.0773855518084495,0.287269071229854,-0.053375941701252
1.9641310287016,-1.05729898071242,-16.3601279332212,-0.0783162261825495,0.288192049153854,-0.054061715491152
2.1058744502516,-1.08089502907242,-16.3601279332212,-0.0783162261825495,0.290960982926854,-0.055433259345552
2.1294981551716,-1.08089502907242,-16.3601279332212,-0.0764548774342495,0.293729916699854,-0.057490576989952
2.1767460418216,-1.10449107742242,-16.3601279332212,-0.0773855518084495,0.297421828397854,-0.060919438488752
2.2239939284816,-1.15168317413242,-16.4963660313212,-0.0773855518084495,0.302959695943854,-0.060919438488752
2.2712418151416,-1.24606724834242,-16.4963660313212,-0.0755242030601495,0.308497563489854,-0.066405617631952
2.3184894633816,-1.24606724834242,-16.4963660313212,-0.0755242030601495,0.308497563489854,-0.067777157761152
2.3421134067116,-1.26966329670242,-16.6326060368212,-0.0736628543119495,0.309420541413854,-0.067091383971252
2.2948655200516,-1.26966329670242,-16.6326060368212,-0.0727321799378495,0.311266497262854,-0.067777157761152
2.4366089416016,-1.26966329670242,-16.6326060368212,-0.0745935286860495,0.310343519337854,-0.067091383971252
2.4602328849316,-1.26966329670242,-16.6326060368212,-0.0755242030601495,0.310343519337854,-0.064348296262352
2.4366089416016,-1.24606724834242,-16.7688460423212,-0.0745935286860495,0.309420541413854,-0.062290982343252
2.5547286582516,-1.24606724834242,-16.9050860478212,-0.0755242030601495,0.312189475186854,-0.061605208553352
2.5547286582516,-1.26966329670242,-16.7688460423212,-0.0773855518084495,0.316804364808854,-0.060919438488752
2.6728481364716,-1.22247131920242,-17.0413260533212,-0.0764548774342495,0.320496276505854,-0.060233664698852
2.6964720798016,-1.26966329670242,-17.1775660588212,-0.0773855518084495,0.328803077824854,-0.060233664698852
2.7200960231316,-1.26966329670242,-17.3138060643212,-0.0783162261825495,0.334340945370854,-0.059547890909052
2.8145915580316,-1.24606724834242,-17.4500460698212,-0.0773855518084495,0.338955834992854,-0.060233664698852
2.8618394446916,-1.26966329670242,-17.4500460698212,-0.0783162261825495,0.338032857068854,-0.060233664698852
2.8854631496016,-1.26966329670242,-17.5862860753212,-0.0773855518084495,0.337109879143854,-0.060919438488752
2.8854631496016,-1.26966329670242,-17.5862860753212,-0.0783162261825495,0.340801790841854,-0.060233664698852
2.9563349795816,-1.26966329670242,-17.8587641789212,-0.0783162261825495,0.342647746690854,-0.060233664698852
2.9327110362516,-1.26966329670242,-17.7225241734212,-0.0792469005566495,0.343570724614854,-0.060919438488752
2.8382155013616,-1.29325934505242,-17.9950041844212,-0.0755242030601495,0.344493702538854,-0.060233664698852
2.7673436713716,-1.34045144176242,-17.9950041844212,-0.0773855518084495,0.347262606509854,-0.059547890909052
2.6964720798016,-1.36404749012242,-17.9950041844212,-0.0755242030601495,0.344493702538854,-0.058176347054552
2.4838568282616,-1.36404749012242,-17.9950041844212,-0.0745935286860495,0.337109879143854,-0.054747485555752
2.4602328849316,-1.34045144176242,-17.9950041844212,-0.0736628543119495,0.334340945370854,-0.052004397846752
2.4129852366916,-1.36404749012242,-18.2674841954212,-0.0755242030601495,0.334340945370854,-0.046518218703552
2.3421134067116,-1.26966329670242,-18.1312441899212,-0.0773855518084495,0.329726055749854,-0.044460901059252
2.3657373500416,-1.24606724834242,-18.1312441899212,-0.0811082493048495,0.332494989522854,-0.044460901059252
2.3657373500416,-1.26966329670242,-18.1312441899212,-0.0783162261825495,0.331572011597854,-0.043775130994652
2.2948655200516,-1.26966329670242,-18.5399642064212,-0.0764548774342495,0.334340945370854,-0.042403587140152
2.3657373500416,-1.26966329670242,-18.5399642064212,-0.0801775749307495,0.339878812917854,-0.040346269495752
2.4129852366916,-1.26966329670242,-18.5399642064212,-0.0792469005566495,0.338032857068854,-0.041032039560352
2.4838568282616,-1.31685539341242,-18.5399642064212,-0.0783162261825495,0.342647746690854,-0.041032039560352
2.4366089416016,-1.34045144176242,-18.5399642064212,-0.0783162261825495,0.341724768765854,-0.039660495705952
2.3421134067116,-1.38764353848242,-18.6762042119212,-0.0783162261825495,0.335263923295854,-0.036917407996952
2.2239939284816,-1.38764353848242,-18.9486823155212,-0.0773855518084495,0.332494989522854,-0.033488546498152
2.1531220984916,-1.34045144176242,-19.0849223210212,-0.0792469005566495,0.332494989522854,-0.029373913072052
2.2003699851516,-1.26966329670242,-18.8124423100212,-0.0820389236789495,0.330649033673854,-0.028002367354952
2.1294981551716,-1.29325934505242,-19.0849223210212,-0.0811082493048495,0.330649033673854,-0.028002367354952
2.2003699851516,-1.26966329670242,-18.9486823155212,-0.0792469005566495,0.325111166127854,-0.027316595427652
2.1531220984916,-1.26966329670242,-19.0849223210212,-0.0783162261825495,0.327880099900854,-0.028002367354952
2.3184894633816,-1.31685539341242,-19.2211623265212,-0.0820389236789495,0.335263923295854,-0.027316595427652
2.4129852366916,-1.29325934505242,-19.3574023320212,-0.0801775749307495,0.338955834992854,-0.029373913072052
2.6256002498216,-1.29325934505242,-19.4936423375212,-0.0783162261825495,0.343570724614854,-0.030059684999252
2.7673436713716,-1.26966329670242,-19.4936423375212,-0.0848309393506495,0.348185584433854,-0.030745456926552
2.9327110362516,-1.22247131920242,-19.7661223485212,-0.0876229624729495,0.356492385752854,-0.030059684999252
3.0744544578116,-1.19887527084242,-19.7661223485212,-0.0885536368470495,0.360184297450854,-0.032117000780952
3.1217023444716,-1.19887527084242,-20.0386004521212,-0.0894843112211495,0.364799187072854,-0.032802772708252
3.2398218226916,-1.19887527084242,-20.1748404576212,-0.0894843112211495,0.366645142920854,-0.034860090352552
3.3106936526816,-1.12808712578242,-20.1748404576212,-0.0885536368470495,0.364799187072854,-0.032117000780952
3.4051891875716,-1.17527922249242,-20.4473204686212,-0.0894843112211495,0.367568120845854,-0.032117000780952
3.4051891875716,-1.19887527084242,-20.4473204686212,-0.0885536368470495,0.366645142920854,-0.031431228853752
3.49968472247161,-1.19887527084242,-20.5835604741212,-0.0913456599693495,0.371260032542854,-0.030745456926552
3.5705565524616,-1.17527922249242,-20.4473204686212,-0.0904149855952495,0.369414076693854,-0.030059684999252
3.6886760306816,-1.15168317413242,-20.3110804631212,-0.0922763343434495,0.367568120845854,-0.028002367354952
3.5233086658016,-1.10449107742242,-20.4473204686212,-0.0904149855952495,0.367568120845854,-0.028002367354952
3.6178044391216,-1.05729898071242,-20.3110804631212,-0.0950683574657495,0.367568120845854,-0.027316595427652
3.5705565524616,-1.05729898071242,-20.4473204686212,-0.0932070087175495,0.365722164996854,-0.025259279645952
3.5941804957916,-0.98651089525442,-20.3110804631212,-0.0941376830916495,0.365722164996854,-0.028002367354952
3.5469326091316,-1.01010694360942,-20.4473204686212,-0.0959990318398495,0.366645142920854,-0.028002367354952
3.5941804957916,-1.03370299196542,-20.5835604741212,-0.0959990318398495,0.367568120845854,-0.029373913072052
3.73592391734161,-1.01010694360942,-20.7198004796212,-0.0969297062139495,0.377720878012854,-0.030059684999252
3.7831718040016,-1.05729898071242,-20.9922804906212,-0.0969297062139495,0.387873635180854,-0.033488546498152
3.80679550891161,-1.08089502907242,-21.4009985997212,-0.0969297062139495,0.388796613105854,-0.033488546498152
3.80679550891161,-1.10449107742242,-21.2647585942212,-0.0969297062139495,0.387873635180854,-0.032802772708252
3.7122999740116,-1.12808712578242,-21.4009985997212,-0.0969297062139495,0.390642568953854,-0.028688141144852
3.6650520873516,-1.08089502907242,-21.4009985997212,-0.0969297062139495,0.380489811785854,-0.025259279645952
3.6414281440316,-1.05729898071242,-21.4009985997212,-0.0987910549622495,0.380489811785854,-0.022516190074352
3.5233086658016,-1.01010694360942,-21.5372386052212,-0.0987910549622495,0.375874922164854,-0.017715782858452
3.5469326091316,-1.01010694360942,-21.6734786107212,-0.0987910549622495,0.374028966315854,-0.017030010931152
3.5469326091316,-1.01010694360942,-21.5372386052212,-0.0978603805880495,0.370337054618854,-0.014286922290952
3.49968472247161,-0.98651089525442,-21.6734786107212,-0.0969297062139495,0.371260032542854,-0.011543833650652
3.49968472247161,-1.03370299196542,-21.6734786107212,-0.0997217293363495,0.369414076693854,-0.011543833650652
3.4760610175616,-0.93931885814942,-21.5372386052212,-0.0997217293363495,0.373105988391854,-0.009486516006292
3.49968472247161,-1.10449107742242,-21.8097186162212,-0.100652403710549,0.372183010466854,-0.010172288864852
3.5233086658016,-1.05729898071242,-21.5372386052212,-0.0987910549622495,0.374028966315854,-0.010858060792092
3.6178044391216,-1.08089502907242,-21.5372386052212,-0.0997217293363495,0.373105988391854,-0.010858060792092
3.5941804957916,-1.05729898071242,-21.5372386052212,-0.0987910549622495,0.373105988391854,-0.008800744079052
3.6178044391216,-1.08089502907242,-21.5372386052212,-0.101583078084549,0.373105988391854,-0.009486516006292
3.4760610175616,-1.08089502907242,-21.4009985997212,-0.0987910549622495,0.370337054618854,-0.007429199758922
3.4051891875716,-1.10449107742242,-21.8097186162212,-0.0987910549622495,0.369414076693854,-0.006057654973122
3.49968472247161,-1.08089502907242,-21.2647585942212,-0.101583078084549,0.363876209147854,-0.004686110652982
3.4524370742316,-1.05729898071242,-21.4009985997212,-0.0997217293363495,0.366645142920854,-0.004000338260082
3.49968472247161,-0.98651089525442,-21.2647585942212,-0.0987910549622495,0.363876209147854,-0.000571476877669
3.4524370742316,-1.01010694360942,-21.4009985997212,-0.0978603805880495,0.363876209147854,-0.001943021430635
3.4524370742316,-0.93931885814942,-21.1285185887212,-0.0978603805880495,0.365722164996854,0.0001142953988179
3.2870697093516,-1.05729898071242,-21.5372386052212,-0.0987910549622495,0.365722164996854,-0.004000338260082
3.2161978793616,-1.05729898071242,-21.5372386052212,-0.10251375245855,0.367568120845854,-0.005371882580222
3.1217023444716,-1.05729898071242,-21.4009985997212,-0.0997217293363495,0.366645142920854,-0.006057654973122
3.1217023444716,-1.05729898071242,-21.2647585942212,-0.100652403710549,0.367568120845854,-0.006743427366022
3.1689502311216,-1.08089502907242,-21.2647585942212,-0.10251375245855,0.369414076693854,-0.007429199758922
3.1689502311216,-1.05729898071242,-21.5372386052212,-0.0997217293363495,0.373105988391854,-0.005371882580222
3.2398218226916,-1.05729898071242,-21.2647585942212,-0.100652403710549,0.370337054618854,-0.004686110652982
3.2398218226916,-1.05729898071242,-21.2647585942212,-0.0997217293363495,0.369414076693854,-0.006057654973122
3.0980784011416,-1.01010694360942,-21.1285185887212,-0.0978603805880495,0.362030253299854,-0.003314565867192
2.9090870929216,-1.03370299196542,-21.1285185887212,-0.0950683574657495,0.353723451979854,-0.001943021430635
2.7437197280416,-1.03370299196542,-20.9922804906212,-0.0950683574657495,0.348185584433854,-0.001257249154152
2.6964720798016,-1.01010694360942,-20.8560404851212,-0.0959990318398495,0.344493702538854,0.0035431566648179
2.5783523631616,-1.03370299196542,-20.5835604741212,-0.0941376830916495,0.334340945370854,0.0035431566648179
2.4838568282616,-0.98651089525442,-20.5835604741212,-0.0950683574657495,0.331572011597854,0.0035431566648179
2.4366089416016,-1.01010694360942,-20.5835604741212,-0.0941376830916495,0.334340945370854,0.0042289290577179
2.5547286582516,-0.96291484689942,-20.7198004796212,-0.0941376830916495,0.338955834992854,0.0014858399517779
2.6492241931416,-0.96291484689942,-20.7198004796212,-0.0941376830916495,0.343570724614854,0.0021716123446779
2.8145915580316,-0.96291484689942,-20.9922804906212,-0.0950683574657495,0.355569407828854,-0.001943021430635
2.9799589229116,-1.01010694360942,-20.9922804906212,-0.0978603805880495,0.363876209147854,-0.003314565867192
3.0508305144816,-1.01010694360942,-21.2647585942212,-0.0969297062139495,0.366645142920854,-0.004000338260082
3.0980784011416,-1.01010694360942,-21.2647585942212,-0.0941376830916495,0.367568120845854,-0.003314565867192
3.0508305144816,-1.05729898071242,-21.5372386052212,-0.0941376830916495,0.370337054618854,-0.002628793707122
3.0980784011416,-1.03370299196542,-21.4009985997212,-0.0941376830916495,0.367568120845854,0.0001142953988179
3.0744544578116,-1.08089502907242,-21.5372386052212,-0.0959990318398495,0.371260032542854,0.0008000675588879
3.1453262877916,-1.03370299196542,-21.6734786107212,-0.0922763343434495,0.368491098769854,0.0035431566648179
3.2161978793616,-1.01010694360942,-21.6734786107212,-0.0922763343434495,0.367568120845854,0.0042289290577179
3.1925739360316,-1.05729898071242,-21.8097186162212,-0.0941376830916495,0.371260032542854,0.0062862457707479
3.1925739360316,-1.03370299196542,-21.8097186162212,-0.0894843112211495,0.368491098769854,0.0062862457707479
3.2398218226916,-1.05729898071242,-21.8097186162212,-0.0885536368470495,0.367568120845854,0.0083435624837879
3.2870697093516,-1.05729898071242,-21.8097186162212,-0.0894843112211495,0.363876209147854,0.0076577905565479
3.2161978793616,-1.01010694360942,-21.8097186162212,-0.0866922880988495,0.361107275374854,0.0097151072695479
3.1689502311216,-1.05729898071242,-21.8097186162212,-0.0876229624729495,0.362953231223854,0.0097151072695479
3.0035828662416,-1.03370299196542,-21.6734786107212,-0.0866922880988495,0.357415363677854,0.0097151072695479
2.9799589229116,-1.03370299196542,-21.8097186162212,-0.0894843112211495,0.353723451979854,0.0090293353423479
2.9563349795816,-1.01010694360942,-21.8097186162212,-0.0876229624729495,0.357415363677854,0.0097151072695479
3.1217023444716,-0.98651089525442,-21.9459586217212,-0.0904149855952495,0.369414076693854,0.0090293353423479
3.1217023444716,-1.03370299196542,-22.0821986271212,-0.0904149855952495,0.371260032542854,0.0062862457707479
3.3579413009216,-0.93931885814942,-21.6734786107212,-0.0904149855952495,0.369414076693854,0.0076577905565479
3.2398218226916,-1.01010694360942,-21.9459586217212,-0.0913456599693495,0.375874922164854,0.0069720176979879
3.3343175960116,-0.98651089525442,-21.6734786107212,-0.0932070087175495,0.372183010466854,0.0049147014506179
3.2161978793616,-1.01010694360942,-21.8097186162212,-0.0913456599693495,0.370337054618854,0.0035431566648179
3.0980784011416,-0.98651089525442,-21.8097186162212,-0.0922763343434495,0.368491098769854,0.0042289290577179
2.9090870929216,-0.98651089525442,-21.6734786107212,-0.0876229624729495,0.362953231223854,0.0042289290577179
2.6728481364716,-1.05729898071242,-21.6734786107212,-0.0876229624729495,0.360184297450854,0.0056004738435179
2.5783523631616,-1.05729898071242,-21.5372386052212,-0.0876229624729495,0.354646429904854,0.0056004738435179
2.5074807715916,-1.08089502907242,-21.2647585942212,-0.0876229624729495,0.349108562358854,0.0069720176979879
2.4129852366916,-1.10449107742242,-21.5372386052212,-0.0866922880988495,0.355569407828854,0.0076577905565479
2.5074807715916,-1.01010694360942,-21.4009985997212,-0.0904149855952495,0.355569407828854,0.011086652055348
2.6256002498216,-1.03370299196542,-21.2647585942212,-0.0876229624729495,0.355569407828854,0.0090293353423479
2.6964720798016,-1.01010694360942,-21.2647585942212,-0.0885536368470495,0.356492385752854,0.0090293353423479
2.8382155013616,-0.98651089525442,-21.1285185887212,-0.0885536368470495,0.358338341601854,0.0097151072695479
2.8618394446916,-0.93931885814942,-21.1285185887212,-0.0876229624729495,0.359261319525854,0.0090293353423479
2.9090870929216,-0.93931885814942,-20.9922804906212,-0.0913456599693495,0.361107275374854,0.010400879196848
2.9090870929216,-0.91572280979442,-21.1285185887212,-0.0913456599693495,0.362030253299854,0.0090293353423479
2.8618394446916,-0.86853071308342,-21.1285185887212,-0.0904149855952495,0.364799187072854,0.011086652055348
2.9563349795816,-0.82133867597842,-20.9922804906212,-0.0894843112211495,0.362030253299854,0.011772423982648
3.0744544578116,-0.86853071308342,-20.7198004796212,-0.0913456599693495,0.359261319525854,0.013143968768448
3.0980784011416,-0.86853071308342,-20.7198004796212,-0.0922763343434495,0.359261319525854,0.015201284550148
3.0980784011416,-0.89212676143942,-20.8560404851212,-0.0941376830916495,0.367568120845854,0.015201284550148
3.2634457660216,-0.75055053091342,-20.8560404851212,-0.0941376830916495,0.369414076693854,0.017258602194448
3.3106936526816,-0.79774262762342,-20.9922804906212,-0.0941376830916495,0.371260032542854,0.015201284550148
3.2398218226916,-0.77414657926842,-20.9922804906212,-0.0941376830916495,0.369414076693854,0.014515512622848
3.1453262877916,-0.75055053091342,-20.7198004796212,-0.0932070087175495,0.362953231223854,0.015887058340048
3.0980784011416,-0.79774262762342,-20.7198004796212,-0.0978603805880495,0.363876209147854,0.013829740695648
3.0035828662416,-0.77414657926842,-20.4473204686212,-0.0978603805880495,0.361107275374854,0.013829740695648
2.8854631496016,-0.70335849380742,-20.5835604741212,-0.0941376830916495,0.357415363677854,0.015201284550148
2.8618394446916,-0.72695454216242,-20.3110804631212,-0.0932070087175495,0.353723451979854,0.013829740695648
2.8854631496016,-0.75055053091342,-20.4473204686212,-0.0922763343434495,0.349108562358854,0.015201284550148
2.9563349795816,-0.77414657926842,-20.3110804631212,-0.0941376830916495,0.354646429904854,0.013829740695648
3.0980784011416,-0.75055053091342,-20.1748404576212,-0.0959990318398495,0.359261319525854,0.014515512622848
3.2161978793616,-0.72695454216242,-19.9023623540212,-0.0987910549622495,0.362030253299854,0.013829740695648
3.2161978793616,-0.70335849380742,-20.0386004521212,-0.0969297062139495,0.364799187072854,0.013143968768448
3.2870697093516,-0.70335849380742,-19.6298823430212,-0.100652403710549,0.362030253299854,0.013143968768448
3.2870697093516,-0.70335849380742,-19.6298823430212,-0.100652403710549,0.362030253299854,0.012458196841148
3.1689502311216,-0.67976244545242,-19.6298823430212,-0.0959990318398495,0.354646429904854,0.013143968768448
3.0744544578116,-0.72695454216242,-19.3574023320212,-0.0969297062139495,0.350031540282854,0.011086652055348
2.9327110362516,-0.70335849380742,-19.2211623265212,-0.0969297062139495,0.350031540282854,0.0083435624837879
2.9563349795816,-0.70335849380742,-19.2211623265212,-0.0969297062139495,0.345416680463854,0.010400879196848
3.0272068095716,-0.70335849380742,-19.0849223210212,-0.0950683574657495,0.345416680463854,0.011086652055348
3.0272068095716,-0.75055053091342,-18.9486823155212,-0.0950683574657495,0.345416680463854,0.010400879196848
3.0980784011416,-0.72695454216242,-19.0849223210212,-0.0941376830916495,0.344493702538854,0.011086652055348
3.2398218226916,-0.72695454216242,-18.6762042119212,-0.0932070087175495,0.344493702538854,0.010400879196848
3.1217023444716,-0.60897435999142,-18.6762042119212,-0.0950683574657495,0.338955834992854,0.017258602194448
2.9090870929216,-0.72695454216242,-18.2674841954212,-0.0922763343434495,0.333417967446854,0.017944374121748
2.8382155013616,-0.72695454216242,-17.9950041844212,-0.0866922880988495,0.310343519337854,0.017944374121748
2.6492241931416,-0.65616639709742,-17.8587641789212,-0.0894843112211495,0.310343519337854,0.016572830267248
2.7200960231316,-0.72695454216242,-17.4500460698212,-0.0857616137247495,0.308497563489854,0.017258602194448
2.5783523631616,-0.77414657926842,-17.4500460698212,-0.0839002649765495,0.299267784245854,0.015201284550148
2.5074807715916,-0.70335849380742,-17.1775660588212,-0.0839002649765495,0.292806938775854,0.015201284550148
2.3893612933616,-0.70335849380742,-16.9050860478212,-0.0820389236789495,0.284500137456854,0.015201284550148
2.1531220984916,-0.70335849380742,-16.7688460423212,-0.0811082493048495,0.285423115380854,0.015887058340048
2.1767460418216,-0.67976244545242,-16.3601279332212,-0.0848309393506495,0.280808225758854,0.014515512622848
2.0113786769416,-0.60897435999142,-15.5426888539212,-0.0792469005566495,0.263271674998854,0.014515512622848
1.86963525538161,-0.56178226328142,-15.4064488484212,-0.0792469005566495,0.256810829528854,0.014515512622848
1.63339629893161,-0.53818624472842,-14.4527697636212,-0.0783162261825495,0.241120204814854,0.014515512622848
1.4444049907216,-0.51459019637342,-13.7715716435212,-0.0773855518084495,0.226352558024854,0.015887058340048
1.2790376258416,-0.44380211091242,-12.4091734959212,-0.0708708311896495,0.206047058590854,0.013829740695648
1.2317898583916,-0.34941794729442,-11.7279744221212,-0.0690094824414495,0.190356433876854,0.013829740695648
1.1372942042816,-0.25503381347942,-10.6380562855212,-0.0643561105709495,0.168204978593854,0.013829740695648
1.04279855018161,-0.13705363875872,-9.54813814896122,-0.0606334167998495,0.152514353879854,0.014515512622848
1.04279855018161,0.02811861031998,-8.45822001236122,-0.0559800449293495,0.129439920671854,0.015201284550148
0.948303015281605,0.07531067722758,-8.04949999588122,-0.0531880255322495,0.119287163503854,0.013829740695648
0.830183417846605,0.12250275158658,-7.09582186478122,-0.0485346536617495,0.101750582941854,0.012458196841148
0.806559534122605,0.14609878504058,-6.41462326782122,-0.0457426305394495,0.0934437890728544,0.011772423982648
0.688439996292605,0.16969481849458,-5.86966372269122,-0.0410892623942495,0.0860599656783544,0.0097151072695479
0.404953123380605,0.05171464377388,-4.77974558609122,-0.0336438674014495,0.0639085029445544,0.0083435624837879
0.381329209854605,-0.13705363875872,-4.64350605744122,-0.0234064530115495,0.0565246870003544,0.0097151072695479
0.357705326129605,0.07531067722758,-4.09854698914122,-0.0289904973935495,0.0565246870003544,0.0083435624837879
0.452200920631605,0.05171464377388,-3.68982744949122,-0.0299211717676495,0.0556017090760544,0.0062862457707479
0.310457499076605,0.09890671813258,-3.28110814827122,-0.0252678017597495,0.0491408636056544,0.0042289290577179
0.239585788299605,0.0045225731407799,-2.87238884705122,-0.0224757786374495,0.0408340660117544,0.0028573842719179
0.239585788299605,0.09890671813258,-2.46366930740122,-0.0206144317518495,0.0352962021909544,0.0035431566648179
0.215961874772605,0.02811861031998,-2.19118977326122,-0.0206144317518495,0.0325272684179544,0.0035431566648179
0.168714062621605,0.07531067722758,-2.05495000618122,-0.0178224086295495,0.0288353567205544,0.0049147014506179
0.121466250469605,0.12250275158658,-1.91871023911122,-0.0150303864385495,0.0260664266728544,0.0056004738435179
0.050594532241605,0.09890671813258,-1.78247047203122,-0.0140997120644495,0.0205285591267544,0.0042289290577179
0.003346720089505,0.09890671813258,-1.50999093788122,-0.0131690386217495,0.0196055812023544,0.0049147014506179
-0.043901092062395,0.05171464377388,-1.37375117081122,-0.0113076898735495,0.0149906934432544,0.0042289290577179
-0.091148904214395,0.02811861031998,-1.50999093788122,-0.0103770164307495,0.0131447394572544,0.0049147014506179
-0.138396716366295,0.05171464377388,-1.37375117081122,-0.0122383642476495,0.0177596272163544,0.0056004738435179
-0.232892333219395,-0.06626553280902,-1.37375117081122,-0.0075849937740695,0.0131447394572544,0.0042289290577179
-0.185644528518395,-0.06626553280902,-1.23751140373122,-0.0066543198656295,0.0140677173815544,0.0035431566648179
-0.138396716366295,-0.04266949749242,-1.10127151745122,-0.0066543198656295,0.0112987836085544,0.0014858399517779
-0.162020622442195,-0.11345760530482,-1.10127151745122,-0.0085156676825095,0.0168366492919544,-0.000571476877669
-0.138396716366295,-0.13705363875872,-1.10127151745122,-0.0047929715830795,0.0149906934432544,-0.000571476877669
-0.185644528518395,-0.11345760530482,-0.965031750381216,-0.0047929715830795,0.0112987836085544,-0.001257249154152
-0.138396716366295,-0.11345760530482,-0.828791983301217,-0.0038622974418095,0.0112987836085544,-0.001943021430635
-0.043901092062395,-0.13705363875872,-0.692552216231217,-0.0038622974418095,0.0094528277598544,-0.003314565867192
-0.138396716366295,-0.13705363875872,-0.692552216231217,-0.0029316233005395,0.0066838958494544,-0.003314565867192
-0.114772810290295,-0.13705363875872,-0.828791983301217,-0.0020009492756795,0.0094528277598544,-0.004000338260082
-0.067524998138395,-0.13705363875872,-0.692552216231217,-0.0038622974418095,0.0085298516981544,-0.001257249154152
0.003346720089505,-0.23143778002542,-0.828791983301217,-0.0029316233005395,0.0122217615329544,-0.000571476877669
-0.043901092062395,-0.13705363875872,-0.692552216231217,-0.0029316233005395,0.0112987836085544,-0.002628793707122
-0.020277185986495,-0.04266949749242,-0.828791983301217,-0.0020009492756795,0.0131447394572544,-0.001943021430635
0.097842336942605,-0.06626553280902,-0.828791983301217,-0.0047929715830795,0.0103758056842544,-0.001943021430635
0.074218438317605,-0.01907346217582,-0.692552216231217,-0.0066543198656295,0.0112987836085544,-0.000571476877669
0.050594532241605,0.0045225731407799,-0.828791983301217,-0.0047929715830795,0.0103758056842544,0.0001142953988179
0.097842336942605,0.0045225731407799,-0.828791983301217,-0.0047929715830795,0.0103758056842544,0.0001142953988179
0.074218438317605,0.05171464377388,-0.828791983301217,-0.0066543198656295,0.0122217615329544,-0.000571476877669
0.003346720089505,-0.01907346217582,-0.828791983301217,-0.0066543198656295,0.0131447394572544,0.0001142953988179
0.003346720089505,0.02811861031998,-0.692552216231217,-0.0075849937740695,0.0122217615329544,0.0008000675588879
0.003346720089505,0.0045225731407799,-1.10127151745122,-0.0075849937740695,0.0149906934432544,0.0001142953988179
0.026970626165405,0.0045225731407799,-0.828791983301217,-0.0075849937740695,0.0131447394572544,-0.000571476877669
0.121466250469605,-0.04266949749242,-0.828791983301217,-0.0094463420566195,0.0177596272163544,0.0014858399517779
0.026970626165405,0.0045225731407799,-0.692552216231217,-0.0029316233005395,0.0094528277598544,0.0008000675588879
0.074218438317605,-0.01907346217582,-0.556312449152217,-0.0020009492756795,0.0048379409320544,0.0001142953988179
0.003346720089505,0.0045225731407799,-0.692552216231217,-0.0001396011095495,0.0048379409320544,-0.001257249154152
0.003346720089505,0.02811861031998,-0.556312449152217,-0.0001396011095495,0.0029919860147544,-0.000571476877669
-0.020277185986495,-0.01907346217582,-0.556312449152217,0.0017217470565805,0.0048379409320544,-0.000571476877669
0.026970626165405,-0.01907346217582,-0.556312449152217,0.0007910729735155,0.0048379409320544,-0.001257249154152
-0.020277185986495,-0.04266949749242,-0.556312449152217,-0.0001396011095495,0.0048379409320544,-0.001257249154152
0.003346720089505,-0.01907346217582,-0.556312449152217,0.0007910729735155,0.0048379409320544,0.0001142953988179
0.003346720089505,-0.01907346217582,-0.556312449152217,-0.0001396011095495,0.0039149630077544,-0.001943021430635
0.003346720089505,-0.01907346217582,-0.556312449152217,0.0007910729735155,0.0039149630077544,-0.000571476877669
0.026970626165405,0.0045225731407799,-0.556312449152217,-0.0001396011095495,0.0039149630077544,-0.001257249154152
0.050594532241605,0.02811861031998,-0.420072682078217,-0.0001396011095495,0.0020690080903544,-0.000571476877669
0.026970626165405,-0.01907346217582,-0.556312449152217,-0.0001396011095495,0.0039149630077544,0.0001142953988179
0.003346720089505,0.0045225731407799,-0.556312449152217,0.0007910729735155,0.0029919860147544,0.0001142953988179
0.050594532241605,-0.01907346217582,-0.420072682078217,-0.0001396011095495,0.0002230531730044,-0.001257249154152
0.026970626165405,-0.01907346217582,-0.556312449152217,0.0007910729735155,0.0048379409320544,-0.001257249154152
0.003346720089505,-0.01907346217582,-0.556312449152217,-0.0001396011095495,0.0029919860147544,-0.001943021430635
0.003346720089505,0.0045225731407799,-0.556312449152217,0.0007910729735155,0.0039149630077544,0.0001142953988179
0.003346720089505,0.0045225731407799,-0.556312449152217,0.0017217470565805,0.0020690080903544,-0.000571476877669
-0.091148904214395,-0.06626553280902,-0.556312449152217,0.0017217470565805,0.0039149630077544,-0.000571476877669
0.050594532241605,0.0045225731407799,-0.283832855399217,-0.0001396011095495,-0.0006999247513355,-0.001257249154152
-0.043901092062395,-0.04266949749242,-0.420072682078217,0.0007910729735155,0.0020690080903544,-0.000571476877669
-0.020277185986495,0.02811861031998,-0.420072682078217,0.0026524210814405,0.0029919860147544,-0.001257249154152
0.026970626165405,0.0045225731407799,-0.556312449152217,-0.0010702751926145,0.0039149630077544,0.0008000675588879
-0.067524998138395,-0.04266949749242,-0.556312449152217,0.0017217470565805,0.0048379409320544,-0.001257249154152
0.003346720089505,-0.01907346217582,-0.420072682078217,0.0007910729735155,0.0020690080903544,-0.000571476877669
0.026970626165405,-0.01907346217582,-0.420072682078217,0.0007910729735155,0.0002230531730044,-0.001257249154152
0.026970626165405,-0.04266949749242,-0.420072682078217,-0.0001396011095495,0.0020690080903544,-0.001257249154152
-0.020277185986495,0.0045225731407799,-0.556312449152217,0.0017217470565805,0.0039149630077544,-0.000571476877669
0.026970626165405,0.0045225731407799,-0.556312449152217,-0.0001396011095495,0.0020690080903544,0.0001142953988179
0.074218438317605,0.05171464377388,-0.420072682078217,0.0017217470565805,-0.0006999247513355,-0.000571476877669
0.026970626165405,0.02811861031998,-0.420072682078217,0.0007910729735155,-0.0006999247513355,-0.001257249154152
-0.020277185986495,0.0045225731407799,-0.420072682078217,0.0007910729735155,0.0002230531730044,-0.001257249154152
0.026970626165405,0.0045225731407799,-0.420072682078217,-0.0001396011095495,0.0002230531730044,0.0001142953988179
0.026970626165405,0.05171464377388,-0.420072682078217,0.0026524210814405,-0.0016229022100255,0.0001142953988179
0.050594532241605,0.02811861031998,-0.556312449152217,0.0017217470565805,0.0048379409320544,0.0008000675588879
0.003346720089505,0.0045225731407799,-0.556312449152217,0.0026524210814405,0.0020690080903544,0.0008000675588879
0.026970626165405,-0.01907346217582,-0.283832855399217,-0.0001396011095495,0.0002230531730044,-0.001257249154152
0.003346720089505,-0.06626553280902,-0.283832855399217,-0.0010702751926145,0.0020690080903544,-0.000571476877669
-0.067524998138395,0.0045225731407799,-0.420072682078217,0.0017217470565805,0.0020690080903544,-0.001257249154152
0.050594532241605,-0.01907346217582,-0.283832855399217,0.0017217470565805,-0.0043918350517455,-0.001943021430635
-0.043901092062395,-0.01907346217582,-0.556312449152217,0.0007910729735155,0.0029919860147544,0.0001142953988179
-0.043901092062395,-0.01907346217582,-0.556312449152217,0.0017217470565805,0.0039149630077544,-0.001257249154152
0.003346720089505,0.0045225731407799,-0.556312449152217,0.0026524210814405,-0.0016229022100255,0.0001142953988179
0.003346720089505,0.0045225731407799,-0.420072682078217,-0.0001396011095495,0.0020690080903544,-0.000571476877669
0.003346720089505,0.0045225731407799,-0.420072682078217,-0.0001396011095495,0.0011460301660344,-0.001257249154152
-0.020277185986495,-0.01907346217582,-0.420072682078217,0.0007910729735155,0.0029919860147544,-0.001943021430635
0.050594532241605,-0.04266949749242,-0.556312449152217,0.0007910729735155,0.0048379409320544,0.0008000675588879
0.074218438317605,-0.01907346217582,-0.556312449152217,0.0026524210814405,0.0020690080903544,0.0001142953988179
0.026970626165405,0.0045225731407799,-0.420072682078217,0.0026524210814405,0.0002230531730044,-0.000571476877669
0.026970626165405,0.02811861031998,-0.420072682078217,0.0035830952227105,-0.0006999247513355,-0.001943021430635
-0.020277185986495,0.02811861031998,-0.420072682078217,0.0026524210814405,0.0020690080903544,-0.001257249154152
-0.043901092062395,-0.04266949749242,-0.420072682078217,0.0026524210814405,-0.0016229022100255,-0.001257249154152
-0.020277185986495,-0.01907346217582,-0.283832855399217,0.0007910729735155,0.0002230531730044,0.0001142953988179
-0.020277185986495,0.02811861031998,-0.420072682078217,0.0045137693639805,0.0002230531730044,0.0001142953988179
-0.020277185986495,-0.01907346217582,-0.420072682078217,0.0017217470565805,0.0011460301660344,-0.001257249154152
0.003346720089505,0.0045225731407799,-0.283832855399217,0.0007910729735155,-0.0006999247513355,-0.000571476877669
-0.020277185986495,-0.01907346217582,-0.556312449152217,0.0026524210814405,0.0002230531730044,0.0001142953988179
0.026970626165405,-0.01907346217582,-0.420072682078217,0.0026524210814405,-0.0034688575930555,-0.001257249154152
0.097842336942605,-0.01907346217582,-0.556312449152217,0.0017217470565805,0.0029919860147544,0.0008000675588879
-0.020277185986495,-0.01907346217582,-0.556312449152217,0.0007910729735155,0.0011460301660344,-0.000571476877669
0.003346720089505,-0.04266949749242,-0.283832855399217,0.0007910729735155,0.0002230531730044,-0.001257249154152
-0.020277185986495,-0.01907346217582,-0.556312449152217,-0.0001396011095495,0.0029919860147544,-0.000571476877669
0.003346720089505,0.0045225731407799,-0.420072682078217,0.0035830952227105,-0.0006999247513355,-0.000571476877669
-0.020277185986495,0.0045225731407799,-0.420072682078217,0.0017217470565805,0.0020690080903544,-0.000571476877669
0.050594532241605,0.0045225731407799,-0.283832855399217,0.0007910729735155,-0.0006999247513355,-0.001257249154152
0.003346720089505,-0.01907346217582,-0.283832855399217,0.0026524210814405,-0.0016229022100255,-0.001257249154152
-0.067524998138395,0.0045225731407799,-0.556312449152217,0.0035830952227105,0.0020690080903544,0.0001142953988179
0.050594532241605,0.0045225731407799,-0.420072682078217,0.0017217470565805,-0.0016229022100255,-0.001943021430635
0.026970626165405,0.05171464377388,-0.556312449152217,-0.0020009492756795,0.0011460301660344,0.0001142953988179
0.003346720089505,0.05171464377388,-0.556312449152217,0.0017217470565805,0.0029919860147544,0.0008000675588879
-0.043901092062395,0.07531067722758,-0.420072682078217,0.0007910729735155,-0.0025458796687055,-0.001257249154152
-0.303764058898395,-0.20784174657142,-1.10127151745122,0.0007910729735155,0.0131447394572544,-0.004686110652982
-0.776242165515395,-0.32582192874242,-1.91871023911122,0.0007910729735155,0.0269894008718544,-0.006057654973122
-0.823489992569395,-0.30222588038742,-2.59990907448122,-0.0038622974418095,0.0417570439361544,-0.003314565867192
-0.705370454738395,-0.23143778002542,-3.28110814827122,-0.0131690386217495,0.0676004146419544,0.0001142953988179
-0.540003119657395,-0.08986156812562,-3.68982744949122,-0.0187530830036495,0.0888288994513544,0.0028573842719179
-0.374635784576395,-0.01907346217582,-4.09854698914122,-0.0215451042633495,0.100827605016854,0.0049147014506179
-0.256516246746395,-0.13705363875872,-4.91598559158122,-0.0234064530115495,0.126670986898854,0.0014858399517779
-0.280140160272395,-0.20784174657142,-5.59718418854122,-0.0224757786374495,0.146053508408854,0.0042289290577179
-0.303764058898395,-0.30222588038742,-6.00590372818122,-0.0234064530115495,0.163590088971854,0.0042289290577179
-0.303764058898395,-0.39661001420242,-6.68710280197122,-0.0234064530115495,0.175588787086854,0.0056004738435179
-0.398259668300395,-0.32582192874242,-7.09582186478122,-0.0215451042633495,0.185741544254854,0.0083435624837879
-0.469131408880395,-0.30222588038742,-7.36830139893122,-0.0243371273856495,0.194971323498854,0.010400879196848
-0.232892333219395,-0.30222588038742,-7.64078093308122,-0.0234064530115495,0.200509191044854,0.011772423982648
-0.138396716366295,-0.20784174657142,-7.77702093857122,-0.0234064530115495,0.208815977462854,0.012458196841148
-0.020277185986495,-0.16064967221242,-7.91326094406122,-0.0261984761338495,0.215276822932854,0.011086652055348
0.475824863960605,-0.04266949749242,-7.64078093308122,-0.0243371273856495,0.215276822932854,0.013829740695648
0.546696574737605,-0.06626553280902,-7.77702093857122,-0.0252678017597495,0.219891712554854,0.012458196841148
0.735687823345605,0.02811861031998,-7.77702093857122,-0.0243371273856495,0.219891712554854,0.013143968768448
0.877431244899605,0.02811861031998,-7.77702093857122,-0.0261984761338495,0.219891712554854,0.011086652055348
0.924679071952605,0.0045225731407799,-7.50454140442122,-0.0215451042633495,0.218045756705854,0.013829740695648
0.971926839401605,0.02811861031998,-7.50454140442122,-0.0206144317518495,0.217122778781854,0.014515512622848
0.830183417846605,-0.01907346217582,-7.50454140442122,-0.0215451042633495,0.213430867083854,0.014515512622848
0.877431244899605,0.02811861031998,-7.50454140442122,-0.0196837573777495,0.208815977462854,0.014515512622848
0.806559534122605,0.02811861031998,-7.50454140442122,-0.0178224086295495,0.206047058590854,0.015887058340048
0.688439996292605,0.02811861031998,-7.23206187027122,-0.0187530830036495,0.191279411800854,0.013143968768448
0.523072631408605,0.02811861031998,-7.09582186478122,-0.0187530830036495,0.182972610481854,0.013143968768448
0.452200920631605,0.12250275158658,-7.09582186478122,-0.0159610598813495,0.173742831238854,0.013829740695648
0.475824863960605,-0.23143778002542,-7.50454140442122,-0.0131690386217495,0.172819853313854,0.010400879196848
0.428577036907605,0.35846311592758,-7.50454140442122,-0.0234064530115495,0.168204978593854,0.0083435624837879
0.641192169238605,0.40565518283558,-7.23206187027122,-0.0261984761338495,0.170973897464854,0.012458196841148
0.853807361175605,0.47644326829658,-7.23206187027122,-0.0252678017597495,0.176511765011854,0.013829740695648
0.830183417846605,0.42925120138858,-7.50454140442122,-0.0261984761338495,0.182049632557854,0.011772423982648
1.06642249351161,0.47644326829658,-7.50454140442122,-0.0289904973935495,0.184818566330854,0.013143968768448
1.01917472606161,0.54723141336158,-7.64078093308122,-0.0299211717676495,0.185741544254854,0.014515512622848
1.06642249351161,0.54723141336158,-7.77702093857122,-0.0280598230194495,0.186664522178854,0.013143968768448
1.0900464368316,0.57082740211258,-7.91326094406122,-0.0271291486453495,0.191279411800854,0.013829740695648
1.16091814761161,0.52363536500658,-7.91326094406122,-0.0299211717676495,0.194971323498854,0.012458196841148
1.2790376258416,0.54723141336158,-8.04949999588122,-0.0317825186531495,0.199586213119854,0.011772423982648
1.37353327994161,0.61801949882258,-8.04949999588122,-0.0299211717676495,0.197740257271854,0.013143968768448
1.4207810473916,0.64161554717758,-8.18574000137122,-0.0308518461417495,0.199586213119854,0.013829740695648
1.65702012305161,0.68880758428358,-7.91326094406122,-0.0327131930273495,0.199586213119854,0.013143968768448
1.63339629893161,0.64161554717758,-7.91326094406122,-0.0327131930273495,0.199586213119854,0.012458196841148
1.7278918338316,0.73599968099358,-7.91326094406122,-0.0327131930273495,0.193125367649854,0.014515512622848
1.68064406638161,0.71240363263858,-7.77702093857122,-0.0336438674014495,0.196817279346854,0.013143968768448
1.5861484122816,0.78319171809858,-7.91326094406122,-0.0289904973935495,0.192202389724854,0.014515512622848
