x,y,z,q0,q1,q2,q3
-0.578630447388,-0.160654962063,0.748813390732,0.00577860604972,0.0350497253239,-0.647023618221,-0.761642038822
-0.578586816788,-0.160647019744,0.748770833015,0.0057405824773,0.0350471548736,-0.646714746952,-0.761904835701
-0.578542470932,-0.160643815994,0.748741567135,0.00574356829748,0.0349772162735,-0.646431863308,-0.762147963047
-0.578343391418,-0.160894230008,0.748783826828,0.00610545556992,0.0349172390997,-0.646295309067,-0.762263774872
-0.578355669975,-0.160072386265,0.748412013054,0.00401444872841,0.0349532403052,-0.646592438221,-0.762023925781
-0.578319966793,-0.160037755966,0.748408377171,0.00392485270277,0.0348143354058,-0.646288573742,-0.762288510799
-0.578212201595,-0.159906864166,0.748558998108,0.00401010690257,0.0354805663228,-0.646242022514,-0.76229673624
-0.578216910362,-0.159989207983,0.748387098312,0.00374310836196,0.0344940051436,-0.645743429661,-0.762765705585
-0.578133046627,-0.15995696187,0.74836319685,0.00364365149289,0.0343022979796,-0.645420670509,-0.763047993183
-0.57796806097,-0.159949138761,0.748372077942,0.00361268850975,0.0341320373118,-0.64498513937,-0.763423979282
-0.57785141468,-0.159915283322,0.748350799084,0.00359741039574,0.0339774265885,-0.644640803337,-0.763721644878
-0.578662216663,-0.15998506546,0.748262107372,0.00351029448211,0.0336556099355,-0.646500468254,-0.762162804604
-0.577676653862,-0.159802347422,0.748330116272,0.00335696106777,0.0336691774428,-0.644142627716,-0.764156699181
-0.577632069588,-0.159748852253,0.748343467712,0.00326197594404,0.033340703696,-0.643834173679,-0.764431297779
-0.57759219408,-0.159619957209,0.748374521732,0.0029402077198,0.0331817045808,-0.643597245216,-0.764639139175
-0.577543973923,-0.159543305635,0.74834561348,0.00263756862842,0.0329228453338,-0.643300294876,-0.764901220798
-0.577426075935,-0.159493267536,0.74832868576,0.0025651967153,0.0327497199178,-0.643066167831,-0.765105783939
-0.577285170555,-0.159411609173,0.748325228691,0.00240992219187,0.0325863435864,-0.642793595791,-0.76534229517
-0.578047454357,-0.159485012293,0.748253703117,0.00239619333297,0.0323327146471,-0.644589245319,-0.763841331005
-0.577963590622,-0.159341186285,0.748277187347,0.00199040817097,0.0322566740215,-0.644378006458,-0.764023900032
-0.577850878239,-0.159252613783,0.748267769814,0.00184469518717,0.0321188308299,-0.644191503525,-0.764187335968
-0.577761411667,-0.15914312005,0.748274147511,0.00157152372412,0.0320103764534,-0.644010663033,-0.764345049858
-0.577734589577,-0.158811345696,0.748094916344,0.000456892477814,0.0319910719991,-0.643983900547,-0.764369726181
-0.576726138592,-0.158551543951,0.748141467571,0.000171990206582,0.0319235250354,-0.641682684422,-0.766305565834
-0.577540576458,-0.158578455448,0.748095750809,4.72304527648e-05,0.0317672602832,-0.643707692623,-0.764611899853
-0.577313542366,-0.158341020346,0.748138785362,-0.000300811720081,0.0314317829907,-0.639780282974,-0.767914891243
-0.577142059803,-0.158752143383,0.748375654221,0.000795346801169,0.0310708675534,-0.639551579952,-0.768119633198
-0.577913463116,-0.15878598392,0.748312711716,0.000816981657408,0.0308467932045,-0.64160990715,-0.76641023159
-0.577876746655,-0.158681035042,0.748290538788,0.000566865026485,0.0305872969329,-0.641580164433,-0.766445755959
-0.577773690224,-0.158406674862,0.748299658298,0.000332257739501,0.0303382575512,-0.641325652599,-0.766668736935
-0.577655673027,-0.158319935203,0.748305141926,0.000166100217029,0.03020025976,-0.641267955303,-0.766722500324
-0.577571153641,-0.158212289214,0.748313605785,-4.74895296065e-06,0.0300561953336,-0.641188621521,-0.766794502735
-0.577467799187,-0.158126920462,0.748303830624,3.87232903449e-05,0.0298793632537,-0.641151130199,-0.766832828522
-0.577418208122,-0.158031105995,0.748347997665,-0.000303268752759,0.0297126155347,-0.641164541245,-0.766827940941
-0.577293157578,-0.157932758331,0.748340010643,-0.00024378420494,0.0295369867235,-0.640998542309,-0.766973614693
-0.577255487442,-0.157849699259,0.748311877251,-0.00040197870112,0.0292003303766,-0.640947818756,-0.767028808594
-0.576341569424,-0.157612338662,0.748369574547,-0.000588120892644,0.0291537828743,-0.63898319006,-0.768667757511
-0.576317191124,-0.157460749149,0.748389303684,-0.000839419430122,0.0290037170053,-0.638930261135,-0.768717229366
-0.576277554035,-0.15733358264,0.748386144638,-0.00102151290048,0.0288482699543,-0.638946533203,-0.768709301949
-0.576171994209,-0.157390981913,0.748390734196,-0.00105377461296,0.0286433473229,-0.639009654522,-0.768664479256
-0.576249480247,-0.156821742654,0.748149752617,-0.00256611569785,0.028569592163,-0.639110147953,-0.768580138683
-0.576102018356,-0.157227188349,0.74837577343,-0.00139079848304,0.0283002890646,-0.638930618763,-0.768742442131
-0.576233863831,-0.156655043364,0.748104095459,-0.00297843944281,0.0281017310917,-0.63883382082,-0.768825650215
-0.576223611832,-0.156565800309,0.748070061207,-0.00319818709977,0.0278745889664,-0.638620495796,-0.7690102458
-0.576187431812,-0.15653835237,0.748054981232,-0.00340665737167,0.0276779290289,-0.638277411461,-0.769301116467
-0.576220691204,-0.156471312046,0.748031139374,-0.00359875592403,0.0274272952229,-0.638116538525,-0.769442737103
-0.576272428036,-0.15731151402,0.7484562397,-0.000897044606972,0.0267774891108,-0.64105027914,-0.76703107357
-0.576264023781,-0.15723374486,0.748410999775,-0.00107264437247,0.026662139222,-0.64090192318,-0.767158925533
-0.576226830482,-0.157214224339,0.748418211937,-0.000968659995124,0.0265255756676,-0.640641689301,-0.767381072044
-0.576243400574,-0.157153084874,0.748374044895,-0.0010917915497,0.02638380602,-0.640466034412,-0.767532467842
-0.576284825802,-0.157122671604,0.748368740082,-0.00103114708327,0.0261820144951,-0.640122532845,-0.767825961113
-0.575477957726,-0.156926780939,0.74838745594,-0.00105241651181,0.0260861683637,-0.638077974319,-0.769528985023
-0.575491368771,-0.156912237406,0.748380899429,-0.00104653893504,0.0258951671422,-0.637778103352,-0.769784033298
-0.575473368168,-0.156860351562,0.748349130154,-0.00100378773641,0.0258685220033,-0.637445569038,-0.770060420036
-0.575483739376,-0.156834036112,0.748355388641,-0.00103610777296,0.0256813187152,-0.637099087238,-0.770353376865
-0.575487375259,-0.156823307276,0.74834895134,-0.00100333068985,0.0254880171269,-0.63677406311,-0.770628452301
-0.575448989868,-0.156813412905,0.748323202133,-0.000925786560401,0.0253126472235,-0.636383652687,-0.770956754684
-0.575485467911,-0.156781673431,0.748356580734,-0.00100346759427,0.0250632632524,-0.635946810246,-0.771325170994
-0.575349211693,-0.157040804625,0.748368084431,-0.000843878136948,0.0248190518469,-0.635663151741,-0.771567046642
-0.576134204865,-0.157186001539,0.748315811157,-0.000858465849888,0.0246447063982,-0.637104928493,-0.770382523537
-0.576085925102,-0.157177150249,0.748295664787,-0.000837057596073,0.0245127528906,-0.636709332466,-0.770713746548
-0.576067328453,-0.157130300999,0.748286426067,-0.00111779163126,0.0243837237358,-0.636337280273,-0.771024763584
-0.576019465923,-0.156414985657,0.747962236404,-0.00290358089842,0.0244465693831,-0.636421859264,-0.770948290825
-0.575984835625,-0.156386896968,0.747984170914,-0.00326361483894,0.0243110191077,-0.635998725891,-0.771300137043
-0.574952840805,-0.156306147575,0.748062312603,-0.0033678910695,0.0244988370687,-0.633412778378,-0.773418903351
-0.574888348579,-0.156322285533,0.748065948486,-0.00347981904633,0.0243705902249,-0.633112072945,-0.773668587208
-0.574732303619,-0.156359493732,0.748033165932,-0.00336772063747,0.0242146532983,-0.632785737514,-0.773940980434
-0.574650228024,-0.15640039742,0.748035371304,-0.00348552828655,0.0240834020078,-0.63258677721,-0.774107158184
-0.575510621071,-0.156563147902,0.747964084148,-0.00358417234384,0.0236030649394,-0.634472131729,-0.772577047348
-0.57541590929,-0.156599998474,0.747978031635,-0.00369405932724,0.0235238485038,-0.634319782257,-0.772703945637
-0.575314640999,-0.157395333052,0.748282432556,-0.00207940186374,0.0232158452272,-0.633742034435,-0.773193180561
-0.57525831461,-0.156702905893,0.74799144268,-0.00396273098886,0.0233541466296,-0.634211838245,-0.772796392441
-0.575135529041,-0.157485306263,0.748278021812,-0.00241131801158,0.0231459569186,-0.633714020252,-0.773217320442
-0.575020670891,-0.157551914454,0.74826925993,-0.00245775375515,0.0231949314475,-0.633733510971,-0.773199856281
-0.57507199049,-0.15736579895,0.74820202589,-0.00289933942258,0.0231727175415,-0.633621931076,-0.773290276527
-0.574804067612,-0.156927078962,0.74791765213,-0.00441307388246,0.0232189912349,-0.634334683418,-0.772697269917
-0.574645638466,-0.157036170363,0.747852444649,-0.00433627003804,0.0233008749783,-0.634580373764,-0.772493422031
-0.574440956116,-0.157164305449,0.747834563255,-0.00418010074645,0.02329865098,-0.634875833988,-0.772251546383
-0.574311375618,-0.157274842262,0.7478069067,-0.00416419794783,0.0232756882906,-0.635112345219,-0.772057831287
-0.574240982533,-0.157441750169,0.747797250748,-0.00412920676172,0.0230715982616,-0.635472476482,-0.771767735481
-0.574102759361,-0.157586425543,0.74776494503,-0.00401023542508,0.0231723077595,-0.635748505592,-0.77153801918
-0.573981106281,-0.157726079226,0.747739255428,-0.00397600512952,0.0231211539358,-0.635952949524,-0.77137118578
-0.573865950108,-0.157853186131,0.747671425343,-0.00393235031515,0.0232205521315,-0.636208832264,-0.771157324314
-0.573772728443,-0.15798419714,0.747636377811,-0.00385664147325,0.0232298690826,-0.636406183243,-0.770994603634
-0.573679149151,-0.15809994936,0.747590243816,-0.00381097616628,0.0232200231403,-0.636590480804,-0.770842969418
-0.573594510555,-0.158252939582,0.747549235821,-0.0036581531167,0.023171255365,-0.636727690697,-0.77073186636
-0.573494613171,-0.15836507082,0.747526347637,-0.00359612121247,0.0231871716678,-0.636796951294,-0.770674526691
-0.573359668255,-0.158527642488,0.747510790825,-0.00339895510115,0.0231456402689,-0.636985123158,-0.770521104336
-0.573330581188,-0.15865214169,0.747500896454,-0.00358618074097,0.0230644568801,-0.637028992176,-0.770486414433
-0.57293587923,-0.15901426971,0.747640252113,-0.00245049549267,0.0230415891856,-0.637486517429,-0.770113050938
-0.572820067406,-0.159145444632,0.747616827488,-0.00235618790612,0.0230623483658,-0.637398600578,-0.770185470581
-0.572726726532,-0.159282684326,0.747537732124,-0.0022023585625,0.0229778978974,-0.637187242508,-0.770363390446
-0.57270181179,-0.159421950579,0.747501313686,-0.00211495580152,0.0228744987398,-0.637034118176,-0.770493328571
-0.572599709034,-0.159566178918,0.747498512268,-0.00202402612194,0.0229330025613,-0.636639893055,-0.770817577839
-0.572580337524,-0.159740000963,0.747482895851,-0.00191446079407,0.0228154957294,-0.636286914349,-0.771112680435
-0.572523534298,-0.159870624542,0.747469067574,-0.00186106015462,0.0227407570928,-0.635861098766,-0.771466195583
-0.572469234467,-0.159980177879,0.747475922108,-0.0019045539666,0.0227281376719,-0.635431587696,-0.771820306778
-0.572413563728,-0.160096183419,0.74748903513,-0.00187141762581,0.0227949768305,-0.634963035583,-0.772203922272
-0.5723528862,-0.160229116678,0.74744617939,-0.0015084935585,0.0226022861898,-0.634463727474,-0.772620677948
-0.572749555111,-0.160597637296,0.747500836849,-0.00110735953785,0.0224585831165,-0.632822334766,-0.773970425129
-0.572742581367,-0.160718291998,0.747478544712,-0.00106881419197,0.0224813893437,-0.632474184036,-0.774254441261
-0.572731912136,-0.16079840064,0.747460603714,-0.0010991373565,0.0224128626287,-0.63202214241,-0.77462542057
-0.572540998459,-0.16041970253,0.747189044952,-0.00241768267006,0.0224674455822,-0.632155716419,-0.774511814117
-0.572517752647,-0.16057819128,0.747186720371,-0.00235550897196,0.0224408507347,-0.631610453129,-0.774957478046
-0.572505950928,-0.160688042641,0.747164845467,-0.00241017574444,0.0223378185183,-0.631120324135,-0.77535957098
-0.572504878044,-0.16080775857,0.747117817402,-0.00248816004023,0.022279182449,-0.630661129951,-0.775734484196
-0.572488903999,-0.160922408104,0.747098445892,-0.00250477786176,0.0221921447664,-0.63017064333,-0.776135444641
-0.572491168976,-0.161016821861,0.747075676918,-0.00257334625348,0.0220346823335,-0.62973845005,-0.776490390301
-0.572511017323,-0.161117687821,0.747037887573,-0.00260379048996,0.0218804888427,-0.629440844059,-0.776735961437
-0.57130753994,-0.161799550056,0.747453093529,-0.000632314186078,0.0221522320062,-0.626060366631,-0.77945959568
-0.572630524635,-0.161809414625,0.747237920761,-0.00105272582732,0.0214352607727,-0.627988398075,-0.777926802635
-0.572645962238,-0.161898165941,0.747225701809,-0.00104115228169,0.021400552243,-0.627697765827,-0.778162240982
-0.572631001472,-0.161994606256,0.747219026089,-0.00102387275547,0.0214299075305,-0.627342700958,-0.778447747231
-0.572688817978,-0.162082523108,0.747188687325,-0.00107196287718,0.0213975608349,-0.626980483532,-0.778740346432
-0.571325540543,-0.161485865712,0.747107744217,-0.00225705094635,0.0224484205246,-0.624833464622,-0.780432105064
-0.57144844532,-0.162078112364,0.747349202633,-0.000787555996794,0.0222686640918,-0.623950541019,-0.781146109104
-0.571401000023,-0.162169724703,0.747318029404,-0.000656948017422,0.0222619399428,-0.62372481823,-0.781326651573
-0.57124966383,-0.161751180887,0.747059345245,-0.00198988802731,0.0224964804947,-0.624217391014,-0.780924260616
-0.571233928204,-0.161878019571,0.747043132782,-0.00191437173635,0.0224849600345,-0.62399572134,-0.781101942062
-0.571140646935,-0.161945596337,0.747055053711,-0.00183170044329,0.0225989352912,-0.623706936836,-0.781329452991
-0.571109592915,-0.162739515305,0.747318565845,-0.000202985407668,0.0224716532975,-0.623160898685,-0.781770706177
-0.571083605289,-0.162801861763,0.747313559055,-0.000154398061568,0.0225369539112,-0.623096704483,-0.781820118427
-0.570972979069,-0.162187814713,0.747057557106,-0.00166096258909,0.0229667723179,-0.623217463493,-0.781709551811
-0.570958793163,-0.162245079875,0.747052073479,-0.00161704211496,0.0230030156672,-0.62320047617,-0.781722128391
-0.570943832397,-0.162299573421,0.747047543526,-0.00154458091129,0.0230629164726,-0.623200178146,-0.78172069788
-0.57093924284,-0.162348419428,0.747056543827,-0.00163892051205,0.0231123995036,-0.623216331005,-0.781706213951
-0.571805894375,-0.162776738405,0.747264504433,-0.000212771963561,0.022975968197,-0.624606072903,-0.780601918697
-0.571676969528,-0.162366017699,0.747053325176,-0.00167553126812,0.0232329592109,-0.62525755167,-0.780070781708
-0.571784973145,-0.162859618664,0.747279524803,-0.000285171350697,0.0231158416718,-0.624664664268,-0.780550897121
-0.571649491787,-0.162451475859,0.747025489807,-0.00155548937619,0.0233258344233,-0.625312328339,-0.780024349689
-0.571638405323,-0.162486985326,0.747012317181,-0.00149414071348,0.0233701411635,-0.625356078148,-0.779988110065
-0.571749925613,-0.162974387407,0.747243463993,-6.64159742882e-05,0.0232570301741,-0.624763011932,-0.78046810627
-0.571717619896,-0.163014352322,0.747185766697,0.000250522163697,0.0232688393444,-0.624812960625,-0.780427634716
-0.571572244167,-0.163257271051,0.747209310532,0.000574073870666,0.0233046133071,-0.625079095364,-0.780213236809
-0.571588277817,-0.163258016109,0.747237801552,0.000457205809653,0.0234471354634,-0.625132501125,-0.780166268349
-0.570988953114,-0.163113236427,0.747157454491,0.000446486199507,0.0234887078404,-0.62298566103,-0.781880438328
-0.571004748344,-0.163135975599,0.747139811516,0.000565553084016,0.0236207228154,-0.623038709164,-0.781834065914
-0.571018099785,-0.163136154413,0.747128367424,0.000635922770016,0.0237579736859,-0.62309139967,-0.781787931919
-0.571041166782,-0.163128733635,0.747115731239,0.000686760409735,0.0238194484264,-0.623180866241,-0.781714618206
-0.572655022144,-0.16330729425,0.746871650219,0.000592994038016,0.0227750688791,-0.62674421072,-0.778891861439
-0.572531342506,-0.163526386023,0.746924042702,0.000898990139831,0.0229215528816,-0.627076208591,-0.778620123863
-0.572707772255,-0.163291841745,0.746881604195,0.000665705243591,0.0230410601944,-0.626997828484,-0.778679966927
-0.572562336922,-0.16351377964,0.746904432774,0.000979568227194,0.0232569742948,-0.627387404442,-0.778359353542
-0.572722196579,-0.16326700151,0.746876299381,0.000764918222558,0.0234061405063,-0.627319812775,-0.778409600258
-0.572669863701,-0.162826061249,0.746623814106,-0.000545094138943,0.0236064624041,-0.628154754639,-0.777730166912
-0.572833061218,-0.163253039122,0.746865391731,0.000759191811085,0.0234901811928,-0.627721071243,-0.778083562851
-0.572903513908,-0.163256257772,0.746860265732,0.000799691362772,0.0235571693629,-0.627954900265,-0.777892768383
-0.572792649269,-0.163499757648,0.746913552284,0.0011271154508,0.023605203256,-0.628413379192,-0.777520596981
-0.572844386101,-0.1634875983,0.746909856796,0.00111202104017,0.0236300751567,-0.628675401211,-0.777307987213
-0.572869718075,-0.162762969732,0.746589124203,-0.000437493727077,0.0238701887429,-0.629515171051,-0.776621341705
-0.572935402393,-0.162765681744,0.746562361717,-0.000511243531946,0.0238738376647,-0.629911005497,-0.776300251484
-0.573031306267,-0.162735700607,0.746600747108,-0.000794724037405,0.023963034153,-0.630319416523,-0.775965571404
-0.573067426682,-0.162747085094,0.746603965759,-0.000572104821913,0.0239476654679,-0.630829274654,-0.775551855564
-0.573115289211,-0.162757441401,0.746605157852,-0.000484575342853,0.0239856056869,-0.631305992603,-0.775162696838
-0.573143959045,-0.162768155336,0.746618270874,-0.000420054333517,0.0240184143186,-0.631722688675,-0.774822175503
-0.573127985001,-0.162723913789,0.746629297733,-0.000460980081698,0.0241900328547,-0.632259786129,-0.774378657341
-0.573119521141,-0.163497850299,0.746986687183,0.00149519101251,0.0241410918534,-0.63218832016,-0.774437129498
-0.57311218977,-0.163471251726,0.747000336647,0.00148312083911,0.0243374314159,-0.632651090622,-0.774053096771
-0.573200702667,-0.163191646338,0.746961951256,0.000927962828428,0.0245288033038,-0.632902801037,-0.773842096329
-0.573213815689,-0.163203909993,0.746963977814,0.000937511038501,0.0247175935656,-0.633530795574,-0.773321926594
-0.573330760002,-0.163206636906,0.746925354004,0.000917543715332,0.024816641584,-0.634370148182,-0.772630512714
-0.573394417763,-0.163131967187,0.746892988682,0.000839512154926,0.0248398017138,-0.635181903839,-0.771962583065
-0.573435723782,-0.163106322289,0.74692094326,0.000823403708637,0.024860067293,-0.636017918587,-0.771273374557
-0.573477268219,-0.163065105677,0.746905565262,0.00084357149899,0.0249103121459,-0.636832296848,-0.770599424839
-0.573505282402,-0.16307862103,0.746936380863,0.000851389369927,0.0248359851539,-0.637481570244,-0.77006483078
-0.572513341904,-0.162879690528,0.7470241189,0.000888836744707,0.0253606978804,-0.636126101017,-0.771167755127
-0.572437167168,-0.162364214659,0.746771395206,-0.000592132564634,0.0256361998618,-0.637634932995,-0.769911825657
-0.572568774223,-0.162828654051,0.747035980225,0.000884947075974,0.0255850143731,-0.637659192085,-0.769893109798
-0.572594881058,-0.162817031145,0.747036516666,0.000901355349924,0.0256819203496,-0.638370990753,-0.769299805164
-0.572595059872,-0.162770211697,0.74704939127,0.000905040011276,0.0258107185364,-0.6390863657,-0.768701314926
-0.572416365147,-0.162214174867,0.746827304363,-0.000450890773209,0.0261137355119,-0.64061486721,-0.767418086529
-0.572518050671,-0.162213414907,0.746698141098,-0.000294435449177,0.0259325522929,-0.641732513905,-0.766489982605
-0.57245194912,-0.162968531251,0.747058033943,0.00169825670309,0.0258732885122,-0.64192533493,-0.766328632832
-0.57251316309,-0.162040174007,0.746708035469,-0.00054347096011,0.0262932982296,-0.643166780472,-0.765274465084
-0.572534680367,-0.161952644587,0.746750235558,-0.000826022878755,0.0265100914985,-0.643874466419,-0.764671325684
-0.572460412979,-0.162675350904,0.747189700603,0.00130212993827,0.0264897234738,-0.643981814384,-0.764581024647
-0.572584033012,-0.162241354585,0.747108638287,0.000639413483441,0.0266646072268,-0.644484579563,-0.764151990414
-0.572311639786,-0.162470698357,0.747173130512,0.00119150883984,0.02684629336,-0.64541053772,-0.763363063335
-0.572406411171,-0.162118792534,0.74710637331,0.000863931258209,0.027022395283,-0.64587187767,-0.762966930866
-0.572374403477,-0.162045150995,0.747114658356,0.000912472780328,0.0271412357688,-0.646482110023,-0.762445747852
-0.572189092636,-0.162243843079,0.747199296951,0.00128615275025,0.027161102742,-0.647291481495,-0.761757433414
-0.572332620621,-0.16153486073,0.746926784515,-0.000689940410666,0.0271146912128,-0.648546457291,-0.760691642761
-0.572363853455,-0.161295294762,0.746900558472,-0.000847571995109,0.0271733440459,-0.649413228035,-0.759949624538
-0.572344839573,-0.161169946194,0.746927857399,-0.000989537802525,0.0273390337825,-0.650007665157,-0.759435117245
-0.572259545326,-0.160990744829,0.746926903725,-0.00105565809645,0.0276402272284,-0.650708496571,-0.758823752403
-0.572110176086,-0.160905614495,0.746960043907,-0.000925025320612,0.0277430340648,-0.651446640491,-0.758186578751
-0.572151124477,-0.161289840937,0.747263729572,0.000457345537143,0.0277371518314,-0.651412904263,-0.758216142654
-0.571832597256,-0.161410421133,0.747343301773,0.00079342618119,0.0279777403921,-0.652290344238,-0.757452249527
-0.571905910969,-0.161025598645,0.747325897217,0.000373118760763,0.0281415246427,-0.652777731419,-0.757026612759
-0.57179415226,-0.160908728838,0.747348070145,0.000378285680199,0.0282536819577,-0.653406023979,-0.756480157375
-0.57171612978,-0.160775974393,0.747346043587,0.000212182916584,0.0283387731761,-0.654014885426,-0.755950689316
-0.57140392065,-0.160947874188,0.747472763062,0.000705522834323,0.0285680498928,-0.654900670052,-0.755174517632
-0.571313738823,-0.160083889961,0.747167527676,-0.00122545601334,0.0287836715579,-0.656160950661,-0.754070818424
-0.571216106415,-0.15989997983,0.747209370136,-0.00136044132523,0.0289027616382,-0.656924545765,-0.753400981426
-0.571092367172,-0.159743160009,0.747195124626,-0.00137396075297,0.0289909914136,-0.657883822918,-0.752559959888
-0.571934938431,-0.160344272852,0.747416317463,0.000285684451228,0.028872769326,-0.659842252731,-0.750849187374
-0.57161450386,-0.159718722105,0.747188806534,-0.00116140057798,0.029186822474,-0.661337673664,-0.749519407749
-0.57058930397,-0.159439325333,0.747210085392,-0.00114386191126,0.0297965984792,-0.660028338432,-0.750648677349
-0.570439577103,-0.159356504679,0.747235715389,-0.00113699049689,0.0299570970237,-0.660746634007,-0.750010073185
-0.570336520672,-0.159709393978,0.747502088547,0.000306872825604,0.0300596281886,-0.660887479782,-0.749882698059
-0.570088863373,-0.159653782845,0.747556209564,0.000322215957567,0.0300241857767,-0.661943614483,-0.748952031136
-0.569840312004,-0.159857645631,0.747496664524,0.000620037491899,0.0293459091336,-0.663026809692,-0.748020112514
-0.569538831711,-0.159018069506,0.747357487679,-0.000728920276742,0.0303649902344,-0.664443314075,-0.7467212677
-0.569405078888,-0.158894509077,0.747346878052,-0.000657767988741,0.0304584987462,-0.665216565132,-0.746028780937
-0.569290459156,-0.158829420805,0.747301697731,-0.000492491933983,0.030245596543,-0.666151642799,-0.745202600956
-0.568978905678,-0.158749014139,0.747299075127,-0.00023577149841,0.0305519998074,-0.667160689831,-0.744287014008
-0.569624662399,-0.158789351583,0.747224748135,2.35815168708e-05,0.0306083448231,-0.670303463936,-0.741455674171
-0.569446444511,-0.159336090088,0.747503519058,0.00176967179868,0.0306779854,-0.67068451643,-0.74110609293
-0.569308996201,-0.15903288126,0.747482538223,0.00199010595679,0.0309353787452,-0.671307444572,-0.740530490875
-0.569007694721,-0.158997476101,0.747471749783,0.00247036130168,0.031092248857,-0.67234736681,-0.73957836628
-0.568707346916,-0.158429980278,0.747211933136,0.00133206322789,0.031237911433,-0.674045026302,-0.738028347492
-0.568524122238,-0.158322185278,0.747187316418,0.0014953414211,0.0312742330134,-0.67481559515,-0.737321972847
-0.568495333195,-0.158675298095,0.747376441956,0.003056100104,0.0311145633459,-0.675119996071,-0.737045168877
-0.568156063557,-0.158047795296,0.747106492519,0.00199989345856,0.0312070194632,-0.676915109158,-0.735396564007
-0.567818403244,-0.15860491991,0.747372210026,0.00402240781114,0.0314010493457,-0.677239596844,-0.735081255436
-0.56771671772,-0.158258482814,0.747331023216,0.00428195856512,0.0316168740392,-0.677889287472,-0.734471321106
-0.567547380924,-0.158120080829,0.747326254845,0.00463695731014,0.0315955467522,-0.678578019142,-0.733833909035
-0.567324221134,-0.157920539379,0.747342407703,0.00495854346082,0.0317824110389,-0.679324030876,-0.733133137226
-0.566935420036,-0.157298415899,0.747077584267,0.00407525198534,0.0319555290043,-0.68102824688,-0.731548309326
-0.566848874092,-0.157542616129,0.747376441956,0.00579167064279,0.0320803113282,-0.68116402626,-0.731404781342
-0.566488146782,-0.156814515591,0.74708533287,0.00466058030725,0.0325125604868,-0.68254417181,-0.730105936527
-0.565703868866,-0.156943798065,0.74733877182,0.00616408651695,0.0323906540871,-0.680653989315,-0.731862723827
-0.565545916557,-0.15672403574,0.747353374958,0.00640991516411,0.0324679426849,-0.681301653385,-0.731254220009
-0.566303014755,-0.156605988741,0.747292816639,0.00685475254431,0.0323440209031,-0.684356093407,-0.728398025036
-0.565952718258,-0.156529009342,0.747373819351,0.0075882175006,0.0326115190983,-0.685183525085,-0.727600574493
-0.565832555294,-0.155523955822,0.747126400471,0.00608944287524,0.0329065695405,-0.686357796192,-0.726493775845
-0.565682172775,-0.155217319727,0.747130155563,0.0063349166885,0.0331403017044,-0.68688762188,-0.725980103016
-0.565698266029,-0.155349582434,0.747396886349,0.0079422686249,0.0331318341196,-0.686839699745,-0.726010024548
-0.564626038074,-0.154434859753,0.747130990028,0.00688816513866,0.0331028364599,-0.685887157917,-0.726922035217
-0.564628362656,-0.154486492276,0.747434616089,0.00850514229387,0.0332798846066,-0.685772299767,-0.727005124092
-0.565420627594,-0.154209062457,0.747378826141,0.00874573923647,0.0333037860692,-0.688442826271,-0.724472761154
-0.565383434296,-0.153832897544,0.747402489185,0.00888346415013,0.0334293879569,-0.6889950037,-0.723940253258
-0.564377307892,-0.152875840664,0.747244417667,0.00759087409824,0.0335904508829,-0.688154935837,-0.724746108055
-0.564336895943,-0.152473837137,0.747316777706,0.00769678782672,0.0337827093899,-0.688627004623,-0.724287629128
-0.564253866673,-0.152007460594,0.747416615486,0.00785462278873,0.03407125175,-0.689161598682,-0.723763585091
-0.564197897911,-0.151568368077,0.747459828854,0.00792469736189,0.0342349112034,-0.68969643116,-0.723245561123
-0.565058290958,-0.151914477348,0.74768781662,0.00958361010998,0.0340006724,-0.691863894463,-0.721163392067
-0.5652115345,-0.151176065207,0.747660338879,0.00951884314418,0.0341087728739,-0.692463815212,-0.720582962036
-0.565046429634,-0.150265052915,0.747489869595,0.00854405015707,0.0344222411513,-0.693610429764,-0.719476759434
-0.565046668053,-0.149765133858,0.747547268867,0.00845033861697,0.0347105376422,-0.693925261497,-0.719160318375
-0.565117299557,-0.149246066809,0.747609376907,0.00833906792104,0.0346797816455,-0.694521963596,-0.718586921692
-0.56515109539,-0.148674339056,0.747664153576,0.00832436606288,0.0348064191639,-0.695301115513,-0.717827022076
-0.56519973278,-0.148176193237,0.747768044472,0.0083237644285,0.0350631959736,-0.695942163467,-0.717193067074
-0.564359486103,-0.147564172745,0.747832715511,0.00807584170252,0.0349193625152,-0.694218277931,-0.718871712685
-0.564433693886,-0.147499322891,0.748177170753,0.00943521782756,0.0350057967007,-0.694001615047,-0.719060003757
-0.564452707767,-0.146956712008,0.748249292374,0.00937608256936,0.0350377447903,-0.694492399693,-0.718585371971
-0.565321087837,-0.146553292871,0.748258292675,0.00951134692878,0.0349771566689,-0.697298467159,-0.715863764286
-0.565340280533,-0.146006643772,0.748347043991,0.00947922468185,0.0349949523807,-0.69777995348,-0.715394020081
-0.564451098442,-0.145326822996,0.748445510864,0.00960030965507,0.0348378196359,-0.696151137352,-0.716985225677
-0.564514756203,-0.144755750895,0.748558998108,0.0094913514331,0.0348248817027,-0.696713685989,-0.716440737247
-0.565408408642,-0.144289284945,0.748512864113,0.00947711523622,0.0346506722271,-0.699597895145,-0.713633239269
-0.565433859825,-0.143715828657,0.748516976833,0.00937807187438,0.0345887690783,-0.700172841549,-0.713073432446
-0.564512252808,-0.142905592918,0.748627185822,0.00927691254765,0.0353789031506,-0.698287248611,-0.714882791042
-0.564580798149,-0.142378270626,0.748713612556,0.0092089176178,0.0355426780879,-0.698818087578,-0.714356482029
-0.565273940563,-0.141831219196,0.748769640923,0.00944337248802,0.035380102694,-0.701358795166,-0.711867332458
-0.56531816721,-0.141267895699,0.748825073242,0.00949189066887,0.0349536649883,-0.702255487442,-0.711003124714
-0.565289855003,-0.140602171421,0.748761534691,0.0097984354943,0.0349599793553,-0.703076243401,-0.710187017918
-0.565077543259,-0.139547407627,0.748566746712,0.00841581635177,0.0352800153196,-0.704130828381,-0.709143519402
-0.565124034882,-0.13935393095,0.748843669891,0.00988239049911,0.0352758131921,-0.703903257847,-0.709350585938
-0.565162777901,-0.138684362173,0.748878359795,0.00997102167457,0.0354128181934,-0.704611420631,-0.708639204502
-0.564906716347,-0.13750448823,0.748653709888,0.00865627918392,0.0358944609761,-0.705726861954,-0.707521319389
-0.56485581398,-0.136846452951,0.748687267303,0.00875256117433,0.0357451587915,-0.706011235714,-0.707243859768
-0.564946889877,-0.136621713638,0.748928368092,0.0103967832401,0.0356210172176,-0.705952465534,-0.707286536694
-0.564848005772,-0.136016517878,0.748981654644,0.0106656355783,0.0356504023075,-0.706338465214,-0.706895530224
-0.564743280411,-0.134805351496,0.748774170876,-0.00913377013057,-0.0357779897749,0.707484424114,0.705763816833
-0.563756465912,-0.134004950523,0.748882591724,0.0091808848083,0.0359185002744,-0.705600380898,-0.707639634609
-0.56397163868,-0.133412748575,0.748752653599,0.00932540744543,0.0350337475538,-0.706074953079,-0.707208573818
-0.564556360245,-0.132524445653,0.748834729195,-0.00957520399243,-0.0359586887062,0.708657681942,0.704570531845
-0.563561677933,-0.132169678807,0.749267697334,0.0110383378342,0.0360368341208,-0.70608651638,-0.707121729851
-0.563561558723,-0.130992770195,0.7488899827,-0.00959319714457,-0.03510055691,0.707387328148,0.705888867378
-0.56420570612,-0.130227774382,0.749115824699,-0.00985015369952,-0.0359718427062,0.709658622742,0.703557789326
-0.56413346529,-0.129472583532,0.749138474464,-0.0102448016405,-0.0358053334057,0.710111379623,0.703103840351
-0.56340187788,-0.129107519984,0.74936747551,-0.0116549944505,-0.034798361361,0.707537353039,0.70572245121
-0.563920021057,-0.128235653043,0.749517560005,-0.0119114136323,-0.0362017676234,0.709982037544,0.703187823296
-0.562834143639,-0.126838505268,0.749368131161,-0.0104161771014,-0.0362208485603,0.708778917789,0.704423189163
-0.562716841698,-0.125978395343,0.749425590038,-0.0106253689155,-0.0359661057591,0.708866596222,0.704344928265
-0.56334900856,-0.125148907304,0.74946141243,-0.0109200617298,-0.0361899957061,0.711426615715,0.701742947102
-0.563311219215,-0.124187842011,0.749363422394,-0.0105181345716,-0.0360702648759,0.711966633797,0.701207518578
-0.563218891621,-0.123801037669,0.749844431877,-0.0127280596644,-0.0361624546349,0.711170196533,0.701973855495
-0.562912464142,-0.122445106506,0.749603450298,-0.0117012094706,-0.0362113155425,0.712156653404,0.700988352299
-0.562736034393,-0.121414400637,0.749691784382,-0.0116043332964,-0.0364617109299,0.712283611298,0.70084810257
-0.562613785267,-0.12094925344,0.7500436306,-0.0132011193782,-0.0363455340266,0.711595952511,0.701524078846
-0.561589062214,-0.11942858994,0.749610483646,-0.0118020912632,-0.0353818796575,0.710394382477,0.702814817429
-0.561344742775,-0.118454478681,0.74967455864,-0.0118134887889,-0.0354849286377,0.710493326187,0.702709555626
-0.5620033741,-0.117906153202,0.750207066536,-0.0136006325483,-0.0362953580916,0.712099432945,0.701007962227
-0.561709702015,-0.116360023618,0.749934673309,-0.0123747931793,-0.0363108552992,0.713054299355,0.700058579445
-0.561421751976,-0.115349493921,0.750042915344,-0.0124013330787,-0.0364596582949,0.712972164154,0.700133979321
-0.561328470707,-0.114694945514,0.750462770462,-0.0137525051832,-0.0363640226424,0.712484419346,0.700610220432
-0.561021149158,-0.113219738007,0.750200271606,-0.0124812433496,-0.0363181754947,0.713376939297,0.699727654457
-0.560810804367,-0.112520873547,0.750506103039,-0.0140245100483,-0.0367287881672,0.712941586971,0.700120568275
-0.560596823692,-0.111392833292,0.750666201115,-0.01381170284,-0.03664746508,0.712945997715,0.700124502182
-0.560197353363,-0.110234722495,0.750755786896,-0.0142329260707,-0.0368983745575,0.712976694107,0.700071692467
-0.558957219124,-0.108628123999,0.750665783882,-0.0128885312006,-0.0369174852967,0.711939752102,0.701151192188
-0.560602545738,-0.107714287937,0.750693321228,-0.0126897580922,-0.0367262326181,0.712486088276,0.70060968399
-0.560259461403,-0.106480337679,0.750848412514,-0.0127965426072,-0.0368977971375,0.713071763515,0.700002610683
-0.559857428074,-0.105276428163,0.75100761652,-0.0128964520991,-0.037043120712,0.713180303574,0.699882507324
-0.559822559357,-0.104038849473,0.751026988029,-0.0125891054049,-0.0370878763497,0.713653862476,0.699402689934
-0.55855846405,-0.102737367153,0.751158297062,-0.012543621473,-0.0372817516327,0.711372554302,0.701713502407
-0.5592841506,-0.101601138711,0.751303434372,-0.0127887688577,-0.0371949411929,0.714197397232,0.698838412762
-0.558109521866,-0.100225329399,0.751311302185,-0.012363197282,-0.0373215898871,0.712107002735,0.700969219208
-0.558686673641,-0.0990358069539,0.751337528229,-0.012867519632,-0.0375277735293,0.714830517769,0.698171615601
-0.55795019865,-0.0978035926819,0.751727938652,-0.013948969543,-0.0375864878297,0.715973854065,0.696975052357
-0.556757569313,-0.0964708179235,0.752213478088,-0.015967072919,-0.0379004776478,0.718053817749,0.694771468639
-0.55735707283,-0.0947156399488,0.751350343227,-0.0115744061768,-0.0377622805536,0.717510342598,0.695427179337
-0.557002842426,-0.0934651941061,0.751476347446,-0.0116674816236,-0.0377198718488,0.718356490135,0.694553911686
-0.556654214859,-0.0922120809555,0.751558661461,-0.0119092939422,-0.0379656143486,0.71915024519,0.693714499474
-0.556294083595,-0.0911838263273,0.752021551132,-0.0144721474499,-0.0377021320164,0.719524562359,0.693291842937
-0.555886387825,-0.0899023711681,0.752183139324,-0.0145467612892,-0.0381639376283,0.719921827316,0.692852437496
-0.556130409241,-0.088150754571,0.751623392105,-0.0115716299042,-0.038042280823,0.720995783806,0.691797614098
-0.555339157581,-0.0872485339642,0.752247095108,-0.0149437207729,-0.0383369810879,0.721382439137,0.691313683987
-0.554847478867,-0.0854804366827,0.751593530178,-0.0118414089084,-0.0373406745493,0.71990942955,0.69296169281
-0.554363310337,-0.0841200128198,0.751848757267,-0.0122199123725,-0.0382264815271,0.720494508743,0.692298471928
-0.554982662201,-0.0828749760985,0.751877069473,-0.0124976644292,-0.0383347347379,0.723733246326,0.688900947571
-0.553789258003,-0.0814659446478,0.752015471458,-0.0125430505723,-0.0383886769414,0.72203630209,0.69067543745
-0.55423271656,-0.0802607610822,0.752062678337,-0.0133641604334,-0.0384804084897,0.725078344345,0.687460660934
-0.553799748421,-0.0791898965836,0.752572536469,-0.0157258938998,-0.0383313782513,0.725876748562,0.686575949192
-0.553575992584,-0.0778726711869,0.752604365349,-0.0158844031394,-0.0384545736015,0.726648330688,0.685748696327
-0.553305804729,-0.0765385776758,0.752577185631,-0.0160598997027,-0.0383888147771,0.727350890636,0.685003042221
-0.552991330624,-0.0751868486404,0.752615451813,-0.015912912786,-0.0378390625119,0.727821409702,0.684537172318
-0.552743494511,-0.0738098025322,0.752737998962,-0.0162790343165,-0.0387765578926,0.72858196497,0.683666408062
-0.55316054821,-0.0720911473036,0.752108991146,-0.0135435536504,-0.0381712168455,0.729248940945,0.683048844337
-0.552152633667,-0.0708104297519,0.752082109451,-0.0136205954477,-0.0373945720494,0.727854609489,0.684575736523
-0.55263710022,-0.0693562105298,0.752260327339,-0.014304600656,-0.0386011898518,0.730706572533,0.681449472904
-0.552447915077,-0.0681459009647,0.752344369888,-0.014548025094,-0.0382795780897,0.731572508812,0.680532693863
-0.55187267065,-0.0670697614551,0.752782702446,-0.0174073241651,-0.0385662913322,0.732464134693,0.679489552975
-0.551692128181,-0.0657302886248,0.752800405025,-0.0175120830536,-0.0387352146208,0.733059346676,0.678835093975
-0.551539719105,-0.0644121915102,0.752884089947,-0.01753853634,-0.0385660305619,0.733586907387,0.67827385664
-0.551891446114,-0.0626626461744,0.752202391624,-0.0148632256314,-0.0382671877742,0.73444467783,0.677425801754
-0.551377356052,-0.0617294982076,0.752788901329,-0.0175551138818,-0.0386605001986,0.734725892544,0.677034199238
-0.551501631737,-0.0600147992373,0.75229382515,-0.0154802463949,-0.0380683466792,0.735908329487,0.675832927227
-0.550782799721,-0.0585385411978,0.752386689186,-0.0161536168307,-0.0377327725291,0.737139940262,0.674492537975
-0.549867987633,-0.0569694265723,0.752833902836,-0.01768287085,-0.038559474051,0.739250421524,0.672093272209
-0.549681782722,-0.0557441785932,0.752866625786,-0.0182951036841,-0.0381752438843,0.740168571472,0.671087563038
-0.549650609493,-0.0543565750122,0.75277286768,-0.0177429206669,-0.0381649583578,0.741007626057,0.670176327229
-0.549759864807,-0.0530762076378,0.752644240856,-0.0172391887754,-0.0381094403565,0.742032408714,0.669057905674
-0.549837887287,-0.0511878952384,0.752129912376,-0.0163466818631,-0.0360917262733,0.743414640427,0.667656302452
-0.549522340298,-0.0505703277886,0.752855181694,-0.0178239028901,-0.037951592356,0.743332266808,0.667607069016
-0.549316763878,-0.0490721836686,0.752813994884,-0.0177384670824,-0.0380289666355,0.74382853508,0.667051970959
-0.54914700985,-0.0478830859065,0.75296074152,-0.0187101010233,-0.0379950478673,0.744592905045,0.666173994541
-0.549142599106,-0.0465515181422,0.752916932106,-0.0183005761355,-0.0376929827034,0.745369553566,0.665333390236
-0.548877716064,-0.0453069992363,0.752797365189,-0.0187484230846,-0.0378928147256,0.746089458466,0.664502322674
-0.549426794052,-0.0435399934649,0.752037584782,-0.0165879502892,-0.0358355045319,0.747332811356,0.663275539875
-0.548993110657,-0.0429340302944,0.752761125565,-0.0187239851803,-0.0378985144198,0.747129142284,0.663333415985
-0.548874914646,-0.0417116507888,0.752664923668,-0.018790949136,-0.0375811681151,0.747764110565,0.662633836269
-0.548773169518,-0.0405684784055,0.752785861492,-0.0192839745432,-0.0374894142151,0.748027443886,0.662327408791
-0.549385070801,-0.039151661098,0.752139091492,-0.0180968493223,-0.0352414138615,0.749455332756,0.660868644714
-0.54869300127,-0.0379502847791,0.752253651619,-0.0190921928734,-0.0356255210936,0.750277221203,0.659886777401
-0.548835515976,-0.0377964228392,0.753145694733,-0.0216796323657,-0.0371936783195,0.748743653297,0.661460161209
-0.548739075661,-0.0365059785545,0.752952039242,-0.0214026346803,-0.0370078571141,0.748940587044,0.661256790161
-0.548303127289,-0.035246014595,0.753111243248,-0.0218245647848,-0.037785500288,0.749766886234,0.660261809826
-0.548710107803,-0.0335909575224,0.752443432808,-0.0201818495989,-0.0351832360029,0.751985311508,0.657930850983
-0.548244357109,-0.0330239087343,0.753109335899,-0.0221753492951,-0.0374262332916,0.750747263432,0.659155607224
-0.548282146454,-0.0316708013415,0.752993822098,-0.0214285459369,-0.0374431163073,0.751448810101,0.658379495144
-0.548188507557,-0.0306457132101,0.753163456917,-0.0215116012841,-0.0371983647346,0.751451015472,0.658388078213
-0.548082232475,-0.0294419713318,0.753120422363,-0.0217007137835,-0.0364700295031,0.752556502819,0.657158851624
-0.548076868057,-0.0282623581588,0.753022134304,-0.0209543891251,-0.0366319641471,0.752843737602,0.656845152378
-0.548168182373,-0.0270676389337,0.753079354763,-0.020766671747,-0.0361470393836,0.753426611423,0.656209290028
-0.54801094532,-0.0260109864175,0.753056049347,-0.0210936460644,-0.0361936464906,0.753607392311,0.655988574028
-0.548373222351,-0.0244637932628,0.75243473053,-0.0194029249251,-0.0344112105668,0.75429213047,0.655349373817
-0.547960996628,-0.0236738882959,0.753058075905,-0.020555626601,-0.0359994843602,0.753876209259,0.655707478523
-0.547807574272,-0.0224654916674,0.75296330452,-0.0204076841474,-0.0360393859446,0.754226982594,0.655306398869
-0.547812700272,-0.0212718453258,0.75299268961,-0.0199206396937,-0.0359283424914,0.754644930363,0.654846191406
-0.547699928284,-0.0201380774379,0.753012955189,-0.0197243951261,-0.0358962491155,0.754850804806,0.65461653471
-0.546697974205,-0.0187652241439,0.753407120705,-0.0199882816523,-0.0373057723045,0.753242731094,0.656379640102
-0.546531558037,-0.0173331387341,0.753486931324,-0.0194696485996,-0.0379051975906,0.753578484058,0.655975341797
-0.546904861927,-0.0169341471046,0.75269973278,-0.0185502655804,-0.0338729768991,0.753238379955,0.656612932682
-0.54674911499,-0.0158682074398,0.752629339695,-0.0186842679977,-0.0337808765471,0.753646552563,0.656145215034
-0.546513676643,-0.0146258790046,0.752789139748,-0.0186081565917,-0.0347425378859,0.75381821394,0.655900061131
-0.546550691128,-0.013642475009,0.752784013748,-0.0185443814844,-0.0343020632863,0.75410592556,0.655594229698
-0.547546505928,-0.0124145932496,0.752778828144,-0.0185113176703,-0.0349097959697,0.757331132889,0.651834487915
-0.546353638172,-0.0114436075091,0.752826571465,-0.0184845793992,-0.0346101075411,0.754554927349,0.655062973499
-0.546358585358,-0.0103071443737,0.752745985985,-0.0181019119918,-0.0344207510352,0.754796087742,0.654805660248
-0.546303510666,-0.00936523452401,0.752729535103,-0.0182432662696,-0.034241117537,0.754832327366,0.654769420624
-0.546240031719,-0.00832138210535,0.752724170685,-0.0181480515748,-0.0343653857708,0.754931688309,0.654651045799
-0.546321392059,-0.0072867795825,0.752675056458,-0.0177419222891,-0.0340954959393,0.755109608173,0.654471099377
-0.546226620674,-0.00616860762239,0.752562761307,-0.0175969321281,-0.0339714810252,0.755231380463,0.654340744019
-0.546170532703,-0.00523122772574,0.752561450005,-0.0173895396292,-0.033899538219,0.755421519279,0.654130578041
-0.546169221401,-0.00414880923927,0.752515614033,-0.0170801989734,-0.0339978560805,0.755543410778,0.653992772102
-0.546093702316,-0.00324337743223,0.752455234528,-0.0169888753444,-0.0338308289647,0.755561590195,0.653982877731
-0.546106219292,-0.00227331370115,0.752457857132,-0.0165130402893,-0.0336387380958,0.755659937859,0.653891265392
-0.546096324921,-0.00116180628538,0.752403557301,-0.0166238676757,-0.0337461270392,0.756023287773,0.653462767601
-0.546024978161,-0.0003083627671,0.752417445183,-0.0166657157242,-0.0334426946938,0.755935072899,0.653579413891
-0.546003043652,0.000630965456367,0.752378940582,-0.0162051692605,-0.0333659015596,0.756140887737,0.653356730938
-0.546054363251,0.00154864788055,0.75233232975,-0.0162836182863,-0.0333110466599,0.756201207638,0.653287768364
-0.545911848545,0.00238174386322,0.752343952656,-0.0165285430849,-0.0329827591777,0.756509423256,0.652941405773
-0.545989751816,0.00339489616454,0.752297997475,-0.0162589158863,-0.0330746285617,0.756478726864,0.652979075909
-0.546052873135,0.00435152463615,0.752243697643,-0.0159052610397,-0.0330023244023,0.756619334221,0.652828574181
-0.546037495136,0.00532769598067,0.75220566988,-0.0159018933773,-0.0329722799361,0.756823003292,0.652594029903
-0.546037912369,0.00619796663523,0.752209246159,-0.0157335009426,-0.0332130081952,0.757004737854,0.652375102043
-0.546032786369,0.00701893307269,0.752099633217,-0.0156175047159,-0.0327240489423,0.756852209568,0.65257948637
-0.546132087708,0.00779566727579,0.752154052258,-0.015511777252,-0.0322716832161,0.757204413414,0.652195870876
-0.54607540369,0.00881112925708,0.752003908157,-0.0155154587701,-0.0326146073639,0.756928086281,0.652499496937
-0.546225845814,0.00970903225243,0.752043068409,-0.0152009641752,-0.0323943309486,0.756852328777,0.6526055336
-0.546252787113,0.0105827581137,0.751910448074,-0.0151125770062,-0.0325164161623,0.756936192513,0.652504384518
-0.546307682991,0.011451208964,0.751907646656,-0.0149484351277,-0.0324769020081,0.756905794144,0.652545452118
-0.54626172781,0.012298990041,0.751912236214,-0.0146201774478,-0.032613620162,0.756826996803,0.652637422085
-0.546371340752,0.0132359098643,0.751803278923,-0.0147114219144,-0.0322934873402,0.756762385368,0.652726113796
-0.54626250267,0.014053331688,0.751715481281,-0.0147309983149,-0.0327286571264,0.756529033184,0.65297460556
-0.546449482441,0.0149020235986,0.751691222191,-0.0145910931751,-0.03218119964,0.756416618824,0.653135001659
-0.546460688114,0.0156112089753,0.751678347588,-0.0144827486947,-0.03181861341,0.756458759308,0.65310639143
-0.546503305435,0.0165066719055,0.751649320126,-0.0145841361955,-0.0318299271166,0.756065070629,0.653559446335
-0.546625494957,0.0172174759209,0.751592159271,-0.0144709050655,-0.0315269567072,0.755985856056,0.653668344021
-0.546639919281,0.0181382764131,0.751503527164,-0.0142494505271,-0.031494744122,0.755795121193,0.653895258904
-0.546694517136,0.0189685933292,0.75142121315,-0.0141587173566,-0.03180250898,0.755494773388,0.654229283333
-0.546734333038,0.0197470840067,0.751419425011,-0.0141701698303,-0.0318516269326,0.75524109602,0.654519379139
-0.546911120415,0.0205986034125,0.751398921013,-0.0140035841614,-0.0316319912672,0.755174517632,0.654610514641
-0.546906888485,0.0213596764952,0.751335978508,-0.0141297904775,-0.0314972922206,0.754873394966,0.654961407185
-0.547017335892,0.0221108365804,0.751363992691,-0.0137617737055,-0.0314285047352,0.754648327827,0.655232012272
-0.54715949297,0.0228487253189,0.751314163208,-0.0135585721582,-0.0313852950931,0.754388809204,0.655536949635
-0.547288179398,0.0236545465887,0.751241207123,-0.0134448697791,-0.0311233792454,0.754166305065,0.655807852745
-0.5473549366,0.0243513286114,0.75124925375,-0.0132923349738,-0.0311672389507,0.754064321518,0.65592610836
-0.547423839569,0.0252971351147,0.751237034798,-0.0130260717124,-0.0313944555819,0.753885269165,0.656126320362
-0.547582089901,0.0259821861982,0.751210272312,-0.0128763783723,-0.0310442913324,0.753744184971,0.656307995319
-0.547655045986,0.0267046950758,0.751148819923,-0.012800517492,-0.0312328413129,0.753500878811,0.6565797925
-0.547801494598,0.0274145063013,0.751102924347,-0.01267089881,-0.0310015641153,0.753371119499,0.656742155552
-0.547881603241,0.0281784776598,0.751125693321,-0.0126432534307,-0.031238598749,0.753205418587,0.656921625137
-0.547933638096,0.0290835294873,0.751132130623,-0.0125927943736,-0.0320082306862,0.753028571606,0.657088220119
-0.548025131226,0.02945580706,0.751002430916,-0.012586440891,-0.0306337978691,0.75281894207,0.657394051552
-0.548238992691,0.0302939042449,0.750966787338,-0.0123227899894,-0.0303814969957,0.752648890018,0.657605409622
-0.548332571983,0.0309761501849,0.750844359398,-0.0122993243858,-0.030315650627,0.752510905266,0.657766759396
-0.548391342163,0.0316580608487,0.750779986382,-0.0123843671754,-0.0303484592587,0.752237081528,0.658076822758
-0.548550188541,0.0323477014899,0.750737309456,-0.0122371753678,-0.0303691718727,0.751950979233,0.658405423164
-0.548754930496,0.0329553484917,0.750689029694,-0.0123391756788,-0.0303984209895,0.751530110836,0.658882558346
-0.548920869827,0.0335827693343,0.750690579414,-0.0127007868141,-0.0300033222884,0.751264870167,0.659196257591
-0.548998713493,0.034321859479,0.750572621822,-0.0124731417745,-0.030348232016,0.751082956791,0.659392058849
-0.549415051937,0.0350659377873,0.750507771969,-0.0123842842877,-0.03038533777,0.750421524048,0.660144627094
-0.549609422684,0.0356646850705,0.750412106514,-0.0124803641811,-0.0300076901913,0.750230550766,0.660377204418
-0.549570679665,0.0362977832556,0.7503490448,-0.01230842527,-0.0302156247199,0.750221312046,0.660381317139
-0.549842119217,0.0369199961424,0.750352144241,-0.0123256510124,-0.0300483256578,0.749792695045,0.660875320435
-0.550115346909,0.0375318340957,0.750237584114,-0.0126831978559,-0.0303860474378,0.749155700207,0.661575138569
-0.550278127193,0.0388170257211,0.749895393848,-0.0110099390149,-0.0300913415849,0.74987244606,0.660806119442
-0.550419807434,0.039440870285,0.749878048897,-0.0110545363277,-0.0298877283931,0.749604701996,0.661118268967
-0.550506711006,0.0398997217417,0.749686777592,-0.0117673249915,-0.0300827156752,0.74923068285,0.661521017551
-0.550692737103,0.0406219102442,0.749662637711,-0.0116190910339,-0.0298112295568,0.748870909214,0.661943078041
-0.550975322723,0.0411300957203,0.749486744404,-0.0115980794653,-0.0289949346334,0.748698413372,0.662174761295
-0.551140964031,0.0417827516794,0.749515533447,-0.0117127271369,-0.0296746976674,0.748524606228,0.66233921051
-0.551274478436,0.04241964221,0.749509572983,-0.0118781067431,-0.0293684992939,0.748259902,0.662649035454
-0.551511764526,0.0430186167359,0.749488949776,-0.0116535276175,-0.029225287959,0.748112857342,0.662825286388
-0.55186778307,0.0430475696921,0.749627172947,-0.013068260625,-0.0294070448726,0.747041583061,0.663998067379
-0.552007496357,0.0437027439475,0.749583542347,-0.0131982080638,-0.0292667075992,0.746840894222,0.664227366447
-0.552201807499,0.0443050563335,0.749538660049,-0.0130976615474,-0.0291359722614,0.746725797653,0.664364516735
-0.552470326424,0.0447926037014,0.749493122101,-0.0130065549165,-0.0290017351508,0.746635496616,0.664473593235
-0.552578508854,0.0455437004566,0.74941778183,-0.0130355423316,-0.0287945047021,0.746612668037,0.664507627487
-0.553840339184,0.0460629612207,0.749162793159,-0.013058735989,-0.0280413813889,0.749209284782,0.661610603333
-0.554090857506,0.0466094501317,0.749110400677,-0.0129264174029,-0.0278139505535,0.749231398106,0.661597728729
-0.55440568924,0.0472016334534,0.749017298222,-0.0128079373389,-0.0279279761016,0.748945653439,0.661918699741
-0.554748654366,0.0479885302484,0.748601317406,-0.0127893732861,-0.025799581781,0.749690532684,0.661161720753
-0.554885745049,0.0486686900258,0.748406112194,-0.0129912281409,-0.026381611824,0.749547421932,0.66129720211
-0.555074512959,0.0493541099131,0.748359799385,-0.0129341818392,-0.0265307258815,0.749532461166,0.661309301853
-0.555312395096,0.0499638952315,0.748300850391,-0.0127797368914,-0.0265962909907,0.749676644802,0.661146223545
-0.555600881577,0.0506699904799,0.748125076294,-0.0126564297825,-0.0263838302344,0.750084340572,0.660694479942
-0.55581343174,0.0513888373971,0.748075902462,-0.0129263242707,-0.0264894198626,0.75003939867,0.660736083984
-0.555990219116,0.0519503578544,0.748029708862,-0.0128492452204,-0.0263321679085,0.750277221203,0.660473763943
-0.556291699409,0.0524568930268,0.747950613499,-0.0126220472157,-0.0264997631311,0.750445008278,0.660280883312
-0.556291520596,0.0534935481846,0.747663140297,-0.0126145547256,-0.0268569160253,0.750553071499,0.660143792629
-0.556485652924,0.054174028337,0.747763037682,-0.0122721409425,-0.0289740581065,0.750464200974,0.660161733627
-0.556755185127,0.0549386441708,0.747264325619,-0.0119043067098,-0.027213934809,0.750310599804,0.660417795181
-0.556982755661,0.0557246357203,0.747514843941,-0.0116524137557,-0.0296213403344,0.750634551048,0.659950435162
-0.557415246964,0.0564915537834,0.747234106064,-0.0105679128319,-0.0296190306544,0.750590324402,0.660019099712
-0.557723760605,0.0573083199561,0.746964454651,-0.0114759225398,-0.02796770446,0.751602649689,0.658923089504
-0.557926297188,0.0581775940955,0.746705412865,-0.0113304415718,-0.0287770424038,0.751652598381,0.658833801746
-0.55858707428,0.0592644289136,0.746243596077,-0.0101700481027,-0.0285813901573,0.752265691757,0.658161103725
-0.559321165085,0.0608458593488,0.745363533497,-0.00615854561329,-0.0288305841386,0.752686738968,0.657718539238
-0.559568226337,0.0616253167391,0.745176851749,-0.00547503493726,-0.0299344751984,0.752075493336,0.658374130726
-0.559540867805,0.0620684400201,0.745550274849,-0.00657074572518,-0.0324071794748,0.751348614693,0.659076750278
-0.558866858482,0.0626216232777,0.745432376862,-0.00619300687686,-0.0335701219738,0.748383998871,0.662386655807
-0.559314250946,0.0635213181376,0.745051562786,-0.00564979668707,-0.034080632031,0.748342812061,0.662411987782
-0.559589028358,0.064320102334,0.744735121727,-0.00519970059395,-0.0349947176874,0.748157262802,0.662577688694
-0.560444414616,0.0652491152287,0.744215965271,-0.00303078559227,-0.0357165783644,0.747849941254,0.662899494171
-0.560618400574,0.0662402808666,0.743877768517,-0.00251460471191,-0.0364275313914,0.747759580612,0.662964820862
-0.561061382294,0.0671510845423,0.743435502052,-0.00146932946518,-0.0370674692094,0.747555673122,0.663162410259
-0.561421513557,0.0681226328015,0.742932975292,-0.000335149583407,-0.0383322387934,0.747204244137,0.663488030434
-0.561866283417,0.0688180476427,0.742613852024,0.000159391667694,-0.0390546247363,0.746768116951,0.663936853409
-0.5624319911,0.0698599219322,0.741975307465,0.00169055140577,-0.0404953025281,0.74587392807,0.664853096008
-0.562800645828,0.0706535726786,0.741607785225,0.00264570582658,-0.040927760303,0.745898425579,0.664795815945
-0.563332498074,0.0716176554561,0.740987062454,0.00465509202331,-0.0422816872597,0.745331585407,0.665335714817
-0.563700914383,0.0724091902375,0.740526199341,0.00552729796618,-0.0432732515037,0.744771063328,0.665892601013
-0.56418967247,0.0731045529246,0.740064620972,0.00636552274227,-0.0441252924502,0.744252622128,0.666408777237
-0.564463973045,0.0739066153765,0.739613652229,0.00724589033052,-0.0451408848166,0.743752121925,0.666890203953
-0.565047979355,0.0746678262949,0.739101707935,0.008718598634,-0.0461384765804,0.742890715599,0.667763948441
-0.565283358097,0.0752981305122,0.73883831501,0.0093089370057,-0.0467783771455,0.742591559887,0.668044269085
-0.565591812134,0.0759204477072,0.738490521908,0.00983123481274,-0.0476594492793,0.741901576519,0.668740510941
-0.565951645374,0.0766050964594,0.738165616989,0.0108962813392,-0.0480829067528,0.741677761078,0.668942093849
-0.566214501858,0.0772797465324,0.737902760506,0.0114080216736,-0.0487872622907,0.741298377514,0.669303059578
-0.566520214081,0.0777249187231,0.737785339355,0.011475966312,-0.0490765012801,0.740684747696,0.66995960474
-0.566794037819,0.0782079547644,0.737668573856,0.011195551604,-0.0494437515736,0.740215480328,0.670455813408
-0.567113041878,0.0787865892053,0.737519145012,0.0116670010611,-0.0494780167937,0.739969313145,0.670716881752
-0.567295849323,0.0791509523988,0.737583220005,0.0110474629328,-0.0494858622551,0.739521920681,0.671220183372
-0.567400991917,0.0795034021139,0.737579107285,0.0104462793097,-0.0496375784278,0.739080309868,0.67170470953
-0.567657351494,0.0799251124263,0.73759162426,0.0104638682678,-0.0496243387461,0.738639593124,0.672190129757
-0.567850112915,0.0802642330527,0.737666368484,0.0101952329278,-0.0494881384075,0.738176286221,0.672712981701
-0.567988395691,0.0805889740586,0.737727224827,0.00969272945076,-0.0493312701583,0.73777371645,0.673173487186
-0.568104922771,0.0808747112751,0.737886667252,0.00895408261567,-0.0489674545825,0.737330317497,0.673695683479
-0.568231701851,0.0811800062656,0.737964630127,0.00861065648496,-0.0486757867038,0.736959457397,0.674127161503
-0.568339943886,0.0814888179302,0.738008022308,0.00836788956076,-0.0484282299876,0.736574292183,0.674568712711
-0.568501353264,0.0816525891423,0.738104403019,0.00779099343345,-0.0480227954686,0.735963284969,0.675271272659
-0.56868481636,0.0818936750293,0.738250911236,0.00738575262949,-0.0475434586406,0.735351324081,0.675976037979
-0.568759441376,0.0820043310523,0.738408446312,0.00645092874765,-0.0470166765153,0.734728813171,0.676698982716
-0.568862438202,0.0822419300675,0.738471627235,0.00620150519535,-0.0465585961938,0.734194993973,0.677312076092
-0.569084763527,0.0824154019356,0.738580644131,0.0060556861572,-0.0460731089115,0.733465909958,0.678135991096
-0.569176077843,0.0827777981758,0.738544344902,0.00634938757867,-0.04596157372,0.73293620348,0.67871338129
-0.569310545921,0.0828817337751,0.738663613796,0.00589984795079,-0.0454926602542,0.732220411301,0.679521083832
-0.569357931614,0.0830185264349,0.738733410835,0.00533655658364,-0.0451223701239,0.731527805328,0.680295944214
-0.569582819939,0.0831913724542,0.738796710968,0.00540180550888,-0.0447219386697,0.730838894844,0.681061983109
-0.56978058815,0.0833865851164,0.738832116127,0.00552081223577,-0.0443886518478,0.730108857155,0.681865274906
-0.569958329201,0.0835620686412,0.738850831985,0.00547053432092,-0.0440911240876,0.729372918606,0.682672083378
-0.570110678673,0.0836873948574,0.738885879517,0.00548015860841,-0.0437680371106,0.728775560856,0.683330416679
-0.570272982121,0.0837757661939,0.738927006721,0.00535533484071,-0.0434585884213,0.728106319904,0.684064269066
-0.570342183113,0.0839043259621,0.738950610161,0.00501607963815,-0.0432630851865,0.727498114109,0.684725940228
-0.570479631424,0.0839894860983,0.738965034485,0.00498768035322,-0.0430350266397,0.726941227913,0.685331761837
-0.570656895638,0.0839942842722,0.739055812359,0.00469678873196,-0.0426565930247,0.726345300674,0.685989022255
-0.570756971836,0.0840009525418,0.739090144634,0.00462036440149,-0.0425349809229,0.725743412971,0.686633884907
-0.570891499519,0.0840812325478,0.739098072052,0.00459318561479,-0.0424625314772,0.725306153297,0.687100291252
-0.571040511131,0.0841370522976,0.739112734795,0.00438672676682,-0.0423895828426,0.724898636341,0.68753606081
-0.571203351021,0.084239423275,0.739134907722,0.00445899181068,-0.0423428341746,0.724586009979,0.687868118286
-0.571361303329,0.0842931866646,0.739141583443,0.00425307126716,-0.0422261208296,0.724480628967,0.68798750639
-0.57148206234,0.0843560993671,0.73913705349,0.00431438535452,-0.0423345640302,0.724290132523,0.688180983067
-0.571615457535,0.0843369960785,0.739215016365,0.00396730471402,-0.0423927642405,0.724100351334,0.688379108906
-0.571649670601,0.0842752158642,0.739297747612,0.00359616219066,-0.0426983498037,0.723849177361,0.688626408577
-0.571744799614,0.0842732787132,0.739304363728,0.00342218275182,-0.0428698509932,0.723806917667,0.68866109848
-0.571869969368,0.0843050330877,0.739258885384,0.00327542214654,-0.0428630113602,0.724008142948,0.688450694084
-0.571961343288,0.0843173414469,0.73924612999,0.00320151424967,-0.043063800782,0.724078178406,0.688364744186
-0.572040379047,0.0843047201633,0.739241361618,0.00307927466929,-0.0432331748307,0.724193990231,0.688232779503
-0.572108387947,0.0842325165868,0.739279568195,0.00282604480162,-0.043302513659,0.724349200726,0.688066363335
-0.572207570076,0.0841934531927,0.739282131195,0.00272119487636,-0.043431494385,0.724574923515,0.687820851803
-0.572255551815,0.0841590240598,0.73928809166,0.00251984014176,-0.0435656830668,0.724842250347,0.687531411648
-0.572309315205,0.0841011106968,0.739267528057,0.00227920967154,-0.0437361225486,0.725140154362,0.687207221985
-0.572364032269,0.0840378627181,0.739244937897,0.00199277256615,-0.0437869951129,0.725620031357,0.686698198318
-0.572399258614,0.0839939489961,0.739274561405,0.00177423842251,-0.0438318252563,0.725923001766,0.68637573719
-0.572441101074,0.0839586630464,0.739286661148,0.00168812077027,-0.0438658967614,0.726254940033,0.686022341251
-0.572480261326,0.0839200392365,0.739314258099,0.00154885556549,-0.0439264550805,0.726653277874,0.685596883297
-0.572502672672,0.0838193744421,0.739373028278,0.0013226721203,-0.0438519157469,0.727000355721,0.68523401022
-0.572495222092,0.0837883502245,0.739365637302,0.00144846003968,-0.0439013913274,0.727427661419,0.684776961803
-0.572461009026,0.0837180688977,0.739444077015,0.00100630393717,-0.0438724197447,0.727870643139,0.684308826923
-0.572371959686,0.0835956782103,0.739558875561,0.000405530445278,-0.0437631495297,0.728365898132,0.68378931284
-0.572306871414,0.0834963545203,0.739694833755,-1.93110699911e-05,-0.0436500385404,0.728908836842,0.683217823505
-0.572142541409,0.0833460688591,0.739848911762,-0.000813454913441,-0.0435937047005,0.729453206062,0.68263977766
-0.571994900703,0.0832228586078,0.740024149418,-0.0016336949775,-0.0433707721531,0.730212271214,0.681840479374
-0.571910977364,0.0830132216215,0.740180492401,-0.00219917460345,-0.043240211904,0.730779886246,0.68123871088
-0.571758151054,0.0828752294183,0.740346431732,-0.00290991202928,-0.0431669652462,0.731370508671,0.680606544018
-0.571690022945,0.0826801285148,0.740564465523,-0.00369762326591,-0.0429036691785,0.731901168823,0.680048763752
-0.571611046791,0.0825540423393,0.740704059601,-0.00414132745937,-0.0427517555654,0.732490360737,0.679421126842
-0.571549236774,0.0824177265167,0.740824103355,-0.00440439488739,-0.0425645783544,0.733051776886,0.678825438023
-0.5714635849,0.0821984484792,0.740993261337,-0.00490869535133,-0.0422060489655,0.73367023468,0.678175926208
-0.571484088898,0.0820058137178,0.74111866951,-0.00514855328947,-0.0419379808009,0.734156727791,0.677664160728
-0.571645200253,0.081879965961,0.741155326366,-0.00481489347294,-0.0414394028485,0.734904646873,0.676886081696
-0.571741461754,0.0816454738379,0.741268575191,-0.00482638319954,-0.0411862023175,0.735396981239,0.676366508007
-0.571785330772,0.0814021080732,0.741292119026,-0.00476388214156,-0.0409695021808,0.735914349556,0.675817251205
-0.571910262108,0.081242159009,0.741266548634,-0.00458259461448,-0.0405723638833,0.7365244627,0.675177454948
-0.571926116943,0.0809627324343,0.741315960884,-0.00467756250873,-0.0402721129358,0.737045288086,0.674626290798
-0.572004675865,0.0807121917605,0.741369903088,-0.00472837407142,-0.0398694351315,0.737433731556,0.674225211143
-0.572106778622,0.0804044604301,0.741470336914,-0.00482236780226,-0.0395470000803,0.737911581993,0.673720538616
-0.572132766247,0.0801629722118,0.741535007954,-0.00499157747254,-0.0392323322594,0.738494575024,0.673098683357
-0.572145164013,0.0799383968115,0.741584658623,-0.00475570186973,-0.039102550596,0.739140093327,0.672398984432
-0.572200298309,0.0797224789858,0.741650402546,-0.00498285843059,-0.0388357937336,0.739607751369,0.671898365021
-0.572333276272,0.079592384398,0.741639494896,-0.00481018749997,-0.0384205877781,0.740224301815,0.671244204044
-0.572493851185,0.079343304038,0.741753160954,-0.00481838732958,-0.0380679778755,0.740648448467,0.670796275139
-0.572626709938,0.079093888402,0.741792500019,-0.00446163723245,-0.0378112643957,0.741084575653,0.67033135891
-0.572662711143,0.0789389684796,0.741830527782,-0.00432373769581,-0.0375860035419,0.741557836533,0.669821321964
-0.572714328766,0.0786993354559,0.741936504841,-0.0043406537734,-0.037135604769,0.742007732391,0.66934800148
-0.572763323784,0.0784863680601,0.742034852505,-0.00444751093164,-0.0368796661496,0.742367863655,0.668961822987
-0.572835385799,0.0782601758838,0.742134034634,-0.00452217645943,-0.0364648364484,0.742702662945,0.668612480164
-0.572902739048,0.0781161189079,0.74216902256,-0.00435567973182,-0.0362204015255,0.743019521236,0.668274760246
-0.573129236698,0.0780796706676,0.742125749588,-0.00359680689871,-0.0358115509152,0.743513941765,0.667751193047
-0.573141157627,0.0779327005148,0.742165327072,-0.00356433470733,-0.0355729460716,0.743878662586,0.667357861996
-0.573202848434,0.0777523368597,0.742246448994,-0.00356888771057,-0.0352595709264,0.744146227837,0.667076051235
-0.573241829872,0.0775632411242,0.742298483849,-0.00364971673116,-0.0350087247789,0.744355976582,0.666854798794
-0.573294699192,0.0774294510484,0.742345929146,-0.00361166801304,-0.0347731970251,0.744545280933,0.666655898094
-0.573354959488,0.077325925231,0.742371797562,-0.00349602918141,-0.0345831923187,0.744703412056,0.666489720345
-0.573446750641,0.0771979466081,0.742430329323,-0.00328053231351,-0.0342767313123,0.744873046875,0.666317224503
-0.573477268219,0.0771179199219,0.742453694344,-0.00322374049574,-0.0340750925243,0.745014607906,0.666169464588
-0.573501646519,0.0770555138588,0.742476284504,-0.00310649583116,-0.0338932946324,0.745159208775,0.666017651558
-0.573386669159,0.0769116729498,0.742514133453,-0.00328024965711,-0.0336721241474,0.745306313038,0.665863275528
-0.573317706585,0.0767820328474,0.742547929287,-0.00370515231043,-0.0335097499192,0.745404958725,0.665758907795
-0.573569655418,0.0769094899297,0.742532491684,-0.00254527409561,-0.0332483313978,0.745493769646,0.665677905083
-0.573552787304,0.0768892467022,0.742545604706,-0.00242942781188,-0.0330884121358,0.745580852032,0.665588855743
-0.573511362076,0.0768747329712,0.742596566677,-0.00245270133018,-0.0328945294023,0.745690226555,0.665475726128
-0.573485374451,0.0768686980009,0.74260276556,-0.00236894842237,-0.0327255949378,0.74573469162,0.665434539318
-0.573389470577,0.0768730789423,0.742614448071,-0.00243129045703,-0.0326019264758,0.745790362358,0.665378212929
-0.573331773281,0.0769300833344,0.74258929491,-0.0022341425065,-0.0325420349836,0.745840907097,0.665324926376
-0.573278069496,0.0769731104374,0.742588043213,-0.00214544776827,-0.0324043892324,0.745891392231,0.665275514126
-0.57322704792,0.0770181342959,0.742584586143,-0.00204727193341,-0.0322413668036,0.74589073658,0.665284395218
-0.573164761066,0.0770915299654,0.742589116096,-0.00191658630501,-0.0321149863303,0.74589329958,0.665287971497
-0.573084652424,0.0771587789059,0.742582440376,-0.00186568731442,-0.0320055671036,0.745887756348,0.665299773216
-0.572988927364,0.077257335186,0.742599606514,-0.00170399236958,-0.0318209528923,0.745873570442,0.665324807167
-0.572892844677,0.0773482099175,0.742603898048,-0.00168903206941,-0.0317266881466,0.745859980583,0.665344595909
-0.572781562805,0.0774741619825,0.742585897446,-0.00163058377802,-0.031609389931,0.74585711956,0.665353477001
-0.572638332844,0.0776073783636,0.742599725723,-0.00171653565485,-0.0315479077399,0.745861828327,0.665350973606
-0.572364747524,0.0777514129877,0.742611467838,-0.0020879812073,-0.0315256118774,0.745916724205,0.665289521217
-0.572195887566,0.0779729560018,0.742567718029,-0.00200787023641,-0.0314736962318,0.745917022228,0.665291726589
-0.572020947933,0.0781187415123,0.7425968647,-0.00221009668894,-0.0313947051764,0.745881736279,0.66533446312
-0.571752905846,0.078283123672,0.742615580559,-0.00265297037549,-0.031361002475,0.74588572979,0.665329992771
-0.57154250145,0.078461766243,0.742619216442,-0.00274720368907,-0.0313223600388,0.745904624462,0.665310263634
-0.571343421936,0.078767888248,0.742570281029,-0.00258541922085,-0.0314558185637,0.74590331316,0.665306091309
-0.571058273315,0.0788267999887,0.742634952068,-0.0033592726104,-0.031637724489,0.7457472682,0.665468811989
-0.570804655552,0.078888848424,0.742702782154,-0.00394142465666,-0.0317240580916,0.745547294617,0.665685534477
-0.570573449135,0.0789785832167,0.742719233036,-0.00433335965499,-0.0319227650762,0.745366752148,0.665875732899
-0.570299804211,0.0790480151772,0.742757439613,-0.00470946868882,-0.03215136379,0.745087087154,0.666175246239
-0.570040285587,0.0794813632965,0.742618978024,-0.00461546797305,-0.0322289019823,0.745250463486,0.665989220142
-0.569688796997,0.0795048773289,0.742668271065,-0.00541770504788,-0.0324211269617,0.745061814785,0.666184961796
-0.569495677948,0.0800852775574,0.742461264133,-0.00452153896913,-0.0323460064828,0.745487451553,0.665718913078
-0.569186508656,0.0804434865713,0.742430925369,-0.00445866351947,-0.0326430983841,0.745468139648,0.665726542473
-0.568908810616,0.0808538347483,0.742322444916,-0.0043900734745,-0.0329580157995,0.745521187782,0.665652036667
-0.568651974201,0.0812020599842,0.742100834846,-0.00401598820463,-0.0325785949826,0.745592176914,0.66559368372
-0.568330645561,0.0814205333591,0.74211704731,-0.0044351471588,-0.0327314510942,0.745545268059,0.665635883808
-0.567917823792,0.0816669389606,0.742079019547,-0.00515802763402,-0.0329033024609,0.745469689369,0.665706992149
-0.567654132843,0.0819555744529,0.742040395737,-0.00512675382197,-0.0331061258912,0.745331048965,0.665852308273
-0.567264199257,0.0822671428323,0.742131412029,-0.00539238005877,-0.0338921956718,0.745323002338,0.665819764137
-0.566957116127,0.0824697166681,0.742109358311,-0.00544043211266,-0.0340746194124,0.745117366314,0.666040182114
-0.56671410799,0.0827748402953,0.742020845413,-0.00542627647519,-0.0345333442092,0.744895815849,0.666264235973
-0.566247284412,0.0829326957464,0.742039859295,-0.0059529049322,-0.0344130136073,0.744937300682,0.666219711304
-0.565961360931,0.0831196382642,0.742014884949,-0.0060870484449,-0.0345042347908,0.744770884514,0.666399776936
-0.565666496754,0.0833300948143,0.742022931576,-0.00621388433501,-0.0346240885556,0.744620203972,0.6665610075
-0.565322995186,0.083505988121,0.742033839226,-0.00644461158663,-0.0347593426704,0.744356393814,0.66684627533
-0.565179169178,0.0836964845657,0.74200206995,-0.00643500313163,-0.0350313559175,0.744035363197,0.667190253735
-0.564802289009,0.0836927220225,0.741936564445,-0.00715039484203,-0.0347638912499,0.744246125221,0.666961848736
-0.564547717571,0.0838351994753,0.741988360882,-0.0072805066593,-0.0347899235785,0.74404758215,0.667180657387
-0.564324855804,0.0839560031891,0.742090582848,-0.00733221555129,-0.0348832048476,0.743685424328,0.667578756809
-0.56412768364,0.0840911120176,0.742138683796,-0.00738691119477,-0.0350188203156,0.743463814259,0.667817831039
-0.56394135952,0.0841848403215,0.742178559303,-0.00750919152051,-0.0350152663887,0.74317252636,0.6681407094
-0.563755631447,0.0842812135816,0.742177605629,-0.00803348515183,-0.0351090691984,0.742917299271,0.668413579464
-0.563538789749,0.0843118056655,0.742189466953,-0.00836537405849,-0.0351453833282,0.742593050003,0.668767988682
-0.563329219818,0.0844129621983,0.742205739021,-0.00854654610157,-0.035371940583,0.742207765579,0.669181168079
-0.563131213188,0.08443595469,0.7422747612,-0.00866051483899,-0.0355727039278,0.741661369801,0.669774472713
-0.562887430191,0.0844300538301,0.742304563522,-0.00908074341714,-0.035714674741,0.741062045097,0.670424580574
-0.562789916992,0.0844384282827,0.742342591286,-0.00929038412869,-0.0356953814626,0.740559339523,0.670978069305
-0.562691569328,0.0843888819218,0.742381393909,-0.00957417115569,-0.0356241725385,0.739991903305,0.671603500843
-0.56259304285,0.0843184441328,0.74241900444,-0.0100364508107,-0.0354622676969,0.739386320114,0.672271966934
-0.562484920025,0.0841163098812,0.742544591427,-0.0105946632102,-0.0353701636195,0.738677740097,0.673046767712
-0.562508761883,0.0840628445148,0.74260109663,-0.0106522301212,-0.0350906029344,0.738098442554,0.673695683479
-0.562537908554,0.0839714035392,0.742642521858,-0.0107538886368,-0.034909684211,0.737512409687,0.674345016479
-0.562536120415,0.0838633850217,0.742718219757,-0.0109299812466,-0.0347558446229,0.736811876297,0.675115346909
-0.562582194805,0.0836692750454,0.742804229259,-0.011125491932,-0.0343854762614,0.736127495766,0.675877332687
-0.562685489655,0.0834959074855,0.742905139923,-0.0111456559971,-0.0341766476631,0.735456168652,0.676618039608
-0.562782108784,0.0832843407989,0.742974698544,-0.0110379755497,-0.0340407565236,0.734823048115,0.67731398344
-0.562849402428,0.0830245912075,0.743052899837,-0.0111286509782,-0.0340354517102,0.734027385712,0.678175210953
-0.562870740891,0.0827606320381,0.743080079556,-0.0114054661244,-0.0340090617537,0.733367323875,0.678885519505
-0.56293708086,0.0824320465326,0.743122696877,-0.0115788523108,-0.0340879894793,0.732714831829,0.679583013058
-0.562991142273,0.0820623636246,0.743147850037,-0.0117312464863,-0.03422389552,0.732084810734,0.680251896381
-0.562989890575,0.0815746933222,0.743256092072,-0.0121185500175,-0.0344814881682,0.73123472929,0.681146025658
-0.56303614378,0.081133723259,0.743257582188,-0.0123635828495,-0.03455497697,0.730581223965,0.681838691235
-0.563134670258,0.0806146115065,0.743305563927,-0.0124619817361,-0.0345434956253,0.729835093021,0.682636082172
-0.563304901123,0.0802225023508,0.743312358856,-0.0122522572055,-0.0349399298429,0.729263782501,0.683230161667
-0.563351213932,0.079626955092,0.743423104286,-0.0124534610659,-0.0346928015351,0.72886377573,0.683665692806
-0.563410043716,0.0790663957596,0.743499517441,-0.0124706439674,-0.0347487442195,0.728382587433,0.684175133705
-0.563475251198,0.0784574151039,0.743609428406,-0.0126201724634,-0.034859534353,0.727939665318,0.684637904167
-0.563569247723,0.0779392123222,0.743711590767,-0.0123659064993,-0.0349034145474,0.727611958981,0.684988737106
-0.563707351685,0.0772951692343,0.743799328804,-0.0121053056791,-0.0347745977342,0.727280020714,0.685352385044
-0.563827753067,0.0765761137009,0.743981122971,-0.0121285691857,-0.0346449017525,0.726812601089,0.685854315758
-0.563967585564,0.0759695768356,0.744067072868,-0.012041606009,-0.0347043126822,0.726556837559,0.686123728752
-0.564091980457,0.0752980187535,0.744249105453,-0.0120458342135,-0.0348340943456,0.726269423962,0.686421275139
-0.564191460609,0.0746080428362,0.744344234467,-0.0119091877714,-0.034723687917,0.726171910763,0.686532557011
-0.564326882362,0.0739379003644,0.74442255497,-0.0116345789284,-0.0346920825541,0.7259734869,0.686748445034
-0.564411759377,0.0732409656048,0.744513213634,-0.0113468402997,-0.0347734317183,0.725871145725,0.686857521534
-0.564484119415,0.072544619441,0.744511008263,-0.0110446736217,-0.034804109484,0.72579151392,0.686945080757
-0.564581871033,0.0718087479472,0.744476675987,-0.0107415691018,-0.0347191616893,0.725617170334,0.687138259411
-0.564706921577,0.0710411369801,0.744565606117,-0.0102719031274,-0.0347933880985,0.725342452526,0.687431573868
-0.564757704735,0.0703274905682,0.74458360672,-0.00990822073072,-0.0349010191858,0.725178420544,0.687604546547
-0.565036177635,0.0709279105067,0.743687272072,-0.00450717424974,-0.0347946695983,0.726420879364,0.686353981495
-0.565142333508,0.0701178982854,0.743639409542,-0.00380576984026,-0.0349603816867,0.726265072823,0.686514616013
-0.565230250359,0.069331035018,0.743596374989,-0.00299208238721,-0.0348450876772,0.725998878479,0.686805963516
-0.565185070038,0.068513661623,0.743569910526,-0.00266284216195,-0.0351976789534,0.725682854652,0.68712335825
-0.565255999565,0.0676509514451,0.743491649628,-0.0018541677855,-0.0353706404567,0.72545170784,0.687361121178
-0.565184891224,0.0667585432529,0.743510603905,-0.00141818507109,-0.0357755497098,0.725152075291,0.687657237053
-0.565317809582,0.0657843947411,0.74353402853,-0.00099522259552,-0.0357797928154,0.725009560585,0.6878079772
-0.565377831459,0.0649514496326,0.743354320526,0.000274841237115,-0.0358056873083,0.72483164072,0.687994897366
-0.565218508244,0.0640348568559,0.743345141411,0.000415800313931,-0.0361271798611,0.724849760532,0.687958836555
-0.565310835838,0.0631859749556,0.743281841278,0.00148570002057,-0.0366311110556,0.724529743195,0.688267767429
-0.565222144127,0.0621507167816,0.743319511414,0.0014987795148,-0.036786172539,0.724419534206,0.688375413418
-0.565258264542,0.0612755194306,0.743281722069,0.00272349175066,-0.037051524967,0.724330067635,0.688451707363
-0.565043210983,0.0602022632957,0.743278861046,0.00370277883485,-0.0368677936494,0.724548876286,0.688226699829
-0.565053939819,0.059120118618,0.74339735508,0.00373756163754,-0.0370689928532,0.724548816681,0.688215732574
-0.564770340919,0.0581229254603,0.743366122246,0.00431452039629,-0.0373466424644,0.724815309048,0.687916696072
-0.564720392227,0.056952368468,0.743518948555,0.004673008807,-0.0372643768787,0.724979400635,0.687745988369
-0.564604401588,0.0557193718851,0.743704497814,0.00410508550704,-0.0371626280248,0.724974036217,0.687760651112
-0.564225912094,0.0544877685606,0.743950903416,0.0032989976462,-0.037287376821,0.725436747074,0.68727016449
-0.563846647739,0.0532616823912,0.744240403175,0.00239053810947,-0.0376440137625,0.725971221924,0.686689972878
-0.563427209854,0.0521247163415,0.744622707367,0.00152962689754,-0.037712674588,0.726502835751,0.686126172543
-0.56300163269,0.050748705864,0.744945883751,0.000466117984615,-0.0376836583018,0.727010965347,0.685590922832
-0.562362492085,0.0494005121291,0.74545776844,-0.00119933311362,-0.0375400148332,0.727928876877,0.684623241425
-0.561759591103,0.0481641218066,0.745956122875,-0.00248788949102,-0.0377336591482,0.728965997696,0.683504581451
-0.561629474163,0.0468828119338,0.746075570583,-0.00230501592159,-0.0377311781049,0.72921526432,0.683239459991
-0.561473727226,0.0452939718962,0.746143460274,-0.00239684223197,-0.0376329049468,0.729078888893,0.683390080929
-0.561492025852,0.0437966510653,0.746196568012,-0.00186838349327,-0.0377779528499,0.729131698608,0.683327317238
-0.561365425587,0.0423308238387,0.746355116367,-0.00179334473796,-0.0379833988845,0.729265630245,0.68317335844
-0.561273872852,0.0408212915063,0.746453583241,-0.00166545261163,-0.0378931649029,0.729256093502,0.683188676834
-0.561358809471,0.0393815711141,0.746182441711,-0.000234736246057,-0.0375225320458,0.72929507494,0.683169484138
-0.561201691628,0.0377534627914,0.746527850628,-0.000209305246244,-0.0382995456457,0.729056417942,0.683381199837
-0.560912251472,0.0361496061087,0.746543943882,0.000239483473706,-0.0384780727327,0.729172885418,0.683246850967
-0.560925126076,0.0344313420355,0.746578097343,0.000412731635151,-0.0383989363909,0.728943824768,0.683495759964
-0.560780227184,0.0327942632139,0.746571183205,0.000858344777953,-0.0386863574386,0.728999912739,0.683419048786
-0.56077593565,0.0310676917434,0.746525168419,0.00134620617609,-0.039012722671,0.728488504887,0.683945000172
-0.560822427273,0.0291573517025,0.746479153633,0.00220836163498,-0.0392152220011,0.728196084499,0.684242486954
-0.560520470142,0.0275626797229,0.746507167816,0.00258131651208,-0.039094619453,0.728440880775,0.683987438679
-0.560429334641,0.0256483107805,0.746426105499,0.0032165881712,-0.0392178930342,0.727997779846,0.684449255466
-0.560357689857,0.0238633453846,0.746469199657,0.00425027264282,-0.0394784249365,0.727719008923,0.684725165367
-0.560110390186,0.0221361014992,0.746581315994,0.00471469433978,-0.0396285392344,0.727750062943,0.684680402279
-0.559876739979,0.0202513728291,0.746681451797,0.00465683406219,-0.0392837300897,0.727922260761,0.684517621994
-0.559405326843,0.0183406751603,0.747004687786,0.00383193558082,-0.0394773371518,0.728163123131,0.684255361557
-0.558980286121,0.0163147505373,0.7472255826,0.00339206284843,-0.0394170582294,0.728308200836,0.684106826782
-0.558612823486,0.0143339205533,0.747509121895,0.00295570096932,-0.0393353775144,0.728347182274,0.684072077274
-0.558310985565,0.0123718846589,0.747892558575,0.00256004440598,-0.0391882024705,0.728646874428,0.683762907982
-0.558066129684,0.0102717522532,0.748171329498,0.00222710589878,-0.0384853407741,0.728858411312,0.683578491211
-0.557464420795,0.00827990844846,0.748553752899,0.00108373514377,-0.0384635701776,0.729144275188,0.68327742815
-0.557078540325,0.00621772743762,0.748947024345,0.000409811909776,-0.0383549109101,0.729523897171,0.682879030704
-0.556829333305,0.00398007780313,0.749389410019,-0.000457080517663,-0.0378040969372,0.72948628664,0.682949960232
-0.556593596935,0.0020682644099,0.749585270882,2.13792627619e-05,-0.0378153473139,0.729837059975,0.68257445097
-0.556287050247,-0.00015682540834,0.750170707703,-0.00157605914865,-0.036868982017,0.730383574963,0.682039797306
-0.556046128273,-0.0023223683238,0.750407934189,-0.00186946196482,-0.0367864668369,0.730479598045,0.681940615177
-0.555457949638,-0.00461070425808,0.750969111919,-0.00382737349719,-0.0362731553614,0.730996191502,0.681406140327
-0.555133342743,-0.00673931837082,0.751268565655,-0.0044625243172,-0.035864610225,0.731773674488,0.680588901043
-0.554848909378,-0.00899418257177,0.751670718193,-0.00573014747351,-0.0352692939341,0.732113540173,0.680244922638
-0.554628074169,-0.0109854433686,0.751930713654,-0.00616788025945,-0.0350560620427,0.732831299305,0.679478764534
-0.554322898388,-0.0131677445024,0.752256393433,-0.00718289287761,-0.0346098802984,0.733286321163,0.679000556469
-0.554068922997,-0.0153089612722,0.752567589283,-0.00805432908237,-0.0342590659857,0.733899652958,0.678345739841
-0.553727686405,-0.0174580533057,0.75296741724,-0.00953577365726,-0.0340416803956,0.734533667564,0.677650868893
-0.553434610367,-0.0196825023741,0.753207802773,-0.0103636896238,-0.0336886271834,0.734939932823,0.677215695381
-0.553232371807,-0.0217078104615,0.753563225269,-0.0111090345308,-0.0334892384708,0.735732316971,0.676352798939
-0.553125560284,-0.0237522330135,0.753857553005,-0.0117621608078,-0.0333077162504,0.736251175404,0.675785839558
-0.553050756454,-0.0257731564343,0.754029989243,-0.0119827007875,-0.0330212041736,0.736776709557,0.675223052502
-0.553025126457,-0.0278716050088,0.753994822502,-0.0120593747124,-0.0319092795253,0.737236261368,0.674773454666
-0.55380654335,-0.0294245425612,0.754332065582,-0.0127385314554,-0.0325324125588,0.740536808968,0.671107053757
-0.553454816341,-0.0314671993256,0.754815101624,-0.0137949129567,-0.0326200351119,0.740983307362,0.670588970184
-0.553440690041,-0.0332773849368,0.754889249802,-0.0139963934198,-0.0326074436307,0.741707086563,0.669784665108
-0.553248167038,-0.0352371111512,0.755186796188,-0.0150746330619,-0.0326094329357,0.742134153843,0.669287979603
-0.553227543831,-0.0369907096028,0.755298793316,-0.0150521835312,-0.0329005308449,0.742690145969,0.668657183647
-0.553170979023,-0.0387403033674,0.755519866943,-0.0157529134303,-0.0330436825752,0.743217766285,0.668047487736
-0.553072273731,-0.0406577438116,0.755687952042,-0.0168047454208,-0.0331069268286,0.7437530756,0.667422711849
-0.552861690521,-0.0423115715384,0.755730509758,-0.0169381219894,-0.0335622429848,0.7443972826,0.666677892208
-0.552603304386,-0.0441028475761,0.755967497826,-0.0186613872647,-0.0339130684733,0.744699954987,0.666275918484
-0.552595317364,-0.0458365082741,0.755915880203,-0.0192339792848,-0.034197717905,0.745460271835,0.665394365788
-0.552484154701,-0.0475739985704,0.755998134613,-0.0199995432049,-0.0345846861601,0.745846390724,0.664918899536
-0.552220642567,-0.0491927787662,0.756016016006,-0.0210822038352,-0.0352055095136,0.746423721313,0.664204537868
-0.55194580555,-0.0507977567613,0.756009817123,-0.0218739807606,-0.0359586179256,0.746696054935,0.66383254528
-0.551875531673,-0.0523646622896,0.75582420826,-0.0222753286362,-0.0359359495342,0.747563004494,0.662843942642
-0.551568746567,-0.0541063919663,0.75588786602,-0.0249472241849,-0.0366771928966,0.747738778591,0.662509679794
-0.551350772381,-0.0555467382073,0.755745947361,-0.0253602731973,-0.0376063659787,0.748128652573,0.662001609802
-0.551072359085,-0.0570554099977,0.755754053593,-0.0264814328402,-0.0379898324609,0.748531222343,0.661480724812
-0.551032960415,-0.058421228081,0.755478680134,-0.0268879272044,-0.0383818931878,0.749189972878,0.660695374012
-0.550677895546,-0.05980559811,0.755480408669,-0.0285469144583,-0.0393383279443,0.749376893044,0.660357475281
-0.550408959389,-0.0611945092678,0.755535840988,-0.0303441956639,-0.0396272651851,0.749937534332,0.659623086452
-0.550208449364,-0.0624691396952,0.755442976952,-0.0308074951172,-0.040363393724,0.750112354755,0.659358143806
-0.549978852272,-0.0636851713061,0.75536942482,-0.0315867625177,-0.0407686829567,0.750549912453,0.658798277378
-0.549802422523,-0.0648849606514,0.755400419235,-0.0324739962816,-0.0411484576762,0.751131355762,0.658068418503
-0.549580931664,-0.0659895390272,0.755456149578,-0.0329455547035,-0.0416185520589,0.751368641853,0.657744348049
-0.549326837063,-0.0670490860939,0.755545914173,-0.0337512232363,-0.0420402027667,0.751692950726,0.657306075096
-0.548946678638,-0.0680530294776,0.7557066679,-0.0343583337963,-0.0425897277892,0.75208812952,0.656787037849
-0.548747718334,-0.0690161883831,0.755805492401,-0.0344124808908,-0.0427721738815,0.75258243084,0.656205832958
-0.548469781876,-0.0698933154345,0.755899190903,-0.0345322713256,-0.0433532446623,0.752810299397,0.655899941921
-0.548352658749,-0.0707436203957,0.756067276001,-0.0344560816884,-0.0432698316872,0.753340303898,0.655300617218
-0.548140048981,-0.0715060681105,0.756219208241,-0.0346116945148,-0.0436460413039,0.753921985626,0.654598295689
-0.547868251801,-0.0722152069211,0.756477475166,-0.0349819324911,-0.0439236573875,0.754148483276,0.654298961163
-0.547748029232,-0.0729235112667,0.756798267365,-0.0347796492279,-0.0438875257969,0.754553675652,0.653844892979
-0.547478199005,-0.0734230354428,0.757003366947,-0.0345873720944,-0.0442857220769,0.755042791367,0.653263270855
-0.547141611576,-0.0740237608552,0.757296741009,-0.0342175774276,-0.0448813103139,0.755248129368,0.653004825115
-0.54670882225,-0.0745649635792,0.757605791092,-0.0344558060169,-0.0454362109303,0.755609214306,0.652535974979
-0.546424508095,-0.0751350745559,0.75800037384,-0.0350879617035,-0.0457152985036,0.755668878555,0.652413666248
-0.546239495277,-0.0755198523402,0.758294939995,-0.0350566133857,-0.0460575483739,0.756110966206,0.651878833771
-0.545980095863,-0.075925052166,0.758522152901,-0.0350846461952,-0.0464045666158,0.756344854832,0.651581406593
-0.545644521713,-0.0761804208159,0.758639514446,-0.0349251963198,-0.047173473984,0.756606936455,0.65123039484
-0.545334815979,-0.0763971656561,0.758778333664,-0.0347465574741,-0.0477025397122,0.756853997707,0.65091407299
-0.545089840889,-0.07666644454,0.758896350861,-0.0346487276256,-0.0481417253613,0.756993234158,0.650725066662
-0.544758319855,-0.0768666416407,0.758950948715,-0.0348597466946,-0.0488082356751,0.757139503956,0.650494039059
-0.544667720795,-0.0771661773324,0.758932352066,-0.0344386063516,-0.0493624918163,0.757301151752,0.650286316872
-0.544350445271,-0.0772279947996,0.758823633194,-0.0343953333795,-0.0498778373003,0.757531821728,0.649980545044
-0.543804943562,-0.0770742297173,0.758610129356,-0.0345644392073,-0.0507294312119,0.757723927498,0.64968174696
-0.543544173241,-0.0770863741636,0.758427083492,-0.0346586555243,-0.0511365458369,0.757840931416,0.649508357048
-0.543071627617,-0.0770414844155,0.75820684433,-0.0352447293699,-0.0515122748911,0.758198201656,0.649029970169
-0.542847037315,-0.0770202353597,0.757894098759,-0.0352512709796,-0.0519469939172,0.75823277235,0.648954510689
-0.542348504066,-0.0770849734545,0.757678627968,-0.0358748920262,-0.0521965660155,0.758450031281,0.64864641428
-0.542064785957,-0.0769853070378,0.757435798645,-0.0361389257014,-0.0522036775947,0.758864104748,0.648146688938
-0.541676938534,-0.0769932568073,0.757192850113,-0.0365479029715,-0.0520799346268,0.759027719498,0.647942185402
-0.541088581085,-0.0768560767174,0.756986498833,-0.0368699356914,-0.0520647205412,0.759735941887,0.647094428539
-0.540760397911,-0.0767542421818,0.75682926178,-0.0372532233596,-0.051853902638,0.760103225708,0.64665800333
-0.540425777435,-0.0766043737531,0.756666362286,-0.0375596359372,-0.0516429878771,0.760549426079,0.646132349968
-0.540128111839,-0.0763587206602,0.756550908089,-0.0379754044116,-0.0512968041003,0.76107609272,0.645515084267
-0.539681017399,-0.0762557834387,0.756647467613,-0.0392331108451,-0.0509183183312,0.761336743832,0.645162403584
-0.539378523827,-0.0760749727488,0.756659507751,-0.0398917943239,-0.050756201148,0.761422097683,0.645033955574
-0.538776874542,-0.0758128389716,0.756864786148,-0.0404846072197,-0.0503947846591,0.76187390089,0.644491672516
-0.538382649422,-0.0754243433475,0.756940126419,-0.0405240617692,-0.050330542028,0.762249052525,0.644050598145
-0.538295269012,-0.0749579817057,0.756921648979,-0.0402327515185,-0.0501354783773,0.762656211853,0.643601894379
-0.538077712059,-0.0745633170009,0.757021069527,-0.0401790700853,-0.0498012974858,0.762923777103,0.643314003944
-0.537893116474,-0.0744063034654,0.757184207439,-0.040412388742,-0.0493538491428,0.762923300266,0.643334448338
-0.537530839443,-0.0738192275167,0.757359027863,-0.0406094864011,-0.0484996326268,0.763557910919,0.642633676529
-0.537472784519,-0.0734656229615,0.757359087467,-0.0405107177794,-0.0482637695968,0.763355374336,0.642898142338
-0.53738796711,-0.0728230029345,0.757285058498,-0.0396556295455,-0.0479986779392,0.763504505157,0.642794251442
-0.537057757378,-0.071957975626,0.757293522358,-0.0387865193188,-0.0478903390467,0.763424098492,0.642950892448
-0.536814212799,-0.0715645253658,0.757526040077,-0.0392114594579,-0.047444652766,0.763141751289,0.643293380737
-0.536693811417,-0.0707176476717,0.757526516914,-0.0385963283479,-0.0469479188323,0.763360977173,0.64310669899
-0.536765158176,-0.0701291412115,0.75750207901,-0.0377858690917,-0.0465648956597,0.763272166252,0.643288254738
-0.536859214306,-0.0693922191858,0.757568001747,-0.0372928641737,-0.0457295738161,0.763359665871,0.643272995949
-0.536747097969,-0.0687132179737,0.757645606995,-0.0367771275342,-0.0453080385923,0.763113379478,0.643624722958
-0.536800026894,-0.0678785517812,0.757651209831,-0.0353998355567,-0.0450210832059,0.762988626957,0.643869757652
-0.536773324013,-0.0669166147709,0.757815897465,-0.0346562936902,-0.0445522591472,0.76289588213,0.644052743912
-0.536597967148,-0.0662012994289,0.757877647877,-0.0343601293862,-0.0437638647854,0.762445509434,0.644655704498
-0.536400675774,-0.0653536617756,0.758406698704,-0.0345513224602,-0.0439478866756,0.762367367744,0.644725501537
-0.53647851944,-0.0644976198673,0.758589804173,-0.0334854461253,-0.0435020327568,0.76221370697,0.64499348402
-0.536620140076,-0.0637667626143,0.758774936199,-0.0324986390769,-0.0430588200688,0.761980414391,0.64534932375
-0.536500632763,-0.0627941936255,0.759114861488,-0.0323460586369,-0.0421065986156,0.762285768986,0.645059049129
-0.536619305611,-0.0620533265173,0.759278535843,-0.031815636903,-0.0418921038508,0.761610925198,0.645896017551
-0.536218523979,-0.0610349141061,0.75951975584,-0.0316173657775,-0.0409859009087,0.760869145393,0.646837472916
