x,y,z,q0,q1,q2,q3
0.63117480278,0.312872558832,0.850225687027,0.616572439671,0.0979548990726,0.622829914093,-0.471514761448
0.630981326103,0.311911404133,0.850063145161,0.617535293102,0.0987897738814,0.620972514153,-0.472529292107
0.630720973015,0.310857146978,0.849795639515,-0.619725525379,-0.0983961746097,-0.619091391563,0.472211956978
0.630677819252,0.30984210968,0.850008606911,-0.621726989746,-0.0964811518788,-0.611448466778,0.47987267375
0.630510628223,0.308893442154,0.849743843079,-0.624080002308,-0.095663331449,-0.608673214912,0.4805098176
0.630370438099,0.308139503002,0.849557876587,-0.625404655933,-0.0956754460931,-0.60663574934,0.481361120939
0.630231201649,0.307654201984,0.849231719971,-0.627408921719,-0.0998699292541,-0.60887992382,0.475025445223
0.630120754242,0.306978523731,0.849433362484,-0.631571829319,-0.0967369377613,-0.600222766399,0.481135636568
0.629795730114,0.306594401598,0.849172890186,-0.637212634087,-0.0989446491003,-0.596111118793,0.47835290432
0.629727602005,0.306283950806,0.849149942398,-0.641164243221,-0.0989326611161,-0.592886805534,0.477080881596
0.629650473595,0.306021809578,0.849115073681,-0.645199775696,-0.0985843017697,-0.590061426163,0.475211650133
0.629558980465,0.305803328753,0.849092721939,-0.649085581303,-0.0977380052209,-0.587680160999,0.473040342331
0.629488587379,0.305289506912,0.84915971756,-0.651562988758,-0.0924571380019,-0.58662045002,0.47201064229
0.629135966301,0.305310428143,0.849176824093,-0.65718716383,-0.0944571793079,-0.584234833717,0.466746807098
0.628941595554,0.305215001106,0.849225819111,-0.660725951195,-0.0931091085076,-0.582452178001,0.464242786169
0.628775238991,0.305075347424,0.849141597748,-0.660043656826,-0.0918426960707,-0.588118493557,0.458283722401
0.628378629684,0.304971426725,0.849268913269,-0.666807949543,-0.0893024802208,-0.579351842403,0.460156321526
0.628007292747,0.304887115955,0.849236905575,-0.669828295708,-0.0862816423178,-0.578212976456,0.457772314548
0.627700090408,0.304713308811,0.849337697029,-0.66769516468,-0.0846147537231,-0.585777401924,0.451540112495
0.627446532249,0.304644584656,0.84942317009,-0.66895788908,-0.0826880335808,-0.585893213749,0.449874639511
0.627118825912,0.304549217224,0.849380135536,-0.67108476162,-0.0793743282557,-0.585534274578,0.447766304016
0.626934289932,0.304568976164,0.849470257759,-0.673017799854,-0.0775541365147,-0.585033893585,0.445834100246
0.626743972301,0.304620802402,0.849608659744,-0.674911618233,-0.0760108977556,-0.584414184093,0.444045782089
0.626524150372,0.304654240608,0.849722146988,-0.676339924335,-0.074511051178,-0.584167838097,0.442448168993
0.62625259161,0.304748386145,0.849937677383,-0.678494870663,-0.0731040686369,-0.583671569824,0.440032124519
0.626058518887,0.30486831069,0.850081026554,-0.68039470911,-0.0719317346811,-0.583104133606,0.438039571047
0.625905930996,0.30509865284,0.850200116634,-0.683145046234,-0.0705383196473,-0.58179551363,0.435719162226
0.625762760639,0.305276244879,0.850417912006,-0.68533962965,-0.070441223681,-0.580806791782,0.433602660894
0.625564455986,0.304193884134,0.849676251411,-0.693470358849,-0.0563258305192,-0.5696220994,0.437557995319
0.625356316566,0.304354667664,0.849832296371,-0.695680499077,-0.0560011491179,-0.568304717541,0.435800731182
0.625128269196,0.304466247559,0.849992930889,-0.697320818901,-0.0558413788676,-0.567172408104,0.434673249722
0.624814033508,0.304588168859,0.85016566515,-0.698551416397,-0.0563404597342,-0.566125571728,0.43399721384
0.624491631985,0.304670006037,0.850373983383,-0.700432479382,-0.0570481009781,-0.564278304577,0.433277994394
0.624048113823,0.304706215858,0.850606203079,-0.701654553413,-0.0576879829168,-0.562611162663,0.433383971453
0.62351089716,0.304931282997,0.850596785545,-0.70051240921,-0.061674144119,-0.567179918289,0.428702324629
0.622803330421,0.304744958878,0.850855231285,-0.703082323074,-0.0614899545908,-0.565528512001,0.426698774099
0.622175335884,0.304794788361,0.851170182228,-0.708920121193,-0.0637038275599,-0.554489552975,0.431179255247
0.621626138687,0.304679840803,0.851244926453,-0.704991400242,-0.0646763220429,-0.561203360558,0.428783029318
0.620957672596,0.304582804441,0.85140889883,-0.705962955952,-0.0664126798511,-0.558635413647,0.430269867182
0.620315551758,0.304298758507,0.851752400398,-0.709550499916,-0.065351434052,-0.549342870712,0.436451524496
0.619516313076,0.304170697927,0.851886212826,-0.710125565529,-0.0667364001274,-0.546937942505,0.438322871923
0.617064118385,0.304383069277,0.850576162338,-0.717718720436,-0.0598370246589,-0.541415572166,0.433783948421
0.617622852325,0.304020106792,0.851766109467,-0.713441550732,-0.0725800395012,-0.54187899828,0.438292771578
0.616794466972,0.303705275059,0.85166323185,-0.709949851036,-0.0734541341662,-0.548025727272,0.436169296503
0.614361047745,0.303691744804,0.850570499897,-0.720315992832,-0.0632381439209,-0.53509670496,0.436826467514
0.614844620228,0.303035616875,0.851623058319,-0.7157523036,-0.0751394554973,-0.536265254021,0.440990298986
0.613854527473,0.302589893341,0.851476311684,-0.712024092674,-0.0758389011025,-0.542737603188,0.438983112574
0.612821578979,0.302160799503,0.851338267326,-0.712547004223,-0.076340533793,-0.54147875309,0.439601808786
0.610250473022,0.301999926567,0.850096225739,-0.722786784172,-0.0655789747834,-0.528292000294,0.440665721893
0.609130322933,0.301525235176,0.850031375885,-0.723021030426,-0.0661044940352,-0.527941048145,0.440623492002
0.609349548817,0.300788491964,0.850911617279,-0.718917191029,-0.0758514627814,-0.528392732143,0.445203155279
0.606881976128,0.300385594368,0.849471271038,-0.719975113869,-0.0646416395903,-0.533621490002,0.438982307911
0.605499684811,0.299999058247,0.849412560463,-0.724682033062,-0.0649729892612,-0.523865699768,0.442921370268
0.605741083622,0.29927444458,0.850258231163,-0.720663487911,-0.0749696046114,-0.525398433208,0.446072101593
0.604658186436,0.298666357994,0.849885702133,-0.716304302216,-0.0743229016662,-0.533502101898,0.443576216698
0.603191018105,0.298092722893,0.849724888802,-0.720219910145,-0.0739117264748,-0.524497032166,0.44802159071
0.600628435612,0.297679036856,0.848248004913,-0.721232414246,-0.0627117231488,-0.529775977135,0.441846758127
0.59929060936,0.297253489494,0.848027169704,-0.726277053356,-0.0629018172622,-0.519210159779,0.446078270674
0.598073959351,0.296675384045,0.847759008408,-0.724178195,-0.0630189031363,-0.520388484001,0.448096424341
0.596730291843,0.296104490757,0.847343683243,-0.724359571934,-0.062049459666,-0.518899023533,0.449663162231
0.597153306007,0.295207113028,0.847951292992,-0.715842306614,-0.0723189041018,-0.528733253479,0.450312167406
0.596001148224,0.294674545527,0.84751534462,-0.714897751808,-0.072093591094,-0.528571069241,0.452035993338
0.594611406326,0.29429680109,0.847239971161,-0.718114852905,-0.072622038424,-0.52016800642,0.456576645374
0.593503117561,0.293771773577,0.84690952301,-0.717876017094,-0.0735861733556,-0.520036637783,0.456947356462
0.592413842678,0.293312549591,0.846484959126,-0.71704351902,-0.0734066814184,-0.520357191563,0.457917869091
0.591381549835,0.292785763741,0.845958888531,-0.716192245483,-0.0733092874289,-0.520996212959,0.45853844285
0.590431988239,0.292428463697,0.845487177372,-0.717463731766,-0.0729077756405,-0.51953548193,0.458271980286
0.589681744576,0.292004108429,0.844995617867,-0.717902004719,-0.0716717615724,-0.51987528801,0.457394421101
0.589017570019,0.29167124629,0.844506859779,-0.718168020248,-0.0703868046403,-0.520441889763,0.45653116703
0.588626146317,0.291179984808,0.844190597534,-0.717045605183,-0.0663663446903,-0.522471427917,0.4565795362
0.588039278984,0.291085898876,0.843486428261,-0.715478181839,-0.0678469836712,-0.530687570572,0.449286788702
0.5876262784,0.290926218033,0.843034386635,-0.716300606728,-0.0664020180702,-0.5309882164,0.447834581137
0.587344944477,0.290846735239,0.842583656311,-0.717536449432,-0.064802005887,-0.530997395515,0.446076154709
0.587000131607,0.29089486599,0.842276990414,-0.722701668739,-0.0631077066064,-0.522783577442,0.447679668665
0.586889028549,0.290921568871,0.841885149479,-0.723837852478,-0.0616740174592,-0.522387206554,0.446504980326
0.58688980341,0.291002631187,0.841498017311,-0.725462913513,-0.0603231713176,-0.521495103836,0.445092827082
0.586980462074,0.29096904397,0.841014385223,-0.721829891205,-0.0590020157397,-0.530405879021,0.440624654293
0.586963117123,0.291103839874,0.840715050697,-0.722627401352,-0.0580817349255,-0.530060172081,0.43985503912
0.586878597736,0.291372001171,0.840561330318,-0.727538466454,-0.0579663850367,-0.521017730236,0.442570120096
0.586929917336,0.29155126214,0.840294778347,-0.728285491467,-0.0576208159328,-0.520281195641,0.442252993584
0.587022125721,0.291742682457,0.840082645416,-0.728767752647,-0.0575548149645,-0.519576132298,0.442295879126
0.587256252766,0.291873931885,0.83969438076,-0.724948763847,-0.0568014793098,-0.527758896351,0.43896868825
0.587448835373,0.292079895735,0.839403748512,-0.72588133812,-0.056396368891,-0.526341855526,0.439180999994
0.587608039379,0.292266190052,0.839127182961,-0.725680828094,-0.0562520623207,-0.525357246399,0.440707057714
0.587755322456,0.292448222637,0.838868975639,-0.725658535957,-0.0561408028007,-0.524311959743,0.442001074553
0.58789819479,0.292651504278,0.83862054348,-0.725659966469,-0.0563971810043,-0.523145437241,0.443346351385
0.58801060915,0.292954266071,0.838324785233,-0.726312994957,-0.0567032471299,-0.521607100964,0.444049865007
0.588139414787,0.293358534575,0.838056504726,-0.731328785419,-0.0572651326656,-0.511342227459,0.44766959548
0.588284134865,0.293638110161,0.837667226791,-0.732445418835,-0.0571023114026,-0.509765326977,0.447663336992
0.588334441185,0.293789505959,0.837371110916,-0.732438743114,-0.0571127794683,-0.509110689163,0.448417216539
0.588301420212,0.293970912695,0.837032914162,-0.733357429504,-0.0563927479088,-0.508107304573,0.448144763708
0.58844345808,0.294269889593,0.836584568024,-0.731929957867,-0.0554486587644,-0.514369726181,0.443427294493
0.588296234608,0.294436186552,0.836362361908,-0.732521831989,-0.0547716878355,-0.51349234581,0.443551063538
0.588095366955,0.294581741095,0.83621931076,-0.732567667961,-0.0544793903828,-0.512817502022,0.444291204214
0.587832331657,0.294745475054,0.836079001427,-0.732002854347,-0.0543953031301,-0.51255607605,0.445532560349
0.587554454803,0.294935792685,0.835911035538,-0.732049226761,-0.0536983720958,-0.511896431446,0.446298748255
0.587181448936,0.295298248529,0.835897088051,-0.736743867397,-0.0540200434625,-0.501300215721,0.450542449951
0.58713132143,0.295336842537,0.835883498192,-0.73542201519,-0.0499781742692,-0.501449167728,0.452996134758
0.586696088314,0.295895576477,0.835686922073,-0.737563252449,-0.0533976852894,-0.499615073204,0.451147377491
0.586671710014,0.296154052019,0.835542500019,-0.733929216862,-0.0527695193887,-0.507251441479,0.448619484901
0.586319327354,0.296772032976,0.835619747639,-0.739775598049,-0.053290065378,-0.495892971754,0.451644092798
0.586520791054,0.296799719334,0.835850477219,-0.736171126366,-0.0464998148382,-0.496785223484,0.457268387079
0.586424529552,0.297218859196,0.835882365704,-0.736360967159,-0.0470093600452,-0.49630522728,0.457431763411
0.586395442486,0.297645181417,0.835895478725,-0.73663765192,-0.047143176198,-0.495496243238,0.457849413157
0.586366593838,0.298196792603,0.835895061493,-0.736504077911,-0.0470236763358,-0.49492508173,0.45869359374
0.586375594139,0.298876672983,0.835882544518,-0.737662374973,-0.0472044050694,-0.493014931679,0.458870619535
0.585997343063,0.299979329109,0.835675001144,-0.742160022259,-0.0542273968458,-0.489862769842,0.454194277525
0.586446881294,0.300208032131,0.835944652557,-0.740543484688,-0.048526134342,-0.489386558533,0.457975298166
0.58642411232,0.300976783037,0.835936784744,-0.741634428501,-0.0491400212049,-0.488093078136,0.457524657249
0.586024284363,0.302117139101,0.83565980196,-0.745549798012,-0.0570552237332,-0.485469162464,0.453012049198
0.586018383503,0.302845418453,0.835572361946,-0.746136546135,-0.0580397769809,-0.484609246254,0.452841609716
0.586181461811,0.303534001112,0.835368573666,-0.743825912476,-0.0586481131613,-0.491146147251,0.449509710073
0.586305260658,0.304149478674,0.835440158844,-0.746589779854,-0.0571321547031,-0.481881856918,0.455114841461
0.586313426495,0.304990291595,0.835272073746,-0.747398495674,-0.0587668977678,-0.48069113493,0.454838335514
0.586376368999,0.305711865425,0.8351354599,-0.747789621353,-0.0602727867663,-0.479476898909,0.455280005932
0.584861934185,0.306923627853,0.833899199963,-0.753022193909,-0.0555673055351,-0.475108444691,0.451820552349
0.584771811962,0.307651281357,0.833740234375,-0.753104448318,-0.0563507899642,-0.473553389311,0.453216791153
0.58486366272,0.308447897434,0.833691477776,-0.753405451775,-0.0582988858223,-0.472056806087,0.454030692577
0.584956407547,0.309158474207,0.833691477776,-0.752780258656,-0.0604964829981,-0.471149712801,0.455719411373
0.584964454174,0.309638977051,0.833839297295,-0.751109778881,-0.0628294870257,-0.471496075392,0.457796931267
0.586197853088,0.310229301453,0.834836602211,-0.74899148941,-0.0720080435276,-0.472253143787,0.459133684635
0.5861068964,0.310718029737,0.834917664528,-0.748872160912,-0.0728091076016,-0.47160705924,0.459865391254
0.586046040058,0.31124189496,0.8350238204,-0.748375296593,-0.0741582065821,-0.471064597368,0.461013197899
0.584798693657,0.31186196208,0.833953619003,-0.747717738152,-0.0657423958182,-0.476529300213,0.457729279995
0.584539115429,0.312493801117,0.834077179432,-0.752020418644,-0.0677342265844,-0.465291142464,0.461932569742
0.584589123726,0.312947183847,0.834127545357,-0.752780377865,-0.0687488466501,-0.46391120553,0.461932688951
0.584603607655,0.313277810812,0.834151387215,-0.752331078053,-0.0699083805084,-0.463562130928,0.462840139866
0.584627628326,0.313599169254,0.834233045578,-0.751116275787,-0.0714077576995,-0.464369893074,0.463773518801
0.584749937057,0.313807934523,0.834289550781,-0.749704480171,-0.0704630538821,-0.464837431908,0.465730130672
0.584936439991,0.313794434071,0.834293961525,-0.749223530293,-0.069944947958,-0.464611321688,0.466806411743
0.58492487669,0.313945353031,0.834128022194,-0.749094367027,-0.0700860545039,-0.464191645384,0.46740975976
0.584958851337,0.314023375511,0.834051072598,-0.748941719532,-0.0705404803157,-0.464130371809,0.467646747828
0.584966778755,0.314050704241,0.833961844444,-0.748805582523,-0.0709201842546,-0.464119285345,0.467818319798
0.584951937199,0.314055740833,0.833881378174,-0.74877423048,-0.0712378844619,-0.46421572566,0.467724561691
0.584933757782,0.314033031464,0.833807468414,-0.748909950256,-0.0714761540294,-0.464228481054,0.467457979918
0.584936857224,0.313983619213,0.833720803261,-0.749294757843,-0.0721924230456,-0.464331537485,0.466628283262
0.584885895252,0.313978910446,0.833478689194,-0.747021555901,-0.0752552896738,-0.473011434078,0.461037665606
0.584904551506,0.313883900642,0.83351546526,-0.747420966625,-0.0755894631147,-0.473164111376,0.460178107023
0.584908783436,0.313795685768,0.833689332008,-0.750470817089,-0.0731422901154,-0.464646100998,0.464271247387
0.584892630577,0.313747942448,0.833666682243,-0.750848829746,-0.0733260437846,-0.464663356543,0.463613301516
0.584797978401,0.313678473234,0.833583176136,-0.751657485962,-0.0726415812969,-0.464399188757,0.462674468756
0.584580540657,0.313839614391,0.833478152752,-0.753049314022,-0.0763462856412,-0.464384794235,0.45982041955
0.584572911263,0.313795775175,0.833485603333,-0.753432631493,-0.076550424099,-0.464354753494,0.459188580513
0.584739267826,0.313625633717,0.833438813686,-0.749764144421,-0.0762301906943,-0.473179996014,0.456227391958
0.584740400314,0.313606768847,0.833485484123,-0.749710083008,-0.076633952558,-0.473412722349,0.456007093191
0.584753215313,0.313590168953,0.833581984043,-0.749498486519,-0.0771644115448,-0.473643690348,0.456025600433
0.584849596024,0.313630700111,0.833814024925,-0.74860060215,-0.078741595149,-0.474342107773,0.456504613161
0.584811925888,0.313649535179,0.83401632309,-0.747986078262,-0.0794772952795,-0.474821180105,0.456886410713
0.584771811962,0.313672095537,0.834261775017,-0.746913552284,-0.0802163556218,-0.475581675768,0.457719922066
0.584610939026,0.313722789288,0.834680199623,-0.745533049107,-0.0810785517097,-0.476872950792,0.458474606276
0.584572076797,0.31386500597,0.835058391094,-0.7444871068,-0.0820446833968,-0.477605938911,0.459238737822
0.584777534008,0.314076274633,0.835750102997,-0.745146334171,-0.0814389288425,-0.469187051058,0.466892123222
0.584774136543,0.314265072346,0.836283862591,-0.743279576302,-0.0833281874657,-0.47034484148,0.468367040157
0.584442794323,0.314651370049,0.836697757244,-0.742483198643,-0.0878434404731,-0.47128534317,0.467859447002
0.584460020065,0.31491792202,0.837263524532,-0.740904152393,-0.0897332653403,-0.472226470709,0.469053506851
0.584452748299,0.315201818943,0.837819933891,-0.739211916924,-0.0919299051166,-0.473096728325,0.470419257879
0.584290623665,0.315600693226,0.838345110416,-0.738371610641,-0.0932394117117,-0.472304672003,0.472273260355
0.584115505219,0.316015213728,0.83884447813,-0.736545801163,-0.0950068086386,-0.473246961832,0.473826259375
0.584112763405,0.316443741322,0.83937227726,-0.734995722771,-0.0972674712539,-0.473716050386,0.475303679705
0.584247291088,0.316701352596,0.840020060539,-0.732048392296,-0.0964170172811,-0.474731653929,0.478997826576
0.584022521973,0.31722292304,0.840465784073,-0.730130732059,-0.0981847122312,-0.475281268358,0.481016218662
0.584088504314,0.317490130663,0.840914785862,-0.728113889694,-0.0957148373127,-0.474636375904,0.485189914703
0.584033489227,0.318220943213,0.841391563416,-0.727264463902,-0.0993140637875,-0.47396081686,0.486399233341
0.584494531155,0.320053815842,0.843345701694,-0.718848705292,-0.12173769623,-0.479535907507,0.488346129656
0.58432507515,0.320543140173,0.843529522419,-0.714903771877,-0.126316487789,-0.486170977354,0.486409902573
0.584373772144,0.320995628834,0.844314098358,-0.714990496635,-0.123597107828,-0.478133052588,0.494874864817
0.583781659603,0.321773171425,0.844252586365,-0.715389430523,-0.127128317952,-0.47722029686,0.494284421206
0.583479881287,0.322599083185,0.844239771366,-0.712337017059,-0.13290861249,-0.483823627234,0.490740269423
0.583085596561,0.323108553886,0.844392180443,-0.711390912533,-0.134233161807,-0.483191281557,0.492372512817
0.582767128944,0.323606133461,0.844540476799,-0.710483193398,-0.135793834925,-0.482894957066,0.493544429541
0.582221090794,0.324349224567,0.84479868412,-0.712768495083,-0.138117194176,-0.47455355525,0.497678399086
0.581877231598,0.324846357107,0.844725310802,-0.713347017765,-0.138217955828,-0.47306522727,0.498237997293
0.581698477268,0.325124055147,0.844702124596,-0.709080696106,-0.139491170645,-0.480146616697,0.497198343277
0.581203639507,0.32577419281,0.845062017441,-0.71039801836,-0.142222985625,-0.473159074783,0.501226305962
0.58079123497,0.326137602329,0.845242679119,-0.709493219852,-0.143561631441,-0.471555292606,0.503632068634
0.580400943756,0.326407045126,0.845194876194,-0.708316862583,-0.14302136004,-0.47196123004,0.50505900383
0.58010828495,0.326604157686,0.845205724239,-0.707343459129,-0.143041297793,-0.472070634365,0.506313920021
0.580137729645,0.32669788599,0.845227539539,-0.702506124973,-0.143934562802,-0.479673177004,0.505649745464
0.579710125923,0.326897233725,0.845345139503,-0.705107271671,-0.143137529492,-0.471298903227,0.510110676289
0.579579949379,0.326880812645,0.845325112343,-0.704248189926,-0.142383232713,-0.470959484577,0.511819064617
0.579562187195,0.326819717884,0.845260441303,-0.703463435173,-0.141787141562,-0.470871388912,0.513143002987
0.580217957497,0.326274871826,0.845337569714,-0.701203346252,-0.135383993387,-0.470893651247,0.517923057079
0.580439686775,0.326099902391,0.845067322254,-0.701601684093,-0.135010287166,-0.470520824194,0.517819821835
0.580506443977,0.325949072838,0.844177603722,-0.701955974102,-0.139835342765,-0.477755606174,0.509365856647
0.580699563026,0.325641721487,0.843653380871,-0.708342730999,-0.137517541647,-0.469819694757,0.508536338806
0.581213593483,0.324649482965,0.84283208847,-0.707721114159,-0.135115981102,-0.47816413641,0.502228617668
0.581563234329,0.323898643255,0.842446088791,-0.713148117065,-0.129991918802,-0.47115072608,0.502532601357
0.581837713718,0.322981476784,0.841351628304,-0.714347362518,-0.129005461931,-0.479109853506,0.493476718664
0.581838130951,0.322090089321,0.840795755386,-0.719855546951,-0.123418837786,-0.472595006227,0.493183195591
0.581931114197,0.321161955595,0.840298652649,-0.723461925983,-0.124267295003,-0.471684008837,0.488543510437
0.582196354866,0.320155382156,0.83966833353,-0.726768255234,-0.120790481567,-0.472269177437,0.4839207232
0.582295358181,0.319103389978,0.839223265648,-0.72932267189,-0.118118874729,-0.472526580095,0.480473935604
0.582467734814,0.31806242466,0.838886082172,-0.730750799179,-0.11696909368,-0.472749590874,0.478361189365
0.58293569088,0.316908478737,0.838432908058,-0.730170249939,-0.114561863244,-0.481101006269,0.471453815699
0.582940578461,0.315915584564,0.838070273399,-0.737092852592,-0.112451866269,-0.471992611885,0.470395356417
0.583273410797,0.314676702023,0.837884545326,-0.737176597118,-0.108043938875,-0.473175734282,0.470108479261
0.583342313766,0.313701748848,0.837374269962,-0.741150081158,-0.108902409673,-0.472882688046,0.463916778564
0.58341050148,0.312451988459,0.836982667446,-0.743261933327,-0.106227874756,-0.472538918257,0.461502313614
0.583769083023,0.311200618744,0.836995482445,-0.744777143002,-0.102121464908,-0.472118258476,0.46041560173
0.583851516247,0.310066223145,0.83694756031,-0.745103478432,-0.101161152124,-0.473252922297,0.458932429552
0.583961367607,0.308963418007,0.836870610714,-0.747597157955,-0.0998769029975,-0.471815228462,0.456633001566
0.582743227482,0.307020455599,0.834854006767,-0.756158828735,-0.0805096998811,-0.466014742851,0.452296763659
0.584021806717,0.30558565259,0.835824429989,-0.755504727364,-0.0863529890776,-0.4669662714,0.451329439878
0.584022581577,0.30455699563,0.835948824883,-0.756293237209,-0.0855089426041,-0.466755867004,0.450386285782
0.583896040916,0.303812533617,0.836087346077,-0.758626997471,-0.0859595835209,-0.465281069279,0.447894662619
0.583978295326,0.302695989609,0.836493015289,-0.759610772133,-0.0849604010582,-0.46468514204,0.447035729885
0.583712756634,0.301855832338,0.836723685265,-0.761180222034,-0.0852195471525,-0.464209467173,0.444805502892
0.583692550659,0.300826847553,0.836917281151,-0.760600566864,-0.086140088737,-0.470215290785,0.43927693367
0.583262085915,0.30005016923,0.837388396263,-0.765277326107,-0.0831415578723,-0.46063631773,0.441873759031
0.583186328411,0.298965215683,0.837640941143,-0.763643622398,-0.0845265686512,-0.468506544828,0.436125427485
0.582768976688,0.298050016165,0.838119029999,-0.764199614525,-0.0840551182628,-0.468131989241,0.435644567013
0.582529902458,0.297184407711,0.838887572289,-0.768232166767,-0.079737380147,-0.458477258682,0.439613431692
0.58197426796,0.296681076288,0.839384734631,-0.768979728222,-0.0803240463138,-0.458148747683,0.438540786505
0.581646323204,0.295874714851,0.839895427227,-0.765664041042,-0.0819825902581,-0.466507256031,0.435211032629
0.581150949001,0.295284837484,0.840778887272,-0.76918888092,-0.0804000347853,-0.456330925226,0.440052837133
0.580710053444,0.294695258141,0.841286599636,-0.768024981022,-0.0814570859075,-0.462770283222,0.435139209032
0.580071866512,0.294179201126,0.842145860195,-0.772073566914,-0.0786356627941,-0.453803420067,0.437928527594
0.579488813877,0.293182373047,0.842805802822,-0.769638061523,-0.0799107477069,-0.461957365274,0.433436185122
0.578846395016,0.292397379875,0.843669056892,-0.771008968353,-0.0788294821978,-0.4608977139,0.432324439287
0.577905833721,0.29168176651,0.844732165337,-0.774055719376,-0.0754112973809,-0.4528824687,0.435945212841
0.576213955879,0.291029334068,0.844765901566,-0.77574801445,-0.0699433460832,-0.458102971315,0.428327739239
0.57627594471,0.2902957201,0.846534252167,-0.776569545269,-0.074454382062,-0.450310856104,0.434299945831
0.575484633446,0.289624035358,0.847403466702,-0.773320972919,-0.0768815875053,-0.45766082406,0.431984275579
0.574233114719,0.289168804884,0.848686218262,-0.776973485947,-0.0755829140544,-0.446838676929,0.436960846186
0.573159515858,0.288627654314,0.84981906414,-0.778219342232,-0.0772356018424,-0.444815814495,0.436518371105
0.571967601776,0.287909060717,0.850965261459,-0.778483092785,-0.0762467309833,-0.443653464317,0.437403917313
0.570719361305,0.286979645491,0.852114140987,-0.779315531254,-0.075695052743,-0.441789716482,0.43790346384
0.569395124912,0.286023080349,0.853337645531,-0.779483616352,-0.0748744681478,-0.441417872906,0.438120394945
0.568026959896,0.284933060408,0.854591548443,-0.779779493809,-0.0742075666785,-0.441042929888,0.438084959984
0.566768050194,0.2836817801,0.855798244476,-0.77577406168,-0.0721453204751,-0.450715869665,0.435688942671
0.565072000027,0.282723665237,0.857086956501,-0.779922902584,-0.0724689140916,-0.441492348909,0.437667667866
0.562683939934,0.281786680222,0.857865929604,-0.780082046986,-0.0660985559225,-0.447536498308,0.43222001195
0.561751484871,0.281137079,0.85902941227,-0.78085142374,-0.0713386759162,-0.436365902424,0.441323757172
0.560334563255,0.280007064342,0.860592067242,-0.781047165394,-0.0732539594173,-0.436190277338,0.440837055445
0.559168338776,0.27869027853,0.861935734749,-0.779598116875,-0.0667049139738,-0.43502509594,0.445567667484
0.557475507259,0.277553498745,0.863089263439,-0.780151307583,-0.0668353140354,-0.433309435844,0.446251213551
0.555732905865,0.27646613121,0.864186823368,-0.780919313431,-0.0659036189318,-0.432196170092,0.446125805378
0.553935408592,0.275252610445,0.865313768387,-0.781452536583,-0.0656745359302,-0.431113570929,0.446273326874
0.551987290382,0.27425724268,0.866067767143,-0.78138923645,-0.0642501041293,-0.429603844881,0.448043942451
0.550090074539,0.272994577885,0.867153406143,-0.782772123814,-0.0634928643703,-0.427917033434,0.447351694107
0.548547804356,0.272233843803,0.868551969528,-0.781115531921,-0.0680168420076,-0.427402079105,0.450066566467
0.545562744141,0.270456194878,0.869291543961,-0.788024246693,-0.0575594864786,-0.422891080379,0.443698078394
0.543229341507,0.269267916679,0.870251774788,-0.790206968784,-0.0537342615426,-0.419905275106,0.443131059408
0.541055202484,0.268315404654,0.871240615845,-0.789266645908,-0.0605697445571,-0.426927745342,0.437175303698
0.540277481079,0.267571538687,0.87262147665,-0.783089339733,-0.0697090774775,-0.426468789577,0.447254210711
0.538065969944,0.266765654087,0.87405860424,-0.787777066231,-0.0715288743377,-0.414443850517,0.450030267239
0.535753905773,0.264728069305,0.87522983551,-0.79027235508,-0.0630900263786,-0.411856710911,0.449292093515
0.532810091972,0.263546794653,0.876581907272,-0.79521894455,-0.0641488134861,-0.407633662224,0.444237112999
0.531408846378,0.26248383522,0.877868592739,-0.791910946369,-0.0682559907436,-0.406594336033,0.450443565845
0.529392123222,0.261258989573,0.87994158268,-0.788502693176,-0.0712238848209,-0.415426701307,0.447896629572
0.52681350708,0.260182231665,0.881528615952,-0.793008387089,-0.0735820010304,-0.403826087713,0.45016425848
0.524417996407,0.259032487869,0.883046627045,-0.794668495655,-0.0746133476496,-0.399831086397,0.450632840395
0.521996498108,0.257635325193,0.884333431721,-0.795764803886,-0.0733341053128,-0.396807193756,0.451579868793
0.519535541534,0.256490498781,0.885995864868,-0.796600103378,-0.0741241872311,-0.39350605011,0.452865332365
0.516882300377,0.25496122241,0.887511491776,-0.799372553825,-0.0683434233069,-0.388603270054,0.45312282443
0.514765441418,0.253738194704,0.889539480209,-0.798536121845,-0.0697495788336,-0.387117981911,0.45564776659
0.512100577354,0.253091514111,0.891979515553,-0.797904014587,-0.0757197290659,-0.386593610048,0.456246972084
0.50905162096,0.251153856516,0.892940461636,-0.803017020226,-0.070174574852,-0.378983169794,0.454545080662
0.50495672226,0.248143240809,0.895732522011,-0.811385095119,-0.0569304972887,-0.38619056344,0.435051649809
0.503264129162,0.247023656964,0.895634889603,-0.809451460838,-0.0542939566076,-0.367549240589,0.454695522785
0.50041860342,0.245872423053,0.897825956345,-0.811103999615,-0.0536976233125,-0.363006472588,0.455470502377
0.497458308935,0.244641005993,0.900091350079,-0.811863481998,-0.0525994040072,-0.359692871571,0.456872105598
0.494587481022,0.24338299036,0.902503907681,-0.812745571136,-0.0509151034057,-0.354950219393,0.459197849035
0.491480588913,0.242342203856,0.905060112476,-0.812873840332,-0.0506211444736,-0.35285487771,0.460616022348
0.480440825224,0.235420420766,0.912984848022,-0.861130714417,-0.0040981406346,-0.349734991789,0.368947923183
0.483643561602,0.239388614893,0.912354230881,-0.824152886868,-0.0459253899753,-0.348517268896,0.444070577621
0.480077326298,0.238023668528,0.915368318558,-0.827553212643,-0.0431626625359,-0.344506829977,0.441143870354
0.47727560997,0.237181171775,0.918011546135,-0.825413882732,-0.0437032207847,-0.339558720589,0.448867410421
0.472071945667,0.234533533454,0.922117590904,-0.837777793407,-0.0315637923777,-0.337054848671,0.428399533033
0.470875382423,0.235028356314,0.923866271973,-0.825977623463,-0.0430631451309,-0.330906033516,0.454321354628
0.467356801033,0.23333504796,0.927123308182,-0.827937185764,-0.0396987386048,-0.3274307549,0.453578412533
0.464154660702,0.232586443424,0.930128216743,-0.827151358128,-0.0389358140528,-0.323225259781,0.458072185516
0.460962533951,0.231213867664,0.933413863182,-0.827527880669,-0.0333409234881,-0.318180114031,0.461354017258
0.457495510578,0.230157509446,0.936700105667,-0.829456865788,-0.0318089053035,-0.313283324242,0.461349070072
0.454180896282,0.229138627648,0.939872562885,-0.827348291874,-0.0307612344623,-0.309805721045,0.467513680458
0.450603097677,0.22781701386,0.943570137024,-0.830556571484,-0.0293037351221,-0.304625689983,0.465317338705
0.446829020977,0.226311177015,0.947202444077,-0.832490742207,-0.0252863168716,-0.301147997379,0.464359432459
0.443574726582,0.225032776594,0.950872898102,-0.833239495754,-0.0242196898907,-0.297297894955,0.465552717447
0.439796388149,0.223325490952,0.954468011856,-0.833330690861,-0.0293163526803,-0.295976132154,0.465938568115
0.435901641846,0.22194339335,0.958570659161,-0.836337089539,-0.0288051683456,-0.292934089899,0.46249344945
0.433078587055,0.220542982221,0.962152957916,-0.833859741688,-0.0283456053585,-0.290190011263,0.468683600426
0.42936873436,0.218928590417,0.966333270073,-0.840206980705,-0.0249472670257,-0.283317506313,0.461693644524
0.425834745169,0.217517197132,0.970452845097,-0.842299044132,-0.0241606011987,-0.278557687998,0.460819333792
0.422099351883,0.216439038515,0.974392533302,-0.842678844929,-0.0251989085227,-0.274952232838,0.462232321501
0.418267846107,0.214381173253,0.978880286217,-0.847701191902,-0.0197792686522,-0.26922789216,0.456648439169
0.415154397488,0.212869822979,0.982918381691,-0.847317099571,-0.0150766000152,-0.263335585594,0.460956543684
0.411815106869,0.211296141148,0.986803472042,-0.84401255846,-0.0162184629589,-0.263067781925,0.467092216015
0.40742701292,0.209761187434,0.991319715977,-0.85106253624,-0.0184965226799,-0.260387599468,0.455575227737
0.40434217453,0.207684695721,0.995302021503,-0.851296424866,-0.0103936949745,-0.25491514802,0.458480805159
0.40096411109,0.205660298467,0.999608278275,-0.851177752018,-0.00913478899747,-0.253897339106,0.459292083979
0.397756516933,0.204685434699,1.00348901749,-0.852509796619,-0.016639476642,-0.251413494349,0.457975417376
0.394710808992,0.20339499414,1.0068769455,-0.848733127117,-0.0195659603924,-0.249961718917,0.465605378151
0.391740381718,0.2018301934,1.01099312305,-0.852073311806,-0.0177196152508,-0.243503525853,0.462993770838
0.388434708118,0.200227573514,1.0149077177,-0.854157567024,-0.0173355974257,-0.239735618234,0.46113049984
0.385292321444,0.198885545135,1.01906609535,-0.85524559021,-0.0188624635339,-0.235776230693,0.461095333099
0.382128000259,0.197232216597,1.02270567417,-0.85537570715,-0.0169110465795,-0.23164921999,0.463017344475
0.37870568037,0.195761412382,1.02664029598,-0.857102811337,-0.0173343233764,-0.22846314311,0.461388140917
0.375770390034,0.19396302104,1.0305775404,-0.857736349106,-0.0152773084119,-0.223781228065,0.462576448917
0.372722417116,0.192436307669,1.03468942642,-0.858294844627,-0.0165975596756,-0.221776619554,0.462460517883
0.369629383087,0.190732419491,1.0385876894,-0.859285235405,-0.0157294627279,-0.218186363578,0.462359368801
0.366579324007,0.188579931855,1.04217326641,-0.859898686409,-0.0125636104494,-0.215439468622,0.462603867054
0.363443255424,0.186749309301,1.04600739479,-0.861450791359,-0.00993973296136,-0.21212784946,0.461308598518
0.360441029072,0.185103446245,1.04958224297,-0.861371278763,-0.00912201497704,-0.208348691463,0.463192433119
0.357616603374,0.183620646596,1.05336916447,-0.862364053726,-0.00790631677955,-0.20377767086,0.463400870562
0.354644954205,0.181933552027,1.05691766739,-0.862565517426,-0.00680516334251,-0.201052904129,0.46423304081
0.35159316659,0.18047118187,1.06033873558,-0.86242210865,-0.00554898520932,-0.197372227907,0.46609172225
0.348703533411,0.178799495101,1.06373202801,-0.862960577011,-0.00480324076489,-0.194211304188,0.466431319714
0.345666587353,0.177036300302,1.06703174114,-0.861808300018,-0.00346452975646,-0.193276405334,0.468954831362
0.342772424221,0.174964100122,1.07058274746,-0.861707270145,-0.00116357172374,-0.191824927926,0.469747275114
0.340234100819,0.174306899309,1.07459187508,-0.864999771118,-0.00341996364295,-0.18637855351,0.465861409903
0.337314426899,0.171801745892,1.07811796665,-0.862023890018,-0.0012945975177,-0.189300015569,0.470189958811
0.33481502533,0.170548588037,1.08186280727,-0.866543591022,-0.000656052317936,-0.182517230511,0.464531332254
0.331972658634,0.16800455749,1.08499288559,-0.865802049637,0.00557779381052,-0.181189984083,0.46639662981
0.329751491547,0.166772380471,1.08886253834,-0.867665052414,0.00344588421285,-0.175415113568,0.465161383152
0.32681402564,0.164161071181,1.09186589718,-0.864069640636,0.00657108100131,-0.178382709622,0.470659136772
0.324517607689,0.162785172462,1.09508860111,-0.868877291679,0.010498222895,-0.16745659709,0.465725779533
0.321816086769,0.160399362445,1.0979950428,-0.866934299469,0.0127821257338,-0.168435722589,0.468925476074
0.319270849228,0.158826842904,1.10124063492,-0.86781668663,0.013419913128,-0.16512003541,0.468454420567
0.316954791546,0.157125622034,1.10429751873,-0.867997527122,0.0150734810159,-0.163194864988,0.468743443489
0.314764797688,0.155566141009,1.1077671051,-0.869586586952,0.0169514976442,-0.16054315865,0.466645151377
0.312063872814,0.153607115149,1.11060869694,-0.870572149754,0.0102729937062,-0.162975341082,0.464152693748
0.309761285782,0.152435317636,1.11395430565,-0.870951116085,0.00748614966869,-0.161720111966,0.463933825493
0.30751478672,0.150128901005,1.11658716202,-0.87244951725,0.0117055010051,-0.158593788743,0.462106972933
0.305640310049,0.148316606879,1.11979365349,-0.873661994934,0.0140184052289,-0.153429418802,0.461494982243
0.30331915617,0.146466061473,1.12224805355,-0.873052835464,0.015940612182,-0.151846766472,0.463105976582
0.301333338022,0.144872754812,1.12508225441,-0.872796237469,0.0167541000992,-0.149928078055,0.464185088873
0.299403309822,0.144017517567,1.12805759907,-0.870828807354,0.0114036267623,-0.149483755231,0.468168288469
0.297201097012,0.141576930881,1.13018429279,-0.873299360275,0.0157055761665,-0.145400181413,0.464715301991
0.295593619347,0.141172513366,1.13318419456,-0.873779535294,0.0102051440626,-0.141957730055,0.465030163527
0.293509423733,0.139260575175,1.1354316473,-0.87135976553,0.011968462728,-0.144913971424,0.468603163958
0.291585862637,0.136855393648,1.13741779327,-0.873887896538,0.0164568200707,-0.141071930528,0.464916944504
0.289845913649,0.135554760695,1.13989150524,-0.875142812729,0.0153236882761,-0.139018893242,0.463210552931
0.287966400385,0.134587585926,1.14225578308,-0.87405025959,0.0121287498623,-0.139695420861,0.465160608292
0.286256879568,0.132481247187,1.1442142725,-0.876454353333,0.0140417730436,-0.138048946857,0.461056292057
0.284785270691,0.131011083722,1.14643597603,-0.876488029957,0.0166010204703,-0.134282961488,0.462018698454
0.282846987247,0.129587203264,1.14812636375,-0.876721143723,0.0137620307505,-0.1343408674,0.46165278554
0.28145468235,0.128294825554,1.1504997015,-0.877419412136,0.0134197846055,-0.132966145873,0.460733234882
0.279789119959,0.126770570874,1.15234732628,-0.877250373363,0.0133929271251,-0.132023379207,0.461326658726
0.278218626976,0.12542887032,1.15424382687,-0.877376914024,0.0129451872781,-0.130972281098,0.461398333311
0.276734322309,0.123826235533,1.15622603893,-0.877418935299,0.0133000025526,-0.131736457348,0.461090773344
0.275378108025,0.122651264071,1.15779852867,-0.879622638226,0.0158947315067,-0.125126793981,0.458644419909
0.274010717869,0.121612772346,1.16007947922,-0.87992733717,0.0131185818464,-0.127489134669,0.457495748997
0.272452712059,0.120122730732,1.16173696518,-0.881607055664,0.0121812475845,-0.12655121088,0.454538702965
0.271105527878,0.118889778852,1.16348648071,-0.881640970707,0.0121417827904,-0.126660346985,0.454443544149
0.270178228617,0.117703676224,1.16553735733,-0.882308781147,0.0153412334621,-0.12266767025,0.454145848751
0.268808305264,0.116497933865,1.167288661,-0.883197247982,0.0115886777639,-0.124265529215,0.452091276646
0.267298132181,0.115056797862,1.16859304905,-0.881165325642,0.0111531326547,-0.125601813197,0.455683410168
0.266008615494,0.114526107907,1.16967785358,-0.880331575871,0.0143555197865,-0.119030840695,0.458957523108
0.264670729637,0.112781599164,1.1716272831,-0.881044626236,0.0113239353523,-0.123593650758,0.456461369991
0.263443559408,0.112555295229,1.17292666435,-0.880025982857,0.0107163051143,-0.119000993669,0.459650427103
0.261992275715,0.111451670527,1.17396521568,-0.87863111496,0.00994534511119,-0.118722572923,0.462399512529
0.260965824127,0.109465569258,1.17599546909,-0.880028426647,0.010362021625,-0.12082644552,0.459176898003
0.259572505951,0.109128981829,1.17697286606,-0.878206193447,0.0103901484981,-0.117659017444,0.463467776775
0.258422255516,0.107921123505,1.17856252193,-0.878067851067,0.00981106702238,-0.117003872991,0.463908046484
0.257384181023,0.106445357203,1.18032693863,-0.88017052412,0.00937733519822,-0.116642430425,0.460006982088
0.256292641163,0.105782464147,1.18123626709,-0.876720547676,0.0123192658648,-0.112816408277,0.467420399189
0.254908025265,0.104915998876,1.18247592449,-0.8769723773,0.00810875371099,-0.114452809095,0.466641545296
0.253217309713,0.103952780366,1.18398690224,-0.878698766232,0.00144739833195,-0.11714848876,0.462777107954
0.252658456564,0.102829620242,1.18464291096,-0.875705659389,0.0067410194315,-0.12548533082,0.466205626726
0.250800311565,0.102621346712,1.18573367596,-0.875303864479,-0.00148716859985,-0.115702278912,0.469525098801
0.250295728445,0.100654691458,1.18699085712,-0.876680612564,0.00481583364308,-0.125390559435,0.464419215918
0.249206408858,0.0997563079,1.18794131279,-0.875966310501,0.00334224337712,-0.124719306827,0.46595826745
0.247984737158,0.0991317927837,1.1886588335,-0.873753190041,0.00273029645905,-0.124927334487,0.47004365921
0.247154116631,0.0976646691561,1.19021463394,-0.875959634781,0.00632394617423,-0.124406903982,0.466023296118
0.24623337388,0.0968303456903,1.19131183624,-0.87504452467,0.0102420523763,-0.108011767268,0.471726179123
0.246376797557,0.0935650914907,1.19573152065,-0.890739560127,0.00351856392808,-0.114317581058,0.439888596535
0.243868589401,0.0958002060652,1.19265961647,-0.870453596115,0.00866140238941,-0.104533068836,0.48094522953
0.244482547045,0.0922781899571,1.19731986523,-0.887164354324,0.00158405944239,-0.112512625754,0.44752407074
0.241882950068,0.0936127454042,1.19501769543,-0.87174731493,0.00810542795807,-0.104832649231,0.478540450335
0.240711718798,0.0930759012699,1.19542598724,-0.868910551071,0.00901545304805,-0.103613689542,0.483918845654
0.239024862647,0.0923743546009,1.19658493996,-0.871597230434,-0.00595584185794,-0.106323324144,0.478516548872
0.237974852324,0.0912965461612,1.19757783413,-0.871868610382,-0.00566771673039,-0.107003353536,0.47787374258
0.236720740795,0.0906873196363,1.19818580151,-0.869680941105,-0.00532567175105,-0.107256673276,0.481791138649
0.235667690635,0.0899226590991,1.19891190529,-0.868622303009,-0.0061394777149,-0.107560731471,0.483620226383
0.234641581774,0.0888836160302,1.19976937771,-0.868890702724,-0.00566701451316,-0.107786931098,0.483092844486
0.233470529318,0.0880987048149,1.20072317123,-0.868993520737,-0.00638416223228,-0.107992842793,0.482853144407
0.232518389821,0.0873827785254,1.20155894756,-0.867857277393,-0.00623976904899,-0.110099121928,0.48442029953
0.231324970722,0.0865061432123,1.20250999928,-0.868233680725,-0.00730461766943,-0.110549248755,0.483627825975
0.230305284262,0.0858334749937,1.20318031311,-0.867893278599,-0.00654027191922,-0.111972816288,0.483922153711
0.229238048196,0.0849893465638,1.20413911343,-0.867686510086,-0.00731451995671,-0.114564545453,0.483675152063
0.228092849255,0.0844995677471,1.20455873013,-0.865857362747,-0.0074252448976,-0.114970520139,0.486844778061
0.227169692516,0.0834908932447,1.20534646511,-0.866921782494,-0.00792347919196,-0.116024449468,0.484687894583
0.226029515266,0.0827425792813,1.2057839632,-0.864801228046,-0.00781085854396,-0.117967806756,0.487997293472
0.225023776293,0.0822482258081,1.20593523979,-0.862705945969,-0.00745950685814,-0.119719460607,0.491274058819
0.223949611187,0.0820688977838,1.20609486103,-0.86211925745,-0.00898481626064,-0.117987066507,0.492695391178
0.222619220614,0.0810879319906,1.20610451698,-0.862207770348,-0.00940555147827,-0.120380915701,0.491953194141
0.222144842148,0.0802188515663,1.20599591732,-0.860631942749,0.00243140407838,-0.118657000363,0.495204299688
0.220239669085,0.0802325606346,1.20583081245,-0.860846579075,-0.0121295005083,-0.121694751084,0.493949860334
0.219166100025,0.0793383643031,1.20580756664,-0.858590185642,-0.0131950546056,-0.126362904906,0.496670275927
0.217972710729,0.078631773591,1.20595490932,-0.862884819508,-0.0151072228327,-0.1253464818,0.489377111197
0.216834887862,0.0779180377722,1.20575869083,-0.86263358593,-0.0167108532041,-0.126554355025,0.489456743002
0.215747416019,0.0776395499706,1.20555222034,-0.861665546894,-0.017475405708,-0.126216694713,0.491219311953
0.214244991541,0.0762223005295,1.20527541637,-0.861824214458,-0.0176899917424,-0.129972219467,0.489952474833
0.21292707324,0.0754160732031,1.20495760441,-0.860846996307,-0.0201273430139,-0.130178704858,0.4915189147
0.211544886231,0.0747818499804,1.20446777344,-0.858524739742,-0.0208682157099,-0.130393847823,0.495476990938
0.210358396173,0.0738300457597,1.20452797413,-0.861317813396,-0.0232178401202,-0.12900313735,0.490867197514
0.208621814847,0.072942301631,1.20354616642,-0.857482016087,-0.0247991289943,-0.130081146955,0.497180700302
0.207218661904,0.0721427872777,1.20286607742,-0.854755938053,-0.0209609251469,-0.132456213236,0.501406371593
0.205952614546,0.0711915642023,1.20280587673,-0.856202363968,-0.0238992143422,-0.131292894483,0.499107658863
0.204162105918,0.0701077729464,1.20201671124,-0.853963494301,-0.02635252662,-0.132873415947,0.502390801907
0.202509328723,0.0689360052347,1.20176744461,-0.854256927967,-0.0292944218963,-0.133117556572,0.501663863659
0.201324641705,0.0677047967911,1.20125234127,-0.8507193923,-0.0234367288649,-0.129797235131,0.508802354336
0.199163168669,0.0668331608176,1.20072376728,-0.850413203239,-0.033622443676,-0.133291468024,0.507838726044
0.19761288166,0.0651494115591,1.20064795017,-0.84866976738,-0.035536210984,-0.137634038925,0.509464025497
0.19614957273,0.0640990585089,1.20059108734,-0.849414229393,-0.0391819626093,-0.136534839869,0.50825047493
0.194506213069,0.0626652389765,1.20067489147,-0.849415183067,-0.0413529537618,-0.137338072062,0.507860302925
0.193022444844,0.0612105801702,1.20063507557,-0.84530299902,-0.0430850125849,-0.13976572454,0.513879477978
0.191246017814,0.0610108375549,1.19972062111,-0.839436233044,-0.0372583605349,-0.13056024909,0.526225030422
0.189226970077,0.0598976314068,1.20004165173,-0.838227272034,-0.047432038933,-0.135986894369,0.525959074497
0.188136696815,0.0589604601264,1.20014178753,-0.833585858345,-0.0524780191481,-0.136297881603,0.532732248306
0.186314940453,0.0567936301231,1.20065581799,-0.836197555065,-0.0516693405807,-0.136592119932,0.528626859188
0.184329360723,0.0552957728505,1.20030391216,-0.833827912807,-0.0498063601553,-0.134341061115,0.533106744289
0.182553485036,0.0534633472562,1.20041012764,-0.83268904686,-0.0513946674764,-0.135517671704,0.534436583519
0.182041481137,0.0521972924471,1.20168364048,-0.833443880081,-0.0596067346632,-0.135817229748,0.532327055931
0.180355235934,0.0503384396434,1.20163226128,-0.832348525524,-0.0617695637047,-0.136437565088,0.533634066582
0.178844317794,0.048501715064,1.20185983181,-0.828451097012,-0.0634991452098,-0.138508051634,0.538936197758
0.177249342203,0.0471909716725,1.20200896263,-0.829542160034,-0.0670640319586,-0.135636389256,0.537554621696
0.175662755966,0.0456179231405,1.20205903053,-0.827479660511,-0.0701358616352,-0.135715350509,0.540314555168
0.17399469018,0.044116742909,1.20199275017,-0.829064071178,-0.072992734611,-0.132350742817,0.53833848238
0.172868028283,0.0423847660422,1.2023242712,-0.826354026794,-0.0762860998511,-0.132860690355,0.541911125183
0.171338796616,0.0406760722399,1.20226764679,-0.825536727905,-0.0791376754642,-0.130928352475,0.543216526508
0.170157298446,0.0391170158982,1.20206582546,-0.823803961277,-0.0826100111008,-0.128543391824,0.545893073082
0.169019460678,0.0372031778097,1.20187354088,-0.820441961288,-0.0848330631852,-0.128098443151,0.550698816776
0.168133854866,0.0353735312819,1.20184826851,-0.820545315742,-0.0883273780346,-0.124412022531,0.550840616226
0.166430383921,0.0345066934824,1.20025217533,-0.809447228909,-0.0890733376145,-0.118078999221,0.568259119987
0.166121482849,0.0308674499393,1.20121943951,-0.814371526241,-0.0938800126314,-0.123154953122,0.559301733971
0.164718449116,0.0301453098655,1.1995537281,-0.803202569485,-0.0953837558627,-0.115451194346,0.576575100422
0.164652183652,0.0269900709391,1.20055496693,-0.814946115017,-0.105010710657,-0.111995793879,0.558831453323
0.163622751832,0.0265698134899,1.19835364819,-0.801620483398,-0.105742320418,-0.103648766875,0.579206526279
0.16309542954,0.0239519700408,1.19773697853,-0.798435151577,-0.107690133154,-0.10545489192,0.582909464836
0.162488758564,0.0221163854003,1.19728791714,-0.803577363491,-0.113567344844,-0.0995702818036,0.575718343258
0.162081047893,0.0199475809932,1.19663572311,-0.803988397121,-0.118963092566,-0.0965926125646,0.57456111908
0.161906033754,0.0180601328611,1.19572067261,-0.802957594395,-0.124776564538,-0.0929758697748,0.575365781784
0.161247819662,0.0153135731816,1.19487154484,-0.805147171021,-0.126585021615,-0.0908267423511,0.572245538235
0.161241784692,0.0129662975669,1.19388926029,-0.807182908058,-0.131279170513,-0.0888974443078,0.568611264229
0.161270156503,0.010131046176,1.19279229641,-0.804028093815,-0.134249776602,-0.0884579643607,0.572443068027
0.161982834339,0.00891476869583,1.1911867857,-0.809045314789,-0.144378498197,-0.0767208188772,0.564548134804
0.16153305769,0.00533936172724,1.19038534164,-0.806326568127,-0.144261673093,-0.0775745213032,0.568338155746
0.16232933104,0.00314553081989,1.18901205063,-0.805988729,-0.151363357902,-0.0714695602655,0.567770719528
0.162515059114,0.00036796182394,1.18766725063,-0.807545959949,-0.155032247305,-0.0652833580971,0.565307676792
0.163141205907,-0.00234530121088,1.18641269207,-0.803379535675,-0.159423440695,-0.0615143403411,0.57042235136
0.16346809268,-0.00537058711052,1.18509507179,-0.804567277431,-0.162307366729,-0.0555921681225,0.56853979826
0.164081096649,-0.00813700258732,1.18376922607,-0.799971163273,-0.165141105652,-0.0522284507751,0.574497103691
0.164674893022,-0.0116044282913,1.18252766132,-0.794313132763,-0.165486872196,-0.052518133074,0.582170665264
0.165332987905,-0.0139116719365,1.18083322048,-0.798536539078,-0.170023113489,-0.0434305779636,0.575799763203
0.1662145257,-0.016552567482,1.17921960354,-0.795118927956,-0.172834098339,-0.0408256500959,0.579868555069
0.167011335492,-0.0194674730301,1.17763352394,-0.795631587505,-0.175210669637,-0.0370293296874,0.578705966473
0.167931944132,-0.0222557783127,1.17615044117,-0.792575776577,-0.178034931421,-0.036172080785,0.58208155632
0.169187039137,-0.02443241328,1.17444455624,-0.791849195957,-0.184148237109,-0.0336065925658,0.581321597099
0.170207157731,-0.0265874117613,1.17232596874,-0.789780795574,-0.188900113106,-0.0248580537736,0.583048164845
0.171261399984,-0.0287737101316,1.17039108276,-0.788442194462,-0.1934235394,-0.0260150954127,0.583326160908
0.172244101763,-0.0310157686472,1.1684666872,-0.787048578262,-0.197056621313,-0.0198683738708,0.584233343601
0.173471406102,-0.0330122560263,1.1664853096,-0.788048803806,-0.203359559178,-0.0171547830105,0.580800890923
0.174910262227,-0.0351573303342,1.164534688,-0.791823446751,-0.208151310682,-0.0198528002948,0.573842048645
0.176685482264,-0.037509560585,1.1627215147,-0.799146652222,-0.215260967612,-0.0192985441536,0.560941100121
0.17797921598,-0.0381083190441,1.15953707695,-0.791631698608,-0.220113396645,-0.00691056950018,0.569931328297
0.17903380096,-0.0387550145388,1.15631556511,-0.78781670332,-0.224282607436,-0.00877428613603,0.573554813862
0.180333688855,-0.0393328145146,1.1531291008,-0.784101605415,-0.230445370078,-0.0032221772708,0.576254546642
0.181845098734,-0.039641559124,1.14969193935,-0.779774010181,-0.23723846674,0.00915194489062,0.579298377037
0.183091729879,-0.0398023873568,1.14629483223,-0.776199162006,-0.24520753324,0.0168877262622,0.580605685711
0.184834361076,-0.0403729528189,1.14284229279,-0.774891316891,-0.249775379896,0.0201476756483,0.580301463604
0.185571596026,-0.0377182364464,1.13751375675,-0.752331852913,-0.253970980644,0.0234198775142,0.607409954071
0.187247768044,-0.0374444723129,1.13388514519,-0.74761736393,-0.259776443243,0.0274297762662,0.610599815845
0.189284726977,-0.0368739813566,1.12992596626,-0.742327451706,-0.263745754957,0.0298377759755,0.61522179842
0.191674858332,-0.0386964604259,1.12727856636,-0.7518684268,-0.268280953169,0.0248490422964,0.601748943329
0.193476676941,-0.0377164930105,1.12334752083,-0.745040416718,-0.273617714643,0.0313841737807,0.607505619526
0.192829757929,-0.0338535904884,1.11662685871,-0.713296175003,-0.270752817392,0.0562349371612,0.644002497196
0.194387599826,-0.032659471035,1.11285018921,-0.705036282539,-0.275214403868,0.0646132230759,0.650389194489
0.196386039257,-0.0310748592019,1.10879981518,-0.694864928722,-0.280498981476,0.0710195973516,0.658361196518
0.198152512312,-0.0303250104189,1.10502517223,-0.681105732918,-0.282266527414,0.0831465348601,0.670453071594
0.202032238245,-0.0310193300247,1.10213315487,-0.686590671539,-0.289177417755,0.0749261379242,0.662839233875
0.203005343676,-0.0283277928829,1.09621405602,0.664887666702,0.289027422667,-0.0880303308368,-0.683109402657
0.205223754048,-0.0257131010294,1.09199237823,0.653481543064,0.291256189346,-0.0955640226603,-0.692097663879
0.207883089781,-0.0233705192804,1.08694005013,0.642206013203,0.291165173054,-0.0907478183508,-0.703248918056
0.210436865687,-0.0208981260657,1.08213102818,0.63214379549,0.292865782976,-0.0968489721417,-0.710805237293
0.21293695271,-0.0184565633535,1.07723546028,0.621352434158,0.297457426786,-0.0960242673755,-0.718484222889
0.2154109478,-0.0148719698191,1.07250630856,0.617914736271,0.309184163809,-0.109629422426,-0.714540481567
0.218305811286,-0.0120547264814,1.06698477268,0.61214786768,0.314079046249,-0.110856197774,-0.71717530489
0.221209034324,-0.0092139095068,1.06166219711,0.600948274136,0.316156387329,-0.111060217023,-0.725652813911
0.2246825248,-0.0061409175396,1.05577635765,0.597192466259,0.31656652689,-0.100934386253,-0.730040490627
0.228098750114,-0.00340501964092,1.05065834522,0.589751005173,0.321090042591,-0.105213440955,-0.733501970768
0.231788814068,0.000292330980301,1.04482030869,0.582518398762,0.323014497757,-0.0939560458064,-0.739936649799
0.235326096416,0.00384896993637,1.0388468504,0.575002372265,0.32534006238,-0.0915242731571,-0.74508368969
0.238914266229,0.00746436417103,1.03339505196,0.567328095436,0.333205789328,-0.0949569270015,-0.747058212757
0.242798924446,0.0106580257416,1.0277107954,0.561396837234,0.335180938244,-0.0890179648995,-0.751374304295
0.249584361911,0.00979626178741,1.0261682272,0.583925485611,0.353377491236,-0.0435979478061,-0.729557812214
0.252201318741,0.0178102552891,1.02010035515,0.545455098152,0.357828944921,-0.0459059253335,-0.756524860859
0.254294991493,0.0249031335115,1.01270496845,0.517384290695,0.356273382902,-0.0608353614807,-0.775681614876
0.258219957352,0.0291837751865,1.00713312626,0.511588394642,0.362955600023,-0.0564454905689,-0.776759028435
0.262383639812,0.0327935218811,1.00165081024,0.503871679306,0.366546481848,-0.0498580336571,-0.780558347702
0.266516149044,0.0369300246239,0.996186196804,0.499445796013,0.373936533928,-0.0442030765116,-0.780238211155
0.270473301411,0.0405624732375,0.991292536259,0.491784065962,0.378516316414,-0.036998603493,-0.783265590668
0.274646252394,0.044854208827,0.986329257488,0.487877100706,0.386070817709,-0.0327853225172,-0.782208740711
0.278545498848,0.0487486794591,0.981723845005,0.481957614422,0.389953553677,-0.027219299227,-0.784163415432
0.282385528088,0.0527964904904,0.97742831707,0.477257311344,0.397500425577,-0.0222866646945,-0.783404231071
0.28645208478,0.0561350807548,0.973331987858,0.47055709362,0.399842351675,-0.0164089743048,-0.786405086517
0.290459513664,0.0597774907947,0.96944975853,0.465577363968,0.404519736767,-0.0122165866196,-0.787052929401
0.292785584927,0.0636690631509,0.965599060059,0.458978801966,0.410088419914,-0.0145776774734,-0.788006067276
0.296656548977,0.0671672224998,0.962289452553,0.454435795546,0.411767363548,-0.0113259423524,-0.789814889431
0.303785920143,0.0664644613862,0.961633384228,0.478287547827,0.419786930084,0.0160979889333,-0.771207332611
0.304449081421,0.0732347145677,0.956019699574,0.454413831234,0.416939437389,-0.013421934098,-0.787076532841
0.311792612076,0.0718386173248,0.955158472061,0.484511107206,0.420017570257,0.0247427467257,-0.766956329346
0.314686506987,0.0766899958253,0.95355206728,0.461722254753,0.424504369497,0.0235962029546,-0.778493404388
0.31624519825,0.0820617452264,0.952245473862,0.431490421295,0.429319083691,0.0149045484141,-0.793271183968
0.320934444666,0.0855616703629,0.947391986847,0.443215072155,0.422249525785,0.00905100256205,-0.790685713291
0.324686437845,0.0887221172452,0.945238530636,0.441799640656,0.423531293869,0.0121794780716,-0.790750265121
0.328286796808,0.0915850102901,0.943009257317,0.440831661224,0.421472609043,0.0183995384723,-0.792268812656
0.331925094128,0.0945064350963,0.940986275673,0.440646409988,0.421956032515,0.0192837230861,-0.792093396187
0.335538446903,0.0972518920898,0.93881893158,0.440062910318,0.421853929758,0.0235007274896,-0.792358338833
0.339191436768,0.100159570575,0.93682962656,0.440046727657,0.420665949583,0.0280295517296,-0.792851507664
0.342683017254,0.102675117552,0.934883773327,0.440971344709,0.420134276152,0.0328492112458,-0.792434453964
0.34630587697,0.105174824595,0.932780444622,0.441346347332,0.419099569321,0.036704365164,-0.792604506016
0.349861979485,0.107697084546,0.930783987045,0.440981417894,0.419041514397,0.0421998761594,-0.792564690113
0.353453963995,0.110179767013,0.928884863853,0.440650552511,0.418513268232,0.0472198538482,-0.79274469614
0.357144415379,0.112483292818,0.926828742027,0.441456407309,0.418005079031,0.0514651499689,-0.792299926281
0.360797435045,0.11461982131,0.924870073795,0.441013306379,0.416832834482,0.0579555444419,-0.792716085911
0.364307105541,0.116848312318,0.922753751278,0.439342737198,0.417028397322,0.0616186223924,-0.793264448643
0.367770403624,0.119030535221,0.920722663403,0.438758254051,0.416454553604,0.0662465542555,-0.793516278267
0.371405214071,0.121139317751,0.918648958206,0.438058137894,0.416843652725,0.0719988644123,-0.79319781065
0.374977201223,0.123064592481,0.916540384293,0.439207345247,0.418272018433,0.0769707858562,-0.791341304779
0.378606587648,0.125081628561,0.91467243433,0.438843846321,0.418749660254,0.0827802568674,-0.790703654289
0.382240951061,0.127063214779,0.912760436535,0.439344108105,0.419926643372,0.0895438864827,-0.789062917233
0.385623157024,0.128007873893,0.911999464035,0.436719745398,0.423678785563,0.102962262928,-0.786874115467
0.389935493469,0.1304859519,0.908594310284,0.442573457956,0.418934822083,0.101269394159,-0.786363065243
0.393270045519,0.131517529488,0.907983541489,0.440323084593,0.424325287342,0.115446187556,-0.782774567604
0.397707819939,0.133673593402,0.904739439487,0.447404563427,0.420118540525,0.114911697805,-0.781104922295
0.401101022959,0.134587019682,0.904686391354,0.441136747599,0.426918298006,0.128819510341,-0.778809726238
0.405033618212,0.135904684663,0.902780294418,0.444055169821,0.427380621433,0.134723797441,-0.775893270969
0.408952891827,0.137002855539,0.900818347931,0.446326941252,0.427204698324,0.139823541045,-0.773781597614
0.413057148457,0.138182133436,0.898979842663,0.448615372181,0.427918344736,0.144856780767,-0.771133482456
0.417103588581,0.139118641615,0.897263228893,0.450031906366,0.43011918664,0.150216594338,-0.768051922321
0.421280920506,0.140176892281,0.895372867584,0.452439635992,0.430623233318,0.15381655097,-0.765638649464
0.425478845835,0.141008034348,0.893751084805,0.453479260206,0.431679934263,0.159440174699,-0.763274431229
0.429721474648,0.141892552376,0.891809344292,0.454329103231,0.43218433857,0.163668811321,-0.761586725712
0.433908432722,0.142642050982,0.889991879463,0.455867648125,0.433057427406,0.167596146464,-0.759313821793
0.438150703907,0.143281191587,0.888269007206,0.456479251385,0.435317367315,0.171543762088,-0.756768345833
0.442591547966,0.143970698118,0.886511683464,0.456942558289,0.435931116343,0.1768514961,-0.754911422729
0.446834623814,0.144537568092,0.884592890739,0.457716673613,0.437565207481,0.181095123291,-0.752487123013
0.451218724251,0.145140141249,0.882766604424,0.458641052246,0.439489811659,0.185682728887,-0.749679327011
0.455538868904,0.145312353969,0.880738854408,0.46051299572,0.440988481045,0.19109365344,-0.746284365654
0.459854006767,0.145715266466,0.878912448883,0.460378885269,0.443039953709,0.196705192327,-0.743689477444
0.464245885611,0.146199420094,0.877163231373,0.46081840992,0.446804344654,0.200791746378,-0.740064024925
0.468832105398,0.146676570177,0.875028967857,0.463249862194,0.447887390852,0.206129968166,-0.736414909363
0.473269283772,0.146746918559,0.872935831547,0.464594781399,0.448458075523,0.21218816936,-0.733493983746
0.477654367685,0.147193580866,0.870918154716,0.464043736458,0.451506257057,0.217746734619,-0.730336904526
0.482117563486,0.14757810533,0.868988633156,0.463821232319,0.453786283731,0.224584370852,-0.726986765862
0.486410886049,0.147749900818,0.86524695158,0.471632421017,0.450394481421,0.223883077502,-0.724281787872
0.490833103657,0.147937327623,0.864870548248,0.464918971062,0.458642244339,0.236250177026,-0.719502270222
0.495041489601,0.148196011782,0.862856030464,0.464052319527,0.460666418076,0.243067190051,-0.716491639614
0.499528825283,0.148186713457,0.860406637192,0.465528666973,0.461737930775,0.250008016825,-0.712444543839
0.503652274609,0.148559525609,0.858392655849,0.465965151787,0.465000063181,0.255967497826,-0.707906842232
0.508340597153,0.149021014571,0.856222510338,0.460219949484,0.467266201973,0.272054731846,-0.704163372517
0.512341976166,0.148951500654,0.854056358337,0.459075987339,0.468487977982,0.280084848404,-0.700942873955
0.516415417194,0.149463057518,0.852108955383,0.458262890577,0.471600979567,0.286318421364,-0.696856796741
0.520308852196,0.149680435658,0.850066006184,0.454939186573,0.474431216717,0.292487025261,-0.694547772408
0.524141728878,0.150094032288,0.848162770271,0.453063517809,0.477184176445,0.298620641232,-0.691270232201
0.527826726437,0.150436580181,0.846201777458,0.451369732618,0.479989230633,0.304294615984,-0.687953829765
0.531431674957,0.150680884719,0.844397902489,0.447369545698,0.48282161355,0.310369938612,-0.685867667198
0.534875154495,0.151167035103,0.842618465424,0.445316314697,0.485453277826,0.315627068281,-0.682940721512
0.538056433201,0.15165039897,0.840964436531,0.440759062767,0.488839447498,0.320444524288,-0.681236326694
0.541362226009,0.152268767357,0.839229226112,0.438670694828,0.491292059422,0.324453890324,-0.678918123245
0.544281423092,0.152732133865,0.837649583817,0.433573126793,0.493653267622,0.329129159451,-0.678229272366
0.547159016132,0.15342015028,0.836352944374,0.430488705635,0.496497750282,0.333703845739,-0.675878107548
0.549961328506,0.15422514081,0.835092544556,0.428179502487,0.498797804117,0.337329983711,-0.67384827137
0.552376031876,0.1548268646,0.833793580532,0.424999862909,0.499504387379,0.341597855091,-0.673187434673
0.554616928101,0.155501112342,0.832819759846,0.422602087259,0.499811589718,0.346226841211,-0.672103345394
0.556744813919,0.15628439188,0.83188444376,0.42056876421,0.499349534512,0.350889265537,-0.671303749084
0.558419525623,0.157015219331,0.831032991409,0.41944989562,0.497524082661,0.355548232794,-0.67090767622
0.559975326061,0.15808737278,0.830498814583,0.416963607073,0.497633308172,0.359053641558,-0.670509457588
0.561353504658,0.158965602517,0.830000698566,0.416027367115,0.495382636786,0.363653481007,-0.670278668404
0.562494635582,0.159856557846,0.82950091362,0.415486961603,0.492791414261,0.367400437593,-0.670480549335
0.563250601292,0.16079929471,0.829206585884,0.415529698133,0.491220802069,0.371800005436,-0.669180214405
0.56399255991,0.161962091923,0.829061865807,0.414050161839,0.490033328533,0.374573618174,-0.669421076775
0.564504623413,0.162966400385,0.828967094421,0.414369374514,0.488387852907,0.378078967333,-0.668454706669
0.564781546593,0.163979530334,0.828843295574,0.416712224483,0.485995739698,0.381297409534,-0.666911780834
0.564821779728,0.165118008852,0.828829109669,0.416064292192,0.484463661909,0.383738011122,-0.667031288147
0.564803540707,0.166170671582,0.828858733177,0.41789034009,0.482262343168,0.386099636555,-0.666121602058
0.563895881176,0.167198777199,0.82759064436,0.425404220819,0.476930767298,0.38586166501,-0.665341377258
0.564223527908,0.167394548655,0.828492701054,0.429135769606,0.473250091076,0.393592566252,-0.661030828953
0.563078343868,0.169266670942,0.827974438667,0.426152080297,0.473164021969,0.389084845781,-0.66567492485
0.563169956207,0.169591143727,0.829025089741,0.430757403374,0.470372259617,0.395847678185,-0.660683453083
0.561739504337,0.171336948872,0.828496456146,0.428321480751,0.469992309809,0.39115306735,-0.665317296982
0.560971558094,0.172354355454,0.828925728798,0.430123180151,0.468869864941,0.391806453466,-0.664562046528
0.560713648796,0.172611355782,0.829969882965,0.433712899685,0.465098649263,0.397157549858,-0.661696493626
0.559660613537,0.173494175076,0.830267190933,0.434560269117,0.463559687138,0.396846711636,-0.662406623363
0.557781815529,0.17510060966,0.830006182194,0.431951761246,0.462844371796,0.391578912735,-0.667726576328
0.556705236435,0.175894737244,0.830445468426,0.433061391115,0.460745751858,0.391148597002,-0.668710768223
0.555344820023,0.176811262965,0.830953598022,0.433693528175,0.459402352571,0.390671491623,-0.669503748417
0.554633378983,0.176815748215,0.832087874413,0.437522828579,0.455421924591,0.39475569129,-0.667332530022
0.553038477898,0.177759081125,0.832565307617,0.433757960796,0.455150097609,0.392783790827,-0.67112839222
0.551576256752,0.178105518222,0.832937955856,0.436136543751,0.451244652271,0.393910706043,-0.671563565731
0.549880206585,0.178998589516,0.833633601665,0.440471708775,0.449858307838,0.382147401571,-0.676443338394
0.548382222652,0.179248794913,0.833868980408,0.437480777502,0.446292102337,0.392590582371,-0.674764156342
0.546560883522,0.180041477084,0.834644436836,0.439950376749,0.445314377546,0.381421416998,-0.680188596249
0.544982790947,0.180600211024,0.834955632687,0.438052803278,0.442766755819,0.389842569828,-0.678299486637
0.54228001833,0.181273445487,0.834597110748,0.438597142696,0.432355314493,0.383570820093,-0.688167750835
0.541449308395,0.180902555585,0.836004376411,0.443877696991,0.431516647339,0.386449486017,-0.683683216572
0.539401710033,0.181644335389,0.836417853832,0.442911744118,0.427993446589,0.386392533779,-0.686550498009
0.537929773331,0.181433960795,0.836966276169,0.448351860046,0.424345165491,0.386812806129,-0.685045659542
0.536133408546,0.181966975331,0.837663412094,0.44658228755,0.425335615873,0.384512633085,-0.686879873276
0.533707499504,0.182576477528,0.837149381638,0.448828488588,0.418727099895,0.382641017437,-0.690511703491
0.532274842262,0.182666867971,0.837724149227,0.451797127724,0.416554182768,0.381046593189,-0.690771758556
0.530522227287,0.182597205043,0.838332653046,0.454488843679,0.416247665882,0.378672212362,-0.690496265888
0.528852641582,0.182599171996,0.838681101799,0.455815792084,0.410942107439,0.381036698818,-0.691498041153
0.527154803276,0.182503283024,0.839016377926,0.458438962698,0.408222347498,0.380816787481,-0.6914960742
0.526261508465,0.181591063738,0.840342283249,0.463827371597,0.407102018595,0.382860213518,-0.687422931194
0.524143457413,0.182080775499,0.839955687523,0.462994396687,0.405970513821,0.378091365099,-0.691282093525
0.522474825382,0.181925296783,0.840178489685,0.465602874756,0.406391769648,0.37902367115,-0.68876761198
0.521661639214,0.181366726756,0.841346979141,0.464825749397,0.408816307783,0.385190784931,-0.68442261219
0.520242750645,0.181014806032,0.841763973236,0.463679581881,0.408582389355,0.386749565601,-0.684460759163
0.519522309303,0.180302456021,0.841862678528,0.469151586294,0.410708934069,0.385809183121,-0.679975092411
0.518804848194,0.180304855108,0.842004239559,0.465604454279,0.414066940546,0.384961694479,-0.680856645107
0.518272578716,0.179973110557,0.841962456703,0.464973241091,0.416380465031,0.384446382523,-0.680167734623
0.517533540726,0.179842934012,0.841027736664,0.465173453093,0.416246384382,0.381509393454,-0.681764900684
0.517419755459,0.179474562407,0.840852916241,0.462502211332,0.4148260355,0.383753865957,-0.68318682909
0.518091261387,0.178705573082,0.841589689255,0.463739931583,0.420237958431,0.383085817099,-0.679404616356
0.518318653107,0.178199440241,0.841315507889,0.463412255049,0.420775979757,0.382895112038,-0.679402828217
0.518328905106,0.177765086293,0.840842485428,0.459786117077,0.418811947107,0.385216981173,-0.681763291359
0.518756091595,0.177439048886,0.839901804924,0.461514830589,0.421318411827,0.375512331724,-0.684460043907
0.519060492516,0.176872327924,0.839492440224,0.458028107882,0.418798655272,0.377659410238,-0.687161922455
0.520283341408,0.175898745656,0.840070009232,0.458272725344,0.422999739647,0.376741141081,-0.684925913811
0.520925223827,0.175284653902,0.839662432671,0.456727534533,0.423230618238,0.375209122896,-0.686654150486
0.521385490894,0.174715340137,0.839282989502,0.452496170998,0.421460390091,0.378372520208,-0.688805282116
0.522164702415,0.173964843154,0.839160621166,0.452797561884,0.421982824802,0.37534442544,-0.689943015575
0.52299952507,0.173176586628,0.83878839016,0.452220827341,0.421431899071,0.374513864517,-0.69110840559
0.523901700974,0.172442153096,0.838645994663,0.451356559992,0.425146400928,0.370390594006,-0.691620409489
0.52435529232,0.171739652753,0.838266313076,0.448555201292,0.42304161191,0.373813539743,-0.692890703678
0.525346636772,0.171072840691,0.838132381439,0.449791699648,0.42522919178,0.370418161154,-0.692573368549
0.526078879833,0.170279443264,0.837995052338,0.447540342808,0.427048653364,0.37093219161,-0.692637324333
0.526512563229,0.169477641582,0.837713718414,0.446549355984,0.427878409624,0.370759099722,-0.692857444286
0.527202010155,0.168831303716,0.837552785873,0.447312831879,0.430535048246,0.369704067707,-0.691281199455
0.527935385704,0.16798517108,0.837363660336,0.445614010096,0.432122141123,0.369589328766,-0.691449522972
0.528790056705,0.167203962803,0.837269425392,0.446267306805,0.434509217739,0.367397099733,-0.690700173378
0.529122173786,0.166393309832,0.836958646774,0.446712493896,0.435117393732,0.368167102337,-0.689618587494
0.5304453969,0.165701106191,0.8371322155,0.446649730206,0.438504487276,0.367907822132,-0.68764936924
0.530603170395,0.164813041687,0.836667180061,0.447674125433,0.443322330713,0.363912969828,-0.686017870903
0.530593931675,0.163348764181,0.835746765137,0.447587996721,0.438970714808,0.367954313755,-0.68671643734
0.531380355358,0.162362217903,0.835539221764,0.454452931881,0.447285056114,0.358600586653,-0.681773006916
0.532120347023,0.161602795124,0.835129141808,0.447126090527,0.450536876917,0.367440849543,-0.679766178131
0.532529056072,0.16082547605,0.834890365601,0.446690410376,0.452727079391,0.365498155355,-0.679644703865
0.533035755157,0.159813538194,0.834638237953,0.445528924465,0.454342722893,0.364473581314,-0.679879128933
0.533411920071,0.158897399902,0.834200561047,0.444508552551,0.45556229353,0.362482249737,-0.680795013905
0.533643603325,0.158046871424,0.833949804306,0.44390925765,0.456840366125,0.361255437136,-0.680981636047
0.534045219421,0.157258614898,0.833660662174,0.444700181484,0.458672761917,0.359993934631,-0.679901063442
0.534358203411,0.156345456839,0.833595514297,0.441375613213,0.460594087839,0.358499854803,-0.681556165218
0.534577965736,0.155603989959,0.833400130272,0.440418928862,0.462348103523,0.356677770615,-0.681943118572
0.534834980965,0.154779851437,0.833103656769,0.440777003765,0.463783323765,0.355765938759,-0.681213021278
0.534934163094,0.154112786055,0.832916080952,0.440300613642,0.465077579021,0.35393127799,-0.681594371796
0.535017371178,0.153279706836,0.832757234573,0.438567399979,0.466275930405,0.35212290287,-0.682828724384
0.535027384758,0.152501344681,0.832572638988,0.43955373764,0.467658936977,0.351068526506,-0.681790709496
0.535095453262,0.151857420802,0.832412719727,0.439925789833,0.468594819307,0.349930793047,-0.6814930439
0.535087168217,0.151281163096,0.832328796387,0.439264893532,0.46944475174,0.348994374275,-0.681814670563
0.535080194473,0.150612384081,0.832319736481,0.438873946667,0.47010782361,0.348190754652,-0.682020246983
0.534982562065,0.149987563491,0.832271456718,0.438500225544,0.470765739679,0.347064584494,-0.68238067627
0.534904539585,0.149473026395,0.832262396812,0.438106805086,0.471620649099,0.345907270908,-0.682630717754
0.534785091877,0.149001717567,0.832403659821,0.437693983316,0.472605705261,0.345449119806,-0.682446300983
0.534591436386,0.148484051228,0.832544207573,0.437918812037,0.472965091467,0.343781232834,-0.682895064354
0.53442376852,0.148101717234,0.83265966177,0.438030987978,0.473246663809,0.342952370644,-0.683044791222
0.534182488918,0.147636935115,0.832703948021,0.439542025328,0.472169727087,0.3422960639,-0.683148622513
0.533854603767,0.147332668304,0.832937598228,0.439909249544,0.472589343786,0.341459810734,-0.683040618896
0.533550739288,0.146937131882,0.833312988281,0.439185619354,0.472888320684,0.341064959764,-0.683496534824
0.533219099045,0.146769851446,0.833688735962,0.43826803565,0.473734140396,0.340240627527,-0.683910429478
0.532809913158,0.146536394954,0.833855807781,0.438539683819,0.473704308271,0.339331626892,-0.684208393097
0.532442390919,0.146305412054,0.834228396416,0.438325077295,0.473978787661,0.337551444769,-0.685035943985
0.53204613924,0.146162569523,0.834549725056,0.437774479389,0.473907262087,0.336465090513,-0.685971438885
0.531383156776,0.146091729403,0.835037529469,0.437183916569,0.475213646889,0.335586488247,-0.685874640942
0.530939161777,0.146066308022,0.835363924503,0.437065541744,0.475372821093,0.334535896778,-0.686352789402
0.530438601971,0.145956516266,0.835763514042,0.435963153839,0.475463539362,0.333409965038,-0.687537968159
0.529803514481,0.146067097783,0.836218118668,0.435543388128,0.476561516523,0.33158197999,-0.687927663326
0.52926582098,0.146355301142,0.83527469635,0.441069990396,0.47175231576,0.32520532608,-0.69075936079
0.52847802639,0.146521285176,0.83713388443,0.434262424707,0.477068096399,0.328407287598,-0.689906477928
0.527940571308,0.146690115333,0.837540090084,0.433562397957,0.47707477212,0.327413707972,-0.690813720226
0.527204334736,0.146725803614,0.837995052338,0.432244956493,0.476260095835,0.326620578766,-0.692574620247
0.526449143887,0.146935716271,0.83843755722,0.430520415306,0.475798547268,0.325693905354,-0.694400072098
0.525837004185,0.147353708744,0.838906884193,0.429445832968,0.475953787565,0.324141681194,-0.695684194565
0.524973392487,0.147762209177,0.839400172234,0.429699659348,0.475897818804,0.323250412941,-0.695980370045
0.524343252182,0.14814054966,0.839874863625,0.429930865765,0.475134044886,0.323127985001,-0.696416199207
0.523511528969,0.148476153612,0.840195000172,0.430618613958,0.47387996316,0.322643011808,-0.697070419788
0.522925496101,0.149424761534,0.840840578079,0.431567490101,0.474735438824,0.321917265654,-0.696236371994
0.521947741508,0.14941303432,0.84129434824,0.42899787426,0.471976816654,0.322068572044,-0.699621796608
0.521170377731,0.149899303913,0.841805100441,0.429222136736,0.47148540616,0.322286874056,-0.699715077877
0.520395696163,0.150569945574,0.842273116112,0.429348915815,0.47196918726,0.322113633156,-0.699390769005
0.519687592983,0.151054143906,0.84261661768,0.428865343332,0.471298754215,0.323212534189,-0.699632585049
0.518821239471,0.151644513011,0.843011856079,0.429252058268,0.471471518278,0.323845565319,-0.698986053467
0.518316090107,0.152398124337,0.843336105347,0.428898781538,0.472219735384,0.323866724968,-0.698687911034
0.517540037632,0.152924269438,0.843470156193,0.42958983779,0.472666829824,0.324044674635,-0.69787812233
0.517111718655,0.153502643108,0.843813836575,0.429305374622,0.475594758987,0.32374510169,-0.69620090723
0.516817808151,0.154327183962,0.842777967453,0.434570133686,0.473093390465,0.319613516331,-0.696547627449
0.516018390656,0.154775261879,0.844030022621,0.428960323334,0.475863426924,0.324850559235,-0.695714712143
0.515750527382,0.155286565423,0.844059109688,0.428784489632,0.476603835821,0.324885368347,-0.695300042629
0.515558540821,0.156083568931,0.843960464001,0.427985787392,0.477883398533,0.323581695557,-0.695522010326
0.515323460102,0.156531259418,0.843812227249,0.427561730146,0.4781486094,0.323290020227,-0.695735991001
0.515231728554,0.156930938363,0.843735694885,0.426884800196,0.47804120183,0.323343515396,-0.696200489998
0.515210330486,0.157343268394,0.843656301498,0.426066398621,0.477998197079,0.323320388794,-0.696741819382
0.515171408653,0.157963037491,0.843553543091,0.425104528666,0.478514403105,0.322124540806,-0.697528421879
0.515371263027,0.158405467868,0.843393802643,0.42463606596,0.478213906288,0.322400033474,-0.697892487049
0.515507698059,0.158698245883,0.843307733536,0.424203455448,0.477811157703,0.322572410107,-0.698351681232
0.515692651272,0.158976763487,0.843218684196,0.423690497875,0.477291673422,0.322990894318,-0.698824703693
0.515931367874,0.159285306931,0.843047499657,0.423406690359,0.476422548294,0.323090612888,-0.699543237686
0.516335308552,0.15972918272,0.843141436577,0.421650767326,0.476789206266,0.323622822762,-0.700107812881
0.516601085663,0.160056620836,0.843036532402,0.422496438026,0.476170420647,0.324216216803,-0.699744403362
0.517078757286,0.160325780511,0.842760801315,0.424059420824,0.474447160959,0.324983537197,-0.699613749981
0.517492771149,0.160574555397,0.842623949051,0.424603044987,0.473273485899,0.325948685408,-0.699629962444
0.517993211746,0.160750076175,0.842534601688,0.423781305552,0.471822917461,0.328101217747,-0.700101494789
0.518438100815,0.161027118564,0.842496395111,0.424608945847,0.470907092094,0.329351991415,-0.699629306793
0.520468950272,0.162705361843,0.841219127178,0.427345067263,0.466664195061,0.318909019232,-0.705618739128
0.519649386406,0.161718219519,0.842040479183,0.426756113768,0.468409985304,0.329915910959,-0.699733436108
0.5201151371,0.161846250296,0.841918945312,0.427952080965,0.467292279005,0.331337809563,-0.699078083038
0.520711898804,0.161951512098,0.841731250286,0.428208827972,0.466644823551,0.333016037941,-0.698555827141
0.521076500416,0.162146776915,0.841512978077,0.429983943701,0.465928196907,0.3339651227,-0.697489798069
0.521622240543,0.162334233522,0.841339170933,0.430484175682,0.465227723122,0.336112976074,-0.696616470814
0.522018313408,0.162413164973,0.841154515743,0.430974453688,0.464457958937,0.337235152721,-0.696284770966
0.522384345531,0.162555009127,0.841042280197,0.430773109198,0.464463829994,0.337761700153,-0.696150064468
0.522710382938,0.162617728114,0.840838491917,0.430523663759,0.464080601931,0.33863696456,-0.696134865284
0.523211538792,0.162738442421,0.840565264225,0.431307405233,0.46357986331,0.339197516441,-0.695710301399
0.523514807224,0.162839204073,0.840261697769,0.431240707636,0.46376863122,0.339425951242,-0.695514321327
0.523946642876,0.162926495075,0.839920520782,0.431568473577,0.464226156473,0.339857012033,-0.694794893265
0.524203121662,0.162933215499,0.839658081532,0.431062996387,0.464423924685,0.340097606182,-0.694858849049
0.524541258812,0.16297326982,0.839301347733,0.431180268526,0.464112401009,0.340804636478,-0.694647789001
0.52495008707,0.162938401103,0.839065730572,0.430182337761,0.464252501726,0.341315716505,-0.694921851158
0.525135278702,0.162954539061,0.838704586029,0.430949896574,0.46455976367,0.341387569904,-0.694205284119
0.525469183922,0.163034796715,0.838340997696,0.430946886539,0.46513992548,0.341496288776,-0.693765163422
0.525664925575,0.163051977754,0.837995290756,0.430594801903,0.465600222349,0.341305673122,-0.693768680096
0.525922834873,0.162962421775,0.837618708611,0.43068087101,0.46581992507,0.341904729605,-0.693272650242
0.526121675968,0.162934437394,0.837307214737,0.430243372917,0.465879261494,0.341815054417,-0.693548619747
0.526490271091,0.162836819887,0.837026000023,0.430737197399,0.467834711075,0.3417057693,-0.691977918148
0.526672840118,0.162703230977,0.836683869362,0.430802673101,0.467522680759,0.342345893383,-0.691831588745
0.526755213737,0.162556573749,0.836288034916,0.430116027594,0.465604692698,0.343524605036,-0.692967057228
0.526909947395,0.162432402372,0.835956335068,0.430334508419,0.465379804373,0.343607068062,-0.692941606045
0.527103602886,0.162385359406,0.835680127144,0.430586904287,0.465734809637,0.343706309795,-0.692497014999
0.527146935463,0.162261128426,0.835485816002,0.431102931499,0.466293781996,0.343436449766,-0.691933453083
0.527227878571,0.162056833506,0.835244178772,0.432397067547,0.466487795115,0.342908829451,-0.691256523132
0.527275621891,0.161872446537,0.835125684738,0.433036416769,0.467144310474,0.342482030392,-0.690624058247
0.527292847633,0.161632567644,0.835007309914,0.434178084135,0.467502206564,0.342007011175,-0.689900279045
0.527274727821,0.161226272583,0.835057497025,0.43506744504,0.467710345984,0.341730803251,-0.689335525036
0.528125047684,0.161528080702,0.83445507288,0.437468260527,0.468670159578,0.340532451868,-0.687755405903
0.527761876583,0.160636037588,0.834075987339,0.442043334246,0.466946005821,0.341400921345,-0.685568809509
0.526838302612,0.15956389904,0.834619641304,0.440998852253,0.466312110424,0.340645998716,-0.687046825886
0.526676058769,0.158945634961,0.834678530693,0.442714422941,0.466380506754,0.340082585812,-0.686175644398
0.52720195055,0.158891126513,0.834182202816,0.444845318794,0.466713756323,0.33814701438,-0.685527205467
0.52697467804,0.158359020948,0.834370851517,0.445987284184,0.467007428408,0.335772752762,-0.685752272606
0.525808393955,0.157060876489,0.835272789001,0.444874763489,0.467339813709,0.334249556065,-0.686991393566
0.526438415051,0.156934291124,0.835024058819,0.449028134346,0.467835098505,0.332609266043,-0.684744596481
0.526121973991,0.156370475888,0.835567355156,0.44989362359,0.469405353069,0.329264491796,-0.684718310833
0.524555742741,0.154899179935,0.836507439613,0.44920361042,0.469889760017,0.327647745609,-0.685614109039
0.524228453636,0.153987824917,0.837085783482,0.453170210123,0.470312088728,0.324213773012,-0.68434548378
0.523532092571,0.15310254693,0.837914705276,0.455188512802,0.47154328227,0.320701122284,-0.683813750744
0.523006081581,0.152034312487,0.838422894478,0.458193689585,0.471265614033,0.318596214056,-0.682981491089
0.522510349751,0.151062384248,0.839389204979,0.460845351219,0.471679538488,0.314473539591,-0.682822465897
0.521836519241,0.149743571877,0.840218544006,0.461374551058,0.470888584852,0.312107741833,-0.684095323086
0.52206325531,0.149259954691,0.840765476227,0.464739948511,0.471719503403,0.306941121817,-0.683582246304
0.520595252514,0.147402912378,0.84220290184,0.464589834213,0.471729040146,0.302934646606,-0.685462415218
0.519642055035,0.146381676197,0.84332805872,0.465443044901,0.472389101982,0.299275189638,-0.686036169529
0.518743336201,0.144966393709,0.844558238983,0.474132865667,0.4717464149,0.284921109676,-0.686639130116
0.517812013626,0.143912658095,0.845819234848,0.475659698248,0.472456842661,0.280110865831,-0.687073767185
0.516890287399,0.142743527889,0.846791386604,0.47331777215,0.473229467869,0.287656843662,-0.68503844738
0.515682756901,0.141363784671,0.847923755646,0.473995834589,0.472445040941,0.283182382584,-0.686972677708
0.515617191792,0.140665531158,0.848659455776,0.478929132223,0.473236829042,0.278508543968,-0.684913754463
0.514067590237,0.139190509915,0.849813938141,0.481279909611,0.4718554914,0.275879561901,-0.685282886028
0.511800587177,0.137745589018,0.851659178734,0.484053730965,0.471431463957,0.270412564278,-0.685799896717
0.510994672775,0.136473804712,0.852561831474,0.486372590065,0.469165802002,0.266778022051,-0.68713504076
0.509207844734,0.135195732117,0.854008197784,0.486955970526,0.469849169254,0.263092309237,-0.687675952911
0.507726669312,0.133683726192,0.855822443962,0.490349411964,0.467707425356,0.260419696569,-0.687741756439
0.505932927132,0.132330149412,0.857241630554,0.495922088623,0.465468078852,0.256676495075,-0.686671555042
0.50418150425,0.131012991071,0.859297633171,0.497983247042,0.463301420212,0.252488046885,-0.688196480274
0.502039134502,0.129545450211,0.861053824425,0.502147734165,0.460189342499,0.249317258596,-0.688414394855
0.499854773283,0.128114640713,0.863084673882,0.509239673615,0.456761538982,0.246260717511,-0.686585366726
0.497515410185,0.126744315028,0.865375638008,0.513101756573,0.453050017357,0.242786571383,-0.687405884266
0.495089709759,0.125180959702,0.867845237255,0.518357038498,0.448868274689,0.240909636021,-0.686866760254
0.492438673973,0.123526498675,0.8705316782,0.524069964886,0.444339782,0.238685950637,-0.686252176762
0.489742547274,0.12179479003,0.873012125492,0.532287538052,0.437850236893,0.233969822526,-0.685722470284
0.487020045519,0.120088636875,0.876180708408,0.538798987865,0.430801063776,0.230771243572,-0.686185717583
0.483548432589,0.118167683482,0.879380643368,0.546402513981,0.423597276211,0.224926665425,-0.686598658562
0.480340063572,0.116358786821,0.883257567883,0.551970899105,0.415879487991,0.221050679684,-0.688119888306
0.476946234703,0.114305905998,0.887034773827,0.559031665325,0.408211618662,0.21578527987,-0.688682556152
0.473163753748,0.112253010273,0.89150428772,0.564633727074,0.40030387044,0.210462749004,-0.690399169922
0.469332516193,0.110111288726,0.896202802658,0.571217238903,0.390913754702,0.203307911754,-0.692505061626
0.464980721474,0.107685036957,0.901161313057,0.578111350536,0.380612283945,0.196155518293,-0.694582462311
0.460552692413,0.105174385011,0.90488922596,0.589874565601,0.361802607775,0.181010454893,-0.698843359947
0.456114292145,0.102429978549,0.910117149353,0.598598062992,0.3467412889,0.172782436013,-0.701139867306
0.451029330492,0.0990838259459,0.915288329124,0.612425208092,0.328080892563,0.162554547191,-0.700624287128
0.44660949707,0.0962644666433,0.920820713043,0.622330844402,0.310675442219,0.15186996758,-0.702225446701
0.440582036972,0.0938936695457,0.928591609001,0.624480903149,0.299865037203,0.147669702768,-0.705902576447
0.435278981924,0.0908125266433,0.935518085957,0.634624421597,0.283079087734,0.13998632133,-0.705352425575
0.429579973221,0.0879106521606,0.943120539188,0.641469120979,0.267022460699,0.13536849618,-0.706322669983
0.423805773258,0.0852378308773,0.950907886028,0.648949980736,0.248469889164,0.127972438931,-0.707636773586
0.419283360243,0.0737105458975,0.964116096497,-0.718190789223,-0.230383485556,-0.155833631754,0.637841165066
0.412466108799,0.0688258856535,0.972779512405,-0.739432215691,-0.205642834306,-0.156810447574,0.621579885483
0.406187325716,0.0639211982489,0.982428312302,-0.761762857437,-0.183581963181,-0.154808759689,0.601705431938
0.402000963688,0.0559630990028,0.995190501213,-0.805055618286,-0.170530542731,-0.169945582747,0.542147040367
0.402461528778,0.0682963430882,1.00287461281,-0.71143758297,-0.207414612174,-0.145584672689,0.655469834805
0.391671299934,0.0634765177965,1.01190817356,-0.738089501858,-0.184663102031,-0.141940712929,0.633226931095
0.385818600655,0.0586059093475,1.02233636379,-0.760948836803,-0.164628133178,-0.142656743526,0.61114948988
0.379971385002,0.0540673732758,1.03295266628,-0.781222462654,-0.145067989826,-0.140701696277,0.590635061264
0.375023186207,0.0505951941013,1.04316234589,-0.801050126553,-0.130322486162,-0.134258314967,0.568602919579
0.368956625462,0.046624019742,1.05417561531,-0.821105718613,-0.116054669023,-0.129379749298,0.543670535088
0.361429929733,0.0554313510656,1.05525839329,-0.753252267838,-0.103008911014,-0.0887618809938,0.643522918224
0.356534183025,0.0539065152407,1.0651961565,-0.764666974545,-0.0991925671697,-0.0767861232162,0.632099092007
0.351235806942,0.0522192269564,1.07483494282,-0.772016108036,-0.0917476713657,-0.0705126300454,0.624981224537
0.345869719982,0.0507807135582,1.08440363407,-0.77933216095,-0.0886323153973,-0.0608778260648,0.617316484451
0.34023308754,0.0489256083965,1.09390044212,-0.785091936588,-0.0847581252456,-0.0550889037549,0.611074507236
