x,y,z,q0,q1,q2,q3
0.366226494312,0.0512054637074,0.95373404026,0.277668565512,0.59924274683,-0.000888041337021,-0.750871181488
0.365597546101,0.0539688691497,0.952291786671,0.222544714808,0.611211359501,-0.0328701026738,-0.75882422924
0.386554718018,0.0524295419455,0.933179497719,0.418992608786,0.537249565125,0.000532999343704,-0.73198902607
0.39106413722,0.0535481795669,0.931224107742,0.404219955206,0.540761291981,0.00630514835939,-0.737661004066
0.394089788198,0.0578589066863,0.927362024784,0.395301043987,0.550792217255,-0.000411228917073,-0.735095202923
0.398807436228,0.058858782053,0.925633907318,0.396834403276,0.555698513985,0.0202912427485,-0.730280697346
0.403383135796,0.0603149682283,0.923655450344,0.384963303804,0.555503308773,0.0293698627502,-0.736448824406
0.407361418009,0.0631875023246,0.9209420681,0.381547987461,0.558757007122,0.0360767282546,-0.735466063023
0.41084843874,0.0672689378262,0.91794359684,0.385395079851,0.564305782318,0.0433424673975,-0.728801190853
0.414942771196,0.0696523562074,0.915878593922,0.375063568354,0.566339373589,0.0522620528936,-0.732021689415
0.418792247772,0.0741847679019,0.912839531898,0.378129333258,0.572239220142,0.06183674559,-0.725077152252
0.422710090876,0.0769421309233,0.91087859869,0.369675278664,0.578023433685,0.0793599039316,-0.723139762878
0.426535874605,0.0807888805866,0.908137738705,0.374455451965,0.574503183365,0.0841746330261,-0.722941219807
0.429928958416,0.0850360020995,0.906017541885,0.374808967113,0.580889523029,0.0890702232718,-0.717044115067
0.433419108391,0.0891907811165,0.903738856316,0.373048990965,0.585720956326,0.100027196109,-0.712572813034
0.436535865068,0.0932523235679,0.901430368423,0.3732663095,0.594716966152,0.116525940597,-0.702428340912
0.441390067339,0.098540648818,0.89856505394,0.372394233942,0.593796789646,0.119765534997,-0.703124582767
0.444595783949,0.103006705642,0.896636486053,0.369088619947,0.603507459164,0.138398572803,-0.69310760498
0.448396384716,0.107604548335,0.894598484039,0.369601875544,0.600882291794,0.138171538711,-0.695157289505
0.45122730732,0.111456207931,0.892546832561,0.368653655052,0.608872294426,0.163367584348,-0.683139801025
0.454859882593,0.116046056151,0.890921711922,0.364840716124,0.611904025078,0.173901289701,-0.679869830608
0.458206444979,0.12063703686,0.889080584049,0.364358365536,0.614077687263,0.183943942189,-0.675511837006
0.462412506342,0.125171482563,0.887536466122,0.366087198257,0.607990086079,0.183885633945,-0.680084049702
0.465190559626,0.12959907949,0.885832846165,0.362117618322,0.614893019199,0.205560088158,-0.669718205929
0.469411790371,0.134091362357,0.88490998745,0.361235231161,0.609426915646,0.207455486059,-0.674588739872
0.472825199366,0.138517349958,0.883336782455,0.364594727755,0.608573377132,0.218086928129,-0.67018455267
0.475868999958,0.142629697919,0.882121264935,0.356549561024,0.612908601761,0.240697368979,-0.66278219223
0.47951477766,0.147138118744,0.881079375744,0.358054667711,0.610530078411,0.250101208687,-0.660680890083
0.482781946659,0.151047497988,0.879992485046,0.357579708099,0.60815101862,0.263874173164,-0.657768666744
0.486579805613,0.155329078436,0.879160761833,0.357676237822,0.605939030647,0.273975342512,-0.655624270439
0.489873617887,0.159025907516,0.878483533859,0.358040899038,0.602587521076,0.286755412817,-0.653043925762
0.493151456118,0.162965074182,0.877870440483,0.358971357346,0.599924325943,0.299720555544,-0.649151802063
0.496515244246,0.166274964809,0.877263069153,0.359002947807,0.593254089355,0.311033576727,-0.649942040443
0.499826997519,0.169632524252,0.876821756363,0.359432041645,0.589924037457,0.32324641943,-0.646768987179
0.502923846245,0.172578543425,0.875985503197,0.365383893251,0.58060914278,0.333841592073,-0.646480798721
0.506085157394,0.176996856928,0.877123236656,0.357972502708,0.586925327778,0.337434142828,-0.643049478531
0.507793486118,0.179991781712,0.875106215477,0.37659189105,0.574037253857,0.34445720911,-0.640319406986
0.513351500034,0.181288674474,0.874101877213,0.37977540493,0.556687176228,0.35719025135,-0.646749913692
0.516171872616,0.18372580409,0.874177575111,0.381652891636,0.551272273064,0.366976350546,-0.644801080227
0.519375026226,0.18591222167,0.874154925346,0.384004384279,0.5435308218,0.37257322669,-0.646764457226
0.521539509296,0.187643811107,0.873731791973,0.383750706911,0.534815073013,0.38150447607,-0.648970425129
0.524400174618,0.189313858747,0.873928368092,0.386696726084,0.527697265148,0.388419151306,-0.648946762085
0.526161253452,0.191200301051,0.874406516552,0.385110676289,0.525020778179,0.392716139555,-0.649474442005
0.527518332005,0.192948818207,0.874545097351,0.379129886627,0.525017142296,0.397327214479,-0.650191307068
0.531206905842,0.19358856976,0.874113202095,0.389511197805,0.508352816105,0.402498096228,-0.654105305672
0.532631278038,0.194681018591,0.874632894993,0.388323038816,0.505198538303,0.40676420927,-0.654616415501
0.53531396389,0.195168480277,0.874460577965,0.391563713551,0.49460169673,0.409882068634,-0.658819913864
0.535877406597,0.195275098085,0.875809669495,0.384579122066,0.495795726776,0.42007920146,-0.655606031418
0.538224160671,0.196292325854,0.874964594841,0.390352606773,0.485953480005,0.416678935289,-0.661704480648
0.540110588074,0.196560025215,0.874661803246,0.393577545881,0.477652907372,0.41681009531,-0.665743112564
0.541117846966,0.197022438049,0.875212311745,0.390864551067,0.476306676865,0.418873369694,-0.667009711266
0.543021798134,0.196953713894,0.874840259552,0.39420902729,0.46780744195,0.418459177017,-0.671302855015
0.543012499809,0.197397172451,0.875480294228,0.386839717627,0.471630960703,0.419249296188,-0.672420561314
0.545522868633,0.196530178189,0.874875068665,0.395131647587,0.457929491997,0.420667111874,-0.676173686981
0.544822692871,0.196966305375,0.875613331795,0.386856436729,0.464685618877,0.42078512907,-0.676276087761
0.545617580414,0.196213826537,0.87569630146,0.389851599932,0.45881447196,0.422557532787,-0.677458703518
0.546380698681,0.195390045643,0.876033306122,0.3923381567,0.454539328814,0.425685077906,-0.676946818829
0.547260761261,0.194144576788,0.87652695179,0.394416630268,0.45016092062,0.430339753628,-0.675720751286
0.547934055328,0.193831399083,0.876386523247,0.39393427968,0.448491901159,0.428092062473,-0.6785338521
0.548629283905,0.193211853504,0.876473784447,0.395557761192,0.44600468874,0.427812159061,-0.679404556751
0.549654901028,0.192590564489,0.876075863838,0.398991942406,0.436152875423,0.414307415485,-0.692044496536
0.550278544426,0.191453740001,0.876461982727,0.401177346706,0.436917036772,0.413734674454,-0.69064027071
0.549694597721,0.190234363079,0.87612003088,0.401066213846,0.43585139513,0.427132666111,-0.683181643486
0.550338327885,0.189462631941,0.876073002815,0.40045568347,0.432380616665,0.424258589745,-0.687522411346
0.55001103878,0.188950940967,0.875165700912,0.402307450771,0.430326074362,0.419507831335,-0.69063860178
0.550546109676,0.187504827976,0.875814855099,0.403816968203,0.428742527962,0.422556757927,-0.688881337643
0.551344394684,0.186458960176,0.875875473022,0.408648371696,0.42399173975,0.408259391785,-0.697539925575
0.551416933537,0.184918984771,0.875238537788,0.405771434307,0.417059272528,0.411858171225,-0.701273083687
0.550776124001,0.184224382043,0.875082612038,0.407851338387,0.42141070962,0.418721318245,-0.693356275558
0.550794422626,0.182843357325,0.874839663506,0.407209783792,0.418388396502,0.418252170086,-0.695842206478
0.550799667835,0.181484475732,0.874753832817,0.410548269749,0.415545642376,0.419455766678,-0.694858849049
0.551813960075,0.180597275496,0.874824941158,0.408631503582,0.409380733967,0.406618595123,-0.707169771194
0.551748812199,0.179651364684,0.874519109726,0.412935048342,0.410333782434,0.402252346277,-0.706614375114
0.551743149757,0.178303346038,0.874114155769,0.411930590868,0.404583960772,0.405013263226,-0.708935379982
0.551018357277,0.177486285567,0.873845100403,0.412909924984,0.409351766109,0.412272512913,-0.701404154301
0.551278531551,0.176320537925,0.873641490936,0.414148777723,0.406380832195,0.411639273167,-0.702772080898
0.551330566406,0.17517735064,0.873407900333,0.415884941816,0.404247105122,0.41127076745,-0.7031930089
0.551368713379,0.174196720123,0.873216867447,0.417291730642,0.402711957693,0.411104977131,-0.703337311745
0.551500618458,0.173125550151,0.872915148735,0.419740259647,0.400573730469,0.410682827234,-0.703348100185
0.551466047764,0.172081261873,0.87276995182,0.420710355043,0.399041354656,0.411088109016,-0.703402817249
0.551706671715,0.171043410897,0.872360944748,0.421977698803,0.396096080542,0.411295413971,-0.704186737537
0.551883995533,0.170262724161,0.872203052044,0.424595594406,0.39513194561,0.409424722195,-0.704244911671
0.552111446857,0.169288694859,0.871854901314,0.426455229521,0.392814666033,0.4092849195,-0.704498827457
0.552354633808,0.168259963393,0.871634721756,0.42752635479,0.391014426947,0.410119235516,-0.704365849495
0.553213596344,0.167292267084,0.871366500854,0.428105175495,0.38458353281,0.401046931744,-0.712729215622
0.553438484669,0.166450113058,0.870878458023,0.425778508186,0.384162575006,0.402989089489,-0.713254213333
0.553744256496,0.165467858315,0.87029582262,0.426036775112,0.381542235613,0.401655822992,-0.7152556777
0.553999006748,0.164883196354,0.869973421097,0.426231205463,0.383094757795,0.399571061134,-0.715477764606
0.554000914097,0.164043679833,0.869425177574,0.423507243395,0.380572974682,0.403375834227,-0.716305673122
0.553893506527,0.16383472085,0.869171082973,0.426113665104,0.39094632864,0.408851593733,-0.705994725227
0.554715573788,0.163241490722,0.868892550468,0.426663011312,0.386545479298,0.398144066334,-0.714158654213
0.554928660393,0.162674367428,0.868601918221,0.425154715776,0.384187340736,0.401046723127,-0.714706480503
0.555423676968,0.162435427308,0.86837720871,0.426158100367,0.388849496841,0.396951973438,-0.713872849941
0.555505216122,0.162227913737,0.867294490337,0.427999794483,0.38629835844,0.394454479218,-0.715538620949
0.555856525898,0.161630317569,0.86767911911,0.426253050566,0.390612721443,0.397099405527,-0.712770819664
0.55613476038,0.161588013172,0.866574764252,0.427762895823,0.388077527285,0.393701404333,-0.715132176876
0.555683255196,0.161651790142,0.866079330444,0.427366435528,0.396460086107,0.401896119118,-0.706156432629
0.555992245674,0.161363661289,0.865609049797,0.42492172122,0.397139340639,0.402745336294,-0.706766068935
0.556843936443,0.161309123039,0.865341961384,0.426820039749,0.395697057247,0.389677643776,-0.713722646236
0.556503415108,0.160916894674,0.865558564663,0.42118704319,0.402624338865,0.405942410231,-0.704063892365
0.557403862476,0.160764023662,0.865197181702,0.422202050686,0.397763729095,0.396152824163,-0.711753129959
0.557054281235,0.160854503512,0.864890813828,0.421028017998,0.403527498245,0.405514240265,-0.703888714314
0.557839155197,0.16073101759,0.864722132683,0.421297997236,0.398958355188,0.396524935961,-0.711412847042
0.557329833508,0.160957545042,0.864518225193,0.421653777361,0.404393523932,0.405150264502,-0.703226387501
0.557533085346,0.160939633846,0.864153385162,0.420243412256,0.404579460621,0.406606465578,-0.703123152256
0.557693719864,0.161061629653,0.863994956017,0.421578228474,0.404206335545,0.406803905964,-0.702424108982
0.558151185513,0.160802260041,0.863625943661,0.419099032879,0.395600348711,0.404412388802,-0.710145711899
0.558296561241,0.160884439945,0.863452553749,0.418821722269,0.395114719868,0.405033260584,-0.710225939751
0.558970868587,0.161331966519,0.863659501076,0.423676937819,0.400655031204,0.397234678268,-0.708645284176
0.559071540833,0.161491036415,0.863609373569,0.423648834229,0.40086004138,0.397821247578,-0.708216845989
0.558548212051,0.161533102393,0.863290905952,0.420343875885,0.402788341045,0.411690354347,-0.701130330563
0.55850315094,0.161695122719,0.863121271133,0.420402467251,0.402410417795,0.41198644042,-0.701138198376
0.55876916647,0.161872580647,0.863124668598,0.420055896044,0.402307510376,0.412190914154,-0.701285004616
0.558939278126,0.162063628435,0.863030433655,0.420316100121,0.401866823435,0.412461310625,-0.701222598553
0.558976113796,0.162160798907,0.862951636314,0.420218348503,0.401228219271,0.412966400385,-0.701349556446
0.559049844742,0.162290453911,0.862856447697,0.420181661844,0.400527477264,0.413174837828,-0.701649367809
0.559074342251,0.162403210998,0.862805068493,0.42032790184,0.39983779192,0.413609445095,-0.701699078083
0.5590082407,0.162446126342,0.862583756447,0.418815076351,0.398986637592,0.414721220732,-0.702431499958
0.559036076069,0.1625970155,0.862546980381,0.418556839228,0.398579061031,0.414730131626,-0.702811300755
0.559026658535,0.162679329515,0.862522661686,0.418368518353,0.397973686457,0.415298730135,-0.702930808067
0.559042692184,0.162761643529,0.862505853176,0.418261229992,0.397437512875,0.415593475103,-0.703123927116
0.559026122093,0.162820905447,0.862488269806,0.418138295412,0.396921396255,0.415940284729,-0.703283369541
0.559002161026,0.162888243794,0.862505555153,0.418235898018,0.396469563246,0.416023284197,-0.703431069851
0.559059858322,0.162975296378,0.862658500671,0.419361233711,0.396118998528,0.415905863047,-0.703027844429
0.558927416801,0.162995934486,0.862499952316,0.418310463428,0.395611196756,0.416346490383,-0.703678786755
0.558876037598,0.163041561842,0.862511277199,0.418343454599,0.395283579826,0.416375875473,-0.703825891018
0.558812499046,0.163054928184,0.862512588501,0.418362677097,0.394828170538,0.416508257389,-0.703991770744
0.558740496635,0.163074269891,0.862525582314,0.418496608734,0.394596129656,0.416606456041,-0.70398414135
0.558665752411,0.163068443537,0.862533330917,0.418520987034,0.394362807274,0.41674593091,-0.704017758369
0.558541953564,0.16303743422,0.86250770092,0.418572306633,0.393961668015,0.416913419962,-0.704112648964
0.558540046215,0.163029640913,0.862670600414,0.419629514217,0.393888086081,0.416746646166,-0.703623175621
0.558314085007,0.162920221686,0.86250859499,0.418397516012,0.393572717905,0.417155981064,-0.704290449619
0.558188319206,0.162838846445,0.862508893013,0.418315082788,0.39349937439,0.417263925076,-0.704316556454
0.558665812016,0.162575900555,0.862540125847,0.418437331915,0.387785583735,0.407908350229,-0.712841749191
0.558553218842,0.162464812398,0.86253708601,0.418356359005,0.387716293335,0.407907903194,-0.712927222252
0.55843681097,0.16233304143,0.86251616478,0.418255597353,0.387633383274,0.407984405756,-0.712987601757
0.557705104351,0.162357777357,0.8624381423,0.417773872614,0.393630504608,0.417279750109,-0.704554975033
0.558134198189,0.161953300238,0.862419247627,0.418316870928,0.387301564217,0.40839317441,-0.712897956371
0.557491481304,0.161964550614,0.862528800964,0.419329702854,0.393287807703,0.417210429907,-0.703862726688
0.557717561722,0.161558583379,0.862533569336,0.419032722712,0.387602061033,0.410081267357,-0.711343586445
0.557456374168,0.161289319396,0.862552523613,0.418518602848,0.38782197237,0.409912347794,-0.711623668671
0.556838750839,0.161294847727,0.862606704235,0.419105917215,0.394503861666,0.416000396013,-0.704031705856
0.556579053402,0.161031112075,0.862608015537,0.418180018663,0.394731372595,0.415501177311,-0.704749286175
0.556236982346,0.160750716925,0.862723469734,0.417101591825,0.395499885082,0.415609180927,-0.704893827438
0.556559801102,0.160273075104,0.862782657146,0.41764613986,0.389574497938,0.406182944775,-0.713315427303
0.556314229965,0.160002723336,0.862771749496,0.417703866959,0.3896279037,0.406236797571,-0.713221669197
0.55595344305,0.159657791257,0.862627863884,0.416089564562,0.389486908913,0.40683221817,-0.713902652264
0.55510699749,0.159690901637,0.86192381382,0.417481005192,0.391148895025,0.412423431873,-0.708956301212
0.554660975933,0.159343063831,0.861985564232,0.41717505455,0.39281257987,0.412879705429,-0.707950353622
0.554091930389,0.159012824297,0.861813783646,0.417457669973,0.392658889294,0.413135230541,-0.707719802856
0.553683340549,0.158672690392,0.861770272255,0.416888773441,0.393048495054,0.413726627827,-0.70749360323
0.553197860718,0.158313557506,0.861779987812,0.415353178978,0.394173204899,0.414441943169,-0.707352221012
0.55281072855,0.158015534282,0.861732840538,0.41452768445,0.395274877548,0.414482563734,-0.707197844982
0.552299380302,0.157637134194,0.861560165882,0.414794147015,0.395052760839,0.414791733027,-0.706984460354
0.551929831505,0.15731947124,0.861644506454,0.415872305632,0.395818471909,0.413924127817,-0.706431090832
0.551609575748,0.156581029296,0.862178444862,0.411432147026,0.398893177509,0.417305707932,-0.705311179161
0.551767587662,0.156035989523,0.862283229828,0.412497967482,0.394015371799,0.408626914024,-0.712475597858
0.550807416439,0.155449807644,0.86186504364,0.407890439034,0.391283124685,0.414310693741,-0.713350892067
0.550726771355,0.155049398541,0.861748099327,0.409699708223,0.394141167402,0.409028619528,-0.713788926601
0.550057649612,0.154577434063,0.861664414406,0.408401578665,0.394704580307,0.409529089928,-0.713934481144
0.549482762814,0.15396527946,0.861486017704,0.407976597548,0.394098460674,0.4107670784,-0.713801026344
0.548919022083,0.153384923935,0.861309409142,0.408346354961,0.393095433712,0.411337286234,-0.71381431818
0.547627866268,0.153146713972,0.861067295074,0.408987253904,0.399236470461,0.418851524591,-0.705622494221
0.547137796879,0.152580186725,0.860979616642,0.411488622427,0.397935718298,0.417854696512,-0.705494105816
0.547225058079,0.152001276612,0.860324025154,0.413981556892,0.388596743345,0.405544191599,-0.716341972351
0.546502411366,0.151234999299,0.860265135765,0.415014743805,0.388100773096,0.406482547522,-0.715480685234
0.545126438141,0.150946572423,0.860215067863,0.415193736553,0.39600276947,0.414401173592,-0.70644724369
0.545235455036,0.150004729629,0.860051631927,0.416978448629,0.38899025321,0.40402123332,-0.715249896049
0.54465764761,0.149031728506,0.859750628471,0.413064748049,0.385170578957,0.40625885129,-0.718313992023
0.54379093647,0.148561865091,0.859694242477,0.416412591934,0.39295527339,0.411191314459,-0.709301412106
0.542998850346,0.147904530168,0.859412550926,0.415485590696,0.393638759851,0.407962352037,-0.711327672005
0.54247033596,0.147069826722,0.860086381435,0.413642793894,0.397721409798,0.409406840801,-0.709297835827
0.542675495148,0.146225854754,0.859537482262,0.41608273983,0.388821005821,0.398201972246,-0.719116508961
0.542236089706,0.145383879542,0.860131800175,0.414603292942,0.392238080502,0.397974729538,-0.718240559101
0.541243493557,0.144869208336,0.860087394714,0.4166906178,0.398944914341,0.405701637268,-0.708955645561
0.541023731232,0.144107267261,0.858926773071,0.416638463736,0.38690045476,0.395623147488,-0.721250891685
0.54041916132,0.143741652369,0.859275519848,0.420163363218,0.395980805159,0.399229317904,-0.712234556675
0.540051877499,0.143204510212,0.859309911728,0.420519381762,0.397376686335,0.397535651922,-0.712194383144
0.539525032043,0.142714932561,0.859074354172,0.421651601791,0.397693186998,0.395883113146,-0.712268769741
0.539108753204,0.142139270902,0.859036207199,0.421430408955,0.39837872982,0.395095348358,-0.712453842163
0.539740860462,0.141343012452,0.859337151051,0.421097010374,0.393437564373,0.384386181831,-0.721201360226
0.539499163628,0.140719905496,0.859326004982,0.418546468019,0.394585907459,0.384613245726,-0.721937417984
0.539245247841,0.140464022756,0.859104275703,0.42212164402,0.397633999586,0.379547208548,-0.720863819122
0.538331091404,0.139552980661,0.85876083374,0.415494382381,0.392473995686,0.389101564884,-0.722446322441
0.538643300533,0.139422312379,0.859037041664,0.418169617653,0.397306442261,0.380917727947,-0.722622692585
0.537918031216,0.138863191009,0.858657598495,0.413893520832,0.395624250174,0.386076271534,-0.72326952219
0.537545979023,0.138716667891,0.858840882778,0.416288912296,0.405017107725,0.390165865421,-0.714447617531
0.537490010262,0.138134017587,0.859349668026,0.414439409971,0.407488405704,0.392197042704,-0.713003993034
0.537232637405,0.138083055615,0.85865432024,0.415304988623,0.405624032021,0.388761788607,-0.715440690517
0.537153184414,0.137588039041,0.859280467033,0.412507146597,0.40847530961,0.390646100044,-0.714409887791
0.536953449249,0.137691497803,0.858613431454,0.41367483139,0.406852722168,0.386772543192,-0.716764271259
0.536682784557,0.137306287885,0.859285235405,0.410829007626,0.410561650991,0.389334142208,-0.714896976948
0.53642642498,0.137402102351,0.858715415001,0.411369800568,0.409183561802,0.386172175407,-0.717087686062
0.536048591137,0.13711720705,0.85923653841,0.409115880728,0.41241517663,0.387869566679,-0.715608239174
0.535706281662,0.137284889817,0.85879945755,0.40938782692,0.411520987749,0.385341674089,-0.717331171036
0.535606622696,0.137098923326,0.859532594681,0.408251613379,0.414263367653,0.387260288,-0.715364336967
0.535401523113,0.137118786573,0.858846724033,0.407872736454,0.405267477036,0.379848659039,-0.724646985531
0.535094022751,0.137171298265,0.859599530697,0.407453894615,0.414445847273,0.386425465345,-0.71616435051
0.534726202488,0.137553974986,0.859092056751,0.408546119928,0.412513971329,0.383025795221,-0.718480169773
0.534492909908,0.137380450964,0.859888911247,0.405951946974,0.415385484695,0.386204510927,-0.716591954231
0.533987939358,0.137749180198,0.859505534172,0.406629025936,0.413956165314,0.383738636971,-0.718357741833
0.534551858902,0.137404158711,0.860311329365,0.404773026705,0.408504933119,0.377271056175,-0.725912630558
0.534239411354,0.13756750524,0.860427975655,0.405073016882,0.407493501902,0.376123934984,-0.726908266544
0.533889293671,0.138014927506,0.859933614731,0.406824737787,0.404753684998,0.373028367758,-0.729052782059
0.532709479332,0.138112485409,0.860765337944,0.404325306416,0.413632690907,0.386130690575,-0.718562662601
0.532247066498,0.138513162732,0.860117912292,0.40450501442,0.410214036703,0.38351854682,-0.721812844276
0.531792104244,0.13881239295,0.86028522253,0.403739631176,0.409361541271,0.382995158434,-0.723002195358
0.531642794609,0.138954594731,0.861326098442,0.400610029697,0.413165897131,0.385525435209,-0.721232235432
0.531336903572,0.139172747731,0.861469507217,0.400382548571,0.412122517824,0.385569125414,-0.721931636333
0.530859827995,0.139420226216,0.861768007278,0.399468898773,0.411751776934,0.386465072632,-0.722170233727
0.530456066132,0.13972234726,0.861978650093,0.399593263865,0.411612778902,0.386696279049,-0.722057044506
0.530951440334,0.140076428652,0.862417399883,0.402054518461,0.407450407743,0.373212218285,-0.73010212183
0.529951035976,0.140082836151,0.862253904343,0.398112714291,0.403090327978,0.382342606783,-0.729957938194
0.529588401318,0.14059074223,0.862611293793,0.399778902531,0.409137040377,0.387128323317,-0.723128974438
0.52936309576,0.141070470214,0.862930178642,0.398065239191,0.410274863243,0.387096822262,-0.723446547985
0.529923379421,0.141590878367,0.862787008286,0.401876658201,0.402846246958,0.371323287487,-0.733709275723
0.528781592846,0.141586884856,0.862709999084,0.397852897644,0.39909479022,0.381292939186,-0.732838451862
0.52848315239,0.141877442598,0.863576352596,0.397819191217,0.407180994749,0.388620704412,-0.724512040615
0.528297662735,0.142152562737,0.863745808601,0.398556470871,0.406221807003,0.388795942068,-0.724551081657
0.528258323669,0.142411023378,0.863963484764,0.399404615164,0.405020236969,0.389275372028,-0.724499285221
0.528007626534,0.142654508352,0.864122748375,0.399331301451,0.404561668634,0.389856904745,-0.724483430386
0.52787899971,0.14286030829,0.864245057106,0.399596124887,0.403463751078,0.38983502984,-0.724961102009
0.527799367905,0.143281564116,0.864491224289,0.398932904005,0.404761314392,0.390327423811,-0.724337875843
0.527765750885,0.143448412418,0.864548563957,0.399155318737,0.403554558754,0.390586227179,-0.724748969078
0.528252065182,0.143491134048,0.864591956139,0.399219036102,0.39684098959,0.382206767797,-0.732843279839
0.528253853321,0.143611118197,0.864645242691,0.39908105135,0.39603087306,0.382841676474,-0.733025372028
0.528340697289,0.143836945295,0.864847064018,0.400178283453,0.395965397358,0.382693946362,-0.732539594173
0.527903914452,0.143695905805,0.864629387856,0.396885454655,0.391836315393,0.390365332365,-0.732503354549
0.528150677681,0.143735766411,0.864576339722,0.396455645561,0.391000688076,0.389276146889,-0.733761250973
0.52832531929,0.143842205405,0.864759325981,0.397779941559,0.391130506992,0.389282733202,-0.73297137022
0.528366208076,0.143857553601,0.86459428072,0.396775007248,0.390852272511,0.389942914248,-0.733313441277
0.528726220131,0.144109562039,0.86475288868,0.399666428566,0.394477427006,0.386020362377,-0.731876194477
0.528397381306,0.144274920225,0.864768385887,0.399568349123,0.401067882776,0.395652770996,-0.723151922226
0.528707027435,0.144576132298,0.864063322544,0.403267174959,0.397775292397,0.39215952158,-0.724818170071
0.528823912144,0.144535019994,0.863887608051,0.402157098055,0.398379892111,0.393288135529,-0.724491357803
0.529819011688,0.144172474742,0.864868760109,0.403131186962,0.39716732502,0.383349657059,-0.729922235012
0.52930098772,0.143889665604,0.86431157589,0.398240745068,0.394877910614,0.392865478992,-0.728788375854
0.529576838017,0.144034773111,0.86447095871,0.399593114853,0.402164816856,0.397992610931,-0.721242666245
0.529911696911,0.143937960267,0.864390969276,0.399469554424,0.40229305625,0.398236185312,-0.721104979515
0.530426561832,0.143916517496,0.864418506622,0.400886923075,0.402518957853,0.397903680801,-0.720375537872
0.53078609705,0.143818259239,0.864321351051,0.400531202555,0.402672439814,0.398052990437,-0.720405161381
0.531222760677,0.143731832504,0.864175915718,0.400951862335,0.402369499207,0.397710591555,-0.72052937746
0.531676113605,0.143595919013,0.86415207386,0.400268018246,0.402962744236,0.397842735052,-0.720505297184
0.532056629658,0.143501371145,0.864075183868,0.400077611208,0.403523504734,0.397784292698,-0.720329403877
0.532644331455,0.143452465534,0.864088892937,0.400412350893,0.405371934175,0.398200452328,-0.718874156475
0.53312420845,0.143258735538,0.863739490509,0.39842402935,0.405424028635,0.398449242115,-0.719811022282
0.533893287182,0.142788797617,0.863522768021,0.395230203867,0.396460711956,0.39375653863,-0.729087054729
0.534367322922,0.142683744431,0.863368868828,0.394976526499,0.396403878927,0.393700480461,-0.729285657406
0.534371376038,0.143173575401,0.863717257977,0.39727434516,0.409087389708,0.397972166538,-0.71863681078
0.534793317318,0.143095329404,0.863700866699,0.396556228399,0.409742802382,0.398225545883,-0.718519628048
0.535463273525,0.142653077841,0.863526821136,0.393101602793,0.400875926018,0.395464122295,-0.726895928383
0.536470890045,0.142829969525,0.863735795021,0.39634847641,0.403662383556,0.388493984938,-0.72734940052
0.536767780781,0.142822355032,0.863602697849,0.395228862762,0.403819739819,0.388644963503,-0.727790415287
0.537203729153,0.142843827605,0.863560736179,0.395398557186,0.403442114592,0.388495981693,-0.727987170219
0.536699473858,0.143145024776,0.863430023193,0.395509183407,0.41019153595,0.397668600082,-0.719148933887
0.53694909811,0.143243938684,0.863437891006,0.395547360182,0.410190761089,0.397825092077,-0.719041764736
0.537267506123,0.143427804112,0.863439202309,0.39601752162,0.410689979792,0.39777764678,-0.718524038792
0.537476122379,0.143562749028,0.86337351799,0.395915955305,0.409467875957,0.398870021105,-0.718671917915
0.537697613239,0.143969848752,0.86345410347,0.395580023527,0.411169081926,0.399445056915,-0.717565476894
0.537876546383,0.1442502141,0.8634506464,0.395875155926,0.410514503717,0.399693489075,-0.717639029026
0.538920879364,0.1441963166,0.863562941551,0.395410686731,0.402134209871,0.392102152109,-0.726769924164
0.538941800594,0.144771337509,0.862901329994,0.398392379284,0.398630082607,0.389396518469,-0.728524446487
0.539240717888,0.145149171352,0.863066673279,0.400669306517,0.397645831108,0.388788729906,-0.728138267994
0.538554906845,0.145670816302,0.863168597221,0.401118934155,0.403538703918,0.398958444595,-0.719091236591
0.538840055466,0.146066039801,0.863872110844,0.399340420961,0.405348420143,0.400042206049,-0.718461036682
0.538978874683,0.14641751349,0.864063680172,0.399436891079,0.404579430819,0.40055847168,-0.718553185463
0.538828551769,0.146881356835,0.864168763161,0.400093436241,0.403421849012,0.400090575218,-0.719099223614
0.538912892342,0.147266358137,0.864521622658,0.40056437254,0.402627885342,0.400380879641,-0.719120323658
0.53904569149,0.147715523839,0.864989995956,0.398715674877,0.402706623077,0.400097548962,-0.720260500908
0.539974987507,0.147858381271,0.865548968315,0.399399161339,0.394444406033,0.392090708017,-0.728806376457
0.53923869133,0.148239672184,0.866552472115,0.397769361734,0.403915017843,0.403923720121,-0.717967867851
0.539144635201,0.148903131485,0.867071628571,0.396324247122,0.404762655497,0.403501600027,-0.718526959419
0.53899616003,0.149361461401,0.867507576942,0.396914541721,0.404451489449,0.403592556715,-0.718325078487
0.53963136673,0.149640977383,0.867999076843,0.398253917694,0.397987544537,0.393775939941,-0.726594984531
0.539458334446,0.150146827102,0.868390679359,0.399375587702,0.396907001734,0.39355546236,-0.726689815521
0.539297521114,0.150866627693,0.868901610374,0.398252248764,0.398154467344,0.392314791679,-0.727294564247
0.538484215736,0.151455551386,0.869243502617,0.397263586521,0.403629124165,0.403008401394,-0.718922317028
0.538865685463,0.151724562049,0.869529604912,0.397693693638,0.394422292709,0.393185824156,-0.729161024094
0.538718938828,0.152353167534,0.87001144886,0.396737337112,0.394921004772,0.392357856035,-0.729857683182
0.538315296173,0.152818858624,0.870290398598,0.395037442446,0.39474722743,0.39255541563,-0.730767011642
0.537201464176,0.153462260962,0.870673298836,0.395161658525,0.399751365185,0.401586145163,-0.723031640053
0.537201464176,0.153462260962,0.870673298836,0.395161658525,0.399751365185,0.401586145163,-0.723031640053
0.536588191986,0.154587268829,0.871870279312,0.394709467888,0.400058120489,0.401306211948,-0.723264336586
0.535995304585,0.154838144779,0.872268795967,0.393413424492,0.392249107361,0.397205770016,-0.730475246906
0.535437643528,0.155441761017,0.87294960022,0.396529853344,0.396961510181,0.401927381754,-0.723629713058
0.53553378582,0.155738338828,0.873093366623,0.398130476475,0.383112639189,0.393830001354,-0.734584748745
0.534998118877,0.156203314662,0.873788118362,0.40048789978,0.384344577789,0.391023248434,-0.734159052372
0.533684670925,0.156519070268,0.874192714691,0.40013384819,0.379273831844,0.395797461271,-0.734430849552
0.532697856426,0.157345086336,0.875490367413,0.407804876566,0.386936306953,0.398415982723,-0.724734544754
0.531864404678,0.157614737749,0.876270532608,0.409492999315,0.383436739445,0.398138999939,-0.725794017315
0.53152436018,0.157804206014,0.87721657753,0.413059145212,0.37358585,0.389065414667,-0.733787298203
0.529535353184,0.158047631383,0.879005908966,0.414310127497,0.379457890987,0.401148498058,-0.723490536213
0.528391599655,0.15835043788,0.880169808865,0.418919056654,0.374831527472,0.401929318905,-0.722814619541
0.52689909935,0.1585072577,0.881285429001,0.425452649593,0.368627488613,0.401804178953,-0.722258508205
0.525587201118,0.158517628908,0.882362484932,0.428123176098,0.354312807322,0.397434175014,-0.730218470097
0.524046301842,0.159098982811,0.88422614336,0.439080357552,0.352103918791,0.393066644669,-0.727138221264
0.521655976772,0.159519657493,0.884753465652,0.44909414649,0.346096217632,0.399576425552,-0.720326662064
0.519553542137,0.159677773714,0.886189222336,0.45429584384,0.340704500675,0.400342643261,-0.71920889616
0.517884671688,0.159630283713,0.887527704239,0.463974714279,0.324645876884,0.38954770565,-0.726350426674
0.514915645123,0.159589603543,0.889090299606,0.472464561462,0.319342374802,0.400673389435,-0.717118263245
0.512428939342,0.159739583731,0.890925168991,0.485004067421,0.31243661046,0.399204134941,-0.712594211102
0.509979963303,0.159933120012,0.893076300621,0.492865383625,0.3027805686,0.390780299902,-0.716029703617
0.506386458874,0.159769892693,0.895468890667,0.4997831285,0.296539098024,0.393611639738,-0.712286055088
0.503903746605,0.159688517451,0.897339761257,0.508470356464,0.288979351521,0.39207559824,-0.710088431835
0.500402629375,0.159741669893,0.899296402931,0.517794370651,0.281689167023,0.387819796801,-0.708615541458
0.497628062963,0.15977448225,0.89963722229,0.530016422272,0.264640599489,0.381074368954,-0.709809958935
0.493521928787,0.159589931369,0.903205871582,0.534983038902,0.269137471914,0.39233070612,-0.698165416718
0.490091353655,0.160052254796,0.906242609024,0.537135243416,0.266845613718,0.382932811975,-0.702596366405
0.486377507448,0.159940004349,0.908451318741,0.544332146645,0.260333925486,0.380194544792,-0.70098567009
0.482605725527,0.159095078707,0.909824669361,0.554389059544,0.247012495995,0.377661526203,-0.699292123318
0.478860795498,0.159174144268,0.912408232689,0.560814023018,0.243503242731,0.371059864759,-0.698933720589
0.474702239037,0.159204512835,0.915112137794,0.562638759613,0.243309184909,0.369943857193,-0.698125958443
0.470316201448,0.158435255289,0.917112767696,0.571818232536,0.232951849699,0.365065991879,-0.696766972542
0.466842293739,0.162862926722,0.922759354115,0.546870052814,0.269514262676,0.352353900671,-0.710029363632
0.461317330599,0.157639667392,0.922198057175,0.58156144619,0.224398702383,0.359311342239,-0.694497585297
0.456844061613,0.157356053591,0.924895882607,0.588614881039,0.220154747367,0.351740151644,-0.69378888607
0.453275442123,0.156662791967,0.92306625843,0.598429083824,0.192409962416,0.329713374376,-0.70437926054
0.447299420834,0.154598161578,0.926882982254,0.606774568558,0.187349706888,0.337041050196,-0.695074021816
0.442111074924,0.154231399298,0.930163383484,0.611291050911,0.189742013812,0.342003792524,-0.688007831573
0.437360286713,0.153976216912,0.932644784451,0.614303588867,0.184007003903,0.322123527527,-0.696425914764
0.433090984821,0.154530569911,0.933924794197,0.614115715027,0.178111299872,0.304060012102,-0.706176936626
0.427928060293,0.154107317328,0.936694502831,0.618620753288,0.175738140941,0.295008540154,-0.706678569317
0.422176450491,0.153372988105,0.939455628395,0.619583904743,0.172237098217,0.291043788195,-0.708338677883
0.417065829039,0.152593284845,0.942228853703,0.622257947922,0.168117061257,0.28419727087,-0.709763050079
0.41088449955,0.150809884071,0.946926832199,0.628549575806,0.168108299375,0.291188597679,-0.701337456703
0.406463742256,0.151258915663,0.948155164719,0.628097355366,0.162600964308,0.266044586897,-0.712934076786
0.40101402998,0.150378659368,0.950924396515,0.630469560623,0.157065972686,0.25862082839,-0.71481025219
0.395322620869,0.149569824338,0.954059243202,0.632252573967,0.154104009271,0.256237596273,-0.714738428593
0.390241980553,0.148896098137,0.956908106804,0.636250972748,0.15121601522,0.243520513177,-0.7162514925
0.38402223587,0.146401301026,0.959215223789,0.64584416151,0.133934140205,0.236954972148,-0.713301718235
0.379474818707,0.147122308612,0.962603449821,0.638606607914,0.143541187048,0.226629018784,-0.721260547638
0.37465146184,0.146619215608,0.967160224915,0.635980725288,0.151869177818,0.224884644151,-0.722420334816
0.369494527578,0.145629242063,0.967723071575,0.639957785606,0.134909436107,0.206760108471,-0.727670073509
0.363778144121,0.144970238209,0.970529794693,0.640504300594,0.137278422713,0.201821446419,-0.728132545948
0.359057843685,0.148482143879,0.978750109673,0.611776888371,0.18204420805,0.200956344604,-0.74310529232
0.352672219276,0.141843229532,0.979502677917,0.647082865238,0.143574297428,0.204575389624,-0.720290839672
0.347934961319,0.141127422452,0.980328857899,0.645916044712,0.131945416331,0.189767614007,-0.727578938007
0.342857271433,0.140166714787,0.983244717121,0.646977961063,0.130895599723,0.183032885194,-0.728549897671
0.338160276413,0.138847127557,0.9858700037,0.649092078209,0.127599835396,0.177991807461,-0.728503108025
0.332680940628,0.137164309621,0.988856375217,0.644900262356,0.124107286334,0.177533507347,-0.732927560806
0.328849256039,0.136630877852,0.991545796394,0.649914979935,0.125525355339,0.169356420636,-0.730186462402
0.324204266071,0.134359076619,0.995697617531,0.642150044441,0.128478780389,0.175912559032,-0.734977066517
0.319443285465,0.133517637849,0.996304035187,0.649954378605,0.118706136942,0.163278788328,-0.732671976089
0.315514028072,0.132506370544,0.998794913292,0.646498918533,0.119705937803,0.158767491579,-0.736547887325
0.311075776815,0.130604743958,1.00305175781,0.648053526878,0.125310793519,0.166359066963,-0.732563138008
0.307456940413,0.129841938615,1.00340437889,0.647364318371,0.118923678994,0.15340667963,-0.737050294876
0.303324192762,0.127682864666,1.00599563122,0.645090401173,0.116068087518,0.154144614935,-0.739341795444
0.298752069473,0.126629576087,1.00850975513,0.65035700798,0.117247782648,0.150947332382,-0.735189497471
0.295462906361,0.125532701612,1.01155042648,0.648649811745,0.125110507011,0.153314217925,-0.73491191864
0.291774511337,0.124665498734,1.0119805336,0.64919424057,0.121140003204,0.142984971404,-0.737175226212
0.28831154108,0.122660934925,1.01379239559,0.64797270298,0.11883379519,0.142872720957,-0.738645672798
0.284779042006,0.122111037374,1.01701891422,0.65289324522,0.129499852657,0.145506188273,-0.731975376606
0.281502842903,0.120197117329,1.01852428913,0.653702437878,0.126801475883,0.147421941161,-0.731342077255
0.27869784832,0.118890061975,1.01901483536,0.656079769135,0.118398629129,0.142229378223,-0.731650054455
0.27566459775,0.117462962866,1.02053904533,0.658596098423,0.11538413167,0.147039100528,-0.728915274143
0.272628962994,0.116325765848,1.02193915844,0.660099864006,0.11715580523,0.147212356329,-0.727235376835
0.269716829062,0.115003496408,1.02294409275,0.664910376072,0.116588205099,0.147608399391,-0.722850799561
0.267402172089,0.114680550992,1.02381956577,0.671820819378,0.119961112738,0.14467407763,-0.716474354267
0.264691054821,0.113427132368,1.02478849888,0.678487360477,0.118651412427,0.146213486791,-0.710069358349
0.262142151594,0.112381897867,1.02584671974,0.68071860075,0.119255714118,0.146505668759,-0.707768619061
0.25994181633,0.111593037844,1.0267431736,0.688048899174,0.12130817771,0.144918054342,-0.700622320175
0.257888138294,0.110616184771,1.02744078636,0.694048464298,0.118322864175,0.148621708155,-0.694411993027
0.255828171968,0.1096688658,1.02794528008,-0.700593054295,-0.114288575947,-0.147853910923,0.688655793667
0.254050910473,0.108507409692,1.02866637707,-0.705238521099,-0.110103525221,-0.151542499661,0.683776736259
0.252479791641,0.107729613781,1.0293943882,-0.710494756699,-0.108722835779,-0.151899322867,0.678456485271
0.251024335623,0.106881380081,1.0298897028,-0.714611649513,-0.105035565794,-0.152882605791,0.674481153488
0.249492704868,0.10629157722,1.03097987175,-0.720166683197,-0.108211658895,-0.157472670078,0.666972756386
0.248840302229,0.104626454413,1.03125476837,-0.720931589603,-0.0966175496578,-0.156495586038,0.668155729771
0.248092964292,0.104016795754,1.03137087822,-0.726911664009,-0.0904225185513,-0.154162883759,0.663066446781
0.247226282954,0.103229165077,1.03168678284,-0.73362416029,-0.0896484106779,-0.15116558969,0.656435787678
0.246784344316,0.101974368095,1.03227961063,-0.733192443848,-0.0830735638738,-0.153578877449,0.65722233057
0.246104672551,0.10210737586,1.03264641762,-0.742219388485,-0.0894335135818,-0.148868992925,0.647263586521
0.246097996831,0.101276807487,1.03287470341,-0.746427834034,-0.0833709537983,-0.142978399992,0.644555747509
0.245376989245,0.0993696600199,1.03502643108,-0.756833255291,-0.0828298479319,-0.153578981757,0.629885852337
0.245401084423,0.0993550121784,1.03479444981,-0.748051524162,-0.0834965705872,-0.147807180882,0.641560852528
0.24589240551,0.0987171530724,1.03566658497,-0.761777758598,-0.0779178291559,-0.141478046775,0.627381622791
0.245458528399,0.0990628302097,1.03646624088,-0.765605092049,-0.0859166011214,-0.140154495835,0.621951699257
0.246397837996,0.0988078564405,1.03667092323,-0.768088281155,-0.0836180374026,-0.126755967736,0.622078180313
0.246491864324,0.0988565385342,1.03726959229,-0.771329939365,-0.0863020569086,-0.122824057937,0.618479013443
0.247203305364,0.099176555872,1.03773534298,-0.771795511246,-0.0893400609493,-0.11052916199,0.61978495121
0.247461393476,0.0984662845731,1.03895771503,-0.77099609375,-0.0912569984794,-0.112724915147,0.620105147362
0.248444601893,0.0986220389605,1.03864574432,-0.773407995701,-0.0878415927291,-0.0968496128917,0.620277523994
0.24901419878,0.0980643108487,1.03967964649,-0.774520933628,-0.0902213975787,-0.0987591668963,0.618242800236
0.249827757478,0.0975401699543,1.03992819786,-0.774690568447,-0.0882246270776,-0.0969737768173,0.618600904942
0.250746756792,0.0964825674891,1.04044091702,-0.771758198738,-0.0857557207346,-0.0992124676704,0.622247636318
0.252339661121,0.0943949967623,1.04334592819,-0.786376535892,-0.0847373455763,-0.110788300633,0.601795434952
0.253798395395,0.0946110114455,1.04355764389,-0.789857804775,-0.0834144875407,-0.106108412147,0.598253905773
0.255257487297,0.0941575318575,1.04426336288,-0.78724950552,-0.0805618911982,-0.107003077865,0.60191231966
0.256545245647,0.0941690728068,1.0444098711,-0.784819304943,-0.079377964139,-0.104090735316,0.605741620064
0.258265852928,0.0952159613371,1.04448127747,-0.786912858486,-0.0794889479876,-0.0945473238826,0.604574799538
0.259524226189,0.0984914824367,1.04249083996,-0.77181327343,-0.0841331556439,-0.07529001683,0.625745296478
0.261317282915,0.0991445332766,1.04244494438,-0.76888769865,-0.0832683667541,-0.0680365115404,0.630277037621
0.262919425964,0.0979083031416,1.04387533665,-0.758141636848,-0.0786562412977,-0.0745246112347,0.643024504185
0.264958769083,0.0990118905902,1.04414606094,-0.756996452808,-0.0790089666843,-0.065893471241,0.645268976688
0.266967177391,0.0991468802094,1.04480147362,-0.751937747002,-0.0788808092475,-0.0637673437595,0.651384174824
0.269211292267,0.100899755955,1.04428350925,-0.756578505039,-0.0802803784609,-0.0489736124873,0.647105693817
0.271543562412,0.101039916277,1.04417395592,-0.756129145622,-0.0779110342264,-0.0433567203581,0.64832007885
0.273670822382,0.0993412435055,1.04530763626,-0.747965276241,-0.0716692432761,-0.0491629205644,0.658023178577
0.276197761297,0.100457258523,1.0447280407,-0.755051076412,-0.0704653635621,-0.035127710551,0.650921225548
0.278455942869,0.098923869431,1.04528653622,-0.747668206692,-0.0613316595554,-0.0410781465471,0.659957170486
0.281882405281,0.0994393154979,1.04397153854,-0.753477632999,-0.0514656603336,-0.0366960167885,0.654428184032
0.284505367279,0.0995333865285,1.0440775156,-0.753232479095,-0.0468988679349,-0.0329709649086,0.655251324177
0.287700891495,0.0999697074294,1.04399228096,-0.754814445972,-0.0432748384774,-0.025370163843,0.654017567635
0.288538575172,0.0966625884175,1.04438400269,-0.748013317585,-0.0208179168403,-0.0359142534435,0.662384212017
0.292002052069,0.098915874958,1.0434794426,-0.759414613247,-0.0231204740703,-0.0137753318995,0.650050163269
0.294866234064,0.0991169065237,1.04365122318,-0.758843481541,-0.0192200299352,-0.009411633946,0.650921463966
0.297144323587,0.098787792027,1.04447746277,-0.756500065327,-0.0148145668209,-0.0115148080513,0.653724491596
0.300612747669,0.0991842076182,1.04445171356,-0.759354531765,-0.010948093608,-0.00257911090739,0.650579929352
0.302819848061,0.0991814509034,1.04501092434,-0.757198035717,-0.00524543831125,0.000323862972436,0.65316426754
0.305817604065,0.0989263132215,1.04642379284,-0.758754730225,-0.00322881224565,-0.000778098416049,0.651367902756
0.310822755098,0.0956647321582,1.05233418941,-0.774454176426,-0.0136232860386,-0.0320912860334,0.631668806076
0.314078330994,0.0962542667985,1.05341660976,-0.783364593983,-0.0139316674322,-0.0264279134572,0.620844125748
0.317128926516,0.0971506014466,1.05352699757,-0.782499015331,-0.0104974908754,-0.0204676166177,0.622226834297
0.320180773735,0.0962401181459,1.055082798,-0.782564401627,-0.00560293346643,-0.027832088992,0.621922016144
0.323267877102,0.0973196476698,1.05480337143,-0.779202580452,-0.00283137871884,-0.0234653260559,0.62632638216
0.326928079128,0.0981438905001,1.05603194237,-0.788101017475,-0.00385839608498,-0.0187866650522,0.615247011185
0.329884052277,0.0979691445827,1.05618214607,-0.782196760178,0.000481973926071,-0.0219749007374,0.622643589973
0.333723187447,0.0999753475189,1.05662560463,-0.785244464874,-0.00202902732417,-0.0108036436141,0.619088292122
0.336753308773,0.0986264497042,1.05710363388,-0.780365407467,0.00540258362889,-0.0187949761748,0.625017881393
0.340659081936,0.10106806457,1.0575697422,-0.782812416553,0.00342571060173,0.00280418107286,0.622242212296
0.341746211052,0.105904966593,1.05187499523,-0.761062264442,0.0183558482677,0.0409480109811,0.647124886513
0.347522079945,0.101538687944,1.05776524544,-0.771043658257,0.0139079876244,-0.00966882798821,0.636557042599
0.350737571716,0.103447914124,1.05801212788,-0.768298089504,0.0115878246725,0.00565290590748,0.639962315559
0.352269411087,0.106903970242,1.05441820621,-0.748627066612,0.0281826332211,0.0312336776406,0.661655306816
0.358619391918,0.104309260845,1.06008195877,-0.771922290325,0.0141909681261,-0.00698635354638,0.635520040989
0.361843317747,0.107021450996,1.05952072144,-0.765678226948,0.0119890160859,0.0115275606513,0.643008947372
0.366452813148,0.109199821949,1.05986618996,-0.780165851116,0.0080234548077,0.0137360589579,0.625370621681
0.369836717844,0.111137405038,1.05948078632,-0.777668714523,0.00864325556904,0.019645832479,0.628307938576
0.373361676931,0.113020166755,1.05996024609,-0.779795646667,0.00282836169936,0.0310633666813,0.6252566576
0.377265334129,0.11398909986,1.06014120579,-0.781705915928,0.0042550386861,0.0210188440979,0.62327849865
0.380671173334,0.116033121943,1.06048297882,-0.785126686096,-0.0013985959813,0.0309306122363,0.61856085062
0.384734272957,0.117407381535,1.06058526039,-0.786220908165,-0.00139266101178,0.0218443814665,0.617557764053
0.388522386551,0.118991434574,1.06048512459,-0.787866950035,-0.00319897942245,0.0225569438189,0.61542391777
0.394432783127,0.125470682979,1.05959236622,-0.769336760044,-0.0344551578164,0.0391679704189,0.636710107327
0.398073881865,0.127318903804,1.05955159664,-0.770611763,-0.0376276001334,0.0386717393994,0.635016739368
0.401725739241,0.129229649901,1.05953025818,-0.771837592125,-0.0402468852699,0.0389189496636,0.633350014687
0.402575880289,0.130243837833,1.0577801466,-0.773099124432,-0.0199460852891,0.0431185513735,0.632503509521
0.405898571014,0.132844492793,1.05773222446,-0.773012280464,-0.0269243381917,0.0512169972062,0.631746709347
0.409542679787,0.134914442897,1.0573476553,-0.7732847929,-0.0308715440333,0.0517637468874,0.631187915802
0.413373142481,0.136415615678,1.05662441254,-0.773901224136,-0.0293034315109,0.0433592088521,0.6311404109
0.417017161846,0.13845975697,1.05584573746,-0.773814857006,-0.0302297901362,0.0434774234891,0.631194531918
0.420568048954,0.140674933791,1.05493688583,-0.773697912693,-0.0335006676614,0.0451726987958,0.631053626537
0.423694014549,0.143397599459,1.05418324471,-0.773820877075,-0.0407132655382,0.0537753887475,0.629803180695
0.426807165146,0.146066099405,1.05385887623,-0.778044402599,-0.0665487274528,0.0440875254571,0.623116791248
0.430989444256,0.147545397282,1.05214679241,-0.77547955513,-0.0522979460657,0.0503048039973,0.627188980579
0.434094965458,0.149805262685,1.05158340931,-0.778386116028,-0.0696131587029,0.039049167186,0.622690975666
0.437790215015,0.151842832565,1.05007266998,-0.778497338295,-0.0706233233213,0.0402858629823,0.622359514236
0.440796881914,0.152115911245,1.04780304432,-0.78674352169,-0.0624836795032,0.041826441884,0.612683534622
0.445464849472,0.15400840342,1.04798734188,-0.78674352169,-0.0624837018549,0.0418264493346,0.612683534622
0.449089169502,0.156173303723,1.04625356197,-0.78674352169,-0.0624836832285,0.0418264977634,0.612683534622
0.452641546726,0.15812638402,1.04431784153,-0.786743581295,-0.0624836534262,0.0418264232576,0.612683475018
0.456052571535,0.159502878785,1.04191803932,-0.78674352169,-0.0624838024378,0.0418265201151,0.612683415413
0.459638208151,0.161319851875,1.03989052773,-0.78674352169,-0.0624837726355,0.0418264679611,0.612683355808
0.463313817978,0.163369834423,1.03775298595,-0.78674352169,-0.0624838285148,0.0418265126646,0.612683415413
0.458703279495,0.154864668846,1.04142093658,-0.794374227524,-0.058197516948,0.050689984113,0.602505803108
0.469970613718,0.159236371517,1.04202818871,-0.83908110857,-0.0599231943488,-0.00906635541469,0.540619790554
0.473055481911,0.159282147884,1.04020309448,-0.847165286541,-0.0582460165024,-0.0130093190819,0.527967214584
0.47639477253,0.16071228683,1.037758708,-0.847165226936,-0.0582461282611,-0.0130093032494,0.52796715498
0.479726731777,0.161699190736,1.03526210785,-0.846027672291,-0.0491280034184,-0.0170390959829,0.530597090721
0.483480811119,0.162347659469,1.03292763233,-0.843140900135,-0.0350763238966,-0.028475727886,0.535791099072
0.485606253147,0.160316869617,1.03228497505,-0.847190201283,-0.021766455844,-0.0464298985898,0.528809189796
0.489948570728,0.163533315063,1.02763724327,-0.847976386547,-0.0201321225613,-0.0320105105639,0.528683483601
0.492848753929,0.16355715692,1.02596008778,-0.853439688683,-0.0124561125413,-0.0386722832918,0.519605576992
0.495649367571,0.164020314813,1.023863554,-0.857451021671,-0.0054045189172,-0.0424978099763,0.512779355049
0.49830815196,0.164454385638,1.02173995972,-0.860481083393,0.00305482046679,-0.0448267236352,0.507497251034
0.501355588436,0.166368439794,1.0193580389,-0.860481262207,0.00305494107306,-0.0448267124593,0.507497251034
0.504498958588,0.168400913477,1.01697075367,-0.860481202602,0.0030547962524,-0.0448267012835,0.507497251034
0.507803678513,0.17062613368,1.01442706585,-0.860481202602,0.00305490242317,-0.0448266975582,0.507497191429
0.510705471039,0.172789916396,1.01162576675,-0.860481202602,0.00305487844162,-0.0448266975582,0.507497251034
0.51359796524,0.174989745021,1.00915765762,-0.860481202602,0.00305484817363,-0.0448266640306,0.507497191429
0.516436398029,0.177336215973,1.00671350956,-0.860481142998,0.00305471173488,-0.0448267012835,0.507497191429
0.51925355196,0.179831281304,1.00414597988,-0.860481262207,0.00305490638129,-0.0448266752064,0.507497191429
0.521932005882,0.18230946362,1.00164580345,-0.860481202602,0.00305480696261,-0.04482665658,0.507497251034
0.524525702,0.184619471431,0.999098718166,-0.860481142998,0.00305495853536,-0.0448269322515,0.507497310638
0.527460038662,0.187361747026,0.996231198311,-0.860481023788,0.00305476668291,-0.044827055186,0.507497370243
0.529970049858,0.189707189798,0.993386924267,-0.860480964184,0.00305478391238,-0.0448271855712,0.507497549057
0.532529532909,0.19223703444,0.990463078022,-0.860480904579,0.00305493571796,-0.0448271110654,0.507497549057
0.534935951233,0.194578424096,0.98758918047,-0.860480964184,0.00305489636958,-0.0448272675276,0.507497608662
0.537645280361,0.197319179773,0.984444499016,-0.860480964184,0.00305482721888,-0.0448272041976,0.507497549057
0.540032744408,0.199831277132,0.981453597546,-0.860481023788,0.00305475783534,-0.0448270216584,0.507497489452
0.54252243042,0.202364504337,0.978653907776,-0.860481083393,0.00305477064103,-0.044826939702,0.507497251034
0.544767618179,0.204954609275,0.975540399551,-0.860481083393,0.00305477483198,-0.0448268838227,0.507497310638
0.547107875347,0.207490339875,0.972032725811,-0.860481262207,0.00305459671654,-0.0448266714811,0.507497131824
0.549462616444,0.209987431765,0.968583703041,-0.860481381416,0.00305488216691,-0.0448264740407,0.507497131824
0.551721096039,0.212330624461,0.96513402462,-0.860481202602,0.00305454083718,-0.0448265746236,0.507497131824
0.554192125797,0.214857086539,0.961528301239,-0.860481202602,0.00305483094417,-0.0448267310858,0.507497191429
0.556271255016,0.217181235552,0.958000123501,-0.860481202602,0.00305477902293,-0.0448267236352,0.507497310638
0.558001637459,0.219524741173,0.954557716846,-0.860481202602,0.00305456249043,-0.0448266789317,0.507497131824
0.560040891171,0.221950978041,0.950912415981,-0.860481202602,0.0030544672627,-0.0448266640306,0.507497191429
0.562196195126,0.224322795868,0.94735878706,-0.860481262207,0.0030546055641,-0.0448266305029,0.507497191429
0.56402349472,0.226663291454,0.943897306919,-0.860481262207,0.00305452756584,-0.0448265522718,0.50749707222
0.565935373306,0.229033201933,0.940108418465,-0.860481321812,0.00305460952222,-0.0448264740407,0.50749707222
0.567597806454,0.231563314795,0.936586022377,-0.860481321812,0.00305466144346,-0.044826425612,0.507497012615
0.569136500359,0.233880162239,0.933026492596,-0.860481321812,0.00305465050042,-0.0448264069855,0.50749707222
0.570654511452,0.236284002662,0.929553568363,-0.860481321812,0.00305451848544,-0.0448265857995,0.507497131824
0.57226729393,0.238720461726,0.926031708717,-0.860481202602,0.00305428332649,-0.0448266305029,0.507497012615
0.571605920792,0.240824878216,0.923961281776,-0.860481321812,0.00305458786897,-0.0448264889419,0.507496953011
0.581456422806,0.253098607063,0.922044038773,-0.82874751091,-0.0660387128592,-0.0335261821747,0.554700493813
0.590683817863,0.259499877691,0.913308978081,-0.375649362803,0.0952283740044,0.248536363244,-0.887721180916
0.582101285458,0.256212055683,0.914437413216,-0.370712399483,0.0851186662912,0.24749134481,-0.89110904932
0.575919866562,0.258099913597,0.919744491577,-0.608477652073,0.0105549609289,-0.208026319742,-0.765747129917
0.571871042252,0.259674966335,0.917024254799,-0.615932762623,0.0131025360897,-0.209473147988,-0.759326219559
0.574090361595,0.256370306015,0.915471553802,-0.635170459747,0.0980862602592,-0.116002105176,-0.757285356522
0.573496878147,0.259621590376,0.912840366364,-0.638162612915,0.109104067087,-0.131090313196,-0.750773251057
0.574380397797,0.256459981203,0.911677479744,-0.648930728436,0.188204243779,-0.0580806620419,-0.734911322594
0.573047399521,0.259807795286,0.90757381916,-0.652539372444,0.195382997394,-0.0662481710315,-0.729129314423
0.572544813156,0.258716404438,0.906824290752,-0.663214623928,0.244628369808,-0.00644390331581,-0.707292020321
0.571802675724,0.261512130499,0.901877224445,-0.66591668129,0.254093259573,-0.0169455837458,-0.701216459274
0.571181297302,0.260050922632,0.901097655296,-0.668696582317,0.299627751112,0.0514107607305,-0.678546249866
0.569828748703,0.261430948973,0.899348855019,-0.668889284134,0.311752170324,0.0377764999866,-0.673774123192
0.569349527359,0.263999342918,0.897361278534,-0.668888151646,0.311752408743,0.0377763696015,-0.673774540424
0.569696843624,0.271291673183,0.890236675739,-0.633162677288,0.292017579079,0.0452561862767,-0.71538990736
0.571307480335,0.273207515478,0.890730559826,-0.633086144924,0.293566316366,0.0444569922984,-0.714873254299
0.570939719677,0.2750903368,0.889167547226,-0.633086919785,0.293566137552,0.044456936419,-0.714872956276
0.570723891258,0.277167379856,0.887873768806,-0.633086383343,0.293566256762,0.0444570221007,-0.71487313509
0.570162534714,0.278447717428,0.886118710041,-0.63308686018,0.293566048145,0.0444569326937,-0.714873015881
0.570015192032,0.280570417643,0.884840726852,-0.633086800575,0.293566197157,0.0444569401443,-0.714873075485
0.56970179081,0.281896293163,0.883377492428,-0.633086264133,0.293566286564,0.0444570556283,-0.714873254299
0.569209992886,0.283354640007,0.881467163563,-0.633087277412,0.293566137552,0.0444569811225,-0.714872956276
0.569146215916,0.285163223743,0.880425333977,-0.633086383343,0.293566137552,0.0444570556283,-0.714873075485
0.56887280941,0.2863958776,0.87846237421,-0.63308686018,0.293566197157,0.04445714131,-0.714873015881
0.568911135197,0.288661718369,0.87765109539,-0.63308686018,0.293566197157,0.0444570295513,-0.714873015881
0.568224310875,0.288700759411,0.876325786114,-0.63308686018,0.293566256762,0.0444570593536,-0.714873015881
0.567979335785,0.290167510509,0.875118136406,-0.633086979389,0.29356610775,0.0444569699466,-0.714872956276
0.568711161613,0.296600162983,0.86864554882,-0.595104813576,0.273323088884,0.0500535853207,-0.754081845284
0.56966483593,0.298257142305,0.871680438519,-0.594918251038,0.281210780144,0.045387737453,-0.751620173454
0.569231390953,0.299827545881,0.870750784874,-0.594917297363,0.281211078167,0.0453879795969,-0.751620471478
0.568573594093,0.301497668028,0.869940757751,-0.594918072224,0.281210899353,0.0453877933323,-0.751620233059
0.568140089512,0.303302913904,0.869471609592,-0.594918012619,0.281210839748,0.0453877337277,-0.751620233059
0.567529857159,0.304868906736,0.869008898735,-0.594918072224,0.281210839748,0.0453877262771,-0.751620173454
0.566997170448,0.306385338306,0.868641734123,-0.594918012619,0.281210899353,0.0453878715634,-0.751620233059
0.5662535429,0.3079020679,0.868133723736,-0.594917714596,0.281210899353,0.0453877076507,-0.751620292664
0.565609455109,0.309273183346,0.867772996426,-0.594918012619,0.281210899353,0.0453878007829,-0.751620233059
0.564981520176,0.310583919287,0.86746108532,-0.594918310642,0.281210780144,0.0453877411783,-0.75162011385
0.564457952976,0.311954081059,0.867130219936,-0.594917535782,0.281210958958,0.0453878045082,-0.751620352268
0.563872754574,0.313423633575,0.866565585136,-0.594917476177,0.281211018562,0.0453878827393,-0.751620352268
0.563426554203,0.31475135684,0.866080522537,-0.594918131828,0.281210780144,0.0453877225518,-0.751620233059
0.563853025436,0.320727676153,0.860048830509,-0.553416788578,0.264915734529,0.0445785745978,-0.78839224577
0.563727676868,0.32080155611,0.860973477364,-0.55341386795,0.274126648903,0.0384381785989,-0.785563707352
0.563330829144,0.321932286024,0.860260844231,-0.553413510323,0.274126768112,0.0384382270277,-0.785563826561
0.562798857689,0.323355257511,0.859744727612,-0.553413927555,0.274126499891,0.0384381748736,-0.785563647747
0.563006937504,0.326826930046,0.861608505249,-0.553413748741,0.274126619101,0.0384382642806,-0.785563707352
0.563007593155,0.329239010811,0.860445618629,-0.553413450718,0.27412673831,0.0384383015335,-0.785563766956
0.562370479107,0.329874008894,0.859590888023,-0.553413569927,0.274126648903,0.0384382531047,-0.785563826561
0.561992943287,0.330863803625,0.859107851982,-0.55341386795,0.274126559496,0.038438167423,-0.785563766956
0.561749696732,0.332145363092,0.859231412411,-0.55341386795,0.274126529694,0.0384381599724,-0.785563707352
0.561015844345,0.332668930292,0.858615159988,-0.55341386795,0.274126678705,0.0384382382035,-0.785563647747
0.560611069202,0.333102405071,0.858430743217,-0.553413569927,0.274126768112,0.0384383909404,-0.785563826561
0.560153365135,0.333313345909,0.858243346214,-0.553413808346,0.274126678705,0.0384381935,-0.785563707352
0.559448182583,0.333393067122,0.857863008976,-0.553414046764,0.274126470089,0.0384381487966,-0.785563647747
0.559388399124,0.337792187929,0.852557957172,-0.510903418064,0.260980695486,0.0333823077381,-0.818384051323
0.559455037117,0.339109778404,0.856230854988,-0.511088490486,0.26905348897,0.0273938495666,-0.81587266922
0.548942267895,0.338075965643,0.859364926815,-0.603887319565,0.0257352627814,-0.259235739708,-0.753295958042
0.548234522343,0.337822884321,0.859952390194,-0.605107367039,0.033683411777,-0.257897466421,-0.752462267876
0.547637701035,0.337875008583,0.860328376293,-0.603732764721,0.036279052496,-0.262763828039,-0.751761853695
0.544633984566,0.334910511971,0.860213160515,-0.605169832706,0.045803040266,-0.229818984866,-0.760825335979
0.544409394264,0.334697127342,0.860058367252,-0.604519963264,0.0484331436455,-0.23114593327,-0.760776758194
0.544477939606,0.334137380123,0.859760224819,-0.604843616486,0.0545067079365,-0.228720858693,-0.760841846466
0.546889841557,0.336636722088,0.859290838242,-0.603708386421,0.0445300042629,-0.264763444662,-0.750635445118
0.546759784222,0.336624205112,0.858726263046,-0.601493299007,0.0412508808076,-0.269713282585,-0.750839054585
0.546942532063,0.336443781853,0.858039677143,-0.599958896637,0.0437049232423,-0.268309116364,-0.752429187298
0.547120511532,0.336084216833,0.85745036602,-0.599626719952,0.0439728982747,-0.267689615488,-0.752898752689
0.547293663025,0.335534274578,0.85677921772,-0.598669588566,0.0397930182517,-0.269481480122,-0.753253698349
0.547625005245,0.335465550423,0.856251597404,-0.594743251801,0.0361765921116,-0.272336423397,-0.755516409874
0.547679007053,0.335333138704,0.855628430843,-0.589729130268,0.0261191222817,-0.278319776058,-0.757677614689
0.547897815704,0.334904640913,0.855100214481,-0.58827984333,0.0226608291268,-0.278283655643,-0.758927941322
0.548012673855,0.334568709135,0.854694962502,-0.586748957634,0.0143292611465,-0.281184047461,-0.75924706459
0.548097550869,0.334232926369,0.854225754738,-0.584026038647,0.00827893801033,-0.284425348043,-0.760228574276
0.548319876194,0.333809524775,0.853793025017,-0.582947909832,0.00536545878276,-0.283647805452,-0.761371731758
0.548235118389,0.331592082977,0.854741573334,-0.598367989063,0.0449126139283,-0.269636750221,-0.753149807453
0.548649132252,0.330931425095,0.853982925415,-0.59516865015,0.0399744212627,-0.253411561251,-0.761550426483
0.548513174057,0.330894589424,0.853612661362,-0.583068788052,0.0246151741594,-0.264285266399,-0.7678399086
0.548520863056,0.33117851615,0.853273272514,-0.578838348389,0.0166675392538,-0.271178424358,-0.768850326538
0.548599421978,0.331217318773,0.852890312672,-0.577340364456,0.0132336178795,-0.273736566305,-0.769136726856
0.54877781868,0.329383283854,0.854068398476,-0.591918945312,0.0578628964722,-0.260800033808,-0.760438680649
0.549024343491,0.329089641571,0.85330247879,-0.590660631657,0.0498530529439,-0.246982872486,-0.766573131084
0.549093186855,0.329017728567,0.853076159954,-0.592009007931,0.0529142618179,-0.24455408752,-0.766106367111
0.549255907536,0.329173803329,0.852720022202,-0.593352675438,0.0544541068375,-0.243902087212,-0.765166163445
0.549377918243,0.329354763031,0.852463245392,-0.596647202969,0.0543862767518,-0.244750052691,-0.762333035469
0.549616158009,0.329641461372,0.852240025997,-0.59744822979,0.0570977069438,-0.24252666533,-0.762218296528
0.549776017666,0.330330371857,0.852018237114,-0.594976127148,0.0589432828128,-0.241849184036,-0.76422393322
0.54999601841,0.330597788095,0.851910293102,-0.593639552593,0.059289753437,-0.244428917766,-0.764415860176
0.550409138203,0.330732226372,0.851800262928,-0.593005120754,0.0720382258296,-0.23715390265,-0.766102969646
0.550640463829,0.331257075071,0.851817369461,-0.58984786272,0.0774099826813,-0.236102893949,-0.768337786198
0.550772190094,0.33167925477,0.851783037186,-0.589696228504,0.0839638113976,-0.234604209661,-0.768224895
0.551060140133,0.332231432199,0.851709187031,-0.588198244572,0.0882551074028,-0.234509825706,-0.768920719624
0.551300108433,0.332650452852,0.851473987103,-0.587343633175,0.101865470409,-0.226087033749,-0.770412683487
0.551650583744,0.333216667175,0.851548612118,-0.595896780491,0.123972825706,-0.214050337672,-0.764016032219
0.551714658737,0.334788829088,0.852023005486,-0.591632962227,0.126857116818,-0.222535192966,-0.764431834221
0.551661729813,0.335500508547,0.85196185112,-0.594259262085,0.130588009953,-0.22181597352,-0.761971533298
0.551498353481,0.337039351463,0.852484703064,-0.592505931854,0.136376038194,-0.228613957763,-0.760311841965
0.551487445831,0.33817628026,0.852619767189,-0.592128813267,0.139166653156,-0.233011767268,-0.758763432503
0.55214703083,0.339760899544,0.8527135849,-0.590345025063,0.151756078005,-0.233769968152,-0.757505476475
0.551920592785,0.341282844543,0.852920472622,-0.590769767761,0.154748484492,-0.242295458913,-0.753881275654
0.551964759827,0.342688828707,0.853192985058,-0.590144574642,0.160408124328,-0.247682496905,-0.751433372498
0.551640331745,0.344241946936,0.853697896004,-0.588454127312,0.168899029493,-0.257754713297,-0.747500777245
0.551731407642,0.345622271299,0.853874921799,-0.590599298477,0.176128834486,-0.260588020086,-0.743145465851
0.551746249199,0.347363114357,0.854369401932,-0.589921712875,0.178195595741,-0.267469018698,-0.740742206573
0.551692724228,0.34917974472,0.854684472084,-0.586984038353,0.1784209162,-0.278303802013,-0.739028334618
0.551490664482,0.350622802973,0.855126619339,-0.587262570858,0.189308106899,-0.285097628832,-0.73348814249
0.551352798939,0.352476745844,0.855624675751,-0.58558934927,0.188352361321,-0.297222644091,-0.730251610279
0.551564157009,0.353928744793,0.855745971203,-0.585698306561,0.190332666039,-0.298704683781,-0.72904509306
0.551592230797,0.355297327042,0.856145560741,-0.584109485149,0.192869305611,-0.306015521288,-0.726616978645
0.551117300987,0.356731504202,0.856548428535,-0.585405528545,0.185810804367,-0.316450029612,-0.722934544086
0.550986886024,0.357770651579,0.856968045235,-0.585576057434,0.183728411794,-0.326330631971,-0.718924939632
0.551892399788,0.35882627964,0.856912016869,-0.583643138409,0.20288002491,-0.320105314255,-0.718145549297
0.552062094212,0.360151946545,0.857571125031,-0.581817388535,0.206540137529,-0.327987760305,-0.715020358562
0.55218487978,0.360795587301,0.857452809811,-0.581071853638,0.212736085057,-0.329755097628,-0.712993979454
0.552494883537,0.361649930477,0.857442319393,-0.579573571682,0.212043613195,-0.333225846291,-0.712806284428
0.552759706974,0.3627204597,0.85801243782,-0.577639341354,0.213911920786,-0.339779466391,-0.71072101593
0.553107380867,0.363257348537,0.858091533184,-0.577111780643,0.217806354165,-0.339377790689,-0.710158586502
0.553495466709,0.363753288984,0.858315825462,-0.576210558414,0.222968891263,-0.338877499104,-0.709527075291
0.554049491882,0.364413976669,0.858319401741,-0.575081050396,0.220565930009,-0.337530583143,-0.71183270216
0.554516136646,0.364669442177,0.85821223259,-0.57539910078,0.229190036654,-0.334742993116,-0.710165441036
0.554955363274,0.365201085806,0.858323872089,-0.574264764786,0.231629297137,-0.335023641586,-0.710159957409
0.555212557316,0.366017580032,0.858737826347,-0.570138633251,0.232022896409,-0.341033011675,-0.710495710373
0.555842280388,0.366131305695,0.858728647232,-0.571093857288,0.235634684563,-0.333566904068,-0.712082505226
0.556400239468,0.366948157549,0.858845949173,-0.566426277161,0.234339267015,-0.339460253716,-0.713451862335
0.556822061539,0.366901904345,0.85873901844,-0.56713861227,0.240859016776,-0.334152758121,-0.713219821453
0.557177126408,0.367173850536,0.858710229397,-0.56517380476,0.246527120471,-0.335985213518,-0.711981117725
0.558029592037,0.367587208748,0.858594059944,-0.563436686993,0.245681375265,-0.33462446928,-0.714287221432
0.558322787285,0.367947638035,0.858491301537,-0.560656547546,0.249646872282,-0.337601155043,-0.713699102402
0.558925509453,0.368131935596,0.858497142792,-0.558849751949,0.254017442465,-0.337852686644,-0.713454961777
0.559491455555,0.368306905031,0.858495593071,-0.556948065758,0.259018540382,-0.338138788939,-0.713008105755
0.560247421265,0.368308216333,0.858057498932,-0.555941164494,0.261866241693,-0.335870981216,-0.713825047016
0.561165809631,0.368390589952,0.857827663422,-0.555370271206,0.264154165983,-0.33188059926,-0.715291440487
0.561844646931,0.368503957987,0.857864141464,-0.553304851055,0.272114336491,-0.333052396774,-0.713360905647
0.562582910061,0.368872910738,0.857758522034,-0.550056993961,0.272105634212,-0.333710044622,-0.71556520462
0.563625693321,0.369368821383,0.857831478119,-0.546514928341,0.269734740257,-0.334141135216,-0.718967676163
0.564573764801,0.369602382183,0.857734262943,-0.544210076332,0.270463496447,-0.332104682922,-0.721381664276
0.565502405167,0.369969725609,0.85780698061,-0.541377425194,0.270552814007,-0.331817388535,-0.723608374596
0.566478967667,0.370400547981,0.857869386673,-0.538297712803,0.268406152725,-0.333620220423,-0.725873053074
0.567520678043,0.370596110821,0.857662677765,-0.536641418934,0.265876084566,-0.331376492977,-0.729051053524
0.568418085575,0.371062785387,0.857886552811,-0.534129202366,0.263201445341,-0.33376121521,-0.7307767272
0.569375038147,0.371631920338,0.858251214027,-0.53054523468,0.262028455734,-0.337195128202,-0.732231020927
0.57006663084,0.372277498245,0.858775496483,-0.526924669743,0.260654687881,-0.34193021059,-0.733139574528
0.571511566639,0.369552016258,0.854125976562,-0.551545619965,0.255677491426,-0.281070202589,-0.742580771446
0.572162330151,0.370876014233,0.854562461376,-0.539579331875,0.245819374919,-0.304360568523,-0.745514392853
0.573188126087,0.372500419617,0.855016469955,-0.530681431293,0.230068832636,-0.321582138538,-0.749686956406
0.574917793274,0.375377714634,0.856067538261,-0.514114737511,0.204757705331,-0.352925628424,-0.754456222057
0.575039684772,0.375138193369,0.85594445467,-0.518321812153,0.2071608603,-0.342364877462,-0.755786418915
0.575533092022,0.37635037303,0.856440067291,-0.51383638382,0.181595444679,-0.359962701797,-0.757246434689
0.576479196548,0.377340912819,0.856835484505,-0.511465609074,0.178747281432,-0.366510927677,-0.756387531757
0.57759988308,0.378300398588,0.857025325298,-0.509273469448,0.178389519453,-0.370413988829,-0.75604981184
0.578583776951,0.379071116447,0.857255518436,-0.507663667202,0.171460792422,-0.378698676825,-0.754629731178
0.579582870007,0.37992438674,0.857663273811,-0.507158219814,0.175962790847,-0.380441009998,-0.753055632114
0.58124601841,0.380781918764,0.857843756676,-0.504422008991,0.187082320452,-0.384251892567,-0.750272810459
0.582461774349,0.38134214282,0.857664704323,-0.504755437374,0.185098350048,-0.387207746506,-0.749019861221
0.583326339722,0.381956249475,0.858067631721,-0.504565894604,0.186897799373,-0.391977936029,-0.74621450901
0.584456622601,0.382369607687,0.858089387417,-0.504078567028,0.18791551888,-0.394923597574,-0.744733572006
0.585583984852,0.382668048143,0.858147382736,-0.503940463066,0.190059885383,-0.397248357534,-0.743044435978
0.586707770824,0.382866770029,0.858067274094,-0.505212008953,0.19216991961,-0.39743027091,-0.741539537907
0.588317155838,0.383783817291,0.858466982841,-0.501061618328,0.191680297256,-0.408551722765,-0.738432109356
0.589028775692,0.383784979582,0.858604669571,-0.501469314098,0.195496037602,-0.408226311207,-0.737333774567
0.589667797089,0.383803397417,0.858984947205,-0.502236425877,0.20163564384,-0.409001082182,-0.734724342823
0.590447902679,0.383540153503,0.85903096199,-0.503508925438,0.207372233272,-0.405973106623,-0.733935475349
0.591278374195,0.383113652468,0.858739197254,-0.505355596542,0.213052779436,-0.399880200624,-0.73438423872
0.591862857342,0.38304272294,0.85867613554,-0.504078030586,0.215581327677,-0.399490475655,-0.734736442566
0.591666400433,0.382016181946,0.857861876488,-0.508826732635,0.218904033303,-0.386089324951,-0.737639188766
0.592414438725,0.381945341825,0.857966005802,-0.507251381874,0.222520902753,-0.38740542531,-0.736951708794
0.593177258968,0.38154014945,0.857359051704,-0.507164001465,0.2220505476,-0.383454829454,-0.739216208458
0.593728423119,0.381115466356,0.857009768486,-0.506969451904,0.223772674799,-0.380176454782,-0.740522742271
0.593936502934,0.381104260683,0.85668361187,-0.503841161728,0.219811215997,-0.382407486439,-0.742692351341
0.594032287598,0.380950123072,0.856678366661,-0.502435982227,0.220637515187,-0.383979976177,-0.742587804794
0.594058334827,0.380786299706,0.85640090704,-0.500221014023,0.217299118638,-0.385775864124,-0.744135200977
0.593995392323,0.380247920752,0.856006622314,-0.500022828579,0.216962203383,-0.383802741766,-0.745385825634
0.593698978424,0.379854470491,0.855931818485,-0.498948067427,0.21654291451,-0.385071605444,-0.74557363987
0.593547523022,0.379185557365,0.855604171753,-0.500301778316,0.218082338572,-0.381632119417,-0.745986223221
0.593154907227,0.378836214542,0.855426311493,-0.499788820744,0.216485276818,-0.381879329681,-0.746668279171
0.591941952705,0.378189057112,0.855357825756,-0.50126594305,0.19936235249,-0.38448870182,-0.749103248119
0.591376304626,0.37763184309,0.855118274689,-0.500338017941,0.198273524642,-0.382587850094,-0.750983595848
0.592004716396,0.378145843744,0.855263948441,-0.49153393507,0.206823393703,-0.391001611948,-0.750157773495
0.590449035168,0.377115488052,0.855325043201,-0.494533509016,0.193613037467,-0.389262586832,-0.75261259079
0.589494168758,0.376429855824,0.855348229408,-0.494109034538,0.195231452584,-0.384983897209,-0.754671156406
0.58811879158,0.374479204416,0.854536175728,-0.500850200653,0.199752539396,-0.36402913928,-0.759428024292
0.587587475777,0.374052882195,0.854339182377,-0.498555153608,0.196859180927,-0.360747247934,-0.763250112534
0.586935579777,0.373372673988,0.853973925114,-0.494682461023,0.2196033746,-0.353975355625,-0.762735486031
0.586710393429,0.373101949692,0.853727996349,-0.494833946228,0.209235578775,-0.347742587328,-0.768397688866
0.585931897163,0.372755199671,0.853564143181,-0.493632405996,0.205135956407,-0.347280472517,-0.770482182503
0.584889888763,0.372437864542,0.853438854218,-0.493228346109,0.200473368168,-0.348285019398,-0.771514117718
0.583734095097,0.372035831213,0.853458046913,-0.49354571104,0.197605982423,-0.349278748035,-0.771601498127
0.583038747311,0.372878313065,0.853943347931,-0.48505038023,0.185823664069,-0.368443340063,-0.771002829075
0.580645263195,0.371125519276,0.853696525097,-0.491959065199,0.191556438804,-0.353805661201,-0.772077739239
0.579026162624,0.370741993189,0.85381925106,-0.489731043577,0.19130910933,-0.36011081934,-0.770639359951
0.577822804451,0.37055760622,0.853901565075,-0.489523738623,0.183607399464,-0.362793415785,-0.771385610104
0.576352775097,0.37026783824,0.854043245316,-0.489604651928,0.181398004293,-0.366876393557,-0.769924521446
0.574536144733,0.369697779417,0.854150176048,-0.490938216448,0.185833469033,-0.369311511517,-0.76684731245
0.573310852051,0.369355708361,0.854079723358,-0.491716772318,0.181802719831,-0.368084847927,-0.767903745174
0.57190734148,0.368973135948,0.854321360588,-0.492658048868,0.182458043098,-0.369589626789,-0.766420662403
0.569677352905,0.368465453386,0.854601979256,-0.494958639145,0.165305092931,-0.38288128376,-0.762294173241
0.568121194839,0.367932111025,0.854784667492,-0.497553855181,0.169694036245,-0.383979320526,-0.759081244469
0.566335916519,0.367255061865,0.854828715324,-0.500191628933,0.171875402331,-0.384662032127,-0.756506741047
0.565042197704,0.366935580969,0.85488730669,-0.502470850945,0.174772232771,-0.380888104439,-0.756242036819
0.563715934753,0.367036908865,0.855201125145,-0.501876413822,0.180184423923,-0.385571777821,-0.752986073494
0.56298995018,0.366651564837,0.85504835844,-0.502213418484,0.195144832134,-0.383670896292,-0.749998152256
0.561281979084,0.366254806519,0.855051875114,-0.50680565834,0.189874365926,-0.383121222258,-0.748541116714
0.561032176018,0.365979880095,0.8549284935,-0.506356239319,0.207854449749,-0.38242790103,-0.744411885738
0.559603333473,0.365561723709,0.854953289032,-0.510983526707,0.204777300358,-0.380504131317,-0.743087470531
0.558830976486,0.365089982748,0.854538798332,-0.513622820377,0.211870774627,-0.373641103506,-0.742761790752
0.559288620949,0.36503264308,0.854099154472,-0.511125385761,0.229524075985,-0.369361132383,-0.741378366947
0.558593451977,0.36489880085,0.853852510452,-0.514950692654,0.21611943841,-0.368368417025,-0.743251562119
0.558594465256,0.365352392197,0.852298498154,-0.510692775249,0.199747383595,-0.370636433363,-0.749614775181
0.557950735092,0.365281462669,0.852070689201,-0.509553730488,0.198294997215,-0.370466291904,-0.750858902931
0.557913482189,0.365283668041,0.851810634136,-0.507578253746,0.193420261145,-0.372101575136,-0.752657711506
0.558379650116,0.365289330482,0.851910352707,-0.502067625523,0.206570073962,-0.372012168169,-0.75290364027
0.557810544968,0.364935517311,0.851358294487,-0.502638578415,0.172978505492,-0.37568795681,-0.75913888216
0.557526886463,0.364388465881,0.852410137653,-0.500505745411,0.174552381039,-0.384959608316,-0.755534231663
0.557800352573,0.364281445742,0.852452278137,-0.495144307613,0.164673700929,-0.385872095823,-0.760800778866
0.55772793293,0.364131331444,0.852817773819,-0.489573180676,0.141626000404,-0.399374127388,-0.762076497078
0.557688832283,0.363512575626,0.852868258953,-0.485127449036,0.120806515217,-0.401423841715,-0.767408847809
0.557748198509,0.362886846066,0.853315532207,-0.48168811202,0.101381249726,-0.402612447739,-0.771752476692
0.557775557041,0.362515926361,0.853883862495,-0.473835885525,0.0843600928783,-0.408760726452,-0.775421082973
0.557773470879,0.361717939377,0.854441165924,-0.466898828745,0.068523325026,-0.408869475126,-0.781111955643
0.558565616608,0.354709595442,0.851731061935,-0.501837134361,0.0837909579277,-0.326273083687,-0.796670734882
0.556949675083,0.354509681463,0.851799726486,-0.479528367519,0.0338238179684,-0.354058384895,-0.802216470242
0.55617249012,0.355134606361,0.852657198906,-0.463558614254,-0.0105730546638,-0.378380417824,-0.801142930984
0.556856393814,0.349357277155,0.856933355331,-0.510215103626,0.0785315930843,-0.32047727704,-0.794234275818
0.555352687836,0.349770843983,0.857217371464,-0.48746919632,0.0290275458246,-0.349319159985,-0.79969227314
0.554416835308,0.349981546402,0.857850551605,-0.474346637726,-0.00412446120754,-0.372924268246,-0.797437310219
0.55578649044,0.344704151154,0.860476434231,-0.508448302746,0.0594878830016,-0.322127521038,-0.796351194382
0.554623603821,0.344713628292,0.861054301262,-0.490505456924,0.0208672117442,-0.346256017685,-0.799422323704
0.553956508636,0.344998985529,0.86143809557,-0.473841071129,-0.0144721968099,-0.372615158558,-0.797761440277
0.555013120174,0.339820593596,0.86297082901,-0.501278936863,0.0413089282811,-0.332096874714,-0.797950267792
0.554070174694,0.339971244335,0.862974524498,-0.479113280773,-0.00907158572227,-0.358376950026,-0.801208019257
0.555024266243,0.335406750441,0.865027189255,-0.504173457623,0.0436665154994,-0.326141685247,-0.798457324505
0.553919315338,0.335320293903,0.865027785301,-0.483448952436,-0.00378354010172,-0.352544695139,-0.801233649254
0.554275274277,0.332882463932,0.866219758987,-0.483995139599,-0.00549043249339,-0.352795064449,-0.800783395767
0.554632008076,0.329157620668,0.86878734827,-0.511591374874,0.0365321710706,-0.324916541576,-0.79458707571
0.554050207138,0.326638489962,0.870383143425,-0.511591970921,0.0365316681564,-0.324916958809,-0.794586956501
0.55294418335,0.326970547438,0.870506703854,-0.493605315685,-0.0211335476488,-0.351699560881,-0.795119524002
0.551325380802,0.326836019754,0.871257185936,-0.475604355335,-0.0616778545082,-0.380857467651,-0.790533959866
0.551322340965,0.323490381241,0.874061882496,-0.493461281061,-0.0362069606781,-0.368467181921,-0.787030518055
0.550957918167,0.320448547602,0.876667439938,-0.504521071911,-0.0197398159653,-0.356808662415,-0.785974919796
0.549482285976,0.319808095694,0.87693297863,-0.480722844601,-0.0771669894457,-0.372183144093,-0.790209233761
0.548552036285,0.317172050476,0.8800303936,-0.491641938686,-0.05873606354,-0.373313575983,-0.784522175789
0.547779500484,0.3147174716,0.882666349411,-0.496895045042,-0.0546956844628,-0.36531624198,-0.785269200802
0.545821428299,0.314181447029,0.883273005486,-0.469256579876,-0.110826842487,-0.382288843393,-0.788271009922
0.544392585754,0.311912208796,0.886626124382,-0.47702473402,-0.104488216341,-0.388967514038,-0.781175255775
0.543311953545,0.309777200222,0.889640450478,-0.477940320969,-0.108281031251,-0.386619746685,-0.781264007092
0.541634559631,0.308104485273,0.892741322517,-0.474208891392,-0.114163517952,-0.393769323826,-0.779126703739
0.53988802433,0.306499838829,0.895313262939,-0.469100832939,-0.133897975087,-0.399175941944,-0.776320874691
0.537544488907,0.304467409849,0.897727668285,-0.463796854019,-0.148019582033,-0.404949396849,-0.773949861526
0.535264372826,0.302365452051,0.900282979012,-0.460037499666,-0.16267041862,-0.407651156187,-0.77183163166
0.533083975315,0.300481766462,0.90305274725,-0.456764519215,-0.176229804754,-0.410971343517,-0.76903283596
0.53070962429,0.29880797863,0.905873894691,-0.449849873781,-0.193172559142,-0.417942613363,-0.765273153782
0.528155326843,0.297059834003,0.908447861671,-0.444957941771,-0.210698544979,-0.421865969896,-0.761345803738
0.525280117989,0.295370101929,0.911126315594,-0.439227640629,-0.226679041982,-0.428568840027,-0.756322860718
0.523096680641,0.292912304401,0.913862109184,-0.439998656511,-0.233422398567,-0.420587599277,-0.758301198483
0.520459532738,0.290843039751,0.916615366936,-0.440508335829,-0.235647827387,-0.418159127235,-0.758660137653
0.518212735653,0.288948535919,0.920029759407,-0.440508365631,-0.235647901893,-0.418159097433,-0.758660197258
0.515830874443,0.286831349134,0.923349201679,-0.440508335829,-0.235648185015,-0.418159216642,-0.758660137653
0.513298809528,0.284764111042,0.926599621773,-0.440508246422,-0.235647752881,-0.418159008026,-0.758660018444
0.511246085167,0.28282430768,0.930386900902,-0.440508365631,-0.235648199916,-0.418159067631,-0.758660078049
0.508046388626,0.280448198318,0.933406174183,-0.440508276224,-0.235648497939,-0.418158948421,-0.758660197258
0.505372643471,0.278480887413,0.936827123165,-0.440508127213,-0.235648155212,-0.418159067631,-0.758660137653
0.502583265305,0.276404619217,0.940110087395,-0.440507799387,-0.235648065805,-0.418158859015,-0.758660316467
0.499617129564,0.274339854717,0.943522453308,-0.440508127213,-0.235648393631,-0.418159008026,-0.758660197258
0.496953964233,0.272369146347,0.947302520275,-0.440507799387,-0.235647976398,-0.418158948421,-0.758660316467
0.492613315582,0.280535012484,0.949567556381,-0.600031614304,-0.694012224674,0.289466053247,0.272980570793
0.485665380955,0.28820797801,0.962168157101,-0.600031852722,-0.69401204586,0.289465874434,0.272980839014
0.482559561729,0.286472588778,0.965740919113,-0.600031793118,-0.694012224674,0.28946608305,0.272980630398
0.478519916534,0.284584224224,0.968807697296,-0.600031673908,-0.694012224674,0.289466291666,0.272980540991
0.466776072979,0.273066043854,0.972311913967,-0.589723706245,-0.695167183876,0.307527512312,0.272755175829
0.436489403248,0.289164990187,1.03848218918,-0.199922829866,0.55049687624,-0.100641772151,-0.80427312851
0.433780789375,0.298873543739,1.03218686581,-0.0759103745222,0.545242667198,-0.145561635494,-0.822046160698
0.430049866438,0.29963439703,1.03203463554,-0.0450528934598,0.538681089878,-0.163026839495,-0.825357556343
0.425401449203,0.298527091742,1.03447055817,-0.0390877686441,0.535515248775,-0.174299404025,-0.825418174267
0.420383393764,0.296446502209,1.03806114197,-0.0479259155691,0.534359574318,-0.18220564723,-0.823992669582
0.415394604206,0.293909907341,1.04223299026,-0.0620660036802,0.532533288002,-0.188675165176,-0.822774529457
0.410280436277,0.291186779737,1.0464631319,-0.0785119533539,0.529762208462,-0.194343730807,-0.821838378906
0.405398547649,0.289010226727,1.05032777786,-0.0871134102345,0.530481219292,-0.199391275644,-0.819294810295
0.40780711174,0.292888849974,1.04897475243,-0.00553360721096,0.516352415085,-0.19517582655,-0.833820104599
0.400197148323,0.286879003048,1.05201601982,-0.0397595949471,0.517871141434,-0.200223714113,-0.830746173859
0.395913600922,0.28431814909,1.05548548698,-0.039759516716,0.51787096262,-0.200223609805,-0.830746233463
0.391975641251,0.281959056854,1.05845558643,-0.0397596731782,0.517871320248,-0.200223371387,-0.830746173859
0.387775242329,0.279610306025,1.06150519848,-0.0397596918046,0.517871201038,-0.20022328198,-0.830746173859
0.383401304483,0.277291893959,1.06496310234,-0.039759721607,0.51787096262,-0.200223490596,-0.830746293068
0.379152476788,0.275098562241,1.06812703609,-0.0397599078715,0.517871379852,-0.200223565102,-0.830746173859
0.374839603901,0.272929430008,1.07145476341,-0.0397595651448,0.517870903015,-0.200223460793,-0.830746233463
0.370985507965,0.270998120308,1.07482659817,-0.0397596806288,0.517871141434,-0.200223505497,-0.830746233463
0.366313040257,0.269054681063,1.07822036743,-0.0397594571114,0.51787096262,-0.200223505497,-0.830746233463
0.36238527298,0.267227828503,1.08138656616,-0.0397595725954,0.517871081829,-0.200223505497,-0.830746233463
0.358404159546,0.265390366316,1.08444821835,-0.0397595763206,0.517871022224,-0.200223594904,-0.830746173859
0.353854656219,0.263701796532,1.08749604225,-0.0397596545517,0.517871141434,-0.200223609805,-0.830746233463
0.349869608879,0.262072265148,1.09026753902,-0.0397595502436,0.517871201038,-0.200223639607,-0.830746173859
0.345892608166,0.260429888964,1.09299898148,-0.0397596471012,0.517871141434,-0.200223580003,-0.830746173859
0.341761946678,0.25901427865,1.09567296505,-0.0397594869137,0.517871081829,-0.200223594904,-0.830746173859
0.337471723557,0.257526636124,1.09842514992,-0.0397594943643,0.517871022224,-0.20022366941,-0.830746173859
0.333514750004,0.256176322699,1.1010055542,-0.0397597327828,0.517871201038,-0.200223505497,-0.830746233463
0.329392135143,0.254992187023,1.10384500027,-0.0397596620023,0.517871022224,-0.200223475695,-0.830746233463
0.325539708138,0.253847002983,1.10667073727,-0.0397594422102,0.51787084341,-0.200223490596,-0.830746293068
0.32126635313,0.252727389336,1.10969519615,-0.039759516716,0.517870903015,-0.200223505497,-0.830746233463
0.317577779293,0.251753956079,1.1123598814,-0.0397595465183,0.517871081829,-0.200223580003,-0.830746233463
0.313669025898,0.250657558441,1.11493802071,-0.0397596918046,0.517871320248,-0.200223639607,-0.830746173859
0.309880495071,0.249593943357,1.11740875244,-0.0397595912218,0.517871081829,-0.200223520398,-0.830746233463
0.306306898594,0.248529464006,1.11978435516,-0.0397596322,0.517871081829,-0.200223565102,-0.830746293068
0.302595973015,0.247615084052,1.12217247486,-0.0397596694529,0.517871081829,-0.2002235502,-0.830746233463
0.29884916544,0.24653890729,1.12433576584,-0.0397594869137,0.517871022224,-0.200223460793,-0.830746293068
0.295099377632,0.245644286275,1.12641656399,-0.0397593565285,0.51787096262,-0.200223430991,-0.830746233463
0.291332453489,0.244909971952,1.12842392921,-0.0397595800459,0.517871022224,-0.200223520398,-0.830746233463
0.287680834532,0.24410584569,1.13035786152,-0.0397596918046,0.517871320248,-0.200223639607,-0.830746173859
