x,y,z,q0,q1,q2,q3
-0.243207409978,-0.319480419159,1.14449071884,0.314550876617,-0.540161192417,0.759520888329,-0.180032357574
-0.24218095839,-0.317532360554,1.1450792551,0.313319563866,-0.53898024559,0.761256873608,-0.178379639983
-0.240583136678,-0.315843164921,1.14589011669,0.311975806952,-0.535275578499,0.764580309391,-0.177674204111
-0.239419549704,-0.314012527466,1.14664697647,0.312349617481,-0.533809363842,0.765821814537,-0.176074534655
-0.237927347422,-0.312562167645,1.14740395546,0.312905043364,-0.53081548214,0.76802778244,-0.174524948001
-0.236569702625,-0.31108802557,1.14894890785,0.31305372715,-0.531317591667,0.768173158169,-0.172072723508
-0.235049068928,-0.309660106897,1.15046525002,0.314324021339,-0.527898430824,0.770499944687,-0.169863730669
-0.233894318342,-0.30846709013,1.1512645483,0.315096259117,-0.526507794857,0.771403074265,-0.168644711375
-0.232531905174,-0.307546526194,1.15218853951,0.317059457302,-0.52268499136,0.773270428181,-0.168304905295
-0.231452688575,-0.306524693966,1.15356731415,0.319076180458,-0.518826603889,0.775420308113,-0.166531831026
-0.230379164219,-0.305493861437,1.15435326099,0.319817960262,-0.514261782169,0.778254985809,-0.166044056416
-0.229252919555,-0.305270761251,1.15528833866,0.322150707245,-0.510208964348,0.780021905899,-0.16574652493
-0.228355720639,-0.305035293102,1.15609145164,0.324432134628,-0.508046627045,0.780666291714,-0.164902150631
-0.227602571249,-0.304892271757,1.15697181225,0.326785713434,-0.503804266453,0.782412230968,-0.164995357394
-0.227147385478,-0.30482545495,1.15800452232,0.330026477575,-0.499783247709,0.784002184868,-0.163217544556
-0.22648973763,-0.305136680603,1.15810847282,0.332738518715,-0.499149531126,0.783294379711,-0.163048550487
-0.226033419371,-0.305667966604,1.15842843056,0.334218740463,-0.494089841843,0.785766005516,-0.163538247347
-0.225837677717,-0.306592702866,1.15839743614,0.337612062693,-0.493600487709,0.78479975462,-0.162683606148
-0.225759238005,-0.307667911053,1.15823149681,0.351192235947,-0.501401007175,0.774356424809,-0.160104006529
-0.225851714611,-0.30902031064,1.15825402737,0.346143603325,-0.491291463375,0.782884061337,-0.160966053605
-0.226120010018,-0.310415506363,1.15773355961,0.350041806698,-0.491523712873,0.781168401241,-0.16015984118
-0.226533263922,-0.312172740698,1.15701031685,0.35441622138,-0.491743147373,0.779251456261,-0.159201011062
-0.227123335004,-0.31409522891,1.15618157387,0.357841044664,-0.490956991911,0.778382241726,-0.158215984702
-0.227618575096,-0.315610706806,1.15500319004,0.361931860447,-0.491681605577,0.776348054409,-0.156647667289
-0.228485494852,-0.317233353853,1.15382146835,0.374235242605,-0.503282129765,0.763986349106,-0.151591449976
-0.229642435908,-0.319497644901,1.15286695957,0.372238785028,-0.492516964674,0.772041738033,-0.15105228126
-0.230742439628,-0.321385502815,1.15147686005,0.377276957035,-0.493503987789,0.769574344158,-0.14789044857
-0.232187867165,-0.323725342751,1.15015053749,0.374160945415,-0.482650220394,0.777908086777,-0.148024842143
-0.233611524105,-0.325777798891,1.14904844761,0.388802498579,-0.49606820941,0.763633012772,-0.140048786998
-0.235090911388,-0.328156679869,1.14748728275,0.394744277,-0.497429430485,0.760402441025,-0.136121943593
-0.236561149359,-0.330469548702,1.1461315155,0.40131431818,-0.497639507055,0.75767403841,-0.131269991398
-0.238902941346,-0.333147168159,1.14431655407,0.400108367205,-0.490221619606,0.76340007782,-0.129678890109
-0.240525379777,-0.335301935673,1.14226484299,0.412445038557,-0.500424385071,0.751403748989,-0.121889427304
-0.242891907692,-0.337770313025,1.1403683424,0.418910354376,-0.502216458321,0.74754858017,-0.116034507751
-0.245242029428,-0.34059792757,1.13830733299,0.418118000031,-0.492486357689,0.754637479782,-0.114703945816
-0.2475489676,-0.343514919281,1.13606274128,0.423604786396,-0.493995755911,0.751333236694,-0.109661601484
-0.250176817179,-0.346434086561,1.13407385349,0.430588543415,-0.49510961771,0.747545182705,-0.103132590652
-0.252835571766,-0.349318742752,1.13186073303,0.438128381968,-0.497388362885,0.742523193359,-0.0964771807194
-0.255759835243,-0.351908028126,1.12969589233,0.44449698925,-0.498038947582,0.739269018173,-0.0886631309986
-0.258606791496,-0.354761302471,1.12736678123,0.450399011374,-0.498559355736,0.736091077328,-0.0821545124054
-0.261673182249,-0.357555568218,1.1251333952,0.457779675722,-0.501112759113,0.730716824532,-0.0733269825578
-0.264845311642,-0.360277146101,1.12286829948,0.464923262596,-0.502886533737,0.725783228874,-0.0647322013974
-0.267998158932,-0.362855374813,1.12061595917,0.471087932587,-0.50635266304,0.720180809498,-0.0549792386591
-0.271242409945,-0.365750223398,1.11872684956,0.477300047874,-0.506717085838,0.716414511204,-0.0466128364205
-0.274904191494,-0.368973165751,1.11689686775,0.483598172665,-0.507288694382,0.712284445763,-0.0379728488624
-0.278177767992,-0.370931088924,1.11427986622,0.495544701815,-0.519103229046,0.696037530899,-0.0223421230912
-0.281926512718,-0.373617738485,1.11265575886,0.501792490482,-0.520075976849,0.691072881222,-0.0119813187048
-0.28562644124,-0.37624335289,1.11052584648,0.507594168186,-0.518890321255,0.687820017338,-0.00219619995914
-0.289247602224,-0.379129052162,1.10825824738,0.513665735722,-0.52023345232,0.682247102261,0.00661055231467
-0.292623877525,-0.381602376699,1.10662412643,0.519908130169,-0.520361304283,0.677218079567,0.017191965133
-0.296892553568,-0.384267449379,1.10483920574,0.525330483913,-0.522340714931,0.67110645771,0.0283585619181
-0.300873935223,-0.387108027935,1.10309898853,0.530613422394,-0.521819114685,0.666869997978,0.0379295498133
-0.304843306541,-0.389337986708,1.1013661623,0.536290407181,-0.520819604397,0.662451267242,0.0479373559356
-0.308739840984,-0.392237871885,1.09958684444,0.541734933853,-0.522077202797,0.656151115894,0.0585187114775
-0.312667191029,-0.394629716873,1.09807395935,0.546148121357,-0.522009551525,0.651601672173,0.0681432038546
-0.316666930914,-0.397199094296,1.09657812119,0.550722360611,-0.522451639175,0.646243870258,0.0782183632255
-0.320586711168,-0.399503320456,1.09520936012,0.555162191391,-0.522449791431,0.641064047813,0.0887587741017
-0.324613749981,-0.401734530926,1.09381842613,0.558412969112,-0.522866308689,0.636443138123,0.0986210480332
-0.328519046307,-0.404107928276,1.09255504608,0.56225335598,-0.522640168667,0.631770312786,0.10763335973
-0.332537770271,-0.406332582235,1.09129846096,0.565371930599,-0.522420823574,0.627531766891,0.11677017808
-0.336087733507,-0.408284962177,1.09065628052,0.56954228878,-0.52416062355,0.619674384594,0.129926487803
-0.34009423852,-0.410809516907,1.08957242966,0.571825444698,-0.522930204868,0.616941154003,0.137634649873
-0.344069093466,-0.412752240896,1.08811163902,0.574073910713,-0.522452235222,0.613390922546,0.145721390843
-0.347572922707,-0.414591133595,1.087682724,0.577806174755,-0.520265340805,0.60986828804,0.153377279639
-0.351540595293,-0.416589796543,1.08632147312,0.580146491528,-0.519783854485,0.60602325201,0.161215960979
-0.355147510767,-0.418636441231,1.08578634262,0.582066357136,-0.52041643858,0.601295232773,0.169733911753
-0.358757555485,-0.420378684998,1.08516168594,0.58432251215,-0.519456267357,0.59763032198,0.177680999041
-0.362092018127,-0.421915471554,1.0845220089,0.58640640974,-0.518397390842,0.594300031662,0.184930294752
-0.36546382308,-0.423583358526,1.08403372765,0.588259160519,-0.517855346203,0.590583920479,0.192322015762
-0.368710577488,-0.425452798605,1.08344519138,-0.590551435947,0.51647657156,-0.587386488914,-0.198691368103
-0.371921390295,-0.426921993494,1.08338165283,-0.591886281967,0.517125487328,-0.582872331142,-0.206183984876
-0.374572992325,-0.42881333828,1.08275783062,-0.594355881214,0.514552950859,-0.581120014191,-0.21041893959
-0.377503871918,-0.429912358522,1.0821416378,-0.595993041992,0.513705670834,-0.57783228159,-0.216814696789
-0.380592763424,-0.431765288115,1.08196496964,-0.597516655922,0.512993693352,-0.575130581856,-0.221440896392
-0.383188635111,-0.433261394501,1.08181965351,-0.599106431007,0.512678027153,-0.571651935577,-0.226818755269
-0.385717362165,-0.434626847506,1.08148574829,-0.600534379482,0.511801064014,-0.569142818451,-0.231288805604
-0.389566302299,-0.437243312597,1.08138310909,-0.600469589233,0.513586997986,-0.566596984863,-0.233736500144
-0.392222523689,-0.438431978226,1.08096170425,-0.601452887058,0.512739062309,-0.564971923828,-0.23698104918
-0.394630014896,-0.439823687077,1.08075392246,-0.60158187151,0.513724982738,-0.562520325184,-0.24032650888
-0.396942675114,-0.441147625446,1.0803655386,-0.602656245232,0.51394200325,-0.559965193272,-0.243121519685
-0.398938626051,-0.442169457674,1.08020174503,-0.603555500507,0.512913942337,-0.559056162834,-0.245145484805
-0.400956094265,-0.442985057831,1.08131098747,-0.602644741535,0.515322327614,-0.555425286293,-0.250529766083
-0.40446972847,-0.444810986519,1.07965707779,-0.601811826229,0.516699850559,-0.556109130383,-0.248166263103
-0.405592143536,-0.445723056793,1.07973051071,-0.602763235569,0.516715109348,-0.554254174232,-0.249968662858
-0.408468514681,-0.446927607059,1.08030760288,-0.60057079792,0.52078717947,-0.551820456982,-0.252170026302
-0.410268306732,-0.448057174683,1.08060634136,-0.600536644459,0.52090549469,-0.551680982113,-0.252311974764
-0.410726070404,-0.448686957359,1.07942605019,-0.601930260658,0.52023857832,-0.550993204117,-0.251869380474
-0.411893755198,-0.449405550957,1.08010160923,-0.601869285107,0.521665096283,-0.548727035522,-0.254003107548
-0.413284063339,-0.450079202652,1.0795135498,-0.601458728313,0.521452665329,-0.549804091454,-0.253081530333
-0.413309931755,-0.449935853481,1.07929909229,-0.602431058884,0.520184755325,-0.549602389336,-0.253814399242
-0.414140313864,-0.4503480196,1.07929039001,-0.602437138557,0.519903421402,-0.550200939178,-0.253079146147
-0.415011405945,-0.450715273619,1.07977378368,-0.601817429066,0.520370483398,-0.550444066525,-0.253064960241
-0.415446639061,-0.451232790947,1.07926297188,-0.602213144302,0.521162867546,-0.549824237823,-0.251837432384
-0.415910243988,-0.451634377241,1.07920527458,-0.602346479893,0.520967543125,-0.550479948521,-0.250486433506
-0.416232585907,-0.451858967543,1.07922339439,-0.602577507496,0.520211279392,-0.551616966724,-0.24899674952
-0.416673272848,-0.452230334282,1.07937502861,-0.602531313896,0.519773840904,-0.552840530872,-0.247302442789
-0.417770594358,-0.452921509743,1.07981598377,-0.601543664932,0.520426571369,-0.554198086262,-0.245287761092
-0.418414831161,-0.453125804663,1.07962083817,-0.601099491119,0.520238339901,-0.555834174156,-0.243063941598
-0.418195366859,-0.453157842159,1.07916903496,-0.601633965969,0.518905758858,-0.557544946671,-0.240660130978
-0.418050169945,-0.452920734882,1.07953619957,-0.601706922054,0.51744055748,-0.559337973595,-0.239468544722
-0.417951613665,-0.45297318697,1.07962930202,-0.601765990257,0.516505181789,-0.561047315598,-0.237331539392
-0.416427403688,-0.452612638474,1.07984673977,-0.603472113609,0.513662219048,-0.562254011631,-0.236311346292
-0.417009264231,-0.452667862177,1.07906603813,-0.602676928043,0.513244926929,-0.564916968346,-0.232871428132
-0.416571855545,-0.452569901943,1.07911145687,-0.60272192955,0.511930882931,-0.566974639893,-0.230636119843
-0.416121065617,-0.4525398314,1.07911109924,-0.603115200996,0.510402739048,-0.568808019161,-0.228470236063
-0.415656119585,-0.452373743057,1.07908511162,-0.603116929531,0.509509921074,-0.570315897465,-0.226692438126
-0.41506883502,-0.45211648941,1.07906413078,-0.603210926056,0.507964968681,-0.572490096092,-0.22441804409
-0.414373338223,-0.451859802008,1.07909202576,-0.603586733341,0.50611114502,-0.574553787708,-0.222311452031
-0.413790822029,-0.45174279809,1.07903623581,-0.603528738022,0.504780232906,-0.576735854149,-0.219831228256
-0.413021594286,-0.451626688242,1.07915091515,-0.603977918625,0.502953112125,-0.578705072403,-0.217598840594
-0.412347435951,-0.451430231333,1.07918035984,-0.604022324085,0.501614689827,-0.580592155457,-0.215528950095
-0.411711663008,-0.451296657324,1.07926690578,-0.603766679764,0.500650346279,-0.582472860813,-0.213402226567
-0.410824716091,-0.450810104609,1.07917892933,-0.603336393833,0.502286672592,-0.581209897995,-0.214215889573
-0.410147726536,-0.450743198395,1.079387784,-0.603515625,0.499845415354,-0.584137201309,-0.211441412568
-0.409331858158,-0.450454980135,1.08005917072,-0.603394150734,0.499621123075,-0.58458340168,-0.211085215211
-0.408510863781,-0.450352042913,1.08032989502,-0.603875339031,0.496942698956,-0.587245583534,-0.208627045155
-0.406187415123,-0.44969367981,1.08063721657,-0.605756640434,0.495067089796,-0.586974978447,-0.208394303918
-0.404637336731,-0.44961309433,1.08108270168,-0.60757035017,0.490997105837,-0.589569091797,-0.205398023129
-0.403987824917,-0.449547529221,1.08078312874,-0.607982516289,0.489164561033,-0.591357827187,-0.203399628401
-0.402564585209,-0.450106501579,1.08156335354,-0.609462440014,0.487605035305,-0.592190682888,-0.20026782155
-0.401743590832,-0.4500631392,1.08173704147,-0.610319018364,0.48522362113,-0.593946278095,-0.198233753443
-0.402515470982,-0.449495196342,1.08108997345,-0.60851752758,0.484901666641,-0.597150266171,-0.194906800985
-0.399906247854,-0.450063973665,1.08226525784,-0.612168610096,0.481376409531,-0.596614539623,-0.193849772215
-0.400666594505,-0.449349462986,1.08152318001,-0.610296189785,0.481088995934,-0.599704682827,-0.19090873003
-0.399916291237,-0.449290990829,1.08176016808,-0.610807180405,0.479642570019,-0.600888431072,-0.189184531569
-0.397630721331,-0.449168026447,1.08245038986,-0.613103926182,0.477482646704,-0.600277066231,-0.189160391688
-0.39654058218,-0.449380040169,1.08283221722,-0.614556610584,0.475716799498,-0.60081166029,-0.187186866999
-0.395626544952,-0.449878245592,1.08335721493,-0.616381108761,0.472515076399,-0.60258680582,-0.183556839824
-0.394801676273,-0.449942946434,1.08354353905,-0.617398440838,0.470860123634,-0.603250265121,-0.182206302881
-0.393679201603,-0.448146045208,1.0830104351,-0.617825686932,0.468218237162,-0.604422330856,-0.183675885201
-0.393336266279,-0.449983894825,1.08382475376,-0.618974685669,0.468221515417,-0.604453444481,-0.179652184248
-0.39432951808,-0.449687838554,1.08314478397,-0.617170631886,0.468420624733,-0.606604158878,-0.178084477782
-0.393639683723,-0.449704140425,1.0832567215,-0.618031203747,0.467224657536,-0.60689753294,-0.177239626646
-0.391241937876,-0.450136065483,1.08430206776,-0.621628284454,0.463652521372,-0.606352448463,-0.175902396441
-0.390511989594,-0.449958831072,1.08432161808,-0.623067319393,0.461145043373,-0.606963515282,-0.175293579698
-0.389916747808,-0.449969053268,1.08431339264,-0.623759388924,0.460207551718,-0.607118189335,-0.174760326743
-0.389359176159,-0.449848651886,1.0843474865,-0.624269604683,0.459270179272,-0.607667207718,-0.173490449786
-0.388720333576,-0.449904918671,1.08443963528,-0.624810099602,0.45828422904,-0.608049631119,-0.172811567783
-0.388168483973,-0.450037002563,1.08448624611,-0.625627458096,0.457117557526,-0.608048379421,-0.172947868705
-0.388172328472,-0.449556976557,1.08399391174,-0.625049233437,0.456658065319,-0.608947277069,-0.173090130091
-0.388837307692,-0.449608147144,1.08348631859,-0.623285114765,0.458381414413,-0.609692215919,-0.172272220254
-0.388442456722,-0.449816346169,1.08386230469,-0.624317467213,0.454675704241,-0.612109482288,-0.169765025377
-0.386375010014,-0.45003080368,1.08462119102,-0.62650167942,0.454615265131,-0.609137475491,-0.1725461483
-0.385754644871,-0.450006842613,1.08417594433,-0.627028942108,0.453864008188,-0.609296500683,-0.172046855092
-0.385343879461,-0.449982523918,1.08410012722,-0.627139627934,0.453366518021,-0.609589159489,-0.171918407083
-0.386563003063,-0.449788033962,1.08316850662,-0.624591290951,0.455685466528,-0.610365271568,-0.172309890389
-0.384814143181,-0.449543327093,1.08365142345,-0.626801729202,0.452711939812,-0.610379457474,-0.172071292996
-0.383908092976,-0.449943423271,1.08407843113,-0.627075791359,0.453328877687,-0.609736502171,-0.171727627516
-0.383202970028,-0.448221981525,1.08376479149,-0.626338243484,0.452408224344,-0.610440790653,-0.174325421453
-0.382828563452,-0.448152512312,1.08368825912,-0.626566886902,0.45177552104,-0.610745310783,-0.174077361822
-0.382790774107,-0.449676215649,1.08419799805,-0.626905322075,0.452039211988,-0.610956430435,-0.171414285898
-0.382310390472,-0.449736684561,1.08384740353,-0.627671182156,0.450274080038,-0.61180049181,-0.170241966844
-0.383497655392,-0.449169874191,1.08326888084,-0.624037802219,0.453393161297,-0.613066732883,-0.170765802264
-0.383200287819,-0.449018806219,1.08312857151,-0.624298751354,0.452106386423,-0.61401194334,-0.169824123383
-0.382892489433,-0.449055403471,1.08301329613,-0.624448060989,0.451699405909,-0.614068627357,-0.170153394341
-0.382550835609,-0.448925316334,1.08295345306,-0.624323070049,0.45142826438,-0.61447763443,-0.169854715466
-0.380335092545,-0.449333965778,1.08396816254,-0.62700086832,0.449238538742,-0.613505661488,-0.169308826327
-0.379970401525,-0.449168592691,1.08390915394,-0.626720964909,0.449138253927,-0.61419403553,-0.168111667037
-0.37961602211,-0.449026495218,1.0838586092,-0.626827538013,0.448887228966,-0.614314377308,-0.167944908142
-0.379269480705,-0.448843121529,1.08377325535,-0.627031743526,0.448141872883,-0.614756166935,-0.167555987835
-0.378922730684,-0.44886803627,1.08378410339,-0.626520335674,0.449092298746,-0.614491164684,-0.167895630002
-0.378648251295,-0.448770672083,1.08373045921,-0.626514971256,0.448948889971,-0.614639163017,-0.16775777936
-0.378282785416,-0.448470652103,1.0836340189,-0.626802861691,0.448170959949,-0.614707887173,-0.168508768082
-0.378088414669,-0.448370635509,1.08359110355,-0.626693308353,0.448157817125,-0.614809036255,-0.168583035469
-0.377835094929,-0.448283791542,1.08327591419,-0.626684427261,0.448064625263,-0.61492151022,-0.168452128768
-0.377654343843,-0.44803249836,1.08320426941,-0.62668967247,0.44777020812,-0.615031719208,-0.168813884258
-0.377551585436,-0.447946608067,1.08314168453,-0.626395583153,0.448397248983,-0.614744067192,-0.169287785888
-0.377468347549,-0.447883933783,1.08302295208,-0.625409066677,0.449709862471,-0.614860296249,-0.169030711055
-0.377450317144,-0.447857230902,1.08298206329,-0.625235497952,0.449834108353,-0.61491394043,-0.169146642089
-0.377458631992,-0.447801202536,1.08294630051,-0.624981760979,0.450047105551,-0.614925563335,-0.169475242496
-0.3775216043,-0.447856754065,1.08295798302,-0.625350117683,0.448789387941,-0.615508973598,-0.16933389008
-0.377582490444,-0.447872877121,1.08294415474,-0.625148594379,0.449097841978,-0.615368485451,-0.169770509005
-0.37768805027,-0.447976976633,1.08272778988,-0.62485486269,0.449725329876,-0.615380108356,-0.169147640467
-0.377769380808,-0.44812476635,1.0827755928,-0.625332534313,0.449043959379,-0.615436255932,-0.168988421559
-0.377995163202,-0.448210656643,1.08271110058,-0.624836146832,0.449577122927,-0.615534543991,-0.169048413634
-0.378140151501,-0.448223948479,1.08270227909,-0.625107228756,0.449539870024,-0.615173637867,-0.169458299875
-0.378354310989,-0.448337733746,1.08269894123,-0.625626504421,0.448635280132,-0.615374982357,-0.169208496809
-0.378398001194,-0.448072195053,1.08299851418,-0.626158297062,0.447257339954,-0.615484952927,-0.170485243201
-0.378897368908,-0.448657393456,1.08288431168,-0.625574827194,0.449183195829,-0.614742815495,-0.170241206884
-0.379420489073,-0.448681890965,1.08353865147,-0.62544888258,0.449109196663,-0.614548444748,-0.171594917774
-0.379848629236,-0.448967844248,1.08350133896,-0.625738918781,0.449438869953,-0.61389964819,-0.171996533871
-0.382063478231,-0.448569536209,1.0823880434,-0.623226225376,0.450486719608,-0.615544676781,-0.172498524189
-0.382454395294,-0.448820501566,1.08229517937,-0.623946666718,0.449849963188,-0.615034580231,-0.173373162746
-0.381336241961,-0.449526190758,1.08319187164,-0.627250015736,0.447392404079,-0.613754868507,-0.172344535589
-0.381921768188,-0.449689745903,1.08323252201,-0.62662178278,0.448779642582,-0.612803816795,-0.174394786358
-0.38265812397,-0.449405044317,1.08265662193,-0.626474559307,0.449160635471,-0.612193822861,-0.176076993346
-0.383248865604,-0.45002245903,1.08274972439,-0.627424895763,0.447905093431,-0.612301707268,-0.175515308976
-0.384028047323,-0.450245171785,1.08262240887,-0.628458082676,0.445915967226,-0.613038301468,-0.17430858314
-0.384979903698,-0.450848579407,1.08252239227,-0.628046095371,0.44778239727,-0.611595332623,-0.176068708301
-0.385809868574,-0.451313376427,1.08211910725,-0.628350138664,0.448293536901,-0.61087167263,-0.176195517182
-0.386778503656,-0.451469123363,1.08224606514,-0.628063321114,0.448475211859,-0.610698580742,-0.177351653576
-0.387310862541,-0.450139373541,1.08150744438,-0.628083467484,0.447151124477,-0.610790550709,-0.180283263326
-0.389134854078,-0.451611608267,1.08155560493,-0.633163690567,0.43853533268,-0.61394327879,-0.172812372446
-0.390201210976,-0.45227381587,1.08158028126,-0.633299350739,0.43886962533,-0.613852798939,-0.171785473824
-0.391356885433,-0.453044205904,1.08123219013,-0.632643163204,0.441217780113,-0.61251604557,-0.172955602407
-0.394368559122,-0.453119158745,1.0809431076,-0.626276135445,0.449640870094,-0.611288368702,-0.178683876991
-0.393771767616,-0.453750908375,1.08127868176,-0.631945848465,0.442197591066,-0.612053394318,-0.174631610513
-0.395070552826,-0.454541832209,1.08147335052,-0.627258777618,0.451056182384,-0.608591735363,-0.180861577392
-0.396524906158,-0.454688310623,1.08122968674,-0.631211578846,0.443162947893,-0.611778795719,-0.17579908669
-0.397747695446,-0.455214887857,1.08161449432,-0.626610279083,0.451259970665,-0.608866333961,-0.181675508618
-0.399116486311,-0.455942213535,1.08124899864,-0.625910758972,0.452534139156,-0.608587920666,-0.181849643588
-0.400407314301,-0.456368982792,1.08127140999,-0.62630957365,0.451677024364,-0.609018623829,-0.181164607406
-0.401922047138,-0.45673429966,1.08187675476,-0.625710010529,0.451924681664,-0.609230399132,-0.18190485239
-0.403115361929,-0.45693346858,1.08156752586,-0.625332951546,0.451883345842,-0.609592556953,-0.182091757655
-0.404419064522,-0.457463562489,1.081610322,-0.625251591206,0.451660215855,-0.609981179237,-0.181622818112
-0.405416190624,-0.456157684326,1.08110201359,-0.624416291714,0.451112747192,-0.610494852066,-0.18411386013
-0.409291327,-0.458255559206,1.08117628098,-0.621616005898,0.454667150974,-0.611458361149,-0.181632220745
-0.407912611961,-0.45728674531,1.08172011375,-0.624299168587,0.450979679823,-0.610810577869,-0.183788985014
-0.408987402916,-0.457606673241,1.08134412766,-0.62447810173,0.450234860182,-0.611403822899,-0.183033004403
-0.410721093416,-0.458190798759,1.08136546612,-0.623182952404,0.452298462391,-0.610865294933,-0.184154063463
-0.41208088398,-0.458679199219,1.08147275448,-0.622937500477,0.452312886715,-0.611172139645,-0.183931022882
-0.413279950619,-0.459181427956,1.0815577507,-0.623247206211,0.451494961977,-0.611689448357,-0.183170497417
-0.414570897818,-0.459466278553,1.08160066605,-0.623349785805,0.450924813747,-0.612188160419,-0.18255828321
-0.415912419558,-0.459857642651,1.0817066431,-0.62333625555,0.450165510178,-0.613064408302,-0.181535378098
-0.417423605919,-0.460352748632,1.08215379715,-0.62335807085,0.449066340923,-0.614230811596,-0.180235892534
-0.418734788895,-0.460791885853,1.08220338821,-0.623386859894,0.448803782463,-0.61456912756,-0.179635286331
-0.420071035624,-0.461220055819,1.08183681965,-0.623798847198,0.447703748941,-0.615456044674,-0.177904948592
-0.421518564224,-0.461766660213,1.08195924759,-0.623942434788,0.447022557259,-0.616196751595,-0.176545187831
-0.422838926315,-0.462136059999,1.08237850666,-0.623746216297,0.446426123381,-0.61699539423,-0.175957739353
-0.424189895391,-0.462497591972,1.08225238323,-0.624027013779,0.445901244879,-0.617395460606,-0.174886539578
-0.42546877265,-0.462788164616,1.08232831955,-0.626062810421,0.44122287631,-0.619565188885,-0.171775117517
-0.426767110825,-0.463072776794,1.0822532177,-0.626573204994,0.439316987991,-0.62077832222,-0.170413583517
-0.428036570549,-0.463403403759,1.08221900463,-0.627034306526,0.438862651587,-0.620669007301,-0.170286729932
-0.429211646318,-0.463685303926,1.0822968483,-0.627523541451,0.437629699707,-0.621099770069,-0.170086547732
-0.430807769299,-0.463968008757,1.08218407631,-0.62761759758,0.437230497599,-0.62112224102,-0.170683786273
-0.43207859993,-0.464239060879,1.08215880394,-0.628079354763,0.436316877604,-0.621146142483,-0.171235099435
-0.432907551527,-0.464389890432,1.08224070072,-0.628807365894,0.435426771641,-0.620702981949,-0.172431796789
-0.434270977974,-0.464636147022,1.08215308189,-0.628652513027,0.436215013266,-0.619714319706,-0.174546733499
-0.435729235411,-0.465023696423,1.08195626736,-0.628334820271,0.436713069677,-0.619241833687,-0.176115483046
-0.437406003475,-0.465260475874,1.08163297176,-0.627685666084,0.437712341547,-0.618622839451,-0.17811408639
-0.438571810722,-0.465661019087,1.0815731287,-0.627798438072,0.438381582499,-0.617501974106,-0.179949685931
-0.440257072449,-0.4659499228,1.08125627041,-0.6270788908,0.439143329859,-0.617344975471,-0.181136235595
-0.441520392895,-0.46631270647,1.08117341995,-0.626661777496,0.440391093493,-0.616470992565,-0.18252210319
-0.443150639534,-0.466554164886,1.08092188835,-0.63019579649,0.433497577906,-0.619195878506,-0.177565693855
-0.444541543722,-0.467023730278,1.08082652092,-0.626051783562,0.441217631102,-0.616240799427,-0.183394223452
-0.446261286736,-0.467412561178,1.08058536053,-0.625729620457,0.441008985043,-0.61694663763,-0.182620033622
-0.448175311089,-0.468176335096,1.0805208683,-0.628988265991,0.435149103403,-0.619523048401,-0.176664531231
-0.449394822121,-0.468527942896,1.08048665524,-0.628405749798,0.436668068171,-0.61886459589,-0.177296057343
-0.450663506985,-0.468933939934,1.08046102524,-0.628252804279,0.437304317951,-0.618692159653,-0.176871135831
-0.45209518075,-0.469866752625,1.08000397682,-0.627891540527,0.439117610455,-0.61807012558,-0.175833448768
-0.452894449234,-0.469724357128,1.08057510853,-0.624380707741,0.445884019136,-0.615219473839,-0.181221753359
-0.454078376293,-0.470031172037,1.08068442345,-0.624874353409,0.44512590766,-0.615705907345,-0.179724946618
-0.454995334148,-0.470251530409,1.08084058762,-0.625102341175,0.445171743631,-0.615633189678,-0.179067134857
-0.455953836441,-0.470509231091,1.08100736141,-0.62495136261,0.446053773165,-0.615302443504,-0.178534835577
-0.456851273775,-0.470699548721,1.08103394508,-0.624950706959,0.446185678244,-0.615594208241,-0.177196845412
-0.4578127563,-0.470985949039,1.08111536503,-0.62485653162,0.44646820426,-0.615854084492,-0.175909385085
-0.458578407764,-0.471218019724,1.08124518394,-0.624494850636,0.447780996561,-0.615395724773,-0.175461426377
-0.459415614605,-0.471287667751,1.08129525185,-0.624757349491,0.447356969118,-0.615919947624,-0.173760548234
-0.459876894951,-0.471337616444,1.08142483234,-0.624965012074,0.447148650885,-0.616283774376,-0.172253474593
-0.460915446281,-0.471370011568,1.08138799667,-0.623955249786,0.448466271162,-0.616683423519,-0.171054035425
-0.461621195078,-0.471423089504,1.08140361309,-0.623438715935,0.449318081141,-0.616901874542,-0.169910639524
-0.462298482656,-0.471399098635,1.0814576149,-0.62292778492,0.450583249331,-0.616688430309,-0.169207409024
-0.462933659554,-0.471276432276,1.08152079582,-0.622227549553,0.451462298632,-0.616972506046,-0.168402969837
-0.463473051786,-0.471151709557,1.08152222633,-0.621523439884,0.452342003584,-0.617259979248,-0.167587444186
-0.464019358158,-0.470989465714,1.08155477047,-0.619060277939,0.456739604473,-0.616388440132,-0.167984619737
-0.464585870504,-0.470813393593,1.08162426949,-0.619322359562,0.455301344395,-0.617731630802,-0.165976524353
-0.465053617954,-0.470583856106,1.08149194717,-0.621870338917,0.449883282185,-0.620582938194,-0.160495892167
-0.465455532074,-0.470349311829,1.08149290085,-0.620521962643,0.451919972897,-0.620485067368,-0.160372599959
-0.465501487255,-0.470103979111,1.08155798912,0.615365326405,-0.462386578321,0.616448998451,0.165875509381
-0.465909808874,-0.469868957996,1.08148491383,0.613967835903,-0.464025348425,0.616905272007,0.164778441191
-0.466203451157,-0.46957719326,1.08142030239,0.612883448601,-0.465896964073,0.616679191589,0.164380043745
-0.466349482536,-0.469193100929,1.08147168159,0.611900627613,-0.467313826084,0.616793274879,0.163589730859
-0.466492831707,-0.468840718269,1.0814871788,0.61098998785,-0.46774944663,0.617915630341,0.161499127746
-0.46678134799,-0.468405157328,1.08126413822,0.609769165516,-0.469450861216,0.618111491203,0.160422891378
-0.466595113277,-0.468188047409,1.08132398129,0.609444260597,-0.469109147787,0.619450688362,0.157464548945
-0.466575831175,-0.467833936214,1.08134579659,0.60882794857,-0.470076084137,0.619751572609,0.155772298574
-0.466535568237,-0.467795431614,1.08140766621,0.607405006886,-0.472721606493,0.619342923164,0.154944941401
-0.466397821903,-0.467289209366,1.08152675629,0.60763579607,-0.471200525761,0.621187746525,0.151243880391
-0.46624559164,-0.467005640268,1.08161628246,0.607042491436,-0.471558332443,0.62206029892,0.148906633258
-0.466026633978,-0.466517686844,1.08162164688,0.606993734837,-0.470766842365,0.623630046844,0.144992485642
-0.465829998255,-0.466339677572,1.08178722858,0.606173396111,-0.472077101469,0.623657464981,0.14404374361
-0.465588271618,-0.466079950333,1.08191215992,0.605881392956,-0.471646726131,0.625113427639,0.140322476625
-0.464664787054,-0.465488821268,1.0820299387,0.60597383976,-0.472623020411,0.624285161495,0.140325188637
-0.464442700148,-0.465251415968,1.08213078976,0.60560554266,-0.47216668725,0.625815689564,0.136584952474
-0.464151203632,-0.465072840452,1.08226811886,0.605163156986,-0.473396927118,0.625605642796,0.13524235785
-0.463888436556,-0.464733660221,1.08240640163,0.604364871979,-0.473254114389,0.62722158432,0.131783694029
-0.463600814342,-0.464519828558,1.08252811432,0.60395359993,-0.474484562874,0.626951634884,0.130522653461
-0.463255226612,-0.464300572872,1.08269691467,0.603214800358,-0.474747389555,0.628023982048,0.127799764276
-0.464113891125,-0.464788198471,1.08293807507,0.600879132748,-0.477080792189,0.62930983305,0.123723454773
-0.462525695562,-0.463685274124,1.08306276798,0.601419389248,-0.476479053497,0.629354357719,0.123189985752
-0.462055444717,-0.463204056025,1.08318507671,0.600301146507,-0.47711366415,0.630437791348,0.120620064437
-0.461513400078,-0.462831437588,1.08333849907,0.599090754986,-0.4782987535,0.631095468998,0.118486404419
-0.462207823992,-0.463539123535,1.08359646797,0.595784425735,-0.483241021633,0.630800843239,0.11665879935
-0.461580872536,-0.46313098073,1.08373594284,0.59460657835,-0.48379150033,0.632007479668,0.113822355866
-0.460837483406,-0.462839096785,1.08400464058,0.593082308769,-0.485924065113,0.632114470005,0.112081937492
-0.46020641923,-0.462169855833,1.08400404453,0.591069877148,-0.487277448177,0.633356153965,0.109804019332
-0.457975119352,-0.460646241903,1.08409047127,0.590702772141,-0.487175732851,0.633847057819,0.109398148954
-0.457191467285,-0.46025916934,1.08434700966,0.588786303997,-0.489356160164,0.634266555309,0.107550859451
-0.456246227026,-0.459714502096,1.08471083641,0.586410045624,-0.492709815502,0.633987724781,0.106864631176
-0.455104678869,-0.459091663361,1.08494639397,0.584394097328,-0.494885116816,0.634359240532,0.105644464493
-0.453934937716,-0.458524405956,1.08521282673,0.582197964191,-0.497757732868,0.634383916855,0.10411413759
-0.452664971352,-0.457769930363,1.08548736572,0.580173373222,-0.499616354704,0.635038137436,0.102513208985
-0.451387256384,-0.45751079917,1.08604502678,0.577852368355,-0.500312387943,0.637313067913,0.0980115830898
-0.450079977512,-0.456904262304,1.08643591404,0.575430035591,-0.503125905991,0.637528002262,0.0964495465159
-0.44856595993,-0.456174701452,1.08678507805,0.573386013508,-0.504955470562,0.638281345367,0.0940500497818
-0.447117954493,-0.455550163984,1.08716022968,0.571136474609,-0.506865918636,0.639187216759,0.0912682414055
-0.445558637381,-0.454788088799,1.08761394024,0.569278776646,-0.507376670837,0.640929341316,0.0877514407039
-0.444011986256,-0.454120486975,1.08843612671,0.566527962685,-0.510976314545,0.64066195488,0.086612701416
-0.442115455866,-0.453340888023,1.08861362934,0.564836621284,-0.511119604111,0.642659842968,0.0818833708763
-0.440281808376,-0.452432304621,1.0891610384,0.562563359737,-0.513455152512,0.643145442009,0.0790575146675
-0.43836158514,-0.451637655497,1.08971822262,0.560523569584,-0.514900267124,0.644146025181,0.0759395062923
-0.43638330698,-0.45078420639,1.09037959576,0.558252632618,-0.516824066639,0.644973218441,0.072500474751
-0.43427503109,-0.449801504612,1.09103059769,0.556035161018,-0.518649756908,0.64580643177,0.0690043047071
-0.432527691126,-0.448516607285,1.09132933617,0.552773952484,-0.521305680275,0.646832227707,0.0654948949814
-0.429996192455,-0.447924673557,1.0923794508,0.551245868206,-0.522048175335,0.648005127907,0.0606893263757
-0.427762895823,-0.44697535038,1.09312927723,0.549290597439,-0.521704435349,0.650409817696,0.055421538651
-0.426124721766,-0.446868985891,1.09432184696,0.546597063541,-0.523505449295,0.651711642742,0.0494546927512
-0.423136562109,-0.444560438395,1.0949600935,0.54443114996,-0.523903369904,0.653431952,0.0463322252035
-0.420664608479,-0.443162798882,1.09580636024,0.541746556759,-0.524081230164,0.655864655972,0.0411232635379
-0.418312251568,-0.442097514868,1.09660077095,0.539065003395,-0.525548636913,0.657202482224,0.0359501391649
-0.415782868862,-0.440764069557,1.09730577469,0.53635931015,-0.525271117687,0.659942805767,0.0297416616231
-0.413357526064,-0.439432889223,1.09813928604,0.533068418503,-0.5268445611,0.661540746689,0.025233104825
-0.411463499069,-0.438974559307,1.09923374653,0.530133247375,-0.526620149612,0.66429901123,0.0183533988893
-0.408402264118,-0.436475098133,1.09985363483,0.52629762888,-0.529525339603,0.665097951889,0.0160827059299
-0.405884951353,-0.43490499258,1.10059440136,0.52310281992,-0.531229197979,0.666348576546,0.0117776114494
-0.403284937143,-0.433465182781,1.10143446922,0.51988607645,-0.533715844154,0.666932582855,0.00817566551268
-0.400796830654,-0.431703180075,1.10224342346,0.516460776329,-0.535225868225,0.668419837952,0.00405206391588
-0.398224979639,-0.429966062307,1.10306501389,0.513268649578,-0.53693407774,0.66952008009,0.000276180682704
-0.394605815411,-0.427903085947,1.10446918011,0.51130926609,-0.538250982761,0.669958412647,-0.00212977500632
-0.392944246531,-0.426598221064,1.10450458527,0.506425976753,-0.541056156158,0.671375095844,-0.00681674620137
-0.3905403018,-0.424746751785,1.10564112663,0.502764284611,-0.543785214424,0.671893537045,-0.0092152338475
-0.388309389353,-0.422630161047,1.10626804829,0.498378098011,-0.546532392502,0.672888278961,-0.0119663132355
-0.385236948729,-0.420979231596,1.10723364353,0.496014982462,-0.548140466213,0.673260807991,-0.0152022382244
-0.382482349873,-0.418935358524,1.10822403431,0.492976665497,-0.551545262337,0.672659993172,-0.0173354204744
-0.37998020649,-0.417113602161,1.10923445225,0.489431679249,-0.553869962692,0.673254609108,-0.0203252211213
-0.377382069826,-0.414696127176,1.11010622978,0.489659100771,-0.559787273407,0.668199181557,-0.0195480864495
-0.374961495399,-0.412747085094,1.11118292809,0.485479831696,-0.5605006814,0.670517265797,-0.0235561858863
-0.372549593449,-0.411372870207,1.11233770847,0.475676447153,-0.54405105114,0.690334737301,-0.0343286022544
-0.370418995619,-0.408574908972,1.11269688606,0.477520763874,-0.563538253307,0.673376142979,-0.0310366749763
-0.3673132658,-0.406848013401,1.11443591118,0.475424766541,-0.562716960907,0.675357699394,-0.0348282493651
-0.364848017693,-0.404693424702,1.11578130722,0.473727315664,-0.564980745316,0.674550533295,-0.0368898585439
-0.362479686737,-0.402467250824,1.11690211296,0.469307482243,-0.564336597919,0.677929222584,-0.0410685576499
-0.360680937767,-0.400710612535,1.11753368378,0.466378897429,-0.567143201828,0.677383005619,-0.0446276664734
-0.358577281237,-0.398944556713,1.11878347397,0.457397133112,-0.554451704025,0.693233966827,-0.0528953485191
-0.355524539948,-0.396199285984,1.1205368042,0.464491993189,-0.572644472122,0.673781096935,-0.0484236963093
-0.35359749198,-0.394247502089,1.12149047852,0.457192838192,-0.567875146866,0.682330191135,-0.0540201738477
-0.3512352705,-0.392126172781,1.12259626389,0.454173833132,-0.568027555943,0.683993518353,-0.0567772313952
-0.349188417196,-0.390102744102,1.12375664711,0.450487881899,-0.568974733353,0.685397863388,-0.0596500188112
-0.347186148167,-0.388298928738,1.12501192093,0.451385736465,-0.57473641634,0.679911255836,-0.0604121275246
-0.344965755939,-0.386857688427,1.12633228302,0.436301261187,-0.558755517006,0.70160228014,-0.0720270201564
-0.343171298504,-0.384770691395,1.12710893154,0.43331193924,-0.560366272926,0.701918840408,-0.0744345784187
-0.341204285622,-0.38273447752,1.12819886208,0.431347310543,-0.563073396683,0.700804650784,-0.075900413096
-0.339259803295,-0.380546838045,1.12936961651,0.428137212992,-0.561487555504,0.703740775585,-0.0786063075066
-0.33730006218,-0.378267586231,1.13028979301,0.424402922392,-0.561561346054,0.705704987049,-0.0806944966316
-0.335349738598,-0.376375377178,1.13121175766,0.42204657197,-0.562100946903,0.706446111202,-0.0827839449048
-0.333429455757,-0.374581158161,1.13167464733,0.419663846493,-0.562956809998,0.706872284412,-0.0854030027986
-0.331847786903,-0.372528910637,1.1334592104,0.418126285076,-0.563506603241,0.707437992096,-0.0846292972565
-0.33003500104,-0.370897203684,1.13472771645,0.415170460939,-0.564157247543,0.708557903767,-0.08547565341
-0.328271538019,-0.369031518698,1.13459789753,0.412423819304,-0.56779050827,0.707069694996,-0.0870223790407
-0.327008485794,-0.367373526096,1.13679897785,0.411361098289,-0.569906949997,0.706247210503,-0.0848704949021
-0.325432151556,-0.365228950977,1.13714253902,0.407697886229,-0.570592880249,0.707696199417,-0.0858621448278
-0.324162662029,-0.363310962915,1.13819944859,0.406008720398,-0.57365578413,0.706317603588,-0.084801800549
-0.322653651237,-0.36173081398,1.13737344742,0.408550769091,-0.583583056927,0.69669508934,-0.0844576507807
-0.321608483791,-0.36039930582,1.13901233673,0.40020146966,-0.577172517776,0.706500768661,-0.0869910940528
-0.320943415165,-0.358553260565,1.13931441307,0.405561089516,-0.591735363007,0.691718757153,-0.0830347537994
-0.319186329842,-0.356966763735,1.13893127441,0.402223229408,-0.5923396945,0.692770779133,-0.0861323699355
-0.318507015705,-0.355819761753,1.13895046711,0.396928340197,-0.59210306406,0.695707440376,-0.0886177048087
-0.318357467651,-0.354538291693,1.1392031908,0.392459928989,-0.595240056515,0.695401072502,-0.0899003371596
-0.317781329155,-0.353728473186,1.13905870914,0.388069689274,-0.597588062286,0.695442855358,-0.0930034816265
-0.317011117935,-0.352807939053,1.13937819004,0.384777903557,-0.599698781967,0.695188820362,-0.0949730351567
-0.316645085812,-0.352100849152,1.13904225826,0.380037069321,-0.602580428123,0.694815695286,-0.0984874367714
-0.316150546074,-0.3513430655,1.13870382309,0.375605374575,-0.605298995972,0.694372832775,-0.101883336902
-0.315814316273,-0.350918233395,1.13802969456,0.372977674007,-0.609613835812,0.691317975521,-0.106480307877
-0.315443128347,-0.350118368864,1.13745057583,0.369262576103,-0.610466480255,0.692195951939,-0.108814477921
-0.315514624119,-0.349421113729,1.13797903061,0.362231940031,-0.612611711025,0.69369328022,-0.110836073756
-0.315445393324,-0.348762869835,1.13789570332,0.357633829117,-0.614705920219,0.693769335747,-0.113660804927
-0.315325677395,-0.348195642233,1.13784885406,0.353047519922,-0.615981936455,0.694521784782,-0.116461567581
-0.314996600151,-0.348004966974,1.13749659061,0.349348127842,-0.617591798306,0.694362699986,-0.119986407459
-0.314848989248,-0.34760466218,1.13777267933,0.345740765333,-0.618703663349,0.694799423218,-0.122159317136
-0.31470811367,-0.347271680832,1.13793098927,0.342722803354,-0.619195103645,0.695426344872,-0.124582014978
-0.314369916916,-0.347060590982,1.13794207573,0.339301884174,-0.619567394257,0.696223855019,-0.127604186535
-0.314221292734,-0.346929371357,1.13840925694,0.337663382292,-0.619849145412,0.696453928947,-0.129315525293
-0.314495354891,-0.346581608057,1.13808774948,0.332770735025,-0.621241390705,0.69704657793,-0.132094234228
-0.314508318901,-0.346580266953,1.1386500597,0.330643177032,-0.621444284916,0.697553694248,-0.133794739842
-0.313899546862,-0.346766769886,1.13947665691,0.33039444685,-0.620689332485,0.698019623756,-0.135472759604
-0.313507139683,-0.346737831831,1.13915121555,0.327029705048,-0.620242536068,0.699297845364,-0.139044329524
-0.31312251091,-0.346642881632,1.13873004913,0.323690354824,-0.620016932487,0.700348973274,-0.142530113459
-0.313219368458,-0.346634477377,1.13928902149,0.322204113007,-0.621396660805,0.69962990284,-0.143419012427
-0.313235044479,-0.346687972546,1.13940942287,0.319541037083,-0.621458530426,0.700474798679,-0.144974842668
-0.313150316477,-0.346796303988,1.13925278187,0.317169934511,-0.622411906719,0.70036906004,-0.146594643593
-0.313934922218,-0.346758931875,1.13961958885,0.315508067608,-0.624904096127,0.699158549309,-0.145350918174
-0.314088702202,-0.347057819366,1.13970112801,0.314452022314,-0.626038610935,0.698757767677,-0.144683018327
-0.314378261566,-0.347532063723,1.13973498344,0.314490050077,-0.628248751163,0.697051823139,-0.143242537975
-0.314737737179,-0.347806274891,1.13990199566,0.314259678125,-0.630118429661,0.696045219898,-0.140402749181
-0.31523412466,-0.348177403212,1.1399474144,0.312398821115,-0.631107628345,0.696349263191,-0.138592779636
-0.31600445509,-0.349084198475,1.13968849182,0.316352128983,-0.63851583004,0.687732815742,-0.138717636466
-0.316734194756,-0.349723756313,1.13957190514,0.309417635202,-0.632652103901,0.696817040443,-0.135860562325
-0.317730814219,-0.350400924683,1.13901770115,0.306111872196,-0.632725894451,0.698357582092,-0.135092794895
-0.318432509899,-0.351576417685,1.13896107674,0.305577337742,-0.631601214409,0.699808478355,-0.134054139256
-0.319956600666,-0.352491945028,1.13769507408,0.301093250513,-0.632020771503,0.701371073723,-0.134057149291
-0.321244239807,-0.35602286458,1.13923847675,0.304948687553,-0.631600797176,0.700319170952,-0.132814362645
-0.322672188282,-0.357212424278,1.13820528984,0.302100867033,-0.633137524128,0.700294017792,-0.132136523724
-0.324218779802,-0.356607526541,1.13651943207,0.296231329441,-0.633906006813,0.702521562576,-0.12989911437
-0.325895279646,-0.359418302774,1.13571381569,0.295621544123,-0.634139001369,0.702449142933,-0.130540683866
-0.326767861843,-0.359657764435,1.135160923,0.293847203255,-0.634800314903,0.703166663647,-0.127432763577
-0.32865101099,-0.362408101559,1.13464152813,0.293978869915,-0.635122060776,0.702946782112,-0.126736700535
-0.329045504332,-0.362446188927,1.1344769001,0.293346941471,-0.634580254555,0.704374492168,-0.122931614518
-0.331103593111,-0.363456994295,1.1343896389,0.292054444551,-0.63548964262,0.704717516899,-0.119291223586
-0.332284539938,-0.366997629404,1.13460481167,0.294941723347,-0.634846687317,0.70396143198,-0.120072722435
-0.333795964718,-0.368042260408,1.13377404213,0.293349653482,-0.635373234749,0.704426109791,-0.118451565504
-0.335288286209,-0.369926869869,1.13258957863,0.291207313538,-0.635438024998,0.705148339272,-0.119091011584
-0.336806237698,-0.371492147446,1.1315921545,0.289590954781,-0.636237382889,0.705151259899,-0.118746928871
-0.338347971439,-0.372809350491,1.13055503368,0.287243515253,-0.636596977711,0.705866932869,-0.118269741535
-0.340154677629,-0.374954253435,1.12931108475,0.284853309393,-0.636483430862,0.706776320934,-0.119225688279
-0.341809779406,-0.376317560673,1.12842094898,0.282332479954,-0.637136459351,0.707220554352,-0.119099415839
-0.344374448061,-0.37750595808,1.12650084496,0.277679055929,-0.638119876385,0.708147704601,-0.119265124202
-0.3455555439,-0.379886776209,1.12639439106,0.277850061655,-0.637342691422,0.708624660969,-0.120186708868
-0.347554147243,-0.382000297308,1.12525081635,0.27577483654,-0.637917041779,0.708784341812,-0.120974697173
-0.349765777588,-0.382937639952,1.12388634682,0.272020727396,-0.639063775539,0.709295392036,-0.120426267385
-0.351501166821,-0.38539993763,1.1233497858,0.271514892578,-0.638779401779,0.709612846375,-0.12120320648
-0.353656828403,-0.386331826448,1.12179291248,0.266984373331,-0.632907629013,0.71704864502,-0.118273243308
-0.355616748333,-0.389338165522,1.12119913101,0.267785638571,-0.63874566555,0.710814595222,-0.122627981007
-0.358471930027,-0.390386819839,1.11940026283,0.250773370266,-0.629409849644,0.725194692612,-0.122673295438
-0.359988093376,-0.393323391676,1.11950826645,0.263552218676,-0.640144586563,0.711138367653,-0.12262725085
-0.362528324127,-0.395061671734,1.11837482452,0.251686006784,-0.631779134274,0.722795009613,-0.122787363827
-0.36454552412,-0.394890546799,1.11673665047,0.255436897278,-0.63635623455,0.718368947506,-0.117256015539
-0.366938650608,-0.396919220686,1.11547660828,0.25288361311,-0.637630403042,0.718189418316,-0.116967469454
-0.369493544102,-0.399024456739,1.11473488808,0.251876324415,-0.637680053711,0.718648731709,-0.116045340896
-0.372226774693,-0.400974810123,1.1143155098,0.249241247773,-0.639628171921,0.718184053898,-0.113870285451
-0.374916136265,-0.403447598219,1.11369037628,0.249542102218,-0.64128100872,0.716880857944,-0.112112686038
-0.378072977066,-0.408199667931,1.11387419701,0.250443249941,-0.643675982952,0.713957369328,-0.114997364581
-0.380966812372,-0.409993976355,1.11288607121,0.249815821648,-0.644883513451,0.713531434536,-0.112206846476
-0.383868694305,-0.411887437105,1.11194896698,0.247962400317,-0.642200231552,0.717174112797,-0.108419187367
-0.38670322299,-0.414115875959,1.11105060577,0.246214836836,-0.643546938896,0.716884613037,-0.106312505901
-0.389508903027,-0.416682481766,1.11036586761,0.246747896075,-0.645179152489,0.715535759926,-0.104249298573
-0.39218467474,-0.418151199818,1.10940587521,0.247468203306,-0.646725416183,0.71446120739,-0.100254848599
-0.39564871788,-0.420623570681,1.10855937004,0.244118213654,-0.649653792381,0.71285289526,-0.10098028183
-0.398303747177,-0.422932237387,1.10835659504,0.244889467955,-0.647440671921,0.715126514435,-0.0971790850163
-0.401282399893,-0.425117522478,1.10755991936,0.245399340987,-0.650603353977,0.712207317352,-0.096203558147
-0.404105424881,-0.426942586899,1.10670053959,0.243990644813,-0.647769153118,0.715708374977,-0.0928716808558
-0.407193303108,-0.428971648216,1.10600018501,0.243341743946,-0.647494077682,0.716529130936,-0.0901240259409
-0.409773141146,-0.430354058743,1.10563898087,0.24542978406,-0.650191664696,0.713952362537,-0.085364215076
-0.412931531668,-0.432463377714,1.10493731499,0.244164526463,-0.650337159634,0.714589774609,-0.0825025439262
-0.415980517864,-0.434247910976,1.10388374329,0.242903232574,-0.650736272335,0.714986383915,-0.0795920938253
-0.41982448101,-0.436677634716,1.10305953026,0.238753467798,-0.64877140522,0.718265593052,-0.0786573290825
-0.422909796238,-0.438369274139,1.10207176208,0.238340452313,-0.649515509605,0.718136131763,-0.0748605728149
-0.42451992631,-0.437409043312,1.1005781889,0.239752665162,-0.653940975666,0.71450394392,-0.066059961915
-0.429016888142,-0.439592182636,1.09965586662,0.233760103583,-0.652429103851,0.717992305756,-0.0646501109004
-0.431169092655,-0.440047562122,1.09862065315,0.235966384411,-0.655513048172,0.71504598856,-0.0577211380005
-0.434746235609,-0.44222933054,1.09806931019,0.233152270317,-0.653649449348,0.717865586281,-0.0552394166589
-0.437305659056,-0.443138539791,1.09729707241,0.237904727459,-0.669831991196,0.701456546783,-0.051819846034
-0.440985262394,-0.444770038128,1.09635269642,0.236930891871,-0.670852541924,0.701118886471,-0.0474650077522
-0.444090425968,-0.446225464344,1.09563159943,0.236863449216,-0.672312438488,0.700073421001,-0.0422960668802
-0.447072327137,-0.44734275341,1.09457910061,0.235096871853,-0.669846951962,0.703356325626,-0.0363909415901
-0.449611008167,-0.448460459709,1.09402775764,0.236056730151,-0.673564791679,0.699717283249,-0.0313602611423
-0.452957570553,-0.449505060911,1.09302926064,0.234496384859,-0.676499307156,0.697591900826,-0.0269397050142
-0.455616056919,-0.450503945351,1.09193837643,0.233291044831,-0.672582268715,0.70198649168,-0.0205754190683
-0.46058395505,-0.450845927,1.09041810036,0.219384565949,-0.646011590958,0.731113374233,0.00353208719753
-0.463999271393,-0.453301250935,1.09052920341,0.212528839707,-0.603306233883,0.768668889999,0.0011761673959
-0.466751813889,-0.45418164134,1.08989977837,0.212850287557,-0.604345083237,0.767733752728,0.00683795846999
-0.46724909544,-0.45433652401,1.08972370625,0.233537271619,-0.680396974087,0.694635510445,0.00143535935786
-0.469937950373,-0.45555087924,1.08906126022,0.233856081963,-0.682157814503,0.692769646645,0.00650646584108
-0.472437590361,-0.456388890743,1.0884270668,0.233980804682,-0.683247923851,0.691580355167,0.0119163338095
-0.475776404142,-0.457575678825,1.08808004856,0.230942383409,-0.672322332859,0.703069031239,0.0184984300286
-0.47798165679,-0.457934439182,1.08720386028,0.23044796288,-0.672816216946,0.702602922916,0.0236894283444
-0.480542093515,-0.458800733089,1.08644413948,0.230060294271,-0.673345923424,0.702056646347,0.0281764697284
-0.482900321484,-0.459436953068,1.08599126339,0.230353504419,-0.673945367336,0.701152145863,0.0334764830768
-0.485045164824,-0.460273206234,1.08584630489,0.231543630362,-0.675457894802,0.699013531208,0.0390420146286
-0.487372457981,-0.460944771767,1.08504021168,0.23093418777,-0.675720095634,0.698700070381,0.0434732325375
-0.489640146494,-0.461625277996,1.08456671238,0.230924516916,-0.676505625248,0.697633624077,0.0481804385781
-0.49172642827,-0.462164074183,1.08405184746,0.231263890862,-0.677661001682,0.696028411388,0.0532658696175
-0.493744701147,-0.462778955698,1.08343315125,0.230977162719,-0.677980422974,0.695443511009,0.0578835010529
-0.495777666569,-0.463256061077,1.0830000639,0.230935424566,-0.678532898426,0.694510996342,0.0625832825899
-0.497858077288,-0.463939368725,1.08250319958,0.230578839779,-0.679100394249,0.693694889545,0.0666607618332
-0.499862998724,-0.464278995991,1.08174729347,0.230025306344,-0.679006099701,0.693532586098,0.071074552834
-0.501729905605,-0.464762061834,1.08124554157,0.230459287763,-0.679276764393,0.692651867867,0.0755315870047
-0.503525137901,-0.465160489082,1.08086943626,0.231420606375,-0.679869174957,0.691205859184,0.0803532376885
-0.505355834961,-0.465704202652,1.08023655415,0.230976313353,-0.67924541235,0.691509902477,0.0842007696629
-0.507240831852,-0.466103374958,1.07976782322,0.229478672147,-0.679066419601,0.691727101803,0.0878748223186
-0.509160459042,-0.466626226902,1.07886838913,0.228812426329,-0.678068578243,0.692543983459,0.0908333882689
-0.510885357857,-0.467028737068,1.07852840424,0.229915782809,-0.678230881691,0.691400289536,0.0954321995378
-0.512645304203,-0.467532098293,1.07802808285,0.229502394795,-0.677866339684,0.691413164139,0.0988629609346
-0.514373362064,-0.467992842197,1.07751512527,0.229497358203,-0.677013993263,0.691700160503,0.102634944022
-0.516101419926,-0.468430042267,1.07716143131,0.228201970458,-0.67677873373,0.691761553288,0.106584668159
-0.517634570599,-0.468831837177,1.07678985596,0.229807406664,-0.676256477833,0.691006720066,0.111245378852
-0.519096851349,-0.469231009483,1.07666289806,0.230702146888,-0.674915730953,0.691208600998,0.116172373295
-0.52007496357,-0.469635754824,1.07626521587,0.233982041478,-0.679384589195,0.684844613075,0.121148742735
-0.521889150143,-0.470122456551,1.07596492767,0.231659963727,-0.675624251366,0.688736200333,0.124531023204
-0.523134827614,-0.470553159714,1.07587921619,0.233484968543,-0.675113618374,0.68771892786,0.129418566823
-0.524302244186,-0.470841765404,1.07557976246,0.234651848674,-0.674563586712,0.686908602715,0.134384587407
-0.524874866009,-0.471146941185,1.07546639442,0.239115461707,-0.677904307842,0.680767714977,0.140801176429
-0.526612758636,-0.471842199564,1.07539463043,0.2380117625,-0.675872504711,0.682629346848,0.143401429057
-0.527068078518,-0.471946001053,1.07513856888,0.242653042078,-0.678041577339,0.677316725254,0.150403246284
-0.527969479561,-0.472406744957,1.0750014782,0.245069429278,-0.678274452686,0.675107657909,0.155288398266
-0.528855085373,-0.472542524338,1.07460510731,0.244088724256,-0.682292699814,0.670676529408,0.158399477601
-0.529899358749,-0.47296577692,1.07447123528,0.247487157583,-0.681679964066,0.668911874294,0.163155481219
-0.530847489834,-0.473281890154,1.07427513599,0.251191705465,-0.67761939764,0.670138597488,0.169260546565
-0.531665861607,-0.473552107811,1.07421040535,0.25369861722,-0.677492320538,0.667984426022,0.174465224147
-0.532356441021,-0.473694652319,1.07371497154,0.25549185276,-0.676902770996,0.666710436344,0.178952142596
-0.533025979996,-0.473634928465,1.07334589958,0.255710721016,-0.680998504162,0.661462187767,0.182539880276
-0.533620536327,-0.473726481199,1.07320392132,0.257763564587,-0.680597543716,0.659595727921,0.18782569468
-0.53438693285,-0.473690658808,1.07272100449,0.259602755308,-0.67999380827,0.658146381378,0.192505419254
-0.535202383995,-0.473618745804,1.07190287113,0.261157035828,-0.674955308437,0.661260485649,0.197400644422
-0.535859525204,-0.473538428545,1.07144486904,0.26284751296,-0.674769461155,0.659327685833,0.202199459076
-0.536341071129,-0.473409354687,1.07143950462,0.264806330204,-0.674693524837,0.656833767891,0.207932174206
-0.536706209183,-0.473277121782,1.07098734379,0.264927834272,-0.67888379097,0.651341378689,0.211387097836
-0.537144303322,-0.473056435585,1.07037186623,0.266408115625,-0.678183794022,0.649856507778,0.216286748648
-0.53753465414,-0.473451793194,1.07033705711,0.269851624966,-0.680143773556,0.644572138786,0.221610888839
-0.537884950638,-0.473151981831,1.06965923309,0.271200239658,-0.67929905653,0.643306970596,0.226184636354
-0.538206577301,-0.47308921814,1.06919550896,0.275194048882,-0.674716413021,0.644227147102,0.232373327017
-0.538252770901,-0.472748160362,1.06953775883,0.277607381344,-0.67462003231,0.641041636467,0.23851120472
-0.538406550884,-0.472367227077,1.06784927845,0.278451830149,-0.673063158989,0.641211628914,0.241450637579
-0.538555979729,-0.472225368023,1.06752490997,0.28048607707,-0.672965168953,0.638479828835,0.246554508805
-0.53854316473,-0.472057402134,1.06723761559,0.282714962959,-0.672319710255,0.636310636997,0.251331210136
-0.538506925106,-0.471778333187,1.06686425209,0.282250523567,-0.676701128483,0.630407392979,0.254944294691
-0.538577973843,-0.471837639809,1.06636571884,0.285472244024,-0.671420872211,0.632446408272,0.260213851929
-0.539122462273,-0.472082912922,1.06610739231,0.287379682064,-0.664595723152,0.637646496296,0.262930542231
-0.539148569107,-0.471962094307,1.0657235384,0.288245201111,-0.663261473179,0.637117862701,0.266607940197
-0.539178550243,-0.471844255924,1.06502723694,0.290071368217,-0.662827253342,0.635269761086,0.270094633102
-0.539036512375,-0.47169816494,1.06460940838,0.292050480843,-0.663426458836,0.63189047575,0.274383544922
-0.539099633694,-0.471644341946,1.06420600414,0.293950468302,-0.662285387516,0.630689382553,0.277852773666
-0.539063453674,-0.471606612206,1.06377398968,0.29606115818,-0.661400437355,0.629035353661,0.281445682049
-0.53842830658,-0.471245467663,1.06324160099,0.298844605684,-0.667623579502,0.618654668331,0.286770403385
-0.538202941418,-0.47107103467,1.06257212162,0.30037945509,-0.667913854122,0.616029441357,0.290122449398
-0.538159072399,-0.470987319946,1.06211614609,0.302021890879,-0.665003597736,0.616961181164,0.293107390404
-0.537927269936,-0.470984607935,1.06171607971,0.304144859314,-0.666489779949,0.612312495708,0.297255516052
-0.537730753422,-0.470878362656,1.06140899658,0.305953919888,-0.665839791298,0.610340833664,0.300888389349
-0.537584245205,-0.470771640539,1.06085264683,0.307790607214,-0.664849460125,0.609021127224,0.30386441946
-0.537427246571,-0.470737278461,1.0604596138,0.309581935406,-0.664163291454,0.607368409634,0.3068382442
-0.537470757961,-0.470862448215,1.06011712551,0.311536878347,-0.658190667629,0.611597239971,0.309319853783
-0.536971926689,-0.470582902431,1.05970704556,0.313104957342,-0.661997258663,0.604592442513,0.31335747242
-0.536774933338,-0.470590502024,1.05910646915,0.314816266298,-0.661126971245,0.603405833244,0.315758377314
-0.536691725254,-0.470647573471,1.05871641636,0.316496521235,-0.656591415405,0.606267571449,0.318052500486
-0.536385238171,-0.470588684082,1.05836439133,0.31938546896,-0.655748724937,0.604276716709,0.320681065321
-0.535839617252,-0.470475554466,1.05808973312,0.319756746292,-0.657311737537,0.600477993488,0.324226915836
-0.535448074341,-0.470316827297,1.05772721767,0.321402460337,-0.656234562397,0.599264979362,0.327014029026
-0.535109221935,-0.470283985138,1.05748319626,0.323028504848,-0.655649244785,0.597586274147,0.329647511244
-0.534340620041,-0.470028042793,1.05709433556,0.32516181469,-0.654495179653,0.596100747585,0.332520395517
-0.534343898296,-0.470274806023,1.05683147907,0.326246082783,-0.654018878937,0.594898402691,0.334542602301
-0.533853530884,-0.470275640488,1.05657660961,0.328140974045,-0.653048872948,0.593572556973,0.336930781603
-0.533082962036,-0.46998244524,1.05617380142,0.329963296652,-0.652042865753,0.592338383198,0.33926320076
-0.532738924026,-0.470146119595,1.05593800545,0.331388384104,-0.65107524395,0.591524302959,0.341147780418
-0.532314419746,-0.470173120499,1.05570435524,0.334378540516,-0.648701429367,0.591623723507,0.342576831579
-0.531940042973,-0.470428586006,1.0555614233,0.334681153297,-0.649590313435,0.58963817358,0.344017416239
-0.53149497509,-0.470559954643,1.05533576012,0.337930768728,-0.647333800793,0.589695990086,0.344993323088
-0.530889451504,-0.470710873604,1.05508744717,0.339071273804,-0.648197114468,0.587329149246,0.346288472414
-0.530415594578,-0.470914959908,1.0549621582,0.340804219246,-0.647508442402,0.586521863937,0.347242802382
-0.529902458191,-0.471166014671,1.05481505394,0.341711968184,-0.647001743317,0.585909187794,0.348327666521
-0.529316902161,-0.471442699432,1.05466580391,0.34447440505,-0.646124303341,0.585011899471,0.348743319511
-0.528654098511,-0.471631288528,1.05444407463,0.346440345049,-0.644903361797,0.58479321003,0.349422067404
-0.528101921082,-0.471733897924,1.05423808098,0.347070813179,-0.644259512424,0.584687709808,0.350159734488
-0.52720028162,-0.471605300903,1.05397546291,0.349357843399,-0.643118858337,0.583927750587,0.351248651743
-0.526330947876,-0.471543192863,1.05375742912,0.351026684046,-0.641871213913,0.583841204643,0.352010071278
-0.525607228279,-0.471657216549,1.05351066589,0.35282805562,-0.64082378149,0.583754062653,0.352262049913
-0.524777412415,-0.47161179781,1.05322742462,0.354417622089,-0.640148699284,0.583037674427,0.353079050779
-0.523990988731,-0.471451431513,1.05286383629,0.355627268553,-0.638846039772,0.583250522614,0.353870153427
-0.523162603378,-0.471387177706,1.05251479149,0.357091248035,-0.637776732445,0.583189368248,0.354424715042
-0.522312879562,-0.471357226372,1.05226707458,0.357775360346,-0.637289822102,0.582741618156,0.355346143246
-0.521442830563,-0.471382200718,1.05201482773,0.359449505806,-0.636505842209,0.582014322281,0.356252521276
-0.520389556885,-0.47119551897,1.05175364017,0.360904604197,-0.635669767857,0.581391870975,0.357289165258
-0.519425213337,-0.471060037613,1.05159950256,0.362469822168,-0.634506046772,0.581256687641,0.357992440462
-0.518386244774,-0.470871865749,1.0512034893,0.364914238453,-0.633511602879,0.580338358879,0.358759135008
-0.517520606518,-0.470702886581,1.05095160007,0.365322679281,-0.632813811302,0.580260455608,0.359699547291
-0.516396760941,-0.470344603062,1.05059826374,0.366921335459,-0.631454944611,0.580143034458,0.360648691654
-0.51546394825,-0.470088005066,1.0502525568,0.368398278952,-0.630885481834,0.57937926054,0.361366629601
-0.514462530613,-0.469958484173,1.0499573946,0.370072603226,-0.629734754562,0.579154789448,0.362022340298
-0.513506054878,-0.469600707293,1.0496468544,0.371488660574,-0.628524422646,0.579134643078,0.362707048655
-0.512403428555,-0.469295531511,1.04925715923,0.373058915138,-0.627906382084,0.578237056732,0.363597005606
-0.511385679245,-0.469012796879,1.0489859581,0.375055938959,-0.626529574394,0.577762961388,0.3646697402
-0.510352134705,-0.468722939491,1.04871594906,0.376192480326,-0.625622987747,0.577251136303,0.365863978863
-0.509260475636,-0.468258738518,1.04835140705,0.377487003803,-0.625883221626,0.57417434454,0.368914216757
-0.508192360401,-0.468033134937,1.04804646969,0.37982583046,-0.624279558659,0.573831319809,0.369763344526
-0.507452011108,-0.467575639486,1.04768300056,0.381109386683,-0.623310625553,0.573542356491,0.37052488327
-0.506824374199,-0.467246115208,1.04744303226,0.382094502449,-0.622574746609,0.573213994503,0.371254891157
-0.506019055843,-0.466764360666,1.04682421684,0.382701784372,-0.62155175209,0.573489308357,0.371917784214
-0.505378067493,-0.466503620148,1.04678940773,0.383932262659,-0.620712518692,0.573051810265,0.37272465229
-0.504615902901,-0.465880870819,1.04592525959,0.38428786397,-0.624795436859,0.567430436611,0.374133944511
-0.503958106041,-0.46551656723,1.04545795918,0.384300529957,-0.62495213747,0.5667527318,0.374885350466
-0.503398180008,-0.465120702982,1.04492509365,0.384854525328,-0.624715387821,0.5662535429,0.375465899706
-0.502775728703,-0.46481063962,1.0445920229,0.385506927967,-0.62504029274,0.564991772175,0.376155912876
-0.502195179462,-0.464469194412,1.04443216324,0.386373996735,-0.624188244343,0.56501275301,0.376649320126
-0.501566290855,-0.464236438274,1.04415917397,0.387067019939,-0.624120891094,0.564257323742,0.37718167901
-0.50111079216,-0.464143544436,1.04369401932,0.387617796659,-0.624038994312,0.563863694668,0.377340108156
-0.500615417957,-0.46409240365,1.04352080822,0.389149874449,-0.6237231493,0.562964975834,0.377627074718
-0.499864339828,-0.463812589645,1.04338133335,0.39013209939,-0.622797966003,0.562601149082,0.378681391478
-0.49917691946,-0.463770329952,1.0432997942,0.391215622425,-0.62211817503,0.562061011791,0.379482209682
-0.498504161835,-0.463631570339,1.04319250584,0.392128288746,-0.621303319931,0.561602175236,0.380553275347
-0.497683346272,-0.463481992483,1.0432806015,0.393086135387,-0.620950818062,0.560329437256,0.382013678551
-0.496979951859,-0.463343858719,1.04349803925,0.393689841032,-0.619368314743,0.560520768166,0.383676707745
-0.49612891674,-0.463367640972,1.04355978966,0.395968496799,-0.617978811264,0.559831500053,0.384577691555
-0.495400041342,-0.463542610407,1.04350209236,0.397140294313,-0.617297410965,0.558883845806,0.385840207338
-0.494541525841,-0.463522136211,1.04381334782,0.39868837595,-0.615697622299,0.558423757553,0.387462466955
-0.493777453899,-0.463839501143,1.04416549206,0.399785846472,-0.614757061005,0.557617366314,0.388983130455
-0.492876321077,-0.463806450367,1.04451203346,0.40208658576,-0.612646341324,0.556998312473,0.390824645758
-0.492250800133,-0.464036822319,1.04473316669,0.402707546949,-0.611756443977,0.556505739689,0.392277866602
-0.491411954165,-0.464307308197,1.04511642456,0.40517231822,-0.610508680344,0.555160105228,0.393588513136
-0.490739226341,-0.464399456978,1.045383811,0.407143622637,-0.607924640179,0.555699527264,0.394790798426
-0.489917308092,-0.464657962322,1.04599964619,0.409014314413,-0.60640501976,0.554847836494,0.396389007568
-0.489216476679,-0.464791029692,1.04626309872,0.410744041204,-0.604872465134,0.554270803928,0.397746950388
-0.488630384207,-0.464915513992,1.04668712616,0.412367641926,-0.603101789951,0.554289400578,0.398728758097
-0.488022297621,-0.465272575617,1.04686045647,0.414049774408,-0.601424157619,0.554302513599,0.399500489235
-0.487525492907,-0.4657099545,1.0471149683,0.415703296661,-0.60034763813,0.553864896297,0.400009095669
-0.487002968788,-0.465961277485,1.04724931717,0.41650813818,-0.599357187748,0.553696453571,0.400889545679
-0.486504197121,-0.466221541166,1.04715538025,0.418285280466,-0.597429394722,0.554390251637,0.4009578228
-0.486098229885,-0.466515004635,1.04735684395,0.419634431601,-0.596409618855,0.554224312305,0.401295661926
-0.48575347662,-0.466800361872,1.04783654213,0.420947104692,-0.595014631748,0.554374396801,0.40178373456
-0.485295921564,-0.466981351376,1.04764866829,0.422346919775,-0.593568503857,0.554854750633,0.401790827513
-0.484928041697,-0.467117607594,1.04780316353,0.423477768898,-0.592428088188,0.555010557175,0.40206810832
-0.484696298838,-0.467223972082,1.04821848869,0.424306482077,-0.59168857336,0.554802894592,0.402569741011
-0.48444378376,-0.467367589474,1.04838716984,0.425156593323,-0.59095710516,0.554718255997,0.402863591909
-0.484130978584,-0.467474669218,1.04832661152,0.426362484694,-0.589558362961,0.555272161961,0.402875542641
-0.483791708946,-0.467611163855,1.04838192463,0.427156865597,-0.589023828506,0.55501294136,0.403173238039
-0.483528137207,-0.467758208513,1.04853761196,0.427923887968,-0.588520944118,0.554793834686,0.40339589119
-0.48334607482,-0.467820286751,1.04865455627,0.428468316793,-0.588041543961,0.554740548134,0.403589874506
-0.483128428459,-0.4677990973,1.04885160923,0.429157376289,-0.586827397346,0.555272400379,0.40389367938
-0.482995897532,-0.467869639397,1.04891061783,0.429768890142,-0.58636790514,0.555179953575,0.404038131237
-0.482951432467,-0.467922568321,1.04901075363,0.429916381836,-0.586127758026,0.55523532629,0.404153436422
-0.482986211777,-0.46796220541,1.0491527319,0.429617464542,-0.586256623268,0.555059671402,0.404525667429
-0.483068555593,-0.468035757542,1.04928052425,0.429301947355,-0.586541891098,0.554958701134,0.404585689306
-0.483152985573,-0.46812069416,1.04946494102,0.428797185421,-0.586886584759,0.554915189743,0.404680341482
-0.483235746622,-0.468253195286,1.04960489273,0.428765267134,-0.586881756783,0.555142521858,0.404409468174
-0.483337968588,-0.468258559704,1.04992091656,0.428748816252,-0.586524605751,0.555812239647,0.404024928808
-0.483449459076,-0.468496531248,1.04998409748,0.429149359465,-0.585920572281,0.556939423084,0.402922511101
-0.483490079641,-0.468623697758,1.05033540726,0.429406970739,-0.585563361645,0.557445645332,0.402467280626
-0.483582079411,-0.468818306923,1.05068361759,0.429521888494,-0.584910750389,0.55824047327,0.40219154954
-0.483658492565,-0.469025850296,1.05092942715,0.430087387562,-0.584330737591,0.558885574341,0.401533633471
-0.483693808317,-0.469267010689,1.051248312,0.430505514145,-0.58377122879,0.559455156326,0.401106208563
-0.483768165112,-0.46942704916,1.05157399178,0.43039637804,-0.583864688873,0.559474825859,0.401060074568
-0.483801335096,-0.46959733963,1.05187702179,0.430627912283,-0.583521783352,0.559673011303,0.401033997536
-0.483888536692,-0.469874441624,1.05221247673,0.43123075366,-0.582372009754,0.560563206673,0.40081384778
-0.484004706144,-0.470240056515,1.05267632008,0.43183362484,-0.581984996796,0.56072551012,0.400499641895
-0.48403686285,-0.470566898584,1.05298817158,0.432050406933,-0.581879496574,0.560402035713,0.400871872902
-0.484116822481,-0.470787346363,1.05339550972,0.432068318129,-0.581792056561,0.55999237299,0.401551485062
-0.484165668488,-0.470953583717,1.05375576019,0.431996762753,-0.581671178341,0.559501290321,0.402486771345
-0.484175831079,-0.471125423908,1.05405521393,0.431891947985,-0.58160161972,0.558797955513,0.403675705194
-0.484217941761,-0.471166372299,1.05429494381,0.431440621614,-0.58161509037,0.558331847191,0.404782027006
-0.484361171722,-0.47149643302,1.05468904972,0.431119590998,-0.582031071186,0.556969404221,0.406399875879
-0.484356880188,-0.471745967865,1.05495643616,0.43129825592,-0.581503033638,0.55651050806,0.407593250275
-0.484434664249,-0.471986353397,1.05531919003,0.43123793602,-0.581355392933,0.555685639381,0.408990561962
-0.484469354153,-0.472271859646,1.05563533306,0.431301653385,-0.581374824047,0.55468416214,0.410253405571
-0.48450961709,-0.472634732723,1.0559977293,0.431374967098,-0.58120983839,0.554115414619,0.411177635193
-0.484553903341,-0.472786933184,1.05639398098,0.432415634394,-0.579119861126,0.55431753397,0.412758052349
-0.484585434198,-0.4730065763,1.05666685104,0.431692004204,-0.580467283726,0.552458941936,0.414112478495
-0.484575688839,-0.473118841648,1.05726861954,0.431520909071,-0.580668210983,0.550960242748,0.416001081467
-0.484585523605,-0.473249256611,1.05767500401,0.431250482798,-0.580669105053,0.550185143948,0.417304068804
-0.484626799822,-0.473502546549,1.05798089504,0.431074172258,-0.580730676651,0.549299895763,0.418564796448
-0.484617173672,-0.47371339798,1.05821466446,0.430860102177,-0.581140577793,0.548144102097,0.419729977846
-0.484559714794,-0.473933070898,1.05835580826,0.431236088276,-0.580849051476,0.547635853291,0.42041054368
-0.484468817711,-0.474180310965,1.05874419212,0.43163728714,-0.580492198467,0.547108530998,0.421177327633
-0.484380334616,-0.474283874035,1.05908501148,0.431886553764,-0.580177724361,0.546748399734,0.421822488308
-0.484243839979,-0.474427878857,1.05934286118,0.43280595541,-0.578567922115,0.547791898251,0.421736985445
-0.48397937417,-0.47442817688,1.05962920189,0.43304002285,-0.578177273273,0.547528862953,0.422373861074
-0.483827263117,-0.474469482899,1.05987977982,0.43294698,-0.578192353249,0.547149717808,0.422939449549
-0.483594685793,-0.474375218153,1.06011760235,0.431365966797,-0.580250799656,0.545814752579,0.423460423946
-0.483413338661,-0.474382996559,1.06030786037,0.432150274515,-0.57942378521,0.545387744904,0.424342215061
-0.48315307498,-0.47445756197,1.0605340004,0.431994199753,-0.579551815987,0.54556119442,0.424103587866
-0.4837859869,-0.476601481438,1.06179964542,0.433826118708,-0.581366539001,0.544161200523,0.421540826559
-0.482512235641,-0.474154740572,1.06104362011,0.431306272745,-0.579587340355,0.544861376286,0.425651848316
-0.482260018587,-0.47397467494,1.06120502949,0.430721104145,-0.579804062843,0.54469114542,0.426166951656
-0.482057780027,-0.473881542683,1.06139910221,0.430077761412,-0.580145716667,0.544562518597,0.426515966654
-0.481863737106,-0.473832815886,1.06155860424,0.429287642241,-0.580657184124,0.544657766819,0.426494210958
-0.481671780348,-0.473901063204,1.0616645813,0.428814530373,-0.581115305424,0.544694662094,0.426299005747
-0.481320798397,-0.473753124475,1.06202840805,0.428768932819,-0.5806453228,0.545397281647,0.426086872816
-0.480874478817,-0.473679542542,1.06230187416,0.428902059793,-0.580321311951,0.545941233635,0.425697416067
-0.480439335108,-0.473539352417,1.06257998943,0.42915648222,-0.579605281353,0.546926438808,0.425151586533
-0.480067133904,-0.473457187414,1.06286847591,0.429604053497,-0.57903277874,0.547795474529,0.424360126257
-0.479661166668,-0.473470777273,1.06319630146,0.429973334074,-0.578587710857,0.54899841547,0.423036545515
-0.478387951851,-0.473180860281,1.06368637085,0.429454535246,-0.578166306019,0.548124730587,0.425266683102
-0.477898955345,-0.473043739796,1.06401491165,0.430792510509,-0.576180756092,0.550033628941,0.424142152071
-0.478085517883,-0.473205059767,1.06419527531,0.430284738541,-0.577656447887,0.55044656992,0.422109484673
-0.477572143078,-0.473054021597,1.06490325928,0.431280612946,-0.576853275299,0.55122345686,0.421176940203
-0.4770655334,-0.473012626171,1.06488883495,0.432294070721,-0.576373159885,0.552113354206,0.419626533985
-0.476632535458,-0.472831904888,1.06518006325,0.432979911566,-0.575879991055,0.553102374077,0.418292462826
-0.475402474403,-0.472251117229,1.06538808346,0.433948218822,-0.574875414371,0.553438425064,0.418226361275
-0.475756496191,-0.472358584404,1.06541883945,0.433938443661,-0.575676083565,0.55436861515,0.415896654129
-0.475433349609,-0.472011297941,1.0656632185,0.434410274029,-0.575348317623,0.55540728569,0.414469212294
-0.475155055523,-0.471805989742,1.0657184124,0.434810489416,-0.575491726398,0.556049227715,0.412987291813
-0.474889099598,-0.471553713083,1.06579113007,0.435403823853,-0.575058460236,0.557233870029,0.411366045475
-0.474622875452,-0.47135913372,1.06597757339,0.435702681541,-0.574905216694,0.557983279228,0.410246431828
-0.474412679672,-0.471076965332,1.06609487534,0.435620158911,-0.575350642204,0.557951271534,0.409752696753
-0.474145531654,-0.470915585756,1.0661329031,0.435408860445,-0.575821995735,0.557715654373,0.409635722637
-0.474068403244,-0.470657497644,1.0662573576,0.434754431248,-0.57652515173,0.55729162693,0.409918934107
-0.474057763815,-0.470400184393,1.0663074255,0.433887004852,-0.577189803123,0.556996285915,0.410303801298
-0.474118232727,-0.470008462667,1.06638813019,0.432906597853,-0.5779260993,0.556477665901,0.411005973816
-0.474351465702,-0.469943016768,1.06633472443,0.431910336018,-0.579183220863,0.555726468563,0.411300987005
-0.47454944253,-0.469808340073,1.06645488739,0.431318163872,-0.579811871052,0.555361628532,0.411529302597
-0.474852263927,-0.469684004784,1.0665166378,0.431293219328,-0.579762756824,0.555895090103,0.410903990269
-0.475177824497,-0.469552487135,1.06664347649,0.431633859873,-0.579292833805,0.556983113289,0.409733921289
-0.475589454174,-0.469498813152,1.06661677361,0.431878864765,-0.579169809818,0.558136165142,0.408077031374
-0.476080477238,-0.46957218647,1.06663274765,0.432371050119,-0.578967630863,0.559401512146,0.406105518341
-0.475741237402,-0.469351381063,1.06675004959,0.433406382799,-0.57794302702,0.560052573681,0.405563563108
-0.476088583469,-0.469433158636,1.06683945656,0.433530837297,-0.578093767166,0.560561478138,0.404511600733
-0.476507037878,-0.469477087259,1.06683015823,0.433344811201,-0.578766465187,0.560721039772,0.403526633978
-0.477832794189,-0.469998329878,1.06667375565,0.432447642088,-0.58062517643,0.561183154583,0.401169449091
-0.478390365839,-0.469817429781,1.06655597687,0.433338016272,-0.580022394657,0.563537418842,0.397765874863
-0.479191184044,-0.469901561737,1.06643784046,0.432799339294,-0.581105589867,0.56385499239,0.396318912506
-0.479299604893,-0.46970692277,1.0664999485,0.429933965206,-0.5829885602,0.56282299757,0.398134946823
-0.480963170528,-0.470197081566,1.06634640694,0.429713308811,-0.584274351597,0.565350532532,0.392872691154
-0.481805443764,-0.470272839069,1.06627655029,0.428531140089,-0.585243344307,0.567342817783,0.389837682247
-0.48277297616,-0.470355093479,1.06619739532,0.427133947611,-0.586874425411,0.568231403828,0.387618839741
-0.483645260334,-0.470634579659,1.06629908085,0.425672292709,-0.588190734386,0.5699827075,0.384648829699
-0.484608799219,-0.470744431019,1.06648683548,0.423754036427,-0.589960575104,0.571195006371,0.382250696421
-0.485458374023,-0.470916688442,1.06650781631,0.421743482351,-0.591591954231,0.572734117508,0.379640877247
-0.486408412457,-0.47115534544,1.06675648689,0.419887751341,-0.593843579292,0.573351383209,0.377243220806
-0.487173050642,-0.4714397192,1.06702423096,0.418695181608,-0.595146775246,0.574963867664,0.374047368765
-0.48812738061,-0.471802294254,1.06711173058,0.416840404272,-0.597212612629,0.576317608356,0.370728075504
-0.488871127367,-0.472059726715,1.06737291813,0.415111541748,-0.598775029182,0.57786822319,0.367722064257
-0.489672750235,-0.472374618053,1.06770777702,0.413372904062,-0.600376009941,0.57959830761,0.364331752062
-0.490290164948,-0.472796559334,1.06800878048,0.412183046341,-0.601571381092,0.581463456154,0.360717535019
-0.490738272667,-0.473100244999,1.06844508648,0.410258591175,-0.603332161903,0.583126366138,0.357270300388
-0.491133034229,-0.473592162132,1.06873190403,0.408753395081,-0.605167090893,0.584126591682,0.354245126247
-0.491323083639,-0.473831892014,1.06933319569,0.408063620329,-0.605784893036,0.585607469082,0.351529181004
-0.491468369961,-0.474084377289,1.07009899616,0.407059252262,-0.606718242168,0.586717545986,0.349225193262
-0.491472780704,-0.474325686693,1.07047426701,0.406109988689,-0.608011305332,0.587366163731,0.346984088421
-0.491485178471,-0.474502533674,1.0706435442,0.404994219542,-0.608849167824,0.588634312153,0.344662368298
-0.491505473852,-0.474611729383,1.07101500034,0.404027938843,-0.609460711479,0.590163469315,0.342091172934
-0.49152508378,-0.474786072969,1.07127094269,0.40318402648,-0.609937429428,0.591679573059,0.339609026909
-0.491394788027,-0.474662899971,1.07146406174,0.401269048452,-0.614855587482,0.588600575924,0.338356554508
-0.491459280252,-0.474674403667,1.07174992561,0.400599628687,-0.615191042423,0.590127527714,0.335871368647
-0.491601169109,-0.474805802107,1.07241427898,0.399408906698,-0.616561532021,0.590597629547,0.333944767714
-0.491700172424,-0.474773526192,1.07267642021,0.3983476758,-0.617932677269,0.591257095337,0.33150190115
-0.49172475934,-0.474688410759,1.07251501083,0.397865593433,-0.618380188942,0.5929479599,0.328209787607
-0.49182677269,-0.47454226017,1.07274866104,0.39704850316,-0.619003117085,0.594285786152,0.325595229864
-0.491922140121,-0.474608242512,1.07249045372,0.396456122398,-0.619558990002,0.595961630344,0.322178602219
-0.492145180702,-0.474614858627,1.07257676125,0.395436018705,-0.621271669865,0.596552550793,0.31902551651
-0.492285847664,-0.474538087845,1.07277798653,0.394457817078,-0.622640132904,0.597315192223,0.316128075123
-0.492348968983,-0.474393308163,1.07282710075,0.393467992544,-0.624498188496,0.597467243671,0.313397586346
-0.492442667484,-0.474315643311,1.07291817665,0.392477303743,-0.625800251961,0.598494052887,0.310065537691
-0.492613792419,-0.474041044712,1.07334184647,0.391209602356,-0.626901268959,0.599603414536,0.307287365198
-0.492703288794,-0.473957300186,1.07358086109,0.390127837658,-0.629167914391,0.599736332893,0.303750455379
-0.492703199387,-0.473907768726,1.07377970219,0.388928025961,-0.630447030067,0.601050794125,0.300016075373
-0.492707669735,-0.473833799362,1.07385671139,0.387896537781,-0.632212460041,0.601931512356,0.295841574669
-0.492660999298,-0.473747551441,1.07396841049,0.38627320528,-0.633856415749,0.6033603549,0.291505426168
-0.492617756128,-0.473648756742,1.07428443432,0.38517165184,-0.635431647301,0.604593217373,0.28694319725
-0.491577684879,-0.473067879677,1.07419514656,0.383697062731,-0.635493516922,0.60737913847,0.282869726419
-0.491912543774,-0.473156124353,1.07413113117,0.381922900677,-0.637312293053,0.609309136868,0.276966571808
-0.491856455803,-0.473295629025,1.07455146313,0.380292236805,-0.635033547878,0.6156924963,0.270246118307
-0.491399377584,-0.473118782043,1.07484447956,0.378602802753,-0.636109948158,0.617971122265,0.264831274748
-0.49036899209,-0.47265291214,1.07502985001,0.37679246068,-0.637613236904,0.619428217411,0.260356873274
-0.490221500397,-0.472902238369,1.07527530193,0.375015318394,-0.638512611389,0.622392117977,0.253561347723
-0.489365935326,-0.472766906023,1.07574880123,0.373351514339,-0.638924479485,0.625179708004,0.248061299324
-0.488536149263,-0.472506910563,1.07610046864,0.371483027935,-0.640249609947,0.627137422562,0.242444828153
-0.486989170313,-0.471923261881,1.07633817196,0.372263342142,-0.636721313,0.631607472897,0.238910198212
-0.486175745726,-0.471966981888,1.07666397095,0.367573618889,-0.640811800957,0.633436203003,0.230235546827
-0.485534340143,-0.472169309855,1.0771946907,0.365876346827,-0.641647934914,0.636125802994,0.223083972931
-0.484296381474,-0.471770882607,1.07782995701,0.36333617568,-0.642972588539,0.638243973255,0.217296928167
-0.482670247555,-0.471398055553,1.07828259468,0.361739128828,-0.641612827778,0.642543435097,0.211224287748
-0.480775147676,-0.471005171537,1.0786896944,0.362594157457,-0.639238238335,0.645958602428,0.206488534808
-0.479422986507,-0.470846951008,1.0792965889,0.36045268178,-0.640356123447,0.648094832897,0.199977010489
-0.478211581707,-0.470674276352,1.07972896099,0.357827961445,-0.641529142857,0.650604128838,0.192649886012
-0.476710796356,-0.4703373909,1.08019077778,0.354973018169,-0.642865478992,0.652890026569,0.185615152121
-0.474823266268,-0.47022819519,1.08075451851,0.353880822659,-0.642992794514,0.655442297459,0.178112730384
-0.473576754332,-0.470020592213,1.08122777939,0.34919077158,-0.644510507584,0.658918380737,0.168815612793
-0.471469819546,-0.469618439674,1.08181262016,0.347641080618,-0.643794953823,0.662155866623,0.161936506629
-0.469691872597,-0.469236195087,1.08231341839,0.345096558332,-0.644317686558,0.664747476578,0.154512047768
-0.46771505475,-0.468385100365,1.08271467686,0.342319369316,-0.640716195107,0.671045124531,0.148319512606
-0.466235160828,-0.468461751938,1.08360147476,0.342174112797,-0.644933223724,0.668848693371,0.140069380403
-0.464151889086,-0.467831134796,1.08423137665,0.338224977255,-0.644508421421,0.673006594181,0.131434261799
-0.462147295475,-0.467153787613,1.08455896378,0.335271239281,-0.644337952137,0.676158070564,0.123418472707
-0.460046678782,-0.466442167759,1.08497226238,0.332921385765,-0.643848121166,0.679182946682,0.115471467376
-0.45803591609,-0.465969324112,1.08566427231,0.331514388323,-0.644616365433,0.6804459095,0.107523597777
-0.455761492252,-0.465307295322,1.08629655838,0.329386293888,-0.644358158112,0.682907998562,0.0997187718749
-0.453880906105,-0.464969694614,1.08682370186,0.324895888567,-0.643058001995,0.687640547752,0.0898315683007
-0.451386600733,-0.464013814926,1.08738470078,0.322741508484,-0.642567873001,0.690064907074,0.0821895971894
-0.449008136988,-0.463257580996,1.08804881573,0.320845544338,-0.642072439194,0.692324817181,0.0740779191256
-0.446425765753,-0.462444663048,1.08874940872,0.319322824478,-0.641723573208,0.6941177845,0.0665162727237
-0.443661093712,-0.461277961731,1.08924496174,0.317386060953,-0.63958543539,0.697544276714,0.06023760885
-0.440901964903,-0.460139989853,1.08998548985,0.31702619791,-0.654267013073,0.684684514999,0.0513452477753
-0.438064545393,-0.458859980106,1.09047210217,0.315965980291,-0.655822455883,0.684224665165,0.0435778796673
-0.43677085638,-0.457556009293,1.09052312374,0.303014785051,-0.628794968128,0.714753270149,0.0438938885927
-0.433483690023,-0.457282364368,1.09181177616,0.306024968624,-0.62508392334,0.717524051666,0.0278931669891
-0.43016782403,-0.455556362867,1.09275746346,0.305661439896,-0.633141338825,0.710814893246,0.0211008228362
-0.427088201046,-0.454119741917,1.09350407124,0.305639117956,-0.651762545109,0.694018602371,0.0113341864198
-0.424186944962,-0.453370988369,1.09421801567,0.304765045643,-0.638796687126,0.706424832344,0.00460151024163
-0.422074556351,-0.452211201191,1.09471178055,0.298403173685,-0.633820593357,0.713586509228,-0.00462415628135
-0.418802797794,-0.450696349144,1.09557628632,0.299394726753,-0.637393176556,0.709921479225,-0.010215036571
-0.416336357594,-0.449515879154,1.09648084641,0.29497769475,-0.631461024284,0.71687489748,-0.0183184482157
-0.413386523724,-0.448266327381,1.09732556343,0.293534785509,-0.630753338337,0.71786570549,-0.0256197750568
-0.410606503487,-0.446996033192,1.09810996056,0.291977286339,-0.630845785141,0.718105792999,-0.0332697033882
-0.407542616129,-0.445786863565,1.09911823273,0.291013836861,-0.630521416664,0.718430101871,-0.040150526911
-0.404281586409,-0.443769484758,1.10014724731,0.289817452431,-0.629657387733,0.719355285168,-0.0454482771456
-0.400978773832,-0.442041695118,1.10092425346,0.289333313704,-0.626683473587,0.721614539623,-0.0531654916704
-0.397876054049,-0.440758615732,1.10209584236,0.288611441851,-0.625134348869,0.72269153595,-0.0602297671139
-0.394802570343,-0.43881431222,1.10335183144,0.287819623947,-0.624299049377,0.723270237446,-0.0655054375529
-0.391712784767,-0.436995089054,1.1042804718,0.286271959543,-0.622443079948,0.724890470505,-0.07174064219
-0.388476073742,-0.435189127922,1.10486376286,0.285293787718,-0.620992183685,0.725824713707,-0.0784517973661
-0.385204017162,-0.433087974787,1.10586476326,0.288826078176,-0.622509241104,0.722702205181,-0.082239061594
-0.382114499807,-0.430914759636,1.10681986809,0.287950128317,-0.62092089653,0.723801314831,-0.0874858945608
-0.379063695669,-0.429050862789,1.10792577267,0.287764966488,-0.620403945446,0.723648607731,-0.0928603485227
-0.376013636589,-0.42713445425,1.10905659199,0.287755340338,-0.619821608067,0.723451435566,-0.0981642082334
-0.373080193996,-0.425012290478,1.10978388786,0.28689455986,-0.618111491203,0.724491178989,-0.103645183146
-0.369909763336,-0.422882556915,1.11086070538,0.287277728319,-0.617584347725,0.724135577679,-0.108115002513
-0.366898059845,-0.420824468136,1.11223113537,0.288279801607,-0.617020130157,0.723603129387,-0.112158834934
-0.363886922598,-0.418839275837,1.11335325241,0.288761228323,-0.615366220474,0.724110245705,-0.116644375026
-0.360650956631,-0.416599690914,1.11308503151,0.286837011576,-0.613246142864,0.725477516651,-0.123839952052
-0.357729136944,-0.414390087128,1.11481153965,0.288448780775,-0.612400949001,0.725122869015,-0.126328900456
-0.35447743535,-0.412764132023,1.11528134346,0.292985826731,-0.615534007549,0.719247579575,-0.134015828371
-0.351379811764,-0.409769952297,1.11634242535,0.28525274992,-0.60546952486,0.730425000191,-0.136077448726
-0.348675012589,-0.407155334949,1.11811935902,0.285876661539,-0.605675816536,0.729498803616,-0.138790801167
-0.345659017563,-0.404917567968,1.11838197708,0.285586476326,-0.602179229259,0.731545865536,-0.143740490079
-0.342786073685,-0.402457684278,1.11878430843,0.284418344498,-0.599273145199,0.733317792416,-0.149073466659
-0.339981585741,-0.399993747473,1.12053918839,0.286417365074,-0.598125696182,0.733069241047,-0.151063993573
-0.337196081877,-0.397622942924,1.12152218819,0.286212265491,-0.598118722439,0.732201814651,-0.155618980527
-0.33455914259,-0.395216166973,1.1227697134,0.286959826946,-0.596799910069,0.732376277447,-0.158458128572
-0.331689417362,-0.394585371017,1.12428951263,0.290311813354,-0.593251168728,0.732670664787,-0.164212912321
-0.32993388176,-0.391487628222,1.1251026392,0.289013803005,-0.592870235443,0.733180999756,-0.165594682097
-0.326897680759,-0.389293730259,1.1265078783,0.291889637709,-0.591587781906,0.732439219952,-0.16839581728
-0.323782503605,-0.385360240936,1.12690663338,0.290739089251,-0.589050590992,0.734487533569,-0.170347690582
-0.321718215942,-0.384954303503,1.12857067585,0.294395208359,-0.587237119675,0.733482182026,-0.1746083498
-0.319270014763,-0.380407869816,1.12818729877,0.291254550219,-0.58658349514,0.734971404076,-0.175805673003
-0.316748380661,-0.378129601479,1.12775564194,0.290297806263,-0.584111213684,0.736019134521,-0.181155189872
