x,y,z,q0,q1,q2,q3
0.571221470833,-0.182803377509,1.52573597431,0.0655893012881,0.0420556552708,0.701224982738,-0.708669960499
0.571221470833,-0.182803377509,1.52573597431,0.0655893012881,0.0420556552708,0.701224982738,-0.708669960499
0.571512758732,-0.184288099408,1.5254431963,0.0748181864619,0.0460542775691,0.704488754272,-0.704256355762
0.5725954175,-0.187852859497,1.52483284473,0.0917178541422,0.0582760460675,0.707955956459,-0.697846770287
0.5725954175,-0.187852859497,1.52483284473,0.0917178541422,0.0582760460675,0.707955956459,-0.697846770287
0.572862327099,-0.18904069066,1.52437591553,0.100208327174,0.0611409693956,0.710675537586,-0.693657398224
0.573268473148,-0.190455555916,1.5241189003,0.108232520521,0.0649354159832,0.713404178619,-0.689292132854
0.573593497276,-0.191794842482,1.52405440807,0.115651257336,0.0685019791126,0.716633319855,-0.68437474966
0.573973178864,-0.19311760366,1.52378940582,0.122319757938,0.0719930529594,0.718949317932,-0.680416762829
0.574884355068,-0.195465996861,1.52282392979,0.132998660207,0.0769726485014,0.723941028118,-0.672529518604
0.575255513191,-0.196620255709,1.52255249023,0.138056010008,0.0793961286545,0.726620912552,-0.668325483799
0.575698375702,-0.197834283113,1.52244520187,0.14224883914,0.0819780901074,0.728807508945,-0.664743900299
0.575698375702,-0.197834283113,1.52244520187,0.14224883914,0.0819780901074,0.728807508945,-0.664743900299
0.576090693474,-0.198899656534,1.52241551876,0.145589575171,0.0842525586486,0.730729222298,-0.661619246006
0.577520847321,-0.20054718852,1.52238488197,0.147092238069,0.0893791615963,0.732781350613,-0.658336520195
0.577998220921,-0.201554298401,1.52264809608,0.150085225701,0.0913233757019,0.734621763229,-0.655336081982
0.578842282295,-0.203765541315,1.52263879776,0.154056474566,0.0934424027801,0.738483250141,-0.649751901627
0.579277932644,-0.204410523176,1.52254736423,0.155844837427,0.0924378931522,0.741639435291,-0.64586275816
0.579277932644,-0.204410523176,1.52254736423,0.155844837427,0.0924378931522,0.741639435291,-0.64586275816
0.580004751682,-0.206869363785,1.52264177799,0.158200442791,0.0933506712317,0.743072748184,-0.643507003784
0.580004751682,-0.206869363785,1.52264177799,0.158200442791,0.0933506712317,0.743072748184,-0.643507003784
0.579807698727,-0.208068579435,1.52261984348,0.160947710276,0.0883210897446,0.745406210423,-0.64083147049
0.579807698727,-0.208068579435,1.52261984348,0.160947710276,0.0883210897446,0.745406210423,-0.64083147049
0.579970598221,-0.208514511585,1.52254974842,0.161965087056,0.0852060765028,0.748497366905,-0.637384533882
0.580178439617,-0.209273964167,1.52263796329,0.162268817425,0.0836547538638,0.749425649643,-0.636421263218
0.580623149872,-0.210907489061,1.52281391621,0.162454009056,0.081289164722,0.749192714691,-0.636954605579
0.580623149872,-0.210907489061,1.52281391621,0.162454009056,0.081289164722,0.749192714691,-0.636954605579
0.580737352371,-0.21127744019,1.52276182175,0.162704840302,0.0781149715185,0.752022087574,-0.633946418762
0.580981075764,-0.212096214294,1.52295291424,0.162182718515,0.0779808834195,0.75099170208,-0.635316729546
0.581413328648,-0.213317841291,1.52313816547,0.161600887775,0.0754747614264,0.752303421497,-0.634214699268
0.581514298916,-0.213751852512,1.52311646938,0.161052361131,0.0738099813461,0.753225624561,-0.633455216885
0.581514298916,-0.213751852512,1.52311646938,0.161052361131,0.0738099813461,0.753225624561,-0.633455216885
0.581579685211,-0.213965252042,1.52306139469,0.160835251212,0.0712824016809,0.754773378372,-0.631955802441
0.581676781178,-0.214255139232,1.52307009697,0.16027776897,0.0699567720294,0.755087733269,-0.631870031357
0.581857860088,-0.214746028185,1.52310419083,0.159511134028,0.0691497474909,0.75520080328,-0.632017731667
0.581974744797,-0.215340077877,1.52327060699,0.158486962318,0.0694156214595,0.754170954227,-0.633474171162
0.581998944283,-0.21552208066,1.52332615852,0.157966926694,0.0680405050516,0.754680812359,-0.633146047592
0.582061827183,-0.215685814619,1.52336263657,0.157310247421,0.0670726895332,0.75493901968,-0.633104801178
0.582046031952,-0.215497419238,1.52324438095,0.15695220232,0.0646667703986,0.756601154804,-0.631457686424
0.582104206085,-0.215431645513,1.52318131924,0.15548568964,0.0637166574597,0.757148265839,-0.631261348724
0.582123816013,-0.215459436178,1.52325677872,0.15474794805,0.0628122314811,0.756981670856,-0.631732940674
0.58210670948,-0.215410321951,1.52319383621,0.153895378113,0.0617814213037,0.757227957249,-0.631747543812
0.582152366638,-0.215544939041,1.52329349518,0.152901783586,0.0621109642088,0.756026744843,-0.633393228054
0.582053601742,-0.21508257091,1.52304375172,0.152140557766,0.059753768146,0.756371080875,-0.63339215517
0.582053601742,-0.21508257091,1.52304375172,0.152140557766,0.059753768146,0.756371080875,-0.63339215517
0.58185249567,-0.214231014252,1.52345943451,0.153156727552,0.0579371638596,0.757460594177,-0.632012546062
0.58185249567,-0.214231014252,1.52345943451,0.153156727552,0.0579371638596,0.757460594177,-0.632012546062
0.581817209721,-0.214114144444,1.52352142334,0.153278186917,0.0586843490601,0.755729198456,-0.633983790874
0.581417143345,-0.213509216905,1.5242600441,0.156147360802,0.0578776113689,0.75682914257,-0.632042646408
0.581278860569,-0.213007315993,1.52424585819,0.15750785172,0.0574595555663,0.756340026855,-0.632328629494
0.581265747547,-0.212740927935,1.52434766293,0.15847350657,0.0587279610336,0.754402518272,-0.63428235054
0.581170320511,-0.212113723159,1.52421522141,0.160019859672,0.0585135892034,0.75402200222,-0.634366333485
0.581238746643,-0.211483761668,1.52354383469,0.161672964692,0.0577044971287,0.753094553947,-0.635122537613
0.58089774847,-0.209414154291,1.52419030666,0.165849238634,0.0583215989172,0.75513625145,-0.631555199623
0.580980598927,-0.208726599813,1.52345967293,0.167417660356,0.0576593577862,0.754527747631,-0.631929337978
0.580980598927,-0.208726599813,1.52345967293,0.167417660356,0.0576593577862,0.754527747631,-0.631929337978
0.581038951874,-0.206706792116,1.52336227894,0.170004040003,0.0588520504534,0.755056023598,-0.630496323109
0.581006765366,-0.205640569329,1.5233849287,0.171542957425,0.059362012893,0.75525790453,-0.629789471626
0.581006765366,-0.205640569329,1.5233849287,0.171542957425,0.059362012893,0.75525790453,-0.629789471626
0.581154048443,-0.204854160547,1.52350974083,0.172295168042,0.061790086329,0.753714203835,-0.631198346615
0.581244111061,-0.202381983399,1.52350401878,0.174361914396,0.0629835054278,0.754469931126,-0.629607915878
0.581288278103,-0.201144292951,1.52347576618,0.175309881568,0.063762947917,0.754606127739,-0.629102766514
0.581288278103,-0.201144292951,1.52347576618,0.175309881568,0.063762947917,0.754606127739,-0.629102766514
0.581327080727,-0.199825838208,1.52352011204,0.175808757544,0.0644122287631,0.754711985588,-0.628770291805
0.58130133152,-0.198421657085,1.5235234499,0.175910040736,0.0647063106298,0.75487267971,-0.628518939018
0.581452012062,-0.195627734065,1.5235285759,0.176164641976,0.0657626315951,0.75480222702,-0.628422558308
0.581495285034,-0.194163560867,1.52382254601,0.176225677133,0.0663577020168,0.754824280739,-0.628316521645
0.581507027149,-0.192713722587,1.52345490456,0.175755545497,0.0662621110678,0.754558324814,-0.628777503967
0.581507027149,-0.192713722587,1.52345490456,0.175755545497,0.0662621110678,0.754558324814,-0.628777503967
0.581494212151,-0.191184356809,1.52390658855,0.175688520074,0.0672664567828,0.754805922508,-0.628392100334
0.58156722784,-0.189613908529,1.52398836613,0.175195276737,0.067861109972,0.754575431347,-0.628742754459
0.581565439701,-0.186385184526,1.52426886559,0.174355328083,0.0687172040343,0.754379093647,-0.629118800163
0.581565439701,-0.186385184526,1.52426886559,0.174355328083,0.0687172040343,0.754379093647,-0.629118800163
0.581500530243,-0.183138400316,1.52448940277,0.172991082072,0.069958910346,0.753789722919,-0.630064308643
0.581500530243,-0.183138400316,1.52448940277,0.172991082072,0.069958910346,0.753789722919,-0.630064308643
0.581614792347,-0.181439861655,1.52477538586,0.172087684274,0.0712011754513,0.75341385603,-0.630621850491
0.581492841244,-0.179777503014,1.52482366562,0.171453252435,0.0720164552331,0.753281235695,-0.630860388279
0.581527292728,-0.178022146225,1.52497553825,0.170519918203,0.0730622559786,0.752988398075,-0.63134264946
0.581526041031,-0.176253914833,1.52509570122,0.169292613864,0.0740383937955,0.752540111542,-0.632093131542
0.58147674799,-0.172485917807,1.52581107616,0.167115211487,0.0768608152866,0.752025127411,-0.632947981358
0.58147674799,-0.172485917807,1.52581107616,0.167115211487,0.0768608152866,0.752025127411,-0.632947981358
0.581333518028,-0.170607715845,1.52589166164,0.166151925921,0.0775426700711,0.751774072647,-0.63341653347
0.581298589706,-0.168546333909,1.52598381042,0.164686217904,0.0782196670771,0.751693844795,-0.633811175823
0.581247389317,-0.16646245122,1.52571249008,0.163103893399,0.0781743824482,0.751404583454,-0.63456839323
0.581033885479,-0.164404422045,1.52578926086,0.162543207407,0.0782586559653,0.751229584217,-0.634908974171
0.580585420132,-0.160004451871,1.52603173256,0.1614061445,0.077586017549,0.750197768211,-0.63649970293
0.580585420132,-0.160004451871,1.52603173256,0.1614061445,0.077586017549,0.750197768211,-0.63649970293
0.5800973773,-0.155348300934,1.52658712864,0.16064979136,0.0765290558338,0.749296963215,-0.637878537178
0.5800973773,-0.155348300934,1.52658712864,0.16064979136,0.0765290558338,0.749296963215,-0.637878537178
0.579536378384,-0.150448471308,1.52595901489,0.159373536706,0.0729913562536,0.748293459415,-0.639788508415
0.579536378384,-0.150448471308,1.52595901489,0.159373536706,0.0729913562536,0.748293459415,-0.639788508415
0.579238057137,-0.148114204407,1.52625989914,0.159407883883,0.0726405009627,0.74729603529,-0.640984535217
0.57899159193,-0.145495161414,1.52664113045,0.158583387733,0.0723184421659,0.747011840343,-0.641556501389
0.578572571278,-0.140304654837,1.52618443966,0.156754344702,0.0704387053847,0.745204150677,-0.644311487675
0.578572571278,-0.140304654837,1.52618443966,0.156754344702,0.0704387053847,0.745204150677,-0.644311487675
0.57822394371,-0.137477934361,1.52650237083,0.156130507588,0.0703474879265,0.745357990265,-0.644295036793
0.578191578388,-0.134896963835,1.52620768547,0.154999554157,0.0695991143584,0.744361758232,-0.645799279213
0.577729344368,-0.129279404879,1.52623510361,0.152920424938,0.0696803629398,0.742934584618,-0.647926151752
0.577729344368,-0.129279404879,1.52623510361,0.152920424938,0.0696803629398,0.742934584618,-0.647926151752
0.5775167346,-0.126530453563,1.52626669407,0.152216672897,0.069497205317,0.741964757442,-0.649221539497
0.577400743961,-0.123579181731,1.52631008625,0.150594636798,0.0695166438818,0.741028547287,-0.650665283203
0.577243983746,-0.120685592294,1.52658903599,0.148657947779,0.0702086538076,0.740768671036,-0.65133202076
0.577038884163,-0.117712780833,1.52648603916,0.148761287332,0.0695438534021,0.738635480404,-0.653797566891
0.577689170837,-0.111869871616,1.52632415295,0.143917962909,0.0723739862442,0.736987948418,-0.656428694725
0.577689170837,-0.111869871616,1.52632415295,0.143917962909,0.0723739862442,0.736987948418,-0.656428694725
0.576425731182,-0.105186998844,1.52651059628,0.144339755177,0.0691610053182,0.734721422195,-0.659217119217
0.576126456261,-0.101628214121,1.52626657486,0.142284393311,0.068215072155,0.733605146408,-0.661003410816
0.576126456261,-0.101628214121,1.52626657486,0.142284393311,0.068215072155,0.733605146408,-0.661003410816
0.576901257038,-0.0955037623644,1.52695572376,0.139027535915,0.0727558284998,0.731083989143,-0.66399872303
0.575880944729,-0.0915833413601,1.52649211884,0.139565646648,0.0689132362604,0.729852855206,-0.665648043156
0.575880944729,-0.0915833413601,1.52649211884,0.139565646648,0.0689132362604,0.729852855206,-0.665648043156
0.576647043228,-0.0886247456074,1.52674269676,0.137031078339,0.072603546083,0.728699147701,-0.667044937611
0.575348973274,-0.0846297740936,1.52633309364,0.138334512711,0.0683728307486,0.727102041245,-0.668962955475
0.575127482414,-0.0775461196899,1.52623653412,0.1371563375,0.0687061697245,0.724573850632,-0.671907961369
0.575127482414,-0.0775461196899,1.52623653412,0.1371563375,0.0687061697245,0.724573850632,-0.671907961369
0.574768781662,-0.0704981386662,1.52604198456,0.137097135186,0.0696898698807,0.722044467926,-0.674536466599
0.574768781662,-0.0704981386662,1.52604198456,0.137097135186,0.0696898698807,0.722044467926,-0.674536466599
0.574615180492,-0.066940523684,1.52595794201,0.137407794595,0.0701864808798,0.720924139023,-0.675619244576
0.574381172657,-0.0633416771889,1.52563893795,0.137617081404,0.0702389702201,0.719821035862,-0.676746428013
0.573982298374,-0.0562948323786,1.52548325062,0.138884887099,0.0721473693848,0.717705905437,-0.678530693054
0.573982298374,-0.0562948323786,1.52548325062,0.138884887099,0.0721473693848,0.717705905437,-0.678530693054
0.573804140091,-0.0491147711873,1.52528238297,0.139657005668,0.0738040357828,0.715843141079,-0.680159986019
0.573804140091,-0.0491147711873,1.52528238297,0.139657005668,0.0738040357828,0.715843141079,-0.680159986019
0.573045492172,-0.0414473451674,1.52455735207,0.14062486589,0.0713512077928,0.716981709003,-0.679022192955
0.573236167431,-0.0386386699975,1.52467441559,0.141539648175,0.0767948254943,0.712654829025,-0.682782769203
0.573236167431,-0.0386386699975,1.52467441559,0.141539648175,0.0767948254943,0.712654829025,-0.682782769203
0.57270783186,-0.0346237644553,1.52436459064,0.142822474241,0.0739516913891,0.714571118355,-0.680823922157
0.573584258556,-0.0270126722753,1.52379524708,0.13731443882,0.0774861201644,0.712812542915,-0.683402657509
0.573429644108,-0.0235112123191,1.52360630035,0.137203723192,0.0786577612162,0.712346732616,-0.683776557446
0.572935461998,-0.0201023109257,1.52343571186,0.137917622924,0.0782052949071,0.711066842079,-0.685015916824
0.572935461998,-0.0201023109257,1.52343571186,0.137917622924,0.0782052949071,0.711066842079,-0.685015916824
0.57306432724,-0.0168316066265,1.52319633961,0.137639507651,0.0818294137716,0.710555076599,-0.685179412365
0.572870314121,-0.0135650075972,1.52303683758,0.137988269329,0.0832871869206,0.709881067276,-0.685632109642
0.572303414345,-0.0102886408567,1.52275967598,0.139386221766,0.0836372002959,0.708820581436,-0.68640345335
0.572421431541,-0.00708509981632,1.52252626419,0.138401374221,0.0860013440251,0.707764148712,-0.687399923801
0.572139441967,-0.00376009196043,1.52218079567,0.137653663754,0.0858658701181,0.706924378872,-0.688430428505
0.571937918663,-0.000709697604179,1.52209436893,0.138132095337,0.0886762663722,0.705819070339,-0.689112305641
0.571026206017,0.00501281023026,1.52159404755,0.141892358661,0.0952311307192,0.705124258995,-0.688184261322
0.571026206017,0.00501281023026,1.52159404755,0.141892358661,0.0952311307192,0.705124258995,-0.688184261322
0.570192575455,0.0112824141979,1.52096891403,0.140541896224,0.0948280990124,0.702164888382,-0.691534459591
0.570192575455,0.0112824141979,1.52096891403,0.140541896224,0.0948280990124,0.702164888382,-0.691534459591
0.571478784084,0.0162661261857,1.52090060711,0.137885391712,0.106467396021,0.70136898756,-0.691183149815
0.571478784084,0.0162661261857,1.52090060711,0.137885391712,0.106467396021,0.70136898756,-0.691183149815
0.570351958275,0.022528950125,1.51993107796,0.137305527925,0.108021579683,0.698265492916,-0.694193065166
0.570351958275,0.022528950125,1.51993107796,0.137305527925,0.108021579683,0.698265492916,-0.694193065166
0.569666802883,0.0282569490373,1.51929974556,0.134552583098,0.107588276267,0.695057868958,-0.698007941246
0.569666802883,0.0282569490373,1.51929974556,0.134552583098,0.107588276267,0.695057868958,-0.698007941246
0.569411933422,0.0311728268862,1.51900279522,0.133515015244,0.107253320515,0.694721400738,-0.698593378067
0.569228887558,0.0338471308351,1.51861834526,0.132373794913,0.108591027558,0.693980634212,-0.699339807034
0.56924533844,0.0389982126653,1.51797497272,0.12955313921,0.111159428954,0.691228687763,-0.702184200287
0.569207370281,0.0414954163134,1.51776838303,0.128481373191,0.112236313522,0.689661383629,-0.70374917984
0.569207370281,0.0414954163134,1.51776838303,0.128481373191,0.112236313522,0.689661383629,-0.70374917984
0.569656014442,0.0435281544924,1.51789021492,0.128793463111,0.118770323694,0.688190042973,-0.704059958458
0.569843232632,0.0461187772453,1.51735174656,0.126540392637,0.118569068611,0.687668681145,-0.705011069775
0.570483744144,0.0505111142993,1.51713728905,0.121253207326,0.119891434908,0.683542847633,-0.709713339806
0.570483744144,0.0505111142993,1.51713728905,0.121253207326,0.119891434908,0.683542847633,-0.709713339806
0.570110082626,0.0531017705798,1.51685941219,0.122125767171,0.12064217031,0.683904409409,-0.709087848663
0.570399820805,0.0572304390371,1.51648759842,0.118852064013,0.122739993036,0.680908560753,-0.712160527706
0.570399820805,0.0572304390371,1.51648759842,0.118852064013,0.122739993036,0.680908560753,-0.712160527706
0.570609211922,0.0592745356262,1.51649355888,0.116945676506,0.124078296125,0.679376006126,-0.713706314564
0.570934534073,0.0614855922759,1.51659727097,0.113215439022,0.121316798031,0.679429829121,-0.714730501175
0.571221828461,0.0651699155569,1.51646637917,0.111299715936,0.123060747981,0.677496910095,-0.716565787792
0.571378171444,0.0674111098051,1.51632905006,0.107787564397,0.123547457159,0.67774194479,-0.716787219048
0.572128236294,0.0695342868567,1.51606965065,0.104102559388,0.126883357763,0.675969183445,-0.718421220779
0.572128236294,0.0695342868567,1.51606965065,0.104102559388,0.126883357763,0.675969183445,-0.718421220779
0.570817053318,0.0713627487421,1.51601815224,0.107067354023,0.123495496809,0.675208926201,-0.719290316105
0.571719825268,0.0730405151844,1.51601886749,0.103488020599,0.124329946935,0.676154077053,-0.718782365322
0.57191991806,0.0764007866383,1.51617312431,0.101786889136,0.127240240574,0.674169123173,-0.720378756523
0.57191991806,0.0764007866383,1.51617312431,0.101786889136,0.127240240574,0.674169123173,-0.720378756523
0.571735560894,0.0800915509462,1.51598262787,0.101534813643,0.124661751091,0.673632860184,-0.721366047859
0.571735560894,0.0800915509462,1.51598262787,0.101534813643,0.124661751091,0.673632860184,-0.721366047859
0.571674227715,0.0836871266365,1.5155069828,0.101376958191,0.124428190291,0.672136545181,-0.722822785378
0.571674227715,0.0836871266365,1.5155069828,0.101376958191,0.124428190291,0.672136545181,-0.722822785378
0.571405112743,0.0849556475878,1.51561498642,0.103129349649,0.124252401292,0.672021865845,-0.722711861134
0.572091042995,0.0882454365492,1.5152271986,0.102671705186,0.130231007934,0.670180797577,-0.723433554173
0.571431457996,0.0900259464979,1.51477062702,0.103063262999,0.124463506043,0.668361127377,-0.726071834564
0.571431457996,0.0900259464979,1.51477062702,0.103063262999,0.124463506043,0.668361127377,-0.726071834564
0.57140737772,0.0916266590357,1.51460647583,0.103313609958,0.124548077583,0.667283654213,-0.727012097836
0.571254193783,0.093085847795,1.51441895962,0.104357413948,0.124689124525,0.666123867035,-0.727901935577
0.571418046951,0.0959250852466,1.51407527924,0.104756727815,0.128205642104,0.663850128651,-0.729309558868
0.571327090263,0.097658008337,1.51380705833,0.105293035507,0.126178205013,0.66321182251,-0.730166077614
0.571803927422,0.0986855179071,1.51394605637,0.106311924756,0.133138224483,0.66183924675,-0.730027854443
0.571803927422,0.0986855179071,1.51394605637,0.106311924756,0.133138224483,0.66183924675,-0.730027854443
0.571009755135,0.100225061178,1.51354086399,0.107457980514,0.127718776464,0.6615858078,-0.731057465076
0.571283698082,0.101465776563,1.51340079308,0.106738455594,0.13119032979,0.659350156784,-0.732566356659
0.570942938328,0.10395667702,1.51308715343,0.108580052853,0.131987631321,0.657708823681,-0.733627200127
0.570942938328,0.10395667702,1.51308715343,0.108580052853,0.131987631321,0.657708823681,-0.733627200127
0.571380376816,0.106195792556,1.51308238506,0.110433273017,0.137775495648,0.658129751682,-0.731906950474
0.571380376816,0.106195792556,1.51308238506,0.110433273017,0.137775495648,0.658129751682,-0.731906950474
0.570322275162,0.108782820404,1.51228904724,0.111089907587,0.131975486875,0.656622469425,-0.734226465225
0.570266246796,0.109810188413,1.51220321655,0.111336186528,0.132611811161,0.656592547894,-0.734101176262
0.570266246796,0.109810188413,1.51220321655,0.111336186528,0.132611811161,0.656592547894,-0.734101176262
0.570873737335,0.111553534865,1.51203286648,0.104988455772,0.139602616429,0.66270005703,-0.728228867054
0.570038259029,0.112681344151,1.51226294041,0.112182945013,0.13721896708,0.654001057148,-0.735437631607
0.570038259029,0.112681344151,1.51226294041,0.112182945013,0.13721896708,0.654001057148,-0.735437631607
0.569724857807,0.113863736391,1.51202058792,0.112353876233,0.13515368104,0.655080974102,-0.734832644463
0.56996512413,0.115104913712,1.51180565357,0.113160140812,0.141968756914,0.654775083065,-0.733695745468
0.568993508816,0.11612931639,1.51160693169,0.11295516789,0.136541768909,0.655094563961,-0.734471738338
0.568993508816,0.11612931639,1.51160693169,0.11295516789,0.136541768909,0.655094563961,-0.734471738338
0.569094479084,0.116712346673,1.51200079918,0.112579315901,0.140832945704,0.65340334177,-0.735225200653
0.56876206398,0.117385663092,1.5118881464,0.112480826676,0.141211822629,0.653075695038,-0.735458850861
0.568335592747,0.118095874786,1.51179850101,0.113284595311,0.139223814011,0.654314041138,-0.734613239765
0.56800276041,0.11949954927,1.51170492172,0.111482344568,0.140538483858,0.654544234276,-0.734433472157
0.56800276041,0.11949954927,1.51170492172,0.111482344568,0.140538483858,0.654544234276,-0.734433472157
0.567649781704,0.119942262769,1.51149785519,0.111826077104,0.140284091234,0.654674172401,-0.734314024448
0.56720495224,0.120337322354,1.51161682606,0.111645698547,0.140859544277,0.654738545418,-0.734173953533
0.566938638687,0.120692357421,1.51136219501,0.111443497241,0.140400990844,0.654257655144,-0.734720945358
0.566756248474,0.121133193374,1.51154148579,0.110962338746,0.141069680452,0.65413326025,-0.734776496887
0.566594362259,0.121587112546,1.51148915291,0.110536240041,0.141650944948,0.654145181179,-0.734718203545
0.566047012806,0.122210621834,1.51155221462,0.109665028751,0.141851589084,0.654398262501,-0.734584748745
0.566047012806,0.122210621834,1.51155221462,0.109665028751,0.141851589084,0.654398262501,-0.734584748745
0.565644025803,0.121978119016,1.5119920969,0.110036455095,0.145373925567,0.651533901691,-0.736384391785
0.565644025803,0.121978119016,1.5119920969,0.110036455095,0.145373925567,0.651533901691,-0.736384391785
0.565655469894,0.122151069343,1.51218903065,0.109191171825,0.147831514478,0.651951432228,-0.735651016235
0.565655469894,0.122151069343,1.51218903065,0.109191171825,0.147831514478,0.651951432228,-0.735651016235
0.564526498318,0.122411519289,1.51199185848,0.10831207037,0.140668064356,0.652164041996,-0.736995875835
0.564526498318,0.122411519289,1.51199185848,0.10831207037,0.140668064356,0.652164041996,-0.736995875835
0.564461290836,0.122324079275,1.51213252544,0.107681699097,0.139869734645,0.651835739613,-0.737530529499
0.564281523228,0.122033253312,1.51235878468,0.106901019812,0.139395698905,0.651308119297,-0.738199651241
0.564090490341,0.1215185076,1.51273941994,0.104998461902,0.137738630176,0.65129673481,-0.738793492317
0.564090490341,0.1215185076,1.51273941994,0.104998461902,0.137738630176,0.65129673481,-0.738793492317
0.564881980419,0.120591312647,1.5137257576,0.101599559188,0.14270503819,0.65071284771,-0.738840639591
0.564097344875,0.120151698589,1.51349580288,0.100936956704,0.13485878706,0.650891780853,-0.740246415138
0.564097344875,0.120151698589,1.51349580288,0.100936956704,0.13485878706,0.650891780853,-0.740246415138
0.564405918121,0.119441002607,1.51388609409,0.0983330979943,0.136199459434,0.649445831776,-0.741620123386
0.563933730125,0.118212737143,1.51415991783,0.0960258245468,0.129557430744,0.65212816,-0.740758240223
0.564276218414,0.117206394672,1.51463150978,0.0930490121245,0.130554169416,0.650434017181,-0.742450654507
0.564051270485,0.116622447968,1.514752388,0.0910897031426,0.125429555774,0.652875721455,-0.741433441639
0.564051270485,0.116622447968,1.514752388,0.0910897031426,0.125429555774,0.652875721455,-0.741433441639
0.564186275005,0.115731179714,1.51511001587,0.0881715193391,0.123251631856,0.653541088104,-0.741565227509
0.564235270023,0.114631220698,1.51545703411,0.0859008133411,0.121065601707,0.654001891613,-0.74178558588
0.565043091774,0.11327855289,1.51606667042,0.0829660370946,0.124745681882,0.65482032299,-0.740787148476
0.564730882645,0.112300544977,1.51657891273,0.0798716694117,0.118963502347,0.653841018677,-0.742940187454
0.565396010876,0.109584361315,1.5170955658,0.0745468437672,0.115970827639,0.657543063164,-0.740696251392
0.565396010876,0.109584361315,1.5170955658,0.0745468437672,0.115970827639,0.657543063164,-0.740696251392
0.564853131771,0.10921446979,1.51699113846,0.0668726563454,0.10654669255,0.66368162632,-0.737361907959
0.565213024616,0.106853455305,1.51786851883,0.0697046071291,0.106137119234,0.657567024231,-0.742618262768
0.565999031067,0.104543551803,1.51817238331,0.0592131614685,0.100865706801,0.66507434845,-0.737560927868
0.565802872181,0.10238481313,1.51875650883,0.0624495483935,0.0936506837606,0.658923387527,-0.743740320206
0.565767526627,0.101679563522,1.51875591278,0.0554001182318,0.0868967399001,0.666506230831,-0.738342344761
0.565767526627,0.101679563522,1.51875591278,0.0554001182318,0.0868967399001,0.666506230831,-0.738342344761
0.566286981106,0.097990244627,1.51949226856,0.0521013438702,0.0780040100217,0.666422843933,-0.739649474621
0.566286981106,0.097990244627,1.51949226856,0.0521013438702,0.0780040100217,0.666422843933,-0.739649474621
0.566946983337,0.0958010181785,1.52009236813,0.0539545230567,0.0763773322105,0.659523785114,-0.74584454298
0.566937208176,0.0935302600265,1.52087581158,0.0546607859433,0.0720900520682,0.659965574741,-0.745828866959
0.565901637077,0.0920714363456,1.52052974701,0.0565455369651,0.0615556798875,0.661090612411,-0.745635807514
0.567620933056,0.0883851721883,1.52119958401,0.0472686439753,0.0570340193808,0.666545569897,-0.741774857044
0.567620933056,0.0883851721883,1.52119958401,0.0472686439753,0.0570340193808,0.666545569897,-0.741774857044
0.568459868431,0.0860952138901,1.52174115181,0.0488198548555,0.0560179762542,0.660072863102,-0.747517585754
0.567224979401,0.0846912413836,1.52159678936,0.047643661499,0.0461446903646,0.665737867355,-0.743232011795
0.568997979164,0.0814716666937,1.52276444435,0.048953525722,0.0487773045897,0.660187125206,-0.747915387154
0.568979382515,0.0794732943177,1.52288925648,0.0489195883274,0.0426273085177,0.661242604256,-0.74736058712
0.569410562515,0.0780973881483,1.52284431458,0.0411789752543,0.0411006994545,0.667740941048,-0.742116689682
0.569339811802,0.0734629184008,1.5235145092,0.0458083897829,0.0315117761493,0.662788510323,-0.746739625931
0.569339811802,0.0734629184008,1.5235145092,0.0458083897829,0.0315117761493,0.662788510323,-0.746739625931
0.571214616299,0.0705830156803,1.52421760559,0.0448882095516,0.034574393183,0.662594139576,-0.746832370758
0.571124911308,0.0682051032782,1.52447032928,0.0441077873111,0.0289052538574,0.660813331604,-0.748695373535
0.572052240372,0.0639352947474,1.52489924431,0.0413988754153,0.0227915160358,0.661228954792,-0.748694181442
0.572052240372,0.0639352947474,1.52489924431,0.0413988754153,0.0227915160358,0.661228954792,-0.748694181442
0.572804331779,0.0592033900321,1.52520430088,0.0377065651119,0.0173663441092,0.663733303547,-0.746816396713
0.572804331779,0.0592033900321,1.52520430088,0.0377065651119,0.0173663441092,0.663733303547,-0.746816396713
0.573784410954,0.0542982667685,1.52568483353,0.0379051193595,0.0127181047574,0.664516031742,-0.74620372057
0.573784410954,0.0542982667685,1.52568483353,0.0379051193595,0.0127181047574,0.664516031742,-0.74620372057
0.573879718781,0.0494289398193,1.52593278885,0.0348616875708,0.00421196687967,0.665139019489,-0.745893359184
0.573879718781,0.0494289398193,1.52593278885,0.0348616875708,0.00421196687967,0.665139019489,-0.745893359184
0.57464081049,0.0441756546497,1.52632689476,0.0352705940604,-0.00100384338293,0.664591908455,-0.746372938156
0.57464081049,0.0441756546497,1.52632689476,0.0352705940604,-0.00100384338293,0.664591908455,-0.746372938156
0.574667870998,0.0419905781746,1.52636027336,0.0325107462704,-0.00596087519079,0.665449261665,-0.745710968971
0.575026273727,0.0390759333968,1.52654278278,0.0317758508027,-0.00831127818674,0.666257679462,-0.744997918606
0.575790047646,0.0338973253965,1.52669334412,0.0299252942204,-0.0145606417209,0.66689991951,-0.744403839111
0.575790047646,0.0338973253965,1.52669334412,0.0299252942204,-0.0145606417209,0.66689991951,-0.744403839111
0.575966358185,0.0309848133475,1.52643764019,0.0293144639581,-0.0175179038197,0.666778385639,-0.744473278522
0.576457858086,0.0284969117492,1.52657175064,0.0285656061023,-0.0186102762818,0.668534100056,-0.7428997159
0.575587153435,0.0254393443465,1.52698945999,0.0299126580358,-0.0253671184182,0.666717648506,-0.744277715683
0.575846195221,0.0204012431204,1.52676725388,0.0258451197296,-0.0316958092153,0.667832732201,-0.743186891079
0.575846195221,0.0204012431204,1.52676725388,0.0258451197296,-0.0316958092153,0.667832732201,-0.743186891079
0.576252758503,0.0175070185214,1.52694892883,0.0239751189947,-0.0333690643311,0.668241143227,-0.742809176445
0.57683634758,0.0126791652292,1.5270922184,0.0153538221493,-0.0377586819232,0.676516890526,-0.735298275948
0.57683634758,0.0126791652292,1.5270922184,0.0153538221493,-0.0377586819232,0.676516890526,-0.735298275948
0.577941834927,0.00574265792966,1.52784729004,0.0162299312651,-0.0392141491175,0.672227680683,-0.739127099514
0.577941834927,0.00574265792966,1.52784729004,0.0162299312651,-0.0392141491175,0.672227680683,-0.739127099514
0.57834982872,0.000738749280572,1.52823340893,0.00856570340693,-0.0427712909877,0.679520189762,-0.732358932495
0.580072879791,-0.00364477187395,1.52809906006,0.00927298609167,-0.0398126319051,0.674991846085,-0.736691951752
0.580072879791,-0.00364477187395,1.52809906006,0.00927298609167,-0.0398126319051,0.674991846085,-0.736691951752
0.580475628376,-0.00674358941615,1.5282946825,0.00782720465213,-0.0408482849598,0.675976276398,-0.735748887062
0.58003205061,-0.0117504242808,1.52886295319,0.00297314510681,-0.0472146868706,0.682715773582,-0.729151129723
0.58003205061,-0.0117504242808,1.52886295319,0.00297314510681,-0.0472146868706,0.682715773582,-0.729151129723
0.579732358456,-0.0202243588865,1.52888000011,0.0120035866275,-0.0494682081044,0.677247226238,-0.733992516994
0.579732358456,-0.0202243588865,1.52888000011,0.0120035866275,-0.0494682081044,0.677247226238,-0.733992516994
0.580766379833,-0.0264935344458,1.52927076817,0.0092447148636,-0.0517173670232,0.678655445576,-0.73257547617
0.580766379833,-0.0264935344458,1.52927076817,0.0092447148636,-0.0517173670232,0.678655445576,-0.73257547617
0.581123352051,-0.0297597553581,1.52913999557,0.00848602503538,-0.0535230971873,0.678722977638,-0.732392251492
0.581878006458,-0.03629925102,1.52957010269,0.00720997853205,-0.0564222373068,0.679157793522,-0.731785058975
0.582556664944,-0.0397236607969,1.52931368351,0.00617076409981,-0.0575676560402,0.680015742779,-0.730908036232
0.582963645458,-0.0429110042751,1.52976179123,0.00569771137089,-0.0587959140539,0.680156290531,-0.730683267117
0.583428800106,-0.0463915988803,1.52971470356,0.00559240533039,-0.0603600144386,0.680546581745,-0.730192899704
0.583428800106,-0.0463915988803,1.52971470356,0.00559240533039,-0.0603600144386,0.680546581745,-0.730192899704
0.583942651749,-0.0497618429363,1.52947437763,0.00503886770457,-0.0618884004653,0.680501103401,-0.73011136055
0.584371626377,-0.0530758686364,1.52951753139,0.00495008239523,-0.0632906258106,0.680853903294,-0.729662716389
0.585031151772,-0.0564933270216,1.53000640869,0.00389592722058,-0.0640088096261,0.681349813938,-0.729143559933
0.585967183113,-0.0631873682141,1.53017139435,0.00290048052557,-0.0665478333831,0.681836128235,-0.728465795517
0.586591601372,-0.0667175576091,1.52987706661,0.00284500955604,-0.0676429197192,0.681913137436,-0.728293061256
0.586591601372,-0.0667175576091,1.52987706661,0.00284500955604,-0.0676429197192,0.681913137436,-0.728293061256
0.587084949017,-0.0700909271836,1.53025007248,0.00240972498432,-0.068968616426,0.682024717331,-0.728065848351
0.587647080421,-0.0734592378139,1.53034937382,0.00203009950928,-0.0700522214174,0.682305157185,-0.727700710297
0.588586747646,-0.0802103057504,1.53048038483,0.00148627278395,-0.0727453678846,0.682088792324,-0.727640509605
0.589230418205,-0.0836602151394,1.53013324738,0.00102094863541,-0.0740832686424,0.681939184666,-0.727646708488
0.589771449566,-0.0870058089495,1.53048884869,0.000870646617841,-0.0749431475997,0.68203753233,-0.727466642857
0.589771449566,-0.0870058089495,1.53048884869,0.000870646617841,-0.0749431475997,0.68203753233,-0.727466642857
0.591735839844,-0.0925357937813,1.53044259548,-0.00507548870519,-0.0781065449119,0.682052433491,-0.727102577686
0.591735839844,-0.0925357937813,1.53044259548,-0.00507548870519,-0.0781065449119,0.682052433491,-0.727102577686
0.592920482159,-0.0990355089307,1.53057062626,-0.00577163975686,-0.0801770165563,0.681726574898,-0.727177619934
0.592920482159,-0.0990355089307,1.53057062626,-0.00577163975686,-0.0801770165563,0.681726574898,-0.727177619934
0.592805564404,-0.105990312994,1.52979493141,-0.00187531148549,-0.0841445028782,0.680033504963,-0.728334188461
0.592805564404,-0.105990312994,1.52979493141,-0.00187531148549,-0.0841445028782,0.680033504963,-0.728334188461
0.594534635544,-0.112156845629,1.52975845337,-0.00327469175681,-0.0845988020301,0.679879069328,-0.728420853615
0.595682442188,-0.114631071687,1.5300154686,-0.00628414936364,-0.0854288488626,0.67949873209,-0.728658974171
0.595682442188,-0.114631071687,1.5300154686,-0.00628414936364,-0.0854288488626,0.67949873209,-0.728658974171
0.595004320145,-0.118170119822,1.52975320816,-0.00170603662264,-0.0878157317638,0.677978038788,-0.729815900326
0.595497965813,-0.121154159307,1.52968776226,-0.00106349564157,-0.0885275304317,0.677480578423,-0.730193138123
0.59605973959,-0.124138407409,1.5298435688,-0.000186400167877,-0.0888122171164,0.676856517792,-0.730737864971
0.59658318758,-0.127063453197,1.53014421463,-0.000453541229945,-0.0885920450091,0.675728857517,-0.731807231903
0.597330152988,-0.129835322499,1.52986645699,-0.000284480047412,-0.0890868082643,0.675325095654,-0.732119977474
0.598220169544,-0.132499083877,1.53003525734,-0.000240340450546,-0.0887010544538,0.675264537334,-0.732222616673
0.598435163498,-0.135375872254,1.52993619442,0.00204001460224,-0.0898301452398,0.674379646778,-0.732897281647
0.598864793777,-0.137860253453,1.52999401093,0.00414110347629,-0.090932495892,0.674686968327,-0.732469558716
0.599631309509,-0.14074280858,1.53004550934,0.0035277386196,-0.0900081917644,0.673506736755,-0.73367202282
0.600166857243,-0.143178164959,1.5301514864,0.00496525410563,-0.0902086645365,0.672635495663,-0.734438121319
0.60110616684,-0.145699799061,1.53024852276,0.00526589574292,-0.0891761183739,0.672231078148,-0.73493206501
0.601739943027,-0.148312956095,1.53022706509,0.00693928962573,-0.0887868851423,0.671796560287,-0.73536247015
0.601983189583,-0.150722414255,1.53033816814,0.00995889399201,-0.090416058898,0.671494066715,-0.735405683517
0.602491676807,-0.153207451105,1.53027403355,0.0103634791449,-0.0895869508386,0.670096874237,-0.736774623394
0.603505551815,-0.155436828732,1.53036737442,0.010190166533,-0.0885878950357,0.669876515865,-0.737098276615
0.604381203651,-0.160187453032,1.53037154675,0.0139029817656,-0.0887929350138,0.668578088284,-0.738190829754
0.605206787586,-0.162586316466,1.53087222576,0.0150215942413,-0.0872976779938,0.668347656727,-0.738555908203
0.606062114239,-0.1645719558,1.53075277805,0.0147228268906,-0.0864936485887,0.667978465557,-0.738990426064
0.606062114239,-0.1645719558,1.53075277805,0.0147228268906,-0.0864936485887,0.667978465557,-0.738990426064
0.606791496277,-0.16885009408,1.53064417839,0.0194869302213,-0.0873322933912,0.666925370693,-0.739732384682
0.606791496277,-0.16885009408,1.53064417839,0.0194869302213,-0.0873322933912,0.666925370693,-0.739732384682
0.607412099838,-0.170833259821,1.53051066399,0.0208332948387,-0.0869283974171,0.666415929794,-0.740202248096
0.60825997591,-0.172994047403,1.53065180779,0.0216723717749,-0.0857932046056,0.665871083736,-0.740800559521
0.609455943108,-0.176661744714,1.53004252911,0.0231953784823,-0.0850284621119,0.664561510086,-0.742017626762
0.609455943108,-0.176661744714,1.53004252911,0.0231953784823,-0.0850284621119,0.664561510086,-0.742017626762
0.610137522221,-0.178617626429,1.53003287315,0.024772003293,-0.0835847780108,0.664288282394,-0.742375254631
0.611043095589,-0.180395960808,1.52982056141,0.0253937393427,-0.0824836790562,0.664033830166,-0.742704927921
0.612026035786,-0.183894336224,1.52980136871,0.0278902668506,-0.0812126249075,0.662580728531,-0.744052052498
0.612026035786,-0.183894336224,1.52980136871,0.0278902668506,-0.0812126249075,0.662580728531,-0.744052052498
0.612483918667,-0.185663253069,1.52978515625,0.0294839348644,-0.0805393233895,0.662150800228,-0.744446396828
0.612926661968,-0.187321588397,1.52964627743,0.0306671205908,-0.0799321904778,0.661652088165,-0.744907438755
0.613627970219,-0.190614804626,1.52917766571,0.0336022637784,-0.0790463909507,0.660595476627,-0.745812475681
0.613627970219,-0.190614804626,1.52917766571,0.0336022637784,-0.0790463909507,0.660595476627,-0.745812475681
0.613990962505,-0.192236512899,1.52917015553,0.0352035947144,-0.0784568190575,0.660017907619,-0.746312081814
0.614004790783,-0.193721547723,1.52904713154,0.0369096621871,-0.0787504985929,0.659505963326,-0.746651113033
0.614608764648,-0.196843832731,1.52879583836,0.0397935695946,-0.07788169384,0.658684551716,-0.747318983078
0.614608764648,-0.196843832731,1.52879583836,0.0397935695946,-0.07788169384,0.658684551716,-0.747318983078
0.614766180515,-0.199657872319,1.52813076973,0.0424260012805,-0.0785841196775,0.657631754875,-0.74802750349
0.614766180515,-0.199657872319,1.52813076973,0.0424260012805,-0.0785841196775,0.657631754875,-0.74802750349
0.614340484142,-0.201225966215,1.52793669701,0.0449384152889,-0.0796284675598,0.65650677681,-0.748758137226
0.615024745464,-0.20228600502,1.52787983418,0.0444927550852,-0.0786151960492,0.656073510647,-0.749271333218
0.615154385567,-0.205096796155,1.52756774426,0.0472453720868,-0.0788317248225,0.654296576977,-0.750632762909
0.615154385567,-0.205096796155,1.52756774426,0.0472453720868,-0.0788317248225,0.654296576977,-0.750632762909
0.615405440331,-0.206502363086,1.52743411064,0.0484971217811,-0.0781219676137,0.653483629227,-0.751334965229
0.615400016308,-0.207718327641,1.52732014656,0.0497201792896,-0.0782335698605,0.652242183685,-0.752321541309
0.61525195837,-0.210116237402,1.52728223801,0.052250970155,-0.0782881826162,0.648812353611,-0.755104899406
0.61525195837,-0.210116237402,1.52728223801,0.052250970155,-0.0782881826162,0.648812353611,-0.755104899406
0.614461123943,-0.212229341269,1.52720737457,0.0560022257268,-0.0796393752098,0.644271373749,-0.758574962616
0.614461123943,-0.212229341269,1.52720737457,0.0560022257268,-0.0796393752098,0.644271373749,-0.758574962616
0.614414930344,-0.213375940919,1.52706599236,0.0571109242737,-0.0794858336449,0.642037630081,-0.760399878025
0.614792525768,-0.214496716857,1.52710545063,0.0577608607709,-0.0776208117604,0.639980018139,-0.762275755405
0.614410758018,-0.215428948402,1.52716779709,0.0594089925289,-0.0775867030025,0.637280702591,-0.7644110322
0.614129662514,-0.216406002641,1.52710735798,0.0610277913511,-0.0773285999894,0.63446354866,-0.766649782658
0.614048242569,-0.217819273472,1.52767539024,0.0636721104383,-0.0761305391788,0.631286323071,-0.769173383713
0.613611221313,-0.218757048249,1.52750766277,0.0654059499502,-0.0760455578566,0.62834239006,-0.771443426609
0.613685190678,-0.219561100006,1.52777099609,0.0665036067367,-0.0747005268931,0.62578111887,-0.77356004715
0.614268839359,-0.220975205302,1.52787184715,0.0648636892438,-0.0693317651749,0.62093603611,-0.778090178967
0.613042414188,-0.221334472299,1.52780532837,0.0692296549678,-0.0734567791224,0.619438827038,-0.778528690338
0.613744080067,-0.222186923027,1.52779304981,0.0662109926343,-0.0681192502379,0.614982485771,-0.78279787302
0.612767994404,-0.223498612642,1.52798938751,0.0713366344571,-0.0700116455555,0.61097830534,-0.785311996937
0.612767994404,-0.223498612642,1.52798938751,0.0713366344571,-0.0700116455555,0.61097830534,-0.785311996937
0.61131554842,-0.22476066649,1.52804470062,0.0749249011278,-0.0706696659327,0.604333877563,-0.790045917034
0.61131554842,-0.22476066649,1.52804470062,0.0749249011278,-0.0706696659327,0.604333877563,-0.790045917034
0.610635995865,-0.226074278355,1.5273822546,0.076440051198,-0.0696495100856,0.598756015301,-0.794227421284
0.610635995865,-0.226074278355,1.5273822546,0.076440051198,-0.0696495100856,0.598756015301,-0.794227421284
0.610403001308,-0.226755172014,1.52728533745,0.0712543576956,-0.0655014812946,0.595567345619,-0.797453343868
0.610403001308,-0.226755172014,1.52728533745,0.0712543576956,-0.0655014812946,0.595567345619,-0.797453343868
0.6097266078,-0.22733335197,1.52715563774,0.0730919241905,-0.0657212734222,0.592376589775,-0.79964274168
0.6097266078,-0.22733335197,1.52715563774,0.0730919241905,-0.0657212734222,0.592376589775,-0.79964274168
0.609356462955,-0.227882325649,1.52737307549,0.0714946687222,-0.0639396905899,0.588030695915,-0.803131461143
0.607598125935,-0.228466540575,1.52737867832,0.076331935823,-0.0666960701346,0.585128009319,-0.804580807686
0.607598125935,-0.228466540575,1.52737867832,0.076331935823,-0.0666960701346,0.585128009319,-0.804580807686
0.607100725174,-0.229218438268,1.52732050419,0.0769629701972,-0.0641043335199,0.581101357937,-0.807643890381
0.607100725174,-0.229218438268,1.52732050419,0.0769629701972,-0.0641043335199,0.581101357937,-0.807643890381
0.606807291508,-0.230049982667,1.52722144127,0.0766470432281,-0.0609600171447,0.576598465443,-0.811137080193
0.606275737286,-0.230403125286,1.52720546722,0.0779051408172,-0.0601590424776,0.574705421925,-0.81241953373
0.605692446232,-0.230751127005,1.52713084221,0.0792717263103,-0.0593083538115,0.572841823101,-0.813665032387
0.605537056923,-0.231696620584,1.52730762959,0.0802283510566,-0.0541325137019,0.570413172245,-0.815635919571
0.605537056923,-0.231696620584,1.52730762959,0.0802283510566,-0.0541325137019,0.570413172245,-0.815635919571
0.603616535664,-0.23205769062,1.52731907368,0.0847714170814,-0.0543813928962,0.565323233604,-0.818697810173
0.603241622448,-0.231956481934,1.5272629261,0.0844013094902,-0.0528742484748,0.565066576004,-0.819011986256
0.603241622448,-0.231956481934,1.5272629261,0.0844013094902,-0.0528742484748,0.565066576004,-0.819011986256
0.60225635767,-0.232407137752,1.52732944489,0.0885023325682,-0.0524664781988,0.563665747643,-0.819570302963
0.601564884186,-0.232321470976,1.52729511261,0.0886239409447,-0.0521743670106,0.56237077713,-0.820464968681
0.60038459301,-0.232693687081,1.52747392654,0.0918502807617,-0.0495969951153,0.559824049473,-0.822010159492
0.600262522697,-0.232751652598,1.52752768993,0.092339605093,-0.047274582088,0.558345794678,-0.823096871376
0.600262522697,-0.232751652598,1.52752768993,0.092339605093,-0.047274582088,0.558345794678,-0.823096871376
0.599470794201,-0.232662767172,1.52724909782,0.0935552045703,-0.0466368496418,0.557585656643,-0.823511183262
0.599310100079,-0.232925340533,1.52736151218,0.0943219959736,-0.043554905802,0.557367801666,-0.823739945889
0.597149014473,-0.232616126537,1.52771997452,0.0993762612343,-0.0436968579888,0.555191814899,-0.82460719347
0.597149014473,-0.232616126537,1.52771997452,0.0993762612343,-0.0436968579888,0.555191814899,-0.82460719347
0.595371246338,-0.23309969902,1.5277210474,0.106491558254,-0.0404032170773,0.553847670555,-0.824790775776
0.595371246338,-0.23309969902,1.5277210474,0.106491558254,-0.0404032170773,0.553847670555,-0.824790775776
0.595237135887,-0.23280018568,1.52779507637,0.10665500164,-0.0372770912945,0.55357414484,-0.82510048151
0.594645261765,-0.232536375523,1.52780175209,0.108178257942,-0.0359227657318,0.553403496742,-0.825076758862
0.593615412712,-0.232136011124,1.52790939808,0.110843665898,-0.0348996631801,0.55296176672,-0.825063049793
0.593556165695,-0.231833487749,1.52789258957,0.111453734338,-0.0317566767335,0.552960515022,-0.825108647346
0.592362761497,-0.230961099267,1.52780342102,0.11574793607,-0.0275624562055,0.553130924702,-0.824553787708
0.592284917831,-0.230294600129,1.52779090405,0.116958446801,-0.0238536838442,0.553827881813,-0.824030637741
0.592284917831,-0.230294600129,1.52779090405,0.116958446801,-0.0238536838442,0.553827881813,-0.824030637741
0.591594219208,-0.228792279959,1.52768337727,0.121720857918,-0.0176805425435,0.555611789227,-0.822293698788
0.5910602808,-0.228157639503,1.52769088745,0.1252386868,-0.0152565483004,0.556368529797,-0.821301758289
0.5910602808,-0.228157639503,1.52769088745,0.1252386868,-0.0152565483004,0.556368529797,-0.821301758289
0.590805649757,-0.22746270895,1.52760744095,0.128555163741,-0.0115535212681,0.557211518288,-0.820277631283
0.590334415436,-0.226273342967,1.52744281292,0.132641419768,-0.0105002829805,0.560907542706,-0.817116141319
0.591335475445,-0.225778162479,1.52749097347,0.132569909096,-0.00209837593138,0.560617744923,-0.817391335964
0.591178119183,-0.224847212434,1.52740204334,0.136059507728,0.00142592890188,0.562068283558,-0.815821766853
0.590192615986,-0.224085897207,1.52737128735,0.146842047572,0.000234596082009,0.558920800686,-0.816115796566
0.591134727001,-0.222297906876,1.52734911442,0.150222674012,0.0106330672279,0.560335636139,-0.814459383488
0.590820968151,-0.220951259136,1.52722525597,0.15442815423,0.0115637276322,0.563842594624,-0.811233580112
0.590820968151,-0.220951259136,1.52722525597,0.15442815423,0.0115637276322,0.563842594624,-0.811233580112
0.589940309525,-0.218095585704,1.52687120438,0.160695701838,0.0128241451457,0.566141307354,-0.808391332626
0.589940309525,-0.218095585704,1.52687120438,0.160695701838,0.0128241451457,0.566141307354,-0.808391332626
0.590904116631,-0.216023385525,1.52697134018,0.164020821452,0.0203052591532,0.56761276722,-0.806536257267
0.590904116631,-0.216023385525,1.52697134018,0.164020821452,0.0203052591532,0.56761276722,-0.806536257267
0.590139865875,-0.212969645858,1.52687072754,0.169368028641,0.0208356957883,0.569401860237,-0.804152905941
0.590139865875,-0.212969645858,1.52687072754,0.169368028641,0.0208356957883,0.569401860237,-0.804152905941
0.590802609921,-0.21033988893,1.52639389038,0.171300530434,0.0225905906409,0.573271155357,-0.800940752029
0.590802609921,-0.21033988893,1.52639389038,0.171300530434,0.0225905906409,0.573271155357,-0.800940752029
0.589929044247,-0.207220390439,1.52654230595,0.176389813423,0.0211483985186,0.574052989483,-0.79931384325
0.589929044247,-0.207220390439,1.52654230595,0.176389813423,0.0211483985186,0.574052989483,-0.79931384325
0.590794920921,-0.20617942512,1.52643501759,0.17615352571,0.0247220769525,0.574928820133,-0.798633635044
0.590976774693,-0.203315168619,1.52642059326,0.178254276514,0.0264218822122,0.575143158436,-0.797958374023
0.590976774693,-0.203315168619,1.52642059326,0.178254276514,0.0264218822122,0.575143158436,-0.797958374023
0.591065406799,-0.201824307442,1.52617251873,0.17872799933,0.0268259383738,0.575629889965,-0.797487914562
0.590169548988,-0.20010393858,1.5259847641,0.181389570236,0.0242431666702,0.575284361839,-0.7972189188
0.59025490284,-0.198706448078,1.52584731579,0.182726696134,0.0251676179469,0.575702250004,-0.796582996845
0.591135084629,-0.197472989559,1.52575671673,0.181806817651,0.0277312174439,0.575604140759,-0.796779215336
0.590400099754,-0.195770382881,1.52573168278,0.184234574437,0.0259111821651,0.574936628342,-0.796764850616
0.591216385365,-0.194649875164,1.52561330795,0.183947727084,0.0289523378015,0.575022816658,-0.796664178371
0.590375304222,-0.192743033171,1.52531456947,0.185606762767,0.0261672958732,0.574987053871,-0.796401441097
0.591121256351,-0.190156012774,1.52537059784,0.186410903931,0.0301060844213,0.574442505836,-0.796467483044
0.591121256351,-0.190156012774,1.52537059784,0.186410903931,0.0301060844213,0.574442505836,-0.796467483044
0.591058492661,-0.187120854855,1.52500998974,0.187766000628,0.0307832583785,0.574408888817,-0.796147465706
0.591058492661,-0.187120854855,1.52500998974,0.187766000628,0.0307832583785,0.574408888817,-0.796147465706
0.591010332108,-0.185460731387,1.52491378784,0.187507972121,0.0316742956638,0.574715077877,-0.795952379704
0.590938568115,-0.183972597122,1.52481937408,0.188345685601,0.0321975424886,0.574217200279,-0.796092748642
0.590806543827,-0.180627554655,1.52457463741,0.187887266278,0.0337345562875,0.575170695782,-0.795449018478
0.590806543827,-0.180627554655,1.52457463741,0.187887266278,0.0337345562875,0.575170695782,-0.795449018478
0.589727044106,-0.17693322897,1.52401947975,0.189335927367,0.0317734889686,0.576199710369,-0.794440865517
0.589727044106,-0.17693322897,1.52401947975,0.189335927367,0.0317734889686,0.576199710369,-0.794440865517
0.590346395969,-0.174048498273,1.52405047417,0.188849508762,0.0369024537504,0.577756404877,-0.793203413486
0.590186774731,-0.172304868698,1.52393305302,0.188770309091,0.0383692234755,0.579066634178,-0.792196571827
0.590186774731,-0.172304868698,1.52393305302,0.188770309091,0.0383692234755,0.579066634178,-0.792196571827
0.589948117733,-0.168977215886,1.52365982533,0.188708335161,0.0412252917886,0.582938015461,-0.789223015308
0.589735090733,-0.167163267732,1.5235029459,0.188581973314,0.0423204004765,0.585342466831,-0.787413597107
0.589735090733,-0.167163267732,1.5235029459,0.188581973314,0.0423204004765,0.585342466831,-0.787413597107
0.5893663764,-0.165245041251,1.52349567413,0.188995197415,0.0435441844165,0.588915288448,-0.784578561783
0.588511824608,-0.162993103266,1.52304327488,0.189593598247,0.0429950729012,0.592184126377,-0.781999766827
0.589016973972,-0.158880189061,1.5228022337,0.186169147491,0.0499535277486,0.601642429829,-0.775159418583
0.589016973972,-0.158880189061,1.5228022337,0.186169147491,0.0499535277486,0.601642429829,-0.775159418583
0.58838057518,-0.155255556107,1.52272987366,0.186909213662,0.0538858957589,0.612038195133,-0.766531467438
0.587721943855,-0.15245193243,1.52239620686,0.185646027327,0.053164690733,0.618124246597,-0.761991739273
0.587721943855,-0.15245193243,1.52239620686,0.185646027327,0.053164690733,0.618124246597,-0.761991739273
0.588839769363,-0.15015026927,1.52218687534,0.181017801166,0.0587724596262,0.624587237835,-0.757409512997
0.587618410587,-0.148182019591,1.52217745781,0.18377494812,0.0584927238524,0.631401956081,-0.751090466976
0.587759613991,-0.146251991391,1.52266526222,0.182105004787,0.0617470778525,0.638103961945,-0.745552480221
0.587683618069,-0.144071131945,1.52259230614,0.181111946702,0.0638606250286,0.645001173019,-0.73965793848
0.588279247284,-0.141542211175,1.52268791199,0.17753636837,0.0681070461869,0.651739299297,-0.734219372272
0.588104069233,-0.137553781271,1.52288508415,0.17713072896,0.0722574964166,0.664278566837,-0.722590863705
0.588104069233,-0.137553781271,1.52288508415,0.17713072896,0.0722574964166,0.664278566837,-0.722590863705
0.588409125805,-0.133428707719,1.52313971519,0.175213426352,0.074879527092,0.676450788975,-0.711412489414
0.588409125805,-0.133428707719,1.52313971519,0.175213426352,0.074879527092,0.676450788975,-0.711412489414
0.58868342638,-0.128725662827,1.52331149578,0.173519700766,0.0725930556655,0.687791347504,-0.70111644268
0.58868342638,-0.128725662827,1.52331149578,0.173519700766,0.0725930556655,0.687791347504,-0.70111644268
0.588527560234,-0.12693528831,1.52365982533,0.175664931536,0.0723622515798,0.691793322563,-0.696654558182
0.588938593864,-0.124794855714,1.52396869659,0.175210267305,0.0724081546068,0.695291399956,-0.693273663521
0.590065777302,-0.12067951262,1.52462291718,0.173678308725,0.0757446214557,0.697780549526,-0.690797328949
0.590778529644,-0.11855699867,1.5251506567,0.173385575414,0.0759822428226,0.700206041336,-0.688386201859
0.590778529644,-0.11855699867,1.5251506567,0.173385575414,0.0759822428226,0.700206041336,-0.688386201859
0.591401875019,-0.116512089968,1.52604031563,0.173977479339,0.0770275145769,0.70160317421,-0.686696171761
0.59209895134,-0.11430157721,1.5259449482,0.173120751977,0.0762753039598,0.702727258205,-0.685846745968
0.593486309052,-0.109998583794,1.52656018734,0.173086434603,0.0758991539478,0.703015506268,-0.685601830482
0.593486309052,-0.109998583794,1.52656018734,0.173086434603,0.0758991539478,0.703015506268,-0.685601830482
0.594472885132,-0.107711791992,1.52646541595,0.172508299351,0.0755044296384,0.704587161541,-0.684176087379
0.595896661282,-0.103536322713,1.52677404881,0.17304135859,0.0750882104039,0.704899847507,-0.683765053749
0.595896661282,-0.103536322713,1.52677404881,0.17304135859,0.0750882104039,0.704899847507,-0.683765053749
0.596297860146,-0.100768357515,1.5267008543,0.173307806253,0.0701535642147,0.707925796509,-0.68109023571
0.598152577877,-0.0973156690598,1.52728247643,0.174181044102,0.0737771466374,0.70615452528,-0.682322382927
0.598152577877,-0.0973156690598,1.52728247643,0.174181044102,0.0737771466374,0.70615452528,-0.682322382927
0.599025785923,-0.0953443273902,1.52777528763,0.174207657576,0.0741598084569,0.705883860588,-0.682554006577
0.600188970566,-0.0908235535026,1.52751088142,0.174347177148,0.0676413401961,0.709253787994,-0.679696202278
0.600188970566,-0.0908235535026,1.52751088142,0.174347177148,0.0676413401961,0.709253787994,-0.679696202278
0.601101517677,-0.0895867720246,1.52759158611,0.174124494195,0.0702110677958,0.706668674946,-0.682180702686
0.601900815964,-0.0875544846058,1.52815246582,0.173731893301,0.0696000829339,0.706379830837,-0.68264234066
0.603244304657,-0.0839833766222,1.52830314636,0.172402113676,0.0658870637417,0.705900609493,-0.683842658997
0.603244304657,-0.0839833766222,1.52830314636,0.172402113676,0.0658870637417,0.705900609493,-0.683842658997
0.604655742645,-0.0805356055498,1.52848184109,0.169991821051,0.0615295432508,0.703236043453,-0.687587141991
0.604655742645,-0.0805356055498,1.52848184109,0.169991821051,0.0615295432508,0.703236043453,-0.687587141991
0.605940580368,-0.0773996040225,1.52839505672,0.167599469423,0.0558841824532,0.699290454388,-0.692661762238
0.605940580368,-0.0773996040225,1.52839505672,0.167599469423,0.0558841824532,0.699290454388,-0.692661762238
0.606714427471,-0.0757508203387,1.52858865261,0.164993003011,0.053307954222,0.69746941328,-0.695321559906
0.608145713806,-0.0727922469378,1.52900195122,0.160668537021,0.047520160675,0.69249022007,-0.701701462269
0.608791530132,-0.0715448409319,1.52936840057,0.159844607115,0.0446707643569,0.688721716404,-0.705773949623
0.608791530132,-0.0715448409319,1.52936840057,0.159844607115,0.0446707643569,0.688721716404,-0.705773949623
0.609213650227,-0.0696615278721,1.52928733826,0.158076807857,0.0361667685211,0.688895225525,-0.706489384174
0.611256122589,-0.0676605701447,1.53007078171,0.151520013809,0.0363527722657,0.67869412899,-0.717700779438
0.612005412579,-0.0657725483179,1.52984535694,0.14404939115,0.0341886505485,0.681160449982,-0.717008650303
0.612005412579,-0.0657725483179,1.52984535694,0.14404939115,0.0341886505485,0.681160449982,-0.717008650303
0.612743616104,-0.0645642578602,1.52981185913,0.140719711781,0.0311628673226,0.678077757359,-0.720720052719
0.613700985909,-0.0630029141903,1.53007221222,0.139175713062,0.0261656474322,0.672467648983,-0.726452171803
0.613700985909,-0.0630029141903,1.53007221222,0.139175713062,0.0261656474322,0.672467648983,-0.726452171803
0.614194393158,-0.0629902333021,1.53038346767,0.142840594053,0.0234426409006,0.6638931036,-0.7336845994
0.614738881588,-0.0622462145984,1.53033006191,0.141389802098,0.0212384816259,0.661669492722,-0.736037552357
0.615352392197,-0.0606111586094,1.53051388264,0.1339417696,0.019900912419,0.665606498718,-0.733915388584
0.615735828876,-0.0600669533014,1.53039300442,0.132492601871,0.0174882523715,0.663434922695,-0.736202418804
0.616144657135,-0.0593855939806,1.53061389923,0.131081297994,0.0154307447374,0.661918342113,-0.737864255905
0.617894113064,-0.0589397400618,1.53071093559,0.130060046911,0.0132756037638,0.654244244099,-0.744897902012
0.617894113064,-0.0589397400618,1.53071093559,0.130060046911,0.0132756037638,0.654244244099,-0.744897902012
0.617322921753,-0.0573193356395,1.53041684628,0.129178091884,0.00491601228714,0.652762055397,-0.74645203352
0.617322921753,-0.0573193356395,1.53041684628,0.129178091884,0.00491601228714,0.652762055397,-0.74645203352
0.61769258976,-0.0549503788352,1.52993059158,0.119839377701,0.000585716334172,0.658128023148,-0.743307292461
0.617852687836,-0.0543484911323,1.52988171577,0.118905603886,-0.00145721470471,0.65723824501,-0.744242727757
0.617841959,-0.0541099384427,1.53004193306,0.122337110341,-0.00367326638661,0.652240455151,-0.748065829277
0.617841959,-0.0541099384427,1.53004193306,0.122337110341,-0.00367326638661,0.652240455151,-0.748065829277
0.617941975594,-0.0523816384375,1.5297678709,0.115451745689,-0.00515222083777,0.658640623093,-0.743530154228
0.618037104607,-0.0513720959425,1.52925086021,0.113581255078,-0.00703174760565,0.659128427505,-0.74337041378
0.618160188198,-0.0502213686705,1.52954089642,0.111848957837,-0.00765179516748,0.659560620785,-0.743243575096
0.618252873421,-0.0498189292848,1.5296432972,0.115637853742,-0.00862147379667,0.654466509819,-0.747146010399
0.618326663971,-0.0464623719454,1.52882540226,0.107654571533,-0.0097656911239,0.660870432854,-0.742674589157
0.618372797966,-0.0458844080567,1.52931749821,0.111960224807,-0.00941247865558,0.656226575375,-0.746152043343
0.618372797966,-0.0458844080567,1.52931749821,0.111960224807,-0.00941247865558,0.656226575375,-0.746152043343
0.618464946747,-0.0441103093326,1.52908587456,0.110351979733,-0.0094923665747,0.656437277794,-0.746205449104
0.61842995882,-0.0408717282116,1.52881503105,0.10874889791,-0.00861920230091,0.657215952873,-0.745765805244
0.61842995882,-0.0408717282116,1.52881503105,0.10874889791,-0.00861920230091,0.657215952873,-0.745765805244
0.618341863155,-0.0369772836566,1.52833676338,0.107321701944,-0.00699835643172,0.657717704773,-0.745547115803
0.618314087391,-0.0344048216939,1.52776575089,0.102294169366,-0.00568178994581,0.663109123707,-0.741478145123
0.618314087391,-0.0344048216939,1.52776575089,0.102294169366,-0.00568178994581,0.663109123707,-0.741478145123
0.618114233017,-0.0309407431632,1.52767968178,0.107389211655,-0.00214540609159,0.658556222916,-0.744826734066
0.618072152138,-0.028776705265,1.52725052834,0.1071466133,-0.000316219549859,0.658775925636,-0.744670331478
0.618072152138,-0.028776705265,1.52725052834,0.1071466133,-0.000316219549859,0.658775925636,-0.744670331478
0.617822766304,-0.0245181322098,1.52649891376,0.108410559595,0.00371730513871,0.659434914589,-0.743894577026
0.617822766304,-0.0245181322098,1.52649891376,0.108410559595,0.00371730513871,0.659434914589,-0.743894577026
0.617430567741,-0.0199989266694,1.5261015892,0.110290847719,0.00845063570887,0.659149885178,-0.743831992149
0.617430567741,-0.0199989266694,1.5261015892,0.110290847719,0.00845063570887,0.659149885178,-0.743831992149
0.617052078247,-0.0154753439128,1.52599096298,0.112464740872,0.0140619147569,0.660024404526,-0.742645144463
0.616825759411,-0.0124055556953,1.52561187744,0.108339376748,0.0169140938669,0.666389882565,-0.737496554852
0.616715371609,-0.0103174261749,1.52547192574,0.10970454663,0.0201424900442,0.666665017605,-0.736964643002
0.616715371609,-0.0103174261749,1.52547192574,0.10970454663,0.0201424900442,0.666665017605,-0.736964643002
0.616158545017,-0.0066132247448,1.52550971508,0.1174916327,0.0267419349402,0.662068367004,-0.739693284035
0.615574538708,-0.00336961075664,1.52471208572,0.114871419966,0.0258924309164,0.670443296432,-0.732557177544
0.615624606609,-0.0016644410789,1.52462816238,0.114476747811,0.0334338136017,0.668917715549,-0.733707308769
0.615624606609,-0.0016644410789,1.52462816238,0.114476747811,0.0334338136017,0.668917715549,-0.733707308769
0.614408135414,0.00303103402257,1.52384626865,0.118487752974,0.0339950509369,0.673250675201,-0.729067027569
0.614179909229,0.00491629168391,1.52369737625,0.119276888669,0.0373073257506,0.673362612724,-0.728672802448
0.614179909229,0.00491629168391,1.52369737625,0.119276888669,0.0373073257506,0.673362612724,-0.728672802448
0.613675475121,0.00615514442325,1.52378022671,0.125960230827,0.0396084859967,0.668137252331,-0.7322281003
0.613152265549,0.0097813885659,1.52352666855,0.126591026783,0.0459008067846,0.668111383915,-0.731775343418
0.612867891788,0.0114579815418,1.52341151237,0.126731738448,0.049320936203,0.668146193027,-0.731496572495
0.612867891788,0.0114579815418,1.52341151237,0.126731738448,0.049320936203,0.668146193027,-0.731496572495
0.612022697926,0.0155174750835,1.5228317976,0.12201500684,0.0543801859021,0.673766493797,-0.726769566536
0.612022697926,0.0155174750835,1.5228317976,0.12201500684,0.0543801859021,0.673766493797,-0.726769566536
0.611359000206,0.0176974143833,1.52297842503,0.12721838057,0.0593182258308,0.668038964272,-0.730767309666
0.611034214497,0.0190968550742,1.52310919762,0.127047106624,0.0619082152843,0.668251395226,-0.730387985706
0.611034214497,0.0190968550742,1.52310919762,0.127047106624,0.0619082152843,0.668251395226,-0.730387985706
0.610335528851,0.0222373194993,1.52242004871,0.120304301381,0.0665140748024,0.673245847225,-0.726527869701
0.609430015087,0.0225778017193,1.52258706093,0.127607494593,0.067293189466,0.667824625969,-0.730204224586
0.609015345573,0.0236258171499,1.52249002457,0.127292558551,0.0688359290361,0.667754769325,-0.73017936945
0.609101831913,0.0252015236765,1.5222492218,0.121339321136,0.0743394941092,0.674754083157,-0.724194347858
0.607971429825,0.0257815495133,1.52236628532,0.126761853695,0.0701205208898,0.668332993984,-0.729620158672
0.607971429825,0.0257815495133,1.52236628532,0.126761853695,0.0701205208898,0.668332993984,-0.729620158672
0.607830882072,0.0264923796058,1.52245128155,0.12532222271,0.0741800740361,0.666913151741,-0.73076570034
0.607972800732,0.0283719170839,1.52215456963,0.121347397566,0.0781453922391,0.668341934681,-0.729717314243
0.607971787453,0.028881309554,1.52250146866,0.120059318841,0.0824510753155,0.666117608547,-0.731488227844
0.607232570648,0.0290215294808,1.52261352539,0.121788457036,0.0830763205886,0.6661632061,-0.731090009212
0.607232570648,0.0290215294808,1.52261352539,0.121788457036,0.0830763205886,0.6661632061,-0.731090009212
0.607108950615,0.0301512554288,1.52247703075,0.119320690632,0.0848242267966,0.66598713398,-0.731456458569
0.6046474576,0.0311172232032,1.52193319798,0.123331785202,0.0808230489492,0.666531383991,-0.730748355389
0.60580855608,0.030770862475,1.52230501175,0.121289841831,0.0910708755255,0.666556656361,-0.729861140251
0.605479598045,0.0316573120654,1.52201545238,0.118078328669,0.0901286974549,0.665500760078,-0.73146635294
0.605479598045,0.0316573120654,1.52201545238,0.118078328669,0.0901286974549,0.665500760078,-0.73146635294
0.603267550468,0.0323107428849,1.52195954323,0.120984464884,0.0873057022691,0.666836559772,-0.730116188526
0.603267550468,0.0323107428849,1.52195954323,0.120984464884,0.0873057022691,0.666836559772,-0.730116188526
0.602949023247,0.0323248766363,1.5217757225,0.120602376759,0.0895768404007,0.666975915432,-0.729776740074
0.603624939919,0.0323009043932,1.52182984352,0.115555934608,0.0994589403272,0.668042182922,-0.728336811066
0.602347254753,0.0319970175624,1.52157735825,0.119029864669,0.100628852844,0.67037409544,-0.725468397141
0.601742327213,0.0319456383586,1.52154755592,0.117836296558,0.0997913479805,0.669018149376,-0.727028906345
0.601742327213,0.0319456383586,1.52154755592,0.117836296558,0.0997913479805,0.669018149376,-0.727028906345
0.601191461086,0.0317661911249,1.52151060104,0.117327786982,0.101408176124,0.670833945274,-0.725211918354
0.600350856781,0.0312591902912,1.52099537849,0.115650244057,0.102447316051,0.673852562904,-0.722531914711
0.59986436367,0.0307288784534,1.52071118355,0.115287274122,0.103315189481,0.675103008747,-0.72129803896
0.599815011024,0.0299358591437,1.52073478699,0.114060737193,0.107285343111,0.673915922642,-0.722023189068
0.599463105202,0.0293686967343,1.5206040144,0.112965345383,0.108469419181,0.674798965454,-0.721193253994
0.598798573017,0.0287561360747,1.52035868168,0.112883910537,0.107171736658,0.676726937294,-0.719591736794
0.598428547382,0.0280009172857,1.52037370205,0.111973904073,0.108346827328,0.67821598053,-0.718154668808
0.598069489002,0.0269882827997,1.52037000656,0.111363917589,0.109285071492,0.678215265274,-0.718107819557
0.597916662693,0.0260840058327,1.52009606361,0.109857290983,0.109317727387,0.678885102272,-0.717701792717
0.597916662693,0.0260840058327,1.52009606361,0.109857290983,0.109317727387,0.678885102272,-0.717701792717
0.597625732422,0.0235014911741,1.52036654949,0.107874937356,0.112529098988,0.678340256214,-0.718021452427
0.597633779049,0.0224064122885,1.52038216591,0.106390424073,0.112112231553,0.678107500076,-0.718527913094
0.597633779049,0.0224064122885,1.52038216591,0.106390424073,0.112112231553,0.678107500076,-0.718527913094
0.59831482172,0.0193407330662,1.52094125748,0.101553954184,0.11473556608,0.678836941719,-0.718124747276
0.597003877163,0.0183901712298,1.5204962492,0.102753825486,0.108036629856,0.680090308189,-0.71780693531
0.597003877163,0.0183901712298,1.5204962492,0.102753825486,0.108036629856,0.680090308189,-0.71780693531
0.596831977367,0.0150836668909,1.52073967457,0.0999395996332,0.106626190245,0.679761707783,-0.718725979328
0.597033321857,0.0132247209549,1.52101039886,0.0985040962696,0.107657812536,0.679213643074,-0.719288349152
0.596979498863,0.0114564187825,1.52117133141,0.0973295792937,0.106456257403,0.679468095303,-0.71938675642
0.596995651722,0.00951150804758,1.5214612484,0.096104465425,0.10592135787,0.679349482059,-0.719742238522
0.597001075745,0.0075412131846,1.52146458626,0.0950383618474,0.104426190257,0.679784178734,-0.719691872597
0.596834242344,0.00573362782598,1.52155399323,0.0940692573786,0.100285619497,0.680867314339,-0.719384133816
0.597041249275,0.0034467689693,1.52180540562,0.0926595851779,0.101466573775,0.680725932121,-0.719535291195
0.597041249275,0.0034467689693,1.52180540562,0.0926595851779,0.101466573775,0.680725932121,-0.719535291195
0.597042918205,0.00132022798061,1.52205097675,0.0916498750448,0.100074060261,0.681081354618,-0.719523251057
0.596971750259,-0.000560835003853,1.52228105068,0.0903367847204,0.0964515209198,0.682019591331,-0.719295322895
0.597107172012,-0.00298060849309,1.52232575417,0.089265935123,0.094797283411,0.682362675667,-0.719323456287
0.597278237343,-0.00774160772562,1.52272307873,0.0874087661505,0.0930694788694,0.682644367218,-0.719510018826
0.597998678684,-0.0097562931478,1.52310800552,0.0812876522541,0.0955795273185,0.689014017582,-0.713804423809
0.597674131393,-0.0126663967967,1.52311336994,0.0847979336977,0.0894297882915,0.683633923531,-0.719344377518
0.597674131393,-0.0126663967967,1.52311336994,0.0847979336977,0.0894297882915,0.683633923531,-0.719344377518
0.597799897194,-0.0170961171389,1.52310562134,0.0779012516141,0.0859016478062,0.689167499542,-0.715262651443
0.597799897194,-0.0170961171389,1.52310562134,0.0779012516141,0.0859016478062,0.689167499542,-0.715262651443
0.598430514336,-0.0199665799737,1.52359223366,0.0770128369331,0.0877175852656,0.691651642323,-0.712736070156
0.598112523556,-0.0254276506603,1.52420771122,0.0779816955328,0.0786235406995,0.688454151154,-0.716776192188
0.598112523556,-0.0254276506603,1.52420771122,0.0779816955328,0.0786235406995,0.688454151154,-0.716776192188
0.598137915134,-0.0282159522176,1.52365493774,0.0784717947245,0.0751260370016,0.68664586544,-0.718829512596
0.598327636719,-0.0310113504529,1.52448773384,0.0774649083614,0.0746375322342,0.687656760216,-0.718022763729
0.599434316158,-0.0336323827505,1.52469730377,0.0736291259527,0.0767704248428,0.687526285648,-0.718326508999
0.598775088787,-0.0399773344398,1.52488386631,0.0756679102778,0.0693740621209,0.689134657383,-0.717324852943
0.598775088787,-0.0399773344398,1.52488386631,0.0756679102778,0.0693740621209,0.689134657383,-0.717324852943
0.598682522774,-0.0457120873034,1.52437758446,0.075152695179,0.0633688345551,0.689664125443,-0.717425882816
0.598682522774,-0.0457120873034,1.52437758446,0.075152695179,0.0633688345551,0.689664125443,-0.717425882816
0.598993241787,-0.0513524413109,1.52461528778,0.0728385969996,0.0587524138391,0.690555334091,-0.717200160027
0.599092066288,-0.0542940683663,1.52530550957,0.072590790689,0.0583779104054,0.692024052143,-0.715839028358
0.599092066288,-0.0542940683663,1.52530550957,0.072590790689,0.0583779104054,0.692024052143,-0.715839028358
0.599316060543,-0.0569931454957,1.5249402523,0.0700085833669,0.0545075759292,0.692941844463,-0.715513348579
0.599932551384,-0.063122689724,1.5256319046,0.0687150210142,0.0533354245126,0.694564282894,-0.714152753353
0.599932551384,-0.063122689724,1.5256319046,0.0687150210142,0.0533354245126,0.694564282894,-0.714152753353
0.600001096725,-0.0658434331417,1.52571153641,0.0691179260612,0.0499181374907,0.696795046329,-0.71218508482
0.600323021412,-0.069234803319,1.52595245838,0.0688505321741,0.0497605241835,0.695477902889,-0.713508188725
0.600472927094,-0.0742273256183,1.52586197853,0.067887544632,0.0444060377777,0.698455810547,-0.711040794849
0.600472927094,-0.0742273256183,1.52586197853,0.067887544632,0.0444060377777,0.698455810547,-0.711040794849
0.600560724735,-0.0769870057702,1.52549481392,0.066904604435,0.0409285984933,0.698777318001,-0.711026728153
0.600884914398,-0.0826113820076,1.52616691589,0.0666683167219,0.0383408255875,0.699612140656,-0.710371851921
0.601287722588,-0.0854042172432,1.52594685555,0.0649159997702,0.037844337523,0.698798418045,-0.71136111021
0.601547896862,-0.0874789655209,1.52576446533,0.0592683404684,0.0367129221559,0.705694854259,-0.705077469349
0.601547896862,-0.0874789655209,1.52576446533,0.0592683404684,0.0367129221559,0.705694854259,-0.705077469349
0.601775944233,-0.0934549197555,1.52592325211,0.0655368119478,0.0321534089744,0.70151501894,-0.708906054497
0.60200881958,-0.0960878878832,1.52593171597,0.0656521394849,0.0307647977024,0.702101290226,-0.708376467228
0.602239012718,-0.0988116264343,1.52590608597,0.066172875464,0.0299944616854,0.702894508839,-0.707574009895
0.602757751942,-0.101372122765,1.52669775486,0.0645529255271,0.0297931749374,0.703230142593,-0.707398593426
0.603253722191,-0.103517763317,1.52631986141,0.0586855858564,0.0301480088383,0.708841621876,-0.702275395393
0.603253722191,-0.103517763317,1.52631986141,0.0586855858564,0.0301480088383,0.708841621876,-0.702275395393
0.602655947208,-0.105799078941,1.52612900734,0.0625020489097,0.0258328001946,0.709953010082,-0.700994312763
0.602843284607,-0.109152339399,1.52637529373,0.0692310333252,0.0238792859018,0.704411327839,-0.706004023552
0.603044986725,-0.110719576478,1.52631986141,0.0643741339445,0.0222853757441,0.711532056332,-0.69934374094
0.603269219398,-0.114191435277,1.52622580528,0.0715437754989,0.0207171048969,0.705976068974,-0.704308271408
0.603583395481,-0.116507127881,1.52605068684,0.0725173130631,0.0177718214691,0.706652522087,-0.703610539436
0.604982495308,-0.119868949056,1.52634739876,0.0696492120624,0.0228517949581,0.704483747482,-0.70592457056
0.60466504097,-0.124634057283,1.52621972561,0.075051009655,0.0158255230635,0.707105994225,-0.702935278416
0.604819297791,-0.126942396164,1.52606916428,0.0766524747014,0.012069363147,0.709399998188,-0.700521528721
0.604819297791,-0.126942396164,1.52606916428,0.0766524747014,0.012069363147,0.709399998188,-0.700521528721
0.605379641056,-0.131652086973,1.52618861198,0.0781286433339,0.00566909788176,0.713687002659,-0.6960709095
0.605489313602,-0.133993551135,1.52627491951,0.0790759548545,0.00235889805481,0.71619707346,-0.693399727345
0.605899453163,-0.136386170983,1.5261785984,0.0792054608464,-0.00075441703666,0.71874409914,-0.690748214722
0.606106638908,-0.137964397669,1.52613437176,0.0745109468699,-0.00342927221209,0.727325558662,-0.682227194309
0.606106638908,-0.137964397669,1.52613437176,0.0745109468699,-0.00342927221209,0.727325558662,-0.682227194309
0.6063554883,-0.141011416912,1.52634882927,0.0801682323217,-0.00670454325154,0.723338663578,-0.685790896416
0.606632769108,-0.143334314227,1.52643203735,0.0806670859456,-0.00925120245665,0.725500822067,-0.683414936066
0.607813894749,-0.147528290749,1.5264081955,0.0786403119564,-0.0128457527608,0.728939294815,-0.679925084114
0.607813894749,-0.147528290749,1.5264081955,0.0786403119564,-0.0128457527608,0.728939294815,-0.679925084114
0.607924044132,-0.149123221636,1.5264582634,0.0745619386435,-0.0144240772352,0.736266613007,-0.672416508198
0.608460366726,-0.152225628495,1.52663135529,0.078569740057,-0.0160809848458,0.731495261192,-0.677113711834
0.608681082726,-0.153491318226,1.52620029449,0.0740007758141,-0.0176934525371,0.737350702286,-0.671211540699
0.609529078007,-0.157456085086,1.52626824379,0.0732996165752,-0.0199162084609,0.737616181374,-0.670934259892
0.609682202339,-0.160523280501,1.52641093731,0.0781827196479,-0.0211982447654,0.731820046902,-0.676666498184
0.609682202339,-0.160523280501,1.52641093731,0.0781827196479,-0.0211982447654,0.731820046902,-0.676666498184
0.610118150711,-0.162511840463,1.5263954401,0.0781883969903,-0.0217659771442,0.731708884239,-0.67676794529
0.610364496708,-0.164245218039,1.52637279034,0.0781770348549,-0.0228421352804,0.731489658356,-0.676970779896
0.610549390316,-0.166146621108,1.5261875391,0.0789515450597,-0.0238792318851,0.730702757835,-0.677694678307
0.610948503017,-0.167884513736,1.52619206905,0.0780436396599,-0.0241594538093,0.730427205563,-0.67808675766
0.611604571342,-0.169760763645,1.52615821362,0.0775109604001,-0.0239409841597,0.729978561401,-0.678638398647
0.611698687077,-0.171574890614,1.52549958229,0.0782555118203,-0.0256187040359,0.729189038277,-0.67934024334
0.611909985542,-0.174653366208,1.52520751953,0.0791390165687,-0.0281122513115,0.728295207024,-0.680097699165
0.612723529339,-0.176257312298,1.52496671677,0.0777715444565,-0.0273418780416,0.728353977203,-0.680223882198
0.612723529339,-0.176257312298,1.52496671677,0.0777715444565,-0.0273418780416,0.728353977203,-0.680223882198
0.613578557968,-0.179002091289,1.52466034889,0.0770735293627,-0.0288355275989,0.728626251221,-0.679949998856
0.613695681095,-0.179486751556,1.52432060242,0.0732092633843,-0.0297509711236,0.734272956848,-0.67423927784
0.614322602749,-0.181760653853,1.52435112,0.0775384679437,-0.0306012034416,0.729167759418,-0.679239094257
0.614322602749,-0.181760653853,1.52435112,0.0775384679437,-0.0306012034416,0.729167759418,-0.679239094257
0.61497014761,-0.184052973986,1.52407038212,0.0784864500165,-0.0326278880239,0.73008108139,-0.678053736687
0.61497014761,-0.184052973986,1.52407038212,0.0784864500165,-0.0326278880239,0.73008108139,-0.678053736687
0.615597486496,-0.185263708234,1.52373278141,0.0777880549431,-0.0333065614104,0.730816245079,-0.677308738232
0.615902841091,-0.186149701476,1.52356481552,0.0782618895173,-0.0343382209539,0.731226742268,-0.676759541035
0.616738796234,-0.187928602099,1.52320933342,0.0799060761929,-0.0360215231776,0.732663631439,-0.674923300743
0.617282807827,-0.188961267471,1.52344608307,0.0800949782133,-0.0358256138861,0.7334228158,-0.674086272717
0.617282807827,-0.188961267471,1.52344608307,0.0800949782133,-0.0358256138861,0.7334228158,-0.674086272717
0.617810547352,-0.189841210842,1.52348983288,0.0809960439801,-0.0357583425939,0.734047591686,-0.673301696777
0.618115246296,-0.190385296941,1.52332079411,0.0819195061922,-0.0364471375942,0.734444499016,-0.672719955444
0.618844389915,-0.191628679633,1.52422428131,0.0844733938575,-0.0356713794172,0.735206186771,-0.671612739563
0.619036495686,-0.192041143775,1.52395009995,0.0857611969113,-0.0364499986172,0.735049664974,-0.671579003334
0.619036495686,-0.192041143775,1.52395009995,0.0857611969113,-0.0364499986172,0.735049664974,-0.671579003334
0.619659006596,-0.192773446441,1.52465856075,0.0871467068791,-0.0347869768739,0.735786557198,-0.670681536198
0.619919657707,-0.193077102304,1.52489304543,0.0886180773377,-0.0343298241496,0.73585832119,-0.670433461666
0.620287239552,-0.193603172898,1.52521336079,0.091716222465,-0.0335103012621,0.736177921295,-0.669706940651
0.620287239552,-0.193603172898,1.52521336079,0.091716222465,-0.0335103012621,0.736177921295,-0.669706940651
0.620600163937,-0.193842560053,1.52541708946,0.0928715988994,-0.0326027236879,0.736272454262,-0.669488549232
0.621046245098,-0.194104850292,1.52548217773,0.0953314080834,-0.0317526087165,0.736289680004,-0.669164538383
0.621046245098,-0.194104850292,1.52548217773,0.0953314080834,-0.0317526087165,0.736289680004,-0.669164538383
0.620934307575,-0.193924799562,1.52559375763,0.0968405008316,-0.0317306518555,0.735995650291,-0.669272363186
0.621010184288,-0.193826809525,1.52567851543,0.100110180676,-0.0310318022966,0.735452771187,-0.669420838356
0.621123671532,-0.193804889917,1.52575302124,0.101557083428,-0.0301120430231,0.735325098038,-0.669385075569
0.621123671532,-0.193804889917,1.52575302124,0.101557083428,-0.0301120430231,0.735325098038,-0.669385075569
0.621102690697,-0.193599253893,1.525791049,0.102940738201,-0.0297085009515,0.734853088856,-0.669710159302
0.621074318886,-0.192976787686,1.52605068684,0.105142302811,-0.0281825177372,0.734232485294,-0.670114517212
0.621074318886,-0.192976787686,1.52605068684,0.105142302811,-0.0281825177372,0.734232485294,-0.670114517212
0.620918989182,-0.191697672009,1.5257153511,0.101386092603,-0.0269388426095,0.739899754524,-0.664487540722
0.620929479599,-0.192050546408,1.52611303329,0.106786496937,-0.0263937991112,0.733760118484,-0.670444786549
0.620744407177,-0.190885588527,1.52580940723,0.107752591372,-0.0253387577832,0.733454465866,-0.67066526413
0.6205701828,-0.190138012171,1.52581834793,0.108122579753,-0.0246825665236,0.733483552933,-0.670598328114
0.6205701828,-0.190138012171,1.52581834793,0.108122579753,-0.0246825665236,0.733483552933,-0.670598328114
0.620408177376,-0.18948315084,1.52643036842,0.108987361193,-0.0229706540704,0.733396232128,-0.670614778996
0.620243668556,-0.188652902842,1.52643418312,0.109208993614,-0.0221907459199,0.73340857029,-0.670591294765
0.619877159595,-0.186848908663,1.52661824226,0.109465248883,-0.0203423369676,0.733361184597,-0.670659899712
0.619877159595,-0.186848908663,1.52661824226,0.109465248883,-0.0203423369676,0.733361184597,-0.670659899712
0.619587182999,-0.185828745365,1.52662348747,0.109753422439,-0.0196378249675,0.733626842499,-0.670343339443
0.618933022022,-0.18367831409,1.52676236629,0.110498175025,-0.0183813497424,0.733942747116,-0.669910788536
0.618933022022,-0.18367831409,1.52676236629,0.110498175025,-0.0183813497424,0.733942747116,-0.669910788536
0.618469834328,-0.181713417172,1.52648639679,0.106391310692,-0.0173450987786,0.739762067795,-0.664177775383
0.617814660072,-0.180123463273,1.52692091465,0.111946903169,-0.0163350980729,0.734702646732,-0.668889522552
0.617293059826,-0.178867846727,1.5268805027,0.112471759319,-0.015703862533,0.734756588936,-0.66875731945
0.617293059826,-0.178867846727,1.5268805027,0.112471759319,-0.015703862533,0.734756588936,-0.66875731945
0.616521716118,-0.176163032651,1.52702748775,0.11315690726,-0.0140463644639,0.735641419888,-0.667704939842
0.616521716118,-0.176163032651,1.52702748775,0.11315690726,-0.0140463644639,0.735641419888,-0.667704939842
0.616023719311,-0.174759805202,1.5270383358,0.113839112222,-0.0136497048661,0.735995411873,-0.667206943035
0.614976465702,-0.170994207263,1.52702343464,0.109740510583,-0.0112269110978,0.742764472961,-0.66040289402
0.614724457264,-0.170314624906,1.5272756815,0.114146642387,-0.0106958243996,0.737409234047,-0.665645480156
0.614724457264,-0.170314624906,1.5272756815,0.114146642387,-0.0106958243996,0.737409234047,-0.665645480156
0.6143476367,-0.168667703867,1.52734982967,0.113804832101,-0.00966236740351,0.737611830235,-0.665495157242
0.613378226757,-0.167197436094,1.52790951729,0.115661799908,-0.00949414167553,0.737809538841,-0.664958238602
0.612770617008,-0.16376799345,1.5279020071,0.114335924387,-0.00689496472478,0.738618910313,-0.664320647717
0.612040221691,-0.162132769823,1.52864158154,0.115425653756,-0.00553448637947,0.738567829132,-0.664201676846
0.612040221691,-0.162132769823,1.52864158154,0.115425653756,-0.00553448637947,0.738567829132,-0.664201676846
0.610689640045,-0.158414125443,1.52840185165,0.116553373635,-0.00562593294308,0.7384532094,-0.664131402969
0.60963177681,-0.156410977244,1.52838277817,0.117629788816,-0.00661943294108,0.738369643688,-0.664025366306
0.60963177681,-0.156410977244,1.52838277817,0.117629788816,-0.00661943294108,0.738369643688,-0.664025366306
0.60884565115,-0.151810705662,1.528439641,0.111607216299,-0.00348603446037,0.744441568851,-0.658284544945
0.608158707619,-0.150469273329,1.52872407436,0.11689466238,-0.00378609937616,0.738310337067,-0.664243280888
0.608158707619,-0.150469273329,1.52872407436,0.11689466238,-0.00378609937616,0.738310337067,-0.664243280888
0.60764425993,-0.148651704192,1.52845323086,0.117837414145,-0.00338197010569,0.737062096596,-0.665464043617
0.606282830238,-0.144164979458,1.52821183205,0.116313107312,-0.00333179300651,0.73680126667,-0.666020929813
0.606181740761,-0.140988886356,1.52798461914,0.109819762409,-0.000579111860134,0.742469668388,-0.660816252232
0.604791343212,-0.139522075653,1.52827501297,0.117221601307,-0.00249503739178,0.735761404037,-0.667014360428
0.604215860367,-0.137471929193,1.52838993073,0.119089595973,-0.00164007476997,0.733891904354,-0.668743491173
0.604215860367,-0.137471929193,1.52838993073,0.119089595973,-0.00164007476997,0.733891904354,-0.668743491173
0.603187263012,-0.13155375421,1.52807796001,0.111275739968,0.00109641673043,0.740181207657,-0.66313546896
0.603187263012,-0.13155375421,1.52807796001,0.111275739968,0.00109641673043,0.740181207657,-0.66313546896
0.603020489216,-0.129992321134,1.52838647366,0.117179110646,0.00229389104061,0.731807470322,-0.671358108521
0.6012622118,-0.124788865447,1.52864086628,0.11805678159,0.00298646977171,0.730799198151,-0.672299265862
0.6012622118,-0.124788865447,1.52864086628,0.11805678159,0.00298646977171,0.730799198151,-0.672299265862
0.600092887878,-0.119336262345,1.52858674526,0.118320673704,0.0051385727711,0.729098975658,-0.674083411694
0.599404871464,-0.116314351559,1.52841424942,0.118226312101,0.00557086709887,0.728601515293,-0.674634337425
0.598792910576,-0.11361297965,1.52804470062,0.119277022779,0.00608059298247,0.726770043373,-0.676418066025
0.598419904709,-0.110395550728,1.52820682526,0.117500290275,0.00765840150416,0.727366387844,-0.676072001457
0.598419904709,-0.110395550728,1.52820682526,0.117500290275,0.00765840150416,0.727366387844,-0.676072001457
0.597373485565,-0.104432806373,1.52794003487,0.117555372417,0.0101675521582,0.724829554558,-0.678748607635
0.597373485565,-0.104432806373,1.52794003487,0.117555372417,0.0101675521582,0.724829554558,-0.678748607635
0.596571147442,-0.0972505137324,1.52708661556,0.111169561744,0.0129778012633,0.729576766491,-0.674678325653
0.595950424671,-0.0950388535857,1.52762424946,0.118759222329,0.0138604575768,0.72133487463,-0.68218767643
0.595655441284,-0.0908355414867,1.52690017223,0.111757226288,0.0158378947526,0.727602124214,-0.676649570465
0.595180749893,-0.0883248001337,1.52691543102,0.117602832615,0.0160417091101,0.721555292606,-0.682107150555
0.594621419907,-0.0850527733564,1.52642083168,0.118942007422,0.0164406225085,0.718797922134,-0.684771597385
0.594367146492,-0.0815962702036,1.52666568756,0.119041375816,0.0186404697597,0.71786314249,-0.685677886009
0.594147264957,-0.0776383429766,1.52653455734,0.11479819566,0.0207525547594,0.72147077322,-0.682547092438
0.593579947948,-0.0746561512351,1.52672052383,0.12046648562,0.0212723985314,0.715446650982,-0.687874555588
0.593515574932,-0.0706655681133,1.52567982674,0.115701578557,0.0231172256172,0.718666553497,-0.68527173996
0.593515574932,-0.0706655681133,1.52567982674,0.115701578557,0.0231172256172,0.718666553497,-0.68527173996
0.592671632767,-0.0638962686062,1.52617394924,0.122661210597,0.0267417710274,0.710760891438,-0.692140340805
0.592671632767,-0.0638962686062,1.52617394924,0.122661210597,0.0267417710274,0.710760891438,-0.692140340805
0.592464864254,-0.0558157078922,1.52544498444,0.119438953698,0.031191945076,0.712267279625,-0.690968036652
0.592124700546,-0.0527333319187,1.52550470829,0.12594127655,0.0325607098639,0.705185055733,-0.696988224983
0.592124700546,-0.0527333319187,1.52550470829,0.12594127655,0.0325607098639,0.705185055733,-0.696988224983
0.591817736626,-0.0487077124417,1.52528512478,0.127512782812,0.0340875349939,0.703439176083,-0.698392450809
0.591808795929,-0.0441734455526,1.5247708559,0.123999662697,0.0366458259523,0.706032276154,-0.69627559185
0.592184662819,-0.0352870710194,1.52428007126,0.122430495918,0.0401463396847,0.702480375767,-0.699943304062
0.592184662819,-0.0352870710194,1.52428007126,0.122430495918,0.0401463396847,0.702480375767,-0.699943304062
0.591541111469,-0.0269618779421,1.52338898182,0.125893622637,0.0431773550808,0.699763536453,-0.701867341995
0.59123891592,-0.0229468494654,1.52313423157,0.128342628479,0.0448141172528,0.697836458683,-0.703238427639
0.590894818306,-0.0186187066138,1.52280688286,0.130586564541,0.0463753677905,0.696332752705,-0.70421397686
0.590526580811,-0.0151837281883,1.52277326584,0.13873398304,0.0472025386989,0.688537895679,-0.710239768028
0.590396821499,-0.0101996250451,1.52224946022,0.135033741593,0.0497044436634,0.693115055561,-0.706319272518
0.588983476162,-0.00699296593666,1.52213740349,0.146920531988,0.0493727773428,0.685201585293,-0.711670994759
0.58949047327,-0.00240437313914,1.52173781395,0.145435065031,0.0518839843571,0.684512138367,-0.712460339069
0.588105797768,0.00203922390938,1.52113854885,0.151887774467,0.0473378263414,0.685592412949,-0.710388898849
