x,y,z,q0,q1,q2,q3
-0.0106911510229,0.0663465559483,1.14165186882,-0.800175905228,0.0543156713247,0.15288105607,0.577404260635
-0.0106730759144,0.0680448710918,1.1391787529,-0.803053379059,0.0763473510742,0.145819053054,0.572724461555
-0.0108749866486,0.0696380734444,1.13674342632,-0.798989474773,0.0793785005808,0.143318802118,0.578597247601
-0.0112914443016,0.0708008557558,1.13499236107,-0.79916626215,0.0809995904565,0.145276248455,0.577639222145
-0.0122713595629,0.0705728381872,1.13361108303,-0.793455898762,0.055878572166,0.158406212926,0.584989786148
-0.0129608511925,0.0724791064858,1.13024961948,-0.796249449253,0.0770716518164,0.151413559914,0.5806209445
-0.0142959952354,0.0732756257057,1.12711369991,-0.793263196945,0.0784679278731,0.148598745465,0.585230469704
-0.0156512409449,0.0732540786266,1.12482607365,-0.7873929739,0.05680584535,0.159383818507,0.592775166035
-0.0170369744301,0.0747084766626,1.12188410759,-0.786536991596,0.0618404783309,0.159043028951,0.593498647213
-0.0187748968601,0.0753039270639,1.11807739735,-0.783185780048,0.0599793642759,0.159048750997,0.598101913929
-0.0205023288727,0.0769803076982,1.11459517479,-0.782916307449,0.0638606101274,0.158814415336,0.598115205765
-0.0225953161716,0.0777154639363,1.11041724682,-0.777668952942,0.0681334137917,0.157476857305,0.604805707932
-0.0247770696878,0.0781352221966,1.10583770275,-0.772978961468,0.0500812157989,0.166286483407,0.610200285912
-0.0273083746433,0.0793046727777,1.10115611553,-0.767867386341,0.0531689338386,0.163886547089,0.617004096508
-0.0299557596445,0.0810030177236,1.0969837904,-0.766880393028,0.0617408081889,0.162069275975,0.617912709713
-0.0328044891357,0.0815393105149,1.09191393852,-0.759776592255,0.0616929903626,0.15914952755,0.627379477024
-0.0358543992043,0.0838859155774,1.08665728569,-0.751519441605,0.0685426667333,0.139883548021,0.641056239605
-0.0392968207598,0.084208086133,1.08186388016,-0.749153852463,0.0740051716566,0.154906585813,0.639762163162
-0.0429175943136,0.0852644443512,1.07625496387,-0.742255687714,0.0762047544122,0.152140378952,0.648153245449
-0.0464141666889,0.0869565978646,1.07079696655,-0.732847869396,0.0821393951774,0.139051109552,0.660947859287
-0.0501094460487,0.0880491882563,1.06584846973,-0.730478465557,0.0892161950469,0.150817990303,0.660072505474
-0.0540229827166,0.0897065252066,1.06050860882,-0.72589468956,0.0940988659859,0.148895069957,0.66487044096
-0.0580670684576,0.0915811508894,1.05511522293,-0.721520423889,0.103052921593,0.143422573805,0.669491112232
-0.061974927783,0.0935165286064,1.04968011379,-0.713614761829,0.105084702373,0.136597216129,0.679008364677
-0.0664533078671,0.095242202282,1.04397583008,-0.712585628033,0.115866802633,0.146960407495,0.676165223122
-0.0706660598516,0.0973130017519,1.03834283352,-0.705504059792,0.120654709637,0.138311952353,0.684526324272
-0.0751028358936,0.0994535386562,1.03297078609,-0.703323423862,0.125551462173,0.138095334172,0.685932040215
-0.0796848386526,0.101460307837,1.02718484402,-0.700945317745,0.133627444506,0.15163180232,0.683978974819
-0.0841530114412,0.10340282321,1.02165913582,-0.696902573109,0.138279080391,0.153264582157,0.686815619469
-0.0887469947338,0.105346523225,1.01602053642,-0.691745281219,0.141018301249,0.158256083727,0.690331399441
-0.0939851403236,0.106961764395,1.0113940239,0.689106702805,-0.146898910403,-0.157159596682,-0.691992461681
-0.0985663831234,0.110255867243,1.0056656599,0.682900190353,-0.153860524297,-0.162278950214,-0.695442259312
-0.103000596166,0.114348471165,0.999459803104,0.681367456913,-0.19756065309,-0.143067881465,-0.690101206303
-0.107939511538,0.116252794862,0.994224011898,0.677590727806,-0.195997580886,-0.150939241052,-0.692584395409
-0.112536400557,0.119593754411,0.987701892853,0.674723207951,-0.198477908969,-0.155331075191,-0.693705618382
-0.117978915572,0.122208416462,0.983498454094,0.67011320591,-0.2060328722,-0.157454565167,-0.695490419865
-0.123262867332,0.126222059131,0.976707994938,0.662041902542,-0.21393635869,-0.163305357099,-0.699473559856
-0.128674641252,0.129978835583,0.971881389618,0.656782448292,-0.226548671722,-0.16501994431,-0.700057804585
-0.133532077074,0.130303159356,0.967983663082,0.667161285877,-0.206725776196,-0.180151924491,-0.692607939243
-0.138011202216,0.136247396469,0.962591588497,0.652943730354,-0.230216428638,-0.180451571941,-0.698643088341
-0.143248617649,0.139099776745,0.95784497261,0.651780903339,-0.231284141541,-0.187546670437,-0.697506606579
-0.14996470511,0.138547107577,0.95461499691,0.660694479942,-0.207604408264,-0.203242897987,-0.692152798176
-0.155196607113,0.143019810319,0.94995701313,0.662330269814,-0.216047734022,-0.20397426188,-0.687776446342
-0.159623935819,0.150085389614,0.944673836231,0.647198140621,-0.242568656802,-0.203367039561,-0.69349616766
-0.164996698499,0.153345003724,0.94033074379,0.646802783012,-0.239366307855,-0.213355600834,-0.69197499752
-0.170653879642,0.157109573483,0.936641335487,0.645876169205,-0.240462392569,-0.221605911851,-0.689864218235
-0.176284223795,0.160855010152,0.932742416859,0.645991206169,-0.243006005883,-0.227741494775,-0.686860561371
-0.181743606925,0.164202213287,0.92882668972,0.64435762167,-0.240896597505,-0.2385302037,-0.685474634171
-0.18749627471,0.165544316173,0.925920844078,0.637412965298,-0.201253786683,-0.271737545729,-0.692358672619
-0.192953273654,0.169638991356,0.922345876694,0.639020383358,-0.20014294982,-0.281064450741,-0.68745803833
-0.198616281152,0.174166858196,0.918916106224,0.638954818249,-0.216981813312,-0.280143886805,-0.682770133018
-0.204293608665,0.178180843592,0.915529549122,0.639160215855,-0.215983316302,-0.287854582071,-0.679680228233
-0.210061430931,0.182313486934,0.912537634373,0.635906279087,-0.218872219324,-0.295597791672,-0.678483605385
-0.21570174396,0.186256304383,0.909454584122,0.636188089848,-0.224888458848,-0.308769315481,-0.670336842537
-0.221362709999,0.190346300602,0.906690955162,0.633086979389,-0.224082052708,-0.309861749411,-0.673033118248
-0.227030649781,0.194282338023,0.903821468353,0.629778265953,-0.223235458136,-0.317013591528,-0.67308819294
-0.232766255736,0.198180198669,0.901005268097,0.629470765591,-0.223343297839,-0.324556678534,-0.669736802578
-0.238177165389,0.20065997541,0.898453950882,0.62599915266,-0.201170042157,-0.344290286303,-0.670164048672
-0.244965180755,0.204326882958,0.895774066448,0.621797323227,-0.205749750137,-0.350622862577,-0.66940176487
-0.249286532402,0.208016261458,0.892993688583,0.623719215393,-0.193709388375,-0.362226188183,-0.665013611317
-0.254263758659,0.20967759192,0.888763964176,0.63134521246,-0.165019482374,-0.376866787672,-0.657376110554
-0.259925425053,0.213304296136,0.886077284813,0.628877341747,-0.161066636443,-0.385502785444,-0.655712246895
-0.267670571804,0.219014897943,0.885715544224,0.609487235546,-0.197142675519,-0.380311518908,-0.667100667953
-0.271374374628,0.221527919173,0.881779253483,0.619651436806,-0.16492408514,-0.398439049721,-0.655803740025
-0.278524547815,0.227226451039,0.88117480278,0.607224106789,-0.194781988859,-0.396858006716,-0.660183906555
-0.283970415592,0.231113091111,0.878905713558,0.605795204639,-0.192536115646,-0.405265778303,-0.657040059566
-0.289321422577,0.234746277332,0.876878738403,0.603346765041,-0.189482375979,-0.412992984056,-0.655367016792
-0.295078337193,0.237535849214,0.874995708466,0.600983023643,-0.183644577861,-0.419480383396,-0.65508043766
-0.300056576729,0.241845160723,0.873131155968,0.602207660675,-0.182255715132,-0.430050611496,-0.647445082664
-0.308089494705,0.246240288019,0.870535075665,0.608482420444,-0.172496035695,-0.422349601984,-0.649319171906
-0.310762137175,0.248823046684,0.869544148445,0.599831700325,-0.174910649657,-0.446792215109,-0.640300810337
-0.31608697772,0.252350509167,0.867824018002,0.599593758583,-0.17086301744,-0.453977197409,-0.636551558971
-0.320859611034,0.254310101271,0.866721153259,0.591565310955,-0.168676137924,-0.463436841965,-0.637828588486
-0.328769624233,0.260508209467,0.863854527473,0.611463844776,-0.169156655669,-0.438100039959,-0.636840939522
-0.333674818277,0.263465642929,0.862572431564,0.60944467783,-0.164346724749,-0.447687834501,-0.633358538151
-0.338701099157,0.266537129879,0.861280798912,0.60782879591,-0.162785440683,-0.456439256668,-0.629053652287
-0.340905725956,0.269960194826,0.861452937126,0.607950806618,-0.164869695902,-0.477969318628,-0.612176001072
-0.345397144556,0.270592540503,0.859387516975,0.589708089828,-0.14328314364,-0.504994809628,-0.613754630089
-0.350797623396,0.274044930935,0.857960104942,0.597301125526,-0.156316459179,-0.498775452375,-0.608292639256
-0.357930153608,0.277166843414,0.855635881424,0.603338778019,-0.144755095243,-0.490980535746,-0.611527979374
-0.362707585096,0.279792129993,0.854667723179,0.601087152958,-0.144718319178,-0.498029708862,-0.608043849468
-0.368074923754,0.281908154488,0.853057980537,0.600934624672,-0.139526546001,-0.50272834301,-0.605536222458
-0.372175067663,0.2846378088,0.852230668068,0.598885715008,-0.140754342079,-0.510705292225,-0.60058683157
-0.37685406208,0.286959856749,0.850999772549,0.597055256367,-0.138233929873,-0.516560912132,-0.597981154919
-0.381333053112,0.289154618979,0.849805593491,0.594958424568,-0.136897861958,-0.522108316422,-0.595555603504
-0.385744571686,0.291020512581,0.848419904709,0.592159092426,-0.132941454649,-0.527951002121,-0.594089388847
-0.390172749758,0.293202280998,0.847245693207,0.590059041977,-0.132166102529,-0.533925175667,-0.591004431248
-0.394544392824,0.295225858688,0.846079587936,0.587491989136,-0.133421033621,-0.538984954357,-0.588682770729
-0.398595750332,0.297019600868,0.844661712646,0.584595620632,-0.132153749466,-0.543713331223,-0.587502717972
-0.402845919132,0.298744946718,0.843528747559,0.579462110996,-0.136268481612,-0.548159062862,-0.587517142296
-0.407011210918,0.300339311361,0.84192943573,0.577412962914,-0.135368824005,-0.551755726337,-0.586374759674
-0.411200076342,0.30181568861,0.840684652328,0.574105978012,-0.138227596879,-0.556209206581,-0.584745228291
-0.415260255337,0.303188771009,0.839064478874,0.571525871754,-0.136747911572,-0.55998980999,-0.584011673927
-0.419263899326,0.304492115974,0.837576270103,0.567448079586,-0.138599202037,-0.565426051617,-0.582311272621
-0.423336088657,0.305567651987,0.836233258247,0.565537512302,-0.136794820428,-0.568584740162,-0.581520318985
-0.427428662777,0.306122213602,0.833839058876,0.56176006794,-0.130471035838,-0.574509203434,-0.580811619759
-0.431438922882,0.307104438543,0.832549333572,0.558646976948,-0.131255596876,-0.576885163784,-0.581282258034
-0.43556958437,0.308535993099,0.83202445507,0.553988993168,-0.140800818801,-0.576447486877,-0.58393484354
-0.438995152712,0.30951410532,0.830802500248,-0.54910993576,0.14503377676,0.582096457481,0.581899881363
-0.443126916885,0.310198992491,0.829173088074,-0.545422196388,0.145865544677,0.583652079105,0.58359926939
-0.446831852198,0.310412466526,0.826908946037,-0.541898548603,0.139994710684,0.589565753937,0.582374334335
-0.450269013643,0.311746895313,0.826459288597,-0.534866034985,0.153015062213,0.590929865837,0.584214508533
-0.453746318817,0.31222563982,0.82531952858,-0.529230833054,0.156282946467,0.597693741322,0.581594705582
-0.458059042692,0.312032133341,0.822518646717,-0.526861548424,0.147396013141,0.596667230129,0.587094306946
-0.46124330163,0.313401550055,0.822460949421,-0.520736396313,0.1654497087,0.596984803677,0.587425887585
-0.464522629976,0.313874900341,0.821241021156,-0.515830338001,0.169226899743,0.599188864231,0.588433742523
-0.468019038439,0.314181268215,0.819952011108,-0.511347770691,0.172209218144,0.601068675518,0.589562356472
-0.471337229013,0.313664108515,0.817548215389,-0.509333074093,0.163000896573,0.605072677135,0.589828491211
-0.474495410919,0.313970059156,0.816098690033,-0.503669381142,0.167344406247,0.608081817627,0.590380847454
-0.477589428425,0.314036726952,0.815250277519,-0.501000881195,0.169763967395,0.608661830425,0.59136223793
-0.48067227006,0.314182460308,0.814029991627,-0.497789621353,0.172964766622,0.609841883183,0.5919303298
-0.483481615782,0.315275162458,0.814519405365,-0.492062687874,0.194230601192,0.607517063618,0.592513442039
-0.485248118639,0.315465807915,0.813589036465,-0.485679894686,0.201821148396,0.614443302155,0.588083922863
-0.48781260848,0.314778804779,0.812192738056,-0.475460499525,0.200040653348,0.624302327633,0.58665817976
-0.489673286676,0.315285801888,0.812222182751,-0.482179045677,0.207579448819,0.618521332741,0.584675610065
-0.493031322956,0.315269321203,0.810941934586,-0.479498386383,0.210746392608,0.617263257504,0.587071895599
-0.496603697538,0.315103590488,0.810320913792,-0.48111435771,0.21082752943,0.611995458603,0.591221153736
-0.498858034611,0.315023064613,0.809543013573,-0.480015397072,0.213666215539,0.612668275833,0.590397953987
-0.500860691071,0.314699232578,0.808830440044,-0.4785348773,0.21431414783,0.618071198463,0.585714936256
-0.503336429596,0.314669132233,0.808044850826,-0.479345709085,0.218176916242,0.613244533539,0.588691592216
-0.505092084408,0.314631104469,0.807510435581,-0.478906899691,0.221282869577,0.614387631416,0.586694180965
-0.506845116615,0.314435184002,0.80684441328,-0.478247344494,0.222822368145,0.614890038967,0.586122751236
-0.508484721184,0.31435585022,0.806317269802,-0.477491438389,0.225971102715,0.615778565407,0.584598958492
-0.510103106499,0.314175456762,0.805748820305,-0.476956158876,0.227966293693,0.615794062614,0.584244787693
-0.511588454247,0.313939541578,0.805167913437,-0.476700484753,0.230026304722,0.615892767906,0.583541631699
-0.511205971241,0.313073962927,0.804273962975,-0.464236855507,0.222750738263,0.636595666409,0.574118614197
-0.514280259609,0.313487112522,0.804042220116,-0.476477771997,0.233388900757,0.615329623222,0.582982122898
-0.515224575996,0.31327778101,0.803543508053,-0.476049184799,0.235170513391,0.615928590298,0.581982851028
-0.516252636909,0.31284531951,0.802946567535,-0.475621163845,0.235601425171,0.616250872612,0.581817388535
-0.517225086689,0.312623053789,0.802377998829,-0.473807007074,0.235864371061,0.61778742075,0.581561386585
-0.517725050449,0.312774062157,0.80212444067,-0.473937958479,0.241457670927,0.615192353725,0.581910252571
-0.51842713356,0.312650769949,0.80158752203,-0.47372213006,0.242771089077,0.614159166813,0.582630336285
-0.518918812275,0.312620043755,0.801249504089,-0.473000824451,0.24591691792,0.613301217556,0.582800865173
-0.51923930645,0.312559455633,0.800830185413,-0.472043484449,0.248178884387,0.612252175808,0.583720684052
-0.51940125227,0.312466800213,0.800408124924,-0.470785737038,0.250206112862,0.611576795578,0.584578156471
-0.51943385601,0.312421023846,0.79988014698,-0.47067207098,0.250239253044,0.610466063023,0.585815310478
-0.519412994385,0.312468796968,0.799516916275,-0.469938248396,0.252313584089,0.608908712864,0.587133824825
-0.519337832928,0.312601953745,0.799241900444,-0.468883633614,0.255310535431,0.607164978981,0.588485777378
-0.519059598446,0.312657386065,0.798908352852,-0.467633634806,0.256900131702,0.60607945919,0.589906036854
-0.518586754799,0.312764942646,0.79854953289,-0.466362088919,0.257817924023,0.605309128761,0.591301262379
-0.518015801907,0.312945634127,0.798280954361,-0.465580403805,0.259449958801,0.603648424149,0.592899143696
-0.517374277115,0.313167750835,0.798065304756,-0.464366465807,0.261322975159,0.601546525955,0.595160365105
-0.516588747501,0.313409924507,0.797818422318,-0.463855773211,0.261912077665,0.599564909935,0.597295403481
-0.515652775764,0.313688546419,0.79763686657,0.464054465294,-0.262215197086,-0.598145663738,-0.598429977894
-0.514632582664,0.313999921083,0.797453939915,0.463959574699,-0.26193189621,-0.597005426884,-0.599764704704
-0.513460338116,0.314340829849,0.797351002693,0.463206708431,-0.26245996356,-0.595930635929,-0.601182937622
-0.512148678303,0.31444516778,0.79725843668,0.462200731039,-0.259823322296,-0.598785936832,-0.600265026093
-0.51087886095,0.314502388239,0.796998023987,0.463159412146,-0.255470335484,-0.598598241806,-0.601580142975
-0.510154545307,0.315326452255,0.79699909687,0.463322609663,-0.260588020086,-0.589123547077,-0.608571708202
-0.507739901543,0.314738184214,0.796877324581,-0.457243949175,0.244664445519,0.60609972477,0.603084206581
-0.505898833275,0.315402418375,0.797314882278,-0.457457900047,0.247857525945,0.604252517223,0.603471517563
-0.504896223545,0.316257834435,0.79701089859,0.464977145195,-0.253698676825,-0.589296638966,-0.610051453114
-0.503165245056,0.31670358777,0.797399759293,0.463757574558,-0.254283130169,-0.589965581894,-0.610089957714
-0.500913858414,0.316611468792,0.797567486763,0.458029031754,-0.244704723358,-0.598827004433,-0.609701097012
-0.499509811401,0.317716836929,0.797607600689,0.46474057436,-0.254232466221,-0.58263874054,-0.61637198925
-0.497764140368,0.318013757467,0.797718703747,0.464472740889,-0.251789271832,-0.580874443054,-0.619235157967
-0.495952397585,0.317563176155,0.797832787037,0.457144528627,-0.238258302212,-0.591659009457,-0.61983191967
-0.494183331728,0.31847858429,0.797947645187,0.464960753918,-0.244697630405,-0.578139781952,-0.624250710011
-0.492011010647,0.319009780884,0.798494577408,0.464438706636,-0.244667768478,-0.576401591301,-0.626255393028
-0.490146517754,0.319473713636,0.798773646355,0.464415609837,-0.243211939931,-0.574324309826,-0.628743052483
-0.487933635712,0.319086849689,0.799091339111,0.45889300108,-0.229283958673,-0.58530330658,-0.627906262875
-0.485800921917,0.319370150566,0.799502789974,0.45938834548,-0.226248919964,-0.584455370903,-0.629432916641
-0.483908265829,0.319620788097,0.799797654152,0.460379123688,-0.221566647291,-0.583133518696,-0.631596803665
-0.482322394848,0.320572435856,0.800212442875,0.46759802103,-0.229633778334,-0.568062663078,-0.637122809887
-0.480055630207,0.320328891277,0.80074596405,0.466463655233,-0.220802083611,-0.575253307819,-0.634619355202
-0.478101462126,0.320548057556,0.801144421101,0.468919187784,-0.216032028198,-0.57409787178,-0.635497272015
-0.475922107697,0.320653825998,0.801734983921,0.471718162298,-0.211471751332,-0.573443114758,-0.635550737381
-0.474087327719,0.320825010538,0.802201449871,0.47377961874,-0.20585565269,-0.573402822018,-0.635897576809
-0.472078353167,0.321200579405,0.802821278572,0.480095148087,-0.204631716013,-0.569091916084,-0.635428249836
-0.470170557499,0.321298986673,0.803394436836,0.484332501888,-0.198917552829,-0.568267643452,-0.634764492512
-0.468424648046,0.321393549442,0.80400454998,0.487858742476,-0.193461894989,-0.566573500633,-0.635264337063
-0.465775102377,0.320962578058,0.804785251617,0.487180173397,-0.18003462255,-0.576201200485,-0.631058752537
-0.463866621256,0.320957809687,0.805395960808,0.490140736103,-0.1734944731,-0.576478362083,-0.630344808102
-0.461678683758,0.320882081985,0.806166708469,0.492342144251,-0.167714342475,-0.577634811401,-0.629133820534
-0.459687322378,0.320841610432,0.806813418865,0.495054364204,-0.160817086697,-0.578395962715,-0.628105938435
-0.457827597857,0.320751518011,0.807574033737,0.49712407589,-0.15556357801,-0.578936517239,-0.627296030521
-0.45560541749,0.320678651333,0.8083537817,0.500499844551,-0.149690613151,-0.580638647079,-0.624460935593
-0.453934192657,0.319702535868,0.807587385178,0.506334662437,-0.12799051404,-0.583395242691,-0.622007727623
-0.452293097973,0.321189314127,0.809663712978,0.514494717121,-0.150310277939,-0.56898778677,-0.623662531376
-0.450580149889,0.321192413568,0.810354113579,0.518104195595,-0.145394012332,-0.569432616234,-0.621430039406
-0.449146389961,0.320287078619,0.809637665749,0.523281514645,-0.126356169581,-0.571593165398,-0.619267344475
-0.447409033775,0.320226728916,0.810460269451,0.526547193527,-0.124389901757,-0.571288824081,-0.617174506187
-0.445871561766,0.320262014866,0.811043739319,0.529860794544,-0.121648810804,-0.570462107658,-0.615647792816
-0.444259464741,0.320034056902,0.811663627625,0.531586229801,-0.115742914379,-0.574083089828,-0.611921846867
-0.442873895168,0.320110946894,0.812213122845,0.534472346306,-0.116033747792,-0.569970846176,-0.61319565773
-0.441373080015,0.320719212294,0.813818156719,0.535288214684,-0.12441265583,-0.566875517368,-0.613710165024
-0.440396159887,0.320084363222,0.813122749329,0.539390027523,-0.112094171345,-0.566766738892,-0.612591862679
-0.439111322165,0.320004373789,0.813549101353,0.541336655617,-0.109507091343,-0.565334439278,-0.612666070461
-0.437740981579,0.320324450731,0.815100729465,0.54030752182,-0.11597584933,-0.56632733345,-0.611466050148
-0.436960369349,0.320525109768,0.815366983414,0.542764663696,-0.118170589209,-0.559431433678,-0.615206062794
-0.435850828886,0.320445150137,0.815639853477,0.543469369411,-0.116405256093,-0.558470070362,-0.615793824196
-0.435007840395,0.320385664701,0.815987288952,0.543618440628,-0.116700209677,-0.556620955467,-0.61727899313
-0.433687508106,0.318838328123,0.815273344517,0.534671664238,-0.0894048959017,-0.57125377655,-0.616280972958
-0.432929247618,0.318778932095,0.815574288368,0.535121798515,-0.08993383497,-0.569494307041,-0.617440581322
-0.43225133419,0.318677037954,0.815786838531,0.535306692123,-0.0895217731595,-0.567174017429,-0.619472682476
-0.431320607662,0.319170415401,0.817078888416,0.534086763859,-0.0985201746225,-0.563867628574,-0.622172296047
-0.430652469397,0.319071024656,0.817516863346,0.534001588821,-0.101066716015,-0.56148147583,-0.623992323875
-0.430014610291,0.318915784359,0.81777536869,0.534289062023,-0.101828359067,-0.559577763081,-0.625331103802
-0.429742187262,0.31808540225,0.816947698593,0.536968410015,-0.093141593039,-0.558231770992,-0.625593304634
-0.429230898619,0.317869096994,0.817159354687,0.537494540215,-0.093523979187,-0.555945515633,-0.627118527889
-0.428749442101,0.317622005939,0.817283391953,0.537717819214,-0.0934035181999,-0.554188251495,-0.628498852253
-0.428874790668,0.31828674674,0.817382454872,0.547475814819,-0.112014070153,-0.536831259727,-0.632088184357
-0.427858054638,0.31709009409,0.817459642887,0.537152409554,-0.0941463932395,-0.550277113914,-0.632296562195
-0.427744269371,0.317643135786,0.817661225796,0.545994281769,-0.113674923778,-0.533954381943,-0.635500669479
-0.426398545504,0.31703966856,0.818675041199,0.533401310444,-0.104164578021,-0.546273171902,-0.637352705002
-0.42610502243,0.316762149334,0.81887871027,0.532031416893,-0.108465828001,-0.543283104897,-0.640329182148
-0.426077187061,0.315974056721,0.817852735519,0.538312733173,-0.107815027237,-0.537734568119,-0.639872670174
-0.425900638103,0.315786093473,0.817968010902,0.533733189106,-0.109510183334,-0.538302481174,-0.642936229706
-0.424989402294,0.315017104149,0.817817687988,0.531876981258,-0.103144586086,-0.536959648132,-0.646639466286
-0.424494624138,0.314649701118,0.818040370941,0.532889842987,-0.10800730437,-0.533383786678,-0.647969663143
-0.42384955287,0.314242988825,0.818214178085,0.531834900379,-0.11158105731,-0.53056114912,-0.650543034077
-0.423423349857,0.313908278942,0.818317055702,0.530485808849,-0.116176657379,-0.525812864304,-0.654682219028
-0.423044502735,0.31358525157,0.818446457386,0.528990447521,-0.120812512934,-0.520604670048,-0.65919983387
-0.423184871674,0.313558936119,0.818584084511,0.526065349579,-0.129573762417,-0.512791156769,-0.665966451168
-0.422013103962,0.31361630559,0.819934546947,0.518929600716,-0.139650404453,-0.507072865963,-0.67385995388
-0.421603143215,0.313176602125,0.820268154144,0.515610396862,-0.145492166281,-0.499436527491,-0.680838644505
-0.421153724194,0.312634021044,0.820574104786,0.511153101921,-0.150683686137,-0.492403835058,-0.688153624535
-0.420870482922,0.311890989542,0.820756077766,0.505473196507,-0.15423758328,-0.483668386936,-0.69769102335
-0.420255750418,0.311136245728,0.821150064468,0.49929651618,-0.159163355827,-0.475051403046,-0.70689201355
-0.419769525528,0.310516804457,0.821132957935,0.495914787054,-0.163306415081,-0.478872001171,-0.705748677254
-0.416861832142,0.309130460024,0.822798848152,0.483134329319,-0.17409132421,-0.469516634941,-0.71821141243
-0.416301250458,0.308158785105,0.823283076286,0.473700255156,-0.180347278714,-0.458869487047,-0.729740917683
-0.415504455566,0.306828469038,0.823756337166,0.461417138577,-0.188398197293,-0.447577744722,-0.742478728294
-0.415004640818,0.305783301592,0.824359416962,0.450728952885,-0.197254091501,-0.43329834938,-0.755107164383
-0.414363712072,0.304751962423,0.825076401234,0.439743340015,-0.207456380129,-0.417390793562,-0.767706036568
-0.413771688938,0.303996026516,0.825977087021,0.42859223485,-0.220360130072,-0.398631632328,-0.780283987522
-0.412925183773,0.303109019995,0.827003717422,0.4190736413,-0.233435377479,-0.379398554564,-0.791165053844
-0.412081539631,0.302463293076,0.828284621239,0.408221811056,-0.250714451075,-0.359366029501,-0.800845503807
-0.411071419716,0.301746547222,0.82967621088,0.398582994938,-0.267599612474,-0.337489545345,-0.809705376625
-0.410178720951,0.301392495632,0.831452548504,0.385658740997,-0.283789545298,-0.317043721676,-0.818666100502
-0.408936202526,0.300601392984,0.832892596722,0.379632622004,-0.302477538586,-0.292803347111,-0.823803901672
-0.407664626837,0.299450516701,0.832946777344,0.377357453108,-0.299945652485,-0.276956439018,-0.831221520901
-0.406528711319,0.298414617777,0.834576308727,0.368376135826,-0.319845199585,-0.252729415894,-0.835539340973
-0.405051410198,0.29750841856,0.836090445518,0.354735225439,-0.333224266768,-0.231628268957,-0.842302203178
-0.405291438103,0.295484989882,0.836467444897,0.351901322603,-0.332864046097,-0.215990364552,-0.847770690918
-0.404792547226,0.294204413891,0.837555289268,0.343889921904,-0.338926613331,-0.19732247293,-0.853189527988
-0.403522968292,0.293301135302,0.838780105114,0.336962372065,-0.368400007486,-0.179504171014,-0.847653269768
-0.402142256498,0.291048824787,0.840196073055,0.317958623171,-0.352739840746,-0.169995188713,-0.863468945026
-0.401647150517,0.289958894253,0.842182517052,0.305119156837,-0.36614587903,-0.155783444643,-0.865200042725
-0.401023328304,0.288061231375,0.843798577785,0.301214426756,-0.383170157671,-0.158476218581,-0.858682572842
-0.400393933058,0.286535203457,0.844603955746,0.295951455832,-0.382252752781,-0.150607317686,-0.862330079079
-0.399457812309,0.285123169422,0.845360040665,0.291201651096,-0.381657123566,-0.145287781954,-0.865119099617
-0.398720026016,0.284077972174,0.846271157265,0.289630353451,-0.382037192583,-0.140341997147,-0.866294443607
-0.39800798893,0.283291965723,0.84706568718,0.292453676462,-0.380476415157,-0.135288700461,-0.866836547852
-0.396911472082,0.283145070076,0.847103595734,0.290253311396,-0.364435464144,-0.119771242142,-0.876695334911
-0.396032750607,0.282630443573,0.847866475582,0.292533606291,-0.36885741353,-0.114156126976,-0.874835252762
-0.395240277052,0.281535834074,0.849143564701,0.295555830002,-0.380176723003,-0.129837065935,-0.866749465466
-0.394297927618,0.281092464924,0.849789977074,0.299240261316,-0.378555655479,-0.131381317973,-0.86596173048
-0.393631994724,0.281376391649,0.850305557251,0.303578019142,-0.376594424248,-0.131131231785,-0.865344822407
-0.392199128866,0.280928403139,0.849561572075,0.314852535725,-0.365749001503,-0.137659758329,-0.864953994751
-0.391496747732,0.280921638012,0.849969267845,0.319239765406,-0.362555712461,-0.141154363751,-0.864126622677
-0.390568345785,0.281859695911,0.849423706532,0.320091634989,-0.347671240568,-0.1288446486,-0.871817111969
-0.389771014452,0.282240211964,0.849590659142,0.325341790915,-0.344224512577,-0.13535015285,-0.870254337788
-0.389011502266,0.28278452158,0.84970164299,0.329781234264,-0.339527517557,-0.141745597124,-0.869409918785
-0.389234542847,0.283190727234,0.851278185844,0.33084204793,-0.353332281113,-0.162587180734,-0.85980540514
-0.388449072838,0.284232795238,0.851327061653,0.334299862385,-0.34916767478,-0.169598251581,-0.858814299107
-0.387781202793,0.286141127348,0.850778996944,0.338370800018,-0.33613973856,-0.161216750741,-0.864016592503
-0.387121528387,0.287178844213,0.850423395634,0.341260552406,-0.326072692871,-0.175392001867,-0.863976597786
-0.386742532253,0.288894414902,0.850250959396,0.348914891481,-0.320609629154,-0.18319901824,-0.861339688301
-0.387368828058,0.28967872262,0.847482144833,0.371032804251,-0.292651981115,-0.194730773568,-0.859516978264
-0.386086076498,0.292319059372,0.849546432495,0.360808610916,-0.307821989059,-0.203938871622,-0.856429576874
-0.386221021414,0.292771667242,0.847122013569,0.381272673607,-0.281472146511,-0.22203989327,-0.852116763592
-0.38576489687,0.294564396143,0.846854150295,0.388141900301,-0.274847000837,-0.235821694136,-0.847462832928
-0.385275423527,0.296595960855,0.846425175667,0.39556697011,-0.266271978617,-0.24920900166,-0.842923998833
-0.384963303804,0.298584878445,0.846259355545,0.402470052242,-0.259591579437,-0.263898670673,-0.837250053883
-0.384337484837,0.300783067942,0.84839785099,0.402797788382,-0.278311908245,-0.288276910782,-0.822917342186
-0.384621739388,0.30202037096,0.846015870571,0.420570731163,-0.250146299601,-0.305733382702,-0.81674605608
-0.383615911007,0.304711341858,0.846353769302,0.422247201204,-0.247631087899,-0.317306637764,-0.812220871449
-0.384238183498,0.307388007641,0.847365021706,0.416326493025,-0.255727857351,-0.328883826733,-0.808152794838
-0.384145230055,0.308724343777,0.844995081425,0.431113660336,-0.227125242352,-0.347744137049,-0.801017582417
-0.384269952774,0.311042070389,0.844523370266,0.432399272919,-0.219532757998,-0.358755528927,-0.79757797718
-0.384927541018,0.312514126301,0.843474209309,0.437021017075,-0.205092430115,-0.370954245329,-0.793311238289
-0.385001897812,0.315761804581,0.844997882843,0.428988486528,-0.218917652965,-0.376140147448,-0.791557133198
-0.385384738445,0.31817188859,0.844799041748,0.426673680544,-0.214150339365,-0.373021394014,-0.79557800293
-0.385992318392,0.320361107588,0.844453811646,0.428918927908,-0.208219826221,-0.380818128586,-0.792244017124
-0.386482179165,0.322877794504,0.843979895115,0.428483188152,-0.200433179736,-0.386937856674,-0.791522443295
-0.386633336544,0.325053721666,0.842821896076,0.435822099447,-0.187250748277,-0.392997801304,-0.787749350071
-0.387774199247,0.327301084995,0.843591690063,0.432911127806,-0.195743948221,-0.396562546492,-0.785500049591
-0.388548433781,0.329955369234,0.844029307365,0.431369364262,-0.202213615179,-0.399266541004,-0.783336699009
-0.389139890671,0.331595093012,0.843274176121,0.437799394131,-0.192517310381,-0.404595941305,-0.779468357563
-0.389700502157,0.333490341902,0.843057572842,0.440380603075,-0.189244508743,-0.408418476582,-0.776817798615
-0.390508472919,0.335774123669,0.844078540802,0.440023988485,-0.203694850206,-0.40958532691,-0.772740066051
-0.391032487154,0.336849272251,0.843012809753,0.445437163115,-0.186717092991,-0.415009438992,-0.771031677723
-0.391656458378,0.338561713696,0.843268096447,0.44913688302,-0.190135076642,-0.416649788618,-0.767155706882
-0.392410427332,0.340151041746,0.843828439713,0.446775406599,-0.19248342514,-0.419618606567,-0.766330301762
-0.395581662655,0.341474562883,0.842402219772,0.45530796051,-0.181184634566,-0.405907958746,-0.771430850029
-0.393446981907,0.341576516628,0.843461275101,0.457885086536,-0.181584388018,-0.425020366907,-0.75942492485
-0.396518349648,0.342736005783,0.842722773552,0.461906433105,-0.172648981214,-0.411989688873,-0.766224086285
-0.397104263306,0.343105852604,0.843095898628,0.464120775461,-0.170731723309,-0.413515597582,-0.76449161768
-0.397500216961,0.343223869801,0.843351662159,0.466481775045,-0.167305767536,-0.414765775204,-0.763133585453
-0.397870332003,0.343237817287,0.843713760376,0.469550162554,-0.163690283895,-0.41526901722,-0.761761009693
-0.395939767361,0.342595219612,0.845270395279,0.470924705267,-0.167308047414,-0.428665518761,-0.752651274204
-0.395999103785,0.342371374369,0.84584403038,0.475079059601,-0.164041221142,-0.428144991398,-0.751054167747
-0.396030843258,0.342069089413,0.846409857273,0.47943687439,-0.161365106702,-0.426669448614,-0.749703109264
-0.396094560623,0.341473847628,0.846989810467,0.484129965305,-0.158560842276,-0.424574047327,-0.748474240303
-0.395890712738,0.340827435255,0.847957849503,0.488165408373,-0.158568203449,-0.422509491444,-0.747018396854
-0.395596235991,0.339963763952,0.848622739315,0.493256449699,-0.154775172472,-0.419959008694,-0.745907008648
-0.395266830921,0.338973611593,0.849569201469,0.499019086361,-0.153282850981,-0.417554527521,-0.743728935719
-0.396755874157,0.338146746159,0.849694311619,0.505248367786,-0.145775213838,-0.402074635029,-0.749539613724
-0.394017398357,0.336442440748,0.851546168327,0.507407844067,-0.149233594537,-0.412424206734,-0.741736412048
-0.3933596313,0.33513584733,0.852818012238,0.514023065567,-0.146431848407,-0.408045381308,-0.740160167217
-0.394576191902,0.333925485611,0.852678894997,0.517764866352,-0.138375833631,-0.390433102846,-0.74855440855
-0.393368005753,0.332231074572,0.853983283043,0.521713793278,-0.136924088001,-0.387929707766,-0.747380018234
-0.392210066319,0.330463469028,0.854808568954,0.527962565422,-0.130721136928,-0.383627384901,-0.74632281065
-0.390957534313,0.329167276621,0.856890678406,0.529865384102,-0.13754338026,-0.379061549902,-0.746080994606
-0.389004766941,0.32657623291,0.857620537281,0.539010643959,-0.125153362751,-0.377568334341,-0.742459714413
-0.387420535088,0.325092852116,0.859876871109,0.541110813618,-0.132326722145,-0.37353810668,-0.741726458073
-0.385404169559,0.322068154812,0.860240340233,0.553247511387,-0.114042580128,-0.370517730713,-0.737311422825
-0.383427977562,0.320042490959,0.86191534996,0.56254607439,-0.114720441401,-0.364831835032,-0.732993245125
-0.381177186966,0.317930698395,0.863767504692,0.569848179817,-0.11241260916,-0.361840963364,-0.729183018208
-0.378759562969,0.31558445096,0.865658760071,0.578505694866,-0.110041350126,-0.357251107693,-0.724978506565
-0.376207888126,0.313654303551,0.867994844913,0.585433542728,-0.110852070153,-0.352833479643,-0.721448481083
-0.37344533205,0.31107327342,0.869798660278,0.59428358078,-0.104635126889,-0.348578929901,-0.717196762562
-0.37062856555,0.308632582426,0.871894359589,0.602208673954,-0.101627521217,-0.343995630741,-0.713220715523
-0.367641925812,0.306481152773,0.87444704771,0.607714414597,-0.103683717549,-0.340326309204,-0.710007727146
-0.36450958252,0.303790420294,0.876634597778,0.615222096443,-0.0992219820619,-0.335701644421,-0.70637178421
-0.361459076405,0.301174998283,0.879138410091,0.621881783009,-0.0974522083998,-0.330620378256,-0.703175961971
-0.358420968056,0.29879784584,0.881700098515,0.629295527935,-0.0969393700361,-0.322867125273,-0.700247704983
-0.355211496353,0.29636746645,0.884344100952,0.635211229324,-0.0963357314467,-0.317613989115,-0.697386324406
-0.351728498936,0.293901085854,0.887437343597,0.642051517963,-0.100012160838,-0.311080425978,-0.693539023399
-0.348229050636,0.292206555605,0.89312762022,0.635391175747,-0.135241210461,-0.314291894436,-0.692248821259
-0.341485321522,0.285870343447,0.893272459507,0.666320741177,-0.0771626383066,-0.31991481781,-0.669116675854
-0.338014066219,0.283364087343,0.896555006504,-0.674297869205,0.0800455212593,0.313000947237,0.66403734684
-0.337516188622,0.284655183554,0.90335559845,0.657111108303,-0.141539812088,-0.290179044008,-0.681151747704
-0.334018051624,0.28234654665,0.90680462122,0.66330242157,-0.147308290005,-0.281633675098,-0.677504777908
-0.33011457324,0.279807299376,0.909929394722,-0.671940326691,0.166392147541,0.273678272963,0.66776496172
-0.326423287392,0.277789890766,0.91377145052,-0.680405259132,0.169227257371,0.262432008982,0.662978410721
-0.322733104229,0.275682389736,0.917395710945,-0.681017041206,0.173687115312,0.24347448349,0.668407678604
-0.320923149586,0.269868552685,0.923141956329,-0.68557035923,0.174079209566,0.243403404951,0.663659989834
-0.316884368658,0.266832649708,0.926783680916,-0.691216826439,0.170669078827,0.236312046647,0.661247432232
-0.312449395657,0.264057666063,0.930571675301,-0.695894122124,0.166289865971,0.220807045698,0.662814617157
-0.306521594524,0.267552673817,0.93193256855,-0.682988882065,0.208882376552,0.206970348954,0.668623566628
-0.306004524231,0.262312233448,0.939173579216,-0.686536192894,0.208239614964,0.197952717543,0.667921543121
-0.301643252373,0.259316533804,0.943094909191,-0.694962620735,0.204058855772,0.190373063087,0.662680387497
-0.297036975622,0.257552921772,0.947731673717,-0.69317394495,0.196523413062,0.17684879899,0.670531928539
-0.286042332649,0.247928783298,0.950081110001,-0.755157649517,0.108353793621,0.20821583271,0.612080574036
-0.281364530325,0.245104655623,0.954351782799,-0.76215928793,0.107362233102,0.201722607017,0.605718195438
-0.276913702488,0.242821902037,0.958679616451,-0.764795064926,0.109042130411,0.185728490353,0.607209384441
-0.272688180208,0.240079268813,0.963412821293,-0.767957508564,0.101396098733,0.180919259787,0.605993747711
-0.268289864063,0.238358333707,0.967067599297,-0.771722137928,0.116081126034,0.168138980865,0.602245509624
-0.263769865036,0.235597759485,0.971457540989,-0.775624632835,0.116442024708,0.1612778157,0.599030315876
-0.26186054945,0.235944807529,0.975563287735,-0.759868144989,0.144593298435,0.141335234046,0.617832899094
-0.256902694702,0.233607202768,0.9792791605,-0.762083888054,0.156852200627,0.131567209959,0.61426025629
-0.252368301153,0.231319844723,0.983489274979,-0.763815045357,0.157197773457,0.121806181967,0.614034891129
-0.247532442212,0.230092793703,0.98770159483,-0.759319245815,0.168777912855,0.11268042028,0.618264913559
-0.242976695299,0.229298993945,0.991830706596,-0.752909481525,0.178830757737,0.101236842573,0.625218391418
-0.238575413823,0.224425852299,0.997012257576,-0.76746070385,0.160951599479,0.10189589113,0.61214029789
-0.23392868042,0.221713125706,1.00131952763,-0.772088766098,0.161927834153,0.09469332546,0.607199668884
-0.229137331247,0.218741297722,1.00574314594,-0.774736762047,0.161838874221,0.0890574976802,0.604698300362
-0.224490329623,0.21605309844,1.01021444798,-0.779502511024,0.163348466158,0.0825805142522,0.599060595036
-0.21983577311,0.213375493884,1.01467049122,-0.783392846584,0.164358198643,0.0776495635509,0.594350636005
-0.215132892132,0.209726631641,1.01876521111,-0.794477939606,0.162718072534,0.0715923681855,0.580691277981
-0.21095277369,0.206551045179,1.02410423756,-0.798055052757,0.140751451254,0.0770826265216,0.580823242664
-0.20638486743,0.204470694065,1.02830600739,-0.802882373333,0.157883644104,0.0631166398525,0.571374773979
-0.20210403204,0.201918691397,1.03272950649,-0.807222485542,0.154623791575,0.0568562783301,0.566789865494
-0.197839289904,0.199469015002,1.03708720207,-0.809075891972,0.154141694307,0.0499490350485,0.56492638588
-0.193774953485,0.197001606226,1.04142796993,-0.810863614082,0.157152757049,0.0430701822042,0.562092661858
-0.189693063498,0.194608598948,1.04555439949,-0.810320436954,0.155397713184,0.0362240634859,0.56384408474
-0.186195299029,0.191679805517,1.04985618591,-0.811900258064,0.153566077352,0.0311569105834,0.562374174595
-0.18247911334,0.188979819417,1.05372846127,-0.810877144337,0.151617854834,0.0235415957868,0.56474429369
-0.179473742843,0.185463756323,1.05833983421,-0.808840274811,0.12735272944,0.0327869914472,0.573135197163
-0.176115587354,0.183292895555,1.06202030182,-0.808746516705,0.129059135914,0.025301752612,0.573264956474
-0.172966301441,0.179865300655,1.06539583206,-0.803684413433,0.123961135745,0.0229358207434,0.58154886961
-0.169908195734,0.177025020123,1.06872725487,-0.800765693188,0.12202886492,0.0180473960936,0.586137831211
-0.167038932443,0.174172073603,1.07185339928,-0.799018502235,0.120638869703,0.014717455022,0.588896632195
-0.164440616965,0.171671569347,1.07486128807,-0.798582732677,0.120613701642,0.0104098543525,0.589584290981
-0.161345139146,0.1713770926,1.07722818851,-0.790822148323,0.147471576929,-0.00809239689261,0.593958675861
-0.159337937832,0.167779445648,1.08003652096,-0.789788782597,0.133106276393,-0.00139185762964,0.598760724068
-0.15684209764,0.165356069803,1.08251106739,-0.791625797749,0.14590869844,-0.0105207124725,0.59323567152
-0.155155748129,0.162186801434,1.08523964882,-0.794528007507,0.130624845624,-0.00410602986813,0.592997074127
-0.153401181102,0.159682691097,1.0874761343,-0.795475423336,0.131785199046,-0.00566176418215,0.591455459595
-0.152054592967,0.15717433393,1.08961391449,-0.79668456316,0.132781788707,-0.00641922000796,0.589594304562
-0.150635287166,0.154890805483,1.09164714813,-0.798832952976,0.134214058518,-0.00883799884468,0.586322784424
-0.149645060301,0.151873290539,1.09361124039,-0.79980635643,0.131894141436,-0.00754684349522,0.585539877415
-0.146904245019,0.149334445596,1.09327840805,-0.789927780628,0.10566111654,-0.0283088292927,0.603364348412
-0.146214783192,0.146755427122,1.09502065182,-0.787317574024,0.102108463645,-0.0384903885424,0.606814205647
-0.149537354708,0.140705540776,1.10000622272,-0.81001496315,0.117941319942,0.0100995767862,0.574337542057
-0.148359417915,0.139739617705,1.10057747364,-0.805123746395,0.128114685416,0.0123822521418,0.57897233963
-0.148836314678,0.136030733585,1.10148346424,-0.804960548878,0.1222493276,0.0220623072237,0.580178380013
-0.149362280965,0.132819384336,1.102191329,-0.809614360332,0.117004320025,0.0309164021164,0.574350893497
-0.149699807167,0.130678385496,1.10122764111,-0.810253024101,0.147745683789,0.0204556230456,0.56678301096
-0.150919944048,0.127523362637,1.10149085522,-0.811091065407,0.144069984555,0.0243780203164,0.566375136375
-0.152361422777,0.124596700072,1.10142588615,-0.811240613461,0.140982031822,0.0259816739708,0.566866576672
-0.154822140932,0.120885498822,1.102627635,-0.811835110188,0.110736221075,0.0406384691596,0.57184779644
-0.155811622739,0.119172915816,1.10073840618,-0.810380995274,0.139942795038,0.026011345908,0.568350195885
-0.157720640302,0.116525515914,1.10025322437,-0.811370670795,0.136434838176,0.0263769421726,0.567774176598
-0.15932738781,0.114472515881,1.09931743145,-0.810111939907,0.139303088188,0.0215016566217,0.5690792799
-0.160879939795,0.112393304706,1.09824585915,-0.809098303318,0.141172140837,0.0176338106394,0.570192575455
-0.162530422211,0.110366344452,1.09697568417,-0.806286334991,0.144130557775,0.0128624169156,0.573553264141
-0.164036691189,0.108428671956,1.09581673145,-0.806910276413,0.146911084652,0.0124555788934,0.571977138519
-0.165436610579,0.106622055173,1.09448838234,-0.805437624454,0.147855997086,0.0116426162422,0.5738235116
-0.166608735919,0.104982063174,1.0930839777,-0.805108547211,0.148869007826,0.0103211561218,0.574048519135
-0.167907759547,0.103185281157,1.09138929844,-0.802542805672,0.14833086729,0.00992864836007,0.577775478363
-0.169023275375,0.102044612169,1.08967459202,-0.802435100079,0.149464309216,0.00845601130277,0.577656388283
-0.17028580606,0.100491628051,1.08807826042,-0.801883518696,0.144075095654,0.0104843871668,0.579754412174
-0.171602293849,0.0997955203056,1.08645749092,-0.801035821438,0.144137188792,0.00864139851183,0.580940186977
-0.172783732414,0.0993465930223,1.08473193645,-0.800436198711,0.146283224225,0.00659694243222,0.58125692606
-0.174292743206,0.0985545963049,1.08307135105,-0.799621403217,0.14241784811,0.00681669823825,0.583332240582
-0.175395995378,0.0983973741531,1.08128452301,-0.799380600452,0.145139962435,0.00206140219234,0.583027422428
-0.176904961467,0.0981419682503,1.0795340538,-0.797794103622,0.146554633975,-0.00109338876791,0.584846317768
-0.178502306342,0.0980165749788,1.07813310623,-0.797676205635,0.144240796566,-0.00221713911742,0.585578680038
-0.180139884353,0.0979391038418,1.07667553425,-0.797624409199,0.140968963504,-0.00136057671625,0.586447954178
-0.181758478284,0.0985155552626,1.07512354851,-0.795273065567,0.147283777595,-0.00744902016595,0.588041484356
-0.183609396219,0.0986288487911,1.07379388809,-0.795771718025,0.141292482615,-0.0063275070861,0.588849544525
-0.185201302171,0.0991465598345,1.07237482071,-0.796012997627,0.14323733747,-0.00913097243756,0.588016092777
-0.187160685658,0.0997773706913,1.07093131542,-0.793599307537,0.142451941967,-0.0109808100387,0.591428041458
-0.188598111272,0.100528106093,1.06928646564,-0.792619466782,0.14627546072,-0.0162238292396,0.591688096523
-0.190466180444,0.101603329182,1.06758594513,-0.790331482887,0.150632485747,-0.022000439465,0.593466162682
-0.192181736231,0.102671012282,1.06601917744,-0.789185881615,0.153311103582,-0.0252843219787,0.594173491001
-0.19414062798,0.103840097785,1.06442368031,-0.787781894207,0.151640936732,-0.027730487287,0.596352100372
-0.195893272758,0.105221956968,1.06281661987,-0.786998033524,0.153441518545,-0.0298880934715,0.596822202206
-0.200363904238,0.105227783322,1.06436085701,-0.798634707928,0.1443374753,0.0126191740856,0.584114849567
-0.20106895268,0.107137173414,1.06121456623,-0.792170464993,0.131763115525,-0.00646426901221,0.595871448517
-0.201492667198,0.11023633182,1.05739283562,-0.782204449177,0.155371248722,-0.0401645340025,0.601999104023
-0.203394442797,0.11222679913,1.05572962761,-0.780974924564,0.155940115452,-0.041628330946,0.603347420692
-0.208034321666,0.11262153089,1.05820941925,-0.799262344837,0.153179347515,0.0134162642062,0.580978274345
-0.207002162933,0.116947934031,1.05226826668,-0.776422381401,0.162089407444,-0.0489299558103,0.607043087482
-0.208903968334,0.119438096881,1.05056118965,-0.774411320686,0.164814591408,-0.0518953092396,0.608629763126
-0.211012929678,0.121427774429,1.04904520512,-0.775882601738,0.158668398857,-0.0479985959828,0.608709216118
-0.216251596808,0.122244000435,1.05115056038,-0.792033672333,0.162664845586,0.00767039414495,0.58835709095
-0.214894965291,0.126539558172,1.04526436329,-0.770492732525,0.162075966597,-0.0557316914201,0.613975763321
-0.21925136447,0.127432599664,1.0460883379,-0.779203772545,0.12685200572,-0.0134952049702,0.613651335239
-0.219091594219,0.132046148181,1.0417983532,-0.765132129192,0.166675001383,-0.0597019568086,0.619054198265
-0.221365332603,0.134407669306,1.04017269611,-0.764411330223,0.162152573466,-0.0585146024823,0.621255278587
-0.223527863622,0.136991724372,1.03840005398,-0.762779057026,0.15958635509,-0.0600551329553,0.623773634434
-0.225622966886,0.140018254519,1.03626894951,-0.758279561996,0.164161771536,-0.0642135813832,0.627646207809
-0.227824181318,0.14283195138,1.03438770771,-0.756199419498,0.165865540504,-0.0659211277962,0.629527926445
-0.230202317238,0.14589086175,1.03275382519,-0.752622485161,0.168050706387,-0.0682125762105,0.632981479168
-0.233556851745,0.147797942162,1.03155303001,-0.753447890282,0.136900365353,-0.0599300079048,0.640299141407
-0.234884992242,0.151456743479,1.0286860466,-0.750269830227,0.168288975954,-0.0708007961512,0.635422229767
-0.237376958132,0.154090374708,1.02693665028,-0.750370740891,0.164652734995,-0.0684114545584,0.636516451836
-0.239488378167,0.155967324972,1.02529859543,-0.75696015358,0.158014178276,-0.0653197169304,0.630695104599
-0.242230311036,0.160439133644,1.02286422253,-0.745565950871,0.173667535186,-0.0732347592711,0.639224290848
-0.24474786222,0.163359731436,1.02082645893,-0.745157122612,0.176019027829,-0.075018890202,0.638850867748
-0.247266381979,0.166249185801,1.01892530918,-0.744631826878,0.177821904421,-0.0753490328789,0.63892519474
-0.249979034066,0.169138342142,1.01710700989,-0.745893120766,0.178107693791,-0.0742784962058,0.637498259544
-0.252463936806,0.172399461269,1.01500058174,-0.7434040308,0.183170199394,-0.0769005045295,0.638659060001
-0.25496929884,0.175169229507,1.01297402382,-0.743634879589,0.185231551528,-0.0775013417006,0.637722551823
-0.258895903826,0.176580220461,1.01205790043,-0.745578050613,0.141902580857,-0.0601283982396,0.648353099823
-0.261632710695,0.179558157921,1.01003754139,-0.745594918728,0.142525538802,-0.0597449801862,0.648232400417
-0.264427959919,0.182711035013,1.00791788101,-0.744800150394,0.145557209849,-0.0603731609881,0.648414134979
-0.267139077187,0.185596674681,1.00572395325,-0.744606792927,0.147291257977,-0.0605321638286,0.648229777813
-0.270000398159,0.188615396619,1.00359141827,-0.744578540325,0.146770209074,-0.059316765517,0.648492753506
-0.272900313139,0.19140945375,1.001506567,-0.744471609592,0.148112937808,-0.0582303330302,0.648408770561
-0.275526732206,0.194572135806,0.999009251595,-0.744060754776,0.150568515062,-0.0585126057267,0.648289322853
-0.278599798679,0.197530299425,0.996942400932,-0.744588732719,0.150529429317,-0.0562215261161,0.6478946805
-0.280118525028,0.201966360211,0.993331968784,-0.738359570503,0.195584610105,-0.0753249749541,0.641013324261
-0.283166021109,0.205076649785,0.990896344185,-0.737765669823,0.196881338954,-0.0758170261979,0.641242027283
-0.286064535379,0.208372920752,0.988433539867,-0.736516058445,0.201887413859,-0.0748164504766,0.641239464283
-0.289138972759,0.211553305387,0.98599499464,-0.736564159393,0.203454211354,-0.0750266686082,0.640664219856
-0.292212486267,0.21495860815,0.983800053596,-0.739893436432,0.204206645489,-0.072570450604,0.636860251427
-0.295250594616,0.218070566654,0.981462538242,-0.738373041153,0.206267610192,-0.0703363865614,0.638209939003
-0.298268318176,0.221136391163,0.978827357292,-0.740279734135,0.206295803189,-0.0690819621086,0.636125445366
-0.301363348961,0.224677860737,0.9765432477,-0.740087747574,0.21205663681,-0.0694858580828,0.634408414364
-0.305361449718,0.227332130075,0.975415408611,-0.743047833443,0.187871739268,-0.0603042468429,0.639490306377
-0.307489395142,0.231118679047,0.972228348255,-0.743467032909,0.214590072632,-0.0664959549904,0.629909694195
-0.311583936214,0.23353870213,0.970976173878,-0.746663093567,0.203871712089,-0.0461053214967,0.631510078907
-0.313521504402,0.236986815929,0.967537820339,-0.741002619267,0.220484510064,-0.0636265724897,0.63107329607
-0.316663265228,0.239705085754,0.96550399065,-0.741952240467,0.219876021147,-0.0593965053558,0.630581915379
-0.319537639618,0.24258838594,0.963414371014,-0.744955718517,0.219882160425,-0.058154374361,0.627145051956
-0.322720706463,0.245444297791,0.961547553539,-0.746341884136,0.219555675983,-0.0544492788613,0.625942707062
-0.325587242842,0.248152136803,0.959465503693,-0.746307015419,0.220676392317,-0.0520814545453,0.625791847706
-0.328541636467,0.251154720783,0.957468688488,-0.746620893478,0.220035105944,-0.0466873049736,0.62606883049
-0.333238124847,0.253692239523,0.955901443958,-0.75000590086,0.219567388296,-0.0449735336006,0.622301280499
-0.334196686745,0.256942987442,0.953829467297,-0.752934277058,0.21840672195,-0.0417612977326,0.619390428066
-0.336574494839,0.258560746908,0.952562570572,-0.763436436653,0.20812498033,-0.0313163101673,0.61062926054
-0.338957756758,0.260206341743,0.95131200552,-0.772638916969,0.197252392769,-0.0211586747319,0.603052914143
-0.343692660332,0.262344479561,0.949043691158,-0.772849977016,0.19855812192,-0.0200339201838,0.602392077446
-0.34649938345,0.265213996172,0.947273433208,-0.77305316925,0.197589889169,-0.0143084488809,0.602612793446
-0.348875403404,0.267477959394,0.944998860359,-0.778055131435,0.195286139846,-0.0105835366994,0.596976935863
-0.351346373558,0.270188868046,0.943129062653,-0.77980107069,0.193542346358,-0.00510820746422,0.59533649683
-0.354695916176,0.275272965431,0.942277491093,-0.766820847988,0.192049995065,-0.00280369538814,0.612449884415
-0.357101976871,0.277870953083,0.940260231495,-0.7696865201,0.189721122384,0.00132495269645,0.609579324722
-0.360164761543,0.280034929514,0.938626170158,-0.774682104588,0.19025246799,0.0164230000228,0.602828204632
-0.367444455624,0.296762764454,0.935956716537,-0.686545550823,0.281920462847,-0.0503129139543,0.668314933777
-0.365356504917,0.298535257578,0.934423446655,-0.693765640259,0.280333757401,-0.0352465249598,0.662464976311
-0.36860793829,0.30144828558,0.933702230453,-0.692694723606,0.278735458851,-0.0311615839601,0.664461791515
-0.37127289176,0.302987277508,0.930857419968,-0.703003704548,0.280278116465,-0.0166811048985,0.653415501118
-0.373266547918,0.305982261896,0.929084956646,-0.700105130672,0.275679916143,-0.0211889818311,0.658334612846
-0.376029282808,0.307801455259,0.926854848862,-0.707617163658,0.276759654284,-0.00748156616464,0.650097072124
-0.378254115582,0.309938877821,0.924705147743,-0.706331670284,0.277503222227,-0.00259850430302,0.651214957237
-0.380180120468,0.312690258026,0.92292791605,-0.713597297668,0.268505126238,-0.00620201602578,0.647028267384
-0.382089555264,0.315296441317,0.920665860176,-0.715727925301,0.266028761864,-0.00132012856193,0.645724713802
-0.384278565645,0.317283302546,0.918676972389,-0.721056818962,0.263790816069,0.00533588975668,0.640673875809
-0.386970967054,0.32198870182,0.918239235878,-0.704764068127,0.265778124332,0.00997496303171,0.65770059824
-0.388735473156,0.321230530739,0.914772033691,-0.729681789875,0.260966539383,0.0212481413037,0.631671905518
-0.388009101152,0.322731286287,0.911228835583,-0.738379240036,0.249957442284,0.031193472445,0.625575244427
-0.390296250582,0.324540406466,0.910174071789,-0.738315880299,0.227306008339,0.0402711443603,0.633719146252
-0.392071008682,0.327336966991,0.908719420433,-0.740173399448,0.230310216546,0.0421907901764,0.630333662033
-0.393941968679,0.329412221909,0.906543433666,-0.739371716976,0.232145324349,0.0443347021937,0.630454242229
-0.395713567734,0.331945091486,0.905000805855,-0.741492927074,0.233552768826,0.0462586954236,0.627296984196
-0.397262811661,0.334268242121,0.903075397015,-0.740575492382,0.237833872437,0.0481841117144,0.626627027988
-0.398851215839,0.336411714554,0.9012991786,-0.741914093494,0.238036945462,0.0506154857576,0.624771952629
-0.400187164545,0.338612824678,0.899406790733,-0.741316258907,0.241636395454,0.0531679429114,0.623887240887
-0.401537120342,0.340807288885,0.897889852524,-0.741112291813,0.243875458837,0.0553635396063,0.623066842556
-0.402758181095,0.341708540916,0.895539999008,-0.734247207642,0.242989137769,0.0598727725446,0.631072759628
-0.403493344784,0.345316112041,0.893104791641,-0.737703382969,0.264084041119,0.0452862642705,0.619679450989
-0.404851466417,0.346914470196,0.891507446766,-0.738543748856,0.268619596958,0.0563271604478,0.615811645985
-0.406011611223,0.348799139261,0.889642417431,-0.73838609457,0.270944029093,0.0569179691374,0.614927470684
-0.406909048557,0.350455790758,0.887634515762,-0.736042499542,0.266631484032,0.0520532801747,0.620031952858
-0.407792627811,0.351328730583,0.885175466537,-0.731325387955,0.268574506044,0.0548911653459,0.62451416254
-0.409677773714,0.351640492678,0.884375810623,-0.748644292355,0.256805747747,0.0629984214902,0.607958734035
-0.410404801369,0.352338790894,0.881800532341,-0.742472112179,0.256795018911,0.0655945837498,0.615214526653
-0.410198956728,0.354841381311,0.878803372383,-0.740512788296,0.270468860865,0.0708689019084,0.611118018627
-0.411773622036,0.35515627265,0.878131628036,-0.743120074272,0.260751366615,0.0680972635746,0.612490177155
-0.411079734564,0.355203658342,0.873640477657,-0.760862469673,0.244718030095,0.0790463089943,0.595779538155
-0.411633342505,0.355796545744,0.871747732162,-0.762341678143,0.246045589447,0.0893794819713,0.591868460178
-0.412271291018,0.356934010983,0.870580554008,-0.760882258415,0.249802798033,0.0907247513533,0.591967761517
-0.41425716877,0.359922796488,0.872396349907,-0.746387064457,0.266576588154,0.0739105045795,0.605293691158
-0.415668278933,0.361295193434,0.869758725166,-0.729921102524,0.286582559347,0.0759492889047,0.615887403488
-0.416301429272,0.361825287342,0.868444919586,-0.73023635149,0.289287388325,0.0791249722242,0.613846063614
-0.41667291522,0.362219035625,0.867127299309,-0.72975730896,0.286438703537,0.0724420547485,0.616570532322
-0.416366428137,0.360458314419,0.866476178169,-0.743701934814,0.277250081301,0.0917866677046,0.601344585419
-0.416754662991,0.360879212618,0.865148127079,-0.744976401329,0.279114812613,0.0913676917553,0.598963260651
-0.416913330555,0.360590338707,0.863872647285,-0.746123731136,0.273988991976,0.0856977850199,0.600737392902
-0.417372643948,0.360691308975,0.862397074699,-0.746215522289,0.277744054794,0.0849484726787,0.599002957344
-0.418667078018,0.362327456474,0.860227644444,-0.736817240715,0.301723062992,0.0827813148499,0.599341988564
-0.418205738068,0.360353916883,0.859467566013,-0.749534964561,0.281193971634,0.0858131423593,0.593096494675
-0.418550908566,0.359810233116,0.858139693737,-0.750998258591,0.282814055681,0.0879042968154,0.590161621571
-0.419069111347,0.359461277723,0.856525182724,-0.753216564655,0.287923276424,0.0959732532501,0.583570361137
-0.419410377741,0.359240025282,0.855000734329,-0.755344152451,0.28922522068,0.0959698483348,0.580167174339
-0.419681578875,0.358720988035,0.853676140308,-0.755971252918,0.288952469826,0.0973640829325,0.579253196716
-0.419955611229,0.358556956053,0.851959466934,-0.75571924448,0.288365781307,0.0902414172888,0.581025123596
-0.420415580273,0.358183830976,0.85036110878,-0.756407380104,0.295173704624,0.0976633429527,0.575484454632
-0.420438855886,0.357735902071,0.848947286606,-0.75793248415,0.289832174778,0.0906333476305,0.577339828014
-0.420762896538,0.35741558671,0.847226142883,-0.758976519108,0.290796548128,0.0915834456682,0.575329959393
-0.420858979225,0.356530785561,0.845790266991,-0.761133909225,0.292828202248,0.101349852979,0.569784998894
-0.421047925949,0.356447577477,0.844136893749,-0.761213779449,0.291794329882,0.0940537825227,0.571457386017
-0.421512007713,0.356087625027,0.843487858772,-0.761996984482,0.288400828838,0.0975586771965,0.571548521519
-0.421974927187,0.356875181198,0.840200901031,-0.75796931982,0.306972771883,0.0958967283368,0.567498087883
-0.421763956547,0.356707304716,0.839201331139,-0.7577470541,0.304239749908,0.0899299904704,0.570236861706
-0.421823918819,0.356452792883,0.837834358215,-0.759309947491,0.304144352674,0.0903448611498,0.568139612675
-0.422804534435,0.356742143631,0.83643591404,-0.756870210171,0.311933726072,0.0867303609848,0.567734658718
-0.421958088875,0.356030195951,0.83582919836,-0.762557923794,0.300776839256,0.0935804545879,0.565049946308
-0.421091198921,0.355115175247,0.834207296371,-0.76878786087,0.2971149683,0.0974887236953,0.557838499546
-0.421193987131,0.354867488146,0.833751857281,-0.768687963486,0.293673485518,0.100481338799,0.559265851974
-0.42076587677,0.354780644178,0.831722259521,-0.769364476204,0.298137694597,0.100136958063,0.556025922298
-0.420952558517,0.354717940092,0.831342458725,-0.77012783289,0.294165611267,0.102589696646,0.556637346745
-0.420544087887,0.355057507753,0.829272449017,-0.768883705139,0.301511913538,0.0996853858232,0.554951786995
-0.420276522636,0.355197936296,0.828227162361,-0.769192755222,0.303214639425,0.100042715669,0.553529441357
-0.420272350311,0.355057328939,0.828031599522,-0.769055724144,0.300638914108,0.104791708291,0.554245769978
-0.419969916344,0.355183601379,0.827015638351,-0.769633352757,0.301883071661,0.104816295207,0.552761077881
-0.419655352831,0.355252295732,0.826027035713,-0.769614040852,0.302937150002,0.105418503284,0.552096307278
-0.419400811195,0.355503290892,0.824986159801,-0.770525336266,0.303683310747,0.105660177767,0.550366342068
-0.419050335884,0.355619817972,0.824122905731,-0.770231127739,0.305448919535,0.106451794505,0.549648284912
-0.418808221817,0.355843931437,0.823181152344,-0.770259618759,0.306464731693,0.107325829566,0.548872113228
-0.418509423733,0.356012642384,0.822380185127,-0.770078659058,0.308409005404,0.107808321714,0.547941684723
-0.418089091778,0.356352090836,0.820606470108,-0.770716011524,0.313042163849,0.104572094977,0.545037746429
-0.41782438755,0.356398284435,0.819701313972,-0.770508050919,0.317996293306,0.113927312195,0.540570497513
-0.417514264584,0.356842160225,0.818906664848,-0.769758343697,0.315665006638,0.106179848313,0.544567346573
-0.417363762856,0.35701829195,0.818951189518,-0.7687946558,0.313977152109,0.110191881657,0.546105325222
-0.417041957378,0.357405424118,0.818161189556,-0.768926560879,0.315691351891,0.110717117786,0.544823527336
-0.416929453611,0.357619255781,0.817373931408,-0.766723871231,0.317386269569,0.111314237118,0.546817660332
-0.416718930006,0.357982993126,0.816583931446,-0.765708625317,0.31906658411,0.111534997821,0.547217488289
-0.416506022215,0.35830399394,0.815865933895,-0.764787197113,0.319690316916,0.112828195095,0.547876358032
-0.416405528784,0.358656287193,0.815128684044,-0.764249145985,0.319657385349,0.113543137908,0.54849845171
-0.416216880083,0.35909307003,0.814358234406,-0.763337850571,0.32060739398,0.113757669926,0.549167990685
-0.416093796492,0.359472185373,0.813799381256,-0.762533724308,0.320763707161,0.113188296556,0.550310313702
-0.415912300348,0.359773039818,0.813353419304,-0.761242210865,0.321009397507,0.11454308033,0.5516731143
-0.415820330381,0.360211282969,0.812827765942,-0.760547637939,0.323030143976,0.113310389221,0.551706016064
-0.415835261345,0.360852777958,0.812351226807,-0.760966658592,0.323509037495,0.112012021244,0.551112532616
-0.415617287159,0.361524224281,0.811049878597,-0.761341512203,0.326615482569,0.108528867364,0.549456954002
-0.41570776701,0.361854225397,0.811517655849,-0.761359870434,0.324089944363,0.110822476447,0.550468206406
-0.415583580732,0.362307041883,0.81125754118,-0.761297702789,0.325355142355,0.109793432057,0.550013840199
-0.415275454521,0.362797856331,0.81011068821,-0.762029588223,0.334360450506,0.113426655531,0.54281526804
-0.41514095664,0.363216519356,0.809933781624,-0.762392282486,0.335171043873,0.112538985908,0.541990339756
-0.415056169033,0.363671392202,0.809710860252,-0.762900471687,0.335949271917,0.111051559448,0.541099429131
-0.414851903915,0.364072352648,0.809526324272,-0.762594282627,0.331163197756,0.102569751441,0.546132147312
-0.414948821068,0.36442181468,0.810195744038,-0.762409448624,0.329174697399,0.103829301894,0.547353208065
-0.414834141731,0.364728063345,0.810027837753,-0.762030422688,0.329907923937,0.102992013097,0.547597587109
-0.414623051882,0.365041106939,0.809867918491,-0.761476516724,0.330980867147,0.102776236832,0.547761201859
-0.414437234402,0.365358382463,0.809623718262,-0.761236667633,0.332335829735,0.102088689804,0.547402501106
-0.414004415274,0.365795135498,0.80841165781,-0.761050224304,0.335822999477,0.0993417799473,0.546037316322
-0.413994401693,0.366098195314,0.8089427948,-0.760334432125,0.334443330765,0.101844884455,0.547418415546
-0.413756489754,0.366504907608,0.808616518974,-0.75891071558,0.336557924747,0.101712547243,0.548122346401
-0.413536012173,0.366785258055,0.808212339878,-0.758113861084,0.337841808796,0.101981908083,0.548384845257
-0.413211405277,0.3671182096,0.806825041771,-0.757227480412,0.345836341381,0.106552675366,0.54373729229
-0.413100332022,0.367425471544,0.806206464767,-0.756393134594,0.346260070801,0.106125235558,0.544711709023
-0.412820100784,0.367681860924,0.805722236633,-0.754942417145,0.341935932636,0.0994565114379,0.550681471825
-0.412598371506,0.367833375931,0.805276274681,-0.753600001335,0.342855900526,0.100093491375,0.551831662655
-0.412610083818,0.367921978235,0.805689156055,-0.752014696598,0.340796768665,0.103591710329,0.554617226124
-0.41202634573,0.36820229888,0.804472565651,-0.749653398991,0.345774501562,0.102464839816,0.554942071438
-0.412131547928,0.368409752846,0.804699957371,-0.748490035534,0.345214217901,0.10521466285,0.556344985962
-0.411848247051,0.36870148778,0.803190767765,-0.748603582382,0.354947537184,0.10918648541,0.549257040024
-0.412138611078,0.369200646877,0.803300976753,-0.749760091305,0.346406370401,0.101919800043,0.554504156113
-0.411764711142,0.369494497776,0.801854729652,-0.749959468842,0.34992814064,0.0990414693952,0.552541434765
-0.411363095045,0.369902282953,0.801258802414,-0.749121129513,0.351817935705,0.0976366922259,0.552728593349
-0.411859214306,0.369853079319,0.801792621613,-0.749718427658,0.348046064377,0.100381612778,0.553813934326
-0.411718100309,0.370049089193,0.801586449146,-0.749340176582,0.349050432444,0.0997617691755,0.55380576849
-0.411387383938,0.37018468976,0.800715744495,-0.749479651451,0.352504760027,0.0965233370662,0.552000045776
-0.411291658878,0.370179533958,0.800765395164,-0.74947977066,0.352592110634,0.0969600304961,0.551867485046
-0.411049216986,0.370265722275,0.801543235779,-0.748920321465,0.350030362606,0.100171543658,0.553681194782
-0.411276787519,0.370016753674,0.801777660847,-0.749476909637,0.348878413439,0.101737216115,0.55336946249
-0.410715967417,0.370066523552,0.801827907562,-0.747692286968,0.349943846464,0.102868042886,0.554899692535
-0.410319328308,0.370274364948,0.80096745491,-0.747266530991,0.354877233505,0.0986423492432,0.553104579449
-0.410202562809,0.370324313641,0.800935268402,-0.74709546566,0.355377823114,0.0985185578465,0.553036212921
-0.410078406334,0.370378196239,0.800898432732,-0.746873140335,0.355525970459,0.098743468523,0.553201138973
-0.409953296185,0.370455086231,0.800840497017,-0.74651414156,0.356106758118,0.0986381471157,0.55333095789
-0.409808754921,0.370582848787,0.800797462463,-0.746130645275,0.356850683689,0.0986004173756,0.553375661373
-0.409660696983,0.370724350214,0.800739407539,-0.745575070381,0.356041252613,0.0985809341073,0.554647922516
-0.409492969513,0.370929121971,0.800741493702,-0.744599997997,0.357028484344,0.0984719768167,0.555342018604
-0.40975984931,0.37090241909,0.80097925663,-0.74406337738,0.357071340084,0.0992909371853,0.555887699127
-0.409108370543,0.371438235044,0.800742268562,-0.740466415882,0.360612869263,0.0984216332436,0.558552742004
-0.409205436707,0.371600240469,0.801732301712,-0.738603115082,0.359721928835,0.101829409599,0.560978114605
-0.408793747425,0.371900975704,0.800962626934,-0.73697501421,0.364471793175,0.0991961434484,0.560525000095
-0.408790558577,0.372075110674,0.80080229044,-0.735811829567,0.370730876923,0.106100387871,0.556670665741
-0.408825755119,0.372276097536,0.800727128983,-0.734901070595,0.37147167325,0.106262385845,0.557348608971
-0.409052431583,0.372731745243,0.800612449646,-0.734092354774,0.366776645184,0.0987930819392,0.562870502472
-0.409354686737,0.37291687727,0.800570130348,-0.733493864536,0.367453724146,0.0987296178937,0.563220262527
-0.409713298082,0.372986912727,0.800491631031,-0.733172774315,0.373631387949,0.106696695089,0.55809789896
-0.410032600164,0.373044312,0.800405263901,-0.73304694891,0.373554110527,0.107090458274,0.558239400387
-0.41041046381,0.373105406761,0.80033159256,-0.733245909214,0.373145103455,0.107955731452,0.558084905148
-0.411056548357,0.373080939054,0.80125272274,-0.733568787575,0.364458173513,0.105229645967,0.563891530037
-0.411477446556,0.373131990433,0.800207912922,-0.733637928963,0.372080206871,0.109906718135,0.557899832726
-0.412218302488,0.373037517071,0.801224350929,-0.732939004898,0.364384561777,0.106740102172,0.564473986626
-0.412586778402,0.372927337885,0.800613641739,-0.732122242451,0.367209851742,0.104575812817,0.564108133316
-0.413298994303,0.372738361359,0.80086183548,-0.731371819973,0.367646545172,0.105889186263,0.564551889896
-0.414002686739,0.372392714024,0.801235675812,-0.731154739857,0.366328597069,0.108074359596,0.565275132656
-0.414836764336,0.371914327145,0.802407264709,-0.730538368225,0.362631708384,0.11459415406,0.567168533802
-0.415474355221,0.371448099613,0.802775919437,-0.729972600937,0.360921144485,0.116248480976,0.568649590015
-0.415837824345,0.371066510677,0.80221170187,-0.729926586151,0.368248462677,0.122760459781,0.562610149384
-0.416331231594,0.370419532061,0.802732348442,-0.729881107807,0.361131668091,0.118445008993,0.568179905415
-0.417103797197,0.369563877583,0.804101467133,-0.729445695877,0.355188667774,0.125472962856,0.570969879627
-0.417462527752,0.369145125151,0.803868234158,-0.729662358761,0.357245802879,0.125156834722,0.569477140903
-0.418316096067,0.36820986867,0.805230617523,-0.729099392891,0.350304573774,0.131785288453,0.573003947735
-0.418915778399,0.367533951998,0.805743932724,-0.728978097439,0.348166853189,0.135615929961,0.573567092419
-0.419443368912,0.366833567619,0.806284964085,-0.728177964687,0.345332354307,0.139252379537,0.575422644615
-0.420131713152,0.366197258234,0.806690096855,-0.727861762047,0.341451585293,0.141667678952,0.577545166016
-0.420787155628,0.365335524082,0.807226002216,-0.727345824242,0.337959825993,0.146737530828,0.578981161118
-0.421335339546,0.364554971457,0.807529807091,-0.726376533508,0.334944397211,0.149913966656,0.58113270998
-0.421897143126,0.363767147064,0.807743191719,-0.725977778435,0.33239865303,0.153750032187,0.582089662552
-0.422532707453,0.363107860088,0.807198047638,-0.726363360882,0.338536411524,0.15929454565,0.576554059982
-0.423460632563,0.362201720476,0.808307468891,-0.725727558136,0.326021790504,0.158959522843,0.584603488445
-0.424376726151,0.361308276653,0.808554589748,-0.726982474327,0.322318434715,0.162636250257,0.584086239338
-0.425406128168,0.360241025686,0.807849228382,-0.731347024441,0.326442688704,0.170490145683,0.574020862579
-0.425874620676,0.35977435112,0.808746159077,-0.731437265873,0.316696345806,0.168986052275,0.579781651497
-0.426682591438,0.359402686357,0.808787286282,-0.735268890858,0.314994156361,0.172595366836,0.57477748394
-0.428045153618,0.359192937613,0.808099627495,-0.743166446686,0.315586477518,0.170151218772,0.564940154552
-0.4289919734,0.359021157026,0.808139443398,-0.747670650482,0.313332259655,0.173898160458,0.559080481529
-0.43023788929,0.358669936657,0.808976709843,-0.750620603561,0.303259640932,0.183585777879,0.557582855225
-0.4312466681,0.359034508467,0.807916283607,-0.754971504211,0.309567540884,0.188511922956,0.546488046646
-0.432373553514,0.359113633633,0.807929754257,-0.756281554699,0.306841760874,0.191285148263,0.545248866081
-0.43349057436,0.359131336212,0.807942986488,-0.756734907627,0.302701294422,0.197094574571,0.544865131378
-0.434432804585,0.359225541353,0.80809211731,-0.755390286446,0.300193697214,0.202728867531,0.546049714088
-0.435455858707,0.359053552151,0.808468103409,-0.75322329998,0.296889305115,0.208006024361,0.548857927322
-0.436403721571,0.35906073451,0.808650434017,-0.752487897873,0.292749851942,0.21478369832,0.549479365349
-0.440061897039,0.359912067652,0.807401895523,-0.762750864029,0.274223566055,0.206254974008,0.548152625561
-0.440910100937,0.360349982977,0.807722151279,-0.762784898281,0.271758615971,0.211492210627,0.547336816788
-0.439591437578,0.359811842442,0.809432566166,-0.753391385078,0.279400348663,0.231651932001,0.548337757587
-0.442938864231,0.360912173986,0.808380067348,-0.76248562336,0.265541046858,0.221166804433,0.546981692314
-0.443964362144,0.361287385225,0.808651030064,-0.761408686638,0.263068854809,0.225941061974,0.547724723816
-0.442632675171,0.36227029562,0.810547888279,-0.757147848606,0.274470031261,0.239986285567,0.542033195496
-0.443708926439,0.361960291862,0.81027674675,-0.752001643181,0.272938609123,0.242682978511,0.548728585243
-0.444591641426,0.362735718489,0.810579717159,-0.75193297863,0.2723056674,0.245137423277,0.548045873642
-0.445647418499,0.363802015781,0.811169266701,-0.753987908363,0.272251874208,0.244468927383,0.545542061329
-0.446353256702,0.364511191845,0.811511516571,-0.752156019211,0.274938702583,0.245548799634,0.546237885952
-0.447333574295,0.364019244909,0.811122715473,-0.746433615685,0.273802816868,0.246820837259,0.554029405117
-0.448068112135,0.364399790764,0.811371862888,-0.744291007519,0.275163710117,0.247529163957,0.555918335915
-0.448767393827,0.364609926939,0.811665654182,-0.742480278015,0.275793284178,0.248454079032,0.557612657547
-0.449497491121,0.365240037441,0.81352776289,-0.74304318428,0.264655351639,0.249595090747,0.561735630035
-0.450208455324,0.365094602108,0.813564240932,-0.739391326904,0.265985071659,0.249029010534,0.566160023212
-0.450666248798,0.365067899227,0.813856363297,-0.738183259964,0.266944915056,0.249955654144,0.566875755787
-0.451162159443,0.364404469728,0.813823223114,-0.733593642712,0.268451631069,0.250818729401,0.571720302105
-0.451557964087,0.365084588528,0.814762473106,-0.737571001053,0.26917335391,0.250585824251,0.566340446472
-0.452068269253,0.364626944065,0.815036952496,-0.736993074417,0.27004852891,0.250677704811,0.566635429859
-0.452200293541,0.364079594612,0.814858019352,-0.731284737587,0.273968964815,0.250221818686,0.572322249413
-0.452520042658,0.363546937704,0.815051555634,-0.728956222534,0.275541990995,0.249379202724,0.574899673462
-0.452733248472,0.363164007664,0.815291464329,-0.727863669395,0.277282595634,0.248278707266,0.575922369957
-0.452531427145,0.362146735191,0.815804362297,-0.723403930664,0.281749933958,0.249296814203,0.578925609589
-0.452110052109,0.361768424511,0.815765976906,-0.723501563072,0.282153636217,0.248786509037,0.578826487064
-0.452337622643,0.361487060785,0.815941631794,-0.724877595901,0.284019201994,0.246452569962,0.57718873024
-0.452353239059,0.360913842916,0.816110134125,-0.725003361702,0.285961478949,0.244589149952,0.576864361763
-0.452039778233,0.360051035881,0.816159546375,-0.725165069103,0.286360263824,0.244730874896,0.576402842999
-0.452384978533,0.359246373177,0.816623449326,-0.724972128868,0.288759469986,0.242656886578,0.576325535774
-0.452019959688,0.358431428671,0.816878318787,-0.724622368813,0.290080338717,0.241890624166,0.576424181461
-0.451189339161,0.357696264982,0.816847324371,-0.725204408169,0.290202021599,0.241734758019,0.575696051121
-0.451234966516,0.356705993414,0.817068576813,-0.725282490253,0.291364639997,0.23955629766,0.575920820236
-0.450794070959,0.35585936904,0.817083597183,-0.725994110107,0.291949719191,0.237899720669,0.575414419174
-0.450242459774,0.35475191474,0.817108154297,-0.726772725582,0.291080087423,0.238166406751,0.574761271477
-0.44921952486,0.353978127241,0.816972911358,-0.728197097778,0.290872424841,0.237088397145,0.573508024216
-0.448818981647,0.352711349726,0.817258238792,-0.729054868221,0.291533887386,0.236698850989,0.572241961956
-0.44811668992,0.351633787155,0.817172050476,-0.731984078884,0.289673924446,0.236524447799,0.569512426853
-0.447257578373,0.350503772497,0.817043423653,-0.733348727226,0.290019601583,0.236256301403,0.567689478397
-0.446467280388,0.349346399307,0.817007958889,-0.736478686333,0.287986159325,0.237110614777,0.564306497574
-0.445553541183,0.348145544529,0.816826403141,-0.739317297935,0.286465167999,0.237398087978,0.561239540577
-0.444589316845,0.347006350756,0.816845297813,-0.74240654707,0.284908026457,0.238819763064,0.557337522507
-0.443667382002,0.345763921738,0.816566944122,-0.745201587677,0.283004879951,0.239624291658,0.554222941399
-0.442799538374,0.344774365425,0.816339969635,-0.749669969082,0.284762859344,0.238071888685,0.547929704189
-0.4417501688,0.344059675932,0.814636290073,-0.754008591175,0.285837292671,0.224799752235,0.547022163868
-0.441048562527,0.342702001333,0.815363287926,-0.75743997097,0.284675240517,0.234961330891,0.538551807404
-0.439912676811,0.341965556145,0.813738703728,-0.761023342609,0.283621817827,0.225089967251,0.538272082806
-0.439189076424,0.340528041124,0.814562618732,-0.762850642204,0.283278018236,0.237371236086,0.530535101891
-0.438206493855,0.339927643538,0.812786221504,-0.766219854355,0.282293230295,0.22560249269,0.531339287758
-0.437275052071,0.338391780853,0.813632309437,-0.765154242516,0.283433020115,0.238576248288,0.526579678059
-0.439078092575,0.338631093502,0.810384333134,-0.778614699841,0.277093350887,0.224903970957,0.516136407852
-0.438364237547,0.337925493717,0.810893893242,-0.779789447784,0.2698097229,0.221203267574,0.519807994366
-0.437555462122,0.337348788977,0.8103069067,-0.781147122383,0.269963949919,0.219976216555,0.518207550049
-0.438247382641,0.337968319654,0.808249592781,-0.776022732258,0.284243494272,0.199752643704,0.526396512985
-0.43761831522,0.337459474802,0.808030307293,-0.779789626598,0.287035405636,0.199974998832,0.519181013107
-0.436809509993,0.337072879076,0.807182252407,-0.782697618008,0.283517003059,0.195465296507,0.518455386162
-0.436226159334,0.336381465197,0.808088839054,-0.784142374992,0.285530894995,0.204199060798,0.511757433414
-0.435430169106,0.336035937071,0.806858778,-0.785162687302,0.284841358662,0.194361045957,0.514401376247
-0.434843301773,0.335627734661,0.806741714478,-0.785938739777,0.285021275282,0.192600265145,0.513778626919
-0.43451794982,0.335129082203,0.807961523533,-0.785204172134,0.287364274263,0.200000524521,0.510760247707
-0.434124439955,0.334788620472,0.80786460638,-0.784745037556,0.287084251642,0.196368336678,0.51302754879
-0.43375569582,0.334422707558,0.807988524437,-0.783462166786,0.287643879652,0.194816365838,0.515261769295
-0.433556199074,0.334044277668,0.808346390724,-0.782505691051,0.287547618151,0.193449541926,0.517279863358
-0.433059751987,0.333706498146,0.807463228703,-0.782330572605,0.28768363595,0.182341858745,0.521486699581
-0.432830929756,0.333015292883,0.807849168777,-0.78344553709,0.289594173431,0.181601300836,0.519008278847
-0.43275308609,0.33215084672,0.808174014091,-0.78409910202,0.289093464613,0.180067330599,0.518834769726
-0.430005311966,0.329817801714,0.811894714832,-0.772604882717,0.304608076811,0.20416277647,0.518279075623
-0.429944872856,0.328954786062,0.812300920486,-0.775931835175,0.303395569324,0.200926631689,0.515276134014
-0.429585129023,0.328117996454,0.812173485756,-0.777138233185,0.299935013056,0.189912363887,0.519642710686
-0.429367780685,0.327110648155,0.813382029533,-0.77740585804,0.300339281559,0.190097555518,0.518940865993
-0.429238200188,0.325711011887,0.815807580948,-0.777184963226,0.29719260335,0.199323162436,0.517619967461
-0.428837895393,0.324970602989,0.815991640091,-0.776195943356,0.295128554106,0.188650533557,0.524242222309
-0.428686618805,0.323623329401,0.817352056503,-0.776998639107,0.302939206362,0.202385023236,0.513362646103
-0.428577214479,0.322632372379,0.818359673023,-0.777277112007,0.302391290665,0.200699627399,0.513925671577
-0.425116598606,0.315409749746,0.821425557137,-0.804846286774,0.237407326698,0.239851489663,0.488192081451
-0.425121277571,0.314503312111,0.822340786457,-0.804552316666,0.239771813154,0.239287599921,0.487797707319
-0.425136357546,0.313351422548,0.823092937469,-0.804504930973,0.238838657737,0.240197211504,0.487886637449
-0.425106823444,0.312141001225,0.823887228966,-0.805777728558,0.237678349018,0.239567384124,0.486660897732
-0.425075680017,0.310844570398,0.82463401556,-0.805863142014,0.237409159541,0.23906493187,0.486897915602
-0.424971580505,0.309471398592,0.82533198595,-0.806561768055,0.234933316708,0.240292847157,0.486337244511
-0.426038920879,0.307768642902,0.825772404671,-0.809258699417,0.227399632335,0.23527315259,0.487889617682
-0.426819622517,0.306742876768,0.825997948647,-0.813012599945,0.221978440881,0.230538636446,0.486403286457
-0.426238924265,0.305270671844,0.827175617218,-0.809685826302,0.225916847587,0.232901468873,0.489006578922
-0.427867531776,0.308196097612,0.826613843441,-0.795023500919,0.263783454895,0.20591828227,0.505918562412
-0.427825838327,0.30695515871,0.827386140823,-0.79572302103,0.264540702105,0.206248551607,0.504286468029
-0.42781445384,0.305542349815,0.828276157379,-0.796596348286,0.263928294182,0.205096229911,0.503698050976
-0.42780867219,0.304362863302,0.828977942467,-0.797883331776,0.263531386852,0.200493305922,0.503721952438
-0.427840411663,0.303354144096,0.829690217972,-0.798594713211,0.263848662376,0.196585476398,0.503968894482
-0.427111178637,0.301862120628,0.831112861633,-0.796165645123,0.270441949368,0.196568191051,0.504323661327
-0.426850318909,0.300718456507,0.831981778145,-0.79691696167,0.272411078215,0.192354664207,0.50370156765
-0.426304221153,0.29938057065,0.833109736443,-0.796023309231,0.273796796799,0.188727453351,0.505731344223
-0.425920814276,0.298352122307,0.834250569344,-0.796134293079,0.277142584324,0.181704238057,0.506306052208
-0.425125360489,0.296902835369,0.835662841797,-0.793826937675,0.279975622892,0.180312991142,0.508861124516
-0.422088444233,0.295312941074,0.838264763355,-0.785097718239,0.29538294673,0.187918350101,0.51093763113
-0.424682706594,0.294848799706,0.838967204094,-0.785695672035,0.294766962528,0.164997577667,0.518238067627
-0.419418156147,0.285832345486,0.842261910439,-0.824428319931,0.215236723423,0.214169368148,0.477621823549
-0.41812568903,0.284393250942,0.844019651413,-0.821057319641,0.21627342701,0.199749916792,0.489071339369
-0.416178911924,0.281574994326,0.845565974712,-0.830212473869,0.20197583735,0.215790614486,0.472638785839
-0.414399087429,0.279617488384,0.847253739834,-0.831574499607,0.198718965054,0.214531198144,0.472198039293
-0.412660419941,0.277880370617,0.848848223686,-0.831524729729,0.196122407913,0.211701512337,0.474642068148
-0.411910027266,0.277985423803,0.850165247917,-0.821909785271,0.215240910649,0.188495859504,0.492549449205
-0.41427102685,0.283746689558,0.84890717268,-0.786657750607,0.29245570302,0.147595763206,0.523311376572
-0.408189117908,0.275098055601,0.85325884819,-0.823321521282,0.2145396173,0.181020781398,0.493301153183
-0.405824810266,0.272823929787,0.855071485043,-0.824810087681,0.213677167892,0.190831288695,0.487456470728
-0.403720229864,0.271001875401,0.856872022152,-0.823630273342,0.215198323131,0.1874345541,0.490093052387
-0.401246726513,0.269146800041,0.858751654625,-0.825692474842,0.209708631039,0.175672411919,0.493349224329
-0.398901313543,0.266998887062,0.860693573952,-0.823503255844,0.21127615869,0.17304161191,0.497253954411
-0.396454513073,0.264782160521,0.862556397915,-0.825499236584,0.211351752281,0.180493414402,0.491226524115
-0.394079267979,0.2635024786,0.864281654358,-0.824961841106,0.211711913347,0.163995966315,0.497716128826
-0.391200900078,0.260975599289,0.866487681866,-0.824112534523,0.214704453945,0.173093795776,0.494751363993
-0.388481140137,0.259280085564,0.868309080601,-0.827235221863,0.209044441581,0.156854480505,0.497372210026
-0.385694891214,0.25692075491,0.870446383953,-0.825394690037,0.211805254221,0.165589496493,0.496429502964
-0.382673233747,0.254739999771,0.872460722923,-0.826473116875,0.210955306888,0.161067798734,0.496485084295
-0.379627197981,0.252138495445,0.874864220619,-0.827720880508,0.208270803094,0.160197094083,0.495820850134
-0.376779735088,0.250147998333,0.876850962639,-0.825837612152,0.212440595031,0.155689030886,0.498620331287
-0.373576641083,0.247765034437,0.879082560539,-0.826116085052,0.208760306239,0.143304526806,0.503403663635
-0.37027490139,0.245005756617,0.881331264973,-0.828173875809,0.204784795642,0.142498895526,0.501881897449
-0.36720135808,0.24232378602,0.88364636898,-0.829538166523,0.20819273591,0.151161938906,0.495653420687
-0.364173293114,0.239827111363,0.886526823044,-0.828804135323,0.196450904012,0.139158681035,0.505099773407
-0.360874891281,0.237262606621,0.888648867607,-0.829801559448,0.194522053003,0.135831132531,0.50511431694
-0.357495129108,0.234590694308,0.890737831593,-0.831658899784,0.191957727075,0.132788494229,0.503848254681
-0.353889226913,0.231926888227,0.892059743404,-0.831884860992,0.197529911995,0.12853308022,0.502422869205
-0.350950241089,0.229601204395,0.89482998848,-0.830515444279,0.193325445056,0.125768065453,0.507002830505
-0.347463577986,0.227326154709,0.896073937416,-0.829941809177,0.206184670329,0.128002673388,0.502294659615
-0.341895699501,0.224964022636,0.899403095245,-0.824181377888,0.220763131976,0.137380585074,0.50310587883
-0.338388025761,0.222506523132,0.901344299316,-0.825186669827,0.213823497295,0.124570310116,0.507768630981
-0.335368812084,0.220007330179,0.903887987137,-0.826373696327,0.205538958311,0.123617000878,0.509489119053
-0.331519126892,0.217571616173,0.904992461205,-0.828489124775,0.209041401744,0.118041060865,0.505938708782
-0.327903211117,0.214831233025,0.907022297382,-0.830657958984,0.205095484853,0.116436570883,0.504366576672
-0.324191778898,0.212073028088,0.908996641636,-0.833097457886,0.200741827488,0.116001717746,0.502190232277
-0.320596933365,0.209479764104,0.91094148159,-0.834828019142,0.196707114577,0.114386707544,0.501282691956
-0.317182272673,0.207303330302,0.912805914879,-0.8338342309,0.198105201125,0.109477698803,0.503477632999
-0.314213275909,0.205356180668,0.915361106396,-0.831852078438,0.195442259312,0.106691174209,0.508371472359
-0.310788571835,0.203234702349,0.917081356049,-0.82993221283,0.197180405259,0.10252828896,0.511684119701
-0.307096242905,0.201146051288,0.918379545212,-0.829495310783,0.202405750751,0.0974228680134,0.511349499226
-0.303896218538,0.198673814535,0.921157777309,-0.830905735493,0.195810317993,0.0967683270574,0.511751770973
-0.300076961517,0.196040570736,0.922623932362,-0.833095729351,0.195324867964,0.095018684864,0.508695602417
-0.296428859234,0.192997083068,0.924946248531,-0.83667743206,0.193315446377,0.105796471238,0.501405119896
-0.292956411839,0.190365105867,0.927109956741,-0.837779343128,0.190344035625,0.105421900749,0.500780582428
-0.291369527578,0.19391708076,0.927190423012,-0.805040061474,0.239630654454,0.058687761426,0.539484381676
-0.287959873676,0.191834211349,0.929408550262,-0.804815292358,0.240088313818,0.0573286302388,0.53976225853
-0.284616827965,0.189503967762,0.931640326977,-0.804805994034,0.237607836723,0.0557503886521,0.541037559509
-0.281577944756,0.18553853035,0.934529542923,-0.814083039761,0.22241987288,0.0626294985414,0.532800018787
-0.278193771839,0.18327498436,0.936805903912,-0.815196275711,0.221217006445,0.0614555329084,0.531734228134
-0.275252312422,0.18093945086,0.939868688583,-0.815948605537,0.216457471251,0.0613274201751,0.532553315163
-0.271441161633,0.180644959211,0.941086769104,-0.808766126633,0.233382999897,0.0507608242333,0.537450492382
-0.268224269152,0.178860425949,0.943163692951,-0.807929158211,0.234170168638,0.0472360476851,0.538686931133
-0.265655130148,0.174903899431,0.946616172791,-0.817397892475,0.212955877185,0.0564751550555,0.532279133797
-0.262155413628,0.174871385098,0.948340296745,-0.807904422283,0.227070584893,0.0456565469503,0.541890084743
-0.258697360754,0.173161312938,0.949933350086,-0.806945741177,0.232474923134,0.0438660383224,0.541174590588
-0.255849868059,0.169354528189,0.952769577503,-0.816932082176,0.216014832258,0.0517797581851,0.532239198685
-0.252430737019,0.169211059809,0.954546272755,-0.809514343739,0.224516153336,0.0440114885569,0.540686547756
-0.24968020618,0.167544007301,0.957506477833,-0.810080647469,0.22035780549,0.0433538965881,0.541601538658
-0.246277824044,0.165999174118,0.958832383156,-0.809125721455,0.224752381444,0.0424697771668,0.541293144226
-0.24371188879,0.162422686815,0.961934506893,-0.817204773426,0.205683723092,0.0503499992192,0.536036729813
-0.24004791677,0.16302767396,0.962828755379,-0.806554377079,0.223314389586,0.0394605062902,0.545933842659
-0.237287610769,0.161475151777,0.965428709984,-0.807267606258,0.217711880803,0.0393333211541,0.547150492668
