Fx,Fy,Fz,Tx,Ty,Tz
-0.091148904214395,-0.01907346217582,-0.420072682078217,0.0017217470565805,-0.0025458796687055,0.0001142953988179
-0.043901092062395,-0.04266949749242,-0.420072682078217,0.0017217470565805,-0.0034688575930555,-0.001257249154152
0.050594532241605,0.0045225731407799,-0.283832855399217,-0.0001396011095495,-0.0034688575930555,-0.001943021430635
-0.091148904214395,0.02811861031998,-0.420072682078217,0.0026524210814405,-0.0025458796687055,-0.001257249154152
0.050594532241605,0.02811861031998,-0.283832855399217,0.0007910729735155,-0.0043918350517455,-0.001257249154152
0.026970626165405,0.02811861031998,-0.420072682078217,0.0017217470565805,-0.0034688575930555,-0.001257249154152
0.097842336942605,0.02811861031998,-0.283832855399217,-0.0010702751926145,-0.0025458796687055,-0.000571476877669
-0.043901092062395,0.0045225731407799,-0.420072682078217,0.0026524210814405,-0.0043918350517455,-0.000571476877669
-0.067524998138395,-0.04266949749242,-0.420072682078217,-0.0001396011095495,0.0002230531730044,0.0021716123446779
-0.043901092062395,-0.01907346217582,-0.420072682078217,0.0035830952227105,-0.0034688575930555,-0.000571476877669
-0.043901092062395,0.0045225731407799,-0.283832855399217,0.0007910729735155,0.0002230531730044,-0.001257249154152
-0.020277185986495,0.0045225731407799,-0.283832855399217,0.0017217470565805,-0.0034688575930555,-0.000571476877669
0.026970626165405,0.0045225731407799,-0.283832855399217,0.0017217470565805,-0.0043918350517455,-0.001257249154152
-0.043901092062395,-0.01907346217582,-0.420072682078217,0.0026524210814405,-0.0025458796687055,0.0001142953988179
-0.020277185986495,0.02811861031998,-0.420072682078217,0.0017217470565805,-0.0025458796687055,-0.000571476877669
0.026970626165405,-0.01907346217582,-0.283832855399217,-0.0010702751926145,-0.0006999247513355,-0.001257249154152
0.026970626165405,0.02811861031998,-0.283832855399217,-0.0010702751926145,-0.0006999247513355,-0.000571476877669
0.050594532241605,0.05171464377388,-0.283832855399217,0.0007910729735155,-0.0062377902019455,-0.001257249154152
0.026970626165405,0.02811861031998,-0.283832855399217,0.0017217470565805,-0.0053148125104255,-0.001943021430635
0.003346720089505,0.0045225731407799,-0.556312449152217,0.0026524210814405,-0.0025458796687055,0.0001142953988179
-0.067524998138395,-0.04266949749242,-0.420072682078217,0.0007910729735155,0.0011460301660344,0.0028573842719179
0.026970626165405,0.05171464377388,-0.420072682078217,0.0017217470565805,-0.0025458796687055,-0.000571476877669
0.026970626165405,0.02811861031998,-0.283832855399217,0.0007910729735155,-0.0043918350517455,-0.000571476877669
-0.067524998138395,0.0045225731407799,-0.420072682078217,0.0026524210814405,-0.0034688575930555,-0.000571476877669
0.026970626165405,0.02811861031998,-0.420072682078217,-0.0001396011095495,-0.0025458796687055,-0.001943021430635
0.026970626165405,0.02811861031998,-0.283832855399217,0.0026524210814405,-0.0043918350517455,-0.000571476877669
-0.020277185986495,0.0045225731407799,-0.420072682078217,0.0007910729735155,-0.0025458796687055,0.0001142953988179
-0.020277185986495,-0.04266949749242,-0.420072682078217,-0.0010702751926145,-0.0006999247513355,-0.001257249154152
0.003346720089505,0.09890671813258,-0.556312449152217,0.0026524210814405,-0.0025458796687055,-0.001257249154152
-0.020277185986495,0.02811861031998,-0.420072682078217,0.0017217470565805,-0.0016229022100255,-0.001943021430635
0.026970626165405,0.05171464377388,-0.420072682078217,0.0017217470565805,-0.0025458796687055,-0.001257249154152
0.003346720089505,0.02811861031998,-0.420072682078217,0.0007910729735155,-0.0053148125104255,-0.001257249154152
-0.091148904214395,-0.08986156812562,-0.283832855399217,-0.0001396011095495,-0.0025458796687055,0.0014858399517779
-0.020277185986495,-0.01907346217582,-0.283832855399217,0.0017217470565805,-0.0034688575930555,-0.000571476877669
0.003346720089505,0.0045225731407799,-0.283832855399217,-0.0001396011095495,-0.0016229022100255,-0.001943021430635
-0.043901092062395,0.0045225731407799,-0.283832855399217,0.0007910729735155,-0.0034688575930555,0.0001142953988179
0.026970626165405,0.0045225731407799,-0.420072682078217,0.0017217470565805,-0.0034688575930555,-0.001257249154152
0.050594532241605,0.02811861031998,-0.283832855399217,0.0007910729735155,-0.0034688575930555,-0.001257249154152
-0.043901092062395,0.0045225731407799,-0.420072682078217,0.0026524210814405,-0.0025458796687055,0.0001142953988179
-0.091148904214395,-0.01907346217582,-0.420072682078217,-0.0001396011095495,-0.0025458796687055,-0.001257249154152
0.003346720089505,0.05171464377388,-0.420072682078217,0.0026524210814405,-0.0016229022100255,0.0001142953988179
0.003346720089505,0.02811861031998,-0.283832855399217,0.0017217470565805,-0.0016229022100255,0.0001142953988179
0.026970626165405,0.0045225731407799,-0.283832855399217,-0.0020009492756795,-0.0016229022100255,0.0001142953988179
-0.043901092062395,-0.01907346217582,-0.283832855399217,0.0017217470565805,-0.0043918350517455,-0.001257249154152
-0.043901092062395,-0.08986156812562,-0.283832855399217,-0.0029316233005395,-0.0025458796687055,0.0008000675588879
0.074218438317605,-0.01907346217582,-0.147593088324217,-0.0020009492756795,0.0002230531730044,-0.000571476877669
-0.020277185986495,-0.04266949749242,-0.147593088324217,-0.0010702751926145,-0.0025458796687055,-0.001257249154152
0.003346720089505,-0.01907346217582,-0.147593088324217,-0.0010702751926145,-0.0034688575930555,-0.001257249154152
0.003346720089505,-0.01907346217582,-0.283832855399217,-0.0010702751926145,-0.0016229022100255,-0.001257249154152
-0.020277185986495,-0.01907346217582,-0.420072682078217,0.0045137693639805,-0.0025458796687055,-0.001257249154152
-0.043901092062395,-0.01907346217582,-0.283832855399217,0.0017217470565805,-0.0034688575930555,-0.001257249154152
0.003346720089505,-0.06626553280902,-0.147593088324217,0.0007910729735155,-0.0034688575930555,-0.001257249154152
-0.043901092062395,-0.01907346217582,-0.283832855399217,0.0026524210814405,-0.0025458796687055,-0.001257249154152
0.026970626165405,-0.04266949749242,-0.283832855399217,-0.0010702751926145,-0.0006999247513355,-0.001257249154152
0.074218438317605,-0.01907346217582,-0.283832855399217,-0.0001396011095495,-0.0034688575930555,-0.000571476877669
-0.020277185986495,-0.01907346217582,-0.283832855399217,0.0007910729735155,-0.0034688575930555,-0.000571476877669
-0.091148904214395,0.0045225731407799,-0.147593088324217,-0.0001396011095495,-0.0016229022100255,0.0035431566648179
0.050594532241605,0.02811861031998,-0.147593088324217,0.0017217470565805,-0.0034688575930555,-0.001257249154152
-0.020277185986495,-0.01907346217582,-0.147593088324217,-0.0001396011095495,0.0011460301660344,-0.000571476877669
0.003346720089505,-0.01907346217582,-0.283832855399217,-0.0020009492756795,0.0011460301660344,-0.001257249154152
0.026970626165405,0.05171464377388,-0.283832855399217,0.0017217470565805,-0.0043918350517455,0.0001142953988179
-0.020277185986495,-0.01907346217582,-0.147593088324217,-0.0001396011095495,-0.0053148125104255,-0.001943021430635
-0.020277185986495,0.02811861031998,-0.283832855399217,0.0026524210814405,-0.0034688575930555,-0.000571476877669
-0.091148904214395,-0.04266949749242,-0.283832855399217,-0.0001396011095495,-0.0006999247513355,-0.001257249154152
-0.020277185986495,0.0045225731407799,-0.420072682078217,0.0017217470565805,-0.0034688575930555,-0.001257249154152
0.050594532241605,0.02811861031998,-0.147593088324217,0.0026524210814405,-0.0034688575930555,0.0001142953988179
-0.043901092062395,0.0045225731407799,-0.420072682078217,0.0026524210814405,-0.0034688575930555,0.0001142953988179
-0.020277185986495,0.0045225731407799,-0.147593088324217,-0.0001396011095495,-0.0025458796687055,-0.001257249154152
-0.067524998138395,-0.04266949749242,-0.147593088324217,-0.0001396011095495,-0.0016229022100255,0.0035431566648179
0.026970626165405,-0.01907346217582,-0.283832855399217,0.0007910729735155,-0.0043918350517455,0.0001142953988179
0.003346720089505,-0.04266949749242,-0.147593088324217,0.0007910729735155,-0.0034688575930555,0.0001142953988179
-0.020277185986495,-0.01907346217582,-0.283832855399217,0.0007910729735155,-0.0043918350517455,0.0008000675588879
0.003346720089505,-0.06626553280902,-0.147593088324217,-0.0020009492756795,-0.0016229022100255,-0.002628793707122
-0.020277185986495,-0.06626553280902,-0.147593088324217,-0.0020009492756795,0.0002230531730044,-0.001257249154152
0.050594532241605,0.0045225731407799,-0.147593088324217,0.0007910729735155,-0.0043918350517455,-0.001257249154152
0.050594532241605,0.0045225731407799,-0.147593088324217,0.0007910729735155,-0.0025458796687055,0.0001142953988179
0.050594532241605,-0.01907346217582,-0.283832855399217,-0.0020009492756795,-0.0025458796687055,-0.001943021430635
0.074218438317605,-0.04266949749242,-0.283832855399217,-0.0038622974418095,0.0002230531730044,-0.001943021430635
-0.043901092062395,-0.01907346217582,-0.283832855399217,-0.0001396011095495,-0.0034688575930555,-0.001943021430635
-0.043901092062395,0.0045225731407799,-0.283832855399217,0.0007910729735155,-0.0034688575930555,-0.001257249154152
-0.091148904214395,-0.08986156812562,-0.420072682078217,-0.0001396011095495,-0.0006999247513355,0.0035431566648179
-0.020277185986495,0.02811861031998,-0.420072682078217,0.0026524210814405,-0.0043918350517455,0.0001142953988179
0.003346720089505,-0.01907346217582,-0.283832855399217,0.0017217470565805,-0.0034688575930555,-0.000571476877669
-0.091148904214395,-0.01907346217582,-0.283832855399217,0.0017217470565805,-0.0025458796687055,-0.001257249154152
0.026970626165405,-0.01907346217582,-0.147593088324217,-0.0020009492756795,-0.0034688575930555,-0.000571476877669
-0.043901092062395,-0.01907346217582,-0.147593088324217,0.0007910729735155,-0.0043918350517455,-0.001257249154152
-0.043901092062395,0.0045225731407799,-0.283832855399217,0.0017217470565805,-0.0043918350517455,0.0001142953988179
0.074218438317605,0.02811861031998,-0.283832855399217,-0.0020009492756795,-0.0025458796687055,-0.001257249154152
0.003346720089505,-0.01907346217582,-0.283832855399217,-0.0010702751926145,-0.0016229022100255,-0.001257249154152
0.050594532241605,-0.01907346217582,-0.0113533212492166,-0.0038622974418095,-0.0006999247513355,-0.001943021430635
0.050594532241605,0.02811861031998,-0.147593088324217,0.0007910729735155,-0.0025458796687055,-0.000571476877669
0.003346720089505,0.0045225731407799,-0.147593088324217,0.0017217470565805,-0.0034688575930555,-0.000571476877669
-0.043901092062395,-0.04266949749242,-0.147593088324217,-0.0020009492756795,0.0002230531730044,0.0008000675588879
-0.043901092062395,0.0045225731407799,-0.283832855399217,0.0017217470565805,-0.0043918350517455,-0.001257249154152
-0.020277185986495,-0.01907346217582,-0.147593088324217,0.0017217470565805,-0.0034688575930555,-0.000571476877669
-0.020277185986495,-0.04266949749242,-0.147593088324217,-0.0020009492756795,-0.0025458796687055,-0.001257249154152
-0.043901092062395,-0.01907346217582,-0.283832855399217,-0.0020009492756795,0.0011460301660344,-0.000571476877669
-0.020277185986495,0.0045225731407799,-0.283832855399217,-0.0001396011095495,-0.0043918350517455,-0.001943021430635
0.003346720089505,0.0045225731407799,-0.147593088324217,-0.0001396011095495,-0.0034688575930555,-0.001943021430635
0.003346720089505,0.02811861031998,-0.283832855399217,0.0026524210814405,-0.0034688575930555,-0.001257249154152
0.026970626165405,0.0045225731407799,-0.147593088324217,0.0007910729735155,-0.0034688575930555,0.0001142953988179
0.003346720089505,0.0045225731407799,-0.147593088324217,0.0007910729735155,-0.0025458796687055,0.0001142953988179
0.003346720089505,-0.04266949749242,-0.147593088324217,-0.0020009492756795,-0.0025458796687055,-0.000571476877669
0.003346720089505,-0.01907346217582,-0.147593088324217,-0.0020009492756795,0.0002230531730044,-0.001943021430635
-0.067524998138395,0.0045225731407799,-0.283832855399217,-0.0029316233005395,0.0011460301660344,0.0021716123446779
0.003346720089505,0.0045225731407799,-0.147593088324217,-0.0001396011095495,0.0011460301660344,-0.000571476877669
-0.020277185986495,-0.01907346217582,-0.283832855399217,-0.0001396011095495,-0.0034688575930555,-0.000571476877669
-0.020277185986495,0.0045225731407799,-0.147593088324217,0.0026524210814405,-0.0080837453521455,0.0001142953988179
0.003346720089505,-0.01907346217582,-0.147593088324217,0.0007910729735155,-0.0016229022100255,-0.001257249154152
-0.020277185986495,-0.01907346217582,-0.147593088324217,0.0007910729735155,-0.0043918350517455,-0.001257249154152
0.003346720089505,0.02811861031998,-0.283832855399217,0.0007910729735155,-0.0043918350517455,-0.000571476877669
-0.020277185986495,0.02811861031998,-0.283832855399217,0.0035830952227105,-0.0034688575930555,-0.001943021430635
0.003346720089505,0.0045225731407799,-0.283832855399217,0.0017217470565805,-0.0016229022100255,0.0001142953988179
0.003346720089505,-0.04266949749242,-0.147593088324217,-0.0020009492756795,0.0002230531730044,-0.000571476877669
-0.043901092062395,0.02811861031998,-0.283832855399217,-0.0001396011095495,-0.0016229022100255,-0.001257249154152
-0.020277185986495,0.0045225731407799,-0.283832855399217,0.0007910729735155,-0.0034688575930555,0.0001142953988179
-0.114772810290295,-0.04266949749242,-0.283832855399217,-0.0010702751926145,0.0020690080903544,0.0042289290577179
0.026970626165405,-0.01907346217582,-0.147593088324217,-0.0020009492756795,-0.0006999247513355,0.0001142953988179
-0.043901092062395,-0.04266949749242,-0.147593088324217,-0.0001396011095495,-0.0016229022100255,-0.001257249154152
0.003346720089505,0.0045225731407799,-0.283832855399217,-0.0001396011095495,-0.0016229022100255,-0.002628793707122
-0.067524998138395,-0.04266949749242,-0.283832855399217,0.0007910729735155,-0.0043918350517455,-0.001257249154152
-0.114772810290295,-0.06626553280902,-0.283832855399217,0.0007910729735155,-0.0016229022100255,-0.001257249154152
-0.043901092062395,-0.01907346217582,-0.283832855399217,0.0007910729735155,-0.0043918350517455,-0.001257249154152
0.003346720089505,0.05171464377388,-0.147593088324217,0.0017217470565805,-0.0034688575930555,-0.000571476877669
0.003346720089505,0.02811861031998,-0.147593088324217,0.0026524210814405,-0.0043918350517455,0.0001142953988179
0.074218438317605,0.02811861031998,-0.147593088324217,0.0007910729735155,-0.0034688575930555,-0.000571476877669
0.026970626165405,0.0045225731407799,-0.283832855399217,-0.0010702751926145,-0.0016229022100255,-0.002628793707122
-0.020277185986495,0.0045225731407799,-0.147593088324217,0.0017217470565805,-0.0043918350517455,-0.001257249154152
-0.091148904214395,-0.01907346217582,-0.283832855399217,0.0017217470565805,-0.0034688575930555,0.0028573842719179
0.003346720089505,0.0045225731407799,-0.147593088324217,-0.0001396011095495,-0.0043918350517455,-0.000571476877669
0.074218438317605,-0.01907346217582,-0.283832855399217,-0.0029316233005395,-0.0025458796687055,-0.001257249154152
0.050594532241605,0.0045225731407799,-0.147593088324217,0.0017217470565805,-0.0053148125104255,-0.001257249154152
-0.043901092062395,-0.01907346217582,-0.283832855399217,0.0026524210814405,-0.0025458796687055,-0.000571476877669
0.026970626165405,-0.01907346217582,-0.283832855399217,-0.0001396011095495,-0.0043918350517455,-0.002628793707122
-0.067524998138395,-0.01907346217582,-0.420072682078217,-0.0010702751926145,-0.0016229022100255,-0.001257249154152
0.050594532241605,-0.01907346217582,-0.147593088324217,0.0007910729735155,-0.0043918350517455,-0.001257249154152
0.003346720089505,-0.04266949749242,-0.420072682078217,-0.0010702751926145,0.0020690080903544,-0.001943021430635
0.026970626165405,0.0045225731407799,-0.283832855399217,0.0017217470565805,-0.0043918350517455,-0.001257249154152
-0.043901092062395,0.0045225731407799,-0.420072682078217,0.0007910729735155,-0.0053148125104255,-0.000571476877669
0.050594532241605,0.02811861031998,-0.283832855399217,0.0017217470565805,-0.0043918350517455,-0.001257249154152
-0.067524998138395,-0.01907346217582,-0.283832855399217,0.0017217470565805,-0.0034688575930555,0.0028573842719179
0.003346720089505,0.0045225731407799,-0.147593088324217,0.0007910729735155,-0.0053148125104255,-0.001257249154152
-0.043901092062395,-0.01907346217582,-0.283832855399217,0.0017217470565805,-0.0016229022100255,-0.000571476877669
-0.020277185986495,-0.01907346217582,-0.147593088324217,-0.0010702751926145,-0.0006999247513355,-0.001257249154152
0.003346720089505,0.0045225731407799,-0.283832855399217,0.0007910729735155,-0.0043918350517455,-0.001257249154152
0.003346720089505,0.0045225731407799,-0.283832855399217,0.0007910729735155,-0.0043918350517455,-0.000571476877669
0.026970626165405,-0.04266949749242,-0.0113533212492166,-0.0001396011095495,-0.0053148125104255,-0.000571476877669
-0.067524998138395,-0.01907346217582,-0.283832855399217,0.0026524210814405,-0.0043918350517455,-0.001943021430635
-0.020277185986495,-0.01907346217582,-0.283832855399217,0.0026524210814405,-0.0034688575930555,-0.001943021430635
-0.020277185986495,-0.04266949749242,-0.283832855399217,-0.0001396011095495,0.0002230531730044,-0.001943021430635
0.003346720089505,0.0045225731407799,-0.283832855399217,0.0007910729735155,-0.0025458796687055,-0.002628793707122
0.003346720089505,-0.04266949749242,-0.147593088324217,-0.0001396011095495,-0.0053148125104255,-0.000571476877669
-0.067524998138395,-0.04266949749242,-0.147593088324217,-0.0020009492756795,-0.0006999247513355,0.0014858399517779
0.003346720089505,0.02811861031998,-0.147593088324217,0.0017217470565805,-0.0053148125104255,0.0001142953988179
-0.067524998138395,0.0045225731407799,-0.283832855399217,0.0017217470565805,-0.0043918350517455,0.0001142953988179
0.003346720089505,-0.04266949749242,-0.147593088324217,0.0017217470565805,-0.0034688575930555,-0.001257249154152
0.003346720089505,0.02811861031998,-0.147593088324217,0.0017217470565805,-0.0034688575930555,-0.000571476877669
-0.043901092062395,0.02811861031998,-0.283832855399217,0.0017217470565805,-0.0016229022100255,-0.000571476877669
-0.067524998138395,0.0045225731407799,-0.283832855399217,0.0017217470565805,-0.0043918350517455,-0.001257249154152
0.003346720089505,-0.04266949749242,-0.147593088324217,-0.0001396011095495,-0.0053148125104255,-0.001943021430635
0.026970626165405,-0.01907346217582,-0.147593088324217,-0.0010702751926145,-0.0043918350517455,-0.001257249154152
0.026970626165405,0.02811861031998,-0.283832855399217,0.0026524210814405,-0.0043918350517455,-0.000571476877669
-0.020277185986495,-0.04266949749242,-0.147593088324217,0.0017217470565805,-0.0053148125104255,-0.001257249154152
0.026970626165405,0.02811861031998,-0.147593088324217,0.0007910729735155,-0.0053148125104255,-0.001257249154152
-0.138396716366295,-0.01907346217582,-0.283832855399217,-0.0001396011095495,0.0011460301660344,0.0028573842719179
-0.020277185986495,0.02811861031998,-0.283832855399217,0.0017217470565805,-0.0043918350517455,-0.000571476877669
-0.067524998138395,0.02811861031998,-0.283832855399217,0.0035830952227105,-0.0043918350517455,-0.001257249154152
-0.020277185986495,0.0045225731407799,-0.283832855399217,0.0007910729735155,-0.0043918350517455,-0.001257249154152
0.003346720089505,0.02811861031998,-0.283832855399217,0.0035830952227105,-0.0043918350517455,-0.001257249154152
0.026970626165405,0.0045225731407799,-0.283832855399217,0.0007910729735155,-0.0053148125104255,-0.001943021430635
0.003346720089505,0.0045225731407799,-0.147593088324217,0.0017217470565805,-0.0053148125104255,-0.001257249154152
-0.067524998138395,-0.01907346217582,-0.283832855399217,0.0007910729735155,-0.0043918350517455,-0.000571476877669
0.026970626165405,0.0045225731407799,-0.283832855399217,0.0017217470565805,-0.0043918350517455,0.0001142953988179
-0.020277185986495,-0.04266949749242,-0.283832855399217,-0.0001396011095495,-0.0016229022100255,-0.000571476877669
0.003346720089505,-0.04266949749242,-0.147593088324217,-0.0001396011095495,-0.0043918350517455,-0.001943021430635
0.003346720089505,0.0045225731407799,-0.147593088324217,0.0007910729735155,-0.0053148125104255,-0.001257249154152
0.003346720089505,-0.04266949749242,-0.283832855399217,-0.0029316233005395,-0.0016229022100255,0.0014858399517779
0.026970626165405,-0.04266949749242,-0.283832855399217,-0.0029316233005395,-0.0025458796687055,-0.001257249154152
-0.067524998138395,-0.04266949749242,-0.283832855399217,-0.0001396011095495,0.0002230531730044,-0.001257249154152
-0.043901092062395,0.0045225731407799,-0.283832855399217,0.0007910729735155,-0.0006999247513355,-0.001943021430635
0.026970626165405,0.0045225731407799,-0.283832855399217,-0.0001396011095495,-0.0006999247513355,-0.001257249154152
-0.020277185986495,0.02811861031998,-0.283832855399217,0.0017217470565805,-0.0016229022100255,-0.000571476877669
0.026970626165405,0.02811861031998,-0.283832855399217,0.0007910729735155,-0.0043918350517455,0.0001142953988179
-0.067524998138395,-0.01907346217582,-0.283832855399217,-0.0010702751926145,-0.0043918350517455,-0.001257249154152
-0.043901092062395,0.0045225731407799,-0.420072682078217,0.0017217470565805,-0.0016229022100255,-0.001943021430635
0.026970626165405,0.02811861031998,-0.147593088324217,0.0035830952227105,-0.0062377902019455,-0.001257249154152
-0.067524998138395,-0.01907346217582,-0.283832855399217,0.0017217470565805,-0.0043918350517455,-0.000571476877669
-0.020277185986495,0.0045225731407799,-0.283832855399217,0.0026524210814405,-0.0043918350517455,0.0001142953988179
-0.067524998138395,-0.06626553280902,-0.0113533212492166,-0.0001396011095495,-0.0025458796687055,0.0014858399517779
0.026970626165405,0.0045225731407799,-0.147593088324217,0.0007910729735155,-0.0053148125104255,-0.000571476877669
0.074218438317605,-0.01907346217582,-0.147593088324217,-0.0001396011095495,-0.0053148125104255,-0.001257249154152
0.003346720089505,0.0045225731407799,-0.147593088324217,0.0007910729735155,-0.0053148125104255,-0.001257249154152
0.074218438317605,0.02811861031998,-0.147593088324217,-0.0010702751926145,-0.0043918350517455,-0.001257249154152
0.097842336942605,0.02811861031998,-0.0113533212492166,-0.0001396011095495,-0.0053148125104255,-0.001257249154152
-0.020277185986495,0.0045225731407799,-0.283832855399217,0.0007910729735155,-0.0043918350517455,-0.000571476877669
0.003346720089505,0.0045225731407799,-0.147593088324217,-0.0001396011095495,-0.0043918350517455,-0.002628793707122
0.050594532241605,-0.01907346217582,-0.147593088324217,0.0007910729735155,-0.0043918350517455,-0.001257249154152
0.003346720089505,0.0045225731407799,-0.147593088324217,0.0026524210814405,-0.0062377902019455,-0.001257249154152
0.026970626165405,-0.01907346217582,-0.283832855399217,0.0026524210814405,-0.0053148125104255,-0.001257249154152
0.097842336942605,0.0045225731407799,-0.147593088324217,0.0017217470565805,-0.0053148125104255,-0.000571476877669
-0.043901092062395,0.0045225731407799,-0.283832855399217,0.0007910729735155,-0.0025458796687055,0.0028573842719179
0.003346720089505,-0.04266949749242,-0.0113533212492166,0.0007910729735155,-0.0034688575930555,-0.000571476877669
-0.020277185986495,-0.04266949749242,-0.147593088324217,-0.0001396011095495,-0.0016229022100255,-0.001257249154152
0.003346720089505,-0.04266949749242,-0.147593088324217,-0.0010702751926145,-0.0006999247513355,-0.001943021430635
0.003346720089505,-0.04266949749242,-0.147593088324217,0.0007910729735155,-0.0053148125104255,-0.001257249154152
0.026970626165405,0.0045225731407799,-0.147593088324217,0.0007910729735155,-0.0043918350517455,-0.001257249154152
0.003346720089505,0.0045225731407799,-0.147593088324217,0.0026524210814405,-0.0062377902019455,-0.000571476877669
-0.043901092062395,0.0045225731407799,-0.283832855399217,0.0007910729735155,-0.0043918350517455,-0.000571476877669
0.003346720089505,0.05171464377388,-0.147593088324217,0.0035830952227105,-0.0034688575930555,-0.001257249154152
0.026970626165405,0.0045225731407799,-0.147593088324217,0.0007910729735155,-0.0053148125104255,-0.001257249154152
-0.020277185986495,0.0045225731407799,-0.420072682078217,0.0007910729735155,-0.0025458796687055,0.0001142953988179
-0.020277185986495,-0.01907346217582,-0.147593088324217,0.0017217470565805,-0.0025458796687055,-0.000571476877669
-0.043901092062395,-0.08986156812562,-0.283832855399217,-0.0001396011095495,-0.0043918350517455,0.0028573842719179
-0.043901092062395,-0.01907346217582,-0.147593088324217,-0.0020009492756795,-0.0043918350517455,-0.001257249154152
0.026970626165405,0.0045225731407799,-0.147593088324217,0.0007910729735155,-0.0071607677770445,-0.001257249154152
0.050594532241605,-0.01907346217582,-0.0113533212492166,-0.0020009492756795,-0.0043918350517455,-0.001257249154152
0.026970626165405,0.0045225731407799,-0.283832855399217,-0.0010702751926145,-0.0016229022100255,-0.001257249154152
0.050594532241605,0.02811861031998,-0.283832855399217,0.0017217470565805,-0.0025458796687055,-0.001257249154152
0.026970626165405,0.02811861031998,-0.0113533212492166,-0.0001396011095495,-0.0043918350517455,-0.001943021430635
0.003346720089505,-0.01907346217582,-0.147593088324217,0.0017217470565805,-0.0034688575930555,-0.000571476877669
-0.043901092062395,-0.04266949749242,-0.147593088324217,0.0007910729735155,-0.0034688575930555,-0.000571476877669
0.003346720089505,0.0045225731407799,-0.147593088324217,-0.0010702751926145,-0.0034688575930555,-0.001257249154152
0.074218438317605,0.05171464377388,-0.283832855399217,-0.0020009492756795,-0.0025458796687055,0.0008000675588879
-0.043901092062395,-0.01907346217582,-0.147593088324217,-0.0020009492756795,-0.0043918350517455,-0.000571476877669
-0.043901092062395,-0.04266949749242,-0.283832855399217,0.0017217470565805,0.0002230531730044,0.0042289290577179
-0.043901092062395,-0.06626553280902,-0.147593088324217,0.0026524210814405,-0.0090067229272465,-0.000571476877669
0.003346720089505,-0.11345760530482,-0.147593088324217,-0.0010702751926145,-0.0016229022100255,-0.001943021430635
0.026970626165405,-0.04266949749242,-0.147593088324217,-0.0010702751926145,-0.0043918350517455,-0.001257249154152
0.026970626165405,-0.01907346217582,-0.0113533212492166,-0.0010702751926145,-0.0025458796687055,-0.001257249154152
-0.020277185986495,-0.04266949749242,0.124886475627783,0.0017217470565805,-0.0080837453521455,-0.001257249154152
-0.043901092062395,-0.06626553280902,-0.0113533212492166,-0.0001396011095495,-0.0071607677770445,-0.001257249154152
-0.020277185986495,0.0045225731407799,-0.0113533212492166,0.0017217470565805,-0.0071607677770445,-0.000571476877669
0.026970626165405,-0.04266949749242,-0.0113533212492166,0.0007910729735155,-0.0071607677770445,-0.000571476877669
0.026970626165405,-0.01907346217582,0.124886475627783,-0.0001396011095495,-0.0080837453521455,-0.001943021430635
-0.043901092062395,-0.01907346217582,-0.147593088324217,0.0026524210814405,-0.0043918350517455,-0.000571476877669
0.050594532241605,-0.04266949749242,-0.0113533212492166,-0.0001396011095495,-0.0062377902019455,-0.000571476877669
-0.020277185986495,-0.11345760530482,-0.147593088324217,-0.0020009492756795,-0.0016229022100255,0.0021716123446779
0.121466250469605,-0.06626553280902,-0.147593088324217,0.0007910729735155,-0.0043918350517455,0.0001142953988179
0.050594532241605,-0.13705363875872,-0.283832855399217,-0.0010702751926145,0.0002230531730044,-0.001257249154152
0.050594532241605,-0.13705363875872,-0.147593088324217,0.0017217470565805,-0.0006999247513355,-0.001257249154152
0.074218438317605,-0.23143778002542,-0.283832855399217,0.0017217470565805,-0.0043918350517455,-0.001943021430635
0.074218438317605,-0.25503381347942,-0.283832855399217,0.0045137693639805,-0.0043918350517455,-0.001257249154152
0.121466250469605,-0.23143778002542,-0.283832855399217,-0.0001396011095495,0.0002230531730044,-0.001943021430635
0.168714062621605,-0.16064967221242,-0.147593088324217,0.0017217470565805,-0.0034688575930555,-0.002628793707122
0.074218438317605,-0.13705363875872,-0.283832855399217,-0.0001396011095495,-0.0016229022100255,-0.001257249154152
0.003346720089505,-0.11345760530482,-0.420072682078217,0.0007910729735155,-0.0006999247513355,-0.001257249154152
0.050594532241605,-0.11345760530482,-0.283832855399217,-0.0010702751926145,-0.0016229022100255,-0.002628793707122
0.003346720089505,-0.11345760530482,-0.147593088324217,-0.0001396011095495,-0.0043918350517455,-0.001257249154152
-0.043901092062395,-0.16064967221242,-0.283832855399217,-0.0020009492756795,-0.0025458796687055,0.0008000675588879
-0.091148904214395,-0.16064967221242,-0.283832855399217,0.0017217470565805,-0.0062377902019455,-0.001257249154152
-0.020277185986495,-0.11345760530482,-0.283832855399217,-0.0001396011095495,-0.0053148125104255,-0.000571476877669
-0.091148904214395,-0.13705363875872,-0.147593088324217,-0.0001396011095495,-0.0043918350517455,-0.001943021430635
-0.020277185986495,-0.11345760530482,-0.147593088324217,-0.0001396011095495,-0.0053148125104255,-0.001943021430635
-0.020277185986495,-0.08986156812562,-0.147593088324217,-0.0020009492756795,-0.0034688575930555,-0.001257249154152
-0.067524998138395,-0.11345760530482,-0.147593088324217,-0.0001396011095495,-0.0043918350517455,0.0001142953988179
-0.043901092062395,-0.08986156812562,-0.147593088324217,0.0007910729735155,-0.0053148125104255,0.0008000675588879
-0.067524998138395,-0.04266949749242,-0.147593088324217,0.0017217470565805,-0.0090067229272465,-0.000571476877669
-0.091148904214395,-0.13705363875872,-0.147593088324217,-0.0001396011095495,-0.0043918350517455,-0.001943021430635
-0.043901092062395,-0.11345760530482,-0.147593088324217,0.0007910729735155,-0.0043918350517455,-0.000571476877669
-0.162020622442195,-0.11345760530482,-0.283832855399217,0.0017217470565805,-0.0043918350517455,-0.000571476877669
-0.162020622442195,-0.13705363875872,-0.147593088324217,0.0007910729735155,-0.0034688575930555,0.0021716123446779
-0.043901092062395,-0.11345760530482,-0.147593088324217,0.0035830952227105,-0.0062377902019455,-0.000571476877669
-0.067524998138395,-0.13705363875872,-0.147593088324217,-0.0010702751926145,-0.0043918350517455,-0.001257249154152
-0.067524998138395,-0.08986156812562,-0.147593088324217,0.0017217470565805,-0.0062377902019455,-0.001257249154152
-0.091148904214395,-0.08986156812562,-0.147593088324217,-0.0010702751926145,-0.0043918350517455,-0.000571476877669
-0.067524998138395,-0.06626553280902,-0.147593088324217,-0.0020009492756795,-0.0062377902019455,-0.001257249154152
0.026970626165405,-0.01907346217582,-0.420072682078217,-0.0020009492756795,-0.0025458796687055,-0.000571476877669
-0.067524998138395,-0.11345760530482,-0.283832855399217,-0.0010702751926145,-0.0043918350517455,-0.001257249154152
-0.067524998138395,-0.11345760530482,-0.420072682078217,0.0017217470565805,-0.0034688575930555,-0.001943021430635
-0.067524998138395,-0.08986156812562,-0.283832855399217,0.0026524210814405,-0.0043918350517455,-0.000571476877669
0.003346720089505,-0.13705363875872,-0.420072682078217,-0.0010702751926145,-0.0016229022100255,-0.001257249154152
0.003346720089505,-0.11345760530482,-0.283832855399217,0.0017217470565805,-0.0034688575930555,0.0001142953988179
-0.067524998138395,-0.13705363875872,-0.420072682078217,-0.0020009492756795,0.0020690080903544,0.0021716123446779
-0.020277185986495,-0.06626553280902,-0.283832855399217,0.0026524210814405,-0.0043918350517455,0.0001142953988179
0.050594532241605,-0.08986156812562,-0.283832855399217,-0.0010702751926145,-0.0006999247513355,-0.001943021430635
0.026970626165405,-0.11345760530482,-0.283832855399217,0.0007910729735155,-0.0071607677770445,-0.001257249154152
0.097842336942605,-0.13705363875872,-0.147593088324217,-0.0010702751926145,-0.0034688575930555,-0.001257249154152
0.097842336942605,-0.11345760530482,-0.283832855399217,-0.0001396011095495,-0.0034688575930555,-0.001257249154152
0.097842336942605,-0.16064967221242,-0.283832855399217,0.0007910729735155,-0.0053148125104255,-0.001943021430635
0.050594532241605,-0.13705363875872,-0.420072682078217,0.0026524210814405,-0.0034688575930555,-0.000571476877669
0.145090163995605,-0.08986156812562,-0.283832855399217,-0.0001396011095495,-0.0043918350517455,-0.000571476877669
0.074218438317605,-0.11345760530482,-0.420072682078217,0.0017217470565805,-0.0034688575930555,-0.001943021430635
0.097842336942605,-0.13705363875872,-0.283832855399217,0.0017217470565805,-0.0053148125104255,-0.001257249154152
0.074218438317605,-0.13705363875872,-0.283832855399217,0.0026524210814405,-0.0043918350517455,-0.001257249154152
0.026970626165405,-0.13705363875872,-0.147593088324217,-0.0001396011095495,-0.0016229022100255,0.0028573842719179
0.097842336942605,-0.13705363875872,-0.283832855399217,0.0007910729735155,-0.0025458796687055,-0.000571476877669
0.050594532241605,-0.13705363875872,-0.283832855399217,0.0017217470565805,-0.0043918350517455,0.0001142953988179
0.097842336942605,-0.13705363875872,-0.283832855399217,0.0026524210814405,-0.0043918350517455,-0.001257249154152
0.097842336942605,-0.18424571311742,-0.283832855399217,0.0017217470565805,-0.0043918350517455,-0.000571476877669
0.050594532241605,-0.23143778002542,-0.283832855399217,0.0045137693639805,-0.0034688575930555,-0.001257249154152
0.145090163995605,-0.20784174657142,-0.0113533212492166,0.0007910729735155,-0.0043918350517455,-0.001257249154152
0.097842336942605,-0.16064967221242,-0.147593088324217,0.0026524210814405,-0.0053148125104255,-0.001943021430635
0.097842336942605,-0.18424571311742,-0.147593088324217,0.0007910729735155,-0.0053148125104255,-0.000571476877669
0.003346720089505,-0.20784174657142,-0.147593088324217,0.0007910729735155,-0.0034688575930555,-0.001943021430635
0.097842336942605,-0.13705363875872,-0.0113533212492166,0.0017217470565805,-0.0071607677770445,-0.001943021430635
0.026970626165405,-0.16064967221242,-0.147593088324217,-0.0001396011095495,-0.0025458796687055,-0.001943021430635
-0.020277185986495,-0.18424571311742,-0.147593088324217,0.0007910729735155,-0.0034688575930555,0.0035431566648179
0.074218438317605,-0.13705363875872,-0.147593088324217,-0.0010702751926145,-0.0034688575930555,-0.000571476877669
0.074218438317605,-0.08986156812562,-0.283832855399217,0.0026524210814405,-0.0053148125104255,-0.001257249154152
0.097842336942605,-0.11345760530482,-0.283832855399217,-0.0001396011095495,-0.0034688575930555,0.0001142953988179
0.121466250469605,-0.11345760530482,-0.0113533212492166,0.0007910729735155,-0.0025458796687055,-0.001257249154152
0.026970626165405,-0.11345760530482,-0.0113533212492166,0.0007910729735155,-0.0025458796687055,-0.000571476877669
0.050594532241605,-0.11345760530482,-0.147593088324217,-0.0001396011095495,-0.0025458796687055,-0.001257249154152
0.074218438317605,-0.08986156812562,-0.147593088324217,0.0007910729735155,-0.0006999247513355,0.0001142953988179
0.121466250469605,-0.08986156812562,-0.0113533212492166,-0.0001396011095495,-0.0034688575930555,-0.000571476877669
0.050594532241605,-0.16064967221242,-0.147593088324217,-0.0010702751926145,-0.0016229022100255,-0.001257249154152
0.192337961246605,-0.11345760530482,-0.0113533212492166,0.0017217470565805,-0.0062377902019455,-0.000571476877669
0.145090163995605,-0.04266949749242,-0.147593088324217,-0.0010702751926145,-0.0043918350517455,-0.001257249154152
0.121466250469605,-0.11345760530482,-0.147593088324217,0.0017217470565805,-0.0043918350517455,0.0021716123446779
0.074218438317605,-0.13705363875872,-0.0113533212492166,-0.0010702751926145,-0.0025458796687055,-0.001257249154152
0.074218438317605,-0.11345760530482,-0.147593088324217,0.0017217470565805,-0.0034688575930555,-0.000571476877669
0.168714062621605,-0.06626553280902,-0.0113533212492166,-0.0010702751926145,-0.0034688575930555,-0.000571476877669
0.168714062621605,-0.06626553280902,-0.0113533212492166,-0.0020009492756795,-0.0034688575930555,-0.000571476877669
0.145090163995605,0.0045225731407799,-0.0113533212492166,-0.0001396011095495,-0.0025458796687055,0.0001142953988179
0.097842336942605,0.0045225731407799,0.124886475627783,-0.0010702751926145,-0.0043918350517455,0.0001142953988179
0.097842336942605,0.0045225731407799,0.261126257602783,0.0007910729735155,-0.0080837453521455,-0.000571476877669
0.145090163995605,0.0045225731407799,-0.0113533212492166,-0.0001396011095495,-0.0034688575930555,0.0001142953988179
0.168714062621605,0.0045225731407799,0.124886475627783,-0.0020009492756795,-0.0062377902019455,-0.000571476877669
0.097842336942605,-0.04266949749242,-0.0113533212492166,-0.0020009492756795,-0.0025458796687055,-0.000571476877669
0.121466250469605,-0.06626553280902,0.261126257602783,-0.0010702751926145,-0.0034688575930555,-0.000571476877669
-0.043901092062395,-0.06626553280902,-0.0113533212492166,0.0007910729735155,-0.0016229022100255,0.0028573842719179
0.050594532241605,-0.04266949749242,-0.0113533212492166,-0.0020009492756795,-0.0034688575930555,-0.000571476877669
0.003346720089505,-0.08986156812562,0.124886475627783,-0.0010702751926145,-0.0016229022100255,-0.001257249154152
0.026970626165405,-0.08986156812562,0.261126257602783,-0.0029316233005395,-0.0025458796687055,-0.001257249154152
0.003346720089505,0.0045225731407799,0.124886475627783,0.0045137693639805,-0.0062377902019455,0.0001142953988179
0.074218438317605,-0.04266949749242,0.124886475627783,0.0007910729735155,-0.0062377902019455,-0.000571476877669
0.026970626165405,-0.01907346217582,-0.0113533212492166,0.0026524210814405,-0.0034688575930555,0.0008000675588879
0.050594532241605,-0.11345760530482,0.124886475627783,-0.0020009492756795,-0.0025458796687055,-0.001943021430635
0.074218438317605,-0.06626553280902,-0.0113533212492166,-0.0010702751926145,-0.0025458796687055,-0.000571476877669
0.074218438317605,-0.01907346217582,-0.0113533212492166,-0.0001396011095495,-0.0043918350517455,-0.000571476877669
0.074218438317605,-0.04266949749242,-0.0113533212492166,-0.0010702751926145,-0.0025458796687055,-0.001257249154152
0.050594532241605,-0.04266949749242,0.124886475627783,-0.0010702751926145,-0.0016229022100255,0.0001142953988179
0.168714062621605,0.0045225731407799,-0.0113533212492166,0.0007910729735155,-0.0025458796687055,0.0028573842719179
0.097842336942605,0.0045225731407799,0.124886475627783,0.0017217470565805,-0.0062377902019455,-0.000571476877669
0.097842336942605,0.05171464377388,-0.0113533212492166,-0.0001396011095495,-0.0006999247513355,-0.000571476877669
0.050594532241605,0.02811861031998,-0.147593088324217,0.0007910729735155,-0.0025458796687055,-0.000571476877669
0.026970626165405,0.0045225731407799,-0.147593088324217,-0.0010702751926145,0.0002230531730044,-0.001257249154152
0.074218438317605,0.0045225731407799,-0.0113533212492166,0.0017217470565805,-0.0071607677770445,-0.000571476877669
0.003346720089505,0.0045225731407799,-0.0113533212492166,0.0017217470565805,-0.0016229022100255,0.0001142953988179
0.074218438317605,-0.01907346217582,-0.0113533212492166,0.0007910729735155,-0.0043918350517455,-0.001257249154152
0.003346720089505,-0.01907346217582,-0.0113533212492166,-0.0001396011095495,-0.0034688575930555,-0.001257249154152
-0.020277185986495,-0.06626553280902,-0.0113533212492166,-0.0001396011095495,-0.0006999247513355,-0.001257249154152
0.003346720089505,-0.04266949749242,-0.0113533212492166,0.0007910729735155,-0.0034688575930555,-0.000571476877669
0.050594532241605,-0.01907346217582,-0.0113533212492166,-0.0001396011095495,-0.0062377902019455,0.0001142953988179
-0.043901092062395,0.02811861031998,-0.147593088324217,0.0007910729735155,-0.0025458796687055,0.0028573842719179
0.026970626165405,0.0045225731407799,-0.0113533212492166,0.0007910729735155,-0.0034688575930555,0.0014858399517779
-0.091148904214395,0.02811861031998,-0.147593088324217,0.0017217470565805,0.0002230531730044,0.0001142953988179
0.074218438317605,0.0045225731407799,0.124886475627783,-0.0001396011095495,-0.0016229022100255,-0.002628793707122
-0.043901092062395,-0.01907346217582,0.124886475627783,-0.0001396011095495,-0.0016229022100255,-0.001943021430635
0.003346720089505,-0.01907346217582,-0.0113533212492166,0.0007910729735155,-0.0016229022100255,-0.000571476877669
0.074218438317605,-0.01907346217582,0.124886475627783,0.0007910729735155,-0.0053148125104255,-0.001257249154152
0.050594532241605,-0.06626553280902,-0.0113533212492166,-0.0010702751926145,-0.0006999247513355,-0.001257249154152
-0.020277185986495,-0.08986156812562,-0.0113533212492166,-0.0010702751926145,-0.0025458796687055,-0.000571476877669
0.050594532241605,-0.08986156812562,0.124886475627783,-0.0010702751926145,-0.0053148125104255,-0.001943021430635
0.003346720089505,-0.04266949749242,-0.147593088324217,0.0007910729735155,-0.0006999247513355,-0.001257249154152
-0.020277185986495,-0.01907346217582,-0.283832855399217,-0.0001396011095495,-0.0006999247513355,-0.001257249154152
-0.067524998138395,-0.08986156812562,-0.0113533212492166,-0.0010702751926145,0.0011460301660344,0.0014858399517779
-0.067524998138395,-0.06626553280902,-0.147593088324217,0.0026524210814405,-0.0016229022100255,-0.000571476877669
-0.020277185986495,-0.08986156812562,-0.0113533212492166,-0.0001396011095495,-0.0016229022100255,-0.001257249154152
0.003346720089505,-0.04266949749242,-0.0113533212492166,-0.0029316233005395,0.0011460301660344,-0.001257249154152
0.074218438317605,-0.01907346217582,-0.147593088324217,-0.0010702751926145,0.0011460301660344,-0.000571476877669
0.050594532241605,-0.04266949749242,-0.283832855399217,-0.0029316233005395,-0.0025458796687055,0.0001142953988179
0.074218438317605,-0.01907346217582,-0.147593088324217,-0.0020009492756795,-0.0034688575930555,-0.001257249154152
-0.020277185986495,-0.01907346217582,-0.0113533212492166,-0.0020009492756795,-0.0016229022100255,-0.000571476877669
0.050594532241605,-0.04266949749242,-0.0113533212492166,-0.0010702751926145,-0.0025458796687055,-0.001257249154152
-0.020277185986495,-0.06626553280902,-0.0113533212492166,0.0017217470565805,-0.0006999247513355,-0.001257249154152
-0.256516246746395,0.0045225731407799,-0.283832855399217,0.0007910729735155,-0.0034688575930555,-0.000571476877669
-0.563627033184395,0.02811861031998,-0.283832855399217,-0.0029316233005395,-0.0117756556525456,-0.001257249154152
-0.823489992569395,0.02811861031998,-0.420072682078217,-0.0010702751926145,-0.0191594767190456,0.0008000675588879
-0.988857357452395,0.16969481849458,-0.420072682078217,0.0007910729735155,-0.0228513865537456,0.0014858399517779
-1.03610512490039,0.19329085194858,-0.420072682078217,-0.0010702751926145,-0.0210054316363456,0.0014858399517779
-1.22509643310839,0.26407895230958,-0.420072682078217,-0.0038622974418095,-0.0191594767190456,0.0021716123446779
-1.4613355087784,0.26407895230958,-0.556312449152217,-0.0029316233005395,-0.0210054316363456,0.0021716123446779
-1.4613355087784,0.28767500066558,-0.420072682078217,-0.0047929715830795,-0.0219284086294456,0.0028573842719179
-1.43771156544839,0.33486706757258,-0.283832855399217,-0.0057236454915295,-0.0219284086294456,0.0035431566648179
-1.31959196800839,0.45284724974358,-0.147593088324217,-0.0038622974418095,-0.0256203184641456,0.0042289290577179
-1.27234420055839,0.42925120138858,-0.0113533212492166,-0.0038622974418095,-0.0256203184641456,0.0056004738435179
-1.17784854645839,0.38205913448058,0.124886475627783,-0.0057236454915295,-0.0246973424024456,0.0035431566648179
-0.965233414123395,0.33486706757258,-0.147593088324217,-0.0038622974418095,-0.0210054316363456,0.0042289290577179
-0.776242165515395,0.33486706757258,-0.147593088324217,-0.0010702751926145,-0.0182364987946456,0.0062862457707479
-0.799866108844395,0.35846311592758,-0.283832855399217,-0.0029316233005395,-0.0099297005023455,0.0097151072695479
-0.776242165515395,0.31127101921758,-0.420072682078217,-0.0038622974418095,-0.0108526781938656,0.0069720176979879
-0.705370454738395,0.33486706757258,-0.147593088324217,-0.0038622974418095,-0.0108526781938656,0.0056004738435179
-0.634498743961395,0.26407895230958,-0.147593088324217,-0.0047929715830795,-0.0053148125104255,0.0049147014506179
-0.492755322406395,0.21688688540258,-0.147593088324217,-0.0029316233005395,-0.0034688575930555,0.0049147014506179
-0.398259668300395,0.19329085194858,-0.147593088324217,-0.0047929715830795,-0.0025458796687055,0.0035431566648179
-0.138396716366295,0.02811861031998,-0.283832855399217,-0.0038622974418095,0.0039149630077544,0.0008000675588879
-0.114772810290295,0.05171464377388,-0.0113533212492166,0.0017217470565805,-0.0043918350517455,0.0014858399517779
-0.020277185986495,0.02811861031998,-0.0113533212492166,0.0007910729735155,-0.0062377902019455,-0.000571476877669
-0.043901092062395,-0.04266949749242,-0.283832855399217,-0.0029316233005395,0.0048379409320544,0.0001142953988179
-0.091148904214395,0.0045225731407799,-0.556312449152217,-0.0029316233005395,0.0039149630077544,0.0021716123446779
-0.303764058898395,0.14609878504058,-0.965031750381216,-0.0122383642476495,0.0159136713676544,0.0090293353423479
-0.658122627685395,0.24048293375758,-1.50999093788122,-0.0206144317518495,0.0205285591267544,0.019315919838848
-0.776242165515395,0.40565518283558,-2.32742954033122,-0.0252678017597495,0.0260664266728544,0.022059007547748
-0.847113876293395,0.52363536500658,-2.73614884155122,-0.0299211717676495,0.0279123787962544,0.022059007547748
-0.894361703346395,0.57082740211258,-3.28110814827122,-0.0308518461417495,0.0297583346449544,0.024116325192148
-1.24872025722839,0.52363536500658,-4.50726605194122,-0.0382972392719495,0.0380651322387544,0.029602502472648
-1.31959196800839,0.52363536500658,-5.18846512573122,-0.0448119561653495,0.0463719298325544,0.032345592044248
-1.31959196800839,0.50003931665158,-6.27838326233122,-0.0522573511581495,0.0620625470958544,0.033717135898748
-1.10697683567839,0.47644326829658,-7.09582186478122,-0.0569107193034495,0.0832910319052544,0.033717135898748
-0.894361703346395,0.33486706757258,-8.45822001236122,-0.0597027424257495,0.113749295957854,0.028230958618248
-0.705370454738395,0.16969481849458,-9.41189814346122,-0.0578413936775495,0.139592662938854,0.025487869046648
-0.469131408880395,-0.06626553280902,-10.5018162800212,-0.0559800449293495,0.167282000668854,0.018630146048948
-0.256516246746395,-0.20784174657142,-11.3192553593212,-0.0541186961811495,0.198663235195854,0.012458196841148
-0.232892333219395,-0.42020606255742,-11.8642144276212,-0.0550493705552495,0.220814690478854,0.010400879196848
0.121466250469605,-0.51459019637342,-13.2266125752212,-0.0503960024099495,0.255887851603854,0.0056004738435179
0.215961874772605,-0.65616639709742,-13.9078106953212,-0.0513266767840495,0.281731203683854,0.0035431566648179
0.499448747684605,-0.75055053091342,-14.5890097691212,-0.0494653280358495,0.313112453110854,-0.001943021430635
0.759311707069605,-0.86853071308342,-15.4064488484212,-0.0494653280358495,0.337109879143854,-0.008114972151822
0.924679071952605,-0.86853071308342,-15.6789279057212,-0.0485346536617495,0.349108562358854,-0.011543833650652
1.25541368251161,-1.05729898071242,-16.7688460423212,-0.0420199330430495,0.392488524802854,-0.022516190074352
1.51527670150161,-1.19887527084242,-17.4500460698212,-0.0382972392719495,0.417408928759854,-0.029373913072052
1.65702012305161,-1.31685539341242,-18.2674841954212,-0.0317825186531495,0.443252280839854,-0.035545864142452
1.82238748794161,-1.38764353848242,-18.4037242009212,-0.0271291486453495,0.458942905553854,-0.041032039560352
1.91688314204161,-1.52921970940242,-19.0849223210212,-0.0206144317518495,0.483863309510854,-0.046518218703552
2.0113786769416,-1.57641180611242,-19.3574023320212,-0.0187530830036495,0.500476912148854,-0.050632853992252
1.9405070853716,-1.74158402538242,-19.7661223485212,-0.0150303864385495,0.517090514786854,-0.051318624056852
1.8460114312716,-1.78877612209242,-20.1748404576212,-0.0140997120644495,0.524474338181854,-0.056804803200052
1.7278918338316,-1.85956426716242,-20.5835604741212,-0.0103770164307495,0.528166249879854,-0.056804803200052
1.60977235560161,-1.88316019630242,-20.9922804906212,-0.0103770164307495,0.536473051198854,-0.058176347054552
1.5861484122816,-1.90675624466242,-21.5372386052212,-0.0103770164307495,0.542933896668854,-0.058176347054552
1.5389006448316,-1.95394834137242,-22.2184386326212,-0.0075849937740695,0.557701483853854,-0.061605208553352
1.5389006448316,-1.97754438972242,-22.3546767308212,-0.0066543198656295,0.566008285172854,-0.061605208553352
1.46802893405161,-2.00114043808242,-22.7633967473212,-0.0085156676825095,0.576161042340854,-0.062976752407852
1.51527670150161,-2.00114043808242,-22.8996367528212,-0.0075849937740695,0.574315086491854,-0.062976752407852
1.4444049907216,-2.02473648644242,-23.0358767583212,-0.0085156676825095,0.577084020264854,-0.061605208553352
1.34990933661161,-2.04833241558242,-22.8996367528212,-0.0085156676825095,0.573392108567854,-0.061605208553352
1.30266156917161,-2.07192846394242,-23.0358767583212,-0.0085156676825095,0.571546152718854,-0.060919438488752
1.16091814761161,-2.00114043808242,-23.1721167637212,-0.0103770164307495,0.567854241021854,-0.055433259345552
1.01917472606161,-2.02473648644242,-23.1721167637212,-0.0113076898735495,0.562316373475854,-0.056119033135452
0.901055128623605,-2.00114043808242,-23.3083567692212,-0.0085156676825095,0.560470417626854,-0.056804803200052
0.853807361175605,-1.97754438972242,-23.4445948674212,-0.0094463420566195,0.555855528004854,-0.055433259345552
0.830183417846605,-1.95394834137242,-23.3083567692212,-0.0094463420566195,0.553086594231854,-0.054061715491152
0.735687823345605,-2.00114043808242,-23.1721167637212,-0.0103770164307495,0.550317660458854,-0.054747485555752
0.523072631408605,-2.02473648644242,-23.1721167637212,-0.0094463420566195,0.544779792912854,-0.054061715491152
0.357705326129605,-2.04833241558242,-23.0358767583212,-0.0113076898735495,0.535550073273854,-0.054061715491152
0.310457499076605,-2.00114043808242,-22.8996367528212,-0.0066543198656295,0.518936470635854,-0.055433259345552
0.239585788299605,-2.00114043808242,-22.6271567418212,-0.0057236454915295,0.515244558938854,-0.055433259345552
0.121466250469605,-1.97754438972242,-22.4909167363212,-0.0038622974418095,0.506937757619854,-0.056119033135452
0.145090163995605,-1.97754438972242,-22.3546767308212,-0.0047929715830795,0.501399890073854,-0.056119033135452
0.026970626165405,-2.07192846394242,-22.3546767308212,-0.0057236454915295,0.494016066678854,-0.052690171636652
0.003346720089505,-2.02473648644242,-22.0821986271212,-0.0038622974418095,0.492170110829854,-0.054747485555752
0.074218438317605,-2.04833241558242,-22.0821986271212,-0.0010702751926145,0.491247132905854,-0.053375941701252
0.121466250469605,-2.02473648644242,-22.2184386326212,-0.0020009492756795,0.492170110829854,-0.052004397846752
0.050594532241605,-2.11912056065242,-21.9459586217212,0.0007910729735155,0.492170110829854,-0.048575536347952
0.121466250469605,-2.14271660900242,-21.6734786107212,-0.0010702751926145,0.488478199132854,-0.047889762558052
0.097842336942605,-2.11912056065242,-21.6734786107212,-0.0010702751926145,0.486632243283854,-0.045832448638952
0.168714062621605,-2.02473648644242,-21.6734786107212,-0.0001396011095495,0.488478199132854,-0.040346269495752
0.286833585550605,-1.97754438972242,-21.2647585942212,-0.0010702751926145,0.481094375737854,-0.040346269495752
0.263209672023605,-2.00114043808242,-21.4009985997212,-0.0038622974418095,0.484786287434854,-0.037603178061552
0.404953123380605,-2.00114043808242,-21.4009985997212,-0.0075849937740695,0.486632243283854,-0.040346269495752
0.428577036907605,-2.00114043808242,-21.5372386052212,-0.0047929715830795,0.491247132905854,-0.041717813350252
0.593944342185605,-1.97754438972242,-21.4009985997212,-0.0038622974418095,0.494939044602854,-0.042403587140152
0.570320458461605,-1.93035229301242,-21.6734786107212,-0.0047929715830795,0.498630956300854,-0.044460901059252
0.782935650398605,-1.97754438972242,-21.6734786107212,-0.0038622974418095,0.507860735543854,-0.046518218703552
0.924679071952605,-2.00114043808242,-21.6734786107212,-0.0020009492756795,0.516167536862854,-0.048575536347952
0.971926839401605,-2.11912056065242,-21.8097186162212,0.0017217470565805,0.523551360257854,-0.052690171636652
0.901055128623605,-2.16631265736242,-22.0821986271212,0.0007910729735155,0.527243271954854,-0.052690171636652
0.735687823345605,-2.14271660900242,-22.3546767308212,-0.0001396011095495,0.526320294030854,-0.052004397846752
0.806559534122605,-2.16631265736242,-22.3546767308212,0.0007910729735155,0.530935183652854,-0.052690171636652
0.924679071952605,-2.16631265736242,-22.4909167363212,-0.0001396011095495,0.535550073273854,-0.051318624056852
1.04279855018161,-2.11912056065242,-22.4909167363212,0.0017217470565805,0.537396029122854,-0.049947080202452
1.20816591506161,-2.14271660900242,-22.4909167363212,-0.0020009492756795,0.546625748761854,-0.048575536347952
1.25541368251161,-2.11912056065242,-22.4909167363212,-0.0020009492756795,0.550317660458854,-0.047889762558052
1.30266156917161,-2.11912056065242,-22.6271567418212,-0.0057236454915295,0.554932550080854,-0.043775130994652
1.4207810473916,-2.16631265736242,-22.7633967473212,-0.0010702751926145,0.560470417626854,-0.049261310137852
1.51527670150161,-2.21350475407242,-22.7633967473212,-0.0029316233005395,0.566008285172854,-0.048575536347952
1.3971572232716,-2.21350475407242,-23.0358767583212,-0.0020009492756795,0.568777218945854,-0.050632853992252
1.32628551250161,-2.18990870571242,-22.8996367528212,-0.0010702751926145,0.561393395550854,-0.049947080202452
1.20816591506161,-2.23710080242242,-22.8996367528212,-0.0029316233005395,0.564162329324854,-0.046518218703552
1.20816591506161,-2.21350475407242,-23.1721167637212,-0.0020009492756795,0.568777218945854,-0.045832448638952
1.30266156917161,-2.26069685078242,-23.0358767583212,-0.0001396011095495,0.571546152718854,-0.048575536347952
1.2790376258416,-2.28429289913242,-22.8996367528212,0.0007910729735155,0.567854241021854,-0.049261310137852
1.2317898583916,-2.26069685078242,-23.0358767583212,-0.0010702751926145,0.567854241021854,-0.047889762558052
1.18454197173161,-2.30788894749242,-23.1721167637212,0.0017217470565805,0.566008285172854,-0.048575536347952
1.2317898583916,-2.35508104420242,-23.1721167637212,0.0026524210814405,0.567854241021854,-0.049261310137852
1.2790376258416,-2.42586895084242,-23.3083567692212,0.0026524210814405,0.570623174794854,-0.047889762558052
1.16091814761161,-2.42586895084242,-23.5808348729212,0.0035830952227105,0.578929976113854,-0.050632853992252
1.16091814761161,-2.42586895084242,-23.7170748784212,0.0017217470565805,0.580775931962854,-0.049261310137852
1.1372942042816,-2.33148499584242,-23.8533148839212,-0.0001396011095495,0.585390821583854,-0.046518218703552
1.18454197173161,-2.30788894749242,-24.1257948948212,-0.0020009492756795,0.586313799508854,-0.043089357204752
1.18454197173161,-2.26069685078242,-24.3982749058212,-0.0038622974418095,0.591851667054854,-0.040346269495752
1.2317898583916,-2.18990870571242,-24.5345149113212,-0.0047929715830795,0.596466556676854,-0.036917407996952
1.30266156917161,-2.23710080242242,-24.6707530095212,-0.0075849937740695,0.601081446297854,-0.036917407996952
1.30266156917161,-2.21350475407242,-24.6707530095212,-0.0085156676825095,0.611234203465854,-0.038974725641352
1.3971572232716,-2.16631265736242,-25.0794730260212,-0.0094463420566195,0.614926115163854,-0.037603178061552
1.34990933661161,-2.18990870571242,-25.2157130314212,-0.0085156676825095,0.621386960633854,-0.038974725641352
1.32628551250161,-2.23710080242242,-25.3519530369212,-0.0094463420566195,0.624155894406854,-0.038288951851452
1.25541368251161,-2.23710080242242,-25.6244330479212,-0.0085156676825095,0.627847806103854,-0.033488546498152
1.18454197173161,-2.18990870571242,-25.8969111516212,-0.0122383642476495,0.629693761952854,-0.033488546498152
1.16091814761161,-2.11912056065242,-26.0331511571212,-0.0140997120644495,0.631539717801854,-0.032117000780952
1.1136702609516,-2.07192846394242,-25.8969111516212,-0.0150303864385495,0.632462695725854,-0.031431228853752
1.01917472606161,-2.09552451229242,-25.8969111516212,-0.0168917342554495,0.628770784028854,-0.032802772708252
0.971926839401605,-2.07192846394242,-25.8969111516212,-0.0168917342554495,0.629693761952854,-0.032117000780952
0.853807361175605,-2.09552451229242,-25.7606730534212,-0.0178224086295495,0.622309938557854,-0.032117000780952
0.877431244899605,-2.04833241558242,-25.8969111516212,-0.0178224086295495,0.622309938557854,-0.031431228853752
0.924679071952605,-2.07192846394242,-26.0331511571212,-0.0159610598813495,0.626001850255854,-0.034174316562752
0.995550782731605,-2.04833241558242,-25.8969111516212,-0.0178224086295495,0.627847806103854,-0.032117000780952
1.01917472606161,-2.02473648644242,-25.7606730534212,-0.0187530830036495,0.626001850255854,-0.030745456926552
1.04279855018161,-2.00114043808242,-25.6244330479212,-0.0196837573777495,0.627847806103854,-0.029373913072052
1.06642249351161,-1.97754438972242,-25.6244330479212,-0.0224757786374495,0.626924828179854,-0.023887733928852
1.1372942042816,-1.93035229301242,-25.4881930424212,-0.0234064530115495,0.625078872330854,-0.024573505856052
1.18454197173161,-1.85956426716242,-25.2157130314212,-0.0234064530115495,0.617695048936854,-0.023201962001652
1.06642249351161,-1.90675624466242,-25.3519530369212,-0.0271291486453495,0.614926115163854,-0.021830418147152
1.0900464368316,-1.90675624466242,-25.0794730260212,-0.0252678017597495,0.610311225541854,-0.021830418147152
1.1136702609516,-1.90675624466242,-24.9432330205212,-0.0243371273856495,0.605696335919854,-0.020458872430052
1.1372942042816,-1.88316019630242,-24.9432330205212,-0.0224757786374495,0.598312512524854,-0.021830418147152
1.1372942042816,-1.93035229301242,-24.5345149113212,-0.0234064530115495,0.590005711205854,-0.019773100502752
1.16091814761161,-1.88316019630242,-24.1257948948212,-0.0243371273856495,0.578929976113854,-0.018401556648352
0.995550782731605,-1.90675624466242,-23.9895548894212,-0.0271291486453495,0.573392108567854,-0.016344239003952
0.924679071952605,-1.85956426716242,-23.9895548894212,-0.0299211717676495,0.566008285172854,-0.012229605577852
0.924679071952605,-1.71798797703242,-23.8533148839212,-0.0317825186531495,0.556778505929854,-0.009486516006292
0.924679071952605,-1.71798797703242,-23.5808348729212,-0.0345745417755495,0.552163616307854,-0.003314565867192
0.924679071952605,-1.64719995117242,-23.7170748784212,-0.0364358905237495,0.553086594231854,-0.003314565867192
0.924679071952605,-1.62360390282242,-23.7170748784212,-0.0364358905237495,0.548471704610854,-0.002628793707122
0.924679071952605,-1.62360390282242,-23.8533148839212,-0.0373665648978495,0.543856814988854,-0.001257249154152
0.924679071952605,-1.64719995117242,-23.9895548894212,-0.0382972392719495,0.544779792912854,-0.001257249154152
0.924679071952605,-1.64719995117242,-23.9895548894212,-0.0355052161496495,0.545702770837854,0.0014858399517779
0.924679071952605,-1.64719995117242,-23.9895548894212,-0.0345745417755495,0.544779792912854,0.0014858399517779
0.995550782731605,-1.71798797703242,-24.1257948948212,-0.0392279136460495,0.549394682534854,0.0014858399517779
0.995550782731605,-1.69439192867242,-24.1257948948212,-0.0392279136460495,0.547548726685854,0.0021716123446779
1.01917472606161,-1.67079588032242,-23.9895548894212,-0.0392279136460495,0.546625748761854,0.0028573842719179
1.01917472606161,-1.67079588032242,-23.8533148839212,-0.0401585880201495,0.544779792912854,0.0035431566648179
1.06642249351161,-1.67079588032242,-23.8533148839212,-0.0438812817912495,0.543856814988854,0.0042289290577179
1.06642249351161,-1.67079588032242,-23.8533148839212,-0.0457426305394495,0.546625748761854,0.0069720176979879
1.1372942042816,-1.67079588032242,-23.7170748784212,-0.0448119561653495,0.545702770837854,0.0049147014506179
1.1136702609516,-1.67079588032242,-23.7170748784212,-0.0448119561653495,0.542933896668854,0.0035431566648179
1.16091814761161,-1.67079588032242,-23.5808348729212,-0.0429506074171495,0.541087940819854,0.0035431566648179
1.20816591506161,-1.64719995117242,-23.3083567692212,-0.0429506074171495,0.537396029122854,0.0035431566648179
1.18454197173161,-1.67079588032242,-23.3083567692212,-0.0429506074171495,0.536473051198854,0.0035431566648179
1.16091814761161,-1.64719995117242,-23.3083567692212,-0.0420199330430495,0.533704117425854,0.0021716123446779
1.20816591506161,-1.67079588032242,-23.0358767583212,-0.0429506074171495,0.532781139500854,0.0008000675588879
1.20816591506161,-1.67079588032242,-22.8996367528212,-0.0420199330430495,0.530935183652854,0.0001142953988179
1.2790376258416,-1.62360390282242,-22.7633967473212,-0.0420199330430495,0.525397316106854,0.0028573842719179
1.30266156917161,-1.60000785446242,-22.7633967473212,-0.0429506074171495,0.521705404408854,0.0028573842719179
1.34990933661161,-1.62360390282242,-22.4909167363212,-0.0420199330430495,0.520782426484854,0.0042289290577179
1.25541368251161,-1.55281575775242,-22.4909167363212,-0.0410892623942495,0.520782426484854,0.0090293353423479
1.25541368251161,-1.69439192867242,-22.4909167363212,-0.0420199330430495,0.514321581013854,0.0056004738435179
1.30266156917161,-1.64719995117242,-22.3546767308212,-0.0410892623942495,0.510629669316854,0.0069720176979879
1.2790376258416,-1.67079588032242,-22.3546767308212,-0.0392279136460495,0.507860735543854,0.0069720176979879
1.25541368251161,-1.69439192867242,-22.2184386326212,-0.0392279136460495,0.505091801770854,0.0083435624837879
1.2317898583916,-1.69439192867242,-22.2184386326212,-0.0392279136460495,0.509706691392854,0.010400879196848
1.30266156917161,-1.67079588032242,-22.3546767308212,-0.0401585880201495,0.510629669316854,0.0083435624837879
1.49165275817161,-1.67079588032242,-22.2184386326212,-0.0420199330430495,0.513398603089854,0.0083435624837879
1.63339629893161,-1.62360390282242,-22.3546767308212,-0.0420199330430495,0.520782426484854,0.0069720176979879
1.68064406638161,-1.60000785446242,-22.3546767308212,-0.0401585880201495,0.522628382333854,0.0069720176979879
1.86963525538161,-1.57641180611242,-22.3546767308212,-0.0420199330430495,0.530012205727854,0.0062862457707479
1.9405070853716,-1.60000785446242,-22.4909167363212,-0.0429506074171495,0.532781139500854,0.0062862457707479
1.9405070853716,-1.52921970940242,-22.7633967473212,-0.0420199330430495,0.537396029122854,0.010400879196848
1.91688314204161,-1.57641180611242,-22.6271567418212,-0.0448119561653495,0.532781139500854,0.0090293353423479
1.86963525538161,-1.55281575775242,-22.8996367528212,-0.0438812817912495,0.528166249879854,0.012458196841148
1.79876354461161,-1.52921970940242,-22.7633967473212,-0.0485346536617495,0.523551360257854,0.013829740695648
1.7042680097116,-1.52921970940242,-22.7633967473212,-0.0494653280358495,0.516167536862854,0.015887058340048
1.60977235560161,-1.55281575775242,-23.0358767583212,-0.0503960024099495,0.512475625165854,0.017944374121748
1.56252446895161,-1.50562366104242,-22.8996367528212,-0.0522573511581495,0.508783713467854,0.018630146048948
1.51527670150161,-1.50562366104242,-23.0358767583212,-0.0550493705552495,0.509706691392854,0.017944374121748
1.63339629893161,-1.52921970940242,-22.8996367528212,-0.0550493705552495,0.507860735543854,0.017944374121748
1.65702012305161,-1.55281575775242,-23.0358767583212,-0.0541186961811495,0.509706691392854,0.017258602194448
1.68064406638161,-1.57641180611242,-23.1721167637212,-0.0541186961811495,0.514321581013854,0.017258602194448
1.86963525538161,-1.52921970940242,-22.8996367528212,-0.0559800449293495,0.512475625165854,0.017944374121748
1.8932591987116,-1.55281575775242,-23.0358767583212,-0.0587720680516495,0.514321581013854,0.020687463693348
2.0350026202716,-1.45843156433242,-22.8996367528212,-0.0606334167998495,0.511552647240854,0.020001691766048
2.0113786769416,-1.43483563519242,-22.7633967473212,-0.0624947655480495,0.506937757619854,0.019315919838848
2.1294981551716,-1.36404749012242,-22.7633967473212,-0.0643561105709495,0.502322867997854,0.019315919838848
2.0822505069316,-1.38764353848242,-22.6271567418212,-0.0643561105709495,0.499553934224854,0.020687463693348
2.0822505069316,-1.34045144176242,-22.3546767308212,-0.0643561105709495,0.491247132905854,0.018630146048948
2.1294981551716,-1.38764353848242,-22.3546767308212,-0.0643561105709495,0.491247132905854,0.019315919838848
2.2476178718116,-1.43483563519242,-22.2184386326212,-0.0643561105709495,0.490324154980854,0.017944374121748
2.2712418151416,-1.45843156433242,-22.2184386326212,-0.0643561105709495,0.494016066678854,0.017944374121748
2.4366089416016,-1.50562366104242,-22.2184386326212,-0.0634254361968495,0.496785000451854,0.017944374121748
2.4838568282616,-1.48202761269242,-22.2184386326212,-0.0643561105709495,0.494939044602854,0.015887058340048
2.6728481364716,-1.50562366104242,-22.0821986271212,-0.0652867849450495,0.498630956300854,0.013829740695648
2.7673436713716,-1.55281575775242,-21.9459586217212,-0.0671481336932495,0.499553934224854,0.0090293353423479
2.9327110362516,-1.48202761269242,-21.9459586217212,-0.0680788080673495,0.507860735543854,0.0028573842719179
3.0980784011416,-1.52921970940242,-21.9459586217212,-0.0680788080673495,0.516167536862854,0.0001142953988179
3.1217023444716,-1.50562366104242,-22.2184386326212,-0.0690094824414495,0.518936470635854,0.0008000675588879
3.2161978793616,-1.45843156433242,-22.0821986271212,-0.0690094824414495,0.512475625165854,0.0035431566648179
3.0272068095716,-1.52921970940242,-22.3546767308212,-0.0671481336932495,0.512475625165854,0.0049147014506179
3.0272068095716,-1.50562366104242,-22.3546767308212,-0.0680788080673495,0.506014779694854,0.0056004738435179
2.9327110362516,-1.52921970940242,-22.2184386326212,-0.0708708311896495,0.504168823846854,0.0056004738435179
2.7673436713716,-1.55281575775242,-22.3546767308212,-0.0708708311896495,0.503245845921854,0.0076577905565479
2.6964720798016,-1.57641180611242,-22.2184386326212,-0.0699401568155495,0.495862022526854,0.0083435624837879
2.5311047149216,-1.57641180611242,-22.3546767308212,-0.0699401568155495,0.494016066678854,0.0083435624837879
2.3657373500416,-1.55281575775242,-22.2184386326212,-0.0718015055637495,0.488478199132854,0.0090293353423479
2.2712418151416,-1.60000785446242,-22.3546767308212,-0.0727321799378495,0.489401177056854,0.012458196841148
2.1767460418216,-1.62360390282242,-22.0821986271212,-0.0708708311896495,0.482017353661854,0.0090293353423479
2.0113786769416,-1.67079588032242,-22.2184386326212,-0.0736628543119495,0.483863309510854,0.0090293353423479
2.0586265636016,-1.60000785446242,-21.8097186162212,-0.0727321799378495,0.473710552342854,0.011086652055348
1.9877547336116,-1.62360390282242,-22.0821986271212,-0.0718015055637495,0.470018640645854,0.013143968768448
1.9877547336116,-1.60000785446242,-22.0821986271212,-0.0745935286860495,0.474633530267854,0.013829740695648
1.9641310287016,-1.67079588032242,-22.0821986271212,-0.0755242030601495,0.478325441964854,0.015201284550148
2.0586265636016,-1.67079588032242,-22.0821986271212,-0.0755242030601495,0.479248419888854,0.015201284550148
2.0113786769416,-1.64719995117242,-22.0821986271212,-0.0745935286860495,0.480171397813854,0.015201284550148
2.0586265636016,-1.67079588032242,-21.9459586217212,-0.0755242030601495,0.475556508191854,0.012458196841148
1.9641310287016,-1.74158402538242,-22.2184386326212,-0.0745935286860495,0.479248419888854,0.013143968768448
1.86963525538161,-1.76518007374242,-22.2184386326212,-0.0764548774342495,0.475556508191854,0.013829740695648
1.75151577716161,-1.71798797703242,-22.0821986271212,-0.0727321799378495,0.471864596493854,0.015887058340048
1.63339629893161,-1.78877612209242,-22.2184386326212,-0.0727321799378495,0.469095662720854,0.013143968768448
1.49165275817161,-1.83596821880242,-22.0821986271212,-0.0727321799378495,0.463557795174854,0.013143968768448
1.5389006448316,-1.81237217045242,-21.9459586217212,-0.0745935286860495,0.462634817250854,0.013829740695648
1.4207810473916,-1.74158402538242,-21.6734786107212,-0.0736628543119495,0.450636104233854,0.016572830267248
1.30266156917161,-1.74158402538242,-22.0821986271212,-0.0745935286860495,0.449713126309854,0.017258602194448
1.18454197173161,-1.71798797703242,-21.6734786107212,-0.0736628543119495,0.446944192536854,0.015887058340048
1.1372942042816,-1.71798797703242,-21.5372386052212,-0.0727321799378495,0.442329302914854,0.014515512622848
1.0900464368316,-1.74158402538242,-21.4009985997212,-0.0745935286860495,0.438637391217854,0.011086652055348
1.1136702609516,-1.76518007374242,-21.4009985997212,-0.0745935286860495,0.438637391217854,0.0083435624837879
1.0900464368316,-1.76518007374242,-21.2647585942212,-0.0708708311896495,0.437714413293854,0.0056004738435179
1.1136702609516,-1.81237217045242,-21.2647585942212,-0.0708708311896495,0.437714413293854,0.0049147014506179
1.1136702609516,-1.85956426716242,-20.9922804906212,-0.0708708311896495,0.438637391217854,0.0083435624837879
1.0900464368316,-1.83596821880242,-21.1285185887212,-0.0708708311896495,0.438637391217854,0.0069720176979879
1.04279855018161,-1.83596821880242,-21.1285185887212,-0.0671481336932495,0.434945479520854,0.0097151072695479
0.971926839401605,-1.83596821880242,-21.1285185887212,-0.0708708311896495,0.434022501595854,0.0097151072695479
0.971926839401605,-1.85956426716242,-21.1285185887212,-0.0699401568155495,0.431253567822854,0.011772423982648
0.877431244899605,-1.85956426716242,-21.1285185887212,-0.0690094824414495,0.432176545747854,0.010400879196848
0.971926839401605,-1.83596821880242,-20.9922804906212,-0.0708708311896495,0.432176545747854,0.0090293353423479
1.1136702609516,-1.83596821880242,-20.9922804906212,-0.0699401568155495,0.433099523671854,0.0069720176979879
1.1372942042816,-1.85956426716242,-20.9922804906212,-0.0680788080673495,0.435868457444854,0.0062862457707479
0.971926839401605,-1.29325934505242,-21.1285185887212,-0.0839002649765495,0.431253567822854,0.0035431566648179
0.971926839401605,-2.09552451229242,-20.8560404851212,-0.0615640911739495,0.422023818381854,0.0042289290577179
0.097842336942605,-1.95394834137242,-20.8560404851212,-0.0643561105709495,0.389719591029854,0.0083435624837879
-0.091148904214395,-1.95394834137242,-20.9922804906212,-0.0680788080673495,0.395257458575854,0.013829740695648
-0.043901092062395,-2.04833241558242,-21.2647585942212,-0.0615640911739495,0.395257458575854,0.0083435624837879
0.263209672023605,-2.11912056065242,-20.7198004796212,-0.0624947655480495,0.402641281970854,0.0076577905565479
0.286833585550605,-1.93035229301242,-21.1285185887212,-0.0652867849450495,0.402641281970854,0.0090293353423479
0.263209672023605,-2.28429289913242,-20.5835604741212,-0.0615640911739495,0.401718304045854,0.012458196841148
0.215961874772605,-2.09552451229242,-20.4473204686212,-0.0606334167998495,0.387873635180854,0.013143968768448
0.097842336942605,-2.04833241558242,-20.4473204686212,-0.0624947655480495,0.386950657256854,0.011772423982648
0.145090163995605,-2.14271660900242,-20.3110804631212,-0.0624947655480495,0.386027679332854,0.011086652055348
0.074218438317605,-2.04833241558242,-20.1748404576212,-0.0597027424257495,0.385104701407854,0.0076577905565479
0.192337961246605,-2.04833241558242,-19.7661223485212,-0.0615640911739495,0.380489811785854,0.0083435624837879
0.074218438317605,-2.02473648644242,-19.4936423375212,-0.0578413936775495,0.370337054618854,0.0042289290577179
0.050594532241605,-1.97754438972242,-19.2211623265212,-0.0578413936775495,0.364799187072854,0.0049147014506179
0.026970626165405,-1.97754438972242,-18.5399642064212,-0.0569107193034495,0.362030253299854,0.0076577905565479
0.145090163995605,-1.88316019630242,-17.9950041844212,-0.0550493705552495,0.350954518206854,0.0035431566648179
-0.067524998138395,-1.88316019630242,-17.5862860753212,-0.0531880255322495,0.340801790841854,0.0056004738435179
-0.138396716366295,-1.64719995117242,-16.4963660313212,-0.0513266767840495,0.313112453110854,0.0090293353423479
-0.232892333219395,-1.45843156433242,-15.5426888539212,-0.0522573511581495,0.290960982926854,0.013829740695648
-0.398259668300395,-1.26966329670242,-14.7252497746212,-0.0513266767840495,0.266963586695854,0.016572830267248
-0.610874860237395,-1.17527922249242,-13.4990916325212,-0.0503960024099495,0.241120204814854,0.016572830267248
-0.516379206131395,-1.08089502907242,-12.4091734959212,-0.0522573511581495,0.220814690478854,0.017258602194448
-0.445507495353395,-0.91572280979442,-11.4554953648212,-0.0485346536617495,0.201432168968854,0.016572830267248
-0.374635784576395,-0.84493472433342,-10.6380562855212,-0.0476039792876495,0.187587500103854,0.017258602194448
-0.232892333219395,-0.60897435999142,-9.54813814896122,-0.0466733049135495,0.164513066895854,0.016572830267248
-0.232892333219395,-0.53818624472842,-8.86693907517122,-0.0438812817912495,0.152514353879854,0.017944374121748
-0.280140160272395,-0.53818624472842,-8.45822001236122,-0.0448119561653495,0.142361596711854,0.018630146048948
-0.351011871049395,-0.46739812946542,-7.64078093308122,-0.0401585880201495,0.122056097276854,0.016572830267248
-0.351011871049395,-0.37301399565042,-7.36830139893122,-0.0392279136460495,0.116518229730854,0.017944374121748
-0.445507495353395,-0.30222588038742,-6.82334233063122,-0.0420199330430495,0.110057384260854,0.016572830267248
-0.658122627685395,-0.30222588038742,-6.27838326233122,-0.0373665648978495,0.0962127228458544,0.017258602194448
-0.752618281791395,-0.32582192874242,-5.86966372269122,-0.0345745417755495,0.0842140098296544,0.017944374121748
-0.776242165515395,-0.25503381347942,-5.18846512573122,-0.0327131930273495,0.0749842380367544,0.017944374121748
-0.847113876293395,-0.18424571311742,-4.77974558609122,-0.0280598230194495,0.0602165986977544,0.019315919838848
-0.847113876293395,-0.06626553280902,-4.50726605194122,-0.0289904973935495,0.0556017090760544,0.017944374121748
-0.894361703346395,-0.06626553280902,-4.09854698914122,-0.0299211717676495,0.0528327753030544,0.018630146048948
-0.870737819622395,-0.06626553280902,-3.82606697815122,-0.0243371273856495,0.0445259777091544,0.020001691766048
-0.799866108844395,-0.08986156812562,-3.68982744949122,-0.0261984761338495,0.0454489556335544,0.018630146048948
-0.917985646675395,-0.01907346217582,-3.28110814827122,-0.0234064530115495,0.0399110880874544,0.020687463693348
-0.776242165515395,-0.04266949749242,-2.87238884705122,-0.0206144317518495,0.0316042904936544,0.019315919838848
-0.728994338462395,-0.01907346217582,-2.46366930740122,-0.0187530830036495,0.0279123787962544,0.015887058340048
-0.752618281791395,-0.01907346217582,-2.32742954033122,-0.0150303864385495,0.0260664266728544,0.015887058340048
-0.681746571014395,-0.06626553280902,-2.19118977326122,-0.0122383642476495,0.0232974928997544,0.012458196841148
-0.610874860237395,-0.08986156812562,-2.05495000618122,-0.0113076898735495,0.0186826051406544,0.010400879196848
-0.563627033184395,-0.04266949749242,-1.64623070496122,-0.0122383642476495,0.0177596272163544,0.010400879196848
-0.421883581827395,-0.01907346217582,-1.50999093788122,-0.0140997120644495,0.0205285591267544,0.0090293353423479
-0.351011871049395,0.0045225731407799,-1.23751140373122,-0.0113076898735495,0.0177596272163544,0.0056004738435179
-0.303764058898395,0.0045225731407799,-1.10127151745122,-0.0075849937740695,0.0149906934432544,0.0069720176979879
-0.280140160272395,0.0045225731407799,-1.10127151745122,-0.0085156676825095,0.0140677173815544,0.0056004738435179
-0.232892333219395,0.0045225731407799,-0.828791983301217,-0.0066543198656295,0.0094528277598544,0.0042289290577179
-0.138396716366295,-0.08986156812562,-0.828791983301217,-0.0057236454915295,0.0112987836085544,0.0062862457707479
-0.091148904214395,-0.06626553280902,-0.692552216231217,-0.0029316233005395,0.0094528277598544,0.0008000675588879
-0.091148904214395,-0.06626553280902,-0.692552216231217,-0.0038622974418095,0.0094528277598544,-0.000571476877669
-0.043901092062395,-0.08986156812562,-0.692552216231217,-0.0038622974418095,0.0094528277598544,-0.000571476877669
0.050594532241605,-0.06626553280902,-0.556312449152217,-0.0057236454915295,0.0094528277598544,0.0001142953988179
-0.020277185986495,-0.01907346217582,-0.556312449152217,-0.0020009492756795,0.0085298516981544,-0.000571476877669
0.026970626165405,-0.04266949749242,-0.556312449152217,-0.0029316233005395,0.0094528277598544,-0.000571476877669
0.003346720089505,-0.06626553280902,-0.420072682078217,-0.0029316233005395,0.0057609179251544,-0.000571476877669
-0.043901092062395,-0.08986156812562,-0.692552216231217,-0.0038622974418095,0.0103758056842544,-0.000571476877669
0.026970626165405,-0.01907346217582,-0.420072682078217,-0.0020009492756795,0.0066838958494544,0.0001142953988179
-0.043901092062395,-0.06626553280902,-0.692552216231217,-0.0020009492756795,0.0076068737738544,-0.000571476877669
-0.020277185986495,-0.01907346217582,-0.556312449152217,-0.0020009492756795,0.0076068737738544,-0.000571476877669
-0.043901092062395,-0.06626553280902,-0.556312449152217,-0.0038622974418095,0.0085298516981544,0.0035431566648179
0.003346720089505,-0.04266949749242,-0.556312449152217,-0.0020009492756795,0.0057609179251544,0.0001142953988179
-0.091148904214395,-0.06626553280902,-0.556312449152217,-0.0010702751926145,0.0076068737738544,-0.000571476877669
-0.020277185986495,0.0045225731407799,-0.556312449152217,-0.0001396011095495,0.0048379409320544,-0.000571476877669
0.026970626165405,-0.04266949749242,-0.420072682078217,0.0007910729735155,0.0029919860147544,-0.000571476877669
0.026970626165405,-0.04266949749242,-0.556312449152217,-0.0010702751926145,0.0048379409320544,0.0001142953988179
-0.067524998138395,-0.04266949749242,-0.556312449152217,-0.0001396011095495,0.0066838958494544,-0.000571476877669
0.003346720089505,-0.06626553280902,-0.420072682078217,-0.0038622974418095,0.0057609179251544,-0.001257249154152
0.026970626165405,-0.01907346217582,-0.420072682078217,-0.0020009492756795,0.0029919860147544,-0.000571476877669
0.026970626165405,0.0045225731407799,-0.283832855399217,0.0017217470565805,0.0011460301660344,-0.001257249154152
-0.020277185986495,-0.01907346217582,-0.420072682078217,-0.0001396011095495,0.0048379409320544,-0.000571476877669
0.003346720089505,-0.01907346217582,-0.556312449152217,-0.0001396011095495,0.0066838958494544,-0.000571476877669
-0.020277185986495,-0.04266949749242,-0.420072682078217,-0.0020009492756795,0.0057609179251544,0.0028573842719179
-0.091148904214395,-0.06626553280902,-0.556312449152217,0.0007910729735155,0.0048379409320544,0.0001142953988179
-0.091148904214395,-0.06626553280902,-0.692552216231217,-0.0001396011095495,0.0039149630077544,-0.000571476877669
-0.043901092062395,-0.08986156812562,-0.420072682078217,-0.0020009492756795,0.0066838958494544,-0.000571476877669
-0.043901092062395,-0.04266949749242,-0.556312449152217,-0.0010702751926145,0.0039149630077544,0.0001142953988179
-0.020277185986495,0.0045225731407799,-0.420072682078217,-0.0001396011095495,0.0048379409320544,-0.001257249154152
0.050594532241605,-0.01907346217582,-0.420072682078217,0.0007910729735155,0.0039149630077544,-0.001257249154152
-0.020277185986495,-0.01907346217582,-0.420072682078217,0.0007910729735155,0.0039149630077544,-0.000571476877669
0.003346720089505,-0.04266949749242,-0.420072682078217,-0.0001396011095495,0.0057609179251544,0.0001142953988179
0.026970626165405,-0.01907346217582,-0.420072682078217,-0.0010702751926145,0.0020690080903544,0.0001142953988179
-0.020277185986495,-0.06626553280902,-0.556312449152217,-0.0010702751926145,0.0057609179251544,-0.001943021430635
-0.114772810290295,-0.08986156812562,-0.556312449152217,-0.0001396011095495,0.0057609179251544,-0.001257249154152
-0.256516246746395,-0.13705363875872,-0.556312449152217,0.0007910729735155,0.0085298516981544,0.0008000675588879
-0.232892333219395,-0.13705363875872,-0.556312449152217,0.0007910729735155,0.0048379409320544,-0.001943021430635
-0.398259668300395,-0.16064967221242,-0.828791983301217,-0.0001396011095495,0.0085298516981544,0.0001142953988179
-0.445507495353395,-0.11345760530482,-0.828791983301217,-0.0020009492756795,0.0039149630077544,0.0001142953988179
-0.540003119657395,-0.11345760530482,-0.828791983301217,-0.0029316233005395,0.0039149630077544,0.0021716123446779
-0.587250916908395,-0.04266949749242,-0.965031750381216,-0.0038622974418095,0.0066838958494544,0.0042289290577179
-0.681746571014395,-0.04266949749242,-1.10127151745122,-0.0029316233005395,0.0085298516981544,0.0049147014506179
-0.705370454738395,-0.08986156812562,-1.37375117081122,-0.0047929715830795,0.0131447394572544,0.0056004738435179
-0.752618281791395,-0.08986156812562,-1.78247047203122,-0.0075849937740695,0.0242204708241544,0.0069720176979879
-0.752618281791395,-0.13705363875872,-1.78247047203122,-0.0075849937740695,0.0279123787962544,0.0062862457707479
-0.752618281791395,-0.18424571311742,-2.05495000618122,-0.0066543198656295,0.0325272684179544,0.0056004738435179
-0.728994338462395,-0.20784174657142,-2.05495000618122,-0.0066543198656295,0.0362191801153544,0.0062862457707479
-0.728994338462395,-0.25503381347942,-2.32742954033122,-0.0075849937740695,0.0417570439361544,0.0069720176979879
-0.634498743961395,-0.27862984693342,-2.46366930740122,-0.0066543198656295,0.0472949077569544,0.0028573842719179
-0.705370454738395,-0.34941794729442,-2.59990907448122,-0.0066543198656295,0.0519097973786544,0.0014858399517779
-0.634498743961395,-0.30222588038742,-2.87238884705122,-0.0038622974418095,0.0500638415299544,0.0021716123446779
-0.610874860237395,-0.32582192874242,-3.00862861412122,-0.0075849937740695,0.0556017090760544,0.0008000675588879
-0.705370454738395,-0.34941794729442,-3.28110814827122,-0.0047929715830795,0.0565246870003544,0.0021716123446779
-0.776242165515395,-0.42020606255742,-3.41734791535122,-0.0047929715830795,0.0602165986977544,0.0028573842719179
-0.870737819622395,-0.49099417782042,-3.82606697815122,-0.0029316233005395,0.0602165986977544,0.0021716123446779
-0.917985646675395,-0.49099417782042,-3.96230698364122,-0.0001396011095495,0.0602165986977544,0.0001142953988179
-1.10697683567839,-0.53818624472842,-4.09854698914122,0.0017217470565805,0.0620625470958544,-0.002628793707122
-1.10697683567839,-0.60897435999142,-4.37102652329122,0.0045137693639805,0.0620625470958544,-0.001943021430635
-1.13060077900839,-0.56178226328142,-4.64350605744122,0.0054444432724305,0.0611395691715544,-0.003314565867192
-1.31959196800839,-0.60897435999142,-4.77974558609122,0.0045137693639805,0.0676004146419544,0.0021716123446779
-1.2014724897884,-0.56178226328142,-5.05222512024122,0.0054444432724305,0.0685233925663544,0.0001142953988179
-1.29596814388839,-0.51459019637342,-5.18846512573122,0.0063751176465305,0.0712923263393544,0.0028573842719179
-1.31959196800839,-0.49099417782042,-5.46094465988122,0.0054444432724305,0.0749842380367544,0.0035431566648179
-1.31959196800839,-0.49099417782042,-5.86966372269122,0.0026524210814405,0.0814450760565544,0.0042289290577179
-1.36683985466839,-0.46739812946542,-6.00590372818122,0.0017217470565805,0.0842140098296544,0.0049147014506179
-1.31959196800839,-0.42020606255742,-6.55086279648122,-0.0010702751926145,0.0934437890728544,0.0069720176979879
-1.31959196800839,-0.42020606255742,-6.68710280197122,0.0007910729735155,0.0980586786948544,0.0069720176979879
-1.36683985466839,-0.44380211091242,-7.09582186478122,-0.0020009492756795,0.108211428411854,0.010400879196848
-1.3432159113384,-0.44380211091242,-7.09582186478122,-0.0038622974418095,0.109134406336854,0.011086652055348
-1.22509643310839,-0.37301399565042,-7.77702093857122,-0.0010702751926145,0.117441207655854,0.013829740695648
-1.1542247223384,-0.39661001420242,-8.32198000687122,-0.0029316233005395,0.127593964823854,0.014515512622848
-1.22509643310839,-0.49099417782042,-8.45822001236122,-0.0020009492756795,0.134977773316854,0.018630146048948
-1.17784854645839,-0.42020606255742,-9.00317908066122,-0.0029316233005395,0.146976486333854,0.017258602194448
-1.10697683567839,-0.32582192874242,-9.27565813797122,-0.0029316233005395,0.149745420106854,0.017258602194448
-1.10697683567839,-0.37301399565042,-9.54813814896122,-0.0057236454915295,0.160821155198854,0.020687463693348
-1.10697683567839,-0.32582192874242,-9.82061720622122,-0.0085156676825095,0.165436044820854,0.021373235620548
-1.24872025722839,-0.25503381347942,-10.0930972172212,-0.0094463420566195,0.173742831238854,0.024116325192148
-1.31959196800839,-0.27862984693342,-10.3655762745212,-0.0140997120644495,0.179280698784854,0.024802097119348
-1.43771156544839,-0.32582192874242,-10.6380562855212,-0.0168917342554495,0.182972610481854,0.026859414763748
-1.4613355087784,-0.16064967221242,-10.9105362965212,-0.0159610598813495,0.186664522178854,0.028230958618248
-1.43771156544839,-0.18424571311742,-11.0467753483212,-0.0206144317518495,0.194048345573854,0.028916730545448
-1.43771156544839,-0.18424571311742,-11.4554953648212,-0.0224757786374495,0.198663235195854,0.029602502472648
-1.4613355087784,-0.18424571311742,-11.5917344166212,-0.0234064530115495,0.203278124817854,0.031659818254448
-1.5085832762184,-0.11345760530482,-11.7279744221212,-0.0234064530115495,0.206047058590854,0.034402909688648
-1.48495933288839,-0.16064967221242,-12.0004544331212,-0.0243371273856495,0.206970036514854,0.033031365834148
-1.57945498699839,-0.16064967221242,-12.1366934849212,-0.0280598230194495,0.211584911235854,0.033031365834148
-1.62670275444839,-0.11345760530482,-12.2729334904212,-0.0271291486453495,0.209738955386854,0.033717135898748
-1.79207011932839,-0.16064967221242,-12.5454135014212,-0.0289904973935495,0.213430867083854,0.032345592044248
-1.8156940626584,-0.20784174657142,-12.5454135014212,-0.0299211717676495,0.211584911235854,0.031659818254448
-1.88656577343839,-0.30222588038742,-12.4091734959212,-0.0317825186531495,0.214353845008854,0.030974048189848
-1.74482235187839,-0.13705363875872,-12.6816535069212,-0.0299211717676495,0.215276822932854,0.033031365834148
-1.74482235187839,-0.16064967221242,-12.8178925587212,-0.0317825186531495,0.221737668402854,0.032345592044248
-1.60307893032839,-0.13705363875872,-12.8178925587212,-0.0345745417755495,0.224506602175854,0.031659818254448
-1.57945498699839,-0.11345760530482,-12.9541325642212,-0.0345745417755495,0.226352558024854,0.030974048189848
-1.57945498699839,-0.08986156812562,-13.2266125752212,-0.0382972392719495,0.231890425570854,0.032345592044248
-1.55583104366839,-0.01907346217582,-13.3628516270212,-0.0382972392719495,0.236505315192854,0.037145997397648
-1.6975744652284,-0.06626553280902,-13.4990916325212,-0.0410892623942495,0.236505315192854,0.033031365834148
-1.74482235187839,-0.06626553280902,-13.6353316380212,-0.0429506074171495,0.237428293116854,0.034402909688648
-1.7684462952084,-0.08986156812562,-13.4990916325212,-0.0448119561653495,0.235582337268854,0.034402909688648
-1.8156940626584,-0.04266949749242,-13.3628516270212,-0.0438812817912495,0.233736381419854,0.035088679753248
-1.83931800598839,-0.04266949749242,-13.3628516270212,-0.0448119561653495,0.232813403495854,0.033717135898748
-1.79207011932839,-0.01907346217582,-13.2266125752212,-0.0457426305394495,0.232813403495854,0.033717135898748
-1.67395064110839,0.05171464377388,-13.2266125752212,-0.0476039792876495,0.229121491797854,0.035088679753248
-1.62670275444839,0.02811861031998,-13.3628516270212,-0.0485346536617495,0.228198513873854,0.035088679753248
-1.60307893032839,0.09890671813258,-13.4990916325212,-0.0466733049135495,0.230967447646854,0.033717135898748
-1.41408762211839,0.14609878504058,-13.3628516270212,-0.0457426305394495,0.231890425570854,0.033717135898748
-1.13060077900839,0.19329085194858,-13.4990916325212,-0.0494653280358495,0.238351271041854,0.032345592044248
-1.03610512490039,0.16969481849458,-13.6353316380212,-0.0476039792876495,0.248504028208854,0.035774453543148
-0.705370454738395,0.19329085194858,-14.0440507008212,-0.0448119561653495,0.260502741225854,0.030288274399948
-0.634498743961395,0.21688688540258,-14.4527697636212,-0.0457426305394495,0.267886534817854,0.033717135898748
-0.303764058898395,0.26407895230958,-14.5890097691212,-0.0457426305394495,0.283577159531854,0.033031365834148
-0.043901092062395,0.33486706757258,-15.1339688374212,-0.0485346536617495,0.302959695943854,0.031659818254448
0.310457499076605,0.38205913448058,-15.4064488484212,-0.0531880255322495,0.324188188203854,0.032345592044248
0.664816112567605,0.47644326829658,-15.8151679112212,-0.0569107193034495,0.353723451979854,0.031659818254448
0.853807361175605,0.52363536500658,-16.2238879277212,-0.0569107193034495,0.364799187072854,0.031659818254448
1.60977235560161,0.68880758428358,-17.3138060643212,-0.0643561105709495,0.419254884608854,0.031659818254448
2.0586265636016,0.71240363263858,-18.2674841954212,-0.0643561105709495,0.454328015931854,0.030288274399948
2.6019763064916,0.64161554717758,-19.4936423375212,-0.0671481336932495,0.505091801770854,0.026173642836548
3.0035828662416,0.61801949882258,-20.4473204686212,-0.0652867849450495,0.545702770837854,0.023430553264948
3.1925739360316,0.50003931665158,-21.6734786107212,-0.0662174593191495,0.584467843659854,0.024116325192148
3.4051891875716,0.47644326829658,-22.7633967473212,-0.0606334167998495,0.621386960633854,0.020001691766048
3.3815652442516,0.42925120138858,-23.1721167637212,-0.0578413936775495,0.633385673650854,0.017944374121748
3.4288131309016,0.50003931665158,-24.6707530095212,-0.0569107193034495,0.675842658169854,0.015201284550148
3.5705565524616,0.54723141336158,-25.3519530369212,-0.0578413936775495,0.699840084203854,0.016572830267248
3.8776673389016,0.66521153592858,-26.3056311680212,-0.0597027424257495,0.731221274026854,0.021373235620548
4.0430344653616,0.66521153592858,-26.8505911900212,-0.0587720680516495,0.750603810437854,0.024116325192148
4.23202601199161,0.73599968099358,-27.6680293156212,-0.0550493705552495,0.769986346848854,0.029602502472648
4.13753023868161,0.66521153592858,-28.3492274357212,-0.0503960024099495,0.788445905335854,0.030974048189848
4.13753023868161,0.68880758428358,-28.8941874577212,-0.0485346536617495,0.794906750806854,0.036460227333048
4.06665840869161,0.75959572934858,-29.7116255833212,-0.0485346536617495,0.798598662503854,0.041946402750948
3.9957870555416,0.71240363263858,-29.9841055943212,-0.0485346536617495,0.801367596276854,0.044689494185148
3.7122999740116,0.73599968099358,-30.2565856053212,-0.0522573511581495,0.808751419671854,0.052232987247448
