x,y,z,q0,q1,q2,q3
0.759636044502,-0.0831995233893,0.947901368141,0.0478654913604,-0.0543035678566,0.571435272694,-0.8174482584
0.759654819965,-0.0827538520098,0.947971999645,0.0483801700175,-0.0553759261966,0.573034703732,-0.816225469112
0.75973546505,-0.0822838842869,0.948049008846,0.0476600080729,-0.0549583248794,0.574432909489,-0.815312743187
0.759813666344,-0.081811606884,0.948059558868,0.0481165014207,-0.055674187839,0.575991749763,-0.814136743546
0.759888350964,-0.0813186243176,0.948043882847,0.0480410121381,-0.056233394891,0.577524662018,-0.813016057014
0.759952545166,-0.0808948427439,0.948034524918,0.0484443865716,-0.0567136071622,0.578789889812,-0.812058448792
0.759949803352,-0.0804549157619,0.948101401329,0.0489530712366,-0.0572784990072,0.580175161362,-0.81099909544
0.759985744953,-0.0800603926182,0.948220729828,0.049544274807,-0.0576915182173,0.58125770092,-0.810158312321
0.76001727581,-0.0794349908829,0.948206365108,0.0497174263,-0.0582165159285,0.582727611065,-0.809053421021
0.760134935379,-0.0789378136396,0.948202729225,0.0499801412225,-0.0583868287504,0.584210157394,-0.807955145836
0.760270535946,-0.0784438401461,0.948351323605,0.0503347739577,-0.0583085566759,0.585476338863,-0.807021617889
0.760350704193,-0.0780020132661,0.948347449303,0.0505356490612,-0.0588005296886,0.586611032486,-0.80614900589
0.760507583618,-0.0775126218796,0.948396027088,0.050580099225,-0.059168305248,0.587824046612,-0.805235147476
0.760630309582,-0.0770858675241,0.94841337204,0.0512862503529,-0.0593168511987,0.588952422142,-0.804354548454
0.760682284832,-0.0766026899219,0.948480188847,0.0516220033169,-0.0594781897962,0.590055584908,-0.803512215614
0.760780334473,-0.0761438384652,0.948518633842,0.0517123825848,-0.0597503148019,0.591084957123,-0.802729308605
0.760920524597,-0.0756216570735,0.948532700539,0.0530163533986,-0.061116527766,0.592377066612,-0.801588058472
0.761090159416,-0.0751604065299,0.948549032211,0.0535631626844,-0.060535017401,0.594350576401,-0.80013358593
0.761205196381,-0.0746277570724,0.948539555073,0.0536416098475,-0.061354983598,0.59421902895,-0.800163626671
0.761379241943,-0.0741159394383,0.948638617992,0.0557168982923,-0.0620439723134,0.596584558487,-0.798206090927
0.761533737183,-0.0735788568854,0.948629081249,0.055707976222,-0.0624109916389,0.597334861755,-0.7976167202
0.761702477932,-0.0730772912502,0.948560714722,0.0551075972617,-0.0615057982504,0.598228335381,-0.797058999538
0.761938333511,-0.0724743008614,0.948501706123,0.0560541823506,-0.0628142952919,0.599026381969,-0.796291172504
0.76201236248,-0.0719505771995,0.9485886693,0.0568247511983,-0.062901802361,0.59992402792,-0.795553505421
0.762165129185,-0.071410022676,0.948648512363,0.056953407824,-0.0636048913002,0.60077214241,-0.794848144054
0.762362957001,-0.0708962976933,0.948719620705,0.0562417022884,-0.0626868456602,0.601209282875,-0.794641137123
0.762635827065,-0.0704902783036,0.949017167091,0.0564744956791,-0.0628346353769,0.601545035839,-0.794358789921
0.762761116028,-0.069809243083,0.948983311653,0.0573774650693,-0.0645759999752,0.602255880833,-0.793615460396
0.762884914875,-0.0692854821682,0.948976039886,0.0568250603974,-0.0639484599233,0.602686464787,-0.793379127979
0.763105392456,-0.0687366649508,0.948971688747,0.0569408275187,-0.0641019567847,0.603244364262,-0.79293435812
0.763264656067,-0.0681691169739,0.9489569664,0.056933503598,-0.0647274106741,0.603643715382,-0.792580068111
0.763337492943,-0.0689586400986,0.949631512165,0.061221703887,-0.0647584795952,0.603458881378,-0.792398631573
0.763663232327,-0.0668289959431,0.948959171772,0.0571679957211,-0.0658648982644,0.604552567005,-0.791776299477
0.763589322567,-0.0668635517359,0.949218928814,0.0589739196002,-0.065955080092,0.604960262775,-0.791324913502
0.763900578022,-0.0660787671804,0.94921541214,0.0595022104681,-0.0671064034104,0.605304300785,-0.790925264359
0.764184057713,-0.0662229210138,0.949466884136,0.0611425079405,-0.0666060075164,0.605184495449,-0.790934324265
0.764368414879,-0.064539834857,0.949016213417,0.058058142662,-0.0677779987454,0.605772614479,-0.790616750717
0.764541447163,-0.0639812722802,0.949025928974,0.0595202744007,-0.0692141726613,0.606312930584,-0.789969205856
0.764677703381,-0.0634091496468,0.948999047279,0.0587243326008,-0.0686666369438,0.606357634068,-0.790042221546
0.764881193638,-0.0628351569176,0.948971867561,0.059250626713,-0.0687109082937,0.606590270996,-0.789820551872
0.765186309814,-0.0634551122785,0.949578046799,0.0620503462851,-0.0671552568674,0.606508731842,-0.789801955223
0.765401303768,-0.0628477707505,0.949570000172,0.0628338009119,-0.0687969774008,0.606809318066,-0.789367675781
0.765537977219,-0.0610796175897,0.948992311954,0.0607251450419,-0.0709952861071,0.606937646866,-0.789239406586
0.765811622143,-0.0604738518596,0.949027299881,0.0608121789992,-0.0709393322468,0.606978178024,-0.789206564426
0.766094565392,-0.059893488884,0.949031054974,0.0600087828934,-0.0703328698874,0.607592284679,-0.788849651814
0.76642125845,-0.0593166537583,0.949017584324,0.0610534735024,-0.0715366378427,0.607862830162,-0.788452744484
0.766652703285,-0.0587033890188,0.949012637138,0.0613359212875,-0.0720504596829,0.607952535152,-0.788314938545
0.766870141029,-0.0581390857697,0.949046969414,0.0607014968991,-0.0712593272328,0.607889056206,-0.788484811783
0.7672123909,-0.0575383976102,0.949054419994,0.0619363896549,-0.0721476972103,0.608076632023,-0.788163304329
0.767518281937,-0.0568565428257,0.949018537998,0.0617529265583,-0.0726019963622,0.608008027077,-0.788188815117
0.767048895359,-0.0566893406212,0.949362874031,0.0634388923645,-0.0723389834166,0.606628239155,-0.789141774178
0.767488718033,-0.0560525283217,0.94936388731,0.0635460615158,-0.0726614892483,0.606731116772,-0.789024472237
0.767558217049,-0.0559019036591,0.949551284313,0.0650175362825,-0.0726103484631,0.606942653656,-0.788746535778
0.768258810043,-0.0547650828958,0.949298322201,0.0627949163318,-0.0728183761239,0.606793880463,-0.789021849632
0.768554508686,-0.0541708692908,0.949278950691,0.0633183866739,-0.073102325201,0.607390582561,-0.788494467735
0.768956005573,-0.0535716228187,0.949228823185,0.0635149031878,-0.0733564123511,0.607428252697,-0.788425981998
0.769018232822,-0.0535009615123,0.949512243271,0.0664076209068,-0.0742854773998,0.606962323189,-0.788459539413
0.769401550293,-0.0527428649366,0.949471235275,0.0650977566838,-0.073601461947,0.606808125973,-0.788751542568
0.770215928555,-0.051381226629,0.949164152145,0.0632349327207,-0.0738068595529,0.607138097286,-0.788629949093
0.770559668541,-0.0507900714874,0.949084997177,0.0643272995949,-0.0752015858889,0.607133209705,-0.788413524628
0.770895302296,-0.0503043346107,0.949095666409,0.0648479685187,-0.0751280933619,0.60702174902,-0.788463771343
0.771282792091,-0.0497323647141,0.949089944363,0.0641025826335,-0.0746069997549,0.60709810257,-0.78851544857
0.771622955799,-0.0490729399025,0.949045658112,0.0649421587586,-0.0759235322475,0.607221364975,-0.788226127625
0.772097229958,-0.0484122633934,0.948995292187,0.0650583803654,-0.0756366103888,0.607219099998,-0.788245797157
0.772600233555,-0.0476270131767,0.948940396309,0.0641646012664,-0.0752564147115,0.607315778732,-0.788281023502
0.772953629494,-0.0471809767187,0.948980093002,0.0644736513495,-0.0753609240055,0.607236921787,-0.788306593895
0.773317694664,-0.0465219989419,0.948932826519,0.0653762891889,-0.0766112208366,0.607405841351,-0.787981569767
0.773450791836,-0.046328753233,0.949204385281,0.0661043301225,-0.0756764188409,0.607364714146,-0.788042724133
0.774002611637,-0.0454936511815,0.949188709259,0.0655157119036,-0.0761111155152,0.607647716999,-0.787831902504
0.774630129337,-0.0444094240665,0.948936223984,0.0653804168105,-0.0778563022614,0.607708692551,-0.787625610828
0.775062263012,-0.0437582395971,0.948938012123,0.0643380954862,-0.0769735276699,0.607608795166,-0.787875175476
0.775592505932,-0.0429590977728,0.94885635376,0.0640306696296,-0.0769403204322,0.607861697674,-0.787708342075
0.77563726902,-0.0429535023868,0.949172019958,0.066005140543,-0.0773607417941,0.607747554779,-0.787592291832
0.776195585728,-0.0420885719359,0.949098408222,0.0660102069378,-0.0774672031403,0.607920527458,-0.787447810173
0.776968717575,-0.040880061686,0.948861181736,0.0638627484441,-0.0777398794889,0.608074486256,-0.787479221821
0.777458488941,-0.0402309186757,0.948842823505,0.0643195807934,-0.0775326862931,0.608384728432,-0.787222802639
0.777541399002,-0.0402048863471,0.949094176292,0.0662982240319,-0.0775272771716,0.608307480812,-0.787118792534
0.77803850174,-0.0395440496504,0.949109315872,0.0668941810727,-0.0788051486015,0.608352601528,-0.786906659603
0.778868794441,-0.0383209660649,0.948907911777,0.0655556172132,-0.0790498331189,0.608510375023,-0.78687274456
0.779385089874,-0.0375854223967,0.948935806751,0.0648431479931,-0.0792393088341,0.608775496483,-0.786707639694
0.779923021793,-0.0368550941348,0.948893725872,0.0640848726034,-0.0781766846776,0.60849905014,-0.787089884281
0.780088603497,-0.0366712957621,0.949150621891,0.0666878074408,-0.0792565047741,0.609004855156,-0.786374211311
0.780658066273,-0.036004088819,0.949223577976,0.0663859397173,-0.0791236460209,0.609112560749,-0.786329686642
0.781585335732,-0.0344454310834,0.948839664459,0.06307259202,-0.0782879069448,0.609301745892,-0.786539435387
0.782136619091,-0.0337328538299,0.94886380434,0.0630185976624,-0.0784009471536,0.609436750412,-0.786427855492
0.782282590866,-0.0337570905685,0.949174463749,0.0657914951444,-0.0794643312693,0.6094840765,-0.786057293415
0.783549547195,-0.0320608653128,0.948504149914,0.0617743209004,-0.0781310424209,0.609803676605,-0.786269009113
0.783832669258,-0.0316645540297,0.948949575424,0.0627487450838,-0.0783755332232,0.609503984451,-0.786399841309
0.784341335297,-0.0312066338956,0.949125647545,0.0643556043506,-0.0792278647423,0.60971146822,-0.786023676395
0.785018861294,-0.0300883464515,0.948867559433,0.0625175386667,-0.078391738236,0.609639108181,-0.786311984062
0.785756587982,-0.0292686745524,0.948915600777,0.0618798136711,-0.0785466134548,0.609666526318,-0.786325573921
0.786318004131,-0.028800137341,0.94907283783,0.0634794309735,-0.0786752775311,0.609970629215,-0.785949409008
0.786718785763,-0.0281271226704,0.948977172375,0.0637849420309,-0.0792574584484,0.609941661358,-0.78588861227
0.787416100502,-0.0274034515023,0.948954701424,0.0629672035575,-0.0779732763767,0.609881460667,-0.786129713058
0.788424968719,-0.0259825345129,0.948635339737,0.0618252754211,-0.079340159893,0.609957873821,-0.786024332047
0.788783967495,-0.0256267990917,0.948752820492,0.0630479902029,-0.0789383426309,0.610212445259,-0.785770058632
0.789505898952,-0.0248547401279,0.948703110218,0.0627887174487,-0.0787168592215,0.610055863857,-0.785934567451
0.790238618851,-0.0239185914397,0.948659837246,0.062310796231,-0.0783114805818,0.610131263733,-0.785954535007
0.790984988213,-0.0230109915137,0.948619365692,0.0617514103651,-0.0784128680825,0.610759913921,-0.785500109196
0.792019367218,-0.0214722342789,0.948322892189,0.0598760023713,-0.0787013471127,0.610243499279,-0.786017715931
0.792806446552,-0.0204513594508,0.948323071003,0.0594262816012,-0.0787831246853,0.61023491621,-0.786050319672
0.793599247932,-0.0194476991892,0.948160290718,0.0577077157795,-0.0779200196266,0.610082745552,-0.786382496357
0.794105768204,-0.0189842451364,0.948347330093,0.0588090382516,-0.0774984285235,0.610071182251,-0.786351501942
0.795190215111,-0.0174083653837,0.947967588902,0.0567737296224,-0.0779208615422,0.609884977341,-0.786603748798
0.795658349991,-0.0168610103428,0.948053121567,0.058007799089,-0.077694915235,0.609773099422,-0.78662276268
0.796530783176,-0.0157137792557,0.947840631008,0.0572264157236,-0.0779571384192,0.60969799757,-0.786712229252
0.797350585461,-0.0146607197821,0.947669386864,0.0579996481538,-0.0788166224957,0.609697520733,-0.786570370197
0.79832059145,-0.013400320895,0.947547733784,0.0559703372419,-0.07769061625,0.609324336052,-0.787118494511
0.799232542515,-0.0123767405748,0.947392523289,0.0562777481973,-0.0787829086185,0.609203875065,-0.787081062794
0.799896478653,-0.0112097114325,0.946781754494,0.0559682436287,-0.0792363062501,0.608646273613,-0.787488937378
0.800902187824,-0.0101526165381,0.946558952332,0.054058264941,-0.0777656435966,0.60844117403,-0.78792732954
0.801837742329,-0.00901441182941,0.946513175964,0.0548271909356,-0.078563913703,0.608396708965,-0.787829339504
0.802631258965,-0.00775192119181,0.946020722389,0.0532951615751,-0.0780212283134,0.607940018177,-0.788340806961
0.803642988205,-0.00673821847886,0.945981740952,0.0527705214918,-0.0775348171592,0.607828736305,-0.788509905338
0.804567575455,-0.00495141698048,0.945251882076,0.0518264621496,-0.07894782722,0.607497632504,-0.78868752718
0.805171847343,-0.00437423028052,0.945342898369,0.0518717430532,-0.0778352692723,0.607278645039,-0.788963675499
0.806118965149,-0.00326563976705,0.945233225822,0.0524065978825,-0.078477576375,0.607246816158,-0.788889169693
0.807666003704,-0.00178991584107,0.944684445858,0.0500385127962,-0.0778597742319,0.607605993748,-0.788827598095
0.80766916275,-0.000945461913943,0.944801986217,0.0506770573556,-0.0775605887175,0.606702387333,-0.789511442184
0.809127032757,0.000489559955895,0.944167613983,0.049210447818,-0.0780782029033,0.607072889805,-0.789268434048
0.809396028519,0.00169172044843,0.944226861,0.0485395938158,-0.0781092196703,0.606208324432,-0.7899710536
0.810630977154,0.00268711894751,0.943886637688,0.0484233312309,-0.0776148661971,0.606989622116,-0.789426803589
0.810627520084,0.00333899864927,0.944261491299,0.0500386841595,-0.0784312859178,0.606108129025,-0.789922535419
0.812106966972,0.00485522160307,0.94373857975,0.0469464436173,-0.0768257975578,0.606591761112,-0.789898812771
0.812073886395,0.00543940905482,0.944202005863,0.049281604588,-0.0787727460265,0.605746924877,-0.790213108063
0.813568353653,0.00691209826618,0.943645000458,0.0460122711957,-0.0764256939292,0.606327831745,-0.790195226669
0.814265310764,0.00786915235221,0.943688333035,0.0477342829108,-0.0789100751281,0.605518937111,-0.790469110012
0.814283132553,0.00860658101737,0.944096088409,0.0468757301569,-0.0773213580251,0.605203390121,-0.790919065475
0.815730392933,0.00993092078716,0.943794429302,0.0448302440345,-0.0755133703351,0.605779588223,-0.790771245956
0.815852165222,0.0107622947544,0.944002628326,0.0452871434391,-0.0765809044242,0.604855775833,-0.791349411011
0.817074298859,0.0118108289316,0.943615078926,0.0443327873945,-0.0750178620219,0.605459034443,-0.791091859341
0.81722342968,0.0123616196215,0.944006979465,0.0450168475509,-0.0756139308214,0.604466557503,-0.791755139828
0.818518638611,0.0134794209152,0.943470716476,0.043983720243,-0.0750655531883,0.604968428612,-0.791482031345
0.818552494049,0.0139900613576,0.94381737709,0.0450803041458,-0.0742786824703,0.603959083557,-0.792265117168
0.819933831692,0.0151163851842,0.943437218666,0.0425403043628,-0.0730910897255,0.604580283165,-0.792042076588
0.819934010506,0.0155208837241,0.943917453289,0.04399349913,-0.0730844736099,0.603535294533,-0.792760014534
0.821168720722,0.016587426886,0.943467438221,0.0430254600942,-0.0730923488736,0.604146003723,-0.79234713316
0.821250140667,0.0169536005706,0.943967759609,0.0435405820608,-0.072152979672,0.603169679642,-0.793148517609
0.822586715221,0.0179679915309,0.943667292595,0.0424293652177,-0.0715472847223,0.603814125061,-0.792773127556
0.822438240051,0.0182497445494,0.94414883852,0.0442349426448,-0.0722508430481,0.603054106236,-0.793189048767
0.823723852634,0.0192712638527,0.943778455257,0.0422765538096,-0.0706857740879,0.603475451469,-0.793116390705
0.823689937592,0.0195504054427,0.944385290146,0.042924080044,-0.0702924653888,0.60253572464,-0.793830692768
0.824261963367,0.0201177448034,0.944497346878,0.0430031344295,-0.0698286145926,0.602357208729,-0.794002830982
0.82504761219,0.0212003178895,0.944368481636,0.0414389371872,-0.0696270465851,0.602188885212,-0.794231414795
0.825295805931,0.0212503466755,0.944684326649,0.0437910035253,-0.0700816363096,0.602251708508,-0.794017553329
0.825928092003,0.0217761229724,0.944864869118,0.0434637032449,-0.0693575069308,0.602129757404,-0.794191539288
0.827078104019,0.0227125547826,0.944491803646,0.0407101809978,-0.0673661082983,0.602378547192,-0.794320225716
0.827165365219,0.0230163577944,0.945115923882,0.0416261665523,-0.0677311867476,0.601808845997,-0.794673442841
0.828139901161,0.0237126145512,0.944608092308,0.0403204783797,-0.0664832517505,0.602346718311,-0.794438540936
0.828717529774,0.0241997726262,0.944813847542,0.0420749001205,-0.0684912353754,0.601513743401,-0.794808030128
0.828644216061,0.0242040939629,0.945513248444,0.0415085703135,-0.0659187585115,0.601297199726,-0.795219182968
0.82982134819,0.0249893236905,0.946228921413,0.0399982742965,-0.065077804029,0.601366281509,-0.795313477516
0.830383241177,0.025453068316,0.946354806423,0.0396660417318,-0.0642794296145,0.601231813431,-0.795496702194
0.830857753754,0.0258480943739,0.946485638618,0.0395315662026,-0.0637693330646,0.601069271564,-0.795667231083
0.831208109856,0.0264242291451,0.946374237537,0.040030606091,-0.0648893713951,0.600923001766,-0.795662224293
0.831014096737,0.0265036728233,0.945836603642,0.0414759702981,-0.0651735290885,0.600467681885,-0.795908749104
0.832218527794,0.027280734852,0.946605443954,0.0410008393228,-0.0655692145228,0.599670469761,-0.796501636505
0.832725524902,0.027729652822,0.946759462357,0.0404948219657,-0.0651976540685,0.599529802799,-0.796663939953
0.833220481873,0.0280851311982,0.946917533875,0.0382091887295,-0.0621495507658,0.599878072739,-0.796758294106
0.833112895489,0.0283008739352,0.946358680725,0.0391328521073,-0.0623820051551,0.599402725697,-0.797052979469
0.834708034992,0.0287865698338,0.946126461029,0.0371532998979,-0.0594704337418,0.600116193295,-0.796833455563
0.835405349731,0.0287647750229,0.946445405483,0.0371340475976,-0.0581718981266,0.599692463875,-0.797249078751
0.83593994379,0.0290486514568,0.946701288223,0.0377516299486,-0.0586510114372,0.599557876587,-0.79728615284
0.836400806904,0.0294571686536,0.946832716465,0.0374800749123,-0.0582568347454,0.599334359169,-0.797495901585
0.837673723698,0.0301989074796,0.947712898254,0.0373710691929,-0.059560764581,0.598862171173,-0.797759473324
0.837982952595,0.0312601402402,0.947519659996,0.0357617363334,-0.0600517839193,0.598926544189,-0.797748029232
0.838343858719,0.0314063616097,0.947724401951,0.0333769656718,-0.0562860220671,0.599024832249,-0.798052072525
0.838842093945,0.0317849852145,0.947888493538,0.0327634289861,-0.0558274835348,0.598860442638,-0.798233091831
0.838857889175,0.0322401486337,0.947120785713,0.0347240641713,-0.0586359128356,0.597883284092,-0.798681199551
0.837557971478,0.0329609401524,0.947903394699,0.0363224670291,-0.0623351000249,0.596684396267,-0.799226403236
0.837770044804,0.0329848229885,0.948194026947,0.0348909050226,-0.0589559711516,0.597104549408,-0.799232780933
0.838657081127,0.0334706827998,0.94893682003,0.0345081835985,-0.0590750686824,0.597224533558,-0.799150943756
0.839106917381,0.0338906683028,0.949066221714,0.0338829644024,-0.0586188286543,0.597001969814,-0.799377560616
0.839465260506,0.0341966599226,0.94921875,0.0328700132668,-0.0574581064284,0.596569955349,-0.799826383591
0.841750741005,0.0340880081058,0.948635816574,0.0306579098105,-0.0523815788329,0.597447395325,-0.799607992172
0.841355144978,0.0339768193662,0.947999238968,0.0321384221315,-0.0526331290603,0.597187876701,-0.799727201462
0.841723978519,0.0342508554459,0.948123455048,0.0317230634391,-0.052035741508,0.597100198269,-0.7998483181
0.842044770718,0.0345195122063,0.948200285435,0.0312698557973,-0.0517450980842,0.596983790398,-0.799971818924
0.843111157417,0.0351758152246,0.94892346859,0.0293004307896,-0.0504615902901,0.597042441368,-0.800084650517
0.84353095293,0.0356826782227,0.948942005634,0.0283460393548,-0.0503062419593,0.596800863743,-0.800309062004
0.843721926212,0.0357462130487,0.949069857597,0.0286378003657,-0.0497222729027,0.596732020378,-0.800386369228
0.843996107578,0.0359721109271,0.949122548103,0.0284801051021,-0.0493703186512,0.596623420715,-0.800494730473
0.844298362732,0.0362522527575,0.949205100536,0.0299944300205,-0.0515466891229,0.59605795145,-0.800723433495
0.844458937645,0.0365017466247,0.949288845062,0.0299361553043,-0.0514105670154,0.595884919167,-0.800863206387
0.84478354454,0.0369145572186,0.949319839478,0.0293078608811,-0.0509825274348,0.595828652382,-0.800955712795
0.84430873394,0.0367731750011,0.94878000021,0.030768353492,-0.0515551716089,0.595504760742,-0.80110514164
0.845239818096,0.0373579598963,0.949443519115,0.0289416033775,-0.0504856519401,0.595670223236,-0.801118373871
0.845396339893,0.0375354588032,0.94949477911,0.0290565174073,-0.0503097549081,0.595616519451,-0.801165103912
0.845578312874,0.0377259217203,0.949539005756,0.0290005933493,-0.0500259548426,0.595556974411,-0.801229119301
0.845823466778,0.0372604988515,0.949738264084,0.030376041308,-0.0485575683415,0.59534150362,-0.801428735256
0.846336126328,0.0374644994736,0.950084984303,0.0277469865978,-0.0453167408705,0.595999777317,-0.801224589348
0.846598386765,0.0378945469856,0.95013487339,0.0288336090744,-0.0475136302412,0.595456779003,-0.801462590694
0.846691012383,0.0378249399364,0.950217247009,0.0292307455093,-0.0469760671258,0.595455944538,-0.801480531693
0.846741199493,0.037979464978,0.950240731239,0.0293038450181,-0.0468109622598,0.595354855061,-0.801562666893
0.846790194511,0.0381053574383,0.950269520283,0.0273919217288,-0.0439989455044,0.595703661442,-0.801530301571
0.846816182137,0.0382653363049,0.950320243835,0.0282137971371,-0.0450139455497,0.595802664757,-0.801371991634
0.846827626228,0.0384025834501,0.950369000435,0.0281536933035,-0.0447543561459,0.595620274544,-0.801524102688
0.846823394299,0.0385293960571,0.950389862061,0.0281654540449,-0.0447868332267,0.595613181591,-0.80152708292
0.846786260605,0.0386485271156,0.95037484169,0.0281939283013,-0.0447741486132,0.59553450346,-0.801585316658
0.846734821796,0.0387558043003,0.950384497643,0.0301386024803,-0.0470887497067,0.595042526722,-0.801747322083
0.846688866615,0.0388620831072,0.950448393822,0.0283974148333,-0.0445014983416,0.595357835293,-0.801724553108
0.846599817276,0.0389777421951,0.950469970703,0.0304212458432,-0.0469929873943,0.594797611237,-0.801923930645
0.846523523331,0.0391217432916,0.950541615486,0.0305670965463,-0.0470905341208,0.594664990902,-0.802011072636
0.845625579357,0.0388227961957,0.949837327003,0.0324149243534,-0.0478484295309,0.594276428223,-0.80218154192
0.845506429672,0.0388949140906,0.949809849262,0.0325012989342,-0.0479105636477,0.594154715538,-0.80226457119
0.846095740795,0.039337284863,0.950482964516,0.0289685409516,-0.0445844680071,0.594712972641,-0.802178025246
0.845761239529,0.0394601896405,0.950360655785,0.0291834399104,-0.0450460389256,0.594524919987,-0.802283763885
0.845578372478,0.0394872054458,0.950281262398,0.029388666153,-0.0451007671654,0.594348371029,-0.802403986454
0.845157802105,0.0395057685673,0.950034499168,0.0298394337296,-0.045109577477,0.594005823135,-0.802640497684
0.845118284225,0.0394547954202,0.950088858604,0.0298193283379,-0.0450302064419,0.593909978867,-0.802716612816
0.844054579735,0.0390934348106,0.949228465557,0.0339235663414,-0.0488860756159,0.592960298061,-0.803030192852
0.843785583973,0.0390742607415,0.949108064175,0.0340451411903,-0.0487277470529,0.592845797539,-0.803119182587
0.843536198139,0.039030265063,0.948907256126,0.0342748127878,-0.0488946586847,0.592621028423,-0.803265154362
0.843390583992,0.0399260409176,0.948942542076,0.0306008029729,-0.047522123903,0.592569887638,-0.803533613682
0.843053936958,0.0398214310408,0.948710381985,0.0310079287738,-0.0473605804145,0.59243708849,-0.803625464439
0.84193444252,0.0393307209015,0.94780600071,0.0333155840635,-0.0484220013022,0.59182792902,-0.803918659687
0.841527402401,0.0392454005778,0.947518467903,0.0326566211879,-0.0475485958159,0.591428935528,-0.804291248322
0.842062175274,0.0397497005761,0.9480432868,0.0313399359584,-0.0480008237064,0.591307282448,-0.804406225681
0.841529428959,0.0394125878811,0.947889328003,0.0343032814562,-0.0506584569812,0.590563356876,-0.804668843746
0.84119784832,0.0392378866673,0.947812616825,0.0345461331308,-0.0506414957345,0.590305745602,-0.804848492146
0.840928435326,0.0390284582973,0.947872400284,0.0338560119271,-0.0495931133628,0.589879631996,-0.805255413055
0.840619146824,0.0388029888272,0.947851657867,0.0323139168322,-0.0470526590943,0.590043842793,-0.805350899696
0.840267241001,0.0385496988893,0.947857141495,0.0345736220479,-0.0496500656009,0.589349687099,-0.805609405041
0.839067220688,0.0378194078803,0.947212040424,0.0368975028396,-0.0507274307311,0.588793933392,-0.805845499039
0.838611781597,0.0374867171049,0.94721031189,0.0383714102209,-0.0519813075662,0.588673353195,-0.80578494072
0.838932752609,0.0374695397913,0.947891950607,0.0370252802968,-0.051259458065,0.588698267937,-0.805875897408
0.838457107544,0.037082053721,0.947859168053,0.0364011451602,-0.0502491742373,0.588445961475,-0.806152224541
0.837378740311,0.0363255962729,0.947218060493,0.0382794328034,-0.0510471016169,0.587942838669,-0.806382060051
0.837041676044,0.0358901880682,0.947235524654,0.0388818345964,-0.0510089173913,0.587903380394,-0.806384444237
0.836687684059,0.0354328043759,0.947244882584,0.0371818915009,-0.0487410910428,0.588030993938,-0.806511819363
0.836326658726,0.0349241197109,0.947213232517,0.035548992455,-0.0487300120294,0.587280094624,-0.80713301897
0.836587607861,0.034775197506,0.947708845139,0.0344557873905,-0.0481830202043,0.587409317493,-0.807119250298
0.836279571056,0.0344767086208,0.947492063046,0.0342440344393,-0.0484604127705,0.587221980095,-0.80724799633
0.835263609886,0.0338105484843,0.946565687656,0.0375717654824,-0.0495637916028,0.587780177593,-0.806626439095
0.834596395493,0.0326573140919,0.946665287018,0.0407149381936,-0.0504860877991,0.588239967823,-0.806081414223
0.834161996841,0.0320302098989,0.946499168873,0.0427566319704,-0.0533151328564,0.587780535221,-0.806128621101
0.834737598896,0.0312009491026,0.947327136993,0.0394802056253,-0.0476773940027,0.588119745255,-0.806401491165
0.834245860577,0.0305667538196,0.947113156319,0.0399542748928,-0.0479783825576,0.588379502296,-0.806170701981
0.833532273769,0.0302585661411,0.946762919426,0.0396455340087,-0.0488547943532,0.588616073132,-0.805960655212
0.833154320717,0.0295226052403,0.946575760841,0.0383052825928,-0.0486838817596,0.588180065155,-0.806353926659
0.831932485104,0.0283218845725,0.945556879044,0.0424955375493,-0.0496272407472,0.588922798634,-0.805543959141
0.831513166428,0.027386771515,0.945615410805,0.0431701466441,-0.0492733754218,0.589298665524,-0.805254936218
0.831786453724,0.0269717648625,0.946165025234,0.0419319868088,-0.0489619150758,0.589706599712,-0.805040717125
0.830530524254,0.0255854055285,0.945404708385,0.0444919466972,-0.04972146824,0.589556515217,-0.804966688156
0.830666661263,0.0249522328377,0.945811450481,0.0434022769332,-0.0518843866885,0.588792085648,-0.805448949337
0.830233812332,0.0238215755671,0.945602834225,0.0461630448699,-0.0516614615917,0.58979678154,-0.80457431078
0.82911080122,0.0224968492985,0.944566726685,0.0438355989754,-0.049797527492,0.589737355709,-0.804865539074
0.827970743179,0.0218753144145,0.945220470428,0.0470521003008,-0.0522867701948,0.590289831161,-0.804120719433
0.827151060104,0.0208408460021,0.944984197617,0.0476685464382,-0.0528461411595,0.590539634228,-0.803864359856
0.827718019485,0.0188730806112,0.943603217602,0.0494099110365,-0.0508109293878,0.591660857201,-0.803065598011
0.827305197716,0.0177514497191,0.943529963493,0.0498965419829,-0.0511883683503,0.592203736305,-0.802611231804
0.827371776104,0.0172464251518,0.944166243076,0.0481287948787,-0.0537970140576,0.591507017612,-0.803062200546
0.82623052597,0.0160227455199,0.943718791008,0.049991402775,-0.0523338541389,0.592976987362,-0.801960289478
0.825739860535,0.0152416806668,0.943990290165,0.0496602877975,-0.0537247061729,0.593470394611,-0.801523804665
0.82515001297,0.014474498108,0.944391727448,0.0465003587306,-0.0535733141005,0.592909753323,-0.802138149738
0.824709177017,0.0136725194752,0.944788813591,0.0500580631196,-0.0570668801665,0.593237876892,-0.801440179348
0.824970126152,0.0133108180016,0.945862472057,0.0464747883379,-0.0544833429158,0.594312250614,-0.80103969574
0.823809206486,0.0120776072145,0.94553154707,0.0483440756798,-0.0554313547909,0.594326972961,-0.800853013992
0.823433876038,0.0111991278827,0.94583183527,0.0487127304077,-0.0558629967272,0.594641804695,-0.800567030907
0.823178231716,0.0102205295116,0.945994496346,0.0492994152009,-0.0553289726377,0.594802439213,-0.800448834896
0.8228302598,0.00923603028059,0.946143567562,0.0493283234537,-0.0554073378444,0.594896614552,-0.800371646881
0.822611093521,0.00882984139025,0.945837676525,0.0506420880556,-0.0582512654364,0.594866752625,-0.800109803677
0.822291195393,0.00781987607479,0.945811927319,0.0492607429624,-0.055426876992,0.595491230488,-0.799932122231
0.822017073631,0.00671982485801,0.945849299431,0.0500978827477,-0.0547049045563,0.595442473888,-0.799966096878
0.82173627615,0.00572875933722,0.945746064186,0.0501362234354,-0.05450161919,0.595681607723,-0.799799561501
0.821515679359,0.00462496420369,0.945749521255,0.0496562384069,-0.0561815239489,0.594819128513,-0.800354957581
0.821253657341,0.00358889624476,0.945805370808,0.0501394718885,-0.0532379746437,0.596164882183,-0.799524366856
0.821029901505,0.00261973729357,0.945774674416,0.0500143133104,-0.0526611842215,0.596311092377,-0.799461364746
0.820764541626,0.00157783040777,0.945860445499,0.0502705611289,-0.0522401668131,0.596582829952,-0.799270153046
0.820444703102,0.000685977283865,0.945955872536,0.0512405224144,-0.0529021732509,0.596915900707,-0.798916220665
0.820253372192,-0.00026965374127,0.946167588234,0.0505062267184,-0.0516804493964,0.596975207329,-0.798998653889
0.820043087006,-0.00116150313988,0.946269869804,0.0503515973687,-0.0518221221864,0.5971596241,-0.798861384392
0.819722771645,-0.00196307199076,0.946358323097,0.0504534877837,-0.0521325729787,0.597418725491,-0.79864102602
0.81949454546,-0.00283188326284,0.946552574635,0.0496971085668,-0.0523367859423,0.597470998764,-0.79863601923
0.819270074368,-0.00360381044447,0.946738362312,0.0501242801547,-0.0523608773947,0.597964763641,-0.798238098621
0.819124877453,-0.00437365425751,0.946867406368,0.0508256740868,-0.053699824959,0.598385453224,-0.797789394855
0.819045305252,-0.00512878643349,0.946788311005,0.0502175725996,-0.0533659569919,0.598629295826,-0.797667324543
0.818697392941,-0.00586435571313,0.946770608425,0.0491102598608,-0.0527403689921,0.59897005558,-0.797522127628
0.818492233753,-0.00664445338771,0.946864426136,0.0490870289505,-0.0525658875704,0.599116325378,-0.797425150871
0.818809509277,-0.00778193725273,0.947381675243,0.0486220419407,-0.0515658073127,0.599665224552,-0.797106325626
0.818586647511,-0.00847308151424,0.947415232658,0.0485682673752,-0.0514482073486,0.599895000458,-0.796944320202
0.818356454372,-0.0092155393213,0.947364091873,0.0489717051387,-0.0522050112486,0.600413501263,-0.79647988081
0.818091213703,-0.00981818232685,0.947316765785,0.0480915978551,-0.0508888401091,0.600385248661,-0.796639859676
0.817659378052,-0.0105393091217,0.947358965874,0.0479539483786,-0.0517910756171,0.600441157818,-0.796547889709
0.817335724831,-0.011138735339,0.947351634502,0.0476452670991,-0.0517993457615,0.600360870361,-0.796626389027
0.816959857941,-0.0117110749707,0.947315752506,0.046908531338,-0.0517132766545,0.600594997406,-0.796499252319
0.816549539566,-0.0124046131968,0.94736212492,0.0477390997112,-0.0528374910355,0.600769639015,-0.796244323254
0.816074848175,-0.0129690337926,0.947388529778,0.0466812439263,-0.0524563416839,0.600423038006,-0.796593606472
0.815510392189,-0.0134171471,0.947381496429,0.0464863702655,-0.0535458736122,0.600271761417,-0.796646595001
0.815069317818,-0.0138789210469,0.94742077589,0.0468218773603,-0.0546204447746,0.600120425224,-0.796667873859
0.814506590366,-0.014425419271,0.947512328625,0.0467268452048,-0.0547520034015,0.599914491177,-0.79681956768
0.813843309879,-0.0148685527965,0.94757270813,0.0489339902997,-0.0582405142486,0.598976254463,-0.797145545483
0.813249111176,-0.0153270820156,0.947543084621,0.0471792407334,-0.056234806776,0.599063277245,-0.797329962254
0.812591016293,-0.0157660618424,0.94753164053,0.0466534495354,-0.0566322430968,0.598822772503,-0.797513306141
0.812086522579,-0.0161787923425,0.947496950626,0.046145029366,-0.0566733963788,0.59848344326,-0.797794640064
0.811413884163,-0.0165217462927,0.947443723679,0.0453887581825,-0.0562974028289,0.597891032696,-0.798308730125
0.810729920864,-0.016969203949,0.947394132614,0.0463783629239,-0.0576995573938,0.597532868385,-0.798419892788
0.809860765934,-0.0173845551908,0.94744181633,0.0466888695955,-0.0588295757771,0.596650063992,-0.798979341984
0.808705329895,-0.0179696213454,0.94749122858,0.0469091683626,-0.0584843493998,0.595845222473,-0.799592196941
0.807605922222,-0.018599011004,0.947664260864,0.0483056157827,-0.0588914528489,0.594749689102,-0.800294458866
0.807959616184,-0.0180572755635,0.947139501572,0.0463479794562,-0.0595860667527,0.595203101635,-0.800021648407
0.807194054127,-0.018343206495,0.947156608105,0.0457426197827,-0.0585505440831,0.594517111778,-0.800642728806
0.805923998356,-0.018252870068,0.946682989597,0.0455239787698,-0.0604552142322,0.593710422516,-0.801112174988
0.805277884007,-0.018591798842,0.946805953979,0.0468800216913,-0.0613974407315,0.592813253403,-0.801626503468
0.80461114645,-0.0189764276147,0.947020828724,0.047256924212,-0.0613452009857,0.592079102993,-0.802150785923
0.803991794586,-0.0192789193243,0.947136938572,0.0461545772851,-0.0601750984788,0.591261565685,-0.802906274796
0.803322553635,-0.0195712242275,0.947287559509,0.0471757277846,-0.0615323334932,0.590730905533,-0.80313462019
0.802656173706,-0.0198456291109,0.947324931622,0.0461025126278,-0.0604391023517,0.589867413044,-0.803914189339
0.80207234621,-0.0201653819531,0.947433233261,0.0463759936392,-0.0600870884955,0.589326679707,-0.804321348667
0.801516771317,-0.0204490255564,0.947517156601,0.0461447127163,-0.0594544969499,0.58836877346,-0.805082678795
0.800962388515,-0.0207354538143,0.947587668896,0.0461556315422,-0.0593677312136,0.587472379208,-0.805742681026
0.800395131111,-0.0210384465754,0.94755589962,0.0460441112518,-0.0594108514488,0.586505055428,-0.806450307369
0.799797058105,-0.0213217027485,0.947515904903,0.0457434803247,-0.0592282637954,0.585895001888,-0.806924104691
0.799204707146,-0.0215970817953,0.947522699833,0.046093378216,-0.0593909285963,0.58500790596,-0.807535767555
0.798740684986,-0.0218160450459,0.947490394115,0.0458356142044,-0.0586247332394,0.58461779356,-0.807888865471
0.798169672489,-0.0220769234002,0.947496592999,0.0457742512226,-0.0584522746503,0.583866357803,-0.808448016644
0.797739207745,-0.0222801137716,0.947499096394,0.0453004613519,-0.0581980273128,0.583032906055,-0.809094190598
0.797317266464,-0.0224549751729,0.947514712811,0.0446283631027,-0.0581653229892,0.582444906235,-0.809557378292
0.796684861183,-0.0230787415057,0.947669744492,0.0456584021449,-0.0575344860554,0.581582188606,-0.810164988041
0.796164810658,-0.0232574269176,0.947627604008,0.0429692864418,-0.0576568059623,0.57979631424,-0.811582148075
0.795653581619,-0.0234557408839,0.947628796101,0.045266520232,-0.0571271777153,0.580017983913,-0.811336278915
0.795216500759,-0.0236278958619,0.947686970234,0.0420877635479,-0.0569244585931,0.578102529049,-0.812887310982
0.794790744781,-0.0237440075725,0.94772040844,0.0445821136236,-0.0565556325018,0.578292071819,-0.812645256519
0.794411957264,-0.023927975446,0.947726309299,0.0446167998016,-0.0556674301624,0.577323675156,-0.813392758369
0.793901324272,-0.0241282619536,0.9477891922,0.0417567491531,-0.055487178266,0.575538337231,-0.814820945263
0.793501079082,-0.0242640897632,0.947837114334,0.0414049737155,-0.0551383644342,0.574609279633,-0.815517961979
0.793054282665,-0.0244300439954,0.947839140892,0.0413020290434,-0.0545939132571,0.573678135872,-0.816215097904
0.792572975159,-0.0245575197041,0.947846591473,0.0433025583625,-0.0542507991195,0.573587536812,-0.816197991371
0.792107820511,-0.0247323550284,0.947831273079,0.043198235333,-0.0538595281541,0.572557508945,-0.816952288151
0.791654527187,-0.0248980280012,0.947793662548,0.0404812768102,-0.0533397197723,0.570726752281,-0.818405210972
0.791158258915,-0.0250736474991,0.94776892662,0.0404428057373,-0.0525511316955,0.569564700127,-0.819267213345
0.790750682354,-0.0251120533794,0.947735548019,0.0420135185122,-0.0522835999727,0.569625854492,-0.819162845612
0.790328979492,-0.0252693891525,0.947790026665,0.0393286012113,-0.0516185462475,0.567704796791,-0.820670485497
0.789913415909,-0.0254198722541,0.947815299034,0.0415762513876,-0.0509682819247,0.567420125008,-0.820797204971
0.789431631565,-0.0257708970457,0.947882652283,0.041845601052,-0.0504292100668,0.566151916981,-0.821692049503
0.788927853107,-0.0259566158056,0.947887539864,0.0415562279522,-0.0495052672923,0.564986467361,-0.822564661503
0.788494586945,-0.0261139385402,0.947902202606,0.0390222072601,-0.0490483865142,0.562886655331,-0.824154257774
0.788054049015,-0.026276782155,0.947945415974,0.0390458256006,-0.0488114766777,0.561679780483,-0.824990153313
0.787604570389,-0.0264557041228,0.94796615839,0.038748010993,-0.0480587519705,0.560451388359,-0.82588326931
0.787142217159,-0.0266528259963,0.948015034199,0.0415717884898,-0.0467977188528,0.560400187969,-0.82585310936
0.786712348461,-0.0268629658967,0.948099136353,0.041312340647,-0.0464209802449,0.559216558933,-0.826689302921
0.786264359951,-0.0270809978247,0.948196947575,0.0407480746508,-0.0468166843057,0.558230876923,-0.827360928059
0.78586268425,-0.0272761248052,0.948277175426,0.038566429168,-0.0465491078794,0.556285619736,-0.828789591789
0.785422563553,-0.0274740699679,0.948352515697,0.038937240839,-0.0459933318198,0.555239439011,-0.829504489899
0.78506064415,-0.027479082346,0.948365926743,0.0383821278811,-0.0457898154855,0.554273605347,-0.830187261105
0.784678757191,-0.0277158245444,0.948386788368,0.0381063073874,-0.045762706548,0.553289473057,-0.830857634544
0.784214437008,-0.0281239487231,0.948542654514,0.0390265695751,-0.0456840246916,0.552347779274,-0.83144569397
0.78375095129,-0.028418822214,0.948533952236,0.0414980240166,-0.045722335577,0.551983118057,-0.831565976143
0.783342897892,-0.0286340173334,0.948542654514,0.0392056778073,-0.0459113828838,0.550285339355,-0.832791209221
0.782898724079,-0.0288811903447,0.948544859886,0.0392208322883,-0.0458062142134,0.549523115158,-0.833299338818
0.782499611378,-0.0291432850063,0.948564887047,0.0391001291573,-0.0459665954113,0.548515021801,-0.833960175514
0.782134890556,-0.0293840616941,0.948606491089,0.038891389966,-0.0460061654449,0.547710776329,-0.83449614048
0.781777560711,-0.029602997005,0.948604762554,0.0388807877898,-0.0461995750666,0.546865284443,-0.835040271282
0.781422138214,-0.0298589579761,0.948676943779,0.0392033979297,-0.0464042648673,0.545923233032,-0.835630059242
0.781054496765,-0.0301021076739,0.948708832264,0.0385913327336,-0.0467339791358,0.544906258583,-0.836303710938
0.780748784542,-0.0303929615766,0.948765516281,0.0381669700146,-0.0468808040023,0.544218361378,-0.836762785912
0.780403256416,-0.0306560304016,0.948860824108,0.040520299226,-0.0471253842115,0.544533073902,-0.836433529854
0.780076026917,-0.0308807063848,0.948894202709,0.0380514897406,-0.0473513826728,0.542724370956,-0.837711274624
0.779808104038,-0.0311270095408,0.94890588522,0.0377557054162,-0.0473319292068,0.541924774647,-0.838243246078
0.779510915279,-0.031431440264,0.948962748051,0.0375735126436,-0.0472166463733,0.541213333607,-0.838717460632
0.779219686985,-0.0316990688443,0.948969304562,0.0371912904084,-0.0473123677075,0.540626883507,-0.839107215405
0.778872609138,-0.0319732278585,0.948998749256,0.0394078828394,-0.0475464984775,0.541252791882,-0.838589191437
0.778655827045,-0.0322385430336,0.949041306973,0.0370073989034,-0.0476002432406,0.53962790966,-0.839741885662
0.77846133709,-0.0325285308063,0.949057459831,0.0370869748294,-0.0477271750569,0.538863122463,-0.84022217989
0.778278946877,-0.0327766723931,0.949055552483,0.0366535671055,-0.0475910678506,0.538653671741,-0.840383172035
0.778016388416,-0.03307742998,0.94904088974,0.0367911681533,-0.0473205931485,0.538180649281,-0.840695381165
0.777861535549,-0.0333810672164,0.949058234692,0.0387357249856,-0.0474636554718,0.538911879063,-0.840131402016
0.777687072754,-0.033693972975,0.949060320854,0.0364029332995,-0.0473282262683,0.537569761276,-0.841102600098
0.77760720253,-0.0337617918849,0.949035406113,0.0359122045338,-0.0472028031945,0.537512481213,-0.841167390347
0.77743935585,-0.0340493693948,0.949093163013,0.0357111282647,-0.0471477881074,0.537320375443,-0.841301679611
0.777206361294,-0.0345342904329,0.949127793312,0.0365524291992,-0.0468778796494,0.537095785141,-0.841424107552
0.777140855789,-0.0345921255648,0.949117779732,0.0355485640466,-0.0470036193728,0.537380099297,-0.841278553009
0.776925384998,-0.0350777171552,0.949149727821,0.0363121554255,-0.0467576645315,0.537003457546,-0.841500163078
0.776765167713,-0.0353508964181,0.94913828373,0.0363220721483,-0.0467733219266,0.536984980106,-0.841510653496
0.776609778404,-0.0356128290296,0.949120461941,0.0384656041861,-0.0470008812845,0.538086593151,-0.840698540211
0.776500225067,-0.0359368659556,0.949204444885,0.0362326949835,-0.0471763573587,0.537013888359,-0.841473519802
0.776438474655,-0.0362501069903,0.949250161648,0.0359520688653,-0.0472012497485,0.537430882454,-0.841217875481
0.776331543922,-0.0365601815283,0.949270248413,0.0365467369556,-0.0462795607746,0.537389457226,-0.84126996994
0.776185452938,-0.0368768535554,0.949284732342,0.0367569290102,-0.0459305159748,0.537805318832,-0.841014146805
0.776080667973,-0.0371670238674,0.949282765388,0.0367428772151,-0.0459837652743,0.537993431091,-0.840891540051
0.775987267494,-0.0374351739883,0.949313223362,0.0368447266519,-0.0460546910763,0.538285911083,-0.840695977211
0.775919556618,-0.0377297699451,0.949384450912,0.0366053320467,-0.0459927767515,0.538410842419,-0.840629816055
0.775848567486,-0.0381022132933,0.94940084219,0.0368399098516,-0.045814268291,0.538707852364,-0.840439021587
0.775770962238,-0.0383699312806,0.949436306953,0.0368458256125,-0.045789282769,0.539029300213,-0.840233981609
0.775670707226,-0.0386351495981,0.949435770512,0.0368017368019,-0.0459505543113,0.539329111576,-0.840034723282
0.775580406189,-0.0389059633017,0.949453830719,0.0367583893239,-0.046148866415,0.539918124676,-0.839647293091
0.775509238243,-0.0392227694392,0.949500024319,0.0370852202177,-0.0460792481899,0.540218651295,-0.839443385601
0.775397539139,-0.0395724624395,0.949574351311,0.0374425053596,-0.0460714325309,0.54073113203,-0.83909791708
0.775282204151,-0.0398555658758,0.949634671211,0.0373320840299,-0.0462632849813,0.541330873966,-0.838705539703
0.775226891041,-0.0401529707015,0.949693262577,0.0374853014946,-0.0464899465442,0.541862666607,-0.838342666626
0.775210678577,-0.0404551587999,0.949749588966,0.0376398898661,-0.0463925115764,0.542321503162,-0.838044404984
0.775156736374,-0.0407532714307,0.949824571609,0.0381339266896,-0.0464991629124,0.542778730392,-0.837720036507
0.775153577328,-0.0410388633609,0.949885845184,0.0380763038993,-0.0465884543955,0.543491482735,-0.83725553751
0.775123238564,-0.0412970408797,0.949911355972,0.0383057184517,-0.0472357980907,0.543914794922,-0.836933732033
0.775098979473,-0.0415654815733,0.94993942976,0.0382565967739,-0.0472153089941,0.54446876049,-0.836576938629
0.775099515915,-0.0418613962829,0.949970543385,0.0383045300841,-0.0478462688625,0.545017957687,-0.836181163788
0.774974226952,-0.0421728305519,0.949949204922,0.0385405346751,-0.0482856109738,0.545612514019,-0.835757255554
0.774917185307,-0.0424629487097,0.949973702431,0.0387173965573,-0.0486610904336,0.546117007732,-0.835397660732
0.774853229523,-0.0427552908659,0.9500015378,0.0417457558215,-0.0484271980822,0.547453701496,-0.834389925003
0.774814486504,-0.0430833138525,0.950086116791,0.0396255329251,-0.0486609525979,0.54710650444,-0.83470749855
0.774845480919,-0.0431760698557,0.950067818165,0.0393447130919,-0.0489960126579,0.547700166702,-0.834311664104
0.774820506573,-0.0434525646269,0.950090706348,0.0415216609836,-0.0492370575666,0.549381732941,-0.833085536957
0.774734556675,-0.0439479351044,0.950184583664,0.0401624664664,-0.0495777241886,0.548746585846,-0.833550393581
0.774733781815,-0.0442699529231,0.950228631496,0.0402986891568,-0.0497354827821,0.549348115921,-0.833138108253
0.77468341589,-0.0445835329592,0.950249731541,0.0406348630786,-0.0499483719468,0.550057113171,-0.832641065121
0.774641573429,-0.0448915585876,0.95024484396,0.0429682955146,-0.0503291226923,0.551791608334,-0.831352353096
0.774607181549,-0.0450054556131,0.950212955475,0.0404017269611,-0.0509037747979,0.551631331444,-0.831552386284
0.774537682533,-0.0453292392194,0.950236201286,0.0407739877701,-0.0512175224721,0.55236518383,-0.831027686596
0.774432420731,-0.0458277985454,0.950330972672,0.0413964278996,-0.0512342713773,0.553020060062,-0.830560147762
0.774473845959,-0.0459193326533,0.950290739536,0.0411825813353,-0.0517149008811,0.553711056709,-0.830080509186
0.774367511272,-0.0464380532503,0.95038318634,0.04195086658,-0.0518625378609,0.554357111454,-0.82960152626
0.77434194088,-0.0467225499451,0.95040178299,0.0421494580805,-0.0519300401211,0.555278599262,-0.828970789909
0.77437967062,-0.0468871742487,0.950389206409,0.0420191623271,-0.0522395968437,0.556172847748,-0.82835817337
0.774307131767,-0.0471677333117,0.950390815735,0.0423081219196,-0.0528173670173,0.556993365288,-0.827755212784
0.77422863245,-0.0476616770029,0.950392663479,0.0428858883679,-0.0532872900367,0.557640850544,-0.827259302139
0.774161219597,-0.0479230135679,0.950383603573,0.0452295020223,-0.0541482456028,0.559319376945,-0.825944364071
0.774074792862,-0.0482557937503,0.950349450111,0.0431138798594,-0.0543531887233,0.559495866299,-0.825924515724
0.773987948895,-0.0485366508365,0.95031362772,0.0436454117298,-0.054931435734,0.560286819935,-0.82532197237
0.774006783962,-0.0486183986068,0.950243413448,0.0433590896428,-0.0553026422858,0.561249732971,-0.824657797813
0.773901700974,-0.0489142164588,0.950225353241,0.04363322258,-0.0559181533754,0.562237977982,-0.823928356171
0.773889064789,-0.0492082759738,0.950242519379,0.04386729002,-0.056127615273,0.563311755657,-0.823167741299
0.773759663105,-0.0496187880635,0.950287938118,0.0445865243673,-0.0564816184342,0.564011573792,-0.82262557745
0.77368080616,-0.0498315058649,0.950306773186,0.0470203645527,-0.057330172509,0.565794110298,-0.82120603323
0.774356484413,-0.0497144162655,0.949956417084,0.0432261377573,-0.0565755814314,0.566661119461,-0.820869028568
0.773655116558,-0.0496671833098,0.950093328953,0.045685287565,-0.0585935600102,0.5682259202,-0.819511473179
0.773539543152,-0.049807280302,0.949998140335,0.0459333285689,-0.0595572032034,0.569398880005,-0.818613469601
0.773404479027,-0.050807017833,0.950251460075,0.0456706881523,-0.0592664368451,0.569202303886,-0.818785905838
0.773380219936,-0.0510394349694,0.950291335583,0.0481752827764,-0.0585873574018,0.571342289448,-0.817199230194
0.773368418217,-0.0512762218714,0.950363755226,0.048126231879,-0.0590064898133,0.572508394718,-0.816355466843
0.773345649242,-0.0509839504957,0.950287818909,0.0469976253808,-0.0604694373906,0.573670148849,-0.815498173237
0.773192882538,-0.0516985282302,0.950329363346,0.0479817129672,-0.0604472346604,0.57475477457,-0.814678370953
0.773152887821,-0.0519248209894,0.950334131718,0.0480160675943,-0.0609873682261,0.575971543789,-0.813776254654
0.773111462593,-0.0517134442925,0.950219511986,0.0470293164253,-0.0618180632591,0.577435791492,-0.812732875347
0.772117972374,-0.0528905801475,0.94917345047,0.0501083992422,-0.0624836310744,0.57766109705,-0.812337756157
0.772411763668,-0.0527019165456,0.949228107929,0.0492232963443,-0.0624285675585,0.579565107822,-0.811038851738
0.772347033024,-0.0528637506068,0.949267923832,0.0489456839859,-0.0625312030315,0.580944657326,-0.810060143471
0.772242665291,-0.0530404523015,0.949313402176,0.0492911227047,-0.0629359185696,0.58219575882,-0.809109091759
0.772754430771,-0.0527941845357,0.950220108032,0.0480614006519,-0.062882900238,0.584030091763,-0.807864367962
0.772659182549,-0.0529748871922,0.950222969055,0.0483960099518,-0.0635562986135,0.585348248482,-0.806837022305
0.772639274597,-0.0531826652586,0.950223326683,0.0480471588671,-0.0644606202841,0.586367487907,-0.806045651436
0.772639751434,-0.0535152107477,0.950303196907,0.0485121756792,-0.0646073073149,0.587563335896,-0.80513459444
0.772422790527,-0.0540150515735,0.950399696827,0.0484725683928,-0.0648709461093,0.588676095009,-0.804302632809
0.772338330746,-0.0541827566922,0.95042014122,0.0488092042506,-0.0660104677081,0.591616332531,-0.802028894424
0.772311985493,-0.0543614476919,0.950445353985,0.0482840687037,-0.0660161525011,0.592267453671,-0.801579535007
0.77228218317,-0.0545623861253,0.950513720512,0.0493000522256,-0.0658332556486,0.593916714191,-0.80031144619
0.772224247456,-0.0547568798065,0.95051753521,0.0486184880137,-0.0661457702518,0.594714939594,-0.799734413624
0.772155940533,-0.0549040175974,0.950472831726,0.0483115389943,-0.0674550011754,0.59717720747,-0.797806501389
0.772120773792,-0.0550890862942,0.950482666492,0.0493915453553,-0.0668453350663,0.59901535511,-0.796412467957
0.772078633308,-0.0552922897041,0.950451135635,0.048437397927,-0.0677399635315,0.600417733192,-0.795338690281
0.771960139275,-0.0554529316723,0.950436711311,0.0485916547477,-0.0680584535003,0.601985871792,-0.794115841389
0.771879792213,-0.0556177608669,0.950409412384,0.0492529831827,-0.0687639415264,0.604501843452,-0.79210048914
0.771811842918,-0.0557968951762,0.95040166378,0.0497111044824,-0.0689057260752,0.606275975704,-0.790702402592
0.772002756596,-0.0558063387871,0.950292646885,0.0495580099523,-0.0687044262886,0.608167350292,-0.789275825024
0.772325873375,-0.0557679086924,0.950153470039,0.0484942831099,-0.0691581815481,0.609325885773,-0.788408219814
0.772703289986,-0.0556815862656,0.950003623962,0.047619972378,-0.0692310929298,0.612337052822,-0.786118865013
0.772562325001,-0.056281812489,0.950642645359,0.04878167063,-0.0689713805914,0.613729178905,-0.784983992577
0.772496938705,-0.056479871273,0.950603604317,0.0477085076272,-0.0687239319086,0.614445447922,-0.78451114893
0.772549986839,-0.0565842054784,0.950632333755,0.0484879612923,-0.068919070065,0.616891622543,-0.782524108887
0.77243077755,-0.0566935688257,0.950664639473,0.0485959276557,-0.0692298263311,0.618312656879,-0.781367480755
0.772190749645,-0.0568638034165,0.950640439987,0.0489450097084,-0.0698750913143,0.620155215263,-0.779826521873
0.772060453892,-0.0570150241256,0.95066010952,0.0491772666574,-0.0698809698224,0.621759533882,-0.778532862663
0.771964609623,-0.0571254529059,0.950654745102,0.0489165186882,-0.0700556635857,0.623497366905,-0.777142465115
0.771410405636,-0.0573831945658,0.950363874435,0.0495686456561,-0.0704241916537,0.624803841114,-0.776017725468
0.771263718605,-0.057449888438,0.950338661671,0.0492838770151,-0.0705967247486,0.626323461533,-0.774794220924
0.771101653576,-0.0575164854527,0.950320482254,0.0491651408374,-0.0707506462932,0.628149628639,-0.773307919502
0.77090036869,-0.0575673654675,0.950273454189,0.0492093041539,-0.0709022954106,0.629675447941,-0.772049307823
0.7707015872,-0.0576397031546,0.950254738331,0.0492209754884,-0.0704551339149,0.630804002285,-0.771167755127
0.770632147789,-0.0576577484608,0.950219333172,0.0483277887106,-0.0699637532234,0.631637215614,-0.770586848259
0.770246565342,-0.0578153468668,0.950140655041,0.048059631139,-0.0707418322563,0.633223235607,-0.769229650497
0.770038545132,-0.0578909665346,0.950129687786,0.0480824075639,-0.0706183090806,0.634859621525,-0.767889618874
0.769851922989,-0.0579488575459,0.950116872787,0.0456604883075,-0.0702346116304,0.636903643608,-0.766378581524
0.769713401794,-0.0580447018147,0.950125932693,0.0453966148198,-0.0700981020927,0.638437688351,-0.765129268169
0.769538879395,-0.0581051073968,0.950135648251,0.0450104400516,-0.0702884048223,0.639641225338,-0.764128804207
0.769400775433,-0.0582023486495,0.95018017292,0.0456284955144,-0.0705930441618,0.641133904457,-0.762812018394
0.76933246851,-0.058244228363,0.950098693371,0.0458671525121,-0.0704000964761,0.642866075039,-0.76135623455
0.769342899323,-0.0582910329103,0.949978709221,0.0453488007188,-0.0703199356794,0.644393801689,-0.76010209322
0.769489884377,-0.0581896081567,0.949712693691,0.0428361408412,-0.0685270428658,0.645756483078,-0.75925475359
0.768650949001,-0.0583603158593,0.950014173985,0.0441669635475,-0.0695958137512,0.646832466125,-0.758164584637
0.768376946449,-0.0584053099155,0.949985086918,0.0457974374294,-0.0711737200618,0.648406028748,-0.756575584412
0.76821243763,-0.0583674758673,0.949936211109,0.0456042475998,-0.0716215446591,0.649783015251,-0.755362689495
0.767929196358,-0.0584427118301,0.949913084507,0.0458032898605,-0.0720250159502,0.651035904884,-0.754232645035
0.767641782761,-0.05845149979,0.949867248535,0.0456430390477,-0.072158254683,0.652314543724,-0.753123998642
0.767373800278,-0.0584922991693,0.949826598167,0.0441449843347,-0.0708908066154,0.653315186501,-0.752465903759
0.767146587372,-0.058504909277,0.949695706367,0.0455844886601,-0.0725619718432,0.655090451241,-0.750675201416
0.766943335533,-0.0585445910692,0.949598431587,0.0451310575008,-0.0724687352777,0.656059861183,-0.749864637852
0.766683995724,-0.0586053468287,0.949567735195,0.0451141856611,-0.0727039054036,0.657606959343,-0.748486459255
0.766232311726,-0.0587734505534,0.949753880501,0.0465783849359,-0.0741988644004,0.658186256886,-0.747740447521
0.765965521336,-0.0587942562997,0.949610769749,0.0471197366714,-0.0739812403917,0.660030722618,-0.746100604534
0.765791237354,-0.0588139817119,0.949664831161,0.0457339733839,-0.0727135688066,0.660909354687,-0.74553334713
0.765508055687,-0.0588087886572,0.949644386768,0.0469716005027,-0.0728193819523,0.662599742413,-0.743944108486
0.765261054039,-0.0588786825538,0.949627459049,0.0473683699965,-0.0737807527184,0.663811564445,-0.74274289608
0.765036404133,-0.0588971562684,0.949585556984,0.0472839735448,-0.0746801793575,0.664799153805,-0.741774380207
0.76481872797,-0.0589337572455,0.949534773827,0.0463658683002,-0.0731811076403,0.665582835674,-0.741278767586
0.764585077763,-0.058940783143,0.949532210827,0.0479570701718,-0.0744276717305,0.667207598686,-0.739590883255
0.764256000519,-0.0589641109109,0.949415624142,0.0481443665922,-0.0740156546235,0.668677270412,-0.738291740417
0.763954281807,-0.0590173974633,0.949323415756,0.0482390634716,-0.074421659112,0.669739067554,-0.737281382084
0.763795018196,-0.0590806677938,0.949397087097,0.0481664575636,-0.07265689224,0.671102643013,-0.7362216115
0.763551533222,-0.0590940155089,0.949383795261,0.0470182001591,-0.071648158133,0.671960771084,-0.735611736774
0.763312697411,-0.0590951964259,0.94940495491,0.048861593008,-0.0724944621325,0.673758327961,-0.733762204647
0.762679934502,-0.0592158026993,0.949594199657,0.0497646443546,-0.0730344429612,0.674894750118,-0.732602655888
0.762462079525,-0.0592221915722,0.94958037138,0.0505086183548,-0.0723103284836,0.67633253336,-0.731296420097
0.762205719948,-0.0593727640808,0.949625611305,0.0505856275558,-0.0720371380448,0.677370905876,-0.730356395245
0.76199567318,-0.0593174509704,0.949594438076,0.0512520186603,-0.0716162994504,0.678944051266,-0.728889107704
0.761785387993,-0.0593132004142,0.949584066868,0.0509061329067,-0.071284763515,0.679787635803,-0.728159308434
0.761681497097,-0.0591142214835,0.949478447437,0.0515336208045,-0.0704591050744,0.680950164795,-0.727108418941
0.761444151402,-0.0592906661332,0.949519217014,0.0515601970255,-0.0709255859256,0.68291169405,-0.725219070911
0.762122571468,-0.0592564046383,0.949930250645,0.0516744889319,-0.0690454766154,0.685475945473,-0.722969830036
0.761141359806,-0.0587902031839,0.949331998825,0.0513849109411,-0.0694264099002,0.686266124249,-0.722203850746
0.760849952698,-0.058918312192,0.949348330498,0.0520567595959,-0.0689221173525,0.687762200832,-0.72077947855
0.761805534363,-0.0590561106801,0.949534714222,0.0521033853292,-0.0673158839345,0.69036334753,-0.718437373638
0.761591613293,-0.0589576922357,0.949492990971,0.0517444089055,-0.0663145408034,0.691484093666,-0.717478096485
0.761007189751,-0.0589715465903,0.949599683285,0.0549075976014,-0.0669726878405,0.692021787167,-0.716662883759
0.760796368122,-0.0588886141777,0.949683368206,0.0541668348014,-0.0672910287976,0.693731129169,-0.7150349617
0.760572493076,-0.0587543621659,0.949621319771,0.0542115494609,-0.0661396831274,0.695162951946,-0.71374720335
0.760344386101,-0.058853879571,0.949658155441,0.0549493320286,-0.0657974034548,0.696245670319,-0.712666332722
0.760060429573,-0.0587942227721,0.94963824749,0.0581592395902,-0.0674378424883,0.697255432606,-0.711269617081
0.760034322739,-0.0583631433547,0.949529707432,0.0551838167012,-0.0658366754651,0.698711633682,-0.710227072239
0.759716451168,-0.0583371147513,0.949570834637,0.0567653141916,-0.0667217299342,0.700060784817,-0.708689451218
0.759466230869,-0.0581855364144,0.949537396431,0.0565910413861,-0.065645121038,0.700994074345,-0.707881033421
0.759298026562,-0.0582512319088,0.949740231037,0.0585444681346,-0.0656353980303,0.701218903065,-0.707500219345
0.759086191654,-0.0581466034055,0.94965171814,0.0576126761734,-0.0650776773691,0.702939808369,-0.705918848515
0.7589225173,-0.0578404031694,0.949842810631,0.0574145875871,-0.0654793381691,0.703706085682,-0.705133914948
0.758788883686,-0.0575187020004,0.949720859528,0.0577537864447,-0.0654869005084,0.705183386803,-0.703628003597
0.758619904518,-0.0573146604002,0.949765205383,0.0582918263972,-0.0665889382362,0.705975115299,-0.702685534954
0.758431971073,-0.0573174133897,0.949862718582,0.0584685206413,-0.0647681578994,0.706675112247,-0.702137410641
0.758259892464,-0.0571532323956,0.949908077717,0.0591161884367,-0.0649402886629,0.707627773285,-0.701106905937
0.758140206337,-0.0569426342845,0.949945092201,0.0600716918707,-0.065645955503,0.70858091116,-0.699996471405
0.758004069328,-0.0568001717329,0.949966490269,0.0598938204348,-0.0638952329755,0.708862304688,-0.699888825417
0.757245898247,-0.0560035482049,0.949342310429,0.0595772154629,-0.0662193074822,0.709426105022,-0.69912815094
0.757139861584,-0.0558555833995,0.94937735796,0.061734110117,-0.0659454166889,0.710461914539,-0.697914063931
0.75700378418,-0.0558736547828,0.94944858551,0.0627243742347,-0.0651107951999,0.710666656494,-0.697695612907
0.756937205791,-0.0556804798543,0.949448645115,0.0609024018049,-0.0645799338818,0.710518538952,-0.698057115078
0.756795406342,-0.0554979033768,0.949501395226,0.0635050237179,-0.0640874803066,0.711781740189,-0.696582317352
0.756724178791,-0.0553468726575,0.949518203735,0.0638642385602,-0.0632667690516,0.712088882923,-0.696310400963
0.757361650467,-0.0556687936187,0.950070202351,0.0632759928703,-0.0604658685625,0.712484776974,-0.696207940578
0.757419586182,-0.0554443970323,0.950179338455,0.0642715618014,-0.0606294497848,0.712928652763,-0.695647954941
0.757399439812,-0.0552679076791,0.950246393681,0.0642527192831,-0.0597533769906,0.713374316692,-0.695268392563
0.757351815701,-0.0550853684545,0.950228333473,0.0636657848954,-0.058396846056,0.713575601578,-0.69523113966
0.757338881493,-0.0549491643906,0.950223326683,0.0643413737416,-0.0571510456502,0.713854551315,-0.694986045361
0.757307529449,-0.0548248924315,0.95027089119,0.0649858191609,-0.0564039684832,0.714016318321,-0.694820940495
0.757244169712,-0.0547814592719,0.950290083885,0.0645789951086,-0.0556320510805,0.714060306549,-0.694875955582
0.757342875004,-0.054597876966,0.95019942522,0.065364420414,-0.0564456358552,0.714183807373,-0.694609880447
0.757337808609,-0.0545310229063,0.950206160545,0.0657794475555,-0.0537670440972,0.714277088642,-0.69468742609
0.757262945175,-0.0546752661467,0.95029681921,0.0656798705459,-0.0534935034811,0.713938236237,-0.695066034794
0.757359802723,-0.0546643026173,0.950320959091,0.0660645514727,-0.0520979687572,0.713789045811,-0.695288836956
0.75747179985,-0.0543680265546,0.950312077999,0.0677347630262,-0.0508062765002,0.713847756386,-0.695163488388
0.757493197918,-0.0542898401618,0.950376987457,0.0681637525558,-0.050367757678,0.713801681995,-0.695200681686
0.757519841194,-0.0542697384953,0.950411498547,0.0687659680843,-0.048868432641,0.713855922222,-0.695192754269
0.757692813873,-0.0541517138481,0.950479149818,0.0679379999638,-0.0486685074866,0.713391304016,-0.695764958858
0.757422268391,-0.0539323911071,0.95032954216,0.0694144517183,-0.0482714623213,0.713046312332,-0.696000337601
0.757497787476,-0.0538654439151,0.950343489647,0.0697987824678,-0.0469339042902,0.713122367859,-0.695975482464
0.757644891739,-0.0537487193942,0.950352907181,0.0697834715247,-0.0457889474928,0.712795972824,-0.696387469769
0.757793903351,-0.0542162247002,0.95065176487,0.0699810832739,-0.0441387966275,0.712287425995,-0.696994364262
0.757854580879,-0.0541303753853,0.950677752495,0.0712288096547,-0.0434884876013,0.712286233902,-0.696909964085
0.757939398289,-0.0540925934911,0.950759470463,0.0718307495117,-0.0420924648643,0.71220946312,-0.697012364864
0.758022725582,-0.054027967155,0.950857639313,0.0721019431949,-0.0416206307709,0.711811721325,-0.697418928146
0.758120000362,-0.0539020523429,0.950884342194,0.0717305988073,-0.0412721075118,0.711389899254,-0.697908222675
0.75823777914,-0.0538269132376,0.950910270214,0.0730526298285,-0.0394490249455,0.711214721203,-0.698054969311
0.758320093155,-0.0536185763776,0.950867593288,0.0721264258027,-0.0393800362945,0.710908412933,-0.698466897011
0.758440136909,-0.0536036118865,0.95093357563,0.0734356418252,-0.0383769832551,0.710627198219,-0.698672652245
0.758498251438,-0.053570266813,0.950950741768,0.0739837959409,-0.0373523198068,0.710313737392,-0.698989152908
0.75852650404,-0.0534819029272,0.95094025135,0.0713857039809,-0.0381690748036,0.709362268448,-0.70018029213
0.758645534515,-0.0534271933138,0.950949192047,0.0743876546621,-0.0363425724208,0.709770619869,-0.699550867081
0.758007824421,-0.0530293397605,0.950507640839,0.0732502564788,-0.0379490554333,0.708920121193,-0.700447499752
0.757972359657,-0.0532182790339,0.950639605522,0.0739355012774,-0.0368528962135,0.707770764828,-0.701595366001
0.758762359619,-0.0535068251193,0.951269924641,0.0759063363075,-0.0355174914002,0.707926690578,-0.701296448708
0.758783757687,-0.0534862093627,0.951304316521,0.0758971571922,-0.0327707491815,0.707970201969,-0.701387107372
0.758192658424,-0.05321348086,0.950961530209,0.0766763687134,-0.0337787233293,0.707204163074,-0.702027082443
0.758635401726,-0.0533798150718,0.951195895672,0.0770280882716,-0.0318434946239,0.70720744133,-0.702075660229
0.757989645004,-0.0528337024152,0.950652718544,0.0773144960403,-0.0325882658362,0.706844329834,-0.702375650406
0.758623957634,-0.0532746613026,0.951249301434,0.0777162909508,-0.0298583265394,0.706573963165,-0.702724635601
0.757970631123,-0.0527110770345,0.950714528561,0.0781753733754,-0.0315548181534,0.70606559515,-0.703110516071
0.758553445339,-0.0530555099249,0.951227724552,0.0797504037619,-0.0291664265096,0.706037342548,-0.703065276146
0.758602678776,-0.0528033338487,0.951203405857,0.0792060866952,-0.0300972014666,0.70577865839,-0.703347086906
0.758492350578,-0.0529057458043,0.951281964779,0.0808711647987,-0.029304228723,0.705533087254,-0.703437507153
0.75845515728,-0.0527956299484,0.951296627522,0.0804745703936,-0.0295632947236,0.704886078835,-0.704120457172
0.758441567421,-0.0526786483824,0.951314747334,0.0808619037271,-0.0290627032518,0.704668998718,-0.704314112663
0.758032619953,-0.0521933734417,0.951064348221,0.0810969024897,-0.028290271759,0.704081118107,-0.704906284809
0.758025050163,-0.05205392465,0.951157867908,0.0812283530831,-0.0284495130181,0.703733444214,-0.705231666565
0.758008480072,-0.0519565604627,0.951175034046,0.0821862518787,-0.0282291416079,0.703670501709,-0.705192446709
0.757968783379,-0.0519168712199,0.951135098934,0.0817972645164,-0.0269344430417,0.703238248825,-0.705719351768
0.75852149725,-0.0521115884185,0.951475203037,0.0820968672633,-0.0258031822741,0.703333199024,-0.705632090569
0.758459329605,-0.0519561544061,0.951480984688,0.0829268693924,-0.0257796552032,0.703254282475,-0.705614507198
0.758412957191,-0.0517848879099,0.951450526714,0.0838039144874,-0.0269533246756,0.702908754349,-0.70581138134
0.758490860462,-0.0515062175691,0.951340436935,0.0830438137054,-0.0255275089294,0.70278018713,-0.706082284451
0.758438050747,-0.0513542443514,0.951306521893,0.0830609127879,-0.0255295354873,0.702297687531,-0.706560134888
0.758358120918,-0.0512485206127,0.951298952103,0.083705060184,-0.0256475955248,0.702056586742,-0.706719338894
0.758289575577,-0.0512703247368,0.951362133026,0.0842907652259,-0.0254679303616,0.701818823814,-0.706892430782
0.758276104927,-0.0511423200369,0.951345920563,0.0841451659799,-0.0246124286205,0.701462388039,-0.707293570042
0.758251845837,-0.0510199330747,0.951343238354,0.0848743543029,-0.0245868265629,0.701248466969,-0.707419633865
0.758240938187,-0.0508887097239,0.951346874237,0.08511184901,-0.024578532204,0.701266288757,-0.707373678684
0.758222818375,-0.0507847219706,0.951345860958,0.0853380337358,-0.0245444122702,0.701121330261,-0.707491338253
0.758205831051,-0.0506664998829,0.951351881027,0.0855507850647,-0.0244497023523,0.700986266136,-0.707602679729
0.758202373981,-0.0505738966167,0.951347768307,0.0858428552747,-0.0240620281547,0.70077162981,-0.707793295383
0.758188426495,-0.0504732243717,0.951342403889,0.0861711502075,-0.0240759961307,0.700583100319,-0.707939505577
0.758165895939,-0.05033544451,0.951309740543,0.0867854952812,-0.0242210514843,0.700413584709,-0.708027124405
0.758139431477,-0.0501901581883,0.951309144497,0.0869748964906,-0.0243620742112,0.70026922226,-0.708141863346
0.758135795593,-0.0501155816019,0.95128762722,0.0872253999114,-0.024261964485,0.700189888477,-0.708193004131
0.758138537407,-0.0500095188618,0.951294600964,0.0875668302178,-0.0240282956511,0.700007557869,-0.708339035511
0.758145272732,-0.0499189905822,0.9512976408,0.0877935290337,-0.024075653404,0.699728667736,-0.708584845066
0.758136093616,-0.0497442819178,0.951302230358,0.0878747701645,-0.0243683811277,0.699531137943,-0.708759844303
0.758218288422,-0.0495865345001,0.95131868124,0.087556488812,-0.024958267808,0.699243545532,-0.709062457085
0.758307933807,-0.0494289286435,0.9513053298,0.087417177856,-0.0249830149114,0.699120879173,-0.709199666977
0.758384525776,-0.0491888560355,0.95123565197,0.0873736590147,-0.0265229772776,0.699117541313,-0.709152281284
0.758372008801,-0.0492670312524,0.951318979263,0.0875725448132,-0.024526309222,0.698666334152,-0.709644198418
0.75845181942,-0.0490445606411,0.951256334782,0.0880036577582,-0.0246497932822,0.69872045517,-0.709533452988
0.758498907089,-0.0489744618535,0.951248049736,0.088080637157,-0.0246521160007,0.698531329632,-0.709709882736
0.758526623249,-0.0489716865122,0.951241314411,0.0882173627615,-0.0249276589602,0.698259472847,-0.70995080471
0.75857847929,-0.0489213243127,0.951252281666,0.0880402475595,-0.0250069443136,0.698134481907,-0.710092842579
0.758672237396,-0.0488733239472,0.951285839081,0.0876809433103,-0.0248933956027,0.698053598404,-0.710220873356
0.758734941483,-0.0488299205899,0.951298415661,0.0881213843822,-0.0247478447855,0.697756111622,-0.710463762283
0.75882422924,-0.0487998835742,0.95129019022,0.0877135396004,-0.0241188723594,0.697378337383,-0.710906505585
0.758835971355,-0.0489168055356,0.951370835304,0.0881496593356,-0.0237287450582,0.697158396244,-0.711081445217
0.758910417557,-0.0487353615463,0.951303362846,0.0884813815355,-0.0238440334797,0.697344243526,-0.710854291916
0.758978664875,-0.0487153418362,0.9513194561,0.0885140746832,-0.0235847253352,0.697207868099,-0.710992395878
0.758988559246,-0.0488530099392,0.951403319836,0.0880489349365,-0.0232178661972,0.696909964085,-0.711354315281
0.759155273438,-0.0486241541803,0.951407432556,0.0878828987479,-0.0231758411974,0.696865618229,-0.711419641972
0.759173214436,-0.0487390458584,0.951506078243,0.088177934289,-0.0226990096271,0.696626722813,-0.711632430553
0.759230494499,-0.0487151257694,0.951533615589,0.0888846516609,-0.0223361495882,0.696674764156,-0.711508870125
0.759337365627,-0.0485505312681,0.951477229595,0.0885847359896,-0.022234192118,0.696712136269,-0.711512923241
0.75940400362,-0.0487032607198,0.951578140259,0.0889813899994,-0.0213751737028,0.696543693542,-0.711654663086
0.759508192539,-0.0485307574272,0.951529920101,0.0885135903955,-0.0213330518454,0.696643173695,-0.711616814137
0.759561598301,-0.0486987195909,0.951626956463,0.0882595777512,-0.0208057127893,0.696338832378,-0.711961865425
0.759675204754,-0.0486765094101,0.951640546322,0.0882142260671,-0.0204454641789,0.696270465851,-0.712044775486
0.75971955061,-0.0486706346273,0.951638460159,0.088266864419,-0.0201739445329,0.696177840233,-0.712136507034
0.759696424007,-0.048714954406,0.95164680481,0.0891297906637,-0.0199559945613,0.696315526962,-0.711900532246
0.759745717049,-0.0487174019217,0.951660633087,0.0893000662327,-0.019425785169,0.696265876293,-0.711942374706
0.759783625603,-0.0487126857042,0.951660275459,0.0889442935586,-0.0190608184785,0.696238577366,-0.712023556232
0.759814381599,-0.0486963167787,0.95165348053,0.088959492743,-0.0189105141908,0.696217477322,-0.712046384811
0.75986802578,-0.0487021207809,0.951632022858,0.0887695476413,-0.0190076157451,0.696113705635,-0.712168872356
0.759930253029,-0.0485449358821,0.951566398144,0.0886835753918,-0.0185862407088,0.696312904358,-0.711995959282
0.759942948818,-0.0485298894346,0.951571583748,0.0892502143979,-0.0184722729027,0.696324288845,-0.711916923523
0.759900331497,-0.0486769899726,0.951643526554,0.0896037071943,-0.0178566407412,0.696161389351,-0.712047636509
0.759959280491,-0.0484855249524,0.951564729214,0.0892814546824,-0.0176635608077,0.696415543556,-0.711844205856
0.759959101677,-0.0484722964466,0.951572179794,0.0892770811915,-0.0175892096013,0.696254611015,-0.712004125118
0.759954452515,-0.0484639443457,0.951579511166,0.0894313082099,-0.0172191280872,0.696415245533,-0.711836695671
0.759945571423,-0.0484508424997,0.951581060886,0.0894305557013,-0.0169783290476,0.696334302425,-0.711921691895
0.759929597378,-0.0484382025898,0.951586663723,0.0894831195474,-0.0168083794415,0.696376264095,-0.711878061295
0.759870588779,-0.0485736988485,0.951661229134,0.0898053944111,-0.0164998695254,0.696342051029,-0.711878120899
0.759896814823,-0.0484119690955,0.951586127281,0.0894526690245,-0.0165057014674,0.696423470974,-0.71184271574
0.759875655174,-0.0483921989799,0.951590061188,0.0896783843637,-0.0168652143329,0.696155309677,-0.712068259716
0.759853303432,-0.0483826510608,0.95158624649,0.0897673666477,-0.0168154072016,0.696156382561,-0.712057113647
0.759800255299,-0.0483632162213,0.951603531837,0.0898910164833,-0.0168055463582,0.696171998978,-0.712026596069
0.759780883789,-0.0483519211411,0.951595187187,0.0898308083415,-0.0171253588051,0.695941090584,-0.71225219965
0.75975716114,-0.0483395643532,0.951598405838,0.0898107141256,-0.0170640461147,0.695923805237,-0.712273061275
0.75973957777,-0.0483324974775,0.951587557793,0.0899020880461,-0.0170441418886,0.695927202702,-0.712258636951
0.759715855122,-0.0483105182648,0.951584160328,0.0892105549574,-0.0169855132699,0.695579588413,-0.712686479092
0.759695410728,-0.0483022406697,0.951576769352,0.0892690494657,-0.0169169846922,0.695595443249,-0.712665259838
0.759720504284,-0.0483359619975,0.951680243015,0.0892834588885,-0.0162928588688,0.695824921131,-0.712454140186
0.759581565857,-0.0482466965914,0.951575219631,0.0895244628191,-0.0163492821157,0.696367263794,-0.711892306805
0.759625613689,-0.0482928268611,0.951652765274,0.0895351693034,-0.016085119918,0.696323096752,-0.711940288544
0.75959610939,-0.0482721664011,0.95165258646,0.0896434262395,-0.0164785664529,0.69612967968,-0.712106704712
0.759571433067,-0.0482638515532,0.951649725437,0.0896025970578,-0.015925925225,0.696408867836,-0.711851418018
0.759383797646,-0.0481979623437,0.951539814472,0.0897775515914,-0.0162259917706,0.696548879147,-0.711685657501
0.759353339672,-0.0481805354357,0.951537668705,0.0898037105799,-0.016184175387,0.69659358263,-0.711639583111
0.759326457977,-0.0481581762433,0.951537966728,0.0898552462459,-0.0165905039757,0.696382939816,-0.711829662323
0.759304940701,-0.0481448844075,0.951533794403,0.0898723676801,-0.0165374912322,0.696415543556,-0.711797118187
0.759281814098,-0.0481243766844,0.951536476612,0.089875549078,-0.0165141783655,0.696461856365,-0.711751878262
0.759283185005,-0.0481980480254,0.951597929001,0.090037278831,-0.0162552315742,0.696426868439,-0.711771607399
0.759242534637,-0.0480775944889,0.951534867287,0.0898663923144,-0.0164151508361,0.696548640728,-0.711670279503
0.759225606918,-0.0480592437088,0.951530516148,0.089868158102,-0.0163784474134,0.696592390537,-0.71162801981
0.759156405926,-0.0481876321137,0.951604127884,0.0902794525027,-0.016328305006,0.696476697922,-0.711690425873
0.759141981602,-0.0481678619981,0.951604247093,0.0902374386787,-0.0160519201308,0.696595728397,-0.711585462093
0.759123682976,-0.0481418855488,0.951597213745,0.0902174264193,-0.0161625724286,0.696562469006,-0.711618185043
0.75910449028,-0.0481211729348,0.951593220234,0.0901695415378,-0.0160582754761,0.696603059769,-0.711586892605
0.759085118771,-0.0480873025954,0.951591432095,0.0901291519403,-0.015769591555,0.696740984917,-0.71146351099
0.759067475796,-0.0480586178601,0.951591491699,0.0899496525526,-0.0156867112964,0.696781396866,-0.711448311806
0.759050667286,-0.0480313040316,0.9515863657,0.0899663940072,-0.0156805496663,0.696815013885,-0.711413443089
0.759039700031,-0.0480003170669,0.951589882374,0.0899686217308,-0.0156376939267,0.696809709072,-0.711419343948
0.759025394917,-0.0479676797986,0.951585531235,0.0896934866905,-0.0156239503995,0.696871161461,-0.711394071579
0.759010076523,-0.0479306615889,0.951586306095,0.089751817286,-0.0154595663771,0.69690489769,-0.711357414722
0.759002029896,-0.0478999577463,0.951586186886,0.0894932076335,-0.0155258448794,0.696972250938,-0.711322486401
0.758990347385,-0.0478630103171,0.951594948769,0.0894760265946,-0.015540198423,0.697006523609,-0.711290717125
0.758983016014,-0.0478247702122,0.951590418816,0.0894339606166,-0.0155639471486,0.697046875954,-0.711255908012
0.758972644806,-0.047785051167,0.951597332954,0.0893279910088,-0.0155913149938,0.697067379951,-0.711248457432
0.75896781683,-0.0477543473244,0.95159304142,0.0893319696188,-0.0156653746963,0.697098195553,-0.711216330528
0.759046852589,-0.0475060604513,0.951510965824,0.0886998400092,-0.0158986598253,0.697288632393,-0.711103498936
0.759000122547,-0.0476449914277,0.951572597027,0.0890434384346,-0.0157623495907,0.697257518768,-0.711094260216
0.758996963501,-0.0476171821356,0.951569318771,0.0889831185341,-0.0158274024725,0.697265386581,-0.711092472076
0.759001731873,-0.0475614219904,0.951577484608,0.0890539214015,-0.0155428638682,0.697433114052,-0.710925400257
0.75900387764,-0.047530669719,0.951578676701,0.0889790281653,-0.0156318470836,0.697511136532,-0.710856258869
0.758998990059,-0.0474948771298,0.951579928398,0.0889090672135,-0.0158101581037,0.697695374489,-0.710680305958
0.759009480476,-0.0474520884454,0.951584041119,0.0887464731932,-0.0158734358847,0.697781503201,-0.710614681244
0.759012937546,-0.0474172793329,0.951572239399,0.0884647667408,-0.0161818154156,0.697442173958,-0.710975825787
0.759018242359,-0.047385841608,0.951573193073,0.0883760601282,-0.0162101630121,0.697536945343,-0.710893154144
0.759033024311,-0.0473446287215,0.951573848724,0.0884247943759,-0.0159829221666,0.698084175587,-0.710354983807
0.75904750824,-0.0473102629185,0.951564490795,0.0881374403834,-0.0161913391203,0.697712421417,-0.710750997066
0.759056806564,-0.0472674593329,0.951561033726,0.0877491086721,-0.0168016441166,0.697772145271,-0.710726380348
0.75907087326,-0.0472237765789,0.95155441761,0.087951079011,-0.0167984031141,0.697873532772,-0.710601806641
0.759150207043,-0.0469937883317,0.951501965523,0.086798876524,-0.0169860720634,0.697851538658,-0.710760653019
0.759105980396,-0.0471364445984,0.951541304588,0.0877161473036,-0.0166938882321,0.698037326336,-0.710472464561
0.759186565876,-0.0468859374523,0.951494991779,0.0872885733843,-0.0167132988572,0.698641002178,-0.709931075573
0.75921267271,-0.0468494817615,0.951492846012,0.0869402885437,-0.0168240051717,0.698296129704,-0.710310399532
0.759223997593,-0.0467814765871,0.9514965415,0.0866684988141,-0.0167687218636,0.698426365852,-0.710216879845
0.759241700172,-0.0467199981213,0.951484084129,0.0866558328271,-0.0164303872734,0.698963224888,-0.709697961807
0.759242296219,-0.0466661341488,0.95147049427,0.0865479931235,-0.0161750614643,0.698673963547,-0.710001766682
0.759247362614,-0.0466069243848,0.951458930969,0.0864173844457,-0.0157671030611,0.699256122112,-0.709453582764
0.759232759476,-0.0465185716748,0.951449215412,0.0860777124763,-0.0159954503179,0.69879347086,-0.709945321083
0.759238064289,-0.0464300811291,0.951430618763,0.0857536718249,-0.015964878723,0.698792517185,-0.709986209869
0.759225785732,-0.0463647209108,0.95142531395,0.0856337472796,-0.0159146580845,0.698764979839,-0.710029006004
0.759211778641,-0.0462933368981,0.951421260834,0.0860345363617,-0.0162170566618,0.698958039284,-0.709783494473
0.759187817574,-0.0462142154574,0.951409757137,0.0858732461929,-0.0157414115965,0.699015557766,-0.70975703001
0.759165525436,-0.0460334047675,0.951426208019,0.0853452831507,-0.0164104793221,0.698889434338,-0.709929943085
0.759179055691,-0.0458234027028,0.951384961605,0.084551230073,-0.0166857466102,0.698292672634,-0.710605502129
0.759140253067,-0.0457118116319,0.951365292072,0.085117764771,-0.0166388899088,0.698691308498,-0.710146963596
0.759103119373,-0.0456085130572,0.951352417469,0.0847187042236,-0.0168807897717,0.698712110519,-0.710168421268
0.759043633938,-0.0454971045256,0.951339662075,0.084312312305,-0.0167507287115,0.698612689972,-0.710317671299
0.758996963501,-0.0453727990389,0.951310157776,0.0839857831597,-0.0170752517879,0.698760867119,-0.710202872753
0.758934617043,-0.0452551916242,0.9513027668,0.0839156582952,-0.0172008015215,0.698688685894,-0.710279226303
0.758807241917,-0.0452213361859,0.951281368732,0.0847142189741,-0.0173572320491,0.698605835438,-0.710262179375
0.758729696274,-0.04509806633,0.951251149178,0.0841273143888,-0.0173621289432,0.698591768742,-0.710345506668
0.758641541004,-0.0449749417603,0.951239526272,0.0841445922852,-0.017396369949,0.698571145535,-0.710362911224
0.758605778217,-0.0447327829897,0.951252400875,0.0839336365461,-0.0176290087402,0.698458433151,-0.71049284935
0.75835031271,-0.0448417812586,0.951236724854,0.0851035788655,-0.0177338980138,0.698299825191,-0.71050709486
0.758352696896,-0.0446134321392,0.951241254807,0.0845654159784,-0.0176957640797,0.698221325874,-0.710649371147
0.758145034313,-0.0445028357208,0.951184988022,0.085161305964,-0.0182255487889,0.698212206364,-0.710573852062
0.758082687855,-0.0443348474801,0.951165676117,0.0845289304852,-0.0182832218707,0.698211550713,-0.710648477077
0.75807672739,-0.0440946929157,0.951179742813,0.0843028798699,-0.0182215515524,0.698253810406,-0.710635304451
0.758005082607,-0.0439227707684,0.951171755791,0.0843535065651,-0.0185758136213,0.698214948177,-0.710658311844
0.758022665977,-0.0435141585767,0.95110476017,0.0840837955475,-0.0185932405293,0.698705255985,-0.710207939148
0.757944703102,-0.0433310195804,0.951100766659,0.0840097293258,-0.0187755245715,0.698794841766,-0.710123717785
0.757844865322,-0.0431210659444,0.951049387455,0.083845898509,-0.0190092790872,0.698835074902,-0.710097193718
0.757847368717,-0.0428299866617,0.951131403446,0.0834435224533,-0.0193117037416,0.698926746845,-0.710046172142
0.757783591747,-0.042605355382,0.951113045216,0.0829822644591,-0.0200151652098,0.698950946331,-0.710056960583
0.757712006569,-0.0424310564995,0.951108455658,0.0829013213515,-0.0202557314187,0.699086725712,-0.709926009178
0.757559657097,-0.0423247292638,0.951112210751,0.0832391083241,-0.0205351449549,0.699250221252,-0.709717333317
0.757449865341,-0.0422678291798,0.95118689537,0.0831924006343,-0.0206892807037,0.699395179749,-0.709575414658
0.75739634037,-0.0421133972704,0.951171338558,0.0834009349346,-0.0207749605179,0.699745833874,-0.709202706814
0.757347166538,-0.0419681221247,0.951163470745,0.0826941654086,-0.0210499577224,0.699809789658,-0.709214270115
0.75723361969,-0.0418341346085,0.951128005981,0.0826416015625,-0.0213313996792,0.700071275234,-0.708953917027
0.757189929485,-0.0417185612023,0.951125264168,0.0824547335505,-0.0215042661875,0.700367689133,-0.708677649498
0.756341099739,-0.0412122830749,0.950505018234,0.0826375260949,-0.0239279270172,0.700672566891,-0.70827716589
0.756298959255,-0.0411030463874,0.95048892498,0.0825946629047,-0.0240883268416,0.70097130537,-0.70798099041
0.756395578384,-0.0408026650548,0.95039242506,0.0823272764683,-0.0244469773024,0.701415002346,-0.707560300827
0.7571220994,-0.0411162301898,0.951010167599,0.082083620131,-0.0226301029325,0.701742112637,-0.707324802876
0.756346702576,-0.0406368337572,0.950379014015,0.082359187305,-0.0246829502285,0.702028155327,-0.706940054893
0.756986558437,-0.0410404615104,0.95094203949,0.08238761127,-0.0227640867233,0.702644169331,-0.706388890743
0.756987512112,-0.0409749373794,0.950921952724,0.0818609073758,-0.0228960104287,0.702853620052,-0.706237494946
0.756971359253,-0.04090147838,0.950929760933,0.0817912295461,-0.0230624359101,0.703215181828,-0.705880045891
0.756984531879,-0.0408477447927,0.950897216797,0.081683754921,-0.0230981428176,0.703561961651,-0.705545663834
0.756985247135,-0.0408085547388,0.950889348984,0.0810664370656,-0.0229379478842,0.703970372677,-0.70521479845
0.757043600082,-0.0406895875931,0.950833857059,0.0808448046446,-0.0230807270855,0.704319596291,-0.704886853695
0.757034361362,-0.040662098676,0.95085310936,0.081216417253,-0.0234195906669,0.704650998116,-0.704501569271
0.757020294666,-0.0406374596059,0.950876176357,0.0812696069479,-0.0235004201531,0.704938948154,-0.704204559326
0.757029354572,-0.0406526625156,0.950905203819,0.0809894576669,-0.0235232096165,0.705312311649,-0.703862190247
0.75706911087,-0.0406814627349,0.95084553957,0.0810572654009,-0.0233698841184,0.705600082874,-0.703570961952
0.757083296776,-0.0406829155982,0.950839281082,0.0811350047588,-0.0232936237007,0.705801486969,-0.703362524509
0.757092952728,-0.0406844764948,0.950846612453,0.0812313184142,-0.0234174821526,0.706015348434,-0.703132688999
0.757105231285,-0.0406909324229,0.950834810734,0.081829674542,-0.0229245685041,0.706267058849,-0.702826559544
0.757115542889,-0.0407030805945,0.950827181339,0.0822230130434,-0.0229332521558,0.706410288811,-0.702636480331
0.757141888142,-0.0407374836504,0.950865983963,0.0823206529021,-0.02278486453,0.706513166428,-0.702526390553
0.757177472115,-0.0407620444894,0.950854420662,0.0826692059636,-0.0228025242686,0.706620752811,-0.70237660408
0.75718319416,-0.0407714731991,0.9508446455,0.0828755199909,-0.022879447788,0.706611871719,-0.702358901501
0.757188856602,-0.0407813973725,0.950842916965,0.0830672234297,-0.0229139588773,0.706595003605,-0.702352106571
0.757189333439,-0.0408092476428,0.950825095177,0.0834682658315,-0.0228296369314,0.706671237946,-0.702230453491
0.757190823555,-0.0408140048385,0.950818955898,0.0837534442544,-0.022955019027,0.706502556801,-0.702362239361
0.757191121578,-0.0408220253885,0.95082372427,0.0840027108788,-0.0230256468058,0.7064037323,-0.702429533005
0.757202386856,-0.0408292934299,0.95082461834,0.0841734856367,-0.0229440648109,0.706307411194,-0.702508509159
0.757129848003,-0.0408934354782,0.950799643993,0.0839539170265,-0.0230484604836,0.706029832363,-0.702810406685
0.757134974003,-0.0408866927028,0.950801193714,0.0840945467353,-0.0231276024133,0.705821275711,-0.703000426292
0.757140100002,-0.0408763438463,0.950808465481,0.0840392038226,-0.0233532898128,0.705084264278,-0.703738868237
0.757142841816,-0.0408526621759,0.950814008713,0.0852680653334,-0.0236344020814,0.705136239529,-0.703529417515
0.75713956356,-0.0408323071897,0.950813889503,0.0853356868029,-0.0234270840883,0.704928398132,-0.703736484051
0.757141113281,-0.0407808460295,0.950802206993,0.0850816220045,-0.0236892458051,0.704322755337,-0.704364597797
0.757131457329,-0.0407450646162,0.950788080692,0.0852952077985,-0.0240719299763,0.703816533089,-0.704831600189
0.75708425045,-0.0407135076821,0.950824856758,0.0857635959983,-0.0240473486483,0.703346192837,-0.705245018005
0.757176160812,-0.0405987910926,0.950800418854,0.0854778885841,-0.0241396035999,0.702559292316,-0.706060349941
0.757165253162,-0.0405474938452,0.950800001621,0.085663549602,-0.0239524375647,0.701954483986,-0.706645548344
0.757155835629,-0.0404904708266,0.95079433918,0.0864647105336,-0.0243239998817,0.701683998108,-0.706804037094
0.757092833519,-0.0403785146773,0.950741767883,0.086854480207,-0.0246103536338,0.701064169407,-0.707361161709
0.757089078426,-0.0403312109411,0.950743436813,0.08728992939,-0.0240170657635,0.700481653214,-0.707904696465
0.757089555264,-0.0402764268219,0.950734496117,0.0877983570099,-0.0245310328901,0.699716567993,-0.708580553532
0.75707089901,-0.0402143709362,0.950735747814,0.0883056074381,-0.0248363222927,0.699081242085,-0.709133803844
0.757033705711,-0.0401041246951,0.950686812401,0.0887230411172,-0.0250754896551,0.698432505131,-0.709712266922
0.756929993629,-0.0400708019733,0.950664997101,0.0889499187469,-0.0251150205731,0.697470784187,-0.710627734661
0.756906807423,-0.0399646870792,0.950644731522,0.0903193429112,-0.0248751994222,0.6970256567,-0.710900008678
0.75697517395,-0.0398019440472,0.950633704662,0.0903952717781,-0.024867368862,0.696264564991,-0.711636126041
0.756928324699,-0.0397360734642,0.950639784336,0.0916285812855,-0.0246568545699,0.695650458336,-0.712086200714
0.756756603718,-0.039607681334,0.950628995895,0.0923935472965,-0.0254394654185,0.694590330124,-0.712994098663
0.756793916225,-0.0394769571722,0.950637638569,0.0919352918863,-0.0255461465567,0.693467378616,-0.714141726494
0.756294190884,-0.0390645265579,0.950320243835,0.0930723696947,-0.0263156741858,0.692862510681,-0.714553356171
0.756308078766,-0.038934007287,0.950267374516,0.0932328030467,-0.0263707954437,0.69205981493,-0.715307891369
0.756284177303,-0.0388390235603,0.950242817402,0.0934860929847,-0.026785954833,0.691053390503,-0.716231942177
0.756318330765,-0.0387324392796,0.950236141682,0.0941756665707,-0.0261026974767,0.690338134766,-0.716856181622
0.756269991398,-0.0385896041989,0.950228393078,0.0948175117373,-0.0272514596581,0.689488351345,-0.717546463013
0.756251871586,-0.038462407887,0.950222313404,0.0951839461923,-0.0259055588394,0.688873589039,-0.718137919903
0.756224572659,-0.0383421108127,0.950226426125,0.0955370739102,-0.0259612295777,0.687888026237,-0.719033122063
0.75621265173,-0.0382236801088,0.950208008289,0.0957405045629,-0.0258878637105,0.687178015709,-0.719687402248
0.75657582283,-0.0379340723157,0.949938178062,0.0950866416097,-0.0250140819699,0.68670541048,-0.72025591135
0.756637573242,-0.0377462506294,0.94991761446,0.0946336612105,-0.0249826423824,0.685580313206,-0.721387624741
0.756650567055,-0.0375266596675,0.94995623827,0.0949012860656,-0.0249635446817,0.684837281704,-0.722058594227
0.756669104099,-0.0373693108559,0.949937164783,0.0955552533269,-0.0257735587656,0.684042036533,-0.722697377205
0.756671667099,-0.0372051075101,0.949922263622,0.0964648574591,-0.0257065463811,0.683462738991,-0.723126888275
0.756648242474,-0.0369975715876,0.949892103672,0.096306540072,-0.0253808423877,0.682454288006,-0.724111199379
0.756637811661,-0.0368263237178,0.949885606766,0.0961335301399,-0.0243138000369,0.681735873222,-0.724847197533
0.756573677063,-0.0366184674203,0.949827492237,0.0970896333456,-0.0241355728358,0.681177735329,-0.725250303745
0.756579935551,-0.03640473634,0.949790835381,0.0968158915639,-0.0240229442716,0.68061119318,-0.725822329521
0.756070375443,-0.0362778119743,0.949990391731,0.0983213037252,-0.0244565661997,0.679641127586,-0.726514101028
0.756227850914,-0.0360248982906,0.950005948544,0.0979190915823,-0.0239509418607,0.67868745327,-0.727476239204
0.756139934063,-0.035982709378,0.950163602829,0.0984377413988,-0.0244145840406,0.677736341953,-0.728276968002
0.756010949612,-0.0358731560409,0.95010226965,0.0991932973266,-0.0240323655307,0.677267372608,-0.728623509407
