x,y,z,q0,q1,q2,q3
0.323771834373,-0.348776578903,1.16987097263,-0.190003961325,-0.889646291733,0.260994106531,0.322970867157
0.326085984707,-0.352125912905,1.16777181625,-0.189904272556,-0.890358030796,0.262619823217,0.319733738899
0.32771718502,-0.355300426483,1.1657859087,-0.184526175261,-0.891859650612,0.264111280441,0.317461311817
0.329955428839,-0.358660817146,1.16366350651,-0.183238819242,-0.89301276207,0.264902502298,0.314290463924
0.332210123539,-0.362071037292,1.16129565239,-0.181871846318,-0.894095957279,0.266117215157,0.310960769653
0.334467083216,-0.365590453148,1.15911448002,-0.180203676224,-0.895761728287,0.265866309404,0.307331681252
0.336846232414,-0.369069635868,1.15665626526,-0.179959371686,-0.896563112736,0.266456663609,0.304614663124
0.339467227459,-0.372659474611,1.15448689461,-0.174529120326,-0.898076534271,0.266950696707,0.302879065275
0.342389047146,-0.376450836658,1.1523424387,-0.1660579741,-0.897399485111,0.270584821701,0.306403070688
0.345025479794,-0.380160808563,1.14978826046,-0.164504483342,-0.899069547653,0.270866960287,0.302065044641
0.347518801689,-0.383613169193,1.14702439308,-0.165487706661,-0.900952517986,0.270277231932,0.296392500401
0.350410401821,-0.387254059315,1.14419746399,-0.164756402373,-0.901890933514,0.271554499865,0.292756170034
0.353749275208,-0.390272974968,1.14096260071,-0.172588646412,-0.901942789555,0.27106282115,0.288509011269
0.356627136469,-0.394018232822,1.13793253899,-0.168498843908,-0.903859674931,0.272468179464,0.283561348915
0.359508693218,-0.397730857134,1.13481354713,-0.16652572155,-0.905414164066,0.27492621541,0.277326405048
0.362391144037,-0.401506960392,1.13160407543,-0.162820547819,-0.907822608948,0.275773525238,0.270733475685
0.365660518408,-0.405210256577,1.12832915783,-0.157357931137,-0.909639894962,0.277240484953,0.266329675913
0.367839872837,-0.409642249346,1.12449455261,-0.153676241636,-0.915783345699,0.278151482344,0.245674863458
0.371742129326,-0.413028210402,1.12159657478,-0.148462191224,-0.913558185101,0.279783427715,0.255130976439
0.375064015388,-0.416864454746,1.11774504185,-0.141012176871,-0.917495906353,0.282128334045,0.242322981358
0.378839194775,-0.420004040003,1.11425220966,-0.143221661448,-0.918241858482,0.281261265278,0.239189103246
0.382523298264,-0.423079103231,1.11010551453,-0.142721265554,-0.920181930065,0.281331092119,0.231837630272
0.385691106319,-0.426835119724,1.10616481304,-0.136873990297,-0.921835422516,0.282863259315,0.226877450943
0.389046609402,-0.43050634861,1.10195147991,-0.133013173938,-0.924184560776,0.284961909056,0.216765001416
0.393317162991,-0.433290302753,1.09758687019,-0.135504513979,-0.925338089466,0.283900022507,0.211633697152
0.397356688976,-0.436088860035,1.09293413162,-0.13805423677,-0.926858067513,0.27957585454,0.209075316787
0.398164540529,-0.439326941967,1.08966135979,-0.114598862827,-0.932121098042,0.278108566999,0.20167568326
0.401923775673,-0.4415127635,1.08566379547,-0.109450273216,-0.934481739998,0.28166398406,0.188228577375
0.405277073383,-0.443970143795,1.08158743382,-0.101673945785,-0.937558412552,0.279717385769,0.180013179779
0.408829033375,-0.446512579918,1.07775139809,-0.0958881750703,-0.939598143101,0.279060810804,0.173452332616
0.41242480278,-0.448826313019,1.0739659071,-0.0889603644609,-0.942275285721,0.278189778328,0.163749456406
0.415857493877,-0.451000243425,1.07058048248,-0.0822197794914,-0.945214688778,0.274377644062,0.156607657671
0.418998509645,-0.453252345324,1.06769800186,-0.0736879706383,-0.948953092098,0.269664555788,0.146079495549
0.422306269407,-0.455050319433,1.06476640701,-0.064845085144,-0.952288210392,0.264267414808,0.138220742345
0.4258466959,-0.456620693207,1.06189453602,-0.055633559823,-0.956087291241,0.258325070143,0.126768365502
0.429350435734,-0.458346009254,1.05910730362,-0.0525593757629,-0.958409011364,0.252890139818,0.121392905712
0.433041721582,-0.459795594215,1.05624747276,-0.0510519370437,-0.95988702774,0.250788956881,0.114522628486
0.436736404896,-0.460989773273,1.05376386642,-0.0475371032953,-0.961056411266,0.249220460653,0.109544269741
0.440189421177,-0.462086200714,1.05137813091,-0.0384778007865,-0.96029150486,0.252576082945,0.112093135715
0.443594932556,-0.463450729847,1.0491052866,-0.0362432785332,-0.961275339127,0.251415401697,0.106894023716
0.44728499651,-0.46413192153,1.04676544666,-0.0347605533898,-0.961896657944,0.250821262598,0.103126548231
0.450340270996,-0.464952349663,1.0447947979,-0.0335323736072,-0.962582826614,0.250831961632,0.0969190597534
0.453530728817,-0.465586066246,1.04289186001,-0.0300986245275,-0.963972508907,0.248463615775,0.0900947004557
0.456550836563,-0.465949296951,1.0413056612,-0.027725437656,-0.964986860752,0.245582178235,0.087868668139
0.460021674633,-0.46630898118,1.03943645954,-0.0274942293763,-0.96505433321,0.246247127652,0.0853030830622
0.46361720562,-0.466606318951,1.03893458843,-0.0349209941924,-0.968610882759,0.23408806324,0.0760020539165
0.467165291309,-0.46800160408,1.03817987442,-0.0361386314034,-0.969273805618,0.231779828668,0.0740295946598
0.469899833202,-0.4678606987,1.03684508801,-0.0356762483716,-0.969734549522,0.230659425259,0.071681663394
0.472561240196,-0.4678145051,1.03531336784,-0.0384870506823,-0.969650864601,0.232389047742,0.0655087307096
0.47480905056,-0.467882245779,1.034314394,-0.0380141325295,-0.97020804882,0.230748727918,0.0632945746183
0.476803034544,-0.467745095491,1.03341007233,-0.0362845398486,-0.97059738636,0.230553865433,0.0588996782899
0.478805601597,-0.467487126589,1.03242504597,-0.0353141538799,-0.970896244049,0.230304896832,0.0554349273443
0.48065418005,-0.467053294182,1.03176152706,-0.0357512161136,-0.97075343132,0.23088054359,0.0552605725825
0.482136875391,-0.466808527708,1.03122973442,-0.0342133678496,-0.970761656761,0.231599062681,0.0530396439135
0.483569413424,-0.466784775257,1.03056704998,-0.0330944769084,-0.970980346203,0.231701210141,0.0491587854922
0.484951376915,-0.466541260481,1.03018403053,-0.0342201963067,-0.970639824867,0.233072251081,0.0486285351217
0.486087352037,-0.466192394495,1.02979755402,-0.0357952676713,-0.970560967922,0.233436614275,0.0473019964993
0.487275660038,-0.465643823147,1.02965593338,-0.0365077219903,-0.970182418823,0.234935447574,0.0471015609801
0.487888753414,-0.465471386909,1.02954220772,-0.0362867973745,-0.970283567905,0.235030472279,0.0446516089141
0.488519191742,-0.465042054653,1.0295933485,-0.0355518162251,-0.970071852207,0.236180499196,0.0437634885311
0.489042401314,-0.46468937397,1.02971160412,-0.0356074012816,-0.969835281372,0.236992478371,0.0445642061532
0.489257544279,-0.464179545641,1.03028404713,-0.0329749844968,-0.969609797001,0.237423703074,0.0489839613438
0.489524066448,-0.463714182377,1.0304466486,-0.0312602892518,-0.969701468945,0.237721189857,0.0468028709292
0.489404797554,-0.46329960227,1.03084719181,-0.0292486753315,-0.969868302345,0.237313568592,0.0467160753906
0.48957324028,-0.463065326214,1.03114259243,-0.0317697152495,-0.969287455082,0.239207521081,0.0474567301571
0.489412605762,-0.462670058012,1.03154015541,-0.0316280499101,-0.969016194344,0.240490585566,0.0465994440019
0.48909547925,-0.462212532759,1.03205704689,-0.0319107286632,-0.968688666821,0.241711616516,0.046898253262
0.488749206066,-0.461755484343,1.03267049789,-0.0319806076586,-0.968491911888,0.242255464196,0.0480945110321
0.488400012255,-0.460990935564,1.03339838982,-0.0318964794278,-0.967975616455,0.243331462145,0.0528743937612
0.487578809261,-0.460576713085,1.03389668465,-0.0300159007311,-0.968168735504,0.243361547589,0.0502353943884
0.48689186573,-0.459984719753,1.03455245495,-0.0310073718429,-0.96774995327,0.244693368673,0.051223307848
0.486247301102,-0.459455490112,1.03522026539,-0.0304704923183,-0.967515647411,0.245377674699,0.0526768267155
0.485473275185,-0.4587867558,1.03605222702,-0.0277198366821,-0.967549860477,0.245176628232,0.0544723272324
0.484617263079,-0.458073049784,1.03677380085,-0.0294756498188,-0.967148005962,0.246502965689,0.0547017306089
0.483733832836,-0.45742213726,1.03758859634,-0.0288635119796,-0.967220783234,0.245812922716,0.0568072013557
0.482894659042,-0.456678688526,1.03829860687,-0.0295981019735,-0.966941416264,0.246552348137,0.0579661391675
0.481781065464,-0.455947458744,1.03921461105,-0.0270511955023,-0.966934382915,0.246906086802,0.0578225068748
0.48088157177,-0.455080837011,1.03993344307,-0.0306059923023,-0.966685414314,0.246604993939,0.0613882392645
0.479685306549,-0.454207122326,1.04078423977,-0.0275115333498,-0.966965734959,0.245797887444,0.0616741701961
0.478759944439,-0.453377723694,1.04151701927,-0.0290274377912,-0.966455876827,0.247495427728,0.0621801018715
0.477943271399,-0.452388703823,1.04222011566,-0.0303502660245,-0.966022491455,0.248320758343,0.0649335384369
0.47694760561,-0.45123526454,1.04317176342,-0.0306750480086,-0.965711653233,0.24833163619,0.0692214816809
0.475870668888,-0.450478345156,1.04366731644,-0.0313951671124,-0.965428650379,0.249656662345,0.0680690184236
0.474596887827,-0.449399858713,1.0444406271,-0.0299984999001,-0.966015696526,0.247103050351,0.0696710497141
0.473894715309,-0.448335766792,1.04483437538,-0.0319567583501,-0.96524065733,0.249716892838,0.0702188909054
0.472715318203,-0.447165906429,1.04553723335,-0.0310087800026,-0.965340554714,0.248434156179,0.0737334638834
0.47193133831,-0.44600969553,1.04576945305,-0.0332478061318,-0.965077877045,0.248988062143,0.0743255242705
0.470704257488,-0.444967567921,1.04630601406,-0.0287236925215,-0.965207278728,0.248520940542,0.0760732963681
0.469432651997,-0.442369133234,1.04565322399,-0.0336377695203,-0.964580833912,0.250198096037,0.0765060707927
0.467123448849,-0.441538840532,1.04493165016,-0.023281103,-0.96202981472,0.260714799166,0.0773602575064
0.466186404228,-0.439839780331,1.0447987318,-0.0223287325352,-0.962105810642,0.26047283411,0.0775096863508
0.465059876442,-0.438820719719,1.04442334175,-0.0247579701245,-0.9618486166,0.261380851269,0.0769049450755
0.464026868343,-0.437290906906,1.04396307468,-0.0240442920476,-0.961410701275,0.263370633125,0.0758110210299
0.462710231543,-0.435908377171,1.04350578785,-0.0220079254359,-0.961767375469,0.262739598751,0.0740761309862
0.460940033197,-0.433094859123,1.04173111916,-0.0523435771465,-0.964947462082,0.247966125607,0.0681865289807
0.460800856352,-0.432577371597,1.04203736782,-0.022700291127,-0.961450994015,0.262868583202,0.0774393975735
0.464570462704,-0.434041470289,1.03843545914,-0.087142907083,-0.952464938164,0.285687565804,0.0599944293499
0.46611765027,-0.433458328247,1.03370130062,-0.118064686656,-0.936362206936,0.324343055487,0.0639377608895
0.467151015997,-0.433410912752,1.0287091732,-0.142919659615,-0.918970048428,0.362497776747,0.0605262480676
0.469586193562,-0.434601396322,1.02468717098,-0.182057633996,-0.899732291698,0.393028318882,0.0535306707025
0.471245110035,-0.435624480247,1.02084994316,-0.211008429527,-0.881254851818,0.41910392046,0.0567203685641
0.471027314663,-0.435926526785,1.01549613476,-0.227029040456,-0.858836114407,0.456359297037,0.050937615335
0.471837997437,-0.437034219503,1.01132595539,-0.252487033606,-0.839629650116,0.478465199471,0.0484094806015
0.472014427185,-0.43794053793,1.00642776489,-0.270671218634,-0.815848588943,0.509211719036,0.042797498405
0.467954993248,-0.444775402546,0.99712061882,-0.256030023098,-0.749921023846,0.605793178082,0.0712866857648
0.474128842354,-0.447582215071,0.995025753975,-0.333691895008,-0.718006908894,0.60968798399,0.0373679548502
0.474096417427,-0.449297398329,0.99105578661,-0.348389953375,-0.6942486763,0.628946661949,0.0327030941844
0.47428303957,-0.451144695282,0.987443804741,-0.36824041605,-0.668471634388,0.645524203777,0.0290408637375
0.474383711815,-0.453054755926,0.983488917351,-0.38443556428,-0.642138600349,0.662854492664,0.0221658907831
0.474963068962,-0.454682677984,0.979497730732,-0.414959818125,-0.613860189915,0.671200811863,0.0217583104968
0.4743257761,-0.456797331572,0.975929796696,-0.409876823425,-0.596941232681,0.689652085304,0.00648948829621
0.474434733391,-0.459056168795,0.971761763096,-0.433057159185,-0.555394351482,0.709908127785,0.00539739523083
0.474954903126,-0.461465895176,0.967364549637,-0.464942038059,-0.516539871693,0.719037771225,-0.000225319003221
0.474607646465,-0.464015483856,0.963699698448,-0.476378858089,-0.483245968819,0.734485030174,-0.00826206617057
0.474160671234,-0.466718524694,0.960156440735,-0.495001524687,-0.448950529099,0.743718922138,-0.0172957573086
0.474513530731,-0.469488382339,0.957065463066,-0.520775556564,-0.406053513288,0.750685870647,-0.019601797685
0.474690198898,-0.472252488136,0.954557836056,-0.529122292995,-0.371556311846,0.762393891811,-0.0270384848118
0.4723559618,-0.481567293406,0.952985167503,-0.567368388176,-0.260809212923,0.78104609251,-0.00621702289209
0.472520232201,-0.483116447926,0.952096700668,-0.594084501266,-0.216229394078,0.77441239357,-0.0243738796562
0.471794307232,-0.485102981329,0.949661195278,-0.616901099682,-0.17036165297,0.768002212048,-0.0241431053728
0.471020668745,-0.486993610859,0.947246015072,-0.633043646812,-0.125952541828,0.763452351093,-0.0230704285204
0.470169097185,-0.488556653261,0.944940209389,-0.649665296078,-0.080691896379,0.755688846111,-0.0189285390079
0.469319194555,-0.489851891994,0.94255232811,-0.664371907711,-0.0378574058414,0.746237337589,-0.0175138190389
0.468742221594,-0.490792244673,0.940253317356,-0.677769720554,0.00281185726635,0.735127747059,-0.0143960239366
0.468136906624,-0.491173893213,0.937840163708,-0.689164817333,0.0419790148735,0.723271310329,-0.0129593424499
0.467943936586,-0.49128139019,0.935315132141,-0.700017511845,0.0748537257314,0.710097193718,-0.0115787480026
0.468007683754,-0.491052269936,0.932583153248,-0.710562169552,0.103270091116,0.695912599564,-0.0119373649359
0.468686521053,-0.490465700626,0.930163919926,-0.719914913177,0.126292169094,0.682383537292,-0.011196420528
0.469540774822,-0.489706367254,0.927523553371,-0.728451311588,0.146783709526,0.669080555439,-0.0120292929932
0.470683395863,-0.488920986652,0.924815297127,-0.73700940609,0.164425626397,0.655434072018,-0.0136913238093
0.472204864025,-0.487929731607,0.922075808048,-0.745091199875,0.178849101067,0.642322659492,-0.0165429394692
0.473844230175,-0.486882776022,0.919183254242,-0.751844346523,0.189778849483,0.631124675274,-0.0198949184269
0.47578316927,-0.485847234726,0.916393280029,-0.758979856968,0.200695678592,0.619128465652,-0.0187335498631
0.478053063154,-0.484551638365,0.913557529449,-0.768201172352,0.207019388676,0.605370879173,-0.0231565125287
0.480734288692,-0.483298122883,0.911201536655,-0.776295244694,0.211382880807,0.593161642551,-0.0290237274021
0.483291745186,-0.481992959976,0.90817719698,-0.783757567406,0.214349582791,0.582136750221,-0.0299202539027
0.485968708992,-0.480572164059,0.905516982079,-0.790556550026,0.216644331813,0.571662902832,-0.0358753316104
0.489000678062,-0.479047775269,0.902611374855,-0.796964406967,0.215418443084,0.562800168991,-0.0412154234946
0.492401361465,-0.477570384741,0.900267720222,-0.804135084152,0.213980227709,0.552463114262,-0.0486183315516
0.495757967234,-0.476052224636,0.897747993469,-0.811195671558,0.211913898587,0.542207956314,-0.0553598999977
0.499193608761,-0.474344998598,0.895170092583,-0.817841768265,0.207901313901,0.532937526703,-0.0623658373952
0.502603769302,-0.472717165947,0.892750501633,-0.822399735451,0.2056607306,0.525780439377,-0.0701227337122
0.506122171879,-0.471024811268,0.890218734741,-0.83011174202,0.200219795108,0.514682233334,-0.0769997835159
0.509600102901,-0.469444274902,0.88795208931,-0.833490669727,0.19890768826,0.508654773235,-0.0836619064212
0.513254523277,-0.467452377081,0.885618984699,-0.841277182102,0.190668940544,0.496950536966,-0.0945422127843
0.5169531703,-0.46544188261,0.883487761021,-0.845939457417,0.186049446464,0.48866134882,-0.104795232415
0.520301699638,-0.463455915451,0.88149023056,-0.84644973278,0.190417543054,0.484602808952,-0.111463695765
0.523769855499,-0.461246013641,0.879598021507,-0.851129293442,0.185457915068,0.475739270449,-0.121887072921
0.526893854141,-0.458780348301,0.876883924007,-0.854207038879,0.177923306823,0.470458716154,-0.131689861417
0.530284285545,-0.457075029612,0.87507879734,-0.854656457901,0.177647873759,0.46831420064,-0.13669539988
0.533192813396,-0.453999757767,0.873379409313,-0.855720818043,0.178107589483,0.461608529091,-0.151449784636
0.536283254623,-0.451951175928,0.871790885925,-0.858253777027,0.176451429725,0.455556422472,-0.157270088792
0.539076507092,-0.449089676142,0.870436549187,-0.858312010765,0.180022567511,0.450108408928,-0.168211355805
0.541718304157,-0.446179360151,0.869139313698,-0.858512163162,0.182611912489,0.445529788733,-0.176388218999
0.54387742281,-0.440887629986,0.868462562561,-0.856017112732,0.197148248553,0.434476107359,-0.198992311954
0.546041190624,-0.437306493521,0.867460489273,-0.853962659836,0.207302078605,0.429235816002,-0.208639383316
0.547727048397,-0.434095025063,0.863727509975,-0.859622061253,0.212382510304,0.424033731222,-0.190102770925
0.550278067589,-0.430653333664,0.864846050739,-0.85179245472,0.226570814848,0.419611752033,-0.216890186071
0.55241137743,-0.427281528711,0.86395585537,-0.850862145424,0.236601948738,0.414262205362,-0.220091313124
0.554520785809,-0.424088001251,0.862733125687,-0.850279033184,0.245742127299,0.409672111273,-0.220919698477
0.556693613529,-0.420864999294,0.86173582077,-0.848482847214,0.254207670689,0.406862139702,-0.223424583673
0.558790802956,-0.417728602886,0.860626399517,-0.847736239433,0.262089520693,0.403522014618,-0.223209261894
0.560932457447,-0.414679765701,0.859596848488,-0.847338020802,0.269171893597,0.399942278862,-0.22273530066
0.563187479973,-0.411507070065,0.859168589115,-0.847413599491,0.274891972542,0.394922763109,-0.2244117558
0.565113067627,-0.408609986305,0.857916474342,-0.845524251461,0.278745234013,0.397037893534,-0.223048895597
0.567028522491,-0.405582547188,0.85718691349,-0.845506370068,0.282774537802,0.39487066865,-0.221889078617
0.568724751472,-0.402761012316,0.856679677963,-0.833666503429,0.311065882444,0.404338151217,-0.211539670825
0.570371627808,-0.399788409472,0.856179475784,-0.834146440029,0.313040286303,0.401941150427,-0.211302280426
0.572004139423,-0.397053807974,0.855802297592,-0.835642695427,0.311731219292,0.399937808514,-0.21112690866
0.574562907219,-0.393934220076,0.852847933769,-0.843782126904,0.297968268394,0.402125537395,-0.193757712841
0.57563149929,-0.391789376736,0.855411469936,-0.836142838001,0.305839270353,0.402094781399,-0.213652595878
0.576667010784,-0.389341235161,0.855265974998,-0.842904031277,0.292453438044,0.395288616419,-0.218473732471
0.577412188053,-0.386897265911,0.855336606503,-0.839420378208,0.301672011614,0.398742288351,-0.213007360697
0.578178107738,-0.384809315205,0.855373442173,-0.842888593674,0.292895406485,0.397292047739,-0.214266419411
0.578765630722,-0.38253185153,0.855588793755,-0.844092845917,0.290468752384,0.397093594074,-0.213194951415
0.579127907753,-0.380303949118,0.855907559395,-0.842896997929,0.290876179934,0.399456739426,-0.212955638766
0.579410135746,-0.378016620874,0.856990516186,-0.839115321636,0.301005721092,0.401426315308,-0.210090145469
0.579331159592,-0.375738233328,0.85693693161,-0.839669942856,0.294943213463,0.404263943434,-0.211030259728
0.579070031643,-0.373643070459,0.857510268688,-0.836181402206,0.300427079201,0.409363210201,-0.207282811403
0.578567326069,-0.37161809206,0.857877850533,-0.835368692875,0.29975566268,0.412133157253,-0.206038758159
0.57787078619,-0.369423478842,0.858256816864,-0.834278464317,0.299386501312,0.414645642042,-0.205952122808
0.577187001705,-0.367252677679,0.859099090099,-0.833756148815,0.30003914237,0.414678215981,-0.207048639655
0.576373279095,-0.364428400993,0.855800747871,-0.839144587517,0.288967192173,0.423052787781,-0.182649224997
0.575252354145,-0.362961560488,0.859069943428,-0.840625584126,0.270930349827,0.416176766157,-0.216200187802
0.573638081551,-0.360999166965,0.859684348106,-0.839685916901,0.269281774759,0.419259190559,-0.215955376625
0.571843862534,-0.358743041754,0.860105514526,-0.837965190411,0.270171523094,0.422010421753,-0.216168761253
0.569848239422,-0.356545448303,0.860394716263,-0.836672842503,0.268987834454,0.425329267979,-0.216146662831
0.568032562733,-0.354191482067,0.861928582191,-0.836854398251,0.26929423213,0.421249091625,-0.222945138812
0.565548598766,-0.352248817682,0.861123681068,-0.834018409252,0.266183763742,0.431421130896,-0.21779678762
0.562979698181,-0.350167602301,0.861309885979,-0.832943618298,0.265260159969,0.434540361166,-0.216833412647
0.560270786285,-0.348026961088,0.861734271049,-0.831237494946,0.264848321676,0.437756896019,-0.217413082719
0.557805120945,-0.345695436001,0.86332654953,-0.830833017826,0.265606224537,0.434839814901,-0.223795130849
0.555058181286,-0.343495339155,0.863659262657,-0.829795956612,0.260953575373,0.438879102468,-0.225226312876
0.5520362854,-0.341283887625,0.863985598087,-0.827959835529,0.259378999472,0.443137854338,-0.22546389699
0.548853814602,-0.339073091745,0.864519715309,-0.824950397015,0.258265018463,0.448712319136,-0.226745530963
0.544299006462,-0.335499256849,0.860436558723,-0.834767341614,0.252279102802,0.450310915709,-0.191674098372
0.541638851166,-0.334532260895,0.86519151926,-0.822219252586,0.255873352289,0.455213814974,-0.226417571306
0.53800547123,-0.33242815733,0.866003870964,-0.817756533623,0.255215466022,0.462484031916,-0.228578209877
0.534368813038,-0.330140650272,0.866399407387,-0.819613814354,0.247306108475,0.464729577303,-0.226051867008
0.530508697033,-0.327817767859,0.867042899132,-0.817199766636,0.244173869491,0.470358848572,-0.226553067565
0.526481568813,-0.32526704669,0.867873311043,-0.811660647392,0.247651964426,0.478534162045,-0.225567042828
0.522234141827,-0.322990089655,0.868914008141,-0.807337105274,0.246049597859,0.485225647688,-0.228522658348
0.517822682858,-0.320376962423,0.868403196335,-0.810152173042,0.23840020597,0.491179704666,-0.213450968266
0.513647258282,-0.3183195889,0.870748758316,-0.803011536598,0.239357858896,0.4947245121,-0.230495274067
0.509321510792,-0.315992474556,0.87199819088,-0.799407422543,0.238149896264,0.502509772778,-0.227412283421
0.50473767519,-0.313879430294,0.872632026672,-0.799244344234,0.22662961483,0.509309887886,-0.224613189697
0.499711304903,-0.310709625483,0.873139023781,-0.796082437038,0.220037519932,0.519357442856,-0.21932657063
0.495385050774,-0.307992458344,0.875208497047,-0.796341836452,0.215317189693,0.516814351082,-0.22886942327
0.488020181656,-0.305150181055,0.87306702137,-0.802317321301,0.215743988752,0.52402061224,-0.187467381358
0.485093295574,-0.304239571095,0.877515792847,-0.793180942535,0.21093352139,0.53082883358,-0.21116797626
0.479659408331,-0.300200670958,0.876593232155,-0.783017098904,0.209156572819,0.552285075188,-0.195240914822
0.474815130234,-0.297106951475,0.877797782421,-0.78230625391,0.201410472393,0.555683195591,-0.19658870995
0.470978140831,-0.294155448675,0.881733059883,-0.77510792017,0.203222066164,0.558335065842,-0.214873075485
0.466219127178,-0.29124173522,0.882816672325,-0.773084402084,0.190096750855,0.566925883293,-0.211657226086
0.460639744997,-0.287752151489,0.882674813271,-0.770104825497,0.180096149445,0.581111311913,-0.191869080067
0.456533074379,-0.284940987825,0.886059999466,-0.765063047409,0.179772347212,0.583637654781,-0.204273402691
0.452170491219,-0.281612247229,0.888363480568,-0.760176718235,0.177631154656,0.592012524605,-0.200249046087
0.447654783726,-0.278016805649,0.890102148056,-0.754975795746,0.17166762054,0.600594878197,-0.199568629265
0.443064779043,-0.274558722973,0.891768217087,-0.752492129803,0.159571945667,0.608389854431,-0.195331171155
0.437492787838,-0.27060431242,0.891910910606,-0.748464584351,0.152096539736,0.622162699699,-0.171991705894
0.433687448502,-0.267579525709,0.895777225494,-0.741070747375,0.150233387947,0.628633379936,-0.181835606694
0.425623238087,-0.264022678137,0.896066308022,-0.745088994503,0.164665207267,0.631210505962,-0.138929009438
0.423522293568,-0.260831236839,0.900808870792,-0.732074677944,0.158568918705,0.642705202103,-0.160787284374
0.420397490263,-0.257373422384,0.903559923172,-0.73012471199,0.148915946484,0.646544516087,-0.163469225168
0.416429430246,-0.25327038765,0.905040919781,-0.724759876728,0.133961379528,0.658755004406,-0.151061087847
0.412866175175,-0.250111073256,0.907082915306,-0.72054284811,0.121890939772,0.667714774609,-0.14183627069
0.409440070391,-0.246283277869,0.90956902504,-0.714688658714,0.11905438453,0.675346434116,-0.13767144084
0.405941992998,-0.243837475777,0.911452293396,-0.714919149876,0.098462857306,0.681742668152,-0.120093725622
0.402597814798,-0.239691615105,0.914019286633,-0.715749204159,0.0905266180634,0.682528376579,-0.116888403893
0.399646580219,-0.236966103315,0.916395068169,-0.707835137844,0.0879829600453,0.692791819572,-0.106151305139
0.397062957287,-0.233491897583,0.919605314732,-0.700267791748,0.0881450623274,0.70098978281,-0.102317646146
0.394187837839,-0.230197742581,0.921991527081,-0.694378197193,0.0842604339123,0.708677172661,-0.0922813713551
0.391593337059,-0.227566957474,0.924315750599,-0.692636728287,0.0774628445506,0.7121565938,-0.084183819592
0.388978600502,-0.224515870214,0.926720917225,-0.688248693943,0.0729496404529,0.718186020851,-0.0721183493733
0.382728815079,-0.220900505781,0.929317414761,-0.676829755306,0.112298250198,0.726378440857,-0.0408042632043
0.382853090763,-0.219553232193,0.933236777782,-0.680989205837,0.0952183529735,0.724099099636,-0.0535496287048
0.381237745285,-0.217011213303,0.935234189034,-0.677285730839,0.0882539898157,0.728928208351,-0.0464651174843
0.379873037338,-0.214847058058,0.937567710876,-0.67286080122,0.0872343182564,0.733417451382,-0.0418019331992
0.378499627113,-0.212913423777,0.939661741257,-0.670121431351,0.0844289511442,0.736577212811,-0.0355406738818
0.377254962921,-0.211368963122,0.941601753235,-0.66700232029,0.0831547752023,0.739693701267,-0.0323507115245
0.376053154469,-0.209956586361,0.943414330482,-0.663895249367,0.0848695859313,0.7424903512,-0.0273545216769
0.374699890614,-0.208544611931,0.945042252541,-0.660424232483,0.0838622525334,0.745996415615,-0.0172190628946
0.373905062675,-0.20786049962,0.946851968765,-0.659060299397,0.0885178074241,0.746676206589,-0.01669880189
0.373122364283,-0.20685647428,0.948704898357,-0.656410753727,0.0934613421559,0.748496055603,-0.011977401562
0.372295081615,-0.206699579954,0.949984610081,-0.656499505043,0.0978706553578,0.747915804386,-0.00719603383914
0.37159204483,-0.206745490432,0.951116919518,-0.654988229275,0.102527506649,0.748649060726,-0.0017580765998
0.370947122574,-0.206881850958,0.952136516571,-0.65524494648,0.108677789569,0.747555196285,0.00209799828008
0.366028726101,-0.206687688828,0.952114343643,-0.650061309338,0.138611763716,0.745155930519,0.0543121732771
0.368366777897,-0.207985371351,0.955183029175,-0.654633998871,0.146844953299,0.741430938244,0.0130698923022
0.368412017822,-0.208807453513,0.95582062006,-0.649972140789,0.153689339757,0.7441162467,0.0143844923005
0.368176192045,-0.210373148322,0.955770671368,-0.65299487114,0.160071864724,0.739992558956,0.0196401756257
0.368070781231,-0.21173594892,0.955684959888,-0.651647210121,0.169748872519,0.738941669464,0.0225040912628
0.368114054203,-0.213383734226,0.955518245697,-0.650951981544,0.180164501071,0.736967563629,0.0260952841491
0.368439972401,-0.215316593647,0.955385327339,-0.651652991772,0.192785412073,0.733230173588,0.0235738158226
0.368979632854,-0.217294573784,0.955198824406,-0.65240162611,0.206449210644,0.728884875774,0.0218524672091
0.368979096413,-0.219883874059,0.954158246517,-0.652756631374,0.218935132027,0.724774718285,0.0260338094085
0.369427382946,-0.222377717495,0.953299641609,-0.651867389679,0.234997138381,0.720454037189,0.028127245605
0.369799077511,-0.225358605385,0.952127099037,-0.652211606503,0.251067101955,0.71473801136,0.0271028559655
0.370637953281,-0.228820025921,0.951085329056,-0.654859960079,0.271408051252,0.704998672009,0.0217522270977
0.37221467495,-0.230868563056,0.95020031929,-0.655020058155,0.293630450964,0.69619590044,0.00643253652379
0.369180321693,-0.234141603112,0.945066690445,-0.657653927803,0.311876505613,0.681876301765,0.0725897923112
0.372992008924,-0.239358380437,0.945880293846,-0.657985091209,0.328593224287,0.677285373211,0.0191398579627
0.374713242054,-0.243390440941,0.943797588348,-0.660472273827,0.349041044712,0.664707958698,0.0105138905346
0.376726806164,-0.247360020876,0.941572070122,-0.664125978947,0.365967333317,0.651923835278,0.000111053173896
0.378035306931,-0.252039551735,0.938230097294,-0.666322588921,0.380629628897,0.641194701195,0.00211631599814
0.380248725414,-0.256819963455,0.935106635094,-0.671746313572,0.394575953484,0.626939058304,-0.00376799027435
0.383772730827,-0.260670483112,0.932559728622,-0.673641324043,0.415145486593,0.610930263996,-0.0250190775841
0.386255741119,-0.265565037727,0.928542196751,-0.680375337601,0.428103536367,0.593848526478,-0.0340705029666
0.388783633709,-0.272053420544,0.923936724663,-0.695744454861,0.425634890795,0.57750326395,-0.0355613194406
0.392899155617,-0.277209818363,0.920295774937,-0.69508343935,0.440107196569,0.566774904728,-0.0439468249679
0.396721839905,-0.282981455326,0.915957689285,-0.699116051197,0.450881958008,0.552729666233,-0.0493141151965
0.400802493095,-0.289287239313,0.911771953106,-0.705888867378,0.457501322031,0.537595510483,-0.0583490692079
0.405341506004,-0.295531392097,0.907439649105,-0.709007263184,0.468069642782,0.523414492607,-0.065244615078
0.409870803356,-0.303378522396,0.898447990417,-0.739517331123,0.449362456799,0.499934345484,-0.0354066900909
0.416937023401,-0.309822559357,0.89440792799,-0.744326114655,0.446678906679,0.492960453033,-0.058707434684
0.422642588615,-0.316770881414,0.891241312027,-0.736617147923,0.452250510454,0.497169882059,-0.0754124224186
0.428225040436,-0.32374060154,0.886646032333,-0.746942579746,0.451371192932,0.480903714895,-0.0840956494212
0.435283482075,-0.33119609952,0.884578645229,-0.760365724564,0.455167412758,0.450406402349,-0.10863122344
0.441626816988,-0.338335245848,0.879808664322,-0.76795321703,0.452433437109,0.439381808043,-0.111784219742
0.448221802711,-0.345300078392,0.874449908733,-0.773631513119,0.448318451643,0.434996783733,-0.106221623719
0.455804854631,-0.352728456259,0.870588719845,-0.785727500916,0.438549667597,0.421303212643,-0.11318243295
0.463534235954,-0.359661757946,0.867184877396,-0.792278885841,0.434347271919,0.410849511623,-0.12181647867
0.471499562263,-0.366474211216,0.863997817039,-0.801363885403,0.427254259586,0.39822897315,-0.129164084792
0.47963231802,-0.373287886381,0.861043810844,-0.809208393097,0.42103561759,0.38638111949,-0.136455848813
0.488001227379,-0.379880309105,0.858393788338,-0.817685306072,0.413027733564,0.374371737242,-0.143683001399
0.496328413486,-0.386019706726,0.856086969376,-0.823753416538,0.407120555639,0.364352285862,-0.151429697871
0.506057977676,-0.393004357815,0.850459337234,-0.844900369644,0.375967979431,0.357704311609,-0.129766568542
0.514276981354,-0.398253768682,0.851959705353,-0.837747395039,0.381220936775,0.352410554886,-0.169282689691
0.522360980511,-0.403818249702,0.850920557976,-0.844311535358,0.377194851637,0.337313503027,-0.176300570369
0.530143857002,-0.409166961908,0.848932504654,-0.848158955574,0.372877448797,0.332129001617,-0.176859632134
0.53846848011,-0.41411793232,0.848676800728,-0.85576069355,0.365585207939,0.31494769454,-0.18662533164
0.546446740627,-0.419357717037,0.846442103386,-0.859241008759,0.356364071369,0.316360622644,-0.186079412699
0.554482340813,-0.424081623554,0.845472574234,-0.863583266735,0.347967892885,0.311254829168,-0.190428301692
0.562581062317,-0.428422212601,0.845125675201,-0.868557572365,0.339682370424,0.302152305841,-0.197301283479
0.570407867432,-0.432687580585,0.844416379929,-0.871379077435,0.332756578922,0.299164652824,-0.201176926494
0.577520668507,-0.436906963587,0.843337655067,-0.86404979229,0.349575519562,0.307873696089,-0.190863668919
0.585261523724,-0.440455108881,0.843193113804,-0.877253711224,0.317987293005,0.292635977268,-0.208983376622
0.592606544495,-0.444316476583,0.842202305794,-0.879205107689,0.308946281672,0.295096963644,-0.210874482989
0.599818110466,-0.447828382254,0.841822266579,-0.881722867489,0.29882016778,0.294542580843,-0.215675964952
0.608272731304,-0.451010644436,0.838008224964,-0.895452857018,0.26744812727,0.298629254103,-0.193536549807
0.614542782307,-0.454121351242,0.841102719307,-0.885253369808,0.274004548788,0.297232627869,-0.230001136661
0.62071698904,-0.457116544247,0.841284632683,-0.888111591339,0.267784655094,0.291651010513,-0.233428955078
0.626791059971,-0.460059553385,0.84091347456,-0.890348553658,0.259261578321,0.290251910686,-0.236255675554
0.632652819157,-0.463002711535,0.840156555176,-0.891086995602,0.25133100152,0.294826179743,-0.23637726903
0.638249754906,-0.465542256832,0.839744150639,-0.892714560032,0.244227260351,0.293517976999,-0.239292934537
0.643738687038,-0.467956572771,0.839337587357,-0.8935354352,0.236002415419,0.294936776161,-0.24271287024
0.648989081383,-0.47023755312,0.83905684948,-0.894650161266,0.228129774332,0.295091718435,-0.245924890041
0.654106557369,-0.472280323505,0.839251339436,-0.896184027195,0.220138162374,0.291467964649,-0.251872748137
0.658849656582,-0.474336266518,0.838174700737,-0.896542370319,0.212254375219,0.296156346798,-0.25189474225
0.663431942463,-0.47622013092,0.83788305521,-0.897276341915,0.203397333622,0.297195523977,-0.255341857672
0.667755067348,-0.477789282799,0.837397933006,-0.897566258907,0.19643394649,0.297865658998,-0.258968621492
0.671852052212,-0.479118227959,0.83702903986,-0.898023426533,0.188738137484,0.297407239676,-0.263591974974
0.676752269268,-0.480664461851,0.832784414291,-0.907762169838,0.161477982998,0.308055281639,-0.234509557486
0.680318236351,-0.482082843781,0.835643291473,-0.897735416889,0.169004201889,0.305051118135,-0.269170284271
0.683658063412,-0.483222573996,0.835162222385,-0.897883474827,0.162730783224,0.306025803089,-0.271426320076
0.68686747551,-0.484122335911,0.834453761578,-0.897601664066,0.156156823039,0.307059019804,-0.275029450655
0.68990457058,-0.484955191612,0.833547890186,-0.897927582264,0.148866474628,0.30874145031,-0.276122331619
0.692859828472,-0.485621929169,0.832901954651,-0.897124826908,0.140998333693,0.310809314251,-0.280506789684
0.695641577244,-0.486210823059,0.831952154636,-0.897319674492,0.132598012686,0.312036603689,-0.28260999918
0.697997450829,-0.486559689045,0.830894351006,-0.896590292454,0.12661293149,0.314736157656,-0.284668475389
0.700257599354,-0.486906021833,0.829797625542,-0.896423578262,0.119291365147,0.316795021296,-0.286068350077
0.702388703823,-0.487148463726,0.828672349453,-0.89643317461,0.110154002905,0.318559914827,-0.2877381742
0.704261958599,-0.487167835236,0.827546000481,-0.895765960217,0.103107213974,0.321018606424,-0.289688408375
0.705883860588,-0.487027704716,0.826420009136,-0.894731581211,0.0958619862795,0.323734760284,-0.292338579893
0.70743393898,-0.486817985773,0.825329363346,-0.893936872482,0.0890318602324,0.325682252645,-0.294756412506
0.708595514297,-0.486031115055,0.820482730865,-0.900363683701,0.0675662755966,0.335912525654,-0.268221706152
0.710025012493,-0.486046433449,0.822598099709,-0.890959620476,0.0729931890965,0.333607435226,-0.299281001091
0.710937380791,-0.485738456249,0.821408450603,-0.890610933304,0.0676319152117,0.335902154446,-0.299011409283
0.711646735668,-0.485201358795,0.820204913616,-0.889665484428,0.0613627620041,0.338881522417,-0.299815565348
0.712260246277,-0.484659045935,0.818734109402,-0.888807415962,0.0537771768868,0.341992646456,-0.300283968449
0.712643384933,-0.483996808529,0.817439734936,-0.887482643127,0.0489732697606,0.346055626869,-0.300369173288
0.712853014469,-0.483415573835,0.816049337387,-0.886046767235,0.0435909666121,0.350817233324,-0.299914121628
0.712905585766,-0.482580572367,0.814750909805,-0.885264515877,0.0395685061812,0.352960646152,-0.300266087055
0.712919056416,-0.481864094734,0.81339854002,-0.883741855621,0.037596937269,0.359088778496,-0.297727972269
0.712814748287,-0.48089787364,0.812069058418,-0.883418917656,0.0286665987223,0.359947383404,-0.298642069101
0.712566137314,-0.479966193438,0.810660243034,-0.881572306156,0.0234967730939,0.36476573348,-0.298704177141
0.7122797966,-0.47899633646,0.809443712234,-0.880622625351,0.0191845819354,0.368051499128,-0.297781378031
0.711920678616,-0.477951169014,0.808078289032,-0.87888020277,0.015389110893,0.372638553381,-0.297444522381
0.710184693336,-0.476388096809,0.803262472153,-0.884370267391,0.00387735571712,0.384379595518,-0.264814406633
0.710813641548,-0.475810021162,0.805606007576,-0.877024769783,0.00698124291375,0.379003047943,-0.295186966658
0.710343956947,-0.474727779627,0.80462449789,-0.875294625759,0.00281700165942,0.383238047361,-0.294923901558
0.709796965122,-0.473695635796,0.803342282772,-0.874108970165,-0.00134010193869,0.387360602617,-0.293058723211
0.709161162376,-0.472565680742,0.802382588387,-0.872796714306,-0.00652012787759,0.390447467566,-0.292804390192
0.708222091198,-0.471696615219,0.801017284393,-0.869008660316,-0.00764675764367,0.399528056383,-0.291792362928
0.70924448967,-0.472946196795,0.799512624741,-0.870024621487,-0.0339675620198,0.408546000719,-0.273849457502
0.708807170391,-0.471701949835,0.798720896244,-0.871051311493,-0.0404940322042,0.407859474421,-0.270703673363
0.70815294981,-0.470487564802,0.797746300697,-0.868932723999,-0.0443019904196,0.41191726923,-0.270772188902
0.707476019859,-0.46922776103,0.797012507915,-0.867999434471,-0.0473760403693,0.41378057003,-0.270404160023
0.706760942936,-0.468169867992,0.796315729618,-0.866015672684,-0.0500539056957,0.417844682932,-0.270031809807
0.705688416958,-0.466560065746,0.795945703983,-0.865263402462,-0.0499593876302,0.416968017817,-0.273790359497
0.705042362213,-0.465559095144,0.795383870602,-0.864239990711,-0.0522585958242,0.419328421354,-0.272986918688
0.701884567738,-0.464044749737,0.790918469429,-0.869490981102,-0.0601772367954,0.433726757765,-0.228572264314
0.703425884247,-0.464016973972,0.794404625893,-0.864001870155,-0.0516177937388,0.421954154968,-0.269798159599
0.703174293041,-0.46326610446,0.794021964073,-0.862298548222,-0.0563053749502,0.425238668919,-0.269152551889
0.702867865562,-0.462542802095,0.793701529503,-0.861125648022,-0.0587449483573,0.426940500736,-0.269691646099
0.702564060688,-0.461932569742,0.793285369873,-0.860250771046,-0.0613962672651,0.428926974535,-0.268739461899
0.702239990234,-0.461394578218,0.792953014374,-0.859176337719,-0.063603758812,0.4308616817,-0.268568068743
0.701998949051,-0.460909754038,0.792420148849,-0.858681797981,-0.0661714598536,0.432457536459,-0.266959547997
0.701783776283,-0.460466772318,0.792334198952,-0.857788801193,-0.0665689483285,0.433702766895,-0.26771068573
0.701657116413,-0.460178941488,0.792139172554,-0.857083082199,-0.0678050816059,0.434932053089,-0.267666310072
0.701583266258,-0.459968954325,0.791996598244,-0.856418073177,-0.06867557019,0.436121374369,-0.267637610435
0.701521337032,-0.459830731153,0.791948795319,-0.855557024479,-0.0691893994808,0.437620967627,-0.267811715603
0.701545476913,-0.459781169891,0.791867017746,-0.85520529747,-0.0693560317159,0.438456058502,-0.26752603054
0.701661944389,-0.459785670042,0.791723608971,-0.854790270329,-0.0700127780437,0.439368367195,-0.267184019089
0.698782265186,-0.45925283432,0.787553191185,-0.860085785389,-0.0752163156867,0.455306470394,-0.217464834452
0.701521635056,-0.460280835629,0.791782677174,-0.85620456934,-0.0602227449417,0.439794361591,-0.264325201511
0.70211160183,-0.460455566645,0.791755259037,-0.855321347713,-0.062151376158,0.441023975611,-0.264689058065
0.702698767185,-0.460684597492,0.791641116142,-0.85530090332,-0.0673254281282,0.439954012632,-0.265269786119
0.703275620937,-0.460905641317,0.791573822498,-0.855197906494,-0.0683285668492,0.439817160368,-0.265572249889
0.703907608986,-0.46120968461,0.791674911976,-0.855022728443,-0.0682252570987,0.439488649368,-0.26670435071
0.704530835152,-0.461572140455,0.791777729988,-0.854971706867,-0.0637577995658,0.439996093512,-0.267135828733
0.705187499523,-0.462034076452,0.791653037071,-0.855358064175,-0.0629451349378,0.439373195171,-0.267117500305
0.705879092216,-0.462504446507,0.791679918766,-0.855938076973,-0.0619366690516,0.438135117292,-0.267528682947
0.706633210182,-0.463009655476,0.791485905647,-0.85691767931,-0.0612722449005,0.436906605959,-0.266552627087
0.707530915737,-0.463611930609,0.791145384312,-0.858046591282,-0.0638093948364,0.434728443623,-0.265886813402
0.708421826363,-0.464207291603,0.790975749493,-0.858604431152,-0.0633507594466,0.433497220278,-0.266205340624
0.709280192852,-0.464754283428,0.790811598301,-0.859734535217,-0.0622493550181,0.43151563406,-0.266037136316
0.70728123188,-0.464663684368,0.786413788795,-0.86584097147,-0.0672233179212,0.445696979761,-0.217151090503
0.710512340069,-0.466189980507,0.790449738503,-0.863784492016,-0.0535311922431,0.426129102707,-0.263485968113
0.71175968647,-0.466851115227,0.790234923363,-0.864360690117,-0.0548507012427,0.424582570791,-0.26382163167
0.712806761265,-0.467401236296,0.789991974831,-0.865143179893,-0.055301155895,0.42233774066,-0.26476380229
0.713861465454,-0.467965692282,0.78977060318,-0.866624295712,-0.0548945628107,0.419035345316,-0.265251725912
0.71483784914,-0.468642383814,0.789221286774,-0.867235958576,-0.0550902634859,0.417931228876,-0.264953643084
0.715808212757,-0.469308882952,0.789060950279,-0.868358433247,-0.0536543503404,0.414984256029,-0.266200959682
0.715596616268,-0.46891772747,0.78897190094,-0.868063211441,-0.0299738533795,0.41251245141,-0.274592846632
0.716204106808,-0.469585001469,0.788729906082,-0.869860291481,-0.0262099262327,0.408532351255,-0.275240778923
0.716915428638,-0.470414280891,0.788495838642,-0.870897769928,-0.0212790686637,0.406431019306,-0.275496125221
0.717605471611,-0.471206784248,0.788151085377,-0.872252464294,-0.019162690267,0.403626561165,-0.275489151478
0.718316137791,-0.471951752901,0.787948310375,-0.874031245708,-0.0163605362177,0.399867475033,-0.275513887405
0.718854308128,-0.472796708345,0.787844896317,-0.874535739422,-0.0119923418388,0.398290872574,-0.276419401169
0.717496275902,-0.472314864397,0.783317565918,-0.881468474865,-0.0223469436169,0.408051639795,-0.236659824848
0.71982717514,-0.474338889122,0.78762948513,-0.876954138279,-0.00628688186407,0.39196434617,-0.277985423803
0.720443129539,-0.475174158812,0.787847518921,-0.877441763878,-0.00374714797363,0.390182316303,-0.278997808695
0.7208750844,-0.475949913263,0.787970781326,-0.878701031208,-0.00193306175061,0.3867649436,-0.279809892178
0.721271693707,-0.476710468531,0.788180530071,-0.878770947456,-0.00101227127016,0.385172069073,-0.281785428524
0.721535265446,-0.477448016405,0.788487315178,-0.87899440527,9.69980246737e-05,0.383179694414,-0.283799797297
0.721686005592,-0.478129804134,0.788870453835,-0.879394471645,0.00184223835822,0.380683302879,-0.285906046629
0.721747040749,-0.478824526072,0.78926217556,-0.879449605942,0.00357769941911,0.37935346365,-0.287483125925
0.721618890762,-0.479557514191,0.78995347023,-0.879693806171,0.00623146723956,0.377266645432,-0.289430379868
0.721385717392,-0.480242967606,0.790580630302,-0.879562318325,0.00841377861798,0.376099944115,-0.291287094355
0.720997154713,-0.480805724859,0.791341364384,-0.879417777061,0.00966833904386,0.374813765287,-0.293335050344
0.72055709362,-0.481379657984,0.79207098484,-0.879229366779,0.01108273305,0.373653978109,-0.295323044062
0.719989955425,-0.481891274452,0.792804837227,-0.878899276257,0.0132290543988,0.37295243144,-0.297098755836
0.718065321445,-0.481269806623,0.789298713207,-0.883162379265,0.000291421922157,0.386392772198,-0.265941351652
0.718409478664,-0.482623547316,0.794322609901,-0.87717372179,0.0155821302906,0.373458534479,-0.301417291164
0.71753269434,-0.48311829567,0.795276284218,-0.876972675323,0.015201067552,0.37329274416,-0.302225649357
0.716425657272,-0.483495622873,0.796248972416,-0.875674843788,0.0169146601111,0.374753803015,-0.304084151983
0.715172469616,-0.48370295763,0.797212004662,-0.875149726868,0.0173297673464,0.374694108963,-0.305641889572
0.713823735714,-0.483809798956,0.79810243845,-0.874161362648,0.0178002342582,0.375869691372,-0.306996792555
0.712346434593,-0.483873933554,0.79895991087,-0.872756302357,0.0193305294961,0.377954006195,-0.308340072632
0.71066057682,-0.483766317368,0.799907803535,-0.871466159821,0.0205163601786,0.379396349192,-0.310135960579
0.708870410919,-0.483591109514,0.800765752792,-0.870423555374,0.0209873169661,0.38100835681,-0.311054646969
0.706960558891,-0.483320116997,0.801666736603,-0.869294762611,0.0218153297901,0.382656812668,-0.312129408121
0.704974830151,-0.483037412167,0.802427530289,-0.868207991123,0.021585194394,0.385262697935,-0.311963945627
0.702761054039,-0.482510298491,0.803390443325,-0.866585254669,0.023869048804,0.387958824635,-0.312966972589
0.700425565243,-0.48188740015,0.80435693264,-0.865049600601,0.025981971994,0.390501230955,-0.313883781433
0.696921408176,-0.480349391699,0.801916241646,-0.869607329369,0.0180302709341,0.401427716017,-0.286903977394
0.695462226868,-0.480253905058,0.806172609329,-0.862509965897,0.030674174428,0.394971013069,-0.314854949713
0.693064451218,-0.47929546237,0.807859420776,-0.861844539642,0.031693149358,0.39463442564,-0.316990613937
0.690314412117,-0.478350013494,0.808111488819,-0.860036969185,0.032324809581,0.400770306587,-0.314125359058
0.687485516071,-0.477230340242,0.808948755264,-0.858433663845,0.0340782292187,0.404712349176,-0.313270300627
0.684626042843,-0.475929677486,0.80984556675,-0.857598304749,0.0364548936486,0.407335877419,-0.311887383461
0.681588709354,-0.473931849003,0.811611294746,-0.856266915798,0.041025493294,0.405434727669,-0.317405998707
0.678684413433,-0.472957521677,0.811677575111,-0.854721963406,0.0417252406478,0.413748770952,-0.310678809881
0.675339400768,-0.470816791058,0.812688827515,-0.853655695915,0.0440859161317,0.414450496435,-0.312344968319
0.67216283083,-0.469022601843,0.813466787338,-0.852328121662,0.0476447045803,0.417611718178,-0.311235249043
0.669047355652,-0.467233270407,0.81440782547,-0.851065337658,0.0503070168197,0.421204686165,-0.309424906969
0.665873467922,-0.465289205313,0.81526196003,-0.850046098232,0.0523682162166,0.424800366163,-0.306959033012
0.662560224533,-0.463174641132,0.81596827507,-0.848736107349,0.0545890852809,0.428503841162,-0.305043846369
0.657948672771,-0.460236102343,0.8140655756,-0.85389572382,0.0546969100833,0.43585985899,-0.279099434614
0.655760407448,-0.458577632904,0.817609071732,-0.846870541573,0.0622426755726,0.434229075909,-0.300635129213
0.652524411678,-0.456258744001,0.818419158459,-0.845203757286,0.0643998831511,0.438981741667,-0.297956675291
0.649240911007,-0.453707635403,0.819284021854,-0.844160199165,0.0666889622808,0.44197332859,-0.295982927084
0.64607834816,-0.450995951891,0.820665359497,-0.843140304089,0.0693936496973,0.443498343229,-0.295986950397
0.642629086971,-0.448338031769,0.820810079575,-0.84157627821,0.0715731233358,0.449600309134,-0.290665209293
0.63942104578,-0.445374548435,0.822157680988,-0.840379595757,0.0761035829782,0.451090663671,-0.290667653084
0.635965049267,-0.442448556423,0.822526097298,-0.838549375534,0.0784360915422,0.456769555807,-0.286433696747
0.632647097111,-0.439602345228,0.823258638382,-0.837070345879,0.0818687453866,0.461466193199,-0.282240569592
0.629321098328,-0.436468720436,0.824162900448,-0.835679829121,0.0859621912241,0.46494230628,-0.279425382614
0.626064360142,-0.433222740889,0.825003802776,-0.835084021091,0.0888330936432,0.467218667269,-0.276496142149
0.622787237167,-0.429945737123,0.825733304024,-0.833317577839,0.0919866412878,0.471618443727,-0.273306399584
0.619600176811,-0.426578372717,0.826703727245,-0.832134544849,0.0951828956604,0.47474437952,-0.270388901234
0.614911317825,-0.422074466944,0.824164450169,-0.836204111576,0.0953824445605,0.48455414176,-0.238479211926
0.613353729248,-0.420639246702,0.828367829323,-0.823319375515,0.121751889586,0.492101043463,-0.25526124239
0.610190212727,-0.416602283716,0.829318761826,-0.828819990158,0.105624563992,0.484397321939,-0.259345918894
0.607300519943,-0.413047224283,0.830272734165,-0.827497541904,0.107855930924,0.487404257059,-0.257006198168
0.604520916939,-0.409503787756,0.831228017807,-0.826590836048,0.110404737294,0.489798158407,-0.254276007414
0.601784646511,-0.405972391367,0.832089066505,-0.825517117977,0.112424716353,0.492880254984,-0.25090110302
0.599088490009,-0.402462661266,0.832940757275,-0.82351577282,0.116929382086,0.496550321579,-0.248167827725
0.596476018429,-0.398952066898,0.833877921104,-0.822592616081,0.118845753372,0.499379694462,-0.24461658299
0.593925118446,-0.395402401686,0.834806680679,-0.821024179459,0.122140273452,0.502239346504,-0.242397561669
0.59147799015,-0.391942203045,0.835707962513,-0.819655537605,0.125603422523,0.505443751812,-0.238568782806
0.589126467705,-0.388486593962,0.836649656296,-0.818696916103,0.128225818276,0.507575392723,-0.235925495625
0.586897850037,-0.385011762381,0.837584137917,-0.818180203438,0.130666911602,0.509411931038,-0.232393667102
0.584787130356,-0.38163074851,0.838460624218,-0.816404700279,0.135787501931,0.512588441372,-0.228687345982
0.580819964409,-0.3764103055,0.835490643978,-0.820946633816,0.132404699922,0.521238327026,-0.191901907325
0.580580532551,-0.374700814486,0.84034371376,-0.815103411674,0.142576575279,0.514694154263,-0.224428907037
0.578874468803,-0.371538609266,0.841404974461,-0.813922286034,0.14455164969,0.51732468605,-0.221382826567
0.577304422855,-0.3688608706,0.842277526855,-0.813049793243,0.14700114727,0.521097123623,-0.21400642395
0.575582027435,-0.365096658468,0.843245029449,-0.811575174332,0.151208326221,0.521440505981,-0.215827852488
0.574129462242,-0.361904114485,0.84413087368,-0.811545670033,0.153268933296,0.521715521812,-0.213810920715
0.572692215443,-0.358766078949,0.844926297665,-0.810205340385,0.158687308431,0.523480117321,-0.210604384542
0.57149296999,-0.355682045221,0.845875561237,-0.811061322689,0.160580590367,0.522479772568,-0.208346843719
0.5703125,-0.352572441101,0.846822977066,-0.80904519558,0.166367933154,0.524394214153,-0.206828936934
0.569231569767,-0.349607735872,0.847674667835,-0.808305859566,0.170938104391,0.52475553751,-0.205069720745
0.568265020847,-0.346674591303,0.848449885845,-0.808914065361,0.172535821795,0.524016499519,-0.203214406967
0.567440271378,-0.343857765198,0.849216222763,-0.808780491352,0.175826475024,0.524023234844,-0.200894907117
0.566643059254,-0.340960800648,0.850033640862,-0.808028876781,0.181450381875,0.524488866329,-0.197677433491
0.564043939114,-0.335903733969,0.84648168087,-0.815070807934,0.180365607142,0.527956902981,-0.156170591712
0.565306544304,-0.335362702608,0.851469039917,-0.808337330818,0.191803902388,0.521100223064,-0.195592463017
0.564884662628,-0.333024293184,0.852192163467,-0.808089315891,0.193762391806,0.521960794926,-0.19236625731
0.564593613148,-0.331048458815,0.85284948349,-0.807235658169,0.199095904827,0.523360669613,-0.186614736915
0.564811766148,-0.328139275312,0.854666888714,-0.809793055058,0.203272536397,0.514930784702,-0.194323837757
0.564281880856,-0.325847268105,0.85415738821,-0.80899810791,0.204463168979,0.517975330353,-0.188198238611
0.564217925072,-0.323626250029,0.854798197746,-0.808539330959,0.209790289402,0.516943454742,-0.187140703201
0.564760267735,-0.321372568607,0.856675684452,-0.810090124607,0.215651139617,0.51020783186,-0.192189246416
0.564828634262,-0.319363057613,0.857169508934,-0.810339272022,0.217365428805,0.509271144867,-0.191691070795
0.564888834953,-0.317270219326,0.856700360775,-0.813624680042,0.217313066125,0.507759809494,-0.181575909257
0.565336287022,-0.315680742264,0.858747959137,-0.809409379959,0.224383220077,0.505838215351,-0.196561262012
0.565603733063,-0.314014524221,0.859780550003,-0.806743502617,0.237318113446,0.505307853222,-0.193672522902
0.565579235554,-0.312217026949,0.859770298004,-0.810032725334,0.232458472252,0.50309252739,-0.191593229771
0.564391553402,-0.308132767677,0.856188237667,-0.819062888622,0.233610779047,0.500759899616,-0.154277533293
0.566267192364,-0.308844298124,0.861372470856,-0.810392975807,0.244831860065,0.495124906301,-0.195376574993
0.566974043846,-0.307628929615,0.862450540066,-0.811879992485,0.246063053608,0.491641819477,-0.196448907256
0.567475378513,-0.306345254183,0.862966775894,-0.811004459858,0.248073369265,0.491692453623,-0.197407528758
0.568076610565,-0.305116713047,0.863806545734,-0.812386333942,0.249835386872,0.488167881966,-0.198249965906
0.567703723907,-0.303852409124,0.861460924149,-0.812495589256,0.246009618044,0.498026221991,-0.17691847682
0.568067014217,-0.302950203419,0.861931324005,-0.814369261265,0.244113385677,0.496272474527,-0.175855010748
0.568481624126,-0.302077174187,0.862364590168,-0.813832819462,0.248616412282,0.495366215706,-0.174580618739
0.56924700737,-0.301305145025,0.863585174084,-0.817605018616,0.245569348335,0.489625811577,-0.177438318729
0.569788098335,-0.300773322582,0.864137768745,-0.818056762218,0.24487888813,0.488789737225,-0.178611859679
0.570127487183,-0.300532311201,0.864213109016,-0.819361329079,0.241589277983,0.488528817892,-0.177823662758
0.570440232754,-0.300542771816,0.864535927773,-0.82049292326,0.236672714353,0.488213032484,-0.180070862174
0.570798039436,-0.300542622805,0.865176618099,-0.821501672268,0.232485696673,0.487716913223,-0.182256877422
0.569137990475,-0.297936201096,0.860831081867,-0.832742214203,0.223194137216,0.488864421844,-0.133178502321
0.571767926216,-0.300736874342,0.869427680969,-0.823303639889,0.233451992273,0.473640173674,-0.208173781633
0.572185814381,-0.301733613014,0.870056569576,-0.82509303093,0.223616972566,0.476443737745,-0.205471247435
0.572414159775,-0.301598310471,0.870686769485,-0.82706952095,0.213763177395,0.474951297045,-0.211382478476
0.572121441364,-0.301712334156,0.870901107788,-0.82463401556,0.209556281567,0.481618613005,-0.210019960999
0.571970582008,-0.301946878433,0.871810436249,-0.826235592365,0.201598584652,0.481004476547,-0.212902382016
0.571837067604,-0.302011489868,0.872680306435,-0.827458679676,0.196479827166,0.480585247278,-0.21388207376
0.571604728699,-0.302134603262,0.873651504517,-0.826781153679,0.190325349569,0.482555747032,-0.217598885298
0.571060717106,-0.302275419235,0.87469035387,-0.825316131115,0.185541048646,0.485448420048,-0.220833644271
0.570430457592,-0.302427917719,0.875798583031,-0.824763596058,0.180267989635,0.486447036266,-0.225028306246
0.569537222385,-0.302530884743,0.87683570385,-0.822586297989,0.17712636292,0.489728331566,-0.228351101279
0.568341314793,-0.302573829889,0.877373456955,-0.820997238159,0.172864243388,0.494334876537,-0.227408379316
0.566949665546,-0.302683860064,0.87797164917,-0.818082928658,0.171207249165,0.499365597963,-0.228171780705
0.562693834305,-0.301358163357,0.875241279602,-0.828632831573,0.167940333486,0.502392172813,-0.181013196707
0.563260316849,-0.30259385705,0.880468428135,-0.816937625408,0.17356005311,0.499003887177,-0.231268286705
0.562225341797,-0.302515625954,0.881843388081,-0.814835846424,0.167110726237,0.502966105938,-0.234822720289
0.560695648193,-0.302501469851,0.883083462715,-0.810152471066,0.16791754961,0.510022759438,-0.235230445862
0.559000909328,-0.301936984062,0.883994281292,-0.810651063919,0.160303905606,0.509815514088,-0.239239901304
0.557572126389,-0.301942020655,0.885448992252,-0.809066534042,0.1558303684,0.51319783926,-0.240325152874
0.555537462234,-0.30106946826,0.886123239994,-0.806067287922,0.152541190386,0.516796886921,-0.244760319591
0.553749918938,-0.300343185663,0.887732386589,-0.803678333759,0.151279568672,0.518685400486,-0.249361544847
0.551527738571,-0.299731820822,0.888192772865,-0.801729202271,0.147820040584,0.523327708244,-0.248007744551
0.549383819103,-0.299020707607,0.889149963856,-0.799670338631,0.144614741206,0.526569068432,-0.2496778965
0.54706287384,-0.298099994659,0.890198290348,-0.796343564987,0.142431467772,0.531995534897,-0.250061839819
0.544841885567,-0.297357797623,0.891140341759,-0.794656634331,0.143194660544,0.535643517971,-0.247188434005
0.543001949787,-0.296185731888,0.893324613571,-0.792592167854,0.141704052687,0.53609508276,-0.253613442183
0.536775112152,-0.294892847538,0.890242516994,-0.801028013229,0.145165130496,0.546012461185,-0.19786824286
0.536453783512,-0.29391053319,0.894384860992,-0.793337285519,0.142458021641,0.538944482803,-0.244663834572
0.534497380257,-0.292374968529,0.895483732224,-0.791340172291,0.13188791275,0.543868541718,-0.246157109737
0.532297492027,-0.290885984898,0.896477818489,-0.788861632347,0.125695973635,0.548217833042,-0.247699767351
0.529983282089,-0.28964138031,0.897467255592,-0.785734176636,0.119389824569,0.555727005005,-0.243998527527
0.527432084084,-0.287930369377,0.898554682732,-0.782519519329,0.115463756025,0.56187492609,-0.242131590843
0.524796426296,-0.285588443279,0.89988976717,-0.781135499477,0.113940469921,0.562847316265,-0.245046749711
0.522144138813,-0.283583134413,0.901414752007,-0.777254283428,0.113366030157,0.56811606884,-0.245495721698
0.519444346428,-0.281535685062,0.902415454388,-0.776258468628,0.10713005811,0.571208238602,-0.244268640876
0.516749799252,-0.27938786149,0.903793156147,-0.773276627064,0.105054453015,0.576423287392,-0.242369487882
0.513864338398,-0.277222037315,0.905267655849,-0.766717493534,0.108972288668,0.585246801376,-0.240323647857
0.511439502239,-0.278111487627,0.90528768301,-0.769309997559,0.0862571522593,0.595908582211,-0.213576436043
0.508043408394,-0.272970050573,0.907710254192,-0.763237416744,0.098454028368,0.595307528973,-0.231050938368
0.501034200191,-0.273593485355,0.905704438686,-0.771259069443,0.101232089102,0.610201656818,-0.150218069553
0.500592947006,-0.270318180323,0.910583972931,-0.765778303146,0.101173058152,0.600645184517,-0.20633213222
0.498184859753,-0.267563581467,0.911943078041,-0.762004375458,0.0941238328815,0.606721460819,-0.205862432718
0.495648801327,-0.264981687069,0.913307905197,-0.759179294109,0.0915614366531,0.610870540142,-0.205184370279
0.492976665497,-0.262363106012,0.914519071579,-0.75620919466,0.0873907878995,0.616032361984,-0.202520802617
0.490131378174,-0.260833710432,0.915222942829,-0.750612437725,0.084474593401,0.627352774143,-0.189403072
0.487332433462,-0.258434534073,0.916627287865,-0.748439729214,0.0847376137972,0.630909860134,-0.186038598418
0.484357893467,-0.253242999315,0.919339120388,-0.739669561386,0.104948885739,0.632573485374,-0.204268097878
0.48158159852,-0.252923071384,0.919404089451,-0.74388384819,0.0843424201012,0.637882351875,-0.180635243654
0.478577792645,-0.249132618308,0.921104431152,-0.744252622128,0.081305809319,0.635845661163,-0.18755748868
0.475746721029,-0.245570391417,0.923067092896,-0.735589206219,0.0993996188045,0.641408801079,-0.193966716528
0.472874462605,-0.242313683033,0.924738287926,-0.733709573746,0.100342035294,0.642806470394,-0.195963531733
0.469944864511,-0.239940568805,0.925990104675,-0.729592740536,0.103014267981,0.648346304893,-0.191649705172
0.462278455496,-0.237186565995,0.924749493599,-0.739708840847,0.116051197052,0.649437189102,-0.132643908262
0.463035225868,-0.236733749509,0.929422736168,-0.72850805521,0.126500606537,0.651286661625,-0.170585110784
0.460918664932,-0.235503152013,0.929982483387,-0.727756679058,0.116384826601,0.656876266003,-0.159180969
0.458926618099,-0.231315761805,0.93205499649,-0.718346357346,0.133492901921,0.660628080368,-0.172420233488
0.45688855648,-0.228923484683,0.933261394501,-0.717885732651,0.133749231696,0.661338627338,-0.171413615346
0.454602867365,-0.226689368486,0.934119820595,-0.716366171837,0.131535619497,0.663681685925,-0.170424699783
0.452682256699,-0.224808365107,0.935528874397,-0.711111783981,0.137262195349,0.668949782848,-0.167288556695
0.450659155846,-0.222976997495,0.936630547047,-0.70901209116,0.139935567975,0.67124992609,-0.164752736688
0.449577301741,-0.221272319555,0.938826322556,-0.708282351494,0.144159033895,0.670210957527,-0.168438658118
0.446959257126,-0.219569504261,0.938616812229,-0.708967626095,0.142672121525,0.671532392502,-0.161412402987
0.446179986,-0.218491703272,0.941068649292,-0.703689038754,0.150101140141,0.673106908798,-0.170933648944
0.443739235401,-0.21668432653,0.940762341022,-0.706141293049,0.152610957623,0.674846351147,-0.150521755219
0.442871212959,-0.215801358223,0.942711234093,-0.704283952713,0.150774642825,0.6735663414,-0.166010960937
0.437014341354,-0.214369505644,0.941948473454,-0.706110298634,0.180639922619,0.676148951054,-0.107704304159
0.438740700483,-0.214255005121,0.945764660835,-0.705361306667,0.181990593672,0.666599214077,-0.158084079623
0.437597036362,-0.213139936328,0.94582760334,-0.706381201744,0.174716055393,0.66906195879,-0.151182621717
0.437331974506,-0.212742522359,0.946949124336,-0.70473498106,0.181982457638,0.667224764824,-0.158246725798
0.436619490385,-0.212236851454,0.947384595871,-0.705814361572,0.179834663868,0.666598260403,-0.158532232046
0.434398949146,-0.211549758911,0.945492684841,-0.709974646568,0.17043839395,0.669992625713,-0.134151905775
0.435089886189,-0.211415812373,0.947714567184,-0.707470417023,0.17877189815,0.666414618492,-0.1530290097
0.434663891792,-0.211202546954,0.948283612728,-0.707385122776,0.17862161994,0.666573047638,-0.15290863812
0.434346139431,-0.2122169137,0.948286056519,-0.718344330788,0.160912081599,0.661752641201,-0.142029479146
0.434241890907,-0.212405070662,0.948590874672,-0.721803307533,0.15380781889,0.660508096218,-0.13810198009
0.434106349945,-0.212309956551,0.948926091194,-0.72274762392,0.146713718772,0.661477982998,-0.136227726936
0.432686209679,-0.211206376553,0.947219967842,-0.725895285606,0.138245493174,0.664787232876,-0.109645903111
0.434130311012,-0.211880683899,0.949737727642,-0.724367320538,0.130132570863,0.664303123951,-0.13060991466
0.429299384356,-0.211242169142,0.949350357056,-0.726274967194,0.153082340956,0.666543602943,-0.0693560093641
0.432512104511,-0.211917161942,0.953369617462,-0.724353849888,0.145142167807,0.662842035294,-0.122008241713
0.432953476906,-0.211636587977,0.954084515572,-0.723704218864,0.128638625145,0.667501330376,-0.11893838644
0.433313399553,-0.210860341787,0.955066680908,-0.724053740501,0.11558303982,0.669002354145,-0.12174859643
0.433449327946,-0.210862636566,0.955764591694,-0.720416843891,0.101973265409,0.67668068409,-0.112713113427
0.433081895113,-0.210449457169,0.956061601639,-0.71821731329,0.0862706974149,0.683401584625,-0.0984053686261
0.433261871338,-0.210195615888,0.957156598568,-0.71818870306,0.0702500641346,0.686015427113,-0.093019425869
0.432704180479,-0.210126370192,0.957387030125,-0.71344357729,0.0532543845475,0.693794488907,-0.0825317203999
0.432813107967,-0.209754496813,0.958552896976,-0.714863479137,0.0382270291448,0.694255053997,-0.0742886960506
0.433426856995,-0.209796339273,0.96033012867,-0.71117246151,0.0224048160017,0.699405908585,-0.0675507038832
0.433134794235,-0.2095515728,0.961178123951,-0.707674860954,0.00457640551031,0.704049766064,-0.0590711683035
0.433246135712,-0.209240525961,0.962670445442,-0.70636254549,-0.0147075243294,0.705650806427,-0.0537840127945
0.434027671814,-0.20958673954,0.96462392807,-0.702206552029,-0.0308315139264,0.709716439247,-0.0475188009441
0.426661640406,-0.210224121809,0.96482527256,-0.694010019302,-0.00712612178177,0.718927919865,0.0379745438695
0.43039047718,-0.211298286915,0.968638896942,-0.700544297695,-0.0259651057422,0.712867438793,-0.0195814780891
0.431272149086,-0.211278095841,0.96995985508,-0.696192264557,-0.0494024530053,0.715968072414,-0.0162889119238
0.43059104681,-0.210802286863,0.969747304916,-0.690889120102,-0.0703143775463,0.719494998455,-0.00742752477527
0.43130171299,-0.210855484009,0.971175670624,-0.68455350399,-0.0931707173586,0.722976326942,-0.00331073231064
0.430854409933,-0.210415005684,0.971670150757,-0.680036783218,-0.112250745296,0.724527180195,0.00317979278043
0.430362164974,-0.209908336401,0.972231030464,-0.675950407982,-0.130985558033,0.725133061409,0.0107737313956
0.429265320301,-0.141482383013,0.965241611004,-0.326560288668,-0.802682459354,0.490350157022,-0.0928221568465
0.427724838257,-0.141098558903,0.96827673912,-0.319681614637,-0.812584280968,0.479859173298,-0.0851209685206
0.426288068295,-0.14099766314,0.971176683903,-0.314280748367,-0.81976556778,0.471729576588,-0.0817513987422
0.424777984619,-0.140905514359,0.974107503891,-0.307016611099,-0.82708376646,0.464605510235,-0.0762557163835
0.423419892788,-0.141100525856,0.976899683475,-0.301190763712,-0.831624090672,0.460749804974,-0.0734513327479
0.421691685915,-0.141117960215,0.980067551136,-0.292262434959,-0.839159071445,0.453410983086,-0.0693789348006
0.42396402359,-0.153071254492,0.976497709751,-0.346368342638,-0.755684196949,0.554434299469,-0.0396614223719
0.431712925434,-0.161480247974,0.980141818523,-0.448752313852,-0.687565207481,0.567869603634,-0.0583063848317
0.431165397167,-0.167305275798,0.980479717255,-0.467214047909,-0.643712699413,0.60424298048,-0.0472791045904
0.429904669523,-0.172011584044,0.98192858696,-0.474391222,-0.613372147083,0.630413472652,-0.0361461266875
0.428787499666,-0.17589110136,0.983675837517,-0.48275783658,-0.588578462601,0.647879123688,-0.0278018545359
0.427335500717,-0.179364562035,0.985673427582,-0.489248931408,-0.564951956272,0.664009213448,-0.0235923845321
0.426044374704,-0.182114437222,0.987688183784,-0.490159034729,-0.550475895405,0.675597429276,-0.0169867482036
0.424201726913,-0.184166923165,0.989640593529,-0.488627523184,-0.540115833282,0.685134589672,-0.0104282628745
0.423391759396,-0.186243712902,0.991934597492,-0.49203979969,-0.529567599297,0.690962672234,-0.00507812015712
0.421732336283,-0.187351882458,0.995010614395,-0.492120623589,-0.540728330612,0.682193517685,0.00650613801554
0.420526564121,-0.188605591655,0.997218430042,-0.489605128765,-0.538016796112,0.686105251312,0.00919501669705
0.418983072042,-0.189490556717,0.999223411083,-0.48204678297,-0.538575530052,0.690922021866,0.0139346541837
0.418046653271,-0.190302252769,1.00157368183,-0.478621214628,-0.538974523544,0.692899703979,0.0178449936211
0.41515392065,-0.198511779308,1.00377964973,-0.480728745461,-0.473094940186,0.736933350563,0.0448362417519
0.415605962276,-0.198853433132,1.00652074814,-0.486523300409,-0.482340097427,0.72795778513,0.0268426090479
0.415051192045,-0.19886483252,1.00847733021,-0.482189834118,-0.490636765957,0.72523522377,0.0283271446824
0.414604067802,-0.200605198741,1.0111194849,-0.48251336813,-0.485994547606,0.728317439556,0.02332300134
0.414396643639,-0.20257717371,1.01356577873,-0.484311372042,-0.477468430996,0.732809305191,0.0213777609169
0.414136826992,-0.205671936274,1.01572310925,-0.48536336422,-0.462571293116,0.74169075489,0.0185756422579
0.413860619068,-0.208072334528,1.01791501045,-0.486735701561,-0.451811820269,0.747438251972,0.0170513466001
0.413874834776,-0.21029317379,1.01975274086,-0.488794118166,-0.444296658039,0.750600516796,0.0167257972062
0.413555204868,-0.213123753667,1.02147686481,-0.489667654037,-0.431252986193,0.757616221905,0.0162549875677
0.412733346224,-0.2175578475,1.02290010452,-0.488546609879,-0.394079625607,0.778372526169,0.0126356212422
0.413531333208,-0.217722892761,1.02442872524,-0.492330312729,-0.416658163071,0.764036536217,0.0159746464342
0.41357344389,-0.2198138237,1.02563381195,-0.493736088276,-0.410244822502,0.766564905643,0.0173806305975
0.413129389286,-0.222996771336,1.02683067322,-0.493518799543,-0.3979357481,0.773188233376,0.0163216460496
0.416294276714,-0.233483225107,1.02988147736,-0.530572772026,-0.320357769728,0.784613966942,0.015636254102
0.411657273769,-0.235653162003,1.03253722191,-0.517891287804,-0.296383112669,0.802329242229,0.0146136656404
0.411929011345,-0.23670758307,1.03270101547,-0.515177071095,-0.305447787046,0.800645470619,0.0161603838205
0.411888599396,-0.238020598888,1.03298509121,-0.51214838028,-0.309187531471,0.801140964031,0.0167417824268
0.412276953459,-0.239239022136,1.03324067593,-0.509733259678,-0.316703140736,0.799711227417,0.0182518679649
0.412451833487,-0.24044406414,1.0333827734,-0.507598280907,-0.322869896889,0.798573255539,0.0194881651551
0.412616610527,-0.242305830121,1.03387391567,-0.50422424078,-0.323214530945,0.800555884838,0.0200146511197
0.412921309471,-0.243720859289,1.03402078152,-0.50221157074,-0.329520910978,0.799207270145,0.0216162670404
0.412900686264,-0.244645982981,1.03404307365,-0.500899910927,-0.336317867041,0.797155499458,0.0230829473585
0.413113057613,-0.246542721987,1.0345107317,-0.49802595377,-0.337949216366,0.798238396645,0.024005509913
0.413193464279,-0.248015701771,1.03466653824,-0.495966970921,-0.341116338968,0.798123717308,0.0255913175642
0.413363099098,-0.249436080456,1.03490757942,-0.494279235601,-0.344765245914,0.797557413578,0.0269656870514
0.413510143757,-0.250868022442,1.03503644466,-0.492600053549,-0.350168168545,0.79617446661,0.0288750045002
0.418305903673,-0.26067212224,1.03783142567,-0.534773945808,-0.286904960871,0.794787704945,0.00386858731508
0.413368672132,-0.261688768864,1.04080879688,-0.514020264149,-0.263194322586,0.816367745399,0.00745963631198
0.413218170404,-0.262441694736,1.04018485546,-0.508111536503,-0.275360822678,0.815978527069,0.0133487600833
0.413223624229,-0.26312237978,1.03979361057,-0.503728330135,-0.28736063838,0.814456641674,0.0184971038252
0.413273692131,-0.264275878668,1.03957414627,-0.499720156193,-0.297087132931,0.813359439373,0.0215714685619
0.413100242615,-0.265501856804,1.03953635693,-0.49581989646,-0.302198678255,0.813797712326,0.0239130444825
0.413375943899,-0.266272336245,1.03936946392,-0.493701070547,-0.313655585051,0.810643851757,0.0271282512695
0.413134813309,-0.26793935895,1.03922128677,-0.490002959967,-0.313368082047,0.812955021858,0.0283192452043
0.412730693817,-0.269414335489,1.03932905197,-0.486824959517,-0.316654086113,0.813548743725,0.0295005422086
0.412850916386,-0.270635634661,1.03928458691,-0.48473316431,-0.322351902723,0.812487900257,0.0314075648785
0.413353979588,-0.270421296358,1.0383323431,-0.487001895905,-0.340503722429,0.803555905819,0.0344128981233
0.413431793451,-0.271804362535,1.03857851028,-0.48592492938,-0.345611304045,0.802083313465,0.033048029989
0.413878977299,-0.272720396519,1.03856229782,-0.486098855734,-0.355797678232,0.797489821911,0.0335556194186
0.418699026108,-0.283264786005,1.04106271267,-0.529089510441,-0.282952070236,0.799960553646,0.00809427164495
0.413187861443,-0.283374428749,1.0436412096,-0.509433925152,-0.270150899887,0.816918611526,0.0118135483935
0.412819623947,-0.284009039402,1.04264092445,-0.503676891327,-0.28316000104,0.816000759602,0.0165131557733
0.413036763668,-0.284179955721,1.04165327549,-0.501162350178,-0.303410619497,0.810112476349,0.0222675111145
0.412431567907,-0.285356223583,1.04121363163,-0.496755510569,-0.311045348644,0.80989164114,0.0236704796553
0.411815047264,-0.287847518921,1.04118728638,-0.489720135927,-0.291761249304,0.821385204792,0.0193900913
0.411243677139,-0.289389252663,1.04092121124,-0.486869722605,-0.296414226294,0.821425497532,0.0188869982958
0.411448180676,-0.290278375149,1.04035544395,-0.486142665148,-0.305484890938,0.818484842777,0.0206615570933
0.41071587801,-0.291818827391,1.03972840309,-0.483766376972,-0.310435950756,0.817976117134,0.0226857662201
0.411699593067,-0.291305303574,1.03905296326,-0.487479388714,-0.348348140717,0.800044536591,0.030761398375
0.411437630653,-0.292911529541,1.03875184059,-0.485521972179,-0.351350426674,0.79989272356,0.0315122753382
0.409725338221,-0.296783179045,1.03895771503,-0.477891385555,-0.318870782852,0.818142175674,0.0241826232523
0.410398483276,-0.297878205776,1.0383234024,-0.479124337435,-0.329566270113,0.81311494112,0.0258869510144
0.415785014629,-0.307771772146,1.03991436958,-0.523702681065,-0.271299391985,0.807546198368,-0.00123881082982
0.410356253386,-0.308255016804,1.04300653934,-0.502206742764,-0.270839214325,0.821205794811,0.00745265139267
0.409438878298,-0.310686826706,1.04217863083,-0.492105603218,-0.256765335798,0.831781983376,0.0065213968046
0.408526957035,-0.312115728855,1.04104924202,-0.487633794546,-0.263896137476,0.832149147987,0.00999573618174
0.408907413483,-0.313344240189,1.03972113132,-0.486452549696,-0.279141306877,0.827796161175,0.014059166424
0.408422112465,-0.315069854259,1.03875946999,-0.483381927013,-0.283611088991,0.828052580357,0.0153536237776
0.408283174038,-0.316846251488,1.03746426105,-0.481588810682,-0.291857033968,0.826173901558,0.0181198567152
0.408874630928,-0.318265378475,1.0368937254,-0.481030642986,-0.304445654154,0.821908831596,0.0197025537491
0.408773243427,-0.320417255163,1.03590846062,-0.479321122169,-0.306890577078,0.82201564312,0.0189665779471
0.409079551697,-0.322408944368,1.03478062153,-0.479337573051,-0.314362645149,0.819201469421,0.0179106835276
0.409717410803,-0.324449807405,1.033675313,-0.479558587074,-0.321297615767,0.816388428211,0.0173651464283
0.410048276186,-0.326494425535,1.03286731243,-0.479707509279,-0.329140394926,0.813196778297,0.0160696879029
0.409955263138,-0.329235941172,1.03186058998,-0.477934449911,-0.325936317444,0.815564990044,0.0140713853762
0.417031913996,-0.338619977236,1.03231060505,-0.531264901161,-0.293693631887,0.79462993145,-0.00804959610105
0.411609858274,-0.339887619019,1.0344171524,-0.508787631989,-0.27426981926,0.816022872925,-0.00420752447098
0.410542190075,-0.341593533754,1.03238153458,-0.502450168133,-0.284207671881,0.816556572914,0.00227367947809
0.410817444324,-0.343751966953,1.03044855595,-0.498219072819,-0.294851839542,0.815347671509,0.00695702666417
0.411256164312,-0.345792293549,1.02884805202,-0.495235532522,-0.306562036276,0.812798380852,0.0109751168638
0.41178971529,-0.348089724779,1.02727389336,-0.492791712284,-0.31498298049,0.811028599739,0.0132202636451
0.413342654705,-0.35155698657,1.02665054798,-0.489712834358,-0.306009232998,0.816391408443,0.00668470282108
0.414566129446,-0.35404497385,1.02551531792,-0.489340394735,-0.314393609762,0.813441097736,0.0040504783392
0.415923058987,-0.356373637915,1.0244345665,-0.489568710327,-0.326320528984,0.808599412441,0.0020687400829
0.416875123978,-0.359182238579,1.02336454391,-0.48824468255,-0.328445196152,0.808541834354,-0.00097791524604
0.418198645115,-0.36259111762,1.02266740799,-0.486385792494,-0.330410927534,0.808849990368,-0.00438845995814
0.419306218624,-0.364808499813,1.02161026001,-0.486336946487,-0.339139968157,0.805254518986,-0.00506321107969
0.420984566212,-0.366132467985,1.02050936222,-0.48768427968,-0.36990877986,0.790779054165,-0.000122304685647
0.428068459034,-0.382416844368,1.02402353287,-0.526365637779,-0.261469215155,0.807141900063,-0.0556334331632
0.423755645752,-0.379935383797,1.02444219589,-0.513194739819,-0.277000576258,0.811388731003,-0.0393712744117
0.425677329302,-0.379375547171,1.02164924145,-0.513534069061,-0.312838405371,0.798439502716,-0.0301523916423
0.427121937275,-0.381858348846,1.02044343948,-0.508645296097,-0.324545413256,0.796870350838,-0.030784862116
0.427789449692,-0.389345735312,1.02178478241,-0.493502676487,-0.29766497016,0.816197514534,-0.0408956967294
0.430253297091,-0.386626839638,1.01826286316,-0.501944541931,-0.347090989351,0.791689634323,-0.0284085124731
0.431694567204,-0.39005073905,1.0179309845,-0.496944487095,-0.347374796867,0.794616699219,-0.0310040302575
0.43295326829,-0.393460273743,1.01703429222,-0.494734227657,-0.349599063396,0.794781088829,-0.0366281308234
0.435167551041,-0.395284593105,1.01573038101,-0.494599252939,-0.361868441105,0.789422571659,-0.0351387783885
0.436816871166,-0.398894667625,1.01485359669,-0.492206126451,-0.36188095808,0.790711581707,-0.0393767617643
0.438219457865,-0.403876185417,1.01491785049,-0.486380517483,-0.350210189819,0.799218297005,-0.0451343841851
0.439794301987,-0.405425220728,1.01241087914,-0.489262223244,-0.364381581545,0.79117077589,-0.0435614027083
0.441413223743,-0.411662340164,1.01288282871,-0.483559548855,-0.344633042812,0.802808940411,-0.0538151189685
0.449746310711,-0.420546859503,1.01255869865,-0.533285439014,-0.301220178604,0.788072347641,-0.0617670156062
0.445484220982,-0.423278599977,1.01366841793,-0.516676902771,-0.280089050531,0.80616247654,-0.0685372576118
0.446985960007,-0.426389396191,1.01158165932,-0.5120267272,-0.283384680748,0.807575106621,-0.0731046125293
0.44920155406,-0.430515557528,1.01026344299,-0.506742119789,-0.279613614082,0.811712086201,-0.0784350335598
0.451206028461,-0.433584213257,1.00764513016,-0.505873501301,-0.282785952091,0.810798823833,-0.0820329412818
0.45344427228,-0.436703592539,1.00496029854,-0.506564974785,-0.288182020187,0.807879567146,-0.0875990390778
0.45534992218,-0.44030097127,1.00214743614,-0.507347285748,-0.284071862698,0.807952046394,-0.0954750627279
0.457510471344,-0.443062901497,0.998429656029,-0.510891616344,-0.29106593132,0.802622377872,-0.100337840617
0.46004781127,-0.446299940348,0.995086014271,-0.514775753021,-0.290922284126,0.79889780283,-0.110147699714
0.462669074535,-0.449743241072,0.991492927074,-0.519178688526,-0.288681447506,0.795299291611,-0.120894707739
0.465073943138,-0.453270405531,0.987582743168,-0.523613512516,-0.281853556633,0.793243348598,-0.13096781075
0.468146681786,-0.456359773874,0.983194768429,-0.530059993267,-0.282613247633,0.787072062492,-0.140299037099
0.470743834972,-0.460108876228,0.978984475136,-0.535268723965,-0.273054987192,0.784986197948,-0.150749117136
0.475763559341,-0.469129055738,0.976197600365,-0.568884968758,-0.220229059458,0.777092397213,-0.154908955097
0.451785832644,-0.408475339413,0.957680702209,-0.149965897202,-0.820439577103,0.529022276402,-0.156603485346
0.45925578475,-0.414620161057,0.951888442039,-0.201520323753,-0.791130065918,0.544186830521,-0.193296432495
0.460064351559,-0.419598668814,0.939780116081,-0.166610881686,-0.77286618948,0.586430072784,-0.17612041533
0.463849544525,-0.423167049885,0.932727217674,-0.168868690729,-0.765419781208,0.590507149696,-0.192138776183
0.46864181757,-0.427059471607,0.9259121418,-0.17836381495,-0.755058288574,0.595227599144,-0.209230601788
0.47355389595,-0.430391341448,0.918181061745,-0.186315745115,-0.743020176888,0.600807309151,-0.228556469083
0.478688448668,-0.433694124222,0.911241352558,-0.198253616691,-0.734810709953,0.600326895714,-0.245675176382
0.484145402908,-0.436633050442,0.903174221516,-0.212435796857,-0.724152803421,0.60226392746,-0.260292291641
0.490670621395,-0.440275013447,0.895847320557,-0.222757875919,-0.710710704327,0.606141328812,-0.279037833214
0.497382879257,-0.443046659231,0.888225317001,-0.243551105261,-0.699532747269,0.604163348675,-0.293808728456
0.503818631172,-0.446063816547,0.880315423012,-0.253637850285,-0.686050355434,0.606703281403,-0.311310142279
0.511123001575,-0.448882073164,0.872860848904,-0.267867177725,-0.674202680588,0.604947566986,-0.328232228756
0.518126189709,-0.451769560575,0.865247368813,-0.287553876638,-0.663007318974,0.600163161755,-0.342838585377
0.526509642601,-0.454427719116,0.858123898506,-0.297181546688,-0.648067891598,0.600952446461,-0.36131349206
0.535805940628,-0.456756561995,0.850821971893,-0.313107728958,-0.632696211338,0.600985229015,-0.374801009893
0.543010473251,-0.458829522133,0.84390193224,-0.319152414799,-0.628979623318,0.595478057861,-0.38462010026
0.551864326,-0.460912793875,0.836651206017,-0.329938024282,-0.612745523453,0.594962894917,-0.402123004198
0.560943484306,-0.462720930576,0.829980254173,-0.340450823307,-0.601455509663,0.591726005077,-0.414975911379
0.570456266403,-0.464315623045,0.823394715786,-0.351446181536,-0.588862359524,0.588695585728,-0.42797717452
0.581245064735,-0.465714424849,0.817403137684,-0.365804761648,-0.574358403683,0.58590221405,-0.439337819815
0.591113746166,-0.466930508614,0.811549544334,-0.376777410507,-0.564537465572,0.580906748772,-0.449314564466
0.600376367569,-0.467770218849,0.805688500404,-0.383927792311,-0.557224690914,0.572335839272,-0.46317589283
0.611923694611,-0.468554198742,0.800556063652,-0.398351311684,-0.54452329874,0.56687027216,-0.472724944353
0.622600674629,-0.46910777688,0.795637249947,-0.408268719912,-0.535919845104,0.558772802353,-0.483611017466
0.633492410183,-0.469493836164,0.792292237282,-0.418656021357,-0.524824619293,0.550646305084,-0.496059298515
0.644452154636,-0.469688802958,0.789783477783,-0.431766718626,-0.53061157465,0.533018887043,-0.497915476561
0.655410885811,-0.469711095095,0.787375092506,-0.442812681198,-0.525628268719,0.520661890507,-0.506501019001
0.666955947876,-0.469601005316,0.785366773605,-0.451900005341,-0.499936282635,0.518951892853,-0.525869965553
0.677693963051,-0.46928140521,0.783324480057,-0.462459236383,-0.493033856153,0.507419407368,-0.534391701221
0.688356161118,-0.468769788742,0.781905472279,-0.473252922297,-0.484778285027,0.495947390795,-0.543192386627
0.698889672756,-0.468176275492,0.781088292599,-0.484978228807,-0.477429926395,0.483176440001,-0.550815403461
0.709114193916,-0.46739166975,0.780133128166,-0.494674384594,-0.470840394497,0.471473395824,-0.557960152626
0.719076752663,-0.466564625502,0.779418110847,-0.504953920841,-0.463651776314,0.459843337536,-0.564440190792
0.728739082813,-0.465643942356,0.778962016106,-0.514441847801,-0.456510126591,0.448405355215,-0.570859670639
0.738126039505,-0.464633345604,0.778931260109,-0.523978769779,-0.450790733099,0.437032967806,-0.575531303883
0.746997058392,-0.463508844376,0.779026687145,-0.531892895699,-0.446687996387,0.426072150469,-0.579674422741
0.756454229355,-0.462357878685,0.77909886837,-0.53756403923,-0.437904477119,0.414488136768,-0.589460968971
0.764509797096,-0.462027728558,0.779293417931,-0.558116555214,-0.428951859474,0.403942555189,-0.584240317345
0.772300004959,-0.460776358843,0.780053019524,-0.563957810402,-0.426245033741,0.393807768822,-0.587521970272
0.779865562916,-0.459734022617,0.780326247215,-0.570352375507,-0.42375549674,0.384833782911,-0.58909457922
0.786458611488,-0.457854598761,0.781097769737,-0.5633020401,-0.430314362049,0.377463728189,-0.595853984356
0.794330835342,-0.456677645445,0.781607866287,-0.567685246468,-0.426415085793,0.370951324701,-0.598580598831
0.798688828945,-0.455614626408,0.78218460083,-0.569540381432,-0.433872431517,0.358969002962,-0.598765134811
0.805843114853,-0.455114334822,0.782764256001,-0.582530856133,-0.423363357782,0.351594060659,-0.598166286945
0.810944974422,-0.453441858292,0.783241450787,-0.572187662125,-0.432064592838,0.348011553288,-0.603994548321
0.81602704525,-0.452499687672,0.784177958965,-0.573632180691,-0.432760596275,0.340621083975,-0.606334626675
0.820820868015,-0.451536715031,0.784336328506,-0.572307825089,-0.433962732553,0.336451977491,-0.609048604965
0.825149893761,-0.451381206512,0.784718751907,-0.578154981136,-0.44821664691,0.320676535368,-0.601668596268
0.829211354256,-0.450568318367,0.78546500206,-0.575946211815,-0.45036137104,0.318146824837,-0.603525698185
0.832782328129,-0.449488580227,0.785643696785,-0.570954442024,-0.455231785774,0.315004616976,-0.606256663799
0.83609354496,-0.448944300413,0.786085367203,-0.569561064243,-0.456635713577,0.311718285084,-0.608206987381
0.839201331139,-0.448119789362,0.785933494568,-0.56600433588,-0.457681030035,0.311837375164,-0.610675632954
0.841538012028,-0.447564899921,0.78622341156,-0.560867846012,-0.463225603104,0.30856487155,-0.612892270088
0.84380954504,-0.446957886219,0.786249935627,-0.556330382824,-0.466249108315,0.307886064053,-0.615072727203
0.84566026926,-0.446524620056,0.786556005478,-0.551692247391,-0.470054537058,0.307403236628,-0.616593539715
0.847232341766,-0.446041554213,0.786655843258,-0.546534895897,-0.473181933165,0.307763040066,-0.618611872196
0.84847587347,-0.445586979389,0.786589980125,-0.541527569294,-0.476509362459,0.308377534151,-0.620153188705
0.849813997746,-0.445869982243,0.785938739777,-0.528266012669,-0.470640271902,0.3179897964,-0.631122231483
0.850370526314,-0.445482641459,0.785812616348,-0.52391564846,-0.474423527718,0.318865925074,-0.631473839283
0.850464522839,-0.444845020771,0.78591054678,-0.523884415627,-0.482259213924,0.31487762928,-0.627553522587
0.850638568401,-0.444438636303,0.785397648811,-0.518429756165,-0.485517174006,0.316242098808,-0.628883600235
0.850386679173,-0.443747639656,0.784983813763,-0.498904317617,-0.490693956614,0.322310417891,-0.637518584728
0.8494592309,-0.443364143372,0.784931778908,-0.497947782278,-0.498937696218,0.321291029453,-0.632361710072
0.849157989025,-0.443557560444,0.784480690956,-0.502825021744,-0.496495395899,0.320770919323,-0.63068652153
0.848336219788,-0.443471193314,0.784023284912,-0.501976788044,-0.49792650342,0.32044839859,-0.63039791584
0.846659123898,-0.442804247141,0.783410310745,-0.485985100269,-0.508024573326,0.324905306101,-0.632586717606
0.845160603523,-0.442633837461,0.782764315605,-0.48203882575,-0.511680424213,0.326220005751,-0.63198274374
0.844010591507,-0.442602545023,0.781108081341,-0.487387478352,-0.509216845036,0.326425880194,-0.629760146141
0.840504288673,-0.442610800266,0.781557440758,-0.473815143108,-0.518916726112,0.323706686497,-0.633591890335
0.839333295822,-0.442452996969,0.780575037003,-0.473287582397,-0.522026836872,0.331171035767,-0.627544999123
0.836984038353,-0.442501872778,0.780074715614,-0.47109401226,-0.523928582668,0.333520799875,-0.62636500597
0.834480166435,-0.442413687706,0.778643012047,-0.470039665699,-0.526071667671,0.336259871721,-0.623891532421
0.831464290619,-0.44235688448,0.77704423666,-0.467490822077,-0.529060840607,0.339748680592,-0.621383666992
0.828645825386,-0.442315012217,0.776190638542,-0.467114537954,-0.529677510262,0.342930704355,-0.619390249252
0.825354874134,-0.442519396544,0.777437925339,-0.464824676514,-0.53211992979,0.346346288919,-0.617114841938
0.821889221668,-0.44272378087,0.776699304581,-0.462416082621,-0.539283335209,0.348610848188,-0.611404359341
0.818398535252,-0.44246801734,0.775021493435,-0.460779428482,-0.542501688004,0.351739138365,-0.607991755009
0.814700782299,-0.442782044411,0.775632500648,-0.459672600031,-0.543681323528,0.356590211391,-0.604942321777
0.810932219028,-0.442636072636,0.774240612984,-0.459036916494,-0.54156011343,0.362899333239,-0.60357427597
0.806956112385,-0.442873775959,0.774240732193,-0.457535713911,-0.545923173428,0.366455763578,-0.598614513874
0.802880704403,-0.44288700819,0.773944854736,-0.455622106791,-0.545449376106,0.372589945793,-0.596716165543
0.799121975899,-0.443324565887,0.773805141449,-0.463003724813,-0.542757689953,0.375161975622,-0.591857433319
0.795016944408,-0.443273812532,0.773679733276,-0.449590981007,-0.547115087509,0.381843537092,-0.593909621239
0.790812671185,-0.443423122168,0.774551272392,-0.44767549634,-0.54813927412,0.387102812529,-0.591000318527
0.785524189472,-0.443275779486,0.773827791214,-0.44988900423,-0.555575013161,0.393529593945,-0.577988803387
