x,y,z,q0,q1,q2,q3
-0.619577288628,0.189391806722,1.08680975437,0.518003582954,-0.528885662556,-0.367318600416,-0.563053548336
-0.618589937687,0.188967734575,1.0872066021,0.516860246658,-0.529654324055,-0.367798238993,-0.563068449497
-0.618046879768,0.188249766827,1.08714997768,0.515656590462,-0.53027677536,-0.367671310902,-0.563669025898
-0.617420017719,0.187524676323,1.08722805977,0.51657384634,-0.530546844006,-0.368394225836,-0.562100827694
-0.616342067719,0.187042579055,1.08763992786,0.514193713665,-0.532697558403,-0.368234276772,-0.562353670597
-0.615961372852,0.18645131588,1.08746910095,0.511764764786,-0.533436954021,-0.367687165737,-0.564223349094
-0.615302503109,0.185522139072,1.08787691593,0.511520862579,-0.532475411892,-0.370051324368,-0.563807070255
-0.614402413368,0.184814959764,1.08816432953,0.51041674614,-0.533587217331,-0.370597302914,-0.563397824764
-0.614145636559,0.184023320675,1.0883409977,0.510132789612,-0.533550560474,-0.371191561222,-0.563298583031
-0.613708674908,0.183446973562,1.08860945702,0.510042667389,-0.533740103245,-0.372007846832,-0.562661647797
-0.612886607647,0.182541742921,1.08856832981,0.507450282574,-0.536673367023,-0.370286256075,-0.563351035118
-0.612617373466,0.181605607271,1.08902859688,0.507106244564,-0.53650867939,-0.37134373188,-0.563121378422
-0.612313508987,0.180618137121,1.0892572403,0.506178200245,-0.53643912077,-0.372199356556,-0.563457608223
-0.611984670162,0.18012830615,1.08931469917,0.504991173744,-0.536793470383,-0.372218191624,-0.564172387123
-0.61130040884,0.179301440716,1.08964753151,0.505415320396,-0.537406623363,-0.373246908188,-0.562526702881
-0.6111561656,0.178593546152,1.08993029594,0.50525021553,-0.536006569862,-0.375241518021,-0.56268376112
-0.611200451851,0.177507430315,1.09047341347,0.503342628479,-0.537162959576,-0.374086856842,-0.564057767391
-0.61083483696,0.176763668656,1.09014117718,0.5029053092,-0.537673175335,-0.374245047569,-0.563856959343
-0.610618054867,0.176129505038,1.09051895142,0.502956569195,-0.53869509697,-0.374343723059,-0.562769055367
-0.610134005547,0.175313711166,1.09084689617,0.502262115479,-0.538773834705,-0.375058293343,-0.562838196754
-0.609976410866,0.174682423472,1.09092867374,0.50234246254,-0.539088785648,-0.375107556581,-0.562432229519
-0.610006868839,0.173617854714,1.09102165699,0.502128303051,-0.538853287697,-0.375445246696,-0.562623441219
-0.609912037849,0.17284026742,1.09123528004,0.503925204277,-0.538609623909,-0.376315504313,-0.560665607452
-0.609754145145,0.172114148736,1.09143614769,0.502285063267,-0.53907674551,-0.375970363617,-0.561918437481
-0.609642028809,0.17112082243,1.09161615372,0.502353608608,-0.538983762264,-0.3765232265,-0.561576128006
-0.609215438366,0.170432940125,1.0920445919,0.50186008215,-0.53993421793,-0.376572221518,-0.561071276665
-0.609114348888,0.169542759657,1.09225165844,0.502444148064,-0.539573788643,-0.377206236124,-0.560469090939
-0.608893990517,0.168566048145,1.09225833416,0.502033531666,-0.539895653725,-0.37721696496,-0.560519874096
-0.608212471008,0.166979551315,1.09235334396,0.501451134682,-0.540302813053,-0.378619551659,-0.559702455997
-0.608864963055,0.166887491941,1.09259271622,0.505263864994,-0.539175271988,-0.378429621458,-0.557485044003
-0.608653128147,0.165558427572,1.09287297726,0.502398014069,-0.539651930332,-0.378236234188,-0.559740543365
-0.608307003975,0.16481539607,1.09316825867,0.502152502537,-0.540719389915,-0.37801155448,-0.559082269669
-0.6077516675,0.163426190615,1.09322965145,0.501901984215,-0.540665447712,-0.379185199738,-0.558564007282
-0.607855796814,0.162356689572,1.09344673157,0.503254532814,-0.539910018444,-0.379549592733,-0.557829916477
-0.607517898083,0.161424696445,1.0937680006,0.501559913158,-0.540608644485,-0.379154771566,-0.55894690752
-0.607285499573,0.160217225552,1.09403884411,0.503257989883,-0.540058374405,-0.38030308485,-0.557169735432
-0.606730997562,0.159323960543,1.09454607964,0.501378893852,-0.541469573975,-0.379546523094,-0.558009386063
-0.606436431408,0.158055871725,1.09496068954,0.501242280006,-0.541285932064,-0.380096018314,-0.557936191559
-0.606145083904,0.157085508108,1.09539747238,0.497019052505,-0.542203247547,-0.377997040749,-0.562233269215
-0.605569601059,0.156055986881,1.09602177143,0.496595919132,-0.542841911316,-0.377988934517,-0.561996102333
-0.605362355709,0.154809594154,1.09644150734,0.499576747417,-0.542071521282,-0.379871994257,-0.558819174767
-0.604981899261,0.153849944472,1.09705471992,0.500241339207,-0.542041599751,-0.380099684,-0.558098316193
-0.604882955551,0.152330160141,1.09780359268,0.498355686665,-0.541721761227,-0.380058258772,-0.560120284557
-0.60457110405,0.151296406984,1.09877276421,0.500212848186,-0.54100972414,-0.381419211626,-0.558225035667
-0.603905916214,0.150337159634,1.09905815125,0.499026447535,-0.542343080044,-0.380348592997,-0.558723211288
-0.603889763355,0.149126440287,1.0997825861,0.501974999905,-0.540740668774,-0.381955385208,-0.556534588337
-0.602740705013,0.147492587566,1.10034418106,0.501405000687,-0.54143679142,-0.383248955011,-0.555481433868
-0.603277504444,0.146902799606,1.10139083862,0.50174254179,-0.540693581104,-0.382378846407,-0.556499183178
-0.602765679359,0.145877599716,1.10240340233,0.501258254051,-0.541432738304,-0.381879240274,-0.55656003952
-0.602283418179,0.144488960505,1.10320174694,0.500696957111,-0.54090744257,-0.383153706789,-0.55670017004
-0.601788520813,0.143015325069,1.10397028923,0.499022006989,-0.542694449425,-0.381626278162,-0.557513535023
-0.60229820013,0.142473548651,1.10513651371,0.494102776051,-0.547231972218,-0.378147214651,-0.559825241566
-0.602143645287,0.141630977392,1.10619020462,0.493839085102,-0.547613382339,-0.377591103315,-0.560060322285
-0.601694345474,0.141022101045,1.10746216774,0.502364099026,-0.540320336819,-0.381976097822,-0.556577503681
-0.601069629192,0.139664918184,1.10840964317,0.502123177052,-0.539117515087,-0.384796977043,-0.556017994881
-0.600992321968,0.138729184866,1.10941576958,0.501930713654,-0.539813995361,-0.383085012436,-0.55669760704
-0.601248860359,0.13827508688,1.11064612865,0.501871347427,-0.540392994881,-0.381104797125,-0.557548046112
-0.600782930851,0.137580603361,1.11165428162,0.503141880035,-0.540909647942,-0.380612641573,-0.556236326694
-0.600708425045,0.136941462755,1.11270475388,0.502630233765,-0.540508687496,-0.380212008953,-0.557361781597
-0.600590586662,0.136219099164,1.11352062225,0.499622523785,-0.543870747089,-0.377208918333,-0.558834075928
-0.600370883942,0.135080978274,1.11420297623,0.504403889179,-0.539378702641,-0.38036891818,-0.556746721268
-0.599243104458,0.133586347103,1.11469113827,0.500742793083,-0.540354788303,-0.380112886429,-0.55927413702
-0.599005222321,0.132840245962,1.11546909809,0.50224930048,-0.539954721928,-0.380461394787,-0.558071315289
-0.599522769451,0.132633239031,1.11632728577,0.49876371026,-0.542705476284,-0.376561850309,-0.561165571213
-0.598867237568,0.132116705179,1.11698043346,0.503499209881,-0.539043664932,-0.379565775394,-0.558435678482
-0.598780691624,0.131204083562,1.11741149426,0.49857249856,-0.542221903801,-0.376423716545,-0.561895132065
-0.597406566143,0.129644885659,1.11764764786,0.50161254406,-0.538614749908,-0.380918234587,-0.559625327587
-0.597381472588,0.129604995251,1.1185772419,0.50134909153,-0.538323521614,-0.380155712366,-0.560659170151
-0.596263110638,0.127764463425,1.11902546883,0.49940520525,-0.53828650713,-0.381473511457,-0.561533749104
-0.596203446388,0.127874091268,1.11929106712,0.497846990824,-0.541620731354,-0.378597080708,-0.561657905579
-0.59545147419,0.126515060663,1.11948597431,0.498543947935,-0.537678539753,-0.381615459919,-0.562783896923
-0.594698607922,0.125639200211,1.119546175,0.499281615019,-0.537568330765,-0.382200449705,-0.561837255955
-0.592953085899,0.123608246446,1.11965692043,0.490978091955,-0.5413402915,-0.381293952465,-0.566132724285
-0.592881202698,0.123084113002,1.11989724636,0.490939170122,-0.540815591812,-0.381046682596,-0.56683409214
-0.591344714165,0.121391639113,1.12009763718,0.488576740026,-0.541107416153,-0.383019149303,-0.567267298698
-0.590807676315,0.121094971895,1.12000572681,0.492990344763,-0.537119030952,-0.385229557753,-0.565740406513
-0.589465498924,0.119743719697,1.12016141415,0.487123996019,-0.54112637043,-0.383914887905,-0.567892372608
-0.588365733624,0.118171721697,1.12046539783,0.485243558884,-0.540928781033,-0.385387301445,-0.568692982197
-0.587217152119,0.116775929928,1.12012076378,0.487206310034,-0.537513256073,-0.388404399157,-0.568200349808
-0.585458815098,0.114924713969,1.11971390247,0.481412678957,-0.541321754456,-0.38865673542,-0.569349348545
-0.583821713924,0.113381385803,1.11973047256,0.479094088078,-0.54223793745,-0.389755874872,-0.569681704044
-0.582840323448,0.11216366291,1.1193549633,0.478047400713,-0.541716694832,-0.389966070652,-0.570912003517
-0.581081032753,0.110695883632,1.11909925938,0.478669852018,-0.540833890438,-0.393056541681,-0.569104969501
-0.580306410789,0.109404072165,1.11893773079,0.47609975934,-0.542568147182,-0.391009449959,-0.571017146111
-0.578379750252,0.107791975141,1.11876630783,0.477765500546,-0.540015161037,-0.394912540913,-0.569357514381
-0.577292025089,0.106562197208,1.11842370033,0.470777332783,-0.544644713402,-0.39160707593,-0.573040008545
-0.575620830059,0.105203226209,1.11814665794,0.46781501174,-0.54602599144,-0.390863716602,-0.57465672493
-0.573887467384,0.103870853782,1.11813259125,0.470300346613,-0.543088555336,-0.393691569567,-0.573480248451
-0.572525024414,0.102683007717,1.11789822578,0.469558924437,-0.543588280678,-0.394007623196,-0.573397219181
-0.57090139389,0.100958019495,1.1176327467,0.469039767981,-0.544545412064,-0.3940795362,-0.572864353657
-0.569598734379,0.0994330346584,1.11736285686,0.462390452623,-0.548758745193,-0.390996813774,-0.576350927353
-0.568015635014,0.0978965610266,1.11700129509,0.460172951221,-0.550275802612,-0.389942169189,-0.577392995358
-0.566725671291,0.0962480604649,1.11680054665,0.458801686764,-0.551074981689,-0.38912037015,-0.578275740147
-0.565025031567,0.0950561314821,1.11660516262,0.459990650415,-0.552729547024,-0.388648897409,-0.576064944267
-0.56395316124,0.0937483310699,1.116340518,0.457780778408,-0.552968263626,-0.387191951275,-0.578571796417
-0.562598407269,0.0923009961843,1.11612844467,0.458456814289,-0.553521752357,-0.386700987816,-0.577835142612
-0.56074988842,0.0909226536751,1.11604857445,0.457886129618,-0.55457419157,-0.38597843051,-0.57776170969
-0.559351742268,0.0894618928432,1.11583292484,0.458325088024,-0.554554760456,-0.384694159031,-0.578288555145
-0.557586073875,0.08812238276,1.11558008194,0.457579523325,-0.555490970612,-0.383515119553,-0.57876342535
-0.556013464928,0.0868708491325,1.115478158,0.458138972521,-0.556583285332,-0.381288170815,-0.578742563725
-0.554461240768,0.0858706831932,1.11557555199,0.457119613886,-0.559082329273,-0.378579050303,-0.578918457031
-0.553098499775,0.0846299231052,1.11557769775,0.456459075212,-0.559995770454,-0.376150637865,-0.580138444901
-0.551228702068,0.0831588059664,1.11556088924,0.454887747765,-0.562396347523,-0.373804539442,-0.580566763878
-0.549421131611,0.081800237298,1.11544644833,0.45239263773,-0.564565241337,-0.371018320322,-0.582196176052
-0.547888219357,0.0807042866945,1.11559557915,0.450873583555,-0.567064881325,-0.367411345243,-0.58323186636
-0.545771420002,0.0792604833841,1.11560940742,0.449627697468,-0.568957686424,-0.365247964859,-0.583709001541
-0.543659925461,0.0777099877596,1.11565208435,0.447295576334,-0.57109862566,-0.362564206123,-0.585081458092
-0.541869103909,0.0764050930738,1.11579954624,0.445785582066,-0.573200404644,-0.359544962645,-0.586040973663
-0.539940237999,0.0751235336065,1.11589741707,0.445179075003,-0.574566721916,-0.357016980648,-0.586709260941
-0.538071274757,0.0737562179565,1.11636173725,0.444152384996,-0.576171338558,-0.354593992233,-0.587382733822
-0.536758601665,0.0729443877935,1.11639070511,0.442941516638,-0.577685952187,-0.350397408009,-0.589324593544
-0.534579157829,0.071535974741,1.11653590202,0.441808313131,-0.579470098019,-0.347957789898,-0.589869022369
-0.532491981983,0.0699722394347,1.11644268036,0.436798930168,-0.581960439682,-0.343467772007,-0.593766570091
-0.530472755432,0.0685345977545,1.11674582958,0.434548377991,-0.584648549557,-0.341438531876,-0.593947350979
-0.528598189354,0.0672718882561,1.11707496643,0.437798172235,-0.583202540874,-0.340150415897,-0.593721568584
-0.526678860188,0.0658155158162,1.11699306965,0.426778912544,-0.590356767178,-0.332227826118,-0.599135637283
-0.524589836597,0.0640865340829,1.11730897427,0.431480288506,-0.586639344692,-0.332037657499,-0.599524974823
-0.523429393768,0.0638641044497,1.11750388145,0.426498651505,-0.591785430908,-0.326133936644,-0.601270020008
-0.52081567049,0.0620369836688,1.11778521538,0.426032543182,-0.592975378036,-0.325154751539,-0.600958406925
-0.519162774086,0.0607536286116,1.11779356003,0.425478190184,-0.593464553356,-0.322036772966,-0.602545022964
-0.517054617405,0.0594246685505,1.11814129353,0.423052370548,-0.594808518887,-0.319175839424,-0.604447185993
-0.516093969345,0.0587431117892,1.11842918396,0.422926336527,-0.594606816769,-0.314925700426,-0.60695797205
-0.513414084911,0.0570170357823,1.11862611771,0.420887470245,-0.596062302589,-0.313022941351,-0.607931017876
-0.511540710926,0.0557843446732,1.11892533302,0.417461365461,-0.596645593643,-0.309280842543,-0.611625254154
-0.510169386864,0.0547794029117,1.11912119389,0.417646408081,-0.596493184566,-0.306299865246,-0.613145887852
-0.507912576199,0.0530669167638,1.11957526207,0.417148053646,-0.596851527691,-0.305318176746,-0.613625884056
-0.506035923958,0.0522055849433,1.11971282959,0.416849941015,-0.597376525402,-0.302545726299,-0.61468988657
-0.50406897068,0.0507918223739,1.12021672726,0.415273934603,-0.597493171692,-0.30046454072,-0.616661012173
-0.503019094467,0.0507851615548,1.12059497833,0.41561087966,-0.5976755023,-0.296149253845,-0.618342220783
-0.50047647953,0.0483932346106,1.12090480328,0.411739915609,-0.5984390378,-0.294624388218,-0.6209166646
-0.498415648937,0.0475511997938,1.12106657028,0.409540385008,-0.598727703094,-0.292150527239,-0.623257696629
-0.496829152107,0.0469077900052,1.12156045437,0.410042375326,-0.598714351654,-0.289407521486,-0.624219417572
-0.494511723518,0.0454751625657,1.12178790569,0.407271534204,-0.599380731583,-0.28748267889,-0.626279771328
-0.493193626404,0.0449040234089,1.1221203804,0.406633406878,-0.59926211834,-0.284184157848,-0.628310143948
-0.490739941597,0.0432974845171,1.12248075008,0.404656648636,-0.59966802597,-0.283168464899,-0.629656195641
-0.488752216101,0.0422896295786,1.1229351759,0.401013225317,-0.601231753826,-0.279704004526,-0.632039964199
-0.486984431744,0.0410934463143,1.12347698212,0.400271952152,-0.600240111351,-0.278713226318,-0.633887290955
-0.4849819839,0.0400890186429,1.12359821796,0.393586874008,-0.603405833244,-0.275183618069,-0.636604130268
-0.483849614859,0.0400566905737,1.12421858311,0.39772477746,-0.600729823112,-0.272658646107,-0.637648761272
-0.481287419796,0.0381704643369,1.12442338467,0.395873308182,-0.601099967957,-0.272626727819,-0.638465285301
-0.479845821857,0.0376043766737,1.12502598763,0.39434927702,-0.601498961449,-0.269904702902,-0.640186846256
-0.477619946003,0.0361370593309,1.12540519238,0.391610711813,-0.601853311062,-0.268446743488,-0.642144858837
-0.475884705782,0.03479308635,1.12569451332,0.387618094683,-0.602662086487,-0.265562742949,-0.645001649857
-0.474485427141,0.034079760313,1.12604951859,0.381960421801,-0.604785978794,-0.263281583786,-0.647319972515
-0.472675353289,0.0331365466118,1.12654852867,0.384460687637,-0.602250933647,-0.262941122055,-0.64834100008
-0.471090435982,0.0322849825025,1.12702143192,0.383857429028,-0.601849019527,-0.261507749557,-0.649649858475
-0.470014452934,0.0317715629935,1.12740790844,0.384068667889,-0.602007687092,-0.260389953852,-0.649826943874
-0.46841058135,0.0305211022496,1.12763547897,0.38158389926,-0.601969540119,-0.259109079838,-0.651835143566
-0.46936839819,0.0301990360022,1.12728857994,0.378477692604,-0.601127147675,-0.254993617535,-0.656032919884
-0.467155367136,0.0292155221105,1.12802672386,0.375819981098,-0.601827502251,-0.254211723804,-0.657220959663
-0.466827630997,0.0284206420183,1.12803268433,0.38273987174,-0.597694039345,-0.255892127752,-0.656346976757
-0.465854763985,0.0275138989091,1.12862825394,0.380813777447,-0.597149372101,-0.254508256912,-0.65849763155
-0.462891817093,0.0263927578926,1.12938261032,0.375951290131,-0.600136160851,-0.252914637327,-0.65918982029
-0.461986988783,0.0252362787724,1.12943482399,0.375845462084,-0.599197983742,-0.252976000309,-0.660079658031
-0.461408853531,0.024994596839,1.12967729568,0.375797331333,-0.597678899765,-0.252202540636,-0.661778092384
-0.460425466299,0.0243862569332,1.12997364998,0.376027166843,-0.597774803638,-0.251505732536,-0.661826074123
-0.4598762393,0.0235436484218,1.12995040417,0.374484330416,-0.597049593925,-0.250302195549,-0.663808822632
-0.459414601326,0.0234087109566,1.13016963005,0.3756762743,-0.59639197588,-0.250067740679,-0.663814842701
-0.458768308163,0.0227185934782,1.13047087193,0.374851614237,-0.596273958683,-0.249661803246,-0.664539456367
-0.458397299051,0.0223155617714,1.13072443008,0.37620511651,-0.595806241035,-0.249717339873,-0.664173066616
-0.458381414413,0.0215975791216,1.13126182556,0.369953840971,-0.597785592079,-0.247309088707,-0.666801929474
-0.458305239677,0.021715849638,1.1313495636,0.370481848717,-0.597545683384,-0.246550664306,-0.667004644871
-0.457861244678,0.0208825394511,1.13168847561,0.376666277647,-0.594798624516,-0.249132215977,-0.66503405571
-0.457765519619,0.0201982036233,1.1317602396,0.374731242657,-0.5951821208,-0.248323634267,-0.666085660458
-0.457608878613,0.0199951529503,1.13173568249,0.37419116497,-0.595393955708,-0.247785031796,-0.666400611401
-0.457530975342,0.0200953036547,1.1319270134,0.375929236412,-0.59526604414,-0.248975202441,-0.665091514587
-0.457550227642,0.0197910815477,1.131914258,0.375754147768,-0.595743596554,-0.24937440455,-0.664613246918
-0.457822561264,0.0199970379472,1.1320694685,0.376121938229,-0.596032321453,-0.248644649982,-0.664419829845
-0.457612395287,0.0194243118167,1.1320142746,0.376200675964,-0.596301019192,-0.249338313937,-0.663873970509
-0.45786729455,0.0191681161523,1.13240885735,0.375845313072,-0.597058951855,-0.249664127827,-0.663271307945
-0.45799729228,0.0185977816582,1.13204157352,0.374965727329,-0.597422301769,-0.24996457994,-0.663328766823
-0.458423912525,0.0190525949001,1.13204693794,0.377174079418,-0.597653031349,-0.250777810812,-0.661559522152
-0.458670377731,0.0189836099744,1.13200116158,0.37659022212,-0.598433017731,-0.251273572445,-0.660998761654
-0.458817660809,0.0188516229391,1.13225293159,0.376382261515,-0.599029541016,-0.251708716154,-0.660410940647
-0.459039509296,0.0185565203428,1.13211750984,0.378371685743,-0.599078714848,-0.254507750273,-0.658153176308
-0.45929941535,0.0181267559528,1.13186085224,0.368910521269,-0.604086279869,-0.251158058643,-0.660230636597
-0.460096001625,0.0186972469091,1.13193666935,0.370384544134,-0.604398310184,-0.252151280642,-0.658739387989
-0.460375070572,0.0188899636269,1.13223695755,0.371413111687,-0.605100393295,-0.252897560596,-0.657227993011
-0.460521221161,0.0186289176345,1.13184463978,0.372117459774,-0.605698108673,-0.255526930094,-0.655259072781
-0.46066570282,0.0184713974595,1.13178801537,0.371298253536,-0.606771349907,-0.255775749683,-0.654633522034
-0.460478544235,0.0173388794065,1.13150155544,0.371162354946,-0.607611238956,-0.258590400219,-0.652823269367
-0.460778921843,0.0169714689255,1.13170552254,0.368990629911,-0.6092197299,-0.258884638548,-0.652438640594
-0.461196660995,0.0167017653584,1.13152289391,0.367940932512,-0.610251665115,-0.259521067142,-0.651813864708
-0.461395680904,0.0160124599934,1.13125967979,0.366045027971,-0.611123561859,-0.260107964277,-0.651830434799
-0.461453557014,0.0158189162612,1.13126313686,0.369927167892,-0.609619259834,-0.262514978647,-0.650080263615
-0.461610734463,0.01599791646,1.13098502159,0.365089952946,-0.613354742527,-0.262405604124,-0.649344563484
-0.461843848228,0.0156895145774,1.13083767891,0.366337537766,-0.613074302673,-0.265771836042,-0.647535383701
-0.461980015039,0.0150956660509,1.13089489937,0.372009634972,-0.61162352562,-0.268978625536,-0.64434158802
-0.462486773729,0.0153592973948,1.1306027174,0.369633883238,-0.613758683205,-0.267087936401,-0.64446502924
-0.462985783815,0.0157586634159,1.1313546896,0.370676487684,-0.613962054253,-0.26833564043,-0.64315289259
-0.463180571795,0.015514627099,1.13121759892,0.369919061661,-0.615009963512,-0.269461512566,-0.642116129398
-0.462958782911,0.0145716443658,1.13037490845,0.367834925652,-0.616555690765,-0.27133846283,-0.641039848328
-0.463078469038,0.0144101679325,1.13033103943,0.366992503405,-0.617631018162,-0.271941155195,-0.640231490135
-0.46363773942,0.0142629817128,1.13020586967,0.368130356073,-0.617980182171,-0.273975551128,-0.638371229172
-0.463891863823,0.0141978636384,1.1301933527,0.367616295815,-0.618700146675,-0.274462968111,-0.637760579586
-0.464168190956,0.0139840468764,1.13038980961,0.367565453053,-0.619069576263,-0.275784283876,-0.636860609055
-0.464515835047,0.0136418864131,1.13024973869,0.362036317587,-0.621884524822,-0.275127440691,-0.637569069862
-0.464809179306,0.0134654045105,1.13051974773,0.361046373844,-0.622295022011,-0.275389045477,-0.637616872787
-0.464871942997,0.0133649781346,1.13049554825,0.359892457724,-0.623359322548,-0.275403380394,-0.637223362923
-0.46562859416,0.0142257586122,1.13085460663,0.362541288137,-0.623785078526,-0.275916725397,-0.63507938385
-0.465595036745,0.0141218006611,1.13016247749,0.360861539841,-0.62515681982,-0.274984538555,-0.635091483593
-0.465633451939,0.0135061889887,1.13037621975,0.358767211437,-0.625576853752,-0.275316745043,-0.635720312595
-0.465677171946,0.0139253363013,1.13049423695,0.36209872365,-0.624489665031,-0.278549551964,-0.633488237858
-0.465609461069,0.0139634534717,1.13062214851,0.366514503956,-0.623166441917,-0.279093384743,-0.632010698318
-0.465417265892,0.0134288221598,1.13095581532,0.368063986301,-0.622082293034,-0.282449901104,-0.630685865879
-0.465288490057,0.0131389349699,1.13060092926,0.363787770271,-0.624719381332,-0.279023170471,-0.632084071636
-0.465263307095,0.0130178108811,1.13083553314,0.363408178091,-0.624897897243,-0.279571563005,-0.631883502007
-0.465127527714,0.0130131617188,1.13090491295,0.363157838583,-0.625256478786,-0.279579699039,-0.631669163704
-0.465251237154,0.01422611624,1.13153719902,0.365670621395,-0.625327289104,-0.279488146305,-0.630188167095
-0.464357852936,0.0132572874427,1.13128638268,0.363639384508,-0.626138389111,-0.280068963766,-0.630300223827
-0.46405673027,0.013200417161,1.13135433197,0.36302909255,-0.626539289951,-0.279830157757,-0.630359768867
-0.463663965464,0.013274461031,1.13115108013,0.36247459054,-0.627105593681,-0.279265165329,-0.630366325378
-0.463360011578,0.0131606757641,1.13118088245,0.362583070993,-0.627369105816,-0.279434621334,-0.629966616631
-0.462813764811,0.0129896178842,1.13125383854,0.361589103937,-0.627775847912,-0.279004245996,-0.630323290825
-0.462440550327,0.0128644034266,1.13128268719,0.360960006714,-0.627953052521,-0.278638899326,-0.630668818951
-0.462324202061,0.0137376263738,1.131711483,0.362304359674,-0.626546919346,-0.278124570847,-0.63152307272
-0.461868435144,0.0136010944843,1.13176167011,0.361757963896,-0.626563072205,-0.277784973383,-0.631969571114
-0.46115988493,0.0124064311385,1.13147044182,0.355776458979,-0.628581285477,-0.277742296457,-0.633378207684
-0.460738301277,0.0123885050416,1.13152694702,0.357364296913,-0.627288639545,-0.278594404459,-0.633391559124
-0.460331022739,0.0123496800661,1.13153707981,0.357068240643,-0.6269094944,-0.277156382799,-0.634563922882
-0.459811925888,0.0120710805058,1.13157939911,0.354121118784,-0.627786755562,-0.274952381849,-0.63630437851
-0.459507852793,0.0123759955168,1.13175022602,0.353177428246,-0.629184067249,-0.272235512733,-0.636617004871
-0.459072679281,0.012351192534,1.13173890114,0.35269805789,-0.628176689148,-0.271167397499,-0.638330936432
-0.458745062351,0.0122459232807,1.13176214695,0.353913068771,-0.627158403397,-0.271400272846,-0.638560831547
-0.457996398211,0.0117518901825,1.13173449039,0.352814525366,-0.627041518688,-0.271122395992,-0.63940089941
-0.457635879517,0.011724062264,1.13176000118,0.352718412876,-0.626392841339,-0.269621014595,-0.64072316885
-0.457302480936,0.0116181522608,1.13174641132,0.352953225374,-0.625773847103,-0.268992185593,-0.641462624073
-0.456977963448,0.0116044133902,1.13178801537,0.355917334557,-0.623157322407,-0.271085381508,-0.64149081707
-0.456532686949,0.0114757865667,1.13181495667,0.353099048138,-0.624357581139,-0.267458826303,-0.643400669098
-0.456475108862,0.0123853310943,1.13217020035,0.354882657528,-0.623790085316,-0.26572984457,-0.643686115742
-0.456132560968,0.0123985931277,1.13221883774,0.355378031731,-0.622679889202,-0.264521658421,-0.644984185696
-0.455384969711,0.011645399034,1.1317756176,0.358797311783,-0.619943737984,-0.267879247665,-0.64434081316
-0.455032408237,0.0116056054831,1.13176834583,0.356607973576,-0.620677709579,-0.264647424221,-0.646182239056
-0.454613119364,0.0115748122334,1.13185679913,0.356962442398,-0.620118737221,-0.263349115849,-0.647053182125
-0.454259634018,0.0115744695067,1.13208603859,0.361393302679,-0.617773592472,-0.266464143991,-0.645559966564
-0.453939855099,0.0116846114397,1.13214373589,0.358323246241,-0.618463277817,-0.261833637953,-0.648498892784
-0.453688830137,0.0117379575968,1.13219940662,0.358654677868,-0.61797529459,-0.26087552309,-0.649166762829
-0.453052580357,0.0117722079158,1.13235473633,0.358345597982,-0.61802136898,-0.25938591361,-0.649889945984
-0.45272347331,0.0118796229362,1.13238608837,0.361561477184,-0.616064369678,-0.260739058256,-0.649425268173
-0.452548444271,0.0119011029601,1.13233780861,0.362882435322,-0.615326225758,-0.260823130608,-0.649354577065
-0.452340245247,0.0118872895837,1.13253104687,0.358960539103,-0.616611242294,-0.256347477436,-0.652092039585
-0.451913207769,0.0119990110397,1.13232648373,0.359310805798,-0.616410434246,-0.255165666342,-0.652552306652
-0.451453000307,0.0120474100113,1.13237226009,0.360717684031,-0.616121470928,-0.255069702864,-0.652086436749
-0.451284319162,0.0120195746422,1.13263261318,0.36163982749,-0.615501582623,-0.25468352437,-0.652311980724
-0.450954347849,0.0121948719025,1.13264596462,0.362893819809,-0.614028871059,-0.254742175341,-0.652980148792
-0.45109179616,0.0132202655077,1.13284242153,0.364494651556,-0.613725781441,-0.252640336752,-0.653190016747
-0.450582057238,0.0128738284111,1.1322953701,0.362434178591,-0.615312159061,-0.250471740961,-0.653679132462
-0.449911504984,0.0121272206306,1.13209009171,0.359788507223,-0.616058409214,-0.249361470342,-0.654861092567
-0.449655711651,0.0122301802039,1.13206768036,0.359971761703,-0.616072118282,-0.248589336872,-0.655041098595
-0.449697971344,0.0133725330234,1.13243246078,0.359140455723,-0.616786181927,-0.244519114494,-0.656356155872
-0.449473202229,0.0134605616331,1.13240170479,0.358707845211,-0.617115855217,-0.243554785848,-0.656641244888
-0.449028104544,0.0130443349481,1.13226294518,0.361048996449,-0.615693390369,-0.24662950635,-0.655545055866
-0.448897987604,0.0132649838924,1.13254189491,0.358505249023,-0.617524087429,-0.24374678731,-0.656296849251
-0.448322683573,0.0128789767623,1.1324146986,0.357967108488,-0.617832362652,-0.244342118502,-0.656079173088
-0.448234975338,0.0129366368055,1.13234961033,0.357561290264,-0.618178486824,-0.243753105402,-0.656193315983
-0.447975605726,0.0132101923227,1.13203239441,0.357442140579,-0.618776261806,-0.243107512593,-0.655934393406
-0.447853982449,0.0132628828287,1.13196897507,0.356033802032,-0.619712114334,-0.242306485772,-0.656113088131
-0.447836428881,0.0133332833648,1.13216352463,0.356311529875,-0.619729161263,-0.242533639073,-0.655862271786
-0.44809666276,0.0144908726215,1.13249111176,0.356839448214,-0.620438873768,-0.240665569901,-0.65559232235
-0.448040395975,0.014652594924,1.13238298893,0.356372445822,-0.620934128761,-0.240201458335,-0.655547618866
-0.447904884815,0.0149766355753,1.13207137585,0.356039494276,-0.621640563011,-0.239613711834,-0.655274152756
-0.447917461395,0.0151084139943,1.13198387623,0.356908589602,-0.622073531151,-0.240672975779,-0.654000937939
-0.447884887457,0.0149141103029,1.13178372383,0.356572180986,-0.622226893902,-0.241298407316,-0.653808176517
-0.447941958904,0.0151579231024,1.13176143169,0.35613450408,-0.622705876827,-0.241187542677,-0.653631746769
-0.448120504618,0.0149366632104,1.13190865517,0.356178283691,-0.621948182583,-0.242686748505,-0.65377420187
-0.448255807161,0.0162746533751,1.13241863251,0.357275277376,-0.622470498085,-0.241618961096,-0.653073728085
-0.448429554701,0.0166085585952,1.13240909576,0.357168346643,-0.622677981853,-0.241849884391,-0.652848899364
-0.448607385159,0.0170059502125,1.13243961334,0.356977254152,-0.623013019562,-0.241744980216,-0.652672588825
-0.448543190956,0.0161383152008,1.13196730614,0.351095080376,-0.625005424023,-0.23932403326,-0.654846906662
-0.448691546917,0.016819037497,1.1317948103,0.351061791182,-0.625602602959,-0.239328891039,-0.654292583466
-0.448923170567,0.0176971927285,1.13196635246,0.354102551937,-0.625346422195,-0.241352677345,-0.652152001858
-0.449751675129,0.0190011709929,1.1324570179,0.358132898808,-0.623719573021,-0.243360593915,-0.6507614851
-0.450096905231,0.0198202803731,1.13233208656,0.357910126448,-0.624583005905,-0.242105379701,-0.650524020195
-0.450568139553,0.0205079093575,1.13227796555,0.354716777802,-0.625682890415,-0.239958018064,-0.652009963989
-0.450479418039,0.0204196199775,1.13197577,0.355307847261,-0.625435471535,-0.241848006845,-0.651226699352
-0.450888216496,0.0206260606647,1.13183617592,0.355870902538,-0.625276565552,-0.243222162127,-0.650559842587
-0.451464891434,0.0212554708123,1.13180184364,0.356336414814,-0.624447464943,-0.245189800858,-0.650362789631
-0.452062517405,0.0234412252903,1.13239395618,0.362816303968,-0.622918784618,-0.244188755751,-0.64862036705
-0.452526658773,0.0241917967796,1.1323993206,0.361825078726,-0.623593866825,-0.244134694338,-0.64854568243
-0.452598512173,0.0240190178156,1.13209402561,0.360966771841,-0.623269557953,-0.246278911829,-0.648525178432
-0.452969133854,0.0247244462371,1.13212108612,0.361661702394,-0.623448550701,-0.247979238629,-0.647316813469
-0.454200178385,0.0263734385371,1.13231468201,0.357115358114,-0.625183820724,-0.245200917125,-0.649222910404
-0.454364895821,0.0262769088149,1.13194000721,0.356305301189,-0.624929070473,-0.246783897281,-0.64931344986
-0.454893112183,0.0267497375607,1.13183200359,0.352565824986,-0.625973701477,-0.245595395565,-0.650797426701
-0.455923050642,0.0283565148711,1.13203930855,0.356199413538,-0.625114440918,-0.247180268168,-0.649042308331
-0.456515967846,0.0296410471201,1.13209819794,0.358627378941,-0.623991191387,-0.249270007014,-0.647986114025
-0.456782341003,0.0296496227384,1.13188099861,0.365010887384,-0.620056152344,-0.25340154767,-0.64659512043
-0.457558482885,0.0306766331196,1.13183069229,0.364212274551,-0.620048046112,-0.25396040082,-0.646833837032
-0.458431094885,0.0310065299273,1.13150775433,0.357136666775,-0.622736871243,-0.253363907337,-0.648428142071
-0.45986148715,0.0329234674573,1.13159286976,0.360283106565,-0.620781719685,-0.253228664398,-0.648615121841
-0.460168361664,0.0334825366735,1.13122963905,0.362230598927,-0.619928181171,-0.257618486881,-0.646614909172
-0.461717069149,0.0342755839229,1.13108992577,0.363223582506,-0.618611037731,-0.258429288864,-0.646995723248
-0.462465912104,0.0351549908519,1.13128721714,0.363697618246,-0.618342041969,-0.260774105787,-0.646044969559
-0.463728427887,0.0364032685757,1.13082289696,0.368537724018,-0.616058409214,-0.264394283295,-0.644008994102
-0.465119063854,0.0383524596691,1.1311095953,0.375689923763,-0.612758517265,-0.265825867653,-0.642433524132
-0.466055512428,0.0382742285728,1.13077580929,0.368243306875,-0.61409008503,-0.266694873571,-0.645107865334
-0.467164754868,0.0394417345524,1.13046956062,0.369984924793,-0.613072872162,-0.268655657768,-0.644264817238
-0.468511939049,0.0404309108853,1.13043451309,0.379668056965,-0.608617901802,-0.273291051388,-0.640896558762
-0.469781577587,0.0415628254414,1.13011157513,0.375414401293,-0.610252141953,-0.274113714695,-0.641496777534
-0.471006602049,0.0427451655269,1.13004171848,0.381383299828,-0.606258332729,-0.275910913944,-0.640992105007
-0.473086774349,0.0445293411613,1.13000261784,0.385929077864,-0.605075955391,-0.277938872576,-0.638507544994
-0.473788619041,0.0447285547853,1.12968432903,0.386214703321,-0.603717565536,-0.281143933535,-0.638217449188
-0.475591182709,0.0467337444425,1.12972807884,0.388654232025,-0.603281378746,-0.28149881959,-0.636991381645
-0.477272689342,0.0475930273533,1.12939977646,0.388086289167,-0.602204024792,-0.281866341829,-0.638193309307
-0.477957695723,0.048161752522,1.12925839424,0.390864014626,-0.601088285446,-0.286357462406,-0.635545134544
-0.479488790035,0.0487637594342,1.12879621983,0.389836728573,-0.600483059883,-0.287028223276,-0.636444985867
-0.481009930372,0.0498900040984,1.12862181664,0.390854328871,-0.599972486496,-0.288347810507,-0.635705590248
-0.483256399632,0.0518606230617,1.12866377831,0.393851578236,-0.598441541195,-0.288845837116,-0.635072112083
-0.484434485435,0.052565805614,1.12825870514,0.394385367632,-0.597998201847,-0.291484355927,-0.633952021599
-0.48559653759,0.0533343181014,1.12793028355,0.395549058914,-0.597289085388,-0.293600171804,-0.632918179035
-0.488092303276,0.0556897372007,1.12830364704,0.400279372931,-0.595517575741,-0.295133888721,-0.63089710474
-0.488836705685,0.0562223792076,1.12762367725,0.401017338037,-0.595447719097,-0.298325687647,-0.628990411758
-0.490561872721,0.0571592152119,1.12770581245,0.402196466923,-0.594524681568,-0.300202935934,-0.628216981888
-0.492874860764,0.0593464076519,1.12734222412,0.405220627785,-0.59363079071,-0.300490617752,-0.626980185509
-0.494683265686,0.0605041980743,1.12704849243,0.407289326191,-0.592662453651,-0.302443027496,-0.625615656376
-0.495679676533,0.0605707317591,1.126527071,0.407235234976,-0.592153310776,-0.305778115988,-0.624510645866
-0.497710108757,0.0620732605457,1.12621676922,0.409903973341,-0.591032743454,-0.307313680649,-0.623070955276
-0.499102383852,0.0621387511492,1.12590944767,0.408096939325,-0.591285288334,-0.308266460896,-0.623546600342
-0.50090110302,0.0633674114943,1.12538146973,0.408175975084,-0.591557323933,-0.308866649866,-0.622939646244
-0.502767860889,0.0643548369408,1.12493014336,0.411140143871,-0.589870512486,-0.311603546143,-0.621224462986
-0.505122303963,0.0656878650188,1.1245610714,0.413554489613,-0.588641285896,-0.312907546759,-0.620131492615
-0.506552696228,0.0664762556553,1.12431883812,0.414924293756,-0.588072121143,-0.315742611885,-0.618316650391
-0.508990764618,0.0677363723516,1.12385523319,0.4178365767,-0.586688399315,-0.31739756465,-0.616820991039
-0.510572850704,0.0684693902731,1.12361907959,0.41889077425,-0.586253523827,-0.319963485003,-0.615191578865
-0.513010621071,0.0700708776712,1.12321603298,0.422425478697,-0.584780395031,-0.321747690439,-0.613242983818
-0.515132009983,0.0712099373341,1.12287056446,0.424665987492,-0.583746314049,-0.323559224606,-0.611725986004
-0.517416477203,0.0725303292274,1.12255740166,0.427446424961,-0.582574009895,-0.325269788504,-0.609997391701
-0.518927633762,0.0731312185526,1.12210774422,0.428537875414,-0.581974387169,-0.327899247408,-0.608394086361
-0.521596670151,0.074540451169,1.12171900272,0.430131316185,-0.580902040005,-0.32856503129,-0.607934892178
-0.523180782795,0.0752659291029,1.12122058868,0.43156260252,-0.58059835434,-0.330913841724,-0.605933308601
-0.525326192379,0.0765827596188,1.12099993229,0.434618264437,-0.579262971878,-0.333584040403,-0.603558659554
-0.527436137199,0.0777532309294,1.12060761452,0.436800122261,-0.578761935234,-0.335065722466,-0.60164052248
-0.529765427113,0.078890889883,1.12044763565,0.438952833414,-0.577396452427,-0.336998820305,-0.600304663181
-0.531944394112,0.080212816596,1.11996304989,0.442920178175,-0.576350271702,-0.338998258114,-0.597262322903
-0.534391582012,0.0816304087639,1.11972415447,0.445721715689,-0.575036942959,-0.340322226286,-0.595689117908
-0.536449015141,0.0830119997263,1.11937749386,0.452196002007,-0.569410324097,-0.343996137381,-0.594102203846
-0.53897112608,0.0843894928694,1.11905515194,0.450873792171,-0.572982549667,-0.343106687069,-0.592183709145
-0.54049885273,0.0855323672295,1.11857879162,0.45690074563,-0.568712830544,-0.345744520426,-0.590142607689
-0.542967319489,0.0866879373789,1.11836862564,0.459071844816,-0.566765069962,-0.348467707634,-0.588727772236
-0.545181334019,0.088019400835,1.11804008484,0.463307321072,-0.565479099751,-0.350854843855,-0.585218369961
-0.547395408154,0.0892553925514,1.1177546978,0.46550360322,-0.564708054066,-0.351452320814,-0.583860039711
-0.549715995789,0.0909596383572,1.11776340008,0.466560840607,-0.563659071922,-0.352888911963,-0.583162784576
-0.551988005638,0.0922099351883,1.11768078804,0.468746691942,-0.562624931335,-0.354449987411,-0.581459403038
-0.554346263409,0.0935911089182,1.11716854572,0.470547765493,-0.561728060246,-0.355126202106,-0.580458343029
-0.556641101837,0.0949603766203,1.11691975594,0.473020762205,-0.560746967793,-0.355691045523,-0.579049527645
-0.558916509151,0.0963232964277,1.11684608459,0.477066248655,-0.559232771397,-0.358843803406,-0.575236976147
-0.560704827309,0.0974093526602,1.11671149731,0.476562976837,-0.559633970261,-0.3612447083,-0.573759377003
-0.562933146954,0.0988139808178,1.1167538166,0.477074027061,-0.560370922089,-0.360912710428,-0.572823643684
-0.565066516399,0.0999973267317,1.11653852463,0.481052994728,-0.556011974812,-0.363222330809,-0.572283565998
-0.567624568939,0.100953549147,1.11659896374,0.483505576849,-0.553783774376,-0.365588963032,-0.570868313313
-0.56991481781,0.102355852723,1.11630535126,0.487896203995,-0.551942706108,-0.368373543024,-0.567113339901
-0.571865141392,0.103716224432,1.11636960506,0.487183153629,-0.551962614059,-0.36794963479,-0.567981421947
-0.574098289013,0.104947686195,1.116320014,0.49173116684,-0.549367725849,-0.370956987143,-0.564612030983
-0.576470673084,0.105837017298,1.11622357368,0.493921756744,-0.546884119511,-0.373471438885,-0.563451945782
-0.578847289085,0.107080131769,1.1163340807,0.495617568493,-0.545366168022,-0.374925613403,-0.562467634678
-0.580626487732,0.107906416059,1.11624407768,0.497157901525,-0.544217050076,-0.377253472805,-0.560661792755
-0.583038449287,0.109724894166,1.11632084846,0.499144136906,-0.54282784462,-0.377766996622,-0.559897482395
-0.58564132452,0.110819414258,1.11638116837,0.501185834408,-0.54054659605,-0.379966855049,-0.558790802956
-0.587783515453,0.112265184522,1.11653792858,0.503053486347,-0.539031147957,-0.381594270468,-0.557466089725
-0.590110123158,0.113502860069,1.11649751663,0.505682110786,-0.53615385294,-0.383614748716,-0.556475043297
-0.5939245224,0.115217000246,1.11676061153,0.509649634361,-0.533451318741,-0.384053021669,-0.555148899555
-0.594554424286,0.116042137146,1.11638379097,0.509240686893,-0.532873094082,-0.386979550123,-0.554046094418
-0.59819662571,0.117538228631,1.11678016186,0.513152122498,-0.529251396656,-0.387916475534,-0.5532528162
-0.600703418255,0.118549384177,1.11740744114,0.517365396023,-0.52603328228,-0.390800923109,-0.550360620022
-0.602850198746,0.120064601302,1.1169513464,0.518044352531,-0.525466382504,-0.391625374556,-0.549677073956
-0.60592764616,0.120450422168,1.11692285538,0.520710408688,-0.520692944527,-0.39423841238,-0.54983240366
-0.607799708843,0.121940411627,1.11649239063,0.522361397743,-0.520371973515,-0.395222753286,-0.54785990715
-0.609320759773,0.123437985778,1.11693549156,0.523830294609,-0.51927536726,-0.397370100021,-0.54594129324
-0.61066621542,0.124714240432,1.11767685413,0.526637554169,-0.518155515194,-0.400385141373,-0.542088210583
-0.612127661705,0.125237315893,1.11708843708,0.527352392673,-0.51614767313,-0.403637528419,-0.540895581245
-0.614453315735,0.126826256514,1.11785125732,0.52779173851,-0.515137076378,-0.404432088137,-0.54083687067
-0.616440832615,0.128155842423,1.11777281761,0.52941352129,-0.513871312141,-0.405860215425,-0.539383947849
-0.6181396842,0.129057109356,1.11764192581,0.53021889925,-0.512366652489,-0.407691150904,-0.53864300251
-0.620232522488,0.130492866039,1.11795210838,0.531701087952,-0.51089990139,-0.409383535385,-0.537290036678
-0.621637701988,0.13152641058,1.11772155762,0.533858120441,-0.509734988213,-0.412107676268,-0.534165680408
-0.623133838177,0.132821530104,1.11797308922,-0.534844517708,0.508659899235,0.414021134377,0.53272241354
-0.62476593256,0.133935928345,1.11782240868,-0.533994793892,0.507968604565,0.415432780981,0.533135056496
-0.626275062561,0.135172128677,1.11797428131,-0.533588111401,0.507663190365,0.416806936264,0.532760679722
-0.627936184406,0.136296659708,1.11797273159,-0.53624689579,0.506075799465,0.418448418379,0.53030860424
-0.629294991493,0.137551307678,1.11768937111,-0.533894538879,0.506720483303,0.418824493885,0.531767785549
-0.630788743496,0.138536304235,1.11797297001,-0.535579025745,0.505031228065,0.421636432409,0.529453992844
-0.6321387887,0.139892220497,1.11780536175,-0.538003265858,0.503965973854,0.423549473286,0.526475429535
-0.633673667908,0.141113787889,1.1176213026,-0.535271763802,0.504381716251,0.42354029417,0.52886402607
-0.635048925877,0.14238384366,1.11740243435,-0.537756860256,0.503017246723,0.42557233572,0.526003360748
-0.636433899403,0.143480420113,1.11722612381,-0.536782383919,0.501890599728,0.427041292191,0.526883721352
-0.637731194496,0.144555807114,1.11730790138,-0.536775350571,0.50194144249,0.428018420935,0.526048719883
-0.63892865181,0.145843803883,1.1168358326,-0.538867890835,0.501014173031,0.430096209049,0.523090660572
-0.640380680561,0.146665334702,1.11671245098,-0.53716647625,0.500396609306,0.431245148182,0.524483501911
-0.641450285912,0.147791609168,1.11656618118,-0.53786277771,0.49886494875,0.431916356087,0.524677157402
-0.642652451992,0.148849159479,1.11623978615,-0.536173701286,0.498826354742,0.432733088732,0.525768399239
-0.643714845181,0.149592876434,1.11615800858,-0.537299692631,0.498663425446,0.435460209846,0.522511482239
-0.64508998394,0.150952085853,1.11597943306,-0.538109600544,0.4970035851,0.435580104589,0.523159205914
-0.64623862505,0.151845887303,1.11566329002,-0.537271559238,0.497812986374,0.43700492382,0.522061526775
-0.647496581078,0.152862638235,1.1156835556,-0.538038372993,0.496522277594,0.438601225615,0.521161794662
-0.648718655109,0.153642579913,1.11573469639,-0.539585411549,0.495094418526,0.440336227417,0.519454956055
-0.649804711342,0.154467701912,1.1155705452,-0.538306593895,0.494463086128,0.441215634346,0.520635426044
-0.650943517685,0.155724078417,1.1151342392,-0.536504924297,0.494097530842,0.439720094204,0.524095952511
-0.652162134647,0.156351059675,1.11492693424,-0.53981846571,0.492681652308,0.442833453417,0.519383609295
-0.653530359268,0.157018870115,1.11460781097,-0.537729382515,0.490904062986,0.442308366299,0.523663699627
-0.654937803745,0.157972186804,1.11443090439,-0.540335297585,0.489693105221,0.444640696049,0.520128190517
-0.655909895897,0.159039139748,1.11446142197,-0.540856540203,0.489193290472,0.445187032223,0.519588887691
-0.657360315323,0.159406244755,1.11428081989,-0.53987288475,0.486255973577,0.445031315088,0.523488223553
-0.658406972885,0.160709172487,1.11389815807,-0.544198989868,0.485601425171,0.447223812342,0.517715990543
-0.660039901733,0.161072790623,1.11345386505,-0.545792102814,0.482814639807,0.448510557413,0.517531991005
-0.661354899406,0.161878228188,1.11310076714,-0.546169281006,0.48123383522,0.449091076851,0.51810246706
-0.662555992603,0.162569820881,1.11295473576,-0.54685074091,0.479893416166,0.449450731277,0.51831561327
-0.663871347904,0.163277581334,1.11265194416,-0.549674153328,0.477416604757,0.450538337231,0.516669392586
-0.66489481926,0.163928121328,1.11238205433,-0.549568653107,0.4761095047,0.451056838036,0.517534613609
-0.66620439291,0.164346247911,1.11238086224,-0.550836384296,0.47407785058,0.451883614063,0.517330467701
-0.667483747005,0.165106594563,1.11195492744,-0.552720725536,0.471930265427,0.452481120825,0.516761660576
-0.668320000172,0.165652155876,1.11143946648,-0.555061280727,0.470195800066,0.453338086605,0.515080153942
-0.669409811497,0.166107729077,1.11108362675,-0.556878566742,0.467943102121,0.454342365265,0.514284789562
-0.670308053493,0.166893392801,1.1106544733,-0.558297514915,0.466539621353,0.454728007317,0.513680100441
-0.671256422997,0.16728001833,1.11013185978,-0.559151828289,0.465260058641,0.454773068428,0.513871729374
-0.671956658363,0.16819280386,1.10896706581,-0.560796499252,0.46427834034,0.454982697964,0.512780547142
-0.672740876675,0.168718904257,1.10836517811,-0.561034500599,0.462401986122,0.456119328737,0.513205468655
-0.673608899117,0.169107675552,1.10807406902,-0.561943411827,0.460958063602,0.456535369158,0.513140261173
-0.67412507534,0.169501334429,1.10768735409,-0.562652647495,0.459980756044,0.457048535347,0.512783050537
-0.674693048,0.169959142804,1.10719966888,-0.562460720539,0.460053354502,0.456441730261,0.513468325138
-0.675396740437,0.170135483146,1.1068944931,-0.565512299538,0.458714902401,0.456270426512,0.511462509632
-0.675795197487,0.170598581433,1.10642135143,-0.566616177559,0.45712479949,0.457619994879,0.510457634926
-0.676204502583,0.171060547233,1.10558235645,-0.565569877625,0.457377254963,0.45676779747,0.512152612209
-0.676607608795,0.17158177495,1.10502576828,-0.566121220589,0.456992685795,0.456816464663,0.511843025684
-0.676938056946,0.172137096524,1.10406565666,-0.568960189819,0.45593085885,0.457148432732,0.509339809418
-0.677301764488,0.172277808189,1.10367166996,-0.569441556931,0.455652475357,0.456710040569,0.509444057941
-0.677737057209,0.172639891505,1.10330200195,-0.570725798607,0.454803526402,0.456831365824,0.508656263351
-0.678042531013,0.17281511426,1.10289263725,-0.568962872028,0.455386996269,0.455987602472,0.51086139679
-0.678508460522,0.173211947083,1.10233676434,-0.571590781212,0.452659487724,0.457742273808,0.508778572083
-0.678707301617,0.173680618405,1.10163283348,-0.572035551071,0.454211562872,0.455604791641,0.508813977242
-0.679067850113,0.174087882042,1.10128378868,-0.5734629035,0.453716188669,0.455482304096,0.507757842541
-0.6794231534,0.174549341202,1.1006103754,-0.575374007225,0.453434795141,0.454890370369,0.506375789642
-0.679589986801,0.175166755915,1.09989750385,-0.576577007771,0.453688889742,0.454137414694,0.505454897881
-0.679936170578,0.175615817308,1.09932291508,-0.578157126904,0.453174710274,0.45360198617,0.504591405392
-0.6801648736,0.175983011723,1.09874820709,-0.579041540623,0.45363047719,0.452603042126,0.504064142704
-0.680133938789,0.176270544529,1.09834706783,-0.579564094543,0.454652249813,0.451169937849,0.503827869892
-0.680059254169,0.176715299487,1.0976549387,-0.580179572105,0.455162316561,0.450509518385,0.503249585629
-0.679857552052,0.1772416085,1.09693038464,-0.581165671349,0.45532771945,0.45044568181,0.50201767683
-0.679750084877,0.177689403296,1.09693825245,-0.582105338573,0.455341219902,0.450625032187,0.500754415989
-0.679688513279,0.178172305226,1.09600245953,-0.582618415356,0.455491691828,0.450794637203,0.49986705184
-0.679357469082,0.17855450511,1.09562182426,-0.5834851861,0.455555796623,0.450634509325,0.498941630125
-0.679108500481,0.179015308619,1.09504759312,-0.583669424057,0.456131458282,0.450117379427,0.498667001724
-0.678898274899,0.17937117815,1.09479010105,-0.583800673485,0.456127792597,0.450278609991,0.498370558023
-0.678410232067,0.179883375764,1.09430503845,-0.584156811237,0.456271260977,0.450448870659,0.497667938471
-0.677964568138,0.180342689157,1.09403038025,-0.584419310093,0.456267267466,0.450970947742,0.496889829636
-0.677482128143,0.181082770228,1.09349703789,-0.584558665752,0.456683963537,0.450889080763,0.496417135
-0.676953732967,0.1818574965,1.09286284447,-0.585282385349,0.456867009401,0.450825959444,0.495452523232
-0.676217317581,0.18248128891,1.09235966206,-0.584831774235,0.457632869482,0.450697332621,0.495395034552
-0.67558580637,0.183072581887,1.09195613861,-0.584043204784,0.458086371422,0.451025694609,0.495606869459
-0.674975812435,0.183871939778,1.09177589417,-0.578784048557,0.463033109903,0.451471179724,0.49677297473
-0.673985540867,0.184707179666,1.09090399742,-0.583488225937,0.458756685257,0.450556963682,0.496066719294
-0.673204243183,0.185196369886,1.09066092968,-0.581883788109,0.45972904563,0.450112611055,0.497452765703
-0.672175943851,0.186083778739,1.09029996395,-0.58105713129,0.46044036746,0.449628293514,0.498198658228
-0.671251296997,0.186603441834,1.09047985077,-0.579508662224,0.461042910814,0.449644446373,0.499428808689
-0.670232355595,0.187611997128,1.09029197693,-0.579244911671,0.46077516675,0.451185822487,0.498590886593
-0.669068694115,0.188290029764,1.08975958824,-0.57740676403,0.462561160326,0.449186354876,0.500869810581
-0.667816758156,0.189376920462,1.08937358856,-0.575432240963,0.463993787766,0.449078530073,0.501912593842
-0.666559755802,0.190260320902,1.08923649788,-0.573228180408,0.465787082911,0.447848290205,0.503868579865
-0.665219187737,0.190527558327,1.08924674988,-0.571301341057,0.466371804476,0.447574853897,0.505755841732
-0.663900613785,0.191310882568,1.08902096748,-0.569214642048,0.467934429646,0.446545571089,0.507571876049
-0.662292361259,0.191995829344,1.08881723881,-0.566247045994,0.47008150816,0.445376902819,0.509928643703
-0.66083240509,0.19249817729,1.08898806572,-0.56409662962,0.471397489309,0.444772779942,0.511622011662
-0.659342825413,0.19305112958,1.08910059929,-0.561919093132,0.47276905179,0.443847060204,0.51355266571
-0.657598257065,0.193920850754,1.08915829659,-0.559843480587,0.473909556866,0.443426609039,0.515129208565
-0.656026661396,0.194560587406,1.08886015415,-0.55756187439,0.47557720542,0.442315042019,0.517019033432
-0.654575884342,0.195004612207,1.08958101273,-0.555785000324,0.476507812738,0.441852986813,0.518468260765
-0.652821779251,0.195318192244,1.08967602253,-0.554642558098,0.478830099106,0.43723064661,0.521462500095
-0.651457846165,0.196131318808,1.08983850479,-0.551712810993,0.482849925756,0.434760183096,0.522927045822
-0.649842441082,0.196597889066,1.09008562565,-0.550532996655,0.48424488306,0.433759212494,0.523711204529
-0.647994816303,0.197462961078,1.09065067768,-0.548445641994,0.486193835735,0.432288825512,0.525309026241
-0.646608769894,0.198016479611,1.09078860283,-0.547516226768,0.487325698137,0.430881381035,0.526384651661
-0.644694805145,0.198987856507,1.09097027779,-0.546350419521,0.489826321602,0.429296642542,0.526569843292
-0.643180608749,0.199786216021,1.09131574631,-0.544886827469,0.491277247667,0.427442759275,0.528240442276
-0.641510844231,0.200333088636,1.09133934975,-0.543595671654,0.492830395699,0.425808340311,0.529442548752
-0.639784872532,0.201153188944,1.09159982204,-0.542761981487,0.495047837496,0.423682659864,0.529934167862
-0.6380443573,0.20153594017,1.0912706852,-0.534070611,0.502926528454,0.420747309923,0.533671557903
-0.636056780815,0.202250346541,1.091375947,0.53068459034,-0.505472242832,-0.418246597052,-0.536602020264
-0.634563028812,0.203153535724,1.09110975266,0.529603898525,-0.50778824091,-0.414971798658,-0.538023293018
-0.633485913277,0.204443097115,1.09186410904,0.531081557274,-0.507642447948,-0.413967311382,-0.537478148937
-0.630698442459,0.204422146082,1.09159171581,0.528876900673,-0.510345220566,-0.412466406822,-0.538245916367
-0.630683243275,0.206161975861,1.09193253517,0.530785501003,-0.510622799397,-0.408605843782,-0.539047896862
-0.627295315266,0.205854833126,1.09192585945,0.526128292084,-0.513590216637,-0.408859789371,-0.540599584579
-0.625294208527,0.206431508064,1.09209811687,0.523917853832,-0.516101002693,-0.406652063131,-0.542018413544
-0.623612821102,0.206988066435,1.09208071232,0.523373186588,-0.517778635025,-0.403651714325,-0.543186128139
-0.621694386005,0.207478880882,1.09191989899,0.517010986805,-0.522321760654,-0.398634314537,-0.548607826233
-0.619602143764,0.207908943295,1.09192049503,0.517197072506,-0.523954808712,-0.397193074226,-0.547919929028
-0.617722153664,0.207964122295,1.09176814556,0.513029456139,-0.526575624943,-0.393787533045,-0.55177038908
-0.615704655647,0.208288133144,1.09183847904,0.516863942146,-0.52303403616,-0.392658859491,-0.552364051342
-0.613663256168,0.20859721303,1.0918469429,0.50611782074,-0.531379878521,-0.388072252274,-0.557566463947
-0.612046599388,0.208557859063,1.09166526794,0.505713939667,-0.532222270966,-0.387397795916,-0.557598352432
-0.610200881958,0.208953797817,1.09185695648,0.500022828579,-0.534148991108,-0.38308763504,-0.56383150816
-0.608476698399,0.208697259426,1.09183764458,0.504565596581,-0.533101797104,-0.384392410517,-0.559873819351
-0.606430113316,0.208944320679,1.09138309956,0.502584040165,-0.534941732883,-0.381859540939,-0.561631858349
-0.604835033417,0.209018409252,1.09140300751,0.502323806286,-0.536300480366,-0.380098968744,-0.561762928963
-0.602968096733,0.209145456553,1.0911026001,0.498979747295,-0.537981212139,-0.377541810274,-0.564851880074
-0.601364672184,0.209037899971,1.09101343155,0.497769385576,-0.538646757603,-0.375914692879,-0.566368818283
-0.59956151247,0.209034055471,1.09059691429,0.496116548777,-0.539598762989,-0.373726904392,-0.568357229233
-0.598003566265,0.2090305686,1.09040284157,0.496478378773,-0.539739966393,-0.372189074755,-0.568915843964
-0.596447646618,0.208941623569,1.09067749977,0.495382338762,-0.540748476982,-0.370248675346,-0.570178449154
-0.594541490078,0.208568587899,1.0903069973,0.494156956673,-0.541102647781,-0.369087845087,-0.57165646553
-0.593250691891,0.208914250135,1.08988845348,0.492934733629,-0.542184054852,-0.36602216959,-0.573654592037
-0.591560006142,0.20826125145,1.08991599083,0.491402685642,-0.542670190334,-0.364719450474,-0.575336575508
-0.59030175209,0.208130583167,1.08968532085,0.490611553192,-0.543637037277,-0.362461656332,-0.576524734497
-0.58915323019,0.208224490285,1.08964598179,0.498064309359,-0.53768658638,-0.362910181284,-0.575431525707
-0.587806820869,0.207450851798,1.08974063396,0.489382535219,-0.54374730587,-0.359031617641,-0.579603254795
-0.586363077164,0.207516089082,1.08919966221,0.489386796951,-0.54484128952,-0.356662839651,-0.580034613609
-0.585716307163,0.207927405834,1.08926510811,0.49886700511,-0.538018763065,-0.356905221939,-0.578175127506
-0.584790587425,0.207687169313,1.08910989761,0.491687804461,-0.54335218668,-0.35320109129,-0.581601798534
-0.583420097828,0.207110792398,1.08894526958,0.491090118885,-0.543669879436,-0.35209068656,-0.58248257637
-0.582453668118,0.206569701433,1.08868002892,0.488895386457,-0.544524848461,-0.348913580179,-0.585434377193
-0.582086265087,0.20664820075,1.08858191967,0.489921241999,-0.544337809086,-0.346228539944,-0.586344003677
-0.581309020519,0.206482291222,1.08815217018,0.489173978567,-0.54467523098,-0.343863517046,-0.588043808937
-0.57994145155,0.205574542284,1.08814179897,0.48874861002,-0.544722378254,-0.343135863543,-0.588778674603
-0.579827368259,0.20569679141,1.08812737465,0.489714533091,-0.544842720032,-0.340528488159,-0.589378118515
-0.578957438469,0.205626770854,1.08812773228,0.492130964994,-0.544279098511,-0.340094149113,-0.58813560009
-0.578269004822,0.204837083817,1.08793663979,0.490050822496,-0.544445097446,-0.337878763676,-0.590988814831
-0.577856659889,0.204637691379,1.08782911301,0.490462183952,-0.544848382473,-0.335645079613,-0.591548383236
-0.57749414444,0.204330861568,1.0877109766,0.491252243519,-0.544629812241,-0.334095150232,-0.5919713974
-0.577602982521,0.20481839776,1.08784258366,0.492950320244,-0.543954908848,-0.331711649895,-0.592520415783
-0.577293634415,0.204531490803,1.08776259422,0.493585944176,-0.543842494488,-0.330136835575,-0.592973828316
-0.577194392681,0.204419016838,1.08770179749,0.495405167341,-0.543742775917,-0.32895898819,-0.592202246189
-0.577149748802,0.204159751534,1.08750557899,0.496156275272,-0.543137490749,-0.327775359154,-0.592784941196
-0.577182114124,0.204074978828,1.08744192123,0.497668147087,-0.543487548828,-0.326124638319,-0.592106759548
-0.577247738838,0.203769385815,1.08727240562,0.498787045479,-0.542634546757,-0.325334131718,-0.592382490635
-0.577439069748,0.203605830669,1.08712911606,0.507488131523,-0.537132799625,-0.326356142759,-0.589437007904
-0.577674746513,0.203374803066,1.08697724342,0.508309364319,-0.536938309669,-0.32522213459,-0.589533209801
-0.577908754349,0.202630609274,1.08663570881,0.509318351746,-0.535987436771,-0.324394822121,-0.589983463287
-0.577786624432,0.201978698373,1.08641445637,0.509608149529,-0.536531686783,-0.323887765408,-0.589516758919
-0.578185737133,0.201677665114,1.08617460728,0.510718166828,-0.535689413548,-0.323438197374,-0.589569151402
-0.579217195511,0.20180773735,1.08598661423,0.512600183487,-0.535634040833,-0.321680247784,-0.588947713375
-0.579638302326,0.20140978694,1.08579754829,0.512610375881,-0.53594738245,-0.320600271225,-0.589242458344
-0.579752802849,0.200811877847,1.0855704546,0.51261985302,-0.535796225071,-0.320869058371,-0.589225292206
-0.580924272537,0.200847163796,1.08527088165,0.513693809509,-0.535328686237,-0.319378405809,-0.589524686337
-0.581490397453,0.200697332621,1.08510613441,0.514784991741,-0.53516715765,-0.320171862841,-0.588287949562
-0.581913352013,0.200198411942,1.08484220505,0.515014588833,-0.535328805447,-0.320425540209,-0.587801575661
-0.58256649971,0.199830502272,1.08459985256,0.515063166618,-0.535330355167,-0.320376545191,-0.587784171104
-0.58383834362,0.200226187706,1.08450853825,0.516482591629,-0.5358492136,-0.319014132023,-0.586806178093
-0.584253907204,0.199616625905,1.08409249783,0.516437292099,-0.536236763,-0.31915435195,-0.586415588856
-0.585543274879,0.199809595942,1.08389699459,0.517638206482,-0.53633493185,-0.318550467491,-0.585594892502
-0.585992634296,0.199232876301,1.08368909359,0.517961919308,-0.536367058754,-0.320059090853,-0.584455251694
-0.587020277977,0.199138104916,1.08347702026,0.518730580807,-0.536389768124,-0.320680618286,-0.583411157131
-0.588336825371,0.199327200651,1.0833107233,0.519872248173,-0.536371767521,-0.321039319038,-0.582213044167
-0.58901309967,0.198848545551,1.08311796188,0.519944190979,-0.536301076412,-0.323564261198,-0.580814421177
-0.590009331703,0.198577523232,1.08286166191,0.52030557394,-0.536539077759,-0.324619114399,-0.579681396484
-0.591132104397,0.198398053646,1.08261525631,0.521067202091,-0.535980701447,-0.326285332441,-0.578577399254
-0.592076659203,0.198235079646,1.08246803284,0.521134614944,-0.536443412304,-0.32688382268,-0.57774913311
-0.593138039112,0.198169767857,1.0821082592,0.521644592285,-0.536238253117,-0.329034388065,-0.576256752014
-0.594423234463,0.197971791029,1.0818785429,0.515249729156,-0.541145503521,-0.328428506851,-0.57776671648
-0.595854401588,0.198273032904,1.08178782463,0.516381025314,-0.54076051712,-0.32985201478,-0.576304256916
-0.596720218658,0.197927027941,1.08150231838,0.516094386578,-0.540374040604,-0.332428872585,-0.575442194939
-0.59818059206,0.198097765446,1.08171927929,0.523858845234,-0.534347951412,-0.335706055164,-0.57214140892
-0.599347293377,0.198124289513,1.08166241646,0.524134993553,-0.534460246563,-0.337561815977,-0.570689797401
-0.600125074387,0.197762578726,1.08150923252,0.517138123512,-0.538696944714,-0.339464902878,-0.571959197521
-0.601378142834,0.197540476918,1.08192133904,0.517946898937,-0.537144064903,-0.34259057045,-0.570823073387
-0.602519869804,0.197817325592,1.08153450489,0.517567098141,-0.537627875805,-0.343901246786,-0.569923222065
-0.603498637676,0.197812527418,1.08156192303,0.516827940941,-0.537512481213,-0.346439391375,-0.569165349007
-0.605017542839,0.198280215263,1.08162438869,0.517434060574,-0.536717176437,-0.34822589159,-0.568274021149
-0.605712413788,0.198137432337,1.08161723614,0.516342163086,-0.536830127239,-0.351102024317,-0.567390322685
-0.606679558754,0.198196709156,1.08173954487,0.515662312508,-0.53681075573,-0.35326680541,-0.566682696342
-0.608181536198,0.198551103473,1.08183789253,0.516873240471,-0.535967469215,-0.355613976717,-0.564906656742
-0.609087407589,0.198673635721,1.08191740513,0.515748977661,-0.535786032677,-0.357904911041,-0.56465947628
-0.609753370285,0.198437035084,1.08201003075,0.515494465828,-0.535631597042,-0.361233711243,-0.56291615963
-0.611158847809,0.198820084333,1.08218073845,0.51525336504,-0.535502910614,-0.362766236067,-0.562273323536
-0.612092614174,0.19892385602,1.08217310905,0.514467179775,-0.535124719143,-0.365683764219,-0.561462819576
-0.613249123096,0.199254095554,1.08221626282,0.51517945528,-0.534919261932,-0.368247389793,-0.559326052666
-0.614239215851,0.199326843023,1.08243024349,0.515394151211,-0.53436678648,-0.371380209923,-0.557582318783
-0.615284502506,0.199313789606,1.08236420155,0.516275167465,-0.533604204655,-0.374196499586,-0.555611014366
-0.616449117661,0.199875056744,1.0825868845,0.517354488373,-0.53303861618,-0.376775503159,-0.553402841091
-0.61746186018,0.19973936677,1.08253490925,0.516082525253,-0.533015310764,-0.378849804401,-0.55319672823
-0.618695378304,0.200240522623,1.08261930943,0.51880800724,-0.531018555164,-0.382465302944,-0.550070762634
-0.619588971138,0.200248748064,1.08260035515,0.516946613789,-0.532002866268,-0.383610516787,-0.550074934959
-0.620566129684,0.200714290142,1.08280575275,0.517190814018,-0.531812369823,-0.385824412107,-0.548478662968
-0.621853590012,0.200575590134,1.08266746998,0.518083870411,-0.531152248383,-0.387803196907,-0.546877324581
-0.622781932354,0.200761556625,1.08278560638,0.515781402588,-0.531740963459,-0.389070808887,-0.547581136227
-0.62376666069,0.200920134783,1.08291482925,0.512941479683,-0.532110273838,-0.389354050159,-0.549684584141
-0.624678075314,0.200879111886,1.08313751221,0.51370459795,-0.5314848423,-0.391315966845,-0.548182070255
-0.625595390797,0.201264411211,1.08313727379,0.516311943531,-0.530274271965,-0.394302725792,-0.544753909111
-0.626421093941,0.201393008232,1.08323848248,0.516433596611,-0.529919624329,-0.396104156971,-0.543675541878
-0.627020716667,0.201560944319,1.08332133293,0.516557633877,-0.529870212078,-0.397676795721,-0.542456686497
-0.627903401852,0.201636791229,1.08343112469,0.515440285206,-0.529927670956,-0.398915052414,-0.542553782463
-0.628627598286,0.201867640018,1.08357596397,0.519824385643,-0.526756048203,-0.403901845217,-0.537749290466
-0.629198253155,0.201865613461,1.08372581005,0.519439220428,-0.526642620564,-0.405046641827,-0.5373711586
-0.629812300205,0.201928123832,1.08384251595,0.519405901432,-0.52648884058,-0.406423270702,-0.536513864994
-0.630097150803,0.201904028654,1.08385467529,0.519035279751,-0.526561498642,-0.407652914524,-0.535868108273
-0.630449175835,0.201760172844,1.08387172222,0.518049776554,-0.526507139206,-0.408136337996,-0.536506593227
-0.631256699562,0.201992601156,1.08401048183,0.518694102764,-0.526027321815,-0.409006744623,-0.535691559315
-0.631667256355,0.202090293169,1.08408737183,0.518480360508,-0.526572704315,-0.409823417664,-0.534737288952
-0.63208848238,0.2021253407,1.08413660526,0.517990350723,-0.526795566082,-0.410340338945,-0.534596264362
-0.632183015347,0.202152743936,1.08425378799,0.517321586609,-0.527302622795,-0.41077324748,-0.534411668777
-0.632854521275,0.202121824026,1.08413517475,0.517205357552,-0.5271499753,-0.410604357719,-0.534804224968
-0.633179724216,0.202111154795,1.08440923691,0.517841398716,-0.526535570621,-0.411400616169,-0.534181654453
-0.633386731148,0.202147185802,1.08449542522,0.518632411957,-0.526695370674,-0.410934180021,-0.533615708351
-0.633597671986,0.202120631933,1.08450984955,0.51863270998,-0.526660501957,-0.410985320807,-0.533610284328
-0.633716702461,0.202074736357,1.08449983597,0.518638789654,-0.526662528515,-0.410985559225,-0.533602416515
-0.633785784245,0.201849639416,1.08462572098,0.518165290356,-0.526749491692,-0.410780996084,-0.534133732319
-0.633802890778,0.201997980475,1.08438467979,0.518479287624,-0.526905715466,-0.410480558872,-0.533905684948
-0.633890211582,0.201706588268,1.08484363556,0.51818549633,-0.526780426502,-0.410416126251,-0.534363985062
-0.633796751499,0.201817333698,1.08445394039,0.518184840679,-0.527236640453,-0.409672737122,-0.534485220909
-0.633529424667,0.201612368226,1.08422398567,0.517162978649,-0.527295410633,-0.40987610817,-0.53526031971
-0.63352650404,0.201356709003,1.08465361595,0.517178177834,-0.527002036572,-0.409661114216,-0.535698890686
-0.633359909058,0.201190426946,1.08464467525,0.51704877615,-0.526680529118,-0.408979684114,-0.536659955978
-0.633186578751,0.201132893562,1.08463788033,0.516794025898,-0.527365267277,-0.408240526915,-0.53679561615
-0.632956326008,0.200982600451,1.08461236954,0.516743600368,-0.527037799358,-0.407552093267,-0.537688016891
-0.632671833038,0.200796633959,1.08457243443,0.516728460789,-0.527013063431,-0.407208532095,-0.537987112999
-0.632378041744,0.200914233923,1.08419835567,0.516522586346,-0.527869462967,-0.406258165836,-0.538063764572
-0.632088243961,0.200858235359,1.08414685726,0.517017483711,-0.527614593506,-0.405864953995,-0.538135230541
-0.631468057632,0.200922548771,1.08418273926,0.516728878021,-0.528877198696,-0.404392421246,-0.538281679153
-0.631187438965,0.200652569532,1.08407819271,0.516565322876,-0.528730690479,-0.403850138187,-0.538989007473
-0.630935788155,0.200743049383,1.08401882648,0.516617715359,-0.528395056725,-0.403183430433,-0.539766490459
-0.630528390408,0.200651451945,1.08405065536,0.516137242317,-0.528720617294,-0.402402937412,-0.540489256382
-0.630126476288,0.200638353825,1.08388972282,0.516540586948,-0.528702020645,-0.401612341404,-0.540710389614
-0.62972009182,0.200559556484,1.08388411999,0.516333758831,-0.528906524181,-0.400392353535,-0.541611790657
-0.629103899002,0.200162917376,1.08388960361,0.515067398548,-0.529611766338,-0.399234294891,-0.542981624603
-0.628413081169,0.200029671192,1.08383703232,0.513895690441,-0.530620098114,-0.397724300623,-0.544214189053
-0.627823710442,0.199977904558,1.0839176178,0.520389914513,-0.525361299515,-0.39805957675,-0.54289829731
-0.627335846424,0.199937999249,1.08396792412,0.513085186481,-0.53165191412,-0.395403563976,-0.545660972595
-0.626759946346,0.19994661212,1.08404517174,0.512199103832,-0.532793998718,-0.392888396978,-0.547194242477
-0.626263141632,0.199700713158,1.08397853374,0.509792685509,-0.534821271896,-0.390198737383,-0.549383759499
-0.625489234924,0.199872374535,1.0841319561,0.510170817375,-0.534721255302,-0.390247046947,-0.549095988274
-0.625038504601,0.199851632118,1.0837996006,0.50936716795,-0.5360866189,-0.388004422188,-0.550098955631
-0.624460339546,0.199605166912,1.08406734467,0.50895357132,-0.53624945879,-0.386961221695,-0.551057040691
-0.623866021633,0.199742734432,1.08395290375,0.50963896513,-0.536589622498,-0.386021047831,-0.550751686096
-0.622998893261,0.199767172337,1.08410036564,0.509199798107,-0.537228941917,-0.385053306818,-0.551211953163
-0.622392892838,0.199724838138,1.08422684669,0.507065832615,-0.537665724754,-0.383502781391,-0.553828179836
-0.621863245964,0.199424788356,1.08434617519,0.507156968117,-0.537803530693,-0.382558196783,-0.554264008999
-0.621372997761,0.199372470379,1.08453607559,0.507487773895,-0.537471115589,-0.381682008505,-0.554887294769
-0.620756924152,0.199176698923,1.08470845222,0.506754636765,-0.537950396538,-0.380501300097,-0.555902957916
-0.62020021677,0.199279978871,1.08459866047,0.506703674793,-0.538734316826,-0.3788651824,-0.556307435036
-0.619689166546,0.199257478118,1.08450973034,0.506326019764,-0.539202988148,-0.377444475889,-0.557162284851
-0.619044601917,0.199301093817,1.08452045918,0.506281614304,-0.539485394955,-0.376401543617,-0.557634592056
-0.618485271931,0.19910210371,1.08440065384,0.50401031971,-0.540540277958,-0.374408870935,-0.560007154942
-0.618014812469,0.198883652687,1.08452391624,0.503773212433,-0.540146291256,-0.373682945967,-0.561084330082
-0.617316961288,0.198924601078,1.08429312706,0.503194928169,-0.540968537331,-0.372059077024,-0.561889708042
-0.616806745529,0.198916256428,1.08420908451,0.502894103527,-0.541425585747,-0.37055593729,-0.562711417675
-0.615929663181,0.198716759682,1.08416199684,0.501983880997,-0.542201638222,-0.369666755199,-0.563361644745
-0.615673720837,0.198887467384,1.08425664902,0.50230962038,-0.542439639568,-0.368380486965,-0.563684284687
-0.615143418312,0.198753505945,1.08412778378,0.501691877842,-0.542949557304,-0.366768956184,-0.564793348312
-0.614555001259,0.19871635735,1.08418393135,0.501470983028,-0.54394942522,-0.365214377642,-0.565034866333
-0.61353623867,0.198347866535,1.08417129517,0.500675618649,-0.544259130955,-0.365012764931,-0.565571963787
-0.613363444805,0.19851911068,1.08417367935,0.50072568655,-0.544675052166,-0.363320291042,-0.566216647625
-0.612756311893,0.198413252831,1.0841345787,0.500188410282,-0.545341551304,-0.362164437771,-0.566790282726
-0.611701130867,0.197922796011,1.08414673805,0.499918729067,-0.546026647091,-0.361875832081,-0.566552639008
-0.611087501049,0.197795599699,1.08417665958,0.49964183569,-0.546547472477,-0.360920369625,-0.566904127598
-0.610367953777,0.197374731302,1.08427023888,0.497807115316,-0.547337710857,-0.360070258379,-0.568295001984
-0.610158979893,0.19755397737,1.08440840244,0.497808039188,-0.548208117485,-0.358373373747,-0.568527698517
-0.609693944454,0.197388917208,1.08451676369,0.497556686401,-0.548049628735,-0.358124762774,-0.569056630135
-0.608691871166,0.196805030107,1.08451271057,0.495519012213,-0.54911929369,-0.357617199421,-0.570121765137
-0.60816860199,0.196680903435,1.08448636532,0.497061699629,-0.549021244049,-0.357391804457,-0.569013535976
-0.607747793198,0.196603089571,1.08447098732,0.496293008327,-0.549241900444,-0.356638222933,-0.569943666458
-0.607552289963,0.196307659149,1.08449959755,0.494884699583,-0.549843132496,-0.354940891266,-0.571645796299
-0.607429265976,0.196351900697,1.08460831642,0.495085716248,-0.549895763397,-0.354235380888,-0.571858346462
-0.606885612011,0.196038424969,1.08451652527,0.4942882061,-0.550383388996,-0.353842884302,-0.572322130203
-0.606159925461,0.195543557405,1.08442831039,0.49493098259,-0.550409197807,-0.354246526957,-0.571491479874
-0.605847895145,0.195291638374,1.08427333832,0.494328171015,-0.550754129887,-0.353334128857,-0.572245180607
-0.605619728565,0.194987595081,1.08426856995,0.494257926941,-0.55061930418,-0.353096604347,-0.572582244873
-0.605396926403,0.194843098521,1.08411073685,0.494168132544,-0.550762832165,-0.352623671293,-0.572813153267
-0.605645596981,0.195044785738,1.08402431011,0.496371924877,-0.550289511681,-0.352214664221,-0.57161295414
-0.605527043343,0.195009306073,1.08399295807,0.49606230855,-0.550105631351,-0.351703733206,-0.572372972965
-0.60538828373,0.19485668838,1.08391833305,0.495333790779,-0.5502602458,-0.351227968931,-0.573146760464
-0.605281174183,0.194810897112,1.08377635479,0.495562285185,-0.550398170948,-0.350869178772,-0.573036551476
-0.604797780514,0.19437277317,1.08362805843,0.494331121445,-0.551466405392,-0.350581973791,-0.573248445988
-0.604609787464,0.194383144379,1.08323788643,0.495572924614,-0.551522731781,-0.350358635187,-0.572257876396
-0.604520857334,0.19425368309,1.08317935467,0.496446162462,-0.551600813866,-0.350128263235,-0.571566343307
-0.604398548603,0.194074168801,1.08309519291,0.496477395296,-0.551297128201,-0.350143820047,-0.571822583675
-0.604826390743,0.194629743695,1.08322906494,0.497383803129,-0.551993072033,-0.348479568958,-0.571379899979
-0.604283452034,0.193773984909,1.08294796944,0.496394246817,-0.552246272564,-0.349380582571,-0.571445822716
-0.604700982571,0.193685531616,1.08317744732,0.49569901824,-0.55174356699,-0.349112927914,-0.57269692421
-0.604693174362,0.193632990122,1.0829167366,0.49453163147,-0.553129017353,-0.348160803318,-0.572949290276
-0.604795277119,0.193471044302,1.08276414871,0.497223824263,-0.55171340704,-0.349319458008,-0.571276307106
-0.604808866978,0.193182587624,1.08298826218,0.505664646626,-0.545582592487,-0.352338314056,-0.567891299725
-0.604881167412,0.192977160215,1.0828742981,0.504154205322,-0.545722603798,-0.351962983608,-0.569330692291
-0.604597687721,0.192578613758,1.0825779438,0.504079639912,-0.545818984509,-0.352819114923,-0.568774223328
-0.605452060699,0.192892536521,1.08275055885,0.501022338867,-0.549441516399,-0.351754754782,-0.568646907806
-0.605764269829,0.192859649658,1.08244156837,0.500149905682,-0.550519227982,-0.351257771254,-0.568679630756
-0.606071472168,0.192568659782,1.08239769936,0.500299036503,-0.550283491611,-0.351775348186,-0.56845676899
-0.606687009335,0.192392796278,1.08228957653,0.499844551086,-0.549621641636,-0.351646780968,-0.569575369358
-0.606992781162,0.192115485668,1.08250951767,0.500291287899,-0.54910826683,-0.352357387543,-0.569238901138
-0.607361674309,0.192012950778,1.08246958256,0.50300270319,-0.548351109028,-0.353797644377,-0.566680252552
-0.60768276453,0.191792726517,1.08246600628,0.503117859364,-0.548279464245,-0.35396489501,-0.566543102264
-0.608083367348,0.191605806351,1.08237159252,0.503895878792,-0.547835350037,-0.35483917594,-0.565733850002
-0.608053684235,0.191373556852,1.08241271973,0.504918754101,-0.547555625439,-0.355983257294,-0.564371943474
-0.608282268047,0.191276788712,1.08252727985,0.508675932884,-0.545700252056,-0.358328133821,-0.561303138733
-0.608544170856,0.191036731005,1.08260250092,0.513437449932,-0.540701568127,-0.361164420843,-0.559985756874
-0.608839273453,0.190868735313,1.08268880844,0.513783872128,-0.539683401585,-0.362254172564,-0.559946477413
-0.609206140041,0.190631896257,1.08274626732,0.513855516911,-0.539214193821,-0.362820386887,-0.559965789318
-0.609654188156,0.190184041858,1.08327901363,0.513736248016,-0.538805305958,-0.363890916109,-0.559774458408
-0.610445201397,0.190172463655,1.08323407173,0.515063166618,-0.537724077702,-0.364470183849,-0.559217333794
-0.610823512077,0.190202593803,1.08289730549,0.515572428703,-0.537616789341,-0.365213036537,-0.558366179466
-0.611239850521,0.18989700079,1.08291149139,0.517198383808,-0.535615324974,-0.367703139782,-0.557150244713
-0.611390531063,0.18987813592,1.08294069767,0.517867326736,-0.535039305687,-0.36898675561,-0.556233108044
-0.611882150173,0.189386636019,1.08298015594,0.516082286835,-0.536597311497,-0.367355138063,-0.557469904423
-0.612369537354,0.189014673233,1.08322525024,0.516233980656,-0.536441326141,-0.367470443249,-0.557403624058
-0.61318564415,0.188649758697,1.08301889896,0.517333507538,-0.535496473312,-0.367426156998,-0.557321727276
-0.613641560078,0.188433140516,1.08316671848,0.517928063869,-0.534412205219,-0.369403660297,-0.556502699852
-0.614040970802,0.188180968165,1.08305156231,0.518684029579,-0.533960521221,-0.369484573603,-0.556178092957
-0.614420413971,0.187868997455,1.08321654797,0.518764734268,-0.533685803413,-0.370377391577,-0.555772781372
-0.614551603794,0.18765681982,1.08315861225,0.518829405308,-0.533647894859,-0.37106603384,-0.555289208889
-0.614942193031,0.187362760305,1.08326482773,0.521135210991,-0.532594203949,-0.372785955667,-0.552984833717
-0.615250706673,0.186938762665,1.08331561089,0.519755959511,-0.532392919064,-0.373270839453,-0.554148375988
-0.61595761776,0.186439871788,1.08308744431,0.520643174648,-0.531221807003,-0.374315947294,-0.553734362125
-0.616257786751,0.186078071594,1.08320701122,0.522591710091,-0.530567169189,-0.375959515572,-0.551408350468
-0.616405248642,0.185837507248,1.08345663548,0.522482216358,-0.530557394028,-0.376674473286,-0.551033139229
-0.616606652737,0.185325145721,1.08352303505,0.521309971809,-0.529747903347,-0.377874672413,-0.552099406719
-0.616948366165,0.184829667211,1.08328044415,0.523376047611,-0.529242098331,-0.379214465618,-0.549706101418
-0.617125034332,0.184473603964,1.08310842514,0.521876811981,-0.529448032379,-0.379362612963,-0.550830006599
-0.617159068584,0.184206157923,1.08350729942,0.521762251854,-0.529584050179,-0.380455493927,-0.550053238869
-0.617570400238,0.183346629143,1.08353388309,0.522189855576,-0.528390228748,-0.381975144148,-0.549742341042
-0.617577373981,0.182887032628,1.08349525928,0.522353112698,-0.528109848499,-0.383094340563,-0.549077451229
-0.617787122726,0.182476222515,1.08349442482,0.52316391468,-0.527255952358,-0.384241104126,-0.548324346542
-0.617937505245,0.181839585304,1.08369743824,0.524189889431,-0.527042746544,-0.385350674391,-0.546768724918
-0.61698448658,0.180759996176,1.08352565765,0.520853996277,-0.528203606606,-0.386633574963,-0.547929406166
-0.617408216,0.180417910218,1.08358645439,0.521417915821,-0.5277171731,-0.386912822723,-0.547664642334
-0.617780566216,0.180455565453,1.08391427994,0.522409915924,-0.527446329594,-0.387060940266,-0.546874940395
-0.617861568928,0.179281234741,1.08420264721,0.521987378597,-0.526604831219,-0.388499259949,-0.547069251537
-0.617374300957,0.17830145359,1.08410489559,0.52277725935,-0.526241242886,-0.390527456999,-0.545217812061
-0.61758518219,0.17848727107,1.08430576324,0.523129940033,-0.526490032673,-0.390639036894,-0.544559121132
-0.617428123951,0.177842617035,1.08481299877,0.521796047688,-0.52687728405,-0.39000543952,-0.545916616917
-0.61672949791,0.176606342196,1.08462357521,0.520301103592,-0.527423620224,-0.390861749649,-0.546203196049
-0.617259502411,0.17619933188,1.08491504192,0.520837008953,-0.52680182457,-0.390839576721,-0.546308934689
-0.61699193716,0.175457283854,1.0850675106,0.52063781023,-0.526836752892,-0.391425698996,-0.546045064926
-0.616650700569,0.174999386072,1.08529257774,0.521577298641,-0.526985943317,-0.392050743103,-0.544554173946
-0.6156924963,0.173703670502,1.08482980728,0.519390523434,-0.527380049229,-0.393346428871,-0.545327961445
-0.615406990051,0.172797650099,1.08546948433,0.519234001637,-0.527118861675,-0.39429962635,-0.545041024685
-0.615789234638,0.172845214605,1.08568692207,0.52063781023,-0.527034461498,-0.393213033676,-0.544568002224
-0.615348875523,0.17206004262,1.08583760262,0.520527482033,-0.527223289013,-0.393452048302,-0.544318437576
-0.61444568634,0.170862883329,1.08596861362,0.519280016422,-0.527743756771,-0.394158214331,-0.544494271278
-0.613797008991,0.170070618391,1.08615601063,0.51862859726,-0.528292536736,-0.394256651402,-0.544511973858
-0.613870799541,0.169778525829,1.08670401573,0.51977366209,-0.528180241585,-0.393713325262,-0.543921768665
-0.614739894867,0.169846683741,1.08685433865,0.523061037064,-0.52713817358,-0.392322033644,-0.542785465717
-0.611961841583,0.1682510674,1.08706533909,0.519888162613,-0.529287874699,-0.39451315999,-0.54215323925
-0.61193048954,0.167602568865,1.08726453781,0.518649697304,-0.529413342476,-0.393337517977,-0.544067800045
-0.611074268818,0.167001903057,1.08768796921,0.516809761524,-0.53098732233,-0.392125695944,-0.545158326626
-0.610395848751,0.165785580873,1.08832871914,0.518832981586,-0.530004680157,-0.393456816673,-0.543230235577
-0.609542250633,0.165061950684,1.08875370026,0.515887975693,-0.531302511692,-0.392385393381,-0.545537471771
-0.608529627323,0.164204269648,1.08921694756,0.517594695091,-0.531252503395,-0.392963111401,-0.543549776077
-0.60756778717,0.163639962673,1.08876657486,0.516816735268,-0.5325345397,-0.391477912664,-0.544107198715
-0.606666266918,0.162449106574,1.08966803551,0.516012907028,-0.532643675804,-0.391749113798,-0.544567883015
-0.605696260929,0.161752894521,1.08954966068,0.514125287533,-0.533173263073,-0.39033511281,-0.546845436096
-0.604741454124,0.160475641489,1.09051382542,0.514412403107,-0.533658146858,-0.390767425299,-0.545792818069
-0.603780567646,0.159733831882,1.09051859379,0.512560248375,-0.534154772758,-0.389395058155,-0.548025846481
-0.602185428143,0.157950103283,1.09081125259,0.510676920414,-0.534311413765,-0.3904992342,-0.548845231533
-0.601885020733,0.157527834177,1.09098184109,0.510532200336,-0.534943580627,-0.388311088085,-0.549915373325
-0.600866794586,0.156673640013,1.09169173241,0.510590791702,-0.535112023354,-0.388173103333,-0.549794316292
-0.599692463875,0.155824780464,1.09224641323,0.509077906609,-0.5363291502,-0.386939138174,-0.550880253315
-0.598973453045,0.154585242271,1.09287071228,0.509900927544,-0.535212814808,-0.387027442455,-0.551142454147
-0.597697257996,0.153869122267,1.09348773956,0.509561955929,-0.536051034927,-0.388207495213,-0.549809813499
-0.596984148026,0.15254303813,1.09385716915,0.502257823944,-0.541075110435,-0.384881615639,-0.55393242836
-0.595857441425,0.151540368795,1.09423243999,0.500849366188,-0.543120205402,-0.383554518223,-0.554126679897
-0.594766080379,0.150539934635,1.09540116787,0.500852942467,-0.543088853359,-0.383066475391,-0.554491519928
-0.593982338905,0.14947706461,1.09570205212,0.49970421195,-0.54333537817,-0.382109761238,-0.555944681168
-0.5924872756,0.148509263992,1.09618139267,0.499840915203,-0.543721973896,-0.381616532803,-0.555782794952
-0.591672837734,0.147378265858,1.09678757191,0.507718324661,-0.537224054337,-0.383478283882,-0.553675830364
-0.590689361095,0.146338909864,1.09749090672,0.500292420387,-0.543889224529,-0.380444645882,-0.556016385555
-0.589342474937,0.145439684391,1.09818768501,0.497566252947,-0.544662117958,-0.379363685846,-0.55843937397
-0.588405787945,0.144364804029,1.09883594513,0.498810887337,-0.544439017773,-0.379108160734,-0.557719409466
-0.587482631207,0.143027693033,1.09941053391,0.496743053198,-0.544500470161,-0.377756983042,-0.560415387154
-0.585601270199,0.141371369362,1.10002148151,0.497283250093,-0.544856011868,-0.378869205713,-0.558837652206
-0.585339903831,0.140790060163,1.10077059269,0.503412008286,-0.5391279459,-0.378970146179,-0.558837294579
-0.58435434103,0.139709055424,1.10143721104,0.495868444443,-0.545137047768,-0.376297414303,-0.561551749706
-0.582941710949,0.13866302371,1.10224723816,0.502106249332,-0.540253281593,-0.377475321293,-0.559935927391
-0.582353532314,0.13746753335,1.10295259953,0.497220933437,-0.544885993004,-0.375523477793,-0.561117529869
-0.5807980299,0.135823443532,1.10372710228,0.495509922504,-0.545415222645,-0.376511871815,-0.561454534531
-0.580032944679,0.135257929564,1.10464513302,0.495463788509,-0.545905172825,-0.374864757061,-0.562120676041
-0.578852415085,0.13404276967,1.10538625717,0.500858485699,-0.540326535702,-0.37622821331,-0.561818957329
-0.577993273735,0.132494717836,1.10601449013,0.494365781546,-0.545820116997,-0.374381452799,-0.563490390778
-0.576726257801,0.131757855415,1.10688495636,0.49277228117,-0.546849489212,-0.37299156189,-0.564808547497
-0.575681447983,0.130401849747,1.10758209229,0.491857290268,-0.546634852886,-0.373070895672,-0.565760493279
-0.57467341423,0.129209518433,1.10842704773,0.500572323799,-0.538894414902,-0.378316700459,-0.562046766281
-0.573619782925,0.127872824669,1.10925257206,0.499484330416,-0.539441525936,-0.377830386162,-0.562816619873
-0.572140753269,0.126259982586,1.11002838612,0.498260229826,-0.540138363838,-0.377622842789,-0.563372313976
-0.571580290794,0.125537604094,1.11088788509,0.496769428253,-0.540705919266,-0.375593096018,-0.565497279167
-0.570626676083,0.124161154032,1.11160743237,0.497703552246,-0.540603637695,-0.374565124512,-0.565455496311
-0.568979203701,0.122676037252,1.11235105991,0.494491100311,-0.54169946909,-0.374464333057,-0.567288994789
-0.568817436695,0.121776990592,1.11308431625,0.491029947996,-0.54404681921,-0.372593045235,-0.569278001785
-0.567959308624,0.120630912483,1.11381518841,0.495748579502,-0.540360569954,-0.373959839344,-0.567800879478
-0.567125916481,0.119462952018,1.11466956139,0.495958000422,-0.539922475815,-0.374217659235,-0.567864894867
-0.566299796104,0.11837503314,1.11520326138,0.493549525738,-0.540333151817,-0.373103737831,-0.570300519466
-0.565412640572,0.117497205734,1.11582732201,0.493311941624,-0.540673851967,-0.372306495905,-0.570704162121
-0.56481564045,0.116228535771,1.11618971825,0.494660079479,-0.539790987968,-0.37288454175,-0.569994866848
-0.56365853548,0.115043193102,1.11650288105,0.492474138737,-0.540108919144,-0.372347563505,-0.571934342384
-0.563184499741,0.114437639713,1.11699283123,0.49141740799,-0.540965557098,-0.370685607195,-0.573112010956
-0.562108695507,0.112666741014,1.11712658405,0.490767717361,-0.54020512104,-0.371306687593,-0.573983371258
-0.561630249023,0.112457215786,1.11779713631,0.491252571344,-0.540415883064,-0.370262414217,-0.574044704437
-0.560972452164,0.111435696483,1.11803734303,0.490888357162,-0.54029083252,-0.369633406401,-0.574878931046
-0.560334205627,0.110021516681,1.11801409721,0.491886109114,-0.539501905441,-0.370488286018,-0.57421630621
-0.559317111969,0.108940035105,1.11821317673,0.489720195532,-0.539017438889,-0.370635867119,-0.576422929764
-0.558645069599,0.107598140836,1.11836075783,0.488741397858,-0.538836479187,-0.37034624815,-0.577607750893
-0.557915687561,0.106702461839,1.11852383614,0.49149081111,-0.539023339748,-0.370972037315,-0.574691712856
-0.556937992573,0.105567261577,1.11872649193,0.485615521669,-0.541277825832,-0.36829406023,-0.579271614552
-0.556119501591,0.104318782687,1.11882090569,0.484048008919,-0.541728079319,-0.368002772331,-0.580346643925
-0.555414915085,0.103037074208,1.11879003048,0.48338162899,-0.541623532772,-0.368165344,-0.580896258354
-0.554509580135,0.101796492934,1.1188852787,0.481070041656,-0.542754471302,-0.367778658867,-0.582003653049
-0.553666472435,0.100545704365,1.11884152889,0.479800909758,-0.543000221252,-0.367796629667,-0.582810163498
-0.553157806396,0.0990895032883,1.11876273155,0.4787979424,-0.542737841606,-0.368246227503,-0.583595097065
-0.552182018757,0.0978450775146,1.11891007423,0.477826744318,-0.54325324297,-0.368646323681,-0.583658695221
-0.551618456841,0.0964221954346,1.11870741844,0.476673334837,-0.543292224407,-0.368890821934,-0.584410607815
-0.55094319582,0.0949915796518,1.11855471134,0.475850135088,-0.543441295624,-0.368905156851,-0.584933578968
-0.550240278244,0.0934405624866,1.11837625504,0.473548710346,-0.543914914131,-0.369561225176,-0.585945904255
-0.549801111221,0.0921047627926,1.11812007427,0.474206864834,-0.543464303017,-0.370292186737,-0.5853703022
-0.549261212349,0.0907977670431,1.11800336838,0.473312735558,-0.543524622917,-0.37138569355,-0.585345029831
-0.548711895943,0.0893298536539,1.11776804924,0.472961992025,-0.543493151665,-0.371441066265,-0.585622668266
-0.548131346703,0.0880276411772,1.11761319637,0.472554445267,-0.543353736401,-0.372048199177,-0.585695683956
