x,y,z,q0,q1,q2,q3
-0.561687707901,-0.127999201417,1.33632409573,-0.00784093793482,0.0150524443015,0.834414362907,0.550876259804
-0.561751782894,-0.127418935299,1.33653819561,-0.00956016592681,0.0148359946907,0.835036575794,0.54991132021
-0.561816394329,-0.126700997353,1.33655810356,-0.0107094869018,0.0154641177505,0.836112201214,0.548235952854
-0.561483561993,-0.125734731555,1.3364033699,-0.00847837422043,0.0159642063081,0.840950071812,0.540810704231
-0.562424719334,-0.125175833702,1.33653903008,-0.0111724762246,0.0177550278604,0.838474214077,0.544537425041
-0.562594652176,-0.124460749328,1.3364764452,-0.0125107504427,0.0175671093166,0.83965742588,0.542688012123
-0.562355697155,-0.123561441898,1.33642303944,-0.0120445312932,0.0182019453496,0.841286122799,0.540149390697
-0.561631202698,-0.12294434011,1.3364815712,-0.0116878952831,0.0176860354841,0.845083236694,0.534214377403
-0.562608420849,-0.122273117304,1.33662474155,-0.0141787789762,0.0190611258149,0.842679023743,0.537891924381
-0.562507808208,-0.121865868568,1.33688282967,-0.015435276553,0.0180480498821,0.843839108944,0.536070585251
-0.562341868877,-0.12124350667,1.33685159683,-0.0147082237527,0.0186767335981,0.845861852169,0.532872259617
-0.562456011772,-0.12076947093,1.33707809448,-0.0156874023378,0.0196916405112,0.846237242222,0.532211184502
-0.562315404415,-0.120125241578,1.33704066277,-0.0164678562433,0.019723366946,0.84725278616,0.530568420887
-0.562140822411,-0.119490578771,1.33707976341,-0.0163601208478,0.0201714262366,0.848371982574,0.528763234615
-0.562028288841,-0.118876099586,1.33719325066,-0.0172611437738,0.0209205653518,0.849311888218,0.527194261551
-0.561826527119,-0.118319928646,1.33697998524,-0.0173393022269,0.022931644693,0.850393116474,0.525362074375
-0.561724066734,-0.117723286152,1.3368678093,-0.0185201819986,0.0224823243916,0.851240575314,0.523966610432
-0.561217308044,-0.117472633719,1.33731508255,-0.0169601757079,0.0233380757272,0.853735208511,0.519907653332
-0.561060190201,-0.117080494761,1.337413311,-0.0175775885582,0.0236374288797,0.854123651981,0.519235253334
-0.561063230038,-0.116414412856,1.33723306656,-0.0184249952435,0.0255505628884,0.855109930038,0.517488837242
-0.560432374477,-0.116012953222,1.33726799488,-0.0185697935522,0.0241362396628,0.8572742939,0.513958454132
-0.559968113899,-0.115147948265,1.33697247505,-0.0169629529119,0.0267365984619,0.860795199871,0.507965624332
-0.559992492199,-0.114904761314,1.33712911606,-0.0179619845003,0.0256200116128,0.859360873699,0.510411500931
-0.559926152229,-0.114645436406,1.33745801449,-0.0205961316824,0.0267168320715,0.859123885632,0.510654866695
-0.559495151043,-0.114156201482,1.33747148514,-0.0193690303713,0.0273213218898,0.861211776733,0.507141709328
-0.5588311553,-0.113551877439,1.337438941,-0.0178923904896,0.0283853672445,0.864443600178,0.501608729362
-0.558599114418,-0.113221183419,1.33754622936,-0.0181741360575,0.0289400741458,0.865231335163,0.500206768513
-0.558863162994,-0.113287426531,1.33786773682,-0.0219965130091,0.0273935832083,0.862199187279,0.505349695683
-0.558352053165,-0.112865507603,1.33786475658,-0.0209342986345,0.027840597555,0.864324390888,0.501726925373
-0.557730913162,-0.112614706159,1.33782303333,-0.0195826869458,0.0286546628922,0.867613315582,0.496026724577
-0.557396531105,-0.112179420888,1.3379752636,-0.0195086691529,0.0291064418852,0.868015408516,0.495299428701
-0.557550787926,-0.11232637614,1.33813619614,-0.0218497179449,0.0287011526525,0.866391837597,0.498060375452
-0.557299733162,-0.112108647823,1.33820533752,-0.0219229273498,0.0289591830224,0.867045879364,0.496902644634
-0.556694090366,-0.111602976918,1.33822584152,-0.0201774537563,0.0297615937889,0.870025992393,0.491692870855
-0.557078301907,-0.111654475331,1.33836698532,-0.0228358004242,0.028625594452,0.866993188858,0.496972858906
-0.556232392788,-0.111439399421,1.33836042881,-0.0205409415066,0.030345454812,0.871306598186,0.489369243383
-0.556447088718,-0.111493617296,1.3384115696,-0.0227381289005,0.0297660659999,0.869407534599,0.492673933506
-0.555852293968,-0.111159972847,1.33838677406,-0.0209834109992,0.0304568372667,0.872321426868,0.487532138824
-0.55555254221,-0.111131034791,1.33849954605,-0.0210637208074,0.0303623080254,0.872800707817,0.486675918102
-0.555791914463,-0.111343570054,1.33874249458,-0.0236545484513,0.0296417940408,0.869788825512,0.491964936256
-0.555634617805,-0.111331388354,1.33877134323,-0.0237784441561,0.0294024795294,0.870266139507,0.491128236055
-0.555368900299,-0.111303910613,1.33884465694,-0.0240749567747,0.0294990185648,0.870766460896,0.490220397711
-0.555230855942,-0.111197248101,1.33895814419,-0.0249487962574,0.029689501971,0.870841443539,0.490031987429
-0.554368972778,-0.111015789211,1.33884203434,-0.0220906585455,0.0304209906608,0.875144481659,0.482399106026
-0.554073631763,-0.111110076308,1.33886420727,-0.0224676094949,0.030443681404,0.875506341457,0.481723189354
-0.553895831108,-0.111112572253,1.33892822266,-0.0225417669863,0.0306436438113,0.875893294811,0.481003075838
-0.553865075111,-0.111230477691,1.3391084671,-0.0225178208202,0.0301913116127,0.876569926739,0.479798614979
-0.553662717342,-0.111291125417,1.3391777277,-0.0228623971343,0.030115718022,0.877091884613,0.478832125664
-0.55339205265,-0.111217081547,1.33912587166,-0.0234418790787,0.0301223639399,0.877217590809,0.478573381901
-0.553209602833,-0.111390911043,1.33913803101,-0.0239340569824,0.0299956910312,0.877635538578,0.477789998055
-0.553690373898,-0.111721284688,1.33927762508,-0.027049260214,0.0291458815336,0.87497228384,0.482537478209
-0.553520202637,-0.111942559481,1.33933055401,-0.0276134721935,0.0292269792408,0.875360846519,0.481795340776
-0.553332805634,-0.112085387111,1.33932995796,-0.0282783769071,0.029154362157,0.875748038292,0.481056958437
-0.55321085453,-0.112090751529,1.33931040764,-0.0285880938172,0.0290665086359,0.87635821104,0.479931473732
-0.553133964539,-0.112317085266,1.33941721916,-0.0292073264718,0.0288004372269,0.87694054842,0.478845238686
-0.552918076515,-0.112679354846,1.33947479725,-0.030096532777,0.0285402610898,0.877447664738,0.477875798941
-0.552837491035,-0.11268466711,1.33949947357,-0.0306452494115,0.0284660533071,0.877782523632,0.477229893208
-0.552314579487,-0.112602502108,1.33934402466,-0.0290266387165,0.0292431674898,0.881464123726,0.470450162888
-0.552714347839,-0.113028429449,1.33948779106,-0.0323677398264,0.0283009652048,0.878751933575,0.475338220596
-0.552039980888,-0.11278641969,1.33942222595,-0.0306468848139,0.0294507946819,0.88224864006,0.468861103058
-0.551878035069,-0.11305321008,1.33947145939,-0.0317236483097,0.0291657131165,0.882787644863,0.46779152751
-0.551745176315,-0.113176003098,1.33949649334,-0.0326747782528,0.0290307700634,0.883277356625,0.466809123755
-0.5517552495,-0.113095268607,1.33950710297,-0.0334068015218,0.0289650596678,0.88383102417,0.46571213007
-0.551993727684,-0.113300651312,1.33968853951,-0.0359735265374,0.0286425743252,0.882089078426,0.468832999468
-0.551810026169,-0.113510459661,1.33971774578,-0.0369356498122,0.0287862513214,0.882727921009,0.467545181513
-0.55155402422,-0.113581344485,1.3396974802,-0.0368843376637,0.0288503840566,0.884313762188,0.46453884244
-0.551091909409,-0.11357948184,1.33975017071,-0.0367029346526,0.0291026402265,0.886047899723,0.461221426725
-0.55138272047,-0.113397307694,1.33941292763,-0.037747040391,0.0301397871226,0.885907232761,0.461340457201
-0.55112862587,-0.113307982683,1.33941447735,-0.0381775572896,0.0307574309409,0.886981546879,0.459195315838
-0.550841450691,-0.113292850554,1.3394588232,-0.0386626496911,0.0306953974068,0.887313008308,0.458517998457
-0.550775110722,-0.113424785435,1.33947491646,-0.0391286201775,0.0307178720832,0.887899458408,0.457340180874
-0.550638735294,-0.11345820874,1.33950412273,-0.0395110026002,0.0305125713348,0.888325095177,0.456493556499
-0.550984382629,-0.113289535046,1.33952856064,-0.0404231622815,0.0297135040164,0.887692451477,0.457695424557
-0.55055809021,-0.113399669528,1.33947682381,-0.0407339073718,0.0299283172935,0.887665569782,0.457706093788
-0.550676882267,-0.113147199154,1.33947873116,-0.0405748151243,0.0295192431659,0.88797223568,0.457151591778
-0.550375044346,-0.113498926163,1.33939409256,-0.0409731827676,0.0296765845269,0.888216137886,0.456631690264
-0.550064384937,-0.113460890949,1.33914172649,-0.0415505170822,0.0298231262714,0.888038992882,0.456914722919
-0.550631046295,-0.113279417157,1.33916044235,-0.0416198894382,0.0280097685754,0.888879358768,0.455386340618
-0.549576222897,-0.113586552441,1.33951663971,-0.0410054586828,0.0276123322546,0.888002932072,0.45717266202
-0.549924492836,-0.113793693483,1.33965909481,-0.04102255404,0.0267190728337,0.887105047703,0.458963900805
-0.54941701889,-0.11345539242,1.33956837654,-0.0389174893498,0.0278350356966,0.889173924923,0.455060839653
-0.549422442913,-0.113530822098,1.33951377869,-0.0385919399559,0.0276843551546,0.889093875885,0.455254286528
-0.549427092075,-0.113532945514,1.33945178986,-0.038079764694,0.027618855238,0.88885563612,0.455766171217
-0.549399018288,-0.113438747823,1.33934855461,-0.0373810306191,0.0277375411242,0.888220489025,0.457053422928
-0.549351036549,-0.113406971097,1.33922445774,-0.036929409951,0.0276491716504,0.887749493122,0.458009660244
-0.54948836565,-0.113723702729,1.33930003643,-0.0394819378853,0.025535941124,0.883867144585,0.465368747711
-0.549719512463,-0.113769114017,1.33917784691,-0.0382225252688,0.0267528276891,0.883690178394,0.465741306543
-0.550106346607,-0.113559141755,1.3389480114,-0.0376086905599,0.0278389248997,0.8830717206,0.466899484396
-0.550156533718,-0.11359269172,1.33863067627,-0.0364043712616,0.02883589454,0.883166909218,0.466754198074
-0.550225973129,-0.113529987633,1.3383128643,-0.0357660464942,0.0301447007805,0.882576882839,0.467835724354
-0.549663007259,-0.113055028021,1.33808171749,-0.0324825495481,0.0312029309571,0.884893894196,0.463609814644
-0.549774825573,-0.113083571196,1.33795630932,-0.0318782217801,0.0315154083073,0.884598314762,0.464194357395
-0.550118327141,-0.113132819533,1.33789801598,-0.0328894667327,0.0311182290316,0.881639778614,0.46974593401
-0.549990594387,-0.113094300032,1.33771717548,-0.031200196594,0.0309671144933,0.881104469299,0.470874160528
-0.549999773502,-0.113141611218,1.3377494812,-0.0317384302616,0.031630884856,0.88030487299,0.472287654877
-0.55008918047,-0.113180726767,1.33776414394,-0.0317209102213,0.0316717773676,0.878626048565,0.475402027369
-0.550116181374,-0.113163635135,1.33779847622,-0.031622543931,0.0322253108025,0.8776922822,0.477093160152
-0.550181031227,-0.11264244467,1.33764541149,-0.0283107776195,0.0318604893982,0.881052851677,0.471093863249
-0.549361288548,-0.113104462624,1.33812379837,-0.0273735001683,0.0312674492598,0.87975525856,0.473607242107
-0.54984664917,-0.113327488303,1.33821213245,-0.0285282768309,0.0310145355761,0.876739799976,0.47911542654
-0.549774646759,-0.113180682063,1.3381254673,-0.0269923750311,0.0316582545638,0.87678861618,0.479072898626
-0.550174832344,-0.113237626851,1.33813881874,-0.0277287624776,0.0315763987601,0.874758481979,0.482733488083
-0.549824237823,-0.112946659327,1.33795797825,-0.0253596231341,0.0326426960528,0.876238822937,0.480100959539
-0.55031388998,-0.113179504871,1.3379586935,-0.026817265898,0.0328089892864,0.872723639011,0.486372292042
-0.550536930561,-0.112993709743,1.33757936954,-0.0268843676895,0.0345083922148,0.871494054794,0.488451123238
-0.551024317741,-0.112846024334,1.3377726078,-0.027862066403,0.0333855971694,0.869093537331,0.492732852697
-0.551305174828,-0.112554267049,1.33753097057,-0.0278846789151,0.0350241698325,0.867501854897,0.495415329933
-0.550566792488,-0.112535625696,1.33754444122,-0.0244694221765,0.0353581383824,0.870045483112,0.491092532873
-0.551459133625,-0.112795293331,1.33768212795,-0.026390530169,0.0350412204862,0.866531789303,0.497190505266
-0.551497519016,-0.112692430615,1.33766782284,-0.0261118877679,0.0354778841138,0.865107655525,0.499648153782
-0.55219745636,-0.112619251013,1.33755242825,-0.0269680395722,0.0363274551928,0.862431526184,0.504148006439
-0.552471280098,-0.112431302667,1.33755624294,-0.0265938304365,0.0368571802974,0.860923826694,0.506699681282
-0.552539825439,-0.112309157848,1.33750975132,-0.0256960447878,0.0377002060413,0.860587954521,0.507254183292
-0.552381932735,-0.112181976438,1.33763098717,-0.0236080717295,0.0377221331,0.861984908581,0.504976928234
-0.5534324646,-0.112160913646,1.33756232262,-0.0255416017026,0.0384726859629,0.856942892075,0.513338565826
-0.553640246391,-0.112500824034,1.33803272247,-0.0243950672448,0.0385713241994,0.855409383774,0.515937924385
-0.5541908741,-0.112215548754,1.33796954155,-0.025293443352,0.0383334048092,0.853105306625,0.519713640213
-0.554546236992,-0.111880123615,1.33762907982,-0.0256098508835,0.0395350195467,0.851076006889,0.522925317287
-0.554829239845,-0.111948266625,1.3379535675,-0.0251900628209,0.0388394780457,0.85008430481,0.524608016014
-0.555289149284,-0.11192561686,1.33797419071,-0.0251655522734,0.0388203673065,0.848602354527,0.527004599571
-0.555616080761,-0.11182820797,1.33793711662,-0.0247861295938,0.039311144501,0.847696483135,0.528442203999
-0.555406212807,-0.111515425146,1.33776891232,-0.0230385512114,0.0406618528068,0.848146557808,0.527696251869
-0.556343793869,-0.11142051965,1.33796060085,-0.0258014015853,0.0406991951168,0.843110978603,0.535576164722
-0.556759655476,-0.111504942179,1.33792972565,-0.0252900924534,0.0408158525825,0.841077208519,0.53877979517
-0.556960761547,-0.11124701798,1.337885499,-0.0245638061315,0.0414575785398,0.839719235897,0.540878593922
-0.557091712952,-0.110745087266,1.33775341511,-0.0246402900666,0.0428097769618,0.836750686169,0.545351743698
-0.557786941528,-0.110982082784,1.33771944046,-0.0257488451898,0.0437566936016,0.834422230721,0.548782169819
-0.558229029179,-0.110767647624,1.33767104149,-0.0256371032447,0.0444696396589,0.832243800163,0.552028715611
-0.558410048485,-0.11064144969,1.33759534359,-0.024381602183,0.0451204143465,0.831264078617,0.553506731987
-0.558800756931,-0.110438264906,1.33765590191,-0.024857962504,0.0452675782144,0.829075038433,0.556747436523
-0.559241712093,-0.110530138016,1.33769488335,-0.0259938500822,0.0459063351154,0.825847029686,0.561421215534
-0.559608340263,-0.110263131559,1.33768987656,-0.0258178710938,0.0463360995054,0.823859512806,0.564306735992
-0.560057044029,-0.110142752528,1.33770465851,-0.0258367005736,0.0465177893639,0.822057068348,0.566913366318
-0.55985558033,-0.110139153898,1.33768463135,-0.0259172376245,0.0453935302794,0.820331990719,0.569493949413
-0.56063169241,-0.109807871282,1.3375518322,-0.0248131323606,0.0477593801916,0.818532645702,0.571933448315
-0.56118029356,-0.109790123999,1.33761823177,-0.0256710667163,0.0478974767029,0.815710783005,0.575901687145
-0.561245203018,-0.109691351652,1.33765649796,-0.0265552494675,0.046693932265,0.813349127769,0.579290807247
-0.5616517663,-0.109471946955,1.33762741089,-0.0264629423618,0.0474508032203,0.811821579933,0.581372499466
-0.562385320663,-0.109255984426,1.33751392365,-0.0253744013608,0.0488666631281,0.809955358505,0.583901107311
-0.562832474709,-0.109258264303,1.33772349358,-0.0252309925854,0.0480874925852,0.808274328709,0.586296498775
-0.563204109669,-0.109106525779,1.33755767345,-0.0244439952075,0.0478285215795,0.806764304638,0.588426947594
-0.563817203045,-0.108970940113,1.33757758141,-0.0253397878259,0.048082921654,0.803634226322,0.592636525631
-0.564161717892,-0.108576618135,1.33708643913,-0.0244356375188,0.0497894622386,0.802506804466,0.59405952692
-0.564359605312,-0.108496025205,1.33727371693,-0.0231821015477,0.0480661131442,0.80278390646,0.593877196312
-0.565132260323,-0.108550593257,1.33730316162,-0.0245534759015,0.0482894256711,0.799108326435,0.598741352558
-0.565655231476,-0.108379527926,1.33718323708,-0.0243488010019,0.0482855252922,0.797289133072,0.601170420647
-0.566100776196,-0.108034111559,1.33685350418,-0.0229924302548,0.0498342886567,0.79673832655,0.601827144623
-0.56642049551,-0.107908025384,1.33665513992,-0.0230036769062,0.0497388355434,0.795687317848,0.603223562241
-0.567186892033,-0.107938833535,1.33669769764,-0.0243687070906,0.0495816916227,0.792033970356,0.607972145081
-0.567177295685,-0.107995711267,1.33699822426,-0.0269769113511,0.0465778410435,0.789678514004,0.611155211926
-0.56769913435,-0.107837170362,1.33694493771,-0.0270012505352,0.0464433506131,0.788094937801,0.613204956055
-0.568797767162,-0.10761962086,1.33662629128,-0.0251398906112,0.0495761968195,0.787061095238,0.614365518093
-0.56925368309,-0.107458084822,1.33648955822,-0.0243238657713,0.0489889085293,0.786205112934,0.615540444851
-0.569688260555,-0.107374846935,1.33639597893,-0.024345042184,0.0491888746619,0.784752488136,0.61737459898
-0.569605052471,-0.107409268618,1.33659946918,-0.0264705345035,0.0459644421935,0.78288257122,0.619904458523
-0.570332169533,-0.107294477522,1.33640706539,-0.0261047091335,0.0468821376562,0.781945168972,0.621033370495
-0.57069092989,-0.107282355428,1.33652567863,-0.0268549267203,0.0453691259027,0.780720233917,0.622652649879
-0.571130990982,-0.10702290386,1.33619093895,-0.0257202275097,0.0466924346983,0.780578613281,0.622780501842
-0.57205927372,-0.106782495975,1.33606255054,-0.0244485903531,0.0482045598328,0.779935359955,0.623521924019
-0.5728058815,-0.106749936938,1.33601462841,-0.0248896665871,0.0480331294239,0.777783572674,0.626199781895
-0.573215484619,-0.106628522277,1.33593893051,-0.0250406246632,0.0480329655111,0.776671886444,0.627572059631
-0.573398113251,-0.106518380344,1.33579599857,-0.0244752969593,0.0478347577155,0.776689887047,0.627587080002
-0.573946118355,-0.106524430215,1.3357681036,-0.0246857665479,0.0476488359272,0.776090800762,0.628333866596
-0.574392616749,-0.106454104185,1.33565962315,-0.0248982887715,0.0475698970258,0.77524471283,0.629374980927
-0.575007081032,-0.106468468904,1.33561968803,-0.0257821567357,0.047513011843,0.773061811924,0.632023274899
-0.575410366058,-0.106415882707,1.33555853367,-0.0258643198758,0.0474300533533,0.772253870964,0.633013010025
-0.575854539871,-0.106338113546,1.33543872833,-0.0260735042393,0.0474572405219,0.771580457687,0.633823037148
-0.576283216476,-0.106200352311,1.3353228569,-0.0262745898217,0.0471437573433,0.770964741707,0.63458687067
-0.576693713665,-0.106172703207,1.33519625664,-0.0263365451247,0.0467591136694,0.770226716995,0.635508358479
-0.577072560787,-0.106203556061,1.33507061005,-0.0264842174947,0.0467974953353,0.769682526588,0.63615834713
-0.577552974224,-0.106062747538,1.33489084244,-0.0263693276793,0.0469108857214,0.769140124321,0.636810362339
-0.577957630157,-0.106033921242,1.3347530365,-0.0264301635325,0.0468025319278,0.768646657467,0.637411415577
-0.578301846981,-0.106051459908,1.3345952034,-0.0265308097005,0.04683887586,0.768158495426,0.637992799282
-0.578714370728,-0.106053717434,1.33438408375,-0.0265850573778,0.0467000976205,0.767730593681,0.638515412807
-0.579102098942,-0.106009207666,1.33424067497,-0.0266535766423,0.0464298017323,0.767532587051,0.638770461082
-0.579327642918,-0.105958089232,1.33401894569,-0.025849821046,0.0465142466128,0.768451750278,0.637691259384
-0.57972407341,-0.105992898345,1.33385765553,-0.0257362797856,0.0464100837708,0.768319249153,0.637863099575
-0.580142199993,-0.106105059385,1.33373832703,-0.0262196753174,0.0461141653359,0.766740560532,0.639761567116
-0.580502212048,-0.106083199382,1.3335262537,-0.0262006819248,0.0459876693785,0.766487956047,0.640074193478
-0.580846130848,-0.106073148549,1.33335518837,-0.0263346713036,0.0458221100271,0.766485214233,0.64008384943
-0.581005096436,-0.106071859598,1.33311462402,-0.0257416702807,0.0456238314509,0.767532706261,0.638865828514
-0.581313490868,-0.106098495424,1.33295083046,-0.0256448443979,0.0455557182431,0.767486929893,0.638929545879
-0.581639528275,-0.106151893735,1.33277285099,-0.0256103090942,0.0451359897852,0.767426788807,0.639032840729
-0.581878662109,-0.106203198433,1.33261573315,-0.0254758857191,0.0451090559363,0.767391860485,0.63908213377
-0.582125723362,-0.106240153313,1.33245444298,-0.0255520045757,0.0448194928467,0.76746737957,0.639008820057
-0.582451999187,-0.1062682271,1.33232975006,-0.0254164133221,0.0443463176489,0.767781794071,0.638669312
-0.582721173763,-0.106291823089,1.33219909668,-0.0252903494984,0.0440090410411,0.767967402935,0.638474583626
-0.582983016968,-0.106294184923,1.33208751678,-0.0250655561686,0.0436366908252,0.768215298653,0.638210713863
-0.583225786686,-0.106370091438,1.33196520805,-0.0249781608582,0.0433644764125,0.768585920334,0.637786269188
-0.583520412445,-0.106443196535,1.33188283443,-0.0251627862453,0.0433277375996,0.768677532673,0.637671113014
-0.583762526512,-0.106474101543,1.33177614212,-0.0250232089311,0.0430214628577,0.76911765337,0.637166440487
-0.584077775478,-0.106569103897,1.33167469501,-0.0250291544944,0.0420644395053,0.768829703331,0.637577533722
-0.584329605103,-0.106588877738,1.33157157898,-0.0250110626221,0.0416564941406,0.769059062004,0.637328326702
-0.584503650665,-0.106632471085,1.33147406578,-0.0250744484365,0.0410835817456,0.76951777935,0.636808991432
-0.584673285484,-0.106681786478,1.33138632774,-0.0249224379659,0.0405108630657,0.769965469837,0.636310458183
-0.584896147251,-0.106678970158,1.33130562305,-0.0248393416405,0.0400374792516,0.770524382591,0.63566672802
-0.585098683834,-0.106689274311,1.33121478558,-0.0247173923999,0.0395812578499,0.771134376526,0.634960055351
-0.584654271603,-0.106820113957,1.33137369156,-0.0260708089918,0.0364979170263,0.772147119045,0.633858859539
-0.584906637669,-0.106833420694,1.33128559589,-0.0259992387146,0.0358006469905,0.771999239922,0.634081661701
-0.585014522076,-0.106675341725,1.33112490177,-0.0248261969537,0.0351675488055,0.774016559124,0.631700396538
-0.585177123547,-0.106706149876,1.33101141453,-0.0246161911637,0.0347395837307,0.774709165096,0.630882680416
-0.585931956768,-0.106585934758,1.33057045937,-0.0224596783519,0.0376043133438,0.775763690472,0.629501640797
-0.586207985878,-0.106715686619,1.33047485352,-0.0228771828115,0.0371714346111,0.775216281414,0.630186080933
-0.586401224136,-0.106722615659,1.33035087585,-0.0227507371455,0.0367940925062,0.775956511497,0.629301309586
-0.586530983448,-0.10674341023,1.33021426201,-0.022640325129,0.036442540586,0.77659791708,0.628534018993
-0.586401343346,-0.106917388737,1.33022463322,-0.0246990192682,0.0344713069499,0.77578496933,0.629570841789
-0.58631759882,-0.10692897439,1.32999539375,-0.0235162265599,0.0340354777873,0.777638733387,0.627348899841
-0.586334168911,-0.107054404914,1.32997775078,-0.0236408505589,0.0322964899242,0.77852165699,0.626340329647
-0.586341261864,-0.10698249191,1.32964408398,-0.0227106530219,0.0325239524245,0.78031039238,0.624133169651
-0.586562693119,-0.106958270073,1.32945692539,-0.0225926376879,0.032021868974,0.781238496304,0.623001396656
-0.586704075336,-0.106990724802,1.32928156853,-0.0224820189178,0.031835462898,0.781994223595,0.622066020966
-0.58684784174,-0.107030190527,1.32906234264,-0.0224542412907,0.0315446183085,0.782619953156,0.621294438839
-0.587571918964,-0.106959804893,1.32864403725,-0.0207658484578,0.0342578478158,0.783831000328,0.619680702686
-0.588120758533,-0.106859877706,1.32853770256,-0.0214107800275,0.0336406715214,0.78379124403,0.619742929935
-0.588276565075,-0.106878727674,1.32834410667,-0.0210912656039,0.0334517396986,0.784669339657,0.618652045727
-0.58841830492,-0.10692435503,1.32815289497,-0.0208331812173,0.0332422740757,0.785644650459,0.617433011532
-0.588362455368,-0.107196047902,1.32796573639,-0.0208959653974,0.0333913974464,0.78612858057,0.616806566715
-0.588538646698,-0.107293784618,1.3277746439,-0.0209296792746,0.0332003198564,0.786931157112,0.615791499615
-0.588145494461,-0.107527136803,1.32793998718,-0.0226612519473,0.029777508229,0.787345051765,0.615375876427
-0.588803708553,-0.107436105609,1.32752513885,-0.0212086327374,0.0327261388302,0.788511633873,0.613782227039
-0.588909387589,-0.107518970966,1.3274191618,-0.0213272385299,0.0325638279319,0.789175331593,0.612933337688
-0.589090704918,-0.10762681067,1.32729697227,-0.0216279812157,0.0322253443301,0.790044903755,0.611819446087
-0.589221179485,-0.107726916671,1.32715010643,-0.0218976829201,0.0320305265486,0.790979385376,0.610611379147
-0.589408218861,-0.107856556773,1.32702517509,-0.021973323077,0.0320416279137,0.79190158844,0.609411537647
-0.589600980282,-0.107930310071,1.32692945004,-0.0220017433167,0.0317539647222,0.792861223221,0.608176708221
-0.589352250099,-0.107992708683,1.32718241215,-0.0236714743078,0.0279769226909,0.79353427887,0.607421159744
-0.589412629604,-0.1080327034,1.32703065872,-0.0230791475624,0.0274183675647,0.794927418232,0.605645239353
-0.590030789375,-0.107939131558,1.32663547993,-0.0216230712831,0.0304699502885,0.796029627323,0.604103505611
-0.590256094933,-0.10798740387,1.32664132118,-0.0226233880967,0.0303137637675,0.796389579773,0.603600025177
-0.590355575085,-0.108080133796,1.32659959793,-0.0227728523314,0.0301202777773,0.797084391117,0.602686226368
-0.590449690819,-0.108232602477,1.32652425766,-0.0230580922216,0.0299207363278,0.797826826572,0.601702272892
-0.590590417385,-0.108196265996,1.32646071911,-0.0233426485211,0.02987437509,0.798545837402,0.600738883018
-0.590902805328,-0.108252957463,1.32647192478,-0.0242779459804,0.0296242646873,0.798473119736,0.60081076622
-0.590582549572,-0.108123622835,1.32626390457,-0.0220250226557,0.0294419229031,0.802158176899,0.595978438854
-0.590925574303,-0.108421832323,1.3263207674,-0.023952042684,0.029161632061,0.801044166088,0.59741461277
-0.590892016888,-0.108459033072,1.32630932331,-0.0242508016527,0.02867689915,0.801594078541,0.596687972546
-0.59112995863,-0.108567118645,1.32634663582,-0.0253063328564,0.028417153284,0.801358342171,0.596973240376
-0.591244935989,-0.1085742414,1.32635462284,-0.0254439525306,0.0279574487358,0.802133858204,0.595946669579
-0.590879797935,-0.108402468264,1.3261525631,-0.0230570584536,0.0276795830578,0.805830776691,0.591049075127
-0.590982675552,-0.108486056328,1.32611846924,-0.0233053769916,0.0277149863541,0.806842565536,0.589655637741
-0.591212689877,-0.108730994165,1.32617604733,-0.0252177193761,0.0278053190559,0.805471897125,0.591443955898
-0.591192364693,-0.108919247985,1.32608509064,-0.0253454297781,0.0281024463475,0.80598461628,0.590725600719
-0.590674340725,-0.109070919454,1.3263875246,-0.0269924793392,0.0247510839254,0.806250989437,0.590438961983
-0.591341435909,-0.108910247684,1.3260217905,-0.0255295932293,0.0280089434236,0.80746281147,0.588699877262
-0.591329991817,-0.108947083354,1.32597362995,-0.0254294909537,0.0278828814626,0.808470249176,0.587326109409
-0.591387927532,-0.1090054214,1.32595789433,-0.0257308110595,0.0276017263532,0.809193134308,0.586329877377
-0.591456115246,-0.109143748879,1.32593786716,-0.0260239318013,0.0275107398629,0.809918105602,0.585319161415
-0.591629743576,-0.108940631151,1.32599318027,-0.0261502433568,0.0268990192562,0.81066519022,0.584306895733
-0.591746628284,-0.109035558999,1.32594788074,-0.0264440942556,0.0269575249404,0.811429560184,0.583229005337
-0.591740131378,-0.109062120318,1.32591927052,-0.0266943536699,0.0269876215607,0.811910629272,0.58254635334
-0.59135144949,-0.109292447567,1.32625496387,-0.029732959345,0.0241443496197,0.81132465601,0.583339810371
-0.591388046741,-0.109383367002,1.32628428936,-0.030016656965,0.0239627379924,0.811933219433,0.582485437393
-0.591506481171,-0.109417803586,1.32629585266,-0.0300506521016,0.0242200251669,0.812539696693,0.581626713276
-0.59160554409,-0.109368048608,1.32629060745,-0.0305699706078,0.0240199789405,0.813183963299,0.580706834793
-0.592255592346,-0.109184719622,1.32598459721,-0.0292639359832,0.0272360630333,0.81416708231,0.579252779484
-0.592369556427,-0.109288349748,1.32599067688,-0.0296891480684,0.0271680150181,0.814769506454,0.578386604786
-0.592331886292,-0.109322831035,1.32592833042,-0.0289588347077,0.027036305517,0.816450178623,0.576055347919
-0.592387735844,-0.109191685915,1.3259459734,-0.0292696412653,0.02709762007,0.816746592522,0.575616240501
-0.592483460903,-0.109213642776,1.32594573498,-0.0295530240983,0.0271007847041,0.817210614681,0.574942708015
-0.592512845993,-0.109125599265,1.32590591908,-0.0297493766993,0.0273576639593,0.817384719849,0.574672698975
-0.592580318451,-0.109211415052,1.32587635517,-0.0300479792058,0.0275346022099,0.817905962467,0.573906719685
-0.592749655247,-0.1093519032,1.32590901852,-0.0304318871349,0.0272467173636,0.818439602852,0.573138892651
-0.592850267887,-0.109311386943,1.32587981224,-0.0307522881776,0.0271916408092,0.818667173386,0.572799265385
-0.592966020107,-0.109359830618,1.32584679127,-0.0309985391796,0.0272993352264,0.818913400173,0.572428941727
-0.592834949493,-0.109693601727,1.32613039017,-0.0315258018672,0.0259830914438,0.819095313549,0.57220095396
-0.593018054962,-0.109575815499,1.32580578327,-0.0317338220775,0.0275041759014,0.819046378136,0.57218837738
-0.593164205551,-0.109923630953,1.3261449337,-0.0327769778669,0.0263278018683,0.819253087044,0.57188898325
-0.593347370625,-0.109794043005,1.32585537434,-0.033010404557,0.0277233850211,0.819110572338,0.572013676167
-0.593436539173,-0.109788767993,1.32584810257,-0.0333237014711,0.0278172679245,0.818977475166,0.572181463242
-0.593661129475,-0.109798416495,1.32593846321,-0.0343098416924,0.0279405098408,0.8186160326,0.572634279728
-0.593680620193,-0.109806582332,1.32590007782,-0.0339305438101,0.0277311746031,0.818774402142,0.572440564632
-0.593465685844,-0.109836295247,1.32573866844,-0.0322203412652,0.028154714033,0.821893274784,0.568032205105
-0.593999385834,-0.110089890659,1.32589066029,-0.0348072126508,0.0277622640133,0.818751394749,0.572419583797
-0.594185054302,-0.110138341784,1.32589757442,-0.0351629331708,0.0278336331248,0.818498969078,0.572755157948
-0.594298541546,-0.110048688948,1.32592844963,-0.0353250354528,0.0278143305331,0.818199753761,0.573173284531
-0.594588816166,-0.110006734729,1.32598519325,-0.0357773080468,0.0275899562985,0.818028748035,0.573400139809
-0.594637930393,-0.110310308635,1.3262090683,-0.0378296636045,0.025999231264,0.816573917866,0.575412929058
-0.594824552536,-0.110370986164,1.32625102997,-0.0381686389446,0.0261392332613,0.816377937794,0.575662374496
-0.59458065033,-0.110225699842,1.32611203194,-0.0359573103487,0.0260854717344,0.81910687685,0.57191836834
-0.594608843327,-0.110393643379,1.32613492012,-0.0362467691302,0.0263497270644,0.818725705147,0.572433650494
-0.59476429224,-0.11053648591,1.32616066933,-0.0366813987494,0.0263872258365,0.818455755711,0.572790145874
-0.594891786575,-0.11052583158,1.32617330551,-0.0369536094368,0.0265098903328,0.818033576012,0.57336974144
-0.595101475716,-0.110472291708,1.32620894909,-0.0372748598456,0.0264281257987,0.817662477493,0.573881804943
-0.595400452614,-0.110366307199,1.32611680031,-0.0364034026861,0.0278975907713,0.81845331192,0.572739720345
-0.59589189291,-0.110470145941,1.3261578083,-0.0368854627013,0.0281965471804,0.81752717495,0.574015498161
-0.596059918404,-0.110553771257,1.32618677616,-0.0372112728655,0.0282196328044,0.817299723625,0.574317276478
-0.596195936203,-0.110665947199,1.32625675201,-0.0376023612916,0.0282164085656,0.817009687424,0.574704408646
-0.596707582474,-0.110879942775,1.32640242577,-0.039475698024,0.0280627124012,0.814780235291,0.57774335146
-0.596867799759,-0.110883206129,1.32644939423,-0.039927970618,0.027652528137,0.81457400322,0.578022897243
-0.596764147282,-0.110836997628,1.3263733387,-0.0390788652003,0.0280189160258,0.815995812416,0.57605445385
-0.597406387329,-0.111097872257,1.32657015324,-0.0419145673513,0.028072366491,0.812783420086,0.580377578735
-0.597151458263,-0.110964991152,1.32643413544,-0.0399313569069,0.0285282675177,0.815324723721,0.576920449734
-0.597400486469,-0.110985085368,1.32644808292,-0.0400594323874,0.0289227422327,0.815201878548,0.577065527439
-0.597781300545,-0.111370816827,1.32656562328,-0.0419843867421,0.0289852712303,0.813018202782,0.579998850822
-0.598031461239,-0.111465938389,1.32665324211,-0.0424984954298,0.0288592502475,0.813035786152,0.57994300127
-0.598125398159,-0.111520379782,1.32668459415,-0.0427929311991,0.0289686769247,0.812727510929,0.580347836018
-0.598169863224,-0.111546278,1.3266711235,-0.0422762222588,0.0291950535029,0.813723683357,0.578976869583
-0.598487019539,-0.111840829253,1.32677507401,-0.0432365462184,0.0295465458184,0.812449276447,0.580675184727
-0.598738491535,-0.111845418811,1.32671523094,-0.0437549874187,0.0297466516495,0.812127113342,0.581076681614
-0.598605453968,-0.111719697714,1.32661604881,-0.0420839525759,0.0303509645164,0.814773440361,0.577453076839
-0.598755717278,-0.11186606437,1.32659399509,-0.0425396598876,0.0305435173213,0.814629554749,0.57761245966
-0.598550915718,-0.112033762038,1.32669579983,-0.0439392887056,0.0288832243532,0.814128994942,0.578298389912
-0.598744452,-0.112140409648,1.3266890049,-0.0441755391657,0.0292204823345,0.814053714275,0.578369438648
-0.599814832211,-0.112278997898,1.32669496536,-0.0456465259194,0.0316990502179,0.811366915703,0.581889390945
-0.599961638451,-0.112275630236,1.32667708397,-0.0457342714071,0.0320049710572,0.811411857605,0.581803202629
-0.600038290024,-0.112392865121,1.32668089867,-0.0459275245667,0.0324563719332,0.811294019222,0.5819272995
-0.600153803825,-0.112421840429,1.32670617104,-0.0458874218166,0.0330495461822,0.811363995075,0.581799566746
-0.600259721279,-0.112500965595,1.32670807838,-0.0459546074271,0.0338036119938,0.811550974846,0.581489920616
-0.599482774734,-0.112362444401,1.32673346996,-0.0456070750952,0.0328970886767,0.81330037117,0.579120278358
-0.59940558672,-0.112366460264,1.32673370838,-0.0456607416272,0.0337459035218,0.813428401947,0.578887403011
-0.599352419376,-0.112357541919,1.3267288208,-0.0454498827457,0.034992210567,0.813681721687,0.578473806381
-0.599162578583,-0.112292870879,1.32675004005,-0.0454661883414,0.0361792705953,0.814017653465,0.577926695347
-0.599713087082,-0.112379394472,1.32684874535,-0.0466115027666,0.0387212075293,0.811746239662,0.580858230591
-0.599470019341,-0.112434625626,1.3268777132,-0.0467008501291,0.0400230363011,0.812213540077,0.580108940601
-0.59885597229,-0.112218566239,1.32677066326,-0.0444208346307,0.041440717876,0.815905451775,0.574985027313
-0.598592162132,-0.112173803151,1.32686400414,-0.0449172332883,0.0427688248456,0.815655827522,0.575203359127
-0.598238945007,-0.112096384168,1.32693696022,-0.0446210205555,0.0439743213356,0.816087543964,0.574522674084
-0.597745478153,-0.111943125725,1.32696712017,-0.0435456819832,0.0454903207719,0.818272709846,0.571370482445
-0.597391724586,-0.111955866218,1.32702636719,-0.043632235378,0.0468355193734,0.818852186203,0.570424318314
-0.597184658051,-0.111966140568,1.3271573782,-0.0439749397337,0.0475160554051,0.818435430527,0.570939540863
-0.597303509712,-0.112177714705,1.32740652561,-0.0463611632586,0.0482012778521,0.81612932682,0.57398635149
-0.596754014492,-0.112141989172,1.32742416859,-0.0452667996287,0.0492821484804,0.818093657494,0.571178674698
-0.596271693707,-0.112115830183,1.32747840881,-0.0443420931697,0.0502441972494,0.81982010603,0.568686425686
-0.595798552036,-0.112020485103,1.32753992081,-0.0436894185841,0.0510712340474,0.820978939533,0.566989123821
-0.595552206039,-0.112240917981,1.32776081562,-0.0449303239584,0.0517537519336,0.819556474686,0.568884968758
-0.595362007618,-0.112417683005,1.32794237137,-0.0458527356386,0.0524444878101,0.819171369076,0.569302618504
-0.595039725304,-0.112488284707,1.32808613777,-0.0459258519113,0.053255148232,0.81992405653,0.568136632442
-0.594698667526,-0.112519294024,1.32824003696,-0.0457901991904,0.053934533149,0.82069593668,0.566967844963
-0.594363749027,-0.112575337291,1.3283662796,-0.0456932149827,0.0544516928494,0.821405887604,0.565897166729
-0.593815982342,-0.112779393792,1.32873725891,-0.0445927456021,0.0535368658602,0.823468148708,0.56306797266
-0.593191146851,-0.112514927983,1.32847630978,-0.0426585786045,0.0562893375754,0.826973974705,0.557786524296
-0.592828631401,-0.112602375448,1.32859027386,-0.0425499416888,0.0566708371043,0.827780604362,0.556558430195
-0.592628121376,-0.112609647214,1.32872986794,-0.0421119816601,0.056816354394,0.829076051712,0.554645240307
-0.592302799225,-0.112714782357,1.32882416248,-0.042090613395,0.0574687831104,0.830158770084,0.552957713604
-0.592000126839,-0.112687699497,1.32900083065,-0.0415092147887,0.0577688403428,0.831061124802,0.551613271236
-0.592183470726,-0.113105870783,1.32930028439,-0.0447058826685,0.0573678873479,0.828208684921,0.555680274963
-0.591739833355,-0.113444760442,1.32966887951,-0.0446163117886,0.0568059496582,0.829374134541,0.554004609585
-0.591285586357,-0.1132883057,1.32969963551,-0.0429837405682,0.057624951005,0.831554889679,0.550770580769
-0.59042429924,-0.113336548209,1.32966327667,-0.0414332002401,0.0582966543734,0.835349738598,0.545046508312
-0.590223491192,-0.113443866372,1.32977890968,-0.0410431064665,0.0590190961957,0.836444616318,0.543316364288
-0.590311586857,-0.11378480494,1.33006572723,-0.0433420427144,0.0589304231107,0.833764672279,0.547252357006
-0.590037643909,-0.113755114377,1.33001506329,-0.0443586781621,0.0589622817934,0.833918333054,0.546933293343
-0.589624583721,-0.11392532289,1.33008933067,-0.0441044121981,0.059810936451,0.835421562195,0.544562578201
-0.589449644089,-0.114134043455,1.33016753197,-0.0440230555832,0.0599817410111,0.836075663567,0.543545544147
-0.588431417942,-0.114129960537,1.33011841774,-0.0415136888623,0.0611768141389,0.841639220715,0.534955501556
-0.588057637215,-0.114267930388,1.33017063141,-0.041533883661,0.0616497807205,0.842529535294,0.533496141434
-0.58828151226,-0.11459518224,1.33043313026,-0.0443893410265,0.0616484694183,0.839520990849,0.53799033165
-0.587876856327,-0.114654675126,1.33048200607,-0.0444198288023,0.062236789614,0.840727031231,0.536033034325
-0.587429761887,-0.11489007622,1.33057463169,-0.0441492907703,0.0630445182323,0.841787397861,0.534294366837
-0.587004184723,-0.114916391671,1.3304643631,-0.0435994192958,0.0631420388818,0.843084931374,0.532278239727
-0.586185634136,-0.114779621363,1.33036589622,-0.0414808057249,0.0646687671542,0.847905516624,0.524550914764
-0.585751950741,-0.114797115326,1.33048164845,-0.0411096028984,0.0652465820312,0.848773121834,0.523103296757
-0.585448622704,-0.115083180368,1.33087134361,-0.0448182597756,0.0623526275158,0.8459379673,0.52772384882
-0.585317015648,-0.115314804018,1.33061420918,-0.0438374653459,0.0658599659801,0.847108900547,0.5254971385
-0.584811627865,-0.115552783012,1.33064043522,-0.0436684451997,0.066297493875,0.848093032837,0.523866415024
-0.583411574364,-0.115232601762,1.33072543144,-0.0414263904095,0.0643494203687,0.852796792984,0.516605019569
-0.583619296551,-0.115785442293,1.33069264889,-0.0418644919991,0.0665469318628,0.851085484028,0.519107401371
-0.582780599594,-0.115965768695,1.33065843582,-0.0397942699492,0.0676571130753,0.855038285255,0.512590110302
-0.582283854485,-0.116040840745,1.33072078228,-0.0396529585123,0.0676877126098,0.855809807777,0.511307656765
-0.58213019371,-0.116737045348,1.33094143867,-0.041948441416,0.0667043253779,0.852828025818,0.516212403774
-0.581811845303,-0.116942353547,1.33096778393,-0.0420365892351,0.0665730983019,0.853859782219,0.514513731003
-0.581368148327,-0.117175728083,1.3310687542,-0.0417411327362,0.0660331174731,0.854868769646,0.512929737568
-0.581000030041,-0.117471009493,1.33112573624,-0.0416703522205,0.0658141449094,0.855694174767,0.51158541441
-0.58053958416,-0.117705687881,1.33130204678,-0.0412959605455,0.0652806311846,0.856384754181,0.51052749157
-0.579995751381,-0.118118904531,1.33132600784,-0.0412331074476,0.06520537287,0.856902182102,0.509673237801
-0.579653263092,-0.118578210473,1.33145821095,-0.0411361046135,0.0646262615919,0.857824862003,0.508200705051
-0.579280495644,-0.118887118995,1.33153378963,-0.0409248508513,0.0640571340919,0.858427166939,0.507271885872
-0.578603506088,-0.118689954281,1.33149576187,-0.0383970327675,0.0649734884501,0.863227069378,0.499142467976
-0.578430056572,-0.119082346559,1.33161818981,-0.0373874120414,0.0638382658362,0.862833738327,0.500044822693
-0.57865446806,-0.119581237435,1.3317117691,-0.039472039789,0.0619276426733,0.859916746616,0.505123972893
-0.578318238258,-0.120175816119,1.33140432835,-0.0356420688331,0.059141844511,0.861042499542,0.503823161125
-0.577537477016,-0.120712734759,1.33168148994,-0.038443364203,0.0617091059685,0.861901402473,0.501836836338
-0.576883912086,-0.120539665222,1.33164715767,-0.0353963039815,0.0626572147012,0.866394042969,0.494148492813
-0.576539635658,-0.121006608009,1.33168208599,-0.0349436961114,0.062173396349,0.86696434021,0.493240594864
-0.57638502121,-0.121815726161,1.33164167404,-0.0368773378432,0.0606443434954,0.864322543144,0.497904568911
-0.5759319067,-0.12217977643,1.33183467388,-0.0329351015389,0.0618462450802,0.867994248867,0.491605997086
-0.575557649136,-0.122384548187,1.33168041706,-0.0328007563949,0.0609053298831,0.868227243423,0.49132078886
-0.575449109077,-0.123220719397,1.33159470558,-0.0345071293414,0.0590029992163,0.865561544895,0.496116191149
-0.574944794178,-0.123138517141,1.33153545856,-0.0316895917058,0.0594764724374,0.868711233139,0.490713089705
-0.575115263462,-0.123993068933,1.33154678345,-0.032380592078,0.0578711554408,0.86629152298,0.495117723942
-0.574984371662,-0.124537460506,1.33157384396,-0.0312677249312,0.0570488162339,0.865656197071,0.49639415741
-0.574742794037,-0.124925345182,1.33146333694,-0.0293335393071,0.0560913495719,0.865868031979,0.49625197053
-0.574572741985,-0.12541949749,1.33138084412,-0.0281476285309,0.0553214028478,0.865939855576,0.496281802654
-0.574558854103,-0.125938549638,1.33130466938,-0.0273549277335,0.0543612204492,0.865693211555,0.496861994267
-0.574294567108,-0.126316055655,1.33109998703,-0.0246856920421,0.0531726516783,0.866340756416,0.496001005173
-0.574228346348,-0.12678013742,1.3308981657,-0.0230594165623,0.0520360246301,0.866274952888,0.496314704418
-0.573913872242,-0.127215072513,1.33061075211,-0.0205199979246,0.0517373085022,0.868596374989,0.492384582758
-0.574343383312,-0.127921104431,1.33063018322,-0.0210997872055,0.0495381951332,0.864855289459,0.499125391245
-0.574277222157,-0.128374367952,1.33050251007,-0.0198560077697,0.0486910380423,0.864470541477,0.499925494194
-0.574420928955,-0.128821149468,1.33042955399,-0.0183547288179,0.0473270080984,0.86419916153,0.500582814217
-0.574148893356,-0.129502311349,1.33025050163,-0.0167474746704,0.046909224242,0.864606976509,0.49997395277
-0.573851644993,-0.129491999745,1.3300614357,-0.0134182516485,0.0464406460524,0.866464138031,0.496893465519
-0.573662817478,-0.130378544331,1.32994103432,-0.0123786274344,0.0454872325063,0.866004645824,0.497808903456
-0.574321746826,-0.130923897028,1.3300703764,-0.013309603557,0.043217305094,0.861759781837,0.5052973032
-0.573967576027,-0.131717041135,1.33000504971,-0.0110563449562,0.0422910191119,0.861760377884,0.50542896986
-0.573513448238,-0.13209913671,1.32982170582,-0.00827884301543,0.0422030463815,0.863033235073,0.503313064575
-0.573413789272,-0.132811278105,1.32982599735,-0.00519650988281,0.0421605184674,0.863101541996,0.503240823746
-0.573067247868,-0.133456483483,1.32977604866,-0.00333907827735,0.0415432006121,0.863508820534,0.502608835697
-0.573205292225,-0.134146407247,1.32965838909,-0.00477604754269,0.0390852354467,0.859482109547,0.509647130966
-0.572976887226,-0.134788662195,1.32957935333,-0.00300568295643,0.0380172654986,0.85884064436,0.510821402073
-0.572521448135,-0.135490402579,1.32953882217,-0.00109197350685,0.0373191088438,0.859095156193,0.510452449322
-0.571956276894,-0.135980919003,1.3295186758,0.00264547159895,0.0372646339238,0.860855519772,0.507476270199
-0.572286367416,-0.136787891388,1.32971048355,0.00242752861232,0.0358428135514,0.856758773327,0.514464616776
-0.572140336037,-0.137423828244,1.32969415188,0.00310788396746,0.0348747819662,0.855586588383,0.516474366188
-0.571639835835,-0.137850165367,1.32951462269,0.00669254083186,0.0328995473683,0.856349468231,0.515304327011
-0.570914804935,-0.138576418161,1.32947814465,0.00815333705395,0.0332669951022,0.857967913151,0.51256018877
-0.571205437183,-0.139302939177,1.32955861092,0.00772661808878,0.0312635786831,0.853799581528,0.519604980946
-0.570919156075,-0.140267506242,1.32958436012,0.00836415588856,0.030608676374,0.852756857872,0.521343290806
-0.570691287518,-0.140581279993,1.32960009575,0.0115701705217,0.029340358451,0.852950274944,0.521038472652
-0.570346236229,-0.141444355249,1.32961142063,0.01258467976,0.028432412073,0.851734936237,0.523049592972
-0.57014220953,-0.142119467258,1.32962608337,0.0141302710399,0.0272270012647,0.850742578506,0.524686694145
-0.569948732853,-0.143062084913,1.32967376709,0.0145207680762,0.0262073650956,0.848995149136,0.527550637722
-0.570159733295,-0.143560394645,1.32965350151,0.0157099645585,0.023778853938,0.845589876175,0.533071815968
-0.569697916508,-0.14449493587,1.3296340704,0.0174330379814,0.0233088061213,0.845838069916,0.532645225525
-0.569521546364,-0.144982129335,1.32978320122,0.0187715515494,0.022381387651,0.845284700394,0.533517062664
-0.569224357605,-0.146097019315,1.32983922958,0.0189317576587,0.0217550322413,0.843518316746,0.536325633526
-0.56841892004,-0.146273121238,1.32978916168,0.0221162904054,0.0220688190311,0.845597147942,0.532906591892
-0.568752944469,-0.147107928991,1.32994508743,0.021551027894,0.0200217384845,0.840292870998,0.541334033012
-0.568394184113,-0.147928848863,1.32988977432,0.0229189563543,0.0193719081581,0.838929057121,0.543412864208
-0.568386912346,-0.148849263787,1.32975828648,0.0248644761741,0.0180011317134,0.839079678059,0.543141901493
-0.568057954311,-0.149404883385,1.32967078686,0.0268287975341,0.0174559503794,0.838478147984,0.543994486332
-0.568028509617,-0.150262176991,1.32975828648,0.027809375897,0.0162203293294,0.836432337761,0.547124087811
-0.567365109921,-0.150666564703,1.32994031906,0.0283772256225,0.0126909092069,0.835253000259,0.54898661375
-0.567273020744,-0.15127183497,1.32993102074,0.0292261671275,0.0122059686109,0.833314418793,0.551891386509
-0.567585706711,-0.152229487896,1.32969629765,0.0320253036916,0.0136804515496,0.831736028194,0.554077982903
-0.567440629005,-0.153041303158,1.32960247993,0.0331971608102,0.0129489917308,0.830253064632,0.556246459484
-0.567187190056,-0.153426781297,1.32950949669,0.0355274640024,0.0117662660778,0.829672396183,0.556994795799
-0.56717222929,-0.154181689024,1.32949471474,0.0356637202203,0.0110590811819,0.82664424181,0.561484694481
-0.567436158657,-0.154925435781,1.32925593853,0.0382267907262,0.0132924560457,0.825863778591,0.562415421009
-0.56684845686,-0.155535697937,1.32929778099,0.0380607284606,0.0102919694036,0.824089229107,0.565086245537
-0.566635549068,-0.156168550253,1.3291066885,0.0399515219033,0.00902513973415,0.82318007946,0.566301226616
-0.566623926163,-0.156830772758,1.32907986641,0.0399078540504,0.00836108904332,0.820574104786,0.570084035397
-0.566513121128,-0.157432213426,1.32899570465,0.0411069057882,0.00724525004625,0.818964838982,0.57232350111
-0.566362142563,-0.157906115055,1.32866239548,0.0422092974186,0.00822289288044,0.817877411842,0.573783516884
-0.566287398338,-0.158692553639,1.32884466648,0.0434447601438,0.00572096044198,0.81580889225,0.576659083366
-0.566133499146,-0.15908947587,1.32843470573,0.0447378717363,0.00689564598724,0.814358830452,0.578593611717
-0.565826952457,-0.159878835082,1.32856726646,0.0470697693527,0.00376334087923,0.814009130001,0.578929543495
-0.565747082233,-0.160469710827,1.32849597931,0.0481395386159,0.00346421287395,0.81292527914,0.580364704132
-0.565728485584,-0.161043375731,1.3280980587,0.0494418144226,0.0044919536449,0.811270773411,0.582559227943
-0.565699100494,-0.161478757858,1.32810163498,0.0496017225087,0.00366491661407,0.808648586273,0.586185693741
-0.565646708012,-0.162343859673,1.32833909988,0.0505184084177,0.00159642205108,0.807373285294,0.587872266769
-0.565246522427,-0.162549942732,1.32766437531,0.0541583523154,0.00246422993951,0.808838665485,0.585526287556
-0.56554287672,-0.163390830159,1.32785201073,0.0524731837213,0.00167230400257,0.804431736469,0.591720759869
-0.565531134605,-0.16389106214,1.32774877548,0.0536222271621,0.00109472079203,0.803258299828,0.593211352825
-0.565512239933,-0.16453152895,1.32760071754,0.0545757040381,0.000734537024982,0.801847994328,0.595030069351
-0.565422475338,-0.165239959955,1.32739770412,0.0562683045864,-0.000182828094694,0.8017821908,0.594961464405
-0.565391719341,-0.165558248758,1.32740283012,0.0567381232977,-0.000487014447572,0.799077808857,0.598544299603
-0.565317690372,-0.166291117668,1.327247262,0.0579211674631,-0.00120874401182,0.798311710358,0.59945166111
-0.565273582935,-0.166811496019,1.32712888718,0.0586198605597,-0.00222834269516,0.796913981438,0.601237773895
-0.565200150013,-0.167397469282,1.32702565193,0.0601706840098,-0.00288325222209,0.79681289196,0.601215779781
-0.565150439739,-0.168020114303,1.32689988613,0.0610742159188,-0.00326099782251,0.795788645744,0.602478027344
-0.565177559853,-0.168706744909,1.32725977898,0.0607607923448,-0.00540317315608,0.793464839458,0.605551362038
-0.565122127533,-0.169096007943,1.32711577415,0.0624442435801,-0.00601146230474,0.792485117912,0.606656312943
-0.565028071404,-0.169412136078,1.32657182217,0.0637977570295,-0.00444470299408,0.792175352573,0.606933474541
-0.564991772175,-0.169915616512,1.32646739483,0.0645268931985,-0.00469219824299,0.790946900845,0.608454823494
-0.56497323513,-0.170513376594,1.3262822628,0.0655644461513,-0.0049895811826,0.789816260338,0.609808683395
-0.565086424351,-0.171030387282,1.32622241974,0.0655100420117,-0.005136936903,0.787735283375,0.612499117851
-0.564922332764,-0.171564415097,1.32605791092,0.0663705989718,-0.00562148354948,0.786762177944,0.613651990891
-0.564812779427,-0.172087371349,1.325922966,0.0671978145838,-0.0065266918391,0.78579801321,0.61478728056
-0.564586281776,-0.172538608313,1.32562971115,0.0692934989929,-0.00721275852993,0.785858809948,0.61446917057
-0.564633727074,-0.173103630543,1.32546567917,0.0700154900551,-0.00749595137313,0.784855782986,0.61566478014
-0.564540028572,-0.173417344689,1.32532167435,0.0709926858544,-0.00748206069693,0.783870279789,0.61680752039
-0.564538359642,-0.174154475331,1.32515633106,0.0712403804064,-0.00811966136098,0.782279372215,0.61878746748
-0.564504981041,-0.174660012126,1.32500493526,0.0720473453403,-0.00860528554767,0.78143799305,0.61974978447
-0.564380884171,-0.175081938505,1.32479715347,0.0732143670321,-0.00889892783016,0.781113743782,0.620017588139
-0.564325869083,-0.175538361073,1.32463657856,0.0739997923374,-0.00940450001508,0.780044794083,0.621261298656
-0.564255058765,-0.176080390811,1.32452261448,0.0745479911566,-0.01031138096,0.779126167297,0.622333467007
-0.564184606075,-0.176495790482,1.32442307472,0.0752263516188,-0.0109290545806,0.778211951256,0.62338411808
-0.564067780972,-0.177155420184,1.32462692261,0.0759828239679,-0.0131187345833,0.777582585812,0.624035179615
-0.564292728901,-0.177528291941,1.32411289215,0.076404325664,-0.0111184781417,0.775492310524,0.626618266106
-0.564111530781,-0.177918702364,1.3240391016,0.0775204077363,-0.0120873069391,0.775142490864,0.626896083355
-0.563988566399,-0.17837151885,1.32388365269,0.0785737931728,-0.0124921044335,0.775160312653,0.626735091209
-0.563546836376,-0.178896009922,1.32388663292,0.0779342353344,-0.014871744439,0.773782670498,0.628462791443
-0.564010739326,-0.179184839129,1.3236117363,0.0800215825438,-0.0129377124831,0.773358106613,0.628765940666
-0.563882470131,-0.17961537838,1.32353615761,0.0806217938662,-0.0134085770696,0.772780835629,0.629388689995
-0.564025044441,-0.180206507444,1.3234821558,0.0801002234221,-0.0138791371137,0.770847678185,0.631811082363
-0.563981413841,-0.180559366941,1.3234064579,0.0806428715587,-0.0143846003339,0.770229637623,0.632484257221
-0.5639346838,-0.180950671434,1.3232717514,0.0812543481588,-0.0148311825469,0.769525229931,0.633252501488
-0.563902199268,-0.181377366185,1.32311892509,0.0819742232561,-0.0153252026066,0.768997490406,0.633788883686
-0.563416182995,-0.181901633739,1.32306349277,0.0827655792236,-0.0180229041725,0.76913779974,0.633444666862
-0.563332498074,-0.182236611843,1.32288682461,0.0835422128439,-0.0184293109924,0.768932700157,0.633580088615
-0.563043475151,-0.182567715645,1.32262456417,0.0843741223216,-0.0193370357156,0.769264638424,0.633039653301
-0.563132345676,-0.183019548655,1.32251620293,0.0841542184353,-0.0195639878511,0.767453730106,0.635256052017
-0.563423037529,-0.183100894094,1.32219302654,0.0863316655159,-0.0173771549016,0.767113804817,0.635437965393
-0.563420414925,-0.183644965291,1.32204318047,0.0865949839354,-0.0179342161864,0.766909658909,0.635632932186
-0.563505709171,-0.184020787477,1.32192349434,0.0863964706659,-0.0180121380836,0.76540517807,0.637468516827
-0.563410639763,-0.184352248907,1.32175505161,0.0868782699108,-0.0182741489261,0.765040636063,0.637833058834
-0.563253581524,-0.184596478939,1.32153809071,0.0875415578485,-0.0187644660473,0.764540553093,0.638327658176
-0.562701940536,-0.185192286968,1.3215572834,0.0866984650493,-0.0220202561468,0.763672590256,0.639376878738
-0.56259226799,-0.185618415475,1.32135248184,0.0872566476464,-0.0223088599741,0.763369381428,0.639652967453
-0.562462627888,-0.18597599864,1.32115483284,0.0880618616939,-0.0228775013238,0.76295030117,0.640022397041
-0.562292575836,-0.186333179474,1.32084882259,0.0902178511024,-0.0230515673757,0.764037668705,0.638416647911
-0.562414288521,-0.18642680347,1.32044744492,0.0918923094869,-0.0212705954909,0.764031529427,0.638246953487
-0.562096655369,-0.186788901687,1.32009220123,0.0930578634143,-0.0217023137957,0.764876425266,0.637050449848
-0.561932146549,-0.187246888876,1.31990098953,0.093742184341,-0.0223654452711,0.764731943607,0.637100696564
-0.561842620373,-0.187602758408,1.31977939606,0.0938098281622,-0.0224214252084,0.763343214989,0.638752162457
-0.56155538559,-0.187844768167,1.31965005398,0.094658523798,-0.0230224858969,0.763023614883,0.63898730278
-0.561289608479,-0.188271522522,1.31944894791,0.0954643413424,-0.0234509631991,0.763726294041,0.638011574745
-0.561057209969,-0.188500404358,1.31924009323,0.0964114591479,-0.0238146781921,0.76267850399,0.639108181
-0.560822546482,-0.188699990511,1.3190510273,0.0975659415126,-0.0241926070303,0.762521862984,0.639105558395
-0.560427129269,-0.188829317689,1.31891179085,0.0985557883978,-0.0243383795023,0.762010931969,0.639557480812
-0.560171663761,-0.189080029726,1.31873548031,0.0991553068161,-0.0243182070553,0.761898934841,0.639599084854
-0.559813439846,-0.189303442836,1.31853556633,0.0998326539993,-0.0243740025908,0.762582063675,0.638676822186
-0.559518933296,-0.189560413361,1.31828486919,0.101070225239,-0.0250262133777,0.762558221817,0.638485372066
-0.559320628643,-0.189812123775,1.31818509102,0.101101636887,-0.0247633382678,0.762117028236,0.639017164707
-0.559145569801,-0.190141022205,1.31799435616,0.101418554783,-0.0247805900872,0.762174367905,0.638897776604
-0.558591187,-0.190305367112,1.31805324554,0.100472003222,-0.0271903071553,0.760234475136,0.641256392002
-0.558487296104,-0.190450638533,1.31794071198,0.101158440113,-0.0264894068241,0.760237693787,0.641173899174
-0.558341383934,-0.190536290407,1.31784033775,0.101164810359,-0.0262597352266,0.76000648737,0.64145642519
-0.558146595955,-0.190551608801,1.317740798,0.101246632636,-0.02595433034,0.759658932686,0.64186757803
-0.558241724968,-0.190472781658,1.3174495697,0.101991645992,-0.0237444713712,0.759679079056,0.64181125164
-0.558067560196,-0.190398454666,1.31735539436,0.101809524,-0.0234881080687,0.759340763092,0.642249763012
-0.557945251465,-0.190462589264,1.31723308563,0.101425923407,-0.023325452581,0.759164512157,0.642524659634
-0.557819187641,-0.190581023693,1.31707143784,0.101012520492,-0.0229361411184,0.758971691132,0.64283156395
-0.557734310627,-0.190473794937,1.31698262691,0.100645430386,-0.0228470209986,0.758834779263,0.643054008484
-0.557667434216,-0.190468430519,1.31689834595,0.100292891264,-0.022850971669,0.758849442005,0.643091619015
-0.55758112669,-0.190414458513,1.31677663326,0.100094415247,-0.0227590315044,0.758947789669,0.643009781837
-0.557407081127,-0.190395221114,1.31658959389,0.0997047796845,-0.0225227326155,0.758937954903,0.643090307713
-0.557311534882,-0.190354794264,1.31647276878,0.0995525047183,-0.0222869683057,0.759153544903,0.64286750555
-0.557209670544,-0.190445810556,1.31640791893,0.0992652252316,-0.0221778936684,0.75965076685,0.642328083515
-0.55700725317,-0.190246939659,1.31628918648,0.0992734283209,-0.0217010360211,0.759885072708,0.642065823078
-0.556884646416,-0.190212056041,1.31621265411,0.0991100147367,-0.0216710455716,0.760134935379,0.641796410084
-0.556766808033,-0.190178111196,1.31612479687,0.0990286692977,-0.0215044654906,0.760407030582,0.641492068768
-0.556649684906,-0.190106570721,1.31605625153,0.0988833904266,-0.0213338714093,0.760651469231,0.641230404377
-0.556499958038,-0.190068304539,1.31597530842,0.0987068265676,-0.0212891511619,0.760879814625,0.640988051891
-0.556355237961,-0.189987078309,1.31591808796,0.0983819067478,-0.0211285781115,0.761252820492,0.640600264072
-0.55625140667,-0.189881652594,1.31589305401,0.0982108190656,-0.0211592577398,0.761538088322,0.640286386013
-0.556144297123,-0.189704209566,1.31578028202,0.0981753319502,-0.0206251218915,0.761754333973,0.64005202055
-0.556084394455,-0.189632594585,1.31571102142,0.0979938283563,-0.0206444896758,0.762019693851,0.639763355255
-0.555987358093,-0.189803808928,1.31608438492,0.0973271653056,-0.0232602227479,0.762382984161,0.639342427254
-0.556109786034,-0.189719364047,1.31608128548,0.096196487546,-0.0230130124837,0.761453807354,0.640628397465
-0.556114375591,-0.189604520798,1.31602025032,0.095860645175,-0.0230414289981,0.761684834957,0.640403091908
-0.555997133255,-0.189410984516,1.31591069698,0.096390850842,-0.0234421547502,0.763002753258,0.638737857342
-0.555997729301,-0.18927487731,1.3158800602,0.0960395336151,-0.0235282238573,0.763330698013,0.638395667076
-0.556062161922,-0.189109385014,1.31585204601,0.0957788750529,-0.0234369337559,0.7635461092,0.638180673122
-0.556255936623,-0.188711225986,1.31543600559,0.0957962721586,-0.0212357155979,0.763805270195,0.637944877148
-0.556339621544,-0.188490778208,1.31544411182,0.095516435802,-0.0213526617736,0.763982594013,0.637770593166
-0.556426227093,-0.188316568732,1.31542181969,0.095173984766,-0.0214557126164,0.764196872711,0.637561559677
-0.55654746294,-0.188057422638,1.31547641754,0.0948339626193,-0.0216162558645,0.764431536198,0.637325465679
-0.556566417217,-0.187838181853,1.31555223465,0.0942219272256,-0.0221174824983,0.764595031738,0.63720291853
-0.556686222553,-0.187582403421,1.31558871269,0.0938758775592,-0.0223920606077,0.764753758907,0.637053847313
-0.556864202023,-0.187241598964,1.31556499004,0.0935469865799,-0.022298976779,0.765092253685,0.636699020863
-0.556593894958,-0.18710309267,1.31575977802,0.091625213623,-0.0250545460731,0.764648199081,0.637408971786
-0.556728184223,-0.186774969101,1.31567442417,0.0911738872528,-0.0245936904103,0.764830768108,0.637272536755
-0.556920349598,-0.186499804258,1.3157761097,0.0906932204962,-0.0250235386193,0.765192627907,0.636889994144
-0.557543754578,-0.185936033726,1.31557607651,0.0914620831609,-0.0219394546002,0.766134142876,0.635760962963
-0.557614564896,-0.185614258051,1.31578195095,0.0908777117729,-0.0226660538465,0.767385721207,0.634307980537
-0.55790412426,-0.185280352831,1.31580889225,0.0901704803109,-0.0227828901261,0.766902804375,0.634988486767
-0.558146297932,-0.184861004353,1.31592476368,0.0894867181778,-0.0232802238315,0.767192304134,0.634717464447
-0.55834031105,-0.184459745884,1.31601524353,0.0887250453234,-0.0233328659087,0.767626285553,0.634297370911
-0.558527827263,-0.184145376086,1.31611585617,0.0878766700625,-0.0236036032438,0.767916858196,0.634053885937
-0.558874845505,-0.183958664536,1.31661713123,0.0863062888384,-0.0253869369626,0.767393112183,0.634834349155
-0.559045851231,-0.183515399694,1.31669056416,0.0856338739395,-0.0257559679449,0.767713904381,0.634522438049
-0.559069573879,-0.183067783713,1.31663656235,0.0860285237432,-0.0258974991739,0.76925188303,0.632597863674
-0.559325516224,-0.182538747787,1.31627130508,0.0857667252421,-0.023846803233,0.769626796246,0.632257938385
-0.559553027153,-0.182057529688,1.31630444527,0.0854107663035,-0.024039875716,0.770132780075,0.63168233633
-0.559800446033,-0.181676536798,1.31634569168,0.0849028155208,-0.0244014002383,0.770645976067,0.631110846996
-0.56002664566,-0.18123601377,1.31628549099,0.0846019014716,-0.0241978317499,0.771026492119,0.630694270134
-0.560282468796,-0.180879339576,1.3162021637,0.0842194780707,-0.0239359848201,0.771548628807,0.630116581917
-0.560509741306,-0.180342078209,1.3161854744,0.0838704332709,-0.0242901854217,0.772091150284,0.629484832287
-0.560726225376,-0.179931268096,1.31616854668,0.083388581872,-0.0245550666004,0.7724198699,0.629135191441
-0.56096303463,-0.179619327188,1.31604039669,0.0829616487026,-0.0245243441314,0.772791087627,0.62873673439
-0.561392962933,-0.179137602448,1.31605219841,0.0818165317178,-0.0242312233895,0.7720682621,0.62978541851
-0.561622619629,-0.178730547428,1.315928936,0.0814202576876,-0.0243540368974,0.772371888161,0.629459619522
-0.561841785908,-0.178222626448,1.31591010094,0.0811757147312,-0.0251936484128,0.772575497627,0.629208087921
-0.561966717243,-0.177855759859,1.31575131416,0.0821075886488,-0.026099042967,0.77421694994,0.627029120922
-0.562304079533,-0.177384123206,1.31573486328,0.0810606107116,-0.0258720591664,0.773296773434,0.62830889225
-0.562384784222,-0.176899030805,1.31549596786,0.0822514742613,-0.0261993072927,0.774636924267,0.626487016678
-0.562633574009,-0.176535815001,1.31535673141,0.0823848024011,-0.026384877041,0.775053918362,0.625945687294
-0.562861084938,-0.176136568189,1.31524443626,0.0823426172137,-0.0263903979212,0.775257945061,0.625698447227
-0.563111305237,-0.175572946668,1.31518530846,0.0825947150588,-0.0264551658183,0.775508224964,0.625352144241
-0.563355505466,-0.175148963928,1.31505393982,0.0828666388988,-0.026584379375,0.776076257229,0.624605476856
-0.563394844532,-0.174878239632,1.31523573399,0.083541110158,-0.0290889311582,0.776585400105,0.623770773411
-0.563725888729,-0.174181073904,1.31481552124,0.0839036405087,-0.0272324811667,0.776495635509,0.623917520046
-0.563948571682,-0.173781946301,1.31471252441,0.0840402394533,-0.0274246223271,0.776552677155,0.623819768429
-0.564250588417,-0.173392221332,1.31472730637,0.083243124187,-0.0270843822509,0.776223361492,0.624351203442
-0.564563155174,-0.172959834337,1.31467163563,0.0833039283752,-0.0273364633322,0.776377797127,0.624140143394
-0.564605474472,-0.172331139445,1.31451618671,0.0842297375202,-0.0275546945632,0.777636229992,0.622437119484
-0.564871132374,-0.171734675765,1.3143055439,0.0847170129418,-0.0270114820451,0.77763402462,0.622397720814
-0.565266430378,-0.171604305506,1.31424033642,0.0840245708823,-0.027279868722,0.776710569859,0.623631596565
-0.565500557423,-0.17132627964,1.31453192234,0.0840044915676,-0.0296645443887,0.776777267456,0.623442411423
-0.565740227699,-0.1707290411,1.31410384178,0.0838347822428,-0.0279717333615,0.776975274086,0.623296797276
-0.56585752964,-0.170404329896,1.31430411339,0.0839319378138,-0.0299140606076,0.776990056038,0.623174965382
-0.565740168095,-0.169995605946,1.31396102905,0.0832567512989,-0.0300444848835,0.776781737804,0.623518943787
-0.566237449646,-0.169574201107,1.31410861015,0.0845240280032,-0.0298085324466,0.777414441109,0.622570455074
-0.566438615322,-0.169092178345,1.31363964081,0.0847683548927,-0.0274995565414,0.777782738209,0.622183263302
-0.566658377647,-0.168656155467,1.3135792017,0.0852839574218,-0.027626523748,0.778035283089,0.621791541576
-0.566862225533,-0.168177336454,1.31357800961,0.0856390893459,-0.0279227420688,0.778092384338,0.621657907963
-0.567012965679,-0.167804613709,1.31354665756,0.0859924033284,-0.0278755221516,0.778276324272,0.621381044388
-0.567247509956,-0.167452424765,1.31356966496,0.0860025808215,-0.0277884975076,0.77772551775,0.622072696686
-0.567427754402,-0.16700693965,1.31353628635,0.0865186974406,-0.0276324357837,0.777865469456,0.621833026409
-0.56764703989,-0.16659027338,1.3135522604,0.0870548561215,-0.0276655144989,0.777901291847,0.621711969376
-0.567876338959,-0.166151165962,1.31362426281,0.0873940736055,-0.0277955178171,0.777871549129,0.621695816517
-0.568129003048,-0.165944114327,1.31361556053,0.0873963758349,-0.0275289788842,0.77798974514,0.621559560299
-0.568221151829,-0.165254607797,1.31366956234,0.0881076455116,-0.0273964386433,0.778459966183,0.620875716209
-0.568516671658,-0.164684280753,1.31376349926,0.0883133485913,-0.0269258134067,0.778322696686,0.621039092541
-0.568814098835,-0.164152890444,1.31385183334,0.0885363146663,-0.0263866130263,0.778158426285,0.62123644352
-0.569120168686,-0.163631752133,1.31395411491,0.0883333310485,-0.026054430753,0.777996063232,0.621482551098
-0.569412589073,-0.163094103336,1.31412446499,0.088386721909,-0.0262784529477,0.777713537216,0.621818959713
-0.56971937418,-0.162488505244,1.3143017292,0.0883550196886,-0.0259768851101,0.777404844761,0.622221946716
-0.570046901703,-0.162012845278,1.31444478035,0.0876963585615,-0.0254666469991,0.777153968811,0.622649610043
-0.570350646973,-0.161409705877,1.31460011005,0.0874441117048,-0.0252016279846,0.776950657368,0.622949540615
-0.570653378963,-0.160949826241,1.31475055218,0.0871761739254,-0.0248224325478,0.77686804533,0.623105287552
-0.570975720882,-0.160341978073,1.31490170956,0.0870194509625,-0.0241390764713,0.776987433434,0.623005151749
-0.571322381496,-0.159922420979,1.31502759457,0.0867263451219,-0.0241424553096,0.777053713799,0.622963309288
-0.571545481682,-0.159288316965,1.31517195702,0.0862881392241,-0.0236217472702,0.777248382568,0.622801303864
-0.571788072586,-0.158698990941,1.31530630589,0.0861931368709,-0.0232432968915,0.777477562428,0.622542560101
-0.571955859661,-0.158174276352,1.31528067589,0.0868613794446,-0.0235013086349,0.778345644474,0.621354162693
-0.572184920311,-0.15754878521,1.31540393829,0.086656011641,-0.0232231523842,0.778849482536,0.620761632919
-0.572394907475,-0.157069325447,1.31548702717,0.0862191319466,-0.0228731874377,0.779402494431,0.620140969753
-0.57255756855,-0.156533300877,1.31551551819,0.0859924778342,-0.0218592323363,0.780728518963,0.618538975716
-0.572777569294,-0.156064778566,1.31557250023,0.0852122530341,-0.0213647373021,0.780200481415,0.619329988956
-0.572853863239,-0.155662551522,1.31560087204,0.0850968882442,-0.0211597792804,0.781055986881,0.618273615837
-0.572967469692,-0.155102521181,1.31569886208,0.0853165611625,-0.021067077294,0.781920492649,0.617152810097
-0.573200583458,-0.154686406255,1.31578338146,0.0843867734075,-0.0202136356384,0.781586587429,0.617731928825
-0.573353827,-0.15426376462,1.315762043,0.0845007374883,-0.0196715183556,0.782503545284,0.616572022438
-0.573246359825,-0.153788357973,1.31568539143,0.0855231210589,-0.0196876935661,0.78452038765,0.613861501217
-0.573296189308,-0.153337314725,1.31571650505,0.085602901876,-0.0194541867822,0.785114467144,0.613097846508
-0.573297739029,-0.15284755826,1.31579554081,0.0855009704828,-0.019523575902,0.785517573357,0.612593412399
-0.573379874229,-0.152506634593,1.31581878662,0.0851617157459,-0.0189874619246,0.786209344864,0.611769556999
-0.57349395752,-0.152077332139,1.31581676006,0.0851506888866,-0.0183633938432,0.786924183369,0.610870301723
-0.573556661606,-0.151739478111,1.31580889225,0.085420511663,-0.0180986449122,0.787587881088,0.609984517097
-0.573764383793,-0.151271298528,1.31594884396,0.0848997011781,-0.0178954899311,0.787207067013,0.610554516315
-0.573791801929,-0.150777429342,1.31601119041,0.084884531796,-0.0176469832659,0.787433087826,0.610272586346
-0.573930680752,-0.15033583343,1.31614148617,0.0841564461589,-0.0169069878757,0.787676036358,0.610080599785
-0.574048161507,-0.150086194277,1.31615269184,0.083961583674,-0.016506081447,0.788200378418,0.609440922737
-0.57400816679,-0.149632140994,1.31605327129,0.084953725338,-0.0161985903978,0.789903283119,0.607102394104
-0.574079275131,-0.149213194847,1.31609523296,0.0850378200412,-0.015782373026,0.790193498135,0.6067237854
-0.574160933495,-0.148807242513,1.31615650654,0.0848331898451,-0.0152076520026,0.790232181549,0.606716811657
-0.574199855328,-0.14836589992,1.31625914574,0.0847086161375,-0.0147758079693,0.790780901909,0.606029331684
-0.57420873642,-0.148113936186,1.31628286839,0.0845870152116,-0.0144725162536,0.791153490543,0.605567455292
-0.574575781822,-0.147771060467,1.3164358139,0.0836884453893,-0.0141194695607,0.790583312511,0.606444597244
-0.574624180794,-0.147423058748,1.31646800041,0.0836022272706,-0.0137734804302,0.791039526463,0.605869293213
-0.574703335762,-0.146967500448,1.31649112701,0.0835414975882,-0.0130441691726,0.791367411613,0.60546541214
-0.574768304825,-0.146616339684,1.31652331352,0.0834005996585,-0.0125885903835,0.791842162609,0.604873538017
-0.574896454811,-0.146361604333,1.31655538082,0.083347260952,-0.0121095906943,0.792244315147,0.604363799095
-0.574922502041,-0.146003141999,1.3166577816,0.0829891636968,-0.0122320111841,0.792431712151,0.604164898396
-0.575004816055,-0.145554572344,1.31670951843,0.0827798992395,-0.0121559165418,0.792683064938,0.603865325451
-0.574933886528,-0.14514195919,1.31671583652,0.0833697915077,-0.0123153002933,0.794178009033,0.601813137531
-0.575167775154,-0.14495100081,1.31674301624,0.0823198482394,-0.0118342740461,0.793528556824,0.602823376656
-0.575094521046,-0.144688948989,1.31696200371,0.0828419178724,-0.0132978754118,0.794970333576,0.60081833601
-0.57523727417,-0.144302487373,1.31700921059,0.0819376781583,-0.0125918472186,0.794886648655,0.601068198681
-0.575338423252,-0.143988192081,1.31698560715,0.081456169486,-0.0120691163465,0.794836401939,0.601210832596
-0.575446486473,-0.143606394529,1.31697940826,0.0813413336873,-0.0119775859639,0.79531276226,0.600597798824
-0.575577259064,-0.142975002527,1.31655704975,0.0813924595714,-0.00965966563672,0.795682251453,0.600143194199
-0.575538396835,-0.142823815346,1.31690335274,0.0808093771338,-0.0111088035628,0.79635566473,0.599303007126
-0.575592398643,-0.142526835203,1.31689620018,0.0804357454181,-0.0109204463661,0.797043442726,0.598441898823
-0.574953436852,-0.142040550709,1.31697523594,0.0785367265344,-0.0134306084365,0.797421336174,0.598139584064
-0.575014710426,-0.141826480627,1.31690037251,0.0781221911311,-0.0129979625344,0.798048257828,0.597366631031
-0.574929594994,-0.141394659877,1.31680929661,0.0788093730807,-0.0129381762818,0.799145936966,0.595808267593
-0.574949502945,-0.140954017639,1.31678986549,0.0782188624144,-0.012428784743,0.799739897251,0.595099508762
-0.575157105923,-0.140700489283,1.31688380241,0.0771566852927,-0.0121491448954,0.799491763115,0.5955773592
-0.575178921223,-0.140391945839,1.31690120697,0.076600022614,-0.0117241051048,0.800310194492,0.594557583332
-0.575159549713,-0.140211343765,1.31687498093,0.0761122182012,-0.0112073225901,0.80113440752,0.59351927042
-0.575259149075,-0.13988314569,1.31680548191,0.0754691660404,-0.0104916365817,0.801912665367,0.592562556267
-0.575283944607,-0.139546096325,1.31663525105,0.076153613627,-0.0091415271163,0.803846657276,0.589870870113
-0.575415670872,-0.139248028398,1.31668400764,0.075048416853,-0.00810722541064,0.804067850113,0.589726209641
-0.575411021709,-0.138896763325,1.31667637825,0.0750978440046,-0.00803436618298,0.805336654186,0.587987005711
-0.575551986694,-0.138769760728,1.3167424202,0.0736206024885,-0.0076054004021,0.805550038815,0.587887167931
-0.575572371483,-0.138275682926,1.31686401367,0.0731317698956,-0.0076910299249,0.806333065033,0.586872696877
-0.575525820255,-0.137950450182,1.31686925888,0.0729715451598,-0.00784854125232,0.807148754597,0.585768342018
-0.57556951046,-0.137812927365,1.31693851948,0.0715042576194,-0.0071758707054,0.807761192322,0.585113286972
-0.57567346096,-0.137580856681,1.31701815128,0.0706012845039,-0.00695721246302,0.808852672577,0.583716154099
-0.575381100178,-0.137236654758,1.31691908836,0.0717563778162,-0.00711038475856,0.812002301216,0.579182863235
-0.576030492783,-0.136796623468,1.31682538986,0.0715915709734,-0.00431445380673,0.811930298805,0.579331934452
-0.575768530369,-0.136813178658,1.31713116169,0.0689202025533,-0.00651854323223,0.811886787415,0.579696059227
-0.576189637184,-0.136335343122,1.3170582056,0.069368198514,-0.00394074898213,0.813079118729,0.577992260456
-0.575896203518,-0.136225059628,1.31733334064,0.0699552148581,-0.00600397540256,0.815550923347,0.574410259724
-0.575995504856,-0.135888457298,1.31745016575,0.0693554133177,-0.00624805642292,0.816417872906,0.573247611523
-0.576274514198,-0.135825261474,1.31771576405,0.0663512349129,-0.00519739324227,0.815918087959,0.574324131012
-0.57605779171,-0.135599732399,1.31769156456,0.0665725320578,-0.00487799011171,0.817865908146,0.57152402401
-0.576158583164,-0.135251998901,1.3177767992,0.0660854130983,-0.00486746197566,0.818924367428,0.570063233376
-0.576398015022,-0.134891569614,1.31754922867,0.0642865821719,-0.00243639131077,0.818806827068,0.570453047752
-0.576320111752,-0.134799540043,1.31756782532,0.0633212253451,-0.00190669856966,0.819691479206,0.569291353226
-0.576034903526,-0.134738445282,1.31777644157,0.0614933297038,-0.00342012150213,0.820415973663,0.568440556526
-0.576344251633,-0.13430146873,1.31804549694,0.0629785731435,-0.00346126849763,0.822849154472,0.564748644829
-0.576267182827,-0.13427297771,1.31809389591,0.0617354549468,-0.0027164418716,0.823845744133,0.563435554504
-0.576391875744,-0.133854880929,1.31779670715,0.0608845986426,-0.00057772587752,0.824392318726,0.562734425068
-0.576607584953,-0.133561298251,1.31794500351,0.0595341101289,-0.000318675243761,0.824776887894,0.562315523624
-0.576612472534,-0.133427560329,1.31803905964,0.0581540577114,0.000375756149879,0.825647652149,0.561180949211
-0.576563119888,-0.133263409138,1.31806540489,0.0578261837363,0.00034955679439,0.826960027218,0.559279203415
-0.576256513596,-0.133048176765,1.31829428673,0.0562104657292,-0.0013244379079,0.827321827412,0.558907151222
-0.576700031757,-0.132902368903,1.31823647022,0.0553129799664,0.00183574180119,0.828562438488,0.55715483427
-0.576595425606,-0.132541403174,1.31827664375,0.0556572899222,0.00211578328162,0.83038598299,0.554397881031
-0.576528131962,-0.132432460785,1.31833827496,0.0551499761641,0.00208945106715,0.831504464149,0.552769899368
-0.576508760452,-0.132158190012,1.31848704815,0.0538961179554,0.00272070919164,0.831989347935,0.552160739899
-0.576652050018,-0.13201212883,1.31869959831,0.0522626265883,0.00312173366547,0.832068383694,0.552196621895
-0.576655805111,-0.131954580545,1.31879162788,0.0513389073312,0.00330930156633,0.832935929298,0.550972998142
-0.576661348343,-0.131654724479,1.31892848015,0.0508103072643,0.00366597343236,0.833694219589,0.549871623516
-0.576498627663,-0.131507724524,1.31929552555,0.0510792434216,0.00258279242553,0.835647702217,0.546879529953
-0.576464056969,-0.131477430463,1.31937050819,0.0501690208912,0.00311514944769,0.83635276556,0.545882225037
-0.57648152113,-0.131480902433,1.31943953037,0.0492767803371,0.0035310909152,0.837227940559,0.544618010521
-0.576427400112,-0.131152942777,1.31950700283,0.0485469140112,0.00416146591306,0.83802062273,0.543458640575
-0.576440870762,-0.131029576063,1.31960344315,0.0476652048528,0.00448473449796,0.838293731213,0.543112933636
-0.576392710209,-0.130913943052,1.31967759132,0.0470105223358,0.0048587876372,0.838974893093,0.542114078999
-0.576364636421,-0.130766913295,1.31983613968,0.046188801527,0.00552954012528,0.839889883995,0.54075974226
-0.576346814632,-0.130605325103,1.31998407841,0.0451047569513,0.00602089706808,0.840399563313,0.540053784847
-0.576124191284,-0.130519703031,1.31999754906,0.0453087389469,0.00613776315004,0.842244267464,0.53715378046
-0.576010167599,-0.130339860916,1.32008063793,0.0448965802789,0.00674269720912,0.843407869339,0.535352468491
-0.575962245464,-0.130091652274,1.32021570206,0.0444713793695,0.00698669906706,0.84416025877,0.534197568893
-0.576044976711,-0.129972904921,1.32045090199,0.0427128896117,0.00762734515592,0.843936622143,0.534685313702
-0.575887560844,-0.129986539483,1.32055270672,0.0420054346323,0.0081078466028,0.844879329205,0.533243715763
-0.575678706169,-0.129974752665,1.32062590122,0.0418954454362,0.00844817794859,0.845879912376,0.531658291817
-0.575481116772,-0.129697486758,1.32069432735,0.0420792661607,0.00892619602382,0.847315847874,0.529344439507
-0.575423419476,-0.129388660192,1.32049155235,0.0412538684905,0.0110712340102,0.847983181477,0.52829939127
-0.57525652647,-0.129279136658,1.32062363625,0.0408266410232,0.0115269338712,0.84870415926,0.527163684368
-0.575103640556,-0.129119575024,1.32081019878,0.0401986241341,0.0116337519139,0.849204480648,0.52640324831
-0.575293362141,-0.128850892186,1.32100820541,0.0394060760736,0.0119825210422,0.848616659641,0.52740240097
-0.57513064146,-0.128936171532,1.32116293907,0.0385924465954,0.0128585575148,0.849848270416,0.525455236435
-0.574827075005,-0.12883760035,1.32114708424,0.0384227223694,0.013264015317,0.850273191929,0.524769723415
-0.574850142002,-0.128646790981,1.32135152817,0.0382431335747,0.0139359999448,0.850877046585,0.523785829544
-0.574766933918,-0.128536999226,1.32147192955,0.037622526288,0.0145472250879,0.85122770071,0.523244023323
-0.574720799923,-0.128393158317,1.32157886028,0.0374929085374,0.0153477713466,0.852635264397,0.520933568478
-0.574485301971,-0.128112629056,1.32155549526,0.0364482738078,0.0154555160552,0.852781355381,0.520765483379
-0.574305057526,-0.128032058477,1.32169866562,0.0363112539053,0.0157726407051,0.853227436543,0.520034193993
-0.574391305447,-0.127684175968,1.32186293602,0.0360195636749,0.0159756690264,0.853561460972,0.519500136375
-0.574069797993,-0.127924725413,1.32219648361,0.0348340384662,0.015531306155,0.853846371174,0.519125878811
-0.574136912823,-0.127799540758,1.32207655907,0.0337962210178,0.0174424815923,0.853359997272,0.519932925701
-0.574197232723,-0.127634048462,1.32218253613,0.0328334122896,0.0178772639483,0.85322779417,0.520196855068
-0.573950469494,-0.127579271793,1.32227182388,0.0326905101538,0.0184686668217,0.854226589203,0.518543362617
-0.573827028275,-0.127373412251,1.32232356071,0.0324959307909,0.0189118124545,0.855648100376,0.51619052887
-0.573737859726,-0.127132713795,1.32243621349,0.0323903150856,0.0192934647202,0.856012940407,0.515577971935
-0.57355505228,-0.127164587379,1.32249963284,0.0316529124975,0.0199599452317,0.85658288002,0.514650821686
-0.573074698448,-0.126865133643,1.32245588303,0.0331299118698,0.0207713935524,0.859729409218,0.509250819683
-0.572901368141,-0.126872271299,1.32248735428,0.0324353538454,0.0210998710245,0.860242187977,0.508415400982
-0.573212563992,-0.126821815968,1.32270216942,0.0301584284753,0.0210823025554,0.858275294304,0.511868655682
-0.573255598545,-0.126822650433,1.32270634174,0.0292024035007,0.0215317085385,0.858437180519,0.51163393259
-0.573015868664,-0.126630544662,1.32278680801,0.0293162837625,0.0220481045544,0.85974919796,0.509397685528
-0.572989881039,-0.126642480493,1.32290875912,0.0281720608473,0.0220713745803,0.859551072121,0.509795129299
-0.57245272398,-0.126277625561,1.32284712791,0.0294414144009,0.0228698067367,0.863547980785,0.502886891365
-0.572716057301,-0.126583635807,1.32337760925,0.027110112831,0.0211981702596,0.862076222897,0.505608797073
-0.572671592236,-0.12661960721,1.32360374928,0.0266366899014,0.0218260269612,0.862840533257,0.504301846027
-0.572328388691,-0.126393049955,1.32365989685,0.0273444708437,0.0222421903163,0.865814864635,0.499121457338
-0.572686374187,-0.126219809055,1.32369303703,0.0230278484523,0.0210886783898,0.863802909851,0.502861440182
-0.572808623314,-0.126202687621,1.32387840748,0.0212074033916,0.0214528050274,0.863688290119,0.503122806549
-0.572811961174,-0.126057595015,1.32402038574,0.0200620461255,0.0216775164008,0.864482045174,0.501795291901
-0.572745621204,-0.125922843814,1.32418227196,0.0187665894628,0.0214067418128,0.865187048912,0.500640511513
-0.57249557972,-0.125714570284,1.32408475876,0.0163920428604,0.0211491305381,0.865423679352,0.500325798988
-0.572911679745,-0.125525966287,1.32408070564,0.0156247420236,0.0233389865607,0.867421090603,0.496781647205
-0.573062419891,-0.125520527363,1.32421851158,0.0134223280475,0.0233438294381,0.867617964745,0.496501713991
-0.572856843472,-0.125400573015,1.32446491718,0.0123254749924,0.0232603624463,0.869226634502,0.493712663651
-0.5733756423,-0.124980986118,1.32443976402,0.0102839376777,0.0240745097399,0.869756519794,0.49278613925
-0.572776913643,-0.124672293663,1.32465088367,0.00972844474018,0.0246991999447,0.870956838131,0.490641891956
-0.572819769382,-0.124575398862,1.32469022274,0.0076220612973,0.0250557921827,0.871820211411,0.489125370979
-0.572814822197,-0.124543018639,1.32498526573,0.00558627629653,0.0248510092497,0.872955203056,0.487135052681
-0.572679102421,-0.124401122332,1.32544136047,0.00418347679079,0.0241278149188,0.873955965042,0.485387831926
-0.572685599327,-0.124241009355,1.3256124258,0.00185400806367,0.0244044046849,0.874175548553,0.484992921352
-0.572685599327,-0.124241009355,1.3256124258,0.00185400806367,0.0244044046849,0.874175548553,0.484992921352
-0.572668790817,-0.123639337718,1.32583856583,-0.000991768203676,0.0250114314258,0.877172768116,0.479521989822
-0.572622179985,-0.123518131673,1.32599043846,-0.00280026975088,0.0253420900553,0.878123819828,0.477753698826
-0.572559297085,-0.123323380947,1.32615876198,-0.00503355171531,0.0257631074637,0.878323376179,0.477345943451
-0.572543382645,-0.122726783156,1.32616376877,-0.00671389047056,0.0261978004128,0.879156112671,0.475765824318
-0.572521448135,-0.122549138963,1.32629513741,-0.00827847700566,0.0263538081199,0.880167424679,0.473858952522
-0.57238805294,-0.121942162514,1.32636606693,-0.00915966369212,0.0269631315023,0.88185274601,0.470664292574
-0.572447657585,-0.12166787684,1.3261193037,-0.0115321427584,0.0282968711108,0.881963253021,0.470326811075
-0.572249948978,-0.121295727789,1.3261988163,-0.0131386136636,0.0286666359752,0.882791399956,0.468705654144
-0.571964979172,-0.120913781226,1.3265184164,-0.0121871158481,0.0278609078377,0.886140286922,0.462418287992
-0.571628093719,-0.120306320488,1.32623767853,-0.0134580777958,0.0298060625792,0.887840926647,0.458987027407
-0.571866512299,-0.119852796197,1.3264067173,-0.0147425150499,0.0291260499507,0.887759447098,0.459148734808
-0.571765899658,-0.119450867176,1.32649636269,-0.0154927680269,0.0291487518698,0.888208329678,0.458253622055
-0.571580886841,-0.118756495416,1.32633447647,-0.0155566949397,0.0308224149048,0.889994382858,0.454662621021
-0.572037100792,-0.118737459183,1.32649755478,-0.0183390397578,0.0298392362893,0.887879788876,0.458740532398
-0.571960031986,-0.117922618985,1.32612383366,-0.0179201364517,0.0315799973905,0.889940202236,0.45462974906
-0.571461319923,-0.117552012205,1.3263156414,-0.0176632534713,0.0313767120242,0.891546666622,0.451495558023
-0.57162630558,-0.116895362735,1.32619059086,-0.017659470439,0.0325008928776,0.891618311405,0.451274394989
-0.571315407753,-0.116804018617,1.32647264004,-0.0179003011435,0.0315660201013,0.891747355461,0.451076507568
-0.571339845657,-0.116516709328,1.32658541203,-0.0192109458148,0.0304381772876,0.890542626381,0.453473716974
-0.571358561516,-0.115968979895,1.32639706135,-0.0196153167635,0.0310272164643,0.890418171883,0.453660815954
-0.571771502495,-0.115512698889,1.32641649246,-0.019344933331,0.0301106851548,0.892615735531,0.449395626783
-0.571702063084,-0.115451648831,1.32663965225,-0.0193153787404,0.0294088311493,0.892863929272,0.448950141668
-0.57151812315,-0.115074172616,1.32635080814,-0.0200256872922,0.031253144145,0.889943659306,0.454557538033
-0.571482360363,-0.114558435977,1.32626223564,-0.0198698304594,0.0320861972868,0.889666497707,0.455048710108
-0.571955561638,-0.114106193185,1.32638239861,-0.0204311348498,0.0297238342464,0.890327870846,0.453889250755
-0.571965277195,-0.113694526255,1.32637262344,-0.0219221320003,0.029969194904,0.888922929764,0.456549435854
-0.572029471397,-0.113208323717,1.32628905773,-0.022034233436,0.030177693814,0.888828933239,0.45671325922
-0.571750640869,-0.112846694887,1.32631206512,-0.0204048343003,0.0305173248053,0.890030801296,0.454420059919
-0.571699380875,-0.11236871779,1.32624256611,-0.0206157993525,0.03061594069,0.889804124832,0.454847544432
-0.571390151978,-0.11228787899,1.32608985901,-0.0208654236048,0.0309626795352,0.889247953892,0.455899119377
-0.571660876274,-0.111365996301,1.32585215569,-0.0210191328079,0.032965335995,0.8891466856,0.455949127674
-0.571450710297,-0.110621243715,1.3259344101,-0.0196962915361,0.0339011326432,0.890828430653,0.452644944191
-0.570303738117,-0.110592395067,1.32589066029,-0.0195319298655,0.0361883491278,0.889576554298,0.454931259155
-0.570015072823,-0.110387742519,1.32612431049,-0.0195576902479,0.0353776775301,0.889358639717,0.455419749022
-0.570177674294,-0.109839305282,1.32618284225,-0.0194530133158,0.0352729558945,0.889348208904,0.455452799797
-0.569825649261,-0.109315000474,1.32597279549,-0.0196243971586,0.037000015378,0.888558089733,0.456848293543
-0.569687485695,-0.109248742461,1.32630610466,-0.0196429416537,0.0356536544859,0.888615906239,0.456842154264
-0.569760262966,-0.108591556549,1.32601106167,-0.0198824126273,0.0371320322156,0.887983560562,0.457942336798
-0.569282591343,-0.108689785004,1.32653963566,-0.0195264033973,0.035891328007,0.887640595436,0.458720713854
-0.569187760353,-0.108100414276,1.32649791241,-0.0193018428981,0.0367793217301,0.886861085892,0.46016523242
-0.569639205933,-0.107707500458,1.32653367519,-0.0209482554346,0.0363465249538,0.884166717529,0.465284347534
-0.569895863533,-0.107201248407,1.32646667957,-0.0211046226323,0.0363858230412,0.883902311325,0.465776115656
-0.569128274918,-0.106892324984,1.32649469376,-0.0206690393388,0.0381504930556,0.882263123989,0.468752801418
-0.56872010231,-0.106296107173,1.32645404339,-0.0189036820084,0.0396253243089,0.883730947971,0.465931564569
-0.568418562412,-0.105670556426,1.3266017437,-0.018519282341,0.0399906598032,0.88248449564,0.468272328377
-0.568278491497,-0.105027168989,1.32627725601,-0.0189193952829,0.0416387803853,0.881105184555,0.470703840256
-0.568009793758,-0.104965761304,1.32669484615,-0.0188875142485,0.0405984483659,0.88042730093,0.472062289715
-0.567798435688,-0.104693770409,1.3267531395,-0.0189104545861,0.0413982495666,0.87929135561,0.474104881287
-0.568160235882,-0.104468092322,1.32696485519,-0.0220025368035,0.0410564616323,0.874661147594,0.482491642237
-0.567884325981,-0.104118101299,1.32685697079,-0.0226252600551,0.0415936261415,0.873370409012,0.484749615192
-0.567809402943,-0.103623151779,1.32696771622,-0.0224091783166,0.0421036854386,0.872143447399,0.486919909716
-0.56764882803,-0.10314963758,1.3269623518,-0.0226072017103,0.0425574071705,0.870799899101,0.489270538092
-0.567355632782,-0.102833643556,1.3271535635,-0.0222951229662,0.042923502624,0.869429588318,0.491683542728
