x,y,z,q0,q1,q2,q3
0.596001029015,-0.243973568082,1.14841508865,-0.0230444222689,-0.0323803648353,0.512609064579,-0.857701838017
0.596056342125,-0.243065550923,1.14831757545,-0.0219200942665,-0.0314565859735,0.512973487377,-0.857547819614
0.596275746822,-0.241830706596,1.14814949036,-0.023036159575,-0.0314103141427,0.514577567577,-0.85655862093
0.596471786499,-0.241252988577,1.14820683002,-0.0218164008111,-0.0306044705212,0.514819860458,-0.856474220753
0.596579730511,-0.240081131458,1.14793550968,-0.0219806805253,-0.0298770032823,0.515659987926,-0.855990052223
0.596536099911,-0.239123120904,1.14772820473,-0.0209362395108,-0.0290283877403,0.515724301338,-0.856006741524
0.596796393394,-0.238362267613,1.14782261848,-0.0204358715564,-0.0282751657069,0.516439139843,-0.85561299324
0.596489191055,-0.237483993173,1.14754414558,-0.0184516590089,-0.0275581832975,0.515857458115,-0.856032252312
0.596767663956,-0.236160978675,1.14751768112,-0.0194457061589,-0.027213530615,0.517916619778,-0.854777038097
0.597019314766,-0.235338315368,1.14769864082,-0.019055088982,-0.0264319684356,0.51864784956,-0.854366898537
0.597182393074,-0.234394848347,1.1476893425,-0.0183756351471,-0.0258378461003,0.519173204899,-0.854080736637
0.5971763134,-0.233263105154,1.14760077,-0.0180388297886,-0.0254755150527,0.52004134655,-0.853570461273
0.597105503082,-0.232307314873,1.14748620987,-0.0165064260364,-0.0243140980601,0.519791603088,-0.853787541389
0.597236573696,-0.230943322182,1.14741837978,-0.0172452386469,-0.0243628975004,0.521778702736,-0.852558612823
0.597546100616,-0.229733526707,1.14755868912,-0.0172311980277,-0.0240829382092,0.522928357124,-0.851862072945
0.597382485867,-0.228487029672,1.14741122723,-0.0168470684439,-0.0237141028047,0.523930251598,-0.851264357567
0.597635149956,-0.22732642293,1.14746773243,-0.0166779551655,-0.0230251327157,0.525162100792,-0.850527226925
0.597594439983,-0.225856393576,1.14731228352,-0.0171096138656,-0.0226140394807,0.526684463024,-0.849587738514
0.597612977028,-0.225064828992,1.14742994308,-0.0151715548709,-0.0215592160821,0.526731729507,-0.84962272644
0.597910702229,-0.223371773958,1.14737927914,-0.016607593745,-0.0216844789684,0.529174923897,-0.848073065281
0.597634613514,-0.22214871645,1.14706861973,-0.0156046068296,-0.020747596398,0.529849886894,-0.847694039345
0.59804135561,-0.220913946629,1.14733600616,-0.0153848277405,-0.0200276244432,0.531084477901,-0.846942424774
0.598063588142,-0.219501122832,1.14727592468,-0.0155040938407,-0.0197697672993,0.532769560814,-0.845887362957
0.598029494286,-0.217922389507,1.14703536034,-0.0155187863857,-0.019223600626,0.534601330757,-0.844743192196
0.598337233067,-0.216642439365,1.1472594738,-0.0156369637698,-0.0185441467911,0.536078333855,-0.84381967783
0.598442494869,-0.215292334557,1.14728999138,-0.0155583331361,-0.0180024225265,0.538078069687,-0.842559158802
0.59986281395,-0.214384675026,1.14761185646,-0.0159846674651,-0.0143649531528,0.539855957031,-0.84148311615
0.599726319313,-0.212977275252,1.14761650562,-0.0161015950143,-0.0137836793438,0.541814267635,-0.840231001377
0.600023627281,-0.211584061384,1.14773583412,-0.0162655673921,-0.0131307281554,0.543571531773,-0.839102506638
0.599975645542,-0.209975853562,1.14767789841,-0.0163726489991,-0.0124606257305,0.545425057411,-0.837907075882
0.600113272667,-0.208136573434,1.14766943455,-0.0181647557765,-0.0126237347722,0.548522949219,-0.835842788219
0.600126266479,-0.206489801407,1.14770388603,-0.0182003881782,-0.0121122365817,0.550476968288,-0.834564089775
0.600040733814,-0.205081731081,1.14774429798,-0.0173855349422,-0.0110961301252,0.551358640194,-0.834013342857
0.600930273533,-0.203251421452,1.14794898033,-0.0192192811519,-0.010314296931,0.554204523563,-0.832094788551
0.600017488003,-0.201886445284,1.1478395462,-0.0179072152823,-0.0100345285609,0.555472910404,-0.831281244755
0.600186645985,-0.200214192271,1.14797544479,-0.0187118090689,-0.00974033214152,0.557321429253,-0.830028772354
0.600571870804,-0.198135375977,1.14817452431,-0.0205233581364,-0.00946541689336,0.560268759727,-0.828002512455
0.600208878517,-0.196904361248,1.14823722839,-0.0193120259792,-0.00834279321134,0.561437010765,-0.827252030373
0.600503921509,-0.194652810693,1.14838266373,-0.0214491765946,-0.00816174782813,0.564865350723,-0.824863910675
0.600352704525,-0.193472161889,1.14850580692,-0.0201301425695,-0.0065013137646,0.565191984177,-0.824688136578
0.599991977215,-0.19117449224,1.14841651917,-0.0210045054555,-0.00699161086231,0.567153692245,-0.823314368725
0.599216878414,-0.189149111509,1.14841616154,-0.0215663202107,-0.00782274175435,0.569465100765,-0.821695327759
0.60026216507,-0.18817615509,1.14896416664,-0.0218712296337,-0.00450176885352,0.571809887886,-0.820082187653
0.600802779198,-0.18585126102,1.14924192429,-0.0246512871236,-0.0045547215268,0.575976788998,-0.817081570625
0.60084939003,-0.183991849422,1.14941728115,-0.0252822581679,-0.00386560289189,0.578699409962,-0.815139770508
0.600798249245,-0.182218566537,1.14962363243,-0.0253683049232,-0.00328331207857,0.581200182438,-0.813358485699
0.600736856461,-0.180468216538,1.14982688427,-0.025952251628,-0.00258516008034,0.583750605583,-0.811514019966
0.600834131241,-0.17871324718,1.15001606941,-0.0264855027199,-0.00170516828075,0.586369752884,-0.809608638287
0.601059734821,-0.176695555449,1.1502020359,-0.0272495429963,-0.000710520311259,0.588512182236,-0.808028697968
0.600904881954,-0.175144985318,1.15040612221,-0.0272765215486,-2.34760918829e-05,0.591397821903,-0.805918574333
0.600999236107,-0.173254668713,1.15054273605,-0.0279328227043,0.000939420599025,0.593848705292,-0.804091215134
0.601051807404,-0.171666517854,1.15074312687,-0.0282662715763,0.00175296689849,0.59671908617,-0.801950335503
0.601594626904,-0.1699629426,1.15096664429,-0.02870327048,0.0033074170351,0.599455118179,-0.799886822701
0.60114377737,-0.168404564261,1.15102732182,-0.0275419764221,0.00453170249239,0.600386798382,-0.799222588539
0.601357519627,-0.166696295142,1.15110814571,-0.028100470081,0.00593664078042,0.60332942009,-0.796974718571
0.601813673973,-0.164382085204,1.15130972862,-0.0306347459555,0.00600367272273,0.607617735863,-0.793615877628
0.600868880749,-0.161570176482,1.15105640888,-0.0314886569977,0.00395749043673,0.610061049461,-0.791718542576
0.601921617985,-0.160712689161,1.15164470673,-0.0316954776645,0.00774329062551,0.613343238831,-0.789142310619
0.601744890213,-0.158672079444,1.15162348747,-0.0322941355407,0.00822618510574,0.616092324257,-0.786968648434
0.605325877666,-0.159324288368,1.15178191662,-0.0320066213608,0.0174124706537,0.619209885597,-0.784379780293
0.614975214005,-0.150235280395,1.14708125591,-0.0582112334669,0.0274256058037,0.615463495255,-0.785534262657
0.601735949516,-0.153004050255,1.15196096897,-0.0338751301169,0.01048243884,0.624630391598,-0.780115008354
0.599911749363,-0.152693450451,1.15270042419,-0.0303319301456,0.0127235623077,0.629994273186,-0.775902867317
0.59939289093,-0.149830013514,1.15232539177,-0.0322604961693,0.0141147859395,0.63705688715,-0.770012021065
0.601877212524,-0.147784203291,1.15260434151,-0.0338654331863,0.0138932829723,0.632766366005,-0.773477256298
0.602002739906,-0.145908936858,1.15273427963,-0.0344101376832,0.0142506659031,0.635439753532,-0.771251738071
0.601797640324,-0.1440115273,1.15273880959,-0.0345784723759,0.0149800572544,0.638212442398,-0.768937408924
0.602065384388,-0.142079219222,1.15279316902,-0.0353511348367,0.0156779419631,0.640590846539,-0.766908049583
0.602004528046,-0.140005037189,1.15288543701,-0.0356543473899,0.0165404714644,0.643162965775,-0.764719903469
0.602083027363,-0.138314768672,1.15298080444,-0.035496763885,0.0176827646792,0.645688533783,-0.762570500374
0.602084755898,-0.136403173208,1.15306890011,-0.0359249599278,0.0182693861425,0.64827978611,-0.760334730148
0.602082252502,-0.134779691696,1.15325057507,-0.0357373543084,0.0185097903013,0.650906264782,-0.758090496063
0.601980984211,-0.132750824094,1.15327119827,-0.0355195626616,0.0193297099322,0.653123795986,-0.756170630455
0.600647091866,-0.131277158856,1.15355551243,-0.0347708426416,0.017474770546,0.65506786108,-0.754567205906
0.60072350502,-0.12927596271,1.15351355076,-0.0345636382699,0.0189162697643,0.657645761967,-0.752296209335
0.600793302059,-0.127618134022,1.15370583534,-0.0343721881509,0.0195702388883,0.659850358963,-0.750355303288
0.600977301598,-0.125716999173,1.15370941162,-0.0342367999256,0.0203859992325,0.662016808987,-0.748428881168
0.600951552391,-0.123935073614,1.15379536152,-0.0345111042261,0.0210182685405,0.664493501186,-0.746200859547
0.600667178631,-0.122120410204,1.15367126465,-0.0330838412046,0.0224735476077,0.666003763676,-0.744875490665
0.600851118565,-0.120059929788,1.15367949009,-0.0342988632619,0.022413527593,0.669089257717,-0.742051780224
0.600899279118,-0.118171744049,1.15388989449,-0.0333447046578,0.0230501145124,0.670883715153,-0.740453839302
0.600921094418,-0.116414375603,1.15383422375,-0.0333173945546,0.023541321978,0.67316275835,-0.738368213177
0.599692046642,-0.115580655634,1.15412402153,-0.0307692978531,0.0238206982613,0.675685882568,-0.73616206646
0.599644124508,-0.113701328635,1.15420687199,-0.030450290069,0.0246310289949,0.677854895592,-0.734151780605
0.59981739521,-0.111971668899,1.1542249918,-0.0303893331438,0.0252544376999,0.679699420929,-0.732425630093
0.599850535393,-0.110402189195,1.15422940254,-0.0297102946788,0.0257960036397,0.681561946869,-0.730701863766
0.599842190742,-0.108571670949,1.15421783924,-0.0295806247741,0.0259489174932,0.683438897133,-0.728946506977
0.599903762341,-0.10700597614,1.15435838699,-0.0286631397903,0.0266385432333,0.685126423836,-0.727372467518
0.600809514523,-0.104769155383,1.15406274796,-0.0301568154246,0.0268177334219,0.686682343483,-0.725836575031
0.600803971291,-0.102898180485,1.15395593643,-0.0298866294324,0.0277824979275,0.688536703587,-0.724052548409
0.599920809269,-0.102063290775,1.15426027775,-0.0274881199002,0.0282263793051,0.690592169762,-0.722170472145
0.599880576134,-0.100343681872,1.15422677994,-0.0267658066005,0.0285187046975,0.692144870758,-0.720698177814
0.599891483784,-0.0989102050662,1.15426492691,-0.0257999058813,0.0289371516556,0.693747520447,-0.719174265862
0.599872529507,-0.0974770113826,1.15428745747,-0.0251787025481,0.0294405594468,0.695246040821,-0.717727184296
0.599948167801,-0.0954137891531,1.15411305428,-0.0249398201704,0.0299058929086,0.69728666544,-0.71573382616
0.59977388382,-0.0938342511654,1.1540312767,-0.0246304273605,0.0302109904587,0.699385106564,-0.713681399822
0.599740803242,-0.0922937318683,1.15388381481,-0.0239547453821,0.0305620916188,0.700686752796,-0.712411522865
0.599710345268,-0.090801179409,1.15378808975,-0.0232382323593,0.031093146652,0.702074766159,-0.711044490337
0.599564194679,-0.0894819796085,1.15392434597,-0.0223563518375,0.031653162092,0.703553259373,-0.709585249424
0.599475502968,-0.0881148949265,1.15387296677,-0.0214805919677,0.0319907814264,0.705018222332,-0.708141505718
0.599130749702,-0.0860747769475,1.15355181694,-0.0213895663619,0.0308126434684,0.706316292286,-0.706901967525
0.598979473114,-0.0846241489053,1.15338230133,-0.0208059102297,0.0306288544089,0.70743560791,-0.70580714941
0.59902048111,-0.0834613963962,1.15346395969,-0.019728070125,0.0311692450196,0.708740711212,-0.704504013062
0.598542451859,-0.0817147791386,1.1530611515,-0.0191818922758,0.0302427876741,0.709614396095,-0.70367950201
0.598903000355,-0.0806460529566,1.1532574892,-0.0184227079153,0.0317685902119,0.710892736912,-0.702341020107
0.598783075809,-0.0794056952,1.15316700935,-0.016752500087,0.0322328805923,0.711139857769,-0.70211148262
0.598001897335,-0.0780099108815,1.15284907818,-0.0151170874014,0.0314193442464,0.711470723152,-0.701850235462
0.598826110363,-0.0768727064133,1.15292525291,-0.0159826315939,0.0324900448322,0.712503671646,-0.700733542442
0.598814547062,-0.0757543891668,1.15292787552,-0.0148245925084,0.0327352695167,0.712642431259,-0.70060646534
0.598641037941,-0.0745010524988,1.15281569958,-0.0134891849011,0.0329623483121,0.713721334934,-0.699523746967
0.59864294529,-0.0733618587255,1.15283477306,-0.0128930602223,0.0331495814025,0.714266359806,-0.698969602585
0.599168241024,-0.072377063334,1.15276515484,-0.0127793475986,0.0343980528414,0.714459002018,-0.698714435101
0.599285840988,-0.0713528543711,1.1527762413,-0.012266844511,0.0349982455373,0.714704394341,-0.698442876339
0.598969817162,-0.0696198791265,1.15252232552,-0.0121368654072,0.0339062474668,0.714771747589,-0.698430001736
0.599017620087,-0.068300165236,1.15240347385,-0.0119073577225,0.0340065918863,0.715244591236,-0.697944998741
0.59897595644,-0.0673462450504,1.15239644051,-0.0112698134035,0.0340165831149,0.714860498905,-0.698348283768
0.598968565464,-0.0661708414555,1.15226614475,-0.0107818879187,0.0336751490831,0.714735031128,-0.698501050472
0.598719835281,-0.0653012990952,1.15226185322,-0.00999263580889,0.0342957004905,0.714456319809,-0.698767721653
0.598932802677,-0.0641676411033,1.15231442451,-0.00971549935639,0.0341459400952,0.714550554752,-0.698682546616
0.598850011826,-0.0629723072052,1.15223574638,-0.0090445484966,0.0337858200073,0.714833259583,-0.698419809341
0.598398208618,-0.0619173832238,1.15208649635,-0.00865139253438,0.0330022014678,0.714234232903,-0.699074745178
0.598402619362,-0.060958981514,1.15202796459,-0.00842298194766,0.0332502610981,0.713895022869,-0.699412047863
0.598669588566,-0.0604473166168,1.15213787556,-0.00772475637496,0.0343761667609,0.712790727615,-0.700491368771
0.598359465599,-0.0590441040695,1.15197229385,-0.00764085445553,0.0330841876566,0.713470458984,-0.69986218214
0.59844905138,-0.0582701005042,1.15197515488,-0.00710663292557,0.0332395471632,0.712854266167,-0.700487911701
0.598272025585,-0.0573468394578,1.15182185173,-0.00709601817653,0.0332753695548,0.712545931339,-0.700800120831
0.599173069,-0.0575173571706,1.15224707127,-0.00653230398893,0.0354122407734,0.711442470551,-0.701821208
0.59879642725,-0.0568794310093,1.15225243568,-0.0050261518918,0.0358803607523,0.711006045341,-0.702252030373
0.599075317383,-0.055974714458,1.15227532387,-0.00526258302853,0.0354755297303,0.710672974586,-0.702607750893
0.599481225014,-0.0551347658038,1.15219283104,-0.0062904311344,0.0353115126491,0.710618972778,-0.702662289143
0.598352193832,-0.0537083521485,1.15168571472,-0.00520910508931,0.0329149737954,0.708947122097,-0.704473912716
0.598810911179,-0.0533931367099,1.15185880661,-0.00532641354948,0.0340815857053,0.708204627037,-0.705163955688
0.598619520664,-0.0529746674001,1.15184271336,-0.00434266822413,0.0343263745308,0.706940948963,-0.706425726414
0.598787546158,-0.0522208586335,1.15183150768,-0.00473715830594,0.0342174470425,0.706918001175,-0.706451416016
0.59888112545,-0.0515820942819,1.15186870098,-0.00504822516814,0.0340094901621,0.70760935545,-0.705766737461
0.598900079727,-0.0511058345437,1.15185654163,-0.00492390524596,0.0339500159025,0.706949830055,-0.706431269646
0.598191797733,-0.0505364239216,1.15172827244,-0.00333745405078,0.0331827551126,0.705547273159,-0.707877635956
0.599008023739,-0.050868306309,1.15205895901,-0.00318414485082,0.0354665704072,0.704952180386,-0.708360314369
0.599048376083,-0.050519824028,1.15211963654,-0.00280703278258,0.0355990491807,0.704089641571,-0.709212601185
0.599093437195,-0.0501839406788,1.15212261677,-0.0026628782507,0.0357045978308,0.703507661819,-0.709785223007
0.599203228951,-0.0497467443347,1.15212631226,-0.00343253533356,0.0354146696627,0.703709959984,-0.709595918655
0.599340856075,-0.0492940358818,1.15200674534,-0.00392738450319,0.0352597422898,0.702772378922,-0.710529565811
0.599085152149,-0.0484479665756,1.1517431736,-0.00399969285354,0.0337878987193,0.701755285263,-0.711605072021
0.598619818687,-0.0480769574642,1.15169489384,-0.00371103361249,0.0329868681729,0.701401352882,-0.711993038654
0.59832149744,-0.0480951704085,1.15170443058,-0.00258517637849,0.033294480294,0.699445903301,-0.713905036449
0.598360180855,-0.0478786677122,1.15170097351,-0.00250469776802,0.0335045903921,0.699173212051,-0.71416258812
0.59912955761,-0.0492090694606,1.15223646164,-0.00221796543337,0.0359344668686,0.698618710041,-0.71458786726
0.599114358425,-0.0491165220737,1.15220141411,-0.00217728316784,0.0360158570111,0.697926163673,-0.715260267258
0.599097073078,-0.0490334331989,1.15215134621,-0.00243816501461,0.0359674356878,0.697472751141,-0.715703904629
0.599345564842,-0.0488158762455,1.15200519562,-0.0029215819668,0.0360772721469,0.697112798691,-0.716047227383
0.59914213419,-0.0489566288888,1.15206670761,-0.00252248672768,0.0359314344823,0.696578681469,-0.716575741768
0.599170386791,-0.0490910820663,1.15208053589,-0.00253725005314,0.0359838120639,0.695950865746,-0.71718275547
0.599111199379,-0.049343533814,1.15209138393,-0.00243454286829,0.0358881130815,0.694986045361,-0.718122959137
0.599190831184,-0.0494267605245,1.15200960636,-0.00244752387516,0.035691190511,0.694250106812,-0.718844294548
0.599240839481,-0.0495608374476,1.15202093124,-0.00260676816106,0.0360500589013,0.694181084633,-0.718892395496
0.599155187607,-0.0500094741583,1.15214347839,-0.00231939018704,0.0364685617387,0.693917870522,-0.719126284122
0.599205136299,-0.0503619983792,1.1521654129,-0.0024828936439,0.0366937071085,0.693463385105,-0.719552695751
0.599211096764,-0.0507477894425,1.15219831467,-0.00256527215242,0.036865696311,0.692880094051,-0.720105350018
0.59924942255,-0.0511323697865,1.15221083164,-0.00276233186014,0.0368868261576,0.692370116711,-0.720593929291
0.599162459373,-0.0517492853105,1.15229618549,-0.00272806640714,0.0368193127215,0.691470503807,-0.72146075964
0.599497914314,-0.0516459681094,1.15212464333,-0.00407377071679,0.0369290076196,0.691713929176,-0.721215307713
0.599232912064,-0.0527043379843,1.15221250057,-0.00333006586879,0.0373704023659,0.691023111343,-0.72185832262
0.599202990532,-0.0532457083464,1.1522462368,-0.00352168385871,0.0374074392021,0.690536975861,-0.722320556641
0.599206387997,-0.0537997148931,1.15231561661,-0.00371788349003,0.0374479144812,0.69007319212,-0.722760498524
0.599331438541,-0.0542952530086,1.15223026276,-0.00477723265067,0.0373543910682,0.689433157444,-0.723369836807
0.599368035793,-0.0547776706517,1.15237891674,-0.0048188068904,0.0374561212957,0.689265310764,-0.723524212837
0.599175095558,-0.0559011623263,1.15246510506,-0.00430581346154,0.0378647260368,0.688850283623,-0.72390127182
0.59907579422,-0.0567722581327,1.15252995491,-0.00455764401704,0.0377621799707,0.688067376614,-0.724649250507
0.598980665207,-0.0574636235833,1.15256714821,-0.00515796430409,0.0379042290151,0.687822878361,-0.724869906902
0.599301099777,-0.0577430464327,1.15252923965,-0.00605564471334,0.038104545325,0.687992334366,-0.724691569805
0.599110007286,-0.0590337216854,1.15262150764,-0.0056777400896,0.0381942167878,0.687400341034,-0.725251495838
0.599052548409,-0.0598678551614,1.15267455578,-0.00620782608166,0.0379562862217,0.687148809433,-0.725497961044
0.599167943001,-0.0606622584164,1.15271425247,-0.00658307783306,0.0378700830042,0.686667084694,-0.725955188274
0.599083542824,-0.0616325587034,1.15279877186,-0.00685174018145,0.0379387363791,0.68658298254,-0.726028680801
0.598936259747,-0.0628196746111,1.15285825729,-0.00666693365201,0.0383055880666,0.686017394066,-0.726545572281
0.598944544792,-0.0637007504702,1.15288329124,-0.00736373802647,0.0379027016461,0.685824692249,-0.726741909981
0.598898351192,-0.0646910667419,1.15291011333,-0.00748696783558,0.0379856303334,0.685420870781,-0.72711712122
0.598774969578,-0.0658292770386,1.15293765068,-0.00798635650426,0.0377684906125,0.684978246689,-0.727540135384
0.598775982857,-0.0669904127717,1.15295553207,-0.00865234527737,0.0377634577453,0.684935867786,-0.72757267952
0.598712563515,-0.0680474191904,1.15299749374,-0.00843421183527,0.0377529934049,0.684474766254,-0.728009581566
0.598714947701,-0.0691302865744,1.15300691128,-0.00887879915535,0.0374918989837,0.684083759785,-0.728385210037
0.598632991314,-0.0703175365925,1.15303134918,-0.00940792821348,0.0374478213489,0.684000372887,-0.728459179401
0.598561525345,-0.0716123953462,1.15308523178,-0.00920115038753,0.0374295599759,0.683520197868,-0.72891330719
0.598502576351,-0.0728134959936,1.15316045284,-0.0101176472381,0.0371555089951,0.683183312416,-0.729230940342
0.598426818848,-0.0740207359195,1.15309357643,-0.0106327654794,0.0368331372738,0.68286293745,-0.72953993082
0.598452746868,-0.0753678977489,1.1531869173,-0.0106323510408,0.0366309247911,0.682562887669,-0.729830861092
0.598368883133,-0.0768652036786,1.15324759483,-0.0109484503046,0.036294426769,0.681525826454,-0.730811476707
0.59832572937,-0.0780190080404,1.15323519707,-0.0112309055403,0.0358464792371,0.681244552135,-0.731091499329
0.598546206951,-0.0796807333827,1.15312147141,-0.0116559090093,0.0365035906434,0.680308103561,-0.731923818588
0.598207592964,-0.0809302851558,1.15335309505,-0.0112345302477,0.0356032699347,0.680310606956,-0.731972455978
0.598246455193,-0.0824885815382,1.15339589119,-0.0115539105609,0.0350830890238,0.680020570755,-0.732262015343
0.598116934299,-0.0838009268045,1.1533973217,-0.0116515206173,0.0349035225809,0.679708719254,-0.732558488846
0.598133683205,-0.0854529961944,1.15341210365,-0.0120815942064,0.0345445908606,0.679293334484,-0.732953906059
0.598009884357,-0.0869314223528,1.15343904495,-0.0123263923451,0.0340867675841,0.678870379925,-0.733363032341
0.598096907139,-0.0882137492299,1.15340459347,-0.0127087421715,0.0339936651289,0.678901135921,-0.73333221674
0.597863018513,-0.0900241956115,1.15347552299,-0.0126477833837,0.0336044058204,0.678116083145,-0.734077215195
0.597947835922,-0.0914330333471,1.15340805054,-0.0134702818468,0.0331968665123,0.6775431633,-0.734610080719
0.597856283188,-0.0929979160428,1.15338373184,-0.0139610385522,0.0327962487936,0.677255690098,-0.734883904457
0.597739398479,-0.0943653360009,1.15319561958,-0.0140895200893,0.0326832383871,0.676682889462,-0.735413789749
0.597657382488,-0.0960049331188,1.15324473381,-0.014371865429,0.0326495431364,0.676464319229,-0.735610961914
0.597618281841,-0.0976842716336,1.15319335461,-0.0143406819552,0.0320175290108,0.675850152969,-0.736203610897
0.597693622112,-0.0994044318795,1.15316414833,-0.0147701762617,0.0319600328803,0.675517916679,-0.736502587795
0.59752869606,-0.101050242782,1.15310335159,-0.0147814881057,0.03137216717,0.67498010397,-0.737020552158
0.59744822979,-0.102749332786,1.15309464931,-0.0151864551008,0.0310511682183,0.674716830254,-0.73726695776
0.597428143024,-0.104496225715,1.15310251713,-0.0151276281103,0.0307291783392,0.673988044262,-0.737947881222
0.59736263752,-0.106088846922,1.15301811695,-0.0154351228848,0.0301499459893,0.67368209362,-0.738244771957
0.597365021706,-0.107818365097,1.1528699398,-0.0156081244349,0.029755692929,0.672922849655,-0.738949179649
0.597332775593,-0.109512753785,1.15285813808,-0.0160215646029,0.0292398892343,0.672492444515,-0.739352703094
0.597247600555,-0.111482530832,1.15294742584,-0.0159915424883,0.0285138040781,0.671888947487,-0.739930033684
0.598250508308,-0.112318150699,1.15248525143,-0.018598055467,0.0284059979022,0.671068966389,-0.740617096424
0.598207950592,-0.114123187959,1.15251326561,-0.0187902059406,0.0276565626264,0.67051333189,-0.741143763065
0.598102152348,-0.115926802158,1.15242564678,-0.0183700807393,0.0273236632347,0.669899463654,-0.741721451283
0.598182439804,-0.117769628763,1.1523680687,-0.0189216006547,0.0268147978932,0.669517159462,-0.742071211338
0.598077535629,-0.119611524045,1.15236270428,-0.0185254011303,0.0262636207044,0.668749690056,-0.742792546749
0.598009169102,-0.121541172266,1.15237760544,-0.0182442720979,0.0258143339306,0.668361365795,-0.743164718151
0.597757995129,-0.123008452356,1.15206182003,-0.018955277279,0.0250198673457,0.66770106554,-0.743767440319
0.597921788692,-0.125050485134,1.1522077322,-0.0185499116778,0.0246079545468,0.667110562325,-0.744321167469
0.5977409482,-0.126759663224,1.15204012394,-0.0191106833518,0.0237594842911,0.666497290134,-0.744883716106
0.597859621048,-0.128214612603,1.15189445019,-0.0194549988955,0.0232174769044,0.665864646435,-0.745457470417
0.5975882411,-0.12995198369,1.15163552761,-0.0193269737065,0.0230229031295,0.665351450443,-0.745924770832
0.597684264183,-0.131728515029,1.15169668198,-0.0194461941719,0.0218565091491,0.664844632149,-0.746408641338
0.597586095333,-0.133826971054,1.15168249607,-0.0191566552967,0.0213378500193,0.664288401604,-0.746926128864
0.597344577312,-0.135359019041,1.15141046047,-0.0195093378425,0.0205322057009,0.663888394833,-0.74729514122
0.597205162048,-0.137127622962,1.15127623081,-0.0193139612675,0.0196692943573,0.663257837296,-0.747883141041
0.597342014313,-0.138908565044,1.15115535259,-0.0195155739784,0.0193198677152,0.662682056427,-0.748397231102
0.597117483616,-0.140788078308,1.15114760399,-0.019011804834,0.0184350740165,0.662029564381,-0.749009668827
0.596901297569,-0.142495214939,1.15086770058,-0.0188803058118,0.0176490023732,0.661409139633,-0.749579966068
0.596919178963,-0.144354954362,1.15088045597,-0.0188605803996,0.0169490668923,0.660758972168,-0.750169873238
0.596710860729,-0.146043911576,1.1506922245,-0.0185547545552,0.0160573869944,0.660079419613,-0.750795006752
0.596704244614,-0.147724583745,1.15055596828,-0.0187784396112,0.0153090860695,0.659467041492,-0.751343011856
0.596459567547,-0.14933244884,1.15026199818,-0.018828779459,0.0145019358024,0.659125864506,-0.751657068729
0.596445441246,-0.151272550225,1.15027952194,-0.0188209861517,0.0137376971543,0.658436596394,-0.752275466919
0.596238851547,-0.153009459376,1.15012729168,-0.0185404587537,0.0127705819905,0.657867610455,-0.752797007561
0.596185684204,-0.154859930277,1.15002739429,-0.0179104357958,0.0122819133103,0.657055199146,-0.753529667854
0.595974504948,-0.156621664762,1.14977705479,-0.0182598680258,0.011252711527,0.656748771667,-0.753804385662
0.595657348633,-0.158125400543,1.14945673943,-0.0177760757506,0.0105253327638,0.656318724155,-0.754200935364
0.595612943172,-0.160233333707,1.1495462656,-0.0166153199971,0.0100090634078,0.655473828316,-0.754968822002
0.595381379128,-0.161991536617,1.14940142632,-0.0164172444493,0.0090867606923,0.65515512228,-0.755261421204
0.595420956612,-0.163333669305,1.14899420738,-0.0171104110777,0.00809012167156,0.654074192047,-0.756193637848
0.595224499702,-0.165189951658,1.14884567261,-0.0166254770011,0.00736879417673,0.653575897217,-0.756642580032
0.594945549965,-0.166982516646,1.14852893353,-0.0163325741887,0.0069824475795,0.653285324574,-0.756903409958
0.594802618027,-0.168512865901,1.14846265316,-0.0158947277814,0.00598215172067,0.652616679668,-0.757497906685
0.595814943314,-0.169978767633,1.14802348614,-0.016926523298,0.006553765852,0.652778208256,-0.757331550121
0.595553696156,-0.171518921852,1.14787173271,-0.0166251696646,0.00600319495425,0.652255117893,-0.757793545723
0.595517873764,-0.173288196325,1.14776861668,-0.0162708479911,0.00516655994579,0.651732444763,-0.758256912231
0.595120847225,-0.174714684486,1.14734387398,-0.0157000105828,0.0046745846048,0.651256799698,-0.758680641651
0.595099449158,-0.176409646869,1.14728724957,-0.0157093722373,0.00395594257861,0.650682389736,-0.759177207947
0.594640552998,-0.178192257881,1.14698374271,-0.0136964106932,0.00354263419285,0.649129807949,-0.760546147823
0.594687521458,-0.179728254676,1.14685344696,-0.0143195390701,0.00243979413062,0.649745762348,-0.760012805462
0.59450262785,-0.181112378836,1.14667212963,-0.0143467253074,0.00134790746961,0.649212658405,-0.760470509529
0.594155669212,-0.18291246891,1.14645624161,-0.0127327768132,0.00121236720588,0.647767961025,-0.761730313301
0.593976914883,-0.184188380837,1.14605438709,-0.0136772030964,-6.29305650364e-05,0.648706138134,-0.760916113853
0.59393620491,-0.18581686914,1.1461045742,-0.0131114907563,-0.000985599006526,0.647940039635,-0.76157784462
0.593686819077,-0.187275871634,1.14571130276,-0.0127285160124,-0.00154960446525,0.647663533688,-0.76181858778
0.593161225319,-0.189089253545,1.14566600323,-0.0107380999252,-0.00220703380182,0.646194219589,-0.763094246387
0.593301355839,-0.19012914598,1.14530277252,-0.0120289530605,-0.00325009413064,0.646811902523,-0.762547850609
0.59318780899,-0.191825926304,1.14530682564,-0.0110551090911,-0.00382106238976,0.646267056465,-0.76302164793
0.592919230461,-0.193387657404,1.1452921629,-0.0102770105004,-0.00459403591231,0.64599865675,-0.763255596161
0.592912912369,-0.19470910728,1.14495289326,-0.0105059444904,-0.00520026963204,0.645482599735,-0.763685047626
0.591336429119,-0.197457015514,1.14544761181,-0.0069618076086,-0.00589044159278,0.645778775215,-0.763470172882
0.591280817986,-0.199097752571,1.14495754242,-0.00679583800957,-0.00496242986992,0.64466547966,-0.76441848278
0.590909540653,-0.200165495276,1.14509284496,-0.00587793951854,-0.00710957311094,0.644827067852,-0.764272868633
0.590549707413,-0.201750740409,1.14491343498,-0.0041998620145,-0.00728536117822,0.643579423428,-0.765333175659
0.590094864368,-0.2035253793,1.14487850666,-0.00315320841037,-0.00745690241456,0.643431305885,-0.765461087227
0.591876268387,-0.202997848392,1.1440101862,-0.00764318788424,-0.00875329878181,0.643230855465,-0.765584230423
0.590224862099,-0.205541431904,1.14452242851,-0.00422698631883,-0.00940252933651,0.643410861492,-0.765451669693
0.590169548988,-0.20689766109,1.14438319206,-0.00392044195905,-0.00979288760573,0.64313262701,-0.76568210125
0.589735686779,-0.208207577467,1.14422726631,-0.00245738471858,-0.0102841481566,0.641777515411,-0.766817986965
0.589825093746,-0.209151089191,1.14416742325,-0.00338719598949,-0.0112093649805,0.642423927784,-0.766260027885
0.589827477932,-0.210421383381,1.14417600632,-0.00302654108964,-0.0116739030927,0.642056524754,-0.766562521458
0.589771389961,-0.211580738425,1.14398741722,-0.00273700151592,-0.0119965244085,0.64172911644,-0.766832828522
0.589524626732,-0.212539479136,1.14395713806,-0.0026051052846,-0.01291847229,0.641429960728,-0.767068386078
0.589480876923,-0.213603749871,1.14389872551,-0.00231785397045,-0.013231176883,0.641144573689,-0.767302572727
0.589453518391,-0.214817076921,1.14393246174,-0.00210681720637,-0.0138408672065,0.640781104565,-0.767596006393
0.589470982552,-0.215727701783,1.14392948151,-0.00175250903703,-0.0142438290641,0.640360116959,-0.767940700054
0.589179635048,-0.216597005725,1.14388597012,-0.00177188357338,-0.0150522254407,0.640082776546,-0.768156349659
0.589070677757,-0.217549443245,1.14384114742,-0.00138722092379,-0.0154449269176,0.639913380146,-0.768290638924
0.589002251625,-0.218479663134,1.14382576942,-0.000938400335144,-0.0157812871039,0.639616787434,-0.768531382084
0.588795423508,-0.219659209251,1.14384567738,0.000388904241845,-0.0156757961959,0.63825494051,-0.769665420055
0.588993608952,-0.220207080245,1.14387726784,-0.000879633880686,-0.0166854318231,0.639030873775,-0.768999695778
0.588880717754,-0.221132159233,1.14389228821,-0.00071365229087,-0.0169295705855,0.638719379902,-0.769253134727
0.588848590851,-0.221973910928,1.14392149448,-0.0006702808314,-0.0173970591277,0.638550519943,-0.769383013248
0.588579177856,-0.222781345248,1.14393353462,0.000570232688915,-0.0175602193922,0.637246906757,-0.770459473133
0.588557243347,-0.223538041115,1.14409983158,0.00084508251166,-0.0180679615587,0.636788785458,-0.770826160908
0.588781714439,-0.223903819919,1.14417016506,-0.000451622006949,-0.0190556291491,0.637586295605,-0.770143151283
0.588662624359,-0.224491462111,1.14421856403,-0.000355561816832,-0.0198049284518,0.63736397028,-0.770308256149
0.588091433048,-0.225573375821,1.14424490929,0.00191365508363,-0.0197060313076,0.635499477386,-0.771847367287
0.588382661343,-0.22598849237,1.14440023899,0.00109353021253,-0.0202488098294,0.635942816734,-0.771469771862
0.588076591492,-0.226585179567,1.14423966408,0.00140690628905,-0.0205688308924,0.635240197182,-0.772039413452
0.588537156582,-0.227123513818,1.14455890656,0.00107487442438,-0.0209563449025,0.635231554508,-0.772036612034
0.588798344135,-0.227315485477,1.1446543932,-0.00028699086397,-0.0219920445234,0.636094748974,-0.771297514439
0.588801383972,-0.227700397372,1.14472794533,-0.00032659896533,-0.0227735694498,0.63578826189,-0.771527349949
0.588814914227,-0.228106424212,1.14481091499,-0.000365863845218,-0.0230624265969,0.635567367077,-0.77170085907
0.588901758194,-0.228828296065,1.14460802078,-0.00064148392994,-0.0221309997141,0.63455504179,-0.772560477257
0.588827371597,-0.229045793414,1.14481043816,-0.000521569279954,-0.0236020255834,0.634524226189,-0.772542417049
0.589000165462,-0.229152053595,1.14496481419,-0.0006695111515,-0.0240848325193,0.634715795517,-0.772369980812
0.58918184042,-0.22946344316,1.14499235153,-0.000874322839081,-0.0242835748941,0.634347558022,-0.772665977478
0.589306533337,-0.229719519615,1.14504349232,-0.000963291735388,-0.024689860642,0.633948206902,-0.772980630398
0.589287817478,-0.229839146137,1.14516413212,-0.00107321247924,-0.0256043039262,0.633538246155,-0.773286819458
0.590715050697,-0.228814557195,1.14466226101,-0.00383063429035,-0.0258976742625,0.63243740797,-0.774168968201
0.590725660324,-0.228905916214,1.14473152161,-0.00401822291315,-0.0264843199402,0.631983757019,-0.774518489838
0.590862810612,-0.228946462274,1.1448482275,-0.00445744860917,-0.0271442364901,0.631705701351,-0.774720072746
0.590899050236,-0.228875756264,1.14487600327,-0.00473628519103,-0.027757242322,0.631182551384,-0.77512305975
0.590920686722,-0.228909149766,1.14496731758,-0.00485236849636,-0.0282434150577,0.630729436874,-0.775473535061
0.591025471687,-0.228841900826,1.14502060413,-0.00515417708084,-0.028787728399,0.630183875561,-0.775894999504
0.590865731239,-0.228976339102,1.14499592781,-0.00411841413006,-0.0286596994847,0.628581881523,-0.777204155922
0.59100240469,-0.228830575943,1.14505052567,-0.00445561762899,-0.0292394217104,0.628016889095,-0.777637481689
0.591120660305,-0.228642761707,1.14512109756,-0.0047988248989,-0.029663098976,0.627444028854,-0.778081655502
0.591178774834,-0.228472679853,1.14524483681,-0.00499691907316,-0.030288670212,0.626903057098,-0.7784922719
0.59126251936,-0.228251442313,1.14535439014,-0.00521871820092,-0.0307860821486,0.626327633858,-0.778934299946
0.591431319714,-0.227962046862,1.14552998543,-0.00531402043998,-0.0313284136355,0.62541437149,-0.779645562172
0.591386139393,-0.227816432714,1.14563918114,-0.00531054660678,-0.0318869017065,0.624920487404,-0.780018806458
0.591537535191,-0.22733296454,1.14569544792,-0.00608151080087,-0.0327639766037,0.624289691448,-0.780481874943
0.591678619385,-0.227042615414,1.14583694935,-0.00632124068215,-0.0331783629954,0.62364089489,-0.780981004238
0.592045009136,-0.226350620389,1.14593565464,-0.00804745778441,-0.0340784005821,0.623894751072,-0.780723571777
0.592142999172,-0.225733608007,1.14600193501,-0.00856790784746,-0.0346456244588,0.623201906681,-0.781246125698
0.592254817486,-0.225153431296,1.14602386951,-0.00906783156097,-0.0353706069291,0.622386395931,-0.781857967377
0.592233538628,-0.224986791611,1.14608931541,-0.00826144218445,-0.0353615097702,0.620659649372,-0.783238768578
0.592374384403,-0.224499180913,1.14615893364,-0.00858608260751,-0.0356825739145,0.619763612747,-0.783929884434
0.592586457729,-0.223852470517,1.14620292187,-0.0091679058969,-0.0361941084266,0.618880450726,-0.784597396851
0.592957079411,-0.222985893488,1.14625990391,-0.0108476923779,-0.036940574646,0.619176626205,-0.784307420254
0.592790305614,-0.222571611404,1.14630079269,-0.00997798424214,-0.0369473733008,0.617361962795,-0.785747766495
0.592936456203,-0.221924602985,1.1464060545,-0.0105014713481,-0.0371962152421,0.616557896137,-0.786360383034
0.593090176582,-0.22124260664,1.14641726017,-0.010877369903,-0.0375604778528,0.615769982338,-0.786955058575
0.593526005745,-0.220218747854,1.1465036869,-0.0128032611683,-0.038313973695,0.616247951984,-0.786515414715
0.593782603741,-0.21937264502,1.14645624161,-0.0133714145049,-0.0386145673692,0.61534267664,-0.787199854851
0.593858897686,-0.219149082899,1.14626097679,-0.012935272418,-0.0372152402997,0.612676382065,-0.789351284504
0.594174087048,-0.217837497592,1.14663279057,-0.0141412969679,-0.0390523523092,0.613779246807,-0.788384377956
0.594303786755,-0.216958209872,1.14659106731,-0.014527994208,-0.0392394550145,0.61299020052,-0.788981795311
0.594514429569,-0.216085016727,1.1466165781,-0.015534334816,-0.0397092550993,0.612427055836,-0.789376318455
0.594352185726,-0.215665757656,1.1465651989,-0.0136112133041,-0.0387836061418,0.610063612461,-0.791285693645
0.594429910183,-0.214743211865,1.14662778378,-0.0138931795955,-0.0390470921993,0.609266936779,-0.79188144207
0.595033466816,-0.212955638766,1.14677596092,-0.0166739728302,-0.0403752662241,0.610072791576,-0.791140258312
0.594712018967,-0.212583556771,1.14669919014,-0.014915199019,-0.0397286936641,0.607898652554,-0.792879760265
0.595337808132,-0.2110132128,1.14683651924,-0.017332021147,-0.0403085388243,0.60888749361,-0.792042136192
0.595577657223,-0.209739983082,1.14683318138,-0.0181239359081,-0.0408139005303,0.608098208904,-0.79260468483
0.595278859138,-0.209352999926,1.1467871666,-0.0160517673939,-0.0401443205774,0.605657577515,-0.794550001621
0.595995008945,-0.207678094506,1.14696907997,-0.0185589659959,-0.0409304015338,0.606706380844,-0.793654620647
0.595614373684,-0.207117035985,1.14692640305,-0.0168590582907,-0.0401731096208,0.604470849037,-0.795435011387
0.596179842949,-0.204927563667,1.14710557461,-0.0195455253124,-0.0416700355709,0.605087697506,-0.794827401638
0.596321105957,-0.204014822841,1.14712703228,-0.0195286795497,-0.0415003858507,0.604744553566,-0.795097768307
0.595888137817,-0.203244835138,1.14713561535,-0.0178737863898,-0.0412029698491,0.602280199528,-0.797020316124
0.596564769745,-0.201254680753,1.14722263813,-0.0207052417099,-0.0423057116568,0.60321700573,-0.796185195446
0.596713542938,-0.200068056583,1.14711618423,-0.0208072401583,-0.0420814268291,0.602609992027,-0.796653926373
0.596575379372,-0.199378848076,1.14684140682,-0.0197912286967,-0.0403539016843,0.599645674229,-0.799002528191
0.597006857395,-0.197070285678,1.14712488651,-0.0218660291284,-0.0427089445293,0.601087987423,-0.797741234303
0.597311317921,-0.1960401088,1.1469347477,-0.0224857255816,-0.0415592566133,0.599940240383,-0.798648178577
0.597401499748,-0.194194465876,1.14707255363,-0.0227979719639,-0.0431389845908,0.600159704685,-0.798390626907
0.597708284855,-0.192769438028,1.14706850052,-0.0232096817344,-0.0431850217283,0.599474728107,-0.798890709877
0.597804784775,-0.191503494978,1.14708149433,-0.0235096290708,-0.0434307679534,0.599017858505,-0.799211323261
0.597858309746,-0.189877554774,1.14704465866,-0.0240721385926,-0.0440897755325,0.598462224007,-0.799574673176
0.597761034966,-0.188787356019,1.14691150188,-0.0224243793637,-0.0434502102435,0.596105217934,-0.801416099072
0.598074495792,-0.187098652124,1.14698886871,-0.0234555751085,-0.0442257262766,0.596346378326,-0.801164746284
0.598477363586,-0.185281038284,1.14710474014,-0.0248696152121,-0.0450413525105,0.597221195698,-0.80042463541
0.598155140877,-0.184224188328,1.14707565308,-0.0232324320823,-0.0446171797812,0.595109701157,-0.802068531513
0.598703742027,-0.182028204203,1.14731383324,-0.0253398362547,-0.0460657849908,0.596461057663,-0.800918281078
0.599138855934,-0.180524781346,1.14738762379,-0.0253480058163,-0.0455551147461,0.596152603626,-0.801176846027
0.598154842854,-0.178147822618,1.14716923237,-0.0254183150828,-0.0484953783453,0.595982730389,-0.801128387451
0.598354041576,-0.176389813423,1.14715409279,-0.0255978796631,-0.0483756661415,0.596270740032,-0.800915598869
0.59872841835,-0.175211548805,1.14716684818,-0.0255316440016,-0.0470957346261,0.595456123352,-0.801599800587
0.598847866058,-0.173417374492,1.1475071907,-0.0250653363764,-0.0482285656035,0.596532642841,-0.800746321678
0.59901201725,-0.171640962362,1.14758098125,-0.0246529988945,-0.0479089133441,0.596890389919,-0.800511658192
0.599229156971,-0.170013383031,1.14776051044,-0.0243222322315,-0.0480907969177,0.597138226032,-0.800326049328
0.600136041641,-0.16867890954,1.14803385735,-0.0240370277315,-0.0463786348701,0.597503125668,-0.800163269043
0.599827170372,-0.166961029172,1.14783477783,-0.023569881916,-0.0461901538074,0.597314894199,-0.800328671932
0.600166201591,-0.165061309934,1.14818561077,-0.0227590054274,-0.0465343631804,0.598457098007,-0.79947835207
0.600161612034,-0.164088487625,1.14794814587,-0.0206695199013,-0.0439075082541,0.596523523331,-0.801127076149
0.600845873356,-0.16136957705,1.14845752716,-0.0221313461661,-0.0459050871432,0.599276423454,-0.798918545246
0.601080596447,-0.159454777837,1.14864468575,-0.0217386111617,-0.0458539873362,0.59953981638,-0.798734545708
0.601398825645,-0.157748520374,1.14882278442,-0.0213651545346,-0.0451988764107,0.600210309029,-0.798278331757
0.601689636707,-0.155890256166,1.14888072014,-0.0208893027157,-0.0447121448815,0.600589513779,-0.798032999039
0.601961553097,-0.154100760818,1.14913582802,-0.0196850392967,-0.0442542284727,0.601140618324,-0.797674179077
0.603193759918,-0.153329432011,1.1495667696,-0.0179494265467,-0.0407957658172,0.600612044334,-0.798297345638
0.603867769241,-0.151210159063,1.14971470833,-0.0186961013824,-0.040668476373,0.602026760578,-0.797220408916
0.604296684265,-0.14907194674,1.14967703819,-0.0186809450388,-0.0402879938483,0.602225422859,-0.797089993954
0.604576408863,-0.147013217211,1.14968800545,-0.0181893333793,-0.0401483923197,0.602586150169,-0.796835780144
0.604799509048,-0.145228490233,1.14982056618,-0.0173593871295,-0.0395200960338,0.60310202837,-0.796495378017
0.605143606663,-0.14329251647,1.14980685711,-0.0165780112147,-0.0392855778337,0.603114902973,-0.796513855457
0.605387687683,-0.141205713153,1.14993190765,-0.0160465724766,-0.0393941812217,0.603362500668,-0.796331763268
0.605690956116,-0.139346897602,1.15008330345,-0.0156779438257,-0.0394502654672,0.603363394737,-0.796335697174
0.605983257294,-0.13729390502,1.15008759499,-0.0152148064226,-0.0395482107997,0.60345941782,-0.796267032623
0.606293022633,-0.135287776589,1.15013599396,-0.0143881905824,-0.039311863482,0.603490293026,-0.796270728111
0.606786370277,-0.133671104908,1.15022599697,-0.013549471274,-0.0383838862181,0.60393935442,-0.795990169048
0.606969535351,-0.131551772356,1.15034127235,-0.0129548944533,-0.0388838276267,0.603904008865,-0.796002626419
0.607323348522,-0.129412084818,1.15028834343,-0.012866361998,-0.0384835265577,0.60408949852,-0.795882761478
0.607646822929,-0.127786755562,1.15046346188,-0.0117846913636,-0.0381381735206,0.604210555553,-0.795824229717
0.607253968716,-0.126272335649,1.15031290054,-0.00905904639512,-0.0371516272426,0.602949202061,-0.796862602234
0.607519209385,-0.124378398061,1.15044546127,-0.00811551045626,-0.0366292633116,0.603238105774,-0.796678304672
0.608403623104,-0.121828429401,1.15049517155,-0.0100589087233,-0.0372358188033,0.605630099773,-0.794811069965
0.608641326427,-0.119777619839,1.15051484108,-0.00926611293107,-0.0369499139488,0.605825781822,-0.794684886932
0.608491957188,-0.118364408612,1.15043067932,-0.00694848364219,-0.0360333174467,0.604511499405,-0.795750617981
0.609263181686,-0.115925438702,1.15063798428,-0.00805282779038,-0.0361227430403,0.606739461422,-0.794038832188
0.609306156635,-0.113929882646,1.15060293674,-0.0073137707077,-0.0360255800188,0.607112586498,-0.793765127659
0.609385311604,-0.112067401409,1.15077054501,-0.00588898640126,-0.0358490087092,0.607475757599,-0.793507039547
0.609570086002,-0.110311843455,1.15083169937,-0.00525475479662,-0.035564173013,0.608009159565,-0.793115735054
0.609773516655,-0.108385547996,1.15075337887,-0.00448559084907,-0.0350811444223,0.608363091946,-0.792870521545
0.609932482243,-0.106169037521,1.15062141418,-0.00422653974965,-0.0349110662937,0.608578681946,-0.792713880539
0.608483195305,-0.103230968118,1.15028321743,-0.00333797791973,-0.0381430312991,0.60852253437,-0.792612314224
0.60975176096,-0.1021835953,1.15064144135,-0.0023974289652,-0.0349585078657,0.608854949474,-0.79250729084
0.609955728054,-0.100251965225,1.150572896,-0.0020487762522,-0.034650888294,0.609077632427,-0.792350649834
0.610046982765,-0.098187983036,1.15058612823,-0.00136734300759,-0.0344017222524,0.609036207199,-0.79239487648
0.610003232956,-0.0964693650603,1.15052831173,-0.000560989254154,-0.0342376679182,0.60924333334,-0.792243659496
0.610320806503,-0.0945674479008,1.15047764778,-8.60909767653e-06,-0.0338473133743,0.609048724174,-0.792410314083
0.609887063503,-0.0930541232228,1.15027856827,0.00236407341436,-0.0329736247659,0.607161700726,-0.793890416622
0.610457599163,-0.0907199606299,1.15031659603,0.000905793393031,-0.033289346844,0.608713209629,-0.79269105196
0.610732078552,-0.0888109430671,1.15021455288,0.00147433613893,-0.0327078960836,0.60836404562,-0.792982459068
0.610771715641,-0.0869725495577,1.15012645721,0.00187683210243,-0.0326331332326,0.60835647583,-0.792990684509
0.610935330391,-0.0852093622088,1.15000891685,0.00251273531467,-0.031956627965,0.607985794544,-0.793300569057
0.611034989357,-0.0833411738276,1.14991426468,0.00292241829447,-0.0315925069153,0.607768416405,-0.793480336666
0.611161589622,-0.0815534219146,1.14981424809,0.00344909005798,-0.031167479232,0.607253611088,-0.793888986111
0.61124920845,-0.0795593634248,1.1496450901,0.00356345018372,-0.0308737233281,0.606702268124,-0.794321417809
0.611390650272,-0.0780716463923,1.14951491356,0.00398001121357,-0.0300384331495,0.606589794159,-0.794437348843
0.611442029476,-0.0761934369802,1.14936852455,0.00444673933089,-0.0295565444976,0.606019675732,-0.794887959957
0.61169731617,-0.074357829988,1.14922785759,0.00456228619441,-0.0289685018361,0.605417490005,-0.795367658138
0.611708700657,-0.0724219977856,1.14914751053,0.00488599576056,-0.028705669567,0.60491424799,-0.795758068562
0.611867666245,-0.0705272331834,1.14910709858,0.005052883178,-0.0281442087144,0.604385077953,-0.796179056168
0.612016618252,-0.0690029636025,1.14874720573,0.00481540895998,-0.0264453589916,0.603096663952,-0.797215104103
0.612108588219,-0.0670421272516,1.14884436131,0.00565677741542,-0.0268990471959,0.60300129652,-0.797266542912
0.612047433853,-0.0652185454965,1.14879119396,0.00583535106853,-0.0268639381975,0.602838754654,-0.797389388084
0.612113654613,-0.0634663030505,1.1486890316,0.00587835675105,-0.0261344071478,0.602532505989,-0.797644734383
0.612150371075,-0.0617457143962,1.14853107929,0.00625526066869,-0.0256314966828,0.601798534393,-0.798211991787
0.61212682724,-0.0602880418301,1.1485080719,0.0065110786818,-0.0248041413724,0.600723266602,-0.799045741558
0.61228376627,-0.058287281543,1.14829289913,0.0059980978258,-0.023927571252,0.600700974464,-0.799093186855
0.612393975258,-0.0567966029048,1.14841151237,0.00683737359941,-0.0234686825424,0.600006103516,-0.799621880054
0.612264931202,-0.0554255507886,1.14844834805,0.00740689784288,-0.0227710772306,0.599178373814,-0.800257384777
0.612279951572,-0.0538322031498,1.14838421345,0.00767657114193,-0.022250905633,0.598606526852,-0.80069732666
0.612152814865,-0.0525045879185,1.14838933945,0.00781352166086,-0.0219690911472,0.597613215446,-0.801445364952
0.612371981144,-0.0502282977104,1.148188591,0.00705306278542,-0.0211468245834,0.597918987274,-0.801246523857
0.612283587456,-0.0485695041716,1.1481128931,0.00709243351594,-0.0206928197294,0.597530186176,-0.801548063755
0.612371861935,-0.0468738600612,1.14817512035,0.00719492463395,-0.0195727907121,0.59705978632,-0.801925599575
0.6124355793,-0.0452516898513,1.14803230762,0.00713799195364,-0.0190115254372,0.597023308277,-0.80196672678
0.612313807011,-0.0437898859382,1.14801120758,0.00745692942291,-0.0185121577233,0.596697568893,-0.802218019962
0.61243969202,-0.0420611351728,1.14801907539,0.00727937789634,-0.0173831973225,0.596452176571,-0.802427411079
0.612276017666,-0.0406807363033,1.14798605442,0.00747501617298,-0.0165470689535,0.596533179283,-0.802383065224
0.612240672112,-0.0392223894596,1.14791309834,0.00775672961026,-0.015741026029,0.596974432468,-0.802068352699
0.611871778965,-0.0369129888713,1.14766907692,0.00714575033635,-0.0164617933333,0.596725583076,-0.802244782448
0.612280070782,-0.0363809019327,1.14795279503,0.00789782870561,-0.0132475532591,0.597382545471,-0.801808059216
0.611889779568,-0.0354387834668,1.14787852764,0.00973818916827,-0.011553555727,0.596187055111,-0.802703440189
0.612249433994,-0.0334929265082,1.14788973331,0.00775488186628,-0.0111910188571,0.5983735919,-0.801101505756
0.612210869789,-0.0321208871901,1.14785528183,0.00791294407099,-0.0101199392229,0.598980247974,-0.800660789013
0.61218047142,-0.0308223050088,1.14787316322,0.00792049616575,-0.00872970465571,0.599827528,-0.800042510033
0.612137019634,-0.0293793026358,1.14779508114,0.00786480866373,-0.00762436073273,0.60065639019,-0.799432337284
0.61220729351,-0.028144588694,1.14779162407,0.00791718903929,-0.00601682299748,0.601571202278,-0.798757314682
0.612115561962,-0.0269036404788,1.14779555798,0.00810182839632,-0.00456036813557,0.602705895901,-0.797909259796
0.611848890781,-0.0259332489222,1.14782106876,0.00912939291447,-0.00297637400217,0.603081047535,-0.797622203827
0.612154781818,-0.0244127232581,1.14783728123,0.00826987158507,-0.00164455536287,0.605498075485,-0.795802056789
0.611910581589,-0.0231778156012,1.1477419138,0.00815464835614,-0.00068727688631,0.607217729092,-0.794493436813
0.612029969692,-0.0219606608152,1.1478908062,0.00876234285533,0.0013640007237,0.608461797237,-0.793533682823
0.611920535564,-0.0208760444075,1.14782786369,0.00886701233685,0.00295260199346,0.61032050848,-0.792099475861
0.611851513386,-0.0197396595031,1.14792609215,0.00915870536119,0.00459148315713,0.612118721008,-0.790699541569
0.611779928207,-0.0185112897307,1.14800107479,0.00946845393628,0.0061319032684,0.613880515099,-0.789318442345
0.611734509468,-0.0174838006496,1.14798855782,0.00979968067259,0.00792306661606,0.615957975388,-0.78767824173
0.611961722374,-0.0163658931851,1.14817392826,0.00972723122686,0.00978320185095,0.617618381977,-0.786357045174
0.611758291721,-0.0152845932171,1.14822173119,0.0105314152315,0.0116959409788,0.619934976101,-0.784495294094
0.611619830132,-0.0142571283504,1.14824211597,0.0109437247738,0.0133632645011,0.622255563736,-0.782623589039
0.611602842808,-0.0133414510638,1.14838993549,0.0113800130785,0.0151933152229,0.624524414539,-0.780774593353
0.611447453499,-0.0122138299048,1.14832997322,0.0117745231837,0.017366155982,0.627178609371,-0.778592824936
0.611377894878,-0.0113221844658,1.14843380451,0.0127696339041,0.0193396955729,0.629487097263,-0.776665270329
0.61117130518,-0.0108313141391,1.14882540703,0.0142955044284,0.0213126279414,0.631515324116,-0.774938583374
0.611140608788,-0.0101585127413,1.14891946316,0.014747839421,0.0234284475446,0.634076476097,-0.772774636745
0.610972702503,-0.00915579684079,1.14901161194,0.0154085131362,0.0249696280807,0.636676609516,-0.770572543144
0.610816717148,-0.00804875511676,1.14901041985,0.0166696030647,0.0275620725006,0.639213442802,-0.768354594707
0.610850512981,-0.00733714178205,1.14926719666,0.0180125106126,0.0299831945449,0.641207575798,-0.766569852829
0.610664665699,-0.00640480034053,1.14927816391,0.0191616620868,0.0322199426591,0.644056022167,-0.764059245586
0.610426425934,-0.00603920314461,1.14935553074,0.0225917454809,0.0345888026059,0.645608007908,-0.762550711632
0.610559344292,-0.00508396886289,1.14955735207,0.0211805533618,0.0367072634399,0.649275124073,-0.759371936321
0.610352873802,-0.0045928414911,1.14984250069,0.0230476036668,0.039091669023,0.651866614819,-0.756974637508
0.610368609428,-0.00385243492201,1.15008878708,0.0244027022272,0.0414795316756,0.654441535473,-0.754579544067
0.610111773014,-0.00310614821501,1.15003979206,0.0255792550743,0.0435991510749,0.657468140125,-0.751784861088
0.609956204891,-0.0026832325384,1.15009832382,0.0271750595421,0.0460374616086,0.660277366638,-0.749116778374
0.609905660152,-0.00202739774249,1.15024554729,0.0279023237526,0.04775801301,0.663220405579,-0.746377527714
0.609840393066,-0.00132116163149,1.1503841877,0.0294670704752,0.0503434576094,0.666231632233,-0.743459880352
0.609695613384,-0.000662392005324,1.15052378178,0.0313530303538,0.0525293573737,0.668693482876,-0.741017460823
0.609546422958,-0.000102978665382,1.15064430237,0.0324689298868,0.0545099899173,0.671193540096,-0.738561928272
0.6095302701,0.000614860095084,1.15074396133,0.0341829545796,0.0570452138782,0.673903524876,-0.735820233822
0.609427213669,0.00122337089851,1.15083944798,0.0352806597948,0.0589612349868,0.676375508308,-0.733345210552
0.609303474426,0.00189965637401,1.15095603466,0.0367561168969,0.0610949359834,0.678869962692,-0.730788648129
0.60931456089,0.00249343691394,1.15112900734,0.0385143496096,0.0635017678142,0.680923938751,-0.728578686714
0.609185039997,0.00324420677498,1.15127694607,0.040017478168,0.0650562047958,0.683205902576,-0.726220369339
0.609042704105,0.00388682587072,1.15139639378,0.0415532514453,0.0673047378659,0.685448884964,-0.723811686039
0.608932852745,0.00459487736225,1.15156185627,0.0433140620589,0.0694604814053,0.68806129694,-0.721020698547
0.608726918697,0.00529710343108,1.15175998211,0.0454311110079,0.0716037452221,0.689304232597,-0.719491839409
0.608153343201,0.00624695699662,1.1515583992,0.0465488284826,0.0723969712853,0.691054522991,-0.717659831047
0.608123540878,0.00684416806325,1.15174925327,0.0497963614762,0.0743371546268,0.69304895401,-0.715316295624
0.608300447464,0.0077303936705,1.15187740326,0.0492122918367,0.0761514082551,0.696157038212,-0.712140858173
0.607590079308,0.00853413715959,1.15184342861,0.051736228168,0.0770264267921,0.69712460041,-0.710920333862
0.607514977455,0.00908833090216,1.15198409557,0.0529983825982,0.0787255465984,0.699068427086,-0.708729028702
0.607366383076,0.00977796129882,1.15206170082,0.0562599413097,0.0807476267219,0.7008908391,-0.706446647644
0.607897222042,0.0102868583053,1.15239584446,0.0563319176435,0.0835968405008,0.702271223068,-0.704736530781
0.608203232288,0.0110964868218,1.15239596367,0.0571324117482,0.0857504308224,0.70431137085,-0.70237326622
0.608387470245,0.0121954502538,1.1523578167,0.0573719590902,0.0869850516319,0.706437289715,-0.700063109398
0.608191668987,0.0125710293651,1.15250301361,0.0592464208603,0.0889942273498,0.707683265209,-0.69839411974
0.608403682709,0.0136856855825,1.15252280235,0.0604408495128,0.0906491726637,0.709705233574,-0.69602316618
0.608475387096,0.0142583865672,1.15259194374,0.0616951435804,0.0924319624901,0.710752308369,-0.694608688354
0.608342111111,0.0148512031883,1.15270423889,0.0631488487124,0.0938423350453,0.712135136127,-0.692870497704
0.608313500881,0.0151055445895,1.15259706974,0.0646689757705,0.0970184803009,0.712668597698,-0.691743433475
0.607872545719,0.0161266531795,1.15256655216,0.0655961707234,0.0964217633009,0.714892864227,-0.68944054842
0.607927858829,0.0165056884289,1.1528403759,0.0678926110268,0.0987645015121,0.715915083885,-0.687824130058
0.607932329178,0.0172294098884,1.15265440941,0.0684948265553,0.101288177073,0.716985344887,-0.686280608177
0.608557224274,0.0178821124136,1.15303969383,0.0695631578565,0.102860480547,0.718388438225,-0.684469819069
0.608413517475,0.018235925585,1.15314817429,0.0710354074836,0.104564487934,0.719521343708,-0.682868421078
0.608133852482,0.0184278152883,1.15326809883,0.0724864527583,0.106428362429,0.721051454544,-0.680810928345
0.608528316021,0.0193710662425,1.15322637558,0.0724540054798,0.107441619039,0.721904754639,-0.679750144482
0.608474314213,0.019469294697,1.15348005295,0.0745851173997,0.109200060368,0.722448468208,-0.678660869598
0.608640432358,0.0205481499434,1.153444767,0.075081795454,0.110040485859,0.72365128994,-0.67718732357
0.608763992786,0.0210524573922,1.15348243713,0.0758814290166,0.111492849886,0.724460661411,-0.675994277
0.608651399612,0.0210045725107,1.15340399742,0.0767791196704,0.113546252251,0.724275827408,-0.675749063492
0.608206152916,0.0217949859798,1.1535269022,0.0786669552326,0.113045841455,0.72578394413,-0.673995375633
0.609306871891,0.0216951444745,1.15384602547,0.07850086689,0.117015317082,0.725868940353,-0.673245489597
0.609265744686,0.0221221428365,1.15413069725,0.0797848626971,0.11736510694,0.726776301861,-0.67205375433
0.609458148479,0.0226651057601,1.15389704704,0.0798725634813,0.119079202414,0.726646363735,-0.671882152557
0.609535992146,0.023484563455,1.15404057503,0.0809177309275,0.119249001145,0.727643430233,-0.670646846294
0.609690368176,0.0233948454261,1.15402960777,0.0811823159456,0.12105679512,0.727931797504,-0.669977724552
0.609778344631,0.0240002274513,1.15398693085,0.0815846398473,0.122195504606,0.728579699993,-0.669017136097
0.609739482403,0.0243954192847,1.1541107893,0.0828988924623,0.123483590782,0.727866053581,-0.669395804405
0.609780609608,0.0245643891394,1.15420007706,0.0848304107785,0.124367654324,0.727670371532,-0.669202744961
0.610042750835,0.0252567194402,1.1541775465,0.0835270956159,0.125638186932,0.728335499763,-0.668405294418
0.610095441341,0.0251120738685,1.15429615974,0.0835236310959,0.12662704289,0.729078710079,-0.667408168316
0.61043202877,0.026063285768,1.15437757969,0.0835388451815,0.126267671585,0.729987680912,-0.666480183601
0.610467255116,0.0260800644755,1.15435838699,0.0840312764049,0.128069803119,0.729404747486,-0.666712641716
0.61060988903,0.0264677256346,1.15443682671,0.0842997282743,0.129072666168,0.729510545731,-0.666369497776
0.610537528992,0.0264405086637,1.15463161469,0.085337229073,0.130282744765,0.729364454746,-0.666161775589
0.610735476017,0.0270656682551,1.15452027321,0.0850954949856,0.130873262882,0.729744255543,-0.665660738945
0.610721945763,0.0274617113173,1.1545330286,0.0850966349244,0.131732642651,0.730158746243,-0.665036320686
0.610980570316,0.027835033834,1.15483045578,0.0859462246299,0.13246896863,0.730049967766,-0.664900183678
0.610937356949,0.0280480664223,1.15473556519,0.0859578996897,0.133117884398,0.730277895927,-0.664518773556
0.610971391201,0.0283446572721,1.15475296974,0.0860138460994,0.133900597692,0.730707287788,-0.663881838322
0.610863506794,0.0286069102585,1.15492153168,0.0869073718786,0.134826242924,0.731149554253,-0.663090705872
0.610797941685,0.0288185551763,1.15497946739,0.0870408192277,0.135686561465,0.731545090675,-0.662461340427
0.610638141632,0.0286761261523,1.15520560741,0.0877116173506,0.136388987303,0.731159329414,-0.662654399872
0.61076182127,0.0294445808977,1.15511727333,0.0874436050653,0.136594727635,0.731971919537,-0.661749780178
0.610626339912,0.0294066183269,1.15537238121,0.0880787670612,0.137249812484,0.732046842575,-0.661447048187
0.610692739487,0.0299687869847,1.15529692173,0.0877022817731,0.137414187193,0.732556819916,-0.660898089409
0.61061000824,0.0300746448338,1.15527665615,0.0877047181129,0.138359367847,0.732837617397,-0.660389184952
0.610641896725,0.0303149726242,1.15532708168,0.087959498167,0.138885036111,0.732913434505,-0.660160720348
0.610661387444,0.0305319875479,1.15531885624,0.0879674702883,0.139303013682,0.733156859875,-0.659801006317
0.61064016819,0.0306682549417,1.15540909767,0.0883226916194,0.139866814017,0.733203589916,-0.659582495689
0.610526382923,0.0308374203742,1.15547096729,0.0885567516088,0.140341222286,0.733352780342,-0.659284472466
0.610482215881,0.0309895072132,1.15560519695,0.0890597626567,0.140896379948,0.733290195465,-0.659167826176
0.610309541225,0.0311095118523,1.15550839901,0.0891964808106,0.141168668866,0.733485162258,-0.658874154091
0.610156476498,0.0312708318233,1.15547990799,0.089027479291,0.14175760746,0.733944058418,-0.658259153366
0.610646247864,0.0314349085093,1.1553696394,0.0886658653617,0.142736539245,0.734074771404,-0.657950639725
0.61056214571,0.0315104089677,1.15537118912,0.0887822806835,0.143196105957,0.734028995037,-0.657886207104
0.610407590866,0.0315446704626,1.15535378456,0.0887604579329,0.143780142069,0.734140396118,-0.657637178898
0.610343754292,0.0314797610044,1.15534424782,0.0889360308647,0.144401907921,0.733964681625,-0.657673537731
0.610135316849,0.0317048765719,1.15535664558,0.0894599482417,0.144969075918,0.734323620796,-0.657076835632
0.610106825829,0.0317099131644,1.15541946888,0.089862562716,0.145047366619,0.734318196774,-0.657010614872
0.610032021999,0.0317109413445,1.15538275242,0.0897408798337,0.145651370287,0.734048306942,-0.657195210457
0.60985070467,0.031615100801,1.1553606987,0.0893930792809,0.146070808172,0.734070599079,-0.657124519348
0.609759569168,0.0316335521638,1.15537297726,0.0898338705301,0.146775737405,0.733925640583,-0.657069206238
0.609544575214,0.031570147723,1.15537500381,0.0899007841945,0.14702808857,0.733750641346,-0.657199025154
0.609423518181,0.0315181389451,1.15541052818,0.0899028331041,0.147558644414,0.733568429947,-0.657283246517
0.60925757885,0.0315064750612,1.15540385246,0.0897349640727,0.148028492928,0.733490824699,-0.657287240028
0.609131097794,0.031433224678,1.15537261963,0.0896177589893,0.148357957602,0.733327507973,-0.657411038876
0.608294665813,0.0310154370964,1.1557123661,0.090762346983,0.147913247347,0.732942044735,-0.657784104347
0.608350932598,0.0310841687024,1.15562427044,0.0904382392764,0.148392409086,0.732410609722,-0.658312499523
0.608266353607,0.0313666500151,1.15543687344,0.08965844661,0.148459479213,0.732282936573,-0.658546149731
0.607969820499,0.0312294531614,1.15559732914,0.0899611935019,0.14890666306,0.73187571764,-0.658856391907
0.607697069645,0.0311818271875,1.15559995174,0.0898963063955,0.149205625057,0.73172980547,-0.658959627151
0.6074411273,0.0311749652028,1.1556084156,0.0897501409054,0.149338290095,0.731699943542,-0.658982634544
0.607092738152,0.0311412028968,1.15562105179,0.0893135890365,0.149189859629,0.731509268284,-0.659287333488
0.606891751289,0.0311972480267,1.15562224388,0.0893181413412,0.149565041065,0.731314480305,-0.659417748451
0.606533646584,0.0311076901853,1.1555505991,0.0884714871645,0.14994366467,0.731172859669,-0.659602820873
0.606314957142,0.0310967564583,1.15559315681,0.0884027928114,0.149944722652,0.730790555477,-0.660035431385
0.605981051922,0.0312526002526,1.15562748909,0.0882879495621,0.149565562606,0.730643630028,-0.660299420357
0.605611383915,0.0311789494008,1.15559232235,0.0879708006978,0.150252297521,0.730132460594,-0.660751104355
0.605261206627,0.0311387702823,1.15565764904,0.0877229422331,0.149805501103,0.729814946651,-0.661236226559
0.605056166649,0.03095706366,1.15569424629,0.0874713361263,0.150124281645,0.729325652122,-0.661736786366
0.60491245985,0.0308823026717,1.15583395958,0.0874869450927,0.150028035045,0.728464722633,-0.662704229355
0.604675114155,0.030762847513,1.15580201149,0.0866758450866,0.149802222848,0.727959871292,-0.663416206837
0.604558706284,0.030742758885,1.15567064285,0.0858648121357,0.150071784854,0.727292478085,-0.664192259312
0.604228675365,0.0306350626051,1.15560460091,0.0854275897145,0.150146245956,0.7266471982,-0.664937674999
0.604135870934,0.0303372591734,1.15587151051,0.0859636291862,0.14994302392,0.724884212017,-0.666835844517
0.603822529316,0.0304902419448,1.1555737257,0.0849698781967,0.150299429893,0.725251674652,-0.666483581066
0.603538990021,0.0304082594812,1.15551972389,0.0844170972705,0.150423184037,0.724790751934,-0.667026996613
0.603496491909,0.0299618318677,1.1558265686,0.0848408937454,0.149736732244,0.722668647766,-0.669425904751
0.603137135506,0.0300731230527,1.15553605556,0.0839387401938,0.150214225054,0.723073244095,-0.668995738029
0.60293507576,0.0299588777125,1.15547120571,0.0833697840571,0.149866491556,0.722355484962,-0.669919610023
0.602741122246,0.0298490282148,1.15535962582,0.082481816411,0.149891927838,0.721766889095,-0.670657634735
0.602680623531,0.029907617718,1.1554390192,0.0819668993354,0.149979650974,0.720645546913,-0.671905934811
0.6027161479,0.0293754711747,1.15540802479,0.0813618525863,0.150266185403,0.720289230347,-0.672297418118
0.602613627911,0.0290784649551,1.15549039841,0.0810073241591,0.149752274156,0.71944975853,-0.673353016376
0.602473318577,0.0290005803108,1.15542757511,0.0804549828172,0.149632170796,0.718998253345,-0.673927903175
0.602335751057,0.0287942104042,1.1553850174,0.0798954293132,0.149437963963,0.718264997005,-0.674818873405
0.602092862129,0.0284814611077,1.15534961224,0.0792386308312,0.149330630898,0.717716276646,-0.67550355196
0.601324439049,0.0277655646205,1.15565228462,0.080012857914,0.148768007755,0.716752529144,-0.676558732986
0.601188182831,0.0278497263789,1.15547561646,0.0785468220711,0.147988736629,0.716395139694,-0.677279770374
0.601025521755,0.0276502519846,1.15544342995,0.0780299305916,0.147864207625,0.715896487236,-0.677893698215
0.600832760334,0.0273276586086,1.15552544594,0.0777587667108,0.147531598806,0.715112030506,-0.678824603558
0.600454807281,0.0267321020365,1.15556931496,0.077120102942,0.147629067302,0.714741528034,-0.67926633358
0.600431740284,0.0266412831843,1.15542602539,0.0755913630128,0.146965608001,0.714372396469,-0.679969966412
0.600273251534,0.0263620968908,1.15542221069,0.0749766975641,0.14655341208,0.713727295399,-0.680804073811
0.600058436394,0.0260197054595,1.15548837185,0.0746152028441,0.145944073796,0.713108420372,-0.681622684002
0.599609911442,0.0253829024732,1.1555981636,0.0741725936532,0.145836785436,0.712503731251,-0.682325899601
0.599700093269,0.0253623891622,1.15549886227,0.0730963498354,0.145115718246,0.711879611015,-0.68324649334
0.599561452866,0.0248990915716,1.15552532673,0.072291366756,0.14458848536,0.71114218235,-0.684211134911
0.599121570587,0.0241876579821,1.15560722351,0.0720455422997,0.144475623965,0.710459947586,-0.684969246387
0.599205493927,0.0242049004883,1.15546298027,0.0710258185863,0.143878981471,0.710069715977,-0.685605823994
0.599008798599,0.023895971477,1.15551745892,0.0699556469917,0.142858818173,0.709552526474,-0.686463952065
0.598841607571,0.0235288012773,1.15539300442,0.0695950463414,0.142477974296,0.708991587162,-0.687159240246
0.598606288433,0.0228221639991,1.15543222427,0.0684191584587,0.141629159451,0.708094835281,-0.688376307487
0.598479509354,0.0223979726434,1.15536737442,0.0677316561341,0.141672119498,0.707708775997,-0.688832044601
0.598183572292,0.0215867124498,1.1554851532,0.0677290558815,0.14131565392,0.706949651241,-0.68968462944
0.597892999649,0.0210994165391,1.15551292896,0.0670997127891,0.140500962734,0.706530332565,-0.690342068672
0.597848296165,0.020886586979,1.15542137623,0.0656785443425,0.139665409923,0.706205487251,-0.690980374813
0.597304284573,0.0200372897089,1.15555214882,0.0650871992111,0.13882419467,0.706078708172,-0.691335320473
0.597307026386,0.0197207909077,1.15544235706,0.0633498132229,0.137664467096,0.7059699893,-0.691839516163
0.597108662128,0.0190936736763,1.15548014641,0.0626501142979,0.137084707618,0.705693185329,-0.692300438881
0.596880495548,0.0184279754758,1.15546047688,0.0618391185999,0.136421218514,0.705263495445,-0.692942023277
0.596744775772,0.0177872851491,1.15545678139,0.06093133986,0.135603293777,0.704840123653,-0.693613290787
0.596477687359,0.0166191011667,1.15571653843,0.0609679482877,0.135239854455,0.704283177853,-0.694246590137
0.596308648586,0.0161146856844,1.15566599369,0.0587297417223,0.133484885097,0.704445779324,-0.694614171982
0.596086680889,0.0150821171701,1.1557841301,0.0584629178047,0.132751747966,0.70376175642,-0.695470035076
0.596089720726,0.0145226102322,1.15567326546,0.0569839254022,0.131928786635,0.70358723402,-0.695925831795
0.595792770386,0.0133637627587,1.15582466125,0.0566765740514,0.131024628878,0.702976405621,-0.696738481522
0.595775783062,0.0126069001853,1.15580499172,0.0555220656097,0.129495084286,0.702379763126,-0.697718441486
0.59566706419,0.0115838684142,1.15579283237,0.0546740777791,0.128808647394,0.701924443245,-0.698370397091
0.595635056496,0.0110957408324,1.15566253662,0.0531984344125,0.127344280481,0.701703488827,-0.69897466898
0.595396220684,0.0100598223507,1.15575194359,0.0521109290421,0.126711785793,0.701773226261,-0.699101567268
0.595249474049,0.00865347776562,1.1558406353,0.0513034276664,0.125865072012,0.701260924339,-0.699828028679
0.595351994038,0.00807794462889,1.15568101406,0.0498450957239,0.124509945512,0.701195776463,-0.700240671635
0.595138132572,0.00670997146517,1.15580010414,0.049336399883,0.123710215092,0.700660288334,-0.700954437256
0.594932973385,0.00566636398435,1.15571630001,0.0477541312575,0.122423700988,0.700617432594,-0.701332449913
0.594839334488,0.00464639253914,1.15567243099,0.0469524264336,0.12122939527,0.700308561325,-0.701902389526
0.594914495945,0.00390677899122,1.1554800272,0.0452981516719,0.119767524302,0.700340867043,-0.702229619026
0.594936847687,0.00285513699055,1.15548157692,0.0445604100823,0.118627667427,0.700425386429,-0.702386200428
0.594748198986,0.00128281116486,1.15558612347,0.0441310629249,0.117227323353,0.699361741543,-0.703706860542
0.594955503941,0.00053721293807,1.15533363819,0.042021561414,0.115996561944,0.699634492397,-0.703768849373
0.594728708267,-0.000961577519774,1.15540862083,0.041481141001,0.114705629647,0.699215114117,-0.704429030418
0.59473580122,-0.00218923576176,1.15539157391,0.0406390205026,0.113462589681,0.698740303516,-0.705150127411
0.594734609127,-0.00290584005415,1.15514552593,0.0386761128902,0.111492812634,0.699010074139,-0.705307364464
0.594572722912,-0.0046044010669,1.15527486801,0.038116119802,0.110149092972,0.698615550995,-0.705939531326
0.59472578764,-0.0056880787015,1.15515077114,0.0369562953711,0.109081484377,0.698809623718,-0.70597499609
0.594743251801,-0.00655896402895,1.15501773357,0.0356720536947,0.107118338346,0.698663830757,-0.706485807896
0.594543635845,-0.00828085746616,1.15502500534,0.0345779284835,0.105301894248,0.697910428047,-0.707557022572
0.594527006149,-0.00961926486343,1.1550334692,0.0342780649662,0.104385271668,0.69757181406,-0.708041131496
0.594713449478,-0.0102980770171,1.15480232239,0.0322839468718,0.10195504874,0.698178231716,-0.707891404629
0.59463340044,-0.0116984983906,1.15468990803,0.0309465453029,0.100416138768,0.698149383068,-0.708199381828
0.594591617584,-0.0134998261929,1.15479004383,0.0307777430862,0.0986058041453,0.6969165802,-0.709673821926
0.593934118748,-0.0153166847304,1.15487861633,0.0304910037667,0.095986880362,0.696273624897,-0.710675656796
0.594742000103,-0.0159027893096,1.15446102619,0.0277382861823,0.0943469181657,0.696609258652,-0.71067917347
0.594809532166,-0.0174232721329,1.15435945988,0.0266547389328,0.0928126499057,0.696125745773,-0.711395978928
0.594390749931,-0.0192077383399,1.15436887741,0.0266997013241,0.0909249186516,0.695548951626,-0.712201833725
0.594339311123,-0.0208364054561,1.15425157547,0.0252711232752,0.0887072309852,0.695174336433,-0.71289908886
0.594390928745,-0.0223301127553,1.15412020683,0.0242544971406,0.0867571011186,0.694165468216,-0.714156329632
0.594378471375,-0.0239757187665,1.15401029587,0.02259292081,0.0849751606584,0.693541109562,-0.715031266212
0.594577908516,-0.0254388488829,1.15380644798,0.0217180531472,0.0827299356461,0.693456411362,-0.715403676033
0.59462749958,-0.0270180366933,1.15371644497,0.0204624421895,0.0808368772268,0.692959010601,-0.716138720512
0.594815731049,-0.0286030545831,1.15347087383,0.0191454291344,0.0783405005932,0.692282378674,-0.717106282711
0.594708502293,-0.0304535925388,1.15343999863,0.0178900696337,0.0772313997149,0.691785514355,-0.71773815155
0.594974756241,-0.0320927463472,1.15334391594,0.0170267056674,0.0751702487469,0.691638290882,-0.718119859695
0.59509652853,-0.0339484028518,1.1532638073,0.0161183010787,0.073712579906,0.69071662426,-0.719178259373
0.595253109932,-0.0357668735087,1.15311312675,0.0151841854677,0.0717438384891,0.690832495689,-0.719286262989
0.595413386822,-0.037712033838,1.15293180943,0.0135399326682,0.0700580626726,0.690021634102,-0.720263004303
0.595632135868,-0.0394410267472,1.15276896954,0.0125664081424,0.0684341937304,0.690308868885,-0.720161557198
0.595663130283,-0.0414864979684,1.15264439583,0.0117939226329,0.066615909338,0.689561724663,-0.721060156822
0.595834851265,-0.0435332432389,1.15261483192,0.0108697554097,0.0653621032834,0.689201593399,-0.72153365612
0.595931470394,-0.0454695746303,1.15250110626,0.0100435838103,0.0641968846321,0.689334452152,-0.721523344517
0.596116900444,-0.0475322082639,1.15240645409,0.0089875170961,0.0626012980938,0.689072728157,-0.721927344799
0.596169888973,-0.0496458075941,1.15231120586,0.00817061401904,0.0609872788191,0.688887238503,-0.722252130508
0.596292734146,-0.0519786700606,1.15231084824,0.00720090791583,0.0596132352948,0.688024938107,-0.723198533058
0.59680223465,-0.0532946027815,1.15211331844,0.00510045234114,0.0581683516502,0.688530743122,-0.7228525877
0.596630871296,-0.0561228767037,1.15219020844,0.00557928392664,0.0572812445462,0.68765515089,-0.723752915859
0.597128450871,-0.0574763342738,1.15203213692,0.0034862018656,0.0558711886406,0.687849164009,-0.723691880703
0.596983134747,-0.0603882409632,1.15214002132,0.00391906034201,0.0548758916557,0.687053024769,-0.724521636963
0.59700769186,-0.0624460577965,1.15204358101,0.00290147471242,0.0536762550473,0.686961710453,-0.724702715874
0.597110688686,-0.0646237060428,1.15205848217,0.00186276016757,0.0524221882224,0.686807334423,-0.724944233894
0.597311854362,-0.0669220611453,1.15210974216,0.00161562149879,0.050959136337,0.686487495899,-0.725352048874
0.59739947319,-0.0690910518169,1.15213143826,0.000777748238761,0.0497682131827,0.686295449734,-0.72561776638
0.597440958023,-0.0714529678226,1.15214169025,-9.10187663976e-05,0.0483565554023,0.685975790024,-0.726015806198
0.597486436367,-0.0736808404326,1.15207612514,-0.000776451372076,0.0470559485257,0.686491250992,-0.725613474846
0.597577929497,-0.0760240480304,1.15206778049,-0.00151856266893,0.0456373952329,0.686260223389,-0.725921452045
0.597653269768,-0.0782066732645,1.15202522278,-0.00223897723481,0.0443413928151,0.686786592007,-0.725501835346
0.597725391388,-0.0806059017777,1.15201508999,-0.00280061829835,0.0432069674134,0.686993300915,-0.725372672081
0.597816050053,-0.0827620476484,1.15190720558,-0.00332521996461,0.0413598194718,0.687073886395,-0.725401878357
0.597901761532,-0.0849303230643,1.15183222294,-0.00461158342659,0.040156647563,0.687551259995,-0.725010037422
0.597288429737,-0.0873213037848,1.15163397789,-0.00480618234724,0.0386568792164,0.687257945538,-0.725368320942
0.59794741869,-0.0899791568518,1.1515610218,-0.00595878344029,0.0385347343981,0.687622725964,-0.72502040863
0.598034739494,-0.092361882329,1.15158450603,-0.00639635138214,0.0372446291149,0.687867105007,-0.724852263927
0.597022891045,-0.0937579572201,1.15129899979,-0.00687676342204,0.031852029264,0.688892841339,-0.72413033247
0.597980320454,-0.0970636829734,1.1519343853,-0.00634198635817,0.0328919552267,0.689307332039,-0.723694145679
0.598284363747,-0.0990007594228,1.15157067776,-0.00830860063434,0.0317217037082,0.689747869968,-0.723306655884
0.598415613174,-0.101597338915,1.15163064003,-0.00836541317403,0.0302004758269,0.68980973959,-0.723312199116
0.598457753658,-0.104102239013,1.15164756775,-0.00916835572571,0.0289751049131,0.690217137337,-0.722963809967
0.598332822323,-0.105989731848,1.15117108822,-0.0107686659321,0.0273954980075,0.690781831741,-0.722463965416
0.598405599594,-0.108748465776,1.15144133568,-0.0106583852321,0.026208428666,0.690855145454,-0.722439348698
0.598261535168,-0.11093583703,1.15121567249,-0.0114761199802,0.0250581912696,0.691389560699,-0.721956253052
0.597766578197,-0.113951221108,1.15118575096,-0.0114176096395,0.0251355133951,0.691437482834,-0.721908569336
0.597726106644,-0.115883745253,1.15120363235,-0.0121255293489,0.0226558241993,0.692392289639,-0.721063554287
0.597722828388,-0.118206709623,1.1511888504,-0.0126447370276,0.0216115601361,0.692744553089,-0.720748186111
0.598402678967,-0.119955606759,1.15082454681,-0.0153609765694,0.0203192289919,0.692510962486,-0.720957458019
0.597581326962,-0.12143676728,1.15039288998,-0.0162552148104,0.0166876595467,0.692683041096,-0.720865786076
0.598448812962,-0.124475635588,1.15071082115,-0.0169487986714,0.01800991036,0.69322770834,-0.720294177532
0.598467588425,-0.126667365432,1.1505689621,-0.0180727038532,0.0164829660207,0.693561315536,-0.719982266426
0.598404586315,-0.129061952233,1.15070962906,-0.0185978692025,0.0150664402172,0.693971514702,-0.719604492188
0.597712218761,-0.132018864155,1.15105462074,-0.017548751086,0.0137896928936,0.694161653519,-0.719473063946
0.597738385201,-0.134092867374,1.15096902847,-0.0180486440659,0.0129461083561,0.694570481777,-0.719081759453
0.597526192665,-0.136073186994,1.1507256031,-0.0185369774699,0.0119456443936,0.694556415081,-0.719100117683
0.598362088203,-0.137718766928,1.15043318272,-0.0218456815928,0.0104785598814,0.695225179195,-0.718383491039
0.598351180553,-0.139833942056,1.15030479431,-0.0227560158819,0.00919400621206,0.69550126791,-0.718105554581
0.598201274872,-0.141877815127,1.15007698536,-0.023679472506,0.00793022383004,0.696121752262,-0.717489421368
0.598326206207,-0.144104167819,1.15007972717,-0.0244472231716,0.00653735315427,0.696314573288,-0.717290401459
0.598254024982,-0.146706104279,1.14994859695,-0.0242604184896,0.00617957906798,0.696538805962,-0.717082262039
0.598238229752,-0.148536965251,1.1499029398,-0.0250529646873,0.00430882675573,0.69679838419,-0.716816425323
0.599056124687,-0.150656431913,1.14940965176,-0.0268064942211,0.00470064766705,0.69770783186,-0.715865373611
0.598999500275,-0.152816385031,1.14932370186,-0.0269225034863,0.00353622226976,0.697884857655,-0.715695083141
0.598946630955,-0.154816865921,1.14906585217,-0.0277181062847,0.00237464113161,0.698176562786,-0.715385019779
0.598893463612,-0.15713351965,1.14901673794,-0.0277668833733,0.00114694877993,0.698303937912,-0.715261697769
0.598716437817,-0.159275665879,1.14894008636,-0.0278115365654,-0.000486307544634,0.698674082756,-0.714899122715
0.598201751709,-0.161761209369,1.1487878561,-0.02737358585,-0.00143408402801,0.699479460716,-0.714126706123
0.598596274853,-0.163530066609,1.1484824419,-0.0286670923233,-0.0029194264207,0.699120521545,-0.714422941208
0.598775088787,-0.165870934725,1.14825809002,-0.0289577227086,-0.00381117034703,0.69945281744,-0.714081585407
0.598653912544,-0.167910203338,1.14811849594,-0.0293374285102,-0.00543374475092,0.699640929699,-0.713871359825
0.598937451839,-0.170276582241,1.14788472652,-0.029368294403,-0.00571105955169,0.699698388577,-0.713811576366
0.598195314407,-0.17267934978,1.1479421854,-0.0283484663814,-0.00712632806972,0.700248837471,-0.713300228119
0.598999798298,-0.174595177174,1.14756929874,-0.0296956617385,-0.00786662008613,0.699770927429,-0.713706433773
0.5989138484,-0.176704779267,1.14743733406,-0.030011806637,-0.00946814659983,0.699923992157,-0.713523745537
0.599013209343,-0.178915634751,1.14728939533,-0.0302460156381,-0.0106443073601,0.699836969376,-0.713582575321
0.598934590816,-0.18083178997,1.14721298218,-0.0302216466516,-0.0119532831013,0.69979172945,-0.713607192039
0.599107205868,-0.182916432619,1.14706921577,-0.0305337179452,-0.0131244529039,0.699576318264,-0.713784635067
0.599196434021,-0.18491320312,1.14690613747,-0.0309416037053,-0.0143376346678,0.699528515339,-0.713790476322
0.599302709103,-0.186955183744,1.14667797089,-0.0310757327825,-0.0154033172876,0.69928920269,-0.713996827602
0.599310159683,-0.188984647393,1.14650630951,-0.0309842694551,-0.0166719928384,0.69885212183,-0.714400351048
0.599364519119,-0.19098328054,1.14654898643,-0.0310034230351,-0.0182784814388,0.698616266251,-0.714590728283
0.599525690079,-0.193059176207,1.14636278152,-0.0309740658849,-0.0192008949816,0.698265790939,-0.714910447598
0.599552035332,-0.194932803512,1.14621829987,-0.0311036948115,-0.0204440653324,0.697710096836,-0.715412676334
0.599894404411,-0.196972668171,1.14602589607,-0.0311994906515,-0.0212971176952,0.697054982185,-0.716021955013
0.599835813046,-0.19855350256,1.14586269855,-0.0317076034844,-0.0231918171048,0.696466743946,-0.716512918472
0.600197136402,-0.20061442256,1.14570343494,-0.0318036749959,-0.0240765009075,0.695532619953,-0.717386305332
0.600158452988,-0.20230473578,1.1455539465,-0.0317265801132,-0.0254160519689,0.694871664047,-0.717983841896
0.60052472353,-0.20421358943,1.14532208443,-0.0319204367697,-0.0263560917228,0.69405734539,-0.718728661537
0.600602686405,-0.206037580967,1.14513373375,-0.0319441705942,-0.0278111994267,0.69310516119,-0.719591140747
0.600962162018,-0.207854539156,1.14485752583,-0.0320858806372,-0.02825804241,0.69219648838,-0.720441401005
0.60109269619,-0.20971545577,1.1446698904,-0.0320188477635,-0.0296132620424,0.691179573536,-0.721365809441
0.601375937462,-0.211311340332,1.14445996284,-0.0323418229818,-0.0305190850049,0.690418481827,-0.72204220295
0.601605653763,-0.213044688106,1.14426910877,-0.0321929454803,-0.0315981991589,0.689055263996,-0.723303675652
0.601752400398,-0.214801847935,1.14412033558,-0.0320000238717,-0.0325305946171,0.688037335873,-0.724239289761
0.601685225964,-0.216583415866,1.14412045479,-0.031297236681,-0.0341384746134,0.686767280102,-0.725400388241
0.602187275887,-0.218125939369,1.14387774467,-0.0320583991706,-0.0348658338189,0.685928702354,-0.726125538349
0.602317631245,-0.219583958387,1.14369177818,-0.0322018302977,-0.0362702049315,0.684573352337,-0.727328598499
0.602695167065,-0.221228346229,1.14348065853,-0.032110221684,-0.036927819252,0.683386683464,-0.728414714336
0.602828204632,-0.222670391202,1.14334118366,-0.0323502868414,-0.0383890382946,0.682100236416,-0.729533433914
0.603118002415,-0.224293634295,1.14319682121,-0.0324081145227,-0.0391197837889,0.68085193634,-0.730657219887
0.603268742561,-0.225724086165,1.14303195477,-0.0323464237154,-0.0402084887028,0.67947191,-0.731884539127
0.603600025177,-0.227070808411,1.14284753799,-0.0325789153576,-0.0412674546242,0.678083300591,-0.733102142811
0.603921115398,-0.228417575359,1.14271640778,-0.0329744108021,-0.0422648079693,0.676891446114,-0.734128296375
0.604234039783,-0.229783117771,1.14260733128,-0.0333109125495,-0.043295558542,0.675543606281,-0.735293626785
0.604328393936,-0.231539592147,1.14228892326,-0.0319834649563,-0.043380793184,0.674911737442,-0.735927522182
0.60435962677,-0.232327282429,1.14243507385,-0.0332222804427,-0.0456281341612,0.672967493534,-0.737515628338
0.604641675949,-0.233980849385,1.14223539829,-0.0333514027297,-0.0463135689497,0.671253859997,-0.73902708292
0.604884386063,-0.234815612435,1.14227354527,-0.0336536951363,-0.0477687232196,0.67045712471,-0.739643752575
0.604495704174,-0.235671907663,1.14184105396,-0.034075461328,-0.0506100617349,0.668562293053,-0.741149067879
0.605332136154,-0.237690061331,1.14185118675,-0.0325212627649,-0.0487502478063,0.668342828751,-0.741541385651
0.605479955673,-0.238851755857,1.14178168774,-0.0325709842145,-0.0498505346477,0.667024970055,-0.742651879787
0.605425655842,-0.240330740809,1.14228713512,-0.0320364832878,-0.0514227300882,0.664362668991,-0.744950711727
0.605553328991,-0.241368979216,1.14222812653,-0.0323218852282,-0.0525974482298,0.662629365921,-0.746398866177
0.605854690075,-0.242539510131,1.14228117466,-0.0321784503758,-0.0534307770431,0.660894453526,-0.74788248539
0.606009483337,-0.243574172258,1.14223921299,-0.0322202369571,-0.0544122867286,0.659274756908,-0.74923825264
0.606326162815,-0.244564309716,1.14224410057,-0.0325182452798,-0.0552496984601,0.657679319382,-0.750565171242
0.606574773788,-0.245597809553,1.14221942425,-0.0327125713229,-0.0560051649809,0.655947864056,-0.752014577389
0.606711685658,-0.246686324477,1.14218950272,-0.0326438993216,-0.056677442044,0.654116988182,-0.753560125828
0.607111752033,-0.247736483812,1.14211678505,-0.0328326635063,-0.0570453181863,0.652393102646,-0.755017280579
0.607159376144,-0.24858699739,1.14211845398,-0.0330261737108,-0.058021903038,0.65047198534,-0.756590366364
0.607493877411,-0.24949772656,1.14205801487,-0.0333431363106,-0.0586497448385,0.648565590382,-0.758163034916
0.607559561729,-0.25049507618,1.14214742184,-0.0331489816308,-0.0591810420156,0.647229790688,-0.759270906448
0.609409570694,-0.249910831451,1.14150547981,-0.0368624404073,-0.0598115772009,0.644367575645,-0.761481583118
0.609810948372,-0.250756382942,1.14150691032,-0.0370435379446,-0.0601273365319,0.642414927483,-0.763096034527
0.610054731369,-0.251370131969,1.14134097099,-0.037915494293,-0.0610491596162,0.640445590019,-0.764633834362
0.609189510345,-0.251288503408,1.14111316204,-0.0379545837641,-0.0643465220928,0.63812404871,-0.766300737858
0.610634028912,-0.252912551165,1.1412768364,-0.0383828915656,-0.0616655945778,0.636472463608,-0.76787173748
0.610882878304,-0.253428071737,1.14121282101,-0.0389782041311,-0.0625520646572,0.634282469749,-0.769580185413
0.611259460449,-0.253827273846,1.14101588726,-0.0402677804232,-0.0629871487617,0.632213652134,-0.771178901196
0.611567556858,-0.2545825243,1.14103591442,-0.0403816401958,-0.0630833730102,0.630056500435,-0.772928655148
0.611948311329,-0.254952788353,1.14094161987,-0.0412583164871,-0.0633693933487,0.627661705017,-0.774805128574
0.610801160336,-0.255816668272,1.14112210274,-0.0398567579687,-0.0650911331177,0.62374484539,-0.777892708778
0.612585842609,-0.255965054035,1.14084243774,-0.0426805354655,-0.0636430755258,0.623174130917,-0.778319954872
0.612891316414,-0.256591528654,1.14090573788,-0.0428853370249,-0.0636572912335,0.620830953121,-0.780178010464
0.613165676594,-0.257239967585,1.14070820808,-0.0437129177153,-0.062690243125,0.617929339409,-0.782510340214
0.613599300385,-0.257409214973,1.14093005657,-0.0441444404423,-0.0635391026735,0.616275429726,-0.783721089363
0.61388528347,-0.2578817904,1.14093983173,-0.0447667688131,-0.0635930895805,0.613912403584,-0.785533964634
0.614140510559,-0.258179306984,1.14097476006,-0.0451337732375,-0.0637706965208,0.611636996269,-0.787271499634
0.614477813244,-0.258522242308,1.14096128941,-0.0460253283381,-0.0634487122297,0.609386384487,-0.788989245892
0.612490355968,-0.25873696804,1.14134275913,-0.0454385019839,-0.0672271549702,0.606005489826,-0.79131102562
0.615219891071,-0.259022027254,1.14095115662,-0.047908294946,-0.0634526461363,0.604682803154,-0.792488098145
0.615428507328,-0.259587734938,1.14108395576,-0.0478934906423,-0.0630332827568,0.602513670921,-0.794172763824
0.615505993366,-0.258946090937,1.1407096386,-0.0497220791876,-0.0646760612726,0.60003888607,-0.79580026865
0.615704774857,-0.25929069519,1.14069437981,-0.0499492846429,-0.0643336251378,0.597659409046,-0.797602295876
0.616377711296,-0.260354071856,1.14088380337,-0.0498503372073,-0.0620416514575,0.596078336239,-0.798972070217
0.615494132042,-0.260402798653,1.14056503773,-0.0485338792205,-0.062745667994,0.592065811157,-0.8019759655
0.616753220558,-0.26097241044,1.14100539684,-0.0501339174807,-0.0615444034338,0.591563522816,-0.802341222763
0.617053925991,-0.261238664389,1.14102482796,-0.0506132990122,-0.0613111443818,0.589614629745,-0.803762316704
0.617013216019,-0.261392474174,1.14112186432,-0.0509662106633,-0.0611768886447,0.587737977505,-0.805123567581
0.616887688637,-0.261951804161,1.14105367661,-0.0496990121901,-0.060177128762,0.584766566753,-0.80743843317
0.616196930408,-0.261038839817,1.14091765881,-0.0512591376901,-0.0632308349013,0.583149075508,-0.808276891708
0.617141067982,-0.261323899031,1.14097177982,-0.0521719306707,-0.0617485754192,0.580934941769,-0.809925854206
0.617422819138,-0.262668043375,1.14119470119,-0.0505360215902,-0.0589139014482,0.578531444073,-0.811958551407
0.616867601871,-0.262155413628,1.14088249207,-0.0512770041823,-0.059901509434,0.576196193695,-0.813498854637
0.617808759212,-0.262683659792,1.14119160175,-0.0524590983987,-0.0581673905253,0.575583100319,-0.813983201981
0.617451965809,-0.262065112591,1.14089429379,-0.0534182079136,-0.0594894513488,0.573211491108,-0.815497457981
0.617429375648,-0.262451797724,1.14081287384,-0.0526863448322,-0.0581970512867,0.570087969303,-0.817824482918
0.617670416832,-0.262932121754,1.14127445221,-0.0535172298551,-0.0571753382683,0.569009542465,-0.818593382835
