x,y,z,q0,q1,q2,q3
-0.533770382404,-0.02932613343,0.855126678944,-0.0532793812454,-0.0359172299504,-0.639415800571,-0.766171455383
-0.533759832382,-0.0305428728461,0.855050265789,-0.0522664859891,-0.0362064950168,-0.641063511372,-0.764849662781
-0.534058988094,-0.0313170328736,0.855118691921,-0.0522782057524,-0.0366409532726,-0.642835915089,-0.763339042664
-0.533721506596,-0.0320577137172,0.855174124241,-0.0520678348839,-0.0370112843812,-0.645243883133,-0.761301159859
-0.533819854259,-0.0328037291765,0.854952573776,-0.0525900833309,-0.0373663716018,-0.647618114948,-0.759229123592
-0.534763336182,-0.0335809402168,0.854605793953,-0.0529975295067,-0.0412453524768,-0.652169883251,-0.75509250164
-0.533742308617,-0.034475915134,0.854911327362,-0.0525465086102,-0.0386442989111,-0.65183699131,-0.755548834801
-0.534132242203,-0.0353885553777,0.855056583881,-0.0521732009947,-0.0388090126216,-0.653512597084,-0.754117429256
-0.533748865128,-0.0361971408129,0.855068564415,-0.0519221015275,-0.0391355007887,-0.656117796898,-0.751852452755
-0.533858120441,-0.0369931533933,0.854931294918,-0.0515144839883,-0.039384201169,-0.658426463604,-0.749846458435
-0.533818542957,-0.0378062427044,0.854842543602,-0.0521256700158,-0.0399697944522,-0.660955607891,-0.747544705868
-0.533752322197,-0.0386604219675,0.854720234871,-0.0518145635724,-0.0401153229177,-0.663294315338,-0.745484292507
-0.533915281296,-0.0394856706262,0.854848861694,-0.051949325949,-0.0400563329458,-0.66582006216,-0.743223011494
-0.533924937248,-0.0404797419906,0.854738771915,-0.0511926859617,-0.0407346338034,-0.668271660805,-0.741035103798
-0.534113168716,-0.0414543263614,0.85473638773,-0.0510873235762,-0.0407446958125,-0.67017275095,-0.739322960377
-0.533991575241,-0.042292162776,0.854772627354,-0.0508491210639,-0.0409653782845,-0.67240190506,-0.73730045557
-0.534066975117,-0.042975962162,0.854596197605,-0.0509344451129,-0.0414463840425,-0.674499571323,-0.735349059105
-0.534218966961,-0.0434305667877,0.854347705841,-0.0523427911103,-0.0414104349911,-0.677682161331,-0.732319831848
-0.534237921238,-0.044281154871,0.854313254356,-0.0520799979568,-0.0414860248566,-0.679880738258,-0.730293631554
-0.534322082996,-0.0453041121364,0.854267835617,-0.0513663776219,-0.042107462883,-0.681698799133,-0.728611826897
-0.534249663353,-0.0458185151219,0.854229092598,-0.0513519383967,-0.041819177568,-0.683798491955,-0.726659238338
-0.533907949924,-0.0464112237096,0.853962421417,-0.050991922617,-0.0407577939332,-0.685838758945,-0.724819839001
-0.533987820148,-0.0472414121032,0.854109287262,-0.0503166355193,-0.0409535467625,-0.687560200691,-0.72322332859
-0.533941507339,-0.0480045452714,0.854044556618,-0.0497419908643,-0.0408363044262,-0.689719259739,-0.721211016178
-0.533979535103,-0.0486954152584,0.853979825974,-0.0498246401548,-0.0409922711551,-0.691538929939,-0.719451904297
-0.534043192863,-0.0494967140257,0.853860199451,-0.0488949716091,-0.0413310155272,-0.693328976631,-0.717771470547
-0.534147500992,-0.0501652657986,0.853840947151,-0.0488960146904,-0.0416408888996,-0.6952714324,-0.715872049332
-0.534187138081,-0.0508661493659,0.853840589523,-0.048453707248,-0.041251141578,-0.696967124939,-0.714274048805
-0.534408509731,-0.0514877215028,0.853854000568,-0.0483796074986,-0.0413579456508,-0.698589742184,-0.71268594265
-0.534619569778,-0.0520745888352,0.853849232197,-0.0486828051507,-0.0411517955363,-0.700247824192,-0.71104824543
-0.534908175468,-0.0526217892766,0.853772878647,-0.0493654459715,-0.040630761534,-0.70187163353,-0.709428310394
-0.534417748451,-0.0532317198813,0.853723168373,-0.0477135330439,-0.0409078635275,-0.703094005585,-0.70831412077
-0.53450512886,-0.0537157803774,0.853627085686,-0.0477473475039,-0.0411235764623,-0.704330205917,-0.707069993019
-0.534704685211,-0.0542891547084,0.853646755219,-0.0477981641889,-0.0412521734834,-0.705585479736,-0.705806434155
-0.534947037697,-0.0547993443906,0.853682875633,0.0480855070055,0.0414710268378,0.706895887852,0.704461634159
-0.53427106142,-0.055074237287,0.85372197628,-0.0483224913478,-0.0401432476938,-0.705206632614,-0.70621317625
-0.535343289375,-0.0557619482279,0.853710949421,0.0482921339571,0.0409501455724,0.709690213203,0.701662898064
-0.535410165787,-0.0563281960785,0.853795945644,0.0483319424093,0.0410704798996,0.710836529732,0.700491726398
-0.535581171513,-0.0567610263824,0.853831291199,0.0484527461231,0.0412518680096,0.711989998817,0.699300229549
-0.535855948925,-0.0572173073888,0.853885352612,0.0486820749938,0.0415320619941,0.713213801384,0.698019385338
-0.536026477814,-0.0578023120761,0.853976488113,0.0484427437186,0.0414267368615,0.713894367218,0.697346389294
-0.536161184311,-0.0581489279866,0.853976786137,0.0486542396247,0.0414334051311,0.714990377426,0.696207463741
-0.536277770996,-0.0585419312119,0.854007601738,0.0486254692078,0.0416078530252,0.715919554234,0.695243537426
-0.536470234394,-0.058818243444,0.854005813599,0.0493038780987,0.041831381619,0.716775655746,0.694299578667
-0.536554276943,-0.0591033548117,0.854100108147,0.0499431490898,0.0419787764549,0.717544138432,0.693450570107
-0.536416530609,-0.0592126846313,0.854077756405,0.0503109209239,0.0420068576932,0.718893051147,0.692023813725
-0.536503136158,-0.059706132859,0.854125440121,0.0502259470522,0.0419554002583,0.719415843487,0.691489636898
-0.536569297314,-0.0599779933691,0.854156911373,0.0505469739437,0.042102381587,0.720151245594,0.690691411495
-0.536575317383,-0.0601875856519,0.854144454002,0.0507695898414,0.0422316454351,0.720873534679,0.689913272858
-0.536608457565,-0.0604010522366,0.854138851166,0.0510827973485,0.0423811785877,0.721462309361,0.68926513195
-0.536640584469,-0.0606000870466,0.854153394699,0.0513247922063,0.0426315590739,0.722018301487,0.688649296761
-0.536661446095,-0.0608794502914,0.854208052158,0.0514645129442,0.043150164187,0.722472548485,0.688130021095
-0.536643028259,-0.0610469169915,0.854185461998,0.0515454635024,0.0433168411255,0.722920536995,0.687642753124
-0.536585450172,-0.0611744374037,0.854162275791,0.0516752488911,0.0434174574912,0.723264694214,0.687264680862
-0.536212384701,-0.0611703619361,0.854114234447,0.0515584610403,0.0433723814785,0.724318623543,0.686165332794
-0.536125779152,-0.061280567199,0.854072093964,0.0516462475061,0.043295532465,0.724590718746,0.685876369476
-0.53596508503,-0.0613659843802,0.854015946388,0.0516732148826,0.0431813597679,0.724944353104,0.685507833958
-0.535841882229,-0.0614578872919,0.853986382484,0.0516426414251,0.0432470478117,0.725196897984,0.6852388978
-0.535686671734,-0.0614781752229,0.853933215141,0.0518367141485,0.0431971251965,0.725401580334,0.685010552406
-0.535542726517,-0.0614976882935,0.853888869286,0.0519782081246,0.0431387610734,0.725669503212,0.684719622135
-0.53539121151,-0.0615317262709,0.853870511055,0.0519641451538,0.0430751033127,0.725823640823,0.684561371803
-0.535502433777,-0.0615326538682,0.853946685791,0.0525459647179,0.0430108234286,0.726121127605,0.684205472469
-0.534986317158,-0.0616367943585,0.854005098343,0.0519384592772,0.042902585119,0.726374983788,0.683989286423
-0.534735739231,-0.061593580991,0.853971719742,0.0519193932414,0.0427345409989,0.726580858231,0.683782339096
-0.534529149532,-0.0615693181753,0.853969037533,0.0518250614405,0.0427160486579,0.726778268814,0.683580935001
-0.534375786781,-0.061565939337,0.853966474533,0.0515802837908,0.042850792408,0.726996839046,0.683358430862
-0.534107506275,-0.0615273863077,0.853968262672,0.0517216622829,0.0428159013391,0.727085411549,0.683255791664
-0.533883333206,-0.061468206346,0.853956639767,0.0516842976213,0.0427673906088,0.727184057236,0.683156728745
-0.533733129501,-0.0613931119442,0.853918135166,0.0514717139304,0.042760334909,0.72738134861,0.682963013649
-0.533346235752,-0.0613285154104,0.85392999649,0.0512365326285,0.0426498427987,0.727440237999,0.68292504549
-0.5328951478,-0.0611904673278,0.853911221027,0.0509500689805,0.0422841459513,0.727803349495,0.682582199574
-0.532716929913,-0.0612909495831,0.853973567486,0.0503118485212,0.0422298423946,0.727497816086,0.682958543301
-0.532526314259,-0.0611285604537,0.853950679302,0.0501878075302,0.0421747006476,0.727594614029,0.682867765427
-0.532206892967,-0.0609561614692,0.853971064091,0.050272051245,0.0420393832028,0.727614164352,0.682849168777
-0.53188586235,-0.060774795711,0.853942275047,0.0499343127012,0.0420441143215,0.727554559708,0.682937324047
-0.531670689583,-0.059997074306,0.853631734848,0.0518442243338,0.0420086458325,0.728108823299,0.682205855846
-0.53133225441,-0.059727113694,0.853577435017,0.0515401102602,0.0418154522777,0.72802734375,0.68232780695
-0.531038105488,-0.0594170019031,0.853549718857,0.051505766809,0.0416199117899,0.727964997292,0.682408809662
-0.530587673187,-0.059433221817,0.853792667389,0.050014719367,0.0415755137801,0.727870881557,0.682622909546
-0.530131757259,-0.0591688677669,0.853883266449,0.0496014840901,0.0415702201426,0.727638423443,0.682901024818
-0.529818058014,-0.0588361471891,0.853855013847,0.0495293326676,0.0413081198931,0.727418601513,0.683156371117
-0.529518127441,-0.0584363788366,0.853764116764,0.0494729913771,0.0411614663899,0.727356910706,0.683235049248
-0.529415011406,-0.0578492581844,0.853426992893,0.0500691980124,0.0412147156894,0.727505266666,0.683030366898
-0.529103577137,-0.0574472472072,0.853451371193,0.0503050871193,0.0410711653531,0.727442502975,0.683088541031
-0.527910292149,-0.056672308594,0.853452265263,0.0505677610636,0.0403161756694,0.724602043629,0.686126291752
-0.527606248856,-0.0567429214716,0.853678941727,0.0483418367803,0.0401116535068,0.723988890648,0.686945557594
-0.527122557163,-0.0563175641,0.85373544693,0.0480733849108,0.0396595411003,0.723585903645,0.687415063381
-0.526801407337,-0.0558578670025,0.853643417358,0.0474074073136,0.0392511039972,0.723331928253,0.687752068043
-0.526492476463,-0.0550517179072,0.853562176228,0.048074491322,0.0386171489954,0.723432481289,0.687635838985
-0.526213765144,-0.0545808300376,0.853682279587,0.0479669459164,0.0387759022415,0.723543286324,0.687517762184
-0.526026248932,-0.0540427975357,0.853671431541,0.0476527027786,0.0383927896619,0.723396956921,0.687715053558
-0.525574624538,-0.053608044982,0.853616476059,0.0475193299353,0.0377362333238,0.722728490829,0.688463032246
-0.525309920311,-0.0531561225653,0.853627085686,0.0469110310078,0.0376482717693,0.722473919392,0.688776731491
-0.52506840229,-0.0526173189282,0.853636562824,0.0469314008951,0.0373390838504,0.722245931625,0.68903118372
-0.524746894836,-0.0513028614223,0.853835999966,0.0467098355293,0.0355607643723,0.723406910896,0.687921643257
-0.524564743042,-0.050737798214,0.853923857212,0.0465455651283,0.0354794859886,0.723169565201,0.68818628788
-0.52433437109,-0.0503177270293,0.853922247887,0.0459568910301,0.0350315123796,0.722610354424,0.688835978508
-0.524097383022,-0.0501891672611,0.853417634964,0.0464320927858,0.0385283529758,0.720255076885,0.691080451012
-0.523985981941,-0.0494313687086,0.853414595127,0.0464328490198,0.0377016067505,0.720125615597,0.691261053085
-0.523918867111,-0.0490029454231,0.853597164154,0.0462445542216,0.0354434810579,0.720662891865,0.69083315134
-0.523803710938,-0.048150062561,0.853541135788,0.0466723069549,0.0359032079577,0.720898449421,0.690534651279
-0.523722052574,-0.0473148003221,0.853448152542,0.0481983758509,0.0360397510231,0.720813512802,0.690511286259
-0.523245215416,-0.0466206483543,0.853429913521,0.0472073219717,0.0373485535383,0.719587743282,0.691787660122
-0.523256361485,-0.0462056994438,0.85357427597,0.0468626283109,0.0355649553239,0.720015347004,0.69146001339
-0.523004591465,-0.0454908795655,0.853542208672,0.0462890304625,0.0350753888488,0.719836890697,0.691709399223
-0.522977948189,-0.0447613559663,0.853583693504,0.0466339327395,0.0350601896644,0.719533801079,0.692002236843
-0.522825837135,-0.0440344177186,0.853558003902,0.0465056747198,0.0349673740566,0.719558537006,0.691989898682
-0.522804379463,-0.0435129702091,0.853701531887,0.0458828508854,0.0346013456583,0.719022154808,0.692607283592
-0.522500514984,-0.0426020026207,0.853734135628,0.045511610806,0.0341798737645,0.719196617603,0.692471504211
-0.522211611271,-0.0410715714097,0.854007065296,0.045208401978,0.0319792330265,0.720244646072,0.691506326199
-0.522284328938,-0.0409902259707,0.853946805,0.0453655309975,0.0334385149181,0.718742609024,0.692988395691
-0.522117853165,-0.0401641242206,0.853943109512,0.0450398996472,0.0333026647568,0.71892619133,0.692825675011
-0.521954298019,-0.0401080437005,0.854417622089,0.0426238067448,0.0330443866551,0.718139827251,0.693805813789
-0.521908164024,-0.0384251698852,0.854056358337,0.0445886254311,0.0321832634509,0.718809604645,0.693028688431
-0.52187949419,-0.0376128330827,0.854227006435,0.0445434711874,0.0322163552046,0.718857347965,0.692980587482
-0.521587729454,-0.0364865586162,0.854375123978,0.0438594482839,0.0306485816836,0.719431042671,0.692499816418
-0.521660327911,-0.0359946265817,0.854332327843,0.043964702636,0.0323526784778,0.719377934933,0.692470788956
-0.52157253027,-0.0350719839334,0.854394078255,0.0440628156066,0.0318429321051,0.719605565071,0.692251741886
-0.521443247795,-0.0341602563858,0.854500949383,0.0438395924866,0.0316264145076,0.719825446606,0.69204723835
-0.521070241928,-0.0325698629022,0.854785144329,0.0431674830616,0.0290373340249,0.721260488033,0.690707266331
-0.522029042244,-0.0327759236097,0.854505300522,0.042846981436,0.0308765452355,0.722530663013,0.689318716526
-0.52093744278,-0.030695842579,0.854769408703,0.0434652529657,0.0284352377057,0.721927464008,0.690016508102
-0.522875666618,-0.0297208633274,0.853928804398,0.0474616028368,0.0303297787905,0.717840313911,0.69392567873
-0.522683441639,-0.0280187372118,0.854195296764,0.0475249476731,0.0282402932644,0.719270527363,0.69252717495
-0.520493745804,-0.0288714971393,0.854704856873,0.043067894876,0.028478782624,0.719913184643,0.692140936852
-0.521481394768,-0.028195168823,0.854533851147,0.0420340299606,0.0294881649315,0.724159657955,0.687718212605
-0.521446466446,-0.0267844460905,0.854326725006,0.0429970696568,0.028485044837,0.724519789219,0.687321662903
-0.521403312683,-0.025875331834,0.854362666607,0.0430408455431,0.0289500001818,0.724390029907,0.687436163425
-0.521241724491,-0.0248449780047,0.854355692863,0.0427423343062,0.0279174111784,0.724928021431,0.686930298805
-0.521124362946,-0.0239014755934,0.854383289814,0.0426942072809,0.0275574214756,0.725224733353,0.686634540558
-0.521105885506,-0.0230479445308,0.854434847832,0.04235997051,0.0269775129855,0.725087583065,0.686823010445
-0.521890938282,-0.021913131699,0.854038894176,0.0426822341979,0.0314805060625,0.728065848351,0.683452546597
-0.520358085632,-0.0208861157298,0.854426264763,0.042673330754,0.0271537657827,0.72428560257,0.687642395496
-0.521365642548,-0.0197762772441,0.854060828686,0.0425032936037,0.0301853772253,0.72786039114,0.683740854263
-0.521125197411,-0.0187299158424,0.853989362717,0.0420720502734,0.0300001949072,0.728036820889,0.683587670326
-0.520983815193,-0.0175825990736,0.85402572155,0.0427154302597,0.029818514362,0.727702379227,0.683911919594
-0.520643949509,-0.0165051985532,0.854150533676,0.0425049774349,0.0290550664067,0.726993322372,0.684711575508
-0.520161151886,-0.0151192154735,0.854012548923,0.0435447432101,0.0278909634799,0.726003408432,0.685744166374
-0.52006238699,-0.0141812637448,0.854155302048,0.0425801575184,0.028401484713,0.726159989834,0.685617864132
-0.519833981991,-0.0131120160222,0.854164302349,0.0425318926573,0.0281783808023,0.725555419922,0.686269879341
-0.519583404064,-0.0118833389133,0.85406434536,0.042257566005,0.0274994876236,0.725198984146,0.686690926552
-0.519137203693,-0.0107506141067,0.854207873344,0.0421143174171,0.0275547355413,0.724303483963,0.687642097473
-0.518597662449,-0.00956478901207,0.85429495573,0.0425637960434,0.0262783244252,0.72263532877,0.68941706419
-0.518548846245,-0.00841623730958,0.854124307632,0.0422615334392,0.0273283682764,0.722674369812,0.689353942871
-0.518213093281,-0.0073126591742,0.854200720787,0.0421895571053,0.0268374346197,0.721479058266,0.69062846899
-0.517864763737,-0.00611339136958,0.854155778885,0.0422929264605,0.0263381935656,0.719926357269,0.692259848118
-0.5175370574,-0.00480525195599,0.85416829586,0.0425346940756,0.0262991189957,0.718770980835,0.693445920944
-0.517106294632,-0.00375471077859,0.854252636433,0.0424737036228,0.0260813087225,0.717267632484,0.695012867451
-0.516178190708,-0.00283040851355,0.854689180851,0.0419414788485,0.0224661808461,0.713373720646,0.69916677475
-0.514837503433,-0.00113393366337,0.854789495468,0.0422879308462,0.0208860393614,0.71019423008,0.702424049377
-0.514537751675,-1.65868550539e-05,0.854747474194,0.0426043048501,0.0215633846819,0.708108663559,0.704487025738
-0.514217317104,0.000898659229279,0.854861080647,0.0422339141369,0.0214945245534,0.706531763077,0.706092894077
-0.513954877853,0.00207849964499,0.854838788509,-0.0424686670303,-0.021028213203,-0.70467042923,-0.707950472832
-0.513603925705,0.00337775796652,0.854820907116,-0.0427047014236,-0.0209332983941,-0.70357978344,-0.70902299881
-0.513189315796,0.00459009408951,0.854822695255,-0.0427486151457,-0.0204408038408,-0.701903164387,-0.710694432259
-0.513018906116,0.00571286864579,0.85480594635,-0.042820237577,-0.02067453973,-0.700529754162,-0.712037265301
-0.512506723404,0.0060802847147,0.855003893375,-0.0402629300952,-0.0196347869933,-0.697674036026,-0.715013504028
-0.512499690056,0.00794926472008,0.854711532593,-0.0425812676549,-0.0196348950267,-0.696730017662,-0.715799212456
-0.511840224266,0.00883863121271,0.854750394821,-0.041715670377,-0.0194795057178,-0.695116996765,-0.717420935631
-0.511441886425,0.0101003069431,0.854701340199,-0.0422224886715,-0.0182448811829,-0.693563222885,-0.718925893307
-0.511027991772,0.0109881404787,0.854681491852,-0.0417158417404,-0.0180191919208,-0.691821634769,-0.720637261868
-0.510857760906,0.0118969464675,0.854672908783,-0.0415867343545,-0.0184199977666,-0.690794527531,-0.721619129181
-0.510627686977,0.0126238232478,0.854621887207,-0.0406283140182,-0.0183625184,-0.688775360584,-0.723602473736
-0.510329306126,0.0136066637933,0.854662299156,-0.04051412642,-0.0177307724953,-0.687382102013,-0.724948346615
-0.509928286076,0.0146157406271,0.854605555534,-0.0403326712549,-0.0170316491276,-0.686058580875,-0.726227879524
-0.509642601013,0.0154883507639,0.8546397686,-0.0401169918478,-0.0166460424662,-0.684880197048,-0.727360129356
-0.509314119816,0.0163023658097,0.85459035635,-0.0393850132823,-0.0165372900665,-0.683706760406,-0.72850549221
-0.508973658085,0.0171644631773,0.854527652264,-0.038961533457,-0.0159814748913,-0.682761669159,-0.729426622391
-0.508717536926,0.0181895084679,0.854425549507,-0.0387892723083,-0.0161151234061,-0.682504177094,-0.729673743248
-0.508536636829,0.0191617235541,0.854364514351,-0.0386371724308,-0.0159615390003,-0.681355416775,-0.730757892132
-0.508319377899,0.0197333060205,0.854325175285,-0.0375098064542,-0.0152668356895,-0.680076241493,-0.732022047043
-0.508140981197,0.0205201506615,0.854419350624,-0.0372374504805,-0.0154432328418,-0.679570734501,-0.73250156641
-0.507924258709,0.0216344110668,0.854431450367,-0.0377761013806,-0.0152340000495,-0.679297626019,-0.732731580734
-0.50780403614,0.0223983600736,0.854384422302,-0.0367012657225,-0.0147392768413,-0.678493559361,-0.733540952206
-0.507594108582,0.0233541596681,0.85433113575,-0.0372416563332,-0.0148636316881,-0.678588867188,-0.733423054218
-0.507401406765,0.0241744704545,0.854347705841,-0.0367867089808,-0.0145925143734,-0.678060173988,-0.733940184116
-0.507329106331,0.0250422991812,0.854371368885,-0.036406416446,-0.0144204478711,-0.677847623825,-0.734158933163
-0.507328629494,0.0258967317641,0.854282438755,-0.0363936908543,-0.014296063222,-0.67776966095,-0.734233856201
-0.507355928421,0.0264474339783,0.854339003563,-0.0357302799821,-0.0138819534332,-0.676495492458,-0.735448598862
-0.507272958755,0.0274860113859,0.854233622551,-0.0357177220285,-0.0134347463027,-0.676852226257,-0.735128998756
-0.507403969765,0.0281429775059,0.854228973389,-0.0354167744517,-0.01351640746,-0.676642298698,-0.735335409641
-0.507301807404,0.0288919880986,0.854235649109,-0.0352902524173,-0.0134023660794,-0.676254868507,-0.735699832439
-0.507286310196,0.0296678617597,0.854196071625,-0.0351162031293,-0.0130003169179,-0.676031529903,-0.735920608044
-0.507115662098,0.0306899659336,0.854135334492,-0.0351851060987,-0.0123509597033,-0.67642390728,-0.735567927361
-0.507322609425,0.0318061560392,0.853743255138,-0.0359854735434,-0.0119829373434,-0.676557600498,-0.735412359238
-0.507306814194,0.0322111211717,0.854009747505,-0.0349512435496,-0.0119657618925,-0.676518261433,-0.735498726368
-0.507562220097,0.0327697172761,0.854056835175,-0.0345596373081,-0.0116794491187,-0.675788104534,-0.736192762852
-0.507715761662,0.0341302715242,0.853880345821,-0.0363629199564,-0.011276954785,-0.676373362541,-0.735574305058
-0.507647931576,0.0346114933491,0.854031443596,-0.0345103666186,-0.0110935373232,-0.67635768652,-0.735680878162
-0.507806062698,0.0351286791265,0.854121565819,-0.0339654274285,-0.0107094049454,-0.676004052162,-0.736036896706
-0.507830381393,0.0359317660332,0.854104399681,-0.03387613222,-0.0101601360366,-0.676143825054,-0.73592042923
-0.507815003395,0.0371719002724,0.853850960732,-0.0351448468864,-0.0094601707533,-0.676683247089,-0.73537415266
-0.50791913271,0.0376890748739,0.854041218758,-0.0339800156653,-0.00935787241906,-0.676869690418,-0.735258638859
-0.508281648159,0.0381786189973,0.854128181934,-0.0336362496018,-0.00935623515397,-0.676278650761,-0.735818147659
-0.508351206779,0.0392772182822,0.854057848454,-0.0344035215676,-0.00879264716059,-0.676850259304,-0.735263824463
-0.508519291878,0.0402045473456,0.853869497776,-0.0348677895963,-0.0087670776993,-0.677372574806,-0.734761059284
-0.508598923683,0.040358517319,0.854172825813,-0.0330874323845,-0.00847785081714,-0.677029728889,-0.735162556171
-0.508779942989,0.0409700796008,0.854155182838,-0.0327520594001,-0.00816310942173,-0.677174627781,-0.735047757626
-0.508859097958,0.0416817292571,0.854206204414,-0.0330233350396,-0.00792789459229,-0.677475512028,-0.734761059284
-0.5092035532,0.0423058457673,0.854251861572,-0.0329412072897,-0.00830066483468,-0.678320646286,-0.733980238438
-0.509302318096,0.0429735146463,0.854300916195,-0.0326523445547,-0.00815785117447,-0.678300797939,-0.734013199806
-0.509372293949,0.043811134994,0.854262411594,-0.0331175997853,-0.00792296696454,-0.678908646107,-0.733432710171
-0.509651422501,0.0442498400807,0.854348421097,-0.0326412320137,-0.00763361854479,-0.678623735905,-0.733720719814
-0.509789407253,0.044869478792,0.854380488396,-0.0322168767452,-0.00735533749685,-0.678788423538,-0.733589947224
-0.510021626949,0.0454485565424,0.854436695576,-0.0320968516171,-0.00770333968103,-0.679210662842,-0.733200848103
-0.51010966301,0.0459873154759,0.854467630386,-0.0315172374249,-0.00776963261887,-0.679246306419,-0.733192205429
-0.510197341442,0.0468590445817,0.854586303234,-0.0318680778146,-0.00771349808201,-0.679800450802,-0.732663869858
-0.510450124741,0.0473951548338,0.854772150517,-0.031670473516,-0.00713040260598,-0.679313361645,-0.73312997818
-0.510824382305,0.0480520576239,0.854789733887,-0.0319018885493,-0.0074575538747,-0.679660141468,-0.732795119286
-0.511126101017,0.0487453006208,0.85475474596,-0.0322019942105,-0.00731929019094,-0.679448723793,-0.732979416847
-0.511209726334,0.0494232848287,0.854749798775,-0.0323611535132,-0.00795314274728,-0.679890096188,-0.732556521893
-0.511510133743,0.0500032752752,0.854771792889,-0.0321626327932,-0.00843048468232,-0.68007338047,-0.732389748096
-0.511938333511,0.0505775101483,0.854722857475,-0.0322000049055,-0.00886115152389,-0.680333077908,-0.732141792774
-0.512136638165,0.0511919036508,0.854720830917,-0.0326329059899,-0.00886160321534,-0.680271029472,-0.732180297375
-0.512473702431,0.051859356463,0.854618370533,-0.0328360907733,-0.00891002360731,-0.679804623127,-0.732603609562
-0.512857377529,0.052408888936,0.854571282864,-0.033084474504,-0.00941865798086,-0.679805934429,-0.732584834099
-0.513131201267,0.0528815686703,0.854601621628,-0.0331043377519,-0.00983605254441,-0.679599940777,-0.732769668102
-0.513396322727,0.0534548088908,0.854587137699,-0.033430699259,-0.0098176561296,-0.679423749447,-0.732918441296
-0.513620018959,0.0540402121842,0.854631662369,-0.0336620360613,-0.00964865181595,-0.679242253304,-0.733078181744
-0.513985335827,0.0546480789781,0.854575872421,-0.0340153947473,-0.00994948297739,-0.678663611412,-0.733593642712
-0.514387488365,0.0552672594786,0.854577183723,-0.0345818661153,-0.0104800779372,-0.678651213646,-0.733571350574
-0.514707446098,0.0557745061815,0.854666113853,-0.0349369011819,-0.011017148383,-0.678230404854,-0.733935713768
-0.515073239803,0.0561301894486,0.854728341103,-0.0347715616226,-0.0110515290871,-0.677627503872,-0.734499633312
-0.51527684927,0.0566767379642,0.854742705822,-0.0350353494287,-0.0110150342807,-0.677370607853,-0.734724760056
-0.515552639961,0.0572006329894,0.854714274406,-0.0351680964231,-0.0113746775314,-0.6767821908,-0.735254943371
-0.515892982483,0.0578292161226,0.854706168175,-0.0355512239039,-0.0117210904136,-0.676743984222,-0.735266089439
-0.516186118126,0.0582644715905,0.854795336723,-0.0357199124992,-0.012095561251,-0.676438510418,-0.735532999039
-0.516300857067,0.0588522069156,0.854907751083,-0.0354509912431,-0.0122330691665,-0.676385402679,-0.735592544079
-0.516529500484,0.0594136081636,0.85500228405,-0.0362598635256,-0.0122239831835,-0.676037430763,-0.735873162746
-0.516873240471,0.0598724447191,0.854873478413,-0.03659812361,-0.012161639519,-0.675091922283,-0.73672491312
-0.517246067524,0.0603406876326,0.854836046696,-0.0369872525334,-0.0128549179062,-0.675105810165,-0.736680984497
-0.517402887344,0.0607246384025,0.854787230492,-0.0373508408666,-0.0129592027515,-0.675015628338,-0.736743450165
-0.518004596233,0.0610420778394,0.854909658432,-0.0376936160028,-0.0136817423627,-0.674358308315,-0.737314641476
-0.517876088619,0.0616420470178,0.854753017426,-0.0378091558814,-0.0124510936439,-0.674201667309,-0.737473726273
-0.518069267273,0.061987772584,0.854760468006,-0.0378108657897,-0.0124107664451,-0.67396569252,-0.737690091133
-0.518411874771,0.0623604729772,0.85464912653,-0.0375461764634,-0.0125354574993,-0.673583269119,-0.738050699234
-0.518723726273,0.0627842620015,0.854704260826,-0.038066893816,-0.0127641120926,-0.67343044281,-0.73815959692
-0.51892966032,0.0634196028113,0.854556262493,-0.0387844741344,-0.0129458196461,-0.673934996128,-0.737658381462
-0.519220709801,0.0636882260442,0.854541897774,-0.0385766886175,-0.0130727319047,-0.673862934113,-0.737732768059
-0.519788146019,0.0636817887425,0.854671955109,-0.0383592955768,-0.0140604199842,-0.673611998558,-0.737955152988
-0.520114183426,0.0641189217567,0.854699254036,-0.0386472791433,-0.0138175515458,-0.673169314861,-0.738348603249
-0.520147383213,0.0645018741488,0.854714930058,-0.0387850552797,-0.01365196798,-0.672752022743,-0.738724589348
-0.520206689835,0.0646806284785,0.854698300362,-0.0384718775749,-0.0138300452381,-0.672630429268,-0.7388484478
-0.520101964474,0.0650555193424,0.854565262794,-0.0383684784174,-0.0128316022456,-0.672508895397,-0.738982498646
-0.520292818546,0.0652557611465,0.854562222958,-0.0382184125483,-0.0127461478114,-0.672278225422,-0.739201545715
-0.520923376083,0.0651580393314,0.8546615839,-0.0381126515567,-0.0133878793567,-0.671795845032,-0.739634096622
-0.521256685257,0.0654187053442,0.854653596878,-0.0384009107947,-0.013282623142,-0.671321213245,-0.740051865578
-0.521300911903,0.0656950026751,0.854688167572,-0.0384429842234,-0.0131723508239,-0.671088755131,-0.740262508392
-0.521500229836,0.0658108964562,0.854734063148,-0.0382264703512,-0.0131750293076,-0.670693814754,-0.740631461143
-0.521692693233,0.0659187734127,0.854755461216,-0.0381210893393,-0.0131012210622,-0.670382857323,-0.740919709206
-0.521988451481,0.0657854527235,0.854826211929,-0.0373484939337,-0.0131685538217,-0.669803321362,-0.741481781006
-0.52219748497,0.0658271461725,0.854826211929,-0.0369664542377,-0.0133511628956,-0.669248402119,-0.741998612881
-0.522480010986,0.0659505873919,0.854796230793,-0.0371524468064,-0.0133047606796,-0.66868519783,-0.742497742176
-0.522699356079,0.0660229846835,0.854807019234,-0.0370619595051,-0.0132402842864,-0.668244957924,-0.742899656296
-0.522879481316,0.0660481825471,0.854800224304,-0.0369108840823,-0.0131621845067,-0.667846381664,-0.743266820908
-0.523229300976,0.0660610944033,0.854785561562,-0.0368202701211,-0.0130725931376,-0.667627096176,-0.743469893932
-0.523377537727,0.0662163719535,0.85469263792,-0.0369981341064,-0.0131088821217,-0.667573809624,-0.743508338928
-0.523754656315,0.066234998405,0.854655563831,-0.0370915681124,-0.0131500409916,-0.666934549809,-0.744076371193
-0.524050474167,0.0661620497704,0.854654788971,-0.0369703024626,-0.0132280001417,-0.666477441788,-0.744490563869
-0.524225234985,0.0661223232746,0.854619860649,-0.0368629135191,-0.0129540814087,-0.666123867035,-0.744817018509
-0.524484038353,0.0659930855036,0.854612827301,-0.0367232263088,-0.0130092417821,-0.665771305561,-0.745138168335
-0.524844646454,0.065909050405,0.854567170143,-0.036693803966,-0.0132843414322,-0.665699064732,-0.745199203491
-0.525337815285,0.0656851232052,0.854581654072,-0.0365249104798,-0.0132938269526,-0.664666414261,-0.746128559113
-0.525611162186,0.0655794888735,0.854599118233,-0.0364283211529,-0.0133615247905,-0.664308667183,-0.746450603008
-0.525854289532,0.0654817149043,0.854596793652,-0.0363870188594,-0.0133288269863,-0.664000630379,-0.746727228165
-0.526288866997,0.0653582438827,0.854721665382,-0.0362938009202,-0.0134484637529,-0.663504302502,-0.747170686722
-0.526530981064,0.0651884451509,0.8547270298,-0.0362272076309,-0.0136136040092,-0.663263082504,-0.747385025024
-0.5267598629,0.0650351941586,0.854760050774,-0.0361064076424,-0.0137297846377,-0.662984073162,-0.747636258602
-0.526970803738,0.0647339075804,0.854955196381,-0.0359606482089,-0.0133754294366,-0.661927461624,-0.748585343361
-0.527420461178,0.064467780292,0.854910492897,-0.0354382917285,-0.013966685161,-0.661983788013,-0.748549640179
-0.527631998062,0.0644285529852,0.85485470295,-0.0358787588775,-0.0139288324863,-0.661873877048,-0.74862653017
-0.527769446373,0.0643813684583,0.854815006256,-0.0364632457495,-0.0141573604196,-0.662149250507,-0.748350441456
-0.527995944023,0.0641453787684,0.854860305786,-0.0362705774605,-0.0143149178475,-0.661898493767,-0.748578548431
-0.528270900249,0.0639483183622,0.854861140251,-0.0363837853074,-0.0144017832354,-0.661529064178,-0.748897969723
-0.52858299017,0.0637085437775,0.854856610298,-0.0361538752913,-0.0144437076524,-0.660958349705,-0.749412000179
-0.529105722904,0.0632570832968,0.855061233044,-0.0363301075995,-0.0144238350913,-0.660133600235,-0.750130534172
-0.529380440712,0.0629660189152,0.855111002922,-0.0361624956131,-0.0145977195352,-0.659758031368,-0.75046557188
-0.529573917389,0.0625228285789,0.85510623455,-0.0355908796191,-0.0147565407678,-0.659439325333,-0.750769793987
-0.529768586159,0.0624515414238,0.855044901371,-0.0360384993255,-0.0147779947147,-0.659438788891,-0.750748574734
-0.530037999153,0.0621718540788,0.85505437851,-0.0360065959394,-0.0147852459922,-0.659149289131,-0.751004099846
-0.53045463562,0.0615691766143,0.85528421402,-0.0348710864782,-0.0147782023996,-0.657751977444,-0.752281785011
-0.530756533146,0.0615826956928,0.85511559248,-0.036160081625,-0.0146448910236,-0.6580722332,-0.751943409443
-0.531002104282,0.0612247213721,0.855144381523,-0.0360186472535,-0.0149005455896,-0.657541453838,-0.752409338951
-0.531353294849,0.0607929751277,0.855332136154,-0.0352737419307,-0.0148249929771,-0.657014727592,-0.75290620327
-0.531659960747,0.0604912489653,0.85527575016,-0.0357526093721,-0.0149608096108,-0.656785368919,-0.753080964088
-0.5322021842,0.0600123815238,0.855273008347,-0.0358499884605,-0.0150602562353,-0.655797958374,-0.753934442997
-0.532535910606,0.0598669201136,0.855197191238,-0.0365646481514,-0.0148994373158,-0.65567779541,-0.754007697105
-0.532986521721,0.05918013677,0.855236947536,-0.0357117205858,-0.0150708910078,-0.654969096184,-0.754660844803
-0.533192157745,0.0590104050934,0.855168819427,-0.0360306985676,-0.014981736429,-0.654857158661,-0.754744708538
-0.533457040787,0.0584905967116,0.855108380318,-0.0353146567941,-0.0150021249428,-0.654464423656,-0.755118668079
-0.534001410007,0.0579158589244,0.85520195961,-0.0347828604281,-0.0150620117784,-0.65323984623,-0.75620174408
-0.534319698811,0.0574899949133,0.855212628841,-0.0352789387107,-0.0150004196912,-0.653005480766,-0.756382346153
-0.534558773041,0.0569920539856,0.855243265629,-0.0348793528974,-0.0150762153789,-0.65261733532,-0.756734311581
-0.534756243229,0.0566979497671,0.855233371258,-0.0349020622671,-0.0148922232911,-0.652337253094,-0.756978273392
-0.535025596619,0.0561734586954,0.855223417282,-0.0349362269044,-0.0147254541516,-0.651733160019,-0.757500171661
-0.535429239273,0.0557210668921,0.855192422867,-0.0348979383707,-0.0148793915287,-0.651629567146,-0.757588088512
-0.535929620266,0.0549987852573,0.855286598206,-0.0344732441008,-0.0150977708399,-0.650675833225,-0.75842243433
-0.536174833775,0.0545016489923,0.855329394341,-0.0340703763068,-0.0148741658777,-0.650348722935,-0.758725643158
-0.536334991455,0.0539487786591,0.855408787727,-0.0336998142302,-0.0145066846162,-0.649745225906,-0.759266197681
-0.536653518677,0.0531297437847,0.855594873428,-0.0323192104697,-0.0146020501852,-0.649139285088,-0.759842455387
-0.537156403065,0.0528605133295,0.855548918247,-0.0330280177295,-0.0147291840985,-0.64933693409,-0.759640574455
-0.537310421467,0.0521486997604,0.855538010597,-0.0326456055045,-0.01489018742,-0.649263978004,-0.759716331959
-0.537610411644,0.05178136006,0.855491518974,-0.0329683125019,-0.014717980288,-0.648751616478,-0.760143339634
-0.538026094437,0.0511705726385,0.855563163757,-0.0329951383173,-0.0149886030704,-0.648525774479,-0.760329544544
-0.538504600525,0.0502313300967,0.855651319027,-0.0321242660284,-0.0153897134587,-0.64834445715,-0.760513365269
-0.538855671883,0.0498898997903,0.855677068233,-0.032990347594,-0.0153582002968,-0.648628950119,-0.760234355927
-0.539086580276,0.0492240600288,0.855743587017,-0.0326647125185,-0.015020404011,-0.648091614246,-0.760713338852
-0.539292693138,0.0484485253692,0.855749726295,-0.0319265685976,-0.0149448160082,-0.647955477238,-0.760862112045
-0.539788484573,0.0476998984814,0.855804443359,-0.0317317247391,-0.0155123472214,-0.647993326187,-0.760826706886
-0.540342271328,0.0471232607961,0.855880498886,-0.0325706154108,-0.0154745597392,-0.647439837456,-0.761263132095
-0.54059535265,0.0461822897196,0.856037139893,-0.0321620255709,-0.0149035248905,-0.646281003952,-0.762275695801
-0.541001498699,0.0456082224846,0.855873405933,-0.0323573946953,-0.015398774296,-0.647092044353,-0.761569321156
-0.541245102882,0.0447930544615,0.85590082407,-0.0323452726007,-0.0153485648334,-0.64703476429,-0.761619508266
-0.541538953781,0.0440450459719,0.855893969536,-0.0321721881628,-0.0156450867653,-0.646990418434,-0.761658430099
-0.541856050491,0.0432138554752,0.856019854546,-0.0323659703135,-0.015639718622,-0.646714508533,-0.761884748936
-0.542257070541,0.0423678085208,0.856013298035,-0.0327338948846,-0.0159271825105,-0.64655393362,-0.761999309063
-0.542496204376,0.0415477380157,0.856109917164,-0.0325634256005,-0.016121532768,-0.646330296993,-0.762192189693
-0.542581439018,0.0405941717327,0.856185793877,-0.0323758870363,-0.0160195305943,-0.646230876446,-0.762286663055
-0.542979001999,0.0396107956767,0.856376707554,-0.0312935784459,-0.0162078179419,-0.645806312561,-0.762687563896
-0.543405056,0.0385156869888,0.856326580048,-0.0315127149224,-0.0168153047562,-0.645352840424,-0.763049125671
-0.5436668396,0.0375908464193,0.856402635574,-0.0315313413739,-0.0170541722327,-0.645008087158,-0.763334453106
-0.543997168541,0.0366695523262,0.856495261192,-0.0317164994776,-0.0172447431833,-0.644978106022,-0.763347804546
-0.54413485527,0.0359885953367,0.85643017292,-0.032074123621,-0.0172233320773,-0.645464658737,-0.762922048569
-0.544326245785,0.0346267409623,0.856515705585,-0.031206805259,-0.0174630731344,-0.644677758217,-0.763617515564
-0.544607520103,0.0340098440647,0.856491327286,-0.0321802385151,-0.0176386609674,-0.644980669022,-0.763317346573
-0.544914424419,0.0326620712876,0.856606245041,-0.0311420243233,-0.0180750787258,-0.644551455975,-0.763712644577
-0.545141816139,0.0316938310862,0.856682181358,-0.030730811879,-0.0179339200258,-0.644193291664,-0.764034688473
-0.545450091362,0.0306639708579,0.856692910194,-0.0313001349568,-0.0181282367557,-0.644306719303,-0.763911366463
-0.545643985271,0.0296268835664,0.856743454933,-0.0314773768187,-0.0185333807021,-0.644289791584,-0.763908624649
-0.547002375126,0.0288287699223,0.856296598911,-0.032127507031,-0.021550508216,-0.648153305054,-0.760526657104
-0.54711407423,0.0275427661836,0.856304049492,-0.0315904580057,-0.0218320358545,-0.647284388542,-0.761280715466
-0.5478079319,0.0265298392624,0.856128752232,-0.0314029715955,-0.022584086284,-0.649327158928,-0.759525001049
-0.547257840633,0.0254736170173,0.856519043446,-0.030491033569,-0.0223732087761,-0.647565603256,-0.761070728302
-0.547481179237,0.024549562484,0.856435894966,-0.0305173937231,-0.0228988584131,-0.648752391338,-0.760042607784
-0.54751932621,0.0232398305088,0.856438577175,-0.0308276452124,-0.0221816822886,-0.647822499275,-0.760844051838
-0.54773670435,0.0215888060629,0.856695652008,-0.0291391219944,-0.0222502239048,-0.647257268429,-0.761389493942
-0.54708969593,0.0201359968632,0.857090473175,-0.028083384037,-0.0198068376631,-0.644717216492,-0.76364839077
-0.547148048878,0.0196017157286,0.856816887856,-0.0295975953341,-0.0193355418742,-0.645874559879,-0.762624561787
-0.548175215721,0.018564928323,0.856436431408,-0.0295503567904,-0.0219646450132,-0.64862459898,-0.760217428207
-0.548675060272,0.0167125724256,0.856776475906,-0.0278330165893,-0.0214418321848,-0.648944556713,-0.76002407074
-0.549348771572,0.0154698258266,0.856609940529,-0.0274065863341,-0.0223858002573,-0.650794327259,-0.758428990841
-0.549138128757,0.0143322953954,0.856837213039,-0.0275307893753,-0.0213024448603,-0.649372816086,-0.759673178196
-0.54930126667,0.0136705162004,0.856544613838,-0.0287707019597,-0.0212568808347,-0.650504052639,-0.758659899235
-0.549910962582,0.0119536975399,0.856783092022,-0.0272709354758,-0.0216211136431,-0.650614619255,-0.758610248566
-0.550200819969,0.0106109911576,0.856729924679,-0.026962408796,-0.0224615279585,-0.651565492153,-0.757780313492
-0.550190806389,0.00938009750098,0.856662750244,-0.0266751479357,-0.0216364655644,-0.651344656944,-0.758004307747
-0.550742745399,0.00818118173629,0.856621086597,-0.0261976923794,-0.0218173153698,-0.65243178606,-0.757080316544
-0.5504732728,0.00689231418073,0.856752634048,-0.0260746497661,-0.0205851495266,-0.651451826096,-0.757962405682
-0.550231397152,0.00602999329567,0.85679680109,-0.0268556065857,-0.0193603076041,-0.650617241859,-0.758683860302
-0.550308763981,0.00445403344929,0.856991291046,-0.0255698319525,-0.0191382486373,-0.650286018848,-0.759017825127
-0.551406025887,0.00316896848381,0.856871962547,-0.0258419662714,-0.021098697558,-0.652904629707,-0.756705105305
-0.551018118858,0.00187958404422,0.856989860535,-0.0250799059868,-0.0187660548836,-0.651326417923,-0.758150935173
-0.551470816135,0.0008315006271,0.857000231743,-0.0255585629493,-0.01886106655,-0.651835858822,-0.757694661617
-0.551572918892,-0.000502033159137,0.856985270977,-0.0254901070148,-0.018514662981,-0.651056230068,-0.75837546587
-0.551969766617,-0.00178942270577,0.857033193111,-0.0259583648294,-0.0184974782169,-0.650892317295,-0.758500695229
-0.551403701305,-0.00319344550371,0.857325792313,-0.0260311122984,-0.0166647024453,-0.647733032703,-0.761240243912
-0.551456689835,-0.00450591370463,0.857421398163,-0.0260263923556,-0.016103906557,-0.646675467491,-0.762151062489
-0.550985276699,-0.00589324906468,0.857679128647,-0.0261397901922,-0.0140495356172,-0.643870532513,-0.764558792114
-0.552095830441,-0.00670508295298,0.856728434563,-0.0284083914012,-0.0201903991401,-0.645055055618,-0.763340890408
-0.551372647285,-0.00781848840415,0.857250809669,-0.0276051312685,-0.0168509483337,-0.64302366972,-0.765163064003
-0.552389860153,-0.00927035603672,0.857266962528,-0.0269847419113,-0.0154224280268,-0.645385444164,-0.763224542141
-0.552565097809,-0.010301318951,0.857205629349,-0.0274259578437,-0.0153527092189,-0.645639955997,-0.762994885445
-0.552932500839,-0.0118816830218,0.856668293476,-0.0282610841095,-0.0195663776249,-0.643433749676,-0.764729678631
-0.553258538246,-0.0130629129708,0.856687545776,-0.02876554057,-0.0197822377086,-0.64349758625,-0.764651656151
-0.553434669971,-0.0147859817371,0.857434272766,-0.0264686699957,-0.0156980827451,-0.644493997097,-0.763989925385
-0.553698420525,-0.0160366315395,0.857448518276,-0.0265559069812,-0.015607777983,-0.644449472427,-0.764026165009
-0.553983926773,-0.0167897455394,0.857187390327,-0.0276987645775,-0.0157992336899,-0.645532608032,-0.763066768646
-0.554312229156,-0.0179686713964,0.857149660587,-0.0284729581326,-0.0153958387673,-0.64574187994,-0.762869477272
-0.554567933083,-0.0199509765953,0.85737657547,-0.0266219675541,-0.0154329361394,-0.645507931709,-0.763133466244
-0.554923534393,-0.0211667437106,0.857452392578,-0.0268838554621,-0.0154294520617,-0.645881295204,-0.762808442116
-0.555267095566,-0.0225146114826,0.857452571392,-0.0268065929413,-0.0155358808115,-0.64645254612,-0.762324929237
-0.555472493172,-0.0237302668393,0.857570290565,-0.0271621197462,-0.0149930650368,-0.646847546101,-0.761988043785
-0.555583894253,-0.0251565054059,0.857663989067,-0.0268559828401,-0.0147462114692,-0.647189974785,-0.761712908745
-0.555858850479,-0.026496745646,0.857707440853,-0.0267907567322,-0.0145916407928,-0.647729337215,-0.761259496212
-0.556192755699,-0.0277504995465,0.857797503471,-0.0271278358996,-0.0145367784426,-0.648196160793,-0.760851323605
-0.556378424168,-0.0289801042527,0.857824981213,-0.0273083820939,-0.0142550645396,-0.648673474789,-0.760443150997
-0.556509077549,-0.0302529092878,0.85780620575,-0.0269222296774,-0.0141887255013,-0.649103105068,-0.760091543198
-0.556915640831,-0.0314496904612,0.857929229736,-0.02737098746,-0.0140730058774,-0.64949965477,-0.75973880291
-0.557176172733,-0.0326962396502,0.857930481434,-0.0274544544518,-0.0142961991951,-0.650046944618,-0.759263396263
-0.557388544083,-0.033923715353,0.857954084873,-0.0274719186127,-0.0145246414468,-0.650702357292,-0.758696734905
-0.557422399521,-0.0350595191121,0.857919573784,-0.0271147228777,-0.0143607696518,-0.651252031326,-0.758240938187
-0.557891964912,-0.0361940786242,0.857929170132,-0.0275350548327,-0.0147701380774,-0.652012228966,-0.757564365864
-0.558048844337,-0.0373344123363,0.857853770256,-0.0272527486086,-0.0147915519774,-0.652576267719,-0.757088422775
-0.558355867863,-0.0385000631213,0.857789158821,-0.0270449239761,-0.0152794225141,-0.653534412384,-0.756259202957
-0.558726191521,-0.0395611748099,0.857684254646,-0.0272198971361,-0.0156507305801,-0.654444992542,-0.755457401276
-0.558824777603,-0.0406081900001,0.857568979263,-0.0268315710127,-0.0156002324075,-0.655037581921,-0.754958689213
-0.559182524681,-0.0416235923767,0.857499718666,-0.0269028246403,-0.0158719550818,-0.656214535236,-0.753927648067
-0.559540629387,-0.0420550554991,0.857205212116,-0.0280332025141,-0.016244918108,-0.657994568348,-0.752325415611
-0.559930026531,-0.0432131104171,0.857073903084,-0.0276216864586,-0.0164831764996,-0.658602356911,-0.751803398132
-0.560411214828,-0.0441162288189,0.856962502003,-0.0278470460325,-0.0166769456118,-0.660010457039,-0.750554919243
-0.560427844524,-0.0454622283578,0.857106328011,-0.0263966135681,-0.0166551563889,-0.660562217236,-0.750122308731
-0.560784757137,-0.0463642850518,0.856992661953,-0.0257860273123,-0.0166898928583,-0.661664426327,-0.749170839787
-0.561171531677,-0.0472385473549,0.856892585754,-0.0254959836602,-0.0167601145804,-0.6629332304,-0.748056530952
-0.561582803726,-0.0480016060174,0.856874465942,-0.025708168745,-0.0168157648295,-0.663908362389,-0.747182786465
-0.561988592148,-0.0487856194377,0.85682040453,-0.0257607772946,-0.0168577842414,-0.665108501911,-0.746111869812
-0.56220638752,-0.0495215579867,0.85672056675,-0.0254573635757,-0.0168635193259,-0.666276216507,-0.745079696178
-0.562829434872,-0.0501897409558,0.856815934181,-0.0257538408041,-0.0176358148456,-0.667567789555,-0.743894517422
-0.562970817089,-0.0508134067059,0.856643080711,-0.0257433708757,-0.016894152388,-0.668458938599,-0.743111431599
-0.563435971737,-0.0516906268895,0.855924844742,-0.0262345299125,-0.0215328596532,-0.66772633791,-0.743632733822
-0.563820242882,-0.0518991574645,0.85572886467,-0.0272821597755,-0.0212608519942,-0.669047474861,-0.742414474487
-0.564069449902,-0.052635230124,0.856461346149,-0.0252789370716,-0.0164691153914,-0.671433150768,-0.740450680256
-0.564330041409,-0.0531458109617,0.856465816498,-0.0255709644407,-0.0161483027041,-0.672215044498,-0.739738047123
-0.564634025097,-0.0536774098873,0.856360018253,-0.0252828411758,-0.0159913692623,-0.673082828522,-0.738961875439
-0.565059006214,-0.0544354692101,0.855721652508,-0.0259206201881,-0.0201575532556,-0.672217130661,-0.739625692368
-0.565481841564,-0.054860137403,0.855653882027,-0.0256937034428,-0.0199149865657,-0.673073709011,-0.738860607147
-0.565882444382,-0.054974399507,0.856313228607,-0.025373114273,-0.0159828923643,-0.675496935844,-0.736752808094
-0.566168248653,-0.0553275793791,0.856083989143,-0.0251471158117,-0.0150557709858,-0.67629981041,-0.736043155193
-0.566688358784,-0.0555920675397,0.856037378311,-0.0252214018255,-0.0149970659986,-0.677322983742,-0.735100507736
-0.566989421844,-0.0556396916509,0.855828106403,-0.0258416105062,-0.01506071724,-0.678653180599,-0.733849704266
-0.567685544491,-0.0561818741262,0.855989933014,-0.0249203760177,-0.0151868788525,-0.679126083851,-0.733441233635
-0.567851483822,-0.0564745441079,0.855875909328,-0.0243580993265,-0.0151078887284,-0.679893493652,-0.732750594616
-0.568304777145,-0.0566386431456,0.855767130852,-0.0240161363035,-0.0151681620628,-0.6808116436,-0.731907606125
-0.568837881088,-0.0567894056439,0.855666160583,-0.0238574836403,-0.0148211456835,-0.68200725317,-0.73080599308
-0.569000661373,-0.0568677335978,0.855648636818,-0.023818898946,-0.0146284531802,-0.682685136795,-0.730177819729
-0.569586873055,-0.0570474863052,0.855548024178,-0.023345824331,-0.0148930121213,-0.683772623539,-0.729169607162
-0.569928050041,-0.0571879073977,0.855531930923,-0.0229983907193,-0.0149476099759,-0.684356451035,-0.728631556034
-0.570101261139,-0.0571599081159,0.855519831181,-0.0230382867157,-0.0148547375575,-0.684688091278,-0.728320658207
-0.57067656517,-0.0571963116527,0.855456352234,-0.0227242615074,-0.0149269327521,-0.685341060162,-0.727714538574
-0.570989966393,-0.0571656003594,0.855495691299,-0.0226418506354,-0.0147738270462,-0.685743927956,-0.727340638638
-0.571332633495,-0.057067938149,0.85546785593,-0.0226002614945,-0.0146920438856,-0.686084210873,-0.727022647858
-0.571518778801,-0.0573060028255,0.854906022549,-0.0233766008168,-0.0188872236758,-0.684200227261,-0.728674769402
-0.572325706482,-0.0570929720998,0.854818820953,-0.0234565157443,-0.0193916372955,-0.685074448586,-0.727837085724
-0.572821319103,-0.055809661746,0.855232059956,-0.0227987468243,-0.0167328733951,-0.689298331738,-0.723925590515
-0.57279586792,-0.0565089285374,0.854859292507,-0.0235637333244,-0.0196998640895,-0.685465872288,-0.727456748486
-0.573218524456,-0.0562078207731,0.854858994484,-0.0233254507184,-0.0198258813471,-0.685745835304,-0.727197110653
-0.57337474823,-0.0558291599154,0.854842245579,-0.0230777747929,-0.0196809582412,-0.685830712318,-0.727128922939
-0.573761343956,-0.0552349984646,0.855443954468,-0.0217435937375,-0.0165658649057,-0.687952101231,-0.725241184235
-0.574608504772,-0.0539162941277,0.854860246181,-0.0248759128153,-0.018181188032,-0.689506471157,-0.723623871803
-0.574638128281,-0.0534985363483,0.854656994343,-0.0252895597368,-0.0202833134681,-0.687997400761,-0.724988698959
-0.575033307076,-0.0532099530101,0.854567587376,-0.0247967559844,-0.0210905820131,-0.687579154968,-0.725379407406
-0.575060129166,-0.0528240650892,0.854453802109,-0.0240880027413,-0.0209985245019,-0.68738090992,-0.725593805313
-0.575096487999,-0.0511390380561,0.854589164257,-0.0238558556885,-0.016992142424,-0.69088357687,-0.722372531891
-0.575300574303,-0.0504770539701,0.854616880417,-0.0235077496618,-0.0173046793789,-0.691535890102,-0.721752107143
-0.575385451317,-0.0496048182249,0.85448372364,-0.0225645452738,-0.0170763172209,-0.691755533218,-0.721577167511
-0.575331926346,-0.04934393242,0.854257524014,-0.0236580111086,-0.0201094876975,-0.689124047756,-0.723977804184
-0.575513839722,-0.0485028997064,0.854283690453,-0.0233466923237,-0.0200167186558,-0.689447700977,-0.723682403564
-0.575484454632,-0.0478670448065,0.85437810421,-0.0225143451244,-0.0200322978199,-0.689216971397,-0.723928034306
-0.575915694237,-0.0463656112552,0.854713439941,-0.021475084126,-0.017130907625,-0.692687690258,-0.720714271069
-0.575982272625,-0.0450447686017,0.85450309515,-0.0217504259199,-0.0167881455272,-0.693296611309,-0.72012835741
-0.576077282429,-0.0440959483385,0.854661643505,-0.0215124171227,-0.0171618778259,-0.693275153637,-0.720147371292
-0.576214432716,-0.0432976596057,0.854880094528,-0.019991979003,-0.0168745107949,-0.692936897278,-0.720523476601
-0.576216995716,-0.0420905053616,0.854957044125,-0.0196727942675,-0.01695526205,-0.693239152431,-0.720239579678
-0.576360940933,-0.040493324399,0.854800701141,-0.0213927999139,-0.0167618058622,-0.694644808769,-0.718839406967
-0.57647895813,-0.0392640307546,0.854667425156,-0.0209848154336,-0.0173825696111,-0.696157515049,-0.717371761799
-0.577058851719,-0.0379084944725,0.854815781116,-0.0211003497243,-0.0186257157475,-0.697879135609,-0.715662360191
-0.576762318611,-0.0369962565601,0.85528755188,-0.0194866918027,-0.0169959273189,-0.696421802044,-0.717166721821
-0.576969325542,-0.0349105745554,0.855053067207,-0.0217095632106,-0.0177472513169,-0.698007464409,-0.715541243553
-0.576826334,-0.0334236696362,0.855209290981,-0.0218646768481,-0.0168622825295,-0.698404431343,-0.715170502663
-0.576573610306,-0.0320292338729,0.855437874794,-0.0224181246012,-0.0179548282176,-0.698217570782,-0.715309143066
-0.57636153698,-0.0306590870023,0.85616350174,-0.0213434658945,-0.0149935064837,-0.697845757008,-0.715772986412
-0.576314985752,-0.028682814911,0.856008410454,-0.0230659525841,-0.0161494091153,-0.699721932411,-0.713860154152
-0.575940310955,-0.0269889403135,0.856067895889,-0.0235219243914,-0.0160115342587,-0.699698269367,-0.713871717453
-0.575514733791,-0.0254621934146,0.856522917747,-0.0227286126465,-0.0136466193944,-0.699246287346,-0.714389026165
-0.574923634529,-0.0236443225294,0.856468319893,-0.0239212438464,-0.0149421654642,-0.699945509434,-0.713639140129
-0.574615597725,-0.0217705834657,0.856928884983,-0.0233249831945,-0.0132901212201,-0.700925469398,-0.712729156017
-0.574232339859,-0.0203787349164,0.856779575348,-0.0231447648257,-0.0140423020348,-0.70030772686,-0.713327765465
-0.573807060719,-0.0183149911463,0.857055842876,-0.0238264836371,-0.01246020291,-0.700835764408,-0.712815642357
-0.573252260685,-0.0162784624845,0.857242107391,-0.0237775854766,-0.0110999848694,-0.70116174221,-0.712519288063
-0.572802722454,-0.0139869526029,0.857207775116,-0.0249985083938,-0.010519489646,-0.702997267246,-0.710675179958
-0.572096943855,-0.0125478114933,0.857786774635,-0.0234106965363,-0.00964275933802,-0.702294290066,-0.711436271667
-0.571384608746,-0.0101604443043,0.857831180096,-0.0236390680075,-0.0086590051651,-0.703809380531,-0.709942698479
-0.571071386337,-0.00850069336593,0.858039498329,-0.0234286095947,-0.0081005198881,-0.703112661839,-0.710646212101
-0.570614278316,-0.00585150718689,0.857755303383,-0.025036463514,-0.00782559625804,-0.704681694508,-0.709038674831
-0.570223689079,-0.00385278835893,0.857930123806,-0.0251751840115,-0.00838431157172,-0.705302596092,-0.70840972662
-0.56965970993,-0.00216915272176,0.858479321003,-0.0237430464476,-0.00648816255853,-0.704305768013,-0.709469974041
-0.569407582283,0.000542432069778,0.858220994473,-0.0259216856211,-0.00732686230913,-0.706337094307,-0.707362890244
-0.568905174732,0.00271800532937,0.858578264713,-0.0249420031905,-0.00628072349355,-0.706644237041,-0.707101404667
-0.568586230278,0.00494752079248,0.858382999897,0.0259682014585,0.00664248503745,0.707161545753,0.706543803215
-0.568251311779,0.0068274307996,0.85842359066,-0.0249830596149,-0.0067285168916,-0.706506848335,-0.707233130932
-0.567952990532,0.00920875743032,0.858713507652,0.0253967624158,0.00557178677991,0.707058310509,0.706677019596
-0.567639172077,0.0114092230797,0.85846978426,0.0259150210768,0.00583164626732,0.707637369633,0.706076383591
-0.567361235619,0.0137695986778,0.858420133591,0.0256474372,0.0050457958132,0.708011269569,0.705717265606
-0.566974163055,0.0161645188928,0.858256876469,0.0259359292686,0.00595598714426,0.709184229374,0.704520881176
-0.566619634628,0.0180020425469,0.858177065849,0.0251921024173,0.00606958335266,0.708541214466,0.705193459988
-0.566281139851,0.0206729788333,0.85811394453,0.0261294133961,0.00511332042515,0.709676146507,0.704024732113
-0.565888285637,0.0226367302239,0.858228802681,0.0256505347788,0.0043495260179,0.708926796913,0.70480209589
-0.565267443657,0.0252008084208,0.858272135258,0.0254796072841,0.00271681509912,0.709286272526,0.704454660416
-0.564841032028,0.027234653011,0.858130037785,0.0255612023175,0.00205935258418,0.707876622677,0.705870449543
-0.564509987831,0.0297031309456,0.858002901077,0.0271214488894,0.00233481149189,0.70868396759,0.705000758171
-0.563325107098,0.03131198138,0.857695758343,-0.0254189800471,-0.00270314794034,-0.7054246068,-0.708323836327
-0.564642727375,0.0338945128024,0.857050478458,0.0256283842027,0.00438641849905,0.709811091423,0.703912138939
-0.564292192459,0.0362531132996,0.857361495495,0.0272686555982,0.0022255233489,0.709784626961,0.703887343407
-0.563729226589,0.0384353846312,0.856752932072,0.0257352218032,0.00436840439215,0.708501160145,0.705226778984
-0.561526477337,0.0407433286309,0.857149541378,-0.0269784796983,-0.000977969379164,-0.704771459103,-0.708920538425
-0.561230778694,0.042682081461,0.857255518436,-0.0261696465313,-0.0011864254484,-0.704058945179,-0.709658205509
-0.56072306633,0.0452320091426,0.857277691364,-0.0262306518853,-0.000708976876922,-0.704934298992,-0.70878714323
-0.560644209385,0.0476331934333,0.856973111629,-0.0278118159622,-0.00136167206801,-0.705079257488,-0.708581626415
-0.560221493244,0.049949541688,0.857171952724,-0.0282925497741,-0.000892908836249,-0.704883873463,-0.708757758141
-0.559691309929,0.0522456392646,0.857067465782,-0.0280203539878,0.000640367739834,-0.704529941082,-0.709120631218
-0.559569776058,0.0542413890362,0.857089936733,-0.0283467825502,-0.000747111975215,-0.704544842243,-0.709092736244
-0.559679389,0.0565673410892,0.857391893864,-0.0300317611545,0.000242658454226,-0.704768538475,-0.708801388741
-0.559091627598,0.0584853924811,0.856943488121,-0.0290035381913,-0.00110225053504,-0.703678369522,-0.709925591946
-0.55889749527,0.060596331954,0.856987476349,-0.0287994015962,-0.00129679648671,-0.703535616398,-0.710075080395
-0.558604955673,0.0627798438072,0.8569252491,-0.0291699003428,-0.000661408063024,-0.703112065792,-0.710480332375
-0.558407962322,0.0647850781679,0.856933534145,-0.0290957055986,-0.000698700547218,-0.702758431435,-0.710833013058
-0.558346033096,0.0665941387415,0.856988072395,-0.0292672906071,-0.000748874503188,-0.701672077179,-0.711898386478
-0.558246970177,0.0689913406968,0.856799423695,-0.0299541819841,-0.000761066155974,-0.701617240906,-0.711923778057
-0.558280706406,0.070614233613,0.856744408607,-0.0296905525029,-0.00140209705569,-0.700370490551,-0.713160395622
-0.558146238327,0.0727705433965,0.85664498806,-0.0297059826553,-0.000764726719353,-0.699759542942,-0.713760077953
-0.558057188988,0.0749778673053,0.856477081776,-0.0307142231613,-0.000718563504051,-0.699492454529,-0.713979363441
-0.558267116547,0.0768369883299,0.856528878212,-0.0315994955599,-0.00148942717351,-0.698886454105,-0.714532852173
-0.558229029179,0.0787817835808,0.856288671494,-0.0314924046397,-0.00164091680199,-0.697970747948,-0.715431630611
-0.558313965797,0.0803870260715,0.856336236,-0.0308448839933,-0.0019858982414,-0.696736633778,-0.716660857201
-0.55854845047,0.0826023519039,0.856012821198,-0.032032802701,-0.00206517404877,-0.696348428726,-0.716985762119
-0.558697760105,0.0844784677029,0.855881810188,-0.0323789231479,-0.00241655204445,-0.695285618305,-0.717999756336
-0.558969736099,0.0863888040185,0.855852603912,-0.0327134951949,-0.00258755520917,-0.694614827633,-0.718633115292
-0.559450507164,0.0881635248661,0.855765759945,-0.0333055816591,-0.00266355276108,-0.692921817303,-0.720238149166
-0.558611154556,0.0905618667603,0.855825841427,-0.0338502563536,-0.00132355326787,-0.68990534544,-0.723106503487
-0.559129118919,0.0922421514988,0.8557035923,-0.0340333282948,-0.00157689885236,-0.688144087791,-0.724773705006
-0.559434890747,0.0940933525562,0.855508744717,-0.0342995524406,-0.00149925693404,-0.687222957611,-0.725634992123
-0.561393618584,0.0961503088474,0.855811178684,-0.0393384695053,-0.00138203601819,-0.688094377518,-0.724552750587
-0.560506105423,0.0980135202408,0.855336427689,-0.0369350574911,-0.00135423440952,-0.685663402081,-0.726979851723
-0.560958445072,0.0995434820652,0.85517179966,-0.0366980396211,-0.0014880746603,-0.684381127357,-0.728198885918
-0.561510920525,0.101560905576,0.854992032051,-0.0380045995116,-0.00124634662643,-0.68388646841,-0.728596866131
-0.564289689064,0.10321906209,0.855257630348,-0.0422029308975,-0.0010880776681,-0.681936442852,-0.730192065239
-0.563958764076,0.104722343385,0.855143904686,-0.042080424726,-0.000952405447606,-0.682878911495,-0.729318022728
-0.564455032349,0.106508031487,0.854804933071,-0.0430094003677,-0.00244857836515,-0.682402610779,-0.729706048965
-0.565018415451,0.108278907835,0.854791939259,-0.0438325628638,-0.00130838912446,-0.681612491608,-0.730398118496
-0.564193248749,0.109698727727,0.85417330265,-0.0398289784789,-0.00164939055685,-0.679345607758,-0.732734978199
-0.565314888954,0.111246362329,0.854013800621,-0.0414800196886,-0.00432103406638,-0.678717136383,-0.733214735985
-0.565389335155,0.112983196974,0.853935360909,-0.0417303964496,-0.00251308316365,-0.678446829319,-0.733459115028
-0.56626200676,0.114298403263,0.853719770908,-0.041886754334,-0.00381264416501,-0.677757501602,-0.734081566334
-0.566899895668,0.115683212876,0.85361635685,-0.0430938228965,-0.0052787954919,-0.677179038525,-0.734536409378
-0.567360818386,0.117267884314,0.853669762611,-0.0436268560588,-0.0044145421125,-0.676776528358,-0.734881520271
-0.568108141422,0.11821359396,0.85348290205,-0.0439699366689,-0.0061556790024,-0.675645530224,-0.73588848114
-0.568470537663,0.119816794991,0.853332877159,-0.0444856099784,-0.00660317856818,-0.675862252712,-0.735654592514
-0.568977475166,0.121232151985,0.853167414665,-0.0452988967299,-0.00639365287498,-0.675198674202,-0.736215949059
-0.569912731647,0.122252039611,0.853296816349,-0.0463153533638,-0.00704030552879,-0.675021052361,-0.736309766769
-0.57043325901,0.123415581882,0.853259563446,-0.0467654131353,-0.00773087935522,-0.67457318306,-0.73668462038
-0.57096105814,0.124669834971,0.853162169456,-0.0471662841737,-0.00818503927439,-0.674131691456,-0.737058222294
-0.571550548077,0.12577649951,0.853083789349,-0.0472764745355,-0.00897598918527,-0.674074292183,-0.737094461918
-0.57184368372,0.126959651709,0.852944910526,-0.0473518669605,-0.00909236259758,-0.673509299755,-0.737604558468
-0.572442531586,0.128106296062,0.85302066803,-0.048141784966,-0.010148354806,-0.673098683357,-0.737914323807
-0.572838127613,0.129427015781,0.852846622467,-0.0487261414528,-0.0107983872294,-0.67302852869,-0.737930834293
-0.573332548141,0.130365103483,0.852901220322,-0.0490618273616,-0.0116985477507,-0.67243885994,-0.738432109356
-0.573812425137,0.131339341402,0.85286796093,-0.0490568503737,-0.0124875819311,-0.671975076199,-0.73884165287
-0.574230015278,0.132247254252,0.852910459042,-0.0492520220578,-0.0130813922733,-0.671340703964,-0.739394843578
-0.574943780899,0.133087068796,0.852917194366,-0.0495736151934,-0.0138408550993,-0.671075701714,-0.73960018158
-0.575462937355,0.133971393108,0.852819800377,-0.0497107319534,-0.0145797310397,-0.670444369316,-0.740149080753
-0.575803816319,0.134749084711,0.85292840004,-0.0496137402952,-0.0149785876274,-0.669810116291,-0.740721702576
-0.576202392578,0.135441124439,0.853022694588,-0.0495220348239,-0.0158601552248,-0.669209301472,-0.741252243519
-0.576656162739,0.136079341173,0.85301053524,-0.0492509715259,-0.0169300064445,-0.668716847897,-0.741690993309
-0.577220201492,0.136506080627,0.853163301945,-0.0489861629903,-0.017904266715,-0.667410254478,-0.742861628532
-0.577570080757,0.137061268091,0.853322565556,-0.048831731081,-0.0189049728215,-0.666893780231,-0.743310689926
-0.577917277813,0.137641146779,0.853335022926,-0.0485210865736,-0.0199180115014,-0.66629332304,-0.743842899799
-0.578331232071,0.138190597296,0.853412508965,-0.0485541932285,-0.0207365565002,-0.665410280228,-0.744608342648
-0.578652381897,0.138844653964,0.853493690491,-0.0491463504732,-0.021959008649,-0.664961993694,-0.744934916496
-0.578966617584,0.139338523149,0.853554844856,-0.04912879318,-0.0231995936483,-0.664399445057,-0.745400249958
-0.579165756702,0.139749825001,0.853709697723,-0.0486270859838,-0.0244682822376,-0.663421273232,-0.746263325214
-0.57929122448,0.140117406845,0.853824496269,-0.0486067868769,-0.0251135434955,-0.662431776524,-0.747121632099
-0.579594135284,0.140413939953,0.853932201862,-0.0485212728381,-0.0257409885526,-0.660911142826,-0.748451411724
-0.579778969288,0.140770301223,0.854025840759,-0.0485946238041,-0.0268789064139,-0.660042643547,-0.749172747135
-0.579946994781,0.141065165401,0.854049742222,-0.0482860021293,-0.0280878338963,-0.659062445164,-0.75001090765
-0.580049574375,0.141450077295,0.854182481766,-0.0484810732305,-0.0287583917379,-0.658106327057,-0.750811934471
-0.58007478714,0.141731664538,0.854282140732,-0.048477280885,-0.0295418631285,-0.657023668289,-0.751729428768
-0.580071210861,0.142134040594,0.854405879974,-0.048656757921,-0.030653918162,-0.656291663647,-0.752312600613
-0.580146431923,0.142172724009,0.854551672935,-0.0482780076563,-0.0311555657536,-0.654682219028,-0.753717184067
-0.580125331879,0.1424048841,0.854596436024,-0.0481278114021,-0.0317958183587,-0.65373313427,-0.754523456097
-0.579981803894,0.142723307014,0.854736447334,-0.0485274419188,-0.03232357651,-0.652531027794,-0.7555154562
-0.579952836037,0.142901033163,0.854784309864,-0.0485554561019,-0.0329229459167,-0.651611864567,-0.756280720234
-0.579881668091,0.143087893724,0.854827404022,-0.0485397167504,-0.0333215929568,-0.650688409805,-0.757058918476
-0.579755783081,0.143208116293,0.854873776436,-0.0485913977027,-0.0337793454528,-0.649605631828,-0.757964730263
-0.579641103745,0.143315166235,0.854941308498,-0.0483229830861,-0.0344911031425,-0.648659706116,-0.758759438992
-0.579477667809,0.143404245377,0.854962468147,-0.0479693189263,-0.0349505804479,-0.647852241993,-0.759450435638
-0.579366028309,0.143513202667,0.855032205582,-0.0477917231619,-0.0354258343577,-0.647029399872,-0.760140776634
-0.579197049141,0.143595814705,0.855112493038,-0.0476927533746,-0.035649497062,-0.646174073219,-0.760863661766
-0.578920722008,0.143854022026,0.855060875416,-0.0478840954602,-0.0360231027007,-0.64569324255,-0.76124227047
-0.578751564026,0.143898397684,0.85510468483,-0.0477283038199,-0.0364272929728,-0.64494907856,-0.761863350868
-0.578574180603,0.143912345171,0.855186760426,-0.0476362295449,-0.0367109924555,-0.644269704819,-0.762430131435
-0.578319370747,0.143883436918,0.855214655399,-0.0473004318774,-0.0369948446751,-0.643567740917,-0.763029873371
-0.578086972237,0.143807083368,0.855363786221,-0.0470315776765,-0.037514179945,-0.642695426941,-0.763756155968
-0.577856361866,0.143759861588,0.855395853519,-0.0468690171838,-0.0377992875874,-0.642025232315,-0.76431542635
-0.577548801899,0.143654197454,0.855401933193,-0.046393904835,-0.0380620099604,-0.641419291496,-0.764840006828
-0.577323794365,0.143513470888,0.855415225029,-0.0457050390542,-0.0384951457381,-0.640883862972,-0.765308499336
-0.5769110322,0.143498629332,0.855548977852,-0.0459298454225,-0.0383405834436,-0.639955580235,-0.766079187393
-0.576633453369,0.143180862069,0.855687558651,-0.0453988462687,-0.0383578427136,-0.638910233974,-0.766981959343
-0.576193630695,0.143068403006,0.855645298958,-0.0449679866433,-0.0384842529893,-0.638400137424,-0.767425656319
-0.575875997543,0.14296014607,0.855661869049,-0.0448436699808,-0.0386125221848,-0.637899816036,-0.767842411995
-0.575475275517,0.142801478505,0.855717420578,-0.0447047688067,-0.0387503243983,-0.637316942215,-0.768327414989
-0.574865818024,0.142830103636,0.855657219887,-0.044638723135,-0.0387910231948,-0.63729596138,-0.76834654808
-0.574477434158,0.142726063728,0.855700016022,-0.0447544045746,-0.0387859530747,-0.636735379696,-0.768804728985
-0.574051737785,0.142329961061,0.85577082634,-0.0441148430109,-0.0386757925153,-0.635720312595,-0.769686758518
-0.573481559753,0.142106190324,0.855754435062,-0.0437736995518,-0.0384929440916,-0.635074555874,-0.770248293877
-0.573042631149,0.141913771629,0.855795860291,-0.043653652072,-0.0383436270058,-0.63450473547,-0.770732045174
-0.572510361671,0.141782149673,0.855827867985,-0.0436367429793,-0.0382054895163,-0.633853554726,-0.77127546072
-0.57208698988,0.14153188467,0.855862140656,-0.0434743314981,-0.0385052934289,-0.633378863335,-0.77165967226
-0.57153326273,0.141232401133,0.855901479721,-0.0430040434003,-0.0386322066188,-0.633119463921,-0.771892547607
-0.570931732655,0.140919089317,0.855891823769,-0.0424814969301,-0.0386843830347,-0.63256251812,-0.772375166416
-0.570490479469,0.140603527427,0.855874061584,-0.0418633818626,-0.0387224853039,-0.632150053978,-0.772744715214
-0.569963753223,0.140376344323,0.85598307848,-0.0421352945268,-0.0384200103581,-0.631687819958,-0.773122906685
-0.569446802139,0.140078514814,0.855964422226,-0.0416785180569,-0.0385226868093,-0.631401658058,-0.773376226425
-0.568721175194,0.139882445335,0.855919361115,-0.0416045598686,-0.0385647416115,-0.631603121758,-0.773213744164
-0.568368136883,0.139291241765,0.85599052906,-0.0406128652394,-0.0388282090425,-0.631140530109,-0.773630797863
-0.567951798439,0.139018416405,0.855995178223,-0.0405223481357,-0.0387037284672,-0.630865514278,-0.773866117001
-0.567321717739,0.138820916414,0.855970621109,-0.0407598726451,-0.0386433601379,-0.63108587265,-0.773676991463
-0.566634297371,0.138408362865,0.856112718582,-0.0406947545707,-0.0385157391429,-0.63087451458,-0.773859024048
-0.56611353159,0.138056725264,0.856054782867,-0.0405192598701,-0.0387458577752,-0.630897402763,-0.773838162422
-0.565711379051,0.137707933784,0.856030523777,-0.0405604951084,-0.0390053801239,-0.630836606026,-0.773872494698
-0.565179467201,0.137344673276,0.856030106544,-0.0404004268348,-0.039027415216,-0.630764424801,-0.773938655853
-0.564670324326,0.136846572161,0.856016337872,-0.0396524965763,-0.0392382591963,-0.631188213825,-0.773621082306
-0.564078688622,0.136597156525,0.856105387211,-0.0401918366551,-0.0391942933202,-0.631178677082,-0.773603200912
-0.563620507717,0.136091798544,0.856173634529,-0.0399944186211,-0.0394205525517,-0.631403982639,-0.773418068886
-0.563044667244,0.135700017214,0.856218457222,-0.0396794974804,-0.0392723158002,-0.631883144379,-0.773050367832
-0.562611103058,0.135419040918,0.856239318848,-0.0396595820785,-0.0392110943794,-0.632141113281,-0.772843658924
-0.562228560448,0.135119155049,0.856263756752,-0.0396822541952,-0.0392193123698,-0.632554650307,-0.772503614426
-0.561702370644,0.134652420878,0.856334090233,-0.0393139384687,-0.0396064668894,-0.633250534534,-0.77193236351
-0.561398863792,0.134341344237,0.856450200081,-0.0397174395621,-0.0398804731667,-0.633825302124,-0.77142572403
-0.560684740543,0.133841335773,0.856411218643,-0.0393198393285,-0.0397430881858,-0.634086549282,-0.771238446236
-0.559906959534,0.133265733719,0.856330275536,-0.0385586470366,-0.0397686846554,-0.634745419025,-0.770733356476
-0.559414625168,0.132854312658,0.856260299683,-0.038444660604,-0.0396500751376,-0.635465323925,-0.770151674747
-0.558954715729,0.132380604744,0.856244683266,-0.0381380617619,-0.0399339236319,-0.636215031147,-0.769533157349
-0.558514714241,0.131983026862,0.856293678284,-0.0383060462773,-0.0401531346142,-0.637143850327,-0.768744528294
-0.558106601238,0.1314150244,0.856248736382,-0.037934564054,-0.0401445925236,-0.637404918671,-0.768546938896
-0.557381272316,0.131174057722,0.856141924858,-0.0378955081105,-0.0396992042661,-0.638410151005,-0.767737150192
-0.556850790977,0.130536794662,0.856193602085,-0.0372831374407,-0.0394651256502,-0.638664722443,-0.767567515373
-0.556364178658,0.13010045886,0.85614991188,-0.037101034075,-0.0393927842379,-0.639472603798,-0.766907095909
-0.555883526802,0.129647746682,0.856195390224,-0.0370523668826,-0.0393361188471,-0.640430152416,-0.766113042831
-0.555409312248,0.129254668951,0.856116950512,-0.0370531789958,-0.0392035581172,-0.641215801239,-0.76546227932
-0.554887056351,0.129129320383,0.855962157249,-0.0374621786177,-0.0388880185783,-0.642348229885,-0.764508426189
-0.554230630398,0.128690838814,0.855942726135,-0.0370961688459,-0.0384020023048,-0.642938673496,-0.764054358006
-0.553755164146,0.128300338984,0.85589247942,-0.0371133349836,-0.03829767555,-0.643508017063,-0.763579308987
-0.553697288036,0.128087714314,0.855994224548,-0.0378284268081,-0.0384026542306,-0.644375741482,-0.762806773186
-0.552915692329,0.127443939447,0.855902433395,-0.036911316216,-0.0384643785655,-0.645086169243,-0.762247979641
-0.552537918091,0.126913905144,0.85591763258,-0.0367413200438,-0.0380974635482,-0.645453095436,-0.761963963509
-0.552112817764,0.126525014639,0.855784356594,-0.0366130247712,-0.0378122627735,-0.646027326584,-0.761497437954
-0.551537930965,0.126351118088,0.855778694153,-0.037317994982,-0.0374411717057,-0.64682751894,-0.760802030563
-0.551162838936,0.125718206167,0.855869472027,-0.0368813760579,-0.0371456742287,-0.646790862083,-0.760868966579
-0.550697207451,0.125332087278,0.855811536312,-0.0368254892528,-0.0369763597846,-0.647435963154,-0.76033115387
-0.550135612488,0.12507276237,0.855735599995,-0.0369456894696,-0.0369120948017,-0.648483932018,-0.759434759617
-0.549742102623,0.124718725681,0.855725288391,-0.0370604656637,-0.0369954183698,-0.649011194706,-0.758974552155
-0.54930460453,0.124366402626,0.85567599535,-0.0372171700001,-0.0366431474686,-0.649666249752,-0.758423388004
-0.548775970936,0.123886108398,0.85565161705,-0.0368097163737,-0.0367197133601,-0.650234222412,-0.75795263052
-0.548417627811,0.123461961746,0.855646312237,-0.0368941687047,-0.0367658101022,-0.650730073452,-0.757520616055
-0.547876596451,0.123115576804,0.855644702911,-0.0370207056403,-0.0361303649843,-0.650835335255,-0.757454574108
-0.54747068882,0.122438341379,0.85567522049,-0.0366575308144,-0.0357971899211,-0.650666594505,-0.757633149624
-0.546951174736,0.121970757842,0.855653107166,-0.0364817380905,-0.0357442125678,-0.651252090931,-0.757140874863
-0.546469449997,0.121778294444,0.855551123619,-0.0367653369904,-0.0356906466186,-0.651975572109,-0.756506681442
-0.546020746231,0.121415272355,0.855511546135,-0.0366380102932,-0.0355484858155,-0.652334928513,-0.756209790707
-0.545464038849,0.120966136456,0.855524122715,-0.0363400280476,-0.0355240106583,-0.652986943722,-0.755662381649
-0.544917106628,0.120498977602,0.855637550354,-0.0364265292883,-0.0348350852728,-0.652702748775,-0.755935609341
-0.54453587532,0.120158463717,0.855652749538,-0.0365860164165,-0.0347501300275,-0.652984261513,-0.755688846111
-0.544005393982,0.119696460664,0.855632781982,-0.0362151302397,-0.0346423760056,-0.653595268726,-0.75518321991
-0.543466866016,0.119284801185,0.855578958988,-0.0359194166958,-0.0345654934645,-0.653911888599,-0.754926681519
-0.543119311333,0.118910744786,0.855532348156,-0.0362046733499,-0.034560225904,-0.654139399529,-0.754716157913
-0.542655587196,0.11852376163,0.855558097363,-0.0363269485533,-0.0343465656042,-0.654033839703,-0.754811525345
-0.542125105858,0.118033543229,0.855659484863,-0.0363590121269,-0.0340403467417,-0.654158473015,-0.75471585989
-0.541716814041,0.117614164948,0.85564237833,-0.0363740175962,-0.0341686531901,-0.654388129711,-0.754510164261
-0.541287124157,0.117194384336,0.855587601662,-0.0361986644566,-0.0340984128416,-0.654434621334,-0.754481494427
-0.540915131569,0.116806387901,0.855590462685,-0.0361896939576,-0.0341667197645,-0.6545560956,-0.754373371601
-0.54040902853,0.116373345256,0.855582594872,-0.0360812023282,-0.0340447053313,-0.654941678047,-0.754049420357
-0.539934277534,0.115942075849,0.855730772018,-0.0364129468799,-0.0335025154054,-0.654536306858,-0.75440967083
-0.539496362209,0.115525141358,0.855629146099,-0.0363194569945,-0.0333471335471,-0.654737174511,-0.754246711731
-0.539189398289,0.115085199475,0.855618417263,-0.0361353680491,-0.0336386971176,-0.654932439327,-0.754073023796
-0.538723468781,0.114660963416,0.855612277985,-0.0356809794903,-0.0337128899992,-0.655170321465,-0.753884732723
-0.538400232792,0.114059925079,0.855609714985,-0.0351444818079,-0.0333606749773,-0.655076980591,-0.754006683826
-0.537935078144,0.113659754395,0.855623245239,-0.034966301173,-0.0329943187535,-0.654977858067,-0.754117190838
-0.537542581558,0.113262824714,0.85569435358,-0.0352441370487,-0.032582771033,-0.655025601387,-0.754080712795
-0.537160515785,0.113172769547,0.855572760105,-0.0357119292021,-0.0324560366571,-0.655578196049,-0.753583729267
-0.536786556244,0.112741738558,0.855578362942,-0.0354571603239,-0.0326166115701,-0.65598988533,-0.753230631351
-0.536453425884,0.112380862236,0.855476856232,-0.0354597084224,-0.0326616764069,-0.656041622162,-0.753183424473
-0.53617310524,0.112017422915,0.85546207428,-0.0355510078371,-0.0326946973801,-0.656131327152,-0.753099560738
-0.535803556442,0.111640058458,0.85542756319,-0.0354506485164,-0.0321210809052,-0.656371295452,-0.752919793129
-0.535271644592,0.111239805818,0.855422258377,-0.0352037847042,-0.0320625714958,-0.656513690948,-0.752809762955
-0.534911870956,0.110843911767,0.855440318584,-0.0352163501084,-0.0317997895181,-0.656585097313,-0.752758145332
-0.534556388855,0.110435299575,0.855399131775,-0.0348512977362,-0.0319939181209,-0.656755685806,-0.752617955208
-0.534323275089,0.109884917736,0.855447173119,-0.0343092940748,-0.0319601409137,-0.656542301178,-0.752830445766
-0.534039974213,0.10957840085,0.855402946472,-0.0342463813722,-0.0320360139012,-0.656884729862,-0.752531409264
-0.533753395081,0.109221488237,0.855432927608,-0.0341428257525,-0.0320565588772,-0.657336890697,-0.75214022398
-0.533486843109,0.108947098255,0.855425834656,-0.0342754274607,-0.0320384353399,-0.657675921917,-0.751838564873
-0.533318698406,0.10872130841,0.855483174324,-0.0344947725534,-0.0318190008402,-0.657796084881,-0.751732707024
-0.532576978207,0.108297325671,0.855234146118,-0.0334029272199,-0.0319298803806,-0.657730281353,-0.751834869385
-0.532284796238,0.108236804605,0.855132222176,-0.033949945122,-0.0320721454918,-0.658436119556,-0.751186132431
-0.532677352428,0.10793697834,0.855084657669,-0.0337521396577,-0.0318386740983,-0.65629607439,-0.753075420856
-0.531578779221,0.10758844763,0.855155408382,-0.0335270687938,-0.0321279428899,-0.658983945847,-0.750722229481
-0.532295227051,0.106599733233,0.85500818491,-0.0326057448983,-0.0326056033373,-0.660755574703,-0.749183535576
-0.53217291832,0.106292150915,0.855077326298,-0.0328559987247,-0.0328709371388,-0.661195635796,-0.74877256155
-0.530971825123,0.106778018177,0.855231285095,-0.0336321629584,-0.0327203907073,-0.660092353821,-0.749717533588
-0.530843198299,0.106318168342,0.855329751968,-0.0332120247185,-0.0327457413077,-0.660129189491,-0.749702692032
-0.530452013016,0.106275126338,0.855275034904,-0.0334039367735,-0.0328505411744,-0.661152780056,-0.748786985874
-0.53030282259,0.10602978617,0.855327069759,-0.0334578678012,-0.0329477787018,-0.66159504652,-0.748389661312
-0.530145645142,0.10580188036,0.855342626572,-0.0333895124495,-0.0329886302352,-0.661968708038,-0.74806034565
-0.529913902283,0.105560712516,0.855300247669,-0.0331880152225,-0.0328600220382,-0.662437975407,-0.747659504414
-0.529758214951,0.10531822592,0.855284333229,-0.0330832190812,-0.0328482463956,-0.662850558758,-0.747298955917
-0.529591143131,0.105048015714,0.855377316475,-0.0330807678401,-0.0326709188521,-0.663001179695,-0.747173190117
-0.529361128807,0.104772508144,0.855414390564,-0.0327513255179,-0.0328085236251,-0.663532733917,-0.746709644794
-0.529214322567,0.104571841657,0.855357646942,-0.0327876880765,-0.0327677540481,-0.664003610611,-0.746291279793
-0.529111981392,0.104326859117,0.855346560478,-0.0326987020671,-0.0327591523528,-0.664384663105,-0.74595618248
-0.529009819031,0.104113131762,0.855354070663,-0.0325637347996,-0.0326161235571,-0.664749443531,-0.745643377304
-0.528937637806,0.103829175234,0.855374097824,-0.0323252789676,-0.0326974093914,-0.665035009384,-0.745395481586
-0.528876066208,0.103503540158,0.855464339256,-0.0314922109246,-0.0327380858362,-0.665164351463,-0.745314002037
-0.528857827187,0.103388130665,0.855304956436,-0.0323796719313,-0.032732937485,-0.665589749813,-0.744896352291
-0.528843581676,0.10313424468,0.855349957943,-0.0324615687132,-0.0327604562044,-0.66587471962,-0.744636714458
-0.528815984726,0.102687671781,0.855366945267,-0.032007932663,-0.0325837172568,-0.665823340416,-0.744710087776
-0.528756737709,0.102407544851,0.855329096317,-0.0317902825773,-0.0326864048839,-0.666064977646,-0.744498848915
-0.52854424715,0.102339796722,0.855290055275,-0.0319203101099,-0.0327034220099,-0.666842877865,-0.743795871735
-0.528510510921,0.102108508348,0.855281710625,-0.0318653918803,-0.0327369123697,-0.667020976543,-0.743636965752
-0.52849817276,0.101908452809,0.855285584927,-0.0319381542504,-0.0326777212322,-0.667208075523,-0.743468642235
-0.528385281563,0.101588279009,0.855143785477,-0.0310698058456,-0.0327477119863,-0.66735470295,-0.743370652199
-0.52833789587,0.101365193725,0.85520607233,-0.0311851836741,-0.0323847346008,-0.667318820953,-0.74341404438
-0.528266489506,0.10113376379,0.855182290077,-0.0309623032808,-0.0323729924858,-0.667404472828,-0.743346989155
-0.528221845627,0.100917689502,0.855147123337,-0.0307379942387,-0.0323520489037,-0.667489051819,-0.743281245232
-0.528122603893,0.100651063025,0.855084240437,-0.0303272213787,-0.0323990173638,-0.667486786842,-0.743298113346
-0.52815425396,0.100428715348,0.855104804039,-0.0303489211947,-0.0325318127871,-0.6674939394,-0.74328494072
-0.528615295887,0.100454896688,0.855365633965,-0.0323114581406,-0.0322374589741,-0.667982041836,-0.742776334286
-0.528535842896,0.100214734674,0.855315327644,-0.0320329517126,-0.0323423072696,-0.6678789258,-0.742876648903
-0.528623342514,0.0998286902905,0.8553814888,-0.0312928892672,-0.0323106646538,-0.667161822319,-0.743553638458
-0.528543055058,0.0995929539204,0.855312347412,-0.0315799191594,-0.0322601087391,-0.667212069035,-0.743498504162
-0.528512954712,0.0994060561061,0.855288207531,-0.0315506607294,-0.0321877859533,-0.667118906975,-0.743586480618
-0.528479814529,0.0992321223021,0.855289101601,-0.0316243357956,-0.0320945195854,-0.666957855225,-0.743731915951
-0.528206646442,0.0991907045245,0.855218827724,-0.032026797533,-0.031603358686,-0.666831851006,-0.743848621845
-0.528123617172,0.0989876687527,0.855204105377,-0.0319517999887,-0.0315283499658,-0.666648328304,-0.744019567966
-0.528047919273,0.0987698882818,0.855188310146,-0.0317672342062,-0.0314665324986,-0.666430294514,-0.744225382805
-0.527978360653,0.0985823795199,0.855191528797,-0.0316529944539,-0.0313317105174,-0.666205346584,-0.744437396526
-0.527828276157,0.0983940511942,0.855131566525,-0.0313524156809,-0.0310944002122,-0.665952086449,-0.744686484337
-0.527758002281,0.0981599316001,0.855146348476,-0.0312679260969,-0.0309747587889,-0.665618777275,-0.744993031025
-0.527854502201,0.0980258285999,0.855189442635,-0.0316373668611,-0.0308345556259,-0.665356814861,-0.745217084885
-0.527725696564,0.0978278964758,0.855218052864,-0.0316561236978,-0.0304885022342,-0.664731323719,-0.745788574219
-0.527502655983,0.0975621342659,0.855191230774,-0.0314732380211,-0.0303707476705,-0.664234340191,-0.746243834496
-0.527555644512,0.0973896980286,0.855147600174,-0.0317172929645,-0.0301995389163,-0.663729071617,-0.746689856052
-0.527408838272,0.0969318300486,0.855210065842,-0.0310132242739,-0.0299674142152,-0.662733912468,-0.747612178326
-0.527433753014,0.0967802256346,0.855224490166,-0.0309788361192,-0.0297514945269,-0.662251114845,-0.748049914837
-0.527078092098,0.0965165942907,0.855211496353,-0.0306205488741,-0.0292371697724,-0.661241650581,-0.74897736311
-0.526971817017,0.0963305979967,0.855249047279,-0.0303389895707,-0.02878135629,-0.660347640514,-0.749794781208
-0.526900887489,0.0961585789919,0.855218291283,-0.0303638558835,-0.0286450926214,-0.659609377384,-0.750448584557
-0.526676177979,0.0958568155766,0.855207204819,-0.0300878603011,-0.0284658763558,-0.658614218235,-0.751339972019
-0.526439666748,0.095870450139,0.85516166687,-0.0303641129285,-0.0280250180513,-0.657964766026,-0.751914262772
-0.526450991631,0.0957732349634,0.855161786079,-0.0303324591368,-0.0278323329985,-0.657131791115,-0.752650737762
-0.526559948921,0.0954170972109,0.855162620544,-0.0302795860916,-0.0276237558573,-0.655724525452,-0.753886818886
-0.526406824589,0.0952522531152,0.855108082294,-0.0301762092859,-0.0271972678602,-0.654883265495,-0.754637420177
-0.526167631149,0.0950291603804,0.855187654495,-0.0300934705883,-0.026467461139,-0.653554439545,-0.755817830563
-0.526065349579,0.094794601202,0.855179667473,-0.0299556683749,-0.0262063294649,-0.652788162231,-0.756494224072
-0.525837659836,0.0947813093662,0.855061471462,-0.0299239121377,-0.0261654518545,-0.652378737926,-0.756850063801
-0.525850117207,0.0942894518375,0.855123817921,-0.0293134171516,-0.0261797402054,-0.65129417181,-0.757806897163
-0.525629520416,0.0942337587476,0.855117440224,-0.0294499360025,-0.0256831720471,-0.650739252567,-0.758295178413
-0.525579631329,0.0940270200372,0.855124592781,-0.0292685944587,-0.0255763847381,-0.650144338608,-0.75881588459
-0.525382399559,0.0937512367964,0.855145275593,-0.0291659273207,-0.0254315938801,-0.649502396584,-0.759374260902
-0.525347232819,0.0935015678406,0.855130553246,-0.0292407646775,-0.0252888053656,-0.648947477341,-0.75985044241
-0.525288283825,0.0931948795915,0.855148494244,-0.0288704838604,-0.0251792557538,-0.648396611214,-0.760338366032
-0.525121629238,0.0925531834364,0.855197787285,-0.0278217028826,-0.0248622484505,-0.647073745728,-0.761513948441
-0.525077879429,0.0923004224896,0.855193018913,-0.0276878420264,-0.0246970802546,-0.646583914757,-0.761940181255
-0.525039196014,0.0920208618045,0.855199754238,-0.0274783913046,-0.0246241670102,-0.646217703819,-0.762260615826
-0.524983048439,0.0915751904249,0.855181157589,-0.0269130468369,-0.0246300697327,-0.645838677883,-0.762601852417
-0.524735689163,0.0914194732904,0.855186343193,-0.0269988402724,-0.0242327805609,-0.645636916161,-0.762782335281
-0.524760663509,0.0908393412828,0.855257153511,-0.026494493708,-0.0242073852569,-0.644994735718,-0.763343930244
-0.524672031403,0.0904980972409,0.855231046677,-0.0262402184308,-0.0239733438939,-0.644847810268,-0.763484120369
-0.524627685547,0.090095102787,0.855213224888,-0.0260336995125,-0.0239845439792,-0.644562661648,-0.763731658459
-0.524466991425,0.0899276062846,0.855173707008,-0.026127839461,-0.0239583346993,-0.644687414169,-0.763623952866
-0.524371922016,0.089595772326,0.85517770052,-0.0262230224907,-0.0235346928239,-0.644240140915,-0.764011204243
-0.524344146252,0.0892435833812,0.855167746544,-0.0260642897338,-0.0235528666526,-0.644134163857,-0.764105498791
-0.524371683598,0.0888989567757,0.855196356773,-0.0261569414288,-0.0234908610582,-0.644066035748,-0.764161646366
-0.524393439293,0.0882793068886,0.85526317358,-0.0254886448383,-0.0234672334045,-0.643609941006,-0.764569103718
-0.52433937788,0.0879006385803,0.855247378349,-0.025252673775,-0.0234630405903,-0.643477916718,-0.764688074589
-0.524200081825,0.0877290219069,0.855124652386,-0.0255050305277,-0.0232939720154,-0.643644571304,-0.764544665813
-0.524070501328,0.0872831940651,0.855163991451,-0.0251572523266,-0.023115336895,-0.643216192722,-0.76492202282
-0.523999869823,0.0869434475899,0.855154633522,-0.025099683553,-0.0230837576091,-0.643070578575,-0.765047371387
-0.523930907249,0.0865331739187,0.855116844177,-0.024872014299,-0.0229927450418,-0.64301109314,-0.765107572079
-0.52390563488,0.0859412550926,0.855133891106,-0.0241138506681,-0.02305649966,-0.642381727695,-0.765658318996
-0.523917138577,0.0855798870325,0.855151414871,-0.0244031045586,-0.0229693297297,-0.642243921757,-0.765767395496
-0.523900508881,0.0852014794946,0.855169773102,-0.0242417603731,-0.0230439603329,-0.641912460327,-0.766048133373
-0.523603141308,0.0850634053349,0.855192005634,-0.0245081763715,-0.0223992615938,-0.6414732337,-0.766426622868
-0.523668646812,0.0845141634345,0.855333268642,-0.0235410723835,-0.022423285991,-0.640685617924,-0.767114758492
-0.523642539978,0.0841462984681,0.855368256569,-0.0233683753759,-0.0225197859108,-0.640511512756,-0.767262637615
-0.523616969585,0.0837727040052,0.85533952713,-0.0230400264263,-0.0225880779326,-0.640354156494,-0.767401814461
-0.523592472076,0.0833833068609,0.855372428894,-0.0229022745043,-0.0226993504912,-0.640125870705,-0.767593026161
-0.523395061493,0.0829529985785,0.85534632206,-0.0225392021239,-0.022099988535,-0.639766693115,-0.767920672894
-0.523324906826,0.0825654119253,0.855334281921,-0.0223709773272,-0.0221532210708,-0.639478325844,-0.768164277077
-0.52326464653,0.0821913257241,0.855348169804,-0.022146301344,-0.0221646092832,-0.639309167862,-0.768311202526
-0.523425221443,0.0819396823645,0.855346798897,-0.0225548204035,-0.022114649415,-0.639287173748,-0.768319010735
-0.523418903351,0.0815879553556,0.855349361897,-0.0225106310099,-0.022173371166,-0.639162838459,-0.768422067165
-0.52325117588,0.0810970515013,0.85523557663,-0.0222491528839,-0.0221878066659,-0.639183402061,-0.768412292004
-0.523135662079,0.0807487666607,0.855272173882,-0.0221516042948,-0.0217883363366,-0.63884973526,-0.768703877926
-0.523190438747,0.0804250463843,0.85523223877,-0.0220232456923,-0.021939361468,-0.639022827148,-0.768559396267
-0.523110866547,0.080352589488,0.855095267296,-0.0223573110998,-0.0216148719192,-0.639120817184,-0.768477380276
-0.523087143898,0.079638697207,0.855330824852,-0.0209954679012,-0.0215826518834,-0.638181269169,-0.769297122955
-0.522861838341,0.0796277523041,0.855127096176,-0.022072058171,-0.0215487610549,-0.639053404331,-0.768543601036
-0.522725522518,0.0790382400155,0.855210900307,-0.0208856277168,-0.0215673074126,-0.639009714127,-0.768612504005
-0.522768437862,0.0785960555077,0.85519105196,-0.0215629767627,-0.0209694169462,-0.638478696346,-0.769051551819
-0.522740960121,0.0782731175423,0.855172157288,-0.0215048529208,-0.0208074543625,-0.63838750124,-0.769133269787
-0.522657632828,0.0779956132174,0.855118870735,-0.0214174129069,-0.0205024462193,-0.638302922249,-0.76921415329
-0.522639095783,0.0779271796346,0.854975700378,-0.0217402707785,-0.0204411372542,-0.638537764549,-0.769011795521
-0.522549629211,0.0774526149035,0.854944109917,-0.0209355410188,-0.0204618126154,-0.63835221529,-0.769187569618
-0.522390604019,0.0769582241774,0.855173707008,-0.0197492390871,-0.020443668589,-0.638330340385,-0.769237577915
-0.522372186184,0.0766965150833,0.855099380016,-0.0200889091939,-0.0202537328005,-0.638273000717,-0.769281387329
-0.522300601006,0.0761498212814,0.855172693729,-0.0197788365185,-0.0197517722845,-0.637319624424,-0.77009254694
-0.522312939167,0.0758664384484,0.85510379076,-0.0196218267083,-0.0194395240396,-0.63701069355,-0.770359992981
-0.522228240967,0.0757584571838,0.85501396656,-0.0198441315442,-0.0192358270288,-0.637137413025,-0.770254552364
-0.522291183472,0.0754119902849,0.854929864407,-0.0198737960309,-0.0190167631954,-0.636943519115,-0.770419716835
-0.522380590439,0.0745546966791,0.85511893034,-0.0183725580573,-0.0189161952585,-0.635818183422,-0.771388232708
-0.52229732275,0.0745433941483,0.855035305023,-0.0191964562982,-0.0183363165706,-0.63548463583,-0.771657109261
-0.522246360779,0.0739096105099,0.855163931847,-0.0181425400078,-0.0182301495224,-0.634762644768,-0.772279083729
-0.52227973938,0.0735849738121,0.85517168045,-0.0180552862585,-0.0181107074022,-0.634286940098,-0.772674739361
-0.522190392017,0.0738389566541,0.854957461357,-0.0193049181253,-0.0178896300495,-0.634511470795,-0.772465229034
-0.522179603577,0.073513224721,0.854992568493,-0.0191810633987,-0.0177347455174,-0.633906185627,-0.772968709469
-0.522048294544,0.0729236602783,0.855193138123,-0.0185721330345,-0.016798036173,-0.632211327553,-0.774391233921
-0.522150933743,0.0728533118963,0.855092287064,-0.0190679840744,-0.0169826634228,-0.632527530193,-0.774116873741
-0.522182583809,0.0725871101022,0.85508441925,-0.0191525127739,-0.0168415829539,-0.631865084171,-0.774658679962
-0.522126793861,0.0721927285194,0.855134129524,-0.0188788175583,-0.0166333597153,-0.630890011787,-0.775464296341
-0.522092819214,0.071895390749,0.855143487453,-0.0189751721919,-0.0165988989174,-0.62976706028,-0.776374816895
-0.522657513618,0.0717535316944,0.855159163475,-0.0194186922163,-0.0159683730453,-0.629269421101,-0.776780486107
-0.522470712662,0.0712310522795,0.855248808861,-0.0183023940772,-0.0163885354996,-0.628931939602,-0.777072131634
-0.522232472897,0.0710343271494,0.855181992054,-0.0186096485704,-0.0161176770926,-0.627627193928,-0.778124690056
