x,y,z,q0,q1,q2,q3
0.600422680378,-0.119960293174,1.40241658688,-0.0608114935458,0.0676474198699,0.812422215939,-0.575930297375
0.600356340408,-0.120005428791,1.40238976479,-0.0605395436287,0.0675207599998,0.812519550323,-0.575836777687
0.60027384758,-0.120088212192,1.40247750282,-0.0601313523948,0.0673580095172,0.812567710876,-0.575830519199
0.600121259689,-0.12010999769,1.40247750282,-0.05974188447,0.0669273436069,0.812583982944,-0.575898468494
0.600064337254,-0.120224125683,1.40253555775,-0.0594265125692,0.0666666030884,0.812631726265,-0.575893700123
0.600024759769,-0.120303362608,1.40250360966,-0.0583684816957,0.0662575811148,0.812767267227,-0.575858056545
0.599997520447,-0.120294243097,1.40249347687,-0.058233089745,0.0659765601158,0.812698245049,-0.576001346111
0.599971711636,-0.120354250073,1.40252125263,-0.0580472461879,0.0657904371619,0.812722623348,-0.576006948948
0.599935054779,-0.120387077332,1.40252149105,-0.0587018504739,0.0658493340015,0.812569975853,-0.576149106026
0.599888801575,-0.120403945446,1.40251171589,-0.0585215575993,0.0658226162195,0.812540173531,-0.576212704182
0.599860191345,-0.12045199424,1.40252161026,-0.0583274625242,0.0657327994704,0.81252938509,-0.576257705688
0.599820494652,-0.120502501726,1.40253007412,-0.0579916983843,0.0655965432525,0.812548696995,-0.57628005743
0.599757790565,-0.120552584529,1.40251767635,-0.0576031655073,0.0652353689075,0.812503874302,-0.576422989368
0.599737644196,-0.120593674481,1.40250742435,-0.0573409348726,0.0652163997293,0.812438666821,-0.576543211937
0.59966313839,-0.120641261339,1.40249609947,-0.0547781027853,0.064945615828,0.812634408474,-0.576547205448
0.599664151669,-0.120659857988,1.40248906612,-0.0546227395535,0.0648375228047,0.812476634979,-0.576796352863
0.599736213684,-0.120715394616,1.40253770351,-0.0545354709029,0.0650305747986,0.812268614769,-0.577075898647
0.599801540375,-0.120617054403,1.4025349617,-0.0545233674347,0.0654351040721,0.813180327415,-0.575745820999
0.599736273289,-0.120721630752,1.40250527859,-0.0540736354887,0.0648204758763,0.811994791031,-0.577528297901
0.59978467226,-0.120592296124,1.4024977684,-0.0560220703483,0.0655800551176,0.812568664551,-0.576448500156
0.599776268005,-0.120680198073,1.4024002552,-0.0536116957664,0.0652541220188,0.812715411186,-0.576507866383
0.599718987942,-0.120730184019,1.40223741531,-0.0530803948641,0.0652365460992,0.812680244446,-0.576608598232
0.599725604057,-0.120709769428,1.40222978592,-0.054864756763,0.0650255084038,0.811161756516,-0.578600168228
0.599689364433,-0.120702274144,1.40217339993,-0.0544175617397,0.0649142041802,0.810984611511,-0.578903079033
0.599759578705,-0.12075766176,1.40213930607,-0.0520939454436,0.0646032243967,0.810960531235,-0.579185307026
0.599805533886,-0.1206824705,1.40228748322,-0.0533812791109,0.0643540844321,0.81049323082,-0.579749763012
0.599833071232,-0.120671018958,1.40226173401,-0.0531033910811,0.0643452480435,0.810240924358,-0.580128669739
0.599940180779,-0.12075060606,1.40231072903,-0.0528325624764,0.0647051632404,0.80997800827,-0.580480456352
0.599951028824,-0.120701111853,1.40223133564,-0.0524538606405,0.0645177513361,0.809646427631,-0.580997943878
0.599992692471,-0.120703160763,1.40220844746,-0.0520031824708,0.0646953955293,0.80944108963,-0.581304907799
0.600057303905,-0.120712190866,1.40217840672,-0.0516342036426,0.0649573355913,0.809253573418,-0.581569492817
0.600101470947,-0.120708867908,1.40216231346,-0.0511750951409,0.0650568827987,0.809034466743,-0.581903755665
0.600154519081,-0.120684914291,1.40213501453,-0.0509138926864,0.0651845782995,0.808783054352,-0.582261741161
0.600143671036,-0.120590001345,1.40213012695,-0.0510651990771,0.0643642246723,0.807357430458,-0.584314644337
0.600103497505,-0.120605885983,1.40206539631,-0.049115113914,0.0645339712501,0.807325959206,-0.584506571293
0.600163042545,-0.120576933026,1.40204799175,-0.0502565875649,0.06456040591,0.806949138641,-0.584926784039
0.60020929575,-0.120540633798,1.40204262733,-0.0500493235886,0.0646939501166,0.806646466255,-0.585347115993
0.600442647934,-0.12051782012,1.40193653107,-0.0496254265308,0.0657096803188,0.807261168957,-0.584421813488
0.60041898489,-0.120534725487,1.40199828148,-0.0491843782365,0.0657979026437,0.807181179523,-0.584559798241
0.600537121296,-0.120496317744,1.40202152729,-0.0499434024096,0.0666508451104,0.806857466698,-0.584845602512
0.600614011288,-0.120449647307,1.40202057362,-0.0493757650256,0.06681419909,0.806595683098,-0.585236132145
0.600680351257,-0.120464280248,1.40197455883,-0.049425624311,0.0669561177492,0.806312501431,-0.585605859756
0.600792169571,-0.120397917926,1.40197205544,-0.0491587966681,0.066841982305,0.806011199951,-0.586055874825
0.600901186466,-0.120307683945,1.40195310116,-0.0491454079747,0.0671977251768,0.806065917015,-0.585941076279
0.600901246071,-0.120333440602,1.4019395113,-0.0478087924421,0.0666108950973,0.805607318878,-0.586748898029
0.600990355015,-0.120236694813,1.401922822,-0.0476828813553,0.0665658786893,0.805661141872,-0.586690187454
0.601077854633,-0.120125748217,1.4019087553,-0.0475939922035,0.0669698119164,0.805989086628,-0.586200773716
0.601144134998,-0.120085276663,1.40189707279,-0.047462195158,0.0670420899987,0.805701732635,-0.586598157883
0.601196408272,-0.120038554072,1.40187644958,-0.0473702065647,0.0670408830047,0.805352330208,-0.587085366249
0.601228892803,-0.119991391897,1.40187644958,-0.0471923723817,0.0670642480254,0.805088877678,-0.587458133698
0.601233124733,-0.119914084673,1.40191721916,-0.0470555946231,0.0668872520328,0.804838836193,-0.58783197403
0.601284623146,-0.119829110801,1.40190660954,-0.0469661802053,0.0668793618679,0.804542660713,-0.588245153427
0.601304888725,-0.119846411049,1.40189242363,-0.0466680303216,0.066354855895,0.803698539734,-0.589480936527
0.601353883743,-0.119800038636,1.40188157558,-0.0465445555747,0.06635979563,0.803447008133,-0.589832961559
0.601370990276,-0.119750089943,1.40186750889,-0.046356908977,0.0663417130709,0.803212463856,-0.590169072151
0.601410388947,-0.119704172015,1.40184032917,-0.0462570749223,0.066264398396,0.802903294563,-0.590606212616
0.601419448853,-0.119676761329,1.40182375908,-0.0445901826024,0.0663779824972,0.802892565727,-0.590736210346
0.601368248463,-0.119705110788,1.40177607536,-0.0443093441427,0.0662490129471,0.802354216576,-0.591502666473
0.601389408112,-0.119672775269,1.40176153183,-0.0441198758781,0.0662922933698,0.802263796329,-0.591634511948
0.60141146183,-0.119637556374,1.40174651146,-0.0439086854458,0.0663050115108,0.802117943764,-0.591846704483
0.601465046406,-0.119588844478,1.4016367197,-0.0458228141069,0.0669545009732,0.801761627197,-0.592111170292
0.601422548294,-0.11962313205,1.40162777901,-0.0462168231606,0.0666276589036,0.80160266161,-0.592332541943
0.601443231106,-0.11957513541,1.4016187191,-0.0454864539206,0.0666256323457,0.801559686661,-0.592447638512
0.601486027241,-0.119517490268,1.4016302824,-0.0455760806799,0.0669452026486,0.801397025585,-0.592624604702
0.601533412933,-0.119475178421,1.40175247192,-0.0445748604834,0.0662439465523,0.80133074522,-0.592869102955
0.601549506187,-0.119447827339,1.40176558495,-0.0444694124162,0.0662104785442,0.801225960255,-0.593022346497
0.601711571217,-0.119409106672,1.40176057816,-0.0446452759206,0.066420905292,0.800986051559,-0.593309760094
0.601567745209,-0.119438566267,1.40166473389,-0.0441464073956,0.0660864859819,0.800998985767,-0.593366861343
0.60172110796,-0.119398288429,1.40166735649,-0.0443180203438,0.0662828311324,0.800843238831,-0.593542397022
0.601735889912,-0.119387626648,1.40167748928,-0.0440935716033,0.0662868246436,0.800847828388,-0.593552589417
0.601752221584,-0.119358763099,1.40167891979,-0.0440031886101,0.0663299039006,0.80091136694,-0.593468666077
0.60177308321,-0.119350396097,1.4016917944,-0.0438955575228,0.0663430318236,0.800915777683,-0.593469262123
0.60172444582,-0.119318850338,1.4017406702,-0.0437196455896,0.0661077648401,0.800937414169,-0.593479335308
0.601704776287,-0.119345590472,1.40174508095,-0.0420538149774,0.0662338808179,0.801170408726,-0.593271017075
0.601593375206,-0.119326174259,1.40173757076,-0.0420481488109,0.065327309072,0.800285875797,-0.594564378262
0.601603329182,-0.119317874312,1.40175056458,-0.0418597385287,0.0652850940824,0.800334334373,-0.594517111778
0.60170930624,-0.119354143739,1.40176725388,-0.0413879156113,0.0662025809288,0.801551043987,-0.592806875706
0.601694047451,-0.119395270944,1.40176403522,-0.0425103716552,0.0662612766027,0.801521897316,-0.592760443687
0.601697981358,-0.119411990047,1.40177285671,-0.0423395782709,0.0662778317928,0.801631748676,-0.592622220516
0.601696550846,-0.119453720748,1.40179038048,-0.0421735681593,0.0662971362472,0.801739096642,-0.592486560345
0.601694047451,-0.119485251606,1.40179979801,-0.0419442392886,0.0663250386715,0.801903307438,-0.59227758646
0.601705670357,-0.119466625154,1.40182638168,-0.04187226668,0.0663822591305,0.802410840988,-0.591588497162
0.60161024332,-0.119474604726,1.40182566643,-0.0420105345547,0.0653238520026,0.801146030426,-0.593407928944
0.60159945488,-0.119502902031,1.40183007717,-0.0419190861285,0.0653481483459,0.801287591457,-0.59322053194
0.601570904255,-0.119471080601,1.40179157257,-0.0418623611331,0.0651419758797,0.80143815279,-0.593043804169
0.601577281952,-0.119504228234,1.40180623531,-0.041766975075,0.0651590228081,0.801605403423,-0.592822492123
0.601576328278,-0.119528241456,1.40181159973,-0.0417499057949,0.0651392415166,0.801731586456,-0.592655181885
0.601794481277,-0.119604289532,1.40191590786,-0.041674554348,0.0662365555763,0.802879869938,-0.590982019901
0.601644396782,-0.119668737054,1.40180599689,-0.0412548407912,0.0660398229957,0.803156018257,-0.590658187866
0.601628124714,-0.119722284377,1.40180790424,-0.0411540716887,0.0660455450416,0.803328990936,-0.590429484844
0.601553022861,-0.119793519378,1.40175950527,-0.040918353945,0.0659592524171,0.803530275822,-0.590181231499
0.601562976837,-0.119818814099,1.40177536011,-0.0408164896071,0.0659114718437,0.803714871407,-0.589942336082
0.601681351662,-0.119829669595,1.40176475048,-0.0410597510636,0.066079184413,0.803783476353,-0.58981347084
0.601614058018,-0.119806624949,1.40177607536,-0.0414028503001,0.0651255249977,0.803013503551,-0.590943276882
0.601574957371,-0.119809620082,1.4018239975,-0.0413601994514,0.0649008750916,0.803200304508,-0.590716958046
0.601635217667,-0.119854487479,1.40178835392,-0.0414499342442,0.0649028643966,0.803299546242,-0.590575516224
0.601641952991,-0.119878619909,1.40179860592,-0.0414347983897,0.0648066774011,0.803460419178,-0.590368151665
0.601595878601,-0.119850575924,1.40175116062,-0.0413866229355,0.0644979849458,0.803589701653,-0.590229272842
0.601614892483,-0.119868524373,1.40176129341,-0.0414405800402,0.06441988796,0.803723931313,-0.590051293373
0.601600289345,-0.119902439415,1.4017636776,-0.0399787984788,0.0643686875701,0.803915321827,-0.589897036552
0.60160690546,-0.119920134544,1.40175914764,-0.0394285172224,0.0642248988152,0.80411618948,-0.58967590332
0.601600289345,-0.119982458651,1.40175867081,-0.0393517874181,0.0641656219959,0.804269194603,-0.589478850365
0.601593375206,-0.120027124882,1.40176010132,-0.0393147729337,0.0640318244696,0.804370999336,-0.589356958866
0.601607620716,-0.120028920472,1.40176415443,-0.0393623709679,0.063882432878,0.804456412792,-0.589253365993
0.601597845554,-0.120052725077,1.4017676115,-0.0393398962915,0.0637449771166,0.804557621479,-0.5891315341
0.601688444614,-0.120121605694,1.40176463127,-0.039018586278,0.0645957663655,0.805728197098,-0.587458133698
0.601731598377,-0.120094068348,1.40177166462,-0.0389971248806,0.0642373561859,0.805800259113,-0.587400019169
0.601614654064,-0.120198957622,1.40174245834,-0.0388664714992,0.064286082983,0.805947780609,-0.587200939655
0.601612448692,-0.120208159089,1.4017431736,-0.0388223715127,0.064133040607,0.806001186371,-0.587147295475
0.601602375507,-0.120217673481,1.40173470974,-0.0394142493606,0.0639282986522,0.806012272835,-0.587114989758
0.601592183113,-0.120240353048,1.40173757076,-0.0393954850733,0.0638099387288,0.806098937988,-0.587010085583
0.601652383804,-0.120220266283,1.40186572075,-0.0396200418472,0.0637129470706,0.806051015854,-0.587071299553
0.601644933224,-0.120238654315,1.4018702507,-0.0395509488881,0.0635953173041,0.806132078171,-0.586977303028
0.601629555225,-0.120259873569,1.40186655521,-0.0395442694426,0.0635105222464,0.806192517281,-0.586903870106
0.601558566093,-0.120318546891,1.4017624855,-0.0393305271864,0.0634366571903,0.806347429752,-0.58671361208
0.601472735405,-0.120296485722,1.40177118778,-0.0396751835942,0.0624245963991,0.80530911684,-0.588223040104
0.601515173912,-0.120275132358,1.40189611912,-0.0398340113461,0.0623687505722,0.805296897888,-0.588234841824
0.60149949789,-0.120292820036,1.40190267563,-0.0398112237453,0.0622928775847,0.805378198624,-0.588133215904
0.60148704052,-0.120308049023,1.40190553665,-0.0398380644619,0.0622513145208,0.805454194546,-0.58803153038
0.601447343826,-0.120292730629,1.40190196037,-0.039847176522,0.0620890296996,0.805483996868,-0.588007211685
0.601396620274,-0.120300404727,1.4019806385,-0.0398072935641,0.0619429536164,0.805612146854,-0.587849795818
0.601477384567,-0.120310217142,1.40193271637,-0.0399775356054,0.0621309056878,0.805620014668,-0.587807714939
0.601458728313,-0.120326206088,1.40193665028,-0.0399949811399,0.0621342211962,0.805694997311,-0.587703287601
0.601439893246,-0.120351023972,1.4019497633,-0.039986629039,0.0621485225856,0.805749297142,-0.58762806654
0.601427197456,-0.12035985291,1.40195322037,-0.0399860218167,0.0621773637831,0.805829882622,-0.587514460087
0.601406157017,-0.120376586914,1.40196526051,-0.0399884395301,0.0622018165886,0.805904448032,-0.587409377098
0.60138130188,-0.120399460196,1.40196859837,-0.0399633944035,0.0622518844903,0.805950701237,-0.587342381477
0.601359426975,-0.120420143008,1.40197265148,-0.0399461016059,0.0622940585017,0.806012272835,-0.587254524231
0.601332366467,-0.12043645978,1.40196609497,-0.0399352200329,0.0623387210071,0.806067943573,-0.587174117565
0.601155400276,-0.120483182371,1.40196919441,-0.0396115444601,0.0621662288904,0.806228816509,-0.586993455887
0.601134419441,-0.120492719114,1.40197491646,-0.0396347306669,0.0622168555856,0.806256592274,-0.586948335171
0.601107656956,-0.120518103242,1.40198087692,-0.0396056547761,0.0622871294618,0.806303322315,-0.58687877655
0.601083517075,-0.120533913374,1.40198433399,-0.0396071299911,0.0623540058732,0.806330263615,-0.586834490299
0.601069688797,-0.120553970337,1.40198099613,-0.0396060720086,0.0624863356352,0.806352198124,-0.586790382862
0.601043462753,-0.120571061969,1.40198266506,-0.0395750962198,0.0625560358167,0.806383311749,-0.586742341518
0.60109525919,-0.120683960617,1.4020216465,-0.0391823425889,0.0636763125658,0.807535290718,-0.585061252117
0.601082086563,-0.120710007846,1.40202522278,-0.0391588583589,0.0638082772493,0.807535171509,-0.585048794746
0.601102590561,-0.120690792799,1.40202200413,-0.0389393344522,0.0635199174285,0.807601809502,-0.585002660751
0.601143479347,-0.120690628886,1.40205621719,-0.0391103774309,0.0636854991317,0.807564079762,-0.58502560854
0.60099697113,-0.120805256069,1.40202105045,-0.0390906073153,0.0641984418035,0.807589828968,-0.584935188293
0.60111951828,-0.12081310153,1.40200734138,-0.0410197153687,0.0645305514336,0.807320952415,-0.585137605667
0.60108268261,-0.120856210589,1.40200686455,-0.0409458912909,0.0647234022617,0.807329714298,-0.585109472275
0.601051211357,-0.120891861618,1.40200340748,-0.0394597612321,0.064968585968,0.807502269745,-0.584946155548
0.60103303194,-0.120927259326,1.40202212334,-0.0409772396088,0.0650138780475,0.807330846786,-0.585073471069
0.600998878479,-0.120958589017,1.40202093124,-0.040979783982,0.0651415511966,0.807325124741,-0.585066974163
0.600974440575,-0.120995163918,1.40201437473,-0.0409930460155,0.0652788281441,0.80729174614,-0.58509683609
0.600951015949,-0.121025770903,1.4020178318,-0.0410718172789,0.065412722528,0.80724555254,-0.585140109062
0.600914239883,-0.121073402464,1.4020370245,-0.0410713553429,0.0656015202403,0.807232141495,-0.585137367249
0.600884795189,-0.121106505394,1.40203690529,-0.041159208864,0.0657110363245,0.807185947895,-0.585182666779
0.6007989645,-0.121120080352,1.402089715,-0.0411308631301,0.0656795054674,0.80714070797,-0.585250616074
0.600759804249,-0.121158778667,1.40209829807,-0.0411975309253,0.0658257305622,0.807058393955,-0.585343003273
0.600716590881,-0.121195711195,1.40210592747,-0.0412502810359,0.0659485980868,0.807016789913,-0.585382819176
0.60071593523,-0.121276155114,1.40217101574,-0.0413452722132,0.0662033706903,0.806955516338,-0.585431933403
0.600667119026,-0.121329985559,1.40218377113,-0.0413186810911,0.0663290694356,0.806918621063,-0.585470378399
0.600609183311,-0.121385537088,1.4021807909,-0.0398063920438,0.0666094943881,0.807035505772,-0.585382282734
0.600535333157,-0.121463134885,1.40218031406,-0.0429085455835,0.0665897354484,0.806558847427,-0.585822105408
0.600496053696,-0.121471345425,1.40218985081,-0.0394172482193,0.0667992979288,0.806901335716,-0.585571825504
0.600496053696,-0.121471345425,1.40218985081,-0.0394172482193,0.0667992979288,0.806901335716,-0.585571825504
0.60050290823,-0.121575012803,1.40225923061,-0.0402984470129,0.0671021491289,0.806547522545,-0.585964560509
0.600392341614,-0.121549800038,1.40220880508,-0.0396512672305,0.0667235776782,0.806626021862,-0.585943758488
0.600455522537,-0.121692702174,1.40222549438,-0.0405136831105,0.067359931767,0.80625641346,-0.586320638657
0.600307285786,-0.121715418994,1.4021692276,-0.0405013747513,0.0672292858362,0.806180119514,-0.586441278458
0.600390136242,-0.121763721108,1.40223610401,-0.0409166514874,0.0675590932369,0.805925548077,-0.58672451973
0.600352823734,-0.121816262603,1.4022384882,-0.0410303324461,0.0676108375192,0.805738329887,-0.586967647076
0.600187778473,-0.121791832149,1.40228772163,-0.0413769595325,0.066621273756,0.804586052895,-0.588634729385
0.600095868111,-0.121886193752,1.40227293968,-0.0412797518075,0.066864900291,0.804572701454,-0.588632166386
0.600049197674,-0.121947996318,1.40227007866,-0.0413825958967,0.0670232400298,0.804421186447,-0.588814139366
0.600044488907,-0.122028909624,1.40221071243,-0.0415062047541,0.0673468783498,0.804229736328,-0.589029788971
0.599878370762,-0.122097626328,1.40213298798,-0.0414402373135,0.0672859475017,0.804192006588,-0.589092969894
0.599883615971,-0.122257731855,1.40213143826,-0.0442189760506,0.0684044510126,0.804813742638,-0.587911963463
0.600000500679,-0.122251458466,1.40218663216,-0.0418130755424,0.0688707828522,0.804914116859,-0.587896049023
0.599828720093,-0.122305773199,1.4019973278,-0.0417350791395,0.0687811598182,0.804729044437,-0.588165402412
0.599724292755,-0.12234955281,1.4020409584,-0.0418701991439,0.0688246712089,0.804562866688,-0.588377952576
0.599710047245,-0.122381612659,1.40202832222,-0.0422868728638,0.0691415071487,0.804684400558,-0.588144898415
0.599695622921,-0.122387707233,1.40214431286,-0.0426531210542,0.0691511631012,0.804344117641,-0.588582456112
0.599584639072,-0.122501477599,1.40213835239,-0.0426389165223,0.0692354664207,0.803752541542,-0.589381217957
0.599600970745,-0.122578106821,1.4021794796,-0.0429430454969,0.0696849673986,0.803949832916,-0.589037120342
0.599470376968,-0.122685670853,1.40213704109,-0.0430928431451,0.0698097497225,0.803819656372,-0.589188992977
0.599481701851,-0.122712738812,1.40213680267,-0.0435053892434,0.0699654519558,0.80355244875,-0.589504539967
0.599393546581,-0.12281716615,1.40212547779,-0.0435387454927,0.070197686553,0.803401708603,-0.589679896832
0.599336266518,-0.12288415432,1.40211975574,-0.0437777712941,0.0703568309546,0.803249061108,-0.589850962162
0.599282085896,-0.122952520847,1.40211081505,-0.0439172461629,0.0705372095108,0.803139150143,-0.589968860149
0.599200725555,-0.123039878905,1.40209257603,-0.0440871268511,0.0705671384931,0.802600204945,-0.590685725212
0.599109947681,-0.123113386333,1.40207910538,-0.0442555062473,0.0707855895162,0.802588880062,-0.590662300587
0.599070906639,-0.123198412359,1.40207946301,-0.0460750572383,0.0708620920777,0.802309453487,-0.590893507004
0.598928511143,-0.123222962022,1.40207731724,-0.0465811826289,0.0701130256057,0.8011302948,-0.592540800571
0.59893399477,-0.123336344957,1.40207254887,-0.0465065985918,0.0711555033922,0.801962554455,-0.591295421124
0.598830223083,-0.123388007283,1.40200865269,-0.0466556064785,0.0711237639189,0.801827609539,-0.591470420361
0.598698377609,-0.123410008848,1.40200662613,-0.0472019203007,0.0704329758883,0.800703525543,-0.593030393124
0.598625421524,-0.123500406742,1.4020100832,-0.0473394654691,0.0706478506327,0.800617694855,-0.593109846115
0.598624289036,-0.123643800616,1.40200638771,-0.0487501323223,0.072169534862,0.801312327385,-0.591872870922
0.598540782928,-0.123731479049,1.40201592445,-0.0460149049759,0.0720377415419,0.801584303379,-0.591739535332
0.598479032516,-0.123811990023,1.40202009678,-0.0462517030537,0.0722276419401,0.801512002945,-0.591796040535
0.598406434059,-0.123900771141,1.4020318985,-0.0464716330171,0.0724500864744,0.801461398602,-0.591820001602
0.598328649998,-0.123982310295,1.40204656124,-0.0481486544013,0.0726711079478,0.801332890987,-0.591833055019
0.598259210587,-0.124072134495,1.40205287933,-0.0483764223754,0.0728675425053,0.801259279251,-0.59188991785
0.598121225834,-0.124176844954,1.4020370245,-0.0484038181603,0.0729993879795,0.801220834255,-0.591923296452
0.598065018654,-0.12424275279,1.40204274654,-0.0486847311258,0.0732057094574,0.801095604897,-0.59204441309
0.598060488701,-0.124296866357,1.40208768845,-0.0507034808397,0.0738838836551,0.80073851347,-0.592273712158
0.597988128662,-0.124354533851,1.40209841728,-0.0510354563594,0.0739763379097,0.800638198853,-0.592369437218
0.597823023796,-0.124464593828,1.40208053589,-0.0510918535292,0.0740739703178,0.800637185574,-0.592353641987
0.597823023796,-0.124464593828,1.40208053589,-0.0510918535292,0.0740739703178,0.800637185574,-0.592353641987
0.597669661045,-0.12461746484,1.40209853649,-0.0516452975571,0.0744302719831,0.800504922867,-0.592439711094
0.597580730915,-0.124662965536,1.40210092068,-0.0489170178771,0.0742497965693,0.800881624222,-0.592184662819
0.597515046597,-0.124667674303,1.40211725235,-0.049265999347,0.0745543688536,0.801388978958,-0.591430783272
0.597424149513,-0.12472820282,1.40211343765,-0.0494981557131,0.074608668685,0.801303982735,-0.591519534588
0.597338140011,-0.124782830477,1.40211200714,-0.0497961938381,0.074696585536,0.801220297813,-0.591596901417
0.597202718258,-0.124924696982,1.4021089077,-0.0498857535422,0.074551217258,0.800391316414,-0.592728495598
0.597117245197,-0.125001251698,1.40211164951,-0.0531526096165,0.0748814418912,0.799922704697,-0.593035578728
0.597015976906,-0.125032350421,1.40212464333,-0.0499507524073,0.0747197344899,0.800341069698,-0.592769861221
0.596905171871,-0.125132605433,1.40212249756,-0.0536865256727,0.0746884942055,0.799866974354,-0.593086898327
0.596810936928,-0.125198289752,1.4021371603,-0.0539118908346,0.0748029127717,0.799780189991,-0.593169271946
0.59669470787,-0.125242635608,1.40213418007,-0.0510330051184,0.0750887393951,0.800196290016,-0.592826545238
0.596588015556,-0.125321403146,1.4021396637,-0.0540259815753,0.0754641294479,0.799851953983,-0.592978179455
0.596494615078,-0.125384122133,1.40213727951,-0.0541659370065,0.0755902007222,0.799891889095,-0.592895567417
0.596404612064,-0.12542617321,1.40214014053,-0.0544058568776,0.0756619125605,0.799818217754,-0.592963814735
0.59633743763,-0.12542116642,1.40215051174,-0.0543354935944,0.0759167596698,0.799764871597,-0.593009710312
0.59620732069,-0.125483334064,1.40214681625,-0.0534414313734,0.075299449265,0.799886524677,-0.593005478382
0.596124649048,-0.125524669886,1.40215599537,-0.0536581240594,0.0753798410296,0.799862146378,-0.593008518219
0.596028029919,-0.125568419695,1.40215182304,-0.0523878447711,0.0753806531429,0.800009250641,-0.592923641205
0.595943212509,-0.125599592924,1.40214860439,-0.052582398057,0.0754241272807,0.799966454506,-0.592958569527
0.595854401588,-0.125631004572,1.40215027332,-0.05277858302,0.0755357444286,0.800038635731,-0.59282964468
0.595770418644,-0.125668436289,1.40215098858,-0.0529594384134,0.0756388828158,0.800029218197,-0.592813134193
0.595650017262,-0.125642180443,1.40215969086,-0.0549990162253,0.0748038589954,0.7988063097,-0.594380199909
0.595552384853,-0.125668153167,1.40216600895,-0.0551075749099,0.0749437659979,0.798791348934,-0.594372808933
0.595463812351,-0.125680416822,1.4021705389,-0.0552565157413,0.0749891921878,0.798774778843,-0.594375431538
0.595346570015,-0.125744521618,1.40198743343,-0.0548704452813,0.0757511407137,0.799892604351,-0.592809259892
0.595404207706,-0.125754773617,1.4020884037,-0.0553058199584,0.0761015117168,0.799745440483,-0.592922508717
0.595265388489,-0.125805228949,1.40194344521,-0.055249132216,0.0761927440763,0.799835264683,-0.592794835567
0.595192551613,-0.125815317035,1.40194630623,-0.0554662570357,0.0761993676424,0.799724280834,-0.592923521996
0.595057308674,-0.125756412745,1.40194809437,-0.0560963265598,0.0754643157125,0.798643887043,-0.594412565231
0.595140576363,-0.125733941793,1.4020254612,-0.0572246164083,0.0765013247728,0.798415541649,-0.594479262829
0.594931006432,-0.125777989626,1.40193855762,-0.0580464154482,0.0761120393872,0.798372030258,-0.594507873058
0.59487760067,-0.125766843557,1.40193998814,-0.0583646222949,0.076172195375,0.798246204853,-0.594638049603
0.594821929932,-0.12575173378,1.40192639828,-0.0587048567832,0.0763370245695,0.798174500465,-0.594679653645
0.594770252705,-0.125749126077,1.401917696,-0.0590717606246,0.0764697864652,0.79807561636,-0.594758927822
0.59464430809,-0.125708252192,1.40195417404,-0.0592246763408,0.0765186473727,0.798026502132,-0.594803333282
0.594586610794,-0.125688821077,1.40194869041,-0.0564220063388,0.0762173607945,0.798326849937,-0.594711482525
0.594644129276,-0.125696152449,1.40200507641,-0.0568330921233,0.076640419662,0.798185944557,-0.594806969166
0.594594538212,-0.125627174973,1.401927948,-0.0565678626299,0.0781681090593,0.800370335579,-0.591690063477
0.594476699829,-0.12568551302,1.40191614628,-0.0602319538593,0.0772716850042,0.797742307186,-0.594986081123
0.594452857971,-0.125622838736,1.40190470219,-0.059037361294,0.0770206227899,0.797895908356,-0.594932377338
0.594520628452,-0.1255556494,1.40190505981,-0.0590275898576,0.0786780565977,0.799944937229,-0.591957330704
0.59449839592,-0.12552651763,1.40190422535,-0.0593898333609,0.0789535194635,0.799872815609,-0.591981828213
0.59447479248,-0.125461786985,1.40190553665,-0.0583295412362,0.0791858807206,0.799916565418,-0.59199732542
0.594560265541,-0.12545350194,1.40198516846,-0.0605728663504,0.0796559229493,0.799527108669,-0.592234969139
0.594408273697,-0.125415787101,1.40189313889,-0.0607903264463,0.079591691494,0.79957139492,-0.592161417007
0.594459593296,-0.125322669744,1.4020280838,-0.0601137727499,0.0799964666367,0.799553751945,-0.592199802399
0.594514846802,-0.125337719917,1.40199589729,-0.0608006604016,0.0806622505188,0.799401164055,-0.592245399952
0.594505786896,-0.125277474523,1.40205204487,-0.0647586211562,0.0803973451257,0.798317551613,-0.593322515488
0.594565033913,-0.125213250518,1.40208220482,-0.0655287578702,0.0813330113888,0.798147857189,-0.593338787556
0.594574570656,-0.12512435019,1.4020832777,-0.0631484687328,0.0820934250951,0.7988063097,-0.59260559082
0.594631314278,-0.125095263124,1.40216338634,-0.0645931884646,0.0814049616456,0.796415448189,-0.595754563808
0.594741106033,-0.125021368265,1.40217220783,-0.0649824738503,0.0835998877883,0.798454046249,-0.592671394348
0.594685256481,-0.125012218952,1.40216815472,-0.0691114813089,0.0830264911056,0.795604586601,-0.596107125282
0.594734609127,-0.124886721373,1.4021627903,-0.06598392874,0.0830739736557,0.79604613781,-0.595865249634
0.594746112823,-0.124825201929,1.40216529369,-0.0667450726032,0.0837645083666,0.795903921127,-0.595873653889
0.594884395599,-0.124708577991,1.40217149258,-0.0674759894609,0.0851878225803,0.797370374203,-0.593624949455
0.594862818718,-0.124621197581,1.40216159821,-0.0687052160501,0.0860008746386,0.797242164612,-0.593538880348
0.594779193401,-0.1246592924,1.40214276314,-0.068979434669,0.0863393619657,0.79642790556,-0.594550311565
0.594896733761,-0.124448657036,1.40215706825,-0.0729964971542,0.0876839235425,0.796721994877,-0.593478739262
0.594840407372,-0.124440319836,1.40212368965,-0.0733887553215,0.0874063521624,0.795590877533,-0.594986855984
0.594817340374,-0.124331884086,1.4021062851,-0.0738746374846,0.0876618251204,0.79552090168,-0.594982862473
0.59482550621,-0.124094970524,1.40208959579,-0.0729122906923,0.0880112051964,0.796763539314,-0.59338504076
0.594743907452,-0.124097153544,1.40206801891,-0.071537360549,0.0878120362759,0.795991063118,-0.594617247581
0.594749450684,-0.123918011785,1.40205025673,-0.0750743821263,0.0885129868984,0.796161413193,-0.593848764896
0.594696998596,-0.123789057136,1.40203475952,-0.0752919018269,0.0886045023799,0.796212434769,-0.59373909235
0.594612717628,-0.123564943671,1.40195167065,-0.0745593607426,0.0885985419154,0.796520650387,-0.593418955803
0.594563126564,-0.123428337276,1.40194547176,-0.0746761336923,0.0886870548129,0.796643614769,-0.593226015568
0.5945135355,-0.123387008905,1.40200018883,-0.0757024511695,0.0887850522995,0.796662151814,-0.593056201935
0.594455122948,-0.123208045959,1.40201115608,-0.0743119567633,0.0881830304861,0.796932458878,-0.592958748341
0.594408810139,-0.123053275049,1.40201723576,-0.0744988694787,0.0880494266748,0.796886086464,-0.593017697334
0.594358086586,-0.122897803783,1.4020717144,-0.0746665224433,0.0880521982908,0.796903967857,-0.592971980572
0.594240784645,-0.122782886028,1.4019588232,-0.0746015459299,0.0880406051874,0.796982109547,-0.592876791954
0.59425330162,-0.122604571283,1.40202128887,-0.0748286917806,0.0881768092513,0.797038257122,-0.59275251627
0.594164729118,-0.122526839375,1.40205025673,-0.0747799798846,0.0880913361907,0.796501755714,-0.593492090702
0.594134151936,-0.122248187661,1.40219223499,-0.0755086764693,0.087176926434,0.795386493206,-0.595028460026
0.594028949738,-0.122146569192,1.40208172798,-0.0738374441862,0.0871705636382,0.795790791512,-0.594698667526
0.594099879265,-0.121929131448,1.40222561359,-0.0765323936939,0.0877122655511,0.795480668545,-0.59469306469
0.5940117836,-0.121782839298,1.40222215652,-0.0761415138841,0.0876592695713,0.795756816864,-0.594381511211
0.594043254852,-0.12157613039,1.40228676796,-0.0765513256192,0.0876390263438,0.795812249184,-0.594257712364
0.594160676003,-0.121480181813,1.40237236023,-0.0765981674194,0.0886175334454,0.796966075897,-0.5925578475
0.594137251377,-0.121322453022,1.40236926079,-0.0771812275052,0.0885775312781,0.797008633614,-0.592430889606
0.594152629375,-0.121109418571,1.4023873806,-0.0776076391339,0.0884333327413,0.797259092331,-0.592059671879
0.594146072865,-0.120937377214,1.40239799023,-0.0777894556522,0.0884291604161,0.79733222723,-0.59193789959
0.594190061092,-0.120754770935,1.4023938179,-0.0781367048621,0.0883814692497,0.797400534153,-0.591807186604
0.594134271145,-0.120628625154,1.4023720026,-0.078032746911,0.0881679430604,0.7975897789,-0.591597855091
0.594105541706,-0.1204007864,1.40232789516,-0.0774747729301,0.0876534730196,0.797627151012,-0.591697096825
0.594107925892,-0.120212957263,1.40232717991,-0.0784521847963,0.0884180516005,0.797244310379,-0.591970324516
0.594129323959,-0.120048902929,1.40232300758,-0.0787570849061,0.0886170566082,0.797197818756,-0.591962754726
0.594196021557,-0.11983525008,1.40232646465,-0.0790805220604,0.0886417776346,0.797425985336,-0.591608643532
0.594200789928,-0.119656585157,1.40230333805,-0.0792987644672,0.0883738398552,0.797228336334,-0.59188580513
0.594286441803,-0.119435966015,1.40231919289,-0.0788980796933,0.0881950929761,0.797139286995,-0.592085897923
0.594286441803,-0.119435966015,1.40231919289,-0.0788980796933,0.0881950929761,0.797139286995,-0.592085897923
0.594426512718,-0.119046643376,1.40229523182,-0.080501832068,0.0891285389662,0.796662807465,-0.592371463776
0.594475328922,-0.118849046528,1.4022705555,-0.0808016210794,0.0892427563667,0.796461939812,-0.592583358288
0.594488441944,-0.118633948267,1.40225636959,-0.0806487798691,0.0892943814397,0.7963732481,-0.592715680599
0.594451844692,-0.118470609188,1.40221250057,-0.0787753015757,0.08886025846,0.796523451805,-0.592831075191
0.594502151012,-0.118212290108,1.40212881565,-0.0803150087595,0.0888481661677,0.796143651009,-0.593136429787
0.594614744186,-0.118061050773,1.40217769146,-0.0804692953825,0.0891844779253,0.796010971069,-0.593243002892
0.594691991806,-0.117869533598,1.40209710598,-0.0805317685008,0.0893649607897,0.795828163624,-0.593452692032
0.594855487347,-0.117662653327,1.40214931965,-0.0808203294873,0.0898279994726,0.795578181744,-0.59367865324
0.594883322716,-0.117385469377,1.40208435059,-0.0818844810128,0.0902360901237,0.79513335228,-0.594066739082
0.594920098782,-0.117256395519,1.40200889111,-0.0818052589893,0.0904982089996,0.795030593872,-0.594175159931
0.594877779484,-0.117031469941,1.40193140507,-0.0806224420667,0.0896364077926,0.795019626617,-0.594482302666
0.594825327396,-0.116801388562,1.40193998814,-0.0812272727489,0.0897471308708,0.794730961323,-0.594769179821
0.594978570938,-0.116548299789,1.40195178986,-0.081539824605,0.0899410545826,0.79425495863,-0.595332622528
0.594921886921,-0.116296105087,1.40196585655,-0.0813648030162,0.0895926654339,0.793870151043,-0.595922112465
0.595090270042,-0.115999162197,1.40211451054,-0.0816402584314,0.0896590724587,0.793540000916,-0.596314072609
0.595284283161,-0.115715526044,1.40209174156,-0.0818204209208,0.0899295508862,0.793186426163,-0.596718966961
0.595247089863,-0.115383565426,1.40208685398,-0.081581376493,0.0900331661105,0.793256759644,-0.596642374992
0.59527939558,-0.115167304873,1.40208995342,-0.0805135816336,0.0897883698344,0.793274462223,-0.596800863743
0.595382332802,-0.114841893315,1.4020793438,-0.0805483311415,0.0896117761731,0.792608976364,-0.597706198692
0.595476090908,-0.114576235414,1.40207147598,-0.0812754482031,0.0903933420777,0.792341828346,-0.597844302654
0.595574498177,-0.114277236164,1.4020806551,-0.0810669884086,0.0904169082642,0.792190611362,-0.598069310188
0.595709681511,-0.113931417465,1.40208554268,-0.08124345541,0.0909533500671,0.79210203886,-0.598081350327
0.595839381218,-0.113622583449,1.40205514431,-0.0812242552638,0.0912306159735,0.791949272156,-0.598244190216
0.596020996571,-0.113303497434,1.40204715729,-0.0809683129191,0.0908787474036,0.79193097353,-0.598356544971
0.596205890179,-0.113040700555,1.40207612514,-0.0809253230691,0.0912507101893,0.791895747185,-0.598352193832
0.596334636211,-0.112666077912,1.40204548836,-0.0806110575795,0.0919817686081,0.792313039303,-0.597730100155
0.596492350101,-0.112332612276,1.4020742178,-0.0805103853345,0.0922801941633,0.792247772217,-0.597784221172
0.596829712391,-0.111981973052,1.40216815472,-0.0805476307869,0.0924081206322,0.792004048824,-0.598082363605
0.596766710281,-0.11181114614,1.40201294422,-0.0785217583179,0.092105075717,0.792394042015,-0.59788197279
0.597116053104,-0.111448124051,1.401922822,-0.0793431326747,0.0933756604791,0.792624950409,-0.597270011902
0.59719222784,-0.111152634025,1.40193235874,-0.077627107501,0.0929287597537,0.792972385883,-0.597104072571
0.59745568037,-0.11063375324,1.40201556683,-0.0774114951491,0.0937115326524,0.793375194073,-0.596474170685
0.597742557526,-0.110217697918,1.40202116966,-0.0779596120119,0.0940334200859,0.793106377125,-0.596709609032
0.598116099834,-0.109752595425,1.40203881264,-0.0776854231954,0.0949021056294,0.793297827244,-0.596353232861
0.598344326019,-0.109377630055,1.40202105045,-0.0765961185098,0.0946061015129,0.79360884428,-0.596127331257
0.598576247692,-0.108931079507,1.40197694302,-0.0758529752493,0.0947973132133,0.794095575809,-0.595543622971
0.598935186863,-0.108479522169,1.40199136734,-0.0763012096286,0.0965758338571,0.79446965456,-0.594700932503
0.59928637743,-0.108042098582,1.40200650692,-0.0749039947987,0.0962659940124,0.794619441032,-0.594728708267
0.599623560905,-0.10758972168,1.40195775032,-0.0742543116212,0.0965771973133,0.794827342033,-0.594481766224
0.600024342537,-0.107056409121,1.40197110176,-0.0747836530209,0.0974805355072,0.794779896736,-0.594331502914
0.600323677063,-0.106617182493,1.40185284615,-0.0716232284904,0.0978425890207,0.795649111271,-0.593497753143
0.60074621439,-0.106065697968,1.40195631981,-0.0725521147251,0.0981726571918,0.795468330383,-0.593572676182
0.601149380207,-0.105509862304,1.40193963051,-0.0721329301596,0.0986635610461,0.795533120632,-0.593455612659
0.601541697979,-0.104963421822,1.40196061134,-0.0716086104512,0.0992541089654,0.795656740665,-0.593254804611
0.602004468441,-0.104381665587,1.40194904804,-0.0717363134027,0.100421309471,0.795648276806,-0.593054294586
0.602359414101,-0.103911988437,1.40190351009,-0.0700053423643,0.100400857627,0.795884847641,-0.592947125435
0.602959036827,-0.10332942754,1.40202462673,-0.0703891217709,0.101571403444,0.795656859875,-0.593008339405
0.603296339512,-0.102664627135,1.40207362175,-0.0692008510232,0.102630093694,0.796149671078,-0.592303991318
0.603742301464,-0.102076694369,1.40213155746,-0.068025059998,0.1025243029,0.796067118645,-0.592569470406
0.604242384434,-0.101429112256,1.40216088295,-0.068266697228,0.103651612997,0.79579180479,-0.592715263367
0.604679346085,-0.100842021406,1.4022308588,-0.0667921751738,0.103827409446,0.795729279518,-0.592936336994
0.605195879936,-0.100188329816,1.4022834301,-0.0667817369103,0.104858286679,0.795386195183,-0.593216538429
0.605461120605,-0.0996176749468,1.40211760998,-0.0647549554706,0.104828111827,0.795633375645,-0.593114972115
0.606155216694,-0.0988233685493,1.40232634544,-0.065048366785,0.105874858797,0.794844806194,-0.593953728676
0.606680929661,-0.0982345044613,1.40229201317,-0.0643955692649,0.106595277786,0.794611513615,-0.594208061695
0.607074737549,-0.0975860729814,1.40236198902,-0.0634290501475,0.106830641627,0.794241666794,-0.594763934612
0.607649505138,-0.0970177948475,1.4023886919,-0.0604803077877,0.107339553535,0.794288635254,-0.594916701317
0.608066499233,-0.0963230654597,1.40247356892,-0.0609272830188,0.107439510524,0.793622195721,-0.595741927624
0.608659505844,-0.0956271961331,1.4025131464,-0.0606408789754,0.108145833015,0.792865812778,-0.596649944782
0.609263718128,-0.094994738698,1.40264487267,-0.0596765093505,0.108209721744,0.792244315147,-0.597560286522
0.609825849533,-0.0943025350571,1.40263366699,-0.0568387210369,0.108435146511,0.792255699635,-0.597780883312
0.61048334837,-0.0935793742537,1.40270090103,-0.0584835931659,0.109205842018,0.791152954102,-0.598941385746
0.611100673676,-0.0928535312414,1.40274405479,-0.0584572553635,0.110986530781,0.790874540806,-0.598984241486
0.611598134041,-0.0921663418412,1.402769804,-0.0568628869951,0.110883124173,0.790458798409,-0.599705398083
0.612035989761,-0.0913807228208,1.40315902233,-0.0564291961491,0.111294284463,0.789956331253,-0.600331783295
0.612574696541,-0.0906105265021,1.40320241451,-0.0537531040609,0.110698677599,0.789552271366,-0.601218342781
0.613163471222,-0.0899541899562,1.40322625637,-0.052680850029,0.111326165497,0.789046645164,-0.601861000061
0.613572597504,-0.0894042178988,1.40284466743,-0.051391042769,0.111150287092,0.788001537323,-0.603372454643
0.614144027233,-0.0886093378067,1.40301990509,-0.0521130152047,0.110316865146,0.787534415722,-0.604072928429
0.614688873291,-0.0879645347595,1.40307724476,-0.0505432859063,0.112554967403,0.786306500435,-0.60539150238
0.615330398083,-0.0871703326702,1.40308594704,-0.0516364574432,0.114082947373,0.78584587574,-0.60561144352
0.615857183933,-0.0863151699305,1.4032946825,-0.051369715482,0.114255949855,0.784761607647,-0.60700571537
0.616429924965,-0.0857125148177,1.40355741978,-0.0507235303521,0.115039117634,0.784516990185,-0.607228338718
0.616904318333,-0.0849295407534,1.40376806259,-0.0503547489643,0.114917896688,0.783494412899,-0.608600795269
0.617456495762,-0.0842030122876,1.40388441086,-0.0489165149629,0.114871881902,0.783041894436,-0.609308600426
0.617911100388,-0.0834836959839,1.40342175961,-0.0486193150282,0.115457050502,0.781805992126,-0.610807061195
0.618504285812,-0.0829709246755,1.4034999609,-0.0459540225565,0.115914545953,0.781820952892,-0.610907554626
0.619167566299,-0.0820522010326,1.40378785133,-0.0481001846492,0.115805067122,0.780210316181,-0.612819254398
0.619494736195,-0.0812802165747,1.40369868279,-0.0472468025982,0.115855976939,0.779538810253,-0.613729953766
0.61996370554,-0.0805059671402,1.40370869637,-0.0459026992321,0.115778125823,0.779428958893,-0.613986074924
0.620522201061,-0.0795736983418,1.40386903286,-0.0467227697372,0.116354823112,0.778597712517,-0.614869236946
0.621000349522,-0.0787032395601,1.40385985374,-0.0453709587455,0.115902163088,0.777850627899,-0.616000473499
0.621382415295,-0.0780272707343,1.40371978283,-0.0435506999493,0.116123087704,0.777861893177,-0.61607593298
0.62196958065,-0.0768965706229,1.40391552448,-0.0455714501441,0.116282224655,0.77670198679,-0.617361903191
0.622321784496,-0.0759440883994,1.40386414528,-0.0428546518087,0.115158751607,0.776511311531,-0.618006765842
0.622856557369,-0.0751255303621,1.40377426147,-0.0428053326905,0.115265958011,0.776262700558,-0.618302345276
0.6234588027,-0.0742224380374,1.40400719643,-0.0427953340113,0.115194357932,0.775440216064,-0.619347631931
0.623988926411,-0.0729822218418,1.40456366539,-0.043649982661,0.114950194955,0.77517926693,-0.619659900665
0.624136447906,-0.0720418095589,1.40420591831,-0.0427417196333,0.114135622978,0.774623215199,-0.620568394661
0.624741137028,-0.0712687596679,1.40401017666,-0.0441581979394,0.115789934993,0.774506211281,-0.620308756828
0.625522136688,-0.0703369826078,1.40438628197,-0.0454971119761,0.117103010416,0.77380001545,-0.620846629143
0.625821769238,-0.0690075829625,1.40422236919,-0.0454530604184,0.115610614419,0.77280664444,-0.622365117073
0.626248121262,-0.0682034119964,1.40423548222,-0.0442357286811,0.115932628512,0.773397803307,-0.621657967567
0.626831650734,-0.0672269761562,1.40444123745,-0.0451865531504,0.117110282183,0.773012816906,-0.621847689152
0.627336859703,-0.0661626905203,1.40450918674,-0.0453547686338,0.116900697351,0.772483468056,-0.622532367706
0.627634048462,-0.0652643591166,1.40453386307,-0.0447895303369,0.117251239717,0.772343873978,-0.622680425644
0.628286004066,-0.0642250925303,1.40482783318,-0.0446983277798,0.117221668363,0.771784186363,-0.623386323452
0.628662586212,-0.0633273869753,1.40521466732,-0.0451855100691,0.118217334151,0.771813094616,-0.623127162457
0.628927111626,-0.0622280798852,1.4052284956,-0.0450262241066,0.117979377508,0.771440863609,-0.623644590378
0.629313707352,-0.06112639606,1.40502214432,-0.0440852791071,0.115359187126,0.771342456341,-0.624323368073
0.629600167274,-0.0601734891534,1.40508055687,-0.0449205897748,0.118469774723,0.770830452442,-0.624313652515
0.630040407181,-0.0590334869921,1.40529477596,-0.0442355535924,0.116121448576,0.770798206329,-0.624843239784
0.630078732967,-0.0580395571887,1.40500283241,-0.0418410338461,0.117864608765,0.770734012127,-0.624761104584
0.630738198757,-0.0569356456399,1.40543842316,-0.0431202761829,0.118033580482,0.770007669926,-0.625537335873
0.631017506123,-0.055883269757,1.40547025204,-0.0456670895219,0.119423724711,0.769523739815,-0.625688254833
0.631255865097,-0.0547944679856,1.40541100502,-0.0457997433841,0.119911327958,0.769336998463,-0.625814914703
0.631404340267,-0.0534878484905,1.40573787689,-0.0458557084203,0.119800537825,0.769175827503,-0.626030147076
0.631621420383,-0.0524680539966,1.40587627888,-0.0440136417747,0.119631841779,0.770031869411,-0.625141620636
0.63208770752,-0.0514211952686,1.40556883812,-0.0472322143614,0.121755324304,0.769332528114,-0.625357747078
0.632248342037,-0.0502043142915,1.40594911575,-0.0478515848517,0.121820315719,0.769389510155,-0.625227928162
0.632381677628,-0.0490370988846,1.40589570999,-0.0482029542327,0.121990606189,0.76904708147,-0.625588834286
0.63282251358,-0.0480836629868,1.40583944321,-0.0461388155818,0.12222968787,0.769596397877,-0.625021934509
0.633040487766,-0.0468990057707,1.40605962276,-0.0467627495527,0.122164912522,0.769088983536,-0.625612616539
0.63317245245,-0.0458116196096,1.4057199955,-0.0472805351019,0.12262609601,0.768872261047,-0.625749766827
0.63338637352,-0.0447149500251,1.40575325489,-0.0476337000728,0.124005489051,0.76927947998,-0.624950408936
0.633783280849,-0.0435301363468,1.40621447563,-0.0492355190217,0.12453366816,0.769402682781,-0.624569475651
0.634258449078,-0.0424497611821,1.40597629547,-0.0499132685363,0.126141741872,0.769208490849,-0.62443202734
0.634161055088,-0.0412960909307,1.4059445858,-0.0503107123077,0.125550314784,0.768751323223,-0.625082015991
0.634582340717,-0.0401835180819,1.4055608511,-0.0518146455288,0.126818940043,0.768948078156,-0.624460577965
0.635001301765,-0.0392059646547,1.40570604801,-0.053057666868,0.128089800477,0.7692283988,-0.623751282692
0.635290503502,-0.0380925536156,1.40546286106,-0.0561150163412,0.129465520382,0.768130123615,-0.624552607536
0.635508418083,-0.0369827114046,1.40536558628,-0.054936721921,0.129480600357,0.769002914429,-0.623579502106
0.635738313198,-0.0359599739313,1.40548956394,-0.0559674501419,0.130133241415,0.769524872303,-0.622707545757
0.636096119881,-0.0348815731704,1.40501666069,-0.0571878962219,0.131127402186,0.769401371479,-0.622540473938
0.635976910591,-0.0339853167534,1.40500235558,-0.0569549426436,0.131513178349,0.769652605057,-0.622169733047
0.636306166649,-0.0328282341361,1.40421950817,-0.0583369620144,0.131799533963,0.769508957863,-0.622158885002
0.636532008648,-0.0316604189575,1.40461730957,-0.0597867295146,0.132335856557,0.769252240658,-0.622224807739
0.636686980724,-0.0309635177255,1.40379011631,-0.0600621476769,0.133101850748,0.769849538803,-0.621295511723
0.63691598177,-0.0299552604556,1.40349507332,-0.060962036252,0.133624225855,0.769999027252,-0.620910465717
0.637173354626,-0.0289899371564,1.40365028381,-0.0625009760261,0.134341746569,0.769970476627,-0.620637953281
0.637205660343,-0.0278997868299,1.40276074409,-0.0632139667869,0.134076371789,0.770089924335,-0.620474934578
0.637447118759,-0.0269540417939,1.40298044682,-0.0642736330628,0.135060578585,0.770067989826,-0.620179831982
0.637344062328,-0.0258398987353,1.40238380432,-0.0655400082469,0.134335577488,0.770147323608,-0.620106101036
0.637556374073,-0.0248679965734,1.4020100832,-0.069376334548,0.13587166369,0.769774675369,-0.619816720486
0.637423217297,-0.0237790681422,1.40156745911,-0.0676564201713,0.134578317404,0.770110368729,-0.619872152805
0.637738645077,-0.0231884866953,1.40142595768,-0.0683456733823,0.136202961206,0.770048797131,-0.619517803192
0.637894690037,-0.0221467353404,1.40103983879,-0.0700870081782,0.13573166728,0.770096004009,-0.619368195534
0.638096630573,-0.0213098414242,1.40040266514,-0.0712096467614,0.137054234743,0.770560860634,-0.618369936943
0.637759387493,-0.0203968994319,1.40004873276,-0.0715899989009,0.135945647955,0.770434319973,-0.618728160858
0.63791513443,-0.0196703374386,1.3994165659,-0.0727183073759,0.136642247438,0.770609557629,-0.618224799633
0.637947797775,-0.0188766699284,1.39952707291,-0.0740519613028,0.137090310454,0.77120834589,-0.617219805717
0.638077557087,-0.0181323327124,1.39895987511,-0.0753186643124,0.137880429626,0.77164709568,-0.616341471672
0.638014733791,-0.0173315890133,1.39895427227,-0.0764704421163,0.137998104095,0.772087097168,-0.615621984005
0.638320803642,-0.0166640952229,1.39853584766,-0.0779313668609,0.139140725136,0.7718090415,-0.615530252457
0.638117909431,-0.0158466286957,1.39863932133,-0.0788984522223,0.13882535696,0.77222430706,-0.614957153797
0.63829600811,-0.0152319744229,1.39806759357,-0.0804587304592,0.138952046633,0.772477924824,-0.614407598972
0.63845795393,-0.0142640555277,1.39805722237,-0.0824379175901,0.139042750001,0.77340978384,-0.61295068264
0.638748764992,-0.0138050792739,1.39841508865,-0.0839397534728,0.140511587262,0.773288249969,-0.612564980984
0.639018535614,-0.0129370111972,1.39767479897,-0.0857683420181,0.14043776691,0.773747980595,-0.611747682095
0.639030277729,-0.0122337359935,1.39793860912,-0.0870418548584,0.140436291695,0.773837447166,-0.61145478487
0.639279127121,-0.0116232195869,1.39752531052,-0.0887864530087,0.140418916941,0.77386879921,-0.611168324947
0.639204263687,-0.0108894994482,1.39735996723,-0.0900590270758,0.140222623944,0.775021791458,-0.609563946724
0.639471709728,-0.0102299582213,1.39740252495,-0.0919390767813,0.140576660633,0.775134384632,-0.609058499336
0.639752447605,-0.00950113032013,1.39738559723,-0.0936779528856,0.140658259392,0.775545835495,-0.608250439167
0.639981508255,-0.00914699118584,1.39739346504,-0.0946594029665,0.140911132097,0.775531291962,-0.608058512211
0.639986515045,-0.00848632026464,1.39740145206,-0.0956501066685,0.141104027629,0.776201248169,-0.607002854347
0.640273869038,-0.00756840221584,1.39699339867,-0.0978685095906,0.140402689576,0.776776909828,-0.606074810028
0.640519320965,-0.00693276803941,1.39693880081,-0.0993528738618,0.14019754529,0.776985943317,-0.605612635612
0.640768885612,-0.00629621045664,1.39671623707,-0.100869782269,0.140263542533,0.777273237705,-0.604977369308
0.640942931175,-0.00601625628769,1.39689981937,-0.101439081132,0.140444114804,0.777297258377,-0.604809641838
0.641238927841,-0.00510199740529,1.39634287357,-0.103532925248,0.140169963241,0.777997851372,-0.603616416454
0.641488015652,-0.00447925925255,1.39619672298,-0.104805916548,0.139645531774,0.778245270252,-0.603199183941
0.641703605652,-0.00392827112228,1.39608573914,-0.105900257826,0.13952383399,0.778528034687,-0.602671027184
0.641925930977,-0.0033497789409,1.39574885368,-0.107092037797,0.139314204454,0.778750181198,-0.602221786976
0.64217042923,-0.00279188179411,1.3955540657,-0.108174905181,0.139070317149,0.77897632122,-0.601791918278
0.642488479614,-0.00231218081899,1.39535605907,-0.109321050346,0.139144554734,0.779153227806,-0.601338684559
0.642815768719,-0.00176836643368,1.39511466026,-0.110693491995,0.139141097665,0.779155254364,-0.601085603237
0.642989993095,-0.00125365378335,1.39482176304,-0.11138933897,0.138747215271,0.779524981976,-0.600568473339
0.643398821354,-0.000674674054608,1.39478218555,-0.112847924232,0.138855338097,0.779180943966,-0.60071760416
0.643808662891,-0.000377882504836,1.39460146427,-0.113755941391,0.139464616776,0.779334843159,-0.600205361843
0.64406889677,6.22407533228e-05,1.39449846745,-0.114524036646,0.139321148396,0.779485285282,-0.599897146225
0.644032001495,0.000555342063308,1.3943104744,-0.114807330072,0.138469874859,0.779596090317,-0.599896252155
0.644551873207,0.00115386536345,1.39411568642,-0.116587325931,0.138540655375,0.779286146164,-0.5999391675
0.644850373268,0.00116108870134,1.39423799515,-0.116824425757,0.139817371964,0.779048085213,-0.599906086922
0.645174264908,0.00183015316725,1.39375555515,-0.118438623846,0.13918928802,0.779001891613,-0.59979569912
0.645372748375,0.00201783375815,1.39379537106,-0.11874679476,0.139517813921,0.778974890709,-0.599693417549
0.645671844482,0.0027424027212,1.39352321625,-0.120162315667,0.138645112514,0.778845846653,-0.599781453609
0.645818650723,0.00315391784534,1.39342141151,-0.120676025748,0.138337671757,0.77884298563,-0.599753022194
0.646257162094,0.00334631325677,1.39356303215,-0.122172676027,0.1395521909,0.778393805027,-0.599751710892
0.646513581276,0.00350756384432,1.39369738102,-0.122644647956,0.140169605613,0.778252840042,-0.599694490433
0.646904051304,0.00411481922492,1.39335513115,-0.123425342143,0.136540591717,0.778102517128,-0.600565850735
0.64694160223,0.00461059901863,1.39314162731,-0.124142028391,0.136423274875,0.778009951115,-0.600564658642
0.6472260952,0.00499427132308,1.39316868782,-0.1251039505,0.136499494314,0.777774572372,-0.600652873516
0.647827923298,0.00527002755553,1.39363157749,-0.126597642899,0.137575268745,0.777156949043,-0.600893676281
0.648033201694,0.00569426221773,1.39353609085,-0.127273857594,0.137274831533,0.776913404465,-0.601134538651
0.648360431194,0.00620473269373,1.39370894432,-0.128198608756,0.137130647898,0.776130855083,-0.601981043816
0.648531258106,0.00649580638856,1.39365077019,-0.128412291408,0.137211933732,0.775983333588,-0.602107346058
0.64847433567,0.00714241340756,1.39352357388,-0.128759086132,0.136117428541,0.775661945343,-0.602695345879
0.64863884449,0.007560366299,1.39356100559,-0.129242703319,0.136067330837,0.775279700756,-0.603094935417
0.648927509785,0.00813840329647,1.39361941814,-0.130231752992,0.136014550924,0.774588465691,-0.603781878948
0.649267852306,0.00844525918365,1.39380156994,-0.13082754612,0.13694383204,0.77413547039,-0.604023754597
0.649162054062,0.00904748495668,1.39362561703,-0.130936875939,0.13602848351,0.77392500639,-0.604476451874
0.649245381355,0.00964616145939,1.39355158806,-0.131584778428,0.135588645935,0.773225724697,-0.605329215527
0.649314701557,0.010116558522,1.39354348183,-0.131716385484,0.13558447361,0.77289223671,-0.60572719574
0.649455189705,0.0106476722285,1.39349019527,-0.132043406367,0.135682195425,0.772447288036,-0.606201350689
0.649856448174,0.0110572697595,1.39375185966,-0.132887452841,0.136688947678,0.771652400494,-0.606802821159
0.64985281229,0.011543603614,1.39361608028,-0.132849648595,0.136446207762,0.771198093891,-0.60744291544
0.650061368942,0.0118684181944,1.39393424988,-0.133045390248,0.137547567487,0.770489037037,-0.60805118084
0.649777889252,0.0127693815157,1.39336442947,-0.133057132363,0.135737448931,0.770273625851,-0.608727931976
0.649857759476,0.0133262127638,1.39331364632,-0.133406534791,0.135841712356,0.769704461098,-0.609347820282
0.649987280369,0.0139684798196,1.39330816269,-0.133836045861,0.136068210006,0.769082188606,-0.609988391399
0.650075554848,0.0145266866311,1.39327669144,-0.134379267693,0.136460751295,0.768488407135,-0.610529601574
0.6500441432,0.0150856068358,1.39316439629,-0.134325072169,0.13666510582,0.767989099026,-0.611123859882
0.650082170963,0.0156594626606,1.39311885834,-0.134731352329,0.136844217777,0.76718556881,-0.612002849579
0.650092244148,0.0162343941629,1.39308416843,-0.134970679879,0.137170061469,0.76646232605,-0.612782776356
0.65048956871,0.016718139872,1.39330041409,-0.135678261518,0.137963145971,0.765763044357,-0.613322556019
0.650221943855,0.0170736424625,1.39322161674,-0.134721964598,0.138282909989,0.765771985054,-0.613450109959
0.650646686554,0.0174300484359,1.39353346825,-0.135795399547,0.141071096063,0.764944136143,-0.613611400127
0.650663375854,0.0182706713676,1.39317834377,-0.136411458254,0.140508890152,0.764532983303,-0.614116191864
0.650616466999,0.0187228322029,1.39309442043,-0.136522129178,0.140749379992,0.764193594456,-0.614458799362
0.65066999197,0.0193050093949,1.39312922955,-0.136941120028,0.141095384955,0.763727426529,-0.614865660667
0.650788962841,0.0198098644614,1.39326035976,-0.137050569057,0.141348540783,0.763531386852,-0.615026593208
0.650762319565,0.0202388055623,1.39313232899,-0.137250304222,0.142525315285,0.763347804546,-0.61493819952
0.650761067867,0.0204714275897,1.3933249712,-0.13677713275,0.143588274717,0.763146042824,-0.615046739578
0.650776565075,0.0214249677956,1.39302933216,-0.137708008289,0.142801806331,0.762829422951,-0.615414857864
0.650780260563,0.021897688508,1.39298951626,-0.137565463781,0.143289402127,0.762616574764,-0.615597128868
0.650745630264,0.0222945325077,1.39292383194,-0.137037843466,0.143131285906,0.76262742281,-0.615738153458
0.651075959206,0.0230478197336,1.39285254478,-0.138199985027,0.143685504794,0.761801064014,-0.61637198925
0.651136398315,0.0234342850745,1.39298510551,-0.138202235103,0.144414648414,0.761555254459,-0.616504848003
0.6509796381,0.0236980952322,1.39291405678,-0.13760215044,0.145511433482,0.761642813683,-0.616272926331
0.65075302124,0.0242608636618,1.39279341698,-0.13717199862,0.145209178329,0.761584877968,-0.616511702538
0.650928795338,0.0247165560722,1.39268565178,-0.137541875243,0.145835787058,0.76152741909,-0.616352319717
0.650572955608,0.024913456291,1.39266455173,-0.136407464743,0.145891651511,0.762053191662,-0.615941166878
0.650548040867,0.0253901295364,1.39264047146,-0.136254176497,0.14547726512,0.761958003044,-0.616190850735
0.650516927242,0.0258066058159,1.39262115955,-0.136362627149,0.145921751857,0.761816680431,-0.616236507893
0.650177896023,0.0264865532517,1.39234209061,-0.136374562979,0.145624741912,0.761662781239,-0.616494417191
0.650121629238,0.0269642863423,1.3923330307,-0.13640281558,0.145824149251,0.761474728584,-0.616673231125
0.650319218636,0.0272276774049,1.39255321026,-0.136726513505,0.147130563855,0.7611374259,-0.6167075634
0.650336921215,0.0276323948056,1.39266943932,-0.136944577098,0.147618442774,0.760802090168,-0.616956353188
0.650272846222,0.0277820564806,1.39287626743,-0.136478304863,0.148588716984,0.760809242725,-0.616817951202
0.650287151337,0.0283047519624,1.39294278622,-0.136696100235,0.148371905088,0.760505735874,-0.617196142673
0.650438129902,0.028935983777,1.39287281036,-0.137592196465,0.14869582653,0.759877085686,-0.617693245411
0.650116145611,0.0297505967319,1.39254152775,-0.137995645404,0.147956803441,0.759620249271,-0.618096351624
0.650148570538,0.0301638022065,1.3925768137,-0.138502717018,0.148458257318,0.759332001209,-0.618216872215
0.649889409542,0.0305160321295,1.39275240898,-0.138144940138,0.148543149233,0.759131252766,-0.618523061275
0.649674654007,0.0311352089047,1.39238393307,-0.138442844152,0.147870019078,0.759196579456,-0.618537545204
0.649193048477,0.0312323719263,1.39244091511,-0.1370190382,0.147518888116,0.759795546532,-0.618202984333
0.649292647839,0.0317462608218,1.39271879196,-0.137871950865,0.148336291313,0.759097337723,-0.618675172329
0.649187445641,0.0320034176111,1.392973423,-0.137893840671,0.149046719074,0.758919656277,-0.618717610836
0.649076402187,0.0321111157537,1.39301455021,-0.137609615922,0.150015294552,0.758893966675,-0.618578255177
0.648861467838,0.0328167453408,1.39270448685,-0.138430282474,0.149815529585,0.758614242077,-0.618786692619
0.648736774921,0.0331716649234,1.39275705814,-0.138667598367,0.150311172009,0.758305311203,-0.618991851807
0.648407816887,0.0339069999754,1.39266729355,-0.138812661171,0.148801669478,0.758157253265,-0.619505286217
0.648128032684,0.0342619493604,1.39254522324,-0.138407900929,0.148986443877,0.758267462254,-0.619416594505
0.647920370102,0.0346902944148,1.39251601696,-0.13848040998,0.14921425283,0.758205473423,-0.619421362877
0.6478048563,0.0349083095789,1.39261722565,-0.138411879539,0.150169149041,0.758038640022,-0.619410097599
0.647478222847,0.0353338569403,1.39274334908,-0.138432323933,0.150728657842,0.757772386074,-0.619595348835
0.647238135338,0.0360032357275,1.39242231846,-0.138777658343,0.149366170168,0.757720708847,-0.619911134243
0.647011339664,0.036393687129,1.39247262478,-0.138995200396,0.149642631412,0.757538378239,-0.620018601418
0.647120893002,0.0368392951787,1.39281868935,-0.139782115817,0.150868743658,0.756784379482,-0.620465278625
0.647206962109,0.0372990444303,1.39270317554,-0.140708088875,0.151593744755,0.756545186043,-0.620370924473
0.646773815155,0.037329595536,1.39307689667,-0.139938771725,0.15274694562,0.756848216057,-0.619892239571
0.646551966667,0.0380075983703,1.39275324345,-0.140497818589,0.151965096593,0.756841480732,-0.619965970516
0.646361649036,0.0387744233012,1.39257991314,-0.141046971083,0.150828644633,0.756424725056,-0.620627164841
0.645887494087,0.038939230144,1.39263772964,-0.140354722738,0.150879412889,0.756975769997,-0.620099782944
0.645778119564,0.0389908477664,1.39282429218,-0.139901354909,0.152310311794,0.757021009922,-0.619797170162
0.645620107651,0.0391886159778,1.39312398434,-0.13960698247,0.153089389205,0.757118165493,-0.619552850723
0.645564615726,0.0395887494087,1.39323282242,-0.140244632959,0.153991654515,0.756938874722,-0.619404196739
0.645649254322,0.0402185693383,1.39318418503,-0.141430079937,0.154072329402,0.756502330303,-0.619647979736
0.645594418049,0.0407705791295,1.39310014248,-0.142021924257,0.15395116806,0.756386816502,-0.619683682919
0.645402789116,0.0409426391125,1.39343845844,-0.141290038824,0.154232278466,0.756558060646,-0.619572103024
0.645228266716,0.0415526553988,1.39312267303,-0.141580671072,0.153343707323,0.756921231747,-0.619282543659
0.645136892796,0.0418422669172,1.39326190948,-0.141602352262,0.153745502234,0.757104277611,-0.618954181671
0.645068764687,0.0419740080833,1.39334475994,-0.141631886363,0.154980272055,0.757334589958,-0.618357539177
0.644949138165,0.041863694787,1.39361286163,-0.140811681747,0.156280204654,0.757720470428,-0.617744684219
0.644820034504,0.0421505086124,1.39362537861,-0.140710309148,0.156465262175,0.75792324543,-0.617472052574
0.644756734371,0.0425866805017,1.39357733727,-0.141031309962,0.156267419457,0.758133590221,-0.617190420628
0.644673526287,0.0428658500314,1.3935662508,-0.141030579805,0.156373098493,0.758289694786,-0.616972088814
0.643961548805,0.0429497137666,1.39336681366,-0.139192029834,0.155274435878,0.759363055229,-0.616346597672
0.64390617609,0.0432796403766,1.39334821701,-0.139293983579,0.15530243516,0.759563565254,-0.616069436073
0.644173204899,0.0437803640962,1.39337563515,-0.140253648162,0.155908733606,0.758993864059,-0.61640059948
0.643790364265,0.0437826067209,1.39338374138,-0.138925790787,0.156052231789,0.759774327278,-0.615703046322
0.643972635269,0.0445668436587,1.39301156998,-0.140321820974,0.155515030026,0.759343385696,-0.616054058075
0.643847942352,0.0442391782999,1.39341330528,-0.139170303941,0.157036170363,0.75993937254,-0.615193963051
0.643786072731,0.0444630309939,1.39345574379,-0.138987436891,0.157283231616,0.759875237942,-0.615251421928
0.643753051758,0.0447595044971,1.39339077473,-0.139076173306,0.157382428646,0.759878873825,-0.615201354027
0.64349091053,0.045238096267,1.39317572117,-0.138803422451,0.15664075315,0.760024487972,-0.615272402763
0.643691539764,0.0454126819968,1.39321148396,-0.139289572835,0.157609581947,0.760083019733,-0.614842772484
0.643483400345,0.045900516212,1.39301848412,-0.139933496714,0.156718090177,0.759994566441,-0.615033507347
0.643547475338,0.0461333580315,1.39310657978,-0.140029013157,0.157309263945,0.759887754917,-0.614992976189
0.643470406532,0.0466755889356,1.39272427559,-0.140443667769,0.156504154205,0.760022878647,-0.614936947823
0.643365263939,0.0468599051237,1.39264810085,-0.140073791146,0.156608253717,0.760238945484,-0.61472761631
0.643373429775,0.0469440147281,1.392827034,-0.139760240912,0.157442837954,0.760369777679,-0.614423751831
0.643473803997,0.0472016334534,1.3929258585,-0.139950603247,0.1579310745,0.760251700878,-0.614401340485
0.643657445908,0.0474257096648,1.3927372694,-0.140309423208,0.158458054066,0.760502338409,-0.613873422146
0.643876552582,0.0478275418282,1.39261722565,-0.140798434615,0.158662766218,0.760217666626,-0.614061057568
0.643641829491,0.0478494614363,1.39267981052,-0.139468789101,0.158855423331,0.760947287083,-0.613410651684
0.643923401833,0.0480410754681,1.3928091526,-0.139432042837,0.159875482321,0.76088398695,-0.61323261261
0.643705308437,0.0483994781971,1.39271295071,-0.139040797949,0.159068062901,0.761112749577,-0.613247334957
0.643733203411,0.0484993867576,1.39273309708,-0.138753145933,0.159544333816,0.761183023453,-0.613101661205
0.643701434135,0.0487694106996,1.39257895947,-0.13852083683,0.159105926752,0.76161980629,-0.612725496292
0.643710911274,0.0488442331553,1.39263010025,-0.138073146343,0.159481674433,0.76180011034,-0.612504839897
0.643707156181,0.0490359701216,1.39259386063,-0.137587964535,0.159107849002,0.762189269066,-0.612226963043
0.643950998783,0.0497157424688,1.39252591133,-0.139133453369,0.158721700311,0.761933624744,-0.612295985222
0.643984615803,0.0499032773077,1.39248967171,-0.138954699039,0.158747985959,0.762123882771,-0.612093031406
0.643983185291,0.0500492192805,1.3924664259,-0.13862504065,0.158724248409,0.762272775173,-0.611988604069
0.643640875816,0.0499672032893,1.39209783077,-0.137097448111,0.158241406083,0.762928783894,-0.611640274525
0.643640041351,0.0501175075769,1.39206790924,-0.136859118938,0.158191263676,0.763117194176,-0.611471533775
0.643879055977,0.0498039908707,1.39244699478,-0.13638921082,0.159983634949,0.763189375401,-0.611019909382
0.643859684467,0.0499368011951,1.39242851734,-0.135947316885,0.160060942173,0.763253748417,-0.61101770401
0.643848478794,0.0499912574887,1.39247488976,-0.135187491775,0.160293608904,0.763300478458,-0.611066818237
0.643840968609,0.0501401200891,1.39244937897,-0.13493783772,0.160269454122,0.763293683529,-0.6111369133
0.643824517727,0.050290338695,1.39241433144,-0.134618639946,0.160240396857,0.76328676939,-0.611223578453
0.643790483475,0.0504450798035,1.39239096642,-0.134474501014,0.16007257998,0.76314663887,-0.611474335194
0.643736362457,0.0508790463209,1.3919980526,-0.134733274579,0.158942624927,0.763146102428,-0.611712574959
0.643451035023,0.0508814752102,1.39210772514,-0.133816242218,0.158617764711,0.763482928276,-0.611577987671
0.643429219723,0.0510262809694,1.3920879364,-0.133610770106,0.158591687679,0.763337135315,-0.611811459064
0.643439650536,0.0512547679245,1.39210677147,-0.133679226041,0.158544793725,0.763061702251,-0.612152218819
0.643402338028,0.0514157563448,1.39208054543,-0.13312612474,0.157916158438,0.763027787209,-0.612477421761
0.643612921238,0.051825940609,1.3919916153,-0.133973538876,0.158043459058,0.762167155743,-0.613330721855
0.643574237823,0.0519660636783,1.39198040962,-0.133771717548,0.158080220222,0.76198142767,-0.613595962524
0.643342077732,0.0516358874738,1.3924176693,-0.132198870182,0.159138187766,0.762174963951,-0.613422989845
0.643243730068,0.0518156588078,1.39241755009,-0.131249591708,0.158565595746,0.762230634689,-0.613705933094
0.643208861351,0.0519113913178,1.3924536705,-0.131007105112,0.158741801977,0.762073159218,-0.613907873631
0.6431183815,0.0519207045436,1.39240574837,-0.130993366241,0.159464642406,0.761869847775,-0.613975644112
0.643086850643,0.0520135164261,1.39242064953,-0.130839452147,0.159555256367,0.761602878571,-0.614316105843
0.642966747284,0.0520998314023,1.3923779726,-0.129997566342,0.158784598112,0.761790990829,-0.614461362362
0.642960965633,0.052155546844,1.39240205288,-0.130278989673,0.15950371325,0.761458575726,-0.614627480507
0.642877519131,0.0527214556932,1.3920686245,-0.13090261817,0.158099353313,0.761329829693,-0.615017175674
0.642840266228,0.0527734234929,1.39208543301,-0.130596265197,0.158240109682,0.761309802532,-0.61507076025
0.642887592316,0.0528083778918,1.39217817783,-0.130458682775,0.158592790365,0.761140346527,-0.615218877792
0.642747461796,0.0528715699911,1.39213180542,-0.12964899838,0.158009886742,0.761274456978,-0.615374147892
0.642718374729,0.0528704598546,1.39216172695,-0.129442930222,0.158614337444,0.761032521725,-0.615561306477
0.642637550831,0.0528717562556,1.39219367504,-0.128873333335,0.158747568727,0.76080095768,-0.615932583809
0.642663955688,0.0529410280287,1.39227211475,-0.128538474441,0.158916443586,0.760476350784,-0.616359770298
0.642519831657,0.0527098700404,1.39247369766,-0.127312004566,0.159474626184,0.760011315346,-0.61704325676
0.642335772514,0.0527321472764,1.39242696762,-0.12637104094,0.159206181765,0.759234309196,-0.618261396885
0.642277181149,0.0527157410979,1.3924716711,-0.125581994653,0.159374505281,0.758324325085,-0.619494378567
0.642542719841,0.0525864362717,1.39278328419,-0.125070035458,0.160749197006,0.756450593472,-0.621530234814
0.642444431782,0.0525691360235,1.3928180933,-0.123674251139,0.160867899656,0.754874765873,-0.623690962791
0.642400801182,0.0529351606965,1.39301848412,-0.123014010489,0.159904971719,0.752556860447,-0.626862287521
0.642274200916,0.0529238283634,1.39306128025,-0.121499203146,0.160043731332,0.750294208527,-0.62982749939
0.64185667038,0.0528294816613,1.39264237881,-0.118820093572,0.158138096333,0.748149037361,-0.633361697197
0.641829192638,0.0525812804699,1.39299368858,-0.116484306753,0.15832798183,0.745409250259,-0.636968493462
0.641732215881,0.0529216378927,1.39293026924,-0.115127004683,0.156628251076,0.742131054401,-0.641447544098
0.641481816769,0.0529927313328,1.3929117918,-0.113132342696,0.155898958445,0.738593935966,-0.646046221256
0.641248524189,0.0527749583125,1.39315629005,-0.109579727054,0.155006110668,0.734872221947,-0.651097774506
0.641128003597,0.0524956323206,1.39319217205,-0.109424673021,0.155050233006,0.730876922607,-0.655594885349
0.640851974487,0.0526542440057,1.39306271076,-0.106794446707,0.151276394725,0.726870059967,-0.661339998245
0.64061152935,0.0529411658645,1.39271652699,-0.10634560138,0.148774042726,0.722884714603,-0.666329205036
0.640717804432,0.0529286935925,1.39291024208,-0.104497671127,0.148126870394,0.71807050705,-0.671947479248
0.640185475349,0.0529820583761,1.39274358749,-0.103430993855,0.147621288896,0.713715612888,-0.676845610142
0.640045762062,0.0530892014503,1.39273452759,-0.101542361081,0.146019488573,0.708916187286,-0.682499229908
0.640004754066,0.053264759481,1.39289355278,-0.0991653352976,0.144211426377,0.703424870968,-0.688885271549
0.640159010887,0.0535197407007,1.39281213284,-0.0980326756835,0.142038375139,0.698682248592,-0.694304049015
0.639891207218,0.0535421296954,1.39278590679,-0.0972299203277,0.141591176391,0.693769931793,-0.6994150877
0.639481782913,0.0531076267362,1.39315748215,-0.0942912697792,0.140788704157,0.689687848091,-0.704001843929
0.639565229416,0.0532965287566,1.39304327965,-0.0937169864774,0.140204340219,0.684859871864,-0.70889133215
0.639026641846,0.0530722700059,1.39292263985,-0.0912655815482,0.137756422162,0.681658267975,-0.712766289711
0.638983786106,0.0532041229308,1.39287114143,-0.0951077565551,0.13872846961,0.676032304764,-0.717418432236
0.638514280319,0.0531732626259,1.39275455475,-0.0891149640083,0.135045811534,0.673559248447,-0.721206784248
0.638325572014,0.0533219091594,1.39262068272,-0.0885182619095,0.132613897324,0.669691681862,-0.725321531296
0.638359725475,0.0530736073852,1.39281058311,-0.0876801982522,0.132318437099,0.665816485882,-0.729035317898
0.637939810753,0.0531132929027,1.39275503159,-0.0869830474257,0.130424305797,0.661544203758,-0.733336746693
0.637770354748,0.0533637106419,1.39236569405,-0.0871042460203,0.12840436399,0.658459246159,-0.736448645592
0.637582600117,0.0533064827323,1.39231538773,-0.0866271033883,0.126776352525,0.655521452427,-0.739401876926
0.637504816055,0.053325638175,1.39237499237,-0.086221896112,0.12585477531,0.652767837048,-0.742038190365
0.637633860111,0.0532036311924,1.39228141308,-0.0851964578032,0.125408351421,0.651428997517,-0.74340736866
0.637215435505,0.0531625561416,1.39242815971,-0.0849147289991,0.123683966696,0.648118078709,-0.746615409851
0.637142062187,0.05312397331,1.3924946785,-0.0843870267272,0.123091891408,0.646417021751,-0.748246192932
0.636985063553,0.0530221424997,1.3923355341,-0.0839995890856,0.121917627752,0.644733548164,-0.749932527542
0.636931478977,0.05278025195,1.39250016212,-0.0833931714296,0.121815033257,0.643185377121,-0.751345038414
0.636843323708,0.0527060925961,1.3924844265,-0.0828559622169,0.121057108045,0.64203286171,-0.752511680126
0.636662602425,0.0525155812502,1.3923984766,-0.082494571805,0.120266437531,0.641087651253,-0.753483474255
0.636589169502,0.0526963919401,1.39202666283,-0.0831236317754,0.118919052184,0.640337944031,-0.754265367985
0.636410951614,0.0526730045676,1.39182758331,-0.0831825807691,0.117705106735,0.639505803585,-0.755154550076
0.63631349802,0.0522384010255,1.39182662964,-0.0828694552183,0.120077028871,0.641325891018,-0.753269791603
0.636238992214,0.0521340444684,1.3918017149,-0.0827486142516,0.119725324214,0.64087086916,-0.753726065159
0.636138260365,0.0520277991891,1.39176785946,-0.0826156437397,0.119364738464,0.640588104725,-0.754038214684
0.635957658291,0.0520845502615,1.39175152779,-0.0826627835631,0.118578188121,0.640197396278,-0.754488766193
0.636080384254,0.0519955195487,1.39191269875,-0.0831940174103,0.118797384202,0.639675796032,-0.75483828783
0.636011779308,0.0518845245242,1.39187681675,-0.0831498652697,0.118332177401,0.639391362667,-0.75515717268
0.635927081108,0.051779191941,1.39184093475,-0.0830478742719,0.117995545268,0.639100790024,-0.755467116833
0.63583779335,0.0513676851988,1.39214134216,-0.0819751396775,0.118291169405,0.63893777132,-0.755675792694
0.635762810707,0.0512708947062,1.39211463928,-0.0818271562457,0.118044301867,0.638714551926,-0.755919039249
0.635572850704,0.0511135943234,1.39192557335,-0.0813585743308,0.117837093771,0.638755083084,-0.75596767664
0.635480582714,0.0510453879833,1.39180707932,-0.0811855494976,0.117401659489,0.638616681099,-0.756170928478
0.635326564312,0.0510151907802,1.39179563522,-0.0808347836137,0.116502895951,0.638467788696,-0.756473243237
0.635287880898,0.0508876293898,1.39176285267,-0.0807723030448,0.116617813706,0.638322353363,-0.756584882736
0.635229289532,0.0507913790643,1.39173531532,-0.0805558562279,0.116416074336,0.638255953789,-0.756695210934
0.635339915752,0.0504682734609,1.3918325901,-0.0809576436877,0.116348646581,0.63828510046,-0.756638050079
0.635266780853,0.0503500923514,1.39180183411,-0.0806340500712,0.116120815277,0.638459324837,-0.756560564041
0.635214686394,0.0502573475242,1.39180207253,-0.0804403051734,0.115769691765,0.638644397259,-0.756478726864
0.63542509079,0.0500191226602,1.39198613167,-0.0804515108466,0.116595767438,0.638898074627,-0.756136417389
0.635381877422,0.0501895584166,1.3919980526,-0.0808516666293,0.115843594074,0.639128506184,-0.7560146451
0.635659277439,0.0500370264053,1.39193534851,-0.0814204514027,0.116470180452,0.639470040798,-0.75556832552
0.635342478752,0.0496484339237,1.39196431637,-0.0803994089365,0.116216182709,0.640882015228,-0.754519760609
0.634995877743,0.0499238818884,1.3913064003,-0.0810466855764,0.114340998232,0.641939043999,-0.753838121891
0.634804069996,0.0501260310411,1.39124417305,-0.0798948630691,0.112336032093,0.642467021942,-0.753812730312
0.634861648083,0.0496687665582,1.39161038399,-0.0796692371368,0.114733405411,0.644284665585,-0.751921832561
0.634920060635,0.0494311675429,1.39159166813,-0.0798819735646,0.11545599252,0.645854830742,-0.750440061092
0.634892880917,0.0492843016982,1.39155888557,-0.080203153193,0.115469031036,0.647203862667,-0.749240756035
0.634851038456,0.0491343215108,1.39152884483,-0.0800719857216,0.115029774606,0.648793458939,-0.747946321964
0.634732604027,0.0490418858826,1.3914835453,-0.0804181396961,0.114348746836,0.650261819363,-0.746737539768
0.634754061699,0.0487644374371,1.39153695107,-0.0803287178278,0.114950299263,0.652382731438,-0.744802415371
0.634325623512,0.048635289073,1.39128255844,-0.0798445567489,0.113606899977,0.654075801373,-0.743574738503
0.634325861931,0.0484256595373,1.39116334915,-0.0803124755621,0.113906875253,0.656316995621,-0.741500556469
0.634737491608,0.0477663204074,1.39146471024,-0.0808097273111,0.116356313229,0.658972322941,-0.738705933094
0.634336471558,0.0479018315673,1.39113068581,-0.081828340888,0.114044971764,0.661091327667,-0.737059235573
0.633985638618,0.0476418957114,1.39090967178,-0.0811251401901,0.112514302135,0.662798345089,-0.735837996006
0.633942425251,0.0476556457579,1.39053416252,-0.0827078223228,0.112583003938,0.666438519955,-0.732355237007
0.633963048458,0.047444075346,1.39050602913,-0.0837411358953,0.112490221858,0.669030070305,-0.729885041714
0.633711695671,0.0472621321678,1.39024400711,-0.0846627354622,0.11150021106,0.672196269035,-0.727015912533
0.633804857731,0.0471112653613,1.39023983479,-0.0867782533169,0.11327829957,0.674292206764,-0.724546551704
0.633443653584,0.0463422946632,1.39042818546,-0.087174192071,0.115144081414,0.677856087685,-0.720870018005
0.633303403854,0.0460729710758,1.39032566547,-0.0867338478565,0.114105217159,0.681423187256,-0.717718541622
0.633355677128,0.045792452991,1.39036440849,-0.0878954976797,0.114434696734,0.684712648392,-0.714386224747
0.633423626423,0.0454432293773,1.39049053192,-0.0901418700814,0.117083258927,0.687778234482,-0.710723102093
0.633422017097,0.0450224131346,1.39048027992,-0.0906181782484,0.110689550638,0.690150499344,-0.709386050701
0.632758557796,0.044642098248,1.3901257515,-0.0904999896884,0.110449329019,0.694361448288,-0.705317616463
0.632744371891,0.044662989676,1.3895856142,-0.0916161760688,0.108505688608,0.697445690632,-0.702426195145
0.632364690304,0.0445029437542,1.38947927952,-0.0923138856888,0.108118712902,0.698154509068,-0.701689958572
0.632379233837,0.0445851534605,1.38940095901,-0.0954240486026,0.107168585062,0.699615120888,-0.699962675571
0.631769001484,0.0437549203634,1.38984894753,-0.093834400177,0.10933367908,0.702776968479,-0.696667730808
0.631325542927,0.043275333941,1.38981640339,-0.0954408422112,0.109689258039,0.706075429916,-0.693049132824
0.631370961666,0.0430357195437,1.38987541199,-0.0954747721553,0.1095180884,0.708654344082,-0.690434277058
0.63102221489,0.0429433211684,1.38946604729,-0.0974159985781,0.107031583786,0.71066057682,-0.688488304615
0.630488157272,0.0425069816411,1.38980317116,-0.0975048691034,0.108315512538,0.711656630039,-0.68724489212
0.630418002605,0.0424000099301,1.38975632191,-0.0995711088181,0.107049576938,0.712946474552,-0.6858086586
0.629794061184,0.0418074801564,1.38983333111,-0.0989260450006,0.106418661773,0.71534538269,-0.68349814415
0.629507005215,0.0415342450142,1.38988649845,-0.10036110878,0.106335163116,0.716842770576,-0.681730926037
0.629792034626,0.0411845780909,1.39009523392,-0.101930126548,0.107318505645,0.718270301819,-0.679838836193
0.629046618938,0.0406647212803,1.39016854763,-0.101631999016,0.105818815529,0.719636797905,-0.678672492504
0.629156708717,0.0406370609999,1.39008367062,-0.103955358267,0.106598049402,0.720495283604,-0.677286446095
0.628244102001,0.0397484228015,1.39009273052,-0.102254614234,0.105842910707,0.722549080849,-0.6754732728
0.627598643303,0.039652492851,1.38993537426,-0.103437952697,0.106300637126,0.72301453352,-0.674722671509
0.627176702023,0.0392790213227,1.38996088505,-0.103666596115,0.105628244579,0.723891437054,-0.673852562904
0.627195835114,0.0390804633498,1.39012145996,-0.105623520911,0.105295993388,0.723399996758,-0.674128353596
0.626820623875,0.0388040244579,1.39010894299,-0.105975463986,0.104194499552,0.72393488884,-0.673669815063
0.626193702221,0.0382203795016,1.39019048214,-0.105660036206,0.103353463113,0.725139677525,-0.672552227974
0.626076340675,0.0378110185266,1.39020192623,-0.104922778904,0.101586721838,0.727191388607,-0.670719027519
0.625820875168,0.0378179699183,1.38987696171,-0.106245733798,0.100372828543,0.726902127266,-0.671007275581
0.624744772911,0.0373488292098,1.38970315456,-0.104736231267,0.0981497392058,0.727634072304,-0.670779764652
0.624090433121,0.036714926362,1.38979160786,-0.10517090559,0.0987557843328,0.726101875305,-0.672281563282
0.623626291752,0.0364508517087,1.38952052593,-0.103844329715,0.0958756953478,0.727835714817,-0.671028494835
0.623268544674,0.0358616635203,1.39020311832,-0.105427116156,0.098277233541,0.725564599037,-0.672891318798
0.622817099094,0.0354158207774,1.39020621777,-0.104734659195,0.0979549363256,0.725870609283,-0.67271643877
0.622387826443,0.0351021997631,1.39000117779,-0.105837956071,0.0969965979457,0.726371824741,-0.672141373158
0.621740043163,0.0345993936062,1.38990402222,-0.105302117765,0.0958679839969,0.726378083229,-0.672380626202
0.621281325817,0.0342693552375,1.38982307911,-0.105788201094,0.0949299708009,0.726173877716,-0.672658026218
0.620576322079,0.0338746458292,1.38977205753,-0.104163192213,0.0917788520455,0.727916538715,-0.671464145184
0.620119452477,0.0333110839128,1.38990056515,-0.103507451713,0.0913305208087,0.727222204208,-0.672378599644
0.619718670845,0.0328908748925,1.3899371624,-0.103516273201,0.0906359702349,0.727092444897,-0.672611355782
0.619630753994,0.0330510027707,1.38957357407,-0.105931095779,0.0893858075142,0.726707339287,-0.672819077969
0.619103014469,0.0317422673106,1.39008080959,-0.104058459401,0.0904174298048,0.726964533329,-0.672695398331
0.619018614292,0.0316386371851,1.39013695717,-0.105341404676,0.0896158516407,0.726549804211,-0.673051059246
0.618471860886,0.0317171439528,1.38959801197,-0.105671621859,0.0871053859591,0.726208984852,-0.67369633913
0.618129432201,0.0313153490424,1.38975405693,-0.105524882674,0.0862022936344,0.726160407066,-0.673887968063
0.617374718189,0.0302154123783,1.39010500908,-0.103227205575,0.0858477056026,0.72686368227,-0.673530697823
0.616795957088,0.0296467598528,1.39012658596,-0.104834809899,0.0862228572369,0.725705444813,-0.674482703209
0.6169937253,0.0291702598333,1.39005732536,-0.104366861284,0.0845485925674,0.727161705494,-0.673197686672
0.616775393486,0.0284769870341,1.39050006866,-0.104308217764,0.0842980593443,0.727176964283,-0.673221707344
0.616719901562,0.028309661895,1.39048910141,-0.105438634753,0.0840473771095,0.726537287235,-0.673767268658
0.616190314293,0.0273150224239,1.39070105553,-0.104160130024,0.082993619144,0.726971328259,-0.673628509045
0.615509986877,0.0268671568483,1.39039885998,-0.103251039982,0.0808525830507,0.727129995823,-0.673857748508
0.615317523479,0.0263741910458,1.39036822319,-0.103434935212,0.0799468234181,0.727149546146,-0.673916339874
0.615156531334,0.0254265256226,1.3906160593,-0.103584140539,0.0818817615509,0.725720465183,-0.675200521946
0.615158855915,0.0250352676958,1.39078617096,-0.103984870017,0.0807522162795,0.725152671337,-0.675884485245
0.615138292313,0.0243469644338,1.39092028141,-0.105289235711,0.0771755501628,0.724830389023,-0.676445960999
0.614579796791,0.0239037442952,1.39076328278,-0.105668373406,0.0763353854418,0.723460495472,-0.677946925163
0.614829838276,0.0231329705566,1.3908406496,-0.105052232742,0.0752283558249,0.724422514439,-0.67713868618
0.614812672138,0.0227489061654,1.39056873322,-0.105601094663,0.074114523828,0.724257826805,-0.677352190018
0.614822566509,0.0218319166452,1.39119136333,-0.105078645051,0.0743530094624,0.723884344101,-0.67780649662
0.614570438862,0.0213355515152,1.39108359814,-0.104806944728,0.0725878626108,0.72369903326,-0.678237736225
0.614416658878,0.0206428207457,1.39086210728,-0.106965430081,0.0720274671912,0.723114669323,-0.678583621979
0.614647507668,0.0197448655963,1.39110887051,-0.106984034181,0.0720983818173,0.722838580608,-0.678867340088
0.61456912756,0.0193072594702,1.3911819458,-0.105580858886,0.068131275475,0.722792387009,-0.679545462132
0.61485683918,0.018280223012,1.39131689072,-0.107031613588,0.0710048303008,0.722187936306,-0.679666876793
0.61499106884,0.0176219940186,1.39142751694,-0.107308149338,0.0702169090509,0.721756398678,-0.680163443089
0.615212440491,0.0168000422418,1.3918608427,-0.106801316142,0.0699961856008,0.721366524696,-0.680679380894
0.6151227355,0.0161900371313,1.39179420471,-0.106734059751,0.0682445913553,0.720912396908,-0.681348502636
0.615199804306,0.0153820607811,1.39197969437,-0.106159523129,0.0676865428686,0.720728754997,-0.681688189507
0.615501821041,0.0142870806158,1.39217829704,-0.105863668025,0.0677702724934,0.720593690872,-0.681868612766
0.615602910519,0.0135111771524,1.39224386215,-0.105699293315,0.0668657049537,0.720087528229,-0.682517826557
0.615690648556,0.012842410244,1.39242720604,-0.104998484254,0.0650960281491,0.719673216343,-0.683233618736
0.615788936615,0.012039732188,1.39240181446,-0.105196408927,0.0645750686526,0.719284713268,-0.683661699295
0.615995645523,0.0109827872366,1.39263010025,-0.105796977878,0.0655622705817,0.717704117298,-0.685134589672
0.61647939682,0.0101180421188,1.39292609692,-0.104296527803,0.0635363012552,0.71828097105,-0.68495118618
0.616445541382,0.0091761816293,1.39321470261,-0.105008594692,0.0640990287066,0.716572225094,-0.686577677727
0.616938650608,0.00884434487671,1.39316725731,-0.104405976832,0.0610827952623,0.716802179813,-0.686704397202
0.616778731346,0.00758836558089,1.3933570385,-0.102673619986,0.060167722404,0.716923236847,-0.686920046806
0.617189764977,0.00689256610349,1.3935751915,-0.103176362813,0.0592886917293,0.716248750687,-0.687624454498
0.617537498474,0.00570324994624,1.39388978481,-0.102457687259,0.0591598786414,0.715655446053,-0.688360333443
0.617682695389,0.00518722413108,1.39362740517,-0.10256690532,0.057149246335,0.715240895748,-0.688944458961
0.617958605289,0.00415296433493,1.39391005039,-0.100786700845,0.0567492507398,0.714857637882,-0.68963766098
0.618272125721,0.00336617231369,1.39409422874,-0.103367872536,0.0562227256596,0.713578760624,-0.690622448921
0.61814147234,0.00278097391129,1.39416062832,-0.1020366624,0.0535810776055,0.712664604187,-0.691973209381
0.618723213673,0.00161653570831,1.39458048344,-0.102647893131,0.053621288389,0.711970925331,-0.69259339571
0.618620157242,0.000759839080274,1.39472770691,-0.103680796921,0.0560552664101,0.710126101971,-0.694139063358
0.618574798107,0.000116080977023,1.39475858212,-0.103490300477,0.053448241204,0.708993434906,-0.695529639721
0.618441879749,-0.00128790270537,1.39551401138,-0.101444631815,0.0528891868889,0.708356261253,-0.696522116661
0.619182884693,-0.00200016237795,1.39545071125,-0.10282869637,0.0525635778904,0.707552552223,-0.697160601616
0.619066059589,-0.00271358340979,1.39549505711,-0.102719053626,0.0508422926068,0.70656979084,-0.698300123215
0.6197052598,-0.00389830954373,1.39602935314,-0.0995948389173,0.0477451495826,0.707764208317,-0.697761595249
0.620116114616,-0.00403517764062,1.39652895927,-0.104718305171,0.0492527000606,0.703826546669,-0.700882554054
0.620465517044,-0.00509912613779,1.39666211605,-0.103255420923,0.0477652288973,0.70469892025,-0.700325906277
0.620343446732,-0.00614928733557,1.39672362804,-0.10261772573,0.04677112028,0.703931033611,-0.70125824213
0.620103240013,-0.00725816842169,1.39696717262,-0.0995751768351,0.0426700077951,0.703876852989,-0.70201253891
0.620562314987,-0.00846702605486,1.39753007889,-0.10124219954,0.0456135421991,0.702801465988,-0.702666223049
0.620493412018,-0.00974322669208,1.39793765545,-0.100120201707,0.0447018928826,0.702878773212,-0.702807962894
0.620548129082,-0.0106462109834,1.39815509319,-0.0997330546379,0.0432103462517,0.701830625534,-0.704002737999
0.620665848255,-0.0116129405797,1.39842903614,-0.0996194034815,0.0424621067941,0.700926184654,-0.70496481657
0.620937407017,-0.0127469208091,1.39895498753,-0.099471449852,0.042008548975,0.700008451939,-0.705924332142
0.620754778385,-0.0135973617435,1.39921593666,-0.100139729679,0.0412710383534,0.697395563126,-0.708454847336
0.621157169342,-0.0137966070324,1.39956009388,-0.102521114051,0.0401374921203,0.695084869862,-0.710447430611
0.621043145657,-0.0146772172302,1.40001296997,-0.100102297962,0.0357976704836,0.695060610771,-0.711047768593
0.620811879635,-0.0161167755723,1.39996576309,-0.0986824631691,0.0352077186108,0.694848835468,-0.711482405663
