x,y,z,q0,q1,q2,q3
0.577951610088,-0.0864336565137,1.51049506664,-0.212141603231,0.169758304954,0.861067354679,-0.429815262556
0.577510297298,-0.0851362794638,1.51040637493,-0.212692767382,0.17151363194,0.86135917902,-0.428258448839
0.577089846134,-0.0837728530169,1.51022279263,-0.213414654136,0.173321902752,0.861474871635,-0.426936626434
0.576578617096,-0.0824432149529,1.50995337963,-0.213724002242,0.175273522735,0.86188852787,-0.425146311522
0.57606869936,-0.0810676217079,1.50971198082,-0.214059457183,0.177165254951,0.862147033215,-0.423666715622
0.575444281101,-0.0796937197447,1.50957894325,-0.215129181743,0.179695919156,0.862145960331,-0.42205837369
0.574927151203,-0.0781603902578,1.50917518139,-0.21585457027,0.181126073003,0.862521588802,-0.420305490494
0.574388802052,-0.0768443718553,1.50901150703,-0.217133149505,0.184046790004,0.862051963806,-0.419340282679
0.573899567127,-0.0753299444914,1.50873470306,-0.218227520585,0.18609122932,0.862102925777,-0.417762368917
0.57340824604,-0.0739134699106,1.50836491585,-0.219466283917,0.188471347094,0.861586749554,-0.417110830545
0.572830379009,-0.0725265443325,1.50821638107,-0.220834955573,0.190857678652,0.861223757267,-0.416051626205
0.572266876698,-0.0710133612156,1.50775623322,-0.222206711769,0.192388653755,0.860772669315,-0.415549486876
0.571583151817,-0.0696159824729,1.50768053532,-0.223542228341,0.194366008043,0.860797166824,-0.413858473301
0.571111023426,-0.0681985914707,1.50719797611,-0.225229337811,0.195640534163,0.860090911388,-0.413811802864
0.570596337318,-0.0667552351952,1.5070284605,-0.226832181215,0.196931004524,0.859809577465,-0.412907958031
0.570171117783,-0.0653432011604,1.50665140152,-0.228519961238,0.197817638516,0.85923409462,-0.412751346827
0.569711744785,-0.0639436244965,1.50638318062,-0.230059072375,0.198834568262,0.858551681042,-0.412827670574
0.569259822369,-0.0626488178968,1.50614833832,-0.231273621321,0.199915587902,0.85781621933,-0.413155645132
0.568858146667,-0.0611990354955,1.50578165054,-0.232811331749,0.200007095933,0.857172191143,-0.413584321737
0.568510651588,-0.0598732382059,1.50550687313,-0.233723968267,0.200304806232,0.856719732285,-0.413862764835
0.568091869354,-0.0585323348641,1.50519227982,-0.234224766493,0.200641676784,0.856212675571,-0.414465427399
0.567672967911,-0.0571680031717,1.50451624393,-0.234585985541,0.200216367841,0.855687379837,-0.415550321341
0.567421853542,-0.055743560195,1.50409626961,-0.235357224941,0.200280800462,0.855001449585,-0.41649377346
0.567049264908,-0.0543957352638,1.50366544724,-0.235518991947,0.200291335583,0.854351401329,-0.417729496956
0.566763401031,-0.0530401393771,1.50329899788,-0.235710665584,0.200665056705,0.853724479675,-0.418722450733
0.566410720348,-0.0516333766282,1.50259697437,-0.235760957003,0.200604066253,0.853033661842,-0.420129060745
0.566105365753,-0.0503289029002,1.50206911564,-0.235684767365,0.201392024755,0.852788448334,-0.420292437077
0.56566631794,-0.0489423386753,1.50154733658,-0.235604375601,0.202173665166,0.852157175541,-0.421241700649
0.565287292004,-0.0482630357146,1.50088775158,-0.235146135092,0.203638851643,0.852005302906,-0.421099245548
0.56492805481,-0.0468292832375,1.50028610229,-0.235431954265,0.204903170466,0.851609945297,-0.421125918627
0.564637899399,-0.0447206869721,1.49971461296,-0.236029163003,0.205401301384,0.850756645203,-0.422272086143
0.564158797264,-0.0440704375505,1.49908220768,-0.235300898552,0.208046510816,0.850791871548,-0.421311318874
0.56375849247,-0.0426465757191,1.49832379818,-0.235314682126,0.209419384599,0.850450277328,-0.421313256025
0.563406288624,-0.040520850569,1.49763321877,-0.235870495439,0.210503056645,0.849279463291,-0.42282140255
0.563132286072,-0.0390796326101,1.49683701992,-0.235958382487,0.212377026677,0.848511278629,-0.423377156258
0.562663376331,-0.0384364649653,1.49607276917,-0.235670015216,0.215435564518,0.84801363945,-0.42298951745
0.562283575535,-0.0371770039201,1.49523890018,-0.235432446003,0.217402458191,0.847436249256,-0.423272490501
0.562134027481,-0.0349440276623,1.49445414543,-0.236960723996,0.217632353306,0.846123099327,-0.424925267696
0.561817884445,-0.0336889736354,1.49342036247,-0.237138405442,0.218909800053,0.845250427723,-0.425905615091
0.561564862728,-0.032326310873,1.49266219139,-0.237849056721,0.219974204898,0.844482779503,-0.426483422518
0.561335742474,-0.0311045870185,1.49174940586,-0.238336160779,0.221290871501,0.843491435051,-0.427490949631
0.561053216457,-0.0298790968955,1.49106585979,-0.238649383187,0.222231805325,0.842979669571,-0.427837252617
0.560846447945,-0.0287462994456,1.4901446104,-0.239034846425,0.222945719957,0.842224955559,-0.428736269474
0.560620427132,-0.0276042893529,1.48941361904,-0.239794760942,0.223099216819,0.841747820377,-0.429168760777
0.560262322426,-0.0273142755032,1.48893213272,-0.239848509431,0.22502759099,0.841534078121,-0.428550571203
0.560052037239,-0.026242017746,1.48824584484,-0.240677699447,0.225234076381,0.840955972672,-0.429111778736
0.559940755367,-0.02451563254,1.48760640621,-0.241991430521,0.224006190896,0.840251743793,-0.430393218994
0.559782266617,-0.0236536376178,1.4871635437,-0.242928057909,0.224426016212,0.839643001556,-0.4308347404
0.558953523636,-0.0242524147034,1.48678302765,-0.238053694367,0.226898208261,0.838431060314,-0.434604436159
0.558821320534,-0.0232968889177,1.48632323742,-0.239505901933,0.226577162743,0.837941765785,-0.434917628765
0.558508098125,-0.0233161114156,1.48629820347,-0.240252658725,0.228257805109,0.837605535984,-0.43427413702
0.558461666107,-0.0219807755202,1.48590457439,-0.241461753845,0.22744473815,0.83622020483,-0.436693191528
0.557912528515,-0.0216831900179,1.48517668247,-0.240927428007,0.227451890707,0.835960268974,-0.437481462955
0.557680726051,-0.0209656283259,1.48526000977,-0.242472931743,0.227324187756,0.835422039032,-0.437722146511
0.557562947273,-0.0202945545316,1.48527371883,-0.244069859385,0.227094113827,0.834724843502,-0.438283771276
0.557573795319,-0.0204211585224,1.48565530777,-0.245400890708,0.228211194277,0.833903849125,-0.438523054123
0.557334840298,-0.0199731625617,1.48557519913,-0.245941698551,0.228246644139,0.833278656006,-0.439389169216
0.557256400585,-0.0194199308753,1.48555970192,-0.246894434094,0.227336421609,0.832410991192,-0.440968573093
0.557237386703,-0.0188971143216,1.48568618298,-0.247894600034,0.226750329137,0.831443190575,-0.442532271147
0.557422161102,-0.0176552217454,1.48566484451,-0.249383211136,0.224875360727,0.830213010311,-0.44495549798
0.557465732098,-0.0171906817704,1.48596966267,-0.250308424234,0.224369317293,0.829379677773,-0.446243464947
0.557698369026,-0.0167948715389,1.48574411869,-0.250169545412,0.223114430904,0.828213334084,-0.449107795954
0.557718276978,-0.0162309333682,1.48589193821,-0.250780522823,0.221460297704,0.827374815941,-0.451126784086
0.55785793066,-0.0165036469698,1.48629117012,-0.251097172499,0.22157433629,0.826909542084,-0.451747238636
0.5579636693,-0.015957262367,1.48649418354,-0.251847893,0.220516294241,0.826133787632,-0.453263789415
0.558023691177,-0.0155092217028,1.48685491085,-0.252401769161,0.219855263829,0.825432240963,-0.454553216696
0.558125853539,-0.0150368288159,1.48694455624,-0.252332687378,0.21826672554,0.824628055096,-0.456811159849
0.558439850807,-0.0144952684641,1.48720908165,-0.253088802099,0.216923117638,0.823828816414,-0.458472073078
0.558587372303,-0.0132341645658,1.48717463017,-0.253488391638,0.214562416077,0.823052048683,-0.460751533508
0.558548271656,-0.0128903668374,1.48743700981,-0.253609746695,0.214150816202,0.822626292706,-0.461635619402
0.558551132679,-0.0125303585082,1.48700630665,-0.252977728844,0.212686359882,0.822504639626,-0.462874680758
0.558671236038,-0.0127586089075,1.48716723919,-0.253254473209,0.212402895093,0.822401463985,-0.463036864996
0.558575093746,-0.0123955570161,1.48750376701,-0.253581941128,0.21221293509,0.821849346161,-0.463924020529
0.558557450771,-0.0120488274843,1.48748421669,-0.253931492567,0.211658671498,0.82141238451,-0.464759379625
0.557893812656,-0.0112568177283,1.48685240746,-0.253451049328,0.209875822067,0.820904016495,-0.466723978519
0.558253109455,-0.0113626420498,1.48735880852,-0.254698425531,0.210962682962,0.820572435856,-0.466137737036
0.558382928371,-0.0108292270452,1.48742902279,-0.256241798401,0.210527032614,0.819736719131,-0.466958522797
0.558450222015,-0.0103663392365,1.4871108532,-0.257152974606,0.209767431021,0.819124937057,-0.467872083187
0.558418810368,-0.0100378748029,1.4870275259,-0.25803104043,0.209773346782,0.81838452816,-0.468680977821
0.558253467083,-0.00968305766582,1.48720002174,-0.259182810783,0.210235148668,0.817782044411,-0.468890100718
0.55820274353,-0.00932331755757,1.48707914352,-0.259987652302,0.210126727819,0.817018985748,-0.469822496176
0.557640850544,-0.00844492390752,1.48653101921,-0.260268509388,0.208765402436,0.816228210926,-0.471644729376
0.558095216751,-0.00757873989642,1.48692250252,-0.265576660633,0.207880958915,0.817015588284,-0.467696636915
0.558110356331,-0.00720714591444,1.48678398132,-0.266457438469,0.207779362798,0.816222727299,-0.468624204397
0.557801961899,-0.00787008926272,1.4866861105,-0.263272076845,0.210733801126,0.813688158989,-0.473487854004
0.557849526405,-0.00756059028208,1.48661732674,-0.264161348343,0.21067969501,0.812930822372,-0.474316835403
0.558030545712,-0.00613808259368,1.48666501045,-0.269034743309,0.208031579852,0.813725292683,-0.471374869347
0.557763457298,-0.00580085813999,1.48649609089,-0.268926411867,0.208223059773,0.813413262367,-0.471890509129
0.557848751545,-0.00533007830381,1.48642838001,-0.269620060921,0.207757085562,0.812645614147,-0.473021477461
0.557539701462,-0.00599072873592,1.48627126217,-0.265765875578,0.210282713175,0.810766518116,-0.477291792631
0.557844698429,-0.00455014593899,1.48610281944,-0.270279020071,0.207342416048,0.811624288559,-0.474578022957
0.557728290558,-0.00416577421129,1.48637235165,-0.271146386862,0.207748904824,0.811228990555,-0.474581509829
0.557626664639,-0.00376491807401,1.48635315895,-0.271649509668,0.20767571032,0.810881376266,-0.474919766188
0.557313144207,-0.00340338982642,1.48608529568,-0.271426647902,0.207779526711,0.810698032379,-0.475314557552
0.557207942009,-0.003054600209,1.48597884178,-0.271776020527,0.207784771919,0.8102029562,-0.475956350565
0.557154476643,-0.00265449844301,1.48596966267,-0.272480279207,0.207751303911,0.809798955917,-0.476255834103
0.557336211205,-0.00219999626279,1.48605144024,-0.273671329021,0.207633942366,0.8090685606,-0.476865023375
0.557281970978,-0.00185998342931,1.48608195782,-0.274248212576,0.207724705338,0.808731853962,-0.477065145969
0.557024598122,-0.00149103812873,1.48597037792,-0.274489402771,0.207606047392,0.808507740498,-0.47735786438
0.55689239502,-0.00109314359725,1.48589789867,-0.27485704422,0.207321733236,0.80802744627,-0.478082567453
0.557009994984,-0.00161050446332,1.48612618446,-0.272093176842,0.209976583719,0.805786430836,-0.482269018888
0.557048976421,-0.00125874578953,1.4861869812,-0.272761821747,0.209892019629,0.805272161961,-0.48278683424
0.557129561901,-0.000826988369226,1.48620402813,-0.27356916666,0.209509700537,0.804747700691,-0.483370274305
0.557166457176,-0.000445438548923,1.48625743389,-0.274019241333,0.209376081824,0.804014861584,-0.484391689301
0.557171702385,-8.49310308695e-05,1.48628818989,-0.274297565222,0.209102630615,0.803461968899,-0.485268890858
0.557250797749,0.000308234244585,1.48641061783,-0.274900436401,0.20877866447,0.802895784378,-0.486003786325
0.557201087475,0.00155952945352,1.48632490635,-0.278311431408,0.206071227789,0.803926587105,-0.483507364988
0.55737131834,0.00110138393939,1.48652720451,-0.275088876486,0.20749849081,0.801709592342,-0.488397538662
0.557344615459,0.00131723284721,1.48641705513,-0.274427205324,0.207126557827,0.801264703274,-0.489656329155
0.557605624199,0.00175954774022,1.48665952682,-0.274852097034,0.206582844257,0.800641059875,-0.490666568279
0.557513952255,0.00204134918749,1.48651969433,-0.274112522602,0.20603440702,0.800416886806,-0.491675674915
0.557919979095,0.00331057980657,1.48666250706,-0.277726054192,0.203188732266,0.801221728325,-0.489516496658
0.557864248753,0.00269789434969,1.48667609692,-0.273673325777,0.20520453155,0.79945731163,-0.493823796511
0.558289170265,0.00405309721828,1.48675739765,-0.277228802443,0.201947331429,0.800628423691,-0.491279631853
0.558555185795,0.00435911864042,1.48688530922,-0.27701446414,0.201905846596,0.80037778616,-0.491825670004
0.558716714382,0.00472076237202,1.48700082302,-0.276634454727,0.201567918062,0.800243377686,-0.492396324873
0.55882781744,0.00419572554529,1.48714542389,-0.273041754961,0.203459873796,0.798682689667,-0.496143341064
0.558828353882,0.00443969666958,1.48718464375,-0.272404283285,0.20334045589,0.798562467098,-0.496735811234
0.55910885334,0.0058200918138,1.48733365536,-0.275939553976,0.200072228909,0.799693703651,-0.494285732508
0.559339940548,0.00615481287241,1.4874150753,-0.275848835707,0.199637398124,0.799608409405,-0.494650006294
0.55951744318,0.00650960206985,1.48759698868,-0.275791943073,0.199362769723,0.799520909786,-0.49493393302
0.559733092785,0.00687073357403,1.48761367798,-0.275743871927,0.19874073565,0.79957485199,-0.495123714209
0.559893429279,0.00720073282719,1.48775684834,-0.275497287512,0.198299750686,0.799757242203,-0.495143353939
0.56001830101,0.00658471696079,1.48776960373,-0.271581739187,0.200219631195,0.798229813576,-0.498983740807
0.560193181038,0.00781270675361,1.48782527447,-0.274941205978,0.197587922215,0.799698829651,-0.495830774307
0.560320019722,0.00812643021345,1.48787772655,-0.274862080812,0.19725112617,0.799736201763,-0.495948523283
0.560492277145,0.00749219208956,1.48791313171,-0.271200805902,0.199443861842,0.798283219337,-0.499416023493
0.560689091682,0.00871775858104,1.48792362213,-0.274773687124,0.196798652411,0.799620389938,-0.496363729239
0.56066685915,0.00896861217916,1.48782372475,-0.274439394474,0.196616441011,0.799688637257,-0.496510922909
0.561018407345,0.0094365440309,1.48809301853,-0.275192379951,0.196270495653,0.799390256405,-0.496711522341
0.561153709888,0.00875724293292,1.48812675476,-0.271472841501,0.198493570089,0.797875344753,-0.500297665596
0.561320245266,0.00910347886384,1.48811495304,-0.27158677578,0.198190107942,0.797804892063,-0.500468552113
0.561496257782,0.0102986712009,1.48813080788,-0.275075256824,0.195900186896,0.799249053001,-0.497149556875
0.561658799648,0.010590614751,1.48815453053,-0.27507609129,0.195987075567,0.799194037914,-0.497203350067
0.561775743961,0.0108228418976,1.48818600178,-0.274888932705,0.196426078677,0.799208343029,-0.497110545635
0.561992824078,0.0111084282398,1.48796451092,-0.274656832218,0.196180403233,0.799412608147,-0.497007459402
0.562107503414,0.0104325879365,1.48804056644,-0.271213084459,0.198852092028,0.798284351826,-0.499643117189
0.562151730061,0.0107144229114,1.48830747604,-0.271669268608,0.199376165867,0.798605978489,-0.498671621084
0.562336862087,0.0118493959308,1.48826658726,-0.275056988001,0.197478398681,0.800197422504,-0.495005220175
0.562416195869,0.0120235793293,1.48842191696,-0.274950236082,0.198504805565,0.80052626133,-0.494121342897
0.562421739101,0.0113277249038,1.48845398426,-0.271148175001,0.201263695955,0.799446344376,-0.49684715271
0.562394320965,0.0123687516898,1.48826634884,-0.274055093527,0.199481070042,0.801374673843,-0.492848783731
0.562473416328,0.0117043275386,1.48825895786,-0.270556867123,0.202407211065,0.80033159256,-0.495277404785
0.562645614147,0.0127714369446,1.48828363419,-0.273759126663,0.201103314757,0.802105844021,-0.491161584854
0.562968432903,0.0121594499797,1.48850631714,-0.270948529243,0.203845649958,0.800655126572,-0.493948698044
0.562847137451,0.0122297536582,1.48838293552,-0.270035922527,0.204551666975,0.801050961018,-0.493514448404
0.563014388084,0.0125070530921,1.48842585087,-0.270285487175,0.204816073179,0.801504611969,-0.492530792952
0.563266456127,0.0135636683553,1.48832023144,-0.273409843445,0.202778860927,0.803469479084,-0.488430649042
0.563366293907,0.0128337014467,1.48841786385,-0.269557923079,0.205820068717,0.802502393723,-0.490883529186
0.563537180424,0.0129951927811,1.48848414421,-0.269231468439,0.206041693687,0.803158462048,-0.489895612001
0.563791871071,0.0148353930563,1.48832440376,-0.272711157799,0.202594339848,0.804750442505,-0.486786425114
0.564118087292,0.0150913521647,1.48848319054,-0.272701978683,0.202568218112,0.805023372173,-0.486350953579
0.564253211021,0.01451074332,1.48860836029,-0.271841108799,0.20379589498,0.805909335613,-0.484850287437
0.564399123192,0.014656201005,1.48859667778,-0.271164566278,0.203805238008,0.806423068047,-0.484370917082
0.564520180225,0.014775339514,1.48858940601,-0.270347476006,0.204107165337,0.806928217411,-0.483858734369
0.564665257931,0.0149345193058,1.48856294155,-0.26973298192,0.204139247537,0.807272076607,-0.483614712954
0.564817786217,0.015118252486,1.48854899406,-0.269117683172,0.204166337848,0.807718157768,-0.48320093751
0.56470489502,0.0152246300131,1.48840939999,-0.267898082733,0.204348653555,0.808318555355,-0.482797592878
0.565015256405,0.0154743287712,1.4885456562,-0.267942517996,0.204443275928,0.808270990849,-0.482812464237
0.565158069134,0.015621772036,1.48829340935,-0.267092823982,0.204434335232,0.808470249176,-0.482953190804
0.565133035183,0.0148423146456,1.48830831051,-0.262944042683,0.207109570503,0.807048261166,-0.48645567894
0.565235137939,0.0158414952457,1.48844671249,-0.266318887472,0.205894261599,0.808622181416,-0.482505947351
0.565298616886,0.015006147325,1.48849701881,-0.262360453606,0.20907138288,0.80702650547,-0.485967427492
0.565437853336,0.0152279958129,1.48829269409,-0.262265563011,0.208966329694,0.807018876076,-0.486076682806
0.565461099148,0.0154174417257,1.48833990097,-0.262296557426,0.209263667464,0.807101130486,-0.485795259476
0.565499603748,0.0155680645257,1.48830509186,-0.262284517288,0.209533661604,0.807039022446,-0.485788702965
0.565545320511,0.0156276188791,1.48856091499,-0.262624114752,0.210509598255,0.807013750076,-0.485224813223
0.565602242947,0.0165603347123,1.4884365797,-0.263102054596,0.209634229541,0.806621015072,-0.485997200012
0.565773427486,0.0168183427304,1.488540411,-0.26670512557,0.208927258849,0.80838561058,-0.481384038925
0.565800189972,0.0160330217332,1.48862028122,-0.263372570276,0.211634844542,0.806978344917,-0.484387755394
0.565887451172,0.0161970574409,1.48869228363,-0.263814002275,0.211790755391,0.807008266449,-0.484029561281
0.5660572052,0.0172260385007,1.48862671852,-0.267559885979,0.209499791265,0.80851572752,-0.480441302061
0.566420674324,0.0176553484052,1.48876261711,-0.26861128211,0.209116622806,0.808204770088,-0.480544745922
0.566502094269,0.0177837871015,1.48865866661,-0.2685136199,0.208806946874,0.808348476887,-0.480492293835
0.566381037235,0.0176032278687,1.48853909969,-0.267647713423,0.208944663405,0.80894690752,-0.479908049107
0.566352963448,0.0176614224911,1.48844432831,-0.267071634531,0.208814173937,0.809515893459,-0.479326039553
0.566673278809,0.0178847592324,1.48868227005,-0.267353653908,0.208571150899,0.809703886509,-0.478956848383
0.56683665514,0.0171456430107,1.48864173889,-0.263325542212,0.210278585553,0.808689951897,-0.482144325972
0.566994547844,0.0172268468887,1.48872947693,-0.262730121613,0.210233852267,0.8089889884,-0.481987059116
0.567014336586,0.0173119362444,1.48871612549,-0.26219406724,0.210120946169,0.809562563896,-0.481364548206
0.567119598389,0.0182721167803,1.48893177509,-0.265260666609,0.208151638508,0.811353206635,-0.47750967741
0.567175030708,0.0174572374672,1.48904454708,-0.261065721512,0.210355952382,0.810144245625,-0.480896353722
0.567294001579,0.0174816679209,1.48912262917,-0.260202944279,0.210496783257,0.810454905033,-0.480778992176
0.56743144989,0.0175354946405,1.48915207386,-0.2595513165,0.210647955537,0.810736060143,-0.480591028929
0.567529797554,0.0176627002656,1.489179492,-0.259071826935,0.210506483912,0.810976028442,-0.480506718159
0.567636847496,0.0177381914109,1.4892270565,-0.258570224047,0.210529491305,0.811108410358,-0.480543464422
0.567921876907,0.0179306734353,1.48934829235,-0.258697658777,0.210236817598,0.811064243317,-0.480677634478
0.568150103092,0.0189315546304,1.48943459988,-0.262096613646,0.208028376102,0.812745988369,-0.476941823959
0.568393588066,0.019074684009,1.48939228058,-0.262071579695,0.207881599665,0.812694132328,-0.477107912302
0.568549454212,0.0191181655973,1.48944950104,-0.261951029301,0.207990601659,0.812595486641,-0.477294743061
0.568491578102,0.0190868470818,1.48939180374,-0.261425465345,0.208086982369,0.812882423401,-0.477052122355
0.568583905697,0.0190948918462,1.48944270611,-0.261163860559,0.208113059402,0.813075900078,-0.476854294538
0.568712770939,0.0191353745759,1.48950326443,-0.26111754775,0.208124935627,0.813164412975,-0.476723641157
0.56871342659,0.0181568078697,1.48972654343,-0.25738760829,0.210656419396,0.81190687418,-0.479773700237
0.568890929222,0.018933840096,1.48976695538,-0.25780659914,0.209663838148,0.811576366425,-0.480542004108
0.568941473961,0.0181809104979,1.48990869522,-0.257250130177,0.210649177432,0.812166571617,-0.479410946369
0.569073736668,0.0181808713824,1.48992729187,-0.257033616304,0.210504710674,0.812307655811,-0.479351460934
0.569194853306,0.0181802920997,1.48989713192,-0.256540805101,0.210164681077,0.81243288517,-0.479552209377
0.569472014904,0.0190936308354,1.48987984657,-0.259931266308,0.207724913955,0.814108014107,-0.475935071707
0.569500267506,0.0181899350137,1.49010109901,-0.256082743406,0.2099416852,0.813085258007,-0.478788465261
0.569816470146,0.0190718099475,1.48998916149,-0.258882701397,0.207450777292,0.814975440502,-0.475141078234
0.569863140583,0.0189506225288,1.49020123482,-0.258252471685,0.207450971007,0.815670967102,-0.474289536476
0.569960832596,0.0188725534827,1.49028539658,-0.257516890764,0.207212671638,0.816284656525,-0.473737746477
0.570195794106,0.0187987461686,1.49016785622,-0.256644457579,0.206794515252,0.816708743572,-0.473662912846
0.570210814476,0.0186335314065,1.49054086208,-0.256201952696,0.207176327705,0.817440867424,-0.472471147776
0.570302426815,0.0184853319079,1.49068677425,-0.255661606789,0.207218572497,0.817901313305,-0.471948266029
0.570385336876,0.0183331482112,1.49081337452,-0.255050867796,0.207150399685,0.818259418011,-0.471687793732
0.570572793484,0.0181876309216,1.4906642437,-0.254535228014,0.206311896443,0.818600058556,-0.471742719412
0.570660829544,0.018057173118,1.49082303047,-0.254032611847,0.205883011222,0.819195330143,-0.471167206764
0.570770382881,0.0178754646331,1.49097561836,-0.253541827202,0.205568805337,0.819741785526,-0.470618188381
0.571086347103,0.017789343372,1.49125921726,-0.253748387098,0.205094158649,0.819948375225,-0.470353960991
0.570983409882,0.0175239704549,1.49124014378,-0.252875953913,0.204882949591,0.820372402668,-0.470176458359
0.57127481699,0.0173529349267,1.49149346352,-0.252994984388,0.20459459722,0.820400476456,-0.470188945532
0.57139390707,0.0171757303178,1.49157261848,-0.252707481384,0.203611269593,0.820693910122,-0.470258355141
0.571275949478,0.0168926697224,1.49145936966,-0.251710176468,0.202887743711,0.82117575407,-0.470264673233
0.571276962757,0.0157498475164,1.49176681042,-0.247914642096,0.204582124949,0.820039331913,-0.473518699408
0.57140982151,0.015481941402,1.49161827564,-0.246922194958,0.203743830323,0.820211470127,-0.474100202322
0.571481108665,0.0152354054153,1.49185061455,-0.246568500996,0.203197523952,0.820376753807,-0.47423273325
0.571702837944,0.0159636326134,1.49181818962,-0.249808415771,0.199871987104,0.821895837784,-0.471311181784
0.572046935558,0.0157210659236,1.49205756187,-0.249652013183,0.199396237731,0.821657776833,-0.472010105848
0.572203338146,0.0155089870095,1.49213421345,-0.249053865671,0.198298275471,0.821835577488,-0.472478985786
0.572017490864,0.0143532007933,1.49205994606,-0.243768662214,0.199314564466,0.820630848408,-0.476881146431
0.572283625603,0.0151245016605,1.49206006527,-0.246735751629,0.195701181889,0.822254955769,-0.47404563427
0.572714328766,0.0157120451331,1.49212610722,-0.246465936303,0.193462058902,0.821673572063,-0.476108729839
0.572812497616,0.0154950227588,1.4922440052,-0.245062753558,0.192683756351,0.821811497211,-0.476909905672
0.572713196278,0.0144995450974,1.49230718613,-0.242555916309,0.192298337817,0.822952449322,-0.476379364729
0.572844624519,0.0143512953073,1.49255394936,-0.241321593523,0.191300958395,0.823247134686,-0.476898342371
0.573193967342,0.0141822732985,1.4928483963,-0.240365684032,0.190426558256,0.822949111462,-0.47824344039
0.57330673933,0.0139701906592,1.49300277233,-0.238467290998,0.189448058605,0.823022723198,-0.479454219341
0.573230147362,0.0137228034437,1.49304747581,-0.235886052251,0.188088089228,0.823731064796,-0.480049788952
0.573392570019,0.0135509539396,1.49335551262,-0.234202861786,0.187287807465,0.823731124401,-0.481185317039
0.573594808578,0.0133670587093,1.49352240562,-0.232245832682,0.18581981957,0.823705494404,-0.482744306326
0.574014127254,0.0132472477853,1.49390602112,-0.230785354972,0.18453527987,0.823645830154,-0.48403775692
0.574257969856,0.0130104869604,1.49412238598,-0.228331848979,0.183151215315,0.823567032814,-0.485857695341
0.574449658394,0.012818230316,1.49435126781,-0.225744396448,0.181331843138,0.823612749577,-0.487668216228
0.574739336967,0.0124694593251,1.49457550049,-0.222747176886,0.180031210184,0.823612093925,-0.489525824785
0.57521289587,0.0130782909691,1.49450838566,-0.220557436347,0.176343753934,0.823025763035,-0.492834568024
0.57550495863,0.0120920576155,1.49494278431,-0.21735227108,0.175621807575,0.823157727718,-0.494293689728
0.575559794903,0.011834923178,1.49541759491,-0.213863760233,0.173650816083,0.823376238346,-0.496144413948
0.576217412949,0.0115832947195,1.49595117569,-0.211407601833,0.171845838428,0.822552621365,-0.499182373285
0.576713562012,0.0113181695342,1.49603402615,-0.207445934415,0.16926972568,0.822606980801,-0.501629054546
0.577114403248,0.0110590085387,1.49676144123,-0.204256355762,0.167084559798,0.822515308857,-0.503816246986
0.577596187592,0.0107839740813,1.49725592136,-0.200776800513,0.164932698011,0.822227954865,-0.50638628006
0.578123807907,0.010566694662,1.49764835835,-0.196715325117,0.161980748177,0.822465002537,-0.508543670177
0.578596830368,0.0104039721191,1.49817335606,-0.192195951939,0.159087494016,0.822666525841,-0.510853827
0.579127132893,0.0102227088064,1.49855530262,-0.187409698963,0.155903622508,0.823145508766,-0.512838363647
0.579961180687,0.00990494899452,1.49890697002,-0.182970061898,0.153069451451,0.823376059532,-0.514921009541
0.580470204353,0.00970951281488,1.4995726347,-0.177387833595,0.150026351213,0.824101448059,-0.51660656929
0.581073462963,0.00950368493795,1.50009763241,-0.171713128686,0.146660506725,0.824886679649,-0.518234789371
0.581871807575,0.0092950835824,1.50043845177,-0.166152015328,0.143038541079,0.825637757778,-0.519861280918
0.58247423172,0.00909468717873,1.50104677677,-0.160160392523,0.139628946781,0.826442182064,-0.521388292313
0.583278715611,0.00932976603508,1.50124847889,-0.154906600714,0.135773673654,0.826326310635,-0.524170100689
0.583971738815,0.00844625756145,1.50226044655,-0.14878629148,0.133755370975,0.827440440655,-0.524704217911
0.584792554379,0.00818124972284,1.502597332,-0.142883062363,0.129919230938,0.82808816433,-0.526284575462
0.585588693619,0.00859554670751,1.50338244438,-0.13819539547,0.125759646297,0.828459978104,-0.527958869934
0.586529076099,0.00828223675489,1.50404310226,-0.132893681526,0.122539617121,0.829155147076,-0.528984904289
0.587189853191,0.00790403597057,1.50433886051,-0.12685020268,0.118600510061,0.829749524593,-0.530432701111
0.588050603867,0.00736760161817,1.50491178036,-0.121480919421,0.115375168622,0.830599009991,-0.531070828438
0.588775038719,0.00718860141933,1.50520169735,-0.115448631346,0.110428512096,0.831521332264,-0.532023966312
0.589523851871,0.00668964348733,1.50530230999,-0.110126435757,0.107277542353,0.831519246101,-0.533797264099
0.590324878693,0.00620363093913,1.50594747066,-0.105689682066,0.103375315666,0.832908213139,-0.533298313618
0.591038823128,0.00577084720135,1.50626516342,-0.100748278201,0.0997508019209,0.832750380039,-0.535188257694
0.591847717762,0.00514728203416,1.5063188076,-0.0964036658406,0.0964136198163,0.832785725594,-0.536543190479
0.592549264431,0.00439870357513,1.50694179535,-0.0931621044874,0.0945901721716,0.831938385963,-0.538750529289
0.59300583601,0.0039750430733,1.50714421272,-0.08790551126,0.0901133567095,0.832778215408,-0.53910368681
0.593867778778,0.00334662385285,1.50725162029,-0.0850712507963,0.0871724784374,0.832644939423,-0.540246486664
0.594457030296,0.00248949602246,1.50739240646,-0.0825070142746,0.0852913856506,0.830835163593,-0.543719530106
0.594975888729,0.00178951583803,1.50744795799,-0.079133734107,0.082179248333,0.830578625202,-0.545090556145
0.595508158207,0.000969102606177,1.50796294212,-0.0778326615691,0.0801974311471,0.829216182232,-0.547641336918
0.596120715141,8.82614403963e-05,1.50785541534,-0.0755488276482,0.0778931975365,0.828597426414,-0.549227833748
0.596598267555,-0.000825500115752,1.50835752487,-0.0734019726515,0.0763832479715,0.828110396862,-0.550464332104
0.597207546234,-0.00163110345602,1.50838279724,-0.0711836963892,0.0740903094411,0.82655197382,-0.553403556347
0.597643971443,-0.00247511826456,1.50847363472,-0.0690575242043,0.0715440958738,0.826058149338,-0.554743766785
0.598052501678,-0.00341574661434,1.50866985321,-0.0679731443524,0.0695986226201,0.825790941715,-0.555522322655
0.598333060741,-0.00434555113316,1.50884246826,-0.0655717551708,0.0674909725785,0.824806571007,-0.557529687881
0.598658382893,-0.00536142289639,1.50934290886,-0.064376167953,0.0661226660013,0.824043750763,-0.558959186077
0.59906244278,-0.00633239746094,1.50937438011,-0.0633668527007,0.0643091201782,0.822801530361,-0.561112046242
0.59929805994,-0.0073903221637,1.50965416431,-0.0618678107858,0.06244725734,0.821942031384,-0.562747001648
0.599433720112,-0.0083952024579,1.50994539261,-0.0599335506558,0.0606110543013,0.820555925369,-0.56517457962
0.59948515892,-0.00941739603877,1.50984704494,-0.0580980181694,0.0584807768464,0.819526493549,-0.567081034184
0.599722325802,-0.0104827731848,1.50978839397,-0.0564733706415,0.0564374476671,0.818503320217,-0.568927049637
0.599866867065,-0.0115175582469,1.5100414753,-0.0553102865815,0.0547893978655,0.817457139492,-0.570703744888
0.599927604198,-0.0127065293491,1.51025915146,-0.0529235228896,0.053122214973,0.816364586353,-0.572648286819
0.599858522415,-0.013882573694,1.51070511341,-0.0501119047403,0.0514641180634,0.815740168095,-0.57394105196
0.59975117445,-0.0149936676025,1.51094555855,-0.0468299239874,0.0490313097835,0.814873337746,-0.575659811497
0.599722325802,-0.0160813331604,1.51099205017,-0.043892391026,0.0466747023165,0.813973367214,-0.577358186245
0.59955072403,-0.0173087976873,1.51092505455,-0.039378490299,0.0442657507956,0.81311994791,-0.579073309898
0.599572658539,-0.0184430666268,1.51111650467,-0.0359597839415,0.042076472193,0.812220513821,-0.580718874931
0.599474787712,-0.0198411550373,1.51117289066,-0.0312200915068,0.0400369875133,0.811033248901,-0.582792758942
0.599284112453,-0.0211426895112,1.51129925251,-0.0264624170959,0.0380502156913,0.810149490833,-0.584388256073
0.599184215069,-0.0231962334365,1.51159954071,-0.0215455498546,0.0373432151973,0.809548377991,-0.585468053818
0.599269032478,-0.0244819130749,1.51175808907,-0.0177926775068,0.0354225039482,0.807538986206,-0.588480591774
0.599151551723,-0.0260972380638,1.51172065735,-0.0132150296122,0.0340431854129,0.80682605505,-0.589659392834
0.599161028862,-0.0271796472371,1.51184177399,-0.0104023702443,0.0312420912087,0.80631518364,-0.590568900108
0.599172592163,-0.0284184850752,1.5118418932,-0.0076200789772,0.0295124202967,0.805411279202,-0.591932237148
0.59926378727,-0.0296049714088,1.51203560829,-0.00392945483327,0.0292161013931,0.805775523186,-0.591486811638
0.59926211834,-0.0308249406517,1.51225423813,-0.00199293065816,0.0277717411518,0.805088400841,-0.592501103878
0.59933578968,-0.0320307649672,1.51216042042,-0.000307135487674,0.0261495634913,0.804509401321,-0.593363881111
0.599412739277,-0.0333221666515,1.51236605644,0.000704631442204,0.025117514655,0.803835213184,-0.594321131706
0.599391102791,-0.0345895439386,1.51285803318,0.000406656006817,0.0232493467629,0.802831053734,-0.595752954483
0.598620355129,-0.0355838425457,1.51231694221,0.00338365812786,0.0182482004166,0.801881074905,-0.597195386887
0.599319040775,-0.0371770560741,1.5133292675,0.00317405839451,0.0226739197969,0.80277711153,-0.595839500427
0.598381400108,-0.0383213460445,1.51289331913,0.00494387187064,0.0178878903389,0.801103830338,-0.598237633705
0.599292695522,-0.0397036373615,1.51322972775,0.00306776026264,0.0207713339478,0.802415668964,-0.596396148205
0.599283576012,-0.0409595482051,1.51362144947,0.000327808549628,0.0175975803286,0.801922261715,-0.597169041634
0.599379062653,-0.0424132160842,1.51350450516,0.00175887451041,0.0203699376434,0.802636504173,-0.596117913723
0.59927046299,-0.0437095314264,1.5138887167,-0.000693084963132,0.0183968394995,0.801967978477,-0.597083449364
0.599224388599,-0.0450671762228,1.51397490501,-0.00106238084845,0.0188508536667,0.802160263062,-0.596810281277
0.599229872227,-0.0463371425867,1.51433479786,-0.000691451423336,0.0198567528278,0.803791224957,-0.594579517841
0.599400162697,-0.0476258359849,1.51424789429,-0.00222111190669,0.0196364633739,0.803766131401,-0.594617068768
0.59953802824,-0.0490207783878,1.51408302784,-0.00466175749898,0.0183217190206,0.803333580494,-0.595229208469
0.598616302013,-0.050138887018,1.51408588886,-0.00103416794445,0.0178462043405,0.804287552834,-0.593971371651
0.599729537964,-0.0516125932336,1.5141928196,-0.00521829444915,0.0191639978439,0.80502808094,-0.592904150486
0.599728882313,-0.0531489923596,1.51477360725,-0.00564767047763,0.0202144049108,0.805334746838,-0.592448711395
0.599277436733,-0.0542140118778,1.51433837414,-0.00471416581422,0.0187365449965,0.805130600929,-0.592782795429
0.600448250771,-0.0555818714201,1.51538467407,-0.0101628918201,0.0215547159314,0.806170523167,-0.591203212738
0.600041389465,-0.0564834922552,1.5148859024,-0.00983716920018,0.0196510199457,0.8067907691,-0.59042853117
0.60120677948,-0.0580681338906,1.51592159271,-0.0163308437914,0.0222132392228,0.806118607521,-0.591111302376
0.600704669952,-0.0592824928463,1.5160061121,-0.0151719627902,0.0217266045511,0.805926799774,-0.591421842575
0.60200214386,-0.0605202913284,1.51648271084,-0.0207196138799,0.023332182318,0.806713044643,-0.590118944645
0.602436065674,-0.0617471598089,1.51683986187,-0.0227547008544,0.0231720283628,0.807005643845,-0.589650154114
0.602955698967,-0.0626136437058,1.51730728149,-0.0243586283177,0.0236968528479,0.807981312275,-0.588227212429
0.603400230408,-0.0638627782464,1.51771092415,-0.0271221622825,0.0229389946908,0.807245373726,-0.589146018028
0.603765547276,-0.0648680627346,1.5181094408,-0.0291596017778,0.0223630592227,0.808361053467,-0.587539076805
0.603395819664,-0.0660092309117,1.51823675632,-0.0254868064076,0.0209638997912,0.808477878571,-0.587600648403
0.604712128639,-0.0676387399435,1.51914525032,-0.0300526041538,0.0222217757255,0.807389855385,-0.588833272457
0.605262875557,-0.0687395483255,1.51965713501,-0.0300309862942,0.0225662067533,0.808161497116,-0.587761759758
0.604913234711,-0.0696441605687,1.51979148388,-0.0293423552066,0.0195181779563,0.807201743126,-0.589222669601
0.605550229549,-0.070790193975,1.51978504658,-0.0304436888546,0.018609572202,0.806946098804,-0.589546322823
0.60605019331,-0.0718982666731,1.52067255974,-0.0303174536675,0.0195580963045,0.807842075825,-0.588293850422
0.606780648232,-0.0729666277766,1.52088117599,-0.0328322835267,0.0180328954011,0.806950449944,-0.589430212975
0.608107328415,-0.0741278603673,1.52222323418,-0.0357007868588,0.0204361733049,0.808157920837,-0.587527573109
0.608759760857,-0.0753304511309,1.52227962017,-0.0372150875628,0.0194537248462,0.806329011917,-0.589974761009
0.609321594238,-0.0763637572527,1.52312004566,-0.0370379462838,0.0203868411481,0.80711466074,-0.588878929615
0.609082341194,-0.0771518647671,1.52298808098,-0.0361067280173,0.0171805098653,0.805975735188,-0.590596497059
0.609703361988,-0.0781479552388,1.52324962616,-0.0368193164468,0.0171437095851,0.80573964119,-0.59087574482
0.610202908516,-0.0790703594685,1.52364861965,-0.0372713692486,0.0165704134852,0.805480539799,-0.591216862202
0.61172914505,-0.0796383395791,1.52388727665,-0.042819891125,0.0164742115885,0.806625187397,-0.589279949665
0.611334979534,-0.0804009139538,1.52432060242,-0.0402305908501,0.0147368935868,0.806352972984,-0.589880824089
0.612007558346,-0.0813494250178,1.52429318428,-0.0398228280246,0.0152314137667,0.807025790215,-0.588974952698
0.612378716469,-0.0823219865561,1.52499246597,-0.0410173982382,0.0146979875863,0.805905342102,-0.590438961983
0.613739132881,-0.0833460763097,1.52520906925,-0.0444757603109,0.0154821332544,0.805928349495,-0.590137004852
0.614154934883,-0.0842283219099,1.52577698231,-0.0438034832478,0.0160308796912,0.806919753551,-0.588816404343
0.613772988319,-0.0849197953939,1.52573692799,-0.0427020974457,0.0137075064704,0.805583000183,-0.590783238411
0.615047097206,-0.0859637334943,1.52626109123,-0.0448798239231,0.0156904589385,0.806531488895,-0.589276254177
0.615374684334,-0.0869102925062,1.52642476559,-0.0463401265442,0.0148669462651,0.805326461792,-0.590830743313
0.614730477333,-0.0877989158034,1.52669990063,-0.0427089892328,0.0138520225883,0.804438710213,-0.592336475849
0.615870535374,-0.0886780098081,1.52726376057,-0.0444763787091,0.0150209544227,0.805710375309,-0.590446472168
0.615371882915,-0.0894845128059,1.52672207355,-0.0414295829833,0.0130344778299,0.805003285408,-0.591678500175
0.615691423416,-0.0903571099043,1.52716612816,-0.0419662073255,0.0132089387625,0.80485445261,-0.591839313507
0.616826534271,-0.0914351269603,1.52766001225,-0.0454439371824,0.0146971615031,0.804807364941,-0.591611504555
0.616200625896,-0.0922467634082,1.52759897709,-0.0423667170107,0.0132322758436,0.804233729839,-0.59265345335
0.617209196091,-0.0932664945722,1.5284126997,-0.0459697060287,0.0149090196937,0.804484248161,-0.592004835606
0.617460787296,-0.0942877829075,1.52819108963,-0.0457624942064,0.0143705140799,0.803728640079,-0.593059718609
0.617656707764,-0.0951744318008,1.52832102776,-0.0461551621556,0.0142074916512,0.803526759148,-0.593306541443
0.617014050484,-0.0960281342268,1.52822780609,-0.0433125160635,0.0129015436396,0.802926599979,-0.59436237812
0.617177784443,-0.0969426631927,1.52827751637,-0.0453972741961,0.0114465327933,0.801507413387,-0.596149325371
0.617340385914,-0.0978938117623,1.52840328217,-0.0440309867263,0.0125076165423,0.802242338657,-0.595241189003
0.617437303066,-0.0988034904003,1.52852487564,-0.0444394610822,0.0121267586946,0.801972568035,-0.595582127571
0.617456078529,-0.0998496413231,1.52895593643,-0.0443931743503,0.012438075617,0.801873683929,-0.595712423325
0.617566466331,-0.100830346346,1.52911901474,-0.0444915108383,0.0122568188235,0.801562309265,-0.59612762928
0.61775457859,-0.101765707135,1.52918601036,-0.0445359833539,0.012040338479,0.800380825996,-0.597714185715
0.617810308933,-0.10276760906,1.52933371067,-0.0452255271375,0.0121569745243,0.800890982151,-0.596976220608
0.617812514305,-0.103637166321,1.52944970131,-0.0453042127192,0.0114338258281,0.800711452961,-0.597225368023
0.617774903774,-0.104455448687,1.52940309048,-0.0468077361584,0.00956162437797,0.799171924591,-0.599201023579
0.617853939533,-0.105573110282,1.52960193157,-0.0453865528107,0.0105566326529,0.799785554409,-0.598474621773
0.617972373962,-0.106583029032,1.52965497971,-0.0465427190065,0.00907813385129,0.797476768494,-0.601483404636
0.617839813232,-0.107306145132,1.52969932556,-0.0457300916314,0.00886838510633,0.799058377743,-0.599446177483
0.617872297764,-0.108203172684,1.5298794508,-0.0461121052504,0.00837353710085,0.798838675022,-0.599716901779
0.617789566517,-0.109639964998,1.53008031845,-0.0443934798241,0.00869657006115,0.797306537628,-0.60187703371
0.61777472496,-0.110596984625,1.53012776375,-0.044595696032,0.00800762698054,0.796727359295,-0.602638065815
0.617858946323,-0.111440137029,1.53041613102,-0.0472368299961,0.00703952973709,0.795219421387,-0.604438066483
0.617896795273,-0.112300217152,1.53030920029,-0.0457950942218,0.00719374231994,0.795547187328,-0.604115724564
0.617973685265,-0.112966373563,1.53051972389,-0.0483711697161,0.0051846425049,0.793767869473,-0.606272161007
0.61789816618,-0.113830313087,1.53058874607,-0.0490151979029,0.00438223453239,0.793058395386,-0.607154548168
0.617861807346,-0.114610031247,1.53076779842,-0.0482516512275,0.00477059790865,0.793398737907,-0.606768190861
0.617848455906,-0.115530990064,1.53111863136,-0.0505641847849,0.00361017067917,0.791448712349,-0.609129786491
0.617683827877,-0.116317801178,1.53083157539,-0.0509546473622,0.00218958873302,0.790271878242,-0.610630273819
0.617659032345,-0.117102466524,1.53157496452,-0.0502527095377,0.00359486904927,0.790604054928,-0.610251545906
0.617617964745,-0.117792330682,1.5318171978,-0.0512187257409,0.00311603955925,0.789894998074,-0.61109149456
0.618321299553,-0.118720248342,1.53212082386,-0.0562725514174,0.00302365212701,0.7877856493,-0.613366186619
0.618052065372,-0.119149908423,1.53226220608,-0.0579291246831,0.002055530902,0.788156628609,-0.612739145756
0.61705160141,-0.119787551463,1.53237521648,-0.0535722188652,0.00207595294341,0.788293600082,-0.612959265709
0.616890192032,-0.120515421033,1.53242051601,-0.0553842373192,0.0012554388959,0.786157608032,-0.615538358688
0.617623090744,-0.121161811054,1.53290069103,-0.0590263009071,0.00273847347125,0.785805821419,-0.615643978119
0.616612434387,-0.121713750064,1.53280329704,-0.0559678114951,0.00184092216659,0.784991919994,-0.616970002651
0.616446614265,-0.122310161591,1.53294456005,-0.0558780580759,0.00241860328242,0.784372329712,-0.617763578892
0.616233587265,-0.123015105724,1.53292143345,-0.0547335445881,0.00316373142414,0.782810091972,-0.619840800762
0.615914583206,-0.123294427991,1.53312647343,-0.0534160993993,0.00413361610845,0.784493803978,-0.617818057537
0.615653634071,-0.123788923025,1.5327796936,-0.052856348455,0.00399486534297,0.783950090408,-0.6185567379
0.615461468697,-0.124478809536,1.53314387798,-0.05362887308,0.00419959565625,0.781994402409,-0.620959937572
0.61507076025,-0.124935828149,1.53311467171,-0.0533979199827,0.00441463431343,0.782914400101,-0.619817912579
0.614726901054,-0.125354543328,1.53312516212,-0.0529428124428,0.00470256898552,0.782902956009,-0.619869351387
0.614419221878,-0.12580268085,1.53310108185,-0.0522021427751,0.00504359323531,0.782079339027,-0.620968103409
0.614167451859,-0.126100569963,1.53301370144,-0.0522830411792,0.00569115206599,0.782394170761,-0.620559155941
0.613716781139,-0.126612409949,1.53299713135,-0.0523957833648,0.0061220661737,0.783503830433,-0.619143843651
0.613485515118,-0.126930460334,1.53290593624,-0.0529100969434,0.00645435461774,0.78341281414,-0.619211673737
0.613148033619,-0.1272174716,1.53297936916,-0.0530061461031,0.00682371621951,0.783048987389,-0.619659662247
0.612415075302,-0.127627119422,1.5328335762,-0.0522732287645,0.00679988553748,0.783584833145,-0.619044423103
0.612004518509,-0.127751648426,1.53279948235,-0.0525365583599,0.00633816840127,0.783448517323,-0.619199633598
0.611146092415,-0.128168985248,1.53256857395,-0.0515842661262,0.00614847568795,0.783728659153,-0.618927061558
0.61055803299,-0.128392681479,1.53264892101,-0.050601799041,0.00715406006202,0.786190450191,-0.615867614746
0.610073268414,-0.128728225827,1.53277301788,-0.0510728880763,0.00768392812461,0.786331951618,-0.615641772747
0.609562337399,-0.129028812051,1.53274786472,-0.0532137863338,0.00712307589129,0.785468399525,-0.616568684578
0.609961390495,-0.12947961688,1.53296637535,-0.0565595179796,0.00889312848449,0.784905314445,-0.616964876652
0.608544290066,-0.129517689347,1.53269779682,-0.0549273826182,0.00764974346384,0.786336421967,-0.615304470062
0.608024716377,-0.129853755236,1.53269720078,-0.0548174791038,0.0081563713029,0.785765528679,-0.616036593914
0.607409477234,-0.130003586411,1.53267323971,-0.0558888278902,0.00790243502706,0.787343919277,-0.613924741745
0.607197463512,-0.130157276988,1.5327423811,-0.055709104985,0.00957175064832,0.788058757782,-0.612999498844
0.606323182583,-0.130497381091,1.53259778023,-0.0569514445961,0.00845990143716,0.788430809975,-0.61242300272
0.605760455132,-0.130795329809,1.53264904022,-0.0572199933231,0.00895118713379,0.788906335831,-0.611778259277
0.605305433273,-0.131013065577,1.53268754482,-0.0584486238658,0.00956104788929,0.789622366428,-0.61072820425
0.605595290661,-0.131415054202,1.5329914093,-0.0598378181458,0.0120509508997,0.790476083755,-0.609443724155
0.604160070419,-0.131581872702,1.53273177147,-0.0585586465895,0.00982078630477,0.789889812469,-0.61036747694
0.603675961494,-0.132033184171,1.53296279907,-0.0595419816673,0.0105996150523,0.790010094643,-0.610103726387
0.603071212769,-0.132388830185,1.53309500217,-0.0605268403888,0.0106048472226,0.790979087353,-0.608749568462
0.602656960487,-0.132804274559,1.53320431709,-0.0611801929772,0.0106985494494,0.790353477001,-0.609494745731
0.602211654186,-0.133241400123,1.53357005119,-0.0604122728109,0.01177524589,0.791589319706,-0.607945859432
0.601682007313,-0.133598402143,1.53358328342,-0.0622299239039,0.0111916745082,0.792612314224,-0.606438815594
0.601237297058,-0.134055554867,1.53388082981,-0.063675172627,0.0111647136509,0.792430102825,-0.606527328491
0.600822806358,-0.134572640061,1.53419733047,-0.0647945031524,0.0107973255217,0.79212731123,-0.606810748577
0.601357340813,-0.135106354952,1.53460550308,-0.0709525346756,0.0106782363728,0.79131013155,-0.60719025135
0.600974619389,-0.135536119342,1.53476917744,-0.0706933140755,0.0113291852176,0.792359650135,-0.605838418007
0.599796354771,-0.136024966836,1.5347738266,-0.0695861279964,0.00905460305512,0.789736747742,-0.609419167042
0.599378705025,-0.136448279023,1.53468430042,-0.0689744949341,0.00919237267226,0.790869355202,-0.608016312122
0.598949670792,-0.136869549751,1.53481090069,-0.0714464709163,0.00754273310304,0.790548324585,-0.608171105385
0.598665893078,-0.13743698597,1.53477215767,-0.0717508271337,0.00736619159579,0.789684593678,-0.609258413315
0.598255872726,-0.13780541718,1.53477144241,-0.0723853036761,0.00723652774468,0.789756238461,-0.609092116356
0.597798585892,-0.138174548745,1.53474915028,-0.0730615481734,0.00695373443887,0.790751695633,-0.607721447945
0.597534835339,-0.138662710786,1.53477072716,-0.0717616528273,0.00856720563024,0.791169941425,-0.607311248779
0.597122430801,-0.139062747359,1.53478872776,-0.0737276151776,0.00782638881356,0.790342748165,-0.608162224293
0.596730709076,-0.139431789517,1.5348085165,-0.074072226882,0.0081360032782,0.790785968304,-0.607539832592
0.5963357687,-0.139833405614,1.5346364975,-0.0746753066778,0.00879698153585,0.790929198265,-0.607270300388
0.595805704594,-0.140095025301,1.53449976444,-0.0752024054527,0.00890719983727,0.792080700397,-0.605700910091
0.595506072044,-0.140491336584,1.53446412086,-0.0756983011961,0.00990911014378,0.792580246925,-0.604969739914
0.595915913582,-0.140764862299,1.53468513489,-0.079696983099,0.0116987079382,0.793181717396,-0.603634357452
0.594674289227,-0.140986174345,1.53432834148,-0.0773278623819,0.0115382801741,0.793231725693,-0.60387980938
0.594253718853,-0.141065880656,1.53424990177,-0.0762687474489,0.0133664449677,0.79495215416,-0.601710438728
0.593802332878,-0.141333401203,1.53427553177,-0.0768431872129,0.0146350767463,0.795417070389,-0.600993096828
0.593515574932,-0.141726106405,1.53423988819,-0.077671058476,0.016166228801,0.795778334141,-0.600368797779
0.593162178993,-0.141866117716,1.53433382511,-0.079128228128,0.0175262894481,0.795582354069,-0.600400090218
0.592585086823,-0.141981482506,1.53434824944,-0.0801676362753,0.0183527115732,0.795247912407,-0.600680589676
0.592594027519,-0.142111718655,1.53438448906,-0.0814359933138,0.0201636813581,0.795974493027,-0.599488317966
0.59200322628,-0.142446264625,1.53414416313,-0.081114679575,0.021314971149,0.796445846558,-0.598865628242
0.591969668865,-0.142495542765,1.53420460224,-0.0820169076324,0.0226415321231,0.797015428543,-0.597935676575
0.591371178627,-0.142656087875,1.53400921822,-0.0814654007554,0.0234737675637,0.797683656216,-0.597087264061
0.591035604477,-0.142766594887,1.53401076794,-0.081401027739,0.0245377179235,0.798269152641,-0.596270263195
0.590733766556,-0.142839297652,1.53393757343,-0.0814021974802,0.0256548561156,0.798985302448,-0.595263123512
0.590694248676,-0.142924949527,1.5339152813,-0.0817352980375,0.0269770268351,0.79965788126,-0.594254851341
0.590494811535,-0.142951592803,1.53361642361,-0.0812153890729,0.02808364667,0.800693571568,-0.592878758907
0.589912414551,-0.142971679568,1.53355967999,-0.0804951712489,0.0284532271326,0.801130890846,-0.592368304729
0.58967679739,-0.143259331584,1.53346264362,-0.0792890191078,0.0297366436571,0.80092638731,-0.592744410038
0.589302122593,-0.143157362938,1.53329789639,-0.0799429118633,0.0296675041318,0.802010595798,-0.591192007065
0.588959872723,-0.143228054047,1.53358113766,-0.079782769084,0.0307641830295,0.802691102028,-0.590233206749
0.588534891605,-0.143285065889,1.53385806084,-0.0792110413313,0.0317425206304,0.803426265717,-0.589257597923
0.588145256042,-0.143325105309,1.53393399715,-0.0782923102379,0.0327425524592,0.804650962353,-0.587652146816
0.587957441807,-0.143315300345,1.5339640379,-0.078536234796,0.0335402004421,0.805250942707,-0.586752176285
0.587382018566,-0.143447130919,1.53362894058,-0.0772082731128,0.033582046628,0.80597192049,-0.585935473442
0.58686375618,-0.143516927958,1.53377687931,-0.0766982659698,0.0344221554697,0.806912124157,-0.584658443928
0.586434185505,-0.143596425653,1.5333865881,-0.0760976970196,0.0345736965537,0.807584404945,-0.58379894495
0.585960388184,-0.143675759435,1.53327810764,-0.0758340209723,0.0353708043694,0.808654427528,-0.582302570343
0.585460662842,-0.143731340766,1.53329467773,-0.0759501308203,0.0356412641704,0.808985710144,-0.581810593605
0.58511441946,-0.143695756793,1.53290569782,-0.0762276276946,0.0358786545694,0.810065090656,-0.580255746841
0.584568619728,-0.143782913685,1.53268241882,-0.075813755393,0.0362460762262,0.81120210886,-0.578696608543
0.583790719509,-0.143927395344,1.53265917301,-0.0746496394277,0.0374392978847,0.812730908394,-0.576622962952
0.583344340324,-0.143984779716,1.53251850605,-0.0747469812632,0.0384061224759,0.813922286034,-0.574863731861
0.582820832729,-0.144045397639,1.53245103359,-0.0750911384821,0.0396221876144,0.814973831177,-0.573244392872
0.582508385181,-0.144094437361,1.53250551224,-0.0764373242855,0.0409367643297,0.815466582775,-0.572272360325
0.581721425056,-0.144237831235,1.53207576275,-0.0750814527273,0.0416993610561,0.816964745522,-0.570256590843
0.581185996532,-0.144291192293,1.53186619282,-0.0746393576264,0.0428714603186,0.818507671356,-0.568010807037
0.580749034882,-0.14437507093,1.5317209959,-0.0750609710813,0.0445173121989,0.819464921951,-0.566446244717
0.580431640148,-0.144423857331,1.53154182434,-0.0772116035223,0.0452163554728,0.819474577904,-0.566087663174
0.579707682133,-0.144501268864,1.53126394749,-0.0762535557151,0.0465495921671,0.821014463902,-0.563874006271
0.579338431358,-0.144642457366,1.5310459137,-0.0776272118092,0.0481309518218,0.82149285078,-0.562856078148
0.578933358192,-0.144739001989,1.53082025051,-0.077133372426,0.0494898594916,0.822897017002,-0.560751199722
0.578804373741,-0.144558176398,1.5306763649,-0.0772209316492,0.0502073541284,0.825511276722,-0.556818962097
0.57824331522,-0.144989207387,1.53041768074,-0.079354852438,0.0524321198463,0.823818862438,-0.558816790581
0.578152179718,-0.145011022687,1.53035116196,-0.0807595700026,0.0538437142968,0.824909090996,-0.55686968565
0.577893555164,-0.145113945007,1.53000605106,-0.0812736079097,0.05506336689,0.825440943241,-0.555886566639
0.577647566795,-0.145080730319,1.52990424633,-0.0804826766253,0.0566398054361,0.827885985374,-0.552195012569
0.577079296112,-0.145575851202,1.52966761589,-0.0830601453781,0.0598022639751,0.824856579304,-0.556000292301
0.576922357082,-0.145465120673,1.52941834927,-0.0822358950973,0.0584990680218,0.827253937721,-0.552689909935
0.576772034168,-0.145586356521,1.52933311462,-0.0829054117203,0.0597864352167,0.827592015266,-0.551945388317
0.57688087225,-0.145617768168,1.5293610096,-0.0833107084036,0.0613684989512,0.828525424004,-0.550307929516
0.576799273491,-0.145852833986,1.52905261517,-0.0842871069908,0.0622077211738,0.82751095295,-0.551590025425
0.57676923275,-0.14599917829,1.5289580822,-0.0844922214746,0.0630360841751,0.8271676898,-0.551979482174
0.576790452003,-0.146169692278,1.52885699272,-0.0845478475094,0.0636364817619,0.826696395874,-0.552607655525
0.576885282993,-0.146351829171,1.52908837795,-0.0838085561991,0.064529851079,0.826941907406,-0.552249133587
0.576929450035,-0.146688967943,1.52908945084,-0.0842074528337,0.0651098415256,0.82499808073,-0.555020570755
0.576977193356,-0.146958783269,1.52898836136,-0.0836369842291,0.064999461174,0.823745429516,-0.556977152824
0.577082633972,-0.147193714976,1.52896344662,-0.0830926969647,0.0647414699197,0.822787284851,-0.558502674103
0.577192425728,-0.147420749068,1.52902889252,-0.0825542062521,0.0643417164683,0.821892678738,-0.559944093227
0.57727265358,-0.147588014603,1.52911603451,-0.0808833017945,0.0634804964066,0.821720957756,-0.560537993908
0.577295362949,-0.147898092866,1.52928626537,-0.0806635767221,0.062657110393,0.819961309433,-0.563232660294
0.577389717102,-0.148006632924,1.52956700325,-0.0792044475675,0.0615965053439,0.820192217827,-0.563220322132
0.577460944653,-0.148230791092,1.52980136871,-0.0792859643698,0.06047514081,0.81873524189,-0.565445959568
0.577609837055,-0.14825245738,1.52992618084,-0.07784614712,0.0588292777538,0.818583071232,-0.566039681435
0.577622056007,-0.148290738463,1.53017020226,-0.0773352086544,0.0572214759886,0.81943243742,-0.565044701099
0.577427506447,-0.148347437382,1.53027880192,-0.0763439312577,0.0556395500898,0.819508016109,-0.565227687359
0.577788293362,-0.148331820965,1.53057301044,-0.0766104385257,0.0547307729721,0.81972360611,-0.564967751503
0.577553331852,-0.148372918367,1.53064513206,-0.07631585747,0.0530792288482,0.819235980511,-0.56587177515
0.577961802483,-0.148294478655,1.53090655804,-0.0765779465437,0.0524217821658,0.819855153561,-0.56500017643
0.578035414219,-0.148195832968,1.53107154369,-0.0764620378613,0.0517562516034,0.820407807827,-0.564274609089
0.578203141689,-0.148066982627,1.53146994114,-0.0766803249717,0.0516854152083,0.821100771427,-0.563242554665
0.578312695026,-0.147973269224,1.53181278706,-0.076724678278,0.0517349988222,0.82182097435,-0.562180817127
0.578373968601,-0.147809505463,1.53188729286,-0.0764904543757,0.0515375733376,0.822441399097,-0.561322748661
0.578190922737,-0.147643253207,1.53184068203,-0.0756348222494,0.0510848388076,0.823168098927,-0.560414075851
0.578582167625,-0.14734634757,1.53209280968,-0.0746064707637,0.051769040525,0.825418889523,-0.557169258595
0.578684031963,-0.147091671824,1.53225409985,-0.074440561235,0.0519936271012,0.826212763786,-0.555992603302
0.5785151124,-0.146990075707,1.53254401684,-0.0735486596823,0.0525176040828,0.82660651207,-0.555476605892
0.578777730465,-0.147140651941,1.53258121014,-0.0760610923171,0.0553447827697,0.823395073414,-0.559617936611
0.578845083714,-0.146484166384,1.53286457062,-0.0723240673542,0.0530535802245,0.828014016151,-0.553486466408
0.578878819942,-0.146263107657,1.53294670582,-0.071748547256,0.0533933788538,0.828217566013,-0.553224265575
0.579047620296,-0.146149396896,1.53304040432,-0.0720865726471,0.0547051727772,0.827750980854,-0.553750157356
0.579057097435,-0.146008074284,1.53308200836,-0.0711611360312,0.0551629923284,0.827505409718,-0.554191172123
0.57908308506,-0.145955100656,1.5330940485,-0.0720871463418,0.0556749626994,0.82572054863,-0.556676983833
0.578740358353,-0.146037966013,1.53285980225,-0.0716333389282,0.0577288642526,0.823442041874,-0.559892117977
0.578894972801,-0.145686328411,1.53303599358,-0.0702746808529,0.0562762692571,0.825047016144,-0.557845652103
0.578929245472,-0.145555868745,1.53301715851,-0.069671407342,0.0567260421813,0.824156045914,-0.559191226959
0.579006552696,-0.14538860321,1.53302943707,-0.069428563118,0.0571681596339,0.822882056236,-0.561049520969
0.579020500183,-0.145325481892,1.5330452919,-0.0688206851482,0.0577622503042,0.821659147739,-0.562853038311
0.579402327538,-0.14519123733,1.53314256668,-0.069260969758,0.0586068034172,0.819988906384,-0.56514275074
0.579463303089,-0.145217597485,1.53305971622,-0.0685947239399,0.0591665990651,0.817637205124,-0.568562686443
0.579566001892,-0.145120471716,1.53315675259,-0.0686789304018,0.0599991567433,0.815204381943,-0.571948587894
0.579681634903,-0.145140260458,1.53309226036,-0.068393021822,0.0607798174024,0.812196731567,-0.576163709164
0.579638719559,-0.145105466247,1.53313219547,-0.0670657232404,0.0614556670189,0.810098052025,-0.57919472456
0.580027043819,-0.145093053579,1.53323459625,-0.0677074193954,0.0626392140985,0.806441068649,-0.584076106548
0.579952895641,-0.145254030824,1.5332224369,-0.0665115192533,0.0633485987782,0.802874922752,-0.589028835297
0.580095827579,-0.145258292556,1.53305351734,-0.0660332813859,0.0637406483293,0.799569427967,-0.593519568443
0.580554485321,-0.145253881812,1.53317511082,-0.0661257058382,0.06463958323,0.796323895454,-0.597760260105
0.580824792385,-0.145349889994,1.53343987465,-0.065572462976,0.0655191391706,0.793417990208,-0.601577341557
0.580814898014,-0.145563185215,1.5334341526,-0.0635968074203,0.0655690953135,0.790369689465,-0.605782151222
0.581183850765,-0.145595446229,1.53354370594,-0.0626825541258,0.0658385828137,0.788642764091,-0.608094394207
0.581461846828,-0.145648241043,1.53363549709,-0.0615917518735,0.06551399827,0.78676700592,-0.610665440559
0.581703543663,-0.145711004734,1.53371727467,-0.0601687319577,0.0649007111788,0.785209834576,-0.612872898579
0.581901490688,-0.145726442337,1.53382277489,-0.059203967452,0.0639569088817,0.783506572247,-0.615241348743
0.582107841969,-0.145838201046,1.53374183178,-0.0577873289585,0.0631305128336,0.78231972456,-0.616969227791
0.582517385483,-0.145817860961,1.53386938572,-0.0565627999604,0.0620404221117,0.781150639057,-0.618672132492
0.58292979002,-0.145602032542,1.53398621082,-0.0564728453755,0.0604254975915,0.782048106194,-0.617705643177
0.58296495676,-0.14556171,1.53413724899,-0.0551071055233,0.0591960214078,0.782011687756,-0.617994070053
0.583622336388,-0.145397976041,1.53443586826,-0.0551029667258,0.0584904290736,0.782519578934,-0.617418408394
0.583690166473,-0.145329505205,1.53441298008,-0.0534416586161,0.0568499229848,0.783433377743,-0.61655831337
0.584408402443,-0.144837483764,1.53458547592,-0.0542800873518,0.0554974451661,0.784425616264,-0.615345656872
0.584163606167,-0.145008340478,1.53445005417,-0.052048612386,0.054287198931,0.785484790802,-0.614294290543
0.584436058998,-0.144763708115,1.53460919857,-0.0517421364784,0.053269661963,0.786846458912,-0.612664401531
0.585191488266,-0.14426612854,1.5346968174,-0.0530028939247,0.0523268245161,0.788235068321,-0.610850334167
0.584954917431,-0.144411846995,1.53466033936,-0.0510137788951,0.0516700744629,0.789662897587,-0.609229326248
0.585182607174,-0.144252255559,1.53468716145,-0.0504648908973,0.0511029809713,0.791332244873,-0.607153296471
0.585320353508,-0.144084796309,1.53468644619,-0.0503740534186,0.0507072173059,0.792593717575,-0.605546414852
0.585813641548,-0.143875315785,1.53478467464,-0.0509501211345,0.0508145689964,0.794308841228,-0.603237390518
0.586002767086,-0.143714144826,1.53482747078,-0.0507464855909,0.0506424978375,0.796133995056,-0.600858390331
0.5861723423,-0.143552049994,1.53485620022,-0.0507854111493,0.0503881424665,0.797778844833,-0.598690927029
0.586309313774,-0.143364623189,1.53471064568,-0.050618968904,0.0501089692116,0.799276053905,-0.59672832489
0.586424291134,-0.143181025982,1.5346596241,-0.0506062470376,0.0497131086886,0.800912022591,-0.594564974308
0.586601138115,-0.142995029688,1.53470206261,-0.0507933981717,0.0495794415474,0.802491486073,-0.592426598072
0.586759209633,-0.142835229635,1.53468644619,-0.0511210337281,0.0494425259531,0.803910195827,-0.590483367443
0.586658835411,-0.142791703343,1.53458559513,-0.0504852049053,0.0493623502553,0.805289208889,-0.588662803173
0.586999356747,-0.142583742738,1.53456282616,-0.05124200508,0.0495396479964,0.806648254395,-0.58671861887
0.587063312531,-0.14248201251,1.53440070152,-0.0511848442256,0.0493399314582,0.80784279108,-0.585094690323
0.587301433086,-0.142387241125,1.53472101688,-0.0517593659461,0.0501345805824,0.809142768383,-0.583176970482
0.587392270565,-0.142239972949,1.53447496891,-0.0519954562187,0.0499211959541,0.81049478054,-0.581293880939
0.587254345417,-0.142070651054,1.53430747986,-0.0520959198475,0.0496455058455,0.81154936552,-0.579835176468
0.587345719337,-0.141968458891,1.53423094749,-0.0523374453187,0.0499665774405,0.812768101692,-0.578076303005
0.587709486485,-0.141924664378,1.53431904316,-0.0530753321946,0.0507280044258,0.813849270344,-0.576419174671
0.587832450867,-0.141881763935,1.53425467014,-0.0531625635922,0.0512800812721,0.814668118954,-0.575204432011
0.58791834116,-0.141823559999,1.53414952755,-0.0532554872334,0.0516313239932,0.81547498703,-0.574019730091
0.588041186333,-0.141811177135,1.53411459923,-0.0541517622769,0.0521605983377,0.815632760525,-0.573663771152
0.588098943233,-0.141724273562,1.53380513191,-0.0541683733463,0.0520854890347,0.816243231297,-0.57279998064
0.588215589523,-0.141622722149,1.5337485075,-0.0535662360489,0.0526223666966,0.817946970463,-0.57037204504
0.588300585747,-0.141605421901,1.53368532658,-0.0535916090012,0.0529785901308,0.81873601675,-0.569203436375
0.588434398174,-0.141585633159,1.53365767002,-0.0538999587297,0.0535724125803,0.819393634796,-0.568171560764
0.588594973087,-0.141663148999,1.53367483616,-0.0548500306904,0.0545955710113,0.819152355194,-0.568331182003
0.588693916798,-0.1416695714,1.53357553482,-0.0550161711872,0.0548873841763,0.81963378191,-0.567592561245
0.588788092136,-0.141672357917,1.53346765041,-0.0550522655249,0.0550426878035,0.82010024786,-0.566899597645
0.588861167431,-0.141701996326,1.53336191177,-0.055075339973,0.0551825612783,0.820415258408,-0.566427767277
0.588974833488,-0.141756638885,1.53346276283,-0.054524987936,0.0555872805417,0.821511387825,-0.564850568771
0.589029312134,-0.141792446375,1.53347659111,-0.0545585341752,0.0557500384748,0.821792960167,-0.564421474934
0.589021086693,-0.14187130332,1.53332567215,-0.0543979890645,0.0555785447359,0.821986794472,-0.564171612263
0.589057564735,-0.141952723265,1.53332293034,-0.0543969459832,0.0555661395192,0.822278738022,-0.563747406006
0.589065313339,-0.142088636756,1.53319919109,-0.0550081655383,0.0553679950535,0.82179415226,-0.564413547516
0.589280068874,-0.141864150763,1.53303313255,-0.0559940412641,0.0546897761524,0.82186537981,-0.564279079437
0.588994503021,-0.142208874226,1.53297865391,-0.0550902970135,0.0545922741294,0.822171390057,-0.563931703568
0.58896023035,-0.142301812768,1.53298509121,-0.055266994983,0.0543940588832,0.822393476963,-0.563609659672
0.58892929554,-0.142407029867,1.53299510479,-0.0554824024439,0.0542153008282,0.822510659695,-0.563434720039
0.588865756989,-0.142496556044,1.53300726414,-0.0558858923614,0.0538784302771,0.82274055481,-0.563091397285
0.588781774044,-0.142594769597,1.53303301334,-0.0562119595706,0.0535863488913,0.822892963886,-0.562864005566
0.588673770428,-0.142637327313,1.53305280209,-0.0558127313852,0.0531766265631,0.823793828487,-0.561623454094
0.588590443134,-0.142803400755,1.53318822384,-0.0572459064424,0.0532952994108,0.822978258133,-0.56266272068
0.588701367378,-0.14263035357,1.53306281567,-0.0585063993931,0.0526418685913,0.823009192944,-0.562549293041
0.588121771812,-0.142881274223,1.53293371201,-0.0578930154443,0.0520917251706,0.823213219643,-0.562365531921
0.588162839413,-0.143007770181,1.53293859959,-0.0582102574408,0.0521740466356,0.823379516602,-0.562081456184
0.587965846062,-0.143134921789,1.53295075893,-0.0583245530725,0.0521036908031,0.823530495167,-0.561855018139
0.587791323662,-0.143257066607,1.53296363354,-0.0587723776698,0.0520408861339,0.823526322842,-0.561820209026
0.587906777859,-0.143022865057,1.53300380707,-0.0594543367624,0.0518619045615,0.824543178082,-0.560271501541
0.587773799896,-0.143120199442,1.5331403017,-0.0600550323725,0.0521960183978,0.824776291847,-0.55983299017
0.587593495846,-0.143271505833,1.5329914093,-0.0603680163622,0.0523067265749,0.824673116207,-0.559940993786
0.587186157703,-0.143699452281,1.53312826157,-0.0598822683096,0.0530201196671,0.824859499931,-0.559651613235
0.586990773678,-0.143891975284,1.53311264515,-0.0608625262976,0.0533605106175,0.824143469334,-0.560567617416
0.58682268858,-0.144065767527,1.53328967094,-0.0612159781158,0.053968321532,0.82432103157,-0.560209751129
0.586669743061,-0.14414422214,1.53322923183,-0.0607041120529,0.0541520267725,0.825186192989,-0.558972537518
0.586745321751,-0.144054561853,1.53321647644,-0.0617430880666,0.0543195493519,0.825199484825,-0.55882281065
0.586041808128,-0.144353702664,1.5328553915,-0.0606898404658,0.0539685487747,0.825110018253,-0.559104263783
0.585817337036,-0.144691735506,1.53284740448,-0.0615046694875,0.0548027977347,0.823933005333,-0.560667514801
0.585661113262,-0.144822195172,1.53275978565,-0.0609119236469,0.0550426542759,0.824522912502,-0.559841096401
0.585816681385,-0.145099177957,1.53275918961,-0.0622760728002,0.0560086853802,0.823854506016,-0.56057882309
0.585696458817,-0.1452177912,1.53268396854,-0.0619448944926,0.0563577078283,0.824630618095,-0.559438109398
0.585578203201,-0.145408511162,1.53258216381,-0.0621556080878,0.0565782822669,0.824486970901,-0.559604287148
0.585497319698,-0.1456797719,1.53269553185,-0.0623003467917,0.0573004037142,0.824536204338,-0.5594419837
0.585347294807,-0.145877704024,1.53242635727,-0.0622599571943,0.0573158226907,0.824276983738,-0.5598269701
0.585214555264,-0.146092757583,1.53224229813,-0.0623835735023,0.0573675893247,0.824215710163,-0.559897959232
0.585089504719,-0.14639800787,1.53212487698,-0.0631485804915,0.0576605312526,0.823413252831,-0.560961902142
0.584973812103,-0.14661359787,1.53200900555,-0.0632737055421,0.0577589981258,0.82340157032,-0.560954928398
0.584824621677,-0.146806925535,1.53183889389,-0.0634788945317,0.0576154999435,0.823319971561,-0.56106621027
0.584525585175,-0.147038042545,1.53195202351,-0.063612960279,0.05791439116,0.823320806026,-0.561018943787
0.584373652935,-0.147208184004,1.53157329559,-0.0630572363734,0.0573602691293,0.824058055878,-0.560055434704
0.584239006042,-0.147602692246,1.53147923946,-0.062800347805,0.0576427951455,0.824112713337,-0.559974730015
0.584513545036,-0.147874191403,1.53167700768,-0.0638047009706,0.0584144927561,0.82428175211,-0.559532165527
0.584395647049,-0.148163512349,1.5314296484,-0.0648029744625,0.0582204647362,0.823317408562,-0.560856044292
0.584320962429,-0.148453876376,1.53150641918,-0.0650935769081,0.0585598684847,0.823610007763,-0.560357153416
0.584264695644,-0.148642897606,1.5314155817,-0.0646712779999,0.0586020462215,0.824376285076,-0.559273898602
0.584158778191,-0.148953288794,1.53133583069,-0.0655725821853,0.0587737970054,0.823644638062,-0.560228049755
0.584083259106,-0.149117022753,1.53123497963,-0.064961925149,0.0587756000459,0.824473023415,-0.559079289436
0.584005355835,-0.149315237999,1.53115689754,-0.0652599558234,0.0587515756488,0.824393868446,-0.559163868427
0.58394151926,-0.149509191513,1.53107595444,-0.0652839392424,0.0587781667709,0.82442843914,-0.559107363224
0.583844006062,-0.149747148156,1.53093361855,-0.0649784505367,0.0587811954319,0.824324250221,-0.559296190739
0.583510696888,-0.149960100651,1.5306596756,-0.0641394257545,0.0583203472197,0.824140787125,-0.559711515903
0.583485007286,-0.150220692158,1.53066122532,-0.0639321208,0.0585856698453,0.823960125446,-0.559973239899
0.583441257477,-0.150440469384,1.53058385849,-0.0636009499431,0.0585753805935,0.823792815208,-0.560258209705
0.5834441185,-0.150668084621,1.53061771393,-0.0633622854948,0.0587011687458,0.823617696762,-0.560529351234
0.58345502615,-0.150926947594,1.53049337864,-0.0629582032561,0.0586196929216,0.823484122753,-0.560779929161
0.583384275436,-0.15118560195,1.53041851521,-0.06329356879,0.0585564635694,0.822538435459,-0.562134742737
0.583371937275,-0.151316910982,1.53035640717,-0.0623347535729,0.0583128109574,0.823162674904,-0.561353087425
0.583380401134,-0.151573523879,1.53046667576,-0.06291885674,0.0583889782429,0.822179615498,-0.562718987465
0.583379685879,-0.151727154851,1.53032588959,-0.0619937367737,0.0579798482358,0.822760164738,-0.56201505661
0.583582878113,-0.151855319738,1.53032279015,-0.0623624846339,0.0578000098467,0.822650671005,-0.562152922153
0.58360272646,-0.152061447501,1.53027045727,-0.0619667358696,0.0574232935905,0.822526335716,-0.562417447567
0.58362030983,-0.152289271355,1.53020644188,-0.0614811368287,0.0570317953825,0.822459816933,-0.562607526779
0.583653569221,-0.152500525117,1.53016495705,-0.0611009001732,0.0566566474736,0.822348713875,-0.562849283218
0.583664059639,-0.152695089579,1.53011918068,-0.0606877356768,0.0561223104596,0.822192192078,-0.563176095486
0.583675146103,-0.152875348926,1.53007853031,-0.0602961592376,0.0554805211723,0.822229683399,-0.563226997852
0.583696722984,-0.153086423874,1.53003239632,-0.0609340108931,0.0547790415585,0.821282327175,-0.564607679844
0.583794951439,-0.153253152966,1.53002762794,-0.0608990602195,0.0544434227049,0.821151256561,-0.564834356308
0.583848237991,-0.15333327651,1.53001213074,-0.0601885579526,0.0540163964033,0.82172703743,-0.564113795757
0.583867609501,-0.153499364853,1.53001022339,-0.059866450727,0.0536580719054,0.821424901485,-0.564621865749
0.583902060986,-0.153670281172,1.53001475334,-0.0597232319415,0.053440656513,0.821252763271,-0.564908146858
0.583941340446,-0.153759241104,1.53002798557,-0.0596814006567,0.0532019995153,0.821164250374,-0.56506383419
0.583989918232,-0.153842493892,1.53005039692,-0.0595342442393,0.0529873333871,0.821146130562,-0.565125584602
0.583992779255,-0.153962492943,1.53004848957,-0.0592842288315,0.0528697445989,0.821116745472,-0.565205693245
0.584065556526,-0.154020264745,1.53005087376,-0.0590499863029,0.0527943149209,0.821226596832,-0.565077543259
0.584077775478,-0.154110610485,1.53005373478,-0.058693844825,0.0528435856104,0.821235954762,-0.56509667635
0.584070682526,-0.154191672802,1.5300668478,-0.0582804083824,0.0529038645327,0.821278631687,-0.565071821213
0.58406573534,-0.1543084234,1.53004264832,-0.0577660091221,0.053005836904,0.821380853653,-0.564966499805
0.584334433079,-0.154176458716,1.53004789352,-0.0582695566118,0.0529464744031,0.821399748325,-0.564892649651
0.584073066711,-0.154525965452,1.52992618084,-0.0569156631827,0.0529548302293,0.821672737598,-0.564633071423
0.5838509202,-0.15474511683,1.52981638908,-0.0556605234742,0.0527883768082,0.821883797646,-0.564466297626
0.583745837212,-0.155075058341,1.52972590923,-0.0544000081718,0.0528875701129,0.822259187698,-0.564033150673
0.584066927433,-0.155021995306,1.52968037128,-0.0562465563416,0.0527393333614,0.82164567709,-0.564759492874
0.584027945995,-0.155011042953,1.52947986126,-0.0540753155947,0.0520947799087,0.823649287224,-0.562106728554
0.584037065506,-0.155136063695,1.52933955193,-0.0536222793162,0.0517477691174,0.824024260044,-0.561632275581
0.584030985832,-0.155271440744,1.52920246124,-0.0532565265894,0.0515318438411,0.824462413788,-0.56104362011
0.58397424221,-0.155793100595,1.5291339159,-0.0550974234939,0.0535139106214,0.821392536163,-0.565167844296
0.583948910236,-0.155878871679,1.52900242805,-0.0547845698893,0.0529414154589,0.821903526783,-0.564508974552
0.584199488163,-0.155718266964,1.52889823914,-0.0553338900208,0.0521216988564,0.822189748287,-0.564114809036
0.584172308445,-0.155842065811,1.52878439426,-0.0548872835934,0.0515241064131,0.822593510151,-0.563624501228
0.584089934826,-0.15540677309,1.52863037586,-0.0512994714081,0.0474750958383,0.827243685722,-0.557478547096
0.583812832832,-0.155765682459,1.52854013443,-0.0499938204885,0.0471158996224,0.827663660049,-0.557004034519
0.58377546072,-0.155867695808,1.52846217155,-0.0496901236475,0.046643871814,0.827847003937,-0.556798636913
0.583766520023,-0.156525835395,1.52847218513,-0.052465505898,0.0498038493097,0.823765695095,-0.56229621172
0.583756148815,-0.156534388661,1.5284153223,-0.0523456335068,0.0492205396295,0.823952198029,-0.562085330486
0.583672046661,-0.156599104404,1.52833449841,-0.0518878698349,0.0487018115819,0.824018537998,-0.562075674534
0.583626031876,-0.156680598855,1.52844309807,-0.0514863617718,0.0485518537462,0.824151277542,-0.56193113327
0.583544015884,-0.156740501523,1.52834844589,-0.0510809645057,0.0481876842678,0.824143052101,-0.562011480331
0.583467841148,-0.1567645818,1.52830290794,-0.0507065728307,0.0478980988264,0.824156939983,-0.562049746513
0.583419203758,-0.156790554523,1.52831053734,-0.0504276193678,0.0478197485209,0.824109017849,-0.562151730061
0.583398044109,-0.156822517514,1.52836704254,-0.0502000153065,0.0479340404272,0.82406938076,-0.56222063303
0.583379209042,-0.156834736466,1.52848291397,-0.0500802434981,0.0482242554426,0.824005365372,-0.562300205231
0.583345711231,-0.156885609031,1.52868664265,-0.0499035716057,0.0486812330782,0.824014902115,-0.562262535095
0.583312571049,-0.156868845224,1.52871143818,-0.0497964732349,0.0488341003656,0.824032247066,-0.562233328819
0.583257079124,-0.156919196248,1.52874481678,-0.0493545904756,0.0492759048939,0.823726892471,-0.562681019306
0.583135187626,-0.156288057566,1.52840447426,-0.0457482822239,0.0453304983675,0.828022122383,-0.556984364986
0.583074629307,-0.156272172928,1.52842855453,-0.0455439388752,0.0455482751131,0.828079879284,-0.556897461414
0.583338975906,-0.155979856849,1.52848958969,-0.0464930124581,0.0456416495144,0.828031718731,-0.5568831563
0.583282470703,-0.155912742019,1.52849471569,-0.0464950762689,0.0457268729806,0.82835149765,-0.556400001049
0.583241462708,-0.155881643295,1.52850425243,-0.0463633202016,0.0459348857403,0.828480780125,-0.556201398373
0.583206832409,-0.155848756433,1.52849948406,-0.0462182871997,0.0461023151875,0.828638315201,-0.555964887142
0.583216011524,-0.156402051449,1.52859675884,-0.0492113977671,0.0499612726271,0.824597418308,-0.561356663704
0.583190262318,-0.156377077103,1.52859306335,-0.0491507798433,0.0502260550857,0.824766874313,-0.561089217663
0.583162903786,-0.156354129314,1.52858006954,-0.0490971468389,0.0504547320306,0.82492184639,-0.56084549427
0.583128213882,-0.156323745847,1.52855682373,-0.0491132438183,0.0506273843348,0.82512909174,-0.560523688793
0.583116948605,-0.156299754977,1.52856469154,-0.0492048338056,0.050903853029,0.825292050838,-0.560250461102
0.583055973053,-0.156277000904,1.5285077095,-0.049175042659,0.0510259829462,0.825429081917,-0.560040175915
0.583037078381,-0.156237497926,1.52849018574,-0.0493047088385,0.0512580350041,0.825522243977,-0.559870302677
0.582965672016,-0.156242370605,1.52844178677,-0.0492843016982,0.0514595098794,0.825665235519,-0.559642672539
0.582882404327,-0.156256765127,1.52837347984,-0.0492235794663,0.0517052188516,0.825741767883,-0.559512495995
0.582778692245,-0.155604541302,1.52821707726,-0.0459808968008,0.048088055104,0.830449640751,-0.553106427193
0.582685649395,-0.155605763197,1.52815592289,-0.0460524484515,0.0483614690602,0.830548644066,-0.552927970886
0.582586526871,-0.156216144562,1.52817773819,-0.0494494512677,0.0523460917175,0.826092302799,-0.55891507864
0.582463979721,-0.156228899956,1.52809500694,-0.0496704466641,0.0527483522892,0.826155543327,-0.558764338493
0.582407534122,-0.155764192343,1.52798366547,-0.0474680960178,0.0507353134453,0.829973757267,-0.553458511829
0.582285642624,-0.155722349882,1.52790665627,-0.0478489138186,0.0512209162116,0.830247402191,-0.552970349789
0.581394374371,-0.156073063612,1.52768158913,-0.044809255749,0.0507854856551,0.831107676029,-0.551971852779
0.5812728405,-0.156139448285,1.52763831615,-0.0449649728835,0.0514169931412,0.8313331604,-0.551561176777
0.581768393517,-0.156108871102,1.5277787447,-0.0513321496546,0.0554330088198,0.826556265354,-0.557760536671
0.5815731287,-0.156114697456,1.52769935131,-0.051600240171,0.0560139231384,0.826629459858,-0.557569384575
0.58130633831,-0.156049251556,1.52756273746,-0.0519930832088,0.0560800917447,0.826747477055,-0.557351231575
0.581100106239,-0.155398666859,1.5273873806,-0.0494767315686,0.0528118610382,0.831338107586,-0.551035284996
0.580491244793,-0.156300216913,1.52731776237,-0.0514722689986,0.0567941330373,0.827173233032,-0.55669516325
0.580669403076,-0.155550763011,1.52723097801,-0.0508031360805,0.0548470318317,0.830264389515,-0.552333116531
0.580451667309,-0.155477046967,1.52715229988,-0.0515108853579,0.0553479194641,0.830494165421,-0.551872014999
0.579815149307,-0.155601248145,1.52697443962,-0.0502285845578,0.0550583042204,0.831428647041,-0.550610721111
0.579610645771,-0.156140595675,1.52699804306,-0.0538023486733,0.0592823065817,0.827035188675,-0.556420624256
0.579389214516,-0.156043350697,1.526902318,-0.0543272159994,0.0596669353545,0.827137410641,-0.556176245213
0.579208374023,-0.155908703804,1.52681195736,-0.0550996512175,0.060208901763,0.827396690845,-0.555656015873
0.579069793224,-0.155707448721,1.52675032616,-0.0558853596449,0.0608642250299,0.828001499176,-0.554604232311
0.578873515129,-0.155567392707,1.52668476105,-0.0564236938953,0.0617668479681,0.828185796738,-0.554174602032
0.578676402569,-0.154907569289,1.52649044991,-0.0539300814271,0.0592060722411,0.832314610481,-0.548487484455
0.578545212746,-0.155263721943,1.52647733688,-0.0571158602834,0.0634758248925,0.828506827354,-0.553430199623
0.578366398811,-0.155078366399,1.52635002136,-0.057295884937,0.0644166767597,0.828747570515,-0.552942097187
0.578175723553,-0.15483546257,1.52621293068,-0.0574501864612,0.0653070285916,0.829486548901,-0.551712274551
0.578045904636,-0.154280617833,1.52601563931,-0.0569863170385,0.0638666525483,0.832208454609,-0.547816336155
0.577885568142,-0.154326856136,1.52593541145,-0.058234244585,0.0678765997291,0.830654144287,-0.549559175968
0.577474474907,-0.154054701328,1.52569758892,-0.058474753052,0.0689663738012,0.830866456032,-0.549076616764
0.57785820961,-0.153588742018,1.52587008476,-0.060098040849,0.0709695369005,0.831616163254,-0.547508955002
0.577417850494,-0.153158962727,1.52546465397,-0.0588602349162,0.0697260126472,0.83426630497,-0.543758809566
0.577167868614,-0.153098613024,1.52533280849,-0.0600308217108,0.073577105999,0.832787454128,-0.545387625694
0.576647698879,-0.152821287513,1.52465248108,-0.0595556311309,0.0744317993522,0.83274525404,-0.545388221741
0.576480031013,-0.152519389987,1.52450489998,-0.060300257057,0.075931712985,0.833312273026,-0.544232606888
0.57626414299,-0.152093023062,1.52435815334,-0.0613724850118,0.0775826945901,0.8338778615,-0.543011903763
0.576131403446,-0.151299104095,1.52409076691,-0.0609070509672,0.0765217617154,0.836784958839,-0.538725912571
0.576698720455,-0.150765880942,1.52435266972,-0.0644672513008,0.0792865976691,0.836347818375,-0.538590788841
0.575946986675,-0.150603145361,1.52384448051,-0.0635300725698,0.0801389962435,0.836930930614,-0.537669241428
0.575658142567,-0.150468856096,1.52370846272,-0.0650466531515,0.0840535014868,0.835426032543,-0.539228439331
0.575467169285,-0.149802267551,1.52345132828,-0.0646009892225,0.0830293372273,0.837897121906,-0.535594284534
0.575120031834,-0.149449855089,1.52340734005,-0.0648700743914,0.0847636908293,0.83826726675,-0.534710288048
0.574848711491,-0.149044498801,1.52320480347,-0.065285615623,0.0857891887426,0.838798820972,-0.533661484718
0.574817538261,-0.148438692093,1.52308452129,-0.0664273351431,0.0869989469647,0.839277327061,-0.532571315765
0.574661135674,-0.147888198495,1.52295386791,-0.0672203302383,0.0877990052104,0.839754462242,-0.531587600708
0.574532747269,-0.147390767932,1.52283489704,-0.0679219663143,0.089050360024,0.839856564999,-0.531128585339
0.57486063242,-0.146456867456,1.52267229557,-0.0689043626189,0.0896599516273,0.840866088867,-0.529299080372
0.574567735195,-0.14622695744,1.52272379398,-0.0693235769868,0.0912645682693,0.84078335762,-0.529101371765
0.574432909489,-0.145651236176,1.52265381813,-0.0696301460266,0.0920573323965,0.841097593307,-0.528423964977
0.574374198914,-0.144968107343,1.52263224125,-0.0692002177238,0.0928903594613,0.842242479324,-0.526507675648
0.574315130711,-0.144386425614,1.52262938023,-0.0707587972283,0.0939349085093,0.841533124447,-0.527248978615
0.573980689049,-0.143745437264,1.52256405354,-0.0696996748447,0.0946522057056,0.842703402042,-0.525389373302
0.574258685112,-0.1430862993,1.52276241779,-0.0705243945122,0.0959124267101,0.842826485634,-0.524852931499
0.57419782877,-0.142442435026,1.5227278471,-0.0713919252157,0.0964727476239,0.842284440994,-0.525502681732
0.574298083782,-0.141783282161,1.52278983593,-0.0709234774113,0.0974901393056,0.843155562878,-0.523979246616
0.574368774891,-0.1411229074,1.52295970917,-0.0712198838592,0.0986167043447,0.843020141125,-0.523946166039
0.574174106121,-0.14061255753,1.52290701866,-0.071270480752,0.0992599502206,0.842391729355,-0.524827718735
0.574253618717,-0.139896571636,1.52296590805,-0.0717104002833,0.099881388247,0.842224955559,-0.524917423725
0.574321985245,-0.139252364635,1.52301478386,-0.070761859417,0.100651815534,0.842745780945,-0.5240624547
0.574383199215,-0.138545811176,1.52308726311,-0.0714981555939,0.101071126759,0.841759085655,-0.525465786457
0.574829280376,-0.137807577848,1.52323532104,-0.0713943243027,0.101862184703,0.842034757137,-0.524885058403
0.574989259243,-0.137119814754,1.52327370644,-0.0713779628277,0.102351374924,0.84170538187,-0.525320231915
0.574860930443,-0.136488258839,1.52323710918,-0.0706540122628,0.102585099638,0.841316699982,-0.525994837284
0.575026273727,-0.135760769248,1.5233271122,-0.070673853159,0.102871239185,0.840692400932,-0.526933670044
0.575276851654,-0.135091766715,1.52347302437,-0.070729881525,0.103444382548,0.839961647987,-0.52797806263
0.575889289379,-0.134153053164,1.52358615398,-0.0715534314513,0.103813454509,0.83912986517,-0.529116094112
0.575801849365,-0.133626282215,1.52339673042,-0.0705295950174,0.103594616055,0.838649332523,-0.530057787895
0.575964927673,-0.132990121841,1.52344024181,-0.0700711011887,0.103899814188,0.837704122066,-0.531551241875
0.576217472553,-0.132270395756,1.52370762825,-0.0704096332192,0.10459125042,0.837318301201,-0.531978726387
0.576227426529,-0.131483897567,1.52371060848,-0.070357196033,0.104437768459,0.836761295795,-0.532891452312
0.576649308205,-0.130822837353,1.52367925644,-0.0698550641537,0.104640156031,0.835707247257,-0.53456902504
0.577111840248,-0.129700437188,1.52367448807,-0.070553958416,0.10347815603,0.835430204868,-0.535136282444
0.577181637287,-0.129211455584,1.52383553982,-0.0697836130857,0.104040786624,0.834953188896,-0.535871982574
0.577708244324,-0.128446251154,1.52386939526,-0.0706825852394,0.105222582817,0.833182156086,-0.538274884224
0.577750742435,-0.127664104104,1.52390182018,-0.0694464370608,0.104667566717,0.833915233612,-0.537407815456
0.578288137913,-0.127047151327,1.52401471138,-0.0697269290686,0.104793831706,0.832287788391,-0.539864242077
0.578914225101,-0.126116067171,1.52404391766,-0.0702127367258,0.104768112302,0.831004679203,-0.541779458523
0.579106211662,-0.125630736351,1.52391695976,-0.0687062516809,0.104658015072,0.830109715462,-0.543363690376
0.57961666584,-0.124829590321,1.52390885353,-0.0687273517251,0.104269042611,0.8291451931,-0.544906139374
0.579879581928,-0.124110504985,1.5238815546,-0.0676367506385,0.103730201721,0.827748000622,-0.547264635563
0.580633342266,-0.123332612216,1.52392649651,-0.0673419833183,0.103557951748,0.826440989971,-0.549305081367
0.581018030643,-0.122630633414,1.52379977703,-0.0659774690866,0.10297935456,0.825236797333,-0.551385939121
0.581794083118,-0.121879167855,1.52380561829,-0.0658770129085,0.1032904163,0.8234385252,-0.554021954536
0.582378745079,-0.121023058891,1.52373957634,-0.0651281177998,0.102487526834,0.822400391102,-0.555798709393
0.582632005215,-0.120071291924,1.52359747887,-0.0631200894713,0.100655287504,0.821958601475,-0.557017505169
0.583417654037,-0.119233816862,1.52344930172,-0.06242884323,0.100206971169,0.820483505726,-0.559346020222
0.583791613579,-0.118393078446,1.52326405048,-0.06095251441,0.0994531586766,0.819521665573,-0.561050832272
0.584666550159,-0.117356620729,1.52314913273,-0.0606003217399,0.0989504754543,0.818598687649,-0.562523424625
0.585055530071,-0.116762705147,1.52314519882,-0.0585417971015,0.10002052784,0.817723095417,-0.563824295998
0.586001515388,-0.115413881838,1.52317857742,-0.0590888671577,0.0982830002904,0.816640615463,-0.56563860178
0.586525440216,-0.114871382713,1.5231282711,-0.0575604625046,0.0998196825385,0.815590500832,-0.567040324211
0.586842775345,-0.113757975399,1.52298152447,-0.0558038279414,0.0983040556312,0.815671503544,-0.56736433506
0.587672770023,-0.112846910954,1.52297413349,-0.0554073564708,0.0981163084507,0.814676582813,-0.568863213062
0.58875644207,-0.111640095711,1.52292263508,-0.056693777442,0.0985856950283,0.81300765276,-0.571038901806
0.5891700387,-0.110755927861,1.5234670639,-0.0562742911279,0.0993308201432,0.812283754349,-0.571980595589
0.589464485645,-0.109981648624,1.52290678024,-0.0547572486103,0.0986019670963,0.810939371586,-0.574157238007
0.590374410152,-0.108977735043,1.52303338051,-0.0549671389163,0.0991006568074,0.81010466814,-0.57522881031
0.59113663435,-0.10790977627,1.52316057682,-0.0554168447852,0.0993283241987,0.809315979481,-0.576255738735
0.591500103474,-0.106912061572,1.52300226688,-0.0544625818729,0.098967820406,0.808237612247,-0.577919781208
0.592908024788,-0.105594433844,1.52319025993,-0.056506048888,0.0995936319232,0.807067513466,-0.579249739647
0.593014717102,-0.10460960865,1.52313148975,-0.0549933984876,0.0993001461029,0.806645035744,-0.580033540726
0.594500362873,-0.103201620281,1.52346396446,-0.0574637614191,0.100177928805,0.8055306077,-0.581190884113
0.595176279545,-0.102172970772,1.52321255207,-0.0568606331944,0.100351423025,0.804461359978,-0.582699358463
0.595215022564,-0.101192772388,1.52289712429,-0.0546099431813,0.0997607633471,0.804318368435,-0.583213090897
0.596561431885,-0.0997136458755,1.52307927608,-0.0548981018364,0.100491188467,0.801901578903,-0.586380183697
0.596843421459,-0.0987409204245,1.52339935303,-0.0540243238211,0.101280771196,0.801432192326,-0.586966872215
0.598096370697,-0.0971918851137,1.52335298061,-0.0551291890442,0.101681523025,0.801101207733,-0.587246477604
0.599043905735,-0.0959364026785,1.52386760712,-0.0564072802663,0.103265859187,0.800672471523,-0.587433338165
0.599117100239,-0.0949036180973,1.52346265316,-0.053923048079,0.102730363607,0.800351440907,-0.588197410107
