Fx,Fy,Fz,Tx,Ty,Tz
-0.991917666420838,0.394265294568433,-5.250328934193,-0.529117696429648,0.366586104035178,-0.205501438428817
-1.01640945337684,-0.167807101706567,-5.250328934193,-0.530930750514648,0.370346859097178,-0.205501438428817
-0.991917666420838,-0.632127761343567,-5.645585930343,-0.529117696429648,0.376928165555178,-0.206907854725817
-1.11437666080884,-1.02313461850057,-5.909090912343,-0.517332844878648,0.359064623713178,-0.197766126443817
-1.18785208128784,-1.38970357129957,-6.172594940663,-0.501015298510648,0.351543143391178,-0.204798230280317
-1.16336023472284,-1.43857938001557,-6.172594940663,-0.492856555129648,0.346842214465178,-0.205501438428817
-1.31031101606784,-1.80514830301157,-5.777337944503,-0.452062808419648,0.337440356612178,-0.197062918295317
-1.28581922910784,-1.92733800361157,-5.777337944503,-0.433932237769648,0.327098324895178,-0.192140446354817
-1.38378637693784,-2.19615518997157,-5.250328934193,-0.404016815568647,0.310174986720178,-0.189327606310317
-1.40827816389784,-2.39165866325157,-4.855071938033,-0.384979747678648,0.297952577472178,-0.184405134369817
-1.45726173780784,-2.70935165832157,-4.723319923873,-0.358690433646647,0.281029254198178,-0.183701922496017
-1.40827816389784,-2.95373105953157,-4.459814941883,-0.333307646657648,0.265986278653178,-0.185811554392017
-1.43276995084784,-3.19811034153157,-3.932805931563,-0.301579170371647,0.253763869405178,-0.186514766265817
-1.43276995084784,-3.46692752788157,-3.405796921253,-0.272570275212648,0.234960168600178,-0.186514766265817
-1.48175352476784,-3.71130680988157,-3.405796921253,-0.259878896619648,0.225558310747178,-0.185811554392017
-1.65319615266784,-4.10231351803157,-3.537549412243,-0.234496109629648,0.213335901499178,-0.179482662429317
-1.72667151353784,-4.39556884716157,-3.405796921253,-0.224524297262648,0.202993854880178,-0.175263402362517
-1.89811402223784,-4.71326184223157,-3.405796921253,-0.210926376725648,0.184190154075178,-0.169637722273517
-2.04506486318784,-4.90876507709157,-3.537549412243,-0.200954579259648,0.168207004666178,-0.161199198414717
-2.11854022405784,-4.90876507709157,-3.274044430253,-0.195515402103648,0.153164036572178,-0.149244628225617
-2.26549106500784,-5.15314459751157,-3.010539925093,-0.179197900439648,0.150343477726178,-0.143618947205317
-2.38794999979784,-5.25089621494157,-2.878787910933,-0.162880398775648,0.136240698397178,-0.149947838236717
-2.31447463892784,-5.42196154545157,-1.956521904463,-0.126619287277648,0.121197730302778,-0.152057468270117
-2.14303201101784,-5.51971363971157,-1.297760403153,-0.140217207814648,0.120257548987878,-0.148541418214517
-1.87362223528784,-5.81296849201157,-0.507246410843,-0.151095547224648,0.111795879900478,-0.145025366296217
-1.84913044832784,-6.00847220371157,0.0197628378870007,-0.143843315984648,0.0995734669267783,-0.147838208203417
-1.77565508745784,-6.27728915165157,-0.243741905683,-0.162880398775648,0.102394025772778,-0.141509316240617
-1.84913044832784,-6.42391705463157,-0.111989414692999,-0.176478319312648,0.105214580893478,-0.128851534177717
-1.92260580919784,-6.59498238514157,-0.243741905683,-0.186450131679648,0.107094950973978,-0.119709802170447
-1.99608128927784,-6.83936142872157,0.0197628378870007,-0.201861106301648,0.107094950973978,-0.109161650140917
-1.94709759615784,-7.01042723606157,0.0197628378870007,-0.211832903767648,0.106154765933778,-0.106348810096417
-1.82463866136784,-7.27924418400157,0.151515090467,-0.223617770220648,0.101453837007278,-0.109161650140917
-1.70217972658784,-7.40143418262157,0.415019595627001,-0.231776528502648,0.0967529118060783,-0.116193752114817
-1.60421257875784,-7.64581322620157,0.546772086627,-0.247187488223648,0.0892314277589783,-0.128148324050177
-1.62870436571784,-7.81687855671157,0.678524339197001,-0.254439734364648,0.0882912427186783,-0.130257954432797
-1.72667151353784,-7.86575484226157,0.546772086627,-0.258972369576647,0.0901716127991783,-0.125335483656437
-1.84913044832784,-7.93906855533157,0.415019595627001,-0.264411531831648,0.103334210813078,-0.120413012181577
-2.02057307623784,-7.93906855533157,0.810276591777001,-0.256252788449647,0.108975321054478,-0.116193752114817
-2.06955665014784,-7.89019274662157,0.678524339197001,-0.249000542308647,0.117436990141878,-0.112677702059217
-1.97158950231784,-7.79244065235157,0.678524339197001,-0.242654853011648,0.114616431295878,-0.113380911139017
-1.70217972658784,-7.69468903492157,0.942028844357,-0.235402636672648,0.0976930968463783,-0.124632273179647
-1.60421257875784,-7.74356484363157,1.073781096937,-0.227243878389648,0.0882912427186783,-0.138696476196107
-1.57972079179784,-7.79244065235157,0.810276591777001,-0.227243878389648,0.0854706875979783,-0.147838208203417
-1.65319615266784,-8.11013388584157,0.942028844357,-0.249000542308647,0.0929921716451783,-0.150651048247917
-1.77565508745784,-8.30563712070157,0.942028844357,-0.262598477746648,0.101453837007278,-0.143618947205317
-1.87362223528784,-8.50114083240157,0.415019595627001,-0.279822491551648,0.110855691134978,-0.134477215198037
-1.97158950231784,-8.57445454548157,0.283267343047001,-0.287074737693647,0.113676249980978,-0.126038693667557
-2.11854022405784,-8.64776825855157,0.283267343047001,-0.289794318820647,0.123078100383278,-0.118303382148217
-2.04506486318784,-8.64776825855157,0.151515090467,-0.294326954032648,0.120257548987878,-0.121819433135147
-1.99608128927784,-8.74551987598157,0.415019595627001,-0.297046535159648,0.114616431295878,-0.118303382148217
-1.84913044832784,-8.72108197162157,0.415019595627001,-0.296140008116648,0.105214580893478,-0.122522643146277
-1.70217972658784,-8.64776825855157,0.546772086627,-0.290700845862647,0.0976930968463783,-0.136586845697067
-1.55522900484784,-8.72108197162157,0.415019595627001,-0.289794318820647,0.0845305025577783,-0.145025366296217
-1.50624531171784,-8.69664406727157,0.415019595627001,-0.291607372905648,0.0873510576784783,-0.147838208203417
-1.55522900484784,-8.69664406727157,0.283267343047001,-0.287074737693647,0.0958127267658783,-0.147838208203417
-1.53073709867784,-8.55001664112157,0.151515090467,-0.277102910424648,0.0939323566853783,-0.147134998192217
-1.60421257875784,-8.52557873676157,0.151515090467,-0.276196383382648,0.100513651967078,-0.145025366296217
-1.65319615266784,-8.50114083240157,0.151515090467,-0.276196383382648,0.105214580893478,-0.140806106229517
-1.57972079179784,-8.62333035419157,0.283267343047001,-0.281635545636647,0.102394025772778,-0.144322157216417
-1.43276995084784,-8.74551987598157,0.0197628378870007,-0.297046535159648,0.0929921716451783,-0.145025366296217
-1.23683565519784,-8.98989891956157,0.0197628378870007,-0.309737913752648,0.0854706875979783,-0.155573518325717
-1.11437666080884,-9.20984101246157,0.415019595627001,-0.316990159894648,0.0751286484300783,-0.168934510399717
-1.04090124033384,-9.33203053425157,0.283267343047001,-0.327868484402648,0.0770090185105783,-0.172450562318017
-1.06539302729084,-9.42978215168157,-0.111989414692999,-0.335120700742647,0.0835903175174783,-0.172450562318017
-1.06539302729084,-9.40534424732157,-0.111989414692999,-0.336027227784647,0.0798295736312783,-0.166824882229017
-1.04090124033384,-9.40534424732157,0.0197628378870007,-0.336027227784647,0.0770090185105783,-0.163308830310717
-1.01640945337684,-9.35646843860157,0.0197628378870007,-0.327868484402648,0.0760688334703783,-0.160495990266217
-1.01640945337684,-9.38090634296157,0.0197628378870007,-0.323335849190648,0.0779492035507783,-0.159792780255117
-0.967425879463838,-9.40534424732157,-0.243741905683,-0.327868484402648,0.0779492035507783,-0.159792780255117
-0.918442305549838,-9.50309586475157,0.0197628378870007,-0.335120700742647,0.0732482764869783,-0.164012042184517
-0.869458731636838,-9.47865796039157,0.0197628378870007,-0.333307646657648,0.0713679064064783,-0.166824882229017
-0.795983311161838,-9.52753376911157,-0.243741905683,-0.336933754826648,0.0694875344633783,-0.175263402362517
-0.722507950290838,-9.50309586475157,0.151515090467,-0.336027227784647,0.0713679064064783,-0.182295502473817
-0.746999737247838,-9.45422005604157,0.415019595627001,-0.324242376233647,0.0676071643829783,-0.187217974414317
-0.746999737247838,-9.33203053425157,0.151515090467,-0.319709741021648,0.0732482764869783,-0.190734026332517
-0.795983311161838,-9.28315472553157,0.151515090467,-0.314270578767648,0.0751286484300783,-0.189327606310317
-0.771491524204838,-9.18540310810157,0.151515090467,-0.314270578767648,0.0751286484300783,-0.188624394436517
-0.795983311161838,-9.25871682117157,0.0197628378870007,-0.316990159894648,0.0779492035507783,-0.190030814458817
-0.698016163333838,-9.28315472553157,-0.243741905683,-0.322429322148648,0.0770090185105783,-0.199875758339817
-0.673524346574838,-9.33203053425157,-0.375493919843,-0.327868484402648,0.0770090185105783,-0.206204646577317
-0.600048955902838,-9.52753376911157,-0.243741905683,-0.341466390038648,0.0732482764869783,-0.209720702220817
-0.551065381988838,-9.52753376911157,-0.243741905683,-0.346905582095648,0.0676071643829783,-0.206204646577317
-0.600048955902838,-9.52753376911157,-0.243741905683,-0.343279444123648,0.0694875344633783,-0.201282174636817
-0.673524346574838,-9.42978215168157,-0.507246410843,-0.337840281869648,0.0732482764869783,-0.196359710146817
-0.746999737247838,-9.40534424732157,-0.507246410843,-0.331494592572648,0.0788893885910783,-0.191437238206317
-0.844966885074838,-9.38090634296157,-0.375493919843,-0.329681538487648,0.0807697586714783,-0.184405134369817
-0.869458731636838,-9.42978215168157,-0.638998901842999,-0.341466390038648,0.0807697586714783,-0.178076242407017
-0.795983311161838,-9.47865796039157,-0.638998901842999,-0.346905582095648,0.0798295736312783,-0.185108342518217
-0.820475098117838,-9.60084748218157,-0.902503407003,-0.348718636180648,0.0835903175174783,-0.190734026332517
-0.918442305549838,-9.57640957782157,-1.034255421163,-0.343279444123648,0.0882912427186783,-0.202688598384317
-1.08988487385184,-9.67416119526157,-1.034255421163,-0.344186000968648,0.101453837007278,-0.209017486621817
-1.23683565519784,-9.79635071705157,-0.902503407003,-0.346905582095648,0.113676249980978,-0.206907854725817
-1.43276995084784,-9.91854023884157,-1.166007912153,-0.356877379561648,0.126838840544278,-0.201985390235817
-1.43276995084784,-10.0162918562716,-1.166007912153,-0.367755704070648,0.130599588155778,-0.194953286399317
-1.43276995084784,-10.1873581404516,-1.561264908313,-0.384979747678648,0.131539769470678,-0.188624394436517
-1.33480280302784,-10.2851097578816,-1.693016922473,-0.395858072186648,0.126838840544278,-0.187217974414317
-1.16336023472284,-10.3584234709516,-1.693016922473,-0.398577653313648,0.112736061215378,-0.191437238206317
-1.21234386823784,-10.3339855665916,-1.561264908313,-0.395858072186648,0.116496801376378,-0.199875758339817
-1.23683565519784,-10.2851097578816,-1.561264908313,-0.394045018101647,0.124018289148778,-0.205501438428817
-1.35929458997784,-10.2362339491616,-1.693016922473,-0.387699328805648,0.130599588155778,-0.206204646577317
-1.40827816389784,-10.1140444273716,-1.561264908313,-0.380447112466648,0.131539769470678,-0.203391806532817
-1.50624531171784,-10.0896065230216,-1.693016922473,-0.376821004296647,0.133420139551178,-0.196359710146817
-1.48175352476784,-10.0407307143016,-1.693016922473,-0.376821004296647,0.136240698397178,-0.191437238206317
-1.48175352476784,-9.99185395191157,-1.693016922473,-0.375007950211648,0.132479958236178,-0.193546862651717
-1.45726173780784,-10.0407307143016,-1.693016922473,-0.375007950211648,0.132479958236178,-0.196359710146817
-1.53073709867784,-10.0407307143016,-1.693016922473,-0.376821004296647,0.137180879712078,-0.201985390235817
-1.60421257875784,-10.0407307143016,-1.824769413473,-0.374101393367648,0.138121068477678,-0.210423910369317
-1.67768793962784,-10.0651686186616,-1.824769413473,-0.373194866324647,0.144702367484578,-0.211830326666317
-1.97158950231784,-10.1629202360916,-1.956521904463,-0.382260166550648,0.163506075740178,-0.205501438428817
-2.09404843710784,-10.4317371840316,-1.561264908313,-0.388605855847648,0.168207004666178,-0.201985390235817
-2.06955665014784,-10.5050508971016,-2.220026409623,-0.407642953540648,0.172907933593178,-0.190734026332517
-1.94709759615784,-10.6272404188916,-1.956521904463,-0.413082115794648,0.170087374747178,-0.187217974414317
-2.02057307623784,-10.5539267058216,-2.088273918623,-0.408549480582648,0.171027556062178,-0.186514766265817
-2.09404843710784,-10.5783646101716,-2.351778423783,-0.417614751006648,0.170087374747178,-0.183701922496017
-1.99608128927784,-10.5783646101716,-2.220026409623,-0.423053913260648,0.170087374747178,-0.184405134369817
-1.94709759615784,-10.5294888014616,-2.220026409623,-0.410362534667647,0.170087374747178,-0.194250078250817
-1.92260580919784,-10.3584234709516,-2.088273918623,-0.402203761483648,0.167266815901178,-0.199172550191317
-1.94709759615784,-10.2117960448016,-2.088273918623,-0.396764599229648,0.169147185981178,-0.199875758339817
-1.89811402223784,-9.99185395191157,-1.956521904463,-0.381353639508648,0.171027556062178,-0.201282174636817
-1.92260580919784,-9.94297814319157,-1.956521904463,-0.375914477254647,0.172907933593178,-0.203391806532817
-1.80014687441784,-9.64972329090157,-1.956521904463,-0.355064325476648,0.165386445820178,-0.207611070324817
-1.82463866136784,-9.55197167347157,-1.693016922473,-0.350531690264648,0.159745335579178,-0.215346382309817
-1.57972079179784,-9.45422005604157,-2.088273918623,-0.347812109137648,0.153164036572178,-0.215346382309817
-1.43276995084784,-9.42978215168157,-2.088273918623,-0.345999055052647,0.142821997404078,-0.217456006755317
-1.35929458997784,-9.42978215168157,-2.088273918623,-0.346905582095648,0.135300509631678,-0.218159222354317
-1.33480280302784,-9.38090634296157,-2.088273918623,-0.347812109137648,0.133420139551178,-0.218862430502817
-1.45726173780784,-9.38090634296157,-2.088273918623,-0.348718636180648,0.139061257243178,-0.211127118517817
-1.62870436571784,-9.25871682117157,-2.088273918623,-0.347812109137648,0.144702367484578,-0.201985390235817
-1.62870436571784,-9.23427891681157,-2.220026409623,-0.348718636180648,0.151283666491178,-0.195656494547817
-1.62870436571784,-9.23427891681157,-2.220026409623,-0.350531690264648,0.148463107645178,-0.187217974414317
-1.65319615266784,-9.25871682117157,-2.351778423783,-0.353251271392648,0.146582737565078,-0.186514766265817
-1.65319615266784,-9.18540310810157,-2.351778423783,-0.353251271392648,0.142821997404078,-0.187217974414317
-1.62870436571784,-9.08765149067157,-2.351778423783,-0.348718636180648,0.139061257243178,-0.186514766265817
-1.65319615266784,-8.96546101520157,-2.088273918623,-0.340559862996648,0.134360328316678,-0.193546862651717
-1.80014687441784,-8.86770987461157,-2.351778423783,-0.329681538487648,0.145642548799478,-0.199172550191317
-1.84913044832784,-8.79439568470157,-2.220026409623,-0.321522795106647,0.148463107645178,-0.199875758339817
-1.92260580919784,-8.67220616291157,-2.483530914783,-0.317896686936648,0.151283666491178,-0.194953286399317
-1.89811402223784,-8.64776825855157,-2.615282928943,-0.313364051724648,0.154104217887178,-0.194953286399317
-1.84913044832784,-8.72108197162157,-2.483530914783,-0.323335849190648,0.148463107645178,-0.188624394436517
-1.72667151353784,-8.91658520649157,-2.615282928943,-0.337840281869648,0.140001438558078,-0.186514766265817
-1.57972079179784,-9.11208939502157,-2.483530914783,-0.349625163222648,0.128719218075278,-0.185108342518217
-1.65319615266784,-9.06321358631157,-2.615282928943,-0.349625163222648,0.129659399390178,-0.184405134369817
-1.70217972658784,-9.06321358631157,-2.615282928943,-0.349625163222648,0.131539769470678,-0.183701922496017
-1.92260580919784,-9.01433682392157,-2.615282928943,-0.342372917081648,0.143762178719078,-0.187217974414317
-2.04506486318784,-8.96546101520157,-2.747035419943,-0.338746808911647,0.148463107645178,-0.186514766265817
-2.09404843710784,-8.98989891956157,-2.220026409623,-0.335120700742647,0.151283666491178,-0.184405134369817
-1.80014687441784,-7.76800274799157,-1.429512417313,-0.315177105809648,0.170087374747178,-0.218862430502817
-1.50624531171784,-7.84131646106157,-2.220026409623,-0.324242376233647,0.163506075740178,-0.230113790680717
-1.77565508745784,-8.01238226841157,-1.166007912153,-0.249000542308647,0.139061257243178,-0.185811554392017
-1.62870436571784,-7.67025113056157,-2.220026409623,-0.290700845862647,0.141881808638578,-0.209720702220817
-1.60421257875784,-7.81687855671157,-1.824769413473,-0.250813596392647,0.127779029309778,-0.194250078250817
-1.48175352476784,-7.57249951313157,-1.824769413473,-0.246280961180648,0.119317360222378,-0.204798230280317
-1.45726173780784,-7.03486514042157,-1.956521904463,-0.231776528502648,0.120257548987878,-0.255429358531717
-1.50624531171784,-7.25480627964157,-2.351778423783,-0.239935271884648,0.131539769470678,-0.248397254695717
-1.67768793962784,-7.47474789570157,-1.561264908313,-0.232683055545648,0.124018289148778,-0.192140446354817
-1.60421257875784,-7.74356484363157,-2.351778423783,-0.268944167042648,0.124018289148778,-0.213236750413817
-1.57972079179784,-7.86575484226157,-2.220026409623,-0.262598477746648,0.126838840544278,-0.197062918295317
-1.43276995084784,-7.96350645969157,-1.561264908313,-0.272570275212648,0.110855691134978,-0.197766126443817
-1.33480280302784,-7.71912693928157,-2.220026409623,-0.291607372905648,0.109915509819978,-0.213939958562317
-1.35929458997784,-7.81687855671157,-1.956521904463,-0.265318058873648,0.111795879900478,-0.199172550191317
-1.31031101606784,-7.59693741749157,-1.956521904463,-0.266224585915648,0.105214580893478,-0.197766126443817
-1.21234386823784,-7.01042723606157,-2.088273918623,-0.255346261407647,0.104274395853278,-0.229410582532717
-1.28581922910784,-6.93711352298157,-1.693016922473,-0.220898189092648,0.106154765933778,-0.218862430502817
-1.26132744215784,-6.61942028949157,-1.693016922473,-0.208206795598648,0.103334210813078,-0.220972062398817
-1.23683565519784,-6.10622382114157,-1.561264908313,-0.188263185764648,0.107094950973978,-0.244177998353717
-1.28581922910784,-5.78853058765157,-1.429512417313,-0.160160817648648,0.112736061215378,-0.246990838398717
-1.23683565519784,-5.32420992801157,-1.561264908313,-0.142936788941648,0.110855691134978,-0.252616518487717
-1.16336023472284,-4.98207926700157,-1.297760403153,-0.125712760235648,0.108035136014278,-0.268790350605717
-1.06539302729084,-4.81101345966157,-1.297760403153,-0.105769142950648,0.103334210813078,-0.275119246293717
-1.08988487385184,-4.39556884716157,-0.902503407003,-0.0885451142446475,0.0976930968463783,-0.284964175273717
-0.649032559618838,-3.78462052295157,-1.297760403153,-0.0550035838736475,0.0939323566853783,-0.246287622799717
-0.967425879463838,-4.07787561367157,-1.034255421163,-0.0631623347057475,0.0929921716451783,-0.253319726635717
-1.01640945337684,-3.36917567203157,-1.297760403153,-0.0550035838736475,0.0854706875979783,-0.259648622323717
-0.869458731636838,-3.29586195896157,-0.507246410843,-0.0024249623297475,0.0873510576784783,-0.276525662590717
-0.893950518592838,-3.05148267696157,-1.166007912153,-0.0133032970829475,0.0892314277589783,-0.298325182248717
-0.771491524204838,-2.83154129932157,-1.166007912153,0.0120794843183525,0.0788893885910783,-0.287777022768717
-0.746999737247838,-2.73378956268157,-0.770750916002999,0.0211447631241425,0.0760688334703783,-0.284964175273717
-0.600048955902838,-2.51384830425157,-0.638998901842999,0.0256774029926525,0.0685473494231783,-0.274416030694717
-0.551065381988838,-2.31834483097157,-0.507246410843,0.0356492097722525,0.0629062373190783,-0.274416030694717
-0.526573595031838,-2.17171728561157,-0.375493919843,0.0456210184143525,0.0629062373190783,-0.270196766902717
-0.379622813686838,-1.87846207569157,-0.111989414692999,0.0546862962888525,0.0516240131109983,-0.273009614397717
-0.404114600643838,-1.43857938001557,0.283267343047001,0.0555928233312525,0.0516240131109983,-0.270899982501717
-0.404114600643838,-1.36526560733657,0.415019595627001,0.0555928233312525,0.0431623444892483,-0.255429358531717
-0.379622813686838,-1.02313461850057,0.678524339197001,0.0664711590157525,0.0412819739431183,-0.250506886591717
-0.183688458427838,-0.900944971913867,0.810276591777001,0.0655646319733525,0.0375212319195283,-0.243474782754717
-0.159196664020438,-0.485500186184567,1.205533349517,0.0691907438682525,0.0384614178910883,-0.239958734561717
-0.134704869613138,-0.216682970026567,1.337285840517,0.0646581049309525,0.0441025299951483,-0.233629846324717
-0.134704869613138,-0.241120874384567,1.337285840517,0.0682842168258525,0.0441025299951483,-0.237145894517717
-0.0857212807983384,-0.0211795563495667,1.600790345667,0.0818821336375525,0.0431623444892483,-0.245584414650717
-0.0612294863908384,0.320951462288433,1.864294970037,0.0746299098478525,0.0459829006576973,-0.252616518487717
-0.0612294863908384,0.247637630008433,1.732542598247,0.0882278303848525,0.0431623444892483,-0.251210094739717
-0.0857212807983384,0.345389366648433,1.732542598247,0.100919216428853,0.0459829006576973,-0.252616518487717
-0.0857212807983384,0.638644576568433,1.864294970037,0.0981996353016525,0.0535043836571383,-0.261055038620717
-0.110213075205738,0.834147930638433,1.864294970037,0.105451859091353,0.0563249401748283,-0.261758254219717
-0.183688458427838,0.834147930638433,1.996047222617,0.112704082881353,0.0572651252150783,-0.260351823021717
-0.404114600643838,1.83610296298843,1.337285840517,0.102732277964252,0.0488034568261383,-0.246990838398717
-0.477589991315838,0.565330744288433,1.996047222617,0.0537797692464525,0.0224782656878783,-0.169637722273517
-0.183688458427838,-0.583251893023567,0.0197628378870007,0.0447144876466525,0.0422221589833583,-0.0107122299567166
-0.208180252835238,-1.63408285329757,0.283267343047001,0.0338361538247525,0.0422221589833583,-0.0522016299266166
-0.257163841649938,-0.265558838347567,0.283267343047001,0.0283969859825525,0.0281193777918783,-0.0318085340161166
0.134704861417162,0.174323916928433,0.283267343047001,-0.0205555190099475,0.0252988226711783,-0.0444663179416166
0.379622820392162,1.22515487720843,1.469038093097,-0.0214620497776475,0.0318801198154783,-0.151354258259017
0.183688465133162,1.56728577663843,2.259551846987,0.0120794843183525,0.0422221589833583,-0.183701922496017
0.330639246478162,1.42065835048843,1.996047222617,0.0093599006300524,0.0365810468792783,-0.180889082451517
0.257163826003162,1.10296511699843,1.864294970037,-0.0087706581456475,0.0262390077113783,-0.149947838236717
0.0857212875041616,1.46953415920843,1.996047222617,-0.0123967700405475,0.0252988226711783,-0.144322157216417
0.281655642763162,1.34734439899843,2.127799594407,-0.0078641292406475,0.0328203048556783,-0.168934510399717
0.306147429719162,1.81166505862843,2.523056471347,0.0102664284873425,0.0431623444892483,-0.201282174636817
0.134704861417162,1.73835134555843,2.391304099567,-0.0160228819353475,0.0394016029313283,-0.192843654503317
0.0612294856461616,1.34734439899843,2.127799594407,-0.0250881616724475,0.0450427152682183,-0.162605622162317
0.183688465133162,1.29846859027843,2.259551846987,-0.0078641292406475,0.0506838276051083,-0.176669822384817
0.159196678176162,1.02965140392843,1.337285840517,-0.0214620497776475,0.0544445691630283,-0.147838208203417
0.110213074460162,0.834147930638433,1.337285840517,-0.0232751038624475,0.0516240131109983,-0.128148324050177
-0.0122458901258384,0.516454935568433,1.732542598247,-0.0060510732932475,0.0459829006576973,-0.131664374687877
0.0122458968311616,0.785272121928433,1.073781096937,-0.0051445462508475,0.0506838276051083,-0.116193752114817
0.232672039047162,1.10296511699843,0.942028844357,-0.0205555190099475,0.0488034568261383,-0.109864860152017
0.232672039047162,1.20071697284843,1.337285840517,-0.0105837140931475,0.0478632714366593,-0.128851534177717
0.183688465133162,1.32290649463843,1.469038093097,-0.0123967700405475,0.0516240131109983,-0.142212526251717
0.281655642763162,1.49397206355843,1.732542598247,-0.0142098259879475,0.0544445691630283,-0.152760678281217
0.232672039047162,1.61616158534843,1.600790345667,-0.0151163530303475,0.0563249401748283,-0.154870308314617
0.183688465133162,1.51840996791843,1.864294970037,-0.0087706581456475,0.0572651252150783,-0.165418462206817
0.232672039047162,1.59172368098843,1.864294970037,0.0048272609943224,0.0619660522788783,-0.175263402362517
0.281655642763162,1.37178230334843,1.205533349517,-0.0024249623297475,0.0600856812670783,-0.160495990266217
0.159196678176162,1.10296511699843,0.942028844357,0.0039207334862724,0.0563249401748283,-0.154167098303517
0.0122458968311616,0.956337571638433,1.073781096937,0.0401818505720525,0.0591454962268783,-0.188624394436517
0.208180252090162,1.29846859027843,0.678524339197001,0.0492471303091525,0.0666669793426783,-0.205501438428817
0.183688465133162,1.51840996791843,0.942028844357,0.0646581049309525,0.0647866092622783,-0.239958734561717
0.477589968219162,1.78722715427843,1.600790345667,0.0800690795527525,0.0619660522788783,-0.269493566204717
0.698016110435162,2.05604434062843,2.127799594407,0.0836951877222525,0.0497436420992083,-0.276525662590717
0.722507956996162,2.12935805370843,3.050065600875,0.0691907438682525,0.0469230860471783,-0.275119246293717
0.722507956996162,1.86054086734843,3.181817913058,0.0238643470452525,0.0290595628320783,-0.249803678442717
0.746999743953162,1.54284787227843,3.445322507623,0.0129860122338565,0.0290595628320783,-0.232223422576717
0.869458738342161,1.39622020770843,3.577074804905,0.0293035148875525,0.0365810468792783,-0.255429358531717
0.820475164432162,1.46953415920843,3.181817913058,0.0492471303091525,0.0384614178910883,-0.296215550352717
0.771491530910162,0.980775475998433,2.523056471347,0.0954800541745525,0.0422221589833583,-0.339814574767717
0.746999743953162,0.858585834998433,2.523056471347,0.110891028796252,0.0412819739431183,-0.365130142618717
0.698016110435162,0.540892839928433,1.996047222617,0.0972931082592525,0.0441025299951483,-0.383413614083717
0.649032536521162,0.247637630008433,1.864294970037,0.105451859091353,0.0431623444892483,-0.390445710469717
0.551065388694162,0.125447989008433,1.732542598247,0.103638805006552,0.0497436420992083,-0.389039279271717
0.477589968219162,-0.167807101706567,1.469038093097,0.0809756065951525,0.0563249401748283,-0.386226446677717
0.232672039047162,-0.534376054505567,1.205533349517,0.0719103249953525,0.0676071643829783,-0.374271870900717
0.208180252090162,-0.998696684340567,1.205533349517,0.0537797692464525,0.0713679064064783,-0.355285198737717
0.257163826003162,-1.56076902101457,1.073781096937,0.0211447631241425,0.0694875344633783,-0.324343950797717
0.330639246478162,-2.04952764461157,0.810276591777001,-0.0051445462508475,0.0563249401748283,-0.301841230441717
0.428606394306162,-2.53828620861157,0.810276591777001,-0.0250881616724475,0.0450427152682183,-0.282151342679717
0.428606394306162,-2.68491375396157,0.810276591777001,-0.0368730243994475,0.0441025299951483,-0.279338495184717
0.428606394306162,-3.27142405460157,0.546772086627,-0.0731341396225475,0.0450427152682183,-0.277228878189717
0.428606394306162,-3.41805171917157,0.546772086627,-0.0831059445394475,0.0488034568261383,-0.280744926382717
0.159196678176162,-4.02899980495157,0.283267343047001,-0.109395258570647,0.0629062373190783,-0.280041710783717
0.281655642763162,-4.46888256023157,0.151515090467,-0.129338868404648,0.0610258672386783,-0.275822446991717
0.232672039047162,-5.12870669315157,-0.243741905683,-0.169226102973648,0.0610258672386783,-0.261055038620717
0.159196678176162,-5.83740639637157,-0.507246410843,-0.200954579259648,0.0591454962268783,-0.244177998353717
-0.0122458901258384,-6.44835495899157,-1.034255421163,-0.222711243177648,0.0629062373190783,-0.227300950636317
-0.0367376919838384,-6.86379933307157,-1.034255421163,-0.255346261407647,0.0647866092622783,-0.224488110591817
-0.0857212807983384,-7.35255789707157,-1.693016922473,-0.278009437466648,0.0666669793426783,-0.216049590458317
-0.134704869613138,-7.81687855671157,-1.956521904463,-0.299766116286648,0.0657267943024783,-0.216752798606817
-0.208180252835238,-8.20788550327157,-2.220026409623,-0.316990159894648,0.0713679064064783,-0.216752798606817
-0.134704869613138,-7.96350645969157,-1.956521904463,-0.337840281869648,0.0948725417256783,-0.243474782754717
-0.208180252835238,-8.74551987598157,-2.088273918623,-0.335120700742647,0.0807697586714783,-0.221675270547317
-0.306147430464838,-9.11208939502157,-2.483530914783,-0.364129595900648,0.0788893885910783,-0.215346382309817
-0.404114600643838,-9.30759262989157,-2.747035419943,-0.388605855847648,0.0901716127991783,-0.216752798606817
-0.502081778272838,-9.77191281269157,-2.878787910933,-0.387699328805648,0.0882912427186783,-0.209017486621817
-0.526573595031838,-9.96741604755157,-3.405796921253,-0.429399602557648,0.0854706875979783,-0.200578966488317
-0.551065381988838,-10.1629202360916,-3.405796921253,-0.431212656642648,0.0901716127991783,-0.199875758339817
-0.453098204359838,-10.3095476622416,-3.405796921253,-0.438464902783648,0.0864108726382783,-0.209720702220817
-0.477589991315838,-10.3339855665916,-3.010539925093,-0.432119183684648,0.0760688334703783,-0.218862430502817
-0.355131026729838,-10.4806129927416,-3.274044430253,-0.431212656642648,0.0760688334703783,-0.214643166710817
-0.477589991315838,-10.5783646101716,-3.010539925093,-0.433932237769648,0.0798295736312783,-0.209017486621817
-0.600048955902838,-10.5783646101716,-3.274044430253,-0.433025710726648,0.0845305025577783,-0.202688598384317
-0.795983311161838,-10.6761162276116,-3.405796921253,-0.436651848698648,0.0976930968463783,-0.193546862651717
-0.918442305549838,-10.7494299406816,-3.537549412243,-0.439371429826648,0.108035136014278,-0.190734026332517
-0.918442305549838,-10.8471815581116,-3.537549412243,-0.442091010953648,0.108035136014278,-0.187217974414317
-0.869458731636838,-10.8716194624716,-3.669301426403,-0.446623646165648,0.105214580893478,-0.184405134369817
-0.722507950290838,-10.8227436537516,-3.537549412243,-0.446623646165648,0.0911117978393783,-0.184405134369817
-0.575557168945838,-10.7494299406816,-3.405796921253,-0.438464902783648,0.0817099437117783,-0.186514766265817
-0.502081778272838,-10.7005541319616,-3.274044430253,-0.432119183684648,0.0751286484300783,-0.192140446354817
-0.428606402501838,-10.7738678450416,-3.142292416093,-0.430306129599648,0.0685473494231783,-0.190030814458817
-0.477589991315838,-10.7983057493916,-2.747035419943,-0.433025710726648,0.0619660522788783,-0.191437238206317
-0.453098204359838,-10.7005541319616,-3.010539925093,-0.433932237769648,0.0676071643829783,-0.187217974414317
-0.404114600643838,-10.5783646101716,-2.878787910933,-0.427586548472648,0.0704277213662783,-0.189327606310317
-0.404114600643838,-10.5783646101716,-2.747035419943,-0.423960440303647,0.0704277213662783,-0.188624394436517
-0.355131026729838,-10.5783646101716,-2.878787910933,-0.431212656642648,0.0647866092622783,-0.189327606310317
-0.306147430464838,-10.6028025145316,-2.878787910933,-0.431212656642648,0.0676071643829783,-0.192843654503317
-0.183688458427838,-10.5294888014616,-2.615282928943,-0.422147386218648,0.0610258672386783,-0.200578966488317
-0.159196664020438,-10.4561750883816,-2.615282928943,-0.417614751006648,0.0591454962268783,-0.204798230280317
-0.0857212807983384,-10.4072992796716,-2.351778423783,-0.417614751006648,0.0525641981512383,-0.206907854725817
-0.0857212807983384,-10.4317371840316,-2.220026409623,-0.416708223963648,0.0544445691630283,-0.208314278473317
-0.0367376919838384,-10.2606718535216,-2.351778423783,-0.411269061709647,0.0506838276051083,-0.206907854725817
-0.134704869613138,-10.1629202360916,-2.088273918623,-0.401297234441647,0.0563249401748283,-0.205501438428817
-0.183688458427838,-9.96741604755157,-1.824769413473,-0.388605855847648,0.0563249401748283,-0.205501438428817
-0.183688458427838,-9.69859909961157,-1.956521904463,-0.369568758155647,0.0619660522788783,-0.198469334592317
-0.183688458427838,-9.50309586475157,-1.693016922473,-0.359596960688647,0.0600856812670783,-0.194953286399317
-0.183688458427838,-9.38090634296157,-1.824769413473,-0.350531690264648,0.0582053102552783,-0.192843654503317
-0.183688458427838,-9.30759262989157,-1.824769413473,-0.346905582095648,0.0572651252150783,-0.188624394436517
-0.159196664020438,-9.25871682117157,-1.824769413473,-0.341466390038648,0.0544445691630283,-0.189327606310317
-0.232672047242538,-9.11208939502157,-1.429512417313,-0.321522795106647,0.0535043836571383,-0.182295502473817
-0.379622813686838,-9.01433682392157,-1.824769413473,-0.331494592572648,0.0610258672386783,-0.174560194214017
-0.551065381988838,-9.06321358631157,-1.693016922473,-0.332401119614648,0.0694875344633783,-0.161199198414717
-0.575557168945838,-8.98989891956157,-1.956521904463,-0.329681538487648,0.0779492035507783,-0.160495990266217
-0.722507950290838,-9.01433682392157,-1.956521904463,-0.330588065530648,0.0807697586714783,-0.156276728336917
-0.698016163333838,-8.91658520649157,-1.824769413473,-0.327868484402648,0.0770090185105783,-0.157683150221717
-0.771491524204838,-8.89214730213157,-1.429512417313,-0.323335849190648,0.0741884615272783,-0.161902410288517
-0.698016163333838,-8.86770987461157,-1.693016922473,-0.323335849190648,0.0779492035507783,-0.164715250333017
-0.698016163333838,-8.91658520649157,-1.693016922473,-0.322429322148648,0.0760688334703783,-0.167528090377517
-0.698016163333838,-8.94102311084157,-1.561264908313,-0.328775011445648,0.0770090185105783,-0.160495990266217
-0.771491524204838,-8.98989891956157,-1.824769413473,-0.332401119614648,0.0807697586714783,-0.158386360232917
-0.869458731636838,-8.98989891956157,-1.693016922473,-0.331494592572648,0.0920519828796783,-0.152760678281217
-0.918442305549838,-9.03877472828157,-1.824769413473,-0.332401119614648,0.0967529118060783,-0.153463888292417
-0.942934092506838,-9.03877472828157,-1.824769413473,-0.334214173699648,0.0995734669267783,-0.152057468270117
-0.795983311161838,-9.03877472828157,-1.824769413473,-0.337840281869648,0.0901716127991783,-0.155573518325717
-0.673524346574838,-9.08765149067157,-1.693016922473,-0.339653335953647,0.0798295736312783,-0.159792780255117
-0.477589991315838,-9.16096520374157,-1.824769413473,-0.344186000968648,0.0666669793426783,-0.166121670355217
-0.355131026729838,-9.20984101246157,-1.429512417313,-0.350531690264648,0.0563249401748283,-0.171747350444217
-0.232672047242538,-9.28315472553157,-1.166007912153,-0.346905582095648,0.0516240131109983,-0.182295502473817
-0.208180252835238,-9.28315472553157,-1.297760403153,-0.347812109137648,0.0497436420992083,-0.183701922496017
-0.159196664020438,-9.30759262989157,-1.166007912153,-0.346905582095648,0.0450427152682183,-0.184405134369817
-0.159196664020438,-9.20984101246157,-1.297760403153,-0.345999055052647,0.0431623444892483,-0.185108342518217
-0.208180252835238,-9.13652729938157,-1.297760403153,-0.341466390038648,0.0459829006576973,-0.185108342518217
-0.232672047242538,-8.98989891956157,-1.166007912153,-0.331494592572648,0.0516240131109983,-0.186514766265817
-0.281655636057338,-8.91658520649157,-1.166007912153,-0.324242376233647,0.0525641981512383,-0.186514766265817
-0.281655636057338,-8.79439568470157,-1.034255421163,-0.316990159894648,0.0488034568261383,-0.187921186288017
-0.257163841649938,-8.64776825855157,-0.902503407003,-0.306111805583648,0.0441025299951483,-0.188624394436517
-0.330639224871838,-8.50114083240157,-0.770750916002999,-0.294326954032648,0.0478632714366593,-0.185811554392017
-0.379622813686838,-8.50114083240157,-0.902503407003,-0.295233481074648,0.0488034568261383,-0.178076242407017
-0.526573595031838,-8.50114083240157,-0.902503407003,-0.295233481074648,0.0544445691630283,-0.168934510399717
-0.600048955902838,-8.42782711933157,-0.638998901842999,-0.289794318820647,0.0535043836571383,-0.159792780255117
-0.795983311161838,-8.37895131061157,-1.166007912153,-0.292513899947648,0.0638464223593783,-0.145728578170017
-0.991917666420838,-8.35451340626157,-1.034255421163,-0.287074737693647,0.0770090185105783,-0.137993266184987
-1.06539302729084,-8.33007502506157,-1.034255421163,-0.287981264735648,0.0835903175174783,-0.134477215198037
-1.04090124033384,-8.45226502369157,-1.166007912153,-0.296140008116648,0.0845305025577783,-0.133774005186907
-0.942934092506838,-8.55001664112157,-0.902503407003,-0.303392224456648,0.0760688334703783,-0.142212526251717
-0.820475098117838,-8.52557873676157,-0.902503407003,-0.303392224456648,0.0657267943024783,-0.152057468270117
-0.698016163333838,-8.47670292804157,-0.638998901842999,-0.289794318820647,0.0610258672386783,-0.158386360232917
-0.746999737247838,-8.45226502369157,-0.638998901842999,-0.294326954032648,0.0600856812670783,-0.154870308314617
-0.746999737247838,-8.50114083240157,-0.638998901842999,-0.299766116286648,0.0638464223593783,-0.151354258259017
-0.844966885074838,-8.57445454548157,-0.638998901842999,-0.298859589244648,0.0666669793426783,-0.150651048247917
-0.746999737247838,-8.57445454548157,-0.507246410843,-0.297953062201648,0.0666669793426783,-0.152057468270117
-0.771491524204838,-8.59889244983157,-0.111989414692999,-0.295233481074648,0.0629062373190783,-0.156979938348017
-0.698016163333838,-8.59889244983157,-0.243741905683,-0.297046535159648,0.0619660522788783,-0.156979938348017
-0.600048955902838,-8.62333035419157,-0.111989414692999,-0.299766116286648,0.0572651252150783,-0.163308830310717
-0.551065381988838,-8.59889244983157,-0.243741905683,-0.297953062201648,0.0516240131109983,-0.162605622162317
-0.649032559618838,-8.55001664112157,-0.375493919843,-0.291607372905648,0.0544445691630283,-0.156979938348017
-0.844966885074838,-8.42782711933157,-0.375493919843,-0.282542102481648,0.0629062373190783,-0.148541418214517
-0.991917666420838,-8.33007502506157,-0.375493919843,-0.275289856339648,0.0694875344633783,-0.138696476196107
-1.06539302729084,-8.25676131199157,-0.243741905683,-0.270757221127647,0.0779492035507783,-0.130257954432797
-1.08988487385184,-8.11013388584157,-0.375493919843,-0.266224585915648,0.0854706875979783,-0.123929063168527
-1.21234386823784,-8.03682017277157,-0.243741905683,-0.259878896619648,0.0939323566853783,-0.120413012181577
-1.18785208128784,-8.01238226841157,-0.243741905683,-0.258972369576647,0.0920519828796783,-0.121819433135147
-1.11437666080884,-8.18344759891157,-0.111989414692999,-0.268037640000648,0.0817099437117783,-0.130257954432797
-0.991917666420838,-8.28119921634157,0.0197628378870007,-0.272570275212648,0.0770090185105783,-0.140806106229517
-1.06539302729084,-8.35451340626157,-0.375493919843,-0.278915964509648,0.0835903175174783,-0.138696476196107
-1.08988487385184,-8.40338921497157,-0.375493919843,-0.282542102481648,0.0835903175174783,-0.138696476196107
-1.16336023472284,-8.45226502369157,-0.507246410843,-0.287981264735648,0.0882912427186783,-0.133774005186907
-1.16336023472284,-8.45226502369157,-0.638998901842999,-0.292513899947648,0.0892314277589783,-0.127445113922637
-1.31031101606784,-8.37895131061157,-0.770750916002999,-0.289794318820647,0.0967529118060783,-0.122522643146277
-1.28581922910784,-8.37895131061157,-0.638998901842999,-0.288887791777648,0.0967529118060783,-0.122522643146277
-1.23683565519784,-8.40338921497157,-0.770750916002999,-0.288887791777648,0.0948725417256783,-0.126038693667557
-1.11437666080884,-8.45226502369157,-0.507246410843,-0.290700845862647,0.0835903175174783,-0.135883635220287
-0.991917666420838,-8.50114083240157,-0.375493919843,-0.296140008116648,0.0770090185105783,-0.144322157216417
-0.918442305549838,-8.45226502369157,-0.375493919843,-0.287074737693647,0.0713679064064783,-0.152760678281217
-0.918442305549838,-8.45226502369157,-0.507246410843,-0.283448629523648,0.0741884615272783,-0.158386360232917
-0.918442305549838,-8.55001664112157,-0.111989414692999,-0.282542102481648,0.0704277213662783,-0.158386360232917
-0.991917666420838,-8.62333035419157,-0.770750916002999,-0.300672643328648,0.0751286484300783,-0.149947838236717
-1.01640945337684,-8.69664406727157,-0.638998901842999,-0.308831386710648,0.0751286484300783,-0.144322157216417
-1.11437666080884,-8.79439568470157,-0.770750916002999,-0.316990159894648,0.0788893885910783,-0.138696476196107
-1.16336023472284,-8.91658520649157,-0.770750916002999,-0.326055430318648,0.0826501324772783,-0.138696476196107
-1.16336023472284,-8.94102311084157,-0.902503407003,-0.334214173699648,0.0835903175174783,-0.138696476196107
-1.21234386823784,-8.86770987461157,-0.770750916002999,-0.323335849190648,0.0854706875979783,-0.141509316240617
-1.33480280302784,-8.72108197162157,-1.166007912153,-0.316990159894648,0.0920519828796783,-0.137993266184987
-1.40827816389784,-8.67220616291157,-1.166007912153,-0.316083632851648,0.0939323566853783,-0.129554744305257
-1.48175352476784,-8.57445454548157,-1.034255421163,-0.309737913752648,0.0976930968463783,-0.125335483656437
-1.62870436571784,-8.35451340626157,-1.166007912153,-0.286168210650648,0.0939323566853783,-0.110568070163217
-1.60421257875784,-8.20788550327157,-1.034255421163,-0.286168210650648,0.0939323566853783,-0.111271280174317
-1.53073709867784,-7.98794436405157,-0.638998901842999,-0.260785423661648,0.0835903175174783,-0.109161650140917
-1.43276995084784,-7.79244065235157,-0.638998901842999,-0.247187488223648,0.0779492035507783,-0.114787332092617
-1.21234386823784,-7.47474789570157,-0.638998901842999,-0.235402636672648,0.0694875344633783,-0.121819433135147
-1.06539302729084,-7.20593047092157,-0.243741905683,-0.219085135008648,0.0610258672386783,-0.126038693667557
-1.06539302729084,-7.13261675785157,-0.243741905683,-0.210019849683648,0.0582053102552783,-0.126038693667557
-0.991917666420838,-6.76604771564157,0.283267343047001,-0.195515402103648,0.0384614178910883,-0.119006592159327
-0.893950518592838,-6.66829609821157,0.546772086627,-0.191889293934648,0.0299997497349783,-0.112677702059217
-0.795983311161838,-6.54610657642157,0.942028844357,-0.184637077594648,0.0196577105670783,-0.110568070163217
-0.698016163333838,-6.52166867206157,1.073781096937,-0.180104427481648,0.0177773386239783,-0.110568070163217
-0.600048955902838,-6.42391705463157,1.073781096937,-0.180104427481648,0.0234184507280783,-0.110568070163217
-0.600048955902838,-6.30172705600157,0.810276591777001,-0.173758738185648,0.0187175236642783,-0.109864860152017
-0.526573595031838,-6.22841334293157,0.942028844357,-0.172852211142648,0.0187175236642783,-0.114084121150117
-0.502081778272838,-6.13066172550157,1.337285840517,-0.165599979902648,0.0158969685435783,-0.121116222658367
-0.600048955902838,-6.10622382114157,1.337285840517,-0.161973871732648,0.0243586376309783,-0.119006592159327
-0.575557168945838,-5.95959639499157,1.864294970037,-0.153815128351648,0.0262390077113783,-0.119006592159327
-0.502081778272838,-5.86184430073157,2.259551846987,-0.143843315984648,0.0328203048556783,-0.120413012181577
-0.477589991315838,-5.59302735279157,2.918313348296,-0.124806233192648,0.0403417884372183,-0.127445113922637
-0.453098204359838,-5.42196154545157,3.313570225242,-0.112114839698647,0.0450427152682183,-0.136586845697067
-0.379622813686838,-5.22645831058157,2.918313348296,-0.103049561823647,0.0431623444892483,-0.149947838236717
-0.306147430464838,-5.05539298008157,2.654808723927,-0.0930777569066475,0.0318801198154783,-0.159089570244017
-0.355131026729838,-4.88432717273157,1.996047222617,-0.0695080314530475,0.0309399347752783,-0.175966614236317
-0.330639224871838,-4.68882393787157,1.469038093097,-0.0450317752315475,0.0318801198154783,-0.190030814458817
-0.306147430464838,-4.49332046459157,0.810276591777001,-0.0241816309048475,0.0337604908272783,-0.206204646577317
-0.575557168945838,-4.07787561367157,-0.243741905683,0.0120794843183525,0.0478632714366593,-0.225894534339317
-0.771491524204838,-3.73574471424157,-0.902503407003,0.0311165708349525,0.0535043836571383,-0.235739470769717
-0.869458731636838,-3.36917567203157,-1.693016922473,0.0456210184143525,0.0629062373190783,-0.238552310814717
-1.18785208128784,-3.00260686825157,-2.483530914783,0.0610319930361525,0.0760688334703783,-0.246287622799717
-1.35929458997784,-2.61159992168157,-3.142292416093,0.0719103249953525,0.0817099437117783,-0.249803678442717
-1.43276995084784,-2.36722063968157,-3.537549412243,0.0746299098478525,0.0817099437117783,-0.253319726635717
-1.43276995084784,-2.09840345333157,-3.932805931563,0.0719103249953525,0.0817099437117783,-0.254022942234717
-1.55522900484784,-1.73183453033357,-3.669301426403,0.0746299098478525,0.0704277213662783,-0.254022942234717
-1.55522900484784,-1.36526560733657,-3.537549412243,0.0764429639326525,0.0676071643829783,-0.253319726635717
-1.48175352476784,-0.925382900486167,-3.537549412243,0.0836951877222525,0.0572651252150783,-0.249803678442717
-1.43276995084784,-0.607689827183567,-3.274044430253,0.0864147763000525,0.0516240131109983,-0.246990838398717
-1.33480280302784,-0.314434706667567,-3.274044430253,0.0873213033424525,0.0478632714366593,-0.245584414650717
-1.21234386823784,-0.0211795563495667,-2.747035419943,0.0918539385543525,0.0356408618390783,-0.241365150858717
-1.11437666080884,0.125447989008433,-2.351778423783,0.0936670000897525,0.0271791927516783,-0.247694046546717
-0.918442305549838,0.443141103288433,-2.220026409623,0.0909474115119525,0.0168371535837783,-0.240661942710717
-0.722507950290838,0.736396193998433,-1.824769413473,0.104545332048952,0.0168371535837783,-0.251913302888717
-0.673524346574838,0.883023858568433,-1.824769413473,0.100919216428853,0.0252988226711783,-0.257538990427717
-0.477589991315838,1.07852721263843,-1.693016922473,0.103638805006552,0.0252988226711783,-0.260351823021717
-0.379622813686838,1.22515487720843,-1.561264908313,0.101825750921853,0.0309399347752783,-0.261055038620717
-0.232672047242538,1.42065835048843,-1.561264908313,0.0972931082592525,0.0281193777918783,-0.256835774828717
-0.110213075205738,1.51840996791843,-1.561264908313,0.0954800541745525,0.0215380806475783,-0.260351823021717
0.0857212875041616,1.73835134555843,-1.429512417313,0.0991061623440525,0.0187175236642783,-0.263164670516717
0.0857212875041616,1.86054086734843,-1.561264908313,0.104545332048952,0.0149567835032783,-0.258945406724717
0.0367376837881616,2.00716853191843,-1.561264908313,0.112704082881353,0.0121362283825783,-0.261055038620717
0.0857212875041616,2.12935805370843,-1.561264908313,0.112704082881353,0.0093156695365783,-0.256835774828717
0.306147429719162,2.20267200519843,-1.429512417313,0.103638805006552,0.0064951144158783,-0.262461454917717
0.330639246478162,2.30042362262843,-1.561264908313,0.0981996353016525,0.0111960396170783,-0.258242191125717
0.306147429719162,2.39817547847843,-1.429512417313,0.0963865812169525,0.0168371535837783,-0.256835774828717
0.404114607349162,2.49592709590843,-1.166007912153,0.102732277964252,0.0224782656878783,-0.260351823021717
0.379622820392162,2.54480290462843,-1.034255421163,0.109984501753952,0.0262390077113783,-0.263164670516717
0.404114607349162,2.61811685611843,-0.770750916002999,0.109984501753952,0.0318801198154783,-0.265274302412717
0.428606394306162,2.74030637790843,-0.638998901842999,0.103638805006552,0.0365810468792783,-0.265274302412717
0.526573601737162,2.86249613811843,-0.507246410843,0.0972931082592525,0.0384614178910883,-0.265977503110717
0.575557175651162,2.98468565990843,-0.507246410843,0.0891343574272525,0.0431623444892483,-0.266680718709717
0.698016110435162,3.03356146861843,-0.375493919843,0.0827886606799525,0.0431623444892483,-0.267383934308717
0.698016110435162,3.18018889476843,-0.243741905683,0.0746299098478525,0.0459829006576973,-0.271603183199717
0.698016110435162,3.25350308467843,-0.243741905683,0.0673776860581525,0.0469230860471783,-0.275119246293717
0.649032536521162,3.30237889339843,0.151515090467,0.0583124081836525,0.0478632714366593,-0.276525662590717
0.771491530910162,3.35125470210843,0.0197628378870007,0.0456210184143525,0.0516240131109983,-0.273712815095717
0.893950525302162,3.44900631953843,0.0197628378870007,0.0274904589401525,0.0535043836571383,-0.273009614397717
0.967425886172162,3.52232003261843,0.151515090467,0.0157055959803725,0.0572651252150783,-0.275119246293717
1.04090124704216,3.59563374568843,0.151515090467,0.0048272609943224,0.0591454962268783,-0.273712815095717
1.11437660791216,3.62007165004843,0.283267343047001,-0.0169294089777475,0.0666669793426783,-0.275119246293717
1.23683566190216,3.62007165004843,0.283267343047001,-0.0450317752315475,0.0713679064064783,-0.275119246293717
1.33480280973216,3.86445117046843,0.546772086627,-0.0622558076633475,0.0788893885910783,-0.274416030694717
1.35929459668216,3.91332697917843,0.415019595627001,-0.0749471937073475,0.0826501324772783,-0.277228878189717
1.35929459668216,3.91332697917843,0.415019595627001,-0.0867320601595475,0.0948725417256783,-0.272306398798717
1.40827817060216,3.88888907481843,0.546772086627,-0.120273597980648,0.102394025772778,-0.263164670516717
1.60421258546216,4.03551650096843,0.678524339197001,-0.133871503616648,0.108975321054478,-0.262461454917717
1.80014688112216,4.25545811702843,0.678524339197001,-0.144749843026648,0.121197730302778,-0.266680718709717
1.82463878728216,4.25545811702843,0.415019595627001,-0.149282478238648,0.133420139551178,-0.265274302412717
1.89811414815216,4.40208554317843,0.415019595627001,-0.157441236521648,0.140941627323678,-0.267383934308717
1.99608129598216,4.54871296931843,0.283267343047001,-0.163786925817648,0.143762178719078,-0.264571086813717
2.02057308294216,4.62202668239843,0.151515090467,-0.173758738185648,0.148463107645178,-0.262461454917717
1.99608129598216,4.74421668102843,0.151515090467,-0.178291373397648,0.147522926330178,-0.259648622323717
1.99608129598216,4.79309248973843,0.0197628378870007,-0.183730550552648,0.151283666491178,-0.256835774828717
1.99608129598216,4.91528201152843,-0.111989414692999,-0.190982766891648,0.147522926330178,-0.254022942234717
2.06955665685216,5.06190943767843,-0.111989414692999,-0.198234998131648,0.146582737565078,-0.253319726635717
2.04506486989216,5.15966153194843,-0.243741905683,-0.204580687428648,0.146582737565078,-0.254022942234717
2.06955665685216,5.23297524501843,-0.375493919843,-0.210926376725648,0.148463107645178,-0.255429358531717
2.14303201772216,5.42847847987843,-0.507246410843,-0.222711243177648,0.150343477726178,-0.258242191125717
2.11854023076216,5.55066800166843,-0.375493919843,-0.231776528502648,0.154104217887178,-0.259648622323717
2.19201559163216,5.69729590465843,-0.638998901842999,-0.240841798926648,0.154104217887178,-0.257538990427717
2.19201559163216,5.99055075694843,-0.902503407003,-0.267131112958647,0.155984587967178,-0.254022942234717
2.11854023076216,6.08830237437843,-1.034255421163,-0.281635545636647,0.158805146813178,-0.254022942234717
2.14303201772216,6.18605446864843,-1.034255421163,-0.286168210650648,0.154104217887178,-0.256835774828717
2.14303201772216,6.18605446864843,-1.166007912153,-0.284355156565648,0.150343477726178,-0.256835774828717
2.11854023076216,6.13717865993843,-1.166007912153,-0.278915964509648,0.150343477726178,-0.259648622323717
2.14303201772216,6.03942656566843,-1.034255421163,-0.268944167042648,0.151283666491178,-0.264571086813717
2.19201559163216,6.01498866130843,-1.034255421163,-0.262598477746648,0.154104217887178,-0.268790350605717
2.28998273946216,6.06386447002843,-1.034255421163,-0.266224585915648,0.165386445820178,-0.273009614397717
2.41244167425216,6.21049237300843,-0.902503407003,-0.277102910424648,0.169147185981178,-0.270899982501717
2.36345810033216,6.25936818172843,-1.297760403153,-0.285261683608648,0.170087374747178,-0.266680718709717
2.26549095250216,6.28380608608843,-0.902503407003,-0.290700845862647,0.169147185981178,-0.268087135006717
2.31447452642216,6.40599560786843,-1.429512417313,-0.293420426989648,0.166326627135178,-0.264571086813717
2.16752380468216,6.40599560786843,-1.297760403153,-0.297046535159648,0.166326627135178,-0.263164670516717
2.16752380468216,6.38155770351843,-1.561264908313,-0.296140008116648,0.167266815901178,-0.261758254219717
2.21650737859216,6.28380608608843,-1.429512417313,-0.287981264735648,0.163506075740178,-0.263164670516717
2.24099916555216,6.28380608608843,-1.429512417313,-0.282542102481648,0.171967744827178,-0.268790350605717
2.28998273946216,6.38155770351843,-1.561264908313,-0.285261683608648,0.170087374747178,-0.268790350605717
2.28998273946216,6.45487141658843,-1.693016922473,-0.296140008116648,0.171967744827178,-0.266680718709717
2.31447452642216,6.55262303401843,-1.561264908313,-0.301579170371647,0.171027556062178,-0.265977503110717
2.28998273946216,6.57706093837843,-1.693016922473,-0.307018332625648,0.166326627135178,-0.266680718709717
2.21650737859216,6.60149931957843,-1.693016922473,-0.310644440795648,0.168207004666178,-0.266680718709717
2.16752380468216,6.67481303264843,-1.693016922473,-0.316990159894648,0.169147185981178,-0.265977503110717
2.19201559163216,6.65037512828843,-1.561264908313,-0.316083632851648,0.163506075740178,-0.268087135006717
2.19201559163216,6.57706093837843,-1.824769413473,-0.313364051724648,0.165386445820178,-0.268087135006717
2.21650737859216,6.52818512965843,-1.956521904463,-0.306111805583648,0.168207004666178,-0.271603183199717
2.26549095250216,6.45487141658843,-1.956521904463,-0.303392224456648,0.175728484988178,-0.277932078887717
2.31447452642216,6.43043351222843,-1.824769413473,-0.301579170371647,0.180429413915178,-0.278635294486717
2.26549095250216,6.40599560786843,-1.824769413473,-0.300672643328648,0.181369602680178,-0.278635294486717
2.26549095250216,6.38155770351843,-1.956521904463,-0.301579170371647,0.186070516705178,-0.275822446991717
2.21650737859216,6.38155770351843,-1.824769413473,-0.298859589244648,0.175728484988178,-0.265977503110717
2.11854023076216,6.25936818172843,-1.824769413473,-0.293420426989648,0.174788296223178,-0.261758254219717
2.06955665685216,6.16161656429843,-1.693016922473,-0.281635545636647,0.163506075740178,-0.256132574130717
2.04506486989216,5.96611285259843,-1.824769413473,-0.271663748170648,0.160685516894178,-0.258945406724717
1.97158950902216,5.84392333080843,-1.693016922473,-0.260785423661648,0.160685516894178,-0.258945406724717
1.92260593511216,5.79504752208843,-1.429512417313,-0.258972369576647,0.162565886974178,-0.262461454917717
2.02057308294216,5.79504752208843,-1.561264908313,-0.260785423661648,0.158805146813178,-0.254726142932717
1.94709772207216,5.74617171336843,-1.429512417313,-0.260785423661648,0.155984587967178,-0.252616518487717
1.75116330720216,5.74617171336843,-1.693016922473,-0.260785423661648,0.149403296411178,-0.244881206502717
1.65319615938216,5.67285800029843,-1.693016922473,-0.254439734364648,0.137180879712078,-0.240661942710717
1.53073710538216,5.55066800166843,-1.429512417313,-0.249000542308647,0.129659399390178,-0.235739470769717
1.40827817060216,5.42847847987843,-1.561264908313,-0.244467907096648,0.123078100383278,-0.231520214428717
1.35929459668216,5.37960267116843,-1.693016922473,-0.240841798926648,0.124958470463778,-0.229410582532717
1.28581923581216,5.23297524501843,-1.561264908313,-0.229056947375648,0.117436990141878,-0.225894534339317
1.26132744886216,5.13522315074843,-1.561264908313,-0.226337351347648,0.117436990141878,-0.227300950636317
1.28581923581216,5.13522315074843,-1.561264908313,-0.224524297262648,0.117436990141878,-0.228004158784817
1.28581923581216,5.11078524638843,-1.561264908313,-0.223617770220648,0.116496801376378,-0.228707374383817
-1.77565508745784,-2.58716201732157,0.810276591777001,-0.280729018594647,0.166326627135178,-0.0226668057337166
-1.99608128927784,-0.241120874384567,3.445322507623,-0.436651848698648,0.202053681016178,-0.166121670355217
0.820475164432162,4.10883021404843,0.678524339197001,-0.211832903767648,0.101453837007278,-0.170340930422017
1.23683566190216,3.47344422389843,-0.902503407003,-0.141123734856648,0.127779029309778,-0.216752798606817
0.722507956996162,3.69338536311843,-0.375493919843,-0.0948908109916475,0.0516240131109983,-0.203391806532817
0.893950525302162,3.52232003261843,-0.770750916002999,-0.0894516412866475,0.0525641981512383,-0.152057468270117
0.0857212875041616,2.83805799533843,-0.770750916002999,-0.128432341362648,0.0309399347752783,-0.0634529901046166
0.698016110435162,3.10687542011843,-1.166007912153,-0.0967038650766475,0.0459829006576973,-0.168231302251317
0.673524323478162,2.71586847354843,-0.638998901842999,-0.0967038650766475,0.0488034568261383,-0.152057468270117
0.575557175651162,2.34929943134843,-0.638998901842999,-0.0867320601595475,0.0506838276051083,-0.109161650140917
0.575557175651162,2.61811685611843,-0.770750916002999,-0.0858255331172475,0.0563249401748283,-0.140102896218317
0.771491530910162,2.12935805370843,-0.638998901842999,-0.0577231650008475,0.0619660522788783,-0.137993266184987
0.453098181262162,1.66503763248843,-0.507246410843,-0.0676949699176475,0.0337604908272783,-0.0725947258372166
0.575557175651162,1.90941691447843,-0.507246410843,-0.0513774682535475,0.0600856812670783,-0.128851534177717
0.404114607349162,1.29846859027843,-0.770750916002999,-0.0287142735673475,0.0441025299951483,-0.0943942380447166
0.281655642763162,0.736396193998433,-0.638998901842999,-0.0178359360201475,0.0441025299951483,-0.0880653460819166
0.355131033435162,0.711958289638433,-0.507246410843,-0.0187424649251475,0.0591454962268783,-0.0986134981114166
0.330639246478162,0.149886012578433,0.0197628378870007,-0.0042380173458475,0.0497436420992083,-0.0754075658816166
0.795983317867162,-2.26946902225157,-0.111989414692999,-0.0042380173458475,0.0657267943024783,-0.284964175273717
0.379622820392162,-0.534376054505567,-0.111989414692999,0.0891343574272525,0.0384614178910883,-0.178779454280817
0.0612294856461616,-1.41414147565757,0.283267343047001,0.109077974711552,0.0384614178910883,-0.0986134981114166
0.306147429719162,-1.14532425949957,0.151515090467,0.104545332048952,0.0516240131109983,-0.179482662429317
0.208180252090162,-1.56076902101457,0.283267343047001,0.112704082881353,0.0299997497349783,-0.127445113922637
0.453098181262162,-1.75627249429557,0.678524339197001,0.146245620702352,0.0384614178910883,-0.175263402362517
0.404114607349162,-1.95177590797157,0.810276591777001,0.145339093660352,0.0290595628320783,-0.190030814458817
0.404114607349162,-1.41414147565757,0.546772086627,0.172534919832352,0.0337604908272783,-0.186514766265817
0.330639246478162,-1.97621381233157,0.151515090467,0.177974096988352,0.0281193777918783,-0.206204646577317
0.428606394306162,-2.09840345333157,0.283267343047001,0.170721865748352,0.0328203048556783,-0.209017486621817
0.306147429719162,-1.60964488933457,0.151515090467,0.163469649409352,0.0299997497349783,-0.216752798606817
0.281655642763162,-2.90485501240157,0.283267343047001,0.169815338705352,0.0243586376309783,-0.233629846324717
0.159196678176162,-2.61159992168157,0.415019595627001,0.158936999295352,0.0328203048556783,-0.246990838398717
-0.575557168945838,2.03160643626843,0.678524339197001,0.101825750921853,-0.0245310068130217,-0.0915813980002166
-0.0367376919838384,0.711958289638433,0.810276591777001,-0.0051445462508475,-0.0010263696313216,-0.0388406378526166
0.0122458968311616,1.32290649463843,1.732542598247,0.0755364368902525,0.0036745592951783,-0.115490542103717
0.0857212875041616,0.320951462288433,0.942028844357,0.0238643470452525,0.0262390077113783,-0.130961164676757
-0.0367376919838384,0.809710026288433,0.546772086627,0.0093599006300524,-0.0207702592015217,-0.0430599016446166
-0.0857212807983384,-0.241120874384567,0.810276591777001,0.0311165708349525,0.0149567835032783,-0.0683754620451166
0.0857212875041616,-0.289996742705567,-0.243741905683,0.0419949046568525,0.0205978956073783,-0.0592337337631166
0.0612294856461616,0.418703198928433,0.546772086627,0.0120794843183525,0.0008540004491783,-0.0226668057337166
0.0367376837881616,0.101010084649433,0.678524339197001,0.0129860122338565,0.0074352994560783,-0.0346213740606166
-0.0612294863908384,-0.0700554246705667,0.151515090467,0.0057337889680324,0.0177773386239783,-0.0177443337937166
0.159196678176162,-0.0456174607075667,0.546772086627,0.0048272609943224,0.0130764134228783,-0.0177443337937166
0.110213074460162,-0.925382900486167,0.151515090467,0.0283969859825525,0.0394016029313283,-0.0388406378526166
0.159196678176162,-0.509938120344567,-0.375493919843,0.0138925401493625,0.0252988226711783,-0.0050865498677166
0.159196678176162,0.272075653568433,0.0197628378870007,-0.0060510732932475,0.0027343742549783,0.0251514899232834
0.110213074460162,-0.485500186184567,0.283267343047001,0.0166121237212525,0.0328203048556783,-0.0233700138827166
0.306147429719162,0.0765721802914333,-0.111989414692999,0.0166121237212525,0.0196577105670783,-0.0282924858227166
0.379622820392162,0.883023858568433,0.151515090467,-0.0060510732932475,0.0008540004491783,-0.0128218618527166
0.404114607349162,-0.0211795563495667,0.151515090467,0.0048272609943224,0.0271791927516783,-0.0458727416891166
0.404114607349162,0.101010084649433,0.283267343047001,0.0111729564028485,0.0299997497349783,-0.0500919980306166
0.232672039047162,0.736396193998433,0.283267343047001,-0.0051445462508475,0.0083754844963783,-0.0205571738377166
0.134704861417162,0.516454935568433,0.546772086627,-0.0078641292406475,0.0083754844963783,-0.0163379174967166
0.0612294856461616,0.0276963119704333,0.546772086627,-0.0051445462508475,0.0196577105670783,-0.0198539656897166
0.0367376837881616,-0.0456174607075667,0.283267343047001,-0.0069576021982475,0.0243586376309783,-0.0205571738377166
0.0612294856461616,-0.0456174607075667,0.151515090467,-0.0069576021982475,0.0243586376309783,-0.0233700138827166
-0.0122458901258384,-0.289996742705567,0.415019595627001,-0.0096771851880475,0.0252988226711783,-0.0156347018977166
0.0612294856461616,-0.363310515383567,0.283267343047001,-0.0033314903034475,0.0328203048556783,-0.0212603819867166
0.110213074460162,0.247637630008433,0.283267343047001,-0.0051445462508475,0.0224782656878783,-0.0149314937487166
0.257163826003162,0.736396193998433,0.151515090467,-0.0105837140931475,0.0083754844963783,-0.0093058136597166
0.355131033435162,0.345389366648433,0.415019595627001,0.0039207334862724,0.0299997497349783,-0.0360277978081166
0.477589968219162,0.516454935568433,0.151515090467,0.0039207334862724,0.0262390077113783,-0.0444663179416166
0.379622820392162,0.785272121928433,0.283267343047001,-0.0024249623297475,0.0177773386239783,-0.0268860620757166
0.208180252090162,0.443141103288433,0.151515090467,-0.0087706581456475,0.0130764134228783,-0.0184475419417166
0.257163826003162,0.492016912008433,0.283267343047001,-0.0060510732932475,0.0149567835032783,-0.0226668057337166
0.330639246478162,0.736396193998433,0.283267343047001,-0.0060510732932475,0.0140165984630783,-0.0226668057337166
0.355131033435162,0.565330744288433,0.0197628378870007,-0.0042380173458475,0.0187175236642783,-0.0268860620757166
0.257163826003162,0.149886012578433,0.151515090467,-0.0078641292406475,0.0168371535837783,-0.0240732220307166
0.134704861417162,0.0032584076124333,0.151515090467,-0.0069576021982475,0.0224782656878783,-0.0233700138827166
0.0122458968311616,0.0521342163284333,0.0197628378870007,-0.0105837140931475,0.0168371535837783,-0.0156347018977166
0.110213074460162,0.198761821288433,0.283267343047001,-0.0078641292406475,0.0140165984630783,-0.0149314937487166
0.232672039047162,0.247637630008433,0.283267343047001,-0.0015184343559475,0.0187175236642783,-0.0282924858227166
0.306147429719162,0.565330744288433,0.151515090467,0.0012011495651524,0.0158969685435783,-0.0325117496151166
0.232672039047162,0.785272121928433,0.415019595627001,0.0002946215914524,0.0083754844963783,-0.0325117496151166
0.134704861417162,0.272075653568433,0.415019595627001,0.0002946215914524,0.0158969685435783,-0.0289956939716166
0.134704861417162,0.149886012578433,0.415019595627001,-0.0015184343559475,0.0140165984630783,-0.0289956939716166
0.0367376837881616,0.345389366648433,0.415019595627001,-0.0015184343559475,0.0083754844963783,-0.0219635975857166
0.0857212875041616,0.198761821288433,0.283267343047001,-0.0033314903034475,0.0083754844963783,-0.0233700138827166
-0.0367376919838384,0.0521342163284333,0.283267343047001,0.0021076775388524,0.0177773386239783,-0.0311053258676166
-0.0367376919838384,0.0032584076124333,0.283267343047001,-0.0006119063822475,0.0130764134228783,-0.0289956939716166
-0.134704869613138,-0.0944933290275667,0.415019595627001,-0.0024249623297475,0.0140165984630783,-0.0226668057337166
-0.232672047242538,-0.338872611025567,0.415019595627001,0.0012011495651524,0.0121362283825783,-0.0268860620757166
-0.379622813686838,-0.412186413506567,0.415019595627001,0.0102664284873425,0.0017941892146783,-0.0339181659121166
-0.600048955902838,-0.216682970026567,0.0197628378870007,0.0311165708349525,-0.0282917469740217,-0.0465759498376166
-0.698016163333838,-0.0456174607075667,0.0197628378870007,0.0510601843939525,-0.0489758253097217,-0.0402470616001166
-0.477589991315838,-0.0944933290275667,0.0197628378870007,0.0628450471209525,-0.0508561953902217,-0.0465759498376166
-0.502081778272838,0.0032584076124333,0.0197628378870007,0.0710037979529525,-0.0405141562223217,-0.0529048380751166
-0.355131026729838,-0.974258757630767,0.546772086627,0.103638805006552,-0.0395739674568217,-0.106348810096417
-0.0122458901258384,-2.36722063968157,0.678524339197001,0.143526024674352,-0.0123085938394217,-0.187217974414317
0.183688465133162,-2.92929315517157,0.415019595627001,0.175254515861352,-0.0170095190406217,-0.194953286399317
0.281655642763162,-2.95373105953157,0.283267343047001,0.181600205158352,-0.0085478536784216,-0.206204646577317
0.306147429719162,-2.75822758625157,0.151515090467,0.183413259242352,0.0008540004491783,-0.204798230280317
0.379622820392162,-3.00260686825157,0.151515090467,0.201543814991352,0.0036745592951783,-0.212533542265317
0.502081814781162,-3.14923429439157,0.151515090467,0.218767843698352,0.0177773386239783,-0.234333054472717
0.428606394306162,-2.90485501240157,0.151515090467,0.230552710150352,0.0365810468792783,-0.237849102665717
0.453098181262162,-2.73378956268157,0.0197628378870007,0.255028970097352,0.0422221589833583,-0.241365150858717
0.551065388694162,-2.51384830425157,0.0197628378870007,0.265907294605353,0.0535043836571383,-0.247694046546717
0.844966951382162,-2.73378956268157,0.678524339197001,0.259561605309353,0.0629062373190783,-0.271603183199717
0.795983317867162,-2.66047584961157,0.415019595627001,0.265907294605353,0.0751286484300783,-0.282854558278717
0.746999743953162,-2.41609656761157,0.678524339197001,0.262281186436353,0.0817099437117783,-0.283557758976717
0.746999743953162,-2.22059309433157,0.810276591777001,0.245057157729352,0.0723080914467783,-0.275822446991717
0.771491530910162,-2.19615518997157,0.942028844357,0.216954789613352,0.0610258672386783,-0.265274302412717
0.722507956996162,-2.07396554897157,1.205533349517,0.186132840369352,0.0450427152682183,-0.255429358531717
0.624540749565162,-1.80514830301157,1.205533349517,0.171628392790352,0.0422221589833583,-0.243474782754717
0.575557175651162,-1.34082767317657,1.337285840517,0.145339093660352,0.0309399347752783,-0.227300950636317
0.526573601737162,-0.949820830921067,1.073781096937,0.109077974711552,0.0262390077113783,-0.216752798606817
0.428606394306162,-0.314434706667567,1.073781096937,0.0719103249953525,0.0243586376309783,-0.202688598384317
0.379622820392162,0.174323916928433,1.073781096937,0.0392753216670525,0.0215380806475783,-0.194953286399317
0.379622820392162,0.883023858568433,0.810276591777001,-0.0024249623297475,0.0215380806475783,-0.192843654503317
0.306147429719162,1.37178230334843,0.678524339197001,-0.0404991362942475,0.0234184507280783,-0.194250078250817
0.281655642763162,1.93385481883843,0.151515090467,-0.0731341396225475,0.0243586376309783,-0.192140446354817
0.281655642763162,2.64255476047843,-0.375493919843,-0.122993179107647,0.0337604908272783,-0.197766126443817
0.428606394306162,3.10687542011843,-0.638998901842999,-0.147469424153648,0.0356408618390783,-0.213236750413817
0.502081814781162,3.27794098903843,-0.638998901842999,-0.160160817648648,0.0365810468792783,-0.221675270547317
0.673524323478162,4.59758877803843,-1.166007912153,-0.223617770220648,0.0629062373190783,-0.240661942710717
0.600048962608162,5.03747153331843,-1.429512417313,-0.246280961180648,0.0685473494231783,-0.240661942710717
0.673524323478162,5.77060961772843,-1.824769413473,-0.283448629523648,0.0723080914467783,-0.237145894517717
0.649032536521162,6.06386447002843,-2.220026409623,-0.303392224456648,0.0732482764869783,-0.239958734561717
0.649032536521162,6.40599560786843,-2.615282928943,-0.325148903275647,0.0751286484300783,-0.241365150858717
0.698016110435162,6.60149931957843,-2.878787910933,-0.344186000968648,0.0760688334703783,-0.239255526413717
0.698016110435162,6.91919207622843,-3.010539925093,-0.363223068858648,0.0779492035507783,-0.233629846324717
0.771491530910162,7.21244692851843,-3.142292416093,-0.380447112466648,0.0882912427186783,-0.235739470769717
0.918442312252162,7.50570273448843,-3.537549412243,-0.401297234441647,0.0929921716451783,-0.230817006279717
0.991917673122162,7.67676806499843,-3.801053917403,-0.420334332133648,0.0967529118060783,-0.228707374383817
1.01640946008216,7.87227129985843,-3.801053917403,-0.425773494387647,0.104274395853278,-0.231520214428717
1.13886839486216,7.97002291728843,-4.064558422563,-0.433025710726648,0.108035136014278,-0.236442686368717
1.16336018182216,8.06777453471843,-4.196310913563,-0.431212656642648,0.111795879900478,-0.239255526413717
1.18785208799216,8.04333663036843,-4.064558422563,-0.431212656642648,0.114616431295878,-0.239958734561717
1.21234387494216,8.09221243907843,-4.064558422563,-0.433025710726648,0.118377178907378,-0.239958734561717
1.28581923581216,8.14108824779843,-3.801053917403,-0.435745291854647,0.116496801376378,-0.240661942710717
1.35929459668216,8.14108824779843,-3.801053917403,-0.434838764811648,0.125898659229278,-0.244177998353717
1.48175353147216,8.04333663036843,-3.669301426403,-0.424866967345647,0.130599588155778,-0.252616518487717
1.62870437242216,7.99446082164843,-3.405796921253,-0.415801696921648,0.137180879712078,-0.259648622323717
1.57972067930216,7.89670920421843,-3.142292416093,-0.411269061709647,0.146582737565078,-0.268087135006717
1.67768794633216,7.82339549113843,-3.405796921253,-0.403110288525648,0.150343477726178,-0.268790350605717
1.72667152025216,7.60345435191843,-3.142292416093,-0.388605855847648,0.155984587967178,-0.275822446991717
1.70217973329216,7.43238902141843,-3.010539925093,-0.372288339282648,0.155984587967178,-0.279338495184717
1.70217973329216,7.28576064159843,-2.747035419943,-0.360503487731648,0.152223847806178,-0.279338495184717
1.77565509416216,7.28576064159843,-2.351778423783,-0.348718636180648,0.150343477726178,-0.274416030694717
1.72667152025216,7.18800902415843,-2.351778423783,-0.345092528010647,0.149403296411178,-0.272306398798717
1.65319615938216,7.16357111980843,-2.483530914783,-0.348718636180648,0.148463107645178,-0.273009614397717
1.62870437242216,7.13913321544843,-2.615282928943,-0.349625163222648,0.148463107645178,-0.273712815095717
1.62870437242216,7.21244692851843,-2.088273918623,-0.348718636180648,0.153164036572178,-0.275119246293717
1.60421258546216,7.16357111980843,-2.088273918623,-0.350531690264648,0.151283666491178,-0.275822446991717
1.50624531843216,7.09025788356843,-1.956521904463,-0.347812109137648,0.140941627323678,-0.273009614397717
1.38378638364216,6.89475417186843,-1.824769413473,-0.334214173699648,0.127779029309778,-0.275119246293717
1.18785208799216,6.77256465007843,-1.824769413473,-0.318803213979648,0.121197730302778,-0.270196766902717
1.11437660791216,6.69925093700843,-1.693016922473,-0.306111805583648,0.111795879900478,-0.263164670516717
1.04090124704216,6.62593722392843,-1.561264908313,-0.299766116286648,0.101453837007278,-0.257538990427717
0.991917673122162,6.47930932094843,-1.429512417313,-0.295233481074648,0.0948725417256783,-0.249100462843717
0.967425886172162,6.38155770351843,-1.166007912153,-0.287981264735648,0.0901716127991783,-0.245584414650717
0.918442312252162,6.25936818172843,-1.297760403153,-0.281635545636647,0.0929921716451783,-0.246287622799717
0.918442312252162,6.18605446864843,-1.166007912153,-0.277102910424648,0.0929921716451783,-0.246990838398717
0.844966951382162,6.08830237437843,-1.297760403153,-0.270757221127647,0.0911117978393783,-0.244881206502717
0.771491530910162,6.01498866130843,-1.297760403153,-0.266224585915648,0.0882912427186783,-0.246287622799717
0.722507956996162,5.99055075694843,-0.902503407003,-0.267131112958647,0.0835903175174783,-0.244881206502717
0.551065388694162,5.86836123515843,-0.902503407003,-0.263505004788648,0.0704277213662783,-0.239255526413717
0.477589968219162,5.86836123515843,-0.770750916002999,-0.260785423661648,0.0694875344633783,-0.241365150858717
0.404114607349162,5.77060961772843,-1.034255421163,-0.256252788449647,0.0676071643829783,-0.238552310814717
0.379622820392162,5.72173380901843,-0.902503407003,-0.253533207322648,0.0610258672386783,-0.238552310814717
0.330639246478162,5.69729590465843,-0.902503407003,-0.251720153237648,0.0572651252150783,-0.237145894517717
0.281655642763162,5.64842009593843,-0.770750916002999,-0.248094015265648,0.0535043836571383,-0.237849102665717
0.281655642763162,5.62398219157843,-0.770750916002999,-0.244467907096648,0.0535043836571383,-0.234333054472717
0.208180252090162,5.69729590465843,-0.902503407003,-0.250813596392647,0.0516240131109983,-0.235739470769717
0.232672039047162,5.72173380901843,-0.770750916002999,-0.257159315491647,0.0535043836571383,-0.234333054472717
0.306147429719162,5.72173380901843,-0.770750916002999,-0.262598477746648,0.0535043836571383,-0.233629846324717
0.257163826003162,5.67285800029843,-0.770750916002999,-0.258065842534648,0.0563249401748283,-0.236442686368717
0.281655642763162,5.64842009593843,-0.770750916002999,-0.253533207322648,0.0600856812670783,-0.240661942710717
0.281655642763162,5.62398219157843,-0.902503407003,-0.253533207322648,0.0610258672386783,-0.241365150858717
0.208180252090162,5.57510590602843,-0.638998901842999,-0.254439734364648,0.0600856812670783,-0.244881206502717
0.208180252090162,5.57510590602843,-0.902503407003,-0.255346261407647,0.0563249401748283,-0.238552310814717
0.134704861417162,5.52623009731843,-0.902503407003,-0.251720153237648,0.0553847542032683,-0.236442686368717
0.110213074460162,5.45291638423843,-0.770750916002999,-0.239935271884648,0.0506838276051083,-0.237849102665717
0.110213074460162,5.37960267116843,-0.770750916002999,-0.233589582587648,0.0516240131109983,-0.240661942710717
0.159196678176162,5.35516476680843,-1.034255421163,-0.233589582587648,0.0553847542032683,-0.244177998353717
0.232672039047162,5.33072686244843,-0.902503407003,-0.232683055545648,0.0619660522788783,-0.246287622799717
0.208180252090162,5.23297524501843,-0.770750916002999,-0.231776528502648,0.0657267943024783,-0.246287622799717
0.379622820392162,5.18409943629843,-0.638998901842999,-0.225430824304648,0.0741884615272783,-0.251210094739717
0.453098181262162,5.20853734065843,-0.770750916002999,-0.224524297262648,0.0760688334703783,-0.249100462843717
0.379622820392162,5.13522315074843,-0.638998901842999,-0.223617770220648,0.0723080914467783,-0.244881206502717
0.257163826003162,5.13522315074843,-0.638998901842999,-0.224524297262648,0.0694875344633783,-0.240661942710717
0.232672039047162,5.15966153194843,-0.375493919843,-0.224524297262648,0.0619660522788783,-0.239958734561717
0.208180252090162,5.13522315074843,-0.638998901842999,-0.224524297262648,0.0619660522788783,-0.236442686368717
0.159196678176162,5.06190943767843,-0.638998901842999,-0.219085135008648,0.0600856812670783,-0.236442686368717
0.159196678176162,5.01303362895843,-0.638998901842999,-0.213645972753648,0.0600856812670783,-0.237145894517717
0.134704861417162,4.93971991588843,-0.770750916002999,-0.208206795598648,0.0563249401748283,-0.239958734561717
0.0857212875041616,4.84196829845843,-0.507246410843,-0.201861106301648,0.0516240131109983,-0.239958734561717
0.159196678176162,4.86640620280843,-0.770750916002999,-0.200954579259648,0.0488034568261383,-0.237849102665717
0.159196678176162,4.91528201152843,-0.770750916002999,-0.205487214471648,0.0478632714366593,-0.238552310814717
0.134704861417162,4.96415782024843,-0.902503407003,-0.210926376725648,0.0459829006576973,-0.233629846324717
0.0612294856461616,4.96415782024843,-0.770750916002999,-0.209113322640648,0.0506838276051083,-0.232223422576717
0.110213074460162,5.01303362895843,-0.902503407003,-0.209113322640648,0.0525641981512383,-0.230817006279717
0.134704861417162,5.01303362895843,-0.770750916002999,-0.209113322640648,0.0582053102552783,-0.226597742487817
0.257163826003162,5.06190943767843,-0.507246410843,-0.210926376725648,0.0591454962268783,-0.234333054472717
0.208180252090162,5.08634734203843,-1.034255421163,-0.215459026838648,0.0713679064064783,-0.231520214428717
0.355131033435162,5.11078524638843,-0.902503407003,-0.219085135008648,0.0779492035507783,-0.235036262621717
0.428606394306162,5.13522315074843,-1.034255421163,-0.218178607965648,0.0770090185105783,-0.236442686368717
0.453098181262162,5.11078524638843,-1.034255421163,-0.221804716135648,0.0817099437117783,-0.233629846324717
0.502081814781162,5.18409943629843,-1.166007912153,-0.226337351347648,0.0845305025577783,-0.229410582532717
0.477589968219162,5.18409943629843,-1.034255421163,-0.227243878389648,0.0892314277589783,-0.223784902443317
0.551065388694162,5.15966153194843,-0.638998901842999,-0.225430824304648,0.118377178907378,-0.209017486621817
0.795983317867162,5.18409943629843,-0.243741905683,-0.227243878389648,0.135300509631678,-0.208314278473317
1.01640946008216,5.20853734065843,0.283267343047001,-0.229963474417648,0.149403296411178,-0.208314278473317
1.06539303399216,5.20853734065843,0.415019595627001,-0.229056947375648,0.157864965498178,-0.206907854725817
1.13886839486216,5.20853734065843,0.415019595627001,-0.229963474417648,0.162565886974178,-0.208314278473317
1.35929459668216,5.18409943629843,0.942028844357,-0.226337351347648,0.173848107457178,-0.213939958562317
1.72667152025216,4.91528201152843,1.600790345667,-0.232683055545648,0.161625705659178,-0.213236750413817
2.06955665685216,4.76865458537843,3.050065600875,-0.252626680279648,0.150343477726178,-0.186514766265817
2.26549095250216,4.67090296794843,3.445322507623,-0.253533207322648,0.140001438558078,-0.182998714347517
2.31447452642216,4.81753039409843,3.972331696751,-0.247187488223648,0.134360328316678,-0.182998714347517
2.26549095250216,4.76865458537843,4.104083979132,-0.239028744841647,0.126838840544278,-0.193546862651717
1.99608129598216,4.71977877666843,3.708827102187,-0.227243878389648,0.129659399390178,-0.211830326666317
1.75116330720216,4.67090296794843,3.181817913058,-0.215459026838648,0.130599588155778,-0.222378478695817
1.60421258546216,4.62202668239843,3.050065600875,-0.213645972753648,0.133420139551178,-0.221675270547317
0.991917673122162,4.45096135188843,2.127799594407,-0.221804716135648,0.144702367484578,-0.219565638651317
0.722507956996162,4.37764763881843,1.732542598247,-0.224524297262648,0.154104217887178,-0.222378478695817
0.257163826003162,4.32877183009843,1.337285840517,-0.215459026838648,0.171967744827178,-0.232223422576717
-0.0612294863908384,4.25545811702843,1.205533349517,-0.205487214471648,0.186070516705178,-0.249100462843717
-0.330639224871838,4.13326811839843,-0.111989414692999,-0.196421929146648,0.214276090264178,-0.258242191125717
-0.526573595031838,4.03551650096843,-0.638998901842999,-0.191889293934648,0.231199428439178,-0.263164670516717
-0.722507950290838,3.98664069225843,-1.166007912153,-0.192795820976648,0.254704058170178,-0.269493566204717
-0.844966885074838,3.86445117046843,-1.956521904463,-0.196421929146648,0.282909616828178,-0.278635294486717
-0.771491524204838,3.79113745738843,-2.220026409623,-0.200048052216648,0.296072214842178,-0.283557758976717
-0.991917666420838,3.42456841518843,-3.142292416093,-0.203674160386648,0.333679631352178,-0.293402702857717
-0.991917666420838,3.25350308467843,-3.537549412243,-0.210019849683648,0.349662795663178,-0.294105918456717
-1.16336023472284,2.88693404247843,-3.537549412243,-0.209113322640648,0.383509442210178,-0.302544431139717
-1.21234386823784,2.59367871333843,-3.274044430253,-0.204580687428648,0.400432780385178,-0.305357278634717
-1.13886844776584,2.34929943134843,-3.274044430253,-0.197328471089648,0.424877598882178,-0.313795791317717
-1.11437666080884,2.12935805370843,-3.274044430253,-0.190076239849648,0.445561692118178,-0.314499006916717
-1.16336023472284,1.90941691447843,-2.878787910933,-0.181010954524648,0.448382243514178,-0.315905423213717
-1.16336023472284,1.73835134555843,-3.405796921253,-0.173758738185648,0.464365407824178,-0.307466910530717
-1.11437666080884,1.51840996791843,-3.669301426403,-0.171039157057648,0.466245755553178,-0.304654063035717
-1.04090124033384,1.37178230334843,-3.932805931563,-0.166506521846648,0.457784101367178,-0.301138014842717
-1.04090124033384,1.12740302135843,-4.196310913563,-0.161067344690648,0.453083172440178,-0.299731598545717
-1.08988487385184,0.687520385288433,-4.591567909713,-0.150189005280648,0.428638353944178,-0.294809119154717
-1.11437666080884,0.345389366648433,-4.986824905873,-0.139310680772648,0.410774841904178,-0.292699487258717
-1.23683565519784,0.101010084649433,-5.382080948353,-0.132964976574648,0.399492606520178,-0.294105918456717
-1.38378637693784,-0.363310515383567,-6.172594940663,-0.105769142950648,0.360004827380178,-0.290589870263717
-1.60421257875784,-0.729879468182567,-6.831356918813,-0.0921712224136475,0.344021663070178,-0.286370606471717
-1.82463866136784,-1.04757253775957,-7.094860947113,-0.0840124715818475,0.326158151030178,-0.278635294486717
-2.04506486318784,-1.36526560733657,-7.753622925313,-0.0831059445394475,0.312995538115178,-0.276525662590717
-2.28998285196784,-1.73183453033357,-8.148879921413,-0.0831059445394475,0.295132026076178,-0.273712815095717
-2.43693357370784,-2.02508974025157,-8.939392960113,-0.0948908109916475,0.287610545754178,-0.272306398798717
-2.43693357370784,-2.29390692661157,-8.939392960113,-0.103956088865648,0.268806844950178,-0.265977503110717
-2.53490072153784,-2.78266549061157,-8.807640945913,-0.118460528994647,0.241541460156178,-0.249803678442717
-2.58388429544784,-3.14923429439157,-8.807640945913,-0.131151922489648,0.230259239673178,-0.237849102665717
-2.63286786935784,-3.54024124096157,-8.807640945913,-0.144749843026648,0.214276090264178,-0.227300950636317
-2.63286786935784,-3.88237214039157,-8.675888931713,-0.153815128351648,0.204874232411178,-0.213236750413817
-2.73083501718784,-4.20006537388157,-8.148879921413,-0.161973871732648,0.197352752089178,-0.201282174636817
-2.80431037805784,-4.54219627331157,-8.280631935613,-0.168319575930648,0.195472374558178,-0.192140446354817
-2.85329395197784,-4.66438603351157,-8.017126953613,-0.170132630015648,0.193592011928178,-0.189327606310317
-3.02473669908784,-5.10426878879157,-7.490117943313,-0.182824023510648,0.195472374558178,-0.178076242407017
-3.07372027300784,-5.20202040622157,-7.226613915013,-0.194608875061648,0.190771445632178,-0.164012042184517
-3.19617920778784,-5.51971363971157,-6.567851936813,-0.194608875061648,0.189831271767178,-0.168231302251317
-3.17168742082784,-5.61746525715157,-6.567851936813,-0.197328471089648,0.185130342841178,-0.161199198414717
-3.09821205995784,-5.88628220508157,-6.172594940663,-0.217272080923648,0.180429413915178,-0.156276728336917
-3.04922848604784,-6.03291010807157,-5.777337944503,-0.230870001460648,0.185130342841178,-0.143618947205317
-2.95126133821784,-6.22841334293157,-5.250328934193,-0.236309163714648,0.180429413915178,-0.142915736262817
-2.95126133821784,-6.49723076771157,-4.723319923873,-0.233589582587648,0.182309776544178,-0.135883635220287
-2.95126133821784,-6.54610657642157,-4.591567909713,-0.231776528502648,0.187010705471178,-0.129554744305257
-2.85329395197784,-6.64385819385157,-3.274044430253,-0.206393741513648,0.182309776544178,-0.128148324050177
-2.68185144327784,-6.42391705463157,-2.483530914783,-0.183730550552648,0.170087374747178,-0.128851534177717
-2.51040893457784,-6.35060286472157,-1.824769413473,-0.172852211142648,0.153164036572178,-0.135180425209157
-2.31447463892784,-6.30172705600157,-1.561264908313,-0.168319575930648,0.136240698397178,-0.137993266184987
-2.11854022405784,-6.35060286472157,-1.297760403153,-0.167413048888648,0.125898659229278,-0.148541418214517
-2.21650749109784,-6.49723076771157,-1.034255421163,-0.170132630015648,0.123078100383278,-0.154167098303517
-2.06955665014784,-6.49723076771157,-1.034255421163,-0.176478319312648,0.119317360222378,-0.149244628225617
-2.11854022405784,-6.69273400257157,-1.034255421163,-0.191889293934648,0.124018289148778,-0.141509316240617
-2.11854022405784,-6.74160981128157,-0.902503407003,-0.198234998131648,0.124018289148778,-0.133774005186907
-2.21650749109784,-6.76604771564157,-1.034255421163,-0.202767633343648,0.129659399390178,-0.126038693667557
-2.24099927805784,-6.86379933307157,-0.902503407003,-0.213645972753648,0.132479958236178,-0.123929063168527
-2.21650749109784,-6.88823723743157,-0.902503407003,-0.213645972753648,0.133420139551178,-0.124632273179647
-2.31447463892784,-7.20593047092157,-1.034255421163,-0.229056947375648,0.133420139551178,-0.128851534177717
-2.33896642587784,-7.42587208698157,-1.166007912153,-0.249000542308647,0.135300509631678,-0.126038693667557
-2.46142536066784,-7.76800274799157,-1.297760403153,-0.273476802254647,0.142821997404078,-0.116896962125917
-2.60837608240784,-7.89019274662157,-1.166007912153,-0.278915964509648,0.152223847806178,-0.111271280174317
-2.80431037805784,-7.96350645969157,-1.166007912153,-0.280729018594647,0.162565886974178,-0.107052020107517
-2.80431037805784,-7.93906855533157,-0.638998901842999,-0.268944167042648,0.163506075740178,-0.107052020107517
-2.80431037805784,-7.89019274662157,-0.770750916002999,-0.266224585915648,0.166326627135178,-0.105645600085317
-2.60837608240784,-7.86575484226157,-0.507246410843,-0.255346261407647,0.155984587967178,-0.114084121150117
-2.38794999979784,-7.86575484226157,-0.375493919843,-0.253533207322648,0.139061257243178,-0.120413012181577
-2.21650749109784,-7.96350645969157,-0.243741905683,-0.253533207322648,0.125898659229278,-0.141509316240617
-2.14303201101784,-8.30563712070157,-0.375493919843,-0.271663748170648,0.127779029309778,-0.152057468270117
-2.28998285196784,-8.59889244983157,-0.507246410843,-0.301579170371647,0.138121068477678,-0.145728578170017
-2.38794999979784,-8.76995778034157,-0.638998901842999,-0.309737913752648,0.144702367484578,-0.142915736262817
-2.33896642587784,-8.81883406589157,-0.507246410843,-0.308831386710648,0.141881808638578,-0.138696476196107
-2.11854022405784,-8.62333035419157,-0.638998901842999,-0.302485697413648,0.127779029309778,-0.130961164676757
-1.99608128927784,-8.47670292804157,-0.638998901842999,-0.290700845862647,0.118377178907378,-0.130257954432797
-1.80014687441784,-8.20788550327157,-0.375493919843,-0.266224585915648,0.103334210813078,-0.138696476196107
-1.77565508745784,-8.11013388584157,-0.111989414692999,-0.250813596392647,0.0995734669267783,-0.149244628225617
-1.80014687441784,-8.15900969455157,-0.507246410843,-0.253533207322648,0.105214580893478,-0.149947838236717
-1.94709759615784,-8.42782711933157,-0.638998901842999,-0.278009437466648,0.114616431295878,-0.145728578170017
-2.09404843710784,-8.67220616291157,-0.902503407003,-0.299766116286648,0.124958470463778,-0.140102896218317
-2.09404843710784,-8.94102311084157,-1.297760403153,-0.316990159894648,0.128719218075278,-0.134477215198037
-2.16752379797784,-9.16096520374157,-1.429512417313,-0.336027227784647,0.127779029309778,-0.127445113922637
-2.21650749109784,-9.33203053425157,-1.561264908313,-0.351438217307648,0.134360328316678,-0.119006592159327
-2.31447463892784,-9.40534424732157,-1.693016922473,-0.354157798434648,0.143762178719078,-0.116896962125917
