x,y,z,q0,q1,q2,q3
0.637095868587,0.180562183261,0.835092067719,0.387223482132,0.439622908831,0.341281801462,-0.735062360764
0.637637197971,0.180731683969,0.835153698921,0.386209577322,0.433069944382,0.33293235302,-0.743268966675
0.637656271458,0.1809758991,0.83517408371,0.385870605707,0.433097541332,0.333118677139,-0.743345379829
0.637103438377,0.181340098381,0.835179626942,0.385839730501,0.440339654684,0.342125356197,-0.734968721867
0.637039124966,0.181652754545,0.835234761238,0.387163847685,0.440510988235,0.34228515625,-0.734094798565
0.637076079845,0.181920647621,0.835223436356,0.387437850237,0.440399974585,0.342667043209,-0.733838617802
0.637144744396,0.182156458497,0.835189700127,0.387436598539,0.439886897802,0.343244463205,-0.733877241611
0.637216746807,0.182428777218,0.835117220879,0.388187408447,0.439226925373,0.343546181917,-0.733734488487
0.637331962585,0.182868555188,0.83505064249,0.387508839369,0.439534664154,0.343031078577,-0.734149754047
0.637995004654,0.1831446141,0.835114896297,0.387312233448,0.433748871088,0.33449614048,-0.741595327854
0.63760226965,0.183588817716,0.835114836693,0.38625445962,0.440474033356,0.343389689922,-0.734080255032
0.637672662735,0.183838486671,0.835075855255,0.386106044054,0.440290510654,0.34410789609,-0.73393201828
0.637725412846,0.184113502502,0.835022687912,0.38624933362,0.44007486105,0.344643056393,-0.73373490572
0.637881994247,0.184398025274,0.834928929806,0.385921597481,0.43978574872,0.344919294119,-0.733950793743
0.637959480286,0.184667736292,0.834859013557,0.385793119669,0.439459145069,0.34560367465,-0.733892142773
0.638312935829,0.185055375099,0.834803104401,0.384604364634,0.438799351454,0.34513476491,-0.735130310059
0.638453781605,0.185495480895,0.834780216217,0.383728265762,0.439690023661,0.345814943314,-0.734736263752
0.638353705406,0.185806006193,0.834668040276,0.383864969015,0.440559715033,0.34672126174,-0.733716130257
0.638958275318,0.185925260186,0.834599971771,0.383983641863,0.433333128691,0.339186400175,-0.741438865662
0.639160513878,0.186141088605,0.834375202656,0.384764939547,0.432062238455,0.339504718781,-0.741629958153
0.63924652338,0.186453908682,0.834278702736,0.385245531797,0.432361394167,0.339596182108,-0.741163909435
0.639259815216,0.186801567674,0.834060370922,0.3837710917,0.432412296534,0.339967489243,-0.741728842258
0.63885653019,0.187351793051,0.833943486214,0.383324980736,0.439335286617,0.348034769297,-0.734110534191
0.639374196529,0.187398031354,0.833813548088,0.382287472486,0.431988716125,0.34254655242,-0.741555094719
0.639520704746,0.187850490212,0.83398270607,0.384533286095,0.432619839907,0.342645734549,-0.73997849226
0.639365673065,0.188184991479,0.833985686302,0.384615838528,0.438103705645,0.348932564259,-0.733745157719
0.639400720596,0.188396215439,0.833928108215,0.384598702192,0.437983155251,0.349485009909,-0.733563065529
0.639442503452,0.188642546535,0.833891391754,0.38465192914,0.438043773174,0.349759370089,-0.73336827755
0.639524579048,0.188797920942,0.83381998539,0.384103149176,0.437824577093,0.350370883942,-0.733494699001
0.639635682106,0.189160585403,0.833718955517,0.383962482214,0.437933534384,0.349712759256,-0.733817458153
0.64002519846,0.189271166921,0.833717823029,0.382870078087,0.432161450386,0.342453479767,-0.741196811199
0.640038311481,0.189441427588,0.833677530289,0.382867753506,0.432315200567,0.342615008354,-0.741033673286
0.640082716942,0.189596548676,0.833631694317,0.38277938962,0.432297706604,0.342727869749,-0.74103730917
0.640092372894,0.189760163426,0.833600282669,0.382884591818,0.432499408722,0.342627555132,-0.740911662579
0.640091061592,0.189904078841,0.833559155464,0.383166819811,0.432377129793,0.342670917511,-0.740817129612
0.640102267265,0.190015420318,0.833514094353,0.383036345243,0.432364821434,0.342698127031,-0.740879178047
0.640141963959,0.19017444551,0.833434283733,0.383332043886,0.432233065367,0.342704236507,-0.740800321102
0.64007204771,0.190304860473,0.833410382271,0.383677691221,0.432965308428,0.342293560505,-0.740383386612
0.640009760857,0.190380915999,0.8333786726,0.383876800537,0.432841002941,0.342252075672,-0.740372121334
0.640069067478,0.190105900168,0.832804918289,0.388053178787,0.428487926722,0.34286904335,-0.74044162035
0.639995217323,0.190175369382,0.832775950432,0.388046562672,0.428426742554,0.342792987823,-0.740515589714
0.639914572239,0.190238460898,0.832746386528,0.38821876049,0.428280591965,0.34268990159,-0.740557610989
0.639823317528,0.190289244056,0.832703948021,0.388274013996,0.428273648024,0.342523962259,-0.740609407425
0.639762282372,0.191135659814,0.831408262253,0.391048878431,0.424203276634,0.334030658007,-0.745356380939
0.63963508606,0.191168650985,0.831340551376,0.391036003828,0.424073547125,0.33414760232,-0.745384395123
0.639524102211,0.190494179726,0.832504868507,0.388671368361,0.427775025368,0.341321974993,-0.741243898869
0.638871133327,0.19134695828,0.831311821938,0.391081273556,0.431054145098,0.342895388603,-0.737340033054
0.638665020466,0.191082492471,0.832988023758,0.384406417608,0.43908983469,0.348810046911,-0.733323514462
0.638573646545,0.191109597683,0.832921862602,0.384384989738,0.438892513514,0.348527282476,-0.73358720541
0.638445198536,0.191214829683,0.832935810089,0.384052157402,0.439397543669,0.347989320755,-0.73371475935
0.638312578201,0.191197782755,0.832759857178,0.384436815977,0.438631057739,0.347675919533,-0.734120249748
0.638335466385,0.191199317575,0.832773208618,0.384671747684,0.437615126371,0.347395569086,-0.734736144543
0.638258218765,0.191199690104,0.83269739151,0.384592890739,0.437493741512,0.347266674042,-0.734910547733
0.637897908688,0.191227167845,0.832432508469,0.384322971106,0.43810749054,0.347283750772,-0.734678030014
0.63779270649,0.191247776151,0.832378864288,0.384581685066,0.438022613525,0.347122788429,-0.734669327736
0.637691020966,0.191271990538,0.832325935364,0.384933561087,0.437872320414,0.346911162138,-0.734674572945
0.637606322765,0.191293284297,0.832257151604,0.385039299726,0.437734276056,0.34678041935,-0.734763085842
0.637544333935,0.191304683685,0.832199633121,0.3850222826,0.437651872635,0.346760541201,-0.7348305583
0.637469232082,0.191329836845,0.832148551941,0.385276734829,0.437469184399,0.346642673016,-0.734861493111
0.637409925461,0.191368967295,0.832102179527,0.385577946901,0.437532573938,0.346518963575,-0.734724164009
0.637437224388,0.191413328052,0.832215547562,0.386523276567,0.437679976225,0.346271455288,-0.734256148338
0.637399792671,0.191441595554,0.832175672054,0.386765688658,0.43762204051,0.346165835857,-0.734212934971
0.637436389923,0.191849499941,0.830291330814,0.393958508968,0.429173946381,0.339157432318,-0.738632917404
0.637431681156,0.191906645894,0.830217599869,0.394146740437,0.429312795401,0.338929176331,-0.738556742668
0.63741594553,0.191173687577,0.831457972527,0.391662746668,0.433306694031,0.347028881311,-0.733768820763
0.637807786465,0.190868541598,0.83125680685,0.389639377594,0.423569113016,0.342709749937,-0.7425096035
0.637857377529,0.19093541801,0.831192970276,0.38972350955,0.423605293036,0.34242528677,-0.742576122284
0.637495338917,0.191347330809,0.831299781799,0.391957044601,0.433609783649,0.346815824509,-0.733533322811
0.637543916702,0.191409677267,0.83125269413,0.392036557198,0.43387234211,0.346925586462,-0.73328357935
0.637593448162,0.191481694579,0.831200361252,0.392116993666,0.434070467949,0.347009927034,-0.733083307743
0.637636363506,0.191566497087,0.831149816513,0.392225712538,0.43427926302,0.347070544958,-0.732872903347
0.638113796711,0.191359609365,0.830900907516,0.390564024448,0.4244543612,0.342307955027,-0.741703152657
0.637858986855,0.191776618361,0.830902934074,0.392693072557,0.433928608894,0.346905678511,-0.732908308506
0.637918770313,0.191904917359,0.830825090408,0.392959713936,0.43415543437,0.346920877695,-0.732623815536
0.638569116592,0.191910117865,0.83075594902,0.393320351839,0.427490323782,0.338174760342,-0.740397751331
0.638720571995,0.192024469376,0.830653011799,0.393269777298,0.427407741547,0.338223576546,-0.740450143814
0.638213276863,0.192293673754,0.830463171005,0.391487300396,0.434289097786,0.347522765398,-0.733047604561
0.638841211796,0.192370250821,0.830379664898,0.391526937485,0.428101062775,0.33862438798,-0.740790009499
0.638824284077,0.192366063595,0.830159425735,0.389241009951,0.425616890192,0.342784702778,-0.741512298584
0.638716459274,0.192935749888,0.830339193344,0.391740918159,0.434911191463,0.347026199102,-0.73277837038
0.638824045658,0.193070918322,0.830266833305,0.39154291153,0.434785455465,0.347875654697,-0.732555985451
0.638755679131,0.194006815553,0.828760206699,0.394624203444,0.430261552334,0.340065091848,-0.737226366997
0.638872683048,0.194174945354,0.82872569561,0.394524931908,0.430332392454,0.340420395136,-0.737074077129
0.639009475708,0.193561077118,0.829963803291,0.391456276178,0.434159010649,0.348966836929,-0.732454836369
0.639119684696,0.193734839559,0.829900979996,0.391487598419,0.434371083975,0.349656254053,-0.731983482838
0.639846563339,0.193616330624,0.829742789268,0.389742225409,0.424918323755,0.345028996468,-0.740608155727
0.63995552063,0.193785458803,0.829680919647,0.390017181635,0.424826413393,0.345334887505,-0.740373730659
0.640291929245,0.19415615499,0.829732894897,0.392040878534,0.427713543177,0.34156614542,-0.739390134811
0.640442967415,0.194365188479,0.829679906368,0.391990184784,0.427689701319,0.341893404722,-0.739279448986
0.640225291252,0.194592386484,0.829616546631,0.391103476286,0.43315500021,0.351045966148,-0.732244253159
0.640403807163,0.195629298687,0.828310132027,0.393499046564,0.429810285568,0.342680215836,-0.736879885197
0.640474975109,0.195426702499,0.82991784811,0.387273907661,0.437507480383,0.349873632193,-0.732253074646
0.640761494637,0.195381075144,0.829732894897,0.385045111179,0.429659605026,0.345556497574,-0.740083634853
0.64085060358,0.195529907942,0.829687476158,0.385085552931,0.429734140635,0.345875650644,-0.73987019062
0.640957176685,0.195644915104,0.829612493515,0.384833812714,0.429714262486,0.346195995808,-0.739862859249
0.640760481358,0.19614481926,0.829751729965,0.386257976294,0.439716756344,0.350928425789,-0.730960488319
0.641375303268,0.1961389184,0.829716682434,0.386447578669,0.432950347662,0.342863887548,-0.738685846329
0.64148658514,0.196260645986,0.829658806324,0.386295646429,0.433105319738,0.343089312315,-0.738569736481
0.641714453697,0.196390151978,0.829444885254,0.387667924166,0.43225595355,0.343002945185,-0.738388359547
0.641836047173,0.196512252092,0.829380512238,0.387947499752,0.432132035494,0.343166083097,-0.738238155842
0.641606152058,0.196695059538,0.82932972908,0.387576848269,0.437606930733,0.352127999067,-0.730951547623
0.642011642456,0.196689158678,0.829235076904,0.388201385736,0.431891918182,0.344800412655,-0.73748332262
0.642113685608,0.196762382984,0.829187631607,0.388022661209,0.432023048401,0.345053613186,-0.737382113934
0.64218378067,0.196864917874,0.829157590866,0.388339489698,0.432066380978,0.345332622528,-0.737059414387
0.641845464706,0.196720004082,0.828863322735,0.38539108634,0.429499566555,0.351809084415,-0.737044334412
0.64244133234,0.197046905756,0.828953027725,0.388047963381,0.4315520823,0.345762312412,-0.737312555313
0.642133533955,0.19694660604,0.828636467457,0.385537087917,0.429263651371,0.351740419865,-0.737138032913
0.642192423344,0.197007164359,0.828599452972,0.38549977541,0.429445624352,0.35191732645,-0.736967265606
0.642692625523,0.197273939848,0.828793466091,0.388127118349,0.431969940662,0.346246808767,-0.736798763275
0.641955792904,0.197491124272,0.828678667545,0.388205736876,0.43967846036,0.355143964291,-0.727909386158
0.642738699913,0.197346046567,0.828714728355,0.388168871403,0.432365477085,0.346574902534,-0.736390471458
0.642821371555,0.197381645441,0.828745365143,0.387651979923,0.432715833187,0.34680685401,-0.736347734928
0.64208817482,0.197576805949,0.828629136086,0.387574374676,0.440410196781,0.355692744255,-0.727535367012
0.642101764679,0.197577357292,0.828576207161,0.387541264296,0.440370231867,0.355848103762,-0.727501094341
0.642089247704,0.19760607183,0.828552544117,0.387581467628,0.440517812967,0.355990350246,-0.727320849895
0.642122447491,0.197594359517,0.828496694565,0.387306213379,0.440491080284,0.356046378613,-0.727456212044
0.64208817482,0.197625786066,0.828481912613,0.387570619583,0.44067800045,0.356056928635,-0.727196931839
0.64207726717,0.197620764375,0.82844877243,0.387458235025,0.440680414438,0.356218665838,-0.727176189423
0.642148792744,0.197261750698,0.827885508537,0.391332149506,0.436417818069,0.357190102339,-0.727195978165
0.642108023167,0.197267919779,0.827866196632,0.39137160778,0.436438560486,0.357183337212,-0.7271656394
0.642064511776,0.197260290384,0.827842116356,0.391260206699,0.436433047056,0.357179015875,-0.727230966091
0.641996860504,0.197273626924,0.827787101269,0.391275852919,0.436450839043,0.357042431831,-0.727278888226
0.641933500767,0.197287261486,0.827795028687,0.391483932734,0.436531811953,0.356935352087,-0.727170884609
0.641855955124,0.197262227535,0.827764987946,0.391855299473,0.436392188072,0.357037991285,-0.727004230022
0.641773223877,0.197251647711,0.827772200108,0.391870975494,0.436438024044,0.357038676739,-0.726967990398
0.641870737076,0.198008656502,0.826598465443,0.394359856844,0.43268045783,0.348944485188,-0.731782615185
0.641756534576,0.197238102555,0.827855348587,0.392155736685,0.436148822308,0.356728672981,-0.727140188217
0.641606211662,0.197249293327,0.827891051769,0.392036527395,0.436330109835,0.356710702181,-0.727104485035
0.641316115856,0.197520285845,0.828203558922,0.387627691031,0.439836919308,0.356087565422,-0.727660536766
0.641181945801,0.197512626648,0.828221678734,0.38777461648,0.439819157124,0.356043368578,-0.727614760399
0.641641080379,0.197483599186,0.828456938267,0.388313442469,0.433407843113,0.346553206444,-0.735711336136
0.641434013844,0.197466388345,0.828313231468,0.387540817261,0.433200508356,0.346191316843,-0.736410796642
0.640770018101,0.197610452771,0.828314363956,0.387535005808,0.440076053143,0.354927092791,-0.728132128716
0.640603363514,0.197625920177,0.828339934349,0.387611806393,0.440051972866,0.354879766703,-0.728128969669
0.640404224396,0.197642669082,0.828300952911,0.388217568398,0.439573317766,0.354446321726,-0.728306353092
0.64027172327,0.197655409575,0.828301608562,0.388062864542,0.439616620541,0.354313969612,-0.728427171707
0.640617907047,0.197551384568,0.828351438046,0.38839328289,0.432946354151,0.344890385866,-0.736721694469
0.639905154705,0.197719663382,0.828381538391,0.387929946184,0.439827680588,0.353766351938,-0.728636682034
0.639732539654,0.197716623545,0.828372120857,0.387941688299,0.439656257629,0.353655129671,-0.728787839413
0.639557957649,0.19788877666,0.828731119633,0.387700170279,0.441263824701,0.353098869324,-0.728214383125
0.639426231384,0.197887793183,0.828711748123,0.387643098831,0.441097408533,0.352935045958,-0.728424966335
0.639710247517,0.197717711329,0.828650712967,0.387340605259,0.434005975723,0.34609696269,-0.736086368561
0.639171898365,0.197913870215,0.828690648079,0.387921005487,0.440655052662,0.352541059256,-0.728735327721
0.639059305191,0.197928130627,0.828680634499,0.388032734394,0.440318048,0.351671785116,-0.729299485683
0.638976156712,0.197536095977,0.828079581261,0.392589092255,0.435294985771,0.35271140933,-0.729374349117
0.638863921165,0.197557449341,0.828110337257,0.392620503902,0.435297459364,0.352613657713,-0.729403138161
0.638764500618,0.197571322322,0.828122735023,0.392428904772,0.435238242149,0.352498978376,-0.72959703207
0.639081954956,0.197430491447,0.828109502792,0.391913503408,0.42899492383,0.346327602863,-0.736494719982
0.638991951942,0.197458088398,0.828147649765,0.391833841801,0.429076820612,0.346297323704,-0.736503601074
0.638937950134,0.197470754385,0.828157186508,0.391583889723,0.429067611694,0.34625646472,-0.736661076546
0.638866722584,0.197491392493,0.828188419342,0.391468584538,0.429143846035,0.346219182014,-0.736695468426
0.638771176338,0.197514995933,0.828205823898,0.391445457935,0.429246842861,0.346180409193,-0.736665904522
0.638730704784,0.197533935308,0.828230023384,0.391316860914,0.429235488176,0.346086412668,-0.736785113811
0.638659477234,0.197589993477,0.828264832497,0.391364097595,0.429387181997,0.345931977034,-0.736744165421
0.638650655746,0.197618275881,0.828360497952,0.391898959875,0.42959317565,0.343817234039,-0.737329423428
0.638694286346,0.197723656893,0.828338027,0.391900151968,0.429771572351,0.343826413155,-0.737220525742
0.638496100903,0.197559893131,0.828215837479,0.389802753925,0.426806509495,0.347925037146,-0.738131642342
0.63851505518,0.197779998183,0.828230381012,0.391129821539,0.429667651653,0.343821942806,-0.7376922369
0.63835310936,0.197588264942,0.828100800514,0.388871878386,0.426563620567,0.348511278629,-0.738486289978
0.638470590115,0.197876498103,0.828240990639,0.39144295454,0.42968994379,0.344161599874,-0.737354636192
0.638537585735,0.197969615459,0.828416705132,0.392604768276,0.429859042168,0.343901097775,-0.736759781837
0.638376712799,0.197799354792,0.828290879726,0.390339016914,0.426859349012,0.348757058382,-0.73742467165
0.638289630413,0.197816461325,0.828123807907,0.389317691326,0.426605552435,0.348952353001,-0.738018751144
0.638339281082,0.19792509079,0.828302025795,0.390448749065,0.426918506622,0.34879308939,-0.737315237522
0.638266086578,0.197953879833,0.828154563904,0.38952177763,0.426835954189,0.349082291126,-0.737716436386
0.638057112694,0.198303863406,0.828333199024,0.391058772802,0.435673654079,0.35364857316,-0.729516386986
0.638025105,0.198375031352,0.828338563442,0.39090397954,0.436059206724,0.353697001934,-0.729345619678
0.638207197189,0.198137968779,0.828118085861,0.388502269983,0.427665501833,0.349909543991,-0.737381637096
0.638188898563,0.198195204139,0.828124463558,0.388256579638,0.428078621626,0.350080579519,-0.737190127373
0.638177275658,0.198231965303,0.828097045422,0.3878685534,0.428501576185,0.350402832031,-0.736995518208
0.638171136379,0.198303669691,0.828127861023,0.387104839087,0.429136097431,0.35048905015,-0.736986756325
0.63825905323,0.198373883963,0.82828783989,0.38753426075,0.429828137159,0.350451409817,-0.736375570297
0.638285577297,0.198409006,0.82824909687,0.386988580227,0.430238217115,0.350445181131,-0.736425876617
0.63829267025,0.198443859816,0.828228473663,0.386389672756,0.43075054884,0.350290477276,-0.73651444912
0.638368189335,0.198431968689,0.828176796436,0.385281652212,0.431150972843,0.350154519081,-0.736925184727
0.638109982014,0.19848485291,0.828087389469,0.383961796761,0.432059407234,0.351459085941,-0.736460864544
0.638118624687,0.198475629091,0.828023254871,0.382788211107,0.432782590389,0.351162672043,-0.736788511276
0.638620913029,0.198696583509,0.828243851662,0.384243607521,0.435689628124,0.34489685297,-0.737277150154
0.638681590557,0.198684185743,0.828172028065,0.382947146893,0.436013013124,0.344408661127,-0.737988352776
0.638739109039,0.198663309216,0.828119635582,0.381678700447,0.436281889677,0.343766927719,-0.73878544569
0.638801157475,0.198703691363,0.828028917313,0.380799978971,0.436595767736,0.342671692371,-0.739561855793
0.638803601265,0.198932155967,0.82809317112,0.38215482235,0.440132170916,0.338002055883,-0.73891556263
0.638812601566,0.199222669005,0.82848072052,0.377260625362,0.443875491619,0.336309254169,-0.739962875843
0.63830447197,0.198702409863,0.828107833862,0.371240258217,0.438701361418,0.345217615366,-0.741988241673
0.638800382614,0.198872566223,0.828313708305,0.37250944972,0.441272348166,0.338243037462,-0.74303907156
0.638826549053,0.198840767145,0.828259348869,0.371129065752,0.441565901041,0.336838930845,-0.744192361832
0.638688564301,0.198832169175,0.828240275383,0.368672221899,0.44254475832,0.337495803833,-0.744534432888
0.638660311699,0.198842212558,0.828265964985,0.367436259985,0.443266838789,0.33634480834,-0.74523639679
0.638565897942,0.198814406991,0.828225255013,0.366681724787,0.443593472242,0.33514764905,-0.74595272541
0.638479650021,0.198906317353,0.828407526016,0.363901942968,0.445636212826,0.333566069603,-0.746804893017
0.638482749462,0.198858693242,0.828412055969,0.362695246935,0.445726424456,0.332241684198,-0.747927486897
0.638157010078,0.198638007045,0.828221678734,0.359727412462,0.443361133337,0.334464162588,-0.749773919582
0.638103067875,0.198580101132,0.828253030777,0.358797430992,0.4432900846,0.33314204216,-0.750849306583
0.638402104378,0.198700860143,0.8284471035,0.35954117775,0.445162236691,0.327954858541,-0.751669049263
0.638529479504,0.198885440826,0.828570604324,0.361010819674,0.447258681059,0.32041862607,-0.752969384193
0.638490140438,0.198891967535,0.828565835953,0.360268831253,0.447057545185,0.31912946701,-0.7539909482
0.638007819653,0.198441505432,0.828215122223,0.35494607687,0.441340118647,0.328216314316,-0.755980312824
0.637947738171,0.19841453433,0.82818120718,0.354838997126,0.440341174603,0.32705616951,-0.757115006447
0.637894034386,0.198505654931,0.828320503235,0.352887898684,0.440956681967,0.326163977385,-0.758053064346
0.637886464596,0.198189750314,0.827904224396,0.356261044741,0.437122553587,0.326721936464,-0.758455574512
0.63817948103,0.19832496345,0.828230798244,0.358130842447,0.438674032688,0.320816963911,-0.759199619293
0.63765257597,0.198005199432,0.827985644341,0.354568570852,0.435588866472,0.327560663223,-0.75976806879
0.637552261353,0.197938367724,0.828032016754,0.353317856789,0.434775203466,0.327818483114,-0.760704994202
0.637442946434,0.197901889682,0.828060746193,0.352711588144,0.434137940407,0.327953755856,-0.761291742325
0.637380957603,0.197851866484,0.828057646751,0.35181465745,0.433412641287,0.328275948763,-0.761980950832
0.637256860733,0.197827205062,0.828090906143,0.351091593504,0.432966351509,0.328559339046,-0.762445867062
0.637188434601,0.197794899344,0.828086912632,0.350355237722,0.432360440493,0.329041242599,-0.762920439243
0.63711732626,0.197774380445,0.828101813793,0.349724531174,0.431773692369,0.329545646906,-0.763324320316
0.637048721313,0.197764739394,0.828114271164,0.349328070879,0.431290119886,0.329944342375,-0.763606965542
0.63701069355,0.197755366564,0.828093349934,0.348716408014,0.43064057827,0.33018180728,-0.764150261879
0.63733625412,0.198331832886,0.828858315945,0.346041470766,0.436532646418,0.323586642742,-0.76484400034
0.63730096817,0.198341965675,0.828840017319,0.34570530057,0.4361307621,0.324002623558,-0.765049159527
0.637242913246,0.198354884982,0.828822731972,0.345640987158,0.435941576958,0.324418842793,-0.765009701252
0.637245297432,0.198355764151,0.828783750534,0.345208525658,0.435582101345,0.324910312891,-0.765201151371
0.637214303017,0.19837886095,0.828770875931,0.345160990953,0.435566395521,0.32524651289,-0.765088617802
0.637215077877,0.198393180966,0.828741848469,0.345111489296,0.435582369566,0.32555270195,-0.764971613884
0.637038946152,0.19838295877,0.828679084778,0.344696253538,0.435966789722,0.328130662441,-0.763837575912
0.637111544609,0.198443651199,0.828636527061,0.344762057066,0.436016529799,0.328552097082,-0.763598263264
0.637574076653,0.1982024014,0.828598737717,0.342398643494,0.430678486824,0.329843729734,-0.767126083374
0.637584328651,0.198216274381,0.828586578369,0.342586487532,0.431120544672,0.330100297928,-0.766683399677
0.637568950653,0.198225826025,0.828581213951,0.342968940735,0.431751787663,0.330385804176,-0.766033947468
0.637677431107,0.198183342814,0.828588008881,0.342855960131,0.431837439537,0.330914407969,-0.765808105469
0.637259602547,0.198540940881,0.828662753105,0.346489101648,0.43961045146,0.327770411968,-0.761087715626
0.637639164925,0.198161169887,0.82853281498,0.344592362642,0.434151440859,0.331245809793,-0.763573825359
0.637269258499,0.198466420174,0.828564763069,0.348252773285,0.441395461559,0.328415095806,-0.758968830109
0.637595832348,0.198111250997,0.82845056057,0.345623850822,0.43634057045,0.332197785378,-0.761443197727
0.63704419136,0.19816891849,0.828314423561,0.348327070475,0.441631257534,0.333419024944,-0.756612062454
0.637150585651,0.197825282812,0.827766001225,0.352958023548,0.439048498869,0.334495991468,-0.755492925644
0.637251675129,0.197711080313,0.827600717545,0.353828668594,0.439640313387,0.334730565548,-0.754637181759
0.636956751347,0.197568923235,0.827505290508,0.35402983427,0.441433995962,0.336703509092,-0.752615272999
0.637019217014,0.197487309575,0.82745796442,0.354367554188,0.442617058754,0.336754202843,-0.75173830986
0.637196779251,0.197734549642,0.82773822546,0.357229143381,0.453326493502,0.337949365377,-0.743419647217
0.637270927429,0.197582885623,0.8278439641,0.351307690144,0.448744088411,0.335522562265,-0.750090897083
0.637421190739,0.197809010744,0.828058183193,0.354022562504,0.459135234356,0.336517632008,-0.742036938667
0.637481927872,0.197210848331,0.82771384716,0.352615237236,0.450543224812,0.335947483778,-0.74820625782
0.637581527233,0.196894183755,0.827679872513,0.353449881077,0.450747847557,0.336494684219,-0.747443020344
0.637735247612,0.196765512228,0.827711105347,0.353897601366,0.451423048973,0.33642655611,-0.746854126453
0.637863218784,0.196564719081,0.827712893486,0.354274749756,0.451722681522,0.336347013712,-0.746529757977
0.637942433357,0.196375787258,0.827752351761,0.354953438044,0.452079385519,0.336074471474,-0.746114075184
0.638031244278,0.19621142745,0.8278606534,0.356269001961,0.45269164443,0.335103064775,-0.74555259943
0.638073265553,0.195884168148,0.827917695045,0.357745110989,0.452288687229,0.335545480251,-0.744891166687
0.638082027435,0.195978492498,0.828284919262,0.362827777863,0.461694002151,0.336587041616,-0.736141264439
0.638043344021,0.195733383298,0.828383505344,0.364082932472,0.462107419968,0.335889071226,-0.735580682755
0.637887001038,0.195492073894,0.828519821167,0.365882843733,0.462953180075,0.334549844265,-0.734765708447
0.63765501976,0.195181012154,0.828708767891,0.367552131414,0.463417649269,0.333787024021,-0.733986139297
0.637416779995,0.194190442562,0.828424096107,0.36733469367,0.451676726341,0.333474218845,-0.741517603397
0.637039005756,0.193898096681,0.828642845154,0.369629591703,0.451682001352,0.33262488246,-0.740755021572
0.636816203594,0.194254443049,0.82941865921,0.378042250872,0.460097998381,0.319542527199,-0.737079620361
0.63586050272,0.194098934531,0.829875826836,0.378015458584,0.464145421982,0.32918548584,-0.730280995369
0.635119974613,0.19388602674,0.829998731613,0.383045554161,0.462154477835,0.328030377626,-0.72944188118
0.634218215942,0.193693488836,0.830426454544,0.389628022909,0.461004793644,0.327907830477,-0.726733207703
0.633145570755,0.193584293127,0.831119656563,0.39478674531,0.460225880146,0.326408326626,-0.72511613369
0.632139623165,0.193527534604,0.831841468811,0.403635412455,0.45730188489,0.325021505356,-0.72271335125
0.630586206913,0.193123817444,0.832484185696,0.411429971457,0.453572690487,0.326706200838,-0.719903111458
0.629259109497,0.192886769772,0.833253145218,0.420741915703,0.448236078024,0.326215803623,-0.718083620071
0.627267122269,0.192020043731,0.833679080009,0.427942812443,0.433206796646,0.32657968998,-0.72287106514
0.625773429871,0.191854968667,0.834959983826,0.437486052513,0.431713372469,0.32180249691,-0.720189332962
0.623433947563,0.191357955337,0.836050391197,0.447274297476,0.429889887571,0.328447282314,-0.712223887444
0.62135976553,0.190876543522,0.837123990059,0.455801010132,0.418162584305,0.321413785219,-0.716992855072
0.618820786476,0.190381273627,0.838335156441,0.465525448322,0.411157011986,0.319467931986,-0.715664863586
0.615958571434,0.189791813493,0.839643716812,0.471655189991,0.406118601561,0.315636366606,-0.716228187084
0.612896680832,0.189158841968,0.841055631638,0.47834828496,0.399124532938,0.312563121319,-0.717068254948
0.609824359417,0.18847104907,0.842753410339,0.487088292837,0.391678273678,0.309883892536,-0.716453254223
0.606298685074,0.187709763646,0.844486773014,0.491727232933,0.385444879532,0.306753486395,-0.718010425568
0.602776348591,0.187010467052,0.846172571182,0.496721714735,0.377424031496,0.303732663393,-0.720114529133
0.598778545856,0.186269670725,0.848171234131,0.500919282436,0.372961729765,0.300250411034,-0.720991790295
0.594672381878,0.185258850455,0.849663257599,0.505932688713,0.367689371109,0.306676745415,-0.717485964298
0.590577304363,0.184607967734,0.851934731007,0.513171970844,0.359346330166,0.292317897081,-0.722547590733
0.586253464222,0.183800309896,0.853728950024,0.516699433327,0.352438747883,0.288205087185,-0.725083768368
0.58174854517,0.182999789715,0.855988740921,0.520258247852,0.345913529396,0.285129398108,-0.726894974709
0.577092707157,0.182178884745,0.858353674412,0.5276029706,0.339816063643,0.280295342207,-0.726357221603
0.571430444717,0.181316837668,0.86072486639,0.532232999802,0.33292555809,0.279035955667,-0.726655006409
0.566899716854,0.180372714996,0.863006949425,0.536885201931,0.325357884169,0.274850636721,-0.728253960609
0.563239514828,0.179635435343,0.862133383751,0.552549540997,0.299080818892,0.257987350225,-0.733949840069
0.558264732361,0.178649663925,0.864559054375,0.555756568909,0.294733196497,0.258712440729,-0.733031392097
0.553001761436,0.177690178156,0.867178082466,0.560843348503,0.284831523895,0.250998228788,-0.735748529434
0.54802531004,0.176858723164,0.869959771633,0.56906235218,0.275669753551,0.241381078959,-0.736145019531
0.542638301849,0.17560467124,0.872609615326,0.573591351509,0.267028540373,0.238686442375,-0.736693620682
0.537160694599,0.174671769142,0.875734567642,0.578271925449,0.259765952826,0.232104167342,-0.737733662128
0.531837999821,0.173312827945,0.878859698772,0.583699166775,0.250337719917,0.231183469296,-0.737007915974
0.526532292366,0.172275066376,0.882171869278,0.591732084751,0.241817831993,0.225412458181,-0.735232293606
0.521027266979,0.170687228441,0.885366499424,0.593980073929,0.234446942806,0.231392502785,-0.733948111534
0.515395581722,0.169537782669,0.889058113098,0.59929639101,0.226969107985,0.226457595825,-0.733516097069
0.509547293186,0.16805459559,0.892348051071,0.60315734148,0.218100786209,0.22277623415,-0.734168887138
0.503992259502,0.166593924165,0.895987808704,0.607892692089,0.209611058235,0.219416201115,-0.733748078346
0.498208701611,0.165355488658,0.899736404419,0.613721311092,0.202415287495,0.21377672255,-0.732580125332
0.492311030626,0.163817971945,0.903334856033,0.617340862751,0.193617269397,0.209555521607,-0.733136594296
0.486337006092,0.16242288053,0.907308995724,0.622568428516,0.189830183983,0.204705685377,-0.731073796749
0.480068087578,0.160729184747,0.911059558392,0.625153779984,0.184157267213,0.201401993632,-0.731236100197
0.474811047316,0.159432262182,0.914955914021,0.631121218204,0.176196932793,0.194375738502,-0.729971706867
0.468567728996,0.158231496811,0.919185519218,0.63533115387,0.175674974918,0.188951313496,-0.727866768837
0.462914258242,0.155529618263,0.924812376499,0.642013907433,0.170388549566,0.193993151188,-0.721908926964
0.457091093063,0.154218032956,0.929217934608,0.640509366989,0.16791087389,0.190809339285,-0.724669277668
0.451311707497,0.152865216136,0.933638811111,0.643918633461,0.164664328098,0.183685213327,-0.72423350811
0.445160746574,0.151915341616,0.935686945915,0.644108116627,0.15686956048,0.166892305017,-0.729838073254
0.439451426268,0.15028809011,0.939986228943,0.645478963852,0.152653753757,0.161931723356,-0.730637967587
0.434009313583,0.148496091366,0.944061934948,0.644525468349,0.143222138286,0.156888738275,-0.734479665756
0.4278408885,0.147284179926,0.948560595512,0.646147489548,0.145242452621,0.149679064751,-0.734162211418
0.422467887402,0.145411670208,0.9525821805,0.646060407162,0.135777056217,0.144821226597,-0.737019360065
0.416917383671,0.143412917852,0.956818640232,0.64733839035,0.130530670285,0.142113849521,-0.737372756004
0.411502480507,0.141775876284,0.960974812508,0.648608803749,0.126226216555,0.137358874083,-0.737906694412
0.406028628349,0.139846861362,0.965394496918,0.650443255901,0.123479902744,0.136371135712,-0.7369389534
0.4003713727,0.138394325972,0.969725012779,0.65253251791,0.124568328261,0.133819818497,-0.735374927521
0.395136475563,0.136753603816,0.973862111568,0.654474079609,0.119442932308,0.119670763612,-0.736936926842
0.389914214611,0.134946808219,0.977903544903,0.656174659729,0.11574536562,0.11685231328,-0.736466884613
0.384906262159,0.133044570684,0.981907486916,0.659654080868,0.114885769784,0.11628472805,-0.733577311039
0.379628717899,0.131313383579,0.985784649849,0.661784946918,0.112422779202,0.114389009774,-0.732336819172
0.374566704035,0.129283726215,0.989575743675,0.666680455208,0.11128090322,0.114292494953,-0.72807353735
0.369678497314,0.127404242754,0.993242621422,0.671610713005,0.112299114466,0.114180080593,-0.723388552666
0.364742994308,0.125544160604,0.99674987793,0.675827264786,0.110764861107,0.112336106598,-0.719978630543
0.359843194485,0.123326092958,1.00024843216,0.679771125317,0.106982313097,0.116949170828,-0.716092824936
0.35469904542,0.121034070849,1.00348258018,0.680661320686,0.106420502067,0.118570923805,-0.71506357193
0.350339889526,0.120405957103,1.00873827934,0.685539245605,0.129983440042,0.124216705561,-0.70548593998
0.344951748848,0.117799296975,1.00986492634,0.6929063797,0.117114335299,0.116728231311,-0.701811730862
0.339830756187,0.115033067763,1.0135627985,0.686729252338,0.118690721691,0.122260890901,-0.70665961504
0.336029261351,0.113368496299,1.01807522774,0.683518707752,0.132035374641,0.129478797317,-0.706119179726
0.330880880356,0.111595965922,1.01899063587,0.692981421947,0.122706055641,0.119161397219,-0.700371742249
0.326682269573,0.109374560416,1.02146840096,0.694397509098,0.12233518064,0.121324658394,-0.698660552502
0.3223503232,0.107693754137,1.02363467216,-0.698028504848,-0.124251946807,-0.118489973247,0.695181965828
0.319679200649,0.105079591274,1.02750742435,0.690939307213,0.124000042677,0.128345280886,-0.700538635254
0.315703690052,0.103532284498,1.02939498425,-0.696280360222,-0.125058680773,-0.126184165478,0.695436298847
0.311954319477,0.101048745215,1.03182542324,-0.695471823215,-0.126022771001,-0.130772486329,0.69522356987
0.308035761118,0.0996429771185,1.03342056274,-0.70155185461,-0.12660074234,-0.129274055362,0.689264535904
0.304166018963,0.0959787741303,1.03708553314,-0.70821750164,-0.126954346895,-0.14260096848,0.679688036442
0.300766825676,0.0942790061235,1.03818893433,-0.714842140675,-0.125543534756,-0.140653610229,0.673391401768
0.297569364309,0.0916294902563,1.04043662548,-0.716365993023,-0.125117123127,-0.146362498403,0.670629262924
0.294718325138,0.090128198266,1.04172503948,-0.723400712013,-0.12594717741,-0.14528170228,0.663115262985
0.291783392429,0.0873137265444,1.04332983494,-0.722854435444,-0.121300891042,-0.149968504906,0.663533627987
0.289522349834,0.0852000489831,1.04504680634,-0.726118326187,-0.12229539454,-0.153130993247,0.659050166607
0.287165105343,0.0832786560059,1.04641091824,-0.728218436241,-0.122425869107,-0.154195144773,0.656455397606
0.284502595663,0.0816151350737,1.04742264748,-0.734686434269,-0.120844297111,-0.155940726399,0.649087905884
0.282736480236,0.0785592719913,1.04889702797,-0.731349289417,-0.118816554546,-0.163185998797,0.651445508003
0.281073927879,0.0768532603979,1.04968726635,-0.735501348972,-0.117403060198,-0.158294528723,0.648226261139
0.279202312231,0.075577378273,1.05039203167,-0.741447806358,-0.117938697338,-0.157984867692,0.641394197941
0.277803808451,0.0737860649824,1.05101180077,-0.741035997868,-0.116890795529,-0.15939052403,0.641714096069
0.276114761829,0.070390380919,1.05178654194,-0.744315564632,-0.109427504241,-0.164506882429,0.637932181358
0.275059998035,0.0688034370542,1.05255663395,-0.746648788452,-0.108943492174,-0.167388811707,0.634529650211
0.274057865143,0.0673787668347,1.05273222923,-0.747812867165,-0.1090304479,-0.166957765818,0.63325625658
0.273099839687,0.0654574558139,1.05309271812,-0.749561011791,-0.106257908046,-0.169062808156,0.631098568439
0.272330343723,0.0632511153817,1.05308520794,-0.751945197582,-0.100875623524,-0.170622602105,0.628721475601
0.271635830402,0.061625212431,1.05353617668,-0.752548396587,-0.0999998003244,-0.17366963625,0.627303719521
0.270987331867,0.0594657361507,1.05330359936,-0.754357218742,-0.0928383991122,-0.176347345114,0.625482082367
0.270677804947,0.0578190386295,1.05362153053,-0.755228996277,-0.0914052054286,-0.179146066308,0.623843669891
0.270082265139,0.0558425560594,1.05427908897,-0.758032441139,-0.0963976457715,-0.196014657617,0.614550769329
0.269807457924,0.0543884634972,1.05375826359,-0.759761929512,-0.0923897624016,-0.195762395859,0.613109350204
0.269389331341,0.0531079620123,1.05393791199,-0.763543367386,-0.0923190936446,-0.18905441463,0.610521972179
0.269539535046,0.050974920392,1.05380094051,-0.76433891058,-0.0861471667886,-0.199715808034,0.607024252415
0.269382834435,0.0498585104942,1.05370247364,-0.76561665535,-0.0831664055586,-0.193267300725,0.607916474342
0.269296050072,0.0486579015851,1.05350589752,-0.767249047756,-0.0809278264642,-0.19506059587,0.605583250523
0.26912933588,0.0443485230207,1.05706632137,-0.779963612556,-0.0792991667986,-0.216243490577,0.58189958334
0.269248008728,0.0438407361507,1.05673360825,-0.783849895,-0.077938400209,-0.214952006936,0.577322006226
0.269191801548,0.0429711267352,1.05601119995,-0.787263929844,-0.0753882303834,-0.210413902998,0.574680924416
0.26938188076,0.0416148751974,1.05656301975,-0.787314355373,-0.074511103332,-0.212900072336,0.573809921741
0.269273638725,0.0410664528608,1.05664861202,-0.792449474335,-0.0743039473891,-0.212307795882,0.5669465065
0.269500434399,0.0402451530099,1.05681204796,-0.793876767159,-0.0748735368252,-0.212957948446,0.564626038074
0.26954627037,0.0392059907317,1.05691421032,-0.791823327541,-0.0736673101783,-0.214753523469,0.566983222961
0.269768834114,0.0390772521496,1.05465137959,-0.788083672523,-0.0618127770722,-0.208255633712,0.575962662697
0.2698828578,0.0384418442845,1.05451607704,-0.789631307125,-0.0620336048305,-0.206943139434,0.574289858341
0.26994997263,0.0378000438213,1.05443024635,-0.790006816387,-0.0619727000594,-0.207999676466,0.573397576809
0.269539773464,0.0359943509102,1.05489969254,-0.789505720139,-0.056786455214,-0.21616730094,0.571600973606
0.270071178675,0.036808334291,1.05395388603,-0.786908864975,-0.0699346587062,-0.208320140839,0.576616466045
0.270324885845,0.0351032689214,1.05421304703,-0.78567558527,-0.0595418997109,-0.215468004346,0.576838195324
0.270054519176,0.0346682295203,1.05355644226,-0.78468298912,-0.0582785755396,-0.217082187533,0.577712416649
0.27025949955,0.0342078059912,1.05327630043,-0.784011602402,-0.0580438748002,-0.218089073896,0.578267872334
0.270250082016,0.0336589664221,1.05301237106,-0.782653987408,-0.0579065941274,-0.21954625845,0.579568088055
0.270082890987,0.0338022112846,1.05286407471,-0.784127414227,-0.0671543926001,-0.216975286603,0.577543377876
0.270254522562,0.0334745123982,1.0525945425,-0.784738123417,-0.0696273222566,-0.216257184744,0.576689779758
0.270279765129,0.033272869885,1.05251789093,-0.784928500652,-0.0734069272876,-0.215214595199,0.576351881027
0.270250439644,0.0332733541727,1.05209994316,-0.785668313503,-0.0770820081234,-0.21265605092,0.57581359148
0.270316421986,0.0326575934887,1.0518206358,-0.785600602627,-0.0761871039867,-0.213680118322,0.575645685196
0.270267575979,0.0325622186065,1.05171179771,-0.787970602512,-0.0816254839301,-0.212105870247,0.572233200073
0.270197749138,0.0325696691871,1.05164468288,-0.790109813213,-0.0869423374534,-0.210165470839,0.569208204746
0.270155012608,0.0325178280473,1.05165922642,-0.791907608509,-0.0928918421268,-0.208966866136,0.566203296185
0.270057976246,0.0323323234916,1.05163669586,-0.792545318604,-0.0972986966372,-0.208000034094,0.564925611019
0.270060658455,0.0321257710457,1.05174088478,-0.793673932552,-0.102507345378,-0.206489920616,0.562970757484
0.269921839237,0.0319272056222,1.0517591238,-0.793733477592,-0.107254385948,-0.204546749592,0.562711596489
0.269841969013,0.0316906422377,1.05183625221,-0.793787360191,-0.110794626176,-0.203577294946,0.5623010993
0.269852101803,0.0314457342029,1.05183017254,-0.794350028038,-0.114907942712,-0.201103240252,0.561570763588
0.269744187593,0.0311153680086,1.05188322067,-0.793812632561,-0.117703527212,-0.201189219952,0.561720907688
0.27036857605,0.0298350676894,1.05170559883,-0.789803504944,-0.107290364802,-0.200935840607,0.569494605064
0.270221114159,0.0276395902038,1.05365037918,-0.786053538322,-0.112881213427,-0.214638367295,0.56860178709
0.270239233971,0.0274375081062,1.05344593525,-0.785693109035,-0.114838063717,-0.213721886277,0.569053113461
0.270166516304,0.0268257185817,1.05348336697,-0.786103785038,-0.115777224302,-0.215470373631,0.567634701729
0.270183563232,0.0264169350266,1.05327641964,-0.784801602364,-0.117296002805,-0.215863063931,0.568973839283
0.269936144352,0.0279350057244,1.05243170261,-0.793935537338,-0.129628121853,-0.209382086992,0.555897474289
0.270696163177,0.0269365534186,1.05162644386,-0.791320323944,-0.118906781077,-0.204027324915,0.563955843449
0.270901858807,0.0261690989137,1.05151700974,-0.789914608002,-0.117082960904,-0.207175388932,0.565159320831
0.271006077528,0.0252740681171,1.05136978626,-0.787536084652,-0.116281628609,-0.210168197751,0.567533969879
0.271139532328,0.0252020731568,1.05102396011,-0.790628433228,-0.124373100698,-0.207083001733,0.562632024288
0.271186411381,0.0247875228524,1.05030226707,-0.791085243225,-0.125460788608,-0.20749181509,0.561596870422
0.271860480309,0.0241494327784,1.05013358593,-0.791030526161,-0.12425082922,-0.207155793905,0.562066674232
0.273209899664,0.0237023085356,1.04919183254,-0.79400742054,-0.119879044592,-0.20104816556,0.561035513878
0.273941636086,0.0226847454906,1.04886245728,-0.792946100235,-0.116668462753,-0.201941236854,0.562889456749
0.274863481522,0.021886639297,1.04861903191,-0.794359326363,-0.114148736,-0.199907124043,0.562139213085
0.275012731552,0.0204218402505,1.04851579666,-0.788391172886,-0.107897996902,-0.205636650324,0.569658637047
0.276689112186,0.0203891471028,1.04770934582,-0.79299467802,-0.104484677315,-0.198329895735,0.566487014294
0.277891904116,0.0194639638066,1.04807007313,-0.795634806156,-0.102437213063,-0.198741927743,0.563004016876
0.278752624989,0.0179357528687,1.04772949219,-0.785886585712,-0.0922209322453,-0.199938043952,0.577842950821
0.279517710209,0.0162718072534,1.04786813259,-0.779580056667,-0.0884219780564,-0.213390380144,0.582152187824
0.280974596739,0.0165839865804,1.04758751392,-0.784326016903,-0.0873737260699,-0.206787422299,0.578305840492
0.282233685255,0.0159282907844,1.04764664173,-0.784644901752,-0.084186270833,-0.205351307988,0.578857421875
0.283399015665,0.0155464485288,1.04760873318,-0.784636676311,-0.0816555544734,-0.203389823437,0.579922676086
0.285487353802,0.0161762088537,1.04747462273,-0.792358517647,-0.0804279446602,-0.183756917715,0.576136171818
0.286081910133,0.0151306688786,1.04795300961,-0.785652756691,-0.076009131968,-0.187322974205,0.584707081318
0.28827047348,0.0153218060732,1.04771029949,-0.7916893363,-0.0727155953646,-0.177236616611,0.58011007309
0.289907932281,0.0147959664464,1.04860186577,-0.793964505196,-0.0709204301238,-0.175251483917,0.577821493149
0.291245341301,0.0143256559968,1.04900944233,-0.793191492558,-0.066601537168,-0.173236995935,0.580000519753
0.291601836681,0.0124428421259,1.04969477654,-0.777684986591,-0.0580979399383,-0.180875882506,0.599261879921
0.294473409653,0.0138176754117,1.04962182045,-0.791842162609,-0.0569536648691,-0.163955301046,0.585543453693
0.296170771122,0.0134613141418,1.0505450964,-0.792426407337,-0.0533773414791,-0.161860853434,0.585672616959
0.297123789787,0.0125362724066,1.05216276646,-0.787292063236,-0.0510312393308,-0.165989935398,0.591620147228
0.299006164074,0.0120927318931,1.05332112312,-0.788827061653,-0.0487674586475,-0.164326176047,0.590229332447
0.300775766373,0.011869288981,1.05421543121,-0.789693772793,-0.045362342149,-0.161504969001,0.590120434761
0.303430587053,0.0124720111489,1.05457055569,-0.794411838055,-0.0422603785992,-0.152282729745,0.586458802223
0.306042611599,0.0111982375383,1.05562901497,-0.794718980789,-0.0375458672643,-0.162798896432,0.583531141281
0.308021903038,0.011193819344,1.05653059483,-0.795231819153,-0.0353655777872,-0.159624889493,0.583845496178
0.309300243855,0.0104322955012,1.05789268017,-0.790702342987,-0.0319723598659,-0.162630364299,0.589337766171
0.31159889698,0.0104878395796,1.05863976479,-0.789869904518,-0.0302171129733,-0.15925309062,0.591465175152
0.313767671585,0.010352909565,1.05953598022,-0.789347290993,-0.0278785526752,-0.157189458609,0.59282797575
0.315778404474,0.00952067226171,1.06086063385,-0.783876717091,-0.0248762778938,-0.160679325461,0.599250078201
0.318298995495,0.0104749724269,1.06124949455,-0.787873446941,-0.0237626936287,-0.150452896953,0.596703231335
0.321265816689,0.0112592354417,1.06145763397,-0.793302416801,-0.0223785303533,-0.137904673815,0.592581629753
0.323603093624,0.0113210231066,1.06224870682,-0.792511284351,-0.0199169907719,-0.134651809931,0.594472944736
0.325183093548,0.0107255652547,1.06362140179,-0.786365091801,-0.016681926325,-0.139478757977,0.601578891277
0.328146517277,0.0115629434586,1.06353294849,-0.790947496891,-0.0141665376723,-0.127442881465,0.598297357559
0.329835295677,0.0111744776368,1.06482231617,-0.785471558571,-0.0118602449074,-0.131996512413,0.604541838169
0.332120537758,0.0113360732794,1.06555664539,-0.786325871944,-0.0100753447041,-0.128951042891,0.604120671749
0.335220247507,0.0123320668936,1.0658223629,-0.791822850704,-0.0105967000127,-0.119534440339,0.598845303059
0.336744874716,0.0121585428715,1.06695139408,-0.787174940109,-0.00846949312836,-0.123815983534,0.604113817215
0.339932560921,0.0130895972252,1.06724345684,-0.792520284653,-0.00885577034205,-0.113171130419,0.599187374115
0.341770738363,0.0129831284285,1.06842267513,-0.788957774639,-0.00762076023966,-0.117197290063,0.603118896484
0.344277977943,0.0134432166815,1.06869900227,-0.791271924973,-0.00569953396916,-0.113164111972,0.600874602795
0.346652835608,0.0136559158564,1.06970572472,-0.789979219437,-0.00529081514105,-0.113340266049,0.602543652058
0.349651396275,0.0148003548384,1.06973958015,-0.795908868313,-0.00605693692341,-0.103192172945,0.596526503563
0.351647019386,0.0144200474024,1.0707398653,-0.791644573212,-0.00353675591759,-0.10918918997,0.601135671139
0.354269504547,0.0151618123055,1.071002841,-0.794150352478,-0.00268296524882,-0.104433268309,0.598674952984
0.356609582901,0.0155339986086,1.07110607624,-0.789893984795,0.000336915196385,-0.102352380753,0.60464155674
0.359144598246,0.0160751640797,1.07171308994,-0.790761351585,-0.000887715839781,-0.101022981107,0.603730142117
0.362524807453,0.0174279808998,1.07134413719,-0.796784102917,-0.0013948517153,-0.0895734578371,0.59758669138
0.364292681217,0.0168845951557,1.07254862785,-0.79174554348,0.0010846266523,-0.0986838042736,0.602826356888
0.366893768311,0.017663910985,1.07287454605,-0.79298043251,-0.00134081335273,-0.096222601831,0.601598918438
0.369613468647,0.0185527950525,1.07302343845,-0.796870827675,-0.00135783129372,-0.0921496972442,0.597079157829
0.372205674648,0.0181619524956,1.07403850555,-0.791439175606,-0.00104501121677,-0.101256735623,0.602801859379
0.375200182199,0.0196914821863,1.0736310482,-0.799127042294,-0.003130862955,-0.0928460583091,0.593940913677
0.378486096859,0.0215556919575,1.07234752178,-0.802142620087,-0.00305270170793,-0.0786655321717,0.591920375824
0.380567729473,0.0210426002741,1.07341969013,-0.797956347466,-0.00200998806395,-0.0901925861835,0.59592539072
0.383490979671,0.0224080830812,1.07334971428,-0.800911843777,-0.00575005123392,-0.0753991827369,0.59398829937
0.386228203773,0.0234385430813,1.0721975565,-0.800241529942,-0.00319088390097,-0.0795884802938,0.594364345074
0.389300256968,0.0239477753639,1.07239484787,-0.802453815937,-0.00324848922901,-0.081321157515,0.591138243675
0.392039954662,0.0248552560806,1.07213270664,-0.800716876984,-0.0043951519765,-0.0820042714477,0.593387365341
0.39464122057,0.0248466134071,1.0716843605,-0.794287621975,-0.00298089091666,-0.0874705091119,0.601204752922
0.397977232933,0.0266030579805,1.07102751732,-0.802299976349,-0.00511398352683,-0.0793360248208,0.591603338718
0.400949835777,0.0283804833889,1.07000827789,-0.804634451866,-0.00917706266046,-0.0729703977704,0.589198470116
0.403939306736,0.0291757434607,1.06944262981,-0.80677229166,-0.0103081203997,-0.0746648907661,0.586035192013
0.407610535622,0.0312365591526,1.0680116415,-0.811741828918,-0.0143394786865,-0.0647633895278,0.580237448215
0.410551905632,0.0326679944992,1.06630766392,-0.809889137745,-0.0136266658083,-0.060264531523,0.58331990242
0.412936419249,0.0336222499609,1.06604170799,-0.807686150074,-0.0176643766463,-0.056955460459,0.586589515209
0.416472673416,0.0359423458576,1.06441187859,-0.811980903149,-0.0223074164242,-0.0483370870352,0.581251144409
0.419113606215,0.0361151695251,1.06385326385,-0.80807775259,-0.0204348601401,-0.0661352798343,0.584994912148
0.422083437443,0.0375905930996,1.06204342842,-0.807131648064,-0.0199778173119,-0.0643097907305,0.586518526077
0.425156235695,0.0387823730707,1.06189441681,-0.811098337173,-0.0264765191823,-0.0590626224875,0.581317603588
0.42810177803,0.0407317131758,1.05971908569,-0.807735025883,-0.0276490878314,-0.0565384551883,0.586176514626
0.431974947453,0.043607622385,1.05700552464,-0.812484323978,-0.0326772741973,-0.044182240963,0.580387234688
0.434370875359,0.0438928455114,1.05664551258,-0.809599757195,-0.0328011028469,-0.0582198128104,0.583166122437
0.437516093254,0.0448410063982,1.05556571484,-0.808561742306,-0.0359114743769,-0.0643143355846,0.583782613277
0.44165378809,0.0471809655428,1.05341041088,-0.823039114475,-0.0403697006404,-0.0563259571791,0.563741385937
0.44487541914,0.0464949160814,1.05372869968,-0.837996125221,-0.0397226549685,-0.0698286890984,0.539730012417
0.44607001543,0.0466195046902,1.05416858196,-0.849587023258,-0.0312342178077,-0.0918776467443,0.51844471693
0.447828412056,0.0478673875332,1.05314183235,-0.849587023258,-0.0312343146652,-0.0918776541948,0.518444597721
0.450974822044,0.0495520532131,1.05051898956,-0.849587023258,-0.0312340967357,-0.0918777436018,0.518444776535
0.455199241638,0.0519644021988,1.04590654373,-0.849587023258,-0.0312343090773,-0.0918776392937,0.518444597721
0.458142578602,0.0538391619921,1.04300308228,-0.849587023258,-0.0312341917306,-0.0918777808547,0.518444776535
0.460321366787,0.055084452033,1.04142034054,-0.849587023258,-0.0312342401594,-0.0918776392937,0.518444657326
0.463255554438,0.0570741146803,1.03796052933,-0.849586904049,-0.0312344282866,-0.0918774977326,0.518444597721
0.467171370983,0.059637978673,1.03276228905,-0.849587082863,-0.0312342289835,-0.0918776318431,0.518444657326
0.470587819815,0.0616167783737,1.02891290188,-0.849587023258,-0.0312343426049,-0.0918777212501,0.518444597721
0.473434269428,0.0636836141348,1.02526056767,-0.849587082863,-0.0312342233956,-0.0918778255582,0.51844471693
0.476582825184,0.0658153146505,1.02123963833,-0.849587023258,-0.0312343444675,-0.0918776243925,0.518444657326
0.479650259018,0.0680471211672,1.01739501953,-0.849587082863,-0.0312343500555,-0.0918776318431,0.518444657326
0.482797861099,0.0702805668116,1.01330423355,-0.849587023258,-0.0312342923135,-0.0918776243925,0.518444597721
0.485959678888,0.0725359618664,1.00948834419,-0.849587023258,-0.0312342587858,-0.0918776914477,0.518444597721
0.489093363285,0.0747303962708,1.00552248955,-0.849587023258,-0.0312343277037,-0.0918776541948,0.51844471693
0.492317140102,0.0770606249571,1.0017747879,-0.849587082863,-0.0312343407422,-0.091877438128,0.518444418907
0.495325267315,0.0793096870184,0.997879385948,-0.849587202072,-0.0312342904508,-0.0918774977326,0.518444418907
0.498465806246,0.0817369818687,0.994168639183,-0.849587202072,-0.0312342680991,-0.0918774753809,0.518444478512
0.501475989819,0.0841194465756,0.990632176399,-0.849587023258,-0.0312344711274,-0.0918774679303,0.518444538116
0.504793047905,0.0866737440228,0.98693805933,-0.849587202072,-0.0312342550606,-0.0918775349855,0.518444418907
0.507850527763,0.0892155393958,0.983335614204,-0.849587142467,-0.0312343146652,-0.0918775498867,0.518444359303
0.511275470257,0.0919126868248,0.979594767094,-0.849587023258,-0.0312342811376,-0.0918776765466,0.51844471693
0.514747619629,0.0946372300386,0.976143300533,-0.849587082863,-0.0312342178077,-0.0918776839972,0.518444538116
0.518020987511,0.0973664373159,0.972435474396,-0.849587082863,-0.0312346108258,-0.0918773710728,0.518444597721
0.521559178829,0.100119061768,0.968997955322,-0.849587082863,-0.0312345474958,-0.0918774306774,0.518444478512
0.524952530861,0.102933809161,0.965380489826,-0.849587142467,-0.0312343910336,-0.0918774753809,0.518444418907
0.528242826462,0.105652280152,0.962078213692,-0.849587142467,-0.0312343463302,-0.0918774455786,0.518444359303
0.531619668007,0.108633562922,0.958785414696,-0.849587261677,-0.0312343873084,-0.091877579689,0.518444359303
0.534928798676,0.111577697098,0.955719351768,-0.849587142467,-0.0312344748527,-0.0918773412704,0.518444418907
0.537972450256,0.11453717947,0.952876448631,-0.849587202072,-0.0312343928963,-0.091877348721,0.518444478512
0.541130959988,0.117805309594,0.950064897537,-0.849587261677,-0.0312345754355,-0.0918774008751,0.518444359303
0.54428768158,0.120921477675,0.947360813618,-0.849587142467,-0.0312346071005,-0.0918773636222,0.518444418907
0.547530591488,0.124007068574,0.944765090942,-0.849587202072,-0.0312345176935,-0.0918774604797,0.518444538116
0.550615727901,0.127136111259,0.942277789116,-0.849587142467,-0.0312346722931,-0.091877348721,0.518444478512
0.553872287273,0.130367517471,0.939582586288,-0.849587082863,-0.0312348157167,-0.0918772891164,0.518444478512
0.556997716427,0.133502334356,0.936952114105,-0.849587142467,-0.0312346890569,-0.0918773785233,0.518444418907
0.55990755558,0.136508613825,0.934473395348,-0.849587202072,-0.0312346611172,-0.0918773040175,0.518444478512
0.561724424362,0.139029666781,0.934070169926,-0.849587202072,-0.0312347263098,-0.0918773785233,0.518444418907
0.565144002438,0.142618983984,0.929566383362,-0.849587142467,-0.0312347598374,-0.0918773338199,0.518444359303
0.566145539284,0.145323008299,0.928287744522,-0.849587202072,-0.031234735623,-0.0918773561716,0.518444359303
0.569352388382,0.148153722286,0.926907360554,-0.849587082863,-0.031234793365,-0.0918773114681,0.518444478512
0.572083830833,0.151147380471,0.924536406994,-0.849587321281,-0.0312347318977,-0.0918772593141,0.518444299698
0.57312476635,0.154525354505,0.921827971935,-0.849587202072,-0.0312347598374,-0.0918773263693,0.518444418907
0.576061964035,0.157416403294,0.919877231121,-0.849587261677,-0.0312346313149,-0.0918773859739,0.518444359303
0.5775411129,0.161060869694,0.917755007744,-0.849587321281,-0.031234735623,-0.0918771997094,0.518444418907
0.580936849117,0.163938552141,0.916271090508,-0.849587202072,-0.0312348399311,-0.0918772369623,0.518444359303
0.581807613373,0.167668491602,0.913651525974,-0.849587202072,-0.0312351305038,-0.0918773114681,0.518444359303
0.584806144238,0.1706366539,0.912402808666,-0.849587202072,-0.0312351342291,-0.0918771326542,0.518444359303
0.585872352123,0.174356475472,0.909644246101,-0.849587380886,-0.0312350466847,-0.0918770954013,0.518444240093
0.58832359314,0.177334234118,0.908648133278,-0.849587261677,-0.0312350932509,-0.091877117753,0.518444120884
0.589219987392,0.181131273508,0.905903458595,-0.849587440491,-0.0312350168824,-0.091877065599,0.518444240093
0.590891301632,0.184545904398,0.903870820999,-0.849587380886,-0.0312350094318,-0.091877065599,0.518444180489
0.592106342316,0.18789678812,0.902125239372,-0.849587261677,-0.0312351230532,-0.0918771326542,0.518444240093
0.593496620655,0.191348090768,0.90036636591,-0.849587321281,-0.0312350336462,-0.0918771103024,0.518444240093
0.594608604908,0.194738417864,0.898639321327,-0.849587321281,-0.0312352031469,-0.0918771997094,0.518444180489
0.596786201,0.197948753834,0.897852182388,-0.849587321281,-0.0312351305038,-0.0918771401048,0.518444240093
0.59799772501,0.201392397285,0.89608246088,-0.849587321281,-0.0312350355089,-0.0918770432472,0.518444299698
0.597792208195,0.204862594604,0.893725275993,-0.849587380886,-0.031234992668,-0.0918769985437,0.518444240093
0.598838090897,0.208374336362,0.892244935036,-0.849587321281,-0.031235024333,-0.0918770432472,0.518444180489
0.604692578316,0.210684746504,0.89874202013,-0.86057972908,-0.0549890547991,-0.123611740768,0.491018146276
0.592604398727,0.202101647854,0.904917120934,-0.769246220589,-0.0475984588265,-0.239067971706,0.590627849102
0.592978298664,0.205315232277,0.903937041759,-0.767243921757,-0.0488774143159,-0.242578759789,0.591695189476
0.593568921089,0.208158090711,0.902482390404,-0.76413744688,-0.0439966209233,-0.242646634579,0.596054434776
0.593552052975,0.211488768458,0.901321649551,-0.765222430229,-0.0478062778711,-0.246213421226,0.592898070812
0.593802213669,0.21498028934,0.900338768959,-0.764100551605,-0.0506857447326,-0.248417437077,0.593186497688
0.593793809414,0.218252941966,0.89915573597,-0.761704146862,-0.0515487529337,-0.250581204891,0.595280408859
0.593889713287,0.221157088876,0.897661745548,-0.761495530605,-0.0491702333093,-0.252947688103,0.594747424126
0.593864440918,0.224483400583,0.896731317043,-0.759186565876,-0.0512497313321,-0.256031781435,0.596202194691
0.593860387802,0.227632343769,0.895592689514,-0.757388174534,-0.05215203017,-0.25764644146,0.597713708878
0.59378683567,0.229807406664,0.894549131393,-0.75426030159,-0.0470330528915,-0.270454198122,0.596434235573
0.593502044678,0.232579514384,0.893510222435,-0.751006782055,-0.0450224019587,-0.274253219366,0.598955154419
0.593007147312,0.235725626349,0.892803549767,-0.749485135078,-0.0483564585447,-0.267367482185,0.603695571423
0.592824399471,0.238411173224,0.891627311707,-0.749406337738,-0.0455989167094,-0.267588108778,0.603910386562
0.592455744743,0.240850999951,0.890797138214,-0.748149633408,-0.0431422069669,-0.270542800426,0.604332327843
0.592104673386,0.243508070707,0.890080451965,-0.745704710484,-0.0432598851621,-0.271693736315,0.606824278831
0.59168690443,0.245805442333,0.889250874519,-0.745394647121,-0.0424762293696,-0.273851841688,0.606290221214
0.591251373291,0.248398005962,0.888584256172,-0.744056224823,-0.0430975519121,-0.276773691177,0.606563687325
0.590875804424,0.250642895699,0.887521505356,-0.743850171566,-0.0412706881762,-0.276785969734,0.606937527657
0.590389549732,0.252213984728,0.886668920517,-0.740856647491,-0.0378519296646,-0.290054947138,0.604621231556
0.589876890182,0.254806548357,0.885626375675,-0.741204917431,-0.0393194854259,-0.28300845623,0.607433617115
0.58926987648,0.256756514311,0.884787082672,-0.740014016628,-0.0391197800636,-0.284897625446,0.608015120029
0.588884353638,0.258723527193,0.884032189846,-0.738299429417,-0.0391150452197,-0.287873566151,0.608697712421
0.588467180729,0.26023709774,0.882853507996,-0.73703533411,-0.0353337936103,-0.288116514683,0.610343754292
0.587973117828,0.261844217777,0.881950855255,-0.735080599785,-0.0339919030666,-0.28838673234,0.612645328045
0.587597846985,0.263100534678,0.880779623985,-0.732303917408,-0.0277795698494,-0.288485109806,0.616226971149
0.587009608746,0.26443862915,0.879564225674,-0.731214404106,-0.0234785154462,-0.288065880537,0.617893397808
0.585903286934,0.266614675522,0.879140973091,-0.732464969158,-0.0333854034543,-0.293620467186,0.613325059414
0.585350990295,0.267888307571,0.878379225731,-0.731907069683,-0.0329885818064,-0.295601159334,0.613061130047
0.584720015526,0.269357740879,0.877518296242,-0.730522632599,-0.0332466959953,-0.296155363321,0.614429414272
0.584071934223,0.270697116852,0.87683826685,-0.730627715588,-0.032850459218,-0.297200769186,0.613820612431
0.583330392838,0.271869033575,0.875941038132,-0.730372846127,-0.031381636858,-0.297724813223,0.613946914673
0.582634747028,0.272805690765,0.87542527914,-0.727539658546,-0.0331171676517,-0.302252948284,0.61500620842
0.582015872002,0.273908287287,0.874154567719,-0.729848027229,-0.0291610918939,-0.300301402807,0.613425374031
0.581314742565,0.274952709675,0.873537123203,-0.727957189083,-0.029798630625,-0.303460717201,0.614086449146
0.580957651138,0.275902271271,0.87242692709,-0.729010879993,-0.0274811014533,-0.299615412951,0.614832162857
0.580447971821,0.276264727116,0.871687591076,-0.723241209984,-0.0170359779149,-0.303398430347,0.620146274567
0.579733371735,0.277816921473,0.871131777763,-0.727297246456,-0.028315057978,-0.3021954,0.615560650826
0.578867435455,0.278824150562,0.870254516602,-0.726568222046,-0.0287892222404,-0.305046617985,0.614993095398
0.576311409473,0.276613980532,0.866549253464,-0.730403363705,0.0132007589564,-0.301064670086,0.612941205502
0.578033804893,0.279440373182,0.868390321732,-0.721027851105,-0.0173661373556,-0.307150065899,0.620867192745
0.575380682945,0.277897298336,0.865051627159,-0.730418622494,0.013886298053,-0.302715241909,0.612094342709
0.577133536339,0.280803620815,0.867138504982,-0.719843745232,-0.0184723418206,-0.310227572918,0.620679020882
0.574228048325,0.278713971376,0.86321079731,-0.728532910347,0.0180281382054,-0.305833876133,0.61268311739
0.573672652245,0.279825210571,0.862856268883,-0.733492791653,0.00640598777682,-0.30597242713,0.606900453568
0.573183953762,0.279829531908,0.862141191959,-0.729015469551,0.0145831340924,-0.308771073818,0.610724449158
0.575027227402,0.282347261906,0.864361524582,-0.718256950378,-0.0181566681713,-0.316030949354,0.619598090649
0.572402834892,0.280729472637,0.860932052135,-0.72893422842,0.0146383289248,-0.309170812368,0.610617816448
0.571948349476,0.281088203192,0.860495388508,-0.728889167309,0.0139568252489,-0.310243308544,0.610143363476
0.571543216705,0.281329870224,0.860102653503,-0.728330552578,0.0146804861724,-0.312402456999,0.609691798687
0.5710080266,0.28153899312,0.859485983849,-0.727573812008,0.0163159258664,-0.313307285309,0.610089123249
0.570327401161,0.282515585423,0.859064102173,-0.732029855251,0.00582796894014,-0.313943773508,0.604597151279
0.569988071918,0.2828977108,0.858745515347,-0.732497930527,0.00505515933037,-0.314828723669,0.60357606411
0.569795191288,0.282575041056,0.858176112175,-0.727437615395,0.013989857398,-0.316030442715,0.608903646469
0.569481432438,0.282858520746,0.857757687569,-0.727127015591,0.0133727667853,-0.316926717758,0.608822643757
0.56926882267,0.283093124628,0.857242107391,-0.72693914175,0.0131018823013,-0.317080646753,0.608972847462
0.56883764267,0.283309966326,0.856351315975,-0.72609680891,0.0157194193453,-0.317771524191,0.60955530405
0.568715929985,0.283698856831,0.855931699276,-0.726090312004,0.0139081748202,-0.318365573883,0.609297037125
0.568572461605,0.284007072449,0.855334997177,-0.726442277431,0.0133197428659,-0.318503439426,0.608818411827
0.56825274229,0.284194469452,0.854820013046,-0.725255489349,0.0139105832204,-0.320769280195,0.609030425549
0.568043529987,0.284503430128,0.854260742664,-0.725595235825,0.0116935968399,-0.321134239435,0.608479857445
0.567741930485,0.284478992224,0.85373544693,-0.72385185957,0.0111494194716,-0.324237346649,0.608920633793
0.567501008511,0.284719854593,0.852979779243,-0.723946094513,0.0122745726258,-0.32357198,0.609140872955
0.567511618137,0.285316944122,0.852269768715,-0.725887537003,0.0117251714692,-0.321539163589,0.607916593552
0.567313969135,0.285310029984,0.851687788963,-0.724794447422,0.012108437717,-0.322718143463,0.608588159084
0.569249749184,0.287527471781,0.853562474251,-0.715869545937,-0.0172647368163,-0.328933030367,0.61565887928
0.566759288311,0.285630613565,0.850617170334,-0.723585724831,0.0127155380324,-0.326720476151,0.60787820816
0.566527068615,0.285885125399,0.850113511086,-0.724173128605,0.0105952993035,-0.326509773731,0.607332229614
0.566148877144,0.285812586546,0.849700391293,-0.722574770451,0.00996862910688,-0.328627049923,0.608104109764
0.566093087196,0.286210507154,0.849133253098,-0.723988950253,0.00922146905214,-0.327856838703,0.606848418713
0.565893292427,0.286253929138,0.848415851593,-0.724348068237,0.0108280414715,-0.32806006074,0.606283128262
0.565869748592,0.286439359188,0.847856342793,-0.725094497204,0.00994826015085,-0.32699483633,0.60598129034
0.565584123135,0.286595880985,0.847076892853,-0.724847614765,0.0116176810116,-0.327065318823,0.606208980083
0.565437018871,0.286851376295,0.846483886242,-0.725451767445,0.00865817070007,-0.326471865177,0.60585552454
0.56493139267,0.286847919226,0.846108913422,-0.722736358643,0.00952638778836,-0.330168157816,0.607083439827
0.564977288246,0.287344038486,0.845554113388,-0.724360227585,0.00835170131177,-0.329338431358,0.605614483356
0.564864754677,0.28748434782,0.844989836216,-0.723910570145,0.00801815465093,-0.330337136984,0.605612456799
0.564696729183,0.287624537945,0.844660758972,-0.7225933671,0.00596045749262,-0.332832992077,0.60584294796
0.565049529076,0.288028985262,0.843793809414,-0.726337015629,0.00612669531256,-0.332884311676,0.601319372654
0.564890086651,0.288024097681,0.842904269695,-0.728298723698,0.0103943198919,-0.332741975784,0.598962068558
0.565024256706,0.288468956947,0.842664718628,-0.726728200912,0.00900837406516,-0.334373682737,0.599982917309
0.564931631088,0.288695573807,0.842392325401,-0.726591289043,0.00897205900401,-0.334870904684,0.599871873856
0.56473749876,0.288711845875,0.841979861259,-0.724115490913,0.00967079307884,-0.338448643684,0.600845992565
0.564862966537,0.289154499769,0.841605067253,-0.726773798466,0.00899906363338,-0.337108194828,0.598395347595
0.564850926399,0.289489537477,0.841253757477,-0.726449370384,0.00933342333883,-0.336685597897,0.599021792412
0.564720273018,0.289808958769,0.841169893742,-0.727058231831,0.00857300497591,-0.337059736252,0.598083376884
0.564641475677,0.290183901787,0.841079592705,-0.726713895798,0.00804424844682,-0.338215708733,0.597856581211
0.564612090588,0.290617436171,0.840992450714,-0.727405428886,0.0069862655364,-0.337864220142,0.597227275372
0.564412474632,0.291008621454,0.841015040874,-0.725607156754,0.00533861294389,-0.338954567909,0.598811864853
0.564494132996,0.291841685772,0.840784072876,-0.727252185345,0.00352825038135,-0.33718547225,0.597827613354
0.564399540424,0.292331963778,0.840631723404,-0.727270722389,0.00179381517228,-0.337769001722,0.597483277321
0.56448829174,0.293005377054,0.840555787086,-0.726491212845,-0.00135558110196,-0.339111983776,0.597672045231
0.564504384995,0.293880105019,0.840303719044,-0.726464211941,-0.0041803047061,-0.339044958353,0.597729802132
0.564466118813,0.294510662556,0.840166032314,-0.725780785084,-0.00762776704505,-0.339801847935,0.598095953465
0.564617395401,0.295620977879,0.839991629124,-0.725447595119,-0.0125414812937,-0.339206516743,0.598754942417
0.564841687679,0.296889543533,0.839653551579,-0.726712584496,-0.0155470333993,-0.337001919746,0.598395287991
0.564736664295,0.298209428787,0.839683175087,-0.726313471794,-0.025980103761,-0.340651780367,0.596448004246
0.565178632736,0.299224257469,0.839344024658,-0.72600209713,-0.0258835610002,-0.33739939332,0.598675787449
0.565053582191,0.300603747368,0.839079797268,-0.727345943451,-0.0329827331007,-0.339667528868,0.595404088497
0.565546393394,0.301541745663,0.839044511318,-0.725675582886,-0.0360633470118,-0.338714569807,0.597801744938
0.565376162529,0.302597820759,0.838583886623,-0.725274384022,-0.039657317102,-0.342049062252,0.596160054207
0.565800726414,0.30353552103,0.838530480862,-0.723956525326,-0.042598515749,-0.342197060585,0.597472727299
0.566014707088,0.304669767618,0.838291108608,-0.725102424622,-0.0459443628788,-0.342086851597,0.59589612484
0.566218316555,0.306066840887,0.837916493416,-0.725954532623,-0.0511235110462,-0.344817101955,0.592855453491
0.566519260406,0.307038336992,0.83787047863,-0.725233614445,-0.055688906461,-0.345423579216,0.592973589897
0.566555678844,0.308013677597,0.837555646896,-0.723635792732,-0.0579445101321,-0.346231251955,0.594237089157
0.566843509674,0.309111177921,0.837596297264,-0.723846375942,-0.0620599649847,-0.348974525928,0.591955900192
0.56713539362,0.309781074524,0.837073683739,-0.722447931767,-0.0603821352124,-0.347252905369,0.594843149185
0.567316532135,0.311038553715,0.837136387825,-0.723249554634,-0.0673013180494,-0.348390072584,0.592456758022
0.567500114441,0.311932593584,0.836973428726,-0.722901642323,-0.0698567852378,-0.349599391222,0.591872870922
0.567589998245,0.312574386597,0.836631417274,-0.722026467323,-0.0700214803219,-0.350823521614,0.592197239399
0.567658126354,0.313387602568,0.836705446243,-0.721729636192,-0.072955749929,-0.35202100873,0.591493964195
0.568031430244,0.313040971756,0.836474776268,-0.716776072979,-0.0653478726745,-0.353361457586,0.597576498985
0.568300664425,0.313931584358,0.836191296577,-0.717941641808,-0.0667616575956,-0.351528555155,0.597101688385
0.568245172501,0.314119577408,0.836253046989,-0.715221464634,-0.0684518665075,-0.355279147625,0.597954392433
0.568108797073,0.315569758415,0.83634185791,-0.720099925995,-0.0800002738833,-0.355623066425,0.590413868427
0.568054318428,0.315669089556,0.836271822453,-0.718131244183,-0.080342464149,-0.357669085264,0.591528177261
0.568884313107,0.315673977137,0.835953950882,-0.716697633266,-0.0724158734083,-0.354893893003,0.595945179462
0.568887412548,0.315771996975,0.835786283016,-0.714759886265,-0.0728766024113,-0.355957210064,0.597580015659
0.568923711777,0.315870463848,0.835707128048,-0.713570535183,-0.0738705769181,-0.357043772936,0.598230659962
0.569026589394,0.316022664309,0.835651934147,-0.713325679302,-0.0750612094998,-0.358004391193,0.597800433636
0.569145679474,0.316131204367,0.835551738739,-0.713032484055,-0.0755025222898,-0.358779966831,0.597629487514
0.569292664528,0.316186219454,0.835472106934,-0.712444424629,-0.0763211026788,-0.35993295908,0.597533524036
0.56965816021,0.316376268864,0.835240006447,-0.712856709957,-0.0771702677011,-0.358974456787,0.59750944376
0.570019245148,0.316561192274,0.835283756256,-0.712589919567,-0.0797743946314,-0.359270453453,0.597307682037
0.570329129696,0.316682815552,0.835209369659,-0.712778747082,-0.081453949213,-0.360116630793,0.596345365047
0.570473253727,0.316980689764,0.835217535496,-0.713262736797,-0.0875105112791,-0.361598163843,0.594007492065
0.570858776569,0.316730976105,0.835092484951,-0.710450172424,-0.0863994657993,-0.363568991423,0.5963332057
0.571170210838,0.316785007715,0.834823489189,-0.709453940392,-0.0876146331429,-0.364172965288,0.596973180771
0.571549892426,0.316827446222,0.834647417068,-0.707853496075,-0.0893975421786,-0.366129368544,0.597411811352
0.572157025337,0.317164182663,0.834317445755,-0.709082424641,-0.0905356183648,-0.366150140762,0.595768094063
0.57253921032,0.317092061043,0.834291696548,-0.706286072731,-0.0944045335054,-0.368869453669,0.596810698509
0.573013305664,0.31714490056,0.834013938904,-0.704022169113,-0.0967981517315,-0.371156603098,0.597683608532
0.573504507542,0.317214399576,0.833622694016,-0.704145312309,-0.0961720719934,-0.372841864824,0.596589684486
0.574080944061,0.317351549864,0.833318591118,-0.706193566322,-0.0951088219881,-0.37336575985,0.594006001949
0.574559926987,0.317806303501,0.833184242249,-0.707773327827,-0.0950466617942,-0.372434675694,0.592718780041
0.5748488307,0.317799061537,0.833345532417,-0.706618010998,-0.0959997177124,-0.37352180481,0.593259215355
0.575096726418,0.317937403917,0.833417415619,-0.706859886646,-0.0962494462729,-0.373917400837,0.59268116951
0.575203180313,0.317974060774,0.833495795727,-0.706462562084,-0.0959526970983,-0.374815881252,0.592635393143
0.575382351875,0.318112701178,0.833725810051,-0.705761253834,-0.0971852764487,-0.375378221273,0.592914223671
0.575533151627,0.318256676197,0.833926975727,-0.705689251423,-0.0981953218579,-0.375361770391,0.592843830585
0.576508879662,0.319811224937,0.837080836296,-0.699683725834,-0.124370977283,-0.381418198347,0.591180920601
0.576655328274,0.31992533803,0.837287545204,-0.699794232845,-0.125231429935,-0.381344109774,0.590916097164
0.576859116554,0.320040822029,0.837525844574,-0.699981331825,-0.126335754991,-0.38190600276,0.590096056461
0.577209234238,0.320295333862,0.837930977345,-0.6999309659,-0.129083693027,-0.38215649128,0.589398443699
0.577643215656,0.320461899042,0.838116586208,-0.700623869896,-0.130063816905,-0.382509618998,0.588129281998
0.578008592129,0.320832669735,0.838368058205,-0.701723694801,-0.133260637522,-0.383144259453,0.585684120655
0.579063475132,0.321013510227,0.838762640953,-0.701987147331,-0.133439987898,-0.383020788431,0.585408389568
0.579860329628,0.32115110755,0.8390853405,-0.702410280704,-0.134307011962,-0.384440153837,0.583769977093
0.581060826778,0.321412146091,0.839513897896,-0.702987134457,-0.135660380125,-0.385167807341,0.582281053066
0.5823392272,0.321555912495,0.839830040932,-0.702993988991,-0.13677932322,-0.386013835669,0.581450045109
0.583724439144,0.321897685528,0.840434789658,-0.702843368053,-0.140689492226,-0.387257367373,0.579870223999
0.585467576981,0.322200983763,0.840898156166,-0.702736198902,-0.143918529153,-0.387838900089,0.578818142414
0.587115228176,0.3222232759,0.841320037842,-0.699934124947,-0.147447690368,-0.390932410955,0.579243719578
0.589021265507,0.322171807289,0.841485917568,-0.697765350342,-0.150234952569,-0.393973827362,0.579083561897
0.590954184532,0.32235121727,0.841629266739,-0.697521209717,-0.153630018234,-0.399058759212,0.574990570545
0.593156337738,0.322032243013,0.841710984707,-0.695245742798,-0.15886156261,-0.412477850914,0.566796600819
0.595953941345,0.32186537981,0.841418921947,-0.696833074093,-0.158467322588,-0.408348321915,0.567946851254
0.599028885365,0.321229636669,0.840981841087,-0.696598351002,-0.155919209123,-0.413767755032,0.565009653568
0.602134823799,0.320313990116,0.840594470501,-0.695381999016,-0.153395459056,-0.421882212162,0.561185538769
0.605429887772,0.319323003292,0.840182363987,-0.6930295825,-0.151148229837,-0.430765032768,0.55794775486
0.609149038792,0.318269014359,0.839454352856,-0.692469954491,-0.14734429121,-0.438203781843,0.553852379322
0.61267977953,0.316699981689,0.838857591152,-0.68664842844,-0.144283846021,-0.458553552628,0.545366585255
0.616871774197,0.315624564886,0.837954699993,-0.687442004681,-0.141327679157,-0.457510948181,0.546016275883
0.62073123455,0.313645660877,0.836688399315,-0.683856606483,-0.133879229426,-0.467612177134,0.543833851814
0.625257611275,0.311159402132,0.832478225231,-0.689067304134,-0.106397084892,-0.469909131527,0.541342198849
0.629236936569,0.310067862272,0.834423720837,-0.675302088261,-0.124709665775,-0.487379580736,0.539329051971
0.63343089819,0.307818710804,0.833330750465,-0.667959451675,-0.121725261211,-0.498954445124,0.538569927216
0.637675523758,0.305327922106,0.831858515739,-0.662769258022,-0.115622170269,-0.509077906609,0.536850273609
0.642215073109,0.303400307894,0.830817818642,-0.658230662346,-0.115448378026,-0.518249571323,0.533686757088
0.646462678909,0.300767421722,0.829311788082,-0.652007043362,-0.111564174294,-0.52909630537,0.531504809856
0.650886774063,0.298526406288,0.828146100044,-0.645279824734,-0.113110750914,-0.538578033447,0.529862165451
0.655249595642,0.295764744282,0.826724350452,-0.638647973537,-0.112692400813,-0.54822987318,0.528084337711
0.659844875336,0.292695581913,0.825399518013,-0.630801916122,-0.109773270786,-0.558178007603,0.527708590031
0.664054214954,0.290518045425,0.824047803879,-0.628431916237,-0.112794779241,-0.565747857094,0.521804690361
0.668422341347,0.287311345339,0.822660923004,-0.619874358177,-0.110610321164,-0.575870394707,0.521435141563
0.672451198101,0.284485310316,0.821398615837,-0.613237321377,-0.112627059221,-0.585949480534,0.517608344555
0.676220536232,0.281457781792,0.820233285427,-0.605553627014,-0.116187952459,-0.59619730711,0.514153659344
0.680040240288,0.278411477804,0.818970024586,0.599185943604,0.118825167418,0.604756236076,-0.511005818844
0.683381557465,0.275995761156,0.81784594059,0.593029558659,0.127452075481,0.613531768322,-0.505619168282
0.68702763319,0.272658646107,0.816820025444,0.584100663662,0.130895286798,0.622222363949,-0.504511773586
0.690080881119,0.269628167152,0.815693616867,0.576324760914,0.13568072021,0.630392253399,-0.502041935921
0.693071484566,0.266759216785,0.81462097168,0.568014025688,0.144310697913,0.63772881031,-0.499836653471
0.695709645748,0.264610648155,0.813511371613,0.563933730125,0.154359832406,0.642324745655,-0.495551049709
0.69868683815,0.262124806643,0.811990141869,0.556918919086,0.164153233171,0.646408200264,-0.495026856661
0.70092612505,0.259675204754,0.81104683876,0.550182104111,0.174621626735,0.650261521339,-0.493929982185
0.703025102615,0.257448732853,0.810260653496,0.543371677399,0.185978516936,0.653432130814,-0.493138611317
0.704929292202,0.255278348923,0.809506416321,0.538218915462,0.196188047528,0.654680252075,-0.493177980185
0.706575989723,0.253083735704,0.808701276779,0.530843675137,0.206448301673,0.655951559544,-0.495289444923
0.708788454533,0.251407444477,0.808584094048,0.534085392952,0.212882518768,0.653521537781,-0.492283821106
0.709176957607,0.248577460647,0.805959880352,0.540897369385,0.194929897785,0.656678438187,-0.488063335419
0.710228264332,0.246891185641,0.80546182394,0.537758886814,0.200729623437,0.656702935696,-0.489146381617
0.712877333164,0.245529711246,0.806443572044,0.5398645401,0.213098719716,0.649798750877,-0.490812510252
0.71378326416,0.244461506605,0.806328058243,0.541821539402,0.213689282537,0.648535251617,-0.490069925785
0.713095009327,0.244575202465,0.8051674366,0.553350627422,0.206410512328,0.646089017391,-0.483494460583
0.714669883251,0.243582844734,0.806261181831,0.555220842361,0.210646420717,0.641708731651,-0.485353380442
0.714784264565,0.243621140718,0.806584894657,0.566175878048,0.205292344093,0.638008475304,-0.479838728905
0.713903367519,0.243333250284,0.806391358376,0.569691240788,0.199754863977,0.638377726078,-0.477518796921
0.713535487652,0.245152667165,0.807913422585,0.577436983585,0.206000477076,0.634016752243,-0.471331000328
0.711901783943,0.245426878333,0.808770954609,0.586623609066,0.195936188102,0.633283615112,-0.465224295855
0.70881986618,0.244470357895,0.806552171707,0.602773547173,0.155147239566,0.635544359684,-0.456811308861
0.706753909588,0.24476583302,0.806766748428,0.609770596027,0.143318280578,0.634798765182,-0.452405065298
0.704376339912,0.245553851128,0.807051301003,0.617060184479,0.131090030074,0.633195340633,-0.44845944643
0.701492011547,0.24629420042,0.807469964027,0.624214231968,0.116653434932,0.631417095661,-0.445040494204
0.698317825794,0.247325450182,0.807999253273,-0.63111358881,-0.102993160486,-0.629411458969,0.441507905722
0.695120096207,0.248695611954,0.808719336987,-0.63938587904,-0.0898504853249,-0.62478095293,0.439045906067
0.693429648876,0.250383347273,0.81105530262,-0.643951833248,-0.0967778787017,-0.617369532585,0.441378504038
0.689942836761,0.252143293619,0.812012434006,-0.652103066444,-0.0854991525412,-0.611109614372,0.440450489521
0.686229646206,0.253912806511,0.813121557236,-0.658233344555,-0.0757208690047,-0.605407059193,0.440996080637
0.682367563248,0.255808770657,0.814392626286,-0.664996981621,-0.0672551617026,-0.599351882935,0.440492063761
0.679330825806,0.258414179087,0.815392196178,-0.673029899597,-0.0622155219316,-0.588119566441,0.444156885147
0.675465643406,0.260683000088,0.816894054413,-0.679462432861,-0.0563599430025,-0.58016115427,0.445608913898
0.671324491501,0.265210479498,0.820913314819,-0.685307085514,-0.0736519619823,-0.575274825096,0.440441131592
0.667510390282,0.267524033785,0.822648882866,-0.691292345524,-0.0702389627695,-0.565637767315,0.444111853838
0.660687148571,0.267066597939,0.820442318916,-0.704813122749,-0.0205023530871,-0.55694693327,0.43889439106
0.659449934959,0.272145628929,0.82583796978,-0.703246891499,-0.0661794617772,-0.546278297901,0.450160175562
0.652594268322,0.271521478891,0.823830664158,-0.71462649107,-0.0194704625756,-0.5365036726,0.44843479991
0.648733437061,0.273551642895,0.825567960739,-0.718676507473,-0.0170422960073,-0.525257945061,0.455321699381
0.644908308983,0.275882393122,0.827078223228,-0.723489582539,-0.017968185246,-0.514003396034,0.460478872061
0.645028412342,0.281596392393,0.831018686295,-0.723015606403,-0.0619441606104,-0.497158437967,0.475652009249
0.640515983105,0.283427596092,0.833242058754,-0.721279084682,-0.0658392086625,-0.491603523493,0.483474612236
0.636901557446,0.285425961018,0.834908425808,-0.724436223507,-0.0666960030794,-0.482527375221,0.487761557102
0.630021929741,0.283885300159,0.833475649357,-0.735768139362,-0.0245936717838,-0.476991146803,0.480125039816
0.626600563526,0.285665422678,0.834949970245,-0.737778246403,-0.0267683584243,-0.469311058521,0.484472930431
0.623314619064,0.287555873394,0.835955858231,-0.74108427763,-0.0267804637551,-0.46022349596,0.488130331039
0.620308279991,0.289317309856,0.837262332439,-0.742583990097,-0.0319780781865,-0.452798485756,0.492463231087
0.620127618313,0.293562173843,0.840906977654,-0.732513844967,-0.0748741701245,-0.445364326239,0.509379982948
0.618157923222,0.295848429203,0.841374635696,-0.740351378918,-0.07681389153,-0.433238178492,0.508216619492
0.61470001936,0.296349823475,0.842624783516,-0.734266221523,-0.0776959136128,-0.432959288359,0.517071485519
0.612149775028,0.297504901886,0.843025326729,-0.736454606056,-0.0801891759038,-0.426671594381,0.518802165985
0.609629571438,0.298584848642,0.843743264675,-0.735481977463,-0.0834524780512,-0.423218786716,0.522482395172
0.604567468166,0.297313064337,0.841999053955,-0.745269417763,-0.0556103661656,-0.422178477049,0.513075351715
0.602640628815,0.297876030207,0.842192769051,-0.743600785732,-0.0538070127368,-0.418494075537,0.518676578999
0.600397706032,0.299120545387,0.842596054077,-0.744579553604,-0.0621436722577,-0.416233479977,0.5181594491
0.598417937756,0.299826383591,0.84274739027,-0.742502272129,-0.0653258785605,-0.41480115056,0.521884202957
0.596693277359,0.300545275211,0.842731297016,-0.741746246815,-0.06816945225,-0.412461400032,0.524443686008
0.59509408474,0.301164776087,0.842850208282,-0.740013420582,-0.0723721385002,-0.412396878004,0.526375591755
0.593386530876,0.302193105221,0.842675387859,-0.739903986454,-0.0773885920644,-0.410685390234,0.52715331316
0.591933250427,0.302666008472,0.842551767826,-0.737880527973,-0.0800601094961,-0.411826610565,0.528698086739
0.590705633163,0.303024232388,0.842364311218,-0.736468195915,-0.0818084776402,-0.412880092859,0.529577195644
0.589497864246,0.303369671106,0.841921389103,-0.734099507332,-0.0827462598681,-0.41336902976,0.532331705093
0.588577628136,0.303906947374,0.841642260551,-0.732759892941,-0.0848598927259,-0.414731502533,0.532784879208
0.587653875351,0.304065912962,0.841254472733,-0.72921538353,-0.0863976925611,-0.417580455542,0.535170018673
0.587091684341,0.304330378771,0.840731501579,-0.726453781128,-0.0876292660832,-0.418401360512,0.53807669878
0.586621999741,0.304585546255,0.840318322182,-0.726101994514,-0.0892303213477,-0.418540388346,0.538180172443
0.586213588715,0.304761588573,0.839769482613,-0.727646350861,-0.0883772969246,-0.418930470943,0.535926938057
0.585857748985,0.304889082909,0.83916914463,-0.728078782558,-0.0878429785371,-0.419428288937,0.535037219524
0.585551559925,0.304990530014,0.838789045811,-0.728597700596,-0.0881481543183,-0.419182181358,0.534473419189
0.585180044174,0.305035918951,0.838420569897,-0.728728652,-0.0886393040419,-0.419239252806,0.534168541431
0.584743320942,0.30507928133,0.838103652,-0.728617668152,-0.0893518105149,-0.419539272785,0.533965706825
0.584368228912,0.305119305849,0.837828993797,-0.729499340057,-0.0890744403005,-0.419134885073,0.533125162125
0.583921074867,0.305011034012,0.837440848351,-0.730183005333,-0.0876984968781,-0.418787151575,0.532690525055
0.58343654871,0.304888695478,0.837024211884,-0.731419742107,-0.0857974812388,-0.417363166809,0.532420754433
0.582830190659,0.304627239704,0.836689591408,-0.730440497398,-0.0850021243095,-0.418211847544,0.533226251602
0.582384467125,0.304597973824,0.836283504963,-0.731784462929,-0.084098957479,-0.415981650352,0.5332711339
0.582243680954,0.303654134274,0.835821986198,-0.728215873241,-0.0731297582388,-0.416491657495,0.539340794086
0.581488609314,0.304493755102,0.835505902767,-0.734227657318,-0.0829347372055,-0.413120627403,0.532318592072
0.581019222736,0.3044898808,0.835241019726,-0.735098898411,-0.0830498486757,-0.412092924118,0.531894683838
0.580576479435,0.304501444101,0.83497351408,-0.73616206646,-0.0833841487765,-0.410816669464,0.531358659267
0.579910933971,0.304101526737,0.834773004055,-0.733968257904,-0.0807450190187,-0.420875638723,0.526910305023
0.579503417015,0.304100573063,0.834493100643,-0.735107898712,-0.0800220668316,-0.419445365667,0.526572346687
0.57911247015,0.304090261459,0.834160327911,-0.736058413982,-0.0785055011511,-0.418056637049,0.526577234268
0.579067766666,0.304677844048,0.833806574345,-0.740441501141,-0.0801358744502,-0.404238939285,0.530957102776
0.578913331032,0.30485367775,0.833538889885,-0.741462647915,-0.0794671028852,-0.402786493301,0.530736505985
0.578627645969,0.304892927408,0.833269298077,-0.741032779217,-0.0789331272244,-0.402823358774,0.531388163567
0.578525781631,0.304945737123,0.832927107811,-0.741096913815,-0.0778156518936,-0.402289152145,0.531868040562
0.579640626907,0.305897921324,0.832027375698,-0.749625623226,-0.076283082366,-0.393693119287,0.526543438435
0.578750252724,0.304912447929,0.832041621208,-0.741544246674,-0.0748632103205,-0.399906277657,0.533463001251
0.578759849072,0.304628491402,0.831543505192,-0.74136030674,-0.0713976547122,-0.399397432804,0.534573674202
0.578640341759,0.304161608219,0.830962538719,-0.741673409939,-0.0664649680257,-0.398971021175,0.535093545914
0.578503966331,0.30364087224,0.830481350422,-0.742268979549,-0.0617798008025,-0.398734480143,0.535005629063
0.578322947025,0.302907735109,0.830023765564,-0.742830395699,-0.0567291490734,-0.399324774742,0.534345090389
0.578387856483,0.302191734314,0.82966864109,-0.74453830719,-0.0524359308183,-0.399438560009,0.532317578793
0.578391432762,0.301352709532,0.829179227352,-0.747121155262,-0.0452552065253,-0.399410635233,0.529370605946
0.578460514545,0.300520718098,0.828995227814,-0.748320817947,-0.0411421507597,-0.399315476418,0.528081893921
