x,y,z,q0,q1,q2,q3
-0.503108203411,-0.0676381587982,1.32821726799,0.0217099133879,0.0685810148716,0.720435380936,0.689781308174
-0.50313270092,-0.0676416903734,1.32822346687,0.0217167455703,0.0685503706336,0.720413327217,0.689807236195
-0.503161668777,-0.0676527917385,1.32822346687,0.0217370223254,0.068534001708,0.720409154892,0.689812541008
-0.503191113472,-0.0676726251841,1.32822215557,0.0217398423702,0.0685061439872,0.72040784359,0.689816474915
-0.50325191021,-0.0676753148437,1.32818770409,0.0216801464558,0.0684204176068,0.719869196415,0.690389096737
-0.50329554081,-0.0677424147725,1.32823610306,0.0216844193637,0.0682414844632,0.719960331917,0.690311431885
-0.503314316273,-0.0677043870091,1.32819139957,0.0217238646001,0.068370975554,0.719888985157,0.690371990204
-0.503342032433,-0.0677134841681,1.32818937302,0.0217357743531,0.068337008357,0.719904124737,0.690359055996
-0.503369808197,-0.0677231326699,1.32819271088,0.0217432510108,0.0683121159673,0.719892561436,0.690373301506
-0.503404676914,-0.0677367970347,1.32818949223,0.021747244522,0.0682404637337,0.719865620136,0.690408408642
-0.503444194794,-0.0677394717932,1.32819163799,0.0217567402869,0.0682452097535,0.719892561436,0.690379619598
-0.503472626209,-0.0677490085363,1.32818996906,0.0217672940344,0.0681997612119,0.719880402088,0.690396487713
-0.503506183624,-0.0677640885115,1.32818591595,0.0217216126621,0.0681779682636,0.719877243042,0.690403401852
-0.503536462784,-0.0677707865834,1.32819342613,0.0217263977975,0.0681398138404,0.719855010509,0.690430104733
-0.503581345081,-0.0677824690938,1.32820081711,0.0217803008854,0.0681573301554,0.719868183136,0.690412938595
-0.50361084938,-0.0677887648344,1.32819366455,0.0217686630785,0.0681591778994,0.719817042351,0.69046652317
-0.50363945961,-0.0677960515022,1.32819199562,0.0217504873872,0.0681249499321,0.719787180424,0.690501451492
-0.503631472588,-0.0677601918578,1.32818889618,0.0217749308795,0.0682769939303,0.720125436783,0.690132975578
-0.503697097301,-0.0678099393845,1.32819628716,0.0216861125082,0.0680731534958,0.719717860222,0.690580964088
-0.503804683685,-0.0678824558854,1.32827031612,0.021892754361,0.0680791810155,0.719803154469,0.690484941006
-0.503722965717,-0.0677620917559,1.32819271088,0.0216528978199,0.0681270062923,0.720017015934,0.690264821053
-0.50386506319,-0.0678849369287,1.32827174664,0.0217851828784,0.0679804310203,0.719724297523,0.690580248833
-0.503899097443,-0.0678311437368,1.32827997208,0.0218089446425,0.067813821137,0.719536542892,0.690791547298
-0.503941357136,-0.0678704082966,1.32826197147,0.0216716956347,0.0678149908781,0.719523131847,0.690809547901
-0.503982484341,-0.0678583532572,1.32825791836,0.0215787626803,0.0677452981472,0.719501256943,0.690842151642
-0.504005908966,-0.0678523033857,1.32825267315,0.0214654300362,0.0676688030362,0.719448149204,0.690908551216
-0.504332602024,-0.067891664803,1.32824790478,0.0211333148181,0.0674775093794,0.720072627068,0.690286636353
-0.50406986475,-0.0678383409977,1.32825124264,0.0212828144431,0.0675294920802,0.719404160976,0.69097340107
-0.504094481468,-0.0678314641118,1.32826066017,0.0211865734309,0.0674587115645,0.719365894794,0.691023290157
-0.504122138023,-0.0678254216909,1.32826447487,0.0210887733847,0.0673920214176,0.719353437424,0.691045880318
-0.504140138626,-0.0678379312158,1.32827556133,0.0209943708032,0.0673460364342,0.71933400631,0.691073358059
-0.504183828831,-0.0678079277277,1.32829284668,0.0209177136421,0.067233748734,0.719383597374,0.691034972668
-0.504214644432,-0.0677944868803,1.32830286026,0.0208333190531,0.067131601274,0.719392836094,0.691037893295
-0.504232287407,-0.067814707756,1.32831370831,0.020715309307,0.0670740827918,0.719412922859,0.69102615118
-0.504262685776,-0.0678039491177,1.32832062244,0.0206473357975,0.067019239068,0.719465136528,0.690979123116
-0.504234611988,-0.0676944777369,1.32829296589,0.0206046570092,0.0670214444399,0.719368875027,0.691080391407
-0.504249572754,-0.0676685497165,1.32830905914,0.0205394867808,0.06692956388,0.719406306744,0.691052258015
-0.504292964935,-0.067712597549,1.32831907272,0.020409822464,0.0668471679091,0.719517529011,0.690948188305
-0.504307568073,-0.0676985532045,1.32832503319,0.0203306842595,0.066797323525,0.719540059566,0.690931975842
-0.504317224026,-0.0676935687661,1.32838618755,0.0202767644078,0.0665367618203,0.719627857208,0.690867125988
-0.504302561283,-0.0676102042198,1.32834100723,0.0202045142651,0.0665876939893,0.71958309412,0.690911114216
-0.504316568375,-0.0676051080227,1.328343153,0.0201292354614,0.0665545165539,0.719639420509,0.690857827663
-0.504649996758,-0.0676879435778,1.32836031914,0.0197610203177,0.06631847471,0.720398485661,0.690099537373
-0.504677653313,-0.0677430480719,1.32842278481,0.019665421918,0.0660664439201,0.720543384552,0.689975321293
-0.504688382149,-0.0677312240005,1.32843148708,0.0195777434856,0.066007964313,0.720582425594,0.689942479134
-0.50469994545,-0.0677184760571,1.32843828201,0.0194970928133,0.0659576952457,0.720647156239,0.689881920815
-0.504691421986,-0.0676449760795,1.32838881016,0.0194255392998,0.066088847816,0.720612883568,0.689907252789
-0.504706501961,-0.0676747411489,1.32840430737,0.0193274412304,0.0660509541631,0.720692098141,0.689830958843
-0.504712760448,-0.0676689147949,1.32841730118,0.0192152261734,0.0659972950816,0.720764577389,0.689763486385
-0.504741489887,-0.0677185058594,1.3284907341,0.0190232656896,0.0658320114017,0.721008002758,0.689530193806
-0.504467070103,-0.0676647573709,1.32850539684,0.0191677827388,0.065918661654,0.720479130745,0.690070450306
-0.504461765289,-0.0676693767309,1.32851099968,0.0190573185682,0.0659273788333,0.72053283453,0.690016746521
-0.504457950592,-0.0676592215896,1.32852303982,0.0190004818141,0.0658701136708,0.720612943172,0.689939856529
-0.504468202591,-0.0676271021366,1.32853829861,0.0188369620591,0.0659060180187,0.720750510693,0.689797401428
-0.504474639893,-0.0676212012768,1.32853114605,0.0186546910554,0.065786011517,0.720869481564,0.689689338207
-0.504460811615,-0.0676449537277,1.32854092121,0.0185197722167,0.0658103749156,0.720855295658,0.689705550671
-0.504455208778,-0.0676221996546,1.32854962349,0.0184920746833,0.0657050460577,0.721021354198,0.689542770386
-0.504448056221,-0.067596912384,1.32856357098,0.0184130743146,0.0656896829605,0.721147418022,0.689414441586
-0.504435241222,-0.0675806105137,1.32857370377,0.0183434747159,0.065670825541,0.721227109432,0.689334690571
-0.504421293736,-0.0675632059574,1.32858419418,0.0182651765645,0.0656489059329,0.721290647984,0.689272403717
-0.504406273365,-0.0675486624241,1.32859671116,0.0181905403733,0.0656266584992,0.721357703209,0.689206421375
-0.50439363718,-0.0675220787525,1.32861220837,0.0180566068739,0.065668463707,0.721375584602,0.689187288284
-0.504384458065,-0.0675226226449,1.32863879204,0.0179737340659,0.0656152516603,0.721489727497,0.689075052738
-0.504346489906,-0.0675205886364,1.32863843441,0.0179661791772,0.0655776038766,0.721546709538,0.689018964767
-0.504329383373,-0.0674748197198,1.32868075371,0.017927415669,0.0656143948436,0.721673846245,0.688883364201
-0.504594326019,-0.0674963817,1.32869851589,0.0176333896816,0.06541018188,0.722381353378,0.6881685853
-0.504561007023,-0.0674909204245,1.32870519161,0.0175616238266,0.0653956979513,0.722433924675,0.688116550446
-0.504266083241,-0.0674192011356,1.32871222496,0.0176157560199,0.0655072778463,0.721883654594,0.688681781292
-0.504505634308,-0.0674345642328,1.32870459557,0.0173647105694,0.0653093457222,0.722545981407,0.688011944294
-0.504479944706,-0.0674121305346,1.32872080803,0.017215590924,0.0653142854571,0.722610712051,0.68794721365
-0.504447937012,-0.067400097847,1.32871389389,0.0171657390893,0.0652278661728,0.722693622112,0.687869668007
-0.504424214363,-0.0673849657178,1.32872068882,0.0170547757298,0.0652459934354,0.722718298435,0.68784481287
-0.504391729832,-0.0673585087061,1.32872581482,0.0169544238597,0.0652558580041,0.722773909569,0.687787950039
-0.504346966743,-0.067360021174,1.32871305943,0.0170187801123,0.0651891455054,0.722792267799,0.687773346901
-0.504320025444,-0.0673148259521,1.32871603966,0.0168491508812,0.0652755871415,0.722864627838,0.687693297863
-0.5042963624,-0.0672979876399,1.32872509956,0.0168202705681,0.0652147531509,0.722913742065,0.687648057938
-0.503983914852,-0.0672353357077,1.32873082161,0.0169959869236,0.0653214752674,0.722327470779,0.688249349594
-0.503955245018,-0.0672187358141,1.32872700691,0.0169525779784,0.065296150744,0.722314476967,0.688266575336
-0.503914833069,-0.0671806409955,1.32872319221,0.0169481672347,0.065285384655,0.722303211689,0.688279509544
-0.50388199091,-0.0671729519963,1.32871770859,0.0169231276959,0.0652925893664,0.722330987453,0.688250303268
-0.503856837749,-0.0671570599079,1.32872414589,0.0169158503413,0.0652647018433,0.722330033779,0.688254117966
-0.503820359707,-0.0671423152089,1.32872438431,0.0168771166354,0.0652385354042,0.722334444523,0.688252866268
-0.503788173199,-0.0671288743615,1.32871937752,0.0168946441263,0.0652361139655,0.722337782383,0.688249111176
-0.503747463226,-0.0671204552054,1.32872343063,0.0169254150242,0.0652095675468,0.722307562828,0.688282668591
-0.503708183765,-0.0671175718307,1.32872653008,0.0169096011668,0.0651728659868,0.722295105457,0.68829959631
-0.50396156311,-0.067127674818,1.3287217617,0.016703652218,0.0650399625301,0.722933709621,0.687646448612
-0.503619372845,-0.0670804157853,1.32871735096,0.0168998762965,0.0651508420706,0.722254753113,0.688344419003
-0.50358492136,-0.0670704245567,1.32871961594,0.0169004313648,0.065147832036,0.722236871719,0.688363313675
-0.503543376923,-0.0670718476176,1.32870972157,0.0168472267687,0.0651460960507,0.72226703167,0.688333213329
-0.503797650337,-0.0670893415809,1.32871365547,0.0166394729167,0.0649995207787,0.722900867462,0.687686383724
-0.503443658352,-0.0670553743839,1.3287242651,0.0168692693114,0.0651639103889,0.722227156162,0.688372850418
-0.503381073475,-0.0670381858945,1.32871818542,0.0168825164437,0.0652020648122,0.722200751305,0.688396513462
-0.503308653831,-0.0669792890549,1.32867407799,0.0169562585652,0.0653805732727,0.722196221352,0.68838262558
-0.503259003162,-0.0669737309217,1.32867634296,0.0169659182429,0.0653563067317,0.722189188004,0.688391983509
-0.503237068653,-0.0669835209846,1.3286626339,0.0169415008277,0.0654139816761,0.72223085165,0.688343405724
-0.503151059151,-0.0669746622443,1.32869243622,0.0170136820525,0.0653459280729,0.722145318985,0.688437819481
-0.503100156784,-0.0669770389795,1.32868790627,0.0170273259282,0.065335676074,0.722112357616,0.688472986221
-0.503055632114,-0.0669879317284,1.3286921978,0.0170287359506,0.0653041154146,0.722088992596,0.688500523567
-0.503012537956,-0.0669906958938,1.32871007919,0.0170965921134,0.0652649775147,0.722086012363,0.688505828381
-0.502970933914,-0.067052796483,1.32875180244,0.0170625951141,0.0650850906968,0.722120702267,0.688487231731
-0.502905964851,-0.0670017898083,1.32870304585,0.0171387977898,0.0652838647366,0.722082138062,0.68850684166
-0.502875506878,-0.0670681223273,1.32875573635,0.0171161945909,0.0650633126497,0.72215616703,0.688450694084
-0.50283741951,-0.0670797154307,1.32875919342,0.0171175282449,0.0650157257915,0.722144842148,0.688467025757
-0.50279635191,-0.0670912563801,1.3287653923,0.017150759697,0.0649316236377,0.722123622894,0.688496351242
-0.502752423286,-0.067099057138,1.32876515388,0.017174532637,0.0649027600884,0.722180783749,0.688438415527
-0.50271487236,-0.0671110078692,1.32876944542,0.0172008853406,0.0648280456662,0.722161710262,0.688465058804
-0.502681434155,-0.0671163275838,1.328774333,0.0172058735043,0.0647915154696,0.722119092941,0.688512921333
-0.502644062042,-0.0671280995011,1.32877290249,0.0172352716327,0.0647381097078,0.722081363201,0.688556730747
-0.502611458302,-0.0671394690871,1.32877385616,0.0172482933849,0.0646775662899,0.722033143044,0.688612759113
-0.502559781075,-0.0670896470547,1.32878875732,0.0173570197076,0.0645994246006,0.721915364265,0.688740849495
-0.502531468868,-0.0670802593231,1.32879126072,0.0173657462001,0.0645124986768,0.721759140491,0.688912510872
-0.502490341663,-0.06709189713,1.32878732681,0.0173077620566,0.0644048154354,0.721680939198,0.68900591135
-0.502452969551,-0.0671038851142,1.32877016068,0.0173046309501,0.0644111260772,0.721564531326,0.689127326012
-0.502721488476,-0.067156046629,1.32876551151,0.0171039085835,0.0642160475254,0.722118377686,0.688570082188
-0.502703249454,-0.0671611875296,1.32875347137,0.017106404528,0.0641519427299,0.722030162811,0.688668429852
-0.502703845501,-0.06723023206,1.32874548435,0.0170663669705,0.064116731286,0.721978247166,0.688727319241
-0.502651512623,-0.0671914592385,1.32873189449,0.0171466749161,0.0640703216195,0.721875309944,0.688837587833
-0.502658069134,-0.0672626122832,1.32872414589,0.0170739535242,0.0640204250813,0.721830964088,0.688890397549
-0.502664744854,-0.0672918260098,1.32874751091,0.0170795526356,0.0638556405902,0.721807837486,0.688929796219
-0.502639174461,-0.0672994032502,1.32872271538,0.0170311015099,0.063713029027,0.72165542841,0.689103901386
-0.502622485161,-0.0673192590475,1.32871699333,0.0170012172312,0.0636424347758,0.721569478512,0.689201116562
-0.502603471279,-0.0673691630363,1.32870435715,0.0171231180429,0.0634342804551,0.721474766731,0.689316511154
-0.502585232258,-0.0673942416906,1.32869005203,0.0170629862696,0.063386335969,0.721407532692,0.689392745495
-0.502575278282,-0.0674265921116,1.32868492603,0.0169974695891,0.0633040592074,0.721366584301,0.689444601536
-0.50256216526,-0.0674203783274,1.32869291306,0.0170375034213,0.0632187053561,0.721291840076,0.689529776573
-0.50254958868,-0.0674404352903,1.32868635654,0.0170162990689,0.0631445124745,0.721260309219,0.689570069313
-0.502529740334,-0.0674685612321,1.32868385315,0.0169759355485,0.0630835071206,0.721207499504,0.689631938934
-0.502228200436,-0.0674390867352,1.32868599892,0.0171853676438,0.0631510391831,0.720520317554,0.690338432789
-0.502224087715,-0.0674564391375,1.32867562771,0.0171380005777,0.0630552694201,0.720506191254,0.690363049507
-0.502210974693,-0.0674720257521,1.32866382599,0.0171194188297,0.0629776641726,0.720469534397,0.690408945084
-0.502209722996,-0.0674849525094,1.32866179943,0.0170883573592,0.0628717690706,0.720475077629,0.690413594246
-0.502200365067,-0.0674783289433,1.32860589027,0.0171007569879,0.0627590939403,0.720358133316,0.69054543972
-0.502224862576,-0.0675241649151,1.32864451408,0.0171351674944,0.0625241473317,0.720492839813,0.690425336361
-0.502215206623,-0.0675409436226,1.32863354683,0.0171270612627,0.0624237693846,0.720545291901,0.690379858017
-0.502213597298,-0.0675527006388,1.32862532139,0.0171182025224,0.0622964724898,0.720611810684,0.690322220325
-0.502163052559,-0.0675624832511,1.32856476307,0.0170327611268,0.0622852519155,0.720600068569,0.690337479115
-0.502149224281,-0.0675654932857,1.32855689526,0.0170338060707,0.062167160213,0.720675826073,0.690269231796
-0.502145707607,-0.0675954669714,1.32854390144,0.0169792417437,0.0620528496802,0.720804750919,0.690146207809
-0.502137124538,-0.0676140636206,1.32852971554,0.0169199127704,0.0619501769543,0.720911622047,0.690045118332
-0.502122044563,-0.0676284879446,1.3285266161,0.0168582182378,0.0618860349059,0.721107363701,0.689848005772
-0.502119898796,-0.0676556974649,1.32852089405,0.0167827196419,0.0617261640728,0.721246421337,0.689718723297
-0.50210994482,-0.0677153021097,1.32850682735,0.0166744086891,0.0616249106824,0.721472203732,0.6894941926
-0.502105176449,-0.0677406564355,1.3284920454,0.0165842901915,0.0614601634443,0.721677601337,0.689296066761
-0.502093017101,-0.0677476227283,1.32847690582,0.0164660848677,0.0612415522337,0.721879541874,0.689106822014
-0.502093732357,-0.0677868053317,1.32847654819,0.0163361765444,0.061027687043,0.722146093845,0.688849508762
-0.502074062824,-0.0677960067987,1.32845878601,0.0162334442139,0.0608385503292,0.722391009331,0.688612043858
-0.502044916153,-0.0678315386176,1.3284497261,0.0160848423839,0.0606401860714,0.722627520561,0.688384652138
-0.502034544945,-0.067877843976,1.32844209671,0.0159598067403,0.0604291670024,0.722955107689,0.688062131405
-0.502056419849,-0.067951656878,1.32841992378,0.0158242247999,0.0599581226707,0.72288441658,0.688180744648
-0.5020403862,-0.0680001154542,1.32839763165,0.0156220402569,0.0597861967981,0.723210275173,0.687858045101
-0.502027750015,-0.0680326670408,1.32838201523,0.0154158929363,0.0595446266234,0.723528027534,0.687549233437
-0.50203359127,-0.0680779442191,1.32840812206,0.0153604736552,0.0592255741358,0.723939180374,0.687145292759
-0.502004742622,-0.0681030899286,1.32839393616,0.0152781670913,0.0591001883149,0.724403142929,0.686668694019
-0.501980781555,-0.0681355521083,1.32840025425,0.0151566620916,0.0589584372938,0.724767446518,0.686299145222
-0.501941502094,-0.0681801438332,1.32839298248,0.0150188412517,0.0587979592383,0.725064218044,0.686002254486
-0.501919806004,-0.0682124868035,1.32838141918,0.0148895597085,0.0586200430989,0.725396156311,0.68566942215
-0.501882493496,-0.0682553872466,1.32837712765,0.0147523088381,0.0585343539715,0.725710451603,0.685346961021
-0.501867830753,-0.0682834088802,1.32837414742,0.014578175731,0.0583413094282,0.72599452734,0.685066342354
-0.501846730709,-0.0683154314756,1.3283700943,0.0143992239609,0.0581491030753,0.726332902908,0.684727668762
-0.501805067062,-0.0683344304562,1.32834804058,0.0141632789746,0.0580075420439,0.726643264294,0.68441516161
-0.50174921751,-0.0683372318745,1.32833993435,0.0140310926363,0.0577742494643,0.726908624172,0.684155762196
-0.50170814991,-0.0683913230896,1.32832598686,0.0139430230483,0.0575177073479,0.727266669273,0.683798551559
-0.502129673958,-0.0685823708773,1.32832503319,0.0132982414216,0.057080630213,0.728689849377,0.682331562042
-0.502106666565,-0.0686227306724,1.32830905914,0.0131272599101,0.0568278282881,0.728992402554,0.682032644749
-0.501750707626,-0.06848616153,1.32818305492,0.0134869823232,0.0571895353496,0.729488492012,0.681464731693
-0.501690208912,-0.0685298368335,1.32818520069,0.0134075805545,0.057103831321,0.729834139347,0.681103050709
-0.501611351967,-0.0685639232397,1.32816648483,0.0132176438347,0.0571907609701,0.730225205421,0.680680394173
-0.501587331295,-0.0686744600534,1.32816267014,0.0130254002288,0.0570949576795,0.730767726898,0.680109679699
-0.501583993435,-0.0688228309155,1.32828652859,0.0129804546013,0.0567661263049,0.731275439262,0.679592192173
-0.501565098763,-0.0688426569104,1.32826006413,0.0127712422982,0.0567108504474,0.731777250767,0.679060220718
-0.501351952553,-0.0686455667019,1.32802379131,0.0122245345265,0.0568446815014,0.731856882572,0.678973317146
-0.501345574856,-0.0687894821167,1.32819163799,0.0124935982749,0.0568190291524,0.733328640461,0.677380681038
-0.501129090786,-0.0686711072922,1.32796251774,0.0119142578915,0.0569734424353,0.733400285244,0.677300751209
-0.501064658165,-0.0686921849847,1.3279389143,0.0117382612079,0.0568911209702,0.733812093735,0.676864504814
-0.501043558121,-0.068794131279,1.3279979229,0.0117369573563,0.0569586157799,0.734350144863,0.676274955273
-0.500686705112,-0.0687701776624,1.32799625397,0.0118340682238,0.0569815449417,0.734158396721,0.676479518414
-0.500618636608,-0.0687828212976,1.32798957825,0.0117007317021,0.0569108240306,0.734574317932,0.676036119461
-0.500522017479,-0.0687714889646,1.32798302174,0.0115154981613,0.0568969734013,0.735036373138,0.675538063049
-0.500446259975,-0.068786278367,1.32796370983,0.0113041875884,0.0568194612861,0.735440611839,0.675108194351
-0.500359773636,-0.0688120275736,1.32796859741,0.0111146932468,0.0567802004516,0.735901176929,0.674612522125
-0.500288963318,-0.0688585340977,1.32795274258,0.0109096504748,0.0567404814065,0.736317694187,0.674164533615
-0.500231325626,-0.0688686221838,1.32795763016,0.0107326060534,0.0565927550197,0.736714422703,0.673746287823
-0.500689983368,-0.0694323629141,1.32794034481,0.00989045388997,0.0564449429512,0.738347828388,0.671981155872
-0.500611841679,-0.0694627463818,1.32790541649,0.00965426117182,0.0563858039677,0.738713085651,0.671588003635
-0.500361561775,-0.0693448483944,1.32792747021,0.00976596772671,0.0563587807119,0.738799512386,0.671493589878
-0.500272870064,-0.0693649053574,1.32791388035,0.00958208367229,0.0563270375133,0.739143431187,0.671120285988
-0.500202596188,-0.0694351568818,1.32789385319,0.00938876904547,0.0563533455133,0.739569067955,0.670651912689
-0.50025331974,-0.0696110725403,1.32786297798,0.00897223036736,0.0562989860773,0.740260124207,0.66989928484
-0.500174880028,-0.0696103051305,1.32786917686,0.00886722374707,0.0562738478184,0.740649759769,0.669471979141
-0.499837487936,-0.0694966688752,1.32769596577,0.0104625588283,0.0562952794135,0.743452310562,0.666333436966
-0.499722093344,-0.0694440230727,1.32769906521,0.0102602401748,0.0564299188554,0.743923842907,0.665798664093
-0.499868631363,-0.0695803165436,1.32786870003,0.00834374409169,0.0564761944115,0.74189645052,0.668079793453
-0.499763846397,-0.0695965141058,1.32785820961,0.00813687685877,0.0565108694136,0.742243170738,0.667694151402
-0.49968868494,-0.0696141496301,1.32785499096,0.00794748775661,0.0565007068217,0.742509782314,0.667400956154
-0.499588400126,-0.0696511790156,1.32784616947,0.00778664229438,0.0564573444426,0.742840826511,0.667037904263
-0.49943831563,-0.069674551487,1.32780492306,0.00835045520216,0.0562517680228,0.743717253208,0.666070997715
-0.499339550734,-0.0696999654174,1.32779169083,0.00807208754122,0.0563485212624,0.744108915329,0.665628731251
-0.499169260263,-0.0696370452642,1.3277156353,0.00763492984697,0.0562545619905,0.74424636364,0.665488243103
-0.498936414719,-0.0695374459028,1.32754981518,0.00808864366263,0.0567169450223,0.745640575886,0.663881003857
-0.498978465796,-0.0696348100901,1.32761263847,0.0072194384411,0.0566080994904,0.744668900967,0.664990007877
-0.498894035816,-0.0696598216891,1.32761788368,0.00707328086719,0.0566286966205,0.74489235878,0.664739608765
-0.49892359972,-0.0698023065925,1.32784128189,0.0065691373311,0.056910622865,0.745151638985,0.664429962635
-0.498848676682,-0.0698370486498,1.3278439045,0.00632394710556,0.0569474622607,0.74544775486,0.664097011089
-0.498647421598,-0.0698035061359,1.32778060436,0.00695045432076,0.0571034774184,0.746909916401,0.662432253361
-0.498754382133,-0.069838821888,1.3277862072,0.00670413067564,0.0570198856294,0.747574090958,0.661692559719
-0.498554855585,-0.069902844727,1.32779026031,0.00649933237582,0.0568706989288,0.746593058109,0.662814080715
-0.498645931482,-0.0700248628855,1.32777690887,0.00619692681357,0.056886728853,0.747118294239,0.662223398685
-0.498580366373,-0.070028334856,1.32776558399,0.00604702113196,0.0568905547261,0.747306227684,0.662012338638
-0.498544186354,-0.0699682310224,1.32778000832,0.00598889729008,0.0568375587463,0.747521042824,0.661774873734
-0.498464286327,-0.0699986964464,1.32778775692,0.00585650699213,0.0569258891046,0.747763156891,0.661494970322
-0.498399406672,-0.0700270235538,1.32779109478,0.00576064828783,0.0569766536355,0.747968971729,0.661258757114
-0.49814581871,-0.0699223875999,1.3276809454,0.00675902049989,0.0573216564953,0.750060856342,0.658845543861
-0.498076736927,-0.0699522793293,1.32768154144,0.00659700017422,0.0572994872928,0.750193059444,0.658698439598
-0.498030662537,-0.0699716508389,1.32767856121,0.00645156716928,0.0573468394578,0.750351905823,0.658514857292
-0.498026132584,-0.0701197236776,1.32786488533,0.00459985015914,0.0576427131891,0.747780382633,0.661423385143
-0.497976481915,-0.0701311379671,1.32786726952,0.00445512868464,0.0576815269887,0.747868299484,0.661321461201
-0.49792766571,-0.0701519101858,1.32788014412,0.00434166938066,0.0577323287725,0.747967362404,0.661205589771
-0.4978774786,-0.0701884403825,1.32787418365,0.00412880070508,0.0577755011618,0.748051166534,0.66110855341
-0.498042196035,-0.0702074319124,1.327896595,0.00392160890624,0.0576879307628,0.74857544899,0.66052365303
-0.498012036085,-0.0702372640371,1.32789838314,0.00368919665925,0.0577449575067,0.74863743782,0.66044986248
-0.497972160578,-0.070257216692,1.3279081583,0.00354217365384,0.0577973425388,0.748707711697,0.660366415977
-0.497937142849,-0.0702907890081,1.32791948318,0.0033786080312,0.0578736662865,0.74879360199,0.660263240337
-0.497898429632,-0.0703149959445,1.32792901993,0.00317695899867,0.0579316318035,0.748824059963,0.660224497318
-0.497861862183,-0.0703230053186,1.32794618607,0.00301750912331,0.0579917244613,0.748852670193,0.660187602043
-0.497833818197,-0.0703341662884,1.32796156406,0.00286340317689,0.0580288060009,0.748870432377,0.660164892673
-0.497815907001,-0.0703542679548,1.32797122002,0.00271224789321,0.058090839535,0.748903095722,0.660122811794
-0.497796922922,-0.070370927453,1.32799291611,0.00249969004653,0.0582545772195,0.749055027962,0.659936964512
-0.497775316238,-0.070389688015,1.32800495625,0.00233480753377,0.0583264231682,0.749082028866,0.659900605679
-0.497764915228,-0.0704203099012,1.32802188396,0.0021631794516,0.0584118552506,0.74911737442,0.6598533988
-0.49776238203,-0.0704330801964,1.32803118229,0.00199949205853,0.0584899783134,0.74916356802,0.659794509411
-0.497757583857,-0.0704791545868,1.32804059982,0.00182563229464,0.0585677474737,0.74922901392,0.659713864326
-0.497759908438,-0.0705222189426,1.32806491852,0.00158738147002,0.0585314445198,0.749294519424,0.659643292427
-0.497749954462,-0.0705427229404,1.32809698582,0.00128609163221,0.0587738864124,0.749438226223,0.659459292889
-0.497762799263,-0.070552662015,1.32812297344,0.00102341326419,0.0588683262467,0.749349176884,0.659552335739
-0.497231483459,-0.0701073035598,1.32817983627,0.00149172358215,0.0589697994292,0.748132944107,0.660921812057
-0.49731823802,-0.0700761526823,1.32820343971,0.00128109427169,0.0589783377945,0.748276054859,0.6607593894
-0.497275471687,-0.0701589137316,1.32821309566,0.00109077536035,0.0591609477997,0.748141825199,0.660895466805
-0.497366994619,-0.0701309293509,1.32824146748,0.000908531656023,0.0590987801552,0.748291909695,0.660731256008
-0.497390836477,-0.0701660737395,1.32825541496,0.000714685593266,0.0591575652361,0.748312652111,0.660702705383
-0.497385472059,-0.0701649561524,1.32826912403,0.000577441358473,0.0592184588313,0.748252987862,0.660765051842
-0.497358113527,-0.070288002491,1.32830679417,0.00015833110956,0.0596308410168,0.748276293278,0.660701692104
-0.497357279062,-0.0703287795186,1.32827210426,-4.7809604439e-05,0.0598003640771,0.748258888721,0.660706222057
-0.497378528118,-0.0703537613153,1.32828330994,-0.000190199280041,0.0598596036434,0.74829262495,0.660662472248
-0.497386693954,-0.0703616440296,1.32829606533,-0.000292798213195,0.0599304288626,0.748357892036,0.660582125187
-0.497452020645,-0.0704075023532,1.32836127281,-0.000392197194742,0.059870172292,0.748520851135,0.660402834415
-0.497487396002,-0.0704274699092,1.32837414742,-0.000515409919899,0.0599316693842,0.748643159866,0.66025853157
-0.497512340546,-0.0704447701573,1.32840287685,-0.000662946375087,0.0599442496896,0.748737156391,0.660150706768
-0.497501581907,-0.0704414919019,1.32836854458,-0.000835009792354,0.060085657984,0.748767852783,0.660102903843
-0.497550994158,-0.0704658105969,1.32843089104,-0.000930172973312,0.0600451529026,0.748994588852,0.65984916687
-0.4975233078,-0.0704710111022,1.32840430737,-0.00111670512706,0.0602414645255,0.749092817307,0.659719526768
-0.497642070055,-0.0705239400268,1.32846927643,-0.00127029977739,0.0601472258568,0.749433636665,0.659340441227
-0.497368365526,-0.0703390911222,1.32831823826,0.000289016665192,0.0602674894035,0.751769244671,0.656666517258
-0.497596353292,-0.0705292895436,1.32845985889,-0.00167030957527,0.0603713467717,0.749526679516,0.659213364124
-0.497663110495,-0.0705536231399,1.32854127884,-0.00185543647967,0.0603890344501,0.74981290102,0.658885776997
-0.497603148222,-0.0704135447741,1.32840323448,-0.00230164499953,0.0606451928616,0.749769628048,0.658910095692
-0.497630298138,-0.0704203993082,1.32841467857,-0.00250900606625,0.060713738203,0.749931514263,0.658718645573
-0.497677952051,-0.070429764688,1.32843160629,-0.0027549888473,0.0607991106808,0.750131130219,0.65848249197
-0.497720569372,-0.0704187005758,1.32847321033,-0.00311736762524,0.0610102377832,0.750363886356,0.658196151257
-0.497758120298,-0.07042491436,1.32850337029,-0.00333064119332,0.0610891245306,0.750571370125,0.657951176167
-0.497703284025,-0.0704907774925,1.32863032818,-0.00378386327066,0.0605168491602,0.75077009201,0.657774746418
-0.497708618641,-0.0705807060003,1.32864058018,-0.00394609989598,0.0606761500239,0.750944197178,0.65756046772
-0.497940659523,-0.0704673081636,1.32868337631,-0.00404865620658,0.0601784847677,0.750788450241,0.657783448696
-0.497933328152,-0.0704058408737,1.32869470119,-0.00414389465004,0.0603041686118,0.750967144966,0.65756714344
-0.497875034809,-0.0705369114876,1.3287153244,-0.00429099379107,0.0604885369539,0.751115918159,0.657379388809
-0.498057574034,-0.0704071074724,1.32877326012,-0.00430217990652,0.0604656413198,0.75173074007,0.656678259373
-0.497987478971,-0.0704235583544,1.32878148556,-0.00444430904463,0.061105530709,0.752528786659,0.655703246593
-0.498025089502,-0.0704177394509,1.32879841328,-0.00458325026557,0.0612274780869,0.752791047096,0.655389845371
-0.498073458672,-0.0704004988074,1.32882785797,-0.00473706237972,0.0613113716245,0.753091335297,0.655035912991
-0.498113155365,-0.0704177543521,1.32883989811,-0.00496957916766,0.0614693909883,0.75337523222,0.654692769051
-0.498129189014,-0.0703825056553,1.32885277271,-0.00513848941773,0.0615915060043,0.753556311131,0.654471516609
-0.498152881861,-0.0703742727637,1.32886362076,-0.00536282174289,0.0617375969887,0.753836810589,0.654132843018
-0.498177438974,-0.0703548043966,1.32890224457,-0.00563580403104,0.0618858747184,0.75410670042,0.653805375099
-0.498227864504,-0.0703656971455,1.32892751694,-0.00590313691646,0.0619897134602,0.754362940788,0.653497695923
-0.498290032148,-0.0702407956123,1.32895493507,-0.0059182564728,0.0619434118271,0.754759371281,0.653043866158
-0.498302161694,-0.0703292414546,1.32895672321,-0.00623093778268,0.0620199851692,0.754736661911,0.653060078621
-0.4983253479,-0.0704043284059,1.32896924019,-0.00656545115635,0.0621770769358,0.75495493412,0.652789533138
-0.498375147581,-0.0704011395574,1.32898712158,-0.00676509318873,0.0622595883906,0.75517231226,0.652527928352
-0.498463779688,-0.0703904256225,1.32900691032,-0.0070690815337,0.0621111318469,0.75472253561,0.653059065342
-0.499234288931,-0.0703531876206,1.32903063297,-0.00510168867186,0.0647036060691,0.755569934845,0.651844859123
-0.499359816313,-0.0702568367124,1.32908797264,-0.00503778876737,0.0649152994156,0.756614685059,0.65061122179
-0.499437719584,-0.0702475681901,1.32910740376,-0.00523088220507,0.0650174543262,0.756866276264,0.650306761265
-0.499472230673,-0.0703492537141,1.32909727097,-0.0056049451232,0.0652696490288,0.757059216499,0.650053679943
-0.499550998211,-0.0703345388174,1.3291220665,-0.0057705049403,0.0654350072145,0.75732332468,0.649727940559
-0.499666839838,-0.0702849775553,1.32914185524,-0.00608138786629,0.0655136853456,0.757737636566,0.649234056473
-0.49976849556,-0.0702242329717,1.32916378975,-0.00630644895136,0.0655636712909,0.758078634739,0.64882850647
-0.499771684408,-0.0702656283975,1.329190135,-0.0068199778907,0.0661244168878,0.758566081524,0.648196458817
-0.499829292297,-0.0702498778701,1.3292119503,-0.00699883559719,0.0661798194051,0.758997678757,0.647683441639
-0.499896585941,-0.0702392756939,1.32923722267,-0.00727052148432,0.0663100928068,0.759374141693,0.647225677967
-0.499994367361,-0.0700446665287,1.32893013954,-0.00734877074137,0.0677203834057,0.759488403797,0.646944820881
-0.500072717667,-0.070014052093,1.32896065712,-0.00754124624655,0.0678575783968,0.759988963604,0.646339952946
-0.5002425313,-0.0699032023549,1.32899844646,-0.00774597888812,0.0677472576499,0.760542988777,0.645697057247
-0.500325620174,-0.06993663311,1.32900202274,-0.00800506770611,0.0678763836622,0.760974228382,0.645172119141
-0.500426650047,-0.0698565542698,1.3290541172,-0.00821147765964,0.0677360668778,0.761445939541,0.644627451897
-0.501070141792,-0.0703696161509,1.32904624939,-0.00921257771552,0.0674474537373,0.762442171574,0.643465578556
-0.501159965992,-0.0703659653664,1.32905602455,-0.00936438702047,0.0675165578723,0.762904822826,0.642907619476
-0.501237392426,-0.0703512877226,1.32908785343,-0.00963803939521,0.0675131455064,0.76338070631,0.642338812351
-0.501246094704,-0.0704050585628,1.32904934883,-0.00996380578727,0.0676637813449,0.763710975647,0.64192533493
-0.5012114048,-0.0704609677196,1.32925760746,-0.0104015180841,0.0666846707463,0.764251232147,0.641377389431
-0.501356005669,-0.0703649669886,1.3292979002,-0.0106875756755,0.0668194815516,0.765000164509,0.640465259552
-0.501422584057,-0.0703853070736,1.32932090759,-0.0107668675482,0.0668295696378,0.765622615814,0.639718592167
-0.501497089863,-0.070411965251,1.32939004898,-0.0108483862132,0.0668713152409,0.766262114048,0.638946592808
-0.501537501812,-0.0704059973359,1.32940006256,-0.0109098199755,0.0670523494482,0.766834616661,0.638239443302
-0.50159072876,-0.0703780949116,1.32940363884,-0.0109917595983,0.0672357752919,0.767341136932,0.637609660625
-0.501656293869,-0.0704218447208,1.32939839363,-0.0111860251054,0.0673808902502,0.767901957035,0.636915385723
-0.501732945442,-0.0704608336091,1.32940864563,-0.0113530438393,0.0674527660012,0.76856648922,0.636102735996
-0.501599431038,-0.070481300354,1.32932960987,-0.0114686368033,0.068167604506,0.7694850564,0.634912908077
-0.501622438431,-0.0704718232155,1.32934820652,-0.0116240894422,0.0684241726995,0.770206511021,0.634007155895
-0.501711666584,-0.0704890117049,1.32937431335,-0.0118174161762,0.0685057342052,0.770931661129,0.6331127882
-0.501747190952,-0.0705125406384,1.3293762207,-0.0120701529086,0.0686164796352,0.771604299545,0.632276058197
-0.501831829548,-0.0705196931958,1.3294891119,-0.0121203027666,0.0686937272549,0.772328674793,0.631381571293
-0.502066493034,-0.0704753324389,1.3295224905,-0.0123053807765,0.0683081746101,0.772501111031,0.631208896637
-0.502051711082,-0.0705564618111,1.32953858376,-0.0125184636563,0.0685393661261,0.77301466465,0.630550682545
-0.502083182335,-0.0705492049456,1.32955408096,-0.0126203102991,0.0686183422804,0.773568630219,0.629860281944
-0.502093017101,-0.0705202892423,1.32959103584,-0.0126915695146,0.0686865374446,0.774123370647,0.629169464111
-0.502101540565,-0.0705420970917,1.32961833477,-0.0128407292068,0.0687306895852,0.774743258953,0.628398120403
-0.501946687698,-0.0704254955053,1.32969117165,-0.0127836158499,0.0686562135816,0.774968624115,0.628129482269
-0.502166152,-0.0705911144614,1.32967638969,-0.0132036376745,0.0687097683549,0.776012480259,0.6268247962
-0.502108156681,-0.0705600827932,1.32961511612,-0.0138126658276,0.0686905905604,0.776473343372,0.626242816448
-0.502123594284,-0.070574015379,1.32964336872,-0.0139855947345,0.0687253698707,0.777064502239,0.625501275063
-0.502117991447,-0.0705974772573,1.32965946198,-0.014398034662,0.0688493996859,0.777777075768,0.62459218502
-0.502134919167,-0.0706375464797,1.32967031002,-0.0144832814112,0.0689487978816,0.778428792953,0.6237667799
-0.502152383327,-0.0706252753735,1.32975578308,-0.0142079899088,0.0693683251739,0.779890239239,0.621898174286
-0.502149641514,-0.0706261917949,1.3297355175,-0.0147130526602,0.0696277543902,0.780458688736,0.621143877506
-0.502168238163,-0.0706575810909,1.32979595661,-0.0149254947901,0.0697467550635,0.781137526035,0.620271623135
-0.502287387848,-0.0705693587661,1.32979130745,-0.0150991687551,0.0696770474315,0.781896233559,0.619318664074
-0.502273023129,-0.0706883072853,1.32982039452,-0.0154683860019,0.0693740993738,0.781788229942,0.619479775429
-0.502252221107,-0.0707049667835,1.32986092567,-0.0156929306686,0.0693420395255,0.782375156879,0.61873626709
-0.502249240875,-0.070713467896,1.32987177372,-0.0158561356366,0.0694922730327,0.783100485802,0.617796957493
-0.502246797085,-0.0707433223724,1.32987141609,-0.0163010247052,0.0692662671208,0.783808648586,0.616912186146
-0.502329289913,-0.0706790685654,1.32988119125,-0.0163258630782,0.0691787227988,0.784648835659,0.615852296352
-0.50233322382,-0.0706930160522,1.3299074173,-0.0164722520858,0.0691523626447,0.785197854042,0.615151226521
-0.502336680889,-0.0707375183702,1.32991218567,-0.0167579632252,0.0692452639341,0.785891413689,0.614246666431
-0.502389788628,-0.0708250701427,1.32996976376,-0.0169414859265,0.0690723359585,0.786602556705,0.613350152969
-0.502253115177,-0.0708764791489,1.32992184162,-0.0169940460473,0.0693350061774,0.786977767944,0.612837612629
-0.502226054668,-0.0708770900965,1.3298125267,-0.0173492133617,0.0694601088762,0.787632882595,0.611971259117
-0.501820027828,-0.0707333385944,1.3297059536,-0.0145474141464,0.0703981667757,0.792773127556,0.605263054371
-0.501732647419,-0.0707228854299,1.32965397835,-0.0144629497081,0.0704713240266,0.793426156044,0.604400336742
-0.50169056654,-0.0707690864801,1.32964134216,-0.0144487638026,0.0705604627728,0.794261455536,0.603291988373
-0.502099215984,-0.0710087940097,1.32977449894,-0.0173808075488,0.0694924592972,0.790619909763,0.608102738857
-0.502047479153,-0.0710231140256,1.32974278927,-0.0173069592565,0.0695655792952,0.791424810886,0.607048511505
-0.502063453197,-0.0710785835981,1.32980787754,-0.0170841570944,0.0694867745042,0.792253553867,0.605982005596
-0.502021193504,-0.0711219534278,1.32980132103,-0.0170366149396,0.0694201216102,0.792947947979,0.605082094669
-0.501956582069,-0.0711507350206,1.3297945261,-0.0169089734554,0.0693686753511,0.793772995472,0.604008734226
-0.501920521259,-0.0711953639984,1.32979929447,-0.0167480129749,0.0694434940815,0.79446297884,0.603096723557
-0.50189447403,-0.071230404079,1.32981908321,-0.016673443839,0.0693299770355,0.795190632343,0.602152109146
-0.501880586147,-0.0712385028601,1.32982563972,-0.0165698174387,0.069224178791,0.795792818069,0.601371109486
-0.501886367798,-0.071319155395,1.3298085928,-0.0165337193757,0.0691377595067,0.7963976264,0.600581109524
-0.501859664917,-0.0713473930955,1.32980537415,-0.0165206193924,0.0690424367785,0.796970129013,0.599832355976
-0.501796603203,-0.0714175701141,1.32979893684,-0.016489667818,0.0689733102918,0.797610104084,0.598990142345
-0.501784324646,-0.0714421197772,1.32981705666,-0.016430426389,0.0689226314425,0.798283994198,0.598098993301
-0.501463294029,-0.0713260769844,1.32974469662,-0.0164580009878,0.0689696595073,0.798262953758,0.598120868206
-0.501396477222,-0.0713453367352,1.32974052429,-0.0164538230747,0.0692615658045,0.799418032169,0.596542596817
-0.501629173756,-0.0715882703662,1.32972037792,-0.01669764705,0.0691056251526,0.800508618355,0.595089673996
-0.501662731171,-0.0716110020876,1.32969915867,-0.0166264232248,0.0689231306314,0.801240682602,0.59412664175
-0.501635909081,-0.0716606974602,1.32969105244,-0.0165019575506,0.0690088570118,0.801826298237,0.593329668045
-0.501640617847,-0.0717430859804,1.32970738411,-0.0165602695197,0.0684833452106,0.801920950413,0.593261122704
-0.50138002634,-0.0715698748827,1.3297188282,-0.0162520352751,0.0685319080949,0.801933705807,0.59324669838
-0.501498222351,-0.071841314435,1.32970821857,-0.0165239851922,0.0685030966997,0.802920997143,0.591905653477
-0.501448571682,-0.0718705058098,1.32972717285,-0.0165994409472,0.0685358345509,0.803442597389,0.591191530228
-0.501551389694,-0.0719774886966,1.32970690727,-0.0167579557747,0.0681583434343,0.803636074066,0.590967714787
-0.501586258411,-0.0719234496355,1.32968318462,-0.0167687945068,0.0679148212075,0.804262757301,0.59014236927
-0.501495242119,-0.0720082223415,1.32969474792,-0.0168750490993,0.067913249135,0.80463796854,0.589627802372
-0.501491308212,-0.0720844268799,1.3297137022,-0.0168448928744,0.0680060908198,0.805110216141,0.588973045349
-0.501495063305,-0.0721087157726,1.32972955704,-0.0168722290546,0.0678953304887,0.805421888828,0.588558554649
-0.501501858234,-0.0721528604627,1.32973122597,-0.0169587619603,0.0677569508553,0.8057923913,0.588064610958
-0.501513421535,-0.0721918195486,1.32973337173,-0.0169461127371,0.0676106289029,0.806120991707,0.5876314044
-0.50161164999,-0.0722529664636,1.32962834835,-0.0169508904219,0.0679300576448,0.806492269039,0.587084770203
-0.501921832561,-0.0719533860683,1.32955539227,-0.0170204117894,0.0673066526651,0.807186663151,0.586199522018
-0.502284705639,-0.0721987038851,1.3295443058,-0.0171615835279,0.0669979304075,0.808200657368,0.584832191467
-0.502301514149,-0.0721924230456,1.32947683334,-0.017042927444,0.0669564902782,0.808388352394,0.584580779076
-0.502299904823,-0.0722226127982,1.32945203781,-0.0168691147119,0.0668844506145,0.80854254961,0.584380865097
-0.502341866493,-0.0722977668047,1.3294069767,-0.0167622063309,0.0667757093906,0.80880355835,0.584035038948
-0.502381682396,-0.0723439976573,1.3293902874,-0.0165956486017,0.0666225701571,0.808993458748,0.583794057369
-0.502442836761,-0.072410851717,1.32935428619,-0.016369106248,0.0664872974157,0.809254646301,0.583453893661
-0.502574324608,-0.0724057406187,1.32933795452,-0.0159832332283,0.0662784278393,0.809652447701,0.582936227322
-0.502564132214,-0.0725500360131,1.32930409908,-0.0158961322159,0.0662678927183,0.809693157673,0.582883238792
-0.502081930637,-0.0724527686834,1.32911038399,-0.0129454191774,0.0675327256322,0.814552783966,0.575999617577
-0.502718865871,-0.072700701654,1.32924640179,-0.0155753865838,0.0659115165472,0.810051381588,0.582434475422
-0.502718865871,-0.0727149695158,1.32923698425,-0.0154378097504,0.0658620372415,0.810027837753,0.582476496696
-0.50228703022,-0.072607666254,1.32907664776,-0.0124557185918,0.0672790631652,0.814861655235,0.575603246689
-0.50293558836,-0.0728795751929,1.32924962044,-0.0151301249862,0.0657228901982,0.810404360294,0.581976354122
-0.503025889397,-0.0729766562581,1.32923078537,-0.0150585798547,0.065645262599,0.810578286648,0.581744790077
-0.503094017506,-0.0730171352625,1.32921648026,-0.0149365654215,0.0654620826244,0.810581088066,0.581764340401
-0.503191292286,-0.0730876103044,1.32920217514,-0.0148447453976,0.0653736591339,0.810736775398,0.581559717655
-0.503309726715,-0.0732555538416,1.32922005653,-0.0149728730321,0.0652342587709,0.810793578625,0.581493020058
-0.503357708454,-0.0732978135347,1.32919812202,-0.0148183722049,0.065145239234,0.810746669769,0.581572413445
-0.503478705883,-0.0733528733253,1.32917737961,-0.0147141646594,0.0650172159076,0.810799837112,0.581515133381
-0.503565251827,-0.0734464377165,1.32916092873,-0.0145805068314,0.0648723691702,0.810836017132,0.58148419857
-0.503622591496,-0.0734946578741,1.32914483547,-0.0143947256729,0.0647348165512,0.810668945312,0.581737220287
-0.503634810448,-0.0735748335719,1.32915520668,-0.0142235402018,0.0649060308933,0.810969054699,0.581303775311
-0.50378036499,-0.073703058064,1.32912278175,-0.0141378594562,0.064746119082,0.810936748981,0.581368923187
-0.503957211971,-0.0736217275262,1.32910943031,-0.0137891825289,0.0643934309483,0.810844659805,0.581544816494
-0.503984987736,-0.07376486063,1.32906758785,-0.0136497076601,0.0641826689243,0.81038659811,0.582209408283
-0.503607451916,-0.0739983096719,1.32916271687,-0.0127621861175,0.063871152699,0.808870077133,0.584368765354
-0.503715753555,-0.074087947607,1.32913291454,-0.0125791672617,0.0637351796031,0.80864661932,0.584696769714
-0.503770411015,-0.0741583555937,1.32911169529,-0.0123040042818,0.0636371895671,0.808252394199,0.585258245468
-0.503895580769,-0.0742098689079,1.3290938139,-0.0119559830055,0.0636708810925,0.807970583439,0.58565056324
-0.503989934921,-0.074381314218,1.32909595966,-0.0119112841785,0.0638538226485,0.808255672455,0.585238218307
-0.50413954258,-0.0745520591736,1.32908093929,-0.011975328438,0.0636627450585,0.807943761349,0.585688114166
-0.504278004169,-0.0746028646827,1.32905554771,-0.0117304222658,0.0634141713381,0.807514965534,0.586311221123
-0.504441142082,-0.0747164785862,1.32904648781,-0.0115094669163,0.063314884901,0.807107269764,0.586887121201
-0.504577279091,-0.0748259499669,1.32900679111,-0.011290397495,0.063209220767,0.806755423546,0.58738642931
-0.504695355892,-0.0749076977372,1.32898306847,-0.0110430112109,0.0631202608347,0.806365251541,0.587936341763
-0.50484007597,-0.0750553905964,1.32893550396,-0.0108667043969,0.0628842711449,0.806112229824,0.588311612606
-0.505015254021,-0.0751665681601,1.32888901234,-0.0108140939847,0.0626730173826,0.805746674538,0.588835656643
-0.505242407322,-0.0752603784204,1.32883703709,-0.0106040304527,0.0619716532528,0.804772019386,0.590245008469
-0.50540471077,-0.0754100680351,1.32881498337,-0.0105104660615,0.0618385486305,0.804451167583,0.59069776535
-0.505653977394,-0.0754598975182,1.32890629768,-0.0104797761887,0.0617650263011,0.804474651814,0.590674102306
-0.505959391594,-0.0754471495748,1.32861745358,-0.0100950952619,0.0622393712401,0.803500831127,0.591955125332
-0.506044268608,-0.0756224393845,1.32861399651,-0.0100706620142,0.0624938942492,0.80352294445,0.591898739338
-0.506135642529,-0.0758019164205,1.32875621319,-0.0102049643174,0.0608297809958,0.802657842636,0.593241989613
-0.506203472614,-0.0759450346231,1.32875704765,-0.00983228720725,0.0611165426672,0.802708029747,0.593150854111
-0.506061136723,-0.0758328512311,1.32878816128,-0.00945207290351,0.0611580274999,0.801560759544,0.59470230341
-0.506506741047,-0.0761056467891,1.32874917984,-0.00964946486056,0.0609224773943,0.801748812199,0.594469666481
-0.506687879562,-0.0762378945947,1.32870709896,-0.00963444355875,0.0608595348895,0.801313877106,0.595062494278
-0.506903290749,-0.0763674229383,1.32873916626,-0.00940245948732,0.0607383213937,0.800832390785,0.595726490021
-0.507070958614,-0.0764733850956,1.32873821259,-0.00949153583497,0.0604801625013,0.800249516964,0.596534013748
-0.507229030132,-0.07657815516,1.32872188091,-0.00946363713592,0.0603886470199,0.799728572369,0.597242057323
-0.507355928421,-0.0766867026687,1.32871508598,-0.00946519244462,0.0602750517428,0.799258649349,0.59788197279
-0.507514297962,-0.0767757296562,1.32869637012,-0.00933346897364,0.0602159611881,0.798684179783,0.598657310009
-0.507613241673,-0.0768468379974,1.32868266106,-0.00937792100012,0.0602139011025,0.798011422157,0.599553287029
-0.50772434473,-0.0769048780203,1.32860946655,-0.0095107993111,0.0602619461715,0.797450482845,0.60029232502
-0.507904946804,-0.0769816190004,1.32863891125,-0.00950266327709,0.0601482689381,0.797111749649,0.600753486156
-0.508046209812,-0.0770285353065,1.32862007618,-0.00955637078732,0.0600281096995,0.796555399895,0.60150206089
-0.508206486702,-0.0770852118731,1.32861697674,-0.00964800827205,0.0598870813847,0.795922756195,0.602351605892
-0.508346199989,-0.0770787745714,1.328551054,-0.00976925622672,0.0599667951465,0.795283257961,0.6031858325
-0.50847953558,-0.0771994665265,1.32859683037,-0.00984578859061,0.0597820580006,0.794864714146,0.603754281998
-0.508616983891,-0.0772790759802,1.32858920097,-0.00993406400084,0.0597717165947,0.794366657734,0.604409039021
-0.508762061596,-0.0773106366396,1.32859253883,-0.00989911984652,0.0598604008555,0.79366672039,0.605319738388
-0.508942782879,-0.0773759260774,1.32858014107,-0.00994520634413,0.059947501868,0.793064117432,0.60609972477
-0.509081065655,-0.0774150490761,1.32855677605,-0.00997450854629,0.0599423833191,0.792532742023,0.606794297695
-0.509340286255,-0.0773132219911,1.3283572197,-0.00980973336846,0.0609963722527,0.791936218739,0.60747051239
-0.509520232677,-0.0773471370339,1.32836306095,-0.0099471854046,0.0611820183694,0.791238486767,0.608357965946
-0.509560346603,-0.0774339511991,1.32855856419,-0.0101598175243,0.060197763145,0.790684700012,0.609172224998
-0.509655177593,-0.0774152949452,1.3285433054,-0.0100380154327,0.060249119997,0.790032923222,0.61001431942
-0.509515166283,-0.0772600620985,1.32861280441,-0.00956164021045,0.0604058690369,0.788958847523,0.611394941807
-0.509986579418,-0.0774547979236,1.32857990265,-0.00999860372394,0.0603497177362,0.789171814919,0.611118495464
-0.510065078735,-0.0774350687861,1.32851147652,-0.0101481452584,0.0603622049093,0.788437902927,0.612061321735
-0.510142326355,-0.0775481760502,1.32849395275,-0.0101670958102,0.0605292543769,0.787750244141,0.612929344177
-0.510272502899,-0.0775231942534,1.32846832275,-0.0102478526533,0.0605234466493,0.787247478962,0.613574147224
-0.510391592979,-0.0774989426136,1.32851731777,-0.0101594477892,0.060388866812,0.786635100842,0.614373803139
-0.510480105877,-0.0774513855577,1.32853496075,-0.0101545527577,0.0602633580565,0.785873532295,0.615360081196
-0.509988725185,-0.0770655870438,1.32863473892,-0.0094599602744,0.0606934241951,0.784560263157,0.617002427578
-0.51012802124,-0.0770734921098,1.32863485813,-0.00944619439542,0.0607208237052,0.784020483494,0.617685854435
-0.510277688503,-0.0770722404122,1.32864964008,-0.00933045800775,0.0607470199466,0.783506929874,0.618336200714
-0.510417521,-0.0770462825894,1.32861065865,-0.00947131495923,0.0607075951993,0.782894790173,0.619112789631
-0.510465443134,-0.0769519135356,1.32850682735,-0.00974977761507,0.0607522316277,0.7820302248,0.620195925236
-0.510701596737,-0.0769989341497,1.32848501205,-0.0100262323394,0.0603789351881,0.78100168705,0.621522605419
-0.51091003418,-0.0768671482801,1.32828402519,-0.00986221432686,0.0613577626646,0.780387401581,0.622200608253
-0.511067509651,-0.076841622591,1.32826960087,-0.00986700877547,0.0613932088017,0.779903948307,0.622802913189
-0.511208355427,-0.0768240839243,1.32828485966,-0.00992317032069,0.0613235719502,0.77933806181,0.623516976833
-0.511293947697,-0.0768878832459,1.32844519615,-0.0100956577808,0.0605720207095,0.778961658478,0.624057531357
-0.511434912682,-0.0768673419952,1.32844400406,-0.0102207222953,0.0606230758131,0.778431415558,0.624711990356
-0.511597931385,-0.0768479406834,1.32843887806,-0.0102232825011,0.0606886669993,0.777779519558,0.625517010689
-0.5117431283,-0.0768097490072,1.32844316959,-0.0102346455678,0.0607426166534,0.777255356312,0.626162648201
-0.511987745762,-0.0768950581551,1.32848680019,-0.0103527614847,0.0605992004275,0.776931166649,0.626577019691
-0.512049138546,-0.0768540650606,1.32848119736,-0.0104228183627,0.0606259703636,0.77633357048,0.627313435078
-0.512189507484,-0.0768315717578,1.32847356796,-0.0104397628456,0.060710016638,0.775869011879,0.62787938118
-0.512258768082,-0.0767561942339,1.32838761806,-0.0107129737735,0.0607486627996,0.775227427483,0.628663122654
-0.511890947819,-0.0765260308981,1.32818043232,-0.00808430463076,0.0615859776735,0.778959274292,0.623990654945
-0.512389421463,-0.0765882059932,1.32838046551,-0.0105452593416,0.0612565204501,0.774671554565,0.629301548004
-0.512490510941,-0.076567620039,1.32838094234,-0.0106427678838,0.0613182522357,0.774237930775,0.629827439785
-0.512207150459,-0.0763826668262,1.32818126678,-0.00825370382518,0.0618634261191,0.777445971966,0.625845491886
-0.512318313122,-0.0763351544738,1.32815229893,-0.00844750925899,0.0619179867208,0.776887178421,0.626530945301
-0.512410998344,-0.0762822180986,1.32815897465,-0.00852879695594,0.0619014166296,0.776332080364,0.627219378948
-0.512544751167,-0.0762775316834,1.32818174362,-0.00846408400685,0.0619005188346,0.775856852531,0.627808094025
-0.512636959553,-0.0762341916561,1.32817769051,-0.00858783069998,0.0619882270694,0.775315105915,0.628466546535
-0.51322299242,-0.0764095857739,1.32841253281,-0.011394424364,0.0613785348833,0.770508944988,0.634364962578
-0.51331281662,-0.0764047503471,1.32849776745,-0.0112286256626,0.0611537769437,0.77001786232,0.634985625744
-0.513375878334,-0.076348349452,1.32841277122,-0.0115790860727,0.0613043084741,0.769471824169,0.63562643528
-0.513461172581,-0.0763223692775,1.32841193676,-0.0116718383506,0.0612828657031,0.768994450569,0.636204183102
-0.513542771339,-0.0762822329998,1.32842814922,-0.0118335159495,0.0613875724375,0.768460214138,0.636836349964
-0.513619244099,-0.0762667953968,1.32840657234,-0.0119485631585,0.0614730045199,0.767975509167,0.637410461903
-0.513715982437,-0.0762566849589,1.32841658592,-0.0120169268921,0.0614960938692,0.767415046692,0.638081431389
-0.513777196407,-0.0762315690517,1.32841932774,-0.0119798248634,0.0616882294416,0.766798615456,0.638804256916
-0.513859093189,-0.0762170404196,1.32842373848,-0.0120694926009,0.0617407672107,0.766239404678,0.639468312263
-0.513991057873,-0.076221704483,1.32846724987,-0.0118543216959,0.0622338615358,0.766574442387,0.639022827148
-0.513790547848,-0.0760614424944,1.32829749584,-0.00998080521822,0.0623533241451,0.768739163876,0.636437535286
-0.513731658459,-0.0760363936424,1.32827806473,-0.0096445325762,0.0627038478851,0.769277095795,0.635757863522
-0.513764560223,-0.0760262385011,1.32830238342,-0.00969789084047,0.0626783519983,0.768736541271,0.636413037777
-0.513958513737,-0.0760355964303,1.3283290863,-0.0101932166144,0.0623296014965,0.767151534557,0.638349175453
-0.514084935188,-0.076063670218,1.32836031914,-0.0107725420967,0.0622548274696,0.765967488289,0.639767289162
-0.514081597328,-0.0760376751423,1.32837736607,-0.0103880008683,0.0621763654053,0.766322433949,0.639356136322
-0.514091134071,-0.0760079473257,1.32841932774,-0.0102624250576,0.0621439479291,0.765843570232,0.639934837818
-0.514086604118,-0.0759793967009,1.32837259769,-0.0103792352602,0.0622008815408,0.76534318924,0.640525698662
-0.514186799526,-0.0760146081448,1.3284342289,-0.0102355303243,0.0622191391885,0.765002667904,0.6409329772
-0.514104306698,-0.0759990438819,1.32843351364,-0.0097572254017,0.0625802502036,0.76555454731,0.640245974064
-0.514144361019,-0.0760016366839,1.32844185829,-0.00974282994866,0.0626663789153,0.765084922314,0.64079874754
-0.514202475548,-0.07600954175,1.32843542099,-0.00984933506697,0.0626766979694,0.764615058899,0.641356706619
-0.514255583286,-0.076013661921,1.32844340801,-0.00986068882048,0.0627051591873,0.764164209366,0.641890883446
-0.514439165592,-0.0760492607951,1.32846879959,-0.0103425113484,0.0623423717916,0.762580752373,0.643798947334
-0.514771819115,-0.0762328207493,1.32865285873,-0.0123571166769,0.0623239092529,0.759506881237,0.64738881588
-0.5147960186,-0.0762284770608,1.328602314,-0.0123443556949,0.0624542832375,0.758895277977,0.6480935812
-0.514748990536,-0.0760618299246,1.32851278782,-0.0122100459412,0.0627080798149,0.758084893227,0.649019241333
-0.514895379543,-0.0763179957867,1.32859170437,-0.0122631816193,0.0625575110316,0.757915198803,0.649230957031
-0.514969229698,-0.0763616487384,1.32858097553,-0.0121190296486,0.062329672277,0.757394492626,0.64986294508
-0.515014529228,-0.0763650238514,1.32857787609,-0.0119989188388,0.0623769834638,0.756939649582,0.650390326977
-0.515060067177,-0.0763654261827,1.32857179642,-0.0118956146762,0.0623111575842,0.756343781948,0.651091456413
-0.515225410461,-0.0764803886414,1.32861542702,-0.0119371525943,0.0620898343623,0.756147623062,0.651339650154
-0.515137374401,-0.0764359608293,1.32854807377,-0.0117296716198,0.062386687845,0.755364894867,0.652222633362
-0.515085995197,-0.0764250457287,1.32841444016,-0.00977827981114,0.0621975250542,0.757868945599,0.649361789227
-0.515295922756,-0.0765556097031,1.32853090763,-0.011469877325,0.0626846700907,0.754575550556,0.653111696243
-0.515497624874,-0.076714143157,1.32857656479,-0.0115935672075,0.062407553196,0.754610598087,0.653095662594
-0.515520632267,-0.0767229646444,1.32856166363,-0.011501930654,0.0623653046787,0.754176676273,0.653602182865
-0.515456080437,-0.0766607224941,1.32849621773,-0.0106219621375,0.0619603805244,0.754030287266,0.65382450819
-0.514930427074,-0.0767588689923,1.32857108116,-0.0132976397872,0.05972982198,0.752648413181,0.655573010445
-0.514804244041,-0.0766371488571,1.32852554321,-0.0129817733541,0.0598578937352,0.751821398735,0.65651601553
-0.514863967896,-0.0766680464149,1.32856893539,-0.012817508541,0.059730771929,0.751505434513,0.656892418861
-0.514917910099,-0.0767070800066,1.32855629921,-0.0126817142591,0.0596544668078,0.751007735729,0.657470822334
-0.514957666397,-0.0766992121935,1.32855272293,-0.0124779110774,0.0596901848912,0.750640392303,0.657890975475
-0.514993071556,-0.0767154544592,1.32855629921,-0.0122781135142,0.0597114115953,0.750302255154,0.658278465271
-0.515024244785,-0.0767550393939,1.32854509354,-0.0121987164021,0.0597362853587,0.749936103821,0.658694624901
-0.515061914921,-0.0767928883433,1.32854294777,-0.0120676383376,0.0597194395959,0.749519348145,0.659172773361
-0.515082001686,-0.0768209472299,1.32854819298,-0.0119594326243,0.0597035996616,0.749099969864,0.659652888775
-0.51564002037,-0.0768128708005,1.32851934433,-0.00997286010534,0.0618893131614,0.749073266983,0.659514665604
-0.515124619007,-0.0766632333398,1.32834255695,-0.0113184060901,0.0606452301145,0.747774899006,0.661080062389
-0.515134930611,-0.0767072811723,1.32831406593,-0.0110677136108,0.0606353282928,0.747321426868,0.661597847939
-0.515145421028,-0.0767490193248,1.32831192017,-0.0109105212614,0.0607302375138,0.746886372566,0.662082791328
-0.515017867088,-0.0768532007933,1.32821333408,-0.00896538700908,0.0607013776898,0.749277710915,0.659407317638
-0.515019536018,-0.0768993124366,1.32818365097,-0.00885121431202,0.060628619045,0.748818874359,0.659936487675
-0.515060484409,-0.0770492181182,1.32829356194,-0.00839427486062,0.0606584660709,0.748372912407,0.660445511341
-0.515268802643,-0.0772413760424,1.32840204239,-0.00950866471976,0.0603213906288,0.745829164982,0.663332462311
-0.515266299248,-0.077322781086,1.32839894295,-0.00935033522546,0.0603158697486,0.745313644409,0.663914263248
-0.515269398689,-0.0773771032691,1.32839763165,-0.00919602904469,0.0603336505592,0.74491751194,0.664359211922
-0.515203237534,-0.0773910135031,1.3283894062,-0.00883106794208,0.0607333481312,0.745279848576,0.663921356201
-0.515321731567,-0.0775018036366,1.32845544815,-0.0095694353804,0.0606939606369,0.743475973606,0.66593426466
-0.515310823917,-0.0775757804513,1.32844352722,-0.00938962679356,0.0607446692884,0.743038058281,0.666420519352
-0.515300154686,-0.0776469111443,1.32842433453,-0.00926626753062,0.0607234835625,0.742431461811,0.667100071907
-0.51528608799,-0.0777052044868,1.3284406662,-0.00901266001165,0.0606937259436,0.741939783096,0.667652964592
-0.515309035778,-0.0777714177966,1.32846963406,-0.00877443887293,0.0605662129819,0.741567850113,0.668080806732
-0.515020906925,-0.0776957795024,1.32827341557,-0.00666073197499,0.0605036653578,0.743565678596,0.665886759758
-0.515090465546,-0.0778515934944,1.3282532692,-0.00651964964345,0.0604282803833,0.743125617504,0.666386067867
-0.515257120132,-0.0780216827989,1.32833170891,-0.00754479132593,0.0602551139891,0.740520834923,0.669284284115
-0.514983475208,-0.0778093710542,1.32815420628,-0.00608551828191,0.0605947487056,0.741805553436,0.667844295502
-0.515007734299,-0.0779120624065,1.32819437981,-0.00582567183301,0.0604882054031,0.741514861584,0.668178915977
-0.514860630035,-0.077880717814,1.32807946205,-0.00586399249732,0.0604664459825,0.740803897381,0.668968617916
-0.514940321445,-0.078112103045,1.32818198204,-0.00548361474648,0.0603962615132,0.740605294704,0.669198036194
-0.515240848064,-0.078382268548,1.32835888863,-0.00727326050401,0.0600751563907,0.737082183361,0.673088312149
-0.515222609043,-0.0784716978669,1.32836592197,-0.00704304780811,0.0599639676511,0.736660718918,0.673561930656
-0.515212714672,-0.0785436481237,1.32836723328,-0.0067890570499,0.0598572380841,0.736191928387,0.67408657074
-0.515247166157,-0.0786348730326,1.32831430435,-0.00654011173174,0.0594278462231,0.735107719898,0.675309002399
-0.515233516693,-0.078718021512,1.32829260826,-0.00628808420151,0.0594617128372,0.734691083431,0.675761759281
-0.515215218067,-0.0788009613752,1.32827210426,-0.0059727774933,0.0593701787293,0.734178006649,0.676330029964
-0.515183448792,-0.0788853466511,1.32826077938,-0.00569289270788,0.0593676045537,0.733733355999,0.67681491375
-0.515175640583,-0.078949674964,1.3282481432,-0.00543295219541,0.0593719296157,0.733354866505,0.677226901054
-0.515167474747,-0.0790176093578,1.32823014259,-0.00516281835735,0.059347551316,0.732926309109,0.677694916725
-0.515145897865,-0.0790804773569,1.32820498943,-0.00487861782312,0.0593170560896,0.732564866543,0.678090393543
-0.515081763268,-0.07912453264,1.32818841934,-0.00459791719913,0.0595104917884,0.732639193535,0.677995145321
-0.515085816383,-0.0791806578636,1.32816195488,-0.0042721265927,0.0593900904059,0.732236325741,0.678442835808
-0.515081882477,-0.0792919173837,1.32814240456,-0.00399593729526,0.0593713596463,0.731791913509,0.678925514221
-0.515052616596,-0.0793708264828,1.32813167572,-0.00379624404013,0.0594552308321,0.731307148933,0.679441332817
-0.515031397343,-0.0794548019767,1.32812309265,-0.00354057946242,0.0595606528223,0.730854928493,0.679920077324
-0.514939188957,-0.0794328451157,1.32799696922,-0.00351820373908,0.0595924593508,0.730233192444,0.680584967136
-0.515058279037,-0.0796485692263,1.32813251019,-0.00305140530691,0.0594381727278,0.729994595051,0.680856585503
-0.515080213547,-0.07977347821,1.32812607288,-0.00293025933206,0.0593890585005,0.729381620884,0.681518137455
-0.515084326267,-0.0797906666994,1.3280684948,-0.00267823017202,0.0594902634621,0.728790819645,0.682142078876
-0.515086531639,-0.0798841863871,1.32806932926,-0.00241306819953,0.059500426054,0.728268265724,0.682699978352
-0.515113294125,-0.0800685361028,1.32804632187,-0.00228340853937,0.0595349036157,0.727840125561,0.683153927326
-0.515118658543,-0.0801090598106,1.32804191113,-0.00203094352037,0.059448864311,0.727351546288,0.683682322502
-0.515154838562,-0.0802679508924,1.3280620575,-0.00186887546442,0.0592658706009,0.726965427399,0.684109210968
-0.515125095844,-0.0803121030331,1.32793223858,-0.00168904638849,0.0594152398407,0.726153612137,0.684958338737
-0.515136122704,-0.0804061815143,1.32794427872,-0.0013945272658,0.0590677000582,0.72569078207,0.685479521751
-0.515119016171,-0.0804385691881,1.32787132263,-0.00117110274732,0.0591749101877,0.72501116991,0.686189353466
-0.515147089958,-0.0806190818548,1.32789838314,-0.00105715112295,0.0590124391019,0.724729716778,0.68650084734
-0.515205979347,-0.0807489827275,1.32793557644,-0.000884915527422,0.0588501989841,0.724452912807,0.686807155609
-0.515147864819,-0.0807422250509,1.32780849934,-0.000806402531452,0.0591337196529,0.723964750767,0.687297344208
-0.515137195587,-0.0808583050966,1.32780086994,-0.000675566960126,0.059135094285,0.723660349846,0.687618017197
-0.515123188496,-0.0810477882624,1.32784438133,-0.000555985607207,0.0590372830629,0.723401784897,0.68789845705
-0.515286922455,-0.0812580436468,1.32786428928,-0.000529864279088,0.0589223355055,0.723524153233,0.687779664993
-0.515100240707,-0.081174582243,1.32776224613,-0.000215444233618,0.0590670146048,0.722668647766,0.688666164875
-0.515024840832,-0.081172414124,1.32767164707,-0.000362760212738,0.0588876865804,0.722264945507,0.68910497427
-0.515056490898,-0.0812966898084,1.32773900032,5.59272812097e-05,0.0588332600892,0.721980750561,0.689407348633
-0.515006542206,-0.0813764557242,1.32766187191,-0.000142656557728,0.0586501993239,0.721430063248,0.689999103546
-0.514958381653,-0.0814324393868,1.32765948772,9.66082589002e-05,0.0584534183145,0.721028804779,0.690435230732
-0.514953017235,-0.0815286710858,1.3276488781,0.000326463574311,0.0583844594657,0.720704436302,0.690779626369
-0.514938473701,-0.0816705822945,1.32770228386,0.000530593737494,0.058160468936,0.720405638218,0.691109955311
-0.514914035797,-0.0817860141397,1.32771372795,0.000777636247221,0.0580962114036,0.720067083836,0.691467702389
-0.514971673489,-0.0820047184825,1.32777643204,0.0011973035289,0.0581088513136,0.719817757607,0.691725730896
-0.515020668507,-0.0821990817785,1.32778286934,0.00136195623782,0.0578167438507,0.719510197639,0.692069709301
-0.515024602413,-0.082338437438,1.32776117325,0.00157190999016,0.0576457008719,0.71902102232,0.692591786385
-0.514967262745,-0.0824401080608,1.32775068283,0.00182295881677,0.0576051548123,0.71848744154,0.69314801693
-0.514912903309,-0.0825530961156,1.32773590088,0.00202301214449,0.0575953647494,0.717962086201,0.69369250536
-0.514921188354,-0.0826631709933,1.32766413689,0.00207353802398,0.0577080361545,0.717378735542,0.694286167622
-0.514894545078,-0.0828084200621,1.32765424252,0.00216516247019,0.0575563050807,0.716937243938,0.694754362106
-0.514882981777,-0.0830732733011,1.32766652107,0.00248073181137,0.0576346665621,0.716451048851,0.695248186588
-0.514863789082,-0.0833057835698,1.32769441605,0.00274407444522,0.0574200488627,0.716033935547,0.695694506168
-0.514839947224,-0.083423987031,1.32768154144,0.00318698887713,0.0573848485947,0.715494334698,0.696250498295
-0.514916539192,-0.0836940556765,1.32767283916,0.00323708122596,0.0571042709053,0.715331017971,0.696441113949
-0.514669537544,-0.0836312547326,1.32759320736,0.00364113668911,0.0571636520326,0.714837551117,0.696940660477
-0.514744758606,-0.0839303061366,1.32766747475,0.0041836979799,0.0568307191133,0.714041590691,0.697780370712
-0.514728665352,-0.0841933041811,1.32762384415,0.00442797876894,0.0567120797932,0.713375031948,0.698469936848
-0.514646470547,-0.0843676477671,1.32754731178,0.00473664375022,0.0567892156541,0.712802648544,0.699045836926
-0.514607489109,-0.084501594305,1.32754445076,0.00506595894694,0.0566731989384,0.712287783623,0.699577510357
-0.514610588551,-0.084735698998,1.32758045197,0.00537782162428,0.0564348772168,0.711847066879,0.700042903423
-0.514658749104,-0.0849009603262,1.32760262489,0.00593618117273,0.0560547523201,0.710882425308,0.701048314571
-0.514478802681,-0.0850150436163,1.32746100426,0.00585817825049,0.0559997111559,0.710094809532,0.701851248741
-0.514322042465,-0.08506821841,1.32746875286,0.0064327348955,0.0561419688165,0.709756672382,0.702176809311
-0.514431357384,-0.085432767868,1.3275179863,0.0068199778907,0.055991537869,0.709283351898,0.702663183212
-0.514414012432,-0.0856888443232,1.32750892639,0.00712417624891,0.055949728936,0.708849668503,0.703101098537
-0.514352202415,-0.0858944356441,1.32749974728,0.00764340534806,0.055788770318,0.708217978477,0.703744709492
-0.514258861542,-0.0860815942287,1.32747626305,0.00822827871889,0.0558727011085,0.707972943783,0.703978121281
-0.514258146286,-0.0863120853901,1.32745146751,0.00865938141942,0.0556599833071,0.707335829735,0.704629778862
-0.514233827591,-0.0864111930132,1.32749032974,0.0093552460894,0.055426556617,0.706756770611,0.705220103264
-0.514213442802,-0.0866770446301,1.32747209072,-0.00979833025485,-0.0552398227155,-0.705758750439,-0.706227481365
-0.514141738415,-0.0868521556258,1.32744634151,-0.0101988017559,-0.0551690459251,-0.704985380173,-0.70699930191
-0.514107584953,-0.0870034694672,1.32744562626,-0.0107226045802,-0.0549316033721,-0.70423156023,-0.707760930061
-0.514099359512,-0.0872291848063,1.32743811607,-0.0111567061394,-0.0548086836934,-0.703658998013,-0.708333015442
-0.514281392097,-0.0875950604677,1.32746243477,-0.0115147503093,-0.0541519112885,-0.702840387821,-0.709189891815
-0.5142390728,-0.0877482816577,1.32746851444,-0.0121658723801,-0.0541778616607,-0.702645123005,-0.709370732307
-0.514230787754,-0.08794914186,1.32746446133,-0.012678258121,-0.0539801903069,-0.702040314674,-0.70997518301
-0.514216125011,-0.088186532259,1.32743549347,-0.0129590760916,-0.0539462901652,-0.701305508614,-0.710698664188
-0.514260232449,-0.0884603857994,1.3273922205,-0.0133285261691,-0.0540334545076,-0.701256513596,-0.710733473301
-0.514109134674,-0.0886096432805,1.32739531994,-0.0139454510063,-0.0536212101579,-0.700141429901,-0.711851358414
-0.514096975327,-0.0888597220182,1.32738387585,-0.0143513893709,-0.0533855967224,-0.699368596077,-0.712620198727
-0.514051675797,-0.088929541409,1.32736229897,-0.0149447675794,-0.0530301034451,-0.698633670807,-0.713355243206
-0.513855040073,-0.0890248566866,1.32732737064,-0.0155542623252,-0.0526115298271,-0.69688808918,-0.715078413486
-0.513903915882,-0.0893558487296,1.32735288143,-0.0166652314365,-0.0522248111665,-0.697270870209,-0.714708507061
-0.513821005821,-0.0893679261208,1.32725906372,-0.0170150175691,-0.0519674569368,-0.696334540844,-0.715631365776
-0.513799726963,-0.0896123796701,1.32738077641,-0.0175851751119,-0.0513515844941,-0.695576667786,-0.716398477554
-0.513980269432,-0.0897661149502,1.32731473446,-0.0173475854099,-0.0517183952034,-0.694798648357,-0.717132627964
-0.514002501965,-0.089984446764,1.3273049593,-0.0176556576043,-0.0514244250953,-0.693917572498,-0.717998802662
-0.514005184174,-0.0901554226875,1.32729172707,-0.0180861297995,-0.0513096489012,-0.69320833683,-0.718681097031
-0.514109492302,-0.090344786644,1.32739233971,-0.018719850108,-0.0509389638901,-0.692575573921,-0.719301044941
-0.514133512974,-0.090633906424,1.32732594013,-0.0189065299928,-0.0507696606219,-0.691842854023,-0.720012843609
-0.514084339142,-0.0906938612461,1.32734501362,-0.0194581802934,-0.0504418052733,-0.690902590752,-0.720923483372
-0.514046013355,-0.0909232199192,1.32732379436,-0.020284825936,-0.0498313307762,-0.690538227558,-0.721292257309
-0.514101862907,-0.0912250801921,1.32732176781,-0.0207631830126,-0.0496554523706,-0.689905405045,-0.721896052361
-0.514144659042,-0.0913520753384,1.32735931873,-0.0213320869952,-0.0494963601232,-0.689166009426,-0.722596228123
-0.514196634293,-0.091549038887,1.32738530636,-0.021751223132,-0.049135748297,-0.6884739995,-0.723267674446
-0.51417696476,-0.0916709154844,1.32740092278,-0.0222992114723,-0.0490376092494,-0.687488973141,-0.72419410944
-0.514249742031,-0.0918750762939,1.32749402523,-0.0223512090743,-0.049073562026,-0.686423778534,-0.725199818611
-0.51425164938,-0.0921198576689,1.32752072811,-0.0226565804332,-0.0485348030925,-0.685657262802,-0.725951194763
-0.514120578766,-0.092244759202,1.32731938362,-0.0235509183258,-0.0482063293457,-0.68495541811,-0.72660690546
-0.514294922352,-0.0923840999603,1.32734894753,-0.0234143808484,-0.0481193140149,-0.6839594841,-0.727554678917
-0.514355063438,-0.0927178561687,1.32730138302,-0.0243871491402,-0.0476735197008,-0.683627843857,-0.727863729
-0.51443529129,-0.0928913876414,1.32738184929,-0.024387108162,-0.0475961007178,-0.682667851448,-0.72876906395
-0.514360189438,-0.0929476171732,1.32730078697,-0.0254242159426,-0.0469346493483,-0.681914448738,-0.729481637478
-0.514386713505,-0.0931678414345,1.32718491554,-0.025659289211,-0.0469598174095,-0.681150138378,-0.730185568333
-0.514435589314,-0.093271240592,1.32724130154,-0.0256766881794,-0.0469305999577,-0.67986369133,-0.731384694576
-0.514507651329,-0.0935014486313,1.32717943192,-0.0260303914547,-0.0465461798012,-0.679177284241,-0.7320343256
-0.514589965343,-0.093704149127,1.32715761662,-0.0265677943826,-0.0462239421904,-0.67851883173,-0.73264580965
-0.514585793018,-0.0938309729099,1.32710075378,-0.0276109389961,-0.0455155670643,-0.678066313267,-0.733070313931
-0.514628410339,-0.093979485333,1.32707071304,-0.0276067182422,-0.0456331446767,-0.676789045334,-0.734242558479
-0.514769732952,-0.0942581295967,1.32716751099,-0.0282376911491,-0.045043412596,-0.676346242428,-0.734662890434
-0.514871716499,-0.0944451093674,1.32714402676,-0.0288308113813,-0.044655777514,-0.675638794899,-0.735314249992
-0.514809787273,-0.0945797041059,1.32699453831,-0.0290451608598,-0.0444770604372,-0.674799740314,-0.736086726189
-0.51502263546,-0.0948911756277,1.32690453529,-0.0293699875474,-0.0441679358482,-0.674358844757,-0.736496388912
-0.515093684196,-0.095080383122,1.32684695721,-0.0297984648496,-0.0438738390803,-0.673603177071,-0.737187862396
-0.515100300312,-0.0952217131853,1.32677173615,-0.0304112453014,-0.043635353446,-0.672684252262,-0.738015770912
-0.515171408653,-0.0953373014927,1.32674658298,-0.0308318026364,-0.0432565622032,-0.671971559525,-0.738669395447
-0.515270352364,-0.0954879373312,1.32669520378,-0.0312112085521,-0.0429573357105,-0.671379983425,-0.739208698273
-0.515389859676,-0.0956286489964,1.32669258118,-0.0317312851548,-0.0425753928721,-0.670669972897,-0.739852905273
-0.515503525734,-0.095850199461,1.32667171955,-0.0321770496666,-0.0421989299357,-0.670163273811,-0.740314185619
-0.515459179878,-0.0959576368332,1.32658267021,-0.0332634709775,-0.0414455980062,-0.669564664364,-0.740850269794
-0.515481472015,-0.0961318165064,1.32645511627,-0.0331244766712,-0.0417046546936,-0.668536186218,-0.741770207882
-0.51552927494,-0.09633487463,1.32639694214,-0.0334624238312,-0.041607234627,-0.667799592018,-0.742423653603
-0.515574932098,-0.096555441618,1.32634091377,-0.0339552611113,-0.0413753427565,-0.667243719101,-0.742913722992
-0.515639007092,-0.0967595428228,1.32636475563,-0.0345669835806,-0.0408374257386,-0.666716516018,-0.743388593197
-0.515701711178,-0.0970178246498,1.32630074024,-0.0350533761084,-0.0405067019165,-0.666123270988,-0.743915617466
-0.51569545269,-0.0972008258104,1.32630431652,-0.0356159619987,-0.040118701756,-0.66537463665,-0.744579553604
-0.515539228916,-0.0972719043493,1.3262745142,-0.0362128615379,-0.0398255996406,-0.664354503155,-0.745476901531
-0.515767335892,-0.0974381417036,1.32623946667,-0.036799903959,-0.0399127788842,-0.663916409016,-0.745833575726
-0.515986680984,-0.0978225693107,1.32636213303,-0.0370725616813,-0.0391286425292,-0.663794517517,-0.745970129967
-0.516129732132,-0.0981083810329,1.32629752159,-0.0373435728252,-0.0389212220907,-0.663411676884,-0.746307849884
-0.516081213951,-0.0983679890633,1.32628011703,-0.0375163331628,-0.0385526753962,-0.662724435329,-0.746928870678
-0.51602858305,-0.0985453873873,1.32623648643,-0.0386266410351,-0.0377558656037,-0.66236615181,-0.747230529785
-0.515876293182,-0.0984830483794,1.32603120804,-0.0387481562793,-0.038585614413,-0.660700142384,-0.748655498028
-0.516025960445,-0.0988650918007,1.32617247105,-0.0390916652977,-0.0376666672528,-0.660538733006,-0.748826742172
-0.516037166119,-0.0990396812558,1.32613933086,-0.0394827462733,-0.0373475626111,-0.659969985485,-0.7493237257
-0.516034781933,-0.0992272719741,1.32608175278,-0.0404442772269,-0.0366573110223,-0.659695267677,-0.749548375607
-0.516069233418,-0.0994828864932,1.32611393929,-0.0410777144134,-0.0362663120031,-0.659141659737,-0.750019848347
-0.516091167927,-0.0996176823974,1.32611107826,-0.0416094735265,-0.0359981246293,-0.658668577671,-0.750418961048
-0.51611405611,-0.0998285114765,1.32613480091,-0.042012590915,-0.0357005484402,-0.657897174358,-0.751087069511
-0.516041815281,-0.0999566838145,1.32606506348,-0.0425592958927,-0.0355598963797,-0.657191514969,-0.751680612564
-0.516132056713,-0.100397333503,1.32610249519,-0.0428065769374,-0.0350595079362,-0.656921923161,-0.751925528049
-0.516102492809,-0.100577190518,1.32602238655,-0.0431868582964,-0.0349671915174,-0.656202912331,-0.752535760403
-0.516108810902,-0.100768521428,1.32603776455,-0.043667241931,-0.0345901250839,-0.655617535114,-0.753035485744
-0.516181349754,-0.101002767682,1.3260999918,-0.0441366955638,-0.034147772938,-0.655056536198,-0.753516376019
-0.516246438026,-0.101173251867,1.3261654377,-0.0441181249917,-0.0341411903501,-0.654214203358,-0.754249155521
-0.516351103783,-0.101353690028,1.32612764835,-0.0448236241937,-0.0339642949402,-0.653826832771,-0.75455135107
-0.51630038023,-0.10152939707,1.32615435123,-0.0454114750028,-0.0334333851933,-0.65309047699,-0.755177497864
-0.516380608082,-0.101713851094,1.3261179924,-0.0457580275834,-0.0330962948501,-0.652635574341,-0.755564451218
-0.516397118568,-0.101898506284,1.32611310482,-0.0462018363178,-0.0328627042472,-0.652016758919,-0.756081819534
-0.516383111477,-0.102125763893,1.3261026144,-0.0465886928141,-0.0326300375164,-0.651086807251,-0.756869018078
-0.516418099403,-0.102332904935,1.32610654831,-0.0471475087106,-0.0324098989367,-0.65061801672,-0.75724697113
-0.516393184662,-0.102488130331,1.32597994804,-0.0474689677358,-0.0321629978716,-0.649965763092,-0.757797300816
-0.5166015625,-0.102772988379,1.32612800598,-0.0482221655548,-0.0313945189118,-0.649816691875,-0.75790989399
-0.516443371773,-0.102888308465,1.32593667507,-0.0485153906047,-0.0314346589148,-0.648900151253,-0.758674383163
-0.516506910324,-0.103061556816,1.32603788376,-0.0491661429405,-0.0308334492147,-0.648480534554,-0.759015798569
-0.516514241695,-0.103227376938,1.3260242939,-0.0497471392155,-0.0304676350206,-0.647910714149,-0.759479224682
-0.516588389874,-0.103529676795,1.32606363297,-0.050140529871,-0.030121339485,-0.647290110588,-0.759996175766
-0.516668438911,-0.103830948472,1.32601857185,-0.0506454408169,-0.0298296194524,-0.64690297842,-0.760303854942
-0.516712129116,-0.10399197787,1.32600998878,-0.0511278472841,-0.029509069398,-0.646489620209,-0.76063555479
-0.516676902771,-0.104188837111,1.32598614693,-0.0517207160592,-0.0292639005929,-0.645857870579,-0.761141359806
-0.516702771187,-0.104403369129,1.325948596,-0.0522770956159,-0.028961032629,-0.645364522934,-0.76153331995
-0.516683876514,-0.104556053877,1.32594764233,-0.0528467707336,-0.0286213215441,-0.644703447819,-0.762066662312
-0.516777575016,-0.104804374278,1.32593369484,-0.0531779676676,-0.0283720102161,-0.644191563129,-0.762485742569
-0.5167542696,-0.105105638504,1.32591187954,-0.0536581799388,-0.0276510678232,-0.6437022686,-0.762891590595
-0.51684653759,-0.105290412903,1.32587480545,-0.0544442124665,-0.0275582056493,-0.643414914608,-0.763081669807
-0.516808748245,-0.105454534292,1.32580423355,-0.0554089173675,-0.0268726758659,-0.643191993237,-0.763224601746
-0.516801357269,-0.105667747557,1.32573676109,-0.0562587045133,-0.0262255053967,-0.642630457878,-0.763657927513
-0.516877889633,-0.105941519141,1.32581675053,-0.0559398122132,-0.0265733022243,-0.641926229,-0.764261364937
-0.516793727875,-0.10615888238,1.32574939728,-0.0570273809135,-0.0258219111711,-0.641620397568,-0.764463543892
-0.516922593117,-0.106390178204,1.32578587532,-0.0568526089191,-0.025859028101,-0.640875518322,-0.765099704266
-0.517010271549,-0.106741964817,1.32581400871,-0.0574853755534,-0.0254976470023,-0.640523016453,-0.765359818935
-0.517022907734,-0.106971457601,1.32576870918,-0.0579319000244,-0.0252938251942,-0.639973163605,-0.76579272747
-0.517043292522,-0.107167191803,1.32571530342,-0.0583365298808,-0.0251266472042,-0.639518380165,-0.766147375107
-0.517065882683,-0.107369057834,1.32569313049,-0.0587987303734,-0.0248056203127,-0.63911730051,-0.766457140446
-0.516910076141,-0.107573196292,1.32551753521,-0.0592936240137,-0.0247188657522,-0.638168096542,-0.76721227169
-0.517104744911,-0.108010672033,1.32559752464,-0.0595617108047,-0.0240965317935,-0.63800829649,-0.767344295979
-0.517137348652,-0.108212016523,1.32555556297,-0.0603612959385,-0.0239521320909,-0.637589335442,-0.767634451389
-0.517098605633,-0.108489111066,1.32539749146,-0.0605480968952,-0.0238349828869,-0.637071847916,-0.768052875996
-0.517107307911,-0.108760356903,1.32536911964,-0.0609449148178,-0.0235653053969,-0.636648952961,-0.768380582333
-0.517135798931,-0.109057858586,1.32536613941,-0.061391286552,-0.0232315082103,-0.636271715164,-0.768667578697
-0.517261683941,-0.109372511506,1.32528817654,-0.062723480165,-0.0220793951303,-0.636491835117,-0.768411636353
-0.517151594162,-0.109574735165,1.3252723217,-0.0632618367672,-0.0216484814882,-0.635807335377,-0.768946290016
-0.517336905003,-0.109933562577,1.32534217834,-0.062659971416,-0.0221664346755,-0.635110557079,-0.76955640316
-0.51738768816,-0.110215015709,1.32530117035,-0.0630032867193,-0.0219307951629,-0.63473623991,-0.769843935966
-0.517391502857,-0.110524408519,1.32516169548,-0.0643869936466,-0.0209559071809,-0.6348066926,-0.769698381424
-0.51746815443,-0.11084651202,1.32512652874,-0.0647940039635,-0.0207151789218,-0.634469747543,-0.769948661327
-0.517471432686,-0.111118555069,1.32512176037,-0.0654440969229,-0.0203539393842,-0.633954524994,-0.770327568054
-0.517532646656,-0.111419565976,1.32507073879,-0.0659248009324,-0.0199236012995,-0.633616805077,-0.770575642586
-0.517550647259,-0.11175340414,1.32499873638,-0.0663133785129,-0.019601976499,-0.633239507675,-0.770860671997
-0.517625927925,-0.112094223499,1.3250207901,-0.0667856186628,-0.0193241778761,-0.632978439331,-0.771041214466
-0.51768630743,-0.112459823489,1.32493543625,-0.0669036656618,-0.019159110263,-0.632608652115,-0.771338582039
-0.517670452595,-0.112689912319,1.32482719421,-0.0674699321389,-0.0189986582845,-0.632321000099,-0.771529018879
-0.5178399086,-0.11308658123,1.32488203049,-0.0679754167795,-0.0184780340642,-0.632270276546,-0.771538972855
-0.517917871475,-0.113407604396,1.32483053207,-0.0685153827071,-0.018177755177,-0.631865918636,-0.771829426289
-0.517925798893,-0.113776445389,1.32475411892,-0.0687965601683,-0.0179743170738,-0.631520867348,-0.772091627121
-0.518011450768,-0.114109225571,1.32475590706,-0.0693877115846,-0.0176940690726,-0.631364881992,-0.772172689438
-0.518248915672,-0.1145754233,1.32480537891,-0.0688759163022,-0.0176984407008,-0.629720389843,-0.773560106754
-0.518349647522,-0.114976391196,1.32485735416,-0.0692138299346,-0.0171452872455,-0.629459142685,-0.773754954338
-0.518236160278,-0.115232147276,1.32473325729,-0.070475384593,-0.0165945664048,-0.63060438633,-0.772719800472
-0.518271207809,-0.115568593144,1.32467198372,-0.0709206834435,-0.0164295583963,-0.630282998085,-0.772944927216
-0.518326878548,-0.115913853049,1.32462918758,-0.0713256672025,-0.0161949805915,-0.630109071732,-0.773054301739
-0.518342494965,-0.116222351789,1.32452440262,-0.071691699326,-0.0160473585129,-0.629842221737,-0.773240983486
-0.518369853497,-0.11659629643,1.32455205917,-0.0724753439426,-0.0158245824277,-0.62958741188,-0.773380160332
-0.518486320972,-0.116975553334,1.32443380356,-0.0725517272949,-0.0155564052984,-0.629476666451,-0.773468375206
-0.518581092358,-0.117382705212,1.32448661327,-0.0723409056664,-0.0156618338078,-0.628320038319,-0.774425923824
-0.518610417843,-0.117719084024,1.32443642616,-0.0728290975094,-0.015314809978,-0.628176152706,-0.774503827095
-0.518538057804,-0.118022635579,1.32429993153,-0.0741981267929,-0.0145161282271,-0.6294080019,-0.773388266563
-0.518563807011,-0.118365108967,1.32426214218,-0.0746884346008,-0.0140902008861,-0.629272401333,-0.773459434509
-0.518695235252,-0.118818208575,1.32427966595,-0.0751790627837,-0.0138218747452,-0.629392743111,-0.773318886757
-0.518732309341,-0.119212791324,1.32422327995,-0.0755066052079,-0.0135254804045,-0.629301309586,-0.773366510868
-0.518718957901,-0.119571350515,1.32418501377,-0.0758642107248,-0.0134867476299,-0.629040956497,-0.773543894291
-0.518840312958,-0.11999155581,1.32424128056,-0.0756654068828,-0.0134026678279,-0.627626359463,-0.774712920189
-0.518711328506,-0.120242491364,1.32411718369,-0.0768110305071,-0.012842505239,-0.628984749317,-0.77350717783
-0.518688440323,-0.120576113462,1.32403421402,-0.077175796032,-0.0128101455048,-0.628874242306,-0.773561239243
-0.518699884415,-0.120930477977,1.32399439812,-0.077687330544,-0.0124298846349,-0.628744721413,-0.773621499538
-0.518776357174,-0.121388524771,1.323974967,-0.078212171793,-0.0120394295081,-0.629000902176,-0.773366570473
-0.518755733967,-0.121781200171,1.32393050194,-0.0787764787674,-0.0116891460493,-0.628856658936,-0.773432016373
-0.518759787083,-0.122136093676,1.32389092445,-0.0793163850904,-0.0114476466551,-0.629044055939,-0.773227870464
-0.518780469894,-0.122567847371,1.3238222599,-0.0797220170498,-0.0111204851419,-0.629102647305,-0.773143351078
-0.518767595291,-0.122972413898,1.32381868362,-0.0803835019469,-0.0105923404917,-0.629242241383,-0.772968709469
-0.518837451935,-0.123378045857,1.32377052307,-0.0808602273464,-0.0103261405602,-0.629395544529,-0.772797763348
-0.518841087818,-0.123792663217,1.32372701168,-0.0812666788697,-0.0101441387087,-0.629499495029,-0.772672772408
-0.518788874149,-0.124196462333,1.32370066643,-0.0817151516676,-0.00981713086367,-0.629251718521,-0.772831678391
-0.518787562847,-0.1245649755,1.32365775108,-0.0823772251606,-0.00941763445735,-0.629284024239,-0.772740006447
-0.518854379654,-0.124932020903,1.32361006737,-0.0826848372817,-0.00876779481769,-0.629343390465,-0.772666335106
-0.518804311752,-0.125317409635,1.32353639603,-0.0830905362964,-0.00849167723209,-0.629278004169,-0.772679209709
-0.518783688545,-0.12580640614,1.32343780994,-0.0835882201791,-0.00859948247671,-0.629186332226,-0.772698998451
-0.518810808659,-0.126193165779,1.32339787483,-0.0840976014733,-0.00836285483092,-0.629214346409,-0.772623419762
-0.518829464912,-0.126556605101,1.32335042953,-0.0845384001732,-0.00800370704383,-0.629289984703,-0.772517561913
-0.518775880337,-0.126953676343,1.32324075699,-0.0848417058587,-0.00782172661275,-0.629294633865,-0.772482335567
-0.51882147789,-0.127358794212,1.3232396841,-0.0851730406284,-0.00740318279713,-0.629495024681,-0.772286713123
-0.518815219402,-0.127692714334,1.32316839695,-0.0856719091535,-0.0068999202922,-0.629811048508,-0.771978437901
-0.518776476383,-0.128179237247,1.32309889793,-0.0864346474409,-0.00662215519696,-0.629705607891,-0.77198189497
-0.518893301487,-0.128626137972,1.32312130928,-0.0867027342319,-0.00584304705262,-0.630125522614,-0.771615386009
-0.518907129765,-0.129037678242,1.32306718826,-0.0871880948544,-0.00552500318736,-0.630257129669,-0.771455585957
-0.51885843277,-0.129514336586,1.32304108143,-0.0878597944975,-0.00528470473364,-0.630292773247,-0.771351933479
-0.518848955631,-0.129807934165,1.32297849655,-0.088698387146,-0.00522029073909,-0.630258798599,-0.771284103394
-0.518889546394,-0.130259901285,1.32292354107,-0.0891150534153,-0.00491110282019,-0.630432009697,-0.771096587181
-0.518878042698,-0.130633190274,1.32285296917,-0.0895622894168,-0.00468452693895,-0.630553841591,-0.77094656229
-0.518819212914,-0.130991473794,1.32275652885,-0.0900655835867,-0.00452026445419,-0.630599737167,-0.770851373672
-0.519067049026,-0.131139695644,1.32224798203,-0.0924211293459,-0.00740434974432,-0.630726456642,-0.770446360111
-0.518936395645,-0.131660714746,1.32249999046,-0.0919974669814,-0.0048337164335,-0.630831003189,-0.770431935787
-0.518864691257,-0.132051348686,1.3224337101,-0.0924490019679,-0.00445881439373,-0.630898356438,-0.770325005054
-0.518825531006,-0.132449954748,1.32234859467,-0.0929987728596,-0.00423196330667,-0.630938589573,-0.770227134228
-0.518795251846,-0.132845491171,1.32228326797,-0.0935245156288,-0.00386588834226,-0.6310364604,-0.770085334778
-0.518803358078,-0.133199065924,1.32224535942,-0.0939528793097,-0.00347192957997,-0.631170749664,-0.769924879074
-0.518954634666,-0.133785307407,1.32234454155,-0.0933683216572,-0.00338610168546,-0.629566073418,-0.771308839321
-0.518743872643,-0.134043008089,1.32219612598,-0.094661064446,-0.0027461994905,-0.631171345711,-0.769840598106
-0.518757462502,-0.134437248111,1.32214450836,-0.0951732173562,-0.00259260064922,-0.631262123585,-0.769703507423
-0.518711566925,-0.134796544909,1.32209455967,-0.0955481007695,-0.00222339830361,-0.63129067421,-0.769634783268
-0.518690347672,-0.135193824768,1.32201457024,-0.0959413051605,-0.00204294128343,-0.631351828575,-0.769536197186
-0.518652737141,-0.135561853647,1.32192885876,-0.096657320857,-0.00154019147158,-0.631545007229,-0.769289255142
-0.518645644188,-0.135959297419,1.32187628746,-0.09722366184,-0.00124184542801,-0.631510436535,-0.76924675703
-0.51862347126,-0.136331230402,1.32179749012,-0.0978138297796,-0.000858824816532,-0.631707310677,-0.769010782242
-0.518624603748,-0.136655345559,1.3217536211,-0.098460957408,-0.000501436355989,-0.631814301014,-0.76884073019
-0.518468856812,-0.137004464865,1.32170367241,-0.0990852713585,-0.000248382450081,-0.63172930479,-0.768830358982
-0.518438339233,-0.137309774756,1.32158827782,-0.0997116416693,-0.000262658577412,-0.631869316101,-0.768634259701
-0.518557012081,-0.137704238296,1.32155311108,-0.100405052304,-4.24727040809e-05,-0.632328808308,-0.768166124821
-0.518453598022,-0.138088107109,1.32149159908,-0.100843288004,0.00019735575188,-0.632198274136,-0.768216073513
-0.518429934978,-0.138530403376,1.32141983509,-0.101382113993,0.000411921821069,-0.632310390472,-0.768052875996
-0.518382668495,-0.138917267323,1.32145094872,-0.101873919368,0.00113967712969,-0.63269162178,-0.76767295599
-0.51829046011,-0.139253512025,1.32134068012,-0.102218106389,0.00123985169921,-0.632632553577,-0.767675817013
-0.518244683743,-0.139591068029,1.32135045528,-0.102565921843,0.00161507690791,-0.632726848125,-0.767550885677
-0.518079578876,-0.139940232038,1.32141935825,-0.102016039193,0.00308432080783,-0.632791876793,-0.767566084862
-0.518058359623,-0.14026248455,1.32135999203,-0.102260835469,0.00329347862862,-0.633007645607,-0.767354846001
-0.517892837524,-0.140723645687,1.3213057518,-0.102388486266,0.00362723041326,-0.632625699043,-0.76765114069
-0.518022894859,-0.141170501709,1.32135105133,-0.101755589247,0.00356374424882,-0.631117463112,-0.768975913525
