x,y,z,q0,q1,q2,q3
-0.590599536896,-0.158339321613,1.3615295887,0.093928642571,0.0818239301443,0.793310165405,0.595937252045
-0.590838313103,-0.158437460661,1.36158454418,0.0949390009046,0.0837320908904,0.792547225952,0.596527159214
-0.590986013412,-0.158442020416,1.36151432991,0.0945400968194,0.0841197595,0.792378485203,0.596759974957
-0.591166853905,-0.158430933952,1.36150836945,0.0945889502764,0.0849594026804,0.792276144028,0.596769154072
-0.591328501701,-0.158414810896,1.36153817177,0.0937575921416,0.0847301259637,0.792133629322,0.597122132778
-0.591509759426,-0.158386021852,1.36159622669,0.0919042378664,0.0842692703009,0.792519629002,0.596963167191
-0.591729462147,-0.158302500844,1.3616604805,0.092259272933,0.0843530222774,0.79294860363,0.596326589584
-0.591899931431,-0.158204466105,1.36170458794,0.0900958925486,0.0832201167941,0.7936668396,0.595860779285
-0.59190517664,-0.158124700189,1.36172711849,0.0884875431657,0.0815725252032,0.794689953327,0.594965517521
-0.592347979546,-0.15830911696,1.3619017601,0.0882940888405,0.0815418213606,0.795297801495,0.594185590744
-0.592618823051,-0.158370688558,1.36192548275,0.08534476161,0.0813152715564,0.797015428543,0.592343330383
-0.593037068844,-0.158428028226,1.36208891869,0.0845892801881,0.0803601518273,0.798110723495,0.591106057167
-0.593112707138,-0.158317252994,1.36230754852,0.0828655809164,0.0782763510942,0.799648940563,0.589548826218
-0.592728793621,-0.158286973834,1.36243534088,0.0798248499632,0.0753026008606,0.801312148571,0.588095784187
-0.593558490276,-0.158631503582,1.36264312267,0.0797056332231,0.0758935883641,0.802665710449,0.586186885834
-0.593675851822,-0.15789167583,1.3622906208,0.0797546803951,0.0717187523842,0.803852200508,0.585079073906
-0.594167947769,-0.157750859857,1.36236810684,0.0798857808113,0.0703272745013,0.80452221632,0.584308624268
-0.594987392426,-0.157671824098,1.36253237724,0.0820918977261,0.0694611519575,0.805181562901,0.583196938038
-0.594635605812,-0.157503992319,1.36257565022,0.0798552185297,0.0666232407093,0.806057393551,0.582628488541
-0.595275640488,-0.157854244113,1.36301851273,0.0803180113435,0.0681258440018,0.806659519672,0.581556856632
-0.595263063908,-0.157834202051,1.36308884621,0.0812415927649,0.0666876137257,0.805703103542,0.582919597626
-0.595609247684,-0.157632932067,1.36315846443,0.0805729702115,0.0647718086839,0.805710077286,0.583218574524
-0.596022605896,-0.157536417246,1.36322832108,0.0815773904324,0.0646337345243,0.80566906929,0.583150982857
-0.595739245415,-0.157299563289,1.3631683588,0.0807253941894,0.0629002302885,0.805698871613,0.583417832851
-0.595608890057,-0.157335519791,1.36318695545,0.0794972032309,0.0617877915502,0.804886698723,0.584824740887
-0.595754265785,-0.157190829515,1.36317133904,0.0798856839538,0.0608710646629,0.803729772568,0.58645683527
-0.596014916897,-0.157205104828,1.36314582825,0.0793021321297,0.0616649389267,0.803938925266,0.586166381836
-0.596016526222,-0.157159134746,1.36310338974,0.0785709545016,0.0629084035754,0.803719699383,0.586433291435
-0.59579449892,-0.157104834914,1.36309444904,0.076873883605,0.0622625015676,0.802747488022,0.588056266308
-0.595691263676,-0.156870007515,1.36299061775,0.0765772983432,0.0620737224817,0.801994919777,0.589140951633
-0.59569811821,-0.156761720777,1.36294567585,0.0760420784354,0.0602407120168,0.800873756409,0.590923011303
-0.596016407013,-0.156883761287,1.36297798157,0.0760066583753,0.0630026161671,0.800463438034,0.59119528532
-0.59599673748,-0.156698673964,1.36291825771,0.0762412548065,0.0614271461964,0.799315154552,0.592882215977
-0.595954954624,-0.156565278769,1.36285364628,0.0754485875368,0.0611947365105,0.798736691475,0.593786597252
-0.59590190649,-0.156429052353,1.36278986931,0.0751892328262,0.0611723102629,0.798430263996,0.594233572483
-0.595726132393,-0.155718073249,1.36258506775,0.0805463194847,0.0555431954563,0.795793831348,0.597611486912
-0.596049726009,-0.15564109385,1.36258888245,0.0809635668993,0.0572839789093,0.795212507248,0.598164260387
-0.595984697342,-0.155687794089,1.36257827282,0.0785628184676,0.0581890493631,0.795906066895,0.597474217415
-0.595798075199,-0.15550275147,1.36248373985,0.0770876035094,0.0569894015789,0.79600661993,0.597648024559
-0.595790147781,-0.15535287559,1.36243581772,0.0762061998248,0.0556007362902,0.795699119568,0.598300933838
-0.595929145813,-0.155336692929,1.3624522686,0.0754072964191,0.0559697970748,0.795617461205,0.598476469517
-0.595761239529,-0.155100926757,1.36237871647,0.0743802338839,0.0542798824608,0.795803010464,0.598514020443
-0.595793187618,-0.154985293746,1.36234760284,0.0738364756107,0.0535818375647,0.79592871666,0.598476946354
-0.596037983894,-0.1549654603,1.36181163788,0.067724391818,0.0599608905613,0.799812793732,0.593394994736
-0.596159994602,-0.155330657959,1.36227965355,0.0659572854638,0.0610697716475,0.79981392622,0.593479394913
-0.596464514732,-0.154799029231,1.36183607578,0.0666471198201,0.0598515048623,0.800041019917,0.593220412731
-0.596524000168,-0.154348924756,1.36186468601,0.0673325806856,0.0552530474961,0.799285054207,0.594606459141
-0.596703648567,-0.154212385416,1.36179852486,0.0678256303072,0.0565305612981,0.799760460854,0.593790590763
-0.596730053425,-0.154076039791,1.36183154583,0.0680181309581,0.0562788546085,0.799736559391,0.593824625015
-0.596736967564,-0.153832316399,1.36176276207,0.068678855896,0.0543957054615,0.799119949341,0.594753623009
-0.596736967564,-0.153832316399,1.36176276207,0.068678855896,0.0543957054615,0.799119949341,0.594753623009
-0.597129702568,-0.153584331274,1.36163640022,0.0700175389647,0.0540755018592,0.798213779926,0.595842540264
-0.5973944664,-0.15360160172,1.36165130138,0.0704309567809,0.0549956075847,0.797711372375,0.596382200718
-0.597553551197,-0.153493061662,1.36155796051,0.0706397220492,0.0554371289909,0.797133862972,0.597088456154
-0.59770834446,-0.153219938278,1.36142933369,0.0710981339216,0.0547701492906,0.796212673187,0.598323345184
-0.597841382027,-0.153107851744,1.36130094528,0.0695485323668,0.0537272505462,0.795569777489,0.599453985691
-0.597786009312,-0.153434112668,1.36155974865,0.0672058165073,0.0566897131503,0.795482158661,0.599564790726
-0.598014891148,-0.153310507536,1.36140739918,0.0693145021796,0.0561362877488,0.793762624264,0.601652145386
-0.598250627518,-0.153321996331,1.36129033566,0.0672790408134,0.055454544723,0.793198287487,0.602689683437
-0.598330974579,-0.153185710311,1.36113250256,0.0664523988962,0.0547119528055,0.792047977448,0.604359805584
-0.598405539989,-0.152914166451,1.36098587513,0.0689105838537,0.0527817234397,0.789707481861,0.60731190443
-0.598415493965,-0.15303491056,1.36081671715,0.0649868026376,0.0549409389496,0.790531754494,0.606479883194
-0.598269820213,-0.152801468968,1.36059463024,0.0641590207815,0.054308142513,0.789915025234,0.60742777586
-0.597847104073,-0.15250582993,1.36035275459,0.064092874527,0.0522217787802,0.788663566113,0.609241366386
-0.597924172878,-0.152471795678,1.36021864414,0.0620647408068,0.0520766638219,0.788872182369,0.609193623066
-0.597869575024,-0.152260869741,1.36004185677,0.0607985556126,0.0502520613372,0.788292467594,0.61022400856
-0.598186731339,-0.15229973197,1.3599807024,0.0611671693623,0.0523304417729,0.787672221661,0.610813200474
-0.597992479801,-0.152091652155,1.35977888107,0.0612443126738,0.0526846311986,0.787196099758,0.611388504505
-0.597914814949,-0.151915341616,1.35967469215,0.0613165982068,0.0535896867514,0.786752045155,0.611873924732
-0.597649157047,-0.151657089591,1.35962772369,0.059308424592,0.049858700484,0.786324203014,0.61293643713
-0.597731232643,-0.151738271117,1.35952806473,0.0601824447513,0.0525794550776,0.786270081997,0.612693011761
-0.597807943821,-0.151670202613,1.35955071449,0.0602034516633,0.0514148548245,0.785630524158,0.613609611988
-0.597653150558,-0.151456192136,1.35943055153,0.060210224241,0.0500682555139,0.78544574976,0.613956749439
-0.597418308258,-0.151399686933,1.35945951939,0.0596803762019,0.0494031533599,0.785429418087,0.614083230495
-0.597365438938,-0.151295155287,1.35949110985,0.0603744499385,0.0488789230585,0.785050332546,0.614542007446
-0.597104310989,-0.151219680905,1.35947859287,0.0604420639575,0.048437345773,0.785254538059,0.614309489727
-0.596884787083,-0.151208773255,1.35960757732,0.0604876726866,0.0482205078006,0.785464286804,0.614053785801
-0.596740484238,-0.151187196374,1.3596599102,0.0614446774125,0.0477222651243,0.785262703896,0.614255487919
-0.596416771412,-0.151281923056,1.35971677303,0.0608785748482,0.0463615767658,0.784419715405,0.615491867065
-0.596232712269,-0.151399508119,1.35977077484,0.0616567730904,0.0492657013237,0.78531563282,0.614044547081
-0.596334517002,-0.151475086808,1.36011731625,0.0630855187774,0.0499600730836,0.785264134407,0.613909304142
-0.596115171909,-0.151440188289,1.36019611359,0.0638873353601,0.0498642772436,0.78494143486,0.614246726036
-0.595936179161,-0.151590198278,1.36029160023,0.064573392272,0.050334725529,0.784713745117,0.614427506924
-0.595488607883,-0.15161190927,1.36038386822,0.0646692365408,0.0497186854482,0.784747421741,0.614424467087
-0.595599114895,-0.151831611991,1.36046862602,0.0657723844051,0.0513813979924,0.784422874451,0.614585042
-0.595458388329,-0.152003288269,1.36055660248,0.0664913505316,0.0521284602582,0.78428953886,0.614615082741
-0.59526270628,-0.152084514499,1.36060655117,0.0669990032911,0.0522780530155,0.78408062458,0.614813566208
-0.595218002796,-0.152411103249,1.36075389385,0.067441008985,0.0525914132595,0.783457756042,0.615532279015
-0.59498745203,-0.152454271913,1.36078453064,0.0677559748292,0.0523879230022,0.783234715462,0.615798830986
-0.594887018204,-0.152782067657,1.36093044281,0.0680281445384,0.0532891787589,0.783307850361,0.615598261356
-0.594561636448,-0.152767688036,1.36069333553,0.0684357956052,0.0535718873143,0.783640086651,0.615105688572
-0.594549119473,-0.153175830841,1.36078703403,0.0684607326984,0.0546712093055,0.78367626667,0.614960134029
-0.594372868538,-0.153270959854,1.3608314991,0.0688396990299,0.0542253293097,0.783529281616,0.6151445508
-0.594190776348,-0.153560712934,1.36085271835,0.0688445046544,0.0541435070336,0.783799290657,0.614807128906
-0.594029903412,-0.153733119369,1.36086893082,0.0691203474998,0.0538181178272,0.783858716488,0.614729106426
-0.593978881836,-0.154116973281,1.36091005802,0.0692892000079,0.0539305023849,0.784093022346,0.614401221275
-0.59394967556,-0.154282838106,1.36093521118,0.0700418278575,0.0526613965631,0.783960878849,0.614594399929
-0.59410315752,-0.154588788748,1.3609944582,0.0709542110562,0.0528779886663,0.78404468298,0.614364326
-0.594052016735,-0.154897987843,1.36098968983,0.0715000927448,0.0539958775043,0.784731149673,0.613326430321
-0.594059586525,-0.155083402991,1.36096692085,0.0721583217382,0.0524011738598,0.784469008446,0.613722801208
-0.594094216824,-0.155310347676,1.36096215248,0.0732834115624,0.0528224818408,0.785186588764,0.612634837627
-0.593967735767,-0.155394092202,1.36096811295,0.0739725008607,0.0511582493782,0.784855782986,0.61311686039
-0.593982517719,-0.155581966043,1.36108839512,0.0752520784736,0.050173304975,0.784876048565,0.613016664982
-0.59416949749,-0.155850097537,1.36113977432,0.0752726271749,0.0488674677908,0.785148382187,0.612770795822
-0.594010472298,-0.156035780907,1.36121666431,0.076194614172,0.0480277575552,0.784601092339,0.61342394352
-0.593835830688,-0.156002029777,1.36118984222,0.0777378901839,0.0490435101092,0.78492307663,0.61273753643
-0.593968272209,-0.156210586429,1.36119401455,0.0791654661298,0.0478260070086,0.784878671169,0.612707912922
-0.594097197056,-0.156437322497,1.36134469509,0.081039339304,0.0481566973031,0.784384667873,0.613069534302
-0.593904852867,-0.156492456794,1.3612896204,0.0826847404242,0.0487565547228,0.784014940262,0.613275289536
-0.593844711781,-0.156481474638,1.36121618748,0.0841093212366,0.0481137223542,0.783456742764,0.613845527172
-0.59379696846,-0.156592339277,1.36120080948,0.0847108960152,0.0458889007568,0.782888889313,0.614657044411
-0.593910038471,-0.156911641359,1.36129117012,0.0859571769834,0.0458012074232,0.782055497169,0.615550816059
-0.593694388866,-0.157115325332,1.3612729311,0.0859506428242,0.0461571775377,0.781707942486,0.61596673727
-0.593430280685,-0.157220304012,1.36126089096,0.0866815820336,0.0471696443856,0.781013309956,0.616668045521
-0.593097507954,-0.157290309668,1.36118936539,0.0875855982304,0.0454335771501,0.779983699322,0.617972373962
-0.592885673046,-0.157680004835,1.36134660244,0.0872790366411,0.0433323085308,0.779729187489,0.618487894535
-0.592729926109,-0.157996013761,1.3613833189,0.087830401957,0.0432475991547,0.778747916222,0.619650781155
-0.592333495617,-0.158314853907,1.36134338379,0.0872296467423,0.0459513738751,0.779114663601,0.619080007076
-0.592356324196,-0.158217459917,1.36119830608,0.0893377885222,0.0451419875026,0.777803480625,0.620485782623
-0.592201948166,-0.158635735512,1.36151885986,0.0890722200274,0.0450548678637,0.776756823063,0.621840059757
-0.591924190521,-0.158811345696,1.36122643948,0.0888393819332,0.0435225106776,0.776299536228,0.622553229332
-0.591676473618,-0.158950448036,1.36123323441,0.088985696435,0.0402623340487,0.775395691395,0.623876690865
-0.591535806656,-0.159213066101,1.36123323441,0.0889043435454,0.0398385971785,0.77449542284,0.62503272295
-0.591425657272,-0.159457474947,1.36133050919,0.0897012576461,0.0409234315157,0.773346722126,0.626269936562
-0.591281116009,-0.159657567739,1.36140215397,0.0897750928998,0.0398302860558,0.772497117519,0.627377271652
-0.590969443321,-0.159915998578,1.3615475893,0.0888394191861,0.0383529514074,0.771441400051,0.628899812698
-0.590838253498,-0.160183236003,1.36156749725,0.0887066945434,0.0356239937246,0.77063369751,0.630068123341
-0.590817093849,-0.160391077399,1.36164808273,0.0888045355678,0.0344966091216,0.769803643227,0.631130993366
-0.590882062912,-0.160772651434,1.36176860332,0.0893170237541,0.0362444743514,0.769055187702,0.631872653961
-0.590588629246,-0.160884603858,1.36164581776,0.0891541093588,0.0344523191452,0.76849758625,0.632673799992
-0.591089725494,-0.161232307553,1.36181247234,0.0901154652238,0.0326402448118,0.767594099045,0.633729696274
-0.590884208679,-0.161570638418,1.36193931103,0.0901162028313,0.0326006934047,0.766471385956,0.635088920593
-0.591026425362,-0.161930561066,1.36200976372,0.0904085487127,0.0309022273868,0.765224456787,0.6366340518
-0.59101998806,-0.162318468094,1.36203074455,0.0902402475476,0.0307631380856,0.764862835407,0.637098908424
-0.591218173504,-0.162788838148,1.36207020283,0.0915192738175,0.0297055561095,0.764113366604,0.637865722179
-0.591171503067,-0.162986576557,1.36201965809,0.0926328599453,0.0284544546157,0.762759804726,0.639380276203
-0.59145128727,-0.163180053234,1.36185908318,0.0943475440145,0.0294093266129,0.762593865395,0.639284193516
-0.591763973236,-0.16370536387,1.36193501949,0.0957178771496,0.0284453835338,0.761518657207,0.640404760838
-0.591774702072,-0.164001241326,1.36190986633,0.0969263762236,0.0282064191997,0.760411739349,0.641547977924
-0.5918405056,-0.164150595665,1.36183917522,0.0992215126753,0.0281180627644,0.758962154388,0.642916083336
-0.592181384563,-0.164644122124,1.36188268661,0.100959211588,0.0294195972383,0.757314443588,0.644528269768
-0.591882705688,-0.165050074458,1.36183643341,0.101335175335,0.0270581319928,0.756426215172,0.645614743233
-0.592128396034,-0.165371090174,1.36159360409,0.102961845696,0.0281744208187,0.755980432034,0.645831823349
-0.592677533627,-0.165761843324,1.36156797409,0.105719432235,0.0312533341348,0.754564583302,0.646899521351
-0.592640697956,-0.166212528944,1.36146700382,0.106008112431,0.0321675986052,0.754313647747,0.647099971771
-0.592225074768,-0.16669639945,1.36138689518,0.105527505279,0.0314671099186,0.753825306892,0.647781908512
-0.592245578766,-0.167083412409,1.36132621765,0.105679363012,0.02975134179,0.753057420254,0.648730635643
-0.591923654079,-0.167484521866,1.36135077477,0.105057314038,0.0282135624439,0.752054274082,0.650062680244
-0.592481732368,-0.167820364237,1.3613216877,0.107463382185,0.0295050572604,0.750688672066,0.651189446449
-0.591977834702,-0.168261289597,1.36125946045,0.106681548059,0.0284526459873,0.751712679863,0.650182902813
-0.591889083385,-0.168578386307,1.36118042469,0.108911931515,0.0243087802082,0.748691856861,0.653458356857
-0.592346966267,-0.16908480227,1.36104941368,0.109620116651,0.0250865519047,0.748636305332,0.65337407589
-0.592663109303,-0.169452831149,1.36092805862,0.108022563159,0.0284013897181,0.749730527401,0.65224891901
-0.59207624197,-0.16993868351,1.36103129387,0.10594150424,0.0260410439223,0.749531269073,0.652917504311
-0.592065215111,-0.170156687498,1.36101007462,0.10781250149,0.0238407012075,0.747825145721,0.654649317265
-0.592337489128,-0.170583829284,1.36090493202,0.10727545619,0.0255355648696,0.749451160431,0.652811586857
-0.592580020428,-0.170964375138,1.3609085083,0.107931271195,0.0247434042394,0.748821556568,0.65345621109
-0.593325257301,-0.171261027455,1.36101710796,0.110020831227,0.0243244543672,0.747510254383,0.654623746872
-0.593354642391,-0.171664625406,1.36103153229,0.109323583543,0.0234284810722,0.747776865959,0.654468715191
-0.593060016632,-0.172081947327,1.3610367775,0.108816437423,0.0217454079539,0.74800157547,0.654354691505
-0.593608856201,-0.172165483236,1.36104512215,0.113771185279,0.0218487419188,0.745392501354,0.656482100487
-0.592981338501,-0.172661006451,1.3608944416,0.109354458749,0.0192586239427,0.748081088066,0.654251813889
-0.593235909939,-0.17304174602,1.36092805862,0.109958969057,0.018724989146,0.74773555994,0.654560923576
-0.593350052834,-0.17345187068,1.36090481281,0.110621482134,0.0197771154344,0.747721016407,0.654435038567
-0.593378305435,-0.173835098743,1.36089217663,0.111378975213,0.0191373396665,0.747508704662,0.654568016529
-0.593409061432,-0.174259543419,1.36081922054,0.111013539135,0.0168884005398,0.747404634953,0.654810726643
-0.593449056149,-0.17463119328,1.36079216003,0.113525591791,0.0154458591715,0.746477723122,0.655472755432
-0.593457460403,-0.174994587898,1.36062800884,0.112510457635,0.0174491107464,0.747277736664,0.654685258865
-0.593424618244,-0.175419941545,1.3605196476,0.112360030413,0.0155887268484,0.747050046921,0.655017852783
-0.59343290329,-0.175866365433,1.36076056957,0.115089938045,0.0145860081539,0.745443820953,0.656395733356
-0.59338247776,-0.17644263804,1.36064291,0.113320291042,0.015556271188,0.74656021595,0.655411720276
-0.593195438385,-0.176759034395,1.36020386219,0.113493524492,0.0145806809887,0.746652543545,0.655298888683
-0.593081772327,-0.177164450288,1.3601154089,0.114609837532,0.0165894608945,0.746531844139,0.655194282532
-0.592981100082,-0.177615091205,1.36003243923,0.115415938199,0.0140682561323,0.745678424835,0.656083106995
-0.592883348465,-0.17808675766,1.35989809036,0.115460462868,0.0134867010638,0.74542093277,0.65637999773
-0.592795491219,-0.178339168429,1.35975420475,0.115625455976,0.0139285316691,0.745682477951,0.656044483185
-0.592741131783,-0.178814083338,1.35973119736,0.115699373186,0.011957295239,0.745385527611,0.656407952309
-0.592552542686,-0.179146692157,1.35966193676,0.115236513317,0.00946828350425,0.745143175125,0.656804859638
-0.592232227325,-0.17947037518,1.35979831219,0.117302805185,0.00688556907699,0.743336617947,0.65851598978
-0.592131137848,-0.179659187794,1.35966396332,0.117850676179,0.00512627698481,0.742672026157,0.659183740616
-0.592229366302,-0.180232673883,1.35967159271,0.116374343634,0.00765652582049,0.74423712492,0.657654702663
-0.592149436474,-0.180593058467,1.35976159573,0.116761445999,0.00708366138861,0.744172334671,0.657665669918
-0.592147767544,-0.180980786681,1.35983717442,0.117057546973,0.00688047055155,0.743934512138,0.657884299755
-0.592083871365,-0.181223273277,1.359765172,0.117811918259,0.00540448399261,0.743842303753,0.657867491245
-0.592079162598,-0.181519210339,1.35985684395,0.118092171848,0.00493110436946,0.743680953979,0.658003509045
-0.592001914978,-0.181906789541,1.35989558697,0.118082769215,0.00450749602169,0.744036436081,0.657606303692
-0.59190672636,-0.182147890329,1.35993123055,0.117895551026,0.00360290100798,0.744021832943,0.657661855221
-0.592000842094,-0.182556942105,1.35997247696,0.117720343173,0.00401448830962,0.74435031414,0.657319247723
-0.591928720474,-0.182843059301,1.36000132561,0.118636570871,0.00301864556968,0.744078040123,0.657468020916
-0.591928720474,-0.182843059301,1.36000132561,0.118636570871,0.00301864556968,0.744078040123,0.657468020916
-0.59166508913,-0.183530703187,1.36002159119,0.118469804525,0.00240607163869,0.744560539722,0.656954169273
-0.591518878937,-0.183898240328,1.36004626751,0.118708051741,0.00194931216538,0.744885265827,0.656544566154
-0.591170787811,-0.184272810817,1.35997760296,0.118324488401,0.00130458606873,0.745428681374,0.65599822998
-0.59091937542,-0.184623792768,1.35996413231,0.118441104889,0.00198891223408,0.745982527733,0.655345618725
-0.590922176838,-0.184919416904,1.35972321033,0.119092866778,0.00107193063013,0.746402561665,0.654751181602
-0.590818226337,-0.185408294201,1.3597329855,0.119153089821,0.00134149705991,0.746814727783,0.654269576073
-0.590325474739,-0.18583509326,1.35996091366,0.118986107409,0.000556785496883,0.746897339821,0.654206871986
-0.589864015579,-0.186064615846,1.35987555981,0.12048201263,-0.00063672644319,0.746419548988,0.654478013515
-0.589727461338,-0.186563894153,1.35987496376,0.120414696634,-0.000331016926793,0.747023165226,0.653801739216
-0.589441001415,-0.186946988106,1.35984277725,0.120378173888,-0.000676078023389,0.747683107853,0.65305352211
-0.589265406132,-0.187427595258,1.35986828804,0.120512992144,-0.000703908270225,0.748367607594,0.652243852615
-0.588985025883,-0.187679514289,1.35988247395,0.120739594102,-0.00170587771572,0.748784601688,0.651721537113
-0.588732779026,-0.188054010272,1.35987114906,0.120612472296,-0.00190070469398,0.749505281448,0.650915503502
-0.588539004326,-0.188407540321,1.35987627506,0.120547413826,-0.00202116835862,0.750193655491,0.650133669376
-0.588310599327,-0.188799440861,1.35984885693,0.118722610176,-0.00147093529813,0.751951634884,0.648437738419
-0.588283419609,-0.189094796777,1.36000716686,0.121022649109,-0.00213219085708,0.751480340958,0.648557007313
-0.58801227808,-0.189311310649,1.3600076437,0.121334314346,-0.00253140903078,0.752083897591,0.647797346115
-0.587970852852,-0.189636796713,1.36009609699,0.122421287,-0.00290472921915,0.752173542976,0.647487044334
-0.587909281254,-0.189942374825,1.36014187336,0.122062325478,-0.00322657381184,0.7531645298,0.64640045166
-0.587745726109,-0.1901730299,1.36020517349,0.122873030603,-0.0030049176421,0.753398299217,0.645975291729
-0.587521851063,-0.190352737904,1.36025977135,0.123134225607,-0.00374807440676,0.75398761034,0.645233809948
-0.587776243687,-0.190518826246,1.36009156704,0.124211639166,-0.002791285282,0.754796683788,0.644085228443
-0.587740063667,-0.190790891647,1.36017084122,0.124366313219,-0.00258821877651,0.755412876606,0.643333435059
-0.587384939194,-0.190954610705,1.36054682732,0.124508202076,-0.00331851211376,0.75540548563,0.643311202526
-0.587337195873,-0.191100686789,1.36062312126,0.124828442931,-0.00370067451149,0.755779027939,0.64280807972
-0.58725219965,-0.191376447678,1.36066746712,0.121710337698,-0.00242655398324,0.758311927319,0.640424609184
-0.587084829807,-0.191435307264,1.36070203781,0.121915131807,-0.00297198188491,0.758691608906,0.63993370533
-0.587096095085,-0.191536083817,1.36075019836,0.122371017933,-0.00255747023039,0.758973181248,0.639514267445
-0.587082326412,-0.191852688789,1.36082339287,0.12232285738,-0.0017649497604,0.759679019451,0.638687729836
-0.586875557899,-0.191846117377,1.36084020138,0.122549548745,-0.00215682340786,0.759897112846,0.638383328915
-0.586742222309,-0.191839024425,1.36085808277,0.122304484248,-0.00200398615561,0.760243296623,0.638018608093
-0.586641728878,-0.191899105906,1.36089324951,0.122308701277,-0.00145469862036,0.760618627071,0.63757199049
-0.586743175983,-0.191829398274,1.36065876484,0.122994847596,-0.000902795698494,0.76102668047,0.6369535923
-0.586645483971,-0.191885754466,1.36064660549,0.122816383839,-0.000197643224965,0.761481821537,0.636444509029
-0.586289346218,-0.192010939121,1.36095368862,0.121776781976,-0.000258324493188,0.761571526527,0.636536896229
-0.586157500744,-0.191987529397,1.36096394062,0.121613651514,-0.000123362158774,0.761865317822,0.636216402054
-0.586051166058,-0.191949605942,1.36096000671,0.121471710503,1.94819840544e-05,0.762191712856,0.635852694511
-0.585800349712,-0.191873461008,1.3609597683,0.120202347636,-0.000123701567645,0.762997210026,0.635127305984
-0.585905611515,-0.191892743111,1.36102795601,0.120136745274,-0.000565024558455,0.762985408306,0.635153770447
-0.58578145504,-0.191913425922,1.36101174355,0.119043298066,0.00155432964675,0.76419121027,0.633907020092
-0.58569419384,-0.191792577505,1.36103403568,0.118882641196,0.00108012359124,0.764286875725,0.633822739124
-0.585709154606,-0.191608220339,1.36110877991,0.120771504939,0.000778245099355,0.763309955597,0.634642958641
-0.585683226585,-0.191630661488,1.36114931107,0.117428541183,0.000331781804562,0.765197277069,0.632995724678
-0.585567057133,-0.191575944424,1.36118257046,0.115981183946,0.00208387966268,0.766560256481,0.631608605385
-0.5854845047,-0.19137327373,1.36098217964,0.114879377186,0.00214696885087,0.767283856869,0.630930900574
-0.585316181183,-0.19115704298,1.3611882925,0.113837219775,0.00139040558133,0.767930805683,0.630334377289
-0.585312306881,-0.191091105342,1.36125278473,0.112731471658,0.00186652701814,0.7687458992,0.629537940025
-0.58531409502,-0.190844461322,1.36128747463,0.113306291401,0.000793594575953,0.768383920193,0.629878759384
-0.585527360439,-0.190721109509,1.36100637913,0.110586732626,0.00253942189738,0.770772278309,0.627434849739
-0.585555315018,-0.190557450056,1.36103701591,0.110034532845,0.00262890639715,0.771430373192,0.626722157001
-0.585515081882,-0.190399721265,1.36104559898,0.108278468251,0.00292492983863,0.772373735905,0.625864267349
-0.585547327995,-0.190141603351,1.36102795601,0.108836397529,0.00198025163263,0.772069871426,0.62614607811
-0.585567295551,-0.190099805593,1.36102092266,0.105762369931,0.00366128305905,0.774052619934,0.624214231968
-0.585575401783,-0.189980432391,1.36099433899,0.104517534375,0.00424851011485,0.775011539459,0.623229622841
-0.585602521896,-0.18974083662,1.36100625992,0.104879409075,0.00308920559473,0.774759411812,0.623489022255
-0.585656762123,-0.189762160182,1.36100399494,0.101192243397,0.00231240224093,0.776599228382,0.621810674667
-0.585410237312,-0.189692109823,1.36110472679,0.0991859659553,0.00235630362295,0.777295649052,0.621263325214
-0.585545182228,-0.18939614296,1.3611600399,0.101289503276,0.00403066817671,0.776895642281,0.621415793896
-0.586045205593,-0.1890578866,1.3611137867,0.105082958937,0.00349519797601,0.774120509624,0.624245882034
-0.58561527729,-0.189282715321,1.3611240387,0.0985228866339,0.00549808889627,0.77889329195,0.619345068932
-0.585685670376,-0.189273267984,1.36133575439,0.0978152155876,0.00663622049615,0.780154943466,0.617856442928
-0.58582597971,-0.18891505897,1.36136424541,0.102106809616,0.0106239616871,0.779115140438,0.618418216705
-0.585870802402,-0.188876613975,1.36137068272,0.0993921235204,0.0130047965795,0.781298577785,0.616055905819
-0.586183965206,-0.188575133681,1.36112236977,0.101321727037,0.0148559622467,0.781730830669,0.615150570869
-0.58623790741,-0.188262417912,1.36117172241,0.104024499655,0.0161567553878,0.78076839447,0.615888416767
-0.585828006268,-0.18801471591,1.36123502254,0.10103853792,0.0168891362846,0.782300949097,0.614419460297
-0.585767149925,-0.187806740403,1.36137080193,0.100835375488,0.0184221286327,0.782945156097,0.61358755827
-0.585944235325,-0.187237381935,1.36132597923,0.106581836939,0.017207197845,0.778593122959,0.618172466755
-0.58560615778,-0.187322407961,1.36135709286,0.101083412766,0.0212014634162,0.78364866972,0.61255812645
-0.585508942604,-0.187069758773,1.3615218401,0.102353930473,0.0213219113648,0.78334659338,0.612729489803
-0.585529565811,-0.1866145432,1.36157989502,0.105961948633,0.0221043843776,0.780614376068,0.615568637848
-0.585133135319,-0.186597332358,1.36158931255,0.0999391973019,0.0232820175588,0.785191297531,0.610692024231
-0.584931969643,-0.186389446259,1.36167407036,0.0991677567363,0.0243215784431,0.785945057869,0.60980707407
-0.584773778915,-0.186131715775,1.36145031452,0.0991830155253,0.0252165365964,0.787015259266,0.608386218548
-0.584871590137,-0.18550722301,1.36152911186,0.102846689522,0.0239313095808,0.783737182617,0.61205047369
-0.584634661674,-0.185440868139,1.36160814762,0.0994497910142,0.0248273685575,0.786659359932,0.608818948269
-0.584299206734,-0.18530139327,1.36165726185,0.0952895879745,0.0251785740256,0.789162814617,0.606224477291
-0.584020674229,-0.185162261128,1.36171281338,0.0931687504053,0.0253890454769,0.790912866592,0.604261636734
-0.584143579006,-0.184870943427,1.36183524132,0.0935801044106,0.0253473240882,0.790531098843,0.604699075222
-0.583549916744,-0.184863477945,1.36219954491,0.0912921577692,0.0256016720086,0.791602134705,0.603636085987
-0.583456754684,-0.184534296393,1.36223316193,0.0896898061037,0.0239091813564,0.792082369328,0.603315532207
-0.583438813686,-0.184019103646,1.3623251915,0.0936856642365,0.0230426564813,0.789133667946,0.60659712553
-0.583213329315,-0.184008091688,1.36237621307,0.0899232402444,0.0236610136926,0.792305350304,0.602997839451
-0.583038926125,-0.184049040079,1.36243033409,0.0856942906976,0.0250820647925,0.795615077019,0.599186122417
-0.58314794302,-0.18399952352,1.36252748966,0.0849102288485,0.0263663232327,0.796404719353,0.598192930222
-0.583285093307,-0.183478489518,1.36263310909,0.0899205878377,0.0250804517418,0.793077588081,0.601924598217
-0.58325779438,-0.183284461498,1.36274707317,0.0877919346094,0.0258880145848,0.79476159811,0.599980294704
-0.583189725876,-0.183225169778,1.36280667782,0.0847354605794,0.0260692462325,0.796298086643,0.598372459412
-0.58312022686,-0.183095574379,1.36289310455,0.0834000706673,0.0278560742736,0.797477662563,0.596906960011
-0.58286356926,-0.183113470674,1.3629565239,0.0831199213862,0.0301453601569,0.798838794231,0.595011770725
-0.583325862885,-0.182730540633,1.36280179024,0.0830392464995,0.0305499732494,0.798884034157,0.594941794872
-0.583293318748,-0.182514980435,1.36284661293,0.0849147960544,0.0306035745889,0.798075377941,0.595758914948
-0.583201408386,-0.182523801923,1.36291277409,0.082035921514,0.0325559824705,0.79995661974,0.593531608582
-0.582978129387,-0.182553559542,1.36297750473,0.082569770515,0.0345013588667,0.800645172596,0.592418134212
-0.582925438881,-0.182489007711,1.36303186417,0.081910200417,0.0355973429978,0.80127197504,0.591596901417
-0.583183646202,-0.182237461209,1.3631387949,0.0817051380873,0.0357112064958,0.801105201244,0.591844201088
-0.58290708065,-0.182315543294,1.36317253113,0.0811980590224,0.038500584662,0.802362918854,0.59003251791
-0.583086133003,-0.18205191195,1.36322510242,0.0821448788047,0.0383914001286,0.80158162117,0.590969860554
-0.582879662514,-0.18218781054,1.3632645607,0.0811795443296,0.0394993461668,0.803295254707,0.588699042797
-0.582749307156,-0.182126954198,1.36333084106,0.080610781908,0.0419691093266,0.803924798965,0.587746083736
-0.582555234432,-0.18205614388,1.36329448223,0.0798551216722,0.0411262139678,0.804635822773,0.586935341358
-0.582528173923,-0.182115629315,1.36332511902,0.078603759408,0.0417797528207,0.805252790451,0.586211562157
-0.582567095757,-0.182032242417,1.3633825779,0.0784976631403,0.0416110865772,0.805399179459,0.58603656292
-0.582449018955,-0.182009667158,1.36339974403,0.07660163939,0.0347400046885,0.80603146553,0.585865795612
-0.582397818565,-0.181916132569,1.36342918873,0.077324450016,0.0421347171068,0.807475626469,0.583291471004
-0.582353293896,-0.181982293725,1.36346018314,0.0769677460194,0.0434827432036,0.808065772057,0.582421660423
-0.582247972488,-0.182013079524,1.36348080635,0.0757246389985,0.0426891036332,0.80921715498,0.581043124199
-0.582438707352,-0.181975096464,1.36355090141,0.0792004913092,0.0444845221937,0.808153986931,0.581924021244
-0.582472741604,-0.181980267167,1.36361682415,0.079092644155,0.0451707132161,0.809221088886,0.58040112257
-0.58236938715,-0.181941747665,1.36360549927,0.0783427730203,0.0454273670912,0.810608565807,0.578543484211
-0.582331359386,-0.181997314095,1.36360454559,0.0774301216006,0.0458341650665,0.811831831932,0.576916635036
-0.582207679749,-0.182272970676,1.36359727383,0.0731869637966,0.0473566055298,0.815455257893,0.572218298912
-0.582285940647,-0.182099580765,1.36355364323,0.0757266581059,0.0466791391373,0.814660608768,0.573074758053
-0.582086265087,-0.182277515531,1.3635494709,0.0744264647365,0.0474082008004,0.816370785236,0.57074701786
-0.581991195679,-0.18260255456,1.36353421211,0.070476450026,0.049461774528,0.820165514946,0.565610527992
-0.581725656986,-0.182539224625,1.36345648766,0.0692007467151,0.0488260798156,0.822121083736,0.562977969646
-0.582083523273,-0.182960420847,1.36356115341,0.0692692101002,0.0519966036081,0.823260962963,0.56101667881
-0.582016944885,-0.182989373803,1.36347424984,0.068399220705,0.0519678294659,0.824988901615,0.558582186699
-0.582206249237,-0.183245226741,1.36352539062,0.0680961236358,0.0534587204456,0.82659548521,0.556098103523
-0.582172751427,-0.183333620429,1.36348938942,0.0675786733627,0.0542193427682,0.82804864645,0.553921341896
-0.5822275877,-0.183486938477,1.36345398426,0.0664558187127,0.0544915273786,0.829937934875,0.551196277142
-0.582047700882,-0.183798909187,1.36350905895,0.064778894186,0.055437695235,0.831446230412,0.549024105072
-0.582146584988,-0.183843135834,1.36349391937,0.064543813467,0.0557412728667,0.832982122898,0.546688020229
-0.582056283951,-0.184069141746,1.36341750622,0.0629461333156,0.056153960526,0.835178613663,0.543471634388
-0.582180500031,-0.184298440814,1.36342382431,0.062357801944,0.0573835633695,0.836884856224,0.540779531002
-0.582557618618,-0.184517487884,1.36336731911,0.0624116584659,0.0586161874235,0.838929951191,0.537462115288
-0.582611620426,-0.18468695879,1.36333429813,0.0614980123937,0.0589682869613,0.840836882591,0.534541010857
-0.582660257816,-0.184801131487,1.36332499981,0.0606083832681,0.0594389736652,0.842509388924,0.531950771809
-0.582794368267,-0.185059919953,1.36330509186,0.0593512021005,0.0598278306425,0.844737946987,0.528503537178
-0.582606077194,-0.184909239411,1.36309218407,0.0574692748487,0.0590822137892,0.846422493458,0.526094615459
-0.582378685474,-0.184564352036,1.36282730103,0.0574096851051,0.0574452765286,0.848178565502,0.52344763279
-0.582592308521,-0.184676796198,1.36277234554,0.0563922971487,0.0594147630036,0.850450098515,0.519638717175
-0.583254039288,-0.185399085283,1.36335492134,0.0583234019578,0.0597238950431,0.849465072155,0.520999550819
-0.583198368549,-0.185585513711,1.3629565239,0.0551108419895,0.0601291358471,0.852451622486,0.516404628754
-0.583089470863,-0.185728922486,1.36289048195,0.0534752681851,0.059851218015,0.854655981064,0.512953579426
-0.58325022459,-0.185972228646,1.36279547215,0.052723698318,0.0607404783368,0.856554687023,0.509749948978
-0.583087563515,-0.18624779582,1.36272025108,0.0510059818625,0.0620190538466,0.859139859676,0.505401551723
-0.583062946796,-0.186564400792,1.36271989346,0.0497478693724,0.0621238052845,0.86028945446,0.503555417061
-0.582957684994,-0.186500191689,1.36262893677,0.0483591519296,0.0623823292553,0.862880468369,0.49920669198
-0.582985460758,-0.186767205596,1.36259937286,0.0478044115007,0.0605975836515,0.864323377609,0.496978640556
-0.583278715611,-0.186895534396,1.36241579056,0.0479282587767,0.0618019998074,0.866213977337,0.493514746428
-0.583004176617,-0.187079697847,1.36252427101,0.0457116775215,0.0624727718532,0.868376970291,0.489825755358
-0.583029448986,-0.187307268381,1.36237668991,0.0455409623682,0.0611595325172,0.869804084301,0.487469494343
-0.582560062408,-0.187436386943,1.36227679253,0.0427472218871,0.06008669734,0.872186422348,0.483583599329
-0.582489609718,-0.187490046024,1.36225259304,0.0414348952472,0.0619043409824,0.874281048775,0.47967043519
-0.583091557026,-0.187699168921,1.36226940155,0.0424577668309,0.0633150264621,0.875715851784,0.476770609617
-0.583173155785,-0.187854886055,1.36226129532,0.042281974107,0.0631501302123,0.877357602119,0.473780661821
-0.583387136459,-0.187644615769,1.36191356182,0.0424269214272,0.0621517263353,0.879036903381,0.470777392387
-0.583446383476,-0.187825709581,1.361795187,0.0419287830591,0.0622194856405,0.881056249142,0.467023104429
-0.583374619484,-0.188155725598,1.36186826229,0.040684632957,0.0629562884569,0.882874548435,0.463588029146
-0.583416640759,-0.18809658289,1.36178994179,0.0401090867817,0.0620223917067,0.8843703866,0.460905104876
-0.583237886429,-0.188206598163,1.36172997952,0.0404162183404,0.0633898898959,0.886135041714,0.457288712263
-0.583355307579,-0.188169628382,1.36173987389,0.0395408980548,0.0616259425879,0.887038350105,0.45585295558
-0.583566784859,-0.188315376639,1.36176466942,0.0399045273662,0.0625625103712,0.888105988503,0.453609228134
-0.58314037323,-0.188281401992,1.36173450947,0.0380588956177,0.0611256733537,0.890070617199,0.450099378824
-0.583739697933,-0.188756674528,1.36180996895,0.0389725118876,0.063466258347,0.890924274921,0.448003381491
-0.583449542522,-0.18869741261,1.36163294315,0.0374667271972,0.0632674619555,0.893232584,0.443541377783
-0.583427846432,-0.188680529594,1.36170613766,0.0382026061416,0.061785928905,0.893465101719,0.443219035864
-0.583626627922,-0.188927665353,1.36168277264,0.0384045653045,0.062639169395,0.89434415102,0.441304832697
-0.58340972662,-0.189096301794,1.36174571514,0.0399467162788,0.0640393421054,0.895161628723,0.439305156469
-0.582829475403,-0.189341932535,1.36195790768,0.0360721088946,0.0622782222927,0.896626353264,0.436899811029
-0.582930803299,-0.18919120729,1.36179327965,0.0369562841952,0.0620341151953,0.897369682789,0.435331791639
-0.583666920662,-0.18937382102,1.36178636551,0.0395906753838,0.0640040785074,0.897921085358,0.433674752712
-0.58349108696,-0.189449310303,1.36182355881,0.0394340790808,0.0640495046973,0.898781001568,0.431897372007
-0.582644104958,-0.189267829061,1.36144125462,0.0374344773591,0.0622729584575,0.899770796299,0.430271327496
-0.582688093185,-0.189379170537,1.36147081852,0.0380088686943,0.06295157969,0.900105237961,0.429421663284
-0.582779407501,-0.189680665731,1.36142373085,0.0383895747364,0.0644813999534,0.900591790676,0.42813873291
-0.58261179924,-0.189661353827,1.36148631573,0.038609366864,0.0646407753229,0.900993824005,0.427248328924
-0.582340598106,-0.189622730017,1.36140704155,0.040044374764,0.0658702030778,0.901732444763,0.425366103649
-0.582406401634,-0.189890906215,1.36156821251,0.0394494608045,0.0662615224719,0.90187561512,0.425057411194
-0.58225607872,-0.190015181899,1.36161088943,0.0394743457437,0.0668093040586,0.902139425278,0.424408882856
-0.582380235195,-0.190026029944,1.36174857616,0.0411054342985,0.067377500236,0.90259796381,0.423187404871
-0.582204043865,-0.19008718431,1.36176431179,0.0411942899227,0.0677183866501,0.90286308527,0.422558367252
-0.581456899643,-0.190241202712,1.36170446873,0.0394124127924,0.0676311403513,0.903190910816,0.422041356564
-0.58129632473,-0.190339848399,1.36170291901,0.0394814051688,0.0683129578829,0.903403043747,0.421470582485
-0.580639183521,-0.190613314509,1.36186337471,0.0380626916885,0.0684903487563,0.903930664062,0.420439749956
-0.580400526524,-0.190685227513,1.36188495159,0.0394618175924,0.0701583772898,0.903949201107,0.419995874166
-0.58104634285,-0.190838336945,1.36210656166,0.0422278866172,0.0719077736139,0.903654754162,0.420064628124
-0.580760896206,-0.190829247236,1.36211121082,0.0416937470436,0.0703206285834,0.903928101063,0.419798314571
-0.580629348755,-0.190910831094,1.36210525036,0.0417200103402,0.0704371482134,0.904041349888,0.419532299042
-0.580359637737,-0.190988823771,1.36214804649,0.041319925338,0.0700726136565,0.904284060001,0.419109791517
-0.580060064793,-0.191017821431,1.36215519905,0.0410230271518,0.0693248063326,0.904365539551,0.419087201357
-0.579924106598,-0.191110119224,1.36212944984,0.0423974096775,0.0709178522229,0.90426081419,0.41891014576
-0.579659163952,-0.191142126918,1.36195838451,0.0411569550633,0.0690642297268,0.904693961143,0.418407917023
-0.579477190971,-0.191242605448,1.36200356483,0.0410932600498,0.0687566772103,0.904701828957,0.418447732925
-0.579358756542,-0.191424176097,1.36200428009,0.0410417318344,0.0687846392393,0.904731094837,0.418385058641
-0.57908308506,-0.191574290395,1.36233747005,0.0411134921014,0.068655885756,0.904530465603,0.418832868338
-0.578658998013,-0.191239103675,1.36199629307,0.0425212681293,0.0685073360801,0.904326498508,0.419156521559
-0.578550994396,-0.191343680024,1.36201715469,0.0416184738278,0.0670569986105,0.904498696327,0.419110029936
-0.578384816647,-0.191468909383,1.36205840111,0.0418950989842,0.0673503652215,0.90434640646,0.419364213943
-0.578247666359,-0.191601544619,1.36209774017,0.0421054922044,0.0675244107842,0.904199063778,0.419632762671
-0.578013062477,-0.191680252552,1.36215174198,0.0426597110927,0.0678752884269,0.903891205788,0.420183122158
-0.578013062477,-0.191680252552,1.36215174198,0.0426597110927,0.0678752884269,0.903891205788,0.420183122158
-0.577690899372,-0.191751658916,1.3619338274,0.0433792509139,0.0679716393352,0.903431475163,0.421081513166
-0.578090727329,-0.191852763295,1.36198580265,0.0463035553694,0.0693089738488,0.902736902237,0.422040820122
-0.577787578106,-0.191896125674,1.36196088791,0.0463427864015,0.0697670653462,0.902680456638,0.422081649303
-0.577478706837,-0.192103952169,1.3618928194,0.0459194965661,0.0701972991228,0.9019728899,0.423566609621
-0.577818751335,-0.192095994949,1.36194777489,0.0484333336353,0.0703078359365,0.901234447956,0.424838364124
-0.577152431011,-0.192210614681,1.36195731163,0.0477191135287,0.070191219449,0.900601863861,0.426277369261
-0.577440023422,-0.192305952311,1.36199092865,0.0499318912625,0.071624070406,0.89992159605,0.427221089602
-0.576947510242,-0.192411571741,1.36201918125,0.0493603013456,0.0713482648134,0.899326264858,0.428585201502
-0.576792895794,-0.192499175668,1.3619633913,0.0495148710907,0.0712802261114,0.898775935173,0.429731637239
-0.57615852356,-0.192721784115,1.36187982559,0.048146083951,0.0709263086319,0.898157536983,0.431236058474
-0.576015174389,-0.192727714777,1.3618516922,0.0498485043645,0.0703852325678,0.896919250488,0.433701336384
-0.575796186924,-0.192817404866,1.36184644699,0.0500963106751,0.0704391300678,0.896180391312,0.435188919306
-0.575545489788,-0.192926257849,1.36185228825,0.051028445363,0.0715324580669,0.89554297924,0.436213254929
-0.575293779373,-0.193050593138,1.36188709736,0.0500480718911,0.0701043009758,0.895038366318,0.437592387199
-0.575655698776,-0.19313955307,1.36189627647,0.0500063635409,0.070915967226,0.895182073116,0.437171936035
-0.574789524078,-0.193721815944,1.36214005947,0.0474071800709,0.0708274617791,0.894253373146,0.439371198416
-0.574416995049,-0.193636417389,1.3620814085,0.0476176887751,0.0699978992343,0.893689036369,0.44062769413
-0.574153244495,-0.193800389767,1.36208581924,0.0483831018209,0.071738652885,0.893480837345,0.44068646431
-0.574066638947,-0.19390141964,1.36214399338,0.0488271340728,0.070868216455,0.892553031445,0.44265422225
-0.574382662773,-0.193688347936,1.36191487312,0.0499751716852,0.0693657323718,0.892200052738,0.443475157022
-0.573911011219,-0.194056108594,1.36213302612,0.04905070737,0.0688153505325,0.891526639462,0.445015400648
-0.574032664299,-0.194111451507,1.36205434799,0.0507271252573,0.0682831704617,0.890412211418,0.447135716677
-0.573853254318,-0.194075956941,1.36205875874,0.0514738298953,0.0673518627882,0.88980025053,0.448408007622
-0.573822021484,-0.194149166346,1.36204135418,0.0523013621569,0.0661111101508,0.889323055744,0.449442476034
-0.5738722682,-0.1943770051,1.36204338074,0.0529481843114,0.066083624959,0.888695597649,0.450610280037
-0.573881268501,-0.194567069411,1.36204516888,0.0529458485544,0.0645636543632,0.887988865376,0.452221214771
-0.57371199131,-0.19469794631,1.36203444004,0.0538104213774,0.0649709403515,0.887568712234,0.452885299921
-0.573713779449,-0.194776281714,1.36204361916,0.0543211102486,0.0645351782441,0.887012124062,0.453975886106
-0.574494600296,-0.194367691875,1.36178612709,0.058312676847,0.0639041215181,0.886560678482,0.454451322556
-0.574486017227,-0.194471493363,1.3618016243,0.0589404851198,0.0636429190636,0.886096477509,0.455311477184
-0.573934018612,-0.194515153766,1.36177361012,0.057960793376,0.0634980797768,0.886264622211,0.455130398273
-0.573989212513,-0.194702059031,1.36178994179,0.0586633384228,0.0624781772494,0.885302424431,0.457050085068
-0.57401496172,-0.194667339325,1.36182308197,0.05972520262,0.0631080716848,0.885338187218,0.456756621599
-0.574025690556,-0.194756492972,1.36182022095,0.0604268833995,0.0630460456014,0.884899556637,0.457522302866
-0.574069499969,-0.194883674383,1.36179029942,0.061334900558,0.0618670545518,0.884023845196,0.459252148867
-0.574093699455,-0.194939374924,1.36180233955,0.0621702633798,0.0619162134826,0.883563041687,0.460019141436
-0.574100017548,-0.194992825389,1.36181688309,0.0627525299788,0.0616328455508,0.883099973202,0.460866689682
-0.574078202248,-0.194967702031,1.36183488369,0.0634686797857,0.0629609078169,0.883248746395,0.4603035748
-0.57393270731,-0.195087298751,1.3617978096,0.063566736877,0.06140865013,0.881905674934,0.463066518307
-0.573910653591,-0.195039734244,1.36181294918,0.0639818161726,0.0622211918235,0.882056891918,0.462612807751
-0.574000298977,-0.195082515478,1.36189699173,0.0645614862442,0.0622778497636,0.881739079952,0.463130146265
-0.573922336102,-0.195011466742,1.36186158657,0.0647826418281,0.0615503489971,0.881308853626,0.464014708996
-0.573824226856,-0.195084363222,1.36192750931,0.0647305473685,0.0603890158236,0.880367457867,0.465957432985
-0.573877513409,-0.195069953799,1.36194634438,0.0650617554784,0.0603341646492,0.880024909973,0.466565161943
-0.573498427868,-0.195477977395,1.36248481274,0.0636863261461,0.0607831701636,0.879507362843,0.467671215534
-0.573586404324,-0.195396497846,1.36233401299,0.0640195831656,0.0607533380389,0.87920987606,0.468188464642
-0.573477506638,-0.195264965296,1.36240565777,0.0636537373066,0.0613533146679,0.879570245743,0.467483043671
-0.573690116405,-0.195029675961,1.36229395866,0.0644332617521,0.0594955794513,0.878590583801,0.46945437789
-0.573583424091,-0.195009499788,1.36232972145,0.0639936029911,0.0590366832912,0.878341078758,0.470038950443
-0.573659598827,-0.194845795631,1.36216902733,0.0642386451364,0.0598512366414,0.87866038084,0.469305038452
-0.573610544205,-0.194877043366,1.36215388775,0.0637904331088,0.0585629492998,0.877902507782,0.470944106579
-0.573184251785,-0.195103481412,1.3623752594,0.0620073191822,0.0583730228245,0.877521336079,0.471915215254
-0.573093056679,-0.194915056229,1.36233043671,0.061710074544,0.059060588479,0.877790033817,0.471368730068
-0.572979331017,-0.194607332349,1.36223864555,0.0615088269114,0.0581220909953,0.877550780773,0.471956908703
-0.573049008846,-0.194747388363,1.36229646206,0.0612132623792,0.0588676184416,0.87709903717,0.472741931677
-0.572757124901,-0.194614008069,1.36222207546,0.0600727535784,0.0578938983381,0.876959860325,0.473266392946
-0.572804391384,-0.1946529001,1.36220955849,0.0597775541246,0.056834384799,0.876144349575,0.474939525127
-0.572930037975,-0.194674745202,1.36223244667,0.0597821623087,0.0574759244919,0.875647366047,0.475777626038
-0.572949528694,-0.194538295269,1.36211025715,0.0596868433058,0.0575331375003,0.875225841999,0.476557821035
-0.572639107704,-0.194401338696,1.3622174263,0.0588587373495,0.0567438006401,0.874884605408,0.477381080389
-0.572548151016,-0.194251954556,1.36212992668,0.0584875307977,0.0564746558666,0.874600052834,0.477979749441
-0.572594285011,-0.194145292044,1.3619761467,0.0584983713925,0.0565812923014,0.874416530132,0.478301525116
-0.572520315647,-0.194032028317,1.36192393303,0.058185018599,0.0566046796739,0.874261081219,0.478620886803
-0.572307825089,-0.19400331378,1.36206173897,0.0574449822307,0.0565649978817,0.873921632767,0.479334592819
-0.572402358055,-0.193620026112,1.36159133911,0.0580886043608,0.0559706091881,0.8738514781,0.479454636574
-0.572378337383,-0.193526685238,1.36147677898,0.0580999590456,0.0560829974711,0.873691320419,0.479731917381
-0.572166919708,-0.19345317781,1.36152946949,0.0574913844466,0.0559285506606,0.873302519321,0.480530381203
-0.572138488293,-0.193345651031,1.36136806011,0.0576280541718,0.0559705868363,0.873209476471,0.480678200722
-0.571955502033,-0.193251997232,1.36133098602,0.0573750957847,0.0558862015605,0.872954964638,0.481180429459
-0.57190734148,-0.193197280169,1.36127769947,0.0574478581548,0.0561906322837,0.872601628304,0.481776684523
-0.571866333485,-0.193120449781,1.36109888554,0.0577897131443,0.0563511438668,0.872680902481,0.481573373079
-0.571667194366,-0.192941352725,1.36099529266,0.0577099584043,0.0560402274132,0.872201144695,0.482487678528
-0.572043061256,-0.192745685577,1.3609893322,0.0596814230084,0.0566300489008,0.871881127357,0.482757329941
-0.571845531464,-0.192582413554,1.36092853546,0.0596930086613,0.0563336759806,0.871477305889,0.483519107103
-0.571876525879,-0.192563399673,1.36088323593,0.0601872503757,0.0570479221642,0.870961010456,0.484303623438
-0.571496665478,-0.192428857088,1.36075532436,0.0598398260772,0.0566853918135,0.870453596115,0.485300540924
-0.570906698704,-0.192405328155,1.36088609695,0.0588083453476,0.0562518425286,0.869886755943,0.486491888762
-0.571187496185,-0.1922416538,1.36077094078,0.0606016330421,0.0569190569222,0.869398355484,0.487066835165
-0.570167720318,-0.192425623536,1.36075377464,0.0577716045082,0.0563446246088,0.869011044502,0.488167494535
-0.570380330086,-0.192472681403,1.36075294018,0.0590931884944,0.0576414354146,0.868101835251,0.48947378993
-0.570132553577,-0.192389801145,1.36063420773,0.0594833754003,0.0577692985535,0.867809355259,0.489930003881
-0.569920957088,-0.192206636071,1.36057984829,0.0600990466774,0.0576790310442,0.867078900337,0.491157323122
-0.569798767567,-0.192103326321,1.36054229736,0.0606397539377,0.0578193813562,0.86647850275,0.492132812738
-0.56964558363,-0.192028105259,1.36059463024,0.0610891990364,0.0578408278525,0.865806460381,0.493256360292
-0.569531559944,-0.191946670413,1.36058604717,0.0618585012853,0.0579484924674,0.865119993687,0.494350999594
-0.569377303123,-0.191791638732,1.36039471626,0.0622074380517,0.0578483007848,0.864657282829,0.495127916336
-0.569274783134,-0.191713020205,1.36044096947,0.0626231208444,0.057988345623,0.864048421383,0.496121048927
-0.569115936756,-0.191668048501,1.36047840118,0.063311971724,0.0580502711236,0.863120436668,0.497639417648
-0.569016098976,-0.191689029336,1.36060428619,0.0636631846428,0.0585521198809,0.862516701221,0.498581588268
-0.568875253201,-0.191565230489,1.36068689823,0.0645757168531,0.0585219562054,0.861567139626,0.500107347965
-0.568569779396,-0.191704019904,1.36097824574,0.064881272614,0.0590434372425,0.860811948776,0.50130546093
-0.5684928298,-0.191514521837,1.36100065708,0.0655150935054,0.0599884204566,0.860343873501,0.501913845539
-0.568479657173,-0.191699326038,1.36108148098,0.0659633502364,0.0596701689065,0.858845591545,0.504452764988
-0.568522632122,-0.191782206297,1.36123156548,0.0670901983976,0.0606138110161,0.857881903648,0.505829513073
-0.568640351295,-0.191335529089,1.36090862751,0.0682929903269,0.0597564019263,0.85725235939,0.50683683157
-0.5686211586,-0.191205099225,1.3609623909,0.0694334879518,0.0597507692873,0.855818152428,0.509101271629
-0.568603038788,-0.191431596875,1.36131691933,0.0694402083755,0.0603854358196,0.854881167412,0.510597646236
-0.568505883217,-0.191404178739,1.361353755,0.0701332613826,0.0603698007762,0.853721022606,0.512442469597
-0.568543493748,-0.191343322396,1.36143517494,0.0706656351686,0.0616103671491,0.853323161602,0.51288408041
-0.568615019321,-0.191078662872,1.3614577055,0.0715518146753,0.061282929033,0.851986646652,0.515017926693
-0.568910181522,-0.19075936079,1.36109352112,0.0733976811171,0.0612918846309,0.851165115833,0.516114532948
-0.56875449419,-0.19121453166,1.36161780357,0.0722071453929,0.0621631368995,0.849616646767,0.518722891808
-0.568794906139,-0.190958127379,1.36158359051,0.0728545561433,0.0613614879549,0.848505556583,0.520543336868
-0.56891220808,-0.190905749798,1.36172497272,0.0737290456891,0.0615466237068,0.84738022089,0.522228717804
-0.569149374962,-0.190980523825,1.36178433895,0.0748422667384,0.0613768622279,0.845319151878,0.52542090416
-0.569370687008,-0.190832570195,1.36171007156,0.0754755362868,0.0611012727022,0.844255447388,0.527069985867
-0.56946849823,-0.190588921309,1.36172831059,0.075970441103,0.0601456537843,0.843013644218,0.529092609882
-0.569594740868,-0.190595716238,1.36190724373,0.0764182582498,0.0603155083954,0.841914892197,0.53075581789
-0.569736599922,-0.190437093377,1.36200833321,0.0767968595028,0.0598467476666,0.840481758118,0.533020794392
-0.56996768713,-0.190237239003,1.36207723618,0.0773179084063,0.0608372278512,0.840076029301,0.533472716808
-0.570279359818,-0.190214976668,1.36212587357,0.0780494064093,0.0612458772957,0.838751852512,0.535399317741
-0.570500254631,-0.190014079213,1.36215209961,0.0786507204175,0.059831943363,0.837024509907,0.538167476654
-0.570891559124,-0.190018385649,1.36235570908,0.079130217433,0.0596889741719,0.835207760334,0.540928602219
-0.571338474751,-0.189793676138,1.36208319664,0.0799076855183,0.0594297200441,0.834519147873,0.541904747486
-0.571224689484,-0.189630404115,1.36233234406,0.0793500244617,0.058253813535,0.833076238632,0.544329047203
-0.571660161018,-0.189571216702,1.36239349842,0.0798907950521,0.059233892709,0.832254767418,0.545399904251
-0.571734011173,-0.188911154866,1.36235499382,0.0806509330869,0.0563197135925,0.831090211868,0.547368705273
-0.572084784508,-0.188665241003,1.36209487915,0.0805705934763,0.0551766045392,0.830196082592,0.548852026463
-0.572725296021,-0.18894213438,1.36227285862,0.0808851569891,0.0568349696696,0.829018354416,0.550414502621
-0.57284373045,-0.188939079642,1.36253237724,0.0803677588701,0.0562709867954,0.827639579773,0.552618741989
-0.573137402534,-0.188746929169,1.36255705357,0.0808946043253,0.0558719709516,0.826526522636,0.554245889187
-0.573287367821,-0.188448116183,1.36222827435,0.0806146636605,0.0546371154487,0.826099336147,0.555046021938
-0.574048638344,-0.188501209021,1.36234986782,0.0814142748713,0.055853638798,0.824902176857,0.556586325169
-0.574420213699,-0.188385739923,1.3624124527,0.0814633890986,0.0568665526807,0.82468765974,0.556794583797
-0.574808061123,-0.188070490956,1.36235284805,0.0807757377625,0.0554264448583,0.823989391327,0.558072447777
-0.575113415718,-0.187896847725,1.36233389378,0.0805172994733,0.0547093935311,0.823191523552,0.559356451035
-0.575211167336,-0.187739506364,1.36221694946,0.079832367599,0.0524899587035,0.821899116039,0.561563611031
-0.575875222683,-0.187634050846,1.36220610142,0.0806953534484,0.0527619086206,0.820798099041,0.563023030758
-0.576192855835,-0.187536388636,1.3621931076,0.0803363993764,0.0535036623478,0.821444392204,0.562061131001
-0.576587915421,-0.187247723341,1.36212897301,0.0802766010165,0.0524958893657,0.820488333702,0.563559055328
-0.577054023743,-0.187149375677,1.36212134361,0.0803997665644,0.052538536489,0.819927215576,0.564353704453
-0.577246904373,-0.186980456114,1.36204957962,0.0802939906716,0.0521111451089,0.819579958916,0.564912497997
-0.577697992325,-0.18675737083,1.36201393604,0.0799855738878,0.0512292198837,0.819139361382,0.565675258636
-0.578083336353,-0.186725884676,1.36198055744,0.0793551877141,0.0495138354599,0.818474292755,0.566878318787
-0.578352212906,-0.186509087682,1.36189520359,0.0787882953882,0.0485875457525,0.817956328392,0.567784428596
-0.578797221184,-0.186387509108,1.36189126968,0.0786861032248,0.0487932264805,0.817785739899,0.568026483059
-0.579095244408,-0.186141192913,1.36185979843,0.0785181522369,0.0492037124932,0.818434894085,0.567078769207
-0.57923156023,-0.186040684581,1.36179208755,0.0779002085328,0.047515463084,0.817853391171,0.568145871162
-0.579935371876,-0.185732200742,1.36174345016,0.0793860182166,0.0488285534084,0.817868471146,0.567807137966
-0.58021068573,-0.185548245907,1.3617156744,0.0789720118046,0.0482143945992,0.817732274532,0.56811350584
-0.580480635166,-0.185353711247,1.36169290543,0.0787857547402,0.047709710896,0.817543029785,0.568454086781
-0.580758571625,-0.185182645917,1.36167597771,0.0785161629319,0.0473157204688,0.817488670349,0.568602502346
-0.581024348736,-0.18500880897,1.36166679859,0.0781901180744,0.0466967187822,0.817539274693,0.568625807762
-0.581280946732,-0.184903517365,1.3616310358,0.0778728872538,0.0452215485275,0.816626429558,0.570098459721
-0.581532776356,-0.184767559171,1.36159193516,0.0769686847925,0.0452208183706,0.817109286785,0.569529116154
-0.581785738468,-0.18451808393,1.36162912846,0.0773451551795,0.0453586801887,0.817463159561,0.568959116936
-0.581989407539,-0.184417128563,1.3616027832,0.0762688815594,0.0447826087475,0.817385673523,0.56926125288
-0.582177996635,-0.184223413467,1.36157512665,0.0765010267496,0.0445270575583,0.817053556442,0.569726705551
-0.582229912281,-0.183877378702,1.36155200005,0.076225027442,0.0447616316378,0.818143606186,0.568178832531
-0.5824187994,-0.183790445328,1.36153137684,0.0758553892374,0.0430409237742,0.817396342754,0.569435536861
-0.582582235336,-0.183526128531,1.36150407791,0.0756803229451,0.0439868122339,0.818387389183,0.567961215973
-0.5827511549,-0.183350637555,1.36145138741,0.0755233317614,0.0439447276294,0.818544387817,0.567758858204
-0.582900643349,-0.18312972784,1.3614180088,0.0753094255924,0.0438008643687,0.818825364113,0.567393183708
-0.58305311203,-0.183052495122,1.3613973856,0.0749397054315,0.0423778109252,0.818221509457,0.568420410156
-0.583106696606,-0.182923302054,1.36136317253,0.0738927945495,0.0422861799598,0.819090425968,0.567311704159
-0.58323854208,-0.182684972882,1.36131644249,0.0743008852005,0.0422012768686,0.81869071722,0.567841589451
-0.583310544491,-0.182507902384,1.36130940914,0.0741792172194,0.0421814993024,0.818895995617,0.567562878132
-0.583401024342,-0.182368680835,1.36127889156,0.0739736035466,0.042332816869,0.819253265858,0.567062616348
-0.583454728127,-0.182233601809,1.36126291752,0.0737911835313,0.0424523986876,0.819444417953,0.566801309586
-0.583488643169,-0.182063892484,1.36121916771,0.0734348371625,0.042414188385,0.819781184196,0.566363155842
-0.583495974541,-0.181945353746,1.36119902134,0.0729888007045,0.0425108224154,0.820072770119,0.565991461277
-0.5834851861,-0.181778103113,1.36114501953,0.0728739947081,0.0426921024919,0.820525169373,0.565336346626
-0.583518862724,-0.181629002094,1.3611344099,0.0727747604251,0.0426876284182,0.820720076561,0.565066576004
-0.583501458168,-0.181436136365,1.36106944084,0.072510547936,0.0425450541079,0.820931136608,0.56480461359
-0.583601891994,-0.181303605437,1.36110258102,0.0723686888814,0.0422798320651,0.82106345892,0.564650416374
-0.583571791649,-0.181152373552,1.36108672619,0.0717067271471,0.0420684665442,0.821518659592,0.564088225365
-0.583576858044,-0.18096627295,1.36105155945,0.0712268725038,0.0418591462076,0.821847617626,0.563685238361
-0.583594143391,-0.180812567472,1.36105191708,0.0712453350425,0.0414897762239,0.821952939034,0.563556492329
-0.583691120148,-0.180752545595,1.36106109619,0.0709640085697,0.0418880805373,0.82230246067,0.563052594662
-0.58369320631,-0.180523425341,1.36107051373,0.0711457207799,0.0420095995069,0.822881877422,0.562173426151
-0.583324015141,-0.180299907923,1.3609098196,0.0701538026333,0.0421556830406,0.824015557766,0.560624361038
-0.583318889141,-0.180155679584,1.36089897156,0.0699277445674,0.0421855337918,0.824136018753,0.560473322868
-0.583184540272,-0.180156394839,1.3611805439,0.0694472268224,0.0408670678735,0.823321402073,0.561826467514
-0.583524227142,-0.180034965277,1.36099803448,0.0702470913529,0.0421153828502,0.823537409306,0.561318039894
-0.583568453789,-0.180031150579,1.36128139496,0.0704413503408,0.0426511652768,0.823387205601,0.561473548412
-0.583514034748,-0.179917037487,1.36125230789,0.0701896026731,0.0431164316833,0.823561728001,0.561213493347
-0.583530902863,-0.179892197251,1.36126589775,0.0701660364866,0.0440478138626,0.823782801628,0.560819268227
-0.583442926407,-0.179726675153,1.36124658585,0.0703874453902,0.0442608036101,0.82380437851,0.560743331909
-0.583015799522,-0.179257959127,1.36110055447,0.070168569684,0.0444315038621,0.824717819691,0.559412956238
-0.582598507404,-0.179007768631,1.36086583138,0.0697401240468,0.0429707579315,0.824222028255,0.560310721397
-0.582674384117,-0.179103717208,1.36094939709,0.0706669017673,0.0445437245071,0.823912620544,0.560526669025
-0.582569718361,-0.178923428059,1.36095380783,0.0703811869025,0.0443275496364,0.823824584484,0.560709059238
-0.582325518131,-0.17874699831,1.36094582081,0.0701472833753,0.0441766344011,0.823742091656,0.5608715415
-0.582005679607,-0.178624346852,1.36094641685,0.0702167749405,0.0445858947933,0.824004352093,0.560444891453
-0.58207577467,-0.178362458944,1.36083710194,0.0702705085278,0.0440175905824,0.824153780937,0.560263454914
-0.58160340786,-0.178218081594,1.36086082458,0.0695471167564,0.0434287823737,0.824187397957,0.560350120068
-0.581596374512,-0.178017124534,1.36081576347,0.0699238702655,0.0429451614618,0.824108541012,0.560456633568
-0.581272542477,-0.17790299654,1.36087930202,0.0690484046936,0.0422923378646,0.823958694935,0.560834825039
-0.580825746059,-0.177573978901,1.36072206497,0.0684799924493,0.0408301576972,0.824602305889,0.560066580772
-0.580591022968,-0.177418187261,1.36068749428,0.0679802075028,0.0400266461074,0.824640631676,0.560128986835
-0.580549240112,-0.177450060844,1.36084139347,0.0671615600586,0.040355283767,0.824452638626,0.560480833054
-0.580491006374,-0.177341356874,1.36085963249,0.0678224638104,0.0401238463819,0.824109137058,0.56092274189
-0.580228149891,-0.177046000957,1.36087346077,0.0675517916679,0.0392148606479,0.823950707912,0.561252295971
-0.580133795738,-0.176946267486,1.36092150211,0.0674711316824,0.0391267202795,0.824036955833,0.56114166975
-0.580097079277,-0.176642403007,1.36091530323,0.0676328837872,0.0382359065115,0.82388484478,0.56140679121
-0.579896450043,-0.17631572485,1.36093652248,0.0676293894649,0.0381920300424,0.82469701767,0.560216546059
-0.579436302185,-0.176078677177,1.36083209515,0.0663061589003,0.0351792313159,0.824228405952,0.561260700226
-0.579200088978,-0.175809130073,1.36077570915,0.0652353391051,0.0362584851682,0.825595259666,0.559305012226
-0.579567670822,-0.175816729665,1.36095702648,0.0669473260641,0.035976074636,0.823962807655,0.561523914337
-0.579556584358,-0.175716638565,1.3609367609,0.0666923895478,0.0365557894111,0.824703752995,0.560427904129
-0.57935154438,-0.175624355674,1.36093914509,0.0656196847558,0.0363667570055,0.825257658958,0.559751272202
-0.579527497292,-0.175375625491,1.36095523834,0.0666881948709,0.0352363549173,0.82445281744,0.560882151127
-0.579608678818,-0.175307273865,1.36104500294,0.0668379813433,0.0351158455014,0.824333369732,0.561047375202
-0.57953286171,-0.175274506211,1.36106801033,0.0661438256502,0.0356058143079,0.824978351593,0.56015008688
-0.57954710722,-0.175127893686,1.36107981205,0.0663907453418,0.0351600907743,0.824663639069,0.560612201691
-0.579706132412,-0.174909189343,1.36106216908,0.0669267252088,0.0340216979384,0.82411390543,0.561426460743
-0.579755544662,-0.174805298448,1.36105525494,0.0664505064487,0.0336658582091,0.824320197105,0.561201632023
-0.579757034779,-0.174747303128,1.3610394001,0.066193215549,0.0337754264474,0.824399411678,0.56110906601
-0.579661488533,-0.174615159631,1.36097037792,0.0646649226546,0.027181122452,0.824341654778,0.56172990799
-0.579723060131,-0.17454354465,1.36094534397,0.0645113661885,0.0271840523928,0.824341118336,0.56174826622
-0.579778432846,-0.174480497837,1.36093187332,0.064247995615,0.0269113443792,0.824234604836,0.561947882175
-0.579827070236,-0.174409374595,1.36091566086,0.064221970737,0.0266845617443,0.824110150337,0.562144160271
-0.57984316349,-0.174372226,1.36089253426,0.0640332251787,0.0265908017755,0.824301898479,0.561888933182
-0.579887270927,-0.174291551113,1.36085343361,0.0641472712159,0.0263524949551,0.824242174625,0.561974704266
-0.580001354218,-0.174187287688,1.36083674431,0.0644078552723,0.0259328577667,0.823894798756,0.562473595142
-0.580087006092,-0.174119636416,1.36081552505,0.0643511265516,0.0276768300682,0.823922932148,0.56235575676
-0.580170869827,-0.174068599939,1.36079180241,0.0643964260817,0.027571791783,0.82388406992,0.5624127388
-0.58026444912,-0.173944234848,1.36076056957,0.0653619021177,0.0302630309016,0.823888897896,0.562155902386
-0.580367684364,-0.173934802413,1.3607417345,0.064572378993,0.0251171775162,0.823733210564,0.562728404999
-0.580504417419,-0.173910066485,1.36070752144,0.0641364678741,0.0249514523894,0.824075996876,0.562283575535
-0.580618143082,-0.173858210444,1.360683918,0.0641828924417,0.0247606020421,0.824093639851,0.562260746956
-0.580793023109,-0.173818081617,1.36066997051,0.0643932819366,0.0246946364641,0.824110269547,0.562215387821
-0.58093893528,-0.173775956035,1.36064326763,0.0645240023732,0.0245741028339,0.824162721634,0.562128782272
-0.581123352051,-0.173714905977,1.36064493656,0.0652257874608,0.0246198326349,0.824054419994,0.56220459938
-0.581217765808,-0.173636779189,1.36061775684,0.0646381229162,0.0241445451975,0.824545621872,0.561572372913
-0.581343233585,-0.173575699329,1.36069047451,0.065211057663,0.0240545384586,0.824369609356,0.561768472195
-0.581519901752,-0.173519641161,1.36067092419,0.0647127330303,0.0236798133701,0.824754953384,0.561276197433
-0.581765532494,-0.173540130258,1.36069238186,0.0653526037931,0.0261422861367,0.82466173172,0.561229765415
-0.581910133362,-0.173513025045,1.36068046093,0.0652772188187,0.0261885020882,0.824952602386,0.560808598995
-0.582086205482,-0.173427537084,1.36067187786,0.065621085465,0.0256068445742,0.824964463711,0.560777962208
-0.582245767117,-0.173373699188,1.36065340042,0.0657926350832,0.0255574323237,0.825100779533,0.56055945158
-0.582224965096,-0.173444330692,1.36068558693,0.065653629601,0.0267460849136,0.825632214546,0.559737205505
-0.582415044308,-0.173447847366,1.36069226265,0.0660144016147,0.0269247815013,0.825778543949,0.559470236301
-0.582567334175,-0.17334741354,1.36068153381,0.066263653338,0.0266885496676,0.825874567032,0.559310495853
-0.58285433054,-0.173163160682,1.3606544733,0.066786788404,0.0259364172816,0.825502753258,0.559832155704
-0.582292854786,-0.173000887036,1.36051928997,0.0651165246964,0.0232766270638,0.826710164547,0.558362424374
-0.582877159119,-0.173033028841,1.36063289642,0.0676566883922,0.030678819865,0.82653003931,0.557969033718
-0.583179533482,-0.173056229949,1.36068570614,0.0683024451137,0.0315462760627,0.826339185238,0.558124661446
-0.583238244057,-0.172920018435,1.36060547829,0.0683777108788,0.0315700992942,0.826430857182,0.557978391647
-0.583307027817,-0.172822356224,1.36057257652,0.0682276934385,0.0319151356816,0.826533257961,0.557825446129
-0.583390057087,-0.172585263848,1.36050713062,0.0683607906103,0.0316555388272,0.826347112656,0.558099508286
-0.582985341549,-0.172192052007,1.36035585403,0.0676948949695,0.0296298675239,0.826457858086,0.55812805891
-0.583099365234,-0.172065466642,1.36038839817,0.0674975439906,0.0302849765867,0.8263194561,0.558321654797
-0.583231031895,-0.171965256333,1.36043834686,0.0672749951482,0.0307677928358,0.826312184334,0.558332800865
-0.583378255367,-0.17167545855,1.36026906967,0.0674448534846,0.0309571716934,0.826129436493,0.558572351933
-0.583627343178,-0.171542495489,1.36027240753,0.0673490762711,0.0308268591762,0.82579267025,0.559088885784
-0.583855867386,-0.171174019575,1.36025595665,0.0679335743189,0.0295868758112,0.825393676758,0.559673905373
-0.58425706625,-0.171192482114,1.36044561863,0.0689765512943,0.0324364192784,0.825013279915,0.559949398041
-0.58389467001,-0.170949473977,1.36036252975,0.0678651407361,0.0309649761766,0.825115203857,0.560018241405
-0.584590673447,-0.170628890395,1.36051225662,0.0726219639182,0.0324534401298,0.822751283646,0.562808394432
-0.584115028381,-0.170572832227,1.3604323864,0.0673351287842,0.033063236624,0.824667334557,0.560621619225
-0.584651827812,-0.170587837696,1.36056184769,0.0677366480231,0.036124881357,0.824873030186,0.560081422329
-0.584852397442,-0.170463576913,1.36059832573,0.0674632564187,0.0354948081076,0.824189543724,0.561159968376
-0.585079610348,-0.170360922813,1.36064612865,0.0674644559622,0.0377811342478,0.825070500374,0.559714078903
-0.585392355919,-0.170308679342,1.36075341702,0.0678343325853,0.0401065014303,0.82455176115,0.560271799564
-0.58573448658,-0.170135527849,1.36068856716,0.0670695602894,0.0408074744046,0.824922800064,0.559766709805
-0.585859954357,-0.169941037893,1.36083722115,0.0680752620101,0.0418603047729,0.824845731258,0.559681415558
-0.586076259613,-0.169843196869,1.36087965965,0.0677153989673,0.0424999296665,0.825176775455,0.559188365936
-0.586325109005,-0.169733226299,1.36094725132,0.0672860518098,0.0439659245312,0.825636208057,0.558448255062
-0.586585402489,-0.169567152858,1.36106777191,0.0687617436051,0.0454907938838,0.826013624668,0.557587683201
-0.586764335632,-0.169572934508,1.36112618446,0.0685886591673,0.0463217310607,0.826197206974,0.557268440723
-0.586949586868,-0.169537618756,1.36119544506,0.0681137368083,0.0475062318146,0.82715690136,0.555801451206
-0.587155580521,-0.169390872121,1.36106455326,0.0691349804401,0.0481835156679,0.827554106712,0.555025160313
-0.587362229824,-0.169489264488,1.36128878593,0.0689719095826,0.0492813885212,0.828511536121,0.553518772125
-0.587586462498,-0.169489905238,1.36135447025,0.0690739676356,0.0499838367105,0.829203367233,0.552405893803
-0.587680995464,-0.169371366501,1.36154901981,0.0689092501998,0.0505190528929,0.829696238041,0.551637113094
-0.58784866333,-0.169327884912,1.36158871651,0.0691891014576,0.0511121340096,0.830267727375,0.550686836243
-0.588009357452,-0.169249638915,1.36143434048,0.0690572112799,0.0517501197755,0.831349611282,0.549009144306
-0.588173747063,-0.169245898724,1.36149251461,0.0691697895527,0.0524696670473,0.832022666931,0.547905862331
-0.588450431824,-0.169408753514,1.36156857014,0.0694877207279,0.0535528734326,0.832702517509,0.546726644039
-0.588380515575,-0.169007018209,1.36139571667,0.0691304504871,0.0519680529833,0.833963155746,0.545000731945
-0.588843405247,-0.169400557876,1.36165845394,0.0698282122612,0.0543700680137,0.834030807018,0.54457372427
-0.588839411736,-0.169062271714,1.36152887344,0.0698734149337,0.0532859116793,0.834776937962,0.543531000614
-0.589155733585,-0.16903911531,1.36169052124,0.0698853284121,0.0536523200572,0.834945440292,0.543234467506
-0.589644610882,-0.169076159596,1.36158263683,0.0705621242523,0.0547790899873,0.83578979969,0.541734039783
-0.589753210545,-0.16895930469,1.36156189442,0.0714193359017,0.0556877590716,0.836274981499,0.540779352188
-0.590005576611,-0.169016182423,1.36163663864,0.0720603913069,0.057627055794,0.836524069309,0.540105462074
-0.590182185173,-0.168982967734,1.36161923409,0.0720897167921,0.0578396655619,0.836814820766,0.539628267288
-0.590831935406,-0.169545426965,1.36192858219,0.0728720426559,0.0610812157393,0.836371362209,0.539853513241
-0.590794503689,-0.169169902802,1.36173307896,0.07338681072,0.0590582489967,0.83574038744,0.540984690189
-0.590448141098,-0.16902884841,1.36162853241,0.0728769749403,0.0583801753819,0.83573371172,0.541137576103
-0.591415166855,-0.169716998935,1.36199116707,0.0740219950676,0.0629663616419,0.834441840649,0.542460083961
-0.591522812843,-0.169731646776,1.36196434498,0.0736798346043,0.0643063187599,0.83512121439,0.541302800179
-0.591793239117,-0.169660389423,1.36199867725,0.0750130861998,0.0649575740099,0.833993852139,0.542777836323
-0.591853797436,-0.16961543262,1.36194360256,0.0753990709782,0.0654867812991,0.833458423615,0.543482661247
-0.592001736164,-0.169551923871,1.36191952229,0.0759544149041,0.0657541081309,0.832864642143,0.544282972813
-0.592580020428,-0.169614702463,1.36189603806,0.077231362462,0.0662234947085,0.83104211092,0.546826124191
-0.592580020428,-0.169614702463,1.36189603806,0.077231362462,0.0662234947085,0.83104211092,0.546826124191
-0.592411518097,-0.169499129057,1.3617721796,0.0773537531495,0.065817900002,0.829885542393,0.548611402512
-0.592521190643,-0.169407457113,1.36169838905,0.0778692513704,0.0658927857876,0.829100966454,0.549714565277
-0.592662572861,-0.169192001224,1.36161029339,0.0792200118303,0.0669897645712,0.82861584425,0.550120413303
-0.59276664257,-0.169063284993,1.36153244972,0.0792720243335,0.0667320042849,0.827958405018,0.551133215427
-0.59283810854,-0.168902918696,1.36145949364,0.0808847397566,0.0669948756695,0.826928496361,0.552411735058
-0.592959463596,-0.168704897165,1.36136078835,0.0820096433163,0.0665420889854,0.825930178165,0.553792178631
-0.593101084232,-0.168577671051,1.36126995087,0.0817175358534,0.0650918856263,0.824359476566,0.556342422962
-0.593171238899,-0.168355241418,1.36120831966,0.0829628035426,0.0661834776402,0.823933601379,0.5566598773
-0.593154966831,-0.16815379262,1.36113357544,0.0831532999873,0.0657371133566,0.823544502258,0.557259976864
-0.592786252499,-0.167773142457,1.36092638969,0.0829171091318,0.0638806670904,0.82308703661,0.558186113834
-0.593272209167,-0.167712435126,1.36095523834,0.0843379572034,0.063924305141,0.820808827877,0.561314284801
-0.593448638916,-0.167050421238,1.36082231998,0.0871986970305,0.0632631108165,0.818809330463,0.563866734505
-0.593738138676,-0.166820138693,1.36072230339,0.0876940712333,0.0635796785355,0.818280220032,0.56452190876
-0.593551337719,-0.166367724538,1.36052525043,0.0878514945507,0.0628656744957,0.817923903465,0.565093278885
-0.593552172184,-0.166129618883,1.36055886745,0.0886786952615,0.062445923686,0.817016005516,0.566322863102
-0.593624889851,-0.165849864483,1.3605183363,0.08926653862,0.0624026842415,0.815947830677,0.567773401737
-0.593736290932,-0.165476769209,1.36050510406,0.0914261192083,0.061838041991,0.814288258553,0.56987029314
-0.593312203884,-0.164890095592,1.36030352116,0.0905186906457,0.0589286983013,0.812886059284,0.572319984436
-0.593499422073,-0.164752230048,1.36042332649,0.0913301408291,0.0613750554621,0.813312292099,0.571327447891
-0.592955768108,-0.164273515344,1.36027956009,0.090778529644,0.05856731534,0.812253177166,0.573213636875
-0.592825472355,-0.163821086287,1.36027860641,0.0913852974772,0.0591002032161,0.81201928854,0.57339400053
-0.592733502388,-0.163221150637,1.36023116112,0.0934659838676,0.0578590668738,0.810324430466,0.57557874918
-0.593027591705,-0.16302908957,1.36033725739,0.0943855345249,0.0598693788052,0.809255957603,0.576725065708
-0.592594444752,-0.162736311555,1.36036252975,0.0937433168292,0.0596557632089,0.808444738388,0.577988386154
-0.592488765717,-0.162462204695,1.36041474342,0.0941890925169,0.0600191280246,0.807859063148,0.578696727753
-0.592398762703,-0.162292957306,1.36048686504,0.0935912802815,0.061559855938,0.807788193226,0.578730821609
-0.592194080353,-0.161869451404,1.36053335667,0.0924475342035,0.0609545633197,0.80735707283,0.579579770565
-0.592034459114,-0.16152779758,1.36059832573,0.0930450186133,0.0614260993898,0.806602656841,0.580483913422
-0.591832697392,-0.160948008299,1.36062633991,0.096472248435,0.0599399618804,0.804352283478,0.583196043968
-0.591670870781,-0.160631328821,1.3607172966,0.096844278276,0.0606554113328,0.803730726242,0.583917081356
-0.59151661396,-0.16055585444,1.36082494259,0.093706458807,0.0627756640315,0.805605471134,0.581616818905
-0.591423809528,-0.160356074572,1.36094915867,0.0949704200029,0.064132116735,0.804970264435,0.582143187523
-0.591228783131,-0.159900277853,1.36091375351,0.0973359122872,0.0644109323621,0.803756892681,0.58339703083
-0.591150760651,-0.159774467349,1.36113107204,0.0958555713296,0.0658043250442,0.804340004921,0.582682490349
-0.591155230999,-0.159665241838,1.36122143269,0.0960111543536,0.0673856139183,0.804458022118,0.58231306076
-0.591059267521,-0.15932533145,1.36131000519,0.0964160487056,0.0682230219245,0.804251253605,0.582434117794
-0.591133952141,-0.159142181277,1.36144340038,0.0971811413765,0.0695714056492,0.804012596607,0.582477092743
-0.590941309929,-0.158895894885,1.36151874065,0.0960701778531,0.0692658275366,0.804280936718,0.58232742548
-0.590570151806,-0.158602580428,1.36150383949,0.0967642143369,0.0701267123222,0.804575264454,0.581702470779
-0.591095089912,-0.158524170518,1.36174821854,0.0992866754532,0.072126224637,0.803369820118,0.58269816637
-0.591040968895,-0.157714754343,1.36138737202,0.100426360965,0.0712407231331,0.803751528263,0.582084953785
-0.591069936752,-0.157579660416,1.36147463322,0.100682638586,0.0721904784441,0.803882598877,0.58174264431
-0.591299235821,-0.157718151808,1.36161661148,0.100430987775,0.0735977068543,0.803813636303,0.581705093384
-0.590961873531,-0.157385930419,1.36168968678,0.100084535778,0.0728353261948,0.804232537746,0.581281483173
-0.590991795063,-0.157354727387,1.36170315742,0.0988345444202,0.0745595246553,0.805417597294,0.579633772373
-0.591391026974,-0.157421529293,1.36181426048,0.0994888171554,0.0775637254119,0.805503666401,0.579007387161
-0.591493368149,-0.157313257456,1.36175584793,0.0995471477509,0.0782785266638,0.805788695812,0.578504443169
-0.59137314558,-0.1571521312,1.36194598675,0.0998183116317,0.0766960158944,0.805377483368,0.579241812229
-0.591326832771,-0.156997650862,1.3617016077,0.0988456457853,0.0761486068368,0.806256771088,0.578256845474
-0.591451585293,-0.156794652343,1.3616322279,0.0993431434035,0.0762975513935,0.806336820126,0.578040361404
-0.591923773289,-0.156860172749,1.3616476059,0.0996759906411,0.0778896734118,0.806455492973,0.577605068684
-0.592122733593,-0.15720282495,1.36176562309,0.0978631004691,0.0809298232198,0.808106124401,0.575185000896
-0.592249214649,-0.157008141279,1.36164903641,0.0975029096007,0.0798917934299,0.808645963669,0.574632227421
-0.59230196476,-0.156873628497,1.36150968075,0.0969453305006,0.0802534744143,0.809274554253,0.573790669441
-0.592427670956,-0.156771019101,1.36137163639,0.0965551957488,0.0802334472537,0.810000300407,0.572834312916
-0.59210306406,-0.156406730413,1.36138164997,0.0965484157205,0.0773263573647,0.809718132019,0.573633611202
-0.59217107296,-0.156339377165,1.36130845547,0.0949703082442,0.0776772722602,0.810752689838,0.572387158871
-0.592700123787,-0.156392112374,1.36138129234,0.0953625142574,0.0791426450014,0.810719907284,0.57216745615
-0.593265891075,-0.156053811312,1.36115169525,0.0968760624528,0.0792168602347,0.811712741852,0.57049280405
-0.592815339565,-0.155597001314,1.36075341702,0.0944293364882,0.0755180716515,0.811932325363,0.571092188358
-0.592926263809,-0.155431479216,1.36072230339,0.0939309448004,0.0750298574567,0.812112927437,0.570981740952
-0.593090951443,-0.155265405774,1.36070823669,0.0937190651894,0.0747301355004,0.812045693398,0.57115149498
-0.593334555626,-0.155456349254,1.36108708382,0.094373203814,0.0752835199237,0.810848712921,0.572669684887
-0.593520522118,-0.155316010118,1.36110424995,0.0941420719028,0.0750285759568,0.810974836349,0.572562396526
-0.5938154459,-0.155341759324,1.36115574837,0.0926825776696,0.0763334333897,0.811697602272,0.571603178978
-0.594264686108,-0.155011236668,1.36086130142,0.0937013849616,0.0766012817621,0.811702907085,0.571393728256
-0.594086110592,-0.154649287462,1.36073327065,0.0926793888211,0.0750759541988,0.81191778183,0.571457386017
-0.594660401344,-0.154999777675,1.36121106148,0.0921288058162,0.0773419737816,0.810951530933,0.572615325451
-0.594819307327,-0.154733330011,1.36117470264,0.0918875187635,0.0760519877076,0.810645699501,0.573259353638
-0.595402181149,-0.153899222612,1.36073160172,0.0964672192931,0.0733705461025,0.806821107864,0.578230679035
-0.595617353916,-0.154161646962,1.36078333855,0.0926638767123,0.0754908546805,0.809826850891,0.574365079403
-0.595756232738,-0.153944119811,1.36069047451,0.0927045866847,0.0759029239416,0.809463977814,0.574815511703
-0.596160113811,-0.15373159945,1.36070537567,0.0928462073207,0.0758417397738,0.808749496937,0.575805485249
-0.596733570099,-0.153164476156,1.36064600945,0.0968471094966,0.0733098834753,0.804148972034,0.581885635853
-0.596857368946,-0.153273746371,1.36056578159,0.0932607501745,0.0754875391722,0.806933581829,0.57832711935
-0.597229957581,-0.152976617217,1.36054670811,0.0949862003326,0.0744582861662,0.805012524128,0.580851435661
-0.597123324871,-0.152710467577,1.3605080843,0.0934704095125,0.0703964009881,0.804620027542,0.582146286964
-0.597880244255,-0.152815163136,1.3605363369,0.0929508134723,0.0742371603847,0.80407422781,0.582506299019
-0.598335683346,-0.15261143446,1.36084735394,0.0956750735641,0.0728075876832,0.799373328686,0.588683128357
-0.598583698273,-0.152756869793,1.36070728302,0.0943236127496,0.0792320221663,0.801136314869,0.585667073727
-0.598972439766,-0.152566596866,1.36069834232,0.0958447381854,0.0788357257843,0.799025297165,0.588351309299
-0.5994130373,-0.15232488513,1.36059093475,0.0967102199793,0.0799478217959,0.797278940678,0.590424954891
-0.599573910236,-0.152074590325,1.36049211025,0.0965837538242,0.0818446725607,0.795916140079,0.592022418976
-0.599861323833,-0.151995867491,1.36031389236,0.0960800051689,0.0816647931933,0.79491263628,0.593475878239
-0.600162386894,-0.15184250474,1.36024534702,0.0972393229604,0.0827566981316,0.792147159576,0.596823692322
-0.601457834244,-0.151548519731,1.36042404175,0.103666611016,0.083518281579,0.785996794701,0.603727579117
-0.601451933384,-0.151618942618,1.36030244827,0.10169005394,0.0886942669749,0.787085950375,0.601903915405
-0.601891160011,-0.151311978698,1.3598575592,0.103363759816,0.0866742506623,0.784875094891,0.604793071747
-0.602492451668,-0.151411861181,1.35979604721,0.103015504777,0.0868074148893,0.783596456051,0.606489062309
-0.602600336075,-0.151349484921,1.35984063148,0.103045046329,0.0867842063308,0.780905663967,0.609948039055
-0.60297614336,-0.151164978743,1.35973191261,0.106064558029,0.0917272046208,0.778131842613,0.612247824669
-0.603044629097,-0.151001080871,1.35970807076,0.105976559222,0.0891717672348,0.776061236858,0.615261316299
-0.603337049484,-0.150923058391,1.35960483551,0.107198655605,0.0893597304821,0.773547530174,0.618180930614
-0.603587329388,-0.150757059455,1.3595072031,0.109511069953,0.0923792421818,0.770816624165,0.620737493038
-0.603874981403,-0.150584697723,1.35946786404,0.112344130874,0.0918091610074,0.767110049725,0.624893784523
-0.604031324387,-0.150627195835,1.3594686985,0.112453863025,0.0941556766629,0.765607953072,0.626365303993
-0.604198992252,-0.15054140985,1.35942077637,0.114550508559,0.0950446128845,0.762791574001,0.629280388355
-0.604210734367,-0.150332018733,1.35931861401,0.116193518043,0.0958924591541,0.760023355484,0.632193267345
-0.604348480701,-0.150234431028,1.35929632187,0.12006046623,0.0970415025949,0.756725132465,0.635244488716
-0.604724526405,-0.150486037135,1.35934233665,0.121385529637,0.0974841192365,0.75254034996,0.639879345894
-0.604590415955,-0.150195986032,1.35932326317,0.123036496341,0.0970067754388,0.751382112503,0.64099663496
-0.604604125023,-0.150096714497,1.35937142372,0.124244369566,0.0922698825598,0.748580098152,0.644730567932
-0.604727208614,-0.150353848934,1.35933244228,0.124719902873,0.0947433263063,0.745070338249,0.648335516453
-0.604652345181,-0.15036290884,1.3593338728,0.12653182447,0.0956430062652,0.742392659187,0.650918841362
-0.604762077332,-0.150484874845,1.35942029953,0.127722665668,0.0963723659515,0.739982903004,0.653318166733
-0.604526638985,-0.150277301669,1.35947918892,0.130362942815,0.0942892357707,0.738200724125,0.655114531517
-0.604430913925,-0.150092512369,1.35921895504,0.131703898311,0.0937639921904,0.735237181187,0.658246815205
-0.604313910007,-0.150263920426,1.35933446884,0.132596582174,0.0938785821199,0.733332931995,0.660172581673
-0.604435384274,-0.150812551379,1.35961961746,0.133466929197,0.0953059196472,0.730989277363,0.662388205528
-0.604458630085,-0.150848418474,1.35971653461,0.134546756744,0.0954350233078,0.72875058651,0.664614379406
-0.604208648205,-0.151178523898,1.36002457142,0.133951321244,0.0950038135052,0.726934850216,0.666781127453
-0.603850007057,-0.151337981224,1.35990667343,0.135225653648,0.0941825583577,0.724580585957,0.669198572636
-0.60403329134,-0.151402741671,1.35994958878,0.137322708964,0.0937766581774,0.722844421864,0.670704483986
-0.603846490383,-0.151679366827,1.35999751091,0.137774839997,0.0939742252231,0.721194028854,0.672358751297
-0.603619873524,-0.151750832796,1.35996413231,0.138733074069,0.0922603532672,0.719399333,0.674318730831
-0.60327476263,-0.151984080672,1.36012268066,0.136787116528,0.0907835289836,0.717489778996,0.676946163177
-0.602756023407,-0.152014344931,1.36003744602,0.136842221022,0.0888974443078,0.716239750385,0.678507387638
-0.602944135666,-0.152387395501,1.36017644405,0.13819205761,0.0890770554543,0.714278638363,0.680275321007
-0.602721393108,-0.152691438794,1.36021351814,0.138351216912,0.0885316282511,0.712898135185,0.68176060915
-0.602350175381,-0.152773275971,1.36009597778,0.138454198837,0.086098857224,0.711432397366,0.683580040932
-0.602473795414,-0.153082683682,1.36020457745,0.139753967524,0.0865593627095,0.709088921547,0.685688912868
-0.602223932743,-0.153263494372,1.36023688316,0.140795439482,0.0862172693014,0.707612812519,0.687042474747
-0.602192997932,-0.153567180037,1.36028635502,0.141918376088,0.086242236197,0.705636203289,0.688839018345
-0.601946771145,-0.153715163469,1.36027121544,0.142435878515,0.0850604623556,0.703741252422,0.690814733505
-0.601758122444,-0.153872445226,1.36029601097,0.144897252321,0.0833483710885,0.700631856918,0.693666279316
-0.601684987545,-0.154207989573,1.36033630371,0.144325718284,0.0918894931674,0.700461983681,0.692877650261
-0.601482391357,-0.154334530234,1.36033010483,0.146063745022,0.0892907306552,0.697390139103,0.6959451437
-0.6012763381,-0.154461443424,1.36031699181,0.144813656807,0.0899564996362,0.696889400482,0.696621954441
-0.601132929325,-0.154708892107,1.36035263538,-0.146624833345,-0.0897699818015,-0.694836437702,-0.698315799236
-0.601203143597,-0.154874950647,1.36028492451,-0.149431571364,-0.0889674723148,-0.692782700062,-0.69986230135
