x,y,z,q0,q1,q2,q3
-0.487452477217,0.186824262142,1.27545106411,0.372617900372,-0.411459833384,-0.378327459097,-0.740759849548
-0.488306194544,0.186892941594,1.27581512928,0.371712714434,-0.40952116251,-0.389456063509,-0.736509442329
-0.488988727331,0.186975806952,1.27612245083,0.370979875326,-0.407782077789,-0.399421542883,-0.732495844364
-0.489794015884,0.187217354774,1.2764633894,0.371012210846,-0.406187325716,-0.408162653446,-0.728536248207
-0.490609556437,0.187167540193,1.27677607536,0.369721740484,-0.403286099434,-0.418012946844,-0.725211262703
-0.491649210453,0.18740683794,1.27756845951,0.36993932724,-0.402000695467,-0.42612016201,-0.721083879471
-0.492505431175,0.187543615699,1.2777736187,0.370031952858,-0.40075981617,-0.433429658413,-0.717360854149
-0.493278205395,0.187695816159,1.27792000771,0.370418637991,-0.400109142065,-0.439432054758,-0.713864266872
-0.49388179183,0.187977135181,1.2776941061,0.370368778706,-0.399759799242,-0.445449650288,-0.710347533226
-0.494826585054,0.188115507364,1.27766287327,0.371223777533,-0.399095743895,-0.450440585613,-0.707119941711
-0.495981663465,0.188391327858,1.27806675434,0.372986227274,-0.398855805397,-0.453925400972,-0.704093158245
-0.498297095299,0.188611835241,1.27792751789,0.376517653465,-0.396672487259,-0.455382883549,-0.702504038811
-0.497595250607,0.188822522759,1.27752912045,0.375940203667,-0.398982703686,-0.458382993937,-0.699547588825
-0.498657941818,0.189075082541,1.27728164196,0.377835482359,-0.398907154799,-0.459887415171,-0.697579443455
-0.499550372362,0.189328789711,1.27716445923,0.381431430578,-0.401032358408,-0.460874825716,-0.693741679192
-0.500595152378,0.189589589834,1.2771821022,0.382951706648,-0.401065856218,-0.460188746452,-0.693340063095
-0.501698732376,0.189911484718,1.27702927589,0.385868370533,-0.401746511459,-0.462552666664,-0.689746618271
-0.502885520458,0.190188214183,1.27705264091,0.386935710907,-0.401328533888,-0.457725018263,-0.69260674715
-0.504442930222,0.190536946058,1.27740871906,0.390123188496,-0.401314377785,-0.457726866007,-0.690823376179
-0.505530714989,0.190777316689,1.27715098858,0.391175419092,-0.400668799877,-0.451727449894,-0.694542050362
-0.508558452129,0.191021442413,1.27743065357,0.395016014576,-0.397565186024,-0.445832192898,-0.697952747345
-0.508667051792,0.191417455673,1.27724468708,0.395921140909,-0.398487448692,-0.444266229868,-0.69791251421
-0.510429859161,0.19158872962,1.27735579014,0.39701038599,-0.396411120892,-0.436041653156,-0.703639566898
-0.512072920799,0.19180482626,1.27746272087,0.398594260216,-0.394302606583,-0.430068552494,-0.707593977451
-0.515214622021,0.191984549165,1.27771067619,0.401616126299,-0.389956563711,-0.422344982624,-0.712925851345
-0.516874611378,0.192101433873,1.27778625488,0.402890503407,-0.387984335423,-0.414670705795,-0.717771291733
-0.517125427723,0.192539393902,1.27856838703,0.402801424265,-0.387958437204,-0.410721600056,-0.720102190971
-0.518479049206,0.192658662796,1.27801346779,0.401971071959,-0.38516536355,-0.401662349701,-0.727141141891
-0.519710063934,0.192626595497,1.27867424488,0.402561813593,-0.383306264877,-0.395255804062,-0.731295526028
-0.520757555962,0.192982405424,1.27881884575,0.402989417315,-0.382028222084,-0.388741821051,-0.735210061073
-0.5217243433,0.193138301373,1.27885138988,0.403668582439,-0.380803436041,-0.381329625845,-0.739343106747
-0.522483289242,0.193254455924,1.27898490429,0.404500871897,-0.380140066147,-0.37546864152,-0.742223620415
-0.523271262646,0.193345636129,1.27913212776,0.404767483473,-0.379628032446,-0.369096249342,-0.745529294014
-0.523736655712,0.193352162838,1.27928841114,0.405341744423,-0.3792989254,-0.363654911518,-0.74805444479
-0.524086654186,0.193490713835,1.27947962284,0.406376749277,-0.379835367203,-0.357814490795,-0.750034570694
-0.523842513561,0.193421080709,1.27846860886,0.404416650534,-0.377505213022,-0.353972226381,-0.754082679749
-0.523974835873,0.193347483873,1.27837133408,0.404850423336,-0.378247767687,-0.35201305151,-0.754394948483
-0.524143576622,0.193465068936,1.278226614,0.406137615442,-0.378733426332,-0.350108265877,-0.754345774651
-0.524375498295,0.193399310112,1.27798056602,0.407522946596,-0.379181295633,-0.34927007556,-0.75376200676
-0.524403691292,0.193443387747,1.27786076069,0.409234344959,-0.380194544792,-0.349752187729,-0.752098977566
-0.524666368961,0.193394929171,1.27813315392,0.411267459393,-0.381233751774,-0.350979447365,-0.749888956547
-0.524278581142,0.193301945925,1.27768433094,0.412151217461,-0.382763624191,-0.353965103626,-0.747216284275
-0.524408340454,0.193035170436,1.27797925472,0.413845360279,-0.38419225812,-0.357164502144,-0.744017481804
-0.523811817169,0.192874699831,1.27752387524,0.414432823658,-0.386144906282,-0.362278580666,-0.740197241306
-0.52351641655,0.192683398724,1.27745783329,0.415712237358,-0.387880891562,-0.36758980155,-0.735941231251
-0.524834811687,0.192539662123,1.27753794193,0.418494433165,-0.387689977884,-0.372234851122,-0.732120275497
-0.522752285004,0.192203298211,1.27751243114,0.418409377337,-0.391932249069,-0.37996211648,-0.725914359093
-0.522381603718,0.192095249891,1.27750313282,0.417561978102,-0.393113911152,-0.38771751523,-0.721649885178
-0.522075474262,0.191604495049,1.2775965929,0.419169396162,-0.394268959761,-0.395495295525,-0.715843975544
-0.521669268608,0.191236317158,1.27770256996,0.419633924961,-0.395644426346,-0.403449326754,-0.710353195667
-0.520869314671,0.190939620137,1.27734982967,0.418420910835,-0.396473199129,-0.413207650185,-0.704976856709
-0.521007597446,0.190509349108,1.27813875675,0.419436097145,-0.397237956524,-0.420864909887,-0.699391245842
-0.520643651485,0.190120339394,1.27826499939,0.418657392263,-0.397845447063,-0.429735153913,-0.694098472595
-0.520357251167,0.189769744873,1.27847659588,0.4175157547,-0.398025244474,-0.439201831818,-0.688736736774
-0.520341694355,0.189355134964,1.27922868729,0.417592912912,-0.39789673686,-0.446864277124,-0.683817744255
-0.520101070404,0.188951939344,1.27951407433,0.4162786901,-0.397940456867,-0.45505708456,-0.67917495966
-0.51947170496,0.188658505678,1.27934062481,0.413059979677,-0.398006051779,-0.465020000935,-0.674335956573
-0.519320726395,0.188224375248,1.27963578701,0.413268506527,-0.397612214088,-0.470533043146,-0.670606017113
-0.51916706562,0.188071742654,1.28001189232,0.410910397768,-0.397012382746,-0.478816062212,-0.666535079479
-0.519211351871,0.187599241734,1.28029477596,0.409114897251,-0.395971000195,-0.485225021839,-0.66361784935
-0.520816624165,0.187147244811,1.28088545799,0.410497963428,-0.392826348543,-0.48967179656,-0.66136264801
-0.520899713039,0.186933994293,1.28121399879,0.409420669079,-0.391913950443,-0.495260983706,-0.658403158188
-0.519482254982,0.186855092645,1.28126549721,0.406336218119,-0.393308550119,-0.500892877579,-0.655214250088
-0.519619822502,0.186635881662,1.28166460991,0.405447810888,-0.392280340195,-0.505112230778,-0.653138399124
-0.519893407822,0.186492115259,1.2820905447,0.404993474483,-0.390984505415,-0.508504927158,-0.651562929153
-0.520451366901,0.18635173142,1.28311872482,0.405580192804,-0.389672398567,-0.5109821558,-0.650044262409
-0.520648181438,0.186172515154,1.28339838982,0.405166566372,-0.388385355473,-0.513208091259,-0.64931833744
-0.520827054977,0.186124920845,1.28364348412,0.404785096645,-0.387404024601,-0.514959931374,-0.648755371571
-0.521084904671,0.185992836952,1.28387117386,0.404784858227,-0.386244833469,-0.516191661358,-0.64846765995
-0.521483123302,0.185822188854,1.28420054913,0.40458008647,-0.385146051645,-0.516903758049,-0.648681938648
-0.521512925625,0.185783803463,1.28407847881,0.403668373823,-0.384379178286,-0.517671823502,-0.649092018604
-0.521751821041,0.185742899776,1.28419029713,0.404153317213,-0.383447825909,-0.517302334309,-0.64963555336
-0.522069275379,0.185686990619,1.28426337242,0.403857499361,-0.382414668798,-0.517061769962,-0.650619208813
-0.522632002831,0.185665518045,1.28461289406,0.404673486948,-0.381297916174,-0.516121447086,-0.651513576508
-0.522909641266,0.185669600964,1.28461122513,0.407317817211,-0.381842941046,-0.520258843899,-0.64623439312
-0.523292779922,0.185784131289,1.28457307816,0.405703127384,-0.379400402308,-0.514174461365,-0.653517484665
-0.523638188839,0.185790985823,1.28452777863,0.405936300755,-0.378377169371,-0.513405621052,-0.65456956625
-0.523929178715,0.185863941908,1.28439879417,0.40642991662,-0.377455592155,-0.512088596821,-0.655825734138
-0.523958563805,0.185934886336,1.2839641571,0.407436519861,-0.37862354517,-0.511107623577,-0.655292928219
-0.52429574728,0.185876995325,1.28379237652,0.407856345177,-0.377468019724,-0.510551989079,-0.656130969524
-0.524941504002,0.185902714729,1.28390157223,0.407100230455,-0.374851047993,-0.508478283882,-0.65970146656
-0.525290548801,0.185992062092,1.2837843895,0.407311797142,-0.374184042215,-0.505723357201,-0.662062942982
-0.525320887566,0.186101004481,1.2834032774,0.407313466072,-0.373785912991,-0.506145238876,-0.661964416504
-0.526004910469,0.186147481203,1.28355813026,0.408503621817,-0.372747570276,-0.504927039146,-0.662746489048
-0.526262402534,0.186237335205,1.28346645832,0.409249454737,-0.372341990471,-0.504046916962,-0.663184046745
-0.526605188847,0.18626947701,1.28337991238,0.41157785058,-0.373352259398,-0.503971755505,-0.661229491234
-0.526919066906,0.186392009258,1.28323829174,0.412226617336,-0.373011142015,-0.503280878067,-0.66154396534
-0.52722042799,0.186412483454,1.28315496445,0.412959486246,-0.372431278229,-0.502880394459,-0.661717951298
-0.527381718159,0.18646389246,1.28302741051,0.413678795099,-0.372394293547,-0.501545786858,-0.662302136421
-0.527581751347,0.186518192291,1.28294050694,0.414090424776,-0.371981590986,-0.501776576042,-0.662102043629
-0.527618348598,0.186733603477,1.28292155266,0.414954155684,-0.372007459402,-0.501513302326,-0.661746263504
-0.527728021145,0.186721891165,1.28285157681,0.41534075141,-0.371663838625,-0.502147555351,-0.661215484142
-0.527943432331,0.186802253127,1.28266811371,0.415978610516,-0.371369451284,-0.502515256405,-0.660700321198
-0.528037786484,0.186884358525,1.28255319595,0.417012482882,-0.371524691582,-0.503301978111,-0.659361243248
-0.528074920177,0.187005847692,1.28246510029,0.417613714933,-0.37141430378,-0.503125727177,-0.659177303314
-0.528095304966,0.187033206224,1.28238546848,0.418681651354,-0.371706575155,-0.504252076149,-0.65747243166
-0.528088927269,0.187138155103,1.28229367733,0.419308692217,-0.37186306715,-0.505299925804,-0.656178355217
-0.528068184853,0.187215536833,1.28217375278,0.419972598553,-0.371930927038,-0.505377233028,-0.655655622482
-0.528033316135,0.187249332666,1.28206038475,0.420699775219,-0.372083485126,-0.506349980831,-0.654351234436
-0.527605652809,0.187379330397,1.28167271614,0.418229699135,-0.370700061321,-0.509224653244,-0.654488921165
-0.527531206608,0.187493637204,1.28155755997,0.419264882803,-0.371311455965,-0.509149551392,-0.653537690639
-0.527431190014,0.187667787075,1.28145229816,0.421818584204,-0.373498290777,-0.5101749897,-0.649838149548
-0.527344584465,0.187757253647,1.28133916855,0.421934038401,-0.37351244688,-0.510890305042,-0.649192690849
-0.527264893055,0.187742501497,1.28125452995,0.422737210989,-0.373631536961,-0.512605190277,-0.647247076035
-0.527052104473,0.187893569469,1.28113687038,0.423228889704,-0.374067544937,-0.513531863689,-0.645937979221
-0.526911556721,0.188019782305,1.28102505207,0.423640578985,-0.373833507299,-0.519866585732,-0.640715003014
-0.527083396912,0.188071191311,1.28109955788,0.424284726381,-0.373666375875,-0.521155655384,-0.639337837696
-0.526884615421,0.188179597259,1.28098189831,0.424818068743,-0.374102711678,-0.519939422607,-0.639718592167
-0.526346564293,0.1883636415,1.28064334393,0.424683272839,-0.374614864588,-0.523116528988,-0.636911988258
-0.52620267868,0.18846783042,1.28055822849,0.424947559834,-0.374782085419,-0.524393558502,-0.635585904121
-0.525996923447,0.188660740852,1.28044474125,0.425326019526,-0.375035226345,-0.525336921215,-0.63440322876
-0.525825917721,0.188789069653,1.28037750721,0.425561010838,-0.375069916248,-0.526393830776,-0.633348166943
-0.525607764721,0.188809424639,1.28029549122,0.425362735987,-0.37525215745,-0.527381956577,-0.632550835609
-0.525424361229,0.188905000687,1.28024446964,0.425374656916,-0.375344961882,-0.528223454952,-0.631785273552
-0.5252353549,0.18901348114,1.2802259922,0.425465762615,-0.375390440226,-0.52911734581,-0.630948364735
-0.525006830692,0.189066231251,1.2802169323,0.425342768431,-0.375564277172,-0.529995143414,-0.630190610886
-0.524811387062,0.189119428396,1.28020977974,0.425289332867,-0.375603049994,-0.530811667442,-0.629516005516
-0.524570405483,0.189242064953,1.28024888039,0.425205349922,-0.375850617886,-0.531442463398,-0.628892540932
-0.524342477322,0.189543396235,1.28028845787,0.425428748131,-0.376050233841,-0.532001256943,-0.628149151802
-0.524080336094,0.189322710037,1.28031623363,0.424918442965,-0.376042604446,-0.532636761665,-0.627960562706
-0.523825347424,0.189336940646,1.28040063381,0.424799114466,-0.376006871462,-0.533396065235,-0.62741792202
-0.52356916666,0.189333617687,1.28047263622,0.424491375685,-0.375948876143,-0.534272670746,-0.626914978027
-0.523348629475,0.189327567816,1.28053116798,0.424268126488,-0.37585708499,-0.534828960896,-0.626646757126
-0.523124396801,0.189299121499,1.28064334393,0.424032121897,-0.375751852989,-0.535210430622,-0.626543819904
-0.522854864597,0.189253300428,1.28074228764,0.423744052649,-0.375678837299,-0.535649240017,-0.626407563686
-0.522614002228,0.189221248031,1.28082859516,0.423443436623,-0.375573158264,-0.536069393158,-0.626314640045
-0.522348761559,0.189202606678,1.28090083599,0.423215180635,-0.375439018011,-0.536436200142,-0.626235425472
-0.522088289261,0.189111173153,1.28105342388,0.422909408808,-0.375352323055,-0.5367218256,-0.626249194145
-0.521892368793,0.189029157162,1.28113877773,0.422809720039,-0.375068902969,-0.536898851395,-0.626334488392
-0.521605074406,0.189263895154,1.2812101841,0.422626972198,-0.375280708075,-0.536706566811,-0.626495838165
-0.52144998312,0.188924387097,1.28131580353,0.422072142363,-0.375052422285,-0.536711275578,-0.627002298832
-0.521300673485,0.188802719116,1.28143334389,0.421694129705,-0.375017821789,-0.536327719688,-0.627605259418
-0.521118223667,0.188756972551,1.28157806396,0.421514958143,-0.375041693449,-0.536113917828,-0.627893865108
-0.521117210388,0.188866138458,1.28205192089,0.42192915082,-0.37500679493,-0.535722434521,-0.627970814705
-0.520979642868,0.188769325614,1.28213489056,0.421691805124,-0.374979406595,-0.535627186298,-0.628227770329
-0.520830512047,0.188619464636,1.28219330311,0.421843230724,-0.37506711483,-0.535067081451,-0.628551065922
-0.520384252071,0.188529759645,1.28193807602,0.420734971762,-0.375372737646,-0.535647451878,-0.628617048264
-0.520220994949,0.18849337101,1.28202307224,0.420705974102,-0.375545024872,-0.5353962183,-0.628747463226
-0.520051002502,0.188290953636,1.2820404768,0.42055568099,-0.376357465982,-0.530151903629,-0.632793009281
-0.519930899143,0.188228011131,1.2820841074,0.420645147562,-0.376636207104,-0.529915332794,-0.632765889168
-0.5198148489,0.188093900681,1.2821161747,0.420592427254,-0.376822590828,-0.529986619949,-0.632630228996
-0.519761502743,0.187974631786,1.28219878674,0.42089766264,-0.377068996429,-0.529796004295,-0.632440030575
-0.519709765911,0.187857791781,1.28222239017,0.421628564596,-0.377458304167,-0.529233694077,-0.63219165802
-0.519642591476,0.187726557255,1.28223645687,0.421772509813,-0.377726912498,-0.529388844967,-0.631805241108
-0.519661724567,0.187413781881,1.28223121166,0.422060102224,-0.377871960402,-0.52926659584,-0.631628870964
-0.519690394402,0.187297731638,1.28221416473,0.421443730593,-0.377129763365,-0.528749644756,-0.632915735245
-0.519984722137,0.187344670296,1.28248202801,0.422675251961,-0.376853078604,-0.528227984905,-0.632694780827
-0.520091533661,0.187250629067,1.28245842457,0.423194736242,-0.377036124468,-0.528374910355,-0.632115483284
-0.519934535027,0.187177360058,1.2821418047,0.423717051744,-0.377739191055,-0.528729557991,-0.631048500538
-0.52004301548,0.187089115381,1.28212809563,0.424648880959,-0.378069579601,-0.528487324715,-0.630426764488
-0.520184457302,0.187072321773,1.28210234642,0.425565600395,-0.37841385603,-0.528350651264,-0.629716157913
-0.520631253719,0.186978846788,1.28239369392,0.427120238543,-0.378435283899,-0.527751505375,-0.629153013229
-0.520541965961,0.186933130026,1.28210580349,0.42769831419,-0.379046082497,-0.527432262897,-0.628660082817
-0.520977199078,0.186835110188,1.28239917755,0.429243087769,-0.379135757685,-0.527039051056,-0.627882421017
-0.521225273609,0.186756193638,1.28239822388,0.430189013481,-0.379300296307,-0.526862621307,-0.627283453941
-0.521492063999,0.186645925045,1.2823394537,0.431110471487,-0.379320204258,-0.526561796665,-0.626891434193
-0.52139955759,0.186651617289,1.28218185902,0.431601315737,-0.37998047471,-0.52645868063,-0.626239895821
-0.521976947784,0.186520248652,1.28247582912,0.4334590137,-0.37974858284,-0.525596380234,-0.625821650028
-0.521879673004,0.186534702778,1.28233420849,0.433871656656,-0.380337834358,-0.525506734848,-0.625252842903
-0.522112250328,0.186496049166,1.28240156174,0.434533625841,-0.380516499281,-0.525242030621,-0.62490683794
-0.522398471832,0.186437100172,1.2825024128,0.435268074274,-0.380445957184,-0.524888515472,-0.624735832214
-0.522659957409,0.186360180378,1.28252565861,0.435864716768,-0.38039329648,-0.524576663971,-0.624613642693
-0.522944569588,0.186300694942,1.28261363506,0.436368882656,-0.38034054637,-0.524040222168,-0.624744176865
-0.523176074028,0.18635571003,1.28267598152,0.436988651752,-0.380545526743,-0.523897171021,-0.624305844307
-0.523349761963,0.186358898878,1.28272151947,0.437542587519,-0.380695074797,-0.523532211781,-0.624132812023
-0.523597300053,0.186254411936,1.28277420998,0.437918752432,-0.380572557449,-0.52323526144,-0.624192714691
-0.523824989796,0.186219632626,1.28280997276,0.438343822956,-0.380481779575,-0.522981882095,-0.624162018299
-0.52411699295,0.186181634665,1.28284692764,0.438711225986,-0.380248367786,-0.522808909416,-0.624191224575
-0.524329483509,0.186157822609,1.28290450573,0.43894264102,-0.380161255598,-0.52341657877,-0.623571932316
-0.524489104748,0.186140745878,1.28286015987,0.439034610987,-0.38014113903,-0.523568570614,-0.623391866684
-0.524721026421,0.18609058857,1.28286516666,0.439139693975,-0.380007833242,-0.523491919041,-0.623463451862
-0.525002717972,0.186074510217,1.28287494183,0.439211189747,-0.37990090251,-0.523340463638,-0.623605370522
-0.525283157825,0.186038255692,1.2828785181,0.440105944872,-0.380579203367,-0.522349894047,-0.623391509056
-0.52559453249,0.186021894217,1.28286600113,0.44036501646,-0.380218565464,-0.522354364395,-0.623424887657
-0.525883495808,0.186016947031,1.28279972076,0.440343379974,-0.379606485367,-0.52308934927,-0.623196840286
-0.52628082037,0.18596611917,1.28280806541,0.440695375204,-0.379094809294,-0.523098289967,-0.623251974583
-0.526646375656,0.185977429152,1.28279185295,0.440985947847,-0.378634124994,-0.523218929768,-0.623225152493
-0.527039468288,0.185951560736,1.28279519081,0.441220223904,-0.378083378077,-0.523579418659,-0.623091042042
-0.527367532253,0.185937523842,1.2827590704,0.441379994154,-0.377585142851,-0.523844718933,-0.623056948185
-0.527755260468,0.185910210013,1.28275299072,0.441562950611,-0.377029418945,-0.524074196815,-0.623070776463
-0.528167307377,0.185874223709,1.28272211552,0.441809535027,-0.376426786184,-0.524288773537,-0.623079955578
-0.528558731079,0.185852691531,1.28262829781,0.441537678242,-0.375524312258,-0.524884998798,-0.623315274715
-0.528955757618,0.18582855165,1.2826321125,0.44156819582,-0.37484395504,-0.525562167168,-0.62313246727
-0.529358327389,0.185791373253,1.28267037868,0.442384928465,-0.374469459057,-0.525352478027,-0.622955083847
-0.529638648033,0.18578132987,1.28268432617,0.441827446222,-0.373740553856,-0.526473999023,-0.622841596603
-0.53031283617,0.185673326254,1.28296363354,0.442414313555,-0.372686237097,-0.527073025703,-0.622549951077
-0.530251443386,0.185793504119,1.28276920319,0.441993296146,-0.372763842344,-0.528013765812,-0.622005224228
-0.530908823013,0.185558065772,1.28308439255,0.442427694798,-0.371553331614,-0.528521299362,-0.621989607811
-0.531061530113,0.185656934977,1.28320538998,0.44237601757,-0.371427953243,-0.529093265533,-0.621614933014
-0.531024515629,0.18563169241,1.28296434879,0.441786170006,-0.371296823025,-0.530240237713,-0.621135234833
-0.531501173973,0.185552239418,1.28333568573,0.44216889143,-0.370544046164,-0.530665397644,-0.620949268341
-0.531455516815,0.185540542006,1.28310334682,0.44156268239,-0.370385289192,-0.531505644321,-0.620756745338
-0.531611919403,0.18551748991,1.28315317631,0.442240595818,-0.37087598443,-0.531537771225,-0.619953155518
-0.531781077385,0.185401171446,1.28323209286,0.441960960627,-0.370081156492,-0.532963573933,-0.619403243065
-0.53188419342,0.185379803181,1.2832621336,0.441547960043,-0.369688868523,-0.533900856972,-0.619124829769
-0.531987726688,0.185310900211,1.28328931332,0.440961450338,-0.369265496731,-0.534936606884,-0.618901431561
-0.532077848911,0.1853274405,1.28331613541,0.44003918767,-0.368384748697,-0.53639882803,-0.618817031384
-0.532231807709,0.185274422169,1.28335809708,0.440242499113,-0.368434220552,-0.536726772785,-0.618358552456
-0.532342195511,0.185313016176,1.28337621689,0.44021704793,-0.368301749229,-0.537106394768,-0.618125915527
-0.532515287399,0.18529304862,1.28340089321,0.439294397831,-0.367347717285,-0.538421571255,-0.618205726147
-0.532721102238,0.185288727283,1.28337097168,0.439998954535,-0.367932349443,-0.538451850414,-0.617330014706
-0.532859802246,0.185307115316,1.28338468075,0.439785838127,-0.367332160473,-0.539467930794,-0.616952061653
-0.533072948456,0.185332000256,1.28342247009,0.439736992121,-0.366873949766,-0.540083765984,-0.616720855236
-0.533231139183,0.185321509838,1.28341984749,0.439518719912,-0.366412848234,-0.541027128696,-0.616323411465
-0.533387362957,0.185367971659,1.2834186554,0.439485490322,-0.366135060787,-0.541759669781,-0.61586868763
-0.533846080303,0.185400143266,1.28366100788,0.440446913242,-0.365592986345,-0.541630327702,-0.615617394447
-0.534017860889,0.185445562005,1.28364288807,0.440279215574,-0.365169018507,-0.542414069176,-0.61529904604
-0.534191787243,0.185498043895,1.28362810612,0.440302759409,-0.364864736795,-0.543027043343,-0.614921867847
-0.534367859364,0.185572177172,1.283608675,0.440845876932,-0.364883780479,-0.544297754765,-0.61339610815
-0.53460586071,0.185649484396,1.28360641003,0.440354377031,-0.363808095455,-0.544323921204,-0.614364147186
-0.534811079502,0.185739129782,1.28361606598,0.440562039614,-0.363520592451,-0.544690191746,-0.614060759544
-0.534992098808,0.185901582241,1.28357827663,0.440960615873,-0.363232970238,-0.545071721077,-0.613606035709
-0.53514701128,0.185952693224,1.28352797031,0.441307008266,-0.363078355789,-0.545551121235,-0.613022208214
-0.535351216793,0.186143651605,1.2834982872,0.441515952349,-0.362744688988,-0.546043395996,-0.612630844116
-0.535593032837,0.186161950231,1.28340435028,0.441838949919,-0.362594485283,-0.545945703983,-0.612573981285
-0.535668849945,0.186320930719,1.28338623047,0.443052560091,-0.363174885511,-0.551051080227,-0.606754660606
-0.53578132391,0.186432793736,1.28333997726,0.443251907825,-0.363178402185,-0.551272451878,-0.606405854225
-0.535536587238,0.186646983027,1.28306889534,0.442966222763,-0.363736480474,-0.551597416401,-0.605984330177
-0.535925924778,0.186744689941,1.28334474564,0.443681508303,-0.363356530666,-0.551639795303,-0.605650603771
-0.536012709141,0.186871021986,1.28330516815,0.443855524063,-0.363488256931,-0.55167555809,-0.605411231518
-0.536081671715,0.186998188496,1.28326559067,0.444061815739,-0.363501042128,-0.551835238934,-0.605106592178
-0.536168158054,0.187118291855,1.28324639797,0.444222331047,-0.363526701927,-0.551898777485,-0.604915499687
-0.53623020649,0.187261730433,1.28321409225,0.444201260805,-0.363650709391,-0.55216550827,-0.604613006115
-0.536308884621,0.187323212624,1.28319489956,0.444514393806,-0.363753885031,-0.551764369011,-0.604686796665
-0.536372244358,0.187435314059,1.28316736221,0.444586336613,-0.363843113184,-0.551620602608,-0.604711592197
-0.53615796566,0.187608838081,1.28274297714,0.444106012583,-0.364255428314,-0.551463663578,-0.604959249496
-0.536426246166,0.187687009573,1.2830092907,0.444647699594,-0.363988220692,-0.551151633263,-0.605006575584
-0.536210119724,0.187825828791,1.28267943859,0.444212853909,-0.36437869072,-0.551036119461,-0.605196177959
-0.536548316479,0.187865182757,1.28287148476,0.444514036179,-0.364156842232,-0.550496339798,-0.605599522591
-0.536524474621,0.187958225608,1.28283011913,0.44438162446,-0.364305138588,-0.550193309784,-0.605882942677
-0.536123871803,0.188145846128,1.28260803223,0.443729311228,-0.36506870389,-0.549976944923,-0.606097757816
-0.536001801491,0.188244283199,1.28253901005,0.443495422602,-0.365367859602,-0.549632489681,-0.606401324272
-0.535935461521,0.188403397799,1.28251194954,0.443109810352,-0.365524828434,-0.549525141716,-0.606685698032
-0.535854876041,0.188464552164,1.28247070312,0.442834705114,-0.365704476833,-0.549213111401,-0.607060790062
-0.535790860653,0.188543498516,1.28244292736,0.442589700222,-0.365898698568,-0.548723995686,-0.607564508915
-0.535720288754,0.188584774733,1.28241467476,0.442274063826,-0.365988940001,-0.548447132111,-0.607989788055
-0.535610556602,0.188676148653,1.28240406513,0.4420388937,-0.366187751293,-0.548078536987,-0.608373343945
-0.53553134203,0.188796207309,1.28236937523,0.441907256842,-0.366279304028,-0.547691166401,-0.608762681484
-0.535464525223,0.188913226128,1.28231287003,0.441743433475,-0.366393208504,-0.547196507454,-0.609257519245
-0.535395681858,0.1890206635,1.28229629993,0.441801071167,-0.366624057293,-0.546367764473,-0.60982042551
-0.535322248936,0.189117312431,1.2822984457,0.441505819559,-0.366746723652,-0.545848309994,-0.610425412655
-0.53514111042,0.189293533564,1.28223884106,0.441084176302,-0.366946220398,-0.545655310154,-0.610782682896
-0.535034954548,0.189343720675,1.28221893311,0.441050112247,-0.367205023766,-0.544884443283,-0.611339867115
-0.53488612175,0.189506471157,1.28216683865,0.440837651491,-0.367530822754,-0.544390976429,-0.611736536026
-0.53468644619,0.18961417675,1.2822060585,0.440072745085,-0.367887943983,-0.544272482395,-0.612178146839
-0.534558773041,0.18960544467,1.28210794926,0.439842045307,-0.368272542953,-0.543167412281,-0.61309325695
-0.534795701504,0.189643591642,1.28232598305,0.440167576075,-0.368100762367,-0.542283475399,-0.61374515295
-0.53468132019,0.189700335264,1.2822842598,0.439670294523,-0.368319064379,-0.541894614697,-0.614313721657
-0.534488081932,0.189816266298,1.28222882748,0.439915329218,-0.368707388639,-0.541027963161,-0.614669203758
-0.534375607967,0.189933151007,1.28217470646,0.439578205347,-0.369046539068,-0.540340125561,-0.615311682224
-0.533887982368,0.190074324608,1.28185224533,0.438388466835,-0.369723021984,-0.540629148483,-0.615500330925
-0.533773183823,0.190156191587,1.28179574013,0.438241809607,-0.369990110397,-0.540145754814,-0.61586856842
-0.533719658852,0.190256416798,1.28175389767,0.438415408134,-0.370215177536,-0.539271235466,-0.616375863552
-0.533982634544,0.190295249224,1.28191256523,0.438829094172,-0.369940698147,-0.538576841354,-0.616853177547
-0.533965349197,0.190394252539,1.28180444241,0.438600897789,-0.370034337044,-0.53837043047,-0.617139399052
-0.533538162708,0.19066169858,1.28154122829,0.437715440989,-0.370774716139,-0.538495481014,-0.617214679718
-0.533505380154,0.190745025873,1.28150892258,0.437643975019,-0.370919287205,-0.538111209869,-0.617513656616
-0.533452153206,0.190811306238,1.28145575523,0.437556385994,-0.371146738529,-0.537638247013,-0.617850840092
-0.533355653286,0.190895870328,1.28135514259,0.437385290861,-0.371474027634,-0.537209808826,-0.618147909641
-0.533290863037,0.190985321999,1.28126776218,0.437319099903,-0.371568292379,-0.536906540394,-0.618401527405
-0.533283233643,0.190962672234,1.28124320507,0.437323093414,-0.371681123972,-0.536345601082,-0.61881762743
-0.533244490623,0.191162586212,1.28121054173,0.437428176403,-0.371907651424,-0.535720944405,-0.61914819479
-0.533249378204,0.191143214703,1.28120470047,0.43731546402,-0.371939331293,-0.53536516428,-0.619516432285
-0.533202052116,0.191401809454,1.28109681606,0.437510550022,-0.37211728096,-0.534996092319,-0.619590580463
-0.533211112022,0.191475689411,1.28107464314,0.437604159117,-0.372170090675,-0.534675598145,-0.619769215584
-0.533382892609,0.191260635853,1.28104424477,0.437160789967,-0.372220546007,-0.534067690372,-0.620575666428
-0.533382892609,0.191317245364,1.28100752831,0.437140375376,-0.372299402952,-0.533722341061,-0.620839774609
-0.533333957195,0.1912150383,1.28098344803,0.437031298876,-0.372443854809,-0.533312439919,-0.621181964874
-0.533392369747,0.191403508186,1.28095149994,0.437032908201,-0.372705459595,-0.532672047615,-0.621573507786
-0.533170044422,0.191688671708,1.28091049194,0.437473446131,-0.372825980186,-0.532348096371,-0.621468663216
-0.533172130585,0.191718876362,1.2808778286,0.437358617783,-0.372749716043,-0.531842470169,-0.622027933598
-0.533184111118,0.191739708185,1.28086066246,0.437592446804,-0.373228251934,-0.52986574173,-0.623262345791
-0.533368349075,0.191504478455,1.28082668781,0.437033474445,-0.373069435358,-0.529222369194,-0.624295413494
-0.533188402653,0.191792801023,1.28080677986,0.437048822641,-0.372621297836,-0.528657674789,-0.625030219555
-0.533196806908,0.191811785102,1.28079485893,0.436916440725,-0.372285097837,-0.529949784279,-0.624228417873
-0.533533155918,0.191670417786,1.28101396561,0.436971455812,-0.371711194515,-0.529257357121,-0.625118732452
-0.533523321152,0.191677421331,1.28098428249,0.436809241772,-0.371627867222,-0.528748750687,-0.625711679459
-0.533524751663,0.191679537296,1.28097236156,0.436561495066,-0.371455818415,-0.528320491314,-0.626348376274
-0.533523917198,0.191696345806,1.28096807003,0.436408668756,-0.371296137571,-0.527759253979,-0.627022266388
-0.533537745476,0.191464394331,1.28097879887,0.436038613319,-0.371085822582,-0.527043521404,-0.628005504608
-0.533507525921,0.191697150469,1.28099477291,0.436049818993,-0.371129900217,-0.52656006813,-0.628377258778
-0.533507466316,0.191703408957,1.28102231026,0.435382157564,-0.37036138773,-0.526894271374,-0.629013121128
-0.533174753189,0.19175812602,1.28087210655,0.434821307659,-0.37071236968,-0.526266336441,-0.629719495773
-0.533186674118,0.191737502813,1.28088605404,0.435064405203,-0.371069639921,-0.524595022202,-0.630734980106
-0.533221065998,0.191515892744,1.2809292078,0.434388846159,-0.370676159859,-0.524224340916,-0.631739199162
-0.533247411251,0.191404178739,1.28096485138,0.434168308973,-0.370402961969,-0.523459672928,-0.632684350014
-0.533271551132,0.191377282143,1.28105759621,0.434145987034,-0.37023204565,-0.522312998772,-0.633746623993
-0.533258914948,0.191632032394,1.28107893467,0.433505505323,-0.369581848383,-0.522772967815,-0.634185135365
-0.533294856548,0.191597342491,1.28112614155,0.433337241411,-0.369414001703,-0.521120071411,-0.635756194592
-0.533313512802,0.19159257412,1.28115594387,0.432894408703,-0.369233548641,-0.51999181509,-0.63708537817
-0.533336102962,0.191529512405,1.28120005131,0.43255674839,-0.369054377079,-0.518494844437,-0.63863670826
-0.533388733864,0.191458553076,1.28124856949,0.432612359524,-0.369081497192,-0.516647934914,-0.640078425407
-0.53342717886,0.191411435604,1.2812693119,0.430598080158,-0.367683202028,-0.510230243206,-0.647348225117
-0.533485233784,0.191409111023,1.28130626678,0.432022958994,-0.368502825499,-0.512189805508,-0.644378364086
-0.533614635468,0.1914190799,1.28136479855,0.430335819721,-0.367247819901,-0.506808400154,-0.650450229645
-0.533671915531,0.191201627254,1.28139460087,0.429805040359,-0.366790086031,-0.506154179573,-0.65156775713
-0.53381717205,0.191152527928,1.2814848423,0.429576575756,-0.366441398859,-0.504406452179,-0.653267920017
-0.533941805363,0.191085517406,1.28153264523,0.429187148809,-0.366089522839,-0.502110183239,-0.655486404896
-0.534034907818,0.19100433588,1.28157913685,0.428586751223,-0.365704476833,-0.500225782394,-0.657531619072
-0.534141242504,0.190738350153,1.28162074089,0.428108602762,-0.365308582783,-0.497505575418,-0.660121917725
-0.534213840961,0.19083750248,1.281665802,0.427965551615,-0.36518779397,-0.495451718569,-0.661823987961
-0.534289956093,0.190788581967,1.2817094326,0.427504807711,-0.364754647017,-0.493663400412,-0.663694441319
-0.53436422348,0.190742135048,1.28174126148,0.427129656076,-0.364496737719,-0.491343230009,-0.665796041489
-0.534842073917,0.190557360649,1.28201401234,0.42760014534,-0.363687425852,-0.488139986992,-0.668288171291
-0.534916698933,0.190475553274,1.28205752373,0.429164499044,-0.364366620779,-0.491457134485,-0.664473235607
-0.534979045391,0.190389186144,1.28210020065,0.428657740355,-0.363970667124,-0.488798975945,-0.666973471642
-0.5349817276,0.190251797438,1.2822290659,0.427138954401,-0.363754630089,-0.487018227577,-0.669363975525
-0.535028278828,0.190186962485,1.28229296207,0.424208015203,-0.362126082182,-0.478335857391,-0.678312063217
-0.534858822823,0.190131172538,1.28207027912,0.423138916492,-0.362041056156,-0.475545495749,-0.680981755257
-0.535208404064,0.18998503685,1.28254473209,0.423072397709,-0.361432135105,-0.472214818001,-0.683659136295
-0.535303771496,0.189882472157,1.2826666832,0.422557324171,-0.361083835363,-0.468940585852,-0.686409950256
-0.535379886627,0.189729988575,1.28277754784,0.421727359295,-0.360465049744,-0.46566644311,-0.689467787743
-0.535268962383,0.189675301313,1.28260266781,0.420676082373,-0.36018705368,-0.462017923594,-0.692702174187
-0.535422682762,0.189389973879,1.28273630142,0.419714808464,-0.359465777874,-0.458295941353,-0.696124136448
-0.535534501076,0.189415231347,1.28288960457,0.419133961201,-0.358800411224,-0.453916370869,-0.69967764616
-0.535704374313,0.189338549972,1.28308868408,0.418236345053,-0.358113795519,-0.449852913618,-0.703182280064
-0.53592056036,0.18924638629,1.28333044052,0.417532205582,-0.357407182455,-0.445382684469,-0.706796526909
-0.536349833012,0.189123123884,1.28387594223,0.417058706284,-0.356423020363,-0.440240472555,-0.710783362389
-0.536194086075,0.189217835665,1.28392934799,0.415619462729,-0.356258898973,-0.43545499444,-0.714646220207
-0.536360025406,0.189161360264,1.28413653374,0.414557427168,-0.355713307858,-0.430179238319,-0.718718349934
-0.536480784416,0.189166173339,1.28430461884,0.41366943717,-0.354940146208,-0.424470871687,-0.72299349308
-0.536581516266,0.189117431641,1.28447067738,0.412245571613,-0.354326456785,-0.419057905674,-0.72725301981
-0.536698937416,0.189060091972,1.284709692,0.410989522934,-0.353656381369,-0.412900865078,-0.731797516346
-0.536813497543,0.189023882151,1.28491318226,0.409766346216,-0.353024244308,-0.406686753035,-0.736254930496
-0.536875367165,0.188987627625,1.28508257866,0.408344894648,-0.352281838655,-0.401237398386,-0.740378677845
-0.536927700043,0.188895761967,1.28526484966,0.407387852669,-0.351671904325,-0.394479483366,-0.744814097881
-0.536991536617,0.188974305987,1.28542757034,0.406029224396,-0.350864380598,-0.387756854296,-0.749452769756
-0.536957263947,0.188833266497,1.28565514088,0.404782235622,-0.350231796503,-0.3813123703,-0.75371748209
-0.536993920803,0.188803464174,1.28586637974,0.403318345547,-0.3494759202,-0.374885469675,-0.758064568043
-0.537326812744,0.188698291779,1.28624212742,0.402301251888,-0.348505288363,-0.36747571826,-0.762665987015
-0.537295818329,0.188665047288,1.2863650322,0.400825172663,-0.347735375166,-0.360423892736,-0.767146587372
-0.537198126316,0.188581287861,1.28650188446,0.399222761393,-0.347058296204,-0.352829456329,-0.771805107594
-0.536751449108,0.188655465841,1.28635168076,0.397333532572,-0.346751332283,-0.345655143261,-0.776152133942
-0.538332164288,0.188544362783,1.28667914867,0.397241592407,-0.343343943357,-0.33788523078,-0.781119525433
-0.536568343639,0.188431233168,1.28681993484,0.393949717283,-0.345413535833,-0.330832898617,-0.784883856773
-0.537966370583,0.18837416172,1.28704893589,0.394378066063,-0.342534780502,-0.322281837463,-0.789474785328
-0.537614047527,0.188306927681,1.28725552559,0.392132639885,-0.341646105051,-0.315933227539,-0.793533980846
-0.537338674068,0.188295066357,1.28739726543,0.391023784876,-0.341449022293,-0.307467460632,-0.797481536865
-0.537121593952,0.187967270613,1.28754878044,0.388968497515,-0.340860813856,-0.301125138998,-0.801149904728
-0.53672170639,0.18802022934,1.28771781921,0.387162148952,-0.34050577879,-0.293661028147,-0.804937660694
-0.53634750843,0.188247010112,1.28786075115,0.385811239481,-0.340418249369,-0.286811858416,-0.808086752892
-0.534237623215,0.188246533275,1.28864979744,0.381613224745,-0.342429816723,-0.282131910324,-0.810872912407
-0.534055173397,0.188177570701,1.28830647469,0.380901515484,-0.341310679913,-0.275827825069,-0.813842833042
-0.533127069473,0.188173562288,1.28893399239,0.378812134266,-0.342381894588,-0.26945707202,-0.816497981548
-0.532654881477,0.18810172379,1.28900325298,0.377266377211,-0.34195625782,-0.263379365206,-0.819370150566
-0.532077848911,0.188060730696,1.28913235664,0.375767588615,-0.34204429388,-0.25739172101,-0.821920931339
-0.531572341919,0.187980905175,1.28926515579,0.374260723591,-0.342071026564,-0.25210416317,-0.824232876301
-0.532427608967,0.188146799803,1.28882789612,0.375741153955,-0.339405059814,-0.24602021277,-0.826496839523
-0.530286848545,0.188058033586,1.28962445259,0.372143357992,-0.342227637768,-0.241983130574,-0.828150808811
-0.531636357307,0.187958449125,1.28925979137,0.373260200024,-0.339340895414,-0.235752075911,-0.830629646778
-0.530902087688,0.187721759081,1.28929376602,0.371296495199,-0.339786589146,-0.231092393398,-0.832634568214
-0.530237793922,0.187760621309,1.28936970234,0.37019187212,-0.340317577124,-0.226620018482,-0.834137499332
-0.529720962048,0.187655627728,1.28943192959,0.369063705206,-0.340343147516,-0.222686931491,-0.835684835911
-0.529080569744,0.187506347895,1.28948032856,0.368542045355,-0.341073393822,-0.219183504581,-0.836543142796
-0.526741921902,0.187339395285,1.28897941113,0.365866929293,-0.34332960844,-0.21637801826,-0.837524235249
-0.525978803635,0.187368601561,1.29026556015,0.364675223827,-0.346158444881,-0.212180674076,-0.837953269482
-0.525380373001,0.18726195395,1.29038858414,0.364060997963,-0.346516728401,-0.210006043315,-0.838619828224
-0.524453103542,0.186925008893,1.28874194622,0.363493293524,-0.346057265997,-0.207648158073,-0.83964240551
-0.523854315281,0.187069505453,1.28879714012,0.363266795874,-0.347139745951,-0.203963577747,-0.840196490288
-0.523180782795,0.186556279659,1.28879070282,0.362423479557,-0.347244948149,-0.20265494287,-0.84083366394
-0.522563815117,0.186711296439,1.28894925117,0.362355619669,-0.348925620317,-0.199409842491,-0.840942919254
-0.5218937397,0.186593905091,1.28901600838,0.361597925425,-0.349462002516,-0.198083043098,-0.841359853745
-0.521797895432,0.186277925968,1.28956854343,0.361625790596,-0.349999070168,-0.196540266275,-0.84148645401
-0.521254837513,0.186257600784,1.29046142101,0.361396253109,-0.351821511984,-0.194994673133,-0.841184675694
-0.520800590515,0.186169967055,1.29057168961,0.361412376165,-0.352638483047,-0.193776026368,-0.84111726284
-0.519561767578,0.185924634337,1.28954875469,0.360757678747,-0.353809148073,-0.192171648145,-0.841274738312
-0.51907992363,0.185755521059,1.28965711594,0.360712468624,-0.354172885418,-0.192290440202,-0.841113865376
-0.518637537956,0.185408428311,1.28988671303,0.36034861207,-0.354791194201,-0.192219913006,-0.841025292873
-0.520322501659,0.185268312693,1.29061341286,0.362562358379,-0.352987140417,-0.190954193473,-0.841121375561
-0.517827451229,0.184933483601,1.29055011272,0.35967195034,-0.356868475676,-0.19058316946,-0.84080862999
-0.517083764076,0.184818863869,1.29021501541,0.359346956015,-0.357618033886,-0.190531313419,-0.840640842915
-0.516555547714,0.184604644775,1.29044771194,0.359046548605,-0.358342170715,-0.191467493773,-0.840247929096
-0.516079187393,0.184632360935,1.29050374031,0.359076052904,-0.359392613173,-0.191260263324,-0.839833796024
-0.515606999397,0.184153959155,1.29057395458,0.358571171761,-0.360404253006,-0.191606163979,-0.839537143707
-0.515624582767,0.184075891972,1.29141020775,0.358982622623,-0.362331658602,-0.190282672644,-0.838832378387
-0.515257239342,0.183901906013,1.29137837887,0.358869940042,-0.363242745399,-0.190230324864,-0.838498353958
-0.514462947845,0.183606430888,1.29094219208,0.35845425725,-0.364318877459,-0.190429538488,-0.83816409111
-0.514052152634,0.18349725008,1.29095876217,0.358289241791,-0.365230560303,-0.190705776215,-0.83777487278
-0.515837967396,0.183299690485,1.292075634,0.360828608274,-0.364485234022,-0.189797818661,-0.837215602398
-0.514083921909,0.182700037956,1.29147100449,0.358823746443,-0.366352170706,-0.190677314997,-0.837062656879
-0.513906240463,0.182426765561,1.29157853127,0.358729988337,-0.366911739111,-0.190402001143,-0.836920380592
-0.513536393642,0.18227340281,1.29160916805,0.358572840691,-0.367759793997,-0.190212801099,-0.836658477783
-0.513195693493,0.181964248419,1.2916662693,0.358223736286,-0.368643820286,-0.189788475633,-0.836515307426
-0.512631177902,0.181814044714,1.29130494595,0.357899725437,-0.369297236204,-0.189445003867,-0.836443662643
-0.512533426285,0.181328892708,1.29139578342,0.357518464327,-0.369515955448,-0.189473807812,-0.836503565311
-0.512390732765,0.181087881327,1.29149854183,0.357078164816,-0.369998663664,-0.189215272665,-0.836536824703
-0.512630283833,0.180649995804,1.29207634926,0.357163280249,-0.370519459248,-0.188685446978,-0.836389660835
-0.51276910305,0.180319875479,1.29253041744,0.357083976269,-0.371057778597,-0.188404932618,-0.836248099804
-0.512313008308,0.179890155792,1.29222595692,0.356663763523,-0.371419012547,-0.188853755593,-0.836165726185
-0.512193977833,0.17971020937,1.29229652882,0.356053233147,-0.372016251087,-0.188427820802,-0.836256563663
-0.512071013451,0.179431825876,1.29233980179,0.355625748634,-0.372502475977,-0.188599660993,-0.83618324995
-0.511954009533,0.179111093283,1.29270291328,0.35521659255,-0.373455584049,-0.188758566976,-0.835896134377
-0.511343836784,0.178556546569,1.2921141386,0.354144871235,-0.373794466257,-0.189429178834,-0.836047708988
-0.511270582676,0.178309157491,1.292121768,0.354005396366,-0.374124646187,-0.190232336521,-0.835776686668
-0.511194586754,0.178052783012,1.29213190079,0.353804469109,-0.374859571457,-0.189935386181,-0.835599899292
-0.511219441891,0.177734941244,1.29218685627,0.353648096323,-0.375385284424,-0.190218091011,-0.835365831852
-0.511237025261,0.177341282368,1.29223012924,0.353460609913,-0.375889748335,-0.190782636404,-0.835089504719
-0.511263310909,0.177039578557,1.29225254059,0.353590637445,-0.376618266106,-0.191509351134,-0.834539711475
-0.511241316795,0.176742881536,1.29238212109,0.353801727295,-0.377643972635,-0.192413911223,-0.833778381348
-0.511699676514,0.176550418139,1.29310417175,0.354172199965,-0.378568917513,-0.192585587502,-0.833161711693
-0.511715173721,0.176282674074,1.29312765598,0.35449591279,-0.379756063223,-0.193114742637,-0.83236092329
-0.511788368225,0.176005482674,1.29317355156,0.354723364115,-0.38059169054,-0.193870916963,-0.831706285477
-0.511869907379,0.175755798817,1.29319965839,0.354686230421,-0.381158560514,-0.194475889206,-0.831321239471
-0.511585474014,0.175416320562,1.29254555702,0.354443728924,-0.381544858217,-0.195339933038,-0.831044912338
-0.512092471123,0.175073608756,1.29297482967,0.355085521936,-0.381818652153,-0.196227326989,-0.830435872078
-0.512289345264,0.174842342734,1.29301702976,0.35528832674,-0.382071375847,-0.197335809469,-0.829970002174
-0.51261651516,0.174655482173,1.29316222668,0.355556547642,-0.38291066885,-0.196973100305,-0.829554438591
-0.512852489948,0.174439802766,1.29321217537,0.355526417494,-0.38315191865,-0.19758310914,-0.829310894012
-0.512744903564,0.174217790365,1.29284536839,0.355335712433,-0.383419901133,-0.19854362309,-0.829039275646
-0.513037264347,0.174088150263,1.29290759563,0.355323016644,-0.383206248283,-0.199606239796,-0.828888356686
-0.513674974442,0.174061626196,1.29341876507,0.355534464121,-0.383627980947,-0.199919611216,-0.828526973724
-0.514111161232,0.173896148801,1.29352259636,0.355647116899,-0.383555322886,-0.20090483129,-0.828273952007
-0.514436423779,0.173753082752,1.29358100891,0.355863332748,-0.3836568892,-0.201697126031,-0.827941417694
-0.514842450619,0.173632144928,1.29369068146,0.356190890074,-0.383820414543,-0.20262670517,-0.827497720718
-0.515376746655,0.173511147499,1.29378354549,0.356870830059,-0.38385233283,-0.204033225775,-0.826844096184
-0.515509188175,0.173374712467,1.29351830482,0.356780797243,-0.384017795324,-0.205394208431,-0.826469063759
-0.515895545483,0.173335522413,1.29363071918,0.357363373041,-0.384664654732,-0.206118524075,-0.825735867023
-0.516883790493,0.17297282815,1.29431092739,0.358306795359,-0.383708119392,-0.208585500717,-0.825152397156
-0.517240524292,0.172978103161,1.2943880558,0.3586576581,-0.384670138359,-0.209306836128,-0.824369013309
-0.517680346966,0.172826260328,1.29446911812,0.358544617891,-0.384232372046,-0.211707860231,-0.824009120464
-0.518171429634,0.17271655798,1.29459583759,0.359363913536,-0.384662777185,-0.213789120317,-0.822913348675
-0.51852452755,0.172580271959,1.29462778568,0.359562784433,-0.384970664978,-0.21566106379,-0.822193741798
-0.518638789654,0.172352954745,1.29423069954,0.359623014927,-0.385389864445,-0.218336075544,-0.821264445782
-0.51908159256,0.172493159771,1.29423809052,0.359682112932,-0.386005312204,-0.220286265016,-0.820428371429
-0.519918560982,0.172276392579,1.29463028908,0.361390292645,-0.386399507523,-0.222695335746,-0.818840205669
-0.520119309425,0.172131150961,1.2941879034,0.361109405756,-0.386195838451,-0.225902378559,-0.818181455135
-0.521012663841,0.172139391303,1.29462480545,0.362476229668,-0.386462599039,-0.228299692273,-0.816784620285
-0.521214127541,0.172079026699,1.29413795471,0.363024353981,-0.386811971664,-0.230922684073,-0.815637648106
-0.522246062756,0.172064438462,1.29456984997,0.364656567574,-0.38745880127,-0.233482584357,-0.813871741295
-0.5241304636,0.172018274665,1.29467213154,0.367057621479,-0.385391741991,-0.236476823688,-0.812908768654
-0.523440182209,0.171971663833,1.29435408115,0.366507679224,-0.387488752604,-0.240365743637,-0.811017274857
-0.523877561092,0.171901643276,1.29423010349,0.367081016302,-0.387970894575,-0.243871942163,-0.809479296207
-0.524351656437,0.17186498642,1.29410970211,0.368052452803,-0.388675779104,-0.247497826815,-0.807597339153
-0.524604916573,0.171832710505,1.29344177246,0.369003981352,-0.389165043831,-0.251362681389,-0.805731654167
-0.525024056435,0.171812579036,1.29331469536,0.370204240084,-0.389862537384,-0.255477696657,-0.803546726704
-0.525899708271,0.171866446733,1.29364717007,0.37141507864,-0.390513688326,-0.260540723801,-0.80104213953
-0.526712119579,0.171922117472,1.2939081192,0.373193055391,-0.391001105309,-0.263535171747,-0.798995792866
-0.527288258076,0.172040000558,1.29370486736,0.374827831984,-0.391467273235,-0.267224043608,-0.796774029732
-0.527835726738,0.172170728445,1.29362201691,0.376205325127,-0.391713917255,-0.271429032087,-0.794579207897
-0.528436481953,0.172137290239,1.29347062111,0.377936542034,-0.391802698374,-0.274707227945,-0.792584776878
-0.528846919537,0.172240391374,1.29286110401,0.378772169352,-0.391831278801,-0.279018163681,-0.790663540363
-0.529084205627,0.172182440758,1.29236161709,0.379796773195,-0.392064571381,-0.283220499754,-0.788559377193
-0.530046701431,0.172353118658,1.29276657104,0.381403297186,-0.392246186733,-0.287393033504,-0.786180496216
-0.530461847782,0.172459557652,1.29266762733,0.382665038109,-0.392505943775,-0.291795164347,-0.783812642097
-0.532680094242,0.172525957227,1.29306805134,0.386136591434,-0.390637785196,-0.295327067375,-0.781717717648
-0.531513094902,0.172720164061,1.29245102406,0.38532024622,-0.39304330945,-0.299854576588,-0.779187083244
-0.53213006258,0.172799110413,1.29239761829,0.385719567537,-0.393336176872,-0.304222464561,-0.777145922184
-0.532647371292,0.172825247049,1.29228341579,0.386864960194,-0.393263578415,-0.308051496744,-0.775102317333
-0.532881498337,0.172988578677,1.29205214977,0.387507736683,-0.393269330263,-0.313285201788,-0.772676825523
-0.533261299133,0.17312105,1.2919819355,0.388546258211,-0.393302619457,-0.31705725193,-0.770596981049
-0.533706963062,0.173393055797,1.29196155071,0.389662444592,-0.393952846527,-0.320879727602,-0.768114924431
-0.53405380249,0.173447564244,1.29191637039,0.389828026295,-0.393489837646,-0.325276404619,-0.766417086124
-0.534396886826,0.173554241657,1.29188001156,0.390781164169,-0.393674403429,-0.329625636339,-0.763974845409
-0.53474599123,0.173777014017,1.29175364971,0.39167881012,-0.393651694059,-0.33352252841,-0.761832535267
-0.535119712353,0.173899576068,1.29174101353,0.392690211535,-0.393761098385,-0.337498426437,-0.759500801563
-0.535100102425,0.173804610968,1.29119610786,0.392099231482,-0.3941385746,-0.341312617064,-0.757904112339
-0.53568392992,0.173918440938,1.29160439968,0.392967909575,-0.394092947245,-0.345473110676,-0.755589425564
-0.53607827425,0.174024060369,1.29166138172,0.392967432737,-0.394129186869,-0.350653231144,-0.753180742264
-0.53666383028,0.174076512456,1.29201054573,0.394131392241,-0.394007652998,-0.354059785604,-0.751039385796
-0.537012338638,0.174242094159,1.29194629192,0.394379884005,-0.394649416208,-0.357390642166,-0.748991549015
-0.536945700645,0.174376428127,1.29143619537,0.394787788391,-0.395022779703,-0.361344963312,-0.746679008007
-0.537173032761,0.174584999681,1.29136049747,0.395481407642,-0.394985288382,-0.36565092206,-0.744231522083
-0.537370443344,0.174683883786,1.29132854939,0.396540403366,-0.395960062742,-0.36901807785,-0.741483032703
-0.537559747696,0.174816161394,1.29131257534,0.39692774415,-0.395916461945,-0.373444318771,-0.739079117775
-0.537848711014,0.174941986799,1.29132115841,0.398097634315,-0.396294414997,-0.377173811197,-0.736348390579
-0.538020431995,0.174985408783,1.2912427187,0.398697257042,-0.396500229836,-0.381441146135,-0.733710229397
-0.538179397583,0.175104081631,1.29119277,0.399559408426,-0.396862089634,-0.385544806719,-0.730895340443
-0.538365006447,0.175299018621,1.29112040997,0.400222420692,-0.397341370583,-0.389749974012,-0.728036344051
-0.538631796837,0.175412505865,1.2909913063,0.401058852673,-0.397501975298,-0.393766880035,-0.725321888924
-0.539167284966,0.175572097301,1.29156172276,0.402616620064,-0.397616386414,-0.397278785706,-0.722475349903
-0.539321005344,0.175551593304,1.29149079323,0.403159379959,-0.397683173418,-0.401803553104,-0.719628095627
-0.539602637291,0.175780460238,1.29144048691,0.404131650925,-0.398375868797,-0.404821425676,-0.71700334549
-0.539633274078,0.175990462303,1.29069006443,0.403721243143,-0.397803902626,-0.409349113703,-0.714978694916
-0.540013372898,0.176116600633,1.29070699215,0.404570400715,-0.397861540318,-0.412279337645,-0.712779641151
-0.541687726974,0.17609077692,1.2909065485,0.407071173191,-0.395521521568,-0.41472736001,-0.711236298084
-0.541994810104,0.176194161177,1.29086410999,0.407466292381,-0.395438015461,-0.418286055326,-0.708968758583
-0.542268753052,0.176388546824,1.29084479809,0.407974690199,-0.395449310541,-0.421589493752,-0.706709861755
-0.541068971157,0.176619246602,1.2905960083,0.406372755766,-0.397549927235,-0.425182849169,-0.704297482967
-0.541449725628,0.176789090037,1.29096496105,0.4067671597,-0.397398173809,-0.428404569626,-0.702199935913
-0.541645348072,0.176814377308,1.29095506668,0.407043397427,-0.397468715906,-0.43135073781,-0.700193405151
-0.542072713375,0.176863372326,1.29122364521,0.407661437988,-0.397251397371,-0.433953762054,-0.698346316814
-0.542342185974,0.176998093724,1.29118168354,0.40784829855,-0.396978139877,-0.436992436647,-0.696495294571
-0.542763233185,0.176893681288,1.29111468792,0.40801435709,-0.396419256926,-0.439637541771,-0.695050299168
-0.542963862419,0.177123978734,1.2910541296,0.408145785332,-0.396028488874,-0.442419439554,-0.693428814411
-0.54324233532,0.177104055882,1.29099750519,0.40837547183,-0.395908117294,-0.444823563099,-0.691822528839
-0.54331022501,0.177261292934,1.29066002369,0.407967507839,-0.395737797022,-0.447250753641,-0.690594613552
-0.543837666512,0.177342355251,1.29094684124,0.408557921648,-0.395540803671,-0.449293524027,-0.689030706882
-0.543859601021,0.177453204989,1.29064679146,0.408283263445,-0.395420193672,-0.451699733734,-0.687688231468
-0.5441147089,0.177558124065,1.29062259197,0.408740669489,-0.395410120487,-0.453671008348,-0.686122775078
-0.544487655163,0.177622437477,1.29064154625,0.408866196871,-0.394615322351,-0.455776721239,-0.685109317303
-0.54494446516,0.177728936076,1.29062402248,0.409546285868,-0.394274353981,-0.457483649254,-0.683760523796
-0.54525244236,0.177765607834,1.29052686691,0.410075962543,-0.393731862307,-0.459607452154,-0.682329833508
-0.545600473881,0.177882328629,1.29049658775,0.410471826792,-0.393404453993,-0.460915118456,-0.681397736073
-0.545972049236,0.177928984165,1.29048287868,0.410842269659,-0.39289867878,-0.463353782892,-0.679810583591
-0.546272516251,0.17787411809,1.2904279232,0.410994529724,-0.39245736599,-0.465582847595,-0.678449273109
-0.546888709068,0.177960038185,1.29059422016,0.412216365337,-0.391835153103,-0.466615766287,-0.677356958389
-0.547318220139,0.177966594696,1.29057979584,0.412561744452,-0.391281634569,-0.468742400408,-0.675997138023
-0.547443568707,0.178149282932,1.29024589062,0.412291258574,-0.391297906637,-0.470520883799,-0.674916327
-0.547768175602,0.178226962686,1.29027068615,0.412980377674,-0.3908624053,-0.472299009562,-0.673503875732
-0.548127055168,0.178314223886,1.2902276516,0.413358211517,-0.390393853188,-0.474156916142,-0.672237157822
-0.54847073555,0.178381472826,1.29017841816,0.413714110851,-0.389889627695,-0.476138353348,-0.670909106731
-0.548914372921,0.1784247756,1.29001128674,0.41390863061,-0.388708531857,-0.478193640709,-0.670012176037
-0.549325048923,0.178487464786,1.28995740414,0.414232760668,-0.387688994408,-0.480200946331,-0.668965995312
-0.549569606781,0.178424149752,1.28986287117,0.414430707693,-0.386678516865,-0.482917606831,-0.667471051216
-0.549980700016,0.178552955389,1.28971230984,0.414469748735,-0.385740309954,-0.484938502312,-0.666523933411
-0.550287902355,0.178534567356,1.2895950079,0.414775818586,-0.384077638388,-0.48792129755,-0.665115296841
-0.5505245924,0.178405299783,1.28947615623,0.417684018612,-0.384670227766,-0.494849264622,-0.657794058323
-0.550926268101,0.178430050611,1.28939151764,0.417255908251,-0.38367035985,-0.497295171022,-0.65680450201
-0.551041126251,0.178393930197,1.28931796551,0.416339069605,-0.382874071598,-0.50004953146,-0.655758857727
-0.551116108894,0.178254514933,1.28923797607,0.412575572729,-0.379413843155,-0.500431060791,-0.659844994545
-0.551111221313,0.178258106112,1.28918159008,0.411437809467,-0.378222227097,-0.504875421524,-0.657850801945
-0.551029384136,0.178180083632,1.2891689539,0.410742133856,-0.377207249403,-0.509166657925,-0.655556976795
-0.550901293755,0.178082123399,1.28917014599,0.409310281277,-0.375763058662,-0.514256298542,-0.653305232525
-0.55077368021,0.178049772978,1.2892049551,0.408382564783,-0.374625474215,-0.519474029541,-0.650404572487
-0.550621271133,0.178051888943,1.28928732872,0.40719628334,-0.373104900122,-0.52459871769,-0.647904396057
-0.550474464893,0.177892819047,1.2893332243,0.405908346176,-0.371724814177,-0.530410647392,-0.644766330719
-0.550337195396,0.177793562412,1.28938627243,0.404164195061,-0.370009958744,-0.536524951458,-0.641782641411
-0.550149619579,0.177536562085,1.28949058056,0.402855873108,-0.368167310953,-0.542589426041,-0.638558387756
-0.550049543381,0.177707701921,1.28954255581,0.401098310947,-0.36676800251,-0.548451006413,-0.635454773903
-0.549951076508,0.177653804421,1.28963196278,0.399785548449,-0.365516602993,-0.554792165756,-0.631486177444
-0.54995983839,0.17778404057,1.28970122337,0.396569550037,-0.364388436079,-0.559908628464,-0.629647493362
-0.549869060516,0.177672609687,1.28975224495,0.394749522209,-0.362721920013,-0.566026866436,-0.626274168491
-0.549761772156,0.177722066641,1.28981816769,0.39322295785,-0.360954672098,-0.571995794773,-0.622822761536
-0.550891816616,0.177439421415,1.2901943922,0.393156647682,-0.357244044542,-0.577559173107,-0.619862854481
-0.550850450993,0.177480727434,1.2902380228,0.391137808561,-0.355260640383,-0.583397567272,-0.616805195808
-0.549482047558,0.177707225084,1.28995263577,0.387587815523,-0.355243176222,-0.590364933014,-0.612411081791
-0.550804555416,0.177713781595,1.29032218456,0.387916743755,-0.352052241564,-0.595085561275,-0.609469234943
-0.55078715086,0.177898913622,1.29030835629,0.386361658573,-0.350365281105,-0.600608885288,-0.606001496315
-0.550833106041,0.178053796291,1.29027819633,-0.385248869658,0.349065423012,0.606106042862,0.601973772049
-0.550900638103,0.178280904889,1.29022502899,-0.382987111807,0.349111706018,0.612832486629,0.596555292606
-0.551837027073,0.178562939167,1.29016280174,-0.382189333439,0.345985144377,0.618325710297,0.59321051836
-0.551853954792,0.179060563445,1.29006433487,-0.38131275773,0.344803750515,0.623773396015,0.588742613792
-0.55018633604,0.179335638881,1.28956341743,-0.377151310444,0.342735111713,0.632091581821,0.58373773098
-0.550369918346,0.179740771651,1.28944480419,-0.377929836512,0.342028170824,0.640711128712,0.574173569679
-0.550692200661,0.180114597082,1.28928172588,-0.377782076597,0.340892106295,0.644459486008,0.570741057396
-0.552716374397,0.180496707559,1.28917872906,-0.378015160561,0.339050740004,0.64536935091,0.570655465126
-0.551574587822,0.181020349264,1.28887879848,-0.376373618841,0.339338093996,0.649590492249,0.566767036915
-0.551809370518,0.181384712458,1.28863883018,-0.376946926117,0.336826980114,0.654556035995,0.562152266502
-0.553778290749,0.181711703539,1.28842175007,-0.378548264503,0.333650350571,0.657445132732,0.559593319893
-0.552656471729,0.182434543967,1.28793561459,-0.376048266888,0.334783881903,0.66317731142,0.553808093071
-0.552816092968,0.182990074158,1.28755545616,-0.375192344189,0.334108769894,0.667579054832,0.549490869045
-0.553527414799,0.1835026443,1.28759264946,-0.375437557697,0.3327242136,0.671682596207,0.545145511627
-0.553680598736,0.184307307005,1.28681135178,-0.374712318182,0.332662403584,0.675825893879,0.540542244911
-0.554592192173,0.184852808714,1.28686392307,-0.374376237392,0.33310058713,0.678501844406,0.537142276764
-0.555224895477,0.185521483421,1.28644180298,-0.374495238066,0.332488417625,0.681993484497,0.533000707626
-0.555412471294,0.186009347439,1.28587388992,-0.375555247068,0.330336391926,0.686398804188,0.527913689613
-0.555880069733,0.18661724031,1.28539502621,-0.375482439995,0.329952716827,0.69003111124,0.523451209068
-0.556752562523,0.187244862318,1.28541469574,-0.376434892416,0.328954815865,0.69317740202,0.519221305847
-0.557081520557,0.188295602798,1.28460586071,-0.376368135214,0.328749001026,0.696999073029,0.514260232449
-0.557955384254,0.188939332962,1.28458154202,-0.375972121954,0.330065846443,0.698765456676,0.511300563812
-0.558086574078,0.189399659634,1.2837100029,-0.376075714827,0.328155219555,0.703133046627,0.506443858147
-0.558760344982,0.190141946077,1.28312420845,-0.376875132322,0.327140986919,0.706027686596,0.502462923527
-0.559100747108,0.190841570497,1.28292834759,-0.377337604761,0.326922237873,0.708533346653,0.498717159033
-0.559633255005,0.19162094593,1.28257477283,-0.377873837948,0.326024651527,0.711507499218,0.494647830725
-0.560261189938,0.19259659946,1.28216314316,-0.377548873425,0.328297257423,0.712346076965,0.492179721594
-0.56097227335,0.1932220608,1.2821495533,-0.379438906908,0.325067579746,0.716166377068,0.487301826477
-0.561529397964,0.193844497204,1.28165626526,-0.379524499178,0.324777632952,0.717983186245,0.484748244286
-0.561560153961,0.194642469287,1.28098571301,-0.378875106573,0.325146228075,0.719948530197,0.482086598873
-0.562520086765,0.195247411728,1.28091526031,-0.379757016897,0.324378073215,0.7214859128,0.479605585337
-0.56290191412,0.196031585336,1.28055429459,-0.380720824003,0.324081867933,0.722943067551,0.476839601994
-0.563288450241,0.196715638041,1.28021383286,-0.380605429411,0.323602080345,0.725139021873,0.473914295435
-0.563671708107,0.197388023138,1.2798961401,-0.380114257336,0.323329657316,0.727451086044,0.470941841602
-0.563578665257,0.19872738421,1.27934980392,-0.380619674921,0.324103087187,0.729142725468,0.467372059822
-0.564055681229,0.199107840657,1.27902960777,-0.380162626505,0.323399066925,0.731103360653,0.465163737535
-0.564401984215,0.200113609433,1.27861821651,-0.380532413721,0.323205947876,0.732877790928,0.462193906307
-0.56439858675,0.200877085328,1.27827513218,-0.380441486835,0.323548972607,0.734816014767,0.458939820528
-0.565007567406,0.201835140586,1.27795410156,-0.379314810038,0.326383382082,0.735115349293,0.457383573055
-0.565264523029,0.20257973671,1.27772068977,-0.379513055086,0.326130241156,0.73674339056,0.454772830009
-0.565519154072,0.20348122716,1.27746343613,-0.379590839148,0.326361626387,0.738238036633,0.45211020112
-0.56569558382,0.204366773367,1.27706921101,-0.379667758942,0.326513111591,0.739597439766,0.449707955122
-0.566235423088,0.204834342003,1.27705132961,-0.38050147891,0.325485855341,0.740835487843,0.447705715895
-0.566465914249,0.205666571856,1.27679121494,-0.380733370781,0.325955033302,0.741948127747,0.445318460464
-0.566698491573,0.206490814686,1.27663826942,-0.381207227707,0.326037794352,0.743091464043,0.442939639091
-0.566647768021,0.207252278924,1.27607214451,-0.380708485842,0.326728641987,0.744388639927,0.440675616264
-0.566742122173,0.208054319024,1.27576005459,-0.380760759115,0.32685354352,0.745703577995,0.438308417797
-0.566953480244,0.208885014057,1.27547287941,-0.381558030844,0.327040702105,0.746351897717,0.436367869377
-0.567166090012,0.209467858076,1.27517426014,-0.381912469864,0.327148586512,0.747101843357,0.434690237045
-0.567459583282,0.210186421871,1.27501344681,-0.382448881865,0.327248543501,0.747852027416,0.432849675417
-0.567571759224,0.210883885622,1.27477037907,-0.38309314847,0.32756870985,0.748345077038,0.431182146072
-0.56771582365,0.211694255471,1.27447414398,-0.383808881044,0.327844083309,0.748962700367,0.429259866476
-0.567736446857,0.212278321385,1.27411091328,-0.384078621864,0.328079462051,0.749648571014,0.427638322115
-0.568022072315,0.213086366653,1.27383232117,-0.384677797556,0.328469753265,0.749995231628,0.426189810038
-0.568048596382,0.213872134686,1.2735222578,-0.384941905737,0.328984439373,0.750562012196,0.424553692341
-0.568081200123,0.214368104935,1.2733130455,-0.385157644749,0.329298019409,0.750928759575,0.423464804888
-0.568194687366,0.215016514063,1.27296185493,-0.385369837284,0.329590022564,0.751345515251,0.422303795815
-0.568284988403,0.215561822057,1.27277684212,-0.385814875364,0.329791843891,0.751615405083,0.42125838995
-0.568397343159,0.216154515743,1.27255856991,-0.386332124472,0.330038189888,0.751750230789,0.420349925756
-0.56838542223,0.216671422124,1.27232253551,-0.386666804552,0.33016949892,0.752057254314,0.419388741255
-0.568337798119,0.217197313905,1.27202033997,-0.386921614408,0.33022788167,0.752317130566,0.418640881777
-0.5683837533,0.217708185315,1.27176976204,-0.387161463499,0.330306261778,0.752522110939,0.41798838973
-0.568384826183,0.218225821853,1.27151477337,-0.387634754181,0.330664038658,0.752256512642,0.417744964361
-0.568356096745,0.218672454357,1.27133178711,-0.387915372849,0.33097460866,0.752154529095,0.417421936989
-0.568106591702,0.219238042831,1.27080535889,-0.387454122305,0.331752896309,0.75244396925,0.416710436344
-0.568306744099,0.219660952687,1.27087259293,-0.388390570879,0.331766545773,0.751987159252,0.416652172804
-0.568304300308,0.220035940409,1.27071368694,-0.388844668865,0.331903666258,0.751632034779,0.416760265827
-0.568216085434,0.22048291564,1.27050304413,-0.389354974031,0.332181930542,0.751138329506,0.416952013969
-0.568162322044,0.220894351602,1.27033162117,-0.390028893948,0.332362383604,0.750456273556,0.417406320572
-0.568152308464,0.221223473549,1.27009773254,-0.390344917774,0.332651257515,0.749867022038,0.417939543724
-0.568130493164,0.221610590816,1.26992714405,-0.390252381563,0.333212316036,0.749792695045,0.417712301016
-0.567963302135,0.221959993243,1.26972675323,-0.391045957804,0.333342462778,0.749016463757,0.418258517981
-0.567892789841,0.222151070833,1.26953244209,-0.391111165285,0.333528488874,0.748519837856,0.418937891722
-0.567774057388,0.222587227821,1.26937329769,-0.391411751509,0.333809018135,0.748167574406,0.419062882662
-0.567740857601,0.222856789827,1.26922249794,-0.391934931278,0.334143549204,0.747307479382,0.419841229916
-0.567915797234,0.223053693771,1.26934146881,-0.392989933491,0.333949029446,0.746359586716,0.420695096254
-0.567445635796,0.223369911313,1.26880371571,-0.392621874809,0.334817767143,0.745525538921,0.421825736761
-0.567566215992,0.22353027761,1.26895797253,-0.393796652555,0.334571450949,0.744308829308,0.423072785139
-0.567067980766,0.223806202412,1.26847410202,-0.393005311489,0.335563927889,0.743878185749,0.423779428005
-0.566901445389,0.223996013403,1.26832950115,-0.393491744995,0.33587449789,0.742780566216,0.425005435944
-0.566708862782,0.224148243666,1.26817023754,-0.393727004528,0.33619889617,0.741658568382,0.426488101482
-0.566545188427,0.224292993546,1.26802372932,-0.393629461527,0.336560547352,0.740907371044,0.427596926689
-0.566320240498,0.224448084831,1.26785063744,-0.394128710032,0.336800932884,0.739301919937,0.429721534252
-0.566060900688,0.224589541554,1.26766049862,-0.394497364759,0.337124377489,0.7380464077,0.431284815073
-0.565735161304,0.224712580442,1.26748323441,-0.394445419312,0.33746150136,0.736650943756,0.433448851109
-0.565353035927,0.224842190742,1.26729869843,-0.394790709019,0.337856799364,0.735004425049,0.435616374016
-0.565325796604,0.224868059158,1.26747822762,-0.3959389925,0.337550908327,0.732943236828,0.438276261091
-0.564735651016,0.224981337786,1.2669942379,-0.395666569471,0.338038742542,0.731531560421,0.4404989779
-0.564291954041,0.22508457303,1.26680576801,-0.395313024521,0.338595926762,0.730059683323,0.442824095488
-0.563860654831,0.225127771497,1.26661229134,-0.395241379738,0.339060932398,0.728327512741,0.445377618074
-0.563529193401,0.225170508027,1.26648855209,-0.395296901464,0.339458048344,0.726400613785,0.448163688183
-0.563071846962,0.225290358067,1.26633036137,-0.395340651274,0.340010762215,0.724547386169,0.450699061155
-0.562587499619,0.22531825304,1.26622879505,-0.395184218884,0.340524792671,0.722529113293,0.453678309917
-0.562325000763,0.225378453732,1.26638007164,-0.396146863699,0.340635687113,0.720070302486,0.456654936075
-0.56153768301,0.225611388683,1.26593720913,-0.395585328341,0.341424107552,0.71825915575,0.459397226572
-0.560822069645,0.225592538714,1.26577675343,-0.395252496004,0.342169672251,0.716397762299,0.462027788162
-0.560193538666,0.225629717112,1.26561152935,-0.395257979631,0.342753946781,0.714129984379,0.465090721846
-0.55957454443,0.225709736347,1.26544761658,-0.395148545504,0.343472659588,0.711845815182,0.468145132065
-0.558977007866,0.225710138679,1.26526474953,-0.395155876875,0.344128876925,0.709408044815,0.471346408129
-0.558293402195,0.225874036551,1.26509773731,-0.39481317997,0.344970911741,0.707298159599,0.474180430174
-0.557640552521,0.225896865129,1.26500320435,-0.395028114319,0.345486849546,0.705068051815,0.476938903332
-0.55694425106,0.225952208042,1.26492190361,-0.396050065756,0.34577703476,0.701898276806,0.480542898178
-0.556487202644,0.225906983018,1.26468002796,-0.396292984486,0.346176952124,0.699375808239,0.483722060919
-0.555834829807,0.226062983274,1.26447427273,-0.396416425705,0.347166538239,0.696729302406,0.486721396446
-0.555431842804,0.225981026888,1.26448702812,-0.396927654743,0.347732752562,0.694001376629,0.489788234234
-0.554356276989,0.226261466742,1.26398730278,-0.394851744175,0.349844843149,0.69299352169,0.491386413574
-0.553746819496,0.22625297308,1.26378178596,-0.396540641785,0.350981384516,0.688302516937,0.495789498091
-0.552997291088,0.226393669844,1.26352977753,-0.396960407495,0.351799607277,0.685938775539,0.49814426899
-0.552667915821,0.226291373372,1.26349163055,-0.397771477699,0.352340400219,0.683092832565,0.501017332077
-0.551825404167,0.226474091411,1.26302158833,-0.397583067417,0.353349357843,0.681014001369,0.50328117609
-0.550908386707,0.226648747921,1.26278972626,-0.39772990346,0.354880332947,0.679037094116,0.504757225513
-0.550238251686,0.22677154839,1.26245355606,-0.397355884314,0.356273859739,0.677024245262,0.50676959753
-0.550010144711,0.226765632629,1.26237571239,-0.398154675961,0.356892824173,0.674332261086,0.509290158749
-0.549364387989,0.226854532957,1.26208901405,-0.399153649807,0.358333915472,0.671057760715,0.511815309525
-0.548533260822,0.227076619864,1.26152634621,-0.398696959019,0.359732091427,0.669404923916,0.513352394104
-0.547583222389,0.227221012115,1.26117897034,-0.398996859789,0.361200541258,0.667619884014,0.514411687851
-0.546945512295,0.227057486773,1.26100635529,-0.400965332985,0.358952373266,0.667265355587,0.51491445303
-0.546314537525,0.227145016193,1.26075172424,-0.40159329772,0.360265791416,0.664757907391,0.516747891903
-0.545265078545,0.2273837924,1.26022398472,-0.401120603085,0.362219214439,0.663012206554,0.517990767956
-0.544625222683,0.227575466037,1.25997233391,-0.402882009745,0.363214075565,0.659588932991,0.5202922225
-0.544152498245,0.227714568377,1.26002109051,-0.402753263712,0.364259630442,0.658342182636,0.521239459515
-0.543487012386,0.227836951613,1.25980401039,-0.403596997261,0.365238934755,0.655818641186,0.523079395294
-0.542609572411,0.228012889624,1.25927078724,-0.402962476015,0.366919994354,0.6543430686,0.524238824844
-0.54198038578,0.22829669714,1.25901567936,-0.403567969799,0.368503093719,0.651363790035,0.526368319988
-0.541479945183,0.228264957666,1.25904464722,-0.403732717037,0.369248479605,0.649714410305,0.527756273746
-0.540988504887,0.228567361832,1.25876569748,-0.403126329184,0.372265666723,0.64650028944,0.530042350292
-0.540385782719,0.228739783168,1.25853168964,-0.402837246656,0.373174220324,0.646062612534,0.530156731606
-0.539354681969,0.228932678699,1.25791156292,-0.402234226465,0.374786973,0.644568800926,0.531294286251
-0.538750350475,0.22889688611,1.2579549551,-0.402353256941,0.375033736229,0.643885135651,0.531858503819
-0.538045048714,0.229130595922,1.25772488117,-0.402436167002,0.375946253538,0.643242120743,0.531929850578
-0.537485659122,0.229319229722,1.25756967068,-0.402358591557,0.376679062843,0.642321765423,0.532581746578
-0.5366101861,0.229517966509,1.25709164143,-0.401912540197,0.377923876047,0.641202032566,0.533385336399
-0.536295294762,0.229611843824,1.25717425346,-0.40223005414,0.378303766251,0.639600872993,0.53479719162
-0.535474598408,0.229569196701,1.25706243515,-0.403215259314,0.377368152142,0.639365255833,0.534997940063
-0.534876525402,0.229703813791,1.25691211224,-0.402936130762,0.378069043159,0.638962447643,0.535194694996
-0.534074425697,0.230055913329,1.25686383247,-0.402665227652,0.379197478294,0.638093829155,0.535636365414
-0.533525705338,0.230230212212,1.25673127174,-0.402525573969,0.379743933678,0.637299537659,0.536299586296
-0.533083558083,0.23030218482,1.25667798519,-0.40244397521,0.380073070526,0.635817348957,0.537884473801
-0.532585859299,0.230331510305,1.25624072552,-0.401752382517,0.380623668432,0.635020494461,0.538952589035
-0.531724870205,0.230334877968,1.25524735451,-0.399999111891,0.381578028202,0.635269939899,0.539287686348
-0.531041324139,0.230604916811,1.25520694256,-0.399890571833,0.382402598858,0.634325325489,0.539895713329
-0.530945062637,0.230876475573,1.25610601902,-0.401365309954,0.382383435965,0.632408678532,0.541062176228
-0.530427455902,0.231036186218,1.25604712963,-0.400944083929,0.382990777493,0.632393717766,0.540962159634
-0.530022323132,0.231293290854,1.25592648983,-0.401178449392,0.383442223072,0.630992889404,0.542103171349
-0.52965337038,0.231401890516,1.25581860542,-0.400792956352,0.383754402399,0.630469977856,0.542775511742
-0.529190897942,0.231579631567,1.25494801998,-0.398550003767,0.385830551386,0.629964053631,0.543542206287
-0.528744220734,0.231777071953,1.25475990772,-0.398293972015,0.386410474777,0.628866612911,0.544587433338
-0.528425395489,0.231959804893,1.25461483002,-0.398215860128,0.386649847031,0.628855466843,0.544487833977
-0.528004586697,0.231916755438,1.25455141068,-0.398270368576,0.38669064641,0.62783396244,0.545596539974
-0.527348816395,0.232025623322,1.25402927399,-0.397342979908,0.38736552,0.628123223782,0.545461177826
-0.526859998703,0.232074052095,1.25394523144,-0.398595541716,0.386068552732,0.627757608891,0.545887410641
-0.526869058609,0.232233434916,1.25376319885,-0.397762477398,0.387451946735,0.626110553741,0.547404527664
-0.526493430138,0.232299923897,1.25364506245,-0.397328972816,0.387637555599,0.626480281353,0.547164618969
-0.526233553886,0.232417672873,1.25348412991,-0.397368967533,0.387781053782,0.625875532627,0.5477257967
-0.525802373886,0.232525378466,1.2534635067,-0.397387266159,0.388243824244,0.624796926975,0.548615515232
-0.525818586349,0.232670366764,1.25372302532,-0.398212373257,0.388127982616,0.623972892761,0.549036920071
-0.525191009045,0.232799768448,1.25324416161,-0.397786796093,0.388903081417,0.623591244221,0.549230396748
-0.524969577789,0.23289000988,1.25314450264,-0.397751361132,0.389195740223,0.623403072357,0.549262464046
-0.524783015251,0.232941389084,1.2530759573,-0.397955149412,0.389387100935,0.622951745987,0.549491167068
-0.524420082569,0.232846751809,1.25301873684,-0.399222254753,0.387879431248,0.624018967152,0.54842633009
-0.524283528328,0.232922852039,1.25296080112,-0.399697422981,0.387945741415,0.622897803783,0.549307227135
-0.524154961109,0.232989042997,1.25291061401,-0.400031030178,0.388004779816,0.623000741005,0.548905909061
-0.524175405502,0.232923090458,1.25278687477,-0.400306224823,0.387886017561,0.622048556805,0.549868106842
-0.524056792259,0.232814013958,1.25275814533,-0.400720894337,0.387818843126,0.621878325939,0.549806237221
-0.523993968964,0.23288358748,1.25263869762,-0.401126414537,0.387888044119,0.621170401573,0.550261616707
-0.523884654045,0.232952594757,1.25253999233,-0.401504009962,0.388046503067,0.620012879372,0.551179349422
-0.523715257645,0.232996344566,1.25245726109,-0.401562392712,0.388236671686,0.619747102261,0.551301658154
-0.523665070534,0.233219996095,1.25233161449,-0.402268797159,0.388399302959,0.61880248785,0.551733076572
-0.523597419262,0.233343109488,1.25223445892,-0.402499556541,0.38849774003,0.618499159813,0.551835656166
-0.523567259312,0.233218550682,1.25176155567,-0.402309238911,0.388375967741,0.61819589138,0.552399516106
-0.523507654667,0.233109235764,1.25173127651,-0.402480512857,0.388220697641,0.617713689804,0.552923262119
-0.523464739323,0.233115509152,1.25168573856,-0.403015732765,0.388125240803,0.616851687431,0.553562045097
-0.523466467857,0.233203679323,1.25164270401,-0.403391450644,0.388090997934,0.6162135005,0.554023385048
-0.523446440697,0.233237564564,1.25162017345,-0.40346711874,0.388071656227,0.615727722645,0.554521560669
-0.523302793503,0.233919113874,1.2520802021,-0.403520166874,0.390175014734,0.613691627979,0.555263638496
-0.523460268974,0.233591035008,1.25186431408,-0.404774546623,0.387804985046,0.614154100418,0.55549955368
-0.523403823376,0.233668044209,1.25184106827,-0.40494120121,0.387660712004,0.613678395748,0.556004285812
-0.523345112801,0.233705729246,1.25189328194,-0.405126720667,0.387425988913,0.613167464733,0.556595981121
-0.523275971413,0.233746394515,1.25189340115,-0.405227482319,0.387232482433,0.612628400326,0.55725055933
-0.522852361202,0.233984440565,1.25212049484,-0.405094206333,0.387710481882,0.612451195717,0.557209908962
-0.522748827934,0.233990743756,1.25213325024,-0.405281692743,0.387502044439,0.611826777458,0.557904183865
-0.522659599781,0.234013840556,1.25214838982,-0.405549317598,0.387350410223,0.610991239548,0.558729887009
-0.522496461868,0.234045162797,1.25214779377,-0.405947417021,0.387495577335,0.609982252121,0.559442281723
-0.522370934486,0.234087735415,1.25212609768,-0.406001746655,0.387461930513,0.60990858078,0.559506356716
-0.522264182568,0.234303683043,1.2520802021,-0.405959010124,0.3875657022,0.609935879707,0.559435963631
-0.522561371326,0.234260052443,1.25181090832,-0.404923826456,0.388470232487,0.608882546425,0.56070458889
-0.522403776646,0.234323769808,1.25182795525,-0.405312210321,0.388229638338,0.60868960619,0.560800135136
-0.522109031677,0.234148740768,1.25185775757,-0.405697673559,0.386631071568,0.610658586025,0.559483528137
-0.521928727627,0.234212785959,1.25185525417,-0.406386852264,0.386570870876,0.610021471977,0.559719979763
-0.52182495594,0.23429132998,1.2518709898,-0.40597769618,0.386610388756,0.610781908035,0.559160292149
-0.521449565887,0.234421908855,1.25221395493,-0.406181067228,0.386875212193,0.610874176025,0.558728277683
-0.521389305592,0.234516263008,1.25225281715,-0.406394928694,0.386793375015,0.610818624496,0.558690071106
-0.521323561668,0.23467952013,1.25229632854,-0.406573027372,0.386789381504,0.610730409622,0.558659911156
-0.521382272243,0.23462843895,1.25224435329,-0.406771719456,0.386443257332,0.610592365265,0.558905541897
-0.521464169025,0.234788894653,1.25284707546,-0.407612264156,0.386249929667,0.610314905643,0.558729827404
-0.521438539028,0.234831064939,1.25291872025,-0.407947659492,0.386114448309,0.610062897205,0.558853745461
-0.521097958088,0.234893649817,1.25262188911,-0.407794356346,0.386424988508,0.609762430191,0.559078931808
-0.521046638489,0.234886854887,1.25268411636,-0.408135980368,0.386372417212,0.609316766262,0.559351801872
-0.520997166634,0.234910741448,1.25274324417,-0.408425122499,0.386353462934,0.608835577965,0.559677958488
-0.520941257477,0.23491743207,1.25277662277,-0.409276127815,0.386201709509,0.607851445675,0.560230374336
-0.52088612318,0.234944015741,1.252820611,-0.409773856401,0.386097669601,0.607241511345,0.560599505901
-0.520823419094,0.234946250916,1.25285303593,-0.410153001547,0.385936021805,0.60676074028,0.560953974724
-0.520933270454,0.234881624579,1.25282144547,-0.410639673471,0.385522633791,0.606111347675,0.56158387661
-0.520652413368,0.23497325182,1.25290548801,-0.410879433155,0.385693788528,0.605714201927,0.561719536781
-0.520772695541,0.234864145517,1.25288486481,-0.411297976971,0.38526776433,0.605046451092,0.562424778938
-0.520548164845,0.234949678183,1.25296878815,-0.411644697189,0.385464936495,0.604376852512,0.562755942345
-0.520485520363,0.234935313463,1.25299084187,-0.411943078041,0.385323435068,0.603853046894,0.563196361065
-0.520609259605,0.234818905592,1.25296461582,-0.412290632725,0.384933531284,0.603236496449,0.5638692379
-0.520553171635,0.234806865454,1.2529938221,-0.412550836802,0.384862273932,0.602637648582,0.564367711544
-0.520681023598,0.23510953784,1.25415229797,-0.414227336645,0.384774625301,0.601635992527,0.564268231392
-0.520628929138,0.235131084919,1.25418007374,-0.414537936449,0.384790360928,0.601051092148,0.564652442932
-0.520570099354,0.235124409199,1.25420033932,-0.414939641953,0.384865760803,0.600360393524,0.565040767193
-0.520507454872,0.23511993885,1.25422215462,-0.415262192488,0.384942620993,0.600075364113,0.565054059029
-0.520453333855,0.235128819942,1.25426220894,-0.415571451187,0.384955823421,0.59980648756,0.56510335207
-0.52041476965,0.235127389431,1.25430285931,-0.415834158659,0.384952992201,0.599836111069,0.564880490303
-0.520379066467,0.235114306211,1.25441122055,-0.416139870882,0.384922802448,0.59987527132,0.56463432312
-0.520367980003,0.235109716654,1.25447046757,-0.416454017162,0.384899973869,0.599893927574,0.564398169518
-0.520351231098,0.235111266375,1.2545620203,-0.416660159826,0.384861111641,0.59994572401,0.564217448235
-0.520352363586,0.235095605254,1.25462079048,-0.416841357946,0.384803444147,0.599955022335,0.564113080502
-0.520415782928,0.235002428293,1.25471425056,-0.41703543067,0.384614050388,0.599893987179,0.564163863659
-0.520411670208,0.234988868237,1.25477826595,-0.417190164328,0.384574830532,0.599877238274,0.564094007015
-0.520392179489,0.234967753291,1.25485122204,-0.417300999165,0.384558737278,0.599821448326,0.5640822649
-0.520383834839,0.234954893589,1.25491833687,-0.417429238558,0.384529292583,0.599770069122,0.564062058926
-0.520318448544,0.234806329012,1.25444185734,-0.416995853186,0.384405851364,0.599931001663,0.564295589924
-0.520332038403,0.234822154045,1.25451743603,-0.417154222727,0.384355008602,0.599875211716,0.564272761345
-0.520469069481,0.234666496515,1.25440835953,-0.417148381472,0.384007275105,0.599918544292,0.564467549324
-0.52039706707,0.234890148044,1.25529491901,-0.417918801308,0.384244143963,0.599738657475,0.563927173615
-0.520415246487,0.234876483679,1.25538933277,-0.418022543192,0.384200692177,0.599775314331,0.563840985298
-0.520408928394,0.234943628311,1.2555243969,-0.418155312538,0.384205758572,0.599828064442,0.563682854176
-0.520496249199,0.2348267138,1.25566959381,-0.418220430613,0.383955597878,0.599906623363,0.563721418381
-0.520757615566,0.234986513853,1.25589907169,-0.417509108782,0.385356605053,0.598750591278,0.564521372318
-0.520800292492,0.234945505857,1.25605821609,-0.417593508959,0.385256707668,0.598788261414,0.564486980438
-0.520827353001,0.234906584024,1.2562353611,-0.417689234018,0.385161936283,0.59880566597,0.564462423325
-0.520897328854,0.23480656743,1.25622940063,-0.417637050152,0.384994924068,0.598754823208,0.564669013023
-0.520913004875,0.234742134809,1.25638782978,-0.417701095343,0.384906232357,0.598773956299,0.564661741257
-0.520916879177,0.234686747193,1.25655341148,-0.417772591114,0.384877055883,0.598799228668,0.564601838589
-0.520918011665,0.234569102526,1.25672757626,-0.417784482241,0.384818255901,0.59890550375,0.564520418644
-0.520870804787,0.234597399831,1.25714373589,-0.418036043644,0.384963840246,0.598912060261,0.564227938652
-0.520901501179,0.234656482935,1.25739908218,-0.41856944561,0.385257899761,0.598372161388,0.564204514027
-0.520883619785,0.234414070845,1.25758755207,-0.418507665396,0.385078042746,0.598628818989,0.564100921154
-0.52097517252,0.234310090542,1.25781548023,-0.418691903353,0.384908974171,0.598779976368,0.563919246197
-0.521018505096,0.234200328588,1.25795865059,-0.418745726347,0.384779542685,0.598963975906,0.56377196312
-0.521135985851,0.234002619982,1.25788199902,-0.418638437986,0.384467810392,0.599207401276,0.563805818558
-0.521001517773,0.233755812049,1.25803625584,-0.419731557369,0.382624715567,0.600637495518,0.562724113464
-0.521265208721,0.233727648854,1.25821042061,-0.418589740992,0.384219765663,0.599568367004,0.563627243042
-0.521347224712,0.233586400747,1.25835955143,-0.418606668711,0.384014487267,0.599774241447,0.563535630703
-0.521181643009,0.233468770981,1.25826275349,-0.417848199606,0.384027570486,0.600596427917,0.563213765621
-0.521631121635,0.233043804765,1.25849080086,-0.418080717325,0.383121311665,0.600739240646,0.56350594759
-0.521595418453,0.232896849513,1.25881838799,-0.417989820242,0.383058398962,0.600998938084,0.563339293003
-0.521440029144,0.232520610094,1.25908136368,-0.418810427189,0.381256967783,0.602495014668,0.562352955341
-0.521498978138,0.232468932867,1.25923013687,-0.418776482344,0.381176233292,0.602606058121,0.562314033508
-0.521560549736,0.232160493731,1.2594076395,-0.418536037207,0.380899608135,0.602804005146,0.562468230724
-0.521388828754,0.232058554888,1.25932657719,-0.418423295021,0.381034225225,0.602782011032,0.562484741211
-0.521510601044,0.231824159622,1.25948679447,-0.418280780315,0.380636125803,0.603069186211,0.562552332878
-0.5219591856,0.231581062078,1.25998699665,-0.418636828661,0.380006313324,0.602961659431,0.562828421593
-0.522197842598,0.231549993157,1.26012742519,-0.417207598686,0.381269186735,0.602476477623,0.56355458498
-0.522186815739,0.231292203069,1.2601890564,-0.416784137487,0.381083488464,0.6028881073,0.563553631306
-0.52223777771,0.231077417731,1.26031577587,-0.416575491428,0.380901545286,0.603150486946,0.563549697399
-0.522056162357,0.230802938342,1.26018118858,-0.415887057781,0.380884438753,0.603669166565,0.563514530659
-0.522162258625,0.230677753687,1.26037847996,-0.415911585093,0.38072553277,0.603780031204,0.56348502636
-0.522551417351,0.230367898941,1.26074123383,-0.416216313839,0.380022287369,0.603843092918,0.563667178154
-0.52260607481,0.230076700449,1.26095485687,-0.416129857302,0.379777848721,0.604043006897,0.563681542873
-0.522630810738,0.229999184608,1.26113367081,-0.416188627481,0.379810929298,0.604200482368,0.563446938992
-0.522501349449,0.229786917567,1.26104485989,-0.41571816802,0.380070269108,0.604549050331,0.563245415688
-0.522588968277,0.229412570596,1.2612323761,-0.415651410818,0.37978169322,0.605063378811,0.562937140465
-0.522550404072,0.228974938393,1.26138353348,-0.416543573141,0.377986639738,0.607007026672,0.561391234398
-0.523061156273,0.228660196066,1.26180589199,-0.417184472084,0.377171367407,0.607489943504,0.560941100121
-0.523176968098,0.228395044804,1.26196622849,-0.416844785213,0.37673586607,0.608630955219,0.560249090195
-0.523094475269,0.228132814169,1.2618252039,-0.416387230158,0.376712352037,0.609587311745,0.559565007687
-0.52361112833,0.2277238518,1.26213681698,-0.416829556227,0.375798612833,0.610028445721,0.559369266033
-0.523744702339,0.227444410324,1.26243102551,-0.416849672794,0.375561922789,0.610787153244,0.558684766293
-0.524040400982,0.227197214961,1.26261615753,-0.416949182749,0.375087767839,0.611414849758,0.558242321014
-0.52403229475,0.226999938488,1.26255500317,-0.416242837906,0.374939233065,0.612236440182,0.55796867609
