x,y,z,q0,q1,q2,q3
0.710920989513,-0.0402911864221,0.889600276947,-0.0289462935179,0.0203937049955,0.666666686535,-0.744514524937
0.71089631319,-0.0403069220483,0.889586806297,-0.0290114209056,0.0203086361289,0.666459798813,-0.744699478149
0.710884451866,-0.0403241179883,0.889575302601,-0.0290898699313,0.0202017370611,0.666295289993,-0.744846522808
0.711125910282,-0.0404101535678,0.889805734158,-0.0308112576604,0.0193356350064,0.666954338551,-0.744210064411
0.711131453514,-0.0404589921236,0.88980782032,-0.0308681894094,0.0193025358021,0.66690582037,-0.744252204895
0.711139798164,-0.0405258722603,0.889805793762,-0.0308877620846,0.0193344485015,0.666937768459,-0.744221866131
0.71091324091,-0.0405472368002,0.889564394951,-0.0292512904853,0.0201941300184,0.666261017323,-0.744871020317
0.710915803909,-0.0405310839415,0.889481902122,-0.0296854414046,0.0202741622925,0.666740119457,-0.744422852993
0.710951864719,-0.0406509973109,0.889499604702,-0.0298141147941,0.020270479843,0.667170763016,-0.744031906128
0.711398363113,-0.0408592037857,0.889727950096,-0.0314169563353,0.019904255867,0.66849732399,-0.742784142494
0.711442470551,-0.0409637652338,0.889730811119,-0.0313479714096,0.019883684814,0.668841481209,-0.742477595806
0.711493134499,-0.0411139503121,0.889751434326,-0.0312178991735,0.0198818929493,0.669249951839,-0.742114961147
0.712535619736,-0.0412259809673,0.889649808407,-0.0312565043569,0.0207667499781,0.671724975109,-0.739849567413
0.711629509926,-0.0413575395942,0.889737844467,-0.0311848968267,0.019652556628,0.670270681381,-0.74120080471
0.711706757545,-0.0415131635964,0.889741539955,-0.0310987979174,0.0196525994688,0.670802235603,-0.740723311901
0.711866140366,-0.0416905544698,0.889781713486,-0.0313126854599,0.0194550007582,0.6715310812,-0.740058779716
0.711979627609,-0.0419407896698,0.88979268074,-0.0312064997852,0.019610311836,0.672184348106,-0.73946583271
0.712104380131,-0.0421191714704,0.889829397202,-0.0309677831829,0.0195269621909,0.672910153866,-0.738817811012
0.712216198444,-0.0423829108477,0.889859199524,-0.0307354107499,0.0197194926441,0.673515737057,-0.738270282745
0.712322413921,-0.0425892323256,0.889857649803,-0.0305524989963,0.0197966508567,0.67412763834,-0.737717211246
0.71241748333,-0.0427834428847,0.889868617058,-0.0305124334991,0.0197287872434,0.674711048603,-0.737187147141
0.712557137012,-0.0429748147726,0.889881372452,-0.0305637102574,0.0196692850441,0.675375759602,-0.736577630043
0.712669014931,-0.0431429035962,0.889873862267,-0.0306572150439,0.0194805469364,0.676032423973,-0.735976159573
0.712788879871,-0.0433756113052,0.889902949333,-0.0305459108204,0.0197212193161,0.676613152027,-0.735440552235
0.712881326675,-0.0436088964343,0.889970600605,-0.0307020526379,0.0197467841208,0.677361190319,-0.734744369984
0.712970197201,-0.0438534617424,0.889954864979,-0.0303894076496,0.0200119949877,0.677920877934,-0.734233856201
0.713101804256,-0.0441647022963,0.889967441559,-0.0302564818412,0.0204304587096,0.678420841694,-0.73376584053
0.713220834732,-0.0443791411817,0.889982998371,-0.030263312161,0.020546387881,0.679095029831,-0.733138501644
0.712783575058,-0.0446223802865,0.890504658222,-0.0298751890659,0.017205292359,0.679442763329,-0.732918143272
0.712829828262,-0.0448069497943,0.890520274639,-0.0298279374838,0.0172645710409,0.680045485497,-0.732359528542
0.712861061096,-0.0450069122016,0.890517950058,-0.0297481995076,0.0173649005592,0.680589675903,-0.731854617596
0.712553143501,-0.045132085681,0.890341103077,-0.0284417942166,0.0177714247257,0.680307090282,-0.732159614563
0.712988853455,-0.0454087741673,0.890584230423,-0.0300130620599,0.0176058989018,0.681786477566,-0.730723381042
0.713015437126,-0.045573361218,0.89058971405,-0.0299975350499,0.0177009925246,0.682311475277,-0.730231404305
0.713047802448,-0.0457270517945,0.890597105026,-0.0299788042903,0.0178463049233,0.682816028595,-0.729756891727
0.713505208492,-0.045807916671,0.890076398849,-0.0302135068923,0.0212915670127,0.683679163456,-0.728846073151
0.713616490364,-0.0459335520864,0.890173912048,-0.0310244616121,0.0211470760405,0.684486329556,-0.728058278561
0.713751018047,-0.0456141270697,0.890151023865,-0.0306227672845,0.0215653702617,0.684732735157,-0.727831184864
0.713718533516,-0.0460890829563,0.890128195286,-0.0303570665419,0.0218172539026,0.68573564291,-0.726890146732
0.713743388653,-0.0462003014982,0.890102148056,-0.030483096838,0.0220296066254,0.686202943325,-0.726437270641
0.713685750961,-0.0463026985526,0.890111804008,-0.0304251350462,0.0221773758531,0.686846613884,-0.725826621056
0.713818669319,-0.0464223474264,0.890144169331,-0.0309767685831,0.022264579311,0.687386333942,-0.725289344788
0.713836729527,-0.046476546675,0.890095174313,-0.0311431568116,0.0223102532327,0.687828361988,-0.724861800671
0.713854372501,-0.0465386807919,0.8900578022,-0.0312800258398,0.0223259981722,0.688253760338,-0.724451541901
0.713858127594,-0.0465796068311,0.890028595924,-0.0315026752651,0.0223334282637,0.688609004021,-0.724103927612
0.713808715343,-0.0465781763196,0.889922559261,-0.0318764969707,0.021914627403,0.689011216164,-0.72371762991
0.713825583458,-0.0465592108667,0.889918088913,-0.0321265347302,0.0216727741063,0.689455986023,-0.723290145397
0.713841080666,-0.0465761646628,0.889875590801,-0.0324113033712,0.0217756815255,0.689788043499,-0.722957730293
0.713847756386,-0.0465633571148,0.889825284481,-0.0327402129769,0.0217028297484,0.690106987953,-0.722640633583
0.713861942291,-0.046575512737,0.889781415462,-0.0330077633262,0.0216974280775,0.690408825874,-0.722340226173
0.713861227036,-0.0465634316206,0.889745295048,-0.033301897347,0.0216007940471,0.690697133541,-0.722054004669
0.713793516159,-0.0465447939932,0.889739632607,-0.0333828441799,0.0214800927788,0.691112399101,-0.721656382084
0.713962376118,-0.0464893914759,0.8898473382,-0.0335092283785,0.0205835513771,0.692087471485,-0.720741629601
0.713803768158,-0.0465369969606,0.889663100243,-0.0338327176869,0.0213592927903,0.691876828671,-0.720906198025
0.71380764246,-0.0465279705822,0.889721810818,-0.0342474579811,0.0208616089076,0.692617475986,-0.720189630985
0.713834285736,-0.046605873853,0.889694690704,-0.0342680290341,0.021020738408,0.693099915981,-0.719719707966
0.713890016079,-0.0466591864824,0.889716267586,-0.0347616076469,0.0209614038467,0.693712234497,-0.719107508659
0.713882446289,-0.0467467270792,0.889683365822,-0.0347262993455,0.0210516359657,0.694217085838,-0.718619227409
0.713923692703,-0.0468495152891,0.889663040638,-0.0348563380539,0.0211597234011,0.694814383984,-0.718032240868
0.713943421841,-0.0469180122018,0.889627575874,-0.0348988883197,0.0212059896439,0.69538384676,-0.717477321625
0.713997125626,-0.0470172688365,0.889578938484,-0.034985691309,0.021309254691,0.696018755436,-0.716854155064
0.714062333107,-0.0471236295998,0.889483451843,-0.0351023487747,0.0212112292647,0.696795940399,-0.716095983982
0.714118242264,-0.0471999943256,0.889474332333,-0.0351837538183,0.0212465990335,0.697471261024,-0.715433180332
0.714168548584,-0.0472941920161,0.889428257942,-0.0352722927928,0.0213259011507,0.698232889175,-0.714683115482
0.714307487011,-0.0474627241492,0.889468848705,-0.0353038571775,0.0215916652232,0.69918179512,-0.713745296001
0.714706480503,-0.047605484724,0.889536976814,-0.0358168147504,0.0215833261609,0.700567364693,-0.712360024452
0.715306639671,-0.0480270832777,0.889376521111,-0.0359168089926,0.0233789458871,0.701970338821,-0.710915744305
0.714815378189,-0.0478935353458,0.889641523361,-0.0358372107148,0.0217714328319,0.701936244965,-0.711004376411
0.714896857738,-0.0480279996991,0.889653921127,-0.0357502475381,0.0219540409744,0.702653467655,-0.710294306278
0.714978218079,-0.0481160692871,0.88977599144,-0.035721488297,0.0214322153479,0.703535676003,-0.709438025951
0.714945614338,-0.0483729243279,0.88968360424,-0.0356519147754,0.0226165577769,0.703803658485,-0.709138870239
0.715105414391,-0.0485307648778,0.889767706394,-0.0358713753521,0.0227874666452,0.704554140568,-0.708376765251
0.71483117342,-0.048623085022,0.889681518078,-0.0343396030366,0.0233220960945,0.704266250134,-0.708721339703
0.715309977531,-0.0488362461329,0.889895677567,-0.0362106226385,0.0226837079972,0.705948591232,-0.706973075867
0.715406179428,-0.0490282662213,0.889956176281,-0.0360144376755,0.0229029413313,0.706648170948,-0.706276714802
0.715575754642,-0.0491800047457,0.890001177788,-0.0360405705869,0.0230740755796,0.707322776318,-0.705594360828
0.715988874435,-0.0493782684207,0.890101671219,-0.0360757559538,0.0233145803213,0.708440303802,-0.704462468624
0.716229140759,-0.0495660416782,0.890177607536,-0.0361993983388,0.0235769227147,0.709091365337,-0.70379203558
0.716490268707,-0.0497727952898,0.890273332596,-0.0365327037871,0.0238425433636,0.709781944752,-0.703069329262
0.716695129871,-0.0499261915684,0.890279710293,-0.0365017093718,0.0240659732372,0.710272431374,-0.702567875385
0.71694123745,-0.0501177944243,0.890292882919,-0.0364303924143,0.024317573756,0.710754752159,-0.702074885368
0.71717864275,-0.0502658523619,0.890332937241,-0.0362309031188,0.023964041844,0.711418926716,-0.701424479485
0.717465937138,-0.0504337474704,0.890254497528,-0.0360726825893,0.0241594947875,0.712047696114,-0.70078766346
0.717753827572,-0.0506828054786,0.890214681625,-0.0353633612394,0.0243457462639,0.712227940559,-0.70063406229
0.718047440052,-0.0507321953773,0.889936923981,-0.0356873720884,0.0243780147284,0.713161468506,-0.699666380882
0.717808485031,-0.0508077926934,0.89002764225,-0.0355351231992,0.022967107594,0.712642431259,-0.700250506401
0.718128561974,-0.0509305298328,0.889860153198,-0.0356308072805,0.022947518155,0.712955951691,-0.699927031994
0.718429327011,-0.051350466907,0.889862418175,-0.0349795669317,0.0226515699178,0.712736606598,-0.70019286871
0.718763530254,-0.0514542460442,0.889693140984,-0.0348447375,0.0225881319493,0.713160872459,-0.699769556522
0.719053030014,-0.0515400320292,0.889549255371,-0.0348146297038,0.0223849508911,0.71345692873,-0.699475705624
0.719336628914,-0.0516063570976,0.889376401901,-0.0348885208368,0.0220227502286,0.713622272015,-0.699314713478
0.719201862812,-0.0515165999532,0.888374507427,-0.0322953574359,0.0245123952627,0.713293552399,-0.699691712856
0.71984744072,-0.0514837428927,0.888397574425,-0.033482670784,0.0240286886692,0.713856935501,-0.699077785015
0.72051692009,-0.0516428798437,0.888483941555,-0.0351473800838,0.0233814977109,0.714814305305,-0.698039054871
0.720757722855,-0.0516650341451,0.888363242149,-0.0352467298508,0.023017141968,0.714773058891,-0.698088407516
0.721022963524,-0.0516946315765,0.888260364532,-0.0353089086711,0.0227689929307,0.714659690857,-0.698209643364
0.721270263195,-0.0517739728093,0.888141512871,-0.0352469906211,0.0226428844035,0.714635848999,-0.698241055012
0.721101403236,-0.0517519824207,0.887829065323,-0.0335249044001,0.0228494014591,0.713738501072,-0.699236392975
0.721531510353,-0.0519193895161,0.888057887554,-0.0351007841527,0.0211559645832,0.714269578457,-0.698669791222
0.721873521805,-0.051866736263,0.887985467911,-0.0352150499821,0.0209716949612,0.714043021202,-0.698901116848
0.721903085709,-0.0520033054054,0.88807040453,-0.0352056585252,0.0198570284992,0.713859379292,-0.699121713638
0.722064614296,-0.0520359203219,0.888046860695,-0.0351984873414,0.0196789782494,0.71391671896,-0.699068546295
0.722162127495,-0.0521023608744,0.888018429279,-0.0355839543045,0.0190643202513,0.714304149151,-0.698670208454
0.72239613533,-0.0519680976868,0.887962937355,-0.035531077534,0.0192460939288,0.714741826057,-0.698220193386
0.722499012947,-0.0519997626543,0.887952029705,-0.0351615473628,0.0191169064492,0.714953124523,-0.698026061058
0.722667396069,-0.0520546510816,0.887951076031,-0.0349833853543,0.0190254021436,0.715327143669,-0.697654247284
0.722783088684,-0.0520859062672,0.88795876503,-0.0348343588412,0.018881123513,0.715627610683,-0.697357356548
0.722781419754,-0.0522823520005,0.888021886349,-0.0345018133521,0.0184365082532,0.715713918209,-0.697297215462
0.72286593914,-0.0523290894926,0.888023138046,-0.0342119894922,0.0183848608285,0.716053307056,-0.696964323521
0.72292470932,-0.0524119064212,0.88809967041,-0.0337654203176,0.0184238422662,0.716527044773,-0.696498095989
0.723168134689,-0.0523487702012,0.88802754879,-0.0339260883629,0.0191029720008,0.717241108418,-0.695736646652
0.723148167133,-0.0523592121899,0.888026356697,-0.0336845517159,0.0191535484046,0.717491865158,-0.695488214493
0.723508477211,-0.052380066365,0.888123095036,-0.0338774472475,0.0190082807094,0.718287706375,-0.694660961628
0.723371565342,-0.0525146201253,0.888283610344,-0.0332746729255,0.0177912507206,0.71874833107,-0.694245755672
0.723445177078,-0.0525603070855,0.88827675581,-0.0329925343394,0.0177169069648,0.71925753355,-0.693733453751
0.723526537418,-0.0526118949056,0.888277292252,-0.0327850282192,0.0176706071943,0.719718039036,-0.693266808987
0.723847806454,-0.0524762272835,0.88823390007,-0.0326343104243,0.0183264967054,0.720270097256,-0.692683339119
0.72384262085,-0.0524890273809,0.888178825378,-0.0326939672232,0.0179747808725,0.720918059349,-0.69201540947
0.723984897137,-0.0525996237993,0.888210296631,-0.0328368470073,0.0177835412323,0.721262156963,-0.691654741764
0.723572790623,-0.0525968372822,0.887933433056,-0.0311249289662,0.0176105089486,0.720977008343,-0.692035615444
0.725830078125,-0.0520586445928,0.887606322765,-0.0362575650215,0.0173278395087,0.719225764275,-0.693613350391
0.726533234119,-0.0518334768713,0.887375175953,-0.0374745167792,0.0173354335129,0.718551516533,-0.694247066975
0.724285423756,-0.0527136847377,0.88807708025,-0.0324391759932,0.0171089898795,0.723225831985,-0.689637184143
0.727864861488,-0.0513832420111,0.886916697025,-0.0398430936038,0.0174295268953,0.717593312263,-0.695103287697
0.724976480007,-0.0525486990809,0.88801586628,-0.0318186730146,0.0175055991858,0.7232670784,-0.689612925053
0.724562883377,-0.0527986809611,0.88815921545,-0.0307196620852,0.0173444487154,0.724356591702,-0.688522338867
0.724708199501,-0.0525666847825,0.887938499451,-0.0317533761263,0.0172655228525,0.724926769733,-0.687876999378
0.724782407284,-0.0525485947728,0.887919902802,-0.0316894091666,0.0171577837318,0.725128114223,-0.687670588493
0.724893093109,-0.0525133237243,0.887908935547,-0.0317472741008,0.0170226562768,0.725388944149,-0.687395989895
0.724869430065,-0.052457369864,0.887776315212,-0.0316301770508,0.0174845289439,0.725285410881,-0.687499046326
0.724935173988,-0.0523923262954,0.887738108635,-0.0315842032433,0.0172629710287,0.725386559963,-0.687400043011
0.725000560284,-0.0523257516325,0.88771879673,-0.0315205901861,0.0170982554555,0.725460827351,-0.687328696251
0.725154697895,-0.0523164793849,0.887697815895,-0.0314883776009,0.0168292559683,0.725677609444,-0.687107980251
0.725112557411,-0.0521593913436,0.887643158436,-0.0315065681934,0.0166889484972,0.725545227528,-0.687250316143
0.725160241127,-0.0520892739296,0.887613415718,-0.0314791984856,0.0164742991328,0.725494146347,-0.687310695648
0.725288152695,-0.0519438795745,0.887582600117,-0.0313859172165,0.0163587573916,0.725310921669,-0.687511146069
0.724340617657,-0.0509601011872,0.886946320534,-0.0321272499859,0.0124751664698,0.725339472294,-0.687528133392
0.725378870964,-0.0518123805523,0.887489140034,-0.0309264902025,0.0162062589079,0.724850177765,-0.688021242619
0.725317001343,-0.0516920909286,0.887400388718,-0.0311011392623,0.0156912729144,0.724831998348,-0.68804448843
0.725352048874,-0.0516388230026,0.88737308979,-0.031053442508,0.0155139323324,0.724601864815,-0.688292920589
0.725513756275,-0.0515823103487,0.887356042862,-0.0310164354742,0.0152546307072,0.724502682686,-0.688404858112
0.725546717644,-0.0514873936772,0.887340903282,-0.031051274389,0.0150938453153,0.724254667759,-0.688667714596
0.725622057915,-0.0514312312007,0.887336194515,-0.0310160387307,0.0150534510612,0.723956346512,-0.688983917236
0.725650191307,-0.0513480380177,0.887321531773,-0.0310343559831,0.0149043602869,0.72368478775,-0.689271450043
0.725709915161,-0.051273971796,0.887276887894,-0.0312623865902,0.0147780552506,0.723305821419,-0.689661502838
0.725742816925,-0.0512115769088,0.887274384499,-0.0312684699893,0.0147161157802,0.723003685474,-0.689979314804
0.725261807442,-0.0510005950928,0.887013971806,-0.0295040011406,0.0150821153075,0.721471250057,-0.691651165485
0.725276768208,-0.05095680058,0.887023210526,-0.0294070411474,0.0150128519163,0.721133291721,-0.692009270191
0.72528719902,-0.0509163364768,0.88702839613,-0.0293608270586,0.0149086471647,0.720792531967,-0.692368328571
0.72525036335,-0.051086589694,0.887205660343,-0.0293302293867,0.0136822247878,0.720335483551,-0.692870438099
0.725649833679,-0.0511109009385,0.887390851974,-0.0308825671673,0.0132395084947,0.720851540565,-0.692274570465
0.725654125214,-0.0510315597057,0.887353181839,-0.0309209953994,0.0129786990583,0.720497727394,-0.692646026611
0.725670039654,-0.0509665310383,0.887366175652,-0.0309321638197,0.0128278434277,0.720170021057,-0.692989110947
0.725684762001,-0.0509379059076,0.887334465981,-0.0309434942901,0.0126779153943,0.719791710377,-0.693384349346
0.725724220276,-0.0508943721652,0.887333214283,-0.0310998819768,0.0125618949533,0.719440221786,-0.693744242191
0.725744843483,-0.0508626885712,0.887338101864,-0.0310966614634,0.0125013282523,0.719138562679,-0.694058001041
0.726065278053,-0.0506820753217,0.886978149414,-0.0310229789466,0.0146572263911,0.719177365303,-0.693978905678
0.726168990135,-0.0506743788719,0.8869587183,-0.0310502182692,0.014682803303,0.718895852566,-0.694268703461
0.72621846199,-0.0507081225514,0.886964261532,-0.0310545563698,0.0146827157587,0.718580722809,-0.694594800472
0.725920975208,-0.0507273301482,0.887157261372,-0.0310108494014,0.013432353735,0.717708289623,-0.695523440838
0.725951492786,-0.0507567673922,0.887157201767,-0.0310047827661,0.0133855333552,0.717423915863,-0.695817947388
0.725988745689,-0.0508395507932,0.887128710747,-0.0310205258429,0.0133828530088,0.717054605484,-0.696197807789
0.726118683815,-0.0509195365012,0.887223243713,-0.0309805087745,0.0127924401313,0.71702760458,-0.696238577366
0.726194858551,-0.0509664490819,0.887182533741,-0.0311485435814,0.0127701899037,0.716676831245,-0.696592450142
0.72623026371,-0.0510129965842,0.887183487415,-0.0310607887805,0.0127504123375,0.716386973858,-0.696894884109
0.726176977158,-0.0512065142393,0.887259602547,-0.0310287252069,0.0121843796223,0.715875208378,-0.697432041168
0.726227164268,-0.0512289218605,0.887263774872,-0.031077940017,0.0121301757172,0.715647518635,-0.697664380074
0.726319551468,-0.0512676462531,0.887233972549,-0.0312607549131,0.012106009759,0.715359807014,-0.697951734066
0.726302623749,-0.0513151474297,0.887260973454,-0.0312646403909,0.0119128283113,0.714978992939,-0.698345005512
0.726351618767,-0.0513732731342,0.887263655663,-0.031298443675,0.0119113205001,0.714739084244,-0.698589026928
0.72640478611,-0.051418684423,0.887265861034,-0.0313383899629,0.0118995467201,0.714534759521,-0.698796451092
0.726449012756,-0.0514832958579,0.887274622917,-0.0313359089196,0.0119053479284,0.714314877987,-0.699021220207
0.726495981216,-0.051558509469,0.887289941311,-0.0312958955765,0.0119494535029,0.714110970497,-0.699230492115
0.726543307304,-0.0516249313951,0.88729596138,-0.0312954820693,0.0119702713564,0.713902890682,-0.69944268465
0.726605296135,-0.0517169348896,0.887311756611,-0.0312679745257,0.012023428455,0.713662326336,-0.699688494205
0.726686120033,-0.051775380969,0.887332677841,-0.0311927888542,0.0120699265972,0.713394463062,-0.699964046478
0.726728737354,-0.0518716275692,0.887347400188,-0.0311731528491,0.012080446817,0.713159143925,-0.700204610825
0.72687959671,-0.0518453642726,0.887292802334,-0.03116533719,0.0126099037006,0.713208436966,-0.700145363808
0.726995706558,-0.0519765466452,0.88733124733,-0.0311059411615,0.0128397522494,0.712968766689,-0.700387895107
0.727039456367,-0.0520598366857,0.887339115143,-0.0310863722116,0.0128793558106,0.712802112103,-0.700557649136
0.727087438107,-0.0521227121353,0.887347579002,-0.0311372689903,0.0129057914019,0.712656140327,-0.700703322887
0.727136909962,-0.0521842576563,0.88735717535,-0.0311719439924,0.0129355425015,0.712533056736,-0.700826585293
0.727194964886,-0.0522665716708,0.887371122837,-0.0311591569334,0.0130457663909,0.712379574776,-0.700980901718
0.727240204811,-0.0523378700018,0.887382030487,-0.0311415437609,0.0130656985566,0.712247431278,-0.70111566782
0.727297544479,-0.0524057075381,0.887384057045,-0.0311735160649,0.0131649114192,0.712119400501,-0.701242387295
0.727287471294,-0.0525627359748,0.887447714806,-0.0313184782863,0.01262513455,0.711771130562,-0.701599240303
0.727386116982,-0.0526236593723,0.887475848198,-0.0314719229937,0.0126101346686,0.711746513844,-0.701617717743
0.727530777454,-0.0526002049446,0.887397766113,-0.0314957685769,0.0131906121969,0.7118486166,-0.70150244236
0.727573871613,-0.0526492595673,0.887393474579,-0.0315426588058,0.0132212489843,0.711761832237,-0.701587855816
0.727620005608,-0.0527078062296,0.887382149696,-0.0315556041896,0.0132796084508,0.711680352688,-0.701668798923
0.727211654186,-0.0528058111668,0.887215971947,-0.0300184376538,0.0132745746523,0.710370361805,-0.703062355518
0.727659225464,-0.0529095157981,0.887403726578,-0.031804010272,0.0129015855491,0.711218774319,-0.702132463455
0.727631807327,-0.0529952757061,0.88741850853,-0.0318323411047,0.0127998888493,0.71103066206,-0.702323555946
0.727661132812,-0.0530509874225,0.887400507927,-0.0318439751863,0.0128337061033,0.710967063904,-0.702386796474
0.727693676949,-0.0531125962734,0.887384593487,-0.0318361781538,0.0128900818527,0.710899174213,-0.702454924583
0.727714538574,-0.0531485900283,0.887353718281,-0.0318656489253,0.0128538496792,0.710844218731,-0.702509701252
0.727741003036,-0.0531965382397,0.887338757515,-0.0319006554782,0.0128625053912,0.71078145504,-0.702571630478
0.727743148804,-0.0532322973013,0.887301802635,-0.0319270305336,0.0128638194874,0.710729539394,-0.702622771263
0.727754831314,-0.0532596893609,0.887285232544,-0.0319615788758,0.0128444032744,0.710679233074,-0.702672421932
0.727763652802,-0.0533117130399,0.887256085873,-0.0319838933647,0.0129085350782,0.7106153965,-0.702734768391
0.727756798267,-0.0533153563738,0.887226700783,-0.0320191010833,0.0128728160635,0.710586607456,-0.702763020992
0.727746725082,-0.0533422008157,0.887199342251,-0.0320457518101,0.0128702530637,0.710545361042,-0.702803552151
0.72772949934,-0.0533850491047,0.887187361717,-0.0320253521204,0.0128314020112,0.71043920517,-0.702912390232
0.727711617947,-0.0534018650651,0.887166082859,-0.0320727303624,0.0128267509863,0.710403740406,-0.70294624567
0.727683782578,-0.0534057207406,0.887151241302,-0.0321223884821,0.0128021305427,0.710367977619,-0.70298063755
0.727650165558,-0.0534139275551,0.887136399746,-0.0321671143174,0.0128113161772,0.710322439671,-0.70302438736
0.727556705475,-0.0534030273557,0.887116909027,-0.0320839434862,0.0127797666937,0.710201561451,-0.703150868416
0.72750389576,-0.0534324273467,0.887110650539,-0.0320964716375,0.0128091722727,0.710175096989,-0.703176438808
0.727440059185,-0.0534309409559,0.887118577957,-0.0320998616517,0.0127430837601,0.710163891315,-0.70318877697
0.727370142937,-0.0534378066659,0.887135267258,-0.0321519300342,0.0127439238131,0.710146188736,-0.703204333782
0.727321743965,-0.0535074211657,0.887102723122,-0.0321956798434,0.0129429576918,0.710077524185,-0.703267991543
0.727242588997,-0.0535043478012,0.887118399143,-0.0322025232017,0.0129608595744,0.710083246231,-0.703261554241
0.727130770683,-0.0535142794251,0.887143373489,-0.0320901162922,0.0129976179451,0.710127472878,-0.703221380711
0.727054476738,-0.0535167530179,0.887131750584,-0.0321157872677,0.0130836181343,0.710125863552,-0.703220248222
0.726976633072,-0.0534996911883,0.887132585049,-0.0321489088237,0.0130802746862,0.710147023201,-0.703197419643
0.726899504662,-0.0535024441779,0.887127578259,-0.0321564860642,0.0131199043244,0.710144460201,-0.70319890976
0.726818203926,-0.0534858293831,0.887125134468,-0.032179389149,0.0131187392399,0.710190057755,-0.703151941299
0.726729571819,-0.0534664839506,0.88712054491,-0.0321643874049,0.0130942938849,0.710235238075,-0.703107476234
0.726636111736,-0.053405597806,0.887111186981,-0.0321717001498,0.0130299692973,0.710341513157,-0.70300078392
0.726479291916,-0.0534162335098,0.887075424194,-0.0322179570794,0.0130236130208,0.710466086864,-0.702873051167
0.726321160793,-0.0534058623016,0.887067437172,-0.0321902409196,0.012958756648,0.710407137871,-0.702935039997
0.726195454597,-0.0533666536212,0.88704264164,-0.0322202146053,0.012869768776,0.710473835468,-0.702867805958
0.726100206375,-0.0533517897129,0.887035489082,-0.0322128012776,0.0128613105044,0.710532963276,-0.702808558941
0.7260004282,-0.0533393248916,0.887030303478,-0.0321838073432,0.0128381447867,0.71059191227,-0.702750742435
0.725902080536,-0.0533252693713,0.88702249527,-0.0321729965508,0.0128614902496,0.71064889431,-0.702693104744
0.725798308849,-0.0532934740186,0.887023568153,-0.0322091579437,0.012796712108,0.710718631744,-0.702622175217
0.725703060627,-0.0532834008336,0.887021660805,-0.032235853374,0.0128213968128,0.71075719595,-0.70258140564
0.72556579113,-0.0532870963216,0.887012541294,-0.0321136452258,0.0128807490692,0.710691988468,-0.702651977539
0.72546762228,-0.0532640255988,0.887022256851,-0.0321511700749,0.0129055622965,0.710734724998,-0.702606499195
0.725371479988,-0.0532578937709,0.887038826942,-0.0321631468832,0.0129144452512,0.710791707039,-0.702548086643
0.725284218788,-0.0532409548759,0.887054145336,-0.0321940481663,0.0129422489554,0.71084100008,-0.702496409416
0.725147485733,-0.0532655864954,0.887090921402,-0.0320625975728,0.0130070568994,0.71091812849,-0.702423214912
0.725052237511,-0.0532564781606,0.887117862701,-0.0320496149361,0.0130831962451,0.710962533951,-0.702377438545
0.724968373775,-0.0532450675964,0.887122511864,-0.0320787206292,0.0131389433518,0.710992574692,-0.702344655991
0.72488117218,-0.05321694538,0.887145936489,-0.0321462899446,0.0131343044341,0.711031794548,-0.702301979065
0.724861204624,-0.053149946034,0.887172937393,-0.0321281440556,0.0132595254108,0.710938096046,-0.702395200729
0.724623978138,-0.0531694963574,0.887134730816,-0.0322216711938,0.0130294207484,0.711108028889,-0.70222312212
0.724642276764,-0.0530517809093,0.886995077133,-0.0322952270508,0.0140242436901,0.711480677128,-0.701823174953
0.725160598755,-0.0530801676214,0.886741518974,-0.0323871932924,0.0157518740743,0.712490797043,-0.700756728649
0.724466443062,-0.0530182942748,0.886988162994,-0.0323655828834,0.0141531573609,0.711536347866,-0.7017608881
0.724376797676,-0.0530140735209,0.886991977692,-0.0323632843792,0.0142128560692,0.711559414864,-0.701736390591
0.724294662476,-0.0530090071261,0.886991739273,-0.0323631875217,0.0142947044224,0.711604833603,-0.701688528061
0.724202692509,-0.0530094020069,0.886995136738,-0.0323421880603,0.0143791157752,0.711619973183,-0.701672434807
0.724121034145,-0.0529780201614,0.887010097504,-0.0324349887669,0.0144459791481,0.711634814739,-0.701651871204
0.724036693573,-0.0529903918505,0.887007594109,-0.0323543585837,0.0145214190707,0.711698889732,-0.701588988304
0.723957300186,-0.0529666915536,0.887043774128,-0.032556168735,0.0145585192367,0.711700260639,-0.701577484608
0.72388112545,-0.0529616326094,0.88704431057,-0.0325626991689,0.0146576045081,0.711742937565,-0.701531767845
0.723608672619,-0.0530813187361,0.887203037739,-0.0323597379029,0.0139569444582,0.7115650177,-0.701735973358
0.72352707386,-0.0530752018094,0.887207388878,-0.0323506221175,0.0140300663188,0.711596786976,-0.701702654362
0.723517000675,-0.0530174449086,0.887288808823,-0.0321318507195,0.014426224865,0.711539268494,-0.701763153076
0.723394095898,-0.0530082993209,0.887248158455,-0.0318939499557,0.0144284004346,0.711476147175,-0.701837897301
0.723365068436,-0.0529956929386,0.88730686903,-0.0323186852038,0.014542484656,0.711605906487,-0.70168441534
0.723258018494,-0.0529634095728,0.887253761292,-0.0320853404701,0.0146567681804,0.711530208588,-0.701769649982
0.723039567471,-0.052987486124,0.887224078178,-0.0321686416864,0.0144926737994,0.711711347103,-0.70158547163
0.72307819128,-0.0528193749487,0.887186348438,-0.0322036594152,0.0149788130075,0.712042331696,-0.701237678528
0.723003149033,-0.0527954287827,0.887195825577,-0.0322341285646,0.0149913253263,0.71206086874,-0.70121717453
0.722978770733,-0.0527441948652,0.887234210968,-0.0326879732311,0.0148881254718,0.712205350399,-0.701051592827
0.722854554653,-0.052727393806,0.887205958366,-0.0323851704597,0.0149778258055,0.71210026741,-0.701170623302
0.722732782364,-0.0526804253459,0.887216627598,-0.0324540697038,0.0149276731536,0.712039768696,-0.701229989529
0.722555875778,-0.0528183802962,0.887267827988,-0.032473411411,0.0146434009075,0.71171694994,-0.701562583447
0.722544074059,-0.0527754500508,0.887303590775,-0.0329591073096,0.0145766530186,0.711867213249,-0.701388776302
0.722556054592,-0.0526021979749,0.887243330479,-0.0330784730613,0.0149517972022,0.712238729,-0.700998067856
0.722477853298,-0.0525661893189,0.887246072292,-0.0330776423216,0.0150041393936,0.712267279625,-0.70096808672
0.722413241863,-0.0525309070945,0.887245416641,-0.0331482701004,0.0150270191953,0.712280511856,-0.700950741768
0.722282886505,-0.0525095425546,0.887239158154,-0.0329557619989,0.0151066966355,0.712219059467,-0.701020538807
0.722177803516,-0.0524842441082,0.887237250805,-0.0329090431333,0.0152136906981,0.712202966213,-0.70103675127
0.722097158432,-0.0524423569441,0.887243747711,-0.0329245477915,0.0152136543766,0.712218284607,-0.701020538807
0.722018897533,-0.0524010136724,0.887252688408,-0.0329593792558,0.015241262503,0.712237238884,-0.70099902153
0.721945166588,-0.0523264333606,0.887254655361,-0.0329870171845,0.0152972815558,0.712314903736,-0.700917541981
0.721755385399,-0.0524250417948,0.887306809425,-0.0329805389047,0.014946943149,0.712041199207,-0.701203465462
0.721687078476,-0.0523774810135,0.887309551239,-0.0330234318972,0.0149656990543,0.712046325207,-0.701195895672
0.721603631973,-0.0523109510541,0.887299060822,-0.0330731868744,0.0149539858103,0.712074220181,-0.701165318489
0.721538841724,-0.0522741787136,0.8873000741,-0.0331425108016,0.0150520121679,0.712077736855,-0.701156497002
0.721388161182,-0.0521799996495,0.887242972851,-0.032930970192,0.0150559330359,0.711959898472,-0.70128595829
0.721320390701,-0.0521084293723,0.887238204479,-0.0329863466322,0.015028167516,0.711955606937,-0.701288223267
0.721244573593,-0.0520008653402,0.887207210064,-0.0331046134233,0.0149203017354,0.711912930012,-0.701328456402
0.721137881279,-0.051928319037,0.887207448483,-0.033195592463,0.0148801933974,0.711739659309,-0.70150077343
0.721082270145,-0.0518687441945,0.887198984623,-0.0332641750574,0.0149238370359,0.711690545082,-0.701546490192
0.721030235291,-0.0518012419343,0.887199163437,-0.0333284363151,0.0149196377024,0.711650967598,-0.701583683491
0.72096902132,-0.0517342425883,0.887197971344,-0.0334263555706,0.014950659126,0.711591660976,-0.701638519764
0.720913589001,-0.0516718700528,0.887196302414,-0.0334800109267,0.0149594545364,0.711525142193,-0.701703071594
0.720869541168,-0.0516070798039,0.887188673019,-0.0335694253445,0.015006609261,0.711447477341,-0.701776742935
0.72080129385,-0.0515499636531,0.887186646461,-0.0335863046348,0.0150049198419,0.711391448975,-0.701832771301
0.72074508667,-0.0514840707183,0.88718688488,-0.0336863994598,0.0150272818282,0.711325228214,-0.701894581318
0.720635294914,-0.0514253377914,0.887166380882,-0.0335607230663,0.015082994476,0.711175560951,-0.70205104351
0.720577538013,-0.0513720735908,0.887159943581,-0.0335883311927,0.0151223829016,0.711102247238,-0.702123105526
0.720520496368,-0.0513072498143,0.88716417551,-0.0336240008473,0.0151469809934,0.71103978157,-0.702184140682
0.720458805561,-0.0512392297387,0.887165904045,-0.033663995564,0.0151310237125,0.711010098457,-0.702212631702
0.72037255764,-0.0512889847159,0.88725990057,-0.0330798327923,0.0151619855314,0.710788071156,-0.702464520931
0.720323622227,-0.0512300059199,0.887255072594,-0.0331251360476,0.015205681324,0.710736811161,-0.702513277531
0.720297813416,-0.0511113479733,0.887238383293,-0.0332762748003,0.0151894250885,0.710728645325,-0.702514708042
0.720197439194,-0.0510564781725,0.887254953384,-0.0331592522562,0.0152259506285,0.710777580738,-0.702469885349
0.720321178436,-0.0508999750018,0.887076377869,-0.033243637532,0.0164028648287,0.710986018181,-0.702228546143
0.720285832882,-0.0508545637131,0.887074828148,-0.0332739539444,0.016469668597,0.710928201675,-0.702283978462
0.720222294331,-0.0507786385715,0.887065172195,-0.0333272852004,0.016444278881,0.710904955864,-0.702305614948
0.720201075077,-0.0507287867367,0.887069046497,-0.0333863757551,0.0165058001876,0.710887849331,-0.702318608761
0.720456779003,-0.0507044121623,0.886870145798,-0.0334430746734,0.0179103277624,0.711226522923,-0.70193862915
0.720009446144,-0.0507422499359,0.887290596962,-0.033314242959,0.0157571770251,0.710619747639,-0.702610433102
0.720000445843,-0.0507200732827,0.88728249073,-0.0333492569625,0.0158941932023,0.710635185242,-0.702590107918
0.720010280609,-0.050502371043,0.88711977005,-0.0333960913122,0.0171239357442,0.710680484772,-0.702513337135
0.720013141632,-0.050456866622,0.887147545815,-0.0334297977388,0.0171969905496,0.710826992989,-0.702361643314
0.720020294189,-0.0503973662853,0.887167096138,-0.0335079953074,0.0172364655882,0.710970044136,-0.702212095261
0.720038533211,-0.0503423251212,0.887194156647,-0.0335477329791,0.0173325221986,0.71116399765,-0.702011346817
0.720564365387,-0.0504018180072,0.886984407902,-0.0336316637695,0.0190097913146,0.71211373806,-0.701000392437
0.720522284508,-0.0503763332963,0.887056946754,-0.0334438271821,0.0191251542419,0.712451040745,-0.70066344738
0.720558345318,-0.0503473989666,0.887074232101,-0.033474393189,0.0192291755229,0.712671935558,-0.700434565544
0.720582485199,-0.0503228530288,0.88709717989,-0.0333539359272,0.019354429096,0.713043212891,-0.700058937073
0.720624446869,-0.0502933487296,0.887125849724,-0.0333722755313,0.0193866193295,0.713293433189,-0.699802160263
0.720668554306,-0.0503699183464,0.887239336967,-0.0328799411654,0.0194354429841,0.713260352612,-0.699857890606
0.72072070837,-0.0503356903791,0.887264251709,-0.0328640155494,0.0194395985454,0.71349555254,-0.699618577957
0.720523476601,-0.050351254642,0.887532830238,-0.0326972529292,0.0182970762253,0.713465511799,-0.699687719345
0.720407128334,-0.0504671856761,0.887764811516,-0.032959651202,0.0170236993581,0.713440716267,-0.699732899666
0.72127777338,-0.0503350645304,0.887372374535,-0.0329273939133,0.0198196806014,0.715002894402,-0.698064506054
0.721335172653,-0.0503221452236,0.887400329113,-0.0328617170453,0.0199043117464,0.715260207653,-0.697801351547
0.721407949924,-0.050300732255,0.887429952621,-0.0328045897186,0.0200115293264,0.715486109257,-0.697569489479
0.721477270126,-0.0502703823149,0.887449741364,-0.0327626168728,0.0200283322483,0.715700209141,-0.697351336479
0.72157895565,-0.0502347238362,0.887464523315,-0.0327352024615,0.0201834738255,0.715924441814,-0.697117984295
0.721620321274,-0.0502001494169,0.887496829033,-0.0326593481004,0.0201703812927,0.716040611267,-0.697002351284
0.72169482708,-0.0501720905304,0.887533426285,-0.0325627997518,0.0202794168144,0.716177284718,-0.696863234043
0.721749663353,-0.0500765293837,0.887493908405,-0.0328848399222,0.0204489249736,0.716550350189,-0.696459770203
0.721753120422,-0.0500712618232,0.887598991394,-0.0323498286307,0.0201993435621,0.716235876083,-0.696815431118
0.721852898598,-0.0500865317881,0.887623071671,-0.0321446284652,0.0204134788364,0.716316282749,-0.696736037731
0.721812784672,-0.0499946065247,0.887661337852,-0.0319207273424,0.0201861299574,0.716291427612,-0.696778535843
0.721832871437,-0.0498376563191,0.887582421303,-0.0323945768178,0.0201455540955,0.716411232948,-0.696634709835
0.721878051758,-0.0497689396143,0.887626707554,-0.0323823541403,0.0200804565102,0.716293811798,-0.696757733822
0.72190284729,-0.0497044250369,0.887645363808,-0.0322978496552,0.0200316533446,0.71612906456,-0.69693249464
0.721926569939,-0.0496144816279,0.88765001297,-0.032240614295,0.0198848489672,0.715955376625,-0.697117686272
0.721920967102,-0.0495317392051,0.88767182827,-0.0321224443614,0.0198321361095,0.715734422207,-0.697351574898
0.721971035004,-0.0494481213391,0.887670278549,-0.0320981629193,0.0197984781116,0.715522885323,-0.697570741177
0.721989989281,-0.0493560060859,0.887692451477,-0.0319983288646,0.0197845455259,0.715247988701,-0.697857439518
0.721693515778,-0.0493044890463,0.887940168381,-0.0318516120315,0.0183538105339,0.714508652687,-0.698660194874
0.721181571484,-0.0493342429399,0.888173222542,-0.0317300818861,0.0168663151562,0.71320950985,-0.70002925396
0.720467090607,-0.0493900477886,0.888509869576,-0.0315316915512,0.0147984530777,0.71148788929,-0.701834499836
0.722291231155,-0.0490288361907,0.887727797031,-0.0316979400814,0.0202475786209,0.714398443699,-0.698727548122
0.721710860729,-0.04899392277,0.887791991234,-0.0316032506526,0.0199286267161,0.712645173073,-0.700529158115
0.721711039543,-0.0488911904395,0.887825071812,-0.0316024161875,0.019856588915,0.712275087833,-0.7009075284
0.721665620804,-0.0487259328365,0.887834072113,-0.0315780974925,0.0198581647128,0.711768984795,-0.701422393322
0.72160243988,-0.0486280322075,0.887813270092,-0.0311113055795,0.0198795180768,0.711302518845,-0.701915740967
0.721582829952,-0.048478551209,0.887861132622,-0.0311671067029,0.019878719002,0.710902512074,-0.702318310738
0.721622943878,-0.0483908876777,0.887829720974,-0.0309084691107,0.0199730936438,0.710302233696,-0.702934384346
0.721608519554,-0.048235271126,0.887829661369,-0.0308619271964,0.0197982359678,0.709924995899,-0.70332211256
0.721617460251,-0.0481136888266,0.887864291668,-0.030845914036,0.0196957811713,0.709512293339,-0.703742146492
0.721621870995,-0.0480003431439,0.887869715691,-0.0307329706848,0.0196217559278,0.709127962589,-0.704136431217
0.721583843231,-0.0479133464396,0.887898087502,-0.0306244380772,0.0194066707045,0.70864790678,-0.70463013649
0.721595406532,-0.0477867536247,0.887890815735,-0.0305737201124,0.0193246398121,0.708213329315,-0.70507144928
0.721620261669,-0.0476667396724,0.887885153294,-0.0305611938238,0.019198814407,0.707798838615,-0.705491483212
0.721643090248,-0.0475659891963,0.887869477272,-0.0305049475282,0.0190985295922,0.707352221012,-0.705944597721
0.721622228622,-0.0473947711289,0.887805938721,-0.0301492363214,0.0188806429505,0.706739425659,-0.706579208374
0.721649289131,-0.0472491681576,0.887795686722,-0.0301193874329,0.0187562219799,0.706306874752,-0.70701611042
0.721707522869,-0.0470723174512,0.887750387192,-0.0303432848305,0.0184840988368,0.705776870251,-0.707542717457
0.721741437912,-0.0469512045383,0.887739896774,-0.0303064212203,0.0183902084827,0.705316483974,-0.708005726337
0.721796870232,-0.0468269810081,0.887740969658,-0.03022698313,0.0183013640344,0.704845368862,-0.708480417728
0.721857726574,-0.0467008575797,0.887738108635,-0.030175736174,0.0182129312307,0.704415977001,-0.708911836147
0.721932649612,-0.0465524122119,0.887753725052,-0.0301708262414,0.0182071421295,0.703899145126,-0.709425270557
0.721616029739,-0.0463594794273,0.887584924698,-0.0284154545516,0.0187863539904,0.702405154705,-0.710961818695
0.722079396248,-0.0462586097419,0.887766122818,-0.0301758758724,0.0181472990662,0.7028221488,-0.710493564606
0.72209841013,-0.0460929274559,0.887723207474,-0.0298858564347,0.0180176589638,0.702109754086,-0.711213171482
0.722142457962,-0.0459249727428,0.887707710266,-0.0298979729414,0.0177913121879,0.701581299305,-0.711739718914
0.722206950188,-0.0458705723286,0.887668371201,-0.0301305949688,0.0178047213703,0.700807929039,-0.712491035461
0.72225189209,-0.0457301661372,0.887664973736,-0.030106715858,0.0176880806684,0.700290799141,-0.713003277779
0.722313046455,-0.0456183888018,0.887665331364,-0.0301425922662,0.0176332164556,0.699809610844,-0.713475465775
0.722326219082,-0.0455079637468,0.887662649155,-0.0300302635878,0.0175836067647,0.699245810509,-0.714033961296
0.722374737263,-0.0453895255923,0.887673020363,-0.0300594307482,0.0174998864532,0.698768496513,-0.714501917362
0.722442090511,-0.0452638827264,0.887691855431,-0.0301661323756,0.0174383297563,0.698281109333,-0.714975118637
0.722505152225,-0.0450474843383,0.887709140778,-0.0301138181239,0.0171854067594,0.697688996792,-0.715561330318
0.722580373287,-0.0449302271008,0.887722492218,-0.0301223285496,0.0171090830117,0.697259128094,-0.715981602669
0.722616374493,-0.0448131933808,0.887668132782,-0.0299387350678,0.0170790553093,0.6966547966,-0.716578125954
0.722709953785,-0.0446687862277,0.887687087059,-0.0300600081682,0.0170721709728,0.696130692959,-0.717082321644
0.722758412361,-0.0445784702897,0.887701869011,-0.0300534516573,0.0170063618571,0.695740878582,-0.717462480068
0.722835421562,-0.0444733723998,0.887730419636,-0.0301517285407,0.0169143937528,0.695403218269,-0.717787742615
0.722896754742,-0.0443897396326,0.887747526169,-0.030137443915,0.0168404784054,0.695040941238,-0.718140780926
0.722955107689,-0.0443343184888,0.887762367725,-0.0300812330097,0.0167658831924,0.694695055485,-0.718479573727
0.723045945168,-0.0442618019879,0.887777090073,-0.0300755631179,0.0167687013745,0.694350659847,-0.718812584877
0.723062515259,-0.0442049689591,0.887825369835,-0.0300377234817,0.0163752753288,0.693745017052,-0.71940767765
0.723161935806,-0.0442101880908,0.887863814831,-0.029911827296,0.0164802633226,0.693465709686,-0.719679772854
0.723239660263,-0.0441788882017,0.887867569923,-0.0298794675618,0.0165039375424,0.693225622177,-0.71991199255
0.723359882832,-0.0441383421421,0.887845516205,-0.0300194453448,0.0164530333132,0.692898571491,-0.720221936703
0.723440647125,-0.0441081672907,0.887841582298,-0.0300256777555,0.0164646804333,0.692693710327,-0.720418512821
0.723528325558,-0.0440841130912,0.887854814529,-0.0300371404737,0.0164898410439,0.692465782166,-0.720636546612
0.723601281643,-0.0440608225763,0.887860476971,-0.030031753704,0.0165002085268,0.692288458347,-0.720806896687
0.723649382591,-0.0440023206174,0.887845396996,-0.0300721749663,0.0163474902511,0.692088782787,-0.721000373363
0.723741769791,-0.0439947918057,0.887860119343,-0.0300013329834,0.0164228994399,0.691927731037,-0.721156299114
0.723811328411,-0.0439920648932,0.887866437435,-0.030023522675,0.0164199545979,0.691794216633,-0.721283495426
0.723897457123,-0.043990816921,0.887877762318,-0.0300020352006,0.0164371374995,0.691697478294,-0.721376657486
0.723953425884,-0.0440073311329,0.887884199619,-0.0299545563757,0.0164568275213,0.691587209702,-0.721483826637
0.724032640457,-0.0440126359463,0.887889564037,-0.0299475695938,0.0164615251124,0.691546440125,-0.721523165703
0.724106252193,-0.0440317727625,0.887898564339,-0.029898468405,0.0164991114289,0.691506445408,-0.721562623978
0.724266111851,-0.0440468303859,0.887861847878,-0.0298841781914,0.0167577527463,0.691658973694,-0.72141122818
0.724219501019,-0.0440692491829,0.887913107872,-0.0298489816487,0.0165047235787,0.69145655632,-0.721612393856
0.72448348999,-0.0440740734339,0.887902975082,-0.0299815367907,0.0167803820223,0.691644847393,-0.721420049667
0.724124193192,-0.0440486595035,0.887714862823,-0.0281916875392,0.0173206701875,0.690654575825,-0.722427606583
0.724563479424,-0.0441267043352,0.887940108776,-0.0299163870513,0.0168625880033,0.69162940979,-0.721435725689
0.724629402161,-0.044186078012,0.88798058033,-0.0298996325582,0.0170338191092,0.691645681858,-0.721416890621
0.724534034729,-0.0442238822579,0.888046324253,-0.0298783648759,0.0167675409466,0.691392838955,-0.72166633606
0.724144458771,-0.0441869795322,0.887864470482,-0.0281439833343,0.0172451026738,0.690416097641,-0.722659111023
0.724169015884,-0.0442137345672,0.887880086899,-0.0281742606312,0.0173118002713,0.690433204174,-0.722639977932
0.724165260792,-0.0442409589887,0.887895703316,-0.0281952116638,0.0173405427486,0.69042378664,-0.722647488117
0.724154531956,-0.044272467494,0.887917339802,-0.0282065086067,0.0174152925611,0.690434277058,-0.72263532877
0.724141716957,-0.0442886352539,0.887926757336,-0.0282588880509,0.0174246672541,0.690438568592,-0.722628831863
0.724502980709,-0.0443631485105,0.888118267059,-0.0299887396395,0.0169451478869,0.691378176212,-0.721671581268
0.724459528923,-0.0443819984794,0.888116002083,-0.0299915466458,0.0169301480055,0.691327571869,-0.721720337868
0.724385797977,-0.0443924888968,0.888080716133,-0.0298872552812,0.0169653762132,0.691183924675,-0.721861243248
0.724286913872,-0.044425804168,0.888052105904,-0.0299281943589,0.0169281046838,0.691189825535,-0.721854865551
0.724246263504,-0.0444417074323,0.888017594814,-0.0299967266619,0.016882410273,0.691101789474,-0.721937298775
0.724198937416,-0.0444593057036,0.887978315353,-0.0300607867539,0.0168284215033,0.691010832787,-0.722023129463
0.724155068398,-0.0444991700351,0.8879327178,-0.0301815792918,0.0167619809508,0.690891563892,-0.72213357687
0.724088549614,-0.0445363260806,0.887888371944,-0.0302390418947,0.0167606845498,0.690867006779,-0.722154796124
0.724017977715,-0.0445761829615,0.887845635414,-0.0303114056587,0.0167605280876,0.690854072571,-0.722164154053
0.723932504654,-0.0446219630539,0.887816011906,-0.0303733479232,0.016789201647,0.690929889679,-0.722088396549
0.723834872246,-0.0446509234607,0.88778758049,-0.0304878223687,0.0167914796621,0.69102448225,-0.721992969513
0.72372418642,-0.0446822121739,0.887777924538,-0.0305656064302,0.0168150924146,0.691143214703,-0.721875429153
0.723593473434,-0.0447028279305,0.887767136097,-0.0306438971311,0.0168815162033,0.691413283348,-0.721611976624
0.723486304283,-0.0447542183101,0.887769460678,-0.0307712033391,0.0170591510832,0.691653251648,-0.721372365952
0.723367810249,-0.0448075160384,0.887780666351,-0.0307886563241,0.0171867497265,0.691958427429,-0.721075713634
0.723191916943,-0.044870365411,0.887810111046,-0.0306999441236,0.0173175483942,0.692358851433,-0.720691978931
0.723017275333,-0.0449496656656,0.887823045254,-0.0307841170579,0.0174140613526,0.692812621593,-0.720249831676
0.723301708698,-0.0448691546917,0.88806527853,-0.030687822029,0.0162058956921,0.694690942764,-0.718470752239
0.722671866417,-0.0451289974153,0.887892067432,-0.0307404920459,0.0177009720355,0.693609476089,-0.71947735548
0.722554624081,-0.0452249795198,0.887922465801,-0.0307969562709,0.0179137028754,0.693982005119,-0.719110369682
0.722426056862,-0.0453264117241,0.887995362282,-0.0311440397054,0.017979118973,0.69443833828,-0.718653082848
0.721818447113,-0.0454296022654,0.887837171555,-0.0290533155203,0.018732920289,0.693863093853,-0.719276726246
0.722061574459,-0.045585334301,0.888055086136,-0.0310329571366,0.018388075754,0.695356190205,-0.717759490013
0.721882164478,-0.0456935949624,0.888067901134,-0.0310686901212,0.0184285510331,0.695782542229,-0.717343568802
0.721711158752,-0.0458004586399,0.888086676598,-0.0310959648341,0.0185488592833,0.69618088007,-0.716952741146
0.721523463726,-0.0458592884243,0.888086378574,-0.0311829037964,0.018535150215,0.696542620659,-0.716597855091
0.721339762211,-0.0459409430623,0.888078927994,-0.0311087165028,0.0187157187611,0.696835100651,-0.716311991215
0.721164405346,-0.0460407137871,0.888115286827,-0.0310360286385,0.0188816282898,0.697224974632,-0.715931296349
0.721058487892,-0.0461625307798,0.888172268867,-0.0313647426665,0.0190804172307,0.697771668434,-0.715378880501
0.720829665661,-0.046236731112,0.888110101223,-0.0312272496521,0.0190194956958,0.698113977909,-0.715052604675
0.720806956291,-0.0463590584695,0.888166427612,-0.031625315547,0.0192897636443,0.698725223541,-0.714430391788
0.720725417137,-0.0464453324676,0.888136386871,-0.0318029038608,0.0194355733693,0.699259519577,-0.713895738125
0.720860242844,-0.046556442976,0.888068437576,-0.031933452934,0.0199506171048,0.70010381937,-0.71304756403
0.721343994141,-0.0462430343032,0.888233184814,-0.0318266525865,0.0192287247628,0.702518939972,-0.710693120956
0.720703363419,-0.0465364344418,0.888198137283,-0.0318578109145,0.0192502643913,0.701453626156,-0.711742460728
0.720536053181,-0.0466130003333,0.888205885887,-0.0318916887045,0.0192583668977,0.701833724976,-0.711366057396
0.720408320427,-0.0466552041471,0.888167142868,-0.0319358594716,0.0192084386945,0.702238321304,-0.710965931416
0.720329999924,-0.0467279106379,0.88815420866,-0.0319744236767,0.0192789305001,0.702608048916,-0.71059691906
0.720233559608,-0.0467676632106,0.888109743595,-0.0321139395237,0.0192354414612,0.703002095222,-0.710202038288
0.720192790031,-0.0468042343855,0.888080835342,-0.0321889668703,0.0192527677864,0.703412473202,-0.709791719913
0.720145881176,-0.046881467104,0.88807451725,-0.0321991965175,0.0193531159312,0.703788042068,-0.709416151047
0.720108747482,-0.046953625977,0.888054311275,-0.0320583693683,0.0195459909737,0.704425156116,-0.708784580231
0.720123291016,-0.0470011048019,0.888053059578,-0.0322307981551,0.0194870121777,0.704940676689,-0.708265721798
0.720128953457,-0.0470900759101,0.888016521931,-0.032152492553,0.0196264591068,0.705410957336,-0.707796871662
0.720191478729,-0.0472061261535,0.887990236282,-0.0321499146521,0.0199576355517,0.706092000008,-0.707108438015
0.720262289047,-0.047261390835,0.888006150723,-0.0325851067901,0.0198601186275,0.706722557545,-0.706460893154
0.720330417156,-0.047306664288,0.887971103191,-0.0326223522425,0.0199777446687,0.707358837128,-0.705818772316
0.720353245735,-0.0473411232233,0.887913644314,-0.0327464528382,0.0197851974517,0.707922756672,-0.705252945423
0.720455050468,-0.0473725534976,0.887889504433,-0.0328174084425,0.0199160538614,0.708572208881,-0.704593420029
0.720520496368,-0.0474404282868,0.887879252434,-0.0328410416842,0.0199986267835,0.709142208099,-0.704016208649
0.720677554607,-0.0474903993309,0.887863099575,-0.0328728631139,0.0201930459589,0.709925174713,-0.703219771385
0.720811486244,-0.0476078055799,0.887929916382,-0.0327362529933,0.0204381644726,0.710711538792,-0.702424168587
0.72097235918,-0.0477191135287,0.887949109077,-0.0326794907451,0.020629869774,0.711327731609,-0.701797306538
0.721114993095,-0.0478221029043,0.887973129749,-0.0326601937413,0.0207979548723,0.711866140366,-0.701247036457
0.72127366066,-0.0479629263282,0.888001859188,-0.032571259886,0.021115206182,0.712348937988,-0.700751304626
0.721017599106,-0.0480878427625,0.888153076172,-0.0324817448854,0.0202668607235,0.712033390999,-0.701101124287
0.721219301224,-0.0481726638973,0.888220131397,-0.0328813046217,0.020244108513,0.712461650372,-0.700647830963
0.721414327621,-0.048286434263,0.888252496719,-0.0328827761114,0.0203930083662,0.712757587433,-0.700342357159
0.721600353718,-0.0483951158822,0.888279139996,-0.0329274795949,0.0204728543758,0.713020682335,-0.700070261955
0.721380591393,-0.0484532937407,0.888094842434,-0.0311888977885,0.0209432989359,0.712360501289,-0.700807571411
0.721998870373,-0.0486338399351,0.888323426247,-0.0329871885478,0.0206080898643,0.713530778885,-0.699543535709
0.722200274467,-0.0487566441298,0.888331472874,-0.0330123901367,0.0206976011395,0.713673353195,-0.699394106865
0.721654295921,-0.0489529110491,0.888704657555,-0.0329984538257,0.0182023048401,0.712458372116,-0.700701594353
0.72190117836,-0.0491403192282,0.888737559319,-0.0329759530723,0.0184088386595,0.712581217289,-0.700572431087
0.72216540575,-0.049297157675,0.88876748085,-0.0329531803727,0.0184094216675,0.712868154049,-0.700281560421
0.722395896912,-0.0494405142963,0.888772249222,-0.0328883901238,0.0184035077691,0.712964057922,-0.700187146664
0.722698092461,-0.049601174891,0.8887809515,-0.0330009758472,0.0184403061867,0.713067114353,-0.700075924397
0.722223162651,-0.0498577207327,0.888448238373,-0.0297375917435,0.0192950442433,0.711578428745,-0.701711952686
0.723134696484,-0.0500165820122,0.888774633408,-0.0328648425639,0.0184035152197,0.71326816082,-0.699878394604
0.723343968391,-0.0501735806465,0.888777971268,-0.0328701287508,0.0184084139764,0.713327169418,-0.69981777668
0.723705708981,-0.0503131523728,0.88878184557,-0.0333250574768,0.0183555148542,0.713553607464,-0.699566960335
0.723946213722,-0.0505047440529,0.888787448406,-0.0334804952145,0.0183280035853,0.713601052761,-0.699511826038
0.724261403084,-0.0507020317018,0.888819098473,-0.0337133072317,0.0183267313987,0.713801264763,-0.699296355247
0.724892377853,-0.0508549362421,0.888464450836,-0.0337816402316,0.0207805372775,0.714230000973,-0.698786556721
0.724833905697,-0.0510627105832,0.888637125492,-0.0336326770484,0.0198213439435,0.713722169399,-0.699340105057
0.72505903244,-0.0513391941786,0.888831913471,-0.0334542393684,0.0185954067856,0.714000999928,-0.69909787178
0.725377440453,-0.0514885783195,0.888734459877,-0.0333576537669,0.0192342605442,0.714254379272,-0.69882619381
0.725600063801,-0.051695022732,0.88872885704,-0.0331794507802,0.0192552506924,0.714284539223,-0.698803246021
0.725912570953,-0.0519597902894,0.88872563839,-0.0333667732775,0.019435653463,0.714398086071,-0.698673248291
0.726040005684,-0.0522679127753,0.888837218285,-0.0332320071757,0.018889574334,0.714337706566,-0.698756337166
0.726293981075,-0.0526630207896,0.888816893101,-0.0331080965698,0.019383771345,0.714345216751,-0.698741078377
0.726950883865,-0.0527996495366,0.888446807861,-0.0332017429173,0.0219584256411,0.714770436287,-0.698225498199
0.72695428133,-0.0530346892774,0.888698995113,-0.033021826297,0.0199881531298,0.714734375477,-0.698330104351
0.727053642273,-0.0534112565219,0.888837456703,-0.0332193002105,0.0193096920848,0.714456677437,-0.69862395525
0.727241396904,-0.0536221601069,0.888846039772,-0.0332300812006,0.0192155074328,0.714509606361,-0.69857186079
0.726566255093,-0.0539275482297,0.888445854187,-0.0296705141664,0.0199593566358,0.713074803352,-0.700175404549
0.727689027786,-0.0539754554629,0.888792932034,-0.0331327281892,0.0195906870067,0.714814901352,-0.698253691196
0.727852702141,-0.0542009361088,0.888778746128,-0.0330238156021,0.0196150038391,0.7147808671,-0.698293030262
0.728059887886,-0.0544322021306,0.888752698898,-0.0329184941947,0.0195828843862,0.714832007885,-0.698246479034
0.728344976902,-0.0545922294259,0.888757228851,-0.0326877906919,0.0196430142969,0.71465831995,-0.698433339596
0.728492498398,-0.0547989681363,0.888731360435,-0.0325921177864,0.0196075420827,0.714601933956,-0.698496699333
0.728545129299,-0.0550537966192,0.888711988926,-0.032477106899,0.0193821173161,0.714620828629,-0.698488891125
0.728670954704,-0.0552382618189,0.888693451881,-0.0323392823339,0.0192571617663,0.71457105875,-0.698549747467
0.728789448738,-0.055389996618,0.888599932194,-0.0324764326215,0.0187889244407,0.714477002621,-0.698652148247
0.728890299797,-0.055700507015,0.888691663742,-0.0324475802481,0.0181134399027,0.714262783527,-0.698890328407
0.729040920734,-0.0559560731053,0.888620138168,-0.0323637500405,0.0181674417108,0.714034855366,-0.69912570715
0.729059457779,-0.0561750009656,0.888602614403,-0.0320582911372,0.0178890191019,0.713804483414,-0.699382245541
0.729140102863,-0.0563553497195,0.888580799103,-0.0318782888353,0.0178729593754,0.713678598404,-0.699519395828
0.729207277298,-0.0565199032426,0.888558864594,-0.0317203067243,0.0177852828056,0.713577210903,-0.699632167816
0.729317486286,-0.0566497445107,0.888512670994,-0.0315920002759,0.0177039802074,0.713590919971,-0.699626147747
0.729384303093,-0.0567899011075,0.888517618179,-0.0313960500062,0.0176250506192,0.713522613049,-0.699706554413
0.729413032532,-0.0569399930537,0.888513445854,-0.0311870332807,0.017548315227,0.713425338268,-0.699816942215
0.72943598032,-0.0570540204644,0.88849657774,-0.030975067988,0.0174068864435,0.713359355927,-0.699897110462
0.729563474655,-0.0570670440793,0.888410031796,-0.0308341607451,0.0177646763623,0.713468253613,-0.699783444405
0.729569613934,-0.0571948811412,0.888397037983,-0.0306191705167,0.0176127664745,0.713411986828,-0.699853956699
0.729572534561,-0.0573068186641,0.888370752335,-0.0303216781467,0.0174446273595,0.713330805302,-0.699954092503
0.729491353035,-0.0574944466352,0.888421714306,-0.0301490072161,0.0167963709682,0.713031411171,-0.700282216072
0.729580700397,-0.0575078390539,0.888417363167,-0.0299524050206,0.016702612862,0.712838709354,-0.700489103794
0.729596853256,-0.0575844421983,0.888390123844,-0.0297794882208,0.016524778679,0.71271944046,-0.700621962547
0.729613661766,-0.0576673001051,0.888364672661,-0.0296104233712,0.0163661167026,0.712568342686,-0.700786650181
0.729468107224,-0.0578110925853,0.888324856758,-0.0295827239752,0.0156216267496,0.712484896183,-0.700889587402
0.729477703571,-0.0578646585345,0.888324260712,-0.0293729938567,0.0154464775696,0.712352514267,-0.70103675127
0.72947704792,-0.0579046308994,0.888314783573,-0.0292265787721,0.0152395386249,0.712239086628,-0.701162755489
0.729512572289,-0.0579314120114,0.888319790363,-0.0290491133928,0.0150670865551,0.712045431137,-0.701370537281
0.729510009289,-0.0579636394978,0.888308107853,-0.0289124641567,0.014902042225,0.711900413036,-0.701526880264
0.729518890381,-0.0579851940274,0.888310074806,-0.028769236058,0.0147005207837,0.711770951748,-0.701668262482
0.729520201683,-0.0580056495965,0.888301610947,-0.0286324713379,0.0145588424057,0.711596488953,-0.701853811741
0.729560732841,-0.0580357462168,0.888322770596,-0.0284436307847,0.0144857931882,0.711403429508,-0.7020586133
0.729588866234,-0.0581410601735,0.888415753841,-0.0278402529657,0.0143161695451,0.710954487324,-0.702540814877
0.729601800442,-0.058165833354,0.888431668282,-0.0276529733092,0.0142246820033,0.710736811161,-0.702770292759
0.72962808609,-0.0581732876599,0.888456821442,-0.0274766460061,0.0141520304605,0.710503876209,-0.70301425457
0.729684650898,-0.0581785142422,0.888446688652,-0.0274838712066,0.0140513489023,0.710227906704,-0.703294813633
0.729800522327,-0.0579789727926,0.888289451599,-0.0277516208589,0.0145105449483,0.71041983366,-0.703081130981
0.729779660702,-0.0579922609031,0.888251781464,-0.0272480584681,0.0145184658468,0.710095822811,-0.703427791595
0.72979092598,-0.0579434521496,0.888230681419,-0.0271348301321,0.0142344413325,0.709836602211,-0.703699707985
0.729857563972,-0.0579367130995,0.888232886791,-0.0270500760525,0.014208975248,0.709591686726,-0.703950405121
0.729912042618,-0.0579317845404,0.888218402863,-0.026969762519,0.0141844172031,0.70931404829,-0.704233884811
0.729982495308,-0.0579115189612,0.888215303421,-0.0269208140671,0.0141090601683,0.709110558033,-0.704442024231
0.730052709579,-0.0578738898039,0.888189733028,-0.0269195437431,0.0139930918813,0.708826243877,-0.704730331898
0.730138421059,-0.057854834944,0.888184785843,-0.0268952231854,0.0139367878437,0.708583474159,-0.704976499081
0.73024225235,-0.0578567050397,0.888204276562,-0.0267890561372,0.0140863973647,0.708322823048,-0.705239534378
0.730334877968,-0.0578373372555,0.888232946396,-0.0266290139407,0.0141560100019,0.708047151566,-0.705521047115
0.730425059795,-0.0578194446862,0.888241171837,-0.0265773423016,0.0141141563654,0.70784163475,-0.705729842186
0.730548024178,-0.0578367859125,0.888249516487,-0.0264903567731,0.0141798108816,0.707620620728,-0.705953538418
0.730676651001,-0.057840295136,0.888223350048,-0.0265865847468,0.0142098162323,0.707306206226,-0.706264257431
0.730612635612,-0.057933293283,0.888342857361,-0.0264518391341,0.0134318191558,0.706844389439,-0.70674675703
0.730749130249,-0.0580234155059,0.888430118561,-0.0259442646056,0.0134550035,0.706352233887,-0.707257032394
0.730842709541,-0.0579952485859,0.888437509537,-0.025868345052,0.013464380987,0.706176102161,-0.707435548306
0.730963349342,-0.057881873101,0.888347148895,-0.0264592133462,0.0134934708476,0.706242203712,-0.707347154617
0.731035232544,-0.0578482449055,0.888375878334,-0.0263219624758,0.013539493084,0.706132471561,-0.70746088028
0.731177091599,-0.0578585490584,0.888399600983,-0.0262687560171,0.0136557575315,0.705962061882,-0.707630574703
0.731351494789,-0.0578290000558,0.888401985168,-0.0265319049358,0.0137405535206,0.705724298954,-0.707856237888
0.731496810913,-0.0578220896423,0.888414502144,-0.0266235154122,0.013805267401,0.705648422241,-0.707927167416
0.731617748737,-0.0578978508711,0.888538777828,-0.0259486958385,0.0137972421944,0.705227673054,-0.708371460438
0.731730997562,-0.0577982887626,0.888433873653,-0.0265119448304,0.0139249926433,0.705298006535,-0.708278119564
0.73188740015,-0.0577769428492,0.888430774212,-0.0264676548541,0.0141351148486,0.705299735069,-0.708273947239
0.731903553009,-0.0577792003751,0.888463675976,-0.0264060478657,0.0140371145681,0.70503783226,-0.708538889885
0.732141375542,-0.0577616244555,0.888449966908,-0.0264485049993,0.0142962746322,0.704903542995,-0.708665788174
0.732267320156,-0.0578488558531,0.888422489166,-0.0264390408993,0.0146160628647,0.70469301939,-0.708868920803
0.732351839542,-0.0578292347491,0.888433516026,-0.0263770036399,0.0146934883669,0.704550385475,-0.709011375904
0.732444226742,-0.0578250363469,0.888444662094,-0.0263469405472,0.0148168131709,0.704397797585,-0.709161579609
0.732472538948,-0.057792339474,0.888420939445,-0.0259629581124,0.0149553716183,0.704169511795,-0.709399580956
0.732552587986,-0.0577902942896,0.888436198235,-0.0258870534599,0.0150604220107,0.704021692276,-0.709546744823
0.732631444931,-0.0577564425766,0.888446450233,-0.0258790887892,0.0150961978361,0.703925490379,-0.709641814232
0.732706904411,-0.0577379688621,0.888450324535,-0.0258473493159,0.0151487747207,0.703811645508,-0.709754705429
0.732780754566,-0.0577184967697,0.888463377953,-0.0258185360581,0.0152494097129,0.703696131706,-0.709868133068
0.732844352722,-0.0576737895608,0.888456702232,-0.0258523523808,0.0152718545869,0.703595936298,-0.709965825081
0.73293864727,-0.0576680675149,0.888508439064,-0.0255862977356,0.01544754114,0.703471064568,-0.710095345974
0.733001112938,-0.0576155409217,0.88850659132,-0.025580432266,0.015475939028,0.703326940536,-0.710237622261
0.73305106163,-0.0575800389051,0.888504505157,-0.0255689807236,0.01551789511,0.703197717667,-0.710365056992
0.733097910881,-0.0575421266258,0.88851082325,-0.0255770459771,0.0155618432909,0.703106939793,-0.710453569889
0.733109235764,-0.0574700199068,0.888462245464,-0.0256219860166,0.0155701562762,0.70296394825,-0.710593163967
0.733229339123,-0.0574167557061,0.888412535191,-0.0259383693337,0.0156271308661,0.702675044537,-0.710866272449
0.733214855194,-0.0573940426111,0.888436317444,-0.0258085299283,0.0156932566315,0.702668964863,-0.710875630379
0.733247220516,-0.0573525354266,0.888437867165,-0.0258193146437,0.0157636981457,0.702586948872,-0.710954666138
0.733299553394,-0.0571399629116,0.888241767883,-0.0258745308965,0.0169755592942,0.702517688274,-0.710993170738
0.733335971832,-0.0571061745286,0.888281643391,-0.0258193016052,0.017256423831,0.702424824238,-0.711080133915
0.733417987823,-0.0570936277509,0.888300180435,-0.0258615724742,0.0171455573291,0.702534615993,-0.71097278595
0.733417212963,-0.0570210553706,0.88829511404,-0.0258968695998,0.0171299595386,0.702473700047,-0.711032152176
0.733417153358,-0.0569777190685,0.888282418251,-0.025907272473,0.0171559061855,0.702457427979,-0.711047172546
0.733410060406,-0.0569305643439,0.888262331486,-0.0259126704186,0.0171513911337,0.702449738979,-0.711054801941
0.733370065689,-0.056839518249,0.888329386711,-0.0259178578854,0.0165945626795,0.702534735203,-0.7109836936
0.733358740807,-0.0567787215114,0.888294935226,-0.0259556025267,0.0165091641247,0.70251840353,-0.711000442505
0.733326971531,-0.0567172318697,0.888278961182,-0.025946335867,0.0164530631155,0.702551364899,-0.710969626904
0.733308076859,-0.0566601604223,0.888251006603,-0.0259789209813,0.0164110846817,0.702591359615,-0.710929870605
0.733289718628,-0.0566036626697,0.888216972351,-0.0259934216738,0.0163953490555,0.702624022961,-0.710897386074
0.7332649827,-0.0565352886915,0.888183951378,-0.0260189156979,0.016319911927,0.702682316303,-0.710840463638
0.733234941959,-0.056460596621,0.88814073801,-0.0260450523347,0.0162523910403,0.702739298344,-0.710784912109
0.733202219009,-0.056375388056,0.888099133968,-0.0260550472885,0.0161682777107,0.702863037586,-0.710663974285
0.733178555965,-0.0562987774611,0.888052821159,-0.0260890498757,0.0160994958133,0.702957987785,-0.710570454597
0.733047127724,-0.056337416172,0.88806694746,-0.0261137131602,0.0154919931665,0.702791273594,-0.710747778416
0.732989609241,-0.0562282092869,0.887983500957,-0.0262387376279,0.0152332559228,0.702927410603,-0.710614144802
0.732912182808,-0.0561300069094,0.887929499149,-0.0261945202947,0.0150707103312,0.703052759171,-0.710495352745
0.732877790928,-0.0560273192823,0.887891173363,-0.0262596923858,0.0149834072217,0.703168153763,-0.710380613804
0.732841730118,-0.0559477806091,0.887838065624,-0.0262235086411,0.0149494251236,0.703256368637,-0.710295319557
0.731980741024,-0.0559203475714,0.887423753738,-0.0229185875505,0.0156602524221,0.701831221581,-0.711802184582
0.731862783432,-0.0559147298336,0.887362718582,-0.0230598133057,0.0155797209591,0.701990664005,-0.711642146111
0.73327767849,-0.0556373260915,0.887359380722,-0.0261220782995,0.016855891794,0.704798281193,-0.708726286888
0.732619166374,-0.0555055588484,0.887580692768,-0.025974875316,0.0153390103951,0.704011619091,-0.709547579288
0.732550859451,-0.0554235875607,0.887561559677,-0.0259459149092,0.0152773596346,0.704060137272,-0.709501862526
0.733633518219,-0.0548653975129,0.887428939342,-0.026791613549,0.0152099169791,0.701759576797,-0.711747407913
0.733675897121,-0.0546853467822,0.887380242348,-0.0270711369812,0.0151353478432,0.701590657234,-0.711904942989
0.733686208725,-0.0545199178159,0.887355446815,-0.0271195527166,0.0153725445271,0.701341629028,-0.712143421173
0.733757555485,-0.0543350949883,0.887300014496,-0.0274674128741,0.0153704211116,0.701146185398,-0.712322533131
0.733777403831,-0.0541151501238,0.887233436108,-0.0278027188033,0.0152229079977,0.701010227203,-0.712446451187
0.731999754906,-0.0548267178237,0.887485146523,-0.0261323731393,0.0151999518275,0.704197585583,-0.709360182285
0.731913149357,-0.054735224694,0.887496113777,-0.02618557401,0.0152254020795,0.704227745533,-0.709327816963
0.73182708025,-0.0546387061477,0.887510001659,-0.0261641293764,0.015299170278,0.704241573811,-0.709313333035
0.731746554375,-0.054560109973,0.887516617775,-0.0262218099087,0.0153446877375,0.70431137085,-0.709240853786
0.731595873833,-0.0544800125062,0.887536048889,-0.0262093488127,0.0153632704169,0.704237639904,-0.70931404829
0.731499910355,-0.0544077455997,0.887543439865,-0.0262390561402,0.0154123036191,0.704317688942,-0.709232270718
0.731401801109,-0.0543019250035,0.887542963028,-0.0262892246246,0.0154465530068,0.704481184483,-0.70906740427
0.731327831745,-0.0542463436723,0.88755095005,-0.0263180416077,0.0155488941818,0.704569160938,-0.708976745605
0.73116517067,-0.0543265827,0.887619972229,-0.0263422708958,0.0153484009206,0.704430878162,-0.709117591381
0.731091022491,-0.0542567558587,0.88761806488,-0.0263956245035,0.0153840286657,0.704552829266,-0.708993554115
0.731021761894,-0.0542063526809,0.887627601624,-0.0264512132853,0.0154611207545,0.704715430737,-0.708828270435
0.730909049511,-0.0541651174426,0.88765668869,-0.0263235103339,0.0155972726643,0.704921066761,-0.708625614643
0.730842649937,-0.0540942437947,0.887659668922,-0.0263877455145,0.0156272426248,0.70507055521,-0.708473742008
0.730802536011,-0.054087433964,0.887684464455,-0.0264179036021,0.0158477984369,0.70524007082,-0.708299100399
0.730665743351,-0.0542510338128,0.887886464596,-0.0253237821162,0.0158950313926,0.705066382885,-0.708510756493
0.730639219284,-0.0540008507669,0.887723684311,-0.026320097968,0.0159969795495,0.705563426018,-0.707977175713
0.730718672276,-0.0538102351129,0.887633502483,-0.0263755153865,0.0166997145861,0.706050336361,-0.707473278046
0.73060631752,-0.0539554916322,0.887802124023,-0.0254633314908,0.0168057791889,0.705786824226,-0.707767009735
0.730543017387,-0.0537511631846,0.887631893158,-0.026456868276,0.0169404372573,0.706331312656,-0.707184016705
0.730457603931,-0.0537146478891,0.887657642365,-0.0264230277389,0.0170261282474,0.706464290619,-0.707050383091
0.730369091034,-0.0536626726389,0.887662351131,-0.0264339279383,0.0170400161296,0.706591010094,-0.706923007965
0.730240941048,-0.0536154955626,0.887656509876,-0.0263347867876,0.0171468947083,0.706617057323,-0.706897974014
0.730080127716,-0.0535199902952,0.887652277946,-0.0263928268105,0.0170118585229,0.706740677357,-0.706775605679
0.729996740818,-0.0534866601229,0.887659907341,-0.0264513269067,0.0170889962465,0.706870436668,-0.706641793251
0.729921460152,-0.0533991791308,0.887689948082,-0.0266203656793,0.0171010028571,0.706915378571,-0.706590175629
0.729839682579,-0.0533631443977,0.887702584267,-0.0267195664346,0.0171676054597,0.707028746605,-0.706471383572
0.7297488451,-0.0532798469067,0.887722849846,-0.026772942394,0.0172268431634,0.707144260406,-0.706352293491
0.729607641697,-0.0532189160585,0.887745797634,-0.0268168151379,0.0172293167561,0.707125008106,-0.706369757652
0.729516506195,-0.0531754046679,0.887760400772,-0.0268441010267,0.0173137169331,0.707212030888,-0.706279635429
0.729425668716,-0.053116787225,0.887778639793,-0.0268976427615,0.0173833109438,0.707271754742,-0.706216037273
0.729332566261,-0.053061388433,0.887799620628,-0.0269971378148,0.0174620877951,0.707338869572,-0.706143140793
0.729208648205,-0.0530426129699,0.887835979462,-0.0268827751279,0.0175786092877,0.70748257637,-0.706000626087
0.729125857353,-0.0530273392797,0.887768268585,-0.0269515626132,0.0181461311877,0.707469463348,-0.70599681139
0.729027628899,-0.0530001446605,0.887780785561,-0.0269478522241,0.0182920675725,0.707558512688,-0.705903828144
0.728865265846,-0.0529863499105,0.88778012991,-0.0269662048668,0.0184027645737,0.707652211189,-0.705806314945
0.728756546974,-0.0529491007328,0.887779355049,-0.0270226486027,0.0184997953475,0.707757055759,-0.705696463585
0.728623986244,-0.0528944134712,0.887771368027,-0.027088040486,0.018517466262,0.707821190357,-0.705629169941
0.728479027748,-0.0528344511986,0.887765645981,-0.0272229965776,0.018544126302,0.707892417908,-0.705551922321
0.728376924992,-0.0527832843363,0.887785971165,-0.0274604465812,0.0185886640102,0.707989692688,-0.705443799496
0.728270411491,-0.0527441501617,0.887802183628,-0.0275378264487,0.0186909902841,0.708059966564,-0.70536750555
0.728162288666,-0.0527137368917,0.887871921062,-0.0274144578725,0.0189408604056,0.708148956299,-0.705276548862
0.728052616119,-0.0526579581201,0.887902855873,-0.0276609882712,0.0191089399159,0.708217382431,-0.705193519592
0.727893471718,-0.052585862577,0.887916684151,-0.0278253890574,0.0190864037722,0.708199620247,-0.705205440521
0.727786004543,-0.0525476485491,0.887923240662,-0.0278538055718,0.0192357748747,0.708231031895,-0.705168843269
0.727707207203,-0.0524776354432,0.887993037701,-0.0278705507517,0.0190146993846,0.708448112011,-0.704956114292
0.7276725173,-0.0523504167795,0.888030409813,-0.0279132537544,0.0192086882889,0.708373486996,-0.705024003983
0.727539598942,-0.0522810593247,0.888052523136,-0.0279556401074,0.0193871967494,0.70833414793,-0.70505708456
0.727404177189,-0.0521989353001,0.888075709343,-0.0280285961926,0.0194021482021,0.708314418793,-0.705073535442
0.726721584797,-0.0521115250885,0.887907445431,-0.0261597614735,0.0197661370039,0.707491993904,-0.705960392952
0.726575911045,-0.0520388036966,0.887926757336,-0.0260897986591,0.0198132712394,0.707444489002,-0.706009328365
0.72683596611,-0.0520171411335,0.888149559498,-0.0278748571873,0.019439605996,0.708285272121,-0.705107867718
0.726652503014,-0.0519446693361,0.888160705566,-0.0279941521585,0.0194069240242,0.708328008652,-0.705061197281
0.726529300213,-0.0518095083535,0.888185143471,-0.0280415285379,0.0194113720208,0.708327233791,-0.705059945583
0.726365685463,-0.0517214722931,0.888240277767,-0.0281372163445,0.0192775130272,0.708241403103,-0.705146074295
0.726220369339,-0.0516321957111,0.888216972351,-0.0278574135154,0.0193771272898,0.70815050602,-0.705245673656
0.72612285614,-0.0515377558768,0.888244748116,-0.027940845117,0.0193698406219,0.708157360554,-0.705235779285
0.726034581661,-0.0514356046915,0.888254284859,-0.0280735492706,0.0193705670536,0.708172798157,-0.70521479845
0.725943803787,-0.0513191111386,0.888260185719,-0.0281445086002,0.0194717887789,0.708188772202,-0.705193221569
0.725877165794,-0.051207985729,0.888279974461,-0.0283249076456,0.0194269269705,0.708204209805,-0.705171823502
0.725799500942,-0.0511213988066,0.88828587532,-0.0283804256469,0.0194610264152,0.708239018917,-0.705133676529
0.725739300251,-0.0510178618133,0.88829433918,-0.0284888595343,0.0194675754756,0.708304345608,-0.705063402653
0.725667834282,-0.0509419515729,0.888310194016,-0.0285149365664,0.0195240974426,0.708350837231,-0.705014050007
0.725571990013,-0.0508306361735,0.888305187225,-0.028598215431,0.0194453466684,0.708415687084,-0.704947769642
0.725508868694,-0.0507484897971,0.888304173946,-0.02865797095,0.0194719694555,0.708477675915,-0.704882144928
0.72547441721,-0.0506838075817,0.888356566429,-0.0285921748728,0.0197803601623,0.708517730236,-0.704836189747
0.725422859192,-0.050611153245,0.88836145401,-0.0286276359111,0.0198271721601,0.708600521088,-0.704750061035
0.725384891033,-0.050543166697,0.888360500336,-0.0286872126162,0.0199500340968,0.708670318127,-0.704674065113
0.725296914577,-0.0504751168191,0.88835299015,-0.0285991299897,0.0200541391969,0.708662390709,-0.704682588577
0.725259065628,-0.0504079982638,0.888355970383,-0.0286143235862,0.0201708320528,0.708714485168,-0.704626262188
0.725180268288,-0.0503553524613,0.888389468193,-0.0284934844822,0.0202886071056,0.708846747875,-0.704494833946
0.725157678127,-0.0502563714981,0.888393998146,-0.0286437515169,0.0204316172749,0.708880484104,-0.704450666904
0.724947631359,-0.0503265634179,0.888456106186,-0.028420239687,0.0202133320272,0.708711922169,-0.704635560513
0.724923789501,-0.0502127744257,0.888475775719,-0.0285898242146,0.020322823897,0.708738863468,-0.70459830761
0.725036621094,-0.0499807409942,0.888389706612,-0.0286718737334,0.0210652314126,0.709113240242,-0.704196572304
0.7250187397,-0.0498981960118,0.888397574425,-0.0288168583065,0.021274395287,0.709090769291,-0.704206943512
0.724932432175,-0.0498096570373,0.888438045979,-0.0288738887757,0.0213105324656,0.708983898163,-0.704311013222
0.724776566029,-0.0498627349734,0.888504981995,-0.0289690438658,0.0211649071425,0.708544254303,-0.704753756523
0.724824428558,-0.0496131032705,0.888391971588,-0.0290927458555,0.0222276877612,0.708605527878,-0.70465451479
0.724773526192,-0.0494942739606,0.888424694538,-0.0292865931988,0.022424807772,0.708511590958,-0.704734623432
0.724702894688,-0.0493847429752,0.888460099697,-0.0293331444263,0.0226304680109,0.708323597908,-0.704914987087
0.724625468254,-0.0492727085948,0.888497829437,-0.0294188372791,0.0227767899632,0.708112597466,-0.705118775368
0.724423885345,-0.0490453653038,0.888523697853,-0.0296544414014,0.0228645708412,0.707692205906,-0.705527842045
0.724355578423,-0.0489468239248,0.888608455658,-0.0296549834311,0.0233269706368,0.707456052303,-0.705749571323
0.724296092987,-0.0488686747849,0.888644099236,-0.0296109225601,0.0234872642905,0.707280099392,-0.705922424793
0.724042952061,-0.0486714616418,0.888683915138,-0.0296406503767,0.0236755758524,0.706801772118,-0.706393897533
0.723969042301,-0.0485671199858,0.888811051846,-0.0297450199723,0.0232050381601,0.706960558891,-0.706246197224
0.723826766014,-0.048391468823,0.888828158379,-0.0298292059451,0.0232129637152,0.706745326519,-0.706457734108
0.723689079285,-0.0482244119048,0.888866245747,-0.030000327155,0.0232733283192,0.706538319588,-0.706655502319
0.723567605019,-0.0480636209249,0.888894915581,-0.030107807368,0.0233877748251,0.706334888935,-0.706850528717
0.723455965519,-0.0478770583868,0.888909041882,-0.0302063915879,0.0234713088721,0.706184864044,-0.706993401051
0.722910761833,-0.0476101972163,0.888692438602,-0.0284088533372,0.0240055229515,0.704942762852,-0.708288252354
0.723058223724,-0.0476060137153,0.888960719109,-0.0300346240401,0.0234077386558,0.705249071121,-0.707936346531
0.72292214632,-0.0473837256432,0.888920485973,-0.0298704765737,0.0235035736114,0.70499008894,-0.708197951317
0.722843408585,-0.0471562109888,0.888918161392,-0.0300989542156,0.0235325917602,0.704837501049,-0.70833915472
0.722870230675,-0.0467615872622,0.888789772987,-0.0303662773222,0.0240597035736,0.705092668533,-0.708056032658
0.722785711288,-0.0465322434902,0.888752281666,-0.0305836908519,0.0240723825991,0.705009698868,-0.708128929138
0.72270834446,-0.0463223196566,0.888728380203,-0.0307940281928,0.024060305208,0.704931020737,-0.708198547363
0.722601950169,-0.0460808165371,0.888678193092,-0.0311096422374,0.0240067318082,0.704931557178,-0.708185970783
0.72253215313,-0.0458681508899,0.888655245304,-0.0313533954322,0.0240283925086,0.704873979092,-0.708231806755
0.722454309464,-0.0456298738718,0.888644576073,-0.0315146371722,0.0240008756518,0.704947590828,-0.708152353764
0.722280859947,-0.0454118773341,0.888528466225,-0.0317066758871,0.0246393196285,0.704561471939,-0.708505988121
0.722190618515,-0.0451559051871,0.88849490881,-0.0319329723716,0.0244608130306,0.704591870308,-0.708471775055
0.722097754478,-0.044949747622,0.888467669487,-0.0319630019367,0.0245520845056,0.704585373402,-0.708473861217
0.722002327442,-0.0448648333549,0.888628125191,-0.0320472978055,0.0233555641025,0.704718947411,-0.708377599716
0.72193133831,-0.044696174562,0.888630867004,-0.0320045985281,0.0233617648482,0.704865515232,-0.70823341608
0.721894025803,-0.0444989353418,0.88856959343,-0.0320556759834,0.0232687443495,0.704935610294,-0.708164513111
0.721853971481,-0.0442726612091,0.888566493988,-0.0321483872831,0.023116428405,0.705130517483,-0.707971096039
0.721909224987,-0.0441075339913,0.888509869576,-0.0322703793645,0.0232757460326,0.705400824547,-0.707690834999
0.721863746643,-0.043939139694,0.888452768326,-0.0320917628706,0.0232996046543,0.705478608608,-0.707620859146
0.721852719784,-0.0437623336911,0.888421654701,-0.0321796946228,0.0232011843473,0.705675244331,-0.707423985004
0.721825480461,-0.0436142534018,0.888398766518,-0.0322885364294,0.0230362135917,0.70578956604,-0.707310259342
0.722555220127,-0.043297983706,0.888042211533,-0.0322127193213,0.025497674942,0.706983327866,-0.706036031246
0.722580015659,-0.0431616008282,0.888047099113,-0.0323141366243,0.0253565609455,0.707247555256,-0.705771863461
0.722574532032,-0.0430199578404,0.888024687767,-0.0323593355715,0.02527445741,0.707411527634,-0.705608427525
0.722574591637,-0.0428942665458,0.888020694256,-0.0323036946356,0.0252187363803,0.707524657249,-0.705499589443
0.722593009472,-0.0427654311061,0.888008415699,-0.0323029235005,0.0251768268645,0.707665383816,-0.705359876156
0.722598791122,-0.0426256507635,0.888002991676,-0.0322781801224,0.025081500411,0.707787752151,-0.705241620541
0.722655951977,-0.0425070226192,0.888042211533,-0.0321896336973,0.0253514479846,0.707853198051,-0.705170333385
0.722781777382,-0.0422674231231,0.888063788414,-0.0322109162807,0.0253624618053,0.707831144333,-0.705191075802
0.722778320312,-0.0421120636165,0.888071477413,-0.0321554169059,0.0252841599286,0.707819163799,-0.705208361149
0.72276109457,-0.0419223383069,0.888047814369,-0.0322022475302,0.0250174570829,0.707760930061,-0.705274045467
0.722757518291,-0.0417875014246,0.888065218925,-0.0321560055017,0.0249169934541,0.707676172256,-0.705364882946
0.722701609135,-0.0417330637574,0.88806784153,-0.0321317352355,0.0248148348182,0.707696080208,-0.705349624157
0.722639083862,-0.0415863916278,0.888052046299,-0.0317056812346,0.0247819218785,0.707361519337,-0.705705583096
0.722653687,-0.0414427556098,0.888058900833,-0.0316893793643,0.024672633037,0.707168877125,-0.705903112888
0.722646474838,-0.0413274466991,0.88809967041,-0.0315510034561,0.0245769266039,0.706900596619,-0.70618134737
0.722671031952,-0.041204828769,0.888126552105,-0.0314569994807,0.0246716029942,0.706636846066,-0.706446230412
0.72265714407,-0.0410951897502,0.888136446476,-0.0312467906624,0.0247456487268,0.706320226192,-0.706769526005
0.722620069981,-0.0409609749913,0.888187885284,-0.0312387179583,0.0245402287692,0.70595061779,-0.70714622736
0.722269356251,-0.0409007109702,0.888459920883,-0.0309852994978,0.023015525192,0.705238342285,-0.70791888237
0.722045779228,-0.0409261398017,0.888726055622,-0.0303313154727,0.0219976436347,0.704102575779,-0.709109008312
0.723208069801,-0.0405802763999,0.888132274151,-0.0310017317533,0.0258299745619,0.705957472324,-0.707103908062
0.72319149971,-0.0404790341854,0.888174653053,-0.0309451129287,0.025760544464,0.705570757389,-0.707494735718
0.723181724548,-0.0403754413128,0.888256847858,-0.0307591594756,0.0259227305651,0.70508980751,-0.707976043224
0.72312605381,-0.0402113571763,0.888304173946,-0.0307541042566,0.0256252549589,0.704578816891,-0.708495855331
0.723083019257,-0.040101647377,0.888277292252,-0.0304072294384,0.0255746562034,0.703886151314,-0.70920085907
0.722202301025,-0.0400921702385,0.888444781303,-0.0301605984569,0.0246414877474,0.701601684093,-0.711504220963
0.722137868404,-0.0399776548147,0.888483285904,-0.0300753694028,0.0244195815176,0.701019883156,-0.712088763714
0.722088456154,-0.0398653335869,0.888526558876,-0.0299296230078,0.0243663899601,0.700390994549,-0.712715268135
0.721949875355,-0.0397426262498,0.888555884361,-0.0297046266496,0.0243816487491,0.699622392654,-0.713478684425
0.721888303757,-0.0396169424057,0.888620495796,-0.0297250039876,0.0243683215231,0.698936760426,-0.714149951935
0.721706151962,-0.0395072549582,0.888749480247,-0.0296534523368,0.0241422839463,0.698013782501,-0.715062618256
0.721653997898,-0.0394083335996,0.888872921467,-0.0296012703329,0.0244536865503,0.697266340256,-0.715783178806
0.721573114395,-0.0392523929477,0.888973176479,-0.0297325104475,0.024434665218,0.696492493153,-0.716531336308
0.72138017416,-0.039060216397,0.889085769653,-0.0298320930451,0.0240662954748,0.695610880852,-0.717395603657
0.721245348454,-0.0389250256121,0.889194071293,-0.0297768767923,0.0240747816861,0.694571495056,-0.718403935432
0.72104537487,-0.0388257540762,0.889232575893,-0.02947617881,0.0244083181024,0.693566501141,-0.719375431538
0.720893085003,-0.0386753939092,0.889395952225,-0.029461691156,0.0243573095649,0.6927754879,-0.720139622688
0.720778107643,-0.0385425016284,0.889566540718,-0.0294758826494,0.024580731988,0.691942036152,-0.720932245255
0.720714509487,-0.0383654199541,0.889739215374,-0.0298167653382,0.024738907814,0.690950393677,-0.721863210201
0.720405101776,-0.0383126288652,0.889815628529,-0.0296194870025,0.0247851498425,0.689918875694,-0.722855687141
0.720139026642,-0.0382131263614,0.890014052391,-0.0295747369528,0.0245125014335,0.688829183578,-0.723905205727
0.719998538494,-0.0380716398358,0.890144050121,-0.0296668745577,0.0245796982199,0.68794542551,-0.724739074707
0.719882130623,-0.0379104614258,0.890283644199,-0.0297345966101,0.0247901100665,0.687117755413,-0.725513994694
0.719627261162,-0.0377192609012,0.890403151512,-0.0298093520105,0.024537332356,0.685984909534,-0.726590752602
0.719432473183,-0.0374979749322,0.890446662903,-0.0299923736602,0.0242468249053,0.685087680817,-0.727439045906
0.719230651855,-0.0373096168041,0.890475273132,-0.0301135908812,0.0240228697658,0.684176981449,-0.728297948837
0.71867609024,-0.0370463170111,0.890275359154,-0.0285021159798,0.0243063103408,0.682228803635,-0.730178534985
0.7188346982,-0.0368943102658,0.890443444252,-0.0299845673144,0.0238821301609,0.68205422163,-0.730296254158
0.718692719936,-0.0367074608803,0.890474915504,-0.0302889123559,0.0236347652972,0.681118488312,-0.731164634228
0.718583345413,-0.0365124717355,0.890498697758,-0.0305918511003,0.0235820580274,0.680087566376,-0.732112646103
0.719198465347,-0.0361260436475,0.890499353409,-0.0312330517918,0.0232702996582,0.680443406105,-0.73176497221
0.718132734299,-0.0361444987357,0.890536427498,-0.0305162854493,0.022540949285,0.677427649498,-0.734610557556
0.717949092388,-0.0358536690474,0.89038425684,-0.0311542898417,0.0221778955311,0.676768064499,-0.735202431679
0.717748105526,-0.0357446745038,0.890251100063,-0.0309562943876,0.0222678929567,0.675675094128,-0.736212730408
0.717565238476,-0.0355891548097,0.890181839466,-0.0311290901154,0.0217870157212,0.674680411816,-0.737131416798
0.717260062695,-0.0353139303625,0.890064120293,-0.0311795771122,0.0211888793856,0.673671364784,-0.73806899786
0.717024564743,-0.0350717157125,0.889964640141,-0.0313470475376,0.0205187257379,0.672838151455,-0.738840520382
0.716812551022,-0.0348918996751,0.889892458916,-0.0314607918262,0.0200511775911,0.672086596489,-0.739532113075
0.716215252876,-0.0346829220653,0.889615416527,-0.0298030041158,0.0202764905989,0.670282721519,-0.741229891777
0.716044008732,-0.0345315113664,0.889529585838,-0.0298558566719,0.019894214347,0.669590115547,-0.741863787174
0.7161642313,-0.0343703962862,0.889576673508,-0.0312225595117,0.0189393926412,0.669732630253,-0.741703867912
0.715963184834,-0.0341841652989,0.889498233795,-0.0313530489802,0.0183514337987,0.669115781784,-0.74226975441
0.71574473381,-0.0340492799878,0.88948059082,-0.0315962955356,0.0176649149507,0.668328344822,-0.742985188961
0.71563321352,-0.0338193923235,0.889469087124,-0.0317925810814,0.0172369219363,0.667729437351,-0.743525028229
0.715286076069,-0.0338986217976,0.889395833015,-0.0312546491623,0.0169878713787,0.667112827301,-0.744106888771
0.715022802353,-0.0337454378605,0.88932877779,-0.0311829019338,0.0165259260684,0.666467547417,-0.744698286057
0.71476149559,-0.0336438640952,0.88930606842,-0.0311209689826,0.0159870758653,0.665840864182,-0.745273053646
0.714164793491,-0.0334952138364,0.889094948769,-0.0294103529304,0.0161092020571,0.664274930954,-0.746735811234
0.714442372322,-0.0333502814174,0.88929349184,-0.0310069266707,0.0154407126829,0.664679229259,-0.746325492859
0.714275956154,-0.0333179943264,0.889282643795,-0.0311214309186,0.0151643129066,0.664180994034,-0.746769845486
0.71399050951,-0.0333432480693,0.889190495014,-0.0306852124631,0.0150178009644,0.663724660873,-0.747196376324
0.713875174522,-0.0333079993725,0.889165103436,-0.030703984201,0.0147967832163,0.663360774517,-0.747523128986
0.713749051094,-0.0332628637552,0.889144420624,-0.0307331513613,0.014486673288,0.663087964058,-0.74777007103
0.713657677174,-0.0332580134273,0.889129281044,-0.0306897107512,0.0143826585263,0.662847042084,-0.747987449169
0.713528096676,-0.033257946372,0.889113545418,-0.0305978357792,0.0142344068736,0.66259509325,-0.748217225075
0.713477492332,-0.0332793593407,0.889090418816,-0.0305572226644,0.0141423689201,0.662486672401,-0.748316526413
0.713435649872,-0.0333058424294,0.889074087143,-0.0305101703852,0.0140361152589,0.662396669388,-0.74840015173
0.713416457176,-0.0333416387439,0.889051318169,-0.0304815173149,0.0139471488073,0.662402927876,-0.748397409916
0.713390827179,-0.033387593925,0.889020800591,-0.0304644741118,0.0137173924595,0.662455916405,-0.748355507851
0.713395357132,-0.0334615372121,0.889000892639,-0.0303761288524,0.0137012107298,0.662574112415,-0.748254835606
0.713411688805,-0.0335446484387,0.888987779617,-0.0302978996187,0.0136570353061,0.662720680237,-0.748128890991
0.713497519493,-0.0336334966123,0.888992190361,-0.0303215552121,0.0136054698378,0.663034617901,-0.747850656509
0.713547706604,-0.0337398573756,0.888988256454,-0.0302053112537,0.0136406300589,0.663288593292,-0.747629463673
0.713617444038,-0.0338725224137,0.888982057571,-0.0301747992635,0.0136013310403,0.663576960564,-0.747375547886
0.713750720024,-0.0339810624719,0.889003932476,-0.0302773881704,0.0135769294575,0.664014697075,-0.746982872486
0.713454842567,-0.0340879112482,0.888804078102,-0.02852569893,0.0141824763268,0.66335529089,-0.747626125813
0.713600158691,-0.0342619866133,0.888833880424,-0.0284411348403,0.0143457353115,0.663704693317,-0.74731618166
0.713760912418,-0.0344444811344,0.88886153698,-0.0284085515887,0.0145782493055,0.664141714573,-0.746924519539
0.713910698891,-0.0346102379262,0.888872861862,-0.0283498410136,0.0147801041603,0.664558231831,-0.746552228928
0.714445710182,-0.0348213240504,0.889094471931,-0.0300174709409,0.0144308591262,0.666008412838,-0.745200395584
0.714338064194,-0.0350302681327,0.888944268227,-0.0284211337566,0.0153418499976,0.665680170059,-0.745537877083
0.71493947506,-0.0352452881634,0.889149546623,-0.0300629548728,0.0149826966226,0.66728156805,-0.744047880173
0.715110778809,-0.0354087464511,0.88913744688,-0.0301371030509,0.0149686066434,0.667849242687,-0.743535578251
0.715294957161,-0.035598911345,0.889144718647,-0.030155453831,0.0151794878766,0.668407320976,-0.74302893877
0.715549051762,-0.0357590503991,0.889178514481,-0.0304307248443,0.0153633272275,0.669128537178,-0.74236446619
0.715413749218,-0.0359616987407,0.88905620575,-0.0288987122476,0.0160976871848,0.668843090534,-0.742667376995
