x,y,z,q0,q1,q2,q3
0.659928619862,-0.0208065584302,1.34885823727,0.0484489947557,0.0360935293138,0.702664196491,-0.708952069283
0.660040676594,-0.0200854875147,1.34909296036,0.0503709800541,0.037505287677,0.701481342316,-0.709915578365
0.659978568554,-0.0194365046918,1.34914934635,0.0508506260812,0.0380365140736,0.701411426067,-0.709922075272
0.660034000874,-0.0187372956425,1.34921503067,0.0513344220817,0.038360606879,0.701947450638,-0.709339797497
0.65988779068,-0.0182104483247,1.3493514061,0.0523160398006,0.0381588898599,0.701616823673,-0.709606170654
0.659777402878,-0.0174175910652,1.34918570518,0.0516083650291,0.0380006171763,0.702545523643,-0.708747029305
0.659899532795,-0.0167277958244,1.3494822979,0.0535988137126,0.0393754914403,0.701432406902,-0.709626197815
0.659716010094,-0.0160709731281,1.34920930862,0.0526557937264,0.0392815284431,0.702412366867,-0.708732247353
0.659504234791,-0.0154621005058,1.34919261932,0.0527936629951,0.0403306819499,0.702868938446,-0.708210110664
0.659473896027,-0.0147998034954,1.34953582287,0.0547830238938,0.0416128337383,0.70061480999,-0.710215449333
0.659448325634,-0.0142284873873,1.34962511063,0.0550637096167,0.0420047752559,0.700647354126,-0.71013879776
0.659581542015,-0.0133478138596,1.34941029549,0.0541773736477,0.0417517609894,0.702624499798,-0.708265721798
0.659538090229,-0.0127609139308,1.34949445724,0.0558180510998,0.0431438274682,0.701573729515,-0.709096074104
0.659177362919,-0.0124540403485,1.34934031963,0.0552224293351,0.0432635582983,0.701941609383,-0.708771407604
0.659036934376,-0.0120623689145,1.34958362579,0.055629208684,0.0432074926794,0.702204704285,-0.708482325077
0.65910077095,-0.0116357207298,1.3498237133,0.0572901070118,0.0446645766497,0.701151192188,-0.709302484989
0.658728897572,-0.0109317395836,1.34945440292,0.0557113811374,0.0449072942138,0.702728748322,-0.707850337029
0.658656537533,-0.0104096177965,1.3494862318,0.0559174232185,0.0452329926193,0.702910125256,-0.707633137703
0.658630728722,-0.00993701256812,1.34956228733,0.0563004650176,0.0455524027348,0.702358901501,-0.708129346371
0.658606350422,-0.00953372102231,1.34958851337,0.0561638921499,0.0455639585853,0.703440666199,-0.707064926624
0.658729732037,-0.00911470968276,1.34981048107,0.057882566005,0.0466432496905,0.701886236668,-0.708399355412
0.658639788628,-0.0087100835517,1.34986019135,0.057885594666,0.0469882115722,0.702135801315,-0.708129048347
0.658587217331,-0.00836027320474,1.34987986088,0.0579838715494,0.0471797585487,0.702246487141,-0.70799857378
0.658516347408,-0.00802234467119,1.34990239143,0.0579604282975,0.0472588911653,0.702334403992,-0.707908034325
0.658394932747,-0.00772973243147,1.34990179539,0.057599157095,0.047159537673,0.702653825283,-0.707627117634
0.658255338669,-0.00744273373857,1.34990036488,0.0576251037419,0.0471672080457,0.70254868269,-0.707728862762
0.65816795826,-0.00727373734117,1.34995436668,0.0578975006938,0.04730129987,0.701941430569,-0.708299815655
0.658066630363,-0.00704593909904,1.34994494915,0.0577293373644,0.0473913811147,0.701822936535,-0.708425104618
0.657875001431,-0.00668842997402,1.3498557806,0.0573676489294,0.0477104075253,0.701570153236,-0.708683311939
0.657809793949,-0.00647735409439,1.34983873367,0.057342518121,0.0475045368075,0.701595962048,-0.708673596382
0.657631516457,-0.00632115313783,1.34979772568,0.0569716840982,0.0477715134621,0.701194405556,-0.709082841873
0.657530486584,-0.00616203527898,1.34980511665,0.0566092506051,0.0477237068117,0.70097643137,-0.709330558777
0.657409667969,-0.00606800476089,1.34980082512,0.0562938116491,0.0476809218526,0.70075905323,-0.70957326889
0.657292842865,-0.00600402615964,1.34980785847,0.0558340959251,0.0475520454347,0.700542926788,-0.709831655025
0.657170772552,-0.00597830396146,1.34979939461,0.0553334243596,0.0473711416125,0.700453937054,-0.709970772266
0.65706795454,-0.00595691986382,1.34978985786,0.0549067668617,0.0472272001207,0.700432360172,-0.710034787655
0.656811773777,-0.00596372038126,1.34962022305,0.0530381202698,0.046233817935,0.701508104801,-0.709179580212
0.656833469868,-0.00596470152959,1.34977996349,0.0538632050157,0.0467537268996,0.700454592705,-0.710124075413
0.65672314167,-0.00602155551314,1.34978508949,0.0533586144447,0.0465019233525,0.700505971909,-0.710128068924
0.656709194183,-0.00585497636348,1.34978306293,0.0526074171066,0.0462745204568,0.700671434402,-0.710035681725
0.656493961811,-0.00628231000155,1.34982395172,0.0524835512042,0.0460447259247,0.700603365898,-0.710127174854
0.656360387802,-0.00651305355132,1.34979331493,0.0516008213162,0.0454298183322,0.700880527496,-0.709957838058
0.656267881393,-0.00663711410016,1.34978342056,0.051140204072,0.0451128780842,0.700871050358,-0.710020720959
0.656140446663,-0.00682933535427,1.34980654716,0.050737220794,0.044724971056,0.700910627842,-0.710034966469
0.656004965305,-0.00699989823624,1.34980010986,0.0502228103578,0.0444670170546,0.700921535492,-0.710077106953
0.655945301056,-0.00716920569539,1.34982013702,0.0500160269439,0.044284272939,0.700700283051,-0.710321247578
0.655831217766,-0.00727467052639,1.34976780415,0.0493138283491,0.0438933484256,0.701098620892,-0.710001587868
0.655585587025,-0.00751753989607,1.34957635403,0.0472126230597,0.0425801835954,0.702484667301,-0.708853542805
0.65546387434,-0.00777810346335,1.34954762459,0.0465272441506,0.0421894676983,0.702557563782,-0.708849906921
0.65528523922,-0.00809019152075,1.34950363636,0.0458022803068,0.0416893847287,0.702620685101,-0.708864152431
0.655268967152,-0.00853383634239,1.34956037998,0.046823836863,0.0418449118733,0.701648056507,-0.709751069546
0.655164480209,-0.00875797495246,1.34961020947,0.0456757918,0.0413963533938,0.701848864555,-0.709653735161
0.655088305473,-0.00889451801777,1.34956455231,0.0443943403661,0.0409146957099,0.70260900259,-0.70901042223
0.654944598675,-0.00940812099725,1.34959328175,0.0445826090872,0.0406621471047,0.701792299747,-0.709821403027
0.654844999313,-0.00974731892347,1.34956073761,0.0439347401261,0.0401067771018,0.70191681385,-0.70977050066
0.654744327068,-0.0101324599236,1.34957790375,0.0432256944478,0.039427511394,0.702059984207,-0.709710538387
0.654674053192,-0.0103508960456,1.34946060181,0.0420221351087,0.0391754619777,0.702606201172,-0.709255933762
0.654455125332,-0.0109931007028,1.34945738316,0.0416539348662,0.0386448055506,0.702467679977,-0.709443926811
0.654170453548,-0.0114236176014,1.34921872616,0.039498180151,0.0373503044248,0.703818798065,-0.708296537399
0.654002964497,-0.011887004599,1.349178195,0.0387823358178,0.0368970222771,0.703858017921,-0.708320856094
0.654156148434,-0.0122298039496,1.34936237335,0.0398822166026,0.0372791066766,0.702314555645,-0.709770262241
0.654085278511,-0.0126779153943,1.34935593605,0.0392123162746,0.036778204143,0.702541172504,-0.709609508514
0.654106020927,-0.0131409121677,1.34935092926,0.0382035858929,0.0359850637615,0.703317344189,-0.708936035633
0.653976142406,-0.0138295907527,1.34946370125,0.038293544203,0.035396579653,0.703058123589,-0.709217905998
0.653859257698,-0.0142746651545,1.34941458702,0.0378346703947,0.0352196916938,0.703277051449,-0.709034204483
0.653374731541,-0.014747383073,1.34909629822,0.0350821465254,0.0340779460967,0.705131947994,-0.707387387753
0.653459846973,-0.0152360349894,1.34931206703,0.036386128515,0.0346642248333,0.703555703163,-0.708860933781
0.653190016747,-0.0158720910549,1.34938395023,0.0356547050178,0.0340483561158,0.703296124935,-0.709185540676
0.653206527233,-0.0162333827466,1.34917116165,0.0338640846312,0.032444383949,0.705618441105,-0.707038283348
0.653173446655,-0.0167694482952,1.34931087494,0.0345877036452,0.0328322388232,0.704751908779,-0.70784920454
0.652853786945,-0.0172850359231,1.34928822517,0.0336854457855,0.0326660051942,0.704686462879,-0.707965552807
0.653042256832,-0.017664462328,1.34927535057,0.03336488083,0.0322200283408,0.705528259277,-0.707162320614
0.652689814568,-0.0185550283641,1.34923565388,0.033052586019,0.0320308320224,0.705177366734,-0.707535624504
0.652342379093,-0.0189982857555,1.34886193275,0.0306964069605,0.030920278281,0.706720650196,-0.706149876118
0.652247905731,-0.0196155700833,1.34889292717,0.0304374136031,0.0304386708885,0.707243800163,-0.705658197403
0.651982665062,-0.0201760903001,1.34884059429,0.0297910552472,0.0304647348821,0.707252383232,-0.705676019192
0.651927649975,-0.0207378529012,1.34885132313,0.0293783787638,0.0298708546907,0.707764029503,-0.705205559731
0.651724219322,-0.0213265288621,1.34882342815,0.0284572206438,0.0297417957336,0.708193004131,-0.704817891121
0.65158188343,-0.0219356417656,1.34886538982,0.0277479719371,0.0294180121273,0.708720684052,-0.704329311848
0.651877462864,-0.0224196352065,1.34908616543,0.0273918751627,0.0297667458653,0.708514153957,-0.70453619957
0.651507079601,-0.0230300500989,1.3489177227,0.0258202832192,0.0287212673575,0.710068941116,-0.703072309494
0.651334285736,-0.0236461162567,1.34884166718,0.0256099943072,0.0282844118774,0.710509240627,-0.70265263319
0.651207208633,-0.024043533951,1.34882283211,0.0252036377788,0.0277946963906,0.710888564587,-0.702303171158
0.650896966457,-0.0248453300446,1.34876847267,0.0255969725549,0.0288373809308,0.709556043148,-0.70359313488
0.650834798813,-0.0251721478999,1.34877252579,0.0241819527,0.0267793312669,0.711747348309,-0.70150822401
0.65069693327,-0.0259308554232,1.34896206856,0.0244103129953,0.0271606240422,0.710974574089,-0.702268838882
0.650033116341,-0.0267259180546,1.34865105152,0.0225577764213,0.0271665547043,0.711518704891,-0.701779425144
0.650006651878,-0.0274419877678,1.34886276722,0.0236219763756,0.0277090352029,0.710514307022,-0.702740132809
0.649852097034,-0.0276751592755,1.34855926037,0.0212159715593,0.0263574495912,0.712892234325,-0.700456857681
0.649647653103,-0.0282635688782,1.34859418869,0.0206817183644,0.0261258576065,0.713140666485,-0.700228750706
0.649467647076,-0.0294253639877,1.34879112244,0.0206409655511,0.024949459359,0.713518321514,-0.699887812138
0.649224102497,-0.0297544039786,1.34868240356,0.0209460780025,0.0262244381011,0.712784171104,-0.700580000877
0.648865699768,-0.0303366556764,1.34870016575,0.0193226654083,0.0243975725025,0.713948845863,-0.699505746365
0.648656725883,-0.0308802202344,1.34859216213,0.0184243321419,0.0247805025429,0.714300394058,-0.699157834053
0.648584187031,-0.031447134912,1.34872078896,0.0188241563737,0.0248976703733,0.71347618103,-0.699983894825
0.648521661758,-0.031930539757,1.34878718853,0.0171270556748,0.0231936704367,0.715607345104,-0.697907626629
0.648229658604,-0.0327150523663,1.34881973267,0.0162377767265,0.0232883840799,0.715978980064,-0.697544395924
0.64792484045,-0.0335018523037,1.3487957716,0.0161188617349,0.0230358950794,0.716065347195,-0.69746696949
0.648032546043,-0.0340568199754,1.34892845154,0.0168905332685,0.0232182107866,0.715576708317,-0.697943866253
0.647601485252,-0.0344136506319,1.34858202934,0.0150380535051,0.0233861394227,0.71679019928,-0.696734309196
0.647568821907,-0.034895054996,1.34869110584,0.015570724383,0.0237142667174,0.716197431087,-0.697320878506
0.647237598896,-0.0355011969805,1.34863257408,0.0141284596175,0.0231138058007,0.717610180378,-0.695917963982
0.64693146944,-0.0360938459635,1.34858739376,0.013421994634,0.0228246375918,0.718863010406,-0.694647312164
0.64691400528,-0.0366164669394,1.34873044491,0.014794183895,0.0237512495369,0.717489242554,-0.696007370949
0.646760225296,-0.0371326506138,1.34871613979,0.0143651850522,0.0231119375676,0.717999279499,-0.695511698723
0.646639227867,-0.0376556962729,1.34880661964,0.0137072736397,0.0227407831699,0.718611955643,-0.694904267788
0.64627045393,-0.0381937623024,1.34853172302,0.0122885974124,0.0221365299076,0.720177292824,-0.693328022957
0.646277666092,-0.0391346737742,1.34897279739,0.0135546233505,0.022310372442,0.719203770161,-0.694308578968
0.646035373211,-0.0394855216146,1.34867668152,0.0117357457057,0.0211896039546,0.721183001995,-0.692321062088
0.646046102047,-0.0397790260613,1.34869110584,0.0126447519287,0.022526152432,0.720653176308,-0.692814409733
0.645761847496,-0.0402121730149,1.34870171547,0.0121607100591,0.0224663745612,0.720764875412,-0.692708790302
0.645537853241,-0.0406514890492,1.34869265556,0.0118863303214,0.0222867242992,0.720982789993,-0.692492485046
0.6452023983,-0.0412043295801,1.34846961498,0.0103407166898,0.0212556291372,0.722490668297,-0.690976560116
0.645081043243,-0.0416933819652,1.34844350815,0.0100966300815,0.0210074428469,0.72315967083,-0.690287590027
0.644945442677,-0.0422372482717,1.34854793549,0.00956814270467,0.0206524971873,0.723582863808,-0.689862132072
0.64481574297,-0.0427417457104,1.34838008881,0.00918777938932,0.0204593800008,0.723503291607,-0.689956605434
0.644684195518,-0.0432323440909,1.34833943844,0.00897849351168,0.0204104129225,0.723996281624,-0.689443469048
0.644522488117,-0.043714299798,1.34832322598,0.00881134811789,0.0204575508833,0.724315941334,-0.689108252525
0.644352257252,-0.0442008748651,1.34837496281,0.00894728209823,0.0209487248212,0.725305616856,-0.688050150871
0.644275009632,-0.0446624085307,1.34826672077,0.00858527328819,0.0207584649324,0.725140094757,-0.688234865665
0.644157588482,-0.0451266802847,1.34828591347,0.00847776047885,0.0207048840821,0.725384056568,-0.687980592251
0.644117295742,-0.0459287762642,1.34837663174,0.00842831004411,0.020307296887,0.726122677326,-0.687213480473
0.643921673298,-0.0463543459773,1.34846293926,0.00861441437155,0.0206112470478,0.726975500584,-0.686300039291
0.643799841404,-0.0468097291887,1.3485314846,0.00840026512742,0.0204431470484,0.727262079716,-0.686003983021
0.643700540066,-0.0473252907395,1.34862577915,0.00843011960387,0.0201143678278,0.72765982151,-0.685591459274
0.643613100052,-0.0477926209569,1.3486225605,0.00839878618717,0.0199626684189,0.728027939796,-0.685205340385
0.643498837948,-0.0481871217489,1.34862160683,0.00835907366127,0.0198223479092,0.728360533714,-0.68485635519
0.643381118774,-0.0483261495829,1.34836411476,0.00808255188167,0.0207316931337,0.728585481644,-0.684593319893
0.643400073051,-0.0487460531294,1.34838175774,0.00782701279968,0.0204519126564,0.729117155075,-0.684038579464
0.643293321133,-0.0492025092244,1.34837090969,0.00766629399732,0.0203028358519,0.729459404945,-0.683679819107
0.643278419971,-0.0496087037027,1.34842836857,0.00768936192617,0.0198016501963,0.730047345161,-0.683066308498
0.643198430538,-0.0500307902694,1.3484159708,0.0077024595812,0.0196676198393,0.730427384377,-0.682663679123
0.643117785454,-0.0504571348429,1.34837520123,0.00775685999542,0.0195143409073,0.730819642544,-0.682247579098
0.642918586731,-0.0507751405239,1.34805560112,0.0092023583129,0.0191000271589,0.731062650681,-0.681980848312
0.643077254295,-0.0515792518854,1.34869110584,0.00872271694243,0.0192723590881,0.730448365211,-0.682640194893
0.64284569025,-0.05208773911,1.34855794907,0.00759394885972,0.018616406247,0.731949388981,-0.681062340736
0.642765402794,-0.0524704642594,1.34851813316,0.00749775674194,0.0183680187911,0.732220292091,-0.680778741837
0.642758309841,-0.0528715252876,1.34848928452,0.00731884362176,0.017859686166,0.73204356432,-0.680984377861
0.642732679844,-0.0532666109502,1.34847152233,0.00746749294922,0.017662268132,0.732443869114,-0.680557370186
0.64233392477,-0.0535415150225,1.34796380997,0.0102771259844,0.0171405654401,0.732862770557,-0.680082857609
0.642296254635,-0.0539336279035,1.34794938564,0.0104917092249,0.0169142428786,0.733053863049,-0.679879426956
0.642246067524,-0.0543015003204,1.34793329239,0.010700693354,0.0167911481112,0.733301818371,-0.679611682892
0.642619371414,-0.0548218376935,1.34848332405,0.00789185613394,0.017425974831,0.734267532825,-0.678590774536
0.642181038857,-0.0551145598292,1.3480796814,0.0107151139528,0.015667155385,0.734037578106,-0.678843557835
0.642164170742,-0.0554906576872,1.34804582596,0.0108344042674,0.0154693499207,0.734372138977,-0.678484320641
0.642343699932,-0.0555458106101,1.34796798229,0.0112616764382,0.0157746709883,0.734468221664,-0.678366363049
0.641931653023,-0.0559185184538,1.34804236889,0.0103848436847,0.0153744937852,0.734561860561,-0.678288161755
0.641891717911,-0.0563135445118,1.34795808792,0.0106742689386,0.0153065947816,0.734639525414,-0.678201079369
0.641906559467,-0.0567083992064,1.34791064262,0.0108945351094,0.0150896720588,0.734831392765,-0.67799448967
0.641905367374,-0.0570759214461,1.3478461504,0.0106646968052,0.0145897688344,0.734509289265,-0.678358018398
0.642088651657,-0.0576793476939,1.34800255299,0.0113372830674,0.0141590749845,0.735661745071,-0.677106261253
0.642166495323,-0.0579756647348,1.3478962183,0.0110530927777,0.0147978914902,0.736015677452,-0.676712453365
0.642179012299,-0.0583374164999,1.34782254696,0.0110977124423,0.0147376693785,0.736213684082,-0.676497757435
0.64195561409,-0.0583793818951,1.34772765636,0.0107359336689,0.0151450615376,0.735830843449,-0.676910877228
0.642187833786,-0.0589401572943,1.34779596329,0.0111509328708,0.0142519045621,0.736539363861,-0.676152527332
0.642208039761,-0.0592397712171,1.3477704525,0.0111567340791,0.0140577731654,0.736743986607,-0.675933718681
0.642220258713,-0.0595266893506,1.3478064537,0.0111913848668,0.0139386234805,0.736892521381,-0.675773561001
0.642243921757,-0.0598513409495,1.34777224064,0.0113047854975,0.0137602007017,0.737034142017,-0.675620913506
0.642249345779,-0.0601250231266,1.3477396965,0.0113378874958,0.013550424017,0.737123906612,-0.675526559353
0.642214179039,-0.0603895075619,1.34769535065,0.0115046827123,0.0133707951754,0.737182378769,-0.675463616848
0.642188668251,-0.0606184527278,1.34768486023,0.0115358224139,0.0131594985723,0.737234055996,-0.675410807133
0.64219468832,-0.0608516260982,1.34765982628,0.0116177229211,0.0129370009527,0.73730057478,-0.675341129303
0.642214477062,-0.0611212328076,1.34768283367,0.0115252966061,0.0128794834018,0.737556040287,-0.67506480217
0.642255783081,-0.0613236427307,1.34767711163,0.0115702040493,0.0127262007445,0.737641215324,-0.674973726273
0.642254531384,-0.0613535344601,1.34757661819,0.0113971410319,0.0130803165957,0.737604558468,-0.675009906292
0.642098605633,-0.0614640265703,1.34755980968,0.0112606575713,0.013080842793,0.737408876419,-0.675226151943
0.642088830471,-0.0616545826197,1.34752190113,0.0111941862851,0.0128630101681,0.737686395645,-0.674928247929
0.642287969589,-0.0619402118027,1.34755015373,0.011562445201,0.01219670102,0.738278448582,-0.674286663532
0.642303943634,-0.0621125400066,1.34754431248,0.01159513928,0.0120027987286,0.738401412964,-0.674154877663
0.642309546471,-0.0622516795993,1.34745454788,0.0114913126454,0.0123307788745,0.738437473774,-0.674111247063
0.642373204231,-0.0623252727091,1.34769070148,0.0100710783154,0.0127994632348,0.738466739655,-0.674093186855
0.642358124256,-0.0624902993441,1.34762239456,0.0102345682681,0.0128133576363,0.738644003868,-0.6738961339
0.64239025116,-0.0626225173473,1.34762716293,0.0102473115548,0.0126099297777,0.738768219948,-0.673763692379
0.64246070385,-0.0628810152411,1.34751057625,0.0117634879425,0.011316748336,0.739188492298,-0.673300921917
0.642554402351,-0.0630021691322,1.34754490852,0.0117293344811,0.0109650399536,0.739409148693,-0.673064887524
0.642614901066,-0.0632531493902,1.3475446701,0.0118766464293,0.010735229589,0.739607512951,-0.672848045826
0.642653644085,-0.063369140029,1.34752953053,0.0118526052684,0.0104629080743,0.739772439003,-0.672671437263
0.642700850964,-0.0634940564632,1.34751117229,0.0119315190241,0.0102763893083,0.739803552628,-0.672638654709
0.642709612846,-0.0634609907866,1.34750115871,0.0120054287836,0.0101122222841,0.739760696888,-0.672686874866
0.642761349678,-0.0635584816337,1.34748363495,0.012071092613,0.00989071186632,0.739864349365,-0.672575175762
0.642824411392,-0.0636679232121,1.34774327278,0.0119946552441,0.00847612414509,0.739966630936,-0.6724832654
0.642973065376,-0.063900500536,1.34766793251,0.0119099551812,0.00790950283408,0.739752590656,-0.672727108002
0.642991602421,-0.0639819279313,1.34769582748,0.0122196646407,0.00808779336512,0.740165770054,-0.672264754772
0.64279794693,-0.0638265609741,1.34758222103,0.011856614612,0.00862488150597,0.73955053091,-0.6729413867
0.643121898174,-0.064106605947,1.34766232967,0.0122708044946,0.00772194564342,0.74017727375,-0.672255575657
0.642948627472,-0.0639121830463,1.34751701355,0.0115431258455,0.00788954738528,0.739072680473,-0.673480510712
0.643239796162,-0.0641833990812,1.34759151936,0.0123651595786,0.00746621889994,0.740068256855,-0.67237663269
0.643406629562,-0.0642192363739,1.34755444527,0.0120895830914,0.00673502963036,0.739602267742,-0.672901928425
0.643516004086,-0.0642295256257,1.34725809097,0.0120746744797,0.00799955707043,0.739276230335,-0.673246622086
0.643653512001,-0.0642555207014,1.34742546082,0.0120464786887,0.00726246414706,0.739333868027,-0.67319214344
0.643695771694,-0.0642552375793,1.34748446941,0.0124403499067,0.00751114357263,0.739588141441,-0.672902941704
0.643968105316,-0.064251691103,1.34763300419,0.0114948004484,0.00788917019963,0.739728212357,-0.672761321068
0.64404976368,-0.0642216950655,1.34762442112,0.011576037854,0.00774371623993,0.739594817162,-0.672908186913
0.643925845623,-0.0639396384358,1.34755408764,0.011253779754,0.008155583404,0.738876342773,-0.673697650433
0.644030451775,-0.0639238357544,1.34754681587,0.0113397836685,0.00799046549946,0.738586783409,-0.674015641212
0.64412945509,-0.063916221261,1.34746170044,0.0115147409961,0.00807597581297,0.738342881203,-0.674278914928
0.644186854362,-0.0638659745455,1.34743916988,0.0115992445499,0.00798799563199,0.737983763218,-0.674671590328
0.644319951534,-0.0638222247362,1.34738993645,0.0113880382851,0.00746457045898,0.737093567848,-0.675653517246
0.644418299198,-0.0637841373682,1.34728741646,0.0116997594014,0.00742964027449,0.73682641983,-0.675940036774
0.644463002682,-0.063733279705,1.3472982645,0.0120171178132,0.00775683345273,0.736973881721,-0.675769984722
0.644554972649,-0.0636716037989,1.34726405144,0.0121306600049,0.00768692372367,0.736728072166,-0.676036715508
0.644622802734,-0.0636652931571,1.34742069244,0.0119685772806,0.00614091800526,0.735797822475,-0.677067697048
0.644693493843,-0.0635829865932,1.34742188454,0.0123396720737,0.00652640545741,0.735952615738,-0.676889240742
0.644772469997,-0.0635634288192,1.34751319885,0.0122792255133,0.00634909467772,0.735683977604,-0.677183866501
0.644878149033,-0.0634100735188,1.3474187851,0.0125339217484,0.00657784426585,0.735325872898,-0.677565991879
0.644985973835,-0.0633354634047,1.34739375114,0.012619484216,0.00667482987046,0.735206365585,-0.677693009377
0.64507496357,-0.0632214844227,1.34736740589,0.0127450954169,0.00671996828169,0.735061168671,-0.677847623825
0.645200967789,-0.06310762465,1.34731864929,0.0128786135465,0.00665559293702,0.734867811203,-0.678055346012
0.645375490189,-0.0632664859295,1.34714388847,0.0147501565516,0.00556369032711,0.734985888004,-0.677899062634
0.64551281929,-0.0631454959512,1.34712576866,0.0149563923478,0.00559889990836,0.734843313694,-0.678048968315
0.645754873753,-0.0629969537258,1.34731161594,0.013957911171,0.00601890310645,0.734837830067,-0.67807251215
0.645898640156,-0.0628802701831,1.34729218483,0.0141106639057,0.00609371252358,0.734597027302,-0.678329586983
0.645985245705,-0.0627785399556,1.34729862213,0.0142059363425,0.00607643695548,0.734472453594,-0.67846262455
0.645869672298,-0.0624096058309,1.34719061852,0.0139173008502,0.00673054391518,0.73380368948,-0.679185807705
0.645981252193,-0.0622667893767,1.34718346596,0.0140537712723,0.00671867467463,0.733763277531,-0.679226696491
0.646311640739,-0.0623753964901,1.34723699093,0.0145255662501,0.0061200982891,0.734247803688,-0.678698480129
0.646424949169,-0.0622536838055,1.34722435474,0.0147777870297,0.00618424871936,0.734111309052,-0.67884016037
0.646474778652,-0.0619606263936,1.34716892242,0.0148424962536,0.00643617706373,0.733823478222,-0.679147660732
0.646630108356,-0.0619180127978,1.34719061852,0.0151781328022,0.00622087996453,0.733865022659,-0.679097175598
0.646659374237,-0.0616408698261,1.34710204601,0.0153711745515,0.00647232448682,0.733587145805,-0.679390668869
0.646780610085,-0.0614850260317,1.34708797932,0.0156116159633,0.00652539590374,0.73340177536,-0.679584801197
0.646635055542,-0.0613951161504,1.34707939625,0.0156654063612,0.00685772998258,0.732903420925,-0.680117726326
0.646741569042,-0.0614766776562,1.3471057415,0.0160451736301,0.00680911820382,0.732949912548,-0.680059432983
0.646793603897,-0.0611529573798,1.34703481197,0.0161630138755,0.00715999072418,0.732689678669,-0.680333197117
0.646942019463,-0.0608913302422,1.34704303741,0.0162965971977,0.00716756889597,0.732802212238,-0.680208742619
0.647025585175,-0.0607026293874,1.34703803062,0.0164467953146,0.0073065944016,0.732791304588,-0.680215597153
0.6470246315,-0.0606581307948,1.34689199924,0.017836779356,0.0067962682806,0.732713341713,-0.680269658566
0.64712023735,-0.0604499578476,1.34689092636,0.0180641263723,0.00683923764154,0.732780337334,-0.680191099644
0.646990776062,-0.0600082948804,1.34679615498,0.0179495159537,0.00755082350224,0.732326805592,-0.680674850941
0.647042453289,-0.0597683116794,1.34676730633,0.0184300690889,0.00761517230421,0.732348620892,-0.680637776852
0.647336065769,-0.0595359615982,1.34696233273,0.017611566931,0.00817891024053,0.732594549656,-0.680388331413
0.647435486317,-0.0593511201441,1.34695994854,0.0179364718497,0.00828168168664,0.732684016228,-0.680282235146
0.647651135921,-0.0590737201273,1.34696185589,0.0182084012777,0.00827748514712,0.733021557331,-0.679911255836
0.64782166481,-0.0592462010682,1.34703278542,0.0188172645867,0.00794062763453,0.733409821987,-0.679479777813
0.648073196411,-0.0590621307492,1.3470441103,0.0192988738418,0.00795512925833,0.733741819859,-0.679107606411
0.648164093494,-0.0589237362146,1.34713244438,0.0205235742033,0.00877287890762,0.732546389103,-0.680351138115
0.648424983025,-0.058669410646,1.34714412689,0.0209502521902,0.00869309343398,0.733058810234,-0.679786980152
0.648270905018,-0.0585321970284,1.34694182873,0.0222738794982,0.00846815854311,0.732860803604,-0.679961144924
0.648384511471,-0.0584819540381,1.34712350368,0.0214436873794,0.00914192944765,0.732815265656,-0.680028140545
0.648548424244,-0.0582447722554,1.34710597992,0.0219953600317,0.00900647509843,0.732972502708,-0.679842948914
0.648498117924,-0.0579955428839,1.34697151184,0.0220492873341,0.00985139328986,0.732609391212,-0.680220901966
0.648632705212,-0.0579034537077,1.34678316116,0.0224434509873,0.0107345283031,0.73248976469,-0.680323302746
0.648677527905,-0.0576238110662,1.34680080414,0.0226374156773,0.0108458027244,0.732331693172,-0.680485367775
0.648525357246,-0.0575475692749,1.3468208313,0.0227513741702,0.0113211683929,0.731862485409,-0.680978238583
0.648706912994,-0.0575316846371,1.34683406353,0.0231163930148,0.0113742249086,0.731923162937,-0.68089979887
0.648681342602,-0.0574420914054,1.34688639641,0.0232375692576,0.0115868085995,0.731628298759,-0.681209087372
0.648445308208,-0.0574451722205,1.34684479237,0.0222861096263,0.0112935192883,0.732143878937,-0.680691719055
0.648506045341,-0.0573671758175,1.34691536427,0.0223808158189,0.0112797003239,0.732091903687,-0.680744826794
0.648270606995,-0.0572241097689,1.34687411785,0.0221671368927,0.012020512484,0.731388926506,-0.681494295597
0.648350715637,-0.0572879761457,1.34707546234,0.0232094116509,0.0127242486924,0.730150401592,-0.682773649693
0.648521780968,-0.0575725995004,1.34725630283,0.0235682912171,0.0120185185224,0.730496108532,-0.682404220104
0.648155868053,-0.0573918670416,1.34723389149,0.0230933912098,0.01267211698,0.729587376118,-0.683380067348
0.648084640503,-0.0574573874474,1.34763240814,0.0229298416525,0.0113142002374,0.729522645473,-0.683478534222
0.648027479649,-0.0575988963246,1.34764754772,0.0216322559863,0.0104716103524,0.730664849281,-0.682313203812
0.64798605442,-0.0576588734984,1.34771549702,0.0213566347957,0.010368058458,0.73052585125,-0.682472467422
0.648146033287,-0.057929739356,1.34769713879,0.0216823872179,0.0100458404049,0.73084539175,-0.68212467432
0.648010313511,-0.0580808706582,1.34770035744,0.021482385695,0.0100745381787,0.730528056622,-0.682470262051
0.648062467575,-0.0579149723053,1.34750533104,0.0209970697761,0.0109083168209,0.730391860008,-0.682618498802
0.648078262806,-0.0580128878355,1.34752261639,0.0206773262471,0.0108048813418,0.730408847332,-0.682611584663
0.647760927677,-0.058059245348,1.34740900993,0.0200090091676,0.0116413729265,0.729480087757,-0.683610320091
0.647734045982,-0.0581563897431,1.34739482403,0.0197295565158,0.0116570731625,0.729035973549,-0.684091687202
0.648201525211,-0.0583184696734,1.34755527973,0.0209068991244,0.0114038921893,0.728274226189,-0.684872031212
0.648091256618,-0.0584563389421,1.34740102291,0.0195411052555,0.0107715697959,0.729017794132,-0.684131026268
0.648054182529,-0.0586007237434,1.34737169743,0.0190129224211,0.0107313012704,0.728849053383,-0.68432623148
0.648068547249,-0.0587717890739,1.34735238552,0.0187193322927,0.0104405097663,0.728460490704,-0.684752464294
0.648072779179,-0.0589072592556,1.34733879566,0.0183882564306,0.0101980315521,0.72824716568,-0.684992015362
0.647898435593,-0.0589432492852,1.3472622633,0.0178472083062,0.0106399413198,0.727521836758,-0.685769796371
0.648123085499,-0.0591992512345,1.34724676609,0.017974851653,0.0101936087012,0.727607607841,-0.685682415962
0.648213922977,-0.0593545511365,1.34723329544,0.0178205724806,0.00996154546738,0.72743999958,-0.685867607594
0.648138105869,-0.0595257095993,1.34716916084,0.0174709428102,0.0100689083338,0.726850748062,-0.686499416828
0.648391544819,-0.0596562251449,1.34725379944,0.0183733738959,0.0102972099558,0.7255012393,-0.687898635864
0.648565173149,-0.0597832202911,1.34726405144,0.0183017831296,0.0100492089987,0.725225329399,-0.688195049763
0.648968160152,-0.060255125165,1.34730899334,0.0185984950513,0.00909449439496,0.72563201189,-0.687771499157
0.648970544338,-0.0604717805982,1.34718430042,0.0175303369761,0.00837855134159,0.726635754108,-0.686748206615
0.648921847343,-0.0606430396438,1.34718859196,0.0173326153308,0.00825671199709,0.726150155067,-0.687268137932
0.649103701115,-0.0608572289348,1.34717404842,0.0173811037093,0.00801008474082,0.726136028767,-0.687284648418
0.649266242981,-0.0610858276486,1.34717941284,0.0174326468259,0.00765961874276,0.72597193718,-0.687460720539
0.649489164352,-0.0613135881722,1.34718394279,0.0175233818591,0.00740617699921,0.725802183151,-0.687640368938
0.649820208549,-0.0615771412849,1.34728837013,0.0187619347125,0.00760340690613,0.724558234215,-0.68891620636
0.65006506443,-0.0616762824357,1.34725034237,0.018812680617,0.00704418402165,0.724322021008,-0.689169228077
0.650324046612,-0.0620720386505,1.34723126888,0.0190659295768,0.00661658868194,0.724298357964,-0.689191281796
0.650600612164,-0.0622978284955,1.34719026089,0.019150082022,0.0061340816319,0.724187910557,-0.689309537411
0.650620877743,-0.0623212233186,1.34708917141,0.0189347695559,0.00636343890801,0.723376989365,-0.690164208412
0.651009738445,-0.0628245472908,1.34700798988,0.018424956128,0.00468792254105,0.724854946136,-0.688639104366
0.651439368725,-0.0631457269192,1.3471095562,0.0197960417718,0.00472019426525,0.723328828812,-0.690203726292
0.651576161385,-0.0634631887078,1.34693729877,0.0187946315855,0.00349052390084,0.7240639925,-0.689467906952
0.65188896656,-0.0637613236904,1.34690439701,0.0186556112021,0.00289115100168,0.723710477352,-0.689845442772
0.652132570744,-0.0640776455402,1.34681630135,0.0189056582749,0.00239841104485,0.723082602024,-0.690498590469
0.652826607227,-0.0645812600851,1.34725189209,0.0201121978462,0.00103459297679,0.722179114819,-0.691412866116
0.652873337269,-0.0648093372583,1.34704852104,0.0188925992697,-4.46404555987e-05,0.722466528416,-0.691147744656
0.653361678123,-0.0650505721569,1.34711265564,0.0200450196862,-0.000136609756737,0.720758795738,-0.692896127701
0.653647422791,-0.0654210150242,1.34692931175,0.0192617066205,-0.00140262453351,0.72121322155,-0.692443907261
0.653983414173,-0.065708167851,1.34686541557,0.0191249586642,-0.00228716735728,0.720779955387,-0.692896366119
0.654417872429,-0.0660099238157,1.34680330753,0.0192682612687,-0.00321661471389,0.720243990421,-0.693445682526
0.65455108881,-0.0659631639719,1.34651911259,0.0191788189113,-0.00278326123953,0.718826234341,-0.694919705391
0.654963970184,-0.0663498565555,1.34643030167,0.0192559566349,-0.00369385886006,0.718335807323,-0.695420145988
0.655630230904,-0.0669324174523,1.34652268887,0.0195506252348,-0.0054052323103,0.718070566654,-0.695674657822
0.656177401543,-0.0671995282173,1.34628403187,0.019652010873,-0.00513378018513,0.717674970627,-0.696081995964
0.656666874886,-0.067512139678,1.34617137909,0.0196365285665,-0.00612503383309,0.71690171957,-0.696870744228
0.657049119473,-0.0678333416581,1.34613752365,0.019569190219,-0.00690134335309,0.716183245182,-0.69760376215
0.657489418983,-0.0681666880846,1.34604668617,0.0199476461858,-0.00778226787224,0.715473949909,-0.698311209679
0.657870948315,-0.0685165971518,1.34597110748,0.0199654325843,-0.00871404074132,0.714473605156,-0.699323177338
0.658349692822,-0.0688068941236,1.34588074684,0.0199471339583,-0.0092684244737,0.713828444481,-0.699975192547
0.659010112286,-0.0688564479351,1.34572613239,0.0208581797779,-0.00849802792072,0.711979925632,-0.701838612556
0.659526824951,-0.0694220364094,1.34583508968,0.0209674201906,-0.0102868713439,0.711312234402,-0.702487945557
0.659919381142,-0.0697333663702,1.34577679634,0.021255556494,-0.0111709916964,0.710416674614,-0.703371584415
0.660434663296,-0.0700280964375,1.34567403793,0.0211939997971,-0.0120992213488,0.709581613541,-0.70420050621
0.660869777203,-0.070355117321,1.34564340115,0.0212517082691,-0.012931862846,0.708607912064,-0.705163836479
0.661512196064,-0.0707509219646,1.34585857391,0.0198104307055,-0.0135596562177,0.708077669144,-0.705726444721
0.662001430988,-0.0710785090923,1.34577548504,0.019906885922,-0.0144283138216,0.706988751888,-0.706797420979
0.662371814251,-0.0712056159973,1.34537160397,0.0212793946266,-0.0155382705852,0.705975055695,-0.707746267319
0.662683069706,-0.0711788907647,1.34513258934,0.0208304543048,-0.0157029926777,0.70448166132,-0.709242582321
0.663359820843,-0.0714753493667,1.34505593777,0.0212319158018,-0.0170229878277,0.704096436501,-0.709582686424
0.66375631094,-0.0718931257725,1.34530472755,0.0192683637142,-0.0175321660936,0.7025578022,-0.711149692535
0.664299249649,-0.0721952617168,1.34523570538,0.019203716889,-0.0186359100044,0.701503515244,-0.712163507938
0.664837777615,-0.0724815130234,1.34517192841,0.0191464796662,-0.019897904247,0.700492680073,-0.713125288486
0.665114998817,-0.072737172246,1.34485185146,0.0179596375674,-0.0213980302215,0.700382709503,-0.713220536709
0.665766060352,-0.07287555933,1.34461784363,0.0181568898261,-0.0224245842546,0.699473321438,-0.714075982571
0.666257739067,-0.0730523765087,1.34452104568,0.0178781244904,-0.0235533900559,0.698311626911,-0.715182840824
0.666440725327,-0.0734458938241,1.34460985661,0.0173509605229,-0.0250494368374,0.696394264698,-0.717012226582
0.666995048523,-0.0737104564905,1.34448719025,0.0171123426408,-0.0261202361435,0.695332586765,-0.718009412289
0.667452871799,-0.073955014348,1.34443664551,0.0166751239449,-0.027725238353,0.694052040577,-0.719197511673
0.667968213558,-0.0741400942206,1.34433043003,0.0162135511637,-0.0286379698664,0.69268232584,-0.72049164772
0.66836565733,-0.0743201524019,1.34424591064,0.0157528854907,-0.0297730825841,0.691186308861,-0.721891105175
0.668857634068,-0.0745806843042,1.34408843517,0.0152081968263,-0.0309140402824,0.690083563328,-0.722909092903
0.669304072857,-0.0748755335808,1.34399282932,0.0149066466838,-0.0318022929132,0.688829064369,-0.724072337151
0.669377684593,-0.075139015913,1.34392619133,0.0153958573937,-0.0336798243225,0.686487793922,-0.726197838783
0.669782221317,-0.07532209903,1.34381258488,0.0149082634598,-0.0347928963602,0.685219824314,-0.727351903915
0.670367240906,-0.0757350623608,1.3439655304,0.0140353897586,-0.0362873598933,0.684074342251,-0.72837382555
0.670770287514,-0.0759540945292,1.34388947487,0.0135278599337,-0.0370957031846,0.682648599148,-0.729679346085
0.67125749588,-0.0760841816664,1.34392809868,0.0140657275915,-0.0371706187725,0.680139780045,-0.732004463673
0.671539962292,-0.0764539837837,1.34371292591,0.0126863541082,-0.0388511195779,0.679687976837,-0.732361853123
0.672128021717,-0.07702511549,1.34370338917,0.0128585286438,-0.040274117142,0.678584992886,-0.733304142952
0.672201275826,-0.0766699910164,1.343323946,0.0124761704355,-0.039856094867,0.676324725151,-0.735418736935
0.672751188278,-0.0771838575602,1.34329652786,0.0124884368852,-0.0412411727011,0.675279080868,-0.736302554607
0.673044681549,-0.0771819800138,1.34327089787,0.0127673242241,-0.0406981371343,0.672173321247,-0.739164352417
0.673410236835,-0.077446475625,1.34317791462,0.0126963444054,-0.041402682662,0.670551776886,-0.740597784519
0.67410248518,-0.0778213441372,1.34307646751,0.0111111560836,-0.043175548315,0.670879483223,-0.740225076675
0.673972606659,-0.0779311060905,1.3429197073,0.0112967947498,-0.0436463877559,0.668303251266,-0.742521524429
0.674542307854,-0.0783614143729,1.34295320511,0.0113244736567,-0.0452939234674,0.667007267475,-0.743586957455
0.674807429314,-0.0786516144872,1.34288561344,0.0110581982881,-0.0460189171135,0.666088104248,-0.744369924068
0.675310254097,-0.078901797533,1.34297573566,0.0122959716246,-0.0460854098201,0.662360608578,-0.747665286064
0.675558626652,-0.0791332870722,1.34280729294,0.0111378096044,-0.0476661212742,0.66206663847,-0.74784463644
0.676271557808,-0.0792952999473,1.34276974201,0.0103144384921,-0.047972381115,0.661050975323,-0.74873483181
0.676558256149,-0.0795785486698,1.34267377853,0.0103318290785,-0.0482431575656,0.659080803394,-0.750452101231
0.676516473293,-0.079866245389,1.34260809422,0.0108168004081,-0.0496171936393,0.657459974289,-0.751776278019
0.67694914341,-0.0799925923347,1.34259164333,0.011068880558,-0.0500581413507,0.655115187168,-0.753787636757
0.677201628685,-0.0803049951792,1.34253907204,0.0110165989026,-0.0505817979574,0.653386890888,-0.755252063274
0.677350759506,-0.0802148133516,1.34241843224,0.010630119592,-0.0504639111459,0.651498556137,-0.756895065308
0.677999198437,-0.0806799605489,1.34258460999,0.0121590448543,-0.0504264160991,0.648863196373,-0.759135007858
0.678114175797,-0.0809621065855,1.34233546257,0.0109571171924,-0.0517533197999,0.649047553539,-0.758906304836
0.678257703781,-0.0808601379395,1.3422318697,0.0108970114961,-0.051421508193,0.646430015564,-0.761160612106
0.678696513176,-0.0812368839979,1.34225547314,0.0112043721601,-0.0524188950658,0.645306110382,-0.762041211128
0.678940832615,-0.0814796537161,1.34223330021,0.0110422484577,-0.0526929944754,0.643739998341,-0.76334810257
0.67925542593,-0.081418544054,1.34226131439,0.0118195489049,-0.05190352723,0.641240179539,-0.76549166441
0.679506421089,-0.0815839245915,1.34225106239,0.0119285918772,-0.051716055721,0.639731287956,-0.766763985157
0.679685115814,-0.0820935219526,1.34223365784,0.0121048185974,-0.0521602258086,0.63808131218,-0.768104791641
0.679829955101,-0.0822750404477,1.34225749969,0.0119113987312,-0.0525214858353,0.636557221413,-0.769346833229
0.680199503899,-0.0826199501753,1.34247779846,0.0117543200031,-0.053520090878,0.635487496853,-0.770164430141
0.680382966995,-0.082810677588,1.3424731493,0.0116348182783,-0.0538574196398,0.634137570858,-0.77125453949
0.680547535419,-0.0829294025898,1.34242975712,0.0115950554609,-0.0540105178952,0.632949471474,-0.772219836712
0.68070435524,-0.0831108242273,1.34241223335,0.0113674513996,-0.0541848540306,0.631590664387,-0.773322701454
0.680864572525,-0.0833699256182,1.34243083,0.0115431286395,-0.0540129207075,0.630591154099,-0.774147391319
0.681006550789,-0.0834714248776,1.34240722656,0.0115078184754,-0.0543059818447,0.629383027554,-0.775109946728
0.681099951267,-0.0837071686983,1.3423807621,0.0111991669983,-0.0545625463128,0.628559648991,-0.775764405727
0.681313514709,-0.0835447460413,1.34235179424,0.0111242951825,-0.0548760220408,0.626938700676,-0.777053833008
0.681265890598,-0.0836967229843,1.34210252762,0.00987071730196,-0.0562786087394,0.626930177212,-0.776977300644
0.681301891804,-0.0835676342249,1.34217846394,0.0106024555862,-0.0544637106359,0.624243438244,-0.779257059097
0.681478798389,-0.0837296471,1.34217989445,0.0106329470873,-0.0547171570361,0.623298287392,-0.7799949646
0.68154835701,-0.0838731378317,1.34217369556,0.0105779673904,-0.0547355413437,0.622090339661,-0.780958235264
0.681624829769,-0.0842783227563,1.34225797653,0.0103462226689,-0.0549222938716,0.620966672897,-0.781841993332
0.681690692902,-0.0843971520662,1.34225487709,0.0102129876614,-0.0549757927656,0.61994177103,-0.782652854919
0.681717157364,-0.0845077857375,1.3421998024,0.0100821685046,-0.0549486726522,0.618959307671,-0.783433735371
0.681611418724,-0.0843016505241,1.34212434292,0.00974527653307,-0.0543881654739,0.617865741253,-0.784339845181
0.681502640247,-0.0843087881804,1.3417993784,0.00953272264451,-0.0532635264099,0.616764485836,-0.785285830498
0.681508362293,-0.0845465362072,1.34178233147,0.00934489350766,-0.0531461276114,0.615831375122,-0.78602796793
0.681710362434,-0.084802672267,1.34194326401,0.00955991167575,-0.0539252348244,0.615356981754,-0.786343693733
0.681701958179,-0.0849071890116,1.34194052219,0.00960984639823,-0.0540107935667,0.614649474621,-0.786890387535
0.681700229645,-0.0850294306874,1.34197700024,0.00945903919637,-0.0539241023362,0.613822937012,-0.787543177605
0.681510329247,-0.0849532186985,1.34190022945,0.00890988204628,-0.0533213354647,0.612749099731,-0.788426220417
0.681684553623,-0.0853429585695,1.34203290939,0.00899589899927,-0.0540363565087,0.612410187721,-0.788639903069
0.681631207466,-0.0855487138033,1.34204006195,0.0087727047503,-0.0538441315293,0.611693203449,-0.789211809635
0.68162894249,-0.085697107017,1.34207081795,0.0086272796616,-0.0537567734718,0.611160755157,-0.789631724358
0.681635737419,-0.0857530087233,1.34215521812,0.00830149464309,-0.0538066960871,0.610771715641,-0.789932847023
0.681613624096,-0.0858768075705,1.34223365784,0.00799878872931,-0.0538823381066,0.610235393047,-0.79034525156
0.681591451168,-0.0860183089972,1.34228336811,0.00777879124507,-0.0537620969117,0.609815180302,-0.790679872036
0.681528687477,-0.0862042307854,1.34233164787,0.00764471851289,-0.0537017248571,0.609145700932,-0.791201114655
0.68145185709,-0.0864574089646,1.34236085415,0.00745440460742,-0.0536274500191,0.608635902405,-0.791600227356
0.681287527084,-0.0862526074052,1.34230136871,0.00687133288011,-0.053021710366,0.6081995368,-0.791981577873
0.68139231205,-0.086622081697,1.34244394302,0.00693567004055,-0.0536614358425,0.608129382133,-0.791991889477
0.68122535944,-0.0867700725794,1.34246873856,0.00675311777741,-0.0535533167422,0.607571542263,-0.792428731918
0.680947244167,-0.0870295763016,1.3422665596,0.00513699557632,-0.0546105802059,0.608356595039,-0.791766047478
0.681125223637,-0.0871095135808,1.34235131741,0.00398964714259,-0.0540269725025,0.608585417271,-0.791637003422
0.680961251259,-0.0873052850366,1.34235239029,0.00354829197749,-0.0535914041102,0.608068525791,-0.792065620422
0.680582225323,-0.087459936738,1.34231746197,0.00402284320444,-0.053783301264,0.607180833817,-0.792731046677
0.680481255054,-0.087514385581,1.34235906601,0.00374681060202,-0.0536327771842,0.606898009777,-0.792959213257
0.680302262306,-0.0876192003489,1.3424230814,0.00334789720364,-0.0534612461925,0.606452465057,-0.793313443661
0.680192351341,-0.0877261683345,1.34251797199,0.00279292627238,-0.0532704778016,0.606171071529,-0.793543457985
0.680389761925,-0.0878128111362,1.34260094166,0.00152967881877,-0.0524792484939,0.606510818005,-0.793339908123
0.68025636673,-0.0880011171103,1.34263825417,0.00124265777413,-0.0520837455988,0.60614579916,-0.793645381927
0.68013894558,-0.0881133154035,1.34269809723,0.000892373907845,-0.0518753714859,0.605875194073,-0.793866097927
0.679955542088,-0.0883424133062,1.34274065495,0.000475256238133,-0.0515274368227,0.605524778366,-0.794156372547
0.679906487465,-0.0882781744003,1.34283947945,0.000250045588473,-0.0516363792121,0.605543136597,-0.794135451317
0.679420828819,-0.0884717702866,1.34282791615,0.000850373937283,-0.0519685670733,0.604556143284,-0.794865012169
0.679305136204,-0.0885691046715,1.34288370609,0.000522987684235,-0.0518405325711,0.604369461536,-0.795015573502
0.679222881794,-0.0886296480894,1.34296298027,0.000138637653436,-0.0517093911767,0.604291260242,-0.795083761215
0.678759217262,-0.0888396054506,1.34283709526,-0.00048107287148,-0.05066710338,0.603262245655,-0.795931756496
0.67859607935,-0.0890904515982,1.3428555727,-0.000914795033168,-0.0503434687853,0.602894902229,-0.796230196953
0.678985774517,-0.0893999189138,1.34309720993,0.000532048696186,-0.0491551160812,0.602266311646,-0.796780347824
0.678615093231,-0.0892714262009,1.34320580959,-0.000298829225358,-0.0489549711347,0.601627588272,-0.797275006771
0.678855895996,-0.0892983973026,1.3434265852,-0.000551836914383,-0.0496301800013,0.602353453636,-0.796684861183
0.678765594959,-0.0893876999617,1.34346473217,-0.000963279220741,-0.0494916327298,0.602277100086,-0.79675090313
0.678670465946,-0.0894698500633,1.34353804588,-0.00159654661547,-0.0492835789919,0.602242767811,-0.796788692474
0.678570151329,-0.0895948335528,1.3435844183,-0.00208105286583,-0.0490433722734,0.602329075336,-0.796737194061
0.678445637226,-0.0896870344877,1.34362030029,-0.00257823360153,-0.0487919636071,0.602243900299,-0.79681545496
0.678345680237,-0.0898158848286,1.34365642071,-0.00301912659779,-0.0485185980797,0.602293550968,-0.796793103218
0.677857160568,-0.0899685025215,1.34354043007,-0.00371031067334,-0.0474431104958,0.60133099556,-0.797581613064
0.677907407284,-0.0903361290693,1.34354400635,-0.00358523707837,-0.0472610518336,0.601581096649,-0.797404408455
0.677970945835,-0.0900089144707,1.34376275539,-0.00417512655258,-0.0475552603602,0.602240145206,-0.796886384487
0.677746593952,-0.0899534672499,1.34377110004,-0.00466770911589,-0.0470160767436,0.602054059505,-0.797056317329
0.677554726601,-0.0904944241047,1.34367251396,-0.00471780309454,-0.0463124513626,0.601627349854,-0.797419309616
0.677445948124,-0.0904843360186,1.3437486887,-0.00503360014409,-0.0461309961975,0.60170596838,-0.797368526459
0.677306592464,-0.0905021429062,1.34382534027,-0.00543478876352,-0.0458757951856,0.601706683636,-0.797380030155
0.676772236824,-0.0900128781796,1.34380483627,-0.00640286551788,-0.0448623746634,0.601204752922,-0.797809064388
0.676609277725,-0.0900318920612,1.34387683868,-0.00664852885529,-0.0446704737842,0.601286590099,-0.797756135464
0.676833033562,-0.0899522006512,1.34410119057,-0.00643296632916,-0.0453657582402,0.602286338806,-0.796964108944
0.676931679249,-0.0899334251881,1.34413599968,-0.00742191495374,-0.0444768927991,0.602798640728,-0.79661822319
0.676917731762,-0.0901162028313,1.34434592724,-0.0072821918875,-0.0450850762427,0.603171408176,-0.796303033829
0.67676192522,-0.0901010558009,1.34441900253,-0.00734472973272,-0.0450953543186,0.603227674961,-0.796259284019
0.676384210587,-0.0900126695633,1.34436476231,-0.00781351327896,-0.044263266027,0.602849721909,-0.796587705612
0.676203131676,-0.0900403261185,1.34443461895,-0.00802284199744,-0.0442035384476,0.602789402008,-0.796634554863
0.676214873791,-0.0901142507792,1.34456110001,-0.00805663689971,-0.0445386841893,0.603166520596,-0.796330034733
0.675778448582,-0.0902414023876,1.34449446201,-0.00841981079429,-0.0438865348697,0.602469205856,-0.79689013958
0.675669312477,-0.090140029788,1.34473097324,-0.00755314342678,-0.045282933861,0.60294008255,-0.796464562416
0.67544978857,-0.0901910811663,1.34471189976,-0.00771256815642,-0.0450152046978,0.60278314352,-0.796596944332
0.675279080868,-0.0901445448399,1.34469640255,-0.00780356582254,-0.0447852052748,0.602835476398,-0.796569406986
0.675061166286,-0.0901254117489,1.34471774101,-0.00807986967266,-0.0445437692106,0.602755606174,-0.796640574932
0.674721181393,-0.0904722958803,1.34450316429,-0.00809380039573,-0.0435411557555,0.602410197258,-0.796957075596
0.674200356007,-0.0902510732412,1.34440875053,-0.00851053465158,-0.0426137596369,0.601964652538,-0.797339498997
0.674128592014,-0.0904040336609,1.34452390671,-0.00832936726511,-0.042836535722,0.602324783802,-0.797057449818
0.673874914646,-0.0904031991959,1.3445032835,-0.00852096360177,-0.0422207638621,0.602382421494,-0.797044694424
0.673383295536,-0.0901007056236,1.34443473816,-0.00905098207295,-0.0410622619092,0.602259993553,-0.797191858292
0.673111379147,-0.0900065004826,1.34448218346,-0.00925660412759,-0.0405519157648,0.602438986301,-0.797080397606
0.672919631004,-0.0900010764599,1.34456861019,-0.00911061652005,-0.0404433012009,0.602963030338,-0.796691179276
0.672689199448,-0.0899124369025,1.34456169605,-0.00914963334799,-0.0398189127445,0.603325068951,-0.796448171139
0.672129392624,-0.0898545235395,1.34432840347,-0.0105150183663,-0.03976476565,0.605023562908,-0.795144498348
0.67198330164,-0.0899678617716,1.34445333481,-0.0102069089189,-0.0397715643048,0.60556769371,-0.794733822346
0.671824216843,-0.0898867547512,1.34468281269,-0.00879629235715,-0.037788707763,0.604544579983,-0.795625925064
0.671539783478,-0.0898071825504,1.34472155571,-0.00875080283731,-0.0371996834874,0.604923784733,-0.795365929604
0.671202838421,-0.0897168368101,1.34474468231,-0.00853915140033,-0.0366486422718,0.605461835861,-0.794984281063
0.671330809593,-0.0895567089319,1.3449575901,-0.00942832790315,-0.0358677171171,0.606615960598,-0.794129550457
0.670800864697,-0.0893189013004,1.34470999241,-0.00962439645082,-0.034207995981,0.606666266918,-0.794161975384
0.670555233955,-0.0892686247826,1.34475326538,-0.00942614022642,-0.0337323434651,0.60709130764,-0.793859779835
0.670223891735,-0.0892377793789,1.34476363659,-0.0104925241321,-0.0350755378604,0.609312951565,-0.792084217072
0.670168995857,-0.0893853902817,1.34495460987,-0.0100470883772,-0.0353677198291,0.61010992527,-0.791463196278
0.669802904129,-0.0890327244997,1.34527444839,-0.00784307997674,-0.0347206182778,0.60884642601,-0.792489171028
0.669021904469,-0.0891076400876,1.34496939182,-0.00910155009478,-0.0347785949707,0.60977435112,-0.791759371758
0.6689209342,-0.0891218036413,1.34521889687,-0.00798846501857,-0.0330420620739,0.608698010445,-0.792673408985
0.668620646,-0.0891575738788,1.3452321291,-0.0077750692144,-0.032625887543,0.608937740326,-0.792508721352
0.668313622475,-0.089214399457,1.34529423714,-0.00779217341915,-0.0321798548102,0.609149217606,-0.792364120483
0.668025135994,-0.0892133265734,1.3452848196,-0.00772910099477,-0.0319734252989,0.609393715858,-0.792185127735
0.668107569218,-0.0892706215382,1.34548985958,-0.00720896711573,-0.0320879779756,0.610763907433,-0.791129469872
0.667484879494,-0.0891731306911,1.34527087212,-0.00719918869436,-0.0307651925832,0.610131978989,-0.791669547558
0.667385578156,-0.0890334993601,1.34534847736,-0.00705613428727,-0.0305498167872,0.610819458961,-0.791148900986
0.666622042656,-0.0893125161529,1.34499371052,-0.00862869247794,-0.0316825807095,0.611245512962,-0.790759623051
0.666538000107,-0.0892155095935,1.34520018101,-0.00718503911048,-0.0300634913146,0.610237658024,-0.791615188122
0.666649520397,-0.0891516730189,1.3453104496,-0.00693601416424,-0.0304715428501,0.61149084568,-0.790634155273
0.66674476862,-0.0890964642167,1.34530770779,-0.00791334640235,-0.0295602455735,0.612487077713,-0.78988802433
0.666278123856,-0.0891297310591,1.34507644176,-0.00899541005492,-0.0304088592529,0.613975644112,-0.788687646389
0.666080713272,-0.0891727656126,1.34529185295,-0.00778833171353,-0.0286820493639,0.612725377083,-0.789736866951
0.665699064732,-0.0891969054937,1.34529447556,-0.0078254789114,-0.0282993819565,0.612893998623,-0.789619505405
0.665393352509,-0.0891942679882,1.34527814388,-0.00768403708935,-0.0279710181057,0.613082289696,-0.789486408234
0.664602577686,-0.0892751961946,1.34508228302,-0.00805745553225,-0.0294302273542,0.614111840725,-0.788628995419
0.664289236069,-0.0892995521426,1.34509897232,-0.00804830156267,-0.0290855206549,0.61425447464,-0.788530766964
0.663943350315,-0.0893472135067,1.34512042999,-0.00805003847927,-0.0285932719707,0.614652574062,-0.788238465786
0.663773655891,-0.0893587693572,1.34533631802,-0.0066934293136,-0.0268256850541,0.613567709923,-0.789157986641
0.663804709911,-0.089135825634,1.34539628029,-0.007932189852,-0.0256567206234,0.614685714245,-0.788314938545
0.66321772337,-0.0893927142024,1.34509730339,-0.00877531804144,-0.0263514965773,0.615996062756,-0.787259459496
0.662813901901,-0.0894354507327,1.34517335892,-0.00909115560353,-0.0260742586106,0.616279780865,-0.787042975426
0.662104547024,-0.0896553471684,1.34542644024,-0.00724108936265,-0.0249193906784,0.614064872265,-0.788828849792
0.661509156227,-0.0895048677921,1.34530687332,-0.0076792309992,-0.0235070567578,0.613910198212,-0.788988530636
0.661220192909,-0.0893506705761,1.34514307976,-0.00897548999637,-0.0245894677937,0.616518259048,-0.78690546751
0.661128520966,-0.0895765274763,1.34555876255,-0.00743482587859,-0.0238323230296,0.615529894829,-0.787718057632
0.660986065865,-0.0894926190376,1.34560275078,-0.00726849352941,-0.0236027035862,0.616521179676,-0.786950945854
0.660344719887,-0.0895912721753,1.34548842907,-0.00888637639582,-0.0241770483553,0.618237555027,-0.785569190979
0.660090327263,-0.0896701216698,1.34567666054,-0.0075895213522,-0.0226853303611,0.617139935493,-0.786489784718
0.659848749638,-0.0895368158817,1.34574234486,-0.00771048339084,-0.0225197803229,0.617935180664,-0.785868704319
0.659356296062,-0.0892122685909,1.3456788063,-0.00803698878735,-0.0217239763588,0.618436872959,-0.785493075848
0.659115850925,-0.0895839929581,1.34581208229,-0.00771006802097,-0.0218834709376,0.619220495224,-0.78487432003
0.658783853054,-0.0895113497972,1.3458493948,-0.00770379416645,-0.0216529387981,0.619884848595,-0.784356236458
0.658312320709,-0.089325144887,1.34572255611,-0.00895224418491,-0.0227447003126,0.622177958488,-0.78249412775
0.658111870289,-0.0893034487963,1.34593522549,-0.00747050624341,-0.0213160738349,0.621466815472,-0.783114850521
0.65783059597,-0.0892392769456,1.34601032734,-0.007496453356,-0.0210543889552,0.622491955757,-0.782306969166
0.657377839088,-0.0892249494791,1.34587657452,-0.00888860411942,-0.0219605118036,0.624611020088,-0.780576586723
0.657318949699,-0.0890953242779,1.34613573551,-0.00758103793487,-0.0207015872002,0.624347150326,-0.780835866928
0.656957447529,-0.0891294106841,1.34620833397,-0.00764999864623,-0.0203543119133,0.625210642815,-0.780153274536
0.656711041927,-0.0891082957387,1.34625482559,-0.00759462779388,-0.0201008357108,0.626243948936,-0.779331028461
0.656514286995,-0.0889826416969,1.34632945061,-0.00775601761416,-0.0201187860221,0.627608120441,-0.778230667114
0.65616607666,-0.0890114754438,1.346383214,-0.00805462151766,-0.0199014600366,0.628531515598,-0.777487754822
0.65594047308,-0.0889545455575,1.34649538994,-0.0083833495155,-0.0198005884886,0.629935920238,-0.776349306107
0.655513226986,-0.0889054238796,1.34640216827,-0.00988431461155,-0.0208894014359,0.632416963577,-0.774283289909
0.655405044556,-0.0889114886522,1.34663951397,-0.0087746810168,-0.0195889417082,0.632366538048,-0.774371862411
0.655210912228,-0.088906660676,1.34668755531,-0.00875845272094,-0.0193579643965,0.633715748787,-0.773274183273
0.654834508896,-0.0888775885105,1.34658968449,-0.0102201607078,-0.0202479753643,0.636323869228,-0.771088600159
0.654869019985,-0.0890632867813,1.34715294838,-0.00921583175659,-0.0201507303864,0.636679708958,-0.770809829235
0.654682338238,-0.0890267789364,1.34719777107,-0.00976259540766,-0.0202548839152,0.638138413429,-0.769593298435
0.654516875744,-0.0890024751425,1.34727370739,-0.00961211696267,-0.019693300128,0.639688611031,-0.768321692944
0.654279887676,-0.0888477936387,1.34704327583,-0.00962473731488,-0.0184958223253,0.640960395336,-0.767290771008
0.654128134251,-0.089071393013,1.34740507603,-0.010333144106,-0.0194197315723,0.64309489727,-0.765470445156
0.654025912285,-0.0890482962132,1.34751796722,-0.0101794563234,-0.0190108995885,0.644004702568,-0.764717519283
0.653858184814,-0.0890657305717,1.34757292271,-0.0102559644729,-0.0188120193779,0.645604133606,-0.763371646404
0.653725147247,-0.0890860557556,1.34760808945,-0.010317504406,-0.0186867117882,0.646930634975,-0.762250065804
0.653596162796,-0.0891022309661,1.34761083126,-0.010219710879,-0.0184259731323,0.648586571217,-0.760849177837
0.653497934341,-0.0891338959336,1.34767961502,-0.0103618372232,-0.0182780064642,0.650083005428,-0.75957262516
0.65328168869,-0.0892262011766,1.3475754261,-0.0118626523763,-0.0190793741494,0.652929008007,-0.757085859776
0.653324246407,-0.0892187654972,1.3478051424,-0.0107508096844,-0.0178337097168,0.653122365475,-0.756966114044
0.653290629387,-0.0891939848661,1.34785187244,-0.0107023529708,-0.0175467692316,0.654734611511,-0.755579352379
0.653183996677,-0.0892440080643,1.34783744812,-0.0109241176397,-0.0175436716527,0.656389594078,-0.754138946533
0.653139650822,-0.0892909094691,1.34795165062,-0.0106556359679,-0.0169651228935,0.657624900341,-0.753079116344
0.652923226357,-0.0893069058657,1.34779989719,-0.0118875745684,-0.0178744215518,0.660299658775,-0.750695466995
0.652858376503,-0.0893525928259,1.34788370132,-0.0118693280965,-0.0176572985947,0.661616265774,-0.749540746212
0.652854263783,-0.0893757343292,1.34789264202,-0.0118998875841,-0.0174016710371,0.663121879101,-0.748214542866
0.652819156647,-0.0894094258547,1.34798324108,-0.0119215939194,-0.0170795321465,0.664635360241,-0.746877491474
0.652759969234,-0.0894252285361,1.34799683094,-0.0119403777644,-0.0168221797794,0.666006922722,-0.745660364628
0.652732610703,-0.0894519537687,1.34802412987,-0.0119177410379,-0.0163694713265,0.667496323586,-0.74433773756
0.65269523859,-0.0894801318645,1.34811615944,-0.0117945745587,-0.0160511508584,0.668789982796,-0.743184566498
0.652675390244,-0.0895467251539,1.34816360474,-0.0118261594325,-0.0159180276096,0.670216023922,-0.741901159286
0.65269356966,-0.0895935148001,1.34824681282,-0.0117065487429,-0.0156920813024,0.671595275402,-0.740659594536
0.652676284313,-0.0896308422089,1.34830892086,-0.0119051001966,-0.0154931191355,0.672975420952,-0.739406824112
0.652680635452,-0.0896544978023,1.34838199615,-0.0118511207402,-0.0152500215918,0.674406170845,-0.738107979298
0.652794361115,-0.0896763131022,1.34854757786,-0.0110320486128,-0.0145417582244,0.674464285374,-0.738081753254
0.65278416872,-0.0897897183895,1.34859526157,-0.01112485677,-0.0143386144191,0.676020681858,-0.736659228802
0.65286386013,-0.0896345153451,1.34830355644,-0.0115118138492,-0.0124983228743,0.677351772785,-0.73546308279
0.652889430523,-0.0896878987551,1.34835958481,-0.0117729557678,-0.0122928330675,0.678834378719,-0.734094142914
0.652959704399,-0.0897242724895,1.34854924679,-0.0117477960885,-0.0128895426169,0.680233895779,-0.73278772831
0.652755439281,-0.0895215719938,1.34847283363,-0.0122008463368,-0.0121267046779,0.680850684643,-0.732220292091
0.652835667133,-0.0897083804011,1.3483723402,-0.0129329375923,-0.0127849793062,0.683604240417,-0.729626357555
0.652841389179,-0.0897990912199,1.34833705425,-0.0130593394861,-0.0124015379697,0.684799015522,-0.728509545326
0.653026819229,-0.0898043811321,1.34847581387,-0.0121822664514,-0.0117102377117,0.684814214706,-0.728521823883
0.65316593647,-0.0901706218719,1.34847569466,-0.0127962492406,-0.0129258064553,0.687702715397,-0.725764513016
0.653299808502,-0.0901561528444,1.34848833084,-0.0127891600132,-0.0129961213097,0.6888859272,-0.724640369415
0.653476059437,-0.0902139544487,1.34862685204,-0.0120002813637,-0.0124996323138,0.688777685165,-0.724765539169
0.653314530849,-0.090060018003,1.34849774837,-0.0125961583108,-0.0116426032037,0.689121246338,-0.724443137646
0.653243243694,-0.0901410505176,1.34835231304,-0.0136911747977,-0.0121741462499,0.691184699535,-0.722445905209
0.653437972069,-0.0905491560698,1.34846031666,-0.0135257877409,-0.0128003722057,0.692397475243,-0.721275925636
0.65339422226,-0.0906459391117,1.34858047962,-0.0131844403222,-0.0138846011832,0.693199574947,-0.720491349697
0.653305649757,-0.0904316827655,1.34855997562,-0.0133166508749,-0.0130397947505,0.692856371403,-0.720834732056
0.653387784958,-0.0904961824417,1.34857869148,-0.0134877944365,-0.0131160886958,0.693577587605,-0.720136106014
0.653557300568,-0.0905216485262,1.34861528873,-0.0136652272195,-0.0134676452726,0.694455981255,-0.71927934885
0.653692185879,-0.0905894935131,1.34837186337,-0.0149031300098,-0.0130688855425,0.69598543644,-0.717782258987
0.653989613056,-0.0909281745553,1.34838664532,-0.014701500535,-0.0137522192672,0.696992278099,-0.71679598093
0.654080092907,-0.0909844338894,1.34833741188,-0.0148181673139,-0.0139017021284,0.697403311729,-0.716390907764
0.653991758823,-0.0908121168613,1.34820699692,-0.0155894169584,-0.013403349556,0.6971616745,-0.716619253159
0.654301822186,-0.0911341756582,1.34826505184,-0.0155109679326,-0.014372148551,0.698029220104,-0.715757012367
0.654405593872,-0.0911877676845,1.34824430943,-0.0156201776117,-0.0145727666095,0.698307812214,-0.715478777885
0.654520094395,-0.0912385508418,1.3482131958,-0.0157514587045,-0.0147827845067,0.698517680168,-0.715266704559
0.654428243637,-0.0910381227732,1.34806883335,-0.016337653622,-0.0143404332921,0.698104500771,-0.715665757656
0.654556214809,-0.0910707935691,1.34804034233,-0.0164023935795,-0.0146117843688,0.69820702076,-0.715558826923
0.65494543314,-0.0914209038019,1.34812390804,-0.0161989349872,-0.0154967065901,0.698819518089,-0.714946806431
0.655108869076,-0.0914684906602,1.34810054302,-0.016299193725,-0.0157100278884,0.698822021484,-0.714937269688
0.654980540276,-0.091471105814,1.34807658195,-0.0167028009892,-0.0156409721822,0.698192834854,-0.715543806553
0.655386030674,-0.0914679765701,1.34836375713,-0.0160939693451,-0.0157923363149,0.697086274624,-0.716632604599
0.655618131161,-0.0914770886302,1.34835195541,-0.0160723496228,-0.0160476919264,0.697115719318,-0.716598927975
0.655790805817,-0.0914917737246,1.348320961,-0.0162070393562,-0.0163755640388,0.696863114834,-0.716834068298
0.655821681023,-0.0915388762951,1.34815990925,-0.01723440364,-0.0173213928938,0.697695612907,-0.715977430344
0.656072735786,-0.0916164368391,1.34824359417,-0.0163393076509,-0.0168548971415,0.696209311485,-0.717454850674
0.656238496304,-0.0916541814804,1.34820044041,-0.0163952894509,-0.0170399993658,0.695913851261,-0.717735826969
0.656437933445,-0.0916534811258,1.34814488888,-0.0163136105984,-0.017220441252,0.695534229279,-0.718101263046
0.656600058079,-0.0916702374816,1.34810066223,-0.016342677176,-0.0174375064671,0.695168554783,-0.718449413776
0.656559944153,-0.091431081295,1.34795224667,-0.0167748481035,-0.0169869977981,0.694206774235,-0.719379663467
0.65673160553,-0.0914342179894,1.34786844254,-0.0165828727186,-0.0172431245446,0.693749606609,-0.719818949699
0.656922221184,-0.091474018991,1.34783506393,-0.0165273267776,-0.0175954829901,0.693110525608,-0.720426976681
0.657293081284,-0.0917346030474,1.34783029556,-0.0160713884979,-0.0182172115892,0.69308501482,-0.720446586609
0.657209336758,-0.0915347263217,1.34763789177,-0.0164414159954,-0.0175539683551,0.691954493523,-0.721540272236
0.657400369644,-0.0915656536818,1.34762442112,-0.0164485424757,-0.0177872944623,0.691385805607,-0.722079455853
0.657519042492,-0.0916304215789,1.34746813774,-0.0173484422266,-0.0186390820891,0.691716015339,-0.721720576286
0.657667279243,-0.0916507393122,1.34740412235,-0.0174736790359,-0.0188398100436,0.691241502762,-0.722166895866
0.657902061939,-0.0916453450918,1.3473405838,-0.0173371173441,-0.0189907606691,0.690708518028,-0.722675859928
0.658388316631,-0.0919202119112,1.3473649025,-0.0169465839863,-0.0196001976728,0.69064360857,-0.722731113434
0.65860247612,-0.0919165611267,1.34732294083,-0.0167259182781,-0.0197438150644,0.689980447292,-0.723365366459
0.658892095089,-0.0918668955564,1.34717154503,-0.016518348828,-0.0197612997144,0.689499080181,-0.723828434944
0.658958077431,-0.091982871294,1.34725880623,-0.0168629493564,-0.020070169121,0.688558340073,-0.724707186222
0.659321963787,-0.0919197723269,1.34709489346,-0.016379930079,-0.0201123766601,0.68796223402,-0.725282669067
0.659438848495,-0.0917821675539,1.34703183174,-0.0164219476283,-0.020051881671,0.687022387981,-0.726173937321
0.659783363342,-0.0917970761657,1.34711301327,-0.015674225986,-0.0196450334042,0.685190498829,-0.727930247784
0.659992694855,-0.0918085426092,1.34709084034,-0.0156484358013,-0.0197220742702,0.684379458427,-0.728691279888
0.659904181957,-0.092052012682,1.34710383415,-0.0144510250539,-0.0211756937206,0.683236777782,-0.729746639729
0.660071074963,-0.0919018760324,1.34698569775,-0.0169322565198,-0.0203658230603,0.683438301086,-0.729527711868
0.660016715527,-0.0921868979931,1.34704446793,-0.015513096936,-0.0220495462418,0.682252168655,-0.730619668961
0.660556852818,-0.0921357944608,1.34692704678,-0.0163722261786,-0.0212266836315,0.682098150253,-0.73076915741
0.660404980183,-0.092266947031,1.34695398808,-0.0154878394678,-0.0224054604769,0.680783390999,-0.731978297234
0.66064196825,-0.0922980159521,1.34689152241,-0.015514976345,-0.0224779676646,0.679968833923,-0.732732176781
0.660634100437,-0.0920786634088,1.34675300121,-0.0158611871302,-0.021935896948,0.678724586964,-0.733893930912
0.660838603973,-0.0920430570841,1.3466874361,-0.0158421993256,-0.0219739172608,0.678064227104,-0.7345033288
0.661483108997,-0.0924134403467,1.34668135643,-0.0152394967154,-0.0229311138391,0.678262472153,-0.73430365324
0.66170758009,-0.0924339219928,1.346601367,-0.0153300082311,-0.0229106172919,0.677500069141,-0.735005915165
0.661723136902,-0.0923530757427,1.34651875496,-0.0154137481004,-0.0229645185173,0.676513850689,-0.735910415649
0.661937773228,-0.0924064069986,1.34648573399,-0.0153511045501,-0.0230632368475,0.675732254982,-0.736626386642
0.662111938,-0.0924359858036,1.34642589092,-0.0153609719127,-0.0232226625085,0.675031363964,-0.737263441086
0.662365198135,-0.0923805832863,1.34638297558,-0.0152864251286,-0.0234611518681,0.674572169781,-0.737677752972
0.662517011166,-0.0923917889595,1.34632337093,-0.0152471447363,-0.0235716737807,0.673915088177,-0.738275289536
0.66272264719,-0.0923961922526,1.34623336792,-0.0152790779248,-0.0237011387944,0.673181056976,-0.738939881325
0.662635326385,-0.0922106131911,1.34605872631,-0.0155642852187,-0.0230570062995,0.672030329704,-0.740000844002
0.662967026234,-0.0924136787653,1.34626698494,-0.0158198010176,-0.0240221954882,0.67161244154,-0.74034422636
0.663342416286,-0.0925123393536,1.34622204304,-0.0153950350359,-0.0241855029017,0.671226918697,-0.740697205067
0.663534522057,-0.0926308482885,1.34623730183,-0.0150303132832,-0.0248621590436,0.670863330364,-0.741011798382
0.663905382156,-0.0927408188581,1.34618282318,-0.0147685930133,-0.0250899363309,0.670753717422,-0.74110853672
0.663856506348,-0.0926730260253,1.34615087509,-0.0149828232825,-0.0251025427133,0.669594705105,-0.742151200771
0.664078772068,-0.0926737487316,1.3461971283,-0.014468322508,-0.0248567126691,0.66842508316,-0.743223249912
0.664178729057,-0.0927066802979,1.34607505798,-0.0149439275265,-0.0253757555038,0.668352723122,-0.74326145649
0.664309978485,-0.0927252545953,1.3460392952,-0.0149420108646,-0.0254792142659,0.66790664196,-0.743658840656
0.664455711842,-0.0927462875843,1.34600925446,-0.0148237366229,-0.0254853069782,0.667403995991,-0.744112014771
0.664601504803,-0.0927467048168,1.34598469734,-0.0147081008181,-0.0254895258695,0.666991949081,-0.744483590126
0.664873600006,-0.0927181094885,1.34607601166,-0.013813440688,-0.0249785277992,0.665337860584,-0.745996534824
0.665210187435,-0.0927761644125,1.34602558613,-0.0136148240417,-0.0252166502178,0.665277183056,-0.746046245098
0.665364325047,-0.0927671045065,1.34597635269,-0.0136767383665,-0.0253548938781,0.664819538593,-0.746448457241
0.665442466736,-0.0924318954349,1.34578812122,-0.0125728705898,-0.0258590150625,0.664592087269,-0.746652901173
0.665558278561,-0.0927437394857,1.3458892107,-0.0134277418256,-0.0254060383886,0.66408264637,-0.747106790543
0.665683627129,-0.0927250832319,1.34586894512,-0.0133191747591,-0.0254691187292,0.663680911064,-0.747463405132
0.66567158699,-0.0927468016744,1.34571731091,-0.0142181841657,-0.0262414477766,0.664514780045,-0.746678888798
0.665893614292,-0.0927066802979,1.34582328796,-0.0132128950208,-0.0255802497268,0.662961006165,-0.748100280762
0.66583943367,-0.0927261188626,1.3456748724,-0.0141351325437,-0.0263786017895,0.663735926151,-0.747368037701
0.665924072266,-0.092724442482,1.34565639496,-0.0140829868615,-0.0264526959509,0.663443207741,-0.747626304626
0.6659476161,-0.0925821438432,1.34579193592,-0.013359175995,-0.0257502216846,0.661490440369,-0.749392330647
0.666228652,-0.0926686525345,1.34576117992,-0.0130484588444,-0.0259498991072,0.661541879177,-0.749345481396
0.666095733643,-0.0925789773464,1.34576833248,-0.0132524129003,-0.025902364403,0.660827815533,-0.749973475933
0.666178166866,-0.0925773233175,1.34574067593,-0.0132473008707,-0.0260632783175,0.660480439663,-0.750273942947
0.666250765324,-0.0925675630569,1.34572780132,-0.0131905442104,-0.0261576157063,0.660282731056,-0.75044554472
0.666323184967,-0.0925500839949,1.34569323063,-0.0130866672844,-0.0262333676219,0.659969806671,-0.7507199049
0.666390836239,-0.0925365537405,1.34567010403,-0.0130238253623,-0.02633273229,0.659775614738,-0.750888288021
0.666333734989,-0.0925371795893,1.34552288055,-0.0139096835628,-0.0272070579231,0.660709440708,-0.750019609928
0.666399776936,-0.0925180315971,1.34549582005,-0.0138738770038,-0.0273446384817,0.660557508469,-0.750149071217
0.666477501392,-0.092507570982,1.34546864033,-0.0138129116967,-0.0274879410863,0.660400807858,-0.750282943249
0.666515886784,-0.092499807477,1.34541296959,-0.0135933971033,-0.0275450889021,0.659993052483,-0.75064355135
0.666591525078,-0.0924547165632,1.3453681469,-0.0134256798774,-0.0277000926435,0.659872353077,-0.750746965408
0.666715741158,-0.0923356413841,1.34534740448,-0.0132931172848,-0.0279472135007,0.659877181053,-0.750735878944
0.666776776314,-0.0923020392656,1.34531283379,-0.0132207870483,-0.0280749108642,0.659741044044,-0.750852048397
0.666827619076,-0.0922513529658,1.3452694416,-0.0131788123399,-0.0282461568713,0.659596145153,-0.750973701477
0.666897058487,-0.0922301486135,1.34522807598,-0.0131641384214,-0.0284997876734,0.659228265285,-0.751287400723
0.666743159294,-0.0919760465622,1.34509861469,-0.0134835457429,-0.0279154330492,0.658651232719,-0.751809477806
0.666780889034,-0.0918623805046,1.34509086609,-0.0134359402582,-0.0280708279461,0.658487319946,-0.751948177814
0.666986763477,-0.0921224802732,1.34516000748,-0.0129784215242,-0.0288293734193,0.658670425415,-0.751767039299
0.666875004768,-0.0917980521917,1.34503042698,-0.0132786557078,-0.0282936152071,0.658225357533,-0.752171874046
0.666901230812,-0.0917473435402,1.34500336647,-0.0132260359824,-0.0283803399652,0.658075034618,-0.752301096916
0.666995763779,-0.0918473601341,1.34494626522,-0.0129722999409,-0.0283936560154,0.658064723015,-0.752313971519
0.667038559914,-0.0918205678463,1.34492206573,-0.012906730175,-0.0284785684198,0.657791018486,-0.752551138401
0.66708111763,-0.0917587131262,1.34489619732,-0.0128854205832,-0.0286390576512,0.657553017139,-0.752753555775
0.667329668999,-0.0919470340014,1.34498524666,-0.0124205099419,-0.0294584110379,0.657907903194,-0.752419531345
0.667382955551,-0.0918974503875,1.34495007992,-0.0123462732881,-0.0295134503394,0.657846808434,-0.752472043037
0.667377531528,-0.0918366312981,1.34490311146,-0.0121879065409,-0.0296202152967,0.657696902752,-0.752601504326
0.667452275753,-0.0917596071959,1.34486246109,-0.0120282769203,-0.0297220237553,0.657675087452,-0.752619028091
0.667497754097,-0.0916960015893,1.34483850002,-0.011924309656,-0.0298145953566,0.657611191273,-0.752672970295
0.667537093163,-0.0916315689683,1.34480535984,-0.0118169663474,-0.0298795104027,0.657528996468,-0.752743721008
0.667736828327,-0.0916503444314,1.34476161003,-0.0114776454866,-0.0300587769598,0.657842814922,-0.752467811108
0.667780935764,-0.0915885642171,1.34473001957,-0.0113223614171,-0.0301414746791,0.657813847065,-0.752492010593
0.667967736721,-0.0914968624711,1.34484767914,-0.0102212158963,-0.0294967070222,0.656628549099,-0.753567814827
0.667808294296,-0.0913548320532,1.34485387802,-0.010369814001,-0.0294572040439,0.656180500984,-0.753957509995
0.667720794678,-0.0913269668818,1.3446842432,-0.0112721892074,-0.0302966516465,0.657246112823,-0.752982497215
0.667822003365,-0.0911820605397,1.34467387199,-0.0110974507406,-0.030485227704,0.657382965088,-0.752857983112
0.667809665203,-0.0911826342344,1.34464764595,-0.0110158277676,-0.0304604694247,0.657236754894,-0.752987921238
0.667835354805,-0.0911143496633,1.34461808205,-0.0109817869961,-0.0306401140988,0.65703701973,-0.75315541029
0.667885243893,-0.0910470411181,1.34458816051,-0.0108676822856,-0.0306904260069,0.657033324242,-0.753158092499
0.667881011963,-0.090966925025,1.34456384182,-0.0107994582504,-0.0308302845806,0.65694463253,-0.75323086977
0.667924761772,-0.09090462327,1.34453964233,-0.0107010453939,-0.030879046768,0.6569480896,-0.753227233887
0.667976498604,-0.0908402726054,1.34452629089,-0.0104410508648,-0.0308673381805,0.656806886196,-0.753354370594
0.668000102043,-0.0907920747995,1.34450888634,-0.0103187346831,-0.0309672802687,0.656801998615,-0.753356277943
0.668046593666,-0.0907068550587,1.34447860718,-0.0101387714967,-0.0310834646225,0.656712651253,-0.753431737423
0.667886018753,-0.090402752161,1.34435486794,-0.0103974044323,-0.0304614715278,0.6563128829,-0.753802061081
0.668117582798,-0.0905790328979,1.3444391489,-0.00990430172533,-0.0311978496611,0.656738162041,-0.753408074379
0.668149888515,-0.0905215665698,1.34441769123,-0.00975575949997,-0.0312356930226,0.656726241112,-0.75341874361
0.667980313301,-0.090209633112,1.34426558018,-0.00989297125489,-0.0306448396295,0.656321644783,-0.753793716431
0.668213844299,-0.0903863757849,1.34434998035,-0.00940006691962,-0.0313497334719,0.656738758087,-0.753407657146
0.668269753456,-0.0901671648026,1.34418213367,-0.00934972893447,-0.0308085307479,0.656793236732,-0.753383100033
0.668436765671,-0.0900783240795,1.3442915678,-0.00824451260269,-0.0300739277154,0.655678808689,-0.754395782948
0.668277621269,-0.0899451225996,1.34429764748,-0.00835856981575,-0.0300346333534,0.655269682407,-0.754751324654
0.668416798115,-0.0899161696434,1.34431970119,-0.00812016334385,-0.0303342305124,0.655493140221,-0.754547953606
0.668360769749,-0.0898323953152,1.34427607059,-0.00819204747677,-0.0301750414073,0.655307412148,-0.75471496582
0.66839826107,-0.0897652283311,1.34425377846,-0.00810762960464,-0.0302452128381,0.655206859112,-0.754800319672
0.668419361115,-0.0897105634212,1.3442107439,-0.00797769334167,-0.0302122030407,0.655179619789,-0.754826664925
0.668339490891,-0.0895131081343,1.34393763542,-0.00770497554913,-0.0295061077923,0.654962539673,-0.755045771599
0.668449044228,-0.0895249024034,1.34405255318,-0.00769744440913,-0.0299585070461,0.65510904789,-0.754900932312
0.668529570103,-0.0895957201719,1.34416079521,-0.00771739287302,-0.0303188208491,0.655163288116,-0.754839241505
0.668538689613,-0.0895508825779,1.34414112568,-0.00764346960932,-0.0303199216723,0.655113816261,-0.754882872105
0.66855943203,-0.0895204693079,1.344140172,-0.00753399822861,-0.0302696060389,0.655084908009,-0.754911065102
0.668575286865,-0.0894827097654,1.34411120415,-0.00743531016633,-0.0302855595946,0.655059039593,-0.754933893681
0.668553233147,-0.0893415808678,1.34397780895,-0.00723914243281,-0.029941894114,0.654944717884,-0.755048632622
0.668604552746,-0.0894022136927,1.34409368038,-0.00728470599279,-0.0302923843265,0.654967486858,-0.75501447916
0.668631255627,-0.089351311326,1.34406363964,-0.00714267557487,-0.0302638523281,0.654959619045,-0.755023777485
0.668596148491,-0.0891972929239,1.34392976761,-0.00699376128614,-0.0299626197666,0.654792547226,-0.755182147026
0.66847640276,-0.0891927629709,1.34378647804,-0.0078795235604,-0.0306880977005,0.655895888805,-0.754186213017
0.668669223785,-0.0892440229654,1.34403383732,-0.00701168365777,-0.0302964728326,0.65481454134,-0.755149662495
0.66867852211,-0.0892195999622,1.34402894974,-0.00698377564549,-0.0302844382823,0.654787659645,-0.755173742771
0.668558061123,-0.0892047286034,1.34388160706,-0.00787831004709,-0.0310076791793,0.655896008015,-0.754173099995
0.668624162674,-0.089106246829,1.34388172626,-0.00780444499105,-0.0310916975141,0.65601336956,-0.754068255424
0.668576180935,-0.0891525521874,1.34386599064,-0.00779843330383,-0.0310131683946,0.65585654974,-0.754207909107
0.668581664562,-0.0891234725714,1.3438655138,-0.00776336947456,-0.031017055735,0.655836820602,-0.754225254059
0.668559253216,-0.0891068726778,1.34386599064,-0.00778008950874,-0.0310328416526,0.655765652657,-0.754286289215
0.668524682522,-0.088974006474,1.34372699261,-0.00762054789811,-0.0306546073407,0.65573900938,-0.754326581955
0.668567240238,-0.0890602767467,1.34384477139,-0.0077217691578,-0.0309726372361,0.655783653259,-0.75427377224
0.668551266193,-0.0890355110168,1.34384632111,-0.00773877603933,-0.0309478919953,0.655819892883,-0.754243016243
0.668532013893,-0.0890135169029,1.3438321352,-0.00773262791336,-0.0308895539492,0.655764997005,-0.754293262959
0.668721318245,-0.0892005562782,1.34392476082,-0.00737613672391,-0.0314960628748,0.65619212389,-0.75390034914
0.668476343155,-0.0889664590359,1.34383809566,-0.00778812589124,-0.0308483298868,0.655695140362,-0.75435513258
0.668476045132,-0.0889531970024,1.3438334465,-0.00779125466943,-0.0308022536337,0.655719518661,-0.754335820675
0.668454766273,-0.0889429301023,1.34383332729,-0.00781598687172,-0.0307846125215,0.655685245991,-0.754366099834
0.668431997299,-0.0889272540808,1.34383773804,-0.00784751214087,-0.030746711418,0.655677437782,-0.754373908043
0.668374657631,-0.089160233736,1.3438065052,-0.00784840993583,-0.0305364932865,0.655542314053,-0.754500091076
0.668371140957,-0.0889141857624,1.34383833408,-0.0079864859581,-0.0307007841766,0.655619502068,-0.75442481041
0.668329894543,-0.0889033526182,1.34384405613,-0.00804356578737,-0.0306669324636,0.655572831631,-0.754466056824
0.668509244919,-0.0891242921352,1.34394204617,-0.00769783789292,-0.0312681943178,0.656016886234,-0.7540589571
0.668444395065,-0.089119233191,1.34395849705,-0.00775996223092,-0.0312775857747,0.655919134617,-0.754142940044
0.66852492094,-0.0891259983182,1.34395575523,-0.00767212547362,-0.0313366763294,0.656151771545,-0.753939032555
0.668473601341,-0.0890951678157,1.34393429756,-0.00759158004075,-0.0313016846776,0.656119167805,-0.753969788551
0.668418109417,-0.0890955999494,1.34393894672,-0.00767011800781,-0.0312224235386,0.656070590019,-0.754014492035
0.668373346329,-0.0890890657902,1.34394359589,-0.00771134207025,-0.0311813242733,0.656039178371,-0.75404304266
0.668216049671,-0.0890741497278,1.34395575523,-0.00788580533117,-0.0310485754162,0.655770361423,-0.75428044796
0.668173253536,-0.08906455338,1.34396517277,-0.00794821232557,-0.0310132484883,0.655746757984,-0.754301846027
0.668121159077,-0.0890576988459,1.34397566319,-0.00802750792354,-0.0309629943222,0.655713438988,-0.754332005978
0.668086111546,-0.089043289423,1.3439745903,-0.0080481916666,-0.0309300161898,0.655714929104,-0.754331886768
0.668040215969,-0.0890315622091,1.34399473667,-0.00814466178417,-0.0308962129056,0.655688166618,-0.754355430603
0.667998373508,-0.0890110731125,1.34399676323,-0.00813694205135,-0.0308667626232,0.65567612648,-0.754367053509
0.667953789234,-0.0889984443784,1.34400367737,-0.00823268759996,-0.0308053400367,0.655656456947,-0.754385709763
0.667900204659,-0.0889875367284,1.34400224686,-0.00829681009054,-0.0307553038001,0.655610918999,-0.754426598549
0.667857408524,-0.0889813005924,1.34401273727,-0.0083747850731,-0.0307306256145,0.655597805977,-0.754438221455
0.667801201344,-0.0889787822962,1.34401571751,-0.00842805579305,-0.030643934384,0.655546724796,-0.754485487938
0.667741656303,-0.0889706164598,1.34402704239,-0.00854026805609,-0.0306213982403,0.655504822731,-0.754521548748
0.66770118475,-0.0889636874199,1.34402811527,-0.00859297905117,-0.0305701456964,0.655487239361,-0.754538416862
0.66764909029,-0.0889580473304,1.34403419495,-0.00868416763842,-0.0305221043527,0.655458807945,-0.754563987255
0.667654573917,-0.0888812839985,1.34404218197,-0.00870012119412,-0.0305760130286,0.655548930168,-0.754483282566
0.667541027069,-0.0889558419585,1.34403049946,-0.00881879217923,-0.0304110795259,0.655354738235,-0.75465720892
0.667464315891,-0.0889504849911,1.34403133392,-0.00887151341885,-0.0303979218006,0.655250430107,-0.75474780798
0.667402863503,-0.0889451503754,1.34402608871,-0.00891640037298,-0.0303443279117,0.655177295208,-0.754812836647
0.667349219322,-0.0889399424195,1.34404027462,-0.00901412125677,-0.0303389225155,0.655129313469,-0.754853665829
0.667277812958,-0.0889302045107,1.34403789043,-0.0090591814369,-0.0302814934403,0.655039906502,-0.754932940006
0.667226433754,-0.0889165922999,1.34404158592,-0.00910557340831,-0.0302552971989,0.65500575304,-0.754963040352
0.667167127132,-0.0889132618904,1.3440476656,-0.00921814516187,-0.0302210953087,0.654966592789,-0.754997014999
0.667088270187,-0.0889327079058,1.34405910969,-0.00935802422464,-0.0301407109946,0.654867291451,-0.755084514618
0.667027294636,-0.0889076888561,1.34404921532,-0.00936407130212,-0.0301209911704,0.654830694199,-0.755117058754
0.666965663433,-0.0888994038105,1.34404695034,-0.00941735971719,-0.0300897751004,0.654767274857,-0.755172550678
0.666909754276,-0.0888971835375,1.34404218197,-0.00945789925754,-0.030051317066,0.654735982418,-0.75520080328
0.66683280468,-0.0889304876328,1.34405887127,-0.00957724638283,-0.0300366207957,0.654614567757,-0.755305230618
0.666772186756,-0.088910266757,1.34404468536,-0.00957118626684,-0.0300029758364,0.654566705227,-0.755348026752
0.666707038879,-0.0889027863741,1.34404635429,-0.00961793772876,-0.0299896001816,0.654487669468,-0.755416452885
0.666766345501,-0.0888784825802,1.34416615963,-0.00873147696257,-0.0292588602751,0.653240263462,-0.756534695625
0.666545152664,-0.0888982489705,1.34404265881,-0.00969716254622,-0.0299134720117,0.654269635677,-0.755607306957
0.666454136372,-0.0888976454735,1.34404599667,-0.00976229645312,-0.0298840645701,0.654142618179,-0.755717635155
0.666338682175,-0.0888813883066,1.34403765202,-0.00975099112839,-0.0298308692873,0.653988718987,-0.755853056908
0.666235089302,-0.0888816416264,1.34403729439,-0.00984798185527,-0.0297818221152,0.654075622559,-0.755778551102
0.666121125221,-0.0888772755861,1.34406530857,-0.00986512657255,-0.0296001639217,0.654030323029,-0.755824685097
0.66601651907,-0.0888659358025,1.34408760071,-0.00993990059942,-0.0295695085078,0.653938174248,-0.755904555321
0.665890157223,-0.088863119483,1.34408700466,-0.00995364040136,-0.0294885225594,0.653816580772,-0.756012737751
0.665789306164,-0.0888608619571,1.34411334991,-0.00997315905988,-0.029348179698,0.653803229332,-0.756029546261
0.665680766106,-0.0888732969761,1.34414482117,-0.0100695751607,-0.029307583347,0.653787493706,-0.756043434143
0.665551245213,-0.088916644454,1.34416913986,-0.0101873176172,-0.0291938651353,0.653700172901,-0.756121754646
0.665421485901,-0.0889127850533,1.34419226646,-0.010266202502,-0.0291360095143,0.653712928295,-0.756111860275
0.665330469608,-0.0889010503888,1.34419763088,-0.0103040402755,-0.0290914494544,0.653788864613,-0.756047427654
0.665217757225,-0.0889079868793,1.34420847893,-0.0103511186317,-0.0290661472827,0.653832554817,-0.756009995937
0.665176808834,-0.0888394713402,1.34422719479,-0.0103637361899,-0.0291283652186,0.654039800167,-0.755828201771
0.664842903614,-0.0885784029961,1.344165802,-0.0108244717121,-0.0285445209593,0.653647720814,-0.756183087826
0.664695978165,-0.0885132104158,1.34409797192,-0.0107794236392,-0.0283194575459,0.653715968132,-0.756133198738
0.664580643177,-0.0885130167007,1.34412670135,-0.0108100827783,-0.0282923765481,0.653948843479,-0.755932331085
0.664532899857,-0.0885539576411,1.34421181679,-0.0109589351341,-0.0284925121814,0.654346704483,-0.755578219891
0.664356589317,-0.0886117368937,1.34422910213,-0.0111098727211,-0.0284926109016,0.654311954975,-0.75560605526
0.664238274097,-0.0885938331485,1.34422779083,-0.011160925962,-0.0284784156829,0.654489099979,-0.755452573299
0.664112985134,-0.0885681658983,1.34423863888,-0.0112115126103,-0.0285489670932,0.65467196703,-0.75529062748
0.664011478424,-0.0885490179062,1.34424626827,-0.0113470954821,-0.0286657866091,0.654976785183,-0.755019903183
0.664037704468,-0.0885973423719,1.34430682659,-0.0110616059974,-0.0291955564171,0.65546900034,-0.75457650423
0.66406160593,-0.088547244668,1.34446012974,-0.0101246228442,-0.0284238345921,0.654757201672,-0.755236744881
0.663964271545,-0.0885154008865,1.34446418285,-0.010175742209,-0.0285024233162,0.655040860176,-0.754987180233
0.663748979568,-0.0884091556072,1.34442257881,-0.0103875314817,-0.028070461005,0.655067145824,-0.754977703094
0.663659095764,-0.0883862227201,1.34442579746,-0.0104116983712,-0.0281630158424,0.655377388,-0.754704594612
0.663733184338,-0.088428363204,1.34447920322,-0.0101127661765,-0.0287193357944,0.655944168568,-0.754195094109
0.663525104523,-0.0883239656687,1.34440338612,-0.0103211505339,-0.0283518433571,0.655816257,-0.75431740284
0.663505852222,-0.0882980078459,1.34439468384,-0.0102571137249,-0.0284495353699,0.656063199043,-0.754099845886
0.663658738136,-0.0885135754943,1.34451127052,-0.00981305260211,-0.029286518693,0.656662046909,-0.75355219841
0.66343832016,-0.0882764309645,1.34438300133,-0.010065915063,-0.0286724697798,0.656409442425,-0.753792643547
0.663425028324,-0.0882535278797,1.34435105324,-0.00998989213258,-0.028679292649,0.656554758549,-0.753666758537
0.663399100304,-0.088244959712,1.34434986115,-0.00987500697374,-0.0287545416504,0.65671557188,-0.75352537632
0.663397490978,-0.0881805792451,1.34434640408,-0.00978954602033,-0.0288436617702,0.656805694103,-0.753444373608
0.663389265537,-0.0881753191352,1.34432947636,-0.0096729779616,-0.0288960840553,0.656834125519,-0.753419220448
0.663397550583,-0.0881720930338,1.34432768822,-0.00957018882036,-0.0289599206299,0.656870603561,-0.753386259079
0.663257002831,-0.0881953835487,1.34418559074,-0.0103815151379,-0.0297052785754,0.657965183258,-0.752390682697
0.663386940956,-0.0881586000323,1.34432768822,-0.00936978776008,-0.0290483701974,0.656823754311,-0.753426134586
0.663413524628,-0.0881555452943,1.34431815147,-0.00925500039011,-0.0290860235691,0.656838178635,-0.753413677216
0.663525521755,-0.0883795469999,1.34426796436,-0.00967627391219,-0.0305292811245,0.65831464529,-0.752061367035
0.663471698761,-0.0881341323256,1.34430122375,-0.00905378628522,-0.0292215906084,0.656682133675,-0.753546714783
0.663466095924,-0.0881416648626,1.3443198204,-0.00904297363013,-0.0292888395488,0.656606078148,-0.753610610962
0.66347771883,-0.088138371706,1.34432911873,-0.00899618584663,-0.02935314551,0.656565368176,-0.753644049168
0.663703024387,-0.0883335396647,1.34444522858,-0.00859241560102,-0.0301051586866,0.656956136227,-0.753278553486
0.663670599461,-0.0882903784513,1.34449374676,-0.00863414630294,-0.0302588846534,0.656849741936,-0.753364622593
0.663716435432,-0.0881045013666,1.34441447258,-0.00854992866516,-0.0301389358938,0.656951248646,-0.753281891346
0.663748204708,-0.0880840718746,1.34441363811,-0.0084646102041,-0.0302485488355,0.657002151012,-0.753234028816
0.663794994354,-0.0880664288998,1.34439992905,-0.0083340536803,-0.0303886625916,0.657108902931,-0.753136813641
0.663889706135,-0.0881951674819,1.3444467783,-0.00815899670124,-0.0307106003165,0.657273471355,-0.752982079983
0.66389220953,-0.0880624502897,1.34440505505,-0.00818439852446,-0.0306835584342,0.65726852417,-0.752987086773
0.66392993927,-0.0880578458309,1.34440422058,-0.00808296538889,-0.0308360029012,0.657307803631,-0.752947747707
0.663969099522,-0.0880742296576,1.34441566467,-0.00800464861095,-0.0310414228588,0.657337486744,-0.752914130688
0.663910627365,-0.0882278904319,1.34432625771,-0.00883892457932,-0.0322383642197,0.658668518066,-0.751690208912
0.663878917694,-0.0880275517702,1.34424471855,-0.00894679594785,-0.0319707170129,0.658501386642,-0.751846849918
0.663992583752,-0.0879739671946,1.34418439865,-0.00863335933536,-0.0320907980204,0.658632099628,-0.751730978489
0.664173662663,-0.0881480127573,1.34423828125,-0.00840821489692,-0.0327679812908,0.658764123917,-0.751588642597
