Fx,Fy,Fz,Tx,Ty,Tz
0.075399633869755,0.0947774098412691,-0.480245210229458,-0.007957263449995,0.0110065076927009,0.0008915039652493
0.169895258172755,0.118373443295269,-0.207765676080458,-0.00888793753306,0.0119294852678019,-0.0004800405877166
0.075399633869755,0.0475853354822691,-0.344005443159458,-0.00888793753306,0.0128524628429009,0.0002057316887663
0.169895258172755,0.0947774098412691,-0.207765676080458,-0.00423456705953,0.0091605525425009,0.0008915039652493
0.169895258172755,0.0475853354822691,-0.480245210229458,-0.00888793753306,0.0137754405344209,0.0002057316887663
0.240766968950755,0.0947774098412691,-0.480245210229458,-0.0051652412008,0.0073145973923009,0.0029488207946963
0.146271344646755,0.0711813763872692,-0.480245210229458,-0.0051652412008,0.0082375748509809,0.0002057316887663
0.146271344646755,0.0239893020285692,-0.344005443159458,-0.00609591534207,0.0082375748509809,-0.0004800405877166
0.146271344646755,0.0239893020285692,-0.480245210229458,-0.007957263449995,0.0119294852678019,0.0002057316887663
0.122647446021755,0.0711813763872692,-0.480245210229458,-0.00888793753306,0.0146984179931009,0.0008915039652493
0.146271344646755,0.0711813763872692,-0.344005443159458,-0.00609591534207,0.0110065076927009,0.0002057316887663
0.169895258172755,0.118373443295269,-0.344005443159458,-0.007957263449995,0.0119294852678019,0.0022630484018063
0.0517757203427549,0.0239893020285692,-0.207765676080458,-0.00702658936693,0.0073145973923009,0.0002057316887663
0.146271344646755,0.0475853354822691,-0.0715259090064585,-0.00609591534207,0.0082375748509809,-0.0004800405877166
0.146271344646755,0.0475853354822691,-0.480245210229458,-0.007957263449995,0.0128524628429009,0.0008915039652493
0.146271344646755,0.0239893020285692,-0.344005443159458,-0.00609591534207,0.0100835301175999,0.0008915039652493
0.146271344646755,0.0475853354822691,-0.344005443159458,-0.00609591534207,0.0128524628429009,-0.0004800405877166
0.169895258172755,0.0003932685746691,-0.616484977309458,-0.00609591534207,0.0082375748509809,0.0050061375077363
0.122647446021755,0.0239893020285692,-0.616484977309458,-0.00609591534207,0.0119294852678019,0.0008915039652493
0.099023547395755,0.0003932685746691,-0.616484977309458,-0.00702658936693,0.0137754405344209,0.0002057316887663
0.169895258172755,0.0475853354822691,-0.616484977309458,-0.0051652412008,0.0119294852678019,0.0008915039652493
0.146271344646755,0.0947774098412691,-0.207765676080458,-0.00330389315108,0.0063916199336109,0.0008915039652493
0.0281518217177549,0.0711813763872692,-0.344005443159458,-0.00330389315108,0.0091605525425009,0.0002057316887663
0.146271344646755,0.0947774098412691,-0.344005443159458,-0.00702658936693,0.0100835301175999,0.0015772762417363
0.453382131084755,0.259949658920269,-1.16144416480946,-0.01261063386532,0.0230052160526009,-0.0011658128642036
-0.019095990434445,0.141969476749269,-0.0715259090064585,-0.00888793753306,0.0082375748509809,-0.0032231298100636
-0.089967708662245,0.118373443295269,-0.0715259090064585,-0.00423456705953,0.0073145973923009,0.0008915039652493
-0.113591614738245,0.0475853354822691,-0.207765676080458,-0.007957263449995,0.0073145973923009,-0.0011658128642036
0.146271344646755,-0.0467988039211309,-0.207765676080458,-0.0051652412008,0.0110065076927009,-0.0011658128642036
0.169895258172755,0.0475853354822691,-0.344005443159458,-0.00702658936693,0.0082375748509809,0.0043203651148363
0.122647446021755,0.141969476749269,-0.344005443159458,-0.00702658936693,0.0119294852678019,0.0002057316887663
0.099023547395755,0.0711813763872692,-0.207765676080458,-0.00609591534207,0.0082375748509809,0.0002057316887663
0.075399633869755,0.0239893020285692,-0.480245210229458,-0.00609591534207,0.0128524628429009,0.0015772762417363
0.122647446021755,0.0711813763872692,-0.480245210229458,-0.0051652412008,0.0100835301175999,0.0015772762417363
-0.019095990434445,0.0003932685746691,-0.207765676080458,-0.00423456705953,0.0045456645505809,-0.0004800405877166
0.122647446021755,0.0475853354822691,-0.480245210229458,-0.00609591534207,0.0146984179931009,0.0008915039652493
0.169895258172755,0.0711813763872692,-0.480245210229458,-0.00609591534207,0.0100835301175999,0.0008915039652493
0.0281518217177549,0.118373443295269,-0.207765676080458,-0.00702658936693,0.0073145973923009,-0.0011658128642036
0.146271344646755,0.118373443295269,-0.344005443159458,-0.007957263449995,0.0110065076927009,-0.0011658128642036
0.075399633869755,0.0475853354822691,-0.0715259090064585,-0.0051652412008,0.0063916199336109,0.0002057316887663
0.0281518217177549,0.0003932685746691,-0.344005443159458,-0.00423456705953,0.0128524628429009,0.0002057316887663
0.122647446021755,0.0947774098412691,-0.480245210229458,-0.00423456705953,0.0082375748509809,0.0036345931875963
0.146271344646755,0.0947774098412691,-0.207765676080458,-0.00609591534207,0.0073145973923009,-0.0004800405877166
0.122647446021755,0.0947774098412691,-0.207765676080458,-0.00423456705953,0.0082375748509809,0.0002057316887663
0.099023547395755,0.0475853354822691,-0.207765676080458,-0.00609591534207,0.0073145973923009,-0.0004800405877166
0.0281518217177549,0.0239893020285692,-0.344005443159458,-0.0051652412008,0.0063916199336109,0.0008915039652493
0.075399633869755,0.0947774098412691,-0.480245210229458,-0.00702658936693,0.0119294852678019,0.0008915039652493
0.146271344646755,0.118373443295269,-0.344005443159458,-0.00609591534207,0.0119294852678019,0.0008915039652493
0.0045279156417549,0.141969476749269,-0.207765676080458,-0.009818611616125,0.0137754405344209,-0.0004800405877166
0.0281518217177549,-0.0703948392377308,-0.344005443159458,-0.00609591534207,0.0137754405344209,-0.0004800405877166
-0.019095990434445,0.0003932685746691,-0.207765676080458,-0.00702658936693,0.0091605525425009,0.0002057316887663
0.122647446021755,0.141969476749269,-0.0715259090064585,-0.00609591534207,0.0091605525425009,0.0002057316887663
0.075399633869755,0.0475853354822691,-0.207765676080458,-0.0051652412008,0.0091605525425009,-0.0004800405877166
0.217143055423755,0.0239893020285692,-0.480245210229458,-0.007957263449995,0.0073145973923009,0.0036345931875963
0.122647446021755,0.0711813763872692,-0.344005443159458,-0.00609591534207,0.0073145973923009,0.0008915039652493
0.146271344646755,0.118373443295269,-0.344005443159458,-0.00609591534207,0.0110065076927009,0.0008915039652493
0.146271344646755,0.0711813763872692,-0.344005443159458,-0.00609591534207,0.0119294852678019,0.0015772762417363
0.0281518217177549,0.0711813763872692,-0.0715259090064585,-0.0051652412008,0.0091605525425009,-0.0011658128642036
0.099023547395755,0.0711813763872692,-0.344005443159458,-0.00423456705953,0.0100835301175999,0.0008915039652493
0.146271344646755,0.0711813763872692,-0.480245210229458,-0.007957263449995,0.0110065076927009,0.0002057316887663
0.075399633869755,0.0947774098412691,-0.344005443159458,-0.0051652412008,0.0063916199336109,0.0002057316887663
0.075399633869755,0.0947774098412691,-0.344005443159458,-0.00888793753306,0.0119294852678019,0.0002057316887663
0.122647446021755,0.0947774098412691,-0.344005443159458,-0.007957263449995,0.0091605525425009,0.0008915039652493
0.0517757203427549,0.0947774098412691,-0.207765676080458,-0.007957263449995,0.0073145973923009,0.0008915039652493
0.146271344646755,0.0475853354822691,-0.207765676080458,-0.00423456705953,0.0063916199336109,-0.0004800405877166
0.146271344646755,0.0239893020285692,-0.480245210229458,-0.0051652412008,0.0054686420092609,0.0043203651148363
0.122647446021755,0.0239893020285692,-0.0715259090064585,-0.00609591534207,0.0082375748509809,0.0002057316887663
0.122647446021755,0.0711813763872692,-0.207765676080458,-0.0051652412008,0.0054686420092609,-0.0004800405877166
0.099023547395755,0.118373443295269,-0.207765676080458,-0.00609591534207,0.0100835301175999,0.0002057316887663
0.075399633869755,0.0711813763872692,-0.344005443159458,-0.007957263449995,0.0119294852678019,0.0002057316887663
0.146271344646755,0.0947774098412691,-0.344005443159458,-0.00702658936693,0.0119294852678019,-0.0004800405877166
0.122647446021755,0.0475853354822691,-0.207765676080458,-0.00702658936693,0.0100835301175999,-0.0004800405877166
0.0517757203427549,0.0239893020285692,-0.207765676080458,-0.0051652412008,0.0082375748509809,-0.0004800405877166
0.0281518217177549,0.0003932685746691,-0.207765676080458,-0.007957263449995,0.0082375748509809,0.0002057316887663
0.169895258172755,0.0711813763872692,-0.0715259090064585,-0.0051652412008,0.0063916199336109,0.0002057316887663
0.099023547395755,0.0947774098412691,-0.344005443159458,-0.00609591534207,0.0100835301175999,0.0002057316887663
0.075399633869755,0.0711813763872692,-0.480245210229458,-0.007957263449995,0.0156213954517909,0.0008915039652493
0.099023547395755,0.0003932685746691,-0.480245210229458,-0.00609591534207,0.0073145973923009,0.0043203651148363
0.0281518217177549,0.0475853354822691,-0.207765676080458,-0.00423456705953,0.0073145973923009,0.0008915039652493
0.099023547395755,0.0239893020285692,-0.207765676080458,-0.00330389315108,0.0082375748509809,-0.0004800405877166
0.075399633869755,0.0475853354822691,-0.344005443159458,-0.0051652412008,0.0091605525425009,0.0015772762417363
0.122647446021755,0.0711813763872692,-0.480245210229458,-0.009818611616125,0.0100835301175999,-0.0004800405877166
0.099023547395755,0.0239893020285692,-0.207765676080458,-0.007957263449995,0.0054686420092609,-0.0011658128642036
0.122647446021755,0.189161543657269,-0.344005443159458,-0.0051652412008,0.0073145973923009,0.0015772762417363
0.099023547395755,0.0711813763872692,-0.207765676080458,-0.0051652412008,0.0073145973923009,0.0002057316887663
0.075399633869755,0.118373443295269,-0.207765676080458,-0.0051652412008,0.0054686420092609,0.0008915039652493
0.099023547395755,0.118373443295269,-0.480245210229458,-0.009818611616125,0.0100835301175999,0.0008915039652493
0.122647446021755,0.0947774098412691,-0.344005443159458,-0.0051652412008,0.0073145973923009,0.0008915039652493
0.0517757203427549,0.0475853354822691,-0.344005443159458,-0.0051652412008,0.0100835301175999,0.0002057316887663
0.122647446021755,0.0239893020285692,-0.616484977309458,-0.00702658936693,0.0054686420092609,0.0056919099006363
0.075399633869755,0.0239893020285692,-0.207765676080458,-0.00330389315108,0.0045456645505809,0.0008915039652493
0.122647446021755,0.0947774098412691,-0.480245210229458,-0.00702658936693,0.0119294852678019,0.0015772762417363
0.122647446021755,0.0711813763872692,-0.480245210229458,-0.00423456705953,0.0063916199336109,0.0015772762417363
0.099023547395755,0.0947774098412691,-0.0715259090064585,-0.0051652412008,0.0045456645505809,0.0008915039652493
0.075399633869755,0.0711813763872692,-0.207765676080458,-0.00423456705953,0.0045456645505809,-0.0011658128642036
0.122647446021755,0.0947774098412691,-0.207765676080458,-0.00609591534207,0.0091605525425009,0.0002057316887663
0.0517757203427549,0.0239893020285692,-0.207765676080458,-0.00330389315108,0.0082375748509809,0.0002057316887663
0.122647446021755,0.0711813763872692,-0.480245210229458,-0.007957263449995,0.0091605525425009,0.0002057316887663
0.099023547395755,0.118373443295269,-0.344005443159458,-0.00888793753306,0.0082375748509809,0.0015772762417363
0.075399633869755,0.0947774098412691,-0.480245210229458,-0.009818611616125,0.0128524628429009,0.0008915039652493
0.0045279156417549,0.0475853354822691,-0.480245210229458,-0.00888793753306,0.0128524628429009,0.0015772762417363
0.075399633869755,0.189161543657269,-0.480245210229458,-0.00609591534207,0.0091605525425009,0.0056919099006363
0.075399633869755,0.0711813763872692,-0.480245210229458,-0.009818611616125,0.0100835301175999,0.0002057316887663
0.146271344646755,0.0947774098412691,-0.344005443159458,-0.007957263449995,0.0137754405344209,0.0015772762417363
0.0281518217177549,0.0947774098412691,-0.344005443159458,-0.00702658936693,0.0146984179931009,-0.0004800405877166
0.099023547395755,0.0947774098412691,-0.207765676080458,-0.00609591534207,0.0091605525425009,0.0002057316887663
0.075399633869755,0.0711813763872692,-0.207765676080458,-0.00609591534207,0.0091605525425009,-0.0011658128642036
0.146271344646755,0.0947774098412691,-0.344005443159458,-0.00702658936693,0.0091605525425009,0.0008915039652493
0.099023547395755,0.0711813763872692,-0.207765676080458,-0.00423456705953,0.0054686420092609,-0.0004800405877166
0.0281518217177549,0.0475853354822691,-0.207765676080458,-0.0051652412008,0.0073145973923009,0.0002057316887663
0.075399633869755,0.0711813763872692,-0.344005443159458,-0.00423456705953,0.0091605525425009,0.0008915039652493
0.122647446021755,0.0947774098412691,-0.207765676080458,-0.007957263449995,0.0091605525425009,-0.0004800405877166
0.146271344646755,0.0947774098412691,-0.207765676080458,-0.00702658936693,0.0063916199336109,-0.0004800405877166
0.169895258172755,-0.0467988039211309,-0.207765676080458,-0.007957263449995,0.0036226870918909,0.0029488207946963
0.099023547395755,0.0239893020285692,-0.207765676080458,-0.00702658936693,0.0073145973923009,-0.0011658128642036
0.146271344646755,0.0711813763872692,-0.0715259090064585,-0.00609591534207,0.0082375748509809,0.0002057316887663
0.099023547395755,0.118373443295269,-0.207765676080458,-0.0051652412008,0.0082375748509809,0.0008915039652493
0.122647446021755,0.0947774098412691,-0.344005443159458,-0.0051652412008,0.0073145973923009,0.0008915039652493
0.075399633869755,0.118373443295269,-0.0715259090064585,-0.0051652412008,0.0054686420092609,0.0002057316887663
0.0045279156417549,0.0239893020285692,-0.344005443159458,-0.00330389315108,0.0091605525425009,0.0002057316887663
0.075399633869755,0.0239893020285692,-0.480245210229458,-0.00609591534207,0.0100835301175999,0.0008915039652493
0.146271344646755,0.0475853354822691,-0.344005443159458,-0.0051652412008,0.0073145973923009,0.0015772762417363
0.075399633869755,0.0711813763872692,-0.344005443159458,-0.007957263449995,0.0119294852678019,0.0008915039652493
0.146271344646755,0.0711813763872692,-0.344005443159458,-0.00702658936693,0.0091605525425009,0.0008915039652493
0.075399633869755,0.0711813763872692,-0.0715259090064585,-0.0051652412008,0.0045456645505809,-0.0004800405877166
0.0517757203427549,0.0475853354822691,-0.344005443159458,-0.007957263449995,0.0073145973923009,0.0043203651148363
0.0517757203427549,0.0711813763872692,-0.0715259090064585,-0.007957263449995,0.0073145973923009,-0.0004800405877166
0.122647446021755,0.0239893020285692,-0.207765676080458,-0.00423456705953,0.0063916199336109,0.0002057316887663
0.169895258172755,0.118373443295269,-0.344005443159458,-0.007957263449995,0.0110065076927009,0.0015772762417363
0.075399633869755,0.0475853354822691,-0.207765676080458,-0.0051652412008,0.0073145973923009,0.0008915039652493
0.075399633869755,0.0475853354822691,-0.207765676080458,-0.00609591534207,0.0100835301175999,0.0002057316887663
0.099023547395755,0.0711813763872692,-0.207765676080458,-0.00609591534207,0.0100835301175999,0.0008915039652493
0.146271344646755,0.0947774098412691,-0.344005443159458,-0.00609591534207,0.0073145973923009,0.0015772762417363
0.0517757203427549,0.0711813763872692,-0.0715259090064585,-0.00702658936693,0.0110065076927009,0.0002057316887663
0.0517757203427549,0.0711813763872692,-0.480245210229458,-0.00609591534207,0.0100835301175999,0.0008915039652493
0.075399633869755,0.0239893020285692,-0.207765676080458,-0.0051652412008,0.0054686420092609,-0.0004800405877166
0.122647446021755,0.0711813763872692,-0.207765676080458,-0.00702658936693,0.0110065076927009,0.0002057316887663
0.146271344646755,0.0239893020285692,-0.344005443159458,-0.00702658936693,0.0063916199336109,0.0036345931875963
0.0281518217177549,0.0475853354822691,-0.207765676080458,-0.00237321877698,0.0036226870918909,0.0015772762417363
0.075399633869755,0.0239893020285692,-0.207765676080458,-0.00609591534207,0.0054686420092609,0.0015772762417363
0.075399633869755,0.0239893020285692,-0.0715259090064585,-0.0051652412008,0.0054686420092609,0.0002057316887663
0.122647446021755,0.0711813763872692,-0.0715259090064585,-0.00609591534207,0.0091605525425009,0.0002057316887663
0.099023547395755,0.0239893020285692,-0.207765676080458,-0.00702658936693,0.0100835301175999,-0.0004800405877166
0.0281518217177549,0.0003932685746691,-0.207765676080458,-0.0051652412008,0.0091605525425009,-0.0004800405877166
0.075399633869755,0.0947774098412691,-0.207765676080458,-0.00702658936693,0.0110065076927009,0.0008915039652493
0.0281518217177549,0.0475853354822691,-0.207765676080458,-0.00609591534207,0.0100835301175999,-0.0004800405877166
0.075399633869755,0.0711813763872692,-0.207765676080458,-0.00609591534207,0.0100835301175999,0.0002057316887663
0.0045279156417549,0.0003932685746691,-0.207765676080458,-0.00423456705953,0.0082375748509809,-0.0004800405877166
0.0281518217177549,0.0239893020285692,-0.207765676080458,-0.00423456705953,0.0082375748509809,0.0002057316887663
0.122647446021755,0.189161543657269,-0.616484977309458,-0.00609591534207,0.0091605525425009,0.0043203651148363
0.075399633869755,0.0475853354822691,-0.344005443159458,-0.00702658936693,0.0091605525425009,0.0002057316887663
0.075399633869755,0.0239893020285692,-0.0715259090064585,-0.00609591534207,0.0091605525425009,-0.0004800405877166
0.0517757203427549,0.0475853354822691,-0.344005443159458,-0.00609591534207,0.0110065076927009,0.0008915039652493
0.075399633869755,0.0239893020285692,-0.344005443159458,-0.0051652412008,0.0110065076927009,0.0002057316887663
0.075399633869755,0.0003932685746691,-0.207765676080458,-0.00609591534207,0.0054686420092609,0.0008915039652493
0.0517757203427549,0.0947774098412691,-0.344005443159458,-0.007957263449995,0.0119294852678019,0.0008915039652493
0.099023547395755,0.0947774098412691,-0.207765676080458,-0.00702658936693,0.0100835301175999,-0.0004800405877166
0.0517757203427549,0.0947774098412691,-0.0715259090064585,-0.00609591534207,0.0110065076927009,0.0002057316887663
0.0045279156417549,0.0003932685746691,-0.207765676080458,-0.00609591534207,0.0082375748509809,0.0008915039652493
0.099023547395755,0.0711813763872692,-0.207765676080458,-0.00888793753306,0.0073145973923009,0.0002057316887663
0.075399633869755,0.0711813763872692,-0.207765676080458,-0.00609591534207,0.0082375748509809,0.0002057316887663
0.0517757203427549,0.0003932685746691,-0.344005443159458,-0.00609591534207,0.0054686420092609,0.0050061375077363
0.0281518217177549,0.0239893020285692,-0.207765676080458,-0.0051652412008,0.0073145973923009,0.0002057316887663
0.0281518217177549,0.0475853354822691,0.0647139176725415,-0.00330389315108,0.0054686420092609,-0.0004800405877166
0.075399633869755,0.0711813763872692,-0.344005443159458,-0.007957263449995,0.0146984179931009,0.0008915039652493
0.0281518217177549,0.0475853354822691,-0.207765676080458,-0.0051652412008,0.0119294852678019,0.0002057316887663
0.099023547395755,0.0711813763872692,-0.0715259090064585,-0.0051652412008,0.0054686420092609,0.0002057316887663
0.0281518217177549,0.0711813763872692,-0.207765676080458,-0.00888793753306,0.0073145973923009,0.0008915039652493
0.122647446021755,0.0947774098412691,-0.344005443159458,-0.007957263449995,0.0110065076927009,0.0015772762417363
0.0045279156417549,0.0003932685746691,-0.207765676080458,-0.00423456705953,0.0082375748509809,0.0002057316887663
0.169895258172755,0.0711813763872692,-0.207765676080458,-0.00702658936693,0.0082375748509809,0.0008915039652493
0.0517757203427549,0.0239893020285692,-0.480245210229458,-0.00609591534207,0.0100835301175999,0.0008915039652493
0.0517757203427549,0.0947774098412691,-0.344005443159458,-0.00609591534207,0.0073145973923009,0.0008915039652493
0.0517757203427549,0.0711813763872692,-0.344005443159458,-0.00609591534207,0.0063916199336109,0.0043203651148363
0.0281518217177549,0.118373443295269,-0.344005443159458,-0.00423456705953,0.0063916199336109,0.0002057316887663
0.075399633869755,0.0947774098412691,-0.207765676080458,-0.007957263449995,0.0073145973923009,0.0008915039652493
0.0281518217177549,0.0711813763872692,-0.0715259090064585,-0.00330389315108,0.0073145973923009,0.0002057316887663
0.075399633869755,0.0711813763872692,-0.207765676080458,-0.0051652412008,0.0082375748509809,-0.0004800405877166
-0.019095990434445,0.0003932685746691,-0.207765676080458,-0.0051652412008,0.0100835301175999,-0.0004800405877166
0.075399633869755,0.0711813763872692,-0.344005443159458,-0.00423456705953,0.0073145973923009,-0.0004800405877166
0.0517757203427549,0.0475853354822691,-0.207765676080458,-0.00702658936693,0.0110065076927009,0.0002057316887663
0.0517757203427549,0.0475853354822691,-0.344005443159458,-0.00702658936693,0.0082375748509809,-0.0011658128642036
0.0281518217177549,0.0711813763872692,-0.207765676080458,-0.00702658936693,0.0128524628429009,0.0002057316887663
-0.019095990434445,0.0003932685746691,-0.207765676080458,-0.00702658936693,0.0091605525425009,0.0002057316887663
0.0281518217177549,0.0475853354822691,-0.207765676080458,-0.00609591534207,0.0100835301175999,0.0002057316887663
0.0517757203427549,0.0475853354822691,-0.344005443159458,-0.0051652412008,0.0045456645505809,0.0036345931875963
0.0045279156417549,0.0711813763872692,-0.207765676080458,-0.0051652412008,0.0073145973923009,0.0002057316887663
0.099023547395755,0.0475853354822691,-0.344005443159458,-0.0051652412008,0.0082375748509809,0.0008915039652493
-0.019095990434445,0.0711813763872692,-0.207765676080458,-0.0051652412008,0.0063916199336109,0.0002057316887663
0.0517757203427549,0.141969476749269,-0.0715259090064585,-0.00609591534207,0.0045456645505809,0.0002057316887663
0.122647446021755,0.0475853354822691,-0.207765676080458,-0.0051652412008,0.0063916199336109,0.0008915039652493
0.099023547395755,0.0711813763872692,-0.207765676080458,-0.00888793753306,0.0100835301175999,0.0008915039652493
0.122647446021755,0.0003932685746691,-0.344005443159458,-0.00702658936693,0.0110065076927009,0.0008915039652493
0.075399633869755,0.0475853354822691,-0.207765676080458,-0.0051652412008,0.0082375748509809,0.0008915039652493
0.0517757203427549,-0.0232027686045308,-0.207765676080458,-0.0051652412008,0.0082375748509809,0.0002057316887663
0.0517757203427549,0.0003932685746691,-0.207765676080458,-0.00423456705953,0.0091605525425009,0.0008915039652493
0.0517757203427549,-0.0232027686045308,-0.0715259090064585,-0.00609591534207,0.0100835301175999,0.0008915039652493
0.0281518217177549,-0.0232027686045308,-0.480245210229458,-0.00702658936693,0.0073145973923009,0.0022630484018063
0.0045279156417549,0.0003932685746691,-0.207765676080458,-0.00237321877698,0.0036226870918909,0.0002057316887663
0.122647446021755,0.0239893020285692,-0.0715259090064585,-0.00702658936693,0.0082375748509809,0.0002057316887663
0.0281518217177549,-0.0232027686045308,-0.207765676080458,-0.00330389315108,0.0054686420092609,-0.0004800405877166
0.099023547395755,0.0239893020285692,-0.0715259090064585,-0.00330389315108,0.0045456645505809,-0.0004800405877166
0.240766968950755,0.0003932685746691,-0.0715259090064585,-0.00609591534207,0.0082375748509809,-0.0011658128642036
0.217143055423755,0.0003932685746691,-0.0715259090064585,-0.00609591534207,0.0063916199336109,-0.0004800405877166
0.240766968950755,0.0003932685746691,-0.0715259090064585,-0.0051652412008,0.0073145973923009,-0.0004800405877166
0.240766968950755,0.0475853354822691,-0.344005443159458,-0.00702658936693,0.0091605525425009,0.0002057316887663
0.288014796003755,0.0475853354822691,-0.480245210229458,-0.00702658936693,0.0110065076927009,0.0002057316887663
0.240766968950755,0.0239893020285692,-0.344005443159458,-0.00423456705953,0.0091605525425009,0.0002057316887663
0.311638709529755,0.0475853354822691,-0.480245210229458,-0.00702658936693,0.0110065076927009,0.0008915039652493
0.264390882476755,0.189161543657269,-0.752724744379458,-0.00423456705953,0.0128524628429009,0.0050061375077363
0.335262593254755,0.0711813763872692,-0.480245210229458,-0.00423456705953,0.0110065076927009,0.0015772762417363
0.335262593254755,0.0239893020285692,-0.344005443159458,-0.00330389315108,0.0091605525425009,0.0002057316887663
0.311638709529755,0.0239893020285692,-0.207765676080458,-0.00609591534207,0.0091605525425009,-0.0004800405877166
0.311638709529755,0.0711813763872692,-0.344005443159458,-0.00609591534207,0.0128524628429009,-0.0004800405877166
0.335262593254755,0.0475853354822691,-0.480245210229458,-0.00423456705953,0.0100835301175999,0.0015772762417363
0.240766968950755,0.0003932685746691,-0.616484977309458,-0.00609591534207,0.0156213954517909,0.0002057316887663
0.335262593254755,0.0003932685746691,-0.480245210229458,-0.00609591534207,0.0100835301175999,0.0002057316887663
0.288014796003755,0.0475853354822691,-0.344005443159458,-0.00609591534207,0.0137754405344209,-0.0004800405877166
0.288014796003755,-0.0232027686045308,-0.207765676080458,-0.00609591534207,0.0082375748509809,-0.0004800405877166
0.217143055423755,-0.0232027686045308,-0.344005443159458,-0.00609591534207,0.0091605525425009,0.0008915039652493
0.193519171699755,0.0003932685746691,-0.207765676080458,-0.00702658936693,0.0091605525425009,-0.0011658128642036
0.288014796003755,0.0475853354822691,-0.480245210229458,-0.007957263449995,0.0045456645505809,0.0036345931875963
0.264390882476755,0.118373443295269,-0.207765676080458,-0.00609591534207,0.0073145973923009,0.0002057316887663
0.217143055423755,0.0711813763872692,-0.207765676080458,-0.00423456705953,0.0082375748509809,0.0008915039652493
0.264390882476755,0.0711813763872692,-0.344005443159458,-0.007957263449995,0.0119294852678019,0.0008915039652493
0.288014796003755,0.0239893020285692,-0.0715259090064585,-0.00423456705953,0.0073145973923009,0.0002057316887663
0.217143055423755,0.0947774098412691,-0.480245210229458,-0.00423456705953,0.0100835301175999,0.0008915039652493
0.193519171699755,0.0711813763872692,-0.344005443159458,-0.00609591534207,0.0100835301175999,0.0008915039652493
0.240766968950755,0.0947774098412691,-0.480245210229458,-0.00423456705953,0.0110065076927009,0.0015772762417363
0.193519171699755,0.0947774098412691,-0.344005443159458,-0.00888793753306,0.0082375748509809,0.0008915039652493
0.240766968950755,0.0003932685746691,-0.207765676080458,-0.00702658936693,0.0091605525425009,0.0002057316887663
0.217143055423755,0.0003932685746691,-0.207765676080458,-0.00702658936693,0.0091605525425009,0.0008915039652493
0.193519171699755,0.0003932685746691,0.0647139176725415,-0.00609591534207,0.0082375748509809,0.0002057316887663
0.169895258172755,0.118373443295269,-0.480245210229458,-0.00609591534207,0.0091605525425009,0.0050061375077363
0.122647446021755,0.0003932685746691,0.0647139176725415,-0.00330389315108,0.0054686420092609,-0.0004800405877166
0.169895258172755,0.0239893020285692,-0.0715259090064585,-0.00423456705953,0.0073145973923009,0.0002057316887663
0.146271344646755,-0.0467988039211309,-0.0715259090064585,-0.00330389315108,0.0045456645505809,-0.0004800405877166
0.217143055423755,-0.0232027686045308,-0.0715259090064585,-0.00609591534207,0.0063916199336109,-0.0004800405877166
0.169895258172755,-0.0467988039211309,-0.0715259090064585,-0.00609591534207,0.0054686420092609,-0.0004800405877166
0.193519171699755,0.0239893020285692,-0.0715259090064585,-0.0051652412008,0.0100835301175999,-0.0004800405877166
0.146271344646755,0.0475853354822691,-0.207765676080458,-0.00423456705953,0.0082375748509809,0.0008915039652493
0.122647446021755,0.0003932685746691,-0.207765676080458,-0.0051652412008,0.0100835301175999,0.0002057316887663
0.122647446021755,0.0711813763872692,-0.207765676080458,-0.00423456705953,0.0045456645505809,0.0015772762417363
0.169895258172755,0.0239893020285692,0.0647139176725415,-0.00237321877698,0.0036226870918909,0.0002057316887663
0.217143055423755,0.0711813763872692,-0.0715259090064585,-0.00609591534207,0.0063916199336109,0.0002057316887663
0.193519171699755,0.0239893020285692,-0.344005443159458,-0.00702658936693,0.0063916199336109,0.0043203651148363
0.169895258172755,0.0003932685746691,-0.207765676080458,-0.0051652412008,0.0036226870918909,0.0002057316887663
0.193519171699755,-0.0232027686045308,-0.207765676080458,-0.00330389315108,0.0082375748509809,0.0008915039652493
0.075399633869755,-0.0467988039211309,-0.207765676080458,-0.00330389315108,0.0045456645505809,0.0002057316887663
0.169895258172755,-0.0467988039211309,-0.0715259090064585,-0.0051652412008,0.0073145973923009,-0.0011658128642036
0.169895258172755,0.0003932685746691,-0.207765676080458,-0.00330389315108,0.0082375748509809,0.0002057316887663
0.146271344646755,0.0475853354822691,-0.207765676080458,-0.00423456705953,0.0091605525425009,-0.0004800405877166
0.075399633869755,-0.0232027686045308,-0.207765676080458,-0.0051652412008,0.0091605525425009,0.0002057316887663
0.099023547395755,0.0711813763872692,-0.207765676080458,-0.007957263449995,0.0119294852678019,0.0002057316887663
0.169895258172755,0.0475853354822691,0.0647139176725415,-0.00609591534207,0.0100835301175999,0.0002057316887663
0.122647446021755,0.0711813763872692,0.200953684747541,-0.0051652412008,0.0054686420092609,-0.0011658128642036
0.146271344646755,0.118373443295269,-0.0715259090064585,-0.00423456705953,0.0063916199336109,0.0002057316887663
0.240766968950755,0.0475853354822691,-0.207765676080458,-0.0051652412008,0.0045456645505809,0.0036345931875963
0.193519171699755,0.0475853354822691,-0.207765676080458,-0.00702658936693,0.0026997091675509,0.0008915039652493
0.169895258172755,0.0711813763872692,-0.344005443159458,-0.0051652412008,0.0063916199336109,0.0015772762417363
0.099023547395755,0.0475853354822691,-0.207765676080458,-0.0051652412008,0.0073145973923009,0.0002057316887663
0.122647446021755,0.118373443295269,-0.207765676080458,-0.0051652412008,0.0063916199336109,0.0002057316887663
0.146271344646755,0.118373443295269,-0.207765676080458,-0.00609591534207,0.0091605525425009,0.0002057316887663
0.146271344646755,0.0711813763872692,-0.207765676080458,-0.0051652412008,0.0073145973923009,0.0002057316887663
0.169895258172755,0.141969476749269,-0.207765676080458,-0.00609591534207,0.0063916199336109,0.0002057316887663
0.0281518217177549,0.0711813763872692,-0.0715259090064585,-0.00609591534207,0.0054686420092609,0.0002057316887663
0.075399633869755,0.0947774098412691,-0.207765676080458,-0.0051652412008,0.0054686420092609,-0.0004800405877166
0.122647446021755,0.118373443295269,-0.0715259090064585,-0.007957263449995,0.0073145973923009,0.0002057316887663
0.0517757203427549,0.0711813763872692,-0.344005443159458,-0.00609591534207,0.0082375748509809,-0.0004800405877166
0.099023547395755,0.118373443295269,-0.480245210229458,-0.007957263449995,0.0073145973923009,0.0056919099006363
0.122647446021755,0.0947774098412691,-0.207765676080458,-0.0051652412008,0.0054686420092609,0.0008915039652493
0.122647446021755,0.0239893020285692,-0.344005443159458,-0.0051652412008,0.0110065076927009,0.0002057316887663
0.099023547395755,-0.0232027686045308,-0.0715259090064585,-0.00330389315108,0.0073145973923009,-0.0004800405877166
0.099023547395755,-0.0467988039211309,-0.0715259090064585,-0.0051652412008,0.0063916199336109,-0.0011658128642036
0.146271344646755,0.0003932685746691,-0.207765676080458,-0.0051652412008,0.0082375748509809,-0.0004800405877166
0.075399633869755,0.0475853354822691,-0.207765676080458,-0.00237321877698,0.0036226870918909,0.0002057316887663
0.099023547395755,0.0003932685746691,-0.207765676080458,-0.00609591534207,0.0091605525425009,0.0002057316887663
0.169895258172755,0.0475853354822691,-0.344005443159458,-0.00609591534207,0.0082375748509809,0.0002057316887663
0.122647446021755,-0.0467988039211309,-0.480245210229458,-0.0051652412008,0.0110065076927009,0.0002057316887663
0.099023547395755,-0.117586909870931,-0.207765676080458,-0.0051652412008,0.0073145973923009,0.0002057316887663
0.122647446021755,-0.0703948392377308,-0.344005443159458,-0.0051652412008,0.0110065076927009,-0.0004800405877166
0.169895258172755,-0.117586909870931,-0.480245210229458,-0.00609591534207,0.0045456645505809,0.0043203651148363
0.0517757203427549,-0.0703948392377308,-0.207765676080458,-0.00423456705953,0.0063916199336109,0.0002057316887663
0.122647446021755,0.0475853354822691,-0.207765676080458,-0.00423456705953,0.0045456645505809,-0.0004800405877166
0.099023547395755,0.0003932685746691,0.0647139176725415,-0.00330389315108,0.0054686420092609,-0.0004800405877166
0.099023547395755,0.0475853354822691,-0.207765676080458,-0.00702658936693,0.0091605525425009,0.0008915039652493
0.099023547395755,-0.0232027686045308,-0.0715259090064585,-0.00702658936693,0.0091605525425009,-0.0011658128642036
0.146271344646755,0.0003932685746691,-0.207765676080458,-0.00609591534207,0.0073145973923009,0.0002057316887663
0.146271344646755,0.0003932685746691,-0.0715259090064585,-0.00330389315108,0.0036226870918909,-0.0011658128642036
0.0045279156417549,-0.0467988039211309,-0.207765676080458,-0.0005118709600999,0.0073145973923009,-0.0011658128642036
0.146271344646755,0.0239893020285692,-0.207765676080458,-0.0051652412008,0.0073145973923009,0.0002057316887663
0.0517757203427549,-0.0467988039211309,-0.0715259090064585,-0.00237321877698,0.0063916199336109,-0.0004800405877166
0.122647446021755,-0.0232027686045308,-0.0715259090064585,-0.00423456705953,0.0036226870918909,-0.0004800405877166
0.169895258172755,-0.0467988039211309,-0.344005443159458,-0.00702658936693,0.0036226870918909,0.0043203651148363
0.122647446021755,0.0475853354822691,-0.0715259090064585,-0.00423456705953,0.0026997091675509,0.0002057316887663
0.169895258172755,0.0475853354822691,-0.207765676080458,-0.0051652412008,0.0017767321745209,-0.0004800405877166
0.146271344646755,0.0239893020285692,-0.207765676080458,-0.00423456705953,0.0026997091675509,0.0002057316887663
0.099023547395755,0.0239893020285692,-0.344005443159458,-0.00330389315108,0.0063916199336109,-0.0004800405877166
0.0517757203427549,0.0239893020285692,-0.207765676080458,-0.00237321877698,0.0054686420092609,-0.0004800405877166
0.122647446021755,-0.0232027686045308,-0.207765676080458,-0.00330389315108,0.0063916199336109,0.0008915039652493
0.0281518217177549,-0.0467988039211309,-0.207765676080458,-0.00330389315108,0.0054686420092609,-0.0011658128642036
0.146271344646755,-0.0467988039211309,-0.207765676080458,-0.00702658936693,0.0063916199336109,0.0002057316887663
0.0281518217177549,0.0239893020285692,-0.344005443159458,-0.00144254486854,0.0026997091675509,-0.0004800405877166
0.0281518217177549,0.0003932685746691,-0.207765676080458,-0.00423456705953,0.0036226870918909,-0.0011658128642036
0.075399633869755,0.0239893020285692,-0.0715259090064585,-0.00330389315108,0.0045456645505809,-0.0011658128642036
0.146271344646755,-0.0939908745543308,-0.344005443159458,-0.00609591534207,0.0026997091675509,0.0036345931875963
0.122647446021755,0.0239893020285692,-0.344005443159458,-0.0051652412008,0.0073145973923009,0.0008915039652493
0.099023547395755,0.0475853354822691,-0.0715259090064585,-0.00609591534207,0.0063916199336109,-0.0011658128642036
0.099023547395755,0.0947774098412691,-0.344005443159458,-0.00702658936693,0.0091605525425009,0.0008915039652493
0.099023547395755,0.0711813763872692,-0.207765676080458,-0.00609591534207,0.0054686420092609,0.0008915039652493
0.075399633869755,0.0947774098412691,-0.0715259090064585,-0.007957263449995,0.0063916199336109,-0.0004800405877166
0.0281518217177549,0.0475853354822691,-0.0715259090064585,-0.0051652412008,0.0045456645505809,0.0002057316887663
0.099023547395755,0.189161543657269,-0.344005443159458,-0.00609591534207,0.0091605525425009,0.0008915039652493
0.0281518217177549,0.141969476749269,-0.0715259090064585,-0.00609591534207,0.0100835301175999,0.0002057316887663
0.075399633869755,0.141969476749269,-0.207765676080458,-0.00888793753306,0.0091605525425009,0.0008915039652493
0.0281518217177549,0.0947774098412691,-0.344005443159458,-0.00702658936693,0.0091605525425009,0.0008915039652493
0.122647446021755,0.141969476749269,-0.344005443159458,-0.007957263449995,0.0100835301175999,0.0002057316887663
0.075399633869755,0.141969476749269,-0.480245210229458,-0.00888793753306,0.0063916199336109,0.0056919099006363
0.099023547395755,0.141969476749269,-0.207765676080458,-0.0051652412008,0.0045456645505809,0.0015772762417363
0.0517757203427549,0.0947774098412691,-0.207765676080458,-0.00237321877698,0.0036226870918909,0.0008915039652493
0.099023547395755,0.165565510203269,-0.0715259090064585,-0.00423456705953,0.0073145973923009,0.0008915039652493
0.122647446021755,0.189161543657269,-0.207765676080458,-0.00609591534207,0.0045456645505809,0.0008915039652493
0.146271344646755,0.141969476749269,-0.344005443159458,-0.00702658936693,0.0073145973923009,0.0015772762417363
0.122647446021755,0.118373443295269,-0.344005443159458,-0.00609591534207,0.0073145973923009,0.0008915039652493
0.099023547395755,0.0947774098412691,-0.207765676080458,-0.0051652412008,0.0073145973923009,0.0002057316887663
0.169895258172755,0.189161543657269,-0.344005443159458,-0.00423456705953,0.0063916199336109,0.0015772762417363
0.217143055423755,0.0947774098412691,-0.207765676080458,-0.0051652412008,0.0073145973923009,0.0002057316887663
0.0517757203427549,0.0475853354822691,-0.207765676080458,-0.00609591534207,0.0073145973923009,-0.0004800405877166
0.122647446021755,0.0947774098412691,-0.0715259090064585,-0.00423456705953,0.0073145973923009,0.0002057316887663
0.122647446021755,0.0239893020285692,-0.344005443159458,-0.007957263449995,0.0036226870918909,0.0043203651148363
0.075399633869755,0.0711813763872692,-0.0715259090064585,-0.0051652412008,0.0045456645505809,0.0002057316887663
0.169895258172755,0.141969476749269,-0.0715259090064585,-0.00702658936693,0.0063916199336109,-0.0004800405877166
0.099023547395755,0.0711813763872692,-0.207765676080458,-0.00702658936693,0.0100835301175999,0.0002057316887663
0.0517757203427549,0.0475853354822691,-0.480245210229458,-0.0051652412008,0.0119294852678019,0.0022630484018063
0.099023547395755,0.0947774098412691,-0.207765676080458,-0.0051652412008,0.0082375748509809,0.0002057316887663
0.0517757203427549,0.0003932685746691,-0.0715259090064585,-0.00609591534207,0.0082375748509809,0.0002057316887663
0.122647446021755,0.0239893020285692,0.0647139176725415,-0.00423456705953,0.0026997091675509,-0.0004800405877166
0.122647446021755,0.0475853354822691,-0.0715259090064585,-0.00330389315108,0.0045456645505809,0.0002057316887663
0.146271344646755,0.0711813763872692,-0.0715259090064585,-0.00423456705953,0.0082375748509809,0.0008915039652493
0.122647446021755,0.0711813763872692,-0.207765676080458,-0.00609591534207,0.0082375748509809,0.0002057316887663
0.075399633869755,0.0475853354822691,-0.207765676080458,-0.00423456705953,0.0082375748509809,0.0002057316887663
0.122647446021755,0.212757592012269,-0.480245210229458,-0.0051652412008,0.0073145973923009,0.0056919099006363
0.193519171699755,0.0239893020285692,-0.0715259090064585,-0.00423456705953,0.0054686420092609,0.0008915039652493
0.169895258172755,0.0003932685746691,-0.207765676080458,-0.00330389315108,0.0054686420092609,0.0002057316887663
0.075399633869755,0.0239893020285692,-0.344005443159458,-0.00423456705953,0.0091605525425009,0.0008915039652493
0.146271344646755,0.0003932685746691,-0.207765676080458,-0.00423456705953,0.0082375748509809,0.0008915039652493
0.193519171699755,0.0003932685746691,-0.0715259090064585,-0.0051652412008,0.0063916199336109,0.0002057316887663
0.146271344646755,0.0947774098412691,-0.0715259090064585,-0.00423456705953,0.0091605525425009,0.0002057316887663
0.146271344646755,0.0711813763872692,-0.0715259090064585,-0.00423456705953,0.0063916199336109,0.0002057316887663
0.169895258172755,0.0239893020285692,-0.0715259090064585,-0.0051652412008,0.0054686420092609,0.0002057316887663
0.169895258172755,0.0239893020285692,-0.0715259090064585,-0.00423456705953,0.0073145973923009,0.0008915039652493
0.146271344646755,0.0475853354822691,-0.207765676080458,-0.00144254486854,0.0036226870918909,0.0008915039652493
0.169895258172755,-0.0232027686045308,-0.0715259090064585,-0.00609591534207,0.0063916199336109,-0.0004800405877166
0.099023547395755,-0.0467988039211309,-0.480245210229458,-0.00609591534207,0.0073145973923009,0.0036345931875963
0.0281518217177549,0.0003932685746691,-0.0715259090064585,-0.00237321877698,0.0045456645505809,-0.0004800405877166
0.075399633869755,0.0003932685746691,-0.0715259090064585,-0.00237321877698,0.0054686420092609,-0.0004800405877166
0.169895258172755,0.0711813763872692,-0.207765676080458,-0.00702658936693,0.0073145973923009,-0.0004800405877166
0.122647446021755,0.0475853354822691,-0.0715259090064585,-0.00330389315108,0.0063916199336109,-0.0004800405877166
0.193519171699755,0.141969476749269,-0.0715259090064585,-0.00702658936693,0.0082375748509809,-0.0004800405877166
0.264390882476755,0.141969476749269,-0.344005443159458,-0.00702658936693,0.0091605525425009,0.0015772762417363
0.217143055423755,0.118373443295269,-0.344005443159458,-0.007957263449995,0.0100835301175999,0.0015772762417363
0.169895258172755,0.0475853354822691,-0.207765676080458,-0.00702658936693,0.0091605525425009,0.0002057316887663
0.169895258172755,0.0475853354822691,-0.207765676080458,-0.00702658936693,0.0073145973923009,0.0002057316887663
0.264390882476755,0.0711813763872692,-0.344005443159458,-0.007957263449995,0.0100835301175999,0.0008915039652493
0.217143055423755,0.0711813763872692,-0.344005443159458,-0.00609591534207,0.0100835301175999,0.0008915039652493
0.193519171699755,-0.0232027686045308,-0.344005443159458,-0.00609591534207,0.0054686420092609,0.0063776822935363
0.264390882476755,0.0475853354822691,-0.0715259090064585,-0.0051652412008,0.0063916199336109,-0.0004800405877166
0.217143055423755,0.0475853354822691,-0.344005443159458,-0.0051652412008,0.0073145973923009,0.0008915039652493
0.193519171699755,0.0239893020285692,-0.0715259090064585,-0.007957263449995,0.0082375748509809,-0.0004800405877166
0.169895258172755,0.0947774098412691,-0.344005443159458,-0.00609591534207,0.0100835301175999,0.0008915039652493
0.122647446021755,0.0947774098412691,-0.0715259090064585,-0.00609591534207,0.0091605525425009,0.0002057316887663
0.240766968950755,0.0711813763872692,-0.207765676080458,-0.00423456705953,0.0073145973923009,0.0015772762417363
0.099023547395755,0.0239893020285692,-0.207765676080458,-0.00330389315108,0.0082375748509809,0.0008915039652493
0.0281518217177549,-0.0232027686045308,-0.480245210229458,-0.00702658936693,0.0119294852678019,0.0015772762417363
0.0517757203427549,-0.0232027686045308,-0.207765676080458,-0.0051652412008,0.0082375748509809,-0.0011658128642036
-0.019095990434445,-0.0703948392377308,-0.0715259090064585,-0.00330389315108,0.0036226870918909,-0.0018515850242736
0.0281518217177549,0.0003932685746691,-0.0715259090064585,-0.00702658936693,0.0045456645505809,-0.0004800405877166
0.0281518217177549,0.0239893020285692,-0.207765676080458,-0.00609591534207,0.0026997091675509,0.0029488207946963
-0.019095990434445,0.0003932685746691,-0.344005443159458,-0.0051652412008,0.0054686420092609,0.0015772762417363
0.099023547395755,0.0003932685746691,0.0647139176725415,-0.00330389315108,0.0017767321745209,-0.0004800405877166
0.075399633869755,0.0239893020285692,-0.0715259090064585,-0.00702658936693,0.0063916199336109,0.0002057316887663
0.0517757203427549,0.0003932685746691,-0.207765676080458,-0.00702658936693,0.0073145973923009,0.0002057316887663
0.075399633869755,0.0475853354822691,-0.344005443159458,-0.0051652412008,0.0073145973923009,0.0029488207946963
-0.019095990434445,-0.0703948392377308,-0.480245210229458,-0.00423456705953,0.0063916199336109,0.0029488207946963
-0.113591614738245,-0.0703948392377308,-0.344005443159458,-0.00423456705953,0.0036226870918909,0.0015772762417363
-0.113591614738245,-0.0467988039211309,-0.616484977309458,-0.00609591534207,0.0073145973923009,0.0036345931875963
-0.184463332966145,-0.164778980504031,-0.888964630659458,-0.00888793753306,0.0119294852678019,0.0022630484018063
-0.231711145118245,-0.188375013957731,-1.29768393188946,-0.01261063386532,0.0230052160526009,0.0008915039652493
-0.255335051194245,-0.211971054862731,-1.57016346603946,-0.01819467848013,0.0331579704264009,-0.0004800405877166
-0.208087239042045,-0.306355188678731,-2.66008184104946,-0.02564007067896,0.0451566797177009,0.0029488207946963
-0.137215520814245,-0.306355188678731,-2.79632160812946,-0.02377872286206,0.0562324073592009,-0.0018515850242736
0.075399633869755,-0.235567088316731,-3.47752020507946,-0.03215478943506,0.0783838738183009,-0.0018515850242736
0.264390882476755,-0.141182947050131,-3.88623974471946,-0.03773883381706,0.0885366235355009,-0.0018515850242736
0.311638709529755,-0.0467988039211309,-4.56743881850946,-0.04146152945086,0.106996174571901,-0.0004800405877166
0.477006014808755,-0.0939908745543308,-5.38487742095946,-0.04704557569546,0.127301681456701,0.0008915039652493
0.595125552638755,-0.117586909870931,-6.06607649474946,-0.05262961821476,0.149453136739701,-0.0018515850242736
0.713245090469755,-0.0467988039211309,-6.61103556304946,-0.05076826946656,0.168835673151701,-0.0004800405877166
0.854988512023755,-0.0232027686045308,-7.01975462585946,-0.05356029258886,0.179911408243701,-0.0018515850242736
1.13847535513176,0.0239893020285692,-8.10967323928946,-0.06007501320756,0.209446686921701,0.0002057316887663
1.39833837412175,0.0475853354822691,-9.19959137588946,-0.06565905572696,0.240827921447701,-0.0004800405877166
1.58732968233176,0.118373443295269,-9.74455044414946,-0.06752040447516,0.263902369556701,0.0002057316887663
1.87081652544176,0.0711813763872692,-10.5619895234495,-0.07310444699446,0.283284905967701,0.0022630484018063
2.20155125521175,0.189161543657269,-11.3794276490495,-0.07496579574266,0.318358037290701,0.0002057316887663
2.67402940653175,0.354333792735269,-12.1968667283495,-0.07961916761316,0.344201419172701,0.0002057316887663
3.02838784121175,0.377929841090269,-12.7418257966495,-0.08427253948366,0.368198815403701,0.0002057316887663
3.21737914942175,0.401525859643269,-13.6955039277495,-0.08892591135426,0.394965175209701,0.0002057316887663
3.40637045763175,0.472313974906269,-14.2404629960495,-0.09171793447656,0.416193667469701,0.0015772762417363
3.73710518740175,0.543102060367269,-14.6491830125495,-0.10102467076696,0.431884292183701,0.0002057316887663
3.71348124407175,0.519506071616269,-14.7854220643495,-0.10102467076696,0.440191093502701,0.0002057316887663
3.59536152743175,0.425121907998269,-15.3303811326495,-0.09823264764466,0.443883005199701,-0.0018515850242736
3.54811387919175,0.425121907998269,-15.3303811326495,-0.09823264764466,0.443883005199701,0.0008915039652493
3.59536152743175,0.472313974906269,-15.8753411546495,-0.09264860140006,0.449420842943701,0.0036345931875963
3.92609649561175,0.543102060367269,-16.1478192582495,-0.09450995014826,0.460496578035701,0.0022630484018063
4.39857440851176,0.613890205432269,-16.6927792802495,-0.09730197327056,0.482648048219701,0.0050061375077363
4.72930913828176,0.708274339248269,-17.2377393022495,-0.10009399639286,0.508491430101701,0.0008915039652493
4.91830020807175,0.708274339248269,-17.7826974168495,-0.10660871701156,0.527873966512701,-0.0011658128642036
4.87105279825176,0.684678290893269,-18.3276574388495,-0.10940074013406,0.540795657453701,-0.0045946741302036
4.68206125162176,0.613890205432269,-18.7363755479495,-0.11126208888206,0.543564591226701,-0.0107666247349336
4.56394201182176,0.566698108722269,-18.8726155534495,-0.11219276325606,0.548179480848701,-0.0162528020155336
4.54031806849176,0.543102060367269,-19.0088555589495,-0.11312343763006,0.551871392545701,-0.0176243477326336
4.72930913828176,0.401525859643269,-19.4175755754495,-0.11312343763006,0.571253869352701,-0.0237962988030336
5.01279598139176,0.472313974906269,-19.5538155809495,-0.11498478637806,0.581406626520701,-0.0251678426575336
5.15453964136176,0.425121907998269,-19.8262936845495,-0.11312343763006,0.594328317461701,-0.0258536145847336
5.24903493784176,0.472313974906269,-20.2350137010495,-0.11684612767606,0.607250008402701,-0.0272251603019336
5.34353071116176,0.448717926551269,-20.5074937120495,-0.12056882517306,0.614633831796701,-0.0285967041563336
5.31990676783176,0.472313974906269,-20.5074937120495,-0.12336084829506,0.611864898023701,-0.0265393865120336
5.03641992472176,0.543102060367269,-19.9625336900495,-0.12522219704306,0.600789162931701,-0.0258536145847336
4.98917203806176,0.661082242538269,-19.4175755754495,-0.12708354579106,0.589713427839701,-0.0244820707303336
4.84742885493176,0.637486194183269,-19.2813355699495,-0.13266759203606,0.587867471990701,-0.0244820707303336
4.89467626475176,0.684678290893269,-19.0088555589495,-0.13639028953206,0.587867471990701,-0.0244820707303336
5.01279598139176,0.755466376353269,-19.0088555589495,-0.13639028953206,0.587867471990701,-0.0244820707303336
5.08366781138175,0.826254521419269,-19.1450955644495,-0.13918230520406,0.588790449915701,-0.0244820707303336
5.06004386805176,0.802658473064269,-19.1450955644495,-0.14104365395206,0.594328317461701,-0.0244820707303336
4.96554809473175,0.755466376353269,-19.4175755754495,-0.13918230520406,0.585098538217701,-0.0265393865120336
4.70568519495176,0.684678290893269,-19.5538155809495,-0.13825163828006,0.590636405763701,-0.0292824760836336
4.49307018183176,0.566698108722269,-19.2813355699495,-0.13545960770806,0.579560670671701,-0.0333971095096336
4.42219835184176,0.448717926551269,-18.8726155534495,-0.13452894078406,0.574022803125701,-0.0368259710085336
4.32770257853176,0.377929841090269,-18.8726155534495,-0.12801422016506,0.568484935579701,-0.0354544271540336
4.35132652186175,0.283545677472269,-18.8726155534495,-0.12149949954706,0.573099825201701,-0.0450552378606336
4.39857440851176,0.189161543657269,-18.8726155534495,-0.12149949954706,0.581406626520701,-0.0484840993595336
4.35132652186175,0.189161543657269,-19.1450955644495,-0.11777680205006,0.586944494066701,-0.0484840993595336
4.42219835184176,0.212757592012269,-19.4175755754495,-0.12429152266906,0.593405339536701,-0.0491698731493336
4.39857440851176,0.283545677472269,-19.4175755754495,-0.12801422016506,0.595251295385701,-0.0471125555050336
4.39857440851176,0.259949658920269,-19.4175755754495,-0.12894489453906,0.595251295385701,-0.0464267817151336
4.28045469187176,0.307141725827269,-19.2813355699495,-0.12894489453906,0.588790449915701,-0.0429979202163336
4.28045469187176,0.307141725827269,-19.0088555589495,-0.13359826641006,0.584175560293701,-0.0409406062972336
4.06783967875176,0.354333792735269,-19.0088555589495,-0.13359826641006,0.578637692747701,-0.0375117447984336
4.04421573542175,0.425121907998269,-18.8726155534495,-0.13639028953206,0.573099825201701,-0.0354544271540336
3.90247255228175,0.495910023261269,-19.0088555589495,-0.13918230520406,0.571253869352701,-0.0320255656552336
3.90247255228175,0.448717926551269,-19.0088555589495,-0.14383568452506,0.566638979730701,-0.0285967041563336
3.83160072230175,0.590294157077269,-19.1450955644495,-0.14662770019706,0.569407913503701,-0.0306540199380336
3.87884860895175,0.637486194183269,-19.2813355699495,-0.14662770019706,0.575868758974701,-0.0306540199380336
3.94972043894175,0.637486194183269,-19.2813355699495,-0.14848904894506,0.579560670671701,-0.0313397918653336
4.06783967875176,0.613890205432269,-19.4175755754495,-0.14848904894506,0.586021516142701,-0.0347686533641336
4.09146362208176,0.566698108722269,-19.2813355699495,-0.14941973077006,0.586944494066701,-0.0354544271540336
4.13871150873176,0.566698108722269,-19.1450955644495,-0.15035039769306,0.593405339536701,-0.0375117447984336
4.16233545206175,0.590294157077269,-19.4175755754495,-0.14848904894506,0.597097251234701,-0.0388832886528336
4.23320728205176,0.519506071616269,-19.8262936845495,-0.14848904894506,0.610941920099701,-0.0416263763618336
4.30407863520175,0.495910023261269,-19.9625336900495,-0.15221174644106,0.617402765569701,-0.0423121501517336
4.32770257853176,0.519506071616269,-20.0987736955495,-0.15128107951806,0.621094677267701,-0.0429979202163336
4.44582229517176,0.495910023261269,-20.5074937120495,-0.15407309519006,0.627555522737701,-0.0443694677960336
4.39857440851176,0.543102060367269,-20.7799718156495,-0.15686511086106,0.634016368208701,-0.0395690587174336
4.42219835184176,0.590294157077269,-20.9162118211495,-0.15407309519006,0.638631257829701,-0.0423121501517336
4.39857440851176,0.543102060367269,-21.1886918321495,-0.15686511086106,0.645092103300701,-0.0429979202163336
4.56394201182176,0.590294157077269,-21.7336518540495,-0.16803320335106,0.663551661787701,-0.0409406062972336
4.65843730829175,0.661082242538269,-22.0061299577495,-0.16803320335106,0.670935485181701,-0.0395690587174336
4.82380491160175,0.779062424709269,-22.2786099687495,-0.17733994709206,0.682011220274701,-0.0388832886528336
4.84742885493176,0.755466376353269,-22.4148499742495,-0.17920129584006,0.687549087820701,-0.0388832886528336
4.75293308161176,0.755466376353269,-22.6873299852495,-0.18106264458806,0.692163977441701,-0.0388832886528336
4.56394201182176,0.731870387603269,-22.5510899797495,-0.18199331151206,0.684780154047701,-0.0388832886528336
4.32770257853176,0.684678290893269,-22.4148499742495,-0.18106264458806,0.682011220274701,-0.0368259710085336
4.20958333872175,0.661082242538269,-22.5510899797495,-0.18013196276306,0.675550374803701,-0.0347686533641336
4.13871150873176,0.637486194183269,-22.5510899797495,-0.18013196276306,0.678319308576701,-0.0361401972186336
4.23320728205176,0.684678290893269,-22.8235699906495,-0.18013196276306,0.681088242349701,-0.0347686533641336
4.25683122538176,0.590294157077269,-23.0960480943495,-0.17547859834306,0.691240999517701,-0.0409406062972336
4.42219835184176,0.495910023261269,-23.3685281053495,-0.17640926526706,0.701393756685701,-0.0464267817151336
4.46944623850175,0.472313974906269,-23.6410081163495,-0.17268658267206,0.713392469701701,-0.0471125555050336
4.51669412516175,0.330737774182269,-23.7772481217495,-0.17175590084706,0.719853315172701,-0.0505414170038336
4.58756547831176,0.330737774182269,-23.9134881272495,-0.16803320335106,0.723545167265701,-0.0519129608583336
4.61118942164175,0.377929841090269,-24.3222062364495,-0.17268658267206,0.736466858205701,-0.0505414170038336
4.80018096827176,0.425121907998269,-24.5946862474495,-0.17640926526706,0.745696637449701,-0.0491698731493336
4.84742885493176,0.519506071616269,-25.0034062638495,-0.18106264458806,0.761387262163701,-0.0471125555050336
4.94192415140176,0.637486194183269,-25.0034062638495,-0.18664669083306,0.766925129709701,-0.0436836940061336
4.98917203806176,0.637486194183269,-25.1396462693495,-0.19036938832906,0.770617041406701,-0.0429979202163336
4.94192415140176,0.684678290893269,-25.6846043840495,-0.19223073707706,0.778923842725701,-0.0388832886528336
5.06004386805176,0.755466376353269,-25.6846043840495,-0.19595343457406,0.770617041406701,-0.0333971095096336
4.72930913828176,0.708274339248269,-25.8208443894495,-0.19316140400106,0.770617041406701,-0.0347686533641336
4.72930913828176,0.731870387603269,-25.6846043840495,-0.19781478332206,0.771540019331701,-0.0333971095096336
4.77655702494175,0.755466376353269,-25.8208443894495,-0.20246814774206,0.775231931028701,-0.0340828832995336
4.77655702494175,0.731870387603269,-26.2295644059495,-0.20153746591706,0.783538732347701,-0.0368259710085336
4.91830020807175,0.684678290893269,-26.7745225206495,-0.20060679899406,0.798306379137701,-0.0395690587174336
4.91830020807175,0.684678290893269,-27.0470025315495,-0.19967611716906,0.808459136305701,-0.0409406062972336
4.94192415140176,0.661082242538269,-27.1832425370495,-0.19967611716906,0.816765937624701,-0.0429979202163336
5.01279598139176,0.613890205432269,-27.1832425370495,-0.19688410149706,0.820457849321701,-0.0457410116505336
4.96554809473175,0.590294157077269,-27.4557225480495,-0.19781478332206,0.818611893472701,-0.0443694677960336
4.77655702494175,0.566698108722269,-27.3194825425495,-0.19595343457406,0.813074025926701,-0.0416263763618336
4.70568519495176,0.566698108722269,-27.0470025315495,-0.19874545024506,0.807536158380701,-0.0423121501517336
4.80018096827176,0.566698108722269,-27.0470025315495,-0.20060679899406,0.801998290834701,-0.0381975148630336
4.82380491160175,0.637486194183269,-27.0470025315495,-0.19595343457406,0.806613180456701,-0.0402548325073336
4.91830020807175,0.590294157077269,-27.0470025315495,-0.19688410149706,0.811228070078701,-0.0436836940061336
4.91830020807175,0.566698108722269,-27.0470025315495,-0.19688410149706,0.818611893472701,-0.0464267817151336
4.87105279825176,0.543102060367269,-27.1832425370495,-0.19595343457406,0.820457849321701,-0.0457410116505336
4.82380491160175,0.519506071616269,-27.4557225480495,-0.19502275274906,0.817688915548701,-0.0443694677960336
4.72930913828176,0.472313974906269,-27.3194825425495,-0.19874545024506,0.821380827245701,-0.0457410116505336
4.70568519495176,0.472313974906269,-27.4557225480495,-0.20060679899406,0.826918694791701,-0.0450552378606336
4.87105279825176,0.590294157077269,-27.5919625535495,-0.20060679899406,0.830610606489701,-0.0443694677960336
5.01279598139176,0.590294157077269,-27.7282025590495,-0.20339881466506,0.839840385732701,-0.0464267817151336
5.34353071116176,0.661082242538269,-28.2731606736495,-0.20898286091006,0.867529723463701,-0.0491698731493336
5.39077859781175,0.684678290893269,-28.5456406846495,-0.21177489148306,0.875836524782701,-0.0491698731493336
5.22541099451175,0.637486194183269,-28.9543587937495,-0.21549758897906,0.880451354799701,-0.0457410116505336
4.98917203806176,0.543102060367269,-29.0905987992495,-0.21084420965806,0.878605398950701,-0.0464267817151336
4.72930913828176,0.495910023261269,-28.9543587937495,-0.21549758897906,0.873067591009701,-0.0450552378606336
4.65843730829175,0.590294157077269,-28.9543587937495,-0.20991354273506,0.863837811765701,-0.0409406062972336
4.63481336497176,0.613890205432269,-28.8181206956495,-0.21177489148306,0.863837811765701,-0.0388832886528336
4.72930913828176,0.590294157077269,-28.6818806901495,-0.21270555840606,0.867529723463701,-0.0395690587174336
4.91830020807175,0.590294157077269,-28.6818806901495,-0.21363624023106,0.871221635160701,-0.0436836940061336
5.01279598139176,0.590294157077269,-28.6818806901495,-0.21363624023106,0.875836524782701,-0.0450552378606336
4.94192415140176,0.613890205432269,-28.8181206956495,-0.21456690715506,0.878605398950701,-0.0450552378606336
4.87105279825176,0.590294157077269,-28.8181206956495,-0.21456690715506,0.875836524782701,-0.0443694677960336
4.63481336497176,0.613890205432269,-28.6818806901495,-0.21642825590306,0.871221635160701,-0.0429979202163336
4.46944623850175,0.637486194183269,-28.6818806901495,-0.21642825590306,0.864760789690701,-0.0423121501517336
4.35132652186175,0.566698108722269,-28.8181206956495,-0.21828960465106,0.861068877992701,-0.0375117447984336
4.42219835184176,0.519506071616269,-28.8181206956495,-0.21549758897906,0.861068877992701,-0.0423121501517336
4.49307018183176,0.472313974906269,-28.8181206956495,-0.20805219398706,0.864760789690701,-0.0471125555050336
4.51669412516175,0.401525859643269,-28.6818806901495,-0.20619084523806,0.865683767614701,-0.0491698731493336
4.54031806849176,0.401525859643269,-28.4094006791495,-0.20246814774206,0.859222922144701,-0.0498556432139336
4.46944623850175,0.401525859643269,-28.2731606736495,-0.20339881466506,0.851839098749701,-0.0477983292949336
4.39857440851176,0.377929841090269,-28.1369206681495,-0.19967611716906,0.844455275354701,-0.0457410116505336
4.28045469187176,0.377929841090269,-27.8644406571495,-0.19781478332206,0.835225496111701,-0.0423121501517336
4.25683122538176,0.377929841090269,-27.5919625535495,-0.19874545024506,0.826918694791701,-0.0409406062972336
4.20958333872175,0.377929841090269,-27.4557225480495,-0.19874545024506,0.824149761018701,-0.0409406062972336
4.30407863520175,0.377929841090269,-27.4557225480495,-0.19874545024506,0.827841672716701,-0.0429979202163336
4.30407863520175,0.330737774182269,-27.7282025590495,-0.19874545024506,0.840763363657701,-0.0491698731493336
4.54031806849176,0.212757592012269,-27.8644406571495,-0.20153746591706,0.845378253278701,-0.0498556432139336
4.58756547831176,0.307141725827269,-27.7282025590495,-0.19874545024506,0.850916120824701,-0.0512271907937336
4.46944623850175,0.283545677472269,-27.8644406571495,-0.19781478332206,0.849070164976701,-0.0505414170038336
4.28045469187176,0.307141725827269,-27.7282025590495,-0.19688410149706,0.842609319505701,-0.0491698731493336
4.16233545206175,0.354333792735269,-27.5919625535495,-0.19874545024506,0.829687628564701,-0.0429979202163336
4.02059179209176,0.354333792735269,-27.5919625535495,-0.20060679899406,0.829687628564701,-0.0416263763618336
3.99696784876175,0.401525859643269,-27.8644406571495,-0.19967611716906,0.832456562338701,-0.0409406062972336
4.25683122538176,0.472313974906269,-28.0006806626495,-0.20060679899406,0.842609319505701,-0.0416263763618336
4.37495046519176,0.495910023261269,-28.0006806626495,-0.20432949649006,0.849070164976701,-0.0429979202163336
4.37495046519176,0.448717926551269,-28.5456406846495,-0.20339881466506,0.858299944219701,-0.0443694677960336
4.20958333872175,0.401525859643269,-28.6818806901495,-0.20153746591706,0.856453988371701,-0.0450552378606336
3.99696784876175,0.354333792735269,-28.8181206956495,-0.20060679899406,0.853685054598701,-0.0436836940061336
3.85522466562175,0.307141725827269,-28.8181206956495,-0.20339881466506,0.853685054598701,-0.0388832886528336
3.76072889231176,0.330737774182269,-28.8181206956495,-0.20246814774206,0.850916120824701,-0.0402548325073336
3.78435283564175,0.330737774182269,-28.8181206956495,-0.20339881466506,0.847224209127701,-0.0381975148630336
3.85522466562175,0.354333792735269,-28.9543587937495,-0.20339881466506,0.852762076673701,-0.0381975148630336
3.87884860895175,0.401525859643269,-29.3630788102495,-0.20153746591706,0.858299944219701,-0.0388832886528336
3.94972043894175,0.401525859643269,-29.3630788102495,-0.20432949649006,0.867529723463701,-0.0409406062972336
4.04421573542175,0.425121907998269,-29.4993188157495,-0.20339881466506,0.872144613084701,-0.0395690587174336
3.94972043894175,0.377929841090269,-29.4993188157495,-0.20432949649006,0.872144613084701,-0.0381975148630336
3.92609649561175,0.401525859643269,-29.4993188157495,-0.20712151216206,0.872144613084701,-0.0361401972186336
3.80797677897175,0.495910023261269,-29.3630788102495,-0.20805219398706,0.861068877992701,-0.0306540199380336
3.73710518740175,0.613890205432269,-29.3630788102495,-0.20712151216206,0.853685054598701,-0.0292824760836336
3.66623335741175,0.566698108722269,-29.3630788102495,-0.20712151216206,0.855531010446701,-0.0299682480108336
3.66623335741175,0.566698108722269,-29.6355588212495,-0.21177489148306,0.861991855917701,-0.0285967041563336
3.78435283564175,0.613890205432269,-29.6355588212495,-0.20805219398706,0.863837811765701,-0.0299682480108336
3.76072889231176,0.519506071616269,-29.7717988267495,-0.20712151216206,0.869375679311701,-0.0320255656552336
3.80797677897175,0.495910023261269,-29.9080388322495,-0.20805219398706,0.874913546857701,-0.0333971095096336
3.80797677897175,0.519506071616269,-30.0442788377495,-0.20898286091006,0.875836524782701,-0.0313397918653336
2.62678151987175,0.661082242538269,-29.7717988267495,-0.21270555840606,0.830610606489701,-0.0306540199380336
2.81577282809175,0.543102060367269,-29.2268388047495,-0.21084420965806,0.834302518186701,-0.0231105250131336
2.10705548189175,0.354333792735269,-28.9543587937495,-0.19409208582606,0.784461710271701,-0.0148812581610336
2.13067942522175,0.661082242538269,-29.2268388047495,-0.21363624023106,0.807536158380701,-0.0107666247349336
2.01255994700175,0.566698108722269,-29.2268388047495,-0.20712151216206,0.794614467439701,-0.0128239414480336
2.01255994700175,0.543102060367269,-29.0905987992495,-0.20805219398706,0.797383401212701,-0.0121381695207336
1.77632087134176,0.377929841090269,-28.9543587937495,-0.20060679899406,0.789076599893701,-0.0169385758054336
1.75269692801176,0.236353610564269,-28.9543587937495,-0.19781478332206,0.778000864801701,-0.0176243477326336
1.49283402823175,0.543102060367269,-28.2731606736495,-0.20246814774206,0.759541306314701,-0.0196816635143336
1.35109060667175,0.307141725827269,-27.4557225480495,-0.19409208582606,0.743850681600701,-0.0203674373042336
1.13847535513176,0.283545677472269,-26.6382825151495,-0.18850803958106,0.710623535928701,-0.0148812581610336
0.973108109461755,0.448717926551269,-25.5483643785495,-0.19036938832906,0.686626109895701,-0.0148812581610336
0.973108109461755,0.354333792735269,-25.0034062638495,-0.18571600900806,0.663551661787701,-0.0100808528077336
0.760492917522755,0.401525859643269,-24.0497281327495,-0.18106264458806,0.641400191602701,-0.0080235351633736
0.642373379692755,0.519506071616269,-23.0960480943495,-0.17827061401506,0.608172986326701,-0.0011658128642036
0.429758247360755,0.330737774182269,-22.2786099687495,-0.16617185460206,0.575868758974701,-0.0018515850242736
0.217143055423755,0.425121907998269,-21.1886918321495,-0.16710253642706,0.547256502924701,0.0008915039652493
0.0517757203427549,0.354333792735269,-20.3712537065495,-0.15965714143406,0.517721209345701,0.0036345931875963
-0.373454574123245,0.401525859643269,-19.2813355699495,-0.15128107951806,0.480802092371701,0.0043203651148363
-0.467950198427245,0.448717926551269,-18.7363755479495,-0.14848904894506,0.450343820867701,0.0111780881124664
-0.727813187614245,0.401525859643269,-17.3739774003495,-0.13918230520406,0.415270689544701,0.0084349985409063
-0.845932725444245,0.495910023261269,-16.5565392747495,-0.13266759203606,0.391273263511701,0.0098065433267063
-0.916804436222245,0.448717926551269,-16.0115811601495,-0.12801422016506,0.372813705024701,0.0098065433267063
-0.845932725444245,0.425121907998269,-15.3303811326495,-0.12429152266906,0.354354176340701,0.0098065433267063
-0.869556609169245,0.425121907998269,-14.6491830125495,-0.12149949954706,0.339586529550701,0.0104923161852664
-1.01130003072324,0.448717926551269,-14.1042229905495,-0.11777680205006,0.326664838609701,0.0111780881124664
-0.893180492893245,0.448717926551269,-13.2867848649495,-0.11405411200406,0.308205280122701,0.0118638600397664
-1.01130003072324,0.448717926551269,-12.3331067338495,-0.10847006575986,0.277747038421701,0.0139211776840664
-1.05854785777625,0.425121907998269,-11.7881467118495,-0.10567804263746,0.262979391632701,0.0132354048255664
-1.08217174150024,0.401525859643269,-11.2431876435495,-0.10195534514106,0.243596855220701,0.0146069496113664
-1.22391516305824,0.425121907998269,-10.5619895234495,-0.09637129889646,0.226983267483701,0.0159784934657664
-1.12941962815824,0.495910023261269,-10.0170295014495,-0.09450995014826,0.209446686921701,0.0214646726089664
-1.12941962815824,0.519506071616269,-9.19959137588946,-0.08799523698016,0.191910106358701,0.0187215830373664
-1.10579568482924,0.566698108722269,-8.65463230758946,-0.08334186510956,0.177142474470701,0.0194073549646664
-1.03492397405225,0.566698108722269,-8.10967323928946,-0.08334186510956,0.163297805605701,0.0200931268918664
-1.05854785777625,0.590294157077269,-7.83719322829946,-0.07868849323906,0.154991004285701,0.0200931268918664
-1.03492397405225,0.543102060367269,-7.15599463134946,-0.07589647011676,0.146684217868701,0.0187215830373664
-1.01130003072324,0.543102060367269,-6.61103556304946,-0.07589647011676,0.136531460700701,0.0194073549646664
-0.964052263275245,0.495910023261269,-6.20231602340946,-0.07403512136856,0.130070615229701,0.0180358111101664
-1.03492397405225,0.543102060367269,-5.79359696059946,-0.06658973010106,0.114379997966701,0.0194073549646664
-1.05854785777625,0.519506071616269,-5.38487742095946,-0.06193636195576,0.103304262874501,0.0194073549646664
-1.10579568482924,0.519506071616269,-4.97615788131946,-0.05914433883346,0.0940744910816009,0.0200931268918664
-1.15304345227824,0.519506071616269,-4.70367834716946,-0.05356029258886,0.0885366235355009,0.0200931268918664
-1.17666739560824,0.495910023261269,-4.70367834716946,-0.05356029258886,0.0774608958939009,0.0242077621805664
-1.12941962815824,0.566698108722269,-4.02247975021946,-0.04611490132136,0.0663851608018009,0.0214646726089664
-1.12941962815824,0.566698108722269,-3.75000021606946,-0.04611490132136,0.0636162307540009,0.0221504445362664
-1.10579568482924,0.519506071616269,-3.34128067641946,-0.04053085507666,0.0470026318411009,0.0214646726089664
-1.20029133893825,0.495910023261269,-3.06880114227946,-0.03773883381706,0.0423877459446009,0.0221504445362664
-1.17666739560824,0.425121907998269,-2.93256137519946,-0.03680815944296,0.0414647680203009,0.0207789006817664
-1.17666739560824,0.448717926551269,-2.66008184104946,-0.03215478943506,0.0350039244125009,0.0221504445362664
-1.27116304970824,0.425121907998269,-2.38760206847946,-0.03122411506096,0.0313120145778009,0.0214646726089664
-1.20029133893825,0.448717926551269,-2.25136230140946,-0.02843209380126,0.0266971268187009,0.0235219883906664
-1.27116304970824,0.401525859643269,-2.25136230140946,-0.02936276817536,0.0257741488943009,0.0235219883906664
-1.38928252793825,0.448717926551269,-2.11512253432946,-0.02564007067896,0.0202362832108809,0.0242077621805664
-1.31841081715824,0.448717926551269,-1.97888276725946,-0.02470939630486,0.0146984179931009,0.0235219883906664
-1.55464989281825,0.354333792735269,-2.52384207397946,-0.02470939630486,0.0137754405344209,0.0317512552428664
-1.22391516305824,0.472313974906269,-2.11512253432946,-0.02750141942716,0.0183903282935109,0.0235219883906664
-1.17666739560824,0.495910023261269,-1.84264300018946,-0.02564007067896,0.0202362832108809,0.0221504445362664
-1.01130003072324,0.401525859643269,-1.84264300018946,-0.02191737504526,0.0156213954517909,0.0207789006817664
-0.987676146999245,0.401525859643269,-1.70640323310946,-0.02377872286206,0.0183903282935109,0.0200931268918664
-0.964052263275245,0.401525859643269,-1.70640323310946,-0.02470939630486,0.0211592611352009,0.0200931268918664
-0.964052263275245,0.401525859643269,-1.70640323310946,-0.02284804848796,0.0211592611352009,0.0200931268918664
-0.940428319946245,0.354333792735269,-1.57016346603946,-0.02191737504526,0.0174673508348209,0.0180358111101664
-0.987676146999245,0.307141725827269,-1.57016346603946,-0.02191737504526,0.0183903282935109,0.0173500391829664
-0.916804436222245,0.354333792735269,-1.57016346603946,-0.01726400410602,0.0193133062178509,0.0187215830373664
-0.940428319946245,0.330737774182269,-1.57016346603946,-0.01726400410602,0.0146984179931009,0.0173500391829664
-0.987676146999245,0.259949658920269,-1.29768393188946,-0.01633333019758,0.0119294852678019,0.0166642653930664
-1.17666739560824,0.189161543657269,-1.57016346603946,-0.01633333019758,0.0110065076927009,0.0194073549646664
-0.987676146999245,0.165565510203269,-1.29768393188946,-0.01540265628914,0.0073145973923009,0.0139211776840664
-0.964052263275245,0.0947774098412691,-1.02520439773946,-0.007957263449995,0.0063916199336109,0.0125496328982664
-0.822308782115245,0.0475853354822691,-1.16144416480946,-0.01074928569919,0.0082375748509809,0.0091207713994663
-0.798684898391245,0.0239893020285692,-1.02520439773946,-0.009818611616125,0.0091605525425009,0.0056919099006363
-0.680565360561245,-0.0939908745543308,-0.888964630659458,-0.00609591534207,0.0100835301175999,0.0022630484018063
-0.633317533508245,-0.0939908745543308,-0.752724744379458,-0.00888793753306,0.0137754405344209,0.0015772762417363
-0.562445822731245,-0.188375013957731,-0.616484977309458,-0.007957263449995,0.0156213954517909,0.0002057316887663
-0.515198025480245,-0.164778980504031,-0.616484977309458,-0.00609591534207,0.0146984179931009,-0.0011658128642036
-0.491574111953245,-0.117586909870931,-0.616484977309458,-0.00888793753306,0.0156213954517909,-0.0018515850242736
-0.349830675498245,-0.0939908745543308,-0.616484977309458,-0.01074928569919,0.0202362832108809,-0.0011658128642036
-0.302582863346245,-0.0232027686045308,-0.752724744379458,-0.01261063386532,0.0230052160526009,0.0002057316887663
-0.208087239042045,0.118373443295269,-0.752724744379458,-0.01540265628914,0.0220822390596009,0.0070634546864363
0.0045279156417549,0.141969476749269,-0.752724744379458,-0.01447198191504,0.0193133062178509,0.0022630484018063
0.288014796003755,0.307141725827269,-0.616484977309458,-0.02005602629706,0.0285430808047009,0.0022630484018063
0.335262593254755,0.377929841090269,-0.616484977309458,-0.01912535285426,0.0294660587291009,0.0022630484018063
0.382510420307755,0.307141725827269,-0.344005443159458,-0.01540265628914,0.0257741488943009,0.0029488207946963
-0.019095990434445,0.0475853354822691,-0.207765676080458,-0.00702658936693,0.0137754405344209,-0.0004800405877166
0.0045279156417549,0.0947774098412691,-0.207765676080458,-0.007957263449995,0.0128524628429009,0.0008915039652493
0.122647446021755,0.0711813763872692,-0.344005443159458,-0.01167995972405,0.0174673508348209,0.0002057316887663
0.0517757203427549,0.0475853354822691,-0.480245210229458,-0.009818611616125,0.0165443733761409,0.0008915039652493
0.099023547395755,0.0711813763872692,-0.344005443159458,-0.00888793753306,0.0174673508348209,0.0015772762417363
0.146271344646755,0.0711813763872692,-0.480245210229458,-0.01074928569919,0.0193133062178509,0.0008915039652493
0.075399633869755,0.0711813763872692,-0.344005443159458,-0.01167995972405,0.0156213954517909,-0.0004800405877166
0.099023547395755,0.0947774098412691,-0.480245210229458,-0.01074928569919,0.0165443733761409,0.0043203651148363
-0.019095990434445,0.0947774098412691,-0.344005443159458,-0.007957263449995,0.0165443733761409,0.0022630484018063
0.075399633869755,0.0475853354822691,-0.207765676080458,-0.00888793753306,0.0119294852678019,-0.0004800405877166
0.0281518217177549,0.0475853354822691,-0.207765676080458,-0.007957263449995,0.0137754405344209,-0.0004800405877166
0.075399633869755,0.0475853354822691,-0.480245210229458,-0.00888793753306,0.0165443733761409,0.0002057316887663
0.122647446021755,0.118373443295269,-0.480245210229458,-0.007957263449995,0.0156213954517909,0.0008915039652493
0.122647446021755,0.0947774098412691,-0.344005443159458,-0.00888793753306,0.0156213954517909,0.0008915039652493
0.099023547395755,0.0711813763872692,-0.344005443159458,-0.007957263449995,0.0146984179931009,0.0002057316887663
0.0517757203427549,0.0475853354822691,-0.344005443159458,-0.007957263449995,0.0146984179931009,0.0008915039652493
0.0517757203427549,0.0711813763872692,-0.207765676080458,-0.00888793753306,0.0128524628429009,0.0015772762417363
0.0281518217177549,0.0475853354822691,-0.616484977309458,-0.007957263449995,0.0165443733761409,0.0022630484018063
0.0517757203427549,0.0711813763872692,-0.480245210229458,-0.007957263449995,0.0128524628429009,0.0015772762417363
0.075399633869755,0.0711813763872692,-0.616484977309458,-0.007957263449995,0.0119294852678019,0.0056919099006363
0.122647446021755,0.0711813763872692,-0.207765676080458,-0.00888793753306,0.0091605525425009,0.0015772762417363
0.0281518217177549,0.0475853354822691,-0.207765676080458,-0.0051652412008,0.0082375748509809,-0.0011658128642036
0.099023547395755,0.0947774098412691,-0.344005443159458,-0.00702658936693,0.0091605525425009,0.0008915039652493
0.099023547395755,0.0711813763872692,-0.344005443159458,-0.00888793753306,0.0146984179931009,0.0002057316887663
0.099023547395755,0.0475853354822691,-0.480245210229458,-0.009818611616125,0.0165443733761409,0.0008915039652493
0.099023547395755,0.0475853354822691,-0.480245210229458,-0.00888793753306,0.0183903282935109,0.0015772762417363
0.0281518217177549,0.0475853354822691,-0.0715259090064585,-0.007957263449995,0.0128524628429009,-0.0004800405877166
0.0045279156417549,0.0239893020285692,-0.0715259090064585,-0.00609591534207,0.0091605525425009,-0.0011658128642036
0.0517757203427549,0.0711813763872692,-0.344005443159458,-0.00702658936693,0.0137754405344209,0.0008915039652493
0.0045279156417549,0.0475853354822691,-0.344005443159458,-0.00888793753306,0.0128524628429009,0.0002057316887663
0.122647446021755,0.0947774098412691,-0.344005443159458,-0.007957263449995,0.0137754405344209,0.0002057316887663
0.0517757203427549,-0.0232027686045308,-0.616484977309458,-0.00888793753306,0.0110065076927009,0.0050061375077363
0.075399633869755,0.0947774098412691,-0.344005443159458,-0.00702658936693,0.0100835301175999,0.0015772762417363
0.099023547395755,0.0475853354822691,-0.344005443159458,-0.01074928569919,0.0128524628429009,0.0002057316887663
0.099023547395755,0.0947774098412691,-0.480245210229458,-0.00888793753306,0.0165443733761409,0.0008915039652493
0.146271344646755,0.0947774098412691,-0.207765676080458,-0.01167995972405,0.0110065076927009,0.0008915039652493
0.146271344646755,0.0711813763872692,-0.344005443159458,-0.00888793753306,0.0137754405344209,0.0008915039652493
0.075399633869755,0.0475853354822691,-0.344005443159458,-0.00888793753306,0.0137754405344209,0.0002057316887663
0.146271344646755,0.0475853354822691,-0.207765676080458,-0.01074928569919,0.0119294852678019,0.0002057316887663
0.146271344646755,0.0947774098412691,-0.344005443159458,-0.007957263449995,0.0146984179931009,0.0008915039652493
0.146271344646755,0.0947774098412691,-0.207765676080458,-0.009818611616125,0.0128524628429009,-0.0004800405877166
0.075399633869755,0.0239893020285692,-0.207765676080458,-0.00702658936693,0.0119294852678019,0.0008915039652493
0.122647446021755,0.0711813763872692,-0.344005443159458,-0.00888793753306,0.0128524628429009,0.0008915039652493
0.0281518217177549,0.0003932685746691,-0.616484977309458,-0.01074928569919,0.0110065076927009,0.0043203651148363
0.099023547395755,0.0711813763872692,-0.207765676080458,-0.007957263449995,0.0073145973923009,0.0002057316887663
0.0281518217177549,0.0003932685746691,-0.207765676080458,-0.00609591534207,0.0082375748509809,0.0002057316887663
0.099023547395755,0.0947774098412691,-0.344005443159458,-0.007957263449995,0.0100835301175999,0.0002057316887663
0.099023547395755,0.0711813763872692,-0.480245210229458,-0.007957263449995,0.0128524628429009,0.0015772762417363
0.122647446021755,0.0711813763872692,-0.207765676080458,-0.00702658936693,0.0073145973923009,0.0002057316887663
0.0517757203427549,0.0003932685746691,-0.480245210229458,-0.00702658936693,0.0146984179931009,0.0008915039652493
0.075399633869755,0.0239893020285692,-0.480245210229458,-0.009818611616125,0.0137754405344209,0.0002057316887663
-0.019095990434445,0.141969476749269,-0.207765676080458,-0.00702658936693,0.0082375748509809,-0.0004800405877166
0.0281518217177549,0.0947774098412691,-0.207765676080458,-0.00702658936693,0.0100835301175999,-0.0004800405877166
0.146271344646755,0.0947774098412691,-0.344005443159458,-0.01074928569919,0.0128524628429009,0.0008915039652493
0.075399633869755,0.0947774098412691,-0.207765676080458,-0.007957263449995,0.0100835301175999,-0.0004800405877166
0.075399633869755,0.0475853354822691,-0.480245210229458,-0.009818611616125,0.0082375748509809,0.0050061375077363
0.0281518217177549,0.0475853354822691,-0.344005443159458,-0.007957263449995,0.0073145973923009,0.0008915039652493
0.075399633869755,0.0475853354822691,-0.344005443159458,-0.007957263449995,0.0119294852678019,0.0008915039652493
0.0517757203427549,0.0947774098412691,-0.207765676080458,-0.00702658936693,0.0100835301175999,0.0002057316887663
-0.019095990434445,0.0003932685746691,-0.344005443159458,-0.00609591534207,0.0137754405344209,0.0002057316887663
0.0517757203427549,0.0475853354822691,-0.0715259090064585,-0.00609591534207,0.0091605525425009,-0.0004800405877166
0.122647446021755,0.0947774098412691,-0.480245210229458,-0.007957263449995,0.0110065076927009,0.0008915039652493
0.122647446021755,0.0711813763872692,-0.344005443159458,-0.00702658936693,0.0137754405344209,0.0015772762417363
0.099023547395755,0.0947774098412691,-0.207765676080458,-0.00702658936693,0.0091605525425009,0.0002057316887663
0.0517757203427549,0.0239893020285692,-0.0715259090064585,-0.00702658936693,0.0054686420092609,-0.0011658128642036
0.0045279156417549,0.0475853354822691,-0.207765676080458,-0.00702658936693,0.0073145973923009,0.0002057316887663
-0.019095990434445,0.0239893020285692,-0.0715259090064585,-0.00609591534207,0.0091605525425009,0.0002057316887663
0.075399633869755,0.0003932685746691,-0.480245210229458,-0.007957263449995,0.0091605525425009,0.0043203651148363
0.0281518217177549,-0.0232027686045308,-0.344005443159458,-0.0051652412008,0.0063916199336109,0.0002057316887663
0.122647446021755,0.0711813763872692,-0.207765676080458,-0.007957263449995,0.0073145973923009,0.0002057316887663
0.0517757203427549,0.0711813763872692,-0.207765676080458,-0.0051652412008,0.0073145973923009,0.0002057316887663
0.099023547395755,0.0003932685746691,-0.207765676080458,-0.00888793753306,0.0100835301175999,-0.0011658128642036
0.0517757203427549,0.0475853354822691,-0.0715259090064585,-0.00702658936693,0.0082375748509809,0.0002057316887663
0.122647446021755,0.118373443295269,-0.344005443159458,-0.00888793753306,0.0119294852678019,0.0002057316887663
0.146271344646755,0.0947774098412691,-0.344005443159458,-0.01074928569919,0.0128524628429009,0.0008915039652493
0.0517757203427549,0.0711813763872692,-0.207765676080458,-0.00888793753306,0.0128524628429009,-0.0011658128642036
0.0045279156417549,0.0003932685746691,-0.0715259090064585,-0.007957263449995,0.0119294852678019,-0.0004800405877166
0.0281518217177549,0.0475853354822691,-0.480245210229458,-0.01074928569919,0.0165443733761409,0.0002057316887663
-0.019095990434445,0.0711813763872692,-0.344005443159458,-0.00888793753306,0.0119294852678019,0.0015772762417363
-0.231711145118245,0.0947774098412691,-0.752724744379458,-0.01167995972405,0.0110065076927009,0.0084349985409063
-0.231711145118245,0.189161543657269,-0.888964630659458,-0.01261063386532,0.0137754405344209,0.0063776822935363
-0.278958949819245,0.189161543657269,-0.888964630659458,-0.01447198191504,0.0137754405344209,0.0063776822935363
-0.515198025480245,0.189161543657269,-0.888964630659458,-0.01540265628914,0.0100835301175999,0.0084349985409063
-0.515198025480245,0.236353610564269,-1.02520439773946,-0.01447198191504,0.0137754405344209,0.0104923161852664
-0.515198025480245,0.259949658920269,-1.16144416480946,-0.01819467848013,0.0146984179931009,0.0111780881124664
-0.444326284900245,0.283545677472269,-1.02520439773946,-0.01726400410602,0.0146984179931009,0.0146069496113664
-0.515198025480245,0.236353610564269,-1.16144416480946,-0.01633333019758,0.0165443733761409,0.0125496328982664
-0.397078487649245,0.212757592012269,-1.16144416480946,-0.01540265628914,0.0137754405344209,0.0132354048255664
-0.349830675498245,0.259949658920269,-1.02520439773946,-0.01633333019758,0.0165443733761409,0.0132354048255664
-0.397078487649245,0.165565510203269,-1.02520439773946,-0.01447198191504,0.0156213954517909,0.0118638600397664
-0.326206776872245,0.212757592012269,-1.02520439773946,-0.01447198191504,0.0156213954517909,0.0104923161852664
-0.278958949819245,0.212757592012269,-0.888964630659458,-0.01261063386532,0.0110065076927009,0.0104923161852664
-0.255335051194245,0.118373443295269,-0.616484977309458,-0.01447198191504,0.0082375748509809,0.0084349985409063
-0.137215520814245,0.141969476749269,-0.480245210229458,-0.01167995972405,0.0082375748509809,0.0070634546864363
-0.137215520814245,0.212757592012269,-0.616484977309458,-0.01261063386532,0.0128524628429009,0.0070634546864363
-0.113591614738245,0.212757592012269,-0.480245210229458,-0.01261063386532,0.0146984179931009,0.0084349985409063
-0.042719896510345,0.212757592012269,-0.616484977309458,-0.01726400410602,0.0174673508348209,0.0084349985409063
-0.019095990434445,0.259949658920269,-0.616484977309458,-0.01726400410602,0.0183903282935109,0.0077492266136663
0.0045279156417549,0.236353610564269,-0.480245210229458,-0.01819467848013,0.0211592611352009,0.0084349985409063
0.0045279156417549,0.236353610564269,-0.616484977309458,-0.01819467848013,0.0193133062178509,0.0091207713994663
0.075399633869755,0.307141725827269,-0.616484977309458,-0.01912535285426,0.0202362832108809,0.0091207713994663
0.0045279156417549,0.283545677472269,-0.752724744379458,-0.02005602629706,0.0211592611352009,0.0091207713994663
0.0517757203427549,0.354333792735269,-0.752724744379458,-0.01912535285426,0.0239281939769009,0.0104923161852664
0.075399633869755,0.519506071616269,-1.02520439773946,-0.02377872286206,0.0276201047430009,0.0166642653930664
0.099023547395755,0.425121907998269,-0.888964630659458,-0.02470939630486,0.0266971268187009,0.0125496328982664
0.169895258172755,0.519506071616269,-1.02520439773946,-0.02750141942716,0.0294660587291009,0.0132354048255664
0.146271344646755,0.566698108722269,-1.29768393188946,-0.02843209380126,0.0350039244125009,0.0152927215385664
0.122647446021755,0.543102060367269,-1.29768393188946,-0.03029344068686,0.0359269023368009,0.0166642653930664
0.240766968950755,0.637486194183269,-1.43392369895946,-0.03308546380916,0.0396188121716009,0.0152927215385664
0.264390882476755,0.637486194183269,-1.43392369895946,-0.03680815944296,0.0433107238690009,0.0166642653930664
0.288014796003755,0.661082242538269,-1.70640323310946,-0.03773883381706,0.0479256097654009,0.0166642653930664
0.358886506780755,0.755466376353269,-1.70640323310946,-0.03960018256526,0.0553094331602009,0.0173500391829664
0.477006014808755,0.779062424709269,-1.84264300018946,-0.04797625006956,0.0617702749053009,0.0187215830373664
0.500629958137755,0.897042606879269,-2.25136230140946,-0.05356029258886,0.0756149400452009,0.0187215830373664
0.642373379692755,0.967830692342269,-2.25136230140946,-0.05542164133706,0.0756149400452009,0.0200931268918664
0.618749495967755,0.897042606879269,-3.34128067641946,-0.06658973010106,0.0931515131573009,0.0255793060350664
0.547877725585755,0.991426740692269,-3.75000021606946,-0.06379770697876,0.102381284950101,0.0221504445362664
0.571501668914755,0.897042606879269,-4.15871927886946,-0.06565905572696,0.111611064193701,0.0187215830373664
0.689621206745755,0.826254521419269,-4.56743881850946,-0.06658973010106,0.121763813910701,0.0173500391829664
0.878612455352755,0.731870387603269,-5.24863741546946,-0.06658973010106,0.136531460700701,0.0159784934657664
1.25659495257176,0.661082242538269,-6.20231602340946,-0.06752040447516,0.161451849756701,0.0118638600397664
1.63457744978176,0.637486194183269,-6.47479555755946,-0.06658973010106,0.173450562772701,0.0077492266136663
2.22517519854175,0.590294157077269,-7.83719322829946,-0.07031242759746,0.214061576543701,0.0050061375077363
2.62678151987175,0.519506071616269,-8.65463230758946,-0.07310444699446,0.238058987674701,0.0029488207946963
2.74490099810175,0.519506071616269,-9.33583138134946,-0.07217377262036,0.252826634464701,0.0015772762417363
2.81577282809175,0.425121907998269,-10.4257495179495,-0.07217377262036,0.272209170875701,0.0002057316887663
2.93389230631175,0.330737774182269,-11.6519076600495,-0.07310444699446,0.299898478803701,-0.0004800405877166
3.24100309275175,0.236353610564269,-13.0143048539495,-0.07775781886496,0.334048662004701,0.0008915039652493
3.47724204920175,0.212757592012269,-14.1042229905495,-0.08054984198726,0.366352859554701,-0.0011658128642036
4.25683122538176,0.165565510203269,-16.2840592637495,-0.09078726010246,0.432807270107701,-0.0025373574171636
4.63481336497176,0.189161543657269,-17.7826974168495,-0.09637129889646,0.478033158598701,-0.0039089017373036
5.24903493784176,0.141969476749269,-19.5538155809495,-0.10474736826336,0.539872679529701,-0.0066519913089036
5.98137622736176,0.189161543657269,-21.3249318376495,-0.11219276325606,0.599866185007701,-0.0087093080219336
6.66646963022175,0.283545677472269,-23.0960480943495,-0.12243017392106,0.662628683862701,-0.0087093080219336
7.44605832957176,0.401525859643269,-24.5946862474495,-0.13266759203606,0.725391123113701,-0.0087093080219336
8.01303249262175,0.566698108722269,-25.9570843949495,-0.14011298702906,0.770617041406701,-0.0045946741302036
8.81624465845175,0.873446558524269,-27.5919625535495,-0.15965714143406,0.839840385732701,0.0056919099006363
9.02885967158175,1.06221488576227,-29.0905987992495,-0.16803320335106,0.880451354799701,0.0111780881124664
9.35959487818175,1.29817525010227,-30.7254769578495,-0.18385466026006,0.933984074411701,0.0194073549646664
9.59583335779175,1.46334746938227,-31.6791550889495,-0.19409208582606,0.957981500444701,0.0255793060350664
9.64308124445175,1.67571178536227,-32.3603532090495,-0.20246814774206,0.979209992704701,0.0269508498895664
9.61945777796175,2.02965227227227,-33.4502732530495,-0.21642825590306,0.999515507040701,0.0338085728871664
9.61945777796175,2.19482461076227,-33.8589913621495,-0.23038836406406,1.0170520876027,0.0379232081759664
9.43046623133175,2.35999671082227,-34.8126694932495,-0.23504174338506,1.0299737785427,0.0406662958848664
9.57220989130176,2.33640066247227,-35.2213914170495,-0.23969510780506,1.0502792928827,0.0406662958848664
9.69032913111175,2.35999671082227,-35.4938676133495,-0.24062578963006,1.0585860345927,0.0386089782405664
9.90294414426175,2.33640066247227,-35.7663476243495,-0.24620983587406,1.0788915489327,0.0344943466770664
9.92656856436176,2.33640066247227,-36.0388276353495,-0.24714050279806,1.0871984098527,0.0296939394611664
9.99743991756175,2.28920880418227,-36.3113076463495,-0.24527915404906,1.0982741449427,0.0214646726089664
10.0446878041618,2.21842065911227,-36.4475495591495,-0.24434848712606,1.1102727983527,0.0132354048255664
10.1864314641618,2.10044041734227,-36.5837876573495,-0.24155645655306,1.1195025776027,0.0070634546864363
10.1864314641618,1.86448005299227,-36.9925057664495,-0.23969510780506,1.1222714517727,0.0056919099006363
10.0683122243618,1.86448005299227,-36.9925057664495,-0.23690309213306,1.1305783126927,0.0036345931875963
10.0683122243618,1.79369190793227,-36.9925057664495,-0.23318039463706,1.1315012310127,0.0029488207946963
10.0446878041618,1.81728795628227,-37.2649857774495,-0.23597241030806,1.1333471868627,0.0050061375077363
