Fx,Fy,Fz,Tx,Ty,Tz
-0.341660538874997,-5.87569245944063,0.0669741253068332,-0.21422009939994,0.0324834040676333,-0.133064937405267
-0.390644142589997,-5.94900664935063,0.0669741253068332,-0.21784620756894,0.0353039601196833,-0.136580987460967
-0.317168722114997,-6.12007197986063,-0.0647782464831668,-0.22963108892194,0.0315432190274333,-0.145722719468167
-0.366152325830997,-6.34001311908063,0.0669741253068332,-0.23778983230394,0.0343637750794333,-0.154864449612767
-0.390644142589997,-6.43776521335063,-0.196530499063167,-0.24594857568494,0.0371843311314833,-0.156974081508867
-0.415135929546997,-6.65770635257063,-0.0647782464831668,-0.26045303816594,0.0418852581953033,-0.159083709679567
-0.390644142589997,-6.82877168308063,-0.460035123433167,-0.27133136267494,0.0447058142473333,-0.152754821442067
-0.341660538874997,-6.87764749179063,-0.328282870853167,-0.27495747084394,0.0390647021432733,-0.150645189546067
-0.243693361244997,-7.04871329913063,-0.460035123433167,-0.28583579535294,0.0334235900392333,-0.145722719468167
-0.219201574287997,-7.12202701221063,-0.591787376003167,-0.29399456853694,0.0296628480156333,-0.144316299445967
-0.170217970571997,-7.17090282092063,-0.855292119583167,-0.29671414966394,0.0202609938880333,-0.142909877561067
-0.170217970571997,-7.19534072528063,-0.723539628583167,-0.29580762262194,0.0174404387672333,-0.145019509457067
-0.145726183615997,-7.14646491657063,-0.723539628583167,-0.29308804149394,0.0165002518644333,-0.146425929479267
-0.121234381757997,-6.97539958606063,-0.591787376003167,-0.28220968718294,0.0099189565827333,-0.149238769523767
-0.145726183615997,-6.90208539615063,-0.460035123433167,-0.27405094380194,0.0165002518644333,-0.154864449612767
-0.170217970571997,-6.85320958743063,-0.460035123433167,-0.27223788971694,0.0230815508713333,-0.156270869635067
-0.219201574287997,-6.77989587436063,-0.460035123433167,-0.26770525450494,0.0230815508713333,-0.159083709679567
-0.170217970571997,-6.75545797000063,-0.460035123433167,-0.26226609225094,0.0221413658311333,-0.168928653560567
-0.0722507929429966,-6.73102006564063,-0.328282870853167,-0.26135956520794,0.0221413658311333,-0.164006181620067
-0.0232672041279966,-6.87764749179063,-0.328282870853167,-0.26861178154794,0.0136796967437333,-0.159786921553367
0.0991917679086034,-7.04871329913063,-0.460035123433167,-0.28492926831094,0.0023974725355333,-0.159786921553367
0.197158945538103,-7.17090282092063,-0.723539628583167,-0.28946190352194,0.0005171024551333,-0.158380501531067
0.221650739945503,-7.21977862964063,-0.855292119583167,-0.29490109557894,-0.0032436414311666,-0.157677289657267
0.246142534353003,-7.21977862964063,-0.855292119583167,-0.29490109557894,-0.0032436414311666,-0.158380501531067
0.172667151130703,-7.29309234271063,-0.987044372163167,-0.29671414966394,0.0005171024551333,-0.159083709679567
0.148175356723403,-7.36640605579063,-0.855292119583167,-0.30487289304494,0.0033376575758333,-0.158380501531067
0.0746999735013034,-7.43972024570063,-1.11879662474317,-0.30396636600294,0.0080385827770333,-0.161896553449367
0.0746999735013034,-7.46415767322063,-0.987044372163167,-0.30668594712994,0.0117993266632333,-0.166819021664567
0.0991917679086034,-7.61078509937063,-0.987044372163167,-0.31484469051194,0.0099189565827333,-0.169631861709067
0.0991917679086034,-7.70853767047063,-0.987044372163167,-0.32390999073794,0.0108591416230333,-0.171038281731267
0.0991917679086034,-7.78185138355063,-0.987044372163167,-0.32753609890694,0.0127395117034333,-0.175257545523367
0.123683562316003,-7.73297557483063,-0.855292119583167,-0.32844262594994,0.0108591416230333,-0.174554333649567
0.0257163846865034,-7.75741347919063,-0.987044372163167,-0.32481651777994,0.0146198817839333,-0.170335073582867
0.0012245902790033,-7.63522395740063,-0.987044372163167,-0.31847079868094,0.0174404387672333,-0.168928653560567
-0.0232672041279966,-7.46415767322063,-1.11879662474317,-0.31031205529994,0.0221413658311333,-0.166115813516067
-0.0722507929429966,-7.31753024707063,-0.987044372163167,-0.29852720374894,0.0268422910322333,-0.161896553449367
0.0012245902790033,-7.19534072528063,-0.987044372163167,-0.29218151445194,0.0221413658311333,-0.164709393493867
0.0502081790939034,-7.14646491657063,-0.855292119583167,-0.28855537647994,0.0165002518644333,-0.164709393493867
0.148175356723403,-7.04871329913063,-0.723539628583167,-0.28311621422594,0.0033376575758333,-0.167522233538367
0.148175356723403,-6.92652377735063,-0.723539628583167,-0.28130316014094,0.0042778426160333,-0.168928653560567
0.0991917679086034,-6.90208539615063,-0.591787376003167,-0.27586399788694,0.0070983977367333,-0.172444705478867
0.0746999735013034,-6.85320958743063,-0.591787376003167,-0.27042483563194,0.0127395117034333,-0.178070385567867
-0.0722507929429966,-6.82877168308063,-0.460035123433167,-0.27042483563194,0.0230815508713333,-0.176663965545567
-0.0722507929429966,-6.82877168308063,-0.328282870853167,-0.26589220041994,0.0268422910322333,-0.177367177419367
-0.145726183615997,-6.73102006564063,-0.328282870853167,-0.26407914633594,0.0287226629754333,-0.172444705478867
-0.121234381757997,-6.75545797000063,-0.460035123433167,-0.26861178154794,0.0353039601196833,-0.170335073582867
-0.0967425798999966,-6.85320958743063,-0.591787376003167,-0.27314441675894,0.0306030330558333,-0.172444705478867
-0.0722507929429966,-6.87764749179063,-0.723539628583167,-0.27677052492894,0.0249619209518333,-0.170335073582867
-0.0477590059859966,-6.95096168170063,-0.723539628583167,-0.28220968718294,0.0202609938880333,-0.168225441686867
0.0502081790939034,-6.92652377735063,-0.460035123433167,-0.28311621422594,0.0127395117034333,-0.167522233538367
0.0257163846865034,-6.80433377872063,-0.591787376003167,-0.27495747084394,0.0127395117034333,-0.170335073582867
-0.0967425798999966,-6.53551683078063,-0.591787376003167,-0.25773342723694,0.0212011789282333,-0.178773593716367
-0.219201574287997,-6.36445102344063,-0.460035123433167,-0.24050941343094,0.0324834040676333,-0.184399273805367
-0.268185148201997,-6.21782359729063,-0.328282870853167,-0.23053761596494,0.0353039601196833,-0.183696065656867
-0.292676935158997,-6.14450988422063,-0.460035123433167,-0.23053761596494,0.0409450726894033,-0.178070385567867
-0.170217970571997,-6.19338569293063,-0.328282870853167,-0.23325719709194,0.0447058142473333,-0.178773593716367
-0.145726183615997,-6.31557521472063,-0.328282870853167,-0.24413552160094,0.0390647021432733,-0.174554333649567
-0.0967425798999966,-6.46220311771063,-0.723539628583167,-0.25773342723694,0.0353039601196833,-0.171038281731267
0.0257163846865034,-6.51107892642063,-0.987044372163167,-0.26226609225094,0.0277824779351333,-0.174554333649567
0.0502081790939034,-6.58439263950063,-0.855292119583167,-0.26589220041994,0.0277824779351333,-0.180180017463867
0.0746999735013034,-6.58439263950063,-0.723539628583167,-0.26407914633594,0.0240217359115333,-0.183696065656867
-0.0477590059859966,-6.55995473514063,-0.723539628583167,-0.26407914633594,0.0287226629754333,-0.192837793938867
-0.121234381757997,-6.53551683078063,-0.723539628583167,-0.26317261929294,0.0324834040676333,-0.198463481478367
-0.243693361244997,-5.41137179981063,-0.328282870853167,-0.29762067670594,0.0343637750794333,-0.131658517383067
-0.268185148201997,-5.80237874637063,-0.196530499063167,-0.22237884278094,0.0418852581953033,-0.166115813516067
-0.121234381757997,-5.06924113880063,-0.328282870853167,-0.21603315348394,0.0559880384554333,-0.236436825804767
-0.121234381757997,-5.63131341586063,-0.723539628583167,-0.18521120424094,0.0522272973631833,-0.194947425834867
-0.0477590059859966,-5.50912389407063,-0.987044372163167,-0.22781800503494,0.0381245166373733,-0.188618537597367
0.0746999735013034,-5.63131341586063,-0.328282870853167,-0.20424828703194,0.0306030330558333,-0.187915329448867
0.0502081790939034,-5.53356179843063,-0.460035123433167,-0.21240704531494,0.0268422910322333,-0.197760265879367
0.0746999735013034,-5.33805808673063,-0.328282870853167,-0.20878093714494,0.0221413658311333,-0.183696065656867
0.0012245902790033,-5.24030646930063,-0.196530499063167,-0.22147231573894,0.0221413658311333,-0.173147913627367
-0.0232672041279966,-4.89817533145063,-0.0647782464831668,-0.19518301660794,0.0202609938880333,-0.175960753671867
-0.0232672041279966,-4.77598580966063,-0.196530499063167,-0.18158509607094,0.0306030330558333,-0.192134585790367
-0.268185148201997,-4.87373742709063,-0.196530499063167,-0.17433287973194,0.0268422910322333,-0.119703944399957
-0.121234381757997,-4.31166515003063,0.0669741253068332,-0.17251981074594,0.0324834040676333,-0.115484683518307
-0.0722507929429966,-4.01840982089063,0.198726377886833,-0.18430467719794,0.0221413658311333,-0.111968632880607
-0.0477590059859966,-3.89622029910063,0.725735567012833,-0.14804356569994,0.0249619209518333,-0.164709393493867
0.0502081790939034,-4.40941676746063,0.330478630466833,-0.15982843215294,0.0230815508713333,-0.164006181620067
-0.0232672041279966,-3.79846868167063,0.198726377886833,-0.19699607069294,0.0061582126965333,-0.124626415409157
0.197158945538103,-3.79846868167063,0.462231002246833,-0.18521120424094,-0.0004230825851666,-0.109859002381577
0.0991917679086034,-3.72515496860063,0.593983254826833,-0.17795898790194,0.0033376575758333,-0.119000734388837
0.0502081790939034,-3.45633754382063,0.330478630466833,-0.17705246085894,-0.0013632713506666,-0.114781473390767
0.0991917679086034,-3.13864454875063,0.462231002246833,-0.17251981074594,-0.0041838264713666,-0.0964980093762666
0.123683562316003,-2.96757921825063,0.330478630466833,-0.17251981074594,-0.0070043815920666,-0.0859498573467666
0.0502081790939034,-2.82095155368063,0.330478630466833,-0.16073495919494,-0.0013632713506666,-0.0943883793428666
0.0012245902790033,-2.89426526676063,0.198726377886833,-0.16526759440694,0.0023974725355333,-0.0943883793428666
-0.0232672041279966,-2.84538945804063,0.330478630466833,-0.16889370257694,0.0005171024551333,-0.0887626992538666
-0.0232672041279966,-2.79651364932063,0.593983254826833,-0.15529578203994,0.0014572874953333,-0.0986076412722666
-0.0967425798999966,-2.77207574497063,0.462231002246833,-0.15982843215294,0.0033376575758333,-0.0922787493094666
-0.0722507929429966,-2.55213436733063,0.593983254826833,-0.16254801327994,0.0014572874953333,-0.0845434373244666
-0.0477590059859966,-2.52769646297063,0.725735567012833,-0.14804356569994,0.0042778426160333,-0.0845434373244666
0.0257163846865034,-2.38106879840063,0.857487879195833,-0.14169786150294,-0.0004230825851666,-0.0887626992538666
-0.145726183615997,-1.79455861698063,0.989240131774833,-0.13716522629094,0.0042778426160333,-0.0662599733099666
-0.170217970571997,-1.55017933498063,0.989240131774833,-0.12447383279594,0.0070983977367333,-0.0564150331541666
-0.219201574287997,-1.01254484306063,0.725735567012833,-0.11631508941494,0.0070983977367333,-0.0437572492286666
-0.219201574287997,-0.645975920060633,0.593983254826833,-0.10543675000494,0.0070983977367333,-0.0353187290951666
-0.268185148201997,-0.426034542421633,0.462231002246833,-0.10271716887794,0.0052180276562333,-0.0332090971991666
-0.292676935158997,-0.352720769742633,0.462231002246833,-0.09546493763694,0.0033376575758333,-0.0353187290951666
-0.292676935158997,-0.597100111340633,0.593983254826833,-0.09183882946794,0.0117993266632333,-0.0465700892731666
-0.219201574287997,-0.914793106420633,0.593983254826833,-0.09274535650994,0.0136796967437333,-0.0500861449167666
-0.292676935158997,-0.768165561060633,0.462231002246833,-0.09365188355294,0.0127395117034333,-0.0451636729761666
-0.292676935158997,-0.817041369780633,0.593983254826833,-0.09365188355294,0.0174404387672333,-0.0444604573771666
-0.243693361244997,-0.865917297700633,0.593983254826833,-0.09365188355294,0.0136796967437333,-0.0458668811246666
-0.243693361244997,-0.499348374700633,0.725735567012833,-0.08730619425594,0.0080385827770333,-0.0458668811246666
-0.268185148201997,-0.474910470350633,0.857487879195833,-0.08730619425594,0.0108591416230333,-0.0430540410801666
-0.415135929546997,-0.303844901422633,0.593983254826833,-0.08730619425594,0.0127395117034333,-0.0388347772881666
-0.464119503460997,-0.0839035833876332,0.725735567012833,-0.08458660567794,0.0089787678172333,-0.0346155209466666
-0.366152325830997,0.0138481532533667,1.12099244395783,-0.08277355159294,0.0042778426160333,-0.0332090971991666
-0.439627716503997,0.111599860092367,0.857487879195833,-0.08005397046594,0.0089787678172333,-0.0310994653031666
-0.390644142589997,0.258227435251367,0.989240131774833,-0.07733438933894,0.0014572874953333,-0.0275834171101666
-0.415135929546997,0.355979156991367,1.12099244395783,-0.07189521963394,0.0033376575758333,-0.0184416888281666
-0.317168722114997,0.453730871280167,0.989240131774833,-0.07098869259194,-0.0013632713506666,-0.0135192168877666
-0.317168722114997,0.478168797989867,1.25274475614183,-0.06826910401394,-0.0023034563908666,-0.0149256331846666
-0.341660538874997,0.551482585569367,1.25274475614183,-0.06373646880184,-0.0004230825851666,-0.0170352650806666
-0.366152325830997,0.600358442713967,1.25274475614183,-0.06101688022414,0.0023974725355333,-0.0163320569321666
-0.439627716503997,0.746986014147367,1.25274475614183,-0.05829729909694,0.0023974725355333,-0.0170352650806666
-0.415135929546997,0.722548079987367,1.12099244395783,-0.05920382613934,0.0023974725355333,-0.0128160012887666
-0.415135929546997,0.795861867567367,1.25274475614183,-0.05739077205454,0.0005171024551333,-0.0114095849917666
-0.464119503460997,0.918051508566367,1.25274475614183,-0.05467119092744,-0.0023034563908666,-0.0107063768427666
-0.415135929546997,0.942489442726367,0.989240131774833,-0.05376465643444,0.0033376575758333,-0.0092999530957665
-0.439627716503997,0.991365311046367,1.12099244395783,-0.05376465643444,0.0014572874953333,-0.0057839049027665
-0.464119503460997,1.08911701788537,1.12099244395783,-0.05195160234964,-0.0032436414311666,-0.0015646411107666
-0.341660538874997,1.13799288620537,1.12099244395783,-0.05013854826484,-0.0041838264713666,0.0026546152312334
-0.292676935158997,1.21130665888437,1.12099244395783,-0.04832549418014,-0.0060641965518666,0.0033578308302334
-0.317168722114997,1.18686875452637,1.12099244395783,-0.04741896713774,-0.0041838264713666,0.0033578308302334
-0.341660538874997,1.18686875452637,1.12099244395783,-0.04560590560234,-0.0013632713506666,0.0019514070822334
-0.439627716503997,1.18686875452637,1.25274475614183,-0.03835368181264,0.0014572874953333,-0.0064871130507665
-0.390644142589997,1.16243079056337,1.25274475614183,-0.03835368181264,0.0033376575758333,-0.0064871130507665
-0.439627716503997,1.08911701788537,1.12099244395783,-0.03563410068554,0.0052180276562333,-0.0100031612437666
-0.513103077373997,1.06467911352737,0.989240131774833,-0.03291451955834,0.0089787678172333,-0.0135192168877666
-0.415135929546997,0.966927376886367,0.857487879195833,-0.03200799251594,0.0099189565827333,-0.0071903211997665
-0.366152325830997,0.893613574405367,0.593983254826833,-0.02928840393824,0.0165002518644333,-0.0022678567097665
-0.268185148201997,0.844737735887367,0.593983254826833,-0.02112965683144,0.0165002518644333,-0.0057839049027665
-0.268185148201997,0.795861867567367,0.198726377886833,-0.01931659902134,0.0240217359115333,-0.0015646411107666
-0.268185148201997,0.698110160728367,0.0669741253068332,-0.01387743304174,0.0259021059920333,-0.0015646411107666
-0.268185148201997,0.624796373148867,0.0669741253068332,-0.01025132114684,0.0315432190274333,-0.0043774811547665
-0.268185148201997,0.527044656997067,-0.0647782464831668,-0.00662520925204,0.0324834040676333,-0.0064871130507665
-0.243693361244997,0.502606728424767,-0.196530499063167,-0.00481215144194,0.0362441460912433,-0.0043774811547665
-0.219201574287997,0.478168797989867,-0.0647782464831668,0.0006270145376599,0.0371843311314833,-0.0107063768427666
-0.243693361244997,0.478168797989867,-0.328282870853167,0.0015335415800599,0.0390647021432733,-0.0100031612437666
-0.219201574287997,0.478168797989867,-0.460035123433167,0.0042531264325599,0.0418852581953033,-0.0107063768427666
-0.170217970571997,0.429292944570367,-0.328282870853167,0.0069727094223599,0.0390647021432733,-0.0114095849917666
-0.194709757528997,0.429292944570367,-0.328282870853167,0.0096922942747599,0.0400048871835133,-0.0142224250357666
-0.170217970571997,0.355979156991367,-0.460035123433167,0.0096922942747599,0.0390647021432733,-0.0149256331846666
-0.219201574287997,0.0871619557343668,-0.460035123433167,0.0087857653697599,0.0437656288578523,-0.0170352650806666
-0.243693361244997,0.0382860576113668,-0.196530499063167,0.0087857653697599,0.0400048871835133,-0.0142224250357666
-0.170217970571997,0.0138481532533667,-0.328282870853167,0.0060661823799599,0.0371843311314833,-0.0142224250357666
-0.170217970571997,-0.0350277150666332,-0.460035123433167,0.0087857653697599,0.0381245166373733,-0.0191448969766666
-0.170217970571997,-0.0350277150666332,-0.196530499063167,0.01241187726456,0.0409450726894033,-0.0212545288726666
-0.170217970571997,-0.0350277150666332,-0.328282870853167,0.01603798915946,0.0428254434683733,-0.0268802089616666
-0.0477590059859966,-0.0350277150666332,-0.0647782464831668,0.01694451806446,0.0390647021432733,-0.0353187290951666
-0.121234381757997,0.0138481532533667,-0.196530499063167,0.01422493321206,0.0381245166373733,-0.0374283609911666
-0.170217970571997,0.0138481532533667,-0.0647782464831668,0.01331840616966,0.0362441460912433,-0.0303962571546666
-0.145726183615997,0.0382860576113668,-0.196530499063167,0.01241187726456,0.0343637750794333,-0.0318026809021666
-0.0477590059859966,0.0627240215743668,-0.196530499063167,0.01513146211706,0.0353039601196833,-0.0395379928871666
-0.170217970571997,0.0871619557343668,-0.196530499063167,0.01241187726456,0.0343637750794333,-0.0346155209466666
-0.170217970571997,0.0138481532533667,-0.0647782464831668,0.0096922942747599,0.0334235900392333,-0.0325058890506666
-0.121234381757997,0.111599860092367,0.0669741253068332,0.01241187726456,0.0343637750794333,-0.0332090971991666
-0.0967425798999966,0.0382860576113668,-0.196530499063167,0.01422493321206,0.0324834040676333,-0.0360219372436666
-0.170217970571997,0.0627240215743668,-0.196530499063167,0.01241187726456,0.0324834040676333,-0.0318026809021666
-0.170217970571997,0.0138481532533667,-0.196530499063167,0.01422493321206,0.0315432190274333,-0.0318026809021666
-0.0722507929429966,-0.0350277150666332,-0.328282870853167,0.01422493321206,0.0296628480156333,-0.0332090971991666
-0.170217970571997,-0.0594656194246332,-0.0647782464831668,0.01513146211706,0.0334235900392333,-0.0367251528426666
-0.170217970571997,-0.0594656194246332,-0.196530499063167,0.01331840616966,0.0324834040676333,-0.0325058890506666
-0.170217970571997,0.0627240215743668,-0.328282870853167,0.01241187726456,0.0306030330558333,-0.0296930490061666
-0.194709757528997,0.0382860576113668,-0.0647782464831668,0.01150535022216,0.0296628480156333,-0.0325058890506666
-0.170217970571997,0.111599860092367,-0.196530499063167,0.01422493321206,0.0306030330558333,-0.0346155209466666
-0.170217970571997,0.0627240215743668,-0.0647782464831668,0.01150535022216,0.0268422910322333,-0.0325058890506666
-0.170217970571997,0.0138481532533667,-0.196530499063167,0.0096922942747599,0.0277824779351333,-0.0296930490061666
-0.145726183615997,0.0138481532533667,-0.196530499063167,0.01422493321206,0.0306030330558333,-0.0346155209466666
-0.170217970571997,0.0382860576113668,-0.196530499063167,0.01241187726456,0.0324834040676333,-0.0346155209466666
-0.170217970571997,0.0138481532533667,-0.196530499063167,0.0096922942747599,0.0296628480156333,-0.0289898408576666
-0.170217970571997,-0.0350277150666332,-0.328282870853167,0.01150535022216,0.0296628480156333,-0.0282866252586666
-0.0967425798999966,-0.0594656194246332,-0.328282870853167,0.01331840616966,0.0287226629754333,-0.0303962571546666
-0.170217970571997,-0.0105897511046332,-0.196530499063167,0.01331840616966,0.0324834040676333,-0.0310994653031666
-0.145726183615997,-0.0105897511046332,-0.196530499063167,0.01241187726456,0.0277824779351333,-0.0275834171101666
-0.145726183615997,0.0138481532533667,-0.196530499063167,0.01059882131716,0.0287226629754333,-0.0261770008131666
-0.145726183615997,0.136037794252367,-0.196530499063167,0.01241187726456,0.0240217359115333,-0.0268802089616666
-0.121234381757997,0.0627240215743668,-0.196530499063167,0.01241187726456,0.0240217359115333,-0.0289898408576666
-0.170217970571997,0.0871619557343668,-0.196530499063167,0.01241187726456,0.0249619209518333,-0.0282866252586666
-0.145726183615997,0.136037794252367,-0.196530499063167,0.01241187726456,0.0230815508713333,-0.0261770008131666
-0.145726183615997,-0.0105897511046332,-0.196530499063167,0.01422493321206,0.0268422910322333,-0.0296930490061666
-0.170217970571997,0.0382860576113668,-0.196530499063167,0.01241187726456,0.0277824779351333,-0.0296930490061666
-0.170217970571997,0.0382860576113668,-0.196530499063167,0.01331840616966,0.0249619209518333,-0.0289898408576666
-0.243693361244997,-0.0350277150666332,-0.196530499063167,0.01150535022216,0.0306030330558333,-0.0275834171101666
-0.170217970571997,0.0138481532533667,-0.196530499063167,0.01150535022216,0.0259021059920333,-0.0282866252586666
-0.194709757528997,-0.108341487745633,-0.196530499063167,0.01422493321206,0.0296628480156333,-0.0325058890506666
-0.170217970571997,-0.0105897511046332,-0.196530499063167,0.01331840616966,0.0315432190274333,-0.0310994653031666
-0.170217970571997,-0.0350277150666332,-0.196530499063167,0.01331840616966,0.0296628480156333,-0.0310994653031666
-0.170217970571997,0.0382860576113668,-0.196530499063167,0.01422493321206,0.0306030330558333,-0.0310994653031666
-0.170217970571997,0.0382860576113668,-0.196530499063167,0.01422493321206,0.0287226629754333,-0.0325058890506666
-0.170217970571997,0.0627240215743668,-0.196530499063167,0.01513146211706,0.0277824779351333,-0.0310994653031666
-0.145726183615997,0.0138481532533667,-0.196530499063167,0.01422493321206,0.0287226629754333,-0.0310994653031666
-0.170217970571997,0.111599860092367,-0.196530499063167,0.01241187726456,0.0277824779351333,-0.0289898408576666
-0.170217970571997,0.0382860576113668,-0.196530499063167,0.01422493321206,0.0296628480156333,-0.0275834171101666
-0.170217970571997,0.0138481532533667,-0.196530499063167,0.01331840616966,0.0315432190274333,-0.0296930490061666
-0.0967425798999966,0.0382860576113668,-0.328282870853167,0.01603798915946,0.0296628480156333,-0.0296930490061666
-0.121234381757997,-0.0350277150666332,-0.328282870853167,0.01422493321206,0.0315432190274333,-0.0296930490061666
-0.170217970571997,-0.0594656194246332,-0.196530499063167,0.01241187726456,0.0343637750794333,-0.0275834171101666
-0.0967425798999966,-0.0105897511046332,-0.196530499063167,0.01331840616966,0.0315432190274333,-0.0303962571546666
-0.0967425798999966,0.0138481532533667,-0.328282870853167,0.01422493321206,0.0324834040676333,-0.0310994653031666
-0.0967425798999966,0.0871619557343668,-0.328282870853167,0.01603798915946,0.0296628480156333,-0.0303962571546666
-0.0477590059859966,0.111599860092367,-0.196530499063167,0.01422493321206,0.0268422910322333,-0.0296930490061666
-0.0722507929429966,0.0138481532533667,-0.196530499063167,0.01331840616966,0.0306030330558333,-0.0310994653031666
-0.0722507929429966,0.0382860576113668,-0.196530499063167,0.01422493321206,0.0268422910322333,-0.0310994653031666
-0.0722507929429966,0.0382860576113668,-0.196530499063167,0.01331840616966,0.0296628480156333,-0.0296930490061666
-0.145726183615997,0.0382860576113668,-0.196530499063167,0.01150535022216,0.0324834040676333,-0.0282866252586666
-0.0967425798999966,0.0138481532533667,-0.196530499063167,0.01241187726456,0.0306030330558333,-0.0261770008131666
-0.0967425798999966,-0.0105897511046332,-0.196530499063167,0.01241187726456,0.0315432190274333,-0.0275834171101666
-0.0967425798999966,0.0627240215743668,-0.196530499063167,0.01241187726456,0.0334235900392333,-0.0261770008131666
-0.0967425798999966,-0.0350277150666332,-0.196530499063167,0.01422493321206,0.0324834040676333,-0.0275834171101666
-0.0722507929429966,0.0138481532533667,-0.328282870853167,0.01603798915946,0.0296628480156333,-0.0289898408576666
-0.0722507929429966,0.0382860576113668,-0.328282870853167,0.01513146211706,0.0306030330558333,-0.0303962571546666
-0.0967425798999966,0.0382860576113668,-0.328282870853167,0.01422493321206,0.0315432190274333,-0.0289898408576666
-0.0967425798999966,0.0871619557343668,-0.328282870853167,0.01331840616966,0.0306030330558333,-0.0268802089616666
-0.121234381757997,0.0871619557343668,-0.328282870853167,0.01422493321206,0.0306030330558333,-0.0275834171101666
-0.121234381757997,0.0382860576113668,-0.328282870853167,0.01513146211706,0.0343637750794333,-0.0318026809021666
-0.145726183615997,0.0382860576113668,-0.196530499063167,0.01422493321206,0.0362441460912433,-0.0303962571546666
-0.194709757528997,0.0138481532533667,-0.328282870853167,0.01331840616966,0.0362441460912433,-0.0261770008131666
-0.194709757528997,0.0138481532533667,-0.460035123433167,0.01603798915946,0.0400048871835133,-0.0261770008131666
-0.170217970571997,0.0382860576113668,-0.460035123433167,0.01875757401186,0.0418852581953033,-0.0296930490061666
-0.243693361244997,0.0138481532533667,-0.460035123433167,0.02147715700176,0.0503469263513933,-0.0325058890506666
-0.268185148201997,0.111599860092367,-0.328282870853167,0.03054243627316,0.0559880384554333,-0.0416476173326666
-0.317168722114997,0.233789501091367,-0.460035123433167,0.04323382650814,0.0710310046871333,-0.0627439251169666
-0.292676935158997,1.35793420424037,0.0669741253068332,0.11303647582736,0.0888945260395333,-0.133064937405267
-0.0722507929429966,2.79977193225937,-0.0647782464831668,0.18283913259706,0.0917150848855333,-0.244172130338767
-0.121234381757997,2.60426869739937,-0.460035123433167,0.25536135559306,0.0315432190274333,-0.256126706115767
-0.170217970571997,2.40876510490937,-0.328282870853167,0.26080053274806,0.0409450726894033,-0.258939553610767
0.295126130618003,2.43320312847937,-0.591787376003167,0.21094148581206,0.0005171024551333,-0.310273890010767
0.319617917575003,2.04219618190937,0.0669741253068332,0.24085690801306,-0.0060641965518666,-0.300428946129767
0.515552272834003,2.11551001419937,-0.328282870853167,0.17921300952606,-0.0173464207599667,-0.285661537758767
0.735978415050003,1.72450318683937,0.0669741253068332,0.18555871372406,-0.0295688300082667,-0.276519809476767
0.809453835525003,1.57787564148937,0.0669741253068332,0.16289550786206,-0.0417912392566667,-0.237843242101767
0.882929196395003,1.18686875452637,0.198726377886833,0.14929759477606,-0.0408510579416667,-0.210418049804867
0.980896344222003,0.942489442726367,0.462231002246833,0.15201717590306,-0.0502529083440667,-0.182289649359867
1.078863551654,0.624796373148867,0.462231002246833,0.11212994878496,-0.0558940260356667,-0.171038281731267
1.078863551654,0.209351596733367,0.330478630466833,0.10215814386806,-0.0577743961166667,-0.145019509457067
1.054371764697,-0.279406997064633,0.198726377886833,0.04323382650814,-0.0596547661966667,-0.125329625420267
1.02987997774,-0.841479393340633,0.0669741253068332,0.01150535022216,-0.0643556876726667,-0.0936851693317666
0.907420983352003,-1.35467586170063,-0.591787376003167,-0.03744715477024,-0.0643556876726667,-0.0824338091537666
0.809453835525003,-2.06337580333063,-0.723539628583167,-0.07552132780394,-0.0568342073506667,-0.0845434373244666
0.784961988963003,-2.77207574497063,-1.11879662474317,-0.10815633113194,-0.0596547661966667,-0.0859498573467666
0.711486628093003,-3.57852754245063,-1.51405338247317,-0.15620230908194,-0.0530734671900667,-0.0936851693317666
0.589027663507003,-4.23835143695063,-1.90931037863317,-0.18430467719794,-0.0446117981026667,-0.102826901338967
0.540044059791003,-4.92261323581063,-2.30456737478317,-0.21240704531494,-0.0323893888542667,-0.123923205398037
0.393093308248003,-5.60687551151063,-2.43631938894317,-0.23869635934594,-0.0192267908404667,-0.146425929479267
0.344109704532003,-6.07119617114063,-2.43631938894317,-0.25773342723694,-0.0098249367127666,-0.162599761597867
0.221650739945503,-6.58439263950063,-2.43631938894317,-0.28402274126794,0.0005171024551333,-0.172444705478867
0.0257163846865034,-6.87764749179063,-2.56807187994317,-0.29943373079094,0.0155600668241333,-0.174554333649567
-0.0722507929429966,-7.12202701221063,-2.83157638510317,-0.31303163642694,0.0230815508713333,-0.175257545523367
-0.0722507929429966,-7.29309234271063,-2.56807187994317,-0.31665774459594,0.0277824779351333,-0.178070385567867
-0.0722507929429966,-7.34196815143063,-2.56807187994317,-0.31575121755394,0.0259021059920333,-0.181586433760867
0.0257163846865034,-7.34196815143063,-2.56807187994317,-0.31575121755394,0.0240217359115333,-0.180180017463867
0.148175356723403,-7.29309234271063,-2.69982437094317,-0.30849900121494,0.0117993266632333,-0.175960753671867
0.246142534353003,-7.31753024707063,-2.56807187994317,-0.30759247417294,0.0033376575758333,-0.171741493605067
0.344109704532003,-7.43972024570063,-2.56807187994317,-0.31665774459594,-0.0117053105185667,-0.160490133427067
0.295126130618003,-7.56190929065063,-2.56807187994317,-0.32572304482294,-0.0088847516725666,-0.153458029590567
0.221650739945503,-7.65966186176063,-2.69982437094317,-0.33206873411894,-0.0041838264713666,-0.147832349501567
0.0991917679086034,-7.75741347919063,-2.56807187994317,-0.33750789637394,0.0042778426160333,-0.145722719468167
-0.0722507929429966,-7.90404090534063,-2.43631938894317,-0.33750789637394,0.0155600668241333,-0.150645189546067
-0.170217970571997,-7.92847880969063,-2.43631938894317,-0.34113400454294,0.0268422910322333,-0.152754821442067
-0.243693361244997,-7.95291671405063,-2.30456737478317,-0.33932095045794,0.0324834040676333,-0.155567661486567
-0.243693361244997,-7.90404090534063,-2.30456737478317,-0.33932095045794,0.0381245166373733,-0.157677289657267
-0.219201574287997,-7.87960300098063,-2.04106263121317,-0.33478831524694,0.0390647021432733,-0.159786921553367
-0.170217970571997,-7.78185138355063,-1.77755812605317,-0.33116220707694,0.0353039601196833,-0.161896553449367
-0.145726183615997,-7.75741347919063,-1.64580587347317,-0.32390999073794,0.0334235900392333,-0.161896553449367
-0.0722507929429966,-7.68409976611063,-1.64580587347317,-0.32209693665294,0.0259021059920333,-0.159083709679567
0.0012245902790033,-7.63522395740063,-1.77755812605317,-0.32028385276594,0.0183806238075333,-0.154864449612767
0.0502081790939034,-7.53747138629063,-1.64580587347317,-0.31575121755394,0.0108591416230333,-0.152754821442067
0.172667151130703,-7.43972024570063,-1.64580587347317,-0.30668594712994,0.0005171024551333,-0.147129137627767
0.344109704532003,-7.41528234134063,-1.51405338247317,-0.30487289304494,-0.0060641965518666,-0.146425929479267
0.393093308248003,-7.29309234271063,-1.25054887732317,-0.30034025783294,-0.0164062357197667,-0.145019509457067
0.491060485877003,-7.17090282092063,-1.25054887732317,-0.29036846036694,-0.0173464207599667,-0.146425929479267
0.417585095204003,-7.04871329913063,-1.25054887732317,-0.28402274126794,-0.0182866095254667,-0.147129137627767
0.417585095204003,-6.95096168170063,-1.25054887732317,-0.27586399788694,-0.0173464207599667,-0.151348401419867
0.368601506390003,-6.82877168308063,-1.11879662474317,-0.27133136267494,-0.0145258656392667,-0.154864449612767
0.270634328760003,-6.73102006564063,-0.987044372163167,-0.26498567337794,-0.0023034563908666,-0.159786921553367
0.221650739945503,-6.65770635257063,-0.855292119583167,-0.26045303816594,-0.0004230825851666,-0.161193341575567
0.148175356723403,-6.55995473514063,-0.855292119583167,-0.25410731906694,0.0042778426160333,-0.162599761597867
0.221650739945503,-6.46220311771063,-0.855292119583167,-0.24685510272794,-0.0004230825851666,-0.160490133427067
0.319617917575003,-6.43776521335063,-1.11879662474317,-0.24685510272794,-0.0051240115115666,-0.154864449612767
0.417585095204003,-6.43776521335063,-0.987044372163167,-0.25138773793994,-0.0117053105185667,-0.148535561375367
0.491060485877003,-6.43776521335063,-0.855292119583167,-0.24957468385494,-0.0192267908404667,-0.147832349501567
0.442076882161003,-6.31557521472063,-0.987044372163167,-0.24413552160094,-0.0211071609208667,-0.145019509457067
0.319617917575003,-6.26669940601063,-1.11879662474317,-0.24413552160094,-0.0135856805989667,-0.142206667549967
0.172667151130703,-6.19338569293063,-1.11879662474317,-0.24141594047394,-0.0004230825851666,-0.142909877561067
0.0502081790939034,-6.16894778858063,-0.987044372163167,-0.23778983230394,0.0070983977367333,-0.143613089434767
-0.0722507929429966,-6.14450988422063,-0.987044372163167,-0.23688330526194,0.0183806238075333,-0.144316299445967
-0.121234381757997,-6.09563407550063,-0.987044372163167,-0.23325719709194,0.0193208088477333,-0.146425929479267
-0.170217970571997,-6.07119617114063,-1.11879662474317,-0.23325719709194,0.0240217359115333,-0.147832349501567
-0.145726183615997,-6.04675826679063,-1.25054887732317,-0.23778983230394,0.0249619209518333,-0.145019509457067
-0.0967425798999966,-6.14450988422063,-1.25054887732317,-0.24050941343094,0.0202609938880333,-0.145019509457067
-0.0967425798999966,-6.31557521472063,-1.38230112990317,-0.25048121089694,0.0202609938880333,-0.145722719468167
-0.0477590059859966,-6.48664102207063,-1.38230112990317,-0.26317261929294,0.0202609938880333,-0.142909877561067
-0.0967425798999966,-6.68214425693063,-1.11879662474317,-0.27405094380194,0.0183806238075333,-0.142206667549967
-0.145726183615997,-6.70658216129063,-1.11879662474317,-0.27495747084394,0.0202609938880333,-0.140097037516567
-0.268185148201997,-6.68214425693063,-1.11879662474317,-0.27133136267494,0.0287226629754333,-0.138690617494267
-0.292676935158997,-6.55995473514063,-1.38230112990317,-0.26679872746294,0.0343637750794333,-0.137987407483167
-0.415135929546997,-6.36445102344063,-1.25054887732317,-0.25229426498194,0.0447058142473333,-0.135877777449767
-0.464119503460997,-6.19338569293063,-1.11879662474317,-0.24232246751594,0.0494067413111533,-0.137284197472067
-0.513103077373997,-6.02232036243063,-0.855292119583167,-0.22963108892194,0.0494067413111533,-0.137987407483167
-0.464119503460997,-5.94900664935063,-0.987044372163167,-0.22419189686594,0.0475263702993633,-0.137987407483167
-0.439627716503997,-5.99788245807063,-0.855292119583167,-0.22237884278094,0.0447058142473333,-0.137987407483167
-0.415135929546997,-6.14450988422063,-0.987044372163167,-0.23688330526194,0.0428254434683733,-0.137284197472067
-0.390644142589997,-6.34001311908063,-0.987044372163167,-0.25138773793994,0.0428254434683733,-0.132361727394167
-0.366152325830997,-6.48664102207063,-0.855292119583167,-0.26045303816594,0.0447058142473333,-0.131658517383067
-0.390644142589997,-6.53551683078063,-0.855292119583167,-0.26226609225094,0.0447058142473333,-0.130955305509267
-0.513103077373997,-6.53551683078063,-0.855292119583167,-0.25863995427894,0.0475263702993633,-0.130252096429467
-0.488611290417997,-6.41332683215063,-1.11879662474317,-0.25320079202494,0.0475263702993633,-0.128845675475867
-0.439627716503997,-6.31557521472063,-0.987044372163167,-0.24594857568494,0.0437656288578523,-0.127439255453667
-0.366152325830997,-6.34001311908063,-1.11879662474317,-0.24504204864294,0.0465861850262933,-0.130252096429467
-0.341660538874997,-6.43776521335063,-1.11879662474317,-0.25410731906694,0.0371843311314833,-0.126736045442567
-0.219201574287997,-6.65770635257063,-1.25054887732317,-0.26589220041994,0.0306030330558333,-0.126736045442567
-0.170217970571997,-6.85320958743063,-1.25054887732317,-0.28311621422594,0.0259021059920333,-0.126736045442567
-0.170217970571997,-6.95096168170063,-1.38230112990317,-0.28946190352194,0.0240217359115333,-0.126736045442567
-0.0722507929429966,-7.17090282092063,-1.51405338247317,-0.30577942008794,0.0212011789282333,-0.129548886418367
-0.170217970571997,-7.26865443836063,-1.51405338247317,-0.30759247417294,0.0259021059920333,-0.130252096429467
-0.170217970571997,-7.07315120349063,-1.38230112990317,-0.29762067670594,0.0259021059920333,-0.133064937405267
-0.170217970571997,-6.92652377735063,-1.25054887732317,-0.28764884943794,0.0296628480156333,-0.133064937405267
-0.145726183615997,-6.65770635257063,-1.11879662474317,-0.27042483563194,0.0287226629754333,-0.132361727394167
-0.170217970571997,-6.55995473514063,-1.38230112990317,-0.26317261929294,0.0277824779351333,-0.130955305509267
0.0012245902790033,-6.29113731037063,-1.51405338247317,-0.25048121089694,0.0202609938880333,-0.135174567438667
0.0257163846865034,-6.29113731037063,-1.51405338247317,-0.24866815681294,0.0165002518644333,-0.135877777449767
0.0991917679086034,-6.43776521335063,-1.51405338247317,-0.26135956520794,0.0070983977367333,-0.135877777449767
0.197158945538103,-6.55995473514063,-1.38230112990317,-0.27042483563194,0.0014572874953333,-0.134471357427567
0.221650739945503,-6.58439263950063,-1.51405338247317,-0.27405094380194,-0.0013632713506666,-0.132361727394167
0.197158945538103,-6.63326844821063,-1.51405338247317,-0.27495747084394,-0.0004230825851666,-0.132361727394167
0.0991917679086034,-6.53551683078063,-1.64580587347317,-0.27042483563194,0.0070983977367333,-0.126736045442567
0.0257163846865034,-6.41332683215063,-1.51405338247317,-0.26135956520794,0.0127395117034333,-0.124626415409157
-0.0477590059859966,-6.21782359729063,-1.25054887732317,-0.24957468385494,0.0193208088477333,-0.123219995386907
-0.0967425798999966,-6.02232036243063,-1.25054887732317,-0.24050941343094,0.0230815508713333,-0.121813574433337
-0.0722507929429966,-5.87569245944063,-0.987044372163167,-0.22872456187994,0.0212011789282333,-0.124626415409157
-0.0722507929429966,-5.80237874637063,-1.11879662474317,-0.22691147799294,0.0183806238075333,-0.124626415409157
-0.145726183615997,-5.80237874637063,-1.11879662474317,-0.22419189686594,0.0221413658311333,-0.127439255453667
-0.170217970571997,-5.90013036380063,-1.25054887732317,-0.22963108892194,0.0277824779351333,-0.127439255453667
-0.243693361244997,-5.94900664935063,-1.25054887732317,-0.23507025117694,0.0315432190274333,-0.126032835431367
-0.292676935158997,-5.97344455371063,-1.25054887732317,-0.23597677821894,0.0343637750794333,-0.126032835431367
-0.268185148201997,-5.94900664935063,-1.25054887732317,-0.23235067004994,0.0334235900392333,-0.123923205398037
-0.243693361244997,-5.92456826816063,-1.25054887732317,-0.23144414300694,0.0324834040676333,-0.121813574433337
-0.292676935158997,-5.85125455509063,-1.11879662474317,-0.23053761596494,0.0353039601196833,-0.119000734388837
-0.243693361244997,-5.80237874637063,-1.11879662474317,-0.22691147799294,0.0315432190274333,-0.116187893645847
-0.219201574287997,-5.82681665073063,-1.11879662474317,-0.22056578869594,0.0306030330558333,-0.114781473390767
-0.170217970571997,-5.80237874637063,-0.987044372163167,-0.23144414300694,0.0240217359115333,-0.111968632880607
-0.170217970571997,-5.92456826816063,-1.25054887732317,-0.23688330526194,0.0221413658311333,-0.108452582359327
-0.121234381757997,-5.94900664935063,-1.25054887732317,-0.24050941343094,0.0212011789282333,-0.108452582359327
-0.0967425798999966,-5.97344455371063,-1.25054887732317,-0.24141594047394,0.0212011789282333,-0.108452582359327
-0.0967425798999966,-6.02232036243063,-1.38230112990317,-0.24232246751594,0.0202609938880333,-0.113375053135687
-0.0722507929429966,-5.99788245807063,-1.38230112990317,-0.24141594047394,0.0174404387672333,-0.114078263263227
0.0746999735013034,-5.77794084201063,-1.25054887732317,-0.22781800503494,0.0127395117034333,-0.120407154411087
0.123683562316003,-5.63131341586063,-1.25054887732317,-0.21965926165394,0.0099189565827333,-0.123219995386907
0.197158945538103,-5.46024760852063,-1.38230112990317,-0.20878093714494,0.0042778426160333,-0.124626415409157
0.148175356723403,-5.43580970416063,-1.25054887732317,-0.20606135601794,0.0089787678172333,-0.126736045442567
0.148175356723403,-5.38693389545063,-1.38230112990317,-0.20606135601794,0.0070983977367333,-0.130252096429467
0.197158945538103,-5.43580970416063,-1.38230112990317,-0.21059399122994,0.0070983977367333,-0.130252096429467
0.246142534353003,-5.63131341586063,-1.38230112990317,-0.22147231573894,0.0061582126965333,-0.130955305509267
0.221650739945503,-5.63131341586063,-1.25054887732317,-0.22419189686594,0.0033376575758333,-0.129548886418367
0.319617917575003,-5.63131341586063,-1.51405338247317,-0.22691147799294,-0.0004230825851666,-0.127439255453667
0.368601506390003,-5.60687551151063,-1.51405338247317,-0.22509842390794,-0.0041838264713666,-0.126032835431367
0.393093308248003,-5.41137179981063,-1.51405338247317,-0.21603315348394,-0.0060641965518666,-0.125329625420267
0.368601506390003,-5.26474437366063,-1.51405338247317,-0.20606135601794,-0.0051240115115666,-0.124626415409157
0.368601506390003,-5.04480323444063,-1.51405338247317,-0.18702425832594,-0.0023034563908666,-0.125329625420267
0.295126130618003,-5.02036533008063,-1.51405338247317,-0.18793078536794,0.0005171024551333,-0.123923205398037
0.148175356723403,-5.14255485187063,-1.64580587347317,-0.19880912477794,0.0089787678172333,-0.120407154411087
0.0991917679086034,-5.28918227802063,-1.64580587347317,-0.20606135601794,0.0117993266632333,-0.118297523912047
0.0257163846865034,-5.50912389407063,-1.90931037863317,-0.21965926165394,0.0155600668241333,-0.119000734388837
0.0502081790939034,-5.65575132022063,-1.64580587347317,-0.22237884278094,0.0146198817839333,-0.121110364422207
0.172667151130703,-5.58243760715063,-1.25054887732317,-0.21875273461094,0.0089787678172333,-0.125329625420267
0.172667151130703,-5.58243760715063,-1.11879662474317,-0.21059399122994,-0.0004230825851666,-0.119000734388837
0.148175356723403,-5.46024760852063,-1.11879662474317,-0.20062217886294,0.0052180276562333,-0.120407154411087
0.172667151130703,-5.33805808673063,-0.987044372163167,-0.18249162311394,-0.0023034563908666,-0.115484683518307
0.172667151130703,-5.24030646930063,-0.855292119583167,-0.17161328370394,-0.0023034563908666,-0.116891103889807
0.270634328760003,-5.36249599109063,-0.723539628583167,-0.18249162311394,-0.0032436414311666,-0.114781473390767
0.393093308248003,-5.50912389407063,-0.723539628583167,-0.19246343548094,-0.0023034563908666,-0.113375053135687
0.491060485877003,-5.53356179843063,-0.591787376003167,-0.20062217886294,-0.0032436414311666,-0.114078263263227
0.638011267222003,-5.58243760715063,-0.460035123433167,-0.20878093714494,-0.0051240115115666,-0.116891103889807
0.735978415050003,-5.55799970279063,-0.328282870853167,-0.21240704531494,-0.0079445666322666,-0.118297523912047
0.760470202006003,-5.41137179981063,-0.328282870853167,-0.21240704531494,-0.0088847516725666,-0.119703944399957
0.735978415050003,-5.26474437366063,-0.196530499063167,-0.20878093714494,-0.0126454955587667,-0.120407154411087
0.760470202006003,-5.16699275623063,-0.0647782464831668,-0.20062217886294,-0.0145258656392667,-0.122516784910117
0.711486628093003,-5.02036533008063,0.198726377886833,-0.16980022961894,-0.0192267908404667,-0.130955305509267
0.686994841136003,-4.99592742572063,0.198726377886833,-0.15166967386994,-0.0154660506794667,-0.133768147416467
0.491060485877003,-4.84929952274063,-0.0647782464831668,-0.11178243930094,-0.0032436414311666,-0.143613089434767
0.417585095204003,-4.82486161838063,-0.196530499063167,-0.09999758774994,-0.0023034563908666,-0.145722719468167
0.393093308248003,-4.62935838352063,-0.723539628583167,-0.08186702455094,0.0033376575758333,-0.149941981397567
0.270634328760003,-4.50716886173063,-0.855292119583167,-0.07824091638094,0.0061582126965333,-0.152051609568267
0.270634328760003,-4.21391353259063,-1.25054887732317,-0.07370827371894,0.0042778426160333,-0.154161241464367
0.246142534353003,-3.96953401218063,-1.25054887732317,-0.06826910401394,0.0052180276562333,-0.157677289657267
0.123683562316003,-3.60296544681063,-1.64580587347317,-0.06011035318174,0.0146198817839333,-0.161193341575567
0.0012245902790033,-3.23639640460063,-1.90931037863317,-0.05467119092744,0.0193208088477333,-0.160490133427067
-0.170217970571997,-2.84538945804063,-2.43631938894317,-0.05195160234964,0.0306030330558333,-0.156270869635067
-0.317168722114997,-2.57657227168063,-2.83157638510317,-0.05376465643444,0.0409450726894033,-0.155567661486567
-0.390644142589997,-2.33219298969063,-2.69982437094317,-0.05920382613934,0.0447058142473333,-0.158380501531067
-0.537594864330997,-1.96562394748063,-3.22683338125317,-0.06736257697094,0.0503469263513933,-0.159083709679567
-0.709037432632997,-1.79455861698063,-3.49033788641317,-0.08005397046594,0.0522272973631833,-0.159083709679567
-0.758021006546997,-1.55017933498063,-3.35858587225317,-0.09999758774994,0.0597487804790333,-0.156974081508867
-0.807004640064997,-1.42798957477063,-3.35858587225317,-0.11268898124494,0.0682104495664333,-0.157677289657267
-0.855988213978997,-1.25692412505063,-3.35858587225317,-0.12628688688094,0.0823132307579333,-0.160490133427067
-0.855988213978997,-0.963669034340633,-3.22683338125317,-0.13807175333294,0.0879543409993333,-0.159786921553367
-0.855988213978997,-0.694851728780633,-2.83157638510317,-0.15348272795494,0.0982963801672333,-0.161193341575567
-0.904971847493997,-0.426034542421633,-2.56807187994317,-0.16436106736494,0.0992365652074333,-0.159786921553367
-0.733529219589997,0.0627240215743668,-2.17281488379317,-0.17433287973194,0.0992365652074333,-0.162599761597867
-0.709037432632997,0.502606728424767,-1.90931037863317,-0.17705246085894,0.112399159496033,-0.173851125501067
-0.488611290417997,0.966927376886367,-1.38230112990317,-0.16436106736494,0.106758049254633,-0.167522233538367
-0.439627716503997,1.50456180920237,-0.855292119583167,-0.17523940677394,0.115219718342033,-0.168928653560567
-0.439627716503997,1.72450318683937,-0.723539628583167,-0.16980022961894,0.119920647268533,-0.166115813516067
-0.415135929546997,2.31101348747937,-0.855292119583167,-0.16526759440694,0.110518789415533,-0.168225441686867
-0.390644142589997,2.50651684154937,-0.723539628583167,-0.16345454032194,0.112399159496033,-0.168928653560567
-0.366152325830997,2.79977193225937,-0.855292119583167,-0.14985661978494,0.104877679174133,-0.174554333649567
-0.415135929546997,2.99527540554937,-0.723539628583167,-0.14079133445994,0.106758049254633,-0.180180017463867
-0.366152325830997,3.36184444774937,-0.855292119583167,-0.11178243930094,0.0964160100867333,-0.199166689626867
-0.439627716503997,3.41072025646937,-0.855292119583167,-0.10453022296194,0.0917150848855333,-0.206198793463467
-0.439627716503997,3.70397534717937,-0.591787376003167,-0.08096049750794,0.0794926719119333,-0.220262993685767
-0.513103077373997,3.87504091610937,-0.460035123433167,-0.06917563105594,0.0682104495664333,-0.227998305670767
-0.415135929546997,3.87504091610937,-0.0647782464831668,-0.07824091638094,0.0512871118572933,-0.223075833730767
-0.439627716503997,4.02166834224937,0.198726377886833,-0.08821272129794,0.0409450726894033,-0.220262993685767
-0.488611290417997,4.14385810245937,0.462231002246833,-0.09909106070794,0.0343637750794333,-0.218856569938767
-0.464119503460997,4.24160971988937,0.593983254826833,-0.10271716887794,0.0362441460912433,-0.214637313596867
-0.366152325830997,4.21717181553937,0.725735567012833,-0.10634327704694,0.0306030330558333,-0.213230889849367
-0.317168722114997,4.24160971988937,0.857487879195833,-0.10634327704694,0.0315432190274333,-0.213230889849367
-0.292676935158997,4.26604762424937,0.857487879195833,-0.10815633113194,0.0306030330558333,-0.213230889849367
-0.219201574287997,4.43711319316937,0.989240131774833,-0.12538035983794,0.0324834040676333,-0.209011633507867
-0.268185148201997,4.43711319316937,1.12099244395783,-0.13081953699394,0.0287226629754333,-0.207605209760367
-0.268185148201997,4.48598900188937,1.25274475614183,-0.13263259107894,0.0174404387672333,-0.206902001611867
-0.268185148201997,4.53486504902937,1.12099244395783,-0.13716522629094,0.0183806238075333,-0.207605209760367
-0.341660538874997,4.58374061931937,0.989240131774833,-0.14532398457294,0.0268422910322333,-0.208308417908867
-0.292676935158997,4.65705480922937,1.25274475614183,-0.15076314682794,0.0277824779351333,-0.208308417908867
-0.268185148201997,4.68149271358937,1.38449703852283,-0.14985661978494,0.0259021059920333,-0.209011633507867
-0.292676935158997,4.63261642803937,1.51624933580483,-0.14441745753094,0.0230815508713333,-0.208308417908867
-0.390644142589997,4.55930271495937,1.12099244395783,-0.13807175333294,0.0212011789282333,-0.206902001611867
-0.464119503460997,4.55930271495937,1.25274475614183,-0.13988480741794,0.0165002518644333,-0.205495577864367
-0.562086710892997,4.58374061931937,1.12099244395783,-0.13988480741794,0.0080385827770333,-0.204089161567367
-0.586578497848997,4.58374061931937,1.12099244395783,-0.14532398457294,0.0042778426160333,-0.206198793463467
-0.635562071762997,4.75480642665937,0.989240131774833,-0.15620230908194,0.0014572874953333,-0.206198793463467
-0.660053858719997,4.87699594844937,0.989240131774833,-0.16345454032194,0.0005171024551333,-0.210418049804867
-0.758021006546997,4.90143385280937,0.989240131774833,-0.16980022961894,-0.0013632713506666,-0.209714841656367
-0.733529219589997,4.97474756588937,0.989240131774833,-0.17070675666094,-0.0079445666322666,-0.209714841656367
-0.782512853107997,4.97474756588937,1.12099244395783,-0.17161328370394,-0.0070043815920666,-0.209714841656367
-0.709037432632997,4.99918547023937,1.25274475614183,-0.16526759440694,-0.0117053105185667,-0.208308417908867
-0.709037432632997,4.97474756588937,1.25274475614183,-0.16073495919494,-0.0107651254782667,-0.209714841656367
-0.758021006546997,4.92587175716937,1.12099244395783,-0.16164148623694,-0.0079445666322666,-0.207605209760367
-0.758021006546997,4.97474756588937,0.857487879195833,-0.16436106736494,-0.0088847516725666,-0.204792369715867
-0.831496427021997,4.99918547023937,0.989240131774833,-0.16708064849194,-0.0154660506794667,-0.202682737819867
-0.953955421413997,5.12137499202937,1.12099244395783,-0.17070675666094,-0.0239277197668667,-0.199869897775367
-0.978447208363997,5.17025127758937,1.25274475614183,-0.17161328370394,-0.0305090187738667,-0.197760265879367
-0.929463634453996,5.19468918193937,1.38449703852283,-0.17342633778894,-0.0323893888542667,-0.197760265879367
-0.929463634453996,5.17025127758937,1.51624933580483,-0.17433287973194,-0.0276884599278667,-0.199166689626867
-0.831496427021997,5.17025127758937,1.51624933580483,-0.17433287973194,-0.0211071609208667,-0.202682737819867
-0.831496427021997,5.09693708767937,1.25274475614183,-0.16980022961894,-0.0098249367127666,-0.203385945968367
-0.758021006546997,4.97474756588937,1.12099244395783,-0.16164148623694,-0.0070043815920666,-0.205495577864367
-0.733529219589997,4.97474756588937,1.12099244395783,-0.15892190510994,-0.0079445666322666,-0.205495577864367
-0.782512853107997,4.95030966152937,1.25274475614183,-0.15982843215294,-0.0135856805989667,-0.204792369715867
-0.709037432632997,5.04806127895937,1.38449703852283,-0.15801536316694,-0.0173464207599667,-0.204792369715867
-0.782512853107997,5.04806127895937,1.25274475614183,-0.16345454032194,-0.0126454955587667,-0.201979529671367
-0.758021006546997,5.07249918331937,1.25274475614183,-0.16345454032194,-0.0135856805989667,-0.202682737819867
-0.709037432632997,4.99918547023937,1.25274475614183,-0.15982843215294,-0.0154660506794667,-0.206902001611867
-0.660053858719997,4.90143385280937,1.25274475614183,-0.15620230908194,-0.0117053105185667,-0.210418049804867
-0.660053858719997,4.85255804409937,1.12099244395783,-0.14985661978494,-0.0060641965518666,-0.214637313596867
-0.586578497848997,4.80368223537937,1.12099244395783,-0.14623051161594,0.0005171024551333,-0.216043729893767
-0.562086710892997,4.85255804409937,1.12099244395783,-0.14895009274294,0.0005171024551333,-0.216043729893767
-0.562086710892997,4.92587175716937,1.12099244395783,-0.15710883612394,-0.0013632713506666,-0.213934097997867
-0.660053858719997,5.02362337459937,1.12099244395783,-0.16526759440694,0.0014572874953333,-0.209714841656367
-0.635562071762997,5.04806127895937,1.12099244395783,-0.16617412144894,0.0014572874953333,-0.208308417908867
-0.611070284805997,5.09693708767937,1.12099244395783,-0.16708064849194,0.0014572874953333,-0.208308417908867
-0.488611290417997,5.12137499202937,1.25274475614183,-0.16980022961894,-0.0004230825851666,-0.211824473552367
-0.488611290417997,5.09693708767937,1.12099244395783,-0.16980022961894,0.0070983977367333,-0.213934097997867
-0.366152325830997,5.04806127895937,1.12099244395783,-0.16526759440694,0.0165002518644333,-0.215340521745767
-0.341660538874997,5.04806127895937,0.989240131774833,-0.16526759440694,0.0240217359115333,-0.213934097997867
-0.390644142589997,5.07249918331937,1.12099244395783,-0.16708064849194,0.0193208088477333,-0.211824473552367
-0.415135929546997,5.14581337322937,0.989240131774833,-0.16798717553394,0.0117993266632333,-0.206198793463467
-0.464119503460997,5.12137499202937,0.989240131774833,-0.16617412144894,0.0099189565827333,-0.205495577864367
-0.390644142589997,5.14581337322937,1.25274475614183,-0.16708064849194,0.0127395117034333,-0.209011633507867
-0.366152325830997,5.19468918193937,1.25274475614183,-0.16889370257694,0.0155600668241333,-0.210418049804867
-0.219201574287997,5.21912708629937,1.12099244395783,-0.17523940677394,0.0268422910322333,-0.219559785537767
-0.121234381757997,5.21912708629937,0.989240131774833,-0.17433287973194,0.0343637750794333,-0.220966201834767
-0.145726183615997,5.19468918193937,0.725735567012833,-0.17342633778894,0.0371843311314833,-0.221669409982767
-0.145726183615997,5.24356499065937,0.857487879195833,-0.17342633778894,0.0277824779351333,-0.222372625581767
-0.170217970571997,5.36575451244937,0.725735567012833,-0.18430467719794,0.0249619209518333,-0.215340521745767
-0.170217970571997,5.48794403423937,0.593983254826833,-0.19065038139594,0.0202609938880333,-0.213934097997867
-0.170217970571997,5.63457193721937,0.725735567012833,-0.20062217886294,0.0193208088477333,-0.216043729893767
-0.121234381757997,5.75676145900937,0.857487879195833,-0.21059399122994,0.0277824779351333,-0.218856569938767
0.0746999735013034,5.85451307644937,0.462231002246833,-0.21965926165394,0.0418852581953033,-0.223779041878767
0.172667151130703,5.80563726772937,0.330478630466833,-0.21512662644194,0.0503469263513933,-0.226591881923767
0.172667151130703,5.75676145900937,0.330478630466833,-0.21059399122994,0.0503469263513933,-0.226591881923767
0.0991917679086034,5.78119936336937,0.198726377886833,-0.20968746418794,0.0390647021432733,-0.218856569938767
0.0257163846865034,5.80563726772937,0.330478630466833,-0.21150051827194,0.0315432190274333,-0.215340521745767
-0.0232672041279966,5.83007517208937,0.330478630466833,-0.21150051827194,0.0296628480156333,-0.211824473552367
-0.0232672041279966,5.83007517208937,0.330478630466833,-0.20968746418794,0.0287226629754333,-0.208308417908867
0.0746999735013034,5.92782678951937,0.593983254826833,-0.21331357235694,0.0249619209518333,-0.209714841656367
0.0502081790939034,5.90338888515937,0.330478630466833,-0.21693968052694,0.0353039601196833,-0.214637313596867
0.172667151130703,5.90338888515937,0.330478630466833,-0.21875273461094,0.0409450726894033,-0.220966201834767
0.221650739945503,5.92782678951937,0.330478630466833,-0.21603315348394,0.0428254434683733,-0.222372625581767
0.221650739945503,5.97670259822937,0.330478630466833,-0.21784620756894,0.0418852581953033,-0.223779041878767
0.172667151130703,6.09889259685937,0.0669741253068332,-0.22872456187994,0.0400048871835133,-0.220262993685767
0.148175356723403,6.09889259685937,0.330478630466833,-0.22781800503494,0.0362441460912433,-0.218153361789767
0.172667151130703,6.05001631130937,0.593983254826833,-0.22056578869594,0.0371843311314833,-0.216746945492767
0.197158945538103,6.05001631130937,0.462231002246833,-0.21784620756894,0.0409450726894033,-0.216746945492767
0.319617917575003,6.02557840694937,0.462231002246833,-0.21965926165394,0.0484665558052633,-0.221669409982767
0.417585095204003,5.95226469387937,0.330478630466833,-0.21784620756894,0.0578684094672333,-0.223075833730767
0.540044059791003,5.87895098079937,0.198726377886833,-0.20606135601794,0.0710310046871333,-0.226591881923767
0.540044059791003,5.87895098079937,0.198726377886833,-0.20424828703194,0.0700908196469333,-0.225888673774767
0.515552272834003,5.97670259822937,0.0669741253068332,-0.21331357235694,0.0644497075428333,-0.220966201834767
0.491060485877003,6.07445421566937,-0.0647782464831668,-0.21965926165394,0.0588085954388333,-0.216043729893767
0.540044059791003,6.24552002300937,-0.0647782464831668,-0.22963108892194,0.0588085954388333,-0.218153361789767
0.589027663507003,6.34327164043937,-0.0647782464831668,-0.24050941343094,0.0691506346066333,-0.219559785537767
0.662503054179003,6.41658535350937,-0.196530499063167,-0.24594857568494,0.0757319317509333,-0.221669409982767
0.735978415050003,6.34327164043937,-0.196530499063167,-0.24322899455794,0.0823132307579333,-0.229404721967767
0.784961988963003,6.26995792736937,-0.328282870853167,-0.23507025117694,0.0917150848855333,-0.235030402056767
0.833945622481003,6.31883373607937,-0.460035123433167,-0.23869635934594,0.0935954549660333,-0.235733617655767
0.760470202006003,6.36770954479937,-0.591787376003167,-0.24413552160094,0.0823132307579333,-0.232217562012767
0.638011267222003,6.36770954479937,-0.328282870853167,-0.24685510272794,0.0747917467107333,-0.229404721967767
0.540044059791003,6.31883373607937,-0.0647782464831668,-0.23960288638894,0.0597487804790333,-0.227295090071767
0.417585095204003,6.29439583171937,0.330478630466833,-0.23688330526194,0.0541076683749833,-0.226591881923767
0.393093308248003,6.36770954479937,0.198726377886833,-0.23960288638894,0.0494067413111533,-0.228701513819767
0.393093308248003,6.34327164043937,-0.0647782464831668,-0.24232246751594,0.0578684094672333,-0.231514353863767
0.564535846747003,6.29439583171937,-0.196530499063167,-0.24232246751594,0.0663300776233333,-0.237140033952767
0.540044059791003,6.24552002300937,-0.196530499063167,-0.23960288638894,0.0729113766302333,-0.237843242101767
0.515552272834003,6.19664421428937,-0.196530499063167,-0.23235067004994,0.0672702626635333,-0.234327193908767
0.295126130618003,6.05001631130937,0.198726377886833,-0.22419189686594,0.0541076683749833,-0.224482250027767
0.197158945538103,6.00114050258937,0.0669741253068332,-0.21965926165394,0.0409450726894033,-0.221669409982767
0.148175356723403,6.02557840694937,0.0669741253068332,-0.21784620756894,0.0324834040676333,-0.218153361789767
0.123683562316003,5.97670259822937,0.198726377886833,-0.22147231573894,0.0381245166373733,-0.220262993685767
0.172667151130703,6.00114050258937,0.198726377886833,-0.22328536982294,0.0409450726894033,-0.225185465626767
0.246142534353003,6.02557840694937,0.0669741253068332,-0.22691147799294,0.0456459996368143,-0.227998305670767
0.270634328760003,6.00114050258937,0.0669741253068332,-0.22691147799294,0.0503469263513933,-0.232217562012767
0.295126130618003,5.97670259822937,-0.0647782464831668,-0.22600495095094,0.0541076683749833,-0.227998305670767
0.246142534353003,5.90338888515937,-0.0647782464831668,-0.21875273461094,0.0475263702993633,-0.229404721967767
0.197158945538103,5.87895098079937,-0.0647782464831668,-0.21965926165394,0.0465861850262933,-0.225185465626767
0.148175356723403,5.85451307644937,-0.0647782464831668,-0.21965926165394,0.0456459996368143,-0.224482250027767
0.197158945538103,5.97670259822937,-0.196530499063167,-0.22147231573894,0.0428254434683733,-0.227295090071767
0.270634328760003,6.00114050258937,-0.196530499063167,-0.23325719709194,0.0522272973631833,-0.232920777611767
0.344109704532003,6.02557840694937,-0.328282870853167,-0.23688330526194,0.0606889655192333,-0.238546457700767
0.319617917575003,5.92782678951937,-0.196530499063167,-0.23144414300694,0.0606889655192333,-0.241359297744767
0.270634328760003,5.75676145900937,-0.460035123433167,-0.21603315348394,0.0597487804790333,-0.237140033952767
0.221650739945503,5.75676145900937,-0.591787376003167,-0.20968746418794,0.0569282244270333,-0.235733617655767
0.123683562316003,5.80563726772937,-0.460035123433167,-0.21059399122994,0.0494067413111533,-0.232217562012767
0.123683562316003,5.92782678951937,-0.328282870853167,-0.22237884278094,0.0418852581953033,-0.232920777611767
0.0991917679086034,5.97670259822937,-0.460035123433167,-0.22781800503494,0.0465861850262933,-0.232920777611767
0.172667151130703,6.05001631130937,-0.460035123433167,-0.23597677821894,0.0531674824034233,-0.239952881447767
0.344109704532003,6.14776840557937,-0.328282870853167,-0.24413552160094,0.0682104495664333,-0.242062513343767
0.442076882161003,6.14776840557937,-0.460035123433167,-0.24504204864294,0.0766721167912333,-0.241359297744767
0.466568698920003,6.09889259685937,-0.591787376003167,-0.23960288638894,0.0766721167912333,-0.240656082145767
0.393093308248003,6.07445421566937,-0.723539628583167,-0.23416372413394,0.0653898925831333,-0.237843242101767
0.197158945538103,6.02557840694937,-0.328282870853167,-0.23144414300694,0.0559880384554333,-0.236436825804767
0.246142534353003,6.14776840557937,-0.328282870853167,-0.23960288638894,0.0512871118572933,-0.236436825804767
0.295126130618003,6.31883373607937,-0.328282870853167,-0.25048121089694,0.0550478534152333,-0.237843242101767
0.442076882161003,6.44102325786937,-0.328282870853167,-0.26679872746294,0.0700908196469333,-0.246984977833767
0.564535846747003,6.48989906658937,-0.591787376003167,-0.27133136267494,0.0785524868716333,-0.250501026026767
0.686994841136003,6.34327164043937,-0.460035123433167,-0.25773342723694,0.0907748998453333,-0.254017074219767
0.735978415050003,6.12333050121937,-0.460035123433167,-0.24141594047394,0.0982963801672333,-0.254720289818767
0.686994841136003,6.00114050258937,-0.591787376003167,-0.22872456187994,0.0982963801672333,-0.249094609729767
0.589027663507003,5.90338888515937,-0.460035123433167,-0.22328536982294,0.0917150848855333,-0.242062513343767
0.540044059791003,5.97670259822937,-0.591787376003167,-0.22600495095094,0.0785524868716333,-0.240656082145767
0.417585095204003,6.00114050258937,-0.591787376003167,-0.23053761596494,0.0719711897274333,-0.239952881447767
0.491060485877003,6.17220630993937,-0.591787376003167,-0.23778983230394,0.0700908196469333,-0.243468929640767
0.466568698920003,6.17220630993937,-0.460035123433167,-0.24594857568494,0.0747917467107333,-0.245578561536767
0.491060485877003,6.17220630993937,-0.591787376003167,-0.24594857568494,0.0785524868716333,-0.248391394130767
0.491060485877003,6.12333050121937,-0.591787376003167,-0.24594857568494,0.0794926719119333,-0.251204241625767
0.564535846747003,6.00114050258937,-0.591787376003167,-0.23597677821894,0.0804328606774333,-0.254017074219767
0.540044059791003,5.87895098079937,-0.328282870853167,-0.22872456187994,0.0804328606774333,-0.253313873521767
0.466568698920003,5.87895098079937,-0.328282870853167,-0.22237884278094,0.0757319317509333,-0.254017074219767
0.368601506390003,5.85451307644937,-0.460035123433167,-0.22328536982294,0.0710310046871333,-0.250501026026767
0.295126130618003,5.85451307644937,-0.328282870853167,-0.22328536982294,0.0644497075428333,-0.250501026026767
0.221650739945503,5.95226469387937,-0.196530499063167,-0.23144414300694,0.0578684094672333,-0.249797825328767
0.197158945538103,5.87895098079937,-0.328282870853167,-0.23144414300694,0.0625693374624333,-0.249797825328767
0.246142534353003,5.78119936336937,-0.328282870853167,-0.22237884278094,0.0691506346066333,-0.251907442323767
0.270634328760003,5.63457193721937,-0.460035123433167,-0.21150051827194,0.0700908196469333,-0.249094609729767
0.197158945538103,5.53681984295937,-0.460035123433167,-0.20424828703194,0.0663300776233333,-0.246984977833767
0.0502081790939034,5.51238193859937,-0.328282870853167,-0.20243523294694,0.0569282244270333,-0.242765714041767
-0.0967425798999966,5.56125774730937,-0.328282870853167,-0.20424828703194,0.0447058142473333,-0.242062513343767
0.491060485877003,4.11942019809937,0.0669741253068332,-0.22691147799294,0.0324834040676333,-0.324338097683767
-0.145726183615997,5.14581337322937,-0.0647782464831668,-0.18793078536794,0.0512871118572933,-0.225185465626767
-0.145726183615997,4.95030966152937,0.0669741253068332,-0.20243523294694,0.0381245166373733,-0.246984977833767
0.0746999735013034,5.56125774730937,0.0669741253068332,-0.17977204198594,0.0371843311314833,-0.239952881447767
0.0257163846865034,5.12137499202937,-0.328282870853167,-0.19699607069294,0.0597487804790333,-0.258236338011767
-0.0232672041279966,5.26800289501937,-0.196530499063167,-0.17614593381694,0.0550478534152333,-0.247688193432767
-0.0722507929429966,4.51042690624937,0.0669741253068332,-0.20696788305994,0.0512871118572933,-0.265268434397767
0.0012245902790033,5.07249918331937,0.330478630466833,-0.16526759440694,0.0409450726894033,-0.244172130338767
-0.145726183615997,5.04806127895937,0.0669741253068332,-0.18883731240994,0.0381245166373733,-0.249797825328767
-0.243693361244997,4.60817852367937,0.593983254826833,-0.19699607069294,0.0381245166373733,-0.246281762234767
-0.194709757528997,4.92587175716937,0.198726377886833,-0.17070675666094,0.0428254434683733,-0.242765714041767
-0.170217970571997,4.48598900188937,0.462231002246833,-0.16617412144894,0.0484665558052633,-0.239249665848767
-0.0477590059859966,4.19273391117937,0.198726377886833,-0.17161328370394,0.0475263702993633,-0.238546457700767
-0.0232672041279966,4.48598900188937,0.725735567012833,-0.14623051161594,0.0484665558052633,-0.232920777611767
-0.0232672041279966,3.85060301174937,0.725735567012833,-0.15257620091194,0.0522272973631833,-0.229404721967767
0.0012245902790033,3.75285115589937,0.857487879195833,-0.14169786150294,0.0475263702993633,-0.225888673774767
-0.0722507929429966,3.89947882045937,0.593983254826833,-0.12538035983794,0.0503469263513933,-0.224482250027767
-0.170217970571997,3.50847187389937,0.725735567012833,-0.13081953699394,0.0494067413111533,-0.213230889849367
-0.170217970571997,3.41072025646937,0.989240131774833,-0.12356730575394,0.0494067413111533,-0.216746945492767
-0.0967425798999966,3.36184444774937,0.989240131774833,-0.11268898124494,0.0475263702993633,-0.218153361789767
-0.170217970571997,3.04415121425937,0.989240131774833,-0.10362369591994,0.0541076683749833,-0.204792369715867
-0.0722507929429966,2.87308588375937,1.12099244395783,-0.09637146467994,0.0569282244270333,-0.216746945492767
-0.0967425798999966,2.75089612354937,0.989240131774833,-0.07824091638094,0.0606889655192333,-0.203385945968367
-0.145726183615997,2.26213755954937,1.25274475614183,-0.07370827371894,0.0559880384554333,-0.203385945968367
-0.194709757528997,2.28657546390937,0.989240131774833,-0.05648424501214,0.0541076683749833,-0.202682737819867
-0.219201574287997,2.31101348747937,0.989240131774833,-0.04288632447524,0.0456459996368143,-0.198463481478367
-0.317168722114997,2.06663420547937,1.12099244395783,-0.03563410068554,0.0343637750794333,-0.201276321522867
-0.292676935158997,2.09107210983937,0.857487879195833,-0.02294271091614,0.0306030330558333,-0.199166689626867
-0.292676935158997,2.04219618190937,0.725735567012833,-0.00662520925204,0.0174404387672333,-0.192837793938867
-0.292676935158997,1.72450318683937,0.857487879195833,-0.00753173629444,0.0202609938880333,-0.197057057730867
-0.268185148201997,1.77337899555937,0.857487879195833,0.0069727094223599,0.0221413658311333,-0.190728169493367
-0.268185148201997,1.55343761791937,0.857487879195833,0.01059882131716,0.0315432190274333,-0.187212113849867
-0.243693361244997,1.16243079056337,0.989240131774833,0.01422493321206,0.0381245166373733,-0.185102489404367
-0.170217970571997,1.23574456324237,0.989240131774833,0.02963590829945,0.0353039601196833,-0.176663965545567
-0.194709757528997,1.08911701788537,0.857487879195833,0.034168547760556,0.0362441460912433,-0.176663965545567
-0.292676935158997,0.771423948308367,1.12099244395783,0.03960771507896,0.0334235900392333,-0.164709393493867
-0.292676935158997,0.649234299858567,1.12099244395783,0.04504688245556,0.0287226629754333,-0.156974081508867
-0.292676935158997,0.331541222830367,1.25274475614183,0.04323382650814,0.0287226629754333,-0.152051609568267
-0.317168722114997,0.404855010410367,1.25274475614183,0.05864480112996,0.0249619209518333,-0.144316299445967
-0.390644142589997,0.136037794252367,1.12099244395783,0.06499049601456,0.0277824779351333,-0.138690617494267
-0.317168722114997,-0.108341487745633,1.25274475614183,0.06136438598236,0.0287226629754333,-0.139393827505467
-0.292676935158997,-0.132779392103633,1.12099244395783,0.07768188764656,0.0230815508713333,-0.135174567438667
-0.268185148201997,-0.474910470350633,1.12099244395783,0.07405577575166,0.0259021059920333,-0.141503457538767
-0.145726183615997,-0.572662087780633,1.25274475614183,0.08040147249896,0.0230815508713333,-0.142206667549967
-0.170217970571997,-0.450472446780633,0.857487879195833,0.10669077907996,0.0240217359115333,-0.140800247527667
-0.145726183615997,-0.719289752340633,0.857487879195833,0.10215814386806,0.0221413658311333,-0.140097037516567
-0.170217970571997,-0.719289752340633,0.593983254826833,0.10941036765776,0.0183806238075333,-0.133064937405267
-0.0722507929429966,-0.792603465420633,0.462231002246833,0.12119522665936,0.0089787678172333,-0.129548886418367
-0.145726183615997,-0.914793106420633,0.593983254826833,0.11575605695446,0.0061582126965333,-0.128142465464767
-0.145726183615997,-0.963669034340633,0.593983254826833,0.12572786932196,0.0023974725355333,-0.123219995386907
-0.121234381757997,-1.08585867534063,0.725735567012833,0.13207356606926,0.0014572874953333,-0.124626415409157
-0.170217970571997,-1.28136202941063,0.462231002246833,0.13298009311166,0.0070983977367333,-0.125329625420267
-0.121234381757997,-1.25692412505063,0.593983254826833,0.14476495211306,0.0052180276562333,-0.128845675475867
-0.121234381757997,-1.62349304805063,0.462231002246833,0.14567147915606,0.0136796967437333,-0.137284197472067
-0.0967425798999966,-1.62349304805063,0.462231002246833,0.15292370294506,0.0136796967437333,-0.137284197472067
-0.194709757528997,0.502606728424767,0.0669741253068332,0.10397119795286,-0.0286286486933667,-0.0191448969766666
-0.170217970571997,-0.254969033101633,0.0669741253068332,0.08493411143626,-0.0117053105185667,-0.0465700892731666
-0.0967425798999966,-0.645975920060633,-0.196530499063167,0.08312105362616,-0.0192267908404667,-0.0711824452504666
-0.268185148201997,-0.645975920060633,-0.196530499063167,0.05773827408756,-0.0220473496864667,-0.0409444091841666
-0.292676935158997,-0.597100111340633,-0.196530499063167,0.06680355196196,-0.0211071609208667,-0.0557118212804666
-0.268185148201997,-0.694851728780633,-0.196530499063167,0.07858841468896,-0.0173464207599667,-0.0613375050946666
-0.268185148201997,-0.499348374700633,-0.196530499063167,0.08040147249896,-0.0192267908404667,-0.0528989812359666
-0.292676935158997,-0.230531128744633,-0.0647782464831668,0.08312105362616,-0.0220473496864667,-0.0543054012581666
-0.243693361244997,-0.181655260423633,-0.196530499063167,0.08493411143626,-0.0239277197668667,-0.0536021931096666
-0.268185148201997,-0.0594656194246332,-0.196530499063167,0.07677536060416,-0.0258080898473667,-0.0423508329316666
-0.268185148201997,-0.0350277150666332,-0.0647782464831668,0.07586883356176,-0.0164062357197667,-0.0521957693621666
-0.268185148201997,-0.401596638063633,-0.0647782464831668,0.06499049601456,-0.0023034563908666,-0.0507893530651666
-0.268185148201997,-0.303844901422633,0.198726377886833,0.04504688245556,0.0014572874953333,-0.0367251528426666
-0.219201574287997,-0.0839035833876332,-0.0647782464831668,0.05139257734026,0.0014572874953333,-0.0409444091841666
-0.170217970571997,-0.254969033101633,-0.328282870853167,0.04867299435036,0.0005171024551333,-0.0402412010356666
-0.145726183615997,-0.132779392103633,-0.328282870853167,0.03144896401404,-0.0098249367127666,-0.0184416888281666
0.0502081790939034,0.111599860092367,-0.196530499063167,0.03235549198776,0.0014572874953333,-0.0521957693621666
-0.0477590059859966,0.0138481532533667,0.0669741253068332,0.02963590829945,0.0155600668241333,-0.0866530692204666
-0.268185148201997,-0.230531128744633,-0.196530499063167,0.01422493321206,0.0089787678172333,-0.0613375050946666
-0.170217970571997,-0.0839035833876332,0.462231002246833,0.0069727094223599,-0.0041838264713666,-0.0423508329316666
-0.121234381757997,-0.0839035833876332,0.0669741253068332,0.01059882131716,0.0108591416230333,-0.0550086131319666
-0.0722507929429966,0.0382860576113668,0.0669741253068332,0.01694451806446,0.0174404387672333,-0.0641503451391666
-0.145726183615997,-0.0350277150666332,0.0669741253068332,0.0078792383273599,0.0080385827770333,-0.0507893530651666
-0.219201574287997,-0.157217356065633,0.198726377886833,0.0024400723477599,0.0127395117034333,-0.0423508329316666
-0.0967425798999966,-0.230531128744633,0.462231002246833,0.0042531264325599,0.0155600668241333,-0.0472732974216666
-0.0232672041279966,-0.157217356065633,0.330478630466833,0.0096922942747599,0.0183806238075333,-0.0564150331541666
-0.0232672041279966,-0.0594656194246332,-0.0647782464831668,0.0087857653697599,0.0165002518644333,-0.0564150331541666
-0.0477590059859966,0.111599860092367,0.198726377886833,0.0042531264325599,0.0070983977367333,-0.0458668811246666
-0.0477590059859966,0.0382860576113668,0.0669741253068332,0.0087857653697599,0.0165002518644333,-0.0557118212804666
0.0502081790939034,0.136037794252367,0.0669741253068332,0.0087857653697599,0.0183806238075333,-0.0585246650502666
0.0012245902790033,0.0382860576113668,0.198726377886833,0.01059882131716,0.0193208088477333,-0.0585246650502666
-0.0722507929429966,-0.108341487745633,0.198726377886833,0.0078792383273599,0.0136796967437333,-0.0550086131319666
0.0012245902790033,0.0382860576113668,0.0669741253068332,0.0078792383273599,0.0155600668241333,-0.0543054012581666
-0.121234381757997,-0.0594656194246332,0.198726377886833,0.0078792383273599,0.0193208088477333,-0.0543054012581666
-0.121234381757997,-0.0839035833876332,0.0669741253068332,0.0069727094223599,0.0174404387672333,-0.0536021931096666
-0.145726183615997,-0.0594656194246332,0.0669741253068332,0.0069727094223599,0.0165002518644333,-0.0528989812359666
-0.121234381757997,-0.230531128744633,0.0669741253068332,0.0069727094223599,0.0183806238075333,-0.0557118212804666
-0.145726183615997,-0.157217356065633,0.198726377886833,0.0069727094223599,0.0202609938880333,-0.0550086131319666
-0.0477590059859966,-0.157217356065633,-0.0647782464831668,0.0087857653697599,0.0202609938880333,-0.0578214531764666
-0.0232672041279966,-0.181655260423633,-0.0647782464831668,0.0096922942747599,0.0202609938880333,-0.0599310850724666
-0.0722507929429966,0.0382860576113668,0.198726377886833,0.0087857653697599,0.0183806238075333,-0.0564150331541666
0.0012245902790033,0.0138481532533667,0.0669741253068332,0.0078792383273599,0.0165002518644333,-0.0578214531764666
-0.0232672041279966,0.0138481532533667,-0.0647782464831668,0.01059882131716,0.0193208088477333,-0.0592278731986666
-0.0232672041279966,-0.0350277150666332,0.0669741253068332,0.0087857653697599,0.0146198817839333,-0.0585246650502666
-0.145726183615997,-0.157217356065633,-0.0647782464831668,0.0060661823799599,0.0174404387672333,-0.0528989812359666
-0.0722507929429966,-0.0594656194246332,0.0669741253068332,0.0096922942747599,0.0202609938880333,-0.0557118212804666
-0.0722507929429966,-0.0594656194246332,-0.0647782464831668,0.0096922942747599,0.0193208088477333,-0.0592278731986666
-0.0967425798999966,-0.108341487745633,-0.0647782464831668,0.0069727094223599,0.0165002518644333,-0.0543054012581666
-0.170217970571997,-0.157217356065633,0.0669741253068332,0.0078792383273599,0.0174404387672333,-0.0536021931096666
-0.121234381757997,-0.181655260423633,-0.0647782464831668,0.01059882131716,0.0249619209518333,-0.0599310850724666
-0.0232672041279966,-0.181655260423633,-0.0647782464831668,0.01150535022216,0.0212011789282333,-0.0599310850724666
-0.0967425798999966,-0.108341487745633,0.0669741253068332,0.0087857653697599,0.0193208088477333,-0.0564150331541666
-0.0477590059859966,0.0382860576113668,-0.0647782464831668,0.0096922942747599,0.0193208088477333,-0.0585246650502666
0.0012245902790033,0.0382860576113668,0.198726377886833,0.01059882131716,0.0193208088477333,-0.0599310850724666
-0.0722507929429966,-0.0350277150666332,0.0669741253068332,0.0096922942747599,0.0174404387672333,-0.0578214531764666
-0.0722507929429966,-0.0594656194246332,0.0669741253068332,0.0078792383273599,0.0165002518644333,-0.0564150331541666
-0.0967425798999966,-0.181655260423633,0.0669741253068332,0.01059882131716,0.0202609938880333,-0.0592278731986666
-0.0967425798999966,-0.0839035833876332,-0.0647782464831668,0.0096922942747599,0.0193208088477333,-0.0571182413026666
-0.145726183615997,-0.132779392103633,-0.0647782464831668,0.0087857653697599,0.0202609938880333,-0.0564150331541666
-0.0967425798999966,-0.157217356065633,-0.0647782464831668,0.0096922942747599,0.0193208088477333,-0.0592278731986666
-0.0477590059859966,-0.108341487745633,-0.0647782464831668,0.0096922942747599,0.0202609938880333,-0.0592278731986666
-0.121234381757997,-0.230531128744633,-0.0647782464831668,0.01059882131716,0.0221413658311333,-0.0592278731986666
-0.145726183615997,-0.206093224386633,-0.0647782464831668,0.0096922942747599,0.0230815508713333,-0.0592278731986666
-0.0967425798999966,-0.0839035833876332,0.0669741253068332,0.0096922942747599,0.0212011789282333,-0.0592278731986666
-0.121234381757997,-0.0594656194246332,-0.196530499063167,0.0087857653697599,0.0221413658311333,-0.0571182413026666
-0.0477590059859966,0.0382860576113668,-0.0647782464831668,0.0087857653697599,0.0165002518644333,-0.0564150331541666
-0.0967425798999966,0.0382860576113668,0.0669741253068332,0.01059882131716,0.0193208088477333,-0.0578214531764666
-0.0477590059859966,-0.0350277150666332,0.0669741253068332,0.01059882131716,0.0155600668241333,-0.0606342932209666
-0.0967425798999966,-0.181655260423633,-0.0647782464831668,0.0096922942747599,0.0193208088477333,-0.0592278731986666
-0.145726183615997,-0.206093224386633,0.0669741253068332,0.0096922942747599,0.0212011789282333,-0.0585246650502666
-0.0967425798999966,-0.181655260423633,-0.196530499063167,0.0096922942747599,0.0212011789282333,-0.0599310850724666
-0.0967425798999966,-0.157217356065633,0.0669741253068332,0.0096922942747599,0.0212011789282333,-0.0571182413026666
-0.0967425798999966,-0.157217356065633,0.0669741253068332,0.0096922942747599,0.0212011789282333,-0.0571182413026666
-0.145726183615997,-0.108341487745633,0.0669741253068332,0.0096922942747599,0.0212011789282333,-0.0585246650502666
-0.121234381757997,-0.132779392103633,-0.0647782464831668,0.0087857653697599,0.0221413658311333,-0.0571182413026666
-0.121234381757997,-0.0839035833876332,0.0669741253068332,0.0078792383273599,0.0193208088477333,-0.0550086131319666
-0.0967425798999966,-0.0594656194246332,-0.0647782464831668,0.0096922942747599,0.0202609938880333,-0.0578214531764666
-0.0477590059859966,0.0382860576113668,-0.0647782464831668,0.01059882131716,0.0174404387672333,-0.0585246650502666
-0.0722507929429966,0.0382860576113668,0.0669741253068332,0.0096922942747599,0.0183806238075333,-0.0571182413026666
-0.0477590059859966,-0.0350277150666332,0.0669741253068332,0.0096922942747599,0.0183806238075333,-0.0592278731986666
-0.0477590059859966,-0.0594656194246332,-0.196530499063167,0.01059882131716,0.0212011789282333,-0.0606342932209666
-0.121234381757997,-0.157217356065633,-0.0647782464831668,0.0096922942747599,0.0230815508713333,-0.0592278731986666
-0.145726183615997,-0.230531128744633,-0.0647782464831668,0.0096922942747599,0.0230815508713333,-0.0571182413026666
-0.121234381757997,-0.157217356065633,-0.0647782464831668,0.0078792383273599,0.0193208088477333,-0.0557118212804666
-0.170217970571997,-0.157217356065633,0.0669741253068332,0.0096922942747599,0.0221413658311333,-0.0564150331541666
-0.145726183615997,-0.157217356065633,0.198726377886833,0.0087857653697599,0.0193208088477333,-0.0543054012581666
-0.170217970571997,-0.157217356065633,0.0669741253068332,0.0078792383273599,0.0193208088477333,-0.0550086131319666
-0.170217970571997,-0.157217356065633,0.198726377886833,0.01059882131716,0.0212011789282333,-0.0571182413026666
-0.121234381757997,-0.108341487745633,0.0669741253068332,0.0096922942747599,0.0193208088477333,-0.0571182413026666
-0.0967425798999966,-0.0839035833876332,0.198726377886833,0.0087857653697599,0.0193208088477333,-0.0550086131319666
-0.145726183615997,-0.108341487745633,0.0669741253068332,0.0096922942747599,0.0212011789282333,-0.0557118212804666
-0.0722507929429966,-0.0594656194246332,0.198726377886833,0.0096922942747599,0.0165002518644333,-0.0585246650502666
-0.0967425798999966,-0.157217356065633,0.0669741253068332,0.0096922942747599,0.0193208088477333,-0.0564150331541666
-0.145726183615997,-0.206093224386633,0.0669741253068332,0.0087857653697599,0.0221413658311333,-0.0550086131319666
-0.170217970571997,-0.254969033101633,0.0669741253068332,0.0078792383273599,0.0202609938880333,-0.0550086131319666
-0.170217970571997,-0.230531128744633,0.0669741253068332,0.0087857653697599,0.0183806238075333,-0.0528989812359666
-0.170217970571997,-0.254969033101633,0.198726377886833,0.0078792383273599,0.0183806238075333,-0.0528989812359666
-0.170217970571997,-0.157217356065633,0.198726377886833,0.0078792383273599,0.0183806238075333,-0.0528989812359666
-0.145726183615997,-0.157217356065633,0.198726377886833,0.0069727094223599,0.0183806238075333,-0.0528989812359666
-0.170217970571997,-0.181655260423633,0.198726377886833,0.0078792383273599,0.0193208088477333,-0.0543054012581666
-0.145726183615997,-0.157217356065633,0.0669741253068332,0.0087857653697599,0.0183806238075333,-0.0564150331541666
-0.170217970571997,-0.132779392103633,0.0669741253068332,0.0096922942747599,0.0212011789282333,-0.0571182413026666
-0.170217970571997,-0.132779392103633,0.198726377886833,0.0087857653697599,0.0155600668241333,-0.0585246650502666
-0.170217970571997,-0.132779392103633,0.0669741253068332,0.0096922942747599,0.0155600668241333,-0.0578214531764666
-0.194709757528997,-0.0839035833876332,0.0669741253068332,0.0087857653697599,0.0155600668241333,-0.0557118212804666
-0.194709757528997,-0.132779392103633,0.0669741253068332,0.0087857653697599,0.0155600668241333,-0.0557118212804666
-0.243693361244997,-0.181655260423633,-0.0647782464831668,0.0069727094223599,0.0165002518644333,-0.0557118212804666
-0.243693361244997,-0.157217356065633,0.0669741253068332,0.0051596553375599,0.0155600668241333,-0.0557118212804666
-0.219201574287997,-0.0839035833876332,-0.0647782464831668,0.0060661823799599,0.0165002518644333,-0.0578214531764666
-0.194709757528997,-0.0105897511046332,-0.0647782464831668,0.0060661823799599,0.0146198817839333,-0.0571182413026666
-0.194709757528997,0.0138481532533667,0.0669741253068332,0.0060661823799599,0.0146198817839333,-0.0557118212804666
-0.121234381757997,0.0382860576113668,-0.0647782464831668,0.0069727094223599,0.0108591416230333,-0.0585246650502666
-0.170217970571997,-0.0594656194246332,0.0669741253068332,0.0078792383273599,0.0136796967437333,-0.0599310850724666
-0.170217970571997,-0.181655260423633,0.0669741253068332,0.0078792383273599,0.0146198817839333,-0.0578214531764666
-0.268185148201997,-0.303844901422633,0.330478630466833,0.0060661823799599,0.0202609938880333,-0.0543054012581666
-0.268185148201997,-0.426034542421633,0.462231002246833,0.0060661823799599,0.0221413658311333,-0.0514925612136666
-0.268185148201997,-0.450472446780633,0.462231002246833,0.0051596553375599,0.0221413658311333,-0.0479765130206666
-0.243693361244997,-0.645975920060633,0.593983254826833,0.0024400723477599,0.0296628480156333,-0.0416476173326666
-0.170217970571997,-0.841479393340633,0.989240131774833,0.0006270145376599,0.0390647021432733,-0.0360219372436666
-0.170217970571997,-1.06142065177063,1.25274475614183,0.0078792383273599,0.0456459996368143,-0.0310994653031666
-0.170217970571997,-1.11029657970063,1.25274475614183,0.03507507567606,0.0409450726894033,-0.0451636729761666
-0.145726183615997,-0.743727656700633,0.593983254826833,0.02419674092286,0.0447058142473333,-0.0325058890506666
-0.145726183615997,-0.450472446780633,0.989240131774833,0.01875757401186,0.0371843311314833,-0.0170352650806666
-0.0967425798999966,-0.254969033101633,0.857487879195833,0.02510326889656,0.0324834040676333,-0.0254737852141666
-0.170217970571997,-0.108341487745633,0.725735567012833,0.03054243627316,0.0277824779351333,-0.0472732974216666
-0.219201574287997,-0.0839035833876332,0.593983254826833,0.03326201984505,0.0249619209518333,-0.0528989812359666
-0.292676935158997,-0.0594656194246332,0.593983254826833,0.03326201984505,0.0174404387672333,-0.0683696052059666
-0.464119503460997,0.136037794252367,0.989240131774833,0.04232729900009,0.0099189565827333,-0.0950915893539666
-0.464119503460997,0.527044656997067,0.857487879195833,0.04776646637666,-0.0041838264713666,-0.105639741383497
-0.562086710892997,0.551482585569367,0.857487879195833,0.04504688245556,-0.0117053105185667,-0.137987407483167
-0.562086710892997,0.429292944570367,0.725735567012833,0.03144896401404,-0.0173464207599667,-0.191431377641867
-0.635562071762997,1.21130665888437,0.725735567012833,0.04867299435036,-0.0267482786128667,-0.175960753671867
-0.562086710892997,1.45568594088137,0.462231002246833,0.02419674092286,-0.0164062357197667,-0.194244217686367
-0.464119503460997,1.96888246883937,0.725735567012833,0.0078792383273599,-0.0079445666322666,-0.197057057730867
-0.366152325830997,2.31101348747937,0.725735567012833,-0.01750354493654,-0.0004230825851666,-0.220966201834767
-0.341660538874997,2.79977193225937,0.725735567012833,-0.03835368181264,0.0023974725355333,-0.232217562012767
-0.292676935158997,3.36184444774937,0.593983254826833,-0.07642785484594,0.0080385827770333,-0.251204241625767
-0.268185148201997,3.85060301174937,0.330478630466833,-0.10634327704694,0.0117993266632333,-0.262455601803767
-0.243693361244997,4.29048576702937,0.198726377886833,-0.13807175333294,0.0212011789282333,-0.270894114486767
-0.194709757528997,4.73036852230937,0.462231002246833,-0.15710883612394,0.0259021059920333,-0.270894114486767
-0.0477590059859966,5.26800289501937,-0.0647782464831668,-0.19427648956594,0.0381245166373733,-0.266674865595767
0.0991917679086034,5.68344774593937,-0.196530499063167,-0.21603315348394,0.0428254434683733,-0.256829921714767
0.246142534353003,6.14776840557937,-0.591787376003167,-0.24141594047394,0.0606889655192333,-0.241359297744767
0.368601506390003,6.34327164043937,-0.591787376003167,-0.25410731906694,0.0663300776233333,-0.237843242101767
0.319617917575003,6.41658535350937,-0.591787376003167,-0.25501384610894,0.0663300776233333,-0.228701513819767
0.246142534353003,6.51433697094937,-0.460035123433167,-0.25229426498194,0.0522272973631833,-0.219559785537767
0.148175356723403,6.48989906658937,-0.591787376003167,-0.25229426498194,0.0512871118572933,-0.216043729893767
0.197158945538103,6.73427858699937,-0.591787376003167,-0.25954651112394,0.0428254434683733,-0.215340521745767
0.344109704532003,6.83203020443937,-0.591787376003167,-0.26951830858994,0.0522272973631833,-0.220262993685767
0.540044059791003,6.92978182186937,-0.855292119583167,-0.27949010605594,0.0785524868716333,-0.235733617655767
0.589027663507003,6.90534391750937,-0.855292119583167,-0.27949010605594,0.0870141559591333,-0.240656082145767
0.368601506390003,6.75871649135937,-0.460035123433167,-0.27586399788694,0.0700908196469333,-0.238546457700767
0.0991917679086034,6.66096487392937,-0.328282870853167,-0.26135956520794,0.0484665558052633,-0.232217562012767
0.0502081790939034,6.51433697094937,-0.0647782464831668,-0.24685510272794,0.0306030330558333,-0.226591881923767
0.0012245902790033,6.58765116085937,-0.328282870853167,-0.24413552160094,0.0268422910322333,-0.230107937566767
0.0257163846865034,6.61208906520937,-0.196530499063167,-0.25592037315194,0.0362441460912433,-0.235030402056767
0.270634328760003,6.78315439571937,-0.328282870853167,-0.27495747084394,0.0616291505595333,-0.255423505417767
0.515552272834003,6.92978182186937,-0.591787376003167,-0.28855537647994,0.0794926719119333,-0.265971649996767
0.589027663507003,6.92978182186937,-0.855292119583167,-0.29218151445194,0.0945356400062333,-0.273706961981767
0.638011267222003,6.90534391750937,-0.855292119583167,-0.28855537647994,0.0954758250465333,-0.268784497491767
0.564535846747003,6.83203020443937,-0.460035123433167,-0.28311621422594,0.0935954549660333,-0.256829921714767
0.540044059791003,6.70984068264937,-0.591787376003167,-0.27042483563194,0.0870141559591333,-0.249797825328767
0.466568698920003,6.48989906658937,-0.460035123433167,-0.25863995427894,0.0832534157981333,-0.243468929640767
0.368601506390003,6.34327164043937,-0.0647782464831668,-0.24232246751594,0.0738515616705333,-0.243468929640767
0.368601506390003,6.22108211864937,-0.196530499063167,-0.23144414300694,0.0710310046871333,-0.246281762234767
0.344109704532003,6.22108211864937,-0.0647782464831668,-0.23053761596494,0.0710310046871333,-0.247688193432767
0.221650739945503,6.34327164043937,0.0669741253068332,-0.24504204864294,0.0616291505595333,-0.241359297744767
0.221650739945503,6.44102325786937,-0.0647782464831668,-0.25048121089694,0.0503469263513933,-0.237140033952767
0.221650739945503,6.41658535350937,0.0669741253068332,-0.24866815681294,0.0465861850262933,-0.235030402056767
0.148175356723403,6.34327164043937,0.198726377886833,-0.24232246751594,0.0475263702993633,-0.234327193908767
0.148175356723403,6.29439583171937,0.198726377886833,-0.23869635934594,0.0456459996368143,-0.232920777611767
0.197158945538103,6.19664421428937,0.330478630466833,-0.23507025117694,0.0475263702993633,-0.238546457700767
0.197158945538103,6.09889259685937,0.330478630466833,-0.22872456187994,0.0569282244270333,-0.244875345937767
0.221650739945503,6.00114050258937,0.462231002246833,-0.22328536982294,0.0597487804790333,-0.250501026026767
0.221650739945503,6.02557840694937,0.462231002246833,-0.22600495095094,0.0625693374624333,-0.258236338011767
0.246142534353003,6.14776840557937,0.593983254826833,-0.23416372413394,0.0578684094672333,-0.258939553610767
