x,y,z,q0,q1,q2,q3
-0.54009282589,-0.459759682417,1.04474687576,0.275935918093,-0.663028657436,0.469054222107,0.514043331146
-0.539582788944,-0.460341453552,1.04480528831,0.276734769344,-0.663074612617,0.46674489975,0.515654325485
-0.53889554739,-0.460470795631,1.04471862316,0.277662932873,-0.66194152832,0.465580999851,0.517659246922
-0.538058936596,-0.460607647896,1.04460859299,0.279136061668,-0.660404860973,0.464968770742,0.519377112389
-0.537195146084,-0.460804581642,1.04455780983,0.280381709337,-0.659170031548,0.463735580444,0.521373450756
-0.536211311817,-0.460945665836,1.04459345341,0.282177060843,-0.657287299633,0.462835073471,0.523577213287
-0.53520411253,-0.461305558681,1.04465723038,0.284120261669,-0.65581715107,0.461634606123,0.525426566601
-0.534123897552,-0.461482316256,1.04460430145,0.285404205322,-0.65441763401,0.460524559021,0.52744603157
-0.532994508743,-0.461717963219,1.04472327232,0.287802785635,-0.651896834373,0.459782153368,0.52990603447
-0.531873881817,-0.462068259716,1.04476583004,0.289895027876,-0.649917125702,0.458978235722,0.531890630722
-0.530757069588,-0.46226593852,1.04472255707,0.293126404285,-0.64719748497,0.459613472223,0.532886326313
-0.529683232307,-0.462522864342,1.04479169846,0.293646305799,-0.645638108253,0.457892864943,0.535963952541
-0.528334677219,-0.462712079287,1.04462456703,0.29567784071,-0.643201291561,0.457129865885,0.538422644138
-0.527321577072,-0.46293053031,1.04466509819,0.297409415245,-0.641227066517,0.456617116928,0.540255963802
-0.526254415512,-0.462916374207,1.0444355011,0.299288034439,-0.638661324978,0.456847071648,0.54206007719
-0.524646759033,-0.462555199862,1.04410982132,0.303522884846,-0.633133530617,0.457940965891,0.545257687569
-0.523672759533,-0.462754786015,1.0440248251,0.302310943604,-0.633671820164,0.456179499626,0.54678016901
-0.523133814335,-0.4635014534,1.04428839684,0.304523020983,-0.63250797987,0.455361306667,0.54758143425
-0.522512733936,-0.463615655899,1.04433965683,0.305074244738,-0.631662487984,0.454297959805,0.549131810665
-0.520995497704,-0.463634371758,1.04399609566,0.310269981623,-0.626412034035,0.45482313633,0.551793932915
-0.520630598068,-0.46432697773,1.04425263405,0.312589466572,-0.625367343426,0.455523461103,0.55109167099
-0.52008664608,-0.464589089155,1.04427409172,0.313159823418,-0.62376254797,0.455126911402,0.55291134119
-0.519780755043,-0.464854359627,1.0443431139,0.313613951206,-0.623075544834,0.455286592245,0.553296804428
-0.519210159779,-0.46472465992,1.04417848587,0.313959062099,-0.620209157467,0.45833787322,0.553802132607
-0.519078731537,-0.465068519115,1.04435944557,0.313554167747,-0.621297478676,0.457725524902,0.553317964077
-0.519360601902,-0.46583032608,1.04485785961,0.315830677748,-0.621450424194,0.457530587912,0.55201113224
-0.519378364086,-0.46648773551,1.04521083832,0.316607892513,-0.619665145874,0.460256874561,0.551305949688
-0.519438922405,-0.466916799545,1.04552423954,0.315596997738,-0.62268871069,0.459377199411,0.549208521843
-0.519488930702,-0.467278838158,1.04588854313,0.316385775805,-0.622225701809,0.460344344378,0.548469007015
-0.519236147404,-0.467277407646,1.04591727257,0.315103679895,-0.621235728264,0.460689216852,0.550037682056
-0.519995510578,-0.468071460724,1.04653406143,0.315878242254,-0.621648848057,0.46178239584,0.548206865788
-0.520124614239,-0.468515872955,1.04690289497,0.316979199648,-0.620702683926,0.462647050619,0.547914385796
-0.520317554474,-0.468966662884,1.04726755619,0.317784667015,-0.620225429535,0.46375143528,0.547053933144
-0.520179688931,-0.469690144062,1.04771268368,0.319252878428,-0.619483590126,0.464449554682,0.546447098255
-0.520251095295,-0.470362842083,1.04823362827,0.320468783379,-0.619014263153,0.464922517538,0.545864582062
-0.52032494545,-0.470893740654,1.04863095284,0.320618480444,-0.619596421719,0.465165197849,0.544908642769
-0.520345628262,-0.471406400204,1.04907763004,0.321912735701,-0.61877733469,0.465543329716,0.544753372669
-0.520670950413,-0.471847236156,1.04955029488,0.322631835938,-0.618442237377,0.466263264418,0.544092357159
-0.520736694336,-0.472410291433,1.05004096031,0.323841273785,-0.617978096008,0.46655985713,0.543646812439
-0.52058416605,-0.473191440105,1.05057239532,0.32562059164,-0.617629230022,0.466227710247,0.543265223503
-0.520753204823,-0.473593264818,1.05097603798,0.327362805605,-0.616892516613,0.467160522938,0.54225307703
-0.520955383778,-0.47413289547,1.05148017406,0.329377830029,-0.616461157799,0.467830508947,0.540943980217
-0.521203398705,-0.474540442228,1.05197119713,0.32923951745,-0.616584181786,0.466850280762,0.541734576225
-0.521560907364,-0.475001394749,1.05242884159,0.330160200596,-0.616813719273,0.466379255056,0.541318535805
-0.521860957146,-0.475414097309,1.0529820919,0.330863118172,-0.617149472237,0.465594679117,0.541181921959
-0.522104918957,-0.475897192955,1.0534760952,0.331181019545,-0.618100345135,0.463694661856,0.541533350945
-0.522395789623,-0.476146936417,1.05398106575,0.330501943827,-0.619683206081,0.460652410984,0.542734384537
-0.522869348526,-0.476748764515,1.05460691452,0.329911142588,-0.621886134148,0.457216084003,0.543479323387
-0.523275673389,-0.477050542831,1.05515897274,0.329497545958,-0.623558998108,0.454293310642,0.544264018536
-0.523663878441,-0.477310150862,1.05562877655,0.33018502593,-0.624169111252,0.452020466328,0.545039951801
-0.524131536484,-0.477596282959,1.05611872673,0.330155998468,-0.625323057175,0.449666589499,0.545681297779
-0.524571895599,-0.477859377861,1.05660390854,0.329960763454,-0.626654088497,0.44713896513,0.546349167824
-0.525007307529,-0.47824972868,1.05716228485,0.330266028643,-0.627679109573,0.444051384926,0.547504901886
-0.525424957275,-0.478451788425,1.05759775639,0.331173866987,-0.627781331539,0.441894203424,0.548583686352
-0.52584695816,-0.478593826294,1.05812251568,0.334359437227,-0.626106083393,0.440191596746,0.549933135509
-0.52606099844,-0.47858941555,1.05844867229,0.334942281246,-0.625718057156,0.438125491142,0.55166721344
-0.526771247387,-0.479041308165,1.05906534195,0.332496136427,-0.628595471382,0.435313940048,0.552101492882
-0.527020633221,-0.479071766138,1.05932879448,0.33671477437,-0.625727772713,0.434140414,0.553723871708
-0.527498781681,-0.479293048382,1.05977642536,0.338308155537,-0.625173389912,0.432691216469,0.554512619972
-0.528209388256,-0.479327589273,1.06010603905,0.339548259974,-0.624689936638,0.431686758995,0.555082023144
-0.528446555138,-0.479884147644,1.06065630913,0.338854432106,-0.626064181328,0.429435878992,0.555703401566
-0.528933823109,-0.479807257652,1.06106317043,0.341558128595,-0.624662995338,0.429584413767,0.555510163307
-0.529367208481,-0.480057835579,1.06153953075,0.343586176634,-0.623692214489,0.428184330463,0.556430399418
-0.529699385166,-0.480369746685,1.0619789362,0.346832275391,-0.622358858585,0.427169829607,0.556689143181
-0.529901027679,-0.480567455292,1.06233882904,0.350412338972,-0.620782375336,0.426570653915,0.556666851044
-0.530220150948,-0.480851709843,1.06274211407,0.353435218334,-0.61936289072,0.425038963556,0.557508051395
-0.530366778374,-0.481004863977,1.06305646896,0.356795936823,-0.617747426033,0.423839569092,0.558072507381
-0.530595481396,-0.481186568737,1.06340134144,0.360377401114,-0.616135895252,0.422720104456,0.55840164423
-0.531359910965,-0.482954800129,1.06469917297,0.36685103178,-0.615576386452,0.420958727598,0.556129395962
-0.530867397785,-0.481428742409,1.06400406361,0.368997842073,-0.611376881599,0.421603530645,0.558846533298
-0.531063020229,-0.481537461281,1.06428897381,0.373038947582,-0.60931968689,0.421192526817,0.558720111847
-0.531690716743,-0.482946872711,1.06548333168,0.38088825345,-0.606482207775,0.421561747789,0.556227684021
-0.531187057495,-0.481932222843,1.0648329258,0.38041254878,-0.604245126247,0.420363873243,0.55988240242
-0.531332850456,-0.481865167618,1.06497359276,0.386739432812,-0.599678218365,0.422103106976,0.559149205685
-0.53154695034,-0.481854140759,1.06514525414,0.390301167965,-0.598209142685,0.422126144171,0.55822968483
-0.531627118587,-0.481704413891,1.06524324417,0.395645081997,-0.59470140934,0.423192709684,0.557407677174
-0.531569600105,-0.481422841549,1.065346241,0.403508812189,-0.590300500393,0.426298826933,0.554071903229
-0.531722605228,-0.481466650963,1.06543469429,0.407360315323,-0.587291896343,0.425869137049,0.554780423641
-0.531702518463,-0.481309592724,1.06544840336,0.413557648659,-0.583470225334,0.427312374115,0.553115546703
-0.531635940075,-0.48111730814,1.06544625759,0.421476453543,-0.577960968018,0.429517537355,0.551210999489
-0.531552255154,-0.480919986963,1.06542038918,0.428047627211,-0.573898613453,0.430940806866,0.549277424812
-0.531383633614,-0.480612874031,1.06539332867,0.433413594961,-0.570787191391,0.432208836079,0.547311842442
-0.531334221363,-0.480458945036,1.06522834301,0.44006857276,-0.566978991032,0.433742314577,0.544740319252
-0.531135976315,-0.480089247227,1.06516170502,0.447890460491,-0.56154602766,0.435372203588,0.542689085007
-0.531076014042,-0.47977745533,1.06500828266,0.454152405262,-0.55795365572,0.436556279659,0.540233492851
-0.531174480915,-0.479334443808,1.0647919178,0.459877580404,-0.554605543613,0.437679350376,0.537923932076
-0.531074345112,-0.478958934546,1.06455540657,0.46565118432,-0.551480770111,0.438503354788,0.535493135452
-0.53088748455,-0.478585004807,1.06429576874,0.47181814909,-0.547944009304,0.439039677382,0.533281743526
-0.53085142374,-0.478295981884,1.06397771835,0.476773947477,-0.545839607716,0.438672602177,0.53133046627
-0.530812561512,-0.47790017724,1.06371295452,0.481945335865,-0.54328340292,0.438645631075,0.529303371906
-0.530832946301,-0.477501153946,1.06345617771,0.486257642508,-0.541684448719,0.437531530857,0.52791839838
-0.530944645405,-0.476969122887,1.06315124035,0.490267574787,-0.540036976337,0.437173545361,0.526191234589
-0.531143903732,-0.476413846016,1.06285309792,0.493542641401,-0.539180636406,0.436478346586,0.524582445621
-0.531231045723,-0.475940048695,1.06255757809,0.496571540833,-0.538447320461,0.435137569904,0.523590147495
-0.531467795372,-0.475331366062,1.06221294403,0.50274348259,-0.536778271198,0.435364544392,0.519207179546
-0.531729161739,-0.474794596434,1.0619648695,0.504911541939,-0.536745786667,0.434368431568,0.517969548702
-0.531980991364,-0.474221915007,1.06166183949,0.507751584053,-0.536534786224,0.433201640844,0.51638686657
-0.532431483269,-0.473688721657,1.06145191193,0.508492648602,-0.537375688553,0.43111127615,0.516532421112
-0.532775700092,-0.473133653402,1.0611935854,0.509471654892,-0.538545906544,0.429138869047,0.515991330147
-0.532989442348,-0.472463786602,1.06095588207,0.511531949043,-0.538783431053,0.428089112043,0.514575004578
-0.533545017242,-0.472568005323,1.06096458435,0.512531101704,-0.540841221809,0.425858736038,0.513271033764
-0.533903121948,-0.471680223942,1.0604571104,0.508404493332,-0.544137239456,0.420933544636,0.51793295145
-0.534160137177,-0.470861136913,1.06004405022,0.513089954853,-0.543426275253,0.422481298447,0.512772858143
-0.534587621689,-0.471099674702,1.06026613712,0.510539352894,-0.547176301479,0.417595803738,0.515326619148
-0.534652531147,-0.470614612103,1.05998337269,0.515114426613,-0.546732246876,0.419074594975,0.510017156601
-0.53563439846,-0.469786763191,1.05977058411,0.515698432922,-0.548149049282,0.419721871614,0.507367014885
-0.535254180431,-0.468718111515,1.05904638767,0.516576707363,-0.548261404037,0.419170558453,0.506807863712
-0.535460948944,-0.468977093697,1.05920982361,0.5175101161,-0.550303339958,0.417514055967,0.505006432533
-0.53561091423,-0.467767208815,1.05853784084,0.51766961813,-0.550699532032,0.418048858643,0.503967761993
-0.535913288593,-0.467957019806,1.05867230892,0.518456399441,-0.552699804306,0.417398154736,0.50150257349
-0.535918712616,-0.467129170895,1.05818533897,0.517466723919,-0.554105043411,0.417221754789,0.50112092495
-0.536123514175,-0.46647939086,1.05781424046,0.51770055294,-0.554634392262,0.418248802423,0.499434828758
-0.536202907562,-0.466033011675,1.05757844448,0.519061803818,-0.55497187376,0.419524461031,0.496568799019
-0.536230921745,-0.46562448144,1.05752277374,0.519016385078,-0.555953979492,0.419773429632,0.495305478573
-0.536534786224,-0.465812563896,1.05772745609,0.518884897232,-0.557273387909,0.419917702675,0.493836134672
-0.53648519516,-0.464981377125,1.05733370781,0.517002642155,-0.559312880039,0.419817984104,0.493589282036
-0.536627352238,-0.464604586363,1.05714392662,0.51623904705,-0.559970974922,0.419889777899,0.493581265211
-0.536813318729,-0.464390933514,1.0571461916,0.513673245907,-0.562698185444,0.418897002935,0.494000047445
-0.537059128284,-0.464317768812,1.05735003948,0.510154187679,-0.565792262554,0.416939496994,0.495765566826
-0.537383615971,-0.46414193511,1.05740237236,0.507714927197,-0.568067789078,0.416311681271,0.496194839478
-0.538325071335,-0.464481294155,1.05784916878,0.506377875805,-0.570564031601,0.416933745146,0.494170695543
-0.538019537926,-0.463658362627,1.05739271641,0.503129124641,-0.571986496449,0.415647208691,0.49692055583
-0.538437664509,-0.463559091091,1.05752158165,0.49991697073,-0.574623584747,0.414675056934,0.497931331396
-0.538967728615,-0.463489532471,1.0576877594,0.496136963367,-0.577570319176,0.413878947496,0.498963803053
-0.539438843727,-0.463444769382,1.0578700304,0.491516143084,-0.580925166607,0.412265211344,0.500974357128
-0.540458202362,-0.464797019958,1.05890083313,0.488550722599,-0.585209667683,0.410599529743,0.500255763531
-0.540961563587,-0.464833706617,1.05912947655,0.484092533588,-0.587821424007,0.409491211176,0.502431690693
-0.541569471359,-0.465008229017,1.05946540833,0.476117610931,-0.593464136124,0.405775934458,0.506416976452
-0.542042791843,-0.464896917343,1.05944395065,0.473717182875,-0.595166921616,0.407218247652,0.505511522293
-0.542091310024,-0.463833153248,1.0589556694,0.464912295341,-0.598305583,0.40533515811,0.511459290981
-0.54265421629,-0.464037358761,1.05925154686,0.460196852684,-0.600601494312,0.405291885138,0.51306450367
-0.543262302876,-0.463993191719,1.05942261219,0.456147521734,-0.603987216949,0.406012862921,0.512135446072
-0.54399985075,-0.46435970068,1.05991351604,0.449953407049,-0.60819029808,0.404621958733,0.513738870621
-0.544743537903,-0.464940845966,1.06053423882,0.438594698906,-0.61404299736,0.398462831974,0.521357178688
-0.545393049717,-0.465312540531,1.06099045277,0.431379437447,-0.618870258331,0.396308541298,0.523307800293
-0.546092808247,-0.465610980988,1.06140124798,0.425156384706,-0.622468113899,0.394684195518,0.52535700798
-0.547243833542,-0.467418313026,1.06277775764,0.421680182219,-0.627388358116,0.393697589636,0.523041009903
-0.547284424305,-0.466346293688,1.06231153011,0.414436131716,-0.629105269909,0.393674761057,0.526772618294
-0.547993957996,-0.466865241528,1.06293833256,0.405552923679,-0.633910536766,0.390336751938,0.530397593975
-0.548573255539,-0.46723946929,1.06342875957,0.396371483803,-0.640830039978,0.385727077723,0.532392024994
-0.549108028412,-0.467902779579,1.0641605854,0.388737976551,-0.645967662334,0.382731229067,0.533971428871
-0.549551963806,-0.468252837658,1.064671278,0.38077712059,-0.651252627373,0.38068780303,0.534748196602
-0.549973130226,-0.468557834625,1.06508147717,0.374039500952,-0.655263960361,0.379768282175,0.535256564617
-0.550427675247,-0.468875616789,1.06549859047,0.367773830891,-0.658681631088,0.38028973341,0.535033226013
-0.550736904144,-0.469121336937,1.06584715843,0.362873792648,-0.661532282829,0.380861490965,0.534455001354
-0.551510512829,-0.47101944685,1.06733894348,0.360195875168,-0.664948403835,0.381060779095,0.531879067421
-0.551218807697,-0.469794154167,1.06662046909,0.353801906109,-0.666291058064,0.384349107742,0.532124102116
-0.551583886147,-0.471611559391,1.06794130802,0.351794689894,-0.66888988018,0.385125219822,0.529627680779
-0.551508665085,-0.472066611052,1.06828343868,0.349072754383,-0.670032978058,0.388497471809,0.527516782284
-0.550349831581,-0.470761716366,1.06719338894,0.344946563244,-0.668909847736,0.393428683281,0.528001129627
-0.550053596497,-0.47102278471,1.06733608246,0.342608094215,-0.669214189053,0.397470027208,0.526107907295
-0.549542367458,-0.471159756184,1.06725907326,0.34078925848,-0.66892850399,0.402189522982,0.524062037468
-0.548943996429,-0.47135925293,1.0671787262,0.33927449584,-0.668383598328,0.406870275736,0.522123515606
-0.548508286476,-0.471431434155,1.06710338593,0.339064270258,-0.667692959309,0.412743628025,0.518521308899
-0.547677338123,-0.472081422806,1.06722474098,0.338114947081,-0.667489409447,0.416039198637,0.516766548157
-0.547192394733,-0.472547352314,1.06738591194,0.336654663086,-0.667788803577,0.419735342264,0.514338493347
-0.546495139599,-0.472803652287,1.06729638577,0.332945227623,-0.668448984623,0.421801805496,0.514204919338
-0.545534133911,-0.472942352295,1.06713747978,0.333639591932,-0.667543649673,0.426255971193,0.511249601841
-0.544794857502,-0.473166376352,1.06714010239,0.329826921225,-0.668457567692,0.427710711956,0.511314332485
-0.54385894537,-0.473247885704,1.06696546078,0.328708410263,-0.668168246746,0.431004345417,0.509644389153
-0.543166160583,-0.473068416119,1.06665694714,0.328058809042,-0.66767770052,0.434525042772,0.507712543011
-0.541798889637,-0.473316729069,1.0664511919,0.329542070627,-0.665831208229,0.43947198987,0.504911065102
-0.540772855282,-0.473479062319,1.06616139412,0.329282075167,-0.665136158466,0.443174660206,0.50275593996
-0.53951895237,-0.473464041948,1.06569957733,0.329801172018,-0.663170576096,0.447561740875,0.501123249531
-0.538263142109,-0.473365157843,1.06526136398,0.328303188086,-0.661917924881,0.450936883688,0.500737130642
-0.53695422411,-0.473234117031,1.06475245953,0.328879415989,-0.659886300564,0.455596148968,0.498819112778
-0.535613119602,-0.472739964724,1.06415510178,0.331721872091,-0.656091213226,0.462843984365,0.495257884264
-0.534044027328,-0.472326874733,1.06341290474,0.333644509315,-0.651976525784,0.469761639833,0.492881536484
-0.532473862171,-0.472528070211,1.06311988831,0.333321630955,-0.649998724461,0.472084879875,0.493491977453
-0.531206071377,-0.472075223923,1.06235873699,0.335068643093,-0.647227227688,0.477072864771,0.491149246693
-0.529904484749,-0.471760392189,1.06179213524,0.334950387478,-0.645487844944,0.479489952326,0.491164892912
-0.52878266573,-0.471362888813,1.06122529507,0.331848174334,-0.64518648386,0.479882389307,0.493279159069
-0.527453899384,-0.471132844687,1.06065988541,0.333075851202,-0.64383482933,0.481886506081,0.492262989283
-0.526622235775,-0.470685631037,1.06016969681,0.330716282129,-0.64425188303,0.481185615063,0.493990749121
-0.52598541975,-0.470373868942,1.05976247787,0.326857686043,-0.645280003548,0.479421466589,0.496923446655
-0.525410056114,-0.469739943743,1.05924201012,0.325035989285,-0.644876480103,0.479928255081,0.498151481152
-0.524939656258,-0.469311177731,1.0589748621,0.325158417225,-0.644360005856,0.480720937252,0.497975587845
-0.524639308453,-0.468963384628,1.0586810112,0.323592931032,-0.644418358803,0.480417460203,0.499211013317
-0.524396777153,-0.46862795949,1.0583999157,0.322237581015,-0.644270181656,0.480345368385,0.500347316265
-0.524434685707,-0.468285560608,1.05821120739,0.320022970438,-0.644959807396,0.479356646538,0.501826047897
-0.524007976055,-0.468142747879,1.05800318718,0.319735646248,-0.644317030907,0.479319065809,0.502869606018
-0.523804962635,-0.467903256416,1.05781340599,0.319236516953,-0.643819749355,0.479455977678,0.503692686558
-0.523594200611,-0.467726558447,1.05760478973,0.318964481354,-0.64323168993,0.479827225208,0.504262328148
-0.523421108723,-0.467531442642,1.05758559704,0.318307459354,-0.642787456512,0.479636907578,0.505423784256
-0.52333343029,-0.467434495687,1.05748593807,0.317697107792,-0.642581403255,0.479641199112,0.506065368652
-0.523272097111,-0.467312991619,1.05738604069,0.317369610071,-0.642088294029,0.480286866426,0.506284177303
-0.523548603058,-0.467124998569,1.05729877949,0.314754158258,-0.642792522907,0.479066342115,0.508176207542
-0.523585855961,-0.467058360577,1.05717182159,0.313883364201,-0.642812848091,0.479272305965,0.508494973183
-0.523651003838,-0.467029988766,1.05713772774,0.312591671944,-0.642922461033,0.479535669088,0.508903503418
-0.523783624172,-0.466936230659,1.05698573589,0.311095356941,-0.643305182457,0.479502141476,0.509368121624
-0.523733973503,-0.46682870388,1.05684566498,0.312955319881,-0.64240783453,0.481001734734,0.507945299149
-0.52385020256,-0.466880977154,1.0567330122,0.312252253294,-0.642553508282,0.481415331364,0.507801890373
-0.524009168148,-0.466927975416,1.05665826797,0.311741381884,-0.642850220203,0.481597095728,0.507567822933
-0.524102926254,-0.466932952404,1.0565649271,0.312389045954,-0.642414867878,0.483895927668,0.505530536175
-0.524435341358,-0.467078566551,1.05657494068,0.310438930988,-0.643558859825,0.484201639891,0.504983723164
-0.524851322174,-0.467235386372,1.0566174984,0.308768481016,-0.644457936287,0.483884572983,0.505165278912
-0.525287151337,-0.467354208231,1.05665373802,0.307815641165,-0.645293295383,0.484358012676,0.50422590971
-0.525659143925,-0.467454612255,1.05664110184,0.307303696871,-0.645986616611,0.484863728285,0.503162920475
-0.525923550129,-0.467724978924,1.05651080608,0.307349056005,-0.646243810654,0.485784053802,0.501915633678
-0.526371061802,-0.467866897583,1.05655932426,0.306092828512,-0.647377312183,0.486171424389,0.500846326351
-0.526826918125,-0.468023538589,1.05664467812,0.306012183428,-0.647451639175,0.487184464931,0.499814450741
-0.527582168579,-0.467880785465,1.05662870407,0.304610431194,-0.648094177246,0.488896816969,0.49816301465
-0.528064668179,-0.468053340912,1.05669760704,0.303392797709,-0.649048566818,0.48996964097,0.496607065201
-0.52850151062,-0.468233168125,1.05680167675,0.303278446198,-0.649078190327,0.491517275572,0.495106548071
-0.529008924961,-0.468449175358,1.05692517757,0.302431255579,-0.64966326952,0.492902994156,0.493477255106
-0.529531598091,-0.468623816967,1.05704700947,0.302131354809,-0.650002419949,0.494873970747,0.491236507893
-0.529531598091,-0.468623816967,1.05704700947,0.302131354809,-0.650002419949,0.494873970747,0.491236507893
-0.530516862869,-0.469314932823,1.05749225616,0.300031721592,-0.652015507221,0.49682316184,0.48787650466
-0.531127870083,-0.469526410103,1.05765259266,0.299095362425,-0.652724862099,0.498688310385,0.485594928265
-0.531800150871,-0.469754219055,1.05789983273,0.297610491514,-0.653890550137,0.499771982431,0.483821511269
-0.531800150871,-0.469754219055,1.05789983273,0.297610491514,-0.653890550137,0.499771982431,0.483821511269
-0.533056616783,-0.47021394968,1.05833172798,0.295465111732,-0.655496120453,0.503008186817,0.47959163785
-0.533723294735,-0.470484644175,1.05854845047,0.29678362608,-0.653786420822,0.506151676178,0.477800607681
-0.534486651421,-0.47074919939,1.05882644653,0.295907944441,-0.653779745102,0.508846819401,0.47548443079
-0.535187900066,-0.471019268036,1.05913805962,0.294170111418,-0.656154930592,0.508919656277,0.473207771778
-0.535816431046,-0.471262097359,1.05940032005,0.290705740452,-0.659478127956,0.509059548378,0.470571279526
-0.536495089531,-0.471476852894,1.0596344471,0.290253847837,-0.659646332264,0.510766625404,0.468761146069
-0.5371966362,-0.471810638905,1.05994057655,0.290043354034,-0.659801661968,0.512665808201,0.466594517231
-0.537814497948,-0.472148865461,1.06045770645,0.286943584681,-0.66348284483,0.51223552227,0.463755071163
-0.538505673409,-0.472471654415,1.0607625246,0.287492543459,-0.662786126137,0.514357745647,0.462059080601
-0.539113461971,-0.472773134708,1.06104254723,0.285712957382,-0.664683640003,0.51494705677,0.459775477648
-0.539781928062,-0.472999036312,1.0612334013,0.285632073879,-0.664374351501,0.51774173975,0.457126379013
-0.540246009827,-0.473173797131,1.06137382984,0.284167319536,-0.666243970394,0.518384575844,0.454582720995
-0.541009902954,-0.473202526569,1.06167054176,0.283148080111,-0.666428625584,0.520389616489,0.45265313983
-0.541379749775,-0.473667293787,1.06191897392,0.282878994942,-0.667416572571,0.521202325821,0.45042514801
-0.541835904121,-0.473865807056,1.06213021278,0.281914055347,-0.668400406837,0.522475898266,0.448089957237
-0.542341589928,-0.474056392908,1.06237125397,0.281584352255,-0.669192790985,0.523706197739,0.445671737194
-0.542773485184,-0.474215984344,1.06256520748,0.281043052673,-0.669892787933,0.525148928165,0.443257391453
-0.543164074421,-0.47435811162,1.06273961067,0.280426323414,-0.670488893986,0.526506483555,0.441131174564
-0.543433129787,-0.474451422691,1.06296253204,0.279658555984,-0.67166686058,0.526821434498,0.439447402954
-0.543767213821,-0.474543094635,1.06300294399,0.277754038572,-0.673906385899,0.526842296124,0.437195718288
-0.544164538383,-0.474697500467,1.06316018105,0.277812093496,-0.674285054207,0.527876377106,0.43532371521
-0.544164538383,-0.474697500467,1.06316018105,0.277812093496,-0.674285054207,0.527876377106,0.43532371521
-0.544918477535,-0.47477555275,1.06336307526,0.277909696102,-0.674500882626,0.530845284462,0.431298226118
-0.545304536819,-0.474847108126,1.06349766254,0.275630772114,-0.677656412125,0.529700756073,0.429216206074
-0.545830488205,-0.474961459637,1.06349241734,0.27633228898,-0.677194833755,0.5315990448,0.42714202404
-0.546238183975,-0.475030362606,1.06360936165,0.275661021471,-0.678011059761,0.532834351063,0.424734801054
-0.546614289284,-0.475071549416,1.06372439861,0.275380313396,-0.678977787495,0.533108115196,0.423025608063
-0.546913206577,-0.475083053112,1.06394052505,0.274706721306,-0.680010616779,0.533508241177,0.421296715736
-0.547196567059,-0.475034058094,1.06400227547,0.273212701082,-0.681977152824,0.533675312996,0.418870657682
-0.547823488712,-0.474995404482,1.06407499313,0.273625254631,-0.681684553623,0.535447478294,0.416811168194
-0.548134624958,-0.474939912558,1.06404030323,0.271916776896,-0.684107065201,0.535516083241,0.413861572742
-0.548425078392,-0.475007593632,1.06419706345,0.272925704718,-0.683660387993,0.536834537983,0.412224143744
-0.548852026463,-0.475102305412,1.06436932087,0.271705061197,-0.685125470161,0.537488341331,0.409738719463
-0.549146950245,-0.475162565708,1.06445026398,0.271472662687,-0.68602502346,0.537993431091,0.407720088959
-0.54948079586,-0.475261926651,1.06455731392,0.27084851265,-0.687151491642,0.538685321808,0.405317217112
-0.549648404121,-0.475317269564,1.06459522247,0.269133001566,-0.690071761608,0.53801625967,0.402376621962
-0.549866735935,-0.475409775972,1.06466960907,0.268930464983,-0.690894961357,0.53893840313,0.399857521057
-0.550182938576,-0.475551277399,1.06481802464,0.269193172455,-0.691112160683,0.54058599472,0.39707171917
-0.55007314682,-0.475881904364,1.06490886211,0.267724633217,-0.693948864937,0.540055751801,0.393825232983
-0.55018299818,-0.47601133585,1.06498098373,0.26775637269,-0.694585382938,0.5411632061,0.391152471304
-0.550361812115,-0.476167291403,1.06506788731,0.266909778118,-0.696204543114,0.541794836521,0.387965023518
-0.550634264946,-0.476040542126,1.06504046917,0.265496075153,-0.697516024113,0.543265879154,0.384506762028
-0.550723910332,-0.476218402386,1.06511771679,0.264798790216,-0.699084460735,0.543699204922,0.381514966488
-0.550765752792,-0.476389169693,1.06513977051,0.26422482729,-0.700098752975,0.545061290264,0.37809419632
-0.550722181797,-0.476536661386,1.06517744064,0.263644725084,-0.70135730505,0.546276271343,0.374395191669
-0.550288558006,-0.47693285346,1.06521034241,0.264531195164,-0.701614201069,0.547720134258,0.371165126562
-0.550286650658,-0.477255433798,1.06542801857,0.263029903173,-0.703880906105,0.547958493233,0.367570906878
-0.550159871578,-0.477474153042,1.06545948982,0.262110471725,-0.705547392368,0.548744559288,0.363841205835
-0.549897432327,-0.477665573359,1.06547701359,0.261555224657,-0.706697821617,0.550032556057,0.360043555498
-0.549678146839,-0.477868080139,1.06551384926,0.26073294878,-0.707989275455,0.55118983984,0.356313496828
-0.549586892128,-0.477544039488,1.06518137455,0.259353756905,-0.708570718765,0.55373609066,0.352192610502
-0.549221873283,-0.477924436331,1.06531322002,0.259007364511,-0.709717869759,0.555049419403,0.348046004772
-0.548990786076,-0.47813141346,1.06532347202,0.257736384869,-0.710901856422,0.556830406189,0.343701124191
-0.548471808434,-0.478515982628,1.06524372101,0.257668048143,-0.711808085442,0.558316469193,0.339439302683
-0.548512041569,-0.48039162159,1.06639111042,0.259953051805,-0.71385383606,0.557947158813,0.333964198828
-0.547912716866,-0.48041921854,1.06628620625,0.260917901993,-0.712621212006,0.561054110527,0.330622106791
-0.547431468964,-0.480601757765,1.06623840332,0.258325666189,-0.715458631516,0.561912298203,0.325025558472
-0.546676635742,-0.480770349503,1.06618046761,0.260595142841,-0.714316308498,0.564083755016,0.321949928999
-0.546142160892,-0.480933487415,1.06614995003,0.259222865105,-0.71563243866,0.565473139286,0.317669630051
-0.545581221581,-0.480953872204,1.06601464748,0.257655888796,-0.716187417507,0.568041741848,0.313077837229
-0.544917881489,-0.480999588966,1.06589353085,0.256846398115,-0.717288255692,0.569490790367,0.308557748795
-0.54421043396,-0.481151223183,1.06586289406,0.256337285042,-0.717533230782,0.571856498718,0.304002046585
-0.543510854244,-0.48132109642,1.06582415104,0.255771100521,-0.717951357365,0.573972165585,0.299471288919
-0.542664825916,-0.481356292963,1.06575787067,0.254647433758,-0.720063209534,0.574338436127,0.294616937637
-0.542033791542,-0.481276214123,1.06548953056,0.250839352608,-0.723913609982,0.57449477911,0.28807041049
-0.541110038757,-0.481317341328,1.06532931328,0.250450134277,-0.724904716015,0.575851202011,0.283166706562
-0.540207087994,-0.481484591961,1.06523656845,0.249481782317,-0.725735902786,0.577651560307,0.278181493282
-0.539254903793,-0.481605350971,1.06515860558,0.249140635133,-0.727084636688,0.578508853912,0.273138165474
-0.538359701633,-0.481737047434,1.06510257721,0.24861356616,-0.727913498878,0.579984724522,0.268236577511
-0.53746753931,-0.48004257679,1.06390798092,0.244040802121,-0.728430271149,0.583148658276,0.264142155647
-0.536353826523,-0.480107605457,1.06377959251,0.243450894952,-0.729306817055,0.584730803967,0.258714407682
-0.535369515419,-0.480279296637,1.06375479698,0.242864236236,-0.729809403419,0.586555182934,0.2536701262
-0.533829927444,-0.480638831854,1.06368637085,0.243210807443,-0.731110215187,0.587052643299,0.248385950923
-0.532548189163,-0.480875432491,1.06386220455,0.242835521698,-0.732346773148,0.587559223175,0.243871822953
-0.531285643578,-0.481040239334,1.06371259689,0.242366537452,-0.733033895493,0.589120686054,0.238446429372
-0.530055701733,-0.481437861919,1.06379640102,0.244439914823,-0.729275524616,0.594497561455,0.234476134181
-0.528693199158,-0.481599211693,1.06369245052,0.243984952569,-0.730034053326,0.595847606659,0.229101270437
-0.52752572298,-0.481617212296,1.06354308128,0.243138626218,-0.730146229267,0.598134458065,0.223618790507
-0.526087164879,-0.481815040112,1.06346964836,0.242730990052,-0.730519771576,0.599834263325,0.218223750591
-0.524563908577,-0.482020974159,1.06340825558,0.242441758513,-0.730359494686,0.602019488811,0.213001519442
-0.522773504257,-0.482535481453,1.06352555752,0.242816492915,-0.730938494205,0.603065431118,0.207560583949
-0.521412134171,-0.482459485531,1.06333351135,0.241573914886,-0.731044888496,0.605236470699,0.202248066664
-0.519426286221,-0.483003348112,1.06347060204,0.242116495967,-0.73113900423,0.606702327728,0.196793749928
-0.517923057079,-0.482874780893,1.06326961517,0.240363553166,-0.732975542545,0.607052743435,0.190942928195
-0.515890002251,-0.483640134335,1.0635188818,0.241837546229,-0.731339991093,0.60997313261,0.18598203361
-0.514344632626,-0.483477562666,1.063398242,0.240279257298,-0.731251120567,0.612378120422,0.180363029242
-0.512549042702,-0.483806788921,1.06345105171,0.239997684956,-0.729892075062,0.615604281425,0.175186559558
-0.510635256767,-0.484449386597,1.06370556355,0.239962115884,-0.728189826012,0.619245707989,0.169388636947
-0.508292376995,-0.484695613384,1.06364274025,0.240784004331,-0.730342209339,0.617737412453,0.164389029145
-0.5063123703,-0.484995007515,1.06375455856,0.240662008524,-0.729768693447,0.619790971279,0.159307122231
-0.504640758038,-0.484702765942,1.06360292435,0.239135161042,-0.728843986988,0.622936427593,0.153463378549
-0.502281486988,-0.485128641129,1.06374192238,0.239501014352,-0.728168547153,0.624906659126,0.147992253304
-0.500143826008,-0.485488474369,1.06381332874,0.239406168461,-0.727184355259,0.627394080162,0.142352640629
-0.498426914215,-0.485427081585,1.06375730038,0.238201901317,-0.727444946766,0.62876278162,0.136898681521
-0.496336191893,-0.485639542341,1.06377351284,0.237463727593,-0.72749620676,0.630133628845,0.131499797106
-0.493815153837,-0.486029684544,1.06406605244,0.23810531199,-0.726007461548,0.63271677494,0.126049205661
-0.491993755102,-0.48594224453,1.0638769865,0.236713707447,-0.726092100143,0.634217083454,0.120521374047
-0.489754110575,-0.485884428024,1.06405520439,0.236219212413,-0.725211441517,0.636344492435,0.115475423634
-0.487154483795,-0.486411273479,1.06460154057,0.237082213163,-0.724785983562,0.6373513937,0.110727980733
-0.485028535128,-0.486500620842,1.06440627575,0.236530780792,-0.723945617676,0.639554858208,0.104525782168
-0.483063131571,-0.486173480749,1.06429553032,0.234906584024,-0.7235019207,0.641477644444,0.0993509441614
-0.480754137039,-0.48644310236,1.06455862522,0.23519307375,-0.722610652447,0.643144309521,0.0942523702979
-0.478302419186,-0.486404776573,1.06474137306,0.234891965985,-0.722722053528,0.643806874752,0.0895055383444
-0.475789815187,-0.486628174782,1.06493711472,0.235533833504,-0.72101098299,0.646215558052,0.0840989127755
-0.473808318377,-0.486350953579,1.0649433136,0.233348622918,-0.721636414528,0.646879792213,0.0795984044671
-0.471205472946,-0.486513257027,1.06515717506,0.234496846795,-0.721561193466,0.647125780582,0.0747587829828
-0.468634217978,-0.486707448959,1.06580877304,0.23432816565,-0.722475409508,0.646560847759,0.0712628811598
-0.466527998447,-0.486296921968,1.0657658577,0.233116194606,-0.722481548786,0.647453248501,0.0669453665614
-0.464163005352,-0.486110299826,1.06586706638,0.233226314187,-0.721811413765,0.648618340492,0.0623544901609
-0.461446583271,-0.485937684774,1.06602311134,0.234691947699,-0.719855129719,0.650749564171,0.0570369772613
-0.459303796291,-0.485946625471,1.06624794006,0.233959719539,-0.745469152927,0.622555494308,0.0443095751107
-0.456549793482,-0.485805034637,1.0664396286,0.234310403466,-0.720376253128,0.650933027267,0.049427177757
-0.45426478982,-0.484956502914,1.06625986099,0.233533114195,-0.722439527512,0.649370133877,0.0431494563818
-0.451741784811,-0.484954953194,1.06657373905,0.233121663332,-0.723310709,0.648778021336,0.0395348407328
-0.449099123478,-0.484529644251,1.06661391258,0.234101891518,-0.722017884254,0.650158166885,0.0343660861254
-0.447130233049,-0.484014809132,1.06657552719,0.232586920261,-0.722632229328,0.650200366974,0.0307539068162
-0.444820225239,-0.48340690136,1.06654405594,0.231797873974,-0.723185062408,0.650046050549,0.026707617566
-0.442020833492,-0.482936561108,1.0666526556,0.231673240662,-0.722228944302,0.651373922825,0.0206150189042
-0.439823538065,-0.482615888119,1.06680679321,0.230879157782,-0.723399817944,0.650459706783,0.0170177929103
-0.436943918467,-0.481543958187,1.06667900085,0.232414752245,-0.718765437603,0.655123054981,0.0131684876978
-0.435028493404,-0.481085032225,1.06672632694,0.230210453272,-0.720280110836,0.654319226742,0.00813427753747
-0.43235757947,-0.48047208786,1.06682348251,0.230882301927,-0.719577968121,0.65489423275,0.00381112610921
-0.429971396923,-0.479907035828,1.06696367264,0.23151473701,-0.71815353632,0.656240880489,0.00209128763527
-0.427604436874,-0.479399800301,1.06715941429,0.231978461146,-0.71772569418,0.656546592712,-0.00152747519314
-0.424976408482,-0.47858530283,1.06719374657,0.232859387994,-0.716158866882,0.657921016216,-0.0057338019833
-0.422809928656,-0.478043913841,1.06733572483,0.232418656349,-0.716280817986,0.657909393311,-0.00886230915785
-0.420318216085,-0.477368056774,1.06747770309,0.233293250203,-0.714641273022,0.659321546555,-0.0125368013978
-0.418065696955,-0.476794362068,1.06770288944,0.232882142067,-0.714706659317,0.659336149693,-0.0153676923364
-0.416193753481,-0.475956559181,1.06773149967,0.232104331255,-0.714959800243,0.659270405769,-0.0179640799761
-0.413641214371,-0.475440740585,1.0679564476,0.233243986964,-0.713344931602,0.66051530838,-0.0213502254337
-0.411378830671,-0.474966645241,1.06824994087,0.234083160758,-0.712395489216,0.66113948822,-0.0243389550596
-0.409115552902,-0.474608421326,1.06856536865,0.234990760684,-0.7116279006,0.661537349224,-0.0270766261965
-0.407631665468,-0.473577320576,1.06838393211,0.232266932726,-0.712877571583,0.660977005959,-0.0310962870717
-0.404903411865,-0.47331982851,1.06891000271,0.235663071275,-0.710321485996,0.662447869778,-0.0326984897256
-0.402719825506,-0.472761064768,1.06914818287,0.2353605479,-0.709344089031,0.663317143917,-0.0380363315344
-0.400440335274,-0.471993684769,1.06927001476,0.237248554826,-0.70712018013,0.664964020252,-0.0389499329031
-0.398802012205,-0.471659451723,1.06952702999,0.235972493887,-0.708730340004,0.663506448269,-0.0421602390707
-0.396580040455,-0.470852762461,1.06966483593,0.238341540098,-0.70466119051,0.666881263256,-0.0437638349831
-0.394435226917,-0.470252931118,1.06989264488,0.238393992186,-0.704318583012,0.667109131813,-0.045486856252
-0.392204523087,-0.469690948725,1.0701738596,0.239857971668,-0.70136731863,0.669485092163,-0.0483898855746
-0.391198754311,-0.469760924578,1.07046246529,0.239795386791,-0.701248347759,0.669470012188,-0.0505846478045
-0.388655483723,-0.468642175198,1.07061076164,0.240690156817,-0.698800384998,0.67156213522,-0.0524478778243
-0.387170523405,-0.46823734045,1.07088053226,0.24067607522,-0.698720932007,0.671560406685,-0.0535797774792
-0.385478079319,-0.467676818371,1.0710542202,0.240959748626,-0.697045862675,0.673028111458,-0.0556654036045
-0.383860111237,-0.467280030251,1.0713121891,0.241858780384,-0.696011662483,0.673687756062,-0.0567191056907
-0.382730185986,-0.466982245445,1.07144379616,0.241177543998,-0.696014881134,0.673874258995,-0.0573604516685
-0.380954772234,-0.466374784708,1.07164430618,0.242359191179,-0.694210767746,0.675188183784,-0.0587740764022
-0.38018065691,-0.466249585152,1.07181215286,0.240396559238,-0.696343958378,0.673587799072,-0.0599525012076
-0.378699570894,-0.465911269188,1.07208311558,0.241733580828,-0.694023132324,0.675370573997,-0.0614113993943
-0.377496242523,-0.465593278408,1.07229614258,0.241856336594,-0.694095671177,0.675219893456,-0.0617641955614
-0.37643045187,-0.465492725372,1.07256615162,0.242189541459,-0.694095373154,0.675079762936,-0.061992418021
-0.374961197376,-0.465016007423,1.07273197174,0.243112847209,-0.692510068417,0.676209032536,-0.0637746602297
-0.373707920313,-0.464827924967,1.07309246063,0.244558155537,-0.690259754658,0.677954673767,-0.0641110241413
-0.372675597668,-0.464620947838,1.0733089447,0.244356587529,-0.691942095757,0.676308631897,-0.0641307532787
-0.371275663376,-0.464310109615,1.073579669,0.246087417006,-0.688809037209,0.678747653961,-0.0654561147094
-0.370074272156,-0.464010477066,1.07380187511,0.247148454189,-0.688236415386,0.678903400898,-0.0658668205142
-0.368901371956,-0.463751852512,1.07405054569,0.24794138968,-0.686933517456,0.679886698723,-0.0663466155529
-0.367405831814,-0.463599592447,1.07443583012,0.251655966043,-0.686902284622,0.678574025631,-0.0661205202341
-0.366445749998,-0.463529318571,1.07468891144,0.251256674528,-0.68561989069,0.67992323637,-0.067081399262
-0.365571022034,-0.463376224041,1.07490301132,0.252235114574,-0.686007201672,0.679167568684,-0.06710280478
-0.364007860422,-0.463113963604,1.07526791096,0.254595428705,-0.685077190399,0.679223895073,-0.0671231150627
-0.362846344709,-0.462954461575,1.07551288605,0.256182014942,-0.685484945774,0.678231239319,-0.0669614002109
-0.361537456512,-0.462512433529,1.07576560974,0.258052587509,-0.684748589993,0.678310155869,-0.0665099546313
-0.360293447971,-0.46218341589,1.07592654228,0.259707152843,-0.682856023312,0.679542958736,-0.0669438168406
-0.359129011631,-0.461774766445,1.07596051693,0.261675447226,-0.681952178478,0.679610848427,-0.0677957162261
-0.358176648617,-0.461447387934,1.0759729147,0.263036072254,-0.682200729847,0.678902029991,-0.0671286806464
-0.356672942638,-0.46079403162,1.07594871521,0.264656603336,-0.681819021702,0.678658723831,-0.0670982673764
-0.355269223452,-0.460478901863,1.07615315914,0.26701772213,-0.681150257587,0.678456962109,-0.0665746405721
-0.354517042637,-0.459898293018,1.07593095303,0.26745146513,-0.681171834469,0.678341984749,-0.065779723227
-0.353315412998,-0.459289193153,1.07584762573,0.268915534019,-0.681205868721,0.677719533443,-0.0658756271005
-0.352049082518,-0.458742976189,1.07580685616,0.270139962435,-0.681397974491,0.677172541618,-0.0644869357347
-0.351025909185,-0.458255887032,1.07562303543,0.270724117756,-0.682527661324,0.675876915455,-0.063677623868
-0.34981778264,-0.457523226738,1.07539665699,0.271682053804,-0.681285619736,0.676741242409,-0.0637189894915
-0.349289596081,-0.457229077816,1.07510757446,0.271702826023,-0.683511018753,0.674537062645,-0.0631670802832
-0.348024368286,-0.456335127354,1.0747781992,0.271765112877,-0.682673156261,0.675396442413,-0.0627766922116
-0.346903681755,-0.456192284822,1.07481789589,0.273195028305,-0.682262957096,0.675207138062,-0.0630650818348
-0.345800757408,-0.455508798361,1.07456827164,0.273709744215,-0.681233167648,0.675984501839,-0.0636332333088
-0.344808071852,-0.454920351505,1.07430934906,0.27321228385,-0.681151628494,0.676218867302,-0.0641529560089
-0.343984305859,-0.454126685858,1.0738928318,0.272022634745,-0.681661367416,0.67623269558,-0.0636452957988
-0.343349575996,-0.453774869442,1.07359802723,0.271790623665,-0.68205010891,0.675840556622,-0.0646307766438
-0.342419683933,-0.453109890223,1.07330369949,0.270921766758,-0.680687427521,0.677497982979,-0.0652883648872
-0.341156452894,-0.452610403299,1.07325279713,0.271740555763,-0.678387224674,0.679279029369,-0.0672885552049
-0.340103447437,-0.452090680599,1.07311344147,0.271141290665,-0.678283989429,0.679544389248,-0.0680652931333
-0.339315444231,-0.451702564955,1.07296419144,0.270124912262,-0.678160429001,0.679993510246,-0.0688467398286
-0.337945371866,-0.451045185328,1.07293510437,0.270603120327,-0.676495075226,0.681288301945,-0.0705317780375
-0.336662471294,-0.4508664608,1.07313919067,0.27059340477,-0.676342666149,0.681382954121,-0.071112640202
-0.33615192771,-0.450492054224,1.07288694382,0.269468605518,-0.676551818848,0.681485772133,-0.0723973959684
-0.334969222546,-0.449857324362,1.07297706604,0.26881930232,-0.67636090517,0.681913018227,-0.0725750476122
-0.334010273218,-0.449603885412,1.07308900356,0.268201828003,-0.676641345024,0.681845724583,-0.0728753879666
-0.332461863756,-0.449136853218,1.07332658768,0.268930196762,-0.6749330163,0.683114528656,-0.0741395875812
-0.332329213619,-0.449020981789,1.07311749458,0.266502380371,-0.677038908005,0.682022571564,-0.0737575218081
-0.331106513739,-0.448851078749,1.07339918613,0.266699463129,-0.676613807678,0.682212531567,-0.0751766934991
-0.329689115286,-0.44872456789,1.07378029823,0.266781926155,-0.67542976141,0.683290362358,-0.0757374614477
-0.328577488661,-0.448580771685,1.07405972481,0.266681402922,-0.675180077553,0.683475792408,-0.076641432941
-0.327051490545,-0.447946429253,1.07429647446,0.266397356987,-0.674183011055,0.684426307678,-0.0779134109616
-0.326530605555,-0.447920292616,1.07436060905,0.264905363321,-0.673768639565,0.685254454613,-0.079293563962
-0.325297057629,-0.447881519794,1.07467961311,0.264566302299,-0.67421746254,0.684776425362,-0.0807276293635
-0.324176847935,-0.447686105967,1.07494068146,0.263835132122,-0.673149466515,0.685868442059,-0.0827357470989
-0.32253152132,-0.447812467813,1.07561147213,0.264024227858,-0.671483397484,0.687178432941,-0.0847768560052
-0.321477532387,-0.447453975677,1.07579302788,0.262392640114,-0.670448184013,0.688600242138,-0.0864822939038
-0.319983243942,-0.447744935751,1.07646012306,0.262614250183,-0.669759631157,0.688876092434,-0.0889137387276
-0.31859305501,-0.447588503361,1.07690405846,0.26177495718,-0.667571008205,0.690963089466,-0.0916128531098
-0.317146718502,-0.447219789028,1.07732653618,0.260238468647,-0.666822731495,0.691936612129,-0.0940594747663
-0.315896272659,-0.446806967258,1.07765269279,0.258103340864,-0.665101826191,0.694077253342,-0.0963282436132
-0.314493060112,-0.44648912549,1.07808232307,0.256705224514,-0.663100898266,0.696124732494,-0.0990448445082
-0.312927812338,-0.446262151003,1.07866668701,0.25513485074,-0.661590397358,0.697745084763,-0.101765803993
-0.311038911343,-0.446142554283,1.07947766781,0.254640668631,-0.659134984016,0.699884474277,-0.104215763509
-0.309999167919,-0.445661664009,1.07969260216,0.251350313425,-0.657704174519,0.702075302601,-0.10648278147
-0.308593302965,-0.445514082909,1.08026981354,0.24862024188,-0.654221594334,0.70587927103,-0.109163023531
-0.30676060915,-0.445424973965,1.08115541935,0.247521400452,-0.652698993683,0.707351386547,-0.111226864159
-0.305766820908,-0.444966107607,1.08142805099,0.244158014655,-0.652336537838,0.70859092474,-0.112885504961
-0.304170906544,-0.444685518742,1.08209252357,0.242645710707,-0.650506496429,0.710435271263,-0.115092270076
-0.302386164665,-0.444286346436,1.08288109303,0.241295978427,-0.649921536446,0.711161196232,-0.116739742458
-0.301104784012,-0.444005668163,1.08333754539,0.238314047456,-0.649274349213,0.712429702282,-0.118714407086
-0.299595475197,-0.443867176771,1.0842846632,0.237343519926,-0.649372279644,0.71245354414,-0.119973547757
-0.297961294651,-0.443674445152,1.08513700962,0.236694931984,-0.648618817329,0.71301394701,-0.121984489262
-0.296282112598,-0.44361358881,1.08607828617,0.23617388308,-0.648417651653,0.71298122406,-0.124235145748
-0.294847369194,-0.443526238203,1.08686470985,0.235280483961,-0.647557020187,0.713707923889,-0.126230418682
-0.293569922447,-0.443278968334,1.08752954006,0.233412370086,-0.647905528545,0.713630080223,-0.128332987428
-0.291659981012,-0.443163841963,1.08860313892,0.233829289675,-0.646388709545,0.714440226555,-0.130694448948
-0.290128171444,-0.442993342876,1.08947467804,0.233774453402,-0.645773291588,0.714560091496,-0.133156076074
-0.28907096386,-0.442925512791,1.09006142616,0.23263271153,-0.646008312702,0.714202284813,-0.135905891657
-0.287175863981,-0.442884594202,1.09105992317,0.2336923033,-0.64320731163,0.71579605341,-0.138954773545
-0.28567135334,-0.442701637745,1.09187948704,0.233628958464,-0.642194867134,0.716204583645,-0.14161260426
-0.284612625837,-0.442692995071,1.09249258041,0.233809918165,-0.640915036201,0.716674864292,-0.14470012486
-0.283123254776,-0.442413002253,1.09323525429,0.234599858522,-0.638287305832,0.718127906322,-0.147798791528
-0.281566619873,-0.442368447781,1.09423446655,0.235765308142,-0.636072874069,0.719190061092,-0.150304928422
-0.280294120312,-0.442338734865,1.09480524063,0.237616285682,-0.63407844305,0.719678223133,-0.153448805213
-0.279689133167,-0.44240757823,1.09508526325,0.238676726818,-0.631931960583,0.720595359802,-0.156325861812
-0.278354227543,-0.442191034555,1.09569966793,0.241018742323,-0.627073943615,0.72393143177,-0.156881257892
-0.277571737766,-0.442243337631,1.09616792202,0.24258287251,-0.626684129238,0.723323106766,-0.158822000027
-0.277060300112,-0.442580640316,1.09621787071,0.24280589819,-0.628043174744,0.72117972374,-0.162809416652
-0.275758862495,-0.442456901073,1.09698760509,0.247397065163,-0.623413145542,0.723673820496,-0.162625536323
-0.275864243507,-0.44257029891,1.09673023224,0.247030630708,-0.625794947147,0.72105127573,-0.165655344725
-0.275559365749,-0.442730247974,1.09678542614,0.249293550849,-0.625398695469,0.72035741806,-0.166776821017
-0.275114417076,-0.442523747683,1.09677648544,0.252134442329,-0.622409045696,0.722198724747,-0.165723130107
-0.274992287159,-0.44257324934,1.0966078043,0.254312992096,-0.622176527977,0.721491336823,-0.166348055005
-0.274990439415,-0.442606955767,1.09636938572,0.256874710321,-0.622083365917,0.720573544502,-0.16673848033
-0.27507942915,-0.442578196526,1.09605681896,0.259460985661,-0.622348666191,0.719422698021,-0.16671307385
-0.275269567966,-0.442393243313,1.09556829929,0.262120336294,-0.622618675232,0.718261241913,-0.166553020477
-0.275565505028,-0.442454129457,1.09510374069,0.265010625124,-0.622252523899,0.717586636543,-0.166255146265
-0.27584400773,-0.442765295506,1.09479379654,0.26929679513,-0.622377812862,0.715988516808,-0.165787696838
-0.276434421539,-0.442786484957,1.09410154819,0.272675782442,-0.623007774353,0.714335381985,-0.165028661489
-0.277283072472,-0.442748755217,1.09318244457,0.275394320488,-0.623279511929,0.713276028633,-0.164066821337
-0.277989983559,-0.442719191313,1.09241831303,0.278858810663,-0.623647332191,0.711916148663,-0.16271802783
-0.278737485409,-0.442874789238,1.09158563614,0.283158659935,-0.624474346638,0.709771931171,-0.161483362317
-0.279511749744,-0.442957520485,1.09077775478,0.287854850292,-0.62457048893,0.708165049553,-0.159855186939
-0.280427634716,-0.443039089441,1.0899515152,0.291969269514,-0.628077685833,0.703530609608,-0.159113481641
-0.280902981758,-0.443316906691,1.08944416046,0.298558950424,-0.627661466599,0.701667129993,-0.156737923622
-0.281877040863,-0.443003922701,1.08839952946,0.303256779909,-0.625020325184,0.702813923359,-0.153092682362
-0.28337597847,-0.44373691082,1.08744752407,0.309244900942,-0.629428684711,0.696540296078,-0.151719450951
-0.283971518278,-0.443788260221,1.08679747581,0.316473633051,-0.629374086857,0.693958878517,-0.148841977119
-0.2847443223,-0.444034874439,1.08624267578,0.323649376631,-0.62961012125,0.691088557243,-0.145735263824
-0.286056399345,-0.443953752518,1.08516180515,0.329563647509,-0.631313979626,0.68749833107,-0.142044737935
-0.287539541721,-0.444513738155,1.08430421352,0.33601975441,-0.632586836815,0.683785915375,-0.139145642519
-0.288223236799,-0.444956630468,1.08392596245,0.344653218985,-0.631953477859,0.680734395981,-0.135830238461
-0.289475560188,-0.445192158222,1.08309221268,0.352259129286,-0.632697880268,0.676789164543,-0.132527768612
-0.291103065014,-0.445308357477,1.08203971386,0.359398841858,-0.633663475513,0.672773122787,-0.129148885608
-0.29227989912,-0.445339471102,1.08118605614,0.36777022481,-0.632347464561,0.670412778854,-0.12421233207
-0.293527394533,-0.445436835289,1.08031713963,0.375490427017,-0.632340908051,0.666805505753,-0.120508648455
-0.295252263546,-0.44591408968,1.07937669754,0.381871253252,-0.632019877434,0.664044797421,-0.117345668375
-0.296643853188,-0.445992738008,1.07849037647,0.391735970974,-0.632509231567,0.658571183681,-0.11295607686
-0.298391282558,-0.44666326046,1.07771790028,0.398649901152,-0.631514251232,0.655907392502,-0.109788075089
-0.300289422274,-0.447159409523,1.07677268982,0.407214164734,-0.631993114948,0.650867640972,-0.105511821806
-0.30205103755,-0.447439014912,1.07579886913,0.415569156408,-0.631962656975,0.646244466305,-0.101458720863
-0.303892165422,-0.447374463081,1.07470929623,0.423825204372,-0.631836175919,0.641731142998,-0.0966259166598
-0.305841118097,-0.44771233201,1.07375133038,0.433243364096,-0.631973206997,0.636012852192,-0.0916391536593
-0.308055460453,-0.448080092669,1.07270336151,0.4414024055,-0.632717132568,0.630353271961,-0.0865314602852
-0.310190111399,-0.448371499777,1.07171225548,0.450033009052,-0.630939543247,0.626657605171,-0.0817661359906
-0.312700897455,-0.449057132006,1.07071709633,0.458353966475,-0.631546795368,0.620671093464,-0.0763391628861
-0.314934760332,-0.449135780334,1.06949627399,0.466612279415,-0.631423413754,0.615219533443,-0.0712905526161
-0.317645967007,-0.449674725533,1.06830966473,0.474948763847,-0.636669635773,0.603959977627,-0.0656363666058
-0.319996774197,-0.44951698184,1.06692266464,0.482044667006,-0.631103038788,0.604610383511,-0.061546690762
-0.322565048933,-0.449912399054,1.06573367119,0.489562243223,-0.631385564804,0.598769724369,-0.0561758093536
-0.325383603573,-0.450221806765,1.06437790394,0.496048867702,-0.631511628628,0.593725562096,-0.0511744134128
-0.328163653612,-0.450657784939,1.06315028667,0.502383351326,-0.631404578686,0.588891506195,-0.0463271737099
-0.331148445606,-0.451253443956,1.06198787689,0.508424639702,-0.632385373116,0.583005130291,-0.0412073992193
-0.33416390419,-0.451782077551,1.06084287167,0.517704069614,-0.650045514107,0.555301904678,-0.0326074399054
-0.337741136551,-0.453175961971,1.06004333496,0.520783782005,-0.649080574512,0.553772389889,-0.0285500437021
-0.340670347214,-0.453442782164,1.05896806717,0.52173781395,-0.632214426994,0.572054922581,-0.0291164442897
-0.343712508678,-0.45389431715,1.05796098709,0.524318099022,-0.627052307129,0.575504124165,-0.0262943152338
-0.348028481007,-0.45543178916,1.057117939,0.515304088593,-0.584693491459,0.625099658966,-0.0429635904729
-0.351090192795,-0.456530481577,1.05660486221,0.513703107834,-0.585255384445,0.626211106777,-0.03801080212
-0.35436847806,-0.457285910845,1.05594229698,0.513591587543,-0.578215241432,0.632867693901,-0.037007343024
-0.358058959246,-0.458135247231,1.05528354645,0.51110470295,-0.568306565285,0.643675148487,-0.0384969934821
-0.361217409372,-0.458414882421,1.05453681946,0.509196043015,-0.55788230896,0.654095053673,-0.0405785553157
-0.364536315203,-0.458995580673,1.05397665501,0.507778584957,-0.547277927399,0.663991391659,-0.0419945977628
-0.367876082659,-0.459729790688,1.05347287655,0.508521318436,-0.548255383968,0.662781715393,-0.0392763242126
-0.371185302734,-0.460278213024,1.05301463604,0.507712423801,-0.542350888252,0.668249666691,-0.039065670222
-0.374439418316,-0.460889369249,1.05268073082,0.507084906101,-0.538853406906,0.671580910683,-0.0384828858078
-0.377929717302,-0.461463451385,1.05229258537,0.505554616451,-0.535529255867,0.675406217575,-0.0380715765059
-0.380827754736,-0.461810469627,1.05194091797,0.504440486431,-0.530803978443,0.679963290691,-0.0379058010876
-0.384280920029,-0.462620735168,1.05187189579,0.502293765545,-0.525808334351,0.685369312763,-0.0386722460389
-0.386577367783,-0.462895840406,1.05169773102,0.501851379871,-0.521212518215,0.689199984074,-0.0385504104197
-0.389157801867,-0.462606400251,1.05121529102,0.481617599726,-0.40288567543,0.772015154362,-0.0985912159085
-0.392005413771,-0.463710010052,1.05134022236,0.488641858101,-0.494768291712,0.717041194439,-0.0478068217635
-0.394959121943,-0.464667201042,1.05147624016,0.488248646259,-0.495119780302,0.717101693153,-0.047275710851
-0.396969377995,-0.465687096119,1.05181741714,0.488872915506,-0.495379000902,0.716553986073,-0.0464034490287
-0.39898365736,-0.466329604387,1.05195248127,0.488417565823,-0.49507895112,0.717151999474,-0.0451436601579
-0.400665342808,-0.467177927494,1.0522403717,0.48858577013,-0.495569199324,0.716788053513,-0.0437038913369
-0.401767671108,-0.467865377665,1.05239772797,0.489107131958,-0.495634049177,0.716488182545,-0.0420225076377
-0.403043597937,-0.468457043171,1.05261683464,0.48813149333,-0.493524730206,0.718618810177,-0.0418099835515
-0.404880821705,-0.46973285079,1.0532361269,0.482131868601,-0.484224796295,0.728679478168,-0.0458428710699
-0.405413895845,-0.470377027988,1.05361974239,0.482265800238,-0.484986960888,0.728203773499,-0.0438934937119
-0.406206607819,-0.471392095089,1.05408704281,0.481586277485,-0.484118282795,0.7292547822,-0.0434931777418
-0.406958669424,-0.472744196653,1.05477416515,0.480762481689,-0.482926011086,0.730563402176,-0.0438982024789
-0.407668322325,-0.473313808441,1.05536341667,0.479371756315,-0.481170535088,0.73267698288,-0.0431554988027
-0.407504200935,-0.472650587559,1.05493140221,0.459375739098,-0.345071077347,0.811462521553,-0.106903523207
-0.408767640591,-0.474355429411,1.05583977699,0.468114048243,-0.46152895689,0.751958727837,-0.0491784140468
-0.408932924271,-0.474757611752,1.05633711815,0.467637121677,-0.461375892162,0.752374470234,-0.0487913750112
-0.40949845314,-0.475560963154,1.05677175522,0.465983718634,-0.462082743645,0.752969682217,-0.0487385950983
-0.410052657127,-0.476316660643,1.05724358559,0.464500844479,-0.462075650692,0.7538818717,-0.048860181123
-0.410536319017,-0.476914465427,1.05763709545,0.4633885324,-0.463770359755,0.753655433655,-0.0468152090907
-0.4107824862,-0.477004528046,1.05775761604,0.460194766521,-0.459009081125,0.758382678032,-0.0488607436419
-0.411846876144,-0.4778470397,1.05816984177,0.459045231342,-0.4639967978,0.756279468536,-0.0450096055865
-0.412320971489,-0.478071719408,1.05832743645,0.456244468689,-0.463788807392,0.758148550987,-0.0441789664328
-0.412459075451,-0.478198498487,1.05846524239,0.453999102116,-0.462927490473,0.760051846504,-0.0436375327408
-0.413015365601,-0.478388130665,1.0586514473,0.451921910048,-0.46343767643,0.761064469814,-0.0421085320413
-0.413488328457,-0.478496968746,1.05870401859,0.448443651199,-0.461556494236,0.764262974262,-0.0420247912407
-0.414199382067,-0.478443622589,1.05868649483,0.444837212563,-0.460491091013,0.767042219639,-0.0414016917348
-0.414107292891,-0.476993083954,1.05797886848,0.426444321871,-0.324536263943,0.838971972466,-0.0945911109447
-0.414809346199,-0.477747261524,1.05837166309,0.433615654707,-0.446744710207,0.781473219395,-0.0411859788001
-0.415794283152,-0.478099405766,1.05846643448,0.429855674505,-0.446714997292,0.783486843109,-0.0426407270133
-0.41663557291,-0.478158771992,1.05840504169,0.426426619291,-0.447820454836,0.784743368626,-0.0423667170107
-0.41680085659,-0.477854669094,1.05814445019,0.423530817032,-0.447529226542,0.786479175091,-0.0423068143427
-0.417353779078,-0.477483659983,1.05785179138,0.419795364141,-0.447213858366,0.788688600063,-0.0417383722961
-0.417774617672,-0.477231353521,1.05765509605,0.416923254728,-0.446971863508,0.790365993977,-0.0413875952363
-0.418260842562,-0.476969361305,1.05743014812,0.414031147957,-0.447753489017,0.791489899158,-0.0404814481735
-0.418767869473,-0.47670352459,1.05718970299,0.410393476486,-0.446415603161,0.794119358063,-0.0408027619123
-0.419165760279,-0.476218223572,1.05687761307,0.407751977444,-0.447383284569,0.794993281364,-0.039650823921
-0.419469952583,-0.475774437189,1.05656099319,0.404302090406,-0.445558995008,0.797757983208,-0.0399922318757
-0.419388711452,-0.475202530622,1.05619764328,0.4056673944,-0.451504409313,0.79387396574,-0.0366299599409
-0.419600576162,-0.474839687347,1.05595541,0.402852475643,-0.450271636248,0.795996248722,-0.0368155427277
-0.419393390417,-0.473084509373,1.05493283272,0.388249665499,-0.316849172115,0.861654222012,-0.0801305323839
-0.42013630271,-0.473632276058,1.05509257317,0.389860659838,-0.43358066678,0.811507821083,-0.0383610613644
-0.420065760612,-0.473273992538,1.05490136147,0.391489297152,-0.440424114466,0.80704832077,-0.0378920212388
-0.420475840569,-0.4731746912,1.05477690697,0.385705262423,-0.436249047518,0.81190776825,-0.0415225289762
-0.420423716307,-0.472712606192,1.05396509171,0.387000501156,-0.443064332008,0.807641088963,-0.040504205972
-0.42022177577,-0.472178578377,1.0539162159,0.386141121387,-0.443871051073,0.807604730129,-0.040600463748
-0.4195972085,-0.471576780081,1.05371069908,0.385327607393,-0.440565019846,0.80970364809,-0.0424877852201
-0.419765770435,-0.471425652504,1.05362939835,0.380045711994,-0.43363493681,0.815681219101,-0.0467994399369
-0.419518977404,-0.471126437187,1.05351698399,0.379272699356,-0.436484962702,0.814519882202,-0.0468018241227
-0.41901487112,-0.470732033253,1.05370950699,0.380882799625,-0.439040124416,0.812443614006,-0.045907728374
-0.418619602919,-0.470655709505,1.05345654488,0.380851477385,-0.439387083054,0.812188029289,-0.0473493114114
-0.418177485466,-0.470615833998,1.05387711525,0.381797432899,-0.440039008856,0.811345696449,-0.0481093525887
-0.417659938335,-0.470208734274,1.05376279354,0.382227092981,-0.44026607275,0.810956060886,-0.0491775646806
-0.416436821222,-0.468349993229,1.05282914639,0.367852896452,-0.297630369663,0.876008152962,-0.0933282375336
-0.41612342,-0.469229370356,1.05338513851,0.380636096001,-0.432072103024,0.816053688526,-0.0498633235693
-0.415782392025,-0.468827903271,1.0533246994,0.380592137575,-0.432763934135,0.815513908863,-0.0529344342649
-0.415334641933,-0.468614965677,1.05367016792,0.381219536066,-0.432737022638,0.815074026585,-0.0553626790643
-0.414853692055,-0.469074428082,1.05384469032,0.382694154978,-0.433958888054,0.813512086868,-0.0585064552724
-0.414234995842,-0.468830227852,1.05418968201,0.384330242872,-0.434247761965,0.812468528748,-0.0601183734834
-0.414028853178,-0.468451023102,1.05422568321,0.385163813829,-0.435016155243,0.811579465866,-0.0612256601453
-0.413462549448,-0.468402564526,1.05446386337,0.387209564447,-0.436337411404,0.809786200523,-0.0626479685307
-0.41299623251,-0.468133568764,1.05460119247,0.388581365347,-0.436534076929,0.808923184872,-0.0639215558767
-0.412095665932,-0.468321025372,1.05498838425,0.391404122114,-0.437265723944,0.80702984333,-0.0656090974808
-0.411579787731,-0.468131631613,1.05514597893,0.392429560423,-0.434587687254,0.807724356651,-0.0686585903168
-0.410996466875,-0.468022942543,1.05538916588,0.395577341318,-0.438838690519,0.803953230381,-0.0678120777011
-0.410695910454,-0.467551827431,1.05539524555,0.400340855122,-0.445980399847,0.797852635384,-0.0652679726481
-0.409688353539,-0.465719312429,1.05485880375,0.384295552969,-0.306244134903,0.863655865192,-0.112383879721
-0.409492135048,-0.466723829508,1.05555665493,0.399447023869,-0.433471381664,0.804966628551,-0.0676270648837
-0.409871548414,-0.467128813267,1.05592381954,0.396140992641,-0.428310960531,0.808827877045,-0.0736172795296
-0.409730404615,-0.467084884644,1.05612146854,0.398188352585,-0.432433903217,0.805553078651,-0.0743716582656
-0.409219354391,-0.466797351837,1.05627369881,0.399650841951,-0.432765841484,0.804504990578,-0.075925566256
-0.40903750062,-0.466663986444,1.05651521683,0.402087420225,-0.437002420425,0.801084160805,-0.0749598741531
-0.408948391676,-0.466516137123,1.05668067932,0.403264433146,-0.437803894281,0.799989819527,-0.0756440386176
-0.409454852343,-0.466895580292,1.05700397491,0.402601450682,-0.433312565088,0.802359819412,-0.0798189267516
-0.409403055906,-0.466766357422,1.05711400509,0.403318792582,-0.432743221521,0.802179515362,-0.0810879394412
-0.408549547195,-0.465888559818,1.05693256855,0.408560246229,-0.438452541828,0.796708583832,-0.0780606642365
-0.409265428782,-0.466587990522,1.05732238293,0.406076312065,-0.434701561928,0.799703478813,-0.0813083797693
-0.409272015095,-0.466658085585,1.05736112595,0.407336890697,-0.436412662268,0.79812002182,-0.0813949406147
-0.409309715033,-0.466663211584,1.05742156506,0.408569842577,-0.437880814075,0.796698749065,-0.0812551081181
-0.408466219902,-0.464674860239,1.05657553673,0.391188055277,-0.300195962191,0.860421538353,-0.128565296531
-0.408640891314,-0.465673357248,1.05709159374,0.404546141624,-0.425540268421,0.805288016796,-0.0822753235698
-0.408990353346,-0.466005116701,1.05674242973,0.403078228235,-0.425181567669,0.805787444115,-0.0863437503576
-0.408644735813,-0.465831637383,1.05670022964,0.407325774431,-0.431204676628,0.800572276115,-0.0850435867906
-0.409488737583,-0.466333627701,1.05676412582,0.403127253056,-0.426255583763,0.804831683636,-0.0896699801087
-0.409469902515,-0.466493785381,1.05733561516,0.404314756393,-0.427336454391,0.803663313389,-0.0896576121449
-0.409296154976,-0.466459035873,1.05725717545,0.404413551092,-0.42599773407,0.804158389568,-0.0911316350102
-0.409802049398,-0.466889381409,1.05723249912,0.404268711805,-0.426836490631,0.803698778152,-0.0919010341167
-0.409646511078,-0.466964542866,1.05702924728,0.409036695957,-0.433941215277,0.797805964947,-0.0888242274523
-0.410017222166,-0.467374145985,1.05699634552,0.406226754189,-0.430117189884,0.801036000252,-0.091216802597
-0.41010928154,-0.467572689056,1.05689942837,0.406661421061,-0.430629551411,0.800533771515,-0.0912705883384
-0.410201758146,-0.467798829079,1.05678677559,0.407111465931,-0.431268572807,0.799965620041,-0.0912287980318
-0.410314440727,-0.468048900366,1.05663204193,0.407466381788,-0.431797116995,0.799497842789,-0.091245636344
-0.409849047661,-0.466330826283,1.0556563139,0.383687406778,-0.282302320004,0.867804706097,-0.141436800361
-0.410249531269,-0.468031972647,1.055991292,0.402359992266,-0.417304486036,0.809375941753,-0.0942024961114
-0.410674095154,-0.468403279781,1.0557872057,0.39973667264,-0.414705783129,0.811529099941,-0.0982362255454
-0.410906106234,-0.468782424927,1.0555665493,0.398165434599,-0.413019537926,0.812812328339,-0.101071164012
-0.411270111799,-0.46921736002,1.05536735058,0.396572351456,-0.410510361195,0.814556956291,-0.103482306004
-0.410885185003,-0.469025701284,1.0549492836,0.396387666464,-0.409362524748,0.815131306648,-0.104212656617
-0.411155313253,-0.469410657883,1.05475461483,0.397383093834,-0.412843078375,0.813182115555,-0.101892486215
-0.411446124315,-0.469655275345,1.05447471142,0.397401273251,-0.413166463375,0.813054978848,-0.101525790989
-0.411693096161,-0.470018327236,1.05425512791,0.397751688957,-0.413861364126,0.812580347061,-0.101121738553
-0.412011086941,-0.470197200775,1.05372464657,0.398240953684,-0.415627062321,0.81157463789,-0.10002412647
-0.412020653486,-0.470274627209,1.05367410183,0.397834807634,-0.411346614361,0.813730478287,-0.101804628968
-0.412427425385,-0.47069889307,1.05349195004,0.397961348295,-0.411977618933,0.813414335251,-0.101282693446
-0.412621796131,-0.470945715904,1.05322527885,0.397883474827,-0.410879403353,0.814002513885,-0.101324208081
-0.41231200099,-0.469070583582,1.05211615562,0.374789148569,-0.261565595865,0.877212524414,-0.147020056844
-0.412724733353,-0.470814526081,1.05253112316,0.395883858204,-0.406375706196,0.817922711372,-0.0955890566111
-0.413235187531,-0.470997452736,1.05225944519,0.392208427191,-0.400337696075,0.821956157684,-0.101441346109
-0.413379073143,-0.471063703299,1.05191755295,0.393708884716,-0.402467250824,0.820185184479,-0.101537078619
-0.413879513741,-0.471625447273,1.05184137821,0.39007550478,-0.397646605968,0.823875010014,-0.104633651674
-0.413903981447,-0.47188398242,1.05166912079,0.395728677511,-0.408087849617,0.816822528839,-0.0983056724072
-0.41412293911,-0.472114682198,1.05148720741,0.396571695805,-0.409664899111,0.815758943558,-0.097174949944
-0.414431422949,-0.472364366055,1.0513021946,0.39745414257,-0.411363720894,0.81463599205,-0.0958042889833
-0.414829581976,-0.472441911697,1.05101418495,0.392879515886,-0.403058707714,0.820438802242,-0.100347943604
-0.415119051933,-0.472621142864,1.05081045628,0.397108316422,-0.411775618792,0.814751088619,-0.0944807603955
-0.415352731943,-0.472908586264,1.05065178871,0.397949159145,-0.412939965725,0.813848376274,-0.0936373993754
-0.415547132492,-0.473081439734,1.05050778389,0.399074912071,-0.414053112268,0.812904179096,-0.0921201407909
-0.41583108902,-0.473350018263,1.05038881302,0.398969143629,-0.411250948906,0.814273238182,-0.093034915626
-0.415260404348,-0.471167564392,1.04933202267,0.378549039364,-0.2645406425,0.876138567924,-0.138202801347
-0.415300488472,-0.472626447678,1.04980993271,0.396827667952,-0.403719037771,0.819363892078,-0.0904529392719
-0.415723115206,-0.472950339317,1.04974353313,0.394750595093,-0.401504158974,0.821034431458,-0.0941751077771
-0.416032701731,-0.47303134203,1.04958772659,0.394207775593,-0.402805685997,0.82072776556,-0.0935627445579
-0.416636705399,-0.473501294851,1.04953193665,0.394072890282,-0.403764277697,0.820266067982,-0.0940456837416
-0.416793048382,-0.473639309406,1.04941344261,0.394776761532,-0.404999285936,0.819392681122,-0.0933949127793
-0.416940033436,-0.473862022161,1.04937684536,0.395856589079,-0.40674456954,0.818134129047,-0.0922665446997
-0.417063325644,-0.473940730095,1.04930448532,0.39677709341,-0.408110558987,0.817120671272,-0.0912562906742
-0.416862726212,-0.473757505417,1.04917871952,0.398196667433,-0.409452825785,0.815939545631,-0.0896135866642
-0.417315334082,-0.474088251591,1.04922640324,0.399075210094,-0.411566108465,0.814540684223,-0.0887462571263
-0.417574495077,-0.474264889956,1.04920768738,0.398651629686,-0.4078130126,0.816355764866,-0.0912621095777
-0.417697876692,-0.474339157343,1.04916119576,0.400083512068,-0.409935772419,0.814733088017,-0.0899764001369
-0.417798995972,-0.474377423525,1.04911983013,0.40235337615,-0.413318693638,0.812141656876,-0.0877792090178
-0.41726616025,-0.472142547369,1.04813969135,0.382787853479,-0.264729321003,0.874755978584,-0.134884774685
-0.417441338301,-0.473649859428,1.0487664938,0.402579605579,-0.411433905363,0.813663959503,-0.0812580361962
-0.417762637138,-0.473812818527,1.04880297184,0.401090085506,-0.410153478384,0.814726173878,-0.0843923464417
-0.418135911226,-0.473853766918,1.04877996445,0.400356143713,-0.409910976887,0.815054953098,-0.0858694985509
-0.41874730587,-0.474206537008,1.04887390137,0.400290757418,-0.411118745804,0.814428150654,-0.0863447263837
-0.418910801411,-0.474192470312,1.04887843132,0.400792807341,-0.411710828543,0.813873648643,-0.0864237248898
-0.419171333313,-0.474124372005,1.04881036282,0.402287185192,-0.41461250186,0.811834037304,-0.084777392447
-0.419332623482,-0.474122583866,1.04880595207,0.403065353632,-0.415480226278,0.811039626598,-0.0844353735447
-0.419210672379,-0.473773092031,1.04872512817,0.404245525599,-0.416748076677,0.80992937088,-0.0831924900413
-0.419121742249,-0.473474025726,1.04866468906,0.403903096914,-0.412974923849,0.81175249815,-0.0858602374792
-0.419269561768,-0.473412305117,1.04868173599,0.404006749392,-0.412864387035,0.811756014824,-0.085871130228
-0.419137656689,-0.473075807095,1.048620224,0.404324680567,-0.412437349558,0.811838567257,-0.0856453329325
-0.419260948896,-0.47294870019,1.04870522022,0.404618024826,-0.412187069654,0.811837553978,-0.0854743048549
-0.419017076492,-0.470871001482,1.04795324802,0.385722637177,-0.26645681262,0.87354850769,-0.13088876009
-0.419369012117,-0.472375184298,1.04868972301,0.403940618038,-0.408630698919,0.814548194408,-0.0797767937183
-0.419720619917,-0.472485512495,1.04885566235,0.401972293854,-0.406011730433,0.816403269768,-0.0840153619647
-0.419988453388,-0.472509622574,1.04896354675,0.401371508837,-0.405329406261,0.816840589046,-0.0859102755785
-0.420185804367,-0.472356438637,1.04916238785,0.401718318462,-0.405549168587,0.816534638405,-0.08615899086
-0.420721173286,-0.472467392683,1.04940509796,0.400818675756,-0.402661561966,0.818058431149,-0.0893790945411
-0.42087033391,-0.472228527069,1.04964160919,0.401709198952,-0.403295725584,0.817387521267,-0.0886565893888
-0.421025395393,-0.471975803375,1.0498187542,0.40274053812,-0.405560731888,0.816020846367,-0.0862013995647
-0.42121899128,-0.471599817276,1.04997014999,0.403450369835,-0.406184375286,0.815456390381,-0.0852823257446
-0.421527415514,-0.471263855696,1.0501036644,0.404138207436,-0.407715439796,0.814490973949,-0.0839349627495
-0.421837687492,-0.470957964659,1.05028796196,0.404479295015,-0.407516866922,0.814461708069,-0.0835400149226
-0.42183932662,-0.470342516899,1.05038130283,0.405360132456,-0.408283263445,0.813765406609,-0.0823043361306
-0.422085076571,-0.469789743423,1.05058956146,0.406855225563,-0.410481393337,0.812148571014,-0.0799289122224
-0.421929985285,-0.467276751995,1.04995560646,0.387386232615,-0.260398417711,0.875099480152,-0.12777158618
-0.422316372395,-0.468283444643,1.05077469349,0.403784066439,-0.401364445686,0.818484067917,-0.0771284177899
-0.423147588968,-0.468224644661,1.05113506317,0.400939643383,-0.398189812899,0.821002423763,-0.0815303251147
-0.423862487078,-0.467940062284,1.0514588356,0.398012876511,-0.395076781511,0.823680222034,-0.0839709490538
-0.423939824104,-0.467188119888,1.05165886879,0.398751467466,-0.395245850086,0.823240280151,-0.0839841887355
-0.424263030291,-0.466645479202,1.05189919472,0.398797005415,-0.394407123327,0.823587834835,-0.0843027606606
-0.42489027977,-0.466121524572,1.05219781399,0.40001603961,-0.397737145424,0.821666717529,-0.0815859138966
-0.425456792116,-0.465680658817,1.05251729488,0.399662047625,-0.397511571646,0.821967482567,-0.0813890695572
-0.425193935633,-0.464390724897,1.05255317688,0.399486809969,-0.395479053259,0.823078095913,-0.0809275060892
-0.425426930189,-0.463668197393,1.05291318893,0.399515122175,-0.394795238972,0.823449552059,-0.0803449228406
-0.425889343023,-0.462979435921,1.05325067043,0.398654341698,-0.392932295799,0.824710547924,-0.0808173120022
-0.426225662231,-0.462064802647,1.05354166031,0.399169594049,-0.393903881311,0.824152052402,-0.0792259722948
-0.426645070314,-0.461548566818,1.05401849747,0.401087701321,-0.397407472134,0.821772038937,-0.0767237916589
-0.426036059856,-0.457872390747,1.05325233936,0.38094240427,-0.240411102772,0.883975088596,-0.125194042921
-0.426758825779,-0.45924282074,1.0546681881,0.398348867893,-0.387226581573,0.828113853931,-0.0748411417007
-0.42699432373,-0.458137691021,1.05509233475,0.395712345839,-0.383338004351,0.830843269825,-0.0785068795085
-0.427409231663,-0.457245767117,1.0556397438,0.394725114107,-0.381875306368,0.831878304482,-0.0796358212829
-0.427775174379,-0.456274807453,1.05613994598,0.394529670477,-0.38164010644,0.832092344761,-0.0794952511787
-0.427884727716,-0.455004870892,1.05663943291,0.392125397921,-0.377881556749,0.834850132465,-0.0804279074073
-0.428552806377,-0.454065978527,1.05727052689,0.394630610943,-0.381711035967,0.832167327404,-0.0778526216745
-0.429483562708,-0.453354150057,1.05811452866,0.39377489686,-0.38057333231,0.83307415247,-0.0780569687486
-0.429281800985,-0.451544076204,1.05852460861,0.393044114113,-0.377891212702,0.834699213505,-0.0774068310857
-0.429577261209,-0.450504660606,1.05944418907,0.393335580826,-0.37746360898,0.834791064262,-0.0770212486386
-0.430525958538,-0.449588954449,1.06041502953,0.391658782959,-0.375935256481,0.836301088333,-0.0766593366861
-0.430432975292,-0.44784078002,1.06107890606,0.392867684364,-0.376187860966,0.835761964321,-0.0750973150134
-0.431871920824,-0.447406738997,1.06236433983,0.392882883549,-0.374590069056,0.836416423321,-0.0757160410285
-0.431915670633,-0.443949133158,1.06241869926,0.373924076557,-0.215664759278,0.893582582474,-0.123206011951
-0.432025820017,-0.443960338831,1.06416940689,0.389891445637,-0.365983754396,0.842023730278,-0.0709709823132
-0.432930856943,-0.442743301392,1.06541824341,0.388126581907,-0.363718748093,0.843560755253,-0.0739716142416
-0.433231621981,-0.441333949566,1.0666128397,0.386635363102,-0.363906592131,0.844234466553,-0.0731664225459
-0.433935314417,-0.440148532391,1.06780922413,0.38628757,-0.362778186798,0.844806432724,-0.0739996209741
-0.435665279627,-0.439650565386,1.06950950623,0.385040193796,-0.364121079445,0.844901144505,-0.072814591229
-0.436192125082,-0.438433796167,1.0708334446,0.385959923267,-0.365559369326,0.84395813942,-0.0716665759683
-0.436474919319,-0.436668813229,1.07205915451,0.385414212942,-0.36386731267,0.845018744469,-0.0707092732191
-0.436913907528,-0.435352534056,1.07332372665,0.386060357094,-0.364789187908,0.844501912594,-0.068577028811
-0.437694966793,-0.434628486633,1.07484579086,0.386407732964,-0.365584224463,0.844015717506,-0.0683728978038
-0.438182711601,-0.433287709951,1.07617914677,0.385893553495,-0.362345457077,0.845592558384,-0.0690313056111
-0.439696997404,-0.432940661907,1.07775139809,0.387874394655,-0.367740660906,0.842610478401,-0.0657866299152
-0.440034806728,-0.431945681572,1.07913160324,0.389560490847,-0.372543543577,0.840001702309,-0.062057197094
-0.439579755068,-0.427764713764,1.07904577255,0.37101200223,-0.206633150578,0.898467242718,-0.111398167908
-0.440355062485,-0.429038524628,1.08140861988,0.387706309557,-0.364979565144,0.844403386116,-0.0587921589613
-0.440825521946,-0.428001224995,1.08266305923,0.38514277339,-0.360631108284,0.847151696682,-0.0628039389849
-0.442155957222,-0.427629828453,1.08420026302,0.381610661745,-0.357252210379,0.849974513054,-0.0654786676168
-0.442078858614,-0.426162600517,1.08531069756,0.38373374939,-0.358080357313,0.848728656769,-0.0647037699819
-0.443230360746,-0.425608992577,1.08659100533,0.382647544146,-0.354164242744,0.850732326508,-0.0663555786014
-0.444253027439,-0.424785852432,1.08787035942,0.383861035109,-0.35722258687,0.849147498608,-0.0631764307618
-0.444712460041,-0.423982083797,1.08908426762,0.385728299618,-0.359685093164,0.847464740276,-0.0603650733829
-0.444745689631,-0.42223289609,1.08919751644,0.386010169983,-0.361705899239,0.846644997597,-0.0579427741468
-0.445466667414,-0.421188235283,1.09077370167,0.386835575104,-0.362193316221,0.846226036549,-0.055460523814
-0.446544468403,-0.420515060425,1.09191322327,0.388292014599,-0.365285128355,0.844461381435,-0.0517793484032
-0.447121977806,-0.418976724148,1.09261524677,0.386723846197,-0.362473666668,0.84643393755,-0.0510600358248
-0.44812899828,-0.418419778347,1.09365367889,0.386388808489,-0.361497908831,0.847033381462,-0.0505712740123
-0.448830395937,-0.415274202824,1.09347510338,0.36986976862,-0.195389196277,0.902863204479,-0.0992851778865
-0.449909418821,-0.4160836339,1.09532237053,0.383334010839,-0.354094386101,0.851830005646,-0.0453638136387
-0.451288670301,-0.414999604225,1.09606432915,0.380079180002,-0.34984087944,0.854911029339,-0.047732014209
-0.452323406935,-0.413833737373,1.09667241573,0.377696335316,-0.346691519022,0.857213675976,-0.0483249686658
-0.453532874584,-0.412684649229,1.09739911556,0.375501990318,-0.342020064592,0.860017061234,-0.0489003360271
-0.454766720533,-0.41141179204,1.09772825241,0.373633772135,-0.340990722179,0.861335515976,-0.0471631325781
-0.45585334301,-0.409987747669,1.09841430187,0.373325049877,-0.340625196695,0.861779987812,-0.0440228618681
-0.457419723272,-0.408992111683,1.09910261631,0.372056931257,-0.340097755194,0.862650930882,-0.0417228899896
-0.458991885185,-0.408420503139,1.10000789165,0.370430260897,-0.337616235018,0.864339590073,-0.0413984619081
-0.460171312094,-0.406578630209,1.10000157356,0.367668837309,-0.333194643259,0.867255270481,-0.0408584699035
-0.462687641382,-0.406237274408,1.10129094124,0.365923643112,-0.329584091902,0.869394421577,-0.0403423905373
-0.464269965887,-0.405028522015,1.10186672211,0.364500701427,-0.328306019306,0.870578229427,-0.0380514040589
-0.466195613146,-0.40394616127,1.10244727135,0.36178290844,-0.326351314783,0.872529685497,-0.036053519696
-0.466636538506,-0.400306254625,1.10172510147,0.350156158209,-0.152310356498,0.920812129974,-0.0793561041355
-0.469369381666,-0.401584506035,1.10361039639,0.359142005444,-0.322571873665,0.875348031521,-0.0270236488432
-0.47042503953,-0.400390326977,1.1042560339,0.355524659157,-0.312309533358,0.880318522453,-0.0332325175405
-0.472338438034,-0.398821949959,1.10459244251,0.35426735878,-0.311506599188,0.881206274033,-0.0305577106774
-0.474048525095,-0.397660851479,1.10483324528,0.349221646786,-0.302015334368,0.886365056038,-0.0344682224095
-0.475618124008,-0.397320687771,1.10628151894,0.350628137589,-0.305662870407,0.884691238403,-0.0308472458273
-0.477727293968,-0.396186828613,1.10689783096,0.352820754051,-0.314111232758,0.88115131855,-0.0205941256136
-0.479741603136,-0.395735085011,1.10765039921,0.34954726696,-0.308342427015,0.884455084801,-0.021929141134
-0.481289446354,-0.3940076828,1.10781669617,0.348134607077,-0.308094203472,0.885130345821,-0.0206074472517
-0.482913970947,-0.393745452166,1.10903477669,0.348060905933,-0.30552983284,0.886032819748,-0.021234806627
-0.484373301268,-0.392191767693,1.10930192471,0.347274571657,-0.30270549655,0.88733202219,-0.0202910024673
-0.486040860415,-0.391747683287,1.11019229889,0.348261862993,-0.302520543337,0.887043476105,-0.0186785794795
-0.487664103508,-0.390236675739,1.11021304131,0.34975540638,-0.307943433523,0.884707570076,-0.0116011714563
-0.489072561264,-0.387698292732,1.10994410515,0.344651609659,-0.131982862949,0.927908778191,-0.0527367666364
-0.491131901741,-0.388982415199,1.11169362068,0.349761456251,-0.304949879646,0.8858076334,-0.00416135462001
-0.493385136127,-0.38795787096,1.11211264133,0.346120864153,-0.299251616001,0.889158606529,-0.00677181361243
-0.494623094797,-0.387240231037,1.11261916161,0.346226125956,-0.298320889473,0.889407873154,-0.00925680808723
-0.496359676123,-0.386455863714,1.11290884018,0.347384750843,-0.302008092403,0.887741327286,-0.00550645031035
-0.498038947582,-0.385454118252,1.11343109608,0.34662604332,-0.298670470715,0.889165937901,-0.00550711806864
-0.49962580204,-0.384704679251,1.11368823051,0.343935579062,-0.291123092175,0.892681479454,-0.00868691317737
-0.501934468746,-0.384172260761,1.1140666008,0.343074828386,-0.291225016117,0.893010854721,-0.00439331540838
-0.503362476826,-0.383280962706,1.11415290833,0.344630241394,-0.294726163149,0.891272068024,-0.000866904272698
-0.505070507526,-0.382566273212,1.1144875288,0.347586750984,-0.301948487759,0.88768196106,0.0055942768231
-0.506584107876,-0.381731390953,1.11449146271,0.347139120102,-0.302266746759,0.887747168541,0.00585333816707
-0.508378684521,-0.381126224995,1.11460113525,0.344501405954,-0.295331656933,0.89111071825,0.00444199237972
-0.510255932808,-0.380566716194,1.11477684975,0.344078928232,-0.296417713165,0.890892028809,0.00759280705824
-0.510906875134,-0.377214729786,1.11297416687,0.339870750904,-0.113208122551,0.932877361774,-0.0375739447773
-0.51237642765,-0.378893256187,1.11443960667,0.347511172295,-0.303775191307,0.88697129488,0.0154422149062
-0.513900756836,-0.378360301256,1.11460530758,0.34370854497,-0.294851869345,0.8915386796,0.00925787817687
-0.515280485153,-0.377807170153,1.11450028419,0.343071997166,-0.29430770874,0.891963303089,0.00927845109254
-0.516629219055,-0.377284884453,1.11446225643,0.344070792198,-0.29642778635,0.890851855278,0.0113536622375
-0.517648696899,-0.376693964005,1.11439073086,0.344034582376,-0.295631349087,0.891120612621,0.0121014667675
-0.518806934357,-0.376164138317,1.11433649063,0.344818741083,-0.299378365278,0.889511108398,0.0155771654099
-0.520018517971,-0.375745713711,1.11424148083,0.341296166182,-0.292285442352,0.893275439739,0.0120515972376
-0.520852684975,-0.375196695328,1.11417973042,0.341508060694,-0.292726963758,0.893036305904,0.0130151929334
-0.521592915058,-0.374736189842,1.11402738094,0.341008394957,-0.291591525078,0.893604040146,0.0126356845722
-0.522013306618,-0.374298781157,1.1138869524,0.34385856986,-0.29587700963,0.89105451107,0.0154893407598
-0.522799432278,-0.373839944601,1.11379790306,0.3412360847,-0.291606962681,0.893495619297,0.0137437740341
-0.52302134037,-0.373316019773,1.11356759071,0.3438616395,-0.297196537256,0.890581786633,0.0172451585531
-0.522486329079,-0.370284974575,1.11155927181,0.341952681541,-0.108176536858,0.933028101921,-0.0287204738706
-0.523272395134,-0.372575879097,1.11325740814,0.346698373556,-0.30359300971,0.887120723724,0.0254637952894
-0.523600757122,-0.372368127108,1.11324238777,0.344518244267,-0.298345595598,0.889893770218,0.0196494795382
-0.523779630661,-0.372148692608,1.11312842369,0.343700915575,-0.296907305717,0.890737891197,0.0173769351095
-0.52419000864,-0.371605157852,1.11284720898,0.34222766757,-0.296237498522,0.891541242599,0.0166675653309
-0.523847222328,-0.371473044157,1.11281228065,0.342646688223,-0.2964207232,0.891338407993,0.0156133165583
-0.523610770702,-0.371233314276,1.11271488667,0.343374222517,-0.297638624907,0.89065694809,0.0153521038592
-0.523300349712,-0.371003597975,1.1125433445,0.341679036617,-0.293629556894,0.892692506313,0.0117101334035
-0.523062229156,-0.370955020189,1.11238586903,0.342558026314,-0.298308759928,0.890779912472,0.0133091546595
-0.522759974003,-0.370852053165,1.11220383644,0.343229830265,-0.302098989487,0.889225542545,0.014397255145
-0.522389411926,-0.370731055737,1.11205136776,0.345178157091,-0.310054659843,0.885655939579,0.0182140469551
-0.522151947021,-0.370365083218,1.11171615124,0.342723101377,-0.306412994862,0.887940883636,0.0145963327959
-0.521409928799,-0.370401978493,1.11167299747,0.345473617315,-0.313278228045,0.884409725666,0.0180054716766
-0.519869208336,-0.367432236671,1.10949742794,0.339868187904,-0.122634232044,0.931943714619,-0.0305216386914
-0.519573152065,-0.369778156281,1.11095786095,0.344138175249,-0.312489300966,0.885177910328,0.0194814447314
-0.51925265789,-0.369814187288,1.11073732376,0.341357499361,-0.309297502041,0.88748729229,0.0132853984833
-0.518598258495,-0.369693994522,1.11046981812,0.340592980385,-0.310844123363,0.887255430222,0.0122517785057
-0.51816368103,-0.369675815105,1.11024165154,0.338612675667,-0.310424625874,0.888182163239,0.0105148823932
-0.517201185226,-0.369524359703,1.10980141163,0.340340197086,-0.316692322493,0.885290086269,0.011674634181
-0.516601622105,-0.369497776031,1.10945761204,0.340019851923,-0.317839235067,0.884988665581,0.0126394955441
-0.515991985798,-0.369259387255,1.10877907276,0.33687749505,-0.318162798882,0.886105835438,0.0101244114339
-0.515027284622,-0.369171738625,1.10822105408,0.338424474001,-0.324348449707,0.883260905743,0.0108313821256
-0.514009296894,-0.369196414948,1.10766112804,0.33805796504,-0.326933592558,0.882454276085,0.0102845495567
-0.513105511665,-0.369188278913,1.10694539547,0.335440337658,-0.325172036886,0.88413643837,0.00676133995876
-0.512262225151,-0.369184911251,1.10628962517,0.334962755442,-0.327452629805,0.883479237556,0.00626775948331
-0.511679828167,-0.368945658207,1.10542845726,0.334045261145,-0.332158386707,0.882061183453,0.00726247765124
-0.509436964989,-0.366280972958,1.10288834572,0.329785615206,-0.157380655408,0.930292308331,-0.0320781059563
-0.509236931801,-0.369053393602,1.10386824608,0.334097385406,-0.337123334408,0.880082547665,0.0134741608053
-0.508559882641,-0.369176626205,1.10308909416,0.330872774124,-0.335045933723,0.882160246372,0.00780285894871
-0.507550179958,-0.369211554527,1.10213565826,0.32712328434,-0.330025315285,0.885479271412,0.000277078914223
-0.5070759058,-0.369565367699,1.10132443905,0.325072467327,-0.332553297281,0.885288774967,-0.000217536478885
-0.506168842316,-0.369716405869,1.10043764114,0.324728101492,-0.336376965046,0.883968532085,-0.00136586045846
-0.504953145981,-0.369724214077,1.09942650795,0.323799997568,-0.337650746107,0.883813202381,-0.00445192074403
-0.504035890102,-0.369883805513,1.09847605228,0.322339504957,-0.338618755341,0.883961319923,-0.0068558244966
-0.503109574318,-0.370138585567,1.09767305851,0.321394264698,-0.338631898165,0.88428580761,-0.00854205153883
-0.502237558365,-0.370540678501,1.09686863422,0.320410549641,-0.341295301914,0.883597552776,-0.0104968398809
