x,y,z,q0,q1,q2,q3
-0.07711340487,-0.237500101328,1.09492874146,0.320816516876,0.385997474194,0.86397844553,-0.0403004996479
-0.075269728899,-0.235802069306,1.09560239315,0.318188250065,0.396793603897,0.860067307949,-0.0399426966906
-0.0735428780317,-0.236546546221,1.09466326237,0.323761045933,0.379654735327,0.865474820137,-0.0446606390178
-0.072414830327,-0.240327820182,1.09227275848,0.337367475033,0.339991748333,0.875763952732,-0.0602201260626
-0.0695891827345,-0.23370243609,1.09522044659,0.321478337049,0.394864290953,0.859028279781,-0.0529553517699
-0.0688876509666,-0.232240349054,1.09614527225,0.318967193365,0.408922344446,0.853466331959,-0.0513584688306
-0.0678257197142,-0.23095408082,1.0960047245,0.316026747227,0.41381213069,0.852036714554,-0.0540402755141
-0.0675280541182,-0.230297103524,1.09607172012,0.317393362522,0.418679118156,0.8491345644,-0.0542183294892
-0.0667090266943,-0.228891327977,1.09581971169,0.311111450195,0.429070979357,0.8460329175,-0.0577602647245
-0.0667329877615,-0.228090792894,1.09578800201,0.311582684517,0.438194125891,0.841152131557,-0.0580121614039
-0.0663256347179,-0.227699398994,1.09481549263,0.309784263372,0.439029932022,0.841053664684,-0.0625716373324
-0.0667822062969,-0.227436646819,1.09432148933,0.310624688864,0.446521610022,0.836732923985,-0.0633148998022
-0.0671184659004,-0.227086395025,1.09309434891,0.30867639184,0.453746676445,0.833169996738,-0.0682697668672
-0.067192286253,-0.22572542727,1.09238946438,0.300379663706,0.469393163919,0.827222704887,-0.0717296376824
-0.0682205557823,-0.225691631436,1.09087586403,0.300160616636,0.475869566202,0.823219120502,-0.075908139348
-0.0691274553537,-0.224915593863,1.0897974968,0.299556285143,0.488833039999,0.815652906895,-0.0775791406631
-0.0697551071644,-0.228359550238,1.08749639988,0.309127122164,0.470110416412,0.821731746197,-0.0905189439654
-0.0710770785809,-0.221841543913,1.08754491806,0.28844204545,0.533314526081,0.790749490261,-0.0842149630189
-0.0727480500937,-0.21896854043,1.08632111549,0.278938770294,0.565122365952,0.771868109703,-0.0839618295431
-0.0741530656815,-0.218289256096,1.08426165581,0.271800965071,0.583033502102,0.760432243347,-0.0891025364399
-0.0760463923216,-0.215883910656,1.08204710484,0.265454858541,0.609432756901,0.741646289825,-0.0899242758751
-0.0777587741613,-0.21517381072,1.07922506332,0.258952587843,0.626866996288,0.728543460369,-0.0959489643574
-0.0800715833902,-0.212602257729,1.07638049126,0.25094807148,0.654445767403,0.70664191246,-0.0968670547009
-0.0821151733398,-0.209606438875,1.072945714,0.236078009009,0.683129787445,0.683726191521,-0.10059466213
-0.0844433605671,-0.209416761994,1.06934869289,-0.229989528656,-0.697056531906,-0.670503854752,0.107898823917
-0.0871884375811,-0.209145218134,1.06496679783,-0.231657803059,-0.709320425987,-0.656092524529,0.112880185246
-0.0902910083532,-0.207399994135,1.06076335907,-0.220078244805,-0.733006119728,-0.632822036743,0.117490634322
-0.0930888801813,-0.205428421497,1.0560297966,-0.209829613566,-0.751904666424,-0.612606227398,0.123793058097
-0.0967342853546,-0.204363197088,1.05091059208,-0.204976022243,-0.770398139954,-0.590001165867,0.127947092056
-0.0954831540585,-0.211755156517,1.04589152336,-0.244788125157,-0.727419435978,-0.623280823231,0.149870127439
-0.101278916001,-0.212497651577,1.04070723057,-0.237304240465,-0.734870314598,-0.618695020676,0.144462153316
-0.106691494584,-0.206741213799,1.0346571207,-0.197941720486,-0.784812748432,-0.568966686726,0.145482763648
-0.109946623445,-0.208448961377,1.02952516079,-0.204143792391,-0.784462153912,-0.565021932125,0.153930231929
-0.113862589002,-0.210424795747,1.02396917343,-0.209064900875,-0.786866664886,-0.557392418385,0.162624567747
-0.117581397295,-0.212481766939,1.01804316044,-0.215052440763,-0.786588072777,-0.554466307163,0.166128456593
-0.12121245265,-0.214679926634,1.01214647293,-0.220008537173,-0.787044346333,-0.550465762615,0.170720204711
-0.125400841236,-0.217402756214,1.00626635551,-0.224927648902,-0.785369873047,-0.549209654331,0.175986140966
-0.129841461778,-0.220272794366,0.999878644943,-0.232266843319,-0.782874047756,-0.547767162323,0.181966692209
-0.134371086955,-0.223454713821,0.993826389313,-0.23904183507,-0.780975461006,-0.547044157982,0.183519735932
-0.138898923993,-0.22674870491,0.987504720688,-0.248343333602,-0.776221632957,-0.547441184521,0.190036222339
-0.143684789538,-0.23011547327,0.981464028358,-0.252965658903,-0.772967278957,-0.548702001572,0.193536132574
-0.148752570152,-0.233747884631,0.974850177765,-0.268103152514,-0.767616927624,-0.54834151268,0.195466801524
-0.148132517934,-0.245710253716,0.966435790062,-0.334134578705,-0.703711748123,-0.589524924755,0.213551282883
-0.157385781407,-0.249144598842,0.961899578571,-0.325164556503,-0.706092774868,-0.597051262856,0.198068961501
-0.162705048919,-0.251258552074,0.955019831657,-0.322901457548,-0.707915842533,-0.592257797718,0.209333881736
-0.168631508946,-0.254323542118,0.949828922749,-0.331148594618,-0.713060736656,-0.582641243935,0.205947741866
-0.174235269427,-0.257614344358,0.943724274635,-0.339619547129,-0.712672472,-0.576733410358,0.210084974766
-0.179668903351,-0.261163413525,0.937907755375,-0.338911980391,-0.70986187458,-0.578733682632,0.215179815888
-0.185326531529,-0.265121459961,0.932423591614,-0.351295113564,-0.708921849728,-0.572133898735,0.216066896915
-0.191128507257,-0.269394367933,0.926909804344,-0.359708994627,-0.704442739487,-0.571674883366,0.218078494072
-0.196548178792,-0.273566067219,0.92119371891,-0.370052695274,-0.699772834778,-0.569430351257,0.221648812294
-0.20230422914,-0.278375357389,0.915987014771,-0.381445884705,-0.693158447742,-0.570043742657,0.221541300416
-0.208172112703,-0.283160418272,0.910761415958,-0.391631573439,-0.686142206192,-0.57096350193,0.223236709833
-0.213953450322,-0.288138747215,0.905897855759,-0.402899086475,-0.679385900497,-0.571169734001,0.2233209759
-0.21997243166,-0.293414831161,0.901590108871,-0.416445851326,-0.669226288795,-0.575175225735,0.218821316957
-0.222207903862,-0.305208742619,0.894055306911,-0.46455180645,-0.608153104782,-0.601132512093,0.230176612735
-0.232455700636,-0.309054017067,0.891821205616,-0.464003801346,-0.6110419631,-0.607262670994,0.206301137805
-0.238921076059,-0.312733471394,0.888469338417,-0.46539697051,-0.611861288548,-0.606411278248,0.203215494752
-0.244622275233,-0.316803663969,0.885140180588,-0.471513986588,-0.60977679491,-0.603814005852,0.20311537385
-0.250203132629,-0.320877254009,0.88152307272,-0.478651165962,-0.607815086842,-0.599286913872,0.205691099167
-0.255885541439,-0.325256407261,0.878735303879,0.484484910965,0.601396083832,0.602077484131,-0.202731475234
-0.261329114437,-0.3295827806,0.87578868866,0.491429895163,0.595141232014,0.602701544762,-0.202619284391
-0.266826629639,-0.333792567253,0.872832536697,0.499049335718,0.587894260883,0.603744924068,-0.202045887709
-0.272241145372,-0.338245093822,0.871025800705,0.503297328949,0.582666099072,0.606482684612,-0.19841966033
-0.277573406696,-0.342488914728,0.869067430496,0.510397613049,0.574315428734,0.609799921513,-0.194422230124
-0.282447814941,-0.346564799547,0.867348194122,0.515309274197,0.567545890808,0.612537682056,-0.192733883858
-0.287145763636,-0.350570082664,0.865896344185,0.519516706467,0.560960531235,0.615198671818,-0.192240729928
-0.291907757521,-0.354545623064,0.864561021328,0.524634838104,0.552698075771,0.619403123856,-0.188742339611
-0.294158935547,-0.363480895758,0.859975993633,0.556541085243,0.500994443893,0.631316006184,-0.201759159565
-0.30155557394,-0.365747123957,0.861331939697,0.548612236977,0.504846274853,0.642712056637,-0.176284953952
-0.305731922388,-0.368582189083,0.860726237297,0.550756156445,0.500531792641,0.645228803158,-0.172671288252
-0.309407800436,-0.371401339769,0.860078275204,0.551342964172,0.496335983276,0.648050308228,-0.172343939543
-0.312379479408,-0.373540639877,0.857618331909,0.550704240799,0.484637290239,0.656315505505,-0.176357075572
-0.31579130888,-0.376450687647,0.85693448782,0.555843055248,0.475127547979,0.65970736742,-0.173432052135
-0.319170445204,-0.379239678383,0.856550216675,0.559225201607,0.464763790369,0.665134847164,-0.16987515986
-0.322386354208,-0.381848961115,0.856239140034,0.56520575285,0.454133242369,0.668938815594,-0.163787096739
-0.325466752052,-0.384298473597,0.855758845806,0.569487929344,0.442652314901,0.674215018749,-0.158671915531
-0.329218864441,-0.38704764843,0.857394695282,0.578126072884,0.436176091433,0.674376189709,-0.14400613308
-0.331502467394,-0.388648062944,0.85672712326,0.568174004555,0.42622500658,0.690055549145,-0.139046356082
-0.333870947361,-0.390389382839,0.856364011765,0.572382092476,0.41686090827,0.693098723888,-0.134982347488
-0.336562097073,-0.391320556402,0.855884492397,0.57139647007,0.413039803505,0.697702407837,-0.12694683671
-0.335153162479,-0.396170556545,0.852670788765,0.589080095291,0.38202804327,0.695414423943,-0.153095185757
-0.340191423893,-0.395724385977,0.854619979858,0.583323419094,0.385674446821,0.704192817211,-0.122888565063
-0.342169523239,-0.396726965904,0.854292452335,0.58378469944,0.381351023912,0.707285404205,-0.116251215339
-0.343779414892,-0.397842496634,0.853809118271,0.584526896477,0.377862811089,0.708894848824,-0.11408868432
-0.34516710043,-0.399078160524,0.853309988976,0.589335858822,0.370907306671,0.709147930145,-0.110546916723
-0.346490293741,-0.400131285191,0.852764010429,0.588547468185,0.367256313562,0.712004005909,-0.108559250832
-0.347735524178,-0.401381731033,0.852198779583,0.591825425625,0.35929697752,0.714123725891,-0.103323638439
-0.3485891819,-0.40254637599,0.85142236948,0.595216453075,0.353736549616,0.714475929737,-0.100558668375
-0.349447846413,-0.403601914644,0.850926816463,0.596971213818,0.347529143095,0.716513693333,-0.0972472950816
-0.350299984217,-0.40442559123,0.850494086742,0.596769869328,0.344770103693,0.718583106995,-0.0929388925433
-0.350909590721,-0.405372679234,0.849463582039,0.603215575218,0.338831931353,0.716177821159,-0.0917243286967
-0.351622968912,-0.406206607819,0.848987042904,0.60505259037,0.332368314266,0.718202531338,-0.0873367786407
-0.352016806602,-0.407145917416,0.849031567574,0.600433588028,0.329652756453,0.724113225937,-0.0804269313812
-0.348933398724,-0.409836649895,0.846155822277,0.607316374779,0.319617152214,0.719009995461,-0.10971146822
-0.351737618446,-0.408829927444,0.848347306252,0.602930426598,0.325448483229,0.723951280117,-0.0803301781416
-0.352171212435,-0.409283638,0.848286509514,0.601925432682,0.324117660522,0.726045966148,-0.0741012766957
-0.352471262217,-0.409410357475,0.847368180752,0.603995323181,0.323490172625,0.72475028038,-0.0726710408926
-0.35219797492,-0.410795867443,0.847009181976,0.610843241215,0.310741752386,0.724878907204,-0.0697193071246
-0.35208645463,-0.411538928747,0.847200036049,0.605748713017,0.307260245085,0.731178045273,-0.0635506436229
-0.351918071508,-0.412028253078,0.846550762653,0.611166596413,0.303381711245,0.728211462498,-0.0643673539162
-0.35165554285,-0.412782341242,0.846131324768,0.614776551723,0.295181661844,0.72870606184,-0.0624917820096
-0.351590156555,-0.41246753931,0.845540463924,0.610479712486,0.295987278223,0.732163310051,-0.0603573694825
-0.35137873888,-0.412653774023,0.845088124275,0.613478660583,0.292277485132,0.731163084507,-0.0601529926062
-0.350897103548,-0.413615822792,0.845177650452,0.617332279682,0.280197918415,0.732804119587,-0.0582072325051
-0.350730597973,-0.413848876953,0.845437526703,0.616747975349,0.277350723743,0.734495341778,-0.0567027777433
-0.350596308708,-0.413094520569,0.845316469669,0.611057281494,0.280894488096,0.737925112247,-0.0563395172358
-0.346885919571,-0.414239108562,0.843090057373,0.614199101925,0.279764652252,0.732511341572,-0.0889858454466
-0.348523795605,-0.413299173117,0.845585465431,0.61487197876,0.278597801924,0.73510915041,-0.062692515552
-0.348353117704,-0.412901073694,0.845057368279,0.616308033466,0.276409685612,0.734717547894,-0.062868013978
-0.348244011402,-0.412842154503,0.845635175705,0.61268299818,0.275799453259,0.738159358501,-0.0606213472784
-0.348126411438,-0.411913394928,0.845573961735,0.60754686594,0.282563894987,0.739816606045,-0.0609573014081
-0.347700297832,-0.411526024342,0.845624029636,0.605980038643,0.283562034369,0.740525901318,-0.0632620155811
-0.346999824047,-0.411973714828,0.845747113228,0.610995352268,0.2753508389,0.739414393902,-0.0642890706658
-0.346271455288,-0.411910772324,0.846136629581,0.603499948978,0.277724891901,0.744559168816,-0.0654867216945
-0.345643311739,-0.41154435277,0.845626711845,0.607597231865,0.278723239899,0.740296542645,-0.0714155063033
-0.34532225132,-0.411186277866,0.845751166344,0.607040822506,0.279443800449,0.740392267704,-0.0723309367895
-0.345157802105,-0.410151034594,0.84568554163,0.601856827736,0.286469936371,0.741723835468,-0.0744934231043
-0.344746500254,-0.409736156464,0.845795750618,0.600689351559,0.288785845041,0.74161875248,-0.0760054290295
-0.344328552485,-0.409431308508,0.845931828022,0.600061416626,0.290158122778,0.741449832916,-0.077373072505
-0.34045290947,-0.410205572844,0.843655884266,0.601793408394,0.290988951921,0.735356330872,-0.111451104283
-0.342177391052,-0.409455269575,0.84638696909,0.602387666702,0.292207956314,0.737769603729,-0.0862536281347
-0.342175006866,-0.409182041883,0.846544384956,0.601757109165,0.292389631271,0.738380610943,-0.0847989097238
-0.341843307018,-0.40907099843,0.846536159515,0.600006699562,0.292208313942,0.739651799202,-0.0867268294096
-0.341551035643,-0.408890664577,0.84656637907,0.599565148354,0.292741954327,0.739673733711,-0.0877872854471
-0.341588258743,-0.407962232828,0.846556723118,0.594525098801,0.29984870553,0.740939319134,-0.0874058902264
-0.340999901295,-0.408383578062,0.846610546112,0.599330484867,0.29364207387,0.739420115948,-0.0885166600347
-0.340870082378,-0.407378643751,0.845960974693,0.595262944698,0.30103084445,0.739445269108,-0.0909021049738
-0.340436130762,-0.407695025206,0.846078932285,0.598636507988,0.296805202961,0.738347828388,-0.0915618389845
-0.340184152126,-0.407573372126,0.84605038166,0.598337769508,0.297237992287,0.738289177418,-0.0925777480006
-0.340044289827,-0.407340615988,0.84610414505,0.598045110703,0.297953635454,0.738239526749,-0.0925651937723
-0.339827060699,-0.407153308392,0.846056640148,0.59768897295,0.298853516579,0.73807477951,-0.0932758972049
-0.339585959911,-0.40695297718,0.846260666847,0.594830155373,0.300446301699,0.739809751511,-0.0926878675818
-0.336076766253,-0.407514572144,0.843739211559,0.598495006561,0.300724059343,0.731969773769,-0.124856673181
-0.338195562363,-0.406294196844,0.846263229847,0.593011081219,0.310023576021,0.736303031445,-0.10040422529
-0.338282436132,-0.405954003334,0.846277356148,0.592417657375,0.311392128468,0.736440002918,-0.0986531153321
-0.337969720364,-0.405965328217,0.845995724201,0.593273758888,0.310574114323,0.735928714275,-0.0998953729868
-0.338286042213,-0.405097395182,0.84602701664,0.58799636364,0.318178385496,0.737086474895,-0.0986221879721
-0.338120937347,-0.40475961566,0.845871031284,0.58742660284,0.320120096207,0.736615478992,-0.0992514044046
-0.337557584047,-0.40504732728,0.845517754555,0.591651797295,0.314897060394,0.735198378563,-0.101348623633
-0.337318718433,-0.40489718318,0.845175266266,0.592177510262,0.315348148346,0.734312832355,-0.10327616334
-0.337190151215,-0.404730290174,0.845025897026,0.59199821949,0.31626445055,0.733969092369,-0.103943780065
-0.337392657995,-0.403862923384,0.844732701778,0.587490737438,0.322885006666,0.734772324562,-0.103487946093
-0.336944520473,-0.40423604846,0.844626188278,0.591595053673,0.318209946156,0.733326256275,-0.104835815728
-0.336732059717,-0.404099136591,0.844387412071,0.591665327549,0.318710923195,0.732861936092,-0.106155641377
-0.336838543415,-0.403075009584,0.843839228153,0.587058484554,0.325344204903,0.733557522297,-0.106803998351
-0.333322495222,-0.404103904963,0.84106618166,0.595713973045,0.317103922367,0.724799275398,-0.138694554567
-0.335538268089,-0.403054744005,0.843614220619,0.58998465538,0.326037287712,0.729841351509,-0.113795936108
-0.335669994354,-0.402735054493,0.84359395504,0.589285433292,0.326958537102,0.73024225235,-0.112192951143
-0.335586071014,-0.402547031641,0.843429207802,0.58913731575,0.327251285315,0.730177938938,-0.112535886467
-0.335469275713,-0.402364015579,0.843272566795,0.589106678963,0.327444374561,0.730015397072,-0.113185912371
-0.335318565369,-0.402191191912,0.843095481396,0.588982224464,0.327823370695,0.729843258858,-0.113845556974
-0.335113406181,-0.401949197054,0.842704892159,0.589062094688,0.327826201916,0.729576170444,-0.115128152072
-0.335012674332,-0.401787728071,0.84247815609,0.589734375477,0.327436983585,0.729080975056,-0.115929454565
-0.335157424212,-0.400999456644,0.842192053795,0.585621833801,0.331827074289,0.730654478073,-0.114376917481
-0.335032433271,-0.40071451664,0.842097043991,0.585315048695,0.332707166672,0.730496883392,-0.114396877587
-0.334630459547,-0.401041954756,0.842147827148,0.589111685753,0.328131973743,0.729376316071,-0.115270152688
-0.334326535463,-0.400819569826,0.841294169426,0.592179298401,0.326441258192,0.727147459984,-0.118390828371
-0.334179401398,-0.400872468948,0.841122090816,0.594053208828,0.323483109474,0.726993978024,-0.118065528572
-0.331251263618,-0.401399701834,0.838987410069,0.59562343359,0.319682210684,0.722209632397,-0.146455839276
-0.333260536194,-0.400563299656,0.841729521751,0.589532017708,0.329265505075,0.727392494678,-0.122215211391
-0.333340525627,-0.400297194719,0.84191775322,0.588447153568,0.330321758986,0.728139102459,-0.120130039752
-0.333163678646,-0.400087058544,0.841775894165,0.588047325611,0.330565184355,0.728247582912,-0.120757877827
-0.333018779755,-0.399922251701,0.841644287109,0.58864992857,0.33062466979,0.727644324303,-0.121294252574
-0.332889616489,-0.399809539318,0.841627001762,0.5886708498,0.330977588892,0.727413952351,-0.121612787247
-0.332760244608,-0.399713993073,0.8415979743,0.588651776314,0.331458896399,0.727136790752,-0.122051261365
-0.332638472319,-0.399621099234,0.841566860676,0.588542819023,0.331985771656,0.726883232594,-0.122652374208
-0.332549095154,-0.399529337883,0.841559350491,0.588378608227,0.332636892796,0.726628363132,-0.123186446726
-0.332457900047,-0.399451434612,0.841547966003,0.588198840618,0.333227962255,0.726391732693,-0.12383877486
-0.332387298346,-0.399385213852,0.841571211815,0.587888598442,0.334057092667,0.726178407669,-0.124330207705
-0.332329779863,-0.399328172207,0.841591536999,0.587674915791,0.334828168154,0.725936055183,-0.124680474401
-0.332278072834,-0.399292200804,0.841618895531,0.587421357632,0.335646063089,0.725699603558,-0.125052466989
-0.329319655895,-0.399789750576,0.838759124279,0.592592120171,0.331056326628,0.717795491219,-0.154939070344
-0.331600487232,-0.399165809155,0.8416877985,0.586368858814,0.340270221233,0.72353708744,-0.12993055582
-0.331823438406,-0.399069160223,0.841792702675,0.585799157619,0.340908527374,0.72398775816,-0.12830747664
-0.331899553537,-0.399087399244,0.841804087162,0.585993230343,0.340697646141,0.723981201649,-0.128017514944
-0.331953167915,-0.399117380381,0.84176170826,0.586560964584,0.340315252542,0.723604917526,-0.128561094403
-0.332001805305,-0.399143844843,0.841738462448,0.586655259132,0.340093165636,0.72360086441,-0.128740787506
-0.332040548325,-0.399165481329,0.841690063477,0.586836397648,0.339710921049,0.723566532135,-0.129116341472
-0.332105219364,-0.399171411991,0.841691255569,0.586843907833,0.339452505112,0.723647117615,-0.129310071468
-0.332148730755,-0.399187415838,0.841601669788,0.587165057659,0.338734298944,0.723648667336,-0.12972766161
-0.332313776016,-0.399201273918,0.841773211956,0.586975812912,0.338756948709,0.723958075047,-0.128794103861
-0.332401812077,-0.399196982384,0.841795861721,0.587065041065,0.338511943817,0.724048376083,-0.128523752093
-0.332495331764,-0.399181693792,0.841816902161,0.587216377258,0.338227927685,0.724134743214,-0.128092989326
-0.332580953836,-0.399179816246,0.841835796833,0.587410986423,0.33797621727,0.724160611629,-0.12771718204
-0.329861193895,-0.399501770735,0.83886641264,0.5931609869,0.332285434008,0.716558754444,-0.155852869153
-0.332318425179,-0.398969233036,0.841956615448,0.587395608425,0.340348303318,0.722686171532,-0.129823923111
-0.332695424557,-0.398858308792,0.842083096504,0.587353110313,0.339926958084,0.72341632843,-0.127023354173
-0.332878768444,-0.398850023746,0.842059612274,0.587804973125,0.338908940554,0.723708629608,-0.12598387897
-0.333442747593,-0.398170262575,0.841912508011,0.58383256197,0.344665944576,0.724375545979,-0.125000789762
-0.333622068167,-0.398050487041,0.841920077801,0.583995580673,0.344385683537,0.724580824375,-0.123816609383
-0.333340972662,-0.398703843355,0.842047691345,0.588466227055,0.33846822381,0.723596155643,-0.124721698463
-0.333555996418,-0.398713380098,0.842118859291,0.58973968029,0.336669564247,0.723644018173,-0.123289242387
-0.333724528551,-0.398688495159,0.8421266675,0.59015417099,0.335645198822,0.723922014236,-0.122463621199
-0.333889275789,-0.398650556803,0.84213924408,0.590540647507,0.334820568562,0.724145174026,-0.121535725892
-0.334105223417,-0.398517072201,0.842123329639,0.590990722179,0.334064722061,0.724390745163,-0.119954332709
-0.334305882454,-0.398491024971,0.842159986496,0.591704905033,0.332716047764,0.72465223074,-0.118594110012
-0.334468066692,-0.398475885391,0.842172145844,0.592146456242,0.331713527441,0.724874794483,-0.117835342884
-0.331598341465,-0.398985356092,0.839204370975,0.597317159176,0.326340734959,0.717637956142,-0.14734236896
-0.334115862846,-0.398298352957,0.842276751995,0.591666460037,0.334255665541,0.723579704762,-0.120981566608
-0.334545969963,-0.398169368505,0.842449188232,0.591501414776,0.333803296089,0.724418699741,-0.117978625
-0.334760695696,-0.398158013821,0.842461943626,0.591838002205,0.332623749971,0.724850773811,-0.116965457797
-0.334911167622,-0.398167252541,0.842428743839,0.592188298702,0.33160623908,0.725088179111,-0.116607874632
-0.335086911917,-0.398166209459,0.842453479767,0.592417478561,0.330747634172,0.725403189659,-0.115922354162
-0.335379332304,-0.398111790419,0.842584609985,0.5929261446,0.329792916775,0.725663304329,-0.114403545856
-0.335553407669,-0.398099333048,0.842618525028,0.593073010445,0.328842669725,0.725916266441,-0.114771656692
-0.335731089115,-0.3981551826,0.842759847641,0.593066453934,0.328715503216,0.726180791855,-0.113489188254
-0.336235642433,-0.397438436747,0.842781186104,0.586486339569,0.336695402861,0.727925419807,-0.113114267588
-0.336361140013,-0.397319018841,0.842950761318,0.585628807545,0.338037341833,0.728100299835,-0.112427018583
-0.336467891932,-0.397343724966,0.843177437782,0.585604012012,0.338736176491,0.727837860584,-0.112151816487
-0.336163759232,-0.398049771786,0.843351840973,0.589665234089,0.333302855492,0.726833641529,-0.113653481007
-0.333161711693,-0.39890897274,0.840496122837,0.595194458961,0.327174812555,0.719558417797,-0.144692271948
-0.335690826178,-0.398161292076,0.843511223793,0.58869600296,0.335008621216,0.725913643837,-0.119396746159
-0.336047202349,-0.398087501526,0.843669235706,0.588196337223,0.335052102804,0.726636767387,-0.117321819067
-0.336199015379,-0.39813119173,0.843753099442,0.587964057922,0.334970891476,0.726915419102,-0.116990685463
-0.336683034897,-0.397546231747,0.843759834766,0.5835750103,0.34027916193,0.728196978569,-0.115669742227
-0.336370170116,-0.398263067007,0.843948960304,0.587289690971,0.335355877876,0.727215886116,-0.117407336831
-0.336829781532,-0.397769659758,0.843939363956,0.583027780056,0.340033501387,0.728605508804,-0.116575405002
-0.336592257023,-0.398397028446,0.844148635864,0.585084676743,0.336745262146,0.728149294853,-0.118648611009
-0.336530208588,-0.398609787226,0.844204545021,0.584628283978,0.336689591408,0.728257954121,-0.120376959443
-0.336357414722,-0.398987948895,0.844240427017,0.585707128048,0.334834367037,0.72798460722,-0.121948994696
-0.336386263371,-0.399285018444,0.84443384409,0.584117770195,0.335615813732,0.728638589382,-0.123509131372
-0.336327701807,-0.399594396353,0.844502449036,0.583750844002,0.335042655468,0.728983402252,-0.124759040773
-0.33625164628,-0.39990490675,0.844732761383,0.582640945911,0.334995537996,0.7297295928,-0.125707626343
-0.333195388317,-0.401035219431,0.841984510422,0.589649617672,0.326381981373,0.721996068954,-0.156556740403
-0.335401833057,-0.400824099779,0.84511911869,0.582276165485,0.334913015366,0.728876054287,-0.132392600179
-0.335519790649,-0.401022195816,0.845399975777,0.581128537655,0.334616005421,0.730019986629,-0.13188123703
-0.335390180349,-0.401268810034,0.845508933067,0.580324172974,0.333415955305,0.730719685555,-0.134561091661
-0.335508286953,-0.401072740555,0.845756649971,0.575494289398,0.336618959904,0.732961952686,-0.135132223368
-0.335427820683,-0.401359498501,0.846363902092,0.57389742136,0.336964040995,0.733952522278,-0.135686516762
-0.334906816483,-0.402350068092,0.846836328506,0.578877985477,0.328892022371,0.733413100243,-0.137243077159
-0.334722816944,-0.402654230595,0.847063362598,0.578553974628,0.326611191034,0.734441459179,-0.13855086267
-0.33446842432,-0.402947634459,0.847592234612,0.575558841228,0.324453413486,0.73746150732,-0.140045329928
-0.334529995918,-0.403074502945,0.848403811455,0.575009226799,0.323168992996,0.73877966404,-0.138314336538
-0.334431916475,-0.403108119965,0.848880648613,0.574616909027,0.321270912886,0.739945471287,-0.138135299087
-0.334542304277,-0.402601212263,0.849430143833,0.568256676197,0.324967622757,0.743212103844,-0.138261437416
-0.334088951349,-0.40328347683,0.850984334946,0.565751314163,0.319812655449,0.7479839921,-0.134779289365
-0.33064225316,-0.403960049152,0.848490178585,0.574411332607,0.311751961708,0.737685680389,-0.169358789921
-0.332943111658,-0.403219163418,0.851753234863,0.569124519825,0.317730307579,0.744989931583,-0.141897544265
-0.333212912083,-0.4023257792,0.852145671844,0.562105596066,0.322801351547,0.748789966106,-0.138384148479
-0.332888633013,-0.403072565794,0.853784561157,0.561946988106,0.315458834171,0.752836048603,-0.133937805891
-0.332553744316,-0.403000086546,0.85391587019,0.565850377083,0.313517153263,0.750200390816,-0.136819854379
-0.332254737616,-0.402953386307,0.854884564877,0.558492481709,0.312666028738,0.756503999233,-0.134268075228
-0.33192461729,-0.402821600437,0.854996621609,0.564648091793,0.309181123972,0.753013193607,-0.136201053858
-0.331775128841,-0.403024405241,0.855655610561,0.56702786684,0.303363382816,0.754269838333,-0.132390469313
-0.331295490265,-0.402885317802,0.855331659317,0.567476511002,0.301610141993,0.754169344902,-0.135020494461
-0.331235378981,-0.403026103973,0.856495261192,0.562452077866,0.299928456545,0.759023725986,-0.132567182183
-0.33096987009,-0.402979910374,0.857024788857,0.563543140888,0.296768754721,0.759764969349,-0.130785569549
-0.33063852787,-0.402361392975,0.856852889061,0.562698841095,0.296856045723,0.760306417942,-0.131074905396
-0.330311596394,-0.403057724237,0.858206033707,0.562289178371,0.290760755539,0.763474822044,-0.128044366837
-0.326533973217,-0.403724253178,0.855864405632,0.569554686546,0.283938854933,0.754807591438,-0.158907800913
-0.328892141581,-0.403064489365,0.860022425652,0.556130111217,0.288355261087,0.769200801849,-0.12609796226
-0.328788608313,-0.402674496174,0.860827505589,0.555066823959,0.288355708122,0.770354151726,-0.123719505966
-0.328252434731,-0.402457475662,0.860413312912,0.564389824867,0.282440185547,0.765598475933,-0.124702923
-0.328111320734,-0.402751922607,0.861469388008,0.561236858368,0.277807176113,0.769907653332,-0.122795306146
-0.327959954739,-0.402718454599,0.862739741802,0.554540514946,0.275664955378,0.776704907417,-0.114992111921
-0.327455490828,-0.402507513762,0.862942576408,0.5593957901,0.27115893364,0.774349331856,-0.118035383523
-0.327196061611,-0.401712805033,0.862965762615,0.558738172054,0.271422564983,0.774939537048,-0.116663753986
-0.326907455921,-0.402379214764,0.864716291428,0.556148469448,0.258486747742,0.782252669334,-0.109381429851
-0.326475352049,-0.402044415474,0.86556327343,0.554193198681,0.254971891642,0.785081088543,-0.107270635664
-0.325840979815,-0.401709914207,0.866148114204,0.555527925491,0.247460469604,0.786901831627,-0.104583472013
-0.325494408607,-0.401475250721,0.867247104645,0.556282401085,0.23954205215,0.789107203484,-0.10236800462
-0.325042456388,-0.400879055262,0.86801636219,0.556731700897,0.231289938092,0.791605293751,-0.0995798483491
-0.320542752743,-0.401463478804,0.867386221886,0.555952608585,0.228929519653,0.788799762726,-0.127682864666
-0.32258605957,-0.399314969778,0.869693517685,0.565269112587,0.225382968783,0.786815702915,-0.10293006897
-0.322699844837,-0.398591905832,0.870698153973,0.565707564354,0.212711304426,0.791101515293,-0.094272620976
-0.322481215,-0.398040562868,0.8715955019,0.565648257732,0.199675232172,0.795199215412,-0.0884896591306
-0.322230398655,-0.397505253553,0.872628450394,0.568540334702,0.182925149798,0.797909557819,-0.0814889743924
-0.321794658899,-0.396975815296,0.873620688915,0.569228470325,0.168149799109,0.801172614098,-0.0763359218836
-0.321306467056,-0.396214425564,0.874749004841,0.568345785141,0.152590423822,0.80551058054,-0.0696580037475
-0.320783287287,-0.395789295435,0.876572370529,0.559865772724,0.135984688997,0.814982116222,-0.0621506758034
-0.320634245872,-0.395289540291,0.878474771976,0.567292690277,0.124460421503,0.812269449234,-0.053916733712
-0.319800913334,-0.39396572113,0.879487097263,0.560931444168,0.114705786109,0.818419039249,-0.0488765724003
-0.318782448769,-0.393462121487,0.880458235741,0.566170334816,0.08690200001,0.818460464478,-0.0449654124677
-0.317869275808,-0.392182946205,0.881761193275,0.563615500927,0.0690344050527,0.822214961052,-0.0391699001193
-0.316686332226,-0.390931069851,0.882869005203,0.563160002232,0.0474778711796,0.824218928814,-0.035494428128
-0.309972077608,-0.391503453255,0.884321928024,0.552399337292,0.0673720389605,0.82793623209,-0.0695529729128
-0.310751646757,-0.388228535652,0.88759791851,0.55566996336,0.0435031577945,0.829205513,-0.0419137440622
-0.309886604548,-0.386044949293,0.889049887657,0.554235875607,0.0192861426622,0.831492722034,-0.0327223800123
-0.308739900589,-0.384107768536,0.890383005142,0.551557481289,-0.00645913463086,0.833685219288,-0.0266741327941
-0.307276844978,-0.381804406643,0.891636192799,0.548418343067,-0.0288271084428,0.835407316685,-0.0223821680993
-0.305748820305,-0.379396826029,0.89314520359,0.545883476734,-0.0550386272371,0.83587294817,-0.0172759722918
-0.303986132145,-0.37669467926,0.894770383835,0.53743493557,-0.0703487098217,0.840267002583,-0.0128963068128
-0.302207052708,-0.374103069305,0.896494686604,0.539295256138,-0.104565113783,0.835540771484,-0.00992719829082
-0.30005979538,-0.370995849371,0.89835613966,0.53304117918,-0.127071335912,0.836464047432,-0.00692053278908
-0.297799825668,-0.367956221104,0.900311112404,0.526871562004,-0.14719568193,0.837085425854,-0.0052669737488
-0.295250236988,-0.364716112614,0.902354478836,0.519336462021,-0.170743703842,0.837317466736,-0.00597273511812
-0.292750149965,-0.361479580402,0.904549777508,0.514312505722,-0.190689131618,0.836112678051,-0.0060037705116
-0.289927780628,-0.357900887728,0.906943202019,0.511637866497,-0.215114340186,0.831809282303,-0.00676614977419
-0.280650377274,-0.359018325806,0.911058425903,0.501984655857,-0.167994603515,0.847289860249,-0.043463088572
-0.279894471169,-0.354311347008,0.915442287922,0.502676069736,-0.191615924239,0.842545986176,-0.0267645120621
-0.277735441923,-0.350154817104,0.917827904224,0.497518122196,-0.218463867903,0.839175760746,-0.0230943243951
-0.275318771601,-0.346025943756,0.92025911808,0.49194175005,-0.242765977979,0.835784494877,-0.022857196629
-0.272735446692,-0.341893553734,0.922807335854,0.485641419888,-0.265591949224,0.83250951767,-0.0232637356967
-0.269990622997,-0.337933897972,0.925314903259,0.477577954531,-0.283995449543,0.831055760384,-0.0247449092567
-0.267033815384,-0.333636760712,0.928171098232,0.469798147678,-0.304462432861,0.828208327293,-0.0257567185909
-0.264099031687,-0.329562366009,0.931023657322,0.464760422707,-0.324177205563,0.823491513729,-0.027726598084
-0.261162906885,-0.325370132923,0.934265673161,0.458418220282,-0.341818988323,0.819873511791,-0.0286349542439
-0.258460462093,-0.319737762213,0.937105715275,0.453719198704,-0.370814353228,0.809876978397,-0.0271113533527
-0.255675077438,-0.316352367401,0.940316319466,0.448373496532,-0.383828997612,0.806646823883,-0.0309434328228
-0.253777146339,-0.30983671546,0.943389296532,0.446595549583,-0.423375874758,0.78780323267,-0.0259125661105
-0.259847760201,-0.273310959339,0.943878233433,0.372050017118,-0.718072295189,0.587794601917,0.0211794525385
-0.255958348513,-0.272118151188,0.946706652641,0.376910030842,-0.705008029938,0.600694835186,0.00827456265688
-0.252478688955,-0.268866837025,0.95052587986,0.372395277023,-0.708341002464,0.599640667439,0.00242418562993
-0.248866587877,-0.265623509884,0.955182015896,0.372068285942,-0.713092625141,0.594191908836,-0.000348783971276
-0.245394617319,-0.262717694044,0.959089636803,0.368635773659,-0.713864147663,0.595379948616,-0.0053373426199
-0.241953909397,-0.259826391935,0.963106393814,0.360013782978,-0.718452632427,0.595098078251,-0.0086281336844
-0.238777682185,-0.256590515375,0.967164218426,0.356624186039,-0.721640527248,0.593221366405,-0.0119439745322
-0.235295683146,-0.253396868706,0.971002042294,0.360771119595,-0.723967969418,0.587690412998,-0.0182927679271
-0.232113108039,-0.250569462776,0.975379645824,0.358292222023,-0.727055370808,0.585296332836,-0.0211066249758
-0.228805333376,-0.247616171837,0.980012893677,0.346708804369,-0.735398054123,0.58187431097,-0.0201263874769
-0.225577563047,-0.244682595134,0.98412758112,0.344397932291,-0.739451467991,0.577981173992,-0.0232271458954
-0.222243010998,-0.241651639342,0.98921585083,0.33626678586,-0.747799038887,0.572112083435,-0.020224256441
-0.219227194786,-0.239353775978,0.993248343468,0.332951754332,-0.748947381973,0.572346150875,-0.025318833068
-0.216398864985,-0.236651495099,0.997391164303,0.336411565542,-0.751342535019,0.567079722881,-0.0270667355508
-0.214924365282,-0.231371104717,1.00348138809,0.327059209347,-0.775686502457,0.539428830147,-0.0189610924572
-0.210811883211,-0.23128990829,1.00632703304,0.324930936098,-0.762034595013,0.559401094913,-0.0281743332744
-0.209445059299,-0.226619645953,1.0123167038,0.316208362579,-0.783434808254,0.534595966339,-0.021202294156
-0.207402989268,-0.22436375916,1.01671993732,0.306722342968,-0.787475585938,0.534155488014,-0.0219463538378
-0.204560354352,-0.221915319562,1.02138912678,0.298408865929,-0.793550729752,0.529894471169,-0.0210103560239
-0.202644973993,-0.219725549221,1.02567481995,0.292797625065,-0.797080695629,0.527613759041,-0.0235731564462
-0.199989363551,-0.217868238688,1.03015983105,0.286800563335,-0.799955904484,0.526604175568,-0.0224526487291
-0.198375344276,-0.215524479747,1.0347738266,0.278536438942,-0.806974172592,0.520305395126,-0.0221953243017
-0.195857927203,-0.21457067132,1.03813385963,0.276482611895,-0.802489697933,0.527999699116,-0.0279989019036
-0.193997815251,-0.212881073356,1.04197371006,0.268794953823,-0.805146753788,0.527947545052,-0.0275601539761
-0.192055702209,-0.21118965745,1.0457316637,0.265396714211,-0.80747115612,0.525930047035,-0.0308646354824
-0.190484806895,-0.209540694952,1.04927706718,0.262550443411,-0.809300065041,0.524328589439,-0.034354634583
-0.188831925392,-0.208188295364,1.05281949043,0.261852651834,-0.810134649277,0.52320766449,-0.0369975417852
-0.185659587383,-0.208910420537,1.05458545685,0.256075948477,-0.796402454376,0.54597812891,-0.045565340668
-0.18597497046,-0.202751085162,1.06318867207,0.256968975067,-0.835503757,0.484906673431,-0.0276780109853
-0.184192717075,-0.203911274672,1.06234610081,0.253477573395,-0.814575433731,0.520203590393,-0.0400520153344
-0.181497588754,-0.20447948575,1.06345808506,0.247655585408,-0.80298781395,0.539991497993,-0.0478185079992
-0.180381655693,-0.203271761537,1.06635868549,0.24683432281,-0.805931985378,0.536049246788,-0.0468799993396
-0.181642860174,-0.199089288712,1.07061433792,0.241636618972,-0.827399730682,0.505594193935,-0.0373607575893
-0.180352821946,-0.198191761971,1.07259905338,0.238971829414,-0.828178107738,0.505614817142,-0.0369784533978
-0.179151594639,-0.196914508939,1.07449877262,0.238259926438,-0.829410433769,0.503779530525,-0.0389458276331
-0.178113698959,-0.196153968573,1.0763515234,0.233009189367,-0.830385029316,0.504936695099,-0.0347321368754
-0.177259117365,-0.195085197687,1.07767760754,0.230069383979,-0.832136869431,0.503425002098,-0.0343437381089
-0.17613452673,-0.194551348686,1.0790501833,0.227569118142,-0.832275092602,0.504532814026,-0.0312620177865
-0.173102065921,-0.196886494756,1.07843923569,0.223584264517,-0.816394746304,0.531142294407,-0.0373831614852
-0.174190893769,-0.193386241794,1.08143305779,0.223197728395,-0.837701797485,0.497706353664,-0.0269638672471
-0.173233985901,-0.198435425758,1.08392763138,0.245090007782,-0.815567553043,0.524011135101,-0.0138914547861
-0.172403439879,-0.193704202771,1.0839176178,0.211035490036,-0.842726409435,0.494832605124,-0.0204232353717
-0.17154969275,-0.191268607974,1.08922421932,0.209100171924,-0.868337452412,0.449654966593,-0.00882353354245
-0.171366423368,-0.194080471992,1.08661627769,0.201800242066,-0.851748228073,0.483288377523,-0.0153005719185
-0.170009508729,-0.194071263075,1.08999407291,0.19322361052,-0.862847983837,0.466948509216,-0.0108258565888
-0.169803366065,-0.195164218545,1.09137582779,0.186535567045,-0.86530995369,0.465088903904,-0.0116437124088
-0.169855564833,-0.196338221431,1.0929890871,0.178736060858,-0.86666572094,0.465643107891,-0.0109842214733
-0.169735774398,-0.19753973186,1.09429728985,0.166988193989,-0.866274297237,0.470684438944,-0.0118352239951
-0.169888585806,-0.198900297284,1.09596443176,0.157972708344,-0.868024170399,0.470524102449,-0.0136332046241
-0.17028991878,-0.200706198812,1.09772086143,0.151366427541,-0.866800904274,0.474939525127,-0.0133028160781
-0.170619770885,-0.202171951532,1.09960114956,0.142177626491,-0.866750299931,0.477889657021,-0.012297635898
-0.170977130532,-0.203787282109,1.10168552399,0.134549751878,-0.866649389267,0.480305373669,-0.0110427970067
-0.170662209392,-0.204623565078,1.10383987427,0.12324269861,-0.8698605299,0.477472126484,-0.0131996721029
-0.171664938331,-0.206289187074,1.1062078476,0.121261566877,-0.87051731348,0.476932734251,-0.00552599737421
-0.171854197979,-0.207353264093,1.10802340508,0.112746566534,-0.873552799225,0.473489016294,-0.00139073934406
-0.172661080956,-0.208713114262,1.10996222496,0.109659194946,-0.875382006168,0.470774143934,0.00729010999203
-0.174880072474,-0.209653869271,1.11330473423,0.116223663092,-0.882253885269,0.455567896366,0.0240454021841
-0.174099713564,-0.211415186524,1.11285614967,0.102193638682,-0.88005977869,0.463167905807,0.022951733321
-0.175834909081,-0.213984876871,1.11390256882,0.11149482429,-0.875021278858,0.470027238131,0.0313241481781
-0.177170202136,-0.213476270437,1.11680984497,0.110390983522,-0.888055801392,0.444611996412,0.0386124886572
-0.17823459208,-0.217427954078,1.11412656307,0.11213798821,-0.867319226265,0.483377814293,0.0390951447189
-0.178402349353,-0.21850694716,1.1153229475,0.109851516783,-0.870318710804,0.478158414364,0.0429246835411
-0.179289117455,-0.219700917602,1.11507415771,0.108153320849,-0.866247594357,0.485564738512,0.0463136546314
-0.180224642158,-0.221592545509,1.11465978622,0.109214581549,-0.861851334572,0.492913335562,0.0481773391366
-0.183782219887,-0.220864057541,1.11525273323,0.115677833557,-0.866269350052,0.481989145279,0.0623101368546
-0.181720539927,-0.224424183369,1.11321222782,0.110693447292,-0.855993926525,0.502085149288,0.054148029536
-0.197584420443,-0.212056443095,1.12648177147,0.151575550437,-0.916303813457,0.358174026012,0.0955187752843
-0.183526173234,-0.227681323886,1.11071908474,0.111922450364,-0.851887881756,0.507519304752,0.0646889656782
-0.18588681519,-0.226268410683,1.1128796339,0.119354747236,-0.870603084564,0.470638751984,0.0793986618519
-0.184994548559,-0.231396481395,1.10766422749,0.118429191411,-0.850139558315,0.508608579636,0.0674888789654
-0.185778617859,-0.232120364904,1.10712814331,0.118296094239,-0.856643259525,0.495957791805,0.078703224659
-0.185560077429,-0.234316527843,1.10454177856,0.115302018821,-0.855371296406,0.499041080475,0.0774807855487
-0.186997368932,-0.237532228231,1.1016304493,0.126404881477,-0.847821593285,0.508961200714,0.0786059126258
-0.186249390244,-0.238406062126,1.09987032413,0.119382858276,-0.85470700264,0.499043524265,0.0786086469889
-0.18682706356,-0.240744933486,1.09736835957,0.12231374532,-0.853975355625,0.499485909939,0.0792414993048
-0.188993349671,-0.244659364223,1.09444439411,0.137457460165,-0.84362745285,0.512442588806,0.0824666842818
-0.189833521843,-0.247231185436,1.09173154831,0.140603944659,-0.842307984829,0.51386141777,0.0818183124065
-0.190729811788,-0.249727994204,1.08925783634,0.143503814936,-0.84205955267,0.513679027557,0.0804753378034
-0.191771134734,-0.25229537487,1.08676171303,0.146497607231,-0.841035842896,0.514556765556,0.0801786929369
-0.192830741405,-0.254985719919,1.08414304256,0.149558469653,-0.839806973934,0.516002058983,0.0780924409628
-0.194832190871,-0.258051127195,1.08067822456,0.153502330184,-0.833706796169,0.525010764599,0.0757236033678
-0.19548715651,-0.260379552841,1.07950353622,0.154068261385,-0.841930806637,0.512038469315,0.0723355412483
-0.196550294757,-0.26280400157,1.07652795315,0.155628442764,-0.839594185352,0.515269517899,0.0732029527426
-0.198691532016,-0.266153633595,1.07299649715,0.160170376301,-0.832854986191,0.524979174137,0.0713793933392
-0.199951663613,-0.268598079681,1.07034957409,0.161054387689,-0.832409143448,0.525442123413,0.0711830034852
-0.200489625335,-0.270792365074,1.06884610653,0.160288572311,-0.838800609112,0.515556931496,0.0701589435339
-0.202873602509,-0.273907959461,1.06491267681,0.16311314702,-0.832722902298,0.525012493134,0.0657919794321
-0.204304665327,-0.276188611984,1.06254088879,0.163047909737,-0.832062184811,0.52615070343,0.0652183666825
-0.205952659249,-0.278717249632,1.06040608883,0.163426175714,-0.831890285015,0.526447892189,0.0640551298857
-0.206971362233,-0.280819267035,1.05942428112,0.161784812808,-0.841278553009,0.512522101402,0.0582861490548
-0.209145545959,-0.283171832561,1.05595421791,0.16185413301,-0.832066595554,0.527083933353,0.0604235567153
-0.211206868291,-0.285858631134,1.05416381359,0.163747653365,-0.834133148193,0.523807227612,0.0550893321633
-0.211766108871,-0.286967307329,1.05287027359,0.159611314535,-0.837512612343,0.519069612026,0.0605279952288
-0.214375466108,-0.289767414331,1.04976022243,0.160845920444,-0.830665171146,0.529849171638,0.0581708326936
-0.216152176261,-0.292049318552,1.04767417908,0.159759938717,-0.830085277557,0.531175494194,0.0573399551213
-0.21815122664,-0.294368714094,1.0457341671,0.161098644137,-0.829973518848,0.531144797802,0.0554672665894
-0.219185337424,-0.295835852623,1.04487168789,0.159241527319,-0.836445093155,0.52149027586,0.0552249327302
-0.22102072835,-0.298043310642,1.04307079315,0.1569737643,-0.83529984951,0.52388638258,0.0563604198396
-0.223779395223,-0.300816744566,1.04002857208,0.158507063985,-0.828920185566,0.533703446388,0.054106451571
-0.224911272526,-0.302390635014,1.03905344009,0.155440479517,-0.834559738636,0.52573621273,0.0543127022684
-0.227856040001,-0.305123984814,1.03573703766,0.156631693244,-0.827596247196,0.536448478699,0.0526693016291
-0.229062959552,-0.306975960732,1.0351151228,0.155270814896,-0.83308506012,0.528188228607,0.0536423511803
-0.231140732765,-0.309211909771,1.03314316273,0.154595643282,-0.833428442478,0.527894616127,0.0531457699835
-0.233064979315,-0.311710059643,1.03129601479,0.152963861823,-0.833153247833,0.528858721256,0.0525961332023
-0.235375732183,-0.313957810402,1.02905273438,0.15280072391,-0.833231031895,0.528545618057,0.0549310669303
-0.237649813294,-0.316246569157,1.02700054646,0.153708279133,-0.833539903164,0.527781903744,0.0550570972264
-0.239916756749,-0.318497717381,1.02464985847,0.15395539999,-0.834273219109,0.526606678963,0.0545109808445
-0.242006197572,-0.320726126432,1.02264130116,0.154091447592,-0.834160804749,0.526483297348,0.0569801703095
-0.244316458702,-0.32303532958,1.02056193352,0.15569588542,-0.835132837296,0.524540007114,0.0563018396497
-0.246539995074,-0.325304389,1.01829147339,0.154511556029,-0.835679650307,0.523997247219,0.0565037690103
-0.248769760132,-0.327594339848,1.01623892784,0.154475063086,-0.835917413235,0.523604512215,0.0567267164588
-0.251283049583,-0.32970136404,1.01401603222,0.153610959649,-0.836295962334,0.523040533066,0.0586638189852
-0.253657162189,-0.331737965345,1.01197302341,0.151803389192,-0.836804747581,0.522590637207,0.0601055473089
-0.256414681673,-0.333919048309,1.00997972488,0.151235431433,-0.836488008499,0.523019075394,0.0621849410236
-0.259202957153,-0.336109995842,1.00808465481,0.150263413787,-0.83639472723,0.523343682289,0.0630587488413
-0.262056231499,-0.33828741312,1.0059838295,0.147922858596,-0.836918652058,0.522971272469,0.0647074729204
-0.264999985695,-0.340547323227,1.00387835503,0.147447422147,-0.836844921112,0.523247480392,0.0645137280226
-0.268010377884,-0.342878013849,1.00180840492,0.14737200737,-0.836651921272,0.523529291153,0.0649026483297
-0.270988047123,-0.345160603523,0.999746620655,0.145144090056,-0.837328612804,0.523080170155,0.0648163259029
-0.273996531963,-0.347360134125,0.997666656971,0.144715696573,-0.837789595127,0.522292137146,0.0661573782563
-0.277210444212,-0.349540144205,0.995695412159,0.143173739314,-0.83787381649,0.522298872471,0.068357668817
-0.280164003372,-0.35178476572,0.993882894516,0.143373250961,-0.838417947292,0.521281421185,0.0690316110849
-0.283404767513,-0.353947550058,0.991821348667,0.143154084682,-0.838382184505,0.52110016346,0.0712528899312
-0.286617785692,-0.35590031743,0.989540219307,0.141107738018,-0.838848471642,0.520628154278,0.0732678920031
-0.289675235748,-0.358175367117,0.987558782101,0.1419377774,-0.838608443737,0.520689249039,0.073976777494
-0.292830705643,-0.360297977924,0.985605478287,0.141431316733,-0.838502705097,0.520714759827,0.0759390518069
-0.295959711075,-0.362386524677,0.983479619026,0.140844896436,-0.837560534477,0.522068321705,0.0781002268195
-0.299086153507,-0.364438056946,0.981557667255,0.138550847769,-0.837655961514,0.522364139557,0.0791953280568
-0.302251189947,-0.366629391909,0.979605913162,0.13784827292,-0.836680293083,0.523797631264,0.0812403261662
-0.305241733789,-0.368803858757,0.977779507637,0.138179495931,-0.835573256016,0.525167703629,0.0832036286592
-0.308340609074,-0.371001780033,0.975748360157,0.136976227164,-0.833952128887,0.527846395969,0.08449562639
-0.311273097992,-0.373174279928,0.973776638508,0.135837763548,-0.832935869694,0.529673278332,0.0849240347743
-0.314259827137,-0.375309735537,0.971947550774,0.134813517332,-0.832041561604,0.530932366848,0.0874251127243
-0.316994965076,-0.377522230148,0.970172345638,0.13387671113,-0.831123054028,0.532486557961,0.0881467759609
-0.319940209389,-0.379674702883,0.968325436115,0.133498236537,-0.829909205437,0.53394973278,0.0912502706051
-0.322739928961,-0.381954818964,0.966740369797,0.132310241461,-0.829090118408,0.535012960434,0.0941532179713
-0.32535982132,-0.384032130241,0.964999496937,0.131518214941,-0.828974068165,0.535110890865,0.0957148298621
-0.327869087458,-0.386009216309,0.963358104229,0.129940018058,-0.829854369164,0.533767402172,0.0977222174406
-0.330558121204,-0.388231009245,0.961745738983,0.130602255464,-0.828820586205,0.534786760807,0.100014477968
-0.333184182644,-0.390220880508,0.960160195827,0.129890710115,-0.830303192139,0.532401323318,0.101359754801
-0.335431873798,-0.392388552427,0.959058821201,0.129905939102,-0.829631745815,0.532969176769,0.103824049234
-0.338015317917,-0.394328415394,0.957525610924,0.129234373569,-0.829285383224,0.533153176308,0.106451556087
-0.340432882309,-0.396240949631,0.956286787987,0.128086864948,-0.830501377583,0.531380534172,0.107219971716
-0.342876881361,-0.398256599903,0.955053508282,0.128065720201,-0.830187141895,0.531334578991,0.109873563051
-0.345209866762,-0.400226652622,0.953781187534,0.127748429775,-0.829799175262,0.531688988209,0.111448138952
-0.347456753254,-0.402164101601,0.952665448189,0.127522006631,-0.829661428928,0.531669676304,0.112815819681
-0.349331378937,-0.403339028358,0.951511383057,0.123384706676,-0.83282238245,0.527469992638,0.113836213946
-0.352058082819,-0.405777186155,0.950334846973,0.1277577281,-0.827623426914,0.53361260891,0.11821527034
-0.354469031096,-0.409644514322,0.947495520115,0.12972612679,-0.812591791153,0.5560079813,0.11713603884
-0.356475174427,-0.409401267767,0.948141753674,0.127844631672,-0.825918257236,0.535465657711,0.121619567275
-0.358736604452,-0.411315798759,0.947240591049,0.12940774858,-0.824189722538,0.536968827248,0.125017568469
-0.360816478729,-0.412947773933,0.946227729321,0.128842264414,-0.82316827774,0.537951052189,0.128072351217
-0.362768411636,-0.41467320919,0.945191264153,0.128694802523,-0.822443544865,0.53877812624,0.129392802715
-0.365017652512,-0.416395366192,0.943769276142,0.129272222519,-0.820645391941,0.540722846985,0.13209335506
-0.36722099781,-0.418158322573,0.942494511604,0.130031660199,-0.817941069603,0.543324530125,0.137341573834
-0.369329035282,-0.419745802879,0.941316187382,0.130586832762,-0.817677497864,0.543253600597,0.138658925891
-0.371272325516,-0.421284735203,0.939943432808,0.129291683435,-0.817482948303,0.543589413166,0.139699727297
-0.37343287468,-0.422687351704,0.938373506069,0.129502698779,-0.816020727158,0.544490814209,0.144461587071
-0.375499606133,-0.424211204052,0.936798810959,0.130899846554,-0.814888477325,0.545286774635,0.146575704217
-0.377496123314,-0.42561262846,0.935313940048,0.130629107356,-0.814013600349,0.545602500439,0.150452405214
-0.379471510649,-0.426949828863,0.933829069138,0.131245866418,-0.812866508961,0.546536982059,0.152709335089
-0.381435781717,-0.428345173597,0.932294249535,0.132275775075,-0.811444163322,0.547524213791,0.155816704035
-0.383629262447,-0.431057095528,0.929972887039,0.136445626616,-0.800107657909,0.562275648117,0.158292338252
-0.385416865349,-0.43078327179,0.929391980171,0.133825197816,-0.809505164623,0.548258900642,0.161878228188
-0.387324929237,-0.432284861803,0.9282771945,0.124196708202,-0.806553781033,0.553137302399,0.167587652802
-0.389376819134,-0.433058559895,0.926530301571,0.135475188494,-0.807473361492,0.549383103848,0.166767939925
-0.391141951084,-0.433904230595,0.925131320953,0.132492899895,-0.807632565498,0.549054324627,0.169454038143
-0.392361402512,-0.434493273497,0.923921108246,0.131200999022,-0.810897469521,0.54374063015,0.171981915832
-0.393484175205,-0.434742450714,0.922740578651,0.127115741372,-0.8161252141,0.536174356937,0.174064084888
-0.394801020622,-0.435298800468,0.921608924866,0.127792835236,-0.81930232048,0.530761599541,0.175228402019
-0.398267745972,-0.438333213329,0.918204367161,0.138065710664,-0.799939513206,0.556457400322,0.177172124386
-0.39975130558,-0.43909355998,0.916787683964,0.139258980751,-0.800018548965,0.555612742901,0.178527146578
-0.401208400726,-0.439778655767,0.915399670601,0.140745863318,-0.799270570278,0.555423915386,0.181277871132
-0.402685672045,-0.440389513969,0.914050579071,0.14150108397,-0.798355519772,0.555806279182,0.183536186814
-0.404013931751,-0.440967202187,0.912687242031,0.143473669887,-0.798288226128,0.554994881153,0.184748917818
-0.405360579491,-0.441576957703,0.911216497421,0.14414831996,-0.798068761826,0.554170012474,0.187625020742
-0.406631678343,-0.442148596048,0.910029053688,0.143338128924,-0.796847760677,0.555810987949,0.188578948379
-0.407734364271,-0.442539721727,0.908620893955,0.147348761559,-0.796530902386,0.554523825645,0.190604835749
-0.40872836113,-0.443022340536,0.907342374325,0.14895196259,-0.795692980289,0.554619729519,0.192569509149
-0.409899055958,-0.443561255932,0.906202971935,0.14688308537,-0.794792950153,0.555738329887,0.194639727473
-0.410771340132,-0.444029211998,0.905134677887,0.148555666208,-0.793169736862,0.556902587414,0.196653351188
-0.41181242466,-0.444464534521,0.903859138489,0.150928005576,-0.793013632298,0.556336462498,0.197078689933
-0.412701189518,-0.444867551327,0.902692139149,0.152239337564,-0.79095852375,0.558062851429,0.199433580041
-0.413413256407,-0.445332676172,0.901679992676,0.154299438,-0.790126979351,0.558542609215,0.199803009629
-0.414205938578,-0.445681929588,0.900421440601,0.155007481575,-0.790094256401,0.558148145676,0.200485438108
-0.414860248566,-0.446018368006,0.899228870869,0.158212095499,-0.789535164833,0.557124137878,0.203017324209
-0.41544675827,-0.446310073137,0.898181259632,0.15749309957,-0.788928866386,0.558135569096,0.203154310584
-0.415917158127,-0.446493208408,0.897212564945,0.158802971244,-0.788280189037,0.557922720909,0.205227896571
-0.416475474834,-0.446736514568,0.896229863167,0.160786539316,-0.787877082825,0.5575979352,0.206111550331
-0.416878849268,-0.446831196547,0.895200014114,0.165451794863,-0.787496089935,0.556135475636,0.207819789648
-0.417377263308,-0.446998804808,0.894281506538,0.164966225624,-0.786588430405,0.557330608368,0.208440378308
-0.417702317238,-0.446921497583,0.893181085587,0.168652296066,-0.786249279976,0.555948257446,0.210451945662
-0.41791343689,-0.446965903044,0.892152190208,0.167091026902,-0.785681307316,0.557426452637,0.209907904267
-0.418052792549,-0.446892559528,0.890939116478,0.170414328575,-0.785155236721,0.556550562382,0.211522638798
-0.418233156204,-0.446948856115,0.890022277832,0.169589340687,-0.783961892128,0.558409929276,0.211711674929
-0.418279230595,-0.44685292244,0.888950109482,0.174342811108,-0.783432483673,0.556816637516,0.213994190097
-0.418340265751,-0.446753144264,0.888138413429,0.173094391823,-0.782527804375,0.558175623417,0.214775457978
-0.418383836746,-0.446565628052,0.887114942074,0.177374795079,-0.782537639141,0.556225240231,0.216302275658
-0.4170114398,-0.44529363513,0.886935353279,0.172118395567,-0.791824877262,0.543843269348,0.218227177858
-0.416828393936,-0.444978952408,0.885955691338,0.172907352448,-0.792065382004,0.543172776699,0.218400597572
-0.418072104454,-0.445841252804,0.883938312531,0.180274695158,-0.781401276588,0.556145310402,0.218209579587
-0.417840123177,-0.445708870888,0.88308852911,0.178583979607,-0.78049749136,0.557957410812,0.218208879232
-0.417748034,-0.445394694805,0.88182091713,0.182914927602,-0.780355036259,0.555848538876,0.220500439405
-0.416173636913,-0.444035381079,0.881535887718,0.178212285042,-0.790092408657,0.54282271862,0.222121700644
-0.415859729052,-0.443735122681,0.880408108234,0.179634273052,-0.79057687521,0.541196882725,0.223216310143
-0.415586590767,-0.443430364132,0.879521071911,0.178424969316,-0.790243387222,0.541514456272,0.224593102932
-0.41473120451,-0.442233681679,0.878132164478,0.175363883376,-0.795053422451,0.535444557667,0.224581211805
-0.413842469454,-0.441129058599,0.877103626728,0.171374872327,-0.799720704556,0.529720842838,0.224662750959
-0.413289129734,-0.440129041672,0.875937461853,0.16874179244,-0.803831279278,0.524473667145,0.224296122789
-0.416802942753,-0.450400173664,0.873085439205,0.222566768527,-0.732761621475,0.602270126343,0.225377857685
-0.417699277401,-0.44969817996,0.871749460697,0.221160665154,-0.731943070889,0.603987932205,0.224824175239
-0.416257798672,-0.447246581316,0.87089818716,0.215185657144,-0.746681988239,0.586869478226,0.227476105094
-0.415858238935,-0.448150515556,0.869943916798,0.20488576591,-0.740314662457,0.597228646278,0.230811670423
-0.415227651596,-0.447716236115,0.868073165417,0.201901257038,-0.74141895771,0.597773313522,0.228475615382
-0.413705706596,-0.442306727171,0.868555426598,0.184178575873,-0.775064110756,0.55767428875,0.233137875795
-0.413268148899,-0.442092746496,0.867308974266,0.184329867363,-0.774324595928,0.558526992798,0.233434155583
-0.412991225719,-0.441825449467,0.866181433201,0.185529604554,-0.774291574955,0.557653546333,0.234678536654
-0.412881791592,-0.441699981689,0.864860892296,0.187733188272,-0.774255037308,0.557033538818,0.234518989921
-0.412607550621,-0.441512972116,0.863774836063,0.188475817442,-0.773642122746,0.557186543941,0.235579952598
-0.412488937378,-0.4412496984,0.862473487854,0.189316987991,-0.773809731007,0.556655704975,0.23561000824
-0.412248313427,-0.441100895405,0.861289203167,0.190434351563,-0.773519575596,0.55628734827,0.236530557275
-0.412704259157,-0.442126214504,0.860619425774,0.201325312257,-0.765518426895,0.561717987061,0.240671828389
-0.412076801062,-0.440770685673,0.858881831169,0.192630618811,-0.772670269012,0.555823266506,0.238610237837
-0.412240505219,-0.441542893648,0.858045876026,0.200311392546,-0.765478610992,0.561424791813,0.242322266102
-0.412234902382,-0.441295772791,0.856747567654,0.20082347095,-0.765909671783,0.560678839684,0.24226410687
-0.412328958511,-0.441148787737,0.855661869049,0.202286675572,-0.765081703663,0.560568511486,0.243912175298
-0.412669062614,-0.440989553928,0.854402542114,0.201957568526,-0.76470631361,0.560823917389,0.244773641229
-0.412861227989,-0.440949857235,0.853525996208,0.202108755708,-0.763601541519,0.563910424709,0.240976929665
-0.41309890151,-0.441037982702,0.852602422237,0.203459367156,-0.761954843998,0.565024554729,0.242438748479
-0.413741350174,-0.440957516432,0.85179489851,0.207502037287,-0.76156103611,0.5633507967,0.244138479233
-0.413985788822,-0.440767019987,0.850382685661,0.205535262823,-0.762339651585,0.563589215279,0.242818668485
-0.414294362068,-0.441017240286,0.849505722523,0.207414135337,-0.762782394886,0.561808824539,0.243953317404
-0.414800256491,-0.441051095724,0.848374843597,0.208277836442,-0.764243841171,0.56016087532,0.242428690195
-0.41501891613,-0.441397339106,0.847579658031,0.21068289876,-0.762891590595,0.560548961163,0.243709146976
-0.415288209915,-0.44152790308,0.846752762794,0.212206244469,-0.764134347439,0.558718621731,0.242695018649
-0.415585845709,-0.441645562649,0.845861196518,0.212278991938,-0.764174997807,0.559496760368,0.240702614188
-0.415940761566,-0.441869676113,0.845299601555,0.214185625315,-0.762628853321,0.560339808464,0.241952806711
-0.416215479374,-0.442117989063,0.84469139576,0.216435477138,-0.760913670063,0.561233997345,0.243274822831
-0.416349351406,-0.442248374224,0.843541264534,0.215128451586,-0.761330604553,0.562040686607,0.241258829832
-0.416892707348,-0.442345887423,0.842649102211,0.232812702656,-0.761039912701,0.556203961372,0.23927745223
-0.416956454515,-0.443045794964,0.841894447803,0.21913190186,-0.758189797401,0.56464868784,0.241457074881
-0.417310893536,-0.44352632761,0.841093957424,0.221684724092,-0.756303369999,0.565739393234,0.242487445474
-0.417606115341,-0.444089233875,0.83986723423,0.222814098001,-0.755334198475,0.56710010767,0.241291731596
-0.417819321156,-0.444550275803,0.838818669319,0.223556697369,-0.753779053688,0.568272829056,0.242704898119
-0.417985916138,-0.445042550564,0.837678790092,0.224604234099,-0.751760840416,0.569994747639,0.243956178427
-0.41821628809,-0.445666730404,0.836550176144,0.226951062679,-0.750261485577,0.570512831211,0.245185494423
-0.418432027102,-0.446109592915,0.835255503654,0.227307334542,-0.75019288063,0.570194244385,0.245806321502
-0.418766975403,-0.446634590626,0.833958089352,0.228777006269,-0.749358177185,0.570451140404,0.246391996741
-0.41961184144,-0.447378158569,0.8329205513,0.232365459204,-0.752277553082,0.566077530384,0.244215503335
-0.419859498739,-0.447777032852,0.831652879715,0.233216494322,-0.752379775047,0.565479099751,0.244475275278
-0.420528233051,-0.448776334524,0.831077814102,0.236639708281,-0.759794712067,0.556953072548,0.237733066082
-0.420853614807,-0.449280381203,0.829917132854,0.237168654799,-0.759154617786,0.557488620281,0.237995460629
-0.420912384987,-0.449425280094,0.828784227371,0.239706560969,-0.750088512897,0.564606666565,0.247239559889
-0.421246081591,-0.449922055006,0.827846050262,0.241411864758,-0.749627172947,0.564109683037,0.248112350702
-0.421643078327,-0.450499564409,0.826845049858,0.243506357074,-0.749667346478,0.563403844833,0.247547596693
-0.422001034021,-0.451108634472,0.82603007555,0.247090578079,-0.748495399952,0.563167512417,0.248079285026
-0.42231670022,-0.451484650373,0.825009405613,0.247895717621,-0.74865680933,0.562494695187,0.248315557837
-0.423053264618,-0.452603846788,0.824626028538,0.252522826195,-0.75626963377,0.553808391094,0.239968389273
-0.423205167055,-0.452730745077,0.823601067066,0.253003269434,-0.75643736124,0.553001761436,0.240792199969
-0.423127353191,-0.452624082565,0.822323739529,0.254072874784,-0.746200978756,0.562056899071,0.250446081161
-0.423728734255,-0.453351944685,0.821912884712,0.2573582232,-0.75361084938,0.55318659544,0.244585603476
-0.423980802298,-0.453557670116,0.82115149498,0.259120494127,-0.753466069698,0.552257597446,0.245269373059
-0.424101173878,-0.453721284866,0.820442378521,0.260369092226,-0.753013253212,0.551826477051,0.24630574882
-0.424275785685,-0.453930199146,0.819829404354,0.263196915388,-0.751550674438,0.551730751991,0.247976467013
-0.42436927557,-0.453948289156,0.819049537182,0.263327896595,-0.752234876156,0.550462782383,0.248579800129
-0.42456009984,-0.454086333513,0.818329691887,0.264800727367,-0.751028060913,0.550523400307,0.250522553921
-0.424423396587,-0.453678011894,0.817177772522,0.265056967735,-0.743202626705,0.557328879833,0.258416861296
-0.424954622984,-0.454325169325,0.816909074783,0.268382400274,-0.751234531403,0.547932863235,0.251768022776
-0.425206631422,-0.454365760088,0.816138207912,0.269684076309,-0.752178490162,0.545934855938,0.251899302006
-0.42546826601,-0.454511016607,0.815415143967,0.271471232176,-0.752252280712,0.544354140759,0.25317683816
-0.425726532936,-0.454614400864,0.814601063728,0.272223800421,-0.75152939558,0.54407197237,0.255114912987
-0.425516307354,-0.454123646021,0.813220322132,0.271452754736,-0.744394958019,0.549614787102,0.264789521694
-0.425690740347,-0.454338729382,0.81255197525,0.272149860859,-0.746206045151,0.545711278915,0.267039895058
-0.425805807114,-0.454510957003,0.811832726002,0.273668825626,-0.746621727943,0.5434461236,0.268938601017
-0.425894081593,-0.454502135515,0.811014056206,0.274681895971,-0.745970666409,0.543174743652,0.270257532597
-0.426038235426,-0.454672366381,0.810123085976,0.276117771864,-0.743883728981,0.544761896133,0.271349340677
-0.426346421242,-0.454898715019,0.809442877769,0.279159277678,-0.74337130785,0.543750345707,0.271670401096
-0.426454782486,-0.455182492733,0.808804869652,0.279146760702,-0.743893265724,0.542603671551,0.272545725107
-0.426574468613,-0.455584079027,0.808263778687,0.279270350933,-0.746055543423,0.539506018162,0.272658258677
-0.426990360022,-0.456569254398,0.808255553246,0.280265688896,-0.756327629089,0.528992593288,0.26379275322
-0.426505506039,-0.456421434879,0.807349324226,0.27874392271,-0.748937368393,0.53561270237,0.272972375154
-0.4268835783,-0.457254052162,0.807587206364,0.283148378134,-0.758757650852,0.523693084717,0.264309465885
-0.426352322102,-0.456964969635,0.806912779808,0.282931864262,-0.751050710678,0.530800044537,0.272256702185
-0.426093578339,-0.457360088825,0.806886434555,0.281952500343,-0.751068294048,0.531231820583,0.272382229567
-0.425908565521,-0.457836031914,0.806939661503,0.284834563732,-0.749476611614,0.53204447031,0.272181510925
-0.425947934389,-0.458638936281,0.807259321213,0.286942362785,-0.757073819637,0.524675309658,0.263095349073
-0.4255874753,-0.458898484707,0.807348191738,0.288849800825,-0.75677728653,0.524645745754,0.261917918921
-0.425321668386,-0.459258288145,0.807525038719,0.29254129529,-0.754520714283,0.526145517826,0.26132184267
-0.425040781498,-0.459558904171,0.807708203793,0.296350210905,-0.752459526062,0.527377068996,0.260489434004
-0.424690335989,-0.459708571434,0.807815074921,0.29958486557,-0.751278460026,0.527942180634,0.2590495646
-0.424250364304,-0.459791004658,0.807818055153,0.300932228565,-0.75049996376,0.528898954391,0.257789939642
-0.424021065235,-0.460072398186,0.807986617088,0.304037094116,-0.748274564743,0.530646026134,0.257024496794
-0.423772454262,-0.460316330194,0.80811226368,0.306598007679,-0.746550858021,0.532022476196,0.256147652864
-0.423525959253,-0.46045306325,0.808196187019,0.307862997055,-0.745922803879,0.532594561577,0.255269736052
-0.423320114613,-0.46055150032,0.808340609074,0.308897435665,-0.745131731033,0.533206284046,0.255053132772
-0.42317712307,-0.460828602314,0.808580875397,0.311031520367,-0.743006110191,0.534788310528,0.255348533392
-0.422949135303,-0.460942208767,0.808715462685,0.311195582151,-0.742280900478,0.535953938961,0.2548135221
-0.422796785831,-0.461052715778,0.808912396431,0.311566054821,-0.741581976414,0.537002265453,0.254187554121
-0.422661602497,-0.461103081703,0.80912655592,0.311913132668,-0.740926504135,0.537915885448,0.253741532564
-0.422180593014,-0.460560768843,0.808914482594,0.310126543045,-0.731872439384,0.547772049904,0.261017650366
-0.421995043755,-0.46047013998,0.809190511703,0.309187352657,-0.730773150921,0.549612760544,0.261342287064
-0.421806722879,-0.46030536294,0.809568881989,0.308392256498,-0.729324758053,0.551688015461,0.261954188347
-0.421644479036,-0.460045963526,0.810067117214,0.308250874281,-0.728428542614,0.55281919241,0.26222962141
-0.4215285182,-0.459684550762,0.8107239604,0.307879507542,-0.72722029686,0.55419242382,0.263119071722
-0.421362161636,-0.459184080362,0.811192572117,0.305376201868,-0.727656602859,0.555269837379,0.262558072805
-0.421546459198,-0.45932123065,0.812145531178,0.302445232868,-0.734209895134,0.551042437553,0.256544500589
-0.42159485817,-0.458872467279,0.812919199467,0.301694661379,-0.732832074165,0.552239775658,0.258783400059
-0.421277582645,-0.45794788003,0.813167572021,0.298073559999,-0.723926663399,0.562035679817,0.266829669476
-0.421336978674,-0.457403182983,0.813786685467,0.294765740633,-0.725143253803,0.562377214432,0.266481250525
-0.421426266432,-0.456950515509,0.814523816109,0.292691409588,-0.724767565727,0.563603878021,0.267197519541
-0.421471089125,-0.456424623728,0.815275073051,0.288967907429,-0.726061344147,0.563974320889,0.266955941916
-0.421367794275,-0.455749958754,0.816292226315,0.285482168198,-0.726935207844,0.564676880836,0.266843169928
-0.421173214912,-0.455021381378,0.817435026169,0.28206834197,-0.727603673935,0.565855026245,0.26615485549
-0.420922547579,-0.454196453094,0.818624377251,0.277862757444,-0.728620767593,0.566801249981,0.265783041716
-0.420581609011,-0.453494369984,0.820055365562,0.274189889431,-0.728309750557,0.569500923157,0.264676451683
-0.420602798462,-0.453201770782,0.822146058083,0.274123966694,-0.737612307072,0.561337053776,0.256290882826
-0.420061826706,-0.452189922333,0.823595762253,0.268933027983,-0.739012360573,0.562781870365,0.254583209753
-0.41929847002,-0.450932562351,0.824924051762,0.26479741931,-0.73090928793,0.572175264359,0.261284321547
-0.418743729591,-0.450117230415,0.826754868031,0.261593788862,-0.730400681496,0.57422119379,0.261445373297
-0.417994111776,-0.44924095273,0.828424096107,0.258198916912,-0.731063127518,0.575641930103,0.259839475155
-0.41694778204,-0.448284894228,0.830250501633,0.255457043648,-0.727735877037,0.57963436842,0.262994945049
-0.416237235069,-0.447505742311,0.832041501999,0.253376126289,-0.728976249695,0.579750955105,0.261310636997
-0.415612101555,-0.44655495882,0.833454072475,0.249683320522,-0.732649028301,0.578261494637,0.257870852947
-0.414938986301,-0.445957005024,0.835162162781,0.249613046646,-0.7327491045,0.578666031361,0.25674444437
-0.414134025574,-0.445364773273,0.836896419525,0.249484151602,-0.73144698143,0.580449700356,0.256556689739
-0.413216292858,-0.444639921188,0.838208079338,0.246247410774,-0.732316732407,0.580742239952,0.256540328264
-0.412117958069,-0.443893373013,0.839797496796,0.245833098888,-0.731850266457,0.582569897175,0.254113912582
-0.411309301853,-0.443426579237,0.841431260109,0.245783239603,-0.730013430119,0.584057569504,0.256022900343
-0.410251110792,-0.442785680294,0.842808961868,0.243922874331,-0.729509890079,0.587054550648,0.252357006073
-0.40908947587,-0.442038595676,0.844159007072,0.241569980979,-0.729238510132,0.588895618916,0.251111596823
-0.408073723316,-0.441668272018,0.845874547958,0.243393525481,-0.727991461754,0.590547859669,0.249081328511
-0.407101422548,-0.441240519285,0.847323715687,0.241725698113,-0.725308775902,0.594314873219,0.249571561813
-0.406021922827,-0.440912693739,0.849025249481,0.242853343487,-0.72406744957,0.596569657326,0.246684536338
-0.405094265938,-0.440655231476,0.850506722927,0.241694554687,-0.721719801426,0.599875211716,0.246686294675
-0.404135972261,-0.440368413925,0.852195382118,0.241998404264,-0.720153987408,0.602273464203,0.245115697384
-0.402912706137,-0.439883351326,0.853534400463,0.250111043453,-0.720686197281,0.601005494595,0.238429158926
-0.40217128396,-0.439564138651,0.855030477047,0.25244474411,-0.719903826714,0.601409375668,0.23731200397
-0.40070655942,-0.439330160618,0.856528222561,0.247133299708,-0.720515370369,0.604607284069,0.232879981399
-0.399975329638,-0.439030170441,0.858022212982,0.247827455401,-0.719662964344,0.605242431164,0.233127743006
-0.39905783534,-0.438794970512,0.859513998032,0.246080055833,-0.719701230526,0.60663485527,0.231233432889
-0.397956043482,-0.438600242138,0.861313045025,0.246725067496,-0.719101846218,0.607855796814,0.229195773602
-0.397399961948,-0.438250601292,0.862798511982,0.246798500419,-0.719224333763,0.607879698277,0.228668510914
-0.39616805315,-0.437747478485,0.864458739758,0.244960531592,-0.720721423626,0.608186423779,0.22508738935
-0.395484149456,-0.437340676785,0.866116762161,0.245847389102,-0.720787584782,0.608078658581,0.224198266864
-0.39444899559,-0.436698973179,0.867702424526,0.243357047439,-0.722462534904,0.608358919621,0.220736518502
-0.393913626671,-0.436125427485,0.869392335415,0.244713023305,-0.721935927868,0.608432412148,0.22075805068
-0.393588751554,-0.436595916748,0.872703373432,0.256898134947,-0.713210046291,0.611582100391,0.226500198245
-0.392531186342,-0.435624063015,0.874223351479,0.25463989377,-0.715122818947,0.611733317375,0.222576513886
-0.391667038202,-0.435279130936,0.876522779465,0.246275603771,-0.714136660099,0.615044116974,0.226004287601
-0.390603095293,-0.434498846531,0.878516793251,0.245854333043,-0.714219808578,0.615691959858,0.224430844188
-0.389361321926,-0.433493435383,0.880277872086,0.242900893092,-0.716886758804,0.61546510458,0.219716623425
-0.388096928596,-0.432632267475,0.882408499718,0.242304801941,-0.7179646492,0.615589618683,0.216482192278
-0.386744648218,-0.43163305521,0.884355902672,0.24024283886,-0.719460844994,0.615907013416,0.212880387902
-0.385342270136,-0.430819272995,0.88654088974,0.240066289902,-0.720567762852,0.616231620312,0.208348065615
-0.383857488632,-0.429728329182,0.888669133186,0.238178133965,-0.720807909966,0.617372810841,0.206295847893
-0.379694074392,-0.425894647837,0.889093160629,0.220511689782,-0.746291935444,0.600932538509,0.182491093874
-0.379358381033,-0.425456762314,0.890740394592,0.212245643139,-0.739366948605,0.611624002457,0.184944316745
-0.377939641476,-0.424922704697,0.893537759781,0.216059491038,-0.737550079823,0.613508224487,0.181510165334
-0.376731455326,-0.424341619015,0.896294057369,0.22141546011,-0.731985092163,0.618319571018,0.181257098913
-0.374956071377,-0.422964930534,0.898878753185,0.220237389207,-0.73293107748,0.618421673775,0.178499475121
-0.373289078474,-0.422573149204,0.902934789658,0.230414941907,-0.727832973003,0.619958162308,0.181163430214
-0.371275126934,-0.421306967735,0.905589580536,0.231088504195,-0.728137791157,0.6204611063,0.177317649126
-0.368698745966,-0.418826758862,0.906250059605,0.215049102902,-0.737213134766,0.619277179241,0.163605183363
-0.366266965866,-0.417499989271,0.908818602562,0.21373078227,-0.738554418087,0.619626104832,0.157861679792
-0.36402246356,-0.415891677141,0.911471903324,0.211731299758,-0.74066388607,0.618878006935,0.153547793627
-0.361562132835,-0.414558321238,0.914176940918,0.210755646229,-0.740425407887,0.620525062084,0.149335220456
-0.359031140804,-0.412968814373,0.917082369328,0.210778102279,-0.742969334126,0.618680715561,0.144233778119
-0.356242090464,-0.412392526865,0.92036241293,0.221954315901,-0.737175643444,0.623636126518,0.135596528649
-0.353801071644,-0.410836935043,0.923235476017,0.213165089488,-0.737372219563,0.625969946384,0.137857794762
-0.351213335991,-0.409161895514,0.926255822182,0.212473347783,-0.738950908184,0.62555128336,0.132258415222
-0.348372578621,-0.407509565353,0.929349720478,0.211354538798,-0.740450084209,0.625211238861,0.127177044749
-0.345278382301,-0.405878484249,0.932448387146,0.209961667657,-0.742870271206,0.624138116837,0.120462864637
-0.342524290085,-0.403774678707,0.935396909714,0.22137697041,-0.74671125412,0.61782425642,0.108202949166
-0.339369028807,-0.401820421219,0.938382267952,0.218788981438,-0.744802415371,0.62127405405,0.106862001121
-0.335856258869,-0.400126695633,0.941792488098,0.214608684182,-0.745395302773,0.623146831989,0.100085534155
-0.332746624947,-0.398234546185,0.945170879364,0.211181119084,-0.74585723877,0.624337017536,0.0964514687657
-0.329654425383,-0.396223783493,0.948193311691,0.209192171693,-0.746936261654,0.624470829964,0.0914395228028
-0.326746225357,-0.394539356232,0.951391339302,0.20126876235,-0.746407449245,0.627550244331,0.0924538075924
-0.323500812054,-0.392513155937,0.954613745213,0.199537843466,-0.747217595577,0.627916634083,0.087013348937
-0.320451259613,-0.390536695719,0.95782315731,0.199366733432,-0.747843205929,0.6278013587,0.0827591344714
-0.315978586674,-0.389985322952,0.959249079227,0.189263641834,-0.738325595856,0.643755555153,0.0680693462491
-0.314054459333,-0.386699914932,0.964219927788,0.195356279612,-0.746507167816,0.631836533546,0.0731133446097
-0.309565871954,-0.386038661003,0.965506255627,0.185816407204,-0.736635804176,0.647684514523,0.0578334182501
-0.307444930077,-0.382583975792,0.97051692009,0.19102627039,-0.745974361897,0.634908616543,0.0626285672188
-0.303747624159,-0.381181418896,0.974327623844,0.194736808538,-0.742134988308,0.638460576534,0.0606761462986
-0.301074266434,-0.378596335649,0.976530492306,0.19224011898,-0.744039237499,0.637596666813,0.0540367402136
-0.297790527344,-0.376445353031,0.979755282402,0.190453767776,-0.74328237772,0.639337718487,0.0500615946949
-0.294535845518,-0.374397158623,0.982914447784,0.190689563751,-0.742837309837,0.640059709549,0.0464093871415
-0.290150105953,-0.370867490768,0.984296441078,0.17381452024,-0.750454902649,0.636847615242,0.0321137756109
-0.285499602556,-0.366098195314,0.988259851933,0.172560870647,-0.768188416958,0.616197168827,0.0202619768679
-0.284031808376,-0.366001605988,0.990002274513,0.18465565145,-0.750772297382,0.633925974369,0.0195212364197
-0.28545320034,-0.374441623688,0.9939712286,0.220119416714,-0.671779930592,0.706622362137,0.0307243857533
-0.277320563793,-0.361815661192,0.99608027935,0.179889544845,-0.749340653419,0.637159824371,0.0124797066674
-0.274062901735,-0.358418792486,0.999795913696,0.167240589857,-0.757490992546,0.630974829197,0.0104347877204
-0.271697044373,-0.357138574123,1.00182807446,0.167794033885,-0.748044788837,0.642048537731,0.00692549254745
-0.268721461296,-0.354766905308,1.00461161137,0.168930858374,-0.747895181179,0.641957104206,0.0025041543413
-0.265670418739,-0.352209568024,1.00710952282,0.176942795515,-0.746965765953,0.640881001949,-0.00225858180784
-0.26294401288,-0.349729716778,1.00976395607,0.174553260207,-0.747128129005,0.641335427761,-0.00443216599524
-0.260071724653,-0.347245514393,1.01240491867,0.17381067574,-0.74697470665,0.641689062119,-0.00734640657902
-0.257327347994,-0.344591408968,1.01489639282,0.17281422019,-0.747067332268,0.641811668873,-0.0101719526574
-0.254646658897,-0.341992646456,1.01738500595,0.172843441367,-0.747365534306,0.641394376755,-0.0135385598987
-0.251913517714,-0.339222252369,1.01979315281,0.175474151969,-0.747231304646,0.64078438282,-0.0157990101725
-0.249354943633,-0.336492657661,1.02206146717,0.171753108501,-0.7468354702,0.642193257809,-0.018039541319
-0.246760010719,-0.333876550198,1.02414274216,0.171451076865,-0.745803833008,0.643392980099,-0.0206657201052
-0.242921158671,-0.334240555763,1.02343904972,0.17049190402,-0.719402074814,0.672314584255,-0.0372334979475
-0.241521179676,-0.328179210424,1.02852773666,0.171767026186,-0.745466411114,0.643523812294,-0.0255577135831
-0.238442450762,-0.329021513462,1.02804219723,0.16816611588,-0.725061297417,0.666273534298,-0.0456745028496
-0.237195000052,-0.322753489017,1.03264474869,0.180551096797,-0.746938705444,0.638575434685,-0.0412963069975
-0.234980553389,-0.319810509682,1.03446650505,0.180023238063,-0.74720031023,0.638271272182,-0.0435104332864
-0.233200266957,-0.318146437407,1.0385569334,0.195640638471,-0.742755234241,0.639296650887,-0.0365963801742
-0.230278819799,-0.314550817013,1.03974866867,0.190345257521,-0.736438989639,0.648473799229,-0.0301359929144
-0.228464871645,-0.311427563429,1.04103684425,0.191431298852,-0.738882422447,0.645194411278,-0.0336334817111
-0.226290076971,-0.308497041464,1.04237484932,0.191526800394,-0.737802684307,0.646335661411,-0.0348552204669
-0.223667636514,-0.304826557636,1.04162096977,0.178683191538,-0.739439308643,0.647219181061,-0.0490843318403
-0.222959533334,-0.302229702473,1.0447075367,0.191898852587,-0.738707363605,0.644915759563,-0.0396239757538
-0.219708681107,-0.299050688744,1.0441788435,0.178862124681,-0.737769365311,0.648835122585,-0.0521337538958
-0.217934176326,-0.296322733164,1.04531347752,0.179686039686,-0.73667538166,0.649673759937,-0.0542812310159
-0.216218590736,-0.293360292912,1.04651653767,0.180260524154,-0.73716044426,0.648824691772,-0.0559215582907
-0.214546769857,-0.290575772524,1.04757797718,0.17976860702,-0.736128568649,0.650041103363,-0.0569616891444
-0.212912797928,-0.287786722183,1.04868638515,0.180604502559,-0.736268162727,0.649605810642,-0.057478133589
-0.211352601647,-0.285180866718,1.04971086979,0.180982008576,-0.735766470432,0.649955511093,-0.0587467849255
-0.209919288754,-0.282506108284,1.05071365833,0.182004034519,-0.736052513123,0.64925134182,-0.0597824975848
-0.208312481642,-0.280126005411,1.05159521103,0.183076798916,-0.734358847141,0.650745093822,-0.0610804967582
-0.206988334656,-0.277628272772,1.05235612392,0.18408228457,-0.735706686974,0.64901548624,-0.0602355971932
-0.205565109849,-0.275225579739,1.05305206776,0.184626221657,-0.735966920853,0.64848279953,-0.0611221380532
-0.204300329089,-0.272885352373,1.05375015736,0.18555393815,-0.736285150051,0.647804260254,-0.0616740584373
-0.203124389052,-0.270540773869,1.05452132225,0.18649341166,-0.736356794834,0.647442877293,-0.0617804937065
-0.20465053618,-0.266773760319,1.0558617115,0.19986923039,-0.747772991657,0.630847454071,-0.0540312603116
-0.203535959125,-0.264457851648,1.05653357506,0.200868293643,-0.747981369495,0.630307435989,-0.0537445098162
-0.202456280589,-0.262490659952,1.05788362026,0.205293446779,-0.746156930923,0.631324470043,-0.050337318331
-0.199948191643,-0.260608613491,1.05859744549,0.202403217554,-0.743307590485,0.635306298733,-0.0539711080492
-0.20091098547,-0.257700532675,1.05762696266,0.201818302274,-0.746902644634,0.631052613258,-0.0563794672489
-0.201194599271,-0.254820108414,1.05881977081,0.206987470388,-0.75305223465,0.622369527817,-0.0521982721984
-0.200783982873,-0.253072530031,1.0588593483,0.206478923559,-0.751663267612,0.624350905418,-0.0505460910499
-0.199176937342,-0.252196371555,1.05814862251,0.204465568066,-0.743111252785,0.634763777256,-0.0552674196661
-0.196978509426,-0.251548200846,1.05909204483,0.204662501812,-0.739241421223,0.639289438725,-0.0542630627751
-0.198054775596,-0.249756783247,1.05839276314,0.209236517549,-0.741381704807,0.635664343834,-0.0500415675342
-0.197950094938,-0.247682541609,1.05704748631,0.208458915353,-0.744928181171,0.631484031677,-0.0534312538803
-0.198257222772,-0.24572622776,1.05715095997,0.211923271418,-0.750759541988,0.62374651432,-0.0488781742752
-0.196944341063,-0.245154008269,1.05560576916,0.211571648717,-0.744796276093,0.630933046341,-0.0493903532624
-0.19627250731,-0.243736803532,1.05545079708,0.211725130677,-0.745783507824,0.629766583443,-0.0487184934318
-0.193876102567,-0.24295656383,1.05569982529,0.2141854316,-0.742059767246,0.633372843266,-0.048073977232
-0.19331946969,-0.241147220135,1.05508327484,0.215158715844,-0.743704080582,0.631040871143,-0.0489735975862
-0.192536666989,-0.239389181137,1.05477702618,0.220579430461,-0.742488443851,0.630699396133,-0.0476847290993
-0.191813528538,-0.237601682544,1.05448102951,0.221108078957,-0.743665754795,0.629223644733,-0.0463690832257
-0.190679341555,-0.23577645421,1.05433821678,0.220188111067,-0.74330586195,0.630029678345,-0.0455675944686
-0.189730793238,-0.233687609434,1.05393958092,0.217964053154,-0.744595706463,0.629397273064,-0.0439105071127
-0.188498601317,-0.231464073062,1.0541036129,0.221241727471,-0.744332253933,0.628526449203,-0.044454742223
-0.187173575163,-0.22928866744,1.05417835712,0.221786409616,-0.744528830051,0.628182411194,-0.0432945154607
-0.185929790139,-0.227044910192,1.05428612232,0.220169425011,-0.745430707932,0.627920508385,-0.0396800637245
-0.184310466051,-0.22466802597,1.0545694828,0.223556637764,-0.745742619038,0.62635332346,-0.0396475568414
-0.184918284416,-0.220727562904,1.05464863777,0.224575936794,-0.756846666336,0.61285173893,-0.0340809561312
-0.183216437697,-0.218356311321,1.05484116077,0.225674822927,-0.757637500763,0.611576199532,-0.0321086570621
-0.181208983064,-0.216182857752,1.05523300171,0.226355239749,-0.75767993927,0.611409306526,-0.0293799061328
-0.178938999772,-0.213836878538,1.05557823181,0.226779282093,-0.759077072144,0.609584152699,-0.0279375016689
-0.176485762,-0.211723089218,1.05583024025,0.222599685192,-0.759410858154,0.610932767391,-0.0224922392517
-0.173967629671,-0.209541797638,1.05622529984,0.227535560727,-0.759953558445,0.608483910561,-0.0211110599339
-0.17117165029,-0.207811117172,1.05676090717,0.230028018355,-0.762282907963,0.60460048914,-0.0216851588339
-0.168062582612,-0.205936819315,1.05726325512,0.231373131275,-0.76355355978,0.602585792542,-0.0185145996511
-0.163914725184,-0.204683303833,1.05675327778,0.226166948676,-0.760823369026,0.607910871506,-0.0209945440292
-0.160771980882,-0.20287758112,1.0570204258,0.228109523654,-0.763459205627,0.603927969933,-0.0191632732749
-0.1588370502,-0.199463248253,1.05862700939,0.234115704894,-0.777505457401,0.583576321602,-0.010675012134
-0.153832957149,-0.200093626976,1.05952060223,0.24137917161,-0.76553016901,0.596361398697,-0.00726127997041
-0.150854691863,-0.199334278703,1.05925261974,0.246071264148,-0.760740458965,0.600581884384,-0.00493196910247
-0.147700369358,-0.198016792536,1.059243083,0.249574661255,-0.759666085243,0.600507676601,-0.00324244680814
-0.144305676222,-0.196650162339,1.05891871452,0.251589626074,-0.760477304459,0.59863114357,-0.00422968482599
-0.141539171338,-0.195518836379,1.05892467499,0.258294641972,-0.75985199213,0.596570193768,-0.00357251381502
-0.138119861484,-0.194089353085,1.0582293272,0.260664433241,-0.758750677109,0.596930205822,-0.00507611175999
-0.135485678911,-0.19292549789,1.05782532692,0.264194875956,-0.757789671421,0.596604406834,-0.00437930598855
-0.132823631167,-0.19185885787,1.05711555481,0.265364408493,-0.757214426994,0.596795558929,-0.00656439503655
-0.130808919668,-0.190800532699,1.05685603619,0.267160385847,-0.753759801388,0.600392460823,-0.000717243121471
-0.128596186638,-0.189786046743,1.05611634254,0.270312011242,-0.752611458302,0.600401878357,-0.00500150490552
-0.126871213317,-0.188663333654,1.05539894104,0.268699616194,-0.749844133854,0.604588270187,-0.00276012974791
-0.124749228358,-0.186352357268,1.05483961105,0.264975130558,-0.754891693592,0.599878847599,-0.00850140396506
-0.124363899231,-0.186418503523,1.0541408062,0.270526796579,-0.744243144989,0.610621631145,-0.00766696548089
-0.124402031302,-0.186260044575,1.05415701866,0.280743896961,-0.738778233528,0.61266964674,-0.00506140105426
-0.123962596059,-0.185356020927,1.05348289013,0.280922740698,-0.733530044556,0.61886048317,-0.00527843134478
-0.123971715569,-0.184784516692,1.0528203249,0.282670378685,-0.728613853455,0.623840272427,-0.00653623137623
-0.122876778245,-0.184379726648,1.05171513557,0.279994904995,-0.722814202309,0.63167321682,-0.0114697208628
-0.123069122434,-0.184190005064,1.0505232811,0.281932890415,-0.718314945698,0.63589990139,-0.0129993483424
-0.12510406971,-0.18352766335,1.04846632481,0.282724678516,-0.719999372959,0.633567452431,-0.0161275211722
-0.12438608706,-0.184216558933,1.04811322689,0.287126779556,-0.711021482944,0.641673624516,-0.016177540645
-0.126760706306,-0.183568477631,1.04514741898,0.28619492054,-0.713850319386,0.638851523399,-0.0194670315832
-0.126585647464,-0.184635221958,1.04443717003,0.292643636465,-0.706435322762,0.644175827503,-0.0186098255217
-0.127880692482,-0.185213297606,1.04222130775,0.29637336731,-0.7041233778,0.644962012768,-0.0199316460639
-0.129536435008,-0.185607433319,1.03984355927,0.299372255802,-0.703751683235,0.64398342371,-0.0198774039745
-0.131171479821,-0.1863579005,1.03722965717,0.302801966667,-0.701723754406,0.64457154274,-0.0205503869802
-0.133006006479,-0.187469989061,1.03423690796,0.307190001011,-0.701310276985,0.642908632755,-0.0216068346053
-0.134897485375,-0.188331663609,1.03121781349,0.309515833855,-0.699332535267,0.643996119499,-0.0200802925974
-0.137007042766,-0.189595013857,1.02769422531,0.314598679543,-0.699627697468,0.641187846661,-0.0206626486033
-0.139288678765,-0.190459892154,1.02384388447,0.317334979773,-0.696313560009,0.643560349941,-0.0166195109487
-0.14086151123,-0.194415271282,1.02153503895,0.333922624588,-0.67756062746,0.655189812183,-0.011562497355
-0.145424649119,-0.192773520947,1.01481640339,0.322634994984,-0.699637770653,0.63732033968,-0.0153726590797
-0.148041024804,-0.194427490234,1.01051127911,0.327402472496,-0.697940170765,0.636812210083,-0.0125480983406
-0.150930985808,-0.196518868208,1.00617396832,0.33380562067,-0.69765406847,0.633800625801,-0.0122338002548
-0.154412403703,-0.197492003441,1.00238525867,0.339814722538,-0.700787365437,0.627233922482,-0.000923705752939
-0.157620072365,-0.199479162693,0.997609853745,0.347015321255,-0.700691699982,0.623384177685,0.00198499136604
-0.160716295242,-0.201593279839,0.992595136166,0.351739346981,-0.698679029942,0.622972011566,0.00575412809849
-0.164140790701,-0.203390359879,0.987501561642,0.354611903429,-0.699196577072,0.620681583881,0.0113560855389
-0.166665881872,-0.206562072039,0.981245040894,0.355835586786,-0.690493762493,0.629695832729,0.00910133589059
