x,y,z,q0,q1,q2,q3
-0.540136694908,-0.174522608519,1.37710094452,0.201058283448,0.144882887602,0.702718496323,0.666911780834
-0.540344536304,-0.175563767552,1.37692117691,0.202023297548,0.143232315779,0.701753437519,0.667991995811
-0.540795922279,-0.177083641291,1.3768017292,0.201921164989,0.143970817327,0.7015671134,0.668059825897
-0.541147828102,-0.178254425526,1.3768465519,0.203236445785,0.143164172769,0.700648903847,0.668797671795
-0.541415572166,-0.179461270571,1.37662482262,0.204390063882,0.141516894102,0.69905769825,0.670459568501
-0.541754901409,-0.180642753839,1.37661075592,0.204109594226,0.141210868955,0.699454426765,0.670195698738
-0.541952073574,-0.182111293077,1.37636947632,0.203274607658,0.143079221249,0.700778067112,0.668668925762
-0.542350530624,-0.183025836945,1.37642765045,0.20670504868,0.137242808938,0.696941196918,0.672837555408
-0.542683124542,-0.184593424201,1.37635242939,0.204949557781,0.140979975462,0.699499607086,0.669940888882
-0.542925834656,-0.18542560935,1.37631750107,0.208029821515,0.137405201793,0.696592628956,0.672757208347
-0.543236196041,-0.187063992023,1.37613129616,0.206611797214,0.138394996524,0.698203504086,0.671319842339
-0.543631672859,-0.188153475523,1.37618792057,0.208800941706,0.137179270387,0.696403741837,0.672759890556
-0.543677270412,-0.189170405269,1.37604343891,0.207862332463,0.137776270509,0.697247326374,0.672054409981
-0.544095158577,-0.190522104502,1.37599277496,0.208299636841,0.135478258133,0.696929633617,0.672715425491
-0.544403672218,-0.191802188754,1.37590396404,0.208947733045,0.135332420468,0.696793913841,0.672684252262
-0.544587016106,-0.192876815796,1.37587213516,0.210433810949,0.132733047009,0.696111738682,0.673444986343
-0.544820427895,-0.194133207202,1.37581706047,0.210512042046,0.134606122971,0.695619463921,0.673557341099
-0.545104980469,-0.195163622499,1.37581372261,0.211029469967,0.133877977729,0.69584697485,0.673305392265
-0.545396745205,-0.196477383375,1.37569844723,0.21069522202,0.133521810174,0.696098744869,0.67322063446
-0.54567617178,-0.197706624866,1.37566387653,0.210134357214,0.133716821671,0.696874976158,0.67255371809
-0.545903801918,-0.198595523834,1.3755594492,0.211661562324,0.131201311946,0.695224583149,0.674276173115
-0.546281278133,-0.199975028634,1.37568879128,0.21178291738,0.132791280746,0.695354759693,0.673792362213
-0.546541810036,-0.201197594404,1.37565338612,0.211711630225,0.134013086557,0.69641160965,0.672480225563
-0.546681106091,-0.202027216554,1.37542593479,0.212548062205,0.130098834634,0.694867432117,0.67457896471
-0.547057211399,-0.203460559249,1.37542581558,0.211739644408,0.133039355278,0.696331560612,0.67274749279
-0.547242045403,-0.204557001591,1.37518894672,0.211668655276,0.132466048002,0.696727871895,0.672472774982
-0.54742449522,-0.205348104239,1.37513065338,0.212550908327,0.128780215979,0.695225358009,0.674462378025
-0.547783732414,-0.20666898787,1.37508714199,0.212154120207,0.130998715758,0.696604073048,0.672735273838
-0.548000991344,-0.207602381706,1.37501001358,0.21251514554,0.128701284528,0.696261584759,0.673419117928
-0.548274636269,-0.208446666598,1.37498259544,0.213818818331,0.126818940043,0.69519174099,0.674468040466
-0.548501074314,-0.209601789713,1.37479519844,0.21391607821,0.128571122885,0.696197032928,0.673067092896
-0.548501074314,-0.209601789713,1.37479519844,0.21391607821,0.128571122885,0.696197032928,0.673067092896
-0.5490052104,-0.211405336857,1.37473499775,0.215232774615,0.123222716153,0.694214701653,0.675690174103
-0.549140632153,-0.212296888232,1.37454211712,0.214164733887,0.124480873346,0.695901274681,0.674061954021
-0.549508452415,-0.213169693947,1.3744494915,0.215381413698,0.122460469604,0.692704319954,0.677329301834
-0.549508452415,-0.213169693947,1.3744494915,0.215381413698,0.122460469604,0.692704319954,0.677329301834
-0.549719154835,-0.215188756585,1.37414324284,0.214459404349,0.122680492699,0.696502268314,0.673677384853
-0.549719154835,-0.215188756585,1.37414324284,0.214459404349,0.122680492699,0.696502268314,0.673677384853
-0.550312876701,-0.2172780931,1.3741042614,0.215199440718,0.12105756253,0.696825921535,0.673400342464
-0.550310909748,-0.217897593975,1.37385559082,0.216234505177,0.118335105479,0.695969641209,0.674437344074
-0.550495743752,-0.218851462007,1.37385010719,0.216662362218,0.117983877659,0.696133613586,0.67419219017
-0.5506092906,-0.219744682312,1.3736550808,0.217021107674,0.119529828429,0.696535289288,0.673389315605
-0.550779521465,-0.220635652542,1.37358736992,0.217028215528,0.119587406516,0.69702988863,0.67286491394
-0.550903141499,-0.221378445625,1.37352073193,0.217832610011,0.117807857692,0.696835517883,0.673119962215
-0.551004946232,-0.222244948149,1.37343156338,0.217639788985,0.118321046233,0.697115898132,0.67280203104
-0.551282763481,-0.22307099402,1.37347006798,0.219643592834,0.116246305406,0.696326851845,0.673329293728
-0.551347494125,-0.223751604557,1.37338638306,0.219071656466,0.115289263427,0.696465969086,0.673536360264
-0.55132818222,-0.224503934383,1.37317657471,0.218387201428,0.114962093532,0.697566151619,0.672675430775
-0.551449656487,-0.22525703907,1.37316477299,0.219083607197,0.112564742565,0.696472704411,0.673986136913
-0.55153298378,-0.226008161902,1.37297308445,0.219152286649,0.112144038081,0.696555554867,0.673948466778
-0.551495850086,-0.226667508483,1.37281608582,0.219788625836,0.111776798964,0.696187257767,0.674182653427
-0.551585078239,-0.227385535836,1.37282371521,0.220864161849,0.110644906759,0.695504963398,0.674721777439
-0.551674723625,-0.22830888629,1.37273955345,0.219777092338,0.113394990563,0.696724176407,0.673361003399
-0.55195915699,-0.229085877538,1.37281024456,0.220146641135,0.112222097814,0.696393549442,0.67377859354
-0.551859259605,-0.229602396488,1.37263703346,0.220466583967,0.1094141379,0.695686042309,0.674865961075
-0.551950752735,-0.230376213789,1.3725413084,0.221024230123,0.111479707062,0.696164608002,0.673851251602
-0.552018344402,-0.231047704816,1.37248432636,0.220631465316,0.112157464027,0.695879280567,0.674162149429
-0.552147805691,-0.231604471803,1.37246632576,0.221295163035,0.112239949405,0.695160627365,0.674672007561
-0.552155733109,-0.232233926654,1.37235271931,0.220379263163,0.108498468995,0.695515871048,0.675217688084
-0.552155733109,-0.232233926654,1.37235271931,0.220379263163,0.108498468995,0.695515871048,0.675217688084
-0.552292346954,-0.233454853296,1.37218868732,0.220525175333,0.108519680798,0.694795250893,0.675908148289
-0.552729547024,-0.234136134386,1.37243878841,0.221820220351,0.109311886132,0.694164097309,0.676005125046
-0.552641153336,-0.234751820564,1.37227857113,0.221709698439,0.109465509653,0.693069398403,0.677138805389
-0.55256831646,-0.235182255507,1.37207460403,0.222260013223,0.109014771879,0.691671311855,0.678459405899
-0.552603065968,-0.2357108742,1.37203609943,0.223081693053,0.110181182623,0.690070569515,0.67963039875
-0.552674055099,-0.23633736372,1.37195849419,0.22162668407,0.112322606146,0.690711319447,0.679104864597
-0.552795231342,-0.236728996038,1.37199258804,0.222510054708,0.110389493406,0.688375890255,0.681499838829
-0.552855074406,-0.237280026078,1.37192606926,0.221547722816,0.110872544348,0.687792420387,0.682323753834
-0.552828490734,-0.237765356898,1.37183737755,0.221236541867,0.112583771348,0.686392605305,0.683552861214
-0.552990794182,-0.238009572029,1.37184810638,-0.228717908263,-0.108607046306,-0.681089580059,-0.687029719353
-0.552938044071,-0.238622918725,1.37174224854,-0.225217267871,-0.115361601114,-0.681627213955,-0.686551630497
-0.552866220474,-0.238859802485,1.3718931675,-0.22536444664,-0.11487814784,-0.678897202015,-0.689283967018
-0.552845478058,-0.239272788167,1.37187767029,-0.225673019886,-0.117554940283,-0.67675358057,-0.690838098526
-0.552902877331,-0.239495143294,1.37191081047,-0.224423512816,-0.115311250091,-0.673575043678,-0.694718718529
-0.552841901779,-0.239833652973,1.37189936638,-0.222972005606,-0.11625880003,-0.671265602112,-0.697258889675
-0.552851319313,-0.240330964327,1.37187039852,-0.221965521574,-0.117880962789,-0.669311285019,-0.699183821678
-0.552776634693,-0.240508377552,1.37184810638,-0.221619293094,-0.115454263985,-0.666085481644,-0.702769696712
-0.552573263645,-0.24065938592,1.37171030045,-0.220683589578,-0.119096793234,-0.663726449013,-0.704685688019
-0.552575051785,-0.240763381124,1.37156951427,-0.225743338466,-0.11689274013,-0.659068822861,-0.707816660404
-0.552481293678,-0.240873366594,1.37149918079,-0.225482955575,-0.116014041007,-0.656264662743,-0.710644066334
-0.552493214607,-0.241187244654,1.3715133667,-0.225053265691,-0.117171421647,-0.653818845749,-0.712841391563
-0.552487969398,-0.241303324699,1.37146496773,-0.224217534065,-0.11475148797,-0.65127748251,-0.715818703175
-0.552452385426,-0.241534888744,1.37145221233,-0.223169654608,-0.116791918874,-0.649108529091,-0.717783510685
-0.552417397499,-0.241792470217,1.37141418457,-0.223102733493,-0.116417355835,-0.646557807922,-0.720163285732
-0.552338600159,-0.241970509291,1.37136399746,-0.222420200706,-0.115586623549,-0.644472718239,-0.722373843193
-0.552375078201,-0.242220044136,1.3713259697,-0.221697792411,-0.116510517895,-0.643019020557,-0.723741590977
-0.552230298519,-0.242298170924,1.37123596668,-0.220718428493,-0.113793477416,-0.641067922115,-0.72619998455
-0.55219578743,-0.242467209697,1.37121939659,-0.220024764538,-0.112958364189,-0.639691114426,-0.727753281593
-0.552155673504,-0.24260789156,1.37120258808,-0.219675377011,-0.111744269729,-0.638272166252,-0.729290604591
-0.552174985409,-0.242895036936,1.37118887901,-0.219087928534,-0.112976334989,-0.637659013271,-0.72981351614
-0.552193641663,-0.242998987436,1.37120437622,-0.218547359109,-0.111333884299,-0.636559784412,-0.731186389923
-0.552204370499,-0.243193268776,1.37120687962,-0.218415006995,-0.110554635525,-0.635821044445,-0.73198646307
-0.552213907242,-0.243238314986,1.37123143673,-0.2172318995,-0.10851559788,-0.6352237463,-0.733161389828
-0.552231490612,-0.243495583534,1.37141501904,-0.216982185841,-0.108778849244,-0.635007321835,-0.733383715153
-0.552184760571,-0.243584141135,1.37146127224,-0.217020988464,-0.10627540946,-0.633994817734,-0.734614133835
-0.552246809006,-0.243783563375,1.37133538723,-0.217479526997,-0.107220508158,-0.633744478226,-0.734557330608
-0.5523250103,-0.243933171034,1.37139117718,-0.217200249434,-0.106490589678,-0.633527100086,-0.734933495522
-0.552404642105,-0.243984401226,1.37147927284,-0.215769886971,-0.103819698095,-0.633433818817,-0.735816836357
-0.552596867085,-0.244153738022,1.37161290646,-0.215487807989,-0.103653408587,-0.633079051971,-0.736228227615
-0.552652955055,-0.244347527623,1.37161421776,-0.215681761503,-0.103931695223,-0.63292658329,-0.736263096333
-0.552550375462,-0.244485288858,1.37151455879,-0.215812563896,-0.102782994509,-0.632641375065,-0.736631333828
-0.552593231201,-0.244555234909,1.37151813507,-0.215039461851,-0.100501172245,-0.632367253304,-0.737407147884
-0.552593231201,-0.244555234909,1.37151813507,-0.215039461851,-0.100501172245,-0.632367253304,-0.737407147884
-0.552697777748,-0.244784891605,1.37144577503,-0.213992312551,-0.0985907465219,-0.631977498531,-0.738303184509
-0.552803814411,-0.244938328862,1.37142407894,-0.213638797402,-0.0979258343577,-0.631767868996,-0.738673329353
-0.552887022495,-0.245084732771,1.37140655518,-0.213338926435,-0.0973869264126,-0.631732106209,-0.738861918449
-0.552964091301,-0.245244458318,1.37138473988,-0.213361084461,-0.0963531509042,-0.631442129612,-0.739238858223
-0.552964091301,-0.245244458318,1.37138473988,-0.213361084461,-0.0963531509042,-0.631442129612,-0.739238858223
-0.553112864494,-0.245546221733,1.37133765221,-0.212791740894,-0.0954433679581,-0.63103300333,-0.739870071411
-0.553205668926,-0.245687454939,1.37131214142,-0.212508037686,-0.0951519235969,-0.630974888802,-0.740038692951
-0.5533208251,-0.245808452368,1.37128603458,-0.21270082891,-0.096130438149,-0.630967795849,-0.739862799644
-0.553392648697,-0.245985969901,1.37127077579,-0.212452098727,-0.0962418690324,-0.631055653095,-0.739844918251
-0.553547084332,-0.246121495962,1.37134432793,-0.212347373366,-0.096094571054,-0.630942702293,-0.739990413189
-0.55373775959,-0.246338605881,1.37138640881,-0.212515026331,-0.0969594195485,-0.630839169025,-0.739917635918
-0.553783655167,-0.246506080031,1.37140774727,-0.211651742458,-0.0953675806522,-0.631020724773,-0.740217328072
-0.553837478161,-0.246656402946,1.37138903141,-0.211791723967,-0.0946823731065,-0.630953013897,-0.740322947502
-0.553843975067,-0.246749460697,1.37137663364,-0.211379140615,-0.0930888354778,-0.63083922863,-0.740739643574
-0.553879201412,-0.246869117022,1.37138581276,-0.211388111115,-0.0928233712912,-0.630832731724,-0.740775883198
-0.553750872612,-0.246932059526,1.37126111984,-0.211118370295,-0.0912042111158,-0.630744338036,-0.741129159927
-0.553969621658,-0.247142493725,1.37136983871,-0.211308330297,-0.0917875617743,-0.630652189255,-0.741081357002
-0.553969621658,-0.247142493725,1.37136983871,-0.211308330297,-0.0917875617743,-0.630652189255,-0.741081357002
-0.553862035275,-0.247408255935,1.37122988701,-0.210957795382,-0.0913171991706,-0.63080906868,-0.741106033325
-0.553713262081,-0.247211575508,1.37118303776,-0.21079185605,-0.088853277266,-0.630164563656,-0.742000341415
-0.553837180138,-0.247491315007,1.37120807171,-0.210604146123,-0.0891684517264,-0.630463778973,-0.741761744022
-0.553910255432,-0.24768961966,1.37120068073,-0.2103767097,-0.0892044231296,-0.630668222904,-0.741647958755
-0.553910255432,-0.24768961966,1.37120068073,-0.2103767097,-0.0892044231296,-0.630668222904,-0.741647958755
-0.55395179987,-0.247940182686,1.37120246887,-0.21034963429,-0.0885192528367,-0.630633175373,-0.741767525673
-0.553988933563,-0.24799798429,1.37119531631,-0.210281774402,-0.0880676954985,-0.630401194096,-0.742037713528
-0.554084777832,-0.248221382499,1.37124454975,-0.211031392217,-0.0888871625066,-0.630292952061,-0.741819083691
-0.554084777832,-0.248221382499,1.37124454975,-0.211031392217,-0.0888871625066,-0.630292952061,-0.741819083691
-0.554089546204,-0.248467132449,1.3712220192,-0.210835516453,-0.0882476568222,-0.630403578281,-0.741857171059
-0.554158270359,-0.248624771833,1.3712310791,-0.210623383522,-0.0883509293199,-0.630474925041,-0.741844534874
-0.554109990597,-0.248662307858,1.37115466595,-0.210032910109,-0.0864911600947,-0.630241453648,-0.742429316044
-0.554136812687,-0.248862922192,1.37114310265,-0.209936186671,-0.0879095494747,-0.63046681881,-0.742098748684
-0.554174125195,-0.248969823122,1.37114870548,-0.209739267826,-0.0876763314009,-0.630474865437,-0.742175042629
-0.554198980331,-0.249058827758,1.37115335464,-0.209549963474,-0.0874519869685,-0.630443155766,-0.742281794548
-0.554249167442,-0.24914881587,1.37115395069,-0.209742620587,-0.0872507616878,-0.63038957119,-0.742296636105
-0.554302275181,-0.249266982079,1.37119579315,-0.209753930569,-0.0870311111212,-0.630377829075,-0.74232929945
-0.55433678627,-0.249333679676,1.37120521069,-0.209696888924,-0.0866956263781,-0.630380213261,-0.742382645607
-0.55433678627,-0.249333679676,1.37120521069,-0.209696888924,-0.0866956263781,-0.630380213261,-0.742382645607
-0.554443240166,-0.249439507723,1.37121915817,-0.209467574954,-0.0848111435771,-0.63013368845,-0.742874026299
-0.554496109486,-0.249578237534,1.37125730515,-0.209344089031,-0.0846563503146,-0.630326986313,-0.742762625217
-0.554534137249,-0.249627888203,1.3712747097,-0.209296822548,-0.0844013988972,-0.630301654339,-0.742826581001
-0.554534137249,-0.249627888203,1.3712747097,-0.209296822548,-0.0844013988972,-0.630301654339,-0.742826581001
-0.554653406143,-0.249680355191,1.37131869793,-0.209023758769,-0.0838827043772,-0.630403280258,-0.742875754833
-0.554723203182,-0.249780148268,1.37133932114,-0.206376805902,-0.0859295502305,-0.631282448769,-0.742635428905
-0.554821908474,-0.249732509255,1.37138319016,-0.209059178829,-0.0842724218965,-0.63038277626,-0.742839097977
-0.55494594574,-0.249755680561,1.37143063545,-0.208830848336,-0.0842118859291,-0.630384862423,-0.742908537388
-0.55502474308,-0.249786704779,1.37143158913,-0.206105485559,-0.0854884758592,-0.631157696247,-0.742867648602
-0.555153608322,-0.24972474575,1.37146377563,-0.208748951554,-0.0837420001626,-0.630268335342,-0.743083536625
-0.555286169052,-0.249708071351,1.3715069294,-0.208577692509,-0.0835251733661,-0.630199015141,-0.743214666843
-0.555418491364,-0.249703750014,1.37156510353,-0.208371788263,-0.0834430679679,-0.630243837833,-0.743243694305
-0.555560767651,-0.249645724893,1.37158596516,-0.207816228271,-0.0833015292883,-0.630399644375,-0.743283033371
-0.555699527264,-0.249651789665,1.37161779404,-0.208017587662,-0.0843687057495,-0.630440115929,-0.743072092533
-0.555876493454,-0.249572038651,1.37169933319,-0.207907229662,-0.0841538757086,-0.630433917046,-0.743132472038
-0.556062757969,-0.249504491687,1.3717546463,-0.207746446133,-0.0840973332524,-0.630413472652,-0.743201136589
-0.55640900135,-0.249347612262,1.37210476398,-0.20791015029,-0.0833633095026,-0.62992978096,-0.743647992611
-0.556444168091,-0.249216109514,1.37204754353,-0.207137033343,-0.0823254585266,-0.630251765251,-0.743706703186
-0.556686758995,-0.249107539654,1.3721241951,-0.20678332448,-0.082122810185,-0.630341470242,-0.74375140667
-0.556917488575,-0.248915299773,1.37216365337,-0.206667527556,-0.0818939357996,-0.63038122654,-0.743775129318
-0.557155966759,-0.248755261302,1.37224674225,-0.206302061677,-0.0805384740233,-0.630377531052,-0.744027793407
-0.557434260845,-0.248609989882,1.37232065201,-0.205719232559,-0.0803378596902,-0.630612552166,-0.744011521339
-0.557791173458,-0.248558923602,1.37247514725,-0.204723134637,-0.0807041451335,-0.63137024641,-0.743603944778
-0.558025360107,-0.24828633666,1.37249732018,-0.204149857163,-0.0800681337714,-0.631484150887,-0.743733525276
-0.558272778988,-0.248085707426,1.37259721756,-0.203650593758,-0.0795386433601,-0.631779849529,-0.743676245213
-0.558601140976,-0.248049601912,1.37271273136,-0.202877819538,-0.0809421539307,-0.632765710354,-0.74289727211
-0.559041380882,-0.247928366065,1.37288069725,-0.202731221914,-0.0822673887014,-0.633290350437,-0.742344617844
-0.559041380882,-0.247928366065,1.37288069725,-0.202731221914,-0.0822673887014,-0.633290350437,-0.742344617844
-0.559815526009,-0.247408494353,1.37314772606,-0.201194867492,-0.0824729353189,-0.633933007717,-0.742191374302
-0.560191988945,-0.247178673744,1.37330424786,-0.200182005763,-0.0808451622725,-0.634392023087,-0.74225205183
-0.560603618622,-0.246868222952,1.37344002724,-0.199656292796,-0.0795711651444,-0.634677529335,-0.742287158966
-0.561043441296,-0.246505647898,1.37361288071,-0.198708027601,-0.0809580236673,-0.635104238987,-0.742026627064
-0.561464011669,-0.246279805899,1.37379860878,-0.197742059827,-0.0805687755346,-0.63556855917,-0.741929590702
-0.561464011669,-0.246279805899,1.37379860878,-0.197742059827,-0.0805687755346,-0.63556855917,-0.741929590702
-0.562333464622,-0.245783209801,1.37407457829,-0.196458667517,-0.0820046663284,-0.636686086655,-0.741154432297
-0.562864840031,-0.245513617992,1.37425243855,-0.196212336421,-0.08436768502,-0.637296140194,-0.74042993784
-0.563207507133,-0.244863092899,1.37435078621,-0.195602625608,-0.0834648683667,-0.636832594872,-0.741092085838
-0.563753247261,-0.244571685791,1.37454712391,-0.194497227669,-0.0818475782871,-0.637052178383,-0.741374790668
-0.564197003841,-0.24421466887,1.3746625185,-0.193103894591,-0.0818908512592,-0.637375473976,-0.741456151009
-0.564689934254,-0.243788570166,1.37481212616,-0.192291975021,-0.0820516496897,-0.637434244156,-0.741599023342
-0.565196692944,-0.243480175734,1.37498629093,-0.191405877471,-0.0827709063888,-0.637939691544,-0.741313517094
-0.565196692944,-0.243480175734,1.37498629093,-0.191405877471,-0.0827709063888,-0.637939691544,-0.741313517094
-0.566125154495,-0.242624104023,1.37524485588,-0.18890196085,-0.0829830765724,-0.638151586056,-0.741749584675
-0.566697001457,-0.242266565561,1.37533688545,-0.188482403755,-0.0852052867413,-0.638455927372,-0.741342425346
-0.567201077938,-0.241888418794,1.37546885014,-0.187171489,-0.0858399346471,-0.638877332211,-0.741238415241
-0.567733407021,-0.241479367018,1.37563300133,-0.186547160149,-0.0872646644711,-0.638704061508,-0.741378486156
-0.568180501461,-0.240912273526,1.37570261955,-0.185423925519,-0.0872510075569,-0.638534426689,-0.741807997227
-0.568686187267,-0.240264222026,1.37586867809,-0.184945017099,-0.0855981260538,-0.638249993324,-0.742364704609
-0.569151580334,-0.239826232195,1.37594175339,-0.182921588421,-0.0858755409718,-0.638720393181,-0.742429375648
-0.569572210312,-0.239403039217,1.37603139877,-0.181622669101,-0.085976421833,-0.638921201229,-0.742563843727
-0.57005906105,-0.238968387246,1.37618565559,-0.18074773252,-0.0869001448154,-0.639057397842,-0.742552638054
-0.570589542389,-0.238546103239,1.37632596493,-0.180308923125,-0.0869921147823,-0.639173328876,-0.742548704147
-0.571222245693,-0.238138973713,1.37657594681,-0.179205387831,-0.0880675688386,-0.639398634434,-0.742495119572
-0.571654438972,-0.237628370523,1.37669813633,-0.17817953229,-0.0885400548577,-0.639625668526,-0.7424903512
-0.572005629539,-0.237082719803,1.37667775154,-0.176486238837,-0.0878129005432,-0.639991223812,-0.742666065693
-0.572520792484,-0.236576482654,1.3768248558,-0.175696700811,-0.0880962088704,-0.64011734724,-0.742711007595
-0.572929859161,-0.235878765583,1.37691438198,-0.174996256828,-0.0887654572725,-0.640299379826,-0.74263972044
-0.573441028595,-0.235509768128,1.37709283829,-0.173371747136,-0.0884138643742,-0.640793681145,-0.742636442184
-0.573893606663,-0.235022753477,1.37722861767,-0.173378437757,-0.0884297788143,-0.640856087208,-0.742579042912
-0.574545145035,-0.234501197934,1.37745583057,-0.173002183437,-0.0888944268227,-0.641165673733,-0.742344081402
-0.574947059155,-0.233940601349,1.37760007381,-0.172481581569,-0.0874051526189,-0.641361892223,-0.742472469807
-0.575199723244,-0.233393877745,1.3775408268,-0.17147885263,-0.0885701477528,-0.642249703407,-0.741798996925
-0.575616598129,-0.232732489705,1.37757670879,-0.170835286379,-0.0864293053746,-0.642218589783,-0.742226839066
-0.576061666012,-0.232262969017,1.3777474165,-0.170561313629,-0.0876576006413,-0.642880022526,-0.741572856903
-0.576477587223,-0.231882452965,1.37785792351,-0.170249119401,-0.08867957443,-0.643837332726,-0.740692019463
-0.576477587223,-0.231882452965,1.37785792351,-0.170249119401,-0.08867957443,-0.643837332726,-0.740692019463
-0.577314972878,-0.231028944254,1.37809300423,-0.169441968203,-0.0890963301063,-0.645711004734,-0.739194631577
-0.57763749361,-0.23056063056,1.37815511227,-0.168787330389,-0.0881656631827,-0.646729111671,-0.738565683365
-0.577979564667,-0.230039089918,1.3781080246,-0.168895438313,-0.0873545408249,-0.647630751133,-0.737846851349
-0.578548312187,-0.229667454958,1.37839066982,-0.167879521847,-0.0872845053673,-0.648640453815,-0.737199723721
-0.578810572624,-0.229035705328,1.37832474709,-0.168415173888,-0.0860233604908,-0.649787783623,-0.73621481657
-0.579232394695,-0.228919640183,1.37841916084,-0.169503480196,-0.0876875668764,-0.650970458984,-0.734722554684
-0.579340696335,-0.228288292885,1.3783813715,-0.16394123435,-0.0888370200992,-0.654317498207,-0.732871115208
-0.579673349857,-0.227823778987,1.3783993721,-0.164428442717,-0.0869954675436,-0.656028747559,-0.731451690197
-0.580017030239,-0.227514982224,1.37843859196,-0.16568993032,-0.087228178978,-0.657795250416,-0.729550242424
-0.5803399086,-0.227061361074,1.37849330902,-0.166352763772,-0.0853348746896,-0.659494638443,-0.728087663651
-0.580728888512,-0.226792007685,1.37853348255,-0.168045029044,-0.0858846381307,-0.661744832993,-0.725588321686
-0.58099770546,-0.226309627295,1.37849628925,-0.169423162937,-0.0818539112806,-0.663293421268,-0.724318683147
-0.581270873547,-0.226079165936,1.37845265865,-0.171019405127,-0.084167547524,-0.665731489658,-0.721435904503
-0.58162355423,-0.225812375546,1.37841176987,-0.173721313477,-0.0847950279713,-0.667944014072,-0.718666553497
-0.581901729107,-0.225501313806,1.3784031868,-0.175217047334,-0.0822437852621,-0.670003652573,-0.716680049896
-0.58216881752,-0.22523842752,1.37836325169,-0.17700368166,-0.0809688046575,-0.672268927097,-0.71426063776
-0.582399249077,-0.224890947342,1.37833869457,-0.177100256085,-0.0750928595662,-0.674013257027,-0.713234007359
-0.582697689533,-0.224704921246,1.37819457054,-0.181290566921,-0.0768816769123,-0.676126182079,-0.709983468056
-0.582796752453,-0.224506676197,1.37812423706,-0.178171351552,-0.0784345194697,-0.679769456387,-0.707118570805
-0.582989871502,-0.224362239242,1.37804841995,-0.179593265057,-0.0785792171955,-0.681668400764,-0.704911231995
-0.583168506622,-0.224163815379,1.37796795368,-0.18204779923,-0.0788653567433,-0.683430314064,-0.702539682388
-0.583313882351,-0.224032044411,1.37789547443,-0.184043183923,-0.0796265825629,-0.685038208961,-0.700364470482
-0.583426594734,-0.223861843348,1.37778675556,-0.184987545013,-0.0798561498523,-0.686981916428,-0.698182344437
-0.583567976952,-0.223810717463,1.37771296501,-0.186649993062,-0.0810657292604,-0.688620269299,-0.695982933044
-0.583619236946,-0.223593726754,1.37763834,-0.190370738506,-0.082394182682,-0.688627481461,-0.694811105728
-0.583619594574,-0.223497852683,1.37748527527,-0.190750002861,-0.0831964313984,-0.690465509892,-0.692784368992
-0.583689510822,-0.223528265953,1.37749803066,0.192625120282,0.0836170613766,0.691381275654,0.691300094128
-0.583750486374,-0.223554044962,1.37743163109,0.193377792835,0.0850519761443,0.692383766174,0.689909994602
-0.583685815334,-0.223439857364,1.3773419857,0.194880977273,0.0856766924262,0.692056059837,0.689738750458
-0.583442509174,-0.223306357861,1.37716782093,0.196436539292,0.0848706364632,0.691427111626,0.69002777338
-0.583439230919,-0.223363265395,1.37706613541,0.194562032819,0.0845286250114,0.6936019063,0.688416361809
-0.583341360092,-0.223413676023,1.37699103355,0.196161553264,0.0860087499022,0.693247795105,0.688135683537
-0.583190560341,-0.223400443792,1.37695920467,0.196390628815,0.0868640467525,0.693684875965,0.687522113323
-0.583063364029,-0.223420143127,1.37690353394,0.194806933403,0.0879947915673,0.694844007492,0.686657965183
-0.583003222942,-0.223130583763,1.37688755989,0.195915073156,0.0875512883067,0.691707015038,0.689560353756
-0.582813382149,-0.223543286324,1.37678349018,0.193980619311,0.0881083533168,0.69541233778,0.686301827431
-0.582813382149,-0.223543286324,1.37678349018,0.193980619311,0.0881083533168,0.69541233778,0.686301827431
-0.582461357117,-0.223096579313,1.37668263912,0.193205267191,0.0873948335648,0.696168601513,0.685844898224
-0.582433462143,-0.222858995199,1.37670040131,0.195401147008,0.0861823856831,0.695283174515,0.686274409294
-0.582540214062,-0.223263025284,1.37676787376,0.19256131351,0.08975995332,0.698092341423,0.683762073517
-0.582448482513,-0.222990453243,1.37677979469,0.193503990769,0.0880136787891,0.697488427162,0.684338986874
-0.582710683346,-0.22297744453,1.37676465511,0.191236674786,0.0862926468253,0.700519800186,0.682095527649
-0.582918405533,-0.222613364458,1.37681674957,0.192847251892,0.0806500315666,0.700338363647,0.682518601418
-0.58285599947,-0.222327426076,1.37685441971,0.193104952574,0.0810320451856,0.699680328369,0.683075249195
-0.58285599947,-0.222327426076,1.37685441971,0.193104952574,0.0810320451856,0.699680328369,0.683075249195
-0.58288359642,-0.221774339676,1.37694180012,0.19257697463,0.0811010599136,0.701456308365,0.681392490864
-0.58297419548,-0.221376568079,1.37705910206,0.193765684962,0.0805425569415,0.701531410217,0.681044399738
-0.582948923111,-0.221093580127,1.37700223923,0.192303448915,0.0809383615851,0.703571677208,0.679304838181
-0.58319991827,-0.220799818635,1.3771905899,0.191604316235,0.0813847780228,0.705996096134,0.676929593086
-0.583295464516,-0.220256209373,1.37722015381,0.192242145538,0.085155300796,0.706946194172,0.675291538239
-0.583365559578,-0.219748347998,1.37731552124,0.192702502012,0.0793722346425,0.706514835358,0.676315486431
-0.583363890648,-0.219363704324,1.37730014324,0.190574139357,0.0840153098106,0.709884047508,0.672820746899
-0.583413720131,-0.218832463026,1.37729072571,0.19074498117,0.0839017704129,0.711696207523,0.670869112015
-0.583546161652,-0.218364268541,1.377420187,0.189484879375,0.0842998698354,0.713773012161,0.668967425823
-0.58362942934,-0.217633724213,1.37752997875,0.19170486927,0.0821316763759,0.712867856026,0.669569432735
-0.583125054836,-0.217263281345,1.37745738029,0.191054657102,0.0945343598723,0.716065645218,0.664689123631
-0.58311611414,-0.216726273298,1.37745404243,0.189888611436,0.0936343669891,0.718815803528,0.662177324295
-0.583079814911,-0.216131106019,1.3774882555,0.18894135952,0.093719728291,0.720467269421,0.660639643669
-0.583036780357,-0.215551525354,1.37750041485,0.188019841909,0.0935066044331,0.722400784492,0.658818900585
-0.582997620106,-0.214678525925,1.37758123875,0.189430937171,0.0881040394306,0.722457945347,0.659096479416
-0.582970321178,-0.214134857059,1.37763190269,0.188298210502,0.0906660556793,0.725145220757,0.656115829945
-0.583095431328,-0.213525384665,1.37779641151,0.187628865242,0.0899916291237,0.727265179157,0.654050827026
-0.583094120026,-0.212922930717,1.37788081169,0.187657877803,0.0907171219587,0.729096055031,0.651900231838
-0.583109438419,-0.211932078004,1.37797021866,0.186836242676,0.0881791338325,0.73024636507,0.651196718216
-0.583251655102,-0.211303979158,1.3781914711,0.186550065875,0.0889797508717,0.732034265995,0.649159193039
-0.583251655102,-0.211303979158,1.3781914711,0.186550065875,0.0889797508717,0.732034265995,0.649159193039
-0.583687841892,-0.209753572941,1.37860703468,0.186505123973,0.0918231979012,0.732643306255,0.648088037968
-0.5834441185,-0.208892673254,1.37854790688,0.1863489151,0.0906105190516,0.734948754311,0.64568901062
-0.583547532558,-0.208074569702,1.37873542309,0.185023933649,0.0920176655054,0.736315488815,0.644312560558
-0.583441674709,-0.207375481725,1.37877750397,0.183992564678,0.0923669338226,0.738015651703,0.642610371113
-0.583434104919,-0.206651434302,1.37895715237,0.181810468435,0.0935250520706,0.739296376705,0.641590952873
-0.583550989628,-0.205428779125,1.37924516201,0.183658912778,0.092231720686,0.74090898037,0.639387667179
-0.583514750004,-0.205075383186,1.37927794456,0.179504111409,0.0964258462191,0.740837275982,0.640031576157
-0.583569288254,-0.203997775912,1.37941503525,0.179433971643,0.0984045043588,0.738900721073,0.64198577404
-0.583309829235,-0.203100383282,1.37946689129,0.178126260638,0.09467202425,0.740263223648,0.641341328621
-0.583058416843,-0.202505797148,1.37942576408,0.1751088202,0.0982886627316,0.742200255394,0.639386415482
-0.58299022913,-0.201600342989,1.37956106663,0.174148127437,0.097591035068,0.742237508297,0.639712572098
-0.583044469357,-0.201141357422,1.37982833385,0.172038659453,0.0994109064341,0.742473900318,0.639728605747
-0.582769036293,-0.200129628181,1.37970519066,0.170854449272,0.104979410768,0.743502795696,0.637959063053
-0.582378089428,-0.199106097221,1.37972223759,0.168973982334,0.0999316051602,0.743301808834,0.639503002167
-0.582278370857,-0.198419809341,1.37982976437,0.167359188199,0.101495720446,0.743327200413,0.639651834965
-0.582105457783,-0.197544485331,1.37994217873,0.166819319129,0.102482169867,0.743252396584,0.639722287655
-0.582083404064,-0.197167590261,1.38009595871,0.165286302567,0.105863593519,0.74413383007,0.638543784618
-0.581936061382,-0.19617575407,1.38027310371,0.1638558954,0.107762038708,0.744770944118,0.637851834297
-0.581845760345,-0.195407226682,1.38035428524,0.162106320262,0.108929254115,0.745698332787,0.637016415596
-0.581482768059,-0.194414883852,1.38038229942,0.161882132292,0.108373381197,0.745188236237,0.637764692307
-0.581358730793,-0.193561166525,1.3805795908,0.161041811109,0.110296465456,0.745279848576,0.637540757656
-0.581135869026,-0.192711889744,1.38063073158,0.158726871014,0.111334457994,0.746225297451,0.63683450222
-0.581078112125,-0.191922962666,1.38084173203,0.157813474536,0.112584918737,0.746713340282,0.636269330978
-0.580740809441,-0.190990120173,1.38077712059,0.15528164804,0.113893643022,0.748541593552,0.634508788586
-0.580701470375,-0.190177276731,1.38093543053,0.154538571835,0.114743992686,0.749247074127,0.633703768253
-0.580659091473,-0.189438834786,1.3812738657,0.154448971152,0.117774643004,0.749497771263,0.632872581482
-0.580425322056,-0.18827933073,1.38131797314,0.154594808817,0.115962356329,0.749582588673,0.633071243763
-0.580350935459,-0.187598213553,1.38142764568,0.153581470251,0.119897522032,0.750925898552,0.63098949194
-0.580083250999,-0.186480745673,1.38146281242,0.153709903359,0.118811950088,0.75175511837,0.630175590515
-0.580071210861,-0.18558897078,1.38158762455,0.153125628829,0.119670577347,0.752974569798,0.628697633743
-0.579820811749,-0.184467032552,1.38151144981,0.152551084757,0.119376987219,0.753991723061,0.627673506737
-0.579658091068,-0.183676972985,1.38162589073,0.15108011663,0.122238099575,0.755945503712,0.625123202801
-0.579610109329,-0.182519868016,1.38155317307,0.150923863053,0.121576286852,0.756735384464,0.624333798885
-0.579528331757,-0.18176138401,1.38176572323,0.150506228209,0.123063258827,0.757817208767,0.622829496861
-0.579406619072,-0.180632814765,1.38179135323,0.149992644787,0.122315183282,0.759794592857,0.620687961578
-0.579358994961,-0.179631218314,1.38188290596,0.148566961288,0.122633971274,0.761477828026,0.618902623653
-0.579353749752,-0.17795842886,1.38202989101,0.15223197639,0.120643556118,0.763754665852,0.615588724613
-0.579217791557,-0.177163898945,1.38192594051,0.148937761784,0.120073854923,0.76417863369,0.615979611874
-0.579246282578,-0.175898134708,1.38188540936,0.149007186294,0.119540460408,0.765078186989,0.61494910717
-0.579246282578,-0.175898134708,1.38188540936,0.149007186294,0.119540460408,0.765078186989,0.61494910717
-0.579161703587,-0.173699185252,1.38218438625,0.147288009524,0.119089819491,0.768210947514,0.611535668373
-0.579070866108,-0.172453284264,1.38217294216,0.146044507623,0.117285422981,0.769706308842,0.610300958157
-0.579226434231,-0.171038076282,1.38243997097,0.14866694808,0.119574762881,0.771891117096,0.606452226639
-0.579331994057,-0.170362621546,1.38235020638,0.143822684884,0.119604632258,0.772534251213,0.606795191765
-0.579397082329,-0.168980106711,1.38243377209,0.143460899591,0.117523536086,0.773048400879,0.606632828712
-0.579359412193,-0.167428523302,1.38256168365,0.144442692399,0.116190440953,0.775545477867,0.603461146355
-0.579465270042,-0.166542723775,1.38259470463,0.140744045377,0.115147553384,0.775212466717,0.604961156845
-0.579725682735,-0.16550257802,1.38278985023,0.139304682612,0.116231150925,0.776281297207,0.603715181351
-0.579754650593,-0.164204493165,1.38281476498,0.138140425086,0.114838898182,0.776877522469,0.603481948376
-0.580074608326,-0.162666529417,1.38303756714,0.139318406582,0.115368522704,0.778344154358,0.601216077805
-0.580175161362,-0.161757975817,1.38325977325,0.137416288257,0.117251709104,0.779186010361,0.600198447704
-0.580318510532,-0.16044574976,1.38330054283,0.135893106461,0.116678602993,0.779855906963,0.599786520004
-0.580502748489,-0.159626036882,1.38330960274,0.131797447801,0.115199007094,0.779048383236,0.602031826973
-0.580858469009,-0.158536970615,1.3833976984,0.13027587533,0.115526489913,0.779479861259,0.601741611958
-0.581079125404,-0.157128497958,1.38342010975,0.130281820893,0.116210348904,0.781365931034,0.59915715456
-0.581166625023,-0.15568113327,1.38338553905,0.128807127476,0.115054264665,0.781404495239,0.599648535252
-0.582022488117,-0.155725762248,1.38381314278,0.124872706831,0.120800822973,0.78081035614,0.600124299526
-0.58243393898,-0.154194027185,1.38359487057,0.124491594732,0.117081411183,0.78049236536,0.601353168488
-0.582701683044,-0.153606772423,1.38370573521,0.121088385582,0.121116794646,0.782190680504,0.599037766457
-0.583132445812,-0.152295440435,1.3838378191,0.120852030814,0.119471803308,0.782015860081,0.599643528461
-0.583115279675,-0.150472074747,1.38367319107,0.122025154531,0.120460577309,0.784064590931,0.596524775028
-0.583626866341,-0.150004938245,1.38354408741,0.11718736589,0.120867915452,0.783582508564,0.598044037819
-0.584050178528,-0.149020686746,1.38369894028,0.116623386741,0.120555959642,0.783938765526,0.59775018692
-0.584373831749,-0.147968813777,1.38375651836,0.114931821823,0.121061749756,0.784803807735,0.59683996439
-0.584510505199,-0.146665289998,1.38363385201,0.113905571401,0.120146088302,0.785992860794,0.595655620098
-0.584670007229,-0.144975215197,1.38344979286,0.114997401834,0.120721258223,0.787874996662,0.5928363204
-0.585145175457,-0.144242867827,1.38376736641,0.113706484437,0.122162669897,0.788828670979,0.591520607471
-0.58535349369,-0.143230780959,1.38370907307,0.112515188754,0.121406577528,0.790018439293,0.590315043926
-0.585604846478,-0.142105907202,1.38361513615,0.111325733364,0.121563054621,0.791328251362,0.588751733303
-0.585821151733,-0.141072452068,1.38368320465,0.10982542485,0.121596314013,0.792740225792,0.587125122547
-0.58622610569,-0.140637740493,1.38382053375,0.106447786093,0.122302822769,0.792748868465,0.587588489056
-0.586555838585,-0.139513149858,1.38369750977,0.104993201792,0.122055463493,0.793630480766,0.586710929871
-0.586451411247,-0.13821105659,1.38361811638,0.104415722191,0.121986344457,0.795377671719,0.584458053112
-0.58655500412,-0.136804774404,1.38368976116,0.105196587741,0.121134191751,0.797767460346,0.5812292099
-0.586691260338,-0.135857090354,1.38383233547,0.103452406824,0.121403709054,0.799326181412,0.579341351986
-0.586871862411,-0.134844332933,1.38374376297,0.102720618248,0.122925855219,0.800844728947,0.577048838139
-0.587045311928,-0.133871585131,1.38380300999,0.101138845086,0.122016370296,0.802699625492,0.574940264225
-0.587072253227,-0.133453637362,1.38396394253,0.0968660265207,0.122899614275,0.802844405174,0.575285673141
-0.587145149708,-0.132174834609,1.38378822803,0.0971525087953,0.11989351362,0.804432272911,0.573651134968
-0.587169587612,-0.130941718817,1.38384032249,0.0978654325008,0.12211240083,0.806903600693,0.569576740265
-0.587249219418,-0.130449205637,1.3841919899,0.0961952731013,0.123357318342,0.808332145214,0.567563772202
-0.587201178074,-0.129352599382,1.38399088383,0.0950209274888,0.123718418181,0.810352921486,0.564794540405
-0.587302267551,-0.129029944539,1.384121418,0.0912458896637,0.122992806137,0.810767829418,0.564979970455
-0.587209582329,-0.127991065383,1.38386189938,0.0901067331433,0.126125589013,0.812686920166,0.561705648899
-0.587195515633,-0.126885280013,1.38377571106,0.0893208086491,0.123252920806,0.814190268517,0.560290038586
-0.587076365948,-0.125914946198,1.38404858112,0.0901852995157,0.124959416687,0.816800415516,0.555957615376
-0.586902737617,-0.12485909462,1.38394415379,0.0899367183447,0.125579476357,0.81830060482,0.553647458553
-0.586903452873,-0.124207295477,1.38404107094,0.0882645100355,0.125070437789,0.819800615311,0.551809489727
-0.586733818054,-0.12330891192,1.38403367996,0.0884943157434,0.1246496737,0.821461498737,0.549392640591
-0.586626052856,-0.122544556856,1.38405549526,0.0877272039652,0.126725316048,0.823103666306,0.546575665474
-0.586421072483,-0.121733248234,1.38404083252,0.085823610425,0.12771423161,0.82521033287,0.543462514877
-0.586329817772,-0.120915368199,1.38386499882,0.0852836966515,0.127157464623,0.827042639256,0.540886461735
-0.586064279079,-0.12005776912,1.38400554657,0.0844386294484,0.126977622509,0.82832556963,0.53909522295
-0.585996925831,-0.119202651083,1.38391852379,0.0843686908484,0.128520712256,0.829509615898,0.5369156003
-0.585996925831,-0.119202651083,1.38391852379,0.0843686908484,0.128520712256,0.829509615898,0.5369156003
-0.585772395134,-0.117542654276,1.38381636143,0.0828088372946,0.127548471093,0.832612395287,0.532569825649
-0.585490167141,-0.11688310653,1.38393855095,0.0816271305084,0.1279848665,0.834100425243,0.530314445496
-0.585306346416,-0.116114735603,1.38394165039,0.0807244256139,0.126357719302,0.835466504097,0.528690099716
-0.58506000042,-0.115320794284,1.38385272026,0.0802826881409,0.128077566624,0.836555182934,0.526617825031
-0.584800839424,-0.114654563367,1.3839224577,0.078939832747,0.128249213099,0.837925255299,0.524596869946
-0.584598064423,-0.113947242498,1.38395106792,0.0792946591973,0.130206346512,0.839019179344,0.522308051586
-0.584133028984,-0.113282337785,1.38412380219,0.0773417204618,0.127123296261,0.84054261446,0.520909070969
-0.584256291389,-0.112517610192,1.38383877277,0.0779716521502,0.131028681993,0.84167444706,0.518011689186
-0.583772957325,-0.111894831061,1.38409614563,0.0767868533731,0.129710122943,0.842824220657,0.516649127007
-0.583639383316,-0.111308127642,1.38414287567,0.0767785310745,0.132040753961,0.843715250492,0.514601707458
-0.583303689957,-0.110599502921,1.38410115242,0.075543962419,0.132085442543,0.845071077347,0.512544155121
-0.583172976971,-0.109507232904,1.38386893272,0.0759024843574,0.129807248712,0.846046924591,0.511462271214
-0.58319067955,-0.10898514837,1.38396441936,0.0761919096112,0.132124856114,0.846735239029,0.509683668613
-0.582636058331,-0.108102850616,1.38402223587,0.0749607309699,0.129393219948,0.848115086555,0.508270859718
-0.582719087601,-0.107623897493,1.38403570652,0.074857801199,0.132225528359,0.848680794239,0.506610155106
-0.582469463348,-0.106769904494,1.3838467598,0.0738710686564,0.13000664115,0.849871635437,0.505331218243
-0.582249641418,-0.106248490512,1.38406229019,0.0744642317295,0.13198249042,0.850640654564,0.503434419632
-0.582107126713,-0.105550996959,1.38395380974,0.0740234553814,0.132268115878,0.851347267628,0.502228677273
-0.581733524799,-0.10524687916,1.38428092003,0.0723961293697,0.132675871253,0.852127611637,0.50103354454
-0.581423342228,-0.104403808713,1.38430666924,0.072125069797,0.13041254878,0.853165328503,0.499899685383
-0.581362187862,-0.103840380907,1.38432753086,0.0713157504797,0.12937644124,0.854092657566,0.498699873686
-0.581282198429,-0.103185534477,1.3843126297,0.0714311823249,0.13045284152,0.85460215807,0.497528761625
-0.581226289272,-0.102346852422,1.38418078423,0.0724514722824,0.131642714143,0.855171144009,0.496088117361
-0.580804944038,-0.101995818317,1.38442122936,0.0700105726719,0.132187902927,0.856821477413,0.493438869715
-0.580675959587,-0.101395554841,1.38443207741,0.0698117315769,0.132134646177,0.857629656792,0.492075324059
-0.580614686012,-0.100718654692,1.38447654247,0.0707870796323,0.129950717092,0.857468962669,0.492797255516
-0.5803784132,-0.0999764129519,1.38449025154,0.0708790645003,0.128783375025,0.858173370361,0.491863459349
-0.580200374126,-0.0994153395295,1.3844935894,0.0698125064373,0.128640070558,0.859169900417,0.490311235189
-0.580059707165,-0.0988291874528,1.38447475433,0.0688055306673,0.128227308393,0.860394835472,0.488410055637
-0.579963803291,-0.0981386080384,1.38452839851,0.0704962983727,0.128694146872,0.860284626484,0.4882401824
-0.579851686954,-0.0976208224893,1.38454508781,0.0698818340898,0.126951351762,0.861171007156,0.487221390009
-0.579637825489,-0.0971370711923,1.38464009762,0.0694069191813,0.127909570932,0.861784934998,0.485951304436
-0.579047441483,-0.0962291061878,1.38467907906,0.0683880373836,0.125671640038,0.863399326801,0.483809173107
-0.579298257828,-0.095978975296,1.38461565971,0.0678532198071,0.126719146967,0.863875627518,0.48276001215
-0.578876554966,-0.0954199060798,1.38472950459,0.0659302175045,0.122031122446,0.864977061749,0.482261747122
-0.579112529755,-0.0951426327229,1.38466417789,0.0657843798399,0.123217217624,0.865370094776,0.481273919344
-0.579075992107,-0.0948129296303,1.38502061367,0.0656978413463,0.123048782349,0.866378962994,0.479510426521
-0.578937411308,-0.0939016416669,1.38508474827,0.066645309329,0.123333930969,0.867422521114,0.477415323257
-0.578515589237,-0.0930604040623,1.38513064384,0.0666092336178,0.119278013706,0.868021130562,0.477363020182
-0.578779280186,-0.0932411849499,1.38508784771,0.0650756955147,0.121421590447,0.869000315666,0.475247889757
-0.578654646873,-0.0921739563346,1.38512635231,0.0665998086333,0.120151020586,0.869509100914,0.474428266287
-0.578622639179,-0.0917515084147,1.38523447514,0.0667246356606,0.117940992117,0.8694871068,0.475005269051
-0.578583717346,-0.0907186791301,1.38518381119,0.0682083815336,0.119078837335,0.870689988136,0.472299486399
-0.578589379787,-0.0904126018286,1.38537466526,0.0680645629764,0.118958972394,0.871172308922,0.471460431814
-0.578727185726,-0.0898728072643,1.38538134098,0.0679104328156,0.116708777845,0.871866106987,0.470761984587
-0.578936457634,-0.0898782461882,1.38555181026,0.066833846271,0.115673802793,0.871964633465,0.470989018679
-0.578983664513,-0.0894025340676,1.38550114632,0.0656803920865,0.116365782917,0.872774958611,0.469477474689
-0.579092621803,-0.0888295248151,1.38561713696,0.0659468770027,0.115244656801,0.873874187469,0.4676682055
-0.578836262226,-0.0880980566144,1.38573598862,0.0653341859579,0.113548412919,0.874629676342,0.466756016016
-0.579362094402,-0.0876850932837,1.38574624062,0.0667280852795,0.11579003185,0.875533640385,0.464306950569
-0.579605817795,-0.0871946141124,1.38576948643,0.0655999705195,0.111282356083,0.875877916813,0.46492010355
-0.579722225666,-0.0867347419262,1.3859744072,0.0656926855445,0.111761860549,0.876451551914,0.463709384203
-0.580019950867,-0.0864756032825,1.38603627682,0.0640078857541,0.110128186643,0.877124965191,0.463062077761
-0.580384135246,-0.0860223025084,1.38606190681,0.0637855231762,0.109569713473,0.878124713898,0.461327314377
-0.58024084568,-0.0854758620262,1.38625907898,0.062552601099,0.107613451779,0.878921329975,0.460438847542
-0.580597400665,-0.0848145633936,1.38624763489,0.062971688807,0.106407679617,0.879439413548,0.459671884775
-0.580785572529,-0.084352619946,1.38632130623,0.0631774365902,0.108042180538,0.879935383797,0.458311140537
-0.581086456776,-0.083898216486,1.38635182381,0.0624260082841,0.107410617173,0.880730569363,0.457033574581
-0.581341087818,-0.0834473669529,1.38647198677,0.0612354464829,0.105314731598,0.88122177124,0.456735551357
-0.581876277924,-0.0831184983253,1.38639771938,0.0610999539495,0.106079086661,0.881460189819,0.456116229296
-0.582304120064,-0.0823029205203,1.38605976105,0.060810290277,0.10447461158,0.882331907749,0.454838097095
-0.582337856293,-0.0818314626813,1.3862285614,0.0599716864526,0.104894571006,0.883203685284,0.453157573938
-0.582572042942,-0.0812805518508,1.38621771336,0.0576552115381,0.100163422525,0.884093999863,0.452792644501
-0.583068966866,-0.0808771401644,1.38610994816,0.0567405968904,0.100019156933,0.884274721146,0.452586889267
-0.58300191164,-0.080480761826,1.38629686832,0.0550300627947,0.100943155587,0.884236812592,0.452667295933
-0.583299994469,-0.0800323411822,1.38617765903,0.0541740991175,0.101456411183,0.884652018547,0.451843768358
-0.583224356174,-0.0792578756809,1.3862016201,0.0529407151043,0.101398035884,0.885698974133,0.449948042631
-0.58373850584,-0.0790325924754,1.38611280918,0.0516289509833,0.101163707674,0.885628402233,0.450291752815
-0.583966672421,-0.0787048563361,1.38598716259,0.0496088080108,0.100930452347,0.886004149914,0.449831753969
-0.584259331226,-0.0780926346779,1.38589537144,0.0472763739526,0.0944739207625,0.887293636799,0.448942750692
-0.584514915943,-0.0783348307014,1.38598418236,0.0449333116412,0.0953693836927,0.887586176395,0.448415637016
-0.584728896618,-0.0777007639408,1.38580310345,0.0437309294939,0.0928573831916,0.887302100658,0.449622303247
-0.585004389286,-0.0771606191993,1.38576817513,0.0439820438623,0.0952917933464,0.887179732323,0.449329793453
-0.585153102875,-0.07690628618,1.38573038578,0.0420661233366,0.0961868464947,0.887398481369,0.448890298605
-0.585390865803,-0.0764714851975,1.38554763794,0.0403106510639,0.0944021493196,0.8879109025,0.448416680098
-0.585629582405,-0.0758248120546,1.38548350334,0.0404899194837,0.0969645008445,0.887580811977,0.448507368565
-0.586097538471,-0.0755322277546,1.38525378704,0.0393459759653,0.0938665643334,0.887967526913,0.448502629995
-0.586333453655,-0.0753114894032,1.38525390625,0.0387853756547,0.0959960669279,0.887802600861,0.448427498341
-0.586222290993,-0.0753800570965,1.38548398018,0.0363614745438,0.0967775955796,0.887614965439,0.448833733797
-0.586733818054,-0.0747004747391,1.3851108551,0.0362900272012,0.0974086672068,0.887745440006,0.448444545269
-0.586726367474,-0.0743129104376,1.38510894775,0.0350638926029,0.09195240587,0.887554943562,0.450068444014
-0.58700221777,-0.0740352571011,1.38502168655,0.0357281677425,0.0979620739818,0.88684540987,0.450146764517
-0.586974322796,-0.0736539661884,1.38500761986,0.0338547341526,0.0979887545109,0.886976182461,0.450028181076
-0.586811542511,-0.0737163573503,1.38515841961,0.0318549200892,0.0992576107383,0.886707782745,0.450424849987
-0.586724221706,-0.073243662715,1.38505291939,0.0301348045468,0.0954312905669,0.886755764484,0.451274782419
-0.58675545454,-0.0728718042374,1.38500344753,0.0296983160079,0.0962817147374,0.886327326298,0.451964318752
-0.586834132671,-0.0726692080498,1.38497138023,0.0294252634048,0.0964809060097,0.885936260223,0.45270600915
-0.58666229248,-0.0718714669347,1.38464355469,0.0288959313184,0.0934320241213,0.885467290878,0.454294025898
-0.586945772171,-0.0716813355684,1.38461482525,0.0310542695224,0.0958622321486,0.884333133698,0.455851823092
-0.586913585663,-0.0714288726449,1.38459599018,0.0305420812219,0.095566354692,0.883907794952,0.45677280426
-0.586856365204,-0.0712313652039,1.38456320763,0.0300517957658,0.0953816324472,0.883437931538,0.457751631737
-0.586756646633,-0.0710939466953,1.38459670544,0.0280784331262,0.0941674187779,0.883512914181,0.457983642817
-0.586842775345,-0.0710029602051,1.38454461098,0.0282030049711,0.0945980101824,0.882954597473,0.458963096142
-0.586712896824,-0.0708436965942,1.38458096981,0.0277686994523,0.094396315515,0.882274210453,0.460337549448
-0.586694836617,-0.070688508451,1.38452577591,0.0273648370057,0.0926185399294,0.881721317768,0.461779743433
-0.586693286896,-0.0704678595066,1.3844461441,0.0277666281909,0.0924739018083,0.881024181843,0.46311339736
-0.586584508419,-0.070412106812,1.38465428352,0.0281494110823,0.0948608741164,0.880014359951,0.464525312185
-0.58656078577,-0.0702964812517,1.38464725018,0.0284132864326,0.0946955084801,0.87923926115,0.466008663177
-0.58656078577,-0.0702964812517,1.38464725018,0.0284132864326,0.0946955084801,0.87923926115,0.466008663177
-0.586222946644,-0.0702845007181,1.38504064083,0.0279202777892,0.09456705302,0.877494394779,0.469341218472
-0.586286842823,-0.0699828863144,1.38487792015,0.029110327363,0.0939497798681,0.876574218273,0.471108973026
-0.586110293865,-0.0700034201145,1.38503861427,0.028841285035,0.0938331931829,0.875286459923,0.473536849022
-0.586213171482,-0.0699637979269,1.38509082794,0.0300548486412,0.0937996655703,0.874316096306,0.475257635117
-0.586157977581,-0.0696661472321,1.38499283791,0.0307766143233,0.0926644578576,0.87321972847,0.477444767952
-0.586130976677,-0.0696952342987,1.38513255119,0.0309376642108,0.0907117500901,0.872299671173,0.479486823082
-0.585924267769,-0.0697591975331,1.38532352448,0.0304656364024,0.0898169279099,0.8709679842,0.48209926486
-0.585926353931,-0.0696945935488,1.38539671898,0.0317439958453,0.0912612006068,0.869661271572,0.48410025239
-0.585980117321,-0.0699232891202,1.38557255268,0.0324866361916,0.0917897224426,0.86824131012,0.486494034529
-0.585914194584,-0.0695802494884,1.38546431065,0.0350542664528,0.0913356542587,0.866502285004,0.489492326975
-0.585983753204,-0.0695707425475,1.38555824757,0.0366240255535,0.0913312211633,0.865033268929,0.491970330477
-0.586003601551,-0.0698103383183,1.38569688797,0.0350351184607,0.0891084074974,0.864265978336,0.493838608265
-0.585932075977,-0.069703027606,1.3857947588,0.0368437841535,0.0912472531199,0.862885475159,0.495726943016
-0.586022078991,-0.069931358099,1.38599121571,0.037403088063,0.090339653194,0.861366391182,0.498485296965
-0.586096584797,-0.0699089616537,1.38601362705,0.038936406374,0.0914987176657,0.859685122967,0.501052439213
-0.58612716198,-0.0700241923332,1.38618683815,0.0401085168123,0.0914325937629,0.858345091343,0.503264665604
-0.586442768574,-0.0699599087238,1.38618516922,0.0416776053607,0.0889075621963,0.856357872486,0.506961226463
-0.586464285851,-0.0699274688959,1.38623452187,0.0431188568473,0.090842217207,0.854841709137,0.509052097797
-0.586558580399,-0.0697531849146,1.38631033897,0.0434063896537,0.0866365805268,0.853125035763,0.51262819767
-0.586685240269,-0.0697867721319,1.38637149334,0.0459664911032,0.0903761610389,0.851307570934,0.514776229858
-0.586841821671,-0.0700795054436,1.38657689095,0.0481126829982,0.0888078585267,0.849091649055,0.518499553204
-0.586658239365,-0.0696897879243,1.38648843765,0.0497179254889,0.0883627906442,0.847433924675,0.52112942934
-0.586694955826,-0.0697828009725,1.38654434681,0.0502962805331,0.0877065658569,0.845754265785,0.523905992508
-0.586879909039,-0.0699300765991,1.38671171665,0.05204988271,0.0895190984011,0.843972504139,0.526296019554
-0.587047100067,-0.0699120014906,1.38678097725,0.0531409718096,0.088123716414,0.841661632061,0.530109524727
-0.587026953697,-0.0701350644231,1.3868355751,0.0528560094535,0.0880312174559,0.841206550598,0.530875205994
-0.587160170078,-0.0698140561581,1.38691091537,0.0544024407864,0.0861096903682,0.838980793953,0.534543514252
-0.587468326092,-0.0699974521995,1.38702487946,0.0570998601615,0.0903303176165,0.836730837822,0.537086308002
-0.587406635284,-0.0698664262891,1.38698363304,0.0584528855979,0.0869455337524,0.834263324738,0.541320979595
-0.58779925108,-0.0700382217765,1.38709592819,0.0596140772104,0.0877161845565,0.832109212875,0.544376909733
-0.587799906731,-0.0704873204231,1.38707017899,0.0582257546484,0.0865741595626,0.831596314907,0.545492768288
-0.587935566902,-0.0705377757549,1.38708996773,0.059494189918,0.0881523936987,0.829683125019,0.548010706902
-0.587935566902,-0.0705377757549,1.38708996773,0.059494189918,0.0881523936987,0.829683125019,0.548010706902
-0.588380455971,-0.0707562416792,1.38729178905,0.0616524890065,0.0855293124914,0.825526714325,0.554426968098
-0.588427066803,-0.0710187703371,1.38723003864,0.0619275309145,0.0882737860084,0.823954164982,0.556302249432
-0.588645637035,-0.0711934417486,1.3872833252,0.0618196204305,0.0860894620419,0.822317957878,0.559070706367
-0.588736236095,-0.0713023915887,1.38723003864,0.0620664991438,0.0840154364705,0.820758104324,0.561645328999
-0.588958323002,-0.0715719908476,1.38726973534,0.0625784397125,0.0843416005373,0.818895161152,0.564252853394
-0.589057147503,-0.0716940239072,1.38723933697,0.063192948699,0.0855095162988,0.817329347134,0.566275238991
-0.58919262886,-0.07184047997,1.38722920418,0.0635107308626,0.0848439484835,0.815723001957,0.568650960922
-0.589337050915,-0.0720090940595,1.38721358776,0.0638231262565,0.0845097601414,0.81429874897,0.570703268051
-0.589662849903,-0.0721578598022,1.38730585575,0.0650008916855,0.0844416543841,0.812168419361,0.573608934879
-0.589684844017,-0.0719476267695,1.38718867302,0.065197750926,0.0835365131497,0.81143528223,0.574755370617
-0.589857816696,-0.0721336230636,1.38723325729,0.0656866505742,0.0834933295846,0.810240626335,0.576389014721
-0.590262234211,-0.0725994184613,1.3872795105,0.0661806687713,0.0837900564075,0.808591365814,0.578601300716
-0.590292811394,-0.0729362741113,1.38717675209,0.065477848053,0.0813521593809,0.806820690632,0.581493735313
-0.590563297272,-0.0733277201653,1.38713574409,0.0654250085354,0.0850398018956,0.806479334831,0.58144557476
-0.590778470039,-0.0732649415731,1.38722062111,0.0668056979775,0.0847277268767,0.805187940598,0.583121478558
-0.59115177393,-0.0738951489329,1.38724386692,0.0659793540835,0.0836076512933,0.803875744343,0.58518409729
-0.591213405132,-0.0739419311285,1.38714253902,0.0665355026722,0.0820140466094,0.80247759819,0.587261974812
-0.591329753399,-0.0738449469209,1.38707125187,0.0674115046859,0.081813685596,0.801345705986,0.588733613491
-0.591541945934,-0.0743683278561,1.38706278801,0.0660623386502,0.0813777297735,0.80117303133,0.58918184042
-0.591882109642,-0.0745842084289,1.38716959953,0.066867634654,0.0833914503455,0.800500273705,0.589723706245
-0.592070579529,-0.0747889354825,1.38715779781,0.0669469535351,0.0811878591776,0.799697399139,0.591109752655
-0.592297136784,-0.0749152377248,1.38708174229,0.0673266947269,0.0819696336985,0.798968315125,0.591944158077
-0.592460215092,-0.0754057243466,1.38700997829,0.0664945095778,0.0801013410091,0.798221349716,0.593299984932
-0.592553496361,-0.07534789294,1.38700723648,0.0668449699879,0.0797687023878,0.797955870628,0.593662500381
-0.592903256416,-0.0759006366134,1.38703262806,0.0665152072906,0.0794094279408,0.797093689442,0.594904541969
-0.593192338943,-0.0759608224034,1.38702082634,0.0674171298742,0.0795131623745,0.796105980873,0.596110761166
-0.593442559242,-0.076559253037,1.38703560829,0.0659006386995,0.0792309641838,0.796193599701,0.596200764179
-0.593661367893,-0.0765153616667,1.3869253397,0.0662712007761,0.0787130817771,0.795687794685,0.596903145313
-0.593895494938,-0.0767443403602,1.38693237305,0.06695189327,0.0783074945211,0.794984698296,0.597816586494
-0.59406453371,-0.0770293772221,1.38701105118,0.0667003467679,0.0779663100839,0.794722616673,0.598237872124
-0.59427344799,-0.0773223042488,1.38698172569,0.0661753192544,0.076284840703,0.794556975365,0.598732590675
-0.59459656477,-0.0778928399086,1.38697230816,0.0655873790383,0.0773002356291,0.794536471367,0.598694205284
-0.594812095165,-0.0781546682119,1.38701224327,0.0656307414174,0.0786948651075,0.794204950333,0.598947644234
-0.595044612885,-0.0784998983145,1.38699829578,0.0648799538612,0.0773335322738,0.794217586517,0.599189996719
-0.595201849937,-0.0788370072842,1.3869535923,0.0644905939698,0.0773520320654,0.794371545315,0.5990254879
-0.595369696617,-0.0790638104081,1.38691270351,0.0642023310065,0.0768852010369,0.794364571571,0.599125921726
-0.595546126366,-0.0791013985872,1.38691723347,0.0650481954217,0.0759591013193,0.793857336044,0.599824666977
-0.595803260803,-0.0793657824397,1.38681864738,0.0654026940465,0.0774258822203,0.793643891811,0.599880814552
-0.595926344395,-0.0795544162393,1.38682436943,0.0650707632303,0.0755358785391,0.793461680412,0.600398778915
-0.595926344395,-0.0795544162393,1.38682436943,0.0650707632303,0.0755358785391,0.793461680412,0.600398778915
-0.596420764923,-0.0807463303208,1.38683640957,0.0631661191583,0.0780729353428,0.793597340584,0.600098192692
-0.596556305885,-0.0807423293591,1.38676643372,0.0637926980853,0.0779856443405,0.793619036674,0.600014805794
-0.596703290939,-0.081270493567,1.3867328167,0.0622987411916,0.0775956958532,0.794201016426,0.599451839924
-0.596852064133,-0.0814516916871,1.38666796684,0.0622562654316,0.0772882923484,0.794282615185,0.59938788414
-0.597051799297,-0.0818699523807,1.38670933247,0.0620382837951,0.0774569138885,0.794327259064,0.599329650402
-0.5972468853,-0.082263879478,1.38664722443,0.0619324222207,0.0779538750648,0.794493615627,0.599055588245
-0.597379982471,-0.0824956521392,1.38653945923,0.0617796480656,0.0778961181641,0.794801056385,0.598670780659
-0.597395300865,-0.0828385576606,1.38645243645,0.0609921291471,0.0780664384365,0.795238435268,0.598148405552
-0.597548484802,-0.0832147672772,1.3863338232,0.0607395097613,0.0784609988332,0.7954621315,0.59782487154
-0.597551941872,-0.0835650265217,1.38642275333,0.0596563480794,0.0761834084988,0.795039117336,0.598790645599
-0.597712934017,-0.0838171690702,1.38640975952,0.0604318678379,0.0762317255139,0.795519769192,0.598067760468
-0.597778558731,-0.0840466991067,1.3863877058,0.0607970096171,0.0760822743177,0.795168161392,0.598517298698
-0.597940146923,-0.0843225494027,1.38619279861,0.0612026453018,0.0789565071464,0.795109152794,0.598182082176
-0.59807151556,-0.08490870893,1.38639163971,0.0608051493764,0.0765867009759,0.795836865902,0.597562491894
-0.598107397556,-0.0849970877171,1.38630580902,0.061497695744,0.0769022703171,0.796006083488,0.597225546837
-0.59818482399,-0.0853642448783,1.38629364967,0.061761572957,0.0783947184682,0.7963129282,0.596594929695
-0.598232090473,-0.0857252404094,1.38627421856,0.0615381784737,0.0787742435932,0.796655833721,0.596110105515
-0.59835088253,-0.0862847417593,1.38625335693,0.0613739416003,0.0806628018618,0.797123730183,0.595248401165
-0.598367273808,-0.0865321680903,1.38624119759,0.0615933202207,0.0803390741348,0.797404825687,0.594892919064
-0.598367273808,-0.0865321680903,1.38624119759,0.0615933202207,0.0803390741348,0.797404825687,0.594892919064
-0.598525106907,-0.0873510167003,1.38614225388,0.0615478605032,0.0786653012037,0.798220694065,0.594026386738
-0.598492383957,-0.0877072513103,1.38621640205,0.061542917043,0.080175794661,0.798593819141,0.593323230743
-0.598534524441,-0.0879551172256,1.3862016201,0.0616541877389,0.0785767510533,0.798782765865,0.593271076679
-0.598609745502,-0.0883878320456,1.38621842861,0.0621200911701,0.0811548754573,0.799138784409,0.592395305634
-0.598593711853,-0.0886637270451,1.38620531559,0.0614962913096,0.077078461647,0.799568831921,0.592424631119
-0.598537266254,-0.0889419987798,1.38609874249,0.0613427311182,0.0782024115324,0.799927294254,0.591808974743
-0.598752737045,-0.0895423144102,1.38614201546,0.0616004690528,0.0808511674404,0.800748348236,0.590314030647
-0.598543822765,-0.0895380750299,1.38601994514,0.0620839186013,0.0780004411936,0.80042809248,0.591080784798
-0.598616600037,-0.0900090709329,1.38600087166,0.061776086688,0.0799910500646,0.8013920784,0.589538693428
-0.59863704443,-0.0900270119309,1.38604187965,0.0634162053466,0.0785454064608,0.800877809525,0.59025734663
-0.598578572273,-0.0902341678739,1.38598167896,0.0635239183903,0.080671325326,0.801227509975,0.589483857155
-0.598632395267,-0.0906569510698,1.38604390621,0.0633963942528,0.0795407444239,0.801507711411,0.589270412922
-0.598579645157,-0.0908002704382,1.38597619534,0.0630004554987,0.0803704038262,0.802879452705,0.587329685688
-0.598691821098,-0.091149404645,1.38598275185,0.0632169693708,0.0809071362019,0.802983939648,0.587089955807
-0.598562538624,-0.0913037955761,1.38594996929,0.0636127516627,0.0815700739622,0.803162157536,0.586711406708
-0.59864127636,-0.0919036269188,1.38593614101,0.0625832378864,0.0786116942763,0.802564501762,0.588042378426
-0.598648309708,-0.0922414362431,1.38593876362,0.0621336176991,0.079156704247,0.80344748497,0.586809813976
-0.598718702793,-0.0925225242972,1.38595151901,0.0621942803264,0.0795697644353,0.803453564644,0.586739242077
-0.59879308939,-0.092844247818,1.38583183289,0.061889976263,0.0785353779793,0.803837656975,0.586384534836
-0.598755180836,-0.092878960073,1.38583433628,0.0625346824527,0.0777557492256,0.803331375122,0.587113559246
-0.598779141903,-0.0931563824415,1.38582408428,0.0622546523809,0.078293249011,0.80407166481,0.586057603359
-0.598779141903,-0.0931563824415,1.38582408428,0.0622546523809,0.078293249011,0.80407166481,0.586057603359
-0.598742246628,-0.0935240909457,1.38570654392,0.0634690970182,0.0810978636146,0.804482221603,0.584981441498
-0.598698616028,-0.0933889374137,1.38582324982,0.0643665343523,0.0803732052445,0.804659485817,0.58473944664
-0.598714113235,-0.0935724228621,1.38578867912,0.0644691735506,0.0806842967868,0.80494260788,0.584295392036
-0.598743438721,-0.0940060839057,1.3857831955,0.0637031048536,0.0799559950829,0.805037021637,0.584349572659
-0.598715960979,-0.0938594713807,1.38577592373,0.0648243203759,0.0825614333153,0.805322945118,0.583469331264
-0.59872251749,-0.0939909219742,1.38576543331,0.0647898837924,0.0825950652361,0.805517375469,0.58319991827
-0.598664879799,-0.0940295606852,1.38576424122,0.0648000836372,0.0823550224304,0.805578887463,0.583147704601
-0.598759651184,-0.0945278927684,1.38574266434,0.0636970475316,0.0817865952849,0.805775642395,0.583077430725
-0.598773002625,-0.0946187525988,1.38572096825,0.0635761842132,0.0819649845362,0.805993795395,0.582764089108
-0.598775327206,-0.0946875736117,1.38570892811,0.0635441988707,0.0819598138332,0.806158840656,0.582539856434
-0.598815083504,-0.0947827771306,1.38571810722,0.0636436641216,0.0821759626269,0.806403815746,0.582159399986
-0.598777115345,-0.0947466120124,1.38570666313,0.0635843575001,0.081996448338,0.806519031525,0.582031548023
-0.598819851875,-0.0948023945093,1.38571083546,0.0636981874704,0.0822656676173,0.806698322296,0.58173251152
-0.598850786686,-0.094835601747,1.38570225239,0.0637923851609,0.0825259461999,0.80686879158,0.581448912621
-0.598911345005,-0.0948971286416,1.38569760323,0.0636417195201,0.0812624171376,0.807126402855,0.581285834312
-0.598885476589,-0.0945284441113,1.3856600523,0.0649173855782,0.0822931453586,0.807375967503,0.580652832985
-0.59896415472,-0.0945931747556,1.38569056988,0.0649237334728,0.0827937498689,0.807573139668,0.580306589603
-0.599030315876,-0.0946394279599,1.38569796085,0.0640259236097,0.0847032517195,0.808245718479,0.579193234444
-0.59901291132,-0.0945467278361,1.385663867,0.0641521587968,0.0846268162131,0.808369755745,0.579017519951
-0.599084198475,-0.0945852994919,1.3856831789,0.0641497448087,0.0851208418608,0.80854421854,0.578701734543
-0.599155008793,-0.0948159769177,1.38567650318,0.0636195912957,0.0830026194453,0.808390498161,0.579282283783
-0.599235594273,-0.0946783050895,1.38554430008,0.0645141378045,0.0842813998461,0.808002948761,0.579539299011
-0.599294662476,-0.0946572199464,1.38565611839,0.0646112039685,0.0846583098173,0.808223128319,0.579166471958
-0.599350094795,-0.094693094492,1.38565671444,0.0642800405622,0.085434101522,0.809020102024,0.577975511551
-0.599394977093,-0.0946072936058,1.38563239574,0.0642359927297,0.0857102200389,0.809327840805,0.577508449554
-0.59947013855,-0.0945443734527,1.38562595844,0.0629493519664,0.0847729966044,0.810134470463,0.576656877995
-0.599592804909,-0.0944482162595,1.38556075096,0.0639974027872,0.0855662152171,0.809787869453,0.576911151409
-0.599633097649,-0.0940488278866,1.38568079472,0.0652124807239,0.0868785083294,0.810000002384,0.576280713081
-0.599650681019,-0.0941350162029,1.38572454453,0.0633276849985,0.0879588797688,0.811463594437,0.574264466763
-0.599682927132,-0.0941307842731,1.38564002514,0.0634407997131,0.0869693979621,0.810672104359,0.575519323349
-0.599674701691,-0.0936802104115,1.38556301594,0.0640490502119,0.0898887962103,0.812041759491,0.573067367077
-0.599831700325,-0.0938306748867,1.38560032845,0.0648466125131,0.0881163850427,0.810626149178,0.575252830982
-0.599894106388,-0.093489035964,1.38558232784,0.0656786188483,0.0890593677759,0.81080198288,0.574765264988
-0.599982500076,-0.0933632403612,1.38556957245,0.0656920224428,0.0895401015878,0.81100744009,0.574398994446
-0.600014746189,-0.0932928025723,1.38557565212,0.0638689473271,0.0891561731696,0.812339425087,0.57277983427
-0.600090026855,-0.093059271574,1.3855650425,0.063975058496,0.0908684656024,0.813497185707,0.570852577686
-0.60013461113,-0.0929006263614,1.38557636738,0.0644017159939,0.0922656282783,0.813704669476,0.570284426212
-0.600188136101,-0.0930450186133,1.38557624817,0.0632031783462,0.0893118605018,0.81321823597,0.571581125259
-0.600322008133,-0.0928940847516,1.38554871082,0.0633135214448,0.0911396443844,0.813429653645,0.570979237556
-0.600545406342,-0.0927800610662,1.3856304884,0.0635340064764,0.0918941572309,0.81367957592,0.570477426052
-0.600627601147,-0.0925468802452,1.38557076454,0.0634875893593,0.0919984802604,0.81384909153,0.570223987103
-0.600670397282,-0.092308729887,1.38556694984,0.0634208768606,0.0919235274196,0.814017355442,0.570003211498
-0.600616633892,-0.0919365659356,1.38531601429,0.0646236762404,0.0911059677601,0.813523113728,0.570704638958
-0.600675821304,-0.0915577337146,1.38531923294,0.0648098364472,0.0907510444522,0.813761532307,0.570400059223
-0.600744783878,-0.0916090384126,1.38528108597,0.0637254789472,0.0905984416604,0.814204871655,0.569913625717
-0.600854575634,-0.091303139925,1.38510656357,0.0642580315471,0.0921185016632,0.813883364201,0.570069372654
-0.600859940052,-0.0909958779812,1.38509953022,0.0629386380315,0.0928204953671,0.814987838268,0.568522751331
-0.600945055485,-0.0910238772631,1.38509702682,0.0622058957815,0.0927394255996,0.815483868122,0.567904949188
-0.600943386555,-0.0907492786646,1.38510227203,0.0618844218552,0.0910758450627,0.815639019012,0.567986428738
-0.601229071617,-0.0908628031611,1.38527107239,0.0615877360106,0.0925892964005,0.815696179867,0.567691862583
-0.601312160492,-0.0905586406589,1.38531684875,0.0616291202605,0.0938239693642,0.815990746021,0.567060947418
-0.601348280907,-0.0905398353934,1.3853853941,0.060982581228,0.0942121222615,0.816114127636,0.566888928413
-0.601575314999,-0.0904925465584,1.38559615612,0.0615380108356,0.0919805467129,0.815490722656,0.568091273308
-0.601561844349,-0.0899804905057,1.38540399075,0.0621016100049,0.0921533927321,0.815684616566,0.567723274231
-0.601589739323,-0.0895377844572,1.38551652431,0.0628960877657,0.0959533825517,0.816540420055,0.565772712231
-0.601579666138,-0.0893039554358,1.38534986973,0.0625140890479,0.094785630703,0.816470444202,0.566112875938
-0.601722538471,-0.0891309008002,1.38535392284,0.0608413219452,0.0942196026444,0.817413747311,0.565027296543
-0.601746082306,-0.0889495164156,1.38548088074,0.0611479058862,0.0941734313965,0.817324459553,0.565131008625
-0.601721704006,-0.08879776299,1.3854393959,0.0605806969106,0.095555447042,0.817815005779,0.564249813557
-0.601831436157,-0.0886589586735,1.38551008701,0.0606304965913,0.0936793908477,0.817484736443,0.5650370121
-0.601996600628,-0.0884066522121,1.38549268246,0.0604203008115,0.0929699093103,0.817384541035,0.565321683884
-0.602094471455,-0.0882428064942,1.38549363613,0.0602302663028,0.0945072323084,0.817356944084,0.565126776695
-0.602198719978,-0.0880021452904,1.38549602032,0.0615665689111,0.0950621515512,0.816597700119,0.56598675251
-0.602251827717,-0.0877709537745,1.38549685478,0.0616610534489,0.093750141561,0.815811991692,0.567326784134
-0.602381765842,-0.087674036622,1.38548994064,0.061323877424,0.093976944685,0.815837800503,0.567288815975
-0.602476477623,-0.0874714925885,1.38549399376,0.0613677576184,0.0939864143729,0.81578797102,0.567354083061
-0.602551758289,-0.0871761664748,1.38545870781,0.0614234618843,0.0938255116343,0.81544470787,0.567867875099
-0.602660536766,-0.086869455874,1.38532149792,0.0614561624825,0.092684276402,0.815156877041,0.568464577198
-0.602863848209,-0.0866924896836,1.38535499573,0.0615902394056,0.0928145125508,0.814835548401,0.568889498711
-0.602889895439,-0.0864410251379,1.38536310196,0.0611155442894,0.0905034244061,0.814684808254,0.569528639317
-0.602963089943,-0.0862562730908,1.38538193703,0.0610648915172,0.0903757885098,0.814470052719,0.569861352444
-0.603164732456,-0.0862898081541,1.38544154167,0.0612123906612,0.0909195169806,0.814608693123,0.569560647011
-0.603147745132,-0.0858487263322,1.38529837132,0.061104953289,0.0899835899472,0.814001500607,0.570588171482
-0.603147745132,-0.0858487263322,1.38529837132,0.061104953289,0.0899835899472,0.814001500607,0.570588171482
-0.603178799152,-0.0855665802956,1.38536727428,0.0612338967621,0.0896872356534,0.813719034195,0.571023702621
-0.603405892849,-0.0857570618391,1.38542532921,0.0603716149926,0.0900283977389,0.813774466515,0.570982694626
-0.603426814079,-0.0855554044247,1.38542056084,0.060264788568,0.0909459814429,0.81354367733,0.571177482605
-0.603479623795,-0.0851350575686,1.38537478447,0.0607959553599,0.091126345098,0.81319051981,0.571595311165
-0.603593826294,-0.0850222632289,1.38541197777,0.0606566444039,0.0910399183631,0.812972426414,0.571933865547
-0.60367590189,-0.0850519612432,1.38542437553,0.0598730966449,0.0904319956899,0.812834501266,0.572308897972
-0.603713870049,-0.0848044529557,1.38537096977,0.0598717518151,0.0899514481425,0.812530934811,0.572815656662
-0.603782773018,-0.0844019725919,1.38541555405,0.0604847706854,0.0902458131313,0.812142014503,0.573256313801
-0.603830337524,-0.0841652452946,1.38540685177,0.0606042966247,0.0897602960467,0.81175917387,0.573861896992
-0.603922605515,-0.0839953050017,1.38538861275,0.0605840310454,0.0895517915487,0.811441540718,0.574345529079
-0.603961110115,-0.0837604627013,1.38550555706,0.0602746829391,0.0905672833323,0.812059819698,0.573343932629
-0.604111135006,-0.0837239697576,1.38560020924,0.0601566918194,0.0907304510474,0.811868190765,0.573602080345
-0.604150891304,-0.0833360627294,1.38546955585,0.0602761507034,0.0899385735393,0.81122982502,0.57461643219
-0.604207277298,-0.0832086354494,1.38546085358,0.060034584254,0.0899880304933,0.81104683876,0.574892163277
-0.604300200939,-0.0832785815001,1.38561737537,0.059807471931,0.0895207971334,0.810889005661,0.575211405754
-0.60449308157,-0.0831113755703,1.3857011795,0.0602188371122,0.0895473361015,0.810430645943,0.575810074806
-0.604478657246,-0.0827987119555,1.38566875458,0.0601691156626,0.0887237340212,0.810072600842,0.57644623518
-0.604568004608,-0.0826523303986,1.38565015793,0.0600578710437,0.0885080173612,0.809808313847,0.576862096786
-0.604679524899,-0.0825006887317,1.38554394245,0.0602047741413,0.08739605546,0.808698356152,0.578570842743
-0.604787945747,-0.0826338008046,1.3856139183,0.0594006963074,0.0867643728852,0.808865189552,0.578515946865
-0.604846060276,-0.0824560523033,1.38563776016,0.0594853200018,0.0863840952516,0.808598518372,0.578936815262
-0.604952156544,-0.0823340043426,1.38565611839,0.0588225349784,0.0862152948976,0.808810651302,0.5787332654
-0.605030119419,-0.0821465998888,1.38566064835,0.0590765699744,0.0857141315937,0.80857694149,0.579108297825
-0.605084717274,-0.0819491371512,1.38565790653,0.0585056990385,0.085254445672,0.808325469494,0.579585015774
-0.605156064034,-0.0817932784557,1.38566672802,0.0583801157773,0.0847588926554,0.808166861534,0.579891502857
-0.605253338814,-0.0816389098763,1.3856742382,0.0585186332464,0.0845845416188,0.807932198048,0.58022993803
-0.605291843414,-0.0814167112112,1.3856998682,0.0595247484744,0.0830222070217,0.807103991508,0.581504285336
-0.605424582958,-0.0812780335546,1.38568794727,0.0601875633001,0.08413066715,0.806785047054,0.581719338894
-0.605530321598,-0.0811095461249,1.38551425934,0.059810411185,0.0842741578817,0.807048499584,0.581372022629
-0.605596125126,-0.0809720605612,1.38550233841,0.059768460691,0.0839648842812,0.806916356087,0.581604361534
-0.605713129044,-0.081016279757,1.38566231728,0.0598075315356,0.084094658494,0.807131767273,0.581282615662
-0.605760812759,-0.0809721723199,1.3856549263,0.0582156889141,0.0842836797237,0.80793172121,0.580304801464
-0.605822741985,-0.0808239802718,1.38564324379,0.058170247823,0.0839132219553,0.807788431644,0.580562531948
-0.605903029442,-0.0803665593266,1.38548433781,0.0601166374981,0.08278234303,0.806200444698,0.582729876041
-0.605957448483,-0.0802723616362,1.38545155525,0.0601795688272,0.0825049802661,0.806108117104,0.582890152931
-0.606016039848,-0.080042719841,1.38540172577,0.0587934479117,0.0816129148006,0.806469023228,0.582657933235
-0.606144189835,-0.079874522984,1.38547122478,0.0601680204272,0.0815797746181,0.805765807629,0.583494722843
-0.606292307377,-0.0798024460673,1.38547587395,0.0603495724499,0.082502618432,0.805691659451,0.583448588848
-0.606472313404,-0.0798474252224,1.38564109802,0.0604197829962,0.0827180668712,0.806047976017,0.582918345928
-0.606595695019,-0.0796514824033,1.38560128212,0.0592783428729,0.0813425555825,0.806475520134,0.582637608051
-0.606758773327,-0.079602599144,1.38564050198,0.0592177174985,0.0815261676908,0.806418716908,0.582696855068
-0.60690677166,-0.0794566199183,1.38563907146,0.0593526810408,0.0813951715827,0.806334972382,0.58281737566
-0.607041478157,-0.0793436691165,1.38563466072,0.0593709945679,0.0814208760858,0.806347072124,0.582795262337
-0.607207894325,-0.0792232453823,1.38564288616,0.0595223531127,0.0814336910844,0.806229948997,0.58293992281
-0.607375085354,-0.0790726915002,1.38563966751,0.0604680664837,0.0813235640526,0.805666863918,0.583636045456
-0.607523620129,-0.0789451673627,1.38564229012,0.0604920834303,0.0812249332666,0.805644512177,0.583678126335
-0.607565283775,-0.078758880496,1.38559341431,0.0601531304419,0.0807317271829,0.80565816164,0.583762705326
-0.607774674892,-0.0786803290248,1.38564264774,0.0585031658411,0.0790290534496,0.806266665459,0.583323180676
-0.607906877995,-0.0785084366798,1.38562786579,0.0596917159855,0.0788413733244,0.805663824081,0.584060668945
-0.608002960682,-0.0784919783473,1.38563632965,0.0586040392518,0.0808872655034,0.806390047073,0.582887530327
-0.608138620853,-0.0782605856657,1.38561785221,0.0588701218367,0.0803424119949,0.805841207504,0.583694577217
-0.608339488506,-0.077895924449,1.38547635078,0.0600504204631,0.0794300362468,0.804791212082,0.585146129131
-0.608505129814,-0.0777627229691,1.38546407223,0.0599090978503,0.0792976245284,0.804870009422,0.585070133209
-0.608662188053,-0.077664360404,1.38547194004,0.059734094888,0.0792971998453,0.804965317249,0.584957182407
-0.608825385571,-0.0773386061192,1.3854688406,0.0599500276148,0.0778895765543,0.804976046085,0.585109233856
-0.609060049057,-0.0777252539992,1.38564538956,0.0585211329162,0.0781999751925,0.806222915649,0.58349364996
-0.609203338623,-0.0775385200977,1.38564109802,0.0586682595313,0.0775575116277,0.805716454983,0.584263563156
-0.609407186508,-0.0775541737676,1.38563013077,0.0582257062197,0.0797262862325,0.806349396706,0.583141684532
-0.609574973583,-0.0773561000824,1.38562870026,0.0585669949651,0.0792073085904,0.805767059326,0.583982586861
-0.60973572731,-0.077017404139,1.38564646244,0.0588892363012,0.0801927670836,0.806513011456,0.582784593105
-0.609968483448,-0.0769860893488,1.38564920425,0.0584640614688,0.0799119845033,0.806824207306,0.582435190678
-0.610102534294,-0.0768312886357,1.38564133644,0.0573711022735,0.0788384377956,0.807736694813,0.581424474716
-0.610232174397,-0.0771049484611,1.38558876514,0.0558010675013,0.0785357952118,0.80773293972,0.581623494625
-0.61039429903,-0.0769809186459,1.3855830431,0.0556053481996,0.0766479447484,0.807740211487,0.581883966923
-0.610540568829,-0.0767903253436,1.38558077812,0.0560371205211,0.0760451927781,0.807389378548,0.582408308983
-0.610757052898,-0.0769175440073,1.38561213017,0.0552093498409,0.0781534835696,0.808259665966,0.58099937439
-0.610872685909,-0.0767301023006,1.3855612278,0.056168563664,0.0779223740101,0.807781934738,0.581602573395
-0.611034333706,-0.0763640254736,1.38557374477,0.0570489391685,0.077916815877,0.807332456112,0.582141458988
-0.611183106899,-0.0760992243886,1.38543641567,0.0568170174956,0.0774302557111,0.807153940201,0.58247667551
-0.611358165741,-0.0762262493372,1.38544476032,0.0556075684726,0.0770493671298,0.807562053204,0.582077920437
-0.611535787582,-0.0760842934251,1.38559508324,0.0558763369918,0.0788293033838,0.808706820011,0.580221712589
-0.611702084541,-0.0760162398219,1.38560497761,0.0553009584546,0.0797184035182,0.808950483799,0.57981544733
-0.6119312644,-0.0760109573603,1.38565254211,0.0551010072231,0.0798588395119,0.809066832066,0.57965284586
-0.612164020538,-0.0759268254042,1.38571608067,0.054969407618,0.0799352154136,0.809239089489,0.579414248466
-0.612363278866,-0.0760172381997,1.38572120667,0.0544973760843,0.0771536678076,0.808612942696,0.580708622932
-0.612363278866,-0.0760172381997,1.38572120667,0.0544973760843,0.0771536678076,0.808612942696,0.580708622932
-0.612603783607,-0.0753636658192,1.38565981388,0.0551894828677,0.0775853171945,0.809548377991,0.579280734062
-0.612845003605,-0.0754083096981,1.38568675518,0.0549030713737,0.0774685144424,0.809365749359,0.579578757286
-0.612993240356,-0.0753111988306,1.38570380211,0.0546601004899,0.0773792266846,0.809621393681,0.579256355762
-0.61313444376,-0.0754171460867,1.38570415974,0.0539227426052,0.0758548006415,0.80914157629,0.580196976662
-0.61328369379,-0.0753560811281,1.38571000099,0.0538791790605,0.0776604190469,0.809189319611,0.579895377159
-0.613372802734,-0.0751998722553,1.38570773602,0.0534192025661,0.0757019668818,0.809294819832,0.58004963398
-0.613356351852,-0.0748598352075,1.38567757607,0.0539004914463,0.0774438679218,0.809337377548,0.57971560955
-0.613398790359,-0.0745345130563,1.38553202152,0.0536814816296,0.0768531262875,0.809066534042,0.580192506313
-0.613477468491,-0.0743900537491,1.38553678989,0.0535604357719,0.0760713294148,0.809237658978,0.58006811142
-0.613567948341,-0.0742386132479,1.38555693626,0.0538996458054,0.076102823019,0.809215962887,0.580062747002
-0.613639950752,-0.0741199851036,1.38556921482,0.0537309646606,0.076188147068,0.809247195721,0.58002358675
-0.613692224026,-0.0741648375988,1.38557803631,0.0525960512459,0.0743215307593,0.809491097927,0.58002948761
-0.61376696825,-0.0742479860783,1.38577389717,0.0523621290922,0.0764476880431,0.809914767742,0.579182267189
-0.61376196146,-0.0740929543972,1.38581240177,0.0522313117981,0.0763955935836,0.80997723341,0.579113602638
-0.613783180714,-0.0740162953734,1.38592398167,0.0521990321577,0.0767762437463,0.809958517551,0.57909232378
-0.613790154457,-0.0737620070577,1.38588428497,0.0523659959435,0.0774714052677,0.810068428516,0.578830778599
-0.613785088062,-0.0735618919134,1.38593220711,0.052369762212,0.0759351924062,0.8101323843,0.578944563866
-0.613706886768,-0.0733197256923,1.3859590292,0.0523165687919,0.075541228056,0.810245871544,0.578842222691
-0.613699138165,-0.0730266794562,1.38597178459,0.0533010400832,0.0764524936676,0.810123801231,0.578803598881
-0.613635540009,-0.0728119239211,1.38601458073,0.0531618408859,0.0781932249665,0.810237765312,0.578424096107
-0.613739848137,-0.0727950409055,1.386095047,0.053183209151,0.0790281221271,0.810226023197,0.578325152397
-0.613562643528,-0.0725606009364,1.38607144356,0.0530488304794,0.0787639692426,0.810454189777,0.578053772449
-0.613657057285,-0.0727779343724,1.38625442982,0.0520964339375,0.077660061419,0.810575187206,0.578120112419
-0.613546311855,-0.0724289342761,1.38622045517,0.0521296486259,0.076546408236,0.810923159122,0.577777564526
-0.613393545151,-0.0720399916172,1.38619732857,0.0532908514142,0.0783169940114,0.810869514942,0.577509522438
-0.613333106041,-0.0720953196287,1.38623142242,0.0525385253131,0.0781859606504,0.81113743782,0.577219843864
-0.613256454468,-0.071943461895,1.38628590107,0.0525627508759,0.0784870013595,0.811363697052,0.576858758926
-0.613253951073,-0.0716722160578,1.38646531105,0.0535828359425,0.0794133096933,0.811577141285,0.576337575912
-0.613127410412,-0.0715600922704,1.38647985458,0.0529661402106,0.078755967319,0.811781346798,0.576197206974
-0.612993299961,-0.0711549594998,1.38657522202,0.0539983548224,0.0793700292706,0.811782538891,0.576015472412
-0.612934470177,-0.0709860175848,1.38663887978,0.0543489456177,0.0806849598885,0.811987817287,0.575510203838
-0.612722098827,-0.0707905814052,1.38659632206,0.0541386790574,0.0804783850908,0.812401473522,0.574974834919
-0.612650513649,-0.0706262290478,1.38669359684,0.0542364530265,0.0791053548455,0.812709987164,0.574720203876
-0.612440705299,-0.0703806579113,1.38669550419,0.0543290153146,0.0787541270256,0.813033938408,0.574301302433
-0.612366318703,-0.0703300610185,1.38682210445,0.0547902211547,0.080188266933,0.81326186657,0.573736190796
-0.612259268761,-0.0705095231533,1.38692522049,0.0533261448145,0.0791629254818,0.813670575619,0.573436915874
-0.612187862396,-0.070316568017,1.38698804379,0.0542919300497,0.080716624856,0.814085841179,0.572539567947
-0.612137317657,-0.070226021111,1.38705205917,0.0544620640576,0.0811985805631,0.814414918423,0.571986913681
-0.611762404442,-0.0697309151292,1.38703513145,0.0551212318242,0.0793158262968,0.81492036581,0.571467876434
-0.611554145813,-0.0697324052453,1.38702714443,0.0538302809,0.0790630280972,0.815941333771,0.570167720318
-0.611483216286,-0.0695736259222,1.38709127903,0.0546594671905,0.0794650167227,0.815779566765,0.570264160633
-0.611355781555,-0.0693431347609,1.38721072674,0.0557597801089,0.0819146260619,0.815883815289,0.569661736488
-0.611249089241,-0.0690808519721,1.38723909855,0.0562556833029,0.0812597572803,0.816233813763,0.569205224514
-0.611122667789,-0.0688827186823,1.3873013258,0.0566133148968,0.0804838389158,0.81654548645,0.568832933903
-0.610994517803,-0.0689634978771,1.38733053207,0.0553551279008,0.0805273577571,0.81766885519,0.567334830761
-0.610808730125,-0.0687649175525,1.3873642683,0.0557648874819,0.0808883309364,0.818083882332,0.566644787788
-0.610703110695,-0.0683089867234,1.38742518425,0.0578590892255,0.0824002623558,0.817571341991,0.56695663929
-0.610555231571,-0.0683575049043,1.38749420643,0.056961812079,0.0824304372072,0.818093061447,0.566290080547
-0.610460698605,-0.0681351944804,1.38759970665,0.0580146573484,0.0832868143916,0.818193376064,0.565912783146
-0.610458016396,-0.0683406069875,1.38771057129,0.0571127459407,0.0849600881338,0.819284498692,0.564174473286
-0.610326290131,-0.0681990087032,1.38776504993,0.0551696941257,0.0826767012477,0.820401489735,0.563082933426
-0.610326290131,-0.0681990087032,1.38776504993,0.0551696941257,0.0826767012477,0.820401489735,0.563082933426
-0.610052168369,-0.0678192824125,1.38783562183,0.055383618921,0.0827707648277,0.820810496807,0.562451660633
-0.60994631052,-0.0676431581378,1.38784456253,0.0558722876012,0.0841730386019,0.820926904678,0.562025129795
-0.609877347946,-0.067481175065,1.38787508011,0.0562282502651,0.0842713788152,0.821145653725,0.56165510416
-0.609787762165,-0.0674004331231,1.38793957233,0.0563216656446,0.0845070630312,0.821011543274,0.561806559563
-0.609691917896,-0.0671892985702,1.38798606396,0.0571536757052,0.0833282470703,0.820689976215,0.562368035316
-0.609589219093,-0.0668204054236,1.38790285587,0.0565241687,0.081230558455,0.821292161942,0.561859250069
-0.609561502934,-0.0667947381735,1.38800168037,0.0568199418485,0.0829808413982,0.821357727051,0.561477839947
-0.609467029572,-0.0665301680565,1.38806152344,0.0573812276125,0.0823447853327,0.820694804192,0.562482714653
-0.609466075897,-0.0663933679461,1.38814580441,0.0574340000749,0.0829761996865,0.820725262165,0.562340199947
-0.609435081482,-0.0660361126065,1.38818848133,0.0584674961865,0.0848036184907,0.821198999882,0.561268270016
-0.609478056431,-0.0659149587154,1.38827419281,0.0587979778647,0.0851114466786,0.821103751659,0.561326563358
-0.609438896179,-0.0657618567348,1.38822484016,0.0588488914073,0.0837347581983,0.820280015469,0.562730967999
-0.609499037266,-0.0656679272652,1.38837039471,0.0593449696898,0.0843031257391,0.820169568062,0.562754809856
-0.609515428543,-0.0657296851277,1.38848280907,0.0584595166147,0.0825817510486,0.82034933567,0.562840640545
-0.609426081181,-0.0657168105245,1.38841319084,0.0571180842817,0.0827420055866,0.820554196835,0.562656342983
-0.609479665756,-0.0651017129421,1.38844168186,0.0606049224734,0.0822710692883,0.819417476654,0.564015567303
-0.609563589096,-0.0652120411396,1.38845455647,0.0602656565607,0.0838555619121,0.819345831871,0.563922703266
-0.609662055969,-0.065228074789,1.3884832859,0.0599513277411,0.0844445079565,0.81979483366,0.563215315342
