x,y,z,q0,q1,q2,q3
0.629996776581,-0.232114925981,1.33789741993,-0.0401153191924,-0.044095158577,0.636432886124,-0.769025206566
0.630101144314,-0.231916174293,1.33781051636,-0.0409154295921,-0.0449010804296,0.636517941952,-0.76886600256
0.630159020424,-0.231681406498,1.3377404213,-0.0412031449378,-0.045180439949,0.636397659779,-0.768933773041
0.630250155926,-0.231388837099,1.33767437935,-0.0416852794588,-0.0453098863363,0.636678934097,-0.768667280674
0.630075156689,-0.230996832252,1.3370115757,-0.0407239161432,-0.0438474342227,0.63673222065,-0.768759548664
0.630207002163,-0.230594187975,1.33701860905,-0.0411155484617,-0.0435168966651,0.637330949306,-0.76826107502
0.630270421505,-0.23013278842,1.33687329292,-0.041542019695,-0.0437490679324,0.637936532497,-0.767722129822
0.630309522152,-0.229638665915,1.3369371891,-0.0418105460703,-0.0441693291068,0.638441383839,-0.767263710499
0.630338907242,-0.229131117463,1.33703887463,-0.0421382524073,-0.0445289351046,0.638841807842,-0.766891539097
0.630426049232,-0.228621453047,1.33694684505,-0.0423906333745,-0.044108428061,0.639371275902,-0.76646065712
0.630629956722,-0.228038370609,1.33696782589,-0.0427047349513,-0.0441127941012,0.640152573586,-0.765790522099
0.630511462688,-0.227350831032,1.33707952499,-0.0426539778709,-0.0442764163017,0.640443146229,-0.765540897846
0.630888104439,-0.226668819785,1.33699989319,-0.0435656495392,-0.0435818955302,0.641587734222,-0.764570474625
0.63063031435,-0.226075232029,1.33714413643,-0.0432623587549,-0.044132232666,0.641542673111,-0.76459389925
0.630937814713,-0.225237816572,1.33704185486,-0.0430280156434,-0.0435281768441,0.64302188158,-0.763398230076
0.63079315424,-0.224280506372,1.33715033531,-0.0433226414025,-0.0434627123177,0.643146753311,-0.763279974461
0.630999028683,-0.223456799984,1.33722364902,-0.043633390218,-0.0428864136338,0.643910527229,-0.76265078783
0.631020367146,-0.222519904375,1.33728170395,-0.0436086803675,-0.0424704141915,0.644455611706,-0.762214839458
0.631090939045,-0.22163002193,1.33735108376,-0.0440078750253,-0.0414846874774,0.64461773634,-0.762109220028
0.631115853786,-0.220523178577,1.33741950989,-0.0437345728278,-0.0411061383784,0.645067512989,-0.761764705181
0.631008803844,-0.219197630882,1.33751988411,-0.0428471639752,-0.0410884134471,0.645846247673,-0.761156022549
0.631005227566,-0.218017369509,1.33767330647,-0.0428444333375,-0.0404094010592,0.646282315254,-0.760822415352
0.63139462471,-0.216786548495,1.33813679218,-0.0444036461413,-0.0406085886061,0.647208213806,-0.759934902191
0.631462216377,-0.215340524912,1.33848655224,-0.0436993166804,-0.0402462556958,0.648016095161,-0.759306132793
0.631135821342,-0.213857486844,1.33807313442,-0.0419996343553,-0.0394043922424,0.648247420788,-0.759248793125
0.631603300571,-0.21249371767,1.33880734444,-0.0433535389602,-0.0393548496068,0.649249911308,-0.758318006992
0.631665349007,-0.210878178477,1.33884811401,-0.0429008342326,-0.038479372859,0.649953067303,-0.757786154747
0.631602168083,-0.209390223026,1.33895242214,-0.042875289917,-0.0383960790932,0.650482475758,-0.757337510586
0.631255447865,-0.207808345556,1.33835554123,-0.0412567220628,-0.0356974042952,0.650312781334,-0.757704973221
0.6313585639,-0.206250697374,1.33857679367,-0.0413237921894,-0.0353094227612,0.650794267654,-0.757306039333
0.631516933441,-0.204643309116,1.33877682686,-0.0412285998464,-0.034963067621,0.651217997074,-0.756963014603
0.631390631199,-0.202783823013,1.33906269073,-0.0404883213341,-0.0350602641702,0.6520165205,-0.75631070137
0.631247282028,-0.201011821628,1.33922886848,-0.0401197485626,-0.0348743386567,0.652396976948,-0.756010830402
0.630614638329,-0.199139043689,1.33929312229,-0.0384431481361,-0.0343969576061,0.65211224556,-0.756365478039
0.631477832794,-0.197404071689,1.3396846056,-0.039752278477,-0.0323745682836,0.653735935688,-0.754984259605
0.631313681602,-0.19559584558,1.33996033669,-0.0390587635338,-0.0322019942105,0.653933346272,-0.754856705666
0.631526708603,-0.193746626377,1.340072155,-0.0386127531528,-0.0312650538981,0.654884517193,-0.754094064236
0.631383180618,-0.191752195358,1.34028220177,-0.038541097194,-0.031213408336,0.655566513538,-0.753507137299
0.631414949894,-0.189717888832,1.34055149555,-0.037778146565,-0.0306015256792,0.65656542778,-0.75270062685
0.631456911564,-0.187713727355,1.3408049345,-0.0378705523908,-0.0296361390501,0.65706795454,-0.752296030521
0.631735861301,-0.185748487711,1.34145307541,-0.0388431586325,-0.0297959707677,0.658026456833,-0.75140184164
0.631654262543,-0.183706641197,1.34170126915,-0.0388082377613,-0.0289958398789,0.658873438835,-0.750692307949
0.631568729877,-0.181548953056,1.34189641476,-0.0382559001446,-0.0284198820591,0.659420847893,-0.750261962414
0.631610035896,-0.179509580135,1.34218633175,-0.037703499198,-0.026966964826,0.659993171692,-0.749840140343
0.631536483765,-0.177263170481,1.34235942364,-0.0374535024166,-0.0264324173331,0.661080420017,-0.74891346693
0.631536126137,-0.175122007728,1.34262895584,-0.0372299291193,-0.0257856138051,0.661843001842,-0.748273432255
0.631525874138,-0.17281575501,1.3428248167,-0.0366079956293,-0.0249095987529,0.66285187006,-0.74744027853
0.631447076797,-0.170663401484,1.3430262804,-0.0364780202508,-0.024092392996,0.663618564606,-0.746792674065
0.631510794163,-0.168311744928,1.34326982498,-0.0358594879508,-0.023208655417,0.664832413197,-0.745770275593
0.631463825703,-0.165954634547,1.34355092049,-0.0348270982504,-0.0221934393048,0.665704727173,-0.745071768761
0.631391763687,-0.163669496775,1.34371447563,-0.0351800508797,-0.0208819434047,0.667391180992,-0.74358278513
0.631358385086,-0.16132517159,1.34387421608,-0.0345642790198,-0.0200305245817,0.668450057507,-0.74268335104
0.631344199181,-0.158794760704,1.34413969517,-0.0338408984244,-0.0192712005228,0.669103741646,-0.742148041725
0.630392313004,-0.156712934375,1.34440398216,-0.0315043069422,-0.0199357587844,0.668478727341,-0.742796242237
0.630336999893,-0.154024809599,1.34461128712,-0.031086018309,-0.0195124857128,0.669874489307,-0.741566717625
0.630291759968,-0.151818960905,1.34536278248,-0.0294057875872,-0.0199234224856,0.671495079994,-0.74015724659
0.630409598351,-0.149308517575,1.34532499313,-0.0297090541571,-0.0192727837712,0.672672271729,-0.739092707634
0.6304474473,-0.14688552916,1.3455145359,-0.0283251348883,-0.0169827751815,0.674860656261,-0.737205803394
0.630370676517,-0.14456628263,1.34571027756,-0.0282848272473,-0.0164492186159,0.675854682922,-0.736308336258
0.630164384842,-0.141983911395,1.34609925747,-0.0284696500748,-0.0144784012809,0.677985072136,-0.734381437302
0.630081415176,-0.139416068792,1.34626972675,-0.0281931366771,-0.0137069812045,0.679466068745,-0.733036875725
0.629827201366,-0.136932075024,1.34642243385,-0.027741221711,-0.0122072445229,0.680733442307,-0.731904089451
0.629734635353,-0.134272605181,1.34647524357,-0.0269019640982,-0.010898145847,0.682677209377,-0.730143368244
0.630169808865,-0.131406515837,1.34633874893,-0.0286947749555,-0.00725519610569,0.685151278973,-0.727799355984
0.629531741142,-0.128845959902,1.34702312946,-0.0259957108647,-0.00868033617735,0.686273872852,-0.726826786995
0.629212141037,-0.126045078039,1.34722697735,-0.0254488941282,-0.00787407811731,0.68778526783,-0.725425183773
0.629291892052,-0.123229503632,1.34653687477,-0.0268312469125,-0.00373900867999,0.689502060413,-0.723776936531
0.629290759563,-0.120421305299,1.34683656693,-0.0259672030807,-0.00209433608688,0.691875576973,-0.721546709538
0.629268348217,-0.117858991027,1.34696114063,-0.0260905381292,-0.00102977594361,0.693471133709,-0.720011115074
0.629031300545,-0.115276813507,1.3472880125,-0.0258651785553,0.00118411472067,0.694545269012,-0.718982934952
0.628506839275,-0.112379491329,1.3476575613,-0.0233182683587,0.000785305164754,0.696400821209,-0.717273771763
0.628352224827,-0.10963395983,1.34784495831,-0.0234903786331,0.00156882044394,0.697897136211,-0.715811014175
0.628207325935,-0.106895260513,1.34802150726,-0.022449195385,0.00406938744709,0.699613034725,-0.714157640934
0.627989530563,-0.103934198618,1.34816861153,-0.0216913111508,0.00578942056745,0.701186478138,-0.712624430656
0.627655684948,-0.101369664073,1.34857416153,-0.0198098346591,0.00638613058254,0.702611863613,-0.711268782616
0.627581119537,-0.0985203161836,1.34868943691,-0.0189362801611,0.00828001648188,0.704644203186,-0.709259748459
0.627341926098,-0.095746986568,1.34888386726,-0.0179482232779,0.00988368690014,0.706214845181,-0.707701027393
0.627187073231,-0.0924364700913,1.3488202095,-0.0177888590842,0.0128752682358,0.708222806454,-0.705647349358
0.626521110535,-0.0897346362472,1.34869587421,-0.0139610599726,0.0139552522451,0.709323406219,-0.704606711864
0.626782953739,-0.0869025737047,1.34935319424,-0.0145730189979,0.0149497343227,0.711895704269,-0.701974928379
0.625903427601,-0.0838183760643,1.34904360771,-0.0116549991071,0.017655197531,0.712674617767,-0.701175749302
0.626123964787,-0.0805759578943,1.34930181503,-0.0134061826393,0.0173790883273,0.715745151043,-0.698016762733
0.625654995441,-0.0779210627079,1.34924721718,-0.00973595678806,0.0219058357179,0.716610014439,-0.697062075138
0.625177621841,-0.0750179439783,1.34948205948,-0.00889057386667,0.0232789963484,0.718946099281,-0.694618940353
0.625033676624,-0.0721103698015,1.34972262383,-0.00727092800662,0.0256483331323,0.720434963703,-0.693010032177
0.624688446522,-0.0690098553896,1.34990954399,-0.0062613482587,0.0277245920151,0.722015202045,-0.691293179989
0.624636352062,-0.0660965070128,1.34999930859,-0.00524949422106,0.0297425501049,0.724434912205,-0.68868124485
0.624342679977,-0.0632689893246,1.35020303726,-0.00409512361512,0.0322001762688,0.725992143154,-0.686936616898
0.624036252499,-0.060283780098,1.35050225258,-0.00259842141531,0.0337863005698,0.727847099304,-0.684901714325
0.623624682426,-0.0576932579279,1.35035479069,-0.00204634899274,0.0372474864125,0.728603839874,-0.683918893337
0.623666465282,-0.0545622482896,1.35055744648,-0.000865988607984,0.0387977585196,0.73119354248,-0.681065440178
0.623507082462,-0.0518387779593,1.35071003437,0.000451409257948,0.0411623716354,0.733008444309,-0.678972959518
0.623244464397,-0.0489044189453,1.35082244873,0.00137368880678,0.0431186854839,0.734540700912,-0.677191972733
0.623047351837,-0.0460733734071,1.35094201565,0.00245264614932,0.044826939702,0.736282289028,-0.675183594227
0.622598767281,-0.043435998261,1.35102391243,0.00362641946413,0.0469385646284,0.737114310265,-0.674126267433
0.622650206089,-0.0404955074191,1.35118079185,0.004578191787,0.0489297918975,0.739191830158,-0.671699762344
0.622455000877,-0.0375109240413,1.35126888752,0.00571241462603,0.0503978729248,0.740674376488,-0.669946908951
0.622218489647,-0.0348788350821,1.35133194923,0.00658283475786,0.0524455904961,0.741993427277,-0.668320298195
0.622046113014,-0.0320939384401,1.35136055946,0.00718493852764,0.0547129623592,0.742993593216,-0.667019724846
0.622106492519,-0.0291182789952,1.35164642334,0.00859496928751,0.0555880926549,0.745049655437,-0.66463303566
0.622045695782,-0.0262927878648,1.35139191151,0.00883603096008,0.0586312450469,0.746243357658,-0.66302728653
0.621845364571,-0.0239861570299,1.35169541836,0.0105169164017,0.0600616261363,0.747315943241,-0.661665141582
0.621580302715,-0.0213519837707,1.3516793251,0.0114641720429,0.0614490956068,0.747687101364,-0.661102473736
0.621671020985,-0.0183933507651,1.35166430473,0.0121040167287,0.0635469555855,0.749190747738,-0.659187793732
0.621490418911,-0.0161428228021,1.35178077221,0.0134485578164,0.0652981102467,0.749466240406,-0.658677279949
0.62170535326,-0.0132247377187,1.35173916817,0.0140655590221,0.0667085424066,0.750944852829,-0.6568364501
0.622023522854,-0.0106050511822,1.35177671909,0.0148423034698,0.0687160342932,0.752261698246,-0.655103266239
0.621965050697,-0.00827536359429,1.35203266144,0.0162920523435,0.0698347836733,0.752912640572,-0.65420204401
0.622186779976,-0.00549618061632,1.35214018822,0.017190290615,0.0709432810545,0.754096627235,-0.652694404125
0.62196624279,-0.00293202977628,1.35183775425,0.0168975349516,0.0716136097908,0.755802690983,-0.650652348995
0.622254133224,-0.000854200683534,1.35226404667,0.0197274126112,0.0742486342788,0.755248010159,-0.650921344757
0.622052669525,0.00181624153629,1.3521604538,0.0206291209906,0.0757319107652,0.755453824997,-0.650483489037
0.622091293335,0.00402910122648,1.35204386711,0.0206347070634,0.0765857771039,0.757282495499,-0.648253023624
0.6218714118,0.00627003936097,1.35203695297,0.0216935947537,0.0783011466265,0.757439494133,-0.647830069065
0.62222224474,0.00888431165367,1.35181725025,0.0232474766672,0.0799337550998,0.758347392082,-0.646513342857
0.622367024422,0.0108436178416,1.35239303112,0.0255926884711,0.0817458704114,0.757259309292,-0.647472918034
0.622652888298,0.0131929935887,1.35228645802,0.0271609332412,0.083667203784,0.758208990097,-0.646050512791
0.622672140598,0.0151322428137,1.35250759125,0.0276434216648,0.0854705795646,0.758493959904,-0.64545917511
0.62275737524,0.017553512007,1.3522258997,0.0296120233834,0.087024666369,0.759035468102,-0.64452701807
0.62278598547,0.0194805357605,1.35232114792,0.0300465170294,0.0893353670835,0.759095191956,-0.64412021637
0.622899770737,0.0215098410845,1.35224187374,0.0315536409616,0.0913420319557,0.759352505207,-0.64346319437
0.622857928276,0.0234721787274,1.35232579708,0.0328283794224,0.0924577638507,0.759432733059,-0.643145263195
0.623128116131,0.0257775709033,1.35218310356,0.0342862866819,0.0937425419688,0.760361075401,-0.641784965992
0.623222947121,0.0278601497412,1.35207474232,0.0354683659971,0.0957607999444,0.760576546192,-0.641167104244
0.623329639435,0.0298174135387,1.3521848917,0.0368439443409,0.0967826396227,0.760770022869,-0.640706479549
0.623400747776,0.0316181890666,1.35244953632,0.037974357605,0.0979505330324,0.760823726654,-0.640399098396
0.623632311821,0.0336969643831,1.35224056244,0.0394122116268,0.0990497618914,0.761520624161,-0.639313876629
0.623685956001,0.0356294065714,1.3522080183,0.0408128350973,0.100628204644,0.761525928974,-0.638973116875
0.623964488506,0.0372872650623,1.35234713554,0.0421034544706,0.1023555547,0.76200401783,-0.638044297695
0.623977601528,0.0392956063151,1.3521977663,0.0427298769355,0.103179290891,0.762718439102,-0.637015581131
0.623712539673,0.0409787371755,1.35227751732,0.0440637171268,0.105532586575,0.76177418232,-0.637668788433
0.624064028263,0.0426838099957,1.35242784023,0.044695019722,0.107245184481,0.762502670288,-0.63646709919
0.623979747295,0.0447131916881,1.35226631165,0.0465195775032,0.108707211912,0.762680649757,-0.635875046253
0.624039411545,0.0466682240367,1.35246694088,0.0490351617336,0.112260363996,0.762313365936,-0.635508954525
0.623748719692,0.048107560724,1.35240793228,0.0492086447775,0.112268716097,0.762628912926,-0.635115265846
0.624059557915,0.0497632585466,1.35255098343,0.0504949055612,0.113305926323,0.763751327991,-0.633479237556
0.623992562294,0.0513423159719,1.35264968872,0.0512554571033,0.115430288017,0.76363068819,-0.63318002224
0.623959422112,0.0530225895345,1.35270559788,0.0531514920294,0.117055006325,0.764094531536,-0.632165074348
0.624022245407,0.0547315217555,1.35266208649,0.0538477934897,0.118840582669,0.764351546764,-0.631461918354
0.623949408531,0.0559262260795,1.35301542282,0.0544298514724,0.120712019503,0.764413535595,-0.630981683731
0.623875916004,0.0577926710248,1.3528200388,0.0562081001699,0.122413910925,0.764752209187,-0.630086958408
0.623825550079,0.0591577254236,1.35306429863,0.0576819144189,0.124103881419,0.764907062054,-0.629434883595
0.623404860497,0.0604237541556,1.35301470757,0.0586321428418,0.127037644386,0.763988673687,-0.629876971245
0.623602688313,0.0619328692555,1.35343492031,0.0590893365443,0.127649277449,0.764995634556,-0.628486931324
0.623592674732,0.0636103004217,1.35330557823,0.0603582039475,0.129766374826,0.7653465271,-0.627504825592
0.623312473297,0.0650747790933,1.35344386101,0.0615601912141,0.131591185927,0.765292942524,-0.627073287964
0.622839331627,0.0661315843463,1.35381817818,0.0626638531685,0.133907943964,0.764299213886,-0.627685070038
0.623231053352,0.0674530565739,1.35386526585,0.0629172101617,0.135043352842,0.765788733959,-0.625597715378
0.62292098999,0.0685370564461,1.35417437553,0.0633161514997,0.136910751462,0.76531535387,-0.625730752945
0.622976183891,0.0699352025986,1.35431599617,0.0644621253014,0.13843742013,0.76610916853,-0.624304771423
0.622806608677,0.0712466090918,1.35428464413,0.0647125244141,0.140268743038,0.76645731926,-0.6234421134
0.622637271881,0.0724423751235,1.35442006588,0.0653023123741,0.141766369343,0.766497075558,-0.622993052006
0.62236225605,0.0734223276377,1.35460698605,0.0660731494427,0.143207982183,0.766325056553,-0.622793495655
0.622085750103,0.0745008662343,1.35466957092,0.0659200549126,0.145120278001,0.766037642956,-0.622720658779
0.621990382671,0.0756554752588,1.3546577692,0.0669280663133,0.146907925606,0.766248762608,-0.621933698654
0.621720194817,0.0767954438925,1.35468816757,0.0667796656489,0.148395642638,0.765933513641,-0.621984779835
0.62184804678,0.0781469121575,1.35478544235,0.0676640421152,0.149118885398,0.766923129559,-0.620495021343
0.621320068836,0.0788294821978,1.35491168499,0.0678948760033,0.150932252407,0.766033470631,-0.621130049229
0.621495485306,0.0802239179611,1.35477352142,0.0687224194407,0.151988357306,0.766931831837,-0.619671285152
0.621306717396,0.0811067894101,1.3549323082,0.0687776654959,0.152967497706,0.766643464565,-0.619781076908
0.621200621128,0.0824295580387,1.35508930683,0.0711336955428,0.156188473105,0.766159176826,-0.619310379028
0.620623469353,0.0829334110022,1.35483586788,0.0698342174292,0.155843213201,0.765412449837,-0.620467543602
0.620837211609,0.0842530801892,1.35494315624,0.0719188824296,0.159030273557,0.765277445316,-0.619586586952
0.620752990246,0.0849698781967,1.35489761829,0.0709976032376,0.157523274422,0.766191959381,-0.618947207928
0.620565772057,0.0858448296785,1.35495460033,0.0706369429827,0.158733010292,0.765773832798,-0.619196891785
0.6204033494,0.0867788642645,1.35501801968,0.071820192039,0.160643711686,0.765278100967,-0.619180858135
0.620556533337,0.0873279795051,1.35529375076,0.0704112946987,0.160487487912,0.765568077564,-0.619024753571
0.620326042175,0.088132366538,1.35540723801,0.0703309029341,0.161102578044,0.765274107456,-0.619237482548
0.620386779308,0.088974237442,1.35555267334,0.0708267986774,0.16159516573,0.765720903873,-0.618499815464
0.620238244534,0.090032286942,1.35550296307,0.0725461766124,0.164657130837,0.764740824699,-0.618705630302
0.620104730129,0.0904756635427,1.35536313057,0.0713379904628,0.163412749767,0.765364944935,-0.618404090405
0.619899749756,0.0909517556429,1.35547053814,0.0712631568313,0.164692923427,0.764625549316,-0.618987619877
0.619771957397,0.0915673822165,1.35550916195,0.0715359523892,0.165302634239,0.764493107796,-0.618957221508
0.619426012039,0.0919759124517,1.35570156574,0.0721037238836,0.165633440018,0.76405954361,-0.619338154793
0.619316220284,0.0927786380053,1.35589706898,0.0732841268182,0.168194308877,0.763435125351,-0.619279325008
0.619216680527,0.0933498516679,1.35581183434,0.0731490328908,0.169000282884,0.763128519058,-0.619453728199
0.619211256504,0.0941939502954,1.35584020615,0.0730209425092,0.169568479061,0.762706816196,-0.619832932949
0.619137763977,0.0947088450193,1.35584151745,0.0731635466218,0.169946014881,0.762419700623,-0.620066046715
0.618784546852,0.0947740226984,1.355707407,0.0719148665667,0.168469980359,0.762309908867,-0.620749294758
0.618692517281,0.0951958298683,1.35573816299,0.0720248818398,0.168984159827,0.761940896511,-0.621049821377
0.618702530861,0.0955941230059,1.35575020313,0.0724190175533,0.169151633978,0.761957228184,-0.6209384799
0.618543326855,0.0960455387831,1.35580551624,0.0726458132267,0.168996870518,0.761658132076,-0.621320903301
0.61855083704,0.0964628309011,1.35591197014,0.0718146264553,0.169359594584,0.761267244816,-0.621797502041
0.618531107903,0.0967643857002,1.35595083237,0.0719503313303,0.169753760099,0.761025965214,-0.621969759464
0.618449807167,0.0970847606659,1.35597908497,0.071830868721,0.169846370816,0.760685443878,-0.622374713421
0.618285417557,0.0973414182663,1.35599982738,0.0722107961774,0.169776141644,0.760265171528,-0.622863173485
0.618002474308,0.0975330248475,1.35596227646,0.0716806352139,0.170235365629,0.759184658527,-0.624115765095
0.617947101593,0.0976938456297,1.35605943203,0.0718179419637,0.17004366219,0.75895524025,-0.62443125248
0.617751002312,0.0980684533715,1.35617601871,0.0727355480194,0.171947106719,0.757638037205,-0.625402629375
0.617736876011,0.0981660038233,1.35629332066,0.0727534294128,0.171589836478,0.757374644279,-0.625817537308
0.617844879627,0.0981846451759,1.35616576672,0.0716633871198,0.16964045167,0.75781917572,-0.625936508179
0.617836296558,0.0985478386283,1.35627472401,0.0728866383433,0.171223923564,0.756820678711,-0.626572012901
0.617664992809,0.0985590070486,1.35637927055,0.0721844360232,0.170695841312,0.75614130497,-0.627616763115
0.617527008057,0.0984173864126,1.35664904118,0.0721797049046,0.169866263866,0.755731284618,-0.628335833549
0.617493867874,0.0984721705317,1.35660231113,0.0717398151755,0.169622913003,0.755298793316,-0.628971576691
0.617445111275,0.0981784462929,1.35655736923,0.0702529251575,0.167096570134,0.755870521069,-0.629128992558
0.617292940617,0.0981002151966,1.35660409927,0.0697906091809,0.166660934687,0.755180180073,-0.630124211311
0.617340385914,0.0979783684015,1.35672557354,0.0695570707321,0.165863722563,0.754899919033,-0.630695819855
0.617137789726,0.0978738591075,1.35681223869,0.0695827379823,0.166080549359,0.753824353218,-0.631921052933
0.617219626904,0.0976711660624,1.3569226265,0.0693881139159,0.164115682244,0.754193842411,-0.632015049458
0.617209076881,0.097725443542,1.3571075201,0.0695533677936,0.165301322937,0.753209471703,-0.632861316204
0.616953372955,0.0974710285664,1.35716056824,0.0692834407091,0.16456143558,0.752282261848,-0.63418507576
0.616948664188,0.0974623858929,1.35715508461,0.0687181130052,0.163927525282,0.751994013786,-0.634752392769
0.616972982883,0.0972041413188,1.35728287697,0.0688474699855,0.163442775607,0.751258611679,-0.635733306408
0.616619110107,0.0965418592095,1.35728156567,0.0673449411988,0.160762995481,0.751006245613,-0.636874973774
0.616548776627,0.0963331460953,1.35743784904,0.0667686909437,0.159670606256,0.750645756721,-0.637634932995
0.61682420969,0.0965904220939,1.35752034187,0.0671998634934,0.160993292928,0.750118732452,-0.637877106667
0.616791307926,0.0962159708142,1.35761237144,0.0664247721434,0.160377368331,0.749645709991,-0.638669133186
0.616584300995,0.0955903455615,1.35752463341,0.0645396485925,0.157268330455,0.749808192253,-0.639444410801
0.616534471512,0.0952542573214,1.35760426521,0.0641691237688,0.156419798732,0.749404191971,-0.640162825584
0.616651535034,0.0948808789253,1.35779571533,0.0638120621443,0.155312418938,0.749537408352,-0.640312373638
0.616386055946,0.0944945439696,1.35790717602,0.0639584809542,0.155189618468,0.7485435009,-0.641489088535
0.616525650024,0.0941624492407,1.35781264305,0.06297390908,0.153495892882,0.748879373074,-0.641602098942
0.616427242756,0.0936432853341,1.35804665089,0.0626442357898,0.152215912938,0.748777449131,-0.642057955265
0.616219341755,0.0932799503207,1.35797810555,0.0619082711637,0.151802197099,0.748048126698,-0.643076717854
0.616330862045,0.0929287672043,1.35807049274,0.0613384954631,0.150913894176,0.748147249222,-0.643224835396
0.616159081459,0.0924810767174,1.35809934139,0.0605364367366,0.150105118752,0.747590780258,-0.644136548042
0.616111218929,0.0919925197959,1.35821819305,0.0598656497896,0.148934587836,0.747481584549,-0.644597530365
0.615756571293,0.0913452133536,1.35844874382,0.0597308091819,0.147609725595,0.746722638607,-0.645793437958
0.615829586983,0.0909328088164,1.35852611065,0.0591179206967,0.146868079901,0.74696034193,-0.645743787289
0.615784704685,0.0905253738165,1.35846745968,0.0582924187183,0.146249055862,0.746870756149,-0.646062910557
0.615669190884,0.0899000838399,1.35851621628,0.0583222396672,0.145506501198,0.74687063694,-0.646228134632
0.615466117859,0.08959813416,1.35883617401,0.0577176995575,0.146136298776,0.74608194828,-0.647050797939
0.615587055683,0.0891942232847,1.35896849632,0.0575144588947,0.145553335547,0.745986700058,-0.64730989933
0.61523681879,0.0883212164044,1.35892593861,0.0555184073746,0.142693638802,0.746309578419,-0.647748708725
0.615235626698,0.0876995772123,1.35899817944,0.0556219704449,0.141312435269,0.746920228004,-0.64733850956
0.615196466446,0.087028555572,1.3590747118,0.0554721131921,0.140390560031,0.746932029724,-0.647538304329
0.614972114563,0.0863723605871,1.35931932926,0.0549427941442,0.139110654593,0.746781766415,-0.648032844067
0.614799022675,0.0859535485506,1.35927033424,0.0536557398736,0.138490960002,0.746494233608,-0.64860445261
0.614708483219,0.0855951979756,1.35944795609,0.0544656850398,0.139826104045,0.745615005493,-0.649261534214
0.614734947681,0.0849538594484,1.35956966877,0.0538455247879,0.138708233833,0.745965778828,-0.649150133133
0.614427387714,0.0841826125979,1.35971772671,0.0536115244031,0.137428194284,0.745669722557,-0.649781405926
0.614317536354,0.0834361463785,1.35955262184,0.0513470508158,0.134537890553,0.746600210667,-0.649500787258
0.614795684814,0.0831221491098,1.35966873169,0.0514259599149,0.132732570171,0.748469114304,-0.647712528706
0.614125788212,0.0821100696921,1.35960960388,0.0502939857543,0.132609561086,0.746526062489,-0.650064826012
0.614259958267,0.0813578590751,1.35985136032,0.0500629432499,0.130940422416,0.747438430786,-0.649372160435
0.614205121994,0.0807266309857,1.35994982719,0.0493111647666,0.130250662565,0.74745631218,-0.649547874928
0.614139735699,0.0802316963673,1.36022508144,0.0505327768624,0.130674168468,0.747010231018,-0.649881958961
0.614084124565,0.0792778581381,1.36014854908,0.048538621515,0.127515345812,0.747956454754,-0.649572908878
0.613739609718,0.0784977525473,1.3600922823,0.0470011010766,0.12728998065,0.746883690357,-0.650963068008
0.6139767766,0.0778959691525,1.36029493809,0.0467931218445,0.125610217452,0.747471690178,-0.650629281998
0.613929331303,0.0769455656409,1.3604991436,0.0463060587645,0.123812690377,0.747338175774,-0.651162028313
0.613897740841,0.0761087909341,1.3604619503,0.0459763556719,0.122812345624,0.746790349483,-0.652002751827
0.613833844662,0.075456649065,1.36036527157,0.0455759838223,0.121704787016,0.746405005455,-0.652679383755
0.613783478737,0.0746163129807,1.36044442654,0.044136594981,0.118922173977,0.748814642429,-0.650527656078
0.613806605339,0.0738057494164,1.36049246788,0.0432800613344,0.117651440203,0.748828053474,-0.650800704956
0.614081859589,0.0732155516744,1.36042356491,0.0433914959431,0.116645514965,0.748690068722,-0.651133060455
0.613375425339,0.0719281807542,1.3604131937,0.0400954075158,0.115368753672,0.749805450439,-0.650287866592
0.614176034927,0.0716030821204,1.360886693,0.0434968098998,0.116698563099,0.747776925564,-0.652165055275
0.61378800869,0.0704710558057,1.3606749773,0.0405266620219,0.11194062233,0.748712897301,-0.652116477489
0.614012658596,0.0694940909743,1.36084461212,0.0395499803126,0.110208041966,0.748858630657,-0.652304232121
0.614437937737,0.0684273391962,1.36104941368,0.0405183956027,0.110050559044,0.746972024441,-0.654430985451
0.613925158978,0.0671454891562,1.36097633839,0.0364258736372,0.109120182693,0.750999569893,-0.650204360485
0.614226520061,0.0660045072436,1.36090052128,0.0362294428051,0.105294600129,0.748976588249,-0.653172671795
0.614487171173,0.0648069307208,1.36122524738,0.0367052406073,0.103748947382,0.747865140438,-0.6546651721
0.61451292038,0.0640885606408,1.3609508276,0.0367683731019,0.102678231895,0.746560931206,-0.656316995621
0.614813923836,0.0627450942993,1.361364007,0.0363669358194,0.101182319224,0.745643258095,-0.657613813877
0.614731252193,0.0615269765258,1.36108028889,0.0341089889407,0.0994408801198,0.746490061283,-0.657039403915
0.614947140217,0.0600082054734,1.36143791676,0.0351972691715,0.0985548272729,0.743922054768,-0.660021364689
0.614692628384,0.0587681308389,1.36122858524,0.032576020807,0.0961871519685,0.744722962379,-0.659601867199
0.614865124226,0.0578900501132,1.361281991,0.0320500098169,0.094357021153,0.743723452091,-0.661018311977
0.614343702793,0.0561338812113,1.3607275486,0.0306557174772,0.0934165865183,0.744750082493,-0.660061240196
0.614254415035,0.0549882166088,1.36063957214,0.0298508666456,0.0918479785323,0.743818879128,-0.661367237568
0.61454641819,0.0539907030761,1.36067092419,0.0300663597882,0.0907123014331,0.741729974747,-0.663855314255
0.614663422108,0.0528896637261,1.36070275307,0.0295756030828,0.0893604680896,0.74027633667,-0.66568082571
0.615006268024,0.0513434931636,1.36107778549,0.027103824541,0.0881788209081,0.73941975832,-0.666894435883
0.614802539349,0.0500792786479,1.36074829102,0.0273072570562,0.0872043296695,0.738612771034,-0.667907893658
0.614622533321,0.0487106256187,1.36065506935,0.0258397497237,0.0857012197375,0.73880726099,-0.667945683002
0.614917218685,0.0473027490079,1.36109340191,0.0234525203705,0.0841411203146,0.738762974739,-0.668281197548
0.614716589451,0.0460166819394,1.36072027683,0.0248858779669,0.0836252942681,0.737269103527,-0.669941663742
0.614677488804,0.0444764345884,1.36068618298,0.0229626167566,0.0818757042289,0.738495349884,-0.668874919415
0.614584624767,0.0428821258247,1.36065602303,0.021430503577,0.0799850299954,0.738861680031,-0.668750047684
0.614441812038,0.0412426143885,1.36073803902,0.0199133846909,0.0792217627168,0.739618122578,-0.668051183224
0.614418447018,0.0396514125168,1.36075747013,0.0192179698497,0.0776874646544,0.739678621292,-0.668184816837
0.614254951477,0.0381248965859,1.36091184616,0.018386092037,0.0777310058475,0.740482985973,-0.667311668396
0.614434421062,0.0363729372621,1.36094081402,0.0178006365895,0.0747787207365,0.739479243755,-0.668776273727
0.614781796932,0.0347695797682,1.36110210419,0.01857967861,0.0736007317901,0.737007379532,-0.671608448029
0.614473760128,0.0329293012619,1.36100935936,0.015964075923,0.0717246830463,0.739555239677,-0.669073104858
0.614340245724,0.0311619453132,1.36115586758,0.0148891648278,0.0716527476907,0.740675032139,-0.667865693569
0.614402234554,0.0292523615062,1.36104202271,0.0141073409468,0.0689296722412,0.739371299744,-0.669611692429
0.614446282387,0.0274973493069,1.36108899117,0.0134197333828,0.0672667101026,0.739005565643,-0.670198440552
0.614568650723,0.0253631155938,1.36116242409,0.0139176435769,0.0665256008506,0.736819982529,-0.672663986683
0.614470124245,0.0240116305649,1.36096048355,0.0119799207896,0.0643906071782,0.738981544971,-0.670534670353
0.614797353745,0.0222233422101,1.36114037037,0.0128669748083,0.0635104998946,0.736183464527,-0.673672795296
0.614369034767,0.0200829748064,1.36103594303,0.0097499480471,0.0617870502174,0.737893402576,-0.672012329102
0.614443302155,0.018523151055,1.3610714674,0.0104195289314,0.0603903979063,0.735695123672,-0.674534857273
0.614188313484,0.0159897431731,1.36093902588,0.00801367778331,0.059344060719,0.736913084984,-0.673329949379
0.61405313015,0.0145123917609,1.36107480526,0.00916544161737,0.0586730986834,0.732277989388,-0.678411722183
0.614408135414,0.0122078638524,1.36107063293,0.00756916217506,0.0564778372645,0.734594643116,-0.67610925436
0.613975584507,0.0102225970477,1.36157798767,0.00256896903738,0.0559651851654,0.736140847206,-0.674505650997
0.614044070244,0.00808035396039,1.36140108109,0.00174820888788,0.0534729398787,0.734641551971,-0.676342725754
0.614252150059,0.00613487139344,1.3616091013,0.00218242569827,0.0519460737705,0.732522785664,-0.678754270077
0.614177703857,0.00426980480552,1.36162555218,0.00250201602466,0.0519940815866,0.730055451393,-0.681402683258
0.61400783062,0.00211898609996,1.36147487164,-0.000144003293826,0.0498173348606,0.731575906277,-0.679937362671
0.613438546658,-0.000414371490479,1.36160385609,-0.00248384894803,0.0478279478848,0.732429265976,-0.679156661034
0.613590955734,-0.00244779326022,1.36157572269,-0.00179940531962,0.0471392050385,0.730420470238,-0.681366682053
0.613201498985,-0.00528941489756,1.36161243916,-0.00408266391605,0.046532869339,0.730972528458,-0.680806398392
0.613380968571,-0.00675426982343,1.36181163788,-0.00407283147797,0.0447701327503,0.729854643345,-0.682122766972
0.61305552721,-0.00932269357145,1.36194968224,-0.00505873048678,0.0438570454717,0.728788912296,-0.683313786983
0.612872004509,-0.0114869503304,1.36214804649,-0.00499480077997,0.042679104954,0.727558255196,-0.684698939323
0.612273812294,-0.013696860522,1.36215794086,-0.00832233112305,0.0432072803378,0.730888128281,-0.681077420712
0.612471461296,-0.0159605592489,1.36231207848,-0.00769988121465,0.0406446531415,0.728051126003,-0.684273600578
0.612255513668,-0.0181708037853,1.36251568794,-0.0083327498287,0.0390257276595,0.727602362633,-0.684837341309
0.612224638462,-0.0204915571958,1.36252570152,-0.00941237341613,0.0383805185556,0.727646648884,-0.684812903404
0.612040698528,-0.0229572672397,1.36270499229,-0.0098529048264,0.0370796956122,0.727508187294,-0.685025513172
0.611722111702,-0.0253388769925,1.36272931099,-0.0121857896447,0.0357056520879,0.729089140892,-0.683378040791
0.611827015877,-0.0275959521532,1.36289298534,-0.0115623958409,0.0345471464097,0.727227032185,-0.685429632664
0.611431241035,-0.0299902874976,1.36321032047,-0.0122904414311,0.0312855020165,0.728029251099,-0.684721589088
0.611516058445,-0.0327220261097,1.36305987835,-0.0119789130986,0.0322384163737,0.726846933365,-0.68593788147
0.611289262772,-0.0350847281516,1.36341762543,-0.0122729176655,0.0296697262675,0.726730644703,-0.686171770096
0.611151516438,-0.0377425700426,1.36340856552,-0.0135877681896,0.0292608477175,0.725767612457,-0.687183082104
0.611015737057,-0.0403519868851,1.36353898048,-0.0133007066324,0.0275728050619,0.725653707981,-0.687378764153
0.610947847366,-0.0428867414594,1.36355495453,-0.0136597566307,0.0264801755548,0.725291192532,-0.687797188759
0.610930681229,-0.0454136282206,1.36369657516,-0.0141528751701,0.0250526424497,0.725112617016,-0.688028991222
0.610992848873,-0.0476914457977,1.36369514465,-0.0156243862584,0.0242403578013,0.724887788296,-0.688263058662
0.610862612724,-0.050484597683,1.36377906799,-0.0148155279458,0.0225855913013,0.724242508411,-0.689016222954
0.611043989658,-0.0526377297938,1.36370396614,-0.0160076301545,0.0215581711382,0.724503934383,-0.688747465611
0.611104011536,-0.0551542378962,1.36372852325,-0.0161815136671,0.0204284992069,0.724241435528,-0.689053952694
0.610944509506,-0.0576501712203,1.36369431019,-0.0176043622196,0.0188378747553,0.725778698921,-0.687444925308
0.611245036125,-0.060047134757,1.36382722855,-0.0167794357985,0.0178646091372,0.723880708218,-0.689489781857
0.611154794693,-0.0626740604639,1.36372077465,-0.0181390233338,0.0163923520595,0.725199878216,-0.688104331493
0.611320614815,-0.0650356113911,1.36374080181,-0.0180636718869,0.0148011716083,0.725172221661,-0.688171446323
0.611566007137,-0.0676882565022,1.36406075954,-0.0163866281509,0.0131303360686,0.722616970539,-0.690929710865
0.612024962902,-0.069967508316,1.36409831047,-0.0160244163126,0.0133127095178,0.721717357635,-0.69187438488
0.612038552761,-0.0724149346352,1.36405563354,-0.0169246904552,0.0109229488298,0.722440004349,-0.691140055656
0.612158715725,-0.0749008655548,1.36397218704,-0.0173043441027,0.010018476285,0.721988499165,-0.691616117954
0.612187683582,-0.0773576647043,1.36403167248,-0.0174570102245,0.00869218818843,0.721679210663,-0.691952884197
0.612186551094,-0.0799355208874,1.36399817467,-0.0175511818379,0.00777189759538,0.720945775509,-0.692725598812
0.612166881561,-0.0823537409306,1.36388754845,-0.019243080169,0.00691067613661,0.722762823105,-0.69079375267
0.612296879292,-0.0844807699323,1.36396372318,-0.0183858256787,0.0057100658305,0.720037162304,-0.693668365479
0.612387120724,-0.0869000181556,1.36402654648,-0.0186950564384,0.00434589153156,0.71980035305,-0.693915724754
0.612464308739,-0.0893855988979,1.36399638653,-0.0191225148737,0.00352895725518,0.719339728355,-0.69438624382
0.612536132336,-0.0916993170977,1.36401772499,-0.0192388296127,0.00214973744005,0.718835771084,-0.694910347462
0.612539470196,-0.0940376296639,1.36401498318,-0.0182631518692,0.00209380500019,0.717772960663,-0.696034550667
0.613138139248,-0.0967528820038,1.36353838444,-0.0201196465641,0.00355766806751,0.716375350952,-0.697416007519
0.613102316856,-0.0994608402252,1.36373829842,-0.0201409719884,0.00211742031388,0.716219723225,-0.697580993176
0.613186836243,-0.101553037763,1.36346554756,-0.0200132336468,-4.0848597564e-05,0.716459035873,-0.697342097759
0.612728893757,-0.104123905301,1.36406040192,-0.0198111645877,-0.00351065536961,0.714607298374,-0.699236512184
0.612856268883,-0.106504991651,1.36388909817,-0.0201161000878,-0.00369708728977,0.713846564293,-0.700003445148
0.613419651985,-0.109005115926,1.36358547211,-0.0204337760806,-0.00161112973001,0.712146878242,-0.701731264591
0.613381803036,-0.11172888428,1.36341762543,-0.0211883597076,-0.00288764946163,0.712089598179,-0.701762914658
0.613469064236,-0.114182092249,1.3633326292,-0.0212118551135,-0.00340005010366,0.711184442043,-0.702677130699
0.613498628139,-0.11658578366,1.36331260204,-0.0212523359805,-0.00434822961688,0.710300207138,-0.70356464386
0.613618791103,-0.118998810649,1.36321461201,-0.0210742186755,-0.0046629072167,0.709364771843,-0.704510986805
0.61355304718,-0.121202602983,1.36321640015,-0.0210031624883,-0.00571821350604,0.708337903023,-0.705537855625
0.61347413063,-0.123606815934,1.36310136318,-0.0209188945591,-0.00606082938612,0.707212150097,-0.706665933132
0.613621294498,-0.125988602638,1.36301064491,-0.020907709375,-0.00657823774964,0.706330239773,-0.707543194294
0.613628804684,-0.128323554993,1.3629360199,-0.0205808226019,-0.00689017074183,0.705168008804,-0.708708226681
0.613549292088,-0.130594402552,1.36301612854,-0.0195692740381,-0.00688444403931,0.702610611916,-0.711272120476
0.613896071911,-0.132618635893,1.36260688305,-0.0211566966027,-0.00577048258856,0.702454686165,-0.711390554905
0.613831818104,-0.134925365448,1.36253559589,-0.0213171299547,-0.00622932240367,0.700958371162,-0.712856352329
0.613874673843,-0.137144416571,1.36246812344,-0.0211872775108,-0.00646977312863,0.699968159199,-0.713830471039
0.612992525101,-0.139483630657,1.36302423477,-0.0197412427515,-0.0105483829975,0.697541177273,-0.716195046902
0.613512694836,-0.141574278474,1.36286771297,-0.0186401382089,-0.0116614466533,0.693723201752,-0.71990609169
0.612901985645,-0.143936753273,1.36281955242,-0.0193928442895,-0.011412139982,0.693641126156,-0.719969213009
0.61277204752,-0.146314144135,1.36270463467,-0.01951514557,-0.0117109837011,0.692103207111,-0.721439778805
0.612544536591,-0.148404061794,1.36265540123,-0.019857570529,-0.0128291044384,0.690549731255,-0.722898542881
0.612524390221,-0.150615081191,1.36245250702,-0.0201821476221,-0.0126642398536,0.689357757568,-0.724029123783
0.612357318401,-0.152677863836,1.36231768131,-0.0207197442651,-0.0132846040651,0.687690913677,-0.725586414337
0.612089037895,-0.154930323362,1.36204898357,-0.0212848260999,-0.0129880402237,0.685729324818,-0.727429449558
0.611923873425,-0.15697786212,1.36185252666,-0.0218851827085,-0.0134100643918,0.683844745159,-0.729175984859
0.611621201038,-0.159098520875,1.36196660995,-0.021822296083,-0.0141727542505,0.681607067585,-0.73125565052
0.612532675266,-0.16104516387,1.36093688011,-0.0254604630172,-0.0104225492105,0.682389676571,-0.730470776558
0.612199008465,-0.163353174925,1.36062288284,-0.0263468101621,-0.00993617158383,0.679647505283,-0.732998371124
0.612038493156,-0.165154516697,1.36045157909,-0.0273520313203,-0.0102011254057,0.678141474724,-0.734351396561
0.611921727657,-0.167165949941,1.36034417152,-0.028303399682,-0.0107806092128,0.675564289093,-0.736678719521
0.61162263155,-0.169126942754,1.36025738716,-0.0286768879741,-0.0110673857853,0.673404097557,-0.73863530159
0.611285924911,-0.171161875129,1.35998296738,-0.0299333762378,-0.0117518724874,0.671456456184,-0.740346074104
0.611033201218,-0.173054203391,1.35988271236,-0.0298959147185,-0.011480727233,0.66968113184,-0.741957962513
0.610700011253,-0.175094947219,1.35989224911,-0.0313363187015,-0.0118671888486,0.667232632637,-0.74409532547
0.610339701176,-0.177047759295,1.35984373093,-0.0321829207242,-0.012183570303,0.665296077728,-0.745786190033
0.610008120537,-0.178935676813,1.35977637768,-0.0330495946109,-0.0125661175698,0.663438260555,-0.747395157814
0.609456598759,-0.180613696575,1.35967326164,-0.0341698527336,-0.0135969752446,0.661610484123,-0.748945355415
0.609309434891,-0.18247282505,1.3594622612,-0.0342842563987,-0.0136912250891,0.660212695599,-0.750170946121
0.608922898769,-0.184367522597,1.35945749283,-0.0361962020397,-0.0135576501489,0.658226251602,-0.75182723999
0.608509778976,-0.186307549477,1.35934388638,-0.0371679328382,-0.0141132734716,0.656225204468,-0.75351703167
0.608027219772,-0.187887325883,1.35951781273,-0.0376020185649,-0.0150493700057,0.65486240387,-0.754662156105
0.607729971409,-0.189776241779,1.35940694809,-0.0387421287596,-0.0150242131203,0.653177261353,-0.75606405735
0.607393205166,-0.19167290628,1.35906231403,-0.0395412221551,-0.0140622826293,0.651453733444,-0.757526874542
0.607008099556,-0.19341416657,1.35910463333,-0.0408645011485,-0.0145808327943,0.649798989296,-0.758866786957
0.606566607952,-0.195198893547,1.35897755623,-0.041517496109,-0.0145968627185,0.648162662983,-0.760229229927
0.60615414381,-0.196904152632,1.3588975668,-0.042318481952,-0.014852123335,0.646481156349,-0.761610627174
0.60565918684,-0.198631584644,1.35892295837,-0.0429776087403,-0.0155191235244,0.644648969173,-0.763111948967
0.605475783348,-0.200287252665,1.35859060287,-0.0432476252317,-0.0149031654,0.643393993378,-0.764167487621
0.604992210865,-0.202079251409,1.35859727859,-0.044843878597,-0.0149531429633,0.64110738039,-0.765994012356
0.604725182056,-0.203744471073,1.35843551159,-0.0454506389797,-0.0147770158947,0.639904618263,-0.766966700554
0.604496896267,-0.205402329564,1.35830044746,-0.0457376427948,-0.014275575988,0.638585150242,-0.768058121204
0.604081809521,-0.207049518824,1.35827803612,-0.0470321513712,-0.0146875986829,0.636788845062,-0.769462347031
0.603687942028,-0.208638221025,1.35823762417,-0.0479338429868,-0.0142747350037,0.635298848152,-0.770645201206
0.603453338146,-0.210253894329,1.35818910599,-0.0486990623176,-0.0144133437425,0.633889138699,-0.771754682064
0.603108882904,-0.211765930057,1.35811972618,-0.0494393371046,-0.0142678022385,0.632326602936,-0.77299118042
0.602874577045,-0.213416695595,1.35795462132,-0.0501965209842,-0.0140976132825,0.630958795547,-0.774062395096
0.602693319321,-0.21501532197,1.35773992538,-0.0502224043012,-0.0134064024314,0.629800736904,-0.77501553297
0.60216319561,-0.216616019607,1.35722589493,-0.0498542711139,-0.0122035508975,0.627979874611,-0.776535212994
0.601931095123,-0.217943921685,1.35772442818,-0.0523738451302,-0.0137686003,0.626723349094,-0.777357876301
0.60154902935,-0.219549655914,1.35766923428,-0.0521471425891,-0.0133563382551,0.625190258026,-0.778613805771
0.601588487625,-0.220892608166,1.35748112202,-0.0531274415553,-0.0127901537344,0.624785840511,-0.77888160944
0.601103246212,-0.222289800644,1.35747337341,-0.0529628694057,-0.0133272428066,0.623289167881,-0.780082046986
0.600717663765,-0.223780974746,1.35758721828,-0.0543603897095,-0.0135850897059,0.621673703194,-0.781269669533
0.600461184978,-0.224963247776,1.35761964321,-0.0543459169567,-0.0140985148028,0.620777368546,-0.781973898411
0.600220918655,-0.226289868355,1.35727405548,-0.0548058263958,-0.0127265043557,0.619641184807,-0.782866060734
0.600166141987,-0.227557718754,1.357437253,-0.0567652210593,-0.0125080849975,0.618368864059,-0.783735394478
0.599619269371,-0.228781148791,1.35729265213,-0.0565511398017,-0.0126191684976,0.616625249386,-0.785121679306
0.599475562572,-0.229997187853,1.35724115372,-0.056573305279,-0.0124497013167,0.615976333618,-0.785632073879
0.599205553532,-0.231260582805,1.3573653698,-0.0577891655266,-0.0123546319082,0.614293813705,-0.786861479282
0.598843634129,-0.232340380549,1.35746490955,-0.0578431077302,-0.0128698330373,0.613173127174,-0.787722826004
0.598788619041,-0.233510062099,1.35735237598,-0.0590033344924,-0.0123254712671,0.612074136734,-0.788499891758
0.598612844944,-0.234549254179,1.35734724998,-0.0588225312531,-0.0125234331936,0.611026644707,-0.789322257042
0.598115384579,-0.23563541472,1.35746395588,-0.0593465007842,-0.0130391633138,0.609243392944,-0.790651917458
0.598079025745,-0.236720994115,1.35749399662,-0.0601475015283,-0.0130776884034,0.608445525169,-0.791204988956
0.597918689251,-0.237719550729,1.35760104656,-0.0606047362089,-0.0132239274681,0.607341170311,-0.792015731335
0.597786903381,-0.238701879978,1.35762465,-0.0608955472708,-0.0133355548605,0.606308579445,-0.792782366276
0.597614228725,-0.239665836096,1.35754704475,-0.0612470321357,-0.0133971497416,0.60521197319,-0.793591737747
0.597596168518,-0.240560099483,1.35767483711,-0.0616606548429,-0.0141327818856,0.604565262794,-0.794039726257
0.597449362278,-0.241527661681,1.35760080814,-0.0623326301575,-0.0138987964019,0.603050291538,-0.795142650604
0.597340762615,-0.242259263992,1.35761392117,-0.0624296925962,-0.0143750784919,0.602276742458,-0.795712709427
0.597281336784,-0.243086323142,1.35759937763,-0.0628939718008,-0.0146195450798,0.601331651211,-0.796386003494
0.597351312637,-0.243938520551,1.35749745369,-0.0634789019823,-0.0144921485335,0.600205361843,-0.797191262245
0.597302794456,-0.244696617126,1.35750615597,-0.0640862882137,-0.0146323535591,0.599319279194,-0.797806560993
0.597330510616,-0.245451316237,1.35739099979,-0.0645723938942,-0.0145638547838,0.598233640194,-0.798582971096
0.597382843494,-0.246106401086,1.35734272003,-0.0649123415351,-0.0147581351921,0.597316801548,-0.799237906933
0.597444713116,-0.246747493744,1.35729432106,-0.0652366727591,-0.0149209480733,0.596413850784,-0.799882531166
0.59741550684,-0.246998041868,1.35727834702,-0.0646115913987,-0.0158172361553,0.59610915184,-0.800143182278
0.597510159016,-0.247932195663,1.35718894005,-0.0658421590924,-0.0152419740334,0.593908786774,-0.801688730717
0.597686707973,-0.248507633805,1.35715472698,-0.0662187412381,-0.014817558229,0.592761874199,-0.802514195442
0.597811996937,-0.249038502574,1.35700047016,-0.0668706148863,-0.0152908312157,0.591604173183,-0.803305149078
0.597826659679,-0.249515324831,1.35684967041,-0.0674461871386,-0.0160171538591,0.59108632803,-0.803624033928
0.597911119461,-0.250016897917,1.35677278042,-0.0678645968437,-0.0162163544446,0.589650452137,-0.804638922215
0.598061025143,-0.250471621752,1.35667467117,-0.0681816935539,-0.0165767930448,0.588111460209,-0.805730342865
0.598150134087,-0.250845909119,1.3566596508,-0.0682962685823,-0.016961093992,0.587026000023,-0.806503891945
0.598180174828,-0.251205831766,1.35593032837,-0.0678441375494,-0.0152339255437,0.585842251778,-0.807436645031
0.598385512829,-0.251615315676,1.35591030121,-0.0683131963015,-0.0152821978554,0.584566473961,-0.808320343494
0.598466217518,-0.25198829174,1.35583972931,-0.0684562847018,-0.0156449433416,0.583050787449,-0.809395313263
0.598589420319,-0.252367258072,1.35637164116,-0.0697011724114,-0.0174942295998,0.581668674946,-0.810245215893
0.598728358746,-0.252605736256,1.35619997978,-0.0696651339531,-0.0173764321953,0.580926775932,-0.810782968998
0.598760306835,-0.252616584301,1.3563246727,-0.0697311833501,-0.018507361412,0.580136597157,-0.81131786108
0.598926663399,-0.252710282803,1.35567033291,-0.0693575441837,-0.0167755465955,0.579576909542,-0.811787366867
0.598651111126,-0.253380566835,1.35560917854,-0.0696236267686,-0.0167816020548,0.577011108398,-0.813590228558
0.599040210247,-0.253824532032,1.35616004467,-0.0718796998262,-0.0180548559874,0.576031208038,-0.814061164856
0.599043309689,-0.254114866257,1.35611772537,-0.0721929818392,-0.0179590377957,0.574871957302,-0.814854562283
0.599215328693,-0.25381603837,1.35616850853,-0.0716190710664,-0.018393823877,0.575600266457,-0.814381241798
0.599154889584,-0.254343241453,1.3560385704,-0.072549328208,-0.0176145639271,0.57360714674,-0.815721333027
0.599333763123,-0.254544556141,1.35609078407,-0.0727282240987,-0.0177039280534,0.57306176424,-0.816086649895
0.599357843399,-0.25431522727,1.35612869263,-0.0721414759755,-0.0174592062831,0.573695600033,-0.815698564053
0.599307835102,-0.254720330238,1.35601615906,-0.0730630159378,-0.0174049455673,0.571974933147,-0.816825270653
0.599349915981,-0.254846453667,1.35604977608,-0.0731652602553,-0.0167386606336,0.571717500687,-0.81701028347
0.599395871162,-0.254909276962,1.35602486134,-0.0732209309936,-0.0166283901781,0.571273982525,-0.817317783833
0.599523067474,-0.254993826151,1.35605728626,-0.073311522603,-0.0166131015867,0.570934891701,-0.817546784878
0.599661827087,-0.255251646042,1.35585951805,-0.0737285465002,-0.0154553055763,0.570192396641,-0.818050086498
0.59979391098,-0.255314737558,1.35581374168,-0.0737049281597,-0.0153840258718,0.5699685812,-0.818209528923
0.599867463112,-0.255234599113,1.35577321053,-0.0738421157002,-0.0152887767181,0.569937586784,-0.818220615387
0.599924564362,-0.255196362734,1.35570681095,-0.0738612040877,-0.0152507191524,0.569588541985,-0.818462491035
0.599865376949,-0.255154877901,1.35562121868,-0.0740490704775,-0.0151820927858,0.569196045399,-0.818719804287
0.599888086319,-0.255151331425,1.35553479195,-0.0741812363267,-0.0149278398603,0.568935453892,-0.818893611431
0.599834263325,-0.254888892174,1.3555393219,-0.0741543024778,-0.0153044946492,0.569180905819,-0.818718492985
0.599777281284,-0.254793256521,1.35545992851,-0.0743113830686,-0.0152545915917,0.569052815437,-0.818794310093
0.599724054337,-0.254644930363,1.35538005829,-0.0744757130742,-0.0152634177357,0.569085776806,-0.818756341934
0.599701225758,-0.254857987165,1.3551222086,-0.0748892575502,-0.014329386875,0.568353891373,-0.819243609905
0.599625229836,-0.254639029503,1.35492217541,-0.0751979723573,-0.0144826471806,0.568193733692,-0.819323778152
0.599521517754,-0.254224002361,1.35493135452,-0.0752653777599,-0.0148321082816,0.568817317486,-0.818878531456
0.599327623844,-0.253871738911,1.35486638546,-0.0755566954613,-0.0148168951273,0.569319009781,-0.818503141403
0.599128782749,-0.253692150116,1.35470664501,-0.0756523087621,-0.0144188990816,0.569283723831,-0.818526089191
0.599003493786,-0.253453701735,1.35464799404,-0.0757945179939,-0.0142635069788,0.569776058197,-0.818172931671
0.598929941654,-0.252731084824,1.35468804836,-0.0749152004719,-0.0148495901376,0.571488082409,-0.817048728466
0.598862707615,-0.252336710691,1.35442650318,-0.0747072473168,-0.0140701830387,0.57233017683,-0.816491901875
0.598755955696,-0.251976549625,1.35439062119,-0.074958011508,-0.0137410098687,0.572953164577,-0.816037535667
0.598605394363,-0.251594126225,1.35440647602,-0.0749665722251,-0.0134658813477,0.573632955551,-0.815563559532
0.598475694656,-0.251833230257,1.35429477692,-0.0768673121929,-0.0121239749715,0.572934150696,-0.815898835659
0.598317801952,-0.251199573278,1.35432434082,-0.0768795236945,-0.0119704883546,0.573994398117,-0.81515443325
0.598249852657,-0.250385344028,1.35431051254,-0.0760528668761,-0.0119016151875,0.575794517994,-0.813962519169
0.598056674004,-0.249800294638,1.35427701473,-0.0760058015585,-0.0114914942533,0.576642036438,-0.813372612
0.597881555557,-0.249248683453,1.35428369045,-0.0761165544391,-0.0105596249923,0.577605962753,-0.812690734863
0.597722887993,-0.248565062881,1.35434806347,-0.0759017169476,-0.0100672543049,0.578946948051,-0.811762332916
0.597426056862,-0.247507080436,1.35455691814,-0.0753113105893,-0.010647139512,0.58079212904,-0.810490846634
0.597432553768,-0.247174456716,1.3545589447,-0.0757105275989,-0.00980977900326,0.581104278564,-0.810240447521
0.597355902195,-0.246466785669,1.35455739498,-0.0763181746006,-0.00852347444743,0.582689404488,-0.809058725834
0.597265839577,-0.245654463768,1.35472249985,-0.0758114233613,-0.00845683645457,0.584220588207,-0.808002114296
0.597053050995,-0.244678884745,1.35419666767,-0.0755707770586,-0.00630591716617,0.585432708263,-0.807166576385
0.596774101257,-0.243965983391,1.35472214222,-0.0758140683174,-0.00743124401197,0.586443483829,-0.806400120258
0.596384227276,-0.243064403534,1.35426580906,-0.0748106092215,-0.00528558297083,0.587623715401,-0.805651187897
0.596430361271,-0.242112651467,1.35464572906,-0.0753995925188,-0.00552587397397,0.589269697666,-0.804391503334
0.596396148205,-0.241255804896,1.35475718975,-0.0751844793558,-0.0052666165866,0.591350853443,-0.802884697914
0.596233963966,-0.2404153198,1.35472035408,-0.0750876143575,-0.0043337829411,0.592715859413,-0.801892161369
0.596068501472,-0.23931568861,1.35475313663,-0.0745361596346,-0.00374555937015,0.594441831112,-0.800668120384
0.595545649529,-0.238051638007,1.35481214523,-0.0749186575413,-0.00370259396732,0.595812380314,-0.799613177776
0.595608651638,-0.237041726708,1.35486578941,-0.0740823075175,-0.00367195904255,0.598398685455,-0.797757685184
0.595634877682,-0.235786214471,1.35493850708,-0.0733400583267,-0.00235623330809,0.600930511951,-0.795926094055
0.595214128494,-0.234705775976,1.35486769676,-0.0735594704747,-0.00165242189541,0.601728737354,-0.795304238796
0.594898343086,-0.233395397663,1.35482442379,-0.0734140649438,-0.00226120115258,0.604012191296,-0.793583452702
0.594687998295,-0.232334285975,1.35477995872,-0.0739397108555,-0.00190099899191,0.608537375927,-0.790070652962
0.595020890236,-0.230950564146,1.3548759222,-0.07273157686,-0.00178631278686,0.611848294735,-0.787622272968
0.594767928123,-0.229241609573,1.35495853424,-0.0717687234282,-0.00214686826803,0.614307820797,-0.78579300642
0.594786524773,-0.228093415499,1.3549374342,-0.0712768882513,-0.000747166806832,0.615329444408,-0.785040616989
0.594357192516,-0.226722002029,1.35479772091,-0.0714052170515,0.000120094737213,0.615330517292,-0.785028398037
0.594389200211,-0.225196674466,1.35461688042,-0.0714920610189,0.00131412327755,0.61770939827,-0.783149003983
0.594528496265,-0.223507642746,1.35475683212,-0.0700491592288,0.00103186652996,0.620711266994,-0.780903100967
0.594127178192,-0.222199961543,1.35478508472,-0.0703694447875,0.00126101879869,0.621455788612,-0.780281543732
0.594287753105,-0.220454931259,1.35506522655,-0.0686151087284,0.00096007285174,0.624854803085,-0.777719497681
0.594214498997,-0.218858897686,1.35518753529,-0.068160392344,0.000879168801475,0.626789689064,-0.776201069355
0.594259977341,-0.217248007655,1.35506796837,-0.0688310936093,0.00215942692012,0.62882143259,-0.774494171143
0.594097733498,-0.215634196997,1.3551299572,-0.0682634115219,0.00245890836231,0.630480110645,-0.773193955421
0.594003796577,-0.21401669085,1.3552852869,-0.0678512603045,0.00282438774593,0.632886350155,-0.771260738373
0.593830108643,-0.212308526039,1.3554186821,-0.0675640404224,0.00249795848504,0.634849190712,-0.76967227459
0.593688726425,-0.210621923208,1.35546076298,-0.0672753155231,0.0025000446476,0.636824965477,-0.768063664436
0.593963742256,-0.208946049213,1.35561943054,-0.0680016428232,0.00389982899651,0.639537036419,-0.765736937523
0.593490302563,-0.207171916962,1.35578680038,-0.0661285892129,0.00255631702021,0.641287446022,-0.764441549778
0.593408703804,-0.205407783389,1.35597896576,-0.065605096519,0.00292399246246,0.643410861492,-0.762699127197
0.593275249004,-0.203648388386,1.35581421852,-0.0658588334918,0.00345365819521,0.645295321941,-0.761081278324
0.59315174818,-0.201793402433,1.35593819618,-0.0653069466352,0.00380566250533,0.647426187992,-0.759315431118
0.593071758747,-0.19998562336,1.35600459576,-0.0650551691651,0.00398309435695,0.649245977402,-0.757780730724
0.592835247517,-0.19799657166,1.35612130165,-0.0644840672612,0.00424062274396,0.651020944118,-0.756303906441
0.592766404152,-0.19614982605,1.35626757145,-0.0641025900841,0.0046272482723,0.652938365936,-0.754679381847
0.592622339725,-0.194149374962,1.35651302338,-0.063295379281,0.00406719231978,0.655119121075,-0.752858698368
0.59253269434,-0.192221432924,1.35664725304,-0.062949873507,0.00425614323467,0.656662225723,-0.751541018486
0.592386543751,-0.190259411931,1.3566442728,-0.0628154650331,0.00503385206684,0.658259809017,-0.750148534775
0.592120945454,-0.18796788156,1.35681331158,-0.0622062832117,0.00473928032443,0.65989035368,-0.748767375946
0.592227101326,-0.186299920082,1.35682880878,-0.0619268007576,0.00573972985148,0.6618013978,-0.747095108032
0.592176139355,-0.184220686555,1.35693228245,-0.0616365782917,0.00590895488858,0.663280010223,-0.745805442333
0.592216134071,-0.182171061635,1.35715031624,-0.0609158873558,0.0055663282983,0.665441989899,-0.743938922882
0.592073738575,-0.179799064994,1.35732650757,-0.0595151558518,0.00488702766597,0.667573451996,-0.742145359516
0.592084527016,-0.178067266941,1.35715258121,-0.0603002905846,0.0066101020202,0.668388903141,-0.74133425951
0.591925919056,-0.175996869802,1.35731577873,-0.0599626116455,0.00666664680466,0.66965508461,-0.74021756649
0.591849505901,-0.173963755369,1.35735034943,-0.0598028562963,0.00656728073955,0.671886146069,-0.738206982613
0.591855406761,-0.171853363514,1.35751748085,-0.0592114329338,0.00702492659912,0.672758817673,-0.737455308437
0.590054452419,-0.169930398464,1.35833847523,-0.055088698864,0.00308341137134,0.672342300415,-0.73818141222
0.59178340435,-0.167630940676,1.35790967941,-0.0584288239479,0.00718035874888,0.676692247391,-0.733908832073
0.591625571251,-0.165444433689,1.3579351902,-0.0578827559948,0.00738632585853,0.678083777428,-0.732664585114
0.591728925705,-0.163280069828,1.35801053047,-0.0579062663019,0.00756235700101,0.679941296577,-0.730937421322
0.591609716415,-0.160902351141,1.35810339451,-0.056402195245,0.00728331599385,0.681690573692,-0.729427039623
0.591598927975,-0.158941030502,1.35811531544,-0.0568919926882,0.00774187082425,0.682266652584,-0.72884529829
0.591429650784,-0.156867355108,1.35822200775,-0.0566252246499,0.00805216096342,0.684044778347,-0.727194309235
0.591369628906,-0.154663577676,1.35839664936,-0.0561617538333,0.00806460995227,0.685671150684,-0.725696921349
0.591367423534,-0.152579903603,1.35834097862,-0.0558699965477,0.00869525782764,0.687033057213,-0.724422812462
0.591241061687,-0.150338321924,1.35835838318,-0.0558593943715,0.00904331449419,0.688599467278,-0.722930788994
0.591234087944,-0.147944360971,1.35827088356,-0.0555880665779,0.00846722908318,0.689501285553,-0.722098529339
0.591018795967,-0.14592435956,1.35817670822,-0.0558030195534,0.00965667422861,0.691133201122,-0.720505177975
0.590926349163,-0.143713206053,1.35821855068,-0.0554578714073,0.00996553432196,0.69258415699,-0.719133138657
0.590678036213,-0.141570597887,1.35828483105,-0.0550288893282,0.010955340229,0.693685352802,-0.718089520931
0.590604603291,-0.139288395643,1.35838568211,-0.0548309646547,0.0107139889151,0.695147454739,-0.7166929245
0.59042018652,-0.136977612972,1.35821580887,-0.0538923367858,0.0114309005439,0.696443319321,-0.715493917465
0.590284407139,-0.134465545416,1.35842502117,-0.0536151751876,0.0111413225532,0.697862625122,-0.714135229588
0.590000331402,-0.132188871503,1.35848689079,-0.053907353431,0.0117737613618,0.698839187622,-0.71314740181
0.589931190014,-0.129952937365,1.35843777657,-0.053356193006,0.0122405104339,0.700263559818,-0.711782515049
0.589726686478,-0.127850517631,1.35837459564,-0.0543922297657,0.0131441019475,0.700898766518,-0.711062431335
0.58954000473,-0.125493228436,1.35829305649,-0.0536569654942,0.0143568720669,0.702118039131,-0.709891021252
0.589319646358,-0.123332373798,1.3585729599,-0.053931068629,0.0147898644209,0.703169703484,-0.708819508553
0.589206933975,-0.121048867702,1.3586230278,-0.0536926276982,0.0152779016644,0.704314351082,-0.707689881325
0.58899307251,-0.118857890368,1.35879850388,-0.0531971938908,0.0159262828529,0.705341994762,-0.70668888092
0.588772296906,-0.116438835859,1.35877871513,-0.0530927479267,0.0165177248418,0.706589877605,-0.705435454845
0.588514089584,-0.114207044244,1.35888719559,-0.0524513684213,0.0174313522875,0.707419514656,-0.704629480839
0.588363826275,-0.111968532205,1.35892546177,-0.0523616224527,0.0186000261456,0.708877205849,-0.703139841557
0.588084876537,-0.109721973538,1.35902059078,-0.052175771445,0.0191565770656,0.710011303425,-0.701993465424
0.587475478649,-0.107419937849,1.35913729668,-0.0505157038569,0.0189572926611,0.710960447788,-0.701159119606
0.587465822697,-0.105208769441,1.35931038857,-0.0498846061528,0.0195061154664,0.712805390358,-0.699313700199
0.587281107903,-0.103324815631,1.35950827599,-0.050200290978,0.0205949414521,0.71352994442,-0.698520481586
0.587047576904,-0.101141683757,1.35957705975,-0.0499168038368,0.0214427001774,0.715048074722,-0.69696110487
0.586696207523,-0.0990267395973,1.35973548889,-0.0494646914303,0.021907966584,0.716237783432,-0.695756137371
0.586648702621,-0.0968672931194,1.35971462727,-0.0496882535517,0.0236504822969,0.717683374882,-0.694191932678
0.586380839348,-0.0946889221668,1.35980045795,-0.0493296608329,0.024504929781,0.7190939188,-0.692726433277
0.586114287376,-0.0927951335907,1.3598279953,-0.0489628836513,0.0251978132874,0.720215857029,-0.691561341286
0.586008012295,-0.0906419083476,1.35981917381,-0.0491841100156,0.0266280435026,0.721881687641,-0.68975263834
0.585778534412,-0.0888695567846,1.35974979401,-0.0491026751697,0.0277701746672,0.723050951958,-0.688487529755
0.585612595081,-0.0866727381945,1.35972166061,-0.0488676428795,0.0285865478218,0.724802017212,-0.686627149582
0.584932386875,-0.0850639417768,1.36012518406,-0.0479282252491,0.027675582096,0.725534021854,-0.685957312584
0.584671795368,-0.0832180678844,1.36006784439,-0.0480927415192,0.0287065729499,0.727057754993,-0.684288084507
0.584244549274,-0.0813329070807,1.35984027386,-0.0480663329363,0.0299911629409,0.727933466434,-0.683303058147
0.584112226963,-0.0794424042106,1.35982012749,-0.0485695265234,0.0308060813695,0.729475021362,-0.681585133076
0.583899736404,-0.0775452777743,1.35959613323,-0.048712965101,0.0324149094522,0.731185495853,-0.679664850235
0.583677589893,-0.0759708881378,1.35960543156,-0.0493979714811,0.0332770310342,0.732179105282,-0.678503155708
0.58323186636,-0.0741347819567,1.35957598686,-0.0493635386229,0.0339616239071,0.733114778996,-0.677460312843
0.58303374052,-0.072665758431,1.35970711708,-0.0498628988862,0.0346621982753,0.734169721603,-0.676244914532
0.582917869091,-0.0705968290567,1.35944485664,-0.0500531829894,0.0360586121678,0.73573154211,-0.674458026886
0.582603871822,-0.0691841691732,1.3594943285,-0.0507251918316,0.0371899567544,0.735887885094,-0.674175798893
0.582254171371,-0.0676759779453,1.35952842236,-0.0508411377668,0.0378636606038,0.73639947176,-0.673570632935
0.582097172737,-0.0660596638918,1.35951650143,-0.0513073541224,0.0390387400985,0.736961066723,-0.672853529453
0.581751465797,-0.0645554810762,1.35949969292,-0.0513992793858,0.0396553948522,0.737124860287,-0.672631025314
0.58164191246,-0.0633935183287,1.35971498489,-0.0515385307372,0.0402677543461,0.737399339676,-0.672282993793
0.58134996891,-0.0617641247809,1.35962915421,-0.0518375039101,0.0409610196948,0.737437069416,-0.672176897526
0.581165075302,-0.0606916099787,1.35980510712,-0.0515415370464,0.0417564809322,0.73718982935,-0.672421753407
0.581097126007,-0.0591162629426,1.35974669456,-0.0523135513067,0.042932678014,0.737189352512,-0.672288656235
0.580993831158,-0.0579717047513,1.35995030403,-0.0521108619869,0.0433667227626,0.736992061138,-0.672492861748
0.580819308758,-0.0563321486115,1.36000442505,-0.052205234766,0.0437522530556,0.736735761166,-0.672741293907
0.580772101879,-0.0549909472466,1.3601411581,-0.0515062958002,0.0438629463315,0.736611247063,-0.672924339771
0.580635726452,-0.0543090999126,1.3602411747,-0.051849309355,0.0453019887209,0.735447347164,-0.674074590206
0.580649316311,-0.0526717454195,1.36027169228,-0.0517984181643,0.0450682081282,0.735286295414,-0.674269795418
0.580708682537,-0.0516748577356,1.36041772366,-0.0513599179685,0.0456313863397,0.734683573246,-0.674922287464
0.580738425255,-0.0507367625833,1.36038124561,-0.0515592545271,0.0467124022543,0.733862757683,-0.675725638866
0.580626249313,-0.0500090941787,1.36038267612,-0.0517193637788,0.0479120649397,0.732565820217,-0.677035331726
0.580709218979,-0.0491977743804,1.36055958271,-0.0518376119435,0.0483004525304,0.731666445732,-0.677970588207
0.580751717091,-0.0482604280114,1.36051690578,-0.0511844828725,0.0489381477237,0.731068193913,-0.678619623184
0.580586433411,-0.0471715554595,1.36058318615,-0.0513707511127,0.0490497909486,0.730095267296,-0.679644107819
0.580823361874,-0.0465769097209,1.36068964005,-0.0515763796866,0.0494516119361,0.729493558407,-0.680245220661
0.581043243408,-0.0459215864539,1.36078369617,-0.0516473725438,0.0497424714267,0.728973865509,-0.68077558279
0.580857038498,-0.0453201197088,1.36069452763,-0.05153118819,0.0507818944752,0.727386891842,-0.682403206825
0.58111423254,-0.044861137867,1.36086022854,-0.0519477650523,0.0511648915708,0.726875305176,-0.682887792587
0.581049740314,-0.0439933203161,1.36080873013,-0.0513268858194,0.0510557107627,0.725952029228,-0.683924257755
0.581210851669,-0.0436752177775,1.36080980301,-0.0516252554953,0.0518134869635,0.725157916546,-0.68468695879
0.581232905388,-0.0429234690964,1.3606249094,-0.0515026636422,0.0526472441852,0.724249601364,-0.685593366623
0.582231104374,-0.0420638620853,1.36017143726,-0.0542528964579,0.0561779476702,0.72453969717,-0.684794068336
0.58247590065,-0.0416350588202,1.36026096344,-0.0541142746806,0.0562191680074,0.723882734776,-0.685496091843
0.582564115524,-0.0413777604699,1.36029064655,-0.0539037622511,0.0563438348472,0.723034322262,-0.686397433281
0.582763493061,-0.0411145240068,1.36043310165,-0.0534797422588,0.0560158789158,0.722771644592,-0.686733841896
0.583024382591,-0.0408835113049,1.36038839817,-0.0531437806785,0.056382521987,0.722079396248,-0.687457859516
0.583295941353,-0.0406255051494,1.36047518253,-0.0527907311916,0.0564999394119,0.721813738346,-0.687754333019
0.583412408829,-0.0405019745231,1.36051368713,-0.0525762028992,0.0566165708005,0.720955014229,-0.68866109848
0.583575844765,-0.0404374711215,1.36056697369,-0.0522858388722,0.0566774904728,0.720413506031,-0.689244568348
0.583800137043,-0.0404065214097,1.36056768894,-0.0520206391811,0.0570180304348,0.719898939133,-0.689774215221
0.584058225155,-0.0403755158186,1.36055588722,-0.0520906858146,0.0574175491929,0.719526052475,-0.690124750137
0.584279358387,-0.0403781458735,1.36062681675,-0.0518629774451,0.0572889894247,0.719160437584,-0.690533518791
0.584468305111,-0.0404918603599,1.36065173149,-0.051527235657,0.0573989972472,0.718744397163,-0.69098263979
0.58472943306,-0.0406560972333,1.36068308353,-0.051234267652,0.0574794560671,0.718360304832,-0.691396892071
0.585001111031,-0.0408457145095,1.36072039604,-0.0509095005691,0.0576566047966,0.718010663986,-0.691769301891
0.585416734219,-0.0411138832569,1.36078798771,-0.0505652092397,0.0581010729074,0.717944502831,-0.691826045513
0.585497796535,-0.0414582528174,1.36087405682,-0.0501217320561,0.0579239018261,0.717359125614,-0.692480027676
0.585819125175,-0.0417596325278,1.36100256443,-0.0496941320598,0.0577731691301,0.71732378006,-0.692560076714
0.586061298847,-0.0422717854381,1.36091971397,-0.049301199615,0.0584602616727,0.716649711132,-0.693227946758
0.586348295212,-0.0426153093576,1.36097753048,-0.0488871671259,0.0585370846093,0.716246664524,-0.69366723299
0.586678922176,-0.0430642664433,1.36114478111,-0.0482307896018,0.0580001622438,0.71620541811,-0.693800806999
0.586812496185,-0.0438384860754,1.36126959324,-0.0478058457375,0.0579953640699,0.715550065041,-0.694506525993
0.587220489979,-0.044318407774,1.36127340794,-0.0475758500397,0.0582764036953,0.715495824814,-0.69455486536
0.587488234043,-0.0448726043105,1.36127102375,-0.046786621213,0.0579432137311,0.715335249901,-0.694801568985
0.58778655529,-0.0454327613115,1.36138522625,-0.0461921952665,0.0575209856033,0.715062201023,-0.69515734911
0.588161051273,-0.0463172271848,1.36134040356,-0.0459042228758,0.0578300394118,0.714732706547,-0.695489645004
0.588496208191,-0.0472532212734,1.361364007,-0.045443918556,0.0578654110432,0.714486896992,-0.695769309998
0.588730037212,-0.0477573946118,1.36147069931,-0.0448011495173,0.0569417886436,0.714402377605,-0.695973932743
0.589329361916,-0.0486172437668,1.36144459248,-0.0445209369063,0.0572771243751,0.714533090591,-0.69583016634
0.589625060558,-0.0498782321811,1.36156439781,-0.0435291528702,0.0570534951985,0.713969230652,-0.696489930153
0.590018153191,-0.0506293401122,1.36167657375,-0.0434312596917,0.0562901683152,0.714024662971,-0.696501255035
0.59011811018,-0.051785081625,1.36159288883,-0.0423596464097,0.0564566366374,0.713427424431,-0.697165369987
0.590615451336,-0.0529434978962,1.36171936989,-0.0425409525633,0.0566043742001,0.713089168072,-0.697488486767
0.591196358204,-0.0537895821035,1.3619389534,-0.0427681952715,0.055793710053,0.713689386845,-0.696925699711
0.590975224972,-0.0554940328002,1.36227762699,-0.0398852080107,0.0536651276052,0.712718307972,-0.698256373405
0.590881764889,-0.0565034672618,1.36230444908,-0.0380713604391,0.0522737987339,0.712125003338,-0.699068129063
0.592116713524,-0.0573014318943,1.36181485653,-0.0407410822809,0.0551184527576,0.712800145149,-0.698010087013
0.592154622078,-0.0591056682169,1.36229562759,-0.0385210439563,0.0524965748191,0.712375402451,-0.69877153635
0.592282354832,-0.0604278445244,1.3621789217,-0.0380907319486,0.0527194924653,0.711924850941,-0.699237167835
0.593004107475,-0.0612630136311,1.36186385155,-0.0387001223862,0.0538008622825,0.712531030178,-0.698503553867
0.593115031719,-0.0630465820432,1.36221206188,-0.0374488048255,0.0517731979489,0.712170183659,-0.69909286499
0.593665242195,-0.0643511340022,1.36174964905,-0.0375900939107,0.0533213801682,0.712258338928,-0.698879063129
0.593605041504,-0.0663455575705,1.3623405695,-0.0350356176496,0.0503419972956,0.711872816086,-0.699625194073
0.593951225281,-0.0674076154828,1.36218702793,-0.0350221805274,0.0500743538141,0.71201634407,-0.699499070644
0.594326853752,-0.0691684409976,1.36231386662,-0.0345465168357,0.0494787283242,0.711817741394,-0.699767112732
0.594512701035,-0.0708026885986,1.36228895187,-0.034145668149,0.0489643886685,0.711462140083,-0.70018440485
0.59489184618,-0.0723235756159,1.36224627495,-0.0341653861105,0.0487023741007,0.711523652077,-0.700139164925
0.595465600491,-0.0735930278897,1.36190652847,-0.0353613086045,0.04950973019,0.71179485321,-0.699747502804
0.596025288105,-0.0754244178534,1.36169219017,-0.0351552739739,0.0497662760317,0.711972773075,-0.69955855608
0.59596902132,-0.0771005302668,1.36209118366,-0.0334602482617,0.0469178706408,0.711839199066,-0.699974238873
0.596159517765,-0.0788257792592,1.36199307442,-0.0334430113435,0.0461970195174,0.711592495441,-0.700273990631
0.596580147743,-0.0806261524558,1.36192846298,-0.0332459323108,0.0458664298058,0.71184784174,-0.700045406818
0.596730172634,-0.0822859555483,1.3619017601,-0.0328772291541,0.0449573844671,0.711643159389,-0.700329959393
0.597262382507,-0.0840519741178,1.3617991209,-0.0329765826464,0.0441171452403,0.711756706238,-0.700263261795
0.597569406033,-0.0857832506299,1.36165785789,-0.0325412191451,0.0436303913593,0.711355507374,-0.700721621513
0.597828984261,-0.0877063125372,1.36166501045,-0.0325305312872,0.0425582081079,0.711882174015,-0.700253129005
0.598533689976,-0.0893958061934,1.36109805107,-0.0341787040234,0.0440727807581,0.71195524931,-0.70000654459
0.598818480968,-0.0912996530533,1.3608058691,-0.0344249196351,0.0440045669675,0.711628735065,-0.700330734253
0.599140763283,-0.0929945856333,1.36074924469,-0.0343265272677,0.0424776859581,0.711864173412,-0.700190603733
0.599631428719,-0.0949273705482,1.36068272591,-0.0343422554433,0.041803073138,0.711977362633,-0.700115263462
0.599840164185,-0.09704002738,1.36065912247,-0.0341944806278,0.0404291003942,0.71146094799,-0.70072799921
0.600420773029,-0.0989951193333,1.36052799225,-0.0342684946954,0.0401056036353,0.711637198925,-0.700563788414
0.600598633289,-0.100688397884,1.3601167202,-0.0343370549381,0.0396668538451,0.711060643196,-0.701170742512
0.601093173027,-0.102363906801,1.3600127697,-0.0342812649906,0.0383029431105,0.711139380932,-0.701169490814
0.601442277431,-0.104322165251,1.3599511385,-0.0340585149825,0.0370492376387,0.710601329803,-0.701792895794
0.601884484291,-0.10651922226,1.35988020897,-0.0349870063365,0.0367513857782,0.709685087204,-0.702689409256
0.602144241333,-0.108425095677,1.35978794098,-0.0351239033043,0.0354494452477,0.708487451077,-0.703956842422
0.602637648582,-0.110286109149,1.35959267616,-0.034674026072,0.0349833369255,0.7080706954,-0.704421699047
0.602971851826,-0.112234994769,1.35951137543,-0.0342450104654,0.0337187051773,0.707040131092,-0.705538630486
0.60354411602,-0.114252671599,1.35960388184,-0.0350974425673,0.0327144265175,0.705909490585,-0.706675231457
0.604152739048,-0.115939036012,1.35927009583,-0.036604128778,0.0332693904638,0.704796612263,-0.707682847977
0.604695916176,-0.117720127106,1.35905444622,-0.0361669398844,0.0323997214437,0.703768968582,-0.708767592907
0.605192661285,-0.119552843273,1.35906147957,-0.0360870920122,0.0309097729623,0.702575922012,-0.710020780563
0.605826854706,-0.121633678675,1.35905647278,-0.0367059111595,0.0302827414125,0.700983583927,-0.711588203907
0.606384634972,-0.12357288599,1.35907244682,-0.036471106112,0.0291307214648,0.699712574482,-0.712898135185
0.606953144073,-0.125197738409,1.35902905464,-0.035830758512,0.0274662766606,0.69865167141,-0.714036166668
0.607581079006,-0.127411872149,1.35896945,-0.0361384749413,0.0267885588109,0.696607172489,-0.716041207314
0.608134925365,-0.129016652703,1.35872113705,-0.0357767865062,0.0259673148394,0.695182561874,-0.717472553253
0.608806967735,-0.131143927574,1.35877454281,-0.0361613407731,0.0249658189714,0.693268835545,-0.719338238239
0.609403729439,-0.132940024137,1.35865330696,-0.0362290255725,0.0236580427736,0.691667973995,-0.720918297768
0.609984576702,-0.134815394878,1.35842943192,-0.0363988354802,0.0226858388633,0.689595758915,-0.722923457623
0.609788060188,-0.136984527111,1.3590682745,-0.0324050970376,0.0184803828597,0.686931669712,-0.725763916969
0.610474050045,-0.138712584972,1.35901987553,-0.03230689466,0.0167735666037,0.68538916111,-0.727266669273
0.61112177372,-0.140554189682,1.35885071754,-0.0332891829312,0.0156522132456,0.683317542076,-0.729194164276
0.611833512783,-0.142421066761,1.35881078243,-0.0329581685364,0.0145445736125,0.681228339672,-0.731184184551
0.613461852074,-0.143588349223,1.35776722431,-0.0363567769527,0.0173151567578,0.680884718895,-0.73128259182
0.614168763161,-0.14516800642,1.35736513138,-0.0360297709703,0.0163924377412,0.679260492325,-0.732829034328
0.614700436592,-0.146694526076,1.35734879971,-0.036181025207,0.0143881123513,0.677258968353,-0.734713792801
0.615642428398,-0.148795083165,1.35708451271,-0.0365846939385,0.0138135896996,0.675168931484,-0.73662596941
0.616212666035,-0.150031685829,1.35694110394,-0.0361818894744,0.0128973824903,0.672622144222,-0.738988518715
0.616935253143,-0.152064740658,1.35659492016,-0.0365347675979,0.0107728419825,0.670900523663,-0.740568518639
0.61770349741,-0.153394043446,1.35633683205,-0.0367427878082,0.00924848485738,0.668259859085,-0.742962419987
0.618434667587,-0.155091226101,1.35607671738,-0.0369755066931,0.00775689026341,0.666274130344,-0.744749367237
0.619144320488,-0.156794726849,1.35580229759,-0.0377681814134,0.00612281728536,0.664646208286,-0.746178030968
0.619861960411,-0.158318579197,1.35558509827,-0.0376712791622,0.00458555202931,0.662674188614,-0.747945845127
0.620608508587,-0.159876599908,1.35531795025,-0.0382144115865,0.00250270101242,0.659759879112,-0.750500142574
0.621352255344,-0.161395266652,1.35502779484,-0.0384594500065,0.00107179943006,0.657547056675,-0.7524304986
0.622191846371,-0.16303576529,1.35464310646,-0.0383210144937,-0.000170463623363,0.656267762184,-0.753554284573
0.622605204582,-0.164369910955,1.35442471504,-0.0379745699465,-0.0028991473373,0.6530123353,-0.756389200687
0.623103260994,-0.165869235992,1.3538081646,-0.0369197055697,-0.00364909693599,0.650368869305,-0.758712172508
0.62415009737,-0.167409151793,1.35387313366,-0.0387624762952,-0.00608608545735,0.648561537266,-0.760150194168
0.624849498272,-0.168682456017,1.35365211964,-0.0388266853988,-0.00807594880462,0.646782636642,-0.761642813683
0.625535428524,-0.170180812478,1.35339200497,-0.0388199873269,-0.00992508046329,0.644768774509,-0.763326823711
0.626207947731,-0.171365380287,1.35311925411,-0.0391798838973,-0.0111977504566,0.642788171768,-0.764959394932
0.626695454121,-0.172702670097,1.35297393799,-0.0388605557382,-0.0130359651521,0.640420198441,-0.766930162907
0.6274985075,-0.174016281962,1.35278618336,-0.0392054468393,-0.0142469760031,0.638763189316,-0.768271863461
0.628181576729,-0.175164088607,1.35268676281,-0.0389484465122,-0.0157509595156,0.636876285076,-0.769820392132
0.628808259964,-0.176352411509,1.3523491621,-0.0393507480621,-0.0166771430522,0.634828388691,-0.771470248699
0.629525184631,-0.177580833435,1.35221540928,-0.0395086817443,-0.0174853503704,0.633211255074,-0.77277213335
0.630044639111,-0.178668826818,1.35188376904,-0.0396831817925,-0.018347658217,0.631163775921,-0.77441650629
0.630735039711,-0.179670497775,1.35181879997,-0.0398026742041,-0.0197785738856,0.629415512085,-0.775796830654
0.631150186062,-0.180701225996,1.35151278973,-0.0402937568724,-0.0204540323466,0.627170681953,-0.777569890022
0.631907045841,-0.181735798717,1.35136699677,-0.0402889400721,-0.0211973413825,0.625772416592,-0.778676152229
0.632431089878,-0.182741358876,1.35126757622,-0.040644120425,-0.022457420826,0.623625993729,-0.780342519283
0.632596135139,-0.183369204402,1.35091471672,-0.0423504114151,-0.0225863456726,0.62089073658,-0.782426357269
0.633220672607,-0.184134915471,1.35085105896,-0.0426487214863,-0.023623239249,0.619321167469,-0.783622562885
0.633973240852,-0.185288578272,1.35078477859,-0.041244354099,-0.0247882008553,0.617880225182,-0.784798324108
0.63416159153,-0.185736164451,1.35019207001,-0.0399016849697,-0.0248174350709,0.616024196148,-0.786324441433
0.634689211845,-0.186507552862,1.35002470016,-0.040156327188,-0.0257877707481,0.61400860548,-0.78785520792
0.635102272034,-0.187282621861,1.34998321533,-0.0404543764889,-0.0269372537732,0.611892700195,-0.789446115494
0.635553717613,-0.18790589273,1.34991002083,-0.0405739061534,-0.027984643355,0.610017776489,-0.790853321552
0.636128306389,-0.188544660807,1.34972953796,-0.0409631989896,-0.02873974666,0.608451783657,-0.792011737823
0.636566996574,-0.189073696733,1.3496491909,-0.0411874763668,-0.0297380220145,0.607043802738,-0.793042957783
0.637007296085,-0.189731478691,1.34952819347,-0.0414769500494,-0.0304953288287,0.605197012424,-0.794409453869
0.637357354164,-0.190219730139,1.34935641289,-0.0418957322836,-0.0313297212124,0.603780329227,-0.795432329178
0.637832939625,-0.190828368068,1.34933972359,-0.0423279777169,-0.0320988558233,0.602068006992,-0.796675741673
0.638192236423,-0.191300973296,1.34925830364,-0.0427215732634,-0.0327685773373,0.600823223591,-0.797566652298
0.638555347919,-0.191744968295,1.34913182259,-0.0431262664497,-0.0332167521119,0.599547982216,-0.798485457897
0.638934493065,-0.192221358418,1.34881556034,-0.0434819571674,-0.033561129123,0.59829300642,-0.799392640591
0.639109492302,-0.192548692226,1.34877538681,-0.0438752993941,-0.0344503633678,0.597059905529,-0.800254762173
0.639349400997,-0.19295746088,1.34861826897,-0.0444864742458,-0.0349208973348,0.596157133579,-0.800873339176
0.639728426933,-0.193319812417,1.34843504429,-0.0450152605772,-0.0353188253939,0.595303893089,-0.80146086216
0.640112996101,-0.193523675203,1.34848475456,-0.0459962971509,-0.0363929718733,0.595188140869,-0.801443099976
0.64023655653,-0.19372291863,1.34840369225,-0.0465948693454,-0.0369863621891,0.59453779459,-0.801863968372
0.640416681767,-0.19404950738,1.34829699993,-0.0470312200487,-0.0373487211764,0.594116747379,-0.802133738995
0.640446901321,-0.194061771035,1.34822154045,-0.0475033447146,-0.0377465747297,0.59403026104,-0.802151381969
0.640525758266,-0.194217056036,1.34814083576,-0.047990154475,-0.0380057059228,0.594285547733,-0.801921010017
0.640651941299,-0.194686934352,1.34797358513,-0.0481421127915,-0.0376930087805,0.594057023525,-0.80209594965
0.640615403652,-0.194608911872,1.34792602062,-0.0486038997769,-0.037953864783,0.594722390175,-0.801562488079
0.640579581261,-0.194646641612,1.34785556793,-0.0490463972092,-0.0382457263768,0.595285832882,-0.8011033535
0.640511512756,-0.194625258446,1.34774780273,-0.049306627363,-0.0381828844547,0.595946729183,-0.800598800182
0.640292108059,-0.194503605366,1.34772372246,-0.049557428807,-0.0383381657302,0.596840202808,-0.799910008907
0.640202343464,-0.194420233369,1.34769976139,-0.0497541762888,-0.0382349826396,0.597663342953,-0.799287974834
0.639998078346,-0.194271743298,1.34775614738,-0.0501003675163,-0.0384922511876,0.598631739616,-0.798528850079
0.639936387539,-0.194196030498,1.34768521786,-0.0505615547299,-0.0383083224297,0.599900603294,-0.797555804253
0.639804542065,-0.1938842237,1.34771478176,-0.0508604906499,-0.0383900217712,0.60152721405,-0.796306729317
0.639836370945,-0.193828448653,1.34767186642,-0.0513187497854,-0.0381267182529,0.602932214737,-0.795226752758
0.639528274536,-0.193413093686,1.34777796268,-0.0515163652599,-0.0384102240205,0.604613900185,-0.793922424316
0.639174342155,-0.193144485354,1.34772622585,-0.0518647059798,-0.0381745100021,0.605610251427,-0.793151259422
0.639109134674,-0.192673057318,1.3478821516,-0.0519486702979,-0.0386174321175,0.6078338027,-0.79142165184
0.638768434525,-0.192013084888,1.34798741341,-0.0516583509743,-0.0388809964061,0.609923899174,-0.789818048477
0.638764858246,-0.191710323095,1.34840559959,-0.0566025413573,-0.039226859808,0.61035990715,-0.789124965668
0.638385057449,-0.191145539284,1.3483273983,-0.0561071299016,-0.0386968702078,0.612409770489,-0.78759688139
0.63858550787,-0.19049140811,1.34866642952,-0.0537750832736,-0.0391411669552,0.615794241428,-0.785094738007
0.637750148773,-0.190224155784,1.34846651554,-0.0557336099446,-0.0380809493363,0.615775167942,-0.785025119781
0.637461185455,-0.189619734883,1.34845232964,-0.0556426942348,-0.0374609306455,0.617461144924,-0.783736109734
0.637374579906,-0.188621208072,1.34807240963,-0.053105968982,-0.036142423749,0.621125400066,-0.781074047089
0.637010931969,-0.1878772825,1.34815561771,-0.053042948246,-0.0351650342345,0.622827470303,-0.779766499996
0.636667311192,-0.187212049961,1.348351717,-0.0535840429366,-0.0342162139714,0.624675869942,-0.778291761875
0.63628000021,-0.186314672232,1.34862518311,-0.0534472800791,-0.0341250933707,0.626364171505,-0.776947140694
0.635892629623,-0.185384944081,1.34867978096,-0.0537194721401,-0.0333912633359,0.628561675549,-0.775183558464
0.635814011097,-0.184394091368,1.34938728809,-0.0547587610781,-0.0330615974963,0.630575180054,-0.773487925529
0.635510385036,-0.183348342776,1.34957480431,-0.0546689704061,-0.032049741596,0.632613003254,-0.771871089935
0.634906589985,-0.182177335024,1.34925973415,-0.0529773011804,-0.029538417235,0.63408613205,-0.770879745483
0.634638547897,-0.180886775255,1.34948420525,-0.0524885505438,-0.0290644336492,0.636213541031,-0.769176542759
0.634486377239,-0.179610073566,1.34951627254,-0.0533701479435,-0.0274373348802,0.638170719147,-0.767552614212
0.633986115456,-0.178316950798,1.34970569611,-0.0528138354421,-0.0268463678658,0.63961493969,-0.766409039497
0.63355833292,-0.17701151967,1.34992432594,-0.0524297915399,-0.0256686899811,0.641037642956,-0.765286147594
0.63334363699,-0.175625130534,1.35015499592,-0.0524221397936,-0.024830577895,0.643039345741,-0.76363325119
0.632809340954,-0.174113050103,1.3503857851,-0.0512819699943,-0.0245196819305,0.644269347191,-0.762683451176
0.632575035095,-0.172776520252,1.35060632229,-0.0511778704822,-0.0233705602586,0.645693838596,-0.761520922184
0.632206678391,-0.171391561627,1.35067737103,-0.0508775562048,-0.0219375211746,0.646898150444,-0.76056098938
0.631726384163,-0.169709786773,1.35085678101,-0.0504191182554,-0.0213637538254,0.64816057682,-0.75953245163
0.631390988827,-0.1681638062,1.3510812521,-0.0499745123088,-0.0205622073263,0.64911878109,-0.758765280247
0.631103098392,-0.166694059968,1.35119736195,-0.049906924367,-0.0199461504817,0.650086820126,-0.757956922054
0.630765378475,-0.16506755352,1.35136449337,-0.0496747083962,-0.0190667305142,0.651304900646,-0.75694835186
0.630306184292,-0.163503780961,1.35159337521,-0.0492598265409,-0.0192052014172,0.65177989006,-0.756563007832
0.630001068115,-0.161841183901,1.35170125961,-0.0488482676446,-0.0186362788081,0.652800798416,-0.755723237991
0.629817903042,-0.160330355167,1.3517332077,-0.0484829694033,-0.0170559287071,0.653182208538,-0.755454599857
0.629485011101,-0.158777654171,1.35177969933,-0.048820938915,-0.0170323140919,0.65376996994,-0.754924654961
0.629238426685,-0.157150045037,1.35189306736,-0.0486868359149,-0.0165615230799,0.654471576214,-0.754335701466
0.628805756569,-0.155341997743,1.35203373432,-0.0480362661183,-0.0170493982732,0.654959917068,-0.753942549229
0.628545880318,-0.153748065233,1.35204052925,-0.0485927797854,-0.0163667313755,0.655337512493,-0.753593802452
0.628206074238,-0.152070760727,1.35208535194,-0.048600897193,-0.0159511044621,0.655534565449,-0.753430843353
0.627950668335,-0.150484636426,1.35209596157,-0.0486777238548,-0.0154574662447,0.655815005302,-0.753192067146
0.627663075924,-0.149060219526,1.35215759277,-0.0484555214643,-0.0153649812564,0.656136333942,-0.752928435802
0.627828419209,-0.147025257349,1.35256075859,-0.0496783033013,-0.0154380695894,0.657690048218,-0.751490175724
0.627081155777,-0.145593687892,1.35218000412,-0.0488225445151,-0.0139174433425,0.657244920731,-0.751965343952
0.627089321613,-0.143818438053,1.35268032551,-0.0497541278601,-0.0143799884245,0.658233880997,-0.751029968262
0.626878976822,-0.141486570239,1.35286056995,-0.0496613644063,-0.0143405618146,0.660182595253,-0.749324321747
0.626650094986,-0.139408677816,1.3528072834,-0.0487508662045,-0.0134290233254,0.661579668522,-0.748167991638
0.626379847527,-0.137571439147,1.35295975208,-0.0481731146574,-0.0128098893911,0.662937760353,-0.74701321125
0.626021444798,-0.135683208704,1.35306203365,-0.0473212078214,-0.012032574974,0.663808345795,-0.746307253838
0.625659763813,-0.133909136057,1.35313594341,-0.0468368418515,-0.0107691427693,0.664875924587,-0.745406091213
0.625378906727,-0.131638377905,1.35330677032,-0.0462747588754,-0.00998284388334,0.667421758175,-0.743173837662
0.624983072281,-0.129926145077,1.35353851318,-0.0460436828434,-0.00902983639389,0.668040812016,-0.742644071579
0.624019145966,-0.127712979913,1.35362362862,-0.0420260205865,-0.00955452490598,0.669004797935,-0.742007493973
0.624354422092,-0.125425294042,1.35371565819,-0.0444641299546,-0.00772201828659,0.67047649622,-0.740556955338
0.624148666859,-0.122787550092,1.35392320156,-0.0437733195722,-0.00691755115986,0.673384785652,-0.737962722778
0.623744249344,-0.1209057495,1.35402047634,-0.0427909046412,-0.00587434694171,0.674104690552,-0.737371921539
0.623613715172,-0.118326246738,1.35404682159,-0.0418084487319,-0.00484077865258,0.675961017609,-0.735734641552
0.623318493366,-0.116078332067,1.35400032997,-0.0405097864568,-0.00379339093342,0.677127420902,-0.73473995924
0.623167693615,-0.113551750779,1.35424983501,-0.0400914251804,-0.00335825863294,0.678859710693,-0.733165085316
0.623047947884,-0.111175402999,1.35434746742,-0.0394740514457,-0.00284043583088,0.680345475674,-0.731822252274
