x,y,z,q0,q1,q2,q3
0.620553016663,-0.26170372963,1.33797037601,-0.271169304848,-0.459103196859,0.570256114006,-0.624899506569
0.620038807392,-0.2594653368,1.33845055103,-0.271612197161,-0.459095031023,0.570248842239,-0.624719917774
0.61960786581,-0.257770478725,1.33900606632,-0.271147698164,-0.45998492837,0.569304049015,-0.625128567219
0.618962883949,-0.255564838648,1.33949661255,-0.27166390419,-0.45927169919,0.568889141083,-0.625806212425
0.618568122387,-0.253090888262,1.33955192566,-0.273496836424,-0.458524793386,0.569676101208,-0.62483894825
0.618027031422,-0.251206159592,1.34014558792,-0.273994684219,-0.45874530077,0.568446457386,-0.625578343868
0.617400765419,-0.248780205846,1.34037435055,-0.274827331305,-0.45777747035,0.56919413805,-0.625242352486
0.616603791714,-0.246630251408,1.34096682072,-0.27538394928,-0.457472920418,0.568652927876,-0.625712633133
0.615628659725,-0.244742080569,1.34191203117,-0.274305343628,-0.45860850811,0.565947651863,-0.627804338932
0.614724934101,-0.242110088468,1.34185135365,-0.275948047638,-0.456847846508,0.566194295883,-0.628145337105
0.613929212093,-0.239938646555,1.34282886982,-0.276511996984,-0.456625282764,0.565636456013,-0.628561913967
0.613006591797,-0.237652510405,1.34341728687,-0.277381390333,-0.456177890301,0.565759301186,-0.628392934799
0.612086713314,-0.235443949699,1.343947649,-0.278051018715,-0.455500274897,0.565584778786,-0.628745615482
0.611214578152,-0.23359079659,1.34469163418,-0.278752684593,-0.45556807518,0.564408898354,-0.629442095757
0.610245645046,-0.231395095587,1.34526455402,-0.279186487198,-0.454873144627,0.564124107361,-0.630007445812
0.609098672867,-0.2288479954,1.34581196308,-0.280319541693,-0.453273713589,0.565063297749,-0.629815340042
0.608055412769,-0.226479828358,1.34634804726,-0.281126737595,-0.452116787434,0.566014111042,-0.629433393478
0.606723427773,-0.224280461669,1.34709453583,-0.281570792198,-0.451527267694,0.56531983614,-0.63028138876
0.605485975742,-0.22170779109,1.34712207317,-0.28171312809,-0.44942048192,0.565411806107,-0.631639480591
0.604167103767,-0.219393819571,1.34812748432,-0.282662808895,-0.447988688946,0.566051959991,-0.631659030914
0.60300976038,-0.217147007585,1.34875738621,-0.284097671509,-0.446816831827,0.56698089838,-0.631011843681
0.601801276207,-0.21484592557,1.34933400154,-0.285199403763,-0.44271799922,0.571694612503,-0.629148125648
0.600389659405,-0.212355911732,1.34961640835,-0.286807715893,-0.442172735929,0.570082128048,-0.630262732506
0.598809242249,-0.210064545274,1.35063636303,-0.286982506514,-0.440384715796,0.569703876972,-0.631775140762
0.597349405289,-0.207624867558,1.35124826431,-0.287559211254,-0.437808007002,0.573557138443,-0.629814326763
0.595862865448,-0.205161824822,1.35196506977,-0.288338690996,-0.434346318245,0.574306607246,-0.631170451641
0.59419131279,-0.20273116231,1.3527071476,-0.289774894714,-0.43286716938,0.573680460453,-0.632097423077
0.592678785324,-0.200617313385,1.35341095924,-0.290478348732,-0.430946439505,0.574568092823,-0.632280707359
0.591264128685,-0.19833356142,1.35392487049,-0.292031705379,-0.428233772516,0.576388120651,-0.631751537323
0.589576482773,-0.195844233036,1.35465192795,-0.293049871922,-0.425246298313,0.578094482422,-0.631739139557
0.587893188,-0.193245023489,1.35536718369,-0.294003218412,-0.42237663269,0.580264031887,-0.63123190403
0.586206555367,-0.190915092826,1.35630607605,-0.294596165419,-0.420067071915,0.580983996391,-0.631834208965
0.584544301033,-0.188518285751,1.35705792904,-0.295515924692,-0.417364150286,0.582899570465,-0.631431281567
0.582898616791,-0.18603207171,1.35784482956,-0.29621270299,-0.414193063974,0.584866940975,-0.631373882294
0.581252515316,-0.1836117208,1.35861563683,-0.297085791826,-0.411240011454,0.586467683315,-0.631409049034
0.579771459103,-0.181318104267,1.35931098461,-0.297795385122,-0.408725559711,0.588629186153,-0.630695879459
0.578152775764,-0.178894653916,1.36010980606,-0.29848960042,-0.405745476484,0.590037226677,-0.630975961685
0.576536118984,-0.176459878683,1.36081504822,-0.298878908157,-0.402664780617,0.592112064362,-0.630821585655
0.575009584427,-0.174127042294,1.36167693138,-0.298957437277,-0.400456935167,0.593733668327,-0.6306656003
0.573671579361,-0.171949088573,1.36244189739,-0.298987478018,-0.397937774658,0.595541596413,-0.630541265011
0.572180688381,-0.169409304857,1.36317515373,-0.299681335688,-0.394921779633,0.598021924496,-0.629760026932
0.570980489254,-0.167264938354,1.36390757561,-0.299746245146,-0.392817348242,0.600063025951,-0.629103541374
0.569548010826,-0.164609611034,1.36455869675,-0.299539238214,-0.389704763889,0.602568089962,-0.628743290901
0.568441748619,-0.162430047989,1.3652125597,-0.29968059063,-0.387274026871,0.604749143124,-0.628083348274
0.567115485668,-0.160261079669,1.3661891222,-0.299203723669,-0.38526815176,0.606422305107,-0.627931296825
0.565942525864,-0.157840907574,1.36675584316,-0.299369782209,-0.382577061653,0.608860552311,-0.627137482166
0.564721465111,-0.155690610409,1.36753380299,-0.299345552921,-0.380371302366,0.61100012064,-0.626409649849
0.563643872738,-0.153468742967,1.36815452576,-0.298881143332,-0.378008514643,0.613053023815,-0.626055657864
0.562545597553,-0.151198372245,1.36886632442,-0.298444509506,-0.375912606716,0.615123152733,-0.62549507618
0.561387658119,-0.149056017399,1.36945331097,-0.297815948725,-0.373795866966,0.617217481136,-0.624999880791
0.560316026211,-0.146571815014,1.37002909184,-0.297722399235,-0.370910257101,0.619442105293,-0.624562680721
0.559317708015,-0.144719660282,1.37067556381,-0.297229498625,-0.369293540716,0.621143877506,-0.624064981937
0.558388829231,-0.142553791404,1.37135314941,-0.296826481819,-0.367202341557,0.623188018799,-0.623452723026
0.557501912117,-0.140216872096,1.37192165852,-0.296828716993,-0.364468693733,0.625879049301,-0.622359037399
0.556614518166,-0.138003498316,1.37243950367,-0.296144276857,-0.362307518721,0.628036022186,-0.621773898602
0.555674850941,-0.136169284582,1.37319219112,-0.295942038298,-0.360778361559,0.629928708076,-0.620843946934
0.55488884449,-0.134009614587,1.37351298332,-0.295309066772,-0.358557015657,0.632281422615,-0.620040118694
0.554100215435,-0.131879225373,1.37406241894,-0.294323027134,-0.356850087643,0.633840858936,-0.6199015975
0.553393602371,-0.13006849587,1.37480115891,-0.293835312128,-0.355609714985,0.635374367237,-0.61927562952
0.552490532398,-0.128017559648,1.37538897991,-0.293388903141,-0.353801161051,0.637104332447,-0.61874550581
0.551841318607,-0.125869646668,1.37567472458,-0.292276769876,-0.352106034756,0.639202713966,-0.618074119091
0.551164388657,-0.124223351479,1.37632322311,-0.292146325111,-0.350897520781,0.64038926363,-0.617594659328
0.550550997257,-0.122375488281,1.37692761421,-0.29110327363,-0.34992569685,0.641896009445,-0.617074131966
0.550011456013,-0.120289005339,1.37778842449,-0.290604174137,-0.348171889782,0.643614649773,-0.616510868073
0.549501478672,-0.118849292397,1.37808585167,-0.290173113346,-0.34702667594,0.645195424557,-0.615707039833
0.549011468887,-0.11702015996,1.37829208374,-0.28936702013,-0.346283555031,0.646535336971,-0.615098774433
0.548289775848,-0.11509565264,1.37897276878,-0.289032369852,-0.344708800316,0.648113787174,-0.614479362965
0.547851622105,-0.113233342767,1.37930572033,-0.288377732038,-0.34360447526,0.649980425835,-0.613432645798
0.547258734703,-0.111567959189,1.3799623251,-0.287802517414,-0.342967092991,0.650815606117,-0.613174080849
0.546908676624,-0.109702557325,1.3802639246,-0.287313491106,-0.341617435217,0.652587115765,-0.612273395061
0.546451330185,-0.108444213867,1.38095664978,-0.286871999502,-0.341090261936,0.653316259384,-0.611996471882
0.545999586582,-0.106420792639,1.38125693798,-0.286344438791,-0.339841187,0.654957473278,-0.61118376255
0.545660257339,-0.104938611388,1.38173007965,-0.286173403263,-0.339002907276,0.656339406967,-0.610246300697
0.545235037804,-0.10323934257,1.38219821453,-0.285574018955,-0.338145494461,0.657502174377,-0.609750807285
0.54490929842,-0.101755648851,1.38263475895,-0.284943908453,-0.337641149759,0.658737361431,-0.60899156332
0.54463994503,-0.100523650646,1.38312208652,-0.284821510315,-0.337361812592,0.659410297871,-0.608475148678
0.544368028641,-0.0988968014717,1.38354885578,-0.284424841404,-0.336366713047,0.661610126495,-0.60682117939
0.544130384922,-0.0977884158492,1.38382422924,-0.283807218075,-0.336338371038,0.661620080471,-0.607115209103
0.543600022793,-0.0958768874407,1.38419532776,-0.283302724361,-0.334832370281,0.662723839283,-0.606979370117
0.543413937092,-0.0948792994022,1.38458776474,-0.28300127387,-0.335091263056,0.663554549217,-0.606068789959
0.543186783791,-0.0937124490738,1.3848913908,-0.282428771257,-0.334578603506,0.664107501507,-0.606013476849
0.542935431004,-0.092444062233,1.38510477543,-0.282518297434,-0.333811104298,0.665351986885,-0.605029165745
0.542643547058,-0.090737387538,1.38577890396,-0.282447904348,-0.333208441734,0.66623044014,-0.604427337646
0.542433798313,-0.0898368805647,1.38570797443,-0.282443135977,-0.332975149155,0.667760968208,-0.602867245674
0.542096912861,-0.0885653868318,1.38602459431,-0.282015442848,-0.332699090242,0.667716324329,-0.603268921375
0.541949212551,-0.087419912219,1.38626170158,-0.281918227673,-0.332365751266,0.668611347675,-0.602506518364
0.541708946228,-0.0863251462579,1.38648474216,-0.281212985516,-0.332272589207,0.669278979301,-0.602146089077
0.541642725468,-0.0853183120489,1.38665127754,-0.281464129686,-0.332549422979,0.670698404312,-0.600293695927
0.541305720806,-0.0839272737503,1.38692939281,-0.281448066235,-0.332041829824,0.670673251152,-0.60061019659
0.541161179543,-0.0829832702875,1.38730072975,-0.281054317951,-0.332301944494,0.671229064465,-0.60002976656
0.540994167328,-0.081954434514,1.38741099834,-0.28135702014,-0.331991016865,0.672659575939,-0.598455786705
0.540806174278,-0.0809065848589,1.38758933544,-0.281453877687,-0.332270890474,0.672908723354,-0.597974658012
0.540536820889,-0.0797253325582,1.38773345947,-0.281106948853,-0.331463932991,0.673089146614,-0.598382532597
0.540406286716,-0.0788984969258,1.38799464703,-0.281040638685,-0.331583708525,0.674395501614,-0.596874415874
0.540215909481,-0.078034542501,1.3880841732,-0.28092867136,-0.331740826368,0.674577832222,-0.596633672714
0.539930582047,-0.0770041868091,1.38825404644,-0.280547320843,-0.331888109446,0.674804866314,-0.596474528313
0.539712667465,-0.0760967358947,1.38838291168,-0.280795961618,-0.331490367651,0.67508238554,-0.596264660358
0.539578914642,-0.0754408314824,1.38852918148,-0.280865579844,-0.331420898438,0.675063610077,-0.596291720867
0.539468765259,-0.0748926103115,1.38866305351,-0.280888706446,-0.331511080265,0.676049768925,-0.595112323761
0.539124786854,-0.0736009180546,1.38865184784,-0.280612945557,-0.331038832664,0.676360309124,-0.595152437687
0.538982510567,-0.072992965579,1.38884818554,-0.281037986279,-0.33080214262,0.676853299141,-0.594522535801
0.538820207119,-0.0723763331771,1.3889336586,-0.281049102545,-0.331272393465,0.6770195961,-0.594066143036
0.538546204567,-0.0714877843857,1.38905322552,-0.281277179718,-0.330814123154,0.677365541458,-0.593819200993
0.538370192051,-0.0707433149219,1.38916575909,-0.281290650368,-0.330585330725,0.677564263344,-0.593713283539
0.538127660751,-0.0701888427138,1.38935744762,-0.281165897846,-0.329883724451,0.678009033203,-0.593655109406
0.537758469582,-0.0689945593476,1.38922452927,-0.280194044113,-0.32930803299,0.678006231785,-0.594436824322
0.537420630455,-0.0683123394847,1.38931131363,-0.28039586544,-0.329118162394,0.678122699261,-0.594313919544
0.537177324295,-0.0676709488034,1.38947355747,-0.280217707157,-0.328751623631,0.678210556507,-0.594500601292
0.536861538887,-0.0669825822115,1.3895868063,-0.280136585236,-0.328468769789,0.677579462528,-0.595413982868
0.536530315876,-0.0664225295186,1.38978660107,-0.280101001263,-0.3282802701,0.677412509918,-0.595724642277
0.536228179932,-0.0656326264143,1.38971614838,-0.28036314249,-0.327367514372,0.677502512932,-0.596001267433
0.535953462124,-0.0649906769395,1.3898563385,-0.280124813318,-0.326623618603,0.678143799305,-0.595792114735
0.535780906677,-0.0640607476234,1.39069628716,-0.279856562614,-0.326663166285,0.678035497665,-0.596019685268
0.535425961018,-0.0640503168106,1.39013159275,-0.279442548752,-0.326388031244,0.677539587021,-0.596927762032
0.535069525242,-0.0633197128773,1.39020073414,-0.279424726963,-0.325397878885,0.677399277687,-0.597635746002
0.534836113453,-0.0626150816679,1.39051246643,-0.279445201159,-0.325237035751,0.677154958248,-0.597990274429
0.534606456757,-0.0623037442565,1.39038729668,-0.279034823179,-0.324652850628,0.676772713661,-0.59893155098
0.534207999706,-0.0615051165223,1.39038014412,-0.278425216675,-0.323728859425,0.676204264164,-0.600355625153
0.534148514271,-0.0608060434461,1.39127969742,-0.278359115124,-0.323837041855,0.676275193691,-0.600248038769
0.533883452415,-0.0606304854155,1.39095246792,-0.278416067362,-0.323704391718,0.676148355007,-0.600436031818
0.533594369888,-0.0605219602585,1.39061999321,-0.278189301491,-0.323563575745,0.675637125969,-0.601191997528
0.533350169659,-0.0599136054516,1.39064705372,-0.278288424015,-0.322828918695,0.67571079731,-0.601458251476
0.533295571804,-0.0595387592912,1.39073109627,-0.277502387762,-0.322940766811,0.675334513187,-0.602183640003
0.533296406269,-0.0593381822109,1.39079582691,-0.277002722025,-0.32319137454,0.674974322319,-0.602682590485
0.533373296261,-0.0585591942072,1.39148628712,-0.275992065668,-0.323632895947,0.674712777138,-0.603202283382
0.533239483833,-0.0581550747156,1.39147257805,-0.275591403246,-0.323084622622,0.674698650837,-0.603694736958
0.533118128777,-0.0577706322074,1.39146482944,-0.275359332561,-0.322552114725,0.675227701664,-0.603493988514
0.531047165394,-0.0576819106936,1.38973903656,-0.277937203646,-0.318079292774,0.674499690533,-0.605496942997
0.532506108284,-0.0573407486081,1.39114451408,-0.275335520506,-0.321708887815,0.67438429594,-0.604896485806
0.530781626701,-0.0574841722846,1.39007818699,-0.278075009584,-0.318904012442,0.672888755798,-0.606791079044
0.530489206314,-0.0570052117109,1.39003503323,-0.277411341667,-0.318621337414,0.672420144081,-0.607761979103
0.530312716961,-0.0569099783897,1.39008307457,-0.277593612671,-0.318456858397,0.672153413296,-0.608059883118
0.530140936375,-0.0566256940365,1.39003908634,-0.27726995945,-0.318249613047,0.671753764153,-0.608757257462
0.531974375248,-0.0559136867523,1.39181661606,-0.273596435785,-0.321955472231,0.67180120945,-0.608418226242
0.531831979752,-0.0558177605271,1.391746521,-0.273094952106,-0.32201564312,0.671326100826,-0.60913592577
0.531654298306,-0.0557768046856,1.39189469814,-0.272800385952,-0.322244495153,0.670742034912,-0.609789788723
0.531476914883,-0.0555393323302,1.39186382294,-0.272532492876,-0.321903377771,0.670478522778,-0.610379397869
0.531200051308,-0.0551697835326,1.39155101776,-0.274402916431,-0.319764703512,0.67146229744,-0.609583556652
0.530777335167,-0.0550293028355,1.39176106453,-0.272791415453,-0.32083722949,0.669955134392,-0.611398875713
0.530818521976,-0.0548288226128,1.39166676998,-0.274247705936,-0.319764941931,0.670681476593,-0.610512137413
0.530638933182,-0.0546123832464,1.39163470268,-0.273861855268,-0.319835811853,0.670218169689,-0.611156523228
0.530496954918,-0.0542564690113,1.39144730568,-0.273601859808,-0.31907582283,0.670439422131,-0.611427485943
0.530348062515,-0.0542389824986,1.39157068729,-0.273158192635,-0.319686204195,0.669662594795,-0.61215788126
0.530186474323,-0.05411426723,1.39161074162,-0.273223936558,-0.319675385952,0.669386744499,-0.612435996532
0.530236721039,-0.0542491599917,1.39130330086,-0.27281370759,-0.320159375668,0.669008791447,-0.612778782845
0.530101954937,-0.0543487146497,1.39127635956,-0.271897464991,-0.321109652519,0.668053388596,-0.613730430603
0.528791129589,-0.0548406094313,1.39003479481,-0.274488836527,-0.318713188171,0.667772650719,-0.614131629467
0.530127704144,-0.0546602010727,1.3911550045,-0.272274494171,-0.321625709534,0.667763948441,-0.613608181477
0.529979646206,-0.0541311651468,1.3908880949,-0.272680908442,-0.320740878582,0.667867600918,-0.61377799511
0.529989004135,-0.05463180691,1.39098989964,-0.272208184004,-0.321935653687,0.666936278343,-0.614374816418
0.529792547226,-0.0544652491808,1.39087700844,-0.27147758007,-0.322348594666,0.666179120541,-0.615302085876
0.529982149601,-0.0549831315875,1.39074337482,-0.271742105484,-0.323161393404,0.665782809258,-0.615187942982
0.530114293098,-0.0549997612834,1.39086842537,-0.271857380867,-0.323724389076,0.665375888348,-0.615281403065
0.528413891792,-0.0554399937391,1.38912260532,-0.274663358927,-0.321019977331,0.664409399033,-0.616495370865
0.527841806412,-0.055626668036,1.38895428181,-0.275822758675,-0.320674687624,0.663703024387,-0.616917967796
0.527761876583,-0.0555282086134,1.38862431049,-0.275727987289,-0.320613592863,0.663533806801,-0.617174327374
0.527998864651,-0.0554621517658,1.38846850395,-0.274860084057,-0.321205288172,0.663305103779,-0.617499470711
0.527543842793,-0.0559828206897,1.38849306107,-0.275502324104,-0.321757048368,0.662174642086,-0.618138790131
0.529261410236,-0.0557718873024,1.38973975182,-0.272802650928,-0.325408011675,0.661993324757,-0.617618858814
0.529340803623,-0.0561994239688,1.38935005665,-0.272644221783,-0.326027840376,0.661485254765,-0.617906272411
0.529219388962,-0.0564158037305,1.38923966885,-0.272658318281,-0.326610147953,0.661344349384,-0.617743372917
0.529201030731,-0.0567895621061,1.38904416561,-0.272962152958,-0.327369213104,0.660315513611,-0.618307888508
0.52890843153,-0.0571716353297,1.38885116577,-0.274137377739,-0.327871501446,0.659753084183,-0.61812210083
0.528736174107,-0.0570057332516,1.38892138004,-0.27393746376,-0.328251719475,0.659286797047,-0.618506371975
0.528568327427,-0.0572122335434,1.38882410526,-0.274472117424,-0.3287576437,0.658705890179,-0.618619441986
0.526441216469,-0.057944342494,1.38709974289,-0.276909559965,-0.326342284679,0.65710824728,-0.620508432388
0.526402235031,-0.0582562237978,1.38680303097,-0.277452647686,-0.326338648796,0.657021939754,-0.620359003544
0.526286542416,-0.0585570558906,1.38664388657,-0.277547508478,-0.327415585518,0.656167328358,-0.620653688908
0.526123821735,-0.0586496591568,1.38643920422,-0.277975529432,-0.327777326107,0.656041502953,-0.62040412426
0.52608525753,-0.0593134015799,1.38623857498,-0.278636842966,-0.328788369894,0.655410706997,-0.620239198208
0.527774572372,-0.0593270733953,1.38756024837,-0.275891512632,-0.332898706198,0.655317187309,-0.619371950626
0.527896940708,-0.060390137136,1.38725376129,-0.275751650333,-0.334450125694,0.654533982277,-0.619426965714
0.527661561966,-0.0603784844279,1.38700830936,-0.276125639677,-0.33459803462,0.653953015804,-0.619793713093
0.527693688869,-0.0607921108603,1.38714313507,-0.27638694644,-0.335750520229,0.653468191624,-0.619565308094
0.527743935585,-0.0613916814327,1.38678848743,-0.27691963315,-0.336574226618,0.653226554394,-0.619135260582
0.527542948723,-0.0618444234133,1.38676559925,-0.277536839247,-0.337510287762,0.652641534805,-0.618966162205
0.527300000191,-0.062399238348,1.38674080372,-0.27730256319,-0.339155256748,0.651677548885,-0.619187653065
0.527260243893,-0.0625613853335,1.38620662689,-0.277952849865,-0.338852643967,0.651913285255,-0.618813633919
0.525617659092,-0.0633622482419,1.38431549072,-0.281646102667,-0.335892379284,0.651491761208,-0.619201481342
0.526815712452,-0.0634046941996,1.38549184799,-0.279690802097,-0.339567303658,0.65056681633,-0.61905580759
0.526782810688,-0.0639644116163,1.38532018661,-0.279933542013,-0.340437501669,0.650430560112,-0.61861115694
0.526795387268,-0.0649779886007,1.38536822796,-0.280434459448,-0.341840028763,0.649976432323,-0.618087828159
0.524945735931,-0.0657915174961,1.38355374336,-0.283981502056,-0.338731318712,0.649867236614,-0.618294656277
0.52493673563,-0.0661174654961,1.38312637806,-0.284204632044,-0.339482337236,0.649243295193,-0.618435680866
0.526998758316,-0.066888153553,1.38468384743,-0.2808829844,-0.345137149096,0.648480832577,-0.617622673512
0.526913285255,-0.0673851519823,1.38453125954,-0.280712097883,-0.346061110497,0.647819340229,-0.617877483368
0.526985824108,-0.0679428949952,1.38412356377,-0.281030833721,-0.346528679132,0.648007929325,-0.617272615433
0.526786983013,-0.0686613619328,1.38399422169,-0.281511664391,-0.34704375267,0.647172629833,-0.617640316486
0.527139782906,-0.0692241340876,1.38348269463,-0.281068086624,-0.348333239555,0.646745741367,-0.617563545704
0.527151823044,-0.0702514871955,1.38326764107,-0.282611221075,-0.349187523127,0.646184921265,-0.616963505745
0.525870919228,-0.0708712786436,1.38145816326,-0.285053312778,-0.346385627985,0.646340429783,-0.617256700993
0.52758616209,-0.0713035911322,1.38266813755,-0.282217592001,-0.350510805845,0.646323621273,-0.616247594357
0.527585566044,-0.0722741559148,1.38214373589,-0.282347202301,-0.351412266493,0.645258009434,-0.616791427135
0.527576744556,-0.0727523863316,1.38209855556,-0.282152980566,-0.351998984814,0.644887447357,-0.61693328619
0.527833759785,-0.0734771639109,1.38167667389,-0.282260328531,-0.352791815996,0.644464969635,-0.616872787476
0.528177559376,-0.0749006941915,1.38142979145,-0.282518178225,-0.354480117559,0.643524289131,-0.616768836975
0.528367400169,-0.0757274031639,1.38109254837,-0.282575756311,-0.355383485556,0.643035173416,-0.61673271656
0.526501655579,-0.0767825171351,1.37962424755,-0.285903036594,-0.352808624506,0.642040848732,-0.617712676525
0.528715968132,-0.0776663795114,1.38064885139,-0.282440930605,-0.357531905174,0.641872525215,-0.616764128208
0.528984129429,-0.0786305814981,1.38040161133,-0.282522678375,-0.358561515808,0.64100342989,-0.617032527924
0.529395163059,-0.079713948071,1.38044369221,-0.282471239567,-0.360181421041,0.640154063702,-0.616994559765
0.527420282364,-0.0809549540281,1.37865519524,-0.286486953497,-0.356958329678,0.639308273792,-0.617892444134
0.52828925848,-0.0819544717669,1.37835693359,-0.285358011723,-0.358721971512,0.639065980911,-0.617644190788
0.528073191643,-0.0830544531345,1.37800335884,-0.286695361137,-0.358929544687,0.638161838055,-0.617838919163
0.530402243137,-0.0836987495422,1.3792321682,-0.283085972071,-0.363540440798,0.637998819351,-0.616975188255
0.528757691383,-0.0848862677813,1.37747693062,-0.28484377265,-0.361472576857,0.636640131474,-0.618781805038
0.528808355331,-0.0860045850277,1.37729609013,-0.285042673349,-0.362632185221,0.635119974613,-0.61957359314
0.529345750809,-0.0868376344442,1.3768414259,-0.286594837904,-0.362286955118,0.635897994041,-0.618259966373
0.52950245142,-0.0880287289619,1.37640166283,-0.287062674761,-0.362880021334,0.635508298874,-0.618095755577
0.53115850687,-0.0890365689993,1.37734413147,-0.284365594387,-0.366938054562,0.634093642235,-0.618399620056
0.53032797575,-0.0903322920203,1.37632656097,-0.286313295364,-0.365855753422,0.63317155838,-0.619086325169
0.531475543976,-0.091378621757,1.37685143948,-0.285292416811,-0.368135303259,0.633512914181,-0.617856025696
0.529759168625,-0.0930251926184,1.37515151501,-0.289291113615,-0.365623652935,0.631796598434,-0.619244039059
0.531839609146,-0.0943925231695,1.37652671337,-0.285789966583,-0.37097504735,0.630327343941,-0.619184315205
0.5311383605,-0.0954121649265,1.3748100996,-0.288267195225,-0.36880299449,0.630613565445,-0.619042098522
0.532188534737,-0.0968212634325,1.37547850609,-0.286326855421,-0.372034460306,0.628877222538,-0.61977481842
0.530716657639,-0.0977949723601,1.37379217148,-0.289962023497,-0.368578463793,0.628805994987,-0.620221734047
0.532146692276,-0.0992076843977,1.37522006035,-0.2860712111,-0.373807549477,0.626771569252,-0.620957911015
0.532375991344,-0.10027436167,1.37444579601,-0.28663611412,-0.373944461346,0.626082837582,-0.621309578419
0.532412648201,-0.101771458983,1.37421762943,-0.286945700645,-0.374799132347,0.624928057194,-0.621814191341
0.53182220459,-0.103360772133,1.37320482731,-0.29029405117,-0.37319278717,0.625333249569,-0.620817780495
0.532725870609,-0.104443877935,1.37326049805,-0.289774566889,-0.374761372805,0.624553620815,-0.620900452137
0.532274007797,-0.10644377768,1.37243664265,-0.29122248292,-0.374987900257,0.623111248016,-0.621535181999
0.531051695347,-0.107573121786,1.3716326952,-0.292453557253,-0.373695105314,0.621916651726,-0.622930705547
0.533318579197,-0.109285652637,1.37258386612,-0.289139568806,-0.378827750683,0.620352745056,-0.622936964035
0.531461596489,-0.110912904143,1.37101054192,-0.293356627226,-0.37564650178,0.619664609432,-0.623576283455
0.531778037548,-0.112449541688,1.3706818819,-0.293773263693,-0.376629799604,0.618699669838,-0.623745143414
0.534115791321,-0.113777048886,1.37138056755,-0.291672289371,-0.380275040865,0.618813455105,-0.62240511179
0.532354056835,-0.115716442466,1.36991584301,-0.295450240374,-0.377675503492,0.617606163025,-0.623404443264
0.533674240112,-0.117383152246,1.3700606823,-0.293108701706,-0.381027728319,0.615900933743,-0.624156475067
0.535040974617,-0.11924225837,1.37037849426,-0.291061460972,-0.384703189135,0.614384353161,-0.624354720116
0.534360647202,-0.120440989733,1.36916410923,-0.293670654297,-0.382288366556,0.614890992641,-0.624117255211
0.533677041531,-0.122207581997,1.36832416058,-0.295951873064,-0.381169199944,0.613822638988,-0.624775350094
0.534806191921,-0.124311029911,1.36800432205,-0.295337706804,-0.383820086718,0.612540721893,-0.62470138073
0.535855352879,-0.126060351729,1.36796486378,-0.295629113913,-0.385072141886,0.612335026264,-0.623994171619
0.53663623333,-0.128135725856,1.367598176,-0.296165168285,-0.386541098356,0.611425042152,-0.623724162579
0.536186873913,-0.129715681076,1.36655199528,-0.298398822546,-0.384871661663,0.611265659332,-0.62384802103
0.537768900394,-0.131364569068,1.36653900146,-0.296442270279,-0.387864500284,0.610078990459,-0.624088764191
0.538149833679,-0.133224979043,1.36620223522,-0.294372528791,-0.390042126179,0.607234179974,-0.626481235027
0.538368225098,-0.135230869055,1.36544787884,-0.294952094555,-0.390613615513,0.605929017067,-0.62711584568
0.538908362389,-0.137101247907,1.36497819424,-0.295202344656,-0.391651898623,0.604677379131,-0.627558588982
0.540078222752,-0.138727456331,1.36489987373,-0.29495844245,-0.39305216074,0.604127824306,-0.627326905727
0.540585398674,-0.141027882695,1.36415362358,-0.296108782291,-0.393416076899,0.603062868118,-0.627581417561
0.542765557766,-0.142867848277,1.36464655399,-0.294360607862,-0.396941035986,0.602247655392,-0.626967012882
0.542678415775,-0.144657418132,1.36340284348,-0.29610529542,-0.395696043968,0.601544797421,-0.627606749535
0.544313788414,-0.146735012531,1.36361682415,-0.294378310442,-0.398980975151,0.599837005138,-0.627973914146
0.544831573963,-0.148717999458,1.36301088333,-0.294675827026,-0.399283617735,0.598710298538,-0.628716647625
0.544215679169,-0.150721013546,1.36160182953,-0.29711997509,-0.39809063077,0.597148358822,-0.629807591438
0.545462191105,-0.15314540267,1.36162877083,-0.295461922884,-0.401009738445,0.594810545444,-0.630946934223
0.545398533344,-0.154977113008,1.36079013348,-0.296315252781,-0.400638073683,0.593441963196,-0.632070541382
0.546795785427,-0.156919568777,1.36056900024,-0.295503079891,-0.402635633945,0.592327356339,-0.632226884365
0.547443985939,-0.159131258726,1.36007523537,-0.294846326113,-0.403563648462,0.590613901615,-0.633543431759
0.547655284405,-0.16136276722,1.35924506187,-0.296280860901,-0.404294461012,0.588780403137,-0.63411462307
0.548269212246,-0.163115486503,1.35852301121,-0.296920716763,-0.404196768999,0.588207900524,-0.63440901041
0.548930287361,-0.16556596756,1.35811209679,-0.296714186668,-0.405986130238,0.586661458015,-0.634794771671
0.550120592117,-0.167661607265,1.35797309875,-0.296130210161,-0.408059298992,0.58460021019,-0.635639309883
0.550932168961,-0.169650703669,1.35728538036,-0.295942038298,-0.408424764872,0.583923399448,-0.636113882065
0.551553249359,-0.171830371022,1.3568854332,-0.295963227749,-0.409975767136,0.582851648331,-0.636089503765
0.552437722683,-0.173724323511,1.35608351231,-0.297057241201,-0.410589665174,0.582343280315,-0.635648787022
0.552942156792,-0.175595670938,1.35557150841,-0.297000467777,-0.410708636045,0.580998241901,-0.636828362942
0.553845226765,-0.177957460284,1.35501039028,-0.297364890575,-0.41176071763,0.579799711704,-0.637071073055
0.55353730917,-0.179886698723,1.35400104523,-0.300084710121,-0.41105556488,0.579606950283,-0.636426150799
0.555399179459,-0.182101756334,1.35388410091,-0.297671765089,-0.413807064295,0.577443957329,-0.637741088867
0.556103110313,-0.184241205454,1.35351109505,-0.297738462687,-0.415934115648,0.578211069107,-0.635627746582
0.556767940521,-0.186513468623,1.35334253311,-0.297214239836,-0.417790144682,0.575187206268,-0.637396812439
0.556584477425,-0.188440963626,1.35229587555,-0.299013674259,-0.416772693396,0.575239896774,-0.637173771858
0.559373557568,-0.190482407808,1.35297560692,-0.295535504818,-0.421325802803,0.57325565815,-0.637590169907
0.559289693832,-0.192295029759,1.35174024105,-0.297817975283,-0.42113378644,0.57081079483,-0.638847351074
0.560109496117,-0.194729343057,1.35146200657,-0.29738086462,-0.42271861434,0.568424999714,-0.640130221844
0.561552226543,-0.196475744247,1.3513686657,-0.295612215996,-0.424250304699,0.570763230324,-0.637851417065
0.562744796276,-0.198658630252,1.35106813908,-0.294774413109,-0.424771755934,0.568670094013,-0.639758944511
0.562797784805,-0.201015800238,1.35003042221,-0.296846926212,-0.425908744335,0.567882239819,-0.638743638992
0.563464939594,-0.202762767673,1.34950101376,-0.297433257103,-0.427106082439,0.564323306084,-0.64082223177
0.564354240894,-0.204669356346,1.34897470474,-0.297211199999,-0.427940249443,0.563020706177,-0.641514241695
0.565385878086,-0.206725507975,1.34836649895,-0.297735512257,-0.427988767624,0.563564538956,-0.640760600567
0.565561592579,-0.208690822124,1.34773123264,-0.2979195714,-0.428972572088,0.560720324516,-0.6425101161
0.566833913326,-0.210536032915,1.3476241827,-0.297101706266,-0.430415332317,0.55974406004,-0.642775177956
0.569676876068,-0.212833881378,1.34773468971,-0.292964667082,-0.43468812108,0.557579636574,-0.643679022789
0.569759607315,-0.21468116343,1.34740579128,-0.294143229723,-0.434431284666,0.556128203869,-0.644570231438
0.570429980755,-0.216477304697,1.34706103802,-0.294312924147,-0.434936761856,0.555408835411,-0.644771933556
0.571240305901,-0.218466937542,1.34651076794,-0.294352412224,-0.435808718204,0.554609537125,-0.644853293896
0.571776151657,-0.220127806067,1.34620094299,-0.29417309165,-0.436170250177,0.553430199623,-0.64570337534
0.572141170502,-0.222359851003,1.34562683105,-0.294993489981,-0.436511397362,0.552134394646,-0.646207511425
0.573018491268,-0.224187478423,1.34536981583,-0.294626653194,-0.437277853489,0.55126786232,-0.646596372128
0.573582410812,-0.226061090827,1.34469091892,-0.295635133982,-0.437543898821,0.550436854362,-0.646664202213
0.574244737625,-0.227995187044,1.34479916096,-0.295501679182,-0.438047856092,0.549261271954,-0.647383213043
0.574801802635,-0.229726731777,1.34407103062,-0.294860064983,-0.438779115677,0.548279941082,-0.648012042046
0.575380921364,-0.231575548649,1.34430038929,-0.294494867325,-0.439435809851,0.546860039234,-0.648932158947
0.576046705246,-0.233604237437,1.34392619133,-0.294571757317,-0.440260142088,0.545857489109,-0.649182736874
0.576963543892,-0.235713243484,1.34340369701,-0.294118851423,-0.44166597724,0.54538422823,-0.648830831051
0.577300131321,-0.237380713224,1.34333074093,-0.294525623322,-0.441598653793,0.545093953609,-0.648935973644
0.578392922878,-0.239218473434,1.34248316288,-0.293831020594,-0.442704349756,0.544205307961,-0.649243295193
0.57874327898,-0.241238161922,1.3427079916,-0.294521540403,-0.44294205308,0.543361127377,-0.649475157261
0.579738199711,-0.242448925972,1.34166443348,-0.294175118208,-0.442701429129,0.544253528118,-0.649049043655
0.580174863338,-0.244339257479,1.34160244465,-0.294273853302,-0.443693429232,0.543815612793,-0.648693859577
0.580424904823,-0.246132522821,1.34067511559,-0.295133143663,-0.443231940269,0.543952405453,-0.648504316807
0.581665039062,-0.247810274363,1.34077775478,-0.294050335884,-0.444856584072,0.543614029884,-0.648167312145
0.582110404968,-0.249889135361,1.34106552601,-0.29467394948,-0.445746213198,0.543420255184,-0.64743489027
0.582727789879,-0.251478970051,1.34068953991,-0.294746935368,-0.446147412062,0.543181359768,-0.64732581377
0.583249151707,-0.252853572369,1.33936989307,-0.295519649982,-0.445255666971,0.544401347637,-0.646562159061
0.583964943886,-0.254638314247,1.33909440041,-0.295773088932,-0.445777922869,0.544130086899,-0.646314799786
0.584906995296,-0.256431788206,1.33930039406,-0.295094102621,-0.446929335594,0.543507695198,-0.646353662014
0.585616588593,-0.258347451687,1.33984959126,-0.293488204479,-0.448822975159,0.542295694351,-0.64679056406
0.58648455143,-0.26019218564,1.33948218822,-0.294103950262,-0.449877440929,0.54294782877,-0.645229399204
0.587043166161,-0.261567831039,1.3390699625,-0.292846649885,-0.450153410435,0.542769491673,-0.645758569241
0.58820527792,-0.263334572315,1.33888852596,-0.292019993067,-0.45193234086,0.54224717617,-0.645328998566
0.588736712933,-0.264906913042,1.33860468864,-0.292765170336,-0.451804161072,0.543105185032,-0.644358932972
0.589755177498,-0.266284704208,1.3380099535,-0.29328340292,-0.451508402824,0.544266760349,-0.643349647522
0.590721428394,-0.268120378256,1.33825051785,-0.292176365852,-0.453329980373,0.543450951576,-0.643262028694
0.591633498669,-0.269646823406,1.33791017532,-0.290330082178,-0.454757839441,0.542734026909,-0.643695354462
0.592313885689,-0.271435439587,1.33798348904,-0.289765536785,-0.456427901983,0.542255938053,-0.643170237541
0.593580067158,-0.272589325905,1.33728599548,-0.289520591497,-0.45661431551,0.543635606766,-0.641982734203
0.59418129921,-0.27407938242,1.33733558655,-0.289442330599,-0.457265257835,0.543783783913,-0.641428887844
0.595317542553,-0.275501519442,1.33694720268,-0.288012653589,-0.458485841751,0.543573021889,-0.641379654408
0.596218109131,-0.277471125126,1.33710277081,-0.288028687239,-0.459994137287,0.543317675591,-0.640508234501
0.597141087055,-0.278861165047,1.33681309223,-0.287055969238,-0.460658967495,0.542981624603,-0.640752017498
0.598217725754,-0.280032455921,1.33636534214,-0.285702049732,-0.461940735579,0.543321192265,-0.640146255493
0.598817825317,-0.281447738409,1.33656287193,-0.285230666399,-0.462622433901,0.543396234512,-0.639800310135
0.600073814392,-0.283193230629,1.33632075787,-0.283998817205,-0.464330375195,0.543073654175,-0.639384925365
0.60105574131,-0.284165143967,1.33581542969,-0.282771170139,-0.46517971158,0.543078005314,-0.639307916164
0.601841270924,-0.285752177238,1.33608841896,-0.282113283873,-0.465740501881,0.542874574661,-0.63936316967
0.602957844734,-0.287088871002,1.33576214314,-0.28095433116,-0.467738240957,0.542561531067,-0.63868033886
0.604051232338,-0.288479626179,1.33552134037,-0.280023336411,-0.468568831682,0.542864143848,-0.63822299242
0.604889988899,-0.289684683084,1.33539009094,-0.279065519571,-0.469887197018,0.542518794537,-0.637966930866
0.605899393559,-0.291096627712,1.33540201187,-0.277873665094,-0.470931142569,0.542553186417,-0.637688159943
0.606681466103,-0.292591392994,1.33551537991,-0.275423198938,-0.47328427434,0.540275037289,-0.638942062855
0.607611656189,-0.29401320219,1.33568894863,-0.27450978756,-0.474540710449,0.540101528168,-0.638549804688
0.608594596386,-0.295263528824,1.3354139328,-0.273356705904,-0.475810736418,0.539767324924,-0.638382077217
0.609793424606,-0.29644292593,1.33497810364,-0.27405795455,-0.476076036692,0.541124224663,-0.636732578278
0.610742926598,-0.297901660204,1.33503758907,-0.272463351488,-0.477758079767,0.540002048016,-0.63710975647
0.611890912056,-0.29902690649,1.33473575115,-0.271953225136,-0.478638440371,0.540388822556,-0.636338531971
0.61266887188,-0.300004422665,1.33461916447,-0.270632505417,-0.479582935572,0.540081560612,-0.63645118475
0.613640367985,-0.301676988602,1.33477759361,-0.267654925585,-0.482363700867,0.537502288818,-0.63779103756
0.614730119705,-0.302951455116,1.33465158939,-0.266532242298,-0.483255773783,0.536786615849,-0.63818860054
0.615730762482,-0.304057776928,1.33442735672,-0.26531457901,-0.484452873468,0.536460161209,-0.638062894344
0.616487920284,-0.305322706699,1.33475005627,-0.265044808388,-0.485452532768,0.53596752882,-0.637829124928
0.617737293243,-0.30635792017,1.33412468433,-0.263370633125,-0.486822426319,0.535355865955,-0.637992143631
0.618859350681,-0.307531714439,1.33424842358,-0.262215584517,-0.488319516182,0.53504472971,-0.637584805489
0.619766056538,-0.308571577072,1.33357524872,-0.261383503675,-0.489196509123,0.534829378128,-0.637434720993
0.620804786682,-0.309647232294,1.33334362507,-0.260272145271,-0.490641385317,0.533880412579,-0.637574374676
0.621673285961,-0.310702681541,1.33322966099,-0.259185910225,-0.491296589375,0.533839583397,-0.637546598911
0.622634828091,-0.311551511288,1.33285224438,-0.258010834455,-0.492227613926,0.532922208309,-0.638072490692
0.623529732227,-0.312504798174,1.33266091347,-0.256618946791,-0.493503779173,0.531525909901,-0.638812303543
0.624530076981,-0.313625842333,1.33251643181,-0.255491018295,-0.494608014822,0.531183063984,-0.638695597649
0.625466823578,-0.3144544065,1.33203935623,-0.254280805588,-0.495637446642,0.529787480831,-0.639538824558
0.62652528286,-0.315495163202,1.33182430267,-0.253274470568,-0.496667206287,0.528908371925,-0.639866948128
0.627711594105,-0.31614241004,1.33113074303,-0.254837870598,-0.496009230614,0.531256020069,-0.637808382511
0.62869656086,-0.317244052887,1.33088934422,-0.252690255642,-0.497832775116,0.52871876955,-0.639348685741
0.629683971405,-0.317869067192,1.33078801632,-0.252727508545,-0.498035818338,0.529015600681,-0.63893020153
0.630610466003,-0.31864631176,1.33021962643,-0.251517146826,-0.49876049161,0.528236627579,-0.639486730099
0.631498396397,-0.31948018074,1.33001053333,-0.250248372555,-0.499516248703,0.527203500271,-0.640246748924
0.632668375969,-0.320126980543,1.32954120636,-0.249829038978,-0.500281214714,0.526535868645,-0.640362501144
0.633465647697,-0.321095228195,1.3293274641,-0.248267412186,-0.501540899277,0.524218380451,-0.641884028912
0.634468972683,-0.321773260832,1.32896709442,-0.247019156814,-0.502128183842,0.523516356945,-0.642479240894
0.635333001614,-0.322502076626,1.32870221138,-0.246014997363,-0.502905070782,0.522098898888,-0.64340955019
0.636495530605,-0.323364675045,1.32869493961,-0.245097801089,-0.504188776016,0.520944833755,-0.643690288067
0.637111842632,-0.324008345604,1.32811820507,-0.244022846222,-0.504518389702,0.519524037838,-0.644987463951
0.637987375259,-0.324743747711,1.32834303379,-0.243228450418,-0.505375802517,0.517895698547,-0.645925045013
0.638884365559,-0.325473725796,1.3280390501,-0.242605939507,-0.505990028381,0.516521573067,-0.646778166294
0.639750421047,-0.326202273369,1.3276617527,-0.241784617305,-0.506535232067,0.515480935574,-0.647488772869
0.640435993671,-0.326830506325,1.3274166584,-0.240614145994,-0.506809711456,0.514516949654,-0.648476064205
0.641273021698,-0.327529788017,1.32741963863,-0.240021154284,-0.507510066032,0.51261895895,-0.649650156498
0.641940414906,-0.328111082315,1.32729351521,-0.239129856229,-0.507953941822,0.511216938496,-0.650735914707
0.642579436302,-0.32841527462,1.32701659203,-0.239266201854,-0.507518053055,0.511011838913,-0.651186645031
0.643383383751,-0.329328179359,1.32720243931,-0.237524941564,-0.508947491646,0.508066236973,-0.653010845184
0.643920898438,-0.329790651798,1.32717990875,-0.236876666546,-0.509070038795,0.506876647472,-0.654074430466
0.644636452198,-0.330473542213,1.32722699642,-0.235939592123,-0.509683966637,0.504696249962,-0.655619263649
0.645323336124,-0.330975174904,1.32714617252,-0.234848514199,-0.510058224201,0.503305435181,-0.656787991524
0.646005809307,-0.331605195999,1.32705521584,-0.23403096199,-0.509645462036,0.501888215542,-0.658482551575
0.646569788456,-0.332162737846,1.32697606087,-0.23339240253,-0.510514557362,0.500128507614,-0.659374296665
0.647193789482,-0.332636713982,1.32720649242,-0.232305750251,-0.510906040668,0.498206734657,-0.660907864571
0.647860527039,-0.333185136318,1.32714307308,-0.231520190835,-0.51121711731,0.496279835701,-0.662391006947
0.648333907127,-0.333628714085,1.32714116573,-0.230788812041,-0.511163771152,0.49474811554,-0.66383177042
0.64884442091,-0.33418777585,1.32715511322,-0.229772269726,-0.511355042458,0.492526173592,-0.665686786175
0.64949041605,-0.334669709206,1.326816082,-0.228937447071,-0.511408388615,0.490713506937,-0.667270123959
0.650218725204,-0.335165977478,1.32688474655,-0.22857400775,-0.511536061764,0.489285588264,-0.668344557285
0.650505244732,-0.335614800453,1.32693302631,-0.226646631956,-0.511669635773,0.486151129007,-0.671180069447
0.651033222675,-0.336143165827,1.3267005682,-0.225554525852,-0.51180523634,0.48419123888,-0.67285913229
0.651558697224,-0.336441397667,1.32667899132,-0.225235328078,-0.511525571346,0.482772648335,-0.674196839333
0.652295291424,-0.336923539639,1.32665920258,-0.224324986339,-0.511769890785,0.480794340372,-0.675726890564
0.652959704399,-0.337389886379,1.32679343224,-0.223373770714,-0.511184215546,0.479257762432,-0.677574396133
0.65349650383,-0.337781727314,1.3267236948,-0.222673460841,-0.51105171442,0.477133780718,-0.679401278496
0.654060065746,-0.338099360466,1.32662820816,-0.221551969647,-0.510776519775,0.474676579237,-0.681692302227
0.654742717743,-0.338423728943,1.32653820515,-0.221137717366,-0.511845231056,0.473180145025,-0.682065427303
0.65535992384,-0.338857471943,1.32651519775,-0.220144793391,-0.511075854301,0.470707595348,-0.684669494629
0.656164765358,-0.339410245419,1.32640612125,-0.219105482101,-0.511394262314,0.468381673098,-0.68635815382
0.656705021858,-0.339642941952,1.3263143301,-0.217950388789,-0.511051654816,0.467061251402,-0.687879085541
0.657234787941,-0.339945435524,1.32624685764,-0.217329978943,-0.510975062847,0.464847296476,-0.689629793167
0.658031642437,-0.340588927269,1.32625484467,-0.216729953885,-0.511407375336,0.462453961372,-0.691105663776
0.658335208893,-0.340702295303,1.32621526718,-0.216015979648,-0.510977745056,0.460522204638,-0.692934513092
0.658837139606,-0.341080069542,1.32627916336,-0.214864119887,-0.510896146297,0.460898011923,-0.693102836609
0.659234046936,-0.341327577829,1.32635760307,-0.215046480298,-0.509930253029,0.456370830536,-0.696743786335
0.659644901752,-0.341641545296,1.32640969753,-0.214536964893,-0.509612739086,0.454451441765,-0.698385775089
0.660042583942,-0.341686010361,1.3263027668,-0.214752495289,-0.508819103241,0.453925311565,-0.699239730835
0.660274505615,-0.342286348343,1.32653713226,-0.212341099977,-0.509188354015,0.449911892414,-0.702294766903
0.660511374474,-0.342251896858,1.3264414072,-0.214212551713,-0.507712423801,0.450743466616,-0.702261567116
0.661080956459,-0.34278357029,1.32643342018,-0.214027583599,-0.507528543472,0.449021190405,-0.703553199768
0.661427557468,-0.343184232712,1.32657206059,-0.213644042611,-0.507392346859,0.447128504515,-0.704971969128
0.661603569984,-0.343391418457,1.32676029205,-0.21327547729,-0.507112145424,0.445820778608,-0.706112325191
0.661731898785,-0.344026952982,1.32704627514,-0.211004719138,-0.507379114628,0.442138910294,-0.708912432194
0.662084937096,-0.34447953105,1.32706010342,-0.21083329618,-0.507094442844,0.440875679255,-0.709952950478
0.662304580212,-0.344745218754,1.32705593109,-0.210710316896,-0.506457924843,0.439587980509,-0.71124124527
0.662545204163,-0.345160871744,1.3275257349,-0.21035091579,-0.506460130215,0.438175946474,-0.712216556072
0.66265308857,-0.345400512218,1.32723426819,-0.209586560726,-0.505803644657,0.436452239752,-0.713964760303
0.662768006325,-0.345728844404,1.32694518566,-0.210270896554,-0.50503885746,0.435908198357,-0.714637041092
0.6629306674,-0.346040070057,1.32694196701,-0.210100010037,-0.504727184772,0.434820652008,-0.715569317341
0.663055062294,-0.346309483051,1.32702922821,-0.209665209055,-0.504289031029,0.43332156539,-0.716913938522
0.663124978542,-0.34644061327,1.32702219486,-0.20918469131,-0.503811061382,0.432291477919,-0.718011379242
0.663328945637,-0.346638262272,1.32694530487,-0.209145203233,-0.503366231918,0.43134239316,-0.718905091286
0.663542509079,-0.34690284729,1.32697248459,-0.208966672421,-0.503044486046,0.430348813534,-0.719777226448
0.663631498814,-0.3470723629,1.32696843147,-0.208735734224,-0.50279122591,0.429411411285,-0.720580458641
0.663935720921,-0.347320139408,1.32688617706,-0.208507269621,-0.502721846104,0.428448706865,-0.721267819405
0.664000749588,-0.347423911095,1.32686638832,-0.208143249154,-0.502427995205,0.427692651749,-0.722025990486
0.664332926273,-0.347631663084,1.32685232162,-0.207749173045,-0.502406656742,0.42679643631,-0.722684442997
0.664506912231,-0.347784280777,1.32683169842,-0.207587197423,-0.502346634865,0.42610502243,-0.723180472851
0.664663791656,-0.347902595997,1.32656157017,-0.207281798124,-0.50207477808,0.425245374441,-0.72396248579
0.66474956274,-0.347952604294,1.32654893398,-0.207109957933,-0.501910030842,0.424791812897,-0.724391996861
0.664981007576,-0.348099559546,1.32647109032,-0.206923112273,-0.501961410046,0.424335241318,-0.7246773839
0.6650390625,-0.348202824593,1.32642149925,-0.206639811397,-0.501709938049,0.423608750105,-0.725356996059
0.665435612202,-0.348564147949,1.32642519474,-0.206442862749,-0.502154171467,0.422987252474,-0.725468277931
0.665472924709,-0.348421663046,1.32638096809,-0.207192882895,-0.501552402973,0.423481911421,-0.725382268429
0.665774106979,-0.348683297634,1.32635509968,-0.206580132246,-0.501930713654,0.422599136829,-0.72580999136
0.666053652763,-0.348794341087,1.32626187801,-0.206299096346,-0.502199590206,0.422378271818,-0.725832641125
0.666278660297,-0.348833322525,1.32621717453,-0.206012636423,-0.502308905125,0.422206938267,-0.725937902927
0.666340470314,-0.348645269871,1.32623541355,-0.205079197884,-0.502278804779,0.421771913767,-0.726475715637
0.666528582573,-0.348608851433,1.3261988163,-0.204787015915,-0.502326786518,0.421720147133,-0.726555049419
0.666783094406,-0.348649680614,1.32623398304,-0.205069869757,-0.502361357212,0.422063887119,-0.726251780987
0.667191624641,-0.348769426346,1.32607674599,-0.204741969705,-0.502598822117,0.421784251928,-0.726342380047
0.667365729809,-0.348546802998,1.32593524456,-0.204873785377,-0.502318143845,0.422410130501,-0.726135671139
0.667398035526,-0.348543643951,1.32604324818,-0.203512281179,-0.502658009529,0.421264767647,-0.726948261261
0.667582452297,-0.348426282406,1.32603752613,-0.203059852123,-0.502722501755,0.421201974154,-0.727066516876
0.668226778507,-0.348612695932,1.3260974884,-0.202308282256,-0.503505349159,0.420543849468,-0.72711533308
0.66837978363,-0.348470032215,1.32609808445,-0.201469734311,-0.503679215908,0.420184731483,-0.727435290813
0.668684303761,-0.348406374454,1.32614660263,-0.2010319978,-0.503992557526,0.420126348734,-0.727373123169
0.668803393841,-0.34814453125,1.32620453835,-0.200793981552,-0.503880381584,0.420462787151,-0.727322101593
0.669219136238,-0.348232656717,1.32627260685,-0.20049571991,-0.504457950592,0.420335561037,-0.727077543736
0.669435381889,-0.348179936409,1.32657003403,-0.200196713209,-0.504826068878,0.42027208209,-0.726941108704
0.669324100018,-0.347638428211,1.32655954361,-0.200093358755,-0.504222035408,0.421011656523,-0.726960897446
0.669972777367,-0.347999602556,1.32670581341,-0.199927836657,-0.505199849606,0.420877665281,-0.726404905319
0.670035302639,-0.347646713257,1.32685720921,-0.199305653572,-0.505150258541,0.421040445566,-0.726516008377
0.669903516769,-0.347236335278,1.32697570324,-0.198625192046,-0.504839241505,0.421122401953,-0.726871073246
0.670259356499,-0.347262084484,1.32709860802,-0.198871597648,-0.505331933498,0.421599715948,-0.726184129715
0.670225262642,-0.346955180168,1.3263477087,-0.197695538402,-0.504723668098,0.421347081661,-0.727074384689
0.670466065407,-0.346954345703,1.32738626003,-0.197754129767,-0.505508720875,0.421511828899,-0.726417303085
0.670412778854,-0.346681028605,1.32751560211,-0.197787865996,-0.505344033241,0.422184586525,-0.726131975651
0.670609772205,-0.34667891264,1.3276475668,-0.197516351938,-0.505679965019,0.422215074301,-0.725954294205
0.670614957809,-0.346396148205,1.32780790329,-0.197990745306,-0.505420923233,0.42339104414,-0.725320279598
0.670870482922,-0.346366077662,1.32792544365,-0.197733193636,-0.505476653576,0.424013674259,-0.72498780489
0.670855879784,-0.346119493246,1.32836282253,-0.197510764003,-0.505745649338,0.424289137125,-0.724699676037
0.671131312847,-0.346137285233,1.32866811752,-0.197457894683,-0.50615721941,0.424829512835,-0.724110007286
0.670841872692,-0.345565319061,1.32879137993,-0.197284162045,-0.50554817915,0.425680905581,-0.724082827568
0.67079359293,-0.345378696918,1.32910251617,-0.197194084525,-0.505484938622,0.426360011101,-0.723751842976
0.670840442181,-0.345018744469,1.32935535908,-0.196990057826,-0.505466401577,0.427046656609,-0.723415434361
0.670847058296,-0.344673037529,1.32949697971,-0.196490302682,-0.505413174629,0.427569121122,-0.723279893398
0.670771420002,-0.344345748425,1.32975459099,-0.196158125997,-0.505482435226,0.428270250559,-0.722906768322
0.670802235603,-0.344052761793,1.32998967171,-0.19595490396,-0.505376935005,0.428877621889,-0.72267562151
0.670735180378,-0.343623101711,1.33050632477,-0.195514589548,-0.505450189114,0.42956829071,-0.72233325243
0.67087906599,-0.343535035849,1.33069705963,-0.195494279265,-0.505807161331,0.430016130209,-0.721822202206
0.670939445496,-0.34315353632,1.33071017265,-0.195036530495,-0.505760133266,0.430497407913,-0.72169226408
0.670672416687,-0.342721313238,1.33110296726,-0.194822847843,-0.505513846874,0.431109726429,-0.721556842327
0.670662760735,-0.34227001667,1.33138048649,-0.194883733988,-0.505349516869,0.432056248188,-0.721089184284
0.670529186726,-0.341904461384,1.3316423893,-0.194802030921,-0.505171895027,0.432628631592,-0.720892429352
0.670700848103,-0.341672718525,1.33179092407,-0.194345474243,-0.505257427692,0.433017373085,-0.7207223773
0.670453310013,-0.341171503067,1.33213436604,-0.194104582071,-0.505025744438,0.433574706316,-0.720614552498
0.67040759325,-0.340863764286,1.3325214386,-0.193986535072,-0.505131900311,0.434059500694,-0.720280110836
0.670322597027,-0.340383201838,1.33265674114,-0.193976655602,-0.504718124866,0.435168594122,-0.719903588295
0.670093357563,-0.339973449707,1.33287596703,-0.193811744452,-0.504299581051,0.435703605413,-0.719917654991
0.670086562634,-0.339774847031,1.33314287663,-0.193826884031,-0.504375994205,0.436194956303,-0.719562411308
0.669919610023,-0.339336723089,1.33335208893,-0.193537563086,-0.504106223583,0.43668666482,-0.719531059265
0.669987976551,-0.339063286781,1.3336391449,-0.193508163095,-0.504110693932,0.437246203423,-0.719195961952
0.669637143612,-0.338560789824,1.33383738995,-0.193624734879,-0.503468394279,0.437995433807,-0.719158709049
0.669438719749,-0.338089168072,1.33387136459,-0.193135425448,-0.503119528294,0.438401043415,-0.719287216663
0.669252336025,-0.337628275156,1.33392703533,-0.193595319986,-0.502589941025,0.439439713955,-0.718899905682
0.66921967268,-0.337246060371,1.3341178894,-0.193784698844,-0.502303004265,0.440224885941,-0.718568921089
0.668800830841,-0.336796432734,1.33437502384,-0.193558335304,-0.501762449741,0.440443366766,-0.718873620033
0.668524563313,-0.336284995079,1.33455193043,-0.193674772978,-0.501142084599,0.441142708063,-0.718846261501
0.668154001236,-0.335927665234,1.33479356766,-0.19434261322,-0.500465750694,0.441767811775,-0.71875333786
0.668165564537,-0.335825204849,1.33496463299,-0.19466945529,-0.5003901124,0.442079216242,-0.71852594614
0.667690098286,-0.335154086351,1.33527588844,-0.195041045547,-0.499472349882,0.443120092154,-0.718422532082
0.667491495609,-0.334754347801,1.33542907238,-0.195311695337,-0.499087274075,0.443964123726,-0.718095481396
0.667200088501,-0.334172070026,1.33531439304,-0.195239454508,-0.498315036297,0.444640100002,-0.718233168125
0.666782796383,-0.333652794361,1.33569157124,-0.195488810539,-0.497875660658,0.4454190135,-0.717987418175
0.666652560234,-0.33312779665,1.33569192886,-0.195920497179,-0.497351080179,0.446493119001,-0.717566072941
0.666502118111,-0.332473814487,1.33612930775,-0.195610806346,-0.497239977121,0.446894109249,-0.717477977276
0.666269183159,-0.332139164209,1.33634054661,-0.195881828666,-0.49701911211,0.447529613972,-0.717160820961
0.666015625,-0.331630021334,1.33649647236,-0.196825876832,-0.496410161257,0.448654353619,-0.716621220112
0.665884315968,-0.331287324429,1.33642554283,-0.196903273463,-0.496270745993,0.448860377073,-0.716567516327
0.665265738964,-0.330560415983,1.33652091026,-0.197474986315,-0.495227873325,0.449651181698,-0.716635763645
0.664844989777,-0.33011507988,1.33658409119,-0.19805508852,-0.494609355927,0.450348436832,-0.716464996338
0.664358437061,-0.32963770628,1.33671426773,-0.198125243187,-0.494272261858,0.453189074993,-0.714885234833
0.664037048817,-0.32911324501,1.33680582047,-0.19983433187,-0.493917167187,0.452184587717,-0.715291142464
0.663818597794,-0.328501194715,1.33709025383,-0.200384616852,-0.493038982153,0.452915728092,-0.715280294418
0.663432776928,-0.328116118908,1.33687436581,-0.201130330563,-0.493023246527,0.453867942095,-0.714477837086
0.6629139781,-0.327591359615,1.33698940277,-0.20103289187,-0.492548137903,0.453804165125,-0.714873373508
0.662583529949,-0.326908290386,1.3368229866,-0.202662795782,-0.491637647152,0.455390661955,-0.714030504227
0.662275373936,-0.326446056366,1.33686864376,-0.203122332692,-0.491583555937,0.455651670694,-0.713770627975
0.66203981638,-0.326105415821,1.3369269371,-0.203702688217,-0.491620838642,0.456592768431,-0.712977707386
0.661323547363,-0.325202822685,1.33728981018,-0.203696504235,-0.490879386663,0.457156538963,-0.713129103184
0.660941660404,-0.324642956257,1.33711373806,-0.204360887408,-0.490415036678,0.457346409559,-0.713136792183
0.660803258419,-0.324405491352,1.33702015877,-0.204844027758,-0.490492373705,0.457512229681,-0.71283853054
0.660136401653,-0.323507189751,1.33704972267,-0.205650433898,-0.489640384912,0.458846479654,-0.712334275246
0.659817874432,-0.323008656502,1.33734118938,-0.206309080124,-0.489588052034,0.459066182375,-0.71203815937
0.65964448452,-0.322195291519,1.33732223511,-0.209104657173,-0.488502085209,0.462081581354,-0.710015296936
0.658782243729,-0.321782886982,1.33727753162,-0.207874372602,-0.488557845354,0.460564345121,-0.711322784424
0.658131361008,-0.321194589138,1.3374915123,-0.208833232522,-0.488119602203,0.461080640554,-0.711008250713
0.65753442049,-0.320619821548,1.33759117126,-0.209786340594,-0.48732855916,0.461381494999,-0.711075007915
0.657045185566,-0.319747030735,1.33775663376,-0.213431850076,-0.486731946468,0.46419480443,-0.708563446999
0.656240642071,-0.319109886885,1.33775854111,-0.214311420918,-0.485825389624,0.46458825469,-0.708662331104
0.655558764935,-0.318570435047,1.33793509007,-0.215144902468,-0.485293269157,0.464863955975,-0.70859348774
0.654687583447,-0.31790342927,1.33790659904,-0.21675054729,-0.484127819538,0.465873926878,-0.708237946033
0.6539260149,-0.317232728004,1.3380240202,-0.217494487762,-0.483490496874,0.466304033995,-0.708162128925
0.653242647648,-0.316756010056,1.33830857277,-0.218182519078,-0.483318299055,0.466295003891,-0.708074092865
0.652342557907,-0.316076487303,1.33835339546,-0.219492599368,-0.482365012169,0.466853797436,-0.707951009274
0.651660203934,-0.315525949001,1.33843183517,-0.220640510321,-0.481821715832,0.467457681894,-0.707565546036
0.650787353516,-0.314911186695,1.33849143982,-0.222076326609,-0.481158941984,0.468376129866,-0.706959724426
0.649926304817,-0.314038425684,1.3383513689,-0.22301325202,-0.480277895927,0.469132214785,-0.706762492657
0.648959875107,-0.313225001097,1.33850443363,-0.225178077817,-0.479203671217,0.470418900251,-0.705949604511
0.647936403751,-0.312402307987,1.33854579926,-0.226436167955,-0.478320479393,0.471358567476,-0.705519139767
0.64699614048,-0.311445653439,1.33838951588,-0.228308811784,-0.477168649435,0.472843378782,-0.704701662064
0.64578717947,-0.310893297195,1.33860969543,-0.229451984167,-0.476702004671,0.472709774971,-0.70473575592
0.645067572594,-0.309766054153,1.33854484558,-0.230420216918,-0.476060062647,0.474043905735,-0.70395731926
0.64403629303,-0.309006869793,1.33862173557,-0.231809198856,-0.475482165813,0.474641948938,-0.703488588333
0.643207252026,-0.308198928833,1.33868157864,-0.232909947634,-0.475030958652,0.475415468216,-0.702907264233
0.642127454281,-0.307285070419,1.33872842789,-0.234476745129,-0.474357694387,0.476336359978,-0.702217340469
0.641200602055,-0.306533575058,1.33880221844,-0.235734596848,-0.473999649286,0.476936101913,-0.701630651951
0.640153169632,-0.305632352829,1.3388427496,-0.237313866615,-0.472999155521,0.478010445833,-0.701042115688
0.639054656029,-0.304669708014,1.33881270885,-0.238683342934,-0.472538083792,0.478981792927,-0.700224578381
0.638063907623,-0.3037314713,1.33881628513,-0.240378975868,-0.471720606089,0.480192184448,-0.699366271496
0.636894822121,-0.302616298199,1.3390032053,-0.242763713002,-0.470485597849,0.482297033072,-0.697924613953
0.635763168335,-0.301776170731,1.33920395374,-0.243544116616,-0.470606893301,0.482082545757,-0.697719037533
0.634447276592,-0.30077701807,1.33935189247,-0.245353683829,-0.469633340836,0.483505815268,-0.696755468845
0.633314967155,-0.299689531326,1.33945477009,-0.247139155865,-0.468595355749,0.485011518002,-0.695776283741
0.631607353687,-0.298583626747,1.33992314339,-0.249992564321,-0.467200964689,0.486594706774,-0.694588124752
0.630448997021,-0.297844231129,1.34004020691,-0.251593708992,-0.466706812382,0.487375110388,-0.693794608116
0.629505157471,-0.296547591686,1.34007751942,-0.252321779728,-0.466103434563,0.488825500011,-0.692914783955
0.627713978291,-0.295495182276,1.34048497677,-0.255007743835,-0.464578926563,0.490138143301,-0.692027449608
0.626525700092,-0.294685512781,1.3406919241,-0.256632834673,-0.464068442583,0.491596490145,-0.690733611584
0.62540358305,-0.293172121048,1.34070777893,-0.257656037807,-0.463149785995,0.493426382542,-0.689663767815
0.623571097851,-0.292286574841,1.34121572971,-0.260367512703,-0.461947113276,0.494490206242,-0.688689529896
0.622217774391,-0.291160047054,1.34141016006,-0.262105941772,-0.460924953222,0.49661898613,-0.687181353569
0.620762944221,-0.289891093969,1.34140741825,-0.263853251934,-0.459843337536,0.498190432787,-0.686098992825
0.619361877441,-0.288708806038,1.34187352657,-0.265749067068,-0.458843618631,0.500128388405,-0.684625089169
0.617929875851,-0.287020355463,1.34187340736,-0.266921699047,-0.45733833313,0.502430140972,-0.683489859104
0.616287529469,-0.286128669977,1.34213531017,-0.269509166479,-0.456178247929,0.5045363307,-0.681695818901
0.614662408829,-0.284698098898,1.34255468845,-0.271370321512,-0.455052852631,0.506601929665,-0.680176198483
0.613156616688,-0.283659875393,1.34307014942,-0.271908372641,-0.454864472151,0.507675290108,-0.679286420345
0.611671745777,-0.282403200865,1.34321570396,-0.274164289236,-0.453816771507,0.510256826878,-0.677142858505
0.609487533569,-0.281084001064,1.3440952301,-0.271306991577,-0.4541426301,0.508927047253,-0.679073035717
0.607323944569,-0.27875906229,1.34386944771,-0.269956201315,-0.45251968503,0.51004242897,-0.679857611656
0.606023192406,-0.277636140585,1.34428238869,-0.271496772766,-0.452165007591,0.511936426163,-0.678054273129
0.605729937553,-0.276560992002,1.3441170454,-0.28109139204,-0.449113577604,0.521059632301,-0.669164896011
0.604256033897,-0.274902373552,1.3442825079,-0.283111155033,-0.44741332531,0.524649143219,-0.666642844677
0.602812111378,-0.273576021194,1.34439563751,-0.284031778574,-0.446829259396,0.526799917221,-0.664944708347
0.601392507553,-0.272238522768,1.34502637386,-0.285550415516,-0.445782601833,0.529077291489,-0.663186252117
0.599855184555,-0.270463258028,1.34525740147,-0.28739836812,-0.444338351488,0.53230881691,-0.6607670784
0.598693430424,-0.269251942635,1.34548211098,-0.288926750422,-0.443769007921,0.535203278065,-0.658139705658
0.597219824791,-0.267623960972,1.34573721886,-0.290533512831,-0.442449450493,0.538282334805,-0.655805766582
0.59590691328,-0.265981853008,1.34601914883,-0.291869789362,-0.441757977009,0.541603147984,-0.652938127518
0.594357728958,-0.264180034399,1.34631288052,-0.292778193951,-0.440114498138,0.543996453285,-0.651650249958
0.592519640923,-0.262284964323,1.34646856785,-0.292240947485,-0.439142346382,0.545714080334,-0.651110887527
0.591680705547,-0.260552465916,1.34686923027,-0.295036286116,-0.437573730946,0.550645411015,-0.646739959717
0.590447485447,-0.258927583694,1.34709906578,-0.297060340643,-0.435654133558,0.55665063858,-0.641950845718
0.589034557343,-0.257281959057,1.34769546986,-0.296985179186,-0.436620593071,0.559494793415,-0.6388489604
0.587711274624,-0.255749702454,1.34808337688,-0.297876924276,-0.434507220984,0.561052024364,-0.638508915901
0.586570560932,-0.25426697731,1.34845387936,-0.298881918192,-0.434043526649,0.56192356348,-0.637587368488
0.585580408573,-0.252033472061,1.34840393066,-0.30122295022,-0.431610524654,0.56839710474,-0.63237786293
0.584282875061,-0.250455111265,1.3488997221,-0.300991773605,-0.430937081575,0.569856822491,-0.631633222103
0.583162665367,-0.248745292425,1.34926271439,-0.302778571844,-0.430207699537,0.571508765221,-0.629781126976
0.581995844841,-0.24663028121,1.34910070896,-0.303099840879,-0.428250044584,0.575123906136,-0.627666294575
0.581056773663,-0.245040535927,1.34980416298,-0.304270774126,-0.428120136261,0.57765352726,-0.624859154224
0.57999509573,-0.243030667305,1.35004019737,-0.304954737425,-0.426793068647,0.581137001514,-0.622197806835
0.579223513603,-0.241233468056,1.35009586811,-0.306256592274,-0.425397306681,0.584396123886,-0.619455754757
0.578197062016,-0.239538162947,1.35056126118,-0.30683863163,-0.424916684628,0.586807727814,-0.617213487625
0.577251911163,-0.237809360027,1.35085844994,-0.306487739086,-0.424585968256,0.589001595974,-0.615523636341
0.577079296112,-0.235760614276,1.35087788105,-0.306494653225,-0.423696309328,0.59302675724,-0.612259566784
0.575715720654,-0.234133541584,1.35136425495,-0.307889580727,-0.422584712505,0.595414876938,-0.610005915165
0.575070559978,-0.232614099979,1.35153841972,-0.309258908033,-0.421433150768,0.59881901741,-0.606769144535
0.574080884457,-0.23086425662,1.35194420815,-0.308287799358,-0.421116322279,0.600741744041,-0.605581641197
0.573226928711,-0.228785917163,1.3521014452,-0.30845874548,-0.419913262129,0.603875637054,-0.60320854187
0.572547733784,-0.227050349116,1.35241043568,-0.30896666646,-0.418893486261,0.606633067131,-0.600886166096
0.571978330612,-0.225349366665,1.35250878334,-0.311005741358,-0.417292684317,0.610295832157,-0.597227931023
0.571057617664,-0.223557472229,1.35290229321,-0.310370624065,-0.416913956404,0.612012505531,-0.596065044403
0.570417463779,-0.221705302596,1.35310268402,-0.310705125332,-0.415579378605,0.615026831627,-0.593715488911
0.569874942303,-0.220062687993,1.35347998142,-0.311559826136,-0.414645135403,0.617952883244,-0.590875804424
0.569206357002,-0.218328505754,1.35394191742,-0.312218666077,-0.413887828588,0.620070695877,-0.588836967945
0.56846344471,-0.216248169541,1.35398983955,-0.311960726976,-0.412092149258,0.622759282589,-0.587393820286
0.56792140007,-0.214703857899,1.35444951057,-0.312716007233,-0.41187697649,0.625441133976,-0.584285318851
0.567305982113,-0.212802022696,1.35474705696,-0.312557131052,-0.410558015108,0.627619504929,-0.582961559296
0.566868662834,-0.211021631956,1.35497403145,-0.312814831734,-0.408631563187,0.629257559776,-0.582410514355
0.566342592239,-0.209438621998,1.35553812981,-0.313033878803,-0.408670008183,0.631864249706,-0.579436063766
0.565906941891,-0.207778677344,1.35588562489,-0.313716441393,-0.407576441765,0.633039236069,-0.578554153442
0.565515637398,-0.205980867147,1.35619461536,-0.3136536479,-0.406151622534,0.635223507881,-0.577194273472
0.565240740776,-0.204285234213,1.35651636124,-0.314088046551,-0.404672145844,0.637458741665,-0.575530588627
0.564877450466,-0.202686578035,1.35686433315,-0.313644140959,-0.403881728649,0.638271987438,-0.575426697731
0.564689457417,-0.201147794724,1.35740959644,-0.31422123313,-0.402704626322,0.639443397522,-0.574635803699
0.564516544342,-0.199373215437,1.35764980316,-0.313112258911,-0.400972247124,0.640857875347,-0.574876666069
0.564440608025,-0.197837710381,1.35798084736,-0.313006997108,-0.400388151407,0.641894102097,-0.574184477329
0.564412951469,-0.196221664548,1.35855782032,-0.312586992979,-0.399744659662,0.642755270004,-0.573898434639
0.564583003521,-0.194810345769,1.35883319378,-0.312008410692,-0.398930668831,0.643523037434,-0.573919296265
0.564816534519,-0.19332420826,1.35918617249,-0.311331778765,-0.398514688015,0.643735587597,-0.574337184429
0.565021038055,-0.191888362169,1.35949385166,-0.3107419312,-0.397615134716,0.643720686436,-0.57529592514
0.565352916718,-0.19060587883,1.35978138447,-0.31004050374,-0.397543787956,0.643620431423,-0.575835704803
0.565863013268,-0.189343377948,1.3600474596,-0.309173971415,-0.397367864847,0.643892765045,-0.576118409634
0.566382944584,-0.188064530492,1.36020350456,-0.308718413115,-0.397078454494,0.643420815468,-0.577088713646
0.566999256611,-0.187000095844,1.36045455933,-0.307172179222,-0.397353172302,0.64302444458,-0.578165590763
0.56769233942,-0.185844004154,1.36070358753,-0.306209862232,-0.397431522608,0.642922699451,-0.57873493433
0.568534731865,-0.184849917889,1.3608070612,-0.304700493813,-0.397646605968,0.642879605293,-0.57943123579
0.569275081158,-0.183812648058,1.36088848114,-0.30358722806,-0.397872120142,0.642683029175,-0.580078661442
0.570165216923,-0.18298882246,1.36118590832,-0.302309989929,-0.398639887571,0.642025232315,-0.580946326256
0.571064412594,-0.182184129953,1.36135017872,-0.301521003246,-0.399425595999,0.641196906567,-0.5817309618
0.57178068161,-0.181074351072,1.36140012741,-0.299697399139,-0.399037599564,0.641142606735,-0.582998037338
0.572854578495,-0.180155903101,1.36145997047,-0.298384875059,-0.399173021317,0.640396058559,-0.584397494793
0.573664724827,-0.179424896836,1.36158442497,-0.297529608011,-0.399684339762,0.640289783478,-0.584600448608
0.574569880962,-0.178627744317,1.36164236069,-0.295682191849,-0.400075346231,0.639933049679,-0.585659921169
0.575527012348,-0.177910298109,1.36185920238,-0.294182270765,-0.400653362274,0.639460027218,-0.586536228657
0.576391577721,-0.177239775658,1.36194503307,-0.293170064688,-0.400971293449,0.638805925846,-0.587537527084
0.577459871769,-0.176613777876,1.36208236217,-0.291643947363,-0.401693940163,0.638741731644,-0.587873160839
0.578365683556,-0.17596386373,1.36231398582,-0.289660096169,-0.401491731405,0.638567686081,-0.589179754257
0.579280912876,-0.175422891974,1.36253356934,-0.288250654936,-0.402217268944,0.637914717197,-0.59008282423
0.580224633217,-0.174991190434,1.36275207996,-0.286864519119,-0.403167933226,0.637646734715,-0.590399026871
0.581181645393,-0.174355372787,1.36270678043,-0.285571455956,-0.402783125639,0.638021349907,-0.590883672237
0.582136809826,-0.174088329077,1.36298394203,-0.283614724874,-0.403640300035,0.637462854385,-0.591843247414
0.583151638508,-0.173787906766,1.36332929134,-0.281608760357,-0.404928654432,0.636971652508,-0.59244966507
0.583999156952,-0.173385962844,1.36359035969,-0.279861837626,-0.404982417822,0.636579334736,-0.59366106987
0.585213363171,-0.172588735819,1.363270998,-0.279688209295,-0.405008584261,0.637671113014,-0.592552244663
0.586135625839,-0.172255679965,1.3634057045,-0.278231501579,-0.405644893646,0.638036727905,-0.592409074306
0.587160825729,-0.171998858452,1.36355793476,-0.27627158165,-0.40598243475,0.638313949108,-0.592796504498
0.588223874569,-0.171627745032,1.36357724667,-0.274847060442,-0.406416267157,0.638975381851,-0.592448711395
0.589556276798,-0.171748280525,1.36376738548,-0.274458408356,-0.406527608633,0.640246331692,-0.591178953648
0.590517342091,-0.171838596463,1.36420214176,-0.271943837404,-0.408058851957,0.639763653278,-0.591808259487
0.591505408287,-0.171762987971,1.36437261105,-0.270121067762,-0.408767998219,0.640122413635,-0.591765582561
0.592608988285,-0.171583682299,1.36437261105,-0.26858496666,-0.409256219864,0.641691327095,-0.590426981449
0.593733906746,-0.171510919929,1.36451435089,-0.266057372093,-0.41003960371,0.642066478729,-0.590619683266
0.594663023949,-0.171421214938,1.36451721191,-0.264634877443,-0.410222947598,0.642875611782,-0.590251266956
0.595915257931,-0.17123991251,1.36438477039,-0.263306170702,-0.409995675087,0.643880546093,-0.589907884598
0.597020804882,-0.171468511224,1.36452710629,-0.26123932004,-0.410697609186,0.644202172756,-0.589987516403
0.598027288914,-0.171441942453,1.36444485188,-0.259596437216,-0.409729748964,0.6459877491,-0.589433014393
0.599005281925,-0.171704918146,1.3646812439,-0.257455646992,-0.411406576633,0.645270287991,-0.589989364147
0.599920511246,-0.17168995738,1.36452662945,-0.256229788065,-0.411200881004,0.646164894104,-0.589687466621
0.600988328457,-0.171890348196,1.36453926563,-0.254581898451,-0.411722958088,0.646483540535,-0.589687585831
0.60188215971,-0.17217053473,1.36440646648,-0.253469794989,-0.411940783262,0.646891057491,-0.589567601681
0.603036046028,-0.172662615776,1.36419653893,-0.251964479685,-0.412607818842,0.646811008453,-0.589834034443
0.603754937649,-0.17301607132,1.36404430866,-0.250882595778,-0.412886381149,0.646465778351,-0.590478539467
0.604698956013,-0.173479706049,1.36391115189,-0.249795123935,-0.413486123085,0.646138191223,-0.590878307819
0.605578422546,-0.174089059234,1.3637509346,-0.249052703381,-0.414177954197,0.645374655724,-0.591541230679
0.606363773346,-0.174583882093,1.36359262466,-0.247924461961,-0.414237141609,0.645066440105,-0.59230941534
0.607117056847,-0.175197660923,1.36345231533,-0.247383356094,-0.41507512331,0.643400251865,-0.593759417534
0.607836604118,-0.175884082913,1.36314070225,-0.246674880385,-0.415067911148,0.642731189728,-0.594783008099
0.608178794384,-0.176588013768,1.36275851727,-0.246509298682,-0.415315538645,0.642205774784,-0.595246255398
0.609256207943,-0.177222907543,1.36283457279,-0.245324105024,-0.416544258595,0.639386296272,-0.597906589508
0.609806954861,-0.17791262269,1.36260545254,-0.245322287083,-0.417455226183,0.637221932411,-0.599580228329
0.610330581665,-0.17872197926,1.36237514019,-0.245300397277,-0.418031722307,0.635223507881,-0.601305544376
0.61087167263,-0.179470464587,1.36214363575,-0.244592264295,-0.417965471745,0.633149445057,-0.603822231293
0.611401557922,-0.180288225412,1.36186802387,-0.244714275002,-0.419178515673,0.630477547646,-0.605724692345
0.611759901047,-0.180933386087,1.36145043373,-0.243824288249,-0.419280707836,0.628671705723,-0.607886016369
0.612249314785,-0.181914821267,1.36129558086,-0.244242697954,-0.42003634572,0.625305354595,-0.610662162304
0.612772643566,-0.182514250278,1.36089158058,-0.245118737221,-0.419916331768,0.62352925539,-0.612207829952
0.61316627264,-0.183669984341,1.36064088345,-0.245205461979,-0.420871853828,0.620389103889,-0.614702045918
0.613560259342,-0.184561312199,1.36039793491,-0.245115712285,-0.421443670988,0.617720723152,-0.617029130459
0.6140204072,-0.185601323843,1.36016976833,-0.24492315948,-0.422189712524,0.614808559418,-0.619499087334
0.614269852638,-0.186704680324,1.36006331444,-0.244954124093,-0.423905551434,0.611541211605,-0.621545612812
0.614748895168,-0.187626644969,1.35974287987,-0.245652034879,-0.424496412277,0.608519673347,-0.623828172684
0.615041017532,-0.188734069467,1.35965013504,-0.245490700006,-0.425963044167,0.605175971985,-0.626140534878
0.615414142609,-0.189630717039,1.35926759243,-0.245778739452,-0.426300227642,0.602549552917,-0.628327310085
0.615808486938,-0.1909314394,1.35918521881,-0.245976492763,-0.428360462189,0.599793493748,-0.629484534264
0.615953028202,-0.191702514887,1.35861825943,-0.24748827517,-0.428641676903,0.596243798733,-0.63206744194
0.61632335186,-0.193182915449,1.3586653471,-0.247591674328,-0.430623322725,0.592310130596,-0.634374141693
0.616673827171,-0.194230571389,1.35825765133,-0.248105973005,-0.431786894798,0.588921606541,-0.636533558369
0.616786181927,-0.195599555969,1.35813355446,-0.248178005219,-0.43366625905,0.585319936275,-0.638546645641
0.617039680481,-0.196820631623,1.35799467564,-0.24811643362,-0.433911263943,0.582536995411,-0.64094465971
0.617229223251,-0.198058098555,1.35773587227,-0.24882876873,-0.434942513704,0.57937669754,-0.642831146717
0.617404162884,-0.199233204126,1.35752463341,-0.249392837286,-0.436598718166,0.576516926289,-0.644059836864
0.617723047733,-0.200579434633,1.35721611977,-0.250660300255,-0.438156664371,0.573724448681,-0.64500272274
0.617971897125,-0.201881855726,1.35699367523,-0.251102894545,-0.439090847969,0.571714639664,-0.645979166031
0.617995262146,-0.203081041574,1.35657525063,-0.252003639936,-0.439824670553,0.569707214832,-0.646902024746
0.618280470371,-0.204711645842,1.35639739037,-0.252895414829,-0.441568344831,0.566695213318,-0.648010909557
0.618460357189,-0.206122234464,1.35599017143,-0.25326025486,-0.44247931242,0.565148115158,-0.64859777689
0.618418097496,-0.207309693098,1.35576963425,-0.253746658564,-0.443530857563,0.563203811646,-0.649380266666
0.6185374856,-0.208981633186,1.35534691811,-0.254813164473,-0.445452749729,0.561213195324,-0.649370312691
0.618596613407,-0.210602685809,1.35516607761,-0.255329281092,-0.446794360876,0.558908700943,-0.65023291111
0.618676960468,-0.212294086814,1.3548438549,-0.256039857864,-0.447911977768,0.55695605278,-0.650859832764
0.618583023548,-0.21383190155,1.3543690443,-0.256428450346,-0.448213487864,0.554359555244,-0.652713418007
0.618766844273,-0.215553253889,1.3538838625,-0.257446378469,-0.448972582817,0.552736461163,-0.653167188168
0.618653833866,-0.217201888561,1.35350453854,-0.25830206275,-0.449485391378,0.550511062145,-0.654354989529
0.618591070175,-0.21852324903,1.35283970833,-0.259716510773,-0.44895029068,0.549101829529,-0.655345976353
0.619038105011,-0.220027297735,1.35245764256,-0.259226292372,-0.449536114931,0.547234535217,-0.656699001789
0.618600010872,-0.222518995404,1.35211515427,-0.26077067852,-0.45093023777,0.543339192867,-0.658363878727
0.618578791618,-0.224414259195,1.3516253233,-0.261588156223,-0.450960129499,0.540598928928,-0.660272121429
0.618621945381,-0.226103365421,1.35103607178,-0.26281940937,-0.450435101986,0.53876966238,-0.661635398865
0.618754506111,-0.227896735072,1.3504909277,-0.263878166676,-0.45015874505,0.536129593849,-0.6635440588
0.619393646717,-0.229814276099,1.35024213791,-0.26248601079,-0.45101338625,0.532768726349,-0.666217446327
0.618604004383,-0.231994897127,1.35014522076,-0.262146443129,-0.451060920954,0.527587354183,-0.670428931713
0.618885576725,-0.234327450395,1.34989798069,-0.261981546879,-0.451390266418,0.523690164089,-0.673321008682
0.618915677071,-0.236199826002,1.34971165657,-0.261621832848,-0.451122760773,0.520028829575,-0.676470518112
0.619220137596,-0.238131225109,1.34929347038,-0.262041091919,-0.450416564941,0.51717966795,-0.678958415985
0.619556725025,-0.239868342876,1.34882843494,-0.262198239565,-0.449138224125,0.514921009541,-0.681456744671
0.620059490204,-0.241961300373,1.34839010239,-0.262545675039,-0.448350816965,0.511578381062,-0.684352993965
0.620350956917,-0.244063317776,1.3481348753,-0.261879324913,-0.44858148694,0.508002519608,-0.687115311623
0.620708346367,-0.24607051909,1.34770333767,-0.261999905109,-0.447778314352,0.50489461422,-0.68987840414
0.620911300182,-0.247927010059,1.34736216068,-0.261383026838,-0.446900397539,0.50147742033,-0.693166315556
0.621939182281,-0.249557822943,1.34625923634,-0.265370696783,-0.444610357285,0.50196570158,-0.692770123482
0.622408628464,-0.251326113939,1.34550476074,-0.264828175306,-0.442570507526,0.499463379383,-0.696084678173
0.62345033884,-0.253524571657,1.34553813934,-0.26286354661,-0.444792658091,0.494727700949,-0.698789477348
0.623467624187,-0.255747973919,1.3449947834,-0.263779312372,-0.443501889706,0.491783261299,-0.701338589191
0.62398403883,-0.2574249506,1.34430396557,-0.263869136572,-0.442522138357,0.489358276129,-0.703616201878
0.62472319603,-0.259534299374,1.3439552784,-0.263649046421,-0.442640900612,0.486215591431,-0.705799281597
0.625215709209,-0.261578768492,1.34372293949,-0.263073116541,-0.442856907845,0.482761114836,-0.708245754242
0.625872612,-0.263647258282,1.34314918518,-0.262166887522,-0.440852165222,0.479277342558,-0.712187469006
0.626488745213,-0.265619933605,1.34275972843,-0.262437105179,-0.44292601943,0.477279633284,-0.712142944336
0.626988112926,-0.267442047596,1.34216785431,-0.26208755374,-0.440891057253,0.474482029676,-0.715396463871
0.627637565136,-0.269549250603,1.34155988693,-0.261161208153,-0.44149595499,0.471907824278,-0.71706289053
0.628184616566,-0.271417766809,1.34124863148,-0.261128008366,-0.44226115942,0.470056265593,-0.717819213867
0.628846287727,-0.273338854313,1.34051799774,-0.260804057121,-0.442743420601,0.468377381563,-0.718736588955
0.629440665245,-0.275182545185,1.3400965929,-0.260588854551,-0.442873954773,0.466511785984,-0.719946503639
0.630188345909,-0.277274250984,1.33965909481,-0.2604367733,-0.443948745728,0.465250372887,-0.720155835152
0.630558550358,-0.279010564089,1.33914208412,-0.260207206011,-0.444461584091,0.463967233896,-0.720750033855
0.631274104118,-0.281033158302,1.33842158318,-0.260658830404,-0.445053309202,0.463401585817,-0.720585584641
0.631848156452,-0.282949864864,1.33746623993,-0.26009657979,-0.446514189243,0.46212375164,-0.72070556879
0.632459998131,-0.285150468349,1.33745992184,-0.259333193302,-0.448848336935,0.460991412401,-0.72025591135
0.632935941219,-0.286947309971,1.33659112453,-0.258864790201,-0.449272185564,0.460577458143,-0.720424830914
0.633281707764,-0.288480520248,1.33593392372,-0.25931802392,-0.450461894274,0.461045831442,-0.719218373299
0.633844435215,-0.290014505386,1.33532691002,-0.258187413216,-0.452003091574,0.460773527622,-0.718832731247
0.634468317032,-0.29198807478,1.33461844921,-0.25773113966,-0.453909665346,0.46054661274,-0.717939794064
0.634498298168,-0.293805241585,1.33415913582,-0.258338481188,-0.454990118742,0.460932642221,-0.716788947582
0.635186195374,-0.295472502708,1.33316731453,-0.257422953844,-0.457026541233,0.461325198412,-0.715569317341
0.635498046875,-0.297034740448,1.33254313469,-0.257729440928,-0.458364784718,0.462509721518,-0.713836193085
0.635858774185,-0.299024254084,1.33193850517,-0.257092475891,-0.460662662983,0.462439239025,-0.712631285191
0.6362606287,-0.300818741322,1.33121204376,-0.256992787123,-0.462502360344,0.463164329529,-0.711003065109
0.63648545742,-0.30257588625,1.32995915413,-0.257546335459,-0.463965326548,0.464231044054,-0.709151387215
0.636586129665,-0.304283201694,1.32936012745,-0.257610917091,-0.465671598911,0.464924842119,-0.70755314827
0.636963367462,-0.306046843529,1.32859003544,-0.257569134235,-0.46759223938,0.465735435486,-0.705766320229
0.637206792831,-0.307975113392,1.32752108574,-0.257586866617,-0.471427679062,0.466645658016,-0.702600002289
0.637105703354,-0.309445381165,1.32701182365,-0.258005082607,-0.472821235657,0.467465043068,-0.700963675976
0.637497246265,-0.31118580699,1.32619702816,-0.258079111576,-0.474732160568,0.468456923962,-0.69897967577
0.637477397919,-0.312784194946,1.32551157475,-0.257913917303,-0.476445704699,0.46895518899,-0.69753921032
0.637747228146,-0.314457833767,1.32458567619,-0.258190542459,-0.478252470493,0.469738125801,-0.695671200752
0.637863993645,-0.316078901291,1.32398188114,-0.257881999016,-0.479157149792,0.470450311899,-0.694681107998
0.638100147247,-0.317655533552,1.32344043255,-0.258068799973,-0.481974929571,0.471080988646,-0.692230820656
0.638376176357,-0.319418430328,1.32280039787,-0.258177369833,-0.483956903219,0.471292316914,-0.690661847591
0.638256490231,-0.320785164833,1.32217073441,-0.258224010468,-0.484270960093,0.471947640181,-0.689976453781
0.638652324677,-0.322421967983,1.32161545753,-0.258232831955,-0.48717430234,0.472279518843,-0.687698483467
0.638800859451,-0.323463976383,1.32110309601,-0.258724421263,-0.487311810255,0.474134743214,-0.686137914658
0.638833701611,-0.32520210743,1.32082974911,-0.257471710443,-0.48966345191,0.472535729408,-0.686037838459
0.638990283012,-0.326630443335,1.32029235363,-0.257381558418,-0.491150379181,0.473209887743,-0.684542536736
0.639150321484,-0.328114211559,1.31968820095,-0.257460325956,-0.492609113455,0.473234385252,-0.68344694376
0.639471232891,-0.329524159431,1.31919789314,-0.257331907749,-0.494408071041,0.473518759012,-0.681997776031
0.639544069767,-0.330914407969,1.31871318817,-0.257317602634,-0.495584398508,0.473701715469,-0.681021690369
0.639739513397,-0.332302331924,1.31838881969,-0.257654249668,-0.497038632631,0.473247289658,-0.68014985323
0.639616668224,-0.333641141653,1.31797778606,-0.257902264595,-0.498218894005,0.474056243896,-0.678627312183
0.639484286308,-0.334860742092,1.31718504429,-0.258628696203,-0.498807638884,0.47471344471,-0.677457928658
0.639220058918,-0.336149305105,1.31679105759,-0.258896619081,-0.499695837498,0.474793255329,-0.676644563675
0.638874948025,-0.33735486865,1.31637060642,-0.259540677071,-0.500143587589,0.475022912025,-0.675905585289
0.638423085213,-0.338511109352,1.31619501114,-0.260108649731,-0.500641345978,0.475904107094,-0.674697756767
0.638082504272,-0.339667767286,1.31544005871,-0.261205524206,-0.500921666622,0.476618200541,-0.673560917377
0.637419164181,-0.340749174356,1.31513834,-0.261965185404,-0.50084489584,0.477303743362,-0.672837197781
0.636994361877,-0.341820925474,1.31475245953,-0.262738913298,-0.501113116741,0.478334963322,-0.67160230875
0.636190056801,-0.342841506004,1.31460893154,-0.263585239649,-0.501216411591,0.479826837778,-0.670127749443
0.635681450367,-0.343769818544,1.31442534924,-0.263997972012,-0.501538932323,0.480953156948,-0.668915569782
0.634824573994,-0.34477943182,1.31431734562,-0.264369755983,-0.501477658749,0.481720983982,-0.668261766434
0.634377121925,-0.345614284277,1.3142580986,-0.266047865152,-0.502544939518,0.484624177217,-0.664685368538
0.633654773235,-0.346397995949,1.31395113468,-0.266862988472,-0.502400100231,0.485768198967,-0.663632214069
0.63290822506,-0.347121238708,1.31377470493,-0.267691552639,-0.502183616161,0.487630605698,-0.662094652653
0.632330298424,-0.347896039486,1.31418013573,-0.268228203058,-0.502168774605,0.488958328962,-0.660908401012
0.631537854671,-0.348492503166,1.31405591965,-0.268667191267,-0.502496242523,0.490723997355,-0.659170389175
0.630826354027,-0.349097251892,1.31418979168,-0.269182503223,-0.502596497536,0.492540210485,-0.657526910305
0.63009417057,-0.349646657705,1.31434965134,-0.269695371389,-0.50258398056,0.494341760874,-0.655972599983
0.6294246912,-0.350004136562,1.31431460381,-0.269867956638,-0.502598106861,0.496015608311,-0.65462577343
0.62862432003,-0.350420176983,1.31451845169,-0.270374655724,-0.502168238163,0.497785717249,-0.653401792049
0.627816140652,-0.35079318285,1.31470024586,-0.271131545305,-0.501935362816,0.499185502529,-0.652198076248
0.627034604549,-0.351157546043,1.31503415108,-0.271662831306,-0.501680374146,0.50106137991,-0.650733113289
0.626270055771,-0.351421296597,1.31524825096,-0.272064447403,-0.501348555088,0.502653360367,-0.649592399597
0.625232338905,-0.351638972759,1.3154630661,-0.273040920496,-0.500560581684,0.504390776157,-0.648442566395
0.624436914921,-0.351797550917,1.31569600105,-0.273677259684,-0.500014603138,0.505696296692,-0.647578299046
0.623351037502,-0.351897060871,1.31597352028,-0.2743691504,-0.498998910189,0.507354319096,-0.646771490574
0.622371971607,-0.351977109909,1.31623208523,-0.274856597185,-0.498374938965,0.508500874043,-0.646144926548
0.621156573296,-0.351900935173,1.31652128696,-0.275818586349,-0.496939271688,0.509743094444,-0.645861804485
0.620101094246,-0.351811081171,1.31683516502,-0.276384472847,-0.495891988277,0.5113260746,-0.645173072815
0.618986129761,-0.351721644402,1.31695079803,-0.277238339186,-0.494615614414,0.512273550034,-0.645034968853
0.617897629738,-0.351572930813,1.31735861301,-0.278025001287,-0.493537604809,0.513571381569,-0.644489943981
0.6167126894,-0.351357460022,1.31766736507,-0.278966993093,-0.492156088352,0.514680504799,-0.64425444603
0.615522444248,-0.351078987122,1.3179666996,-0.27969366312,-0.49080234766,0.515414834023,-0.644385099411
0.614451110363,-0.350755751133,1.31824100018,-0.280580073595,-0.48942682147,0.516262948513,-0.644366979599
0.613256812096,-0.350341916084,1.31856799126,-0.281567692757,-0.487977355719,0.51732301712,-0.644185304642
0.612280607224,-0.349911689758,1.31884455681,-0.282104760408,-0.48651650548,0.518056035042,-0.644466042519
0.611116170883,-0.349398106337,1.31920814514,-0.282846003771,-0.484705239534,0.518401026726,-0.645228087902
0.610003232956,-0.349054098129,1.31979990005,-0.28204831481,-0.484182029963,0.517568051815,-0.646637320518
0.609186530113,-0.348288178444,1.31986260414,-0.284363180399,-0.482157498598,0.520209610462,-0.645014464855
0.608070611954,-0.347770154476,1.32030212879,-0.283229529858,-0.481571465731,0.519247829914,-0.646723926067
0.607262551785,-0.347184091806,1.32067298889,-0.284146010876,-0.480236828327,0.520247161388,-0.646510958672
0.606142401695,-0.346410989761,1.32141137123,-0.284476399422,-0.478945910931,0.520943760872,-0.646762430668
0.605329036713,-0.345662206411,1.32169413567,-0.285146325827,-0.477795153856,0.521037936211,-0.647242426872
0.604340732098,-0.344664216042,1.32218837738,-0.285863608122,-0.475985616446,0.52157253027,-0.647828578949
0.603594899178,-0.343893885612,1.32276916504,-0.286117345095,-0.475093334913,0.521813154221,-0.648177683353
0.602643549442,-0.342519551516,1.3226493597,-0.287516534328,-0.471977740526,0.523464620113,-0.648503005505
0.601791977882,-0.341462671757,1.32307887077,-0.288064628839,-0.470640331507,0.524681031704,-0.648248553276
0.600747764111,-0.340456962585,1.32404184341,-0.287480860949,-0.469940185547,0.523752212524,-0.649765074253
0.599767923355,-0.339368164539,1.32436048985,-0.288247704506,-0.468337029219,0.524127483368,-0.650280058384
0.598906636238,-0.337940901518,1.32485628128,-0.288745880127,-0.465524971485,0.52549290657,-0.650975823402
0.597940146923,-0.336737990379,1.32544207573,-0.289661765099,-0.46411138773,0.525714933872,-0.651398837566
0.59705477953,-0.335284292698,1.32583260536,-0.290033429861,-0.462411165237,0.527454555035,-0.651036202908
0.596152245998,-0.333986520767,1.32651364803,-0.290995270014,-0.460694223642,0.527640581131,-0.651673257351
