x,y,z,q0,q1,q2,q3
-0.610515356064,-0.135212466121,1.325735569,0.071232907474,-0.0341770835221,0.841322541237,0.534728229046
-0.610285997391,-0.135277658701,1.32574737072,0.0697112977505,-0.0341034345329,0.841222941875,0.53508991003
-0.60985660553,-0.135405570269,1.32568192482,0.0701958239079,-0.032855514437,0.84174323082,0.534285843372
-0.609813213348,-0.13527956605,1.32564604282,0.0699685364962,-0.0330065265298,0.841754257679,0.534289121628
-0.609524607658,-0.135477975011,1.3256393671,0.0695317015052,-0.0328424200416,0.841959178448,0.534033298492
-0.609147429466,-0.135652646422,1.32561922073,0.0691643729806,-0.0326253548265,0.84228426218,0.53358143568
-0.608757555485,-0.135803967714,1.3256649971,0.0697090700269,-0.0322664007545,0.842727303505,0.532832205296
-0.60874658823,-0.135729029775,1.32551109791,0.0695649385452,-0.0327507331967,0.842553257942,0.533096730709
-0.608436882496,-0.135821983218,1.32546138763,0.0689034238458,-0.0328445844352,0.84298813343,0.53248912096
-0.608126878738,-0.136109977961,1.32566082478,0.0671638771892,-0.0335929989815,0.842966079712,0.532699525356
-0.607929587364,-0.136135980487,1.3255392313,0.0675890147686,-0.0334512703121,0.84298145771,0.532630205154
-0.607821881771,-0.13619863987,1.32533442974,0.0680323019624,-0.0333655253053,0.842770755291,0.532912671566
-0.608542859554,-0.136135846376,1.32503819466,0.0687262564898,-0.0341107584536,0.84119361639,0.535263001919
-0.60732036829,-0.136421114206,1.32507073879,0.0681611597538,-0.0330342054367,0.842700958252,0.533027112484
-0.608076155186,-0.136298403144,1.32487297058,0.0680208802223,-0.0342102795839,0.841238379478,0.535276412964
-0.607840955257,-0.13635571301,1.32480370998,0.0677892640233,-0.0342932865024,0.841046214104,0.535602450371
-0.60638487339,-0.136583328247,1.32513546944,0.0663866251707,-0.0338620208204,0.842397153378,0.533679187298
-0.606121122837,-0.136645823717,1.32507419586,0.0662974491715,-0.0339552052319,0.84224063158,0.533931255341
-0.606936812401,-0.136609196663,1.32470321655,0.0672915428877,-0.034885738045,0.840497732162,0.536486983299
-0.605860173702,-0.136772543192,1.32473707199,0.0672613531351,-0.0341243557632,0.841331958771,0.535230815411
-0.605355739594,-0.136938169599,1.32490444183,0.0659413859248,-0.035064894706,0.841136276722,0.535641849041
-0.605264663696,-0.136912286282,1.32457590103,0.0662918761373,-0.0341693274677,0.84002572298,0.537396132946
-0.604572892189,-0.137136563659,1.3247358799,0.0652148127556,-0.0340750105679,0.840110898018,0.537400841713
-0.604322373867,-0.137094721198,1.32455790043,0.0651922225952,-0.0348347127438,0.839489758015,0.538324713707
-0.60422039032,-0.137121081352,1.32452237606,0.065139837563,-0.0352374427021,0.838898479939,0.539225876331
-0.603838145733,-0.137104541063,1.32447576523,0.0653053000569,-0.0350655280054,0.838825583458,0.539330422878
-0.603879570961,-0.137320399284,1.32438147068,0.0648999810219,-0.036132119596,0.837664544582,0.541110634804
-0.603621244431,-0.137463316321,1.32441604137,0.0644081756473,-0.0361381173134,0.837092041969,0.542053997517
-0.603004217148,-0.137587636709,1.3245049715,0.0642886906862,-0.0353204533458,0.837320387363,0.541769385338
-0.602878510952,-0.137826994061,1.32454001904,0.0637767389417,-0.0371409840882,0.837088644505,0.542066276073
-0.602718472481,-0.137937918305,1.32453072071,0.0642555728555,-0.0362865515053,0.836413145065,0.543109238148
-0.602777540684,-0.138010904193,1.32440340519,0.0641199052334,-0.0370545312762,0.835521459579,0.544444203377
-0.602186858654,-0.138102307916,1.32431483269,0.06396253407,-0.0373508036137,0.835341632366,0.544718325138
-0.601660251617,-0.138313859701,1.32446932793,0.0633317455649,-0.0375789813697,0.834834873676,0.545552611351
-0.601641356945,-0.138425558805,1.32436728477,0.0631232485175,-0.0383976511657,0.833853781223,0.547018349171
-0.601246237755,-0.138460949063,1.3243496418,0.0631948187947,-0.0377895012498,0.832790374756,0.548669934273
-0.600985348225,-0.138835012913,1.32433009148,0.0632187277079,-0.0381742455065,0.832202494144,0.549531877041
-0.600635766983,-0.138978883624,1.3243098259,0.0635546296835,-0.0384670086205,0.831236362457,0.550933122635
-0.600190460682,-0.138842388988,1.32402944565,0.0635522827506,-0.0378541946411,0.829941928387,0.55292391777
-0.599527299404,-0.138948559761,1.32403624058,0.0638293102384,-0.0370495803654,0.829584002495,0.553483247757
-0.599321007729,-0.139257892966,1.32388389111,0.063981294632,-0.0376246757805,0.827930152416,0.555898070335
-0.598866581917,-0.139485269785,1.3238619566,0.0644169971347,-0.0371505096555,0.82714599371,0.557045698166
-0.598410129547,-0.139564797282,1.32373344898,0.0650131925941,-0.0372423119843,0.826078236103,0.558552801609
-0.597699820995,-0.139678701758,1.3236464262,0.0664236694574,-0.0361151248217,0.825605332851,0.559159696102
-0.597196221352,-0.140041232109,1.32365500927,0.0652239993215,-0.0379519872367,0.824067831039,0.561442613602
-0.596880435944,-0.140332996845,1.32358300686,0.0665458589792,-0.0366919636726,0.822617888451,0.563493669033
-0.596341133118,-0.140537217259,1.32351613045,0.0667848587036,-0.0366022586823,0.82142406702,0.565210282803
-0.595861852169,-0.140813037753,1.32353544235,0.068179525435,-0.0368805713952,0.82097452879,0.565678656101
-0.595162510872,-0.141029417515,1.32349300385,0.0684091448784,-0.0370960906148,0.819689869881,0.56749689579
-0.594665229321,-0.141185879707,1.32344150543,0.0692484602332,-0.0368085242808,0.818379580975,0.569302022457
-0.594065248966,-0.141356706619,1.32342267036,0.0694551020861,-0.0372325703502,0.816857874393,0.571430742741
-0.593450069427,-0.141546398401,1.32338571548,0.0698249191046,-0.0371568277478,0.815392613411,0.573479652405
-0.592925012112,-0.141745552421,1.32333469391,0.0701926425099,-0.0367768667638,0.813868999481,0.575619518757
-0.592307448387,-0.141718551517,1.32327234745,0.0699756443501,-0.0358279980719,0.812059164047,0.578255593777
-0.591914176941,-0.141946092248,1.32319796085,0.0708632469177,-0.0353652350605,0.810198903084,0.580780148506
-0.591442227364,-0.142203599215,1.3231716156,0.0715374276042,-0.0355371423066,0.808306634426,0.583317995071
-0.590887069702,-0.142267107964,1.32327878475,0.0711607635021,-0.0360362753272,0.806749582291,0.585485041142
-0.590498209,-0.142363458872,1.32309603691,0.0722925141454,-0.0358246676624,0.805052578449,0.587691009045
-0.5901440382,-0.142544150352,1.32310414314,0.073034286499,-0.0360046178102,0.803369283676,0.589887738228
-0.589905738831,-0.142854183912,1.32321298122,0.0728240907192,-0.036696985364,0.801477968693,0.592438459396
-0.589479207993,-0.142909869552,1.32314884663,0.0732813030481,-0.0369605794549,0.799968063831,0.594403028488
-0.589131951332,-0.142955124378,1.32310855389,0.0730740204453,-0.0363701470196,0.797431468964,0.597863197327
-0.58878326416,-0.142894238234,1.32284617424,0.074666954577,-0.0368199273944,0.796028673649,0.599506139755
-0.588691174984,-0.143190264702,1.32297754288,0.0742382705212,-0.036619476974,0.793780684471,0.602544605732
-0.588368415833,-0.143467128277,1.32325541973,0.0731903612614,-0.0362881906331,0.791810274124,0.60527920723
-0.588024616241,-0.143398284912,1.3231446743,0.0732264965773,-0.037097979337,0.789883136749,0.607738792896
-0.587882697582,-0.143408209085,1.32308983803,0.073556445539,-0.0372271537781,0.787705421448,0.610511183739
-0.587593853474,-0.143405109644,1.32301342487,0.0724551081657,-0.0374058894813,0.78512942791,0.613940477371
-0.587443590164,-0.14342135191,1.32295799255,0.0724543780088,-0.0376560986042,0.782996177673,0.616643726826
-0.587391138077,-0.143823683262,1.32319808006,0.0716350674629,-0.0389195531607,0.781284451485,0.618828177452
-0.587281048298,-0.143500804901,1.32294201851,0.0721159353852,-0.0387371145189,0.778692960739,0.622041702271
-0.58699542284,-0.143680334091,1.32295656204,0.0712902769446,-0.0396734476089,0.776560008526,0.624738633633
-0.587030887604,-0.143743306398,1.32281219959,0.071983166039,-0.0401164516807,0.774493157864,0.627191722393
-0.586937367916,-0.143724247813,1.32270383835,0.0719391778111,-0.0402066074312,0.771632254124,0.630707502365
-0.586736917496,-0.143808484077,1.32261860371,0.0718000009656,-0.0406286120415,0.769438385963,0.633370935917
-0.586387753487,-0.144038751721,1.32253360748,0.0713601335883,-0.0400229729712,0.767231285572,0.636130392551
-0.586692333221,-0.143938288093,1.3225685358,0.0712288916111,-0.0415801331401,0.764277815819,0.63959133625
-0.586336314678,-0.143960669637,1.32251656055,0.0701422020793,-0.0420772694051,0.761997103691,0.642393946648
-0.58631592989,-0.144272699952,1.32256448269,0.0702997744083,-0.0429361239076,0.759764969349,0.644958734512
-0.586335003376,-0.143901526928,1.32243490219,0.0708294808865,-0.0428349003196,0.756633639336,0.648578286171
-0.586008191109,-0.144046530128,1.32234323025,0.0707593560219,-0.043275963515,0.754507422447,0.651029288769
-0.585884809494,-0.144325122237,1.32242333889,0.0703708678484,-0.0431835651398,0.752043783665,0.653921663761
-0.585865139961,-0.14451906085,1.32233548164,0.0700491964817,-0.0444346405566,0.749759376049,0.656490385532
-0.585562884808,-0.14444938302,1.32222044468,0.0698920041323,-0.0448390506208,0.747478365898,0.659075737
-0.58550632,-0.144457191229,1.32220172882,0.0695205777884,-0.0454089939594,0.74513989687,0.661718606949
-0.585425317287,-0.144647717476,1.32217729092,0.0700831115246,-0.0457848794758,0.743282735348,0.663719117641
-0.585316538811,-0.144631549716,1.32213401794,0.0695440247655,-0.0459954477847,0.740826785564,0.666501164436
-0.585337936878,-0.144940391183,1.32211136818,0.0689261928201,-0.0460095331073,0.73848003149,0.669163346291
-0.58513790369,-0.144843876362,1.32203125954,0.0687299743295,-0.046931616962,0.73670989275,0.671068072319
-0.585103869438,-0.144929990172,1.32200372219,0.0694036483765,-0.0475330613554,0.735269665718,0.672534227371
-0.585142493248,-0.145124807954,1.32201826572,0.0689243525267,-0.0479769930243,0.733159959316,0.674851298332
-0.585218310356,-0.145374640822,1.32197952271,0.0684288591146,-0.0486580058932,0.731696903706,0.67643892765
-0.585097908974,-0.14549537003,1.32195711136,0.0680549964309,-0.0488812737167,0.729988873005,0.678303301334
-0.585279107094,-0.145109221339,1.32184243202,0.0681691542268,-0.049765791744,0.728306055069,0.680034458637
-0.585228264332,-0.145460277796,1.32182633877,0.0678903758526,-0.0497749745846,0.726992487907,0.681465685368
-0.585187315941,-0.145668044686,1.32176470757,0.067682877183,-0.0506461262703,0.726272046566,0.682189881802
-0.585090517998,-0.145765811205,1.32169544697,0.0674133822322,-0.0507523566484,0.724715948105,0.683861553669
-0.585262179375,-0.145749554038,1.32163202763,0.0671645179391,-0.0514749251306,0.723436117172,0.685185790062
-0.585356891155,-0.145841032267,1.3215982914,0.0669837668538,-0.0519186928868,0.722354948521,0.686309754848
-0.585517048836,-0.145911231637,1.32151794434,0.0669596195221,-0.0523765794933,0.721377193928,0.687305033207
-0.585688471794,-0.146014854312,1.32148778439,0.0670473352075,-0.0524325110018,0.720276474953,0.68844550848
-0.585822343826,-0.145985275507,1.32141828537,0.0669370740652,-0.053159058094,0.719419419765,0.689296126366
-0.585974395275,-0.146173045039,1.32140529156,0.0666726827621,-0.0533829964697,0.718716740608,0.690037190914
-0.585984826088,-0.146364957094,1.32140684128,0.0663348957896,-0.0536807850003,0.71836155653,0.690416455269
-0.586124956608,-0.146451115608,1.3213326931,0.065391458571,-0.0550128668547,0.71766346693,0.691127240658
-0.586148679256,-0.146555200219,1.32127201557,0.0651560723782,-0.0555419623852,0.717397093773,0.69138354063
-0.586607813835,-0.146204799414,1.32125139236,0.0652370378375,-0.0561067573726,0.716434121132,0.692328333855
-0.586830198765,-0.146293282509,1.32122695446,0.0649925544858,-0.0565479137003,0.715923368931,0.692843675613
-0.586798846722,-0.146788537502,1.32121789455,0.0648384988308,-0.0563871711493,0.716023802757,0.692767202854
-0.58707088232,-0.146768927574,1.32119214535,0.0646282508969,-0.0568929538131,0.715530157089,0.693255364895
-0.587196350098,-0.146831616759,1.32113170624,0.0645840242505,-0.0572332665324,0.715409338474,0.693356215954
-0.58742839098,-0.14701578021,1.32114875317,0.0645574182272,-0.0578584037721,0.71550744772,0.693205535412
-0.587642192841,-0.147155642509,1.32119333744,0.0641385838389,-0.0581451691687,0.71525990963,0.693475782871
-0.587868869305,-0.147318005562,1.32119750977,0.0639265626669,-0.0581521615386,0.715180754662,0.693576574326
-0.588070273399,-0.147438645363,1.32119727135,0.0637987107038,-0.0585004538298,0.715251803398,0.693485736847
-0.588192462921,-0.147470891476,1.32116138935,0.0634809434414,-0.0584890581667,0.715026676655,0.69374781847
-0.58823132515,-0.147463798523,1.32106971741,0.0635491982102,-0.0588263534009,0.715422928333,0.693304598331
-0.588486373425,-0.147644221783,1.32103657722,0.0631885901093,-0.0591377802193,0.715425252914,0.693308413029
-0.588652014732,-0.147774860263,1.32102203369,0.0629890859127,-0.0592767931521,0.715613543987,0.693120419979
-0.588956594467,-0.148017257452,1.32106459141,0.0630934387445,-0.0590997077525,0.715966761112,0.692761182785
-0.589095056057,-0.148189619184,1.32109034061,0.0623572058976,-0.0600721165538,0.716597259045,0.692092061043
-0.589174211025,-0.14832419157,1.32105004787,0.0618721432984,-0.0605491660535,0.717121005058,0.691551327705
-0.589457273483,-0.148270323873,1.32093381882,0.0618916377425,-0.0595374256372,0.717093408108,0.691666066647
-0.589672446251,-0.148393929005,1.32092571259,0.0616998076439,-0.0597707144916,0.717629611492,0.691106796265
-0.5901004076,-0.148323714733,1.32094919682,0.061730325222,-0.0597576498985,0.717651247978,0.69108247757
-0.590358018875,-0.14842492342,1.32090747356,0.0618944503367,-0.0596104897559,0.718076527119,0.690638840199
-0.590629220009,-0.14865539968,1.3209400177,0.0621645376086,-0.060654848814,0.719283461571,0.689266324043
-0.590674102306,-0.148929312825,1.32092475891,0.0616680160165,-0.0609453469515,0.720160186291,0.688369274139
-0.590830028057,-0.148966640234,1.32089042664,0.0613201968372,-0.0608402490616,0.720508337021,0.688045144081
-0.591058313847,-0.149067744613,1.32087206841,0.0610879138112,-0.0610245391726,0.721306085587,0.687213003635
-0.591304242611,-0.149235963821,1.32088720798,0.0609505586326,-0.0608455687761,0.721908628941,0.686608314514
-0.591592371464,-0.149455681443,1.32088506222,0.060955721885,-0.0603972710669,0.722528815269,0.685994744301
-0.591802716255,-0.14959089458,1.32087540627,0.0608198158443,-0.0611348040402,0.72358673811,0.684825360775
-0.591969549656,-0.149586543441,1.32080769539,0.0605678521097,-0.0613287128508,0.72440302372,0.683966875076
-0.592143177986,-0.149586811662,1.32072925568,0.0602745525539,-0.0610794946551,0.724945247173,0.683440506458
-0.592519938946,-0.149912640452,1.3208245039,0.0603785961866,-0.0604011900723,0.725479602814,0.68292427063
-0.592650830746,-0.150000274181,1.32082259655,0.0598070509732,-0.0610407181084,0.72625285387,0.682095348835
-0.592843413353,-0.150139257312,1.32075333595,0.060008764267,-0.0613590218127,0.727573215961,0.680640339851
-0.593014538288,-0.150099664927,1.32068121433,0.0596688389778,-0.0611228570342,0.727990090847,0.680245637894
-0.593327701092,-0.150255784392,1.3205934763,0.0601373650134,-0.0604973807931,0.72870773077,0.679491579533
-0.593680918217,-0.150083765388,1.32053756714,0.0604028590024,-0.0607604756951,0.729306459427,0.678801715374
-0.593766450882,-0.150368079543,1.32037484646,0.0608685947955,-0.0604071803391,0.730234265327,0.677793443203
-0.594005525112,-0.150392442942,1.32032203674,0.0606812462211,-0.0603649578989,0.731148481369,0.676827669144
-0.594195663929,-0.150441125035,1.32029271126,0.0607148222625,-0.0602777712047,0.731889128685,0.676031529903
-0.594429671764,-0.15051843226,1.32025194168,0.0606984607875,-0.0601381473243,0.732691705227,0.675175666809
-0.594684720039,-0.150556877255,1.32024097443,0.060912668705,-0.0601233355701,0.733440637589,0.674343883991
-0.594863653183,-0.150593966246,1.32021832466,0.0609683617949,-0.0600072257221,0.734273850918,0.673441886902
-0.595035731792,-0.150720879436,1.32015454769,0.0610561147332,-0.0596042945981,0.735170841217,0.672490477562
-0.595360577106,-0.150779634714,1.32018327713,0.0614311695099,-0.0591412782669,0.735844135284,0.671760261059
-0.595642209053,-0.15087364614,1.32016205788,0.0616417787969,-0.0587563365698,0.736449539661,0.671111226082
-0.595842659473,-0.151027157903,1.32017874718,0.0612168386579,-0.059515081346,0.737619876862,0.669796526432
-0.596008896828,-0.151017129421,1.32013607025,0.0614197254181,-0.0588412210345,0.738128364086,0.669277191162
-0.596202492714,-0.151023924351,1.3201186657,0.0613820888102,-0.0586795434356,0.739003002644,0.668329000473
-0.596398174763,-0.150937601924,1.3199647665,0.0615902096033,-0.0581962503493,0.739750385284,0.667524695396
-0.596582174301,-0.1510309726,1.31999444962,0.0612416081131,-0.0582016371191,0.740475535393,0.666751861572
-0.596715033054,-0.151043757796,1.32004284859,0.0603871829808,-0.0587958134711,0.741294026375,0.665867507458
-0.59690529108,-0.15106703341,1.31998181343,0.0606704652309,-0.0587296746671,0.742347359657,0.664673089981
-0.597138226032,-0.151040881872,1.31995105743,0.0608542226255,-0.0585371367633,0.743205070496,0.663714051247
-0.597366273403,-0.15102507174,1.31999754906,0.0614462681115,-0.0591740310192,0.74443590641,0.662222027779
-0.597743690014,-0.151035249233,1.31987917423,0.0625009536743,-0.0584869161248,0.74512720108,0.661406338215
-0.5979834795,-0.151118665934,1.31992220879,0.0624552629888,-0.058283444494,0.746154904366,0.660269141197
-0.59823423624,-0.151198685169,1.31989836693,0.0628558248281,-0.0579704232514,0.747132480145,0.659152269363
-0.598396778107,-0.1513325423,1.31991147995,0.0629880949855,-0.0583409406245,0.748622000217,0.65741455555
-0.598611295223,-0.151307910681,1.31990265846,0.063169285655,-0.0579331107438,0.74920207262,0.656772255898
-0.59887188673,-0.15134614706,1.31991171837,0.0633329078555,-0.0578917376697,0.750253558159,0.65555870533
-0.59904897213,-0.151419624686,1.32002449036,0.0626202896237,-0.0583433881402,0.751137733459,0.654573857784
-0.599411189556,-0.151372790337,1.31994402409,0.0635843798518,-0.0577358305454,0.751829683781,0.65373980999
-0.599579751492,-0.151442468166,1.32003760338,0.0630568861961,-0.0581912100315,0.752835333347,0.652592301369
-0.599997460842,-0.151542067528,1.31994104385,0.0645856410265,-0.0568629652262,0.753403246403,0.65190410614
-0.600119709969,-0.15157584846,1.3199557066,0.06440038234,-0.0571175068617,0.754365622997,0.650786221027
-0.600078582764,-0.151940375566,1.3200237751,0.0647300332785,-0.0560221374035,0.755677640438,0.64932513237
-0.600484073162,-0.151615187526,1.31992936134,0.0641974285245,-0.0563836172223,0.755614578724,0.649419844151
-0.600686490536,-0.151674717665,1.31993472576,0.0641377419233,-0.0563134774566,0.756336092949,0.648591637611
-0.600841164589,-0.151682555676,1.31991779804,0.0643371045589,-0.0561123713851,0.756971776485,0.647847235203
-0.601016461849,-0.151708200574,1.31991147995,0.0644891783595,-0.0559926815331,0.757556080818,0.64715898037
-0.601180016994,-0.151742771268,1.31986093521,0.0646005272865,-0.0558982565999,0.758122801781,0.646492063999
-0.601300656796,-0.151801779866,1.31999242306,0.0643461570144,-0.0566057935357,0.759021878242,0.645399868488
-0.601522564888,-0.15190756321,1.31998717785,0.0646814256907,-0.0566959567368,0.759905040264,0.644318282604
-0.6016471982,-0.151991739869,1.31995236874,0.0648791566491,-0.0563062727451,0.760549962521,0.64357149601
-0.60179233551,-0.151995316148,1.31991493702,0.065147139132,-0.0560877621174,0.76125484705,0.642729520798
-0.601996243,-0.151917219162,1.31989395618,0.0652816295624,-0.0559957064688,0.761790573597,0.642088770866
-0.602191209793,-0.151936605573,1.31988728046,0.065490141511,-0.0557049699128,0.762356877327,0.64142036438
-0.602342247963,-0.151867508888,1.31986582279,0.0653864368796,-0.0551657676697,0.76280605793,0.640943229198
-0.602542936802,-0.15193335712,1.31984984875,0.0655581504107,-0.05492099002,0.763268172741,0.640396475792
-0.602724015713,-0.151932805777,1.31986308098,0.0655123069882,-0.0547920614481,0.763801753521,0.639775693417
-0.602862596512,-0.151929453015,1.31985187531,0.0657096877694,-0.0545272529125,0.764412343502,0.639048397541
-0.603043138981,-0.151940986514,1.31982517242,0.0661887079477,-0.0546064525843,0.765476286411,0.637717306614
-0.603198349476,-0.15192399919,1.31982219219,0.0664258077741,-0.0543881542981,0.765921115875,0.637176930904
-0.603319168091,-0.152011588216,1.31983578205,0.0665672197938,-0.0541514642537,0.766419231892,0.636583089828
-0.603603720665,-0.151985302567,1.31985807419,0.0665250718594,-0.0541671589017,0.766811788082,0.636113166809
-0.603713810444,-0.151884660125,1.31979835033,0.0664953142405,-0.0537486970425,0.767131447792,0.635766267776
-0.603786766529,-0.151834413409,1.31977367401,0.0667959228158,-0.0535883642733,0.767709374428,0.635050535202
-0.603910148144,-0.151854351163,1.31984007359,0.0666695088148,-0.0536824688315,0.768149256706,0.634523391724
-0.604175388813,-0.15185944736,1.3198299408,0.0673215985298,-0.0536275543272,0.769022762775,0.633400201797
-0.604274690151,-0.151755392551,1.31982648373,0.0673552155495,-0.0533066093922,0.769044756889,0.633397042751
-0.604464948177,-0.151804283261,1.31985092163,0.0676242187619,-0.0534504354,0.769905090332,0.632310032845
-0.604623377323,-0.15171289444,1.31982457638,0.067798294127,-0.0528571717441,0.769872188568,0.632381618023
-0.604800999165,-0.151759058237,1.31984889507,0.0680997893214,-0.0530370138586,0.770517230034,0.631547927856
-0.604992389679,-0.151741668582,1.31984913349,0.0681870877743,-0.0529785677791,0.77096170187,0.631000697613
-0.605158090591,-0.15169622004,1.31984138489,0.0681871697307,-0.0527659580112,0.771358668804,0.630533277988
-0.605285704136,-0.151709079742,1.31986474991,0.067904509604,-0.0528807044029,0.771724581718,0.630106091499
-0.60537904501,-0.151609092951,1.31978559494,0.0680436491966,-0.0527384988964,0.772155404091,0.629575192928
-0.605485916138,-0.151463478804,1.31973588467,0.0683008730412,-0.052168622613,0.772084355354,0.629681825638
-0.605644106865,-0.151429027319,1.31973147392,0.0683199465275,-0.052106987685,0.772437393665,0.629251778126
-0.605808198452,-0.151389241219,1.31971502304,0.068285100162,-0.0519684553146,0.772747635841,0.628885924816
-0.605974018574,-0.151342540979,1.31969559193,0.0684061124921,-0.0517898090184,0.772925496101,0.628668963909
-0.606108427048,-0.151292532682,1.31966519356,0.0684633627534,-0.0516400747001,0.773214280605,0.6283197999
-0.606246829033,-0.151247516274,1.31962871552,0.0684650614858,-0.0515247732401,0.773430109024,0.628063440323
-0.606391131878,-0.151190578938,1.31957423687,0.068279646337,-0.051377363503,0.773679852486,0.627787947655
-0.606590986252,-0.151225998998,1.31958580017,0.0684386193752,-0.0516482703388,0.774245560169,0.627050459385
-0.606663644314,-0.151087895036,1.31951999664,0.0681107863784,-0.0511306524277,0.774037837982,0.627384901047
-0.606943011284,-0.151138111949,1.31958413124,0.0676539316773,-0.0510519370437,0.773850739002,0.627671599388
-0.60706859827,-0.151078060269,1.31956887245,0.0675661116838,-0.0509431399405,0.773931503296,0.627590358257
-0.6071600914,-0.151084676385,1.31957709789,0.0670667663217,-0.050988394767,0.77409183979,0.627442657948
-0.607288122177,-0.151058256626,1.31956589222,0.0668971017003,-0.0509306453168,0.774088680744,0.627469182014
-0.607412338257,-0.151011139154,1.31954085827,0.0667515397072,-0.0508919432759,0.774193763733,0.627358317375
-0.607512295246,-0.150969356298,1.31953024864,0.0666277110577,-0.0507775396109,0.774233102798,0.627332150936
-0.607666552067,-0.150872007012,1.31947588921,0.0667867287993,-0.0505122095346,0.774193644524,0.627385318279
-0.607747256756,-0.150858968496,1.31949353218,0.0662700310349,-0.0505556948483,0.774214744568,0.627410411835
-0.607887923717,-0.150727510452,1.31945216656,0.0663877725601,-0.0502568073571,0.774179577827,0.627465486526
-0.608000993729,-0.150691390038,1.31944310665,0.0662524327636,-0.0502660982311,0.774251699448,0.627390027046
-0.60813242197,-0.150713145733,1.31946182251,0.0662093758583,-0.0504825748503,0.774517834187,0.627048790455
-0.608203172684,-0.150752067566,1.31949210167,0.0660621449351,-0.0503994002938,0.774420499802,0.627191007137
-0.608327925205,-0.150778979063,1.31950986385,0.066029638052,-0.0499539040029,0.774218440056,0.627479553223
-0.60840433836,-0.150594219565,1.31947898865,0.065817117691,-0.050332788378,0.774106025696,0.627610266209
-0.608498454094,-0.150502309203,1.31946325302,0.0656550005078,-0.0505206659436,0.77395772934,0.627794802189
-0.608597636223,-0.150474280119,1.31945896149,0.0654484927654,-0.0506266020238,0.773751318455,0.628062427044
-0.608717799187,-0.150454699993,1.31945061684,0.0651790350676,-0.0508496947587,0.773499369621,0.6283826828
-0.608816087246,-0.150387957692,1.31945919991,0.0649750232697,-0.0509780682623,0.77329903841,0.628639876842
-0.608861029148,-0.150248125196,1.31940853596,0.0647816732526,-0.0508272908628,0.773175776005,0.628823578358
-0.608859062195,-0.150298014283,1.31928682327,0.0642602294683,-0.0511547587812,0.772556126118,0.629611670971
-0.608942687511,-0.150257647038,1.31928765774,0.0640299096704,-0.0512346550822,0.772335767746,0.629898965359
-0.609055995941,-0.150199979544,1.31927418709,0.0638376325369,-0.0513039790094,0.771853864193,0.630503237247
-0.609141886234,-0.150174155831,1.31924009323,0.0636819154024,-0.0513508953154,0.771529495716,0.630912005901
-0.60929274559,-0.149970471859,1.31933224201,0.0636510029435,-0.0509193688631,0.771190822124,0.631363868713
-0.609296023846,-0.150100290775,1.31932353973,0.0633512288332,-0.0508195273578,0.770893335342,0.631765365601
-0.609321415424,-0.150051191449,1.31931328773,0.0632146596909,-0.0506870374084,0.770576894283,0.632175505161
-0.609320044518,-0.149907886982,1.31924176216,0.0627014860511,-0.0500918775797,0.76998090744,0.632999837399
-0.609438240528,-0.149811774492,1.31925046444,0.0623592585325,-0.0501579232514,0.769351541996,0.633793234825
-0.609327018261,-0.149649724364,1.31920444965,0.0625605210662,-0.0498107522726,0.769127726555,0.634072244167
-0.609240055084,-0.149562716484,1.31916356087,0.0624564401805,-0.0496169216931,0.768706202507,0.634608566761
-0.609055817127,-0.149524658918,1.31912052631,0.0626578480005,-0.0493549592793,0.768341720104,0.635050535202
-0.608934402466,-0.14942510426,1.31910467148,0.0626431405544,-0.0491491593421,0.767966449261,0.635521888733
-0.608809173107,-0.149314984679,1.31909751892,0.0625575706363,-0.0488363020122,0.767453074455,0.636173903942
-0.60871976614,-0.149332016706,1.31916844845,0.0630578696728,-0.0491461567581,0.767309725285,0.636273741722
-0.608507871628,-0.149222061038,1.31913995743,0.0627215504646,-0.0486720018089,0.766509473324,0.637307107449
-0.608396053314,-0.148909240961,1.31912839413,0.0627784430981,-0.0487173944712,0.766017198563,0.637889504433
-0.608157515526,-0.148873567581,1.31912016869,0.0626151189208,-0.0487018302083,0.765628516674,0.638373374939
-0.608070611954,-0.148770451546,1.31914973259,0.0624881498516,-0.0487736985087,0.765249311924,0.638834774494
-0.608024775982,-0.148606821895,1.31918728352,0.062076266855,-0.0489019043744,0.764516830444,0.639741420746
-0.607625007629,-0.148608267307,1.31918215752,0.0617087110877,-0.0483619384468,0.764179229736,0.640221178532
-0.607827305794,-0.148341372609,1.31923651695,0.0613196417689,-0.0487648360431,0.763036489487,0.641589581966
-0.607707798481,-0.148248940706,1.31924545765,0.0610852353275,-0.0487125515938,0.762303352356,0.64248675108
-0.607619702816,-0.148093044758,1.31926465034,0.0610743612051,-0.0488920025527,0.761693358421,0.64319729805
-0.607527136803,-0.147984951735,1.31930971146,0.0610390901566,-0.0490060634911,0.761053740978,0.643948674202
-0.607445418835,-0.147857904434,1.31933116913,0.0609037689865,-0.0490595810115,0.76043099165,0.644692778587
-0.607294142246,-0.147853463888,1.31936192513,0.0607736036181,-0.0491405390203,0.759959578514,0.645254433155
-0.607172369957,-0.147755861282,1.31936228275,0.0605796761811,-0.0493683889508,0.759527504444,0.645763874054
-0.607177317142,-0.147611990571,1.31936883926,0.060301464051,-0.0496919862926,0.758907616138,0.646493375301
-0.607145726681,-0.147575214505,1.3194218874,0.060195479542,-0.0500540882349,0.758717119694,0.646698832512
-0.606809318066,-0.147373467684,1.31930983067,0.0596537962556,-0.0490943714976,0.75788217783,0.647800624371
-0.606852173805,-0.147179678082,1.31933200359,0.0594181269407,-0.0493622869253,0.75718319416,0.648618757725
-0.60689085722,-0.147078901529,1.31934428215,0.0593048706651,-0.0492809154093,0.756515741348,0.649413943291
-0.606790602207,-0.146904379129,1.31932544708,0.0591986142099,-0.049657676369,0.756041288376,0.649947106838
-0.606784105301,-0.146834954619,1.31936228275,0.0593404918909,-0.0492650009692,0.755344748497,0.650773465633
-0.606751739979,-0.146747693419,1.3193577528,0.0591300986707,-0.0493144951761,0.75476360321,0.651462733746
-0.606676876545,-0.146579742432,1.31931436062,0.058676134795,-0.0499698892236,0.754251182079,0.652047097683
-0.606738209724,-0.146603628993,1.31934928894,0.0584066994488,-0.0499657951295,0.753612101078,0.652809977531
-0.606784760952,-0.146560296416,1.31939542294,0.0586180277169,-0.0504756085575,0.753196656704,0.653231322765
-0.606767654419,-0.146389991045,1.31934297085,0.0584312453866,-0.050946701318,0.752756953239,0.653718113899
-0.606959760189,-0.146348595619,1.3193448782,0.0584713965654,-0.0508129037917,0.751851558685,0.654766023159
-0.606977462769,-0.146326541901,1.31933403015,0.0583593547344,-0.0508657991886,0.751376926899,0.65531629324
-0.606909155846,-0.146232694387,1.31929731369,0.0581281557679,-0.0513531863689,0.750987768173,0.65574491024
-0.606735289097,-0.146494925022,1.31929588318,0.0585084483027,-0.0511510446668,0.751167476177,0.65552097559
-0.606849730015,-0.146397635341,1.31932878494,0.0584752596915,-0.0513370409608,0.750427544117,0.656356394291
-0.606775999069,-0.146353945136,1.31932663918,0.058609098196,-0.0512267947197,0.749838650227,0.657025754452
-0.606651484966,-0.146276906133,1.31929731369,0.0588978789747,-0.05096661672,0.749496459961,0.657410442829
-0.60658955574,-0.146266460419,1.31936168671,0.0588954649866,-0.0508042126894,0.749035716057,0.657948195934
-0.606386721134,-0.146320819855,1.31935739517,0.0593029558659,-0.0498202219605,0.748440027237,0.658664405346
-0.606261730194,-0.146293878555,1.31938838959,0.0594852566719,-0.0495900847018,0.747999370098,0.659165620804
-0.606319844723,-0.145837575197,1.31942081451,0.0596963688731,-0.0497193746269,0.747098207474,0.660158097744
-0.606104075909,-0.146020650864,1.3194963932,0.0597831569612,-0.049195997417,0.746819794178,0.660504341125
-0.605863153934,-0.145883858204,1.31938314438,0.0606838203967,-0.0491653941572,0.746526062489,0.660756528378
-0.605689108372,-0.145928174257,1.31947493553,0.0605534128845,-0.0493685491383,0.746294558048,0.661014914513
-0.605633080006,-0.145619943738,1.31953179836,0.0605143159628,-0.0496283099055,0.745636940002,0.661740720272
-0.605264782906,-0.145937338471,1.31964564323,0.0603386349976,-0.0486791804433,0.745176494122,0.662345588207
-0.605009973049,-0.145787522197,1.31966257095,0.060447730124,-0.048920892179,0.745056867599,0.662452340126
-0.604936897755,-0.145804613829,1.31977069378,0.0603039935231,-0.0489053018391,0.744592666626,0.662988245487
-0.604776322842,-0.145774185658,1.31987166405,0.06025018543,-0.048930991441,0.744176447392,0.663458406925
-0.604677200317,-0.145746544003,1.3199660778,0.0601975880563,-0.0490062832832,0.743771970272,0.663911104202
-0.604694187641,-0.145777836442,1.32008814812,0.0603078082204,-0.0486335121095,0.743389308453,0.664356946945
-0.604635477066,-0.145762056112,1.32017362118,0.0601827763021,-0.0487227886915,0.743151903152,0.664627432823
-0.604600310326,-0.14576433599,1.32028734684,0.0600231178105,-0.0489550046623,0.742853105068,0.66495859623
-0.604609191418,-0.145713225007,1.32037353516,0.0598512738943,-0.0491431616247,0.742612600327,0.665228843689
-0.604665458202,-0.145524889231,1.3203946352,0.0600515529513,-0.0492634922266,0.742392361164,0.665447711945
-0.60478335619,-0.145348981023,1.32045936584,0.059866681695,-0.0496201068163,0.742057621479,0.66581094265
-0.604799568653,-0.145316302776,1.32049500942,0.0597848184407,-0.0498292334378,0.742025196552,0.665838956833
-0.604654610157,-0.14568567276,1.32058930397,0.0594248175621,-0.049630459398,0.742308080196,0.665570676327
-0.604766786098,-0.145667240024,1.32065343857,0.0591394081712,-0.0498780868948,0.742216050625,0.665680289268
-0.604888916016,-0.145698055625,1.32070600986,0.0588851459324,-0.050045914948,0.74217402935,0.66573703289
-0.605017900467,-0.145830824971,1.32088828087,0.0580790564418,-0.0502221882343,0.742142677307,0.66582942009
-0.605127453804,-0.145895510912,1.32094788551,0.0580521188676,-0.0504649020731,0.742372632027,0.665557026863
-0.605220794678,-0.145967930555,1.32097625732,0.0579254813492,-0.0504521764815,0.742538273335,0.665384173393
-0.605391800404,-0.146025598049,1.32097494602,0.0577340498567,-0.0505405813456,0.742716014385,0.665195822716
-0.605479419231,-0.146109044552,1.320977211,0.0576350428164,-0.0513477884233,0.743421256542,0.664354205132
-0.605566322803,-0.146197736263,1.32099473476,0.0575511194766,-0.0512728914618,0.74371612072,0.664037287235
-0.605712175369,-0.146367698908,1.32101893425,0.0575238130987,-0.0510337352753,0.743907392025,0.663843631744
-0.605682194233,-0.146302521229,1.32095766068,0.0572807006538,-0.051052454859,0.744036376476,0.663718640804
-0.605744719505,-0.146407097578,1.32095360756,0.0571754984558,-0.0510502867401,0.744493842125,0.663214743137
-0.605841994286,-0.146529376507,1.32089209557,0.0564313307405,-0.050411067903,0.744782686234,0.663003146648
-0.605933666229,-0.146546363831,1.32085454464,0.0570970848203,-0.0510798320174,0.745560407639,0.662019968033
-0.605996549129,-0.146601766348,1.3207873106,0.0566002987325,-0.0508189685643,0.745870172977,0.661733806133
-0.6060937047,-0.14676348865,1.32086610794,0.0560040771961,-0.0510401874781,0.74630188942,0.661280632019
-0.606317877769,-0.146937191486,1.3209207058,0.0556263551116,-0.0513437986374,0.746746897697,0.660786390305
-0.606481075287,-0.147129237652,1.32095122337,0.0554926469922,-0.0512998513877,0.747334301472,0.660136759281
-0.606642782688,-0.147218897939,1.32093346119,0.0551952049136,-0.0514566265047,0.747967243195,0.65943223238
-0.606816291809,-0.147336229682,1.32091069221,0.0550488457084,-0.0517144799232,0.748473823071,0.65884912014
-0.607007443905,-0.14744541049,1.32088840008,0.0549400448799,-0.052014991641,0.749135553837,0.65808224678
-0.607259392738,-0.147577896714,1.32088184357,0.054604023695,-0.0523604042828,0.749674260616,0.6574690938
-0.607391357422,-0.14759606123,1.32095098495,0.0550956986845,-0.0530610717833,0.750705122948,0.656194329262
-0.607561469078,-0.147665545344,1.32105386257,0.0541512817144,-0.0539781786501,0.751439869404,0.65535646677
-0.607884407043,-0.147874161601,1.32108390331,0.053997553885,-0.0536348931491,0.752020418644,0.654730975628
-0.608119368553,-0.14794382453,1.32108783722,0.0537622310221,-0.0547331869602,0.753279089928,0.653211116791
-0.608289301395,-0.148052051663,1.32108724117,0.0533606261015,-0.0547445937991,0.753597557545,0.652875423431
-0.608721315861,-0.147930815816,1.32106411457,0.0531438738108,-0.0553660690784,0.753984510899,0.652393937111
-0.608774662018,-0.148386329412,1.32108235359,0.0526953451335,-0.0554962679744,0.755235671997,0.650970518589
-0.609094381332,-0.148630097508,1.32111132145,0.0523818731308,-0.0555146448314,0.755940914154,0.650175094604
-0.609763562679,-0.148400634527,1.32099235058,0.0530246756971,-0.0559239909053,0.756338059902,0.649625957012
-0.609872639179,-0.148778930306,1.3209965229,0.0527715273201,-0.055952988565,0.757460415363,0.648335039616
-0.610146045685,-0.148850679398,1.32096600533,0.0523092523217,-0.0566318444908,0.758479118347,0.647121429443
-0.61053955555,-0.149016305804,1.32097446918,0.0521654225886,-0.0572398193181,0.759737372398,0.645601868629
-0.610720038414,-0.149169355631,1.32091426849,0.0513262487948,-0.0568309798837,0.76026815176,0.64507997036
-0.611100494862,-0.149285882711,1.32089757919,0.0510862618685,-0.0568476058543,0.761149644852,0.644057273865
-0.611497998238,-0.149143159389,1.32076704502,0.0512168705463,-0.057487975806,0.761976003647,0.643012166023
-0.611838698387,-0.149437189102,1.3208104372,0.0513863041997,-0.0581604167819,0.76328676939,0.641381382942
-0.612015783787,-0.149780988693,1.32077813148,0.0513629429042,-0.0580764599144,0.76443451643,0.640022575855
-0.612371742725,-0.149927973747,1.32073676586,0.0503259003162,-0.0579091794789,0.76530456543,0.639079630375
-0.612702667713,-0.150171890855,1.32082819939,0.0506487749517,-0.05827530846,0.766596257687,0.637470781803
-0.61310094595,-0.150406211615,1.32083582878,0.0504417009652,-0.0588214471936,0.767930328846,0.635829150677
-0.613319694996,-0.150540724397,1.32079935074,0.049718696624,-0.0598668530583,0.769110679626,0.634360194206
-0.613546073437,-0.150576353073,1.32073628902,0.0494819320738,-0.0597244538367,0.770004332066,0.633307039738
-0.613909900188,-0.150828033686,1.32078504562,0.0492468550801,-0.0600780509412,0.771575093269,0.631377398968
-0.614119827747,-0.150916308165,1.32079124451,0.0487288571894,-0.0598934181035,0.772304058075,0.630543291569
-0.614431202412,-0.151094093919,1.32079303265,0.0484947860241,-0.0600668117404,0.773540914059,0.629026889801
-0.614726185799,-0.151237413287,1.32080113888,0.0483959317207,-0.0602630972862,0.774485230446,0.62785255909
-0.614940524101,-0.150921776891,1.3205280304,0.0492333397269,-0.0595117546618,0.776076495647,0.625891029835
-0.61529815197,-0.150870352983,1.32050395012,0.0488277673721,-0.0605338029563,0.776886224747,0.624819397926
-0.615583896637,-0.150982171297,1.32044827938,0.0485690645874,-0.0609134174883,0.777975559235,0.623445868492
-0.615829765797,-0.151618629694,1.32071113586,0.0464858785272,-0.0616553388536,0.778993666172,0.622259259224
-0.615942001343,-0.15177950263,1.32072138786,0.0466476529837,-0.0613319091499,0.780306458473,0.620632171631
-0.616385817528,-0.151842042804,1.32064151764,0.0472840666771,-0.0607022866607,0.781160771847,0.619570434093
-0.616488277912,-0.151426374912,1.32052958012,0.047759514302,-0.0611107945442,0.782549262047,0.61773866415
-0.617067158222,-0.151882693172,1.3208053112,0.0458277277648,-0.0621221959591,0.782784163952,0.617486655712
-0.617194354534,-0.152357876301,1.32087516785,0.0456249676645,-0.0615383125842,0.783742189407,0.616343915462
-0.617005586624,-0.152315109968,1.32095623016,0.0455635562539,-0.0625996589661,0.785762667656,0.61366301775
-0.617324769497,-0.152450576425,1.32101166248,0.0452806614339,-0.0626124590635,0.786603689194,0.612604379654
-0.618120372295,-0.152426749468,1.32102167606,0.0464634746313,-0.062208391726,0.787174582481,0.611822962761
-0.618129193783,-0.152908831835,1.3210773468,0.0455161593854,-0.0626243650913,0.78803896904,0.610738217831
-0.617946207523,-0.15276055038,1.32103538513,0.0449035912752,-0.0627135932446,0.789220690727,0.609246492386
-0.618138313293,-0.152759432793,1.32106566429,0.0450355634093,-0.0626185387373,0.790138840675,0.608055353165
-0.61838978529,-0.152826100588,1.32099795341,0.04568208009,-0.0620773397386,0.790835142136,0.60715675354
-0.618773281574,-0.153146401048,1.32106506824,0.0462437532842,-0.0617012269795,0.791880726814,0.605788350105
-0.618964493275,-0.152741387486,1.32097268105,0.0460848510265,-0.062027156353,0.792124330997,0.605448544025
-0.619206726551,-0.152780354023,1.32095837593,0.0458453632891,-0.0620325021446,0.792694866657,0.604718863964
-0.619350731373,-0.152960151434,1.32095241547,0.0452345721424,-0.0614519231021,0.793297052383,0.604034245014
-0.619314074516,-0.153262495995,1.32090938091,0.0453944168985,-0.0609561651945,0.794093370438,0.603025317192
-0.619345366955,-0.153218463063,1.32094788551,0.0450390651822,-0.0613503865898,0.794748306274,0.602148592472
-0.619619369507,-0.152870178223,1.32059419155,0.047056555748,-0.0609960481524,0.795466601849,0.601080715656
-0.619658648968,-0.153082966805,1.32065010071,0.0465397313237,-0.0612283982337,0.796017467976,0.6003677845
-0.619591712952,-0.153212234378,1.32088220119,0.0457952804863,-0.0609400868416,0.796742975712,0.599491238594
-0.619747877121,-0.153111234307,1.32084953785,0.0460367202759,-0.0609689764678,0.797227084637,0.59882569313
-0.620119869709,-0.15301951766,1.3208335638,0.045915145427,-0.0614547654986,0.797328233719,0.598650872707
-0.620135068893,-0.15327309072,1.32086443901,0.0460434779525,-0.0608755610883,0.797790944576,0.59808331728
-0.620298862457,-0.15300501883,1.32078623772,0.0460650101304,-0.0614028871059,0.798164129257,0.597529768944
-0.620388567448,-0.153117418289,1.32084965706,0.0467174872756,-0.0617452822626,0.798713684082,0.596708893776
-0.620226144791,-0.153492465615,1.320972085,0.0460931323469,-0.061575345695,0.799183547497,0.596145689487
-0.620455086231,-0.153457462788,1.3208616972,0.0471578426659,-0.0607949718833,0.799328446388,0.59594810009
-0.620428860188,-0.153402641416,1.32082414627,0.0471999272704,-0.0610819496214,0.799862146378,0.59519892931
-0.620500445366,-0.153389036655,1.32082605362,0.047352489084,-0.0609544068575,0.800083220005,0.594902694225
-0.620560228825,-0.153351485729,1.32082247734,0.0474136024714,-0.0608020238578,0.800311267376,0.594606637955
-0.620659947395,-0.153316482902,1.32084560394,0.0475190468132,-0.0605263598263,0.800457239151,0.59442961216
-0.620716750622,-0.153244897723,1.32086443901,0.0476301126182,-0.0603398345411,0.800605893135,0.594239532948
-0.62071788311,-0.153215676546,1.32097923756,0.0468952469528,-0.0606909357011,0.800733149052,0.594090819359
-0.620800852776,-0.153092488647,1.32101690769,0.0469948276877,-0.0604916736484,0.800757825375,0.594070017338
-0.62085300684,-0.153013274074,1.32102239132,0.0471058525145,-0.0603038072586,0.800747454166,0.594094336033
-0.620967209339,-0.152934446931,1.32102394104,0.0471742935479,-0.0601301193237,0.80056476593,0.594352841377
-0.62117266655,-0.152856349945,1.32093644142,0.0481320954859,-0.0592574924231,0.800273895264,0.594754874706
-0.621244668961,-0.152777254581,1.32092344761,0.0482492521405,-0.0592685639858,0.799949526787,0.595180809498
-0.621505379677,-0.152853727341,1.32095694542,0.0483081936836,-0.0596342533827,0.799559533596,0.595663368702
-0.621548831463,-0.152793824673,1.320951581,0.0485336817801,-0.0593480728567,0.799212694168,0.596138775349
-0.621672511101,-0.152761369944,1.32095909119,0.0485222749412,-0.0593408420682,0.798623979092,0.596928775311
-0.621621668339,-0.152474462986,1.32090878487,0.0491011738777,-0.058820668608,0.798176646233,0.597530961037
-0.621663630009,-0.152305662632,1.32084035873,0.0490796640515,-0.0586210340261,0.797248542309,0.598789989948
-0.622135221958,-0.15246912837,1.32080709934,0.0477633029222,-0.05914285779,0.795466601849,0.601210236549
-0.622254490852,-0.152362197638,1.32074701786,0.04798752442,-0.0592271871865,0.79463660717,0.60228073597
-0.622347176075,-0.152361661196,1.32076859474,0.0477067492902,-0.0596856623888,0.793808937073,0.603348195553
-0.622334241867,-0.151941522956,1.32053494453,0.0491289310157,-0.0590678192675,0.793498575687,0.603703081608
-0.622408211231,-0.15183737874,1.32050490379,0.0492620505393,-0.0589551068842,0.792903065681,0.604485273361
-0.622585773468,-0.151866778731,1.32052266598,0.0492413640022,-0.0591594651341,0.792020380497,0.605623066425
-0.622420072556,-0.151557043195,1.32039570808,0.049971550703,-0.0586781464517,0.792080521584,0.605531275272
-0.622488796711,-0.151428163052,1.32032132149,0.0500182546675,-0.0586070865393,0.791523873806,0.606261849403
-0.622565150261,-0.15125092864,1.32026457787,0.0501660145819,-0.0586390681565,0.79110121727,0.606797993183
-0.622746109962,-0.151057109237,1.32020246983,0.0503231361508,-0.0587419569492,0.790376365185,0.607718884945
-0.623032987118,-0.151220470667,1.32027602196,0.0501219257712,-0.0592717751861,0.789603233337,0.608688354492
-0.623085677624,-0.151061445475,1.32023513317,0.0504447594285,-0.0590118691325,0.789334893227,0.609034776688
-0.623082637787,-0.151035413146,1.32037293911,0.0497985072434,-0.059253577143,0.78900873661,0.609487056732
-0.623017609119,-0.150759726763,1.32012367249,0.0515949800611,-0.058144018054,0.789066374302,0.609369874001
-0.62311476469,-0.15089969337,1.32012760639,0.0516451448202,-0.0578657500446,0.788607597351,0.609985589981
-0.623333990574,-0.150974780321,1.3201738596,0.050858784467,-0.0585218779743,0.78780144453,0.611029803753
-0.623224973679,-0.150699034333,1.32009959221,0.0514228716493,-0.0583950467408,0.787806749344,0.610987961292
-0.623087286949,-0.150519177318,1.32006466389,0.052017532289,-0.0581010878086,0.787824511528,0.610942721367
-0.623095810413,-0.15026307106,1.31996130943,0.0527675151825,-0.057759385556,0.787577211857,0.611229479313
-0.62316775322,-0.1501711905,1.31991326809,0.0534576922655,-0.0577897801995,0.787402629852,0.611391603947
-0.623231112957,-0.150088116527,1.31995356083,0.0534704625607,-0.0577777065337,0.786933660507,0.611995279789
-0.623073279858,-0.14963413775,1.32004463673,0.0539761893451,-0.0575399175286,0.786968171597,0.61192882061
-0.622970044613,-0.149372726679,1.32002687454,0.0541454218328,-0.0572887323797,0.786269128323,0.612835347652
-0.622606098652,-0.149064332247,1.3199890852,0.0551818646491,-0.0564555898309,0.786724209785,0.61223590374
-0.62282294035,-0.148961812258,1.32009041309,0.054931525141,-0.0568623766303,0.785778701305,0.613433778286
-0.622752130032,-0.148910671473,1.32018101215,0.0552587099373,-0.0570150762796,0.785578966141,0.613646090031
-0.622633039951,-0.148765936494,1.32023048401,0.0556775890291,-0.0567692704499,0.785207211971,0.614106535912
-0.622520506382,-0.148596972227,1.32031095028,0.0562719739974,-0.0565197356045,0.784850656986,0.614531159401
-0.622276186943,-0.148342609406,1.3203151226,0.0569651275873,-0.0559718087316,0.78420817852,0.615337073803
-0.62204515934,-0.147891417146,1.32009494305,0.059098251164,-0.0551561899483,0.784060955048,0.615397036076
-0.621941447258,-0.147810414433,1.32018649578,0.0593106560409,-0.0553590022027,0.783461213112,0.616121947765
-0.621737122536,-0.147767409682,1.32036328316,0.0591332130134,-0.0558810159564,0.783476948738,0.61607170105
-0.62162232399,-0.147669389844,1.32034695148,0.0605224780738,-0.0551370941103,0.782805085182,0.616857409477
-0.621317744255,-0.147448167205,1.32038700581,0.0604719631374,-0.0540360286832,0.781881868839,0.618129432201
-0.62128162384,-0.1475238204,1.32067131996,0.0617727041245,-0.0535360909998,0.781848847866,0.618086099625
-0.621377110481,-0.147811517119,1.3209849596,0.0599911026657,-0.0530844964087,0.779717803001,0.620985746384
-0.620896399021,-0.147727698088,1.32104563713,0.0597537979484,-0.054087292403,0.77929520607,0.621452510357
-0.620737373829,-0.147646486759,1.32110345364,0.0601497963071,-0.0539818070829,0.778621613979,0.622267186642
-0.620736479759,-0.147534549236,1.3211606741,0.0615686625242,-0.052932113409,0.777755498886,0.623300790787
-0.620575964451,-0.147532150149,1.32128548622,0.0625008121133,-0.0532193556428,0.777185618877,0.623894035816
-0.620389580727,-0.147536143661,1.32135462761,0.0634085834026,-0.0527830570936,0.776731491089,0.624404966831
-0.620206415653,-0.147420763969,1.32137298584,0.0639949887991,-0.0527880974114,0.775963842869,0.625298500061
-0.619913160801,-0.147402539849,1.32135248184,0.064283080399,-0.0532267689705,0.775454640388,0.625863075256
-0.619909703732,-0.147453323007,1.32152152061,0.0649742931128,-0.0529496334493,0.774816870689,0.626604855061
-0.619614183903,-0.147432893515,1.32159936428,0.0648742169142,-0.0527334883809,0.773739516735,0.627963125706
-0.619614899158,-0.147647589445,1.32170712948,0.0654199942946,-0.0529498010874,0.773097395897,0.628678739071
-0.619304060936,-0.147510752082,1.32173418999,0.0659200027585,-0.0528637692332,0.771779179573,0.630251646042
-0.619218230247,-0.147080749273,1.32174384594,0.066833101213,-0.0528693497181,0.771061718464,0.631032407284
-0.619131922722,-0.147615879774,1.32183253765,0.067048959434,-0.0527958571911,0.770291984081,0.631955206394
-0.619001150131,-0.147615015507,1.32193863392,0.0670404806733,-0.0529796667397,0.769048035145,0.633454024792
-0.618913710117,-0.147717982531,1.32206118107,0.0673363357782,-0.0527924373746,0.768031537533,0.634670436382
-0.618666410446,-0.147643908858,1.32208943367,0.0676858350635,-0.0530586019158,0.766912996769,0.635962307453
-0.618446826935,-0.147346824408,1.32198500633,0.0683922246099,-0.0530370734632,0.765845000744,0.637174367905
-0.618288457394,-0.147468075156,1.322021842,0.0693272575736,-0.052594486624,0.764739215374,0.638436853886
-0.618202805519,-0.147441998124,1.32207715511,0.0695385485888,-0.0528414770961,0.763431310654,0.639956891537
-0.618117213249,-0.147517591715,1.32209801674,0.0701516643167,-0.0527327507734,0.762637734413,0.640844583511
-0.617894232273,-0.147437378764,1.32205748558,0.0706045627594,-0.0537137389183,0.761390984058,0.642194449902
-0.617791593075,-0.147398725152,1.32212507725,0.0709321722388,-0.0529703013599,0.759699106216,0.644220411777
-0.617731332779,-0.147405430675,1.32211661339,0.0714216902852,-0.0531517826021,0.758344352245,0.645745992661
-0.617550492287,-0.147227048874,1.32214689255,0.071932643652,-0.0533827096224,0.757068514824,0.647165596485
-0.617672085762,-0.147484391928,1.32230758667,0.0719186514616,-0.0536325462162,0.755612611771,0.648845851421
-0.617447853088,-0.147248998284,1.32226717472,0.0723956227303,-0.0534369461238,0.753974497318,0.650711774826
-0.617509543896,-0.147416234016,1.32233631611,0.0730602666736,-0.0536371618509,0.752780437469,0.65200227499
-0.617432594299,-0.146800071001,1.32226169109,0.0733102932572,-0.0540641285479,0.750772953033,0.654249608517
-0.617184042931,-0.147029861808,1.32228589058,0.0733889341354,-0.0540947578847,0.7497356534,0.655426859856
-0.617185354233,-0.147071063519,1.32229971886,0.0743035003543,-0.0542281717062,0.748302042484,0.656949400902
-0.617071509361,-0.146924808621,1.32229065895,0.074408069253,-0.0548976771533,0.747049570084,0.658305883408
-0.616909563541,-0.146969914436,1.32237148285,0.0738958194852,-0.0550476163626,0.745134413242,0.66051787138
-0.616935968399,-0.146884083748,1.32236003876,0.0748090669513,-0.0552295073867,0.743656933308,0.662063121796
-0.617099702358,-0.146552413702,1.32234942913,0.0755701139569,-0.0557402931154,0.742186844349,0.663581848145
-0.616807699203,-0.146774947643,1.32242226601,0.0748456865549,-0.0564188659191,0.741244316101,0.664659321308
-0.616967976093,-0.146610915661,1.32228052616,0.0764163136482,-0.0557036213577,0.739679396152,0.666282296181
-0.616835534573,-0.146734803915,1.32229483128,0.0760001391172,-0.0557558573782,0.738143086433,0.668026983738
-0.616672635078,-0.146447986364,1.32213616371,0.0761000439525,-0.0565316677094,0.737078249454,0.669125318527
-0.616785407066,-0.146535724401,1.32226109505,0.0766080766916,-0.0565552450716,0.736103117466,0.670138061047
-0.616830289364,-0.146527186036,1.32224559784,0.0769836306572,-0.0564624145627,0.734876811504,0.671447277069
-0.616771399975,-0.146385386586,1.32219564915,0.0771224722266,-0.056882314384,0.733663678169,0.672721505165
-0.616672694683,-0.146059662104,1.32222163677,0.0765399113297,-0.0574148893356,0.73243701458,0.674078166485
-0.616779446602,-0.146105408669,1.32219135761,0.076836258173,-0.0573179684579,0.731032431126,0.675575733185
-0.616982400417,-0.145911201835,1.32208788395,0.0773354396224,-0.0577503107488,0.729724228382,0.676894962788
-0.616972625256,-0.146084472537,1.32208454609,0.0776183307171,-0.057971354574,0.729216635227,0.677390396595
-0.617033243179,-0.14622066915,1.322057724,0.0772934705019,-0.0583648569882,0.728171408176,0.678517520428
-0.617040872574,-0.146288082004,1.32210850716,0.0776196792722,-0.0579681359231,0.727123260498,0.67963719368
-0.617100119591,-0.146087676287,1.32211470604,0.0781901925802,-0.0579705424607,0.726225852966,0.680530369282
-0.617070138454,-0.145973488688,1.32193732262,0.0776178017259,-0.0582616366446,0.724815130234,0.682073414326
-0.617175936699,-0.145913615823,1.32197463512,0.0786892995238,-0.0591071397066,0.724518537521,0.682193160057
-0.617033720016,-0.145865514874,1.32195389271,0.0789904817939,-0.058871999383,0.723559081554,0.683196008205
-0.617202043533,-0.145995408297,1.32188296318,0.0794063583016,-0.058984156698,0.722486317158,0.684272706509
-0.617031872272,-0.145745918155,1.32196056843,0.079423122108,-0.0594672076404,0.722046077251,0.684693276882
-0.617098391056,-0.145993381739,1.32196521759,0.0797182098031,-0.0595187656581,0.721180856228,0.685565888882
-0.617094576359,-0.146169707179,1.32200527191,0.0805092528462,-0.0593710206449,0.720389425755,0.686317980289
-0.616965889931,-0.146271020174,1.32193696499,0.0808732509613,-0.059888549149,0.719713330269,0.686939358711
-0.61724281311,-0.146283864975,1.32198762894,0.0804854184389,-0.0607483834028,0.718337714672,0.688347876072
-0.617166876793,-0.146324247122,1.3219717741,0.0810627490282,-0.0608415305614,0.717777907848,0.688855469227
-0.616563916206,-0.14655867219,1.32191514969,0.0817602574825,-0.0606759041548,0.717999756336,0.688556671143
-0.616723895073,-0.146777361631,1.32190442085,0.0821153447032,-0.0612389445305,0.716602265835,0.689918875694
-0.616807878017,-0.146967202425,1.3218998909,0.0836895704269,-0.0602395012975,0.715848147869,0.690600216389
-0.616688489914,-0.147143959999,1.32195138931,0.0846468806267,-0.0606559626758,0.71567517519,0.690626382828
-0.616095006466,-0.147230312228,1.32193982601,0.0850575491786,-0.0603215433657,0.715392827988,0.690897762775
-0.616512596607,-0.147439539433,1.32206952572,0.0856423899531,-0.0608804225922,0.713938295841,0.69227963686
-0.615946650505,-0.147727221251,1.32199823856,0.0870874747634,-0.0602389574051,0.714262723923,0.69182062149
-0.615819633007,-0.147812321782,1.32203149796,0.0876381546259,-0.0602816008031,0.713504612446,0.692529499531
-0.61601960659,-0.148132577538,1.32213902473,0.0875209793448,-0.060498572886,0.711829841137,0.694246530533
-0.61563038826,-0.148332357407,1.32218360901,0.0873380154371,-0.061585213989,0.711529672146,0.69448184967
-0.615440487862,-0.1483579427,1.3222322464,0.0878383889794,-0.0616400614381,0.711086273193,0.69486784935
-0.615007758141,-0.148471698165,1.32228112221,0.088781863451,-0.0613266304135,0.711153566837,0.6947067976
-0.614883959293,-0.148662343621,1.32236087322,0.0891079232097,-0.0614164248109,0.710609138012,0.695213973522
-0.614810168743,-0.148998484015,1.32248866558,0.0898046419024,-0.0619425773621,0.710305452347,0.695388019085
-0.614693284035,-0.149183094501,1.32255733013,0.0901921615005,-0.0620719008148,0.709838628769,0.695802867413
-0.614509165287,-0.14937530458,1.3225812912,0.0903926491737,-0.0619170553982,0.709028065205,0.696616709232
-0.614486515522,-0.149825230241,1.32269203663,0.0907564535737,-0.0615409649909,0.708499968052,0.69713973999
-0.61435341835,-0.150023832917,1.32268691063,0.0907316431403,-0.061347104609,0.707966029644,0.697702288628
-0.61419147253,-0.150317564607,1.32274281979,0.091223038733,-0.0618209391832,0.707576036453,0.697991967201
-0.614063739777,-0.1504868716,1.32277178764,0.0916881561279,-0.0619555227458,0.707286536694,0.698212504387
-0.613929867744,-0.150682553649,1.3228136301,0.0920487865806,-0.0620833672583,0.707005918026,0.698437869549
-0.61376029253,-0.150822728872,1.3228290081,0.0924345701933,-0.0621056221426,0.706584870815,0.69881093502
-0.613631546497,-0.151068508625,1.32284557819,0.0927101522684,-0.0622018165886,0.706329643726,0.699023902416
-0.613590180874,-0.15140247345,1.32297718525,0.0926768556237,-0.062238946557,0.705755770206,0.699604272842
-0.613481581211,-0.151689425111,1.32300460339,0.0939534679055,-0.0633043646812,0.706024169922,0.699067473412
-0.613742947578,-0.152097716928,1.32306849957,0.093382306397,-0.0639130994678,0.704909861088,0.700212180614
-0.613556802273,-0.152225881815,1.32299983501,0.093554764986,-0.06393956393,0.70442044735,0.700678944588
-0.612955570221,-0.15258719027,1.32282400131,0.0947466567159,-0.063509747386,0.705024719238,0.699949860573
-0.612751185894,-0.152777656913,1.32274520397,0.0951213166118,-0.063856177032,0.704941213131,0.699951648712
-0.61305731535,-0.152950495481,1.32282948494,0.0946282148361,-0.064647950232,0.703781187534,0.701112151146
-0.612880170345,-0.153247773647,1.32281327248,0.0951894670725,-0.0648385435343,0.703770041466,0.701029658318
-0.612765014172,-0.153610020876,1.32281863689,0.0958768874407,-0.0652803406119,0.703920543194,0.700743854046
-0.612630784512,-0.154054537416,1.32278168201,0.0961759537458,-0.0654618442059,0.703827381134,0.700779497623
-0.612008452415,-0.154189839959,1.3226044178,0.097849778831,-0.0646516382694,0.704567015171,0.699879288673
-0.611729204655,-0.154227763414,1.32256066799,0.0987280607224,-0.0649512037635,0.704830884933,0.699462354183
-0.611591815948,-0.154646456242,1.32256603241,0.0995283424854,-0.0646117627621,0.704956352711,0.69925391674
-0.611492395401,-0.155208274722,1.3224298954,0.100965775549,-0.0648591071367,0.705295681953,0.698682427406
-0.611230194569,-0.155337095261,1.32235515118,0.100871801376,-0.0655018091202,0.705141246319,0.698792099953
-0.611109316349,-0.155616387725,1.32250535488,0.101296797395,-0.065408103168,0.705138742924,0.698741793633
-0.610863745213,-0.155965313315,1.32245254517,0.10203512758,-0.0656068995595,0.705364108086,0.69838821888
-0.610772907734,-0.156452283263,1.32244586945,0.102295555174,-0.0651414245367,0.705243587494,0.698515415192
-0.61061924696,-0.156602978706,1.32229924202,0.104012593627,-0.0650860518217,0.705595433712,0.697911560535
-0.610572516918,-0.157287970185,1.32226192951,0.104568965733,-0.0649239271879,0.705578625202,0.69786041975
-0.610266149044,-0.157345414162,1.3220719099,0.105515122414,-0.0656617730856,0.706225097179,0.696994423866
-0.610154271126,-0.157826453447,1.3221834898,0.106469161808,-0.0664590969682,0.706950843334,0.696037352085
-0.609949886799,-0.158175930381,1.32221615314,0.106792777777,-0.066277526319,0.707136929035,0.695816040039
-0.609796524048,-0.158601388335,1.32225847244,0.107466310263,-0.0658609047532,0.70761013031,0.69527053833
-0.609549880028,-0.158983081579,1.32237040997,0.10737515986,-0.0661550536752,0.708132088184,0.694725096226
-0.60930198431,-0.159209653735,1.32237529755,0.107314094901,-0.0667393133044,0.708691596985,0.694108009338
-0.609081447124,-0.159405559301,1.32239639759,0.107537768781,-0.0672344043851,0.709402263165,0.69329893589
-0.608973562717,-0.159916341305,1.32250380516,0.107779085636,-0.067024871707,0.70998352766,0.692686736584
-0.608829915524,-0.160175547004,1.32260298729,0.1076246351,-0.0671186521649,0.710572361946,0.69209754467
-0.608579874039,-0.160336405039,1.3227673769,0.106394395232,-0.0679809302092,0.711290895939,0.691465258598
-0.608455598354,-0.160690188408,1.32283735275,0.106713086367,-0.0684092715383,0.712419688702,0.690210580826
-0.608320355415,-0.16080904007,1.32275867462,0.106948018074,-0.0682345628738,0.712896227837,0.689699292183
-0.608302116394,-0.161335423589,1.32292604446,0.106139458716,-0.0673230290413,0.713337659836,0.689457416534
-0.608206212521,-0.161475867033,1.32300531864,0.105474941432,-0.0679443329573,0.713985323906,0.688827633858
-0.607951462269,-0.161674767733,1.3230574131,0.104445971549,-0.0688173547387,0.714912176132,0.687935948372
-0.60791105032,-0.161909013987,1.32311916351,0.104209795594,-0.0690468922257,0.715847969055,0.686974823475
-0.607974410057,-0.162242904305,1.32329380512,0.104191370308,-0.0695493146777,0.716503024101,0.686243832111
-0.607872545719,-0.162412375212,1.32331812382,0.103993736207,-0.069494523108,0.717212975025,0.685537278652
-0.607852041721,-0.162635192275,1.32335066795,0.103887937963,-0.0693495422602,0.717787325382,0.684966862202
-0.607829809189,-0.162763699889,1.32318246365,0.103791058064,-0.0688212290406,0.718212604523,0.68458878994
-0.607935428619,-0.163136661053,1.32326352596,0.103995636106,-0.0697453692555,0.719295024872,0.683326601982
-0.607804179192,-0.163157239556,1.32330834866,0.103433348238,-0.0696374326944,0.719764649868,0.682928442955
-0.607828080654,-0.163408517838,1.32328891754,0.103382401168,-0.0694536194205,0.72025257349,0.68244022131
-0.607838392258,-0.163599073887,1.32321667671,0.103276371956,-0.0695943459868,0.720670044422,0.682000935078
-0.607880234718,-0.163879960775,1.32320785522,0.103329576552,-0.0698288604617,0.721416532993,0.681179225445
-0.607738077641,-0.163946121931,1.32311582565,0.102697007358,-0.068820528686,0.721508443356,0.681280195713
-0.607780754566,-0.164237990975,1.32310962677,0.103247046471,-0.0697034075856,0.72242218256,0.680137991905
-0.607666194439,-0.164338946342,1.32295191288,0.103303201497,-0.0693964809179,0.722507178783,0.680070638657
-0.607581555843,-0.164473906159,1.32290816307,0.103296048939,-0.06921146065,0.722845613956,0.679730832577
-0.607414186001,-0.164685606956,1.32295310497,0.102414563298,-0.0695030540228,0.723195075989,0.679462730885
-0.60729187727,-0.16481949389,1.32283723354,0.101958915591,-0.0688672959805,0.723430991173,0.679344654083
-0.60711979866,-0.164959102869,1.32283389568,0.101690523326,-0.068785585463,0.72383749485,0.678960084915
-0.607139587402,-0.164842501283,1.32277214527,0.101643018425,-0.0690743923187,0.723819673061,0.678956925869
-0.607082247734,-0.165443345904,1.3227660656,0.10127376765,-0.068524338305,0.724009156227,0.678865849972
-0.606953084469,-0.165423750877,1.32270503044,0.101346440613,-0.0685586333275,0.724332690239,0.67850625515
-0.6069637537,-0.165712714195,1.32269859314,0.100823916495,-0.0687117949128,0.724328637123,0.678573012352
-0.606908798218,-0.165833249688,1.32271766663,0.100495241582,-0.0687340348959,0.724462449551,0.678476631641
-0.606864869595,-0.165852591395,1.32272613049,0.100320577621,-0.0687566548586,0.724573254585,0.678381741047
-0.606887757778,-0.166086271405,1.32278692722,0.100171819329,-0.068236105144,0.724682629108,0.678339481354
-0.606748580933,-0.166237160563,1.32277441025,0.0999204069376,-0.0693789869547,0.725096523762,0.677818238735
-0.606760561466,-0.166281744838,1.32290065289,0.0992400422692,-0.0684484094381,0.725090324879,0.678019225597
-0.606585383415,-0.166222602129,1.32287287712,0.0987981408834,-0.0689216256142,0.725415229797,0.677688241005
-0.606546282768,-0.166206106544,1.32285857201,0.0982892289758,-0.0693970993161,0.725476920605,0.677647709846
-0.60655772686,-0.166244506836,1.32291388512,0.0978230312467,-0.0694755762815,0.725516915321,0.677664339542
-0.60657864809,-0.166308924556,1.32297134399,0.0973291173577,-0.0695242956281,0.725639939308,0.677598774433
-0.606624960899,-0.166375339031,1.32302904129,0.0967336893082,-0.0695672109723,0.725721716881,0.677591979504
-0.606587469578,-0.166513472795,1.32311296463,0.0960668474436,-0.0693901926279,0.725924313068,0.677488029003
-0.60670542717,-0.166581720114,1.32322227955,0.0953882783651,-0.0695482417941,0.725904345512,0.677589178085
-0.606761515141,-0.1666110605,1.32319104671,0.0949301794171,-0.0697292163968,0.726093292236,0.67743229866
-0.606798171997,-0.166673243046,1.32320225239,0.0944689884782,-0.0697359740734,0.726222217083,0.677357971668
-0.606781959534,-0.166774719954,1.32320618629,0.0940405502915,-0.0697392374277,0.726432859898,0.677191317081
-0.606805086136,-0.166912481189,1.32321214676,0.0935857668519,-0.06971809268,0.726563513279,0.677116334438
-0.60692691803,-0.166997537017,1.32327270508,0.0935638770461,-0.0698279365897,0.726643562317,0.677022099495
-0.606961548328,-0.166969642043,1.32320833206,0.0936154946685,-0.0697237849236,0.726759910583,0.676900863647
-0.606897056103,-0.167005062103,1.32317388058,0.0930569693446,-0.0698601827025,0.72701382637,0.676691055298
-0.606955111027,-0.167245477438,1.32319641113,0.0926474109292,-0.0695761740208,0.727071940899,0.676714241505
-0.606946468353,-0.16734020412,1.32324719429,0.0921994671226,-0.0693900287151,0.727239310741,0.676614582539
-0.607063829899,-0.167381882668,1.3232691288,0.0920565873384,-0.0698101893067,0.727592051029,0.676211476326
-0.607091248035,-0.167417451739,1.32327270508,0.0916483104229,-0.0698841661215,0.727650702,0.676196217537
-0.607136487961,-0.167894974351,1.32328748703,0.090893432498,-0.0697458311915,0.727714776993,0.676243424416
-0.607124447823,-0.167858377099,1.3232704401,0.0902650505304,-0.0695550888777,0.727486312389,0.676593005657
-0.607168614864,-0.167882829905,1.32327008247,0.0898466184735,-0.0696732997894,0.727464079857,0.67666041851
-0.607234418392,-0.167570516467,1.32327353954,0.0899181813002,-0.0697263255715,0.727524220943,0.6765807271
-0.60726082325,-0.167587891221,1.32328438759,0.0894582718611,-0.0698957517743,0.727499306202,0.676651000977
-0.607376337051,-0.167574346066,1.32332324982,0.0891820639372,-0.0698452219367,0.727310538292,0.676895678043
-0.607560217381,-0.167256876826,1.32331335545,0.0888740420341,-0.0702255666256,0.727007031441,0.677222728729
-0.607453346252,-0.167478203773,1.3232831955,0.088376544416,-0.07034573704,0.727130055428,0.677143216133
-0.607497215271,-0.167470812798,1.32329642773,0.0880483984947,-0.0704545378685,0.726973772049,0.677342474461
-0.607479214668,-0.167551830411,1.32337474823,0.0872834771872,-0.0705018416047,0.726820111275,0.677601277828
-0.607472896576,-0.167401194572,1.3233319521,0.0867835506797,-0.0711591690779,0.726643562317,0.677786231041
-0.607517540455,-0.167417153716,1.32338190079,0.0864733830094,-0.0712500661612,0.726266503334,0.678220331669
-0.607665419579,-0.16737651825,1.32334792614,0.0867027193308,-0.0709673687816,0.725867092609,0.6786480546
-0.607700645924,-0.167332485318,1.32336688042,0.0864993780851,-0.0709183514118,0.725584864616,0.678980886936
-0.607717752457,-0.167374253273,1.32344985008,0.0859071984887,-0.0709141790867,0.725188136101,0.679480195045
-0.607620596886,-0.167318999767,1.32344186306,0.0857250913978,-0.0709314271808,0.725071132183,0.679626166821
-0.607689976692,-0.167327284813,1.32350873947,0.0855420008302,-0.0704111233354,0.724661171436,0.680140435696
-0.607724189758,-0.167250409722,1.3235373497,0.0854646265507,-0.0703177079558,0.724278092384,0.680567860603
-0.607726633549,-0.167177468538,1.32360911369,0.0854383483529,-0.0705440193415,0.724272191525,0.680553972721
-0.607652723789,-0.167025744915,1.3236130476,0.0851558223367,-0.0700315535069,0.723546266556,0.681413710117
-0.607598483562,-0.166984096169,1.32366323471,0.0849884152412,-0.0698718950152,0.723309874535,0.681702077389
-0.607835292816,-0.166789397597,1.32375836372,0.085288926959,-0.0693016722798,0.722653925419,0.682417988777
-0.607694327831,-0.166994869709,1.32380497456,0.0851575285196,-0.0688972920179,0.722645640373,0.682484269142
-0.607651591301,-0.166994273663,1.32385957241,0.0852538794279,-0.0687830746174,0.722307682037,0.682841300964
-0.607564747334,-0.166922003031,1.32385218143,0.0849449560046,-0.0690590441227,0.722114682198,0.683055996895
-0.607549190521,-0.166907399893,1.32390272617,0.0850712880492,-0.0690073147416,0.72198009491,0.683187901974
-0.607502937317,-0.166865170002,1.32394325733,0.0851312205195,-0.0687601342797,0.721757829189,0.683440089226
-0.607530415058,-0.166931211948,1.32403743267,0.0854060128331,-0.0681978836656,0.721598267555,0.68363070488
-0.607495367527,-0.166922792792,1.32408595085,0.0855238437653,-0.0681853368878,0.721479892731,0.683742105961
-0.607422173023,-0.166775763035,1.3241328001,0.085636600852,-0.0681705996394,0.721278607845,0.683941781521
-0.607397317886,-0.166779026389,1.32419872284,0.0856552645564,-0.0681320503354,0.721162617207,0.684065699577
-0.607380986214,-0.166748136282,1.32427227497,0.0856437832117,-0.0681423023343,0.721010446548,0.684226453304
-0.607310056686,-0.166608557105,1.32430160046,0.0853853076696,-0.0685842931271,0.720957577229,0.684270322323
-0.6072961092,-0.16657781601,1.32437396049,0.0852792933583,-0.0685347467661,0.720801591873,0.684452652931
-0.607344865799,-0.166522085667,1.3244395256,0.0852588266134,-0.0685053467751,0.7205914855,0.684679448605
-0.607398033142,-0.16649569571,1.32452630997,0.0851782038808,-0.068422101438,0.72039103508,0.684908628464
-0.607515454292,-0.166551992297,1.32461440563,0.0848340913653,-0.0684785619378,0.720069766045,0.685283660889
-0.60745871067,-0.166499808431,1.32462692261,0.0850086659193,-0.0683891624212,0.720158040524,0.685177981853
-0.607480406761,-0.166493296623,1.32467377186,0.0849165543914,-0.0683320313692,0.720123052597,0.685231864452
-0.607619285583,-0.166625186801,1.32477760315,0.0847408622503,-0.0686362832785,0.720238864422,0.685101568699
-0.607582092285,-0.166553273797,1.32478964329,0.0844539031386,-0.0682792812586,0.720035493374,0.685386359692
-0.607685148716,-0.166553154588,1.32470405102,0.0852062702179,-0.0677466541529,0.720067441463,0.685312569141
-0.607679843903,-0.166580423713,1.32471990585,0.0850818306208,-0.0677691921592,0.720235645771,0.685149013996
-0.607682287693,-0.166608840227,1.32473802567,0.0849873125553,-0.0677268952131,0.720397233963,0.684994935989
-0.607682824135,-0.166682600975,1.32476532459,0.0848838314414,-0.0676953494549,0.720615684986,0.684781074524
-0.607664167881,-0.166719168425,1.32478892803,0.0848273411393,-0.0675920546055,0.720858454704,0.684542894363
-0.607607424259,-0.16669999063,1.32470715046,0.0850593820214,-0.0677199587226,0.721360743046,0.683971941471
-0.607544839382,-0.166681811213,1.3246973753,0.0848713442683,-0.0679197311401,0.721630454063,0.683690905571
-0.607491135597,-0.166746079922,1.32474112511,0.0847778245807,-0.0677764564753,0.721944749355,0.683384954929
-0.607563436031,-0.166900828481,1.3248090744,0.0848355591297,-0.0673568472266,0.722106993198,0.683247745037
-0.60756033659,-0.166999325156,1.32483005524,0.0846214815974,-0.0673579201102,0.722310423851,0.683059155941
-0.607549190521,-0.167037725449,1.32487404346,0.0843051970005,-0.0675056353211,0.722442865372,0.682943701744
-0.607559382915,-0.167093709111,1.32489836216,0.0841209888458,-0.0675244256854,0.722534656525,0.682867288589
-0.607596933842,-0.167083919048,1.32488238811,0.0842588320374,-0.0674851164222,0.722601234913,0.682783842087
-0.607587099075,-0.167210310698,1.32506084442,0.0832531228662,-0.0677381306887,0.722671508789,0.682807683945
-0.607581496239,-0.16722458601,1.32510018349,0.0830716565251,-0.0677539035678,0.72274929285,0.682745873928
-0.607538461685,-0.167148038745,1.32512259483,0.08263310045,-0.0682087615132,0.722822785378,0.68267595768
-0.607629239559,-0.167165845633,1.3252120018,0.0821673870087,-0.0683067515492,0.722668349743,0.682885944843
-0.607705235481,-0.167217954993,1.32516884804,0.0826399251819,-0.0678366571665,0.722681820393,0.682861506939
-0.607769012451,-0.167410448194,1.32521343231,0.0824749842286,-0.0680810138583,0.722991883755,0.682528913021
-0.607723236084,-0.167434722185,1.32533168793,0.0813623666763,-0.0686416774988,0.723011672497,0.682585299015
-0.607760965824,-0.16736215353,1.32533633709,0.0811673253775,-0.0687437579036,0.722995996475,0.682614862919
-0.60773307085,-0.167341053486,1.32528495789,0.0810695514083,-0.0688209235668,0.723126411438,0.68248051405
-0.60776412487,-0.167284995317,1.32528448105,0.0804563760757,-0.0685992613435,0.722823441029,0.682896256447
-0.60785138607,-0.167271956801,1.32516276836,0.0809545367956,-0.0682386532426,0.722841322422,0.682854652405
-0.607862472534,-0.167261317372,1.3251298666,0.0807170718908,-0.0682716071606,0.722938656807,0.682776331902
-0.607865273952,-0.167264044285,1.32508218288,0.0804545804858,-0.0683275833726,0.723057925701,0.682675421238
-0.60788077116,-0.167255058885,1.32503306866,0.0801142007113,-0.0683495551348,0.723168253899,0.682596325874
-0.607891261578,-0.167141735554,1.32491743565,0.0794225260615,-0.0678809955716,0.723093748093,0.682802796364
-0.607886135578,-0.167082771659,1.32481849194,0.0792541280389,-0.0678994804621,0.723508656025,0.682380914688
-0.607803225517,-0.167132750154,1.32476484776,0.0789330676198,-0.0677562206984,0.723931729794,0.681983709335
-0.607726037502,-0.167015820742,1.3247730732,0.0778001248837,-0.0683905184269,0.724240899086,0.681722164154
-0.607854068279,-0.167052030563,1.32464146614,0.0782396942377,-0.0676430240273,0.724489212036,0.681482315063
-0.607859432697,-0.166976004839,1.32456409931,0.0776665508747,-0.0675825178623,0.724908173084,0.681108415127
-0.608094155788,-0.16663107276,1.3245074749,0.0776339620352,-0.0674640759826,0.724971175194,0.681056797504
-0.608162581921,-0.166538968682,1.32443118095,0.0771929100156,-0.0673763826489,0.725372493267,0.680688142776
-0.608106851578,-0.166807919741,1.32443296909,0.0769806131721,-0.0673968568444,0.726141214371,0.679890215397
-0.608036160469,-0.166826099157,1.32435357571,0.0763844251633,-0.0680356323719,0.72731924057,0.678633451462
-0.608050644398,-0.166673675179,1.32425785065,0.0759293660522,-0.0675100460649,0.72766160965,0.678369879723
-0.608179688454,-0.166635796428,1.32422184944,0.0755690932274,-0.0671504735947,0.728216171265,0.677850723267
-0.608273208141,-0.166352033615,1.32412004471,0.0749937966466,-0.0670650973916,0.728766739368,0.677331030369
-0.608268141747,-0.166375398636,1.32402682304,0.0740895569324,-0.0673355162144,0.729661524296,0.676439881325
-0.608373820782,-0.166296765208,1.32394266129,0.0734113380313,-0.0672533586621,0.730385661125,0.675740003586
-0.608528614044,-0.166233092546,1.32395374775,0.0722373425961,-0.0676053985953,0.730971753597,0.675197422504
-0.608839333057,-0.166161879897,1.32394492626,0.0715382248163,-0.0681713968515,0.731868088245,0.674243450165
-0.608989059925,-0.16588537395,1.32378733158,0.0708859935403,-0.0681394711137,0.732361972332,0.673779070377
-0.609106004238,-0.165977478027,1.32371258736,0.0705156251788,-0.0675124302506,0.733412742615,0.672737300396
-0.609418928623,-0.166191577911,1.3237798214,0.0691904872656,-0.0678409487009,0.734657287598,0.671482622623
-0.609768033028,-0.165911182761,1.32371151447,0.0675450265408,-0.0684971138835,0.735118806362,0.671078503132
-0.610246896744,-0.165918588638,1.32367384434,0.0668616443872,-0.0688983798027,0.736287951469,0.66982281208
-0.610411167145,-0.165539905429,1.32341969013,0.0665892735124,-0.0692149549723,0.737821280956,0.668128073215
-0.610714912415,-0.165377289057,1.32325077057,0.0655017122626,-0.0698223039508,0.739026784897,0.66683870554
-0.611082136631,-0.165288433433,1.32319450378,0.0634596124291,-0.0702867284417,0.739911556244,0.666005671024
-0.61151266098,-0.165349468589,1.32302904129,0.0623329952359,-0.0704815685749,0.741013109684,0.664865791798
-0.612287819386,-0.165393486619,1.32279586792,0.062526345253,-0.0696391314268,0.741786301136,0.664073824883
-0.612424314022,-0.165132954717,1.32261323929,0.0614884421229,-0.0699785724282,0.743628919125,0.662071228027
-0.612652361393,-0.164985463023,1.32246148586,0.0609863623977,-0.0697807297111,0.745072484016,0.660513699055
-0.612947881222,-0.165042683482,1.32231092453,0.0604589693248,-0.070020891726,0.746942579746,0.658421397209
-0.613332033157,-0.165123715997,1.32220935822,0.0601862370968,-0.0693565905094,0.748407900333,0.656850755215
-0.6136328578,-0.165139570832,1.32201290131,0.0598986633122,-0.068740658462,0.749621748924,0.655556440353
-0.613757133484,-0.164775460958,1.32175457478,0.059332665056,-0.0684137195349,0.750916540623,0.654158771038
-0.613736987114,-0.164573505521,1.32153773308,0.0589620471001,-0.0673074796796,0.752526700497,0.652454435825
-0.613818585873,-0.16460493207,1.32142329216,0.0587811470032,-0.0667173191905,0.754177391529,0.650622963905
-0.613761425018,-0.164635658264,1.32122206688,0.0587902031839,-0.0658351331949,0.755881845951,0.648731350899
-0.613914906979,-0.164626330137,1.3211838007,0.0585918389261,-0.0651781782508,0.757290184498,0.647171020508
-0.613787710667,-0.164466530085,1.32094836235,0.0589615814388,-0.0644161850214,0.759036242962,0.645165205002
-0.613858938217,-0.164134725928,1.32080590725,0.0589016489685,-0.0643056258559,0.760636746883,0.643293917179
-0.613562107086,-0.164284914732,1.32072854042,0.0589003227651,-0.063487380743,0.762518107891,0.641144573689
-0.613549947739,-0.164389267564,1.32078182697,0.0582230836153,-0.0628933012486,0.764116406441,0.639359593391
-0.613537073135,-0.164083883166,1.32066237926,0.0584121234715,-0.0624057091773,0.765701472759,0.637491106987
-0.613428354263,-0.164222955704,1.32063388824,0.0579435825348,-0.0617868155241,0.767360568047,0.635596394539
-0.613266587257,-0.164088487625,1.32063686848,0.0574491471052,-0.0613474398851,0.769232213497,0.633417725563
-0.612987220287,-0.163471579552,1.32040607929,0.0584122762084,-0.0611863583326,0.771338820457,0.630777835846
-0.612902402878,-0.163767397404,1.32051408291,0.0576382949948,-0.0607019253075,0.772832214832,0.629065573215
-0.61284416914,-0.163796111941,1.32051360607,0.0571657307446,-0.0604174844921,0.774431824684,0.627166032791
-0.612752139568,-0.163478210568,1.32051944733,0.0575096122921,-0.0597736723721,0.776086628437,0.625147461891
-0.612696707249,-0.164051800966,1.32072591782,0.0563599132001,-0.059196934104,0.777608215809,0.623413860798
-0.612664163113,-0.163529783487,1.32066380978,0.0568632259965,-0.0586340799928,0.779436886311,0.621133565903
-0.612544119358,-0.16337774694,1.32057213783,0.0574260987341,-0.0580870434642,0.781503379345,0.618530988693
-0.612042427063,-0.163380712271,1.32047569752,0.0573336742818,-0.0581570453942,0.783724963665,0.615715682507
-0.612165689468,-0.163162231445,1.32051730156,0.05708360672,-0.058106072247,0.785350084305,0.613669514656
-0.611764550209,-0.16309183836,1.32046175003,0.0581198371947,-0.0569001175463,0.787988185883,0.610294222832
-0.611460089684,-0.163247764111,1.3206101656,0.0583054721355,-0.0567125156522,0.790283441544,0.607318997383
-0.611390888691,-0.16324184835,1.32058465481,0.0585106052458,-0.0567055530846,0.792706012726,0.604134202003
-0.611498296261,-0.16332821548,1.32056665421,0.058103390038,-0.0561320930719,0.793756604195,0.602846205235
-0.61138343811,-0.163342878222,1.32063448429,0.0576820448041,-0.0560607612133,0.795622348785,0.60042899847
-0.611273646355,-0.163456827402,1.32063674927,0.0572629608214,-0.055613886565,0.797712087631,0.597731947899
-0.611235678196,-0.163562908769,1.32074379921,0.0567500628531,-0.055495403707,0.799241602421,0.595745325089
-0.611111819744,-0.163713634014,1.32080674171,0.0562365166843,-0.0552064813673,0.801377773285,0.592944800854
-0.6109842062,-0.163633912802,1.32077217102,0.0562008097768,-0.0547339133918,0.803218722343,0.590495884418
-0.611411809921,-0.163200438023,1.32010579109,0.0601659826934,-0.0529144108295,0.804924845695,0.587942242622
-0.61116963625,-0.16329652071,1.3201777935,0.0601918324828,-0.0536535792053,0.807481586933,0.584355771542
-0.610848367214,-0.16314201057,1.32017624378,0.060090418905,-0.0532335862517,0.809558689594,0.581524014473
-0.610720455647,-0.163070708513,1.32006776333,0.0601180456579,-0.0526806935668,0.811390340328,0.579013168812
-0.610406339169,-0.162920877337,1.3199505806,0.0599190108478,-0.051414873451,0.812526404858,0.577552556992
-0.610149979591,-0.162960872054,1.31998050213,0.0599245354533,-0.0503264293075,0.814561605453,0.574774563313
-0.6101821661,-0.162984549999,1.3197221756,0.0611091777682,-0.0495277345181,0.815686404705,0.573121607304
-0.609889864922,-0.162736654282,1.31962656975,0.0618287287652,-0.0487023405731,0.817440092564,0.57061111927
-0.609660565853,-0.162698328495,1.31955182552,0.0623296424747,-0.0481459982693,0.818860888481,0.568563044071
-0.609310090542,-0.162664666772,1.3194975853,0.0625817626715,-0.0475514940917,0.820170342922,0.566694796085
-0.60895138979,-0.162520036101,1.31949567795,0.0632630735636,-0.0466274991632,0.821508467197,0.564754545689
-0.608525216579,-0.162551358342,1.31953537464,0.0638264715672,-0.045768968761,0.822718143463,0.562997579575
-0.608147263527,-0.162435740232,1.31948196888,0.0644094347954,-0.0452889502048,0.823947608471,0.561169028282
-0.607697606087,-0.162315517664,1.31949555874,0.0648882910609,-0.0445666201413,0.825128734112,0.559433579445
-0.606863796711,-0.162315666676,1.31984806061,0.0638381391764,-0.0441489554942,0.826636970043,0.557357132435
-0.606595098972,-0.162334933877,1.31988751888,0.064058162272,-0.0439091622829,0.82732874155,0.55632352829
-0.60635894537,-0.161753937602,1.319480896,0.0664823502302,-0.0434041395783,0.828244805336,0.554713249207
-0.605648458004,-0.161864072084,1.31991636753,0.0649997219443,-0.0436040982604,0.829408764839,0.553131818771
-0.605216920376,-0.161806419492,1.31993067265,0.0653987824917,-0.0432980246842,0.830252468586,0.55184173584
-0.60451233387,-0.161599904299,1.32005441189,0.0659587830305,-0.0422799363732,0.831624150276,0.549784600735
-0.604103267193,-0.161520302296,1.32015728951,0.0662296488881,-0.0420978143811,0.832416296005,0.548565864563
-0.603831887245,-0.161514043808,1.32021832466,0.0661907941103,-0.0423309728503,0.832843780518,0.547903418541
-0.603539228439,-0.161448180676,1.32026791573,0.0663113892078,-0.0423487201333,0.833432018757,0.546992361546
-0.603234350681,-0.161523476243,1.32055020332,0.0667243674397,-0.0425767675042,0.834596216679,0.545146167278
-0.602605104446,-0.161557018757,1.32066178322,0.066783092916,-0.0422436967492,0.835540115833,0.543716907501
-0.602489233017,-0.161349639297,1.32080197334,0.0671628192067,-0.0426051653922,0.835768222809,0.543291389942
-0.602068424225,-0.161081507802,1.32088685036,0.0675099939108,-0.0423275381327,0.836564958096,0.542042315006
-0.601689517498,-0.160968929529,1.32097053528,0.0678777396679,-0.0417558327317,0.837200760841,0.541058242321
-0.601363301277,-0.160820126534,1.32109510899,0.0678021386266,-0.0417296923697,0.837705850601,0.540287315845
-0.601724624634,-0.160680994391,1.32088303566,0.0688082203269,-0.0421376563609,0.837014138699,0.541199803352
-0.601437985897,-0.160670638084,1.32101488113,0.0689196065068,-0.0421453565359,0.837118983269,0.541022896767
-0.601166546345,-0.160604193807,1.32109463215,0.0690164193511,-0.0421529784799,0.837354838848,0.540644884109
-0.600836753845,-0.160613775253,1.32118749619,0.0689802914858,-0.0422265976667,0.83755171299,0.540338695049
-0.600625276566,-0.160391896963,1.32108509541,0.0700963437557,-0.0418481938541,0.837726652622,0.539953231812
-0.600311458111,-0.16030614078,1.32110333443,0.0702482685447,-0.0417622700334,0.836985349655,0.541088402271
-0.600156843662,-0.160354152322,1.32116997242,0.0708566009998,-0.0413041301072,0.837670683861,0.539982497692
-0.599636971951,-0.160133883357,1.32106411457,0.0703946501017,-0.0413863398135,0.837379038334,0.540488839149
-0.599222064018,-0.1600702703,1.32110249996,0.0707364156842,-0.0413219742477,0.837409257889,0.540402472019
-0.598777592182,-0.160046249628,1.32119655609,0.0702609792352,-0.0420379191637,0.837502837181,0.540264129639
-0.598624527454,-0.160152286291,1.32119178772,0.0718637853861,-0.0424782000482,0.837729156017,0.539667487144
-0.59815120697,-0.16024261713,1.3212813139,0.0713797658682,-0.04315174371,0.837751686573,0.539643287659
-0.597464203835,-0.160176336765,1.32122015953,0.070962920785,-0.0423327349126,0.837611734867,0.539980530739
-0.59737443924,-0.160014286637,1.3211812973,0.0713149905205,-0.0429466031492,0.837230086327,0.540477216244
-0.597113192081,-0.159962773323,1.32110452652,0.0721750631928,-0.0425587818027,0.837139129639,0.540534615517
-0.596756577492,-0.159900158644,1.32109868526,0.0724029764533,-0.0427731573582,0.837038397789,0.54064309597
-0.596351146698,-0.159832924604,1.32119119167,0.0718833729625,-0.0435741581023,0.837161719799,0.540457606316
-0.596043050289,-0.159748852253,1.32126009464,0.071997359395,-0.0437369421124,0.837230086327,0.54032343626
-0.595857620239,-0.159569114447,1.32122004032,0.0727801322937,-0.0436545200646,0.837310254574,0.540100872517
-0.595031261444,-0.159657031298,1.32138383389,0.0719264745712,-0.0438264384866,0.837877511978,0.53932094574
-0.595046162605,-0.159450039268,1.32144498825,0.0721925124526,-0.0445600859821,0.83714479208,0.540362119675
-0.594818890095,-0.159271597862,1.32151508331,0.0722229704261,-0.0448068976402,0.837226092815,0.540211677551
-0.594472706318,-0.159273952246,1.32161164284,0.0720406398177,-0.0448928400874,0.837427198887,0.539917290211
-0.594093680382,-0.159013226628,1.32168626785,0.0721725672483,-0.0448548607528,0.837859630585,0.539231300354
-0.594133377075,-0.158947989345,1.3216509819,0.0723272785544,-0.0448749400675,0.837912619114,0.539126634598
-0.593777120113,-0.158751219511,1.32182061672,0.0715229064226,-0.0456663221121,0.838106274605,0.538866341114
-0.5934715271,-0.15869294107,1.32187736034,0.0712597966194,-0.0459398776293,0.838262557983,0.538634836674
-0.593319892883,-0.158537983894,1.32188558578,0.0717735514045,-0.0454811379313,0.838298022747,0.538550376892
-0.592923045158,-0.158380925655,1.32194387913,0.0715407580137,-0.0456737056375,0.838439881802,0.538344085217
-0.592415452003,-0.158490628004,1.32246041298,0.0691857859492,-0.0463480763137,0.838466823101,0.53855240345
-0.592161774635,-0.158153608441,1.32231080532,0.0697201415896,-0.0464661382139,0.838660538197,0.538171470165
-0.591864824295,-0.157982900739,1.32233786583,0.0700251162052,-0.0458272844553,0.838793814182,0.537979066372
-0.592436075211,-0.157726988196,1.3221681118,0.0702717900276,-0.0466713942587,0.837653636932,0.53964805603
-0.59162157774,-0.157709628344,1.32223153114,0.0698869079351,-0.0463392473757,0.838411688805,0.538548469543
-0.592211663723,-0.157634019852,1.3222233057,0.0702756717801,-0.0479068830609,0.837795853615,0.539318561554
-0.590889215469,-0.157674953341,1.32257175446,0.0683950409293,-0.0480785891414,0.838918924332,0.537797152996
-0.590767502785,-0.157440051436,1.32246816158,0.0692730844021,-0.0471813008189,0.838682413101,0.538132846355
-0.590280711651,-0.157172352076,1.32232654095,0.0682513043284,-0.046412859112,0.838108003139,0.539224088192
-0.589976668358,-0.157016724348,1.3223041296,0.0680111646652,-0.0464116111398,0.838000357151,0.539421975613
-0.589550793171,-0.15679268539,1.32223927975,0.0680714696646,-0.0460092015564,0.837937414646,0.539546489716
-0.589239478111,-0.156543165445,1.3222976923,0.0669848993421,-0.0469693318009,0.837680399418,0.539998650551
-0.589794158936,-0.156461417675,1.32194602489,0.0683997943997,-0.0465796515346,0.836315751076,0.541966736317
-0.588455021381,-0.156471535563,1.32198369503,0.0681491196156,-0.0454888753593,0.837441504002,0.540350079536
-0.588028907776,-0.156336292624,1.32207894325,0.0675323829055,-0.0455283150077,0.837120354176,0.540921568871
-0.588979899883,-0.155915692449,1.32178008556,0.0679691359401,-0.0467558577657,0.835089623928,0.543892979622
-0.587839841843,-0.155523911119,1.32189202309,0.0675585716963,-0.0462443754077,0.836179554462,0.54231095314
-0.587538897991,-0.155515834689,1.32188248634,0.067238047719,-0.0461230836809,0.835437357426,0.543503582478
-0.587175309658,-0.155379772186,1.32187891006,0.0664088204503,-0.0465946085751,0.835034191608,0.544184565544
-0.587061822414,-0.155291259289,1.3217728138,0.0661334246397,-0.0466645434499,0.834258794785,0.545399904251
-0.586352825165,-0.155243471265,1.32204473019,0.0660998672247,-0.044905629009,0.834224879742,0.545603454113
-0.586031377316,-0.155151262879,1.322026968,0.0647872835398,-0.0466156825423,0.833171963692,0.5472240448
-0.585847854614,-0.154981940985,1.32196950912,0.0647976472974,-0.0467029176652,0.832624495029,0.548048019409
-0.585663974285,-0.154816403985,1.3218921423,0.0650673285127,-0.0466186329722,0.831845998764,0.549204230309
