x,y,z,q0,q1,q2,q3
0.714296340942,-0.0469968281686,0.892841219902,-0.0389098003507,0.0284355636686,0.705485105515,-0.707084298134
0.714464664459,-0.0469035319984,0.892818033695,-0.0388597920537,0.0285466033965,0.705710887909,-0.706857383251
0.714632034302,-0.0468302890658,0.89280629158,-0.038851249963,0.0286113768816,0.70586681366,-0.706699490547
0.714827597141,-0.0467741787434,0.89278280735,-0.0387791655958,0.0287984143943,0.706069290638,-0.706493496895
0.714990973473,-0.0467046312988,0.892777860165,-0.0387709625065,0.0288947448134,0.706239938736,-0.706319332123
0.714809417725,-0.0465754494071,0.892562508583,-0.0372156985104,0.0294215381145,0.705400764942,-0.707219302654
0.714957118034,-0.0465094223619,0.89257401228,-0.0371431708336,0.0295219160616,0.705579161644,-0.707040905952
0.715120434761,-0.046481706202,0.893076121807,-0.0388117358088,0.0275199264288,0.706098139286,-0.706513881683
0.715273976326,-0.0464474484324,0.893122971058,-0.0387640409172,0.0276628639549,0.706254482269,-0.706354498863
0.715431630611,-0.0464445650578,0.893148183823,-0.0385793596506,0.0278907045722,0.706442534924,-0.706167578697
0.715554654598,-0.0464233160019,0.893200039864,-0.0384018905461,0.0280593037605,0.706578791142,-0.706034302711
0.715745568275,-0.0464445017278,0.893245279789,-0.0382880717516,0.0283768810332,0.706739425659,-0.705867111683
0.7158831954,-0.0464599765837,0.893287658691,-0.0380163155496,0.0285774730146,0.70690882206,-0.705704033375
0.716049075127,-0.0464706420898,0.893342852592,-0.0378533937037,0.0289504248649,0.707002520561,-0.705603718758
0.716157257557,-0.0464766137302,0.893400073051,-0.0376374833286,0.0293083004653,0.707174837589,-0.705427825451
0.715926706791,-0.0463684201241,0.893218874931,-0.0358433015645,0.029891975224,0.706254720688,-0.706417679787
0.715985774994,-0.04650721699,0.893280804157,-0.035711158067,0.0297599732876,0.706138372421,-0.706546187401
0.716058194637,-0.046584174037,0.893399894238,-0.0349553860724,0.0298878550529,0.7060136199,-0.706703364849
0.716142654419,-0.0464676097035,0.893328845501,-0.0353147611022,0.0300467107445,0.706324398518,-0.706368148327
0.716222882271,-0.0464159175754,0.893338084221,-0.0352235622704,0.0300730634481,0.706323981285,-0.706371903419
0.71641343832,-0.0462339259684,0.893292427063,-0.035188715905,0.0305158142,0.706565976143,-0.706112682819
0.716570854187,-0.0461221002042,0.893243789673,-0.0353797599673,0.0306254234165,0.706480562687,-0.70618391037
0.717048704624,-0.0461335740983,0.893467903137,-0.0371132716537,0.030238410458,0.707347691059,-0.705242931843
0.717046380043,-0.0460759624839,0.893430769444,-0.0366285480559,0.0303534306586,0.707074642181,-0.705537140369
0.71708124876,-0.0460136942565,0.893452644348,-0.0365490540862,0.0303560514003,0.706909179688,-0.705706834793
0.717114746571,-0.0459249839187,0.893463373184,-0.0364946275949,0.0304097533226,0.706744551659,-0.705872237682
0.717147350311,-0.0458413138986,0.893472671509,-0.0364169441164,0.0304509326816,0.706573605537,-0.706045567989
0.717146813869,-0.0457652583718,0.893467068672,-0.0363386310637,0.0305171106011,0.706393301487,-0.706227183342
0.717150270939,-0.0456744097173,0.89346319437,-0.0362759642303,0.0305747576058,0.706219792366,-0.706401348114
0.717157483101,-0.0455881915987,0.893461465836,-0.0361931808293,0.0306437890977,0.706072866917,-0.706549525261
0.717136561871,-0.0454827621579,0.89346665144,-0.0360838808119,0.0306512899697,0.705761015415,-0.706866264343
0.717131614685,-0.0453877560794,0.893454968929,-0.0360272750258,0.0306798741221,0.705604493618,-0.707024097443
0.717123270035,-0.0452680662274,0.893436312675,-0.0360199324787,0.0306955762208,0.705463826656,-0.707164168358
0.716690063477,-0.0451027527452,0.893216252327,-0.0342007242143,0.0311194732785,0.704310894012,-0.708384037018
0.716625511646,-0.0449349395931,0.893165111542,-0.0341193303466,0.0309582594782,0.704171895981,-0.708533346653
0.71659219265,-0.0447861105204,0.893131017685,-0.0340371057391,0.0308883041143,0.704006314278,-0.708704888821
0.716512322426,-0.0446338616312,0.893105089664,-0.0338634587824,0.0308030191809,0.703749597073,-0.708971858025
0.716882824898,-0.0445851311088,0.893287062645,-0.0354227460921,0.0303605068475,0.704426825047,-0.708241820335
0.716759443283,-0.0444413945079,0.893227756023,-0.0350450053811,0.0302507635206,0.70414853096,-0.708541929722
0.716697573662,-0.0443513393402,0.893231749535,-0.0348944850266,0.0302108675241,0.703979372978,-0.708719134331
0.716561317444,-0.044368699193,0.893344640732,-0.0346890129149,0.0300505459309,0.703564941883,-0.709147393703
0.716492533684,-0.0442530065775,0.893352031708,-0.0345651432872,0.0299900453538,0.703435540199,-0.709284365177
0.716404438019,-0.0441349558532,0.893364131451,-0.0344116687775,0.0299662705511,0.703267097473,-0.709459960461
0.716256022453,-0.0438828058541,0.893231391907,-0.0342688448727,0.0308965351433,0.702947676182,-0.709743380547
0.716093659401,-0.0437663495541,0.893278837204,-0.033959325403,0.0308591946959,0.702865421772,-0.709841430187
0.7159050107,-0.0435844585299,0.893317997456,-0.0338330343366,0.030671576038,0.702664792538,-0.710054039955
0.715723395348,-0.0434407070279,0.893329679966,-0.0336358882487,0.0306259319186,0.702501833439,-0.710226655006
0.715445518494,-0.0432904809713,0.893364548683,-0.0335141569376,0.0303880963475,0.702237784863,-0.710503816605
0.714783906937,-0.0430323146284,0.893166184425,-0.0316177196801,0.0306065995246,0.700933158398,-0.711868286133
0.715662717819,-0.0431116074324,0.892953336239,-0.0316137708724,0.0324014872313,0.702467620373,-0.710274457932
0.715540349483,-0.0429827980697,0.892973721027,-0.0314753502607,0.0324114374816,0.702364802361,-0.710381925106
0.71580940485,-0.0429043471813,0.893255591393,-0.0328377820551,0.0315384790301,0.703373014927,-0.709361314774
0.715651750565,-0.0427914150059,0.893243730068,-0.0323867425323,0.0316498205066,0.703165531158,-0.709582686424
0.715326786041,-0.0426556393504,0.893175959587,-0.0323824211955,0.0322273857892,0.702406466007,-0.710308492184
0.715240180492,-0.0425094515085,0.893179953098,-0.0323330424726,0.0322547741234,0.702370285988,-0.71034526825
0.715194761753,-0.0423927418888,0.893196225166,-0.0321760289371,0.0324339047074,0.702319979668,-0.710393846035
0.715278923512,-0.0422358214855,0.893354654312,-0.0320463962853,0.0318474955857,0.702808201313,-0.709943294525
0.715276658535,-0.0420717708766,0.893449544907,-0.0318093746901,0.0322211310267,0.702555418015,-0.710187256336
0.715145945549,-0.041930925101,0.893518805504,-0.031666316092,0.0322344042361,0.702554583549,-0.710193812847
0.715057134628,-0.0418231263757,0.893557667732,-0.0315581895411,0.032269269228,0.702453553677,-0.710296988487
0.714915037155,-0.041759327054,0.893592357635,-0.0315450467169,0.0322508476675,0.702492058277,-0.710260331631
0.714846253395,-0.041664313525,0.893619835377,-0.0314464904368,0.0323607847095,0.702423393726,-0.710327625275
0.714758992195,-0.0415668413043,0.893661797047,-0.0312983877957,0.0324867293239,0.702320158482,-0.710430502892
0.714257895947,-0.0414136387408,0.893502116203,-0.0293908417225,0.033086001873,0.701212525368,-0.711577415466
0.714549779892,-0.0414019525051,0.893721461296,-0.0308872554451,0.0327455550432,0.702028095722,-0.710725188255
0.71447467804,-0.0413135774434,0.893749117851,-0.0307934898883,0.0327986627817,0.7019302845,-0.71082341671
0.714386463165,-0.0412198677659,0.893783867359,-0.0306656546891,0.0328552983701,0.701778948307,-0.710975766182
0.714329302311,-0.0411485433578,0.893818080425,-0.0305166915059,0.0330219119787,0.701689481735,-0.711062729359
0.714220523834,-0.0410136058927,0.893823385239,-0.0304250009358,0.032989308238,0.701581656933,-0.711174726486
0.713682174683,-0.040892098099,0.893762230873,-0.0298771597445,0.0335270240903,0.700452566147,-0.712284803391
0.714361727238,-0.0410034246743,0.893574357033,-0.0299714114517,0.0353298597038,0.701439023018,-0.711222112179
0.714287281036,-0.0409236624837,0.893610656261,-0.0299014654011,0.0354290753603,0.701354563236,-0.711303472519
0.714194059372,-0.0408479720354,0.893712222576,-0.0296398960054,0.0357708148658,0.701330721378,-0.711320698261
0.714114904404,-0.0407861694694,0.893758058548,-0.0295285955071,0.0359107665718,0.701223671436,-0.711423873901
0.714015543461,-0.0407174788415,0.893808722496,-0.0294273663312,0.0359959304333,0.701128363609,-0.711517572403
0.713926374912,-0.0406591929495,0.893861234188,-0.0293379165232,0.0360944010317,0.701034426689,-0.711608886719
0.71383780241,-0.0405867025256,0.893908023834,-0.0292624887079,0.036228839308,0.700971841812,-0.711666762829
0.713767647743,-0.0405398085713,0.893962264061,-0.0291780345142,0.0363989584148,0.700905680656,-0.711726844311
0.713698387146,-0.0404839143157,0.894027471542,-0.0291106365621,0.0365361124277,0.70085299015,-0.711774408817
0.713599681854,-0.0404209010303,0.894074201584,-0.0290583446622,0.0366421453655,0.700872123241,-0.711752235889
0.713529646397,-0.0403786599636,0.894144415855,-0.0289347935468,0.0368102900684,0.700837790966,-0.71178239584
0.713480353355,-0.0403620377183,0.89421236515,-0.0288015585393,0.0370865128934,0.700847744942,-0.711763739586
0.713400006294,-0.0403083562851,0.894295096397,-0.0287306588143,0.0372267886996,0.700880646706,-0.711726725101
0.713347196579,-0.0402864515781,0.894368588924,-0.028598845005,0.0374250225723,0.700891554356,-0.71171104908
0.713266134262,-0.0402854532003,0.894462168217,-0.0283313449472,0.037711635232,0.700975596905,-0.71162378788
0.713181495667,-0.0402602776885,0.894543766975,-0.0280823893845,0.0378963388503,0.700826406479,-0.711770892143
0.713092088699,-0.0402509309351,0.894636750221,-0.0277334656566,0.0381022319198,0.700883746147,-0.711717009544
0.713033378124,-0.0402309261262,0.894707560539,-0.027548359707,0.038258831948,0.700845241547,-0.711753726006
0.712982416153,-0.0402487665415,0.894784212112,-0.0272633899003,0.0388578735292,0.700679719448,-0.711895227432
0.712943434715,-0.0402325242758,0.894845426083,-0.0271322056651,0.0390339568257,0.700654625893,-0.711915254593
0.712905526161,-0.0402281992137,0.894890666008,-0.0269843824208,0.0392516255379,0.700589001179,-0.711973488331
0.712861955166,-0.0402058959007,0.894948959351,-0.0268772765994,0.0394412763417,0.700481235981,-0.712073147297
0.712815523148,-0.0401971116662,0.895003676414,-0.026725647971,0.0396230220795,0.700382292271,-0.712166070938
0.712763607502,-0.0401890873909,0.895058393478,-0.0266292933375,0.0397779010236,0.700253665447,-0.7122874856
0.712695598602,-0.0401904657483,0.895108103752,-0.0265093166381,0.039919167757,0.700111329556,-0.712423861027
0.712633013725,-0.0401884615421,0.895159423351,-0.0264006815851,0.04005394876,0.699945747852,-0.712583065033
0.712561964989,-0.0401977002621,0.895214915276,-0.0262835007161,0.0402614288032,0.699791431427,-0.712727308273
0.712501525879,-0.040198545903,0.89525270462,-0.0261883586645,0.0403802804649,0.699625611305,-0.712886869907
0.712386846542,-0.040171764791,0.895280480385,-0.0261268094182,0.0404240712523,0.699472427368,-0.713037014008
0.712310373783,-0.0401637777686,0.895319104195,-0.0261106807739,0.0405287258327,0.699276387691,-0.713223874569
0.712214112282,-0.040159765631,0.895353615284,-0.026024768129,0.0406006574631,0.699056863785,-0.713438034058
0.712125301361,-0.0401453003287,0.895391345024,-0.0260099954903,0.0406984835863,0.698840975761,-0.713644564152
0.711958050728,-0.0401279851794,0.895413935184,-0.0259846076369,0.0407763421535,0.698631346226,-0.713846206665
0.711862683296,-0.0401299260557,0.895450055599,-0.0258447434753,0.0408831611276,0.698416650295,-0.714055240154
0.711808562279,-0.040139336139,0.895520508289,-0.0257288571447,0.0413177981973,0.698165595531,-0.714279830456
0.711762726307,-0.0400967858732,0.895604074001,-0.0256604254246,0.0410898551345,0.698166370392,-0.714294731617
0.711666941643,-0.040076199919,0.895618200302,-0.0255734845996,0.04126348719,0.697872042656,-0.714575469494
0.711558938026,-0.0400621555746,0.895645022392,-0.0255069490522,0.0414157621562,0.697625696659,-0.714809477329
0.711461186409,-0.0400651358068,0.895668148994,-0.0254133883864,0.0415906868875,0.69736379385,-0.715058147907
0.711293399334,-0.0400605648756,0.895648360252,-0.0253709238023,0.0420391559601,0.696840286255,-0.715543746948
0.710811138153,-0.039972089231,0.895496368408,-0.0237640049309,0.0426030009985,0.695603430271,-0.716767847538
0.710765242577,-0.0399402342737,0.895586133003,-0.0236795321107,0.0424429662526,0.695547819138,-0.716834187508
0.710934996605,-0.040030144155,0.895739078522,-0.0251035969704,0.0425642132759,0.695907771587,-0.716428995132
0.710820794106,-0.0400197207928,0.895808875561,-0.0250873565674,0.0426884256303,0.695607066154,-0.716714143753
0.710733532906,-0.0400341786444,0.895875453949,-0.0250577609986,0.042990449816,0.695343017578,-0.716953277588
0.710611283779,-0.0400099940598,0.89592564106,-0.0250291712582,0.0432011559606,0.695091545582,-0.717185556889
0.710516810417,-0.0400301143527,0.895964503288,-0.0249754041433,0.0434486828744,0.694833576679,-0.717422306538
0.710373818874,-0.0400320626795,0.896016001701,-0.0248939339072,0.0435783341527,0.694616794586,-0.717627167702
0.710274159908,-0.0400282852352,0.896064519882,-0.024862902239,0.0437385812402,0.694410502911,-0.717818140984
0.709736406803,-0.0399340391159,0.895935177803,-0.0230714976788,0.0445545166731,0.693081796169,-0.719110667706
0.709597468376,-0.03993229568,0.895980894566,-0.0229517556727,0.0447000749409,0.692870795727,-0.719308912754
0.709796190262,-0.0400187075138,0.896234452724,-0.0242729242891,0.0444931015372,0.69373857975,-0.718441367149
0.709678888321,-0.0400063470006,0.896275222301,-0.0242317970842,0.0446380190551,0.693607628345,-0.71856033802
0.7095515728,-0.0400095880032,0.896314561367,-0.0241476614028,0.0447894185781,0.693460822105,-0.718695342541
0.709430456161,-0.0399960651994,0.896352529526,-0.0241035129875,0.0449031628668,0.693355917931,-0.718790948391
0.709314227104,-0.0399785377085,0.896382629871,-0.0241348017007,0.0450255982578,0.693253099918,-0.718881368637
0.709154784679,-0.0400033779442,0.896449506283,-0.0239517148584,0.0452521592379,0.693238675594,-0.718887090683
0.709037423134,-0.0399921908975,0.896484553814,-0.0239996816963,0.0453992150724,0.693165183067,-0.71894723177
0.708934485912,-0.0400695390999,0.896583616734,-0.0235325694084,0.0454701557755,0.69283759594,-0.719273746014
0.708752691746,-0.0399670302868,0.896497607231,-0.0240440033376,0.0455720946193,0.693183481693,-0.718917131424
0.708633124828,-0.0399477779865,0.896505713463,-0.0240619406104,0.0457257442176,0.693190932274,-0.718899488449
0.708503067493,-0.0399158634245,0.896510541439,-0.0240868087858,0.0458115078509,0.693198204041,-0.718886375427
0.708307743073,-0.0398594886065,0.896500945091,-0.0239382553846,0.0458811335266,0.693129599094,-0.718952953815
0.708174467087,-0.0398141928017,0.896506130695,-0.0239958297461,0.0459581054747,0.693156123161,-0.718920588493
0.708011448383,-0.0397665426135,0.896491527557,-0.0240115132183,0.0459747314453,0.693214833736,-0.718862354755
0.707892537117,-0.0397206842899,0.896495521069,-0.0240159835666,0.0460386946797,0.693261027336,-0.718813657761
0.70777618885,-0.0396870002151,0.896495223045,-0.0240174159408,0.046112857759,0.693312048912,-0.718759477139
0.707670092583,-0.0396569445729,0.896486997604,-0.0240033250302,0.046228710562,0.693381369114,-0.718685567379
0.707561790943,-0.0396207980812,0.89649528265,-0.0239867027849,0.0463146679103,0.693480491638,-0.718585014343
0.707463264465,-0.0395697727799,0.896483659744,-0.0240189470351,0.0463679172099,0.693601369858,-0.718463778496
0.707306265831,-0.0395192503929,0.89650374651,-0.0239137895405,0.0463369973004,0.69375449419,-0.718321561813
0.707206726074,-0.0394784323871,0.896468043327,-0.0239455234259,0.0464684553444,0.693840920925,-0.718228518963
0.707104802132,-0.0394156426191,0.896453976631,-0.0239501837641,0.0464542247355,0.693946182728,-0.71812748909
0.707017183304,-0.0393644608557,0.896441042423,-0.0239440817386,0.0465685203671,0.694079339504,-0.717991709709
0.70687353611,-0.0392971560359,0.896419763565,-0.0239908862859,0.0465512126684,0.694318175316,-0.717760205269
0.706793308258,-0.0392359271646,0.896405994892,-0.024000281468,0.0465604104102,0.694463193417,-0.717618942261
0.70669645071,-0.0391801260412,0.896400570869,-0.0240030251443,0.0465805642307,0.694595932961,-0.717489242554
0.706616401672,-0.0391146577895,0.896387696266,-0.0240096691996,0.0465670339763,0.694727897644,-0.717362105846
0.70652449131,-0.0390594750643,0.896385252476,-0.0239912159741,0.0465646199882,0.694875478745,-0.717219948769
0.706429719925,-0.0389822386205,0.896393239498,-0.0239922851324,0.0466525368392,0.695062279701,-0.717033028603
0.706360340118,-0.0389297567308,0.896401524544,-0.0239976327866,0.0466701351106,0.695192158222,-0.716905772686
0.706263363361,-0.0388606898487,0.896402835846,-0.024075107649,0.0466354414821,0.695335626602,-0.716766297817
0.706183373928,-0.0388094857335,0.896413981915,-0.0240644700825,0.04666159302,0.69550049305,-0.716605007648
0.706076860428,-0.0387637503445,0.896452188492,-0.0238892976195,0.046681843698,0.695738971233,-0.716377973557
0.706010639668,-0.0387189239264,0.89646011591,-0.0238914061338,0.0467345975339,0.695936024189,-0.716183006763
0.705900192261,-0.0386661961675,0.896442234516,-0.0237647909671,0.0468136407435,0.696038782597,-0.716082334518
0.705801486969,-0.0386081673205,0.896488010883,-0.0236700531095,0.04689277336,0.696355462074,-0.715772211552
0.705732703209,-0.0385926663876,0.896500468254,-0.0236810427159,0.0470320768654,0.696597754955,-0.715527057648
0.705662548542,-0.0385535359383,0.896517276764,-0.0237037222832,0.0470993034542,0.696832299232,-0.715293347836
0.705605089664,-0.0385153591633,0.896525502205,-0.0237789787352,0.0472333878279,0.697105705738,-0.715015590191
0.70552700758,-0.0385393835604,0.896547436714,-0.0238103456795,0.0474840775132,0.697472214699,-0.714640498161
0.705470263958,-0.038521129638,0.896554410458,-0.0238345433027,0.0476335138083,0.697785615921,-0.714323699474
0.705408930779,-0.0385023839772,0.896562874317,-0.0238348543644,0.0477269589901,0.698086738586,-0.714022994041
0.70535248518,-0.0385018922389,0.896571874619,-0.0237881522626,0.0479132048786,0.698367357254,-0.713737726212
0.705304265022,-0.0384805761278,0.896575331688,-0.0237886607647,0.0479957312346,0.698628306389,-0.713476657867
0.705273509026,-0.038463499397,0.896574318409,-0.0238476973027,0.0481185689569,0.698883891106,-0.71321606636
0.705280065536,-0.0384170152247,0.896554350853,-0.024028846994,0.0481837019324,0.699384152889,-0.712715089321
0.705242156982,-0.0383947715163,0.896554112434,-0.0240279082209,0.0482499040663,0.69966417551,-0.712435781956
0.705158114433,-0.0384000763297,0.89654904604,-0.0240071229637,0.0483228042722,0.699942171574,-0.712158560753
0.705122590065,-0.0383948199451,0.896555781364,-0.0239590294659,0.0484036616981,0.700189173222,-0.711911737919
0.705060124397,-0.0383938476443,0.896584630013,-0.0238515287638,0.0484843440354,0.700460970402,-0.71164226532
0.705040037632,-0.0383862033486,0.896595954895,-0.0238333623856,0.0485805906355,0.700651407242,-0.711448967457
0.705008029938,-0.0383798331022,0.896608829498,-0.0238027311862,0.048691291362,0.700830638409,-0.711265802383
0.704977154732,-0.0383830703795,0.896631717682,-0.0237633045763,0.0487766303122,0.700996816158,-0.711097598076
0.704969763756,-0.0383726209402,0.896645545959,-0.0237515196204,0.0489200688899,0.701141357422,-0.710945665836
0.704945147038,-0.0383675917983,0.89666646719,-0.0237452406436,0.0490328632295,0.701258599758,-0.710822403431
0.704855680466,-0.038393586874,0.896696209908,-0.0236648656428,0.049161221832,0.701480507851,-0.710597217083
0.704788923264,-0.0384178683162,0.896725535393,-0.0234776306897,0.0494196601212,0.701469898224,-0.710595965385
0.704748868942,-0.0384330227971,0.8968090415,-0.0232520289719,0.0497001446784,0.701578974724,-0.710475981236
0.704711794853,-0.0384459868073,0.896842181683,-0.0232075490057,0.0498096421361,0.701627314091,-0.710422098637
0.704650461674,-0.0384530872107,0.896897673607,-0.0231491457671,0.0500035025179,0.701668024063,-0.710370182991
0.704599797726,-0.0384643264115,0.896932482719,-0.0230982881039,0.0501102283597,0.70168274641,-0.710349857807
0.704548835754,-0.0384754799306,0.896970510483,-0.0230544172227,0.0502372123301,0.701683461666,-0.710341572762
0.704489648342,-0.0384923927486,0.897005200386,-0.0229694265872,0.0503581762314,0.701661229134,-0.710357785225
0.704436123371,-0.0384841486812,0.89702886343,-0.0229897350073,0.0504249930382,0.701678991318,-0.710334718227
0.704374909401,-0.0385092683136,0.897065758705,-0.0228867605329,0.0505277179182,0.701675474644,-0.710334181786
0.704310536385,-0.0385295599699,0.897096276283,-0.0228585470468,0.050609331578,0.701639890671,-0.710364460945
0.704263687134,-0.0385315008461,0.897111356258,-0.0228490512818,0.0506922565401,0.701664149761,-0.710334956646
0.704221367836,-0.0385977439582,0.897153317928,-0.0227799005806,0.0509031414986,0.701631307602,-0.710354506969
0.70418125391,-0.0386089943349,0.897165298462,-0.0227776486427,0.0510134473443,0.701641023159,-0.710337042809
0.704124748707,-0.0386296585202,0.897186398506,-0.0227633249015,0.051094096154,0.701639771461,-0.710332989693
0.70407807827,-0.0386513620615,0.89719337225,-0.0227275695652,0.0511819422245,0.701642811298,-0.710324764252
0.704029679298,-0.0386670380831,0.89721006155,-0.022761920467,0.0512507483363,0.701646625996,-0.71031498909
0.703983485699,-0.0386928059161,0.897219657898,-0.0227195527405,0.0513351149857,0.701666235924,-0.710290908813
0.703907847404,-0.0387266911566,0.897252082825,-0.0225686039776,0.0514370724559,0.701734423637,-0.710220873356
0.703859448433,-0.038749396801,0.897270977497,-0.0225794706494,0.0515171550214,0.70176255703,-0.710187017918
0.703822374344,-0.0387243181467,0.897307693958,-0.0230065584183,0.0513284951448,0.701909661293,-0.710041463375
0.703767299652,-0.0387548692524,0.89734095335,-0.022962545976,0.0514478646219,0.70193785429,-0.710006535053
0.703711628914,-0.0387963987887,0.897370755672,-0.0229245498776,0.0515978485346,0.70196223259,-0.709972679615
0.703656494617,-0.0388174504042,0.897404193878,-0.0229207444936,0.0516888462007,0.702002823353,-0.709926068783
0.703519403934,-0.0388494282961,0.897422492504,-0.0229356773198,0.0517038889229,0.702150225639,-0.709778666496
0.703460991383,-0.0388635583222,0.897440552711,-0.0229616742581,0.0517998859286,0.702207922935,-0.709713876247
0.703391551971,-0.0389048010111,0.897485971451,-0.0228547640145,0.0518777109683,0.702244699001,-0.709675014019
0.703300118446,-0.0389166586101,0.89753472805,-0.0228227134794,0.0520077385008,0.702232778072,-0.709678411484
0.703233242035,-0.0389463193715,0.897572994232,-0.0227599684149,0.0521063879132,0.702295958996,-0.709610700607
0.703173577785,-0.0389869436622,0.897608995438,-0.0227130427957,0.0521876886487,0.702359855175,-0.709543049335
0.703106403351,-0.0390092991292,0.897625625134,-0.0226686038077,0.0522669926286,0.702437579632,-0.7094617486
0.70304274559,-0.039034768939,0.897650778294,-0.0226504448801,0.0523198805749,0.702498495579,-0.709398150444
0.702974677086,-0.0390584729612,0.897669434547,-0.0226331427693,0.0523322597146,0.702526509762,-0.709369957447
0.70291852951,-0.039084635675,0.897677958012,-0.0226292070001,0.0523516647518,0.702600240707,-0.709295451641
0.702805399895,-0.0391045920551,0.897678077221,-0.0224743783474,0.0524541586637,0.702555656433,-0.709337115288
0.702739715576,-0.039113599807,0.897688865662,-0.022494694218,0.0524661280215,0.702610075474,-0.709281563759
0.702673435211,-0.0391346290708,0.897693753242,-0.0225107613951,0.0525079593062,0.702647507191,-0.709240972996
0.702620327473,-0.0391687303782,0.897713959217,-0.0225175078958,0.0526750050485,0.702702224255,-0.709174275398
0.702549219131,-0.0391897261143,0.897710621357,-0.0225217603147,0.052733708173,0.702758729458,-0.709113657475
0.702448785305,-0.0391906425357,0.897726118565,-0.0224725827575,0.0527167282999,0.702884197235,-0.708992123604
0.702377438545,-0.0392181128263,0.897715330124,-0.0224787034094,0.0527767986059,0.702938079834,-0.708933949471
0.702283620834,-0.0392141975462,0.897707104683,-0.022500436753,0.0526991561055,0.70298832655,-0.708889305592
0.702211558819,-0.0392331406474,0.897709906101,-0.0225085075945,0.0527606569231,0.703031778336,-0.708841502666
0.7021022439,-0.039255682379,0.897692859173,-0.0225495919585,0.0527894981205,0.703202307224,-0.708668768406
0.702030658722,-0.0392532125115,0.897690415382,-0.0225771479309,0.052796408534,0.703237831593,-0.708632111549
0.70196056366,-0.0392520874739,0.897690832615,-0.0226402319968,0.0527285560966,0.703281998634,-0.708591341972
0.701871216297,-0.0392409712076,0.897673606873,-0.022672470659,0.0526830591261,0.703316986561,-0.708558917046
0.70177167654,-0.0392217636108,0.897655248642,-0.0227393731475,0.052592586726,0.703379333019,-0.708501577377
0.701720356941,-0.0392157584429,0.897656798363,-0.0227648243308,0.0525823272765,0.703436851501,-0.708444416523
0.701662778854,-0.0392194353044,0.897660493851,-0.0227851551026,0.0525706298649,0.703489899635,-0.708391904831
0.701612055302,-0.0392170250416,0.897662520409,-0.022841271013,0.0525573082268,0.703574717045,-0.708306968212
0.701555252075,-0.0392269976437,0.897667229176,-0.0228373873979,0.0525541678071,0.703656673431,-0.708225727081
0.70150077343,-0.0392311215401,0.897666394711,-0.0228493511677,0.052526794374,0.703748643398,-0.708136200905
0.701466917992,-0.0392341837287,0.897664308548,-0.0228805914521,0.0525228381157,0.703852593899,-0.70803207159
0.70142108202,-0.0392483063042,0.897656321526,-0.0228758528829,0.0525041818619,0.703968644142,-0.707918167114
0.701382517815,-0.0392640046775,0.897649765015,-0.0228892639279,0.0525075830519,0.704117000103,-0.707769989967
0.701355934143,-0.0392912067473,0.897637605667,-0.0230049472302,0.0525461770594,0.704304277897,-0.707576990128
0.70134717226,-0.0393762998283,0.897659301758,-0.022946704179,0.0527598261833,0.704505980015,-0.707362294197
0.701313138008,-0.0394249781966,0.897649109364,-0.0229451637715,0.0527705773711,0.704693436623,-0.70717471838
0.70129108429,-0.0394682884216,0.897622525692,-0.0230211988091,0.0527802743018,0.704888343811,-0.706977307796
0.701277911663,-0.0395229160786,0.897608816624,-0.0230602119118,0.0527882054448,0.705108761787,-0.706755518913
0.701233148575,-0.0396840833127,0.897702336311,-0.0224102139473,0.0527831912041,0.705132126808,-0.706753432751
0.701216101646,-0.039775043726,0.897701621056,-0.0224063508213,0.0527899377048,0.705359280109,-0.706526339054
0.700859546661,-0.0397878810763,0.897535026073,-0.0210342537612,0.0531356967986,0.704754531384,-0.707145750523
0.700832724571,-0.0398604944348,0.897527515888,-0.0209774710238,0.053152281791,0.704939723015,-0.706961750984
0.700757741928,-0.0398773476481,0.897440433502,-0.0214054696262,0.053195759654,0.705511033535,-0.706375420094
0.700710654259,-0.0399600751698,0.897392213345,-0.0213771015406,0.0529457330704,0.705760717392,-0.706145584583
0.701095581055,-0.0401739440858,0.897604584694,-0.0229423549026,0.052562367171,0.707059919834,-0.704824149609
0.70106613636,-0.0402898043394,0.897618412971,-0.0228342432529,0.0525906942785,0.707269668579,-0.704615175724
0.701038002968,-0.0404305234551,0.897647380829,-0.0226802174002,0.0527073331177,0.707447826862,-0.704432606697
0.701001882553,-0.0405605211854,0.897654056549,-0.0225377250463,0.0527678765357,0.707609474659,-0.70427018404
0.700955510139,-0.0406949184835,0.897671937943,-0.0223969127983,0.0528429448605,0.707717597485,-0.704160511494
0.700929284096,-0.0408337302506,0.897685468197,-0.0223083738238,0.0529148094356,0.707842886448,-0.70403188467
0.700875759125,-0.0409761369228,0.897696912289,-0.0221048109233,0.0530260540545,0.707904040813,-0.703968465328
0.700835466385,-0.0411644689739,0.897726774216,-0.0219582598656,0.0532311499119,0.707979023457,-0.703882277012
0.700776398182,-0.0412785150111,0.897755861282,-0.021851606667,0.0533128157258,0.707948863506,-0.703909695148
0.700726032257,-0.0413906127214,0.897781610489,-0.0217562709004,0.0534042753279,0.707886278629,-0.703968584538
0.700664103031,-0.0414971783757,0.897812485695,-0.0216526426375,0.053459379822,0.707801520824,-0.704052805901
0.70059221983,-0.0415743030608,0.897846341133,-0.021585624665,0.0535160005093,0.707658708096,-0.704194128513
0.700518846512,-0.0416900068521,0.897886276245,-0.021411029622,0.0536408685148,0.707450807095,-0.704398691654
0.700448930264,-0.0417591668665,0.897917568684,-0.0213405489922,0.0536908246577,0.707223176956,-0.704625725746
0.700349271297,-0.0417718961835,0.897926211357,-0.0214087553322,0.0536397323012,0.706945121288,-0.704906463623
0.700278520584,-0.0418175347149,0.897959589958,-0.0213708505034,0.0536692067981,0.706607818604,-0.705243527889
0.700241208076,-0.0418399833143,0.898010075092,-0.0215534120798,0.0537343174219,0.706299126148,-0.705542087555
0.700242698193,-0.0418445430696,0.89806753397,-0.0215447302908,0.0534920655191,0.706145942211,-0.705714166164
0.700176000595,-0.0418437533081,0.898059368134,-0.0214867293835,0.0536113232374,0.705726385117,-0.706126391888
0.70019865036,-0.0418740995228,0.898099899292,-0.0215387903154,0.0539869144559,0.705330431461,-0.706491649151
0.70021378994,-0.041855186224,0.898075461388,-0.021707739681,0.0540284439921,0.704929769039,-0.706883132458
0.700204730034,-0.0419042110443,0.898098349571,-0.0217450354248,0.0540433079004,0.704474031925,-0.707335114479
0.700232625008,-0.0419937111437,0.898175299168,-0.0214603096247,0.05407814309,0.703824043274,-0.707987844944
0.700294792652,-0.041905194521,0.898033857346,-0.0222477987409,0.0543026812375,0.703719198704,-0.70805054903
0.700569570065,-0.0421756096184,0.897918105125,-0.0225440785289,0.0552595630288,0.703424930573,-0.70825946331
0.700767755508,-0.0416937991977,0.897887289524,-0.0227739494294,0.0553130768239,0.70396989584,-0.707706451416
0.699571728706,-0.041650492698,0.898175895214,-0.0228236820549,0.0526531934738,0.701479256153,-0.710375785828
0.699474334717,-0.0415974371135,0.898129999638,-0.0228679347783,0.0526270344853,0.701000154018,-0.710849106312
0.699423670769,-0.0415413677692,0.898086309433,-0.0230731144547,0.0525490157306,0.700686514378,-0.71115732193
0.699359893799,-0.0415178537369,0.898057162762,-0.0232480186969,0.0525325424969,0.700368225574,-0.711466312408
0.699311316013,-0.041462726891,0.898005485535,-0.0234043840319,0.0524719320238,0.700106143951,-0.71172362566
0.699282705784,-0.0414275228977,0.897944808006,-0.0235834605992,0.0524832569063,0.699854910374,-0.711963891983
0.699229240417,-0.041372179985,0.897878587246,-0.0237964559346,0.0524369440973,0.699634373188,-0.712176799774
0.699179172516,-0.0413434840739,0.897821366787,-0.0239194054157,0.052396543324,0.699463546276,-0.712343513966
0.699151992798,-0.0412941426039,0.897758543491,-0.024092072621,0.052349627018,0.6993227005,-0.712479412556
0.69904589653,-0.0412402004004,0.897662878036,-0.0238592736423,0.0523264594376,0.699035108089,-0.712771236897
0.698991060257,-0.0411538593471,0.897699594498,-0.0239645540714,0.0516999363899,0.699064850807,-0.712784171104
0.698947906494,-0.0411209687591,0.897574067116,-0.024116974324,0.0521750897169,0.698868334293,-0.712936997414
0.69886893034,-0.0409860536456,0.897489666939,-0.0243485663086,0.051978122443,0.698796212673,-0.713014364243
0.698817133904,-0.0409099571407,0.897530794144,-0.0244281496853,0.0514408089221,0.698920488358,-0.712928652763
0.698715090752,-0.0408246405423,0.897417187691,-0.0245767123997,0.0517977587879,0.698760986328,-0.713054120541
0.69799977541,-0.0408137142658,0.897728800774,-0.0245013460517,0.0492731407285,0.697823941708,-0.71415245533
0.69787299633,-0.0407101102173,0.897671341896,-0.0245439913124,0.0492726415396,0.697752833366,-0.714220523834
0.697792947292,-0.0406230278313,0.897644937038,-0.0247015263885,0.0491707548499,0.69777828455,-0.714197158813
0.697706341743,-0.0405310019851,0.897621095181,-0.0248540136963,0.0490595139563,0.697818100452,-0.714160680771
0.697757780552,-0.0403125956655,0.897505819798,-0.0250336248428,0.0495608113706,0.698235809803,-0.713711380959
0.697691082954,-0.0402926132083,0.897579669952,-0.0248225554824,0.0494426377118,0.698087453842,-0.713872075081
0.697596490383,-0.0401311442256,0.897477924824,-0.0253995414823,0.0493510775268,0.69847869873,-0.713475346565
0.697536349297,-0.0400566793978,0.897457003593,-0.0255248229951,0.0492531731725,0.698606550694,-0.713352441788
0.697452008724,-0.0399570018053,0.897426366806,-0.0256546139717,0.0490062236786,0.698750197887,-0.713223993778
0.697336375713,-0.0399016551673,0.897444546223,-0.0255985409021,0.0489107407629,0.699020862579,-0.712967216969
0.697278261185,-0.039807792753,0.89740550518,-0.0257292203605,0.0486938729882,0.699203372002,-0.712798476219
0.697238028049,-0.0397194810212,0.897387802601,-0.0258557070047,0.0484975799918,0.699427604675,-0.712587296963
0.697199106216,-0.0396261140704,0.897361159325,-0.0259942281991,0.0482867509127,0.699684917927,-0.712343931198
0.697177410126,-0.0395457670093,0.897328019142,-0.0261033270508,0.0481149554253,0.69991761446,-0.712122917175
0.697116494179,-0.0394719913602,0.897282958031,-0.0262870714068,0.0479698814452,0.700309813023,-0.711740076542
0.697099328041,-0.0394071601331,0.897243261337,-0.0263979192823,0.0478098578751,0.700610280037,-0.711451172829
0.697075486183,-0.0393585897982,0.897200584412,-0.0263625849038,0.0476306341588,0.700876533985,-0.711202085018
0.696975111961,-0.0394502989948,0.897202312946,-0.026454936713,0.0471277236938,0.700867772102,-0.711240828037
0.696956574917,-0.0393932685256,0.897169113159,-0.0265499744564,0.0468680076301,0.701077342033,-0.711047887802
0.697658479214,-0.0392202846706,0.896718859673,-0.0269464366138,0.0488443523645,0.702465236187,-0.709528684616
0.697742879391,-0.0391837731004,0.896687150002,-0.0272075925022,0.0486629419029,0.702768802643,-0.709230422974
0.697737514973,-0.0391466990113,0.896643936634,-0.0272873193026,0.0484339557588,0.702910065651,-0.709102988243
0.697763204575,-0.0391207262874,0.896591424942,-0.0273802615702,0.0482344180346,0.703022360802,-0.709001660347
0.697778582573,-0.0390885397792,0.896551191807,-0.0274833869189,0.0479904413223,0.703089952469,-0.708947360516
0.697804391384,-0.0390646085143,0.896506667137,-0.0275631733239,0.0477683506906,0.703143894672,-0.70890557766
0.697809040546,-0.0390253737569,0.896467804909,-0.0276484489441,0.0474525690079,0.703120112419,-0.708947181702
0.697826743126,-0.0389941707253,0.896426260471,-0.0277155451477,0.0471588373184,0.703115165234,-0.708968937397
0.697862803936,-0.038966409862,0.896376252174,-0.0279429964721,0.0468918643892,0.702969491482,-0.709122180939
0.697860598564,-0.038934443146,0.896359086037,-0.027948230505,0.0465139374137,0.702901303768,-0.709214448929
0.697917640209,-0.0388890951872,0.896335601807,-0.027989204973,0.0461934171617,0.70264261961,-0.709490060806
0.697899699211,-0.0388837084174,0.896314740181,-0.0279600005597,0.0458637326956,0.702511906624,-0.709641933441
0.697864353657,-0.0388129837811,0.896275281906,-0.0280191712081,0.0453347750008,0.702390193939,-0.709794223309
0.697787821293,-0.038782838732,0.896259665489,-0.02800873667,0.0448883399367,0.702151596546,-0.710058927536
0.697781920433,-0.0387912578881,0.896226525307,-0.0280234385282,0.0445517040789,0.701985001564,-0.710244357586
0.697742581367,-0.0387769155204,0.896201491356,-0.0280045568943,0.0441984459758,0.701841056347,-0.710409283638
0.697696805,-0.03876067698,0.896173357964,-0.028016012162,0.043782427907,0.701683700085,-0.710590183735
0.697677969933,-0.0387200750411,0.896097064018,-0.0280728656799,0.0433285422623,0.701443135738,-0.710853099823
0.697636365891,-0.0387171059847,0.896071434021,-0.0280708521605,0.0430139042437,0.701299667358,-0.711013972759
0.697632849216,-0.038735922426,0.896061301231,-0.0280610211194,0.0427816025913,0.70111066103,-0.711214601994
0.697595357895,-0.0387314036489,0.896010994911,-0.0280939023942,0.042531888932,0.701015889645,-0.711321651936
0.697663664818,-0.0387621410191,0.895978927612,-0.0281159859151,0.0425531975925,0.70088750124,-0.711445987225
0.69754076004,-0.0386332049966,0.895681381226,-0.0265247561038,0.0433017425239,0.700291514397,-0.712048649788
0.69799220562,-0.0387383252382,0.895846128464,-0.0281946919858,0.0428288057446,0.701233029366,-0.711085796356
0.697569072247,-0.0386478938162,0.895569205284,-0.0265865139663,0.0427704751492,0.700111448765,-0.712255418301
0.697589874268,-0.0386660918593,0.895538389683,-0.0266422480345,0.0426084473729,0.699926793575,-0.712444484234
0.697602212429,-0.038700953126,0.895507752895,-0.0265981648117,0.0424237623811,0.699751675129,-0.712629258633
0.696920275688,-0.038752194494,0.89550113678,-0.0264531262219,0.0417495369911,0.698026478291,-0.714364230633
0.697296917439,-0.0388674512506,0.895656585693,-0.027977976948,0.0411518700421,0.698703527451,-0.713678717613
0.697280704975,-0.0388676226139,0.895622372627,-0.0279923435301,0.0407288037241,0.69836127758,-0.714037179947
0.69725894928,-0.0389267727733,0.895610451698,-0.0279189925641,0.0404469929636,0.697962999344,-0.714445412159
0.69724303484,-0.0389512777328,0.895583510399,-0.0279217250645,0.0401962511241,0.697567999363,-0.714845061302
0.6971616745,-0.0389781147242,0.895566403866,-0.0280913431197,0.0395988151431,0.696921348572,-0.715502262115
0.697122633457,-0.039019394666,0.895567059517,-0.0281153507531,0.0393246039748,0.696454167366,-0.715971231461
0.697087645531,-0.0390151701868,0.895565569401,-0.0282119177282,0.0390216857195,0.695949196815,-0.716474890709
0.697044730186,-0.0390540920198,0.895570278168,-0.028296129778,0.0388429090381,0.695444345474,-0.716971278191
0.696924269199,-0.0391144752502,0.895550251007,-0.0280017722398,0.0387533679605,0.694795966148,-0.717615902424
0.696808695793,-0.03913307935,0.895591080189,-0.0281039774418,0.038454271853,0.694211006165,-0.718193888664
0.696752667427,-0.0391260460019,0.895627379417,-0.0281998999417,0.0382664576173,0.693562030792,-0.718826889992
0.696726918221,-0.0390028245747,0.895669460297,-0.0285298582166,0.0380248166621,0.693026781082,-0.719342768192
0.696450412273,-0.0391082242131,0.895660340786,-0.0282902009785,0.0379854626954,0.692338168621,-0.720017135143
0.696308135986,-0.039138391614,0.89570838213,-0.028337918222,0.0379512682557,0.691790401936,-0.720543384552
0.69618421793,-0.0391933396459,0.895756602287,-0.0284907761961,0.0379067026079,0.691121280193,-0.721181511879
0.696038603783,-0.0392790734768,0.895833075047,-0.0285426843911,0.0382628627121,0.69035166502,-0.721897423267
0.695884823799,-0.0393087118864,0.895903944969,-0.0285585243255,0.0381520725787,0.689725637436,-0.722500741482
0.69558930397,-0.0393337160349,0.896025896072,-0.0286001134664,0.0377952717245,0.688876271248,-0.723327755928
0.695357203484,-0.0393372513354,0.896079897881,-0.0285347942263,0.037752635777,0.688159644604,-0.72401446104
0.695162892342,-0.0393175669014,0.896149218082,-0.0286559369415,0.0376061499119,0.687533318996,-0.724612057209
0.694886267185,-0.0393503084779,0.896274447441,-0.0287637282163,0.0372864641249,0.686796307564,-0.725322961807
0.694693267345,-0.0393646806479,0.896370708942,-0.0290051978081,0.0371109321713,0.686165988445,-0.725918531418
0.694374084473,-0.0393898300827,0.896363198757,-0.0292301364243,0.0369121469557,0.685355246067,-0.726685285568
0.694154024124,-0.0394516661763,0.896427154541,-0.0292189847678,0.0368131920695,0.68472880125,-0.727281093597
0.693960368633,-0.0395533815026,0.896504402161,-0.0291056092829,0.0368323773146,0.684095919132,-0.727879822254
0.693718552589,-0.0395844504237,0.896559357643,-0.0290873553604,0.0366792492568,0.683515131474,-0.728433728218
0.693439602852,-0.0396112315357,0.896619200706,-0.0291440505534,0.0364200770855,0.682946681976,-0.728977501392
0.69306230545,-0.0396393798292,0.896680474281,-0.0290276799351,0.0360363796353,0.682166159153,-0.729731559753
0.692849814892,-0.0396595150232,0.896705627441,-0.0290363058448,0.0358810126781,0.681730210781,-0.730146288872
0.69255399704,-0.0396984815598,0.896758675575,-0.0289608500898,0.0355562120676,0.681227147579,-0.730634450912
0.692290008068,-0.0397032052279,0.896775603294,-0.0289406944066,0.03525493294,0.680787920952,-0.731059134007
0.691643476486,-0.0396485924721,0.896612167358,-0.0273879431188,0.0355801731348,0.679329276085,-0.732458651066
0.691746890545,-0.03973614797,0.89681327343,-0.0288868676871,0.0349633097649,0.679858565331,-0.73193949461
0.691550135612,-0.0397697351873,0.896872222424,-0.0289265941828,0.0350761786103,0.679509520531,-0.732256650925
0.69127124548,-0.0397600568831,0.896837413311,-0.0290018692613,0.0346610657871,0.67923605442,-0.732527077198
0.691039323807,-0.0397947877645,0.896844387054,-0.0289918109775,0.0345164127648,0.678918898106,-0.732828319073
0.690873384476,-0.039734441787,0.89688962698,-0.0291191954166,0.0344035513699,0.678487598896,-0.733227908611
0.690498709679,-0.0398618578911,0.896867394447,-0.0287128314376,0.0343083404005,0.678174674511,-0.733537793159
0.690264165401,-0.0398725941777,0.896883845329,-0.0287359189242,0.0341051444411,0.677850544453,-0.733845889568
0.689952790737,-0.0398961380124,0.89691054821,-0.0287976432592,0.0335948169231,0.677455604076,-0.734231591225
0.689727663994,-0.0399252027273,0.896894574165,-0.0289375558496,0.033378187567,0.677277863026,-0.734399914742
0.689538657665,-0.0399169698358,0.896884441376,-0.0290337428451,0.0331599377096,0.67709171772,-0.734577596188
0.68935829401,-0.0398949421942,0.896836996078,-0.0292463712394,0.0327196903527,0.676996827126,-0.734676480293
0.689193367958,-0.039901226759,0.896873176098,-0.0293177217245,0.0327485091984,0.6768014431,-0.734852313995
0.688430309296,-0.0399695523083,0.897268533707,-0.0290728397667,0.0289920736104,0.676020145416,-0.735738456249
0.689533233643,-0.0397935695946,0.896712183952,-0.0296049211174,0.03265234828,0.678223073483,-0.733533203602
0.689401626587,-0.03988532722,0.896791696548,-0.02921221219,0.0324539914727,0.677818179131,-0.733931899071
0.689247250557,-0.0397964566946,0.896693408489,-0.0297324936837,0.0323264412582,0.678023934364,-0.73372644186
0.689141690731,-0.0398815385997,0.896773278713,-0.0293712578714,0.0321350283921,0.677718997002,-0.7340310812
0.689058184624,-0.0398700758815,0.896738052368,-0.0295682810247,0.0320044159889,0.677665829659,-0.734077990055
0.688096761703,-0.0398906171322,0.896779179573,-0.0295831151307,0.0311858169734,0.675832748413,-0.735800623894
0.688880741596,-0.0398662760854,0.896712839603,-0.0297447815537,0.0318080820143,0.677816808224,-0.733940064907
0.688831329346,-0.0398613251746,0.896687507629,-0.0298713874072,0.0317490063608,0.677913546562,-0.733848154545
0.688789963722,-0.03984631598,0.896663546562,-0.02999256365,0.0316788740456,0.678019165993,-0.733748614788
0.688767910004,-0.0398313179612,0.896632790565,-0.0302143450826,0.0316405557096,0.678187727928,-0.733585357666
0.688743233681,-0.0398073345423,0.896614611149,-0.0303538516164,0.031572714448,0.678351402283,-0.73343116045
0.688757240772,-0.0398120433092,0.896590471268,-0.0305378325284,0.0316085293889,0.678611040115,-0.733181715012
0.687752664089,-0.0397422835231,0.896573424339,-0.0309720486403,0.0307758990675,0.677249789238,-0.734456539154
0.68870139122,-0.0397025942802,0.896467387676,-0.0313094556332,0.0315968543291,0.679412782192,-0.73240685463
0.687785208225,-0.0397473946214,0.896525740623,-0.0313102900982,0.0307875052094,0.677712082863,-0.73401504755
0.687815725803,-0.0397451147437,0.896495401859,-0.0314893871546,0.0308400243521,0.677935242653,-0.733799099922
0.687873065472,-0.0397296510637,0.896470844746,-0.0316719152033,0.0308848768473,0.678183376789,-0.733560144901
0.687916755676,-0.039719492197,0.896449923515,-0.0318320244551,0.0309261363,0.678485751152,-0.73327177763
0.687993884087,-0.0397154837847,0.896416425705,-0.0320545956492,0.0309936329722,0.678752422333,-0.733012378216
0.68811070919,-0.0397183448076,0.89643740654,-0.0325524099171,0.0309559032321,0.6791203022,-0.732651233673
0.688196361065,-0.0397300086915,0.896420717239,-0.0327327549458,0.0310221035033,0.679390609264,-0.732389748096
0.687907874584,-0.0398853942752,0.896876335144,-0.0326493158937,0.0280412156135,0.679324865341,-0.732574403286
0.688060820103,-0.0399307794869,0.896889209747,-0.0329801812768,0.0282300505787,0.67971599102,-0.732189595699
0.688162326813,-0.0399479046464,0.896877586842,-0.0331457406282,0.0283587742597,0.679997861385,-0.731915354729
0.688282132149,-0.0399837046862,0.896864891052,-0.033296931535,0.0285209305584,0.6803124547,-0.73160982132
0.6888718009,-0.0398914217949,0.896377325058,-0.0337283462286,0.0318750292063,0.681129574776,-0.730690717697
0.68896818161,-0.0399162322283,0.896373689175,-0.0338839963078,0.0320031680167,0.681419909,-0.730407178402
0.689089417458,-0.0399920418859,0.896400034428,-0.0340097211301,0.0322821326554,0.681735992432,-0.730094134808
0.689178347588,-0.0400486886501,0.896396934986,-0.03409653157,0.0324186123908,0.682066380978,-0.729775369167
0.689367830753,-0.0401022881269,0.896363377571,-0.0342147536576,0.0328289158642,0.682577848434,-0.729272961617
0.68947660923,-0.0401541441679,0.896361470222,-0.0342630967498,0.0330022536218,0.68293428421,-0.728929162025
0.689537405968,-0.0402324646711,0.896356403828,-0.0342401899397,0.0331216938794,0.683299899101,-0.728582084179
0.689293384552,-0.0402225404978,0.896210670471,-0.0329695604742,0.0336381904781,0.682813346386,-0.729072988033
0.689760327339,-0.0403691753745,0.896391868591,-0.0344819948077,0.0333850868046,0.684189319611,-0.727723479271
0.689884960651,-0.0404692403972,0.896447598934,-0.0348492711782,0.0334208272398,0.684709072113,-0.727215409279
0.689973473549,-0.040584448725,0.896481633186,-0.0348203927279,0.0336789675057,0.685081005096,-0.726854503155
0.690046787262,-0.0406638458371,0.896481990814,-0.0349387340248,0.0335478559136,0.685568094254,-0.726395428181
0.690107226372,-0.0407717972994,0.89651119709,-0.0348882861435,0.0337058231235,0.685973346233,-0.726007819176
0.690160870552,-0.0409258380532,0.896561741829,-0.0347999222577,0.0338947437704,0.686394453049,-0.7256051898
0.690171897411,-0.0410569980741,0.89656329155,-0.0346087925136,0.033970117569,0.686832487583,-0.725196182728
0.690207123756,-0.0411673672497,0.896588385105,-0.0345570966601,0.0340317673981,0.687246799469,-0.7248031497
0.690181136131,-0.0412863753736,0.896624147892,-0.0343135781586,0.0340586453676,0.687712371349,-0.724371790886
0.690271496773,-0.0414193682373,0.896663188934,-0.0343312583864,0.0341807492077,0.68824493885,-0.723859190941
0.690291106701,-0.0415383726358,0.896686971188,-0.0342289619148,0.0342348627746,0.688636064529,-0.723489403725
0.690357208252,-0.0416619814932,0.896748781204,-0.034529004246,0.034142229706,0.689178586006,-0.722962677479
0.690330386162,-0.0418289378285,0.896785259247,-0.0343461222947,0.034356366843,0.689683139324,-0.722479999065
0.690335154533,-0.0419517047703,0.896808981895,-0.0342239253223,0.0344098955393,0.690027952194,-0.722153842449
0.690289437771,-0.0420897901058,0.896849989891,-0.0339108780026,0.0344961434603,0.690427362919,-0.721782565117
0.690293669701,-0.0422389023006,0.89690053463,-0.0337398163974,0.034702707082,0.690771996975,-0.721450984478
0.690237879753,-0.0423343554139,0.896911084652,-0.0336125940084,0.0347144566476,0.691137969494,-0.721105754375
0.690195202827,-0.0424282737076,0.896922290325,-0.0335107967257,0.0346644259989,0.691454529762,-0.720809400082
0.690175831318,-0.0424719117582,0.896948635578,-0.0333700291812,0.0345452129841,0.691885411739,-0.720408141613
0.690146207809,-0.0425612851977,0.896928906441,-0.0333388186991,0.0345671586692,0.69221585989,-0.720090925694
0.690100550652,-0.0426366515458,0.896903455257,-0.0332831628621,0.03446194157,0.692515075207,-0.719810783863
0.690055966377,-0.0427209734917,0.896878182888,-0.0332632362843,0.0343806110322,0.692846477032,-0.71949660778
0.690021216869,-0.0427990332246,0.896889090538,-0.0332210026681,0.0343395471573,0.693109154701,-0.71924751997
0.68994987011,-0.0428402386606,0.896866977215,-0.0331921391189,0.0344507060945,0.693288326263,-0.719070732594
0.6898406744,-0.0429146178067,0.896864593029,-0.0329436212778,0.034493483603,0.693568825722,-0.718809604645
0.689771056175,-0.0429245121777,0.896853744984,-0.0329811759293,0.0345419161022,0.693776428699,-0.718605101109
0.689700067043,-0.0430019795895,0.896805226803,-0.0329851582646,0.034763880074,0.693813741207,-0.718558251858
0.689653635025,-0.0429558679461,0.896810412407,-0.03303386271,0.0347340479493,0.694110453129,-0.718270838261
0.689514160156,-0.0430264100432,0.896775603294,-0.0331021733582,0.0349108166993,0.694225132465,-0.71814841032
0.689436197281,-0.0430067926645,0.896746098995,-0.0332301929593,0.0350014679134,0.69435685873,-0.718010723591
0.689342617989,-0.0429762154818,0.896735429764,-0.0333185568452,0.034999076277,0.694434821606,-0.717931210995
0.689254462719,-0.042933344841,0.896714687347,-0.0334084220231,0.0350720845163,0.694516897202,-0.717844247818
0.689182460308,-0.0428621694446,0.896680355072,-0.0336281359196,0.0351128913462,0.694617569447,-0.717734456062
0.689117968082,-0.0427901670337,0.896650075912,-0.0338099710643,0.0352022610605,0.694690465927,-0.717650830746
0.689013242722,-0.0426903292537,0.89661103487,-0.0339936092496,0.0351955853403,0.694778263569,-0.717557728291
0.688884615898,-0.0425835885108,0.8965883255,-0.0341411568224,0.0351671762764,0.694845616817,-0.717486798763
0.688832938671,-0.0424647331238,0.896593034267,-0.034409519285,0.0351833738387,0.694873809814,-0.717445790768
0.688743174076,-0.0423597767949,0.89657998085,-0.0345529168844,0.0352353006601,0.694937884808,-0.717374384403
0.688714385033,-0.0422725863755,0.896592378616,-0.0345767699182,0.0356643274426,0.69501209259,-0.71728014946
0.688638687134,-0.0421918965876,0.896685957909,-0.0341928079724,0.0356183946133,0.694962620735,-0.717348694801
0.688452482224,-0.0419917888939,0.896560966969,-0.0345355831087,0.0357632301748,0.695221185684,-0.717074513435
0.688414990902,-0.0419562384486,0.89661192894,-0.0342893227935,0.0358457379043,0.695100903511,-0.717198848724
0.688279807568,-0.0418824702501,0.896950244904,-0.0343347191811,0.0335377007723,0.695593416691,-0.716830611229
0.689025521278,-0.0415887609124,0.896664619446,-0.0346365272999,0.0355739146471,0.697615683079,-0.714749872684
0.688067913055,-0.041472312063,0.896429777145,-0.0352273322642,0.0360905006528,0.695941209793,-0.716325640678
0.687992215157,-0.0413452908397,0.896393299103,-0.0353098660707,0.0361774079502,0.696156740189,-0.716107606888
0.688016653061,-0.0411747545004,0.896414339542,-0.0354339294136,0.0359489396214,0.696746349335,-0.715539574623
0.687977492809,-0.0410768538713,0.896384358406,-0.0354921855032,0.0361316055059,0.696987330914,-0.71529263258
0.687918543816,-0.040927644819,0.896323621273,-0.0356648527086,0.0361506491899,0.697276055813,-0.715001642704
0.687894880772,-0.0407898388803,0.896280527115,-0.0358422212303,0.0362716242671,0.697601675987,-0.714668989182
0.687892198563,-0.0406479239464,0.896226525307,-0.0360621996224,0.0364078916609,0.697919845581,-0.714340150356
0.6878657341,-0.0405350923538,0.896192193031,-0.0361595712602,0.0365157723427,0.698234021664,-0.714022576809
0.687833547592,-0.0404357351363,0.896165251732,-0.0362213626504,0.0366506054997,0.698529005051,-0.713724076748
0.687798380852,-0.0403058081865,0.896142601967,-0.0363184586167,0.0366732031107,0.698808073997,-0.713444769382
0.687739670277,-0.0402085743845,0.896097540855,-0.0363633483648,0.0367105342448,0.699152946472,-0.713102638721
0.687695860863,-0.0401044376194,0.896081328392,-0.0363480448723,0.0368174724281,0.699568748474,-0.712689936161
0.687721550465,-0.0399972423911,0.896037518978,-0.03646960482,0.0370020493865,0.699980139732,-0.712270081043
0.6877617836,-0.039897158742,0.895988047123,-0.0365603007376,0.0371631346643,0.700402736664,-0.711841523647
0.687904417515,-0.0398519784212,0.896083891392,-0.0359818898141,0.0372037775815,0.701046526432,-0.711234748363
0.688178479671,-0.0397434085608,0.895853579044,-0.0366130247712,0.0380735993385,0.702307701111,-0.709911227226
0.688937783241,-0.0397640019655,0.895487070084,-0.0369513556361,0.0405793711543,0.703678965569,-0.708395302296
0.687880218029,-0.0394695103168,0.895898044109,-0.0368109159172,0.0372803173959,0.702545762062,-0.709707379341
0.687896609306,-0.0393540859222,0.895866394043,-0.0369254276156,0.03736641258,0.702890098095,-0.709355890751
0.687964200974,-0.0392264276743,0.895837545395,-0.0372053347528,0.0374140478671,0.703403770924,-0.708829402924
0.687990963459,-0.0391212441027,0.895808935165,-0.037252381444,0.0374916419387,0.703745603561,-0.708483397961
0.687985539436,-0.0389942936599,0.895800173283,-0.0372649654746,0.0374827645719,0.704123675823,-0.708107590675
0.687995672226,-0.0388862118125,0.895781040192,-0.0372742041945,0.0374842919409,0.704526662827,-0.707706093788
0.687984347343,-0.038774009794,0.895769238472,-0.0372225418687,0.0375345386565,0.705040931702,-0.707193791866
0.688049197197,-0.0386799536645,0.895729839802,-0.0372257567942,0.0376827977598,0.705524623394,-0.706703126431
0.688102424145,-0.0385611988604,0.895681798458,-0.0373236909509,0.0377727337182,0.705979406834,-0.706238925457
0.688141226768,-0.0384649559855,0.895648479462,-0.0373127944767,0.037839371711,0.706404924393,-0.705810308456
0.688169002533,-0.0383900217712,0.895614981651,-0.0372644476593,0.0378978215158,0.706797301769,-0.705416738987
0.688245415688,-0.0382395200431,0.895608484745,-0.0372009798884,0.0380213260651,0.707027554512,-0.705182611942
0.688276529312,-0.0381460413337,0.895568668842,-0.0371030569077,0.0380005277693,0.70741891861,-0.704796254635
0.688288509846,-0.0380598530173,0.895546019077,-0.0369441099465,0.0380627810955,0.707905352116,-0.704312801361
0.68830960989,-0.037968210876,0.895512223244,-0.0369106717408,0.0380416400731,0.708280742168,-0.703938066959
0.688242137432,-0.0379365906119,0.895409703255,-0.0368979275227,0.0377852991223,0.708810091019,-0.703419566154
0.688219547272,-0.0378248095512,0.895398914814,-0.0366560928524,0.0377110280097,0.709312438965,-0.702929615974
0.687685489655,-0.0376219749451,0.895566105843,-0.0365567952394,0.0355581790209,0.709271728992,-0.70308804512
0.687683045864,-0.0376538448036,0.895586311817,-0.0366192087531,0.0351176559925,0.70948189497,-0.702894985676
0.687751591206,-0.0375206917524,0.895540237427,-0.0365760289133,0.0349947400391,0.709873378277,-0.702507972717
0.687751591206,-0.0374110676348,0.895448565483,-0.0360651165247,0.0349945761263,0.710095822811,-0.702309548855
0.687826633453,-0.037306882441,0.89538782835,-0.0359823107719,0.0349263399839,0.710392594337,-0.702017009258
0.687896251678,-0.0371722206473,0.895336270332,-0.0357791818678,0.0347115322948,0.710730075836,-0.701696336269
0.688012123108,-0.0370148234069,0.89526951313,-0.0355760827661,0.0345404259861,0.710963845253,-0.701478123665
0.688209295273,-0.0367221608758,0.895115077496,-0.0354768522084,0.0348755717278,0.711560249329,-0.700861752033
0.688283979893,-0.0365793481469,0.895023286343,-0.0353501476347,0.0348169058561,0.711851418018,-0.700575351715
0.688351988792,-0.0363715067506,0.89492893219,-0.035382475704,0.0344988144934,0.712213754654,-0.700221121311
0.688389778137,-0.0363189131021,0.894933223724,-0.0352230519056,0.033874861896,0.712492465973,-0.699975907803
0.688134491444,-0.036102771759,0.89468473196,-0.0338139906526,0.0341422744095,0.711962580681,-0.700571358204
0.688657999039,-0.0360962972045,0.89484578371,-0.0353155322373,0.0336827114224,0.713169693947,-0.699290573597
0.688780367374,-0.0359993539751,0.894811987877,-0.0352994650602,0.0335987359285,0.713517069817,-0.698941111565
0.688844203949,-0.0358619429171,0.894753813744,-0.0352593362331,0.0333820916712,0.71377569437,-0.69868928194
0.68893289566,-0.0357645526528,0.894718766212,-0.0350408963859,0.0333090871572,0.71407943964,-0.698393404484
0.688987493515,-0.0356883890927,0.894722342491,-0.0346518419683,0.0332531258464,0.714466571808,-0.698019444942
0.689295828342,-0.0354538783431,0.894605398178,-0.0347482487559,0.033688634634,0.71507704258,-0.697368323803
0.689472258091,-0.0353757590055,0.894591987133,-0.0346241779625,0.0338170044124,0.715523660183,-0.696910083294
0.68958067894,-0.0352668166161,0.894600093365,-0.0344810932875,0.0336477793753,0.715935349464,-0.696502268314
0.689643442631,-0.0352850854397,0.894671857357,-0.0345982536674,0.0330373458564,0.71623301506,-0.696219563484
0.689751148224,-0.0351732298732,0.894680380821,-0.0345583930612,0.0328884683549,0.716680824757,-0.695767819881
0.68986928463,-0.0350706279278,0.894722521305,-0.0344826243818,0.0327533222735,0.71720546484,-0.69523692131
0.689967632294,-0.0350018292665,0.894719898701,-0.0345009677112,0.0327085070312,0.717659533024,-0.6947696805
0.69006562233,-0.034908298403,0.894746303558,-0.0344904996455,0.0326929539442,0.718190968037,-0.694221496582
0.690224289894,-0.0348107516766,0.894749641418,-0.034423250705,0.0327849499881,0.718869686127,-0.693517565727
0.690333664417,-0.0347387641668,0.894756197929,-0.0343890227377,0.0329736284912,0.719436883926,-0.692921936512
0.690584719181,-0.0344812870026,0.894708096981,-0.0343267507851,0.0336319245398,0.720642566681,-0.691639304161
0.691210091114,-0.0344059802592,0.894436836243,-0.0343186222017,0.0356493219733,0.722153842449,-0.689960360527
0.690760791302,-0.0342000350356,0.894632995129,-0.0343244075775,0.0341160297394,0.721985459328,-0.690213859081
0.690828740597,-0.0340102799237,0.894801139832,-0.0342080816627,0.0331320427358,0.722641706467,-0.689580380917
0.690955758095,-0.0339676812291,0.894799828529,-0.0340600572526,0.033468645066,0.723351180553,-0.688827157021
0.691061854362,-0.0338640660048,0.894785702229,-0.0339869558811,0.0335280783474,0.724060952663,-0.688081920147
0.691190123558,-0.0338038653135,0.894707381725,-0.0342046581209,0.0333644337952,0.725114047527,-0.686969101429
0.691392540932,-0.0336159951985,0.894508719444,-0.0341528244317,0.0345208272338,0.725843667984,-0.686143517494
0.691532492638,-0.0333434678614,0.894562721252,-0.0340256541967,0.0339955836535,0.726495802402,-0.685485601425
0.691619157791,-0.0332175195217,0.894559264183,-0.0336576364934,0.0340684838593,0.727372407913,-0.684570014477
0.691714584827,-0.0330884680152,0.89453971386,-0.0336173549294,0.0340463966131,0.727949202061,-0.68395960331
0.691724300385,-0.0330755524337,0.894570708275,-0.0336026251316,0.0335102193058,0.728262126446,-0.683653652668
0.691758036613,-0.0330098494887,0.894527792931,-0.0335727594793,0.0333692617714,0.728877902031,-0.683005571365
0.692011475563,-0.032867770642,0.894505798817,-0.0338068678975,0.0333887822926,0.729555130005,-0.682269513607
0.69212269783,-0.0327406823635,0.894478559494,-0.0338147692382,0.0332328937948,0.729892551899,-0.681915819645
0.692198634148,-0.032759513706,0.894431471825,-0.0337355099618,0.0332744196057,0.730274617672,-0.681508541107
0.692402243614,-0.0325043871999,0.894347727299,-0.0335915572941,0.0334877222776,0.730747520924,-0.680998086929
0.692489922047,-0.0323594138026,0.894301891327,-0.0334987640381,0.0331612750888,0.730954110622,-0.680796802044
0.694241464138,-0.0316571034491,0.893787503242,-0.0367101915181,0.0331915840507,0.7284912467,-0.683265149593
0.6944668293,-0.0315026901662,0.893721580505,-0.0369826778769,0.0329481512308,0.728472948074,-0.683281719685
0.69461196661,-0.0313926935196,0.893619298935,-0.0370399989188,0.0331721641123,0.728538036346,-0.683198332787
0.694829404354,-0.0312293600291,0.893536925316,-0.0373194441199,0.0328617095947,0.728414416313,-0.683329880238
0.695262491703,-0.0311304032803,0.893496632576,-0.0378798916936,0.0327464975417,0.728190362453,-0.68354344368
0.695594370365,-0.0310054756701,0.893425762653,-0.0382003299892,0.0326023958623,0.728147268295,-0.683578491211
0.695891618729,-0.0308711398393,0.893328726292,-0.038650110364,0.0324086025357,0.727856993675,-0.683871328831
0.696063280106,-0.0307582430542,0.893199801445,-0.038473457098,0.032288517803,0.727513313293,-0.684252738953
0.694438517094,-0.0315079316497,0.894009411335,-0.0330959372222,0.0316693894565,0.729779720306,-0.682146131992
0.694556772709,-0.0314541533589,0.893989682198,-0.0329585820436,0.0314682759345,0.729739010334,-0.682205677032
0.694683372974,-0.0314041599631,0.893944084644,-0.0328605361283,0.0313295535743,0.729694485664,-0.682264328003
0.694840848446,-0.0313309803605,0.893903493881,-0.0328820906579,0.0312187708914,0.729617536068,-0.682350754738
0.694908976555,-0.0312609411776,0.893975734711,-0.0326997488737,0.0306301824749,0.729701042175,-0.68229675293
0.694428801537,-0.031308606267,0.893925964832,-0.032714240253,0.0305028185248,0.730971097946,-0.680940926075
0.694514989853,-0.0312153249979,0.893924295902,-0.0326371826231,0.0304084513336,0.73097795248,-0.680941581726
0.69451457262,-0.0312705039978,0.893987774849,-0.0325667448342,0.0300164129585,0.730787158012,-0.681167066097
0.69465136528,-0.0311338864267,0.894137144089,-0.0323205590248,0.029764758423,0.731067657471,-0.680888831615
0.694724202156,-0.0310477018356,0.894191205502,-0.032282076776,0.0297460742295,0.73111987114,-0.680835545063
0.694367289543,-0.0309022832662,0.894018769264,-0.0304662678391,0.0300732944161,0.730294823647,-0.681789517403
0.694886565208,-0.030921895057,0.894264221191,-0.032106783241,0.0297729652375,0.73134303093,-0.68060284853
0.694954156876,-0.0308666601777,0.894317626953,-0.0320403799415,0.0298131462187,0.731441438198,-0.680498301983
0.69508934021,-0.0308229103684,0.894380569458,-0.0320627056062,0.0299525894225,0.731663703918,-0.680252254009
0.695149183273,-0.0307756196707,0.894441187382,-0.0320040509105,0.0299791712314,0.731789171696,-0.680118858814
0.69522356987,-0.0307643152773,0.894475340843,-0.0318802259862,0.0300600267947,0.731920719147,-0.67997944355
0.69530248642,-0.0307434592396,0.894524335861,-0.0318492241204,0.0300838686526,0.732028484344,-0.679863870144
0.695435285568,-0.0307066142559,0.894577205181,-0.0318121947348,0.0300829987973,0.732096672058,-0.679792404175
0.695523381233,-0.0307094268501,0.894599676132,-0.0317877791822,0.0301144495606,0.732203364372,-0.679677188396
0.695617854595,-0.0306988228112,0.894634962082,-0.031810451299,0.0300511773676,0.732353568077,-0.679517030716
0.695721566677,-0.0306908283383,0.894655883312,-0.0318024791777,0.0299724191427,0.732483744621,-0.679380476475
0.695833802223,-0.0307155996561,0.894674003124,-0.0317917019129,0.0299820993096,0.732608675957,-0.679245829582
0.696585476398,-0.0307857431471,0.894260466099,-0.031985450536,0.0329734794796,0.733528137207,-0.678104817867
0.696192026138,-0.0308616030961,0.894670665264,-0.0319637283683,0.0302456654608,0.733046591282,-0.678753376007
0.696304380894,-0.0309156514704,0.894653260708,-0.0318889394403,0.0302748940885,0.733187198639,-0.678603827953
0.696424543858,-0.0309607684612,0.894636929035,-0.0318938605487,0.0302570778877,0.733318984509,-0.678461968899
0.696579456329,-0.0310338940471,0.894616961479,-0.0319349206984,0.0302804708481,0.733456075191,-0.678310930729
0.696701109409,-0.0310983080417,0.894593656063,-0.0319681614637,0.0301980432123,0.733540534973,-0.678221523762
0.696869969368,-0.0311794038862,0.894536972046,-0.0321837440133,0.0301556680351,0.73356294632,-0.678188979626
0.697072923183,-0.031263705343,0.894549489021,-0.032690115273,0.0299540068954,0.733753681183,-0.677967309952
0.697333693504,-0.0313146822155,0.894541621208,-0.0327100791037,0.0299717988819,0.733616650105,-0.678113877773
0.697416901588,-0.0314938165247,0.894494593143,-0.0328038372099,0.0298650227487,0.733715713024,-0.678006827831
0.697343170643,-0.0314631685615,0.894264698029,-0.0310799125582,0.0302908923477,0.732793271542,-0.679066061974
0.697948098183,-0.0316708274186,0.894428133965,-0.0329310670495,0.0298357196152,0.733675956726,-0.678044974804
0.697999596596,-0.031841751188,0.894323706627,-0.033070102334,0.0292640011758,0.733718574047,-0.678017139435
0.698219299316,-0.0319250635803,0.894256591797,-0.0331681333482,0.0290715601295,0.733407855034,-0.678356707096
0.698374688625,-0.0321113057435,0.894236505032,-0.0331292040646,0.0289249718189,0.733161330223,-0.678631424904
0.698626756668,-0.0321404896677,0.894150018692,-0.0330446586013,0.0292235277593,0.733187973499,-0.678593873978
0.698817431927,-0.0322708822787,0.894107460976,-0.0331487245858,0.0290906261653,0.732939660549,-0.678862690926
0.699023723602,-0.032463863492,0.89409327507,-0.0331290513277,0.0291412137449,0.73268789053,-0.679133057594
0.69920694828,-0.0326120704412,0.894103050232,-0.0331022664905,0.0290014538914,0.732494950294,-0.679348528385
0.699268102646,-0.0328975394368,0.894208073616,-0.0330245159566,0.0284297112375,0.731901586056,-0.680015563965
0.699450969696,-0.0330645814538,0.894231379032,-0.032956071198,0.0283632893115,0.731601834297,-0.680344223976
0.699729144573,-0.0332350879908,0.894292235374,-0.0329356081784,0.0283324941993,0.731295287609,-0.680676043034
0.699985265732,-0.0335093140602,0.894290685654,-0.0328145883977,0.0285265017301,0.731007218361,-0.680983126163
0.70017260313,-0.0337061844766,0.894278645515,-0.0327477231622,0.028509542346,0.730720579624,-0.681294620037
0.700453698635,-0.0339252054691,0.894245266914,-0.0329688340425,0.0285318531096,0.730255007744,-0.681781888008
0.700636982918,-0.0340869538486,0.894246339798,-0.0328506454825,0.028444096446,0.729928791523,-0.68214058876
0.700916171074,-0.0341746136546,0.894170105457,-0.0327945426106,0.0288531910628,0.729793012142,-0.682271420956
0.701171636581,-0.0343391746283,0.894175171852,-0.0329039767385,0.0288640484214,0.72940081358,-0.682685017586
0.7012347579,-0.0346369706094,0.894285857677,-0.0329328402877,0.0280765388161,0.728806197643,-0.6833512187
0.701502978802,-0.034888099879,0.894314408302,-0.0327813513577,0.02809680067,0.728287994862,-0.683909773827
0.701750636101,-0.0351521484554,0.894349455833,-0.0327047780156,0.0281860493124,0.727974057198,-0.684243917465
0.702129781246,-0.0352409593761,0.894282400608,-0.0328022837639,0.0284934751689,0.72800630331,-0.684192299843
0.7023832798,-0.0354312211275,0.894214332104,-0.0329753682017,0.0282743554562,0.727677583694,-0.684542715549
0.702709913254,-0.0356504097581,0.894145846367,-0.0332745835185,0.0281583238393,0.727507412434,-0.68471378088
0.702990531921,-0.0359202921391,0.894166529179,-0.0332142114639,0.0281654465944,0.727168977261,-0.685075819492
0.703111052513,-0.0363197214901,0.894292116165,-0.0331587418914,0.0274480711669,0.726522445679,-0.685793220997
0.703419804573,-0.0366093069315,0.894266366959,-0.033015973866,0.0276227965951,0.726142764091,-0.686195075512
0.703673243523,-0.0368708856404,0.894287765026,-0.0329412817955,0.0276392828673,0.725917637348,-0.6864361763
0.704033136368,-0.0371574759483,0.89432913065,-0.0333524793386,0.0277027431875,0.725709497929,-0.686633765697
0.704365074635,-0.0373898148537,0.894364595413,-0.0336572192609,0.0276235975325,0.725559949875,-0.686779975891
0.704750835896,-0.0376579761505,0.89437443018,-0.0336091257632,0.0277858786285,0.725430369377,-0.686912715435
0.70515614748,-0.0378048494458,0.894279956818,-0.0338771231472,0.0281669665128,0.725408256054,-0.686907470226
0.705431878567,-0.0380937457085,0.894291520119,-0.0339065119624,0.0281894225627,0.725139439106,-0.687188923359
0.705781459808,-0.0383372046053,0.894306540489,-0.0338275246322,0.0281893014908,0.724831998348,-0.687516927719
0.706018090248,-0.0386360660195,0.894311904907,-0.0336690880358,0.02797803469,0.724633455276,-0.687742769718
0.706321895123,-0.0388791933656,0.894342184067,-0.0339400917292,0.0279502049088,0.724632322788,-0.687731742859
0.706683039665,-0.0391125679016,0.894328832626,-0.0340192764997,0.027891298756,0.724649012089,-0.687712609768
0.70704716444,-0.0393469184637,0.894299805164,-0.0341691933572,0.0279160719365,0.72455483675,-0.687803387642
0.707270622253,-0.0396600291133,0.894354104996,-0.034319717437,0.027387406677,0.72419667244,-0.688194274902
0.707658529282,-0.0398705564439,0.894380152225,-0.0343804135919,0.0274307988584,0.72399610281,-0.688400566578
0.708245158195,-0.0401753820479,0.894447505474,-0.0354264639318,0.0274839960039,0.724012434483,-0.688328146935
0.708662450314,-0.0403925925493,0.894452214241,-0.0355947390199,0.0277015902102,0.724024772644,-0.68829792738
0.709018528461,-0.0406402610242,0.894462585449,-0.0356595367193,0.0278632193804,0.723980486393,-0.688334345818
0.709562122822,-0.0408262684941,0.894424676895,-0.0356428921223,0.0286386869848,0.724188089371,-0.688085138798
0.709902644157,-0.0412063039839,0.894476056099,-0.0356113053858,0.0281958654523,0.72376704216,-0.688547790051
0.710490345955,-0.0415718704462,0.894558310509,-0.0347421318293,0.0289062447846,0.723809182644,-0.688518464565
0.71097612381,-0.0417179651558,0.894319832325,-0.0356417968869,0.0292160920799,0.724123239517,-0.688129067421
0.711293041706,-0.0423143617809,0.894468843937,-0.0347692556679,0.0288482420146,0.723661541939,-0.688674807549
0.712018191814,-0.0422922261059,0.894129991531,-0.0358900688589,0.0296406708658,0.724238753319,-0.68797659874
0.712515354156,-0.0425409153104,0.89395236969,-0.0357608236372,0.0296476744115,0.724109649658,-0.688118755817
0.712828874588,-0.0429042764008,0.893864512444,-0.035634085536,0.0291400700808,0.723900198936,-0.688367426395
0.713296473026,-0.0430705025792,0.893666267395,-0.0359006822109,0.0290256887674,0.723831951618,-0.688430130482
0.71396625042,-0.0431350767612,0.893368184566,-0.0360883958638,0.0296454001218,0.724105894566,-0.688105821609
0.714445471764,-0.0433410257101,0.893129587173,-0.035933803767,0.0296774934977,0.723899543285,-0.688329517841
0.714781522751,-0.0436242893338,0.892926633358,-0.0360867194831,0.0290227234364,0.723542034626,-0.688725113869
0.715168237686,-0.0437451228499,0.892647385597,-0.0364014990628,0.0285311080515,0.723291814327,-0.688991963863
0.715830266476,-0.0438555181026,0.892370760441,-0.0365422703326,0.0289635714144,0.723359942436,-0.688895046711
0.716185688972,-0.0438986904919,0.892155468464,-0.0367274582386,0.0284507200122,0.722925961018,-0.689361810684
0.716371417046,-0.0440871566534,0.892067909241,-0.0370311997831,0.027211651206,0.72215795517,-0.690200030804
0.716703653336,-0.0442091748118,0.891853094101,-0.037362113595,0.0268053673208,0.721596956253,-0.69078463316
0.717115342617,-0.0443194061518,0.891801655293,-0.0373548232019,0.0267423950136,0.720952987671,-0.691459596157
0.717310369015,-0.0444717332721,0.891681551933,-0.0375534966588,0.0262394919991,0.720504522324,-0.691935360432
0.717637717724,-0.0444758608937,0.891555666924,-0.03730276227,0.0263171736151,0.720059156418,-0.692409396172
0.717763483524,-0.0446061491966,0.891499459743,-0.036861602217,0.0260634105653,0.71936416626,-0.693164587021
0.717907726765,-0.0448039844632,0.891477048397,-0.0371046625078,0.0251161102206,0.718539535999,-0.69404143095
0.717998027802,-0.04492360726,0.891474068165,-0.0370427966118,0.0246365088969,0.717963218689,-0.694658041
0.718267798424,-0.0450499467552,0.891498565674,-0.0372472628951,0.0243515651673,0.717574417591,-0.695058763027
0.718555867672,-0.0450568422675,0.891455948353,-0.037297360599,0.0245600640774,0.717400431633,-0.695228338242
0.718776524067,-0.0452497340739,0.89148414135,-0.0371895395219,0.024519354105,0.716951429844,-0.695698678493
0.718875169754,-0.0454287752509,0.891502857208,-0.0369485914707,0.0245060566813,0.716588675976,-0.696085453033
0.719009637833,-0.0455846935511,0.891534209251,-0.0368641540408,0.0244247112423,0.71632450819,-0.696364581585
0.719130992889,-0.0457483567297,0.89155960083,-0.0368011966348,0.0243677627295,0.716088354588,-0.69661283493
0.719123363495,-0.0460096001625,0.891659796238,-0.036810118705,0.0235319528729,0.715519487858,-0.697225391865
0.71924841404,-0.0462362803519,0.891745984554,-0.0364217162132,0.0235112514347,0.715301811695,-0.697469830513
0.71939766407,-0.0464981794357,0.891745567322,-0.0363125838339,0.0236456766725,0.71508282423,-0.697695374489
0.719509959221,-0.0466925725341,0.891755461693,-0.036189828068,0.0236219931394,0.714936614037,-0.697852492332
0.719707906246,-0.0468923449516,0.891819238663,-0.0364561825991,0.0235485825688,0.714938461781,-0.697839081287
0.719839334488,-0.0470753312111,0.891791462898,-0.0364798344672,0.0234955139458,0.714795649052,-0.697985947132
0.720012426376,-0.0471831932664,0.891730368137,-0.0363170877099,0.0238019283861,0.714904785156,-0.697872161865
0.720100939274,-0.0473807491362,0.891735136509,-0.036230172962,0.0237271599472,0.714845061302,-0.697940587997
0.720085740089,-0.0476948358119,0.891830921173,-0.0360423400998,0.023058751598,0.714610040188,-0.698213338852
0.720159709454,-0.0479031018913,0.891839981079,-0.0358217582107,0.0230270214379,0.714608609676,-0.698227226734
0.719802498817,-0.0480425842106,0.891677081585,-0.0341056324542,0.0231852382421,0.713661909103,-0.699275314808
0.720382630825,-0.0482578314841,0.891889989376,-0.035714160651,0.0227765198797,0.714714169502,-0.698132872581
0.72046405077,-0.0484688580036,0.891885638237,-0.0355901941657,0.0228263363242,0.714765548706,-0.698085010052
0.720554172993,-0.0486987344921,0.891917228699,-0.0354111231863,0.0229681599885,0.714842677116,-0.698010385036
0.720613539219,-0.0488908924162,0.891883671284,-0.0353917218745,0.0227515529841,0.714948892593,-0.697909653187
0.720716357231,-0.0490900054574,0.891905009747,-0.035303145647,0.0228473898023,0.71501904726,-0.697839140892
0.720828771591,-0.0493090674281,0.89194881916,-0.0351568199694,0.0230196118355,0.715095758438,-0.697762429714
0.720917880535,-0.049529992044,0.892023682594,-0.0345378033817,0.0230335369706,0.715020656586,-0.697869598866
0.721048772335,-0.0497200712562,0.892087697983,-0.0347226709127,0.0228967983276,0.71517676115,-0.697705090046
0.721121191978,-0.0498924255371,0.892104268074,-0.0347170382738,0.0228294674307,0.715205669403,-0.697677969933
0.721214473248,-0.0500742420554,0.892110705376,-0.0346709191799,0.0228139609098,0.715256989002,-0.697628200054
0.721311986446,-0.050305429846,0.892191648483,-0.0341807305813,0.0226898547262,0.714972436428,-0.697947919369
0.721517384052,-0.050393756479,0.891966223717,-0.0342598855495,0.0239554345608,0.715028047562,-0.697844862938
0.721580326557,-0.0505346059799,0.892081856728,-0.0348350256681,0.0226773992181,0.715492486954,-0.697382926941
0.721710562706,-0.0507109537721,0.89198243618,-0.0343353822827,0.0238084364682,0.715072512627,-0.697800457478
0.721792638302,-0.0508108325303,0.891966938972,-0.0343651920557,0.0237695705146,0.715076863766,-0.697796046734
0.721875190735,-0.0508979707956,0.891946136951,-0.03437994048,0.0237315762788,0.715065121651,-0.697808504105
0.721861183643,-0.0510086789727,0.892049312592,-0.0348751097918,0.0222852900624,0.71532356739,-0.69756680727
0.722033262253,-0.0510977655649,0.89200937748,-0.0350321382284,0.0223455708474,0.715203225613,-0.697680413723
0.722127795219,-0.0511702150106,0.891999900341,-0.0350958369672,0.0223238263279,0.715221881866,-0.697658658028
0.722222149372,-0.0512537434697,0.891984641552,-0.0351571552455,0.022353220731,0.715231120586,-0.697645306587
0.722297430038,-0.0513411685824,0.89199078083,-0.0351442806423,0.022305842489,0.715262949467,-0.697614789009
0.722412824631,-0.0514643788338,0.891980171204,-0.0351090691984,0.0222742315382,0.715255022049,-0.697625696659
0.722457945347,-0.0515384227037,0.891940712929,-0.0351005271077,0.0220789797604,0.715301990509,-0.697584033012
0.722534537315,-0.0516325160861,0.891937851906,-0.0350803658366,0.0220654197037,0.715336441994,-0.69755011797
0.722613453865,-0.0517206937075,0.891933202744,-0.0350564680994,0.0220704134554,0.715363919735,-0.697523117065
0.72269153595,-0.0518226884305,0.891932845116,-0.0350219234824,0.0220728330314,0.715392589569,-0.697495400906
0.722837686539,-0.0519459433854,0.891937375069,-0.0349431596696,0.02222311683,0.715543985367,-0.697339177132
0.722978234291,-0.0520710833371,0.891960382462,-0.0350471511483,0.0222579855472,0.715659856796,-0.697213888168
0.723171472549,-0.0520695820451,0.891891121864,-0.0350294336677,0.022652156651,0.716010570526,-0.696841955185
0.723301947117,-0.0521708391607,0.891880452633,-0.0349305123091,0.0227114520967,0.716025054455,-0.696830153465
0.723402380943,-0.0522972643375,0.891888737679,-0.0348301529884,0.0227578338236,0.716055631638,-0.696802198887
0.723534584045,-0.0524160824716,0.891890048981,-0.0348149836063,0.0228255465627,0.716120123863,-0.69673448801
0.723666071892,-0.0525794699788,0.891899883747,-0.0346567220986,0.0230100993067,0.716219544411,-0.696634173393
0.723831653595,-0.052675165236,0.891926825047,-0.0350632183254,0.022857952863,0.716405332088,-0.696427702904
0.72395336628,-0.0527859479189,0.891937851906,-0.0349958539009,0.0228269509971,0.716432988644,-0.696403682232
0.724115967751,-0.0528682656586,0.891902923584,-0.0351288244128,0.0227657761425,0.716442465782,-0.696389317513
0.724242448807,-0.0529568307102,0.891897916794,-0.0351428054273,0.0226831920445,0.716494560242,-0.69633769989
0.724422991276,-0.0530738756061,0.891888737679,-0.0351088009775,0.0227401144803,0.716665923595,-0.696161091328
0.724569141865,-0.0531962029636,0.891906201839,-0.0350288301706,0.0227906461805,0.716736733913,-0.696090519428
0.724656462669,-0.0534061230719,0.891993761063,-0.0351758673787,0.0223002787679,0.716636836529,-0.696201920509
0.724792838097,-0.0535011440516,0.892001867294,-0.0351436883211,0.0222517643124,0.716677844524,-0.696162819862
0.724964380264,-0.0536163710058,0.892013609409,-0.0350241921842,0.0223355591297,0.71671718359,-0.696125745773
0.725148379803,-0.0537482649088,0.891987919807,-0.0349971465766,0.0224566925317,0.716713190079,-0.696127235889
0.725337445736,-0.0537883043289,0.891909897327,-0.0345546752214,0.0235004201531,0.716538965702,-0.696294188499
0.726207137108,-0.0539535433054,0.891712963581,-0.0346690937877,0.0249411035329,0.71767783165,-0.695064365864
0.726425886154,-0.0540217086673,0.891733288765,-0.034739986062,0.0249500516802,0.717719495296,-0.695017457008
0.726585030556,-0.0540770478547,0.891745150089,-0.034874714911,0.0247324127704,0.717715322971,-0.695022821426
0.726740241051,-0.0540826618671,0.891670703888,-0.035357169807,0.0247639175504,0.718005597591,-0.694697499275
0.726854145527,-0.0541393868625,0.891662418842,-0.0354628264904,0.0245757550001,0.717989325523,-0.694715619087
0.727111279964,-0.0542054884136,0.891656219959,-0.0359089821577,0.0244698505849,0.717833757401,-0.694857180119
0.727303266525,-0.0543177761137,0.891688942909,-0.0358889326453,0.0245548859239,0.717770218849,-0.694920957088
0.727442145348,-0.0543871819973,0.891710639,-0.0359253697097,0.0244329087436,0.717663645744,-0.695033252239
0.727573156357,-0.0544772930443,0.891730368137,-0.0359032861888,0.0243160538375,0.717518389225,-0.695188522339
0.727705657482,-0.0545544140041,0.891735196114,-0.0359537675977,0.0241240952164,0.717365801334,-0.695350050926
0.727894484997,-0.0546550489962,0.8917542696,-0.0359822399914,0.0240752864629,0.717227041721,-0.695493459702
0.727993905544,-0.0547362193465,0.891771674156,-0.0359690450132,0.0238334424794,0.717032253742,-0.695703208447
0.72822791338,-0.0548335984349,0.891807675362,-0.0362620986998,0.0236297976226,0.716945111752,-0.69578486681
0.728354632854,-0.054923530668,0.891806423664,-0.0362653620541,0.0234777461737,0.716724097729,-0.696017384529
0.728472471237,-0.0550084114075,0.891806006432,-0.0362317375839,0.0233435165137,0.71659809351,-0.696153342724
0.728662848473,-0.0550661161542,0.891786575317,-0.0363704971969,0.0232506562024,0.716440796852,-0.696311116219
0.728770911694,-0.0551810823381,0.891817033291,-0.0362505428493,0.0231923814863,0.716197609901,-0.696569561958
0.728850841522,-0.0552069693804,0.891906678677,-0.0360043533146,0.0225378032774,0.716103792191,-0.696700155735
0.728929877281,-0.0553499981761,0.891998529434,-0.0354785807431,0.0224117338657,0.715608417988,-0.697240054607
0.728998303413,-0.055393718183,0.891998410225,-0.0353753045201,0.0223386194557,0.715350270271,-0.697512507439
0.729054510593,-0.0553937852383,0.891996443272,-0.0353612713516,0.0222151335329,0.715009212494,-0.697866797447
0.729107260704,-0.0553068257868,0.891906499863,-0.0357836894691,0.0221197400242,0.714918911457,-0.697940766811
0.729115784168,-0.0553896427155,0.891968786716,-0.0351843833923,0.022036684677,0.714128017426,-0.698782920837
0.729274630547,-0.0552057251334,0.891895115376,-0.0356163531542,0.0220463667065,0.713796198368,-0.699099779129
0.729038953781,-0.0551307499409,0.891752660275,-0.0356710776687,0.0226260647178,0.712649524212,-0.70024740696
0.728963136673,-0.0553095936775,0.891833901405,-0.0352722518146,0.0223969742656,0.711816012859,-0.701122164726
0.728616416454,-0.0552613213658,0.892063260078,-0.0357379876077,0.0197277199477,0.711105942726,-0.701898872852
0.728139162064,-0.0552321970463,0.89223408699,-0.0360343717039,0.0177100915462,0.709422945976,-0.703638374805
0.728971779346,-0.0549856200814,0.891449987888,-0.0363494493067,0.0221435967833,0.709851861,-0.703063845634
0.728534936905,-0.0548937022686,0.891200125217,-0.0345099642873,0.0225025266409,0.708133757114,-0.704875409603
0.728474259377,-0.0548784658313,0.891170144081,-0.0345058068633,0.0223907586187,0.707348883152,-0.705666780472
0.728804349899,-0.0549559630454,0.891308784485,-0.0360973887146,0.0218993220478,0.707412958145,-0.705538272858
0.728665828705,-0.0549404919147,0.891311883926,-0.0361255966127,0.0215108394623,0.706530809402,-0.706432044506
0.728617668152,-0.0550526641309,0.89138507843,-0.0355158597231,0.0216915681958,0.705281734467,-0.707704663277
0.728578686714,-0.0550114251673,0.891358971596,-0.0356899760664,0.0215375926346,0.704410612583,-0.708567738533
0.728490889072,-0.0550046935678,0.891267776489,-0.0358923003078,0.0212212614715,0.703271687031,-0.709697425365
0.728380441666,-0.0549840778112,0.89122658968,-0.0359715111554,0.0208967700601,0.702426791191,-0.710539281368
0.728316664696,-0.0549780614674,0.891225099564,-0.0360882543027,0.020718138665,0.701677799225,-0.71127820015
0.727452814579,-0.0549996420741,0.890772521496,-0.0331505537033,0.0216600280255,0.699616134167,-0.713420808315
0.72780919075,-0.0548411570489,0.890957415104,-0.0347628034651,0.0211763456464,0.699351370335,-0.713618159294
0.728134393692,-0.0548607595265,0.891183376312,-0.0365707613528,0.0206278245896,0.699601054192,-0.713298916817
0.728024721146,-0.0548479110003,0.891167402267,-0.0362965017557,0.0206691995263,0.698842346668,-0.71405518055
0.727950930595,-0.0549001060426,0.891200304031,-0.0363294743001,0.0206489358097,0.69812220335,-0.714758217335
0.72788631916,-0.0549150183797,0.891246914864,-0.0363185480237,0.0206235367805,0.697559177876,-0.715308964252
0.727820754051,-0.0549429059029,0.891295313835,-0.0363472141325,0.0205872096121,0.696954369545,-0.715897977352
0.727761566639,-0.0549725033343,0.891372084618,-0.0362160615623,0.0206664614379,0.696479797363,-0.71636390686
0.727603435516,-0.0549911782146,0.891472280025,-0.036122161895,0.0203845724463,0.695851147175,-0.716987431049
0.727552890778,-0.0549910143018,0.891529083252,-0.03607371822,0.0203772075474,0.695399463177,-0.717428207397
0.727534234524,-0.055047288537,0.891636192799,-0.0358975380659,0.0207263156772,0.69494587183,-0.717866301537
0.727503240108,-0.0550805777311,0.891697525978,-0.0359102264047,0.0207818374038,0.694562852383,-0.718234658241
0.727467536926,-0.055094435811,0.891748845577,-0.0358842499554,0.0208575315773,0.694159030914,-0.718624055386
0.727428436279,-0.055152181536,0.891800999641,-0.0360164567828,0.0207964461297,0.69366979599,-0.719091594219
0.727421283722,-0.0551986917853,0.89184230566,-0.0360854268074,0.020878860727,0.693384349346,-0.719361007214
0.727410495281,-0.0552666001022,0.891887068748,-0.0361918471754,0.020986136049,0.693066120148,-0.719658911228
0.727368414402,-0.055336676538,0.891930222511,-0.0361369475722,0.0210735257715,0.692710876465,-0.720001220703
0.727376937866,-0.0554091408849,0.891965925694,-0.0362024269998,0.0211947392672,0.692457020283,-0.720238506794
0.727387189865,-0.0555028580129,0.892003297806,-0.0362972132862,0.021315632388,0.692158401012,-0.720517158508
0.72740393877,-0.0555849820375,0.892034888268,-0.0363905951381,0.0214017704129,0.691895842552,-0.720762014389
0.727430164814,-0.0557027235627,0.89206212759,-0.0364888906479,0.0215181149542,0.691550910473,-0.721084535122
0.727462828159,-0.0557974949479,0.89208227396,-0.0365691781044,0.0216515548527,0.691301763058,-0.721315324306
0.727471351624,-0.0559371933341,0.892099499702,-0.0366650335491,0.0217685792595,0.690917134285,-0.721675395966
0.727583944798,-0.0560009852052,0.892160534859,-0.0371209308505,0.0217499732971,0.690682768822,-0.721876978874
0.727574825287,-0.0560951791704,0.892179429531,-0.0371397957206,0.0217627491802,0.69042134285,-0.722125649452
0.72719347477,-0.0561083853245,0.891980469227,-0.0354382917285,0.0222928132862,0.689228475094,-0.723333537579
0.727186560631,-0.0561670139432,0.891993284225,-0.0355183668435,0.0223101023585,0.688998579979,-0.723548054695
0.727588295937,-0.0562734231353,0.892200827599,-0.0373869650066,0.0218250658363,0.689764261246,-0.722738742828
0.727176487446,-0.0562661141157,0.892000794411,-0.0357370004058,0.0223222970963,0.688562393188,-0.723952114582
0.727888703346,-0.0562788248062,0.891973376274,-0.0359287001193,0.0226967409253,0.689937472343,-0.722620487213
0.728303015232,-0.0563868582249,0.892175495625,-0.0377675704658,0.0223033502698,0.690820395947,-0.72169482708
0.727527916431,-0.0564371161163,0.892202913761,-0.0378562510014,0.0219533592463,0.689018070698,-0.723421812057
0.727510929108,-0.0564706102014,0.892209529877,-0.0379661917686,0.0219891518354,0.688897132874,-0.723530113697
0.72749710083,-0.0566181093454,0.892283141613,-0.0376016013324,0.0220483131707,0.688481748104,-0.723942637444
0.727013111115,-0.0565030686557,0.891993284225,-0.0363330505788,0.0226206574589,0.687681615353,-0.724749803543
0.726989984512,-0.056583430618,0.891921162605,-0.0365944057703,0.0228922832757,0.687374651432,-0.725019216537
0.727298676968,-0.0566812455654,0.892098784447,-0.0382372513413,0.0224778819829,0.688223421574,-0.724141657352
0.727228105068,-0.0567086972296,0.892101883888,-0.0383155569434,0.0224804338068,0.688130915165,-0.724225401878
0.727103948593,-0.0567661002278,0.892093777657,-0.0383017994463,0.0225149579346,0.688180685043,-0.724177777767
0.72703909874,-0.0568089932203,0.892080008984,-0.0383242443204,0.0225146599114,0.68812930584,-0.724225401878
0.726920843124,-0.0568109452724,0.892061293125,-0.0383933074772,0.0223959982395,0.688052117825,-0.724298834801
0.726837396622,-0.0568384863436,0.892051517963,-0.0384224317968,0.0223578494042,0.687977194786,-0.724369585514
0.726724863052,-0.0568646043539,0.892034113407,-0.038444634527,0.0223293080926,0.687866687775,-0.724474310875
0.726634800434,-0.0568702667952,0.892048895359,-0.0385309681296,0.0222351904958,0.687811970711,-0.724524438381
0.726521730423,-0.0569089502096,0.892040789127,-0.0385604649782,0.0221600607038,0.687725841999,-0.724606990814
0.72631752491,-0.0569221749902,0.892096757889,-0.0386064127088,0.0217839162797,0.68748742342,-0.724842131138
0.726223945618,-0.0569260567427,0.892113149166,-0.0387196242809,0.0217083729804,0.687469661236,-0.724855303764
0.726127207279,-0.0569457150996,0.892127990723,-0.0387861654162,0.0216629914939,0.687478244305,-0.724844813347
0.726013123989,-0.056988812983,0.892126739025,-0.038754016161,0.0216729808599,0.687521517277,-0.724805176258
0.725899219513,-0.0570027306676,0.892140030861,-0.0388232953846,0.021623890847,0.687590539455,-0.724737465382
0.725760102272,-0.0570397004485,0.892139196396,-0.0387995541096,0.0215923376381,0.687648594379,-0.724684655666
0.725605130196,-0.0571119226515,0.892160594463,-0.0386004261672,0.021619964391,0.68787330389,-0.724481225014
0.724727392197,-0.057174615562,0.891795277596,-0.0357712246478,0.0224320702255,0.686519265175,-0.72588467598
0.725322723389,-0.0571415945888,0.892139673233,-0.0385276712477,0.0216949414462,0.688096404076,-0.724270880222
0.725161254406,-0.0571828708053,0.892135858536,-0.0385027192533,0.0217031575739,0.688371837139,-0.724010109901
0.725042939186,-0.0572210848331,0.892130970955,-0.0385064147413,0.0217429324985,0.688572347164,-0.723818063736
0.724893331528,-0.0572382286191,0.892134308815,-0.0385199449956,0.0217890925705,0.688848495483,-0.723553299904
0.724771857262,-0.0572528354824,0.892141699791,-0.0385326556861,0.0217644050717,0.689073383808,-0.723339140415
0.724635541439,-0.0572671070695,0.892138540745,-0.0385199785233,0.0218158792704,0.689360916615,-0.723064303398
0.724516034126,-0.057276263833,0.892133891582,-0.0385413877666,0.0218234974891,0.689656734467,-0.722780644894
0.724428713322,-0.0572940595448,0.892125606537,-0.0386006683111,0.0219026170671,0.690009355545,-0.722438454628
0.724283576012,-0.0573093034327,0.89213347435,-0.0384934544563,0.0218805260956,0.69038516283,-0.722085773945
0.723725676537,-0.0567276701331,0.891875863075,-0.0388064458966,0.0199870411307,0.690683662891,-0.721838474274
0.724037408829,-0.0574116259813,0.892150878906,-0.0382595732808,0.0221048910171,0.691132605076,-0.721376001835
