Fx,Fy,Fz,Tx,Ty,Tz
1.45726173780784,7.84131646106157,0.770750916002999,0.260785423661648,-0.106154765933778,0.139399686207217
1.40827816389784,7.98794436405157,1.034255421163,0.266224585915648,-0.105214580893478,0.149947838236717
1.43276995084784,7.89019274662157,0.902503407003,0.266224585915648,-0.103334210813078,0.145025366296217
1.43276995084784,8.03682017277157,1.166007912153,0.279822491551648,-0.106154765933778,0.143618947205317
1.57972079179784,8.11013388584157,1.166007912153,0.287981264735648,-0.112736061215378,0.141509316240617
1.72667151353784,8.15900969455157,1.166007912153,0.287074737693647,-0.119317360222378,0.135883635220287
1.72667151353784,8.23232340763157,1.166007912153,0.290700845862647,-0.118377178907378,0.139399686207217
1.72667151353784,8.23232340763157,1.034255421163,0.291607372905648,-0.118377178907378,0.138696476196107
1.75116330049784,8.18344759891157,1.034255421163,0.285261683608648,-0.124958470463778,0.144322157216417
1.77565508745784,8.18344759891157,1.297760403153,0.287981264735648,-0.125898659229278,0.145025366296217
1.70217972658784,8.15900969455157,1.297760403153,0.287074737693647,-0.124018289148778,0.147134998192217
1.72667151353784,8.06125807712157,1.166007912153,0.279822491551648,-0.122137919068378,0.145728578170017
1.82463866136784,7.96350645969157,1.297760403153,0.277102910424648,-0.125898659229278,0.140102896218317
1.80014687441784,7.96350645969157,1.166007912153,0.272570275212648,-0.124018289148778,0.139399686207217
1.82463866136784,7.91463065098157,1.034255421163,0.269850694085647,-0.117436990141878,0.131664374687877
1.82463866136784,7.81687855671157,1.166007912153,0.265318058873648,-0.115556620061378,0.129554744305257
1.89811402223784,7.81687855671157,1.166007912153,0.259878896619648,-0.115556620061378,0.131664374687877
1.82463866136784,7.74356484363157,1.166007912153,0.258065842534648,-0.114616431295878,0.135180425209157
1.80014687441784,7.76800274799157,1.166007912153,0.260785423661648,-0.112736061215378,0.136586845697067
1.89811402223784,7.81687855671157,1.166007912153,0.269850694085647,-0.117436990141878,0.133070795175787
1.99608128927784,7.91463065098157,1.166007912153,0.270757221127647,-0.120257548987878,0.130257954432797
2.19201570413784,7.91463065098157,1.034255421163,0.261691950703648,-0.124958470463778,0.126741903678677
2.36345821283784,7.76800274799157,0.638998901842999,0.260785423661648,-0.0920519828796783,0.112677702059217
2.26549106500784,8.03682017277157,-1.073781096937,0.227243878389648,-0.0422221589833583,0.0979102881003166
1.87362223528784,7.47474789570157,-1.996047222617,0.216365553880648,-0.0309399347752783,0.104239180063017
1.53073709867784,7.54806160877157,-1.732542598247,0.246280961180648,-0.0365810468792783,0.108458440129817
1.55522900484784,7.35255789707157,-1.600790345667,0.235402636672648,-0.0469230860471783,0.100019918133717
1.50624531171784,6.96155142734157,-1.732542598247,0.237215690757648,-0.0459829006576973,0.102832760040817
1.45726173780784,6.88823723743157,-2.259551846987,0.260785423661648,-0.0271791927516783,0.0852525060374166
1.50624531171784,6.81492352436157,-2.523056471347,0.267131112958647,-0.0205978956073783,0.0782204059261166
1.53073709867784,6.81492352436157,-2.654808723927,0.261691950703648,-0.0281193777918783,0.0789236140746166
1.60421257875784,6.74160981128157,-2.654808723927,0.258065842534648,-0.0337604908272783,0.0817364541191166
1.67768793962784,6.69273400257157,-2.786561036113,0.257159315491647,-0.0412819739431183,0.0859557179112166
1.70217972658784,6.66829609821157,-2.654808723927,0.256252788449647,-0.0450427152682183,0.0894717661041166
1.75116330049784,6.66829609821157,-2.391304099567,0.249907069350647,-0.0600856812670783,0.102832760040817
1.75116330049784,6.66829609821157,-2.127799594407,0.246280961180648,-0.0676071643829783,0.111974490185417
1.82463866136784,6.66829609821157,-1.996047222617,0.231776528502648,-0.0751286484300783,0.128148324050177
1.87362223528784,6.61942028949157,-1.337285840517,0.215459026838648,-0.0817099437117783,0.145728578170017
2.02057307623784,6.57054448078157,-0.678524339197001,0.181010954524648,-0.0929921716451783,0.161199198414717
2.09404843710784,6.47279286335157,-0.415019595627001,0.157441236521648,-0.0967529118060783,0.166824882229017
2.09404843710784,6.15509962986157,0.111989414692999,0.133871503616648,-0.108975321054478,0.186514766265817
2.09404843710784,5.88628220508157,0.507246410843,0.113021366740648,-0.124018289148778,0.199172550191317
2.11854022405784,5.64190316150157,1.034255421163,0.104862615908647,-0.136240698397178,0.206907854725817
2.06955665014784,5.25089621494157,1.561264908313,0.0994234462036475,-0.155984587967178,0.220972062398817
2.04506486318784,5.10426878879157,2.088273918623,0.100329980696648,-0.162565886974178,0.225894534339317
2.06955665014784,4.90876507709157,2.615282928943,0.106675669993647,-0.166326627135178,0.231520214428717
2.06955665014784,4.76213765094157,2.747035419943,0.112114839698647,-0.168207004666178,0.232223422576717
2.14303201101784,4.59107208202157,3.142292416093,0.117554001952647,-0.171967744827178,0.225894534339317
2.21650749109784,4.46888256023157,3.142292416093,0.126619287277648,-0.174788296223178,0.221675270547317
2.28998285196784,4.42000675152157,3.010539925093,0.142030261899648,-0.187950894236178,0.215346382309817
2.33896642587784,4.24894118259157,3.010539925093,0.165599979902648,-0.199233114719178,0.206907854725817
2.31447463892784,4.07787561367157,3.010539925093,0.190076239849648,-0.206754595041178,0.197766126443817
2.31447463892784,3.98012399624157,3.010539925093,0.206393741513648,-0.209575161338178,0.190734026332517
2.21650749109784,3.80905842731157,2.878787910933,0.223617770220648,-0.209575161338178,0.187921186288017
2.19201570413784,3.68686890552157,3.010539925093,0.231776528502648,-0.215216264129178,0.186514766265817
1.94709759615784,3.44248962352157,2.747035419943,0.236309163714648,-0.211455523968178,0.185108342518217
1.72667151353784,3.14923429439157,2.483530914783,0.241748325968648,-0.209575161338178,0.187217974414317
1.72667151353784,3.02704477260157,2.483530914783,0.246280961180648,-0.212395712733178,0.186514766265817
1.40827816389784,2.58716201732157,1.956521904463,0.251720153237648,-0.206754595041178,0.187921186288017
1.28581922910784,2.36722063968157,1.824769413473,0.253533207322648,-0.206754595041178,0.187921186288017
1.21234386823784,2.02508974025157,1.824769413473,0.248094015265648,-0.207694783807178,0.187217974414317
1.18785208128784,1.82958626697457,1.561264908313,0.237215690757648,-0.206754595041178,0.187217974414317
1.21234386823784,1.46301734397757,1.693016922473,0.219991662050648,-0.203934043646178,0.186514766265817
1.21234386823784,1.26751390049857,1.824769413473,0.208206795598648,-0.204874232411178,0.184405134369817
1.23683565519784,1.04757253775957,1.956521904463,0.190982766891648,-0.202053681016178,0.185108342518217
1.23683565519784,0.827631186196967,2.220026409623,0.177384846354648,-0.198292940855178,0.185108342518217
1.16336023472284,0.558813958863567,2.220026409623,0.163786925817648,-0.188891083002178,0.186514766265817
1.13886844776584,0.289996742705567,2.220026409623,0.149282478238648,-0.179489225149178,0.190030814458817
1.11437666080884,0.0700554246705667,2.351778423783,0.132964976574648,-0.171967744827178,0.194953286399317
1.08988487385184,-0.149886012578433,2.483530914783,0.117554001952647,-0.166326627135178,0.199172550191317
1.04090124033384,-0.369827271008433,2.615282928943,0.106675669993647,-0.161625705659178,0.202688598384317
1.08988487385184,-0.711958289638433,2.878787910933,0.0767602477921475,-0.156924776733178,0.211127118517817
1.06539302729084,-0.931899667278433,2.747035419943,0.0622558076633475,-0.155044406652178,0.213939958562317
0.942934092506838,-1.20071697284843,2.615282928943,0.0350599665893475,-0.147522926330178,0.223784902443317
0.820475098117838,-1.34734439899843,2.483530914783,0.0287142735673475,-0.124018289148778,0.213236750413817
0.649032559618838,-1.59172368098843,2.615282928943,0.0241816309048475,-0.127779029309778,0.229410582532717
0.649032559618838,-1.71391344119843,2.483530914783,0.0114902411355475,-0.116496801376378,0.233629846324717
0.526573595031838,-1.73835134555843,2.351778423783,0.0069576021982475,-0.104274395853278,0.242771574606717
0.379622813686838,-1.98273062755843,2.351778423783,0.0006119063822475,-0.0995734669267783,0.254022942234717
0.330639224871838,-1.98273062755843,1.824769413473,-0.0093599006300524,-0.0939323566853783,0.260351823021717
0.183688458427838,-2.17823410083843,1.824769413473,-0.0202382351504325,-0.0920519828796783,0.280744926382717
0.159196664020438,-2.20267200519843,1.693016922473,-0.0247708750189525,-0.0882912427186783,0.282151342679717
0.0122458901258384,-2.25154781390843,1.561264908313,-0.0220512910978525,-0.0788893885910783,0.275119246293717
-0.0857212875041616,-2.25154781390843,1.297760403153,-0.0120794843183525,-0.0760688334703783,0.270899982501717
-0.183688465133162,-2.39817547847843,1.166007912153,-0.0075468449154524,-0.0704277213662783,0.269493566204717
-0.134704861417162,-2.49592709590843,1.034255421163,-0.0111729564028485,-0.0732482764869783,0.270899982501717
-0.134704861417162,-2.52036500026843,0.902503407003,-0.0175186516949625,-0.0732482764869783,0.273712815095717
-0.134704861417162,-2.56924080898843,0.902503407003,-0.0184251796686725,-0.0751286484300783,0.274416030694717
-0.159196678176162,-2.64255476047843,0.902503407003,-0.0211447631241425,-0.0704277213662783,0.271603183199717
-0.232672039047162,-2.66699266483843,0.638998901842999,-0.0147990680066525,-0.0732482764869783,0.270899982501717
-0.281655642763162,-2.76474428226843,0.638998901842999,-0.0093599006300524,-0.0741884615272783,0.270196766902717
-0.306147429719162,-2.91137194682843,0.375493919843,-0.0102664284873425,-0.0723080914467783,0.272306398798717
-0.355131033435162,-3.08243727733843,0.507246410843,-0.0120794843183525,-0.0713679064064783,0.274416030694717
-0.404114607349162,-3.18018889476843,0.507246410843,-0.0138925401493625,-0.0600856812670783,0.275119246293717
-0.404114607349162,-3.25350308467843,0.638998901842999,-0.0147990680066525,-0.0582053102552783,0.274416030694717
-0.379622820392162,-3.42456841518843,0.507246410843,-0.0084533726563324,-0.0582053102552783,0.278635294486717
-0.404114607349162,-3.62007165004843,0.375493919843,-0.0111729564028485,-0.0535043836571383,0.281448127080717
-0.330639246478162,-3.62007165004843,0.111989414692999,0.0006119063822475,-0.0591454962268783,0.279338495184717
-0.453098181262162,-3.71782374431843,-0.0197628378870007,0.0205555190099475,-0.0638464223593783,0.275119246293717
-0.624540749565162,-3.88888907481843,0.111989414692999,0.0423121903790475,-0.0685473494231783,0.271603183199717
-0.698016110435162,-4.03551650096843,-0.0197628378870007,0.0586296920432475,-0.0741884615272783,0.268790350605717
-0.746999743953162,-4.18214440395843,0.243741905683,0.0821994174970475,-0.0779492035507783,0.265977503110717
-0.771491530910162,-4.18214440395843,0.243741905683,0.0967038650766475,-0.0826501324772783,0.262461454917717
-0.820475164432162,-4.18214440395843,-0.0197628378870007,0.110301785613648,-0.0845305025577783,0.256132574130717
-0.991917673122162,-4.30433392574843,-0.283267343047001,0.153815128351648,-0.0882912427186783,0.251210094739717
-0.942934099212162,-4.42652344753843,-0.283267343047001,0.160160817648648,-0.0901716127991783,0.246287622799717
-0.967425886172162,-4.59758877803843,-0.0197628378870007,0.171945684100648,-0.0901716127991783,0.246287622799717
-0.893950525302162,-4.64646458675843,0.111989414692999,0.181010954524648,-0.0882912427186783,0.246287622799717
-0.869458738342161,-4.71977877666843,0.111989414692999,0.183730550552648,-0.0873510576784783,0.247694046546717
-0.820475164432162,-4.79309248973843,0.111989414692999,0.186450131679648,-0.0873510576784783,0.248397254695717
-0.820475164432162,-4.93971991588843,0.111989414692999,0.197328471089648,-0.0817099437117783,0.246287622799717
-0.722507956996162,-5.11078524638843,0.375493919843,0.211832903767648,-0.0807697586714783,0.241365150858717
-0.649032536521162,-5.23297524501843,0.375493919843,0.220898189092648,-0.0770090185105783,0.236442686368717
-0.624540749565162,-5.50179219295843,0.507246410843,0.239028744841647,-0.0647866092622783,0.229410582532717
-0.526573601737162,-5.55066800166843,0.507246410843,0.242654853011648,-0.0647866092622783,0.226597742487817
-0.477589968219162,-5.59954381038843,0.507246410843,0.242654853011648,-0.0582053102552783,0.223081694294817
-0.428606394306162,-5.59954381038843,0.638998901842999,0.243561380053648,-0.0563249401748283,0.223081694294817
-0.526573601737162,-5.67285800029843,0.770750916002999,0.241748325968648,-0.0572651252150783,0.222378478695817
-0.502081814781162,-5.69729590465843,0.638998901842999,0.244467907096648,-0.0619660522788783,0.223081694294817
-0.502081814781162,-5.77060961772843,0.770750916002999,0.249000542308647,-0.0647866092622783,0.222378478695817
-0.502081814781162,-5.89279913951843,0.770750916002999,0.256252788449647,-0.0647866092622783,0.220972062398817
-0.502081814781162,-5.96611285259843,0.770750916002999,0.266224585915648,-0.0638464223593783,0.220972062398817
-0.502081814781162,-6.03942656566843,0.770750916002999,0.270757221127647,-0.0619660522788783,0.219565638651317
-0.526573601737162,-6.08830237437843,0.770750916002999,0.272570275212648,-0.0610258672386783,0.221675270547317
-0.526573601737162,-6.16161656429843,0.902503407003,0.273476802254647,-0.0610258672386783,0.223081694294817
-0.551065388694162,-6.16161656429843,0.902503407003,0.272570275212648,-0.0610258672386783,0.223081694294817
-0.600048962608162,-6.13717865993843,0.902503407003,0.271663748170648,-0.0666669793426783,0.230817006279717
-0.624540749565162,-6.16161656429843,0.902503407003,0.271663748170648,-0.0704277213662783,0.234333054472717
-0.624540749565162,-6.18605446864843,1.034255421163,0.278915964509648,-0.0779492035507783,0.238552310814717
-0.698016110435162,-6.30824399043843,0.902503407003,0.287074737693647,-0.0741884615272783,0.240661942710717
-0.698016110435162,-6.45487141658843,1.034255421163,0.297953062201648,-0.0760688334703783,0.240661942710717
-0.600048962608162,-6.55262303401843,1.297760403153,0.311550967837648,-0.0741884615272783,0.236442686368717
-0.551065388694162,-6.62593722392843,1.429512417313,0.316083632851648,-0.0713679064064783,0.235739470769717
-0.649032536521162,-6.69925093700843,1.429512417313,0.317896686936648,-0.0723080914467783,0.237145894517717
-0.649032536521162,-6.65037512828843,1.166007912153,0.316083632851648,-0.0704277213662783,0.239958734561717
-0.649032536521162,-6.65037512828843,1.429512417313,0.313364051724648,-0.0779492035507783,0.235739470769717
-0.649032536521162,-6.65037512828843,1.561264908313,0.313364051724648,-0.0826501324772783,0.236442686368717
-0.746999743953162,-6.62593722392843,1.561264908313,0.316083632851648,-0.0901716127991783,0.239958734561717
-0.771491530910162,-6.72368884135843,1.693016922473,0.322429322148648,-0.0958127267658783,0.239255526413717
-0.722507956996162,-6.79700255443843,1.956521904463,0.329681538487648,-0.0967529118060783,0.236442686368717
-0.673524323478162,-6.87031626750843,1.824769413473,0.332401119614648,-0.0854706875979783,0.230113790680717
-0.600048962608162,-6.91919207622843,2.088273918623,0.335120700742647,-0.0817099437117783,0.227300950636317
-0.624540749565162,-6.94362998058843,2.088273918623,0.334214173699648,-0.0751286484300783,0.223081694294817
-0.526573601737162,-6.89475417186843,2.088273918623,0.333307646657648,-0.0770090185105783,0.223784902443317
-0.551065388694162,-6.89475417186843,1.956521904463,0.331494592572648,-0.0779492035507783,0.227300950636317
-0.551065388694162,-6.96806788493843,1.956521904463,0.334214173699648,-0.0779492035507783,0.229410582532717
-0.428606394306162,-6.94362998058843,1.956521904463,0.345092528010647,-0.0770090185105783,0.228004158784817
-0.502081814781162,-7.04138159801843,2.088273918623,0.349625163222648,-0.0845305025577783,0.228707374383817
-0.502081814781162,-7.01694369365843,2.088273918623,0.343279444123648,-0.0817099437117783,0.220972062398817
-0.502081814781162,-6.99250578929843,2.088273918623,0.342372917081648,-0.0798295736312783,0.223081694294817
-0.551065388694162,-6.99250578929843,2.088273918623,0.339653335953647,-0.0826501324772783,0.219565638651317
-0.526573601737162,-6.91919207622843,2.088273918623,0.336027227784647,-0.0854706875979783,0.216752798606817
-0.575557175651162,-6.94362998058843,1.956521904463,0.335120700742647,-0.0835903175174783,0.214643166710817
-0.551065388694162,-6.84587836314843,1.956521904463,0.331494592572648,-0.0817099437117783,0.208314278473317
-0.551065388694162,-6.79700255443843,2.088273918623,0.327868484402648,-0.0826501324772783,0.206204646577317
-0.600048962608162,-6.62593722392843,1.956521904463,0.321522795106647,-0.0854706875979783,0.205501438428817
-0.649032536521162,-6.52818512965843,1.824769413473,0.312457494879648,-0.0920519828796783,0.206907854725817
-0.673524323478162,-6.40599560786843,1.693016922473,0.299766116286648,-0.0901716127991783,0.207611070324817
-0.649032536521162,-6.23493027736843,1.693016922473,0.286168210650648,-0.0929921716451783,0.205501438428817
-0.624540749565162,-6.18605446864843,1.824769413473,0.280729018594647,-0.0901716127991783,0.201985390235817
-0.551065388694162,-6.08830237437843,1.429512417313,0.274383329297648,-0.0835903175174783,0.196359710146817
-0.502081814781162,-6.06386447002843,1.561264908313,0.273476802254647,-0.0751286484300783,0.192140446354817
-0.379622820392162,-5.96611285259843,1.561264908313,0.268944167042648,-0.0751286484300783,0.191437238206317
-0.379622820392162,-5.94167494823843,1.561264908313,0.268944167042648,-0.0751286484300783,0.192140446354817
-0.330639246478162,-5.89279913951843,1.561264908313,0.269850694085647,-0.0770090185105783,0.193546862651717
0.795983311161838,-2.49592709590843,-0.151515090467,0.466567241097648,-0.114616431295878,0.0444663179416166
-0.575557175651162,-5.06190943767843,-0.415019595627001,0.288887791777648,-0.0929921716451783,0.163308830310717
-0.551065388694162,-4.54871296931843,1.166007912153,0.199141525174648,-0.0572651252150783,0.204798230280317
-0.0612294856461616,-4.89084410716843,1.166007912153,0.181917496467648,-0.0478632714366593,0.151354258259017
-0.159196678176162,-4.71977877666843,0.902503407003,0.185543604637648,-0.0619660522788783,0.171747350444217
-0.159196678176162,-4.98859572459843,0.638998901842999,0.190982766891648,-0.0516240131109983,0.173153770466517
-0.0857212875041616,-4.86640620280843,0.638998901842999,0.196421929146648,-0.0431623444892483,0.177373034258517
-0.159196678176162,-4.30433392574843,-0.0197628378870007,0.204580687428648,-0.0582053102552783,0.152057468270117
0.134704869613138,-3.69338536311843,0.243741905683,0.269850694085647,-0.0544445691630283,0.107052020107517
-0.281655642763162,-4.54871296931843,0.375493919843,0.199141525174648,-0.0610258672386783,0.173153770466517
-0.281655642763162,-4.15770602275843,0.375493919843,0.177384846354648,-0.0544445691630283,0.173153770466517
0.208180252835238,-2.86249613811843,0.243741905683,0.201861106301648,-0.0638464223593783,0.114084121150117
0.110213075205738,-2.98468565990843,0.375493919843,0.197328471089648,-0.0619660522788783,0.120413012181577
0.0122458901258384,-2.88693404247843,0.243741905683,0.139310680772648,-0.0610258672386783,0.156979938348017
0.232672047242538,-1.98273062755843,-0.0197628378870007,0.141123734856648,-0.0582053102552783,0.128851534177717
0.0612294863908384,-2.17823410083843,0.638998901842999,0.103049561823647,-0.0422221589833583,0.137993266184987
0.0612294863908384,-1.56728577663843,0.375493919843,0.0622558076633475,-0.0337604908272783,0.177373034258517
0.0612294863908384,-1.32290649463843,0.375493919843,0.0259946887148475,-0.0262390077113783,0.165418462206817
0.134704869613138,-1.22515487720843,0.638998901842999,0.0033314903034475,-0.0196577105670783,0.156979938348017
0.183688458427838,-0.565330744288433,0.507246410843,-0.0283969859825525,-0.0187175236642783,0.162605622162317
0.159196664020438,-0.516454935568433,0.507246410843,-0.0664711590157525,-0.0149567835032783,0.179482662429317
0.183688458427838,-0.0276963119704333,0.507246410843,-0.0864147763000525,-0.0130764134228783,0.175966614236317
0.257163841649938,0.387748479346567,0.507246410843,-0.113610609923352,-0.0083754844963783,0.175263402362517
0.281655636057338,0.558813958863567,0.375493919843,-0.138993389462352,0.0010263696313216,0.188624394436517
0.183688458427838,0.681003614763567,0.243741905683,-0.152591309999352,-0.0046147443353783,0.184405134369817
0.159196664020438,0.852069114769267,0.507246410843,-0.154404364084352,-0.0083754844963783,0.190030814458817
0.183688458427838,0.949820830921067,0.507246410843,-0.168908811663352,-0.0102558545768783,0.192140446354817
0.110213075205738,0.900944971913867,0.375493919843,-0.176161042903352,-0.0093156695365783,0.187921186288017
0.0857212807983384,0.974258757630767,0.507246410843,-0.176161042903352,-0.0111960396170783,0.188624394436517
0.0122458901258384,1.34082767317657,0.507246410843,-0.201543814991352,-0.0121362283825783,0.205501438428817
0.0857212807983384,1.38970357129957,0.507246410843,-0.203356869076352,-0.0121362283825783,0.206907854725817
0.0857212807983384,1.70739662597557,0.638998901842999,-0.209702573274352,-0.0243586376309783,0.228004158784817
0.0367376919838384,1.68295866201257,0.375493919843,-0.212422154401352,-0.0168371535837783,0.221675270547317
0.159196664020438,1.92733800361157,0.770750916002999,-0.193385071610352,-0.0243586376309783,0.228004158784817
0.159196664020438,1.95177590797157,0.507246410843,-0.206982992147352,-0.0168371535837783,0.239255526413717
0.159196664020438,2.44053447197157,1.034255421163,-0.213328681443352,-0.0027343742549783,0.235739470769717
0.649032559618838,-0.589768648648433,1.034255421163,-0.110891028796252,0.0414543375373217,0.107755230118717
-0.134704861417162,-0.0276963119704333,1.034255421163,-0.0120794843183525,0.0442748963833217,0.0761107740301166
0.134704869613138,-0.540892839928433,-0.546772086627,-0.0963865812169525,0.0198300778866217,0.107052020107517
0.159196664020438,0.192245065668567,-0.0197628378870007,-0.0864147763000525,0.0038469247520216,0.142212526251717
0.257163841649938,-0.687520385288433,-0.942028844357,-0.0882278303848525,0.0057272948324216,0.127445113922637
0.257163841649938,-0.0032584076124333,-0.151515090467,-0.0401818505720525,0.0076076649129216,0.0993167081225166
0.355131026729838,-0.711958289638433,-0.415019595627001,-0.0456210184143525,0.0019665546715216,0.0936910261709166
0.232672047242538,-0.296513557928433,-0.415019595627001,-0.0247708750189525,0.0038469247520216,0.0725947258372166
0.110213075205738,-0.0276963119704333,-0.546772086627,-0.0002946215914524,-0.0196577105670783,0.0514984217781166
0.159196664020438,0.118931233385567,-0.546772086627,0.0269012157572475,-0.0149567835032783,0.0142282856007166
-0.0857212875041616,-0.0276963119704333,-0.546772086627,0.0386860784842475,-0.0187175236642783,0.0050865498677166
-0.0122458968311616,0.705441548923567,-0.546772086627,0.0341534395469475,-0.0309399347752783,0.0078993899127166
0.0612294863908384,0.363310515383567,-0.546772086627,0.0314338546945475,-0.0243586376309783,0.0071961817637166
-0.183688465133162,0.143369197348567,-0.678524339197001,0.0296208006097475,-0.0149567835032783,0.0135250700017166
0.0612294863908384,0.461062252024567,-0.942028844357,0.0259946887148475,-0.0281193777918783,0.0184475419417166
0.0122458901258384,-0.0276963119704333,-0.546772086627,0.0305273276521475,-0.0121362283825783,0.0121186537047166
0.0857212807983384,0.412186413506567,-0.942028844357,0.0287142735673475,-0.0158969685435783,0.0114154455557166
0.0857212807983384,0.632127761343567,-0.546772086627,0.0259946887148475,-0.0299997497349783,0.0205571738377166
0.0612294863908384,0.338872611025567,-0.678524339197001,0.0323403817369475,-0.0168371535837783,0.0064929736157166
0.0857212807983384,0.656565680602567,-0.810276591777001,0.0414056633366475,-0.0224782656878783,-0.0012423383692833
0.0122458901258384,0.289996742705567,-0.678524339197001,0.0305273276521475,-0.0234184507280783,0.0107122299567166
0.0612294863908384,0.338872611025567,-0.810276591777001,0.0314338546945475,-0.0205978956073783,0.0107122299567166
0.110213075205738,0.705441548923567,-0.678524339197001,0.0341534395469475,-0.0262390077113783,0.0078993899127166
0.0612294863908384,0.461062252024567,-0.678524339197001,0.0314338546945475,-0.0224782656878783,0.0107122299567166
0.110213075205738,0.705441548923567,-0.678524339197001,0.0332469125045475,-0.0271791927516783,0.0064929736157166
0.0857212807983384,0.534376054505567,-0.546772086627,0.0350599665893475,-0.0252988226711783,0.0050865498677166
0.0857212807983384,0.241120874384567,-0.678524339197001,0.0414056633366475,-0.0187175236642783,-0.0061648177602833
0.0367376919838384,0.314434706667567,-0.546772086627,0.0414056633366475,-0.0187175236642783,-0.0061648177602833
0.0612294863908384,0.338872611025567,-0.546772086627,0.0323403817369475,-0.0234184507280783,0.0057897654667166
0.0122458901258384,0.485500186184567,-0.810276591777001,0.0432187174214475,-0.0168371535837783,-0.0040551858642833
0.0367376919838384,0.632127761343567,-0.810276591777001,0.0377795514418475,-0.0215380806475783,-0.0012423383692833
0.0857212807983384,0.607689827183567,-0.678524339197001,0.0296208006097475,-0.0299997497349783,0.0149314937487166
0.0367376919838384,0.461062252024567,-0.678524339197001,0.0287142735673475,-0.0252988226711783,0.0149314937487166
0.0612294863908384,0.363310515383567,-0.678524339197001,0.0259946887148475,-0.0215380806475783,0.0163379174967166
0.134704869613138,0.485500186184567,-0.678524339197001,0.0287142735673475,-0.0243586376309783,0.0100090218087166
0.0612294863908384,0.534376054505567,-0.546772086627,0.0314338546945475,-0.0215380806475783,0.0057897654667166
0.0367376919838384,0.509938120344567,-0.810276591777001,0.0350599665893475,-0.0215380806475783,-0.0005391227702833
0.0857212807983384,0.534376054505567,-0.546772086627,0.0414056633366475,-0.0252988226711783,-0.0068680184582833
0.0367376919838384,0.314434706667567,-0.546772086627,0.0423121903790475,-0.0224782656878783,-0.0089776503542833
0.0367376919838384,0.338872611025567,-0.546772086627,0.0423121903790475,-0.0224782656878783,-0.0061648177602833
-0.0122458968311616,0.338872611025567,-0.546772086627,0.0414056633366475,-0.0187175236642783,-0.0075712340572833
0.0612294863908384,0.436624317864567,-0.678524339197001,0.0332469125045475,-0.0187175236642783,0.0086026055117166
0.110213075205738,0.607689827183567,-0.678524339197001,0.0296208006097475,-0.0234184507280783,0.0142282856007166
0.257163841649938,0.803193255762067,-0.810276591777001,0.0105837140931475,-0.0121362283825783,0.0339181659121166
0.526573595031838,1.14532425949957,-1.073781096937,-0.0147990680066525,-0.0046147443353783,0.0536080536741166
0.404114600643838,1.78071039865357,-1.205533349517,-0.0664711590157525,-0.0140165984630783,0.0536080536741166
-0.183688465133162,2.24503099869157,-0.678524339197001,-0.0764429639326525,-0.0168371535837783,0.110568070163217
-0.355131033435162,3.07592058132157,-1.469038093097,-0.134460754250353,-0.0356408618390783,0.168934510399717
-0.306147429719162,3.63799285839157,-1.469038093097,-0.174347973917352,-0.0375212319195283,0.161199198414717
-0.257163826003162,3.83349633167157,-1.337285840517,-0.194291598652352,-0.0262390077113783,0.186514766265817
-0.477589968219162,3.61355495403157,-0.415019595627001,-0.234178818320352,-0.0158969685435783,0.181592294325317
-0.477589968219162,3.29586195896157,-0.415019595627001,-0.266813821648352,-0.0111960396170783,0.187217974414317
-0.232672039047162,2.78266549061157,0.111989414692999,-0.278598703001352,-0.0299997497349783,0.191437238206317
-0.575557175651162,3.00260686825157,-0.810276591777001,-0.264094240521352,-0.0262390077113783,0.194250078250817
-0.844966951382162,3.24698615024157,-1.337285840517,-0.247776738857352,-0.0337604908272783,0.207611070324817
-0.893950525302162,3.22254824589157,-1.864294970037,-0.243244103645352,-0.0403417884372183,0.209017486621817
-0.844966951382162,3.07592058132157,-2.127799594407,-0.226020074938352,-0.0394016029313283,0.209720702220817
-0.771491530910162,2.78266549061157,-1.864294970037,-0.209702573274352,-0.0365810468792783,0.198469334592317
-0.649032536521162,2.31834483097157,-1.732542598247,-0.184319786285352,-0.0281193777918783,0.187217974414317
-0.453098181262162,1.85402417133257,-1.600790345667,-0.154404364084352,-0.0243586376309783,0.176669822384817
-0.379622820392162,1.41414147565757,-1.469038093097,-0.123582414840352,-0.0224782656878783,0.162605622162317
-0.306147429719162,1.14532425949957,-1.469038093097,-0.0782560254679525,-0.0234184507280783,0.152057468270117
-0.355131033435162,0.632127761343567,-1.337285840517,-0.0465275454567525,-0.0290595628320783,0.143618947205317
-0.306147429719162,0.289996742705567,-1.469038093097,-0.0265839309664525,-0.0375212319195283,0.141509316240617
-0.526573601737162,-0.149886012578433,-1.337285840517,-0.0021076775388524,-0.0450427152682183,0.145728578170017
-0.624540749565162,-1.02965140392843,-0.942028844357,0.0269012157572475,-0.0516240131109983,0.142212526251717
-0.698016110435162,-1.73835134555843,-0.546772086627,0.0414056633366475,-0.0506838276051083,0.133774005186907
-0.746999743953162,-2.34929943134843,-0.0197628378870007,0.0740406666649475,-0.0572651252150783,0.129554744305257
-0.918442312252162,-3.15575099040843,1.034255421163,0.130245395447648,-0.0770090185105783,0.121819433135147
-1.16336018182216,-3.74226164867843,1.429512417313,0.172852211142648,-0.0967529118060783,0.128148324050177
-1.26132744886216,-4.32877183009843,1.561264908313,0.205487214471648,-0.112736061215378,0.138696476196107
-1.31031102277216,-4.81753039409843,1.956521904463,0.240841798926648,-0.121197730302778,0.142212526251717
-1.35929459668216,-5.33072686244843,2.220026409623,0.263505004788648,-0.120257548987878,0.153463888292417
-1.35929459668216,-5.91723704387843,2.615282928943,0.289794318820647,-0.119317360222378,0.171044142295817
-1.35929459668216,-6.28380608608843,2.747035419943,0.312457494879648,-0.114616431295878,0.173856982340317
-1.28581923581216,-6.84587836314843,3.405796921253,0.365036122943648,-0.121197730302778,0.178076242407017
-1.28581923581216,-7.18800902415843,3.537549412243,0.393138491059647,-0.121197730302778,0.187217974414317
-1.38378638364216,-7.40795111705843,3.405796921253,0.405829899455648,-0.127779029309778,0.194953286399317
-1.48175353147216,-7.57901644756843,3.405796921253,0.413988642836647,-0.134360328316678,0.211830326666317
-1.57972067930216,-7.75008177806843,3.537549412243,0.417614751006648,-0.130599588155778,0.216752798606817
-1.65319615938216,-7.84783339549843,3.537549412243,0.432119183684648,-0.137180879712078,0.231520214428717
-1.72667152025216,-7.89670920421843,3.537549412243,0.436651848698648,-0.140941627323678,0.234333054472717
-1.77565509416216,-7.89670920421843,3.537549412243,0.433932237769648,-0.151283666491178,0.242068366457717
-1.92260593511216,-7.79895758678843,3.537549412243,0.418521278048648,-0.151283666491178,0.241365150858717
-1.92260593511216,-7.62789225627843,3.537549412243,0.408549480582648,-0.163506075740178,0.242068366457717
-2.09404844381216,-7.45682692577843,3.405796921253,0.390418909932647,-0.168207004666178,0.240661942710717
-2.14303201772216,-7.16357111980843,3.010539925093,0.359596960688647,-0.174788296223178,0.237145894517717
-2.14303201772216,-6.89475417186843,2.747035419943,0.330588065530648,-0.173848107457178,0.235036262621717
-2.06955665685216,-6.65037512828843,2.483530914783,0.304298751498647,-0.170087374747178,0.232223422576717
-1.99608129598216,-6.40599560786843,1.956521904463,0.279822491551648,-0.165386445820178,0.225894534339317
-1.94709772207216,-6.33268189479843,1.956521904463,0.271663748170648,-0.161625705659178,0.220268854250417
-1.82463878728216,-6.25936818172843,1.824769413473,0.258972369576647,-0.147522926330178,0.209720702220817
-1.80014688112216,-6.23493027736843,1.561264908313,0.258972369576647,-0.143762178719078,0.207611070324817
-1.80014688112216,-6.25936818172843,1.561264908313,0.259878896619648,-0.148463107645178,0.207611070324817
-1.92260593511216,-6.30824399043843,1.297760403153,0.268037640000648,-0.155044406652178,0.219565638651317
-2.04506486989216,-6.45487141658843,1.297760403153,0.274383329297648,-0.154104217887178,0.230113790680717
-2.06955665685216,-6.55262303401843,1.429512417313,0.294326954032648,-0.167266815901178,0.247694046546717
-2.06955665685216,-6.57706093837843,1.297760403153,0.301579170371647,-0.171967744827178,0.255429358531717
-2.14303201772216,-6.69925093700843,1.166007912153,0.307018332625648,-0.175728484988178,0.268087135006717
-2.09404844381216,-6.72368884135843,1.297760403153,0.312457494879648,-0.176668673754178,0.273009614397717
-2.19201559163216,-6.77256465007843,1.429512417313,0.316990159894648,-0.183249965310178,0.279338495184717
-2.21650737859216,-6.69925093700843,1.297760403153,0.316083632851648,-0.186070516705178,0.284260974575717
-2.28998273946216,-6.67481303264843,1.297760403153,0.316083632851648,-0.187950894236178,0.287777022768717
-2.24099916555216,-6.57706093837843,1.429512417313,0.307924859668648,-0.186070516705178,0.284964175273717
-2.21650737859216,-6.50374722530843,1.429512417313,0.299766116286648,-0.188891083002178,0.289886654664717
-2.16752380468216,-6.38155770351843,1.297760403153,0.290700845862647,-0.187010705471178,0.282854558278717
-2.09404844381216,-6.28380608608843,1.166007912153,0.280729018594647,-0.180429413915178,0.279338495184717
-2.04506486989216,-6.21049237300843,1.166007912153,0.274383329297648,-0.173848107457178,0.270899982501717
-1.97158950902216,-6.16161656429843,1.034255421163,0.268037640000648,-0.158805146813178,0.261055038620717
-1.82463878728216,-6.11274075557843,1.034255421163,0.264411531831648,-0.154104217887178,0.248397254695717
-1.72667152025216,-6.06386447002843,1.166007912153,0.262598477746648,-0.151283666491178,0.242068366457717
-1.72667152025216,-6.08830237437843,1.166007912153,0.262598477746648,-0.149403296411178,0.236442686368717
-1.70217973329216,-6.08830237437843,1.166007912153,0.261691950703648,-0.144702367484578,0.234333054472717
-1.65319615938216,-6.01498866130843,0.770750916002999,0.258065842534648,-0.138121068477678,0.230817006279717
-1.65319615938216,-6.03942656566843,1.034255421163,0.257159315491647,-0.135300509631678,0.229410582532717
-1.57972067930216,-5.99055075694843,0.902503407003,0.258065842534648,-0.130599588155778,0.230817006279717
-1.50624531843216,-6.01498866130843,0.902503407003,0.262598477746648,-0.132479958236178,0.232926630725717
-1.50624531843216,-6.06386447002843,1.034255421163,0.269850694085647,-0.127779029309778,0.236442686368717
-1.48175353147216,-6.08830237437843,1.034255421163,0.273476802254647,-0.124018289148778,0.238552310814717
-1.43276995756216,-6.03942656566843,1.034255421163,0.275289856339648,-0.124958470463778,0.242068366457717
-1.45726174451216,-5.99055075694843,0.902503407003,0.271663748170648,-0.124958470463778,0.249803678442717
-1.45726174451216,-5.89279913951843,0.902503407003,0.266224585915648,-0.122137919068378,0.254022942234717
-1.35929459668216,-5.74617171336843,0.770750916002999,0.254439734364648,-0.122137919068378,0.258945406724717
-1.35929459668216,-5.52623009731843,0.638998901842999,0.241748325968648,-0.123078100383278,0.263164670516717
-1.33480280973216,-5.47735428859843,0.375493919843,0.230870001460648,-0.122137919068378,0.263867886115717
-1.40827817060216,-5.35516476680843,0.507246410843,0.223617770220648,-0.123078100383278,0.266680718709717
-1.33480280973216,-5.35516476680843,0.507246410843,0.227243878389648,-0.126838840544278,0.265977503110717
-1.38378638364216,-5.37960267116843,0.507246410843,0.230870001460648,-0.128719218075278,0.265274302412717
-1.33480280973216,-5.40404057552843,0.638998901842999,0.229056947375648,-0.130599588155778,0.263164670516717
-1.31031102277216,-5.30628895808843,0.507246410843,0.225430824304648,-0.130599588155778,0.258945406724717
-1.31031102277216,-5.23297524501843,0.375493919843,0.219085135008648,-0.128719218075278,0.256835774828717
-1.28581923581216,-5.15966153194843,0.375493919843,0.211832903767648,-0.123078100383278,0.252616518487717
-1.28581923581216,-5.01303362895843,0.243741905683,0.202767633343648,-0.122137919068378,0.251913302888717
-1.28581923581216,-4.93971991588843,0.111989414692999,0.192795820976648,-0.124018289148778,0.250506886591717
-1.18785208799216,-4.76865458537843,-0.151515090467,0.178291373397648,-0.120257548987878,0.248397254695717
-1.21234387494216,-4.81753039409843,-0.0197628378870007,0.182824023510648,-0.121197730302778,0.251210094739717
-1.13886839486216,-4.89084410716843,0.243741905683,0.190076239849648,-0.118377178907378,0.242771574606717
-1.18785208799216,-4.93971991588843,0.243741905683,0.194608875061648,-0.112736061215378,0.240661942710717
-1.21234387494216,-4.98859572459843,0.243741905683,0.200954579259648,-0.114616431295878,0.237849102665717
-1.23683566190216,-5.06190943767843,0.507246410843,0.206393741513648,-0.114616431295878,0.239255526413717
-1.23683566190216,-5.08634734203843,0.375493919843,0.208206795598648,-0.117436990141878,0.244177998353717
-1.28581923581216,-5.11078524638843,0.375493919843,0.209113322640648,-0.117436990141878,0.249803678442717
-1.26132744886216,-4.98859572459843,0.375493919843,0.206393741513648,-0.122137919068378,0.253319726635717
-1.31031102277216,-4.91528201152843,0.243741905683,0.192795820976648,-0.121197730302778,0.256132574130717
-1.31031102277216,-4.91528201152843,0.243741905683,0.189169712806648,-0.116496801376378,0.256835774828717
-1.16336018182216,-4.84196829845843,0.111989414692999,0.193702348018648,-0.118377178907378,0.256132574130717
-1.13886839486216,-4.91528201152843,0.375493919843,0.204580687428648,-0.114616431295878,0.255429358531717
-1.18785208799216,-4.98859572459843,0.243741905683,0.209113322640648,-0.113676249980978,0.254022942234717
-1.21234387494216,-5.11078524638843,0.243741905683,0.210926376725648,-0.110855691134978,0.254726142932717
-1.16336018182216,-5.03747153331843,0.111989414692999,0.210926376725648,-0.113676249980978,0.261758254219717
-1.13886839486216,-4.96415782024843,0.243741905683,0.207300268555648,-0.115556620061378,0.261758254219717
-1.13886839486216,-4.98859572459843,0.375493919843,0.206393741513648,-0.118377178907378,0.264571086813717
-1.13886839486216,-4.96415782024843,0.375493919843,0.200048052216648,-0.116496801376378,0.263867886115717
-1.08988482095216,-4.91528201152843,0.375493919843,0.194608875061648,-0.112736061215378,0.261758254219717
-1.06539303399216,-4.98859572459843,0.375493919843,0.200048052216648,-0.113676249980978,0.257538990427717
-1.04090124704216,-5.08634734203843,0.375493919843,0.211832903767648,-0.113676249980978,0.250506886591717
-1.06539303399216,-5.23297524501843,0.507246410843,0.220898189092648,-0.113676249980978,0.247694046546717
-1.11437660791216,-5.23297524501843,0.638998901842999,0.225430824304648,-0.110855691134978,0.247694046546717
-1.18785208799216,-5.28185105373843,0.507246410843,0.227243878389648,-0.118377178907378,0.246990838398717
-1.16336018182216,-5.28185105373843,0.375493919843,0.226337351347648,-0.120257548987878,0.246287622799717
-1.11437660791216,-5.28185105373843,0.375493919843,0.229056947375648,-0.119317360222378,0.249803678442717
-1.18785208799216,-5.20853734065843,0.375493919843,0.226337351347648,-0.124018289148778,0.250506886591717
-1.26132744886216,-5.20853734065843,0.638998901842999,0.224524297262648,-0.130599588155778,0.253319726635717
-1.31031102277216,-5.23297524501843,0.507246410843,0.226337351347648,-0.132479958236178,0.252616518487717
-1.31031102277216,-5.20853734065843,0.375493919843,0.229963474417648,-0.138121068477678,0.243474782754717
-1.35929459668216,-5.20853734065843,-0.151515090467,0.232683055545648,-0.151283666491178,0.232926630725717
-1.33480280973216,-5.11078524638843,-0.415019595627001,0.229963474417648,-0.171027556062178,0.224488110591817
-1.77565509416216,-4.91528201152843,-0.810276591777001,0.224524297262648,-0.180429413915178,0.225894534339317
-2.06955665685216,-4.84196829845843,-1.469038093097,0.223617770220648,-0.177608862519178,0.220972062398817
-2.28998273946216,-4.69534087230843,-2.127799594407,0.232683055545648,-0.166326627135178,0.216049590458317
-2.41244167425216,-4.49983716060843,-2.654808723927,0.230870001460648,-0.160685516894178,0.208314278473317
-2.43693346120216,-4.52427506496843,-2.918313348296,0.233589582587648,-0.165386445820178,0.208314278473317
-2.36345810033216,-4.67090296794843,-3.577074804905,0.218178607965648,-0.173848107457178,0.211830326666317
-2.28998273946216,-4.84196829845843,-3.181817913058,0.196421929146648,-0.186070516705178,0.222378478695817
-1.97158950902216,-4.91528201152843,-2.654808723927,0.175571792269648,-0.195472374558178,0.223081694294817
-1.75116330720216,-4.89084410716843,-1.864294970037,0.165599979902648,-0.198292940855178,0.228004158784817
-1.53073710538216,-4.59758877803843,-1.205533349517,0.162880398775648,-0.188891083002178,0.229410582532717
-1.28581923581216,-4.27989602138843,-0.942028844357,0.170132630015648,-0.190771445632178,0.230817006279717
-1.11437660791216,-4.05995440532843,-0.546772086627,0.175571792269648,-0.198292940855178,0.226597742487817
-0.795983317867162,-3.84001326610843,-0.151515090467,0.175571792269648,-0.215216264129178,0.230817006279717
-0.551065388694162,-3.76669955302843,0.375493919843,0.173758738185648,-0.242481648922178,0.234333054472717
-0.404114607349162,-3.81557536174843,0.770750916002999,0.169226102973648,-0.269747018814178,0.247694046546717
-0.208180252090162,-3.71782374431843,1.561264908313,0.159254290605648,-0.288550734520178,0.263164670516717
-0.110213074460162,-3.66894745876843,1.956521904463,0.155628182436648,-0.303593710065178,0.272306398798717
-0.0122458968311616,-3.44900631953843,2.878787910933,0.154721655393648,-0.325217947364178,0.289183439065717
0.0612294863908384,-3.30237889339843,3.537549412243,0.161067344690648,-0.344961866736178,0.289183439065717
0.159196664020438,-3.13131308604843,4.459814941883,0.173758738185648,-0.367526307702178,0.299028382946717
0.281655636057338,-2.91137194682843,4.986824905873,0.179197900439648,-0.398552432656178,0.298325182248717
0.453098204359838,-2.52036500026843,5.250328934193,0.184637077594648,-0.404193535447178,0.295512334753717
0.551065381988838,-2.30042362262843,5.645585930343,0.183730550552648,-0.430518731475178,0.302544431139717
0.575557168945838,-2.05604434062843,5.777337944503,0.182824023510648,-0.432399109006178,0.310279743124717
0.624540742858838,-1.49397206355843,5.777337944503,0.193702348018648,-0.452142998576178,0.311686174322717
0.722507950290838,-1.15184092571843,5.777337944503,0.199141525174648,-0.454963549971178,0.306763694931717
0.820475098117838,-0.540892839928433,5.645585930343,0.203674160386648,-0.455903723836178,0.306763694931717
0.918442305549838,-0.101010084649433,5.645585930343,0.210019849683648,-0.456843927502178,0.301138014842717
1.11437666080884,0.363310515383567,5.777337944503,0.210019849683648,-0.454023346305178,0.294105918456717
1.26132744215784,0.705441548923567,5.909090912343,0.219085135008648,-0.457784101367178,0.289183439065717
1.50624531171784,1.16976219365957,6.040842926503,0.233589582587648,-0.452142998576178,0.274416030694717
1.62870436571784,1.41414147565757,6.436099922613,0.241748325968648,-0.445561692118178,0.262461454917717
1.70217972658784,1.73183453033357,6.699603951013,0.250813596392647,-0.437100008130178,0.251210094739717
1.87362223528784,2.14727938125157,6.963108933013,0.253533207322648,-0.422997251153178,0.232223422576717
2.09404843710784,2.66047584961157,6.699603951013,0.252626680279648,-0.415475770831178,0.225894534339317
2.19201570413784,3.00260686825157,6.436099922613,0.212739445711648,-0.389150574803178,0.217456006755317
2.31447463892784,3.32029986332157,6.304347908513,0.190076239849648,-0.374107614159178,0.206907854725817
2.38794999979784,3.56467914531157,6.304347908513,0.190076239849648,-0.354363694787178,0.199172550191317
2.38794999979784,3.80905842731157,6.172594940663,0.168319575930648,-0.321457222104178,0.194250078250817
2.38794999979784,3.78462052295157,5.645585930343,0.152002074266648,-0.297952577472178,0.188624394436517
2.41244178674784,4.05343770931157,5.513833916183,0.125712760235648,-0.256584420800178,0.187921186288017
2.46142536066784,4.10231351803157,4.855071938033,0.0903581683286475,-0.233079791069178,0.190734026332517
2.55939250848784,4.17562746952157,4.855071938033,0.0640688617481475,-0.215216264129178,0.188624394436517
2.58388429544784,4.17562746952157,4.723319923873,0.0450317752315475,-0.200173303485178,0.189327606310317
2.58388429544784,4.24894118259157,4.591567909713,0.0296208006097475,-0.187010705471178,0.190734026332517
2.51040893457784,4.17562746952157,4.064558422563,0.0278077427996475,-0.179489225149178,0.187921186288017
2.33896642587784,4.24894118259157,3.801053917403,0.0323403817369475,-0.171967744827178,0.191437238206317
2.21650749109784,4.39556884716157,2.615282928943,0.0350599665893475,-0.156924776733178,0.187921186288017
2.11854022405784,4.68882393787157,2.351778423783,0.0540970568312475,-0.142821997404078,0.182998714347517
2.06955665014784,4.90876507709157,1.561264908313,0.0722276125802475,-0.129659399390178,0.170340930422017
2.19201570413784,5.20202040622157,1.561264908313,0.0976103921186475,-0.126838840544278,0.156276728336917
2.24099927805784,5.66634106586157,1.429512417313,0.108488731528648,-0.133420139551178,0.143618947205317
2.31447463892784,5.93515849064157,1.166007912153,0.134778030658648,-0.135300509631678,0.133774005186907
2.24099927805784,6.13066172550157,1.166007912153,0.165599979902648,-0.130599588155778,0.123225853157397
2.28998285196784,6.57054448078157,1.166007912153,0.196421929146648,-0.129659399390178,0.116896962125917
2.33896642587784,6.91267561863157,1.166007912153,0.219085135008648,-0.128719218075278,0.119006592159327
2.41244178674784,7.35255789707157,1.429512417313,0.253533207322648,-0.139061257243178,0.121819433135147
2.51040893457784,7.71912693928157,1.429512417313,0.272570275212648,-0.150343477726178,0.121819433135147
2.70634323022784,8.06125807712157,1.429512417313,0.288887791777648,-0.160685516894178,0.119709802170447
2.75532680414784,8.37895131061157,1.429512417313,0.303392224456648,-0.162565886974178,0.119006592159327
2.63286786935784,8.52557873676157,1.297760403153,0.311550967837648,-0.157864965498178,0.121116222658367
2.55939250848784,8.69664406727157,1.166007912153,0.316990159894648,-0.154104217887178,0.130257954432797
2.48591714761784,8.74551987598157,1.166007912153,0.316990159894648,-0.145642548799478,0.135883635220287
2.41244178674784,8.84327197025157,1.034255421163,0.313364051724648,-0.146582737565078,0.149947838236717
2.46142536066784,8.91658520649157,1.166007912153,0.316990159894648,-0.155044406652178,0.154167098303517
2.51040893457784,8.96546101520157,0.902503407003,0.320616268063648,-0.159745335579178,0.152760678281217
2.60837608240784,9.13652729938157,0.770750916002999,0.320616268063648,-0.161625705659178,0.149244628225617
2.60837608240784,9.11208939502157,1.034255421163,0.319709741021648,-0.165386445820178,0.146431788181117
2.48591714761784,9.08765149067157,0.770750916002999,0.313364051724648,-0.161625705659178,0.145728578170017
2.41244178674784,9.01433682392157,0.902503407003,0.311550967837648,-0.155044406652178,0.144322157216417
2.19201570413784,9.01433682392157,0.902503407003,0.308831386710648,-0.141881808638578,0.152057468270117
2.04506486318784,9.03877472828157,0.902503407003,0.308831386710648,-0.133420139551178,0.163308830310717
2.14303201101784,9.35646843860157,0.770750916002999,0.316990159894648,-0.139061257243178,0.173153770466517
2.26549106500784,9.60084748218157,1.166007912153,0.341466390038648,-0.149403296411178,0.164012042184517
2.38794999979784,9.84522652576157,1.429512417313,0.365942649985648,-0.157864965498178,0.150651048247917
2.43693357370784,9.96741604755157,1.166007912153,0.369568758155647,-0.161625705659178,0.147134998192217
2.36345821283784,9.96741604755157,1.166007912153,0.369568758155647,-0.151283666491178,0.145025366296217
2.28998285196784,9.99185395191157,1.166007912153,0.368662231112648,-0.148463107645178,0.145728578170017
2.09404843710784,9.91854023884157,0.902503407003,0.354157798434648,-0.136240698397178,0.161902410288517
2.02057307623784,9.94297814319157,1.166007912153,0.362316541815648,-0.134360328316678,0.162605622162317
1.97158950231784,10.2117960448016,1.561264908313,0.380447112466648,-0.130599588155778,0.171044142295817
2.06955665014784,10.3339855665916,1.693016922473,0.387699328805648,-0.131539769470678,0.171044142295817
2.04506486318784,10.4806129927416,1.561264908313,0.400390707398648,-0.126838840544278,0.173856982340317
2.06955665014784,10.6028025145316,1.561264908313,0.411269061709647,-0.131539769470678,0.169637722273517
2.06955665014784,10.6028025145316,1.693016922473,0.414895169879648,-0.138121068477678,0.166121670355217
1.92260580919784,10.4317371840316,1.693016922473,0.408549480582648,-0.131539769470678,0.169637722273517
1.84913044832784,10.3828613753116,1.693016922473,0.401297234441647,-0.134360328316678,0.173856982340317
1.67768793962784,10.1629202360916,1.561264908313,0.390418909932647,-0.126838840544278,0.179482662429317
1.62870436571784,10.0407307143016,1.561264908313,0.379540585423647,-0.124958470463778,0.192140446354817
1.50624531171784,9.94297814319157,1.429512417313,0.368662231112648,-0.124018289148778,0.205501438428817
1.57972079179784,9.86966443012157,1.297760403153,0.363223068858648,-0.124018289148778,0.213236750413817
1.62870436571784,9.82078862140157,1.429512417313,0.360503487731648,-0.136240698397178,0.215346382309817
1.65319615266784,9.74747490833157,1.297760403153,0.356877379561648,-0.138121068477678,0.202688598384317
1.67768793962784,9.69859909961157,1.429512417313,0.355970852519647,-0.140941627323678,0.197766126443817
1.57972079179784,9.60084748218157,1.297760403153,0.356877379561648,-0.135300509631678,0.182998714347517
1.60421257875784,9.47865796039157,1.693016922473,0.349625163222648,-0.135300509631678,0.175966614236317
1.45726173780784,9.33203053425157,1.693016922473,0.338746808911647,-0.129659399390178,0.178779454280817
1.40827816389784,9.25871682117157,1.561264908313,0.336027227784647,-0.122137919068378,0.182295502473817
1.48175352476784,9.25871682117157,1.693016922473,0.332401119614648,-0.128719218075278,0.187217974414317
1.62870436571784,9.38090634296157,1.561264908313,0.338746808911647,-0.139061257243178,0.185811554392017
1.82463866136784,9.42978215168157,1.824769413473,0.345999055052647,-0.153164036572178,0.184405134369817
1.89811402223784,9.47865796039157,1.824769413473,0.347812109137648,-0.159745335579178,0.184405134369817
1.94709759615784,9.50309586475157,1.693016922473,0.348718636180648,-0.159745335579178,0.185811554392017
1.77565508745784,9.47865796039157,1.956521904463,0.350531690264648,-0.154104217887178,0.186514766265817
1.67768793962784,9.55197167347157,1.824769413473,0.352344744349648,-0.150343477726178,0.188624394436517
1.45726173780784,9.57640957782157,1.693016922473,0.353251271392648,-0.140001438558078,0.194953286399317
1.26132744215784,9.50309586475157,1.824769413473,0.354157798434648,-0.128719218075278,0.197766126443817
1.26132744215784,9.57640957782157,1.824769413473,0.355970852519647,-0.130599588155778,0.199172550191317
1.08988487385184,9.69859909961157,1.693016922473,0.370475285197647,-0.120257548987878,0.200578966488317
1.04090124033384,9.67416119526157,1.824769413473,0.368662231112648,-0.116496801376378,0.204798230280317
1.08988487385184,9.67416119526157,1.693016922473,0.356877379561648,-0.119317360222378,0.206907854725817
1.13886844776584,9.57640957782157,1.693016922473,0.351438217307648,-0.127779029309778,0.198469334592317
1.31031101606784,9.40534424732157,1.824769413473,0.341466390038648,-0.141881808638578,0.195656494547817
1.38378637693784,9.33203053425157,1.693016922473,0.336027227784647,-0.141881808638578,0.198469334592317
1.38378637693784,9.42978215168157,1.693016922473,0.336933754826648,-0.141881808638578,0.204798230280317
1.31031101606784,9.60084748218157,1.561264908313,0.351438217307648,-0.139061257243178,0.207611070324817
1.33480280302784,9.77191281269157,1.561264908313,0.365036122943648,-0.140001438558078,0.207611070324817
1.35929458997784,10.1140444273716,1.956521904463,0.390418909932647,-0.143762178719078,0.209017486621817
1.35929458997784,10.2851097578816,2.088273918623,0.402203761483648,-0.145642548799478,0.210423910369317
1.40827816389784,10.2851097578816,2.088273918623,0.404016815568647,-0.153164036572178,0.210423910369317
1.40827816389784,10.1873581404516,2.088273918623,0.401297234441647,-0.155044406652178,0.209720702220817
1.31031101606784,9.96741604755157,1.824769413473,0.386792801762648,-0.151283666491178,0.210423910369317
1.33480280302784,9.77191281269157,1.824769413473,0.374101393367648,-0.155984587967178,0.211830326666317
1.23683565519784,9.60084748218157,1.693016922473,0.364129595900648,-0.151283666491178,0.213236750413817
1.08988487385184,9.38090634296157,1.956521904463,0.352344744349648,-0.137180879712078,0.214643166710817
1.04090124033384,9.25871682117157,1.693016922473,0.344186000968648,-0.133420139551178,0.213236750413817
1.04090124033384,9.08765149067157,1.561264908313,0.328775011445648,-0.130599588155778,0.211830326666317
1.06539302729084,8.91658520649157,1.693016922473,0.317896686936648,-0.133420139551178,0.211830326666317
1.13886844776584,8.84327197025157,1.561264908313,0.311550967837648,-0.135300509631678,0.209720702220817
1.38378637693784,8.67220616291157,1.693016922473,0.297953062201648,-0.154104217887178,0.211127118517817
1.43276995084784,8.59889244983157,1.693016922473,0.292513899947648,-0.155044406652178,0.213939958562317
1.48175352476784,8.76995778034157,1.561264908313,0.300672643328648,-0.160685516894178,0.217456006755317
1.50624531171784,9.01433682392157,1.956521904463,0.320616268063648,-0.162565886974178,0.214643166710817
1.62870436571784,9.30759262989157,2.220026409623,0.343279444123648,-0.169147185981178,0.209720702220817
1.67768793962784,9.52753376911157,2.220026409623,0.356877379561648,-0.174788296223178,0.206204646577317
1.72667151353784,9.74747490833157,2.220026409623,0.375914477254647,-0.176668673754178,0.199875758339817
1.87362223528784,9.82078862140157,2.483530914783,0.380447112466648,-0.179489225149178,0.196359710146817
1.94709759615784,9.96741604755157,2.747035419943,0.390418909932647,-0.186070516705178,0.190030814458817
2.09404843710784,9.99185395191157,2.747035419943,0.396764599229648,-0.180429413915178,0.183701922496017
2.09404843710784,9.94297814319157,2.878787910933,0.398577653313648,-0.187950894236178,0.178076242407017
2.14303201101784,9.84522652576157,2.878787910933,0.393138491059647,-0.187950894236178,0.179482662429317
2.06955665014784,9.69859909961157,2.878787910933,0.381353639508648,-0.187010705471178,0.185108342518217
1.92260580919784,9.52753376911157,2.878787910933,0.369568758155647,-0.181369602680178,0.192140446354817
1.87362223528784,9.35646843860157,2.615282928943,0.355970852519647,-0.179489225149178,0.200578966488317
1.80014687441784,9.25871682117157,2.483530914783,0.346905582095648,-0.175728484988178,0.204798230280317
1.77565508745784,9.11208939502157,2.220026409623,0.336027227784647,-0.166326627135178,0.206907854725817
1.75116330049784,9.06321358631157,2.220026409623,0.335120700742647,-0.163506075740178,0.206204646577317
1.89811402223784,9.01433682392157,2.088273918623,0.332401119614648,-0.163506075740178,0.195656494547817
1.94709759615784,9.01433682392157,2.483530914783,0.330588065530648,-0.168207004666178,0.190030814458817
1.94709759615784,8.94102311084157,2.351778423783,0.328775011445648,-0.168207004666178,0.186514766265817
1.94709759615784,8.94102311084157,2.220026409623,0.330588065530648,-0.169147185981178,0.188624394436517
1.92260580919784,8.89214730213157,2.351778423783,0.328775011445648,-0.167266815901178,0.190734026332517
1.82463866136784,8.86770987461157,2.220026409623,0.326961957360648,-0.164446257055178,0.192843654503317
1.80014687441784,8.79439568470157,2.220026409623,0.324242376233647,-0.160685516894178,0.197766126443817
1.84913044832784,8.79439568470157,2.088273918623,0.325148903275647,-0.160685516894178,0.199875758339817
2.02057307623784,8.84327197025157,2.220026409623,0.328775011445648,-0.163506075740178,0.194250078250817
2.09404843710784,8.84327197025157,2.351778423783,0.326055430318648,-0.168207004666178,0.192843654503317
1.26132744215784,5.25089621494157,1.693016922473,0.330588065530648,-0.207694783807178,0.315202222515717
1.40827816389784,7.23036837528157,1.956521904463,0.343279444123648,-0.187010705471178,0.282151342679717
1.75116330049784,7.35255789707157,1.297760403153,0.255346261407647,-0.153164036572178,0.204798230280317
1.75116330049784,8.03682017277157,2.088273918623,0.279822491551648,-0.150343477726178,0.204798230280317
1.75116330049784,8.03682017277157,2.088273918623,0.279822491551648,-0.150343477726178,0.204798230280317
1.70217972658784,7.81687855671157,1.166007912153,0.251720153237648,-0.135300509631678,0.204095014681317
1.65319615266784,7.81687855671157,1.166007912153,0.249907069350647,-0.132479958236178,0.203391806532817
1.57972079179784,7.42587208698157,2.088273918623,0.249907069350647,-0.134360328316678,0.235739470769717
1.60421257875784,7.54806160877157,1.429512417313,0.218178607965648,-0.132479958236178,0.204798230280317
1.53073709867784,7.20593047092157,1.693016922473,0.254439734364648,-0.132479958236178,0.212533542265317
1.50624531171784,7.40143418262157,1.561264908313,0.235402636672648,-0.132479958236178,0.198469334592317
1.48175352476784,6.96155142734157,0.902503407003,0.220898189092648,-0.128719218075278,0.199172550191317
1.16336023472284,6.35060286472157,1.034255421163,0.229963474417648,-0.131539769470678,0.235036262621717
1.16336023472284,6.49723076771157,0.902503407003,0.200048052216648,-0.123078100383278,0.222378478695817
1.16336023472284,5.98403429935157,0.770750916002999,0.190076239849648,-0.119317360222378,0.228004158784817
1.04090124033384,5.69077897022157,0.507246410843,0.193702348018648,-0.121197730302778,0.242068366457717
0.991917666420838,5.39752364109157,0.375493919843,0.169226102973648,-0.116496801376378,0.244881206502717
0.967425879463838,5.20202040622157,0.243741905683,0.155628182436648,-0.111795879900478,0.238552310814717
0.771491524204838,4.49332046459157,-0.151515090467,0.145656370068648,-0.119317360222378,0.256835774828717
0.820475098117838,4.51775836895157,0.111989414692999,0.135684572602648,-0.121197730302778,0.257538990427717
0.771491524204838,4.34669280002157,0.243741905683,0.119367056037648,-0.117436990141878,0.254022942234717
0.600048955902838,3.68686890552157,-0.0197628378870007,0.0939842839496475,-0.103334210813078,0.258242191125717
0.600048955902838,3.58911704967157,0.243741905683,0.0867320601595475,-0.101453837007278,0.263164670516717
0.477589991315838,3.12479639003157,-0.0197628378870007,0.0586296920432475,-0.0967529118060783,0.279338495184717
0.453098204359838,2.92929315517157,-0.151515090467,0.0459383022738475,-0.0986332818865783,0.282854558278717
0.355131026729838,2.61159992168157,-0.151515090467,0.0269012157572475,-0.0845305025577783,0.291293070961717
0.379622813686838,2.26946902225157,-0.283267343047001,0.0169294089777475,-0.0911117978393783,0.308170111228717
0.379622813686838,2.07396554897157,-0.415019595627001,0.0042380173458475,-0.0948725417256783,0.309576542426717
0.600048955902838,2.19615518997157,0.243741905683,-0.0392753216670525,-0.0788893885910783,0.307466910530717
0.477589991315838,1.53633111665657,-0.151515090467,-0.0474340724991525,-0.0892314277589783,0.320827902604717
0.330639224871838,1.29195183465857,-0.151515090467,-0.0356492097722525,-0.0995734669267783,0.320827902604717
0.281655636057338,1.43857938001557,-0.151515090467,-0.0619385200785525,-0.0751286484300783,0.308170111228717
0.159196664020438,0.900944971913867,-0.415019595627001,-0.0628450471209525,-0.0788893885910783,0.316608638812717
0.134704869613138,0.705441548923567,-0.546772086627,-0.0574058811412525,-0.0854706875979783,0.320124687005717
0.110213075205738,0.729879468182567,-0.546772086627,-0.0764429639326525,-0.0779492035507783,0.322937534500717
0.159196664020438,0.485500186184567,-0.810276591777001,-0.0873213033424525,-0.0788893885910783,0.332079262782717
0.159196664020438,0.363310515383567,-0.810276591777001,-0.0855082418070525,-0.0892314277589783,0.338408158470717
0.159196664020438,0.0211795563495667,-1.073781096937,-0.0927604655967525,-0.0929921716451783,0.351769150544717
0.159196664020438,-0.0032584076124333,-0.810276591777001,-0.100012689386452,-0.0948725417256783,0.351065934945717
0.208180252835238,-0.198761821288433,-0.942028844357,-0.111797555838653,-0.0986332818865783,0.356691615034717
0.257163841649938,-0.687520385288433,-0.942028844357,-0.118143252586352,-0.107094950973978,0.333485679079717
0.306147430464838,-0.345389366648433,-1.337285840517,-0.109077974711552,-0.110855691134978,0.327859998990717
0.232672047242538,-0.711958289638433,-1.073781096937,-0.116330191050352,-0.0967529118060783,0.332782478381717
0.0857212807983384,-0.711958289638433,-1.205533349517,-0.114517136965352,-0.102394025772778,0.330672846485717
0.110213075205738,-0.858585834998433,-1.073781096937,-0.121769360755352,-0.0976930968463783,0.333485679079717
0.0367376919838384,-0.883023858568433,-0.942028844357,-0.119956306670352,-0.0958127267658783,0.332782478381717
0.0122458901258384,-1.02965140392843,-1.205533349517,-0.130834638630352,-0.0892314277589783,0.326453582693717
-0.0122458968311616,-1.10296511699843,-1.073781096937,-0.131741165672353,-0.0939323566853783,0.327859998990717
-0.0367376837881616,-1.29846859027843,-0.942028844357,-0.130834638630352,-0.0911117978393783,0.320124687005717
-0.208180252090162,-2.10492014934843,-0.942028844357,-0.100919216428853,-0.0892314277589783,0.306763694931717
1.01640945337684,3.46692752788157,-0.942028844357,0.0287142735673475,-0.0845305025577783,0.123929063168527
0.893950518592838,2.85597920368157,-0.678524339197001,0.0169294089777475,-0.112736061215378,0.0852525060374166
0.795983311161838,3.07592058132157,-0.283267343047001,0.0531905223382475,-0.0854706875979783,0.109864860152017
0.257163841649938,0.900944971913867,-1.337285840517,0.0232751038624475,-0.0666669793426783,0.122522643146277
0.134704869613138,-0.101010084649433,-1.073781096937,0.0332469125045475,-0.0600856812670783,0.124632273179647
0.0367376919838384,-0.320951462288433,-1.996047222617,0.0332469125045475,-0.0478632714366593,0.119006592159327
0.0367376919838384,-0.0521342163284333,-1.337285840517,0.0368730243994475,-0.0478632714366593,0.107052020107517
0.0367376919838384,-0.198761821288433,-1.732542598247,0.0386860784842475,-0.0384614178910883,0.0965038699407166
-0.0612294856461616,-0.101010084649433,-1.469038093097,0.0404991362942475,-0.0347006758674783,0.0958006580669166
0.0122458901258384,0.0944933290275667,-1.337285840517,0.0386860784842475,-0.0441025299951483,0.100019918133717
-0.0857212875041616,-0.0521342163284333,-1.996047222617,0.0350599665893475,-0.0459829006576973,0.104239180063017
-0.208180252090162,-0.834147930638433,-1.600790345667,0.0414056633366475,-0.0337604908272783,0.102129550029717
-0.183688465133162,-0.809710026288433,-1.600790345667,0.0504709412111475,-0.0356408618390783,0.0943942380447166
-0.0857212875041616,0.0700554246705667,-1.600790345667,0.0531905223382475,-0.0403417884372183,0.0852525060374166
0.159196664020438,0.632127761343567,-1.337285840517,0.0622558076633475,-0.0403417884372183,0.0704850939411166
0.526573595031838,1.26751390049857,-1.073781096937,0.0794798363698475,-0.0422221589833583,0.0388406378526166
0.477589991315838,1.04757253775957,-1.469038093097,0.0821994174970475,-0.0375212319195283,0.0247764376297166
0.379622813686838,0.900944971913867,-1.337285840517,0.0812928904546475,-0.0375212319195283,0.0240732220307166
0.355131026729838,0.754317402342567,-1.073781096937,0.0840124715818475,-0.0347006758674783,0.0198539656897166
0.0367376919838384,0.338872611025567,-0.942028844357,0.0812928904546475,-0.0290595628320783,0.0296989095706166
0.0367376919838384,0.534376054505567,-1.205533349517,0.0731341396225475,-0.0384614178910883,0.0416534778971166
0.134704869613138,0.876507043341567,-0.942028844357,0.0713210855378475,-0.0488034568261383,0.0472791579861166
0.183688458427838,0.729879468182567,-1.073781096937,0.0713210855378475,-0.0441025299951483,0.0451695260901166
0.110213075205738,0.583251893023567,-0.810276591777001,0.0740406666649475,-0.0441025299951483,0.0409502697486166
-0.0122458968311616,0.314434706667567,-1.073781096937,0.0640688617481475,-0.0412819739431183,0.0536080536741166
-0.110213074460162,0.338872611025567,-0.810276591777001,0.0595362190855475,-0.0469230860471783,0.0641562057037166
-0.0612294856461616,0.558813958863567,-0.546772086627,0.0622558076633475,-0.0469230860471783,0.0641562057037166
0.208180252835238,1.09644840608057,-0.942028844357,0.0676949699176475,-0.0450427152682183,0.0500919980306166
0.404114600643838,1.29195183465857,-0.942028844357,0.0676949699176475,-0.0497436420992083,0.0423566860456166
0.257163841649938,0.852069114769267,-1.073781096937,0.0595362190855475,-0.0469230860471783,0.0493887898821166
-0.232672039047162,-0.0765721802914333,-1.205533349517,0.0359664936317475,-0.0572651252150783,0.0880653460819166
-0.257163826003162,-1.02965140392843,-1.600790345667,0.0024249623297475,-0.0713679064064783,0.145025366296217
-0.355131033435162,-1.24959278156843,-1.864294970037,-0.0129860122338565,-0.0751286484300783,0.195656494547817
-0.453098181262162,-1.17627906848843,-2.523056471347,0.0123967700405475,-0.0676071643829783,0.219565638651317
-0.355131033435162,-0.785272121928433,-2.654808723927,0.0214620497776475,-0.0619660522788783,0.220268854250417
-0.477589968219162,-0.272075653568433,-2.654808723927,0.0187424649251475,-0.0676071643829783,0.247694046546717
-0.722507956996162,-0.809710026288433,-3.050065600875,0.0259946887148475,-0.0770090185105783,0.306060479332717
-0.942934099212162,-1.07852721263843,-2.786561036113,0.0314338546945475,-0.0882912427186783,0.356691615034717
-0.820475164432162,-0.174323916928433,-2.391304099567,-0.0084533726563324,-0.0732482764869783,0.379897536088717
-0.624540749565162,0.363310515383567,-2.259551846987,-0.0564993503736525,-0.0732482764869783,0.417870910217717
-0.502081814781162,0.632127761343567,-1.337285840517,-0.0311165708349525,-0.0882912427186783,0.431935102988717
-0.404114607349162,0.900944971913867,-0.942028844357,-0.0193317076423825,-0.0948725417256783,0.424903006602717
0.0612294863908384,2.24503099869157,0.111989414692999,-0.0329296267823525,-0.0657267943024783,0.408729167033717
0.0857212807983384,2.58716201732157,0.243741905683,-0.0392753216670525,-0.0553847542032683,0.395368160058717
-0.0367376837881616,2.92929315517157,0.638998901842999,-0.0030142055125624,-0.0497436420992083,0.393258543063717
-0.183688465133162,3.34473776767157,0.638998901842999,0.0160228819353475,-0.0356408618390783,0.368646190811717
-0.428606394306162,3.66243100116157,0.243741905683,0.0232751038624475,-0.0215380806475783,0.346143470455717
-0.795983317867162,4.12675166080157,-0.0197628378870007,0.0595362190855475,0.0019665546715216,0.303950862337717
-1.01640946008216,4.68882393787157,-0.415019595627001,0.0994234462036475,0.0132487788796217,0.274416030694717
-1.04090124704216,5.12870669315157,-0.546772086627,0.122086652065647,0.0245310068130217,0.258242191125717
-0.844966951382162,5.56858944843157,-0.283267343047001,0.148375951195648,0.0207702592015217,0.246287622799717
-0.526573601737162,5.93515849064157,-0.0197628378870007,0.170132630015648,0.0019665546715216,0.240661942710717
-0.208180252090162,6.30172705600157,0.507246410843,0.196421929146648,-0.0121362283825783,0.229410582532717
0.232672047242538,6.98598933170157,1.297760403153,0.224524297262648,-0.0394016029313283,0.211127118517817
0.624540742858838,7.30368208835157,1.956521904463,0.254439734364648,-0.0647866092622783,0.209720702220817
0.942934092506838,7.69468903492157,2.088273918623,0.272570275212648,-0.0882912427186783,0.203391806532817
1.65319615266784,8.69664406727157,3.274044430253,0.347812109137648,-0.134360328316678,0.187921186288017
1.92260580919784,9.42978215168157,3.669301426403,0.393138491059647,-0.153164036572178,0.192843654503317
2.09404843710784,10.1629202360916,3.669301426403,0.429399602557648,-0.171027556062178,0.199875758339817
2.16752379797784,10.7005541319616,3.669301426403,0.461128078843648,-0.179489225149178,0.206204646577317
2.41244178674784,11.5803196425416,4.064558422563,0.507360987807647,-0.195472374558178,0.197062918295317
2.58388429544784,11.9468891615416,4.459814941883,0.534556858683648,-0.206754595041178,0.185811554392017
2.80431037805784,12.1912682051416,4.986824905873,0.549967818404647,-0.220857381821178,0.175263402362517
2.82880216501784,12.2157061095416,5.118576920033,0.557220034743648,-0.221797570586178,0.171044142295817
2.68185144327784,12.0935165877416,4.855071938033,0.545435183192647,-0.209575161338178,0.171044142295817
2.41244178674784,11.8002607817416,4.328062927723,0.508267514849647,-0.187010705471178,0.181592294325317
2.19201570413784,11.4825680251416,3.801053917403,0.477445595408648,-0.170087374747178,0.182295502473817
1.97158950231784,11.2381889815416,3.801053917403,0.460221551800647,-0.155984587967178,0.186514766265817
1.75116330049784,11.1404373640416,3.669301426403,0.450249754334648,-0.144702367484578,0.189327606310317
1.55522900484784,11.0915615553416,3.274044430253,0.446623646165648,-0.131539769470678,0.190734026332517
1.57972079179784,11.1648752684416,3.274044430253,0.452062808419648,-0.132479958236178,0.187217974414317
1.55522900484784,11.1648752684416,3.142292416093,0.454782389546648,-0.131539769470678,0.187217974414317
1.53073709867784,11.1404373640416,3.010539925093,0.452969335461648,-0.126838840544278,0.186514766265817
1.55522900484784,11.0671236510416,3.142292416093,0.450249754334648,-0.129659399390178,0.182295502473817
1.53073709867784,10.9449331755416,3.010539925093,0.441184483910648,-0.125898659229278,0.182295502473817
1.53073709867784,10.8471815581116,2.615282928943,0.429399602557648,-0.126838840544278,0.185811554392017
1.48175352476784,10.7983057493916,2.615282928943,0.428493075515648,-0.126838840544278,0.183701922496017
1.48175352476784,10.7005541319616,2.351778423783,0.422147386218648,-0.130599588155778,0.178779454280817
1.48175352476784,10.6761162276116,2.351778423783,0.414895169879648,-0.129659399390178,0.177373034258517
1.48175352476784,10.5539267058216,2.351778423783,0.415801696921648,-0.125898659229278,0.172450562318017
1.35929458997784,10.4072992796716,1.956521904463,0.403110288525648,-0.121197730302778,0.171044142295817
1.35929458997784,10.2117960448016,2.088273918623,0.392231964017648,-0.122137919068378,0.167528090377517
1.33480280302784,10.0162918562716,2.088273918623,0.378634058381648,-0.123078100383278,0.168231302251317
1.31031101606784,9.74747490833157,1.693016922473,0.362316541815648,-0.117436990141878,0.170340930422017
1.21234386823784,9.42978215168157,1.693016922473,0.343279444123648,-0.109915509819978,0.171044142295817
1.21234386823784,9.40534424732157,1.693016922473,0.337840281869648,-0.109915509819978,0.171747350444217
1.11437666080884,9.23427891681157,1.034255421163,0.322429322148648,-0.103334210813078,0.178076242407017
1.18785208128784,9.11208939502157,1.166007912153,0.320616268063648,-0.102394025772778,0.175966614236317
1.13886844776584,9.16096520374157,1.166007912153,0.320616268063648,-0.0995734669267783,0.171747350444217
1.18785208128784,9.06321358631157,1.429512417313,0.323335849190648,-0.100513651967078,0.166824882229017
1.26132744215784,9.08765149067157,1.561264908313,0.326055430318648,-0.107094950973978,0.163308830310717
1.26132744215784,9.03877472828157,1.429512417313,0.329681538487648,-0.108035136014278,0.158386360232917
1.28581922910784,8.96546101520157,1.429512417313,0.323335849190648,-0.108975321054478,0.159792780255117
1.28581922910784,8.91658520649157,1.429512417313,0.318803213979648,-0.107094950973978,0.158386360232917
1.23683565519784,8.89214730213157,1.166007912153,0.314270578767648,-0.104274395853278,0.159089570244017
1.38378637693784,8.67220616291157,1.297760403153,0.302485697413648,-0.112736061215378,0.158386360232917
1.33480280302784,8.67220616291157,1.166007912153,0.305205278540647,-0.105214580893478,0.154870308314617
1.31031101606784,8.64776825855157,1.166007912153,0.303392224456648,-0.106154765933778,0.152760678281217
1.45726173780784,8.72108197162157,1.297760403153,0.300672643328648,-0.116496801376378,0.151354258259017
1.53073709867784,8.59889244983157,1.297760403153,0.305205278540647,-0.119317360222378,0.146431788181117
1.53073709867784,8.52557873676157,1.166007912153,0.297046535159648,-0.124018289148778,0.145025366296217
1.57972079179784,8.35451340626157,1.034255421163,0.287981264735648,-0.127779029309778,0.144322157216417
1.53073709867784,8.28119921634157,0.902503407003,0.282542102481648,-0.125898659229278,0.149244628225617
1.55522900484784,8.18344759891157,0.902503407003,0.275289856339648,-0.126838840544278,0.149947838236717
1.43276995084784,8.20788550327157,0.770750916002999,0.271663748170648,-0.124018289148778,0.156979938348017
1.35929458997784,8.23232340763157,0.902503407003,0.271663748170648,-0.119317360222378,0.156276728336917
1.26132744215784,8.23232340763157,1.034255421163,0.280729018594647,-0.110855691134978,0.157683150221717
1.16336023472284,8.28119921634157,0.638998901842999,0.277102910424648,-0.108975321054478,0.163308830310717
1.13886844776584,8.28119921634157,0.770750916002999,0.284355156565648,-0.108975321054478,0.161199198414717
1.16336023472284,8.33007502506157,0.770750916002999,0.288887791777648,-0.109915509819978,0.162605622162317
1.16336023472284,8.35451340626157,0.770750916002999,0.282542102481648,-0.109915509819978,0.163308830310717
1.11437666080884,8.28119921634157,0.507246410843,0.275289856339648,-0.107094950973978,0.167528090377517
1.06539302729084,8.15900969455157,0.375493919843,0.274383329297648,-0.102394025772778,0.168934510399717
1.01640945337684,8.28119921634157,0.638998901842999,0.286168210650648,-0.101453837007278,0.166121670355217
0.991917666420838,8.40338921497157,0.638998901842999,0.293420426989648,-0.0986332818865783,0.163308830310717
0.967425879463838,8.40338921497157,0.638998901842999,0.292513899947648,-0.0958127267658783,0.164715250333017
0.967425879463838,8.42782711933157,0.638998901842999,0.287074737693647,-0.0958127267658783,0.164715250333017
0.991917666420838,8.40338921497157,0.770750916002999,0.293420426989648,-0.0939323566853783,0.160495990266217
0.869458731636838,8.35451340626157,0.638998901842999,0.290700845862647,-0.0882912427186783,0.160495990266217
0.844966885074838,8.25676131199157,0.507246410843,0.279822491551648,-0.0845305025577783,0.161902410288517
0.869458731636838,8.13457179020157,0.507246410843,0.273476802254647,-0.0788893885910783,0.159089570244017
0.820475098117838,8.11013388584157,0.507246410843,0.273476802254647,-0.0807697586714783,0.157683150221717
0.746999737247838,8.08569598148157,0.375493919843,0.268037640000648,-0.0751286484300783,0.159089570244017
0.698016163333838,8.08569598148157,0.243741905683,0.267131112958647,-0.0704277213662783,0.158386360232917
0.649032559618838,8.03682017277157,0.507246410843,0.268037640000648,-0.0704277213662783,0.156276728336917
0.624540742858838,8.08569598148157,0.243741905683,0.267131112958647,-0.0694875344633783,0.158386360232917
0.551065381988838,7.98794436405157,0.243741905683,0.262598477746648,-0.0676071643829783,0.156276728336917
0.575557168945838,7.96350645969157,0.243741905683,0.258065842534648,-0.0657267943024783,0.152057468270117
0.624540742858838,7.89019274662157,0.243741905683,0.253533207322648,-0.0676071643829783,0.147134998192217
0.575557168945838,7.79244065235157,0.111989414692999,0.250813596392647,-0.0666669793426783,0.147134998192217
0.673524346574838,7.86575484226157,0.375493919843,0.251720153237648,-0.0732482764869783,0.145025366296217
0.698016163333838,7.91463065098157,0.243741905683,0.262598477746648,-0.0732482764869783,0.142915736262817
0.673524346574838,8.01238226841157,0.375493919843,0.268037640000648,-0.0770090185105783,0.142915736262817
0.746999737247838,8.06125807712157,0.507246410843,0.268944167042648,-0.0770090185105783,0.148541418214517
0.771491524204838,8.06125807712157,0.638998901842999,0.271663748170648,-0.0807697586714783,0.149244628225617
0.869458731636838,8.08569598148157,0.375493919843,0.268944167042648,-0.0807697586714783,0.150651048247917
0.918442305549838,8.08569598148157,0.507246410843,0.268944167042648,-0.0864108726382783,0.148541418214517
0.991917666420838,8.03682017277157,0.507246410843,0.269850694085647,-0.0882912427186783,0.147838208203417
1.06539302729084,7.96350645969157,0.770750916002999,0.263505004788648,-0.0920519828796783,0.147134998192217
1.18785208128784,7.98794436405157,0.507246410843,0.268037640000648,-0.0948725417256783,0.140806106229517
1.23683565519784,8.03682017277157,0.638998901842999,0.271663748170648,-0.0986332818865783,0.137993266184987
1.33480280302784,8.03682017277157,0.507246410843,0.274383329297648,-0.104274395853278,0.133774005186907
1.28581922910784,8.06125807712157,0.638998901842999,0.272570275212648,-0.0986332818865783,0.132367584698997
1.28581922910784,7.93906855533157,0.507246410843,0.260785423661648,-0.0986332818865783,0.133070795175787
1.38378637693784,7.84131646106157,0.770750916002999,0.262598477746648,-0.103334210813078,0.126038693667557
1.40827816389784,7.84131646106157,0.902503407003,0.268037640000648,-0.103334210813078,0.121819433135147
1.57972079179784,7.89019274662157,0.638998901842999,0.253533207322648,-0.108975321054478,0.121116222658367
1.75116330049784,7.79244065235157,0.638998901842999,0.258065842534648,-0.115556620061378,0.117600172137117
1.80014687441784,7.89019274662157,0.902503407003,0.265318058873648,-0.123078100383278,0.115490542103717
1.84913044832784,7.86575484226157,0.770750916002999,0.264411531831648,-0.124958470463778,0.118303382148217
1.97158950231784,7.93906855533157,0.770750916002999,0.260785423661648,-0.127779029309778,0.125335483656437
1.92260580919784,7.93906855533157,0.902503407003,0.267131112958647,-0.132479958236178,0.126038693667557
2.09404843710784,7.96350645969157,1.034255421163,0.267131112958647,-0.135300509631678,0.123225853157397
2.16752379797784,8.06125807712157,1.297760403153,0.275289856339648,-0.137180879712078,0.117600172137117
2.16752379797784,8.13457179020157,1.297760403153,0.282542102481648,-0.138121068477678,0.111974490185417
2.24099927805784,8.15900969455157,1.166007912153,0.280729018594647,-0.148463107645178,0.110568070163217
2.16752379797784,8.11013388584157,1.166007912153,0.274383329297648,-0.138121068477678,0.110568070163217
2.11854022405784,7.91463065098157,1.166007912153,0.275289856339648,-0.138121068477678,0.109864860152017
2.04506486318784,7.81687855671157,1.034255421163,0.255346261407647,-0.134360328316678,0.119006592159327
1.92260580919784,7.62137532184157,0.507246410843,0.229963474417648,-0.124958470463778,0.123929063168527
1.75116330049784,7.40143418262157,0.243741905683,0.228150420333648,-0.121197730302778,0.130257954432797
1.55522900484784,7.20593047092157,-0.810276591777001,0.227243878389648,-0.108975321054478,0.127445113922637
1.23683565519784,6.96155142734157,-2.127799594407,0.228150420333648,-0.0986332818865783,0.117600172137117
1.16336023472284,6.91267561863157,-2.391304099567,0.232683055545648,-0.0958127267658783,0.115490542103717
1.08988487385184,6.81492352436157,-2.259551846987,0.228150420333648,-0.0939323566853783,0.112677702059217
1.11437666080884,6.69273400257157,-1.864294970037,0.222711243177648,-0.0929921716451783,0.109864860152017
1.16336023472284,6.74160981128157,-1.996047222617,0.224524297262648,-0.0873510576784783,0.109161650140917
1.06539302729084,6.74160981128157,-2.127799594407,0.225430824304648,-0.0760688334703783,0.109161650140917
0.918442305549838,6.74160981128157,-2.391304099567,0.221804716135648,-0.0647866092622783,0.114084121150117
0.893950518592838,6.71717190693157,-2.259551846987,0.218178607965648,-0.0591454962268783,0.119006592159327
0.942934092506838,6.74160981128157,-2.127799594407,0.214552499796648,-0.0563249401748283,0.121116222658367
0.967425879463838,6.71717190693157,-2.127799594407,0.204580687428648,-0.0488034568261383,0.121116222658367
1.01640945337684,6.66829609821157,-1.996047222617,0.189169712806648,-0.0478632714366593,0.119709802170447
1.04090124033384,6.61942028949157,-1.732542598247,0.170132630015648,-0.0516240131109983,0.123225853157397
0.967425879463838,6.47279286335157,-1.469038093097,0.141123734856648,-0.0563249401748283,0.130257954432797
0.844966885074838,6.30172705600157,-1.337285840517,0.116647474910647,-0.0657267943024783,0.137993266184987
0.869458731636838,6.13066172550157,-0.942028844357,0.0994234462036475,-0.0732482764869783,0.148541418214517
0.771491524204838,5.86184430073157,-0.942028844357,0.0831059445394475,-0.0770090185105783,0.158386360232917
0.746999737247838,5.73965477894157,-1.073781096937,0.0704145584954475,-0.0788893885910783,0.165418462206817
0.869458731636838,5.37308573673157,-0.415019595627001,0.0368730243994475,-0.0986332818865783,0.178779454280817
1.01640945337684,5.22645831058157,-0.151515090467,0.0169294089777475,-0.109915509819978,0.181592294325317
1.28581922910784,4.95764088581157,0.375493919843,-0.0102664284873425,-0.122137919068378,0.182295502473817
1.38378637693784,4.78657555530157,0.770750916002999,-0.0283969859825525,-0.126838840544278,0.180889082451517
1.60421257875784,4.54219627331157,1.166007912153,-0.0592189352260525,-0.136240698397178,0.180185874303017
1.65319615266784,4.37113094280157,1.429512417313,-0.0773494909749525,-0.144702367484578,0.178779454280817
1.75116330049784,4.17562746952157,1.956521904463,-0.103638805006552,-0.150343477726178,0.182295502473817
1.65319615266784,3.95568609188157,1.956521904463,-0.118143252586352,-0.149403296411178,0.186514766265817
1.67768793962784,3.71130680988157,2.220026409623,-0.135367281292352,-0.148463107645178,0.193546862651717
1.62870436571784,3.56467914531157,2.351778423783,-0.147152147744352,-0.139061257243178,0.201985390235817
1.53073709867784,3.17367243717157,2.747035419943,-0.169815338705352,-0.125898659229278,0.209017486621817
1.50624531171784,2.92929315517157,2.747035419943,-0.187039367412352,-0.116496801376378,0.206204646577317
1.57972079179784,2.70935165832157,2.878787910933,-0.195198125694352,-0.113676249980978,0.203391806532817
1.57972079179784,2.44053447197157,2.878787910933,-0.202450342034352,-0.109915509819978,0.199172550191317
1.55522900484784,2.31834483097157,2.878787910933,-0.204263396118352,-0.108035136014278,0.197766126443817
1.35929458997784,1.97621381233157,2.747035419943,-0.202450342034352,-0.102394025772778,0.198469334592317
1.26132744215784,1.78071039865357,2.483530914783,-0.202450342034352,-0.103334210813078,0.198469334592317
0.918442305549838,1.51189321229857,2.351778423783,-0.200637287949352,-0.0901716127991783,0.201985390235817
0.722507950290838,1.36526560733657,2.220026409623,-0.197011179779352,-0.0873510576784783,0.196359710146817
0.624540742858838,0.998696684340567,1.956521904463,-0.190665490483352,-0.0694875344633783,0.205501438428817
0.600048955902838,0.754317402342567,2.088273918623,-0.194291598652352,-0.0676071643829783,0.201985390235817
0.526573595031838,0.534376054505567,2.351778423783,-0.197917706822352,-0.0600856812670783,0.199875758339817
0.355131026729838,0.216682970026567,1.956521904463,-0.209702573274352,-0.0563249401748283,0.204798230280317
0.330639224871838,0.192245065668567,2.088273918623,-0.213328681443352,-0.0544445691630283,0.208314278473317
0.281655636057338,-0.0765721802914333,2.220026409623,-0.218767843698352,-0.0506838276051083,0.209720702220817
0.183688458427838,-0.223199725648433,2.088273918623,-0.223300493811352,-0.0459829006576973,0.211127118517817
0.159196664020438,-0.272075653568433,2.088273918623,-0.226020074938352,-0.0403417884372183,0.215346382309817
0.134704869613138,-0.320951462288433,2.088273918623,-0.225113547896352,-0.0375212319195283,0.218862430502817
-0.0122458968311616,-0.492016912008433,1.824769413473,-0.222393966768352,-0.0299997497349783,0.224488110591817
-0.0122458968311616,-0.638644576568433,1.693016922473,-0.222393966768352,-0.0299997497349783,0.228004158784817
-0.0367376837881616,-0.687520385288433,1.693016922473,-0.219674370740352,-0.0281193777918783,0.228707374383817
-0.0857212875041616,-0.980775475998433,1.824769413473,-0.200637287949352,-0.0234184507280783,0.233629846324717
-0.0857212875041616,-1.07852721263843,1.693016922473,-0.197917706822352,-0.0187175236642783,0.235036262621717
-0.0612294856461616,-1.29846859027843,1.824769413473,-0.185226313327352,-0.0224782656878783,0.242771574606717
-0.0612294856461616,-1.39622020770843,1.824769413473,-0.180693678115352,-0.0187175236642783,0.246287622799717
-0.0857212875041616,-1.56728577663843,1.429512417313,-0.168908811663352,-0.0215380806475783,0.249100462843717
-0.134704861417162,-1.66503763248843,1.166007912153,-0.164376176451352,-0.0215380806475783,0.250506886591717
-0.183688465133162,-1.90941691447843,1.297760403153,-0.156217418168352,-0.0224782656878783,0.258242191125717
-0.208180252090162,-2.03160643626843,1.166007912153,-0.156217418168352,-0.0252988226711783,0.264571086813717
-0.232672039047162,-2.17823410083843,1.297760403153,-0.152591309999352,-0.0271791927516783,0.273009614397717
-0.355131033435162,-2.27598571826843,1.034255421163,-0.143526024674352,-0.0262390077113783,0.280041710783717
-0.379622820392162,-2.37373757411843,1.297760403153,-0.135367281292352,-0.0271791927516783,0.282151342679717
-0.477589968219162,-2.66699266483843,1.429512417313,-0.123582414840352,-0.0299997497349783,0.293402702857717
-0.502081814781162,-2.76474428226843,1.429512417313,-0.119049779628353,-0.0337604908272783,0.296918751050717
-0.526573601737162,-2.91137194682843,1.297760403153,-0.100919216428853,-0.0441025299951483,0.300434799243717
-0.575557175651162,-2.91137194682843,1.297760403153,-0.0855082418070525,-0.0544445691630283,0.299028382946717
-0.746999743953162,-3.08243727733843,1.166007912153,-0.0673776860581525,-0.0591454962268783,0.302544431139717
