x,y,z,q0,q1,q2,q3
0.604038834572,-0.242724061012,1.39296627045,-0.0162947624922,0.0656330659986,0.674941658974,-0.734765648842
0.604417443275,-0.241709336638,1.39297819138,-0.0149673903361,0.0657246634364,0.675951004028,-0.73385733366
0.604594528675,-0.24071033299,1.39301967621,-0.0131917437539,0.0652383342385,0.677419424057,-0.73257958889
0.604885935783,-0.239623725414,1.39304018021,-0.0115980617702,0.0649621933699,0.678337097168,-0.731781482697
0.605078399181,-0.237840995193,1.39314091206,-0.0107598202303,0.0636499747634,0.678118288517,-0.732112407684
0.605409681797,-0.237045362592,1.3932107687,-0.00810927711427,0.0635941550136,0.680202960968,-0.730215072632
0.605695188046,-0.235576272011,1.39348042011,-0.00641616107896,0.0623228102922,0.680957436562,-0.729638040066
0.605910122395,-0.234270974994,1.3934803009,-0.00402964930981,0.0613882541656,0.681743919849,-0.72899967432
0.606084764004,-0.232613801956,1.39368641376,-0.00219780951738,0.0599440522492,0.682742118835,-0.728192925453
0.606128513813,-0.231219321489,1.39375007153,0.000729131221306,0.0585999190807,0.68366932869,-0.727435112
0.606284320354,-0.229237228632,1.39387249947,0.0023218661081,0.0564147792757,0.683775901794,-0.727504312992
0.606120467186,-0.227199941874,1.39389467239,0.00484124850482,0.0536315962672,0.684315085411,-0.727195382118
0.606048285961,-0.226336240768,1.39382982254,0.00956673268229,0.0530183799565,0.686059594154,-0.725547969341
0.606124460697,-0.224684804678,1.39391303062,0.0114700496197,0.0507967472076,0.6862424016,-0.72550624609
0.606247782707,-0.222721979022,1.39408564568,0.0138840563595,0.0491385161877,0.687112987041,-0.724754154682
0.605704784393,-0.220282971859,1.39421606064,0.0170848704875,0.0450919792056,0.687277376652,-0.724792778492
0.606341421604,-0.218354657292,1.39435040951,0.0190350506455,0.0447418875992,0.689048290253,-0.723082602024
0.606320440769,-0.216482281685,1.39455962181,0.0225216336548,0.0430971197784,0.689788758755,-0.722375810146
0.606313169003,-0.214511573315,1.3949483633,0.0259603634477,0.0415772423148,0.690305173397,-0.721856236458
0.606207132339,-0.2126827389,1.39496076107,0.030010227114,0.0395669676363,0.689994692802,-0.722108781338
0.605989933014,-0.210125535727,1.39495027065,0.0329164639115,0.0370883308351,0.689238131046,-0.722835958004
0.606036245823,-0.208413973451,1.39501738548,0.0366171002388,0.0350457280874,0.68990033865,-0.722127854824
0.605956315994,-0.206345543265,1.39514875412,0.0401440560818,0.0337072312832,0.69047576189,-0.721453845501
0.605928122997,-0.204073369503,1.39522516727,0.0433207899332,0.032219838351,0.690647125244,-0.721174001694
0.605841636658,-0.201841533184,1.39540660381,0.0467368513346,0.0309547781944,0.691007494926,-0.720670640469
0.605710864067,-0.199901551008,1.3953359127,0.0512236468494,0.0305888485163,0.691281080246,-0.720118641853
0.605682134628,-0.197334855795,1.39552271366,0.0540563799441,0.0289582982659,0.691772282124,-0.719507038593
0.605754554272,-0.195108994842,1.39564144611,0.0572496280074,0.0286202244461,0.692063808441,-0.718993127346
0.605594277382,-0.192362725735,1.39576375484,0.0599952824414,0.0269030425698,0.691513299942,-0.719365119934
0.605608344078,-0.190432175994,1.39587533474,0.0640382617712,0.0273013599217,0.692447066307,-0.71810233593
0.605573475361,-0.187990278006,1.39605081081,0.067613363266,0.0267636422068,0.692919552326,-0.717338502407
0.605632662773,-0.185523420572,1.39615809917,0.0701829567552,0.0265689752996,0.692386448383,-0.717613756657
0.60554599762,-0.183204203844,1.39631545544,0.0738197043538,0.0266636162996,0.693326473236,-0.716336667538
0.60554420948,-0.18066328764,1.39641189575,0.0766901373863,0.0266052670777,0.693343758583,-0.716020286083
0.60538816452,-0.178029000759,1.39633786678,0.0794743448496,0.0258754976094,0.69292473793,-0.716149091721
0.605246663094,-0.175550118089,1.39645683765,0.0829458981752,0.0262453779578,0.693916976452,-0.71477997303
0.605274379253,-0.172929316759,1.39666724205,0.0853727161884,0.0263455808163,0.694016933441,-0.714393436909
0.605014204979,-0.170547783375,1.39689612389,0.0892059355974,0.0266033224761,0.693978309631,-0.71395277977
0.604975223541,-0.167916417122,1.39696228504,0.0918676555157,0.0269698649645,0.69414961338,-0.713434994221
0.604954302311,-0.165377944708,1.39705991745,0.0942097827792,0.0273921135813,0.693745434284,-0.713506400585
0.604938983917,-0.162575095892,1.39709436893,0.0963986739516,0.0275434441864,0.694082796574,-0.712879955769
0.604812383652,-0.159803599119,1.3972299099,0.0988826900721,0.0278010554612,0.695062637329,-0.711573779583
0.604497790337,-0.157040446997,1.3973968029,0.101933829486,0.028301699087,0.695719778538,-0.710480511189
0.604446351528,-0.154462710023,1.39766979218,0.104745022953,0.0294530373067,0.696088254452,-0.709663569927
0.604164361954,-0.151363804936,1.39752519131,0.106833361089,0.0290665421635,0.696974635124,-0.708497107029
0.604031145573,-0.148450106382,1.39771032333,0.1091940552,0.0294360909611,0.697417199612,-0.707686066628
0.603719115257,-0.145644724369,1.39776146412,0.111591696739,0.0294727049768,0.697383701801,-0.707343459129
0.603444397449,-0.142666697502,1.39790225029,0.113820359111,0.029919911176,0.698090434074,-0.706271588802
0.60311037302,-0.139594838023,1.39811825752,0.114786081016,0.0296254195273,0.698040902615,-0.706176638603
0.602803587914,-0.13668294251,1.39822435379,0.117477677763,0.0302348863333,0.699662864208,-0.704100072384
0.602311372757,-0.133608594537,1.39828705788,0.119054026902,0.0311246085912,0.701321005821,-0.702144145966
0.601388335228,-0.13074439764,1.39918613434,0.122190892696,0.0296259019524,0.702025771141,-0.700964808464
0.601102650166,-0.127779096365,1.39929974079,0.125814288855,0.030491206795,0.704346954823,-0.697951614857
0.600726902485,-0.124494567513,1.39945006371,0.126215472817,0.0311802849174,0.705556750298,-0.696625590324
0.600933015347,-0.121088437736,1.39894807339,0.126144170761,0.0325740501285,0.707086741924,-0.69502145052
0.600534796715,-0.117773190141,1.39911150932,0.127250403166,0.0329701118171,0.708442986012,-0.693418204784
0.600160419941,-0.114587649703,1.39923238754,0.12965066731,0.033745277673,0.709770321846,-0.69157654047
0.5996991992,-0.111277155578,1.39932501316,0.131214410067,0.0341001264751,0.711054682732,-0.689942896366
0.59938031435,-0.107982032001,1.39943563938,0.132824331522,0.036312174052,0.713655889034,-0.686829268932
0.598905205727,-0.104499280453,1.39947366714,0.1323980093,0.0364380590618,0.713714599609,-0.686843931675
0.598719120026,-0.101230144501,1.39972543716,0.133229508996,0.0384684205055,0.715205013752,-0.685019731522
0.598311722279,-0.097798846662,1.39986753464,0.135414868593,0.0383716449142,0.716191112995,-0.683564901352
0.597424805164,-0.0941379442811,1.39975428581,0.137435123324,0.0381532944739,0.717001378536,-0.682323217392
0.59741050005,-0.0907650366426,1.39987540245,0.137909919024,0.0410118587315,0.71915781498,-0.679787576199
0.596987187862,-0.0871320143342,1.39987790585,0.137257799506,0.0411575771868,0.718925178051,-0.680156648159
0.596416175365,-0.0835459753871,1.40012085438,0.138748019934,0.0421120598912,0.721016764641,-0.677576839924
0.596080958843,-0.0799099057913,1.40015792847,0.139579162002,0.0429616570473,0.721830129623,-0.676485955715
0.595735371113,-0.0760642364621,1.400395751,0.140921533108,0.0432216525078,0.721807122231,-0.676215589046
0.59566783905,-0.0727338790894,1.40015470982,0.140990704298,0.0464038662612,0.723192095757,-0.674508333206
0.595210909843,-0.0688587725163,1.40053546429,0.146801456809,0.045265134424,0.723372220993,-0.673151493073
0.594947040081,-0.0654830038548,1.40047287941,0.149833321571,0.0475042499602,0.726136505604,-0.669342398643
0.594406366348,-0.0617934949696,1.3999786377,0.15040871501,0.0478752218187,0.726242303848,-0.669072031975
0.593903183937,-0.0580138415098,1.40028178692,0.150758177042,0.0486656911671,0.726856648922,-0.668268680573
0.593611240387,-0.0544872581959,1.40053343773,0.153235048056,0.0498621426523,0.727568089962,-0.666841566563
0.593153715134,-0.0507845133543,1.40044879913,0.154820904136,0.0526669621468,0.729716777802,-0.663905203342
0.59290677309,-0.0470553301275,1.4004496336,0.15486933291,0.0551046617329,0.730118095875,-0.663254499435
0.592346429825,-0.0435493513942,1.40020442009,0.156863823533,0.0561247877777,0.730166256428,-0.662646949291
0.591923892498,-0.0399725623429,1.39997124672,0.159931838512,0.0578129142523,0.732245445251,-0.659466743469
0.591666519642,-0.0361108072102,1.40002393723,0.158829107881,0.0586981065571,0.731158435345,-0.660859405994
0.590981543064,-0.0320946723223,1.40010726452,0.160593286157,0.0586490146816,0.731479227543,-0.660082161427
0.59075397253,-0.028633069247,1.40025806427,0.162490129471,0.062806122005,0.732195258141,-0.658439517021
0.590213537216,-0.0250597335398,1.40003442764,0.164279967546,0.063841059804,0.732600986958,-0.65744382143
0.58983039856,-0.0215737894177,1.39992678165,0.166203379631,0.0639119893312,0.733649849892,-0.65578186512
0.589440822601,-0.0179081633687,1.40007996559,0.167047888041,0.0645975098014,0.73308724165,-0.65612912178
0.589115738869,-0.0143953673542,1.40024209023,0.16897149384,0.06605797261,0.733462631702,-0.655070722103
0.588506162167,-0.011005634442,1.40020215511,0.172417268157,0.0678367689252,0.733533918858,-0.653910219669
0.58805680275,-0.00738046690822,1.40014386177,0.174073219299,0.0697133094072,0.733903586864,-0.652858555317
0.587594985962,-0.00390837527812,1.39993989468,0.175874069333,0.0716777220368,0.734033286572,-0.652016758919
0.587201476097,-0.0003731995821,1.39990139008,0.177081376314,0.0714954063296,0.735319137573,-0.650258660316
0.586952745914,0.0028276424855,1.39978611469,0.179149761796,0.0728193968534,0.735055983067,-0.649842560291
0.586440265179,0.00620629638433,1.39965212345,0.180822730064,0.0770247206092,0.735224843025,-0.648702442646
0.586255013943,0.00970828160644,1.39972603321,0.182910934091,0.0758707001805,0.735718309879,-0.647692680359
0.585723638535,0.0130006540567,1.39953625202,0.184490025043,0.0797148048878,0.735956549644,-0.646511435509
0.585332036018,0.0164599716663,1.39922118187,0.186653673649,0.0796429514885,0.735275387764,-0.646674215794
0.585033416748,0.0197294987738,1.39912569523,0.188182011247,0.081212207675,0.735978364944,-0.645234882832
0.584676742554,0.0229256525636,1.39886462688,0.189773231745,0.0839607417583,0.736643612385,-0.643655955791
0.58429390192,0.0259045492858,1.39884829521,0.193361282349,0.0849902927876,0.736718177795,-0.642366290092
0.583915293217,0.0293367560953,1.39865469933,0.194810882211,0.0853634476662,0.736226499081,-0.642442643642
0.583561599255,0.0323807299137,1.39839267731,0.195772632957,0.0871677622199,0.736219584942,-0.641915559769
0.58338701725,0.0353763848543,1.39829874039,0.198075756431,0.0872810184956,0.736925959587,-0.640381157398
0.583191871643,0.0383297838271,1.39821052551,0.200639232993,0.0880346000195,0.736649274826,-0.639798223972
0.582943379879,0.0414321422577,1.3979549408,0.201192066073,0.0901721566916,0.737656414509,-0.638164460659
0.582689464092,0.0442731231451,1.39776003361,0.204148337245,0.0905132442713,0.737002670765,-0.637932598591
0.582304120064,0.0474758259952,1.39740419388,0.205877557397,0.0911147147417,0.737553954124,-0.636652946472
0.582168579102,0.049985639751,1.39748680592,0.207152664661,0.0945821776986,0.736560761929,-0.636883318424
0.581881999969,0.052934370935,1.39731383324,0.210838213563,0.0957659333944,0.738953590393,-0.632711410522
0.581688165665,0.0557123944163,1.3970720768,0.211863547564,0.0962725281715,0.738011062145,-0.633391857147
0.581265747547,0.0584775730968,1.39680242538,0.215030506253,0.100182779133,0.738524198532,-0.631115913391
0.58125269413,0.0613675266504,1.39650249481,0.214417338371,0.0976616740227,0.737504899502,-0.63290899992
0.581199407578,0.0641980022192,1.39641368389,0.214264541864,0.0996970161796,0.737434983253,-0.632724940777
0.58097922802,0.0663820356131,1.39633369446,0.217510610819,0.102633170784,0.735562622547,-0.633327186108
0.580794453621,0.0690658092499,1.39599990845,0.218917697668,0.102084226906,0.736553132534,-0.631778001785
0.580203056335,0.0715322941542,1.39529907703,0.221910774708,0.102741494775,0.736814558506,-0.630320727825
0.580402076244,0.073934301734,1.39534091949,0.223056390882,0.104970008135,0.736752390862,-0.629621386528
0.580141067505,0.0764652490616,1.39499521255,0.22325566411,0.107213698328,0.735811412334,-0.630272805691
0.579596042633,0.0786711722612,1.39456498623,0.225986331701,0.105797015131,0.736171483994,-0.629117429256
0.579908490181,0.0809866786003,1.39462578297,0.226708397269,0.110141284764,0.735727488995,-0.628631293774
0.579835116863,0.0833892375231,1.39395570755,0.227924212813,0.110998019576,0.73647415638,-0.627164781094
0.579420626163,0.084699422121,1.39387404919,0.23052328825,0.111852526665,0.736278176308,-0.626292705536
0.579269945621,0.0872814804316,1.39359903336,0.230786636472,0.114688634872,0.735265016556,-0.626872777939
0.57949256897,0.0888088941574,1.39338254929,0.233906581998,0.115750640631,0.737026810646,-0.623442828655
0.57900851965,0.0907499864697,1.39289653301,0.235371544957,0.116532713175,0.736412227154,-0.623472213745
0.578830897808,0.0925170183182,1.39262712002,0.237110540271,0.119143344462,0.735101401806,-0.623866558075
0.578934013844,0.0944747775793,1.39222478867,0.236245721579,0.121491469443,0.735048174858,-0.62380450964
0.578854680061,0.0963299274445,1.39191532135,0.238747164607,0.120324239135,0.736223697662,-0.62168854475
0.579058229923,0.0982515513897,1.39166331291,0.238345384598,0.123297527432,0.735168039799,-0.622508764267
0.578609526157,0.099747389555,1.39132165909,0.240883201361,0.122864536941,0.735814869404,-0.620851159096
0.578622102737,0.101187512279,1.39117729664,0.241182252765,0.123933695257,0.73492193222,-0.621579825878
0.578816831112,0.102807074785,1.39088630676,0.239926218987,0.126509636641,0.734579145908,-0.621952056885
0.5790823102,0.104566968977,1.39079105854,0.241648584604,0.126541897655,0.735157668591,-0.620593488216
0.57871311903,0.106098264456,1.39023160934,0.244117692113,0.127509057522,0.735339224339,-0.619212508202
0.578740060329,0.107326053083,1.39010643959,0.244319364429,0.128859117627,0.734382033348,-0.619989156723
0.578563690186,0.108937703073,1.38987421989,0.24523255229,0.128820985556,0.734364390373,-0.619657158852
0.578607618809,0.110324174166,1.38959777355,0.245505213737,0.129946902394,0.734648168087,-0.618977487087
0.57855618,0.111725792289,1.38932740688,0.2445961833,0.13122586906,0.734302997589,-0.619476795197
0.578457832336,0.11302113533,1.38907337189,0.246887296438,0.130515992641,0.734627068043,-0.618332743645
0.578344404697,0.114267148077,1.38880300522,0.248485326767,0.132869839668,0.734749138355,-0.61704480648
0.578108429909,0.115489222109,1.38856518269,0.246700108051,0.133681148291,0.7340092659,-0.618464946747
0.578317761421,0.116796858609,1.38849711418,0.248572602868,0.133728668094,0.734094917774,-0.617602646351
0.578132867813,0.117833033204,1.38830292225,0.249232903123,0.134295582771,0.734423518181,-0.616822302341
0.578359901905,0.118893370032,1.38812255859,0.248416438699,0.135327890515,0.734011173248,-0.61741656065
0.57794713974,0.119986742735,1.38797605038,0.24946513772,0.137304618955,0.732776522636,-0.618023574352
0.577923595905,0.120855733752,1.38789105415,0.25134280324,0.138629868627,0.733074188232,-0.616612493992
0.578054904938,0.121893033385,1.38779044151,0.249834641814,0.138298258185,0.733832657337,-0.616397559643
0.577943861485,0.122899189591,1.38756716251,0.247934773564,0.138825550675,0.73357796669,-0.61734855175
0.57792365551,0.123722039163,1.38762331009,0.248468339443,0.140183061361,0.73338919878,-0.617051541805
0.577895998955,0.124448493123,1.38766086102,0.250755548477,0.140067741275,0.733336746693,-0.616214215755
0.577899158001,0.12525908649,1.38751685619,0.250202387571,0.14211717248,0.732238233089,-0.617275178432
0.578013658524,0.125946491957,1.38765180111,0.250337600708,0.143131881952,0.732043743134,-0.617216587067
0.578210532665,0.126591354609,1.387616992,0.249931558967,0.144067764282,0.731545031071,-0.617754459381
0.578315675259,0.127411454916,1.38758802414,0.24980814755,0.144139036536,0.73273396492,-0.61637711525
0.57805365324,0.127935558558,1.38746619225,0.249677062035,0.145123556256,0.731191933155,-0.618028223515
0.578364014626,0.128559976816,1.38753914833,0.248936191201,0.144943356514,0.731691777706,-0.617777824402
0.57809305191,0.129354685545,1.38731276989,0.248948797584,0.143881514668,0.731759786606,-0.617940425873
0.577919006348,0.129974782467,1.38719344139,0.248717263341,0.144025847316,0.731825172901,-0.617922544479
0.578043222427,0.130458459258,1.38717877865,0.248696237803,0.145729333162,0.73126488924,-0.618194818497
0.578298449516,0.131314054132,1.38733363152,0.247712761164,0.14580668509,0.730353176594,-0.619647622108
0.577685654163,0.131489217281,1.38707005978,0.249927893281,0.146286904812,0.730180680752,-0.618847727776
0.577702045441,0.131928235292,1.38708341122,0.249918907881,0.146624520421,0.729647278786,-0.619400382042
0.577592492104,0.132423192263,1.38694727421,0.249570056796,0.146937265992,0.729428350925,-0.61972463131
0.577424287796,0.132931113243,1.38688707352,0.248471826315,0.146191030741,0.729001939297,-0.620843172073
0.577215075493,0.133286416531,1.38684391975,0.247778505087,0.147481322289,0.727386593819,-0.622706949711
0.576996326447,0.133656561375,1.38678503036,0.247595652938,0.147045016289,0.726997196674,-0.623337268829
0.576831459999,0.133965104818,1.38679504395,0.247338056564,0.147248104215,0.72668749094,-0.623752474785
0.576646745205,0.134312525392,1.38677299023,0.246983811259,0.147009536624,0.72630417347,-0.624395310879
0.576475441456,0.134589016438,1.38679754734,0.2450324893,0.147958442569,0.725776612759,-0.625552415848
0.576367378235,0.134896486998,1.38673090935,0.244542911649,0.148129209876,0.725599586964,-0.625908792019
0.576066374779,0.135125085711,1.38671064377,0.24436968565,0.14792522788,0.725391566753,-0.626265764236
0.575862884521,0.135317713022,1.38670575619,0.243914857507,0.147411048412,0.725289642811,-0.626682281494
0.575636923313,0.135479182005,1.38681137562,0.243910059333,0.147383257747,0.724871575832,-0.627174258232
0.575496792793,0.135511502624,1.38691902161,0.245254039764,0.147557228804,0.724303662777,-0.627265155315
0.575136303902,0.135877400637,1.38679552078,0.243576005101,0.145191907883,0.725275099277,-0.627348482609
0.57508957386,0.136050596833,1.3868111372,0.242941498756,0.146909669042,0.724116504192,-0.628531932831
0.575014710426,0.13611510396,1.38686931133,0.242700010538,0.147781193256,0.724065542221,-0.628479480743
0.574613392353,0.136323824525,1.38686060905,0.242226466537,0.145780339837,0.724934279919,-0.628127992153
0.574304640293,0.136393293738,1.3869484663,0.241141989827,0.146653622389,0.723221898079,-0.630312144756
0.574136793613,0.13668191433,1.38710105419,0.241695821285,0.145124182105,0.723162829876,-0.630521714687
0.573898255825,0.136411562562,1.38717734814,0.241651415825,0.145539775491,0.722801566124,-0.630857169628
0.573649287224,0.136405855417,1.38729441166,0.241380408406,0.145817995071,0.7224162817,-0.631337761879
0.573493897915,0.136466413736,1.38728022575,0.240298032761,0.145667850971,0.722421944141,-0.631778717041
0.573341488838,0.136392235756,1.3873616457,0.239998683333,0.14606885612,0.722260475159,-0.631984472275
0.573112487793,0.136455789208,1.38740122318,0.237371072173,0.146217152476,0.721767961979,-0.633503437042
0.572923719883,0.136401727796,1.38750398159,0.236329361796,0.146289587021,0.721604585648,-0.634061992168
0.572683036327,0.136312738061,1.38757395744,0.233448520303,0.145483791828,0.721353650093,-0.635598301888
0.572450876236,0.136232197285,1.38765525818,0.233217284083,0.145823523402,0.721222400665,-0.635754406452
0.572385907173,0.136082097888,1.38785457611,0.233271598816,0.144604101777,0.721869111061,-0.635278642178
0.572124242783,0.136086091399,1.38788437843,0.233677357435,0.145074591041,0.720383167267,-0.636707484722
0.571976661682,0.13586935401,1.3880212307,0.234268203378,0.144742578268,0.720398366451,-0.636548757553
0.5716817379,0.135898709297,1.38786709309,0.23151139915,0.14505212009,0.720213472843,-0.637694954872
0.571481883526,0.135703340173,1.38793361187,0.229468807578,0.144845888019,0.72003608942,-0.638679683208
0.571131944656,0.135673671961,1.38789248466,0.227286309004,0.142973899841,0.719364881516,-0.640635371208
0.571120798588,0.135318920016,1.38808429241,0.227290600538,0.142212048173,0.719477117062,-0.640677273273
0.570942044258,0.135186702013,1.38809204102,0.227040544152,0.143431589007,0.719061911106,-0.640960276127
0.570818483829,0.135104656219,1.38819515705,0.223410367966,0.143583804369,0.718211710453,-0.643151283264
0.570630609989,0.134803414345,1.3881816864,0.225308686495,0.141063526273,0.719286084175,-0.641844749451
0.570275068283,0.134737193584,1.38830924034,0.222342640162,0.138445049524,0.71799904108,-0.644883036613
0.570370554924,0.134170532227,1.38838529587,0.222296759486,0.138909295201,0.718881189823,-0.643815517426
0.570238828659,0.134030416608,1.38841378689,0.219091638923,0.143182471395,0.717306733131,-0.645731091499
0.569828867912,0.133709400892,1.38849925995,0.219749808311,0.139804244041,0.717370808125,-0.646176457405
0.56965392828,0.133357703686,1.3885730505,0.218822285533,0.140070527792,0.716735780239,-0.647137582302
0.569625616074,0.133023679256,1.38873839378,0.215556710958,0.143058598042,0.716763556004,-0.647548913956
0.569389283657,0.132665708661,1.38880324364,0.213776245713,0.144395306706,0.715503096581,-0.649234175682
0.569139957428,0.13221950829,1.38886511326,0.214804545045,0.140073999763,0.715972065926,-0.649324476719
0.569168508053,0.131899043918,1.38896679878,0.211303636432,0.144388779998,0.71462893486,-0.651005506516
0.569170534611,0.131340488791,1.38908743858,0.211244985461,0.14035820961,0.715422213078,-0.651034832001
0.56908851862,0.130987018347,1.38919389248,0.208092913032,0.144895255566,0.714166760445,-0.652432858944
0.568832278252,0.130418524146,1.389346838,0.211773067713,0.139940872788,0.715657353401,-0.650694549084
0.568356871605,0.130014285445,1.38935649395,0.208658605814,0.139025509357,0.714596986771,-0.653058052063
0.568511724472,0.129520103335,1.38959312439,0.207072302699,0.142188891768,0.713784635067,-0.653769850731
0.568306803703,0.128910467029,1.38966107368,0.205505341291,0.139222741127,0.71427065134,-0.654371500015
0.568177044392,0.128353476524,1.38977301121,0.204578384757,0.139018550515,0.714137554169,-0.65485060215
0.568152070045,0.127765104175,1.38996398449,0.20396079123,0.142231598496,0.713148474693,-0.655430734158
0.568019390106,0.127079963684,1.39010620117,0.202266082168,0.139044612646,0.713879108429,-0.655844271183
0.567981660366,0.126493960619,1.39020884037,0.204525023699,0.139481440187,0.71290743351,-0.656107902527
0.56782501936,0.125721305609,1.39034330845,0.200591906905,0.138277634978,0.713239192963,-0.657215476036
0.567593216896,0.124981224537,1.3905107975,0.199800804257,0.137975156307,0.713020384312,-0.657757103443
0.567386984825,0.124180078506,1.39057064056,0.200856015086,0.138332992792,0.712503433228,-0.657920658588
0.567566514015,0.1234600842,1.39089596272,0.198638036847,0.138177290559,0.712068617344,-0.659096479416
0.5671864748,0.122509434819,1.39102447033,0.197451665998,0.136576324701,0.71250551939,-0.659314513206
0.567212343216,0.121830359101,1.39110767841,0.196006298065,0.136028572917,0.712117373943,-0.660277783871
0.567161858082,0.121174946427,1.39120721817,0.195518001914,0.134641721845,0.711816966534,-0.661030292511
0.567332923412,0.120209112763,1.3914065361,0.196001008153,0.133711978793,0.712841629982,-0.659970879555
0.567000567913,0.119066089392,1.39161252975,0.193429812789,0.13407728076,0.711549222469,-0.662046968937
0.567036509514,0.118376798928,1.39170229435,0.192954525352,0.132571682334,0.711533844471,-0.662505090237
0.567046105862,0.117236606777,1.3919557333,0.192638263106,0.132309377193,0.711583197117,-0.662596523762
0.567028105259,0.116086095572,1.39209711552,0.189744472504,0.131848588586,0.711361706257,-0.663760125637
0.567240893841,0.115345537663,1.39216136932,0.190331205726,0.130945384502,0.711191058159,-0.663953781128
0.567021906376,0.113984927535,1.39237082005,0.189549908042,0.12996993959,0.710643827915,-0.66495424509
0.567151427269,0.112933985889,1.39256370068,0.187883034348,0.129079326987,0.710605442524,-0.665641367435
0.567200362682,0.112095221877,1.39256024361,0.186726510525,0.127008616924,0.711336970329,-0.665583848953
0.56736189127,0.110567286611,1.39282548428,0.186016872525,0.127480819821,0.710680544376,-0.666392982006
0.567393898964,0.109605684876,1.39294707775,0.18374979496,0.125375255942,0.710496366024,-0.667616665363
0.567370057106,0.108298122883,1.39314699173,0.182807773352,0.124380432069,0.710360944271,-0.668205142021
0.567476630211,0.106876023114,1.39336919785,0.184105351567,0.124753408134,0.710209488869,-0.667940437794
0.567383825779,0.105649806559,1.39352464676,0.181419864297,0.121520169079,0.709906816483,-0.669590950012
0.567340433598,0.104354992509,1.39358568192,0.18013009429,0.12026399374,0.709892988205,-0.670180439949
0.567010879517,0.103063747287,1.39373469353,0.180446058512,0.121155768633,0.709123849869,-0.670748829842
0.567071855068,0.101745337248,1.39375936985,0.179734349251,0.117816835642,0.709340274334,-0.671305537224
0.567220568657,0.100274384022,1.39408969879,0.17895694077,0.116596892476,0.710651099682,-0.670339226723
0.567243874073,0.098920866847,1.39412748814,0.17763222754,0.113705322146,0.709147691727,-0.672775924206
0.56705892086,0.0974585786462,1.39418530464,0.179027944803,0.11365237087,0.709338665009,-0.672213375568
0.5669246912,0.0959273725748,1.39432585239,0.177364513278,0.11211116612,0.710740327835,-0.671432256699
0.567169547081,0.0946129709482,1.39454245567,0.174819618464,0.109110787511,0.708800256252,-0.674637079239
0.567143917084,0.0932381078601,1.3945608139,0.174872100353,0.108239382505,0.70871847868,-0.674849808216
0.567241966724,0.0918650254607,1.39460730553,0.172754362226,0.10691948235,0.708871304989,-0.675444841385
0.567216277122,0.0901873856783,1.3948353529,0.172820925713,0.105407290161,0.708411455154,-0.676147639751
0.567278981209,0.0886586308479,1.39489996433,0.169641017914,0.102226167917,0.708843767643,-0.676987826824
0.567313313484,0.0869745314121,1.39510560036,0.168909698725,0.100712060928,0.709193050861,-0.677031576633
0.567497313023,0.0853764116764,1.39523470402,0.16717146337,0.103281192482,0.707704365253,-0.67863202095
0.567702770233,0.0837139263749,1.39542424679,0.16676351428,0.0997403338552,0.708293139935,-0.678647696972
0.567962825298,0.0818787589669,1.39553129673,0.166821822524,0.0983673036098,0.708285808563,-0.678841292858
0.568030357361,0.0802442207932,1.39565229416,0.164161831141,0.0968785658479,0.708281219006,-0.679708123207
0.568289041519,0.0783424675465,1.39587473869,0.16300880909,0.0977389961481,0.707616686821,-0.680554270744
0.568564534187,0.0768034905195,1.39595377445,0.1604565382,0.0921562090516,0.708351373672,-0.68117493391
0.568590342999,0.0747615098953,1.39616346359,0.160436615348,0.0910101383924,0.707994163036,-0.681704998016
0.568664968014,0.0729086399078,1.39611744881,0.161377608776,0.0906824469566,0.708725571632,-0.680765807629
0.568965494633,0.0715304687619,1.39636743069,0.157606378198,0.0898223146796,0.706965386868,-0.683587908745
0.569261491299,0.0692206174135,1.39654374123,0.1567645818,0.0863136872649,0.707252621651,-0.68393611908
0.569527387619,0.0671371817589,1.39663600922,0.1555339396,0.0888037309051,0.706754863262,-0.68441259861
0.569689452648,0.0651571080089,1.39684653282,0.154144629836,0.0873200446367,0.706898152828,-0.684769749641
0.569835424423,0.0629274398088,1.39691567421,0.153672516346,0.0855375155807,0.706558167934,-0.685451507568
0.570076942444,0.0609778501093,1.39703285694,0.152309715748,0.0840178653598,0.706119120121,-0.686395406723
0.570284068584,0.0593001022935,1.39705848694,0.150269955397,0.0817319527268,0.705594778061,-0.687658905983
0.57064718008,0.0572967529297,1.39705455303,0.149514183402,0.0771337300539,0.70524764061,-0.688710272312
0.570765972137,0.054994367063,1.39729189873,0.148708507419,0.0759759172797,0.705319225788,-0.688939929008
0.570816636086,0.0521142221987,1.39728856087,0.150698915124,0.0824464038014,0.706792116165,-0.686248838902
0.570934891701,0.0497361719608,1.39749097824,0.150242567062,0.0814319550991,0.706682026386,-0.686583280563
0.571242153645,0.0473915040493,1.39762020111,0.149784848094,0.0772981271148,0.706629395485,-0.687214970589
0.571597993374,0.0458423122764,1.39752972126,0.144327923656,0.0706187039614,0.704065680504,-0.691718220711
0.571917951107,0.0435847751796,1.39778590202,0.142580956221,0.0687486678362,0.703274548054,-0.69307243824
0.571990191936,0.0407264493406,1.3977009058,0.144388839602,0.0750834792852,0.704959988594,-0.690322995186
0.57225972414,0.0384441278875,1.39804983139,0.143326833844,0.0737623944879,0.704639732838,-0.691013336182
0.572327852249,0.0362445339561,1.39793741703,0.141343519092,0.070951089263,0.705034554005,-0.691313445568
0.572884082794,0.0334609784186,1.39804935455,0.139884591103,0.0707069039345,0.704881131649,-0.691791415215
0.573046147823,0.0308631341904,1.39826595783,0.138911351562,0.0686444863677,0.704672217369,-0.692407906055
0.573586940765,0.0282733440399,1.39849579334,0.137115120888,0.067855425179,0.704463481903,-0.693055689335
0.573860108852,0.0255033653229,1.39854335785,0.13624098897,0.0665464997292,0.704524993896,-0.693292379379
0.574368774891,0.023129709065,1.39869618416,0.131756439805,0.0624610222876,0.701570034027,-0.697522938251
0.574635326862,0.0201354064047,1.39851868153,0.133055537939,0.0625722557306,0.705457270145,-0.69333332777
0.575104355812,0.0174698345363,1.39871275425,0.130388617516,0.0623644888401,0.704408288002,-0.694923460484
0.575455248356,0.014726168476,1.39883053303,0.129161164165,0.0609253719449,0.70442199707,-0.695266127586
0.576063334942,0.0119421230629,1.39881443977,0.12352309376,0.0549952760339,0.702142298222,-0.699080884457
0.576409757137,0.00915896799415,1.39890217781,0.121633253992,0.0531903840601,0.701516926289,-0.700178682804
0.576964616776,0.00598619505763,1.39898276329,0.120396316051,0.0525100417435,0.701891064644,-0.700068831444
0.577537834644,0.00313181988895,1.3989855051,0.118883192539,0.048240236938,0.701949357986,-0.700576126575
0.578268527985,-1.88257545233e-05,1.39910340309,0.117248632014,0.0441343002021,0.700177669525,-0.702891349792
0.578671813011,-0.00358852185309,1.39898955822,0.120913431048,0.0486047491431,0.703348219395,-0.698798179626
0.579168379307,-0.00663708336651,1.39923501015,0.118763171136,0.0500454828143,0.702195167542,-0.700223326683
0.579725921154,-0.00975114479661,1.39923667908,0.116787828505,0.0491004437208,0.702085614204,-0.700732111931
0.580469667912,-0.0131780840456,1.39941334724,0.115668237209,0.0490352101624,0.702237963676,-0.700769722462
0.580924808979,-0.0163500383496,1.39907383919,0.113960281014,0.0479418411851,0.70287501812,-0.700486540794
0.581630051136,-0.0194628294557,1.39916551113,0.111963942647,0.0458242967725,0.702127158642,-0.701699197292
0.582210361958,-0.0227198619395,1.39915943146,0.11042432487,0.0449251867831,0.701972484589,-0.702155888081
0.582845151424,-0.0259951762855,1.39894354343,0.108288452029,0.0440145023167,0.702169656754,-0.70234900713
0.583459973335,-0.0295017622411,1.39913165569,0.106834433973,0.0433163493872,0.702394545078,-0.702390193939
0.584385573864,-0.0327037237585,1.39929437637,0.104285851121,0.0428117029369,0.701806783676,-0.703390955925
0.584878504276,-0.03614827618,1.39901018143,0.103162392974,0.0416719801724,0.701638400555,-0.703792989254
0.585261881351,-0.0395730659366,1.39884233475,0.101860612631,0.0400682985783,0.701267719269,-0.704444944859
0.585964083672,-0.0426499024034,1.39917635918,0.099712498486,0.0386038944125,0.700529038906,-0.705568015575
0.586897850037,-0.0460452474654,1.39898633957,0.0914638116956,0.0371635593474,0.698890984058,-0.708381652832
0.587261199951,-0.0492853857577,1.39896643162,0.0893648192286,0.0386707372963,0.700543999672,-0.706934690475
0.587790250778,-0.0531898848712,1.3993844986,0.0906042605639,0.0362474434078,0.700150191784,-0.707295417786
0.588350832462,-0.0562873966992,1.39897108078,0.0887869521976,0.0344381220639,0.699159681797,-0.708594858646
0.588994383812,-0.0599414892495,1.39935600758,0.0872911438346,0.0340057015419,0.699748039246,-0.7082208395
0.589573800564,-0.0634617805481,1.39928507805,0.0850659161806,0.0363500937819,0.700482904911,-0.707648336887
0.589992463589,-0.0666825771332,1.39889192581,0.0834552422166,0.0321923941374,0.698801219463,-0.709701240063
0.590606927872,-0.0703086480498,1.39868199825,0.0827189609408,0.0288277976215,0.696900486946,-0.711797952652
0.591084241867,-0.0735782161355,1.39855360985,0.0807237252593,0.0300536695868,0.698092937469,-0.710807144642
0.59148555994,-0.0769996717572,1.39873433113,0.0809922292829,0.0294598732144,0.69908285141,-0.709827899933
0.592130661011,-0.0801736861467,1.39807057381,0.0783916935325,0.0236478727311,0.695981860161,-0.713375627995
0.592607975006,-0.0836153551936,1.39844822884,0.0781557708979,0.0262982100248,0.698494315147,-0.710848629475
0.593089878559,-0.0869942829013,1.39827632904,0.0762119069695,0.0236082170159,0.696674227715,-0.712937176228
0.593440830708,-0.0904192849994,1.3977111578,0.0757450759411,0.0221623610705,0.696078717709,-0.713614761829
0.593976378441,-0.093788459897,1.3977445364,0.0745030418038,0.0209386758506,0.695565879345,-0.714282095432
0.594483792782,-0.0971603989601,1.3976290226,0.0727445632219,0.0197396799922,0.694177925587,-0.715846121311
0.594847261906,-0.100623771548,1.39755451679,0.0732333064079,0.0181074216962,0.694314777851,-0.715706706047
0.59525680542,-0.103995226324,1.39749765396,0.0723531246185,0.0165326874703,0.693649530411,-0.716479003429
0.59568721056,-0.107322067022,1.39738976955,0.0711139068007,0.0144647117704,0.69221997261,-0.718028664589
0.596124947071,-0.11059255898,1.39728689194,0.0699847489595,0.0131083000451,0.690743207932,-0.719586074352
0.596449077129,-0.114066541195,1.39712846279,0.0708817094564,0.0113680353388,0.691247284412,-0.719043672085
0.596760332584,-0.117359131575,1.39705967903,0.0703661963344,0.00958419870585,0.690389037132,-0.719944238663
0.597143173218,-0.120679669082,1.39698398113,0.0699116662145,0.00802617613226,0.689618229866,-0.720745921135
0.597694337368,-0.124142952263,1.39708971977,0.0698475539684,0.00732016563416,0.688944518566,-0.721403717995
0.59790456295,-0.12716640532,1.39718592167,0.0685098916292,0.00281838234514,0.686434328556,-0.723951876163
0.598210811615,-0.130557283759,1.39674043655,0.0687169954181,0.00443178694695,0.687485992908,-0.72292560339
0.598721802235,-0.133728772402,1.39666366577,0.0680696219206,0.00225343345664,0.686258852482,-0.724161744118
0.598751366138,-0.137087836862,1.39684820175,0.0685061812401,-0.00145727815107,0.684163689613,-0.726102530956
0.599241793156,-0.140047296882,1.39644837379,0.0671570375562,-0.00188154098578,0.683647274971,-0.726713776588
0.599476635456,-0.143304079771,1.39628577232,0.0673221051693,-0.0046109976247,0.682273924351,-0.727975904942
0.599810421467,-0.146461442113,1.39611756802,0.0667783990502,-0.00461679976434,0.682281911373,-0.728018403053
0.600076675415,-0.149566218257,1.39597821236,0.0666463971138,-0.00640281429514,0.68104159832,-0.729177355766
0.600280463696,-0.15274618566,1.39570808411,0.066625341773,-0.0079926000908,0.679877698421,-0.73024892807
0.600202977657,-0.156084299088,1.39600276947,0.066650621593,-0.0114667778835,0.676913917065,-0.732948720455
0.600439190865,-0.159135833383,1.39585280418,0.0670024007559,-0.0121812792495,0.676812708378,-0.732998490334
0.600741744041,-0.162185668945,1.39566552639,0.0663062483072,-0.0136210313067,0.675500452518,-0.734246015549
0.601023495197,-0.165630355477,1.39575695992,0.066939227283,-0.0142567399889,0.673971116543,-0.735580563545
0.601754426956,-0.168579205871,1.39502596855,0.0655690059066,-0.0145882861689,0.672622561455,-0.736930608749
0.601880669594,-0.171404451132,1.39489102364,0.0705206245184,-0.0171106923372,0.671389222145,-0.73754376173
0.602271437645,-0.174634858966,1.39482522011,0.0649150907993,-0.016989171505,0.66993355751,-0.739382386208
0.602370679379,-0.177337452769,1.39459621906,0.0696614012122,-0.0193247441202,0.668641090393,-0.740062832832
0.602740585804,-0.180215105414,1.39411199093,0.063506744802,-0.0202215835452,0.667340993881,-0.741764247417
0.602926254272,-0.183153778315,1.39401113987,0.0687013790011,-0.021773820743,0.665874958038,-0.74257427454
0.60330837965,-0.186012491584,1.39398086071,0.0678798407316,-0.0232640150934,0.664064586163,-0.744224071503
0.603370726109,-0.188699498773,1.39376676083,0.0672208592296,-0.0251432694495,0.66221600771,-0.745868086815
0.603616714478,-0.191776141524,1.39359366894,0.0676883608103,-0.0253852363676,0.661224067211,-0.746697247028
0.603765189648,-0.194678261876,1.39343261719,0.0677979141474,-0.0265885554254,0.65954709053,-0.748127102852
0.60393756628,-0.1976262182,1.39319467545,0.06813441962,-0.0277644246817,0.6577886343,-0.749600529671
0.604095160961,-0.200304403901,1.39310061932,0.0676399171352,-0.0292743593454,0.656082808971,-0.751081466675
0.604291200638,-0.203121006489,1.39290761948,0.0674234181643,-0.0304457414895,0.654208540916,-0.752687394619
0.604240059853,-0.205954626203,1.39223325253,0.0681803077459,-0.0310877300799,0.652967751026,-0.75366973877
0.604357779026,-0.208491742611,1.39205813408,0.0667510032654,-0.0330854505301,0.649653196335,-0.756571471691
0.604471683502,-0.211197853088,1.39205825329,0.066486902535,-0.0346515737474,0.647425293922,-0.758432209492
0.604690492153,-0.213932484388,1.39230048656,0.0662096962333,-0.0350396074355,0.645693540573,-0.759913384914
0.604720234871,-0.216104492545,1.39205992222,0.0651641488075,-0.0370575934649,0.6428835392,-0.762286782265
0.604664504528,-0.219131916761,1.39186513424,0.0664758756757,-0.0383975692093,0.641384601593,-0.763369143009
0.604794859886,-0.22164362669,1.39195811749,0.0606822557747,-0.0382510684431,0.639350831509,-0.765561938286
0.604951202869,-0.224180936813,1.39173460007,0.0606767982244,-0.039613738656,0.637089788914,-0.76737588644
0.604890704155,-0.226705551147,1.39217090607,0.0608306750655,-0.0400315336883,0.635857462883,-0.7683634758
0.604881167412,-0.229079648852,1.39208626747,0.0606109909713,-0.0411478318274,0.633774936199,-0.77004057169
0.604956150055,-0.231256067753,1.39144098759,0.0646776854992,-0.0440314337611,0.629822969437,-0.772787868977
0.604776620865,-0.233674302697,1.3918646574,0.0601634830236,-0.043248500675,0.629225850105,-0.773682594299
0.604757487774,-0.236561253667,1.3917863369,0.0616238042712,-0.0422732047737,0.627847731113,-0.77474039793
0.60473972559,-0.238789647818,1.39176797867,0.0612815618515,-0.0428175367415,0.626068711281,-0.776176095009
0.604741811752,-0.241002932191,1.39172744751,0.0611971989274,-0.0438082441688,0.624112844467,-0.777701079845
0.604720890522,-0.243213176727,1.39156115055,0.061073731631,-0.0442158728838,0.622502207756,-0.778977632523
0.604570567608,-0.245497256517,1.39155185223,0.0622586347163,-0.0446230769157,0.620909035206,-0.780131161213
0.604588091373,-0.247442752123,1.39150691032,0.0612782239914,-0.0451272688806,0.619261205196,-0.781488418579
0.60453748703,-0.249609068036,1.39159691334,0.0622111670673,-0.046244930476,0.617642998695,-0.782629311085
0.604609787464,-0.251541316509,1.39160394669,0.062081463635,-0.0462957620621,0.616167128086,-0.783798873425
0.604559659958,-0.253241568804,1.39188039303,0.0619909912348,-0.0471203699708,0.61496090889,-0.784703731537
0.604639112949,-0.255100399256,1.3918902874,0.0614830181003,-0.0462499968708,0.613664090633,-0.78580981493
0.604234874249,-0.256817579269,1.391903162,0.0624594427645,-0.0474766269326,0.612710654736,-0.786403536797
0.604321718216,-0.258357077837,1.39204239845,0.06221652776,-0.0475119017065,0.611583948135,-0.787297129631
0.604471683502,-0.259886562824,1.39191043377,0.0620442293584,-0.0471763052046,0.610766232014,-0.787965416908
0.604572594166,-0.261578410864,1.39229559898,0.0631482005119,-0.0476243309677,0.609621882439,-0.788736581802
0.604728996754,-0.262922763824,1.39189195633,0.0628487914801,-0.0470078587532,0.608693599701,-0.789514064789
0.60464900732,-0.264391005039,1.39189481735,0.0637898147106,-0.0470754317939,0.608190655708,-0.789822101593
0.604563891888,-0.266018211842,1.39247405529,0.065037034452,-0.0470299758017,0.607521951199,-0.790237545967
0.604424238205,-0.267206668854,1.39269840717,0.0654986724257,-0.0474137589335,0.606791555882,-0.790737509727
0.604425907135,-0.268571764231,1.39281570911,0.0664648935199,-0.0467469133437,0.606305658817,-0.791069328785
0.604431867599,-0.269994944334,1.39308035374,0.0676044896245,-0.0459235832095,0.605696320534,-0.791487634182
0.604187607765,-0.271061211824,1.39323174953,0.0683179721236,-0.0467189848423,0.60494363308,-0.79195523262
0.60407859087,-0.272243887186,1.39298844337,0.0694360882044,-0.0458079613745,0.604307234287,-0.792397022247
0.603906810284,-0.273015916348,1.39326763153,0.0697756409645,-0.0455683507025,0.603518664837,-0.792981803417
0.603785693645,-0.274407804012,1.39289653301,0.0715229958296,-0.0440831631422,0.603503406048,-0.792921721935
0.603503763676,-0.275506317616,1.39321053028,0.073010340333,-0.0450995080173,0.602444052696,-0.79353427887
0.603217542171,-0.276636511087,1.39315271378,0.0750682651997,-0.043122228235,0.603061556816,-0.792982935905
0.603010058403,-0.277503997087,1.39286184311,0.0763363540173,-0.0422307737172,0.602676749229,-0.793202459812
0.60278648138,-0.278472304344,1.39300906658,0.0773048847914,-0.0408935472369,0.602630913258,-0.793213546276
0.602822005749,-0.279398262501,1.39278662205,0.0778966620564,-0.0381670817733,0.602728366852,-0.793217480183
0.602750599384,-0.280274093151,1.39258241653,0.0792103782296,-0.038105905056,0.602190494537,-0.793498814106
0.602264404297,-0.281334280968,1.39294099808,0.0815734118223,-0.0366544835269,0.602687656879,-0.792950093746
0.602100074291,-0.281729638577,1.39243388176,0.0824681967497,-0.0363021530211,0.602610290051,-0.792932569981
0.601846277714,-0.282032966614,1.39241445065,0.0826944634318,-0.0347818210721,0.602666795254,-0.792934238911
0.601774692535,-0.283153027296,1.39250981808,0.0841785892844,-0.0339964516461,0.602233469486,-0.793141305447
0.601740658283,-0.283788204193,1.39229536057,0.0861350446939,-0.0315068587661,0.603404700756,-0.792143285275
0.601169586182,-0.284198790789,1.39246094227,0.0867204070091,-0.0330015309155,0.601714193821,-0.793303489685
0.601063072681,-0.28472584486,1.39250659943,0.0878714025021,-0.0276595335454,0.603560984135,-0.791977107525
0.601088047028,-0.285393625498,1.39271581173,0.0898249298334,-0.0274816974998,0.602916896343,-0.79225474596
0.600912809372,-0.285775631666,1.3926217556,0.0910661146045,-0.0253571700305,0.603245913982,-0.791933357716
0.600739181042,-0.286466658115,1.39263820648,0.0939914137125,-0.0241202842444,0.602896034718,-0.791896641254
0.600385665894,-0.286436915398,1.39250648022,0.0943925902247,-0.0222244895995,0.603300690651,-0.79159617424
0.600165188313,-0.28623008728,1.39228200912,0.0953688025475,-0.0215651281178,0.602515459061,-0.79209536314
0.600002408028,-0.287276774645,1.39236533642,0.0982537865639,-0.0203661397099,0.601685225964,-0.792405426502
0.599770605564,-0.287550479174,1.39269328117,0.100822605193,-0.0152315404266,0.603307366371,-0.790963411331
0.599457740784,-0.287871092558,1.39275634289,0.102187208831,-0.0146499006078,0.601714372635,-0.792012035847
0.59899353981,-0.28780156374,1.39258158207,0.103642836213,-0.014446573332,0.600270986557,-0.792921304703
0.598534345627,-0.287593603134,1.39266896248,0.104987494648,-0.0118777323514,0.600172698498,-0.792861402035
0.598384976387,-0.287961453199,1.39326453209,0.106661215425,-0.00973633117974,0.599557220936,-0.793132901192
0.597914218903,-0.288274884224,1.39328062534,0.109288729727,-0.00724792899564,0.598844349384,-0.793340444565
0.597443044186,-0.288457483053,1.39336490631,0.111877270043,-0.00479777017608,0.598129689693,-0.793537318707
0.597113072872,-0.287795394659,1.39291155338,0.112293660641,-0.00402500899509,0.596566557884,-0.794658660889
0.596556127071,-0.288332730532,1.39347839355,0.116734609008,-0.000960247765761,0.597537577152,-0.793297588825
0.596122801304,-0.28815343976,1.39372003078,0.117761813104,0.00200213911012,0.596925318241,-0.793604671955
0.595711648464,-0.288100123405,1.3936650753,0.120052814484,0.00314203742892,0.596139252186,-0.793848514557
0.595270812511,-0.287969470024,1.39434170723,0.121900267899,0.00660152174532,0.59653455019,-0.793248593807
0.594884335995,-0.287717610598,1.39443409443,0.124739810824,0.0088182464242,0.59605383873,-0.793146967888
0.594421327114,-0.287465810776,1.39468359947,0.125577583909,0.0110782701522,0.595291256905,-0.793558955193
0.593887090683,-0.287148952484,1.39463090897,0.126907989383,0.0131588475779,0.594698965549,-0.793759644032
0.593463301659,-0.286924809217,1.39507389069,0.128487765789,0.0137016735971,0.593390405178,-0.794475317001
0.593031227589,-0.286715149879,1.39529967308,0.130018681288,0.0170521643013,0.593820393085,-0.793839871883
0.592714369297,-0.286294579506,1.39552474022,0.130135565996,0.0192420817912,0.592963159084,-0.794411182404
0.59246379137,-0.286078810692,1.39571857452,0.13136087358,0.0210874062032,0.591871082783,-0.794976890087
0.591933310032,-0.285881787539,1.39616751671,0.132495433092,0.0248697288334,0.592359721661,-0.794315099716
0.591517210007,-0.285120218992,1.39614284039,0.132482111454,0.026226978749,0.591515541077,-0.79490250349
0.591207385063,-0.284710496664,1.3960249424,0.133502557874,0.0286674275994,0.590892553329,-0.795110881329
0.590538084507,-0.284591317177,1.39659285545,0.13576413691,0.0292593874037,0.589880883694,-0.795457482338
0.590207457542,-0.284057617188,1.39671504498,0.136246144772,0.0328239761293,0.590266168118,-0.794950008392
0.589661240578,-0.283480256796,1.39635741711,0.136816591024,0.0346698462963,0.589670300484,-0.795215904713
0.589212536812,-0.283012956381,1.39671623707,0.137221649289,0.0368454605341,0.589116036892,-0.795458972454
0.588767766953,-0.282473683357,1.39676368237,0.137709245086,0.0373944714665,0.587585508823,-0.796480417252
0.588572442532,-0.282116234303,1.39705991745,0.138718515635,0.0418546386063,0.588765561581,-0.795211017132
0.587949573994,-0.281059741974,1.39694130421,0.138069361448,0.0412128195167,0.586759507656,-0.796838581562
0.588026165962,-0.281022280455,1.3973865509,0.138789087534,0.0465297959745,0.587650358677,-0.795763611794
0.587522745132,-0.279892802238,1.39731252193,0.13791552186,0.0476956814528,0.586808204651,-0.796467602253
0.587032139301,-0.279588103294,1.39739537239,0.139933928847,0.0495870709419,0.587722241879,-0.795325219631
0.586657583714,-0.278911054134,1.39703989029,0.139629215002,0.0515069440007,0.587143421173,-0.795684158802
0.58606249094,-0.278174340725,1.39732396603,0.139147803187,0.0518730208278,0.585703909397,-0.796804904938
0.585804343224,-0.278179615736,1.39752554893,0.140884265304,0.05662798509,0.588081657887,-0.794421136379
0.585533559322,-0.277021616697,1.39764153957,0.138897195458,0.0575035884976,0.586478173733,-0.795892179012
0.585513710976,-0.276671528816,1.39763855934,0.138748884201,0.0613584779203,0.58750897646,-0.794869303703
0.584851264954,-0.276051610708,1.39755523205,0.139091283083,0.0624428242445,0.587663114071,-0.794611036777
0.58459341526,-0.275544703007,1.39781582355,0.139157176018,0.0651958063245,0.588284671307,-0.793918073177
0.584298670292,-0.274439275265,1.39786887169,0.138805955648,0.0668328851461,0.588906645775,-0.793382227421
0.583859622478,-0.273814886808,1.39772689342,0.137861251831,0.0687606185675,0.589003503323,-0.793310284615
0.583891093731,-0.273285388947,1.3977946043,0.137685507536,0.0727430582047,0.590048491955,-0.792208254337
0.583623349667,-0.272985368967,1.39800775051,0.13687479496,0.0755149945617,0.591152906418,-0.791265547276
0.58314961195,-0.272484987974,1.39793562889,0.137047588825,0.0781133547425,0.591987729073,-0.790358662605
0.583049714565,-0.271782130003,1.39766407013,0.135415524244,0.0834171250463,0.593074262142,-0.789282679558
0.58252030611,-0.271181762218,1.39806938171,0.135289803147,0.0854920446873,0.594203591347,-0.788232147694
0.582323908806,-0.270516842604,1.39787578583,0.134462073445,0.0884559452534,0.594990670681,-0.787452697754
0.581999957561,-0.269747823477,1.39783453941,0.133710101247,0.0899090766907,0.596130013466,-0.78655397892
0.581640899181,-0.269162774086,1.39803028107,0.133091434836,0.0924805030227,0.597531378269,-0.785296261311
0.581198453903,-0.268070995808,1.39793539047,0.131683841348,0.0938250944018,0.598054289818,-0.784976065159
0.580862760544,-0.267381340265,1.39778614044,0.130513086915,0.0963567346334,0.599366426468,-0.78386336565
0.580599069595,-0.266772568226,1.39784455299,0.129494518042,0.0991372913122,0.600546181202,-0.782781779766
0.580312609673,-0.26654446125,1.3978331089,0.129151284695,0.103213049471,0.602566897869,-0.780756235123
0.579807817936,-0.265489697456,1.39757478237,0.127507820725,0.104729630053,0.603374540806,-0.78020042181
0.579576432705,-0.264760702848,1.39754629135,0.126027017832,0.107526965439,0.604812681675,-0.778945863247
0.579350411892,-0.264506310225,1.39751982689,0.125327676535,0.110948055983,0.606637775898,-0.777157723904
0.578985393047,-0.263412564993,1.39756119251,0.122965998948,0.112844496965,0.607505023479,-0.776584327221
0.578801453114,-0.263214796782,1.3977009058,0.121849007905,0.11426781863,0.608737766743,-0.775586307049
0.578439891338,-0.261951088905,1.39740931988,0.119229890406,0.115833051503,0.609719514847,-0.774989724159
0.578196406364,-0.261702716351,1.39767622948,0.118211060762,0.118281118572,0.611542761326,-0.773337781429
0.577758133411,-0.260603696108,1.39784312248,0.116180621088,0.120112210512,0.612703025341,-0.772444367409
0.577684879303,-0.26000019908,1.39790344238,0.114383943379,0.123094886541,0.614182889462,-0.771066427231
0.577361166477,-0.25921279192,1.39781200886,0.11232021451,0.125103831291,0.615401804447,-0.770073890686
0.57706028223,-0.25877943635,1.39785218239,0.110395021737,0.127445682883,0.617356300354,-0.768402040005
0.576898276806,-0.257697165012,1.39785885811,0.108026631176,0.129149064422,0.618986487389,-0.767141819
0.576747894287,-0.257388055325,1.39791679382,0.106701441109,0.132301256061,0.620936512947,-0.765211820602
0.576414525509,-0.256111711264,1.39757299423,0.104026451707,0.132731720805,0.62142932415,-0.765105426311
0.576224505901,-0.255374252796,1.39784753323,0.101816259325,0.13452591002,0.62290340662,-0.763889849186
0.576101660728,-0.254583925009,1.39782524109,0.0994485169649,0.134749114513,0.62451595068,-0.762845039368
0.575977563858,-0.254104375839,1.39775359631,0.0977935120463,0.136677011847,0.626054286957,-0.761453807354
0.575636684895,-0.252962380648,1.3977265358,0.095530256629,0.137352883816,0.626035690308,-0.761634707451
0.575509250164,-0.252045542002,1.39768791199,0.0930535271764,0.13824506104,0.627684593201,-0.760421812534
0.575293600559,-0.251554220915,1.39760136604,0.0916750878096,0.139781206846,0.62921667099,-0.759040951729
0.575038909912,-0.250825285912,1.39760684967,0.0899726971984,0.142752274871,0.62985599041,-0.758161008358
0.574752509594,-0.249782562256,1.39743936062,0.0899387821555,0.142390608788,0.630711257458,-0.757521808147
0.574615418911,-0.248860195279,1.39736485481,0.0858019068837,0.143772274256,0.630733549595,-0.757722139359
0.57420694828,-0.247824415565,1.39721643925,0.0841581076384,0.143093630672,0.631563663483,-0.757343411446
0.573971986771,-0.246921941638,1.39713120461,0.0824115499854,0.142873764038,0.632204532623,-0.757042229176
0.573913156986,-0.245436504483,1.39707541466,0.0795284733176,0.141821786761,0.631930589676,-0.757776737213
0.57352489233,-0.244673281908,1.3968937397,0.0780615508556,0.141381174326,0.632934629917,-0.757173418999
0.573514521122,-0.243640065193,1.39644145966,0.0759974271059,0.140871807933,0.632995605469,-0.757427334785
0.573028683662,-0.24183216691,1.39656543732,0.072920627892,0.136737659574,0.632428824902,-0.758959293365
0.572977185249,-0.241352796555,1.39642393589,0.0700947418809,0.13908149302,0.633189558983,-0.758164942265
0.57273709774,-0.239934638143,1.39633274078,0.0689024105668,0.136145561934,0.633440196514,-0.758597671986
0.572561264038,-0.238331362605,1.39626479149,0.0661443844438,0.133383378386,0.633021175861,-0.759683012962
0.572377562523,-0.237491950393,1.39590489864,0.0644968375564,0.133109465241,0.633661866188,-0.759338259697
0.572193801403,-0.235590368509,1.396058321,0.0610876455903,0.130237549543,0.632846474648,-0.760796844959
0.572206199169,-0.234718829393,1.39594078064,0.0588647313416,0.129823476076,0.634049057961,-0.760041177273
0.572000086308,-0.233537703753,1.39579451084,0.056589871645,0.128253251314,0.634369194508,-0.760213375092
0.571911156178,-0.2317276299,1.39582026005,0.0531901828945,0.126120015979,0.633839428425,-0.761256992817
0.571567833424,-0.230239465833,1.39576625824,0.0506875403225,0.124055847526,0.634038746357,-0.761600792408
0.571503818035,-0.228908061981,1.39566409588,0.0482938662171,0.12278046459,0.634200453758,-0.761828362942
0.571358919144,-0.227537989616,1.39549589157,0.045968092978,0.12139518559,0.63490074873,-0.761610984802
0.57115739584,-0.226119786501,1.39541935921,0.0438747107983,0.11958489567,0.635425329208,-0.761583268642
0.571163594723,-0.22531363368,1.3954859972,0.0424678772688,0.119593828917,0.637100994587,-0.76026058197
0.57101392746,-0.223360359669,1.39539527893,0.0400458388031,0.117346465588,0.636691689491,-0.761084735394
0.571036398411,-0.222456350923,1.39556896687,0.0409548804164,0.116896219552,0.638855934143,-0.75928992033
0.570952057838,-0.221063837409,1.39552640915,0.0372382588685,0.116291023791,0.639295995235,-0.759203791618
0.57070684433,-0.219149917364,1.39551377296,0.0355239920318,0.114043079317,0.639676272869,-0.759306609631
0.570561528206,-0.217805027962,1.39556276798,0.0329411700368,0.113776274025,0.64032548666,-0.758915781975
0.570415019989,-0.216729953885,1.39566993713,0.031510937959,0.112942278385,0.641806840897,-0.757849037647
0.570253670216,-0.214845210314,1.39565563202,0.0308232717216,0.111239172518,0.642172217369,-0.757819712162
0.570164144039,-0.213326215744,1.39547336102,0.0301101133227,0.110150799155,0.64292794466,-0.757366478443
0.570033609867,-0.211456000805,1.3957028389,0.0329996198416,0.107460394502,0.643989861012,-0.756730020046
0.570001542568,-0.210572764277,1.39583730698,0.0308502092957,0.108367450535,0.645540058613,-0.755369365215
0.569867432117,-0.208998516202,1.39600348473,0.0314905457199,0.107069574296,0.646524190903,-0.754685997963
0.569991230965,-0.20707732439,1.39599227905,0.0347697250545,0.105308018625,0.647687077522,-0.75379216671
0.569920063019,-0.205505132675,1.39609527588,0.0359138771892,0.104503951967,0.648770987988,-0.752917945385
0.569939017296,-0.204292953014,1.39623439312,0.0381527580321,0.105094328523,0.650301516056,-0.751403689384
0.569774925709,-0.202701732516,1.39612197876,0.0389311313629,0.103315033019,0.651666820049,-0.750427126884
0.570057988167,-0.201077774167,1.3967949152,0.0407235138118,0.104176968336,0.653180658817,-0.748895049095
0.5701623559,-0.199646428227,1.39701008797,0.0423476696014,0.104533560574,0.654855847359,-0.747290611267
0.570400357246,-0.198120772839,1.39725446701,0.044811680913,0.109191536903,0.656493425369,-0.745040535927
0.570557236671,-0.196502476931,1.39761841297,0.0486977025867,0.107559993863,0.658771932125,-0.743020117283
0.570852100849,-0.195092439651,1.39782047272,0.0495482981205,0.108491338789,0.660625576973,-0.741180419922
0.570880413055,-0.19350874424,1.39790213108,0.0517429113388,0.108490146697,0.662769436836,-0.739113926888
0.571336865425,-0.192023128271,1.39831829071,0.0540301203728,0.110893845558,0.664831995964,-0.736737251282
0.571716547012,-0.190414518118,1.39870977402,0.0556859150529,0.112202361226,0.666968822479,-0.734480977058
0.572014629841,-0.188745647669,1.39902639389,0.0573532953858,0.113609015942,0.669148087502,-0.732150614262
0.572110414505,-0.186669200659,1.399066329,0.0588701553643,0.113602027297,0.670992195606,-0.730341255665
0.572571516037,-0.185191273689,1.39949584007,0.0606929212809,0.115058556199,0.673779070377,-0.727392375469
0.572718858719,-0.183610901237,1.39958190918,0.0611161850393,0.117175087333,0.676109075546,-0.724852621555
0.573081374168,-0.181702747941,1.39985918999,0.0640963464975,0.117307849228,0.678769409657,-0.722082138062
0.573489010334,-0.179940998554,1.4002314806,0.0619056560099,0.119235366583,0.680515885353,-0.720311701298
0.573873400688,-0.177737668157,1.40047180653,0.0636715292931,0.119669035077,0.682707905769,-0.718007922173
0.574000835419,-0.1762984097,1.40085077286,0.066716529429,0.122817948461,0.68779027462,-0.712326586246
0.574419677258,-0.173902854323,1.40100681782,0.065717369318,0.121112249792,0.686860442162,-0.713607609272
0.574574291706,-0.171738564968,1.40101861954,0.0664153471589,0.121045611799,0.68949764967,-0.71100628376
0.575102806091,-0.169597953558,1.40127515793,0.0661896243691,0.121748425066,0.691624522209,-0.70883834362
0.575549840927,-0.167558819056,1.40144181252,0.0674129351974,0.12321062386,0.69538974762,-0.704775035381
0.575789093971,-0.165128424764,1.40146398544,0.0665890797973,0.122171223164,0.696137487888,-0.704295933247
0.57595962286,-0.162923961878,1.40132129192,0.0669816881418,0.121225886047,0.698382556438,-0.702196359634
0.576491951942,-0.160557240248,1.40138435364,0.066612623632,0.121487475932,0.700312018394,-0.700261771679
0.576878190041,-0.158249437809,1.40140235424,0.0663362666965,0.121969074011,0.702556729317,-0.697952151299
0.577021658421,-0.155938357115,1.40130317211,0.0658223032951,0.123042650521,0.705985724926,-0.694342970848
0.57761567831,-0.153499767184,1.40140843391,0.0655708909035,0.122797355056,0.706613957882,-0.693770945072
0.577753126621,-0.151197686791,1.40125226974,0.065972507,0.123318053782,0.710086107254,-0.690085589886
0.578250706196,-0.149237379432,1.40139853954,0.0663691088557,0.126020252705,0.713192284107,-0.686346054077
0.578613460064,-0.146631225944,1.40141832829,0.0660118386149,0.12552472949,0.714941322803,-0.684649288654
0.578984320164,-0.144077420235,1.40135490894,0.0642901808023,0.124420598149,0.715264856815,-0.684677004814
0.579518139362,-0.141696184874,1.40155303478,0.063947558403,0.12391680479,0.716112434864,-0.683913886547
0.579699218273,-0.13952191174,1.40152919292,0.0643162950873,0.126228496432,0.719937801361,-0.679425835609
0.580116152763,-0.136643484235,1.4016623497,0.0628209784627,0.124531835318,0.719975531101,-0.679838716984
0.580606937408,-0.134635537863,1.40189647675,0.0626299008727,0.124152541161,0.720192849636,-0.679695427418
0.581117987633,-0.132085546851,1.40204179287,0.0621138140559,0.124037057161,0.72113776207,-0.678761363029
0.581307351589,-0.129404276609,1.40198647976,0.0613059476018,0.122899226844,0.723263025284,-0.676777601242
0.581837654114,-0.126873135567,1.40211629868,0.0598467774689,0.12291008234,0.724568486214,-0.675508737564
0.582348108292,-0.124514847994,1.40229022503,0.0599070824683,0.122479535639,0.725599825382,-0.674473822117
0.582713186741,-0.122126914561,1.40201711655,0.0587477646768,0.122517712414,0.727139830589,-0.672908365726
0.583441376686,-0.1197617203,1.4024399519,0.0583555772901,0.12235122174,0.727230131626,-0.672875404358
0.583972990513,-0.117651537061,1.40260636806,0.0580326244235,0.12316801399,0.728555142879,-0.671319067478
0.584399104118,-0.115101918578,1.40264081955,0.0574851110578,0.122195877135,0.729242265224,-0.670797526836
0.58488035202,-0.112880066037,1.40273272991,0.0565017238259,0.122999578714,0.730043649673,-0.669861972332
0.585239827633,-0.110407277942,1.40267038345,0.056942820549,0.121163442731,0.730643332005,-0.669505238533
0.585854947567,-0.108319073915,1.40277540684,0.0566554628313,0.121450938284,0.73150074482,-0.668540656567
0.586148917675,-0.105849087238,1.40276169777,0.056333322078,0.120576933026,0.731948554516,-0.668235778809
0.586599707603,-0.103564985096,1.4027993679,0.0565564520657,0.120026513934,0.732688248158,-0.667505085468
0.587073624134,-0.101371653378,1.40281367302,0.0584754534066,0.123149998486,0.732581138611,-0.666887998581
0.587467610836,-0.0991591140628,1.40275585651,0.0579688884318,0.123789526522,0.734352827072,-0.664862215519
0.588041245937,-0.0971029549837,1.40282344818,0.0596812106669,0.12370403856,0.734977126122,-0.664036154747
0.588729977608,-0.0950580090284,1.40273451805,0.0595941469073,0.1243391186,0.735098421574,-0.663791120052
0.589073300362,-0.0929869934916,1.40274596214,0.0602314658463,0.124712273479,0.735529839993,-0.663185536861
0.589714109898,-0.0906712338328,1.40275025368,0.0570224151015,0.120617553592,0.734121441841,-0.665782034397
0.590309560299,-0.0886564403772,1.40269184113,0.0566882118583,0.121547117829,0.734284102917,-0.66546189785
0.590956151485,-0.0867048054934,1.40270638466,0.059532828629,0.12486192584,0.735088348389,-0.663709580898
0.591219007969,-0.0850882977247,1.4025478363,0.062689460814,0.128835499287,0.737693190575,-0.65975767374
0.591977596283,-0.0827733650804,1.40237224102,0.0599952973425,0.125814333558,0.735340774059,-0.663208425045
0.592484593391,-0.0810974538326,1.40243279934,0.0632541552186,0.130352452397,0.737905204296,-0.659168481827
0.593189418316,-0.0789734497666,1.40245306492,0.0593466386199,0.128524214029,0.7350730896,-0.663043856621
0.593823850155,-0.0771130397916,1.40230596066,0.0611653104424,0.127802357078,0.734550893307,-0.663596391678
0.594327926636,-0.075372621417,1.40223181248,0.0628322809935,0.133377835155,0.737614095211,-0.658929347992
0.595014929771,-0.0733132064342,1.40223491192,0.0611808411777,0.129846334457,0.734936833382,-0.66277050972
0.595725536346,-0.0715499892831,1.40230846405,0.059650208801,0.132760450244,0.734705448151,-0.662589251995
0.596259772778,-0.0697598457336,1.40212059021,0.0623640418053,0.133625492454,0.73544639349,-0.661342263222
0.59651350975,-0.0681283175945,1.40183091164,0.0630140826106,0.137088134885,0.73718380928,-0.658631920815
0.597374796867,-0.0661676228046,1.40190148354,0.0622314065695,0.135794922709,0.735333561897,-0.661038339138
0.598053276539,-0.0648840218782,1.40192174911,0.0638352483511,0.138431206346,0.736329078674,-0.659227848053
0.598803222179,-0.0624208711088,1.40182697773,0.0654104575515,0.13318555057,0.734257996082,-0.662456333637
0.599118947983,-0.0611158870161,1.4018201828,0.0681598708034,0.140115574002,0.73669975996,-0.658023834229
0.599821805954,-0.0590749196708,1.40179038048,0.0642265453935,0.13801792264,0.733469545841,-0.662456393242
0.6003652215,-0.0576589144766,1.40161728859,0.067926235497,0.139790132642,0.736267268658,-0.658601045609
0.601102769375,-0.0557594448328,1.4015840292,0.0650041252375,0.13734677434,0.733240246773,-0.662773668766
0.601477384567,-0.0541552342474,1.4014929533,0.0656483098865,0.140927955508,0.731768012047,-0.6635851264
0.602146089077,-0.0526090115309,1.40153622627,0.064648643136,0.142975568771,0.731963932514,-0.663028895855
0.602583348751,-0.0509693659842,1.40132784843,0.0648921057582,0.145298659801,0.730878651142,-0.663697063923
0.603346347809,-0.0493300743401,1.40156698227,0.0642115548253,0.145352572203,0.731357395649,-0.663223922253
0.603692114353,-0.0478333309293,1.40123450756,0.0626531988382,0.144609883428,0.730351388454,-0.66464227438
0.604427397251,-0.0467297807336,1.40160107613,0.0671419650316,0.151318103075,0.732564508915,-0.660260558128
0.605099081993,-0.0449417904019,1.40117144585,0.0612746216357,0.14965480566,0.729130625725,-0.664994359016
0.605676054955,-0.0435306765139,1.40150046349,0.0624637342989,0.150620386004,0.729049444199,-0.66475456953
0.606408536434,-0.0422602072358,1.40157699585,0.0621878094971,0.151054948568,0.728121101856,-0.665698766708
0.606941223145,-0.041038941592,1.40116691589,0.0626377314329,0.151917293668,0.728268563747,-0.665298819542
0.607478320599,-0.039699472487,1.40146100521,0.0619333647192,0.154290363193,0.728075563908,-0.665029883385
0.60809636116,-0.0383588448167,1.40136742592,0.0620604194701,0.153619423509,0.728087306023,-0.665160536766
0.608640789986,-0.0371287986636,1.40132498741,0.0645327195525,0.160752013326,0.727416813374,-0.663972258568
0.609254777431,-0.0359936244786,1.40093946457,0.0633879974484,0.16267426312,0.726998388767,-0.66407263279
0.609684586525,-0.0350401327014,1.40062046051,0.0642461404204,0.165347695351,0.727333784103,-0.662961781025
0.609984517097,-0.0339661464095,1.40101456642,0.0660286098719,0.168425783515,0.728802084923,-0.660394310951
0.61082059145,-0.032847430557,1.40095365047,0.0640643760562,0.170095264912,0.72602045536,-0.663217544556
0.611380636692,-0.0320076867938,1.40050256252,0.064862690866,0.172480016947,0.726719021797,-0.661757349968
0.61187005043,-0.0311715789139,1.40031254292,0.0652337446809,0.175280675292,0.726677119732,-0.661030769348
0.612389802933,-0.0301832426339,1.40029501915,0.0657952874899,0.180807471275,0.72720760107,-0.658899605274
0.612709820271,-0.0293836928904,1.40022802353,0.0651955604553,0.181646183133,0.726848602295,-0.659124612808
0.613312840462,-0.0280338805169,1.4002571106,0.0638807192445,0.183595657349,0.724417626858,-0.661385774612
0.613598763943,-0.0274902395904,1.40006542206,0.0647852271795,0.185603499413,0.726103961468,-0.658883333206
0.613947570324,-0.0268192440271,1.39958500862,0.0648144036531,0.186919629574,0.725328445435,-0.659362375736
0.614409923553,-0.0257058739662,1.39974617958,0.064251832664,0.190076828003,0.724054574966,-0.659914731979
0.614881277084,-0.0248870998621,1.39982450008,0.0632729232311,0.189938127995,0.724608063698,-0.659441649914
0.614903748035,-0.0238508880138,1.3993011713,0.063223220408,0.192845389247,0.72291302681,-0.660462141037
0.615212082863,-0.0232652947307,1.39955854416,0.0628157034516,0.195969477296,0.723744273186,-0.658668637276
0.615508615971,-0.0221868995577,1.39883935452,0.0620450116694,0.195231720805,0.722040534019,-0.660827159882
0.615531921387,-0.0219923816621,1.39931094646,0.0622971020639,0.199360817671,0.721729576588,-0.659909665585
0.615882396698,-0.0207604803145,1.39924657345,0.0607226155698,0.198895514011,0.720071911812,-0.66200453043
0.615958869457,-0.0199705306441,1.39911937714,0.0604293011129,0.19929432869,0.719084024429,-0.662984251976
0.616092205048,-0.0191867761314,1.39907765388,0.0599202662706,0.198577091098,0.717926383018,-0.664498507977
0.616100251675,-0.0181795954704,1.39904391766,0.059165507555,0.199535384774,0.717147707939,-0.665119707584
0.616233468056,-0.0169221553952,1.39876413345,0.0572663135827,0.198754549026,0.716608345509,-0.6661003232
0.616067290306,-0.016357248649,1.39872837067,0.057396646589,0.199470698833,0.716791152954,-0.665678262711
0.616092503071,-0.0156193096191,1.39874529839,0.056918669492,0.199360504746,0.71568363905,-0.666942775249
0.61617064476,-0.0148641467094,1.39873838425,0.0565801672637,0.198111459613,0.713884532452,-0.669267833233
0.616165578365,-0.0142504973337,1.39878201485,0.0564069673419,0.197834700346,0.712956607342,-0.670352637768
0.616196274757,-0.0137900598347,1.39884793758,0.056171875447,0.197870716453,0.712051033974,-0.671323418617
0.616154134274,-0.0132414009422,1.39888167381,0.0560528561473,0.197319492698,0.711319029331,-0.672271072865
0.616222858429,-0.0125795593485,1.39896249771,0.0543306320906,0.195339649916,0.710598230362,-0.673751294613
0.615844488144,-0.0120918499306,1.39889979362,0.0547031089664,0.197296157479,0.71036785841,-0.673393964767
0.615770936012,-0.0116713000461,1.3989470005,0.0547728836536,0.196687683463,0.709738433361,-0.674229443073
0.615850746632,-0.0112372161821,1.39900672436,0.0548885948956,0.194794282317,0.708691060543,-0.675869464874
0.615846693516,-0.0108789009973,1.39902627468,0.0546122603118,0.193528711796,0.708859920502,-0.67607831955
0.615746259689,-0.0106586311013,1.39899349213,0.0549045316875,0.193158268929,0.708320319653,-0.676725745201
0.615705192089,-0.0106608485803,1.39897382259,0.055384170264,0.1933131814,0.707853138447,-0.677131175995
0.615755140781,-0.0104458220303,1.39897322655,0.0559142157435,0.188502341509,0.706504702568,-0.679846644402
0.615640878677,-0.0100677534938,1.39895009995,0.0544273667037,0.190929055214,0.705342710018,-0.680496454239
0.615465462208,-0.0100997509435,1.39892923832,0.0557442754507,0.188533574343,0.704476416111,-0.68195360899
0.615360200405,-0.00997922942042,1.39889025688,0.0546107962728,0.191436991096,0.703502297401,-0.682241916656
0.615258455276,-0.0101071400568,1.39888644218,0.0557940341532,0.188837438822,0.703860998154,-0.682500660419
0.615168571472,-0.0101866619661,1.39889907837,0.0558402352035,0.188834607601,0.703506529331,-0.682863116264
0.615038216114,-0.0102731985971,1.39889323711,0.0558510906994,0.188828215003,0.703242123127,-0.683136284351
0.615027785301,-0.0103927413002,1.398873806,0.0556496009231,0.188195303082,0.703642189503,-0.682915389538
0.615006864071,-0.0109427925199,1.39917969704,0.0561236962676,0.188798546791,0.702712595463,-0.68366676569
0.614664614201,-0.0111807174981,1.3991560936,0.0555386990309,0.193610951304,0.701534628868,-0.683578372002
0.614527881145,-0.0114759681746,1.39913189411,0.0554755032063,0.193630993366,0.701181709766,-0.683939814568
0.614351212978,-0.0116604007781,1.39912331104,0.0560430884361,0.192902684212,0.70133471489,-0.683942437172
0.61435341835,-0.0119252726436,1.39916205406,0.0559164956212,0.190635532141,0.701833486557,-0.684077084064
0.614123940468,-0.0122861554846,1.39919042587,0.0547853931785,0.191804096103,0.701482653618,-0.684201598167
0.61385768652,-0.0126867908984,1.39921975136,0.0547328703105,0.19231672585,0.699943602085,-0.685636639595
0.613585472107,-0.013187976554,1.39929282665,0.054973822087,0.192793995142,0.700647652149,-0.684763729572
0.613431096077,-0.0139253297821,1.39901256561,0.0563560947776,0.192738041282,0.700640320778,-0.684674561024
0.613266408443,-0.0144311646,1.39909982681,0.0561902038753,0.191586539149,0.700552582741,-0.685101032257
0.613005518913,-0.0148938037455,1.39953136444,0.0563869103789,0.188022792339,0.700641989708,-0.685980021954
0.612760901451,-0.0156133528799,1.39955294132,0.0552291534841,0.190495863557,0.700268745422,-0.685773193836
0.612520754337,-0.0164433140308,1.39929378033,0.0557214654982,0.190834641457,0.700306475163,-0.685600578785
0.612467288971,-0.0168936364353,1.39950180054,0.0531554631889,0.185395732522,0.699613749981,-0.687999784946
0.612035751343,-0.0176863707602,1.3999761343,0.0538594163954,0.184948682785,0.699060440063,-0.688627243042
0.611877560616,-0.0183041244745,1.39992463589,0.0545187704265,0.179540216923,0.700352728367,-0.688693702221
0.611422240734,-0.0191502142698,1.39995920658,0.0555055364966,0.184283033013,0.699447453022,-0.688282132149
0.611175060272,-0.0202402509749,1.4001865387,0.0540684014559,0.182049661875,0.698443114758,-0.690008461475
0.610915601254,-0.0208876337856,1.40014696121,0.0547270514071,0.182792901993,0.699159145355,-0.689034342766
0.610772848129,-0.0218736398965,1.40022242069,0.0551030337811,0.180070489645,0.698540687561,-0.690347313881
0.610460698605,-0.0227600336075,1.40025734901,0.0559260100126,0.177356138825,0.698377072811,-0.691148757935
0.610129714012,-0.0239369068295,1.40030431747,0.0560158491135,0.179134115577,0.697585105896,-0.691482722759
0.609951853752,-0.0248045865446,1.40039765835,0.0542890354991,0.17112788558,0.69802159071,-0.693205475807
0.609609425068,-0.0260040387511,1.40037071705,0.0558993294835,0.171670734882,0.698235154152,-0.692728042603
0.609459757805,-0.0274459030479,1.4000903368,0.0548762753606,0.169706225395,0.697588920593,-0.693943798542
0.609239041805,-0.0285953693092,1.40043318272,0.0554558858275,0.169836074114,0.697552859783,-0.693902373314
0.609077513218,-0.0297344420105,1.40054214001,0.0551315657794,0.167720839381,0.69719016552,-0.694806516171
0.60882806778,-0.0309884939343,1.40018320084,0.0538734570146,0.164737761021,0.696558117867,-0.696251392365
0.608287930489,-0.0325704924762,1.40040957928,0.0573725737631,0.167781859636,0.699018120766,-0.692770957947
0.608510673046,-0.0339889675379,1.40033590794,0.0553630031645,0.16558970511,0.696799516678,-0.695690572262
0.608230054379,-0.035487383604,1.40076863766,0.0562544167042,0.168002828956,0.697780191898,-0.69405567646
0.608121335506,-0.0366080477834,1.40076112747,0.0531925447285,0.162681102753,0.694806456566,-0.698533773422
0.607937633991,-0.0383856445551,1.40076589584,0.0537918321788,0.16317935288,0.693870842457,-0.699301242828
0.607870519161,-0.039566334337,1.40088033676,0.0515090376139,0.158451318741,0.694082736969,-0.700349330902
0.607536613941,-0.0414238199592,1.40094399452,0.0523104146123,0.162051677704,0.696074008942,-0.697483897209
0.6075553298,-0.0428827926517,1.40093493462,0.05109282583,0.155802831054,0.693277597427,-0.701770067215
0.607400774956,-0.0445095673203,1.40066480637,0.0484359227121,0.152727752924,0.692293584347,-0.703603506088
0.607258439064,-0.0460130721331,1.40092897415,0.046794001013,0.149660915136,0.691997826099,-0.70466375351
0.60722386837,-0.0478487946093,1.40062856674,0.0471375919878,0.147127822042,0.691600322723,-0.70556396246
0.607113003731,-0.0499447472394,1.40080106258,0.0485311895609,0.149517029524,0.690351903439,-0.706189393997
0.607090175152,-0.051678840071,1.40075445175,0.0481106713414,0.144871458411,0.691235125065,-0.706322669983
0.606868088245,-0.0533421523869,1.40116095543,0.0463061183691,0.142112627625,0.688232719898,-0.709926247597
0.60684543848,-0.0553736425936,1.4009282589,0.0470395721495,0.140707850456,0.68739849329,-0.710965514183
0.606805324554,-0.0573078766465,1.40097045898,0.0446067526937,0.139031305909,0.686877548695,-0.711954891682
0.606639385223,-0.0591121986508,1.40131247044,0.0449225790799,0.135625600815,0.686926007271,-0.71254503727
0.606581568718,-0.061101231724,1.40139591694,0.0430812425911,0.134509414434,0.686250388622,-0.713520586491
0.606628358364,-0.0634796544909,1.40103459358,0.0443714000285,0.132143318653,0.686063051224,-0.714063704014
0.606561362743,-0.065389379859,1.40148890018,0.0427167527378,0.131216108799,0.685209155083,-0.715154528618
0.606494426727,-0.0676910281181,1.40147972107,0.0423452891409,0.129459545016,0.68486905098,-0.715822279453
0.606357634068,-0.0697421059012,1.40146112442,0.04128934443,0.12707811594,0.684231638908,-0.716919362545
0.606439054012,-0.0716850236058,1.40145015717,0.0407404117286,0.125473067164,0.684450805187,-0.717024207115
0.60625243187,-0.0740226656199,1.4013364315,0.0403922684491,0.122815474868,0.683746278286,-0.71817523241
0.606531620026,-0.0764217078686,1.40106642246,0.0393653325737,0.121991850436,0.682658851147,-0.719406247139
0.60665166378,-0.0786520242691,1.40110421181,0.0383610166609,0.12059250474,0.681710124016,-0.720595121384
0.606637895107,-0.08082575351,1.40105032921,0.0377538353205,0.118154324591,0.680919528008,-0.721777617931
0.60674393177,-0.0831123664975,1.40106856823,0.0368503294885,0.116648957133,0.679809868336,-0.723113894463
0.606654405594,-0.0853199064732,1.40074396133,0.0364146307111,0.114263020456,0.679136455059,-0.724148929119
0.606925010681,-0.0876406729221,1.40092325211,0.0349504500628,0.113217800856,0.678073883057,-0.725379943848
0.606999278069,-0.0899973958731,1.40073108673,0.0339243672788,0.111272595823,0.677143633366,-0.72659766674
0.607108652592,-0.092401497066,1.40057134628,0.0336894281209,0.109829597175,0.676328718662,-0.727586507797
0.607072889805,-0.0947161540389,1.4004765749,0.0327223055065,0.10824996233,0.675064623356,-0.729039728642
0.607225298882,-0.0974237620831,1.40039253235,0.0326718315482,0.107215851545,0.674273312092,-0.729926466942
0.607352674007,-0.0996405035257,1.40033042431,0.031334489584,0.10552175343,0.673052072525,-0.731357812881
0.607424438,-0.102288328111,1.40028691292,0.0314407609403,0.104868143797,0.673598706722,-0.730943799019
0.607630670071,-0.104625627398,1.4001840353,0.0300940088928,0.10271371901,0.671054244041,-0.733641982079
0.60810559988,-0.106946468353,1.40006899834,0.0287671405822,0.10228369385,0.6715310812,-0.733318805695
0.608302414417,-0.109415911138,1.39987778664,0.027824414894,0.10066819191,0.668813049793,-0.736057639122
0.608506798744,-0.111994951963,1.39980483055,0.0275036282837,0.0995936319232,0.668592274189,-0.73641628027
0.608717024326,-0.114531800151,1.39966726303,0.0270208846778,0.098165102303,0.66669523716,-0.738343536854
0.60897487402,-0.1170322299,1.399548769,0.0260133892298,0.0970070436597,0.665606379509,-0.739514112473
0.609159290791,-0.11980932951,1.39946699142,0.0272638555616,0.0977187380195,0.667303025723,-0.737844526768
0.609300673008,-0.122145213187,1.39895939827,0.0255340803415,0.0945834815502,0.663000583649,-0.742180645466
0.609507203102,-0.124223187566,1.39887571335,0.0242337808013,0.0927511528134,0.661022424698,-0.744217336178
0.609910488129,-0.127281025052,1.39875400066,0.0245402120054,0.0928071886301,0.660732448101,-0.74445772171
0.609962761402,-0.129989922047,1.3984811306,0.0253391116858,0.0914639905095,0.659938514233,-0.745300889015
0.610326468945,-0.132492378354,1.39838850498,0.024910049513,0.0909698605537,0.660383045673,-0.74498206377
0.610538840294,-0.135119304061,1.39823722839,0.0242291819304,0.0897580981255,0.658795416355,-0.746555447578
0.610848724842,-0.137543141842,1.39820826054,0.0231979824603,0.0883589237928,0.656925320625,-0.748400807381
0.611217558384,-0.14026594162,1.39801967144,0.0228559821844,0.0879288762808,0.655823945999,-0.749427199364
0.611321568489,-0.142887428403,1.397808671,0.0243105851114,0.0879952162504,0.657901585102,-0.747550308704
0.611682355404,-0.145166128874,1.39764034748,0.0233903881162,0.0831507146358,0.6550116539,-0.750665485859
0.611879706383,-0.147762134671,1.39730620384,0.0236674603075,0.0820752009749,0.654329180717,-0.75137001276
0.612126469612,-0.150359407067,1.39714491367,0.0236711800098,0.0818448066711,0.65415596962,-0.751545846462
0.612309277058,-0.152723297477,1.39698219299,0.0232607498765,0.0798634961247,0.653642296791,-0.752218365669
0.612757861614,-0.154990702868,1.39694309235,0.0200973618776,0.0813286006451,0.651165425777,-0.754297912121
0.612876057625,-0.157574281096,1.39675450325,0.020381718874,0.079667173326,0.650719404221,-0.754852235317
0.613027453423,-0.160061493516,1.39642763138,0.0207741316408,0.079063475132,0.65172213316,-0.75403958559
0.613239526749,-0.162503391504,1.39624416828,0.0200498234481,0.0772875323892,0.649544000626,-0.756119787693
0.613435745239,-0.164835497737,1.39618873596,0.0198340676725,0.0759793296456,0.649272382259,-0.756491363049
0.613511383533,-0.167322441936,1.39586174488,0.0202880650759,0.0748269855976,0.649813473225,-0.75612950325
0.61365789175,-0.169620022178,1.39605855942,0.0202641673386,0.0731648877263,0.649553000927,-0.756516456604
0.613889753819,-0.171737670898,1.39602005482,0.0194517709315,0.0721430703998,0.65054577589,-0.755782485008
0.614026904106,-0.174148574471,1.39581251144,0.0195545237511,0.0703450217843,0.648936152458,-0.757331669331
0.614107072353,-0.176317468286,1.39551532269,0.0189092550427,0.0686393976212,0.647751748562,-0.758517444134
0.614193916321,-0.178487956524,1.39543700218,0.0185339637101,0.0674124509096,0.648149251938,-0.758297204971
0.614354372025,-0.180788204074,1.39525032043,0.0187544338405,0.0658124834299,0.6472402215,-0.759208321571
0.614510655403,-0.182919666171,1.39507126808,0.0183917470276,0.0645066052675,0.647022604942,-0.759514629841
0.614437639713,-0.185139745474,1.39491343498,0.019298421219,0.0627082288265,0.647802233696,-0.758977949619
0.614626049995,-0.186983048916,1.39473795891,0.0183315463364,0.0614675059915,0.647163629532,-0.759647965431
0.61462521553,-0.189195603132,1.39454829693,0.0188429243863,0.0596609450877,0.646414101124,-0.760417222977
0.614753901958,-0.191153869033,1.39443576336,0.0194956026971,0.0579779557884,0.646804630756,-0.760198831558
0.614753782749,-0.193179026246,1.3942592144,0.0197929944843,0.0564266331494,0.64658677578,-0.760493099689
0.614868700504,-0.195175617933,1.39402842522,0.0201155766845,0.0551142692566,0.646851360798,-0.760355949402
0.61503970623,-0.196823760867,1.39399158955,0.01951780729,0.0531158000231,0.645594239235,-0.76158118248
0.614832758904,-0.198712766171,1.39376378059,0.0205264352262,0.0515428259969,0.645117580891,-0.762066423893
0.615102410316,-0.200502634048,1.39317524433,0.0203649550676,0.0502731837332,0.64493304491,-0.762311935425
0.614939570427,-0.202380359173,1.3934738636,0.0211216025054,0.0487524867058,0.644558668137,-0.762706577778
0.615047693253,-0.204109877348,1.39352202415,0.0216225814074,0.0480489581823,0.644647300243,-0.762662172318
0.614986658096,-0.205200657248,1.39327514172,0.0211917925626,0.0446156449616,0.64178955555,-0.76528853178
0.614970684052,-0.207302466035,1.39329135418,0.0224642697722,0.0449409335852,0.643786072731,-0.763554334641
0.614481210709,-0.208984732628,1.39290261269,0.0242187287658,0.043175149709,0.643004953861,-0.764260590076
0.615086257458,-0.21022105217,1.39300394058,0.0227657593787,0.0427507720888,0.642549455166,-0.764711856842
0.614558696747,-0.211769551039,1.39279580116,0.0245242659003,0.0398984365165,0.641477048397,-0.76571136713
0.614941477776,-0.212315157056,1.39267480373,0.0223951097578,0.039275676012,0.641440153122,-0.765839576721
0.614954471588,-0.214115530252,1.39257419109,0.0243255123496,0.0384938120842,0.642654776573,-0.764801561832
0.614916920662,-0.215190917253,1.39250612259,0.0245966631919,0.0383107811213,0.643473207951,-0.764113485813
0.614999771118,-0.216416314244,1.39280641079,0.024453215301,0.0378691479564,0.643007338047,-0.764532387257
0.615021109581,-0.217296048999,1.39269554615,0.0252406932414,0.0357925221324,0.643502175808,-0.7641903162
0.614978790283,-0.218380451202,1.39280557632,0.0255175568163,0.0351387634873,0.64340955019,-0.76428937912
0.614695429802,-0.21909481287,1.39255666733,0.0263184066862,0.0333395190537,0.643996953964,-0.763847947121
0.614756822586,-0.219793364406,1.39209914207,0.0268769785762,0.0328637585044,0.645295977592,-0.762751996517
0.614756703377,-0.220568239689,1.39292526245,0.0273391529918,0.0319066606462,0.646036326885,-0.762149453163
0.614631414413,-0.221118688583,1.39287793636,0.0277179758996,0.0317376591265,0.646725296974,-0.761558175087
0.614507675171,-0.221382915974,1.39252018929,0.0280650667846,0.0303096398711,0.6469591856,-0.761404931545
0.614439487457,-0.221761733294,1.39304232597,0.0286530014127,0.0281064268202,0.646961033344,-0.761465907097
0.614429831505,-0.222081393003,1.39311146736,0.0292740557343,0.0273313000798,0.647501051426,-0.761011481285
0.614296376705,-0.222184151411,1.39314126968,0.0297950804234,0.0260210894048,0.647663354874,-0.760899066925
0.614209473133,-0.222286865115,1.39318752289,0.0306223109365,0.0247826054692,0.647669732571,-0.760902106762
0.614093840122,-0.2224239856,1.3932543993,0.0316922217607,0.02397541143,0.647696077824,-0.760861754417
0.614050209522,-0.222330898046,1.39330232143,0.0322476811707,0.0231186039746,0.647662997246,-0.760893166065
0.614061892033,-0.22215642035,1.39333629608,0.032546248287,0.0223287511617,0.647562921047,-0.760989129543
0.613941729069,-0.221929639578,1.39333665371,0.0332933850586,0.0214856341481,0.647691726685,-0.76087141037
0.613795220852,-0.2217951864,1.39337050915,0.0348114594817,0.0208328645676,0.647858202457,-0.760679841042
0.613861739635,-0.221561864018,1.39337849617,0.0355356894433,0.0205370541662,0.64807343483,-0.760471105576
0.613784253597,-0.221325397491,1.39333879948,0.03693209216,0.0213716905564,0.648741424084,-0.75981169939
0.614028453827,-0.221061989665,1.39299190044,0.0378892198205,0.0209513939917,0.648079514503,-0.760340988636
0.613866269588,-0.220637485385,1.39321148396,0.0393441170454,0.020258191973,0.648474514484,-0.759948968887
0.613761007786,-0.219775319099,1.39323019981,0.040744241327,0.020151283592,0.649185597897,-0.75927066803
0.613627851009,-0.219131290913,1.39318525791,0.0413677021861,0.0187827683985,0.647945761681,-0.760330379009
0.613531351089,-0.218484550714,1.39316368103,0.043218664825,0.0195806473494,0.649348855019,-0.759009182453
0.613685548306,-0.218271911144,1.39311087132,0.0454702600837,0.0196919813752,0.650081038475,-0.758247554302
0.613624691963,-0.217565864325,1.39322006702,0.0464280955493,0.0198483839631,0.649782478809,-0.758441329002
0.613529145718,-0.216842323542,1.39320456982,0.0483114793897,0.0199919845909,0.650188684464,-0.757971644402
0.613448262215,-0.215813726187,1.39317548275,0.0503328479826,0.0197464153171,0.651066362858,-0.757092654705
0.613283514977,-0.214601933956,1.39334070683,0.0512376613915,0.0202875640243,0.65121036768,-0.75689381361
0.613334059715,-0.213523685932,1.39343225956,0.0532036721706,0.0205417703837,0.652167141438,-0.755926847458
0.613231003284,-0.212341949344,1.3935302496,0.0548912808299,0.0204492881894,0.652419984341,-0.755590498447
0.613154888153,-0.211073279381,1.39370369911,0.0566692762077,0.0202262494713,0.652698099613,-0.755225002766
0.613226354122,-0.209776341915,1.39379644394,0.0582943148911,0.0194435119629,0.652388215065,-0.75538957119
0.613320529461,-0.208318918943,1.39403688908,0.0596103519201,0.0206594672054,0.653058350086,-0.754675209522
0.613313138485,-0.207028508186,1.39417397976,0.062188372016,0.0198178701103,0.652768552303,-0.754740417004
0.613324284554,-0.205431729555,1.39388418198,0.0636139214039,0.0210463181138,0.653288662434,-0.754137992859
0.6133466959,-0.203672558069,1.39443492889,0.0647797361016,0.0206748135388,0.652832865715,-0.754443764687
0.613385081291,-0.202200889587,1.39419281483,0.0673771053553,0.0200011134148,0.652309536934,-0.754687130451
0.613506495953,-0.200478777289,1.39435350895,0.0686153918505,0.01804263331,0.651439905167,-0.755375802517
0.613573849201,-0.198744162917,1.39461219311,0.0710833668709,0.0182993113995,0.652167081833,-0.754513323307
0.613755464554,-0.197013631463,1.39471030235,0.0729818716645,0.0186450369656,0.651695489883,-0.754731178284
0.61393225193,-0.195098951459,1.39491057396,0.0742477625608,0.0187736805528,0.651778399944,-0.754532873631
0.614038348198,-0.193214565516,1.39523613453,0.0761582925916,0.0189173743129,0.65178668499,-0.75433164835
