x,y,z,q0,q1,q2,q3
0.786230027676,0.0294350665063,1.1371935606,0.0644275099039,0.0358969680965,0.693991661072,-0.716195523739
0.786254167557,0.0297475028783,1.13720333576,0.0638623014092,0.0362110733986,0.694076657295,-0.716147959232
0.786212682724,0.0297804512084,1.13725411892,0.065152913332,0.036441821605,0.693622410297,-0.716460168362
0.786424517632,0.0301708243787,1.13732481003,0.0638803914189,0.036556661129,0.693969249725,-0.716232895851
0.786899924278,0.030601259321,1.13753116131,0.0634011030197,0.0373475477099,0.693554401398,-0.716636359692
0.786997079849,0.0310444496572,1.1375336647,0.0633192658424,0.0370544120669,0.693300306797,-0.716904699802
0.78703379631,0.0312397461385,1.13758969307,0.0634509548545,0.037268396467,0.693290233612,-0.716891646385
0.787076413631,0.0314281247556,1.13764882088,0.0637178570032,0.0376286357641,0.693139255047,-0.716995239258
0.78700107336,0.0315122641623,1.1376837492,0.0638137832284,0.0379263684154,0.693149745464,-0.716961026192
0.787138640881,0.0317254774272,1.13773822784,0.0642917156219,0.0382541753352,0.693144738674,-0.716905534267
0.787251055241,0.0318947546184,1.13784313202,0.0642715767026,0.0386405177414,0.693108797073,-0.716921567917
0.787306010723,0.0320672988892,1.13790917397,0.0642732828856,0.0389681831002,0.693201482296,-0.716813981533
0.787373840809,0.0323013067245,1.13791048527,0.0640385001898,0.0393059402704,0.693404793739,-0.7166197896
0.787461221218,0.0322481021285,1.13817346096,0.0645037442446,0.0401560105383,0.693458557129,-0.716479003429
0.787658154964,0.0329125039279,1.13797342777,0.0636341422796,0.0397364906967,0.693258464336,-0.716773748398
0.787692189217,0.0330672711134,1.13805985451,0.0636854544282,0.0399725027382,0.693310558796,-0.716705560684
0.787795722485,0.0331961922348,1.13818919659,0.063843794167,0.0404067710042,0.69329470396,-0.716682553291
0.78784930706,0.0333164222538,1.13831651211,0.0641248598695,0.0409296639264,0.693157196045,-0.71676081419
0.788036942482,0.0335330478847,1.13846039772,0.0639785304666,0.041212875396,0.693283736706,-0.716635107994
0.787998199463,0.0337632596493,1.13837778568,0.0634984374046,0.0413505025208,0.693682849407,-0.716283559799
0.788059711456,0.0339412093163,1.13839900494,0.0632235556841,0.0417018011212,0.693983256817,-0.71599650383
0.788142681122,0.0337284132838,1.13868260384,0.0634662955999,0.0419906750321,0.69412779808,-0.715817987919
0.788159191608,0.033826187253,1.13878309727,0.0631297752261,0.042322460562,0.694278657436,-0.715681910515
0.788080573082,0.033892583102,1.13889920712,0.0647033676505,0.0429809242487,0.694342911243,-0.715439915657
0.788080573082,0.033892583102,1.13889920712,0.0647033676505,0.0429809242487,0.694342911243,-0.715439915657
0.788124144077,0.0340303294361,1.13897919655,0.0645568296313,0.0431717187166,0.694636940956,-0.715155959129
0.787020981312,0.0338077619672,1.13910913467,0.0664318501949,0.0421966090798,0.695152521133,-0.714541316032
0.787009894848,0.0338996127248,1.13919138908,0.0659349411726,0.0423785671592,0.695438563824,-0.714298248291
0.787265241146,0.0342755801976,1.13911569118,0.065370567143,0.0427111983299,0.695952475071,-0.713829636574
0.788380146027,0.0345005206764,1.13938784599,0.0639237090945,0.0442361310124,0.695775508881,-0.714040279388
0.788398623466,0.0345933027565,1.13946044445,0.0636139586568,0.0442104563117,0.696118891239,-0.713734686375
0.788586318493,0.035046864301,1.13971209526,0.0615457966924,0.0446047857404,0.697267830372,-0.712769389153
0.788586318493,0.035046864301,1.13971209526,0.0615457966924,0.0446047857404,0.697267830372,-0.712769389153
0.788610398769,0.0350710041821,1.13987421989,0.0611237064004,0.0445840470493,0.697687149048,-0.712396562099
0.788564026356,0.0351730696857,1.13997018337,0.0609048306942,0.0445740148425,0.698078989983,-0.712032079697
0.788478195667,0.0355053842068,1.13983595371,0.0600118339062,0.0437773913145,0.698593020439,-0.711653053761
0.788192033768,0.0351764038205,1.14010751247,0.0613979548216,0.0441612154245,0.698708951473,-0.71139729023
0.78816896677,0.0354961417615,1.14009785652,0.0609588995576,0.0435308367014,0.699051916599,-0.711136758327
0.788095653057,0.0356960743666,1.14024722576,0.0604803003371,0.0431636795402,0.69935375452,-0.710903286934
0.788160324097,0.0360143594444,1.14050340652,0.0587609410286,0.0430011339486,0.699844777584,-0.710573971272
0.788028478622,0.0362579599023,1.14060127735,0.0584391206503,0.0431082807481,0.700176119804,-0.710267484188
0.78809851408,0.0362756848335,1.1408046484,0.0582262389362,0.0424983762205,0.700197517872,-0.710300803185
0.788008570671,0.0363703630865,1.14100790024,0.0579494573176,0.0424699410796,0.700271546841,-0.71025210619
0.787878394127,0.036455783993,1.14114320278,0.0571951828897,0.0421892628074,0.700601100922,-0.710004866123
0.787758708,0.0366352461278,1.14123308659,0.0566750653088,0.0417143590748,0.700909733772,-0.709770023823
0.787649035454,0.036902230233,1.14124977589,0.0557897798717,0.0408563986421,0.701284587383,-0.709519803524
0.787487030029,0.0370056591928,1.14132475853,0.0551930144429,0.0404311493039,0.701526880264,-0.709351241589
0.787393927574,0.0371401794255,1.14137482643,0.0547469295561,0.0400191955268,0.701868891716,-0.70907086134
0.787208020687,0.0371986478567,1.14138233662,0.0542772449553,0.039608117193,0.702212095261,-0.708790123463
0.787006258965,0.0373618230224,1.14129757881,0.0547810941935,0.0389025770128,0.702137649059,-0.708864212036
0.786815047264,0.0370506793261,1.14160752296,0.0550911538303,0.0392412282526,0.702629327774,-0.708334207535
0.786817729473,0.0372453816235,1.1416939497,0.0535209104419,0.0389452427626,0.703220665455,-0.707883954048
0.786746382713,0.0373433791101,1.14173781872,0.0528697818518,0.0385367199779,0.703584194183,-0.707593858242
0.786677837372,0.037453930825,1.14175391197,0.0524010248482,0.0381064526737,0.703971028328,-0.707267284393
0.786615729332,0.0376879312098,1.14167034626,0.0517384335399,0.0374892279506,0.704140663147,-0.707180202007
0.786603450775,0.0378326103091,1.14169347286,0.0516239330173,0.0373986437917,0.704416275024,-0.706918776035
0.786535620689,0.0378324612975,1.14179074764,0.0513864904642,0.0370687879622,0.70462757349,-0.706742882729
0.786439418793,0.0378956235945,1.14179980755,0.0508776679635,0.0367720276117,0.705039083958,-0.706384599209
0.786394298077,0.0379112921655,1.14185166359,0.0504890605807,0.0366251543164,0.705347120762,-0.706112742424
0.785950660706,0.0376462377608,1.14216387272,0.051284071058,0.0359791517258,0.705779075623,-0.705656707287
0.785878777504,0.0377196967602,1.14223265648,0.0506507158279,0.0358244217932,0.706040501595,-0.705448746681
0.785902440548,0.0377930849791,1.14225244522,0.0502478741109,0.0354439243674,0.706588983536,-0.704947471619
0.785709559917,0.0377485305071,1.14217662811,0.0493855141103,0.0349978506565,0.707118272781,-0.704499840736
0.785570383072,0.0379656627774,1.14211142063,0.0488669089973,0.0350355952978,0.707715809345,-0.703933894634
0.785513520241,0.0380178168416,1.14210653305,0.0484081543982,0.03471326828,0.708102881908,-0.703592300415
0.785549998283,0.0379275865853,1.14226520061,0.0479761846364,0.0342405773699,0.708515048027,-0.703230023384
0.785499751568,0.03796941787,1.1422649622,0.0475018806756,0.0340232998133,0.708992123604,-0.702791631222
0.785477280617,0.0380278155208,1.14227676392,0.0468802824616,0.0338081158698,0.709574639797,-0.702255785465
0.785478115082,0.0381172411144,1.14230370522,0.0465328805149,0.0338640138507,0.710036158562,-0.701809465885
0.7854347229,0.0381424799562,1.14229822159,0.0461362861097,0.0336890220642,0.710502684116,-0.701371967793
0.78536939621,0.0381947308779,1.14226222038,0.0456883013248,0.0335350073874,0.710975885391,-0.700928866863
0.785188734531,0.0379756502807,1.14220643044,0.0465613231063,0.0331008732319,0.711214661598,-0.700649619102
0.785100460052,0.0379646830261,1.14216959476,0.0461023710668,0.0328873991966,0.711805939674,-0.70008957386
0.785108983517,0.0382856428623,1.14210009575,0.0441933721304,0.0329039022326,0.712958037853,-0.699038743973
0.784828424454,0.0381630137563,1.14206147194,0.0448451340199,0.0325072035193,0.713548004627,-0.698413550854
0.784828424454,0.0381630137563,1.14206147194,0.0448451340199,0.0325072035193,0.713548004627,-0.698413550854
0.784967422485,0.038136921823,1.1421328783,0.044848702848,0.0319260060787,0.713853061199,-0.698128223419
0.78481477499,0.0382368415594,1.14210307598,0.0443994998932,0.0320128016174,0.714932024479,-0.697048127651
0.784928679466,0.0383318290114,1.14221644402,0.0427562557161,0.0318973213434,0.716001987457,-0.696057200432
0.784857392311,0.038095805794,1.14230310917,0.0426704660058,0.0313610397279,0.716370522976,-0.695707559586
0.784706473351,0.0378930903971,1.14230120182,0.0423438996077,0.0313313752413,0.716965258121,-0.695116043091
0.784802556038,0.0380848869681,1.14231073856,0.0419046059251,0.031273316592,0.717622101307,-0.694467127323
0.784738481045,0.0380486547947,1.14233827591,0.041595697403,0.0310601480305,0.718224525452,-0.693872213364
0.784647405148,0.0379642955959,1.14237546921,0.0413470976055,0.0309176966548,0.718722403049,-0.693377792835
0.784617364407,0.0377179570496,1.1423330307,0.0410468988121,0.0315205827355,0.71867609024,-0.69341635704
0.784553825855,0.0377139784396,1.14234912395,0.0408827699721,0.0313438437879,0.719080746174,-0.69301456213
0.784503042698,0.037690192461,1.14237701893,0.0406966656446,0.0311581306159,0.719456017017,-0.692644119263
0.783533334732,0.0375257208943,1.14223909378,0.0418500900269,0.0299458447844,0.720225512981,-0.691828668118
0.783472299576,0.0377155281603,1.14236485958,0.0416436940432,0.0289350729436,0.721252918243,-0.690813183784
0.783419370651,0.0377578027546,1.14245295525,0.0414326228201,0.0284961480647,0.721766114235,-0.690307974815
0.783403038979,0.0376004353166,1.14245796204,0.04146714136,0.0287671927363,0.72206890583,-0.689977943897
0.783393681049,0.0375190600753,1.14250874519,0.0413941703737,0.0287033487111,0.722467899323,-0.689567029476
0.783475577831,0.0375540293753,1.1426012516,0.0413095727563,0.0285831335932,0.722753226757,-0.689278066158
0.783327579498,0.0374031849205,1.14256680012,0.041339982301,0.0285072680563,0.723156988621,-0.688855886459
0.783406853676,0.0374458171427,1.14265120029,0.0412543416023,0.0283928439021,0.723483562469,-0.6885227561
0.783315956593,0.0372979268432,1.1426063776,0.0410391353071,0.0282695703208,0.724016487598,-0.687980234623
0.783304095268,0.0372152887285,1.14262032509,0.0410227887332,0.028217593208,0.724344193935,-0.687638163567
0.783770263195,0.0375481545925,1.14238405228,0.0394580550492,0.0283700041473,0.724736809731,-0.687309801579
0.78384321928,0.0373507551849,1.14244699478,0.0395306237042,0.0285575408489,0.725022256374,-0.686996757984
0.783848106861,0.0372219197452,1.14243614674,0.0396183952689,0.0286002028733,0.725323736668,-0.686671555042
0.783633291721,0.03692631796,1.14231073856,0.0409805625677,0.0284720659256,0.725206255913,-0.686721026897
0.783630669117,0.0368256978691,1.14232242107,0.0410674400628,0.0283779725432,0.725416064262,-0.686498224735
0.783825695515,0.036855276674,1.14242303371,0.0398962758482,0.0283888522536,0.726035058498,-0.685912251472
0.783753752708,0.0366800501943,1.14237892628,0.0398721210659,0.0283015612513,0.726332485676,-0.685602128506
0.783734202385,0.0366376563907,1.1424227953,0.0399278178811,0.0278927031904,0.726607382298,-0.685324311256
0.783788502216,0.0365339368582,1.14242696762,0.0403299294412,0.0278194863349,0.726737558842,-0.685165822506
0.784267365932,0.0360918268561,1.1426794529,0.0404857508838,0.0289877336472,0.726696014404,-0.685152232647
0.783789217472,0.0361910574138,1.14246189594,0.0408395938575,0.0278052408248,0.72686111927,-0.685005068779
0.784185707569,0.0358293764293,1.1426898241,0.0406259596348,0.0288123488426,0.726808965206,-0.685031592846
0.784163236618,0.03569727391,1.14268517494,0.040882948786,0.0286723058671,0.726858854294,-0.684969246387
0.783646583557,0.0358184613287,1.14246451855,0.0412384010851,0.0274494886398,0.726987719536,-0.684861183167
0.78368729353,0.0356906056404,1.14242494106,0.0417417772114,0.0273404158652,0.727050423622,-0.684768497944
0.783767461777,0.0352307707071,1.14264678955,0.0428653880954,0.0278520435095,0.727393805981,-0.684313595295
0.783704638481,0.0350158773363,1.14260864258,0.0428940057755,0.0280447322875,0.727360963821,-0.684338867664
0.783669233322,0.0349182263017,1.14260601997,0.0432070307434,0.0278584118932,0.727384805679,-0.684301495552
0.783168613911,0.0348117724061,1.14266896248,0.0440602302551,0.0268565677106,0.727007508278,-0.684687972069
0.78315871954,0.0348116196692,1.14269173145,0.0445358604193,0.0268017277122,0.726898610592,-0.684774756432
0.7831813097,0.0347816720605,1.14268362522,0.0450393855572,0.0264967400581,0.726792871952,-0.684866130352
0.7830722332,0.0347552485764,1.14266073704,0.0450781099498,0.0261656157672,0.726632893085,-0.685045957565
0.783265352249,0.0348970293999,1.14274573326,0.044971588999,0.0256954580545,0.726712226868,-0.684986650944
0.783550918102,0.0348926521838,1.14267134666,0.0449910126626,0.0259930379689,0.726716935635,-0.684969007969
0.783473014832,0.0349536761642,1.14262104034,0.0452172420919,0.0255062710494,0.726479411125,-0.685224413872
0.783085942268,0.0349378399551,1.14269864559,0.0459731705487,0.0242048315704,0.725771784782,-0.685970723629
0.783504664898,0.0349204204977,1.14255046844,0.0458339005709,0.0247719287872,0.725707828999,-0.68602758646
0.783505141735,0.035007096827,1.1425318718,0.0460795536637,0.0243546329439,0.725356400013,-0.68639755249
0.783493161201,0.0352691225708,1.14253497124,0.0461789444089,0.0237099081278,0.725042104721,-0.686745643616
0.783027231693,0.0354359559715,1.14261579514,0.0468384511769,0.0221712719649,0.724303543568,-0.687531113625
0.783078074455,0.0354147776961,1.14254558086,0.0470901019871,0.0219466667622,0.723592221737,-0.688269734383
0.78287166357,0.0356562659144,1.14239823818,0.0478107631207,0.0214145630598,0.72278034687,-0.689089417458
0.783240914345,0.0356415547431,1.14215600491,0.0481405518949,0.0218575019389,0.722546517849,-0.689297735691
0.783226191998,0.0357470810413,1.14207911491,0.0483384095132,0.0212552249432,0.722141325474,-0.689727187157
0.783330798149,0.0357536189258,1.14206695557,0.0485847629607,0.0206532534212,0.72164773941,-0.690244674683
0.783384084702,0.0359085649252,1.14204823971,0.0487924516201,0.0200246684253,0.721091210842,-0.690829694271
0.782953262329,0.0361812599003,1.1420686245,0.049588650465,0.0186070930213,0.720105528831,-0.691840231419
0.782999098301,0.0362045764923,1.14202392101,0.0499471314251,0.0179611537606,0.71934735775,-0.692619800568
0.783026814461,0.0363900698721,1.14190018177,0.0501957796514,0.0173751600087,0.718575656414,-0.693417310715
0.783575356007,0.0365047268569,1.14171540737,0.0501470714808,0.0182215627283,0.718142867088,-0.693847298622
0.783739566803,0.0365741290152,1.14165222645,0.0504184551537,0.0180371850729,0.717426002026,-0.694573640823
0.783809244633,0.0367364026606,1.14141201973,0.050327103585,0.0178257673979,0.716910302639,-0.695118129253
0.784044206142,0.0366432704031,1.14147627354,0.0509765297174,0.017555790022,0.715751588345,-0.696270644665
0.783548593521,0.0368618033826,1.14146745205,0.0513763017952,0.0159812420607,0.714593052864,-0.697468161583
0.783648312092,0.0369474962354,1.14135146141,0.0518025569618,0.0157870557159,0.713708460331,-0.698346316814
0.783864498138,0.0371295325458,1.14125573635,0.0524585805833,0.015370179899,0.712648272514,-0.699388504028
0.783904075623,0.0371452085674,1.14116895199,0.0529378466308,0.0153977926821,0.711723923683,-0.700292527676
0.784339249134,0.0371987186372,1.14094424248,0.0526757091284,0.0161155778915,0.711083233356,-0.700946569443
0.78398501873,0.0376010499895,1.14082062244,0.0536776408553,0.0151496324688,0.709822118282,-0.702169299126
0.784545779228,0.0376299731433,1.1406223774,0.0532995723188,0.0161916390061,0.709155023098,-0.702848672867
0.785253942013,0.0381853319705,1.14066720009,0.0535305477679,0.0160367954522,0.706139028072,-0.705864667892
0.785253942013,0.0381853319705,1.14066720009,0.0535305477679,0.0160367954522,0.706139028072,-0.705864667892
0.785457730293,0.0381194986403,1.14064133167,0.054018098861,0.0157425459474,0.70506799221,-0.706904113293
0.785687565804,0.0383974350989,1.14061784744,0.0545525737107,0.01622922346,0.703683495522,-0.708230376244
0.785863876343,0.038761485368,1.14044046402,0.0548736192286,0.0163326337934,0.702447533607,-0.70942902565
0.785970211029,0.0388488322496,1.14027106762,0.0549584105611,0.0159974917769,0.701449632645,-0.710416853428
0.785953819752,0.0391210354865,1.14014172554,0.055518142879,0.0163872037083,0.700478136539,-0.711322367191
0.786060452461,0.0390263907611,1.14010441303,0.0559714995325,0.0163034703583,0.699298858643,-0.712448298931
0.78609919548,0.0391651764512,1.13999557495,0.0578173287213,0.0165590476245,0.697625160217,-0.713934242725
0.786274194717,0.0396074019372,1.13994264603,0.0569904670119,0.0167432948947,0.696962118149,-0.714643657207
0.786113321781,0.0396289825439,1.1397639513,0.0580508708954,0.0164384711534,0.695557117462,-0.715933024883
0.78642475605,0.0401300229132,1.1397601366,0.0574819259346,0.0165543146431,0.694703400135,-0.716804683208
0.786362707615,0.0403090640903,1.13972306252,0.0582481957972,0.0165942981839,0.693563938141,-0.717844545841
0.786415696144,0.0406238250434,1.13960969448,0.0584603361785,0.016544258222,0.69251281023,-0.718842566013
0.786446869373,0.0408541634679,1.13951981068,0.0588470883667,0.0166526995599,0.69148594141,-0.719796478748
0.786595404148,0.0412860438228,1.13946950436,0.0590443126857,0.0166581831872,0.690227329731,-0.720987260342
0.78648006916,0.0415075272322,1.13931572437,0.0593861863017,0.0165948625654,0.689124345779,-0.722014844418
0.78635841608,0.0415701009333,1.13914692402,0.0602348893881,0.0167433805764,0.687651097775,-0.723344683647
0.786364376545,0.0417072512209,1.13920366764,0.0608625896275,0.0171944480389,0.686668455601,-0.724214494228
0.786438047886,0.0420478507876,1.13912963867,0.0612230226398,0.0177101194859,0.685753524303,-0.72503811121
0.786450624466,0.0425616763532,1.138843894,0.0609672963619,0.01725483872,0.684743404388,-0.72602468729
0.786374866962,0.0427518077195,1.13874077797,0.0625808984041,0.0174908023328,0.683171510696,-0.727361261845
0.786433517933,0.0430624261498,1.13869976997,0.062951348722,0.0178006477654,0.682125508785,-0.728302896023
0.786383450031,0.0433281622827,1.13853883743,0.0631613954902,0.0178236700594,0.681210458279,-0.729140102863
0.786486268044,0.0437869504094,1.13853132725,0.0636080279946,0.0183498002589,0.680085122585,-0.730138063431
0.786874771118,0.0443437248468,1.13815891743,0.0624232217669,0.0186175201088,0.67897605896,-0.731264829636
0.786919653416,0.0448701605201,1.13806414604,0.0611431337893,0.0184699874371,0.678561806679,-0.731760978699
0.786803424358,0.0451816171408,1.1379750967,0.0616340897977,0.01868147403,0.677504956722,-0.732693314552
0.786816358566,0.0452625267208,1.13805758953,0.0624547377229,0.0190737135708,0.676308333874,-0.733718276024
0.786804497242,0.0456070154905,1.13798701763,0.0627941861749,0.0192958731204,0.675237119198,-0.734669744968
0.786867797375,0.0459521263838,1.13794004917,0.0625719353557,0.0195185225457,0.674407660961,-0.735444188118
0.786755204201,0.0462123602629,1.13778150082,0.0639693513513,0.0196692869067,0.673064887524,-0.736549258232
0.78667229414,0.0467582978308,1.13758146763,0.0638048946857,0.0195650458336,0.672635674477,-0.736958265305
0.786600530148,0.0468567684293,1.13763070107,0.0645684152842,0.0197709873319,0.671491086483,-0.737929344177
0.786513149738,0.0471798293293,1.13752746582,0.0647149607539,0.0198577977717,0.670769810677,-0.738569974899
0.7864792943,0.0475112460554,1.13741600513,0.0646887347102,0.019850904122,0.670111060143,-0.739170193672
0.786502540112,0.0478491932154,1.13742733002,0.0648025199771,0.0201667882502,0.669399440289,-0.739796102047
0.786590695381,0.0482763499022,1.13755953312,0.0640387609601,0.0202790442854,0.668867826462,-0.740340173244
0.78656822443,0.0486958138645,1.1375027895,0.0638821572065,0.0202311370522,0.668302416801,-0.740865468979
0.786626279354,0.0490037873387,1.13749337196,0.0639777034521,0.020601818338,0.667490720749,-0.741578519344
0.786598682404,0.0492377132177,1.13745808601,0.0640925616026,0.0207220483571,0.667004108429,-0.742002904415
0.786548793316,0.0495822988451,1.13739871979,0.0640131607652,0.0206521227956,0.666440010071,-0.742518365383
0.786366939545,0.0497248917818,1.13726985455,0.0654249340296,0.020988991484,0.665403902531,-0.743314743042
0.786279261112,0.0498810335994,1.13716995716,0.0653110444546,0.0208332855254,0.66506677866,-0.743630647659
0.786164164543,0.0503415688872,1.13703775406,0.0652693882585,0.0211586561054,0.664623379707,-0.744021475315
0.786205291748,0.0504716485739,1.13706970215,0.0652314797044,0.0209579057992,0.663992106915,-0.744593977928
0.786106407642,0.0508944541216,1.13696563244,0.0653746500611,0.0215145703405,0.663422524929,-0.745073080063
0.786082029343,0.0511018224061,1.13699054718,0.0655022859573,0.0217362586409,0.662865638733,-0.745550870895
0.786193609238,0.0515027604997,1.13703680038,0.0643016248941,0.0219773501158,0.662597358227,-0.745886743069
0.78662019968,0.0517051778734,1.13738429546,0.0646866187453,0.0227990448475,0.66160261631,-0.746711432934
0.786716639996,0.0518777370453,1.13748931885,0.0650095120072,0.0233331248164,0.660862386227,-0.74732208252
0.786508560181,0.052197534591,1.13706207275,0.0638853907585,0.0222325026989,0.660772264004,-0.747532188892
0.786314725876,0.0521792173386,1.13695383072,0.0649145692587,0.0223253574222,0.659982562065,-0.74813824892
0.786260962486,0.0523148961365,1.13695478439,0.0651060566306,0.0224831365049,0.659526467323,-0.748519003391
0.786181628704,0.0526405982673,1.13687205315,0.0650572553277,0.0229280814528,0.659195423126,-0.748801290989
0.786287546158,0.0526535473764,1.13704061508,0.0653694570065,0.0232345256954,0.658661186695,-0.749234557152
0.786268115044,0.052734579891,1.13705337048,0.0653445571661,0.0233549829572,0.658386826515,-0.749474167824
0.786239147186,0.0528315007687,1.13705956936,0.0652295351028,0.0234414506704,0.658146500587,-0.749692618847
0.786382138729,0.052839551121,1.13729608059,0.0656470134854,0.0239924583584,0.657551050186,-0.750160992146
0.786347091198,0.0530751943588,1.13724696636,0.0642418190837,0.0239129904658,0.657736301422,-0.750122785568
0.786342084408,0.0531416349113,1.13726770878,0.0640984475613,0.0239746440202,0.657483696938,-0.750354528427
0.786407411098,0.0532359704375,1.13730370998,0.0638125166297,0.0241004377604,0.657135009766,-0.750680208206
0.786446690559,0.0532771646976,1.13732266426,0.0636275783181,0.0242149438709,0.656906723976,-0.750891923904
0.786488771439,0.0533646158874,1.13736891747,0.0633616670966,0.0242663901299,0.656569898129,-0.75120729208
0.78650033474,0.0534069724381,1.13738763332,0.063157916069,0.0242762994021,0.656315922737,-0.751446127892
0.786557435989,0.0535255298018,1.13745129108,0.0631012693048,0.0242689065635,0.655901312828,-0.75181299448
0.786603868008,0.0535913854837,1.13748145103,0.0627304911613,0.0242260061204,0.655684888363,-0.752034008503
0.786628723145,0.0536294579506,1.1375002861,0.0624892786145,0.0241913665086,0.655397593975,-0.752305686474
0.786647737026,0.0536382719874,1.13752520084,0.0621588081121,0.0241754166782,0.65511828661,-0.752576828003
0.786765694618,0.0536344535649,1.13764214516,0.0618869997561,0.0242068823427,0.654806673527,-0.752869367599
0.786529242992,0.0533807203174,1.13755702972,0.0628112778068,0.024038894102,0.654282450676,-0.753253936768
0.786519050598,0.0533700473607,1.13757705688,0.0624997802079,0.0238606166095,0.654057264328,-0.753481030464
0.786533415318,0.0533455647528,1.13759958744,0.0622057951987,0.0237924251705,0.653906702995,-0.753638088703
0.786447703838,0.0533497333527,1.13750505447,0.0616764090955,0.0234616640955,0.653946578503,-0.753657400608
0.786555945873,0.053446341306,1.13757681847,0.059927508235,0.0230610985309,0.654349803925,-0.75346082449
0.78655320406,0.0534375160933,1.13756644726,0.0595666021109,0.0229112524539,0.654263198376,-0.753569364548
0.78648853302,0.0532293841243,1.13758552074,0.0593615956604,0.0228539314121,0.654214382172,-0.753629565239
0.786498069763,0.0531566515565,1.13761270046,0.0590285994112,0.0226353742182,0.654193937778,-0.753680050373
0.786628484726,0.0533315911889,1.13760459423,0.0585024133325,0.0225268751383,0.654285609722,-0.753644764423
0.78656411171,0.0529966987669,1.13771283627,0.0585235729814,0.0222319010645,0.654065966606,-0.753842532635
0.786555111408,0.0529352538288,1.1375118494,0.0565241836011,0.0208125337958,0.654953420162,-0.753264844418
0.786555111408,0.0529352538288,1.1375118494,0.0565241836011,0.0208125337958,0.654953420162,-0.753264844418
0.786578595638,0.0528114177287,1.13752758503,0.0561797767878,0.0204713512212,0.65502846241,-0.753234744072
0.786524057388,0.0523880645633,1.1376594305,0.056336581707,0.0201647486538,0.654809474945,-0.753421604633
0.786581635475,0.0522776283324,1.13778376579,0.0561592914164,0.0199266113341,0.654658913612,-0.753572106361
0.78665971756,0.0520840846002,1.13778758049,0.0556588768959,0.019561400637,0.654932439327,-0.753381073475
0.786647856236,0.0518938563764,1.13777649403,0.0553022027016,0.0190018657595,0.655093491077,-0.753281593323
0.786657869816,0.0516740344465,1.13777267933,0.0549164637923,0.0184952095151,0.655185222626,-0.75324267149
0.786645412445,0.0514910146594,1.13769316673,0.0542663633823,0.0176683962345,0.655408322811,-0.753115534782
0.786816895008,0.0515356175601,1.1376594305,0.0533527694643,0.0172645393759,0.65590929985,-0.752753853798
0.786873817444,0.0512994341552,1.1376606226,0.0529426261783,0.0166923943907,0.655935883522,-0.752772629261
0.786841213703,0.0507696866989,1.1377607584,0.0531505048275,0.016215192154,0.655659258366,-0.753009438515
0.786894142628,0.0505120158195,1.13779401779,0.0529387891293,0.015698172152,0.655681014061,-0.753016233444
0.787103593349,0.0503748729825,1.13786971569,0.0526287518442,0.0153897562996,0.655565798283,-0.753144741058
0.787234723568,0.0500593483448,1.13779211044,0.0519571043551,0.0146400760859,0.655607819557,-0.753169596195
0.785910785198,0.0491664037108,1.13761341572,0.0547639653087,0.0126507887617,0.656075179577,-0.752599716187
0.786116242409,0.0489983633161,1.13766765594,0.0545761436224,0.012369165197,0.65591865778,-0.752754449844
0.786201834679,0.048733189702,1.13768196106,0.0542155429721,0.0116706220433,0.655739843845,-0.752947330475
0.786253511906,0.0488638430834,1.13724684715,0.0526588223875,0.0106492284685,0.656436085701,-0.752466082573
0.786283135414,0.0481525175273,1.13741576672,0.0531094260514,0.0101916203275,0.655911982059,-0.752897799015
0.786720991135,0.0479605086148,1.13757812977,0.0515168122947,0.00960852392018,0.656089365482,-0.752861499786
0.786664903164,0.0473873540759,1.13749575615,0.0525486916304,0.0087126204744,0.655420303345,-0.753383755684
0.786952018738,0.0472431629896,1.13754582405,0.0511526502669,0.00809139944613,0.655540704727,-0.75338190794
0.787307500839,0.0471522882581,1.13737046719,0.0502392798662,0.00782985333353,0.655917108059,-0.753118395805
0.787419438362,0.0467437133193,1.13740682602,0.0502192340791,0.00691392505541,0.655375957489,-0.753599822521
0.787510931492,0.0461688712239,1.13745486736,0.0505710989237,0.00638036988676,0.654750525951,-0.754124403
0.787726998329,0.0458941012621,1.13744080067,0.0504732728004,0.00597260519862,0.654262423515,-0.754557728767
0.788159966469,0.0454071871936,1.13769054413,0.0507349818945,0.00594478193671,0.653763234615,-0.754972994328
0.788420855999,0.0450761653483,1.13762819767,0.0505178794265,0.00537857087329,0.653302013874,-0.755391061306
0.788475871086,0.0449514649808,1.13719856739,0.0491506829858,0.00382246379741,0.653695106506,-0.755150556564
0.788585782051,0.0441922992468,1.13725733757,0.0506382361054,0.00328112347052,0.652764201164,-0.755859792233
0.788844525814,0.0437475964427,1.13722467422,0.0505201220512,0.002665550448,0.652389109135,-0.756193757057
0.788749694824,0.0430523194373,1.13740229607,0.0515791960061,0.00206819921732,0.652132213116,-0.756345748901
0.789300441742,0.0430364646018,1.13756585121,0.0515681914985,0.0022971641738,0.651402413845,-0.756974458694
0.78967154026,0.0427590571344,1.1374464035,0.0511650852859,0.00186538696289,0.650909364223,-0.757427096367
0.789797544479,0.0419729463756,1.13761854172,0.0517892539501,0.00135366106406,0.64995610714,-0.758203804493
0.790053844452,0.0416148118675,1.13760948181,0.0516803897917,0.000782480929047,0.649373173714,-0.758711397648
0.790272712708,0.0415332727134,1.13727903366,0.050843399018,-0.000149436455104,0.649031341076,-0.75906085968
0.790449202061,0.0408913232386,1.13728618622,0.0498894304037,-0.00117414875422,0.648522078991,-0.75955837965
0.790761291981,0.0406094305217,1.13720679283,0.0494898855686,-0.00187162996735,0.647945821285,-0.760074675083
0.791292965412,0.0403800904751,1.13739812374,0.0498249158263,-0.0017954610521,0.646630465984,-0.761172354221
0.791392803192,0.0399137437344,1.13706827164,0.0494326129556,-0.00251555466093,0.646229624748,-0.761536180973
0.791895449162,0.0395119227469,1.13723111153,0.0497427023947,-0.0026693509426,0.645019352436,-0.762540876865
0.792120397091,0.0390253402293,1.13706243038,0.0507533028722,-0.00333853135817,0.643864810467,-0.763446927071
0.792825579643,0.0390795022249,1.13673830032,0.0492609739304,-0.0039814049378,0.642572522163,-0.764629304409
0.793144106865,0.038674544543,1.13670897484,0.04931236431,-0.00441478239372,0.641585111618,-0.765452384949
0.793285906315,0.0384084880352,1.13639712334,0.0487330406904,-0.00521142175421,0.640920937061,-0.766040563583
0.793903052807,0.0382346212864,1.13648974895,0.0486400723457,-0.00536619359627,0.639672994614,-0.767087936401
0.794418275356,0.0378396958113,1.13647460938,0.0486126802862,-0.00520976725966,0.638635218143,-0.767954945564
0.794576644897,0.0371497534215,1.13651490211,0.049143448472,-0.00600923318416,0.637103140354,-0.769186794758
0.794922292233,0.0366880707443,1.13649249077,0.0492319278419,-0.00619010813534,0.63596278429,-0.770122945309
0.795213639736,0.0363454557955,1.13645863533,0.0491746775806,-0.00673691742122,0.634600281715,-0.771245062351
0.795721054077,0.0359165407717,1.13651704788,0.0492970198393,-0.00673837820068,0.633269488811,-0.772330343723
0.796063601971,0.0356260873377,1.13647341728,0.0483537241817,-0.00706626335159,0.632000625134,-0.773425579071
0.796337425709,0.0352023988962,1.13649427891,0.0485729947686,-0.00741655938327,0.630616664886,-0.774537444115
0.796638309956,0.0348800085485,1.13634026051,0.0482612513006,-0.00786316487938,0.629277229309,-0.775641083717
0.796985149384,0.0345031134784,1.13630151749,0.0482047684491,-0.00814838241786,0.627796053886,-0.776841104031
0.797322392464,0.0341349318624,1.13629877567,0.0482573360205,-0.00840827077627,0.626181960106,-0.778136610985
0.797725558281,0.0338074155152,1.13625514507,0.0485247932374,-0.00868079904467,0.624557316303,-0.779421687126
0.798027455807,0.033482067287,1.13626456261,0.0481154210865,-0.00883601419628,0.622958064079,-0.780724167824
0.798473656178,0.033283341676,1.1363171339,0.0477772541344,-0.00924484338611,0.621431231499,-0.781955897808
0.79871660471,0.0328656025231,1.13617622852,0.0485297814012,-0.00961630418897,0.619384884834,-0.783527135849
0.799128770828,0.0325718633831,1.13618505001,0.0484831780195,-0.00969579163939,0.61763548851,-0.784908771515
0.799414694309,0.0322165191174,1.13621211052,0.0485244728625,-0.0098781036213,0.615903735161,-0.786263525486
0.799769937992,0.0320006012917,1.13621294498,0.0483214147389,-0.0101492721587,0.614023327827,-0.787741959095
0.799923658371,0.0320596247911,1.13588881493,0.0469341166317,-0.0100805796683,0.612390995026,-0.789096236229
0.800397992134,0.0317066498101,1.13601386547,0.0469404608011,-0.00989704113454,0.610371351242,-0.790661334991
0.801073253155,0.0315384157002,1.13615894318,0.0471891462803,-0.0102049652487,0.608829438686,-0.791830599308
0.800811231136,0.03105436638,1.13586652279,0.0469293408096,-0.0104720499367,0.606488645077,-0.793636798859
0.801093399525,0.0308359265327,1.13587546349,0.046813338995,-0.0104713244364,0.604610562325,-0.79507535696
0.801279187202,0.0303825885057,1.13583648205,0.0469767339528,-0.0103126130998,0.60243833065,-0.796714961529
0.801613807678,0.0300151016563,1.13594615459,0.047076843679,-0.0101468991488,0.600429296494,-0.798226475716
0.801692962646,0.0298748090863,1.13578784466,0.0467850379646,-0.0107159856707,0.598296403885,-0.799836039543
0.801812052727,0.0297678057104,1.13578152657,0.0466614998877,-0.0110659850761,0.596133828163,-0.80145162344
0.802008152008,0.0295619759709,1.13578188419,0.046329729259,-0.0112816663459,0.59401011467,-0.80304312706
0.802346765995,0.0292560607195,1.13597202301,0.0463846474886,-0.0109825814143,0.591831505299,-0.804651081562
0.802529215813,0.0290334783494,1.13602542877,0.0461646132171,-0.0110548743978,0.58971196413,-0.806217312813
0.802661538124,0.0287160053849,1.13599789143,0.0460293292999,-0.0110407723114,0.587566196918,-0.807790398598
0.802732944489,0.0286084357649,1.13595294952,0.0459534041584,-0.0113215865567,0.585009098053,-0.809644699097
0.802874803543,0.0283847227693,1.13586497307,0.0453613437712,-0.0116646923125,0.583101868629,-0.811047852039
0.803149998188,0.0282078254968,1.13602018356,0.0453832931817,-0.0113330017775,0.580681145191,-0.812786221504
0.803277373314,0.0278745442629,1.1360604763,0.0451792702079,-0.0112005984411,0.578436791897,-0.814398109913
0.803379297256,0.0278159193695,1.13602542877,0.0445392541587,-0.0117544047534,0.576163172722,-0.816035628319
0.803424954414,0.0275838822126,1.13609075546,0.0448064394295,-0.0114615494385,0.573671042919,-0.817778944969
0.804164350033,0.0282043796033,1.13636875153,0.0416763499379,-0.0129680857062,0.573240697384,-0.818223655224
0.803349137306,0.0273117721081,1.13581526279,0.0436128564179,-0.0123099181801,0.569620907307,-0.820657253265
0.804396271706,0.0279083438218,1.13634812832,0.0412561669946,-0.0123368222266,0.568180918694,-0.821776211262
0.804473638535,0.0277762375772,1.13646268845,0.0408036932349,-0.0127314273268,0.565802812576,-0.82343184948
0.804454445839,0.0276171676815,1.13640713692,0.0405898988247,-0.012556347996,0.563353419304,-0.825122833252
0.803696990013,0.0267188474536,1.13597404957,0.0425355173647,-0.0119143472984,0.559654414654,-0.827547967434
0.803762853146,0.0267448760569,1.13597643375,0.0419002361596,-0.0122391413897,0.55724054575,-0.829202950001
0.803770244122,0.0265705063939,1.13607096672,0.0419172234833,-0.0121580492705,0.554442822933,-0.831076622009
0.804573595524,0.0269964467734,1.13658976555,0.0396874733269,-0.0124749308452,0.553435027599,-0.831852734089
0.804532110691,0.0265936497599,1.13654732704,0.039382070303,-0.0128171350807,0.551208257675,-0.83333927393
0.804509699345,0.0266461335123,1.13659584522,0.0387096442282,-0.0131257753819,0.5484623909,-0.835175573826
0.804429650307,0.0267073269933,1.13645112514,0.0381971597672,-0.0126904016361,0.546128511429,-0.836733937263
0.804443538189,0.0265132933855,1.13661360741,0.0379658192396,-0.0124687738717,0.543611049652,-0.838385462761
0.803883552551,0.0254370123148,1.13636338711,0.0403851978481,-0.0114717362449,0.539387404919,-0.841010630131
0.803765892982,0.0254689790308,1.1363837719,0.0395713113248,-0.0119866812602,0.536961734295,-0.842592835426
0.80435603857,0.0259973332286,1.136734128,0.0372171700001,-0.0125047126785,0.535979270935,-0.843317747116
0.80437618494,0.0257475301623,1.13686001301,0.0373276844621,-0.0124529963359,0.533188760281,-0.845080733299
0.804316401482,0.0257436297834,1.13684046268,0.0370144881308,-0.0125539125875,0.530740499496,-0.846632599831
0.803759038448,0.0247614122927,1.13659453392,0.0392011776567,-0.0113710435107,0.526188135147,-0.849388003349
0.803972661495,0.0242490768433,1.1369228363,0.0401079021394,-0.0103485342115,0.523150205612,-0.851233303547
0.804159402847,0.0251559242606,1.13698410988,0.0368451997638,-0.0117885749787,0.522965490818,-0.851475536823
0.803952455521,0.0248677395284,1.13690543175,0.0371382199228,-0.0115832686424,0.520540237427,-0.852950453758
0.803924739361,0.0247395075858,1.13693070412,0.0365292988718,-0.0114847933874,0.518299639225,-0.854341387749
0.803896725178,0.0243976339698,1.13698709011,0.0364444889128,-0.011212236248,0.515776872635,-0.855874061584
0.803422808647,0.0236621275544,1.13665509224,0.0391612499952,-0.0102665955201,0.511112391949,-0.858559966087
0.803323507309,0.0234989710152,1.13665926456,0.0386778116226,-0.010036258027,0.50924384594,-0.859694182873
0.80328977108,0.0232893116772,1.13665926456,0.0387212187052,-0.00943756476045,0.506928563118,-0.861066222191
0.803930938244,0.0237096510828,1.13708257675,0.0360487550497,-0.0105959810317,0.506671011448,-0.861320376396
0.803238272667,0.0229702685028,1.13672816753,0.0382409542799,-0.00926680024713,0.502318382263,-0.863786995411
0.803586483002,0.0237423609942,1.13699603081,0.0355400182307,-0.0103595396504,0.502042412758,-0.864050388336
0.803162574768,0.0225849375129,1.13678872585,0.0377190113068,-0.00916954409331,0.498350918293,-0.866105973721
0.803480446339,0.0235745571554,1.13705229759,0.0348797403276,-0.00974702369422,0.498225837946,-0.86629062891
0.802837371826,0.0225477665663,1.13680613041,0.0376528538764,-0.00848711282015,0.494254648685,-0.868459939957
0.802605926991,0.0224802475423,1.13677561283,0.0375809408724,-0.00854716915637,0.492264717817,-0.869591891766
0.802426099777,0.0223740786314,1.13676571846,0.0373530611396,-0.00835396256298,0.490634649992,-0.870524346828
0.802277624607,0.0222920179367,1.13683485985,0.0376092419028,-0.00800210889429,0.488399356604,-0.871772646904
0.801952421665,0.0220996141434,1.13681054115,0.0367114469409,-0.00834140647203,0.484970599413,-0.873719751835
0.801952421665,0.0220996141434,1.13681054115,0.0367114469409,-0.00834140647203,0.484970599413,-0.873719751835
0.801863968372,0.0221655927598,1.13678562641,0.0368934608996,-0.00830249395221,0.482789754868,-0.874919474125
0.801574766636,0.0220959801227,1.13672637939,0.0362508818507,-0.00752467708662,0.482020407915,-0.875377357006
0.801929831505,0.0226382575929,1.13709616661,0.0337754450738,-0.00864361971617,0.482159733772,-0.87538933754
0.80197763443,0.0225575976074,1.13727664948,0.0337020680308,-0.00860379915684,0.480396598577,-0.876361310482
0.801378309727,0.0214759446681,1.13695824146,0.0358208008111,-0.00694141443819,0.477254331112,-0.878007411957
0.801522612572,0.0224752388895,1.13714993,0.033299099654,-0.00785414502025,0.477501690388,-0.877964496613
0.800842165947,0.0215242654085,1.13691186905,0.0349878109992,-0.00663136551157,0.47288402915,-0.880404770374
0.800842165947,0.0215242654085,1.13691186905,0.0349878109992,-0.00663136551157,0.47288402915,-0.880404770374
0.80072247982,0.0213719066232,1.13693118095,0.0348941832781,-0.00613502878696,0.471566081047,-0.881118714809
0.800607323647,0.0212420318276,1.13694167137,0.0347338393331,-0.00577269494534,0.470390796661,-0.88175547123
0.801188766956,0.021968383342,1.13736820221,0.0321809872985,-0.00633304892108,0.470973938704,-0.881537139416
0.800645828247,0.0210236161947,1.13707542419,0.0343537032604,-0.00482935179025,0.468049734831,-0.883020937443
0.80056977272,0.0210046954453,1.13719451427,0.0343711934984,-0.00436013750732,0.467152357101,-0.883497774601
0.800786316395,0.0217577647418,1.13739657402,0.0315159372985,-0.00552647607401,0.468247503042,-0.883017838001
0.800125896931,0.0205588135868,1.13698244095,0.0327628813684,-0.00437688548118,0.46561974287,-0.884367406368
0.800125896931,0.0205588135868,1.13698244095,0.0327628813684,-0.00437688548118,0.46561974287,-0.884367406368
0.800067067146,0.0204598940909,1.1370036602,0.0324706882238,-0.00397653598338,0.464955121279,-0.884729743004
0.799986898899,0.020419113338,1.1369651556,0.0317694507539,-0.00350266019814,0.464487165213,-0.885002911091
0.799820363522,0.0201019551605,1.13703250885,0.0321262739599,-0.00251076137647,0.462922334671,-0.885812938213
0.799820363522,0.0201019551605,1.13703250885,0.0321262739599,-0.00251076137647,0.462922334671,-0.885812938213
0.799784362316,0.0201008934528,1.13710796833,0.0317964740098,-0.00227649160661,0.462271988392,-0.88616502285
0.799739360809,0.0200114585459,1.13716006279,0.0316206403077,-0.00185701658484,0.461628198624,-0.886507809162
0.799698889256,0.0199032705277,1.13719391823,0.0314308330417,-0.00133697001729,0.460926175117,-0.88688069582
0.799644589424,0.019854798913,1.13716769218,0.0310670211911,-0.000609536480624,0.460449159145,-0.887142062187
0.799336433411,0.0191125608981,1.13739800453,0.0317428521812,0.000280728068901,0.458559334278,-0.888096570969
0.799336433411,0.0191125608981,1.13739800453,0.0317428521812,0.000280728068901,0.458559334278,-0.888096570969
0.799277067184,0.0190462619066,1.13745224476,0.0315071828663,0.000745805387851,0.457989305258,-0.888398885727
0.799143791199,0.0191390365362,1.13754892349,0.031709689647,0.00138482963666,0.457445502281,-0.888671040535
0.799160003662,0.0189343467355,1.13761305809,0.03152481094,0.00140232220292,0.456252843142,-0.889290452003
0.79895812273,0.0189390741289,1.13767790794,0.0313338860869,0.00151006691158,0.455640792847,-0.889610767365
0.798771739006,0.018935168162,1.13770520687,0.0312749072909,0.00170330249239,0.455067753792,-0.889905810356
0.799007296562,0.0196877475828,1.13806557655,0.028522638604,0.000779376423452,0.456732064486,-0.889146566391
0.798441469669,0.0189389418811,1.13780522346,0.0308726914227,0.00226411316544,0.4542786479,-0.890321671963
0.798391819,0.0188628379256,1.13787460327,0.0308047886938,0.00287858396769,0.45386749506,-0.89053195715
0.79824924469,0.0188466496766,1.13790726662,0.0306776203215,0.00312570808455,0.453383266926,-0.890782117844
0.798089623451,0.0188580863178,1.13794183731,0.0305745042861,0.00347937247716,0.45303273201,-0.890962660313
0.797950983047,0.0188676193357,1.13797497749,0.0304494015872,0.00371138448827,0.45257794857,-0.891197144985
0.7978297472,0.0188420340419,1.13804292679,0.0301990769804,0.00397046981379,0.452160149813,-0.891416549683
0.797607421875,0.0188301540911,1.13803803921,0.0302643943578,0.0041628764011,0.451476126909,-0.891760110855
0.797386884689,0.0191550869495,1.13793206215,0.0304594468325,0.00441648438573,0.450659126043,-0.89216542244
0.797252833843,0.0191342774779,1.13801860809,0.0302869621664,0.0048181922175,0.450423032045,-0.892288327217
0.797206521034,0.0190167222172,1.13811957836,0.0301374252886,0.00474259722978,0.450143933296,-0.89243465662
0.796892166138,0.0192549750209,1.13803458214,0.0299155768007,0.00492934603244,0.449402868748,-0.892814576626
0.796728432178,0.0193057432771,1.13806605339,0.0298728086054,0.00505167199299,0.448827147484,-0.893104851246
0.796493470669,0.0193438325077,1.13809001446,0.0298442486674,0.00534248072654,0.448393970728,-0.893321692944
0.79631114006,0.0194116048515,1.13812673092,0.0298078600317,0.00541792018339,0.44786837697,-0.893586099148
0.796156287193,0.0194655284286,1.1381714344,0.0298180971295,0.00556378206238,0.447177410126,-0.893930792809
0.796190977097,0.0192929916084,1.13832521439,0.0300180129707,0.00552978878841,0.446385800838,-0.89431989193
0.79657304287,0.0201660897583,1.13862788677,0.0279802102596,0.00411377381533,0.447843670845,-0.893664479256
0.79632371664,0.0202475115657,1.13866984844,0.0277431439608,0.00446265609935,0.447115719318,-0.8940346241
0.795708298683,0.0195767898113,1.13834953308,0.0300966817886,0.00566695211455,0.444372057915,-0.895318686962
0.795587480068,0.0196638163179,1.13839578629,0.0301149021834,0.00575488479808,0.443674981594,-0.895663142204
0.795451045036,0.0197461172938,1.13842153549,0.0301488060504,0.00583919649944,0.44299274683,-0.895999073982
0.795381307602,0.0198985226452,1.13844168186,0.0307538863271,0.00574971549213,0.442129284143,-0.89640557766
0.795270800591,0.0199840217829,1.13855099678,0.0309330262244,0.00559873273596,0.441288560629,-0.896814465523
0.794898569584,0.0201518274844,1.13843464851,0.0308858975768,0.00533860269934,0.440549314022,-0.897181034088
0.794732034206,0.0202497523278,1.13846302032,0.0310110710561,0.00532855046913,0.439871102571,-0.897509455681
0.79452931881,0.0203561224043,1.13847565651,0.0311049893498,0.00519732106477,0.439166516066,-0.897852003574
0.794148564339,0.020159650594,1.13841485977,0.0327493548393,0.00559043884277,0.437165886164,-0.898767054081
0.794088244438,0.0204965863377,1.13846969604,0.0316631942987,0.00505776656792,0.43748870492,-0.898652017117
0.793886601925,0.0206162817776,1.13846445084,0.0317889750004,0.0049177352339,0.4367877841,-0.898989260197
0.793681204319,0.0207817163318,1.13844192028,0.0317514427006,0.00470147235319,0.436136901379,-0.899307668209
0.79350489378,0.0208656843752,1.13843107224,0.0319089852273,0.00463988445699,0.435489237309,-0.899616241455
0.793336331844,0.0209155119956,1.13844609261,0.0321796759963,0.00461022742093,0.434693902731,-0.899991333485
0.793150663376,0.0209863241762,1.13843488693,0.032480917871,0.00459584221244,0.433878898621,-0.90037381649
0.792965888977,0.0210995003581,1.13841795921,0.0325911939144,0.00444215815514,0.433289527893,-0.900654375553
0.792716383934,0.021231116727,1.13838410378,0.0324654243886,0.00409000972286,0.432570189238,-0.901006281376
0.792529702187,0.0213292036206,1.13836753368,0.0325609855354,0.00392480799928,0.431919574738,-0.901315689087
0.792297244072,0.0214365962893,1.13836431503,0.0327514968812,0.00372798205353,0.431281626225,-0.901615023613
0.792105197906,0.0215821117163,1.1383767128,0.0329115577042,0.00353707792237,0.430637508631,-0.901917755604
0.792300283909,0.0224471185356,1.13863587379,0.0311353709549,0.00226212153211,0.432037949562,-0.901315033436
0.791717231274,0.0217730496079,1.13836717606,0.0335271693766,0.00328115047887,0.429498851299,-0.902438879013
0.791458189487,0.0218931157142,1.13835072517,0.0337562449276,0.00301226694137,0.42885902524,-0.902735471725
0.791232287884,0.0221176501364,1.13830113411,0.0339970774949,0.00273992680013,0.427970319986,-0.903149008751
0.790940344334,0.0221549663693,1.13823747635,0.0341837853193,0.00238116597757,0.427603274584,-0.903316795826
0.790762484074,0.0222529172897,1.13822352886,0.0345795787871,0.00221545808017,0.427137047052,-0.903522729874
0.790612399578,0.0227115191519,1.1380957365,0.0340057052672,0.00211436371319,0.427529156208,-0.903359234333
0.790447354317,0.0226869806647,1.13812160492,0.0347391963005,0.00200695707463,0.426880210638,-0.903638422489
0.790255069733,0.0226603411138,1.13809919357,0.0350395292044,0.00179027568083,0.426385700703,-0.903860747814
0.790064573288,0.0228153076023,1.13813054562,0.0350823029876,0.00149903818965,0.425735026598,-0.904166281223
0.789800643921,0.0229345113039,1.13804399967,0.035236030817,0.00105607614387,0.425283759832,-0.904373288155
0.789614796638,0.0228837318718,1.13797676563,0.0355729572475,0.000886489753611,0.425094544888,-0.904449224472
0.789436459541,0.02288954705,1.13794100285,0.0358053557575,0.000733483815566,0.424735188484,-0.904609024525
0.789268910885,0.0229230914265,1.13790488243,0.0360019318759,0.000523094611708,0.424466371536,-0.904727518559
0.789136707783,0.0229701120406,1.13788509369,0.0363879688084,0.000660305086058,0.423787117004,-0.905030369759
0.788985133171,0.0229502543807,1.13785493374,0.036399114877,0.000423803052399,0.423465579748,-0.905180573463
0.788896143436,0.0228746458888,1.13783490658,0.0364885590971,0.000226619027671,0.423333913088,-0.905238628387
0.788762569427,0.0229070298374,1.1377863884,0.03675878793,0.000150785766891,0.423147439957,-0.905314862728
0.788658022881,0.022917561233,1.13776433468,0.0369524173439,0.000105149527371,0.422906309366,-0.905419647694
0.789068937302,0.0227770581841,1.13795769215,0.0373627357185,0.00135824363679,0.422754764557,-0.905472576618
0.788329482079,0.0229754894972,1.13764500618,0.0372337698936,-0.000260745931882,0.422367185354,-0.905659735203
0.788071751595,0.0230628028512,1.13754367828,0.0373240597546,-0.000571591197513,0.42255923152,-0.90556627512
0.787909507751,0.0229685977101,1.13758587837,0.0376759469509,-0.000767093268223,0.422293037176,-0.905675768852
0.787731766701,0.02296561189,1.13753938675,0.0378612540662,-0.000988323474303,0.422210216522,-0.905706346035
0.787291824818,0.0230649709702,1.1373963356,0.037991579622,-0.00167128269095,0.422261834145,-0.905675888062
0.787291824818,0.0230649709702,1.1373963356,0.037991579622,-0.00167128269095,0.422261834145,-0.905675888062
0.787108719349,0.0230685863644,1.13736009598,0.0381171628833,-0.00189488613978,0.422194570303,-0.905701518059
0.7869348526,0.0230853967369,1.13729298115,0.0382578074932,-0.00224491790868,0.422175943851,-0.905703425407
0.786773324013,0.0230793487281,1.13724756241,0.0383976884186,-0.00251521565951,0.422153115273,-0.905707478523
0.786580920219,0.0230457000434,1.13718533516,0.0385022349656,-0.00274770986289,0.422086298466,-0.905733466148
0.786413908005,0.0230356752872,1.13712000847,0.0385924912989,-0.00302250729874,0.422043591738,-0.905748665333
0.786739647388,0.0228038728237,1.1372667551,0.0387976057827,-0.00215834355913,0.422150462866,-0.905692577362
0.786560535431,0.0226813815534,1.13724076748,0.0387780293822,-0.00241810106672,0.422397911549,-0.905577361584
0.786668241024,0.0227933488786,1.13723778725,0.0371543653309,-0.0034896528814,0.424332916737,-0.904736936092
0.785813570023,0.0227920040488,1.13689756393,0.0391986258328,-0.00359309045598,0.422180950642,-0.905656516552
0.785715579987,0.0227505788207,1.13683533669,0.0393229909241,-0.00380413932726,0.422005593777,-0.905732035637
0.785686612129,0.0227812565863,1.13673996925,0.0390627421439,-0.00384277990088,0.42199203372,-0.905749440193
0.785654246807,0.0227321125567,1.136687994,0.0391930565238,-0.00390475802124,0.421826899052,-0.905820548534
0.785589993,0.0226921644062,1.13664078712,0.0390741936862,-0.00398009177297,0.421689510345,-0.905889213085
0.785481214523,0.0226104687899,1.13657867908,0.0390407852829,-0.00403396226466,0.421777069569,-0.905849635601
0.785347819328,0.0220480896533,1.13672685623,0.0398780293763,-0.00428049871698,0.420893132687,-0.90622317791
0.785319805145,0.0225151889026,1.13654375076,0.0391055569053,-0.00425131432712,0.42173525691,-0.905865371227
0.785601377487,0.0232582893223,1.13682901859,0.0366981588304,-0.00564043223858,0.424185872078,-0.904813706875
0.785540103912,0.0231202933937,1.13685965538,0.0368482172489,-0.00576618406922,0.424200832844,-0.904799759388
0.784875810146,0.0221919436008,1.13646185398,0.0391924679279,-0.00494409818202,0.422486811876,-0.905507862568
0.784823179245,0.0221837386489,1.13645517826,0.0388859249651,-0.00514646712691,0.422895163298,-0.905329346657
0.784805774689,0.0220763236284,1.13649058342,0.0389078035951,-0.00517122121528,0.423044860363,-0.905258178711
0.784654080868,0.0221307706088,1.13644707203,0.0388476587832,-0.00527455005795,0.423221200705,-0.905177772045
0.784489035606,0.022149330005,1.1363799572,0.0386254116893,-0.00542809907347,0.423755407333,-0.904936432838
0.784451007843,0.021890796721,1.13647723198,0.0390220880508,-0.00539814354852,0.423787802458,-0.904904425144
0.78434741497,0.021831613034,1.13647949696,0.0390119329095,-0.00534133892506,0.424312591553,-0.90465927124
0.784333407879,0.0217948406935,1.13645410538,0.0387120209634,-0.00555481109768,0.424809753895,-0.904437482357
0.784272670746,0.0217634420842,1.13645672798,0.0385812744498,-0.00557750836015,0.42522457242,-0.904247939587
0.784207105637,0.0217234529555,1.13645231724,0.0384722873569,-0.00559611571953,0.425649702549,-0.904052495956
0.784225583076,0.0216156020761,1.13652431965,0.0382861495018,-0.00542910443619,0.4264293015,-0.903693914413
0.78422242403,0.0215904098004,1.13653838634,0.0382828190923,-0.00520147755742,0.426869720221,-0.903487443924
0.784187138081,0.0215495377779,1.1365404129,0.0381487756968,-0.00516628241166,0.427407711744,-0.903239011765
0.784111261368,0.0214870721102,1.1365685463,0.0380798131227,-0.00516079226509,0.427998811007,-0.90296202898
0.784057021141,0.0214347504079,1.13657569885,0.0379762388766,-0.00511354906484,0.428626656532,-0.902668774128
0.783986747265,0.0213923361152,1.13658905029,0.0379057005048,-0.00513038318604,0.429259896278,-0.902370691299
0.783950388432,0.0213320106268,1.13662838936,0.0378950983286,-0.00511229271069,0.429980784655,-0.902027964592
0.783827424049,0.0213048849255,1.13654851913,0.0378298461437,-0.00509116612375,0.430864870548,-0.901608765125
0.783859550953,0.0211525708437,1.13664150238,0.0375667177141,-0.00520189059898,0.431953072548,-0.901098430157
0.783797740936,0.0211340561509,1.13671302795,0.0378267206252,-0.00517693068832,0.43271291256,-0.900723040104
0.784098207951,0.0217410996556,1.13705837727,0.0353757664561,-0.00650331145152,0.435981154442,-0.899236738682
0.784007906914,0.0217288583517,1.13710618019,0.0353289805353,-0.00668884674087,0.436811983585,-0.898833990097
0.784081935883,0.0216907337308,1.13727283478,0.0353126786649,-0.0069266022183,0.437587171793,-0.898455619812
0.78361093998,0.0208352319896,1.13701832294,0.0375313833356,-0.00589366070926,0.43642988801,-0.898935854435
0.78400939703,0.0214315783232,1.13747179508,0.0355007462204,-0.00714488560334,0.439201265574,-0.897658586502
0.784026145935,0.0216711238027,1.13735592365,0.0347235351801,-0.00727910501882,0.440427094698,-0.897087097168
0.783703565598,0.0210599936545,1.13752412796,0.0356384627521,-0.00785401370376,0.440925121307,-0.896801710129
0.783263206482,0.0202658232301,1.13725888729,0.0378377921879,-0.0067899050191,0.439876824617,-0.897234976292
0.783173918724,0.020229075104,1.13728141785,0.0379338786006,-0.00715511059389,0.440744072199,-0.89680236578
0.783044219017,0.0197378285229,1.13744211197,0.0384578965604,-0.00750719988719,0.440949320793,-0.896676242352
0.783007621765,0.0196733921766,1.13751292229,0.0384492985904,-0.00778093468398,0.441774785519,-0.89626789093
0.783163428307,0.0199679266661,1.13753867149,0.0377757884562,-0.00775979273021,0.443738043308,-0.895326316357
0.783143401146,0.0199208501726,1.13757991791,0.0377531498671,-0.00806921254843,0.444595903158,-0.894898891449
0.783135831356,0.0198259800673,1.13767290115,0.0380919203162,-0.00817032810301,0.445081174374,-0.894642412663
0.783141613007,0.0197416096926,1.13772106171,0.0380705744028,-0.00831457972527,0.445944905281,-0.894211769104
0.783163547516,0.0197910480201,1.13769209385,0.037716858089,-0.00850399397314,0.446929991245,-0.893733024597
0.78331553936,0.0195670984685,1.13785886765,0.0381832532585,-0.00831611081958,0.447435587645,-0.893461942673
0.783334314823,0.0195128601044,1.13780903816,0.037438698113,-0.00873253308237,0.448807626963,-0.892801105976
0.783373594284,0.0193410813808,1.13788104057,0.0377971082926,-0.00884284544736,0.449390232563,-0.892491817474
0.783407330513,0.0193800739944,1.13785672188,0.0374623425305,-0.00905664265156,0.450254827738,-0.892067909241
0.783428072929,0.0193056296557,1.13787579536,0.03754144907,-0.00918676890433,0.450872123241,-0.891751408577
0.783518970013,0.019036822021,1.138027668,0.0380302593112,-0.00913006160408,0.451403975487,-0.891462147236
0.783608555794,0.0189328137785,1.1380469799,0.0380392894149,-0.00919825583696,0.452138066292,-0.89108902216
0.783636450768,0.0189263802022,1.13809120655,0.0379456169903,-0.00913308002055,0.452954888344,-0.89067876339
0.783759951591,0.0188111104071,1.1381200552,0.0378565303981,-0.00949634145945,0.453527420759,-0.890387356281
0.784429371357,0.0184522178024,1.13840341568,0.0379377156496,-0.00813812669367,0.454278916121,-0.890014111996
0.78450948,0.0183771234006,1.13841795921,0.037913814187,-0.00823923014104,0.454877465963,-0.889708459377
0.783918201923,0.018604407087,1.13816583157,0.0378127470613,-0.00985660217702,0.455280721188,-0.889490067959
0.784475922585,0.0192128047347,1.13852345943,0.0356492884457,-0.0108475666493,0.457983911037,-0.888179123402
0.78456902504,0.0192045792937,1.13851320744,0.035470418632,-0.0110574951395,0.458465725183,-0.887935161591
0.784623265266,0.0190613046288,1.13849937916,0.0356000810862,-0.0110349701717,0.459188103676,-0.887556791306
0.784236192703,0.0181095059961,1.13814640045,0.0380724519491,-0.00995120406151,0.457900255919,-0.888132214546
0.784307181835,0.0181322544813,1.13803792,0.0376701429486,-0.0100726801902,0.458659440279,-0.887756228447
0.784765958786,0.018941052258,1.13830888271,0.0357015095651,-0.0109999477863,0.460722774267,-0.886757552624
0.784590601921,0.0179277025163,1.13795733452,0.037873994559,-0.00955678150058,0.460152089596,-0.886980473995
0.784590601921,0.0179277025163,1.13795733452,0.037873994559,-0.00955678150058,0.460152089596,-0.886980473995
0.784800767899,0.0175124369562,1.13809537888,0.0381594784558,-0.00973815657198,0.46070471406,-0.88667935133
0.784889042377,0.0174207575619,1.13809549809,0.0381229259074,-0.0097259003669,0.461194813251,-0.886426150799
0.784989595413,0.0174298062921,1.13803684711,0.03764180094,-0.00984307844192,0.462068885565,-0.885990142822
0.785084426403,0.0172173120081,1.13807821274,0.0379127264023,-0.00989120453596,0.462497651577,-0.885754287243
0.785159468651,0.0171003323048,1.13808691502,0.0379307679832,-0.0100118778646,0.463050425053,-0.885463297367
0.785307347775,0.0169057715684,1.13810670376,0.038184184581,-0.00992081034929,0.463498681784,-0.885218918324
0.785370528698,0.0168022830039,1.13810133934,0.0381698571146,-0.0100281629711,0.463991999626,-0.884959816933
0.785427629948,0.0166870951653,1.13808202744,0.0381906889379,-0.0101479683071,0.464518040419,-0.884681522846
0.785482466221,0.0165555179119,1.13806331158,0.0378886163235,-0.010394802317,0.465351939201,-0.884253323078
0.785538911819,0.0164463892579,1.13804805279,0.0378656350076,-0.010549522005,0.465847253799,-0.883991658688
0.785599827766,0.0163420327008,1.13803648949,0.0378268547356,-0.0107097523287,0.466319173574,-0.883742511272
0.785734176636,0.0161135345697,1.13803505898,0.0379218347371,-0.0106933722273,0.466972023249,-0.8833938241
0.785789847374,0.0159845910966,1.13800752163,0.0379523709416,-0.0108148939908,0.467480957508,-0.883121848106
0.785873532295,0.0158890895545,1.13799273968,0.0377549156547,-0.0110907135531,0.468159914017,-0.88276720047
0.785907506943,0.0157849490643,1.13796007633,0.0377101451159,-0.0112915774807,0.468651652336,-0.882505536079
0.785942614079,0.0156268440187,1.13791561127,0.0378711596131,-0.0114296842366,0.469141721725,-0.882236480713
0.786018073559,0.015452247113,1.13793301582,0.0379512794316,-0.0114571042359,0.469677388668,-0.881947577
0.786021053791,0.0153010357171,1.13788473606,0.0380303747952,-0.0116450609639,0.470129966736,-0.881700634956
0.785912513733,0.0154027547687,1.13774478436,0.0380682237446,-0.0116755366325,0.470450490713,-0.881527543068
0.785951137543,0.0152874141932,1.13772761822,0.0380606018007,-0.0118700824678,0.470915555954,-0.881276905537
0.786021590233,0.0151766929775,1.13765192032,0.0378171317279,-0.0119411852211,0.471509277821,-0.880968928337
0.786173522472,0.014904614538,1.13775599003,0.0377583950758,-0.0124555854127,0.472197979689,-0.880595386028
0.786199867725,0.0148194152862,1.13775205612,0.037703897804,-0.0126397656277,0.472553193569,-0.880404531956
0.786235868931,0.0146777415648,1.13770222664,0.0378253348172,-0.0127086276188,0.472947925329,-0.880186319351
0.786403417587,0.0143223870546,1.13766789436,0.0379317216575,-0.0127214742824,0.473844140768,-0.879699468613
0.786403417587,0.0143223870546,1.13766789436,0.0379317216575,-0.0127214742824,0.473844140768,-0.879699468613
0.786293387413,0.0144243594259,1.1375439167,0.0380116775632,-0.0127504961565,0.473990499973,-0.879616737366
0.786345660686,0.0143144819885,1.13749015331,0.0378933399916,-0.0129677169025,0.474512070417,-0.879337370396
0.78647518158,0.0141691761091,1.13755095005,0.0380326546729,-0.0130195310339,0.474713772535,-0.879221737385
0.786377549171,0.0140784997493,1.13743233681,0.0379094034433,-0.0132043454796,0.475218385458,-0.878951668739
0.786593317986,0.0136866308749,1.13754630089,0.0379145480692,-0.0132510717958,0.475818067789,-0.878626286983
0.786640107632,0.0135149536654,1.13750231266,0.0379712171853,-0.0132780829445,0.476224809885,-0.87840294838
0.786715090275,0.0132357534021,1.13746452332,0.0380711257458,-0.0133747775108,0.476931899786,-0.878013551235
0.786715090275,0.0132357534021,1.13746452332,0.0380711257458,-0.0133747775108,0.476931899786,-0.878013551235
0.786763370037,0.0131247360259,1.1374464035,0.0380780622363,-0.0134001653641,0.47725379467,-0.877837836742
0.786825358868,0.0130273075774,1.13742899895,0.0378787256777,-0.013569473289,0.477687448263,-0.877607941628
0.786795198917,0.0128726437688,1.13735508919,0.0379823073745,-0.0136840743944,0.478075861931,-0.87739020586
0.7868283391,0.0127479303628,1.13732874393,0.0380083844066,-0.013719227165,0.478378087282,-0.877223789692
0.788444876671,0.013812487945,1.13758349419,0.0342216901481,-0.0133097907528,0.481512367725,-0.875669777393
0.788444876671,0.013812487945,1.13758349419,0.0342216901481,-0.0133097907528,0.481512367725,-0.875669777393
0.787991940975,0.0128697268665,1.13722991943,0.0366310328245,-0.0122354980558,0.479882240295,-0.876482367516
0.788510918617,0.0135530047119,1.13751089573,0.0343639291823,-0.013318345882,0.481961905956,-0.875416696072
0.788573145866,0.0134505014867,1.13750779629,0.0344696454704,-0.013274865225,0.482014536858,-0.875384271145
0.788628458977,0.0133467391133,1.13748204708,0.0344495438039,-0.0132191265002,0.482177108526,-0.875296354294
0.787469804287,0.0124789811671,1.13700306416,0.0369371883571,-0.013050259091,0.480526417494,-0.876104831696
0.787469804287,0.0124789811671,1.13700306416,0.0369371883571,-0.013050259091,0.480526417494,-0.876104831696
0.788075864315,0.0130875911564,1.13729059696,0.034511256963,-0.013972453773,0.482523173094,-0.87509149313
0.788075864315,0.0130875911564,1.13729059696,0.034511256963,-0.013972453773,0.482523173094,-0.87509149313
0.788153588772,0.0129243265837,1.13730978966,0.0345341153443,-0.0138221336529,0.48264542222,-0.875025570393
0.788165509701,0.0128468666226,1.1372936964,0.034468665719,-0.0138344820589,0.482617914677,-0.875043094158
0.787834882736,0.0117698088288,1.13707685471,0.0366231426597,-0.012893948704,0.480996370316,-0.875862419605
0.787840306759,0.011712689884,1.13707149029,0.0365757122636,-0.0129354763776,0.480963796377,-0.875881671906
0.787840783596,0.0116542829201,1.13707077503,0.0365345291793,-0.012967126444,0.480940848589,-0.875895559788
0.787827670574,0.0115924291313,1.13707268238,0.0365044474602,-0.0130002815276,0.480903118849,-0.87591701746
0.787820279598,0.0115278158337,1.1370691061,0.03647878021,-0.0130441002548,0.480806618929,-0.875970423222
0.787809550762,0.0114773735404,1.13707184792,0.0364202298224,-0.0130491871387,0.480759888887,-0.875998437405
0.787743449211,0.0114390738308,1.13707590103,0.0364082492888,-0.0131697822362,0.480652600527,-0.876055955887
0.787729382515,0.0113991312683,1.13707315922,0.0363698005676,-0.0131972236559,0.480581462383,-0.876096189022
0.7877150774,0.0113559570163,1.13706505299,0.0363733097911,-0.0132100908086,0.480493068695,-0.876144349575
0.787735641003,0.0113665433601,1.13708424568,0.0362142995,-0.0132158333436,0.480404913425,-0.876199126244
0.787706255913,0.0113450530916,1.13707721233,0.0362096019089,-0.0132801877335,0.480301737785,-0.876254975796
0.787703990936,0.0113216675818,1.13707089424,0.0361785367131,-0.013282363303,0.480162799358,-0.876332342625
0.787696480751,0.0113063044846,1.1370729208,0.0361588969827,-0.0132669005543,0.480035007,-0.876403391361
0.787697196007,0.0112888077274,1.13706791401,0.0361580848694,-0.0132295526564,0.479885786772,-0.876485705376
0.787693142891,0.0112857315689,1.13705742359,0.0361255034804,-0.0132157150656,0.479693293571,-0.876592636108
0.787693560123,0.0112825520337,1.13705408573,0.036115270108,-0.0131967170164,0.479512989521,-0.876691937447
0.78768903017,0.0112824765965,1.1370511055,0.0360620543361,-0.0131082879379,0.479255318642,-0.876836359501
0.787671744823,0.0112955644727,1.13704967499,0.0360137671232,-0.0131025779992,0.479024797678,-0.876964390278
0.788194775581,0.0113637950271,1.13706803322,0.0355517938733,-0.0122536215931,0.478911370039,-0.877057433128
0.788165569305,0.0113772898912,1.13707780838,0.0355328470469,-0.0122910803184,0.478652864695,-0.877198815346
0.788163900375,0.0113820619881,1.13707089424,0.0354949124157,-0.012294691056,0.478390038013,-0.877343654633
0.788072168827,0.0114827845246,1.13703131676,0.0353879220784,-0.012539816089,0.478099614382,-0.877502799034
0.788037598133,0.0115143079311,1.13703536987,0.0353192612529,-0.0125533882529,0.477834969759,-0.877649605274
0.788004517555,0.0115335807204,1.13702845573,0.0353132486343,-0.0125716039911,0.477610439062,-0.877771735191
0.787972092628,0.0115528516471,1.13700067997,0.0352921821177,-0.0125760193914,0.477313578129,-0.877933979034
0.78793078661,0.0115541052073,1.13700067997,0.0353609845042,-0.0125683574006,0.477139055729,-0.878026127815
0.787913501263,0.0116103952751,1.1369740963,0.0352357253432,-0.0126804243773,0.4768679142,-0.878176867962
0.787914991379,0.0116276582703,1.13696968555,0.0352262035012,-0.012649718672,0.476680129766,-0.878279626369
0.787872254848,0.0116485673934,1.13695061207,0.0352172404528,-0.0126764932647,0.476488977671,-0.878383278847
0.787835180759,0.0116712925956,1.1369407177,0.0351948589087,-0.0126809673384,0.476279228926,-0.878497958183
0.787807285786,0.0117109017447,1.1369228363,0.0351848639548,-0.0127366408706,0.476078212261,-0.878606438637
0.787791848183,0.0117280054837,1.1369177103,0.0351756885648,-0.0127160605043,0.475902944803,-0.878702044487
0.78764128685,0.0119649358094,1.13681912422,0.0352189429104,-0.0125631950796,0.475584208965,-0.878875136375
0.78809595108,0.0128718111664,1.13716304302,0.0328099653125,-0.0137529587373,0.477318197489,-0.878010094166
0.788066029549,0.0129023045301,1.137160182,0.032801065594,-0.0137516753748,0.47718629241,-0.878082096577
0.787599682808,0.0118378903717,1.13685977459,0.0353433378041,-0.0127584701404,0.475225180387,-0.879061460495
0.787577390671,0.0118716256693,1.13685381413,0.0353126898408,-0.0127631528303,0.475123077631,-0.879117786884
0.787389159203,0.0121186822653,1.13677573204,0.0353479087353,-0.0127015104517,0.474845290184,-0.879267394543
0.787475287914,0.0119479475543,1.1368393898,0.0352569147944,-0.012850173749,0.474947303534,-0.879213750362
0.787327229977,0.0121762892231,1.13674926758,0.0353025831282,-0.0126564567909,0.474675804377,-0.879361331463
0.78729224205,0.0122049059719,1.13674020767,0.0352815389633,-0.01263910532,0.474585086107,-0.879411458969
0.787245333195,0.0122319851071,1.13673734665,0.035268202424,-0.0126546202227,0.474517434835,-0.879448235035
0.787217199802,0.0123034352437,1.13673961163,0.0351116210222,-0.0126656275243,0.474474340677,-0.879477620125
0.787061870098,0.0124025940895,1.13670611382,0.0349343493581,-0.0127089647576,0.474512606859,-0.879463374615
0.787189483643,0.0122207757086,1.1368137598,0.0349170565605,-0.0130258072168,0.474517524242,-0.879456818104
0.787154376507,0.0122626842931,1.13680887222,0.0348345786333,-0.0130426306278,0.474469959736,-0.879485487938
0.787084102631,0.0123254461214,1.13679432869,0.0347079709172,-0.0131102977321,0.474403947592,-0.879525065422
0.786865532398,0.0125960633159,1.13667583466,0.0345951914787,-0.0128174172714,0.474363982677,-0.879555404186
0.786943674088,0.0124387498945,1.13677334785,0.0345395132899,-0.0130778532475,0.474425286055,-0.879520714283
0.786943674088,0.0124387498945,1.13677334785,0.0345395132899,-0.0130778532475,0.474425286055,-0.879520714283
0.786880791187,0.0124833080918,1.13679230213,0.0344679392874,-0.0131093868986,0.474333077669,-0.879572749138
0.786547958851,0.012764647603,1.13668715954,0.0344179570675,-0.0129041979089,0.474254310131,-0.879620194435
0.786547958851,0.012764647603,1.13668715954,0.0344179570675,-0.0129041979089,0.474254310131,-0.879620194435
0.786680757999,0.0125661976635,1.13679766655,0.0344324707985,-0.0131920753047,0.474300295115,-0.879590570927
0.78662788868,0.0126097099856,1.13680303097,0.0343773886561,-0.0131998462602,0.474281489849,-0.879602730274
0.786378622055,0.0128627857193,1.13668882847,0.0343203358352,-0.0129739595577,0.474208086729,-0.879647910595
0.786331295967,0.0129036195576,1.13669347763,0.0342654213309,-0.0129782119766,0.474182248116,-0.879663944244
0.786234974861,0.012883820571,1.13670921326,0.0343506671488,-0.0129483165219,0.474349886179,-0.879570662975
0.786253213882,0.0129177924246,1.13671541214,0.0343408063054,-0.0130654219538,0.474198102951,-0.87965118885
0.786187589169,0.0129483547062,1.13671422005,0.0343177914619,-0.0130640026182,0.474209934473,-0.879645645618
0.786158025265,0.0129592604935,1.13671088219,0.0342879965901,-0.0130444699898,0.474238872528,-0.879631578922
0.786130428314,0.0129874898121,1.13671290874,0.034224294126,-0.0130300791934,0.474283277988,-0.879610300064
0.786078095436,0.0130101274699,1.13670289516,0.0341848656535,-0.0130394995213,0.474316269159,-0.879593908787
0.786042630672,0.0131578361616,1.13664269447,0.0337676256895,-0.013033230789,0.47462657094,-0.879442691803
0.785987317562,0.0131622776389,1.13665795326,0.0337926335633,-0.0129963951185,0.474680572748,-0.879413127899
0.785962820053,0.0131997130811,1.13664352894,0.0336751118302,-0.0129988053814,0.474781244993,-0.879363298416
0.785924434662,0.0132298823446,1.13664770126,0.0336244143546,-0.0129756582901,0.474848866463,-0.879329025745
0.785878956318,0.013253223151,1.13665366173,0.0335743874311,-0.0129858152941,0.474905610085,-0.879300236702
0.785859823227,0.0132775753736,1.13666427135,0.0335092507303,-0.012941560708,0.474994599819,-0.879255235195
0.78584498167,0.0132994018495,1.13667178154,0.0334125310183,-0.0129125211388,0.475118458271,-0.879192471504
0.785815298557,0.0133242812008,1.13667988777,0.0333299785852,-0.0128961643204,0.475223064423,-0.879139304161
0.785931885242,0.013031706214,1.13683414459,0.0335197374225,-0.0129860844463,0.47533094883,-0.879072368145
0.785904884338,0.0130336210132,1.1368418932,0.0334752574563,-0.0129014281556,0.475463569164,-0.879003584385
0.78588104248,0.0130599122494,1.13684725761,0.0334132276475,-0.0128809995949,0.47560852766,-0.878927826881
0.785840272903,0.0130463102832,1.13686823845,0.0334443375468,-0.0128283491358,0.475834071636,-0.878805339336
0.785837471485,0.0130591820925,1.13687491417,0.0334158539772,-0.0127964103594,0.476002722979,-0.878715574741
0.785821080208,0.013057846576,1.13689279556,0.0334037020802,-0.0127463275567,0.476211488247,-0.878603637218
0.785675227642,0.0132567118853,1.13680720329,0.0334654636681,-0.0125417392701,0.476276636124,-0.878568828106
0.785223126411,0.0131837539375,1.13682293892,0.0337803959846,-0.0130692701787,0.476672261953,-0.878334581852
0.785223126411,0.0131837539375,1.13682293892,0.0337803959846,-0.0130692701787,0.476672261953,-0.878334581852
0.785212993622,0.0131878890097,1.13682866096,0.0337273068726,-0.0130206961185,0.476960927248,-0.878180623055
0.785755991936,0.0140083292499,1.13718450069,0.0313144214451,-0.0140136834234,0.479182988405,-0.877044320107
0.785821020603,0.0139656104147,1.13723874092,0.0312925688922,-0.0137893287465,0.479530125856,-0.876858830452
0.785827875137,0.0139512391761,1.13724410534,0.0312366709113,-0.0137135749683,0.479957431555,-0.876628279686
0.785389900208,0.0130832213908,1.13693284988,0.0336056351662,-0.0124204177409,0.478549063206,-0.877329528332
0.785914480686,0.0131510840729,1.13694894314,0.0329639129341,-0.0113400397822,0.479236453772,-0.876993298531
0.786045014858,0.0131854657084,1.13697314262,0.0327946953475,-0.0112108923495,0.479810297489,-0.876687526703
0.786009430885,0.0132592087612,1.13695132732,0.0324195772409,-0.0112239532173,0.480603933334,-0.876266360283
0.786020040512,0.0132514918223,1.13699042797,0.0323141179979,-0.0112137841061,0.481258660555,-0.875911056995
0.786120116711,0.0132340686396,1.1370613575,0.0320891328156,-0.0114112552255,0.481977522373,-0.875521421432
0.785987436771,0.0132572073489,1.13709998131,0.0319445282221,-0.0117498403415,0.482828438282,-0.875053226948
0.786001682281,0.013238761574,1.13713848591,0.0318341217935,-0.0117990178987,0.483654767275,-0.874600112438
0.78601962328,0.0132433557883,1.13716459274,0.031723625958,-0.0119459591806,0.484584987164,-0.874087154865
0.786106944084,0.0131761655211,1.13720059395,0.0314732715487,-0.0115338666365,0.48572576046,-0.873468279839
0.786384820938,0.012943957001,1.13734161854,0.0312363896519,-0.0116648850963,0.486884981394,-0.872829377651
0.786353707314,0.01317730546,1.13721990585,0.0311012472957,-0.01143389754,0.487859815359,-0.872292816639
0.786387205124,0.0130882738158,1.13733232021,0.0306000448763,-0.0115308547392,0.490365415812,-0.870903193951
0.786387205124,0.0130882738158,1.13733232021,0.0306000448763,-0.0115308547392,0.490365415812,-0.870903193951
0.786184370518,0.0126721803099,1.13749802113,0.0306193102151,-0.0124810533598,0.49315482378,-0.869312942028
0.786184370518,0.0126721803099,1.13749802113,0.0306193102151,-0.0124810533598,0.49315482378,-0.869312942028
0.786045730114,0.0123289246112,1.1376273632,0.0311356149614,-0.0126069551334,0.494381636381,-0.868595600128
0.786917090416,0.012981634587,1.13754451275,0.0298566222191,-0.011423879303,0.496154695749,-0.867645442486
0.787358403206,0.0137351676822,1.13786137104,0.0267748069018,-0.012510494329,0.500136494637,-0.865442097187
0.787441730499,0.0135992625728,1.13795852661,0.0265077408403,-0.0128021650016,0.501647651196,-0.864571094513
0.787275314331,0.0125837512314,1.13777840137,0.0285309925675,-0.0116278873757,0.501697957516,-0.864494085312
0.786703884602,0.0127386841923,1.13768613338,0.0282373912632,-0.0125874020159,0.503612995148,-0.863376021385
0.786701798439,0.01277582068,1.13767874241,0.0276413559914,-0.0126653630286,0.505919396877,-0.862044692039
0.78671336174,0.0127817168832,1.13770675659,0.027347786352,-0.012787903659,0.507777512074,-0.860959112644
0.787388622761,0.0126624330878,1.13776373863,0.0267421379685,-0.0117474235594,0.510049343109,-0.859649062157
0.787489175797,0.0126455854625,1.13776874542,0.0266167875379,-0.0121168177575,0.511542201042,-0.858760416508
0.787567615509,0.013200270012,1.13818967342,0.0246053040028,-0.013834063895,0.515336513519,-0.856522917747
0.787279367447,0.0123216565698,1.13803696632,0.026913639158,-0.0127693917602,0.515547275543,-0.856343150139
0.787774324417,0.0124734109268,1.13786554337,0.0257107783109,-0.0122630223632,0.51786839962,-0.854985892773
0.787813484669,0.0122921746224,1.13793635368,0.0254253447056,-0.0122889569029,0.52021330595,-0.85356938839
0.787976980209,0.0128786154091,1.13847434521,0.0238546188921,-0.0140698561445,0.523471415043,-0.851592957973
0.787394583225,0.0121366679668,1.13801932335,0.0254903305322,-0.0134054720402,0.524167776108,-0.851127922535
0.788735747337,0.012965830043,1.13844037056,0.0222280230373,-0.0135401189327,0.527990043163,-0.848851621151
0.788119375706,0.0121909454465,1.13807308674,0.0239265020937,-0.0130558637902,0.528766810894,-0.848329365253
0.788213849068,0.0127278706059,1.13842320442,0.0222401283681,-0.0146814743057,0.532142221928,-0.846235454082
0.788884997368,0.0128404581919,1.13841474056,0.0212007649243,-0.0141030680388,0.534367978573,-0.844868302345
0.788289487362,0.0127151980996,1.13842916489,0.0214424896985,-0.0151576958597,0.536480247974,-0.84350425005
0.788449406624,0.0125747267157,1.13850903511,0.021318860352,-0.0152164492756,0.538290917873,-0.842351973057
0.789301335812,0.0124868713319,1.13858938217,0.0204686466604,-0.0145026780665,0.54219353199,-0.839879095554
0.789301335812,0.0124868713319,1.13858938217,0.0204686466604,-0.0145026780665,0.54219353199,-0.839879095554
0.788617908955,0.0117019489408,1.13817620277,0.0223952811211,-0.0140110012144,0.542560279369,-0.839601397514
0.788590669632,0.0117365084589,1.13818204403,0.0220241751522,-0.0146340401843,0.544522285461,-0.838329434395
0.789482057095,0.0124472808093,1.13856947422,0.0195253696293,-0.0153209678829,0.547821879387,-0.836226701736
0.789587497711,0.0125306863338,1.1385743618,0.0190808996558,-0.0156427659094,0.549634754658,-0.83504062891
0.78903824091,0.0117156533524,1.13819491863,0.0211428292096,-0.0151016581804,0.549999594688,-0.834760665894
0.789197266102,0.0116536784917,1.13821697235,0.0210326444358,-0.0148554239422,0.551853358746,-0.833543598652
0.789441406727,0.0115934628993,1.13826024532,0.0205856487155,-0.0150531576946,0.553333520889,-0.832569360733
0.790278911591,0.0121886236593,1.13870179653,0.0182592310011,-0.0162379778922,0.556199431419,-0.830689549446
0.790214657784,0.0122009543702,1.13861179352,0.0181779768318,-0.0161453317851,0.557950437069,-0.829518020153
0.789804875851,0.0122088128701,1.13861370087,0.0185876134783,-0.017299734056,0.55911898613,-0.828698456287
0.78994333744,0.0122573412955,1.13860189915,0.0186275206506,-0.0173653829843,0.560506522655,-0.82775837183
0.790155053139,0.0116033423692,1.13825583458,0.0196906588972,-0.0158248469234,0.560948729515,-0.827464997768
0.791022539139,0.0121706640348,1.13878083229,0.0176731105894,-0.016501121223,0.563684821129,-0.825635969639
0.791780114174,0.0120432358235,1.13930726051,0.0165121182799,-0.0151853403077,0.564575016499,-0.825076878071
0.791356861591,0.0113740190864,1.13898205757,0.0186811368912,-0.0141047639772,0.564241886139,-0.825277626514
0.790671288967,0.0120263500139,1.13880968094,0.017645848915,-0.0178521368653,0.567443490028,-0.823029637337
0.790354728699,0.0113621214405,1.13852930069,0.0193011239171,-0.0167696010321,0.56735098362,-0.823079109192
0.790446341038,0.0113121587783,1.13858282566,0.0195852853358,-0.016997680068,0.56845241785,-0.822307288647
0.790548861027,0.0113595528528,1.13856649399,0.0194771997631,-0.0172834116966,0.569639861584,-0.821481823921
0.790956616402,0.0116642955691,1.13821899891,0.0181178953499,-0.0175143126398,0.571386754513,-0.82029402256
0.791361153126,0.0114046502858,1.13847672939,0.0185659267008,-0.0171374157071,0.572411596775,-0.819577038288
0.792085766792,0.012061224319,1.13877940178,0.0166044421494,-0.017969397828,0.574733972549,-0.817974567413
0.792241632938,0.0120924180374,1.13891780376,0.0165876336396,-0.0178425591439,0.575594305992,-0.817372441292
0.792315781116,0.0121844056994,1.13889193535,0.0164194833487,-0.0181720405817,0.576714336872,-0.816578686237
0.79119259119,0.0115333776921,1.13839292526,0.0185550842434,-0.0189502723515,0.576528966427,-0.8166462183
0.791374921799,0.0115165226161,1.13842868805,0.0185483619571,-0.0189737658948,0.577518522739,-0.815946340561
0.792151033878,0.0115538872778,1.13855695724,0.0183135773987,-0.0179322306067,0.578608572483,-0.815202534199
0.792214751244,0.0115948552266,1.13855600357,0.018415030092,-0.0182000566274,0.579591929913,-0.814495444298
0.792931675911,0.0123847434297,1.13894057274,0.0161867644638,-0.0192552469671,0.581770062447,-0.812964260578
0.792982280254,0.0123974606395,1.13890087605,0.016210924834,-0.0195226464421,0.582714736462,-0.812280476093
0.793047428131,0.0123516069725,1.13881731033,0.0159538052976,-0.019933309406,0.583737134933,-0.811541199684
0.792757511139,0.012384917587,1.13881444931,0.0162510685623,-0.0207970924675,0.584408044815,-0.811030626297
0.792843043804,0.0124345580116,1.13880252838,0.016222724691,-0.0210278164595,0.585335612297,-0.810356020927
0.792979955673,0.0123789384961,1.13870513439,0.0165159907192,-0.0210752319545,0.586328983307,-0.809630393982
0.79304087162,0.0125037841499,1.13865792751,0.0165093932301,-0.0212368499488,0.587099969387,-0.809067428112
0.793149411678,0.0124497115612,1.13868248463,0.016515199095,-0.0215137768537,0.587896227837,-0.808481574059
0.793257117271,0.0124805318192,1.13868415356,0.016486749053,-0.0216591618955,0.588773787022,-0.80783945322
0.793508827686,0.012629205361,1.13878035545,0.0164512638003,-0.021569294855,0.589554131031,-0.807273209095
0.793616652489,0.012675607577,1.1387720108,0.0164554063231,-0.0216999426484,0.590282142162,-0.806737422943
0.793692469597,0.0126081686467,1.13867425919,0.0166878513992,-0.0217815488577,0.591283977032,-0.805996537209
0.793838500977,0.0126174231991,1.13878703117,0.0168108716607,-0.0214902702719,0.591891348362,-0.80555588007
0.793973326683,0.0126482080668,1.13880074024,0.0168292727321,-0.0215623266995,0.592752933502,-0.804919779301
0.794106543064,0.0126906242222,1.13878917694,0.0169074255973,-0.0216624550521,0.593471765518,-0.80438554287
0.794279038906,0.0127224698663,1.13877630234,0.0168105810881,-0.0217042043805,0.5943146348,-0.803763985634
0.794414818287,0.0127792181447,1.13875389099,0.0170478131622,-0.0217288900167,0.595031261444,-0.803227841854
0.794638752937,0.0127673447132,1.13880181313,0.0170016139746,-0.0216358751059,0.595836043358,-0.802634596825
0.795185863972,0.0128091806546,1.13868868351,0.0161057244986,-0.0211993549019,0.596879601479,-0.801889002323
0.795269191265,0.012847173959,1.13867354393,0.0161701720208,-0.0213291365653,0.597441613674,-0.801465570927
0.795357227325,0.0129233039916,1.13867044449,0.0161553733051,-0.0214623957872,0.598017752171,-0.801032543182
0.795507133007,0.0130093898624,1.13867557049,0.0162673592567,-0.0214724186808,0.598805725574,-0.800441145897
0.795581579208,0.0130111798644,1.13867652416,0.0161196123809,-0.0215613953769,0.599403977394,-0.799993813038
0.795292794704,0.0130560975522,1.13868570328,0.0169178321958,-0.0219647791237,0.599763929844,-0.799696564674
0.795403659344,0.0130954412743,1.13866114616,0.016517193988,-0.0221571233124,0.600454688072,-0.799181103706
0.796214699745,0.0130310524255,1.13868117332,0.0151483882219,-0.0213259644806,0.602142214775,-0.797960221767
0.795898497105,0.0130063490942,1.13868582249,0.0154796019197,-0.0220679622144,0.602364599705,-0.797765791416
0.796031713486,0.0130146015435,1.13871669769,0.0155194606632,-0.021981427446,0.602890074253,-0.797370374203
0.796161413193,0.01305818744,1.13872587681,0.0155241508037,-0.0218802727759,0.603286623955,-0.797073125839
0.796833634377,0.0131656657904,1.13875126839,0.0149102723226,-0.0210771933198,0.6040610075,-0.796519696712
0.796259343624,0.0131320301443,1.13874578476,0.0172446481884,-0.0211856048554,0.6029343009,-0.79732298851
0.796781301498,0.0129957562312,1.13862109184,0.0178997535259,-0.020169198513,0.603291034698,-0.797065019608
0.796550393105,0.0131216170266,1.13870453835,0.0172323789448,-0.0208340957761,0.603654801846,-0.796787142754
0.79665607214,0.0130496658385,1.13862335682,0.0182758718729,-0.0206398665905,0.603865683079,-0.796609282494
0.797178089619,0.0133670475334,1.13878011703,0.0154614718631,-0.0212326552719,0.605932712555,-0.795082211494
0.797542572021,0.01322571747,1.1386282444,0.0177419483662,-0.01967616193,0.605027675629,-0.795763611794
0.797703027725,0.0132598374039,1.13864016533,0.0176288634539,-0.0195981431752,0.605425834656,-0.795465111732
0.79791367054,0.0134454965591,1.13876843452,0.01648048684,-0.0195571165532,0.605936527252,-0.795101821423
0.798083007336,0.0134983249009,1.13877892494,0.016453333199,-0.019416404888,0.606206417084,-0.794899940491
0.7985496521,0.0136881973594,1.13889312744,0.0147433448583,-0.0197755340487,0.607793569565,-0.793711960316
0.798444628716,0.0135339600965,1.13892221451,0.0167541801929,-0.0188361424953,0.60668194294,-0.794544816017
0.798788845539,0.0134616158903,1.1390376091,0.0170673243701,-0.0184577666223,0.606622755527,-0.794592320919
0.798511683941,0.0135296164081,1.13896167278,0.0171602461487,-0.0189566127956,0.606763422489,-0.794471144676
0.798659443855,0.0135996583849,1.1389695406,0.0169605277479,-0.0189682357013,0.607119500637,-0.794203042984
0.799068629742,0.013738617301,1.13903450966,0.0153821632266,-0.0194331929088,0.608674347401,-0.793033063412
0.799204945564,0.0137832807377,1.13903558254,0.0153689403087,-0.0193674322218,0.608875632286,-0.792880296707
0.799340963364,0.0138216949999,1.13904857635,0.0153701258823,-0.0192435141653,0.609046757221,-0.792751908302
0.799495518208,0.0138818863779,1.13904070854,0.0153250396252,-0.0191414151341,0.60914760828,-0.79267770052
0.799641489983,0.0139459464699,1.1390542984,0.0153136719018,-0.0189900957048,0.609319925308,-0.792549073696
0.800229072571,0.0140922684222,1.13890683651,0.0145006403327,-0.0184429772198,0.609799921513,-0.792208075523
0.799926161766,0.014036918059,1.13905978203,0.0152544798329,-0.0188264660537,0.609479308128,-0.792431592941
0.799909949303,0.014109224081,1.13890314102,0.015223457478,-0.0190178323537,0.609562933445,-0.792363345623
0.800039768219,0.0141581697389,1.13890480995,0.0152242770419,-0.0189281385392,0.609588384628,-0.792345881462
0.80016797781,0.0141921844333,1.13893520832,0.015244083479,-0.0188577380031,0.60967618227,-0.792279601097
0.800315439701,0.0142587292939,1.13891792297,0.0152069022879,-0.0188072584569,0.60964256525,-0.792307376862
0.800268828869,0.0142133133486,1.13889157772,0.0164076536894,-0.0181866288185,0.608514368534,-0.793164849281
0.80065703392,0.014341654256,1.13893866539,0.0149656515568,-0.0186897534877,0.609816551208,-0.792180895805
0.800454199314,0.0141280516982,1.13880777359,0.0177346263081,-0.017944842577,0.608222842216,-0.793365299702
0.800640940666,0.0141818188131,1.13879656792,0.01769400388,-0.0178372934461,0.608142852783,-0.793429970741
0.800805151463,0.0141358952969,1.1388463974,0.0177612118423,-0.0178603287786,0.608064234257,-0.793488264084
0.801251113415,0.0144840981811,1.1390131712,0.0154029699042,-0.0181324090809,0.609275341034,-0.792601764202
0.801354706287,0.0145749179646,1.13902103901,0.0153898745775,-0.0181539207697,0.609097361565,-0.792738318443
0.801437556744,0.0146510917693,1.13900220394,0.015388594009,-0.0182130169123,0.60893958807,-0.792858123779
0.80128377676,0.0145532656461,1.13897550106,0.016742521897,-0.017660934478,0.607498526573,-0.793947994709
0.80171585083,0.0147308669984,1.13902235031,0.0154611729085,-0.0180219691247,0.608590185642,-0.793129384518
0.801835715771,0.0147549379617,1.13900375366,0.0153980497271,-0.0180146098137,0.608456492424,-0.793233275414
0.801992177963,0.0147767905146,1.13905513287,0.0154932420701,-0.0178022626787,0.608235836029,-0.793405413628
0.802058339119,0.0146796870977,1.13916218281,0.016074474901,-0.0177226550877,0.608003020287,-0.793574154377
0.802732586861,0.014778604731,1.13911247253,0.0154037270695,-0.016969608143,0.608020663261,-0.79359036684
0.802879691124,0.0148028247058,1.13915801048,0.0155042307451,-0.0167506709695,0.607776403427,-0.793780207634
0.802749216557,0.0147466231138,1.13911938667,0.0169919133186,-0.0161078795791,0.606186330318,-0.794977903366
0.802347183228,0.0147711597383,1.13912832737,0.0174025539309,-0.0168723575771,0.605683207512,-0.795336663723
0.802479505539,0.014830486849,1.13914012909,0.0173559375107,-0.0167996957898,0.605406045914,-0.795550167561
0.802596211433,0.0149078872055,1.13915991783,0.0172655843198,-0.0167379211634,0.605118215084,-0.795772433281
0.80272603035,0.0149635113776,1.13917541504,0.0172249507159,-0.0166730936617,0.604892373085,-0.795946419239
0.802816390991,0.0149994418025,1.13919973373,0.0169229954481,-0.0166705008596,0.604680299759,-0.796113967896
0.802979588509,0.015032723546,1.13923287392,0.0170026049018,-0.0166961383075,0.604463160038,-0.796276569366
0.802963376045,0.0152423866093,1.1391813755,0.0166266299784,-0.0165594834834,0.604311704636,-0.796402394772
0.803004622459,0.0153769534081,1.13919317722,0.016849398613,-0.0165753979236,0.6040173769,-0.796620607376
0.803122997284,0.0154849328101,1.13924860954,0.0165857728571,-0.0166686419398,0.604025125504,-0.796618282795
