x,y,z,q0,q1,q2,q3
0.737080395222,-0.0869781896472,1.53991425037,-0.102331139147,0.0960176810622,0.681014716625,-0.718698859215
0.737226784229,-0.0867555215955,1.53931689262,-0.0992473736405,0.0945120453835,0.67915636301,-0.721085369587
0.737226784229,-0.0867555215955,1.53931689262,-0.0992473736405,0.0945120453835,0.67915636301,-0.721085369587
0.737844228745,-0.0862306058407,1.5400198698,-0.0990786924958,0.0959399044514,0.679683804512,-0.720422744751
0.738192915916,-0.0856578275561,1.53994703293,-0.0984974950552,0.0955566838384,0.680131554604,-0.720130681992
0.739756166935,-0.0842923596501,1.54003787041,-0.0996218845248,0.095422334969,0.682862281799,-0.717404484749
0.739557385445,-0.0835305452347,1.53937697411,-0.0964479520917,0.092527076602,0.681098878384,-0.719889342785
0.739557385445,-0.0835305452347,1.53937697411,-0.0964479520917,0.092527076602,0.681098878384,-0.719889342785
0.741114199162,-0.0827952325344,1.53990626335,-0.0958438962698,0.0974180027843,0.684502542019,-0.716086626053
0.742192864418,-0.0823612213135,1.5404766798,-0.094151943922,0.0981556922197,0.682567298412,-0.718054831028
0.741773962975,-0.0817731320858,1.54033303261,-0.093532525003,0.0969763174653,0.685214936733,-0.715770840645
0.743029356003,-0.0816415995359,1.54055333138,-0.0933011844754,0.0974909812212,0.685331523418,-0.715619325638
0.743897378445,-0.0805083215237,1.54028522968,-0.0923179611564,0.0955515429378,0.682434737682,-0.718769967556
0.744121015072,-0.0800189301372,1.54030191898,-0.0909695848823,0.0945159643888,0.682881832123,-0.718654036522
0.744835853577,-0.0794107615948,1.54039525986,-0.0908829718828,0.0941547453403,0.682893157005,-0.718701660633
0.744835853577,-0.0794107615948,1.54039525986,-0.0908829718828,0.0941547453403,0.682893157005,-0.718701660633
0.745782375336,-0.0783882439137,1.54048776627,-0.0890488922596,0.0929664820433,0.683012962341,-0.718972086906
0.745953738689,-0.0775485113263,1.54035377502,-0.0896041989326,0.0918404012918,0.68487817049,-0.717271506786
0.746846437454,-0.0773728713393,1.54055655003,-0.0877001434565,0.0918680801988,0.682788491249,-0.719492137432
0.746846437454,-0.0773728713393,1.54055655003,-0.0877001434565,0.0918680801988,0.682788491249,-0.719492137432
0.74773401022,-0.0763993188739,1.54076910019,-0.0861416682601,0.0909006074071,0.682599782944,-0.719982147217
0.74773401022,-0.0763993188739,1.54076910019,-0.0861416682601,0.0909006074071,0.682599782944,-0.719982147217
0.748375535011,-0.0751092731953,1.54062843323,-0.086260728538,0.0891058146954,0.684411048889,-0.718471229076
0.749034523964,-0.0748802870512,1.54031562805,-0.0848123058677,0.0883438512683,0.681698203087,-0.721311151981
0.74813747406,-0.0741675049067,1.54025697708,-0.0823796615005,0.0825930684805,0.680853128433,-0.723070502281
0.748650074005,-0.0736094862223,1.54026329517,-0.0835282728076,0.0824450105429,0.680384099483,-0.723396956921
0.74891936779,-0.0731717348099,1.53992962837,-0.0825928673148,0.0811202004552,0.680340588093,-0.723695218563
0.74891936779,-0.0731717348099,1.53992962837,-0.0825928673148,0.0811202004552,0.680340588093,-0.723695218563
0.750043988228,-0.0723078921437,1.54002273083,-0.082945086062,0.0809114128351,0.678661525249,-0.725253105164
0.750609993935,-0.0718239173293,1.54034721851,-0.0841732695699,0.0817440822721,0.67825371027,-0.725399672985
0.750538110733,-0.0710664689541,1.53991889954,-0.0855317637324,0.0805095955729,0.679676115513,-0.724046230316
0.750538110733,-0.0710664689541,1.53991889954,-0.0855317637324,0.0805095955729,0.679676115513,-0.724046230316
0.751527190208,-0.0707756727934,1.54054927826,-0.0846096873283,0.0819182321429,0.676616191864,-0.726857125759
0.751527190208,-0.0707756727934,1.54054927826,-0.0846096873283,0.0819182321429,0.676616191864,-0.726857125759
0.752655625343,-0.0706955417991,1.54070043564,-0.0842013135552,0.0874728038907,0.675771951675,-0.727042734623
0.753270626068,-0.0702991709113,1.54084992409,-0.0854303538799,0.0879919603467,0.674894154072,-0.727651834488
0.753471076488,-0.0699611008167,1.54087519646,-0.0859843119979,0.0881611257792,0.674228787422,-0.728182733059
0.753566205502,-0.0696492418647,1.54084968567,-0.0864130333066,0.0881838202477,0.673660635948,-0.72865486145
0.753579437733,-0.0694807320833,1.5407948494,-0.0864248722792,0.0883426219225,0.673108458519,-0.729144334793
0.753579437733,-0.0694807320833,1.5407948494,-0.0864248722792,0.0883426219225,0.673108458519,-0.729144334793
0.753075182438,-0.0685037225485,1.54039669037,-0.0873484686017,0.0831494033337,0.671635329723,-0.731000959873
0.753262758255,-0.0675525739789,1.54036343098,-0.0906033813953,0.08412206918,0.672234714031,-0.729941785336
0.753412246704,-0.0676874816418,1.54076385498,-0.0895642563701,0.0856656730175,0.670005381107,-0.731937408447
0.75389456749,-0.0673494338989,1.54047608376,-0.090959712863,0.0862269774079,0.669182598591,-0.732452094555
0.75389456749,-0.0673494338989,1.54047608376,-0.090959712863,0.0862269774079,0.669182598591,-0.732452094555
0.753907978535,-0.0663636475801,1.54024016857,-0.0951918661594,0.0872478410602,0.669916689396,-0.731121063232
0.753952026367,-0.0662510767579,1.54086077213,-0.0964454561472,0.0896693468094,0.669493615627,-0.731051266193
0.753952026367,-0.0662510767579,1.54086077213,-0.0964454561472,0.0896693468094,0.669493615627,-0.731051266193
0.753823459148,-0.0661268904805,1.54031479359,-0.0969347059727,0.0910719111562,0.666547179222,-0.733501553535
0.753713428974,-0.0657582432032,1.53995800018,-0.0986784771085,0.0919511914253,0.66580581665,-0.733832538128
0.753684639931,-0.0656597912312,1.54015827179,-0.100105062127,0.094045676291,0.665403902531,-0.733738541603
0.753684639931,-0.0656597912312,1.54015827179,-0.100105062127,0.094045676291,0.665403902531,-0.733738541603
0.754055202007,-0.0653230249882,1.54021930695,-0.104610398412,0.0982871204615,0.663689851761,-0.734106361866
0.753747045994,-0.0650810748339,1.53966283798,-0.105870120227,0.0985365062952,0.663242995739,-0.73429608345
0.753716826439,-0.0648503825068,1.53953254223,-0.10800717026,0.0999695584178,0.662293434143,-0.734648227692
0.753716826439,-0.0648503825068,1.53953254223,-0.10800717026,0.0999695584178,0.662293434143,-0.734648227692
0.753398418427,-0.0645879283547,1.53959596157,-0.111466094851,0.103961139917,0.661780118942,-0.734039723873
0.753398418427,-0.0645879283547,1.53959596157,-0.111466094851,0.103961139917,0.661780118942,-0.734039723873
0.753190755844,-0.064249753952,1.53920125961,-0.114657700062,0.106442078948,0.660160243511,-0.734651148319
0.753190755844,-0.064249753952,1.53920125961,-0.114657700062,0.106442078948,0.660160243511,-0.734651148319
0.752968132496,-0.0640040040016,1.53895938396,-0.117059282959,0.109256505966,0.659060776234,-0.734846353531
0.753065347672,-0.0638467222452,1.53894686699,-0.118305400014,0.110701188445,0.658497214317,-0.734935820103
0.752981305122,-0.0636908113956,1.53887295723,-0.119235143065,0.111542746425,0.658026099205,-0.735080242157
0.752981305122,-0.0636908113956,1.53887295723,-0.119235143065,0.111542746425,0.658026099205,-0.735080242157
0.7526486516,-0.0635786056519,1.53851270676,-0.120314963162,0.112757354975,0.656955301762,-0.735676527023
0.752612233162,-0.0633929669857,1.53859519958,-0.120946310461,0.113480836153,0.656533837318,-0.735838055611
0.752556622028,-0.0632825568318,1.53852367401,-0.121241748333,0.113692685962,0.656261742115,-0.735999345779
0.752556622028,-0.0632825568318,1.53852367401,-0.121241748333,0.113692685962,0.656261742115,-0.735999345779
0.752535104752,-0.0630775988102,1.53863477707,-0.121314950287,0.114399209619,0.65569460392,-0.736383199692
0.752504587173,-0.0629702359438,1.538662076,-0.121048614383,0.11433019489,0.655496180058,-0.736614406109
0.752506315708,-0.0628307238221,1.53864204884,-0.120749741793,0.113926097751,0.655445933342,-0.736770629883
0.752558767796,-0.0627453103662,1.53869020939,-0.12016312778,0.113643966615,0.65512496233,-0.737195491791
0.752838492393,-0.0625358298421,1.53878200054,-0.120205007493,0.113354749978,0.654858231544,-0.737470090389
0.752960145473,-0.0624265819788,1.53876459599,-0.119465537369,0.112721852958,0.65479016304,-0.737747609615
0.752901017666,-0.0623604245484,1.53875637054,-0.118340805173,0.111900813878,0.65474230051,-0.738096237183
0.753094136715,-0.0623567216098,1.53896009922,-0.117234990001,0.11167216301,0.654179871082,-0.738805770874
0.753422856331,-0.0621664524078,1.53907299042,-0.116706460714,0.11082161963,0.654261410236,-0.738945424557
0.753360569477,-0.0620808936656,1.53884375095,-0.114909417927,0.109272643924,0.653983473778,-0.739703416824
0.753743708134,-0.0618325099349,1.5389521122,-0.11446300894,0.108481042087,0.653763771057,-0.740083038807
0.753948867321,-0.0617565251887,1.53902220726,-0.113096766174,0.107626199722,0.653424441814,-0.740717351437
0.753858029842,-0.0616956353188,1.53892886639,-0.11113846302,0.106353737414,0.653540551662,-0.741095066071
0.754343748093,-0.0615400597453,1.53908634186,-0.110136732459,0.105357132852,0.65361982584,-0.741317152977
0.754383146763,-0.0614959821105,1.53909146786,-0.108198255301,0.10403200984,0.653328835964,-0.742045819759
0.754812896252,-0.0613199211657,1.5392062664,-0.107273265719,0.103238135576,0.653103947639,-0.742488861084
0.754840314388,-0.0612080916762,1.53917109966,-0.105397962034,0.101629547775,0.653298258781,-0.742808163166
0.755101084709,-0.0611286312342,1.53922724724,-0.103831194341,0.100455805659,0.652898192406,-0.743540108204
0.755563437939,-0.0609904266894,1.53934240341,-0.102986298501,0.0997292771935,0.652770578861,-0.743867218494
0.755563437939,-0.0609904266894,1.53934240341,-0.102986298501,0.0997292771935,0.652770578861,-0.743867218494
0.75571089983,-0.0608881786466,1.5393371582,-0.101449280977,0.0984087511897,0.653186321259,-0.743889451027
0.756286144257,-0.0607456862926,1.53935658932,-0.0983043536544,0.0964053720236,0.652674615383,-0.745022237301
0.756586194038,-0.0606088936329,1.53939604759,-0.0972984805703,0.0955036729574,0.652781307697,-0.745177030563
0.75693488121,-0.0605324655771,1.53945064545,-0.0959645435214,0.094648629427,0.652944207191,-0.745316267014
0.75693488121,-0.0605324655771,1.53945064545,-0.0959645435214,0.094648629427,0.652944207191,-0.745316267014
0.757250368595,-0.0604956150055,1.53948926926,-0.0948089361191,0.0940272286534,0.652858197689,-0.745618164539
0.757722496986,-0.0603814460337,1.53957486153,-0.0940022990108,0.0933143496513,0.653220653534,-0.745492339134
0.758033514023,-0.0604727268219,1.53966403008,-0.0912485718727,0.0923221185803,0.653264164925,-0.745919823647
0.758638560772,-0.0603592284024,1.53980338573,-0.0911891758442,0.0919100120664,0.653541862965,-0.745734751225
0.758638560772,-0.0603592284024,1.53980338573,-0.0911891758442,0.0919100120664,0.653541862965,-0.745734751225
0.758988440037,-0.0599048286676,1.53978574276,-0.0915054678917,0.0904293060303,0.656177103519,-0.743559658527
0.759482383728,-0.0598509311676,1.53988099098,-0.091329395771,0.0903293564916,0.656236767769,-0.74354070425
0.759823083878,-0.0602012202144,1.53994941711,-0.0886722058058,0.090223506093,0.654977381229,-0.744984447956
0.759915292263,-0.0602185279131,1.53989815712,-0.0878392979503,0.0897725522518,0.655236005783,-0.744910120964
0.760073065758,-0.0601713210344,1.53983807564,-0.0874277502298,0.0895615369081,0.655666053295,-0.744605302811
0.76031935215,-0.0602829046547,1.53978538513,-0.0870047882199,0.0893534198403,0.655972659588,-0.744409918785
0.760652422905,-0.0602144822478,1.53992772102,-0.0868915617466,0.0896849557757,0.656737327576,-0.743708610535
0.760652422905,-0.0602144822478,1.53992772102,-0.0868915617466,0.0896849557757,0.656737327576,-0.743708610535
0.761437058449,-0.0601531602442,1.5399825573,-0.0876330435276,0.0900558009744,0.657447636127,-0.742948770523
0.761437058449,-0.0601531602442,1.5399825573,-0.0876330435276,0.0900558009744,0.657447636127,-0.742948770523
0.761848032475,-0.0601903311908,1.5399749279,-0.0879644453526,0.0906704217196,0.658535480499,-0.741870701313
0.762064814568,-0.0602432452142,1.53986251354,-0.0883651822805,0.0908313393593,0.659342586994,-0.741086184978
0.762269079685,-0.0602263659239,1.53994905949,-0.08886256814,0.0914662703872,0.659848153591,-0.740498363972
0.762269079685,-0.0602263659239,1.53994905949,-0.08886256814,0.0914662703872,0.659848153591,-0.740498363972
0.762303769588,-0.0603167042136,1.53976500034,-0.0895557105541,0.0922221764922,0.660952150822,-0.739335536957
0.762404739857,-0.0604642033577,1.53963208199,-0.0900466963649,0.0927839651704,0.661315798759,-0.738880395889
0.762404739857,-0.0604642033577,1.53963208199,-0.0900466963649,0.0927839651704,0.661315798759,-0.738880395889
0.762489974499,-0.0604423135519,1.53970777988,-0.0907863080502,0.0936322808266,0.661822259426,-0.738229036331
0.763092041016,-0.0604828260839,1.53975713253,-0.09353081882,0.0958858057857,0.663070678711,-0.736474812031
0.762911915779,-0.0605281963944,1.5396232605,-0.0945123359561,0.0966014936566,0.663767933846,-0.735627532005
0.763067543507,-0.0606494694948,1.53962945938,-0.0958094224334,0.0979078188539,0.664266705513,-0.734836280346
0.763494372368,-0.0607368126512,1.53971517086,-0.0976937413216,0.0992259904742,0.664526939392,-0.734175801277
0.763518750668,-0.0604159533978,1.53961145878,-0.101031675935,0.0999737009406,0.66706097126,-0.731319069862
0.763445436954,-0.0604927167296,1.53952598572,-0.102414287627,0.101090073586,0.667910933495,-0.730196595192
0.763543784618,-0.0609386451542,1.53946626186,-0.101996317506,0.102544508874,0.666420996189,-0.731412649155
0.763507127762,-0.061050504446,1.53943252563,-0.103432543576,0.104047447443,0.666860103607,-0.730598151684
0.763507127762,-0.061050504446,1.53943252563,-0.103432543576,0.104047447443,0.666860103607,-0.730598151684
0.763601064682,-0.0611459836364,1.53940296173,-0.10516025871,0.105689518154,0.667224764824,-0.729782283306
0.76391261816,-0.0608950480819,1.53934502602,-0.11095225811,0.108286887407,0.67038756609,-0.725633502007
0.763803482056,-0.0614596903324,1.53930020332,-0.11049682647,0.109881959856,0.668757379055,-0.726966321468
0.764045000076,-0.0615473873913,1.539306283,-0.112387299538,0.111463934183,0.668826758862,-0.726371645927
0.764045000076,-0.0615473873913,1.539306283,-0.112387299538,0.111463934183,0.668826758862,-0.726371645927
0.76508897543,-0.06250115484,1.53968381882,-0.114800147712,0.120590411127,0.669921457767,-0.723522126675
0.765027523041,-0.0626794844866,1.53968310356,-0.115816555917,0.121640712023,0.670534193516,-0.722616016865
0.765016496181,-0.0628217980266,1.53966987133,-0.116591066122,0.122492313385,0.670886814594,-0.722020089626
0.765016496181,-0.0628217980266,1.53966987133,-0.116591066122,0.122492313385,0.670886814594,-0.722020089626
0.765121459961,-0.0629537254572,1.5393191576,-0.118131004274,0.123111627996,0.671670794487,-0.720934808254
0.765121459961,-0.0629537254572,1.5393191576,-0.118131004274,0.123111627996,0.671670794487,-0.720934808254
0.765227437019,-0.0630610138178,1.5393819809,-0.118629463017,0.123659700155,0.672012925148,-0.720440149307
0.765125870705,-0.0633025020361,1.53960108757,-0.118455886841,0.124237641692,0.672492086887,-0.719922065735
0.765534162521,-0.0634438097477,1.53967642784,-0.118841275573,0.124148748815,0.672917187214,-0.719476521015
0.765650212765,-0.0635322108865,1.53968393803,-0.118518449366,0.123718440533,0.673248529434,-0.71929371357
0.765650212765,-0.0635322108865,1.53968393803,-0.118518449366,0.123718440533,0.673248529434,-0.71929371357
0.765556812286,-0.0640504285693,1.5397131443,-0.115087479353,0.122347682714,0.673714995384,-0.719648480415
0.765732347965,-0.0642131045461,1.53978359699,-0.113836504519,0.121678091586,0.673649668694,-0.720022141933
0.766032993793,-0.0642075017095,1.54007899761,-0.113844551146,0.121574297547,0.673715114594,-0.719977140427
0.766263246536,-0.0644039362669,1.54014372826,-0.112034231424,0.120295278728,0.674302458763,-0.719926178455
0.766891002655,-0.0643002018332,1.54034042358,-0.111968062818,0.119442358613,0.673950791359,-0.720407545567
0.76711243391,-0.0644629374146,1.54043841362,-0.109929598868,0.118181049824,0.674144804478,-0.720748007298
0.76711243391,-0.0644629374146,1.54043841362,-0.109929598868,0.118181049824,0.674144804478,-0.720748007298
0.767459571362,-0.0646273121238,1.54059410095,-0.106416590512,0.115303352475,0.674674868584,-0.721245110035
0.767771720886,-0.0647975057364,1.5407217741,-0.104165613651,0.113976098597,0.674392998219,-0.722047924995
0.768270134926,-0.0648350268602,1.54096341133,-0.1029920578,0.113118723035,0.674391150475,-0.722352743149
0.768270134926,-0.0648350268602,1.54096341133,-0.1029920578,0.113118723035,0.674391150475,-0.722352743149
0.76887512207,-0.0650490671396,1.54115223885,-0.0989963039756,0.109873741865,0.674732208252,-0.723093509674
0.76887512207,-0.0650490671396,1.54115223885,-0.0989963039756,0.109873741865,0.674732208252,-0.723093509674
0.76945489645,-0.0652015656233,1.54121756554,-0.0952977091074,0.106932580471,0.674209833145,-0.724517047405
0.76945489645,-0.0652015656233,1.54121756554,-0.0952977091074,0.106932580471,0.674209833145,-0.724517047405
0.769818842411,-0.0653299838305,1.54083764553,-0.0909823700786,0.102730982006,0.673895716667,-0.725970566273
0.770305752754,-0.0654306411743,1.54128170013,-0.0899023041129,0.102218076587,0.674286961555,-0.725814223289
0.770605623722,-0.0656493902206,1.54141020775,-0.0880231708288,0.101213432848,0.674337148666,-0.726138651371
0.770605623722,-0.0656493902206,1.54141020775,-0.0880231708288,0.101213432848,0.674337148666,-0.726138651371
0.771347045898,-0.0658834576607,1.54135358334,-0.0853811278939,0.0988064408302,0.673902392387,-0.727188408375
0.771347045898,-0.0658834576607,1.54135358334,-0.0853811278939,0.0988064408302,0.673902392387,-0.727188408375
0.771063625813,-0.0654140710831,1.54146456718,-0.0839140117168,0.0908397585154,0.672785043716,-0.729429125786
0.771063625813,-0.0654140710831,1.54146456718,-0.0839140117168,0.0908397585154,0.672785043716,-0.729429125786
0.772297263145,-0.0662169978023,1.54175806046,-0.0826599374413,0.096811644733,0.673735380173,-0.727925598621
0.772824287415,-0.0666012093425,1.54191088676,-0.0811528787017,0.0957269221544,0.673479497433,-0.728475213051
0.773085236549,-0.0667967349291,1.54199266434,-0.0806192532182,0.0954655185342,0.673465371132,-0.728581726551
0.772964298725,-0.0669941902161,1.5419396162,-0.0797832980752,0.0949445515871,0.673675477505,-0.72854757309
0.773277819157,-0.0671914964914,1.54170942307,-0.0796994268894,0.0942202880979,0.673413395882,-0.728892922401
0.773277819157,-0.0671914964914,1.54170942307,-0.0796994268894,0.0942202880979,0.673413395882,-0.728892922401
0.773641884327,-0.0676683783531,1.54180419445,-0.0796599686146,0.0942191332579,0.673110723495,-0.729177117348
0.773791849613,-0.0679743736982,1.54205393791,-0.0797389224172,0.0946759656072,0.673005282879,-0.729206383228
0.774011135101,-0.0682333260775,1.54243075848,-0.0801694467664,0.0955836549401,0.673092544079,-0.728960216045
0.774323165417,-0.0684260725975,1.54246878624,-0.0808919817209,0.0960034504533,0.672929942608,-0.72897541523
0.774511754513,-0.0685831308365,1.54239714146,-0.0815716162324,0.0961661338806,0.672894001007,-0.728911399841
0.774618029594,-0.0688206627965,1.54239845276,-0.0821446627378,0.0966508761048,0.672849357128,-0.728824138641
0.77437466383,-0.0690960660577,1.54228448868,-0.0823324173689,0.0968358740211,0.672874093056,-0.728755533695
0.774457335472,-0.0694356039166,1.54232048988,-0.0830594673753,0.0976563096046,0.672873735428,-0.728563904762
0.774457335472,-0.0694356039166,1.54232048988,-0.0830594673753,0.0976563096046,0.672873735428,-0.728563904762
0.774513959885,-0.0697276741266,1.54232370853,-0.0839777141809,0.098377071321,0.672549307346,-0.728661298752
0.77484446764,-0.0701806917787,1.54202389717,-0.0870963260531,0.0993802621961,0.672294914722,-0.728393793106
0.774845957756,-0.070504873991,1.54200839996,-0.0881616771221,0.100297480822,0.672097146511,-0.728322446346
0.774885177612,-0.0704014599323,1.54195511341,-0.0916073918343,0.101238824427,0.673952698708,-0.726048529148
0.774885177612,-0.0704014599323,1.54195511341,-0.0916073918343,0.101238824427,0.673952698708,-0.726048529148
0.774546384811,-0.0711942091584,1.54187643528,-0.0901631936431,0.102183640003,0.67212086916,-0.727793037891
0.774935126305,-0.0714095458388,1.5419396162,-0.0927542075515,0.103604055941,0.671814739704,-0.727549314499
0.774987518787,-0.0719897076488,1.54189503193,-0.0965045392513,0.106174997985,0.671371877193,-0.72709941864
0.774894893169,-0.0719164982438,1.54176771641,-0.100094847381,0.106978163123,0.673202037811,-0.724800527096
0.774894893169,-0.0719164982438,1.54176771641,-0.100094847381,0.106978163123,0.673202037811,-0.724800527096
0.774709820747,-0.0725691467524,1.54145109653,-0.0993955507874,0.107550144196,0.671285152435,-0.726587712765
0.774895191193,-0.0732258558273,1.54177892208,-0.103276520967,0.110932148993,0.670757472515,-0.726025044918
0.774895191193,-0.0732258558273,1.54177892208,-0.103276520967,0.110932148993,0.670757472515,-0.726025044918
0.774539709091,-0.073454014957,1.54140841961,-0.107950501144,0.11201505363,0.672336041927,-0.723715186119
0.774522483349,-0.0741216763854,1.5413056612,-0.107210889459,0.112698063254,0.670172870159,-0.725722670555
0.774451673031,-0.0740206986666,1.54120743275,-0.110090009868,0.112878218293,0.672065556049,-0.723510026932
0.774451673031,-0.0740206986666,1.54120743275,-0.110090009868,0.112878218293,0.672065556049,-0.723510026932
0.774658501148,-0.0748946592212,1.5412709713,-0.10988599062,0.11363851279,0.669565558434,-0.725736558437
0.774595439434,-0.075212225318,1.54125142097,-0.109923757613,0.11343164742,0.669117391109,-0.726176321507
0.774596393108,-0.0755252242088,1.54124045372,-0.109812863171,0.113193742931,0.669020712376,-0.72631919384
0.774596393108,-0.0755252242088,1.54124045372,-0.109812863171,0.113193742931,0.669020712376,-0.72631919384
0.774815320969,-0.0760591477156,1.54153418541,-0.109710529447,0.113127104938,0.669183313847,-0.726195156574
0.774630427361,-0.0763022527099,1.54127621651,-0.108841359615,0.111686512828,0.669158756733,-0.726571500301
0.774730205536,-0.0766146704555,1.54138875008,-0.108079649508,0.11119119823,0.668815076351,-0.727077484131
0.774730205536,-0.0766146704555,1.54138875008,-0.108079649508,0.11119119823,0.668815076351,-0.727077484131
0.775052905083,-0.0771717280149,1.54156577587,-0.106723412871,0.109927125275,0.667875468731,-0.728332817554
0.775226473808,-0.0773424953222,1.54159808159,-0.106135345995,0.108905777335,0.667767465115,-0.728671073914
0.775140404701,-0.0775711536407,1.54158234596,-0.105001069605,0.107526361942,0.667874038219,-0.728942453861
0.775270760059,-0.0777879953384,1.54163634777,-0.10398504138,0.106480255723,0.667693555355,-0.729406893253
0.775270760059,-0.0777879953384,1.54163634777,-0.10398504138,0.106480255723,0.667693555355,-0.729406893253
0.775648117065,-0.0783321335912,1.54189813137,-0.101796329021,0.104930400848,0.667126119137,-0.730458855629
0.775648117065,-0.0783321335912,1.54189813137,-0.101796329021,0.104930400848,0.667126119137,-0.730458855629
0.776021778584,-0.0784793719649,1.54200935364,-0.101429484785,0.104149520397,0.666683912277,-0.731025099754
0.776282966137,-0.0788735896349,1.54208886623,-0.0995796248317,0.10204872489,0.666321158409,-0.731905817986
0.776451528072,-0.0792025625706,1.54209470749,-0.0985246300697,0.101124048233,0.66600137949,-0.732467710972
0.776451528072,-0.0792025625706,1.54209470749,-0.0985246300697,0.101124048233,0.66600137949,-0.732467710972
0.776614546776,-0.0793507546186,1.54216587543,-0.0976912304759,0.100198186934,0.665974080563,-0.73273140192
0.776472389698,-0.0795969516039,1.54224765301,-0.0967458486557,0.0994757413864,0.666082262993,-0.732856988907
0.776541531086,-0.0797569528222,1.54208385944,-0.0961019322276,0.0982282459736,0.665628552437,-0.733521819115
0.77704000473,-0.0799547880888,1.54221487045,-0.0960249826312,0.0979256927967,0.665089845657,-0.734060823917
0.777200698853,-0.0802093595266,1.54228103161,-0.0955706238747,0.0975298583508,0.664759993553,-0.734471440315
0.777334153652,-0.0804711952806,1.54235339165,-0.0951399877667,0.097169265151,0.664689958096,-0.734638631344
0.777272582054,-0.0807451531291,1.54230451584,-0.0944567620754,0.0964569449425,0.664470791817,-0.735018730164
0.777536988258,-0.0812724754214,1.54225075245,-0.0941968560219,0.0957585051656,0.664183139801,-0.735403299332
0.777536988258,-0.0812724754214,1.54225075245,-0.0941968560219,0.0957585051656,0.664183139801,-0.735403299332
0.777645587921,-0.081392891705,1.54231286049,-0.0943650603294,0.0955567583442,0.664042294025,-0.735535144806
0.777949690819,-0.0815660431981,1.54235863686,-0.0950928404927,0.0956812426448,0.663707375526,-0.735727548599
0.777997672558,-0.0818152576685,1.54234778881,-0.0954308584332,0.0955123901367,0.663425505161,-0.735959947109
0.778161346912,-0.082343749702,1.54235959053,-0.0962429940701,0.0959212630987,0.663008093834,-0.73617708683
0.778235554695,-0.0826554521918,1.54238891602,-0.0967373996973,0.0964910537004,0.662685334682,-0.736328423023
0.778235554695,-0.0826554521918,1.54238891602,-0.0967373996973,0.0964910537004,0.662685334682,-0.736328423023
0.778237104416,-0.0833273977041,1.54232931137,-0.0971741080284,0.0973687618971,0.662802398205,-0.736050069332
0.778237104416,-0.0833273977041,1.54232931137,-0.0971741080284,0.0973687618971,0.662802398205,-0.736050069332
0.778396189213,-0.0834851861,1.54224300385,-0.0989254117012,0.0978553295135,0.662147760391,-0.736341297626
0.778379559517,-0.0837577953935,1.54220235348,-0.0997453927994,0.0983413532376,0.661812901497,-0.736466944218
0.777491390705,-0.0831568986177,1.54176878929,-0.10441159457,0.0933567211032,0.663318932056,-0.735112905502
0.777491390705,-0.0831568986177,1.54176878929,-0.10441159457,0.0933567211032,0.663318932056,-0.735112905502
0.777502655983,-0.0834326148033,1.54173648357,-0.10554279387,0.0941198542714,0.662865102291,-0.735263109207
0.777577519417,-0.0841089114547,1.54173636436,-0.104850538075,0.0952985882759,0.660714387894,-0.737143933773
0.777573347092,-0.0843665599823,1.54169261456,-0.106375023723,0.0962303355336,0.660627424717,-0.736882388592
0.777282774448,-0.0847848206758,1.54155504704,-0.10664370656,0.0966169759631,0.660717666149,-0.736712098122
0.777038037777,-0.0851079076529,1.54144895077,-0.107911072671,0.0974897220731,0.660716176033,-0.736413776875
0.777216970921,-0.0854787454009,1.5413005352,-0.112611688673,0.0999692082405,0.659937620163,-0.73607558012
0.777216970921,-0.0854787454009,1.5413005352,-0.112611688673,0.0999692082405,0.659937620163,-0.73607558012
0.77703499794,-0.0859816521406,1.54127955437,-0.113757759333,0.101683728397,0.659784376621,-0.735801815987
0.776894927025,-0.0862144753337,1.54120218754,-0.11595838517,0.102930061519,0.659747838974,-0.735317528248
0.776764035225,-0.0865186229348,1.54113507271,-0.118511676788,0.104616515338,0.659163475037,-0.735196590424
0.776564657688,-0.0867543444037,1.54096460342,-0.120934955776,0.105818495154,0.659066200256,-0.734716951847
0.776443600655,-0.0871277302504,1.54085707664,-0.12340965122,0.107901111245,0.658661782742,-0.734365224838
0.776188611984,-0.0873929709196,1.54073011875,-0.126092225313,0.109751075506,0.658418238163,-0.733853399754
0.775745332241,-0.0880621746182,1.54052996635,-0.131981506944,0.114175871015,0.657468616962,-0.732993781567
0.775745332241,-0.0880621746182,1.54052996635,-0.131981506944,0.114175871015,0.657468616962,-0.732993781567
0.775434613228,-0.0879732370377,1.54037296772,-0.136929437518,0.115923114121,0.65926194191,-0.730195820332
0.774991035461,-0.0890260264277,1.54010021687,-0.141591012478,0.120975479484,0.656196832657,-0.731247365475
0.774991035461,-0.0890260264277,1.54010021687,-0.141591012478,0.120975479484,0.656196832657,-0.731247365475
0.774404644966,-0.0896886512637,1.53977060318,-0.148354932666,0.126197040081,0.654976189137,-0.730117321014
0.774404644966,-0.0896886512637,1.53977060318,-0.148354932666,0.126197040081,0.654976189137,-0.730117321014
0.774095773697,-0.090060941875,1.53962123394,-0.151694610715,0.128981396556,0.654149830341,-0.729685246944
0.773642301559,-0.0904238820076,1.53940176964,-0.155054196715,0.131241723895,0.653359413147,-0.729284107685
0.772407114506,-0.0915064811707,1.5388841629,-0.160705387592,0.136236160994,0.651953935623,-0.728402197361
0.772407114506,-0.0915064811707,1.5388841629,-0.160705387592,0.136236160994,0.651953935623,-0.728402197361
0.771488308907,-0.091737806797,1.53842771053,-0.162604406476,0.13707703352,0.651710152626,-0.728040874004
0.771000146866,-0.0921900048852,1.53819465637,-0.164515808225,0.138730227947,0.650822579861,-0.728092253208
0.770106911659,-0.092827796936,1.53764235973,-0.168059900403,0.140663504601,0.649876654148,-0.727756857872
0.76977366209,-0.0929858982563,1.53749191761,-0.17025090754,0.141269266605,0.649245619774,-0.727693498135
0.76977366209,-0.0929858982563,1.53749191761,-0.17025090754,0.141269266605,0.649245619774,-0.727693498135
0.769298136234,-0.0932873860002,1.53730237484,-0.171142175794,0.141425654292,0.648609340191,-0.728021383286
0.768957853317,-0.0935311242938,1.53713917732,-0.171739578247,0.141339853406,0.648461401463,-0.728029191494
0.768224775791,-0.0936407893896,1.53704786301,-0.173599183559,0.140058487654,0.650140345097,-0.726336359978
0.768224775791,-0.0936407893896,1.53704786301,-0.173599183559,0.140058487654,0.650140345097,-0.726336359978
0.767848074436,-0.0943415090442,1.53704965115,-0.170945137739,0.138724282384,0.648238778114,-0.728916883469
0.767848074436,-0.0943415090442,1.53704965115,-0.170945137739,0.138724282384,0.648238778114,-0.728916883469
0.767427802086,-0.0946604907513,1.5369528532,-0.168167710304,0.135632395744,0.647913217545,-0.730432748795
0.767427802086,-0.0946604907513,1.5369528532,-0.168167710304,0.135632395744,0.647913217545,-0.730432748795
0.767273843288,-0.0948270484805,1.53713464737,-0.166342437267,0.134203463793,0.648331701756,-0.730743288994
0.766976416111,-0.0944905132055,1.53719878197,-0.166186973453,0.131535440683,0.65032851696,-0.729488313198
0.767333865166,-0.0945981368423,1.53749275208,-0.164788335562,0.130087837577,0.650008201599,-0.730350077152
0.767282962799,-0.0950733795762,1.5376496315,-0.160142183304,0.128526896238,0.648479282856,-0.733014404774
0.767077684402,-0.0951303914189,1.53775680065,-0.15700109303,0.125890031457,0.648610889912,-0.734034359455
0.766865670681,-0.094784989953,1.53799951077,-0.15297318995,0.120699115098,0.650866627693,-0.733759880066
0.766865670681,-0.094784989953,1.53799951077,-0.15297318995,0.120699115098,0.650866627693,-0.733759880066
0.76696062088,-0.0951434671879,1.53827786446,-0.148112356663,0.118864350021,0.649078726768,-0.736634850502
0.76667368412,-0.0951023474336,1.53833270073,-0.144979521632,0.11602781713,0.649394094944,-0.737432003021
0.766644895077,-0.0950708538294,1.53863596916,-0.138878569007,0.111605189741,0.649580717087,-0.739122509956
0.766644895077,-0.0950708538294,1.53863596916,-0.138878569007,0.111605189741,0.649580717087,-0.739122509956
0.766485512257,-0.0950555577874,1.53869831562,-0.135633766651,0.109112538397,0.649668335915,-0.74001967907
0.766209304333,-0.0950715392828,1.53886938095,-0.130004942417,0.105109594762,0.650173962116,-0.741164445877
0.766209304333,-0.0950715392828,1.53886938095,-0.130004942417,0.105109594762,0.650173962116,-0.741164445877
0.766238451004,-0.0949223488569,1.53905487061,-0.128334417939,0.103460200131,0.649839103222,-0.741980731487
0.766154885292,-0.0950174480677,1.5391305685,-0.1254209131,0.101909004152,0.649735212326,-0.742784261703
0.766056120396,-0.0949271768332,1.5391998291,-0.124061986804,0.100691348314,0.649500787258,-0.743383169174
0.765894293785,-0.0949345678091,1.53926002979,-0.122351743281,0.0995851531625,0.649592101574,-0.743735909462
0.765731155872,-0.0949491262436,1.53932130337,-0.120827294886,0.0986744984984,0.649790108204,-0.743933498859
0.765508651733,-0.0949234291911,1.53933787346,-0.119781590998,0.0978402048349,0.649723768234,-0.744270682335
0.765280842781,-0.0949458479881,1.53937900066,-0.118839047849,0.0973642170429,0.64974373579,-0.744466722012
0.764713704586,-0.0950312912464,1.53939986229,-0.117501936853,0.097111441195,0.649722576141,-0.744730472565
0.764713704586,-0.0950312912464,1.53939986229,-0.117501936853,0.097111441195,0.649722576141,-0.744730472565
0.763851165771,-0.0951955243945,1.53931117058,-0.116766855121,0.0973920151591,0.649776160717,-0.744762599468
0.763851165771,-0.0951955243945,1.53931117058,-0.116766855121,0.0973920151591,0.649776160717,-0.744762599468
0.763615131378,-0.0952956005931,1.53934216499,-0.117136582732,0.0982335656881,0.649582803249,-0.744762599468
0.7631945014,-0.0953661799431,1.5392922163,-0.117732681334,0.0989117920399,0.649761497974,-0.744423031807
0.762755513191,-0.0955166518688,1.53924202919,-0.118482775986,0.100105844438,0.649618506432,-0.744269013405
0.762261271477,-0.0956148728728,1.53908419609,-0.119692154229,0.101223468781,0.649393260479,-0.744121015072
0.761687576771,-0.0956357568502,1.53891992569,-0.121311582625,0.10219374299,0.649154543877,-0.743934452534
0.761114239693,-0.0956678166986,1.53860092163,-0.123056031764,0.103316247463,0.648973762989,-0.743650436401
0.760437309742,-0.0958384275436,1.53844857216,-0.124716304243,0.104978434741,0.648626029491,-0.743444502354
0.759887456894,-0.0959114059806,1.53832149506,-0.126940026879,0.107103988528,0.648765087128,-0.742643177509
0.75844168663,-0.0961853340268,1.53805053234,-0.13159237802,0.111524157226,0.648224294186,-0.741654276848
0.75844168663,-0.0961853340268,1.53805053234,-0.13159237802,0.111524157226,0.648224294186,-0.741654276848
0.75686699152,-0.0961490496993,1.53768050671,-0.139334961772,0.11627805233,0.649518787861,-0.738370239735
0.75686699152,-0.0961490496993,1.53768050671,-0.139334961772,0.11627805233,0.649518787861,-0.738370239735
0.755364060402,-0.0968351811171,1.53743219376,-0.143915086985,0.122873343527,0.647277295589,-0.73839199543
0.755364060402,-0.0968351811171,1.53743219376,-0.143915086985,0.122873343527,0.647277295589,-0.73839199543
0.754419744015,-0.0969308391213,1.53716373444,-0.147403627634,0.125532209873,0.646684527397,-0.737775683403
0.753551781178,-0.0970937982202,1.53698992729,-0.150829508901,0.128471672535,0.646568655968,-0.736678004265
0.752577841282,-0.0972441136837,1.53664469719,-0.15421359241,0.131021603942,0.646175742149,-0.735872626305
0.750726819038,-0.0977424904704,1.5365883112,-0.160167768598,0.137573927641,0.645641982555,-0.733870625496
0.750726819038,-0.0977424904704,1.5365883112,-0.160167768598,0.137573927641,0.645641982555,-0.733870625496
0.748680651188,-0.0981504917145,1.53610730171,-0.165116965771,0.142366290092,0.645390987396,-0.732078433037
0.748680651188,-0.0981504917145,1.53610730171,-0.165116965771,0.142366290092,0.645390987396,-0.732078433037
0.747119247913,-0.0980174019933,1.53559029102,-0.168283089995,0.143117770553,0.647019863129,-0.729769587517
0.746077418327,-0.0981043949723,1.53535377979,-0.170522853732,0.144454941154,0.647064447403,-0.728946089745
0.745133459568,-0.0986864566803,1.53518390656,-0.170338347554,0.146368309855,0.645023584366,-0.730414807796
0.744185566902,-0.0987013354897,1.53501164913,-0.172148108482,0.147032335401,0.645409107208,-0.729515910149
0.742838978767,-0.0995330885053,1.53486740589,-0.173250794411,0.149250999093,0.64507573843,-0.729099154472
0.742838978767,-0.0995330885053,1.53486740589,-0.173250794411,0.149250999093,0.64507573843,-0.729099154472
0.742027401924,-0.0996812954545,1.53490352631,-0.173912674189,0.149743393064,0.64515453577,-0.728770792484
0.7407746315,-0.0989986211061,1.53463089466,-0.174928441644,0.148075342178,0.646687090397,-0.727509140968
0.740141391754,-0.099463135004,1.53455305099,-0.173015490174,0.148464545608,0.645207583904,-0.729198932648
0.739291965961,-0.0995736643672,1.53451275826,-0.172140479088,0.147584676743,0.644739747047,-0.72999805212
0.738168358803,-0.099760428071,1.53420484066,-0.171250522137,0.146567046642,0.644541442394,-0.730587184429
0.738101065159,-0.100379697978,1.53468871117,-0.170234054327,0.147350341082,0.644785523415,-0.730451822281
0.737414956093,-0.100467972457,1.53472280502,-0.169078201056,0.146119087934,0.644184947014,-0.731496751308
0.736890733242,-0.100601054728,1.5348098278,-0.167552083731,0.145178869367,0.643740653992,-0.732425749302
0.736119389534,-0.100359633565,1.5347391367,-0.165698871017,0.143314406276,0.643094241619,-0.73378098011
0.736101567745,-0.100814014673,1.53508460522,-0.164218574762,0.142530217767,0.642766833305,-0.734553158283
0.735619723797,-0.10086119175,1.53513741493,-0.16232407093,0.140937015414,0.642345666885,-0.735649228096
0.735212922096,-0.100988790393,1.53514683247,-0.159810066223,0.139528021216,0.641881406307,-0.736872434616
0.734645724297,-0.100996904075,1.53509938717,-0.157465338707,0.136933684349,0.641253054142,-0.738409459591
0.73401248455,-0.101135261357,1.53543686867,-0.153326749802,0.13424859941,0.640373468399,-0.740533649921
0.73401248455,-0.101135261357,1.53543686867,-0.153326749802,0.13424859941,0.640373468399,-0.740533649921
0.733365058899,-0.100944072008,1.53535485268,-0.150876939297,0.131673932076,0.639774799347,-0.742015123367
0.733121156693,-0.100996047258,1.53541398048,-0.148959085345,0.130175456405,0.639485895634,-0.742915451527
0.733042240143,-0.101019956172,1.53557085991,-0.1472145468,0.12871414423,0.63892018795,-0.74400383234
0.732421398163,-0.101039111614,1.53548657894,-0.144863978028,0.126598775387,0.638531446457,-0.745161056519
0.732071816921,-0.101106345654,1.53559207916,-0.143025875092,0.1252194345,0.63849568367,-0.745779454708
0.73196464777,-0.101089842618,1.5355489254,-0.141197815537,0.123435035348,0.638118326664,-0.746747612953
0.731830000877,-0.101142697036,1.5357940197,-0.139920204878,0.122557044029,0.637689471245,-0.747498691082
0.731688082218,-0.101098150015,1.53588867188,-0.138921305537,0.120768271387,0.637283086777,-0.748322188854
0.73143517971,-0.101134739816,1.53586745262,-0.137380570173,0.119361303747,0.63689994812,-0.749158203602
0.731558024883,-0.101331926882,1.53619647026,-0.136235266924,0.118803344667,0.636502325535,-0.74979364872
0.731024205685,-0.101289078593,1.53612196445,-0.134005784988,0.115798413754,0.635330557823,-0.751657068729
0.731024205685,-0.101289078593,1.53612196445,-0.134005784988,0.115798413754,0.635330557823,-0.751657068729
0.730704009533,-0.101324222982,1.53627479076,-0.132935360074,0.114928394556,0.634895980358,-0.752347588539
0.731066346169,-0.101447016001,1.53651678562,-0.132793724537,0.114580474794,0.633916854858,-0.753250718117
0.730828583241,-0.101502388716,1.53660953045,-0.132141456008,0.113708935678,0.633229851723,-0.754074931145
0.730359792709,-0.101150892675,1.53648114204,-0.133387714624,0.111843861639,0.633788406849,-0.753665089607
0.730061352253,-0.101182028651,1.53657722473,-0.133085206151,0.111155621707,0.632723391056,-0.754714429379
0.729816555977,-0.101352788508,1.53698968887,-0.132975623012,0.111409172416,0.63173854351,-0.755520939827
0.729467391968,-0.101375117898,1.53650999069,-0.132626056671,0.109752118587,0.630575895309,-0.756795167923
0.728658854961,-0.101590082049,1.53642809391,-0.13159956038,0.108937881887,0.629558861256,-0.757937848568
0.728483080864,-0.102019935846,1.5367565155,-0.131017163396,0.109666004777,0.626048028469,-0.760836184025
0.727972626686,-0.102033898234,1.53664553165,-0.131368532777,0.108898587525,0.624865829945,-0.761857151985
0.727534294128,-0.102098166943,1.53663241863,-0.132305815816,0.108707182109,0.623335897923,-0.762974560261
0.726825773716,-0.102411240339,1.53648674488,-0.132006525993,0.108334429562,0.62190836668,-0.764243364334
0.726347506046,-0.102575622499,1.53706884384,-0.133164927363,0.109695240855,0.620339989662,-0.76512247324
0.725716114044,-0.10218527168,1.53680968285,-0.136707603931,0.109032332897,0.620606005192,-0.764376401901
0.724897444248,-0.102721229196,1.53734767437,-0.138160437346,0.111172318459,0.615151107311,-0.768206715584
0.724897444248,-0.102721229196,1.53734767437,-0.138160437346,0.111172318459,0.615151107311,-0.768206715584
0.723999381065,-0.103638723493,1.536870718,-0.138958469033,0.114654168487,0.604582190514,-0.775902986526
0.723169803619,-0.102998189628,1.53699314594,-0.139945060015,0.11150059849,0.612013757229,-0.770339012146
0.722306728363,-0.103004224598,1.5362278223,-0.141579896212,0.110764242709,0.60978281498,-0.771914124489
0.721027731895,-0.103132590652,1.5365486145,-0.145054787397,0.113315060735,0.606420993805,-0.773545265198
0.721027731895,-0.103132590652,1.5365486145,-0.145054787397,0.113315060735,0.606420993805,-0.773545265198
0.719671010971,-0.103127174079,1.53590905666,-0.145926624537,0.112554177642,0.604751765728,-0.774798214436
0.718846142292,-0.103227123618,1.53585588932,-0.147685334086,0.113095402718,0.603232622147,-0.775569915771
0.717006802559,-0.103103205562,1.53595578671,-0.151664689183,0.115351259708,0.600769162178,-0.776381492615
0.717006802559,-0.103103205562,1.53595578671,-0.151664689183,0.115351259708,0.600769162178,-0.776381492615
0.715360641479,-0.103032007813,1.53508329391,-0.152277901769,0.114432871342,0.599676728249,-0.777241587639
0.714486896992,-0.102877765894,1.53546476364,-0.15490065515,0.116539806128,0.59899097681,-0.776938915253
0.714546859264,-0.103410892189,1.53572046757,-0.157723531127,0.123615920544,0.597432434559,-0.776477277279
0.712073147297,-0.102577246726,1.53482675552,-0.158263683319,0.117775157094,0.597747683525,-0.777032375336
0.710893630981,-0.102292731404,1.53468561172,-0.160462841392,0.118714556098,0.597120583057,-0.776920676231
0.710483789444,-0.102776676416,1.53486824036,-0.162476882339,0.125542253256,0.596093416214,-0.776217222214
0.709190309048,-0.102370560169,1.5347880125,-0.165154084563,0.126861050725,0.595219194889,-0.776108562946
0.707174479961,-0.101347520947,1.53422343731,-0.166298657656,0.121809057891,0.596070826054,-0.77601993084
0.705914139748,-0.100924819708,1.53395152092,-0.167886868119,0.122562043369,0.595728397369,-0.775822281837
0.70466452837,-0.100477583706,1.53390657902,-0.169287025928,0.123991429806,0.595765829086,-0.775261998177
0.703442573547,-0.0999155640602,1.53361320496,-0.170321956277,0.124432951212,0.595444738865,-0.775211274624
0.701074182987,-0.0985655635595,1.53324830532,-0.17157253623,0.125825494528,0.595032513142,-0.775027155876
0.701220929623,-0.0985116511583,1.53379869461,-0.172224223614,0.133081480861,0.59334051609,-0.77496778965
0.700091063976,-0.0975926294923,1.5335226059,-0.171735331416,0.133016496897,0.593356013298,-0.775075674057
0.700091063976,-0.0975926294923,1.5335226059,-0.171735331416,0.133016496897,0.593356013298,-0.775075674057
0.697864353657,-0.0964929908514,1.53274929523,-0.168936282396,0.127518713474,0.595261514187,-0.775153696537
0.698120832443,-0.0960380584002,1.53327393532,-0.169874206185,0.134299248457,0.593933880329,-0.774821937084
0.697401463985,-0.0949729010463,1.53325510025,-0.168793156743,0.134963646531,0.593262135983,-0.775457143784
0.696557581425,-0.0942033529282,1.53312051296,-0.166764244437,0.135356083512,0.593799591064,-0.775416314602
0.695662796497,-0.0934560075402,1.5330363512,-0.164404481649,0.13576413691,0.59370213747,-0.775923371315
0.695219814777,-0.0922258421779,1.53298223019,-0.162173032761,0.135966852307,0.594058811665,-0.77608448267
0.694989681244,-0.0910621508956,1.53293943405,-0.160499051213,0.136274784803,0.593493461609,-0.776810586452
0.694448649883,-0.0901636257768,1.53283715248,-0.157492026687,0.136225223541,0.593647122383,-0.777317225933
0.694043457508,-0.0890016257763,1.53302288055,-0.154714539647,0.136788263917,0.593895673752,-0.777586221695
0.693607449532,-0.0878729522228,1.53305017948,-0.151385456324,0.136582285166,0.593783438206,-0.778362989426
0.69307667017,-0.0857033133507,1.5331120491,-0.144610390067,0.136295333505,0.594151318073,-0.779420018196
0.69307667017,-0.0857033133507,1.5331120491,-0.144610390067,0.136295333505,0.594151318073,-0.779420018196
0.692669630051,-0.0834952443838,1.53322708607,-0.137624114752,0.135993570089,0.594178676605,-0.780715763569
0.692510604858,-0.0824479013681,1.53338110447,-0.13439591229,0.13579288125,0.593992173672,-0.781454622746
0.692510604858,-0.0824479013681,1.53338110447,-0.13439591229,0.13579288125,0.593992173672,-0.781454622746
0.69240128994,-0.0803214758635,1.53350496292,-0.127583637834,0.135147765279,0.594211339951,-0.782540977001
0.69240128994,-0.0803214758635,1.53350496292,-0.127583637834,0.135147765279,0.594211339951,-0.782540977001
0.691193223,-0.0804400295019,1.53299593925,-0.118959791958,0.133857637644,0.595908164978,-0.782830953598
0.691304385662,-0.0784272551537,1.53335976601,-0.112809538841,0.133886784315,0.59625774622,-0.78346991539
0.691304385662,-0.0784272551537,1.53335976601,-0.112809538841,0.133886784315,0.59625774622,-0.78346991539
0.691529691219,-0.0773937106133,1.53381097317,-0.110050857067,0.13405276835,0.596458494663,-0.783681035042
0.69147580862,-0.0765158608556,1.53386580944,-0.106695450842,0.133619517088,0.597108185291,-0.783724367619
0.691771566868,-0.0756098479033,1.53422319889,-0.104145951569,0.134102776647,0.597162783146,-0.783943116665
0.691916823387,-0.0746487230062,1.53416228294,-0.101436167955,0.133348897099,0.597854793072,-0.78389954567
0.692157924175,-0.0737295150757,1.53428053856,-0.0990768522024,0.133309215307,0.598407745361,-0.783786058426
0.692861914635,-0.0725817680359,1.53480625153,-0.0983916968107,0.134397223592,0.598486423492,-0.783626437187
0.692600488663,-0.0720841363072,1.5347546339,-0.0945262908936,0.13384437561,0.599751651287,-0.783229470253
0.692639887333,-0.0712670087814,1.53456413746,-0.0923214778304,0.133252024651,0.600304186344,-0.783170223236
0.693018376827,-0.0700444281101,1.53470528126,-0.0927648320794,0.132896408439,0.602913498878,-0.781171321869
0.693445324898,-0.0697039663792,1.53481435776,-0.0890917778015,0.133351132274,0.601511955261,-0.782600402832
0.693471550941,-0.0689918547869,1.53486275673,-0.0875462964177,0.133489593863,0.602661132812,-0.781866848469
0.693789839745,-0.0682580322027,1.53458702564,-0.0864938423038,0.132931858301,0.60331350565,-0.781575798988
0.694952726364,-0.0671803504229,1.53529644012,-0.0871969759464,0.134699329734,0.603470981121,-0.781073272228
0.694804549217,-0.0670193433762,1.53520321846,-0.0855003073812,0.134890809655,0.604487895966,-0.78044128418
0.694725751877,-0.0664109885693,1.53505575657,-0.0845011398196,0.135023742914,0.605508029461,-0.779736042023
0.695116460323,-0.0658966302872,1.53539252281,-0.0845229551196,0.136555537581,0.60658544302,-0.778628706932
0.695964932442,-0.0648985803127,1.53559029102,-0.0859038978815,0.137555703521,0.606739282608,-0.778181493282
0.695763647556,-0.064764559269,1.53520214558,-0.085219964385,0.137566268444,0.608173966408,-0.777134299278
0.696092903614,-0.0642767846584,1.53527832031,-0.0857539176941,0.138472557068,0.608915746212,-0.776333272457
0.696387171745,-0.0638707354665,1.53539597988,-0.0864324644208,0.13978049159,0.6093968153,-0.775645852089
0.697335064411,-0.0629958808422,1.53542399406,-0.0886610895395,0.140869557858,0.609708368778,-0.774952113628
0.697682261467,-0.0626838207245,1.53563821316,-0.0898279249668,0.142448574305,0.610563099384,-0.773855388165
0.698020517826,-0.0623258277774,1.53564870358,-0.0912699103355,0.143868178129,0.611149132252,-0.772960960865
0.69840490818,-0.0621378310025,1.53583621979,-0.0929808393121,0.146016821265,0.611753344536,-0.77187538147
0.698615193367,-0.0617652609944,1.53562223911,-0.0949137583375,0.14730258286,0.612139821053,-0.771089017391
0.699103713036,-0.0615040101111,1.53545379639,-0.0974878370762,0.149137303233,0.612045049667,-0.770490109921
0.699130117893,-0.0613076761365,1.53537201881,-0.0999096408486,0.151259884238,0.612854838371,-0.769121348858
0.699335098267,-0.061125382781,1.53523278236,-0.102587111294,0.153564468026,0.612845540047,-0.768319070339
0.699386656284,-0.0605887658894,1.53507041931,-0.107231765985,0.155457079411,0.615059733391,-0.765529930592
0.699788928032,-0.0607659704983,1.53507709503,-0.108995363116,0.158318147063,0.613484978676,-0.765957832336
0.700077474117,-0.0607971027493,1.53509187698,-0.111953116953,0.161663085222,0.613435804844,-0.764871358871
0.700557410717,-0.0604037754238,1.53556001186,-0.117815315723,0.16598854959,0.612699508667,-0.763653516769
0.700637221336,-0.0603238344193,1.53543591499,-0.120695509017,0.168351188302,0.613111197948,-0.762355029583
0.701044559479,-0.0602044537663,1.53514480591,-0.124244004488,0.170625314116,0.613346099854,-0.76108944416
0.700873672962,-0.0601089820266,1.53481566906,-0.126617595553,0.172329351306,0.613982856274,-0.759799778461
0.700970411301,-0.0600896179676,1.53469479084,-0.128814131021,0.174299627542,0.614280343056,-0.758739888668
0.701092720032,-0.0600487068295,1.53483378887,-0.131183251739,0.176916182041,0.615063071251,-0.757092535496
0.701167225838,-0.0599187165499,1.53491032124,-0.133251026273,0.178995743394,0.615754187107,-0.755679547787
0.701375067234,-0.059795089066,1.53435504436,-0.135275125504,0.180227771401,0.617246508598,-0.753807246685
0.701544761658,-0.0596344172955,1.53410160542,-0.135862797499,0.180154919624,0.618176937103,-0.752956092358
0.701763749123,-0.0596066638827,1.53399038315,-0.135624006391,0.180057913065,0.619488418102,-0.751943826675
0.701587259769,-0.059624992311,1.53430628777,-0.133988842368,0.180377811193,0.621836006641,-0.750220537186
0.701587259769,-0.059624992311,1.53430628777,-0.133988842368,0.180377811193,0.621836006641,-0.750220537186
0.700897336006,-0.058826059103,1.53357100487,-0.130849123001,0.171281948686,0.625754356384,-0.749648332596
0.700897336006,-0.058826059103,1.53357100487,-0.130849123001,0.171281948686,0.625754356384,-0.749648332596
0.70147550106,-0.058486752212,1.53354156017,-0.127704739571,0.169043287635,0.628668367863,-0.748259246349
0.70147550106,-0.058486752212,1.53354156017,-0.127704739571,0.169043287635,0.628668367863,-0.748259246349
0.703080713749,-0.0576024092734,1.5341745615,-0.125645846128,0.167057201266,0.630646169186,-0.74738907814
0.703080713749,-0.0576024092734,1.5341745615,-0.125645846128,0.167057201266,0.630646169186,-0.74738907814
0.703396916389,-0.0573494955897,1.53402256966,-0.123184032738,0.165002882481,0.632448732853,-0.746731817722
0.70447665453,-0.0568808503449,1.53453087807,-0.118784926832,0.162387728691,0.634800970554,-0.74602162838
0.704684615135,-0.0566471330822,1.53442561626,-0.115964777768,0.160502403975,0.636212408543,-0.745670855045
0.705255150795,-0.0561335682869,1.53460836411,-0.115141756833,0.158908203244,0.639441490173,-0.743374168873
0.705290079117,-0.0565453246236,1.53455448151,-0.10919367522,0.156747326255,0.639405786991,-0.744759917259
0.706064581871,-0.0561719834805,1.53482651711,-0.108299776912,0.155796423554,0.639512658119,-0.744998157024
0.706370413303,-0.0558773651719,1.53489625454,-0.106572382152,0.154259219766,0.641108989716,-0.744194686413
0.706771492958,-0.0556597933173,1.53511118889,-0.104707911611,0.153311863542,0.641837835312,-0.744026899338
0.707197844982,-0.0554941557348,1.53527331352,-0.102591820061,0.152135565877,0.642821669579,-0.743713676929
0.707479536533,-0.0554853901267,1.53536164761,-0.0998821780086,0.15068782866,0.64411842823,-0.743255198002
0.707479536533,-0.0554853901267,1.53536164761,-0.0998821780086,0.15068782866,0.64411842823,-0.743255198002
0.708336591721,-0.0561170689762,1.53568720818,-0.0977164208889,0.156192734838,0.64527285099,-0.741402924061
0.708557546139,-0.0555880367756,1.53553950787,-0.0981797799468,0.154902502894,0.64812630415,-0.739120006561
0.709122002125,-0.0558549650013,1.53586935997,-0.0955047532916,0.15514563024,0.646886646748,-0.740504145622
0.709718227386,-0.0555286183953,1.5359044075,-0.0941840335727,0.154163062572,0.648730635643,-0.739264369011
0.709718227386,-0.0555286183953,1.5359044075,-0.0941840335727,0.154163062572,0.648730635643,-0.739264369011
0.709942638874,-0.0553277134895,1.53591823578,-0.0940151661634,0.153810039163,0.649485111237,-0.738696753979
0.710590720177,-0.0550216436386,1.53613948822,-0.0956428796053,0.154424503446,0.649813532829,-0.738070487976
0.710682988167,-0.0549195073545,1.53620958328,-0.0956140235066,0.154723033309,0.650543093681,-0.737368643284
0.711046516895,-0.0546854734421,1.5364792347,-0.0969078019261,0.155891135335,0.651695668697,-0.735934495926
0.711164057255,-0.0545496419072,1.53647315502,-0.0978477448225,0.15647688508,0.652150630951,-0.735282421112
0.711209654808,-0.0543929859996,1.53648257256,-0.0992546975613,0.157583639026,0.652528107166,-0.734522223473
0.711209654808,-0.0543929859996,1.53648257256,-0.0992546975613,0.157583639026,0.652528107166,-0.734522223473
0.711300492287,-0.0543080121279,1.53644227982,-0.100520327687,0.158606871963,0.652761936188,-0.733922064304
0.711290597916,-0.0536896251142,1.53621780872,-0.1053308025,0.160617977381,0.654772162437,-0.731013476849
0.711252450943,-0.053544189781,1.53619837761,-0.107205197215,0.161929547787,0.655339002609,-0.729942858219
0.711252450943,-0.053544189781,1.53619837761,-0.107205197215,0.161929547787,0.655339002609,-0.729942858219
0.710300385952,-0.0531395934522,1.53568136692,-0.106163471937,0.156750902534,0.65461486578,-0.731872856617
0.710507273674,-0.0527565032244,1.53578865528,-0.109929554164,0.159179806709,0.654504239559,-0.730890989304
0.710131525993,-0.052185382694,1.53547883034,-0.11507114023,0.162368297577,0.658240258694,-0.726026833057
0.710131525993,-0.052185382694,1.53547883034,-0.11507114023,0.162368297577,0.658240258694,-0.726026833057
0.710328817368,-0.0518520399928,1.53551054001,-0.119375273585,0.167385429144,0.65645980835,-0.725804567337
0.710328817368,-0.0518520399928,1.53551054001,-0.119375273585,0.167385429144,0.65645980835,-0.725804567337
0.710101902485,-0.0512660369277,1.5353372097,-0.124240085483,0.171831652522,0.657800972462,-0.722728252411
0.710101902485,-0.0512660369277,1.5353372097,-0.124240085483,0.171831652522,0.657800972462,-0.722728252411
0.709693610668,-0.0502452477813,1.53528916836,-0.129821583629,0.175380766392,0.66042304039,-0.718491077423
0.709568679333,-0.0501295477152,1.5351318121,-0.129716128111,0.176871523261,0.659589529037,-0.718910336494
0.709568679333,-0.0501295477152,1.5351318121,-0.129716128111,0.176871523261,0.659589529037,-0.718910336494
0.709368526936,-0.049727037549,1.53498053551,-0.13037674129,0.178196430206,0.660671710968,-0.717468380928
0.709020555019,-0.0490093752742,1.53483688831,-0.132324829698,0.178648099303,0.663433849812,-0.714444339275
0.708811461926,-0.048539146781,1.53488314152,-0.132536888123,0.179345577955,0.664371371269,-0.713358283043
0.708221614361,-0.0479463227093,1.53452003002,-0.127952992916,0.178798109293,0.665542125702,-0.713241398335
0.70808160305,-0.0473941117525,1.53459775448,-0.12663936615,0.178652614355,0.66698974371,-0.712159156799
0.70808160305,-0.0473941117525,1.53459775448,-0.12663936615,0.178652614355,0.66698974371,-0.712159156799
0.70818156004,-0.0458807125688,1.53459906578,-0.124708332121,0.17707696557,0.669311225414,-0.710713803768
0.70818156004,-0.0458807125688,1.53459906578,-0.124708332121,0.17707696557,0.669311225414,-0.710713803768
0.707929909229,-0.0442621186376,1.53442978859,-0.121607214212,0.173683390021,0.673804581165,-0.707837045193
0.707929909229,-0.0442621186376,1.53442978859,-0.121607214212,0.173683390021,0.673804581165,-0.707837045193
0.707740306854,-0.0428001210093,1.53476405144,-0.116712190211,0.171451538801,0.677355766296,-0.705812931061
0.707880496979,-0.0423686765134,1.53486943245,-0.11242094636,0.170134961605,0.676931202412,-0.707233905792
0.70793223381,-0.0415409356356,1.53476881981,-0.109889961779,0.167938813567,0.678233623505,-0.706908643246
0.70793223381,-0.0415409356356,1.53476881981,-0.109889961779,0.167938813567,0.678233623505,-0.706908643246
0.707877218723,-0.0398584827781,1.53501772881,-0.106335230172,0.165385261178,0.682869911194,-0.703583180904
0.707843542099,-0.039068967104,1.53509926796,-0.103880293667,0.164176493883,0.684710085392,-0.702443599701
0.707850813866,-0.0382026657462,1.53515541553,-0.102251663804,0.163370341063,0.686196386814,-0.701419472694
0.708002924919,-0.0378944277763,1.53553473949,-0.0981445461512,0.163130313158,0.685746073723,-0.702501654625
0.708003520966,-0.0371182002127,1.53560197353,-0.0962817445397,0.162415355444,0.687063217163,-0.701637506485
0.708002209663,-0.0358629450202,1.53543579578,-0.0969895422459,0.16145889461,0.690176665783,-0.698699057102
0.708036482334,-0.0352239608765,1.53552758694,-0.095536544919,0.16168153286,0.691344618797,-0.697692275047
0.708036482334,-0.0352239608765,1.53552758694,-0.095536544919,0.16168153286,0.691344618797,-0.697692275047
0.708076417446,-0.0336235314608,1.53594195843,-0.0937831774354,0.162485376,0.694470405579,-0.694632470608
0.708076417446,-0.0336235314608,1.53594195843,-0.0937831774354,0.162485376,0.694470405579,-0.694632470608
0.708137333393,-0.0321278050542,1.53607988358,-0.0928477272391,0.163712918758,0.697154760361,-0.691775143147
0.70805221796,-0.0313188135624,1.53585207462,-0.0926244482398,0.164400205016,0.698440849781,-0.690343260765
0.708140909672,-0.0305622443557,1.53571355343,-0.0927123874426,0.16522064805,0.699469566345,-0.689092814922
0.708140909672,-0.0305622443557,1.53571355343,-0.0927123874426,0.16522064805,0.699469566345,-0.689092814922
0.70809596777,-0.0295750647783,1.53591620922,-0.0933896824718,0.166724815965,0.700909793377,-0.687173068523
0.708134531975,-0.0288818087429,1.53627371788,-0.0943048149347,0.169615328312,0.702149450779,-0.6850720644
0.707944989204,-0.028222758323,1.53618133068,-0.0947219580412,0.171332553029,0.703601777554,-0.683094084263
0.707803547382,-0.0265968553722,1.53594386578,-0.0969879329205,0.174721434712,0.706393897533,-0.679023981094
0.707803547382,-0.0265968553722,1.53594386578,-0.0969879329205,0.174721434712,0.706393897533,-0.679023981094
0.707736372948,-0.025763053447,1.53554046154,-0.0985702127218,0.175804823637,0.707163214684,-0.677714407444
0.707584261894,-0.0243211425841,1.53567636013,-0.101594865322,0.181588962674,0.709554135799,-0.673228740692
0.70736759901,-0.0235722996294,1.53530573845,-0.103221364319,0.183158382773,0.710970401764,-0.671058416367
0.70736759901,-0.0235722996294,1.53530573845,-0.103221364319,0.183158382773,0.710970401764,-0.671058416367
0.707250535488,-0.0219236128032,1.53483057022,-0.107124239206,0.188327416778,0.712795317173,-0.667068421841
0.707250535488,-0.0219236128032,1.53483057022,-0.107124239206,0.188327416778,0.712795317173,-0.667068421841
0.707093656063,-0.0203000456095,1.53496789932,-0.111807450652,0.194723919034,0.715319216251,-0.66174018383
0.706999897957,-0.0194928608835,1.53456497192,-0.113761633635,0.197226449847,0.716324925423,-0.659574747086
0.706764698029,-0.0185894668102,1.53486204147,-0.116276539862,0.200923442841,0.717054128647,-0.657223761082
0.706764698029,-0.0185894668102,1.53486204147,-0.116276539862,0.200923442841,0.717054128647,-0.657223761082
0.707092404366,-0.0180526934564,1.53488862514,-0.119068689644,0.213884234428,0.718937337399,-0.650542259216
0.707092404366,-0.0180526934564,1.53488862514,-0.119068689644,0.213884234428,0.718937337399,-0.650542259216
0.706236481667,-0.0161318443716,1.53409576416,-0.122716799378,0.209156095982,0.720263779163,-0.649934232235
0.706867456436,-0.0170442592353,1.53486263752,-0.119163706899,0.224174723029,0.716041922569,-0.650253653526
0.707440674305,-0.0142430886626,1.53448617458,-0.130228638649,0.226765036583,0.721469640732,-0.641170561314
0.707440674305,-0.0142430886626,1.53448617458,-0.130228638649,0.226765036583,0.721469640732,-0.641170561314
0.706349074841,-0.0122948996723,1.53379952908,-0.130542457104,0.229887068272,0.720468401909,-0.64112085104
0.705463647842,-0.013307698071,1.5339949131,-0.125189363956,0.233873978257,0.720103919506,-0.641156077385
0.705463647842,-0.013307698071,1.5339949131,-0.125189363956,0.233873978257,0.720103919506,-0.641156077385
0.705794930458,-0.0103301294148,1.53346765041,-0.133523240685,0.234430000186,0.722311139107,-0.636773765087
0.704963386059,-0.00825667381287,1.53278648853,-0.136739045382,0.228889688849,0.723768115044,-0.636452376842
0.705273211002,-0.00834858417511,1.53315746784,-0.135780781507,0.238669931889,0.724038004875,-0.632747352123
0.704695641994,-0.00624092295766,1.53269374371,-0.136559665203,0.240940213203,0.726003110409,-0.629459142685
0.703890860081,-0.00403081253171,1.53194868565,-0.138446971774,0.233892694116,0.727718353271,-0.629724383354
0.703890860081,-0.00403081253171,1.53194868565,-0.138446971774,0.233892694116,0.727718353271,-0.629724383354
0.703621149063,-0.00289830192924,1.53165996075,-0.138448938727,0.233926951885,0.728791236877,-0.628469109535
0.703004956245,-0.000614654272795,1.53134477139,-0.136609360576,0.233699426055,0.731365203857,-0.625961184502
0.703004956245,-0.000614654272795,1.53134477139,-0.136609360576,0.233699426055,0.731365203857,-0.625961184502
0.702553033829,0.00164697691798,1.53104662895,-0.133736848831,0.232740730047,0.733657300472,-0.624254047871
0.702553033829,0.00164697691798,1.53104662895,-0.133736848831,0.232740730047,0.733657300472,-0.624254047871
0.702621996403,0.00281531363726,1.53144609928,-0.127710908651,0.238818109035,0.735081374645,-0.621539473534
0.702432453632,0.00394039601088,1.53146255016,-0.125722050667,0.237978085876,0.736334621906,-0.620783269405
0.701732516289,0.00627285987139,1.53056871891,-0.125770553946,0.228221789002,0.738501966,-0.621861338615
0.701732516289,0.00627285987139,1.53056871891,-0.125770553946,0.228221789002,0.738501966,-0.621861338615
0.701349020004,0.0086161904037,1.53047120571,-0.121312044561,0.225869879127,0.740775942802,-0.620900332928
0.701349020004,0.0086161904037,1.53047120571,-0.121312044561,0.225869879127,0.740775942802,-0.620900332928
0.700688958168,0.0109957382083,1.53012776375,-0.115436606109,0.222201764584,0.74315738678,-0.62049806118
0.700688958168,0.0109957382083,1.53012776375,-0.115436606109,0.222201764584,0.74315738678,-0.62049806118
0.700365662575,0.0133543536067,1.5302491188,-0.111072719097,0.220131054521,0.745256662369,-0.619514107704
0.700729727745,0.0133148785681,1.53087663651,-0.106502480805,0.227004945278,0.746031701565,-0.616897702217
0.700547933578,0.0146027542651,1.53053057194,-0.104451350868,0.225386947393,0.746832966805,-0.61687207222
0.700291514397,0.0157899186015,1.53039097786,-0.102703422308,0.224272847176,0.747472047806,-0.616797804832
0.700280666351,0.016971770674,1.53028988838,-0.101461343467,0.223779186606,0.748550415039,-0.615873873234
0.700143158436,0.0181573648006,1.53025782108,-0.100356712937,0.223705694079,0.749233722687,-0.615250706673
0.700143158436,0.0181573648006,1.53025782108,-0.100356712937,0.223705694079,0.749233722687,-0.615250706673
0.69971203804,0.0205384548753,1.52998805046,-0.0982766747475,0.223358690739,0.750710248947,-0.613911092281
0.699538528919,0.0217691157013,1.52960693836,-0.0979610458016,0.222948074341,0.751240313053,-0.613462209702
0.699538528919,0.0217691157013,1.52960693836,-0.0979610458016,0.222948074341,0.751240313053,-0.613462209702
0.699522733688,0.0230715814978,1.5294880867,-0.0981871709228,0.223571911454,0.751421093941,-0.612977385521
0.699118256569,0.0253533814102,1.52948868275,-0.0980108976364,0.22608268261,0.752976357937,-0.610169708729
0.698612868786,0.0263728275895,1.52883994579,-0.0976198464632,0.226003646851,0.753776013851,-0.609273850918
0.698612868786,0.0263728275895,1.52883994579,-0.0976198464632,0.226003646851,0.753776013851,-0.609273850918
0.698124587536,0.0287721622735,1.52815771103,-0.0982687696815,0.227961391211,0.754175782204,-0.607943952084
0.698124587536,0.0287721622735,1.52815771103,-0.0982687696815,0.227961391211,0.754175782204,-0.607943952084
0.697823524475,0.0311820972711,1.52787971497,-0.100823700428,0.231896296144,0.754709661007,-0.605369389057
0.697498977184,0.0322322025895,1.52784073353,-0.101840659976,0.234353885055,0.75499778986,-0.603891730309
0.697078466415,0.0333963520825,1.52749502659,-0.102893315256,0.236031994224,0.755333065987,-0.602639138699
0.696652054787,0.0344536192715,1.5271897316,-0.103503286839,0.237801238894,0.755803406239,-0.601247787476
0.696273386478,0.0356221906841,1.52707242966,-0.104882866144,0.240199103951,0.755828380585,-0.600022852421
0.696273386478,0.0356221906841,1.52707242966,-0.104882866144,0.240199103951,0.755828380585,-0.600022852421
0.695247352123,0.039059214294,1.52566862106,-0.111044347286,0.236549392343,0.756584644318,-0.599410831928
0.695069313049,0.0401533916593,1.52540445328,-0.112899079919,0.238666981459,0.756363511086,-0.598503172398
0.695069313049,0.0401533916593,1.52540445328,-0.112899079919,0.238666981459,0.756363511086,-0.598503172398
0.694028258324,0.0423729196191,1.52460706234,-0.114941239357,0.241113334894,0.756901621819,-0.596450328827
0.693866074085,0.0434076264501,1.52443027496,-0.116697348654,0.243185728788,0.756681025028,-0.595547020435
0.693722307682,0.0433176010847,1.52460491657,-0.114600405097,0.251691222191,0.756183505058,-0.593047082424
0.693722307682,0.0433176010847,1.52460491657,-0.114600405097,0.251691222191,0.756183505058,-0.593047082424
0.692774116993,0.0465885326266,1.52347302437,-0.119069866836,0.246139720082,0.756619632244,-0.593939602375
0.692549049854,0.0476941913366,1.52327299118,-0.12019187212,0.246764525771,0.756445765495,-0.593676030636
0.692160367966,0.0486465990543,1.52318191528,-0.120363377035,0.247938394547,0.756331562996,-0.593297481537
0.692082941532,0.0485423058271,1.52363145351,-0.117378056049,0.255943000317,0.755406141281,-0.591673076153
0.691580474377,0.0507260337472,1.52272772789,-0.120444364846,0.248422041535,0.755798101425,-0.59375834465
0.691812634468,0.0506587810814,1.52340257168,-0.117992252111,0.256711065769,0.754738926888,-0.592069625854
0.691812634468,0.0506587810814,1.52340257168,-0.117992252111,0.256711065769,0.754738926888,-0.592069625854
0.690842747688,0.0537510886788,1.52240586281,-0.119907833636,0.248978376389,0.755259692669,-0.594318687916
0.690842747688,0.0537510886788,1.52240586281,-0.119907833636,0.248978376389,0.755259692669,-0.594318687916
0.690653264523,0.0558403097093,1.52202403545,-0.11956936866,0.248759105802,0.754173755646,-0.595855772495
0.690442800522,0.0568292811513,1.52184081078,-0.118993744254,0.248479962349,0.754017829895,-0.596284747124
0.690106272697,0.0576768666506,1.52182781696,-0.118235692382,0.248921692371,0.753505945206,-0.596898019314
0.689976274967,0.0586408562958,1.52164721489,-0.117504246533,0.248919248581,0.752853929996,-0.597865402699
0.689804673195,0.0583951324224,1.52200675011,-0.113078199327,0.25622266531,0.752072572708,-0.596615672112
0.689804673195,0.0583951324224,1.52200675011,-0.113078199327,0.25622266531,0.752072572708,-0.596615672112
0.689256489277,0.0603638626635,1.52135908604,-0.115374483168,0.249110519886,0.752042472363,-0.599220216274
0.688855648041,0.0621499605477,1.52110433578,-0.114247947931,0.249867722392,0.750966787338,-0.600468456745
0.688855648041,0.0621499605477,1.52110433578,-0.114247947931,0.249867722392,0.750966787338,-0.600468456745
0.688975453377,0.0639892816544,1.52130532265,-0.114653632045,0.251810848713,0.748901069164,-0.602157115936
0.688975453377,0.0639892816544,1.52130532265,-0.114653632045,0.251810848713,0.748901069164,-0.602157115936
0.688188433647,0.0645811110735,1.52146685123,-0.110256366432,0.260227203369,0.746575415134,-0.602287828922
0.688188433647,0.0645811110735,1.52146685123,-0.110256366432,0.260227203369,0.746575415134,-0.602287828922
0.687528669834,0.0663837194443,1.52067565918,-0.112483762205,0.253354281187,0.746949970722,-0.604338407516
0.687085151672,0.0680759996176,1.52039396763,-0.113130643964,0.255201667547,0.744875311852,-0.605998635292
0.686703026295,0.0687512159348,1.52023017406,-0.113205134869,0.256289243698,0.744055330753,-0.606532990932
0.686197221279,0.0694472715259,1.52008473873,-0.112916126847,0.25738120079,0.743261158466,-0.607097923756
0.685935974121,0.0701104179025,1.51963925362,-0.113042533398,0.257642149925,0.742458105087,-0.607945561409
0.685519397259,0.0709564834833,1.51948213577,-0.113151587546,0.258482277393,0.741476655006,-0.608766019344
0.685519397259,0.0709564834833,1.51948213577,-0.113151587546,0.258482277393,0.741476655006,-0.608766019344
0.684774577618,0.0722894221544,1.51921796799,-0.113793238997,0.261252522469,0.739299893379,-0.610110044479
0.684232413769,0.0728340595961,1.51875293255,-0.113494805992,0.261358469725,0.738889038563,-0.610617637634
0.683901071548,0.0735089853406,1.51866137981,-0.114245265722,0.262748897076,0.737661004066,-0.611365258694
0.683901071548,0.0735089853406,1.51866137981,-0.114245265722,0.262748897076,0.737661004066,-0.611365258694
0.683021783829,0.0748093053699,1.51832127571,-0.115088783205,0.264744490385,0.735747635365,-0.612650334835
0.682391941547,0.0753044337034,1.51803088188,-0.114954642951,0.26519086957,0.73505461216,-0.61331397295
0.682164609432,0.0758747532964,1.51795232296,-0.11609518528,0.266615122557,0.733625233173,-0.6141923666
0.682164609432,0.0758747532964,1.51795232296,-0.11609518528,0.266615122557,0.733625233173,-0.6141923666
0.682055771351,0.0754134953022,1.51837003231,-0.113952465355,0.274926841259,0.731454849243,-0.613517820835
0.681304037571,0.077014580369,1.51742172241,-0.117223493755,0.267815589905,0.731851696968,-0.615570187569
0.680457532406,0.0780316963792,1.51702070236,-0.118079982698,0.269399523735,0.72973805666,-0.617222249508
0.680457532406,0.0780316963792,1.51702070236,-0.118079982698,0.269399523735,0.72973805666,-0.617222249508
0.679600596428,0.0790905207396,1.51659178734,-0.118949979544,0.270746767521,0.727977871895,-0.618542969227
0.679153323174,0.079494304955,1.51662516594,-0.119488336146,0.271904051304,0.727138578892,-0.618918716908
0.678644657135,0.0798767358065,1.51638770103,-0.119741462171,0.272355973721,0.72627300024,-0.619686901569
0.678676962852,0.0792302936316,1.51697313786,-0.117611370981,0.281117200851,0.724369704723,-0.618408679962
0.678208529949,0.0796728059649,1.51671433449,-0.117861576378,0.281382888556,0.723596632481,-0.61914485693
0.677857041359,0.0800243243575,1.51663959026,-0.118231587112,0.282328814268,0.722803771496,-0.619569540024
0.677857041359,0.0800243243575,1.51663959026,-0.118231587112,0.282328814268,0.722803771496,-0.619569540024
0.676935970783,0.0808774158359,1.51629638672,-0.118829846382,0.283159762621,0.721470236778,-0.620629370213
0.676654160023,0.081246830523,1.51608705521,-0.119226261973,0.283591657877,0.720844268799,-0.621083259583
0.676324784756,0.0815771445632,1.51596701145,-0.119540482759,0.284252732992,0.720319211483,-0.621329903603
0.675615370274,0.0831970572472,1.51495420933,-0.122558660805,0.276317298412,0.720405936241,-0.624214172363
0.675615370274,0.0831970572472,1.51495420933,-0.122558660805,0.276317298412,0.720405936241,-0.624214172363
0.675220072269,0.083437114954,1.51487517357,-0.122659690678,0.276844441891,0.720179200172,-0.624222397804
0.675289273262,0.082631751895,1.51551985741,-0.120377369225,0.285328358412,0.718730807304,-0.622513532639
0.674517631531,0.0831741318107,1.51539564133,-0.12062945962,0.286242693663,0.717967092991,-0.622926235199
0.674517631531,0.0831741318107,1.51539564133,-0.12062945962,0.286242693663,0.717967092991,-0.622926235199
0.673925459385,0.0838972181082,1.51502656937,-0.121013380587,0.286216408014,0.717185020447,-0.623764038086
0.673620343208,0.0841353833675,1.51489281654,-0.121117092669,0.286295711994,0.717006623745,-0.623912632465
0.673620343208,0.0841353833675,1.51489281654,-0.121117092669,0.286295711994,0.717006623745,-0.623912632465
0.672591209412,0.0857888385653,1.51388370991,-0.123990997672,0.278433889151,0.717520654202,-0.626310706139
0.672591209412,0.0857888385653,1.51388370991,-0.123990997672,0.278433889151,0.717520654202,-0.626310706139
0.672015726566,0.086272969842,1.51372408867,-0.124266408384,0.279219090939,0.71701002121,-0.626491189003
0.67202937603,0.0854178369045,1.51444613934,-0.121928937733,0.287236094475,0.715763509274,-0.62474912405
0.671821773052,0.0856418311596,1.51423764229,-0.122059218585,0.287191659212,0.715211808681,-0.625375747681
0.671821773052,0.0856418311596,1.51423764229,-0.122059218585,0.287191659212,0.715211808681,-0.625375747681
0.671135008335,0.0860504433513,1.5141671896,-0.122257947922,0.287768632174,0.7147179842,-0.625636041164
0.670466780663,0.0874198377132,1.51333510876,-0.124992929399,0.279977470636,0.715534865856,-0.627693712711
0.670113801956,0.0875878110528,1.51341414452,-0.12521995604,0.280442088842,0.715460479259,-0.627525687218
0.670113801956,0.0875878110528,1.51341414452,-0.12521995604,0.280442088842,0.715460479259,-0.627525687218
0.669523477554,0.0879505425692,1.51325333118,-0.125449195504,0.280766129494,0.71493178606,-0.627937376499
0.669523477554,0.0879505425692,1.51325333118,-0.125449195504,0.280766129494,0.71493178606,-0.627937376499
0.668957054615,0.0882677733898,1.5129981041,-0.125594630837,0.280919969082,0.714559495449,-0.628263235092
0.668957054615,0.0882677733898,1.5129981041,-0.125594630837,0.280919969082,0.714559495449,-0.628263235092
0.668284058571,0.0885986089706,1.51281905174,-0.125602349639,0.281141489744,0.714012682438,-0.628784120083
0.668284058571,0.0885986089706,1.51281905174,-0.125602349639,0.281141489744,0.714012682438,-0.628784120083
0.668391048908,0.0876790508628,1.51350402832,-0.123425975442,0.289128422737,0.71265488863,-0.627131462097
0.667373180389,0.0889939889312,1.51263892651,-0.126071050763,0.281838059425,0.713358640671,-0.629120647907
0.667373180389,0.0889939889312,1.51263892651,-0.126071050763,0.281838059425,0.713358640671,-0.629120647907
0.666860878468,0.0892861485481,1.51267910004,-0.126773506403,0.282752454281,0.713212609291,-0.628734767437
0.666860878468,0.0892861485481,1.51267910004,-0.126773506403,0.282752454281,0.713212609291,-0.628734767437
0.666251420975,0.0895721316338,1.51265609264,-0.127169832587,0.283632129431,0.712767362595,-0.628763318062
0.666251420975,0.0895721316338,1.51265609264,-0.127169832587,0.283632129431,0.712767362595,-0.628763318062
0.665615141392,0.0898371189833,1.512570858,-0.127475306392,0.28438180685,0.712921977043,-0.628187298775
0.665615141392,0.0898371189833,1.512570858,-0.127475306392,0.28438180685,0.712921977043,-0.628187298775
0.665433764458,0.0898994356394,1.51229858398,-0.127787560225,0.284404635429,0.712805867195,-0.628245413303
0.665371358395,0.0890671238303,1.51294672489,-0.125998690724,0.292782366276,0.711753070354,-0.625947654247
0.665371358395,0.0890671238303,1.51294672489,-0.125998690724,0.292782366276,0.711753070354,-0.625947654247
0.664757609367,0.0902042388916,1.51199507713,-0.128670856357,0.284898161888,0.712795197964,-0.627853453159
0.664641618729,0.0902942568064,1.51190245152,-0.129080235958,0.285013407469,0.713024556637,-0.62745642662
0.664395272732,0.090457290411,1.51196014881,-0.130087539554,0.285981416702,0.713358938694,-0.62642711401
0.663948655128,0.0904543846846,1.51175177097,-0.12948679924,0.28569033742,0.714278459549,-0.625636160374
0.663948655128,0.0904543846846,1.51175177097,-0.12948679924,0.28569033742,0.714278459549,-0.625636160374
0.663709104061,0.0905700549483,1.51167786121,-0.130014151335,0.285825759172,0.714854478836,-0.624806404114
0.663792252541,0.0906998515129,1.51184606552,-0.131016820669,0.286340266466,0.714707970619,-0.624529004097
0.663792252541,0.0906998515129,1.51184606552,-0.131016820669,0.286340266466,0.714707970619,-0.624529004097
0.663826942444,0.0907195210457,1.51178574562,-0.131283029914,0.286293685436,0.714971125126,-0.624193251133
0.664050519466,0.0907400175929,1.51216435432,-0.132342964411,0.286722570658,0.715126633644,-0.623593986034
0.664050519466,0.0907400175929,1.51216435432,-0.132342964411,0.286722570658,0.715126633644,-0.623593986034
0.664049267769,0.0904966369271,1.51232111454,-0.132251963019,0.286481410265,0.71549987793,-0.623295962811
0.664172530174,0.0906680077314,1.51209330559,-0.132860720158,0.286229163408,0.715415775776,-0.623378813267
0.664542376995,0.0892683565617,1.51304268837,-0.130147367716,0.293433964252,0.71501994133,-0.621051371098
0.664542376995,0.0892683565617,1.51304268837,-0.130147367716,0.293433964252,0.71501994133,-0.621051371098
0.664464473724,0.0891886278987,1.51327109337,-0.130204036832,0.293527841568,0.715240061283,-0.620741486549
0.664580464363,0.0891303271055,1.51315701008,-0.130301639438,0.292795389891,0.715438902378,-0.620837926865
0.664300739765,0.0901232510805,1.51251208782,-0.13276104629,0.284461647272,0.716781973839,-0.622639298439
0.664300739765,0.0901232510805,1.51251208782,-0.13276104629,0.284461647272,0.716781973839,-0.622639298439
0.664351344109,0.0889566466212,1.51312053204,-0.130102813244,0.291871011257,0.716473221779,-0.620121717453
0.664418756962,0.0888366103172,1.51310586929,-0.129963412881,0.291440188885,0.716604292393,-0.6202018857
0.664418756962,0.0888366103172,1.51310586929,-0.129963412881,0.291440188885,0.716604292393,-0.6202018857
0.66397023201,0.0898163244128,1.51254796982,-0.132321476936,0.283333897591,0.717769742012,-0.622109055519
0.664162635803,0.0896508544683,1.51254868507,-0.132340714335,0.28306132555,0.718084096909,-0.621866106987
0.664624094963,0.088386207819,1.51335823536,-0.129759609699,0.290815651417,0.716826558113,-0.620280921459
0.664369940758,0.0893130227923,1.51272845268,-0.132323130965,0.282796144485,0.718058526516,-0.622020065784
0.665469706059,0.0876043736935,1.51419150829,-0.13037571311,0.290613621473,0.71690505743,-0.620155632496
0.665206253529,0.0876423716545,1.51383709908,-0.130007579923,0.290026187897,0.717308580875,-0.620041489601
0.665364384651,0.0874318182468,1.51389694214,-0.130033105612,0.289666801691,0.717504441738,-0.619977414608
0.665364384651,0.0874318182468,1.51389694214,-0.130033105612,0.289666801691,0.717504441738,-0.619977414608
0.665431380272,0.0880551859736,1.51344132423,-0.132716864347,0.281247466803,0.719143807888,-0.621384084225
0.665431380272,0.0880551859736,1.51344132423,-0.132716864347,0.281247466803,0.719143807888,-0.621384084225
0.665633678436,0.0877678319812,1.51360189915,-0.132730931044,0.2809676826,0.719535470009,-0.621054232121
0.665833890438,0.0875529646873,1.51371145248,-0.132841080427,0.280414968729,0.719774067402,-0.621004104614
0.666650891304,0.0859671086073,1.51459944248,-0.130322799087,0.286960095167,0.719275414944,-0.619122624397
0.666947364807,0.0856482088566,1.51480293274,-0.130573004484,0.286661684513,0.719495117664,-0.618952870369
0.666947364807,0.0856482088566,1.51480293274,-0.130573004484,0.286661684513,0.719495117664,-0.618952870369
0.667183756828,0.0854203626513,1.5148460865,-0.130781069398,0.2858325243,0.719961702824,-0.61874961853
0.667389154434,0.0850828140974,1.51491475105,-0.130669400096,0.284959465265,0.720372915268,-0.618697524071
0.667358458042,0.0854674950242,1.51457870007,-0.133258476853,0.276010721922,0.722027659416,-0.620271325111
0.667358458042,0.0854674950242,1.51457870007,-0.133258476853,0.276010721922,0.722027659416,-0.620271325111
0.66841340065,0.083657592535,1.51548242569,-0.131140753627,0.282844573259,0.72100186348,-0.618835508823
0.668596208096,0.0832838118076,1.51560771465,-0.131211161613,0.282181888819,0.721316456795,-0.618756532669
0.668848752975,0.0829414278269,1.51597630978,-0.131539076567,0.282089710236,0.721646487713,-0.618343949318
0.668848752975,0.0829414278269,1.51597630978,-0.131539076567,0.282089710236,0.721646487713,-0.618343949318
0.669003129005,0.0833153873682,1.51533067226,-0.134526342154,0.272966563702,0.722668111324,-0.62059879303
0.669227540493,0.0829768925905,1.51558697224,-0.135057076812,0.272564709187,0.722983062267,-0.620293200016
0.669227540493,0.0829768925905,1.51558697224,-0.135057076812,0.272564709187,0.722983062267,-0.620293200016
0.66993188858,0.0810577571392,1.51653313637,-0.13306479156,0.279601335526,0.721786916256,-0.618983507156
0.670105814934,0.0806946456432,1.51664507389,-0.13322673738,0.279136657715,0.721900582314,-0.619025886059
0.670105814934,0.0806946456432,1.51664507389,-0.13322673738,0.279136657715,0.721900582314,-0.619025886059
0.670024514198,0.0809900537133,1.51615405083,-0.135883033276,0.270559817553,0.722835361958,-0.621161997318
0.670024514198,0.0809900537133,1.51615405083,-0.135883033276,0.270559817553,0.722835361958,-0.621161997318
0.670323908329,0.0802848190069,1.5163551569,-0.136540979147,0.269386023283,0.72258669138,-0.62181699276
0.670410513878,0.0799065232277,1.51641726494,-0.136661842465,0.268902242184,0.722462952137,-0.622143507004
0.670694887638,0.0795158147812,1.51649129391,-0.137105181813,0.268566131592,0.721831142902,-0.622923910618
0.670694887638,0.0795158147812,1.51649129391,-0.137105181813,0.268566131592,0.721831142902,-0.622923910618
0.670747697353,0.0788573548198,1.51663041115,-0.137614607811,0.267321199179,0.721215605736,-0.624059021473
0.670747697353,0.0788573548198,1.51663041115,-0.137614607811,0.267321199179,0.721215605736,-0.624059021473
0.670983970165,0.078102722764,1.51677083969,-0.138277962804,0.266661971807,0.720492720604,-0.625028848648
0.670983970165,0.078102722764,1.51677083969,-0.138277962804,0.266661971807,0.720492720604,-0.625028848648
0.670995652676,0.0774453803897,1.51693701744,-0.138762608171,0.266025006771,0.719871282578,-0.625908136368
0.670995652676,0.0774453803897,1.51693701744,-0.138762608171,0.266025006771,0.719871282578,-0.625908136368
0.671120643616,0.0767778605223,1.51722884178,-0.139429941773,0.265978872776,0.718741118908,-0.627077162266
0.671120643616,0.0767778605223,1.51722884178,-0.139429941773,0.265978872776,0.718741118908,-0.627077162266
0.671545267105,0.0750139355659,1.51778900623,-0.137402534485,0.272690117359,0.717289090157,-0.626304268837
0.671545267105,0.0750139355659,1.51778900623,-0.137402534485,0.272690117359,0.717289090157,-0.626304268837
0.671077430248,0.0754498541355,1.51731431484,-0.14036539197,0.265081226826,0.716982841492,-0.629257559776
0.671553909779,0.0741568654776,1.51777684689,-0.138274759054,0.271698504686,0.715510129929,-0.628573954105
0.671553909779,0.0741568654776,1.51777684689,-0.138274759054,0.271698504686,0.715510129929,-0.628573954105
0.671412110329,0.0735420584679,1.51784026623,-0.138567879796,0.271497189999,0.714887917042,-0.629303991795
0.671412110329,0.0735420584679,1.51784026623,-0.138567879796,0.271497189999,0.714887917042,-0.629303991795
0.670712471008,0.0740528404713,1.5172431469,-0.141526311636,0.263571530581,0.714966714382,-0.631920039654
0.670603275299,0.0738527625799,1.5171585083,-0.141663268209,0.262988746166,0.714418530464,-0.632751643658
0.670545220375,0.0735629424453,1.5171443224,-0.14190505445,0.262977659702,0.713827431202,-0.633368849754
0.670472860336,0.0732739642262,1.51717150211,-0.142027273774,0.263040304184,0.713442564011,-0.633748888969
0.670472860336,0.0732739642262,1.51717150211,-0.142027273774,0.263040304184,0.713442564011,-0.633748888969
0.670465946198,0.0730225816369,1.51687765121,-0.142393454909,0.26231688261,0.713052511215,-0.634405314922
0.670234680176,0.0725417733192,1.51703155041,-0.142908141017,0.262958467007,0.712194383144,-0.634987711906
0.670131385326,0.0722786858678,1.51698708534,-0.14309258759,0.263062894344,0.711533010006,-0.635643959045
0.670131385326,0.0722786858678,1.51698708534,-0.14309258759,0.263062894344,0.711533010006,-0.635643959045
0.670004069805,0.0720464661717,1.51687192917,-0.143206879497,0.262916743755,0.710958778858,-0.636321008205
0.669914841652,0.0718147158623,1.51670205593,-0.143485799432,0.26285046339,0.710148572922,-0.637189567089
0.670307219028,0.0701577812433,1.51737380028,-0.142026886344,0.271970897913,0.708117544651,-0.635947942734
0.670307219028,0.0701577812433,1.51737380028,-0.142026886344,0.271970897913,0.708117544651,-0.635947942734
0.670148909092,0.0700477808714,1.51707911491,-0.141874745488,0.271186023951,0.707622766495,-0.636867165565
0.670003473759,0.0698074400425,1.51694142818,-0.141876429319,0.271212011576,0.707394778728,-0.6371088624
0.668647110462,0.0701577812433,1.51611220837,-0.145100831985,0.263873159885,0.710525035858,-0.635980367661
0.668647110462,0.0701577812433,1.51611220837,-0.145100831985,0.263873159885,0.710525035858,-0.635980367661
0.668990492821,0.0700253024697,1.51606976986,-0.144759982824,0.264395356178,0.70586502552,-0.641010284424
0.668990492821,0.0700253024697,1.51606976986,-0.144759982824,0.264395356178,0.70586502552,-0.641010284424
0.668872833252,0.0694950819016,1.51592469215,-0.145335763693,0.265379965305,0.704801678658,-0.641642928123
0.668872833252,0.0694950819016,1.51592469215,-0.145335763693,0.265379965305,0.704801678658,-0.641642928123
0.669651985168,0.0677007883787,1.51686918736,-0.14399202168,0.273901849985,0.70282638073,-0.640530407429
0.669105768204,0.0677959620953,1.51630425453,-0.143930271268,0.273330569267,0.70245462656,-0.641195714474
0.669105768204,0.0677959620953,1.51630425453,-0.143930271268,0.273330569267,0.70245462656,-0.641195714474
0.668523848057,0.0672244280577,1.51603269577,-0.14471039176,0.273162186146,0.70586258173,-0.637337803841
0.668411254883,0.0669950097799,1.51607966423,-0.144945964217,0.273512989283,0.705454349518,-0.637585759163
0.667802512646,0.0676105767488,1.51524293423,-0.147395923734,0.265766203403,0.705758094788,-0.63995975256
0.667802512646,0.0676105767488,1.51524293423,-0.147395923734,0.265766203403,0.705758094788,-0.63995975256
0.667901277542,0.0673465952277,1.51507866383,-0.147754430771,0.265645027161,0.705468654633,-0.640246331692
0.66790419817,0.0671016126871,1.51506948471,-0.148054048419,0.265795052052,0.705153524876,-0.640461862087
0.667865514755,0.0663950890303,1.51525306702,-0.148450762033,0.266823261976,0.704208254814,-0.640982508659
0.667865514755,0.0663950890303,1.51525306702,-0.148450762033,0.266823261976,0.704208254814,-0.640982508659
0.667821407318,0.0661630406976,1.51518130302,-0.148353070021,0.266138851643,0.703916192055,-0.641610145569
0.668838858604,0.0656210333109,1.51558029652,-0.148282796144,0.265950202942,0.699642837048,-0.646361172199
0.668838858604,0.0656210333109,1.51558029652,-0.148282796144,0.265950202942,0.699642837048,-0.646361172199
0.66806447506,0.0649344474077,1.51506400108,-0.148770436645,0.265234202147,0.702893614769,-0.643007516861
0.668819904327,0.0635270103812,1.51565110683,-0.147087439895,0.272549271584,0.70158547163,-0.641763269901
0.670168340206,0.0634988099337,1.5164462328,-0.150252595544,0.274498790503,0.69974398613,-0.642209529877
0.670168340206,0.0634988099337,1.5164462328,-0.150252595544,0.274498790503,0.69974398613,-0.642209529877
0.669065177441,0.0623047426343,1.51620280743,-0.147013932467,0.272534519434,0.700945496559,-0.642485320568
0.669709920883,0.0616146549582,1.5165926218,-0.147434145212,0.272210776806,0.7003505826,-0.643174648285
0.670711874962,0.0618211403489,1.51690864563,-0.150326684117,0.273303478956,0.698491036892,-0.644063174725
