x,y,z,q0,q1,q2,q3
0.667832314968,0.0231174342334,0.945886492729,-0.00373464776203,-0.0273560192436,0.730928003788,-0.681895911694
0.667775213718,0.0231052581221,0.945884108543,-0.00337365013547,-0.0276103857905,0.730970263481,-0.681842207909
0.667712330818,0.0230843182653,0.945875883102,-0.00333914998919,-0.0275927372277,0.730953872204,-0.681860685349
0.667631208897,0.0230815205723,0.945872306824,-0.00333156948909,-0.02769635804,0.730889201164,-0.681925833225
0.667570888996,0.023079784587,0.945868968964,-0.00378609704785,-0.0277171488851,0.730584383011,-0.682249188423
0.667515695095,0.0230787377805,0.945876479149,-0.0038228391204,-0.0280667282641,0.730584681034,-0.682234406471
0.667459070683,0.0230880025774,0.945872366428,-0.00406072195619,-0.0279908291996,0.730489015579,-0.682338535786
0.667370915413,0.0231100078672,0.945849478245,-0.00395190436393,-0.0281543731689,0.730373263359,-0.682456374168
0.667306363583,0.0231233648956,0.945835769176,-0.0025751683861,-0.0296111367643,0.730589807034,-0.682169437408
0.667250931263,0.0231445487589,0.945805251598,-0.00243079429492,-0.0295917764306,0.730755090714,-0.68199378252
0.66716748476,0.0231960341334,0.945751190186,-0.0029447930865,-0.0283330846578,0.730937540531,-0.681849598885
0.667116940022,0.0232208147645,0.945709526539,-0.00269670737907,-0.0284490492195,0.730987250805,-0.681792497635
0.667057693005,0.0232530329376,0.945664703846,-0.00404604850337,-0.0277862362564,0.730569541454,-0.682260751724
0.666960299015,0.0232786331326,0.945619046688,-0.00300670880824,-0.0274738613516,0.730943143368,-0.681878626347
0.666903913021,0.0233268234879,0.945580661297,-0.0021731108427,-0.0292649716139,0.731054782867,-0.681687533855
0.666861116886,0.0233712103218,0.945548474789,-0.00156654929742,-0.0289796013385,0.731167197227,-0.681580841541
0.66680431366,0.0234629753977,0.945474505424,-0.00217299466021,-0.0291687101126,0.730843603611,-0.681918084621
0.666782319546,0.0235197581351,0.945441484451,-0.00161130097695,-0.0298064593226,0.730995059013,-0.681729733944
0.666756212711,0.0235895793885,0.945400595665,-0.00120500312187,-0.0296298991889,0.731142699718,-0.681579828262
0.666733980179,0.0236776787788,0.945336222649,-0.000989135354757,-0.0304843559861,0.731137871742,-0.681547760963
0.666725277901,0.0237520560622,0.945273041725,-0.000720532960258,-0.0308073628694,0.730994641781,-0.681687057018
0.666669547558,0.0236619561911,0.945268690586,-0.000244765775278,-0.0311284549534,0.731114387512,-0.681544482708
0.66669678688,0.0237790755928,0.945196092129,-0.000341329345247,-0.0316032133996,0.731174051762,-0.681458473206
0.666714847088,0.0238674450666,0.945137441158,-0.000277358893072,-0.0318894982338,0.731162965298,-0.681457102299
0.667202651501,0.0239300876856,0.945192754269,-0.00109747843817,-0.0315543487668,0.730962157249,-0.681687235832
0.667200803757,0.0240575931966,0.944970190525,-0.0019655728247,-0.0310933422297,0.730866611004,-0.681808948517
0.6672321558,0.0241289306432,0.944921135902,-0.0020733573474,-0.0314645655453,0.730993211269,-0.681655824184
0.667288482189,0.0242014452815,0.944868564606,-0.00150205625687,-0.0330126434565,0.731453299522,-0.681090354919
0.667336761951,0.0242544710636,0.94482165575,-0.00223497813568,-0.0334205515683,0.7315133214,-0.681004047394
0.667361676693,0.0243125390261,0.944797992706,-0.00232944032177,-0.0338015221059,0.731710076332,-0.680773377419
0.667455017567,0.0243416875601,0.944775640965,-0.00244516856037,-0.0339574366808,0.731954574585,-0.680502355099
0.667560279369,0.0243748091161,0.944740831852,-0.00231647514738,-0.0341027267277,0.732145965099,-0.680289566517
0.667605757713,0.0244338810444,0.944743514061,-0.00244965055026,-0.0343200787902,0.732414066792,-0.67998957634
0.667723834515,0.0244720168412,0.944723963737,-0.00255227461457,-0.0345056019723,0.732685506344,-0.679687380791
0.667832255363,0.0245089009404,0.944699466228,-0.00285509298556,-0.0345980748534,0.73297727108,-0.67936694622
0.66798979044,0.0247336402535,0.944646060467,-0.00284580001608,-0.0349479615688,0.733581006527,-0.678696990013
0.668056845665,0.0247321873903,0.944661676884,-0.00386760104448,-0.0338857658207,0.733540296555,-0.67878973484
0.667700767517,0.0247002355754,0.944747626781,-0.00224923691712,-0.0351902581751,0.734575033188,-0.677610635757
0.667717695236,0.0244725588709,0.944830954075,-0.00197092513554,-0.0353961773217,0.734594285488,-0.677579879761
0.66778665781,0.0244376696646,0.944871366024,-0.00203596893698,-0.0353165045381,0.73493629694,-0.677212774754
0.667851686478,0.0244161076844,0.944941103458,-0.00207534153014,-0.0352221317589,0.735198378563,-0.676933288574
0.667946457863,0.0243389420211,0.945008337498,-0.00212394748814,-0.0349816977978,0.735536754131,-0.676577746868
0.668005943298,0.0243042819202,0.945071578026,-0.00212543667294,-0.0349316708744,0.735762417316,-0.676335096359
0.668091893196,0.0242254380137,0.945152461529,-0.00214064936154,-0.0347787253559,0.735989332199,-0.676095843315
0.668683826923,0.0245098620653,0.944910526276,-0.00432485062629,-0.0345509462059,0.736279249191,-0.675781369209
0.668824911118,0.0245228093117,0.944953560829,-0.00423937663436,-0.0344339981675,0.736379861832,-0.675678253174
0.668854296207,0.0244356524199,0.944955945015,-0.00409522280097,-0.0338558629155,0.736577391624,-0.675493061543
0.668943822384,0.0243358500302,0.945033252239,-0.00436731660739,-0.0339877940714,0.736648142338,-0.675407469273
0.668931603432,0.0242034401745,0.945073246956,-0.00441032275558,-0.0341927409172,0.736667454243,-0.67537599802
0.668974816799,0.0241593699902,0.945111036301,-0.00274302251637,-0.0348611995578,0.737245976925,-0.674718976021
0.668986856937,0.0241406410933,0.94507086277,-0.00248056417331,-0.0349506661296,0.73746073246,-0.674480617046
0.669057369232,0.024095736444,0.945089459419,-0.00237632612698,-0.0348901115358,0.737603008747,-0.674328505993
0.668702185154,0.0236958060414,0.945490539074,-0.000630469585303,-0.0349145829678,0.737422943115,-0.674527943134
0.668769717216,0.0236529558897,0.945518016815,-0.0017641778104,-0.0337122194469,0.737398028374,-0.674614369869
0.668844044209,0.0236146487296,0.945543825626,-0.00271171797067,-0.0324066840112,0.737395703793,-0.674677848816
0.668946862221,0.0235512014478,0.945598363876,-0.00107895606197,-0.0328181944788,0.738027691841,-0.673971116543
0.669021368027,0.0235159248114,0.945624291897,-0.00100971059874,-0.0326578095555,0.738106667995,-0.673892438412
0.669123291969,0.023690642789,0.945498406887,-0.00133250525687,-0.0328155346215,0.738208413124,-0.67377281189
0.669202506542,0.0234634261578,0.945653796196,-0.00157902005594,-0.0323487073183,0.738068819046,-0.673947691917
0.669280588627,0.0234423410147,0.945651590824,-0.00157498661429,-0.0321749560535,0.73810750246,-0.673913776875
0.669353187084,0.0234199222177,0.9456641078,-0.00153084704652,-0.0320316404104,0.738147199154,-0.673877179623
0.669420182705,0.0234077442437,0.945684492588,-0.00152250635438,-0.031912278384,0.738173305988,-0.67385417223
0.669483780861,0.0233999490738,0.945688664913,-0.00154098821804,-0.0318095423281,0.738192737103,-0.673837900162
0.669541835785,0.02338187024,0.945676028728,-0.0015410433989,-0.0316365845501,0.738154232502,-0.673888146877
0.669633448124,0.0233701504767,0.945697844028,-0.00157645856962,-0.0314166769385,0.738168597221,-0.673882603645
0.66971963644,0.0233689844608,0.945680916309,-0.0016003982164,-0.0311568900943,0.738168239594,-0.673894941807
0.669781386852,0.0233634207398,0.945689678192,-0.00164416816551,-0.0310190208256,0.738171517849,-0.67389768362
0.669862449169,0.0234116036445,0.945732533932,-0.00179455219768,-0.0309497024864,0.738210856915,-0.673857271671
0.669919013977,0.0234351474792,0.945741534233,-0.00183569884393,-0.0308491177857,0.73824596405,-0.673823237419
0.669963300228,0.023476684466,0.945773422718,-0.00167233485263,-0.0303740724921,0.738429903984,-0.673643827438
0.670042037964,0.0235055312514,0.945750653744,-0.00177355087362,-0.0302133858204,0.73852211237,-0.673549711704
0.670109629631,0.0235388036817,0.945740878582,-0.00206402339973,-0.0292532704771,0.73852545023,-0.673587441444
0.670218586922,0.0235989112407,0.945745527744,-0.00285909115337,-0.0294892378151,0.738268017769,-0.673856496811
0.670293092728,0.0236458536237,0.945730268955,-0.00379539350979,-0.0294909849763,0.738022208214,-0.674121081829
0.67037409544,0.0236915815622,0.945712685585,-0.00391168799251,-0.0298171509057,0.737906098366,-0.674233198166
0.670434772968,0.0237858053297,0.945622801781,-0.00399645231664,-0.0298831425607,0.737892925739,-0.674244165421
0.670512914658,0.0238480493426,0.945599019527,-0.00217370968312,-0.0307421069592,0.738482356071,-0.673568248749
0.670583546162,0.0239161644131,0.945551753044,-0.00393320200965,-0.0299753453583,0.737991511822,-0.674132406712
0.670709013939,0.0241227243096,0.945456624031,-0.00383686390705,-0.0313400626183,0.737942397594,-0.674124777317
0.670795500278,0.0242020785809,0.94540977478,-0.00386216491461,-0.0309144835919,0.738112032413,-0.673958420753
0.670877754688,0.0242536719888,0.945353984833,-0.00202505174093,-0.0306261237711,0.738831341267,-0.673191189766
0.670982658863,0.0243237558752,0.94529902935,-0.00219265557826,-0.0306257717311,0.738872289658,-0.673145711422
0.671071350574,0.0244160778821,0.945224761963,-0.00138794456143,-0.0305456388742,0.739221155643,-0.672768235207
0.671176731586,0.024474458769,0.945198297501,-0.00173498003278,-0.0307250916958,0.739110887051,-0.672880470753
0.671255707741,0.0245542619377,0.945161998272,-0.00187551998533,-0.0307822115719,0.739058554173,-0.672934949398
0.671266913414,0.0244836974889,0.945160508156,-0.00147039268631,-0.0302439499646,0.738941371441,-0.673089027405
0.671402573586,0.0247401017696,0.945081949234,-0.0020895334892,-0.0304621867836,0.738869905472,-0.673156023026
0.671430706978,0.0246619600803,0.945113420486,-0.00251141097397,-0.0306288022548,0.738529145718,-0.673520743847
0.671532273293,0.0247815474868,0.945101320744,-0.00270758545958,-0.0305605884641,0.738442778587,-0.673617959023
0.671614468098,0.024871006608,0.945077240467,-0.004380306229,-0.0293428581208,0.737958133221,-0.674194037914
0.67214769125,0.0252825338393,0.944743275642,-0.00596350710839,-0.0294857807457,0.737911581993,-0.67422658205
0.672240436077,0.0253906678408,0.944721758366,-0.00442888587713,-0.0300957132131,0.738250792027,-0.673840105534
0.672290384769,0.0255245435983,0.944627821445,-0.00454062921926,-0.0302089136094,0.738012671471,-0.674095153809
0.6720443964,0.0254966337234,0.944894850254,-0.0039227893576,-0.0308346562088,0.737645208836,-0.674472808838
0.672054111958,0.02544747293,0.944908380508,-0.0039284885861,-0.030810052529,0.737165629864,-0.674997866154
0.672182142735,0.0257189646363,0.944845199585,-0.00632508704439,-0.0298248417675,0.736535251141,-0.675711750984
0.672194004059,0.0256599932909,0.944889307022,-0.00598344951868,-0.0293547548354,0.736339867115,-0.675948500633
0.672365128994,0.0260844323784,0.944813668728,-0.00623616063967,-0.0295389071107,0.736338794231,-0.675939202309
0.672500431538,0.026267522946,0.944805800915,-0.00659351795912,-0.0297654084861,0.735934197903,-0.676366388798
0.672409117222,0.0261309463531,0.944828689098,-0.00665443390608,-0.0295560974628,0.735447466373,-0.676904141903
0.672384858131,0.0261613205075,0.944797635078,-0.00598783604801,-0.0299175158143,0.735247612,-0.677111566067
0.672409594059,0.026264578104,0.944775760174,-0.0051041143015,-0.0291216820478,0.735305190086,-0.67709094286
0.672465205193,0.0263692531735,0.944742083549,-0.00624389620498,-0.0291241873056,0.734745323658,-0.677688896656
0.672554850578,0.0266520231962,0.944675505161,-0.00630342354998,-0.0294925533235,0.734495401382,-0.677943110466
0.672611892223,0.0267466064543,0.944722414017,-0.00641180295497,-0.0290435682982,0.734394848347,-0.678070485592
0.672613382339,0.0268899574876,0.94468665123,-0.00632704654709,-0.0299119763076,0.734167218208,-0.678279995918
0.672573149204,0.0268179252744,0.94473105669,-0.00643121916801,-0.0283125359565,0.734070897102,-0.678451895714
0.672648847103,0.0271373577416,0.944657564163,-0.00711049465463,-0.0286809597164,0.733798265457,-0.678724527359
0.672606647015,0.0270651970059,0.944722056389,-0.00672318227589,-0.0285458676517,0.733399629593,-0.679164886475
0.672634422779,0.0271760337055,0.9447234869,-0.00754857668653,-0.0286597795784,0.732959926128,-0.679626107216
0.672632813454,0.0272786188871,0.94473028183,-0.00737699307501,-0.028285747394,0.732905745506,-0.679701864719
0.672611832619,0.0274239443243,0.944700598717,-0.00563055183738,-0.0289509836584,0.733237922192,-0.679332256317
0.672599613667,0.0275092888623,0.944707810879,-0.00537478365004,-0.028099771589,0.733354985714,-0.67924362421
0.672530889511,0.0275794193149,0.944729566574,-0.00570677127689,-0.0280022304505,0.732916116714,-0.679718673229
0.672506690025,0.0276761520654,0.944738030434,-0.00773421674967,-0.0267026312649,0.732180893421,-0.680542707443
0.672481119633,0.0277458298951,0.94474619627,-0.00645686127245,-0.025976806879,0.732331097126,-0.680422544479
0.672415673733,0.0278415698558,0.944741010666,-0.00627792766318,-0.0257694292814,0.732205092907,-0.680567681789
0.672386646271,0.0279080588371,0.944753587246,-0.00705951452255,-0.0257734972984,0.731948494911,-0.680835783482
0.672352194786,0.027967652306,0.944769382477,-0.00651573995128,-0.0250027049333,0.732066750526,-0.68074285984
0.672280967236,0.0280470997095,0.944774627686,-0.00650135846809,-0.0249268244952,0.731847703457,-0.680981099606
0.672239363194,0.0281100068241,0.944788515568,-0.00573072489351,-0.0243958700448,0.732055485249,-0.680783987045
0.672258198261,0.0281323585659,0.944904088974,-0.00464196223766,-0.0234524626285,0.732257068157,-0.68060863018
0.672187209129,0.0284447167069,0.944724798203,-0.00525406887755,-0.02341308631,0.732341051102,-0.680515229702
0.672130942345,0.0284995790571,0.944731235504,-0.00580553105101,-0.022930091247,0.732156991959,-0.680725216866
0.672061145306,0.0285582337528,0.944728791714,-0.00532889179885,-0.0225250255316,0.732047736645,-0.680859982967
0.672002017498,0.0286244694144,0.944766104221,-0.00584027916193,-0.0220423266292,0.731812298298,-0.681124806404
0.671918094158,0.0286815576255,0.944738149643,-0.00543005345389,-0.0215241704136,0.731861591339,-0.681091666222
0.671848595142,0.0287492033094,0.944731473923,-0.00538774486631,-0.0212263111025,0.731888949871,-0.681072056293
0.671725392342,0.0286627840251,0.944777667522,-0.00460209092125,-0.0205348618329,0.731982827187,-0.680998146534
0.671649575233,0.0287750922143,0.944818258286,-0.00247642234899,-0.0209971163422,0.73265850544,-0.680267989635
0.671582698822,0.028858596459,0.944800138474,-0.00258582970127,-0.0209731664509,0.73279851675,-0.680117487907
0.671522021294,0.0289527773857,0.944799125195,-0.00256698136218,-0.0209225844592,0.732968151569,-0.679936289787
0.671469986439,0.0290399380028,0.944794416428,-0.00345713412389,-0.0208485014737,0.732851266861,-0.680060684681
0.671364367008,0.0291805882007,0.944837510586,-0.00267138308845,-0.0209949091077,0.733431816101,-0.679433465004
0.671322226524,0.0292790383101,0.944805026054,-0.00420269789174,-0.0200694110245,0.733345508575,-0.679546952248
0.671280682087,0.029361249879,0.944732546806,-0.00582152418792,-0.0204469822347,0.733258068562,-0.679618060589
0.671306073666,0.0295494161546,0.944712400436,-0.00548047339544,-0.0204919651151,0.733778715134,-0.679057478905
0.671261250973,0.0296553391963,0.944637477398,-0.00525766424835,-0.0203608665615,0.734386622906,-0.678405582905
0.671339154243,0.0299886967987,0.944476306438,-0.00607065111399,-0.0206734780222,0.734779655933,-0.677963674068
0.671253323555,0.0300109274685,0.944383263588,-0.00690578995273,-0.020686507225,0.735016047955,-0.677698910236
0.671228408813,0.030131727457,0.944268941879,-0.00719029875472,-0.0205930117518,0.735501587391,-0.677171945572
0.671250581741,0.0302211605012,0.944164097309,-0.00574847729877,-0.0229760333896,0.736233890057,-0.676312625408
0.67108219862,0.0304223112762,0.943851411343,-0.00506842043251,-0.0235140193254,0.736502945423,-0.676006495953
0.671215415001,0.0302963573486,0.944088160992,-0.0053450865671,-0.0230454374105,0.737137794495,-0.6753282547
0.671217441559,0.030371453613,0.944010972977,-0.00673592556268,-0.022111190483,0.737433373928,-0.675024390221
0.671726703644,0.0307863224298,0.943591296673,-0.00920757837594,-0.0203710477799,0.738033056259,-0.674394190311
0.671754300594,0.0308667905629,0.943533539772,-0.00989359803498,-0.0210054516792,0.738327801228,-0.674042224884
0.671451032162,0.0307766422629,0.943787395954,-0.00941267143935,-0.0213985275477,0.738652169704,-0.67368131876
0.671461105347,0.0308494754136,0.943752646446,-0.0104715172201,-0.0219118781388,0.738861858845,-0.673419296741
0.671492397785,0.0309073217213,0.943731307983,-0.0107329627499,-0.0217693187296,0.739400684834,-0.672828137875
0.67145472765,0.0309546720237,0.943733453751,-0.00922838691622,-0.0227592773736,0.74034512043,-0.671778202057
0.671456217766,0.0310529600829,0.943728625774,-0.0100243594497,-0.0228401310742,0.740678846836,-0.671396136284
0.671318173409,0.0308229327202,0.943762123585,-0.00930912606418,-0.0226320419461,0.741244971752,-0.670788407326
0.671286284924,0.0308308508247,0.943798184395,-0.0106019340456,-0.0225068554282,0.741163253784,-0.670863807201
0.671329677105,0.0309414062649,0.943879783154,-0.0089858379215,-0.0231319777668,0.742359995842,-0.669541478157
0.671330749989,0.0309633128345,0.943926393986,-0.00916943419725,-0.0237053502351,0.742745101452,-0.669091761112
0.671817243099,0.0313333384693,0.943603634834,-0.0116575313732,-0.0238929465413,0.742893457413,-0.668881714344
0.671921789646,0.0312687084079,0.943784296513,-0.0125560490415,-0.0240349378437,0.743226647377,-0.668489992619
0.671931564808,0.0312623344362,0.943845689297,-0.0115428846329,-0.0233446341008,0.74436289072,-0.66726744175
0.671236693859,0.0311410930008,0.944069266319,-0.0112595651299,-0.0235527195036,0.744323730469,-0.667308449745
0.671420514584,0.0313612818718,0.944010436535,-0.00945891533047,-0.0261652395129,0.745300650597,-0.666147887707
0.671667277813,0.0309034530073,0.944339454174,-0.00913423299789,-0.0250791143626,0.746165454388,-0.665225327015
0.671757876873,0.0310589596629,0.944255530834,-0.0092889694497,-0.0248835831881,0.746981918812,-0.664313673973
0.671819984913,0.0310351029038,0.944283246994,-0.0119526199996,-0.022709351033,0.747130870819,-0.664181530476
0.67183727026,0.0308566913009,0.944392383099,-0.0112485419959,-0.0219606906176,0.748148798943,-0.663072168827
0.671939611435,0.0309746935964,0.944373190403,-0.0114308604971,-0.0229866374284,0.748741209507,-0.662365198135
0.672026395798,0.0307586081326,0.944506585598,-0.0103912008926,-0.021988293156,0.749830305576,-0.661183178425
0.672067284584,0.0306809954345,0.94455742836,-0.0105119133368,-0.0213775783777,0.750644385815,-0.660276889801
0.672165215015,0.0305762048811,0.944661617279,-0.0107356281951,-0.0209942832589,0.751320898533,-0.659515738487
0.672274231911,0.0304602775723,0.94473439455,-0.0110809495673,-0.0210008490831,0.751747727394,-0.659023225307
0.672335922718,0.0303875654936,0.944805264473,-0.0127375200391,-0.0198747850955,0.752090573311,-0.658636927605
0.672359526157,0.0303284116089,0.944901108742,-0.0137320170179,-0.0199085827917,0.752042114735,-0.658671081066
0.672396838665,0.0302499365062,0.944981753826,-0.0135125974193,-0.0193816181272,0.753001272678,-0.657594919205
0.672435581684,0.0301309265196,0.945069253445,-0.0126546500251,-0.0197283774614,0.753686010838,-0.656816661358
0.672592163086,0.029982265085,0.945238530636,-0.0125161437318,-0.0191333871335,0.754206717014,-0.656238913536
0.672710299492,0.0299601629376,0.945317268372,-0.0129427956417,-0.0188312698156,0.754627108574,-0.655755937099
0.672088801861,0.0301529299468,0.944973647594,-0.0122205847874,-0.0200424212962,0.754824459553,-0.65550673008
0.672681510448,0.0297445245087,0.945339083672,-0.0138234877959,-0.0173802468926,0.75527048111,-0.655037045479
0.672695577145,0.029673082754,0.945383548737,-0.0147068323568,-0.0187641773373,0.755247116089,-0.655006527901
0.672685801983,0.0296062752604,0.94542080164,-0.0126353027299,-0.0180883090943,0.756624281406,-0.653477668762
0.672740578651,0.0294890645891,0.945566594601,-0.0125449141487,-0.019123909995,0.756340205669,-0.653778612614
0.67266023159,0.029433561489,0.945518672466,-0.0129312872887,-0.0179096758366,0.756797730923,-0.653275728226
0.672713339329,0.029326826334,0.945643663406,-0.0146966064349,-0.0167771615088,0.756418943405,-0.653707206249
0.672641277313,0.0291982647032,0.945663928986,-0.0138586778194,-0.0173300113529,0.756731569767,-0.653349041939
0.672626495361,0.0291407797486,0.945694923401,-0.0137884309515,-0.0172922983766,0.756901681423,-0.653154551983
0.672626376152,0.0290470700711,0.945755600929,-0.0138424299657,-0.0175493471324,0.756873369217,-0.653179168701
0.672591209412,0.0289971735328,0.945803761482,-0.014737803489,-0.0176453404129,0.756573975086,-0.653503835201
0.672561466694,0.0289207752794,0.945832192898,-0.0146699585021,-0.0176534112543,0.756620824337,-0.653451025486
0.672528743744,0.0288585033268,0.945872306824,-0.0145686399192,-0.017256513238,0.756797134876,-0.653259515762
0.671952426434,0.0290842372924,0.945613861084,-0.0140412189066,-0.0186420790851,0.756425738335,-0.653662979603
0.671914458275,0.0290107913315,0.945653676987,-0.0140771223232,-0.0185688175261,0.756393492222,-0.653701841831
0.672434091568,0.0286120120436,0.946038365364,-0.0146886715665,-0.0171056147665,0.756683349609,-0.653392791748
0.671810209751,0.0288824699819,0.945731043816,-0.0125029077753,-0.019304824993,0.75672262907,-0.653331458569
0.67175590992,0.0288336873055,0.945767998695,-0.0117203108966,-0.0192529726774,0.75691473484,-0.65312474966
0.67168545723,0.0287460722029,0.945809066296,-0.0117120165378,-0.0192566830665,0.756804764271,-0.65325242281
0.671549737453,0.0287269949913,0.945765316486,-0.0118171647191,-0.0193985179067,0.756623804569,-0.653455793858
0.671513676643,0.0286334883422,0.945867598057,-0.0120038893074,-0.0197416115552,0.756181657314,-0.65395373106
0.671408474445,0.0285680629313,0.945902466774,-0.01175643038,-0.018263919279,0.756728708744,-0.653368294239
0.671857655048,0.0281997770071,0.946261405945,-0.0152587303892,-0.0166007895023,0.755792319775,-0.654423177242
0.671168923378,0.0284375082701,0.945961296558,-0.0137203196064,-0.0182098653167,0.75541228056,-0.654852986336
0.671457886696,0.0283517874777,0.946145355701,-0.0140404440463,-0.0189197529107,0.755333244801,-0.654917240143
0.671410799026,0.0280118323863,0.946287274361,-0.013024777174,-0.0180596727878,0.755268990993,-0.655036568642
0.671193420887,0.0279996525496,0.946196138859,-0.0134581802413,-0.0174241214991,0.754976391792,-0.655382454395
0.67110657692,0.0278126187623,0.946303069592,-0.0121555514634,-0.0189638044685,0.755075395107,-0.655251085758
0.670875012875,0.0277920458466,0.946197092533,-0.0131623419002,-0.0186126418412,0.7545388937,-0.655859351158
0.670751094818,0.0277349893004,0.946178555489,-0.0128380125389,-0.0192557107657,0.754150032997,-0.65629440546
0.670034408569,0.0279796943069,0.945828080177,-0.0111524574459,-0.021568518132,0.753641009331,-0.656837582588
0.669892251492,0.0279009155929,0.945806622505,-0.0129016200081,-0.0204026028514,0.752954483032,-0.657629787922
0.66972130537,0.027802741155,0.945779979229,-0.0126923574135,-0.0204898938537,0.752685368061,-0.657939136028
0.670083105564,0.0275015085936,0.946103096008,-0.0124433636665,-0.0189771112055,0.753020763397,-0.657605409622
0.669904947281,0.0274268500507,0.94610106945,-0.0123142534867,-0.0190700739622,0.752786278725,-0.657873392105
0.669703304768,0.0273175816983,0.946110725403,-0.0121426992118,-0.019310856238,0.752560436726,-0.658128023148
0.669505596161,0.0272180624306,0.946111679077,-0.0128109697253,-0.0200833007693,0.751900434494,-0.658846139908
0.66925984621,0.0272712949663,0.946025907993,-0.0126269543543,-0.020412940532,0.751728832722,-0.65903544426
0.668996155262,0.0271498281509,0.945895731449,-0.010506959632,-0.0212742742151,0.752174317837,-0.658536911011
0.668680429459,0.0268174614757,0.946012914181,-0.0096330223605,-0.0209962278605,0.751886665821,-0.658887565136
0.668485760689,0.0267207901925,0.946003377438,-0.00962731614709,-0.0211462490261,0.751808345318,-0.658972263336
0.668291866779,0.026608871296,0.946004033089,-0.0118976142257,-0.0190988052636,0.751261353493,-0.659621179104
0.668045341969,0.0264707338065,0.946000635624,-0.00937320757657,-0.0198196526617,0.751618802547,-0.659233212471
0.667766809464,0.0263614263386,0.946017920971,-0.009078072384,-0.0199465230107,0.751420557499,-0.659459590912
0.667507886887,0.0262448899448,0.946007728577,-0.00883392710239,-0.0201337076724,0.751193642616,-0.65971571207
0.667263507843,0.0261282101274,0.946026086807,-0.0105198547244,-0.0195262022316,0.750442028046,-0.66056406498
0.667046487331,0.0259961839765,0.946044564247,-0.00949070136994,-0.0192115027457,0.750456809998,-0.660572111607
0.66687554121,0.0260699279606,0.945984423161,-0.0099916709587,-0.0189938992262,0.750179409981,-0.660886049271
0.666560232639,0.0257273688912,0.946056723595,-0.00950154662132,-0.0191968288273,0.749741613865,-0.661383867264
0.666305780411,0.0255735404789,0.946087002754,-0.00881786178797,-0.0189036633819,0.749634087086,-0.661523759365
0.665993213654,0.0254840776324,0.946066856384,-0.00641946308315,-0.0204398818314,0.750086069107,-0.660993218422
0.665736198425,0.0253575220704,0.946074306965,-0.00685659283772,-0.0206597670913,0.749885380268,-0.661209464073
0.6655164361,0.0252567846328,0.946106135845,-0.00784925930202,-0.0204259064049,0.749186635017,-0.661997497082
0.665250241756,0.0251283943653,0.946134865284,-0.00711333658546,-0.0208743065596,0.748980998993,-0.662224471569
0.665093064308,0.0252086557448,0.946019053459,-0.00749344518408,-0.0213767867535,0.74877178669,-0.66244071722
0.664860367775,0.0250946227461,0.946058571339,-0.00707115791738,-0.0213294103742,0.748729646206,-0.662494719028
0.664608359337,0.0249758176506,0.946079611778,-0.00664296280593,-0.0225105863065,0.748506009579,-0.662712574005
0.664332747459,0.0246672127396,0.946306109428,-0.00716823432595,-0.0220097303391,0.747757554054,-0.663568437099
0.66405493021,0.0245766807348,0.946344912052,-0.0069101867266,-0.0227160621434,0.747287154198,-0.664076924324
0.663936257362,0.0244500152767,0.946521341801,-0.00683872867376,-0.0228115003556,0.746914386749,-0.66449368
0.663742244244,0.0243644360453,0.946564435959,-0.00548961386085,-0.0236651469022,0.747017979622,-0.664359867573
0.663431942463,0.0243141837418,0.94651901722,-0.00502067897469,-0.0236139558256,0.747162520885,-0.664202868938
0.663248002529,0.0241986904293,0.946571350098,-0.00610125483945,-0.0246522501111,0.746364593506,-0.665052711964
0.662954032421,0.0240252595395,0.946606099606,-0.00563866645098,-0.0246908254921,0.74645203352,-0.664957284927
0.66277629137,0.0238933637738,0.946658790112,-0.00555007811636,-0.0246571116149,0.746545732021,-0.664853990078
0.662560939789,0.023734299466,0.946722745895,-0.00455830805004,-0.0243682619184,0.746742963791,-0.664650559425
0.662389814854,0.0235534049571,0.946738958359,-0.00438048876822,-0.0240789167583,0.74689245224,-0.664494335651
0.662212014198,0.0234241373837,0.946775436401,-0.00435644481331,-0.0238852184266,0.746980011463,-0.66440308094
0.662060379982,0.0232705399394,0.946828424931,-0.00408973218873,-0.0236510988325,0.747130632401,-0.664243757725
0.662095010281,0.0231139566749,0.946956992149,-0.00370011432096,-0.023041781038,0.747489154339,-0.663864016533
0.661930382252,0.023001331836,0.946965157986,-0.00351882120594,-0.0230322834104,0.747471272945,-0.6638854146
0.661658942699,0.0227945074439,0.946897149086,-0.00233398168348,-0.0231792200357,0.747798085213,-0.663517475128
0.661728918552,0.0227464083582,0.946909427643,-0.00245219608769,-0.0228240471333,0.747740924358,-0.663593769073
0.661584734917,0.0224100556225,0.946953713894,-0.00176616327371,-0.0226668231189,0.747549831867,-0.663816571236
0.661348760128,0.0223206989467,0.946846067905,-0.00390134286135,-0.0222846735269,0.746958196163,-0.664486050606
0.661289811134,0.0221764091402,0.946842491627,-0.00397056201473,-0.0222930423915,0.746918678284,-0.664529681206
0.661300182343,0.0221920274198,0.946783483028,-0.00380771863274,-0.0234348997474,0.746877074242,-0.664538323879
0.661178648472,0.0218299850821,0.946819543839,-0.00328115047887,-0.0230826903135,0.746816337109,-0.664621531963
0.661198973656,0.0218522008508,0.946785449982,-0.00251457327977,-0.022628609091,0.747373402119,-0.664014101028
0.661164164543,0.0216925553977,0.946795523167,-0.00242283171974,-0.0220821425319,0.747661054134,-0.663708806038
0.661097407341,0.0212666783482,0.946864664555,-0.00153577281162,-0.021891489625,0.747713446617,-0.66365891695
0.661149919033,0.0213136039674,0.946851491928,-0.00216586794704,-0.0219077225775,0.747759103775,-0.663605093956
0.661127865314,0.021152369678,0.946873664856,-0.00224301079288,-0.021377146244,0.748057246208,-0.663286149502
0.661099612713,0.0209875572473,0.946953296661,-0.00238160532899,-0.0209930036217,0.748410403728,-0.662899374962
0.661477982998,0.0209315158427,0.946786046028,-0.00331320497207,-0.0202917028219,0.748730838299,-0.662555277348
0.66092813015,0.0204358045012,0.947119474411,-0.00245209108107,-0.0209438856691,0.748327493668,-0.662994325161
0.660906255245,0.0202983915806,0.947182893753,-0.00400247285143,-0.0201926231384,0.74790674448,-0.66348451376
0.660879433155,0.020138785243,0.947249412537,-0.00290233478881,-0.0198341272771,0.748197972775,-0.663172781467
0.660907864571,0.019939430058,0.94736880064,-0.00285302521661,-0.019596375525,0.748157143593,-0.66322606802
0.66088360548,0.0197565816343,0.947469353676,-0.00186211126857,-0.0206203199923,0.748226940632,-0.663119733334
0.660922884941,0.0195764303207,0.947600245476,-0.00225747772492,-0.0204418189824,0.747864723206,-0.663532614708
0.660867452621,0.0193976089358,0.947757363319,-0.00178724480793,-0.0205226428807,0.747610986233,-0.663817346096
0.660799562931,0.0194596424699,0.947712361813,-0.00325417914428,-0.0200774036348,0.746781110764,-0.664758861065
0.660932540894,0.019210467115,0.947938978672,-0.00258229253814,-0.0198302771896,0.746914386749,-0.664619445801
0.660973608494,0.0189736522734,0.94809371233,-0.00211686384864,-0.0209693089128,0.746407806873,-0.665155053139
0.660789012909,0.0189928356558,0.948045969009,-0.00165831728373,-0.0205627605319,0.745841622353,-0.665803909302
0.661008059978,0.0182509627193,0.948450684547,0.000175320470589,-0.0216335617006,0.74577319622,-0.66584867239
0.661084771156,0.0180150680244,0.948585808277,-0.00126090121921,-0.0200682803988,0.745323240757,-0.666400074959
0.661194205284,0.0177569780499,0.948694527149,-0.000244991009822,-0.0191769246012,0.745488405228,-0.666242718697
0.661311924458,0.0174478255212,0.948839247227,-0.0018160167383,-0.0178815703839,0.744735240936,-0.667117893696
0.661440312862,0.0171625390649,0.948966622353,-0.00116232724395,-0.0189919658005,0.744629561901,-0.667206823826
0.661656498909,0.0169872064143,0.949048578739,-0.00109760009218,-0.0187278315425,0.744672775269,-0.66716593504
0.661790788174,0.0164857301861,0.94923555851,-0.00198230473325,-0.0169759709388,0.744238317013,-0.667695403099
0.662044763565,0.0160902347416,0.949368596077,-0.00255934451707,-0.0162757784128,0.743868291378,-0.668123185635
0.662303030491,0.0156998932362,0.949509978294,-0.00270020007156,-0.0168392825872,0.743961811066,-0.668004631996
0.662508964539,0.0152684506029,0.949539244175,-0.00239061377943,-0.0157922599465,0.743972301483,-0.668019652367
0.66268247366,0.014887641184,0.949661135674,-0.0035329007078,-0.0151574062183,0.743535816669,-0.668515145779
0.662867903709,0.0144983613864,0.949782013893,-0.00403827056289,-0.0148588651791,0.743342518806,-0.668733716011
0.663073837757,0.0140669150278,0.949918270111,-0.0042267749086,-0.0140138696879,0.743329644203,-0.668765127659
0.663383126259,0.0135464370251,0.95004338026,-0.00399555871263,-0.0149189746007,0.743308722973,-0.668770313263
0.663724899292,0.0131569877267,0.950180828571,-0.00602935021743,-0.013388668187,0.742900133133,-0.669241368771
0.663589835167,0.0128656532615,0.950117528439,-0.00511857168749,-0.0152169801295,0.742514669895,-0.669637441635
0.663871824741,0.012321437709,0.950244486332,-0.00599964614958,-0.014619239606,0.742256581783,-0.669929504395
0.66435533762,0.0115118771791,0.950510919094,-0.0067438534461,-0.0120378090069,0.742584884167,-0.669609844685
0.664605855942,0.0109335910529,0.950646102428,-0.00680629676208,-0.0112432446331,0.742483079433,-0.669735848904
0.665324807167,0.0106600532308,0.950378954411,-0.00837746635079,-0.0112909013405,0.742575764656,-0.669614613056
0.665590524673,0.0100629134104,0.950537502766,-0.00894187297672,-0.00995029695332,0.742595911026,-0.669606208801
0.665793716908,0.00952650606632,0.950632631779,-0.0100009236485,-0.00948774721473,0.742287814617,-0.669939398766
0.666017711163,0.00883394107223,0.950700879097,-0.00923530291766,-0.0100813489407,0.742495000362,-0.669712126255
0.666104972363,0.00812685862184,0.950842440128,-0.00884375255555,-0.0112208817154,0.742076456547,-0.670162975788
0.666319131851,0.00751513754949,0.950952351093,-0.00961720664054,-0.0103654321283,0.741968214512,-0.670285999775
0.666635870934,0.00685225985944,0.951089859009,-0.0104638366029,-0.00871583167464,0.741630911827,-0.670669913292
0.666982412338,0.00603748578578,0.951182186604,-0.0128406733274,-0.00700024142861,0.741019308567,-0.671324551105
0.66733288765,0.00526251550764,0.951333522797,-0.0118474336341,-0.00707161799073,0.741450488567,-0.670865774155
0.667730152607,0.00450228946283,0.951416790485,-0.013718822971,-0.00623880373314,0.740761756897,-0.671598911285
0.668264865875,0.00379336695187,0.951656103134,-0.0131612988189,-0.00619304459542,0.741246342659,-0.6710755229
0.668597400188,0.0029830315616,0.951802432537,-0.0148672098294,-0.0049908189103,0.740413367748,-0.671968877316
0.669263601303,0.00227366480976,0.951477169991,-0.0153253627941,-0.0051402519457,0.740699291229,-0.671642303467
0.669444262981,0.00134194514249,0.951470315456,-0.0158640313894,-0.00478510325775,0.739984333515,-0.672420084476
0.669645488262,0.000354645075276,0.951547682285,-0.0156833659858,-0.00374829722568,0.739951908588,-0.672466576099
0.670109570026,-0.00051669543609,0.951543867588,-0.01726459153,-0.00414080452174,0.739216685295,-0.673233628273
0.670302629471,-0.00158299389295,0.951644301414,-0.0167568977922,-0.00334626692347,0.7389087677,-0.673588812351
0.671057999134,-0.00237268675119,0.951446473598,-0.0184068158269,-0.00223407824524,0.738248646259,-0.674273848534
0.671395659447,-0.00342894578353,0.951545596123,-0.0183222424239,-0.0021046095062,0.737931907177,-0.674623250961
0.671811640263,-0.0045282212086,0.951475799084,-0.0216410309076,-0.000921169179492,0.736741542816,-0.675827503204
0.672486543655,-0.00534329935908,0.951432585716,-0.0217131841928,0.000249589647865,0.736501157284,-0.676087796688
0.672898769379,-0.00662821391597,0.951541781425,-0.0213822871447,0.000398809148464,0.736177504063,-0.676450490952
0.673392832279,-0.00765573373064,0.951428592205,-0.0229482445866,0.000510724785272,0.73508733511,-0.677583754063
0.673643350601,-0.00900627952069,0.951439797878,-0.0208748057485,-0.000544459733646,0.734790086746,-0.677973210812
0.674412548542,-0.0101510053501,0.951330125332,-0.0233890973032,0.00182998669334,0.734631597996,-0.678060650826
0.674787938595,-0.0115990052,0.951503992081,-0.023273922503,0.00329083972611,0.734049677849,-0.678688824177
0.675510704517,-0.0129226334393,0.95156365633,-0.0244768839329,0.00362870586105,0.73355704546,-0.679177284241
0.676280558109,-0.0143295545131,0.951434969902,-0.0262755211443,0.00502501800656,0.732704043388,-0.680021524429
0.677001595497,-0.0157722458243,0.951516866684,-0.0251185167581,0.0054645575583,0.733154654503,-0.679576039314
0.677519857883,-0.0174120441079,0.951403439045,-0.0277939327061,0.00849193707108,0.732231497765,-0.680435478687
0.678346931934,-0.0191685259342,0.951340436935,-0.0271000117064,0.00977540481836,0.732422828674,-0.68024033308
0.678976416588,-0.0208750963211,0.951177477837,-0.0276062823832,0.0124267050996,0.732061982155,-0.680565059185
0.680048882961,-0.0225284639746,0.95093870163,-0.0294186547399,0.0137229850516,0.731291472912,-0.681292235851
0.680886924267,-0.0243019759655,0.950636029243,-0.0272528938949,0.0133288260549,0.731411874294,-0.681260824203
0.681720554829,-0.0260803364217,0.950321853161,-0.0295895468444,0.0180693343282,0.730633676052,-0.681888997555
0.68273460865,-0.0280171371996,0.949903309345,-0.0302617382258,0.0196911823004,0.730053007603,-0.682436168194
0.683299005032,-0.0299094542861,0.949435830116,-0.029473034665,0.021247914061,0.729736685753,-0.682762205601
0.683878839016,-0.0318726412952,0.949056506157,-0.0288921073079,0.0219244677573,0.728319048882,-0.68427759409
0.684773206711,-0.0337686128914,0.948473095894,-0.0283817537129,0.0257871765643,0.728592038155,-0.683873653412
0.685262858868,-0.0356203876436,0.947752177715,-0.0284958854318,0.0272688157856,0.727609217167,-0.684857189655
0.686139523983,-0.0373115055263,0.947042703629,-0.0279308203608,0.0282241348177,0.727303802967,-0.68516600132
0.687405943871,-0.0387703329325,0.946027934551,-0.0299998838454,0.0303713064641,0.726301550865,-0.686049282551
0.688317835331,-0.0401360467076,0.945036530495,-0.0293887536973,0.030663581565,0.726624310017,-0.685720980167
0.689374029636,-0.0415155105293,0.944156050682,-0.0310442335904,0.0322675034404,0.72569668293,-0.68655616045
0.69015198946,-0.0430142097175,0.943466067314,-0.0312600471079,0.0343773178756,0.725594758987,-0.686551749706
0.690794706345,-0.0444281287491,0.942832231522,-0.0306581463665,0.0361115112901,0.725266754627,-0.68683630228
0.691274166107,-0.0459614247084,0.942244291306,-0.0297482088208,0.0360996462405,0.72491300106,-0.687250316143
0.692241370678,-0.0473470874131,0.941530704498,-0.0296098608524,0.0376695431769,0.725074648857,-0.68700158596
0.692465603352,-0.0487002879381,0.941008329391,-0.0310267675668,0.0386467911303,0.72394490242,-0.688075304031
0.693139195442,-0.0500607788563,0.940588831902,-0.0286903381348,0.0391208454967,0.724587440491,-0.687473356724
0.693622589111,-0.051300957799,0.94005548954,-0.0305186584592,0.0408989749849,0.723524391651,-0.688410103321
0.693968653679,-0.0525200590491,0.939770460129,-0.0306963752955,0.0413777120411,0.723637759686,-0.68825429678
0.694221496582,-0.0536848716438,0.939448237419,-0.0307563319802,0.0419201739132,0.722824931145,-0.689072489738
0.69455575943,-0.0547667779028,0.939121007919,-0.0286291651428,0.0401194132864,0.724006772041,-0.688029766083
0.694898068905,-0.0559552498162,0.939039230347,-0.0313188806176,0.0414657257497,0.722565948963,-0.689346075058
0.694957613945,-0.0570053420961,0.939015805721,-0.0300767347217,0.0404041521251,0.723503649235,-0.688480615616
0.694862306118,-0.0580359809101,0.938828647137,-0.0310665722936,0.0392554067075,0.723104774952,-0.688921868801
0.695040643215,-0.0592010803521,0.938994288445,-0.030186759308,0.0399888716638,0.722815513611,-0.68922239542
0.695120751858,-0.0601226873696,0.939176976681,-0.0313053168356,0.0384597480297,0.722208738327,-0.689895272255
0.695231854916,-0.061203520745,0.939291834831,-0.0300810225308,0.0383869558573,0.722607314587,-0.689536392689
0.695928871632,-0.0621703974903,0.939748108387,-0.0312443394214,0.0395226404071,0.722714722157,-0.689307808876
0.695724487305,-0.0631243735552,0.939994096756,-0.0308016557246,0.0379152558744,0.722686052322,-0.689448058605
0.695248365402,-0.0642115622759,0.940466940403,-0.0295645706356,0.0368861928582,0.722070097923,-0.69020318985
0.695342063904,-0.0653224438429,0.940882325172,-0.0301741007715,0.0362934209406,0.721654355526,-0.690642774105
0.695116519928,-0.0662508830428,0.941110551357,-0.0285485349596,0.0356246009469,0.721944868565,-0.690442979336
0.694853842258,-0.0670769438148,0.941395223141,-0.0292849969119,0.0345414765179,0.720686733723,-0.691780328751
0.695475757122,-0.0674523711205,0.941489338875,-0.0304295439273,0.0344321019948,0.720973610878,-0.69143730402
0.695421278477,-0.068408600986,0.941971123219,-0.030920740217,0.0337362512946,0.720279216766,-0.69217312336
0.695513665676,-0.0692338049412,0.942535340786,-0.0305395852774,0.0336713567376,0.719871282578,-0.692617416382
0.695584177971,-0.0700541585684,0.943017244339,-0.0301430840045,0.033424668014,0.719761192799,-0.69276124239
0.695594608784,-0.0709231570363,0.943520367146,-0.0307775940746,0.0327329151332,0.718537807465,-0.694035172462
0.695516824722,-0.0717002749443,0.944053351879,-0.029696919024,0.033534232527,0.717789530754,-0.694817960262
0.695512413979,-0.0724939182401,0.944583296776,-0.0314053893089,0.032347958535,0.71636068821,-0.696272075176
0.695567190647,-0.073265440762,0.945097208023,-0.0318767502904,0.0318164899945,0.715448737144,-0.697212040424
0.695463061333,-0.0740712508559,0.945559740067,-0.0296492315829,0.0287154987454,0.715211331844,-0.69768846035
0.696601331234,-0.0744717791677,0.945630133152,-0.0332466624677,0.0297278314829,0.713577151299,-0.699155569077
0.696996092796,-0.0751158818603,0.945930361748,-0.0328500717878,0.0293115675449,0.71221023798,-0.700584292412
0.69751983881,-0.0756744146347,0.946161746979,-0.0341862589121,0.0287439208478,0.7106975317,-0.702078461647
0.698188006878,-0.0759687572718,0.946358382702,-0.0365153253078,0.028628801927,0.709343850613,-0.703333675861
0.69531583786,-0.0774055048823,0.948148131371,-0.030793486163,0.0250724162906,0.709966003895,-0.703115701675
0.695224523544,-0.0780293047428,0.948714435101,-0.0309249293059,0.0241928827018,0.709022521973,-0.704091906548
0.695344090462,-0.0787135288119,0.949380397797,-0.0313977859914,0.0245989784598,0.70800948143,-0.705075740814
0.69530069828,-0.0791625604033,0.949622154236,-0.0318271778524,0.0237767212093,0.707000553608,-0.706096351147
0.695266127586,-0.0797676742077,0.950044691563,-0.0318630822003,0.0228414013982,0.705955326557,-0.707170605659
0.695264339447,-0.0802588611841,0.950614929199,-0.0312969908118,0.0220962967724,0.706457555294,-0.706717848778
0.695268034935,-0.0808123871684,0.951086938381,-0.0314907506108,0.0218148548156,0.705456137657,-0.70771753788
0.695972561836,-0.0813041329384,0.951411902905,-0.0333309918642,0.0226449668407,0.704662561417,-0.708397507668
0.695192694664,-0.081805087626,0.951974928379,-0.0324024744332,0.0208740551025,0.703273653984,-0.709873616695
0.695201516151,-0.082225702703,0.95244294405,-0.03292087093,0.0202404353768,0.702399253845,-0.710733413696
0.695258557796,-0.0827657207847,0.952971756458,-0.0333726666868,0.0203319843858,0.701402068138,-0.711693763733
0.695187330246,-0.0832140296698,0.953341364861,-0.0336635559797,0.0199442319572,0.70030516386,-0.712770402431
0.695135474205,-0.0836251825094,0.953741073608,-0.0340601205826,0.0198949947953,0.699239075184,-0.713798880577
0.695142149925,-0.0840045213699,0.954167306423,-0.0339961946011,0.0195345804095,0.698346078396,-0.714685678482
0.695121467113,-0.0844071060419,0.954499483109,-0.0350753702223,0.0190817210823,0.697326481342,-0.715640664101
0.695166110992,-0.0848644971848,0.95487344265,-0.0347091630101,0.0192068759352,0.696484923363,-0.716474115849
0.69507008791,-0.0852908492088,0.955267131329,-0.0353843867779,0.0186688825488,0.695208013058,-0.71769452095
0.695096611977,-0.0856139287353,0.95567715168,-0.0366014838219,0.0152608463541,0.692866802216,-0.719974458218
0.695118188858,-0.086015984416,0.95613515377,-0.0361659117043,0.0150862103328,0.693084716797,-0.719790220261
0.69501799345,-0.0862948000431,0.956251084805,-0.0371079705656,0.0147011941299,0.690915465355,-0.721832811832
0.694881975651,-0.0868183299899,0.95675188303,-0.0359417498112,0.0142829194665,0.691036462784,-0.721784472466
0.694744765759,-0.0870215445757,0.956769883633,-0.0368110015988,0.0133721549064,0.690336167812,-0.722428023815
0.694667696953,-0.0873108655214,0.957038283348,-0.0375191830099,0.0131153650582,0.689451873302,-0.723240196705
0.694587647915,-0.0875898003578,0.957281410694,-0.037697121501,0.0126162599772,0.688636362553,-0.724016487598
0.694444537163,-0.0879080146551,0.957587659359,-0.0376721136272,0.0120295742527,0.687468409538,-0.725136697292
0.694366574287,-0.0883968770504,0.958020865917,-0.0377638973296,0.0122272744775,0.686592817307,-0.725957691669
0.694197833538,-0.0887025147676,0.958255469799,-0.0377780050039,0.0114754186943,0.685486078262,-0.727014422417
0.694003582001,-0.088853828609,0.958269298077,-0.0379108712077,0.0107862269506,0.684547662735,-0.727901756763
0.69385176897,-0.0891481861472,0.958468675613,-0.0379980355501,0.00989510770887,0.683652222157,-0.728750944138
0.69363540411,-0.0895352512598,0.95866060257,-0.0381315723062,0.00977617315948,0.682553529739,-0.729774713516
0.693395793438,-0.0898431017995,0.958845078945,-0.0382766239345,0.00929338019341,0.681490421295,-0.730766296387
0.693237423897,-0.0900586098433,0.959036171436,-0.0390608161688,0.00872442964464,0.680322349072,-0.731819391251
0.693098664284,-0.0903131365776,0.95928645134,-0.04061229527,0.00842337775975,0.67807507515,-0.733821511269
0.692809998989,-0.0905659124255,0.959485292435,-0.0397860147059,0.00760963046923,0.67820006609,-0.733760118484
0.692634522915,-0.0907822698355,0.959672391415,-0.0401571765542,0.00732066482306,0.677081227303,-0.734775364399
0.692456543446,-0.0910490974784,0.959800302982,-0.0402223467827,0.00636959588155,0.676205575466,-0.735586643219
0.692302823067,-0.0912087634206,0.959975481033,-0.040595177561,0.00670304009691,0.67491209507,-0.736750125885
0.692072987556,-0.0913419574499,0.960166931152,-0.0413758344948,0.00483812997118,0.673928916454,-0.737620770931
0.69197177887,-0.0914721414447,0.960322320461,-0.0423189736903,0.00543319853023,0.671706199646,-0.739587962627
0.692028164864,-0.0916129052639,0.960699319839,-0.0421673730016,0.00576822040603,0.671311020851,-0.739952862263
0.691707074642,-0.092208571732,0.961277186871,-0.0418453514576,0.00492205889896,0.669795334339,-0.741349458694
0.69162940979,-0.0918935313821,0.960623502731,-0.0429529100657,0.00360226887278,0.668636977673,-0.742338716984
0.691489398479,-0.0921121016145,0.960764110088,-0.0431598611176,0.00333698699251,0.66731441021,-0.743517041206
0.6913818717,-0.0922437384725,0.960799634457,-0.0438872650266,0.00230976799503,0.666196763515,-0.744480073452
0.691165208817,-0.0929342210293,0.961315453053,-0.0449421219528,0.00307451467961,0.663562297821,-0.746763586998
0.691750049591,-0.0927941426635,0.960842370987,-0.0468399263918,0.0037073707208,0.663009285927,-0.747135162354
0.691696107388,-0.0929757282138,0.960861861706,-0.0476284436882,0.00355970836245,0.66200953722,-0.747972130775
0.691085517406,-0.0932889953256,0.96108007431,-0.0456423424184,0.00215642899275,0.661960482597,-0.748144686222
0.690782129765,-0.0934539660811,0.960904955864,-0.0461954921484,0.00109964481089,0.661191105843,-0.748793184757
0.690621614456,-0.0937516242266,0.960914433002,-0.0464940741658,0.000753536936827,0.660357415676,-0.749510467052
0.690353810787,-0.0940057635307,0.960959434509,-0.0464332811534,0.000255079939961,0.65964192152,-0.75014424324
0.690096378326,-0.0942093506455,0.960956931114,-0.0471849255264,0.00341483042575,0.659068226814,-0.750593841076
0.689769625664,-0.0944461673498,0.960956037045,-0.0472866296768,-0.000926849257667,0.658331990242,-0.751240313053
0.689489305019,-0.0946850180626,0.960973680019,-0.0471100583673,-0.00158532720525,0.657806396484,-0.7517105937
0.689089357853,-0.0949738696218,0.960995793343,-0.0473110117018,0.00124939065427,0.657292425632,-0.752148151398
0.688728690147,-0.0952350944281,0.960923910141,-0.0475647002459,0.000540144799743,0.6567299366,-0.752624154091
0.688344478607,-0.095623627305,0.96089309454,-0.0475989803672,0.000133943147375,0.656166911125,-0.753113150597
0.687995314598,-0.0959248095751,0.960864424706,-0.0474785119295,-0.000359098485205,0.655814170837,-0.753427803516
0.687470495701,-0.0962054356933,0.960870325565,-0.0468858256936,-0.000656847201753,0.655372321606,-0.75384914875
0.686975538731,-0.0965078771114,0.960817992687,-0.0469332747161,-0.000977129559033,0.655093431473,-0.75408822298
0.686517477036,-0.0968208611012,0.960736274719,-0.0468578115106,-0.00155088223983,0.6547498703,-0.754390180111
0.68609803915,-0.097256757319,0.960842609406,-0.0459299609065,-0.00521937292069,0.654147386551,-0.754953324795
0.685519099236,-0.0975894108415,0.960745751858,-0.0451965071261,-0.0022028114181,0.65396797657,-0.755167722702
0.68489164114,-0.0980554372072,0.960655391216,-0.0445705801249,-0.0061139469035,0.653557658195,-0.755538582802
0.684309780598,-0.0983781293035,0.960518419743,-0.0438817366958,-0.0042573036626,0.653279423714,-0.755832195282
0.683633089066,-0.0986062735319,0.960134983063,-0.0439352840185,-0.00395623687655,0.653138279915,-0.755952715874
0.682854056358,-0.0994101315737,0.9604575634,-0.0422489084303,-0.0076039545238,0.652824223042,-0.756292104721
0.683154881001,-0.0991679430008,0.959759950638,-0.0477327890694,-0.00759560707957,0.652025640011,-0.756654858589
0.682515978813,-0.0993716269732,0.959667146206,-0.0472763702273,-0.00797464884818,0.651962280273,-0.756734192371
0.681830048561,-0.0996110439301,0.959602117538,-0.0434688925743,-0.0079348469153,0.652711808681,-0.75631660223
0.680091917515,-0.100626170635,0.960196495056,-0.0397663712502,-0.006424178835,0.651862561703,-0.757266521454
0.679476618767,-0.100694738328,0.960114598274,-0.0417350530624,-0.00915401615202,0.650348365307,-0.758433640003
0.678933739662,-0.100546106696,0.95976537466,-0.0406762287021,-0.0099675944075,0.651709377766,-0.757311761379
0.678503096104,-0.100702412426,0.959725797176,-0.0407465361059,-0.0100628975779,0.651688754559,-0.757324278355
0.677676677704,-0.101192258298,0.95987534523,-0.0397638082504,-0.0105320177972,0.651205420494,-0.757785856724
0.676879584789,-0.101573556662,0.959976255894,-0.0389577895403,-0.0106084207073,0.650932252407,-0.758061408997
0.676155865192,-0.10194798559,0.960100352764,-0.0390651673079,-0.00873146206141,0.649551928043,-0.759262800217
0.675451219082,-0.102347910404,0.960313796997,-0.0384514890611,-0.00747870933264,0.650299668312,-0.758667230606
0.674637675285,-0.102821044624,0.960559725761,-0.037293843925,-0.00749824708328,0.649986684322,-0.75899296999
0.673971235752,-0.103288762271,0.960775792599,-0.0367632247508,-0.00757496617734,0.64953482151,-0.759404838085
0.673260033131,-0.103770196438,0.961019635201,-0.035645827651,-0.00930952560157,0.648957312107,-0.759932339191
0.672442138195,-0.104260452092,0.961151659489,-0.0359808690846,-0.00997784081846,0.647484779358,-0.761163055897
0.671797394753,-0.104729115963,0.961330652237,-0.0365047045052,-0.0102227041498,0.64653468132,-0.761942148209
0.671086370945,-0.105259023607,0.961515545845,-0.0351919308305,-0.0126774739474,0.647619605064,-0.761045098305
0.67036229372,-0.105814769864,0.961672306061,-0.0346384942532,-0.00922732520849,0.647341191769,-0.761356949806
0.669795691967,-0.106430523098,0.961987435818,-0.0342343598604,-0.0107476543635,0.646641075611,-0.761950016022
0.669121205807,-0.106931306422,0.962084531784,-0.0352717675269,-0.0136085450649,0.645213067532,-0.763066768646
0.66847217083,-0.107377663255,0.962155818939,-0.0348509661853,-0.015059444122,0.644867181778,-0.763351023197
0.667942464352,-0.107631199062,0.962175071239,-0.0360551662743,-0.0158035121858,0.644382417202,-0.763689517975
0.667481482029,-0.108136989176,0.962511181831,-0.0349313952029,-0.0168226342648,0.645281136036,-0.762960731983
0.666958928108,-0.108482323587,0.962469935417,-0.0349620878696,-0.0178840868175,0.645369172096,-0.762860715389
0.666544139385,-0.108894854784,0.962507307529,-0.0349522829056,-0.0147587032989,0.645557224751,-0.762768983841
0.666202843189,-0.10921471566,0.962561070919,-0.0351668037474,-0.0190987903625,0.645471930504,-0.762734949589
0.665956914425,-0.109613135457,0.962777197361,-0.0355240292847,-0.0192185174674,0.645787656307,-0.762448072433
0.665642678738,-0.109988428652,0.962812364101,-0.0355230271816,-0.0196377374232,0.646315872669,-0.761989593506
0.665756881237,-0.110217481852,0.962534666061,-0.0359406061471,-0.017316121608,0.647004425526,-0.76144194603
0.665245950222,-0.110393956304,0.962586283684,-0.0366613529623,-0.0170846767724,0.647643089294,-0.760869562626
0.665087521076,-0.110606148839,0.962503969669,-0.0367686375976,-0.0209178030491,0.648426175117,-0.760101377964
0.664941549301,-0.110862866044,0.962369441986,-0.0362443067133,-0.0209778919816,0.649623692036,-0.759101688862
0.664830327034,-0.111062780023,0.962204456329,-0.0364488214254,-0.0209418032318,0.650874912739,-0.758020281792
0.66475212574,-0.111315332353,0.96204739809,-0.0373372584581,-0.0209375470877,0.651524186134,-0.757419228554
0.664773404598,-0.111553616822,0.961856901646,-0.0372295640409,-0.0206145364791,0.652900695801,-0.756247103214
0.664456427097,-0.111509360373,0.961517453194,-0.0383467711508,-0.0217095538974,0.653699398041,-0.755470275879
0.66474789381,-0.11211604625,0.961686611176,-0.0362838879228,-0.020321406424,0.656850934029,-0.752872765064
0.66460621357,-0.112373039126,0.961461246014,-0.0359551273286,-0.0202379580587,0.658563017845,-0.751393675804
0.664508581161,-0.112578161061,0.96125882864,-0.0356835313141,-0.0198776107281,0.660332798958,-0.749861478806
0.664485394955,-0.112814374268,0.96105825901,-0.0375967212021,-0.0140906581655,0.661769211292,-0.748631775379
0.664347827435,-0.112933322787,0.960697352886,-0.0414290763438,-0.0134460525587,0.663249909878,-0.747129440308
0.664346694946,-0.113281399012,0.96073949337,-0.0368283316493,-0.017850164324,0.665122747421,-0.745611667633
0.664244174957,-0.113465480506,0.960391044617,-0.0350754894316,-0.0190119445324,0.667498409748,-0.743541657925
0.664400756359,-0.113771468401,0.960158526897,-0.0353907570243,-0.0148255852982,0.669494211674,-0.741825640202
0.664127767086,-0.114024579525,0.960330963135,-0.0358892418444,-0.0156458970159,0.670099914074,-0.741237640381
0.66398113966,-0.114271193743,0.960244655609,-0.0348868221045,-0.0188613571227,0.672590970993,-0.738951027393
0.663869261742,-0.114484868944,0.960164666176,-0.0354806445539,-0.0191285945475,0.673088848591,-0.738462388515
0.663793087006,-0.114866919816,0.960281074047,-0.0344771035016,-0.018781915307,0.675390005112,-0.736414909363
0.663541078568,-0.115015387535,0.960061311722,-0.0346913300455,-0.0155278742313,0.676950156689,-0.735046863556
0.66339880228,-0.115274742246,0.960035562515,-0.0342577807605,-0.0191872250289,0.678296506405,-0.733738481998
0.663251519203,-0.115509174764,0.96000534296,-0.0335099287331,-0.0190325006843,0.679456353188,-0.732703208923
0.663087666035,-0.115761660039,0.959991037846,-0.0333981513977,-0.0193985588849,0.680697441101,-0.731545805931
0.662935972214,-0.116035781801,0.960002541542,-0.0328518897295,-0.0192122347653,0.681999146938,-0.730362176895
0.662373840809,-0.115853831172,0.95963716507,-0.0322696082294,-0.0210292935371,0.683240175247,-0.729177117348
0.662571787834,-0.11647554487,0.960000932217,-0.0316948220134,-0.0202445890754,0.684467375278,-0.728072762489
0.662400484085,-0.116657204926,0.959946751595,-0.0311474557966,-0.0205335617065,0.685509085655,-0.727107703686
0.662258803844,-0.116874217987,0.95992654562,-0.0307448506355,-0.0207023732364,0.686623752117,-0.726067483425
0.662105739117,-0.117053486407,0.959897279739,-0.0304910149425,-0.0208464227617,0.687633514404,-0.725117862225
0.661962151527,-0.117231309414,0.959858357906,-0.030071368441,-0.0208229161799,0.688656687737,-0.724164426327
0.661762773991,-0.11743632704,0.959796071053,-0.0293974000961,-0.0210396908224,0.689626634121,-0.723262310028
0.661732137203,-0.117541335523,0.959754407406,-0.0291689541191,-0.021368348971,0.690678358078,-0.72225767374
0.661617696285,-0.117667123675,0.959710359573,-0.028814939782,-0.0215691048652,0.691699624062,-0.721287846565
0.661572158337,-0.117804475129,0.959637582302,-0.0288550909609,-0.0214007478207,0.69272261858,-0.72030878067
0.661572396755,-0.117993086576,0.959560513496,-0.0285801980644,-0.0212621372193,0.693793714046,-0.719292223454
0.661535739899,-0.118096940219,0.959507703781,-0.0284700412303,-0.0215443056077,0.69479739666,-0.718318879604
0.661455631256,-0.118248380721,0.959399580956,-0.0282363686711,-0.0213941894472,0.695903301239,-0.717261075974
0.660869538784,-0.118766576052,0.959645569324,-0.0259700957686,-0.0182452760637,0.696542441845,-0.716813325882
0.66081392765,-0.118964619935,0.959446787834,-0.0247372146696,-0.021521050483,0.697576165199,-0.715760052204
0.661429166794,-0.118731327355,0.958922445774,-0.0261105131358,-0.0212813355029,0.698859214783,-0.714465677738
0.661463737488,-0.118830695748,0.958767414093,-0.0256852153689,-0.0213923491538,0.699768364429,-0.713587284088
0.661544024944,-0.11891554296,0.958616197109,-0.0251595061272,-0.0177684556693,0.700871348381,-0.712622344494
0.661148369312,-0.119379930198,0.958885967731,-0.0225729253143,-0.0194096062332,0.701407730579,-0.712138235569
0.66129052639,-0.119494058192,0.958760082722,-0.0226897709072,-0.0214172080159,0.702609717846,-0.710891067982
0.662006616592,-0.119259595871,0.958237230778,-0.0239546243101,-0.0209755524993,0.703711032867,-0.709772527218
0.662232220173,-0.119361244142,0.958166778088,-0.0238295253366,-0.0207508467138,0.70463681221,-0.708864331245
0.662426650524,-0.11943179369,0.958090424538,-0.0235365536064,-0.0205123871565,0.70580136776,-0.707721531391
0.662181198597,-0.119615629315,0.958250582218,-0.0223862994462,-0.0211097020656,0.706338942051,-0.707204639912
0.662360787392,-0.119952321053,0.95827293396,-0.0219141952693,-0.0205347687006,0.707159996033,-0.706415474415
0.663074910641,-0.11970385164,0.957795858383,-0.0233721006662,-0.0200760234147,0.708342313766,-0.705196380615
0.663253545761,-0.119767032564,0.957648694515,-0.0234693083912,-0.020108608529,0.709151089191,-0.704378962517
0.663538992405,-0.119786456227,0.957491695881,-0.0235425997525,-0.0204171221703,0.709895789623,-0.703616976738
0.66383343935,-0.119775660336,0.957380414009,-0.0256226304919,-0.0200229547918,0.711138367653,-0.702299654484
0.664092481136,-0.119801200926,0.957365632057,-0.0237540509552,-0.0201912280172,0.711691558361,-0.701800048351
0.663842618465,-0.120069772005,0.957627236843,-0.0227207392454,-0.0206599254161,0.71217238903,-0.701332569122
0.664062380791,-0.120047770441,0.957550406456,-0.0230615567416,-0.0206629056484,0.712908804417,-0.70057284832
0.664739012718,-0.119757466018,0.957176506519,-0.0246560759842,-0.0205621961504,0.713979959488,-0.699429750443
0.664570748806,-0.119251646101,0.956653296947,-0.0249485541135,-0.0219554957002,0.714696228504,-0.698645114899
0.665098369122,-0.119581535459,0.956960678101,-0.0251127183437,-0.0208325050771,0.715578615665,-0.69776982069
0.664922595024,-0.119595818222,0.957170248032,-0.0245293620974,-0.0213085655123,0.716266393661,-0.697070121765
0.665000140667,-0.119687050581,0.957223057747,-0.0244862698019,-0.0211714264005,0.716952860355,-0.696369707584
0.665481805801,-0.119268044829,0.956843018532,-0.0257619842887,-0.0211869683117,0.717877745628,-0.695369660854
0.66567325592,-0.119129776955,0.956805467606,-0.0262024756521,-0.0211724303663,0.718624591827,-0.694581925869
0.665874481201,-0.119011871517,0.956823766232,-0.0264550112188,-0.0211201123893,0.719465255737,-0.693703174591
0.666013360023,-0.118888266385,0.956795215607,-0.0266248825938,-0.0212508905679,0.719966948032,-0.693171620369
0.666126191616,-0.118757337332,0.956795930862,-0.0271436534822,-0.0210077427328,0.720747888088,-0.692346990108
0.66624045372,-0.118613615632,0.956812858582,-0.0280498191714,-0.0207904744893,0.72064191103,-0.692427814007
0.665935814381,-0.118795193732,0.957202553749,-0.0270358044654,-0.0208495371044,0.720956504345,-0.692138850689
0.666479408741,-0.118334241211,0.956868231297,-0.0287608709186,-0.0170216429979,0.72195404768,-0.691133499146
0.666593909264,-0.118173606694,0.956904947758,-0.0291493367404,-0.0168645512313,0.722540795803,-0.690507590771
0.666251599789,-0.118346147239,0.957328259945,-0.0279629081488,-0.0205871723592,0.722640573978,-0.690351188183
0.666778028011,-0.117847539485,0.956996321678,-0.0293201394379,-0.0203645005822,0.723430514336,-0.689473748207
0.66640162468,-0.118053518236,0.957412958145,-0.0282615590841,-0.0203239582479,0.723580420017,-0.689361810684
0.666988968849,-0.117580115795,0.957163870335,-0.0300000924617,-0.0199123751372,0.724342226982,-0.688499748707
0.667046964169,-0.117377616465,0.957245528698,-0.0304835513234,-0.0200565662235,0.724706828594,-0.688090384007
0.667087852955,-0.117210149765,0.957256734371,-0.0307803340256,-0.0200767759234,0.7249994874,-0.687768220901
0.666617453098,-0.117347583175,0.957584917545,-0.0295978672802,-0.02041403763,0.72492647171,-0.687887132168
0.666637897491,-0.117206998169,0.95758831501,-0.0299285724759,-0.020670812577,0.725140452385,-0.687639594078
0.666642308235,-0.117041908205,0.95759677887,-0.0300965458155,-0.0208135396242,0.72533261776,-0.687425434589
0.666731715202,-0.11678326875,0.9576562047,-0.030431618914,-0.0207866877317,0.725433349609,-0.687305212021
0.666657567024,-0.116714499891,0.957628488541,-0.0304727777839,-0.0210593622178,0.725626349449,-0.687091231346
0.666647493839,-0.11641959846,0.957497179508,-0.0309008657932,-0.0179309528321,0.725938200951,-0.6868314147
0.666574418545,-0.116409525275,0.957552671432,-0.0306508019567,-0.0178368724883,0.725944399834,-0.686838567257
0.666542708874,-0.11629730463,0.957551240921,-0.030527824536,-0.0181157290936,0.725794494152,-0.686995148659
0.666510939598,-0.116098530591,0.95757830143,-0.030461858958,-0.0216456521302,0.7255859375,-0.687116205692
0.666484177113,-0.115963719785,0.957562446594,-0.0305171627551,-0.0217014700174,0.725521147251,-0.68718034029
0.666431486607,-0.115849748254,0.9575304389,-0.0306487251073,-0.0218991246074,0.72536277771,-0.687335431576
0.666855633259,-0.115532755852,0.957158029079,-0.0317307189107,-0.0213942378759,0.725428879261,-0.68723243475
0.666752457619,-0.11542981863,0.957027733326,-0.0315206497908,-0.0214417595416,0.725242078304,-0.687437832355
0.666723966599,-0.115321993828,0.957055330276,-0.0310228057206,-0.0188977904618,0.725186526775,-0.687593638897
0.666604995728,-0.115235537291,0.956923246384,-0.0310561880469,-0.0210654810071,0.724847137928,-0.687886893749
0.666496157646,-0.115160405636,0.956890523434,-0.0307396668941,-0.0211466476321,0.724524796009,-0.68823826313
0.666406452656,-0.115097336471,0.956860780716,-0.0302866324782,-0.0211646575481,0.72419911623,-0.688600361347
0.666279196739,-0.115030832589,0.956849873066,-0.0298605673015,-0.0210948530585,0.723860383034,-0.688977181911
0.666187345982,-0.114983715117,0.956827640533,-0.0295617748052,-0.0210332609713,0.723503947258,-0.689366161823
0.666047930717,-0.114923968911,0.956781625748,-0.028650207445,-0.0188408475369,0.723173260689,-0.689814925194
0.665880262852,-0.114906899631,0.956780016422,-0.0286919698119,-0.0210881084204,0.722791075706,-0.6901486516
0.665771245956,-0.11489456147,0.956774234772,-0.0279269367456,-0.0187460184097,0.72241204977,-0.690644323826
0.665304243565,-0.114487066865,0.956441402435,-0.0278280712664,-0.0218382440507,0.721957564354,-0.691032588482
0.665118396282,-0.114465013146,0.956451892853,-0.0274057649076,-0.0219102893025,0.7215321064,-0.691491484642
0.664935410023,-0.114432372153,0.956461191177,-0.0269465949386,-0.0221622511744,0.720945596695,-0.692112803459
0.665014207363,-0.114761710167,0.956759691238,-0.0264746863395,-0.0208809208125,0.720741093159,-0.692383885384
0.664550900459,-0.114820487797,0.957012593746,-0.0258557517081,-0.0212904289365,0.720252454281,-0.692903161049
0.663971304893,-0.114500418305,0.95669490099,-0.0252031739801,-0.022559992969,0.719601035118,-0.693563461304
0.664518296719,-0.114535354078,0.956650018692,-0.0255299229175,-0.0193704906851,0.719450831413,-0.693803727627
0.664380788803,-0.114440344274,0.956639647484,-0.0247688125819,-0.019235054031,0.719035506248,-0.694265544415
0.664181888103,-0.114357985556,0.956619024277,-0.0247769877315,-0.0213975291699,0.718581557274,-0.694671809673
0.663886070251,-0.114242427051,0.956500828266,-0.0242750626057,-0.0216051116586,0.718125700951,-0.695154249668
0.663465678692,-0.114480338991,0.956911325455,-0.0231959037483,-0.0214074514806,0.717565357685,-0.69577562809
0.663300693035,-0.114412665367,0.956864535809,-0.0227944739163,-0.0211473181844,0.717245340347,-0.696126759052
0.663105428219,-0.114323616028,0.956794142723,-0.0218967720866,-0.0188141837716,0.716830551624,-0.696649491787
0.662952363491,-0.114243082702,0.956695973873,-0.0215775612742,-0.0185388084501,0.716361701488,-0.697148919106
0.662810444832,-0.114163644612,0.956644296646,-0.0216796994209,-0.0202480480075,0.716033875942,-0.6974350214
0.6631731987,-0.113739654422,0.95620238781,-0.0228252280504,-0.0196860060096,0.71595954895,-0.697490870953
0.663097560406,-0.113688386977,0.956241369247,-0.0225787162781,-0.0191668253392,0.715613007545,-0.69786888361
0.662950217724,-0.1135994941,0.956191420555,-0.0243674516678,-0.0187063012272,0.715147554874,-0.698298215866
0.662750184536,-0.113447487354,0.956075310707,-0.0218485500664,-0.0189286936074,0.714861631393,-0.698668062687
0.662575244904,-0.113321393728,0.956034481525,-0.0215044375509,-0.0188737455755,0.71446031332,-0.699090659618
0.662439823151,-0.113239809871,0.956017136574,-0.0211496371776,-0.018494123593,0.714096546173,-0.699483275414
0.662217497826,-0.113150432706,0.956005632877,-0.0207672026008,-0.0186480339617,0.713589191437,-0.700008332729
0.662067472935,-0.113039568067,0.955955386162,-0.0204614326358,-0.0182996336371,0.713225543499,-0.700396955013
0.661909759045,-0.112946651876,0.955928742886,-0.0203321520239,-0.0178433675319,0.712998628616,-0.70064330101
0.661754846573,-0.112853445113,0.955897688866,-0.0201735720038,-0.0176646132022,0.712717175484,-0.700938880444
0.661174297333,-0.113055832684,0.956241667271,-0.0187943410128,-0.0177024528384,0.712115168571,-0.701587796211
0.660987496376,-0.112912498415,0.956213951111,-0.0186801254749,-0.0179366283119,0.711607217789,-0.702100157738
0.660813689232,-0.112845771015,0.956170499325,-0.0185941699892,-0.0174208488315,0.711442112923,-0.70228266716
0.66063028574,-0.112789191306,0.956130385399,-0.0185566153377,-0.0173014122993,0.711177825928,-0.702554225922
0.660834431648,-0.112340413034,0.955693721771,-0.0195893459022,-0.017144843936,0.711146473885,-0.702561795712
0.660669624805,-0.112244300544,0.955593883991,-0.0196498818696,-0.0171433296055,0.710895359516,-0.702814221382
0.6605027318,-0.112240023911,0.95561003685,-0.0193998459727,-0.0169210471213,0.710757553577,-0.702965974808
0.65990447998,-0.112567268312,0.955991744995,-0.0179615821689,-0.0167369749397,0.710173666477,-0.703598380089
0.659651637077,-0.112382821739,0.955733895302,-0.0180021617562,-0.0167914982885,0.710102558136,-0.703667759895
0.65947586298,-0.112296327949,0.955676734447,-0.0179292708635,-0.0165553726256,0.709955215454,-0.703823983669
0.659301042557,-0.112204633653,0.955616772175,-0.018013490364,-0.0165624152869,0.709913611412,-0.703863620758
0.659120559692,-0.112127237022,0.955562353134,-0.017996493727,-0.016531066969,0.709925174713,-0.703853070736
0.658924102783,-0.11205098778,0.955523848534,-0.0179984774441,-0.016476707533,0.70993500948,-0.703844368458
0.658683300018,-0.111964017153,0.955515801907,-0.0179767850786,-0.0165501963347,0.70998352766,-0.703794300556
0.658930659294,-0.111572995782,0.955100953579,-0.0192447360605,-0.0163374710828,0.710443079472,-0.703301787376
0.658383190632,-0.111396029592,0.955129444599,-0.0188813004643,-0.0168818980455,0.710463821888,-0.703277885914
0.6585085392,-0.111367702484,0.955228984356,-0.0193768106401,-0.0161786600947,0.710929512978,-0.702810049057
0.658282399178,-0.111296907067,0.955257892609,-0.0191496014595,-0.0159378778189,0.711189925671,-0.702558398247
0.65808826685,-0.111258178949,0.955301225185,-0.0191053636372,-0.0158036500216,0.711450278759,-0.702298879623
0.657701194286,-0.111132800579,0.955279707909,-0.0189620256424,-0.0161944106221,0.711726009846,-0.702014386654
0.656907320023,-0.111455641687,0.955668330193,-0.0172524806112,-0.0164016205817,0.711784958839,-0.70199406147
0.65666782856,-0.111393734813,0.955642282963,-0.0172236859798,-0.0165931452066,0.711964309216,-0.701808273792
0.656429231167,-0.111301146448,0.95559245348,-0.0173926372081,-0.0164029467851,0.712492108345,-0.701272666454
0.656213641167,-0.111206032336,0.955568790436,-0.0174244288355,-0.0164473559707,0.712866425514,-0.700890421867
0.656335115433,-0.110816583037,0.955175578594,-0.0185388922691,-0.0164176728576,0.713625192642,-0.700089931488
0.655667960644,-0.111011952162,0.955464601517,-0.0173909440637,-0.0168383233249,0.713753044605,-0.699979007244
0.655429542065,-0.110936209559,0.95545643568,-0.0191466920078,-0.0158389564604,0.71366661787,-0.700044572353
0.655186474323,-0.110886350274,0.955413639545,-0.0191302858293,-0.0165475383401,0.714739918709,-0.698932945728
0.654970943928,-0.110894151032,0.95538175106,-0.019264023751,-0.0156909991056,0.714538097382,-0.699155211449
0.654640734196,-0.110886417329,0.955372810364,-0.016779910773,-0.0169182196259,0.715480983257,-0.698225736618
0.654425442219,-0.110836051404,0.955326080322,-0.016699751839,-0.0169362779707,0.715916395187,-0.697780668736
0.65417689085,-0.110708490014,0.95525431633,-0.0168148875237,-0.016963198781,0.716358661652,-0.697323203087
0.654496133327,-0.110304743052,0.954831600189,-0.0182545594871,-0.0166954025626,0.717175126076,-0.696453809738
0.65402328968,-0.110235288739,0.954817950726,-0.0178597681224,-0.0170804485679,0.717493891716,-0.69612634182
0.653595209122,-0.110218189657,0.954833388329,-0.017355369404,-0.0174652375281,0.718073070049,-0.695532083511
0.653229773045,-0.110501684248,0.955144762993,-0.0182508621365,-0.0165720526129,0.717868447304,-0.695742309093
0.652894854546,-0.110538482666,0.955143392086,-0.017875418067,-0.0166692137718,0.718403637409,-0.695196926594
0.652677297592,-0.11052146554,0.955125391483,-0.0177659820765,-0.0166922528297,0.718858361244,-0.694728910923
0.652321457863,-0.110502265394,0.955140888691,-0.0170565061271,-0.0148357059807,0.719341099262,-0.694289088249
0.652071654797,-0.11041174829,0.955103099346,-0.0170412659645,-0.0149264661595,0.719742894173,-0.693870961666
0.651851952076,-0.110327370465,0.955103874207,-0.0172400455922,-0.0150952739641,0.720279872417,-0.693305015564
0.65164232254,-0.110293716192,0.955109834671,-0.0173241347075,-0.0152229443192,0.720707952976,-0.692855119705
0.651105344296,-0.109986826777,0.95494300127,-0.0175223909318,-0.0184411611408,0.720841407776,-0.692633032799
0.651636064053,-0.10986019671,0.954754710197,-0.0189961344004,-0.0173778310418,0.721778869629,-0.691644906998
0.650993645191,-0.109584465623,0.954648733139,-0.0182672422379,-0.0166351832449,0.721833944321,-0.69162517786
0.65102571249,-0.109777905047,0.954917967319,-0.0183182433248,-0.0159788094461,0.722454845905,-0.690990746021
0.650550782681,-0.10974407196,0.955275475979,-0.0195476878434,-0.0163061991334,0.72271078825,-0.690681695938
0.650348126888,-0.109667353332,0.955324530602,-0.0179604329169,-0.0166228786111,0.722911655903,-0.69050693512
0.649907886982,-0.10984160006,0.955399632454,-0.0189102645963,-0.0163983795792,0.723388552666,-0.689987361431
0.649688303471,-0.109708994627,0.955412507057,-0.0190332606435,-0.0165897160769,0.723766207695,-0.68958324194
0.649531602859,-0.109436109662,0.955410599709,-0.019464533776,-0.0171043984592,0.724040567875,-0.689270555973
0.649236559868,-0.109377071261,0.955491304398,-0.0175758972764,-0.0177504103631,0.724124908447,-0.689216375351
0.649038851261,-0.109284467995,0.955530822277,-0.0176486950368,-0.0181973613799,0.724189579487,-0.689134836197
0.648874104023,-0.109203420579,0.955572485924,-0.0177397634834,-0.0183637943119,0.724375545979,-0.688932597637
0.648715436459,-0.10911180824,0.95559990406,-0.0201170723885,-0.0182734709233,0.724476337433,-0.688763678074
0.648550391197,-0.109014250338,0.955617547035,-0.020248496905,-0.0184632018209,0.724643707275,-0.688578784466
0.64840555191,-0.108933590353,0.955628991127,-0.0192035157233,-0.0180157702416,0.725079298019,-0.688161790371
0.648291945457,-0.108835540712,0.955671846867,-0.0176473148167,-0.0168035402894,0.725650429726,-0.687631964684
0.647937178612,-0.108984567225,0.955821454525,-0.0164503566921,-0.0181387607008,0.725504934788,-0.687781155109
0.647872149944,-0.108814820647,0.955785691738,-0.0172439925373,-0.0171455256641,0.725706636906,-0.687574446201
0.647621035576,-0.108796469867,0.955787301064,-0.0155752683058,-0.0198250245303,0.725840628147,-0.687400817871
0.647496640682,-0.108426257968,0.9556016922,-0.0167000163347,-0.019238261506,0.726040124893,-0.687180280685
0.64739215374,-0.108665525913,0.95582139492,-0.0155843384564,-0.0199556462467,0.725960671902,-0.687269985676
0.647201955318,-0.108566828072,0.955931961536,-0.0155709479004,-0.0203793179244,0.726134061813,-0.687074661255
0.647113084793,-0.10852073133,0.955925405025,-0.0164583846927,-0.0192336831242,0.725958764553,-0.687272131443
0.647033274174,-0.108490779996,0.955918312073,-0.0158159174025,-0.0179382432252,0.726136386395,-0.687134742737
0.646967947483,-0.108461655676,0.955901384354,-0.0179463587701,-0.021946426481,0.725787222385,-0.687334954739
0.646907925606,-0.108433455229,0.955887794495,-0.0181147605181,-0.0219802744687,0.725835680962,-0.687278270721
0.646851956844,-0.108414374292,0.955869793892,-0.0188341792673,-0.0226179044694,0.725438654423,-0.687657296658
0.646802306175,-0.108401440084,0.955851852894,-0.0180306434631,-0.0199330393225,0.725835561752,-0.687343120575
0.646749377251,-0.108387626708,0.955837011337,-0.0182507969439,-0.0200527478009,0.725879967213,-0.687286794186
0.646704435349,-0.108379811049,0.955823540688,-0.0184390768409,-0.0200882870704,0.725887596607,-0.68727260828
0.646667599678,-0.108377195895,0.955807030201,-0.0187398716807,-0.0201611388475,0.725920259953,-0.687227964401
0.646595954895,-0.108353622258,0.955795884132,-0.0189205817878,-0.020332865417,0.725898683071,-0.687240719795
0.646659076214,-0.108220688999,0.955651462078,-0.0195455513895,-0.020421391353,0.726042032242,-0.687069118023
0.64660525322,-0.108185172081,0.955682635307,-0.0198707170784,-0.0205812025815,0.726059854031,-0.687036156654
0.646479189396,-0.108443811536,0.955758094788,-0.0195214767009,-0.0203155130148,0.726013541222,-0.687102913857
0.64653968811,-0.108249492943,0.955679774284,-0.0201576985419,-0.020624615252,0.726091563702,-0.686993002892
0.646422564983,-0.108502961695,0.95582306385,-0.019787190482,-0.0204700157046,0.726105868816,-0.68699324131
0.646379768848,-0.108530782163,0.9558416605,-0.0198785513639,-0.0205347500741,0.726132690907,-0.686960279942
0.646343111992,-0.108563572168,0.955863893032,-0.019879065454,-0.0204898510128,0.72619342804,-0.686897397041
0.646306157112,-0.108599595726,0.955879032612,-0.0200895164162,-0.0205443426967,0.726246654987,-0.686833500862
0.646202087402,-0.108645446599,0.955918371677,-0.0199911519885,-0.0206976346672,0.726223766804,-0.686855852604
0.646176338196,-0.108622543514,0.955977737904,-0.020160285756,-0.0208007935435,0.726305365562,-0.686761677265
0.64614379406,-0.108733594418,0.955944657326,-0.0201711077243,-0.0206757262349,0.726292848587,-0.686778366566
0.646129786968,-0.108781911433,0.955943822861,-0.0202410724014,-0.0207039546221,0.72634345293,-0.686721801758
0.646121382713,-0.108744479716,0.955984473228,-0.0203044321388,-0.0209519620985,0.726296365261,-0.686762273312
0.646131753922,-0.108881130815,0.95592468977,-0.0201432816684,-0.0207852367312,0.726368904114,-0.6866953969
0.646110296249,-0.108939893544,0.955881595612,-0.0200943686068,-0.020833991468,0.726410627365,-0.686651229858
0.646124899387,-0.108981400728,0.955869317055,-0.0201165191829,-0.0208715349436,0.726435184479,-0.686623513699
0.646149039268,-0.109040372074,0.95585423708,-0.020133851096,-0.020955696702,0.726490557194,-0.686561763287
0.646178543568,-0.109086893499,0.955819606781,-0.0201110746711,-0.0210514944047,0.726519465446,-0.686528801918
0.6462931633,-0.109131321311,0.955783963203,-0.0203111860901,-0.0208905693144,0.726613461971,-0.686428487301
0.646331131458,-0.109189376235,0.955760061741,-0.0202887766063,-0.0209517274052,0.726655304432,-0.686382889748
0.646400272846,-0.109230294824,0.955722987652,-0.0203113351017,-0.0210091676563,0.726695179939,-0.686338365078
0.646457672119,-0.10927862674,0.955705523491,-0.0203390661627,-0.0209995936602,0.72677141428,-0.686257004738
0.646540462971,-0.109346345067,0.955634474754,-0.0203650128096,-0.0209026541561,0.726812660694,-0.6862154603
0.646605610847,-0.10939963907,0.955604374409,-0.0203741714358,-0.0209389608353,0.72690230608,-0.686119198799
0.646676778793,-0.109451554716,0.955575168133,-0.0204957220703,-0.0210347939283,0.726959526539,-0.68605196476
0.646774530411,-0.109508663416,0.955553650856,-0.0210504736751,-0.0197528395802,0.727146267891,-0.685875415802
0.646850466728,-0.109555266798,0.955526649952,-0.0210663378239,-0.0197270717472,0.727203965187,-0.68581444025
0.646927714348,-0.109576381743,0.955498278141,-0.0212032422423,-0.0197235234082,0.727235078812,-0.685777366161
0.647004842758,-0.109606578946,0.955473065376,-0.0211791824549,-0.0197136178613,0.727301418781,-0.685708165169
0.647086977959,-0.109629482031,0.955455422401,-0.0206869915128,-0.0209667999297,0.727206885815,-0.685786306858
0.647161543369,-0.109644494951,0.955423295498,-0.020748866722,-0.0209633018821,0.727250814438,-0.685737907887
0.647238194942,-0.109646894038,0.955415725708,-0.0208266247064,-0.0209909509867,0.727260291576,-0.685724437237
0.647305369377,-0.109648056328,0.955397367477,-0.0208147261292,-0.0210414156318,0.72725212574,-0.685732185841
0.647380411625,-0.109641380608,0.9553835392,-0.020928805694,-0.0210899543017,0.727284431458,-0.685692727566
0.647454500198,-0.109673656523,0.95536673069,-0.0208848901093,-0.0212168395519,0.72725969553,-0.685716569424
0.647892057896,-0.109324142337,0.954968690872,-0.022121405229,-0.0212285220623,0.72745770216,-0.68546718359
0.647709965706,-0.109678044915,0.955348193645,-0.0211938265711,-0.0210982207209,0.727155983448,-0.685820579529
0.648089647293,-0.109326988459,0.954936504364,-0.0223459135741,-0.0211780909449,0.727297008038,-0.685632050037
0.648122370243,-0.109353534877,0.9549305439,-0.0223659742624,-0.0211355052888,0.727220773697,-0.685713469982
0.647820234299,-0.109766818583,0.955333471298,-0.0210413131863,-0.0210898853838,0.726993203163,-0.685998022556
0.647852897644,-0.10979706794,0.955336809158,-0.0209915824234,-0.0210885610431,0.726906239986,-0.686091780663
0.648164689541,-0.109486304224,0.954977154732,-0.0236060991883,-0.020935645327,0.727111756802,-0.685793757439
0.648421227932,-0.109557002783,0.954968869686,-0.022191086784,-0.0208213552833,0.726957142353,-0.686008274555
0.648432731628,-0.109586887062,0.954977154732,-0.022172709927,-0.0207953546196,0.726925492287,-0.686043202877
0.64845508337,-0.109606593847,0.954987943172,-0.0221837423742,-0.0211460869759,0.726634204388,-0.686340689659
0.648009777069,-0.109965287149,0.955373585224,-0.0208445843309,-0.0213986895978,0.726290881634,-0.686738073826
0.647973716259,-0.109973073006,0.955347895622,-0.0206112898886,-0.0215536728501,0.725924193859,-0.687127828598
0.648055016994,-0.109796792269,0.955293536186,-0.0211978312582,-0.0218569915742,0.725929319859,-0.687095046043
0.648056805134,-0.109816238284,0.955292582512,-0.0210174489766,-0.022040437907,0.725724160671,-0.687311470509
0.648053884506,-0.109834305942,0.95528537035,-0.0209549497813,-0.0220983047038,0.725480675697,-0.687568366528
0.648052453995,-0.109859585762,0.955267131329,-0.0209197606891,-0.0222070086747,0.72531914711,-0.687736570835
0.648040950298,-0.109883695841,0.95524674654,-0.0208246558905,-0.0222646389157,0.725089967251,-0.68797904253
0.648033738136,-0.109901458025,0.955231487751,-0.0207315050066,-0.0223301965743,0.724904596806,-0.688175022602
0.648025512695,-0.109917908907,0.955202639103,-0.0207599755377,-0.0224640984088,0.724749684334,-0.688332915306
0.647888898849,-0.110195249319,0.955264151096,-0.0199314709753,-0.0223071742803,0.724392175674,-0.688738763332
0.647881925106,-0.110198788345,0.955245316029,-0.0199146363884,-0.0223933253437,0.724209427834,-0.688928723335
0.64786273241,-0.110230796039,0.955219447613,-0.0197321567684,-0.0224255416542,0.72403126955,-0.68912011385
0.647862315178,-0.110263071954,0.955161809921,-0.0196926798671,-0.0224400442094,0.723828136921,-0.689334094524
0.647851586342,-0.110284768045,0.955154061317,-0.0195663832128,-0.0225955881178,0.723589897156,-0.689582884312
0.647828698158,-0.110310584307,0.955147385597,-0.0196783598512,-0.0227033663541,0.723455548286,-0.689716875553
0.647803425789,-0.110337026417,0.955136299133,-0.0196452178061,-0.0227648522705,0.723282933235,-0.689896821976
0.647787034512,-0.110362097621,0.955134928226,-0.0196261052042,-0.0228249374777,0.723107874393,-0.690078914165
0.647761106491,-0.110391847789,0.955132961273,-0.0195194743574,-0.0228719506413,0.722939789295,-0.690256416798
0.647710442543,-0.110422506928,0.955115795135,-0.0194674413651,-0.0229852553457,0.722775280476,-0.690426468849
0.647680222988,-0.110451586545,0.955099642277,-0.019448613748,-0.0230945758522,0.722610831261,-0.690595388412
0.64765393734,-0.110485397279,0.955097556114,-0.0193808376789,-0.0231744982302,0.722447216511,-0.690765738487
0.647628307343,-0.110505342484,0.955082952976,-0.0193497985601,-0.0232850722969,0.722299695015,-0.690917253494
0.647652983665,-0.110316127539,0.954938173294,-0.0198721662164,-0.0236504320055,0.722175240517,-0.691020071507
0.647595882416,-0.110334262252,0.954916894436,-0.0198053587228,-0.0238327085972,0.722006738186,-0.691191792488
0.647569715977,-0.110360980034,0.954910933971,-0.0197586156428,-0.0239567216486,0.72185254097,-0.691349923611
0.647395730019,-0.110632248223,0.95504963398,-0.0191147048026,-0.0238402672112,0.721617817879,-0.691617012024
0.647368192673,-0.110654197633,0.955042362213,-0.019111122936,-0.0239967126399,0.721478641033,-0.691756725311
0.647335648537,-0.110672950745,0.955044209957,-0.0190853420645,-0.0241134949028,0.721356332302,-0.6918810606
0.647305965424,-0.110702879727,0.955039381981,-0.0190711487085,-0.0242401435971,0.72124004364,-0.691998302937
0.647271811962,-0.110749036074,0.95502436161,-0.0189965628088,-0.0243212189525,0.721141993999,-0.692099630833
0.647235155106,-0.110772490501,0.954996526241,-0.0188959855586,-0.0244171526283,0.721080601215,-0.69216299057
0.647208750248,-0.110815674067,0.954986035824,-0.0187902823091,-0.0245199874043,0.720987200737,-0.69225949049
0.647180259228,-0.11085793376,0.954975128174,-0.0186427310109,-0.0245280284435,0.720914304256,-0.692339122295
0.647307217121,-0.110651776195,0.954833984375,-0.0174745526165,-0.0257590822875,0.721394002438,-0.69182497263
0.647310137749,-0.110718615353,0.954843997955,-0.0174204688519,-0.0258795451373,0.721413910389,-0.691801130772
0.647283613682,-0.11074321717,0.954817771912,-0.0176714807749,-0.0279789380729,0.721319019794,-0.691812038422
0.647249698639,-0.110755175352,0.954835414886,-0.017619015649,-0.0283404234797,0.721276044846,-0.691843390465
0.64728218317,-0.110805921257,0.954837799072,-0.0176685117185,-0.0282828826457,0.7212677598,-0.691853165627
0.647221446037,-0.111038260162,0.954941511154,-0.0172841195017,-0.0280608031899,0.721213638783,-0.691928386688
0.64725625515,-0.111078508198,0.954930782318,-0.0174647923559,-0.028008043766,0.721209406853,-0.691930294037
0.647198081017,-0.11116477102,0.954916656017,-0.0196592863649,-0.0275405254215,0.721146762371,-0.691955387592
0.647258758545,-0.111258387566,0.954909026623,-0.0193371791393,-0.0273105949163,0.721505880356,-0.691599369049
0.647772610188,-0.110987871885,0.95450180769,-0.0193450134248,-0.0270974542946,0.721801280975,-0.691299080849
0.647821426392,-0.111064791679,0.95451682806,-0.0196290183812,-0.0269582439214,0.721981883049,-0.691107928753
0.647887825966,-0.111154302955,0.954581975937,-0.0201658438891,-0.0267155859619,0.722270905972,-0.690799951553
0.647938430309,-0.111267127097,0.954675972462,-0.0205622408539,-0.0263630095869,0.722666501999,-0.690387904644
0.647959411144,-0.111317850649,0.954785943031,-0.0209273472428,-0.0262523256242,0.723096489906,-0.689930737019
0.6480448246,-0.111407093704,0.954889059067,-0.0211633015424,-0.0257687866688,0.723510921001,-0.689507067204
0.648102521896,-0.111482664943,0.954974353313,-0.0217021573335,-0.0251747760922,0.724097728729,-0.688895940781
0.648223221302,-0.11158888042,0.955159604549,-0.0224447567016,-0.0216617062688,0.724805355072,-0.688247203827
0.648249864578,-0.111633963883,0.955292880535,-0.0229036975652,-0.021674323827,0.725449204445,-0.687553048134
0.648293554783,-0.111701637506,0.955305814743,-0.0231856387109,-0.0217097420245,0.726034581661,-0.686924338341
0.648376524448,-0.111832782626,0.955497145653,-0.023606846109,-0.0212821997702,0.726713001728,-0.686205565929
0.64842903614,-0.11186426878,0.955591142178,-0.023901777342,-0.0210042055696,0.727317512035,-0.685563147068
0.648501753807,-0.111919775605,0.955693185329,-0.0242072176188,-0.0204191878438,0.728023469448,-0.684820353985
0.648581504822,-0.111993663013,0.955892086029,-0.0244080685079,-0.0205570496619,0.728603720665,-0.684191763401
0.648638188839,-0.112056396902,0.955954194069,-0.0244907289743,-0.0205040387809,0.729052484035,-0.683712244034
0.64871108532,-0.11210128665,0.956021904945,-0.0240484215319,-0.0218006335199,0.729418754578,-0.683296918869
0.648823797703,-0.112139560282,0.956076323986,-0.02416251041,-0.0217558760196,0.729721367359,-0.682971179485
0.649044156075,-0.112130239606,0.956223368645,-0.0245057530701,-0.0216305423528,0.730025351048,-0.682637989521
0.649169802666,-0.112178824842,0.956289768219,-0.0245883259922,-0.0215114578605,0.730289638042,-0.682356119156
0.649257004261,-0.112194508314,0.956320285797,-0.0246561337262,-0.0216124150902,0.730584561825,-0.682034552097
0.649360537529,-0.112209312618,0.956346988678,-0.025205636397,-0.0205519795418,0.730797111988,-0.681819498539
0.649443626404,-0.11220728606,0.956381797791,-0.0251652225852,-0.0204275194556,0.730778455734,-0.681844890118
0.649386405945,-0.112259551883,0.956259846687,-0.0245251841843,-0.0222349967808,0.730573534966,-0.682031154633
0.64950633049,-0.112251631916,0.956292510033,-0.0240955762565,-0.0227016601712,0.730273544788,-0.682352244854
0.649601638317,-0.112240850925,0.956338763237,-0.0239152759314,-0.023384783417,0.730093598366,-0.682528078556
0.649726748466,-0.112214058638,0.95636600256,-0.0242536496371,-0.0232519544661,0.730028092861,-0.682590782642
0.649828970432,-0.11218611896,0.95639872551,-0.0241333227605,-0.0235842708498,0.729697465897,-0.682936966419
0.649923682213,-0.112150348723,0.956427097321,-0.0245652906597,-0.022725880146,0.729414105415,-0.683253347874
0.649797916412,-0.112040922046,0.95640873909,-0.0238573756069,-0.0245935749263,0.728743195534,-0.68392932415
0.649908483028,-0.111993439496,0.95642375946,-0.0239209830761,-0.0248589254916,0.728197038174,-0.684499025345
0.650015175343,-0.111946560442,0.95643466711,-0.0240056738257,-0.0251137521118,0.727639555931,-0.685079455376
0.650155425072,-0.111912302673,0.956454277039,-0.023985773325,-0.0253452770412,0.727062404156,-0.685684084892
0.650241017342,-0.111874438822,0.95651358366,-0.023779226467,-0.0258310027421,0.72639977932,-0.686375081539
0.650343358517,-0.111806198955,0.956448018551,-0.0241890344769,-0.0259775668383,0.725362241268,-0.687451720238
0.650529265404,-0.112122736871,0.956894040108,-0.0229916814715,-0.0253056604415,0.724896430969,-0.688008964062
0.650403439999,-0.112213976681,0.957037329674,-0.0227923933417,-0.0246844384819,0.724111318588,-0.688864409924
0.650227606297,-0.11233317107,0.957167804241,-0.0220395885408,-0.0249903686345,0.723209440708,-0.689824461937
0.650772809982,-0.111623361707,0.956475496292,-0.0240227766335,-0.0256708674133,0.722710669041,-0.690255999565
0.650860130787,-0.111601687968,0.956447839737,-0.0237406976521,-0.0257128104568,0.721799612045,-0.691216766834
0.650921225548,-0.111566752195,0.95646494627,-0.0230613835156,-0.0274004470557,0.720642149448,-0.692381680012
0.65043258667,-0.11125023663,0.956155836582,-0.0230072122067,-0.0272934306413,0.719624519348,-0.693445205688
0.651135087013,-0.111500926316,0.956443309784,-0.0229964014143,-0.0273922756314,0.718905985355,-0.694186747074
0.651182353497,-0.111446879804,0.956467807293,-0.0228665862232,-0.0278732590377,0.717808127403,-0.695307016373
0.651233673096,-0.111421428621,0.956505954266,-0.0225776918232,-0.0283026788384,0.71686065197,-0.696275770664
0.650969386101,-0.110990263522,0.956213831902,-0.0227242726833,-0.0297606941313,0.71579259634,-0.69730836153
0.651242434978,-0.111314699054,0.956572234631,-0.022290866822,-0.0287481062114,0.714965820312,-0.698212444782
0.651370763779,-0.111248493195,0.956717729568,-0.022938542068,-0.0278929267079,0.713871955872,-0.6993445158
0.651537656784,-0.11116322875,0.956765949726,-0.0231145415455,-0.0275976657867,0.712965846062,-0.70027422905
0.651592612267,-0.111131064594,0.956799328327,-0.0235395375639,-0.0280699208379,0.711286962032,-0.701946496964
0.65158700943,-0.111189775169,0.956795454025,-0.0229751933366,-0.0282686222345,0.710243880749,-0.70301258564
0.651739239693,-0.111171409488,0.956762969494,-0.0231246650219,-0.0279570315033,0.709399163723,-0.703872561455
