x,y,z,q0,q1,q2,q3
-0.469735741615,-0.496785074472,0.847271263599,-0.073543086648,-0.763266086578,0.547324299812,0.335339546204
-0.469860255718,-0.498128861189,0.846276700497,-0.0704609900713,-0.763160765171,0.546985626221,0.33679035306
-0.469838380814,-0.499281257391,0.845154166222,-0.0714105516672,-0.763366281986,0.545925915241,0.337842196226
-0.469818294048,-0.500368356705,0.844115257263,-0.0721388459206,-0.763364434242,0.544675707817,0.339704394341
-0.469821989536,-0.501490712166,0.843060612679,-0.0719609856606,-0.763757228851,0.544102847576,0.339777499437
-0.469595432281,-0.502355337143,0.841843366623,-0.0731756016612,-0.761694014072,0.544080138206,0.344157576561
-0.469734817743,-0.503456473351,0.841199755669,-0.0731964856386,-0.763627111912,0.542574584484,0.342240989208
-0.469840675592,-0.504393815994,0.840224981308,-0.0731925815344,-0.763345062733,0.541890799999,0.343949794769
-0.469850361347,-0.505356192589,0.839391112328,-0.0725705549121,-0.762588500977,0.542469739914,0.34484615922
-0.469760894775,-0.506083846092,0.838553607464,-0.0731755122542,-0.763016104698,0.540969014168,0.346127688885
-0.469804257154,-0.507010698318,0.837667047977,-0.0715804174542,-0.76388001442,0.539998829365,0.346070736647
-0.469454050064,-0.507605850697,0.836594879627,-0.0723762512207,-0.761664271355,0.540542721748,0.349918663502
-0.469580888748,-0.508444488049,0.83590811491,-0.0724578201771,-0.763683199883,0.538567304611,0.348544389009
-0.469011962414,-0.508878290653,0.834699928761,-0.0736436620355,-0.759547710419,0.540029168129,0.35501074791
-0.468866407871,-0.50943338871,0.833892226219,-0.0739324316382,-0.759165883064,0.539556741714,0.35648226738
-0.469288408756,-0.510512709618,0.833465337753,-0.0729726627469,-0.76304101944,0.537188112736,0.351954936981
-0.468823999166,-0.510960936546,0.832232058048,-0.0736663639545,-0.758730351925,0.539474964142,0.357586890459
-0.468731045723,-0.511669754982,0.831516087055,-0.0719087570906,-0.759367465973,0.538639128208,0.357851982117
-0.468853384256,-0.512537002563,0.831033706665,-0.0711778104305,-0.761624515057,0.53637367487,0.356602221727
-0.469041317701,-0.513470470905,0.830436885357,-0.0699554756284,-0.76328253746,0.535692751408,0.354315131903
-0.468953073025,-0.514153838158,0.829689741135,-0.0703482627869,-0.763488352299,0.535036683083,0.354785114527
-0.468376100063,-0.514500260353,0.828571796417,-0.0713728368282,-0.758234918118,0.537729144096,0.361708551645
-0.468778848648,-0.515485107899,0.828384459019,-0.0696273222566,-0.763349533081,0.534551799297,0.355955094099
-0.468702316284,-0.516147017479,0.827820003033,-0.0696170255542,-0.762875020504,0.534993648529,0.356310099363
-0.468192905188,-0.516478776932,0.82672983408,-0.0696761906147,-0.758560955524,0.537096321583,0.362295776606
-0.468646973372,-0.517451107502,0.826605916023,-0.0676935687661,-0.763342380524,0.534499049187,0.356422245502
-0.46837040782,-0.518026590347,0.825852751732,-0.0670400857925,-0.760710835457,0.536098897457,0.359753668308
-0.468315243721,-0.51860255003,0.825326800346,-0.0666580870748,-0.76023453474,0.536273360252,0.360570430756
-0.468392848969,-0.519193410873,0.824959158897,-0.0665779486299,-0.762411952019,0.534534990788,0.358563393354
-0.468325406313,-0.519698858261,0.824439466,-0.0659374222159,-0.762484371662,0.53460496664,0.358423560858
-0.467778772116,-0.519909918308,0.823408782482,-0.0673183202744,-0.75740724802,0.537693142891,0.364264756441
-0.468029916286,-0.520718276501,0.823293805122,-0.0663602054119,-0.761760354042,0.534986495972,0.35931506753
-0.467779994011,-0.521085202694,0.822544574738,-0.0661569014192,-0.760029196739,0.536523759365,0.360723257065
-0.467729687691,-0.521563708782,0.822290658951,-0.0646292418242,-0.762243449688,0.534716188908,0.359008133411
-0.467544317245,-0.521975457668,0.821823477745,-0.0637058913708,-0.76246714592,0.534869790077,0.358468562365
-0.467387288809,-0.5224635005,0.821299791336,-0.0632601231337,-0.762081623077,0.535116910934,0.358998328447
-0.467140078545,-0.522766113281,0.820823848248,-0.0631272420287,-0.761655628681,0.535219013691,0.359772652388
-0.466776788235,-0.522967755795,0.820123136044,-0.0632624700665,-0.760405004025,0.536094784737,0.361087948084
-0.466778606176,-0.523364126682,0.819844245911,-0.0624621286988,-0.761777281761,0.535221159458,0.359627693892
-0.466129422188,-0.523293673992,0.818988204002,-0.0624802149832,-0.756388008595,0.538623034954,0.365867048502
-0.466260641813,-0.523713111877,0.818829715252,-0.0623632110655,-0.760879576206,0.536031663418,0.360337585211
-0.465558111668,-0.523516714573,0.817958831787,-0.0625394359231,-0.755959153175,0.538889586926,0.366350501776
-0.465695261955,-0.52402639389,0.81791472435,-0.0615373179317,-0.761488437653,0.535264730453,0.360333770514
-0.465444982052,-0.524133682251,0.817424654961,-0.0608453378081,-0.761682391167,0.534560978413,0.361085087061
-0.465143144131,-0.524142742157,0.816917836666,-0.06097721681,-0.761942565441,0.534146547318,0.361127197742
-0.464868664742,-0.52417331934,0.816408872604,-0.0609176680446,-0.761504948139,0.534443974495,0.361620128155
-0.464731216431,-0.524235069752,0.815901279449,-0.0602500624955,-0.761627495289,0.534526765347,0.361351251602
-0.464506328106,-0.524247527122,0.815452992916,-0.0596940778196,-0.761560678482,0.534215509892,0.362043946981
-0.464314371347,-0.524242818356,0.814998328686,-0.0588011778891,-0.761670827866,0.534018754959,0.362248837948
-0.46383702755,-0.524005293846,0.814247608185,-0.0587653517723,-0.759794056416,0.534366667271,0.365666538477
-0.463778078556,-0.524041235447,0.81396150589,-0.0578679963946,-0.761681616306,0.532918930054,0.363991588354
-0.463641703129,-0.523989379406,0.813411474228,-0.0577009990811,-0.761934280396,0.533629655838,0.362444549799
-0.463450729847,-0.524021089077,0.812938988209,-0.0572079382837,-0.762259483337,0.533145666122,0.362551242113
-0.462972819805,-0.523758947849,0.811988353729,-0.0578375756741,-0.759332537651,0.534968435764,0.365893155336
-0.463042080402,-0.523800253868,0.811767578125,-0.0576235875487,-0.761532902718,0.533858478069,0.362963199615
-0.463127195835,-0.523788094521,0.811643242836,-0.0568499006331,-0.763892114162,0.532144010067,0.360637754202
-0.463023245335,-0.523748278618,0.81136649847,-0.0567058697343,-0.764517307281,0.531336426735,0.360526740551
-0.462943434715,-0.523712873459,0.811111927032,-0.0561365522444,-0.764873206615,0.530697822571,0.360801160336
-0.462824523449,-0.523691177368,0.810865163803,-0.0556839890778,-0.765801608562,0.529706060886,0.360359072685
-0.462271213531,-0.523416280746,0.810261785984,-0.0555448047817,-0.762146830559,0.531356692314,0.365659683943
-0.462084531784,-0.52339464426,0.809939622879,-0.05579886958,-0.762891888618,0.530724406242,0.364985197783
-0.461881875992,-0.523365616798,0.809643983841,-0.0560420155525,-0.763596653938,0.529879808426,0.364701151848
-0.462132453918,-0.523653388023,0.809712290764,-0.0558440759778,-0.767760455608,0.527144730091,0.359922081232
-0.462053149939,-0.523697078228,0.809354424477,-0.0555634871125,-0.76845741272,0.526830613613,0.358936727047
-0.461835235357,-0.52371186018,0.808970689774,-0.0555810928345,-0.769019663334,0.526229262352,0.35861158371
-0.461771786213,-0.523829817772,0.808493375778,-0.055086966604,-0.768530547619,0.527334332466,0.358112812042
-0.461197376251,-0.523637771606,0.807745933533,-0.0552808530629,-0.764847040176,0.529443085194,0.362826496363
-0.461052060127,-0.523615896702,0.807300508022,-0.0554530136287,-0.764358222485,0.529456555843,0.363809555769
-0.461408227682,-0.523919463158,0.807295739651,-0.0542060770094,-0.768525362015,0.526889324188,0.358912438154
-0.460773676634,-0.523629248142,0.806400239468,-0.0538048893213,-0.764169573784,0.529453933239,0.364456504583
-0.460698604584,-0.523689985275,0.805990695953,-0.0529830902815,-0.763863682747,0.529805362225,0.364707350731
-0.461030513048,-0.524011254311,0.805968046188,-0.0522458590567,-0.76897996664,0.526414036751,0.358926773071
-0.460922300816,-0.523993372917,0.805576086044,-0.0524517968297,-0.769275009632,0.526092469692,0.358736008406
-0.460806548595,-0.523943245411,0.805178523064,-0.0529506504536,-0.769231975079,0.525785386562,0.359205007553
-0.460761249065,-0.523930370808,0.80480325222,-0.0528504438698,-0.76968729496,0.525494098663,0.358670294285
-0.46059769392,-0.523854255676,0.80448114872,-0.0528994761407,-0.77038782835,0.524226248264,0.359014183283
-0.460380166769,-0.52376127243,0.803935587406,-0.0528681315482,-0.768759965897,0.525323927402,0.360898941755
-0.460205972195,-0.52362203598,0.803690552711,-0.0532755702734,-0.769212126732,0.52411365509,0.361634224653
-0.460094511509,-0.523501753807,0.80335611105,-0.0538382343948,-0.769214212894,0.523401737213,0.362576276064
-0.460176467896,-0.523521602154,0.803265750408,-0.0535306669772,-0.771023631096,0.522388577461,0.360232323408
-0.460220098495,-0.523489356041,0.802920460701,-0.0531552135944,-0.770169138908,0.523434817791,0.360596895218
-0.460198700428,-0.523275375366,0.802578151226,-0.0526227578521,-0.770335972309,0.523092210293,0.360815823078
-0.460198521614,-0.523043215275,0.802236318588,-0.0531013272703,-0.769626021385,0.522989213467,0.362406283617
-0.460207283497,-0.522788047791,0.80186009407,-0.0528592951596,-0.769789040089,0.522842824459,0.362306624651
-0.460181176662,-0.522417664528,0.801406621933,-0.0539161451161,-0.769870519638,0.522136449814,0.362995862961
-0.460233867168,-0.522114038467,0.80103546381,-0.0538570247591,-0.76968306303,0.522203862667,0.363305062056
-0.460245728493,-0.521809458733,0.800627708435,-0.0539206527174,-0.769867539406,0.522090613842,0.363067537546
-0.460292071104,-0.521519422531,0.80013102293,-0.0542576089501,-0.770410120487,0.521799445152,0.362284272909
-0.46028137207,-0.521147310734,0.799668312073,-0.054749943316,-0.769884288311,0.521941840649,0.363121688366
-0.45987534523,-0.52048689127,0.798645555973,-0.0547864921391,-0.765046298504,0.524887263775,0.369047522545
-0.460468173027,-0.520454585552,0.798412442207,-0.0531027875841,-0.76973348856,0.521770060062,0.363931953907
-0.460402220488,-0.51997756958,0.797495484352,-0.0533561185002,-0.768812298775,0.521759212017,0.36585277319
-0.460750877857,-0.519733607769,0.796899914742,-0.0529355928302,-0.77069401741,0.519873082638,0.364637553692
-0.460906982422,-0.519382178783,0.796032428741,-0.0534500293434,-0.771788477898,0.518653213978,0.363984405994
-0.46102643013,-0.518944084644,0.795079946518,-0.0534220486879,-0.771828472614,0.517128169537,0.366067439318
-0.461242854595,-0.518629193306,0.794112086296,-0.0529390797019,-0.773431122303,0.515546500683,0.364984452724
-0.464216649532,-0.520865738392,0.793515264988,-0.0303618051112,-0.75531411171,0.538165330887,0.372769206762
-0.464364886284,-0.520569145679,0.792639195919,-0.0296661928296,-0.75513201952,0.537230730057,0.374538123608
-0.464369952679,-0.519957363605,0.791249811649,-0.0311285890639,-0.753988683224,0.537580251694,0.376217633486
-0.464592218399,-0.519629895687,0.79026311636,-0.0305517204106,-0.755012691021,0.536114156246,0.376303166151
-0.464567005634,-0.519177258015,0.789115250111,-0.0301866289228,-0.752788901329,0.536218225956,0.380614966154
-0.465075016022,-0.51914703846,0.788413643837,-0.030166182667,-0.756142914295,0.532680988312,0.378931164742
-0.465627610683,-0.519085228443,0.787809729576,-0.0317158028483,-0.759777009487,0.530380606651,0.374739199877
-0.465904980898,-0.519117534161,0.787667632103,-0.0311507638544,-0.759875535965,0.53108972311,0.373580545187
-0.463493108749,-0.516999363899,0.787349104881,-0.0516127049923,-0.775354444981,0.511475026608,0.366817414761
-0.463334709406,-0.516991078854,0.787329792976,-0.0512521676719,-0.772947430611,0.51364338398,0.368911921978
-0.463281393051,-0.517109453678,0.787582933903,-0.0508314929903,-0.772390842438,0.514785587788,0.368543624878
-0.463150024414,-0.517215013504,0.787884831429,-0.0503091365099,-0.771056056023,0.516225636005,0.369395166636
-0.462903112173,-0.517229259014,0.788144350052,-0.0505985505879,-0.771140575409,0.516129672527,0.369313180447
-0.462854832411,-0.517413258553,0.788326025009,-0.0499775782228,-0.770514369011,0.517022132874,0.369456410408
-0.463079094887,-0.517744123936,0.788656592369,-0.0487185567617,-0.772255063057,0.516528308392,0.366670399904
-0.462851583958,-0.517798125744,0.788230597973,-0.0478192791343,-0.76689773798,0.521432459354,0.371065229177
-0.463499486446,-0.51844984293,0.788619160652,-0.0457849390805,-0.771304130554,0.519707381725,0.364551693201
-0.463804841042,-0.518889546394,0.788594424725,-0.0441486015916,-0.770914614201,0.521019220352,0.363704055548
-0.46421572566,-0.519385039806,0.788563728333,-0.0416801013052,-0.770692229271,0.522787988186,0.361924022436
-0.464499264956,-0.519909977913,0.78834426403,-0.0386823453009,-0.768058598042,0.527073085308,0.361640304327
-0.46500825882,-0.520525932312,0.788393676281,-0.035402469337,-0.7670353055,0.529880583286,0.36004203558
-0.465501904488,-0.521113395691,0.788511753082,-0.0318933278322,-0.765809178352,0.532744348049,0.358751535416
-0.465922445059,-0.521672189236,0.788753390312,-0.0278874747455,-0.764826834202,0.535158097744,0.357586503029
-0.46620452404,-0.5221093297,0.788921773434,-0.0254454500973,-0.76511234045,0.536077976227,0.355775415897
-0.466616928577,-0.522588610649,0.789403736591,-0.0228749364614,-0.767215192318,0.535319685936,0.352548509836
-0.46684718132,-0.522886514664,0.78970515728,-0.0213247910142,-0.766936182976,0.536247611046,0.351841986179
-0.467152416706,-0.523174107075,0.790051937103,-0.0196846779436,-0.766953408718,0.537261903286,0.350349247456
-0.46740552783,-0.523415565491,0.79038310051,-0.0187256261706,-0.766552567482,0.538509130478,0.349363088608
-0.467745065689,-0.523621439934,0.790755629539,-0.0175956171006,-0.765244185925,0.54101473093,0.348417878151
-0.468191742897,-0.523897826672,0.79106938839,-0.0153664182872,-0.763251543045,0.544297397137,0.347780525684
-0.468672633171,-0.524213254452,0.791345238686,-0.013172827661,-0.760966837406,0.548105955124,0.346894413233
-0.469074577093,-0.524384915829,0.791382312775,-0.0124634988606,-0.75701636076,0.552961826324,0.347856640816
-0.469978421926,-0.524694263935,0.791733264923,-0.0108771892264,-0.756956756115,0.554994046688,0.344789534807
-0.470578342676,-0.524871945381,0.791980028152,-0.0101779727265,-0.755170106888,0.557411670685,0.344828695059
-0.47123414278,-0.525133609772,0.792175531387,-0.00920221954584,-0.754438757896,0.558782577515,0.344237715006
-0.473512887955,-0.526295304298,0.792051434517,-0.000536262639798,-0.745290577412,0.570782005787,0.344600856304
-0.473996818066,-0.526374816895,0.792125761509,-0.00163230113685,-0.744026005268,0.571373820305,0.346344769001
-0.474902391434,-0.526609301567,0.792708754539,-0.00193335488439,-0.745961785316,0.569211423397,0.345739513636
-0.475572496653,-0.526674449444,0.792994558811,-0.00330494530499,-0.745884239674,0.567661464214,0.348434001207
-0.476183056831,-0.526824355125,0.793282866478,-0.00478612119332,-0.746398210526,0.565937578678,0.350116580725
-0.477021694183,-0.527006447315,0.793240487576,-0.0074494080618,-0.745260298252,0.566064655781,0.352281749249
-0.476463854313,-0.526673436165,0.793442189693,-0.0126774488017,-0.743505418301,0.563311755657,0.360165029764
-0.476958870888,-0.526949048042,0.793636679649,-0.0140099143609,-0.74244081974,0.562879860401,0.362976044416
-0.477869093418,-0.527871549129,0.795246958733,-0.00963919330388,-0.745499193668,0.558212399483,0.364056408405
-0.47862637043,-0.528011322021,0.794053435326,-0.0134820919484,-0.740276634693,0.564874887466,0.36431440711
-0.478975236416,-0.528346836567,0.794113397598,-0.0139535330236,-0.738623738289,0.565566182137,0.366572439671
-0.478786408901,-0.52852332592,0.794047117233,-0.0180256254971,-0.739329099655,0.564110577106,0.367215067148
-0.479044914246,-0.528964698315,0.794043064117,-0.0186180640012,-0.738017976284,0.565005600452,0.368444859982
-0.478224873543,-0.528667211533,0.794448018074,-0.023906333372,-0.743373095989,0.556201577187,0.370762556791
-0.479392141104,-0.529893815517,0.793815612793,-0.0187647994608,-0.735483944416,0.566848695278,0.370666891336
-0.47954300046,-0.530566811562,0.793800234795,-0.0166412033141,-0.734330058098,0.567994117737,0.37130188942
-0.480126678944,-0.531163334846,0.793316066265,-0.0138066643849,-0.731182157993,0.572483062744,0.370736151934
-0.480107069016,-0.53172570467,0.793398797512,-0.0127574922517,-0.732794165611,0.571506857872,0.369093537331
-0.479338407516,-0.531879484653,0.792821526527,-0.0128062814474,-0.727708399296,0.575014531612,0.37367734313
-0.479468047619,-0.532834231853,0.79333126545,-0.00899225473404,-0.732288002968,0.573389410973,0.367284655571
-0.47902148962,-0.533253371716,0.79322296381,-0.00718302698806,-0.732559502125,0.574105620384,0.365660756826
-0.478096544743,-0.533423364162,0.79323887825,-0.00584589270875,-0.730870008469,0.574948906898,0.367734730244
-0.477358996868,-0.533699810505,0.793180465698,-0.00439096009359,-0.730623304844,0.575955569744,0.366668254137
-0.476876020432,-0.534069657326,0.793470859528,-0.00262263952754,-0.732336759567,0.576152980328,0.362937748432
-0.476468801498,-0.534722626209,0.794544756413,0.00737033272162,-0.727122604847,0.579660177231,0.367739826441
-0.475918114185,-0.535049974918,0.795062601566,0.0101974504068,-0.72905933857,0.579695761204,0.363760083914
-0.474615484476,-0.534793674946,0.794381260872,0.00352079211734,-0.731994509697,0.579822957516,0.357738822699
-0.473725676537,-0.534931361675,0.794811487198,0.00491334218532,-0.732351779938,0.580674529076,0.355603605509
-0.47287017107,-0.535084187984,0.795216321945,0.00583609146997,-0.732315719128,0.58202201128,0.353454321623
-0.472170442343,-0.535253465176,0.795479774475,0.00659604649991,-0.731734216213,0.584731698036,0.350157678127
-0.470958888531,-0.535339832306,0.795944333076,0.00812428444624,-0.730730175972,0.586449444294,0.349348604679
-0.470622956753,-0.536026656628,0.797624588013,0.0181225966662,-0.727192521095,0.589074373245,0.351929008961
-0.469127058983,-0.535723745823,0.797035098076,0.010468814522,-0.730648815632,0.589086711407,0.344992369413
-0.46850913763,-0.535832822323,0.797397792339,0.0104748699814,-0.731693089008,0.589327216148,0.342358022928
-0.467607617378,-0.535992026329,0.79773747921,0.0105156451464,-0.731156468391,0.590012848377,0.342322409153
-0.466639280319,-0.536153316498,0.798251032829,0.0103243924677,-0.730055510998,0.589231431484,0.346003890038
-0.466393351555,-0.536895215511,0.79942303896,0.0188345070928,-0.725087285042,0.591461896896,0.35223081708
-0.465459883213,-0.537386715412,0.799772977829,0.00836193840951,-0.719912946224,0.594779372215,0.357621252537
-0.464783668518,-0.537617743015,0.799484848976,0.0081826839596,-0.718791604042,0.595499694347,0.358680635691
-0.463650733232,-0.537481844425,0.798234939575,0.000446415651822,-0.721299052238,0.594453394413,0.355461210012
-0.463183790445,-0.537786185741,0.797926783562,0.0013667086605,-0.720314562321,0.595138370991,0.35630813241
-0.462930083275,-0.538028717041,0.797338247299,0.00196648715064,-0.719208359718,0.596653163433,0.35600617528
-0.462355732918,-0.538221001625,0.796800076962,0.00307332049124,-0.716550886631,0.598357439041,0.358488202095
-0.462200820446,-0.538361310959,0.796473503113,0.0161684826016,-0.72021895647,0.595387101173,0.355721026659
-0.462057828903,-0.53876376152,0.796471834183,0.0174817424268,-0.722556352615,0.593977153301,0.353267490864
-0.461626440287,-0.538872659206,0.796096086502,0.0174336023629,-0.72114366293,0.594803929329,0.354761958122
-0.461584717035,-0.539195299149,0.796233654022,0.0184968225658,-0.723494648933,0.5934664011,0.352151870728
-0.461060374975,-0.539567232132,0.79648411274,0.00778955640271,-0.719577729702,0.595762908459,0.356670767069
-0.460885643959,-0.539704978466,0.796496272087,0.00796937569976,-0.719391703606,0.595725119114,0.357104629278
-0.460591286421,-0.539730727673,0.796324014664,0.00762483803555,-0.717258453369,0.596763551235,0.359660118818
-0.460397064686,-0.539761245251,0.796225905418,0.00681460136548,-0.717693030834,0.595897197723,0.360245585442
-0.460509866476,-0.539931356907,0.796443760395,0.00737686967477,-0.720273911953,0.593658804893,0.358776122332
-0.460463881493,-0.539955317974,0.796435117722,0.00772559503093,-0.72072571516,0.592653274536,0.359522938728
-0.460246920586,-0.539842426777,0.796203970909,0.00749527476728,-0.719101309776,0.592896461487,0.362368613482
-0.46025210619,-0.539859294891,0.79615175724,0.00775807444006,-0.720050692558,0.591425538063,0.36288100481
-0.460492014885,-0.540038883686,0.796363472939,0.00870896317065,-0.723543524742,0.587953269482,0.361552149057
-0.46034643054,-0.539944052696,0.796031117439,0.00837815180421,-0.72387689352,0.585909724236,0.364200592041
-0.46024787426,-0.539822816849,0.795637309551,0.00726946769282,-0.727195084095,0.582130670547,0.363673746586
-0.460241049528,-0.539641737938,0.79535639286,0.00667903898284,-0.73111307621,0.577312469482,0.363509625196
-0.460231363773,-0.539505600929,0.79509973526,0.00680313073099,-0.734360337257,0.573021233082,0.363751769066
-0.460297077894,-0.539268016815,0.794570565224,0.00559316342697,-0.736345767975,0.570520102978,0.363690137863
-0.460677474737,-0.539081156254,0.794553756714,0.0174630265683,-0.744837641716,0.562224566936,0.358908772469
-0.460262447596,-0.539123415947,0.794708967209,0.00582562433556,-0.742745220661,0.563051402569,0.36231058836
-0.460533618927,-0.538707017899,0.79437816143,0.0166814364493,-0.747494578362,0.558253705502,0.359619706869
-0.460588902235,-0.538460075855,0.794106841087,0.0156074408442,-0.7478043437,0.557990431786,0.359432697296
-0.459708213806,-0.538354694843,0.795226097107,0.0182368662208,-0.748175024986,0.552956998348,0.366251498461
-0.459618031979,-0.538183510303,0.795258879662,0.0176428295672,-0.748436033726,0.552145302296,0.366971254349
-0.459561109543,-0.537992537022,0.795305192471,0.0170674230903,-0.749007701874,0.551031589508,0.367505699396
-0.459471464157,-0.537716388702,0.795345783234,0.0162810478359,-0.750070035458,0.549439787865,0.367757946253
-0.459986418486,-0.537612199783,0.794609665871,0.00213665608317,-0.745544075966,0.556535840034,0.366643428802
-0.459969162941,-0.537313580513,0.794623672962,0.00163559650537,-0.746020793915,0.555681467056,0.366971969604
-0.459976345301,-0.536988019943,0.794678390026,0.00145510560833,-0.746365964413,0.555018663406,0.367273747921
-0.459976375103,-0.53668743372,0.79473644495,0.00114592351019,-0.746343135834,0.554969668388,0.367395371199
-0.459955990314,-0.536353170872,0.794822454453,0.000981949036941,-0.745863080025,0.555360734463,0.367779284716
-0.459542244673,-0.535784006119,0.795038878918,0.000674140814226,-0.743786156178,0.555885434151,0.371177792549
-0.459798246622,-0.535121321678,0.794912993908,0.0113639021292,-0.74763327837,0.553151369095,0.367340326309
-0.459447532892,-0.534920394421,0.795463740826,0.000469125603558,-0.742555677891,0.557255983353,0.371586799622
-0.459330916405,-0.534389793873,0.795676231384,-0.000324957451085,-0.741762280464,0.55847877264,0.371335655451
-0.459241747856,-0.53379958868,0.795895814896,-0.00117809290532,-0.741204679012,0.559118688107,0.371484339237
-0.459096640348,-0.533208250999,0.796186923981,-0.00221132603474,-0.741969764233,0.558358132839,0.371096104383
-0.459118098021,-0.532428443432,0.796187102795,-0.00422164378688,-0.740391075611,0.560476720333,0.371038079262
-0.458897531033,-0.531665205956,0.796407103539,-0.00642773276195,-0.740279793739,0.560209512711,0.371631294489
-0.458669275045,-0.530916333199,0.796810984612,-0.00785047374666,-0.740521192551,0.559533953667,0.372140496969
-0.458897590637,-0.530103802681,0.797116100788,0.00121869705617,-0.746074676514,0.555431485176,0.367242306471
-0.458654016256,-0.529340982437,0.797624588013,-0.00116082676686,-0.74619615078,0.555571913719,0.366783082485
-0.4580296278,-0.528903603554,0.798449337482,-0.0136221051216,-0.741384446621,0.558742821217,0.371443361044
-0.457725286484,-0.528092682362,0.798982203007,-0.0147416749969,-0.740933656693,0.559105813503,0.371753662825
-0.457256376743,-0.527195632458,0.79937505722,-0.0167806055397,-0.737913906574,0.56104516983,0.374739915133
-0.457081139088,-0.52653169632,0.800191581249,-0.0171604212373,-0.739213168621,0.560777842999,0.372555524111
-0.45659199357,-0.525677263737,0.801149487495,-0.0181848164648,-0.73922264576,0.560056507587,0.373571872711
-0.455946713686,-0.524318635464,0.801162064075,-0.0225813966244,-0.732409179211,0.564851343632,0.379486232996
-0.456003367901,-0.523663282394,0.80230653286,-0.0243477281183,-0.737025380135,0.562306284904,0.374182462692
-0.45541754365,-0.522648274899,0.803380012512,-0.0252621993423,-0.737242758274,0.561439335346,0.374994635582
-0.455527245998,-0.522261202335,0.805328369141,-0.017144035548,-0.734089314938,0.562578260899,0.379900991917
-0.454184114933,-0.520348548889,0.804796338081,-0.0277499370277,-0.731343090534,0.565036714077,0.3809209764
-0.45362842083,-0.519671082497,0.806932091713,-0.0280336365104,-0.738689184189,0.557856500149,0.377291083336
-0.45392280817,-0.518491864204,0.806976854801,-0.0303430836648,-0.734584033489,0.563780963421,0.376319795847
-0.453870177269,-0.516976177692,0.80713737011,-0.0198741760105,-0.735028088093,0.565265715122,0.373916476965
-0.453255832195,-0.516285717487,0.808934807777,-0.0328375659883,-0.732642352581,0.566416203976,0.37593832612
-0.452877283096,-0.515042424202,0.809920191765,-0.034569028765,-0.730952441692,0.567697584629,0.377137988806
-0.452497273684,-0.513857066631,0.810870826244,-0.0365614518523,-0.730285406113,0.568090617657,0.377650082111
-0.452344834805,-0.512205004692,0.811326146126,-0.0272636841983,-0.732580602169,0.567039370537,0.375564575195
-0.452204585075,-0.510978519917,0.81252592802,-0.0282607153058,-0.734601259232,0.56639367342,0.372505843639
-0.451625078917,-0.509756624699,0.813656330109,-0.0437460877001,-0.727820754051,0.57094591856,0.37733823061
-0.451555013657,-0.508142590523,0.814845085144,-0.0326733663678,-0.733193874359,0.56767064333,0.372973620892
-0.451343238354,-0.506489813328,0.815800070763,-0.0366045683622,-0.732535362244,0.568766713142,0.372231811285
-0.450584888458,-0.504794836044,0.817235767841,-0.0391106680036,-0.730467140675,0.569033503532,0.37561827898
-0.450103461742,-0.503468751907,0.819439888,-0.0522254183888,-0.726558506489,0.570861399174,0.378817081451
-0.449752926826,-0.50143969059,0.820797622204,-0.0557149462402,-0.726814806461,0.570359826088,0.378583848476
-0.450040757656,-0.499824792147,0.823327541351,-0.0376795195043,-0.730045199394,0.567692875862,0.378601551056
-0.447236537933,-0.496226429939,0.82425814867,-0.0564086325467,-0.742094635963,0.552998661995,0.374574899673
-0.44689899683,-0.494303405285,0.826213479042,-0.0579125061631,-0.74567335844,0.550389349461,0.371064931154
-0.446347653866,-0.492234230042,0.828055977821,-0.0592065006495,-0.746144294739,0.549436450005,0.371325910091
-0.445879429579,-0.490243792534,0.829916834831,-0.0603750608861,-0.745754659176,0.550271987915,0.370682686567
-0.445281744003,-0.48817384243,0.831627368927,-0.0620225928724,-0.745454311371,0.551708340645,0.368875235319
-0.44462788105,-0.486041069031,0.833288133144,-0.0642503872514,-0.74406349659,0.554240763187,0.367503255606
-0.443901717663,-0.48389723897,0.835128247738,-0.0675500407815,-0.74271094799,0.557068884373,0.365365386009
-0.443266749382,-0.481844455004,0.836920082569,-0.0687064528465,-0.740784168243,0.560330331326,0.364071875811
-0.442555546761,-0.480121552944,0.839110970497,-0.0721335038543,-0.738616883755,0.565653026104,0.359553158283
-0.442166417837,-0.477965414524,0.840832233429,-0.07106988132,-0.736909091473,0.567761659622,0.359945744276
-0.441489875317,-0.475933849812,0.842630505562,-0.0741114318371,-0.735640704632,0.57089394331,0.356959849596
-0.440775036812,-0.47400701046,0.84455037117,-0.0763846635818,-0.734369874001,0.57430678606,0.353607654572
-0.440100133419,-0.471982449293,0.846485614777,-0.0783325657248,-0.732874214649,0.576963603497,0.351955235004
-0.43961161375,-0.47004917264,0.848491311073,-0.079067312181,-0.731511116028,0.580007553101,0.349615722895
-0.438988268375,-0.467951983213,0.850419223309,-0.0807379409671,-0.730460643768,0.582203745842,0.347774982452
-0.437518537045,-0.46556904912,0.852057695389,-0.0861519798636,-0.725282013416,0.587350845337,0.348658651114
-0.437197983265,-0.463687807322,0.854431211948,-0.0868043005466,-0.730124890804,0.586347341537,0.339969724417
-0.436702162027,-0.46100667119,0.85625398159,-0.08510607481,-0.731766223907,0.584714591503,0.339682221413
-0.435998678207,-0.458798646927,0.858447551727,-0.0857735648751,-0.730866968632,0.587463378906,0.336694419384
-0.435206443071,-0.456086456776,0.860144495964,-0.08415017277,-0.732971310616,0.586467683315,0.334256738424
-0.434265851974,-0.453238457441,0.862162172794,-0.0854097083211,-0.734350800514,0.585755348206,0.332151681185
-0.433294475079,-0.450339525938,0.86402541399,-0.085872232914,-0.735719978809,0.586017072201,0.328521251678
-0.432385802269,-0.447494477034,0.866068780422,-0.0859211757779,-0.73648917675,0.586930811405,0.325136184692
-0.431412577629,-0.444375455379,0.86806845665,-0.0849718004465,-0.736738026142,0.587809681892,0.323228806257
-0.431470453739,-0.442367345095,0.870027124882,-0.0790256857872,-0.728788554668,0.601167500019,0.318150758743
-0.4280782938,-0.437195658684,0.874186456203,-0.0862608328462,-0.749720811844,0.575218260288,0.315597563982
-0.427025854588,-0.433981686831,0.876227855682,-0.0856155455112,-0.749564290047,0.576642811298,0.313538700342
-0.426172435284,-0.430379986763,0.877935886383,-0.0853600502014,-0.748860120773,0.576903164387,0.314809501171
-0.424160957336,-0.426926881075,0.880404233932,-0.0888641700149,-0.751185417175,0.575622677803,0.310615718365
-0.422877728939,-0.423397481441,0.882850468159,-0.0895233079791,-0.754235804081,0.573672175407,0.306617677212
-0.421541839838,-0.42015182972,0.884871542454,-0.088706895709,-0.754038691521,0.575961172581,0.303027510643
-0.42004185915,-0.416133582592,0.887105405331,-0.0877833142877,-0.757104039192,0.571777939796,0.303574591875
-0.418203473091,-0.412495344877,0.889317691326,-0.0885533392429,-0.759363770485,0.570529937744,0.300034314394
-0.41631257534,-0.408763021231,0.891200423241,-0.0894253179431,-0.759387254715,0.570946395397,0.298921972513
-0.415742248297,-0.406690061092,0.891816079617,-0.0865077227354,-0.74971306324,0.588413536549,0.29020062089
-0.412747502327,-0.401382833719,0.895526051521,-0.0889086127281,-0.763685286045,0.569694697857,0.290393084288
-0.410666942596,-0.397532492876,0.897666335106,-0.0894322916865,-0.765881001949,0.568498373032,0.286771327257
-0.408750087023,-0.393691033125,0.899521291256,-0.0896432548761,-0.765097439289,0.570556759834,0.284701198339
-0.406809955835,-0.389883697033,0.901386380196,-0.0889643803239,-0.765107989311,0.571904480457,0.282171010971
-0.405824661255,-0.387442588806,0.901650071144,-0.0864598304033,-0.753703534603,0.590231835842,0.275830060244
-0.402423322201,-0.381877809763,0.905232071877,-0.0895915552974,-0.767434716225,0.571360707283,0.276702731848
-0.40005454421,-0.377854853868,0.90699249506,-0.0905403792858,-0.767650365829,0.572177112103,0.274096667767
-0.397858709097,-0.374023556709,0.908555686474,-0.0903298035264,-0.767644762993,0.573844850063,0.27067348361
-0.395410746336,-0.370050311089,0.910150408745,-0.0907517895103,-0.768826425076,0.574001729488,0.266818463802
-0.392898201942,-0.36600241065,0.91168487072,-0.0919619724154,-0.769582808018,0.574014365673,0.264183282852
-0.390192568302,-0.362461924553,0.913453638554,-0.0885946527123,-0.772468090057,0.573729157448,0.25744715333
-0.387496650219,-0.358615607023,0.915050566196,-0.087654016912,-0.772931456566,0.574813425541,0.253935337067
-0.388275653124,-0.357245981693,0.913885176182,-0.0762084797025,-0.747280657291,0.608651816845,0.255552709103
-0.382292568684,-0.35061955452,0.917841970921,-0.0904538333416,-0.77420181036,0.574969828129,0.24867528677
-0.381496846676,-0.349009722471,0.917513430119,-0.0814809277654,-0.756634235382,0.601245939732,0.243656948209
-0.380101442337,-0.34578281641,0.918524384499,-0.0774111673236,-0.748138487339,0.611652493477,0.245311379433
-0.376284450293,-0.341246753931,0.920273661613,-0.0846516191959,-0.755570530891,0.603588521481,0.240058884025
-0.373627156019,-0.337448775768,0.921781599522,-0.0845549851656,-0.755328893661,0.60515075922,0.236899569631
-0.372148960829,-0.334382206202,0.922866344452,-0.0779899954796,-0.747268617153,0.616030693054,0.236671850085
-0.369436979294,-0.330594807863,0.924445748329,-0.0776054561138,-0.747096300125,0.617060661316,0.234650224447
-0.366627067327,-0.326831042767,0.92615634203,-0.0778440386057,-0.74829018116,0.616416096687,0.232451170683
-0.363779991865,-0.32309153676,0.927798271179,-0.0759323015809,-0.749023616314,0.617092847824,0.228898376226
-0.361341655254,-0.319159001112,0.928918063641,-0.0766517445445,-0.748580932617,0.617754876614,0.228319898248
-0.358442544937,-0.315626293421,0.930471658707,-0.0763706788421,-0.749121785164,0.618701100349,0.224037840962
-0.355454385281,-0.311647623777,0.931995928288,-0.078242123127,-0.748782098293,0.618811368942,0.224223300815
-0.352690279484,-0.30777874589,0.93344783783,-0.0780239328742,-0.750785946846,0.617401897907,0.221467152238
-0.350023567677,-0.304145365953,0.934875488281,-0.0767326578498,-0.752323389053,0.616761684418,0.218464240432
-0.347457498312,-0.300203740597,0.936137914658,-0.0760061666369,-0.752346754074,0.616844296455,0.218404203653
-0.344629079103,-0.296687453985,0.937717974186,-0.0753905922174,-0.752100586891,0.618122458458,0.215837046504
-0.341840207577,-0.293141037226,0.938917756081,-0.0746170282364,-0.753123939037,0.617766439915,0.213544458151
-0.339167356491,-0.289233386517,0.940132975578,-0.0743376910686,-0.754048287868,0.617102384567,0.212296172976
-0.336386144161,-0.28547796607,0.941518962383,-0.0739669427276,-0.756295382977,0.615446209908,0.209218099713
-0.333604574203,-0.281739652157,0.942890524864,-0.0740070715547,-0.757394850254,0.614559590816,0.207828313112
-0.33094060421,-0.278026729822,0.944278359413,-0.0736117213964,-0.757962286472,0.614255130291,0.206797555089
-0.328502893448,-0.27435490489,0.945568442345,-0.0717092081904,-0.759488224983,0.613445222378,0.204255491495
-0.325980812311,-0.270797491074,0.946839988232,-0.0709154158831,-0.75958275795,0.614292442799,0.201618388295
-0.323265969753,-0.267332792282,0.948475241661,-0.0698795244098,-0.760459423065,0.614279985428,0.198691561818
-0.320698708296,-0.263570964336,0.94965159893,-0.0710531696677,-0.761142551899,0.613515198231,0.198021605611
-0.318233191967,-0.259893476963,0.950786471367,-0.0715159550309,-0.761904537678,0.613276720047,0.195648983121
-0.315974473953,-0.256301105022,0.95194709301,-0.071598559618,-0.763018727303,0.612418651581,0.193957582116
-0.313383936882,-0.252858459949,0.953340232372,-0.0719582587481,-0.763649225235,0.611779153347,0.193360343575
-0.309301614761,-0.248080864549,0.955474495888,-0.0791587233543,-0.776837408543,0.596484303474,0.185645222664
-0.308602869511,-0.246229752898,0.95606315136,-0.0711141526699,-0.764982640743,0.611628353596,0.188825249672
-0.306266546249,-0.243022426963,0.957121551037,-0.0704682096839,-0.765141367912,0.612242281437,0.186419695616
-0.304012775421,-0.239776432514,0.958423912525,-0.0709245577455,-0.766097187996,0.611686587334,0.18413195014
-0.301989227533,-0.236275553703,0.95925283432,-0.0717248693109,-0.766611456871,0.611233770847,0.183182880282
-0.299722075462,-0.233075082302,0.960449278355,-0.0720666944981,-0.767051637173,0.611530661583,0.180190205574
-0.297381877899,-0.230128854513,0.961715936661,-0.0723015069962,-0.767172574997,0.612032294273,0.177863612771
-0.293769001961,-0.225400641561,0.963355839252,-0.0821782276034,-0.779279053211,0.596807539463,0.172603130341
-0.293395280838,-0.223919585347,0.963925600052,-0.0721429362893,-0.76673668623,0.613564193249,0.174497306347
-0.289746284485,-0.21910764277,0.965597212315,-0.0830011665821,-0.780161261559,0.596774995327,0.168282330036
-0.289627075195,-0.217701256275,0.965838372707,-0.0740879401565,-0.766210973263,0.614660143852,0.172118261456
-0.285969614983,-0.213090032339,0.967805564404,-0.0807937607169,-0.780636191368,0.59739780426,0.164910331368
-0.28586512804,-0.211721301079,0.968102574348,-0.0737360790372,-0.768708944321,0.612989187241,0.167013972998
-0.284258246422,-0.208660975099,0.968902468681,-0.0739835202694,-0.768208146095,0.613622009754,0.166886031628
-0.282355189323,-0.205995157361,0.970074892044,-0.0714019164443,-0.769797980785,0.613023161888,0.162836357951
-0.280734539032,-0.203032106161,0.970990717411,-0.0720703601837,-0.770903944969,0.611671745777,0.162390694022
-0.277450323105,-0.198719739914,0.9725227952,-0.0795724242926,-0.784301578999,0.595191061497,0.155842259526
-0.277635157108,-0.197656214237,0.972588837147,-0.0715327262878,-0.771162390709,0.611969828606,0.160264357924
-0.274507403374,-0.193221136928,0.974047482014,-0.0807420164347,-0.785038471222,0.594142377377,0.155532240868
-0.274646162987,-0.19220083952,0.974086999893,-0.0719769895077,-0.773541629314,0.609774410725,0.156932756305
-0.271759569645,-0.187857404351,0.975308001041,-0.0811804309487,-0.78535836935,0.594328641891,0.152956262231
-0.271899580956,-0.186859488487,0.975523769855,-0.0723295435309,-0.77405589819,0.609779536724,0.15419113636
-0.269078552723,-0.182586163282,0.976811408997,-0.0810421854258,-0.785368621349,0.595023810863,0.150250643492
-0.269248276949,-0.181594595313,0.976788699627,-0.0725077167153,-0.773976862431,0.610395073891,0.152054384351
-0.266597926617,-0.177560329437,0.977968215942,-0.0806906297803,-0.785934269428,0.59525257349,0.14652889967
-0.265490531921,-0.174954041839,0.978355824947,-0.0802213251591,-0.786076009274,0.595420181751,0.145340561867
-0.264227390289,-0.172593474388,0.979081630707,-0.0802270621061,-0.786272585392,0.5954246521,0.144251167774
-0.264579564333,-0.171778142452,0.978908538818,-0.0710527300835,-0.774509370327,0.611245989799,0.146509736776
-0.261962473392,-0.167826414108,0.979922831059,-0.0788275226951,-0.787586212158,0.594782888889,0.14045470953
-0.262569218874,-0.167111068964,0.979613542557,-0.0702392086387,-0.77518838644,0.611078977585,0.143986225128
-0.261377453804,-0.164813250303,0.98016422987,-0.0705917924643,-0.775401830673,0.610912203789,0.143370613456
-0.260552704334,-0.162547230721,0.980435490608,-0.0692099258304,-0.776165425777,0.610368788242,0.142222642899
-0.259456753731,-0.160152420402,0.980725765228,-0.0702888667583,-0.777562379837,0.608681499958,0.141290605068
-0.258576482534,-0.157972276211,0.980923831463,-0.0695065483451,-0.778152227402,0.608228027821,0.140380591154
-0.257849574089,-0.155983477831,0.981134295464,-0.0691574066877,-0.777714967728,0.609059035778,0.13936932385
-0.257108867168,-0.153647452593,0.981214821339,-0.0697820559144,-0.777659952641,0.608732044697,0.140786156058
-0.256210327148,-0.151629835367,0.981620013714,-0.0693507865071,-0.777955472469,0.608333170414,0.141090705991
-0.255716025829,-0.149653166533,0.981631338596,-0.0685412660241,-0.778096616268,0.608687222004,0.139167949557
-0.254768550396,-0.147684052587,0.981919109821,-0.0678899139166,-0.779251992702,0.607538759708,0.138035863638
-0.254095077515,-0.145635306835,0.982014417648,-0.0670941099524,-0.780572891235,0.606172025204,0.136966452003
-0.253395318985,-0.14401742816,0.982259809971,-0.0670512393117,-0.779899358749,0.607265114784,0.135979041457
-0.252909213305,-0.141960397363,0.982276320457,-0.0664942115545,-0.779731094837,0.60751670599,0.136093914509
-0.252485096455,-0.140304476023,0.982325673103,-0.0659468099475,-0.779834568501,0.60765182972,0.135160297155
-0.25210672617,-0.138481616974,0.982267439365,-0.0656002685428,-0.779985010624,0.607422113419,0.135492786765
-0.251818031073,-0.136467263103,0.982009708881,-0.0653959214687,-0.780938148499,0.606320977211,0.135032579303
-0.251185238361,-0.13510659337,0.982242584229,-0.0651969388127,-0.78050494194,0.606668889523,0.136066541076
-0.250795483589,-0.133592963219,0.982305943966,-0.0656103044748,-0.781552314758,0.605314791203,0.135886669159
-0.250283718109,-0.132188335061,0.982380449772,-0.0648642107844,-0.781875371933,0.6051633358,0.135058701038
-0.250050425529,-0.130747437477,0.982379436493,-0.0653097331524,-0.782879590988,0.60384196043,0.134941384196
-0.249934643507,-0.129464149475,0.982341468334,-0.0648819729686,-0.783175349236,0.603648722172,0.134294003248
-0.249778419733,-0.128411471844,0.982403814793,-0.0642746090889,-0.783151388168,0.603810071945,0.133999288082
-0.249460741878,-0.127135455608,0.982604682446,-0.0646276175976,-0.783579230309,0.603147983551,0.134310305119
-0.249292910099,-0.126275375485,0.982716500759,-0.0635815411806,-0.783446013927,0.603681325912,0.13318644464
-0.249130904675,-0.12519711256,0.982804477215,-0.0633105784655,-0.782384335995,0.605063021183,0.133286058903
-0.248782992363,-0.124288156629,0.983140707016,-0.0638674348593,-0.782682538033,0.604888617992,0.132055178285
-0.248560339212,-0.123316697776,0.983191609383,-0.0634703338146,-0.781905949116,0.606107354164,0.131257489324
-0.248328730464,-0.122453659773,0.983341276646,-0.0641801357269,-0.780481636524,0.607810258865,0.131513386965
-0.24805444479,-0.121561303735,0.983629882336,-0.0638232603669,-0.780882418156,0.607626199722,0.130152821541
-0.247862264514,-0.120828583837,0.983823299408,-0.0636279061437,-0.77978181839,0.609099328518,0.129960477352
-0.247710883617,-0.120135009289,0.9840015769,-0.062654197216,-0.778711557388,0.610827028751,0.128736495972
-0.247581124306,-0.119187921286,0.984024107456,-0.063718393445,-0.777839362621,0.611844420433,0.128656536341
-0.247314974666,-0.118350215256,0.984268307686,-0.0643409565091,-0.777522683144,0.612088799477,0.129097476602
-0.247100502253,-0.117776840925,0.98451679945,-0.0636155158281,-0.776543557644,0.613519132137,0.128559142351
-0.246936365962,-0.117153257132,0.984556794167,-0.0637588351965,-0.775428831577,0.61492985487,0.128476381302
-0.246584251523,-0.116726875305,0.984662592411,-0.0620324350893,-0.774780452251,0.616006672382,0.128074496984
-0.246693238616,-0.115874439478,0.984254419804,-0.0620311275125,-0.773618996143,0.617345869541,0.128646552563
-0.246292173862,-0.115347325802,0.984135210514,-0.0617620237172,-0.772692620754,0.618489027023,0.128852501512
-0.246077656746,-0.114808343351,0.983838379383,-0.0620727129281,-0.772194385529,0.619081556797,0.128844439983
-0.245926737785,-0.11435982585,0.983542144299,-0.0619951747358,-0.771401226521,0.620013892651,0.12914916873
-0.245831802487,-0.113787040114,0.982984423637,-0.0615350529552,-0.771078407764,0.620387911797,0.129500433803
-0.245524823666,-0.113349936903,0.982505440712,-0.0619351156056,-0.770889163017,0.62037473917,0.130496039987
-0.24513708055,-0.113238826394,0.982143223286,-0.0613096505404,-0.771662116051,0.619367420673,0.131005823612
-0.244862005115,-0.112929910421,0.981596231461,-0.0590846277773,-0.771648466587,0.61927908659,0.13251850009
-0.244596987963,-0.112739250064,0.980894088745,-0.0585228912532,-0.77296602726,0.617703676224,0.132442012429
-0.244247511029,-0.112677395344,0.980209231377,-0.0566107556224,-0.773829340935,0.616665065289,0.133069843054
-0.244006410241,-0.112702712417,0.979426085949,-0.0552799478173,-0.77412879467,0.61646926403,0.132794648409
-0.243420913815,-0.11264154315,0.979008376598,-0.053471788764,-0.774865448475,0.615538537502,0.13355346024
-0.243068680167,-0.112381443381,0.978530347347,-0.0530121102929,-0.775278925896,0.614919602871,0.134186476469
-0.242556750774,-0.112165421247,0.978333592415,-0.0510061047971,-0.775579094887,0.614882111549,0.133398815989
-0.242086574435,-0.111909016967,0.978238403797,-0.0502004660666,-0.775286078453,0.61560100317,0.132086604834
-0.24141228199,-0.111314445734,0.978051185608,-0.0521681495011,-0.775339186192,0.615770637989,0.130207717419
-0.240742042661,-0.110893428326,0.978224933147,-0.0508732609451,-0.774447977543,0.617506086826,0.127783238888
-0.240083053708,-0.110120356083,0.978507399559,-0.0567123293877,-0.772600829601,0.61920773983,0.128270789981
-0.239101529121,-0.109517142177,0.978874385357,-0.0537481606007,-0.771995723248,0.621271729469,0.12310757488
-0.23816511035,-0.109034240246,0.979403793812,-0.0517906844616,-0.769387185574,0.625335216522,0.119653500617
-0.237169891596,-0.108456939459,0.979923844337,-0.0523461513221,-0.767044246197,0.628869175911,0.115873217583
-0.235962033272,-0.10791797936,0.980742156506,-0.0509274229407,-0.76459556818,0.632718622684,0.111656956375
-0.234706491232,-0.107241593301,0.981632471085,-0.0499126128852,-0.763379693031,0.63501060009,0.107339680195
-0.233466550708,-0.106724619865,0.982414662838,-0.0490066334605,-0.761141657829,0.638521432877,0.102724224329
-0.232083246112,-0.106273926795,0.983681559563,-0.0462629459798,-0.758796215057,0.642200410366,0.0983194038272
-0.230705067515,-0.105730988085,0.984707713127,-0.0446411333978,-0.756894469261,0.645227193832,0.0938075631857
-0.229248657823,-0.104744158685,0.985873162746,-0.0444341041148,-0.756675362587,0.645888447762,0.0910824015737
-0.227677881718,-0.103974074125,0.9870210886,-0.0440018773079,-0.754614770412,0.648822665215,0.0874621793628
-0.226179510355,-0.102974534035,0.988252282143,-0.043259575963,-0.754026114941,0.650084078312,0.0834505185485
-0.224600419402,-0.102244995534,0.989680469036,-0.0398430265486,-0.752486824989,0.65259128809,0.0793765485287
-0.22303391993,-0.101499281824,0.991027712822,-0.0383655168116,-0.750956892967,0.654776990414,0.076544418931
-0.22171549499,-0.10057990998,0.992358624935,-0.0372969955206,-0.751811921597,0.65408205986,0.0745950043201
-0.220141977072,-0.0998795852065,0.993728339672,-0.0342307537794,-0.752894997597,0.65349394083,0.0701645314693
-0.218663096428,-0.0995260104537,0.994966089725,-0.0300794690847,-0.752647995949,0.654720425606,0.0629069730639
-0.217675581574,-0.0990079641342,0.997015058994,-0.0195361115038,-0.754191637039,0.653548657894,0.0607256144285
-0.216591089964,-0.0985504090786,0.998045921326,-0.0148153128102,-0.754464745522,0.6539503932,0.0539666600525
-0.215323895216,-0.0982273593545,0.999366343021,-0.00906346924603,-0.755284368992,0.653699636459,0.0462615378201
-0.214205414057,-0.0978115051985,1.00072622299,-0.00326123880222,-0.755119085312,0.654360473156,0.0399629995227
-0.212456718087,-0.0991703644395,1.00241351128,0.00338603323326,-0.746073126793,0.665084481239,0.0320343337953
-0.211575880647,-0.0985845699906,1.00363326073,0.00528859114274,-0.745886623859,0.665505647659,0.0269717946649
-0.210550814867,-0.098048068583,1.0049598217,0.00518799899146,-0.745008528233,0.666635453701,0.0230770073831
-0.210566356778,-0.0983655154705,1.00690042973,0.0119498167187,-0.738511145115,0.673642873764,0.0257616247982
-0.210375532508,-0.0977553874254,1.00787210464,0.011090323329,-0.73663443327,0.675858795643,0.0214832592756
-0.209006100893,-0.0980943217874,1.0095937252,0.00812879391015,-0.730549931526,0.682602524757,0.0168693382293
-0.208994284272,-0.0976658239961,1.01058220863,0.00995155144483,-0.729518294334,0.683762073517,0.0131701705977
-0.209047079086,-0.0977180376649,1.0114979744,0.0108836451545,-0.725425839424,0.688145816326,0.00971658714116
-0.209529399872,-0.0973399206996,1.01184606552,0.0101044438779,-0.723748862743,0.689944684505,0.00786641426384
-0.209957391024,-0.0972447544336,1.01218247414,0.0113951060921,-0.721914470196,0.691877543926,0.00389254326001
-0.210586756468,-0.097149476409,1.01212930679,0.0110855838284,-0.719330251217,0.69457757473,0.00174552190583
-0.212314397097,-0.0949714258313,1.01079845428,0.0107544586062,-0.730141103268,0.683210670948,-0.00122241035569
-0.21342779696,-0.0948703736067,1.0102493763,0.0128622800112,-0.729041278362,0.684331417084,-0.00487818894908
-0.21457080543,-0.0949649661779,1.00919532776,0.0130169764161,-0.725742161274,0.687813937664,-0.00639614043757
-0.215971693397,-0.0948707908392,1.00828337669,0.0152526767924,-0.724872529507,0.688659250736,-0.00869623571634
-0.217411667109,-0.0950148031116,1.0069848299,0.0178634896874,-0.722754001617,0.690806150436,-0.00971620157361
-0.218997299671,-0.0954265296459,1.00527334213,0.0195672940463,-0.719182789326,0.694449663162,-0.0115224448964
-0.220755711198,-0.0954380482435,1.0036854744,0.0231818240136,-0.719409286976,0.694090545177,-0.0122983623296
-0.223131120205,-0.0971347242594,1.00203180313,0.0306213330477,-0.70675522089,0.706712543964,-0.0108047919348
-0.225218147039,-0.0972855091095,1.00006759167,0.0343810282648,-0.706478714943,0.706793785095,-0.0121877845377
-0.227474614978,-0.0977676957846,0.997409939766,0.038375094533,-0.703640758991,0.709416091442,-0.0120747750625
-0.22991348803,-0.0979213193059,0.994896948338,0.0417373105884,-0.702594876289,0.710228383541,-0.0139399915934
-0.232580244541,-0.0983888804913,0.992251157761,0.0470205582678,-0.698613464832,0.713809788227,-0.0142756998539
-0.235240593553,-0.0985625460744,0.989052534103,0.0509359277785,-0.69829249382,0.71382945776,-0.0155146336183
-0.238306343555,-0.0989322736859,0.986399650574,0.0553276240826,-0.694946527481,0.71677750349,-0.0147677175701
-0.240048959851,-0.100123122334,0.983772695065,0.0579227358103,-0.68564081192,0.725402712822,-0.0182356834412
-0.244663983583,-0.0991457849741,0.979948878288,0.0671662315726,-0.690955936909,0.719615459442,-0.0149085232988
-0.248031064868,-0.0993773341179,0.976939558983,0.0698543414474,-0.687806129456,0.722394883633,-0.0137438848615
-0.251322984695,-0.0994994863868,0.973663926125,0.0746146664023,-0.686964631081,0.722715318203,-0.0139564601704
-0.254957795143,-0.0993449240923,0.970198690891,0.0791242793202,-0.682964622974,0.72606575489,-0.0112893367186
-0.258340239525,-0.0990484952927,0.96661233902,0.0829571858048,-0.683198273182,0.725429296494,-0.0105202393606
-0.262318909168,-0.0991542264819,0.963269889355,0.088907904923,-0.678767263889,0.728923738003,-0.00638215150684
-0.26602858305,-0.0991052687168,0.959952652454,0.0945472866297,-0.676123440266,0.730684518814,-0.00424428004771
-0.269849181175,-0.0990429744124,0.95621740818,0.0995151028037,-0.674060225487,0.731936335564,-0.00296727870591
-0.273587167263,-0.0989056155086,0.952826142311,0.105530366302,-0.673007547855,0.732067763805,-0.000965748098679
-0.277044296265,-0.0975385457277,0.948650240898,0.105663329363,-0.679821193218,0.725716173649,-0.00381215428934
-0.281158059835,-0.0989175662398,0.946088910103,0.118152789772,-0.668950438499,0.733854949474,0.00146017596126
-0.285172760487,-0.0986166298389,0.942372620106,0.123891144991,-0.667129933834,0.734559834003,0.00324901007116
-0.28893750906,-0.0986439585686,0.939051389694,0.131934911013,-0.664810597897,0.735241889954,0.00627253064886
-0.292793035507,-0.0984224975109,0.935691952705,0.137383908033,-0.66360014677,0.735306739807,0.0091923493892
-0.296195983887,-0.0971560627222,0.931591570377,0.138075843453,-0.674132466316,0.725564599037,0.00604207767174
-0.299994289875,-0.0971368402243,0.928278625011,0.14453817904,-0.671277105808,0.726932883263,0.00802315585315
-0.303898155689,-0.0972772836685,0.925117790699,0.15150809288,-0.668960928917,0.727622568607,0.0101064052433
-0.307524561882,-0.0972254052758,0.921937286854,0.157155498862,-0.667619526386,0.727628588676,0.0119600826874
-0.311213672161,-0.0971861034632,0.91883122921,0.162524864078,-0.664112448692,0.729591965675,0.0153518011793
-0.314668834209,-0.0973232835531,0.915869832039,0.168872743845,-0.662640631199,0.729452073574,0.0170037597418
-0.318080753088,-0.0973815098405,0.913008451462,0.17418846488,-0.663380622864,0.727448403835,0.0200889427215
-0.321350157261,-0.0976358577609,0.910303115845,0.180583164096,-0.663034796715,0.726135313511,0.0224096160382
-0.324674129486,-0.0976594537497,0.907472848892,0.185279473662,-0.6624827981,0.725330710411,0.026140615344
-0.327805936337,-0.0975009649992,0.904751777649,0.188085049391,-0.662401676178,0.724466621876,0.0315573550761
-0.334518790245,-0.0935826227069,0.904247820377,0.203302547336,-0.689823448658,0.6924238801,0.057975191623
-0.333783388138,-0.0974570065737,0.899515032768,0.193049877882,-0.6643704772,0.721015274525,0.038479052484
-0.336495101452,-0.0975407361984,0.897246479988,0.197928935289,-0.663396120071,0.72025769949,0.0442542992532
-0.339170396328,-0.0975771024823,0.894977033138,0.198983773589,-0.663718700409,0.719342470169,0.049286942929
-0.341701984406,-0.0976188629866,0.892902553082,0.202598124743,-0.664534807205,0.717398405075,0.0518376044929
-0.347320020199,-0.0939607545733,0.893013298512,0.213387429714,-0.687735319138,0.68947994709,0.0781240016222
-0.346843153238,-0.0989962220192,0.890110850334,0.214664429426,-0.654519379139,0.722226083279,0.0625555813313
-0.348868429661,-0.0992953032255,0.888384222984,0.217535912991,-0.652622163296,0.722835183144,0.0653600990772
-0.350539386272,-0.0982984006405,0.88567262888,0.212912708521,-0.660861432552,0.716784834862,0.0644192323089
-0.352660417557,-0.0994137078524,0.884877502918,0.222217291594,-0.651462078094,0.72205555439,0.0696595609188
-0.354234218597,-0.0996652022004,0.883581459522,0.223985120654,-0.651122510433,0.721574962139,0.0721081346273
-0.355811595917,-0.0997890308499,0.882265806198,0.224766388535,-0.651266634464,0.720777273178,0.0762355551124
-0.357310086489,-0.100532516837,0.881629526615,0.232540249825,-0.65669721365,0.713581264019,0.073997400701
-0.35855615139,-0.100644409657,0.880610644817,0.233619168401,-0.657899796963,0.712031662464,0.0748393237591
-0.359165251255,-0.0999589338899,0.87940621376,0.229957312346,-0.650666177273,0.718596220016,0.0858636051416
-0.360053896904,-0.0998035222292,0.878732204437,0.230507418513,-0.651556909084,0.717298269272,0.088447779417
-0.360582143068,-0.099774427712,0.878175616264,0.23236399889,-0.652075111866,0.715915381908,0.0909399837255
-0.361152768135,-0.0994783341885,0.877943277359,0.232332587242,-0.653808057308,0.71387219429,0.0945670902729
-0.361535161734,-0.099339812994,0.877635538578,0.231985613704,-0.653520643711,0.714077115059,0.0958516150713
-0.361711919308,-0.0991735160351,0.877528846264,0.231575205922,-0.653659462929,0.713816344738,0.0978181809187
-0.36177867651,-0.0989662632346,0.87750005722,0.230968937278,-0.654083848,0.713529467583,0.0985061451793
-0.361781358719,-0.098886333406,0.877400755882,0.229863107204,-0.653777122498,0.714364230633,0.097068272531
-0.361747324467,-0.098517395556,0.877770364285,0.229513168335,-0.654773175716,0.713423192501,0.0980980545282
-0.361531198025,-0.0984476357698,0.878066301346,0.229317754507,-0.654147148132,0.714208543301,0.0970104336739
-0.361147940159,-0.0982227474451,0.878463447094,0.228397399187,-0.654524087906,0.714300453663,0.095956556499
-0.360744565725,-0.0978665575385,0.878800570965,0.227393388748,-0.655677855015,0.713734090328,0.0946708023548
-0.360285580158,-0.0977195128798,0.879145443439,0.224589556456,-0.655379056931,0.715075910091,0.0932967066765
-0.360114634037,-0.0981159508228,0.879803061485,0.227481693029,-0.661059856415,0.709697842598,0.0870681479573
-0.359602689743,-0.0977794453502,0.880248725414,0.225940346718,-0.661464989185,0.709969937801,0.0857774168253
-0.358882904053,-0.097641967237,0.880671441555,0.225764349103,-0.661832332611,0.709915757179,0.083833321929
-0.358248949051,-0.0974265933037,0.881164968014,0.224298253655,-0.662099659443,0.710229456425,0.0829963758588
-0.357691705227,-0.0968983992934,0.881195783615,0.222857892513,-0.664839267731,0.708396315575,0.0806087628007
-0.356448292732,-0.0958638191223,0.881360590458,0.217556238174,-0.65730369091,0.716286122799,0.0869216024876
-0.355671405792,-0.0953950211406,0.881670832634,0.216668024659,-0.656915009022,0.716913640499,0.086904861033
-0.354822516441,-0.0951387509704,0.881923079491,0.216989934444,-0.655878603458,0.717960774899,0.0852708593011
-0.353986859322,-0.0946769565344,0.882237315178,0.216577678919,-0.656868159771,0.717181384563,0.0852594450116
-0.353167772293,-0.0941324010491,0.882475078106,0.216745629907,-0.657747387886,0.716408133507,0.0845517516136
-0.35245385766,-0.0933513641357,0.882302224636,0.21336299181,-0.658262789249,0.717038273811,0.0837998390198
-0.35145264864,-0.0928893685341,0.882934987545,0.215271443129,-0.658110320568,0.716568589211,0.0841339454055
-0.350720793009,-0.0922302752733,0.88313126564,0.213961973786,-0.658296704292,0.717048883438,0.0818935856223
-0.34973475337,-0.0916728153825,0.883629083633,0.21401719749,-0.65620046854,0.718767642975,0.0834913030267
-0.348990380764,-0.0908974781632,0.884020805359,0.213107571006,-0.657649099827,0.717888951302,0.0819649398327
-0.348131746054,-0.0902223289013,0.884359121323,0.213104888797,-0.658121824265,0.717478394508,0.0817725807428
-0.347388356924,-0.0894249305129,0.884891211987,0.211795285344,-0.65700340271,0.718958675861,0.0811634063721
-0.346541106701,-0.0889229699969,0.885571062565,0.211940348148,-0.655871450901,0.720081448555,0.0799799263477
-0.34588983655,-0.0880787223577,0.886183857918,0.211112618446,-0.656870424747,0.719583749771,0.0784340500832
-0.345127165318,-0.0873678326607,0.886827290058,0.210698187351,-0.656872689724,0.719924271107,0.0763771235943
-0.344121128321,-0.0858233273029,0.88668268919,0.203400596976,-0.664664030075,0.715426623821,0.0708146989346
-0.34370931983,-0.0849801972508,0.887233138084,0.203228265047,-0.667302489281,0.713294446468,0.0679458156228
-0.343146562576,-0.0841831788421,0.888062059879,0.20113375783,-0.667632639408,0.713698506355,0.0666826367378
-0.342525452375,-0.083656899631,0.888594985008,0.200678095222,-0.668078660965,0.713717758656,0.0632954314351
-0.342049360275,-0.0831267759204,0.889569759369,0.20161819458,-0.669057846069,0.712772250175,0.0605586729944
-0.341654717922,-0.0825435817242,0.890195012093,0.200976833701,-0.66957449913,0.712711513042,0.0576246865094
-0.341145008802,-0.0820026621222,0.890679359436,0.200228139758,-0.669910371304,0.712837278843,0.0546964369714
-0.340802669525,-0.0814774483442,0.891367912292,0.199173793197,-0.670230209827,0.712933897972,0.053352124989
-0.340450823307,-0.0810074359179,0.891914188862,0.199041709304,-0.670784831047,0.712590515614,0.0514295473695
-0.341336488724,-0.084409236908,0.896203100681,0.223844736814,-0.636524796486,0.735187590122,0.0650297105312
-0.34121927619,-0.0841596350074,0.896760702133,0.225806951523,-0.634797751904,0.73607558012,0.0650827437639
-0.339736521244,-0.0797247886658,0.893012821674,0.199479565024,-0.670560777187,0.712943315506,0.0476236008108
-0.339627385139,-0.0794076398015,0.893169105053,0.200064763427,-0.670740365982,0.71272289753,0.0459069088101
-0.33961352706,-0.0791142582893,0.893255233765,0.200623884797,-0.670816719532,0.712590277195,0.0443842448294
-0.339605718851,-0.0788560733199,0.893286287785,0.202504888177,-0.670805335045,0.712127625942,0.0434304922819
-0.339564144611,-0.0785583257675,0.893165171146,0.203187897801,-0.670415580273,0.712326943874,0.042989321053
-0.339640021324,-0.0779662653804,0.892759144306,0.202147513628,-0.671460688114,0.711610257626,0.0434507317841
-0.339701354504,-0.0777681320906,0.892497479916,0.202513590455,-0.670888245106,0.712038636208,0.0435706265271
-0.339790582657,-0.0776082277298,0.89215272665,0.204584881663,-0.67045456171,0.711863696575,0.0434242077172
-0.339927434921,-0.0774684026837,0.89169973135,0.205109700561,-0.670313060284,0.711778104305,0.0445256605744
-0.340077936649,-0.0773453116417,0.891272127628,0.205870822072,-0.669756531715,0.71198374033,0.0460719168186
-0.340318202972,-0.0772632583976,0.89070212841,0.209997415543,-0.668948948383,0.711569368839,0.0455789268017
-0.340587705374,-0.0771104842424,0.890223264694,0.211965560913,-0.669194877148,0.710689663887,0.0465716570616
-0.340729683638,-0.0772789791226,0.889653503895,0.214609399438,-0.66753000021,0.711369454861,0.0479605793953
-0.341069579124,-0.0772015824914,0.888894617558,0.214706480503,-0.666758000851,0.711992502213,0.0490075461566
-0.341334998608,-0.0772587433457,0.888308107853,0.218763187528,-0.666302025318,0.711189925671,0.0489211529493
-0.341524720192,-0.077147424221,0.887761056423,0.218668460846,-0.667055130005,0.710346758366,0.0512752048671
-0.341734290123,-0.0771391615272,0.887249290943,0.220236286521,-0.666146099567,0.710568249226,0.053273357451
-0.341972768307,-0.0772005021572,0.886541962624,0.220719888806,-0.665303647518,0.711144626141,0.0541036315262
-0.342173308134,-0.07728497684,0.88615500927,0.221740394831,-0.665036380291,0.710972547531,0.0554626062512
-0.342390239239,-0.077379539609,0.885804712772,0.222707614303,-0.664853930473,0.710748016834,0.0566371530294
-0.342739224434,-0.0774258002639,0.88553249836,0.225100755692,-0.665260851383,0.709548413754,0.0574322752655
-0.342901408672,-0.0775627344847,0.88529086113,0.225627243519,-0.665364980698,0.709112644196,0.0595070049167
-0.343067646027,-0.0776976794004,0.885110080242,0.226419150829,-0.665168762207,0.708912670612,0.061054110527
-0.343275129795,-0.0778624340892,0.884851634502,0.227015569806,-0.665481567383,0.708417654037,0.0611771121621
-0.343433022499,-0.0780923515558,0.88479590416,0.227995172143,-0.664937674999,0.708572208881,0.0616583153605
-0.34358549118,-0.0783265084028,0.8846347332,0.228159114718,-0.664794743061,0.708672463894,0.0614394024014
-0.34368699789,-0.0785032138228,0.884563803673,0.228230819106,-0.664847433567,0.708578467369,0.0616871267557
-0.343789219856,-0.0787283703685,0.884511768818,0.22834970057,-0.664762556553,0.708597123623,0.0619453042746
-0.343883693218,-0.0789209529757,0.88447290659,0.228139266372,-0.664867937565,0.708545029163,0.0621847435832
-0.343965828419,-0.0791474208236,0.884445488453,0.227910593152,-0.665078580379,0.708412766457,0.0622777752578
-0.344169139862,-0.0793624296784,0.884349048138,0.22799089551,-0.665215969086,0.708266615868,0.0621788091958
-0.344256788492,-0.0796217098832,0.884317576885,0.228202342987,-0.665571153164,0.707881748676,0.0619852691889
-0.34422814846,-0.0798238292336,0.884325265884,0.227319687605,-0.665750622749,0.707939684391,0.0626378506422
-0.344153642654,-0.0800163075328,0.884384393692,0.224649205804,-0.666093170643,0.708440899849,0.0629601553082
-0.344129830599,-0.0802686139941,0.884365439415,0.224548175931,-0.666531980038,0.708087086678,0.0626555979252
-0.344162046909,-0.0804987847805,0.884266316891,0.224224403501,-0.666609883308,0.70808339119,0.0630282685161
-0.344137609005,-0.080810457468,0.884261846542,0.224472433329,-0.666292607784,0.708285033703,0.0632352754474
-0.344107151031,-0.0810680761933,0.884068608284,0.223756447434,-0.666309297085,0.708511292934,0.0630603954196
-0.344079047441,-0.0812595635653,0.883962273598,0.223322629929,-0.666454792023,0.708457291126,0.0636653155088
-0.344032377005,-0.0815414190292,0.883875787258,0.223366588354,-0.66677159071,0.708136260509,0.0637684240937
-0.343978792429,-0.0817308500409,0.883735954762,0.222998321056,-0.666724979877,0.70813959837,0.0654827430844
-0.343921840191,-0.0819048061967,0.883599340916,0.22294165194,-0.666688501835,0.708138883114,0.0660516768694
-0.343885838985,-0.0820093378425,0.883408069611,0.222575366497,-0.666508257389,0.708337247372,0.0669725388288
-0.343833118677,-0.0821325331926,0.883227527142,0.222532093525,-0.66691839695,0.707942545414,0.0672078952193
-0.343781709671,-0.0822235643864,0.88309186697,0.222210049629,-0.667045176029,0.707828700542,0.068205088377
-0.343758046627,-0.0822898969054,0.882936179638,0.221943214536,-0.667283713818,0.707637131214,0.0687267035246
-0.343769550323,-0.0823438093066,0.882779717445,0.221739560366,-0.667348504066,0.707565009594,0.0694936364889
-0.343759715557,-0.0824012905359,0.88267159462,0.221536204219,-0.667414665222,0.707513034344,0.0700350105762
-0.343766570091,-0.0824299901724,0.882568597794,0.221364304423,-0.667427778244,0.707492589951,0.0706570148468
-0.343776345253,-0.0824271813035,0.882497310638,0.221212223172,-0.667611122131,0.707339286804,0.0709347426891
-0.343797981739,-0.0824285149574,0.882452964783,0.22112184763,-0.667799472809,0.707172214985,0.0711090862751
-0.343971312046,-0.0838902369142,0.883484661579,0.228855863214,-0.656033754349,0.715353667736,0.0742548406124
-0.344024300575,-0.0838542580605,0.883472144604,0.228738099337,-0.656279742718,0.715155303478,0.0743559524417
-0.344087988138,-0.0838102474809,0.883451759815,0.22852255404,-0.656516551971,0.714989244938,0.0745232775807
-0.344147741795,-0.0837728381157,0.883448123932,0.228338688612,-0.656643271446,0.714955806732,0.0742923766375
-0.344241321087,-0.083706766367,0.883465647697,0.228213816881,-0.656941115856,0.714753270149,0.0739908590913
-0.344336986542,-0.0836171582341,0.883447051048,0.228078722954,-0.657392859459,0.714425206184,0.0735615640879
-0.344431579113,-0.0835337638855,0.883464515209,0.227935105562,-0.657507956028,0.714383363724,0.0733849033713
-0.344666361809,-0.0830357149243,0.883447647095,0.22736543417,-0.66077965498,0.711496293545,0.0738130062819
-0.344855964184,-0.0828322917223,0.883484184742,0.227599874139,-0.661589562893,0.710648596287,0.0740003064275
-0.345132946968,-0.082762427628,0.883363962173,0.229601264,-0.661944925785,0.709794580936,0.0728269889951
-0.345234036446,-0.0827081725001,0.883361399174,0.230060249567,-0.662069618702,0.709649801254,0.0716457739472
-0.345279544592,-0.0826115906239,0.883399665356,0.227830007672,-0.662224709988,0.710175335407,0.0721316039562
-0.345433115959,-0.0825055912137,0.883367538452,0.227885052562,-0.662074506283,0.710299015045,0.0721198394895
-0.345657140017,-0.0823453962803,0.883178293705,0.227790862322,-0.662703275681,0.709842383862,0.0711298510432
-0.345798254013,-0.0822451710701,0.883096456528,0.229276284575,-0.662831544876,0.709291517735,0.0706549212337
-0.346001267433,-0.0821508914232,0.882985174656,0.22969225049,-0.66285520792,0.709175288677,0.0702501311898
-0.346178859472,-0.0820691362023,0.88287460804,0.230090022087,-0.662811875343,0.709095239639,0.0701635181904
-0.346392989159,-0.08194693923,0.882753908634,0.23018117249,-0.662619173527,0.709229052067,0.0703325122595
-0.346727728844,-0.0816737189889,0.882587254047,0.229972437024,-0.662963271141,0.708823919296,0.0718413293362
-0.34699767828,-0.0816140696406,0.882410049438,0.230706930161,-0.662967264652,0.708660125732,0.0710612758994
-0.347393810749,-0.0815541744232,0.882122159004,0.231191217899,-0.663178682327,0.708347678185,0.0706271007657
-0.347639471292,-0.0815197825432,0.881988465786,0.230118528008,-0.663130879402,0.708615541458,0.0718825384974
-0.347893416882,-0.0814931839705,0.881823658943,0.231711879373,-0.663155913353,0.708096981049,0.0716414526105
-0.347977817059,-0.0803658515215,0.880767405033,0.225604638457,-0.672124564648,0.701874136925,0.0687307789922
-0.348482787609,-0.0814020857215,0.881509244442,0.232806324959,-0.663431167603,0.707452833652,0.0719073489308
-0.348751693964,-0.0814454331994,0.881365776062,0.233308568597,-0.66312789917,0.707529783249,0.0723199099302
-0.349207878113,-0.0814101621509,0.880958259106,0.234994113445,-0.663553535938,0.706684827805,0.0712110325694
-0.349458575249,-0.0815794169903,0.880759000778,0.233238428831,-0.663281798363,0.707475244999,0.0716652199626
-0.349689781666,-0.0816103518009,0.880558788776,0.233483612537,-0.663092017174,0.707540929317,0.0719742253423
-0.350001871586,-0.0814494863153,0.88031065464,0.233511567116,-0.663145303726,0.707340180874,0.0733524784446
-0.350248157978,-0.0815395712852,0.880087673664,0.23525314033,-0.66267234087,0.707183122635,0.0735767185688
-0.350445389748,-0.0816173329949,0.879915475845,0.235494658351,-0.662306725979,0.707327067852,0.0747017636895
-0.35074287653,-0.0816805288196,0.879606842995,0.235808774829,-0.662800192833,0.706792652607,0.0743937566876
-0.351010620594,-0.0817381516099,0.879404246807,0.23552313447,-0.662666022778,0.706956863403,0.0749314129353
-0.351270228624,-0.0818382799625,0.879199743271,0.23580391705,-0.662665367126,0.706811666489,0.0754208490252
-0.351580858231,-0.0817726925015,0.879035770893,0.235875636339,-0.663586139679,0.705810546875,0.0764699205756
-0.351740866899,-0.0818619430065,0.878892302513,0.236134558916,-0.66342407465,0.70581972599,0.0769908800721
-0.351863741875,-0.0819426029921,0.878673136234,0.236169889569,-0.663535296917,0.705601871014,0.0779144987464
-0.351981133223,-0.0821309313178,0.878479599953,0.236241847277,-0.662707328796,0.706363618374,0.0778422877192
-0.352133870125,-0.0821891650558,0.878340125084,0.236352711916,-0.662732720375,0.706308960915,0.0777846947312
-0.352392196655,-0.0822483003139,0.878105401993,0.236658737063,-0.662780463696,0.706139087677,0.0779889449477
-0.352510303259,-0.082383967936,0.878008723259,0.237107783556,-0.6630012393,0.70580804348,0.0777445062995
-0.352617889643,-0.0825181379914,0.877986729145,0.237571850419,-0.662378191948,0.70619815588,0.0780963748693
-0.352758735418,-0.0825923085213,0.877912580967,0.236629471183,-0.662322223186,0.706529378891,0.0784344524145
-0.352844983339,-0.0826551690698,0.877855360508,0.236673906446,-0.662301063538,0.706515848637,0.0786017999053
-0.352917253971,-0.0827238336205,0.877814173698,0.236760109663,-0.662101745605,0.706646502018,0.0788447707891
-0.352963656187,-0.0827689617872,0.877758026123,0.23654076457,-0.662050068378,0.706701636314,0.0794420838356
-0.353015959263,-0.0827957615256,0.877708673477,0.237795248628,-0.662029981613,0.706316590309,0.0792878270149
-0.353182226419,-0.0827541947365,0.877775728703,0.237376317382,-0.66128629446,0.70705473423,0.0801651924849
-0.353252053261,-0.082767829299,0.87773001194,0.237403765321,-0.661226391792,0.707106471062,0.0801217928529
-0.353324502707,-0.0827339217067,0.877624213696,0.237782463431,-0.663235247135,0.705109834671,0.0799918249249
-0.353356897831,-0.0827370658517,0.877621293068,0.237838476896,-0.663139402866,0.705144524574,0.0803138539195
-0.353368580341,-0.0826652050018,0.877528369427,0.237325757742,-0.662409186363,0.705925583839,0.0809927359223
-0.353376984596,-0.0826380699873,0.877494454384,0.237206086516,-0.662385463715,0.70591622591,0.0816151574254
-0.353385180235,-0.0826008990407,0.877488136292,0.237216204405,-0.662372648716,0.705901324749,0.0818192958832
-0.35337305069,-0.0825629606843,0.877455592155,0.237341955304,-0.662306964397,0.70590275526,0.0819730833173
-0.353372603655,-0.0824849158525,0.877404749393,0.237332910299,-0.662440121174,0.705796062946,0.0818418711424
-0.353367030621,-0.0824185013771,0.877351880074,0.237374797463,-0.662511944771,0.705725908279,0.0817452222109
-0.353357255459,-0.0823171436787,0.877308249474,0.237252235413,-0.662549555302,0.70572000742,0.0818463414907
-0.353346943855,-0.0822421908379,0.87726444006,0.237358137965,-0.662516653538,0.705726623535,0.0817478448153
-0.353336244822,-0.0821433886886,0.877205193043,0.237512245774,-0.662637174129,0.705576837063,0.081616602838
-0.353262424469,-0.0819820016623,0.877166748047,0.237323388457,-0.661992132664,0.706240475178,0.0816614404321
-0.353307545185,-0.0818924531341,0.877127408981,0.237624228001,-0.662257611752,0.705917179585,0.0814285427332
-0.353255927563,-0.0817627236247,0.877063035965,0.237515777349,-0.662077605724,0.706124484539,0.0814114362001
-0.35324215889,-0.0815642625093,0.876947045326,0.23701941967,-0.66266143322,0.705770432949,0.0811785086989
-0.353292405605,-0.0814243778586,0.876883685589,0.2370198071,-0.662575960159,0.705861330032,0.0810835137963
-0.353308498859,-0.0813070610166,0.876853346825,0.237158030272,-0.662612199783,0.705798745155,0.0809274986386
-0.353355318308,-0.0811275392771,0.87679708004,0.236890867352,-0.662401556969,0.706076860428,0.0810086205602
-0.353392481804,-0.0810180753469,0.87676358223,0.238357201219,-0.662300050259,0.705720365047,0.0806420743465
-0.353430330753,-0.0809031203389,0.876738548279,0.238649874926,-0.66240209341,0.705552041531,0.0804115012288
-0.353586494923,-0.0807408168912,0.876570880413,0.23845218122,-0.662876367569,0.705263733864,0.0796149373055
-0.353703022003,-0.0806844606996,0.876586616039,0.23907905817,-0.663123011589,0.704857051373,0.0792825892568
-0.353749364614,-0.0804808288813,0.87647485733,0.238629594445,-0.662682771683,0.705375611782,0.0797052383423
-0.353809833527,-0.0803739726543,0.876440107822,0.238739997149,-0.662785708904,0.705244123936,0.0796817243099
-0.353880703449,-0.0802841186523,0.876412153244,0.238975048065,-0.662747502327,0.705196678638,0.07971380651
-0.353941857815,-0.0802044570446,0.876373708248,0.23900654912,-0.662796080112,0.705144584179,0.0796761661768
-0.353995203972,-0.0801348462701,0.876338005066,0.239094883204,-0.662798345089,0.70510840416,0.0797129869461
-0.354058712721,-0.0800765305758,0.876292526722,0.239128604531,-0.66287946701,0.705027997494,0.0796487480402
-0.354064762592,-0.0802964493632,0.876154005527,0.23950265348,-0.6611135602,0.706686556339,0.0784954726696
-0.354130655527,-0.0802673771977,0.876099228859,0.239738613367,-0.661298215389,0.706441938877,0.0784204527736
-0.354335784912,-0.0798713341355,0.876185417175,0.239899918437,-0.66381919384,0.703805506229,0.0803110376
-0.354401707649,-0.0798499658704,0.876131951809,0.2399879843,-0.663938045502,0.703657567501,0.0803622305393
-0.354461222887,-0.0798418149352,0.876084923744,0.24006767571,-0.663813412189,0.703726351261,0.0805506855249
-0.354515790939,-0.0798457637429,0.876026272774,0.239933103323,-0.663813948631,0.703741967678,0.0808110311627
-0.354568243027,-0.0798765420914,0.875959575176,0.241215988994,-0.663674771786,0.703459560871,0.0805938839912
-0.354553937912,-0.0801800265908,0.87579023838,0.241220369935,-0.661791980267,0.705334663391,0.0796676725149
-0.354673177004,-0.0799599662423,0.875863790512,0.241397589445,-0.663402140141,0.703598439693,0.08108112216
-0.354723870754,-0.0799983292818,0.875794053078,0.241269648075,-0.663432180882,0.703595101833,0.081244237721
-0.354776263237,-0.0800667032599,0.875740766525,0.241238132119,-0.663182497025,0.703745722771,0.0820682272315
-0.354831933975,-0.0801200345159,0.875727295876,0.241353854537,-0.663002729416,0.703828632832,0.0824678018689
-0.35503757,-0.0802216976881,0.875614583492,0.242208942771,-0.662771165371,0.703744411469,0.0825416892767
-0.355033427477,-0.0803601145744,0.875713288784,0.241895258427,-0.662050008774,0.704476892948,0.0829992741346
-0.355152726173,-0.0803963169456,0.875605523586,0.240212649107,-0.662366569042,0.704718947411,0.0833063945174
-0.355194747448,-0.0804837942123,0.875594079494,0.240185007453,-0.662226557732,0.704838633537,0.0834848955274
-0.355241119862,-0.0805559456348,0.87559312582,0.24010515213,-0.662104487419,0.70494812727,0.0837587416172
-0.35531103611,-0.0806744098663,0.875603556633,0.240151762962,-0.661866188049,0.705138027668,0.0839089006186
-0.355360329151,-0.080762565136,0.875599265099,0.240055367351,-0.661889612675,0.705137372017,0.0840057954192
-0.355481535196,-0.0808465778828,0.875612676144,0.240064948797,-0.661648452282,0.70537263155,0.0839020833373
-0.355496555567,-0.0809630304575,0.875639975071,0.239924296737,-0.661401033401,0.705580770969,0.0845042094588
-0.355564236641,-0.0811152085662,0.875618815422,0.240371346474,-0.661622047424,0.705303966999,0.0838111341
-0.355609595776,-0.0812104418874,0.8756300807,0.240277573466,-0.661725401878,0.70523327589,0.0838588029146
-0.355647087097,-0.0813122987747,0.875666618347,0.240305826068,-0.661737680435,0.705195128918,0.0840010493994
-0.35569152236,-0.0813876613975,0.875676751137,0.240006759763,-0.661940276623,0.705110907555,0.0839664489031
-0.355796426535,-0.0815707743168,0.87569463253,0.240297570825,-0.662402927876,0.704642176628,0.0834207907319
-0.355846464634,-0.0816755369306,0.875740110874,0.240146920085,-0.662440061569,0.704635858536,0.0836121588945
-0.355895578861,-0.0817545056343,0.875771701336,0.239929750562,-0.66253465414,0.704605698586,0.0837397873402
-0.355960547924,-0.0819195955992,0.87586581707,0.240100190043,-0.663341760635,0.703848659992,0.0832257792354
-0.356062620878,-0.0819955989718,0.875902831554,0.239565834403,-0.663455545902,0.704053044319,0.0821250155568
-0.356079101562,-0.0820653438568,0.875946700573,0.239784225821,-0.663334608078,0.703938543797,0.0834355726838
-0.356120616198,-0.0821201130748,0.875994205475,0.239325001836,-0.663392424583,0.703962206841,0.0840910747647
-0.356191158295,-0.0821931809187,0.876047968864,0.239267840981,-0.663462877274,0.703903913498,0.084185898304
-0.356314867735,-0.0822461396456,0.876060605049,0.238145440817,-0.663569033146,0.704161942005,0.0843739509583
-0.356428682804,-0.0823037475348,0.876100242138,0.236904516816,-0.663663625717,0.704461574554,0.0846221148968
-0.356508016586,-0.0823673084378,0.876127302647,0.236778080463,-0.663682579994,0.704490661621,0.0845841467381
-0.356593251228,-0.0824253112078,0.876178860664,0.236734464765,-0.663671374321,0.704504787922,0.0846764370799
-0.356664508581,-0.0824846476316,0.876216828823,0.236077457666,-0.663605749607,0.704696118832,0.0854297876358
-0.356777966022,-0.0825389921665,0.876241743565,0.236011654139,-0.663759768009,0.704578876495,0.0853828564286
-0.356884121895,-0.0826128050685,0.876295030117,0.236148580909,-0.663810133934,0.704489767551,0.0853476449847
-0.357058942318,-0.0825283750892,0.876323163509,0.235912099481,-0.664915859699,0.703472018242,0.0857873633504
-0.357167541981,-0.082609012723,0.87638682127,0.236154913902,-0.664678871632,0.703588306904,0.0860023722053
-0.357348799706,-0.0826751962304,0.876426994801,0.236244693398,-0.66480076313,0.703446090221,0.085976883769
-0.357451051474,-0.0827392488718,0.876452505589,0.236281991005,-0.664658606052,0.703561067581,0.0860318243504
-0.357574999332,-0.0827922299504,0.87647652626,0.23638625443,-0.664594173431,0.70360314846,0.0859003067017
-0.357675373554,-0.0828466713428,0.87651258707,0.236388385296,-0.6644282341,0.703740298748,0.0860542431474
-0.357820183039,-0.0828943699598,0.876500964165,0.237022176385,-0.664488196373,0.703514814377,0.0856908038259
-0.357872009277,-0.0829538404942,0.876570403576,0.236460313201,-0.664322972298,0.703812479973,0.0860788598657
-0.358111441135,-0.082964502275,0.876430332661,0.235377728939,-0.664855182171,0.703725934029,0.0856437385082
-0.358226388693,-0.0830366760492,0.876463353634,0.235605105758,-0.664760649204,0.703743815422,0.0856058299541
-0.358328849077,-0.0830794349313,0.876481175423,0.235391497612,-0.664867818356,0.703698277473,0.0857351273298
-0.358427345753,-0.0831258296967,0.876491427422,0.235349833965,-0.664845049381,0.70372825861,0.0857806056738
-0.358534753323,-0.0832180306315,0.876515746117,0.235737517476,-0.665072739124,0.703420579433,0.0854723006487
-0.35865175724,-0.0832674950361,0.876527190208,0.235744521022,-0.665184557438,0.703319907188,0.0854102596641
-0.358747154474,-0.0833355784416,0.87656724453,0.235909089446,-0.665093719959,0.703349530697,0.0854209214449
-0.358832418919,-0.083373375237,0.876574516296,0.235848650336,-0.665182590485,0.703287780285,0.0854040682316
-0.358913660049,-0.0834118649364,0.876602888107,0.235901981592,-0.665300250053,0.703163564205,0.0853634849191
-0.359011590481,-0.0835088714957,0.876679420471,0.236285299063,-0.664884746075,0.703406453133,0.0855398029089
-0.359159737825,-0.0836512893438,0.876766502857,0.236905395985,-0.665731191635,0.702482998371,0.0848257094622
-0.359216451645,-0.0837129205465,0.876824736595,0.237058863044,-0.66562050581,0.702543973923,0.0847626402974
-0.359275400639,-0.0837493762374,0.876862168312,0.236997127533,-0.665629088879,0.702565133572,0.0846908167005
-0.359352171421,-0.0838275179267,0.876932680607,0.237183153629,-0.665376007557,0.702752888203,0.0846014767885
-0.359498977661,-0.0837479829788,0.877030074596,0.237279430032,-0.666193425655,0.701882839203,0.0851195529103
-0.35955953598,-0.0838211104274,0.87710249424,0.237419962883,-0.665875017643,0.702146053314,0.0850480049849
-0.359667539597,-0.0838633552194,0.87713509798,0.236657768488,-0.665854930878,0.702428162098,0.0850002989173
-0.359718441963,-0.0839043110609,0.877205789089,0.236674681306,-0.665808320045,0.702473700047,0.0849426910281
-0.359772413969,-0.0839494615793,0.877275645733,0.236835464835,-0.665624201298,0.702593922615,0.0849430039525
-0.359850525856,-0.0839909240603,0.877336859703,0.236993551254,-0.665511488914,0.702724039555,0.0843052640557
-0.359917879105,-0.084034755826,0.877434313297,0.237242639065,-0.66506755352,0.703045606613,0.0844267606735
-0.359968066216,-0.0841006338596,0.877514958382,0.237528398633,-0.664768099785,0.703244924545,0.0843225419521
-0.359994411469,-0.0841245278716,0.877588629723,0.237736999989,-0.664648294449,0.703293979168,0.0842701941729
-0.360022336245,-0.0841505527496,0.877643585205,0.237974137068,-0.664559841156,0.703317523003,0.0841009989381
-0.360024452209,-0.0841422975063,0.877731442451,0.238147318363,-0.664201200008,0.703592956066,0.0841400772333
-0.360058188438,-0.0841636061668,0.877795577049,0.238419935107,-0.663994550705,0.703697144985,0.0841281488538
-0.360086321831,-0.0841824039817,0.877862215042,0.238800272346,-0.663812935352,0.703745186329,0.0840798765421
-0.360117465258,-0.0841920822859,0.87792879343,0.239161357284,-0.663443922997,0.703965008259,0.0841269344091
-0.360170781612,-0.0841811522841,0.877987682819,0.238417953253,-0.663339793682,0.704273760319,0.0844740122557
-0.36018165946,-0.084188580513,0.878045201302,0.239991664886,-0.662900269032,0.704187452793,0.0841843485832
-0.360201001167,-0.0841576978564,0.87809830904,0.240319445729,-0.662702083588,0.7042735219,0.0840921923518
-0.360220462084,-0.0841194391251,0.878152191639,0.240691810846,-0.662522673607,0.704338133335,0.0838995948434
-0.360196232796,-0.0840761438012,0.878238379955,0.241758555174,-0.662154078484,0.704336583614,0.0837551578879
-0.360218048096,-0.0840276107192,0.878299593925,0.242024987936,-0.661978960037,0.704440057278,0.083497568965
-0.360242486,-0.0839743465185,0.878367900848,0.242773190141,-0.661970257759,0.704307496548,0.0825081542134
-0.360264241695,-0.083932749927,0.878456771374,0.243066176772,-0.661650180817,0.704548180103,0.0821567624807
-0.360273897648,-0.0838545709848,0.878555059433,0.243250921369,-0.661583125591,0.704571723938,0.0819473341107
-0.360260248184,-0.0837727338076,0.878622055054,0.243249103427,-0.6616076231,0.704657137394,0.081015586853
-0.360224187374,-0.0836505889893,0.87876701355,0.243293464184,-0.661004364491,0.705196201801,0.0811163410544
-0.360161662102,-0.0835219174623,0.878890991211,0.243410930037,-0.660899341106,0.705286979675,0.0808292403817
-0.360086709261,-0.0833755880594,0.879049360752,0.243411660194,-0.66073602438,0.70550018549,0.080300450325
-0.359874725342,-0.0832291096449,0.879290938377,0.24333371222,-0.660079777241,0.70614528656,0.0802636891603
-0.359751135111,-0.0830987095833,0.879599332809,0.242530927062,-0.659352004528,0.707051932812,0.0806934311986
-0.35952603817,-0.0828100517392,0.879718124866,0.241730511189,-0.660443007946,0.706419765949,0.0797033756971
-0.359283208847,-0.0825865417719,0.879921734333,0.241269022226,-0.660778522491,0.706355333328,0.0788881033659
-0.358973562717,-0.0824117437005,0.880226373672,0.241607114673,-0.660504639149,0.706779122353,0.0763073340058
-0.358517289162,-0.0821619480848,0.880542755127,0.241542011499,-0.660587847233,0.706598639488,0.0774564519525
-0.358125388622,-0.0821293145418,0.880978107452,0.242107331753,-0.66007822752,0.707118868828,0.0752575322986
-0.357689499855,-0.0818102806807,0.881451249123,0.24198551476,-0.660604894161,0.706881701946,0.0732288062572
-0.357157617807,-0.0816225409508,0.881981551647,0.242867738008,-0.660156190395,0.707155227661,0.071698024869
-0.356522321701,-0.0814660936594,0.882467567921,0.241922497749,-0.658908903599,0.708906173706,0.0690268576145
-0.355993360281,-0.0812025442719,0.883018553257,0.240646883845,-0.658665835857,0.709781348705,0.066772788763
-0.355314552784,-0.0809675008059,0.883797168732,0.242413505912,-0.659108579159,0.709073245525,0.0634584501386
-0.354330003262,-0.0800072848797,0.883462548256,0.235890686512,-0.666253626347,0.705160439014,0.056660681963
-0.353760719299,-0.0807906091213,0.885292887688,0.243627697229,-0.656596422195,0.711549937725,0.0567766427994
-0.353003770113,-0.0808026641607,0.886029541492,0.243180081248,-0.655254662037,0.713232219219,0.0529572591186
-0.351759791374,-0.0796168670058,0.885905086994,0.237781360745,-0.663286805153,0.708074092865,0.0462808273733
-0.350846260786,-0.0795458927751,0.886783361435,0.239140838385,-0.663792312145,0.707453727722,0.0412406846881
-0.349843204021,-0.0795554146171,0.887528121471,0.240418151021,-0.662434577942,0.708549678326,0.0365647301078
-0.348860949278,-0.0794247537851,0.888503491879,0.23999068141,-0.661517679691,0.709645330906,0.0346752926707
-0.347936928272,-0.0794327929616,0.88943117857,0.241615563631,-0.660957932472,0.709839940071,0.0297303739935
-0.346733421087,-0.0793685093522,0.890391767025,0.241340368986,-0.658887922764,0.711944699287,0.0275008063763
-0.345659524202,-0.0795910060406,0.891335308552,0.242537915707,-0.658092916012,0.712422192097,0.0233209412545
-0.344556540251,-0.079578615725,0.892293572426,0.243199676275,-0.657593846321,0.712776064873,0.019352728501
-0.343512713909,-0.0795444771647,0.89327776432,0.242319002748,-0.656654238701,0.713995397091,0.0172495394945
-0.342333614826,-0.0797057971358,0.894201099873,0.243117079139,-0.656282842159,0.714161455631,0.0126660559326
-0.341221451759,-0.0796874389052,0.895268380642,0.242561131716,-0.656025826931,0.714627146721,0.0101101035252
-0.339986383915,-0.0797510743141,0.896393239498,0.243643715978,-0.655140757561,0.715106010437,0.00719193276018
-0.338814795017,-0.0799241214991,0.897403538227,0.24399459362,-0.653689146042,0.716342031956,0.00335996993817
-0.337512940168,-0.0800523385406,0.898595869541,0.244136080146,-0.652327358723,0.717542052269,1.70704352058e-05
-0.336143404245,-0.0801175758243,0.899839103222,0.245095252991,-0.651148736477,0.718280911446,-0.00249257218093
-0.334979444742,-0.0801643505692,0.901100218296,0.245468556881,-0.650729715824,0.718514800072,-0.00570010021329
-0.333620965481,-0.0801565349102,0.902244091034,0.243241101503,-0.649031639099,0.720788359642,-0.00748030515388
-0.332404702902,-0.0800461694598,0.903436779976,0.242747455835,-0.648777902126,0.721158087254,-0.00959827378392
-0.331009864807,-0.079887598753,0.904437065125,0.240199759603,-0.648949623108,0.721812009811,-0.0124963400885
-0.329695403576,-0.0798365622759,0.905792355537,0.240263625979,-0.648562967777,0.722090601921,-0.0149961989373
-0.328373014927,-0.0798306390643,0.906980276108,0.237866386771,-0.647332489491,0.723930180073,-0.0174774955958
-0.326979398727,-0.0797737687826,0.908581256866,0.237186148763,-0.645916342735,0.725365161896,-0.0195034835488
-0.325619876385,-0.0794556736946,0.909790754318,0.236424461007,-0.646380007267,0.72514384985,-0.0215150751173
-0.324194788933,-0.0793390870094,0.911296606064,0.237691760063,-0.646020829678,0.724911868572,-0.0257449559867
-0.322597742081,-0.0791449919343,0.912692904472,0.235899820924,-0.644471108913,0.726727366447,-0.029595028609
-0.32096850872,-0.0788414627314,0.91426128149,0.236855179071,-0.644057512283,0.726650297642,-0.0326933786273
-0.319359958172,-0.0785113945603,0.915749192238,0.235524654388,-0.644490778446,0.726510703564,-0.0366326272488
-0.31759750843,-0.0781541615725,0.917506039143,0.234238997102,-0.643073856831,0.728053092957,-0.0390724763274
-0.315828174353,-0.0779208093882,0.919270694256,0.235601872206,-0.640772104263,0.729468941689,-0.0421683304012
-0.313975483179,-0.0773605108261,0.920668244362,0.233040526509,-0.641064345837,0.729777336121,-0.0464094616473
-0.312088787556,-0.0767474025488,0.922462582588,0.230801343918,-0.641366422176,0.730053842068,-0.0490062125027
-0.310157179832,-0.0759889855981,0.924165666103,0.228387191892,-0.641689300537,0.730365455151,-0.0513870827854
-0.308121442795,-0.075364202261,0.926192224026,0.227775335312,-0.641038954258,0.730997860432,-0.0531917624176
-0.306095123291,-0.0746058300138,0.928221106529,0.225127637386,-0.641587793827,0.731173753738,-0.0553874820471
-0.304047733545,-0.0749290063977,0.930882394314,0.227780580521,-0.631886720657,0.73889529705,-0.0535647533834
-0.301761418581,-0.0742250233889,0.932958781719,0.225889235735,-0.633116424084,0.73826187849,-0.0557416416705
-0.299153864384,-0.072419591248,0.93436062336,0.218841686845,-0.641135275364,0.732969820499,-0.0617186240852
-0.296765863895,-0.0725599899888,0.93729698658,0.218119159341,-0.633833706379,0.739861905575,-0.057299759239
-0.293942302465,-0.0706214606762,0.938503682613,0.212523981929,-0.643319010735,0.732655405998,-0.0647321119905
-0.291545212269,-0.0707308202982,0.941561281681,0.214688792825,-0.636288762093,0.738349556923,-0.0623320266604
