x,y,z,q0,q1,q2,q3
-0.434480726719,-0.485505253077,0.89208573103,0.109454281628,-0.837415516376,0.434747487307,0.312649339437
-0.436522185802,-0.485808074474,0.889874398708,0.112033605576,-0.839990675449,0.431466788054,0.309355258942
-0.437926620245,-0.486267894506,0.888459682465,0.112948469818,-0.841253876686,0.427851170301,0.310609251261
-0.439559429884,-0.486507058144,0.886762320995,0.113663747907,-0.840411007404,0.427756130695,0.31275331974
-0.441718578339,-0.486552834511,0.885526537895,0.118898496032,-0.838922262192,0.426322638988,0.316736012697
-0.442719995975,-0.486681044102,0.883362114429,0.114489555359,-0.839497148991,0.426716893911,0.316305845976
-0.443980723619,-0.486947774887,0.881696462631,0.114016219974,-0.838793456554,0.426762074232,0.318276464939
-0.445167005062,-0.487208813429,0.880245864391,0.115239076316,-0.838926851749,0.425108343363,0.319694548845
-0.446290433407,-0.48771455884,0.878972172737,0.117798902094,-0.838591575623,0.423274248838,0.322066098452
-0.447633266449,-0.487747043371,0.87706643343,0.11719198525,-0.837358951569,0.425316870213,0.322803020477
-0.448971629143,-0.488263815641,0.875844836235,0.116872623563,-0.842900276184,0.417399525642,0.318806439638
-0.450114697218,-0.488751858473,0.87458729744,0.117844164371,-0.843738257885,0.41521397233,0.319085985422
-0.451103717089,-0.488921135664,0.872923851013,0.117916703224,-0.843835055828,0.413635075092,0.320848822594
-0.451911836863,-0.489073574543,0.871332228184,0.117353536189,-0.844229221344,0.411599695683,0.322631329298
-0.453448534012,-0.489183604717,0.870207965374,0.121995031834,-0.843125462532,0.410550951958,0.325122356415
-0.453958570957,-0.4893194139,0.868036746979,0.118836455047,-0.84371984005,0.411137104034,0.324007898569
-0.454761475325,-0.48923355341,0.866579830647,0.123697757721,-0.839447557926,0.412169963121,0.331877350807
-0.455179542303,-0.489853829145,0.865072011948,0.119245052338,-0.845281660557,0.406515419483,0.325614392757
-0.455808550119,-0.49001288414,0.863589406013,0.119372501969,-0.845794081688,0.404514342546,0.326727330685
-0.457058101892,-0.490027159452,0.862225115299,0.122303679585,-0.845119833946,0.403829306364,0.328231781721
-0.457835197449,-0.490259498358,0.860915064812,0.125389918685,-0.844833076,0.402001559734,0.330044150352
-0.457633644342,-0.490487396717,0.859231948853,0.12091409415,-0.846516489983,0.399141311646,0.330871134996
-0.458141684532,-0.490695089102,0.857722580433,0.120393231511,-0.846581995487,0.398395895958,0.33179089427
-0.45918405056,-0.490639656782,0.856498718262,0.122171990573,-0.846021831036,0.398026287556,0.333010852337
-0.459293812513,-0.490792661905,0.854951679707,0.120068520308,-0.846161544323,0.397407501936,0.334157854319
-0.459525406361,-0.491149604321,0.853803217411,0.120660595596,-0.84635925293,0.395647495985,0.335529595613
-0.460114866495,-0.491345226765,0.852604031563,0.121644236147,-0.846703112125,0.394420355558,0.335751652718
-0.460258424282,-0.491507560015,0.851658046246,0.122142314911,-0.847234904766,0.391138195992,0.338061183691
-0.461075156927,-0.491637140512,0.849892020226,0.122248373926,-0.846330761909,0.393692463636,0.337321490049
-0.461084485054,-0.492003649473,0.848942279816,0.121474206448,-0.847100615501,0.390585064888,0.339275628328
-0.461638331413,-0.492045193911,0.847286701202,0.120975963771,-0.84649169445,0.39224255085,0.339061319828
-0.461698681116,-0.492323726416,0.846477806568,0.121263362467,-0.847924768925,0.38776370883,0.34052619338
-0.461953818798,-0.492552101612,0.845412731171,0.121253103018,-0.848767578602,0.385063201189,0.34149351716
-0.462095499039,-0.492706894875,0.844003617764,0.120306558907,-0.849149107933,0.385482728481,0.340404421091
-0.463187217712,-0.492747604847,0.843066751957,0.12478608638,-0.847920536995,0.38404494524,0.343465566635
-0.462686955929,-0.493018567562,0.841439664364,0.120375409722,-0.849642813206,0.382233262062,0.342804133892
-0.462903857231,-0.49333268404,0.840215921402,0.120089136064,-0.850224196911,0.381962478161,0.341763228178
-0.463236838579,-0.493451446295,0.839019358158,0.120151877403,-0.850706219673,0.378999829292,0.343833714724
-0.46332269907,-0.493676304817,0.837712287903,0.11996807158,-0.850630581379,0.379412531853,0.34363001585
-0.463503986597,-0.49373498559,0.836486816406,0.119509845972,-0.851440310478,0.376624107361,0.344849348068
-0.463670551777,-0.493869096041,0.835267841816,0.119092211127,-0.851770341396,0.375205814838,0.345723956823
-0.463826417923,-0.493980497122,0.834175944328,0.11872728169,-0.852363169193,0.37335512042,0.346391290426
-0.463930308819,-0.494124919176,0.833108842373,0.118201188743,-0.853586316109,0.371390134096,0.345671057701
-0.463981539011,-0.494193583727,0.832006633282,0.118580132723,-0.853250741959,0.371107459068,0.346671581268
-0.46394610405,-0.494316726923,0.83115530014,0.117892570794,-0.853987276554,0.370344668627,0.345907568932
-0.464130580425,-0.494339585304,0.830184102058,0.117902100086,-0.854230523109,0.367833137512,0.347977370024
-0.464192330837,-0.494491577148,0.829199671745,0.118077367544,-0.85421204567,0.367311567068,0.348513692617
-0.464274674654,-0.49461877346,0.828296780586,0.117914035916,-0.854922652245,0.365544080734,0.348684966564
-0.464379966259,-0.494760245085,0.827406644821,0.117953799665,-0.855820834637,0.363845139742,0.348244845867
-0.464480698109,-0.4949246943,0.826473772526,0.117696896195,-0.856484472752,0.362904161215,0.34768140316
-0.464447557926,-0.495009303093,0.825574040413,0.117587573826,-0.856222450733,0.361534774303,0.349784135818
-0.464379072189,-0.495154500008,0.824814796448,0.117216914892,-0.857030272484,0.360950231552,0.348531663418
-0.464613944292,-0.495315641165,0.823909699917,0.11682703346,-0.857050120831,0.360277801752,0.349308609962
-0.464631468058,-0.495509207249,0.82309114933,0.117346890271,-0.856952607632,0.359540104866,0.350132614374
-0.46469438076,-0.495774269104,0.822338402271,0.116961300373,-0.858054220676,0.358326852322,0.348804950714
-0.464909017086,-0.496033787727,0.821590065956,0.117291882634,-0.858768880367,0.357420742512,0.347863674164
-0.464947938919,-0.496380418539,0.820970475674,0.118007205427,-0.859553396702,0.357180297375,0.345925599337
-0.465014636517,-0.496550947428,0.820334911346,0.118170656264,-0.859443724155,0.3554212749,0.347948223352
-0.465064287186,-0.496765881777,0.819713294506,0.118276715279,-0.859900534153,0.354435175657,0.347789376974
-0.4651004076,-0.497012883425,0.819141149521,0.118182063103,-0.860676229,0.353752702475,0.346595883369
-0.465179264545,-0.497290551662,0.818568408489,0.118624031544,-0.861217975616,0.352495789528,0.34637928009
-0.465269327164,-0.497543931007,0.818094491959,0.11864759773,-0.86220484972,0.351249694824,0.345180004835
-0.465308517218,-0.497788101435,0.817656874657,0.119723424315,-0.862320959568,0.350262910128,0.345521181822
-0.465324789286,-0.498023420572,0.817232906818,0.120416209102,-0.862603843212,0.349580705166,0.345264881849
-0.465387076139,-0.498374581337,0.816852152348,0.121901571751,-0.862303137779,0.349110603333,0.345969468355
-0.465289145708,-0.498762667179,0.816537261009,0.122479662299,-0.863744854927,0.346506536007,0.344785183668
-0.465635001659,-0.499267369509,0.815827488899,0.123511187732,-0.863336503506,0.34887072444,0.343051463366
-0.465713649988,-0.499671667814,0.815338373184,0.125104039907,-0.863088846207,0.348620772362,0.343351453543
-0.465475082397,-0.499736815691,0.81442463398,0.128039106727,-0.859758138657,0.351658850908,0.347502589226
-0.465889543295,-0.500375986099,0.814490437508,0.128502354026,-0.863332748413,0.346487700939,0.343642354012
-0.46620541811,-0.500774383545,0.81359899044,0.130339115858,-0.862687349319,0.348173648119,0.342866539955
-0.466372311115,-0.501042127609,0.812914550304,0.131366416812,-0.862793505192,0.347669094801,0.342718988657
-0.466155707836,-0.500993490219,0.811700820923,0.134081825614,-0.8591157794,0.350889950991,0.347589582205
-0.467091739178,-0.501465439796,0.811294555664,0.135837852955,-0.860632181168,0.349916338921,0.344120591879
-0.466875314713,-0.501941859722,0.810792505741,0.137892097235,-0.860211312771,0.348566174507,0.345722436905
-0.467426776886,-0.502144575119,0.809758007526,0.141378238797,-0.857790589333,0.351359128952,0.347497284412
-0.467496216297,-0.502651631832,0.809150159359,0.142909511924,-0.859781503677,0.346818894148,0.346510112286
-0.467833697796,-0.50290954113,0.808261334896,0.145667046309,-0.858666300774,0.346418082714,0.348522514105
-0.468248546124,-0.503350615501,0.807529091835,0.149161368608,-0.85795301199,0.346753329039,0.348467737436
-0.468739449978,-0.503829836845,0.806780219078,0.152420029044,-0.857766091824,0.345993489027,0.348272919655
-0.469192266464,-0.504401564598,0.806101083755,0.154155448079,-0.857981383801,0.346040070057,0.346929997206
-0.46947452426,-0.504881203175,0.805638313293,0.156670644879,-0.857792854309,0.34567463398,0.346633434296
-0.469722956419,-0.505469620228,0.805410265923,0.159028336406,-0.857860684395,0.345550686121,0.345514059067
-0.469756960869,-0.505876660347,0.805194497108,0.160254359245,-0.857410788536,0.346455454826,0.345158070326
-0.469788521528,-0.506383299828,0.805198967457,0.162775918841,-0.856647789478,0.347009569407,0.345315814018
-0.469771623611,-0.506856501102,0.805301606655,0.164967119694,-0.855997145176,0.347238212824,0.345659404993
-0.469737917185,-0.507244169712,0.805396139622,0.166501998901,-0.85545361042,0.347673565149,0.3458314538
-0.469780623913,-0.507648408413,0.805566847324,0.168679952621,-0.854521453381,0.348568290472,0.346179634333
-0.46978777647,-0.508108913898,0.805861055851,0.171159088612,-0.853259444237,0.350032061338,0.346598565578
-0.470074295998,-0.50847619772,0.805982649326,0.172362178564,-0.85107332468,0.353983044624,0.347363501787
-0.469857752323,-0.509164690971,0.806563198566,0.174813479185,-0.850482523441,0.353111982346,0.348470568657
-0.469964683056,-0.509566366673,0.806969344616,0.17655287683,-0.849361121655,0.354130744934,0.349293887615
-0.470108568668,-0.509937286377,0.807415246964,0.177883729339,-0.848410189152,0.355376839638,0.349663883448
-0.470299869776,-0.510360300541,0.807897269726,0.180175110698,-0.847026228905,0.356159508228,0.351046979427
-0.470351576805,-0.510474681854,0.808065772057,0.181506514549,-0.844434678555,0.357601672411,0.355114996433
-0.471142083406,-0.510620832443,0.808504164219,0.181678533554,-0.844499886036,0.357309728861,0.355165541172
-0.471610307693,-0.510737895966,0.80889070034,0.181242704391,-0.844168365002,0.354522079229,0.358949840069
-0.472039699554,-0.510840594769,0.809355795383,0.178496822715,-0.844411969185,0.351400673389,0.362801492214
-0.472590267658,-0.510892927647,0.809716701508,0.176348209381,-0.84443116188,0.348383545876,0.366696506739
-0.472933351994,-0.511157155037,0.810206234455,0.17401766777,-0.84472411871,0.344175219536,0.371082723141
-0.473665416241,-0.51126986742,0.81054764986,0.172927543521,-0.843619644642,0.342549800873,0.375581622124
-0.474489331245,-0.511281311512,0.810897350311,0.171237915754,-0.842587769032,0.34076192975,0.380269527435
-0.475386619568,-0.511309564114,0.81116604805,0.169667541981,-0.841286361217,0.339451879263,0.384997040033
-0.476309657097,-0.511341392994,0.811426579952,0.167527571321,-0.83911895752,0.33874937892,0.39123237133
-0.477485924959,-0.511362612247,0.811706662178,0.166695445776,-0.837580084801,0.336684733629,0.39663040638
-0.478643745184,-0.511350691319,0.812036156654,0.166301622987,-0.835611522198,0.336917102337,0.400729507208
-0.479979753494,-0.511241734028,0.812160015106,0.165474146605,-0.832603633404,0.337231099606,0.407019346952
-0.48135599494,-0.511091887951,0.812239825726,0.1659784168,-0.828919172287,0.336078107357,0.415205687284
-0.482806921005,-0.510993421078,0.812381505966,0.166192188859,-0.825892567635,0.336659640074,0.420644491911
-0.484761297703,-0.510528683662,0.81226348877,0.16726064682,-0.820104539394,0.33921417594,0.429402172565
-0.486013144255,-0.510455787182,0.812506139278,0.166732802987,-0.817036211491,0.337383061647,0.436834812164
-0.487794309855,-0.510134100914,0.812565565109,0.168610423803,-0.812017261982,0.33880674839,0.444306582212
-0.489569097757,-0.509617388248,0.812569618225,0.169024989009,-0.806417524815,0.340666741133,0.452843785286
-0.491377979517,-0.509071826935,0.812522292137,0.168780878186,-0.802101552486,0.341032773256,0.460263907909
-0.493407428265,-0.508523464203,0.812532961369,0.170480117202,-0.796800553799,0.342624008656,0.467604845762
-0.495798945427,-0.507677912712,0.812297582626,0.171733900905,-0.790877103806,0.345817297697,0.474796146154
-0.497461020947,-0.507124662399,0.812391161919,0.172530218959,-0.786586284637,0.343578934669,0.483186274767
-0.49951839447,-0.506337583065,0.8121753335,0.173930287361,-0.7806173563,0.345307767391,0.491067498922
-0.501708209515,-0.505604028702,0.812049865723,0.176854684949,-0.775217652321,0.346004158258,0.49803724885
-0.504798829556,-0.504648804665,0.811375260353,0.182269334793,-0.766873478889,0.354881107807,0.502734959126
-0.50589632988,-0.50391805172,0.811689734459,0.184999361634,-0.763088643551,0.349078595638,0.511483371258
-0.509170770645,-0.50296831131,0.811067819595,0.192878112197,-0.754316031933,0.357540011406,0.515723347664
-0.510416805744,-0.502163350582,0.811111271381,0.195266708732,-0.749588429928,0.352297276258,0.525237798691
-0.512739419937,-0.501051127911,0.810831665993,0.201084986329,-0.742361187935,0.353809028864,0.532244324684
-0.516023516655,-0.499637156725,0.809733867645,0.206999629736,-0.734795212746,0.364240705967,0.533437848091
-0.518232047558,-0.498758465052,0.809688508511,0.214471384883,-0.725848853588,0.363587290049,0.543092906475
-0.520423650742,-0.497716486454,0.809796452522,0.22392462194,-0.718298077583,0.361980497837,0.55034160614
-0.522629022598,-0.496426790953,0.809332489967,0.229636654258,-0.712023079395,0.364328235388,0.554576694965
-0.52545940876,-0.495459675789,0.809069752693,0.241599842906,-0.70146048069,0.36995151639,0.559212625027
-0.527068316936,-0.493680804968,0.808235108852,0.244798690081,-0.692222416401,0.37146577239,0.56825619936
-0.528814315796,-0.492410540581,0.808185636997,0.250439912081,-0.690119564533,0.369757115841,0.569468736649
-0.531719326973,-0.491053909063,0.807660222054,0.260295838118,-0.681358098984,0.376639336348,0.571086764336
-0.533226490021,-0.489472150803,0.80724811554,0.267354756594,-0.673167407513,0.377452254295,0.57697224617
-0.535546839237,-0.488105177879,0.807100057602,0.274073451757,-0.669220745564,0.378199636936,0.577920734882
-0.537598669529,-0.486593931913,0.806747317314,0.28158313036,-0.662668704987,0.38126578927,0.579842686653
-0.539760768414,-0.485024362803,0.806556999683,0.289425134659,-0.656824588776,0.383416265249,0.581211388111
-0.542175531387,-0.483522474766,0.806077718735,0.296824783087,-0.650578260422,0.38872218132,0.580980360508
-0.54329264164,-0.481955975294,0.806232571602,0.303180068731,-0.646948516369,0.386221170425,0.583414793015
-0.545188069344,-0.480418205261,0.805852413177,0.308598130941,-0.642747581005,0.389464020729,0.583061277866
-0.546881616116,-0.47880795598,0.805644989014,0.314202070236,-0.639357924461,0.389119684696,0.584024488926
-0.548376202583,-0.477303057909,0.805627286434,0.319411963224,-0.636663794518,0.388431936502,0.584599077702
-0.549977421761,-0.476354688406,0.806079030037,0.321220785379,-0.644059300423,0.38195720315,0.579753100872
-0.550857543945,-0.474475264549,0.805740475655,0.327176958323,-0.634896695614,0.385700851679,0.584034621716
-0.552572727203,-0.473317265511,0.80595600605,0.334523677826,-0.63138628006,0.386160761118,0.583373963833
-0.553932368755,-0.472791671753,0.80673456192,0.336812257767,-0.6392608881,0.379987567663,0.577505528927
-0.554277062416,-0.470814347267,0.806324720383,0.337092846632,-0.634230971336,0.382556319237,0.581180036068
-0.554653823376,-0.4697958529,0.806547939777,0.338545262814,-0.636521697044,0.378272712231,0.580635011196
-0.55504399538,-0.468625366688,0.806726574898,0.338351756334,-0.638419210911,0.375247001648,0.580628097057
-0.555314123631,-0.467704206705,0.806947588921,0.336116850376,-0.641430974007,0.372661858797,0.580271542072
-0.555325806141,-0.466759055853,0.807432889938,0.335001111031,-0.643144786358,0.371033400297,0.580063343048
-0.555249154568,-0.466060400009,0.8078545928,0.332510650158,-0.646568596363,0.368583321571,0.579251468182
-0.555099189281,-0.4654058218,0.808287978172,0.329509705305,-0.64986628294,0.366477251053,0.578611910343
-0.554782271385,-0.46471491456,0.808768749237,0.325186133385,-0.651958525181,0.366223752499,0.578864753246
-0.554212510586,-0.464316755533,0.809181749821,0.321101814508,-0.655383884907,0.364406049252,0.57842373848
-0.553522229195,-0.463995188475,0.809781312943,0.316272556782,-0.659503936768,0.362378805876,0.577674567699
-0.552686274052,-0.463716208935,0.810149669647,0.310130238533,-0.664732992649,0.359235018492,0.576974511147
-0.55165630579,-0.46357268095,0.810708224773,0.304222285748,-0.668962001801,0.356824874878,0.576727569103
-0.550417721272,-0.46362477541,0.811396718025,0.297888189554,-0.674161970615,0.353387862444,0.576095044613
-0.549535512924,-0.463750720024,0.811834931374,0.290667802095,-0.679136157036,0.351662158966,0.574995875359
-0.548346757889,-0.463937908411,0.812342166901,0.282069355249,-0.686163425446,0.346506118774,0.574064731598
-0.546837210655,-0.464342147112,0.81307387352,0.272601634264,-0.693090319633,0.339981615543,0.574218392372
-0.54552924633,-0.464793235064,0.813606739044,0.262186467648,-0.700645208359,0.334899812937,0.572884559631
-0.543771922588,-0.465423464775,0.81436342001,0.252875626087,-0.707022488117,0.329711586237,0.572244346142
-0.541892647743,-0.465981453657,0.814975380898,0.24060754478,-0.714803099632,0.323500394821,0.57141238451
-0.540095388889,-0.466705828905,0.815624952316,0.230655163527,-0.72147667408,0.319033950567,0.569637596607
-0.538426697254,-0.467506915331,0.816317439079,0.220915347338,-0.727492630482,0.31608876586,0.567484617233
-0.537067949772,-0.46836233139,0.816712975502,0.216639041901,-0.727200806141,0.321306765079,0.566576123238
-0.535413444042,-0.469463050365,0.817688345909,0.208364844322,-0.733009755611,0.320756882429,0.562490820885
-0.531683981419,-0.469994693995,0.818083286285,0.18708409369,-0.742156207561,0.31241697073,0.562671601772
-0.528961479664,-0.470774650574,0.818323493004,0.181601643562,-0.740390539169,0.316588789225,0.564459383488
-0.527059018612,-0.472225040197,0.819636046886,0.172770440578,-0.751097381115,0.313145011663,0.554926395416
-0.524175167084,-0.473104536533,0.819779515266,0.170005857944,-0.748180687428,0.319016247988,0.556374251842
-0.521669089794,-0.47440302372,0.820478975773,0.165149405599,-0.753300309181,0.319974452257,0.550346136093
-0.519534826279,-0.475957870483,0.82168674469,0.159164264798,-0.764564812183,0.31725564599,0.538011431694
-0.517075061798,-0.477270573378,0.822400093079,0.156991288066,-0.768870770931,0.319088816643,0.531388580799
-0.514414012432,-0.478514969349,0.822940766811,0.154981285334,-0.77330994606,0.320354282856,0.524734079838
-0.511729419231,-0.479742825031,0.823559463024,0.15337869525,-0.778507351875,0.321029096842,0.517050921917
-0.509002268314,-0.480906277895,0.824093639851,0.152039304376,-0.781787693501,0.322006314993,0.511863410473
-0.506315290928,-0.481948465109,0.824558854103,0.15325781703,-0.787796258926,0.322496563196,0.50188177824
-0.503500580788,-0.483006596565,0.824936628342,0.151406437159,-0.790036261082,0.324593424797,0.497552007437
-0.500738143921,-0.483997762203,0.825300693512,0.151985988021,-0.794274508953,0.325757980347,0.48980614543
-0.497892171144,-0.485032945871,0.825574398041,0.154242441058,-0.7980915308,0.32849752903,0.48098731041
-0.495011508465,-0.486031889915,0.825685203075,0.155885085464,-0.800844371319,0.330707937479,0.474321067333
-0.49210074544,-0.486997008324,0.825862407684,0.156068071723,-0.803830623627,0.333096623421,0.467488855124
-0.489268600941,-0.487947911024,0.825947523117,0.158288255334,-0.805593252182,0.334652334452,0.462571293116
-0.486445575953,-0.488880366087,0.826094329357,0.160119563341,-0.807661354542,0.336686730385,0.456822782755
-0.483468413353,-0.489665001631,0.825924158096,0.160638749599,-0.809717595577,0.339777946472,0.450670212507
-0.480471819639,-0.490427345037,0.825790762901,0.161340475082,-0.811407208443,0.342389583588,0.445372879505
-0.477601677179,-0.491092294455,0.825625777245,0.162367969751,-0.813449263573,0.344060480595,0.439953893423
-0.474637508392,-0.491648107767,0.825350344181,0.163323432207,-0.814482569695,0.34597542882,0.436170458794
-0.471859067678,-0.492245972157,0.825226187706,0.164495840669,-0.816082000732,0.347585052252,0.431434869766
-0.469108551741,-0.492809534073,0.824983119965,0.16499298811,-0.816755831242,0.350717514753,0.427416026592
-0.466267198324,-0.493236541748,0.824472784996,0.164767801762,-0.816650092602,0.354055613279,0.424945920706
-0.463919371367,-0.493828415871,0.824608683586,0.16255800426,-0.816883742809,0.355318009853,0.424293398857
-0.461736798286,-0.494235515594,0.824211239815,0.159624099731,-0.815747737885,0.355696886778,0.427265226841
-0.460204213858,-0.494616270065,0.823841094971,0.158908188343,-0.815061032772,0.35384079814,0.430372416973
-0.459208637476,-0.495176225901,0.8232011199,0.158929258585,-0.813220560551,0.354897022247,0.4329687953
-0.458585441113,-0.495669811964,0.822432637215,0.159677952528,-0.811992287636,0.356236517429,0.433897584677
-0.458685606718,-0.496091097593,0.821509718895,0.160631090403,-0.812049746513,0.357732564211,0.432204097509
-0.458505421877,-0.496705949306,0.820740997791,0.160655125976,-0.813004791737,0.356756776571,0.431205153465
-0.457875370979,-0.497354030609,0.820356547832,0.16014444828,-0.81444466114,0.354118645191,0.430852323771
-0.457497805357,-0.497801721096,0.819961726665,0.159637883306,-0.814122796059,0.354743719101,0.431134164333
-0.457058608532,-0.498102933168,0.819774150848,0.159601926804,-0.814506053925,0.354819744825,0.43036031723
-0.456571131945,-0.498397916555,0.819701910019,0.158062651753,-0.815030872822,0.355160474777,0.429653286934
-0.456038802862,-0.498568713665,0.819791555405,0.157847747207,-0.814775288105,0.355000048876,0.430349200964
-0.455565273762,-0.498820632696,0.819893062115,0.157192289829,-0.815492153168,0.355114221573,0.429135292768
-0.455226361752,-0.499032378197,0.819944620132,0.156794086099,-0.815842568874,0.355427533388,0.428354889154
-0.455020546913,-0.499209880829,0.819988489151,0.156630843878,-0.816154122353,0.355793118477,0.427516698837
-0.454863935709,-0.499411195517,0.820058763027,0.156322613358,-0.816807627678,0.356922537088,0.425435036421
-0.45470392704,-0.499641895294,0.82019507885,0.15592969954,-0.816925764084,0.3580288589,0.424421370029
-0.454487353563,-0.499929338694,0.820388257504,0.154598399997,-0.817125678062,0.359584242105,0.423207074404
-0.454170018435,-0.500209927559,0.82074534893,0.153420999646,-0.817879915237,0.360691934824,0.421231478453
-0.453804016113,-0.500424563885,0.821110248566,0.152051195502,-0.818630754948,0.361455321312,0.419611960649
-0.453474909067,-0.500616788864,0.821530640125,0.150347530842,-0.819419801235,0.362418889999,0.417851179838
-0.453018844128,-0.500761210918,0.822334885597,0.148530960083,-0.821389615536,0.362440377474,0.414602041245
-0.452953130007,-0.500800609589,0.822679400444,0.14770758152,-0.821298539639,0.363941133022,0.41376081109
-0.452591449022,-0.500967025757,0.823343157768,0.146528288722,-0.821778178215,0.364944458008,0.412341862917
-0.452354133129,-0.501177728176,0.824069023132,0.146036282182,-0.822730600834,0.365675330162,0.409962713718
-0.452375680208,-0.501158237457,0.824694156647,0.145596280694,-0.821777284145,0.369884848595,0.408251315355
-0.451792478561,-0.501702010632,0.825808644295,0.145614311099,-0.822930157185,0.369168162346,0.406567722559
-0.451334267855,-0.502006351948,0.826580166817,0.145465582609,-0.822279572487,0.372096538544,0.405265957117
-0.450900644064,-0.502417862415,0.827416479588,0.145635336637,-0.822277963161,0.374027520418,0.403426229954
-0.450412899256,-0.502801954746,0.82833135128,0.145576387644,-0.821722090244,0.376957088709,0.401850342751
-0.449952691793,-0.503108918667,0.829267799854,0.146260872483,-0.8209400177,0.378911137581,0.401362210512
-0.449538886547,-0.503488004208,0.830316007137,0.147059723735,-0.821106851101,0.38050788641,0.399212539196
-0.449310511351,-0.50372004509,0.830912709236,0.147417739034,-0.819163918495,0.386035591364,0.397762686014
-0.448449075222,-0.504260897636,0.832226037979,0.146571204066,-0.820151388645,0.384930670261,0.397110879421
-0.448694556952,-0.504607260227,0.832555294037,0.14831726253,-0.815866708755,0.395753800869,0.394642233849
-0.447211623192,-0.50515216589,0.834224522114,0.147247001529,-0.818656802177,0.390794098377,0.394207268953
-0.447498440742,-0.50548106432,0.834696769714,0.149736166,-0.814134716988,0.401193141937,0.392183303833
-0.446027100086,-0.505938470364,0.836620390415,0.148738324642,-0.81741720438,0.395059943199,0.391961425543
-0.446068793535,-0.506304264069,0.837071120739,0.150499910116,-0.812841773033,0.405869483948,0.389754027128
-0.44527438283,-0.506730020046,0.838259339333,0.15100581944,-0.812258124352,0.408601522446,0.387915998697
-0.443671345711,-0.507120549679,0.840118587017,0.148614913225,-0.815053343773,0.403897464275,0.387902766466
-0.443694025278,-0.507344722748,0.840656340122,0.149329051375,-0.811864733696,0.413163363934,0.384542047977
-0.442925900221,-0.507762908936,0.841997146606,0.151136383414,-0.810511827469,0.41561588645,0.384046822786
-0.441373646259,-0.508130729198,0.843574047089,0.149163976312,-0.812595188618,0.413545906544,0.382647126913
-0.441151440144,-0.508273005486,0.844572484493,0.151257842779,-0.809955596924,0.41983127594,0.380571693182
-0.44030585885,-0.508400380611,0.845462560654,0.150517553091,-0.809432864189,0.423941344023,0.377407848835
-0.438333213329,-0.508846759796,0.847697496414,0.150899380445,-0.813058316708,0.416987866163,0.377209126949
-0.43749755621,-0.509034335613,0.848852276802,0.151620700955,-0.812469542027,0.420428067446,0.37435901165
-0.437236249447,-0.50893253088,0.849607765675,0.152896031737,-0.809731066227,0.42864343524,0.370436698198
-0.436055988073,-0.508976519108,0.851029753685,0.153623566031,-0.809847414494,0.430077135563,0.368212789297
-0.434837341309,-0.508898377419,0.852513074875,0.153516873717,-0.810833334923,0.431158721447,0.364806950092
-0.433581471443,-0.508667767048,0.853920042515,0.153917551041,-0.811145663261,0.43303874135,0.36170360446
-0.432220906019,-0.508475184441,0.855577349663,0.154870182276,-0.810969173908,0.434807509184,0.359564691782
-0.43081715703,-0.508504271507,0.857362985611,0.147654205561,-0.808791875839,0.441601604223,0.359224170446
-0.429296255112,-0.508198320866,0.858935832977,0.146874412894,-0.808554291725,0.444380998611,0.356641888618
-0.426887959242,-0.508027076721,0.861382901669,0.14916652441,-0.811937212944,0.438304841518,0.355522304773
-0.426194101572,-0.507482409477,0.862105727196,0.149503841996,-0.8097833395,0.446751236916,0.349732577801
-0.42435285449,-0.507009923458,0.863967657089,0.150695353746,-0.811283171177,0.446430116892,0.346136778593
-0.422801077366,-0.506152510643,0.865125834942,0.158859372139,-0.813398957253,0.444957137108,0.339350908995
-0.420531630516,-0.505740582943,0.867635548115,0.160746827722,-0.814804434776,0.441701442003,0.339343726635
-0.418247997761,-0.505001664162,0.868912994862,0.158493876457,-0.816367328167,0.444029659033,0.333559215069
-0.41624468565,-0.504161119461,0.870886206627,0.159498378634,-0.81711769104,0.443206638098,0.332335501909
-0.414988160133,-0.503062665462,0.871575772762,0.159098491073,-0.814890801907,0.451953440905,0.326157748699
-0.412022322416,-0.50236415863,0.874097168446,0.158790200949,-0.818754315376,0.445929288864,0.324921607971
-0.410035580397,-0.501458764076,0.875805616379,0.1608979702,-0.817556142807,0.449742168188,0.321630179882
-0.408289045095,-0.500189721584,0.876537680626,0.159160807729,-0.816859066486,0.45671787858,0.314353406429
-0.40580445528,-0.499179959297,0.87822163105,0.159941121936,-0.816763281822,0.458362698555,0.31180152297
-0.402534455061,-0.498210012913,0.880975008011,0.161928653717,-0.819650709629,0.452901422977,0.311178863049
-0.400104254484,-0.497109174728,0.882714807987,0.163085773587,-0.820550620556,0.454091310501,0.306432366371
-0.397950649261,-0.495767116547,0.883816301823,0.161644518375,-0.818483531475,0.461829602718,0.301113307476
-0.39458155632,-0.494685292244,0.886148810387,0.162126034498,-0.820946395397,0.458743005991,0.298859447241
-0.392467319965,-0.493455022573,0.887392163277,0.163985148072,-0.818761110306,0.465949624777,0.292626053095
-0.388749361038,-0.492079049349,0.889644503593,0.162861555815,-0.822113335133,0.461952328682,0.290182441473
-0.386605620384,-0.490790247917,0.890965223312,0.165545895696,-0.819205641747,0.469489991665,0.28473803401
-0.382752776146,-0.489325553179,0.893854618073,0.165997311473,-0.822586774826,0.463606953621,0.284367024899
-0.379890263081,-0.487990766764,0.895633637905,0.167341545224,-0.82158023119,0.467565715313,0.279973238707
-0.37651103735,-0.486565381289,0.897623956203,0.167261302471,-0.822592437267,0.468330681324,0.27573877573
-0.373226642609,-0.485116571188,0.899507045746,0.166928857565,-0.822513580322,0.470810949802,0.271924883127
-0.37086814642,-0.483814060688,0.90044426918,0.169251650572,-0.8169516325,0.482817560434,0.266141265631
-0.367457568645,-0.482275515795,0.90235298872,0.169717311859,-0.816480517387,0.485635340214,0.262133568525
-0.363781869411,-0.480603337288,0.903725504875,0.171016052365,-0.81185400486,0.49293550849,0.262032955885
-0.360716879368,-0.479403883219,0.906190991402,0.172122806311,-0.814144313335,0.492131769657,0.255634784698
-0.356108903885,-0.477308899164,0.909203112125,0.166769519448,-0.819674670696,0.484924763441,0.255283206701
-0.352537691593,-0.475660324097,0.911264657974,0.17070800066,-0.819817900658,0.485809624195,0.250492185354
-0.349104642868,-0.473957508802,0.913444757462,0.172224730253,-0.819341182709,0.487717658281,0.247285857797
-0.345463812351,-0.472294002771,0.915370941162,0.172605261207,-0.819169282913,0.490017801523,0.243005558848
-0.341656863689,-0.470396995544,0.917435407639,0.172463431954,-0.819325506687,0.49115896225,0.240260452032
-0.338882684708,-0.468650341034,0.918071210384,0.17162053287,-0.813947856426,0.503418982029,0.233676403761
-0.33503061533,-0.466655373573,0.91978085041,0.171302348375,-0.812062740326,0.507446110249,0.231750130653
-0.330347836018,-0.464392274618,0.923043131828,0.17428791523,-0.814066648483,0.501163005829,0.236125051975
-0.327865809202,-0.46269017458,0.923843860626,0.169706895947,-0.812050759792,0.51033449173,0.226565420628
-0.324121534824,-0.46073153615,0.925634086132,0.173627346754,-0.8122356534,0.510616183281,0.222256094217
-0.32041361928,-0.458690226078,0.927481174469,0.174967855215,-0.811782896519,0.512342333794,0.218861609697
-0.316220730543,-0.456166744232,0.928892374039,0.174529954791,-0.807804703712,0.517784237862,0.221112146974
-0.312553524971,-0.453945428133,0.930613517761,0.174856424332,-0.807199478149,0.519703447819,0.218546807766
-0.309551239014,-0.452278077602,0.932903528214,0.176809489727,-0.812807798386,0.514808058739,0.207496613264
-0.305646032095,-0.449777960777,0.934553980827,0.176897183061,-0.809744000435,0.519326508045,0.208139672875
-0.301499783993,-0.446969211102,0.935745596886,0.17665232718,-0.80640566349,0.524167716503,0.209169775248
-0.297836661339,-0.444510340691,0.937328219414,0.177522197366,-0.805510401726,0.526087224483,0.207053795457
-0.294308125973,-0.442090272903,0.938919067383,0.174860164523,-0.804638922215,0.528587579727,0.206337869167
-0.291327446699,-0.440689980984,0.941361308098,0.176551148295,-0.813931107521,0.5194850564,0.191000908613
-0.287762224674,-0.438049703836,0.942750453949,0.177677765489,-0.813639104366,0.520542323589,0.188302829862
-0.284148037434,-0.435414105654,0.944152414799,0.178116545081,-0.813950538635,0.520491957664,0.186674103141
-0.28055742383,-0.432848185301,0.945417404175,0.182369977236,-0.813961744308,0.520414233208,0.182692870498
-0.277226746082,-0.430293887854,0.946747720242,0.180751502514,-0.813457608223,0.522263050079,0.181265249848
-0.273779094219,-0.427656948566,0.948021411896,0.181931003928,-0.813431322575,0.522618234158,0.179166764021
-0.270370066166,-0.425052344799,0.949210226536,0.183462202549,-0.813578486443,0.52268332243,0.17673099041
-0.267027705908,-0.42232632637,0.950333178043,0.184406518936,-0.81371062994,0.522989690304,0.174215629697
-0.263724505901,-0.419724047184,0.951410531998,0.185773894191,-0.8134085536,0.523878753185,0.171481192112
-0.260422885418,-0.416981071234,0.952575564384,0.186289802194,-0.814181447029,0.523090958595,0.169648528099
-0.253160536289,-0.405876755714,0.962046146393,0.162019222975,-0.873206734657,0.422790527344,0.18029974401
-0.25491386652,-0.411663532257,0.96415835619,0.223822623491,-0.828145980835,0.477310299873,0.190401166677
-0.254450559616,-0.41368111968,0.958828926086,0.236156716943,-0.786027491093,0.542530536652,0.179029271007
-0.250406235456,-0.409046143293,0.960362911224,0.232023313642,-0.799383282661,0.525582671165,0.175825342536
-0.246868520975,-0.405078887939,0.961901068687,0.227260380983,-0.807426631451,0.515637278557,0.174737811089
-0.243269845843,-0.401357799768,0.963271677494,0.223699957132,-0.813642084599,0.508460223675,0.171502590179
-0.239776551723,-0.397760808468,0.964357554913,0.219555720687,-0.817202091217,0.504779219627,0.170804068446
-0.236441537738,-0.394301086664,0.964891135693,0.213737353683,-0.815457463264,0.509277641773,0.173152714968
-0.232865467668,-0.39023822546,0.966500878334,0.207394048572,-0.824388861656,0.497758060694,0.172068968415
-0.22889354825,-0.388783931732,0.966609835625,0.194895938039,-0.826820254326,0.503740549088,0.156937792897
-0.225634038448,-0.385280489922,0.967400312424,0.193221583962,-0.823945701122,0.507791161537,0.161019086838
-0.222738355398,-0.382165044546,0.967407107353,0.188061237335,-0.824518799782,0.510648965836,0.155046135187
-0.219877034426,-0.379507899284,0.968733668327,0.189242720604,-0.826020658016,0.50859940052,0.152327731252
-0.217327341437,-0.376892924309,0.969854950905,0.196371674538,-0.825995147228,0.5064650774,0.150543138385
-0.214817747474,-0.374534457922,0.971379995346,0.19646243751,-0.829809010029,0.501793026924,0.144994184375
-0.212173879147,-0.372797191143,0.974057078362,0.199410632253,-0.829523384571,0.501029849052,0.145243227482
-0.209041550756,-0.368904709816,0.973876953125,0.196091592312,-0.827763438225,0.50521838665,0.145293608308
-0.206858947873,-0.366864681244,0.976028561592,0.205321967602,-0.827535688877,0.501389980316,0.147090420127
-0.203997716308,-0.363881886005,0.976375639439,0.193710878491,-0.827941596508,0.506539642811,0.142851248384
-0.202009484172,-0.362034231424,0.978460788727,0.207905843854,-0.828850626945,0.499764859676,0.141480848193
-0.199364602566,-0.35916185379,0.979448437691,0.207854628563,-0.826264441013,0.503770947456,0.142473131418
-0.197358578444,-0.357354849577,0.98089993,0.214603915811,-0.829899668694,0.497681081295,0.132383182645
-0.194432899356,-0.353509992361,0.980843007565,0.206690207124,-0.828809559345,0.502862513065,0.132224544883
-0.192243561149,-0.35118252039,0.982040345669,0.208343952894,-0.827896177769,0.504060089588,0.13078352809
-0.189961910248,-0.348819881678,0.983482480049,0.208399549127,-0.830593287945,0.500483989716,0.127280458808
-0.187650710344,-0.346584439278,0.984781622887,0.208489343524,-0.83039945364,0.501393377781,0.124794706702
-0.185549855232,-0.344952225685,0.986687064171,0.216595113277,-0.825943529606,0.504520595074,0.12791697681
-0.183461606503,-0.342122942209,0.987843036652,0.2176425457,-0.827214241028,0.501627027988,0.12930123508
-0.181761950254,-0.340524554253,0.989233970642,0.216289207339,-0.830366194248,0.4983907938,0.123764209449
-0.179335609078,-0.337221473455,0.989183783531,0.202669486403,-0.828003227711,0.50732666254,0.126315191388
-0.177624046803,-0.334962010384,0.990143477917,0.214017063379,-0.828416585922,0.503521263599,0.119954027236
-0.175957962871,-0.332992076874,0.991188943386,0.214557409286,-0.82888931036,0.503039836884,0.117722645402
-0.174441859126,-0.332279354334,0.993131160736,0.218550413847,-0.827137351036,0.504407167435,0.116845309734
-0.172544836998,-0.324608147144,0.998249471188,0.21148738265,-0.855581879616,0.453434228897,0.13285407424
-0.17135964334,-0.32805120945,0.994784891605,0.218872115016,-0.824923336506,0.507254242897,0.119539283216
-0.170157596469,-0.325911462307,0.995238125324,0.222913697362,-0.823169767857,0.508011102676,0.12093744427
-0.169078946114,-0.324462115765,0.996036589146,0.223447278142,-0.825222849846,0.504940807819,0.118799887598
-0.167561605573,-0.32234621048,0.995981097221,0.213610142469,-0.830353677273,0.502076983452,0.113146536052
-0.167081266642,-0.322035193443,0.997133433819,0.224587276578,-0.827370405197,0.50174754858,0.115187391639
-0.165170654655,-0.320586264133,0.997916162014,0.221922844648,-0.827361345291,0.50244230032,0.117368750274
-0.163860455155,-0.318903058767,0.998408138752,0.222017109394,-0.827987730503,0.500616908073,0.120530366898
-0.163069620728,-0.31834602356,0.998783707619,0.224710300565,-0.829033076763,0.498575806618,0.116754241288
-0.161886975169,-0.317029505968,0.999314308167,0.224713414907,-0.829784333706,0.497523993254,0.115895830095
-0.160890713334,-0.315792500973,0.999981582165,0.224595576525,-0.831536233425,0.494894713163,0.114819563925
-0.160173982382,-0.312888145447,0.999022483826,0.219735577703,-0.828860998154,0.500663876534,0.118497058749
-0.159108996391,-0.311577826738,0.9997356534,0.219395563006,-0.829231202602,0.500442922115,0.117465682328
-0.157989874482,-0.310163795948,1.00026595592,0.218355789781,-0.828637480736,0.501494646072,0.119095608592
-0.157304629683,-0.309927761555,1.00119388103,0.227333664894,-0.823155939579,0.505941271782,0.121479868889
-0.156141877174,-0.308464854956,1.00148332119,0.226716756821,-0.82265406847,0.506771504879,0.122565962374
-0.15535479784,-0.307527691126,1.00182902813,0.228262916207,-0.822625398636,0.506424665451,0.121316939592
-0.154036939144,-0.305280387402,1.00156962872,0.216159433126,-0.825910210609,0.506453871727,0.121044777334
-0.153134867549,-0.304855406284,1.00251507759,0.222920268774,-0.82482779026,0.504752099514,0.123252607882
-0.152271151543,-0.303709059954,1.00231909752,0.226761505008,-0.821249604225,0.508579611778,0.124399639666
-0.15151296556,-0.302200227976,1.00252103806,0.228737875819,-0.822951436043,0.504497528076,0.126143604517
-0.151120305061,-0.296638727188,1.00791180134,0.224324166775,-0.853599190712,0.448747217655,0.140260562301
-0.149828031659,-0.299945533276,1.00245499611,0.229063346982,-0.822316408157,0.505319535732,0.126404538751
-0.148965030909,-0.299203842878,1.00262010098,0.226514860988,-0.820918142796,0.508530974388,0.127203628421
-0.148206740618,-0.298053592443,1.00306797028,0.226547449827,-0.824141740799,0.503399908543,0.126709461212
-0.147300183773,-0.297029048204,1.00313174725,0.230107501149,-0.820958793163,0.506459653378,0.128747135401
-0.146539956331,-0.295630902052,1.00305902958,0.225859239697,-0.823019385338,0.5047057271,0.129996463656
-0.146148130298,-0.294653743505,1.00291478634,0.231607556343,-0.821640193462,0.504304111004,0.130164176226
-0.145397260785,-0.293643534184,1.0032889843,0.231378734112,-0.824404418468,0.500259041786,0.12869425118
-0.144763737917,-0.292802006006,1.00324630737,0.232224181294,-0.821948051453,0.503607451916,0.129818767309
-0.143878698349,-0.292042762041,1.00298237801,0.227545112371,-0.820457577705,0.508058190346,0.13019014895
-0.143413498998,-0.291067361832,1.00313150883,0.231836721301,-0.822580695152,0.50300347805,0.128842309117
-0.142582520843,-0.290350526571,1.00319242477,0.231132566929,-0.820150196552,0.506910204887,0.130282223225
-0.142086237669,-0.289097219706,1.00333583355,0.232284814119,-0.822199821472,0.502713322639,0.131570190191
-0.141576379538,-0.288349688053,1.00301134586,0.233304575086,-0.820139467716,0.50546681881,0.132074549794
-0.140913575888,-0.287864953279,1.00316178799,0.231275767088,-0.821043133736,0.505685091019,0.129160255194
-0.140331953764,-0.286527454853,1.00331306458,0.232576191425,-0.822021782398,0.502763152122,0.131975993514
-0.139912515879,-0.285831153393,1.003064394,0.233681827784,-0.819755673409,0.505668520927,0.13301435113
-0.139426186681,-0.285292446613,1.00288236141,0.234872758389,-0.818555414677,0.507208287716,0.132444933057
-0.138724982738,-0.284418106079,1.0028706789,0.234195128083,-0.819033622742,0.506642758846,0.132852330804
-0.138269335032,-0.283827900887,1.00276648998,0.234612315893,-0.81821089983,0.507961630821,0.132147580385
-0.137913376093,-0.283252686262,1.00265359879,0.235885411501,-0.816798508167,0.509700536728,0.131923437119
-0.137468218803,-0.282447844744,1.0023676157,0.235770374537,-0.815525174141,0.511594712734,0.132672265172
-0.13654923439,-0.28185069561,1.00270175934,0.233146473765,-0.816778719425,0.511366844177,0.130458563566
-0.136687800288,-0.280883550644,1.00232112408,0.235531881452,-0.816056311131,0.511084735394,0.131792113185
-0.13643604517,-0.280336767435,1.00219094753,0.236747816205,-0.814973175526,0.512079179287,0.132454887033
-0.136174276471,-0.27973279357,1.00193953514,0.237328186631,-0.813689887524,0.513656198978,0.133197039366
-0.135891780257,-0.279260396957,1.00194180012,0.23737539351,-0.814475536346,0.512529432774,0.13265055418
-0.135518237948,-0.278568327427,1.00205135345,0.236523121595,-0.81641715765,0.509569108486,0.13363827765
-0.135257601738,-0.278288066387,1.00199258327,0.236758008599,-0.816276729107,0.509631037712,0.133844032884
-0.135016918182,-0.278049618006,1.00195550919,0.23722140491,-0.816180229187,0.509483039379,0.134175240993
-0.134744256735,-0.277757674456,1.00183486938,0.236182972789,-0.81652712822,0.509381055832,0.134282872081
-0.13449819386,-0.277552902699,1.00170314312,0.235949277878,-0.81577038765,0.510449290276,0.1352340132
-0.13390609622,-0.277391433716,1.00222218037,0.230530619621,-0.820038259029,0.506354749203,0.13415594399
-0.133756622672,-0.277380943298,1.00193870068,0.234772145748,-0.818664908409,0.506784558296,0.133564472198
-0.133413434029,-0.277358025312,1.00194215775,0.235538378358,-0.81817984581,0.507393121719,0.132874786854
-0.132759779692,-0.277335762978,1.00214827061,0.231235817075,-0.816509127617,0.511646091938,0.134392172098
-0.132506594062,-0.276915788651,1.0023059845,0.235227718949,-0.817097961903,0.509055435658,0.133722215891
-0.131884604692,-0.276430845261,1.00275373459,0.233497962356,-0.818543970585,0.507385075092,0.134256735444
-0.131418839097,-0.276487231255,1.00293302536,0.23460534215,-0.816217184067,0.510930716991,0.133040264249
-0.130596086383,-0.276402890682,1.0035276413,0.23257355392,-0.815195798874,0.513944327831,0.131250545382
-0.130103170872,-0.275726854801,1.00415015221,0.232895761728,-0.816476643085,0.511738598347,0.131335392594
-0.129524618387,-0.275598108768,1.00478410721,0.233612671494,-0.815507292747,0.513977348804,0.127280414104
-0.128582373261,-0.275153189898,1.00548255444,0.231481388211,-0.815154373646,0.515943467617,0.125467270613
-0.127571970224,-0.274905979633,1.00629031658,0.228778555989,-0.812211692333,0.521941840649,0.124696537852
-0.126859530807,-0.274220585823,1.00748884678,0.230846509337,-0.812437653542,0.520928502083,0.123647771776
-0.125881046057,-0.274405956268,1.00835704803,0.226331219077,-0.810230851173,0.527047991753,0.120501473546
-0.125053152442,-0.273706495762,1.00936973095,0.229980021715,-0.810500085354,0.525774896145,0.117300994694
-0.12367939949,-0.273570030928,1.01040256023,0.228030011058,-0.807537674904,0.53145211935,0.115947470069
-0.122738987207,-0.273459553719,1.01154816151,0.229250952601,-0.805870652199,0.534166455269,0.112618073821
-0.121520102024,-0.273325443268,1.01258981228,0.230121746659,-0.803817331791,0.537524104118,0.109496347606
-0.12033867836,-0.273011863232,1.01390385628,0.230901584029,-0.805544674397,0.535607755184,0.104434996843
-0.119188606739,-0.273317456245,1.01481115818,0.233278006315,-0.801573336124,0.541481137276,0.0992963388562
-0.117758020759,-0.272950768471,1.01578509808,0.233958050609,-0.799353301525,0.544842779636,0.0971823856235
-0.11636517942,-0.272924780846,1.01724076271,0.236190468073,-0.799753665924,0.544170975685,0.0921206995845
-0.115239217877,-0.273648709059,1.01799106598,0.240329965949,-0.795880436897,0.548980593681,0.0862337052822
-0.113863781095,-0.273830980062,1.01912117004,0.243206515908,-0.794929206371,0.549865007401,0.0811587274075
-0.112531393766,-0.273611307144,1.02045035362,0.244902297854,-0.796834290028,0.547006547451,0.0765624344349
-0.111265823245,-0.274104833603,1.02120292187,0.248989447951,-0.791826725006,0.553073167801,0.0715888887644
-0.109975025058,-0.273849725723,1.02259409428,0.249572992325,-0.793463587761,0.550934135914,0.0678260326385
-0.108533710241,-0.274126529694,1.02386069298,0.255512714386,-0.792600274086,0.550347268581,0.0601328723133
-0.107321888208,-0.274587929249,1.02474570274,0.260600864887,-0.788782656193,0.55408257246,0.0538675822318
-0.10613912344,-0.275432556868,1.02575135231,0.266262918711,-0.783972144127,0.558928072453,0.0457295700908
-0.104829907417,-0.2758692801,1.02715229988,0.271886616945,-0.783299684525,0.55775821209,0.0377527177334
-0.10352730751,-0.276065826416,1.02858424187,0.276622980833,-0.781874120235,0.557809829712,0.031635761261
-0.102151617408,-0.276111394167,1.02993047237,0.28068870306,-0.779524564743,0.559336662292,0.0264151226729
-0.100819423795,-0.276235073805,1.03123605251,0.285070598125,-0.776905655861,0.560990393162,0.0210260972381
-0.0993098169565,-0.27662140131,1.0328669548,0.28124755621,-0.776816308498,0.563140809536,0.0181308779866
-0.098228096962,-0.276590436697,1.03405714035,0.287093371153,-0.773735940456,0.564622223377,0.0105735072866
-0.0972148180008,-0.276969283819,1.03525698185,0.290748357773,-0.77210688591,0.565066576004,0.00402350910008
-0.0965488255024,-0.277619868517,1.03629910946,0.295808643103,-0.766371428967,0.570238769054,7.99625704531e-05
-0.0955516397953,-0.277578175068,1.03734648228,0.296525418758,-0.762967288494,0.574411690235,-0.00219384580851
-0.0947977900505,-0.277992278337,1.03849995136,0.296605706215,-0.761381030083,0.576463401318,-0.00374225340784
-0.0940759778023,-0.278008878231,1.03940403461,0.296959370375,-0.758667826653,0.579838454723,-0.00508902035654
-0.0937271565199,-0.278072655201,1.04021334648,0.300549447536,-0.755710542202,0.58180218935,-0.00882364343852
-0.0933186709881,-0.278399884701,1.04097390175,0.301415294409,-0.753474473953,0.584212660789,-0.0109850987792
-0.0930423140526,-0.279022663832,1.04187691212,0.303692549467,-0.752255856991,0.584535777569,-0.0141425924376
-0.0928985327482,-0.279360532761,1.04239952564,0.304666161537,-0.750661492348,0.586039304733,-0.0156184658408
-0.0922493934631,-0.27951669693,1.04199135303,0.299998193979,-0.747802853584,0.591979920864,-0.0187564007938
-0.0923991054296,-0.280129283667,1.04240381718,0.300965219736,-0.74599891901,0.593759179115,-0.0188581254333
-0.0925956964493,-0.280870765448,1.04268026352,0.301536917686,-0.744781076908,0.594957888126,-0.0200461223722
-0.0929681956768,-0.281774431467,1.04285871983,0.30276632309,-0.743828475475,0.595484554768,-0.0212150216103
-0.093472763896,-0.282594442368,1.04271483421,0.302945405245,-0.742344558239,0.597204864025,-0.0222489908338
-0.0940421372652,-0.283522695303,1.04259312153,0.303785383701,-0.740543365479,0.599009811878,-0.0222972296178
-0.0948252081871,-0.284403979778,1.0420268774,0.304582387209,-0.737763226032,0.602044463158,-0.0218528788537
-0.0956374704838,-0.285697758198,1.04180657864,0.304819405079,-0.737239837646,0.602527976036,-0.0228613652289
-0.0966716110706,-0.286984473467,1.04111027718,0.306254923344,-0.735212564468,0.604249238968,-0.023525333032
-0.0976273715496,-0.288191527128,1.0402559042,0.307138651609,-0.731169223785,0.608768165112,-0.0214221663773
-0.0988308787346,-0.289814352989,1.03939020634,0.307457447052,-0.731309056282,0.608376741409,-0.0231258552521
-0.100149199367,-0.291314601898,1.03824329376,0.308105915785,-0.729118049145,0.610680162907,-0.022968403995
-0.101614713669,-0.292788803577,1.03681969643,0.309247195721,-0.725515604019,0.614505767822,-0.0193919800222
-0.103263869882,-0.294703245163,1.03547716141,0.31181704998,-0.724800884724,0.614034414291,-0.0198887903243
-0.104980349541,-0.296361654997,1.03380227089,0.311972856522,-0.722116231918,0.617194950581,-0.0170754883438
-0.106768414378,-0.298353374004,1.03197407722,0.313468664885,-0.72055208683,0.618311703205,-0.0152629604563
-0.109468132257,-0.300148844719,1.02988386154,0.315550684929,-0.719311177731,0.618778884411,-0.0114906197414
-0.111225813627,-0.301970541477,1.02728557587,0.3143838346,-0.715303301811,0.62406039238,-0.00725049711764
-0.114198386669,-0.303869843483,1.02527952194,0.317644476891,-0.717339932919,0.620093286037,-0.00313594564795
-0.116511687636,-0.30540779233,1.02226901054,0.318123608828,-0.715384960175,0.622109413147,0.00123724527657
-0.11961722374,-0.307832241058,1.01948428154,0.318765521049,-0.713005304337,0.624480068684,0.00605973275378
-0.122728973627,-0.310060948133,1.01645076275,0.322725057602,-0.711490809917,0.62413007021,0.00955283641815
-0.126099944115,-0.312370926142,1.01308727264,0.32643276453,-0.708058834076,0.626002073288,0.0146944709122
-0.129454404116,-0.3145365417,1.00954020023,0.325243800879,-0.703630447388,0.631370723248,0.022178940475
-0.133108541369,-0.316910982132,1.00568270683,0.325377076864,-0.700114309788,0.635010838509,0.0270398724824
-0.137020543218,-0.319653391838,1.00218832493,0.32812833786,-0.698016703129,0.635716617107,0.0311257299036
-0.139689490199,-0.325352579355,1.00020182133,0.346512705088,-0.669483006001,0.65570127964,0.0421588383615
-0.143914490938,-0.328417956829,0.996181428432,0.347361028194,-0.663114190102,0.66131156683,0.0478222444654
-0.148006543517,-0.331408619881,0.99221777916,0.354342967272,-0.654544055462,0.665816903114,0.0519714131951
-0.152681589127,-0.334503471851,0.987841069698,0.356782913208,-0.647925615311,0.670628428459,0.0561784282327
-0.157624170184,-0.337865710258,0.983602285385,0.35951590538,-0.639863312244,0.676336407661,0.062389805913
-0.162671402097,-0.341122031212,0.979231655598,0.3636059165,-0.632779836655,0.680307865143,0.0675416216254
-0.169487923384,-0.346828788519,0.975045681,0.373187750578,-0.608612895012,0.696076452732,0.0761501938105
-0.174930557609,-0.351593106985,0.971165716648,0.381188720465,-0.591242313385,0.705730021,0.0841011554003
-0.180841490626,-0.358099460602,0.967101812363,0.392213821411,-0.563020467758,0.722106397152,0.0879698172212
-0.186685204506,-0.364129751921,0.963228940964,0.403640270233,-0.538658618927,0.733719944954,0.0926093459129
-0.19369751215,-0.356285840273,0.956270694733,0.369569689035,-0.629096627235,0.675035059452,0.109469249845
-0.200978174806,-0.360030144453,0.951915204525,0.372995108366,-0.631862580776,0.669091999531,0.118069112301
-0.208126530051,-0.3634557724,0.947860836983,0.376768112183,-0.627672076225,0.668321728706,0.131984040141
-0.215449303389,-0.367345035076,0.943896114826,0.380259394646,-0.625925540924,0.665837585926,0.142409026623
-0.223040610552,-0.370797038078,0.939515113831,0.379519253969,-0.627625465393,0.66202300787,0.154197841883
-0.230478391051,-0.374543130398,0.935341179371,0.381233394146,-0.627669632435,0.659361124039,0.161043077707
-0.238940119743,-0.378592282534,0.931473135948,0.381106674671,-0.625552415848,0.6580093503,0.174543946981
-0.246694654226,-0.382028192282,0.927170753479,0.380411058664,-0.627334177494,0.655225396156,0.180052891374
-0.25529551506,-0.385817140341,0.923519194126,0.380329161882,-0.62522393465,0.654357194901,0.190424367785
-0.263731271029,-0.389633923769,0.919678032398,0.377881646156,-0.623009264469,0.655480384827,0.198520824313
-0.273116648197,-0.393537759781,0.916407823563,0.37342813611,-0.617504775524,0.658681631088,0.213020950556
-0.282266050577,-0.397421628237,0.91313803196,0.371893912554,-0.612586259842,0.660797059536,0.223114803433
-0.290640950203,-0.400732576847,0.909656941891,0.371828228235,-0.613087058067,0.659643471241,0.225252494216
-0.299737691879,-0.404541790485,0.906568467617,0.369423091412,-0.609389781952,0.661482155323,0.233692482114
-0.309782743454,-0.409158855677,0.904123783112,0.366101801395,-0.613700568676,0.656414628029,0.241786882281
-0.318775057793,-0.412859082222,0.901465237141,0.370452672243,-0.61005538702,0.655682623386,0.24632807076
-0.327834367752,-0.415471166372,0.897863507271,0.364445149899,-0.592854321003,0.667971313,0.263662397861
-0.336921781301,-0.418232321739,0.894506216049,0.357174128294,-0.598659038544,0.664377510548,0.269511580467
-0.34706684947,-0.422145038843,0.892427146435,0.349864304066,-0.594337046146,0.666187047958,0.283819258213
-0.356608599424,-0.42540115118,0.88968449831,0.348012536764,-0.586477994919,0.669022977352,0.295532315969
-0.366260230541,-0.42866513133,0.887408137321,0.346672743559,-0.582043886185,0.669505417347,0.304639875889
-0.375715523958,-0.43198633194,0.885553240776,0.348416149616,-0.57704603672,0.667889237404,0.315512388945
-0.385626792908,-0.435679405928,0.884026527405,0.351913899183,-0.580531954765,0.660562932491,0.320618391037
-0.395033597946,-0.438588351011,0.882074713707,0.353302329779,-0.570998907089,0.661790072918,0.333424538374
-0.404513865709,-0.441522747278,0.879995703697,0.354949951172,-0.560038208961,0.663452804089,0.346696048975
-0.413745462894,-0.444368183613,0.878093183041,0.356156229973,-0.556463718414,0.660315871239,0.357048749924
-0.42305624485,-0.446849673986,0.87603187561,0.355861604214,-0.554430961609,0.656553268433,0.367296695709
-0.432200759649,-0.44990247488,0.874753117561,0.36121186614,-0.551661074162,0.650620758533,0.37668132782
-0.441304266453,-0.452257215977,0.872772872448,0.364181250334,-0.541194200516,0.650361061096,0.389244556427
-0.450355291367,-0.454962879419,0.871498405933,0.369037866592,-0.538584589958,0.644118309021,0.398558974266
-0.459354221821,-0.457596987486,0.869908690453,0.373209863901,-0.537878513336,0.637820541859,0.405692100525
-0.467664688826,-0.459417581558,0.867866933346,0.37725302577,-0.520243227482,0.639985203743,0.421243458986
-0.476149320602,-0.46161210537,0.866170763969,0.381943881512,-0.513768792152,0.635949194431,0.430963158607
-0.484407395124,-0.463966727257,0.865083575249,0.389095157385,-0.510146200657,0.629065930843,0.438898324966
-0.492545425892,-0.465837270021,0.863302588463,0.406088203192,-0.502190589905,0.621988415718,0.442749947309
-0.500287055969,-0.467556446791,0.861683130264,0.412409961224,-0.494762897491,0.616661429405,0.452610820532
-0.507044970989,-0.469260662794,0.860600352287,0.421129971743,-0.488504439592,0.608095467091,0.462853044271
-0.514722764492,-0.471032142639,0.859571874142,0.427877098322,-0.48534142971,0.601154208183,0.469018578529
-0.521591365337,-0.472352594137,0.858157873154,0.436591148376,-0.469939857721,0.597776472569,0.480841159821
-0.528425455093,-0.474748373032,0.858030378819,0.444144546986,-0.484941393137,0.579444348812,0.481468260288
-0.534978151321,-0.475852936506,0.856666743755,0.452396094799,-0.474092066288,0.57469689846,0.490202277899
-0.540777742863,-0.477077811956,0.85605430603,0.460275888443,-0.46752756834,0.567060947418,0.498001992702
-0.547187805176,-0.476921319962,0.852901637554,0.465585947037,-0.433516830206,0.576394975185,0.51289588213
-0.551604509354,-0.477732479572,0.853181242943,0.473893046379,-0.435244590044,0.563729345798,0.517877101898
-0.556731879711,-0.478371471167,0.852457165718,0.48094317317,-0.426770985126,0.558395087719,0.524171113968
-0.561561286449,-0.478758275509,0.851627707481,0.487908363342,-0.418794602156,0.553376317024,0.529463171959
-0.565880119801,-0.478858202696,0.850736498833,0.493481785059,-0.406913816929,0.551113307476,0.53588360548
-0.570363104343,-0.479097515345,0.850154399872,0.501721680164,-0.390155434608,0.553706884384,0.538017392159
-0.574195921421,-0.479365408421,0.850002408028,0.506579101086,-0.391783863306,0.545997977257,0.540156841278
-0.577518045902,-0.479261130095,0.84948694706,-0.510267496109,0.387963920832,-0.542431652546,-0.543027698994
-0.580420196056,-0.478914856911,0.848964214325,-0.513774931431,0.384121984243,-0.539621293545,-0.545247375965
-0.583102226257,-0.478385418653,0.848440885544,-0.514077723026,0.38453873992,-0.536821246147,-0.54742795229
-0.585030198097,-0.477434158325,0.84788620472,-0.516280531883,0.375147759914,-0.538068115711,-0.550637245178
-0.586886227131,-0.476769864559,0.847648024559,-0.514659404755,0.384226292372,-0.530978441238,-0.552772819996
-0.588597118855,-0.476227879524,0.84731066227,-0.515214860439,0.384874373674,-0.530373454094,-0.5523853302
-0.589708566666,-0.475291341543,0.846967458725,-0.514289557934,0.388638526201,-0.527899503708,-0.552981555462
-0.590637207031,-0.474150180817,0.846489548683,-0.511553108692,0.39241489768,-0.52737903595,-0.553349494934
-0.591011106968,-0.473309248686,0.84658241272,-0.506518185139,0.40236133337,-0.525256097317,-0.55285680294
-0.591155350208,-0.471829950809,0.845759630203,-0.503487467766,0.402493953705,-0.527125000954,-0.553749382496
-0.591006219387,-0.470512807369,0.845353901386,-0.501550793648,0.408538937569,-0.524851322174,-0.55323946476
-0.590452671051,-0.469142019749,0.844901204109,-0.498191028833,0.415550112724,-0.523636996746,-0.552202999592
-0.589438676834,-0.467794686556,0.84424495697,-0.495872855186,0.422852724791,-0.523418009281,-0.548943936825
-0.588077962399,-0.467129766941,0.845125973225,-0.489742487669,0.454328089952,-0.508698225021,-0.54310631752
-0.587044894695,-0.465793013573,0.84453523159,-0.488513797522,0.455528527498,-0.512591600418,-0.539534926414
-0.585065662861,-0.464310109615,0.844406187534,-0.485500067472,0.464160561562,-0.513444423676,-0.534059762955
-0.583275258541,-0.462652415037,0.84371638298,-0.484072268009,0.468587607145,-0.514322400093,-0.530634105206
-0.580971837044,-0.461017906666,0.843199849129,-0.481797754765,0.474308103323,-0.515797257423,-0.526171088219
-0.578722536564,-0.459190994501,0.842784881592,-0.478378027678,0.481604784727,-0.517095506191,-0.52136695385
-0.576100945473,-0.457610726357,0.842388153076,0.477613925934,-0.485492289066,0.51967394352,0.515869319439
-0.572841286659,-0.455773174763,0.841917693615,0.47576764226,-0.494581729174,0.518479406834,0.510110974312
-0.56983923912,-0.454643011093,0.842136502266,0.47818467021,-0.495073914528,0.522293925285,0.503438711166
-0.566670298576,-0.451358526945,0.840379834175,0.472519785166,-0.481713831425,0.537006139755,0.506262183189
-0.563533604145,-0.450726121664,0.841191768646,0.47064986825,-0.50673443079,0.527254343033,0.493671745062
-0.560277163982,-0.449027746916,0.840910196304,0.469585895538,-0.510063350201,0.52981030941,0.488492906094
-0.557325661182,-0.447522610426,0.840327978134,0.468848824501,-0.512165248394,0.535055816174,0.481230556965
-0.553496539593,-0.444934219122,0.839522004128,0.466290265322,-0.50192284584,0.546429753304,0.481727659702
-0.54984074831,-0.443060278893,0.838589906693,0.465903997421,-0.503600895405,0.549075365067,0.477321445942
-0.546706020832,-0.441471844912,0.838267445564,0.462679445744,-0.507870733738,0.552556335926,0.471886247396
-0.543084561825,-0.439960807562,0.838186740875,0.462259441614,-0.509797155857,0.555013954639,0.467314213514
-0.539688825607,-0.438505500555,0.837708592415,0.461955100298,-0.515533745289,0.555965721607,0.460135608912
-0.536331772804,-0.437087416649,0.837661445141,0.459483921528,-0.517121315002,0.560383379459,0.455445379019
-0.532716155052,-0.435773938894,0.837679505348,0.459840118885,-0.51864284277,0.562370717525,0.450883418322
-0.529378354549,-0.434417456388,0.837377429008,0.457560628653,-0.522193431854,0.565416157246,0.445260435343
-0.526099085808,-0.434205472469,0.838516354561,0.458078920841,-0.542895078659,0.555252790451,0.432577311993
-0.522654294968,-0.431923210621,0.837371706963,0.456330269575,-0.526453614235,0.570276141167,0.435194909573
-0.519205391407,-0.430804640055,0.837619185448,0.457628875971,-0.527011990547,0.572001099586,0.430869966745
-0.515868544579,-0.429747015238,0.837631106377,0.457525193691,-0.528531968594,0.574365377426,0.42594486475
-0.512903392315,-0.428684085608,0.837705671787,0.455099999905,-0.530765116215,0.578558266163,0.420050650835
-0.509830415249,-0.427770346403,0.838114738464,0.455929547548,-0.531234383583,0.580505847931,0.415850132704
-0.507023215294,-0.426834434271,0.838283061981,0.454478830099,-0.534165322781,0.582493424416,0.41087448597
-0.503944456577,-0.426286220551,0.838934779167,0.455106437206,-0.538252532482,0.58243304491,0.404887855053
-0.501102030277,-0.425532102585,0.839186012745,0.456515997648,-0.539483606815,0.583610475063,0.399937063456
-0.499044388533,-0.425013154745,0.839736819267,0.453869640827,-0.544919013977,0.584968388081,0.393545031548
-0.495976567268,-0.424265056849,0.839952230453,0.453340411186,-0.541974842548,0.589090049267,0.392069518566
-0.49356892705,-0.42373919487,0.840315163136,0.453398108482,-0.543186962605,0.590511500835,0.388167828321
-0.491694301367,-0.423429310322,0.840793967247,0.452198088169,-0.548523426056,0.59004586935,0.382733494043
-0.489132106304,-0.422916710377,0.840923547745,0.451953172684,-0.54592859745,0.593190312386,0.381870865822
-0.487204819918,-0.422541886568,0.841072320938,0.451135635376,-0.547932803631,0.594773411751,0.377479702234
-0.485212504864,-0.42236751318,0.841476619244,0.452371448278,-0.549801766872,0.594067215919,0.374382704496
-0.483573764563,-0.422394633293,0.841700911522,0.451814472675,-0.553307592869,0.593681395054,0.37048214674
-0.481665641069,-0.422177433968,0.841871678829,0.451009392738,-0.549137294292,0.598325014114,0.37019765377
-0.480284929276,-0.422118604183,0.84179443121,0.450519531965,-0.550662457943,0.59863358736,0.368022888899
-0.478615581989,-0.422255188227,0.841850817204,0.451860278845,-0.551185905933,0.598488330841,0.365825384855
-0.477290213108,-0.422390133142,0.841858506203,0.4525205791,-0.551532387733,0.598344683647,0.364720374346
-0.476196348667,-0.422756165266,0.841950893402,0.453263252974,-0.551506876945,0.599385797977,0.362117886543
-0.474884331226,-0.423126459122,0.84205019474,0.453242957592,-0.552211403847,0.599725246429,0.360503852367
-0.473097681999,-0.42275762558,0.841432034969,0.451949298382,-0.540436863899,0.609329342842,0.363851189613
-0.472568511963,-0.424068540335,0.841755986214,0.455978661776,-0.54935336113,0.601276159286,0.358833462
-0.472759306431,-0.424738109112,0.841345191002,0.457218855619,-0.549813508987,0.601253628731,0.356581151485
-0.471553772688,-0.425333529711,0.841081142426,0.458596885204,-0.54750752449,0.601729750633,0.357555389404
-0.471127688885,-0.425976276398,0.840753436089,0.459343016148,-0.546246528625,0.602738142014,0.356826990843
-0.469993293285,-0.426724642515,0.84049987793,0.461483538151,-0.542552351952,0.603602826595,0.358236730099
-0.470565915108,-0.427530348301,0.839644491673,0.462261497974,-0.54131925106,0.603935956955,0.35853767395
-0.46906542778,-0.427829533815,0.838755548,0.463245362043,-0.528625071049,0.61091786623,0.364333003759
-0.469881892204,-0.429518222809,0.838611125946,0.465634316206,-0.539369940758,0.60254663229,0.359447300434
-0.469463169575,-0.430570244789,0.83808273077,0.467854738235,-0.536393940449,0.601898252964,0.362093925476
-0.469905734062,-0.431496620178,0.836835741997,0.468673050404,-0.533050119877,0.60298371315,0.364161878824
-0.470230489969,-0.432602018118,0.836256563663,0.469518393278,-0.53072977066,0.603483200073,0.365631967783
-0.470513164997,-0.43386310339,0.835795760155,0.47099930048,-0.52920717001,0.602561295033,0.36745017767
-0.470655024052,-0.435037910938,0.834974467754,0.473664700985,-0.526595115662,0.600976109505,0.37036088109
-0.469626247883,-0.435592919588,0.833784222603,0.472032815218,-0.514381170273,0.609630465508,0.375430434942
-0.471298485994,-0.437586009502,0.833309113979,0.475512206554,-0.520825266838,0.601809978485,0.374772161245
-0.47188359499,-0.438871353865,0.832822263241,0.477148324251,-0.519848465919,0.600270867348,0.376512944698
-0.472193986177,-0.440219640732,0.831904888153,0.47806429863,-0.515250086784,0.60122525692,0.380131661892
-0.472955644131,-0.441555559635,0.831373691559,0.480176150799,-0.514444231987,0.599099755287,0.381913036108
-0.473323523998,-0.442946135998,0.83056139946,0.483101069927,-0.511462032795,0.597380042076,0.384911894798
-0.473908782005,-0.444319605827,0.829967141151,0.481960266829,-0.508885383606,0.599011778831,0.387214392424
-0.47459217906,-0.445690751076,0.82928442955,0.48424038291,-0.507050216198,0.596634209156,0.390434354544
-0.475118488073,-0.447055518627,0.828459024429,0.485980421305,-0.502893924713,0.596863090992,0.393287807703
-0.476131498814,-0.448786348104,0.828298926353,0.488228440285,-0.506615281105,0.591395378113,0.393986791372
-0.476329356432,-0.44983920455,0.827327013016,0.488957941532,-0.499083966017,0.594423353672,0.398115754128
-0.477150022984,-0.45117866993,0.826908409595,0.489600598812,-0.495661050081,0.594693541527,0.401187032461
-0.477697223425,-0.45244550705,0.826451659203,0.49148696661,-0.49417668581,0.59297978878,0.403243243694
-0.478216081858,-0.453852772713,0.825819015503,0.492602050304,-0.490498781204,0.593536913395,0.405546963215
-0.478766024113,-0.455116897821,0.825261592865,0.493494927883,-0.487961173058,0.593651473522,0.407350838184
-0.479268550873,-0.456331342459,0.82491838932,0.494244128466,-0.485717028379,0.592615664005,0.410619527102
-0.479886591434,-0.457688808441,0.824658095837,0.496179521084,-0.484914839268,0.590930819511,0.411660581827
-0.480334579945,-0.458847731352,0.824361503124,0.496780723333,-0.482105642557,0.591211140156,0.413826972246
-0.480691671371,-0.460030168295,0.824036717415,0.497889637947,-0.4806599617,0.590544939041,0.415125072002
-0.481163829565,-0.461149066687,0.823768258095,0.498642534018,-0.479483485222,0.589657664299,0.416839569807
-0.481328964233,-0.462176322937,0.823308706284,0.498664230108,-0.476294338703,0.590813994408,0.418827593327
-0.481585294008,-0.463215351105,0.823115587234,0.500324368477,-0.474543958902,0.589997410774,0.419984161854
-0.481720626354,-0.464168548584,0.822911977768,0.500307500362,-0.473312348127,0.589695692062,0.421813964844
-0.481879800558,-0.465157687664,0.822739362717,0.500913739204,-0.472150266171,0.589997589588,0.421974629164
-0.481957882643,-0.465956330299,0.822623610497,0.501167356968,-0.470910489559,0.589556932449,0.423671036959
-0.481925010681,-0.466818600893,0.822454690933,0.501547038555,-0.469626516104,0.590028643608,0.423990368843
-0.481846392155,-0.467568039894,0.822274565697,0.501312196255,-0.468438714743,0.59028506279,0.425223439932
-0.481837958097,-0.468281686306,0.822424292564,0.502626717091,-0.469692796469,0.588446974754,0.424835532904
-0.481656193733,-0.468878597021,0.822335004807,0.502643227577,-0.469093382359,0.588193953037,0.425827533007
-0.48131364584,-0.469503551722,0.822209358215,0.501808583736,-0.469188868999,0.588635265827,0.42609706521
-0.481112778187,-0.469971328974,0.822206497192,0.501102626324,-0.468208670616,0.588766396046,0.427821367979
-0.480568081141,-0.470411747694,0.822118520737,0.502254605293,-0.468383729458,0.588863313198,0.426142185926
-0.480064839125,-0.47079244256,0.82216501236,0.502965450287,-0.467651367188,0.588870584965,0.426098078489
-0.479391634464,-0.471060097218,0.821927547455,0.502923071384,-0.466800361872,0.589470982552,0.426250994205
-0.478830575943,-0.47122824192,0.821925163269,0.502330958843,-0.466830611229,0.589989006519,0.426199346781
-0.478169411421,-0.471427738667,0.821835637093,0.502173602581,-0.46756029129,0.590002655983,0.425565600395
-0.477472782135,-0.471525371075,0.821837186813,0.501536071301,-0.467954546213,0.590588212013,0.425071358681
-0.476726591587,-0.471616387367,0.822040259838,0.501892805099,-0.46911329031,0.589942753315,0.424268782139
-0.475903660059,-0.471629559994,0.82204914093,0.502273023129,-0.469420313835,0.590344250202,0.422918707132
-0.475194901228,-0.471602767706,0.822069048882,0.499728083611,-0.467689692974,0.592632770538,0.424646526575
-0.474283784628,-0.471495270729,0.8220718503,0.500013113022,-0.468170255423,0.592702925205,0.423682510853
-0.473118066788,-0.471301347017,0.821985960007,0.502573311329,-0.469890892506,0.591693997383,0.420144170523
-0.471966594458,-0.471051424742,0.821792840958,0.501837193966,-0.469467997551,0.593438565731,0.419034510851
-0.47099545598,-0.470726370811,0.82171857357,0.501927733421,-0.470329523087,0.593846738338,0.41737857461
-0.469918757677,-0.470525711775,0.821780622005,0.501747190952,-0.470545917749,0.59453523159,0.416370600462
-0.469232112169,-0.470220983028,0.821963787079,0.499759048223,-0.470540463924,0.595251262188,0.417742431164
-0.467975199223,-0.469831675291,0.8217035532,0.500931084156,-0.471142411232,0.595374882221,0.415477842093
-0.466758549213,-0.469518989325,0.822026848793,0.502933144569,-0.471967846155,0.594986319542,0.412669509649
-0.46583250165,-0.469018369913,0.822030186653,0.502344071865,-0.474109470844,0.595244646072,0.410554111004
-0.464700639248,-0.468571722507,0.821902632713,0.501922726631,-0.474397242069,0.595701754093,0.410073637962
-0.463652789593,-0.468082070351,0.821790874004,0.501454353333,-0.474914610386,0.596788585186,0.408464372158
-0.462637037039,-0.467514067888,0.821909725666,0.501273870468,-0.474664777517,0.598131358624,0.407009989023
-0.461962103844,-0.467047721148,0.822144210339,0.500368475914,-0.476074457169,0.597817182541,0.406938791275
-0.460727542639,-0.466519057751,0.821960568428,0.500749945641,-0.476701289415,0.598720252514,0.404400289059
-0.459969073534,-0.466030418873,0.822463393211,0.499819487333,-0.475268065929,0.599965929985,0.405390739441
-0.458955675364,-0.465391039848,0.82240229845,0.50083386898,-0.478770643473,0.599142074585,0.401214271784
-0.458290308714,-0.464818567038,0.822477221489,0.497452288866,-0.478760093451,0.601033329964,0.402602702379
-0.457325547934,-0.464270234108,0.82248878479,0.500222861767,-0.481341421604,0.600153386593,0.397370606661
-0.456306099892,-0.463853061199,0.822846889496,0.501425981522,-0.480061501265,0.600233376026,0.397281914949
-0.455735504627,-0.46320939064,0.822781860828,0.499709576368,-0.482384711504,0.600822508335,0.395736992359
-0.455132931471,-0.462618470192,0.822883784771,0.499893933535,-0.483710676432,0.600991308689,0.393623620272
-0.454370439053,-0.462081670761,0.822984576225,0.499082326889,-0.484572410583,0.601387500763,0.392987877131
-0.453798294067,-0.461632728577,0.822950541973,0.498361825943,-0.482915222645,0.603079319,0.393349319696
-0.453121423721,-0.461168736219,0.823081076145,0.498583704233,-0.483531862497,0.604218125343,0.390553086996
-0.452758401632,-0.460589915514,0.823100566864,0.499768912792,-0.485338240862,0.602522373199,0.389415800571
-0.452421098948,-0.460258513689,0.823247551918,0.494055151939,-0.483137518167,0.607343494892,0.391945689917
-0.452124655247,-0.459856331348,0.823370099068,0.496899724007,-0.485000669956,0.604794859886,0.389984607697
-0.451568335295,-0.459416806698,0.823372602463,0.49958100915,-0.486672788858,0.603307306767,0.386767029762
-0.451314240694,-0.459054946899,0.823403477669,0.499534457922,-0.48771032691,0.603352248669,0.385448127985
-0.451353013515,-0.458786994219,0.823546528816,0.497440993786,-0.48683437705,0.604754626751,0.387061566114
-0.451243788004,-0.458443701267,0.823585808277,0.497278511524,-0.48774677515,0.60451155901,0.386501133442
-0.451297700405,-0.458199471235,0.823822140694,0.497327238321,-0.488780260086,0.604062259197,0.385834574699
-0.451319485903,-0.457962721586,0.823897302151,0.497353106737,-0.488885462284,0.604024767876,0.385726451874
-0.451240718365,-0.457759320736,0.823722064495,0.497067540884,-0.488259345293,0.604681253433,0.385859310627
-0.451083570719,-0.457535624504,0.823618650436,0.499308377504,-0.490135848522,0.60313475132,0.382997006178
-0.45120421052,-0.457411885262,0.823616206646,0.499074608088,-0.490533679724,0.603033125401,0.382952451706
-0.451376765966,-0.457312405109,0.823617339134,0.498872220516,-0.491056650877,0.602805912495,0.382903367281
-0.451770037413,-0.45721116662,0.823764383793,0.498649388552,-0.491497188807,0.602613568306,0.382931292057
-0.452017247677,-0.457197904587,0.823741912842,0.498534351587,-0.491397738457,0.602791070938,0.382929593325
-0.452473372221,-0.457159668207,0.823793649673,0.497301667929,-0.491214066744,0.602492153645,0.38523131609
-0.452659130096,-0.457127332687,0.823770582676,0.498054921627,-0.492084562778,0.601590096951,0.384556382895
-0.452908575535,-0.457135528326,0.823598444462,0.497929036617,-0.491647094488,0.601612329483,0.385243594646
-0.45335611701,-0.457151502371,0.823636174202,0.497661888599,-0.491701006889,0.601422131062,0.385816544294
-0.454205781221,-0.457235813141,0.823774576187,0.494468331337,-0.491320550442,0.602557241917,0.3886256814
-0.454335600138,-0.457247674465,0.823459148407,0.496768295765,-0.492095679045,0.601229727268,0.386763721704
-0.454882949591,-0.457427799702,0.823669791222,0.495485156775,-0.490093499422,0.601822733879,0.390015780926
-0.455461084843,-0.457570374012,0.823684811592,0.495187610388,-0.490449488163,0.60112029314,0.391028404236
-0.455927282572,-0.457709342241,0.823595285416,0.491935878992,-0.489047586918,0.603597998619,0.393066346645
-0.456532657146,-0.457673847675,0.823224782944,0.496054530144,-0.493303209543,0.599267959595,0.38917863369
-0.456912070513,-0.457876622677,0.82310461998,0.496748894453,-0.492973685265,0.598104834557,0.39049744606
-0.457609772682,-0.457990556955,0.823051631451,0.496399790049,-0.492038547993,0.598616719246,0.391335248947
-0.45834556222,-0.458123803139,0.823158740997,0.495859414339,-0.492407649755,0.598469436169,0.391781121492
-0.458989351988,-0.458267241716,0.823284387589,0.496402084827,-0.493771642447,0.596922457218,0.391737550497
-0.45951372385,-0.458387583494,0.823027849197,0.495627015829,-0.493807673454,0.597256839275,0.392163395882
-0.460318088531,-0.458547204733,0.823099374771,0.495539575815,-0.493916779757,0.596302032471,0.393587052822
-0.460741430521,-0.458818137646,0.823204159737,0.496117830276,-0.492217868567,0.595852851868,0.395661860704
-0.461110711098,-0.458977043629,0.822948217392,0.497158229351,-0.491529583931,0.594840109348,0.396733701229
-0.461848080158,-0.459102094173,0.822842597961,0.496692329645,-0.490667760372,0.594852507114,0.398362308741
-0.462560266256,-0.459169685841,0.82260799408,0.494898557663,-0.492347925901,0.595082223415,0.398178607225
-0.46337133646,-0.459310799837,0.822753667831,0.494216769934,-0.493197739124,0.594740688801,0.398483783007
-0.463927209377,-0.45949703455,0.822717905045,0.494915485382,-0.4929702878,0.59419465065,0.398712486029
-0.464439570904,-0.459659576416,0.822744190693,0.495597690344,-0.490638405085,0.594178080559,0.400761187077
-0.465233564377,-0.459635823965,0.822655975819,0.494473785162,-0.492001801729,0.593501508236,0.40147960186
-0.465794295073,-0.459711253643,0.82254421711,0.493949919939,-0.492360770702,0.593399405479,0.401835232973
-0.466458231211,-0.459762811661,0.822497010231,0.494204968214,-0.492049485445,0.592665851116,0.402983933687
-0.467096924782,-0.459791123867,0.822555780411,0.494156807661,-0.49228182435,0.592075109482,0.403626859188
-0.467598289251,-0.459881693125,0.822873055935,0.494975447655,-0.492304474115,0.590940475464,0.404258668423
-0.468207806349,-0.459879100323,0.822858273983,0.494730830193,-0.492005199194,0.59100484848,0.404827982187
-0.468974649906,-0.459797024727,0.822710633278,0.494135051966,-0.493223309517,0.590352535248,0.405025273561
-0.469562917948,-0.459686070681,0.822781562805,0.493892788887,-0.493552863598,0.59000402689,0.405426859856
-0.47012168169,-0.459590792656,0.822886109352,0.494166880846,-0.493537336588,0.589383721352,0.406013220549
-0.470707774162,-0.459526389837,0.822891414165,0.494413912296,-0.493156254292,0.589313983917,0.406277000904
-0.471177607775,-0.459454923868,0.822891235352,0.494769483805,-0.493009924889,0.58919686079,0.406191557646
-0.471556723118,-0.45927503705,0.822656869888,0.49532982707,-0.491302162409,0.589837133884,0.406648367643
-0.472254812717,-0.459079086781,0.822680592537,0.495232105255,-0.491322368383,0.589308559895,0.407508015633
-0.47278124094,-0.458935260773,0.82272452116,0.49551987648,-0.491331368685,0.589027166367,0.407554477453
-0.473063737154,-0.45881319046,0.822628319263,0.496405541897,-0.491737902164,0.587926208973,0.407576173544
-0.473696917295,-0.458627283573,0.822734594345,0.496040254831,-0.49166816473,0.58825802803,0.407626092434
-0.474317491055,-0.45845669508,0.822859287262,0.49663028121,-0.492724537849,0.587111949921,0.407284110785
-0.474810421467,-0.458232343197,0.822885870934,0.497072249651,-0.49328777194,0.58625382185,0.407299816608
-0.475248545408,-0.458058238029,0.822849988937,0.497350424528,-0.493307650089,0.585869848728,0.407488256693
-0.475709050894,-0.457788825035,0.822817265987,0.497020542622,-0.493779540062,0.585573196411,0.40774551034
-0.476169258356,-0.45759382844,0.822736620903,0.49711304903,-0.493367791176,0.585750639439,0.407876163721
-0.476568460464,-0.457375437021,0.822652518749,0.497943997383,-0.49313133955,0.585028886795,0.408184289932
-0.476997166872,-0.457177549601,0.822654545307,0.498116254807,-0.492828816175,0.584419965744,0.409210771322
-0.477323144674,-0.456988364458,0.822581768036,0.498098254204,-0.493060827255,0.584133923054,0.409361541271
-0.477702140808,-0.456710875034,0.822535157204,0.497925579548,-0.492825746536,0.584074318409,0.409939348698
-0.477776318789,-0.45660930872,0.822534322739,0.496676713228,-0.490924239159,0.584500253201,0.41311648488
-0.478425860405,-0.456288099289,0.822365164757,0.498451888561,-0.493643075228,0.582817494869,0.410104751587
-0.478676497936,-0.456107288599,0.822318971157,0.498569637537,-0.493752866983,0.582582175732,0.410163789988
-0.478923648596,-0.455909729004,0.822262763977,0.498718380928,-0.493797332048,0.582394599915,0.4101960361
-0.479133665562,-0.455684393644,0.822164833546,0.498802095652,-0.493554383516,0.582400798798,0.410377591848
-0.479414194822,-0.455442845821,0.822167158127,0.499052911997,-0.493364661932,0.581947505474,0.410943716764
-0.479491233826,-0.455174326897,0.821886003017,0.49880233407,-0.491686910391,0.583097577095,0.411628037691
-0.479623019695,-0.454948097467,0.821834504604,0.498597383499,-0.492118388414,0.582741975784,0.411863923073
-0.479724258184,-0.454790979624,0.821830749512,0.498836129904,-0.492225855589,0.582526028156,0.411751747131
-0.47982186079,-0.454641878605,0.821803450584,0.498924612999,-0.492068946362,0.582586705685,0.411746293306
-0.479991644621,-0.454478263855,0.821847915649,0.499109715223,-0.492065697908,0.582459747791,0.41170591116
-0.480065762997,-0.454340130091,0.82184612751,0.49912032485,-0.492144733667,0.582411408424,0.411666810513
-0.480164051056,-0.45419922471,0.821859478951,0.500038981438,-0.492511153221,0.581585943699,0.4112803936
-0.480219304562,-0.454069435596,0.821877002716,0.500084877014,-0.492442429066,0.581622421741,0.411255419254
-0.480281025171,-0.453907549381,0.82190400362,0.499800145626,-0.493016213179,0.581507921219,0.411076039076
-0.480318516493,-0.453780531883,0.821947932243,0.499758630991,-0.493095517159,0.581526458263,0.411005228758
-0.480310946703,-0.453666657209,0.822006106377,0.499243855476,-0.493339151144,0.582099735737,0.410526543856
-0.480449676514,-0.453578174114,0.822272777557,0.499255746603,-0.494666516781,0.581223130226,0.410156875849
-0.48043730855,-0.453473836184,0.82231760025,0.499209523201,-0.494663178921,0.581240296364,0.410192519426
-0.480419963598,-0.453347891569,0.822371482849,0.499073505402,-0.495190501213,0.580865383148,0.410253018141
-0.480411738157,-0.453243196011,0.82246607542,0.498989701271,-0.495354056358,0.580619513988,0.410505384207
-0.480376422405,-0.453186273575,0.82251894474,0.498974949121,-0.495369315147,0.580697774887,0.410394370556
-0.480337709188,-0.453140437603,0.822575092316,0.498948425055,-0.495485275984,0.580682933331,0.410307258368
-0.480289340019,-0.453093916178,0.822627544403,0.498886078596,-0.49552038312,0.580780923367,0.410202234983
-0.480247944593,-0.453064531088,0.822670340538,0.498862922192,-0.495609998703,0.580814003944,0.410075068474
-0.480194211006,-0.453040927649,0.822723031044,0.498799115419,-0.495646804571,0.580889582634,0.41000109911
-0.48011597991,-0.453019499779,0.822791993618,0.498773187399,-0.495710760355,0.580920696259,0.409911721945
-0.479915976524,-0.453034996986,0.822748184204,0.499378085136,-0.495843827724,0.580318272114,0.409867405891
-0.480017215014,-0.453017055988,0.822898626328,0.498563677073,-0.495789021254,0.581080794334,0.409844845533
-0.479974150658,-0.453025043011,0.822952449322,0.498508989811,-0.495786875486,0.581145346165,0.409822195768
-0.479842364788,-0.453052163124,0.822941303253,0.498396843672,-0.495868295431,0.581265568733,0.409689515829
-0.480012267828,-0.453078240156,0.823092341423,0.496228128672,-0.494669675827,0.582558870316,0.411928117275
-0.479730039835,-0.453074336052,0.823045492172,0.498378813267,-0.496175765991,0.581397235394,0.409152448177
-0.479683637619,-0.453100204468,0.823099017143,0.498368889093,-0.496138572693,0.581411600113,0.40918892622
-0.479636192322,-0.453130602837,0.823139131069,0.498360037804,-0.496072143316,0.581497311592,0.409158617258
-0.479600191116,-0.453164488077,0.823179721832,0.498354285955,-0.496055662632,0.581515133381,0.409160286188
-0.479556292295,-0.453258723021,0.823227286339,0.498568534851,-0.495558917522,0.581854879856,0.409018039703
-0.479521095753,-0.453291714191,0.823257386684,0.498544901609,-0.495534449816,0.581897437572,0.409016221762
-0.479485809803,-0.453325629234,0.823282957077,0.49849832058,-0.495441764593,0.581983804703,0.409062385559
-0.479451090097,-0.453370988369,0.823312938213,0.498544543982,-0.495388716459,0.581997454166,0.409050703049
-0.479401767254,-0.453412592411,0.823344171047,0.497973710299,-0.495214551687,0.582540988922,0.409183114767
-0.479374587536,-0.453452289104,0.823368668556,0.498038679361,-0.495026320219,0.582655966282,0.409168034792
-0.479311048985,-0.453485667706,0.823382377625,0.497942268848,-0.494998008013,0.582855522633,0.409035563469
-0.47928071022,-0.45351138711,0.823395371437,0.498005509377,-0.494849175215,0.582925021648,0.409039616585
-0.47926017642,-0.453541427851,0.823409676552,0.49801582098,-0.49474555254,0.583039879799,0.408988982439
-0.47923836112,-0.45356464386,0.823418736458,0.498117238283,-0.494665205479,0.583039164543,0.408963471651
-0.479199647903,-0.453566551208,0.82343173027,0.498201578856,-0.494542211294,0.583027243614,0.409026056528
-0.479183733463,-0.453581124544,0.823438942432,0.498243302107,-0.494451522827,0.583073973656,0.409018397331
-0.479160785675,-0.453582823277,0.82344686985,0.498317271471,-0.494408667088,0.583074748516,0.408978939056
-0.479141533375,-0.453590303659,0.823445081711,0.498465418816,-0.494280010462,0.583081841469,0.408943980932
-0.479122668505,-0.453580647707,0.823434889317,0.498521625996,-0.494210779667,0.583107888699,0.408922433853
-0.479097485542,-0.453569233418,0.823421120644,0.498628914356,-0.494161039591,0.58308249712,0.40888735652
-0.479072004557,-0.453554481268,0.823405921459,0.498753458261,-0.494067966938,0.583105623722,0.408815264702
-0.479024112225,-0.45355463028,0.823431134224,0.499254971743,-0.493621587753,0.583017706871,0.408867359161
-0.479024797678,-0.453508764505,0.823365926743,0.499117612839,-0.493851065636,0.583131611347,0.408595889807
-0.478990912437,-0.453464508057,0.823347151279,0.499252051115,-0.4938980937,0.583049237728,0.408491909504
-0.478947848082,-0.453417539597,0.823313951492,0.499380499125,-0.493755191565,0.583116590977,0.40841165185
-0.47890907526,-0.453373521566,0.823286771774,0.499493360519,-0.493621587753,0.583185553551,0.408336788416
-0.478786528111,-0.453335404396,0.823276400566,0.499730587006,-0.494031041861,0.582823932171,0.408067345619
-0.478610098362,-0.453247278929,0.823085904121,0.499939590693,-0.492200136185,0.583842515945,0.408567398787
-0.478562891483,-0.453176379204,0.823052048683,0.499970883131,-0.49212744832,0.583935856819,0.408483326435
-0.47850677371,-0.453110098839,0.823023915291,0.500053465366,-0.49206456542,0.583962500095,0.4084199965
-0.478451400995,-0.453043878078,0.822997927666,0.500114321709,-0.492147505283,0.583932757378,0.40828794241
-0.478391855955,-0.452951580286,0.822969079018,0.500037431717,-0.492284595966,0.584006011486,0.408112198114
-0.478303581476,-0.452867746353,0.822929143906,0.500209510326,-0.49189004302,0.584144949913,0.408178091049
-0.478244423866,-0.452789455652,0.822898328304,0.500317633152,-0.491928786039,0.584110200405,0.408048689365
-0.47818094492,-0.452670753002,0.822882533073,0.500267863274,-0.492351263762,0.58382409811,0.408009678125
-0.478424102068,-0.4529504776,0.823263764381,0.501416921616,-0.49903100729,0.579105317593,0.405198931694
-0.478351801634,-0.452862501144,0.823252558708,0.501501977444,-0.498939186335,0.579180777073,0.405099004507
-0.478199869394,-0.452793329954,0.823180794716,0.50151348114,-0.498831748962,0.579431414604,0.404858440161
-0.478061825037,-0.452543884516,0.82300144434,0.501336038113,-0.496006935835,0.581468999386,0.40562698245
-0.477752774954,-0.452212780714,0.822770953178,0.50100594759,-0.492095172405,0.584297060966,0.406734138727
-0.47763350606,-0.451954632998,0.822477579117,0.500702023506,-0.488500833511,0.586909890175,0.407677918673
-0.477545380592,-0.451865673065,0.82247698307,0.500773787498,-0.488428235054,0.58700889349,0.407534390688
-0.477529644966,-0.451752871275,0.822528243065,0.500799298286,-0.488473445177,0.586931824684,0.407559782267
-0.477478265762,-0.451824039221,0.822829246521,0.501137018204,-0.492048233747,0.584525048733,0.40630120039
-0.477347522974,-0.451562404633,0.822544038296,0.500707089901,-0.488586992025,0.587072730064,0.407333850861
-0.477394342422,-0.451658338308,0.823024630547,0.501240491867,-0.493328511715,0.583802878857,0.405659079552
-0.477291792631,-0.451564729214,0.823021292686,0.501136004925,-0.493348479271,0.583926558495,0.405585885048
-0.476635485888,-0.451504617929,0.823012471199,0.50191617012,-0.49260610342,0.583282768726,0.406448870897
-0.476976156235,-0.451389193535,0.823003292084,0.500955045223,-0.493784427643,0.584440350533,0.404537379742
-0.476855248213,-0.451305836439,0.823019504547,0.500899493694,-0.493792951107,0.584634184837,0.404315620661
-0.476734817028,-0.451200336218,0.823041200638,0.50074660778,-0.494143813848,0.584531724453,0.404224485159
-0.476628035307,-0.451125651598,0.823065459728,0.500663638115,-0.494375646114,0.584660232067,0.40385773778
