x,y,z,q0,q1,q2,q3
0.443624973297,0.164773017168,0.964419066906,-0.741094648838,-0.286542862654,-0.00703783845529,0.607142865658
0.440689057112,0.160607591271,0.965759754181,-0.743850290775,-0.282000571489,-0.0017044430133,0.605936825275
0.437704324722,0.157095432281,0.967570245266,-0.743282735348,-0.283400475979,0.00319374003448,0.605974376202
0.434756815434,0.153312265873,0.96984654665,-0.744477748871,-0.286594063044,-0.005582888145,0.602980494499
0.431662291288,0.150044560432,0.971549630165,-0.742284476757,-0.286770492792,0.00980129651725,0.605541408062
0.428691953421,0.145422309637,0.972233891487,-0.744764268398,-0.279131293297,0.0155584141612,0.605945467949
0.425801068544,0.141693204641,0.973951518536,-0.743573486805,-0.279313355684,0.0215288773179,0.607140004635
0.42279779911,0.137848198414,0.975529432297,-0.743001163006,-0.278024375439,0.0250064153224,0.608298003674
0.419812142849,0.133830696344,0.976860046387,-0.741904556751,-0.275666743517,0.0292956661433,0.610513985157
0.416171073914,0.128647685051,0.980094254017,-0.731244981289,-0.274942874908,0.0180361736566,0.623988747597
0.412337750196,0.125445917249,0.981842696667,-0.731996893883,-0.283525556326,0.0206358563155,0.619167208672
0.409186899662,0.121232405305,0.982453942299,-0.732436299324,-0.277961343527,0.0300967395306,0.620780825615
0.405149638653,0.115629673004,0.980230689049,-0.736762464046,-0.251774996519,0.0469294711947,0.625769913197
0.400843858719,0.105221547186,0.985589742661,-0.782438218594,-0.234641611576,0.0199893098325,0.576484382153
0.398084908724,0.108126230538,0.98336571455,-0.735326647758,-0.255018830299,0.0502039678395,0.625891327858
0.394906640053,0.105065390468,0.985317587852,-0.730303645134,-0.259163349867,0.0556338578463,0.629599750042
0.392213791609,0.10033493489,0.988607347012,-0.738013923168,-0.262627094984,0.0490302145481,0.619643807411
0.388748586178,0.0956705361605,0.989781141281,-0.741524517536,-0.260924756527,0.0403155311942,0.616793572903
0.385143518448,0.0918707177043,0.991539001465,-0.739389538765,-0.261985659599,0.0435610301793,0.618683338165
0.381622672081,0.0880583226681,0.993215501308,-0.737076938152,-0.262215584517,0.0465123914182,0.621125638485
0.378156989813,0.0802393257618,0.997479140759,-0.764477550983,-0.253349483013,0.0335552543402,0.59182959795
0.37433424592,0.0802146345377,0.996531426907,-0.733447790146,-0.260041534901,0.0535675361753,0.625750243664
0.370945036411,0.0725679472089,1.00080549717,-0.759819209576,-0.251718372107,0.0411908701062,0.598009943962
0.367080569267,0.0726481601596,0.999770402908,-0.731218516827,-0.259128600359,0.061470169574,0.628007352352
0.362738013268,0.0686656087637,1.0020596981,-0.732223987579,-0.257573783398,0.0653184503317,0.627086341381
0.359676837921,0.0647402256727,1.00372242928,-0.731565594673,-0.257879495621,0.064610645175,0.627801954746
0.355776339769,0.060006685555,1.00351130962,-0.733813881874,-0.244746148586,0.07420386374,0.629372954369
0.35234695673,0.0574614927173,1.00769937038,-0.730821967125,-0.259468317032,0.0692045241594,0.627523601055
0.348453223705,0.0538311079144,1.00939619541,-0.730910122395,-0.258633613586,0.0720413178205,0.627446711063
0.344709724188,0.0499158501625,1.01150333881,-0.729610085487,-0.259171187878,0.0706855729222,0.62889033556
0.34091925621,0.0461853221059,1.0131663084,-0.729255795479,-0.258095622063,0.0738645792007,0.629378020763
0.337243646383,0.0423500165343,1.01485836506,-0.730136632919,-0.256588995457,0.0766662955284,0.628637313843
0.333693414927,0.0384711995721,1.01689600945,-0.729321479797,-0.256711930037,0.0766652598977,0.629532754421
0.330031186342,0.0347741618752,1.01883172989,-0.728201687336,-0.256762832403,0.0778817757964,0.630658090115
0.326581329107,0.030823610723,1.02094137669,-0.728316485882,-0.256628453732,0.0784900560975,0.630504667759
0.322710394859,0.0257486402988,1.02053630352,-0.731604337692,-0.240590259433,0.088926255703,0.631635725498
0.319117903709,0.0238328203559,1.02471256256,-0.723299205303,-0.253402292728,0.0940711423755,0.635433852673
0.315072894096,0.0192814692855,1.02425229549,-0.7255641222,-0.241649597883,0.107605114579,0.635282158852
0.31178560853,0.0157179385424,1.02602910995,-0.724010765553,-0.24158757925,0.109747730196,0.636709809303
0.308464169502,0.0120750889182,1.02774453163,-0.723274409771,-0.24196138978,0.111418038607,0.637114584446
0.305157989264,0.00873378664255,1.02952778339,-0.722219645977,-0.243026122451,0.113919496536,0.637463390827
0.302258253098,0.00635392218828,1.03299915791,-0.718854546547,-0.256402909756,0.110205538571,0.636679291725
0.298923701048,0.0016961991787,1.03271436691,-0.722508370876,-0.242956146598,0.117912948132,0.636435806751
0.29652184248,-0.00202968716621,1.03372490406,-0.721439182758,-0.235034808517,0.124228291214,0.639414906502
0.292759299278,-0.00508439540863,1.03585577011,-0.723617911339,-0.243733629584,0.121449962258,0.634208858013
0.290026366711,-0.0085951089859,1.03730285168,-0.725840985775,-0.241283521056,0.119335182011,0.633005738258
0.287123739719,-0.0116125047207,1.03864765167,-0.725175440311,-0.242655798793,0.122127078474,0.632711410522
0.284301280975,-0.0148223936558,1.04027760029,-0.725609123707,-0.243653103709,0.120999410748,0.632047235966
0.281451404095,-0.0181114524603,1.04157531261,-0.725974857807,-0.242469608784,0.121500760317,0.631986200809
0.278614521027,-0.020984634757,1.04311037064,-0.726401925087,-0.244217276573,0.121866494417,0.630751013756
0.275709360838,-0.0242461711168,1.04472637177,-0.725356280804,-0.245124384761,0.121070034802,0.631754994392
0.273158967495,-0.0265884250402,1.04547595978,-0.725821554661,-0.247723937035,0.130124598742,0.628397524357
0.270433336496,-0.0295939669013,1.04686927795,-0.725901544094,-0.248532488942,0.129765301943,0.628060102463
0.26745903492,-0.0331652387977,1.04855215549,-0.725024878979,-0.246593594551,0.121250741184,0.631528913975
0.264648497105,-0.0360985845327,1.04975616932,-0.724823892117,-0.246877029538,0.121742472053,0.631554245949
0.261827886105,-0.0389310643077,1.05087327957,-0.724690616131,-0.24751393497,0.122346222401,0.631341159344
0.261756658554,-0.0465966835618,1.05884277821,-0.76633733511,-0.25868499279,0.0873082280159,0.581538140774
0.256337881088,-0.044521972537,1.05301129818,-0.724735438824,-0.248241275549,0.1235178262,0.630775928497
0.252473056316,-0.045781172812,1.05442881584,-0.715119242668,-0.252267599106,0.126962006092,0.639410912991
0.250889062881,-0.049622155726,1.05548810959,-0.721364438534,-0.25166067481,0.122467003763,0.633484005928
0.248046115041,-0.0521024987102,1.05723524094,-0.720109879971,-0.255437344313,0.119490899146,0.633968174458
0.245717659593,-0.054624773562,1.05944895744,-0.720896363258,-0.26172965765,0.114027716219,0.631509065628
0.243023499846,-0.0570854470134,1.06068849564,-0.720298290253,-0.264440178871,0.112240642309,0.631382524967
0.240407392383,-0.0599320605397,1.06167590618,-0.721250653267,-0.263589113951,0.10929787904,0.631167411804
0.237773165107,-0.0623363554478,1.06285357475,-0.720939934254,-0.265849918127,0.107752397656,0.630839884281
0.235323041677,-0.0637729763985,1.06394648552,-0.719027876854,-0.272186696529,0.108737774193,0.630150318146
0.232821017504,-0.0669757798314,1.06404864788,-0.723262131214,-0.266585081816,0.108714640141,0.627698481083
0.230211123824,-0.0697741284966,1.06554889679,-0.720221877098,-0.269680291414,0.101826295257,0.631018579006
0.22784563899,-0.0718976631761,1.06613373756,-0.722013175488,-0.271404653788,0.103055492043,0.628025531769
0.225471138954,-0.0741779953241,1.06758642197,-0.717783153057,-0.276223272085,0.096550218761,0.631796002388
0.223324760795,-0.0767811536789,1.06669616699,-0.717614233494,-0.280882030725,0.109595105052,0.62779301405
0.220512390137,-0.0782145112753,1.06757223606,-0.720405578613,-0.29820305109,0.104620851576,0.61736959219
0.218812704086,-0.0809593200684,1.06773281097,-0.720726132393,-0.291752696037,0.102960497141,0.620349287987
0.216967627406,-0.0834698677063,1.06805121899,-0.720517039299,-0.289344757795,0.0955472439528,0.622901082039
0.214775919914,-0.0855754613876,1.06816124916,-0.720799148083,-0.291610240936,0.096853710711,0.621314287186
0.212633758783,-0.0870982706547,1.06882286072,-0.715324044228,-0.294405341148,0.0948364287615,0.626612305641
0.21120287478,-0.0901585444808,1.06808388233,-0.718561470509,-0.290169626474,0.0929298847914,0.625168025494
0.209694430232,-0.0925988480449,1.06787002087,-0.714013397694,-0.29029867053,0.0891142934561,0.630848824978
0.208582118154,-0.0947301909328,1.06745529175,-0.712284266949,-0.286843329668,0.0874374508858,0.634607672691
0.207372277975,-0.0956230983138,1.06710314751,-0.711471676826,-0.294615387917,0.092170663178,0.631280064583
0.206306234002,-0.0975217297673,1.06646454334,-0.711322724819,-0.29462441802,0.0919606611133,0.63147431612
0.20561093092,-0.0988103970885,1.06639051437,-0.707840263844,-0.30029425025,0.088260948658,0.63324213028
0.204741388559,-0.100316688418,1.06569027901,-0.707972466946,-0.301690399647,0.0883138179779,0.632422804832
0.204282864928,-0.100920602679,1.06530535221,-0.704627633095,-0.309869974852,0.0875078812242,0.632315456867
0.203804194927,-0.102851428092,1.06377995014,-0.706911087036,-0.307528108358,0.0877141132951,0.630879878998
0.203307583928,-0.10440313071,1.06297135353,-0.705564618111,-0.30904597044,0.0843494608998,0.632103145123
0.203029319644,-0.104774601758,1.06243669987,-0.704018890858,-0.317329734564,0.0837627276778,0.629796087742
0.202728390694,-0.105589970946,1.06163156033,-0.704075157642,-0.32161962986,0.0828226879239,0.627677738667
0.202239125967,-0.106706991792,1.05940210819,-0.709712445736,-0.318621695042,0.0871227011085,0.622252523899
0.201862379909,-0.106919005513,1.05767059326,-0.710699439049,-0.317697316408,0.100464276969,0.61958193779
0.201230481267,-0.108069710433,1.05723059177,-0.709281265736,-0.32427456975,0.094001352787,0.618813216686
0.200535342097,-0.109298735857,1.05615067482,-0.71042650938,-0.325456827879,0.0925773233175,0.617091298103
0.199777454138,-0.110423244536,1.05553519726,-0.710269033909,-0.32845929265,0.0905093699694,0.615987360477
0.19896697998,-0.1117714867,1.0548440218,-0.710140943527,-0.328783541918,0.0881546139717,0.616303563118
0.198064252734,-0.112852595747,1.05456876755,-0.709223747253,-0.330999135971,0.0855251476169,0.616544187069
0.196915820241,-0.114314623177,1.05414092541,-0.708377063274,-0.331541210413,0.0828605219722,0.617589354515
0.195730611682,-0.115222379565,1.05390202999,-0.707326948643,-0.333556354046,0.0822518393397,0.617789268494
0.194310173392,-0.117142111063,1.05313837528,-0.708170115948,-0.32979503274,0.0817679837346,0.6189057827
0.192455708981,-0.118603073061,1.0536031723,-0.710396766663,-0.33068433404,0.0714529007673,0.617153763771
0.191844135523,-0.119432270527,1.05326938629,-0.706225991249,-0.335562348366,0.0763660818338,0.618717312813
0.18961276114,-0.12132652849,1.05319273472,-0.711125254631,-0.331557393074,0.0736888125539,0.615581393242
0.188060685992,-0.122979834676,1.05322694778,-0.71098703146,-0.330632954836,0.073095805943,0.616308689117
0.186274170876,-0.124839395285,1.05412662029,-0.712744057178,-0.328894466162,0.0603105425835,0.616593003273
0.185062661767,-0.126413583755,1.05447351933,-0.710710942745,-0.331304222345,0.0628306046128,0.617397546768
0.183207944036,-0.128098756075,1.05552887917,-0.711652815342,-0.33110833168,0.0510491915047,0.617504537106
0.181945249438,-0.129763901234,1.05617177486,-0.711812019348,-0.331010937691,0.0476461499929,0.617644965649
0.180786192417,-0.131587326527,1.05697512627,-0.710905790329,-0.329868108034,0.0423591770232,0.619681954384
0.179610282183,-0.133341372013,1.05773043633,-0.708015978336,-0.328929811716,0.0368251912296,0.623828887939
0.17871427536,-0.134496510029,1.05812180042,-0.704477071762,-0.331955462694,0.0375026203692,0.626187741756
0.17811499536,-0.135397955775,1.05859029293,-0.699707329273,-0.333913832903,0.034224756062,0.630666255951
0.176898911595,-0.137399062514,1.05908417702,-0.700246989727,-0.329807013273,0.0280402768403,0.632530987263
0.176772177219,-0.138250023127,1.05886507034,-0.701324880123,-0.329337924719,0.0352597571909,0.63121843338
0.176383092999,-0.139475166798,1.05881845951,-0.701192617416,-0.328590005636,0.0318583473563,0.631935715675
0.176165893674,-0.140376195312,1.05851364136,-0.700865209103,-0.328936457634,0.0293932072818,0.632238090038
0.17604367435,-0.140704780817,1.05835926533,-0.702517092228,-0.329433858395,0.0304776784033,0.630090653896
0.17658354342,-0.140132278204,1.05831110477,-0.698575794697,-0.33654615283,0.0308421514928,0.630695998669
0.176447823644,-0.140559673309,1.05804944038,-0.701036334038,-0.33683103323,0.0232126899064,0.628135502338
0.176828294992,-0.140429034829,1.05749106407,-0.699175655842,-0.341401726007,0.0224211141467,0.62777030468
0.176895812154,-0.140360593796,1.0565328598,-0.703028321266,-0.340712636709,0.0241217184812,0.623766183853
0.177315935493,-0.13768106699,1.05684387684,-0.692337453365,-0.35841268301,0.0268580336124,0.625689983368
0.178826585412,-0.136492297053,1.05482971668,-0.689139008522,-0.362897992134,0.0390085801482,0.6259958148
0.179637119174,-0.135439664125,1.05382800102,-0.689091026783,-0.366100609303,0.0327331833541,0.624541759491
0.181517243385,-0.135493919253,1.0501884222,-0.695486843586,-0.359124779701,0.0469976104796,0.620579302311
0.182993561029,-0.133991971612,1.04831182957,-0.694264531136,-0.362734079361,0.0414215922356,0.620246052742
0.184714004397,-0.130164295435,1.04750442505,-0.681465506554,-0.382513821125,0.0461402870715,0.622221171856
0.186408698559,-0.128582134843,1.04512250423,-0.676898241043,-0.387523382902,0.0434675179422,0.624295592308
0.188775271177,-0.125481665134,1.04187917709,-0.674254953861,-0.394787102938,0.0597523674369,0.621251165867
0.192355647683,-0.124414592981,1.03749930859,-0.675413072109,-0.38865929842,0.0580173246562,0.624015390873
0.194779857993,-0.122779242694,1.03430235386,-0.67552113533,-0.389212489128,0.0642607063055,0.622940897942
0.197537586093,-0.11755348742,1.03172445297,-0.66593670845,-0.407887905836,0.0653505027294,0.621196568012
0.200524523854,-0.114738881588,1.02817475796,-0.657809257507,-0.413898408413,0.0725822225213,0.625065565109
0.204565405846,-0.11289613694,1.02293634415,-0.663738548756,-0.406540691853,0.0765079781413,0.623155295849
0.207015663385,-0.106647484004,1.01956343651,-0.649301886559,-0.428715974092,0.0905886441469,0.621613621712
0.211010396481,-0.103607363999,1.01578652859,-0.636057257652,-0.434604048729,0.0951927676797,0.630467236042
0.21511991322,-0.0996310412884,1.01164627075,0.622360706329,0.439804136753,-0.0954469889402,-0.640413343906
0.219893023372,-0.0954871177673,1.00679349899,0.615737378597,0.444657474756,-0.101125627756,-0.642589211464
0.225203901529,-0.0927117392421,1.00133800507,0.617877304554,0.441921055317,-0.103284731507,-0.642079234123
0.230403006077,-0.0885209664702,0.996094286442,0.608110904694,0.446665644646,-0.10541960597,-0.647748410702
0.235497295856,-0.0844802632928,0.992055654526,0.6014072299,0.455143868923,-0.101420283318,-0.648742973804
0.241152361035,-0.0793901160359,0.98634159565,0.587086141109,0.460100710392,-0.103945605457,-0.6579002738
0.246094986796,-0.0750683322549,0.982118427753,0.578119575977,0.47082722187,-0.100692003965,-0.65875685215
0.254284054041,-0.0737491548061,0.979785919189,0.59569054842,0.4800606668,-0.0695125386119,-0.640204846859
0.260064482689,-0.068539634347,0.974787116051,0.585579752922,0.489554107189,-0.0631528049707,-0.642996907234
0.26250064373,-0.0562866479158,0.962807655334,0.540995776653,0.491159945726,-0.116431072354,-0.672702968121
0.268131881952,-0.0509040206671,0.959234714508,0.532039642334,0.509422361851,-0.100294515491,-0.668852508068
0.274319142103,-0.0451897457242,0.953322708607,0.516982734203,0.511690437794,-0.0989055931568,-0.679057836533
0.275728285313,-0.0371385514736,0.962683498859,0.430010408163,0.592278838158,-0.0400103107095,-0.680217623711
0.286488950253,-0.032149143517,0.945536017418,0.488367378712,0.546183824539,-0.0710259601474,-0.676857531071
0.291899442673,-0.0256487205625,0.94104719162,0.481179267168,0.559957683086,-0.0582406595349,-0.67195391655
0.298076450825,-0.0181218013167,0.936087965965,0.47219479084,0.57295781374,-0.0488629750907,-0.668104827404
0.304071158171,-0.0104293078184,0.930901646614,0.46669998765,0.58417737484,-0.0425864197314,-0.662657022476
0.311254113913,-0.00272220373154,0.925914108753,0.457929104567,0.595173716545,-0.0271270181984,-0.65979796648
0.31732609868,0.00504674762487,0.920977830887,0.450751423836,0.604211568832,-0.0240948460996,-0.656636118889
0.32455804944,0.0135258957744,0.916246950626,0.444441944361,0.613024771214,-0.0135261295363,-0.653061449528
0.331601977348,0.0210928246379,0.911592781544,0.437681347132,0.620750069618,-0.0039605377242,-0.65045273304
0.339097619057,0.0289733409882,0.907375752926,0.428025066853,0.62649834156,0.00668870750815,-0.65134447813
0.346469014883,0.0367542058229,0.903334796429,0.41833922267,0.633317172527,0.0173719655722,-0.650845468044
0.35388982296,0.0444882065058,0.899783611298,0.406005203724,0.64098572731,0.0306075867265,-0.650661528111
0.361315786839,0.0521866604686,0.896624445915,0.390136867762,0.647482633591,0.0396557413042,-0.653442323208
0.368734836578,0.059604883194,0.893761336803,0.370934098959,0.654051959515,0.0463899001479,-0.657626032829
0.376055836678,0.0672988593578,0.891121208668,0.35239610076,0.66049516201,0.051196731627,-0.661015808582
0.382949590683,0.0749465599656,0.889006197453,-0.331279635429,-0.669163823128,-0.0560279451311,0.662823081017
0.390290677547,0.0822713151574,0.886967658997,-0.306833773851,-0.675197601318,-0.0592826195061,0.66816675663
0.397792637348,0.089012555778,0.884686946869,-0.279388457537,-0.679326593876,-0.060072734952,0.675905823708
0.403154075146,0.0972758308053,0.883352398872,-0.267362773418,-0.691823244095,-0.0593389719725,0.668114244938
0.411863088608,0.105191811919,0.880979299545,-0.235032722354,-0.694246828556,-0.0633583813906,0.67732322216
0.418863832951,0.112960450351,0.879830956459,-0.214541628957,-0.701500117779,-0.0649007186294,0.676503777504
0.424846708775,0.120371960104,0.878497481346,-0.199218869209,-0.710117936134,-0.0676388218999,0.671914815903
0.431202501059,0.128066599369,0.877424120903,-0.183977991343,-0.717356920242,-0.0710075646639,0.668213307858
0.437420129776,0.135677546263,0.876168847084,-0.174152389169,-0.724094450474,-0.0760583430529,0.663003265858
0.443169385195,0.143313378096,0.875437140465,-0.16412255168,-0.731702029705,-0.0818105489016,0.656492948532
0.449591755867,0.150935024023,0.874270617962,-0.161834448576,-0.734929680824,-0.0892456993461,0.6524746418
0.45504322648,0.158753335476,0.873630821705,-0.155949860811,-0.743117809296,-0.0972221568227,0.643431067467
0.460461497307,0.166437700391,0.872747540474,-0.156201541424,-0.749077320099,-0.107434481382,0.634777188301
0.46639084816,0.174220204353,0.871892690659,-0.161812976003,-0.750841200352,-0.116975478828,0.629579901695
0.472020328045,0.1820435673,0.871212124825,-0.165767863393,-0.752647697926,-0.12746937573,0.624334812164
0.47358161211,0.188703745604,0.869081616402,-0.186830893159,-0.76096534729,-0.137261271477,0.605958223343
0.48298561573,0.197352766991,0.869623541832,-0.186216831207,-0.755049645901,-0.151821807027,0.610060334206
0.488619327545,0.20538584888,0.869007468224,-0.192926898599,-0.754529297352,-0.160624220967,0.606353580952
0.49404796958,0.212771967053,0.868301391602,-0.202829450369,-0.752025187016,-0.174541890621,0.602373182774
0.498927593231,0.22015427053,0.86694419384,-0.217409849167,-0.748951256275,-0.184345915914,0.598181962967
0.504743278027,0.226552546024,0.866546750069,-0.235217809677,-0.741970300674,-0.20553612709,0.59321808815
0.509001195431,0.233721524477,0.866391420364,-0.252103388309,-0.73859167099,-0.217025920749,0.586366772652
0.513974666595,0.240229859948,0.8656219244,-0.265137404203,-0.732746005058,-0.231236830354,0.582507550716
0.518349170685,0.246994435787,0.865006923676,-0.282358765602,-0.72673779726,-0.246294990182,0.575729489326
0.522502303123,0.254404217005,0.863563895226,-0.289444804192,-0.722147405148,-0.250500112772,0.576172411442
0.527318656445,0.258987426758,0.863503694534,-0.301056861877,-0.71031665802,-0.290088325739,0.56627202034
0.531632900238,0.264940917492,0.862515211105,-0.315146893263,-0.702671289444,-0.303380668163,0.561155796051
0.535211086273,0.271738946438,0.861054897308,-0.321621805429,-0.697481453419,-0.307909369469,0.56148982048
0.541580021381,0.275948703289,0.859763979912,-0.345560729504,-0.674668312073,-0.326513320208,0.564623355865
0.543550491333,0.281434416771,0.859871029854,-0.34048268199,-0.674262344837,-0.339221209288,0.560687720776
0.54948091507,0.285213440657,0.858387231827,-0.364737957716,-0.652315020561,-0.356989949942,0.560365617275
0.551984190941,0.288417816162,0.858988881111,-0.36681869626,-0.644635438919,-0.381654143333,0.551569998264
0.555412471294,0.293188869953,0.857888579369,-0.368428260088,-0.635920524597,-0.389290004969,0.555264770985
0.560595214367,0.297490030527,0.856994509697,-0.378261864185,-0.618949174881,-0.395686358213,0.563251495361
0.563319265842,0.300070017576,0.856205403805,-0.387560069561,-0.607233583927,-0.421777874231,0.550607085228
0.566520571709,0.302561461926,0.855521976948,-0.393398076296,-0.592699050903,-0.437595367432,0.549960017204
0.569668531418,0.304754495621,0.854581713676,-0.397338271141,-0.574998736382,-0.441689133644,0.562502920628
0.572028517723,0.306703388691,0.853802978992,-0.403369307518,-0.563559234142,-0.464952349663,0.550920665264
0.574884235859,0.307346999645,0.853207230568,0.40982824564,0.542913913727,0.47453340888,-0.558662116528
0.57607871294,0.309965521097,0.852952063084,0.424259066582,0.531379699707,0.481722295284,-0.552796006203
0.576570093632,0.311185926199,0.850618541241,0.419971197844,0.521230816841,0.501438379288,-0.548180818558
0.580332517624,0.310887157917,0.850313186646,0.423947572708,0.502943992615,0.508939981461,-0.555244028568
0.580902636051,0.311802119017,0.849434733391,0.430131286383,0.491443663836,0.518415153027,-0.552010834217
0.581028699875,0.313478976488,0.847739517689,0.434695780277,0.483134716749,0.532872319221,-0.541911005974
0.582591056824,0.313367903233,0.84694904089,0.436949014664,0.46966162324,0.533830940723,-0.550924897194
0.583143591881,0.313642889261,0.845991849899,0.44151365757,0.461138099432,0.540331304073,-0.548142075539
0.584033489227,0.313085764647,0.845543146133,0.446683734655,0.452640503645,0.548030138016,-0.543372154236
0.583950698376,0.313835889101,0.84419131279,0.450119793415,0.447373628616,0.549798429012,-0.543112039566
0.584223031998,0.313894242048,0.843238711357,0.454138785601,0.442321717739,0.551444709301,-0.54223459959
0.584224104881,0.313943624496,0.842436730862,0.459566801786,0.439399272203,0.551967740059,-0.539498329163
0.584059715271,0.313915401697,0.841669917107,0.463270753622,0.438926905394,0.55137526989,-0.537316083908
0.584031462669,0.313678890467,0.84095454216,0.467390298843,0.439219176769,0.547194421291,-0.537783622742
0.583657443523,0.313297688961,0.840198814869,0.470223993063,0.440047681332,0.543983519077,-0.537893414497
0.583229601383,0.313059449196,0.839520692825,0.473908185959,0.44304484129,0.538697838783,-0.537519335747
0.58274012804,0.312669187784,0.838768601418,0.476508975029,0.446293979883,0.532656133175,-0.538552105427
0.582012176514,0.312266081572,0.838094115257,0.477914661169,0.451388388872,0.52673971653,-0.538879752159
0.581560075283,0.311653494835,0.837490439415,0.481087476015,0.455873191357,0.517703056335,-0.541034460068
0.580514669418,0.310783863068,0.83693510294,0.481370866299,0.461074978113,0.511688947678,-0.542094647884
0.579989850521,0.309939056635,0.836978256702,0.481348782778,0.469495326281,0.502725243568,-0.543272554874
0.579057633877,0.308744907379,0.836322546005,0.48544755578,0.47162976861,0.496021211147,-0.54393863678
0.578213870525,0.30920279026,0.836438596249,0.477444857359,0.488315165043,0.4834844172,-0.547574222088
0.576781690121,0.307042688131,0.835280179977,0.485161215067,0.483389675617,0.480408668518,-0.547869086266
0.575911045074,0.307201564312,0.83539891243,0.478260248899,0.498315274715,0.465943187475,-0.553033411503
0.574683725834,0.305420339108,0.834324240685,0.484134674072,0.496341586113,0.459016829729,-0.555483698845
0.573561012745,0.304395467043,0.833976149559,0.484178155661,0.500699579716,0.450901776552,-0.558174610138
0.571736931801,0.303116232157,0.833289384842,0.487020671368,0.504621684551,0.45361071825,-0.549913883209
0.571709394455,0.302425265312,0.832472383976,0.483021944761,0.507811486721,0.43390801549,-0.566163659096
0.56982421875,0.301109224558,0.832613706589,0.484150499105,0.512678205967,0.428155690432,-0.565192162991
0.568522393703,0.299555629492,0.832259356976,0.486458301544,0.513777434826,0.423839211464,-0.565465688705
0.567274093628,0.298492312431,0.83196246624,0.487128168344,0.51655203104,0.417401403189,-0.567147552967
0.566854834557,0.297695755959,0.831408321857,0.48279094696,0.522431254387,0.409173071384,-0.571450889111
0.56533908844,0.296771377325,0.831182956696,0.48290514946,0.526526212692,0.402934670448,-0.572028338909
0.563737630844,0.29547971487,0.830704391003,0.485968708992,0.526713132858,0.402004539967,-0.569912314415
0.56248909235,0.294685900211,0.830410599709,0.482195854187,0.530363798141,0.396351337433,-0.57367837429
0.561251103878,0.293788850307,0.830199658871,0.481797993183,0.532514035702,0.390838742256,-0.575799107552
0.560245096684,0.292795151472,0.830162882805,0.480314552784,0.533657848835,0.385624438524,-0.579483449459
0.55854177475,0.292094826698,0.829514563084,0.478873848915,0.533478558064,0.380696296692,-0.584081232548
0.555775046349,0.290243089199,0.830152392387,0.474812865257,0.5416187644,0.379905670881,-0.580408096313
0.554281294346,0.290221065283,0.83026266098,0.478310167789,0.545627832413,0.372904330492,-0.578318238258
0.553281009197,0.290825337172,0.830255389214,0.481494903564,0.55295586586,0.361117482185,-0.576191604137
0.551530718803,0.28973120451,0.830009758472,0.473779201508,0.555524289608,0.361558109522,-0.579829156399
0.549746513367,0.289347112179,0.83015203476,0.472083926201,0.560313880444,0.355046778917,-0.580626308918
0.547944545746,0.288842350245,0.830325722694,0.469378888607,0.564534306526,0.348187714815,-0.582880675793
0.545672476292,0.288457036018,0.830459952354,0.465634018183,0.569276571274,0.34280833602,-0.584458351135
0.543668627739,0.288178622723,0.830734670162,0.463360756636,0.57584965229,0.334741294384,-0.584501743317
0.541459918022,0.287868440151,0.831160306931,0.459817290306,0.582206249237,0.327279001474,-0.585228681564
0.539436876774,0.28817731142,0.831711292267,-0.458908885717,-0.596519291401,-0.320349305868,0.575277149677
0.537071347237,0.288011074066,0.832150578499,-0.456628441811,-0.603539943695,-0.312077403069,0.574314892292
0.534828662872,0.288233667612,0.83271586895,-0.454587727785,-0.61190199852,-0.300702780485,0.57315248251
0.532345533371,0.288331508636,0.833296477795,-0.453189104795,-0.619990110397,-0.291676610708,0.5702252388
0.529955208302,0.288396596909,0.833924353123,-0.452500462532,-0.626919209957,-0.281756460667,0.568180382252
0.527087688446,0.288770437241,0.834233045578,-0.450892180204,-0.635484755039,-0.26982536912,0.565729260445
0.524408757687,0.288843929768,0.834929823875,-0.450303465128,-0.643364906311,-0.260215520859,0.561779618263
0.521607160568,0.288679122925,0.835603713989,-0.448866784573,-0.650190353394,-0.252304464579,0.558671295643
0.520709276199,0.28896561265,0.835057258606,-0.454424530268,-0.649130046368,-0.23502612114,0.562931060791
0.516184747219,0.287879377604,0.837706267834,-0.444702863693,-0.66213619709,-0.238473579288,0.554026544094
0.513554275036,0.287329912186,0.839393317699,-0.440569937229,-0.669933617115,-0.235753372312,0.549096941948
0.511014282703,0.286582350731,0.840406656265,-0.438196569681,-0.673175275326,-0.229592338204,0.549642026424
0.508688688278,0.285530716181,0.841205239296,-0.438114643097,-0.672938585281,-0.223205626011,0.552619695663
0.506019532681,0.284651517868,0.842877030373,-0.430392295122,-0.677013158798,-0.219289153814,0.555272817612
0.503685593605,0.283606559038,0.844010829926,-0.426780551672,-0.677332520485,-0.213098332286,0.560060858727
0.501037955284,0.283164769411,0.843597590923,-0.423118114471,-0.675106883049,-0.197193682194,0.57124119997
0.499143630266,0.280764579773,0.846214652061,-0.421349316835,-0.673798084259,-0.204634398222,0.571476876736
0.497801959515,0.280099064112,0.845326185226,-0.425246566534,-0.664241492748,-0.187203139067,0.585579752922
0.494331240654,0.277754873037,0.848707973957,-0.414522469044,-0.668277800083,-0.196019411087,0.585792124271
0.492065250874,0.276154190302,0.850325524807,-0.408383458853,-0.666217327118,-0.192267715931,0.593641757965
0.489571869373,0.274646759033,0.852245092392,-0.402544796467,-0.665453255177,-0.189569726586,0.599327087402
0.487310677767,0.272890985012,0.854111492634,-0.396066576242,-0.662081360817,-0.185976967216,0.608434140682
0.485320031643,0.271168857813,0.855335712433,-0.398660600185,-0.655374526978,-0.180864781141,0.615501344204
0.482632786036,0.269600063562,0.857612907887,-0.392759591341,-0.655070364475,-0.179521486163,0.619995832443
0.480157256126,0.26802110672,0.859362840652,-0.392397075891,-0.651596486568,-0.176251649857,0.624805510044
0.47836664319,0.265806734562,0.860215544701,-0.401434361935,-0.640661537647,-0.17385558784,0.631013095379
0.47569128871,0.264380037785,0.862043023109,-0.397822469473,-0.638783931732,-0.17005994916,0.636216878891
0.473241299391,0.262709200382,0.863783121109,0.399084568024,0.635159850121,0.167101994157,-0.639828443527
0.470752626657,0.261088490486,0.865457653999,0.401965618134,0.63066059351,0.163060754538,-0.643507659435
0.468575894833,0.258956700563,0.867018699646,0.409142076969,0.622927486897,0.161309018731,-0.646949410439
0.465539962053,0.257537305355,0.869577288628,0.404156982899,0.623910486698,0.158998951316,-0.649701654911
0.464636296034,0.256155401468,0.868089199066,0.421668738127,0.60395693779,0.141738444567,-0.661318182945
0.461748301983,0.254016667604,0.870985865593,0.419200778008,0.604594826698,0.145266756415,-0.661538660526
0.458558231592,0.251150608063,0.873914599419,0.420009046793,0.60465824604,0.152379184961,-0.659364283085
0.4558365345,0.249092459679,0.875563979149,0.421461284161,0.600952446461,0.150265708566,-0.66230404377
0.454189985991,0.247923970222,0.876708865166,0.423651903868,0.59489428997,0.139265537262,-0.668748736382
0.451303780079,0.246629849076,0.878148496151,0.419802695513,0.592291235924,0.128790944815,-0.675551354885
0.449557125568,0.242836564779,0.877899467945,0.441015660763,0.573456466198,0.126026019454,-0.67880064249
0.447122573853,0.240310892463,0.87939453125,0.443847835064,0.568160712719,0.123481668532,-0.681868672371
0.44352221489,0.237783253193,0.880550861359,0.44654661417,0.566526770592,0.112228669226,-0.683409392834
0.442307472229,0.234989032149,0.882197856903,0.449604839087,0.557492494583,0.119535639882,-0.687582015991
0.439994603395,0.232199192047,0.884100615978,0.452096134424,0.553862273693,0.118144847453,-0.68912088871
0.436861425638,0.229188412428,0.88521361351,0.455734312534,0.546967029572,0.105046972632,-0.694333136082
0.435306310654,0.226153731346,0.886659026146,0.45928183198,0.540841519833,0.113482229412,-0.695465683937
0.432564109564,0.2221352458,0.889310479164,0.463123619556,0.539461135864,0.121457532048,-0.692637205124
0.430746614933,0.21997833252,0.889799177647,0.46592232585,0.532055616379,0.110541954637,-0.698293507099
0.428470999002,0.216901630163,0.891155898571,0.47031223774,0.527788102627,0.108892768621,-0.698848068714
0.425700962543,0.212775558233,0.893623232841,0.474100768566,0.527128756046,0.116653002799,-0.69552564621
0.421691596508,0.209080830216,0.895698010921,0.475823074579,0.524955630302,0.114552699029,-0.696341693401
0.420079827309,0.205358698964,0.897091984749,0.476031064987,0.520101845264,0.102725975215,-0.701666474342
0.418162733316,0.202029407024,0.898676633835,0.479054152966,0.518869757652,0.110666565597,-0.699309766293
0.415953725576,0.199794441462,0.8990188241,0.478528529406,0.513525307178,0.0872785747051,-0.7068836689
0.41344243288,0.196325242519,0.900343775749,0.481385350227,0.509649515152,0.0765380561352,-0.708990454674
0.411927193403,0.19282785058,0.901926457882,0.484863013029,0.511203408241,0.0913216769695,-0.703732430935
0.408899784088,0.189617455006,0.903283596039,0.487740516663,0.507811367512,0.0673752054572,-0.70689278841
0.40754494071,0.186389774084,0.90484046936,0.495836555958,0.508688211441,0.081652097404,-0.699081838131
0.404579430819,0.181501239538,0.907917976379,0.494332551956,0.509720861912,0.0704919621348,-0.700607657433
0.402415692806,0.179585710168,0.907458782196,0.506424188614,0.504182934761,0.0524882860482,-0.697552382946
0.400404512882,0.175842240453,0.908912301064,0.511632621288,0.501677453518,0.0474198795855,-0.695918977261
0.399238348007,0.169751405716,0.912536919117,0.511754393578,0.50215357542,0.0771291553974,-0.692820608616
0.39713793993,0.167544901371,0.912129223347,0.524252772331,0.495357066393,0.05941882357,-0.690108597279
0.395982682705,0.163639694452,0.915590524673,0.511878967285,0.501889824867,0.0610457956791,-0.694521546364
0.392018616199,0.160869032145,0.917919814587,0.521009743214,0.506332159042,0.0376318953931,-0.686119914055
0.390416890383,0.154669046402,0.918128073215,0.53210568428,0.487778246403,0.0481596365571,-0.69037437439
0.386557251215,0.153860941529,0.92509073019,0.497111052275,0.521331489086,0.05191334337,-0.691663980484
0.382474124432,0.151669681072,0.929000914097,0.478987544775,0.535331904888,0.045820787549,-0.694183826447
0.378888487816,0.14932243526,0.932087481022,0.471483290195,0.543212771416,0.0374063290656,-0.693703174591
0.375380724669,0.146341428161,0.934665322304,0.463139086962,0.546044051647,0.0285916496068,-0.697510302067
0.37205684185,0.142993301153,0.937049150467,0.462158888578,0.548773646355,0.0208816491067,-0.696290612221
0.368654251099,0.139459326863,0.939117252827,0.462572753429,0.547154724598,0.0122928991914,-0.697493493557
0.37220710516,0.12548288703,0.931937217712,0.568067193031,0.466229319572,0.0140789523721,-0.678035318851
0.368976354599,0.12193518877,0.935923218727,0.562354266644,0.474200665951,0.0133516546339,-0.677283763885
0.366307735443,0.119203396142,0.937757253647,0.572042763233,0.474738508463,0.00303576863371,-0.668865740299
0.362705975771,0.113527454436,0.94083750248,0.571355462074,0.468164116144,0.00185539678205,-0.674071133137
0.35933175683,0.109170407057,0.943407714367,0.573492228985,0.465638548136,-0.00529367942363,-0.673987627029
0.35579392314,0.104740589857,0.94615483284,0.57647049427,0.461881399155,-0.00760381110013,-0.67401009798
0.352383166552,0.102148830891,0.948401153088,0.585307359695,0.462473750114,-0.0199706703424,-0.665683507919
0.348579585552,0.0963173732162,0.951830625534,0.583073854446,0.455953001976,-0.018299639225,-0.672158241272
0.345104813576,0.0935611128807,0.954172968864,0.591329693794,0.455289244652,-0.0297662839293,-0.664947330952
0.340769052505,0.0883078351617,0.957801222801,0.589769423008,0.449614346027,-0.0301642101258,-0.670156121254
0.3367639184,0.0842451304197,0.960853457451,0.594939172268,0.445588439703,-0.0349179245532,-0.668041229248
0.333088755608,0.0818163603544,0.963160097599,0.605052292347,0.443933874369,-0.0463021509349,-0.659310638905
0.328887224197,0.0768750160933,0.967017173767,0.604862809181,0.439662396908,-0.0485514327884,-0.662178695202
0.322944581509,0.074989259243,0.968440115452,0.610573172569,0.432863384485,-0.0699603036046,-0.659496188164
0.317714035511,0.0701508969069,0.972518503666,0.608351171017,0.428233623505,-0.075959905982,-0.663893640041
0.316629111767,0.0656983330846,0.976549267769,0.622668147087,0.425420045853,-0.0600197315216,-0.653987646103
0.312478244305,0.0619307607412,0.979870080948,0.628458142281,0.419870376587,-0.0626720562577,-0.651783227921
0.307685792446,0.0587000325322,0.983176469803,0.632238030434,0.418372303247,-0.0747080370784,-0.647810637951
0.30455750227,0.054936401546,0.986259222031,0.63918107748,0.409542828798,-0.0695698708296,-0.647211313248
0.30039486289,0.0511997044086,0.989633798599,0.6432082057,0.403080523014,-0.0681335330009,-0.647431194782
0.296523928642,0.0478937029839,0.992572307587,-0.647692382336,-0.399622321129,0.0742479711771,0.644425213337
0.292358875275,0.0444886833429,0.995806455612,-0.652972877026,-0.393867254257,0.0744524672627,0.64261341095
0.287443399429,0.0419480875134,0.999028205872,-0.652863502502,-0.39767858386,0.087749235332,0.638687074184
0.283423781395,0.0363527908921,1.0039768219,-0.676448106766,-0.391308903694,0.0766338407993,0.619211196899
0.279448151588,0.0362033396959,1.00508642197,-0.661042511463,-0.393541544676,0.092778198421,0.632091760635
0.274665772915,0.0337611362338,1.0092779398,-0.665749371052,-0.397452414036,0.0913085341454,0.62487757206
0.27068901062,0.0314449295402,1.01201438904,-0.67234647274,-0.396607011557,0.0928251594305,0.618091106415
0.267405450344,0.0282190069556,1.01322984695,-0.686788439751,-0.387076228857,0.0974739119411,0.607447564602
0.263346672058,0.0251300185919,1.01349008083,-0.696186482906,-0.373083591461,0.106710478663,0.603942036629
0.257667034864,0.0258076190948,1.01483297348,-0.697830080986,-0.380143195391,0.121073149145,0.594866156578
0.254271149635,0.0226978883147,1.01861011982,-0.699377417564,-0.376766443253,0.112606182694,0.596857130527
0.251622349024,0.0196351483464,1.0203332901,-0.709284186363,-0.369079232216,0.110223174095,0.59037899971
0.247896298766,0.0202927961946,1.02478468418,-0.707805931568,-0.386028975248,0.107566766441,0.581740319729
0.243093281984,0.0182203054428,1.02542114258,-0.709585666656,-0.372273385525,0.1159895733,0.586896121502
0.239452987909,0.0171630308032,1.02783322334,-0.713812828064,-0.37053617835,0.116755194962,0.582702815533
0.236916035414,0.0182090103626,1.03001463413,-0.723240494728,-0.381306350231,0.119929753244,0.563156723976
0.232841417193,0.0154758691788,1.03184342384,-0.723060548306,-0.364990413189,0.120975993574,0.573873102665
0.230630859733,0.013699606061,1.03348779678,-0.731741249561,-0.357371717691,0.118997186422,0.568049073219
0.227351263165,0.0126880481839,1.03575289249,-0.732701122761,-0.353689312935,0.116301052272,0.569672524929
0.224119186401,0.0128469467163,1.03801178932,-0.736094534397,-0.353618443012,0.117411129177,0.565095901489
0.220743298531,0.013813637197,1.0396463871,-0.742082893848,-0.358150422573,0.123042777181,0.553083956242
0.217779010534,0.0134423822165,1.04241251945,-0.741327404976,-0.357912153006,0.121053785086,0.554687917233
0.214213356376,0.0136108994484,1.04448246956,-0.739551007748,-0.359668940306,0.12197214365,0.555720686913
0.21114641428,0.0142680630088,1.04681754112,-0.737318694592,-0.363559156656,0.123161718249,0.555893182755
0.207968398929,0.0155992880464,1.04800415039,-0.739552736282,-0.365212827921,0.132621973753,0.549629628658
0.205028668046,0.0163725316525,1.04961144924,-0.739687979221,-0.368423879147,0.137163341045,0.546179294586
0.202308639884,0.0173388272524,1.05103433132,-0.739283561707,-0.370817095041,0.14226692915,0.543796360493
0.19951748848,0.0185317918658,1.05260586739,-0.738824605942,-0.375975400209,0.147890806198,0.539359867573
0.198165565729,0.0189930647612,1.05391347408,-0.741839706898,-0.372343361378,0.142043069005,0.539312541485
0.194932475686,0.0203206911683,1.05536496639,-0.740699648857,-0.379484772682,0.154792681336,0.532348275185
0.193531662226,0.0209905281663,1.0566701889,-0.743701338768,-0.377205371857,0.150380536914,0.531046390533
0.191675126553,0.0216714963317,1.05792880058,-0.743168890476,-0.378020346165,0.152768060565,0.530530393124
0.189216077328,0.0231991261244,1.05914127827,-0.74374973774,-0.38342666626,0.160139486194,0.52361792326
0.188008889556,0.0241397991776,1.06009209156,-0.744233906269,-0.382121711969,0.162876442075,0.523039281368
0.185854285955,0.0251863151789,1.0615606308,-0.742684185505,-0.387194722891,0.164961919188,0.520853042603
0.184133052826,0.0266424715519,1.06253099442,-0.742254197598,-0.388460576534,0.174007967114,0.51756966114
0.18293209374,0.0275181308389,1.06412947178,-0.742623329163,-0.391191989183,0.168974131346,0.516649901867
0.182243600488,0.0293961316347,1.06630194187,-0.738404512405,-0.396843194962,0.164233788848,0.519905269146
0.181372150779,0.0304991081357,1.06745433807,-0.737524032593,-0.396157085896,0.158840477467,0.523342907429
0.180663898587,0.0318124890327,1.06798231602,-0.737187683582,-0.394168257713,0.15618377924,0.526110708714
0.178936123848,0.0336687266827,1.06831932068,-0.735163271427,-0.396417826414,0.161633506417,0.525606751442
0.178251385689,0.0354938358068,1.06876945496,-0.733845472336,-0.395647495985,0.157102912664,0.529388844967
0.177603557706,0.0377732217312,1.06875824928,-0.733189642429,-0.396723985672,0.155321359634,0.530017316341
0.177109286189,0.0402837395668,1.06858325005,-0.731886267662,-0.397922188044,0.153945371509,0.531320214272
0.176626831293,0.0426148362458,1.06841790676,-0.729597389698,-0.400435596704,0.151494219899,0.533280968666
0.17655852437,0.0449874773622,1.06780457497,-0.728546082973,-0.401370674372,0.149815931916,0.534488141537
0.176724225283,0.046940844506,1.06701219082,-0.72810870409,-0.400328993797,0.14818122983,0.536317944527
0.178167134523,0.0488352552056,1.06640601158,-0.72929507494,-0.397430151701,0.136943981051,0.539837360382
0.179060176015,0.0496330223978,1.06583344936,-0.727879285812,-0.392792880535,0.130512267351,0.546692013741
0.179262056947,0.0512470528483,1.06524920464,-0.727560222149,-0.394481509924,0.133939057589,0.545069694519
0.180784985423,0.0518470928073,1.06429731846,-0.730099022388,-0.388936936855,0.129288613796,0.546779632568
0.182274773717,0.0527599528432,1.06342887878,-0.730814576149,-0.385754108429,0.124649941921,0.549150586128
0.183962956071,0.0533165894449,1.0622266531,-0.732810020447,-0.378951400518,0.120338276029,0.552181184292
0.185504943132,0.0543264448643,1.06105005741,-0.732866466045,-0.375863730907,0.118389561772,0.554632484913
0.187235072255,0.0549778752029,1.0596255064,-0.731633663177,-0.37144485116,0.116258069873,0.559665024281
0.18891954422,0.0563648156822,1.05800485611,-0.731006741524,-0.369778573513,0.118026740849,0.561215281487
0.190810754895,0.0570635534823,1.05676782131,-0.728379309177,-0.366909742355,0.116083815694,0.566891133785
0.192724779248,0.0579820908606,1.05480146408,-0.730161786079,-0.362410485744,0.118439599872,0.567004978657
0.194944217801,0.0581146068871,1.05329930782,-0.726826429367,-0.357950747013,0.11482424289,0.574813008308
0.197406053543,0.0582756400108,1.05189609528,-0.727418065071,-0.352985024452,0.113468259573,0.577398955822
0.199868083,0.0586223863065,1.05091392994,-0.728260755539,-0.352532714605,0.110432051122,0.577201604843
0.202356308699,0.0587086826563,1.04925227165,-0.728797376156,-0.347540080547,0.109500966966,0.579724013805
0.204915195704,0.0589769333601,1.04799354076,-0.729323327541,-0.345026552677,0.10793530196,0.580856323242
0.207496896386,0.0590924024582,1.04631352425,-0.730313718319,-0.339636206627,0.107441060245,0.582877039909
0.209849715233,0.0606931746006,1.04325711727,-0.736090362072,-0.336805909872,0.118712157011,0.57501333952
0.212523624301,0.0611123368144,1.04249429703,-0.735297322273,-0.336888790131,0.117877237499,0.576149821281
0.215380132198,0.0615395456553,1.04126358032,-0.735716044903,-0.334021538496,0.117706589401,0.577318608761
0.218219771981,0.0614911690354,1.03999507427,-0.737704336643,-0.328411191702,0.116992950439,0.578144609928
0.221232578158,0.0617713928223,1.03899180889,-0.737926900387,-0.323845148087,0.115187816322,0.580792605877
0.224594026804,0.0609083548188,1.03900659084,-0.732533216476,-0.319344758987,0.10873798281,0.591261446476
0.227393522859,0.0622607991099,1.03684568405,-0.738468706608,-0.316722482443,0.114473156631,0.584163308144
0.230750739574,0.0625576451421,1.03560090065,-0.739084422588,-0.313005834818,0.115643538535,0.585156559944
0.234335303307,0.0600539669394,1.0336509943,-0.739402592182,-0.292109489441,0.111356653273,0.596284806728
0.237470567226,0.0627986118197,1.03293406963,-0.741694688797,-0.303309112787,0.115049310029,0.58707433939
0.240861088037,0.0634058266878,1.03190934658,-0.742337346077,-0.30178964138,0.112378291786,0.587562441826
0.244714811444,0.0628053545952,1.03145623207,-0.7385866642,-0.30009829998,0.105094246566,0.594462752342
0.248549714684,0.0631485879421,1.02968680859,-0.740565955639,-0.29318934679,0.100448615849,0.5962485075
0.252392292023,0.0638130828738,1.02775931358,-0.740948677063,-0.290531277657,0.100596033037,0.597048580647
0.255718231201,0.0656808391213,1.02255606651,-0.746142268181,-0.285061210394,0.124464929104,0.588659822941
0.259854733944,0.0663350448012,1.0205899477,-0.748800218105,-0.278191506863,0.117597840726,0.589981853962
0.26434969902,0.0661649554968,1.01943612099,-0.744761049747,-0.273052126169,0.108870655298,0.599099993706
0.268673479557,0.0676495805383,1.01731002331,-0.746535718441,-0.272768437862,0.107855170965,0.597201108932
0.27326977253,0.0696927607059,1.01481842995,-0.745705008507,-0.272425174713,0.114272013307,0.597202241421
0.277595043182,0.0725714638829,1.01062297821,-0.751817643642,-0.271342158318,0.119821950793,0.588885784149
0.282802581787,0.0747201368213,1.01146090031,-0.743665516376,-0.281818807125,0.105478204787,0.597004234791
0.288382411003,0.0744312778115,1.00641143322,-0.753747344017,-0.25391805172,0.0919198766351,0.599117219448
0.292966961861,0.0768354684114,1.00384402275,-0.756200969219,-0.251213163137,0.0854422152042,0.598123550415
0.298457384109,0.080937050283,1.00280213356,-0.752941310406,-0.265555948019,0.0794415026903,0.596865475178
0.303114950657,0.0821982175112,0.997294187546,-0.759547829628,-0.248483255506,0.0872096046805,0.594758450985
0.307016551495,0.0807093903422,0.998843669891,-0.79846316576,-0.243413597345,0.0756663605571,0.545418441296
0.312309384346,0.0892845466733,0.991233348846,-0.763561010361,-0.265227854252,0.0860252603889,0.582433223724
0.317294061184,0.092547185719,0.987972617149,-0.762870848179,-0.254139393568,0.0932090580463,0.587157011032
0.322079092264,0.0962290763855,0.984652161598,-0.764779508114,-0.255515515804,0.0928736329079,0.584122121334
0.326476246119,0.0948305726051,0.98602449894,-0.805046737194,-0.241062417626,0.0645091831684,0.538170278072
0.331970989704,0.103945724666,0.97803145647,-0.768849670887,-0.255080103874,0.0850130394101,0.580152630806
0.336803376675,0.107258431613,0.974632322788,-0.773013353348,-0.251846134663,0.0781940668821,0.576983094215
0.340344786644,0.106308795512,0.975685715675,-0.813429653645,-0.238098725677,0.054584722966,0.527884185314
0.345667570829,0.117242984474,0.96912753582,-0.772960245609,-0.265567809343,0.0703445896506,0.571889877319
0.349773794413,0.117656961083,0.968931555748,-0.803754031658,-0.255860894918,0.0482315942645,0.534965932369
0.354771107435,0.126837655902,0.963113427162,-0.77410274744,-0.276241749525,0.059672806412,0.566475689411
0.359298557043,0.131500869989,0.959877490997,-0.774696052074,-0.279537677765,0.0553218573332,0.564485967159
0.363810390234,0.135673105717,0.956870913506,-0.777485668659,-0.280961871147,0.049210511148,0.560495138168
0.367330789566,0.138953179121,0.95146882534,-0.783651769161,-0.267508685589,0.0500639565289,0.55841088295
0.372322499752,0.142122089863,0.94695276022,-0.786693811417,-0.257763564587,0.0433662161231,0.559276401997
0.376433044672,0.149107396603,0.947851419449,-0.781334996223,-0.282925486565,0.0274006966501,0.555623948574
0.380695402622,0.15371876955,0.944563746452,-0.783307254314,-0.281847566366,0.0258802231401,0.553463697433
0.384909600019,0.158700063825,0.942380428314,-0.782702445984,-0.286105155945,0.0172057524323,0.552471339703
0.38933879137,0.163638710976,0.939904510975,-0.781090736389,-0.288512796164,0.0122676491737,0.553630948067
0.392803788185,0.176524758339,0.93598908186,-0.7525639534,-0.319923192263,0.0317712277174,0.57470625639
0.397992432117,0.175217062235,0.933920800686,-0.788039565086,-0.292773604393,0.014202201739,0.541364490986
0.401417136192,0.179408237338,0.932330787182,-0.784734964371,-0.292568773031,0.00380691839382,0.546424865723
0.40540677309,0.184855043888,0.93066573143,-0.783357322216,-0.297996371984,-0.00360988592729,0.545469105244
0.409370243549,0.18942168355,0.928101241589,-0.784139692783,-0.295616388321,-0.00992017239332,0.545561790466
0.413177251816,0.194408252835,0.926548302174,-0.781455099583,-0.300938338041,-0.0181547179818,0.546291589737
0.417079329491,0.199059158564,0.924368262291,-0.782171308994,-0.29900816083,-0.0226784292608,0.546157419682
0.421040296555,0.203985452652,0.921652436256,-0.785190463066,-0.296451330185,-0.0240212511271,0.54315340519
0.424834400415,0.209183871746,0.920062065125,-0.784119427204,-0.301485478878,-0.0301169957966,0.541623592377
0.428701072931,0.213767662644,0.917647480965,-0.784491062164,-0.299684941769,-0.0333865098655,0.541893064976
0.432430386543,0.218336641788,0.915504097939,-0.785237193108,-0.298706799746,-0.0368339009583,0.541128575802
0.436112165451,0.223354578018,0.913920760155,-0.783673763275,-0.302643328905,-0.0423437394202,0.540804445744
0.439749032259,0.227652311325,0.911482453346,-0.784675776958,-0.299567937851,-0.0457437895238,0.540786802769
0.443352520466,0.231965601444,0.90926605463,-0.785802006721,-0.298216193914,-0.0492659844458,0.539588034153
0.446862697601,0.23670399189,0.907669186592,-0.784928381443,-0.301213026047,-0.0540619082749,0.538735210896
0.451371669769,0.240401238203,0.905197262764,-0.784717559814,-0.292966008186,-0.0542733818293,0.543547391891
0.45466953516,0.244460210204,0.903057157993,-0.786091029644,-0.291803926229,-0.0570574961603,0.541900157928
0.458022534847,0.248995527625,0.901397585869,-0.785075724125,-0.295032948256,-0.0615377873182,0.541132926941
0.460291028023,0.253100126982,0.899406611919,-0.788510262966,-0.297004669905,-0.0666251480579,0.534416496754
0.464315533638,0.25697439909,0.897453665733,-0.787127077579,-0.295981019735,-0.0682148039341,0.536817491055
0.467646867037,0.259977281094,0.895403146744,-0.785756826401,-0.291411370039,-0.0716837570071,0.540857672691
0.470518350601,0.264423489571,0.893728792667,-0.786167502403,-0.297044754028,-0.074532404542,0.536796033382
0.474340379238,0.268270611763,0.891291439533,-0.790004491806,-0.294101268053,-0.0733924657106,0.532926797867
0.47667580843,0.270591437817,0.889970898628,-0.786413908005,-0.291968971491,-0.0811109468341,0.538264214993
0.478490024805,0.274598956108,0.888274550438,-0.788916826248,-0.300340384245,-0.085746280849,0.529200732708
0.482302725315,0.276546031237,0.886326611042,-0.787410199642,-0.288618594408,-0.0909115895629,0.537047207355
0.484043121338,0.280849635601,0.884734809399,-0.788959622383,-0.302320837975,-0.0948011502624,0.526457607746
0.486545532942,0.28418853879,0.883016228676,-0.789083957672,-0.300736129284,-0.0960188508034,0.526957988739
0.489205121994,0.28779309988,0.88079559803,-0.792455852032,-0.303376197815,-0.095181889832,0.520496845245
0.491680860519,0.290081173182,0.878959238529,-0.790819227695,-0.302673578262,-0.101371660829,0.522223651409
0.493982195854,0.292785942554,0.877041876316,-0.790822982788,-0.298774123192,-0.102071478963,0.524322867393
0.496453464031,0.295509308577,0.875220894814,-0.790890991688,-0.301708579063,-0.10599526763,0.521755218506
0.498465687037,0.29860278964,0.873682677746,-0.789415359497,-0.304086357355,-0.106348499656,0.522536993027
0.500845253468,0.30103635788,0.871789216995,-0.789904177189,-0.303688287735,-0.110521875322,0.521161854267
0.502969384193,0.303442269564,0.869821131229,-0.790219008923,-0.299708455801,-0.10942362994,0.523216307163
0.505081176758,0.305701076984,0.868040561676,-0.790476083755,-0.302141606808,-0.113705292344,0.520508646965
0.507064878941,0.308090001345,0.866154849529,-0.79109954834,-0.300284206867,-0.113253973424,0.520734608173
0.50915646553,0.310270756483,0.864247739315,-0.793098330498,-0.302207380533,-0.117003448308,0.515728652477
0.511081695557,0.312445700169,0.862323403358,-0.794410765171,-0.299332946539,-0.116935938597,0.515400290489
0.513314545155,0.314331740141,0.860566020012,-0.796363353729,-0.299647897482,-0.120830766857,0.511289060116
0.514923214912,0.316567242146,0.858700275421,-0.798461318016,-0.302921116352,-0.122114509344,0.505753338337
0.51827532053,0.319501817226,0.855438530445,-0.809964239597,-0.298753082752,-0.118066169322,0.490678042173
0.519721508026,0.322028279305,0.853640675545,-0.811317801476,-0.301604062319,-0.10901914537,0.488787561655
0.521553814411,0.323411166668,0.852096676826,-0.812164485455,-0.302387058735,-0.116342134774,0.4851962924
0.523559689522,0.324948608875,0.850766301155,-0.813119769096,-0.302803695202,-0.121525846422,0.482055485249
0.525354385376,0.326581984758,0.848868310452,-0.813589215279,-0.299577027559,-0.111650161445,0.485654592514
0.526169896126,0.328474253416,0.847541511059,-0.81378018856,-0.306161999702,-0.114480033517,0.480542391539
0.527480125427,0.329903364182,0.845995485783,-0.813550591469,-0.306233733892,-0.116003096104,0.480520188808
0.529355704784,0.331514418125,0.844852685928,-0.815329432487,-0.307447552681,-0.117188856006,0.476424962282
0.531065821648,0.332644164562,0.843795418739,-0.815592765808,-0.308880716562,-0.126211091876,0.472728163004
0.532477557659,0.334060490131,0.842259824276,-0.816832363605,-0.309032291174,-0.126151710749,0.470499485731
0.53261244297,0.334991037846,0.841867804527,-0.811778187752,-0.312951385975,-0.127398326993,0.476284950972
0.534002304077,0.336789369583,0.840196967125,-0.814725637436,-0.313801676035,-0.125027835369,0.47129496932
0.536191523075,0.338815033436,0.838158607483,-0.821404755116,-0.315376937389,-0.120806016028,0.459606051445
0.536391794682,0.339006960392,0.837812423706,-0.815682470798,-0.317674964666,-0.13069537282,0.465471208096
0.536690711975,0.335764974356,0.833311915398,-0.832780539989,-0.279082298279,-0.128981217742,0.460384309292
0.538142323494,0.341460108757,0.835222601891,-0.816506624222,-0.321764320135,-0.130701765418,0.461196035147
0.538301110268,0.338507056236,0.830658316612,-0.834228277206,-0.282799035311,-0.126088351011,0.456277966499
0.540496826172,0.344625741243,0.831885814667,-0.822733640671,-0.322781562805,-0.123519152403,0.451292157173
0.540841519833,0.345977425575,0.831044077873,-0.821888506413,-0.32573390007,-0.11947350949,0.451799511909
0.540549457073,0.346086591482,0.831456661224,-0.815243721008,-0.328377962112,-0.13268455863,0.458192586899
0.540775775909,0.347079008818,0.830366849899,-0.814739108086,-0.328414410353,-0.128030091524,0.46038299799
0.541043460369,0.347684204578,0.82991361618,-0.812653958797,-0.329151839018,-0.130885869265,0.462732642889
0.541448533535,0.348323464394,0.829224288464,-0.812036693096,-0.3293646276,-0.134653180838,0.462583899498
0.54161053896,0.349731087685,0.828152418137,-0.812862813473,-0.330246537924,-0.12894615531,0.462130099535
0.541631221771,0.350346893072,0.827945709229,-0.809687554836,-0.332434356213,-0.132878214121,0.465012729168
0.541775643826,0.351783901453,0.827237129211,-0.810405731201,-0.335611850023,-0.130568757653,0.462124466896
0.541984498501,0.352523505688,0.826198399067,-0.811065852642,-0.334432095289,-0.129613384604,0.462090730667
0.542053461075,0.35271063447,0.825721740723,-0.808858036995,-0.334611475468,-0.135160267353,0.464236527681
0.542005300522,0.353978216648,0.824917316437,-0.810013949871,-0.335929691792,-0.130425646901,0.462620913982
0.542686402798,0.35543563962,0.823233485222,-0.814562141895,-0.33585396409,-0.122393555939,0.456848442554
0.54191660881,0.354915201664,0.823480010033,-0.808412611485,-0.336988627911,-0.133336722851,0.463820278645
0.542008399963,0.356068432331,0.822451651096,-0.809759020805,-0.338226258755,-0.129404038191,0.461679518223
0.541897892952,0.356314957142,0.822133183479,-0.807304263115,-0.339279711246,-0.130664974451,0.464839726686
0.541736364365,0.356911987066,0.821850478649,-0.807250738144,-0.341118723154,-0.130955860019,0.463502883911
0.541735172272,0.357826471329,0.821711242199,-0.808004915714,-0.343661010265,-0.130156323314,0.46052634716
0.541669011116,0.358324706554,0.821204662323,-0.808599710464,-0.343380153179,-0.127582624555,0.460412144661
0.541554629803,0.358925819397,0.820617318153,-0.809938430786,-0.342599898577,-0.124268092215,0.45954605937
0.541289567947,0.359086483717,0.820776820183,-0.808622896671,-0.343514472246,-0.1260381639,0.460696548223
0.540942788124,0.359453648329,0.820770263672,-0.807909786701,-0.344713330269,-0.1261575073,0.461019337177
0.540652275085,0.359913527966,0.820739328861,-0.807929217815,-0.345839470625,-0.125498861074,0.460321098566
0.540360689163,0.360247671604,0.820642411709,-0.807604134083,-0.347298532724,-0.125411987305,0.459816426039
0.540075659752,0.360576033592,0.82049793005,-0.806940555573,-0.348641127348,-0.125425159931,0.459961771965
0.540001571178,0.361276566982,0.819875359535,-0.809009492397,-0.348781704903,-0.122678220272,0.456951916218
0.539705753326,0.361404955387,0.819894790649,-0.80798625946,-0.351099997759,-0.124683625996,0.456443816423
0.539366900921,0.361708551645,0.819642424583,-0.807539820671,-0.351546674967,-0.12471037358,0.456882804632
0.53911370039,0.362214744091,0.819400668144,-0.80741250515,-0.354637205601,-0.124396026134,0.454800397158
0.538904368877,0.36302754283,0.818796277046,-0.808772981167,-0.356611907482,-0.122098125517,0.451449066401
0.538483262062,0.363328516483,0.818399727345,-0.808064699173,-0.35799613595,-0.121827594936,0.451694846153
0.538119018078,0.363374471664,0.81819409132,-0.806718707085,-0.358935326338,-0.123369373381,0.452935278416
0.537854015827,0.36430233717,0.817920088768,-0.806837975979,-0.361827999353,-0.120755463839,0.451122105122
0.53746420145,0.364631891251,0.817784011364,-0.806036710739,-0.363142669201,-0.120524212718,0.451559662819
0.536988794804,0.364537864923,0.817919254303,-0.804315328598,-0.363580018282,-0.122419647872,0.453762054443
0.536713242531,0.365021109581,0.817746639252,-0.805227160454,-0.363503605127,-0.119670704007,0.452938526869
0.536961913109,0.366024017334,0.817084789276,-0.808955252171,-0.363791644573,-0.112657822669,0.447834163904
0.535269141197,0.365600466728,0.81814211607,-0.801745533943,-0.362393140793,-0.105553947389,0.463393896818
0.535146713257,0.365509241819,0.818970322609,-0.799494326115,-0.368835151196,-0.121388420463,0.458295047283
0.535277783871,0.366948783398,0.818243682384,-0.803619027138,-0.370715409517,-0.113449811935,0.451548248529
0.533682584763,0.366564810276,0.819407761097,-0.796416521072,-0.369098246098,-0.106023609638,0.467168360949
0.533231019974,0.366920381784,0.819788455963,-0.794834136963,-0.371401518583,-0.106019757688,0.468038111925
0.532483875751,0.367342919111,0.820428669453,-0.792371630669,-0.37411659956,-0.107751943171,0.469652473927
0.532024502754,0.367895185947,0.820786237717,-0.790401041508,-0.376600027084,-0.107393890619,0.471068173647
0.531373977661,0.368399441242,0.821342587471,-0.787519276142,-0.379695922136,-0.108222432435,0.47321498394
0.531513333321,0.368652820587,0.82194519043,-0.78495901823,-0.383489519358,-0.110775344074,0.473818510771
0.531023025513,0.369124978781,0.822262167931,-0.78363853693,-0.384753346443,-0.110671065748,0.475002527237
0.53036648035,0.369877249002,0.823055326939,-0.780591070652,-0.389254629612,-0.111833311617,0.476079642773
0.529817819595,0.371420294046,0.823744833469,-0.778967738152,-0.396443456411,-0.110023550689,0.473219484091
0.52914339304,0.372567117214,0.824616312981,-0.776757359505,-0.401827454567,-0.110098496079,0.472293376923
0.528977632523,0.372752100229,0.825469136238,-0.773951172829,-0.404009908438,-0.123913280666,0.471615493298
0.5285333395,0.374334394932,0.826294720173,-0.774481356144,-0.409230947495,-0.123567856848,0.46630436182
0.528251409531,0.374690771103,0.827386081219,-0.770937144756,-0.413626104593,-0.131126403809,0.466235339642
0.528288722038,0.376367032528,0.827938556671,-0.774274170399,-0.41642254591,-0.130460739136,0.458335906267
0.528362154961,0.378259330988,0.828253269196,-0.779096901417,-0.41710549593,-0.127126052976,0.450410872698
0.528169512749,0.380013883114,0.828450739384,-0.782192885876,-0.421272605658,-0.126288682222,0.441310375929
0.52824062109,0.38099065423,0.828806638718,-0.782700836658,-0.421781212091,-0.129004016519,0.439133316278
0.529249966145,0.3841599226,0.828289806843,-0.791508734226,-0.422745674849,-0.120952002704,0.424465417862
0.52943444252,0.3856100142,0.828731179237,-0.793327271938,-0.423158198595,-0.121967814863,0.420348525047
0.528786182404,0.385657608509,0.830326080322,-0.788940548897,-0.422662615776,-0.132180094719,0.42597836256
0.530162036419,0.387871384621,0.829295992851,-0.799014568329,-0.418809264898,-0.125339478254,0.412873476744
0.529679298401,0.38769313693,0.830613255501,-0.795059978962,-0.418145030737,-0.136291503906,0.417682856321
0.531457602978,0.389973342419,0.829235851765,-0.807678461075,-0.408613711596,-0.117022201419,0.408651709557
0.53160327673,0.390444844961,0.829550266266,-0.81003177166,-0.40983530879,-0.135576739907,0.396865874529
0.531642317772,0.391326606274,0.830646395683,-0.816002070904,-0.410078346729,-0.145656526089,0.380474090576
0.532296061516,0.391462385654,0.830258190632,-0.821381926537,-0.403453290462,-0.15064175427,0.373984217644
0.532608926296,0.390081942081,0.829319536686,-0.820568442345,-0.393815040588,-0.1550321877,0.384112507105
0.534137308598,0.391057252884,0.827643096447,-0.831529915333,-0.387546807528,-0.151491492987,0.367988944054
0.533354818821,0.391070753336,0.828094005585,-0.830132365227,-0.38878634572,-0.159063026309,0.366639465094
0.534934043884,0.391406416893,0.826420366764,-0.838501393795,-0.384433239698,-0.152941301465,0.354591935873
0.534485399723,0.38998824358,0.827067613602,-0.834926903248,-0.383869469166,-0.163844704628,0.358742564917
0.534502148628,0.38978806138,0.826555430889,-0.837353229523,-0.383922696114,-0.164009094238,0.352907955647
0.534067153931,0.389424294233,0.825963497162,-0.838865280151,-0.384277939796,-0.163993686438,0.348915070295
0.534212946892,0.389521241188,0.824205994606,-0.844641804695,-0.383405297995,-0.157195314765,0.338925331831
0.534063637257,0.388573646545,0.824231684208,-0.844859540462,-0.384569644928,-0.157708212733,0.336818635464
0.533286929131,0.387586295605,0.824098110199,-0.844613432884,-0.387345761061,-0.156777068973,0.334682613611
0.532507836819,0.386345386505,0.824250400066,-0.843771994114,-0.389244884253,-0.154721826315,0.335556954145
0.530942082405,0.384688317776,0.824070453644,-0.843333363533,-0.390236258507,-0.153438985348,0.336097031832
0.529296755791,0.383234769106,0.824650168419,-0.841236054897,-0.395022600889,-0.15083168447,0.33694049716
0.527158439159,0.380833238363,0.825020670891,-0.837958395481,-0.396643042564,-0.151799350977,0.342719972134
0.524693131447,0.37906652689,0.827735304832,-0.832807660103,-0.4053594172,-0.157795757055,0.342367708683
0.522274792194,0.376292854548,0.829416573048,-0.825303316116,-0.408487021923,-0.161426693201,0.354900538921
0.51984000206,0.373082965612,0.831246376038,-0.814632773399,-0.410444051027,-0.167291432619,0.374062538147
0.516213834286,0.36824887991,0.83450204134,-0.792769551277,-0.415594309568,-0.18470749259,0.405809164047
0.513936638832,0.364237517118,0.836350679398,-0.781791985035,-0.413002163172,-0.192080333829,0.42583540082
0.51373565197,0.360523164272,0.835769414902,-0.787806272507,-0.395432054996,-0.188755854964,0.43285804987
0.513086080551,0.358339756727,0.837257385254,-0.785521328449,-0.391072362661,-0.179897874594,0.44458463788
0.512615263462,0.356440663338,0.83850902319,-0.785548567772,-0.388744980097,-0.182322710752,0.445588678122
0.511348605156,0.353004276752,0.840775370598,-0.775341153145,-0.387718945742,-0.198976397514,0.457087248564
0.512463331223,0.351944386959,0.840851068497,-0.782706022263,-0.383758366108,-0.188631996512,0.452237606049
0.512472331524,0.349212169647,0.841889619827,-0.784289181232,-0.377676218748,-0.190548107028,0.453809082508
0.512048125267,0.346065342426,0.84185218811,-0.787284433842,-0.364509165287,-0.18408370018,0.461984455585
0.511894881725,0.343340724707,0.843889355659,-0.789083778858,-0.360737174749,-0.184956073761,0.461526542902
0.511465191841,0.340444326401,0.845669269562,-0.789420068264,-0.355103254318,-0.183938086033,0.465708643198
0.510948181152,0.337651133537,0.84782230854,-0.789034605026,-0.350853025913,-0.184270590544,0.469436764717
0.510406792164,0.334871023893,0.850258111954,-0.789640009403,-0.347395956516,-0.185201629996,0.470622003078
0.510173380375,0.332057148218,0.85379755497,-0.789499878883,-0.346957832575,-0.187344551086,0.470332235098
0.508791208267,0.329322040081,0.854996919632,-0.791044354439,-0.33916297555,-0.18449793756,0.474529027939
0.508644223213,0.326388567686,0.857884347439,-0.79298132658,-0.336821436882,-0.185694724321,0.472492843866
0.507765352726,0.323481351137,0.860341012478,-0.794737160206,-0.331162303686,-0.184557080269,0.47398635745
0.506897389889,0.320613831282,0.862405955791,-0.796360909939,-0.32646086812,-0.183955058455,0.474756032228
0.506027519703,0.318031549454,0.864213883877,-0.797626376152,-0.321579992771,-0.180642843246,0.477228343487
0.50493735075,0.314929157495,0.866678595543,-0.801293551922,-0.317064970732,-0.181631520391,0.473717689514
0.503753125668,0.312220841646,0.868603408337,-0.80260771513,-0.315211266279,-0.180129304528,0.473303467035
0.502551436424,0.309193909168,0.870452165604,-0.804152965546,-0.313050419092,-0.178286194801,0.472812384367
0.50116622448,0.306625783443,0.871975839138,-0.803704679012,-0.312915146351,-0.174138575792,0.47520378232
0.500126600266,0.303368777037,0.87391602993,-0.801236152649,-0.309628546238,-0.173664972186,0.481654852629
0.498793721199,0.300657987595,0.876166820526,-0.801240622997,-0.311766147614,-0.171232447028,0.48113912344
0.496955901384,0.296745240688,0.87810844183,-0.804202258587,-0.304979145527,-0.171916395426,0.480303287506
0.494804382324,0.294543981552,0.87977540493,-0.805247783661,-0.312073647976,-0.169059231877,0.474978983402
0.49387294054,0.291012644768,0.882127642632,-0.801535964012,-0.305959761143,-0.166553869843,0.485992342234
0.491618484259,0.288571000099,0.884393930435,-0.802100479603,-0.314392000437,-0.174466073513,0.476816743612
0.490443259478,0.285370409489,0.886601984501,-0.798631846905,-0.310048788786,-0.162980675697,0.48938152194
0.487063229084,0.281733006239,0.890087306499,-0.789831280708,-0.321595728397,-0.181398302317,0.489731997252
0.48665356636,0.280241340399,0.891330599785,-0.792045593262,-0.318268597126,-0.158781200647,0.496142506599
0.484468787909,0.275699913502,0.892176866531,-0.797523617744,-0.303522080183,-0.154381096363,0.497992992401
0.482672333717,0.272482424974,0.893869578838,-0.800406515598,-0.299923032522,-0.146044418216,0.498062908649
0.48017719388,0.269884288311,0.896293103695,-0.800391256809,-0.306363016367,-0.143880531192,0.494786918163
0.478309184313,0.26648375392,0.89849203825,-0.798733115196,-0.301289200783,-0.138782307506,0.501985788345
0.475249350071,0.263902485371,0.900543630123,-0.801190257072,-0.306148141623,-0.13556663692,0.49597299099
0.472968250513,0.26038864255,0.902722001076,-0.802574634552,-0.303208231926,-0.12936681509,0.497195154428
0.471174627542,0.256645709276,0.905701994896,-0.799156069756,-0.29534688592,-0.125844970345,0.508215367794
0.468088775873,0.25403034687,0.908119559288,-0.799895942211,-0.30129006505,-0.119759380817,0.505023419857
0.465549856424,0.250156521797,0.910720586777,-0.79693955183,-0.294050633907,-0.117157913744,0.51448571682
0.462489902973,0.247520625591,0.913298904896,-0.798824548721,-0.2997212708,-0.109789416194,0.509894788265
0.459740668535,0.244145184755,0.916475057602,-0.79649657011,-0.296399444342,-0.10521581769,0.516401231289
0.456122905016,0.240767493844,0.918791353703,-0.796789586544,-0.29801300168,-0.101265840232,0.515809953213
0.453462660313,0.237280711532,0.921565115452,-0.798500001431,-0.295169472694,-0.0934268310666,0.516279041767
0.450458139181,0.233305260539,0.924416661263,-0.797688961029,-0.288190901279,-0.0889681130648,0.522228956223
0.446347892284,0.23051507771,0.927276432514,-0.799219965935,-0.295776128769,-0.0836991369724,0.516486644745
0.443537175655,0.226712137461,0.930379748344,-0.798290729523,-0.29259493947,-0.0782755166292,0.520570158958
0.439444482327,0.223376959562,0.933421850204,-0.797285079956,-0.296606481075,-0.074750199914,0.520358979702
0.436134755611,0.219550207257,0.936867713928,-0.797611773014,-0.29537525773,-0.0725438520312,0.520870685577
0.432590842247,0.21553555131,0.93948495388,-0.797511816025,-0.291682928801,-0.0646695420146,0.524131715298
0.428557634354,0.211371839046,0.942546963692,-0.797733962536,-0.289693802595,-0.0596101135015,0.52549469471
0.425657212734,0.207263663411,0.945481181145,-0.797457039356,-0.284200519323,-0.0518333315849,0.52972215414
0.421345949173,0.203625649214,0.948916018009,-0.796570301056,-0.288605391979,-0.0489286668599,0.528950452805
0.417848289013,0.19944216311,0.951703131199,-0.794463932514,-0.283207029104,-0.0407410599291,0.535687446594
0.413354873657,0.195803463459,0.955057799816,-0.794524669647,-0.286924749613,-0.0369632989168,0.533889889717
0.409670561552,0.191623330116,0.95804131031,-0.793708026409,-0.284630715847,-0.0326367914677,0.5366076231
0.406139135361,0.18711784482,0.960808634758,-0.792309641838,-0.278302490711,-0.0252248402685,0.542362391949
0.400319635868,0.182122170925,0.965161621571,-0.785745918751,-0.278028815985,-0.0297218114138,0.551742553711
0.397313177586,0.176791757345,0.967461287975,-0.784957587719,-0.271345168352,-0.0257538631558,0.556372284889
0.392479032278,0.173202097416,0.969955444336,-0.788134515285,-0.26737165451,-0.0141278794035,0.554217278957
0.388464480639,0.168214306235,0.973496079445,-0.784112155437,-0.266469269991,-0.0154333235696,0.56028932333
0.384863078594,0.163655608892,0.975777387619,-0.785791993141,-0.261848479509,-0.00898843258619,0.560254812241
0.38072514534,0.159476816654,0.978584766388,-0.786644876003,-0.258464902639,-0.00203145062551,0.560697495937
0.376454800367,0.155340567231,0.981666088104,-0.782980978489,-0.258664548397,0.00285798078403,0.565707802773
0.372835159302,0.150834530592,0.984612345695,-0.780742943287,-0.256651461124,0.00672009820119,0.569671213627
0.368926882744,0.146425977349,0.986874461174,-0.778676271439,-0.251322984695,0.0148404166102,0.574699759483
0.364955514669,0.142500713468,0.989569187164,-0.778222978115,-0.250822335482,0.0219760164618,0.575303375721
0.361192464828,0.137301057577,0.992086112499,-0.775954186916,-0.243435665965,0.0241949222982,0.581419587135
0.356064558029,0.133693426847,0.995390474796,-0.777028799057,-0.256038069725,0.0224282350391,0.574602365494
0.35257512331,0.12901943922,0.997496783733,-0.774691581726,-0.248003736138,0.0308234654367,0.580858945847
0.348189651966,0.124775573611,1.00058591366,-0.774229884148,-0.252591371536,0.0295133907348,0.579564154148
0.344754219055,0.119549818337,1.00284051895,-0.772443950176,-0.244186535478,0.0334036014974,0.585309684277
0.340853005648,0.114960618317,1.00528550148,-0.772083461285,-0.240545541048,0.0366201139987,0.587097942829
0.336367726326,0.111108474433,1.00769579411,-0.76839274168,-0.244582742453,0.0388508401811,0.590120851994
0.332618892193,0.106597922742,1.00990974903,-0.766749083996,-0.242250740528,0.0437011085451,0.592874825001
0.329543679953,0.101106800139,1.01316511631,-0.771065890789,-0.236891359091,0.0440714620054,0.589404404163
0.325645387173,0.0970084443688,1.01571452618,-0.7685084939,-0.237849384546,0.0462271980941,0.592187047005
0.321961849928,0.0925402492285,1.01778459549,-0.767243921757,-0.234165877104,0.0506171621382,0.594929337502
0.31816649437,0.0883004665375,1.02049851418,-0.767522156239,-0.234930962324,0.0508797168732,0.594246208668
0.314538896084,0.0840412303805,1.02249276638,-0.767676651478,-0.232588201761,0.053770493716,0.594713509083
0.311302602291,0.0794137269258,1.02474939823,-0.765491485596,-0.227592408657,0.0560210458934,0.599238097668
0.307541429996,0.0757188051939,1.02705919743,-0.765287578106,-0.231101229787,0.0592984892428,0.597838521004
0.303780883551,0.0714810714126,1.02910792828,-0.766700327396,-0.232334733009,0.0586890727282,0.595606267452
0.300327092409,0.0671996772289,1.0312782526,-0.765475928783,-0.231942713261,0.057758551091,0.59742218256
0.29682469368,0.0629005506635,1.03318750858,-0.765557825565,-0.230843737721,0.059798322618,0.59754216671
0.293634831905,0.058827675879,1.035120368,-0.764786660671,-0.229555919766,0.0647653415799,0.598507165909
0.29031214118,0.0544386431575,1.0366961956,-0.763234615326,-0.2264778018,0.0650943666697,0.601617336273
0.287137001753,0.0501382350922,1.03874063492,-0.762792825699,-0.225085645914,0.0644737705588,0.602765917778
0.283573448658,0.0459586530924,1.04109215736,-0.763831853867,-0.230784416199,0.0611149780452,0.599637031555
0.280725181103,0.0413732305169,1.04255473614,-0.762177109718,-0.224630042911,0.0649697035551,0.60366076231
0.277676999569,0.0366062521935,1.04500031471,-0.765640676022,-0.228104889393,0.04892045632,0.59947425127
0.274483323097,0.0327545702457,1.04690694809,-0.763662219048,-0.229837700725,0.0492491349578,0.601306319237
0.270515054464,0.0292474776506,1.04920887947,-0.761522889137,-0.233066558838,0.0541003905237,0.602358818054
0.267258346081,0.0248970016837,1.05084824562,-0.761250257492,-0.228831917048,0.0534025505185,0.604385852814
0.26429978013,0.0209397450089,1.05248379707,-0.761724472046,-0.232888653874,0.0532350614667,0.602249741554
0.261176377535,0.0169842615724,1.05415892601,-0.761374413967,-0.231818810105,0.0517899394035,0.603230476379
0.258166283369,0.012749440968,1.05542838573,-0.762199342251,-0.230922490358,0.0506408549845,0.60262966156
0.254698038101,0.00862748920918,1.05618953705,-0.768246412277,-0.228913858533,0.0518762208521,0.595571100712
0.252312213182,0.00457223504782,1.05801832676,-0.7642968297,-0.231183022261,0.047802336514,0.600099861622
0.249486088753,0.000724926590919,1.05941689014,-0.76424831152,-0.232719123363,0.046178329736,0.599694728851
0.246695950627,-0.00345305353403,1.06034171581,-0.764741241932,-0.232039153576,0.0454428456724,0.599386096001
0.243932813406,-0.00701709091663,1.06143927574,-0.763932108879,-0.234236896038,0.0441782400012,0.599657416344
0.241330564022,-0.0111403018236,1.06229484081,-0.7645855546,-0.233670964837,0.0434163585305,0.599100887775
0.238688006997,-0.0145197063684,1.06374371052,-0.763112187386,-0.237900018692,0.0408540889621,0.599494993687
0.236111715436,-0.0183314681053,1.06418192387,-0.762158095837,-0.237478032708,0.0410061553121,0.600864112377
0.23341485858,-0.0224518328905,1.06520247459,-0.761963129044,-0.236416935921,0.0367984697223,0.601801693439
0.23103120923,-0.026189185679,1.06619775295,-0.760608613491,-0.237194404006,0.0325372740626,0.603452384472
0.228714570403,-0.0292618870735,1.06677567959,-0.762036681175,-0.239321306348,0.0338103473186,0.600734889507
0.226460978389,-0.03162638098,1.06679260731,-0.763965368271,-0.242076516151,0.0398918539286,0.596795201302
0.224362403154,-0.036267504096,1.06782436371,-0.761471509933,-0.239639669657,0.0309041962028,0.601480484009
0.222051262856,-0.0388900712132,1.06849241257,-0.761629283428,-0.243648320436,0.0305270515382,0.599686980247
0.220106869936,-0.0421706587076,1.06843602657,-0.763255357742,-0.242816790938,0.0313238240778,0.597913086414
0.2181224823,-0.0450197681785,1.06894397736,-0.761115849018,-0.246704503894,0.0290983989835,0.599160194397
0.216142311692,-0.0488990992308,1.06877565384,-0.759166181087,-0.243213564157,0.0262302346528,0.603179752827
0.213730365038,-0.0514697656035,1.06678020954,-0.758311450481,-0.235469102859,0.0359465666115,0.606816232204
0.212507501245,-0.0532759949565,1.06820583344,-0.758181512356,-0.249493286014,0.0291756801307,0.601716518402
0.210963949561,-0.0561529994011,1.06793916225,-0.757062375546,-0.250234276056,0.028090743348,0.602868437767
0.209694042802,-0.0599806308746,1.0683016777,-0.751556396484,-0.249771088362,0.0201383940876,0.610222876072
0.208164259791,-0.0629531592131,1.06827151775,-0.747434139252,-0.250904738903,0.015054688789,0.614949047565
0.206880763173,-0.0653943493962,1.06757593155,-0.744586825371,-0.250563949347,0.016852049157,0.618485331535
0.20562569797,-0.0666753426194,1.0662933588,-0.748502254486,-0.252073347569,0.0249323938042,0.612847268581
0.204484164715,-0.0686746835709,1.0658005476,-0.745871007442,-0.254523962736,0.026523321867,0.614971876144
0.203354567289,-0.0719381347299,1.06593263149,-0.734713792801,-0.253061175346,0.0176338143647,0.629161953926
0.202349364758,-0.0734844133258,1.06512069702,-0.739761054516,-0.253150701523,0.0231133643538,0.62300401926
0.201148852706,-0.076765820384,1.06523108482,-0.737980425358,-0.252519994974,0.0157048571855,0.625597238541
0.20022071898,-0.0786776170135,1.06455361843,-0.735582113266,-0.253636389971,0.015153862536,0.627979338169
0.198817208409,-0.0815286412835,1.06433165073,-0.739482998848,-0.250966131687,0.0112095782533,0.624544143677
0.198130652308,-0.0824505761266,1.06315875053,-0.733269929886,-0.254681438208,0.0146757662296,0.630267560482
0.196718648076,-0.0852219313383,1.0632570982,-0.738922119141,-0.253239780664,0.00929409172386,0.624321520329
0.195428058505,-0.0861635804176,1.06196820736,-0.743914663792,-0.255574256182,0.0154580222443,0.617279410362
0.194750934839,-0.0886095240712,1.06177866459,-0.736007273197,-0.257408231497,0.00898473430425,0.626062035561
0.193416312337,-0.0909329652786,1.06158351898,-0.740667104721,-0.257074952126,0.00594840664417,0.620716750622
0.192622676492,-0.0926029607654,1.06055414677,-0.739369452,-0.263166069984,0.0130310934037,0.619602024555
0.191638275981,-0.0933284536004,1.05893182755,-0.73799598217,-0.267943352461,0.0181171037257,0.619063913822
0.190236002207,-0.0967280343175,1.05892825127,-0.744813621044,-0.257748514414,0.00274842162617,0.61547601223
0.1896263659,-0.0981617718935,1.05779719353,-0.738332808018,-0.261133253574,0.00271089980379,0.621825277805
0.188614249229,-0.10101557523,1.05790436268,-0.748776912689,-0.261284649372,-0.00244107563049,0.609144926071
0.187785461545,-0.103122659028,1.057056427,-0.750863194466,-0.260707527399,-0.00349802523851,0.606814444065
0.18747651577,-0.104083232582,1.05545008183,-0.746438622475,-0.271391510963,0.00642239954323,0.607564687729
0.186302065849,-0.106047838926,1.05498301983,-0.746580183506,-0.274091780186,-0.00028725314769,0.606210947037
0.18521861732,-0.108640536666,1.05415654182,-0.751161456108,-0.27273491025,0.00121751637198,0.601141154766
0.184287145734,-0.109726883471,1.05306375027,-0.746151447296,-0.279742211103,0.00213545607403,0.604150474072
0.18284766376,-0.111395530403,1.0526239872,-0.746364355087,-0.280901819468,-0.002164255362,0.603348791599
0.181479439139,-0.114518612623,1.05181908607,-0.749650657177,-0.27885773778,-0.00367160793394,0.600207209587
0.18031014502,-0.11630038172,1.05084490776,-0.751327753067,-0.277704000473,-0.00216870033182,0.598650515079
0.179184004664,-0.117387630045,1.04976153374,-0.74543261528,-0.283303797245,0.000596100348048,0.603381276131
0.177824959159,-0.119387604296,1.04868638515,-0.743673920631,-0.282576560974,0.00108914345037,0.605886518955
0.176205322146,-0.121377199888,1.04818701744,-0.743167996407,-0.283585071564,0.000985830905847,0.606036245823
0.174192458391,-0.124733030796,1.04857599735,-0.746974825859,-0.282365202904,-0.00861709099263,0.601850688457
0.172474056482,-0.126420140266,1.04799973965,-0.748787760735,-0.283237427473,-0.00523143168539,0.599221289158
0.170140966773,-0.128726378083,1.0478708744,-0.749203920364,-0.278661638498,-0.0123384725302,0.60074031353
0.168781727552,-0.130539700389,1.04696846008,-0.748249351978,-0.28506976366,-0.0031309092883,0.599039554596
0.166844964027,-0.132640302181,1.04658138752,-0.745808660984,-0.288111269474,-0.0030135740526,0.600626528263
0.165020018816,-0.135229945183,1.0461359024,-0.745955944061,-0.286146044731,-0.00316815194674,0.601381897926
0.163089320064,-0.137070089579,1.04614555836,-0.744858145714,-0.289907872677,-0.000463914475404,0.600948929787
0.161196634173,-0.139599785209,1.04606997967,-0.742669224739,-0.2911657691,-0.00144376908429,0.603044629097
0.159413456917,-0.142200797796,1.04592597485,-0.741585493088,-0.290382087231,-0.000529829412699,0.604755342007
0.157552450895,-0.144355222583,1.04620659351,-0.739034831524,-0.293385833502,0.000389539112803,0.606425642967
0.155808359385,-0.147025644779,1.04635035992,-0.737494587898,-0.293292373419,-0.000152700129547,0.608343183994
0.154289364815,-0.149324059486,1.04600906372,-0.735172331333,-0.29263100028,0.00289784977213,0.611457645893
0.152806073427,-0.151386842132,1.04628288746,-0.731245934963,-0.296568781137,0.00496125314385,0.614248931408
0.151288971305,-0.153523951769,1.0459202528,-0.727977573872,-0.297068595886,0.00955080240965,0.617825031281
0.150171324611,-0.15563133359,1.04611742496,-0.725148200989,-0.300018697977,0.0111172823235,0.619697749615
0.149125948548,-0.158036231995,1.04596459866,-0.72476041317,-0.301007986069,0.0138089070097,0.619617581367
0.14827285707,-0.160024449229,1.04596936703,-0.722670078278,-0.303017228842,0.0145980417728,0.621060013771
0.147553920746,-0.162612140179,1.04535424709,-0.724401056767,-0.301394671202,0.0197345167398,0.61968934536
0.147014334798,-0.166060358286,1.04631650448,-0.714867532253,-0.302946060896,0.010341592133,0.630143821239
0.146479204297,-0.166594207287,1.04501605034,-0.720679581165,-0.306240171194,0.0218396689743,0.621579527855
0.146021530032,-0.168029934168,1.04489409924,-0.718482077122,-0.31135571003,0.025085138157,0.621459424496
0.146307229996,-0.170726448298,1.04527103901,-0.713726699352,-0.313080310822,0.0218692943454,0.626176297665
0.14586135745,-0.171407610178,1.044277668,-0.711156606674,-0.317874550819,0.0286790989339,0.626410007477
0.14605769515,-0.172048151493,1.0435116291,-0.706772506237,-0.322404325008,0.036224976182,0.628661990166
0.146656557918,-0.171580433846,1.04241573811,-0.693319380283,-0.332696080208,0.0453816428781,0.637622237206
0.147171676159,-0.172211319208,1.04178094864,-0.689969360828,-0.337999910116,0.0504979602993,0.638081789017
0.148233190179,-0.172949284315,1.04096984863,-0.687844574451,-0.342169314623,0.0538667067885,0.637878000736
0.149570763111,-0.174585461617,1.03980958462,-0.689908504486,-0.34029212594,0.0523796454072,0.636776268482
0.150457650423,-0.175271123648,1.03930044174,-0.693860411644,-0.34643086791,0.0554817505181,0.628860235214
0.152486145496,-0.175848513842,1.03784060478,-0.694797635078,-0.347304046154,0.0536185614765,0.627503991127
0.154316052794,-0.175490289927,1.03677654266,-0.69189709425,-0.354344427586,0.0561029799283,0.626554787159
0.156956776977,-0.17577251792,1.03545761108,-0.689202725887,-0.358099907637,0.0609255954623,0.62693887949
0.159945085645,-0.174703121185,1.03317117691,-0.680566012859,-0.365431159735,0.0663145706058,0.631579220295
0.161807954311,-0.171635866165,1.0312577486,-0.677356541157,-0.379108816385,0.0742148756981,0.626064538956
0.164753943682,-0.170719563961,1.02884531021,-0.674589276314,-0.384692430496,0.0793591141701,0.625014483929
0.169081553817,-0.173275738955,1.02615857124,-0.678441643715,-0.372054547071,0.0694742575288,0.629655241966
0.172429695725,-0.170291498303,1.02227365971,-0.680482327938,-0.380104571581,0.0840876474977,0.62080091238
0.17575494945,-0.167007058859,1.02025580406,-0.664922833443,-0.39793074131,0.0907518044114,0.625534057617
0.179895401001,-0.165083616972,1.01682937145,-0.657036602497,-0.402808129787,0.0938694775105,0.630267500877
0.184778645635,-0.164358913898,1.01387035847,-0.648954570293,-0.404905676842,0.0914962887764,0.637603223324
0.189334601164,-0.163263648748,1.00925326347,-0.649594306946,-0.403661608696,0.101740054786,0.63618683815
0.193976104259,-0.160913854837,1.00580394268,0.636447072029,0.41271302104,-0.103638365865,-0.643321335316
0.199094325304,-0.158155620098,1.00121116638,0.628120660782,0.416846185923,-0.111584074795,-0.647497236729
0.204518064857,-0.155069261789,0.997188329697,0.612667381763,0.422672599554,-0.109834939241,-0.658728182316
0.209408134222,-0.150917544961,0.992093145847,0.606418371201,0.436139851809,-0.122286193073,-0.653517246246
0.213927984238,-0.145155921578,0.988407611847,0.572296023369,0.459538578987,-0.13231921196,-0.666178047657
0.221534729004,-0.144332140684,0.982408046722,0.568291187286,0.453549653292,-0.127724468708,-0.674555003643
0.227018892765,-0.139074802399,0.976812601089,0.556118547916,0.46766769886,-0.136207833886,-0.673399329185
0.232518196106,-0.134997397661,0.973899066448,0.517854452133,0.483084052801,-0.129235118628,-0.694085657597
0.2387278229,-0.12986600399,0.968273460865,0.501523375511,0.497190922499,-0.134282693267,-0.69515734911
0.245128765702,-0.125514388084,0.962814986706,0.482653737068,0.50738298893,-0.132500573993,-0.701463878155
0.253539890051,-0.121598064899,0.954905688763,0.488056212664,0.5084015131,-0.131547987461,-0.697154283524
0.258243381977,-0.114301353693,0.95125836134,0.447620809078,0.534718036652,-0.130040213466,-0.704841911793
0.264890164137,-0.107312172651,0.944435954094,0.437024086714,0.551235496998,-0.129977568984,-0.698752760887
0.272346287966,-0.101632282138,0.939423322678,0.428639888763,0.571659505367,-0.114277251065,-0.690227389336
0.279315799475,-0.094993494451,0.932292580605,0.419667899609,0.586339116096,-0.109274096787,-0.684210836887
0.286530733109,-0.0876288414001,0.925992667675,0.409001469612,0.604221761227,-0.0998750552535,-0.676504909992
0.294749259949,-0.0814964622259,0.919678688049,0.394503682852,0.615459144115,-0.0854328125715,-0.676962375641
0.302591055632,-0.0735045149922,0.913194894791,0.383921742439,0.632055401802,-0.0735907703638,-0.669099867344
0.310693621635,-0.0648874640465,0.9064027071,0.376807659864,0.646906018257,-0.0596405304968,-0.660281479359
0.319229483604,-0.0561917871237,0.899714112282,-0.36806127429,-0.660323083401,0.0452748388052,0.653034806252
0.328295171261,-0.0471335463226,0.892950594425,-0.362996071577,-0.671315014362,0.0280646104366,0.645586907864
0.337345302105,-0.0375999808311,0.88677585125,-0.356511831284,-0.683089435101,0.0106075946242,0.637319087982
0.347239255905,-0.0278606638312,0.880389809608,-0.346231609583,-0.692385077477,-0.00657553737983,0.632995486259
0.357247442007,-0.0177190154791,0.874286293983,-0.337383568287,-0.699133753777,-0.0246959421784,0.629900336266
0.368165612221,-0.00700688362122,0.868770718575,-0.320975005627,-0.706130862236,-0.045550391078,0.629507422447
