x,y,z,q0,q1,q2,q3
0.813364267349,-0.233579859138,0.837645173073,-0.62941724062,-0.233570709825,0.650405585766,-0.355318427086
0.813238799572,-0.233233764768,0.838019728661,-0.630013287067,-0.233304545283,0.648905754089,-0.357174247503
0.813238799572,-0.233233764768,0.838019728661,-0.630013287067,-0.233304545283,0.648905754089,-0.357174247503
0.813321769238,-0.233109176159,0.838185548782,-0.629978239536,-0.23337623477,0.649105906487,-0.356825441122
0.813409209251,-0.232890754938,0.83850133419,-0.630054831505,-0.234100431204,0.648906588554,-0.356578499079
0.813597023487,-0.232892990112,0.838583886623,-0.629588067532,-0.234825983644,0.649584054947,-0.355691254139
0.813597023487,-0.232892990112,0.838583886623,-0.629588067532,-0.234825983644,0.649584054947,-0.355691254139
0.81371319294,-0.232818320394,0.838917970657,-0.627114474773,-0.233565852046,0.651352226734,-0.357651978731
0.813675701618,-0.232858881354,0.839005053043,-0.626899898052,-0.234193369746,0.651340425014,-0.357638984919
0.813749432564,-0.232811167836,0.839142620564,-0.626852214336,-0.234249249101,0.651388883591,-0.357597798109
0.813896179199,-0.23273254931,0.839146852493,-0.625937044621,-0.235504418612,0.651948869228,-0.357355892658
0.81394892931,-0.232735797763,0.839469313622,-0.626985430717,-0.234107330441,0.651044666767,-0.358083695173
0.81394892931,-0.232735797763,0.839469313622,-0.626985430717,-0.234107330441,0.651044666767,-0.358083695173
0.814140439034,-0.232707485557,0.839768886566,-0.627173185349,-0.233797892928,0.651091396809,-0.357871800661
0.814339995384,-0.232708632946,0.839913845062,-0.627122819424,-0.232804432511,0.651407063007,-0.358033508062
0.814339995384,-0.232708632946,0.839913845062,-0.627122819424,-0.232804432511,0.651407063007,-0.358033508062
0.81471401453,-0.232485592365,0.840291976929,-0.629952788353,-0.232978358865,0.649917662144,-0.355651080608
0.814902722836,-0.232398018241,0.840264201164,-0.628755033016,-0.234580621123,0.650647819042,-0.355382233858
0.814902722836,-0.232398018241,0.840264201164,-0.628755033016,-0.234580621123,0.650647819042,-0.355382233858
0.815134704113,-0.232373133302,0.840529799461,-0.629326343536,-0.234504953027,0.650112569332,-0.355400592089
0.815166413784,-0.232348501682,0.840683937073,-0.629710078239,-0.234842583537,0.649726092815,-0.355204343796
0.815166413784,-0.232348501682,0.840683937073,-0.629710078239,-0.234842583537,0.649726092815,-0.355204343796
0.815305709839,-0.232346698642,0.840926527977,-0.629791855812,-0.234596759081,0.649642646313,-0.355374842882
0.815305709839,-0.232346698642,0.840926527977,-0.629791855812,-0.234596759081,0.649642646313,-0.355374842882
0.81539362669,-0.23234193027,0.841151475906,-0.629701972008,-0.234739661217,0.649793386459,-0.355163782835
0.815415084362,-0.232427150011,0.841422200203,-0.630796790123,-0.23308172822,0.649164378643,-0.355462938547
0.815531253815,-0.232408493757,0.841564059258,-0.630869746208,-0.232676520944,0.649231612682,-0.355476260185
0.815531253815,-0.232408493757,0.841564059258,-0.630869746208,-0.232676520944,0.649231612682,-0.355476260185
0.815633118153,-0.2324462533,0.841787576675,-0.631228029728,-0.232116654515,0.6491522789,-0.355351209641
0.815633118153,-0.2324462533,0.841787576675,-0.631228029728,-0.232116654515,0.6491522789,-0.355351209641
0.815696060658,-0.232476502657,0.842062950134,-0.631841599941,-0.231211096048,0.648825109005,-0.35544860363
0.815696060658,-0.232476502657,0.842062950134,-0.631841599941,-0.231211096048,0.648825109005,-0.35544860363
0.815474390984,-0.232591047883,0.842406392097,-0.632608115673,-0.228739768267,0.648691177368,-0.355928272009
0.815474390984,-0.232591047883,0.842406392097,-0.632608115673,-0.228739768267,0.648691177368,-0.355928272009
0.815733790398,-0.232648223639,0.842583298683,-0.632118821144,-0.229426652193,0.649268329144,-0.355302542448
0.815726041794,-0.232677906752,0.842672944069,-0.632108509541,-0.229229599237,0.649359881878,-0.355280548334
0.815587997437,-0.232840403914,0.842734456062,-0.630648255348,-0.2285194695,0.650132536888,-0.356916457415
0.815710008144,-0.232714861631,0.842843532562,-0.632558524609,-0.228922709823,0.649241745472,-0.354893535376
0.815686941147,-0.232755854726,0.842916488647,-0.632511138916,-0.228624492884,0.649422943592,-0.354838430882
0.815518915653,-0.232914879918,0.842943429947,-0.631109178066,-0.227930039167,0.650177299976,-0.35639667511
0.815658688545,-0.232722461224,0.842858791351,-0.631912946701,-0.229800418019,0.649952173233,-0.354175031185
0.815604627132,-0.232823342085,0.842896342278,-0.632294714451,-0.229210540652,0.650116562843,-0.353573590517
0.815604627132,-0.232823342085,0.842896342278,-0.632294714451,-0.229210540652,0.650116562843,-0.353573590517
0.81538683176,-0.233023181558,0.843081235886,-0.63399374485,-0.226950928569,0.649509251118,-0.353104829788
0.815360486507,-0.233012259007,0.842910170555,-0.633154928684,-0.228167489171,0.65010869503,-0.352722644806
0.815360486507,-0.233012259007,0.842910170555,-0.633154928684,-0.228167489171,0.65010869503,-0.352722644806
0.81517714262,-0.233167737722,0.842841267586,-0.633515536785,-0.22771795094,0.650141060352,-0.352305650711
0.815067768097,-0.233262211084,0.842795372009,-0.633521556854,-0.227502286434,0.650237441063,-0.352256298065
0.815067768097,-0.233262211084,0.842795372009,-0.633521556854,-0.227502286434,0.650237441063,-0.352256298065
0.814949095249,-0.233384162188,0.842703580856,-0.633424282074,-0.227629750967,0.650493621826,-0.351875513792
0.814733624458,-0.233528584242,0.842681288719,-0.633299767971,-0.227225065231,0.650759398937,-0.351869910955
0.81450086832,-0.233698606491,0.842642307281,-0.632633268833,-0.226712852716,0.651249706745,-0.352491497993
0.814303696156,-0.233836993575,0.842573165894,-0.632461130619,-0.226630240679,0.651432991028,-0.352515041828
0.814018428326,-0.233888402581,0.842519521713,-0.632631182671,-0.227408722043,0.651085793972,-0.352349817753
0.814018428326,-0.233888402581,0.842519521713,-0.632631182671,-0.227408722043,0.651085793972,-0.352349817753
0.813721656799,-0.234061583877,0.84262919426,-0.633683264256,-0.225666344166,0.650640904903,-0.352401345968
0.813085496426,-0.234274327755,0.84244453907,-0.633154630661,-0.226243540645,0.651071667671,-0.352185577154
0.813085496426,-0.234274327755,0.84244453907,-0.633154630661,-0.226243540645,0.651071667671,-0.352185577154
0.81253862381,-0.234334200621,0.842329263687,-0.63279312849,-0.226252183318,0.651508808136,-0.352021425962
0.81253862381,-0.234334200621,0.842329263687,-0.63279312849,-0.226252183318,0.651508808136,-0.352021425962
0.812038958073,-0.234254270792,0.842028975487,-0.631000936031,-0.228068932891,0.652742266655,-0.351781398058
0.811669230461,-0.234224170446,0.84190762043,-0.631134152412,-0.228684410453,0.652614653111,-0.351378947496
0.811669230461,-0.234224170446,0.84190762043,-0.631134152412,-0.228684410453,0.652614653111,-0.351378947496
0.810975670815,-0.234169840813,0.841752111912,-0.631751418114,-0.227891802788,0.652314901352,-0.351341277361
0.810694634914,-0.234133049846,0.841580271721,-0.631453454494,-0.228273466229,0.65261888504,-0.351064741611
0.810369968414,-0.234073221684,0.841369688511,-0.631123065948,-0.228762745857,0.652850568295,-0.350909471512
0.810369968414,-0.234073221684,0.841369688511,-0.631123065948,-0.228762745857,0.652850568295,-0.350909471512
0.809924244881,-0.234065443277,0.840764164925,-0.62891715765,-0.22983686626,0.654732108116,-0.350662499666
0.809572398663,-0.234022438526,0.840528249741,-0.628889381886,-0.231153473258,0.654461801052,-0.350351005793
0.809273958206,-0.234050408006,0.840280652046,-0.628262460232,-0.231266349554,0.65488743782,-0.350605905056
0.809273958206,-0.234050408006,0.840280652046,-0.628262460232,-0.231266349554,0.65488743782,-0.350605905056
0.808770418167,-0.234083011746,0.839733660221,-0.627089262009,-0.23166204989,0.655485272408,-0.351327598095
0.808770418167,-0.234083011746,0.839733660221,-0.627089262009,-0.23166204989,0.655485272408,-0.351327598095
0.808213710785,-0.234245985746,0.839644670486,-0.628878295422,-0.228664860129,0.654641151428,-0.351666539907
0.808158814907,-0.234211206436,0.839224159718,-0.62725353241,-0.230691492558,0.655515491962,-0.351616233587
0.808024466038,-0.234154164791,0.839002966881,-0.626884877682,-0.230601191521,0.655756294727,-0.351883590221
0.80740827322,-0.234201520681,0.838045597076,-0.626142799854,-0.234874740243,0.65532797575,-0.351175904274
0.80740827322,-0.234201520681,0.838045597076,-0.626142799854,-0.234874740243,0.65532797575,-0.351175904274
0.807177960873,-0.234272927046,0.837718248367,-0.625496566296,-0.234805881977,0.655818641186,-0.351457178593
0.806669950485,-0.23436395824,0.8370693326,-0.62508970499,-0.23553557694,0.655635297298,-0.352034687996
0.806156337261,-0.234653055668,0.836839556694,-0.623572230339,-0.233668938279,0.656037688255,-0.355205714703
0.806156337261,-0.234653055668,0.836839556694,-0.623572230339,-0.233668938279,0.656037688255,-0.355205714703
0.805950939655,-0.234561651945,0.836704969406,-0.623214840889,-0.233268111944,0.655739545822,-0.356643974781
0.805446386337,-0.234657973051,0.836256027222,-0.623307406902,-0.234677016735,0.655274569988,-0.356412500143
0.805278420448,-0.234597802162,0.835346460342,-0.622464060783,-0.238074988127,0.656677484512,-0.353034704924
0.805024921894,-0.23459109664,0.835028350353,-0.62232029438,-0.238692760468,0.656675517559,-0.352874845266
0.804764926434,-0.234646573663,0.834677457809,-0.621865570545,-0.239092841744,0.657157361507,-0.352508336306
0.804296851158,-0.234925746918,0.834580779076,-0.623677551746,-0.236440688372,0.65662676096,-0.352084130049
0.804326534271,-0.234706580639,0.834288477898,-0.623141646385,-0.238236814737,0.656104564667,-0.35279533267
0.804326534271,-0.234706580639,0.834288477898,-0.623141646385,-0.238236814737,0.656104564667,-0.35279533267
0.80408513546,-0.234709754586,0.833974123001,-0.622905731201,-0.238776087761,0.656131625175,-0.352797061205
0.803371012211,-0.23490896821,0.83319067955,-0.621601104736,-0.240632370114,0.656376421452,-0.353381216526
0.803182542324,-0.234859570861,0.832705259323,-0.619865357876,-0.242826610804,0.657338261604,-0.35314103961
0.802910089493,-0.234954327345,0.832373142242,-0.619020819664,-0.24257235229,0.658262372017,-0.35307598114
0.802910089493,-0.234954327345,0.832373142242,-0.619020819664,-0.24257235229,0.658262372017,-0.35307598114
0.802465498447,-0.235072657466,0.831818044186,-0.61825799942,-0.243336081505,0.658639550209,-0.353183507919
0.802465498447,-0.235072657466,0.831818044186,-0.61825799942,-0.243336081505,0.658639550209,-0.353183507919
0.802139043808,-0.235111236572,0.831403970718,-0.619045615196,-0.24324709177,0.657727777958,-0.353564143181
0.80166631937,-0.234660997987,0.830563187599,-0.624428868294,-0.248873472214,0.652916133404,-0.349071770906
0.801402568817,-0.234749555588,0.830338478088,-0.62479186058,-0.248418018222,0.652458429337,-0.349601924419
0.801402568817,-0.234749555588,0.830338478088,-0.62479186058,-0.248418018222,0.652458429337,-0.349601924419
0.800927340984,-0.235564887524,0.829949975014,-0.617526829243,-0.245072156191,0.658001542091,-0.354449033737
0.800927340984,-0.235564887524,0.829949975014,-0.617526829243,-0.245072156191,0.658001542091,-0.354449033737
0.801086962223,-0.235517814755,0.829403877258,-0.61550205946,-0.248555958271,0.659121930599,-0.353462427855
0.800794959068,-0.235640898347,0.828852772713,-0.615598082542,-0.248983159661,0.658478021622,-0.354193896055
0.800794959068,-0.235640898347,0.828852772713,-0.615598082542,-0.248983159661,0.658478021622,-0.354193896055
0.800478875637,-0.235778331757,0.828095316887,-0.614997565746,-0.250889599323,0.658200860023,-0.354406774044
0.800478875637,-0.235778331757,0.828095316887,-0.614997565746,-0.250889599323,0.658200860023,-0.354406774044
0.800363600254,-0.236049026251,0.82757806778,-0.613883376122,-0.249912574887,0.659183859825,-0.35520067811
0.800331950188,-0.236122444272,0.827289581299,-0.613411784172,-0.250825881958,0.659019231796,-0.355676949024
0.800327241421,-0.236125290394,0.826721072197,-0.609451830387,-0.254104495049,0.660206913948,-0.357947230339
0.800327241421,-0.236125290394,0.826721072197,-0.609451830387,-0.254104495049,0.660206913948,-0.357947230339
0.800274193287,-0.23613910377,0.826060295105,-0.611496388912,-0.257376849651,0.65807056427,-0.356051146984
0.800282657146,-0.236271977425,0.825899541378,-0.61209654808,-0.256304144859,0.657417416573,-0.356999486685
0.800282657146,-0.236271977425,0.825899541378,-0.61209654808,-0.256304144859,0.657417416573,-0.356999486685
0.800330936909,-0.23633274436,0.825599431992,-0.611588597298,-0.25642234087,0.657647848129,-0.357360184193
0.800373017788,-0.236332923174,0.825323462486,-0.61126512289,-0.256946772337,0.657700538635,-0.357440114021
0.800202429295,-0.236294567585,0.825092554092,-0.611686170101,-0.256941229105,0.65693628788,-0.358128398657
0.800461232662,-0.236231282353,0.824939370155,-0.611143887043,-0.25672852993,0.657093405724,-0.358917504549
0.800989985466,-0.236138224602,0.82417178154,-0.608655512333,-0.26118311286,0.658226966858,-0.357853412628
0.800973534584,-0.236216396093,0.823836326599,-0.609276533127,-0.262127399445,0.657292544842,-0.357823818922
0.801082313061,-0.236246749759,0.823637485504,-0.608908832073,-0.262509316206,0.657328784466,-0.358102977276
0.801082313061,-0.236246749759,0.823637485504,-0.608908832073,-0.262509316206,0.657328784466,-0.358102977276
0.801210582256,-0.236433982849,0.82342505455,-0.608798444271,-0.261716276407,0.656963050365,-0.359539419413
0.801224887371,-0.236635148525,0.823223948479,-0.606984972954,-0.261174142361,0.657761991024,-0.361533522606
0.801224887371,-0.236635148525,0.823223948479,-0.606984972954,-0.261174142361,0.657761991024,-0.361533522606
0.801394701004,-0.236673057079,0.823074758053,-0.606927573681,-0.262418568134,0.657265543938,-0.361631512642
0.801580131054,-0.236813351512,0.822839140892,-0.606658101082,-0.263096809387,0.656894028187,-0.362265408039
0.80168646574,-0.236895650625,0.822748064995,-0.606587350368,-0.263462692499,0.656739652157,-0.362397968769
0.80168646574,-0.236895650625,0.822748064995,-0.606587350368,-0.263462692499,0.656739652157,-0.362397968769
0.801890075207,-0.236308678985,0.822468578815,-0.615726590157,-0.266562759876,0.650056600571,-0.356723248959
0.801899075508,-0.236956074834,0.822627902031,-0.609319627285,-0.263254284859,0.655075311661,-0.360975205898
0.801790237427,-0.236675575376,0.82216501236,-0.616823971272,-0.26606413722,0.648991465569,-0.357138901949
0.801790237427,-0.236675575376,0.82216501236,-0.616823971272,-0.26606413722,0.648991465569,-0.357138901949
0.802184104919,-0.237009823322,0.822097659111,-0.617080211639,-0.265880584717,0.649087071419,-0.356658935547
0.802490830421,-0.237159028649,0.821988582611,-0.616572082043,-0.266989141703,0.649542748928,-0.355878680944
0.802535712719,-0.237330824137,0.821943283081,-0.617006003857,-0.266647905111,0.64938044548,-0.355679064989
0.802618563175,-0.237530395389,0.821890950203,-0.617022752762,-0.265723735094,0.649745702744,-0.355674624443
0.802651941776,-0.237710565329,0.821886062622,-0.617458045483,-0.265224248171,0.649758577347,-0.355268239975
0.802673101425,-0.238560661674,0.822159588337,-0.611462116241,-0.261141270399,0.655245423317,-0.3585703969
0.8028216362,-0.238513663411,0.821969032288,-0.609812796116,-0.263415396214,0.655773878098,-0.358749747276
0.802661895752,-0.238921612501,0.822178006172,-0.612154662609,-0.260049074888,0.655196726322,-0.3582713902
0.802783608437,-0.238925009966,0.821991682053,-0.610629320145,-0.262068510056,0.656030893326,-0.357876241207
0.802637696266,-0.239214479923,0.821975111961,-0.609229624271,-0.261262446642,0.656810283661,-0.359418094158
0.802644252777,-0.239386871457,0.821996927261,-0.609329879284,-0.260987699032,0.657179236412,-0.35877263546
0.802642345428,-0.239576622844,0.822087645531,-0.609889924526,-0.260812342167,0.65702009201,-0.358239978552
0.802643418312,-0.239753574133,0.822159767151,-0.610191643238,-0.260249406099,0.65706628561,-0.358050704002
0.802645981312,-0.239930272102,0.822239518166,-0.610430240631,-0.259714782238,0.657197117805,-0.357792079449
0.802668809891,-0.240112841129,0.822328090668,-0.610655128956,-0.259252071381,0.6573792696,-0.357408940792
0.802828967571,-0.240153327584,0.822435259819,-0.61253285408,-0.259255707264,0.65677601099,-0.355296045542
0.80274105072,-0.240484088659,0.822476625443,-0.610978007317,-0.258361846209,0.65777951479,-0.356765091419
0.802970826626,-0.240563780069,0.822592377663,-0.612676382065,-0.258237868547,0.657444357872,-0.354553073645
0.803062617779,-0.240761220455,0.822681307793,-0.612848937511,-0.25794801116,0.657499372959,-0.354363709688
0.803062617779,-0.240761220455,0.822681307793,-0.612848937511,-0.25794801116,0.657499372959,-0.354363709688
0.80370682478,-0.241105377674,0.82318508625,-0.613588392735,-0.258736550808,0.656809270382,-0.353788435459
0.80370682478,-0.241105377674,0.82318508625,-0.613588392735,-0.258736550808,0.656809270382,-0.353788435459
0.803726613522,-0.241717025638,0.823081493378,-0.612716436386,-0.2574198246,0.657453477383,-0.35506144166
0.803963303566,-0.241926506162,0.82318675518,-0.612570166588,-0.257459580898,0.657478511333,-0.355238318443
0.804184496403,-0.242236733437,0.823466181755,-0.613676130772,-0.255682349205,0.656874656677,-0.355730175972
0.804184496403,-0.242236733437,0.823466181755,-0.613676130772,-0.255682349205,0.656874656677,-0.355730175972
0.804786026478,-0.242670714855,0.823659658432,-0.614111065865,-0.25639796257,0.656072854996,-0.355944246054
0.804786026478,-0.242670714855,0.823659658432,-0.614111065865,-0.25639796257,0.656072854996,-0.355944246054
0.805124759674,-0.242920190096,0.82370442152,-0.613835036755,-0.25583794713,0.656249403954,-0.356497257948
0.806040585041,-0.243482127786,0.823834657669,-0.613878130913,-0.255645990372,0.65591698885,-0.357171654701
0.806268930435,-0.243854373693,0.823726177216,-0.610336244106,-0.256699293852,0.657461941242,-0.359637498856
0.80666488409,-0.244148910046,0.82378256321,-0.610208928585,-0.257396697998,0.656895518303,-0.360389262438
0.80666488409,-0.244148910046,0.82378256321,-0.610208928585,-0.257396697998,0.656895518303,-0.360389262438
0.807047963142,-0.244374036789,0.823850750923,-0.61019384861,-0.258071452379,0.656501710415,-0.360649734735
0.807828068733,-0.244913011789,0.824020504951,-0.610701441765,-0.258498162031,0.655743539333,-0.360864013433
0.808419704437,-0.245064660907,0.824167609215,-0.612126171589,-0.258430749178,0.655181646347,-0.35951679945
0.808867514133,-0.245317399502,0.824231147766,-0.612438738346,-0.258992105722,0.65463501215,-0.359576284885
0.808867514133,-0.245317399502,0.824231147766,-0.612438738346,-0.258992105722,0.65463501215,-0.359576284885
0.809552550316,-0.246059253812,0.824552834034,-0.612270712852,-0.257790029049,0.654304742813,-0.361322700977
0.809552550316,-0.246059253812,0.824552834034,-0.612270712852,-0.257790029049,0.654304742813,-0.361322700977
0.809820890427,-0.24640083313,0.824433028698,-0.609568297863,-0.259114563465,0.655007123947,-0.363664358854
0.810271441936,-0.246623426676,0.824728608131,-0.612432777882,-0.258216172457,0.653450608253,-0.362288594246
0.810998857021,-0.247143179178,0.824680924416,-0.610780894756,-0.259639889002,0.654410243034,-0.362327247858
0.810998857021,-0.247143179178,0.824680924416,-0.610780894756,-0.259639889002,0.654410243034,-0.362327247858
0.811619400978,-0.247885122895,0.825189232826,-0.612625718117,-0.256376743317,0.653705596924,-0.362807959318
0.811619400978,-0.247885122895,0.825189232826,-0.612625718117,-0.256376743317,0.653705596924,-0.362807959318
0.812032520771,-0.248489677906,0.824959754944,-0.608730435371,-0.260295599699,0.654089152813,-0.365869939327
0.812032520771,-0.248489677906,0.824959754944,-0.608730435371,-0.260295599699,0.654089152813,-0.365869939327
0.812681317329,-0.24895170331,0.825282931328,-0.611234366894,-0.260755896568,0.65254586935,-0.364119142294
0.812772214413,-0.249344408512,0.825253009796,-0.609707474709,-0.260232061148,0.652957737446,-0.366309046745
0.813037991524,-0.24965262413,0.825255990028,-0.609600365162,-0.259776353836,0.653078854084,-0.36659476161
0.813037991524,-0.24965262413,0.825255990028,-0.609600365162,-0.259776353836,0.653078854084,-0.36659476161
0.813217818737,-0.249981880188,0.82524317503,-0.60980796814,-0.259631961584,0.653260350227,-0.366028249264
0.813410818577,-0.250184983015,0.825073838234,-0.608139336109,-0.261303931475,0.653916597366,-0.366442412138
0.813873648643,-0.250941306353,0.825493454933,-0.61030703783,-0.258016109467,0.65272885561,-0.367284715176
0.814173281193,-0.251025974751,0.825344383717,-0.608820199966,-0.260465413332,0.652882635593,-0.367749720812
0.814173281193,-0.251025974751,0.825344383717,-0.608820199966,-0.260465413332,0.652882635593,-0.367749720812
0.814353644848,-0.251382440329,0.825069069862,-0.609051883221,-0.263540863991,0.652484118938,-0.36587792635
0.814353644848,-0.251382440329,0.825069069862,-0.609051883221,-0.263540863991,0.652484118938,-0.36587792635
0.814375698566,-0.251700013876,0.825175046921,-0.609840393066,-0.262320518494,0.651793241501,-0.366671949625
0.814440250397,-0.252339750528,0.824819207191,-0.606609404087,-0.2632612288,0.653269469738,-0.368724316359
0.814440250397,-0.252339750528,0.824819207191,-0.606609404087,-0.2632612288,0.653269469738,-0.368724316359
0.814683139324,-0.252524465322,0.824902534485,-0.608285069466,-0.264598220587,0.652296721935,-0.366723686457
0.814697563648,-0.252719402313,0.824882864952,-0.608443140984,-0.264901489019,0.651986718178,-0.366793572903
0.814697563648,-0.252719402313,0.824882864952,-0.608443140984,-0.264901489019,0.651986718178,-0.366793572903
0.814578056335,-0.252942919731,0.824870705605,-0.607827007771,-0.26474532485,0.652694761753,-0.366668641567
0.814220488071,-0.253416359425,0.824756503105,-0.607500255108,-0.266051232815,0.652443468571,-0.366712212563
0.814220488071,-0.253416359425,0.824756503105,-0.607500255108,-0.266051232815,0.652443468571,-0.366712212563
0.813869595528,-0.253984123468,0.824924051762,-0.608977377415,-0.264098018408,0.65203589201,-0.366398543119
0.813869595528,-0.253984123468,0.824924051762,-0.608977377415,-0.264098018408,0.65203589201,-0.366398543119
0.813735842705,-0.254147857428,0.824929833412,-0.608939826488,-0.264285743237,0.652048826218,-0.366302847862
0.813349962234,-0.254533648491,0.824658215046,-0.605877280235,-0.26637929678,0.653448224068,-0.367369294167
0.813189148903,-0.254716217518,0.824629426003,-0.605752468109,-0.266387581825,0.653659343719,-0.367193460464
0.813189148903,-0.254716217518,0.824629426003,-0.605752468109,-0.266387581825,0.653659343719,-0.367193460464
0.813084304333,-0.254979789257,0.82462990284,-0.60717189312,-0.267097473145,0.653264224529,-0.365030258894
0.812947869301,-0.255383461714,0.824589371681,-0.604635298252,-0.265679955482,0.655091643333,-0.366994976997
0.812947869301,-0.255383461714,0.824589371681,-0.604635298252,-0.265679955482,0.655091643333,-0.366994976997
0.812609314919,-0.255938470364,0.824371039867,-0.604920566082,-0.266604065895,0.654789686203,-0.366393387318
0.812701106071,-0.256037950516,0.824322938919,-0.606834292412,-0.267391383648,0.653834462166,-0.364355146885
0.812701106071,-0.256037950516,0.824322938919,-0.606834292412,-0.267391383648,0.653834462166,-0.364355146885
0.812371194363,-0.256119757891,0.823843359947,-0.613330721855,-0.27092179656,0.649071097374,-0.359351247549
0.812371194363,-0.256119757891,0.823843359947,-0.613330721855,-0.27092179656,0.649071097374,-0.359351247549
0.812139689922,-0.257397115231,0.82396787405,-0.608131527901,-0.267986297607,0.653001964092,-0.363246291876
0.811869442463,-0.257728874683,0.823848605156,-0.608961045742,-0.267002016306,0.652394533157,-0.363672792912
0.812016189098,-0.258043289185,0.823652625084,-0.608370900154,-0.268151015043,0.65274065733,-0.363193511963
0.812016189098,-0.258043289185,0.823652625084,-0.608370900154,-0.268151015043,0.65274065733,-0.363193511963
0.811742722988,-0.258848786354,0.82329249382,-0.607950925827,-0.268513053656,0.653421342373,-0.362404763699
0.811742722988,-0.258848786354,0.82329249382,-0.607950925827,-0.268513053656,0.653421342373,-0.362404763699
0.811447381973,-0.259367376566,0.823099851608,-0.606583178043,-0.268214970827,0.653717696667,-0.364377439022
0.811455249786,-0.259568691254,0.822968244553,-0.60857218504,-0.269454926252,0.652504980564,-0.362313598394
0.811085402966,-0.259794771671,0.82229757309,-0.61470836401,-0.271518111229,0.648297250271,-0.357942074537
0.8109177351,-0.260561078787,0.822199940681,-0.606771230698,-0.271570622921,0.653646528721,-0.361696600914
0.810593605042,-0.260993272066,0.822147190571,-0.607750296593,-0.270266145468,0.653170645237,-0.361889511347
0.81015586853,-0.261667996645,0.821980953217,-0.607582330704,-0.26846793294,0.653715848923,-0.362524867058
0.810087561607,-0.26189738512,0.821857213974,-0.609401404858,-0.269635736942,0.652703821659,-0.360422343016
0.810087561607,-0.26189738512,0.821857213974,-0.609401404858,-0.269635736942,0.652703821659,-0.360422343016
0.809922754765,-0.262416779995,0.821340680122,-0.606719315052,-0.272320300341,0.653699755669,-0.361123353243
0.810019373894,-0.262573063374,0.82152557373,-0.607240796089,-0.274010121822,0.652915537357,-0.360386699438
0.809384703636,-0.26305809617,0.821015357971,-0.607029736042,-0.272957444191,0.653751015663,-0.360026419163
0.809384703636,-0.26305809617,0.821015357971,-0.607029736042,-0.272957444191,0.653751015663,-0.360026419163
0.808709144592,-0.263954460621,0.820918560028,-0.60862660408,-0.271332204342,0.652553915977,-0.360729366541
0.808641254902,-0.264054864645,0.820487618446,-0.606319069862,-0.274598360062,0.653483569622,-0.360461086035
0.808356642723,-0.263990610838,0.820115804672,-0.613388895988,-0.276739954948,0.64844763279,-0.355928212404
0.808356642723,-0.263990610838,0.820115804672,-0.613388895988,-0.276739954948,0.64844763279,-0.355928212404
0.807928800583,-0.265134811401,0.819998860359,-0.606036543846,-0.276158601046,0.653108000755,-0.360424786806
0.807705163956,-0.265454649925,0.81984603405,-0.605757653713,-0.276667177677,0.653018772602,-0.360665559769
0.807452440262,-0.265750288963,0.819631099701,-0.605690598488,-0.277728885412,0.652857065201,-0.36025428772
0.807452440262,-0.265750288963,0.819631099701,-0.605690598488,-0.277728885412,0.652857065201,-0.36025428772
0.807097196579,-0.266513854265,0.819280922413,-0.604728877544,-0.277796953917,0.653194606304,-0.361204713583
0.807097196579,-0.266513854265,0.819280922413,-0.604728877544,-0.277796953917,0.653194606304,-0.361204713583
0.806503772736,-0.266944825649,0.818957209587,-0.614546120167,-0.278783082962,0.645845770836,-0.357066184282
0.80670106411,-0.26702016592,0.818894267082,-0.614529728889,-0.287666469812,0.643405020237,-0.354444921017
0.80670106411,-0.26702016592,0.818894267082,-0.614529728889,-0.287666469812,0.643405020237,-0.354444921017
0.806630253792,-0.267874032259,0.818868100643,-0.607110202312,-0.286126375198,0.648338675499,-0.35945212841
0.805875480175,-0.2681838274,0.817775845528,-0.612108767033,-0.284989178181,0.645324826241,-0.357295304537
0.805875480175,-0.2681838274,0.817775845528,-0.612108767033,-0.284989178181,0.645324826241,-0.357295304537
0.805469930172,-0.269644647837,0.817480802536,-0.603177189827,-0.283274561167,0.65105265379,-0.363405287266
0.805541396141,-0.269968569279,0.817707061768,-0.605674147606,-0.288198113441,0.647707521915,-0.361352533102
0.805541396141,-0.269968569279,0.817707061768,-0.605674147606,-0.288198113441,0.647707521915,-0.361352533102
0.805112838745,-0.270795702934,0.817263305187,-0.607388913631,-0.288614064455,0.646666944027,-0.360003471375
0.804571092129,-0.271308839321,0.816661000252,-0.605987608433,-0.284203201532,0.648905038834,-0.361842542887
0.804571092129,-0.271308839321,0.816661000252,-0.605987608433,-0.284203201532,0.648905038834,-0.361842542887
0.804176390171,-0.271674782038,0.816315531731,-0.614867329597,-0.291721224785,0.640837669373,-0.355195760727
0.803722143173,-0.272172152996,0.816028237343,-0.614643037319,-0.292015463114,0.640687704086,-0.355612546206
0.803395569324,-0.272675216198,0.815768659115,-0.614752590656,-0.292207986116,0.640617966652,-0.35539034009
0.802979290485,-0.273200303316,0.815493881702,-0.614963710308,-0.292247772217,0.64079028368,-0.354681074619
0.802679598331,-0.274183392525,0.815457820892,-0.60859888792,-0.289971917868,0.645400047302,-0.35914131999
0.802188873291,-0.274203121662,0.81509244442,-0.61479383707,-0.292888492346,0.641016066074,-0.354038566351
0.801678717136,-0.274781644344,0.814734458923,-0.615416407585,-0.292757987976,0.640475094318,-0.354043722153
0.801257133484,-0.275794565678,0.814657986164,-0.608157396317,-0.291171342134,0.64585185051,-0.358105123043
0.800703167915,-0.276371359825,0.814373016357,-0.60883140564,-0.290875613689,0.645602583885,-0.357649236917
0.800703167915,-0.276371359825,0.814373016357,-0.60883140564,-0.290875613689,0.645602583885,-0.357649236917
0.800172924995,-0.276964753866,0.814281821251,-0.610132336617,-0.289329022169,0.644728124142,-0.358263790607
0.799234211445,-0.27788990736,0.813574910164,-0.609427154064,-0.292616397142,0.644807875156,-0.35664716363
0.798450946808,-0.278690397739,0.813458681107,-0.60870295763,-0.290499925613,0.645012974739,-0.359233647585
0.798450946808,-0.278690397739,0.813458681107,-0.60870295763,-0.290499925613,0.645012974739,-0.359233647585
0.797513008118,-0.279526054859,0.812909007072,-0.611174464226,-0.292707562447,0.643598854542,-0.355764985085
0.796996712685,-0.280148923397,0.812611937523,-0.610318720341,-0.292391240597,0.64417976141,-0.356442153454
0.796249330044,-0.280753135681,0.812097489834,-0.607865929604,-0.293703734875,0.645432174206,-0.357287585735
0.796249330044,-0.280753135681,0.812097489834,-0.607865929604,-0.293703734875,0.645432174206,-0.357287585735
0.794835984707,-0.28177806735,0.811694681644,-0.611407935619,-0.291641831398,0.643694221973,-0.356066286564
0.794622182846,-0.28255802393,0.810640454292,-0.606808662415,-0.278047651052,0.651805818081,-0.360030591488
0.794044673443,-0.2828373909,0.811174452305,-0.6124355793,-0.293365448713,0.6431620121,-0.353838980198
0.793501973152,-0.283225476742,0.810659646988,-0.608485102654,-0.296773672104,0.64419990778,-0.355918228626
0.793091058731,-0.283939272165,0.80960047245,-0.605539560318,-0.279932260513,0.651982188225,-0.360387653112
0.792553782463,-0.284153014421,0.810347080231,-0.611952006817,-0.29620963335,0.642451286316,-0.353597283363
0.792012929916,-0.284622132778,0.809775352478,-0.610152363777,-0.298750579357,0.64318561554,-0.353234559298
0.791490674019,-0.285228699446,0.808582425117,-0.604981541634,-0.285039931536,0.651026725769,-0.359045505524
0.791490674019,-0.285228699446,0.808582425117,-0.604981541634,-0.285039931536,0.651026725769,-0.359045505524
0.79046857357,-0.286312997341,0.80793774128,-0.604604005814,-0.284889042377,0.651551485062,-0.358849525452
0.790040314198,-0.286598086357,0.808577358723,-0.610101997852,-0.300322443247,0.642595946789,-0.353061676025
0.789364635944,-0.287503808737,0.807595491409,-0.606872558594,-0.283628731966,0.65005248785,-0.358737140894
0.78887283802,-0.288054287434,0.807300686836,-0.60649895668,-0.283919095993,0.65031760931,-0.358658641577
0.788599133492,-0.288266062737,0.806677818298,-0.604252457619,-0.287472903728,0.65090405941,-0.358555972576
0.788599133492,-0.288266062737,0.806677818298,-0.604252457619,-0.287472903728,0.65090405941,-0.358555972576
0.787656962872,-0.289324522018,0.806030154228,-0.604440391064,-0.288432240486,0.650472342968,-0.358251690865
0.787217855453,-0.289803683758,0.805724740028,-0.60494273901,-0.289358913898,0.649531841278,-0.358363360167
0.786822259426,-0.290108978748,0.806269407272,-0.609800517559,-0.304033041,0.641318202019,-0.352729827166
0.786382615566,-0.290650784969,0.805934548378,-0.609519839287,-0.304080724716,0.641592800617,-0.35267418623
0.785829842091,-0.290809303522,0.804531395435,-0.611055552959,-0.293399989605,0.643894314766,-0.354863107204
0.785829842091,-0.290809303522,0.804531395435,-0.611055552959,-0.293399989605,0.643894314766,-0.354863107204
0.785462021828,-0.291840583086,0.804386377335,-0.603845834732,-0.291854947805,0.649422168732,-0.358387857676
0.78473174572,-0.292668789625,0.80456829071,-0.608979701996,-0.306096851826,0.641140937805,-0.352685183287
0.784213066101,-0.293315589428,0.804166913033,-0.607006013393,-0.306445986032,0.641743898392,-0.354681938887
0.783917307854,-0.293698847294,0.803845405579,-0.608882308006,-0.307607114315,0.640630066395,-0.352467596531
0.78352612257,-0.294213414192,0.803699493408,-0.609683394432,-0.306388258934,0.64005702734,-0.353184819221
0.783159613609,-0.294889092445,0.803439438343,-0.609854102135,-0.304724812508,0.64018702507,-0.354092180729
0.782940924168,-0.295161306858,0.802892386913,-0.607646405697,-0.309164077044,0.640705823898,-0.353099763393
0.782608032227,-0.295589655638,0.802562594414,-0.607940971851,-0.310398250818,0.639830589294,-0.353097289801
0.782314777374,-0.296094030142,0.802184641361,-0.606926441193,-0.310535848141,0.64045804739,-0.353583782911
0.782045185566,-0.296579033136,0.801749110222,-0.606462299824,-0.310346782207,0.640852868557,-0.353830397129
0.781702399254,-0.297008424997,0.801343798637,-0.606352984905,-0.311373412609,0.640503764153,-0.353748142719
0.781324625015,-0.297724366188,0.801234900951,-0.60780030489,-0.308992922306,0.639766454697,-0.354684978724
0.781217575073,-0.297921776772,0.800585508347,-0.605345666409,-0.313569009304,0.639870643616,-0.354678362608
0.781064808369,-0.298288345337,0.800264954567,-0.605175435543,-0.314472973347,0.639537334442,-0.354769557714
0.780873477459,-0.298889905214,0.80008661747,-0.605498552322,-0.313550561666,0.639178335667,-0.355680286884
0.780517935753,-0.299064159393,0.799561321735,-0.612767338753,-0.313699632883,0.633683860302,-0.352921485901
0.7805762887,-0.299749612808,0.799274981022,-0.605061292648,-0.314978778362,0.638429582119,-0.356506377459
0.780375659466,-0.300060927868,0.79858314991,-0.602785229683,-0.318320661783,0.638806581497,-0.356718957424
0.780270218849,-0.300461709499,0.79815018177,-0.603230059147,-0.31928139925,0.637968480587,-0.356607973576
0.780270218849,-0.300461709499,0.79815018177,-0.603230059147,-0.31928139925,0.637968480587,-0.356607973576
0.78010571003,-0.300381332636,0.797555088997,-0.609493553638,-0.322590202093,0.63216894865,-0.353292912245
0.779793798923,-0.30174228549,0.796467781067,-0.600500464439,-0.317972868681,0.639109551907,-0.360321462154
0.779793798923,-0.30174228549,0.796467781067,-0.600500464439,-0.317972868681,0.639109551907,-0.360321462154
0.779816746712,-0.30213958025,0.796011805534,-0.600138485432,-0.318296641111,0.638825237751,-0.361141741276
0.779659450054,-0.302050441504,0.795294225216,-0.606204986572,-0.321703970432,0.633746981621,-0.356913000345
0.779694855213,-0.303084522486,0.794568657875,-0.607655405998,-0.319893807173,0.631991684437,-0.359178841114
0.779694855213,-0.303084522486,0.794568657875,-0.607655405998,-0.319893807173,0.631991684437,-0.359178841114
0.779929041862,-0.304003834724,0.793589055538,-0.598071813583,-0.324075490236,0.63630515337,-0.363869279623
0.780035257339,-0.304402291775,0.793095231056,-0.598419368267,-0.324532717466,0.635739684105,-0.363879084587
0.779986798763,-0.304267466068,0.792489171028,-0.60454505682,-0.328177541494,0.629703462124,-0.36096867919
0.779986798763,-0.304267466068,0.792489171028,-0.60454505682,-0.328177541494,0.629703462124,-0.36096867919
0.780110955238,-0.304628789425,0.792056620121,-0.604082167149,-0.32936117053,0.629000782967,-0.361889272928
0.780395686626,-0.305895149708,0.791310667992,-0.596856892109,-0.328919529915,0.633308470249,-0.3667345047
0.780539691448,-0.306191653013,0.790875196457,-0.597066700459,-0.330168873072,0.632358670235,-0.366909086704
0.780548453331,-0.306844383478,0.790749013424,-0.598888993263,-0.327507972717,0.631365120411,-0.368033885956
0.780548453331,-0.306844383478,0.790749013424,-0.598888993263,-0.327507972717,0.631365120411,-0.368033885956
0.78110408783,-0.307610243559,0.790021300316,-0.599752724171,-0.331736862659,0.62824255228,-0.368183016777
0.781080245972,-0.307255893946,0.789143443108,-0.595369100571,-0.336397558451,0.628571212292,-0.370500475168
0.781210660934,-0.307703495026,0.788704752922,-0.594546020031,-0.336341828108,0.628501832485,-0.371987760067
0.78138256073,-0.307499706745,0.788181602955,-0.600683391094,-0.339742392302,0.622852683067,-0.36852273345
0.781525373459,-0.308398365974,0.788138866425,-0.60419678688,-0.335491597652,0.622659504414,-0.366996943951
0.781632363796,-0.308897227049,0.787578105927,-0.60432600975,-0.336255043745,0.62197881937,-0.367240041494
0.781828999519,-0.309318214655,0.787299513817,-0.604665994644,-0.337301403284,0.620790421963,-0.367731153965
0.782359600067,-0.30925655365,0.78634262085,-0.599845170975,-0.339269816875,0.622351706028,-0.371160566807
0.782359600067,-0.30925655365,0.78634262085,-0.599845170975,-0.339269816875,0.622351706028,-0.371160566807
0.782655060291,-0.310625851154,0.786290407181,-0.598031520844,-0.337580859661,0.624340832233,-0.372284829617
0.78283649683,-0.310969352722,0.785924613476,-0.597634613514,-0.338502407074,0.623752176762,-0.373071491718
0.783346235752,-0.311020225286,0.785296678543,-0.603513598442,-0.341438770294,0.618234753609,-0.370103508234
0.783346235752,-0.311020225286,0.785296678543,-0.603513598442,-0.341438770294,0.618234753609,-0.370103508234
0.783494532108,-0.311508178711,0.784616112709,-0.604879796505,-0.344715207815,0.615657627583,-0.369130730629
0.784046292305,-0.31187915802,0.78450512886,-0.605895638466,-0.349065393209,0.612936317921,-0.367903709412
0.783611476421,-0.312071859837,0.783567786217,-0.594139635563,-0.346196621656,0.619934380054,-0.377925097942
0.784167647362,-0.311856806278,0.782911062241,-0.599794983864,-0.350634664297,0.614844441414,-0.373185932636
0.784167647362,-0.311856806278,0.782911062241,-0.599794983864,-0.350634664297,0.614844441414,-0.373185932636
0.784999489784,-0.313511878252,0.782737314701,-0.605942606926,-0.342414289713,0.614917755127,-0.370758831501
0.785326480865,-0.313482433558,0.782228112221,-0.604285418987,-0.345619499683,0.614000201225,-0.372008293867
0.78535091877,-0.313562095165,0.781911194324,-0.595472276211,-0.348357200623,0.616404652596,-0.379612267017
0.785264968872,-0.313746631145,0.781186699867,-0.593842983246,-0.349529206753,0.61685949564,-0.380347818136
0.786488413811,-0.315122008324,0.781604647636,-0.600646972656,-0.341727256775,0.617467582226,-0.37573865056
0.786488413811,-0.315122008324,0.781604647636,-0.600646972656,-0.341727256775,0.617467582226,-0.37573865056
0.786765873432,-0.314616411924,0.780639410019,-0.596134483814,-0.350641667843,0.614008486271,-0.380351960659
0.786525309086,-0.314375549555,0.779845356941,-0.601339161396,-0.355407267809,0.608590602875,-0.376423358917
0.787800490856,-0.315189361572,0.779863238335,-0.593575656414,-0.35282227397,0.614897608757,-0.380900591612
0.787800490856,-0.315189361572,0.779863238335,-0.593575656414,-0.35282227397,0.614897608757,-0.380900591612
0.788191437721,-0.31581261754,0.779530405998,-0.595790266991,-0.351941883564,0.612355470657,-0.382350325584
0.788191437721,-0.31581261754,0.779530405998,-0.595790266991,-0.351941883564,0.612355470657,-0.382350325584
0.788945317268,-0.315705060959,0.779067635536,-0.601648807526,-0.35552534461,0.607685506344,-0.377277940512
0.788890957832,-0.315870404243,0.778944969177,-0.603073954582,-0.35620239377,0.605010271072,-0.378660976887
0.790322005749,-0.317771404982,0.779489040375,-0.610789954662,-0.345951080322,0.604963362217,-0.375862896442
0.790716648102,-0.318027257919,0.779332280159,-0.61082470417,-0.346235483885,0.604360461235,-0.376513510942
0.790716648102,-0.318027257919,0.779332280159,-0.61082470417,-0.346235483885,0.604360461235,-0.376513510942
0.791177988052,-0.318767249584,0.779393672943,-0.604498684406,-0.344738543034,0.609099566936,-0.380439847708
0.791480898857,-0.318524420261,0.779085040092,-0.611119508743,-0.347876727581,0.602709472179,-0.377168387175
0.792156994343,-0.319090276957,0.778794527054,-0.610440671444,-0.348635733128,0.602281272411,-0.378249377012
0.792555630207,-0.31940677762,0.778582811356,-0.609775960445,-0.350061297417,0.601962447166,-0.378512322903
0.793052732944,-0.31966894865,0.778470277786,-0.609971523285,-0.351034373045,0.600978374481,-0.37885966897
0.793602466583,-0.320347696543,0.778557181358,-0.603682160378,-0.34912031889,0.605891704559,-0.382855296135
0.793602466583,-0.320347696543,0.778557181358,-0.603682160378,-0.34912031889,0.605891704559,-0.382855296135
0.794366121292,-0.320433795452,0.778230547905,-0.60917276144,-0.3525416255,0.600111305714,-0.380117446184
0.794979035854,-0.320596337318,0.778141140938,-0.60949075222,-0.353781938553,0.598538339138,-0.380934774876
0.795481562614,-0.320796787739,0.778060495853,-0.609021067619,-0.35434627533,0.598118305206,-0.381820082664
0.796022355556,-0.321049571037,0.777992010117,-0.60802000761,-0.3550170362,0.597795367241,-0.38329538703
0.796022355556,-0.321049571037,0.777992010117,-0.60802000761,-0.3550170362,0.597795367241,-0.38329538703
0.797376453876,-0.321845173836,0.77795112133,-0.601910233498,-0.355459958315,0.601045310497,-0.387423247099
0.797965884209,-0.322073727846,0.777778148651,-0.601357698441,-0.355317473412,0.600816547871,-0.388764411211
0.798627853394,-0.3222425282,0.777721703053,-0.601208746433,-0.356114298105,0.599952161312,-0.389600098133
0.798627853394,-0.3222425282,0.777721703053,-0.601208746433,-0.356114298105,0.599952161312,-0.389600098133
0.799220323563,-0.321962058544,0.777451992035,-0.607979297638,-0.359014302492,0.593671560287,-0.386036396027
0.800545156002,-0.322382241488,0.777296900749,-0.607724249363,-0.35975921154,0.592430710793,-0.38764744997
0.801525235176,-0.322712421417,0.777024269104,-0.607670485973,-0.358465909958,0.592074036598,-0.389470517635
0.802163660526,-0.322980761528,0.776996612549,-0.607490360737,-0.358546704054,0.591575145721,-0.390433758497
0.802856683731,-0.323221474886,0.77693426609,-0.607343196869,-0.359196543694,0.591135621071,-0.390731245279
0.802856683731,-0.323221474886,0.77693426609,-0.607343196869,-0.359196543694,0.591135621071,-0.390731245279
0.803809940815,-0.323703557253,0.776980698109,-0.606474995613,-0.36090272665,0.590086817741,-0.392090350389
0.804661929607,-0.323908954859,0.776958346367,-0.608308255672,-0.361925929785,0.588176906109,-0.391175925732
0.805581927299,-0.324351370335,0.77675485611,-0.60798317194,-0.360084027052,0.588668763638,-0.392638713121
0.805581927299,-0.324351370335,0.77675485611,-0.60798317194,-0.360084027052,0.588668763638,-0.392638713121
0.806731760502,-0.324878394604,0.776996731758,-0.609087646008,-0.361541479826,0.586574316025,-0.392722010612
0.806731760502,-0.324878394604,0.776996731758,-0.609087646008,-0.361541479826,0.586574316025,-0.392722010612
0.808029711246,-0.325571000576,0.777140319347,-0.609724700451,-0.361070811749,0.585312664509,-0.394046604633
0.808029711246,-0.325571000576,0.777140319347,-0.609724700451,-0.361070811749,0.585312664509,-0.394046604633
0.809385597706,-0.326076626778,0.777069449425,-0.608908176422,-0.361500620842,0.584864139557,-0.395578354597
0.809385597706,-0.326076626778,0.777069449425,-0.608908176422,-0.361500620842,0.584864139557,-0.395578354597
0.810036182404,-0.326298892498,0.777154326439,-0.609645843506,-0.362752228975,0.583301842213,-0.395603090525
0.811684191227,-0.327095597982,0.777100920677,-0.609236717224,-0.359461218119,0.584357500076,-0.3976739645
0.812013626099,-0.327252775431,0.777332663536,-0.610379338264,-0.36109572649,0.582847237587,-0.396656274796
0.812680840492,-0.327522426844,0.777377486229,-0.611478984356,-0.36103990674,0.581711888313,-0.396680086851
0.813713610172,-0.328491419554,0.777300834656,-0.604458510876,-0.35494068265,0.588676989079,-0.402624696493
0.813713610172,-0.328491419554,0.777300834656,-0.604458510876,-0.35494068265,0.588676989079,-0.402624696493
0.814400851727,-0.329114198685,0.777457296848,-0.604575872421,-0.356192559004,0.587197244167,-0.403502583504
0.815453469753,-0.328525066376,0.777204632759,-0.602098345757,-0.362717330456,0.585279643536,-0.40418022871
0.815453469753,-0.328525066376,0.777204632759,-0.602098345757,-0.362717330456,0.585279643536,-0.40418022871
0.81640535593,-0.329926133156,0.777265071869,-0.609148740768,-0.35343798995,0.585658252239,-0.401277601719
0.81640535593,-0.329926133156,0.777265071869,-0.609148740768,-0.35343798995,0.585658252239,-0.401277601719
0.816725730896,-0.330595493317,0.777150571346,-0.606633722782,-0.35059016943,0.587763547897,-0.404495090246
0.817233920097,-0.330545842648,0.776859998703,-0.59871160984,-0.354329556227,0.590011060238,-0.409734129906
0.817714989185,-0.331470936537,0.777391135693,-0.610151529312,-0.352034628391,0.584797084332,-0.402242749929
0.817860424519,-0.331975549459,0.77729344368,-0.608386874199,-0.350498855114,0.586225509644,-0.404172807932
0.818100810051,-0.332298666239,0.777238547802,-0.608527064323,-0.35048943758,0.586044251919,-0.404232770205
0.818760514259,-0.331643402576,0.776541590691,-0.608685553074,-0.356190562248,0.582841694355,-0.403640717268
0.818632483482,-0.332658916712,0.776820898056,-0.613740444183,-0.350176542997,0.582405745983,-0.401874095201
0.818977952003,-0.332855522633,0.776856780052,-0.615663468838,-0.350727647543,0.580790877342,-0.400787293911
0.819254279137,-0.33359670639,0.776998400688,-0.610210478306,-0.347843021154,0.585028290749,-0.405450701714
0.81937277317,-0.333883613348,0.776939749718,-0.610029459,-0.347463786602,0.585413396358,-0.405492663383
0.819160044193,-0.333954334259,0.777135848999,-0.611135065556,-0.350029617548,0.583623826504,-0.404198586941
0.819068670273,-0.333763182163,0.776955366135,-0.617287039757,-0.352168381214,0.578605115414,-0.40018799901
0.819304704666,-0.334162682295,0.776697516441,-0.616851508617,-0.348634630442,0.58038520813,-0.401374071836
0.819304704666,-0.334162682295,0.776697516441,-0.616851508617,-0.348634630442,0.58038520813,-0.401374071836
0.819123506546,-0.334631770849,0.776640295982,-0.617679297924,-0.347760587931,0.579967617989,-0.40146291256
0.818926811218,-0.334888339043,0.77659201622,-0.617413699627,-0.347488641739,0.580421090126,-0.401451736689
0.818733990192,-0.335114717484,0.776554703712,-0.61715054512,-0.347582042217,0.580490410328,-0.40167504549
0.818733990192,-0.335114717484,0.776554703712,-0.61715054512,-0.347582042217,0.580490410328,-0.40167504549
0.818104147911,-0.335519909859,0.776472151279,-0.617046415806,-0.34836140275,0.580519199371,-0.401118159294
0.817784130573,-0.335691124201,0.77642416954,-0.616856813431,-0.348452061415,0.580819189548,-0.40089648962
0.816636383533,-0.334624767303,0.77529913187,-0.607962727547,-0.35951000452,0.580917775631,-0.404559493065
0.81621992588,-0.334839165211,0.775255918503,-0.608002901077,-0.35905367136,0.581300497055,-0.404354512691
0.815455794334,-0.334875106812,0.77537727356,-0.608443498611,-0.361827135086,0.58012086153,-0.402911424637
0.816126942635,-0.337142884731,0.776461601257,-0.610358655453,-0.344195336103,0.588192880154,-0.40375867486
0.815520107746,-0.336871087551,0.776220083237,-0.615999162197,-0.346814513206,0.583469688892,-0.399784892797
0.815520107746,-0.336871087551,0.776220083237,-0.615999162197,-0.346814513206,0.583469688892,-0.399784892797
0.815159201622,-0.337468236685,0.776320338249,-0.609425723553,-0.344593524933,0.588991761208,-0.403663724661
0.813550412655,-0.337866425514,0.776409029961,-0.607430636883,-0.346497118473,0.589780390263,-0.403889775276
0.813550412655,-0.337866425514,0.776409029961,-0.607430636883,-0.346497118473,0.589780390263,-0.403889775276
0.813139379025,-0.337865680456,0.776467144489,-0.608671188354,-0.348050773144,0.588662028313,-0.402314662933
0.812504708767,-0.338078737259,0.776459932327,-0.608197450638,-0.348019242287,0.589043140411,-0.402500867844
0.811288952827,-0.338489413261,0.776468634605,-0.607369303703,-0.347852468491,0.590288102627,-0.402071237564
0.810628414154,-0.33867123723,0.776490926743,-0.60704511404,-0.34767588973,0.590839743614,-0.401903063059
0.810628414154,-0.33867123723,0.776490926743,-0.60704511404,-0.34767588973,0.590839743614,-0.401903063059
0.809871852398,-0.338377028704,0.776366889477,-0.612810075283,-0.351067453623,0.586058735847,-0.397178560495
0.808644294739,-0.338780671358,0.776525259018,-0.614517092705,-0.349437355995,0.586550831795,-0.395247459412
0.807924807072,-0.339076340199,0.776563942432,-0.613509654999,-0.349031209946,0.587763011456,-0.395370334387
0.807264864445,-0.339264690876,0.77664244175,-0.612721681595,-0.3493488729,0.588470339775,-0.395259410143
0.807264864445,-0.339264690876,0.77664244175,-0.612721681595,-0.3493488729,0.588470339775,-0.395259410143
0.805897057056,-0.339676827192,0.77670031786,-0.611914277077,-0.349157124758,0.589894831181,-0.394555896521
0.805242955685,-0.339905530214,0.776787042618,-0.61208242178,-0.348630905151,0.59048807621,-0.393872350454
0.805242955685,-0.339905530214,0.776787042618,-0.61208242178,-0.348630905151,0.59048807621,-0.393872350454
0.80475205183,-0.34035679698,0.776614665985,-0.610862314701,-0.344781130552,0.593438148499,-0.394720822573
0.803014755249,-0.340632975101,0.776921987534,-0.611421108246,-0.347278952599,0.593046665192,-0.392246603966
0.803014755249,-0.340632975101,0.776921987534,-0.611421108246,-0.347278952599,0.593046665192,-0.392246603966
0.802610337734,-0.34100496769,0.776740074158,-0.61036336422,-0.344602584839,0.595045983791,-0.393225044012
0.80075109005,-0.342025190592,0.777221083641,-0.603373110294,-0.342987090349,0.60137462616,-0.395789474249
0.800443768501,-0.342263221741,0.777129650116,-0.604564130306,-0.340577721596,0.602317154408,-0.394617766142
0.799296855927,-0.34178519249,0.777181863785,-0.61141872406,-0.346618264914,0.595728814602,-0.388754636049
0.798526346684,-0.342029094696,0.777229785919,-0.610817551613,-0.345863491297,0.59701603651,-0.388396978378
0.798526346684,-0.342029094696,0.777229785919,-0.610817551613,-0.345863491297,0.59701603651,-0.388396978378
0.796942651272,-0.343091934919,0.777454555035,-0.603251099586,-0.342523783445,0.603802025318,-0.392668932676
0.796942651272,-0.343091934919,0.777454555035,-0.603251099586,-0.342523783445,0.603802025318,-0.392668932676
0.79545134306,-0.342868715525,0.777379930019,-0.610258340836,-0.344675928354,0.59951210022,-0.386482417583
0.794675350189,-0.343011558056,0.777367591858,-0.610112071037,-0.344676494598,0.599979162216,-0.385987520218
0.793816030025,-0.343142569065,0.777409672737,-0.60949742794,-0.344683051109,0.60103905201,-0.385303556919
0.793816030025,-0.343142569065,0.777409672737,-0.60949742794,-0.344683051109,0.60103905201,-0.385303556919
0.792997360229,-0.343309849501,0.777432799339,-0.610058128834,-0.344325810671,0.601153433323,-0.384556204081
0.792247474194,-0.343400508165,0.777466475964,-0.610230267048,-0.343672722578,0.601658821106,-0.384076416492
0.790594220161,-0.343484163284,0.777567088604,-0.609826505184,-0.344292908907,0.602424323559,-0.38296097517
0.789787173271,-0.343640565872,0.777601838112,-0.609393119812,-0.342603027821,0.604000627995,-0.382683187723
0.789787173271,-0.343640565872,0.777601838112,-0.609393119812,-0.342603027821,0.604000627995,-0.382683187723
0.789040982723,-0.343725264072,0.777645289898,-0.609687447548,-0.341735422611,0.604898333549,-0.381570756435
0.787742316723,-0.34392234683,0.777490496635,-0.608461618423,-0.338608235121,0.607842683792,-0.381636351347
0.787742316723,-0.34392234683,0.777490496635,-0.608461618423,-0.338608235121,0.607842683792,-0.381636351347
0.786689519882,-0.343721628189,0.777732670307,-0.609388232231,-0.341327995062,0.606538891792,-0.379804939032
0.785187423229,-0.344068020582,0.777552008629,-0.606923937798,-0.335963666439,0.611295759678,-0.380905866623
0.784447848797,-0.344330072403,0.778114020824,-0.604345023632,-0.335037589073,0.614021658897,-0.381437301636
0.784447848797,-0.344330072403,0.778114020824,-0.604345023632,-0.335037589073,0.614021658897,-0.381437301636
0.783637821674,-0.343900471926,0.777958154678,-0.610807955265,-0.336867958307,0.609398424625,-0.376918315887
0.782514154911,-0.34439650178,0.777980923653,-0.60371285677,-0.331742435694,0.617451190948,-0.379778862
0.782514154911,-0.34439650178,0.777980923653,-0.60371285677,-0.331742435694,0.617451190948,-0.379778862
0.780396699905,-0.343003690243,0.777106642723,-0.595470428467,-0.345259070396,0.618230462074,-0.379476249218
0.779692530632,-0.343498110771,0.77742600441,-0.607998013496,-0.338351607323,0.614745080471,-0.371409833431
0.779420018196,-0.344159632921,0.778265357018,-0.605158627033,-0.332031935453,0.61864233017,-0.375259101391
0.778908550739,-0.343856871128,0.777907729149,-0.611514866352,-0.330731153488,0.615172922611,-0.371791362762
0.777962505817,-0.343614697456,0.777377605438,-0.608095705509,-0.33336648345,0.617697000504,-0.370859414339
0.777962505817,-0.343614697456,0.777377605438,-0.608095705509,-0.33336648345,0.617697000504,-0.370859414339
0.776323258877,-0.343484342098,0.777669489384,-0.609685182571,-0.335433363914,0.616735577583,-0.367974936962
0.775675714016,-0.343595653772,0.77773976326,-0.609763264656,-0.334907770157,0.617606043816,-0.366862803698
0.775675714016,-0.343595653772,0.77773976326,-0.609763264656,-0.334907770157,0.617606043816,-0.366862803698
0.774444878101,-0.343394726515,0.777596831322,-0.608501017094,-0.335938543081,0.618464589119,-0.366569936275
0.774444878101,-0.343394726515,0.777596831322,-0.608501017094,-0.335938543081,0.618464589119,-0.366569936275
0.773234546185,-0.34356456995,0.777651906013,-0.608536362648,-0.333766251802,0.620083212852,-0.365760236979
0.773234546185,-0.34356456995,0.777651906013,-0.608536362648,-0.333766251802,0.620083212852,-0.365760236979
0.772690236568,-0.343602240086,0.7777312994,-0.609123647213,-0.334151148796,0.620065271854,-0.364459395409
0.772064089775,-0.343663930893,0.777754962444,-0.609393119812,-0.333722293377,0.620489895344,-0.363677948713
0.770909190178,-0.343214958906,0.777423381805,-0.606097877026,-0.335586935282,0.622219204903,-0.364513516426
0.770909190178,-0.343214958906,0.777423381805,-0.606097877026,-0.335586935282,0.622219204903,-0.364513516426
0.770378887653,-0.343273729086,0.777415275574,-0.606529653072,-0.334688097239,0.622951388359,-0.36336940527
0.769119381905,-0.343895077705,0.777836441994,-0.611239433289,-0.327939122915,0.624117970467,-0.359609782696
0.768627762794,-0.343321889639,0.777537703514,-0.608414471149,-0.331958711147,0.624319732189,-0.360361009836
0.768045544624,-0.34339389205,0.77763068676,-0.609855890274,-0.330618083477,0.624687373638,-0.358515411615
0.767449498177,-0.343436598778,0.777657687664,-0.610923469067,-0.329288750887,0.625263273716,-0.356913566589
0.767449498177,-0.343436598778,0.777657687664,-0.610923469067,-0.329288750887,0.625263273716,-0.356913566589
0.766292214394,-0.343399465084,0.777988553047,-0.613226175308,-0.332084417343,0.624539494514,-0.35160240531
0.765676140785,-0.34332793951,0.778000831604,-0.613722443581,-0.330889075994,0.625193953514,-0.350698918104
0.76497811079,-0.343293786049,0.778051972389,-0.614930689335,-0.329814136028,0.625350773335,-0.34931281209
0.764438867569,-0.343679964542,0.77829760313,-0.609305202961,-0.327104300261,0.631177484989,-0.35123360157
0.763783037663,-0.343627303839,0.778367996216,-0.610199809074,-0.326199233532,0.631505131721,-0.349930912256
0.763783037663,-0.343627303839,0.778367996216,-0.610199809074,-0.326199233532,0.631505131721,-0.349930912256
0.762488484383,-0.343535482883,0.778555035591,-0.611418247223,-0.32352989912,0.6332706213,-0.347080230713
0.761703431606,-0.343198925257,0.777685046196,-0.61440128088,-0.311285585165,0.635808587074,-0.348367124796
0.761066794395,-0.343437999487,0.778036415577,-0.608912885189,-0.309111505747,0.640768945217,-0.350842416286
0.760241627693,-0.34277895093,0.777916193008,-0.615741550922,-0.310314536095,0.636156916618,-0.346224814653
0.759485721588,-0.342594087124,0.778083503246,-0.615826904774,-0.309718847275,0.636723697186,-0.345563918352
0.758826255798,-0.342403173447,0.778133392334,-0.615712285042,-0.308226406574,0.63805359602,-0.344648450613
0.758826255798,-0.342403173447,0.778133392334,-0.615712285042,-0.308226406574,0.63805359602,-0.344648450613
0.756964683533,-0.342664152384,0.778793811798,-0.611948311329,-0.301080256701,0.64376115799,-0.347047001123
0.756468832493,-0.342111885548,0.778886556625,-0.618800878525,-0.302346467972,0.639318346977,-0.341971099377
0.755967378616,-0.342099368572,0.778951704502,-0.610238969326,-0.302298843861,0.64644151926,-0.344001889229
0.755120396614,-0.341354131699,0.778959512711,-0.617632508278,-0.302746444941,0.641708314419,-0.339242368937
0.754258096218,-0.341326117516,0.779387652874,-0.620565891266,-0.298573821783,0.641249656677,-0.338453531265
0.754258096218,-0.341326117516,0.779387652874,-0.620565891266,-0.298573821783,0.641249656677,-0.338453531265
0.752730250359,-0.34083366394,0.779651045799,-0.620567321777,-0.296436458826,0.643475532532,-0.336096465588
0.752268671989,-0.340737581253,0.779687643051,-0.612151384354,-0.297018051147,0.649744868279,-0.338943451643
0.752268671989,-0.340737581253,0.779687643051,-0.612151384354,-0.297018051147,0.649744868279,-0.338943451643
0.750858783722,-0.339878559113,0.78017604351,-0.621589541435,-0.294611394405,0.645236551762,-0.332416296005
0.749902367592,-0.339585751295,0.780084967613,-0.621893286705,-0.293136388063,0.646038353443,-0.331593513489
0.749167203903,-0.339724063873,0.780404567719,-0.6157143116,-0.290625482798,0.651799440384,-0.334051340818
0.748559832573,-0.339268565178,0.780351221561,-0.614445030689,-0.291153758764,0.65285807848,-0.333861172199
0.747745633125,-0.339108616114,0.780485212803,-0.615619301796,-0.287039220333,0.653685569763,-0.333641648293
0.747745633125,-0.339108616114,0.780485212803,-0.615619301796,-0.287039220333,0.653685569763,-0.333641648293
0.746708750725,-0.338315695524,0.780377984047,-0.614166200161,-0.288429170847,0.65608048439,-0.330404251814
0.745896577835,-0.3380831182,0.780595362186,-0.615794062614,-0.28636354208,0.655866742134,-0.329594254494
0.745896577835,-0.3380831182,0.780595362186,-0.615794062614,-0.28636354208,0.655866742134,-0.329594254494
0.745091974735,-0.337820321321,0.780676484108,-0.616839945316,-0.283537834883,0.656234443188,-0.329349905252
0.744201719761,-0.337143987417,0.780648469925,-0.615090727806,-0.28112372756,0.659800946712,-0.327560275793
0.743564546108,-0.336743205786,0.780763804913,-0.615993082523,-0.280347287655,0.659615218639,-0.326903164387
0.743564546108,-0.336743205786,0.780763804913,-0.615993082523,-0.280347287655,0.659615218639,-0.326903164387
0.742271840572,-0.335887700319,0.780982255936,-0.61801046133,-0.27722632885,0.66035503149,-0.324252933264
0.741978824139,-0.335529983044,0.780925571918,-0.616416931152,-0.27666425705,0.662198543549,-0.324006319046
0.741561889648,-0.335097581148,0.7808355093,-0.615681290627,-0.276876926422,0.663343548775,-0.322879344225
0.741561889648,-0.335097581148,0.7808355093,-0.615681290627,-0.276876926422,0.663343548775,-0.322879344225
0.740440964699,-0.334183424711,0.781382620335,-0.619684994221,-0.271837174892,0.662970304489,-0.320258140564
0.739916443825,-0.333721041679,0.781467199326,-0.619456470013,-0.270398467779,0.663810253143,-0.320178568363
0.739401936531,-0.333518892527,0.781334519386,-0.616494834423,-0.270816802979,0.665768861771,-0.321472138166
0.739401936531,-0.333518892527,0.781334519386,-0.616494834423,-0.270816802979,0.665768861771,-0.321472138166
0.738339364529,-0.332633078098,0.781561851501,-0.61782681942,-0.268247812986,0.666443526745,-0.319665640593
0.738357782364,-0.331882089376,0.781601011753,-0.618660032749,-0.268635362387,0.667204499245,-0.316121727228
0.737893402576,-0.331621050835,0.781528353691,-0.615222036839,-0.268019795418,0.669929742813,-0.31758671999
0.737893402576,-0.331621050835,0.781528353691,-0.615222036839,-0.268019795418,0.669929742813,-0.31758671999
0.73700517416,-0.330913603306,0.782093286514,-0.616272389889,-0.264449417591,0.669519662857,-0.319403111935
0.736731350422,-0.330219298601,0.782156825066,-0.617442011833,-0.263611286879,0.670269548893,-0.316248595715
0.736731350422,-0.330219298601,0.782156825066,-0.617442011833,-0.263611286879,0.670269548893,-0.316248595715
0.736455023289,-0.329710781574,0.78230047226,-0.617010712624,-0.262823045254,0.671561300755,-0.315003722906
0.736149311066,-0.329238861799,0.782480299473,-0.617657542229,-0.263454079628,0.671052873135,-0.314291536808
0.736164093018,-0.32816362381,0.782578587532,-0.614478349686,-0.264862090349,0.673807442188,-0.313445389271
0.736003398895,-0.327970176935,0.78263604641,-0.613571763039,-0.264128506184,0.674125671387,-0.315151482821
0.735830426216,-0.32746475935,0.782805263996,-0.613296926022,-0.26522231102,0.673821032047,-0.315419495106
0.735739648342,-0.326043963432,0.78297907114,-0.629979968071,-0.265244603157,0.66403645277,-0.303028285503
0.736082911491,-0.325377941132,0.782922744751,-0.627409279346,-0.26776728034,0.665460109711,-0.303019702435
0.736096799374,-0.325011789799,0.783023118973,-0.627253353596,-0.267833560705,0.665921449661,-0.302269637585
0.736096799374,-0.325011789799,0.783023118973,-0.627253353596,-0.267833560705,0.665921449661,-0.302269637585
0.736047744751,-0.324303269386,0.783074915409,-0.627564489841,-0.267604142427,0.66574627161,-0.302213221788
0.736047744751,-0.324303269386,0.783074915409,-0.627564489841,-0.267604142427,0.66574627161,-0.302213221788
0.73590439558,-0.323738247156,0.783569455147,-0.629939854145,-0.265327334404,0.664539277554,-0.30193528533
0.736094713211,-0.323401063681,0.783697843552,-0.629928827286,-0.264717429876,0.664559781551,-0.30244782567
0.736247897148,-0.323133140802,0.783761262894,-0.629764139652,-0.264719724655,0.664636671543,-0.30262029171
0.736512243748,-0.322724431753,0.783938169479,-0.629179656506,-0.264670014381,0.665009796619,-0.303058743477
0.736680150032,-0.32247543335,0.784000337124,-0.629040718079,-0.264733701944,0.665007770061,-0.303296089172
0.736680150032,-0.32247543335,0.784000337124,-0.629040718079,-0.264733701944,0.665007770061,-0.303296089172
0.737233698368,-0.321956753731,0.783984184265,-0.628413259983,-0.266973972321,0.664658308029,-0.303399354219
0.737382411957,-0.321695894003,0.78403878212,-0.628179073334,-0.266704916954,0.665009379387,-0.30335137248
0.737576067448,-0.321287602186,0.783951878548,-0.626500844955,-0.268909603357,0.665759563446,-0.303230285645
0.737571120262,-0.321006476879,0.784263372421,-0.627723038197,-0.267239242792,0.664512753487,-0.304909646511
0.737744450569,-0.320832669735,0.784353733063,-0.628062069416,-0.266183227301,0.664820790291,-0.304463326931
0.737948596478,-0.320560395718,0.784422397614,-0.627853274345,-0.266433417797,0.664829313755,-0.304656714201
0.738294482231,-0.32019919157,0.784616827965,-0.627318024635,-0.266378819942,0.665408730507,-0.304542124271
0.738632142544,-0.319938451052,0.784635782242,-0.627170681953,-0.266112595797,0.665425956249,-0.305039972067
0.73904132843,-0.31956911087,0.784493029118,-0.624687373638,-0.269518435001,0.666538238525,-0.304716706276
0.739036858082,-0.319299042225,0.784488916397,-0.62436157465,-0.27105307579,0.666252672672,-0.304648131132
0.740202486515,-0.31890001893,0.784958839417,-0.628095448017,-0.272123783827,0.66421598196,-0.300436496735
0.740202486515,-0.31890001893,0.784958839417,-0.628095448017,-0.272123783827,0.66421598196,-0.300436496735
0.739062190056,-0.319831967354,0.785093784332,-0.612904131413,-0.266660004854,0.67449170351,-0.313531607389
0.739367067814,-0.319355517626,0.785450816154,-0.613069534302,-0.264875143766,0.67429035902,-0.315150141716
0.739626348019,-0.319093108177,0.785578250885,-0.612447321415,-0.264583528042,0.674815893173,-0.315479755402
0.739626348019,-0.319093108177,0.785578250885,-0.612447321415,-0.264583528042,0.674815893173,-0.315479755402
0.740323543549,-0.31845843792,0.785782754421,-0.613687694073,-0.265112936497,0.674570024014,-0.31314176321
0.740323543549,-0.31845843792,0.785782754421,-0.613687694073,-0.265112936497,0.674570024014,-0.31314176321
0.740633368492,-0.317886531353,0.786113023758,-0.613103568554,-0.267229795456,0.674123704433,-0.313447982073
0.740633368492,-0.317886531353,0.786113023758,-0.613103568554,-0.267229795456,0.674123704433,-0.313447982073
0.74139124155,-0.317293226719,0.786266446114,-0.61215955019,-0.269954919815,0.674110531807,-0.312985658646
0.74139124155,-0.317293226719,0.786266446114,-0.61215955019,-0.269954919815,0.674110531807,-0.312985658646
0.741931557655,-0.316956818104,0.786545753479,-0.611461222172,-0.266940414906,0.675411999226,-0.314128667116
0.741931557655,-0.316956818104,0.786545753479,-0.611461222172,-0.266940414906,0.675411999226,-0.314128667116
0.742380559444,-0.315960615873,0.786556839943,-0.618695318699,-0.269780933857,0.669086813927,-0.311058193445
0.74264138937,-0.315770924091,0.786684751511,-0.618507504463,-0.270313918591,0.668875098228,-0.31142437458
0.74264138937,-0.315770924091,0.786684751511,-0.618507504463,-0.270313918591,0.668875098228,-0.31142437458
0.743002414703,-0.316076338291,0.787005662918,-0.608978569508,-0.271088957787,0.674722492695,-0.316868454218
0.74384444952,-0.315567970276,0.787250041962,-0.610846281052,-0.270608484745,0.673996686935,-0.315224349499
0.744104743004,-0.315362930298,0.787363231182,-0.61053031683,-0.270767480135,0.673972785473,-0.315750569105
0.744558155537,-0.315109580755,0.787558555603,-0.609851896763,-0.271148353815,0.674290716648,-0.316055774689
0.744558155537,-0.315109580755,0.787558555603,-0.609851896763,-0.271148353815,0.674290716648,-0.316055774689
0.744629442692,-0.315004527569,0.787806510925,-0.61086243391,-0.269771754742,0.673908233643,-0.316098660231
0.745065629482,-0.31479075551,0.787903666496,-0.609883904457,-0.269948899746,0.674650609493,-0.316252619028
0.745065629482,-0.31479075551,0.787903666496,-0.609883904457,-0.269948899746,0.674650609493,-0.316252619028
0.745373547077,-0.314646154642,0.788004100323,-0.609556257725,-0.269886285067,0.674919009209,-0.316365092993
0.746230721474,-0.314227104187,0.788201332092,-0.609170973301,-0.269804269075,0.674636185169,-0.317777395248
0.746521890163,-0.314067453146,0.788278639317,-0.609217762947,-0.271831393242,0.674315571785,-0.316638588905
0.746854424477,-0.313934773207,0.788424372673,-0.609480500221,-0.271698355675,0.674159288406,-0.316580057144
0.747217297554,-0.313707262278,0.788393139839,-0.608644247055,-0.273383259773,0.674398779869,-0.31622800231
0.747471451759,-0.313099354506,0.788416564465,-0.617374837399,-0.273821502924,0.667675673962,-0.313176184893
0.747645556927,-0.313094437122,0.788565695286,-0.617913663387,-0.270571321249,0.668142855167,-0.313941061497
0.748015522957,-0.313460528851,0.788899600506,-0.61086332798,-0.268720775843,0.673802495003,-0.317215234041
0.748015522957,-0.313460528851,0.788899600506,-0.61086332798,-0.268720775843,0.673802495003,-0.317215234041
0.748684644699,-0.313122570515,0.789022505283,-0.611418187618,-0.268518954515,0.673673987389,-0.316589236259
0.748684644699,-0.313122570515,0.789022505283,-0.611418187618,-0.268518954515,0.673673987389,-0.316589236259
0.74930369854,-0.312780916691,0.789220809937,-0.6115270257,-0.267481923103,0.673871934414,-0.31683588028
0.749636173248,-0.312712967396,0.789235055447,-0.611101865768,-0.265869736671,0.674658417702,-0.317338645458
0.750142216682,-0.312405437231,0.789250075817,-0.610822319984,-0.267336517572,0.674585282803,-0.316799789667
0.750377833843,-0.312279880047,0.789333224297,-0.611205816269,-0.266897708178,0.674445092678,-0.316728711128
0.750377833843,-0.312279880047,0.789333224297,-0.611205816269,-0.266897708178,0.674445092678,-0.316728711128
0.750916779041,-0.311894983053,0.789392113686,-0.610826611519,-0.268445968628,0.674653887749,-0.315705358982
0.751277923584,-0.311770945787,0.78941565752,-0.611140429974,-0.266901731491,0.674919247627,-0.315839886665
0.751238942146,-0.311795324087,0.789762318134,-0.613321781158,-0.26274111867,0.67435503006,-0.316304773092
0.751431107521,-0.311633050442,0.78984773159,-0.613824725151,-0.262688666582,0.674160063267,-0.315788149834
0.751622855663,-0.311450660229,0.789933562279,-0.614245772362,-0.262237995863,0.674283742905,-0.315079092979
0.751952409744,-0.311195701361,0.790103793144,-0.61392813921,-0.261112064123,0.674824535847,-0.315475136042
0.752011120319,-0.311066925526,0.790066719055,-0.614185452461,-0.261107236147,0.674875020981,-0.314869910479
0.752184510231,-0.31090593338,0.79012554884,-0.614332616329,-0.260706931353,0.674975514412,-0.314698845148
0.752184510231,-0.31090593338,0.79012554884,-0.614332616329,-0.260706931353,0.674975514412,-0.314698845148
0.752441883087,-0.310700982809,0.790069758892,-0.612047195435,-0.257274240255,0.677402734756,-0.316755026579
0.752736330032,-0.310279786587,0.790155410767,-0.61500865221,-0.257210642099,0.676162958145,-0.313704937696
0.752821207047,-0.310100585222,0.79016327858,-0.615094006062,-0.2565099895,0.676463603973,-0.31346309185
0.75283652544,-0.309799253941,0.790258288383,-0.616250932217,-0.25729945302,0.675710558891,-0.312165290117
0.752901911736,-0.309581577778,0.790285944939,-0.616552352905,-0.256701290607,0.675774514675,-0.311923861504
0.752901911736,-0.309581577778,0.790285944939,-0.616552352905,-0.256701290607,0.675774514675,-0.311923861504
0.753088355064,-0.309171169996,0.790264129639,-0.614192962646,-0.257123500109,0.676948785782,-0.313679337502
0.753088355064,-0.309171169996,0.790264129639,-0.614192962646,-0.257123500109,0.676948785782,-0.313679337502
0.753338575363,-0.308515071869,0.790360093117,-0.616636693478,-0.256514459848,0.676582813263,-0.310153722763
0.75332903862,-0.308292508125,0.790371775627,-0.616847217083,-0.256228625774,0.676631033421,-0.309865832329
0.75335252285,-0.307956963778,0.790216445923,-0.615591585636,-0.256660729647,0.677835762501,-0.309372007847
0.75335252285,-0.307956963778,0.790216445923,-0.615591585636,-0.256660729647,0.677835762501,-0.309372007847
0.753080308437,-0.307770490646,0.790136098862,-0.613213598728,-0.255040198565,0.679031908512,-0.312792599201
0.752894341946,-0.307559072971,0.790434002876,-0.614736676216,-0.253514885902,0.678185284138,-0.312879860401
0.752784192562,-0.307328492403,0.790447592735,-0.614819943905,-0.252912461758,0.678488194942,-0.312547057867
0.752784192562,-0.307328492403,0.790447592735,-0.614819943905,-0.252912461758,0.678488194942,-0.312547057867
0.752562582493,-0.306498557329,0.790330886841,-0.615339756012,-0.253447890282,0.679383456707,-0.309126704931
0.752562582493,-0.306498557329,0.790330886841,-0.615339756012,-0.253447890282,0.679383456707,-0.309126704931
0.752133727074,-0.30608394742,0.790621876717,-0.617503523827,-0.249878317118,0.678520441055,-0.309613138437
0.752133727074,-0.30608394742,0.790621876717,-0.617503523827,-0.249878317118,0.678520441055,-0.309613138437
0.751957654953,-0.305687874556,0.7903444767,-0.614487886429,-0.250012904406,0.681038200855,-0.309976398945
0.751709163189,-0.30540150404,0.790407598019,-0.61435854435,-0.250472217798,0.681205689907,-0.309493362904
0.751709163189,-0.30540150404,0.790407598019,-0.61435854435,-0.250472217798,0.681205689907,-0.309493362904
0.751473605633,-0.303627580404,0.790231764317,-0.630217373371,-0.252311110497,0.672351121902,-0.295143008232
0.751363813877,-0.303474605083,0.790508270264,-0.631133377552,-0.249461904168,0.672592699528,-0.295056551695
0.751165032387,-0.303273797035,0.790494680405,-0.631086587906,-0.248457655311,0.673228442669,-0.294554084539
0.750923573971,-0.303048312664,0.790521383286,-0.631246864796,-0.247276231647,0.673591434956,-0.294374734163
0.750598669052,-0.302701950073,0.790589928627,-0.631770312786,-0.245853453875,0.673380732536,-0.294925302267
0.750538706779,-0.302372068167,0.790317177773,-0.630691170692,-0.247898936272,0.674413979053,-0.293156445026
0.750538706779,-0.302372068167,0.790317177773,-0.630691170692,-0.247898936272,0.674413979053,-0.293156445026
0.750132322311,-0.302080512047,0.790222764015,-0.63159930706,-0.245967492461,0.674962520599,-0.291561096907
0.749579787254,-0.301970720291,0.790436506271,-0.633981406689,-0.243691205978,0.673922479153,-0.290707707405
0.749630630016,-0.301574915648,0.790555238724,-0.633960425854,-0.244507700205,0.673445880413,-0.291171818972
0.749653160572,-0.301351249218,0.790364027023,-0.633444309235,-0.246016278863,0.674231112003,-0.289200365543
0.749401628971,-0.301158338785,0.790411770344,-0.633419513702,-0.244089856744,0.674814641476,-0.289525926113
0.749245941639,-0.300958305597,0.790394961834,-0.633796036243,-0.243597328663,0.67487603426,-0.288972973824
0.749003350735,-0.300703823566,0.790405869484,-0.634575545788,-0.244092524052,0.674387097359,-0.287983953953
0.748688519001,-0.300495386124,0.790501654148,-0.635476768017,-0.242739439011,0.673907101154,-0.288264244795
0.748501300812,-0.30035763979,0.790482759476,-0.634991824627,-0.241892442107,0.674762129784,-0.288044214249
0.748229563236,-0.300265550613,0.79037129879,-0.635044693947,-0.241566121578,0.675135016441,-0.28732702136
0.748028159142,-0.300135225058,0.790337204933,-0.634651243687,-0.240888819098,0.675834834576,-0.287119626999
0.748028159142,-0.300135225058,0.790337204933,-0.634651243687,-0.240888819098,0.675834834576,-0.287119626999
0.747615695,-0.299943059683,0.79025554657,-0.636339724064,-0.238899424672,0.675887048244,-0.2849137187
0.747685313225,-0.299654603004,0.790120959282,-0.635484278202,-0.240796342492,0.676150918007,-0.284599632025
0.747685313225,-0.299654603004,0.790120959282,-0.635484278202,-0.240796342492,0.676150918007,-0.284599632025
0.747140347958,-0.299371242523,0.790291547775,-0.637883841991,-0.238973110914,0.675057768822,-0.28336045146
0.747140347958,-0.299371242523,0.790291547775,-0.637883841991,-0.238973110914,0.675057768822,-0.28336045146
0.74701821804,-0.299222588539,0.79025042057,-0.638083815575,-0.238478973508,0.675239980221,-0.282892167568
0.746728241444,-0.298952132463,0.79019266367,-0.637654900551,-0.237793922424,0.676137089729,-0.282292187214
0.746737778187,-0.298635751009,0.790155470371,-0.637403428555,-0.238815173507,0.675756692886,-0.282908380032
0.746786594391,-0.298423558474,0.790216803551,-0.637195169926,-0.237868994474,0.676345765591,-0.282767117023
0.74677580595,-0.298302829266,0.790068864822,-0.636782586575,-0.23856446147,0.676893889904,-0.281797170639
0.746533155441,-0.298113614321,0.790126085281,-0.636942207813,-0.237259075046,0.677067875862,-0.282120645046
0.746533155441,-0.298113614321,0.790126085281,-0.636942207813,-0.237259075046,0.677067875862,-0.282120645046
0.746064484119,-0.297988861799,0.789841890335,-0.63664829731,-0.235524341464,0.678376197815,-0.281092584133
0.746098458767,-0.297698408365,0.789798855782,-0.636238873005,-0.236443459988,0.678214609623,-0.281637400389
0.746034920216,-0.297545194626,0.789740562439,-0.636283695698,-0.236323222518,0.67831325531,-0.281399101019
0.74586558342,-0.297510027885,0.789660334587,-0.636912107468,-0.235285326838,0.67863714695,-0.280063211918
0.74582618475,-0.297364234924,0.789605975151,-0.63698297739,-0.235252454877,0.67870259285,-0.279770940542
0.74582618475,-0.297364234924,0.789605975151,-0.63698297739,-0.235252454877,0.67870259285,-0.279770940542
0.745804488659,-0.297090560198,0.789507985115,-0.637235701084,-0.235186085105,0.678753733635,-0.279126614332
0.745817482471,-0.296966195107,0.7894551754,-0.637270569801,-0.235237106681,0.67882668972,-0.278826385736
0.745847761631,-0.296859294176,0.789410889149,-0.637412965298,-0.235198020935,0.678812623024,-0.278567820787
0.745847761631,-0.296859294176,0.789410889149,-0.637412965298,-0.235198020935,0.678812623024,-0.278567820787
0.745952010155,-0.296678185463,0.789325237274,-0.63756775856,-0.235247120261,0.678843617439,-0.27809625864
0.746032655239,-0.296607077122,0.789278686047,-0.637683033943,-0.235343322158,0.678779661655,-0.277906924486
0.746438026428,-0.296385645866,0.789134919643,-0.63706356287,-0.237974628806,0.678381443024,-0.27805891633
0.746438026428,-0.296385645866,0.789134919643,-0.63706356287,-0.237974628806,0.678381443024,-0.27805891633
0.74660629034,-0.296258747578,0.789151132107,-0.637643873692,-0.237454682589,0.677629768848,-0.279004633427
0.746913254261,-0.296143114567,0.789208650589,-0.637402415276,-0.237725257874,0.677661478519,-0.279248505831
0.746913254261,-0.296143114567,0.789208650589,-0.637402415276,-0.237725257874,0.677661478519,-0.279248505831
0.747168421745,-0.296176850796,0.789093613625,-0.636839032173,-0.236959293485,0.678240418434,-0.279778718948
0.747498750687,-0.296224623919,0.788923025131,-0.637339115143,-0.236971721053,0.678195476532,-0.278737127781
0.747784733772,-0.296180635691,0.788864612579,-0.637211680412,-0.237718224525,0.677944839001,-0.279002249241
0.748078584671,-0.296153366566,0.788813471794,-0.637334704399,-0.23837184906,0.677520155907,-0.27919486165
0.748078584671,-0.296153366566,0.788813471794,-0.637334704399,-0.23837184906,0.677520155907,-0.27919486165
0.748577952385,-0.296154856682,0.788572728634,-0.637952685356,-0.239299237728,0.676523685455,-0.279406756163
0.748826146126,-0.296148657799,0.788488864899,-0.63779604435,-0.239786535501,0.676379621029,-0.279694974422
0.74927675724,-0.296110540628,0.788501262665,-0.637667000294,-0.240087240934,0.676070511341,-0.280477553606
0.749724924564,-0.296149432659,0.788379609585,-0.637954413891,-0.239473596215,0.675814807415,-0.280964314938
0.750196456909,-0.296024829149,0.788335502148,-0.637803256512,-0.241095647216,0.674813210964,-0.282324492931
0.750416219234,-0.296093523502,0.788036346436,-0.637471735477,-0.243233442307,0.674611330032,-0.281720906496
0.750710427761,-0.296121180058,0.787972033024,-0.638088464737,-0.243518978357,0.673804223537,-0.282009869814
0.750710427761,-0.296121180058,0.787972033024,-0.638088464737,-0.243518978357,0.673804223537,-0.282009869814
0.751233696938,-0.296298146248,0.787769436836,-0.637659609318,-0.243124514818,0.67409735918,-0.282618910074
0.75148910284,-0.296323001385,0.787673652172,-0.637775957584,-0.243530794978,0.673940062523,-0.282382041216
0.75148910284,-0.296323001385,0.787673652172,-0.637775957584,-0.243530794978,0.673940062523,-0.282382041216
0.752162575722,-0.296420663595,0.787630200386,-0.636955142021,-0.242777511477,0.674627363682,-0.283240705729
0.752402842045,-0.296444356441,0.787603735924,-0.637699246407,-0.243210718036,0.673910677433,-0.28290066123
0.752573668957,-0.296475470066,0.787532329559,-0.637559950352,-0.243924364448,0.673742473125,-0.283000826836
0.752709329128,-0.296560764313,0.787520885468,-0.637525081635,-0.24408967793,0.673660814762,-0.283131033182
0.752815246582,-0.296682298183,0.787483930588,-0.637236654758,-0.244122505188,0.673609852791,-0.283872455359
0.752955555916,-0.29679608345,0.787477850914,-0.637171804905,-0.244439452887,0.673468530178,-0.284080535173
0.752959251404,-0.29694879055,0.78760433197,-0.637705981731,-0.243256211281,0.672977805138,-0.28505858779
0.753069996834,-0.297054260969,0.78757917881,-0.637417495251,-0.243565037847,0.67302274704,-0.285334229469
0.753181099892,-0.297161281109,0.78757250309,-0.637333750725,-0.24381506443,0.672878265381,-0.285648137331
0.754515826702,-0.297088980675,0.787878215313,-0.643071711063,-0.245759174228,0.668853998184,-0.280527532101
0.754445552826,-0.297256499529,0.78777217865,-0.643080294132,-0.246785402298,0.66850399971,-0.28044077754
0.754713535309,-0.297376513481,0.787684321404,-0.642501235008,-0.248330846429,0.668734669685,-0.279853284359
0.754713535309,-0.297376513481,0.787684321404,-0.642501235008,-0.248330846429,0.668734669685,-0.279853284359
0.754905045033,-0.297620922327,0.787655353546,-0.641683936119,-0.248912453651,0.669125080109,-0.280278712511
0.753681600094,-0.297960072756,0.787353515625,-0.637342631817,-0.246624052525,0.671911180019,-0.285493344069
0.753819108009,-0.298142582178,0.787265956402,-0.636472761631,-0.245794430375,0.672699153423,-0.286292821169
0.753819108009,-0.298142582178,0.787265956402,-0.636472761631,-0.245794430375,0.672699153423,-0.286292821169
0.754057347775,-0.298407137394,0.787331879139,-0.635597229004,-0.246532678604,0.672868549824,-0.287203043699
0.754170060158,-0.298510432243,0.787347376347,-0.635237395763,-0.24704657495,0.6728515625,-0.287597328424
0.754302799702,-0.298611462116,0.78733921051,-0.634980797768,-0.247780874372,0.672773361206,-0.287715375423
0.754422485828,-0.298680514097,0.787338376045,-0.634803593159,-0.248348861933,0.672632753849,-0.287945508957
0.754565238953,-0.298739522696,0.787326872349,-0.634962379932,-0.249242380261,0.671949446201,-0.288418233395
0.754737198353,-0.298781841993,0.787337422371,-0.634724795818,-0.250447958708,0.671564638615,-0.288792699575
0.755005180836,-0.298802614212,0.787451982498,-0.634527742863,-0.251117259264,0.671410620213,-0.289002597332
0.755143582821,-0.29888433218,0.787445485592,-0.634293198586,-0.25174754858,0.671258151531,-0.289323031902
0.755348324776,-0.299026548862,0.787370324135,-0.633539497852,-0.251322329044,0.671810269356,-0.290061891079
0.755491793156,-0.299110472202,0.787335276604,-0.633249938488,-0.251991868019,0.671683192253,-0.290407270193
0.755665540695,-0.299204438925,0.787297129631,-0.633333325386,-0.252464056015,0.671228051186,-0.290867030621
0.755814254284,-0.29930973053,0.787274599075,-0.633125305176,-0.252738416195,0.671127557755,-0.291313320398
0.755951285362,-0.299426138401,0.787227392197,-0.632710635662,-0.253139287233,0.671241879463,-0.291602820158
0.755927741528,-0.299607634544,0.787088632584,-0.632618606091,-0.253939151764,0.67090177536,-0.291889697313
0.755927741528,-0.299607634544,0.787088632584,-0.632618606091,-0.253939151764,0.67090177536,-0.291889697313
0.756296277046,-0.29987424612,0.787009239197,-0.632707893848,-0.254363059998,0.670548200607,-0.29213938117
0.756509125233,-0.300002992153,0.786971211433,-0.632816910744,-0.254962414503,0.670160472393,-0.29227027297
0.756783246994,-0.300188660622,0.786853075027,-0.63291656971,-0.254354089499,0.669957458973,-0.293049186468
0.756783246994,-0.300188660622,0.786853075027,-0.63291656971,-0.254354089499,0.669957458973,-0.293049186468
0.757328093052,-0.300366938114,0.786707639694,-0.632152199745,-0.256313860416,0.669661462307,-0.293667167425
0.757463932037,-0.300501585007,0.786639153957,-0.632193505764,-0.256665199995,0.669471144676,-0.293705612421
0.758743703365,-0.300521224737,0.786909282207,-0.636004805565,-0.258621841669,0.667386829853,-0.288456857204
0.757818341255,-0.30074608326,0.786428809166,-0.631876587868,-0.258444994688,0.669261395931,-0.29330432415
0.757919371128,-0.300949931145,0.786438107491,-0.632222235203,-0.258647680283,0.668898284435,-0.293209314346
0.757982671261,-0.30112940073,0.786415338516,-0.632436573505,-0.258857518435,0.668654084206,-0.2931188941
0.757830679417,-0.301465988159,0.786594986916,-0.63415569067,-0.255294263363,0.66820704937,-0.293548494577
0.757915735245,-0.30164244771,0.786572575569,-0.63392329216,-0.254926949739,0.668467223644,-0.293777376413
0.758082747459,-0.301846891642,0.786504864693,-0.63329654932,-0.253269791603,0.669409692287,-0.294415682554
0.75816988945,-0.30200612545,0.78646415472,-0.633303940296,-0.253075122833,0.669182777405,-0.295082390308
0.75822198391,-0.30214959383,0.786434412003,-0.63318669796,-0.252927422523,0.66923302412,-0.29534637928
0.758460223675,-0.302292585373,0.786466360092,-0.632863938808,-0.251854658127,0.669900298119,-0.295442223549
0.758460223675,-0.302292585373,0.786466360092,-0.632863938808,-0.251854658127,0.669900298119,-0.295442223549
0.758568167686,-0.302486121655,0.786461830139,-0.63315486908,-0.25209030509,0.669561266899,-0.295386075974
0.758568167686,-0.302486121655,0.786461830139,-0.63315486908,-0.25209030509,0.669561266899,-0.295386075974
0.758715093136,-0.302657932043,0.786458015442,-0.633657097816,-0.252427518368,0.668975234032,-0.295349389315
0.758715093136,-0.302657932043,0.786458015442,-0.633657097816,-0.252427518368,0.668975234032,-0.295349389315
0.758811473846,-0.302849411964,0.786431789398,-0.633647739887,-0.252723574638,0.668904006481,-0.295278072357
0.758885920048,-0.302945226431,0.78642898798,-0.63357257843,-0.252983987331,0.668839454651,-0.295361816883
0.758989691734,-0.30305737257,0.786450147629,-0.633348107338,-0.253230512142,0.668835103512,-0.295641720295
0.758989691734,-0.30305737257,0.786450147629,-0.633348107338,-0.253230512142,0.668835103512,-0.295641720295
0.759166181087,-0.303331106901,0.786487221718,-0.633038163185,-0.2533634305,0.668895840645,-0.296054601669
0.759257018566,-0.303491801023,0.78647005558,-0.632694840431,-0.253702908754,0.66905516386,-0.296137660742
0.759357750416,-0.303657859564,0.786488294601,-0.632573604584,-0.25400775671,0.668923556805,-0.296432316303
0.759357750416,-0.303657859564,0.786488294601,-0.632573604584,-0.25400775671,0.668923556805,-0.296432316303
0.759388744831,-0.304031908512,0.786431252956,-0.632564723492,-0.255656987429,0.668166697025,-0.296740353107
0.759388744831,-0.304031908512,0.786431252956,-0.632564723492,-0.255656987429,0.668166697025,-0.296740353107
0.759622097015,-0.304360747337,0.786407470703,-0.632231831551,-0.256302058697,0.667848944664,-0.297607392073
0.759622097015,-0.304360747337,0.786407470703,-0.632231831551,-0.256302058697,0.667848944664,-0.297607392073
0.760035872459,-0.304892390966,0.786361813545,-0.63144415617,-0.255570352077,0.668905556202,-0.29753574729
0.760145306587,-0.305082529783,0.786396145821,-0.631032288074,-0.255997389555,0.668905615807,-0.298041850328
0.760148108006,-0.305151671171,0.786407828331,-0.630712270737,-0.256586641073,0.668478131294,-0.299169540405
0.760148108006,-0.305151671171,0.786407828331,-0.630712270737,-0.256586641073,0.668478131294,-0.299169540405
0.760541439056,-0.305419892073,0.786601245403,-0.631542205811,-0.25836494565,0.666861116886,-0.299497127533
0.760681390762,-0.305601269007,0.78663110733,-0.631185412407,-0.258883804083,0.666637659073,-0.300297409296
0.760795474052,-0.305802792311,0.786650896072,-0.630878567696,-0.259580373764,0.666457355022,-0.300740480423
0.760910153389,-0.306005299091,0.786651790142,-0.630056858063,-0.260056138039,0.666809141636,-0.301272183657
0.760849893093,-0.306274592876,0.786564826965,-0.629708349705,-0.261013686657,0.666496574879,-0.30186393857
0.760849893093,-0.306274592876,0.786564826965,-0.629708349705,-0.261013686657,0.666496574879,-0.30186393857
0.761147260666,-0.306594669819,0.786554992199,-0.62978631258,-0.262030124664,0.665587306023,-0.302825003862
0.761269390583,-0.306761145592,0.786533713341,-0.629854381084,-0.262269109488,0.665264725685,-0.303185254335
0.761423408985,-0.306933909655,0.786545038223,-0.630112349987,-0.262446641922,0.664884209633,-0.303330481052
0.761259377003,-0.308073252439,0.78673350811,-0.617114186287,-0.259702146053,0.67379617691,-0.312607884407
0.76143860817,-0.308304846287,0.786643028259,-0.616405010223,-0.25924924016,0.674429476261,-0.313017100096
0.76143860817,-0.308304846287,0.786643028259,-0.616405010223,-0.25924924016,0.674429476261,-0.313017100096
0.76164919138,-0.308610379696,0.786657094955,-0.616343677044,-0.259980171919,0.673933029175,-0.313600301743
0.761752009392,-0.308757066727,0.786659777164,-0.616314172745,-0.260292708874,0.673747718334,-0.313797295094
