x,y,z,q0,q1,q2,q3
0.617110848427,-0.159329816699,1.39246845245,0.0130432592705,0.057947549969,0.63247692585,-0.772298514843
0.617558121681,-0.161419838667,1.39233732224,0.012936248444,0.0581283681095,0.629863739014,-0.774419426918
0.617558836937,-0.163569748402,1.39229631424,0.0148229757324,0.0576106831431,0.630157291889,-0.774185419083
0.618124246597,-0.165845662355,1.39228951931,0.0176637992263,0.0600378587842,0.632085859776,-0.772367119789
0.618449389935,-0.167417392135,1.39197385311,0.0177442226559,0.0583344660699,0.629598855972,-0.77452403307
0.618534982204,-0.169410169125,1.39156508446,0.0195450279862,0.0579387359321,0.629385411739,-0.774683892727
0.618901193142,-0.171834141016,1.39184975624,0.0224837269634,0.0599426962435,0.631733119488,-0.772537887096
0.618966221809,-0.173698872328,1.39162349701,0.0236370507628,0.0579880028963,0.629078269005,-0.774815678596
0.618806481361,-0.175651818514,1.39129793644,0.026335362345,0.0576159469783,0.629156410694,-0.774693012238
0.619385421276,-0.17746026814,1.3912717104,0.0262882430106,0.0577166043222,0.62738853693,-0.776119351387
0.619710445404,-0.179306805134,1.39115309715,0.0279550887644,0.0600886791945,0.6294734478,-0.774190604687
0.620086371899,-0.180881857872,1.39102077484,0.0289461780339,0.0584398768842,0.627821683884,-0.775620222092
0.620346367359,-0.182744160295,1.39087879658,0.0316393710673,0.0584419332445,0.627801239491,-0.77553153038
0.620606660843,-0.184356257319,1.39074087143,0.0339061506093,0.0587700791657,0.62835496664,-0.774962246418
0.620722055435,-0.186073184013,1.39059734344,0.0348631106317,0.0581792630255,0.62738931179,-0.775746405125
0.620860219002,-0.187429785728,1.38998484612,0.0370472185314,0.058934841305,0.627829134464,-0.775232076645
0.620626926422,-0.189185455441,1.39016962051,0.0386489704251,0.0565899387002,0.625009179115,-0.777603685856
0.620752334595,-0.190723106265,1.39001047611,0.0414915382862,0.0570601001382,0.62664103508,-0.7761079669
0.621287941933,-0.192547813058,1.39002037048,0.043207578361,0.0582560263574,0.626699626446,-0.775878190994
0.62087225914,-0.19312055409,1.38978648186,0.0443927980959,0.0558031611145,0.625301599503,-0.777118563652
0.621698200703,-0.195066794753,1.38994395733,0.0461607798934,0.0580152347684,0.626967012882,-0.775510132313
0.621609270573,-0.196340158582,1.38923847675,0.0484445914626,0.0577757023275,0.625976920128,-0.776188135147
0.621773421764,-0.197184100747,1.38977217674,0.0493101216853,0.0569107607007,0.625515758991,-0.776569128036
0.621795713902,-0.19854490459,1.38963603973,0.0506263487041,0.0567996576428,0.624105036259,-0.777627050877
0.622163057327,-0.200160011649,1.38972306252,0.053388774395,0.057557143271,0.625365316868,-0.77637308836
0.622204124928,-0.201390460134,1.38970839977,0.0558925382793,0.0579535886645,0.62605124712,-0.775614202023
0.622066497803,-0.201974481344,1.3889234066,0.0573945902288,0.0561628863215,0.624428212643,-0.776943385601
0.622560381889,-0.203272029757,1.38927662373,0.059353068471,0.0579877011478,0.624839186668,-0.776331543922
0.622586369514,-0.20465439558,1.3892621994,0.0619930997491,0.0579995661974,0.62522572279,-0.775813043118
0.622465491295,-0.205092608929,1.38908064365,0.0632183328271,0.0571425259113,0.624370038509,-0.776466548443
0.622588276863,-0.206006765366,1.38913333416,0.0646425634623,0.0569580905139,0.623276412487,-0.777241051197
0.622953891754,-0.206907391548,1.38945865631,0.0659397244453,0.0576179847121,0.622888565063,-0.777394294739
0.622981071472,-0.207766786218,1.38956809044,0.068084128201,0.0575537718832,0.622325122356,-0.777665436268
0.623071789742,-0.20870244503,1.38969898224,0.0704958066344,0.0573384985328,0.622129499912,-0.777623057365
0.623096048832,-0.209790706635,1.38966012001,0.0730438455939,0.0577624179423,0.622123718262,-0.777361094952
0.623268663883,-0.210029616952,1.38981974125,0.0736856535077,0.0580207109451,0.620954036713,-0.778216004372
0.623297333717,-0.211012452841,1.38984274864,0.0760040953755,0.0586319826543,0.621137440205,-0.777800738811
0.623322069645,-0.211419343948,1.38991558552,0.0778139159083,0.0583838894963,0.620736479759,-0.777960538864
0.623347938061,-0.211827948689,1.3899949789,0.0785158351064,0.0577632263303,0.61859536171,-0.779639959335
0.623405694962,-0.212502419949,1.39007937908,0.0816707015038,0.0584498383105,0.619780540466,-0.778322219849
0.623368024826,-0.212996169925,1.39008533955,0.0831770300865,0.0585272945464,0.618517458439,-0.779161274433
0.623447716236,-0.21376606822,1.39009153843,0.0847669690847,0.0593886859715,0.617743730545,-0.77953851223
0.623421907425,-0.214113011956,1.3901078701,0.0868474319577,0.0601758211851,0.618631124496,-0.778544723988
0.623440563679,-0.214022219181,1.39017653465,0.08689109236,0.058758277446,0.616315305233,-0.780482411385
0.62337487936,-0.214840963483,1.39015972614,0.0899740979075,0.060231488198,0.617338120937,-0.779211461544
0.623325765133,-0.215054854751,1.39014291763,0.091480307281,0.0603082068264,0.61695176363,-0.779336154461
0.623205184937,-0.215019837022,1.38990569115,0.0921435281634,0.0580122731626,0.615840673447,-0.780310511589
0.623100161552,-0.215206727386,1.38989043236,0.0938494950533,0.058354344219,0.615778505802,-0.780130684376
0.623018145561,-0.215278446674,1.38988900185,0.0947931259871,0.0577647089958,0.615300476551,-0.780437529087
0.623022437096,-0.215081647038,1.39006853104,0.0958458930254,0.0590333901346,0.614981293678,-0.780465662479
0.622810959816,-0.214896172285,1.38988208771,0.0969755128026,0.0587897859514,0.615126550198,-0.780229985714
0.622861146927,-0.214943319559,1.39005017281,0.0980352833867,0.0589594431221,0.614099860191,-0.780893206596
0.622889399529,-0.21489623189,1.3901566267,0.100024245679,0.0601239129901,0.615183651447,-0.779698252678
0.622770786285,-0.214781448245,1.39015495777,0.101378068328,0.0604179017246,0.615378260612,-0.779347062111
0.622534573078,-0.214558839798,1.3901797533,0.102216541767,0.060971762985,0.615282058716,-0.779270410538
0.622452914715,-0.214181065559,1.39015221596,0.102831013501,0.0600961409509,0.614869832993,-0.779582858086
0.622398436069,-0.213815554976,1.39026141167,0.10447063297,0.0615412890911,0.616516649723,-0.777949750423
0.622327804565,-0.213434815407,1.39033281803,0.105241037905,0.0580226629972,0.614642262459,-0.779597699642
0.62225908041,-0.212943404913,1.39045917988,0.105889469385,0.0582547821105,0.615029275417,-0.779187321663
0.62210971117,-0.212409183383,1.39047169685,0.10641156137,0.0592929907143,0.615335464478,-0.77879601717
0.622093737125,-0.211831226945,1.3906236887,0.106821604073,0.0587091594934,0.614704549313,-0.779282212257
0.622015178204,-0.211714237928,1.39066946507,0.109303303063,0.0611824095249,0.617621839046,-0.776436030865
0.621805012226,-0.210580602288,1.39074921608,0.109321020544,0.0588446520269,0.61609762907,-0.777823805809
0.62176990509,-0.210336819291,1.39084303379,0.11086267978,0.0600966177881,0.617157578468,-0.776668846607
0.621478021145,-0.209251761436,1.39090418816,0.111226603389,0.0598572045565,0.617205798626,-0.776596963406
0.62111800909,-0.208281934261,1.39076590538,0.112046137452,0.059169434011,0.61752063036,-0.776281476021
0.620979905128,-0.207369297743,1.39085197449,0.112986825407,0.0592173039913,0.617801845074,-0.775917649269
0.620851278305,-0.206880658865,1.39095020294,0.11456143111,0.0606965981424,0.618898570538,-0.774697482586
0.620713949203,-0.205816537142,1.39105689526,0.114796005189,0.0607748143375,0.618912160397,-0.774645864964
0.620511770248,-0.204456046224,1.39112758636,0.115162588656,0.0607074610889,0.619033634663,-0.774499595165
0.620390117168,-0.203455090523,1.39133453369,0.115310035646,0.0612536333501,0.618735313416,-0.774673044682
0.619969844818,-0.202157363296,1.39118814468,0.116351179779,0.0608682185411,0.620006799698,-0.773530185223
0.620038866997,-0.201066449285,1.39151263237,0.116807207465,0.0621002502739,0.620554208755,-0.772924363613
0.619902193546,-0.199887439609,1.39160978794,0.117514081299,0.0626587942243,0.621023714542,-0.772394895554
0.619646131992,-0.198475256562,1.39159274101,0.118068128824,0.0638968199492,0.622360646725,-0.771131813526
0.619355261326,-0.197289973497,1.39154493809,0.118989020586,0.0644584149122,0.623043894768,-0.770391523838
0.619202971458,-0.196023628116,1.39152634144,0.119518615305,0.0639736205339,0.623194217682,-0.770228266716
0.618850588799,-0.194578871131,1.39198696613,0.120301164687,0.0639669150114,0.624064207077,-0.769402205944
0.618432283401,-0.192600235343,1.39203703403,0.119648806751,0.0627126693726,0.62309807539,-0.770389556885
0.618507385254,-0.191447928548,1.39160275459,0.120394103229,0.0644584968686,0.624034285545,-0.769370913506
0.61845189333,-0.189949840307,1.39229655266,0.121463440359,0.0666914060712,0.626824915409,-0.766739428043
0.618110120296,-0.188174381852,1.39174294472,0.121123045683,0.0665831491351,0.62659406662,-0.766991436481
0.617891788483,-0.186455652118,1.3918659687,0.123538285494,0.0649463459849,0.626844108105,-0.766542077065
0.617623627186,-0.184382140636,1.39230442047,0.12117792666,0.0653433874249,0.626487791538,-0.767176270485
0.617429316044,-0.183025509119,1.39237749577,0.122910045087,0.06694958359,0.628604769707,-0.765027463436
0.617181301117,-0.181155055761,1.39239156246,0.123477339745,0.0681625083089,0.629964411259,-0.763709425926
0.617013812065,-0.179161444306,1.39248740673,0.122799485922,0.068349391222,0.629758894444,-0.763971447945
0.616591334343,-0.177233576775,1.39256095886,0.123989060521,0.0684973299503,0.631145596504,-0.762620508671
0.616261601448,-0.17518299818,1.39251577854,0.123708739877,0.0682000666857,0.630975067616,-0.762833714485
0.616188704967,-0.172600716352,1.39269626141,0.12473706156,0.068506449461,0.631349980831,-0.762328505516
0.615864813328,-0.170613899827,1.39280331135,0.123330391943,0.0684992447495,0.631440937519,-0.762482702732
0.615577280521,-0.168168723583,1.39292776585,0.124535568058,0.067152351141,0.63209939003,-0.761860907078
0.615487039089,-0.166572958231,1.39266073704,0.126318231225,0.0695658400655,0.634242653847,-0.759566009045
0.61515969038,-0.164328813553,1.39329886436,0.124410040677,0.0702772587538,0.634026229382,-0.759996056557
0.615058004856,-0.161908641458,1.39313077927,0.125588670373,0.0699822232127,0.634569585323,-0.759375751019
0.614625811577,-0.159592732787,1.39358460903,0.124648734927,0.0711763352156,0.635557830334,-0.758592784405
0.614627599716,-0.157244428992,1.39397346973,0.1241498366,0.0719367936254,0.636035084724,-0.758202731609
0.614230930805,-0.154440879822,1.39396548271,0.123963609338,0.0715034306049,0.636172890663,-0.758158564568
0.614003300667,-0.152397990227,1.39415478706,0.124658711255,0.0727136135101,0.637546241283,-0.756774604321
0.613717675209,-0.149941951036,1.39424610138,0.125222921371,0.0730308145285,0.638426184654,-0.755908608437
0.613563776016,-0.147493124008,1.39446783066,0.125223770738,0.0740022808313,0.639440536499,-0.754955947399
0.613388717175,-0.144827991724,1.39458632469,0.127449974418,0.0736193358898,0.641165435314,-0.753155827522
0.613190114498,-0.142419487238,1.3947994709,0.12575019896,0.0772913396358,0.641575932503,-0.752723932266
0.612937569618,-0.139575466514,1.39488530159,0.127249419689,0.0762136057019,0.642607212067,-0.751701533794
0.612724483013,-0.137255042791,1.39501190186,0.126017168164,0.0786383748055,0.643616437912,-0.75079536438
0.612527251244,-0.134316548705,1.39505326748,0.127111434937,0.0758970975876,0.643995344639,-0.750568032265
0.612312674522,-0.131781801581,1.39472663403,0.125899031758,0.0783485323191,0.644828438759,-0.749804735184
0.612142920494,-0.129280671477,1.39526689053,0.126652792096,0.0810484215617,0.646479427814,-0.747966945171
0.611863791943,-0.126430854201,1.39508903027,0.126758441329,0.0811174884439,0.647630810738,-0.746944963932
0.611797809601,-0.123505868018,1.39556777477,0.126208782196,0.0824099928141,0.64864218235,-0.746018230915
0.611531972885,-0.120818734169,1.39558970928,0.126839801669,0.0832136049867,0.649565458298,-0.745018064976
0.611412882805,-0.118075467646,1.39575397968,0.126815393567,0.0844531580806,0.650712370872,-0.743881046772
0.611110508442,-0.115023761988,1.39568471909,0.128577485681,0.0814143046737,0.651828289032,-0.742939710617
0.611081779003,-0.112099424005,1.39560639858,0.128384962678,0.0828573331237,0.653668880463,-0.741194307804
0.61075258255,-0.109301790595,1.39560079575,0.129020735621,0.0850175693631,0.65408372879,-0.740472972393
0.610508203506,-0.106517136097,1.39590811729,0.12803389132,0.0868909880519,0.655383706093,-0.73927628994
0.61027598381,-0.103523783386,1.39604759216,0.128076985478,0.0873834192753,0.656444787979,-0.738268733025
0.610318243504,-0.100285179913,1.39618813992,0.128225669265,0.0879709422588,0.657588601112,-0.737154483795
0.610136687756,-0.0974065959454,1.39622426033,0.126671612263,0.0900439321995,0.658481836319,-0.736374974251
0.60989099741,-0.0944208204746,1.39636325836,0.128021344543,0.0896999016404,0.65982145071,-0.734983086586
0.609718561172,-0.0912256911397,1.39642488956,0.129664778709,0.0890625491738,0.66102039814,-0.733694016933
0.609505832195,-0.0880364924669,1.39644432068,0.129497513175,0.0894177258015,0.662050426006,-0.732751011848
0.60940104723,-0.0849264040589,1.39661502838,0.129607096314,0.0904745385051,0.66327381134,-0.731494605541
0.609160542488,-0.0817609131336,1.39658617973,0.128668785095,0.0930679515004,0.663931429386,-0.730737864971
0.608901560307,-0.0787252411246,1.39663159847,0.128422036767,0.09232930094,0.665035247803,-0.72987061739
0.60871130228,-0.0754854232073,1.39662289619,0.130768582225,0.0921169742942,0.666116058826,-0.728494048119
0.608355402946,-0.0723386034369,1.39658105373,0.130560353398,0.0920703485608,0.667181611061,-0.727561533451
0.608171284199,-0.0690619200468,1.39669620991,0.130709201097,0.0925484374166,0.66809040308,-0.726639688015
0.607870817184,-0.0659392923117,1.39668953419,0.131514117122,0.0935921370983,0.669860899448,-0.724728226662
0.607501864433,-0.0626565366983,1.39667892456,0.130219176412,0.0942752584815,0.670101881027,-0.724650740623
0.606266975403,-0.0593034774065,1.39713358879,0.132741451263,0.0928223654628,0.67190438509,-0.722709059715
0.606308579445,-0.0563623681664,1.39721560478,0.133846417069,0.0940358862281,0.672185242176,-0.722086846828
0.605798661709,-0.0532333217561,1.3969836235,0.134375154972,0.0939080640674,0.673345565796,-0.720923244953
0.605652749538,-0.0500265546143,1.39714443684,0.135048404336,0.0953133627772,0.674037218094,-0.719966173172
0.60570949316,-0.046552952379,1.39663517475,0.13319003582,0.097519621253,0.676471829414,-0.717729926109
0.605488061905,-0.0432938337326,1.39682519436,0.132794260979,0.0973107144237,0.675785660744,-0.718477666378
0.605037093163,-0.0400862582028,1.39679300785,0.134492561221,0.0969313383102,0.677072703838,-0.716999590397
0.604720771313,-0.0368017815053,1.39684462547,0.135012149811,0.0979053601623,0.678397655487,-0.71551579237
0.604335129261,-0.0339464358985,1.39696800709,0.13656629622,0.0994997397065,0.678645908833,-0.714765191078
0.603920340538,-0.0305052474141,1.39696216583,0.135094091296,0.0999230742455,0.679597914219,-0.71408110857
0.60348457098,-0.0275483429432,1.39697086811,0.136734083295,0.101011507213,0.681163787842,-0.712121069431
0.603086411953,-0.0244667064399,1.39703416824,0.138260379434,0.100715279579,0.681641638279,-0.711410701275
0.602694153786,-0.0213539600372,1.39737176895,0.139681950212,0.1024793908,0.684551775455,-0.708078980446
0.601999938488,-0.0179657898843,1.39720678329,0.139543905854,0.101265534759,0.68410295248,-0.708714306355
0.601951241493,-0.0152538213879,1.39716076851,0.140650704503,0.104786880314,0.685147225857,-0.706972658634
0.601403236389,-0.0120737524703,1.39748549461,0.142239645123,0.104935206473,0.687429189682,-0.704412937164
0.601146399975,-0.00887142308056,1.39740252495,0.141217574477,0.103070341051,0.687262654305,-0.705056190491
0.600354731083,-0.00593928061426,1.39704322815,0.1434417665,0.107904978096,0.690060675144,-0.70113992691
0.600069284439,-0.00278337672353,1.39703798294,0.143810600042,0.106520421803,0.689193248749,-0.702128589153
0.599712312222,0.000286877155304,1.39702057838,0.142484635115,0.108244799078,0.689621031284,-0.701714932919
0.599244177341,0.0029903864488,1.39701461792,0.145975098014,0.109409734607,0.692383825779,-0.6980869174
0.598795413971,0.0060634855181,1.39675247669,0.144722521305,0.110605098307,0.6921479702,-0.698393285275
0.598350763321,0.00917248707265,1.39671039581,0.145840704441,0.111680105329,0.693859279156,-0.696288347244
0.598096430302,0.0120501425117,1.39668345451,0.146622136235,0.11166613549,0.693281650543,-0.696701705456
0.597731769085,0.0147155690938,1.3965985775,0.147489413619,0.114974752069,0.695662677288,-0.693600177765
0.597523808479,0.0173709876835,1.39660048485,0.14891782403,0.115804448724,0.698294937611,-0.690505027771
0.597240924835,0.0202956069261,1.39661407471,0.149897262454,0.112974986434,0.699218690395,-0.6898265481
0.597048282623,0.0231381077319,1.39637243748,0.149706378579,0.113676682115,0.701071202755,-0.687869727612
0.596708834171,0.0257570128888,1.39633929729,0.149730756879,0.116737350821,0.700773596764,-0.687655091286
0.596451222897,0.0285071879625,1.39649355412,0.150183051825,0.117690466344,0.700021743774,-0.688159704208
0.596200585365,0.0310966037214,1.39650392532,0.150171920657,0.118379957974,0.700091779232,-0.687972486019
0.595743596554,0.0335614569485,1.39629864693,0.152051955462,0.124303586781,0.703224182129,-0.683304190636
0.595516383648,0.0361990146339,1.39629173279,0.151095435023,0.123542517424,0.701462805271,-0.685461461544
0.595230042934,0.0385492555797,1.39621448517,0.151863530278,0.123005568981,0.704348564148,-0.682422280312
0.595144212246,0.0413698330522,1.39593577385,0.150404140353,0.123128913343,0.703536450863,-0.683560013771
0.59477609396,0.04366414994,1.3958272934,0.152879402041,0.128143191338,0.705857396126,-0.679685652256
0.594322502613,0.045973110944,1.39562118053,0.153473541141,0.127362236381,0.708003878593,-0.677462399006
0.594430565834,0.0482389628887,1.39588844776,0.152848079801,0.126403003931,0.70632225275,-0.67953556776
0.593896389008,0.0505177974701,1.39556515217,0.153320506215,0.128892675042,0.706168472767,-0.679121255875
0.593686640263,0.0528725758195,1.39549529552,0.155869528651,0.130831599236,0.706890583038,-0.677416920662
0.593340039253,0.0551997795701,1.39533686638,0.155891165137,0.134492531419,0.709069132805,-0.674411356449
0.593159556389,0.0571371689439,1.39547538757,0.156496405602,0.134710222483,0.710400640965,-0.672824621201
0.592780590057,0.0594656914473,1.39497375488,0.156133711338,0.134500205517,0.71043419838,-0.672915458679
0.592455506325,0.0613956749439,1.39497494698,0.157664060593,0.137239634991,0.711687505245,-0.670677423477
0.592410087585,0.0634979009628,1.39514756203,0.15776771307,0.138959005475,0.711915969849,-0.670056164265
0.591854333878,0.0656378269196,1.39456534386,0.158172011375,0.139120906591,0.712646126747,-0.669150710106
0.591760635376,0.0677095353603,1.39484000206,0.157469391823,0.138759210706,0.710248827934,-0.671934485435
0.591487705708,0.0696015059948,1.39463186264,0.158813476562,0.141192361712,0.712498128414,-0.668722271919
0.59141689539,0.0715064704418,1.39469504356,0.158472597599,0.140030756593,0.711795687675,-0.669794678688
0.590832531452,0.0734390169382,1.39418399334,0.158830732107,0.142116397619,0.711430072784,-0.669658839703
0.59050989151,0.0748041346669,1.39443838596,0.161655202508,0.145556077361,0.71293592453,-0.666635990143
0.590282082558,0.076764062047,1.39422476292,0.160464987159,0.145369291306,0.711751163006,-0.668228387833
0.58986312151,0.0783427357674,1.39422476292,0.1602229774,0.147499158978,0.711881875992,-0.667680203915
0.589677631855,0.0800798386335,1.39412164688,0.161999925971,0.148881137371,0.712111711502,-0.666698992252
0.588983297348,0.0818318650126,1.39359164238,0.161104127765,0.148045510054,0.712158799171,-0.667051672935
0.588748455048,0.0833825021982,1.39354085922,0.161409005523,0.149306789041,0.712277173996,-0.666570186615
0.588311076164,0.084743142128,1.39339947701,0.162378534675,0.151014626026,0.712260663509,-0.665967345238
0.588471472263,0.0862054824829,1.39360821247,0.161866679788,0.15346108377,0.712487757206,-0.665289521217
0.588034212589,0.0875783488154,1.39346170425,0.162704586983,0.153945967555,0.71293926239,-0.664488911629
0.587273895741,0.0888998955488,1.3930914402,0.163821399212,0.155153378844,0.712829113007,-0.664051711559
0.587023675442,0.0899602174759,1.39309251308,0.164622560143,0.155873149633,0.712404549122,-0.664140641689
0.586635053158,0.0911230072379,1.39318394661,0.164969235659,0.157382085919,0.712499916553,-0.663596332073
0.586395978928,0.0924805924296,1.39287912846,0.164455249906,0.158532172441,0.712844491005,-0.663079798222
0.586461424828,0.0932270437479,1.39332211018,0.165144100785,0.160734981298,0.712508440018,-0.662739276886
0.586146712303,0.09456243366,1.39290189743,0.164643377066,0.161158531904,0.7131690979,-0.662050187588
0.585793197155,0.0954660624266,1.39282763004,0.164908334613,0.162965551019,0.713185846806,-0.661523640156
0.58545088768,0.0958924293518,1.39306712151,0.166514873505,0.165961354971,0.712730765343,-0.660866558552
0.585189700127,0.0970565974712,1.39284873009,0.166606038809,0.163161948323,0.713966190815,-0.660206794739
0.584506571293,0.0977425277233,1.39250576496,0.16722728312,0.165005326271,0.712529480457,-0.661143004894
0.584040164948,0.0986200422049,1.39225912094,0.166451483965,0.166169449687,0.71290063858,-0.660646915436
0.583797216415,0.0989505499601,1.39261651039,0.167897567153,0.167978540063,0.71237039566,-0.660395443439
0.583472847939,0.099544852972,1.39253652096,0.167855590582,0.167955338955,0.71226900816,-0.660521268845
0.5830706954,0.100189760327,1.3924779892,0.167771354318,0.169609591365,0.71231597662,-0.660069286823
0.582739412785,0.100672855973,1.39251244068,0.167870104313,0.169092804193,0.712391018867,-0.660095751286
0.582454204559,0.101293355227,1.39223003387,0.167519405484,0.169047877192,0.712400972843,-0.66018563509
0.581904292107,0.101571381092,1.39228391647,0.167774185538,0.16970692575,0.712382912636,-0.659971177578
0.581677258015,0.10186881572,1.39232325554,0.16764986515,0.170347437263,0.711980342865,-0.660272121429
0.58153373003,0.102307870984,1.39217436314,0.1664237082,0.171712145209,0.712206125259,-0.659985363483
0.581307530403,0.102621078491,1.39208161831,0.165801048279,0.17166903615,0.712093293667,-0.660274863243
0.580950796604,0.102448031306,1.39249432087,0.166729494929,0.173052534461,0.71173709631,-0.66006398201
0.580209255219,0.102698966861,1.39204239845,0.166456118226,0.171992003918,0.7117228508,-0.660425424576
0.579878807068,0.102749124169,1.39205741882,0.166191771626,0.17184869945,0.71143835783,-0.660835683346
0.579942822456,0.102788299322,1.39224839211,0.164437651634,0.17196816206,0.71128487587,-0.661408424377
0.579226672649,0.102645158768,1.39210188389,0.165118068457,0.172220543027,0.711184620857,-0.661280989647
0.578856945038,0.102512151003,1.39200127125,0.164590701461,0.171824812889,0.710925996304,-0.661793470383
0.578665196896,0.102348521352,1.39246749878,0.163771361113,0.171409338713,0.71045768261,-0.662607014179
0.578366339207,0.10197724402,1.39253211021,0.163119718432,0.17271541059,0.710078716278,-0.662834525108
0.578010499477,0.10159483552,1.39272463322,0.163276731968,0.171773269773,0.70967489481,-0.663473010063
0.577964663506,0.101501844823,1.39280247688,0.161161363125,0.1715272367,0.710206449032,-0.663484871387
0.577528715134,0.101411744952,1.39254498482,0.159679159522,0.170243173838,0.710372269154,-0.66399627924
0.577065467834,0.10058362782,1.39283406734,0.16025480628,0.170387133956,0.70925360918,-0.665015757084
0.577162086964,0.100125394762,1.39313089848,0.158553943038,0.170994192362,0.709491789341,-0.665013551712
0.576389670372,0.0996011793613,1.39287078381,0.158916652203,0.167259126902,0.71014469862,-0.665179908276
0.575901329517,0.0992744266987,1.39294540882,0.158764332533,0.167090982199,0.709350645542,-0.666105210781
0.575964033604,0.098756313324,1.3930054903,0.154405087233,0.167412281036,0.709691226482,-0.666686296463
0.576048374176,0.0984560549259,1.39303803444,0.153295025229,0.165972352028,0.709656000137,-0.667339742184
0.575352013111,0.0974768400192,1.39324963093,0.153447106481,0.164598613977,0.709937572479,-0.667345643044
0.574997544289,0.0965351015329,1.39358496666,0.152847826481,0.163409039378,0.709366798401,-0.668381512165
0.574124276638,0.0958832502365,1.39321684837,0.152147442102,0.160285651684,0.709679305553,-0.668965518475
0.574700117111,0.0949409604073,1.39387357235,0.150371477008,0.16121634841,0.70967566967,-0.66914743185
0.574007511139,0.0938667207956,1.39400112629,0.149476721883,0.158667430282,0.709605157375,-0.670031249523
0.573725223541,0.09285543859,1.39421164989,0.148428812623,0.156810492277,0.709465622902,-0.670848727226
0.573945641518,0.0918004214764,1.39445114136,0.147524341941,0.158208414912,0.711295247078,-0.668779194355
0.573516964912,0.0909601897001,1.39415383339,0.145933791995,0.154941424727,0.71201133728,-0.669131159782
0.573031067848,0.0892298817635,1.39480543137,0.146603479981,0.153286442161,0.713092267513,-0.668214201927
0.572714030743,0.0884184390306,1.39465105534,0.143952891231,0.150674462318,0.712285637856,-0.670241773129
0.572580933571,0.0869682878256,1.39523458481,0.142876386642,0.149265542626,0.711434900761,-0.671689331532
0.572719335556,0.0859966129065,1.39532518387,0.14030431211,0.146740555763,0.711298644543,-0.672931015491
0.572269022465,0.0846037864685,1.39530646801,0.13876567781,0.143739417195,0.7118948102,-0.673267304897
0.572017848492,0.0831024944782,1.39564037323,0.137187570333,0.140078082681,0.710483849049,-0.675847887993
0.571939766407,0.0819792896509,1.39562404156,0.134642377496,0.139221280813,0.709548950195,-0.677516877651
0.571818947792,0.0801883041859,1.39609014988,0.133384242654,0.134921938181,0.70981657505,-0.678354740143
0.571563303471,0.0786570608616,1.39612555504,0.132086798549,0.131732970476,0.709984004498,-0.679059803486
0.571546971798,0.0768008977175,1.39637649059,0.130114212632,0.130159899592,0.709383487701,-0.680370271206
0.571313560009,0.0754506513476,1.39598023891,0.128767520189,0.126949191093,0.709179997444,-0.681444525719
0.571359813213,0.0735092610121,1.39643609524,0.128061786294,0.124553181231,0.709203183651,-0.681995391846
0.571344256401,0.0717894881964,1.39673042297,0.124411292374,0.121050707996,0.708213329315,-0.684326291084
0.571153640747,0.069892168045,1.39671504498,0.125130876899,0.118128307164,0.70805901289,-0.684865295887
0.571106255054,0.0681900754571,1.39659070969,0.122620306909,0.113621987402,0.708243131638,-0.6858907938
0.570953369141,0.0656168088317,1.39708864689,0.124860711396,0.115981906652,0.709218740463,-0.684081017971
0.570926189423,0.0640782341361,1.39685332775,0.119705229998,0.111487589777,0.707030177116,-0.688004076481
0.57087123394,0.0619544349611,1.39697551727,0.11893594265,0.10557525605,0.706870734692,-0.689232945442
0.570899486542,0.0598955228925,1.39721488953,0.117305144668,0.102752685547,0.706272304058,-0.690551221371
0.571235895157,0.0577477030456,1.39741551876,0.11554672569,0.0994038432837,0.704798460007,-0.692839741707
0.570624947548,0.0551867038012,1.39767634869,0.115382447839,0.0991164296865,0.70448756218,-0.693224489689
0.570597887039,0.0531111732125,1.39759230614,0.113386228681,0.0953430086374,0.703709363937,-0.694871604443
0.570527732372,0.0506680235267,1.39787507057,0.112911783159,0.0922980606556,0.702234506607,-0.696849226952
0.570309817791,0.0482864007354,1.39774084091,0.113034017384,0.086280412972,0.702492058277,-0.697340726852
0.570303618908,0.0463074818254,1.39770627022,0.110452584922,0.0851466655731,0.701238572598,-0.699152946472
0.57067912817,0.0435833334923,1.39802134037,0.112143613398,0.0851825848222,0.702430546284,-0.697681307793
0.570120811462,0.0409607738256,1.39803671837,0.112205296755,0.0841397941113,0.701554656029,-0.698678433895
0.570342123508,0.0385162234306,1.39831280708,0.110692076385,0.0816111713648,0.700420737267,-0.700355291367
0.570364832878,0.0361121743917,1.39797389507,0.10924552381,0.0782106295228,0.700119554996,-0.701271176338
0.570571541786,0.033548399806,1.39850580692,0.106133215129,0.0735116153955,0.695914804935,-0.706423699856
0.570563614368,0.0307063013315,1.39873075485,0.108096525073,0.0731931775808,0.697707653046,-0.7043877244
0.570605397224,0.0278003700078,1.39859342575,0.107369624078,0.070612706244,0.697418928146,-0.705047786236
0.5707244277,0.0253406055272,1.39831519127,0.105648837984,0.0650463700294,0.697605133057,-0.705658853054
0.570845842361,0.0217979829758,1.3986171484,0.106258906424,0.0638673380017,0.697523653507,-0.705755472183
0.570916652679,0.0192910321057,1.39886927605,0.10515204072,0.0607583969831,0.69604319334,-0.707654833794
0.571255981922,0.0162677243352,1.39900684357,0.104163885117,0.0593791790307,0.6961171031,-0.707845330238
0.571340799332,0.0128853749484,1.39893734455,0.103859908879,0.0577502250671,0.69590908289,-0.708229243755
0.571483254433,0.0103174224496,1.39906060696,0.101855002344,0.0576010420918,0.694725871086,-0.709692716599
0.571558177471,0.00715544261038,1.39892172813,0.101235829294,0.0553981289268,0.694090783596,-0.71057754755
0.571751534939,0.00411791168153,1.39928555489,0.100718483329,0.0534101352096,0.693942368031,-0.710948228836
0.571969211102,0.000809070654213,1.39903640747,0.100664526224,0.049195472151,0.693746805191,-0.711450457573
0.572236597538,-0.0020554587245,1.39901483059,0.0990669801831,0.0467945113778,0.69331073761,-0.712261378765
0.572242498398,-0.00525131821632,1.39899075031,0.0986581295729,0.0443140529096,0.692883849144,-0.712891936302
0.572642207146,-0.0091627528891,1.39969968796,0.0986993312836,0.0472237430513,0.692312002182,-0.713254928589
0.572903037071,-0.0124877644703,1.39979636669,0.098633363843,0.0427162237465,0.691752612591,-0.714090406895
0.573033392429,-0.0155971078202,1.399777174,0.0969189926982,0.0434939675033,0.691228985786,-0.71478497982
0.573161900043,-0.0186458565295,1.39984738827,0.0961628705263,0.0410637781024,0.690524578094,-0.715711057186
0.573279738426,-0.021957334131,1.39992201328,0.095649138093,0.0391722917557,0.689985871315,-0.716405212879
0.573294997215,-0.0249561350793,1.39948678017,0.0943013727665,0.0364409200847,0.688676953316,-0.717985749245
0.57352489233,-0.028673812747,1.39970481396,0.094876781106,0.0327838696539,0.689038813114,-0.717738866806
0.573573827744,-0.0317778252065,1.39999628067,0.0934664011002,0.033231575042,0.687746286392,-0.719141662121
0.574094891548,-0.0351909287274,1.40059292316,0.0869476348162,0.0332947187126,0.68700581789,-0.720662534237
0.574169695377,-0.0384303815663,1.40050339699,0.0859667658806,0.0315839201212,0.686196088791,-0.721628189087
0.574537396431,-0.0420735254884,1.40075194836,0.0857866555452,0.030634328723,0.685571074486,-0.722284257412
0.574650108814,-0.0452468283474,1.40067052841,0.0845879763365,0.0285379737616,0.685262024403,-0.722804605961
0.5750233531,-0.0487620718777,1.40055811405,0.0837787017226,0.028541540727,0.68478500843,-0.723350584507
0.57507121563,-0.0520139411092,1.40092933178,0.0826750323176,0.0243085939437,0.683084368706,-0.72523778677
0.575338244438,-0.055296741426,1.40104067326,0.0862683579326,0.0227099247277,0.682673037052,-0.725258350372
0.57548302412,-0.0589760020375,1.40075433254,0.0873494446278,0.0231055431068,0.683482706547,-0.724353373051
0.575504601002,-0.0621639415622,1.40112042427,0.0816088244319,0.0211775396019,0.682718813419,-0.725800573826
0.57590430975,-0.0656692832708,1.40098619461,0.0808582752943,0.0208699814975,0.682123184204,-0.726453363895
0.575424134731,-0.0689249113202,1.4010989666,0.0807525143027,0.0182251371443,0.681377649307,-0.727235376835
0.576112627983,-0.0723838880658,1.40097391605,0.0781206563115,0.0169583745301,0.679690718651,-0.729129850864
0.576315701008,-0.0760630071163,1.4010746479,0.0847476646304,0.0166489519179,0.680939078331,-0.727229475975
0.575745820999,-0.0794523656368,1.40070950985,0.081483758986,0.0152532216161,0.680001556873,-0.728509306908
0.576615452766,-0.0826812982559,1.40108966827,0.0776822268963,0.014275405556,0.678511083126,-0.730331718922
0.576732218266,-0.086119376123,1.40113461018,0.0780535712838,0.012697388418,0.678012609482,-0.730784118176
0.576745629311,-0.0895507708192,1.40140581131,0.078115016222,0.0114699713886,0.677584409714,-0.731194794178
0.57701164484,-0.0928357541561,1.40100300312,0.0772577896714,0.0105344830081,0.676980853081,-0.731858849525
0.577110528946,-0.0961965322495,1.40100359917,0.0761239677668,0.00851523317397,0.67486256361,-0.733957231045
0.577250123024,-0.0996120944619,1.40095043182,0.0769933015108,0.00842731632292,0.675832509995,-0.732974290848
0.57736903429,-0.103059321642,1.40085697174,0.0767427310348,0.00760127790272,0.6752409935,-0.733554720879
0.577562332153,-0.106555946171,1.40087413788,0.0766483172774,0.00699823070318,0.674680411816,-0.734086096287
0.577728688717,-0.10977730155,1.40078890324,0.0756132155657,0.00494501413777,0.672605454922,-0.736111462116
0.577994406223,-0.112993046641,1.40088415146,0.0756142958999,0.0052648386918,0.673487961292,-0.735301792622
0.578072428703,-0.116308443248,1.40067839622,0.0756592899561,0.00433200597763,0.672695279121,-0.736028432846
0.578228592873,-0.119671650231,1.40052199364,0.076038107276,0.00374023779295,0.672152519226,-0.73648840189
0.578340709209,-0.122938498855,1.4004355669,0.0755768418312,0.00261979899369,0.671526491642,-0.737111628056
0.578655838966,-0.126030877233,1.4004805088,0.073526583612,0.00139725010376,0.669315695763,-0.739329755306
0.578711986542,-0.12930187583,1.40035772324,0.0754706412554,0.00162742775865,0.670297086239,-0.738243401051
0.578886806965,-0.132483154535,1.40009951591,0.0745418071747,0.000301742838928,0.668721437454,-0.73976701498
0.579055011272,-0.135691612959,1.39999270439,0.074105553329,-0.0014154802775,0.667009174824,-0.741353571415
0.57919549942,-0.138878509402,1.39978301525,0.0756802484393,-0.000154251247295,0.66818344593,-0.740137338638
0.57929289341,-0.142032444477,1.39969182014,0.0755346640944,-0.000297800288536,0.667675852776,-0.74061024189
0.578899145126,-0.145323336124,1.40007793903,0.0759880766273,-0.00372669822536,0.665167570114,-0.742808282375
0.579037427902,-0.14859443903,1.39997971058,0.0787595361471,-0.000934145995416,0.667584955692,-0.740355551243
0.579187691212,-0.151545628905,1.39983403683,0.0773516222835,-0.00240085064434,0.665719807148,-0.742178022861
0.579260706902,-0.154561847448,1.39967083931,0.0777345448732,-0.00311777810566,0.664815604687,-0.742945432663
0.579328656197,-0.157112821937,1.39954376221,0.0768528282642,-0.00497953779995,0.663179934025,-0.744487226009
0.579374670982,-0.16042599082,1.39937067032,0.0776834562421,-0.00362569559366,0.663444876671,-0.744172751904
0.579380810261,-0.163330554962,1.39923155308,0.0781651437283,-0.0044164173305,0.662644207478,-0.74483114481
0.580222785473,-0.166200444102,1.3986158371,0.0761603713036,-0.0030939518474,0.660789549351,-0.746690928936
0.580165028572,-0.169050872326,1.39840102196,0.0773175507784,-0.00281316065229,0.660823523998,-0.746542990208
0.580141305923,-0.171817496419,1.39823651314,0.0772069916129,-0.00301112653688,0.659879088402,-0.747388541698
0.580070197582,-0.174721524119,1.39819264412,0.0784105658531,-0.00420862622559,0.65890866518,-0.748113393784
0.580129623413,-0.177250877023,1.39816534519,0.0791788250208,-0.00367225520313,0.658546090126,-0.748354434967
0.580192625523,-0.180301725864,1.39802229404,0.0790340304375,-0.00395059213042,0.657017350197,-0.749710738659
0.580094635487,-0.183039203286,1.39798033237,0.0795819908381,-0.00412825075909,0.656120359898,-0.75043708086
0.579979836941,-0.185753792524,1.39796566963,0.0804405286908,-0.00407541310415,0.655330717564,-0.751035630703
0.579977691174,-0.188322037458,1.39796888828,0.080086581409,-0.00487097864971,0.653541624546,-0.752625882626
0.579878926277,-0.190975725651,1.39791822433,0.080840267241,-0.00426590954885,0.653623640537,-0.752477824688
0.579417347908,-0.193646296859,1.39767229557,0.0820341482759,-0.00512283062562,0.651527166367,-0.75415956974
0.57966542244,-0.195841193199,1.39777863026,0.0814264044166,-0.00440200790763,0.651214540005,-0.754499852657
0.579203009605,-0.198691636324,1.39766645432,0.0833194255829,-0.00466767372563,0.649714887142,-0.755583703518
0.579369604588,-0.201124817133,1.39772093296,0.0828673541546,-0.00406273966655,0.649348855019,-0.755951404572
0.57933485508,-0.203180581331,1.3977792263,0.0833280906081,-0.00550224026665,0.647351264954,-0.757603108883
0.57921564579,-0.205613940954,1.39733529091,0.0826376453042,-0.00291238981299,0.647261440754,-0.757770001888
0.579266190529,-0.208329692483,1.39752709866,0.0832383483648,-0.00144353182986,0.646271765232,-0.758552730083
0.578930914402,-0.210792645812,1.39733600616,0.0847426876426,-0.00491982325912,0.643913447857,-0.760374963284
0.578717052937,-0.212942376733,1.39725732803,0.0851586535573,-0.00459053693339,0.643002510071,-0.761101007462
0.578601717949,-0.215122878551,1.3974339962,0.0859634131193,-0.00452826172113,0.642699837685,-0.761266589165
0.578594923019,-0.217251628637,1.39750897884,0.0854247435927,-0.00403823284432,0.641158521175,-0.762628436089
0.578450858593,-0.21891194582,1.39725160599,0.0852560028434,-0.00465070456266,0.639433503151,-0.764090716839
0.57826167345,-0.221488296986,1.39736533165,0.0866809412837,-0.00352223496884,0.639138638973,-0.764182984829
0.578213632107,-0.223074227571,1.39745080471,0.0861262604594,-0.00344651774503,0.637473225594,-0.76563590765
0.578063189983,-0.225554466248,1.39732253551,0.0875337123871,-0.00230704108253,0.63711565733,-0.765778183937
0.57796216011,-0.227541536093,1.39726436138,0.0877043381333,-0.00145618186798,0.63595110178,-0.766728103161
0.577744543552,-0.229456588626,1.39715957642,0.0886507630348,3.43211650033e-05,0.635936677456,-0.766632676125
0.577609181404,-0.231330022216,1.39719057083,0.0898294150829,0.000346018117853,0.635317087173,-0.767008960247
0.577323555946,-0.232978790998,1.39737331867,0.0893147215247,-2.41145644395e-05,0.633521318436,-0.768552958965
0.577146708965,-0.234704062343,1.39740133286,0.0907481685281,-0.000648832123261,0.632183432579,-0.769485831261
0.57693529129,-0.236265942454,1.39726662636,0.0912201181054,-0.000166721452842,0.631858289242,-0.76969742775
0.576849520206,-0.238316610456,1.3973954916,0.0921763405204,0.000215975451283,0.628968238831,-0.771947205067
0.57663500309,-0.239590600133,1.3974313736,0.0915382429957,-0.000439205294242,0.627232670784,-0.773433744907
0.576582551003,-0.241296947002,1.3974981308,0.0922379493713,0.00138738239184,0.626541316509,-0.773909747601
0.576248466969,-0.242651879787,1.39752805233,0.0926848202944,0.00120748241898,0.624025702477,-0.775886654854
0.576266884804,-0.244182169437,1.39752960205,0.0931272432208,0.00214066565968,0.623264610767,-0.776443243027
0.57601338625,-0.245776876807,1.39755189419,0.0940565764904,0.0039029896725,0.622286081314,-0.77710878849
0.576108157635,-0.246908634901,1.39779567719,0.092808932066,0.00411654729396,0.620020389557,-0.779066264629
0.57591688633,-0.247445315123,1.39790725708,0.0917414799333,0.00306712253951,0.617016613483,-0.781578302383
0.57583540678,-0.24921938777,1.39801430702,0.094004958868,0.00466954149306,0.616979837418,-0.781330347061
0.575886428356,-0.250507563353,1.39808416367,0.0943085849285,0.00613167183474,0.614955842495,-0.782877743244
0.575768649578,-0.251550227404,1.39786696434,0.0933576598763,0.00595555733889,0.611972332001,-0.785327196121
0.575451374054,-0.252710938454,1.3980833292,0.0943164974451,0.00455509638414,0.60896217823,-0.787558734417
0.575359940529,-0.253901928663,1.3981025219,0.0947128161788,0.00558663485572,0.606903254986,-0.789092361927
0.575350224972,-0.254851967096,1.39829421043,0.0948555320501,0.00744155375287,0.605793714523,-0.789911985397
0.575025737286,-0.256075263023,1.39813995361,0.0971021279693,0.00680530164391,0.60286128521,-0.791885852814
0.57505607605,-0.256740152836,1.39821386337,0.0973070189357,0.00737097999081,0.601431429386,-0.792942166328
0.575107097626,-0.257531702518,1.39849638939,0.0959685891867,0.00842558126897,0.598348796368,-0.795423090458
0.575020492077,-0.258294224739,1.39826583862,0.0962438434362,0.00840487796813,0.596877872944,-0.796494424343
0.574932694435,-0.259147614241,1.39828193188,0.0980483964086,0.00822187773883,0.594559431076,-0.798008739948
0.574975132942,-0.259726792574,1.39833188057,0.0972356125712,0.008565235883,0.592162668705,-0.799884557724
0.574798047543,-0.260487556458,1.39811241627,0.0981114208698,0.00913282483816,0.589942336082,-0.80141043663
0.574999928474,-0.261114299297,1.39841246605,0.097046636045,0.0110104111955,0.586987912655,-0.803682684898
0.574951171875,-0.261171162128,1.39843451977,0.0966233089566,0.0107201840729,0.584216415882,-0.805754482746
0.575070381165,-0.262160301208,1.39839410782,0.0979064926505,0.0120831849054,0.582407176495,-0.806889235973
0.575140476227,-0.262255579233,1.3980807066,0.0980079993606,0.0125398067757,0.579486727715,-0.808969914913
0.575068354607,-0.263266772032,1.3980127573,0.101134739816,0.0139444833621,0.57792699337,-0.809677600861
0.575044691563,-0.263777315617,1.398209095,0.102053888142,0.0145754581317,0.575989186764,-0.810930967331
0.575236022472,-0.264124244452,1.39796125889,0.103614702821,0.0147750927135,0.573721289635,-0.812335848808
0.575410842896,-0.264463692904,1.39796352386,0.103198602796,0.0177632309496,0.572635054588,-0.813095092773
0.575332462788,-0.264650225639,1.39765024185,0.10333879292,0.0182197522372,0.570166230202,-0.81480038166
0.575284004211,-0.264911770821,1.39787530899,0.105673760176,0.0178349539638,0.568876802921,-0.8154104352
0.575419187546,-0.26526543498,1.39799821377,0.106682218611,0.0191778242588,0.567142307758,-0.816456198692
0.575472712517,-0.265384614468,1.39794921875,0.106295898557,0.0192570202053,0.564388215542,-0.818410873413
0.575559318066,-0.265568733215,1.39786124229,0.107114456594,0.0201074033976,0.562611460686,-0.819506287575
0.57569372654,-0.265853226185,1.39779090881,0.108821257949,0.0218850187957,0.561909914017,-0.819717168808
0.575560390949,-0.265405714512,1.39757514,0.107834860682,0.0207579918206,0.558697521687,-0.8220692873
0.575666427612,-0.265945315361,1.39758682251,0.110748030245,0.0219673998654,0.558040380478,-0.822096943855
0.575814783573,-0.266214221716,1.39763367176,0.110423147678,0.024262027815,0.556878328323,-0.822863638401
0.575887143612,-0.266273647547,1.39755141735,0.111392430961,0.0255599729717,0.556083321571,-0.82323127985
0.575978636742,-0.266155362129,1.39762067795,0.111819729209,0.0262870267034,0.554441869259,-0.824256956577
0.575915932655,-0.266147077084,1.39758992195,0.113713219762,0.0265055242926,0.553062915802,-0.824917018414
0.575796663761,-0.265808701515,1.39741039276,0.113746508956,0.0266304314137,0.551549375057,-0.825921297073
0.575870990753,-0.265601038933,1.3974057436,0.111317463219,0.0281314775348,0.550131440163,-0.827147185802
0.575936555862,-0.264901518822,1.39760291576,0.113763935864,0.0272716190666,0.547554314137,-0.828551948071
0.575669527054,-0.264571934938,1.39738988876,0.114920578897,0.0274554248899,0.547158658504,-0.828647613525
0.576026976109,-0.264410436153,1.39737010002,0.115199372172,0.0291000567377,0.54569542408,-0.829517185688
0.576152741909,-0.264503926039,1.39765059948,0.117294810712,0.0310734584928,0.544781208038,-0.829752922058
0.576144933701,-0.263880848885,1.39747655392,0.117567703128,0.0314869917929,0.543757975101,-0.830369591713
0.57637566328,-0.263374090195,1.3970259428,0.117692612112,0.0331072881818,0.542583286762,-0.831057012081
0.57652169466,-0.262524425983,1.39729440212,0.117240846157,0.0332416109741,0.541631162167,-0.831736326218
0.576574206352,-0.261904388666,1.39718127251,0.11436342448,0.034650914371,0.540511131287,-0.83280736208
0.576907277107,-0.261276245117,1.39745223522,0.117869392037,0.035006057471,0.539813816547,-0.832755923271
0.576968610287,-0.260709136724,1.39719808102,0.116740778089,0.0361545979977,0.537901878357,-0.834101915359
0.577139854431,-0.259957760572,1.39727306366,0.118756443262,0.0365584716201,0.537219285965,-0.834239661694
0.577364444733,-0.259045511484,1.39737319946,0.114748597145,0.0383758172393,0.536127388477,-0.835420548916
0.577700376511,-0.258288562298,1.39764070511,0.114451169968,0.0396872870624,0.535791814327,-0.835615336895
0.57780790329,-0.257701635361,1.3973120451,0.118301294744,0.0404682680964,0.535211861134,-0.835413336754
0.57765775919,-0.256317019463,1.39758658409,0.117363169789,0.0391541644931,0.533128857613,-0.836938798428
0.577908456326,-0.255304247141,1.39774096012,0.117538318038,0.0391904264688,0.532818377018,-0.837110102177
0.578177273273,-0.254294514656,1.39762043953,0.117225758731,0.0403150729835,0.532467007637,-0.837324142456
0.57830119133,-0.25357145071,1.39756000042,0.118568152189,0.0417810901999,0.532157123089,-0.837260305882
0.578543305397,-0.252641439438,1.39767408371,0.117825694382,0.0421104617417,0.531402885914,-0.837827444077
0.57884144783,-0.251751959324,1.39756643772,0.118601791561,0.0437151640654,0.531732618809,-0.837426424026
0.579251050949,-0.250639110804,1.39758336544,0.11581800133,0.0453695915639,0.531355977058,-0.83796697855
0.57954543829,-0.24938750267,1.39761304855,0.116993546486,0.0452008843422,0.531469166279,-0.837740957737
0.579765915871,-0.248544573784,1.39746463299,0.117373131216,0.0461795032024,0.531196892262,-0.837807178497
0.579894661903,-0.247221529484,1.3973647356,0.116727590561,0.0460385046899,0.531449854374,-0.83774471283
0.580367386341,-0.246289089322,1.39726948738,0.116118185222,0.0480849184096,0.531465768814,-0.837704360485
0.580736279488,-0.245147973299,1.39720416069,0.116529099643,0.048516780138,0.531488955021,-0.837607681751
0.580875217915,-0.244041085243,1.39698398113,0.116292849183,0.0487299114466,0.531663060188,-0.837517619133
0.581407308578,-0.242646157742,1.39701664448,0.112228043377,0.0518517419696,0.533516943455,-0.836705446243
0.581615686417,-0.241272985935,1.39683246613,0.11387308687,0.0505252070725,0.532460749149,-0.837236940861
0.582081258297,-0.240082547069,1.39675056934,0.110459648073,0.051994021982,0.532299697399,-0.837706625462
0.582122445107,-0.239017218351,1.39654743671,0.114430494606,0.0512240082026,0.532906830311,-0.836834549904
0.582529902458,-0.237530171871,1.39642977715,0.113498613238,0.0515343025327,0.533455014229,-0.836593091488
0.582852602005,-0.236221149564,1.39656674862,0.111804902554,0.0521080493927,0.533605098724,-0.836689889431
0.583217263222,-0.234826371074,1.39633798599,0.108533129096,0.0536207929254,0.534337043762,-0.836557984352
0.583370804787,-0.233511418104,1.39617407322,0.111857920885,0.0527241006494,0.53525686264,-0.8355884552
0.583928585052,-0.232348263264,1.39627969265,0.107860743999,0.0550743862987,0.536795735359,-0.834975004196
0.584473013878,-0.231083720922,1.39645218849,0.110237360001,0.0554748289287,0.537566781044,-0.834141671658
0.584393918514,-0.229628741741,1.39613676071,0.110815294087,0.0540308319032,0.53745007515,-0.834234952927
0.584896564484,-0.228177204728,1.39592015743,0.10646674782,0.0564064159989,0.539320468903,-0.833436608315
0.584993004799,-0.226912945509,1.39587581158,0.106734521687,0.05655567348,0.540041923523,-0.832924962044
0.58526211977,-0.2251765728,1.39585733414,0.109235115349,0.0552766434848,0.54119348526,-0.831938564777
0.585578620434,-0.223679989576,1.39587461948,0.105085842311,0.0568907335401,0.542083621025,-0.831784725189
0.585827052593,-0.221995145082,1.39598894119,0.104322575033,0.0567785315216,0.543230712414,-0.831139802933
0.585749804974,-0.220532655716,1.39576137066,0.108618274331,0.0560586564243,0.545861303806,-0.828911960125
0.586231172085,-0.218906611204,1.39597868919,0.103493817151,0.0569804012775,0.545656621456,-0.829639136791
0.586304664612,-0.217094957829,1.39575219154,0.106402844191,0.0553481653333,0.546818912029,-0.82861584425
0.586554467678,-0.215503752232,1.39593660831,0.103156723082,0.0575835742056,0.549455463886,-0.827128529549
0.586798846722,-0.213944643736,1.39596438408,0.10290273279,0.0578536465764,0.550774276257,-0.826263725758
0.586799263954,-0.211890369654,1.39583778381,0.100903093815,0.0554322935641,0.549891591072,-0.827263653278
0.586976706982,-0.210197016597,1.39624428749,0.100541360676,0.0557575970888,0.552154660225,-0.825777053833
0.587050497532,-0.207932934165,1.39626073837,0.0987377911806,0.0542115867138,0.552274882793,-0.826017200947
0.587099552155,-0.206381052732,1.39622187614,0.100332714617,0.0538943037391,0.554109215736,-0.824616134167
0.587139189243,-0.204295039177,1.39592051506,0.0991958752275,0.0530438907444,0.555385529995,-0.823949933052
0.58743429184,-0.203157395124,1.39600944519,0.0992715805769,0.056524053216,0.559893786907,-0.820651710033
0.587276935577,-0.201086074114,1.39588284492,0.101007699966,0.0530450381339,0.559669435024,-0.820825099945
0.58748281002,-0.198756411672,1.39608085155,0.0955202654004,0.0533660203218,0.560465335846,-0.820918142796
0.587508022785,-0.197487235069,1.39595973492,0.100084342062,0.0531466566026,0.56315612793,-0.818543732166
0.587725758553,-0.195263952017,1.39617192745,0.0949610099196,0.0544397979975,0.565393984318,-0.817525744438
0.587696552277,-0.193721503019,1.39598989487,0.0996915102005,0.0547094121575,0.569063901901,-0.814392268658
0.587812900543,-0.19131667912,1.39580607414,0.0935690924525,0.0542824007571,0.56860679388,-0.815465927124
0.587876737118,-0.189673230052,1.39608418941,0.0934693589807,0.0549632720649,0.571508169174,-0.813400804996
0.587799310684,-0.187555253506,1.39587497711,0.0925144404173,0.0538785494864,0.572558403015,-0.812843859196
0.587846338749,-0.185833483934,1.39618694782,0.0928899124265,0.0549539998174,0.575670182705,-0.810527801514
0.58790397644,-0.18366754055,1.3963727951,0.0917328521609,0.0547083392739,0.577970921993,-0.80903750658
0.587801218033,-0.181844741106,1.39635455608,0.0921079665422,0.0557357408106,0.581472575665,-0.806411385536
0.587073862553,-0.179583057761,1.39644408226,0.094758734107,0.0501402430236,0.580145955086,-0.807426452637
0.587781190872,-0.177694648504,1.39652490616,0.0932097584009,0.0542308501899,0.584600329399,-0.804122805595
0.587639451027,-0.175918787718,1.39662539959,0.0940619558096,0.0556049086154,0.588303923607,-0.801223397255
0.587784647942,-0.173527657986,1.39657890797,0.0916543900967,0.0548358373344,0.589320778847,-0.80080807209
0.587319433689,-0.171384602785,1.39689016342,0.0916951671243,0.0538078323007,0.59151250124,-0.799255788326
0.587799489498,-0.169363647699,1.39714837074,0.0905359387398,0.0564038082957,0.595652163029,-0.796128451824
0.587474524975,-0.166416570544,1.39739966393,0.0875936076045,0.0517266020179,0.593776345253,-0.798173844814
0.587610065937,-0.164805918932,1.39752185345,0.0874532088637,0.0535611286759,0.597378134727,-0.795375704765
0.587689697742,-0.162595123053,1.39768886566,0.0864528566599,0.0557827167213,0.60173368454,-0.792042136192
0.587577700615,-0.160561993718,1.39774608612,0.086665071547,0.0571345388889,0.605803072453,-0.788813948631
0.587454795837,-0.158351033926,1.3977124691,0.0852791592479,0.0567145086825,0.606961548328,-0.78810441494
0.587419688702,-0.155645087361,1.39784288406,0.0833333954215,0.0562484227121,0.609050989151,-0.786732912064
0.587371051311,-0.153918772936,1.39758014679,0.0833910033107,0.0588251948357,0.61356908083,-0.783018767834
0.587261676788,-0.151507467031,1.39765334129,0.0822422504425,0.0584178157151,0.616104662418,-0.781177699566
0.587148547173,-0.149251267314,1.3977638483,0.0819547399879,0.0588946342468,0.618831336498,-0.779013812542
0.587135434151,-0.146752163768,1.39787065983,0.0792062655091,0.0573302991688,0.619277894497,-0.779060006142
0.587067008018,-0.144347265363,1.39834165573,0.0774543657899,0.0575298145413,0.62189334631,-0.77713561058
0.586987316608,-0.142026394606,1.39799547195,0.0769176632166,0.0597437955439,0.626699924469,-0.773150384426
0.587148010731,-0.139572113752,1.39821231365,0.0749674066901,0.0608357228339,0.629159510136,-0.771256923676
0.587199270725,-0.137026399374,1.39878189564,0.0726137459278,0.0602308884263,0.630494356155,-0.770439147949
0.587219893932,-0.13452476263,1.39890182018,0.0699810087681,0.0603753998876,0.632534086704,-0.768998265266
0.587101042271,-0.131846129894,1.39891946316,0.0694654136896,0.0599405579269,0.635277569294,-0.766814231873
0.587271511555,-0.129286557436,1.39908432961,0.0671260356903,0.0613177791238,0.637837588787,-0.764785826206
0.587073028088,-0.126753404737,1.39888811111,0.0657791644335,0.0612221919,0.640335023403,-0.762821137905
0.587226390839,-0.124144241214,1.39924609661,0.0627493187785,0.0608614422381,0.640832901001,-0.762687206268
0.587324738503,-0.12147295475,1.3993639946,0.0601688250899,0.0608895793557,0.642527222633,-0.761466383934
0.58735626936,-0.118952512741,1.39927208424,0.0587556958199,0.0620231591165,0.645467221737,-0.75899463892
0.586816370487,-0.116479352117,1.40022099018,0.0577485859394,0.0611269138753,0.64720249176,-0.757665812969
0.587020993233,-0.114099957049,1.40016257763,0.0563525296748,0.0637749433517,0.650609970093,-0.754628241062
0.587351739407,-0.111477486789,1.40019083023,0.053773779422,0.0677867904305,0.654701769352,-0.75091868639
0.587558150291,-0.108781188726,1.40009903908,0.0512377470732,0.0689687952399,0.656830072403,-0.749127686024
0.588041305542,-0.106093131006,1.39950585365,0.0480561703444,0.0709414035082,0.657914757729,-0.748201906681
0.588292896748,-0.103483386338,1.39952349663,0.0453814715147,0.0718252360821,0.659478843212,-0.746906399727
0.588360965252,-0.100970059633,1.39952802658,0.0435153208673,0.0729637518525,0.661233961582,-0.745353877544
0.58856356144,-0.0985143557191,1.39979541302,0.0423809476197,0.0747506171465,0.663862168789,-0.742901921272
0.588763058186,-0.0959145203233,1.39977228642,0.0404798313975,0.0757380723953,0.665599644184,-0.741351544857
0.588922977448,-0.0933812409639,1.39984893799,0.0381857566535,0.0767808482051,0.666104614735,-0.740912497044
0.589039206505,-0.0907023847103,1.39974808693,0.0364386290312,0.0785726085305,0.668291628361,-0.738840103149
0.589173436165,-0.0880594924092,1.3997027874,0.0346235632896,0.0790108889341,0.669452130795,-0.737829625607
0.589050889015,-0.0855200216174,1.39947891235,0.0334956906736,0.0802132338285,0.671418070793,-0.735963106155
0.588992595673,-0.0830399692059,1.39938664436,0.0332386642694,0.0807739570737,0.673693478107,-0.733830988407
0.589595794678,-0.0804407298565,1.39997625351,0.0303238984197,0.0830155238509,0.674276769161,-0.733170866966
0.589938461781,-0.0778754130006,1.39968883991,0.0290936324745,0.081946760416,0.676391363144,-0.731391131878
0.589873373508,-0.0753047689795,1.39987540245,0.0274679102004,0.0853360071778,0.677785634995,-0.729773819447
0.589956223965,-0.0728113651276,1.39939403534,0.0263879038393,0.0861545205116,0.679059386253,-0.728532373905
0.590103626251,-0.070375457406,1.39929556847,0.0256501957774,0.0875003859401,0.681635677814,-0.725988030434
0.590262651443,-0.068039290607,1.39912462234,0.0242146831006,0.087982840836,0.681285619736,-0.72630739212
0.590318739414,-0.0655151084065,1.39945602417,0.0235367100686,0.0893969163299,0.683146059513,-0.724407076836
0.590516448021,-0.0629245117307,1.39960479736,0.022627485916,0.091189801693,0.685515940189,-0.721969783306
0.590678632259,-0.0603144951165,1.39961528778,0.0212844349444,0.0883083418012,0.685181856155,-0.72268563509
0.590802907944,-0.0580656975508,1.39946866035,0.0198517497629,0.091401681304,0.685711920261,-0.721838414669
0.590728759766,-0.0560315363109,1.39955198765,0.0214455891401,0.095322586596,0.690436601639,-0.716764390469
0.59082955122,-0.0533444657922,1.39938426018,0.0189462676644,0.0932061821222,0.688485085964,-0.718986749649
0.590889692307,-0.0511524677277,1.39948618412,0.0184411723167,0.0941565334797,0.689606308937,-0.717800617218
0.59089910984,-0.0488932617009,1.39924716949,0.0183987859637,0.0910554677248,0.690799891949,-0.717053711414
0.591029405594,-0.0465952567756,1.39941287041,0.0173251666129,0.0950513482094,0.691897988319,-0.715501308441
0.591289103031,-0.0444391146302,1.39953362942,0.0170729029924,0.095972917974,0.694105923176,-0.713242471218
0.59134554863,-0.0425123758614,1.39952468872,0.0169836618006,0.0967795103788,0.693623304367,-0.713605105877
0.591497302055,-0.0405857078731,1.39970445633,0.0183226466179,0.0998100340366,0.697674930096,-0.709191203117
0.591651916504,-0.0380772762001,1.39974808693,0.0160368531942,0.097506865859,0.695609271526,-0.71159183979
0.591817080975,-0.0362050272524,1.39980065823,0.0160193145275,0.0982735604048,0.696722388268,-0.710396766663
0.591785848141,-0.0344118773937,1.3998196125,0.0176790077239,0.100638203323,0.70042681694,-0.706372141838
0.592058360577,-0.0320256128907,1.39984738827,0.0155239431188,0.0984651148319,0.698490202427,-0.708643078804
0.59206110239,-0.0301803965122,1.39974975586,0.015253296122,0.0970269814134,0.700542747974,-0.70681899786
0.592221200466,-0.0283858515322,1.39975905418,0.0171137042344,0.100791953504,0.703170657158,-0.703632831573
0.592498004436,-0.0267648566514,1.39995884895,0.0173740517348,0.10200175643,0.703857958317,-0.702764451504
0.592657208443,-0.0249271001667,1.3999505043,0.0176440887153,0.101900398731,0.704511523247,-0.702117264271
0.592897176743,-0.0228502675891,1.39992892742,0.0169208273292,0.0971649885178,0.703660488129,-0.703657984734
0.592923402786,-0.0213524159044,1.39995145798,0.0180139690638,0.0977915003896,0.704894125462,-0.702307939529
0.592850983143,-0.0197595432401,1.39982795715,0.019011484459,0.0988787636161,0.706834435463,-0.7001760602
0.593114435673,-0.0181866195053,1.40001618862,0.0187835711986,0.102112844586,0.706910192966,-0.699641406536
0.593370735645,-0.0166773051023,1.40002071857,0.0201945919544,0.099442243576,0.707444906235,-0.699446439743
0.593567192554,-0.0147105753422,1.40009999275,0.0182491000742,0.0994763970375,0.70465105772,-0.702309310436
0.59373408556,-0.0133640058339,1.40012073517,0.0188795235008,0.099683701992,0.704979479313,-0.70193362236
0.593930482864,-0.0118773141876,1.40012919903,0.0199559088796,0.0967523902655,0.705443024635,-0.7018481493
0.594011664391,-0.0104437861592,1.40008997917,0.0198813192546,0.0990004763007,0.705443024635,-0.701536715031
0.594055712223,-0.00959875714034,1.40013945103,0.0229866541922,0.10183583945,0.708343744278,-0.698104739189
0.594160854816,-0.00837009306997,1.40013861656,0.0238492079079,0.101660557091,0.708522439003,-0.697920084
0.594332575798,-0.00713953189552,1.40022206306,0.0239816773683,0.101571768522,0.708770632744,-0.697676479816
0.594501078129,-0.0060219289735,1.40024006367,0.0248919371516,0.10146291554,0.708689212799,-0.6977429986
0.594538331032,-0.00490526715294,1.40021014214,0.0257177334279,0.100955449045,0.708825409412,-0.697648286819
0.594612121582,-0.00406841980293,1.40024423599,0.0272221397609,0.098499968648,0.70913028717,-0.697632431984
0.594833135605,-0.00307322060689,1.40046262741,0.0277981031686,0.101180464029,0.708114862442,-0.698257148266
0.595068871975,-0.00211595417932,1.40049123764,0.0286909490824,0.0983040481806,0.708458125591,-0.698283851147
0.595078706741,-0.00119613809511,1.40034770966,0.0290083996952,0.100460268557,0.708085238934,-0.69834202528
0.595280647278,-0.000263714231551,1.40035939217,0.0286976918578,0.0950919389725,0.705188512802,-0.702027916908
0.595278739929,0.000200975686312,1.40037786961,0.0309198815376,0.0999349430203,0.707636713982,-0.698789894581
0.595539748669,0.00101927435026,1.40040767193,0.0312297809869,0.0996143892407,0.707199633121,-0.699264168739
0.595556795597,0.0016467361711,1.40039658546,0.0320386402309,0.0963080376387,0.707025885582,-0.699866235256
0.595523953438,0.00218609813601,1.40030610561,0.0333146452904,0.0957314446568,0.706709682941,-0.700205028057
0.59588509798,0.00267017446458,1.4005715847,0.0316093824804,0.0999258831143,0.705423474312,-0.700994729996
0.59598505497,0.00291025033221,1.4006677866,0.0341619066894,0.0986976698041,0.704900562763,-0.70157456398
0.596153795719,0.00332819111645,1.40064823627,0.0351018346846,0.0957185178995,0.704826176167,-0.702015578747
0.595961332321,0.00401325011626,1.40044546127,0.0339260138571,0.0944388732314,0.701203465462,-0.705864012241
0.596389353275,0.00409743981436,1.4006844759,0.0347029417753,0.0922680273652,0.700496792793,-0.706814348698
0.596479177475,0.00411866977811,1.40086305141,0.0356550291181,0.0924549251795,0.699798047543,-0.707434415817
0.59646987915,0.00423221196979,1.40089702606,0.0361233428121,0.0943267047405,0.69872367382,-0.708225309849
0.596602916718,0.00421069515869,1.40096449852,0.0371449403465,0.0913369134068,0.698118150234,-0.709160625935
0.596478819847,0.00389144290239,1.40099692345,0.0394677966833,0.0960096567869,0.699888586998,-0.706668615341
0.596528768539,0.00382917094976,1.40103721619,0.0399929918349,0.0953563973308,0.699090182781,-0.70751708746
0.596606910229,0.00360813550651,1.40111029148,0.0408445820212,0.0950314775109,0.697906136513,-0.708680450916
0.596439123154,0.0036383708939,1.40087747574,0.0416298434138,0.0902724042535,0.697497665882,-0.709658324718
0.596771895885,0.0030955420807,1.40126049519,0.0423520430923,0.0909568369389,0.696406722069,-0.710598886013
0.596578836441,0.00296327657998,1.40118122101,0.042464312166,0.0920986160636,0.695149958134,-0.711674928665
0.59680467844,0.0023341299966,1.40144538879,0.0431297235191,0.0926269590855,0.694175243378,-0.7125172019
0.59689104557,0.00189617648721,1.40150666237,0.0432538129389,0.0920270830393,0.693003952503,-0.713726758957
0.596987783909,0.00129121076316,1.40156960487,0.0445640012622,0.088695988059,0.692622423172,-0.714437663555
0.596819162369,0.000662653706968,1.40150284767,0.0453560873866,0.0871534198523,0.691612243652,-0.715555369854
0.596941590309,0.000319357961416,1.40155994892,0.0433014854789,0.0838569924235,0.687675893307,-0.719857633114
0.597027182579,-0.000529589131474,1.40170741081,0.0440035872161,0.08359310776,0.686481773853,-0.720984518528
0.597041070461,-0.00147144682705,1.40173757076,0.0457441732287,0.0876329690218,0.688350200653,-0.718611180782
0.596800267696,-0.00220077205449,1.40168166161,0.046703454107,0.0834498256445,0.68755376339,-0.719808757305
0.596964716911,-0.00300067011267,1.40175008774,0.0465381592512,0.0824100449681,0.686219632626,-0.721211016178
0.597311794758,-0.00427412800491,1.40210735798,0.0469190627337,0.0832667946815,0.685054898262,-0.722194671631
0.597430765629,-0.0052254460752,1.40231823921,0.0457925274968,0.0801298171282,0.680718302727,-0.726708292961
0.597534775734,-0.00608257483691,1.40237236023,0.045393358916,0.0784749090672,0.680377662182,-0.727232694626
0.597198724747,-0.00716996286064,1.40298104286,0.0469453446567,0.0785102918744,0.679062783718,-0.728358507156
0.597686111927,-0.00855815969408,1.40279984474,0.0464651845396,0.076365865767,0.678166031837,-0.72945189476
0.597252309322,-0.00950091611594,1.40286564827,0.046790946275,0.0759295076132,0.677652418613,-0.729953706264
0.597375929356,-0.0107431821525,1.40252101421,0.0458885282278,0.0778001099825,0.676265001297,-0.731099963188
0.597489953041,-0.0125828851014,1.40279364586,0.0474071204662,0.0785776823759,0.675074398518,-0.732019603252
0.59764778614,-0.0138608720154,1.40318608284,0.0480317622423,0.0742863044143,0.673893332481,-0.733513772488
0.597659647465,-0.0152647402138,1.40293860435,0.0470382422209,0.0710363537073,0.669516324997,-0.737895011902
0.597772300243,-0.0170710533857,1.40328598022,0.0487781316042,0.0758704915643,0.671313047409,-0.735665082932
0.597757637501,-0.018255867064,1.40310811996,0.0486574992537,0.0711854249239,0.670164942741,-0.737186670303
0.598013579845,-0.0199315063655,1.40318715572,0.04656515643,0.0725824311376,0.668749213219,-0.738470077515
0.59793651104,-0.0216541625559,1.40320622921,0.0490709505975,0.0698190853,0.667583107948,-0.739628314972
0.598149478436,-0.0235029459,1.40295934677,0.0471860431135,0.065599501133,0.663803696632,-0.743528604507
0.598120510578,-0.0249091088772,1.40329945087,0.047672405839,0.0683122649789,0.661277532578,-0.745501756668
0.597846031189,-0.0267554968596,1.4030687809,0.0484488196671,0.0635095611215,0.660137057304,-0.74688577652
0.598235666752,-0.0290652178228,1.4033703804,0.0500477924943,0.0696996077895,0.661642849445,-0.744893312454
0.598373532295,-0.0305804852396,1.40345835686,0.0479656346142,0.0653443261981,0.656726419926,-0.749759852886
0.598330438137,-0.032558619976,1.40342652798,0.0483768470585,0.0644822493196,0.656941115856,-0.74961990118
0.598866999149,-0.0346126183867,1.40312540531,0.0466559045017,0.0689501836896,0.657028377056,-0.749254763126
0.598958790302,-0.0365707613528,1.40297400951,0.044923812151,0.063315667212,0.652901351452,-0.75345402956
0.599047660828,-0.0384383909404,1.40298390388,0.0446679145098,0.0643152296543,0.652189075947,-0.754001259804
0.599306464195,-0.04087221995,1.40303421021,0.0449149422348,0.0622738599777,0.649904429913,-0.756127536297
0.599386751652,-0.0429780855775,1.40301966667,0.047082837671,0.0593041814864,0.648502826691,-0.757436752319
0.599563419819,-0.045250557363,1.40307593346,0.0451587699354,0.0624839700758,0.646388947964,-0.759103357792
0.599732041359,-0.0473922863603,1.40301275253,0.0462269186974,0.0604182630777,0.645299732685,-0.76013225317
0.600162923336,-0.0493706539273,1.40272545815,0.0456313975155,0.0576710440218,0.644702017307,-0.760888338089
0.600470423698,-0.0517437979579,1.40285015106,0.0452689118683,0.056937366724,0.643074154854,-0.762341558933
0.600571930408,-0.0539056248963,1.40265095234,0.0442637093365,0.0590017102659,0.641446113586,-0.763614118099
0.600761651993,-0.0563105195761,1.40245771408,0.0442991890013,0.0585437491536,0.64020973444,-0.764684140682
0.601007044315,-0.0587136074901,1.40240180492,0.0441053658724,0.0579445920885,0.640672087669,-0.764353632927
0.600666701794,-0.061347194016,1.40315377712,0.0459617078304,0.0567484498024,0.637962043285,-0.766597390175
0.601002752781,-0.0637437775731,1.40293240547,0.0458561331034,0.0575076825917,0.637278974056,-0.767115116119
0.601292848587,-0.0660884901881,1.40292930603,0.045280341059,0.0561615563929,0.635699868202,-0.768557965755
0.601709544659,-0.0685426071286,1.40280508995,0.0452135615051,0.0538650304079,0.634985923767,-0.769316077232
0.601993918419,-0.0709840580821,1.40275084972,0.0448718704283,0.0569932535291,0.634141087532,-0.76980727911
0.602896869183,-0.0732267796993,1.40203440189,0.0426260381937,0.0574468523264,0.632564127445,-0.77119743824
0.603203177452,-0.0758474320173,1.40189838409,0.0425870791078,0.0576466433704,0.631440222263,-0.772105276585
0.603477180004,-0.0776008442044,1.40187454224,0.0414986759424,0.0569360591471,0.629759550095,-0.773588418961
0.603743612766,-0.0810584425926,1.4018484354,0.0425390005112,0.0600163303316,0.630543470383,-0.772659897804
0.604283630848,-0.0831485837698,1.40161776543,0.042444113642,0.0583139695227,0.629266440868,-0.773835718632
0.604541540146,-0.0855721086264,1.40133571625,0.0426461398602,0.057868976146,0.628207981586,-0.774717509747
0.60504835844,-0.0881331637502,1.40122461319,0.0414685420692,0.0608808398247,0.629073500633,-0.773847937584
0.605328917503,-0.0907834619284,1.40108990669,0.0438311547041,0.0595204494894,0.62852704525,-0.774267435074
0.605724513531,-0.0930941998959,1.40105712414,0.0410866476595,0.0625545755029,0.627532958984,-0.774984717369
0.606110870838,-0.0955894514918,1.40090346336,0.0412063635886,0.0628662109375,0.626906752586,-0.775459825993
0.606469035149,-0.0982052609324,1.4006934166,0.0434297136962,0.0619600787759,0.626442432404,-0.775786459446
0.606808423996,-0.10059595108,1.40056085587,0.0435188375413,0.0623695217073,0.626573979855,-0.775642454624
0.60734385252,-0.102913916111,1.40037512779,0.0420378558338,0.0631116107106,0.625464260578,-0.776559174061
0.607650339603,-0.105513237417,1.40020251274,0.0440242141485,0.063281416893,0.625095903873,-0.776732027531
0.608186006546,-0.107890702784,1.40006458759,0.0442148819566,0.0630431398749,0.624859452248,-0.776930749416
0.608415305614,-0.110346242785,1.39990282059,0.0442146733403,0.0642817169428,0.624316513538,-0.777265608311
0.608855903149,-0.112018227577,1.39974236488,0.0425903387368,0.0633574202657,0.623588621616,-0.778016209602
0.609272241592,-0.114944800735,1.39962911606,0.0404099822044,0.0660392940044,0.623344838619,-0.778104841709
0.609567463398,-0.117410071194,1.39898204803,0.0418574176729,0.0651485919952,0.623257875443,-0.778173029423
0.609862804413,-0.119560979307,1.39921712875,0.0414666719735,0.0661117210984,0.622737944126,-0.778528869152
0.610462367535,-0.12183649838,1.39899051189,0.0449862703681,0.0656993687153,0.623772978783,-0.777539253235
0.610789000988,-0.124070815742,1.39849901199,0.0446202009916,0.0677100345492,0.622470974922,-0.778430640697
0.611112952232,-0.12652811408,1.39818310738,0.0434044674039,0.0681409835815,0.622425198555,-0.778498411179
0.611489951611,-0.128756970167,1.39795899391,0.0439745076001,0.0683786123991,0.622719526291,-0.778210043907
0.611868798733,-0.131007775664,1.39776778221,0.0446965061128,0.0686788186431,0.622407376766,-0.778392314911
0.612408220768,-0.132995858788,1.39779257774,0.0472183413804,0.0700095817447,0.622199058533,-0.778291463852
0.612842679024,-0.135428935289,1.39748847485,0.0465141646564,0.070737823844,0.622546315193,-0.777990162373
0.613125562668,-0.136882603168,1.39716756344,0.0462033413351,0.0694993361831,0.62113571167,-0.779246747494
0.613594770432,-0.138969361782,1.39675033092,0.050183057785,0.0692879632115,0.62139070034,-0.778816103935
0.614045977592,-0.141729325056,1.39671981335,0.0537655688822,0.0727422460914,0.625256061554,-0.775159776211
0.614501953125,-0.143226370215,1.39677548409,0.0528292655945,0.0714443325996,0.622999608517,-0.777159154415
0.61495834589,-0.145714402199,1.39654660225,0.0537615530193,0.0721227899194,0.622373402119,-0.77753418684
0.614959061146,-0.147927880287,1.39610779285,0.056983564049,0.072693169117,0.623529016972,-0.776324808598
0.615693032742,-0.149596065283,1.39548838139,0.0568743832409,0.0750210806727,0.624445140362,-0.775374352932
0.616217851639,-0.151201352477,1.39563989639,0.0559797212481,0.0727256089449,0.621165692806,-0.778286874294
0.616763830185,-0.153531551361,1.39540696144,0.0578127615154,0.0744204744697,0.621907353401,-0.777399897575
0.616961419582,-0.155283004045,1.39516615868,0.0607376508415,0.0765131115913,0.623983561993,-0.775307178497
0.617235124111,-0.156857788563,1.39486980438,0.0611965991557,0.0760829895735,0.623643100262,-0.775587379932
0.617635130882,-0.159347489476,1.39457428455,0.062212407589,0.0758626163006,0.621287584305,-0.777416408062
0.618010759354,-0.160654962063,1.3943759203,0.0624757930636,0.0754869058728,0.620303332806,-0.778217375278
0.618547856808,-0.162372782826,1.39426207542,0.0634412392974,0.0763851627707,0.620065033436,-0.778241455555
0.618876516819,-0.163938581944,1.39403069019,0.0658375546336,0.0764905586839,0.620215654373,-0.777912080288
0.619236886501,-0.165637299418,1.3938627243,0.0657788962126,0.0770575776696,0.620161473751,-0.777904272079
0.619442760944,-0.167643636465,1.39316475391,0.0697166994214,0.0798344388604,0.623048245907,-0.774968981743
0.619676291943,-0.16924290359,1.39329826832,0.071324788034,0.0802310332656,0.623038113117,-0.774789869785
0.620031833649,-0.17134398222,1.39275300503,0.0733803734183,0.0819965228438,0.623590648174,-0.773968160152
0.620283842087,-0.172477602959,1.39252328873,0.074752561748,0.0814065262675,0.622717320919,-0.77460205555
0.620674431324,-0.174106419086,1.39245772362,0.0749106630683,0.0803341493011,0.620034277439,-0.776847720146
0.620905518532,-0.175133809447,1.39221668243,0.0756866931915,0.0800043642521,0.619298458099,-0.77739328146
0.621124088764,-0.176568195224,1.39209342003,0.0772405192256,0.0805007964373,0.619091868401,-0.77735376358
0.621434509754,-0.17841860652,1.39198768139,0.0798629596829,0.0817666947842,0.619700133801,-0.776471316814
0.621736645699,-0.179748207331,1.39190840721,0.0816185027361,0.0824092701077,0.619668662548,-0.776246070862
0.621847331524,-0.180642202497,1.391736269,0.0825582146645,0.0819065272808,0.618943929672,-0.776777923107
0.621981978416,-0.181919813156,1.39168596268,0.0842852517962,0.0825267583132,0.618557274342,-0.776834726334
0.622242569923,-0.183158501983,1.39162302017,0.0861177295446,0.0827729851007,0.618793427944,-0.776419460773
0.622359514236,-0.184759765863,1.39153623581,0.0886923670769,0.0847542509437,0.619298100471,-0.775512933731
0.622358739376,-0.185738235712,1.39125728607,0.0903347209096,0.0843724608421,0.619045972824,-0.775566279888
0.622655749321,-0.186702132225,1.3914000988,0.0923756808043,0.0852782055736,0.619423210621,-0.774925351143
0.622586190701,-0.188102096319,1.39109742641,0.094369597733,0.0853838101029,0.619036614895,-0.774982392788
0.622793257236,-0.189196035266,1.3912280798,0.0960683375597,0.086224488914,0.619023561478,-0.774691045284
0.622668921947,-0.19014261663,1.3909727335,0.0986528322101,0.0859993323684,0.619846403599,-0.773732602596
0.623017013073,-0.19103589654,1.39113211632,0.0998905226588,0.0859281495214,0.619407236576,-0.773933410645
0.623189210892,-0.191937282681,1.39123678207,0.10115480423,0.0861108824611,0.618120253086,-0.774777412415
0.623371958733,-0.192936062813,1.39128363132,0.103317849338,0.0878692865372,0.618380784988,-0.774086296558
0.623448371887,-0.193666934967,1.39124631882,0.105088084936,0.0865440219641,0.618286192417,-0.774072945118
0.623563826084,-0.194431632757,1.39131891727,0.106062576175,0.08696051687,0.617614984512,-0.77442908287
0.623647332191,-0.195108354092,1.39134764671,0.107546709478,0.0873978063464,0.617425620556,-0.774326145649
0.623662531376,-0.195929706097,1.39145672321,0.109829820693,0.0883864313364,0.617673277855,-0.773695647717
0.623723804951,-0.196580469608,1.39152503014,0.111406981945,0.0897178724408,0.617819666862,-0.773199856281
0.623891472816,-0.197031006217,1.39161682129,0.113004498184,0.0898231118917,0.618604540825,-0.772327840328
0.623910546303,-0.197755858302,1.39174342155,0.114762865007,0.0906589403749,0.619109630585,-0.77156573534
0.623911678791,-0.19827991724,1.3918889761,0.116325892508,0.0909379571676,0.618349790573,-0.771908044815
0.623940289021,-0.198731377721,1.39196741581,0.117847368121,0.0911164134741,0.618604183197,-0.771452307701
0.623734116554,-0.199054434896,1.39182639122,0.119430303574,0.0911058187485,0.619169294834,-0.770756542683
0.623676300049,-0.199367716908,1.39194595814,0.120337381959,0.0897494703531,0.619466900826,-0.770535349846
0.62377423048,-0.199900105596,1.3922162056,0.121983066201,0.0916425287724,0.620280325413,-0.769398629665
0.623735487461,-0.199631482363,1.39226150513,0.122599735856,0.0905105397105,0.620196580887,-0.769502043724
0.623503625393,-0.199844434857,1.39210176468,0.124803304672,0.0914795249701,0.621982455254,-0.767589390278
0.62376666069,-0.200477004051,1.39251160622,0.126011133194,0.0918325632811,0.622342169285,-0.767058193684
0.623561263084,-0.200124442577,1.39227378368,0.12660780549,0.0920041128993,0.623257577419,-0.766195595264
0.623566508293,-0.200278565288,1.39265286922,0.127470478415,0.0919194668531,0.624034702778,-0.765429854393
0.623608469963,-0.20035277307,1.39266300201,0.128434613347,0.0925318822265,0.625189185143,-0.764251828194
0.623498558998,-0.200776979327,1.39267790318,0.130512133241,0.0934900790453,0.627048313618,-0.762257575989
0.623343706131,-0.200369477272,1.39272713661,0.13149292767,0.0931514501572,0.627519190311,-0.761742889881
0.623123764992,-0.2002594769,1.39283442497,0.132754758,0.0930680856109,0.62857490778,-0.760662913322
0.623097717762,-0.199941560626,1.39265108109,0.132794290781,0.0927046462893,0.629669070244,-0.759794950485
0.622959852219,-0.199878767133,1.39298987389,0.133901625872,0.094411984086,0.631123304367,-0.758182168007
0.622868418694,-0.199933305383,1.39309096336,0.134232252836,0.0941582545638,0.632709681988,-0.75683182478
0.62268024683,-0.199680820107,1.39362692833,0.136739835143,0.0930012017488,0.634152233601,-0.755317211151
0.622476279736,-0.199225857854,1.39369022846,0.137922033668,0.0931913033128,0.635261654854,-0.754145503044
0.62236815691,-0.198805168271,1.39380121231,0.138218313456,0.0940012410283,0.636311113834,-0.753105401993
0.622121214867,-0.198552250862,1.39388358593,0.137821882963,0.094818353653,0.637659668922,-0.751934111118
0.62199819088,-0.197676047683,1.39408552647,0.139429882169,0.0933129265904,0.639023721218,-0.750666797161
0.621758937836,-0.197129711509,1.39415419102,0.140502482653,0.0935379564762,0.640153169632,-0.749475538731
0.621516466141,-0.196274608374,1.39418387413,0.138802096248,0.0942860767245,0.64048230648,-0.749417483807
0.621218502522,-0.195218935609,1.39428007603,0.139321416616,0.0938677415252,0.641542434692,-0.748466253281
0.621251225471,-0.19509626925,1.39453780651,0.140633299947,0.0957866385579,0.643601953983,-0.746206283569
0.620728611946,-0.193876996636,1.39464139938,0.140596181154,0.0941314324737,0.644313693047,-0.745809555054
0.620770394802,-0.193133100867,1.39433896542,0.141271755099,0.0956290364265,0.645496368408,-0.744467496872
0.620261371136,-0.191898286343,1.3944350481,0.141236066818,0.0944401696324,0.64635515213,-0.743880689144
0.620595395565,-0.191156879067,1.39479231834,0.141639053822,0.0964620634913,0.647687017918,-0.74238461256
0.620463907719,-0.190068408847,1.39500379562,0.141764640808,0.0968154966831,0.648845076561,-0.741302669048
0.620261192322,-0.188536599278,1.39540600777,0.14112046361,0.096203558147,0.650488674641,-0.740063905716
0.619724154472,-0.187293797731,1.39542782307,0.142133384943,0.0955398529768,0.651034355164,-0.7394759655
0.620018005371,-0.185975283384,1.39522457123,0.140628486872,0.0963119566441,0.652020990849,-0.73879390955
0.619682431221,-0.184995770454,1.39528989792,0.141617596149,0.0947461798787,0.653510510921,-0.737490236759
0.619029641151,-0.183195397258,1.39530062675,0.142142817378,0.0955969244242,0.654193341732,-0.736673474312
0.619404315948,-0.181682690978,1.39534318447,0.140218853951,0.0939043164253,0.655603349209,-0.736006140709
0.619229495525,-0.179718226194,1.39550864697,0.140022337437,0.0959865376353,0.656255364418,-0.735193431377
0.619088888168,-0.178516566753,1.39559185505,0.140402197838,0.096532151103,0.657642424107,-0.733808755875
0.618327021599,-0.176835224032,1.39541661739,0.141236528754,0.0949025005102,0.658275783062,-0.733293116093
0.61884355545,-0.175106137991,1.39574420452,0.139783814549,0.0965434908867,0.659570217133,-0.732193350792
0.618823766708,-0.173320144415,1.39566540718,0.138844192028,0.0965920984745,0.660668313503,-0.731375217438
0.618784964085,-0.171525746584,1.3957490921,0.13875682652,0.0966355279088,0.661511659622,-0.730623424053
0.61862295866,-0.169624269009,1.39602804184,0.138588413596,0.0967215299606,0.662700772285,-0.729565501213
0.618339896202,-0.1676838696,1.39625501633,0.138424471021,0.0961337909102,0.663716375828,-0.728750646114
0.618285417557,-0.165742710233,1.39624929428,0.137857571244,0.0964239835739,0.664695799351,-0.7279266119
0.618172347546,-0.163649618626,1.39657819271,0.137474134564,0.0964033156633,0.665701210499,-0.72708272934
0.618113577366,-0.161700889468,1.39672112465,0.137821182609,0.097036883235,0.666980862617,-0.725758731365
0.617931723595,-0.159196019173,1.39672613144,0.136428296566,0.0960034802556,0.667014181614,-0.726128697395
0.617796361446,-0.157289013267,1.39687848091,0.137062355876,0.0963615849614,0.668587684631,-0.724512934685
0.617741763592,-0.155194237828,1.39714539051,0.136202007532,0.0982823967934,0.669708073139,-0.723381400108
0.617664277554,-0.152864858508,1.3974545002,0.136981859803,0.0972667485476,0.670571923256,-0.722570717335
0.617570698261,-0.150603681803,1.39796197414,0.136305570602,0.0972929745913,0.671604037285,-0.721736073494
0.617488622665,-0.148247689009,1.39802217484,0.136589661241,0.0975649058819,0.672447860241,-0.720859348774
0.617469668388,-0.145801112056,1.3981705904,0.136053234339,0.0978533178568,0.673277437687,-0.72014695406
0.617356002331,-0.143288597465,1.39819157124,0.135935693979,0.0975222140551,0.674015522003,-0.719523489475
0.617280364037,-0.140824317932,1.39842247963,0.134887978435,0.0991386771202,0.674892306328,-0.718677401543
0.617174267769,-0.138251498342,1.3985273838,0.134941652417,0.0993400290608,0.675533056259,-0.718037307262
0.617103993893,-0.135634317994,1.39865756035,0.135019823909,0.0983467623591,0.676207661629,-0.717524111271
0.617034316063,-0.133022025228,1.39868438244,0.135447323322,0.099116422236,0.67712187767,-0.71647465229
0.616883337498,-0.130164772272,1.39876317978,0.13388581574,0.0998318269849,0.677542865276,-0.716270804405
0.616813421249,-0.127254515886,1.39885640144,0.133609101176,0.0991104096174,0.677842855453,-0.716138839722
0.616719961166,-0.1245123595,1.39893174171,0.134136691689,0.0989545956254,0.67847597599,-0.715461909771
0.616515040398,-0.121637925506,1.39884829521,0.134696170688,0.0994239747524,0.67918741703,-0.714616179466
0.61646682024,-0.118702076375,1.3989906311,0.134257733822,0.0995114669204,0.679451167583,-0.714435756207
0.61552965641,-0.115651369095,1.39905810356,0.13548257947,0.0978988260031,0.680652678013,-0.713282823563
0.615435123444,-0.112544216216,1.39909124374,0.134188607335,0.0968918725848,0.680487453938,-0.713822185993
0.615603923798,-0.109666109085,1.39955842495,0.134809702635,0.0991639941931,0.680567085743,-0.713316977024
0.615483760834,-0.106478609145,1.39956617355,0.134657561779,0.0991141349077,0.680815756321,-0.71311545372
0.615391731262,-0.103220105171,1.39961791039,0.134003460407,0.0974721312523,0.680589258671,-0.71368098259
0.614888548851,-0.0998618230224,1.39975512028,0.134032607079,0.0993056371808,0.680801153183,-0.7132204175
0.615183055401,-0.0967214331031,1.39975130558,0.134424522519,0.0993695557117,0.681483507156,-0.712485790253
0.615453481674,-0.0931063964963,1.39942348003,0.1328368783,0.0997291654348,0.681975364685,-0.712262690067
0.615372717381,-0.0896967723966,1.39943480492,0.132321745157,0.0983073487878,0.681623518467,-0.712892770767
0.615196228027,-0.0861005038023,1.3994191885,0.131202861667,0.0984322205186,0.681820452213,-0.712894082069
0.615108549595,-0.0828720629215,1.3993909359,0.137521103024,0.0964018702507,0.682656347752,-0.711178600788
0.614909410477,-0.0793763771653,1.3994601965,0.138145685196,0.0961456522346,0.683428049088,-0.710350692272
0.614518344402,-0.0755294412374,1.39988183975,0.13713978231,0.0940572395921,0.682106435299,-0.712093234062
0.614595353603,-0.0718385800719,1.39947867393,0.135924041271,0.095193117857,0.682654738426,-0.711649775505
0.614218294621,-0.0682211890817,1.39981222153,0.137353852391,0.093489870429,0.683578312397,-0.710714042187
0.614136695862,-0.0646935775876,1.39946579933,0.138092637062,0.0934434533119,0.683895051479,-0.710272014141
0.613985776901,-0.0610863082111,1.39974296093,0.138435646892,0.0938626155257,0.6853094697,-0.708785116673
0.613454699516,-0.057211600244,1.39910149574,0.138244509697,0.0926847308874,0.684910535812,-0.70936280489
0.613261520863,-0.053476318717,1.39937019348,0.139865726233,0.0961019322276,0.688415229321,-0.705185353756
0.613331139088,-0.049785733223,1.39942336082,0.139711111784,0.0961347222328,0.689926147461,-0.703733563423
0.612977027893,-0.04638556391,1.39918291569,0.143560439348,0.0992656797171,0.692691802979,-0.699796319008
0.61291128397,-0.0428357943892,1.39860248566,0.143872499466,0.0990717634559,0.692651987076,-0.699799060822
0.612518191338,-0.0392355173826,1.39918398857,0.145512357354,0.09889562428,0.693521380424,-0.698622941971
0.61239695549,-0.0356863886118,1.39883446693,0.145951971412,0.0986063405871,0.693214476109,-0.698876619339
0.6121327281,-0.0319516211748,1.3989944458,0.146934166551,0.0980035737157,0.694111526012,-0.697864592075
0.612001121044,-0.0283266846091,1.39910984039,0.14795768261,0.0988800451159,0.694789767265,-0.696848988533
0.611681222916,-0.0245434343815,1.39852714539,0.149149730802,0.0984397679567,0.695138275623,-0.696309387684
0.611559331417,-0.0209918953478,1.39871156216,0.149831831455,0.102000564337,0.696574985981,-0.694211661816
0.611490011215,-0.0173362493515,1.39851558208,0.15034712851,0.0989942029119,0.695243895054,-0.695867657661
0.611436247826,-0.014100631699,1.39865493774,0.153721347451,0.101519830525,0.69938570261,-0.690596342087
0.611110150814,-0.0104764383286,1.3985234499,0.154690429568,0.102730348706,0.699222385883,-0.690366268158
0.611155688763,-0.00704193860292,1.39850366116,0.155232712626,0.102163203061,0.698444962502,-0.691115140915
0.610923230648,-0.00361401215196,1.39851987362,0.156816154718,0.102275744081,0.699292719364,-0.689882576466
0.610927343369,-0.000469118356705,1.39859390259,0.159752011299,0.106059111655,0.70102584362,-0.686872303486
0.610748410225,0.00308088585734,1.39845407009,0.159500911832,0.103874385357,0.699267745018,-0.689053237438
0.610633730888,0.00621743313968,1.39832782745,0.161564052105,0.108508311212,0.702504217625,-0.684551537037
0.610605597496,0.00950438342988,1.39826285839,0.163913220167,0.107542060316,0.702509641647,-0.684139847755
0.610638141632,0.0129417907447,1.39803993702,0.163849815726,0.107410155237,0.70252352953,-0.684161424637
0.610564291477,0.0156678427011,1.3983798027,0.166847854853,0.108145691454,0.703254699707,-0.682568073273
0.610357820988,0.0189416892827,1.39785313606,0.167195782065,0.109520584345,0.703995287418,-0.681499421597
0.610171377659,0.0217858366668,1.39794051647,0.171191826463,0.111549243331,0.705185770988,-0.678942799568
0.610186457634,0.0252262689173,1.39763426781,0.166787102818,0.111153744161,0.702851712704,-0.682514846325
0.610177695751,0.0278509110212,1.39760375023,0.170912384987,0.11352198571,0.705047607422,-0.678829669952
0.610169887543,0.0306001119316,1.39774549007,0.172714367509,0.114329814911,0.704239547253,-0.679076611996
0.610029637814,0.0332786664367,1.39761853218,0.175021678209,0.118640549481,0.705438256264,-0.676497578621
0.609911859035,0.036309979856,1.3973133564,0.175317749381,0.114649020135,0.70350342989,-0.679118812084
0.610221803188,0.0388992391527,1.39742147923,0.176770225167,0.11436638236,0.705709815025,-0.676495730877
0.610379815102,0.0415743328631,1.39731669426,0.178573563695,0.117695748806,0.706354379654,-0.674776017666
0.610229492188,0.0439607873559,1.39709627628,0.18116414547,0.121736608446,0.706832408905,-0.672865331173
0.610386550426,0.0464323610067,1.39720511436,0.182510092854,0.120086185634,0.707298874855,-0.672307729721
0.610470414162,0.0491023510695,1.39699244499,0.182707995176,0.119772426784,0.706114828587,-0.673553407192
