x,y,z,q0,q1,q2,q3
0.654143929482,0.0984741896391,1.34425199032,0.390670150518,0.350441455841,0.632589161396,-0.569560170174
0.654042363167,0.0976152196527,1.3442697525,0.390561133623,0.349819868803,0.632324457169,-0.570310473442
0.653959214687,0.0968345627189,1.34443306923,0.390316903591,0.349436402321,0.632003128529,-0.5710683465
0.653936743736,0.0958552062511,1.34453427792,0.390055060387,0.349052250385,0.631807029247,-0.571699023247
0.653897821903,0.0950711965561,1.34481191635,0.390235751867,0.34835717082,0.631742656231,-0.572070479393
0.653849124908,0.0941575691104,1.34494757652,0.389961570501,0.348074108362,0.631302952766,-0.572914540768
0.653641581535,0.093364238739,1.34478700161,0.389263391495,0.347788095474,0.631121098995,-0.573762714863
0.653412401676,0.0925406217575,1.34496593475,0.388804703951,0.347580015659,0.631062090397,-0.574264526367
0.653401911259,0.0918242260814,1.34537363052,0.389109522104,0.347001254559,0.630957603455,-0.574522793293
0.653329432011,0.0909785628319,1.34552240372,0.388689398766,0.346541672945,0.630764484406,-0.575296282768
0.653210163116,0.0901438966393,1.34563541412,0.388353645802,0.34621617198,0.630394876003,-0.576123476028
0.653039216995,0.0893312767148,1.3458044529,0.388454079628,0.344691753387,0.631055891514,-0.576246142387
0.653063595295,0.0884896814823,1.34592092037,0.388100117445,0.34414216876,0.630878925323,-0.577006280422
0.652607917786,0.0877157226205,1.34626495838,0.389324784279,0.341338932514,0.632473647594,-0.576099812984
0.652862370014,0.0870351493359,1.34604215622,0.386611104012,0.344393342733,0.630177795887,-0.578619837761
0.652643680573,0.0863029658794,1.34620594978,0.386285483837,0.343937188387,0.630161523819,-0.579126060009
0.652434706688,0.0855194628239,1.34635603428,0.385788291693,0.343234330416,0.630392313004,-0.579623281956
0.652337789536,0.0848251953721,1.34645068645,0.385472923517,0.342632591724,0.630428910255,-0.580149054527
0.652271687984,0.0841318815947,1.34663116932,0.385122001171,0.342193722725,0.630403578281,-0.580668449402
0.652082443237,0.0833910480142,1.34664976597,0.384659588337,0.341540127993,0.630661308765,-0.581079721451
0.652038395405,0.0827901214361,1.34677946568,0.384064435959,0.341343075037,0.630323767662,-0.581954717636
0.651895463467,0.0821596980095,1.34695267677,0.383895069361,0.340952306986,0.63030654192,-0.582314193249
0.651575565338,0.0814844220877,1.34711134434,0.383391827345,0.340547084808,0.630590200424,-0.58257573843
0.651347517967,0.0807317793369,1.34721016884,0.382740199566,0.340203523636,0.630764901638,-0.583015561104
0.651183664799,0.0801160857081,1.34736454487,0.382281750441,0.339694440365,0.630943715572,-0.583419442177
0.651096642017,0.0795927047729,1.34750461578,0.38194206357,0.339392513037,0.63094741106,-0.583813726902
0.65094679594,0.0789807662368,1.34763944149,0.381721526384,0.338666886091,0.631277382374,-0.584022581577
0.651133000851,0.0784328281879,1.34815323353,0.382389515638,0.338075459003,0.630906045437,-0.584329366684
0.650719344616,0.0778402835131,1.34788787365,0.380908459425,0.337967157364,0.631449818611,-0.584771811962
0.65072786808,0.0772736445069,1.34852647781,0.381949692965,0.336333304644,0.631795585155,-0.584661364555
0.650546550751,0.0766321346164,1.34862172604,0.381573438644,0.335799455643,0.63209348917,-0.584891796112
0.650206148624,0.0764267444611,1.34873569012,0.382584214211,0.333923876286,0.633229553699,-0.584075808525
0.650108337402,0.075884886086,1.34876680374,0.38226249814,0.333539903164,0.63340318203,-0.584317564964
0.649662613869,0.0753503665328,1.3485417366,0.381317436695,0.333758085966,0.633815467358,-0.584363400936
0.649772942066,0.0745313242078,1.3486007452,0.3797544837,0.334985554218,0.632839024067,-0.585735499859
0.649695217609,0.0740863159299,1.34873843193,0.379582434893,0.334851264954,0.632847249508,-0.585914969444
0.649595797062,0.0736128091812,1.34882044792,0.379503756762,0.334691405296,0.632912635803,-0.585986614227
0.64938223362,0.0731407701969,1.34884059429,0.379259079695,0.334526181221,0.63314306736,-0.585990428925
0.649299263954,0.072727240622,1.34891736507,0.379028022289,0.33448278904,0.633156836033,-0.586149811745
0.649169921875,0.0722935795784,1.34899461269,0.378787994385,0.334470570087,0.633248806,-0.58621263504
0.649435341358,0.0719790458679,1.34927690029,0.379358321428,0.333939135075,0.633107244968,-0.586299538612
0.649310231209,0.071472376585,1.34933197498,0.379215985537,0.333782404661,0.633269906044,-0.586305201054
0.649243831635,0.0711137577891,1.34937477112,0.379280477762,0.334045112133,0.633229076862,-0.586157858372
0.648774206638,0.0706374049187,1.34897828102,0.378488898277,0.334446042776,0.633678615093,-0.58595508337
0.648825109005,0.0703991651535,1.3488124609,0.37782394886,0.335732907057,0.632011830807,-0.587446630001
0.648694813251,0.0701359808445,1.3487995863,0.378008395433,0.335725098848,0.632293701172,-0.58702892065
0.648598134518,0.0697588771582,1.34890294075,0.378090500832,0.3361120224,0.633351624012,-0.585612714291
0.648535788059,0.0694599449635,1.34889245033,0.378207296133,0.336217403412,0.633475840092,-0.585341989994
0.64843070507,0.0691410452127,1.34888744354,0.378411650658,0.336556702852,0.633543372154,-0.584941804409
0.648326635361,0.0689303800464,1.34888279438,0.378693133593,0.336740851402,0.633965730667,-0.584195673466
0.648246049881,0.0686295926571,1.34882295132,0.378715604544,0.336776763201,0.6329626441,-0.585247278214
0.648213684559,0.0683559849858,1.34880113602,0.379317343235,0.337137699127,0.633866846561,-0.583668768406
0.64824283123,0.0680188536644,1.34878373146,0.379307597876,0.337482333183,0.633762538433,-0.58358925581
0.648142755032,0.0678383857012,1.34879040718,0.379973888397,0.337719589472,0.63398462534,-0.582776725292
0.648081898689,0.0675953328609,1.34877634048,0.38000869751,0.33789229393,0.633796870708,-0.582858204842
0.648063778877,0.0673772022128,1.34875607491,0.380303949118,0.338176608086,0.633933842182,-0.582351624966
0.648068189621,0.0672122910619,1.3487714529,0.380883991718,0.338831067085,0.634276032448,-0.581218361855
0.648068189621,0.0672122910619,1.3487714529,0.380883991718,0.338831067085,0.634276032448,-0.581218361855
0.648394465446,0.0669069588184,1.34899735451,0.381946980953,0.339015185833,0.633757531643,-0.580979049206
0.648387730122,0.0667230114341,1.34895920753,0.382735162973,0.339786052704,0.633848905563,-0.579909384251
0.648012161255,0.0664719566703,1.34856057167,0.381860882044,0.340449035168,0.634464383125,-0.579423487186
0.647992014885,0.0663076937199,1.34853613377,0.382415354252,0.34090796113,0.634750843048,-0.578473508358
0.647968411446,0.0661434754729,1.34859597683,0.383396565914,0.341586142778,0.634525895119,-0.57767021656
0.648276686668,0.0660659223795,1.34893321991,0.384557336569,0.34146553278,0.634443461895,-0.577060341835
0.648234248161,0.0658642575145,1.34889888763,0.385086864233,0.341751486063,0.634683012962,-0.576273798943
0.648141980171,0.0655349269509,1.34898459911,0.385957121849,0.341002196074,0.635542631149,-0.575187146664
0.647864580154,0.0654162019491,1.34854662418,0.385522067547,0.342020004988,0.635946929455,-0.574427127838
0.648171424866,0.0655427128077,1.34887468815,0.386900216341,0.342259585857,0.635622501373,-0.573716580868
0.648229658604,0.0653630420566,1.34878730774,0.386876285076,0.342477530241,0.635872542858,-0.573325455189
0.648209452629,0.0653703659773,1.34875917435,0.387485921383,0.342768162489,0.635994613171,-0.572604179382
0.648317098618,0.0653523802757,1.34861433506,0.387510627508,0.34398150444,0.635886609554,-0.57197958231
0.647941529751,0.0655069798231,1.34819102287,0.388077408075,0.344134807587,0.636618971825,-0.570686757565
0.647970378399,0.0654778704047,1.34815955162,0.388517647982,0.344491034746,0.63670951128,-0.570070981979
0.648022592068,0.0654282197356,1.34812104702,0.388948053122,0.345010995865,0.636742115021,-0.569426357746
0.648429691792,0.0654967278242,1.34846901894,0.390079557896,0.344953656197,0.636800169945,-0.568621635437
0.648460745811,0.0654531642795,1.34839570522,0.390540629625,0.345207333565,0.636967539787,-0.567963302135
0.648642599583,0.0654929205775,1.34837198257,0.391188204288,0.345293343067,0.637119352818,-0.567294597626
0.648735165596,0.06548589468,1.3483389616,0.39150467515,0.345743119717,0.637320160866,-0.566576421261
0.648818790913,0.0654293596745,1.34829938412,0.39131462574,0.34564486146,0.638074815273,-0.565917909145
0.648975133896,0.0655282214284,1.34831488132,0.392160087824,0.346025973558,0.637756168842,-0.565458774567
0.649131000042,0.0655091404915,1.34829425812,0.391732484102,0.346283972263,0.637983083725,-0.565341413021
0.649230420589,0.065609946847,1.34826290607,0.392243951559,0.3462459445,0.638137102127,-0.564835906029
0.649355709553,0.0656566098332,1.34817481041,0.392429560423,0.34630715847,0.638072371483,-0.56474250555
0.64920425415,0.0656307786703,1.34797692299,0.392133414745,0.346859425306,0.637968838215,-0.564726293087
0.649196326733,0.0657305270433,1.34770619869,0.391965419054,0.347200274467,0.637853324413,-0.564763903618
0.64951133728,0.0657548382878,1.34785985947,0.392471045256,0.347212225199,0.637367784977,-0.564953505993
0.64960360527,0.0658356249332,1.34781301022,0.39294397831,0.347591161728,0.637078046799,-0.564718663692
0.649710834026,0.0659282281995,1.34777069092,0.393365979195,0.347967267036,0.636935710907,-0.564353585243
0.649623692036,0.0661029517651,1.34753251076,0.393693894148,0.348346889019,0.63747626543,-0.56327944994
0.650357186794,0.0660722479224,1.34780359268,0.39449390769,0.348524600267,0.636800169945,-0.563374638557
0.649942219257,0.066017024219,1.34756588936,0.394690394402,0.348440796137,0.637802302837,-0.562153697014
0.650498330593,0.0662776455283,1.34788346291,0.396046608686,0.348375201225,0.637373566628,-0.561726689339
0.650755107403,0.0664550065994,1.3477588892,0.395888984203,0.349410533905,0.636740744114,-0.561912178993
0.650915205479,0.066555686295,1.34774708748,0.396282285452,0.349463224411,0.636695981026,-0.561653077602
0.651071965694,0.0666678696871,1.34774136543,0.396589994431,0.349592894316,0.636363565922,-0.561731934547
0.651050150394,0.0667637884617,1.34757184982,0.396593600512,0.349908441305,0.636064708233,-0.561871349812
0.651141166687,0.0667928382754,1.34765124321,0.397252738476,0.349246174097,0.636183261871,-0.561683297157
0.65118688345,0.0669710859656,1.34761631489,0.397663712502,0.348995387554,0.636248171329,-0.561474978924
0.651555716991,0.0671596825123,1.34776699543,0.398448079824,0.348572015762,0.635969996452,-0.561497032642
0.651799798012,0.0673238933086,1.34773290157,0.398782044649,0.348269343376,0.6359603405,-0.561458706856
0.651881873608,0.0674168467522,1.34771859646,0.398968726397,0.347983509302,0.636264026165,-0.561159193516
0.652122676373,0.067576944828,1.34775805473,0.398915827274,0.348327636719,0.636075735092,-0.561196744442
0.652183651924,0.0677497908473,1.34767115116,0.3990688622,0.348094820976,0.636389732361,-0.560876190662
0.652305603027,0.0679249539971,1.34769034386,0.3992215693,0.348052501678,0.63655680418,-0.56060397625
0.652409374714,0.0680323988199,1.347645998,0.399350732565,0.347936630249,0.636833369732,-0.560270011425
0.652414381504,0.0680594146252,1.34743320942,0.398863255978,0.348201215267,0.637135803699,-0.56010890007
0.652507603168,0.0682454258204,1.34739160538,0.399091124535,0.347730338573,0.637973487377,-0.55928504467
0.652698218822,0.0683268979192,1.34727156162,0.398863017559,0.347500681877,0.638330757618,-0.559182703495
0.652820944786,0.0684524849057,1.3471736908,0.398607969284,0.347154647112,0.638991177082,-0.558825194836
0.652822613716,0.0686770305037,1.34687912464,0.398376435041,0.347154855728,0.639869332314,-0.557984948158
0.652974069118,0.0687515363097,1.34666907787,0.398416727781,0.346471369267,0.640753388405,-0.557365894318
0.653251469135,0.0689781606197,1.34658658504,0.398306936026,0.346875876188,0.640721976757,-0.557228982449
0.653417348862,0.0691395998001,1.3463767767,0.398289054632,0.346533715725,0.64144384861,-0.556623935699
0.653644382954,0.0693908184767,1.34621083736,0.398516565561,0.346563309431,0.641859471798,-0.555962920189
0.653805971146,0.069602958858,1.34608340263,0.398575305939,0.346624821424,0.642202079296,-0.555486798286
0.654202401638,0.0700251311064,1.34578931332,0.398188114166,0.347701340914,0.642111361027,-0.555196225643
0.65434807539,0.070199072361,1.34562182426,0.398359179497,0.347581923008,0.642818450928,-0.554329574108
0.654580593109,0.0703740715981,1.34554958344,0.39849421382,0.347691446543,0.643100261688,-0.553836762905
0.654769062996,0.0706260353327,1.34538161755,0.398890078068,0.347264707088,0.644038140774,-0.552728593349
0.654973804951,0.0709426775575,1.34531223774,0.399449676275,0.347355782986,0.644543707371,-0.551676988602
0.655339241028,0.0714335218072,1.34538376331,0.400735229254,0.346578717232,0.645060956478,-0.550627708435
0.65572309494,0.0713728964329,1.34527611732,0.40022367239,0.347241669893,0.644967079163,-0.550692141056
0.655878007412,0.0717547386885,1.34520018101,0.400653839111,0.347221016884,0.645306825638,-0.549993872643
0.656119465828,0.0719976350665,1.34510934353,0.400998204947,0.347223967314,0.645530223846,-0.549478650093
0.656563878059,0.0723096206784,1.34501969814,0.401144623756,0.34727331996,0.645619034767,-0.549236059189
0.656925320625,0.0726226717234,1.34490680695,0.401541650295,0.347111612558,0.645752608776,-0.548891186714
0.657183051109,0.0728462412953,1.34482109547,0.401668071747,0.347234487534,0.645708084106,-0.548773229122
0.657203555107,0.0731910318136,1.3447906971,0.402639061213,0.346119135618,0.646494150162,-0.547840058804
0.657366096973,0.0739089474082,1.34472060204,0.403640210629,0.345612823963,0.646613240242,-0.547281980515
0.657783746719,0.0739505141973,1.3445327282,0.403291493654,0.346416294575,0.64587366581,-0.547904193401
0.658082962036,0.0740142464638,1.34457802773,0.403766810894,0.345968931913,0.645689606667,-0.54805368185
0.65840023756,0.0743704736233,1.344445467,0.404298514128,0.345728814602,0.645463645458,-0.548079490662
0.658650279045,0.0747210532427,1.34438097477,0.404651224613,0.34587725997,0.645054996014,-0.548206627369
0.658884823322,0.0750282853842,1.34431529045,0.404914081097,0.345962673426,0.644668877125,-0.548412799835
0.659114360809,0.075373634696,1.34425091743,0.405309826136,0.345800191164,0.644177019596,-0.548800766468
0.659638822079,0.0760022997856,1.34405124187,0.405417352915,0.346539080143,0.642862975597,-0.549795091152
0.659930050373,0.0760726705194,1.34403336048,0.40566444397,0.34594860673,0.642293035984,-0.550650119781
0.660112798214,0.0764301121235,1.34394490719,0.406154721975,0.346023648977,0.641666829586,-0.55097168684
0.660356342793,0.0767710208893,1.34384930134,0.406381398439,0.346354424953,0.640677452087,-0.551747202873
0.660599887371,0.0774050205946,1.34363687038,0.406578689814,0.347391039133,0.639298379421,-0.552549481392
0.660886406898,0.0778423696756,1.34353470802,0.407077282667,0.34748929739,0.638197481632,-0.553392589092
0.661072969437,0.078196413815,1.34339034557,0.40790143609,0.347141772509,0.637687087059,-0.553592145443
0.661281406879,0.078330039978,1.34327495098,0.408195108175,0.34774133563,0.636232018471,-0.55467247963
0.661486983299,0.0787421390414,1.34299254417,0.408525288105,0.348273277283,0.635156571865,-0.555327892303
0.661739528179,0.0794733688235,1.34272587299,0.408943802118,0.349752962589,0.63357847929,-0.555892527103
0.661900281906,0.0798873901367,1.34261322021,0.410062253475,0.349671453238,0.632687270641,-0.556134521961
0.66205728054,0.0803675502539,1.34237360954,0.410917133093,0.350562721491,0.631137371063,-0.556703329086
0.662142276764,0.0805460512638,1.34223139286,0.411570578814,0.350637406111,0.630353391171,-0.557061672211
0.662252545357,0.0809962749481,1.34197640419,0.412404626608,0.351446032524,0.629334449768,-0.557087302208
0.662472248077,0.081840083003,1.34163677692,0.413153707981,0.353457987309,0.627395033836,-0.55744689703
0.662677884102,0.0825114324689,1.34133124352,0.413962870836,0.354741066694,0.625765860081,-0.557862699032
0.662921071053,0.0830778330564,1.34108734131,0.414845764637,0.355785161257,0.624375164509,-0.558100044727
0.663049578667,0.083315372467,1.34084439278,0.418584108353,0.358424037695,0.61685103178,-0.561973810196
0.663239955902,0.0841270983219,1.34026539326,0.416867136955,0.357804447412,0.621789336205,-0.558189690113
0.66338711977,0.0846610888839,1.3399964571,0.417319953442,0.358503401279,0.620441436768,-0.558902323246
0.663629233837,0.0853908807039,1.33961319923,0.418521314859,0.360167264938,0.618595182896,-0.558980643749
0.663806557655,0.086016535759,1.33930444717,0.421952545643,0.363283067942,0.610281407833,-0.563505113125
0.663937389851,0.0866663008928,1.33896255493,0.422936469316,0.364154577255,0.608648061752,-0.56397151947
0.664159834385,0.0873495042324,1.33854329586,0.423209428787,0.365668058395,0.606920480728,-0.564648747444
0.664361953735,0.0879829600453,1.33813822269,0.424027174711,0.366052150726,0.605748832226,-0.565044224262
0.664375126362,0.0886167287827,1.33795154095,0.422782838345,0.364190846682,0.611355066299,-0.5611281991
0.664375126362,0.0886167287827,1.33795154095,0.422782838345,0.364190846682,0.611355066299,-0.5611281991
0.664857745171,0.0897822678089,1.33735752106,0.42687356472,0.36642023921,0.602132022381,-0.566526770592
0.665020942688,0.0907143205404,1.33688616753,0.427044004202,0.367621272802,0.600568592548,-0.567278862
0.665105223656,0.0913461819291,1.33666133881,0.427736192942,0.367672890425,0.59964966774,-0.567696154118
0.665247678757,0.0918348878622,1.33645641804,0.428471595049,0.367248088121,0.598767995834,-0.568346738815
0.665321528912,0.0925232023001,1.33615756035,0.429179102182,0.366689562798,0.598066627979,-0.568911492825
0.665684103966,0.0935088545084,1.33574593067,0.427986860275,0.369583278894,0.595275700092,-0.570861101151
0.665567815304,0.094020485878,1.33567333221,0.429194152355,0.367865145206,0.595590651035,-0.570735812187
0.665663361549,0.0948042720556,1.33534681797,0.429347872734,0.368119269609,0.594858407974,-0.571219742298
0.665995121002,0.0957991331816,1.33480358124,0.427979171276,0.370776534081,0.592394709587,-0.573085784912
0.665857255459,0.0965474322438,1.33462882042,0.428403586149,0.370589137077,0.59211152792,-0.573182582855
0.665782809258,0.0970678925514,1.33448052406,0.428542286158,0.370406061411,0.592013657093,-0.573298156261
0.665818691254,0.0981214866042,1.33409333229,0.428473353386,0.371435970068,0.591047763824,-0.573679983616
0.665745556355,0.098873488605,1.33385884762,0.428587347269,0.371639192104,0.590868651867,-0.573647558689
0.665832340717,0.0996383875608,1.33348834515,0.428383111954,0.37242358923,0.59034204483,-0.573833703995
0.665850520134,0.100622877479,1.33307135105,0.428260713816,0.373505532742,0.589737892151,-0.57384288311
0.665682792664,0.101334646344,1.33293247223,0.429004877806,0.37296795845,0.590335547924,-0.573021531105
0.665528535843,0.102189868689,1.33266115189,0.428996533155,0.373753637075,0.590288043022,-0.572564542294
0.665491878986,0.103005379438,1.33236598969,0.429023116827,0.374279916286,0.589974164963,-0.572524487972
0.665510594845,0.103885732591,1.33207011223,0.42939811945,0.374368578196,0.589878439903,-0.57228410244
0.665545701981,0.104706734419,1.33182668686,0.429555475712,0.37477350235,0.589761793613,-0.572021007538
0.665641844273,0.105285421014,1.33154535294,0.429195970297,0.374931752682,0.589739024639,-0.572210490704
0.665649592876,0.10643209517,1.33128750324,0.429010748863,0.375956565142,0.58950650692,-0.571916699409
0.665564835072,0.106946416199,1.33105921745,0.428933680058,0.375571876764,0.590301513672,-0.571406841278
0.66549706459,0.108038410544,1.33070063591,0.428736388683,0.376687258482,0.590003609657,-0.571128487587
0.66553145647,0.108810402453,1.33039093018,0.428757965565,0.377047985792,0.590094983578,-0.570779800415
0.665599048138,0.10969247669,1.33005547523,0.42896297574,0.377529680729,0.590143382549,-0.570256948471
0.665555953979,0.110490866005,1.32980191708,0.429100602865,0.37761080265,0.59048396349,-0.569746911526
0.6655138731,0.111346676946,1.32952940464,0.42895796895,0.378024995327,0.590743899345,-0.569310128689
0.665493965149,0.112056799233,1.32924997807,0.428778678179,0.378164887428,0.59130614996,-0.568768084049
0.665582299232,0.112935252488,1.32907307148,0.428734600544,0.378656119108,0.591107189655,-0.568681538105
0.665469288826,0.113697528839,1.32875049114,0.428799629211,0.378880828619,0.59152585268,-0.568047165871
0.665383279324,0.11451216042,1.32855737209,0.429044306278,0.379106014967,0.591695666313,-0.567534923553
0.665387749672,0.115302532911,1.32840049267,0.429123908281,0.379580914974,0.591466188431,-0.567396581173
0.665554702282,0.116036504507,1.3281673193,0.429122149944,0.380145817995,0.591184854507,-0.567312896252
0.665431499481,0.116505920887,1.32812952995,0.429448336363,0.37954634428,0.592036008835,-0.566579282284
0.665466308594,0.117217972875,1.32791817188,0.429403692484,0.37989833951,0.592609286308,-0.565777242184
0.665488004684,0.118334107101,1.32770955563,0.429283291101,0.38067150116,0.592886328697,-0.565058350563
0.66542160511,0.118768677115,1.32763576508,0.429717928171,0.37992593646,0.593987226486,-0.564072847366
0.665340900421,0.11929166317,1.32759106159,0.430038720369,0.379581421614,0.594771981239,-0.563232541084
0.665455281734,0.120213195682,1.32738804817,0.429755240679,0.381245464087,0.594496905804,-0.562615215778
0.665399372578,0.120916947722,1.32710063457,0.429393768311,0.381749272346,0.59490352869,-0.562119424343
0.665212273598,0.12154302001,1.32701039314,0.429355502129,0.381461948156,0.596001148224,-0.561180353165
0.665137350559,0.121821507812,1.32697737217,0.429073572159,0.380950063467,0.597128629684,-0.560544729233
0.66523951292,0.122508630157,1.32671880722,0.428331553936,0.382245749235,0.596678137779,-0.560710012913
0.665224015713,0.123295903206,1.32658696175,0.428025692701,0.383058786392,0.596394836903,-0.560689985752
0.664971709251,0.123699381948,1.32651031017,0.428222179413,0.38247358799,0.597119927406,-0.560167551041
0.664811313152,0.124314837158,1.32622301579,0.427886486053,0.383334070444,0.596837222576,-0.560137152672
0.664808750153,0.124888777733,1.32601284981,0.427449643612,0.384535938501,0.596053957939,-0.560481011868
0.664608716965,0.125320196152,1.32596552372,0.428168356419,0.384195894003,0.596592247486,-0.559591948986
0.664582371712,0.125992909074,1.32566070557,0.427936553955,0.385688602924,0.595933020115,-0.559444963932
0.664595067501,0.126635372639,1.32534456253,0.42750287056,0.387502908707,0.595068156719,-0.559443295002
0.664190649986,0.126851052046,1.3253865242,0.428000837564,0.387191563845,0.596049726009,-0.558231830597
0.663955748081,0.127234622836,1.32541918755,0.428915202618,0.386692047119,0.597109019756,-0.556742250919
0.664050936699,0.127839252353,1.32509052753,0.428710758686,0.388320535421,0.596904098988,-0.555985450745
0.663778722286,0.12811934948,1.32511782646,0.429365605116,0.387794435024,0.598548412323,-0.554076492786
0.663632750511,0.128620401025,1.3249912262,0.429790645838,0.388389438391,0.599239230156,-0.552581310272
0.663445055485,0.129069894552,1.32486212254,0.429803699255,0.38915348053,0.599998176098,-0.551208376884
0.663343906403,0.129475772381,1.3248052597,0.430021733046,0.389769077301,0.600992560387,-0.549517273903
0.663292586803,0.129952043295,1.32477021217,0.429949641228,0.39048486948,0.601805150509,-0.548174619675
0.663349688053,0.130658090115,1.32462108135,0.429416775703,0.39202183485,0.602026700974,-0.547251462936
0.663344681263,0.131080165505,1.3247538805,0.429341286421,0.392486423254,0.602757394314,-0.546172201633
0.663297772408,0.13146302104,1.32483780384,0.429066717625,0.39271736145,0.603848218918,-0.54501581192
0.663232445717,0.131780296564,1.32493042946,0.428688317537,0.392943531275,0.604928970337,-0.543951034546
0.663049757481,0.1320784688,1.32501006126,0.428145080805,0.393243670464,0.605890393257,-0.543091416359
0.6630012393,0.132404237986,1.32515835762,0.427558213472,0.393616229296,0.606592357159,-0.542500019073
0.662942409515,0.132580697536,1.32538449764,0.427189201117,0.393074274063,0.607855558395,-0.541768729687
0.662937402725,0.132878810167,1.32550299168,0.426223486662,0.393104821444,0.609183609486,-0.541015386581
0.662837564945,0.133099585772,1.32570159435,0.425469517708,0.39307102561,0.610043525696,-0.5406640172
0.662767231464,0.133269011974,1.32589423656,0.424847215414,0.393115848303,0.610754847527,-0.540317773819
0.66259521246,0.133170172572,1.32611489296,0.424450099468,0.392057150602,0.612310469151,-0.539638102055
0.662457883358,0.133341550827,1.32626664639,0.423753738403,0.392034858465,0.613090217113,-0.539316296577
0.662428617477,0.133426129818,1.32642662525,0.423045814037,0.391510665417,0.614246487617,-0.538936793804
0.662389338017,0.13357937336,1.32663047314,0.419478327036,0.389223515987,0.621940851212,-0.534539759159
0.662386834621,0.133802846074,1.32681262493,0.418917238712,0.389564752579,0.62209635973,-0.534550189972
0.662326514721,0.133878946304,1.32698440552,0.420785576105,0.391350328922,0.616006672382,-0.538813710213
0.662311792374,0.133994877338,1.32710194588,0.420213848352,0.391359120607,0.616446733475,-0.538750290871
0.662367999554,0.133908122778,1.32735407352,0.419668585062,0.390724301338,0.616975128651,-0.539031028748
0.662416040897,0.133954316378,1.32746589184,0.418662011623,0.391029715538,0.61705249548,-0.539503693581
0.662358045578,0.133907854557,1.32772290707,0.415505796671,0.387671947479,0.624629557133,-0.535633504391
0.662226915359,0.133631914854,1.3279491663,0.41493666172,0.387039154768,0.625152230263,-0.535922706127
0.662232279778,0.133707717061,1.32814216614,0.414429694414,0.387220054865,0.625124037266,-0.53621673584
0.662265777588,0.13368435204,1.32834398746,0.413955658674,0.387009590864,0.625216841698,-0.536626696587
0.662213265896,0.133405342698,1.32855832577,0.413651257753,0.386221677065,0.625708699226,-0.536855757236
0.662304461002,0.133362844586,1.32866799831,0.412680059671,0.387118130922,0.624972701073,-0.537814080715
0.662216126919,0.133130073547,1.3289989233,0.412862807512,0.385723382235,0.625743508339,-0.53777962923
0.662258982658,0.132975578308,1.32919740677,0.412350356579,0.385960310698,0.625272810459,-0.538549602032
0.662264823914,0.132781773806,1.32934427261,0.412038296461,0.385536432266,0.625436127186,-0.538902580738
0.662283360958,0.132858172059,1.32950723171,0.411541044712,0.385905444622,0.62497740984,-0.539550185204
0.662260770798,0.132377937436,1.32979750633,0.411520421505,0.384578496218,0.62546724081,-0.539945363998
0.662282764912,0.132087230682,1.32997715473,0.411183297634,0.383682817221,0.625497043133,-0.540804326534
0.662465751171,0.132073044777,1.33009660244,0.410728275776,0.38397321105,0.624627530575,-0.54194778204
0.662686228752,0.131847858429,1.3302500248,0.409769773483,0.384396582842,0.623675167561,-0.543468058109
0.662603318691,0.131669327617,1.33047270775,0.409717172384,0.383521974087,0.623387873173,-0.544454276562
0.66277807951,0.131158381701,1.33068108559,0.409280627966,0.382906705141,0.62279510498,-0.545891880989
0.662713289261,0.13076902926,1.3309636116,0.409303843975,0.381530851126,0.622441470623,-0.547239601612
0.662722170353,0.13041703403,1.33122742176,0.408918648958,0.381283760071,0.621796488762,-0.548431932926
0.66276293993,0.130003929138,1.33137667179,0.408862113953,0.380919128656,0.620830357075,-0.549820065498
0.662832438946,0.129962444305,1.33136701584,0.408345341682,0.381459832191,0.619475722313,-0.551354885101
0.662927508354,0.129586160183,1.33157205582,0.408054500818,0.381560385227,0.618280470371,-0.552840352058
0.662927508354,0.129586160183,1.33157205582,0.408054500818,0.381560385227,0.618280470371,-0.552840352058
0.662835597992,0.128695845604,1.33195900917,0.407846450806,0.380517572165,0.616917312145,-0.555230498314
0.662839591503,0.128376796842,1.33207547665,0.40732473135,0.380777269602,0.615654468536,-0.556834876537
0.662759363651,0.127574339509,1.33241772652,0.407503157854,0.379335492849,0.615424990654,-0.557940661907
0.66277384758,0.127178505063,1.33261930943,0.40735155344,0.379450201988,0.614266574383,-0.559248507023
0.662762522697,0.126696303487,1.3328139782,0.407330900431,0.379208117723,0.613501369953,-0.560266673565
0.662782549858,0.126538142562,1.33284258842,0.407036662102,0.379697501659,0.612216889858,-0.561552762985
0.662778735161,0.126115247607,1.33306348324,0.407049268484,0.379673033953,0.611190974712,-0.562676370144
0.662784814835,0.125619530678,1.33331108093,0.40694051981,0.379525899887,0.610025882721,-0.564117014408
0.662757694721,0.124761417508,1.33367967606,0.407250493765,0.378529042006,0.609258174896,-0.565391182899
0.662816166878,0.124690592289,1.33386981487,0.406681895256,0.379890352488,0.607575416565,-0.566696882248
0.662807703018,0.12381182611,1.3341562748,0.406964480877,0.378514945507,0.607077598572,-0.567946314812
0.662793695927,0.12336063385,1.33430755138,0.406998693943,0.378384947777,0.605817317963,-0.569352686405
0.662794351578,0.122755162418,1.33457267284,0.406578361988,0.378246366978,0.604859292507,-0.570761680603
0.662740886211,0.122202955186,1.33487224579,0.406449437141,0.378216415644,0.603474318981,-0.572337388992
0.662723183632,0.121614053845,1.33510243893,0.406082808971,0.378049463034,0.602203428745,-0.574044108391
0.662711083889,0.121390029788,1.33526885509,0.405451357365,0.378840923309,0.600730895996,-0.575509607792
0.662800729275,0.120482876897,1.3356628418,0.40544039011,0.377756357193,0.599839091301,-0.577158153057
0.662741661072,0.119841530919,1.335952878,0.40489345789,0.377574235201,0.598598599434,-0.578946173191
0.662725746632,0.119212001562,1.33623766899,0.404748737812,0.377083212137,0.596820831299,-0.581198394299
0.662780046463,0.118515610695,1.33654081821,0.404101520777,0.376780480146,0.595589578152,-0.58310508728
0.662833988667,0.117925614119,1.33675968647,0.403497993946,0.376197636127,0.59404271841,-0.585472345352
0.662869811058,0.117764502764,1.33687567711,0.403106629848,0.376581519842,0.591616690159,-0.587946474552
0.662910699844,0.116675302386,1.33729469776,0.402748644352,0.375278502703,0.590055704117,-0.590587735176
0.663113951683,0.116331800818,1.33746266365,0.403621077538,0.377330332994,0.586025834084,-0.592693507671
0.663199901581,0.11530084908,1.33779203892,0.403223723173,0.376059830189,0.58421587944,-0.595551550388
0.663319349289,0.114600509405,1.33805334568,0.402552634478,0.375516921282,0.581703782082,-0.59879809618
0.663479745388,0.113938435912,1.33829581738,0.400415599346,0.373563557863,0.580363214016,-0.602740705013
0.663537204266,0.113414734602,1.33834803104,0.400682002306,0.374195486307,0.577756643295,-0.60467261076
0.663624823093,0.11274831742,1.33859372139,0.400137603283,0.374322801828,0.574647545815,-0.607908368111
0.663689911366,0.111921682954,1.33878731728,0.399551868439,0.373944967985,0.5718922019,-0.611116111279
0.663808465004,0.111306525767,1.33897912502,0.399433463812,0.373774260283,0.568778812885,-0.61419570446
0.663596570492,0.110967814922,1.33920192719,0.399843603373,0.372126221657,0.564850330353,-0.618539690971
0.663779497147,0.11027982831,1.33935821056,0.399823278189,0.371744662523,0.561464130878,-0.621856272221
0.664042830467,0.109233379364,1.33960258961,0.397975564003,0.372892707586,0.556641757488,-0.626671016216
0.664164185524,0.108623370528,1.33970689774,0.397527456284,0.37313491106,0.552635610104,-0.630346059799
0.664149165154,0.107829421759,1.33995270729,0.397422939539,0.372630983591,0.549196243286,-0.633707106113
0.664062976837,0.107067734003,1.34017300606,0.396868318319,0.372329264879,0.545813560486,-0.637145340443
0.664077103138,0.106280647218,1.34034883976,0.396473407745,0.372220546007,0.541803777218,-0.640866100788
0.664065599442,0.105570569634,1.34058237076,0.395945757627,0.372306972742,0.538303613663,-0.644083619118
0.664062201977,0.104848563671,1.34075391293,0.395595699549,0.372030943632,0.534694731236,-0.647455453873
0.664073944092,0.10415892303,1.34106242657,0.395502179861,0.372390717268,0.530267119408,-0.65093767643
0.663918614388,0.103490762413,1.34123003483,0.394583433867,0.372229129076,0.526913940907,-0.654302000999
0.663867712021,0.102935783565,1.34145009518,0.393853992224,0.372406244278,0.522918045521,-0.657836973667
0.663821518421,0.101882129908,1.34177160263,0.393754780293,0.37130138278,0.519692540169,-0.661068975925
0.663773417473,0.101375877857,1.3419302702,0.393174797297,0.371478170156,0.515637278557,-0.664481520653
0.663661122322,0.1005525738,1.34225833416,0.392660796642,0.37089407444,0.511781573296,-0.668082892895
0.663602113724,0.099829569459,1.34249389172,0.392148911953,0.371005535126,0.507372021675,-0.671675443649
0.663506567478,0.0992477983236,1.34271895885,0.391786366701,0.371026366949,0.504037082195,-0.674380779266
0.663429677486,0.0984796434641,1.34295320511,0.391055107117,0.371007412672,0.499731898308,-0.678009867668
0.663304805756,0.0979309976101,1.34310674667,0.390623390675,0.371022492647,0.495956689119,-0.681015849113
0.663074374199,0.0972072407603,1.34333634377,0.389952719212,0.371157228947,0.491744250059,-0.684373259544
0.662785053253,0.0964588522911,1.34351456165,0.38895380497,0.371189713478,0.488420814276,-0.68729788065
0.662655949593,0.0960047468543,1.3436871767,0.388061195612,0.371653407812,0.48458018899,-0.690263926983
0.662534832954,0.0952693223953,1.3439078331,0.387307077646,0.371638089418,0.480318486691,-0.693666040897
0.662349402905,0.0944698527455,1.34405052662,0.38693934679,0.371340513229,0.476791471243,-0.696458280087
0.662062704563,0.0939416885376,1.34428226948,0.385731726885,0.372000783682,0.472565412521,-0.699648737907
0.661880552769,0.0931721180677,1.34447681904,0.38502445817,0.371381819248,0.469450712204,-0.702458322048
0.66167896986,0.0925171673298,1.34459352493,0.384378403425,0.371903210878,0.465265601873,-0.705314993858
0.661287069321,0.0918508023024,1.34480774403,0.383243620396,0.372089892626,0.461796075106,-0.708108603954
0.661029160023,0.0912284702063,1.34502243996,0.382891148329,0.372588425875,0.457279980183,-0.710962176323
0.660821795464,0.0907780826092,1.34517872334,0.382167577744,0.372615993023,0.453819930553,-0.713549315929
0.660538434982,0.0901035368443,1.34539043903,0.381126970053,0.372848778963,0.44974347949,-0.716559052467
0.660154283047,0.0895220339298,1.34557414055,0.380069285631,0.372859954834,0.44624337554,-0.719298005104
0.659773409367,0.0888302624226,1.34585857391,0.378765523434,0.372998327017,0.442040711641,-0.722501814365
0.659586846828,0.0882285088301,1.34609472752,0.377812236547,0.372866511345,0.437884092331,-0.725593626499
0.659128785133,0.0878179371357,1.34628868103,0.377205818892,0.372502297163,0.434368252754,-0.728204667568
0.658867776394,0.0870989114046,1.34653496742,0.375570833683,0.372349768877,0.430150419474,-0.731623411179
0.658542215824,0.086295157671,1.34667241573,0.373915851116,0.372229784727,0.426254719496,-0.734805345535
0.65820723772,0.0857483893633,1.34688866138,0.371883422136,0.372547507286,0.421516954899,-0.738400042057
0.657842874527,0.0847989022732,1.3470928669,0.370346486568,0.371223926544,0.417992502451,-0.741834640503
0.657370865345,0.0842923820019,1.34728419781,0.368823170662,0.370912462473,0.414426475763,-0.744744300842
0.656911730766,0.0837557315826,1.34744501114,0.366320759058,0.371000409126,0.409974098206,-0.748391032219
0.656454861164,0.0831376388669,1.34756135941,0.364814460278,0.370883196592,0.405965566635,-0.7513641119
0.656078875065,0.0823181048036,1.34787118435,0.363982707262,0.370163798332,0.405661791563,-0.752285778522
0.655511081219,0.0813068151474,1.34798276424,0.360948681831,0.368995070457,0.399200588465,-0.757758319378
0.655051112175,0.0809101760387,1.34811401367,0.358723282814,0.368812412024,0.395322144032,-0.760930597782
0.654618322849,0.0802504718304,1.34836125374,0.357253879309,0.369204461575,0.390451818705,-0.763940572739
0.653944790363,0.0794911757112,1.34850156307,0.353745549917,0.367325752974,0.388083666563,-0.767676413059
0.653499126434,0.0788426324725,1.34867608547,0.351913809776,0.367091447115,0.383135050535,-0.771108388901
0.652824640274,0.0780254304409,1.34887063503,0.349864006042,0.366076618433,0.380094379187,-0.774022877216
0.652245461941,0.0772587358952,1.3490408659,0.348711162806,0.365860790014,0.379940241575,-0.774720549583
0.651663661003,0.0764794498682,1.34915292263,0.344790756702,0.36487647891,0.373016059399,-0.780284225941
0.650867164135,0.0759012252092,1.3494631052,0.34412586689,0.364724636078,0.37328016758,-0.780522346497
0.650234520435,0.0750496610999,1.34962809086,0.340324491262,0.363690942526,0.367876678705,-0.785222887993
0.649551391602,0.0743745863438,1.34984016418,0.338225901127,0.363179653883,0.365591824055,-0.787430226803
0.648892223835,0.0737802907825,1.34999239445,0.335904896259,0.362647771835,0.361009567976,-0.790776014328
0.648057162762,0.0731126517057,1.35020112991,0.333812624216,0.361034870148,0.359506487846,-0.793081462383
0.647360742092,0.0725918412209,1.35047459602,0.332792669535,0.36135199666,0.358694642782,-0.793732881546
0.646638512611,0.0720369070768,1.35069572926,0.330289691687,0.359536588192,0.353162378073,-0.798071742058
0.645917713642,0.0711622089148,1.35101103783,0.328525781631,0.358180880547,0.351201891899,-0.800271511078
0.645312726498,0.0705052018166,1.35125482082,0.325998514891,0.358006119728,0.348026126623,-0.802766799927
0.64463442564,0.0697154179215,1.35161602497,0.323929131031,0.356789886951,0.345607966185,-0.805187046528
0.643933773041,0.069046549499,1.35180163383,0.321776837111,0.355752408504,0.343470871449,-0.807420313358
0.643244981766,0.0687096044421,1.35214304924,0.319686055183,0.355774074793,0.340383738279,-0.8095459342
0.642504453659,0.0679421424866,1.35240769386,0.317591130733,0.354105651379,0.339064508677,-0.811652779579
0.641610264778,0.0675479024649,1.35275959969,0.317024976015,0.351993978024,0.339246243238,-0.812716007233
0.641211271286,0.0667042955756,1.35295772552,0.312813162804,0.352085828781,0.335737973452,-0.81575948
0.640279233456,0.0665532946587,1.35338628292,0.312494874001,0.35137462616,0.334077358246,-0.816869080067
0.63987237215,0.0653726458549,1.35364675522,0.308858811855,0.350602716208,0.332112371922,-0.819381058216
0.63987237215,0.0653726458549,1.35364675522,0.308858811855,0.350602716208,0.332112371922,-0.819381058216
0.638427853584,0.0646844431758,1.35438585281,0.307737141848,0.349456727505,0.330530762672,-0.82093077898
0.637768745422,0.0640563219786,1.35468232632,0.305758237839,0.348731786013,0.329710572958,-0.822307109833
0.637372255325,0.0633508637547,1.35491466522,0.304303497076,0.347161382437,0.329136610031,-0.823740005493
0.636889100075,0.0629496574402,1.35523438454,0.302692383528,0.346463650465,0.327972024679,-0.825090706348
0.636463344097,0.0621588304639,1.35554349422,0.301482111216,0.345010787249,0.327344417572,-0.82639080286
0.635998427868,0.0620367452502,1.35577189922,0.300113648176,0.344840079546,0.32595166564,-0.827509939671
0.635711491108,0.0612992718816,1.35612869263,0.298755943775,0.343855232,0.324850440025,-0.828842997551
0.635644078255,0.0608721189201,1.35624217987,0.295266151428,0.343697339296,0.322407096624,-0.83111000061
0.635208070278,0.0604215599597,1.3566069603,0.29478085041,0.342196017504,0.322595000267,-0.831828474998
0.634717583656,0.0598692446947,1.35690927505,0.294752120972,0.340926587582,0.323099017143,-0.832164227962
0.634404182434,0.0594454668462,1.35698139668,0.292443484068,0.34035757184,0.321609646082,-0.833786964417
0.632014513016,0.0580430775881,1.35602879524,0.288058429956,0.340800136328,0.323953926563,-0.834225058556
0.63363045454,0.0583244226873,1.35748815536,0.291879564524,0.339185595512,0.320983171463,-0.834703147411
0.633292257786,0.0579048767686,1.35767579079,0.290924072266,0.338207453489,0.319576740265,-0.835972309113
0.633011460304,0.0574813261628,1.3578119278,0.28995230794,0.337799310684,0.31931784749,-0.836573600769
0.630851149559,0.0566665455699,1.35679709911,0.284401506186,0.338727593422,0.32086327672,-0.837511897087
0.632488846779,0.0573381111026,1.35801625252,0.286182045937,0.336833685637,0.316502213478,-0.839326679707
0.632157802582,0.0566399358213,1.35806381702,0.285456269979,0.336056113243,0.316108822823,-0.840033531189
0.631969451904,0.0563254728913,1.35812032223,0.284265846014,0.335182070732,0.314697057009,-0.841315448284
0.631694257259,0.0559527799487,1.35831832886,0.283561557531,0.335039198399,0.314250767231,-0.841776669025
0.631493628025,0.0556842014194,1.35841977596,0.282872617245,0.333999752998,0.313143610954,-0.842833459377
0.631311953068,0.0555945932865,1.35848855972,0.282380253077,0.333793401718,0.312403470278,-0.84335488081
0.631154477596,0.0553611442447,1.35852253437,0.280571311712,0.33209425211,0.310333609581,-0.845391213894
0.630898058414,0.0550694800913,1.35859179497,0.281035900116,0.332531541586,0.309689640999,-0.845301091671
0.630739152431,0.0548732765019,1.35860645771,0.2804081738,0.332321733236,0.308033853769,-0.846196591854
0.628610312939,0.0539846643806,1.3575592041,0.275750756264,0.332879155874,0.309193640947,-0.847084641457
0.62842720747,0.0536784082651,1.35764312744,0.274733036757,0.331808924675,0.307743281126,-0.848362386227
0.628105938435,0.0534798130393,1.35764300823,0.273536831141,0.330880850554,0.305650681257,-0.849866569042
0.629879415035,0.0541429296136,1.35873222351,0.275557518005,0.329887360334,0.301482439041,-0.851087987423
0.629579663277,0.0539409741759,1.35881984234,0.274224311113,0.328337609768,0.300091326237,-0.852608144283
0.62931060791,0.0538230389357,1.35887849331,0.2737878263,0.32761567831,0.298803955317,-0.853477835655
0.628812789917,0.0537382215261,1.3590323925,0.274852186441,0.32689166069,0.297367781401,-0.853914797306
0.62845659256,0.0537091456354,1.35910713673,0.273534297943,0.326228827238,0.295378774405,-0.855280697346
0.62790697813,0.0535527616739,1.35921680927,0.27215218544,0.325635939837,0.294338166714,-0.856305837631
0.627530574799,0.0536883063614,1.3592877388,0.270643085241,0.325240403414,0.292044818401,-0.857718408108
0.627025365829,0.0534037649632,1.35941457748,0.269823849201,0.324164062738,0.290749043226,-0.858823478222
0.626476705074,0.0532893836498,1.35945546627,0.268354445696,0.323447495699,0.288871765137,-0.860186457634
0.626015245914,0.0532504990697,1.35950446129,0.267547428608,0.322696506977,0.287432819605,-0.861201345921
0.625513613224,0.053220063448,1.35958576202,0.266515642405,0.321431308985,0.285537779331,-0.862623631954
0.624953746796,0.0531770922244,1.35965251923,0.264928877354,0.320549875498,0.283223986626,-0.864201724529
0.624636590481,0.0531155690551,1.35975909233,0.261928975582,0.320365637541,0.28039214015,-0.866105914116
0.624048829079,0.053188316524,1.35988163948,0.262077897787,0.318445265293,0.278335690498,-0.867431342602
0.621579170227,0.0523206032813,1.35873866081,0.256892323494,0.318806916475,0.27867475152,-0.868739843369
0.621122717857,0.0523395091295,1.35892295837,0.255839496851,0.318102449179,0.275850176811,-0.870208978653
0.620595812798,0.052385635674,1.35903012753,0.254519075155,0.317115932703,0.273225814104,-0.871782779694
0.621831715107,0.0531606376171,1.36033809185,0.256337255239,0.315041571856,0.268389821053,-0.873502731323
0.621364057064,0.0532416775823,1.36044979095,0.255460977554,0.314123868942,0.265852928162,-0.874864697456
0.620861113071,0.0533511042595,1.36057066917,0.254244923592,0.31379032135,0.26295915246,-0.876212060452
0.620213508606,0.0534023977816,1.36065387726,0.25283280015,0.313481211662,0.259754866362,-0.877685844898
0.619663357735,0.0534925162792,1.36079692841,0.251226961613,0.312440216541,0.256996721029,-0.879328668118
0.61919683218,0.053639665246,1.36091673374,0.249680861831,0.311557561159,0.253729522228,-0.881029427052
0.61676633358,0.0528793223202,1.35982751846,0.244753867388,0.312351226807,0.252580523491,-0.882459878922
0.616247057915,0.0529818497598,1.35992312431,0.243028983474,0.311000972986,0.24908618629,-0.884404599667
0.617486834526,0.0538184344769,1.3612164259,0.244376078248,0.309288173914,0.243466094136,-0.886197149754
0.617074966431,0.0540281385183,1.36139893532,0.243878290057,0.310195475817,0.241650521755,-0.886514127254
0.616538286209,0.0542220175266,1.36152136326,0.240942537785,0.306777089834,0.235479801893,-0.89015942812
0.616069495678,0.0542464852333,1.36159658432,0.238976761699,0.305508583784,0.231609791517,-0.892138659954
0.615713119507,0.0544358454645,1.36171221733,0.236154347658,0.304498136044,0.2267986238,-0.894468724728
0.615198910236,0.0546402521431,1.36187756062,0.235609993339,0.303126484156,0.222697660327,-0.896107196808
0.61270815134,0.0537727177143,1.36076462269,0.23029345274,0.303064703941,0.222392112017,-0.897584795952
0.612174272537,0.0540202483535,1.36093604565,0.228613644838,0.302128463984,0.218748316169,-0.899223744869
0.613586843014,0.0551392622292,1.36231470108,0.22989629209,0.300101071596,0.211394637823,-0.90133202076
0.611029028893,0.0543391257524,1.36116337776,0.224619552493,0.300077229738,0.21030561626,-0.902923822403
0.612288594246,0.0551424175501,1.36263799667,0.226033776999,0.298752725124,0.203661710024,-0.9045317173
0.611626267433,0.0551139488816,1.36273598671,0.224281176925,0.298593610525,0.200123682618,-0.905809283257
0.61122584343,0.0550223737955,1.3628051281,0.221623554826,0.298395246267,0.195928052068,-0.907444417477
0.610500812531,0.0551994144917,1.36295342445,0.220482870936,0.298255860806,0.192155659199,-0.908574104309
0.60784804821,0.0544024519622,1.36184203625,0.21675285697,0.298703074455,0.19201913476,-0.90935331583
0.609059393406,0.055338345468,1.3631234169,0.218480214477,0.298093616962,0.185875847936,-0.910415768623
0.60832709074,0.055410169065,1.36319339275,0.217395320535,0.298660188913,0.182928904891,-0.911086380482
0.607614219189,0.0554376803339,1.36334371567,0.216249227524,0.298901319504,0.180068746209,-0.911849498749
0.605184614658,0.0544972643256,1.3620582819,0.212313786149,0.299922585487,0.179794698954,-0.912492871284
0.605336308479,0.0547933652997,1.36289525032,0.21211373806,0.300490736961,0.176637127995,-0.912968993187
0.604764342308,0.0546337142587,1.36285829544,0.211915940046,0.30106601119,0.173772484064,-0.913375079632
0.604235351086,0.0547242090106,1.36295926571,0.211740300059,0.301954030991,0.172497808933,-0.913364291191
0.603693306446,0.0546083301306,1.3629014492,0.210355862975,0.302658438683,0.169878080487,-0.913941860199
0.603988528252,0.0557240843773,1.36340391636,0.213811039925,0.302957892418,0.167107537389,-0.91355162859
0.603149533272,0.0554754845798,1.36347699165,0.213267728686,0.304385393858,0.166242837906,-0.913361847401
0.602645814419,0.0554961450398,1.36346173286,0.213799670339,0.305590838194,0.165981858969,-0.912882268429
0.600263237953,0.054684497416,1.3621032238,0.211317673326,0.307431906462,0.167633339763,-0.912540197372
0.599666118622,0.0546925552189,1.36203300953,0.212303936481,0.309045732021,0.16746994853,-0.911795854568
0.598989367485,0.0546768382192,1.36191785336,0.213191345334,0.310605973005,0.168187767267,-0.910926043987
0.598294794559,0.0546088628471,1.36165642738,0.214021071792,0.312239170074,0.168646842241,-0.910087883472
0.597717106342,0.0546045154333,1.36153066158,0.214823573828,0.313734650612,0.169450253248,-0.909234881401
0.598896443844,0.0554306991398,1.36277663708,0.218529284,0.315020412207,0.167692631483,-0.90823251009
0.598615586758,0.0557003989816,1.36249017715,0.220133244991,0.315761178732,0.16840004921,-0.907456696033
0.596112072468,0.0547314807773,1.3610278368,0.217533186078,0.318289399147,0.17214858532,-0.906496584415
0.595714092255,0.0548002272844,1.36090409756,0.21749047935,0.319632053375,0.173446521163,-0.905786752701
0.595999121666,0.0548427328467,1.36151206493,0.219219997525,0.321185916662,0.174239754677,-0.904667258263
0.595571637154,0.05491758883,1.3614127636,0.220433905721,0.322619855404,0.17579460144,-0.903560519218
0.595054507256,0.0549977719784,1.36124324799,0.22132730484,0.324049115181,0.17800591886,-0.902397036552
0.594602108002,0.0551278591156,1.36116957664,0.223434567451,0.325417935848,0.180063515902,-0.900975823402
0.594239473343,0.0552236437798,1.36104357243,0.224434494972,0.327015131712,0.181776151061,-0.899804294109
0.594045341015,0.0552700608969,1.36093688011,0.225065678358,0.328892767429,0.183784753084,-0.898553371429
0.59347397089,0.0554941147566,1.36073482037,0.226939931512,0.330011516809,0.187230631709,-0.896959006786
0.593194246292,0.0556302703917,1.36069977283,0.228521808982,0.331669390202,0.189735874534,-0.89541810751
0.592915058136,0.055781904608,1.36066234112,0.230145871639,0.333341628313,0.192731454968,-0.893739819527
0.592662274837,0.0559044778347,1.36062180996,0.231836542487,0.334865629673,0.194995075464,-0.892240941525
0.592376112938,0.0559352263808,1.36047828197,0.233125165105,0.336373060942,0.199007824063,-0.890450358391
0.592061638832,0.0561462342739,1.360450387,0.234469771385,0.338091373444,0.203608140349,-0.888404071331
0.591830611229,0.056263204664,1.36040484905,0.236320793629,0.339336454868,0.207142606378,-0.886620044708
0.591654062271,0.0563034191728,1.36034154892,0.238147765398,0.34080940485,0.211944460869,-0.884428739548
0.591297388077,0.0563869327307,1.36016559601,0.239892318845,0.342430114746,0.216940119863,-0.882117033005
0.591027677059,0.0565680228174,1.36010968685,0.241599529982,0.343884944916,0.222372829914,-0.879729092121
0.59087061882,0.05669394508,1.35996711254,0.243499040604,0.345004796982,0.228177085519,-0.877277135849
0.59067940712,0.0567676797509,1.35988473892,0.245670586824,0.346498012543,0.234420448542,-0.874432504177
0.590573132038,0.056760519743,1.35977387428,0.247527569532,0.34777879715,0.240783989429,-0.87166684866
0.590421378613,0.0568444877863,1.35966300964,0.249315232038,0.349314332008,0.248366042972,-0.86840993166
0.590086579323,0.0569941103458,1.35946202278,0.251570552588,0.350916236639,0.254791855812,-0.865246355534
0.589873850346,0.0571608841419,1.35926020145,0.253493189812,0.352392822504,0.262160152197,-0.861877381802
0.588994622231,0.0572874136269,1.35825896263,0.254645079374,0.353742450476,0.270477682352,-0.858407855034
0.589000225067,0.0572796165943,1.35800898075,0.256365567446,0.35522800684,0.277533918619,-0.855023264885
0.590661108494,0.0584710165858,1.35901176929,0.262595325708,0.355177551508,0.282879322767,-0.851394057274
0.588800668716,0.0575551614165,1.35750985146,0.260352104902,0.357476145029,0.294240504503,-0.847260475159
0.588720619678,0.0576784200966,1.3572511673,0.262638241053,0.358960151672,0.302069336176,-0.843162477016
0.588555335999,0.0579173453152,1.35697424412,0.26472517848,0.360248565674,0.31032460928,-0.838951826096
0.588734030724,0.0577843636274,1.35668861866,0.265628665686,0.361702501774,0.318314909935,-0.835037946701
0.588787972927,0.0579853653908,1.35639035702,0.266929477453,0.363226234913,0.3264965415,-0.83079212904
0.588748991489,0.0580430701375,1.35623240471,0.270207822323,0.363758742809,0.335931241512,-0.825722455978
0.588813841343,0.0581752508879,1.35598731041,0.27203014493,0.364963680506,0.344704777002,-0.820962667465
0.588756024837,0.0584774315357,1.35571658611,0.273961514235,0.366079360247,0.353296607733,-0.816157162189
0.588760912418,0.0586071945727,1.35547530651,0.276026427746,0.366940051317,0.362881541252,-0.8108522892
0.588770449162,0.0587861798704,1.35524749756,0.278127342463,0.36810734868,0.372327804565,-0.805303812027
0.588792026043,0.0589894317091,1.35502994061,0.280360490084,0.369227468967,0.381297200918,-0.799800932407
0.58880853653,0.059257697314,1.35472822189,0.282168358564,0.370322644711,0.390490561724,-0.794203519821
0.58885383606,0.0594360902905,1.35450565815,0.284506589174,0.371306180954,0.40011754632,-0.788094937801
0.58889323473,0.0597250200808,1.35430562496,0.286410361528,0.372334808111,0.408934533596,-0.782373607159
0.588967502117,0.0599706359208,1.35415053368,0.28856164217,0.373357743025,0.417462825775,-0.776570022106
0.591104924679,0.0612961836159,1.35527026653,0.295560598373,0.372118413448,0.424552083015,-0.770666778088
0.591274797916,0.0615912824869,1.35518753529,0.296964436769,0.373365432024,0.43278580904,-0.764922857285
0.591319561005,0.0620871558785,1.35500788689,0.299918919802,0.3735204041,0.441511243582,-0.75868242979
0.591415524483,0.0626644343138,1.3549503088,0.301999270916,0.374129772186,0.450417131186,-0.752295017242
0.589732706547,0.0620604828,1.35358130932,0.299025177956,0.376697778702,0.460675895214,-0.7459628582
0.590129673481,0.0620139762759,1.35350978374,0.299962282181,0.375950068235,0.469917923212,-0.740176618099
0.590225815773,0.0626631379128,1.35339128971,0.301634520292,0.376095801592,0.478369623423,-0.733982980251
0.592542469501,0.0637876242399,1.35447502136,0.308709323406,0.374458700418,0.483329892159,-0.728609383106
0.592955172062,0.0642687380314,1.35423648357,0.308792501688,0.375997364521,0.490282684565,-0.723115622997
0.591230869293,0.0638364106417,1.3529034853,0.305476903915,0.378393858671,0.499444693327,-0.716977655888
0.591659009457,0.0638210326433,1.3529484272,0.307341247797,0.377315491438,0.507186830044,-0.711291849613
0.593882143497,0.0652557313442,1.35409080982,0.31365609169,0.374831587076,0.513019919395,-0.705642819405
0.59437918663,0.0655303746462,1.35404860973,0.314307004213,0.374597102404,0.519849896431,-0.700460016727
0.594634890556,0.066033154726,1.35390162468,0.315792560577,0.374187916517,0.527000367641,-0.694643199444
0.593159496784,0.06556160748,1.35280740261,0.312299370766,0.37676346302,0.534480512142,-0.689092874527
0.595659017563,0.066894993186,1.35398077965,0.318487673998,0.373934805393,0.538848340511,-0.684383630753
0.596096694469,0.0673011913896,1.35399627686,0.319519400597,0.374116182327,0.544038295746,-0.679681420326
0.596689283848,0.0676763057709,1.35397207737,0.321068316698,0.373238623142,0.549670696259,-0.674885451794
0.597317099571,0.0680637359619,1.35398852825,0.322706133127,0.37347561121,0.55365473032,-0.670703530312
0.598081469536,0.0684907883406,1.35400867462,0.323954820633,0.372868001461,0.558393239975,-0.666498303413
0.598651826382,0.0688823312521,1.35402977467,0.325744003057,0.372755944729,0.562196493149,-0.662479400635
0.59931409359,0.0692742913961,1.35407054424,0.326921463013,0.372315436602,0.565870285034,-0.65901017189
0.600182712078,0.0696290209889,1.35414516926,0.328297883272,0.371967077255,0.569002270699,-0.655818164349
0.600908577442,0.0699999332428,1.35427904129,0.329933553934,0.372383236885,0.571345925331,-0.652716219425
0.601689636707,0.070354141295,1.3542894125,0.331260085106,0.371971637011,0.573732376099,-0.65018081665
0.602586269379,0.0707912445068,1.35426342487,0.332688361406,0.371869772673,0.575970649719,-0.64752560854
0.603217482567,0.0711020156741,1.35420811176,0.334544926882,0.372369587421,0.577187180519,-0.645194351673
0.604040622711,0.0716143399477,1.3540712595,0.335557579994,0.373538404703,0.578097462654,-0.64317458868
0.604875206947,0.0714347884059,1.35416185856,0.338068425655,0.372208535671,0.580118656158,-0.640806496143
0.605639278889,0.0717095956206,1.35418641567,0.339546710253,0.372745752335,0.581051409245,-0.638864457607
0.606453597546,0.0720047652721,1.35409152508,0.341049313545,0.373181760311,0.581718504429,-0.63720035553
0.607294857502,0.072383120656,1.35390007496,0.342851787806,0.37328478694,0.582640528679,-0.6353276968
0.607910752296,0.07257771492,1.3537017107,0.344898551702,0.374452233315,0.583295583725,-0.632927298546
0.608779072762,0.0730517208576,1.35352993011,0.345356792212,0.374806195498,0.583979308605,-0.631836175919
0.609511911869,0.0733803585172,1.3532512188,0.34753370285,0.375773102045,0.584298968315,-0.62976950407
0.610132455826,0.0732989162207,1.35308873653,0.349261671305,0.375602781773,0.584470868111,-0.628754794598
0.610940158367,0.0735213756561,1.35287845135,0.350467592478,0.375597387552,0.586122512817,-0.626545727253
0.611509501934,0.0737469121814,1.3526943922,0.351570576429,0.376088470221,0.587000131607,-0.624809145927
0.612299263477,0.0739036202431,1.35252964497,0.353276908398,0.376368463039,0.586669147015,-0.623988449574
0.613019347191,0.074321731925,1.35227429867,0.354605853558,0.376329571009,0.58740824461,-0.62256103754
0.61366212368,0.0745539814234,1.35215890408,0.35551699996,0.376456677914,0.588537693024,-0.62089574337
0.614477038383,0.0747186094522,1.35198259354,0.356636315584,0.37620177865,0.589404821396,-0.619584441185
0.615052163601,0.0749272108078,1.35189068317,0.357465624809,0.37605842948,0.590892493725,-0.617773711681
0.615863144398,0.0751812532544,1.35168206692,0.358318090439,0.375220179558,0.593540728092,-0.615245878696
0.61654561758,0.0752682238817,1.35159397125,0.359149843454,0.375206828117,0.594086170197,-0.614241719246
0.617208123207,0.075494222343,1.35149908066,0.359780073166,0.374729156494,0.595448195934,-0.612843930721
0.617981314659,0.0756398513913,1.35153079033,0.360363841057,0.374182581902,0.596853852272,-0.611465990543
0.618592977524,0.0757410600781,1.35141730309,0.360850661993,0.373229056597,0.598298728466,-0.610348701477
0.619435787201,0.0759539157152,1.35144352913,0.361515283585,0.372741043568,0.599409520626,-0.609162509441
0.62012475729,0.0760579556227,1.3514444828,0.361876785755,0.372087359428,0.600691318512,-0.608084142208
0.620829939842,0.0762507468462,1.35142970085,0.362480401993,0.371097713709,0.601368248463,-0.607660114765
0.621718287468,0.0764491781592,1.35149753094,0.36268055439,0.369987398386,0.603545725346,-0.60605686903
0.622309982777,0.076441064477,1.35157442093,0.362876653671,0.369261175394,0.60435551405,-0.605575084686
0.623036205769,0.0765841007233,1.35157263279,0.36348798871,0.368317186832,0.605199337006,-0.604940593243
0.623723328114,0.0766639113426,1.35160064697,0.363618612289,0.367845803499,0.605434417725,-0.604913413525
0.624496340752,0.0772050768137,1.35164904594,0.364046514034,0.368484079838,0.604461312294,-0.605240643024
0.625262856483,0.0773289576173,1.35150671005,0.36349260807,0.368911117315,0.603874564171,-0.605898916721
0.625930070877,0.0771698057652,1.35159444809,0.364149868488,0.367555707693,0.604167878628,-0.606035590172
0.626635670662,0.0772531032562,1.35153496265,0.364506363869,0.366775333881,0.603949129581,-0.606511771679
0.627228915691,0.077377140522,1.35162138939,0.36465883255,0.3667280972,0.603344380856,-0.607050359249
0.627757847309,0.0773495137691,1.35162460804,0.364840298891,0.366435438395,0.602812767029,-0.60764592886
0.628395736217,0.0777284801006,1.35157799721,0.365036249161,0.366976231337,0.601584911346,-0.608418285847
0.628918766975,0.0777261257172,1.35161232948,0.365441858768,0.366853326559,0.600200712681,-0.609614670277
0.629558980465,0.077798306942,1.35159993172,0.366197407246,0.366290152073,0.599199295044,-0.610484421253
0.630019843578,0.077550843358,1.35169625282,0.366704434156,0.365246385336,0.599753797054,-0.610260844231
0.630479097366,0.0775906294584,1.35152804852,0.367289304733,0.365628778934,0.597141265869,-0.612238943577
0.631066143513,0.0777034163475,1.3517575264,0.368400931358,0.365714013577,0.596031010151,-0.612601876259
0.63155156374,0.0777095705271,1.35152840614,0.368827164173,0.365779548883,0.593786597252,-0.614483058453
0.631905436516,0.0776031315327,1.35184025764,0.370362699032,0.364829987288,0.593235075474,-0.614656686783
0.632244348526,0.0776042193174,1.35162758827,0.370376735926,0.364871948957,0.592474937439,-0.61535602808
0.632969558239,0.077713727951,1.35177922249,0.371798068285,0.365706682205,0.589161217213,-0.617182195187
0.633354783058,0.0777542963624,1.35175049305,0.37264919281,0.36620336771,0.587183356285,-0.618258416653
0.633713543415,0.0777065604925,1.3517819643,0.373321682215,0.36680957675,0.584959506989,-0.619600057602
0.634063482285,0.0777024626732,1.35177409649,0.373933821917,0.367101818323,0.583452284336,-0.620478212833
0.634504139423,0.0778618678451,1.35168147087,0.374622017145,0.368556588888,0.579913377762,-0.622515022755
0.634857416153,0.0778645575047,1.35172665119,0.375699430704,0.368838995695,0.577120602131,-0.624291419983
0.635182976723,0.0778595358133,1.35169744492,0.37648448348,0.369370907545,0.576111555099,-0.624435901642
0.63548129797,0.0778309255838,1.35164809227,0.377588897943,0.370417654514,0.572790801525,-0.626201450825
0.635823607445,0.0778311192989,1.35157227516,0.378424346447,0.370797067881,0.570396780968,-0.627655982971
0.635981321335,0.0777792036533,1.35137009621,0.378433942795,0.371291428804,0.569050729275,-0.628579139709
0.636339128017,0.0777614563704,1.35158991814,0.380088329315,0.372420430183,0.565434336662,-0.630174696445
0.636577069759,0.0774413347244,1.35166931152,0.381166487932,0.372310191393,0.563299179077,-0.631499648094
0.636880636215,0.0773701667786,1.351608634,0.381353110075,0.372424870729,0.56194883585,-0.632521212101
0.637097299099,0.0773388147354,1.35159957409,0.382405072451,0.373492151499,0.558641791344,-0.634184062481
0.637324512005,0.0773320943117,1.35155951977,0.383354783058,0.374204128981,0.556183815002,-0.635350346565
0.637551426888,0.0773488581181,1.35154557228,0.384159207344,0.374707490206,0.554038286209,-0.636441290379
0.63778424263,0.077403023839,1.35148656368,0.384509086609,0.375348895788,0.551966607571,-0.637651145458
0.638140261173,0.0774611458182,1.35136270523,0.384810984135,0.376890957355,0.547720313072,-0.6402156353
0.638392448425,0.0776434615254,1.35125696659,0.385060429573,0.378489166498,0.54553937912,-0.640984654427
0.638516545296,0.0773474127054,1.35133337975,0.385831207037,0.378236860037,0.543720543385,-0.642214298248
0.63867521286,0.0773218721151,1.35131037235,0.385649263859,0.378315478563,0.542784512043,-0.643068611622
0.638795614243,0.0776345357299,1.35121107101,0.386400550604,0.380132257938,0.539226353168,-0.64453792572
0.638955116272,0.0775846987963,1.35114753246,0.386446475983,0.380284279585,0.537195026875,-0.646114885807
0.639041662216,0.0775655731559,1.35118293762,0.386710345745,0.380514502525,0.535926759243,-0.646874368191
0.639205396175,0.0774686038494,1.35117769241,0.386701494455,0.380860477686,0.534657537937,-0.647725641727
0.639287054539,0.0774627476931,1.3511813879,0.38695666194,0.381223618984,0.533149421215,-0.648602366447
0.639338552952,0.0771175399423,1.35128104687,0.387348592281,0.38070756197,0.532238066196,-0.649419367313
0.639405071735,0.0770814493299,1.35128414631,0.387349665165,0.381125181913,0.530034661293,-0.650974035263
0.639713525772,0.0771329849958,1.35113692284,0.387721568346,0.38094112277,0.528887569904,-0.651792705059
0.639545977116,0.0770895257592,1.351308465,0.389585852623,0.380016118288,0.528450906277,-0.651575267315
0.638903677464,0.0769024193287,1.35162520409,0.387664407492,0.381202727556,0.528136968613,-0.652282297611
0.639966785908,0.0771702602506,1.35121059418,0.389927178621,0.379501760006,0.526613593102,-0.653156638145
0.640083730221,0.0770466774702,1.35096406937,0.389131397009,0.378501713276,0.526409268379,-0.654375135899
0.640068054199,0.0770401656628,1.35099923611,0.388923972845,0.378572016954,0.525889933109,-0.65487498045
0.638739585876,0.0769254714251,1.35180675983,0.386560231447,0.382771879435,0.523791432381,-0.655514717102
0.638596773148,0.0770805254579,1.35182464123,0.385425120592,0.382840007544,0.523700654507,-0.656215429306
0.638495445251,0.0770630314946,1.3518832922,0.384818702936,0.382679134607,0.52242654562,-0.657679200172
0.638388872147,0.0770060867071,1.35193800926,0.384188115597,0.382901400328,0.522103130817,-0.658175110817
0.638306736946,0.0769562348723,1.35197293758,0.383606910706,0.383020490408,0.521800816059,-0.658684372902
0.638205766678,0.0769278630614,1.35202085972,0.383117645979,0.38313126564,0.52154314518,-0.659108638763
0.63799649477,0.0769479870796,1.35208547115,0.382675170898,0.383218556643,0.521495103836,-0.659352779388
0.637827217579,0.0766024962068,1.35221326351,0.382540464401,0.382140874863,0.52284526825,-0.658987164497
0.637566626072,0.0764340013266,1.3522580862,0.381555259228,0.382342219353,0.522268772125,-0.659897863865
0.63737821579,0.076389580965,1.35228526592,0.380958288908,0.382455289364,0.522254109383,-0.660188853741
0.637271881104,0.0764067918062,1.35230898857,0.380350649357,0.382586747408,0.52181905508,-0.660806894302
0.637085258961,0.076489970088,1.35231971741,0.380014359951,0.382458984852,0.52162873745,-0.661224365234
0.63694101572,0.0764588564634,1.35230243206,0.379710137844,0.38256546855,0.522158443928,-0.660919487476
0.636850595474,0.0763828754425,1.3523004055,0.379162609577,0.382579684258,0.521548330784,-0.661706805229
0.636487782001,0.0762389153242,1.35234761238,0.378808110952,0.382228136063,0.522214472294,-0.66158747673
0.636412262917,0.0764535591006,1.35224187374,0.377695709467,0.382995069027,0.521685123444,-0.662197470665
0.636254608631,0.0764080435038,1.352252841,0.377034962177,0.383037775755,0.521869063377,-0.662404239178
0.63603669405,0.0766684263945,1.35217297077,0.376589387655,0.38335493207,0.521893441677,-0.662455141544
0.635958373547,0.0765595436096,1.35214674473,0.375851750374,0.383205443621,0.522131323814,-0.662772893906
0.635778784752,0.0765773653984,1.35212182999,0.375582128763,0.383019000292,0.522453129292,-0.662780046463
0.635477483273,0.0762618407607,1.35216665268,0.375114709139,0.382245868444,0.524236857891,-0.662082135677
0.635338425636,0.0762412026525,1.35211753845,0.374788492918,0.38236823678,0.523333668709,-0.662910282612
0.63515996933,0.0762481689453,1.35207128525,0.374531507492,0.382356584072,0.523974120617,-0.662556290627
0.634953916073,0.0763024315238,1.3519847393,0.374346494675,0.382165968418,0.52433359623,-0.662486314774
0.634863078594,0.0762041509151,1.35191392899,0.37381619215,0.382141053677,0.524436473846,-0.662718713284
0.634623408318,0.0761497691274,1.351806283,0.373425036669,0.382470011711,0.524200618267,-0.662936091423
0.634441375732,0.0761231407523,1.35170412064,0.373029142618,0.38244998455,0.524514198303,-0.66292232275
0.634199440479,0.0761312767863,1.35164391994,0.37285143137,0.382227808237,0.524953007698,-0.662803292274
0.634191274643,0.0760641694069,1.35157489777,0.371624588966,0.382916837931,0.524589538574,-0.663382053375
0.633811235428,0.0760105922818,1.35145926476,0.372169107199,0.381780475378,0.525772750378,-0.662794828415
0.633631527424,0.075851380825,1.35145270824,0.371930897236,0.381413787603,0.526291787624,-0.66272765398
0.633342921734,0.0757753774524,1.35136723518,0.371218085289,0.381643474102,0.526606023312,-0.662745594978
0.633153736591,0.0757295936346,1.35125458241,0.371322065592,0.381907820702,0.527774393559,-0.661604583263
0.633015155792,0.0756907388568,1.35122585297,0.37037140131,0.381605893373,0.527269244194,-0.662713527679
0.632830142975,0.0756679177284,1.35116755962,0.370090603828,0.381464123726,0.527707636356,-0.662602901459
0.632642090321,0.0756348595023,1.3510658741,0.37004634738,0.381419867277,0.528127014637,-0.662318885326
0.632464766502,0.075598821044,1.35100078583,0.369686156511,0.381249606609,0.52857786417,-0.662258565426
0.632180273533,0.0755211114883,1.35095369816,0.369071960449,0.381361395121,0.529074728489,-0.662140011787
0.632021546364,0.075674906373,1.35096383095,0.368615359068,0.381398886442,0.529355287552,-0.662148594856
0.631857573986,0.0756595507264,1.35094118118,0.368363410234,0.381350398064,0.529668629169,-0.662065982819
0.631695866585,0.075443983078,1.35094511509,0.367800742388,0.381161212921,0.530067563057,-0.662168502808
0.631527662277,0.0754591748118,1.35091912746,0.367757707834,0.38120675087,0.530772268772,-0.661601543427
0.631348967552,0.0754676759243,1.35084152222,0.367513567209,0.380938142538,0.531170189381,-0.66157245636
0.631122589111,0.0754423364997,1.35083389282,0.366860628128,0.380889117718,0.530982017517,-0.662114024162
0.630950808525,0.0754196196795,1.35081744194,0.366421759129,0.380908131599,0.531601250172,-0.661849081516
0.63085347414,0.075397759676,1.35084676743,0.365930140018,0.380782097578,0.532275140285,-0.661652028561
0.630761921406,0.0754914358258,1.35081827641,0.365454494953,0.380969375372,0.53226017952,-0.66181910038
0.63066971302,0.0754768252373,1.35081338882,0.364930391312,0.3806001544,0.532610476017,-0.662038683891
0.630564272404,0.075476102531,1.35080635548,0.364670932293,0.380486369133,0.532754123211,-0.662131667137
0.630481183529,0.0754765868187,1.35080468655,0.364328742027,0.38030180335,0.532869875431,-0.662332952023
0.630377531052,0.0753737688065,1.35082268715,0.364042580128,0.379697024822,0.533138692379,-0.662621021271
0.630301892757,0.0753633975983,1.35080385208,0.363672941923,0.379540294409,0.533110678196,-0.662936031818
0.630120635033,0.0753770023584,1.35079097748,0.363289117813,0.379440993071,0.533297657967,-0.663052976131
0.629988908768,0.0754003822803,1.35074830055,0.363057106733,0.379185140133,0.533466398716,-0.663190603256
0.629887580872,0.075359210372,1.35068631172,0.362514942884,0.379025429487,0.533514618874,-0.663539648056
0.629821062088,0.0753804147243,1.35066866875,0.362015485764,0.378643393517,0.534021317959,-0.66362285614
0.629753410816,0.0754195675254,1.3506718874,0.36194100976,0.378465861082,0.533966779709,-0.663808524609
0.62970662117,0.0754823312163,1.3506373167,0.361756294966,0.378414273262,0.533802866936,-0.664070487022
0.629631817341,0.0755344778299,1.35061740875,0.361645340919,0.378483712673,0.532822608948,-0.664877951145
0.62962692976,0.0755520313978,1.35065948963,0.361523002386,0.378739088774,0.532368063927,-0.66516327858
0.629574358463,0.0755807310343,1.3506462574,0.361297935247,0.378703802824,0.531539142132,-0.665968060493
0.629526376724,0.0756236761808,1.35064566135,0.361236274242,0.378855407238,0.531023979187,-0.666326105595
0.629487276077,0.075661458075,1.35063755512,0.361110061407,0.378868997097,0.530743479729,-0.666610360146
0.629449605942,0.0756935924292,1.35064220428,0.361066162586,0.378954261541,0.530410051346,-0.666850864887
0.629414975643,0.0757558643818,1.35063934326,0.361147016287,0.379133015871,0.530439436436,-0.666682243347
0.629384696484,0.0757831037045,1.35062789917,0.361112505198,0.379226565361,0.530007958412,-0.666990697384
0.629353046417,0.0758820325136,1.35063040257,0.361179530621,0.379403114319,0.529462993145,-0.667286932468
0.629323780537,0.075931712985,1.35061824322,0.361099600792,0.379640668631,0.528277158737,-0.668134272099
0.629330575466,0.0760075524449,1.35061466694,0.360943466425,0.379723906517,0.528841137886,-0.667725026608
0.629338979721,0.0760098919272,1.35059630871,0.360927373171,0.379927784204,0.528081059456,-0.668219029903
0.629338860512,0.0760089382529,1.35056293011,0.360982269049,0.380169659853,0.527479350567,-0.668527126312
0.629318416119,0.0760511308908,1.35052680969,0.361180186272,0.380443930626,0.526879906654,-0.668736755848
0.629291057587,0.0760672390461,1.3504781723,0.361485600471,0.380911141634,0.524822950363,-0.669922113419
0.629305541515,0.0761369690299,1.35038602352,0.361688971519,0.381100356579,0.524261593819,-0.670144379139
0.629289507866,0.0761838108301,1.35033941269,0.361852884293,0.381425946951,0.523595154285,-0.670391559601
0.62927621603,0.0762331113219,1.35029256344,0.362161129713,0.381758898497,0.523585677147,-0.670042932034
0.629182040691,0.0762560740113,1.35023641586,0.362284272909,0.382304817438,0.522952735424,-0.670159459114
0.629160225391,0.0763096883893,1.35018503666,0.362578779459,0.382738053799,0.522244095802,-0.670305430889
0.629134953022,0.0763594061136,1.35010635853,0.362597435713,0.382873266935,0.522350072861,-0.670135557652
0.629128396511,0.0764073207974,1.35006189346,0.362838447094,0.383241713047,0.52174270153,-0.670267522335
0.629146635532,0.0763653963804,1.35000789165,0.362902015448,0.383816719055,0.5208761096,-0.670578181744
0.629124701023,0.0764447003603,1.34995281696,0.363305091858,0.384448260069,0.518600523472,-0.671760797501
0.629139244556,0.0765058994293,1.34989380836,0.363755792379,0.384840369225,0.518599510193,-0.671292901039
0.629163563251,0.0765676274896,1.34983003139,0.363987356424,0.385049879551,0.518117189407,-0.671419739723
0.629182994366,0.0765528529882,1.34976780415,0.364414572716,0.385670006275,0.517301440239,-0.671461164951
0.629178822041,0.0765783786774,1.34972000122,0.364756733179,0.386071950197,0.516679227352,-0.6715233922
0.629182457924,0.0766189321876,1.3496876955,0.36490085721,0.386226058006,0.516729772091,-0.671317577362
0.629144489765,0.0767584890127,1.34965384007,0.365377992392,0.386649996042,0.516176760197,-0.671239495277
0.629140377045,0.0767942070961,1.34960114956,0.365610063076,0.386950045824,0.515619397163,-0.671368360519
0.629166424274,0.0768634900451,1.34952366352,0.366050094366,0.387459397316,0.513503968716,-0.672455430031
0.629156112671,0.0769019201398,1.34948539734,0.366422474384,0.387925118208,0.512813508511,-0.67251098156
0.629130780697,0.0769292712212,1.3494412899,0.366422921419,0.388051778078,0.512331962585,-0.67280459404
0.629116952419,0.0769730955362,1.34941899776,0.366623431444,0.38835439086,0.511856019497,-0.672883033752
0.629077732563,0.0769914761186,1.34938538074,0.366782188416,0.388598352671,0.511556208134,-0.672883808613
0.629029989243,0.07702678442,1.34934329987,0.36700963974,0.388973534107,0.511205434799,-0.672809481621
0.628987908363,0.0770475417376,1.34931230545,0.36717236042,0.38928565383,0.510941267014,-0.672740995884
0.628940522671,0.0770623832941,1.34930300713,0.367243558168,0.389545410872,0.510760068893,-0.672689139843
0.628853440285,0.0770698562264,1.34930479527,0.367222905159,0.38984388113,0.510622382164,-0.672632038593
0.628781557083,0.0770911574364,1.34930360317,0.367208063602,0.390091955662,0.510627567768,-0.672492325306
0.628697872162,0.0770998448133,1.34931385517,0.366690516472,0.389865100384,0.511389136314,-0.672327637672
0.628597676754,0.0771120935678,1.34933507442,0.366611421108,0.390065908432,0.511959135532,-0.671820223331
0.628417789936,0.0770859643817,1.34935188293,0.366228789091,0.390316724777,0.512717366219,-0.671304881573
0.628284573555,0.0770827457309,1.34937667847,0.365792930126,0.390338093042,0.513176381588,-0.671179413795
0.628162264824,0.0770598649979,1.349370718,0.365329444408,0.390075147152,0.513767540455,-0.671132385731
0.628068625927,0.0770706385374,1.34937274456,0.364713907242,0.38977137208,0.514356613159,-0.671192526817
0.627990067005,0.0770498812199,1.34946238995,0.363759934902,0.389178574085,0.515209496021,-0.671399950981
0.62793391943,0.0770674645901,1.34957957268,0.362927377224,0.388997972012,0.515695393085,-0.671582102776
0.627851843834,0.0770474821329,1.34967458248,0.362084537745,0.388363748789,0.516432106495,-0.67183804512
0.627750635147,0.0770606398582,1.34980511665,0.360995441675,0.387808203697,0.517185151577,-0.672165632248
0.627694129944,0.0769852176309,1.34991562366,0.360187292099,0.387034147978,0.518148303032,-0.672303617001
0.627672672272,0.0770115032792,1.35006260872,0.35933560133,0.386303961277,0.519017457962,-0.672508776188
0.627659440041,0.077024564147,1.35019040108,0.358468562365,0.38554161787,0.51955550909,-0.67299336195
0.627708792686,0.0770712718368,1.35036826134,0.357583880424,0.384627938271,0.520263850689,-0.673439562321
0.627663910389,0.0771939307451,1.35052394867,0.356824398041,0.383731096983,0.520801186562,-0.673938453197
0.627694785595,0.0772191137075,1.35064649582,0.355865716934,0.38297188282,0.521356105804,-0.674448013306
0.62773925066,0.0772385969758,1.35075771809,0.355020582676,0.382220298052,0.521797478199,-0.674978077412
0.627783000469,0.0772629082203,1.35085785389,0.353964418173,0.381379038095,0.521760821342,-0.67603623867
0.627817451954,0.0772743299603,1.35099875927,0.352914065123,0.380619347095,0.522145092487,-0.676716387272
0.627861559391,0.0773661807179,1.35109734535,0.352236062288,0.380054205656,0.522238314152,-0.677315175533
0.627957046032,0.0773873925209,1.35120213032,0.35139349103,0.379640907049,0.521492779255,-0.678558051586
0.627938091755,0.0773988366127,1.35136592388,0.350353449583,0.379067897797,0.521629691124,-0.679310321808
0.628009200096,0.0774298980832,1.35143995285,0.350205868483,0.379128605127,0.520469307899,-0.68024200201
0.628054320812,0.0774666294456,1.35149824619,0.34949567914,0.37874814868,0.519805967808,-0.681325435638
0.628109812737,0.0775136873126,1.3515433073,0.34920284152,0.378686010838,0.518684208393,-0.682364284992
0.628148078918,0.0775371864438,1.35157155991,0.348561912775,0.378578454256,0.517717242241,-0.683485209942
0.628165721893,0.0775526016951,1.35160803795,0.348039925098,0.378623843193,0.51618206501,-0.684885680676
0.628172516823,0.0775946080685,1.35163414478,0.346711248159,0.378226935863,0.515690624714,-0.686147868633
0.628172516823,0.0775946080685,1.35163414478,0.346711248159,0.378226935863,0.515690624714,-0.686147868633
0.628234803677,0.0776417776942,1.35169649124,0.345888972282,0.378843158484,0.511570215225,-0.689300000668
0.628263831139,0.0776575133204,1.35171675682,0.345515012741,0.3793361485,0.50917828083,-0.690985441208
0.628296732903,0.0777276009321,1.35173296928,0.345311820507,0.379848569632,0.506380319595,-0.69285929203
0.628351569176,0.0777595043182,1.3517537117,0.345335990191,0.380505979061,0.503266394138,-0.694752633572
0.628404140472,0.0777824819088,1.35177028179,0.345627129078,0.381469786167,0.49945756793,-0.696824908257
0.628456413746,0.077758230269,1.35177075863,0.345767855644,0.382512688637,0.495419114828,-0.699062585831
0.628515839577,0.0778051167727,1.35179483891,0.345653384924,0.383995980024,0.491639077663,-0.700972080231
0.628540575504,0.0778148323298,1.35180830956,0.345448315144,0.384707868099,0.487709283829,-0.703423857689
0.628597199917,0.0779298990965,1.35188615322,0.345923542976,0.386336535215,0.482292383909,-0.706027686596
0.628598570824,0.0781024247408,1.35177230835,0.34542325139,0.388446718454,0.477137088776,-0.708612918854
0.628581464291,0.0781210511923,1.35179126263,0.34465444088,0.389540284872,0.473050475121,-0.711122274399
0.628557503223,0.0781193971634,1.35181725025,0.343572050333,0.390685468912,0.468934297562,-0.713739275932
0.62851446867,0.0781085267663,1.35183906555,0.342612296343,0.391986012459,0.464417517185,-0.716435730457
0.628441870213,0.0777677074075,1.35193789005,0.342358887196,0.392712414265,0.460045516491,-0.718975305557
0.628262639046,0.0777348130941,1.3519141674,0.340980052948,0.393951058388,0.45569011569,-0.721721410751
0.628145396709,0.0777022689581,1.3519474268,0.339991748333,0.395950853825,0.449439376593,-0.725005447865
0.628052055836,0.0776639655232,1.35202980042,0.339111745358,0.39770373702,0.443678408861,-0.728000342846
0.627946615219,0.0775998234749,1.35206460953,0.337937057018,0.399068415165,0.438115358353,-0.731162071228
0.627751886845,0.0775400027633,1.35210335255,0.336870193481,0.400961577892,0.431820034981,-0.734356760979
0.62762850523,0.0775173008442,1.352170825,0.34234637022,0.400722444057,0.414922595024,-0.741660058498
0.627574026585,0.0774536803365,1.35230278969,0.340531885624,0.401443988085,0.407796263695,-0.746044933796
0.627333283424,0.0776438862085,1.35235965252,0.338946402073,0.402930557728,0.400090396404,-0.750126600266
0.627147614956,0.0772746726871,1.35253798962,0.338077813387,0.402853041887,0.393228679895,-0.754177689552
0.627040266991,0.0771909207106,1.35273575783,0.336639910936,0.403445333242,0.384905695915,-0.758783936501
0.626937866211,0.0771373212337,1.35288417339,0.335435122252,0.4038618505,0.376764535904,-0.763169288635
0.626847088337,0.0770823955536,1.35305523872,0.334181845188,0.404128104448,0.368402332067,-0.767647504807
0.626657187939,0.0769758969545,1.35332071781,0.324256688356,0.415550798178,0.365589469671,-0.76715028286
0.626614570618,0.0769213065505,1.3535066843,0.348617047071,0.400923550129,0.320551037788,-0.784202456474
0.626493871212,0.0767985135317,1.35366010666,0.346625506878,0.400139987469,0.312377661467,-0.78877055645
0.626336991787,0.076720148325,1.35384726524,0.344352841377,0.399381667376,0.304249078035,-0.793314516544
0.626133143902,0.0766134560108,1.35404825211,0.34173694253,0.398216307163,0.296216338873,-0.798057377338
0.625704467297,0.0764392390847,1.3543254137,0.338725924492,0.397635370493,0.288441359997,-0.802466452122
0.625492095947,0.0762996375561,1.35449433327,0.336249530315,0.396426737309,0.281114697456,-0.806694865227
0.625209212303,0.076210796833,1.35458946228,0.333673238754,0.395169258118,0.273915529251,-0.810847580433
0.62497907877,0.0760644823313,1.35477781296,0.330883353949,0.394073098898,0.266656666994,-0.814933657646
0.624527335167,0.0757954195142,1.35498583317,0.327737480402,0.393305122852,0.259952485561,-0.818733155727
0.62409222126,0.0755785703659,1.35521662235,0.325061500072,0.39247995615,0.253978043795,-0.82206428051
0.623788774014,0.0753873512149,1.35537755489,0.32233518362,0.391179919243,0.247341424227,-0.825772702694
0.624125599861,0.0754641219974,1.35483360291,0.321395069361,0.387956291437,0.241192862391,-0.829470396042
0.623793423176,0.0753010064363,1.35497927666,0.318837881088,0.386889249086,0.235238954425,-0.832659482956
0.622659146786,0.0749240964651,1.35572946072,0.313430964947,0.388779073954,0.227963685989,-0.835849583149
0.622237026691,0.0746898427606,1.3558204174,0.309662878513,0.389510601759,0.225355908275,-0.837618708611
0.622518360615,0.0747049897909,1.35566580296,0.308348089457,0.386793076992,0.219223380089,-0.840983808041
0.62216925621,0.0748560652137,1.3556573391,0.305512577295,0.38550889492,0.212694749236,-0.844278395176
0.621878027916,0.0746929049492,1.35582196712,0.303290367126,0.3831833601,0.205569371581,-0.847895503044
0.621574521065,0.0745349153876,1.35591423512,0.300187975168,0.38348710537,0.20277915895,-0.849532485008
0.620283424854,0.0738962739706,1.35646307468,0.295496702194,0.384313046932,0.19850449264,-0.851810574532
0.620105087757,0.0734579637647,1.35668623447,0.294911950827,0.381050735712,0.193800404668,-0.854557693005
0.61878067255,0.0724291875958,1.35650002956,0.289824604988,0.380756765604,0.191442728043,-0.856957256794
0.618507087231,0.0722567737103,1.35661244392,0.287647902966,0.37985855341,0.187119290233,-0.859041690826
0.618239939213,0.0721134394407,1.35671985149,0.285377383232,0.378592282534,0.183139398694,-0.861212909222
0.617977917194,0.0720338374376,1.35684263706,0.283137202263,0.377010345459,0.179416492581,-0.863427042961
0.617810130119,0.0721990615129,1.35690236092,0.279899120331,0.376140236855,0.175312355161,-0.865702331066
0.617645978928,0.0718046426773,1.35717308521,0.278789043427,0.374243050814,0.17301094532,-0.867344260216
0.61746430397,0.0716852322221,1.35729634762,0.277031391859,0.373074144125,0.169724941254,-0.869058609009
0.617368638515,0.0715761780739,1.35748362541,0.275351017714,0.371778309345,0.166790515184,-0.870714485645
0.617237091064,0.0714742094278,1.35765469074,0.276214778423,0.373369514942,0.166600570083,-0.86979585886
0.617066323757,0.0713912919164,1.35783946514,0.274828761816,0.37283372879,0.164091899991,-0.870940923691
0.616913318634,0.0712982267141,1.3579146862,0.273339450359,0.371967405081,0.161076709628,-0.872341752052
0.616785883904,0.0711600854993,1.35809791088,0.272433012724,0.371432095766,0.158813551068,-0.873267829418
0.61669498682,0.071087539196,1.35821664333,0.271694153547,0.370986998081,0.156906247139,-0.874031662941
0.616678893566,0.0709830671549,1.35833418369,0.270582765341,0.370169490576,0.154344424605,-0.875178456306
0.616599738598,0.0709905922413,1.35841715336,0.269796729088,0.369619637728,0.152405738831,-0.875992894173
0.615762174129,0.0708107203245,1.35772049427,0.26772865653,0.368827521801,0.150021567941,-0.877371788025
0.6157335639,0.0708801746368,1.3577927351,0.266982406378,0.368485361338,0.148147284985,-0.878061115742
0.615759968758,0.0708131417632,1.35781741142,0.266083538532,0.367987275124,0.146569535136,-0.87880730629
0.617686092854,0.0715925693512,1.35913705826,0.269166171551,0.366252064705,0.143726468086,-0.879063010216
0.615846931934,0.07069863379,1.35796678066,0.265060633421,0.366625517607,0.143534839153,-0.880185425282
0.615969061852,0.0706556886435,1.35805380344,0.264967083931,0.366320818663,0.1426730901,-0.880480587482
0.616169810295,0.0705425515771,1.35820114613,0.264766395092,0.366134911776,0.141987010837,-0.880729079247
0.616398990154,0.0705497562885,1.35830116272,0.264895111322,0.366094738245,0.141676858068,-0.880757033825
0.616709411144,0.070532143116,1.35838758945,0.265126109123,0.365903645754,0.141667827964,-0.880768358707
0.61702299118,0.0707060918212,1.35843062401,0.264768213034,0.366488158703,0.141358658671,-0.880682706833
0.617266058922,0.0708769261837,1.35849571228,0.265171080828,0.366743028164,0.141672208905,-0.880404949188
0.617603898048,0.0706132277846,1.35860395432,0.266911298037,0.366440117359,0.143737539649,-0.879670202732
0.618015110493,0.070517539978,1.35858178139,0.267433345318,0.36641740799,0.145123913884,-0.879293382168
0.620211064816,0.0712828189135,1.35979664326,0.271422564983,0.365764945745,0.146173268557,-0.878168106079
0.620902299881,0.0716344341636,1.35967648029,0.272767603397,0.365306079388,0.147111877799,-0.877785503864
0.621425688267,0.0717003792524,1.35957717896,0.273732364178,0.364926040173,0.149035736918,-0.877318620682
