x,y,z,q0,q1,q2,q3
0.593397736549,-0.175868287683,1.35074841976,-0.0570600144565,-0.0897371917963,0.612231552601,-0.783494651318
0.593398749828,-0.176012784243,1.35095334053,-0.0584810115397,-0.0876638144255,0.612793982029,-0.783184885979
0.593134462833,-0.176080733538,1.35108828545,-0.0582754276693,-0.0872725173831,0.613495051861,-0.782694995403
0.592891931534,-0.176162704825,1.35118126869,-0.058364957571,-0.0868060961366,0.614276587963,-0.782126963139
0.5925578475,-0.17607113719,1.35125422478,-0.058632157743,-0.086298391223,0.615146458149,-0.781479179859
0.592320263386,-0.175968796015,1.35143065453,-0.05868614465,-0.0856443718076,0.61585277319,-0.780990540981
0.592034995556,-0.175814047456,1.35140657425,-0.0592495538294,-0.085183955729,0.616631269455,-0.780383884907
0.591752886772,-0.175505265594,1.35120403767,-0.0571545548737,-0.0816819369793,0.61877310276,-0.779218375683
0.591449797153,-0.175389334559,1.35156297684,-0.0594823136926,-0.084109172225,0.618229091167,-0.779217839241
0.591110348701,-0.17516027391,1.35153019428,-0.0599549412727,-0.0833563730121,0.619020223618,-0.778634130955
0.590817630291,-0.17483907938,1.35158097744,-0.0599973350763,-0.0825556665659,0.619851887226,-0.778054356575
0.590575158596,-0.174477234483,1.35162866116,-0.0600317046046,-0.0816084071994,0.620752036572,-0.777433693409
0.590308368206,-0.174120932817,1.35169410706,-0.0602628737688,-0.0808745995164,0.621536612511,-0.77686548233
0.589981019497,-0.173690721393,1.35176205635,-0.0603269599378,-0.0800862386823,0.622470676899,-0.776193976402
0.589737713337,-0.173153236508,1.35175895691,-0.0603715293109,-0.079152315855,0.623272836208,-0.775642514229
0.589457631111,-0.172646224499,1.35183119774,-0.0601228624582,-0.0784960985184,0.624080836773,-0.77507853508
0.589176297188,-0.172115981579,1.35186755657,-0.0600251890719,-0.0776534676552,0.624909162521,-0.774503469467
0.589108169079,-0.171382397413,1.35164248943,-0.0580664388835,-0.0746103301644,0.627515852451,-0.772842407227
0.588828623295,-0.170679271221,1.35168159008,-0.0579273961484,-0.0736814513803,0.628532528877,-0.772115588188
0.588572740555,-0.170090705156,1.3517999649,-0.057178132236,-0.0726713836193,0.629508793354,-0.771471560001
0.588348686695,-0.169294446707,1.35181701183,-0.0571150481701,-0.0717172771692,0.630211770535,-0.770991384983
0.588143706322,-0.168503910303,1.35182273388,-0.0569467358291,-0.0706521272659,0.631014883518,-0.770445048809
0.587833762169,-0.167657747865,1.3518242836,-0.0567514635623,-0.0698367357254,0.632093727589,-0.769648969173
0.587518513203,-0.166878476739,1.35204327106,-0.0586871095002,-0.0708787962794,0.631196439266,-0.770144879818
0.586764216423,-0.16606412828,1.35185027122,-0.057846378535,-0.0670732706785,0.628416180611,-0.772818207741
0.586664915085,-0.16490572691,1.35182762146,-0.0566729158163,-0.0709909200668,0.633500218391,-0.76839184761
0.586504399776,-0.163758248091,1.35169529915,-0.0544010326266,-0.067643456161,0.63646697998,-0.766403734684
0.586144924164,-0.162790179253,1.35189592838,-0.0559726208448,-0.0692881345749,0.635624587536,-0.766842603683
0.585987448692,-0.161644518375,1.35190272331,-0.0558643862605,-0.0685790702701,0.636613368988,-0.766093730927
0.585654675961,-0.16069996357,1.35200190544,-0.0557543821633,-0.0674174651504,0.637746155262,-0.765262246132
0.584362149239,-0.159340932965,1.35225510597,-0.0518708787858,-0.0652260407805,0.635851860046,-0.767298817635
0.584391951561,-0.157995969057,1.35175132751,-0.054152045399,-0.0643034204841,0.636372685432,-0.766787052155
0.585109174252,-0.156983852386,1.35224747658,-0.0549554266036,-0.0653193965554,0.640663504601,-0.763062059879
0.584761023521,-0.155891373754,1.35223329067,-0.05475410074,-0.0642807483673,0.640415072441,-0.763373196125
0.584626734257,-0.154429510236,1.35247695446,-0.054549369961,-0.0641093403101,0.642785608768,-0.761407315731
0.583850264549,-0.153240785003,1.35224986076,-0.0539315678179,-0.0602822527289,0.640474796295,-0.763707756996
0.583741605282,-0.151785373688,1.35241293907,-0.0539222471416,-0.0592910982668,0.641247093678,-0.763137757778
0.584047973156,-0.150115251541,1.35253429413,-0.0521463602781,-0.0597136765718,0.648267865181,-0.75727391243
0.583749175072,-0.148833364248,1.35293793678,-0.0539668463171,-0.0611304044724,0.647213637829,-0.757934808731
0.583598196507,-0.147341400385,1.3529510498,-0.0539698638022,-0.0606357268989,0.648080825806,-0.757233023643
0.583351075649,-0.145844131708,1.35310065746,-0.0538897141814,-0.0598292648792,0.649242520332,-0.756307244301
0.583309412003,-0.144377455115,1.35312414169,-0.0543445423245,-0.0590735115111,0.650002598763,-0.755680978298
0.582903623581,-0.142741858959,1.35321772099,-0.0542471222579,-0.0585863925517,0.651398777962,-0.754522740841
0.582702100277,-0.141110509634,1.35331249237,-0.0545411258936,-0.0580869019032,0.652431547642,-0.753647387028
0.582443356514,-0.139506936073,1.35337650776,-0.0545626692474,-0.0575664900243,0.653692662716,-0.752592146397
0.582537472248,-0.13788536191,1.35376560688,-0.0556558929384,-0.0550195761025,0.65450578928,-0.751995742321
0.58203625679,-0.135950267315,1.35344159603,-0.0551786758006,-0.0562494695187,0.656100273132,-0.750548958778
0.581210374832,-0.134322062135,1.35381031036,-0.0535623282194,-0.0563292019069,0.658412277699,-0.748633086681
0.582073271275,-0.132349655032,1.3535964489,-0.0542348921299,-0.0514121726155,0.659980714321,-0.747556746006
0.581818699837,-0.130748108029,1.35400891304,-0.0558909326792,-0.0529556982219,0.659265220165,-0.747958004475
0.580289125443,-0.128771826625,1.35402822495,-0.0549568235874,-0.053711425513,0.662939727306,-0.74471861124
0.580401301384,-0.12725327909,1.35439443588,-0.0509455651045,-0.0504456497729,0.66614574194,-0.742367625237
0.580249667168,-0.125821232796,1.35518038273,-0.0514366924763,-0.0521556586027,0.665256619453,-0.743012607098
0.580077767372,-0.123819574714,1.35518503189,-0.0520178899169,-0.0516489073634,0.666802227497,-0.741620719433
0.579962670803,-0.121689513326,1.35519897938,-0.0523341782391,-0.0514297895133,0.668271422386,-0.740290105343
0.579819500446,-0.119841046631,1.35525965691,-0.0527306385338,-0.0506971329451,0.669699251652,-0.73902118206
0.57978528738,-0.117540732026,1.35506534576,-0.0542711652815,-0.0497877039015,0.671119332314,-0.737682044506
0.579721331596,-0.115350745618,1.35503959656,-0.0545741431415,-0.0489553511143,0.673023283482,-0.735978841782
0.579519152641,-0.113143756986,1.35514187813,-0.054394043982,-0.048387568444,0.674610078335,-0.734575629234
0.579064667225,-0.110845834017,1.35521817207,-0.0532780624926,-0.0489521697164,0.676688551903,-0.732705891132
0.579997599125,-0.10856552422,1.35486257076,-0.0566359870136,-0.0463976040483,0.676754295826,-0.73255944252
0.579959392548,-0.106230676174,1.35494637489,-0.0563988164067,-0.0458258092403,0.678382098675,-0.731106638908
0.579832792282,-0.104036845267,1.35494661331,-0.0564611069858,-0.0450396239758,0.68012881279,-0.729526162148
0.579650402069,-0.101837791502,1.35486555099,-0.0563241094351,-0.0444599315524,0.682388007641,-0.727459728718
0.579631090164,-0.0994378551841,1.35490643978,-0.0563070327044,-0.0436821766198,0.684093356133,-0.725904583931
0.579602181911,-0.0969883054495,1.35464429855,-0.0532290786505,-0.0398210249841,0.687359750271,-0.72326862812
0.579379439354,-0.0948000252247,1.35490107536,-0.0557906106114,-0.0418480858207,0.688132107258,-0.722226083279
0.579430341721,-0.0925617516041,1.35494053364,-0.0550084374845,-0.0410555303097,0.689957797527,-0.720587849617
0.579404592514,-0.0901908576488,1.35502719879,-0.0542307309806,-0.0402201488614,0.692062199116,-0.718673288822
0.579257488251,-0.0879555046558,1.35497379303,-0.0542139597237,-0.0391321182251,0.694168865681,-0.716700136662
0.579249441624,-0.0854780599475,1.35490131378,-0.0534920804203,-0.0379325374961,0.696473002434,-0.714580357075
0.578900396824,-0.0832268372178,1.35518550873,-0.0517901740968,-0.0371393784881,0.698943376541,-0.712331712246
0.579172432423,-0.0806120932102,1.35490906239,-0.0526230596006,-0.0356235392392,0.700522959232,-0.71079492569
0.579296827316,-0.0780306085944,1.35466313362,-0.0496739521623,-0.0320103690028,0.704673409462,-0.70706653595
0.579014420509,-0.0758821964264,1.35487890244,-0.0513135269284,-0.0331667624414,0.705079972744,-0.706490814686
0.578879654408,-0.0735106319189,1.35515415668,-0.0493698194623,-0.0319855846465,0.707583963871,-0.704176545143
0.579221487045,-0.0706800967455,1.35450470448,-0.0482750758529,-0.0287415701896,0.711242973804,-0.700697481632
0.578608572483,-0.0682966709137,1.35491895676,-0.0481894053519,-0.0305608212948,0.712434828281,-0.699414372444
0.579069852829,-0.065875671804,1.35469925404,-0.04930889979,-0.0283259879798,0.714381456375,-0.697441995144
0.578742146492,-0.0633897930384,1.35457062721,-0.0484902188182,-0.0277563985437,0.716843187809,-0.694992244244
0.578596115112,-0.0607763826847,1.35445463657,-0.0442661382258,-0.0237079616636,0.720895707607,-0.691222012043
0.578099489212,-0.0586646087468,1.35452616215,-0.0452218428254,-0.0230973921716,0.717977941036,-0.694211125374
0.578386545181,-0.0557174906135,1.35413837433,-0.0419788956642,-0.0229322165251,0.725595057011,-0.686457455158
0.578512609005,-0.0534134991467,1.35458564758,-0.0450640060008,-0.0225227177143,0.726358830929,-0.685466885567
0.578095495701,-0.0509874038398,1.35427451134,-0.0394026525319,-0.0202595125884,0.73047721386,-0.681498527527
0.578056514263,-0.0485639125109,1.35414814949,-0.0433114431798,-0.0209441166371,0.731181681156,-0.680484414101
0.57819288969,-0.045820273459,1.35376954079,-0.0439040288329,-0.0194260906428,0.733039677143,-0.678489506245
0.578311443329,-0.0431667976081,1.35361301899,-0.0392734520137,-0.0152203850448,0.73656898737,-0.675049722195
0.577896416187,-0.0409360490739,1.35382091999,-0.0416994094849,-0.0163209121674,0.737467050552,-0.673897027969
0.577829480171,-0.0383917316794,1.35347914696,-0.0416716225445,-0.0146976187825,0.73989456892,-0.671270132065
0.578111827374,-0.0355946533382,1.35331320763,-0.0414248257875,-0.0134062068537,0.741154372692,-0.669921338558
0.577826619148,-0.0332823581994,1.35336852074,-0.0408737808466,-0.0118358666077,0.743606030941,-0.667262494564
0.577963650227,-0.0305582582951,1.35322701931,-0.0392286106944,-0.00986280757934,0.745365023613,-0.66542828083
0.577713906765,-0.0280768051744,1.3533564806,-0.0380264334381,-0.00933202728629,0.747364163399,-0.663260042667
0.577590465546,-0.0254520624876,1.35315644741,-0.0370423942804,-0.00680086016655,0.749097824097,-0.661388039589
0.577171981335,-0.0231448635459,1.35309445858,-0.0360345840454,-0.00445494940504,0.751720845699,-0.658481180668
0.57739084959,-0.0201996713877,1.35279178619,-0.0358398146927,-0.00295197684318,0.75295907259,-0.657084107399
0.577247142792,-0.0175594389439,1.35264730453,-0.0351205095649,-0.000726418220438,0.754402339458,-0.655471742153
0.577084779739,-0.0149501673877,1.3524916172,-0.0343732945621,0.00116618303582,0.755970656872,-0.653701305389
0.576753556728,-0.0124089121819,1.35251414776,-0.0331144034863,0.00305222836323,0.757549166679,-0.651930451393
0.576721847057,-0.00969434529543,1.35238194466,-0.0321832560003,0.00494051445276,0.758781850338,-0.650530695915
0.576549112797,-0.00708147510886,1.35211932659,-0.0321018397808,0.0071450159885,0.760107219219,-0.648964822292
0.576266407967,-0.00457452982664,1.35199522972,-0.0311209168285,0.00909606553614,0.761355698109,-0.647523224354
0.576218008995,-0.00197469443083,1.35193395615,-0.0299666374922,0.0107714841142,0.762345850468,-0.646385908127
0.575852632523,0.000843353569508,1.35174357891,-0.0297749321908,0.0128839723766,0.763806402683,-0.644629538059
0.575709879398,0.0032362267375,1.35152697563,-0.0288745909929,0.0144065683708,0.764779627323,-0.64348334074
0.575619518757,0.00581787526608,1.35134863853,-0.0285782460123,0.0163431912661,0.765667676926,-0.642393350601
0.575490117073,0.00841289758682,1.35131132603,-0.027594903484,0.0182556472719,0.766432225704,-0.641472578049
0.575210869312,0.0108991004527,1.35119247437,-0.0265474580228,0.0199531335384,0.767581284046,-0.640090763569
0.575019538403,0.0133860446513,1.35108220577,-0.0261170361191,0.022076593712,0.768135786057,-0.63937318325
0.575024366379,0.0161028131843,1.35084497929,-0.0255088042468,0.0239173285663,0.768689990044,-0.63866508007
0.574500739574,0.0184965580702,1.35050475597,-0.0252428501844,0.025554805994,0.769419670105,-0.637732863426
0.574481248856,0.0210269540548,1.35047721863,-0.0244063194841,0.0271921232343,0.769709944725,-0.637347280979
0.574169039726,0.0235441215336,1.35027205944,-0.0240083727986,0.0291590541601,0.770355224609,-0.636495232582
0.573980510235,0.0258388705552,1.3501251936,-0.0229667555541,0.030525598675,0.770779252052,-0.635956048965
0.573760390282,0.0280318707228,1.35003483295,-0.0222788993269,0.0323932655156,0.771013855934,-0.63560372591
0.573735058308,0.0302985608578,1.34993839264,-0.021913619712,0.0342551246285,0.770915687084,-0.635637760162
0.573652982712,0.0327199921012,1.3498301506,-0.0208901483566,0.0359342433512,0.771134316921,-0.635314285755
0.57306522131,0.0351837351918,1.34945452213,-0.0211536195129,0.0376547239721,0.771946966648,-0.634218096733
0.573076307774,0.0370123758912,1.34961986542,-0.0195952169597,0.0391715355217,0.77151632309,-0.634700238705
0.572915613651,0.0394746884704,1.34938073158,-0.0196884274483,0.0397218875587,0.772237539291,-0.633785247803
0.572781741619,0.0414228439331,1.34944045544,-0.0184955820441,0.0417208001018,0.771820664406,-0.634200334549
0.572514414787,0.0439087636769,1.34903931618,-0.0186584815383,0.0432021543384,0.772079765797,-0.633781135082
0.5722874403,0.0460382625461,1.3488574028,-0.0173815563321,0.0454462654889,0.771726489067,-0.634090602398
0.57207351923,0.0480440668762,1.34875166416,-0.0168210417032,0.0469081588089,0.771620810032,-0.634127736092
0.571916639805,0.0500233918428,1.34879016876,-0.0161421783268,0.0475092530251,0.771809875965,-0.633870542049
0.571723341942,0.0520456656814,1.34867310524,-0.0152121679857,0.0492454282939,0.771709382534,-0.633883416653
0.57167673111,0.0541682876647,1.34855675697,-0.0145862363279,0.0505356788635,0.771487474442,-0.634066581726
0.571313798428,0.0559611469507,1.34838914871,-0.0131825013086,0.0526230186224,0.771016955376,-0.63449972868
0.571245312691,0.0576055794954,1.34847164154,-0.0108242854476,0.0548288039863,0.770048379898,-0.635532915592
0.571158051491,0.0597914010286,1.34822511673,-0.0113981971517,0.0560568645597,0.770348608494,-0.635051727295
0.571080386639,0.0615247115493,1.34822750092,-0.0105589665473,0.05659648031,0.770213723183,-0.635182023048
0.570983171463,0.0636110529304,1.34759604931,-0.00674127880484,0.0617956146598,0.770524859428,-0.634371697903
0.57069170475,0.065247386694,1.34774804115,-0.00826345942914,0.0605980269611,0.769271552563,-0.635988235474
0.570564568043,0.0670181810856,1.34771299362,-0.00794722139835,0.0611374489963,0.769390940666,-0.635796129704
0.570172727108,0.0688421502709,1.3471776247,-0.00446155946702,0.0660005286336,0.770414292812,-0.634102404118
0.569960355759,0.0702694281936,1.34736061096,-0.00599121814594,0.0646719485521,0.769026815891,-0.635908424854
0.569840729237,0.0719650685787,1.34701669216,-0.00338153773919,0.067442253232,0.765454649925,-0.63993704319
0.570214211941,0.0738615766168,1.34684407711,-0.00149934075307,0.0689541846514,0.769086420536,-0.635412633419
0.570132553577,0.0754739716649,1.34672641754,-0.000376052834326,0.0699732899666,0.768763124943,-0.635694026947
0.56944334507,0.076762124896,1.34679996967,-0.00262926402502,0.0689218789339,0.768002212048,-0.636722624302
0.569557487965,0.0784141495824,1.34693932533,-0.00221401359886,0.0681694671512,0.768338084221,-0.636399745941
0.569409430027,0.0798064768314,1.34635162354,0.00201150076464,0.0734983533621,0.768230855465,-0.635936617851
0.569564759731,0.0814617648721,1.34619724751,0.00316601828672,0.0742187350988,0.767757773399,-0.636419534683
0.569386899471,0.0828224420547,1.34631288052,0.00134002708364,0.0725431367755,0.766230821609,-0.638455927372
0.569432854652,0.0843597203493,1.34586417675,0.00437040906399,0.0760977044702,0.766856789589,-0.637275993824
0.569063365459,0.085691049695,1.34600293636,0.00256675691344,0.0742619857192,0.765872955322,-0.638684034348
0.569030582905,0.0869999825954,1.34566497803,0.00547160208225,0.076763741672,0.762108027935,-0.64285993576
0.568976104259,0.088200725615,1.34552419186,0.00649952655658,0.0775724649429,0.761780202389,-0.643141746521
0.569428384304,0.0898131504655,1.34524691105,0.00793306063861,0.0791407823563,0.765225231647,-0.638830184937
0.569219231606,0.0907344073057,1.34542822838,0.00618912931532,0.0771995857358,0.76380944252,-0.64077848196
0.568646907806,0.0918175727129,1.34502851963,0.00882609281689,0.0799620971084,0.760678052902,-0.644125163555
0.569098472595,0.093287229538,1.34503340721,0.00774899031967,0.0784529596567,0.763235747814,-0.64129281044
0.569028615952,0.0944202393293,1.34490263462,0.00834532361478,0.0791406556964,0.76304513216,-0.641427457333
0.568972945213,0.0955231189728,1.34474241734,0.00885874126107,0.0797671675682,0.762529373169,-0.641956150532
0.56857997179,0.0964858531952,1.34434294701,0.0110212173313,0.0823186859488,0.759318590164,-0.645397245884
0.568603694439,0.0973329097033,1.34425878525,0.0120828542858,0.0827347710729,0.758797585964,-0.645937502384
0.568704843521,0.0984365865588,1.34432327747,0.0112120192498,0.0812874659896,0.761606395245,-0.642823815346
0.568672597408,0.0994220897555,1.34415602684,0.0118183661252,0.0817388743162,0.76123970747,-0.643189907074
0.568512439728,0.10029001534,1.34418141842,0.0117406137288,0.0836646854877,0.760819971561,-0.643440306187
0.568734049797,0.101344153285,1.343572855,0.0153003176674,0.0859172344208,0.76120954752,-0.642607331276
0.568607926369,0.102143168449,1.34350204468,0.016021611169,0.086291603744,0.760956287384,-0.642839550972
0.568586528301,0.10308059305,1.3434060812,0.0167106725276,0.086206279695,0.760708808899,-0.643126130104
0.568398833275,0.103763587773,1.34351336956,0.0146340513602,0.0837450474501,0.759413659573,-0.645029902458
0.568039059639,0.10443688184,1.34313941002,0.0166257359087,0.0861706510186,0.756619572639,-0.647939145565
0.567942380905,0.105175346136,1.34298753738,0.0171245988458,0.086277641356,0.756319701672,-0.648262023926
0.567896425724,0.105826318264,1.34289717674,0.0175151024014,0.0866794288158,0.755964457989,-0.648612141609
0.567796826363,0.106431916356,1.34284186363,0.0178794097155,0.0869774520397,0.755700409412,-0.648869931698
0.567623257637,0.10700546205,1.34277737141,0.0183743573725,0.0872402340174,0.755778968334,-0.648729264736
0.567612290382,0.107702121139,1.3426618576,0.0185916461051,0.087610527873,0.755520522594,-0.648974239826
0.56802302599,0.108617521822,1.34267473221,0.0173204056919,0.0856254026294,0.757977485657,-0.646404266357
0.567926168442,0.10917057842,1.3425565958,0.0176397301257,0.0856185108423,0.75787115097,-0.64652132988
0.568017363548,0.109912723303,1.34214115143,0.0203977506608,0.0886745005846,0.758651912212,-0.64511090517
0.56762444973,0.110090740025,1.34239518642,0.0180784836411,0.0860658064485,0.757668495178,-0.646687150002
0.567631363869,0.110538966954,1.34229028225,0.018141021952,0.0860437974334,0.757489025593,-0.646898567677
0.567552745342,0.111016198993,1.3421895504,0.018181597814,0.0862779840827,0.757225692272,-0.647174596786
0.567609608173,0.111562073231,1.34180688858,0.0209035482258,0.0893209800124,0.758009314537,-0.645760595798
0.567549705505,0.112083911896,1.34169518948,0.0207962021232,0.089359074831,0.75808596611,-0.64566886425
0.567360877991,0.112289570272,1.3417224884,0.0210474338382,0.08923728019,0.758234500885,-0.645503044128
0.567293286324,0.112637802958,1.34171056747,0.020964210853,0.0892072170973,0.758262395859,-0.645477235317
0.567263841629,0.113026201725,1.34167230129,0.020666776225,0.0890743434429,0.758097529411,-0.645698785782
0.566968679428,0.113199740648,1.34193813801,0.0179576724768,0.0861858651042,0.757044672966,-0.647404789925
0.566547513008,0.113332681358,1.34170973301,0.0193060263991,0.0880336537957,0.754346251488,-0.650260806084
0.566485702991,0.1135507375,1.3417314291,0.0192159768194,0.0878915786743,0.754382193089,-0.650240838528
0.566387176514,0.113734379411,1.34175240993,0.0190504677594,0.0877684950829,0.754408121109,-0.650232315063
0.566273272038,0.113811865449,1.34180271626,0.0189841743559,0.0876714959741,0.754477739334,-0.650166630745
0.566239118576,0.114073522389,1.34182298183,0.0185430329293,0.0877202823758,0.754184663296,-0.650512814522
0.566105782986,0.114050991833,1.34191799164,0.018676687032,0.0874163880944,0.754133701324,-0.650609016418
0.566034317017,0.114256426692,1.34193170071,0.0184989757836,0.0871944501996,0.753997027874,-0.650802195072
0.565927088261,0.114214226604,1.34202957153,0.0186441354454,0.0869434177876,0.753808021545,-0.651050508022
0.565838217735,0.114389322698,1.34204089642,0.0183425042778,0.0866159722209,0.753525853157,-0.651429116726
0.565982341766,0.114112533629,1.34211802483,0.0191775169224,0.0876950919628,0.757565498352,-0.646557450294
0.565885365009,0.113975055516,1.34220516682,0.0190733447671,0.0872793570161,0.757266998291,-0.646966159344
0.566266000271,0.114294573665,1.34217393398,0.0190116092563,0.0864868164062,0.756664693356,-0.647778749466
0.565807282925,0.114031501114,1.3424962759,0.0162754859775,0.0837683901191,0.755916774273,-0.649082362652
0.565717637539,0.113824278116,1.34270811081,0.0157982744277,0.0844842344522,0.755637526512,-0.649326443672
0.565927326679,0.113648846745,1.34258878231,0.0162776224315,0.0829011648893,0.755228996277,-0.649993777275
0.565865039825,0.113469257951,1.34262013435,0.0160868894309,0.0825759992003,0.755081832409,-0.650210678577
0.565952718258,0.1134686023,1.34234464169,0.0181790608913,0.0848801136017,0.756173014641,-0.648588836193
0.56606644392,0.113212771714,1.34237968922,0.0182661674917,0.084313005209,0.755930662155,-0.648942649364
0.566037774086,0.112804278731,1.34243416786,0.018240923062,0.0837458223104,0.755807876587,-0.64915984869
0.566013932228,0.11279796809,1.34238827229,0.0179944615811,0.08311393857,0.755823671818,-0.64922952652
0.56589192152,0.112060122192,1.34282183647,0.0155842555687,0.0797109007835,0.754294037819,-0.651493549347
0.566035211086,0.111663118005,1.34259843826,0.017743319273,0.082010127604,0.755384087563,-0.649888038635
0.566091954708,0.111779995263,1.34233510494,0.016749098897,0.0812174379826,0.755355298519,-0.650047302246
0.565835475922,0.111148424447,1.3425180912,0.0152445863932,0.0797118991613,0.754370510578,-0.651412904263
0.565975010395,0.110612727702,1.34288322926,0.0138088464737,0.0772438570857,0.754441142082,-0.651660382748
0.566119134426,0.110438026488,1.34287726879,0.0134242242202,0.0768998339772,0.754325211048,-0.651843309402
0.56606566906,0.109744645655,1.34287643433,0.0132108712569,0.076468102634,0.754439651966,-0.651766061783
0.566034734249,0.109126411378,1.34296107292,0.0132120745257,0.0758305639029,0.754517436028,-0.651750445366
0.566276729107,0.108647421002,1.34315180779,0.0121349645779,0.0741456076503,0.755153656006,-0.651228249073
0.5662946105,0.107985258102,1.34318196774,0.012690410018,0.0743887722492,0.754686117172,-0.651731729507
0.566457688808,0.107613950968,1.34310495853,0.0130212213844,0.0747264102101,0.754324436188,-0.652105212212
0.566410660744,0.106962233782,1.34311556816,0.0127247534692,0.0742062479258,0.754416823387,-0.65206360817
0.566322982311,0.106349736452,1.34335184097,0.0115185054019,0.0726236626506,0.75527626276,-0.651268780231
0.566717863083,0.105644851923,1.34350752831,0.0122680142522,0.0714198797941,0.754582226276,-0.652191996574
0.567103505135,0.10505028069,1.34354376793,0.0119550889358,0.0708122327924,0.753904521465,-0.653047323227
0.567161917686,0.104220993817,1.343562603,0.0120349554345,0.070027641952,0.753568351269,-0.653518199921
0.567256391048,0.103653773665,1.3436896801,0.0120810326189,0.069413214922,0.75317543745,-0.654035687447
0.567431390285,0.10257499665,1.34379684925,0.0126220090315,0.069118693471,0.752207219601,-0.655170023441
0.567646920681,0.101750537753,1.34390115738,0.0117714889348,0.067414149642,0.751857876778,-0.655764043331
0.567888855934,0.100907176733,1.34401202202,0.0121217323467,0.0669800937176,0.750939190388,-0.656854093075
0.568231225014,0.100078120828,1.34422230721,0.0115962103009,0.0652738362551,0.750465154648,-0.657576560974
0.568264067173,0.0987147688866,1.3444019556,0.0115665355697,0.0639591962099,0.749777674675,-0.658489763737
0.568498492241,0.0975239798427,1.34456813335,0.011380921118,0.0627637803555,0.748866438866,-0.659644126892
0.568450629711,0.0963537395,1.34484982491,0.0109080830589,0.0632578134537,0.747916340828,-0.660681903362
0.56875282526,0.0951705574989,1.34482741356,0.00981125701219,0.0601764731109,0.747256159782,-0.661733150482
0.569113731384,0.0941334068775,1.34496474266,0.0103666139767,0.0588390603662,0.745886981487,-0.663387537003
0.569403171539,0.0928045511246,1.34511697292,0.0097049921751,0.0573242157698,0.744900226593,-0.664637923241
0.569634199142,0.0914768874645,1.34528505802,0.00948196928948,0.0554688498378,0.744147598743,-0.665640890598
0.569934308529,0.0900530591607,1.34550917149,0.00829934887588,0.0530042648315,0.743539631367,-0.666536271572
0.57011783123,0.0886487364769,1.34562897682,0.00834728218615,0.0519373975694,0.742346405983,-0.667948186398
0.570479333401,0.0871295556426,1.34582138062,0.00773649988696,0.0499652847648,0.741060972214,-0.669531404972
0.570902764797,0.0856860131025,1.34602749348,0.00692257098854,0.048513982445,0.740195214748,-0.67060393095
0.57108014822,0.0841695740819,1.34603059292,0.00600714422762,0.0462608672678,0.739493787289,-0.671545147896
0.571429252625,0.0822305232286,1.34625434875,0.00578576419502,0.0442214645445,0.738588213921,-0.672680199146
0.57166326046,0.0805990919471,1.3462625742,0.0042831627652,0.0424467213452,0.737884521484,-0.673577189445
0.572103083134,0.0787000581622,1.34650635719,0.00418124999851,0.0404555536807,0.736556828022,-0.675151824951
0.572538673878,0.0768126994371,1.34667205811,0.0035202074796,0.0380118489265,0.735699594021,-0.676231443882
0.572894155979,0.0749213472009,1.34674727917,0.00261519104242,0.0365935340524,0.734597444534,-0.677510678768
0.572972714901,0.0731647983193,1.34683728218,0.00156819261611,0.0348925627768,0.733838379383,-0.678425729275
0.573592364788,0.0711917206645,1.3469979763,0.00062973034801,0.0323136746883,0.732721924782,-0.679760336876
0.573463380337,0.0690098181367,1.34711933136,-0.000117708885227,0.0315869860351,0.732065558434,-0.680501580238
0.57345020771,0.067294485867,1.34706020355,-0.00220891949721,0.0306409448385,0.731680691242,-0.680954933167
0.573979377747,0.0652606785297,1.34729540348,-0.00243589794263,0.0279286131263,0.730151176453,-0.682710289955
0.574427306652,0.0631749033928,1.34755730629,-0.0025666388683,0.0256551001221,0.729170322418,-0.683846473694
0.57501077652,0.061483245343,1.34753298759,-0.00516713922843,0.0245199594647,0.727862715721,-0.685264885426
0.575122833252,0.059250228107,1.34784257412,-0.00532084517181,0.0219838544726,0.727694809437,-0.685528099537
0.57543605566,0.0571260675788,1.34807729721,-0.00657938187942,0.0200465992093,0.727427899837,-0.68585985899
0.575761139393,0.0548483543098,1.3482517004,-0.00769578199834,0.0183604862541,0.72704821825,-0.68629771471
0.575981318951,0.0525327920914,1.34852826595,-0.00882597547024,0.0169136431068,0.72718423605,-0.686177253723
0.576840519905,0.0506330579519,1.3486931324,-0.00924541801214,0.0145923765376,0.726323187351,-0.687136292458
0.577209770679,0.0483031645417,1.34875297546,-0.0104541098699,0.0131722958758,0.726584136486,-0.686871647835
0.57773566246,0.0461132824421,1.34903991222,-0.0106298243627,0.0109369400889,0.726063370705,-0.687458693981
0.578172981739,0.0439227707684,1.34902524948,-0.0124028045684,0.00947072356939,0.726226389408,-0.687278628349
0.578497946262,0.0416294299066,1.34915995598,-0.0132069559768,0.00803904142231,0.726295351982,-0.687208712101
0.57887595892,0.0393137745559,1.34932184219,-0.0140785584226,0.00640174048021,0.726132273674,-0.687381029129
0.579281568527,0.0369853042066,1.34944057465,-0.0149609679356,0.00505440169945,0.72601121664,-0.687501609325
0.579590082169,0.0346286781132,1.34962379932,-0.0154221588746,0.00385476066731,0.725887656212,-0.687629580498
0.579986691475,0.0322383269668,1.34969031811,-0.0164031554013,0.00273260124959,0.725474953651,-0.688047766685
0.580239236355,0.0300473496318,1.3497120142,-0.0172664783895,0.0016058627516,0.725359320641,-0.688152074814
0.580461800098,0.0277299843729,1.34984600544,-0.0176883153617,0.000532374659088,0.725129663944,-0.688384890556
0.580949068069,0.0255689024925,1.34982180595,-0.0188059378415,-2.300624692e-05,0.72481751442,-0.688684284687
0.580977916718,0.0229972824454,1.34995889664,-0.0189546328038,-0.00161163508892,0.72474950552,-0.688749969006
0.581465542316,0.0208148472011,1.3499622345,-0.0199404396117,-0.0023099235259,0.724559307098,-0.688920080662
0.582262337208,0.0188784785569,1.35010719299,-0.0207460485399,-0.00307490094565,0.723577678204,-0.689924418926
0.582251429558,0.0162801910192,1.35020542145,-0.0206762719899,-0.00423637637869,0.723964869976,-0.689513862133
0.582180917263,0.0137825403363,1.35022783279,-0.0216904319823,-0.00490220170468,0.724666774273,-0.688740551472
0.582804143429,0.0117417071015,1.35033833981,-0.022654177621,-0.00591162452474,0.724221169949,-0.689170122147
0.583080530167,0.00943907722831,1.35044753551,-0.0236338600516,-0.0067153875716,0.724307775497,-0.689038932323
0.583446204662,0.00724080950022,1.35052394867,-0.0244415663183,-0.00809401646256,0.72456908226,-0.688721001148
0.58373272419,0.00478737056255,1.35065937042,-0.0250117685646,-0.00911206752062,0.724756777287,-0.688490569592
0.584158718586,0.00225704535842,1.35077011585,-0.0256724376231,-0.0102735795081,0.724795877934,-0.688408613205
0.584387481213,5.85615634918e-06,1.350908041,-0.0264250766486,-0.0117985904217,0.72520160675,-0.687928199768
0.584667384624,-0.00241085141897,1.35102951527,-0.0271698720753,-0.0128392148763,0.725217223167,-0.687864005566
0.585130155087,-0.00493495538831,1.3512493372,-0.0280263535678,-0.014040867798,0.725331544876,-0.687685728073
0.58539634943,-0.007354516536,1.35132169724,-0.0286988578737,-0.0154885277152,0.725322544575,-0.687636375427
0.585670113564,-0.00969992205501,1.35142445564,-0.0297157783061,-0.0166104696691,0.725568592548,-0.687307417393
0.58610022068,-0.0122595466673,1.35156702995,-0.0304850004613,-0.0178687050939,0.725354671478,-0.687467932701
0.586503863335,-0.0146105438471,1.35190236568,-0.0321825444698,-0.0175339523703,0.72534173727,-0.6874127388
0.586946725845,-0.0171360373497,1.35199856758,-0.0324100889266,-0.0192208457738,0.725103199482,-0.687608540058
0.586938679218,-0.0194812268019,1.35162746906,-0.0325648635626,-0.022638130933,0.725181937218,-0.687414169312
0.587282001972,-0.021976377815,1.35188627243,-0.0331583842635,-0.0232792571187,0.725158751011,-0.687388777733
0.587876439095,-0.0248118303716,1.35217630863,-0.0345751270652,-0.0227206088603,0.72446680069,-0.68806707859
0.587928116322,-0.0271688774228,1.35195982456,-0.0345216840506,-0.0256691556424,0.724433660507,-0.688000917435
0.588316082954,-0.0298653431237,1.35216212273,-0.0363529399037,-0.0251250881702,0.724112927914,-0.688264191151
0.588747918606,-0.0324764885008,1.35219478607,-0.0370333530009,-0.0261956453323,0.723451077938,-0.688883900642
0.588645875454,-0.0348128080368,1.35176420212,-0.0371396541595,-0.0295196287334,0.723720431328,-0.68846064806
0.589288532734,-0.0375562906265,1.35227179527,-0.038218010217,-0.0282225459814,0.722575902939,-0.689657151699
0.589715540409,-0.0395698212087,1.35179340839,-0.0410447232425,-0.0290877874941,0.721918582916,-0.690147042274
0.58984619379,-0.0424417108297,1.35229885578,-0.0394619777799,-0.0302918292582,0.721651017666,-0.690467357635
0.590385258198,-0.0453019440174,1.3523453474,-0.0396238751709,-0.0326746180654,0.720459342003,-0.691592872143
0.590786516666,-0.0474516451359,1.35225439072,-0.0423494204879,-0.0320681594312,0.719545066357,-0.692411005497
0.591101109982,-0.049757245928,1.3522592783,-0.0424044430256,-0.0326714925468,0.719084382057,-0.692858040333
0.591492772102,-0.052499320358,1.35216486454,-0.0423047542572,-0.0343768186867,0.717997968197,-0.693907499313
0.591805994511,-0.0544808842242,1.35199689865,-0.0408552438021,-0.0316489972174,0.718818604946,-0.693274199963
0.592197537422,-0.0571319647133,1.35209608078,-0.0407943986356,-0.0327768139541,0.717693865299,-0.69438970089
0.592679321766,-0.0600130930543,1.3526147604,-0.0440309643745,-0.0356005504727,0.715068995953,-0.696756958961
0.592881560326,-0.0622135847807,1.35221683979,-0.0439998432994,-0.0384884960949,0.714028835297,-0.697671473026
0.593411624432,-0.065069951117,1.35221576691,-0.0427359454334,-0.0336435884237,0.711279571056,-0.700801789761
0.593628108501,-0.0672922134399,1.35289895535,-0.0444291718304,-0.0388126596808,0.711448132992,-0.700258016586
0.594349384308,-0.069682970643,1.35269105434,-0.0455444157124,-0.0395283587277,0.709470391273,-0.702150285244
0.594179570675,-0.0724160224199,1.35258460045,-0.0447408184409,-0.0422794371843,0.708665251732,-0.702854514122
0.594968318939,-0.0746805816889,1.35286438465,-0.0458129271865,-0.0415977910161,0.70662355423,-0.704878687859
0.594799399376,-0.0767436251044,1.35273766518,-0.0456670261919,-0.0436120070517,0.705924630165,-0.705466449261
0.595217227936,-0.0791865438223,1.35276675224,-0.045972365886,-0.04471020028,0.703886449337,-0.707411885262
0.595447063446,-0.0814413130283,1.35249018669,-0.0465471148491,-0.0462801679969,0.702370762825,-0.708778500557
0.596161067486,-0.0840644985437,1.35293257236,-0.0469065904617,-0.0459619238973,0.700025677681,-0.711091578007
0.596349418163,-0.0864556804299,1.35281419754,-0.0476165376604,-0.046928204596,0.698517501354,-0.712463259697
0.596731305122,-0.0890397280455,1.3528059721,-0.0474672839046,-0.0480206348002,0.696632802486,-0.714243590832
0.597016811371,-0.0914124399424,1.35280752182,-0.047758884728,-0.0491716004908,0.694826006889,-0.715903639793
0.597483217716,-0.0935674533248,1.35278594494,-0.0447184070945,-0.0485831834376,0.694720864296,-0.716242194176
0.597864329815,-0.0961145684123,1.35267603397,-0.0481668189168,-0.0514047071338,0.691013336182,-0.719401299953
0.598180234432,-0.098010443151,1.35257160664,-0.048810750246,-0.052649859339,0.688814342022,-0.721374034882
0.598314344883,-0.100309550762,1.35275661945,-0.0477509051561,-0.0540282689035,0.687376439571,-0.722713172436
0.598780810833,-0.102833323181,1.35250544548,-0.0485780313611,-0.0550431571901,0.685337126255,-0.724516034126
0.599121689796,-0.105096653104,1.35224270821,-0.0472763814032,-0.0580107942224,0.683180809021,-0.726404726505
0.599367797375,-0.107261322439,1.35189604759,-0.0481448173523,-0.0593354701996,0.681607842445,-0.727717161179
0.599821805954,-0.109172344208,1.35187184811,-0.0481454916298,-0.0604022592306,0.679451465607,-0.729643344879
0.599876344204,-0.111541643739,1.35157263279,-0.0478713810444,-0.0626926198602,0.67777889967,-0.731022357941
0.600341022015,-0.113611198962,1.35134530067,-0.0479860566556,-0.0643760487437,0.675573527813,-0.732907533646
0.600599586964,-0.116439715028,1.35178506374,-0.046522744,-0.0644917041063,0.673699021339,-0.734715104103
0.600749492645,-0.117886938155,1.35132873058,-0.0469996519387,-0.0671518743038,0.67161655426,-0.736351132393
0.601533651352,-0.12043813616,1.35148978233,-0.0470034666359,-0.0672437474132,0.668672204018,-0.739017248154
0.601968765259,-0.122469298542,1.35139930248,-0.047114752233,-0.0687830299139,0.66606771946,-0.741217315197
0.602400481701,-0.124676331878,1.35117208958,-0.0473559200764,-0.0701224207878,0.663749814034,-0.743153095245
0.602747380733,-0.126683443785,1.35123670101,-0.0470100529492,-0.071286894381,0.661473572254,-0.745091199875
0.603310823441,-0.128629103303,1.35054183006,-0.0498105995357,-0.0723103433847,0.658910691738,-0.747078955173
0.604364871979,-0.131117343903,1.35034441948,-0.0500497817993,-0.0735735967755,0.655624508858,-0.749825716019
0.604644477367,-0.132869780064,1.35019373894,-0.0505741499364,-0.0747991204262,0.653325080872,-0.751674056053
0.605195939541,-0.135115921497,1.34988093376,-0.0512452237308,-0.0762270987034,0.650766730309,-0.753701627254
0.605494916439,-0.137351721525,1.34965384007,-0.0515055656433,-0.0776462480426,0.648916006088,-0.755133330822
0.605911552906,-0.139252707362,1.34956693649,-0.0522157996893,-0.0787083953619,0.646484792233,-0.757057547569
0.606429696083,-0.141356244683,1.34926390648,-0.0527448579669,-0.0802344232798,0.644184589386,-0.75881922245
0.606878399849,-0.143448218703,1.3490190506,-0.0532443895936,-0.0815102234483,0.641963720322,-0.760528624058
0.607265651226,-0.145636811852,1.34883594513,-0.0539893805981,-0.0827869549394,0.639687001705,-0.762254655361
0.607654809952,-0.147684693336,1.34864866734,-0.0543306469917,-0.0840654820204,0.63763153553,-0.76381111145
0.608018815517,-0.149672523141,1.34851253033,-0.0547740906477,-0.0850787907839,0.635511934757,-0.765431940556
0.608427524567,-0.152045741677,1.34838533401,-0.0550855211914,-0.0861861780286,0.633264303207,-0.767146587372
0.608760595322,-0.153697729111,1.34845674038,-0.054608091712,-0.087486281991,0.630905270576,-0.768975138664
0.608066916466,-0.155363872647,1.34858202934,-0.0514038577676,-0.0913708135486,0.629899144173,-0.769568800926
0.609798371792,-0.15773229301,1.34793043137,-0.0565574131906,-0.0898052155972,0.625566542149,-0.772918403149
0.610068738461,-0.159672454,1.3481246233,-0.0576572082937,-0.0894813984632,0.623615086079,-0.774450182915
0.610367298126,-0.161656424403,1.34796249866,-0.0584973730147,-0.0906569436193,0.621286451817,-0.776120185852
0.610642313957,-0.163578152657,1.34780442715,-0.0589150637388,-0.0919394493103,0.618951976299,-0.777801096439
0.610900759697,-0.165511757135,1.3477935791,-0.0591503866017,-0.0929808467627,0.616687059402,-0.779456853867
0.611144959927,-0.167365550995,1.34770095348,-0.0598312094808,-0.0942882746458,0.614259719849,-0.781162619591
0.611398458481,-0.169306948781,1.34759962559,-0.0602798312902,-0.0957209467888,0.611657142639,-0.782993972301
0.61162340641,-0.171245083213,1.34750974178,-0.061047308147,-0.0967363864183,0.609045505524,-0.784843206406
0.611577153206,-0.173245325685,1.34750533104,-0.0609013549984,-0.098157517612,0.60700327158,-0.786258995533
0.611925065517,-0.175105497241,1.34742593765,-0.0624778531492,-0.0987285226583,0.604352235794,-0.788103759289
0.612148463726,-0.1769939363,1.34727728367,-0.0631013810635,-0.0999178513885,0.601337611675,-0.790207445621
0.612231612206,-0.179019510746,1.347240448,-0.0638854131103,-0.100617222488,0.599043905735,-0.791796267033
0.612152159214,-0.18091095984,1.3472135067,-0.0640075355768,-0.102024748921,0.596795380116,-0.793302774429
0.612276494503,-0.182790860534,1.34716904163,-0.0650301277637,-0.102544106543,0.593897163868,-0.795325160027
0.612316548824,-0.184536650777,1.34705126286,-0.0658710375428,-0.103561878204,0.591427862644,-0.796962380409
0.611913740635,-0.186508357525,1.34681081772,-0.0666634216905,-0.100834138691,0.58478140831,-0.802134096622
0.612415075302,-0.188123196363,1.34695720673,-0.0675168409944,-0.104749061167,0.585976958275,-0.80068731308
0.612118244171,-0.189633831382,1.34675240517,-0.0675260275602,-0.106850832701,0.583739638329,-0.802041888237
0.611940324306,-0.191621422768,1.34662520885,-0.0691121071577,-0.102943718433,0.57705873251,-0.807235658169
0.612522900105,-0.193172752857,1.34685862064,-0.0698661208153,-0.106779754162,0.578167796135,-0.805877745152
0.612107157707,-0.194591119885,1.34664273262,-0.0696574226022,-0.108962930739,0.576301693916,-0.806939542294
0.612554073334,-0.196458801627,1.3467489481,-0.0712950006127,-0.108273528516,0.573571264744,-0.808832406998
0.612019300461,-0.19775404036,1.34629642963,-0.0701502040029,-0.111642368138,0.571575164795,-0.809886932373
0.612226247787,-0.199492186308,1.34650349617,-0.0707621574402,-0.11137046665,0.569480657578,-0.811345279217
0.612569272518,-0.200906842947,1.34645557404,-0.0720227733254,-0.111876450479,0.566970229149,-0.812921404839
0.612277328968,-0.202267467976,1.34650325775,-0.0718903169036,-0.113109715283,0.565248608589,-0.81396073103
0.612407028675,-0.20374879241,1.34658610821,-0.0722504928708,-0.11316088587,0.563372015953,-0.815221726894
0.612334787846,-0.204975172877,1.34658432007,-0.0729522481561,-0.113888695836,0.561626791954,-0.816261410713
0.612419426441,-0.206245690584,1.34657216072,-0.0732186809182,-0.114676594734,0.559964239597,-0.817268908024
0.612162232399,-0.207229703665,1.34643423557,-0.072616904974,-0.116314508021,0.558675289154,-0.817972898483
0.612195670605,-0.208486631513,1.34643113613,-0.0729341283441,-0.116735585034,0.557193994522,-0.81889462471
0.612704336643,-0.209807813168,1.34660613537,-0.0746488571167,-0.11515892297,0.555453538895,-0.820144712925
0.612407207489,-0.210679978132,1.34642863274,-0.0741004496813,-0.116886593401,0.554191231728,-0.820803701878
0.612527728081,-0.212194874883,1.34645533562,-0.0750216841698,-0.114782728255,0.551127254963,-0.823076725006
0.612203419209,-0.213157474995,1.34646582603,-0.0738525539637,-0.115889199078,0.550297021866,-0.823582947254
0.611885249615,-0.213602662086,1.3466643095,-0.0738105773926,-0.117165878415,0.55181324482,-0.822390675545
0.611687481403,-0.214696422219,1.34657263756,-0.0734936743975,-0.115702606738,0.549344241619,-0.824276924133
0.61162674427,-0.215511038899,1.34651684761,-0.0737614184618,-0.115911856294,0.548721015453,-0.824638783932
0.611700296402,-0.21639315784,1.34660434723,-0.0740267112851,-0.116364195943,0.547937273979,-0.825072169304
0.611531794071,-0.217157840729,1.34668588638,-0.0738501921296,-0.116110272706,0.547407209873,-0.82547557354
0.611639082432,-0.217836946249,1.34661233425,-0.0742284655571,-0.115718483925,0.546783447266,-0.825909972191
0.611391723156,-0.218398317695,1.3465641737,-0.0745837539434,-0.115881025791,0.546576857567,-0.825991928577
0.610954105854,-0.219047576189,1.34679067135,-0.0737155228853,-0.115474104881,0.546897113323,-0.825914859772
0.611260473728,-0.219563186169,1.34679806232,-0.0742943584919,-0.114430464804,0.545569002628,-0.826886117458
0.610734343529,-0.220082327724,1.34687042236,-0.0741941258311,-0.113948315382,0.545950174332,-0.826710045338
0.610320389271,-0.220613196492,1.34710776806,-0.0733003541827,-0.113194420934,0.546380341053,-0.826609134674
0.610363066196,-0.22099930048,1.34702086449,-0.0734226852655,-0.11285045743,0.545929670334,-0.826942980289
0.61042869091,-0.221419885755,1.34695160389,-0.073269084096,-0.112347714603,0.545679450035,-0.827190220356
0.609993696213,-0.221700891852,1.3471070528,-0.0725227370858,-0.112075172365,0.546253025532,-0.82691437006
0.609995901585,-0.222281545401,1.34756457806,-0.0727346837521,-0.109825447202,0.546664655209,-0.826925516129
0.60980951786,-0.222516775131,1.34759604931,-0.0724110379815,-0.109384760261,0.546862840652,-0.826881289482
0.609656989574,-0.222767367959,1.34758114815,-0.0721225962043,-0.108692631125,0.546850085258,-0.827006220818
0.609023213387,-0.222806468606,1.34752571583,-0.0708189457655,-0.109221108258,0.547640025616,-0.826526403427
0.608898162842,-0.223076179624,1.347645998,-0.0704585462809,-0.108253203332,0.548045814037,-0.826415598392
0.609068393707,-0.223141238093,1.34750938416,-0.0700622797012,-0.107675686479,0.547733128071,-0.826731920242
0.608861029148,-0.223289623857,1.34755694866,-0.0694257691503,-0.106995433569,0.548329889774,-0.826478302479
0.608661770821,-0.223459273577,1.34755444527,-0.0689049139619,-0.106225781143,0.548997282982,-0.826178073883
0.608270168304,-0.22358083725,1.3475484848,-0.0681234225631,-0.105705462396,0.549952685833,-0.825674057007
0.608114123344,-0.223652407527,1.34755659103,-0.0674522146583,-0.105031989515,0.550493597984,-0.825454592705
0.608294308186,-0.223930418491,1.34767246246,-0.0675157159567,-0.102832779288,0.550797045231,-0.825523853302
0.608074307442,-0.223778948188,1.34752631187,-0.066169694066,-0.103277526796,0.550801098347,-0.825574636459
0.60781699419,-0.223605871201,1.34720098972,-0.065572693944,-0.100117519498,0.54903614521,-0.827185571194
0.607953071594,-0.22413893044,1.34741210938,-0.065657787025,-0.0996842235327,0.551947176456,-0.825291752815
0.607923448086,-0.223880425096,1.34739887714,-0.0649061948061,-0.0993466898799,0.551901161671,-0.825422644615
0.607656657696,-0.223948568106,1.34757566452,-0.0634684562683,-0.0986143127084,0.552587032318,-0.82516336441
0.607020556927,-0.223643705249,1.34738790989,-0.0620388872921,-0.0994101017714,0.553648412228,-0.824464857578
0.607380867004,-0.223854273558,1.34753870964,-0.0618942007422,-0.0984953641891,0.554645419121,-0.823915243149
0.607284963131,-0.223732382059,1.34752500057,-0.0610259659588,-0.0979660451412,0.554906904697,-0.823867022991
0.607164859772,-0.223643049598,1.34756505489,-0.060248170048,-0.0974752828479,0.555100858212,-0.823851823807
0.606636345387,-0.2233171314,1.34736764431,-0.0581553094089,-0.0976586043835,0.555135667324,-0.823957026005
0.60650652647,-0.223193913698,1.34744846821,-0.0573422461748,-0.0970380827785,0.555622816086,-0.823758900166
0.606929540634,-0.223076492548,1.34762024879,-0.0572319664061,-0.0965917631984,0.555765271187,-0.823723018169
0.606643080711,-0.222641602159,1.34742331505,-0.055391676724,-0.0980221107602,0.555949568748,-0.823555350304
0.606548190117,-0.222389563918,1.34747672081,-0.0544180832803,-0.0978630334139,0.556316614151,-0.823391377926
0.606507182121,-0.22208084166,1.34751749039,-0.0535081364214,-0.0978616550565,0.55648291111,-0.823338747025
0.606329500675,-0.221720576286,1.34759819508,-0.0524730756879,-0.0977181270719,0.556819617748,-0.823194861412
0.606293141842,-0.221375346184,1.34762251377,-0.0516465492547,-0.0975879728794,0.556870520115,-0.823228001595
0.606268465519,-0.221063762903,1.34769892693,-0.0508600883186,-0.0973836034536,0.556998550892,-0.823214650154
0.606137871742,-0.220743969083,1.34775686264,-0.0503521449864,-0.0972269698977,0.557123064995,-0.82318007946
0.606216907501,-0.220441520214,1.34777081013,-0.0494853332639,-0.0974348559976,0.556908488274,-0.823353290558
0.606481730938,-0.220116600394,1.34778380394,-0.0497263222933,-0.0967171266675,0.556581497192,-0.823644459248
0.606239497662,-0.219349771738,1.34754657745,-0.0483607463539,-0.0984879881144,0.556267499924,-0.82372802496
0.606161355972,-0.219030216336,1.34747684002,-0.0478316098452,-0.0982509106398,0.556350469589,-0.823731184006
0.606097757816,-0.218784093857,1.34743356705,-0.047536060214,-0.0982821658254,0.556364417076,-0.823735117912
0.605898201466,-0.218349501491,1.34746110439,-0.0473667196929,-0.0983459278941,0.556491792202,-0.823651313782
0.606100559235,-0.21806652844,1.3474650383,-0.0474774613976,-0.0981763005257,0.555994570255,-0.824000835419
0.605647861958,-0.217832043767,1.34739470482,-0.0473202057183,-0.0984662398696,0.556776940823,-0.82344686985
0.605884611607,-0.217559203506,1.34729361534,-0.0474663637578,-0.0985404551029,0.556135773659,-0.823862731457
0.605710268021,-0.217216476798,1.34724771976,-0.0475486591458,-0.0987258628011,0.556164264679,-0.823816597462
0.605625271797,-0.217204719782,1.34733891487,-0.0484012551606,-0.0977411046624,0.556421399117,-0.823710739613
0.605298221111,-0.216812953353,1.34714388847,-0.0478847175837,-0.0987614169717,0.556092977524,-0.823840856552
0.605134129524,-0.216553896666,1.34710860252,-0.047974422574,-0.098793335259,0.555928707123,-0.823942840099
0.604811787605,-0.216347932816,1.34703540802,-0.0478539504111,-0.0988923683763,0.556014657021,-0.823879897594
0.604690730572,-0.215985164046,1.34701251984,-0.0478444248438,-0.0990017428994,0.555666565895,-0.82410210371
0.604592084885,-0.215671658516,1.34703159332,-0.0476867184043,-0.0989928096533,0.55537545681,-0.824308514595
0.604402542114,-0.215439304709,1.34698855877,-0.047933023423,-0.0987793132663,0.555308282375,-0.824365198612
0.604341566563,-0.215073794127,1.34712672234,-0.0481878630817,-0.0981217846274,0.554646551609,-0.824874103069
0.604178845882,-0.214969739318,1.3472853899,-0.0487240366638,-0.0968581214547,0.554803609848,-0.824886322021
0.604018568993,-0.214626923203,1.34732758999,-0.0486167706549,-0.096633695066,0.554613769054,-0.825046658516
0.603733003139,-0.214215546846,1.34717297554,-0.0475486218929,-0.0976181551814,0.554529368877,-0.825049757957
0.603544890881,-0.213864266872,1.34720957279,-0.0473222285509,-0.0973963290453,0.554338812828,-0.825217008591
0.603327214718,-0.213501870632,1.34719514847,-0.0472199730575,-0.0969894230366,0.554312646389,-0.82528835535
0.602925121784,-0.212943762541,1.34730398655,-0.0467169433832,-0.0967135354877,0.554585337639,-0.825166106224
0.603052735329,-0.212709635496,1.3475471735,-0.0473844744265,-0.0949354320765,0.554598987103,-0.825325369835
0.60282689333,-0.212187945843,1.3474843502,-0.0471660085022,-0.0946779623628,0.554759919643,-0.825259327888
0.602345228195,-0.211574554443,1.34732949734,-0.045895922929,-0.0957124680281,0.555222690105,-0.824900329113
0.602497518063,-0.211271509528,1.34744632244,-0.0463836118579,-0.0940732508898,0.555092275143,-0.825149357319
0.602228403091,-0.210736602545,1.34749686718,-0.0459493473172,-0.0936458408833,0.555354833603,-0.825045466423
0.60198956728,-0.210237115622,1.34735834599,-0.0461543761194,-0.0931166559458,0.555623888969,-0.824912846088
0.601713955402,-0.209708228707,1.34733307362,-0.0459574647248,-0.0922996997833,0.556270956993,-0.82457947731
0.601478278637,-0.209197893739,1.3472776413,-0.0458683781326,-0.091748341918,0.556678652763,-0.824370801449
0.600809514523,-0.208420798182,1.34707176685,-0.0448751524091,-0.0924257040024,0.557685852051,-0.823668837547
0.601106643677,-0.208097845316,1.34710359573,-0.0452091544867,-0.0904616564512,0.55768352747,-0.823870122433
0.600742101669,-0.207524493337,1.34700655937,-0.0453702621162,-0.089659743011,0.558460175991,-0.823422670364
0.600550234318,-0.20690113306,1.34684491158,-0.0454014055431,-0.0888408124447,0.558823168278,-0.823263525963
0.599894523621,-0.205970361829,1.34655332565,-0.0443978831172,-0.0895860791206,0.559821844101,-0.822558701038
0.599602818489,-0.205379903316,1.34651696682,-0.0446530282497,-0.0886431187391,0.560876309872,-0.82192838192
0.599383294582,-0.204677045345,1.34639883041,-0.04457077384,-0.0876751318574,0.561923205853,-0.821321368217
0.599181354046,-0.20396707952,1.34639644623,-0.0442144833505,-0.0871441066265,0.5633507967,-0.820418715477
0.598947763443,-0.203283891082,1.34622371197,-0.0438699759543,-0.0862798392773,0.564187467098,-0.819953501225
0.59873944521,-0.202494114637,1.34604489803,-0.0439279526472,-0.085697747767,0.5650344491,-0.819428086281
0.598456919193,-0.201679974794,1.34591841698,-0.0436683222651,-0.0848351046443,0.566097736359,-0.818797528744
0.598255813122,-0.200849637389,1.34600090981,-0.0435616001487,-0.0834804177284,0.567165136337,-0.818203628063
0.598092138767,-0.200264662504,1.34612452984,-0.044096481055,-0.0813671126962,0.568674206734,-0.81733995676
0.597300410271,-0.19912558794,1.34599661827,-0.0433199703693,-0.0814390182495,0.570520699024,-0.816086530685
0.59766793251,-0.198608323932,1.34597694874,-0.0439884923398,-0.0800298526883,0.570028781891,-0.816533863544
0.597521483898,-0.197787344456,1.34581935406,-0.0443319194019,-0.0779549777508,0.571576178074,-0.815633773804
0.596997737885,-0.196844771504,1.34588623047,-0.0444378815591,-0.0771176069975,0.572907090187,-0.814773321152
0.596737682819,-0.195814162493,1.34587061405,-0.044639851898,-0.0762346535921,0.574102520943,-0.814003586769
0.596165537834,-0.194505363703,1.34594345093,-0.0436793006957,-0.0776236876845,0.57621973753,-0.81242698431
0.59621399641,-0.193683773279,1.3461920023,-0.044308770448,-0.0752865672112,0.577382683754,-0.81178689003
0.595687687397,-0.192408010364,1.34621429443,-0.0443029105663,-0.073560833931,0.578767061234,-0.810959160328
0.595082342625,-0.19110891223,1.3461073637,-0.0438554883003,-0.075062148273,0.581282615662,-0.809044480324
0.595047235489,-0.190338551998,1.34626924992,-0.0444371663034,-0.0721540525556,0.582590281963,-0.808336317539
0.59461414814,-0.189065665007,1.34630823135,-0.0438962355256,-0.0696251913905,0.582529306412,-0.808631539345
0.594387829304,-0.187449872494,1.34632992744,-0.0438450835645,-0.0732804387808,0.589648902416,-0.803132474422
0.594432473183,-0.186201840639,1.34638762474,-0.0443370565772,-0.0723854973912,0.591391563416,-0.801904380322
0.59454959631,-0.185075461864,1.34676551819,-0.0449515804648,-0.0704528167844,0.593116104603,-0.80076777935
0.594699800014,-0.183641210198,1.34707212448,-0.0468747764826,-0.0683280900121,0.59512346983,-0.799351096153
0.594528675079,-0.182303652167,1.34715664387,-0.0467481613159,-0.0677182748914,0.597644269466,-0.797527551651
0.593881726265,-0.181060433388,1.34696912766,-0.0466814413667,-0.0641841590405,0.596427261829,-0.798733890057
0.594230949879,-0.179562091827,1.34734666348,-0.0475260615349,-0.066705301404,0.602896749973,-0.793603897095
0.594117045403,-0.178137898445,1.34748077393,-0.0475532114506,-0.0656948909163,0.605419814587,-0.791763782501
0.59303188324,-0.176605820656,1.34698987007,-0.0472066216171,-0.0634473487735,0.604987680912,-0.792297840118
0.5937718153,-0.175231978297,1.34749424458,-0.0486786477268,-0.0642768070102,0.611047387123,-0.787477016449
0.593915879726,-0.173781216145,1.34736073017,-0.0502962656319,-0.0631953328848,0.613302469254,-0.785707771778
0.593657314777,-0.172212019563,1.34753704071,-0.0498550646007,-0.062840282917,0.616474032402,-0.783278644085
0.593718230724,-0.170628890395,1.34745573997,-0.0515252798796,-0.0618916787207,0.618901491165,-0.781329393387
0.59369546175,-0.168977811933,1.3471544981,-0.0499770604074,-0.0583375096321,0.623365402222,-0.778148293495
0.593109190464,-0.167669519782,1.34721708298,-0.0526049397886,-0.0572497807443,0.620900809765,-0.780023992062
0.593059837818,-0.166011333466,1.34726572037,-0.0531566366553,-0.056407738477,0.623620390892,-0.777875542641
0.59330201149,-0.164326518774,1.34762072563,-0.054272852838,-0.0585395954549,0.630514502525,-0.772061526775
0.593011021614,-0.162501752377,1.34757769108,-0.0537596903741,-0.0589784942567,0.633691966534,-0.769458174706
0.592312574387,-0.160948589444,1.34750854969,-0.054370932281,-0.0552602745593,0.632480502129,-0.770687043667
0.593155384064,-0.159339502454,1.34803152084,-0.0555923581123,-0.0553144626319,0.639510631561,-0.764771819115
0.592735290527,-0.157378390431,1.34772670269,-0.0531926564872,-0.0527801662683,0.64453369379,-0.7608948946
0.593073964119,-0.155917420983,1.34824299812,-0.0568433701992,-0.0536052510142,0.645868420601,-0.759440124035
0.593078911304,-0.154036417603,1.34842967987,-0.0568829029799,-0.0526972934604,0.649011969566,-0.756816267967
0.593113124371,-0.152298212051,1.34854757786,-0.0571167133749,-0.0516668409109,0.652608692646,-0.753770589828
0.592786192894,-0.15071259439,1.3489844799,-0.0557032749057,-0.0514436662197,0.65652358532,-0.750484824181
0.593141913414,-0.148637801409,1.34888672829,-0.0578497052193,-0.0502650439739,0.659869492054,-0.747461855412
0.592685818672,-0.146568968892,1.3489408493,-0.0555164366961,-0.048282943666,0.667329311371,-0.741119503975
0.592655479908,-0.145043879747,1.3494361639,-0.0561219677329,-0.0493522174656,0.668601214886,-0.739856123924
0.59297388792,-0.142976522446,1.34947252274,-0.053759790957,-0.0461548268795,0.674384593964,-0.734972715378
0.593160867691,-0.140956372023,1.3499341011,-0.0561072640121,-0.0478375740349,0.676032245159,-0.733173906803
0.593796014786,-0.138760775328,1.34957909584,-0.0585084073246,-0.0465673431754,0.679242610931,-0.730094432831
0.593954503536,-0.136514514685,1.34931576252,-0.0551854483783,-0.0456499308348,0.685795366764,-0.724261939526
0.594244658947,-0.13466796279,1.34983611107,-0.0583037771285,-0.0450081117451,0.687187194824,-0.722737014294
0.594515264034,-0.132557153702,1.35003566742,-0.0578125156462,-0.0444099158049,0.690960347652,-0.719207465649
0.594755828381,-0.130344122648,1.34988152981,-0.0581410489976,-0.0441129654646,0.69478225708,-0.715507686138
0.595255732536,-0.128050237894,1.34984219074,-0.0558340288699,-0.041422046721,0.700899839401,-0.709863603115
0.595022261143,-0.126311928034,1.35046899319,-0.0555983819067,-0.0423644296825,0.702755391598,-0.707989454269
0.595444262028,-0.12384493649,1.35042726994,-0.0558298528194,-0.0413803681731,0.706064999104,-0.704728960991
0.595677673817,-0.122025474906,1.35065126419,-0.0542481392622,-0.0407144874334,0.709704220295,-0.701226949692
0.596163094044,-0.119709737599,1.35047137737,-0.051033757627,-0.0372007638216,0.714414596558,-0.696866929531
0.596396207809,-0.117631301284,1.35077166557,-0.053164459765,-0.039172872901,0.716562151909,-0.694390118122
0.596884548664,-0.115221962333,1.35065495968,-0.0538584217429,-0.0377121791244,0.719724595547,-0.691139280796
0.597297728062,-0.113108038902,1.35070765018,-0.0525440089405,-0.0374941118062,0.722661435604,-0.688181459904
0.597392439842,-0.110803477466,1.35059976578,-0.0515656061471,-0.0371493808925,0.726047933102,-0.684701085091
0.597781896591,-0.108582213521,1.35055756569,-0.0507870130241,-0.0364177264273,0.728945910931,-0.681712865829
0.598335444927,-0.106155835092,1.35055601597,-0.0508001148701,-0.0352219641209,0.731603860855,-0.678921580315
0.598722279072,-0.104262307286,1.35067212582,-0.049477852881,-0.0345464870334,0.734354674816,-0.67607820034
0.598863482475,-0.101972773671,1.35043430328,-0.0477511957288,-0.035625975579,0.73722666502,-0.673013865948
0.5997210145,-0.0994839966297,1.35026276112,-0.048467990011,-0.0339733734727,0.739010632038,-0.671088635921
0.600219130516,-0.0972940921783,1.35012102127,-0.0478638410568,-0.0333405099809,0.741211414337,-0.668732583523
0.600440084934,-0.0952799022198,1.35035514832,-0.045372992754,-0.0331747531891,0.743552386761,-0.666311323643
0.600940287113,-0.093310341239,1.35040926933,-0.0444581061602,-0.0319632962346,0.745406329632,-0.66435790062
0.601622879505,-0.090832926333,1.35005640984,-0.0453092977405,-0.0304516963661,0.746833860874,-0.662766337395
0.602046132088,-0.0889904797077,1.35032987595,-0.0427884086967,-0.030044818297,0.748399078846,-0.661184966564
0.602296233177,-0.0866030603647,1.3504434824,-0.0414844863117,-0.02923518233,0.750284135342,-0.659164905548
0.602615356445,-0.0848672240973,1.35067009926,-0.0397999435663,-0.0280327405781,0.751607179642,-0.657812476158
0.603016912937,-0.0825611650944,1.35042667389,-0.039833907038,-0.0271557290107,0.752965390682,-0.656291902065
0.603383183479,-0.0805651471019,1.35032498837,-0.039375461638,-0.0260740723461,0.754089832306,-0.65507119894
0.603624463081,-0.0786611735821,1.35039067268,-0.0386789999902,-0.0250878073275,0.755054473877,-0.65403932333
0.603942275047,-0.0765059143305,1.35030305386,-0.0381473787129,-0.0241307411343,0.756229579449,-0.652747511864
0.604312300682,-0.0743324607611,1.35022473335,-0.0380449704826,-0.0230147652328,0.757096588612,-0.651787996292
0.60455685854,-0.0724961534142,1.35022032261,-0.0371787846088,-0.022068746388,0.757955312729,-0.65087211132
0.60492670536,-0.0703338757157,1.35017454624,-0.0370399020612,-0.0208565220237,0.7585054636,-0.650278747082
0.605221688747,-0.068404391408,1.35011029243,-0.0366050861776,-0.0198929812759,0.759325444698,-0.649376153946
0.605497896671,-0.0662972182035,1.35007870197,-0.0361627154052,-0.0190552081913,0.760236561298,-0.648359239101
0.605878353119,-0.064347922802,1.35014128685,-0.0356341078877,-0.0178809687495,0.760544419289,-0.648060798645
0.606273412704,-0.0625617206097,1.34988033772,-0.0358365885913,-0.0168491546065,0.761054515839,-0.647478282452
0.606173336506,-0.0607279315591,1.34961855412,-0.0333413854241,-0.0132772866637,0.759018719196,-0.650078892708
0.606614768505,-0.05874235183,1.35020840168,-0.0333047173917,-0.0161096248776,0.762428343296,-0.646014034748
0.606874346733,-0.0569082312286,1.34998524189,-0.0333659388125,-0.0155224436894,0.762843966484,-0.645534574986
0.607191503048,-0.0549869127572,1.34991598129,-0.0337183848023,-0.0157235432416,0.763607025146,-0.644608616829
0.607403039932,-0.0532977618277,1.34994661808,-0.0332699716091,-0.0153452921659,0.76405107975,-0.644114673138
0.607679367065,-0.0515141449869,1.35010743141,-0.0321564301848,-0.0150641174987,0.764290988445,-0.643893182278
0.607872903347,-0.0497993342578,1.34991157055,-0.0318922363222,-0.0142491515726,0.764477610588,-0.643703222275
0.608055830002,-0.0483086034656,1.3500803709,-0.0315788127482,-0.0151014477015,0.764839589596,-0.643269062042
0.608315050602,-0.0468001849949,1.35018396378,-0.0303578395396,-0.0148222604766,0.764637410641,-0.643574655056
0.608484148979,-0.0450797528028,1.3503292799,-0.0300141107291,-0.0152311138809,0.764748394489,-0.643449366093
0.608708202839,-0.0436099655926,1.35043692589,-0.0296226553619,-0.0156491231173,0.764653801918,-0.643569886684
0.608854472637,-0.0420756675303,1.35038995743,-0.0302801989019,-0.0160966161638,0.764734327793,-0.643432557583
0.609183907509,-0.0405615568161,1.35057926178,-0.0301258284599,-0.0163082703948,0.764021277428,-0.644280970097
0.609325230122,-0.0391528606415,1.35048305988,-0.0309048201889,-0.0172322038561,0.763845324516,-0.644428670406
0.609634637833,-0.0375432372093,1.35046076775,-0.031860858202,-0.0176758300513,0.763404905796,-0.644891679287
0.609855830669,-0.0362005494535,1.35060250759,-0.0319310724735,-0.0185135435313,0.762932956219,-0.6454231143
0.61034309864,-0.0349277853966,1.35081923008,-0.0323290638626,-0.0188018698245,0.761885821819,-0.646630883217
0.610171377659,-0.0335805490613,1.35070538521,-0.0331311970949,-0.019583998248,0.761837422848,-0.646624028683
0.610374033451,-0.0320248566568,1.35062015057,-0.0341251045465,-0.0202622804791,0.761368095875,-0.647103965282
0.610699653625,-0.0310950428247,1.35081601143,-0.0336128026247,-0.0205950010568,0.760504841805,-0.648134529591
0.61085242033,-0.0293922610581,1.35078537464,-0.0346541367471,-0.0206717196852,0.759509623051,-0.649243235588
0.610497295856,-0.0283861421049,1.35074877739,-0.0352093502879,-0.0204063411802,0.759613096714,-0.649100661278
0.611098885536,-0.0269832536578,1.35080397129,-0.0351193025708,-0.0204791035503,0.75784432888,-0.65116751194
0.611044466496,-0.0252241156995,1.35049772263,-0.0365918986499,-0.0199918989092,0.757377922535,-0.65164411068
0.611031293869,-0.0240988060832,1.35048902035,-0.0363515801728,-0.0200460646302,0.756235718727,-0.652981162071
0.610997855663,-0.0223842076957,1.3502600193,-0.0377252548933,-0.0189629774541,0.755674064159,-0.653585314751
0.610878944397,-0.0210413634777,1.35025393963,-0.0374810993671,-0.0187728274614,0.754495203495,-0.654965400696
0.610867261887,-0.0196500346065,1.35012638569,-0.038154873997,-0.0180046837777,0.753567218781,-0.656015574932
0.610979735851,-0.0183170512319,1.35018718243,-0.0383833274245,-0.0184839013964,0.752651929855,-0.657038927078
0.610715925694,-0.0169054046273,1.34999155998,-0.0383335016668,-0.0167458876967,0.751793861389,-0.658070027828
0.610682725906,-0.0154747925699,1.34988641739,-0.0387566648424,-0.0154993012547,0.75130790472,-0.658630549908
0.610893368721,-0.0142311677337,1.34990310669,-0.0388563275337,-0.0141655383632,0.749857008457,-0.660306096077
0.610774934292,-0.0130049698055,1.35003077984,-0.0377759858966,-0.0133557775989,0.749471902847,-0.660822808743
0.610888302326,-0.0117136985064,1.35000824928,-0.0373383834958,-0.0122233014554,0.748776495457,-0.661657094955
0.610800683498,-0.0103164166212,1.34996640682,-0.0372063294053,-0.0112017793581,0.748303890228,-0.662217080593
0.61091864109,-0.00928837805986,1.34980785847,-0.037308730185,-0.00991996563971,0.747714757919,-0.662897050381
0.610705018044,-0.00799151882529,1.3497761488,-0.0371817275882,-0.0085210558027,0.747462689877,-0.663207709789
0.610899448395,-0.00691862776875,1.34998059273,-0.0359906442463,-0.00791940186173,0.7467700243,-0.664060711861
0.610983669758,-0.00586776062846,1.34993231297,-0.0358662642539,-0.00671937409788,0.746409535408,-0.664485692978
0.611077606678,-0.00503097474575,1.3499931097,-0.0353796817362,-0.00561933312565,0.745686948299,-0.665332794189
0.61103707552,-0.00400891155005,1.34991455078,-0.0354660190642,-0.00442627398297,0.745265424252,-0.665809392929
0.61117708683,-0.00295204296708,1.34990537167,-0.0348809473217,-0.00365409161896,0.744812011719,-0.66635197401
0.611388206482,-0.00217780843377,1.34979057312,-0.0353260263801,-0.00198393594474,0.743819355965,-0.667443573475
0.611474275589,-0.00125793367624,1.34981000423,-0.0351401269436,-0.000855976366438,0.742831885815,-0.668554663658
0.611564576626,-0.0004589445889,1.34977531433,-0.0348780415952,0.000180221366463,0.742241203785,-0.669224560261
0.611583888531,0.000252429395914,1.34972143173,-0.0345070585608,0.00101774185896,0.741337716579,-0.670243799686
0.611710965633,0.00081280246377,1.34974575043,-0.0336688421667,0.001835779869,0.740243136883,-0.671493172646
0.611840724945,0.00164724141359,1.34972071648,-0.0335351042449,0.002893806668,0.739106953144,-0.672746658325
0.611792743206,0.00238822028041,1.3496979475,-0.0333302766085,0.00429446622729,0.738176465034,-0.673770129681
0.611900806427,0.00296610966325,1.34960961342,-0.0329917222261,0.0048005557619,0.737130224705,-0.674927890301
0.611791968346,0.00357541441917,1.34937572479,-0.0336092673242,0.00598488468677,0.736177921295,-0.675926506519
0.611165761948,0.00404115766287,1.34891736507,-0.0330472551286,0.00527351349592,0.736431896687,-0.675683617592
0.611172556877,0.00464364513755,1.34876060486,-0.0335833616555,0.00642522471026,0.73527020216,-0.676911115646
0.611424922943,0.00489996001124,1.3495464325,-0.030883198604,0.0078393612057,0.733925998211,-0.678481936455
0.611464560032,0.00546438619494,1.34953486919,-0.0306621473283,0.00843653921038,0.732819318771,-0.679679751396
0.61175686121,0.00572330504656,1.34949684143,-0.0315941460431,0.0101817790419,0.731352031231,-0.681191921234
0.611430644989,0.00603816658258,1.34959578514,-0.0302319861948,0.010182607919,0.730796277523,-0.681849777699
0.611368000507,0.00634497031569,1.34960436821,-0.0304657053202,0.0112708164379,0.729798436165,-0.682890236378
0.611250162125,0.00655189156532,1.34967470169,-0.0305284988135,0.012276828289,0.729102194309,-0.683613538742
0.611356556416,0.00694580748677,1.3495593071,-0.0310973767191,0.0129922712222,0.727624297142,-0.685147404671
0.6110881567,0.00726429745555,1.34956932068,-0.0310862939805,0.0138034308329,0.726933836937,-0.685864567757
0.611027956009,0.00731079652905,1.34961843491,-0.030945032835,0.014484715648,0.725601613522,-0.687266230583
0.610734581947,0.0074591897428,1.34966182709,-0.0309842415154,0.0150439972058,0.724997580051,-0.687889695168
0.610592901707,0.00740543752909,1.34967148304,-0.0304440688342,0.0151167027652,0.723787128925,-0.68918555975
0.61058473587,0.00753286480904,1.34966886044,-0.030843893066,0.0160574857146,0.722826480865,-0.690153956413
0.610167741776,0.00731529295444,1.34964108467,-0.0305924843997,0.0166694391519,0.722065508366,-0.690946877003
0.610207021236,0.00724497064948,1.34960865974,-0.0306221209466,0.0170918982476,0.720960557461,-0.692088127136
0.610282421112,0.0074051655829,1.34954762459,-0.0312933214009,0.0179410595447,0.7195931077,-0.693458557129
0.610197782516,0.00712056830525,1.34955739975,-0.0312095601112,0.0184380542487,0.71849244833,-0.694589495659
0.609855234623,0.00700814276934,1.34977793694,-0.0300950985402,0.0185113903135,0.718127846718,-0.69501376152
0.609710454941,0.00675351172686,1.3497467041,-0.0302879959345,0.0187354199588,0.716791033745,-0.69637799263
0.609604001045,0.00631289929152,1.34973323345,-0.030193189159,0.0191238075495,0.715930044651,-0.697256684303
0.60938256979,0.00604600459337,1.34969067574,-0.03031158261,0.0194781534374,0.715102255344,-0.698090612888
0.609948277473,0.00522160157561,1.35013973713,-0.0309248846024,0.0218899864703,0.712976634502,-0.70016336441
0.609698116779,0.00493955984712,1.35012447834,-0.0309494696558,0.0220821183175,0.712418138981,-0.700724482536
0.609636962414,0.00427602976561,1.3499597311,-0.0318132154644,0.0224372651428,0.711275935173,-0.701834082603
0.609487831593,0.00362235307693,1.34994399548,-0.0318728610873,0.0224798377603,0.710447967052,-0.702668070793
0.609474301338,0.00329015031457,1.35001480579,-0.0323423519731,0.022629128769,0.709470868111,-0.70362842083
0.609220564365,0.00245322659612,1.3500264883,-0.0322173982859,0.0226022861898,0.708730816841,-0.704380452633
0.60889339447,0.00162091478705,1.34994482994,-0.0324298255146,0.0223907325417,0.708354473114,-0.704755961895
0.608937561512,0.00107029825449,1.34991002083,-0.0327024273574,0.0220626965165,0.707415938377,-0.705695748329
0.608666777611,8.29696655273e-05,1.3499404192,-0.0327846892178,0.0220900718123,0.707060098648,-0.706047534943
0.608615279198,-0.000795025378466,1.34997749329,-0.0330216400325,0.0220494922251,0.705887198448,-0.707210481167
0.608703553677,-0.0013860501349,1.35007655621,-0.0332442820072,0.0218447204679,0.70483148098,-0.708258628845
0.608375966549,-0.00231118872762,1.35007739067,-0.0334688872099,0.0217324774712,0.70456969738,-0.708511888981
0.608335137367,-0.00343228131533,1.35000419617,-0.0337395705283,0.0211737938225,0.70387750864,-0.709203541279
0.608170568943,-0.0044036321342,1.34995663166,-0.0341633073986,0.0209111236036,0.702995300293,-0.710065603256
0.608192920685,-0.00553996115923,1.35004734993,-0.0342976078391,0.0205674413592,0.701989233494,-0.711063921452
0.60791349411,-0.00662649050355,1.35006678104,-0.0345758870244,0.0203513465822,0.701657474041,-0.711383998394
0.607773602009,-0.00765351578593,1.35016155243,-0.0349340066314,0.0201534889638,0.701166033745,-0.711856544018
0.607829809189,-0.00904081016779,1.35022652149,-0.0350190214813,0.0197744835168,0.700099289417,-0.712912201881
0.607631921768,-0.0100528858602,1.35027122498,-0.0354874022305,0.0195874180645,0.699713230133,-0.713273108006
0.607349097729,-0.0113383568823,1.35029315948,-0.0358169898391,0.0194808412343,0.699214100838,-0.713748753071
0.607156157494,-0.0127924606204,1.35030663013,-0.0361764058471,0.0190256536007,0.698626697063,-0.714317977428
0.607162892818,-0.0139796882868,1.35039806366,-0.0363409630954,0.0184575300664,0.697605550289,-0.715321719646
0.607128798962,-0.0155241750181,1.35045742989,-0.0367266573012,0.0183576587588,0.696990430355,-0.715903997421
0.607122004032,-0.0167715549469,1.35043811798,-0.0369611009955,0.0176262762398,0.696240663528,-0.716639518738
0.606954753399,-0.0182598978281,1.35053372383,-0.0370729230344,0.0171829629689,0.695713222027,-0.717156529427
0.606849730015,-0.0199012309313,1.35079932213,-0.0363911613822,0.0166689958423,0.694979012012,-0.717914938927
0.606704235077,-0.0215301550925,1.35064256191,-0.037871170789,0.0166078489274,0.694431185722,-0.71836990118
0.606606304646,-0.0227146483958,1.35067021847,-0.0382610298693,0.0160138197243,0.693857908249,-0.718916416168
0.606589853764,-0.0242656730115,1.35088658333,-0.0371654890478,0.0150393219665,0.693108081818,-0.719717860222
0.606399774551,-0.0259673222899,1.35073292255,-0.0387648306787,0.0149404928088,0.6923609972,-0.720354437828
0.606338918209,-0.027506724,1.35101556778,-0.0381336845458,0.0140252327546,0.69153034687,-0.721203744411
0.606479525566,-0.0289299786091,1.35079050064,-0.0399123542011,0.0139268152416,0.690480053425,-0.722115278244
0.606096684933,-0.0311253033578,1.35110855103,-0.0383804552257,0.0126098291948,0.6902333498,-0.72245824337
0.606190562248,-0.0327992476523,1.35118114948,-0.038631606847,0.0119927078485,0.68925088644,-0.723392724991
0.606038510799,-0.0345647782087,1.3511929512,-0.038974955678,0.0112208845094,0.688783466816,-0.723831772804
0.606030404568,-0.0365946255624,1.35129642487,-0.0389246158302,0.0106084086001,0.68790858984,-0.724675297737
0.606064260006,-0.0379288829863,1.35100233555,-0.0413142219186,0.0103363096714,0.686842441559,-0.725557625294
0.605952441692,-0.0402960255742,1.35138463974,-0.039539732039,0.00885002873838,0.686163008213,-0.726318538189
0.605575859547,-0.0426842682064,1.35139012337,-0.0397011525929,0.00812278501689,0.68613255024,-0.726347148418
0.605773210526,-0.044037155807,1.35116827488,-0.0422648489475,0.00799512304366,0.684795320034,-0.727464973927
0.605544447899,-0.0461514219642,1.35110259056,-0.0427005812526,0.00709194829687,0.684377610683,-0.727841794491
0.605649709702,-0.0483419820666,1.35118865967,-0.0428076647222,0.00586497690529,0.683264553547,-0.72889149189
0.605544507504,-0.0500338599086,1.35124945641,-0.0429946966469,0.0046560796909,0.682614028454,-0.729498326778
0.605760991573,-0.0519838295877,1.35091984272,-0.0453998185694,0.00411702599376,0.681403458118,-0.730487048626
0.605276286602,-0.0544776804745,1.35164666176,-0.0417950861156,0.00174419116229,0.681153059006,-0.730945110321
0.605810701847,-0.0557640343904,1.35098004341,-0.0460065789521,0.00138455547858,0.679405808449,-0.73231780529
0.605913281441,-0.0578231625259,1.35105156898,-0.0465748310089,-0.000178378570126,0.67808675766,-0.733504652977
0.605599105358,-0.0601106956601,1.35141766071,-0.0448446758091,-0.00194724125322,0.677966535091,-0.733720958233
0.605925500393,-0.0622414052486,1.35111284256,-0.047122977674,-0.00276765786111,0.676575779915,-0.734858632088
0.605870187283,-0.0643437206745,1.35109770298,-0.0480784364045,-0.00424776179716,0.675716042519,-0.735580265522
0.605765402317,-0.0663727968931,1.35103332996,-0.048801291734,-0.00553768780082,0.675122082233,-0.736069202423
0.605737268925,-0.0684277713299,1.35091471672,-0.0498671531677,-0.00714626675472,0.674175560474,-0.736851096153
0.605776906013,-0.0706891193986,1.35104179382,-0.0502865947783,-0.00828191824257,0.673350811005,-0.737564504147
0.605697214603,-0.0728701353073,1.35098934174,-0.0510843284428,-0.00981653667986,0.672446131706,-0.738315761089
0.605692088604,-0.0752481594682,1.35100007057,-0.051738448441,-0.0111168147996,0.671754837036,-0.738880932331
0.605186343193,-0.077081605792,1.35071492195,-0.0522715710104,-0.0138750486076,0.671653807163,-0.73888862133
0.605522215366,-0.079639069736,1.35092377663,-0.0535898059607,-0.0142485741526,0.670290648937,-0.740024089813
0.605455994606,-0.0819565802813,1.35093414783,-0.0542650185525,-0.01558281295,0.669549465179,-0.74061870575
0.60542845726,-0.084232494235,1.350923419,-0.0551266223192,-0.0171337556094,0.668516397476,-0.741453588009
0.605420947075,-0.0866019576788,1.3509221077,-0.0558044016361,-0.0185522865504,0.667614459991,-0.742180943489
0.605259239674,-0.0888830944896,1.35088801384,-0.0567989014089,-0.0201354660094,0.66683447361,-0.742765247822
0.604668617249,-0.0913680046797,1.35142540932,-0.0539852306247,-0.0230939406902,0.666598558426,-0.743100702763
0.605107069016,-0.0934863686562,1.35083043575,-0.0585790462792,-0.0234139058739,0.664850354195,-0.744307994843
0.605058431625,-0.0958795025945,1.35082995892,-0.0593514218926,-0.0245889015496,0.664003014565,-0.744964957237
0.605091333389,-0.0982953608036,1.35081481934,-0.0599958784878,-0.0263039767742,0.662632703781,-0.746074020863
0.60500061512,-0.100535921752,1.35079085827,-0.0608472488821,-0.0276861488819,0.661917328835,-0.746589958668
0.604932904243,-0.102881021798,1.35076451302,-0.0618288591504,-0.0291035044938,0.660803854465,-0.747441351414
0.604913234711,-0.105227462947,1.35075712204,-0.0624613203108,-0.0308137368411,0.65977025032,-0.748232901096
0.604098141193,-0.10808570683,1.35151016712,-0.0594853758812,-0.032995056361,0.659867048264,-0.748296976089
0.603717565536,-0.109964489937,1.35129785538,-0.0611008629203,-0.0345192216337,0.659498035908,-0.748423337936
0.605107069016,-0.112079516053,1.35057997704,-0.062929674983,-0.0335986278951,0.658453583717,-0.749233007431
0.604829013348,-0.114698827267,1.35076653957,-0.065567150712,-0.0365825966001,0.655029296875,-0.751863956451
0.604877650738,-0.11706379056,1.35068452358,-0.0661977976561,-0.0380491763353,0.653816819191,-0.752790570259
0.604455113411,-0.119306519628,1.35052776337,-0.0660554766655,-0.0412514358759,0.652533590794,-0.753747224808
0.604769647121,-0.121651574969,1.35066151619,-0.0678881928325,-0.0409841686487,0.650902092457,-0.7550085783
0.604374527931,-0.123943537474,1.350461483,-0.0675179064274,-0.0440652966499,0.649865090847,-0.755761146545
0.604705691338,-0.12622526288,1.35059416294,-0.0698891803622,-0.0437558814883,0.648033559322,-0.757135093212
0.604611694813,-0.128516644239,1.35061633587,-0.070282176137,-0.0453115105629,0.646571695805,-0.758256196976
0.604147017002,-0.130487620831,1.35040163994,-0.0705329477787,-0.0479155406356,0.645681321621,-0.758831322193
0.604425728321,-0.132923424244,1.35055696964,-0.0716964155436,-0.0485646985471,0.643435955048,-0.760586202145
0.604347229004,-0.135177120566,1.35057985783,-0.0725741013885,-0.0497547760606,0.64158898592,-0.761984944344
0.60429495573,-0.137264072895,1.35054993629,-0.07299836725,-0.0511795952916,0.63997823,-0.763203561306
0.604227900505,-0.139534831047,1.3505487442,-0.0736260637641,-0.0523563362658,0.638262689114,-0.76449906826
0.604134082794,-0.141668051481,1.35051369667,-0.0740949958563,-0.0535656921566,0.636432111263,-0.765894830227
0.60375058651,-0.143545240164,1.35022866726,-0.0738918036222,-0.0564628913999,0.634942829609,-0.766941726208
0.603966116905,-0.145821794868,1.3504806757,-0.0749332755804,-0.0561250783503,0.632687807083,-0.768726944923
0.603804826736,-0.147876039147,1.35052895546,-0.0753250569105,-0.0571882389486,0.630931437016,-0.770052731037
0.603848874569,-0.149790078402,1.35042583942,-0.0755074471235,-0.0586655251682,0.628835618496,-0.771636486053
0.603509366512,-0.151528149843,1.35020339489,-0.0752540454268,-0.0612212084234,0.62719643116,-0.772795796394
0.603691518307,-0.15362547338,1.35046863556,-0.0764424279332,-0.0608188584447,0.625035107136,-0.774460375309
0.603571951389,-0.155486628413,1.35047030449,-0.0766973122954,-0.0618564970791,0.623352825642,-0.775707781315
0.603464126587,-0.157342776656,1.3505398035,-0.0767686218023,-0.0631557777524,0.621628046036,-0.776979148388
0.603052735329,-0.158836036921,1.35031533241,-0.0764226391912,-0.0656624883413,0.620041429996,-0.778072416782
0.603154063225,-0.160665199161,1.35037899017,-0.0767909660935,-0.0666579902172,0.617971539497,-0.779596626759
0.603356003761,-0.162492007017,1.35065305233,-0.0777498111129,-0.0662758499384,0.616383552551,-0.780790567398
0.603229224682,-0.16412986815,1.35070133209,-0.0778476521373,-0.0673706457019,0.61508846283,-0.781707823277
0.602914631367,-0.165549740195,1.35045433044,-0.0772179141641,-0.0701504051685,0.613617479801,-0.782681286335
0.602786779404,-0.167281284928,1.35063147545,-0.0782003104687,-0.0664481148124,0.608262598515,-0.787074267864
0.603239119053,-0.168560162187,1.35097920895,-0.0782467201352,-0.0705685168505,0.611023128033,-0.78456890583
0.60322701931,-0.169900387526,1.35093355179,-0.0784854665399,-0.0714813545346,0.60988587141,-0.785346865654
0.602929532528,-0.171161934733,1.35071623325,-0.0778542384505,-0.0736339613795,0.609128296375,-0.785798668861
0.603077590466,-0.172495096922,1.35108876228,-0.0787140205503,-0.0729953795671,0.60810393095,-0.786565601826
0.60292494297,-0.173583656549,1.35114479065,-0.0786569043994,-0.0738037526608,0.60751336813,-0.786952197552
0.602931082249,-0.174753829837,1.35114622116,-0.0789201036096,-0.0744741484523,0.606778860092,-0.787429153919
0.602742016315,-0.175710961223,1.3511993885,-0.0787838622928,-0.075117200613,0.606342256069,-0.787717998028
0.602788984776,-0.17671354115,1.35125029087,-0.0790185928345,-0.0753056555986,0.605662345886,-0.788199424744
0.60212546587,-0.177741110325,1.3510518074,-0.0786712169647,-0.0730262547731,0.601576268673,-0.791570603848
0.602594792843,-0.178532153368,1.35132992268,-0.0789401307702,-0.0763077288866,0.605181515217,-0.788480162621
0.602525115013,-0.179353952408,1.35121846199,-0.079195484519,-0.0772311538458,0.605078041553,-0.78844410181
0.602380931377,-0.180155649781,1.35130429268,-0.0789948999882,-0.0774378180504,0.605290949345,-0.788280546665
0.602424919605,-0.180816039443,1.35139751434,-0.0786274895072,-0.0776930376887,0.605265378952,-0.788311719894
0.602021455765,-0.18124499917,1.35118567944,-0.0778752565384,-0.0792360901833,0.605816602707,-0.787809371948
0.60241663456,-0.182110592723,1.35137844086,-0.0784514769912,-0.078043140471,0.605667591095,-0.787985742092
0.602395296097,-0.182686507702,1.35137045383,-0.0779885873199,-0.0783142074943,0.606333255768,-0.787492632866
0.60248786211,-0.18317347765,1.35135233402,-0.0779159963131,-0.0784177333117,0.606568336487,-0.787308454514
0.602509200573,-0.183619439602,1.35135531425,-0.0779436007142,-0.078514829278,0.607209920883,-0.786801278591
0.602592527866,-0.184026256204,1.35130882263,-0.0779037922621,-0.0785073190928,0.607826650143,-0.786329686642
0.602530002594,-0.184057459235,1.35079908371,-0.0752295404673,-0.0777559354901,0.610639095306,-0.784483611584
0.60265994072,-0.18467849493,1.35119402409,-0.077841296792,-0.0783406570554,0.60943955183,-0.785103201866
0.602820396423,-0.184709697962,1.35090219975,-0.0758843049407,-0.076350338757,0.612091481686,-0.783425867558
0.602984905243,-0.184877634048,1.35090529919,-0.0756633877754,-0.0760584399104,0.612966775894,-0.782791078091
0.602450847626,-0.184911340475,1.35086643696,-0.0767914950848,-0.0795281976461,0.612543523312,-0.782667756081
0.60247272253,-0.185282707214,1.35087311268,-0.0768062397838,-0.0755478292704,0.609184741974,-0.785676419735
0.602787733078,-0.184943139553,1.35080802441,-0.0761153995991,-0.0795535221696,0.614273607731,-0.78137421608
0.602693736553,-0.184702709317,1.35032868385,-0.0731490254402,-0.0789424329996,0.617483019829,-0.779186785221
0.602784752846,-0.185121551156,1.35060632229,-0.0752330571413,-0.0784216448665,0.614763200283,-0.781188964844
0.603289306164,-0.184803113341,1.35082435608,-0.0766270160675,-0.0775520130992,0.617673516273,-0.778841018677
0.603471755981,-0.184596419334,1.35101115704,-0.0757929459214,-0.0773176476359,0.618526101112,-0.778269290924
0.603600025177,-0.184294700623,1.35086476803,-0.0758580118418,-0.0772659108043,0.619684815407,-0.777345657349
0.603638827801,-0.184023231268,1.35086548328,-0.0752987116575,-0.0767197236419,0.62119269371,-0.776249885559
0.603724658489,-0.183697357774,1.35091018677,-0.0744764655828,-0.0763711407781,0.622326910496,-0.775454640388
0.603492856026,-0.183073922992,1.35080695152,-0.0729583501816,-0.0775077715516,0.624007284641,-0.774134755135
0.603644251823,-0.18255135417,1.35078644753,-0.0724559351802,-0.0770249217749,0.624996602535,-0.773431718349
0.604150354862,-0.182336270809,1.35098731518,-0.0724833533168,-0.0749677047133,0.625751376152,-0.773020863533
0.604193747044,-0.18183323741,1.35107696056,-0.0716416984797,-0.0746639445424,0.627186357975,-0.771965026855
0.604341983795,-0.181237086654,1.35105133057,-0.0710600465536,-0.0742466077209,0.628143548965,-0.771280527115
0.604445576668,-0.180602163076,1.35100054741,-0.0705171227455,-0.0738756433129,0.629437923431,-0.770310163498
0.604586780071,-0.180031776428,1.35102903843,-0.0697099938989,-0.0736123025417,0.630796968937,-0.769296348095
0.604198276997,-0.179475039244,1.35074281693,-0.068904094398,-0.0704288184643,0.628277719021,-0.771724820137
0.604085803032,-0.178310379386,1.35058903694,-0.0670064389706,-0.0754462853074,0.634096026421,-0.766642212868
0.604526817799,-0.177746102214,1.35073077679,-0.0671032145619,-0.0737903639674,0.635010659695,-0.766037583351
0.604770302773,-0.176870197058,1.35052549839,-0.0644388496876,-0.0710933879018,0.638144016266,-0.763914823532
0.604667782784,-0.176182702184,1.35070514679,-0.0658107250929,-0.0725774616003,0.637603282928,-0.764109611511
0.604734420776,-0.175202697515,1.35063147545,-0.0653160884976,-0.0718576312065,0.639072179794,-0.762992143631
0.604317605495,-0.174341008067,1.35038399696,-0.064221188426,-0.0683368220925,0.63659799099,-0.765473008156
0.604882180691,-0.17330236733,1.35059499741,-0.0642043948174,-0.070378318429,0.641750156879,-0.760974109173
0.604693770409,-0.172496587038,1.35065054893,-0.0640840604901,-0.065047852695,0.639553129673,-0.763304531574
0.60523802042,-0.171286508441,1.35085999966,-0.0639483630657,-0.0670898407698,0.644798696041,-0.758712172508
0.605290651321,-0.170205444098,1.35084939003,-0.0633325278759,-0.0666148737073,0.646328926086,-0.757502734661
0.605329930782,-0.16910135746,1.35084247589,-0.0628407597542,-0.065797612071,0.648371458054,-0.75586783886
0.605003595352,-0.168268561363,1.35104799271,-0.0601474307477,-0.0660254955292,0.650568842888,-0.754177093506
0.605210602283,-0.167101815343,1.35108196735,-0.0597523525357,-0.0652740970254,0.652047336102,-0.752996146679
0.605300068855,-0.165966570377,1.35109376907,-0.0592957139015,-0.0644675269723,0.654112756252,-0.751308441162
0.605168282986,-0.164512977004,1.35099625587,-0.0582504719496,-0.0648749247193,0.656346082687,-0.74940508604
0.605768918991,-0.163463398814,1.35125267506,-0.0580123923719,-0.063011161983,0.657766342163,-0.748336613178
0.605525076389,-0.161977216601,1.35113942623,-0.0573666840792,-0.0635636150837,0.66026622057,-0.746134877205
0.606338381767,-0.160633429885,1.3511300087,-0.0590605847538,-0.0610954724252,0.661741197109,-0.744901239872
0.605895578861,-0.159657150507,1.35172867775,-0.0559155791998,-0.0611639283597,0.664937436581,-0.742287576199
0.606093764305,-0.158291473985,1.3516472578,-0.0559739433229,-0.0605575069785,0.666943132877,-0.740531265736
0.606306552887,-0.156855538487,1.35166919231,-0.0557510592043,-0.0597928836942,0.668984591961,-0.738766789436
0.60651320219,-0.15551482141,1.35169005394,-0.0558613575995,-0.0591029562056,0.671021580696,-0.736964404583
0.606216371059,-0.15415596962,1.35146570206,-0.0552811659873,-0.0595957450569,0.673895180225,-0.734341681004
0.606648385525,-0.152483686805,1.35142815113,-0.0525102168322,-0.0569463819265,0.67792224884,-0.731041371822
0.607620418072,-0.150875806808,1.35146212578,-0.0573164559901,-0.057315915823,0.676608264446,-0.731868267059
0.607732713223,-0.149621978402,1.35133528709,-0.0550001263618,-0.054177518934,0.681175768375,-0.728038012981
0.608016490936,-0.147919237614,1.35159897804,-0.0567010976374,-0.0563675574958,0.681184887886,-0.727732777596
0.608239650726,-0.14633846283,1.35166418552,-0.0567228272557,-0.0559501312673,0.683168590069,-0.725901424885
0.608446896076,-0.144925445318,1.3516638279,-0.0564568340778,-0.0549674145877,0.685656249523,-0.723648190498
0.608604311943,-0.143427371979,1.3517087698,-0.056115038693,-0.0544334575534,0.687817931175,-0.721661090851
0.60888671875,-0.141617938876,1.35172903538,-0.0560019426048,-0.0536505430937,0.690113246441,-0.719533920288
0.60907971859,-0.140113696456,1.35167121887,-0.0533751435578,-0.0512301027775,0.695258021355,-0.714942634106
0.609172821045,-0.138369515538,1.35171449184,-0.0555853657424,-0.0523759908974,0.695074796677,-0.714869320393
0.609393119812,-0.136728465557,1.35178482533,-0.0549533478916,-0.0514442175627,0.697641789913,-0.712481319904
0.609378933907,-0.135165140033,1.3520847559,-0.0530685894191,-0.0509545207024,0.700323522091,-0.710024297237
0.609489560127,-0.133426144719,1.35181570053,-0.0542049892247,-0.0494105257094,0.703355491161,-0.707044243813
0.610161185265,-0.131320044398,1.35168600082,-0.0518414564431,-0.0469984672964,0.707612276077,-0.703127741814
0.609885275364,-0.129689246416,1.35187757015,-0.0534608289599,-0.0473166368902,0.708464741707,-0.702125966549
0.610097229481,-0.127843528986,1.35219919682,-0.0508419275284,-0.0467392988503,0.710919082165,-0.699874699116
0.610429048538,-0.125639662147,1.35180008411,-0.0519026964903,-0.0452905371785,0.71348118782,-0.697280108929
0.610535144806,-0.123705275357,1.35200285912,-0.0508575923741,-0.0438230931759,0.715880453587,-0.694988071918
0.610340714455,-0.121451884508,1.35185098648,-0.0498431622982,-0.0431955195963,0.718935728073,-0.691940248013
0.610486447811,-0.119427286088,1.35191035271,-0.0485488958657,-0.041590411216,0.721579253674,-0.68937420845
0.610606014729,-0.117303818464,1.35187840462,-0.0475697442889,-0.0403116419911,0.723804354668,-0.687182307243
0.610725820065,-0.115312181413,1.35203385353,-0.0462115742266,-0.038511801511,0.726324617863,-0.684714376926
0.610633730888,-0.112998060882,1.35185945034,-0.0444257184863,-0.0386508852243,0.728528380394,-0.682480037212
