x,y,z,q0,q1,q2,q3
-0.55281496048,-0.0529355406761,1.20604324341,-0.00234746723436,0.0244369786233,0.784629702568,0.619478464127
-0.552738904953,-0.0529293231666,1.20604491234,-0.00232079252601,0.0244440939277,0.784629166126,0.619479060173
-0.552652537823,-0.0529402047396,1.20604789257,-0.00229734415188,0.0244832318276,0.784613788128,0.619496881962
-0.552574753761,-0.0529421381652,1.20604383945,-0.00229678559117,0.0245081596076,0.784619629383,0.619488537312
-0.552478730679,-0.0529421493411,1.20605349541,-0.00222649960779,0.0245281290263,0.784594118595,0.619520485401
-0.552395701408,-0.0529415234923,1.20605254173,-0.00221997848712,0.0245690364391,0.784586846828,0.619528055191
-0.552247822285,-0.0529782027006,1.20602452755,-0.00209820270538,0.0247646942735,0.784685373306,0.61939573288
-0.55189627409,-0.0528045967221,1.20588326454,-0.000370308960555,0.024810358882,0.78675866127,0.616761922836
-0.551801741123,-0.0528085008264,1.20588719845,-0.000280288717477,0.0248362775892,0.786755025387,0.616765379906
-0.551688730717,-0.0527027994394,1.2058262825,-0.000248961761827,0.0250157229602,0.786609590054,0.616943717003
-0.551600635052,-0.0527131035924,1.2058236599,-0.00022267861641,0.0250352900475,0.78661864996,0.616931438446
-0.551680862904,-0.0528539419174,1.20596277714,-0.00195461278781,0.0251010358334,0.784286797047,0.619887411594
-0.551605939865,-0.0528534539044,1.20595693588,-0.00195364886895,0.0251100584865,0.78427284956,0.619904637337
-0.551514863968,-0.0528857856989,1.20597589016,-0.00209358008578,0.0253874044865,0.784364461899,0.619776964188
-0.551441609859,-0.0528942197561,1.20596754551,-0.00210603163578,0.0254143960774,0.784350156784,0.619793832302
-0.551342785358,-0.0528990104795,1.20596563816,-0.00207705865614,0.025399627164,0.784293115139,0.619866847992
-0.551251292229,-0.0529030673206,1.20596206188,-0.00200458546169,0.0253682490438,0.784241199493,0.619934022427
-0.551156461239,-0.0529033467174,1.20596957207,-0.00195605144836,0.0253162309527,0.784185826778,0.62000644207
-0.551101446152,-0.0530678629875,1.20602083206,-0.00195413944311,0.0251184049994,0.784314453602,0.619851768017
-0.550998628139,-0.0531204715371,1.20605063438,-0.0017983734142,0.0250854119658,0.78423678875,0.619951725006
-0.550903618336,-0.0530632510781,1.20600807667,-0.00191688432824,0.0250038746744,0.784162640572,0.620048344135
-0.550800800323,-0.0530123412609,1.20602035522,-0.00179428828415,0.0249934550375,0.784057438374,0.620182275772
-0.550656974316,-0.052977155894,1.20602548122,-0.00163941213395,0.0250471439213,0.783829331398,0.6204687953
-0.550575554371,-0.0530582889915,1.20606637001,-0.00141302775592,0.025195363909,0.783776581287,0.620530068874
-0.550490856171,-0.0530733093619,1.20606279373,-0.00138259853702,0.0252716429532,0.783712863922,0.620607495308
-0.550361812115,-0.0529913753271,1.20598292351,-0.00133294879925,0.0255156252533,0.783488631248,0.62088060379
-0.550260365009,-0.0530172362924,1.20597100258,-0.00135275081266,0.0256136972457,0.783362448215,0.621035695076
-0.550171971321,-0.0530267991126,1.20597076416,-0.00128976616543,0.0256548002362,0.783313930035,0.621095478535
-0.550093472004,-0.0530465953052,1.20596063137,-0.00127961067483,0.0256768073887,0.783254206181,0.621169865131
-0.550015985966,-0.0530832707882,1.20595932007,-0.00123969523702,0.0257148947567,0.783204197884,0.621231436729
-0.54993391037,-0.0530967488885,1.20594930649,-0.00121283577755,0.0257622860372,0.783115684986,0.621341049671
-0.549427092075,-0.0529363229871,1.20578885078,0.00131002312992,0.0261836312711,0.786373198032,0.617195129395
-0.549774169922,-0.0531755238771,1.2059006691,-0.00118538388051,0.0261030551046,0.78313434124,0.621303260326
-0.549664676189,-0.0532877445221,1.20596444607,-0.00123440322932,0.0260203443468,0.783110558987,0.621336758137
-0.549466133118,-0.0533883608878,1.20595395565,-0.00123621453531,0.0262214764953,0.782745063305,0.621788680553
-0.549101173878,-0.0531573966146,1.20580124855,0.00130206544418,0.0263867098838,0.786104738712,0.617528438568
-0.54903036356,-0.0531954318285,1.20581901073,0.00134657532908,0.0264270547777,0.786003708839,0.617655217648
-0.548964381218,-0.0532439574599,1.20582449436,0.00139219698031,0.026459556073,0.785974562168,0.61769080162
-0.548874795437,-0.0532484650612,1.20583951473,0.00145910761785,0.0264689475298,0.78588861227,0.617799520493
-0.54886174202,-0.0533237680793,1.20582771301,0.00120779580902,0.0263111963868,0.786026060581,0.617632091045
-0.548738241196,-0.0532597079873,1.20579016209,0.00135343708098,0.0265520960093,0.785788655281,0.617923438549
-0.548664748669,-0.0532649643719,1.205742836,0.00130833417643,0.0267081465572,0.785698115826,0.618031978607
-0.548599839211,-0.0532862767577,1.20576155186,0.00134480732959,0.0267233774066,0.785640180111,0.618104755878
-0.548618674278,-0.0534859076142,1.20582997799,0.00146941433195,0.0268038231879,0.78579056263,0.617909967899
-0.548570454121,-0.0535069108009,1.20583844185,0.00144450971857,0.0268509574234,0.785718262196,0.617999792099
-0.548295557499,-0.0534908398986,1.20579981804,0.00156532181427,0.0271148309112,0.785229682922,0.618608772755
-0.548375666142,-0.0534440688789,1.2058160305,0.00158714444842,0.0270266830921,0.785443902016,0.618340373039
-0.548326253891,-0.0534018203616,1.20584118366,0.00170531158801,0.0270225349814,0.785347282887,0.618463099003
-0.548279047012,-0.0534311830997,1.20583987236,0.00175241474062,0.027037166059,0.785339236259,0.618472456932
-0.548621535301,-0.0536409467459,1.20599114895,-0.000552583194803,0.0262985732406,0.781771838665,0.623009622097
-0.548598408699,-0.0537157692015,1.20600378513,-0.00058051693486,0.0262348949909,0.781794071198,0.622984290123
-0.548563301563,-0.0537357032299,1.20600962639,-0.000513388775289,0.0262409932911,0.781747579575,0.623042523861
-0.548534214497,-0.0537779033184,1.20601212978,-0.00055188825354,0.0262378081679,0.78165435791,0.623159706593
-0.548488795757,-0.0538104325533,1.20600092411,-0.000566329865251,0.0262247212231,0.781597077847,0.623231887817
-0.548432469368,-0.053845256567,1.20601904392,-0.000472220941447,0.0262103714049,0.781524837017,0.623323082924
-0.548404872417,-0.0539317540824,1.2059956789,-0.000567060138565,0.0262335631996,0.78152179718,0.623325765133
-0.548362135887,-0.0539744496346,1.20599532127,-0.000440078380052,0.0261669717729,0.781500756741,0.623355269432
-0.548326909542,-0.0540428236127,1.20604145527,-0.000389272550819,0.0260383244604,0.781471312046,0.623397529125
-0.548282444477,-0.0540355443954,1.20599472523,-0.000370372727048,0.0261469651014,0.781390428543,0.623494386673
-0.548265278339,-0.0541858188808,1.20604157448,-0.00030689992127,0.0260711666197,0.781440258026,0.623435139656
-0.54821741581,-0.0541765168309,1.20598244667,-0.000408031279221,0.0261841174215,0.781342566013,0.623552680016
-0.547712028027,-0.0540778413415,1.20582723618,0.00196168781258,0.0266391895711,0.784311234951,0.619792222977
-0.547675848007,-0.0541291162372,1.20584130287,0.00202299421653,0.0266346167773,0.784302413464,0.619803309441
-0.54762595892,-0.0541288293898,1.20583713055,0.00199033366516,0.0266035869718,0.784174084663,0.619967162609
-0.547589242458,-0.0542092695832,1.20583403111,0.00199935678393,0.0266341138631,0.784192979336,0.619941949844
-0.547677338123,-0.0541480928659,1.20583677292,0.00199818052351,0.0265083219856,0.784333884716,0.619769096375
-0.547664880753,-0.0543097257614,1.20593488216,0.00202520797029,0.0262444876134,0.784413635731,0.61967921257
-0.547644674778,-0.0543614067137,1.20593333244,0.0020390599966,0.0262330267578,0.784410655499,0.619683563709
-0.54762083292,-0.0544068701565,1.20592796803,0.00200038263574,0.0262492019683,0.78436678648,0.619738578796
-0.547730565071,-0.0544849336147,1.20600771904,0.00270668743178,0.0266731306911,0.784520685673,0.619522690773
-0.547669053078,-0.0545262545347,1.20602011681,0.00274828076363,0.0265547055751,0.784468114376,0.619594395161
-0.548048138618,-0.0548387467861,1.20620083809,0.000669331464451,0.0259184222668,0.781453192234,0.623425006866
-0.548024713993,-0.0548688918352,1.20614135265,0.000563553650863,0.026271533221,0.781468033791,0.62339168787
-0.547964692116,-0.0548523440957,1.20610404015,0.000542271416634,0.0263459887356,0.781364679337,0.623518109322
-0.54795217514,-0.054915998131,1.20621335506,0.000715181871783,0.0259777996689,0.781437456608,0.623442173004
-0.547923982143,-0.0549567565322,1.20620000362,0.000652087735943,0.0259824134409,0.781450152397,0.623426139355
-0.547912955284,-0.05500080809,1.20620584488,0.000675435352605,0.0260072126985,0.781435847282,0.623443126678
-0.547885656357,-0.0550442039967,1.20619726181,0.000641327351332,0.0259700827301,0.781435310841,0.623445391655
-0.547892212868,-0.0551701113582,1.20625662804,0.000581804662943,0.0257561355829,0.781544387341,0.623317420483
-0.547832667828,-0.0551322996616,1.20619022846,0.000570970994886,0.0260205604136,0.781411170959,0.623473525047
-0.547850251198,-0.0552520900965,1.20625090599,0.00053990870947,0.0257825981826,0.781546235085,0.623314142227
-0.547836601734,-0.0552921891212,1.20624649525,0.000523415161297,0.025765798986,0.781551659107,0.623308002949
-0.547819077969,-0.0553348362446,1.20624041557,0.000508420867845,0.0257734935731,0.781564474106,0.623291671276
-0.547812759876,-0.0553713738918,1.20623290539,0.000499662593938,0.0257550664246,0.781582951546,0.623269200325
-0.547800600529,-0.0554100722075,1.20622253418,0.000514655315783,0.0257257577032,0.781611680984,0.623234391212
-0.547765552998,-0.0553703084588,1.20614755154,0.000526927236933,0.0259324852377,0.781522870064,0.623337268829
-0.547652065754,-0.055481992662,1.20613324642,0.000516297237482,0.0260311588645,0.78134649992,0.623554229736
-0.547640681267,-0.0553913936019,1.20598864555,-5.94192242716e-05,0.0253659076989,0.781274199486,0.623672366142
-0.547645330429,-0.0555810183287,1.20610368252,0.000673992850352,0.025764523074,0.781269788742,0.623661279678
-0.547615289688,-0.0556300655007,1.20608615875,0.000771648949012,0.0257980655879,0.78146904707,0.623409986496
-0.547460615635,-0.0555858574808,1.20594143867,5.66226772207e-05,0.0255006849766,0.781290411949,0.623646557331
-0.547598540783,-0.0557127073407,1.20606803894,0.000782194023486,0.0257740560919,0.781547784805,0.623312413692
-0.547412514687,-0.0556265860796,1.20594596863,0.000107134525024,0.0255218595266,0.781319975853,0.623608648777
-0.547403872013,-0.0556704923511,1.2059237957,0.000113075766421,0.0255227405578,0.781366705894,0.623550117016
-0.547429800034,-0.0558184795082,1.20591425896,8.22873334982e-06,0.0255251657218,0.78150331974,0.623378694057
-0.547416806221,-0.0558748468757,1.20590102673,-5.29926837771e-05,0.0255120601505,0.78152269125,0.623354971409
-0.547420978546,-0.0559239834547,1.20590078831,-4.7171015467e-05,0.0254909526557,0.781547784805,0.623324334621
-0.547416687012,-0.0559615641832,1.20589709282,-2.25993517233e-05,0.0254651922733,0.781591594219,0.623270452023
-0.547549784184,-0.0559350065887,1.20590043068,-3.14903190883e-05,0.0252977907658,0.781871259212,0.622926473618
-0.547536492348,-0.055982016027,1.20589387417,-3.1381714507e-05,0.0253021474928,0.781876444817,0.622919797897
-0.54753702879,-0.0560266003013,1.20589339733,-3.20111284964e-05,0.0253006387502,0.781893491745,0.62289839983
-0.547509372234,-0.0560778006911,1.2058801651,-5.32516060048e-05,0.0253174435347,0.781832695007,0.622974038124
-0.547699093819,-0.0561990365386,1.20600378513,0.000874483201187,0.0253880601376,0.782188057899,0.622524380684
-0.547688126564,-0.0562388747931,1.20599615574,0.000895214674529,0.0253781024367,0.782186806202,0.622526288033
-0.547655642033,-0.0562886148691,1.20598316193,0.000901818857528,0.0253922864795,0.782140731812,0.622583568096
-0.54764688015,-0.0563915483654,1.20597338676,0.000884706445504,0.025417804718,0.782140493393,0.622582912445
-0.547631561756,-0.0564269050956,1.20596241951,0.000904786225874,0.0254435390234,0.782147407532,0.622573137283
-0.547624647617,-0.0564270056784,1.20597612858,0.000895599252544,0.0254950840026,0.782185792923,0.622522711754
-0.547609210014,-0.0565207600594,1.20596456528,0.000887326197699,0.0255323797464,0.782180249691,0.622528254986
-0.547596156597,-0.0565724596381,1.20596146584,0.000984071288258,0.0255292057991,0.782178580761,0.622530341148
-0.547567307949,-0.0565402582288,1.20591449738,0.000995958806016,0.0256803743541,0.782095015049,0.622629106045
-0.547612547874,-0.0565471351147,1.20585310459,0.00086553953588,0.0256929900497,0.782191872597,0.622507095337
-0.547597110271,-0.0565956160426,1.20585119724,0.000883628730662,0.0257056169212,0.78217959404,0.622522056103
-0.547595262527,-0.0566532686353,1.20584511757,0.000878250342794,0.0257058218122,0.782188713551,0.622510433197
-0.547610878944,-0.0567168593407,1.2058609724,0.000734257046133,0.0257576033473,0.782039582729,0.622695863247
-0.547601997852,-0.0567643791437,1.20585465431,0.000773782958277,0.0257486179471,0.782001435757,0.622744143009
-0.547592520714,-0.0568040236831,1.20585584641,0.000812350772321,0.0257098674774,0.781958818436,0.622799277306
-0.547529459,-0.0569835230708,1.20581030846,0.000754434906412,0.0260123256594,0.781828522682,0.622950196266
-0.547528684139,-0.0570222996175,1.20581257343,0.000768125755712,0.0259934272617,0.781773686409,0.623019993305
-0.547595977783,-0.0569262728095,1.20581817627,0.000898382102605,0.0258256997913,0.781851291656,0.622929334641
-0.547542154789,-0.0569767653942,1.20587253571,0.00105387519579,0.0257249735296,0.781703293324,0.623119056225
-0.547519922256,-0.057179607451,1.20577597618,0.00115637807176,0.0256042741239,0.781603753567,0.623248577118
-0.547575652599,-0.0570855736732,1.20578885078,0.00127496675123,0.0254294704646,0.781658649445,0.623186588287
-0.547570586205,-0.0571327060461,1.20577847958,0.00131459825207,0.0254537519068,0.781652092934,0.623193740845
-0.547381460667,-0.0572353750467,1.20582091808,0.00149530335329,0.025434885174,0.781249165535,0.623699188232
-0.54736405611,-0.0572695955634,1.20581412315,0.00156586023513,0.0254372544587,0.781235218048,0.62371635437
-0.54734057188,-0.0572975724936,1.20580840111,0.00162544322666,0.0253990311176,0.781165421009,0.623805165291
-0.547329246998,-0.0573286749423,1.20580267906,0.00167310493998,0.025424413383,0.781134724617,0.623842418194
-0.547331392765,-0.0573842078447,1.20581185818,0.00167639052961,0.0253596697003,0.78114759922,0.623828947544
-0.547320663929,-0.0574165284634,1.20580923557,0.00170961860567,0.0253513716161,0.781106412411,0.62388074398
-0.547433853149,-0.0573789104819,1.20580434799,0.00173462834209,0.0252498146147,0.781330168247,0.623604536057
-0.547291696072,-0.0574870593846,1.20579755306,0.00171881960705,0.0254039280117,0.781044185162,0.623956501484
-0.547259271145,-0.0575312674046,1.20580554008,0.00173598004039,0.0253876429051,0.780941188335,0.624086022377
-0.547247767448,-0.0575584173203,1.20580053329,0.00175283080898,0.0253734532744,0.780926167965,0.624105513096
-0.547241926193,-0.0575979948044,1.20580136776,0.00171250547282,0.025390945375,0.780878186226,0.624164879322
-0.547340631485,-0.057500846684,1.20580208302,0.00177902483847,0.0252370722592,0.781035006046,0.623974680901
-0.54735660553,-0.0575815066695,1.20579981804,0.00170098361559,0.0252442285419,0.781059980392,0.623943209648
-0.547333478928,-0.0576044656336,1.20579874516,0.00175165315159,0.0252249035984,0.780985414982,0.624037206173
-0.547326207161,-0.0576355755329,1.20579266548,0.00175873260014,0.0252041220665,0.780965685844,0.624062776566
-0.547314047813,-0.0576690658927,1.20578312874,0.00177321396768,0.0252060778439,0.780933201313,0.624103248119
-0.547295331955,-0.0576694346964,1.20578038692,0.00179063272662,0.0251752268523,0.780878841877,0.624172508717
-0.547283947468,-0.0576957836747,1.20577335358,0.00181264709681,0.0251481067389,0.780856370926,0.624201714993
-0.547270417213,-0.0577242039144,1.20576488972,0.00181877205614,0.025164116174,0.780815243721,0.624252438545
-0.547247707844,-0.0577621124685,1.20575201511,0.00183919433039,0.025171963498,0.780798792839,0.624272525311
-0.547229409218,-0.0577895529568,1.20574593544,0.0018510724185,0.0251733418554,0.780780076981,0.624296069145
-0.547217011452,-0.0578213781118,1.20574355125,0.00185426825192,0.0251521635801,0.780764102936,0.624316751957
-0.547198951244,-0.0578513555229,1.20574223995,0.00187535339501,0.0251395683736,0.780753195286,0.624330878258
-0.547193527222,-0.057879768312,1.20573997498,0.00191351759713,0.025095609948,0.780752122402,0.62433385849
-0.547181546688,-0.0579195618629,1.20574808121,0.00192276632879,0.025059165433,0.780728697777,0.624364495277
-0.547168850899,-0.057963360101,1.2057441473,0.00190193764865,0.0250286441296,0.780723154545,0.624372780323
-0.547155618668,-0.0579888708889,1.20573866367,0.00189348030835,0.0249508060515,0.780721545219,0.624377846718
-0.547148764133,-0.0580674894154,1.20574700832,0.00179419992492,0.0250293407589,0.780769050121,0.624315619469
-0.547125041485,-0.0580711364746,1.20572888851,0.00197912799194,0.0248136091977,0.780737817287,0.624362707138
-0.54712498188,-0.058097422123,1.20573079586,0.00194834300783,0.0247271489352,0.78073489666,0.624369978905
-0.54711163044,-0.0581892840564,1.20571029186,0.00187977356836,0.0247569661587,0.780719935894,0.624387681484
-0.547102451324,-0.0582635141909,1.205717206,0.00178462953772,0.0246484428644,0.780752003193,0.624352157116
-0.547091245651,-0.0582999289036,1.20569968224,0.00175782258157,0.0246135573834,0.780725300312,0.624387025833
-0.547106266022,-0.0584038197994,1.20579695702,0.00182308850344,0.0242294427007,0.780813455582,0.624291598797
-0.547082543373,-0.0583550035954,1.20567917824,0.00168892170768,0.0245405361056,0.780686318874,0.624438822269
-0.547072589397,-0.0583982095122,1.20565927029,0.00163912610151,0.0245156660676,0.780684292316,0.624442517757
-0.547113180161,-0.058450460434,1.20557713509,0.00143037352245,0.0246229115874,0.780774831772,0.62432551384
-0.546945214272,-0.0584066361189,1.20555841923,0.000715123547707,0.0237627644092,0.780576586723,0.624607980251
-0.547131419182,-0.0585431680083,1.20561850071,0.0012742895633,0.0240662582219,0.780921816826,0.624163687229
-0.547118425369,-0.0585234872997,1.20547747612,0.00128555728588,0.0241958871484,0.780671775341,0.624471366405
-0.547138333321,-0.0586375370622,1.20557332039,0.00134377845097,0.0237792246044,0.78081125021,0.62431281805
-0.547167122364,-0.0587402060628,1.20554018021,0.00122434960213,0.023779746145,0.780922234058,0.624174296856
-0.547160387039,-0.0587726384401,1.20552611351,0.00119256181642,0.0237601809204,0.780943930149,0.624147951603
-0.547154068947,-0.0588012635708,1.20552182198,0.0011877407087,0.0236789286137,0.780964910984,0.624124765396
-0.54716771841,-0.0589327029884,1.20557320118,0.00115785130765,0.0234816707671,0.781096339226,0.623967945576
-0.547129273415,-0.058883421123,1.20550453663,0.00114971457515,0.0236517507583,0.780998051167,0.624084472656
-0.547108054161,-0.0589239783585,1.20549631119,0.00116054620594,0.0236668586731,0.781001448631,0.624079525471
-0.546927809715,-0.058953538537,1.20547068119,0.000499859335832,0.0231010187417,0.780810475349,0.624340653419
-0.546898603439,-0.0589173138142,1.20541739464,0.000421772507252,0.0233107004315,0.780623078346,0.624567091465
-0.546823322773,-0.0591693967581,1.20546722412,0.000348120986018,0.0232474599034,0.780631899834,0.624558627605
-0.546780884266,-0.059130333364,1.20541703701,0.000320733262924,0.0234354753047,0.780518054962,0.62469381094
-0.546862840652,-0.0591196268797,1.20548248291,0.000383747450542,0.0231216158718,0.780793309212,0.624361455441
-0.546760618687,-0.0592851564288,1.20547318459,0.000321504456224,0.0232422780246,0.780675053596,0.624504864216
-0.546728610992,-0.0593205653131,1.20547962189,0.000358456047252,0.0232271347195,0.780680418015,0.624498546124
-0.546702206135,-0.0593616254628,1.20548200607,0.000382776575861,0.0232015084475,0.780695855618,0.624480307102
-0.546674728394,-0.0593964606524,1.20548021793,0.000399379932787,0.0231843758374,0.780696928501,0.624479651451
-0.546604096889,-0.0593540333211,1.20543122292,0.000429682200775,0.0233501363546,0.780567109585,0.624635517597
-0.546576321125,-0.0593917779624,1.20542609692,0.000464123644633,0.0234121233225,0.780588567257,0.624606430531
-0.546544730663,-0.0594983622432,1.20547902584,0.000696484697983,0.02349486202,0.780582427979,0.62461078167
-0.546598136425,-0.0594262443483,1.2055388689,0.000787653552834,0.0231824498624,0.780753195286,0.624408841133
-0.546532094479,-0.0593298412859,1.2054438591,0.000616462551989,0.023287538439,0.780656576157,0.624526023865
-0.546526372433,-0.0594754479825,1.20547473431,0.000747818383388,0.0234169363976,0.780743062496,0.624412834644
-0.546499967575,-0.0595327094197,1.2055284977,0.00079176487634,0.0232424531132,0.780777156353,0.62437671423
-0.546439707279,-0.0594918206334,1.20546722412,0.000793877232354,0.0234577171504,0.780680418015,0.624489545822
-0.546420037746,-0.0595725104213,1.20547366142,0.000761649338529,0.0232152864337,0.780761182308,0.624397754669
-0.546389698982,-0.0596073046327,1.20546782017,0.000731828680728,0.0232011880726,0.780765295029,0.624393165112
-0.546328663826,-0.0595840513706,1.20541715622,0.00066921825055,0.0234956108034,0.780666291714,0.624506115913
-0.546344220638,-0.0596960745752,1.20548188686,0.000740131072234,0.0233400650322,0.780802726746,0.624341309071
-0.54627674818,-0.05963460356,1.20542430878,0.00079646112863,0.0235240180045,0.780634880066,0.624544024467
-0.546255171299,-0.0597830526531,1.20548510551,0.000682149198838,0.0232382100075,0.780736386776,0.624428033829
-0.546250879765,-0.0598286055028,1.20547139645,0.000785866985098,0.0234241336584,0.780784249306,0.624360978603
-0.546187758446,-0.0598729252815,1.20548939705,0.000770020356867,0.0233059041202,0.780722796917,0.624442219734
-0.546138942242,-0.0598920807242,1.20549345016,0.000790930062067,0.0233365166932,0.780682742596,0.624491214752
-0.546100914478,-0.0599657706916,1.20548772812,0.00088729057461,0.0234277639538,0.780910134315,0.624203324318
-0.546049416065,-0.0599382147193,1.20543944836,0.000901315012015,0.0236316360533,0.780800700188,0.624332606792
-0.546030521393,-0.0600025393069,1.20543050766,0.0010313836392,0.0234981719404,0.780697107315,0.624466836452
-0.546008110046,-0.0600477308035,1.20544147491,0.000992857618257,0.0235838461667,0.780745983124,0.624402761459
-0.545980274677,-0.0600905157626,1.20543813705,0.00101513194386,0.0236211214215,0.780747771263,0.624398946762
-0.545964121819,-0.0601325705647,1.20544183254,0.000998715288006,0.0236486997455,0.780722081661,0.624430000782
-0.546123445034,-0.0602620951831,1.20552408695,0.00158656865824,0.023998664692,0.781002163887,0.624065041542
-0.546067476273,-0.0603038370609,1.20557403564,0.00169731455389,0.0239064134657,0.780894398689,0.624203324318
-0.546060860157,-0.0603525862098,1.20554709435,0.0017148249317,0.0240745525807,0.780872881413,0.624223530293
-0.546097695827,-0.0604007281363,1.20549738407,0.00158041028772,0.0241466071457,0.780950188637,0.624124467373
-0.546045660973,-0.0604451671243,1.20554089546,0.00170697050635,0.0240547135472,0.780857920647,0.624243199825
-0.546032488346,-0.0604443699121,1.20550727844,0.00154447404202,0.023949297145,0.78082293272,0.624291479588
-0.546041071415,-0.0605103969574,1.20550704002,0.00153388362378,0.0239305440336,0.780860900879,0.624244511127
-0.546023249626,-0.0605096071959,1.20545172691,0.0015201860806,0.0240767449141,0.780811011791,0.624301314354
-0.546053767204,-0.0605699121952,1.20540201664,0.00139902345836,0.0241685137153,0.78090184927,0.624184370041
-0.546027958393,-0.0606768205762,1.20543718338,0.00144590006676,0.0240877363831,0.780875205994,0.624220728874
-0.546019911766,-0.0607286766171,1.20543909073,0.00146555551328,0.0240447707474,0.78089505434,0.624197661877
-0.546034634113,-0.0607685521245,1.20538341999,0.00159337092191,0.0239224806428,0.780927956104,0.624160706997
-0.546018183231,-0.0608199983835,1.20538318157,0.00161698984448,0.0239233952016,0.780932724476,0.624154746532
-0.546004772186,-0.0608675070107,1.20538496971,0.00169350078795,0.0239025559276,0.780933558941,0.624154269695
-0.545855939388,-0.0610554814339,1.20540893078,0.0016987635754,0.0239478554577,0.78067535162,0.624475419521
-0.545882701874,-0.0609245225787,1.20543181896,0.00190104439389,0.0237798225135,0.780692219734,0.624460279942
-0.545876026154,-0.0609771087766,1.20543062687,0.00187955331057,0.0237641539425,0.780692994595,0.624459862709
-0.545901298523,-0.0610918775201,1.20542395115,0.00176325254142,0.0237284637988,0.780754327774,0.624384939671
-0.545939743519,-0.0611421726644,1.20537686348,0.00161512230989,0.0238098837435,0.780814528465,0.6243070364
-0.545893549919,-0.0611827969551,1.20542192459,0.00173267582431,0.0237140469253,0.78070807457,0.624443531036
-0.545935630798,-0.0612426251173,1.20537626743,0.00159804848954,0.0237681902945,0.780776083469,0.624356746674
-0.545878171921,-0.06136104092,1.20542752743,0.00160736136604,0.0238405019045,0.780709683895,0.624436914921
-0.54587072134,-0.0614010095596,1.20542824268,0.00163801689632,0.0238202642649,0.780650615692,0.624511539936
-0.545903682709,-0.0614455789328,1.20540237427,0.00165650667623,0.0239151213318,0.780697107315,0.624449670315
-0.545916855335,-0.0615156851709,1.20540630817,0.00157300475985,0.0239067822695,0.780625343323,0.624539971352
-0.545880317688,-0.0615950897336,1.20542573929,0.00152639392763,0.0237918682396,0.780537068844,0.624654829502
-0.545933306217,-0.0616974681616,1.20547139645,0.00151434482541,0.0236646421254,0.780632555485,0.62454020977
-0.545972168446,-0.0618864968419,1.20559549332,0.00166397390421,0.0233985185623,0.780723869801,0.624435722828
-0.545993566513,-0.0619679130614,1.20559978485,0.00162805139553,0.023404205218,0.780704557896,0.624459803104
-0.545968651772,-0.0620657876134,1.20561885834,0.00171857362147,0.023108754307,0.780462026596,0.624773621559
-0.54595541954,-0.0621234253049,1.20563232899,0.00169296539389,0.0230268463492,0.780401825905,0.624851942062
-0.545963585377,-0.0621758848429,1.20563566685,0.00169429858215,0.0230138450861,0.780342698097,0.624926269054
-0.546013116837,-0.0622739680111,1.20562374592,0.00160044932272,0.0230121612549,0.780423223972,0.624826014042
-0.546062469482,-0.0623446367681,1.20556497574,0.00147879391443,0.0230792034417,0.780531585217,0.624688506126
-0.546063184738,-0.0624146834016,1.20555651188,0.00156211713329,0.0230179391801,0.780532598495,0.624689280987
-0.546073615551,-0.0624403804541,1.20555579662,0.00166969315615,0.023115310818,0.780510306358,0.624713361263
-0.546030759811,-0.0624962225556,1.20560252666,0.001824591076,0.0230461880565,0.780413925648,0.624835729599
-0.54606539011,-0.0625431463122,1.20555913448,0.00177414773498,0.0231789965183,0.780487835407,0.624738693237
-0.546070218086,-0.0626076310873,1.20555686951,0.0017357270699,0.0231580492109,0.780484378338,0.624743878841
-0.546052992344,-0.0627187341452,1.20559120178,0.00175006198697,0.0230973511934,0.780478954315,0.624752819538
-0.546099901199,-0.0627820044756,1.20553386211,0.00157045538072,0.0231757927686,0.780551433563,0.624659836292
-0.546115279198,-0.0627837479115,1.20551598072,0.00155347306281,0.0231435112655,0.780565559864,0.62464338541
-0.54612082243,-0.062844991684,1.20550560951,0.00156179023907,0.023176625371,0.780545949936,0.624666690826
-0.546070218086,-0.0629068985581,1.20554924011,0.00170500588138,0.0230978336185,0.780415534973,0.624832034111
-0.546116232872,-0.0629939287901,1.20547556877,0.00145935139153,0.0231816917658,0.780544400215,0.624668717384
-0.546119809151,-0.0630599111319,1.20547115803,0.00146468426101,0.0231648106128,0.78053355217,0.624682962894
-0.545965313911,-0.0629830658436,1.2053630352,0.000827959331218,0.0227460172027,0.780284762383,0.62501013279
-0.545969486237,-0.0630541592836,1.20536720753,0.000819112698082,0.0227399114519,0.780267059803,0.625032424927
-0.546145915985,-0.0632111951709,1.20543265343,0.00133818690665,0.0230445228517,0.780583620071,0.62462502718
-0.545966982841,-0.0632215887308,1.2053886652,0.000794258725364,0.0227703582495,0.780291438103,0.625000953674
-0.545938432217,-0.063208527863,1.20532643795,0.000803266011644,0.0229157395661,0.780165493488,0.625152945518
-0.545958638191,-0.0633128061891,1.20539319515,0.000872916658409,0.0226561371237,0.780226230621,0.625086426735
-0.545994997025,-0.0634380429983,1.20537590981,0.000760050490499,0.0226280726492,0.780293524265,0.625003635883
-0.546002089977,-0.063501060009,1.20537555218,0.000762636074796,0.0225883610547,0.780293822289,0.625004589558
-0.546027362347,-0.0635929256678,1.20536231995,0.00088369922014,0.0223770793527,0.780210733414,0.625115871429
-0.546033143997,-0.0636547133327,1.20535731316,0.000885461398866,0.0223513692617,0.780212521553,0.625114619732
-0.546047210693,-0.0637397691607,1.20533704758,0.0010232666973,0.0221847426146,0.780213057995,0.625119566917
-0.546050667763,-0.0638084337115,1.20532870293,0.00103378063068,0.0221610218287,0.780231952667,0.625096678734
-0.546066343784,-0.0638855472207,1.20535755157,0.00103978824336,0.0220280699432,0.78026509285,0.625060081482
-0.546067535877,-0.0640117153525,1.20539438725,0.0012613699073,0.0220899153501,0.780283629894,0.62503439188
-0.546092808247,-0.0640973597765,1.20540499687,0.00117159879301,0.0221050586551,0.78023147583,0.625099003315
-0.546110749245,-0.0641820728779,1.20540976524,0.00123588263523,0.0220842901617,0.780280172825,0.625038921833
-0.546116173267,-0.0642410442233,1.20541357994,0.00126536563039,0.0220676660538,0.78031039238,0.625001728535
-0.546116888523,-0.0643241256475,1.20540320873,0.00123430136591,0.0220298543572,0.780331730843,0.624976575375
-0.546112060547,-0.0644236579537,1.20537030697,0.00125477660913,0.0221377052367,0.780366837978,0.624928951263
-0.546114504337,-0.0644979178905,1.20536732674,0.00126650335733,0.0221208948642,0.780389308929,0.624901354313
-0.546119749546,-0.0645688697696,1.20533931255,0.00134829711169,0.0222623031586,0.780444502831,0.624827086926
-0.546118080616,-0.0646468549967,1.20534777641,0.00139644765295,0.0222398266196,0.78048658371,0.62477517128
-0.546118736267,-0.0647316873074,1.20534539223,0.00148180616088,0.0221681632102,0.780517399311,0.624739229679
-0.546124696732,-0.0648084431887,1.20535290241,0.00147431623191,0.0222269352525,0.780579388142,0.624659597874
-0.546114563942,-0.0648711770773,1.20538401604,0.00146806554403,0.0223312992603,0.780519783497,0.624730527401
-0.546133220196,-0.0648450106382,1.20533943176,0.00120685691945,0.0224263351411,0.780513823032,0.624735057354
-0.546136379242,-0.0649367943406,1.20537137985,0.00114296958782,0.0226053409278,0.780503690243,0.624741375446
-0.546082556248,-0.0650207549334,1.20547175407,0.00119837862439,0.0226291567087,0.780406951904,0.624861299992
-0.546124875546,-0.0651101619005,1.20547437668,0.00110281037632,0.0228454004973,0.780505239964,0.624730706215
-0.546130001545,-0.0651386901736,1.20545458794,0.00116253376473,0.0232451613992,0.78048813343,0.62473732233
-0.546159505844,-0.0653616786003,1.2056016922,0.00110724382102,0.0230758115649,0.780689477921,0.624492049217
-0.546171605587,-0.0654594302177,1.2056388855,0.00114773481619,0.0230748914182,0.78059977293,0.624604165554
-0.546162009239,-0.0655447095633,1.20569646358,0.00118659075815,0.023231877014,0.780598163605,0.624600172043
-0.546171844006,-0.0656176134944,1.20575213432,0.00113205576781,0.0234214141965,0.780540704727,0.624665081501
-0.546191573143,-0.0657029151917,1.20582890511,0.00112284207717,0.0236337278038,0.780499637127,0.624708294868
-0.546148359776,-0.0658285245299,1.20597422123,0.00132017990109,0.0238423962146,0.780323684216,0.624919772148
-0.546205341816,-0.0659532472491,1.20607173443,0.00123835366685,0.0239955689758,0.780373215675,0.62485229969
-0.546176731586,-0.0660160779953,1.20606565475,0.0018010068452,0.0239771883935,0.780757665634,0.624371230602
-0.54619383812,-0.0660384744406,1.2061804533,0.00167058419902,0.0244576893747,0.780864179134,0.624219715595
-0.546147406101,-0.066036388278,1.2062035799,0.00160963868257,0.0248190108687,0.780630767345,0.624497592449
-0.546155452728,-0.0660301595926,1.20623373985,0.00149801548105,0.0250718072057,0.780541241169,0.624599516392
-0.546132564545,-0.0660186484456,1.20627593994,0.00136515346821,0.0260701943189,0.781316041946,0.623589515686
-0.546305418015,-0.0661836713552,1.20644855499,0.00023489324667,0.0263240300119,0.779887139797,0.625366449356
-0.546302378178,-0.0661878734827,1.20651602745,0.000183991563972,0.0266989413649,0.779815912247,0.625439286232
-0.546323657036,-0.066322401166,1.20661532879,0.000330097245751,0.0271427519619,0.779750049114,0.625502049923
-0.546350181103,-0.0664304569364,1.20667302608,0.000224802191951,0.0275013428181,0.779738903046,0.625500619411
-0.546307623386,-0.0665149092674,1.20676553249,0.000233859420405,0.0278943739831,0.779555499554,0.625711619854
-0.546300411224,-0.066541954875,1.20683634281,0.000179545764695,0.0282328743488,0.779419481754,0.625865876675
-0.546352028847,-0.0666292533278,1.20686399937,0.000105314997199,0.0287656113505,0.779484689236,0.625760555267
-0.546332359314,-0.0666524916887,1.20695030689,-0.000104838865809,0.0294881351292,0.779657959938,0.625510931015
-0.546364068985,-0.0667592734098,1.20697367191,-0.0002480991825,0.0300309434533,0.779723405838,0.62540358305
-0.546357512474,-0.0669025108218,1.20701992512,-0.000341167935403,0.0307516418397,0.779750227928,0.625334918499
-0.546271562576,-0.0669400393963,1.20713949203,-0.000263770431047,0.0310853943229,0.779598772526,0.625507354736
-0.546280145645,-0.0669864714146,1.20719981194,-0.000242422727752,0.0316538624465,0.779698252678,0.625354766846
-0.546198606491,-0.0671063959599,1.20727705956,-0.000291328993626,0.0322667248547,0.779854655266,0.625128448009
-0.545979976654,-0.067220672965,1.20747935772,-0.000188389502,0.0329551100731,0.779600977898,0.625408887863
-0.545901834965,-0.0672909095883,1.20759642124,-0.000483180512674,0.0338701307774,0.779829084873,0.625075399876
-0.545888960361,-0.0672811791301,1.20769274235,-0.00084484484978,0.0344821810722,0.779777050018,0.625106453896
-0.54567104578,-0.0673417672515,1.20777952671,1.97853041755e-05,0.0349973216653,0.7810562253,0.623479306698
-0.545760631561,-0.0675674751401,1.20797145367,-0.0010623583803,0.0355264395475,0.780000925064,0.624768257141
-0.545806825161,-0.0677292868495,1.20809543133,-0.00114753702655,0.0358761288226,0.780362248421,0.624296665192
-0.545592069626,-0.0677567794919,1.20816922188,-0.00106271775439,0.0363947115839,0.780140340328,0.624544143677
-0.545575201511,-0.0678709894419,1.20827353001,-0.00104208593257,0.0368394888937,0.78044295311,0.624139785767
-0.545294165611,-0.0678427293897,1.20831894875,-0.000129304258735,0.0378044880927,0.782234728336,0.621835649014
-0.545265197754,-0.068011239171,1.20836901665,-0.000327313900925,0.0383983291686,0.782656133175,0.621268630028
-0.545279204845,-0.0681940242648,1.20856785774,-0.00159053946845,0.0390939712524,0.781638085842,0.622503876686
-0.545190274715,-0.0682531744242,1.20861041546,-0.00183857430238,0.0394996739924,0.781878650188,0.622175335884
-0.544994533062,-0.0683002620935,1.20874845982,-0.00174343038816,0.039807729423,0.781911075115,0.622115314007
-0.54501491785,-0.0686190277338,1.20884466171,-0.00190018350258,0.0404425524175,0.782565772533,0.621250033379
-0.544781267643,-0.068699426949,1.20902347565,-0.00194437336177,0.0413831882179,0.783204913139,0.620381891727
-0.544656813145,-0.068775780499,1.20908355713,-0.00191458268091,0.0420518219471,0.783555090427,0.619894742966
-0.544598996639,-0.0688298493624,1.20900702477,-0.00177770934533,0.0429743826389,0.78385913372,0.619447350502
-0.544613420963,-0.0689080506563,1.20885944366,-0.00172835600097,0.0446122139692,0.784319221973,0.618748962879
-0.543982923031,-0.0687280595303,1.20884728432,0.000108335261757,0.0458795204759,0.788271725178,0.613614439964
-0.543777048588,-0.0687147974968,1.20885884762,9.02985193534e-05,0.0466482266784,0.788635790348,0.613088607788
-0.54454433918,-0.0689050257206,1.20885264874,-0.00159732054453,0.0493998192251,0.78614205122,0.61606657505
-0.543809831142,-0.0689707174897,1.20921564102,-0.00258958688937,0.0474036969244,0.786027133465,0.616366386414
-0.543751299381,-0.0691087543964,1.20930767059,-0.00315409572795,0.048265889287,0.786965548992,0.615098178387
-0.543597400188,-0.0691975206137,1.20936334133,-0.00360657600686,0.0488825105131,0.787697434425,0.614109396935
-0.543449521065,-0.069270350039,1.20947015285,-0.00369657902047,0.0494490079582,0.788076817989,0.613576412201
-0.543324589729,-0.0693322047591,1.2095426321,-0.00403388170525,0.0497677288949,0.788489043713,0.613018810749
-0.543192744255,-0.0694694519043,1.20957612991,-0.0045769312419,0.0501648001373,0.788898825645,0.612455129623
-0.543104052544,-0.0695350915194,1.20969331264,-0.00484343944117,0.0506755895913,0.789389371872,0.611778438091
-0.542481303215,-0.0693369731307,1.20962786674,-0.00291511742398,0.0522769056261,0.793417513371,0.60642182827
-0.542264938354,-0.0692293420434,1.20971179008,-0.00366385374218,0.0531634092331,0.794138491154,0.605395972729
-0.543076515198,-0.0689498186111,1.20950698853,-0.00471588969231,0.053484197706,0.796455025673,0.602309405804
-0.542958974838,-0.0690552145243,1.20962250233,-0.00485882395878,0.054132271558,0.796981871128,0.601552963257
-0.542744517326,-0.0690311044455,1.20970606804,-0.00524250091985,0.0547064319253,0.797600269318,0.600677549839
-0.541734874249,-0.0694416463375,1.21006214619,-0.0051562753506,0.0554356090724,0.7967903018,0.601685643196
-0.541518330574,-0.0695390999317,1.2102547884,-0.00498513737693,0.0557429268956,0.797051131725,0.601313054562
-0.541436076164,-0.0696121752262,1.21023869514,-0.00537928938866,0.0561853125691,0.797597408295,0.600543737411
-0.54168599844,-0.0698799043894,1.21044456959,-0.00740517536178,0.0554212369025,0.794833064079,0.604246675968
-0.541117012501,-0.0696269273758,1.21036863327,-0.00553587451577,0.0564980469644,0.798767149448,0.598956108093
-0.540895044804,-0.0696939453483,1.21042001247,-0.00592822628096,0.0568678975105,0.799550712109,0.597871005535
-0.540676236153,-0.0695798099041,1.2105101347,-0.00589448865503,0.056850079447,0.800051629543,0.597202539444
-0.540499567986,-0.0695401355624,1.21052670479,-0.00612568017095,0.0572607330978,0.800895631313,0.596028506756
-0.540420413017,-0.0695657432079,1.2105256319,-0.00627100560814,0.0575058944523,0.801600396633,0.595055043697
-0.540202200413,-0.0695400163531,1.21058225632,-0.00623986497521,0.0575841292739,0.802037715912,0.594458341599
-0.539971649647,-0.0696086287498,1.21072292328,-0.00601142086089,0.0580101013184,0.802860975266,0.593306839466
-0.539822399616,-0.0696217417717,1.21079313755,-0.00594459008425,0.058069113642,0.803271532059,0.592745840549
-0.539615511894,-0.0695419684052,1.21077001095,-0.00609977776185,0.057787232101,0.80380398035,0.59204941988
-0.539478719234,-0.0695229545236,1.21080946922,-0.00602479372174,0.0575888603926,0.804274916649,0.591429948807
-0.539407551289,-0.0695048719645,1.21075034142,-0.00612606434152,0.0575483925641,0.804724812508,0.590820372105
-0.539278686047,-0.0694971159101,1.21075749397,-0.00605530058965,0.0573980286717,0.805068612099,0.590367257595
-0.539188444614,-0.069503352046,1.21074807644,-0.00597493909299,0.0572403073311,0.805365025997,0.589978933334
-0.539128422737,-0.0695656239986,1.21075773239,-0.00595670426264,0.0571114234626,0.805998444557,0.589125871658
-0.539625406265,-0.0700800120831,1.21097993851,-0.00835020001978,0.0556396171451,0.801715016365,0.595052599907
-0.539519965649,-0.0700953006744,1.21099662781,-0.00809981673956,0.0555163621902,0.801936864853,0.594768464565
-0.539408326149,-0.0700782611966,1.21099603176,-0.00797609053552,0.0553207360208,0.802115559578,0.594547450542
-0.539315998554,-0.0700725913048,1.21099960804,-0.00790879596025,0.0551865138113,0.802263855934,0.594360649586
-0.539179742336,-0.0700176805258,1.21103513241,-0.00770959816873,0.0550121888518,0.802284061909,0.594352304935
-0.539108097553,-0.0700135976076,1.21105194092,-0.00767214037478,0.0549048557878,0.802392542362,0.594216167927
-0.539083063602,-0.0699864253402,1.21096813679,-0.00784792844206,0.0550246685743,0.802494943142,0.59406453371
-0.53904491663,-0.0700026080012,1.21102118492,-0.00777797447518,0.0548601895571,0.802623689175,0.593906581402
-0.538996040821,-0.070003464818,1.21102130413,-0.00785598903894,0.0547273829579,0.802672624588,0.593851804733
-0.538950920105,-0.0699969828129,1.21103143692,-0.0078838923946,0.0546619333327,0.802676558495,0.593852102757
-0.538912415504,-0.0699969083071,1.21106243134,-0.0078373355791,0.0545636229217,0.802708685398,0.593818306923
-0.538862347603,-0.0699741989374,1.21109044552,-0.00790563877672,0.0543140657246,0.802634716034,0.593940198421
-0.538810074329,-0.0699365437031,1.21108198166,-0.00797557458282,0.0542596243322,0.80246835947,0.594169020653
-0.538853406906,-0.0700176358223,1.21116924286,-0.00784285087138,0.0541526190937,0.802480459213,0.594164192677
-0.538821041584,-0.0700029432774,1.21124386787,-0.00774225546047,0.0539639405906,0.802183926105,0.594582974911
-0.538870751858,-0.0699782371521,1.21121060848,-0.00803549587727,0.0539442338049,0.802046120167,0.594766736031
-0.538901031017,-0.0699591785669,1.21125137806,-0.00806668493897,0.053836543113,0.801767289639,0.59515184164
-0.538375794888,-0.0694911777973,1.21109449863,-0.00534016825259,0.0552749447525,0.806047201157,0.589240372181
-0.538365602493,-0.0693404302001,1.2110465765,-0.00551479076967,0.0552172027528,0.805679440498,0.589746713638
-0.538458406925,-0.0693490505219,1.21104550362,-0.00541520677507,0.0550071522593,0.805212259293,0.590404987335
-0.538496673107,-0.0693150609732,1.21105384827,-0.00533621292561,0.0549140274525,0.804953098297,0.590767800808
-0.538566291332,-0.0693094134331,1.21109247208,-0.00514128152281,0.0547312945127,0.804755032063,0.591056287289
-0.538597822189,-0.0691899657249,1.2110658884,-0.00512554636225,0.0546686798334,0.804349601269,0.591613888741
-0.538698971272,-0.0692582726479,1.21109390259,-0.00490895239636,0.0546478107572,0.804040968418,0.592036902905
-0.538774251938,-0.069241181016,1.21111607552,-0.00462760496885,0.054466150701,0.803818523884,0.592357873917
-0.538842082024,-0.0691521167755,1.21107435226,-0.00437238812447,0.0544345341623,0.803478121758,0.592824339867
-0.538939893246,-0.0691205114126,1.21106374264,-0.00391816766933,0.0542221479118,0.803161740303,0.593275666237
-0.538987159729,-0.0689101815224,1.21107769012,-0.00345982704312,0.0537692904472,0.802625894547,0.594044327736
-0.539181172848,-0.0689329728484,1.21105146408,-0.00283645652235,0.0532294213772,0.802091598511,0.594817399979
-0.539375722408,-0.0690607875586,1.21104621887,-0.00255671562627,0.0531515367329,0.801855146885,0.595144271851
-0.539531826973,-0.0689765661955,1.21102821827,-0.00209027947858,0.0528687909245,0.801192998886,0.596062302589
-0.540319979191,-0.0694094672799,1.21128320694,-0.00441448390484,0.0511806309223,0.796412110329,0.602568507195
-0.539881169796,-0.0689488649368,1.21107149124,-0.00110116926953,0.0513933934271,0.800161421299,0.597577810287
-0.540048241615,-0.0689053535461,1.21106898785,-0.00064663257217,0.0510069578886,0.799553334713,0.598424911499
-0.540699124336,-0.069095030427,1.21124720573,-0.0027126967907,0.0502226129174,0.795760452747,0.603519499302
-0.541173100471,-0.0691925957799,1.21121275425,-0.00246894382872,0.0502613671124,0.794750452042,0.604846596718
-0.541076183319,-0.0689899921417,1.21121287346,-0.00184306327719,0.0496012978256,0.794882535934,0.604729890823
-0.540789484978,-0.0688085258007,1.21101152897,0.00133760168683,0.0501164346933,0.798112392426,0.600419163704
-0.540892779827,-0.0687054023147,1.21100008488,0.00189188669901,0.0496175065637,0.797695040703,0.601013541222
-0.540973365307,-0.0684394985437,1.21093964577,0.0027859325055,0.0493069700897,0.796624362469,0.602454066277
-0.541613638401,-0.0686779022217,1.21111571789,0.00139577488881,0.0481908321381,0.792367041111,0.608136713505
-0.541818678379,-0.0686851143837,1.21115362644,0.00208356650546,0.0479325801134,0.791957437992,0.608688414097
-0.541644573212,-0.068553134799,1.21094954014,0.00450224475935,0.0482899397612,0.794976711273,0.604698181152
-0.541805446148,-0.0683673620224,1.21091294289,0.00508720194921,0.0476581677794,0.793756842613,0.606343865395
-0.542067706585,-0.0683301389217,1.2108528614,0.00537565955892,0.0475194975734,0.793113827705,0.607193052769
-0.542191028595,-0.0682761892676,1.21091890335,0.00616295728832,0.0473351441324,0.792253494263,0.608322203159
-0.542970478535,-0.0687066465616,1.21102762222,0.00417456869036,0.0468316562474,0.788411557674,0.613348782063
-0.542623341084,-0.0683890879154,1.21086204052,0.00725759379566,0.046755887568,0.790460705757,0.610682606697
-0.543144106865,-0.0683947503567,1.21085214615,0.00683037983254,0.0461946874857,0.788725852966,0.612969040871
-0.543133854866,-0.0684969052672,1.21087920666,0.0078798532486,0.0463183559477,0.788731336594,0.612940073013
-0.54339492321,-0.0685544684529,1.21092760563,0.00886824261397,0.0469597242773,0.787776112556,0.6141051054
-0.543556272984,-0.0685645192862,1.21107149124,0.00811635702848,0.044367685914,0.785391807556,0.61735355854
-0.543644607067,-0.0685539841652,1.21097302437,0.00869197119027,0.0448201783001,0.785581767559,0.617071151733
-0.543837785721,-0.0685243755579,1.21110212803,0.00894115306437,0.0439204014838,0.784262001514,0.618808746338
-0.544496655464,-0.068790115416,1.21126747131,0.00716385990381,0.0432933010161,0.779787659645,0.624504268169
-0.544308722019,-0.0687464475632,1.21113312244,0.00983613263816,0.0433941781521,0.78167039156,0.622102439404
-0.545090138912,-0.0690176188946,1.2112596035,0.00770140718669,0.0430275648832,0.777076661587,0.627886414528
-0.544884443283,-0.0688171759248,1.21110808849,0.0104675507173,0.0431983694434,0.779142618179,0.625268876553
-0.545190989971,-0.0689391419291,1.21110963821,0.0105935493484,0.042981132865,0.777654528618,0.627131521702
-0.545445024967,-0.0689928755164,1.21110033989,0.0109562436119,0.0426799431443,0.776202440262,0.628942131996
-0.545819997787,-0.069193802774,1.21103715897,0.0107090929523,0.042571913451,0.774578273296,0.630952954292
-0.54611325264,-0.0694125518203,1.21108865738,0.0106123369187,0.042450197041,0.773302078247,0.632526099682
-0.5466979146,-0.0696740075946,1.21119332314,0.0101090054959,0.0410121455789,0.769068777561,0.637768745422
-0.546573877335,-0.0695465877652,1.21111035347,0.0117654344067,0.0417766273022,0.77018904686,0.636337161064
-0.546908915043,-0.0697820782661,1.21108031273,0.0118488026783,0.0417966432869,0.768819689751,0.637988328934
-0.547231197357,-0.069867528975,1.21093320847,0.0119545282796,0.0415802598,0.767539620399,0.639539778233
-0.547505736351,-0.0699765905738,1.21100616455,0.0125751448795,0.0407928861678,0.765797913074,0.641662955284
-0.548290252686,-0.0705781280994,1.21131122112,0.0103436782956,0.0403853729367,0.761273086071,0.647090017796
-0.548503935337,-0.0706788897514,1.21126997471,0.0109149534255,0.0399481765926,0.759398281574,0.649306714535
-0.548827648163,-0.0709586143494,1.2111093998,0.0108903814107,0.0399159267545,0.757834851742,0.651133239269
-0.549224436283,-0.0711314156651,1.21120297909,0.0122809205204,0.0399897582829,0.756498217583,0.652656495571
-0.549468517303,-0.0712588727474,1.2110902071,0.0122604398057,0.0389713719487,0.754638850689,0.654867291451
-0.54950684309,-0.0712647810578,1.21104598045,0.0150446323678,0.039451289922,0.756413638592,0.652729511261
-0.549742639065,-0.0714711397886,1.21087539196,0.0147749595344,0.039276920259,0.754931330681,0.654460012913
-0.550118386745,-0.0717351138592,1.21094954014,0.015366602689,0.0381966643035,0.752692341805,0.657083809376
-0.55046159029,-0.0719859078526,1.21098041534,0.0161352548748,0.0379673019052,0.751309633255,0.658659219742
-0.550940752029,-0.0723725259304,1.21091401577,0.0162372514606,0.0375635586679,0.749886751175,0.660299360752
-0.55125027895,-0.0726611837745,1.21093654633,0.0167810786515,0.0371536053717,0.747997283936,0.662448644638
-0.551955282688,-0.0732121020555,1.21097719669,0.0159165356308,0.0354330278933,0.743291199207,0.667839348316
-0.552081108093,-0.0732943043113,1.21103978157,0.0164279323071,0.0351008251309,0.742110073566,0.66915678978
-0.552486538887,-0.0736691430211,1.21088314056,0.0166321471334,0.0345997288823,0.739825427532,0.671702742577
-0.552703142166,-0.0740066766739,1.21087563038,0.0169919636101,0.0346963442862,0.738565504551,0.67307382822
-0.552645623684,-0.0740935355425,1.21086215973,0.0183965153992,0.0347449034452,0.738963007927,0.67259812355
-0.552966356277,-0.074564665556,1.2108079195,0.0187607333064,0.034423943609,0.737451255322,0.674261629581
-0.553512215614,-0.0751323997974,1.21072793007,0.018453668803,0.0333566144109,0.733905136585,0.678181350231
-0.553805351257,-0.0755391567945,1.21070981026,0.0188149213791,0.0327355749905,0.731984317303,0.680274546146
-0.553726971149,-0.0757877975702,1.21062195301,0.0204851590097,0.0327424630523,0.731994509697,0.680214881897
-0.554172158241,-0.0764087438583,1.21050441265,0.0199267435819,0.0319712869823,0.728118121624,0.684415578842
-0.554384410381,-0.0767868086696,1.21048593521,0.0206097085029,0.0312454849482,0.726460397243,0.686188220978
-0.554737746716,-0.0773405581713,1.21050441265,0.0204865559936,0.0307122636586,0.723309278488,0.689536750317
-0.554964542389,-0.0780172124505,1.21035754681,0.021384768188,0.030020352453,0.721542716026,0.691388070583
-0.555012524128,-0.0783867165446,1.21020174026,0.0228719655424,0.029225083068,0.721126258373,0.691808998585
-0.555302739143,-0.079037733376,1.21023130417,0.0229428075254,0.0285027530044,0.717973947525,0.695107638836
-0.555473208427,-0.0796749889851,1.21015882492,0.0237678475678,0.0277142412961,0.716316640377,0.696819543839
-0.555599153042,-0.0802486389875,1.21000778675,0.0247905161232,0.0271990876645,0.71459800005,0.698566615582
-0.555516779423,-0.0806655213237,1.20987331867,0.0264404993504,0.0265818051994,0.713876724243,0.699266970158
-0.555773198605,-0.0815750062466,1.20993673801,0.0263422206044,0.0261880103499,0.711197376251,0.702010393143
-0.555715799332,-0.0822266787291,1.20983827114,0.0281830411404,0.0246907696128,0.710788190365,0.702407419682
-0.555873274803,-0.0827007517219,1.20967257023,0.0283544324338,0.0251548811793,0.707797467709,0.705397725105
-0.556012868881,-0.0834709703922,1.20950233936,-0.0300555936992,-0.0248692706227,-0.706098496914,-0.707038402557
-0.55591493845,-0.0841394662857,1.20932066441,-0.0319136418402,-0.024560732767,-0.705869436264,-0.707196295261
-0.555917918682,-0.0850790888071,1.20941209793,-0.0323483683169,-0.0237918328494,-0.702981352806,-0.710073709488
-0.55577981472,-0.0858338922262,1.20922410488,-0.0347296632826,-0.0229468438774,-0.702288985252,-0.71067404747
-0.555662930012,-0.0865500718355,1.20911085606,-0.0351862460375,-0.0222858805209,-0.70089507103,-0.71204739809
-0.555709242821,-0.0876066684723,1.20922744274,-0.0358191095293,-0.020971711725,-0.697757422924,-0.715130507946
-0.55555409193,-0.0884304195642,1.20889437199,-0.0381520837545,-0.0213899221271,-0.697464644909,-0.715283215046
-0.555441200733,-0.0892577767372,1.20888221264,-0.0394889563322,-0.0205915085971,-0.695865988731,-0.716789424419
-0.555332422256,-0.0901323780417,1.20866584778,-0.0410313718021,-0.0201864968985,-0.694001913071,-0.718519687653
-0.555215775967,-0.0912340283394,1.20865988731,-0.0423528514802,-0.0196053814143,-0.69367980957,-0.718769907951
-0.55567586422,-0.0919926911592,1.20817518234,-0.0456620790064,-0.0225397199392,-0.69145745039,-0.720620274544
-0.555078923702,-0.0931904911995,1.2084710598,-0.045381218195,-0.0184364356101,-0.689159929752,-0.722951769829
-0.554934620857,-0.0942392349243,1.20825636387,-0.0463604666293,-0.0182007979602,-0.687557816505,-0.724419593811
-0.554723024368,-0.0951840803027,1.20814013481,-0.0476089566946,-0.0179611220956,-0.686073362827,-0.725750803947
-0.554619789124,-0.0964655280113,1.20802199841,-0.0491054616868,-0.0173398982733,-0.68460470438,-0.727051794529
-0.554308712482,-0.0975003838539,1.20789396763,-0.0504646785557,-0.0173253212124,-0.682789862156,-0.728664040565
-0.554194092751,-0.0987192541361,1.20785832405,-0.0519552268088,-0.0168985314667,-0.681539773941,-0.72973883152
-0.553946495056,-0.099941894412,1.20785367489,-0.0533068217337,-0.0157844163477,-0.679894328117,-0.731199681759
-0.553693890572,-0.101074159145,1.20771300793,-0.0550519526005,-0.0157740991563,-0.67855066061,-0.7323179245
-0.553458690643,-0.102429687977,1.20767951012,-0.0557766705751,-0.0148849105462,-0.677141606808,-0.733584582806
-0.553241252899,-0.103614553809,1.20762586594,-0.0577742084861,-0.0134936952963,-0.675091683865,-0.735344350338
-0.552958488464,-0.104899019003,1.20743894577,-0.0587621740997,-0.0146646443754,-0.674142599106,-0.736114084721
-0.552708864212,-0.106280393898,1.20749533176,-0.0599300451577,-0.0147271808237,-0.672541379929,-0.737481951714
-0.552260518074,-0.107498057187,1.20717382431,-0.0615563578904,-0.0155307129025,-0.670589447021,-0.739107191563
-0.552223861217,-0.109010517597,1.207208395,-0.0631861463189,-0.0145478872582,-0.669739246368,-0.739760220051
-0.551718294621,-0.110269248486,1.20693695545,-0.0645634829998,-0.0149829974398,-0.667825520039,-0.741361021996
-0.551565051079,-0.111898213625,1.20692610741,-0.0664337202907,-0.014466018416,-0.667094886303,-0.74186372757
-0.551351964474,-0.113443613052,1.20676183701,-0.0684005022049,-0.0145385712385,-0.665943622589,-0.742717444897
-0.551083445549,-0.114855468273,1.20655274391,-0.0699256435037,-0.0136697925627,-0.664928376675,-0.743501126766
-0.550727546215,-0.116532154381,1.20628750324,-0.0727623403072,-0.0125261852518,-0.663351714611,-0.744656503201
-0.550203204155,-0.117956712842,1.20599043369,-0.0736027806997,-0.0139608327299,-0.661977529526,-0.745770514011
-0.549958884716,-0.11957116425,1.20575749874,-0.0754533484578,-0.0136014670134,-0.660781562328,-0.746652245522
-0.549587249756,-0.1211065799,1.20540857315,-0.078111961484,-0.0123425070196,-0.659490346909,-0.747541666031
-0.54979544878,-0.122680202127,1.20486950874,-0.0819804593921,-0.0139265907928,-0.658014655113,-0.748399674892
-0.549368321896,-0.124124780297,1.20458543301,-0.0836707651615,-0.0156526044011,-0.658091366291,-0.748110949993
-0.54935002327,-0.125941157341,1.2044993639,-0.0858438014984,-0.0143171101809,-0.657139003277,-0.748728394508
-0.548470795155,-0.127746343613,1.20450675488,-0.0857766121626,-0.0108618726954,-0.655462682247,-0.750262141228
-0.548636198044,-0.129352882504,1.20400440693,-0.0900144279003,-0.0140952393413,-0.655795633793,-0.749420285225
-0.548352301121,-0.131000071764,1.20369505882,-0.0919030383229,-0.0129468524829,-0.654441952705,-0.750394582748
-0.548120319843,-0.13260358572,1.2033816576,-0.0942209362984,-0.0130469789729,-0.653647065163,-0.750798106194
-0.547066390514,-0.134451895952,1.20345616341,-0.0937678962946,-0.00927376840264,-0.65222889185,-0.752143025398
-0.546808838844,-0.136104479432,1.20311367512,-0.0957685112953,-0.00859896373004,-0.650909543037,-0.753041386604
-0.5464797616,-0.137687548995,1.2028939724,-0.097711160779,-0.00792753323913,-0.649984180927,-0.7535982728
-0.54621642828,-0.139364793897,1.20270013809,-0.0992416366935,-0.00671007763594,-0.649204850197,-0.75408166647
-0.545938968658,-0.140988856554,1.20238184929,-0.101705439389,-0.00663062091917,-0.648321986198,-0.754513561726
-0.545590043068,-0.142622441053,1.20212554932,-0.103283382952,-0.0056869937107,-0.647759020329,-0.754790365696
-0.545056343079,-0.143973708153,1.20166599751,-0.105027765036,-0.00682940660045,-0.647258162498,-0.754969775677
-0.545013308525,-0.145897418261,1.20157849789,-0.106995806098,-0.00448763463646,-0.646400749683,-0.755445480347
-0.544566571712,-0.147322311997,1.20109462738,-0.108729742467,-0.00407597701997,-0.645660459995,-0.755833268166
-0.544230520725,-0.14906334877,1.20086932182,-0.109916239977,-0.00499915098771,-0.645286202431,-0.755975604057
-0.544505655766,-0.150466769934,1.20016598701,-0.114006839693,-0.00857897289097,-0.645411670208,-0.755230247974
-0.543802440166,-0.152226358652,1.20008003712,-0.114624850452,-0.00298130535521,-0.644216895103,-0.756198942661
-0.543377697468,-0.153825938702,1.19983208179,-0.116213642061,-0.00308598345146,-0.644336462021,-0.755854129791
-0.543410003185,-0.155653312802,1.19955480099,-0.117821760476,-0.00177323329262,-0.644109845161,-0.755802512169
-0.542997658253,-0.157145738602,1.19902980328,-0.119639709592,-0.00150348525494,-0.643208801746,-0.756284713745
-0.542910456657,-0.158589422703,1.19848001003,-0.120966017246,-0.00246831285767,-0.64411008358,-0.755303442478
-0.543588399887,-0.160678952932,1.19821107388,-0.124681018293,-0.00287332339212,-0.6450715065,-0.753876030445
-0.543607711792,-0.162569522858,1.19796013832,-0.126587659121,-0.00178588309791,-0.645318031311,-0.753350555897
-0.542992830276,-0.163735404611,1.19731020927,-0.128925219178,-0.00266243075021,-0.644405007362,-0.753732919693
-0.54308450222,-0.165833950043,1.19745087624,-0.129575714469,0.000309331371682,-0.645076453686,-0.75305134058
-0.542413651943,-0.167513042688,1.19728660583,-0.128710329533,0.00340700801462,-0.644341170788,-0.753821194172
-0.541825354099,-0.16863964498,1.19660079479,-0.130713492632,0.00215977686457,-0.643983364105,-0.753786921501
-0.54207611084,-0.170824706554,1.19663453102,-0.131530359387,0.00536383269355,-0.644500792027,-0.7531863451
-0.542438268661,-0.172080904245,1.19589972496,-0.135103598237,0.00214614300057,-0.645328879356,-0.751859664917
-0.541767597198,-0.174021452665,1.19614732265,-0.134499981999,0.00664070621133,-0.644982397556,-0.752238988876
-0.542122483253,-0.175382420421,1.19530320168,-0.137823030353,0.00450525293127,-0.645239830017,-0.751432001591
-0.541900992393,-0.176869362593,1.19500255585,-0.13905583322,0.00530932145193,-0.645537316799,-0.750944018364
-0.541421711445,-0.178382128477,1.19518733025,-0.138698920608,0.00737737398595,-0.645502209663,-0.7510227561
-0.541738688946,-0.180000752211,1.19437360764,-0.142100006342,0.0069896504283,-0.645884752274,-0.750060975552
-0.54100883007,-0.181516975164,1.1944334507,-0.140898346901,0.0114368051291,-0.645246684551,-0.750782072544
-0.540661334991,-0.182810947299,1.19389379025,-0.141775816679,0.0108488537371,-0.645515978336,-0.750393927097
-0.540326416492,-0.183912143111,1.19314169884,-0.143806904554,0.0105307484046,-0.643940210342,-0.751365244389
-0.540528059006,-0.185759499669,1.19314551353,-0.144831776619,0.0132934655994,-0.6453089118,-0.749948978424
-0.540675342083,-0.187467649579,1.19277858734,-0.146481141448,0.0142966480926,-0.64581900835,-0.749170780182
-0.54013645649,-0.18841034174,1.1924020052,-0.148112908006,0.0147901820019,-0.644875824451,-0.749652683735
-0.540358424187,-0.190166458488,1.1921954155,-0.148919314146,0.016523167491,-0.646892488003,-0.747716546059
-0.540677964687,-0.190851762891,1.19108915329,-0.152634054422,0.0121380984783,-0.646338820457,-0.747530281544
-0.540088951588,-0.192350193858,1.19098842144,-0.151586636901,0.0168912354857,-0.644617915154,-0.749135494232
-0.540064096451,-0.1938354671,1.19065189362,-0.152511760592,0.0175003279001,-0.646069049835,-0.747682154179
-0.540454208851,-0.195520609617,1.19067800045,-0.152890816331,0.0208269860595,-0.647409200668,-0.746359109879
-0.540173232555,-0.196658194065,1.18996334076,-0.154756724834,0.0198057685047,-0.646851956844,-0.74648553133
-0.539847910404,-0.197435438633,1.18942368031,-0.156040161848,0.0204622149467,-0.646666765213,-0.746361076832
-0.54013967514,-0.199320539832,1.18958032131,-0.155903622508,0.0224745739251,-0.648290038109,-0.744922041893
-0.540044188499,-0.200118660927,1.18887865543,-0.158160760999,0.0243034530431,-0.646514296532,-0.745931506157
-0.540144443512,-0.201658606529,1.18879067898,-0.159047484398,0.0257539730519,-0.647976219654,-0.7444242239
-0.540029942989,-0.202604219317,1.18818795681,-0.161010444164,0.0258290674537,-0.647669434547,-0.744266629219
-0.540122330189,-0.203865498304,1.18778407574,-0.162352114916,0.027445524931,-0.647014379501,-0.744486987591
-0.540558099747,-0.205630689859,1.18793129921,-0.161992430687,0.0296430718154,-0.647837102413,-0.743765354156
-0.540035784245,-0.205980956554,1.18698000908,-0.164453625679,0.0295830536634,-0.647069394588,-0.743895828724
-0.540516316891,-0.207721427083,1.18707132339,-0.164861425757,0.0327132232487,-0.648603796959,-0.742336690426
-0.540016651154,-0.208319500089,1.18642663956,-0.166676461697,0.0308235436678,-0.648276507854,-0.742298066616
-0.54011785984,-0.209559500217,1.18611884117,-0.167663633823,0.032063215971,-0.648261129856,-0.742036521435
-0.540983140469,-0.211083173752,1.18589508533,-0.1701862216,0.0319294407964,-0.65029925108,-0.739681005478
-0.540411829948,-0.212392896414,1.18585371971,-0.169127702713,0.0357405133545,-0.649422347546,-0.740519464016
-0.540417730808,-0.213113248348,1.18544220924,-0.170267120004,0.0373661704361,-0.64833688736,-0.741128981113
-0.54097276926,-0.214246422052,1.18491137028,-0.173395678401,0.0340488888323,-0.650937497616,-0.738278388977
-0.540333926678,-0.215127855539,1.18480336666,-0.172296255827,0.0386613197625,-0.648963332176,-0.740044474602
-0.541209757328,-0.216342866421,1.18419492245,-0.175950884819,0.0366684161127,-0.649481415749,-0.738830685616
-0.540614128113,-0.217230662704,1.18438100815,-0.174127727747,0.0409753508866,-0.649496793747,-0.739022612572
-0.540565907955,-0.218001648784,1.18391597271,-0.174836650491,0.0418878383934,-0.648073852062,-0.740052521229
-0.540646612644,-0.219060987234,1.18361532688,-0.176226466894,0.0425951965153,-0.647909641266,-0.739826321602
-0.540515303612,-0.219588845968,1.18307805061,-0.177254617214,0.0409268476069,-0.648114025593,-0.739495754242
-0.540660440922,-0.220591634512,1.18303000927,-0.177333012223,0.0434309765697,-0.648387730122,-0.739094138145
-0.540540993214,-0.221309110522,1.18247628212,-0.178732588887,0.0425513386726,-0.647206544876,-0.739843189716
-0.541308641434,-0.222131222486,1.18179535866,-0.182492136955,0.039725985378,-0.64719325304,-0.739093601704
-0.540780127048,-0.222941085696,1.18195950985,-0.180516317487,0.0448555871844,-0.646262168884,-0.740099310875
-0.541221916676,-0.223636612296,1.18132519722,-0.183546647429,0.0406853929162,-0.64771014452,-0.738327026367
-0.541696667671,-0.224787473679,1.18145227432,-0.18326368928,0.0421096384525,-0.648101747036,-0.737973809242
-0.541964411736,-0.22554603219,1.18118333817,-0.184005871415,0.043546680361,-0.646392464638,-0.739203929901
-0.541894614697,-0.22647741437,1.18100309372,-0.184514567256,0.0440379269421,-0.646595537663,-0.738870203495
-0.542016088963,-0.227249860764,1.18067729473,-0.186232283711,0.0460663177073,-0.645494520664,-0.739278316498
-0.541946530342,-0.227610051632,1.18044829369,-0.186345621943,0.0459385998547,-0.645598948002,-0.739166378975
-0.542171120644,-0.228637844324,1.18042600155,-0.186294719577,0.0455026812851,-0.646064698696,-0.738799214363
-0.542078137398,-0.228929072618,1.17976129055,-0.188399508595,0.0463825650513,-0.643636584282,-0.740328490734
-0.542345941067,-0.23002627492,1.18034410477,-0.187626600266,0.0502775721252,-0.644731998444,-0.739316642284
-0.542090892792,-0.230222418904,1.1798208952,-0.188768044114,0.0487684682012,-0.6432954669,-0.74037784338
-0.54266834259,-0.23110294342,1.17950439453,-0.189647167921,0.0474407412112,-0.644510447979,-0.739181756973
-0.542404830456,-0.231109499931,1.17914915085,-0.190686896443,0.0463071465492,-0.643486559391,-0.739877820015
-0.541994690895,-0.231672286987,1.17918372154,-0.188824743032,0.0510036796331,-0.640616953373,-0.742532014847
-0.542110204697,-0.232396960258,1.17894399166,-0.18925562501,0.0502794235945,-0.641067802906,-0.742082476616
-0.54241412878,-0.232919916511,1.17866158485,-0.189626455307,0.050958275795,-0.64019036293,-0.742698788643
-0.542209267616,-0.233291089535,1.17867541313,-0.190154880285,0.051117643714,-0.640242874622,-0.742507398129
-0.54299145937,-0.234322607517,1.17880153656,-0.190137282014,0.0536736808717,-0.640579998493,-0.742040574551
-0.542963027954,-0.234765827656,1.17850613594,-0.189808323979,0.0538500621915,-0.640282332897,-0.742368876934
-0.543002843857,-0.235149979591,1.17844057083,-0.190604910254,0.0535344779491,-0.640969455242,-0.741594195366
-0.542830526829,-0.235175356269,1.17819666862,-0.191475346684,0.0528715252876,-0.64012748003,-0.74214464426
-0.542734563351,-0.235416859388,1.17784547806,-0.191712319851,0.0524514578283,-0.639611244202,-0.742558300495
-0.543164610863,-0.236212536693,1.17785954475,-0.191777691245,0.0534985736012,-0.640281140804,-0.741888999939
-0.543287575245,-0.23662404716,1.17764735222,-0.192625567317,0.0545650795102,-0.63903605938,-0.742664933205
-0.543505311012,-0.237206563354,1.17755031586,-0.1928524822,0.0550264827907,-0.639289319515,-0.742353856564
-0.544008910656,-0.237512350082,1.17723011971,-0.195297554135,0.0517386011779,-0.640842437744,-0.740609824657
-0.543818235397,-0.237642347813,1.17707598209,-0.195534840226,0.0508945807815,-0.640966296196,-0.740498542786
-0.543978214264,-0.237985864282,1.17702782154,-0.195345267653,0.050393640995,-0.640704452991,-0.740809321404
-0.544361770153,-0.238646939397,1.17688810825,-0.196822583675,0.0527723133564,-0.639728248119,-0.741096258163
-0.544387459755,-0.23906750977,1.17668676376,-0.197028771043,0.0524409115314,-0.639561653137,-0.741208851337
-0.544387280941,-0.239407464862,1.17669677734,-0.197060585022,0.0534084588289,-0.639274179935,-0.741379320621
-0.54422134161,-0.239586412907,1.17667102814,-0.197422221303,0.0535996109247,-0.638565897942,-0.741879582405
-0.544410049915,-0.240048348904,1.17672753334,-0.197669327259,0.0538639649749,-0.639529645443,-0.740963757038
-0.544422328472,-0.240282654762,1.17662668228,-0.197890594602,0.0538968555629,-0.638946056366,-0.741405785084
-0.544507920742,-0.24046421051,1.17648792267,-0.197935819626,0.0538106076419,-0.638653159142,-0.741652309895
-0.544661223888,-0.240641757846,1.17617726326,-0.19867490232,0.053501829505,-0.637223601341,-0.742705702782
-0.544731020927,-0.240918755531,1.17607855797,-0.19882324338,0.0534550175071,-0.636726677418,-0.743095636368
-0.54504609108,-0.241384297609,1.17595112324,-0.198872759938,0.0536362491548,-0.636832535267,-0.742978692055
-0.54521381855,-0.241729050875,1.17589330673,-0.198915228248,0.0539101213217,-0.636704742908,-0.743056893349
-0.545183956623,-0.242006719112,1.17591440678,-0.198991641402,0.0547655299306,-0.636239945889,-0.743371903896
-0.545147359371,-0.24221149087,1.17591762543,-0.199402526021,0.0544398017228,-0.636594235897,-0.742982268333
-0.54502338171,-0.24237601459,1.17579770088,-0.199953883886,0.0541113652289,-0.635862469673,-0.743484556675
-0.545337080956,-0.242811337113,1.17563951015,-0.200058877468,0.0539927743375,-0.63615000248,-0.743218898773
-0.545520842075,-0.243118584156,1.17548453808,-0.200662627816,0.0547287724912,-0.634952008724,-0.744026303291
-0.545617222786,-0.243363589048,1.17538237572,-0.200892284513,0.0547069199383,-0.634764432907,-0.744126141071
-0.545114398003,-0.243833974004,1.17568445206,-0.198862358928,0.0589306354523,-0.633158504963,-0.745715200901
-0.545782864094,-0.243952512741,1.17520856857,-0.201273426414,0.0552994459867,-0.633970439434,-0.744655847549
-0.545576393604,-0.244042724371,1.1751537323,-0.201570376754,0.055703509599,-0.633294582367,-0.745120406151
-0.545707702637,-0.24451264739,1.17511081696,-0.201147079468,0.0559185855091,-0.634105265141,-0.744528949261
-0.545774042606,-0.244772270322,1.1750395298,-0.201360926032,0.0559572689235,-0.63386797905,-0.744670510292
-0.54581207037,-0.245067477226,1.17496931553,-0.201738357544,0.0559274479747,-0.633517682552,-0.744868576527
-0.546130359173,-0.24534741044,1.17472743988,-0.202297613025,0.0560430884361,-0.632721066475,-0.745385110378
-0.545581638813,-0.245894655585,1.17512285709,-0.200391963124,0.0595966614783,-0.632130205631,-0.746125161648
-0.545756936073,-0.246177256107,1.17497193813,-0.200615420938,0.060296010226,-0.631108164787,-0.746873736382
-0.545605659485,-0.246353894472,1.17489981651,-0.201042503119,0.0603294223547,-0.630246758461,-0.747483313084
-0.545707941055,-0.246639311314,1.17479276657,-0.201051354408,0.0604810230434,-0.630090892315,-0.747600138187
-0.545963943005,-0.247175067663,1.17470932007,-0.201269209385,0.0606054775417,-0.630043983459,-0.747570931911
-0.545785963535,-0.247415781021,1.17477583885,-0.201795548201,0.060571283102,-0.630217373371,-0.747285544872
-0.545899093151,-0.247715711594,1.17469930649,-0.201981440187,0.0608718432486,-0.630035400391,-0.747364401817
-0.54606461525,-0.248025596142,1.17458426952,-0.202468559146,0.0617849007249,-0.629029452801,-0.748004734516
-0.546121537685,-0.248236343265,1.17449450493,-0.202658250928,0.0620739609003,-0.628745913506,-0.748167812824
-0.545947194099,-0.2483317554,1.17433822155,-0.203042522073,0.0617923550308,-0.628036975861,-0.748682141304
-0.546201229095,-0.248856127262,1.17438805103,-0.203318998218,0.0624662078917,-0.62809574604,-0.748501896858
-0.546136438847,-0.249142035842,1.1743118763,-0.203007772565,0.0615051575005,-0.629169940948,-0.747763454914
-0.546300888062,-0.249429911375,1.17416441441,-0.203299194574,0.0623728856444,-0.628306031227,-0.748338580132
-0.546559989452,-0.249681696296,1.17407405376,-0.203620031476,0.0631293579936,-0.627445399761,-0.748909771442
-0.546573281288,-0.249986901879,1.17403781414,-0.20437079668,0.0636540725827,-0.626588225365,-0.749378442764
-0.546655058861,-0.250246196985,1.17401921749,-0.204690009356,0.0639001578093,-0.626169383526,-0.749620378017
-0.546727538109,-0.250430643559,1.17393410206,-0.204986289144,0.064169190824,-0.625790119171,-0.74983304739
-0.546778321266,-0.250571757555,1.17386579514,-0.205160066485,0.0642159208655,-0.625514626503,-0.750011384487
-0.54677593708,-0.250670969486,1.1738165617,-0.204892188311,0.0639598742127,-0.626015067101,-0.749688982964
-0.54743874073,-0.25072324276,1.17330038548,-0.20738735795,0.0601397901773,-0.626849710941,-0.74862074852
-0.547574698925,-0.251040786505,1.17325603962,-0.207092046738,0.0598617605865,-0.627328932285,-0.748323380947
-0.547586500645,-0.251188963652,1.17322492599,-0.207262963057,0.0600060597062,-0.626963019371,-0.748571157455
-0.547692775726,-0.251441627741,1.17308282852,-0.207323253155,0.0598456040025,-0.626549243927,-0.748913705349
-0.547181010246,-0.251597523689,1.17348098755,-0.2048612535,0.0637702941895,-0.62506711483,-0.750504016876
-0.547399997711,-0.251924097538,1.17339015007,-0.20567573607,0.0652092546225,-0.62283718586,-0.752009987831
-0.547499418259,-0.252107620239,1.17336177826,-0.205642938614,0.0652588233352,-0.622488379478,-0.752303540707
-0.547662973404,-0.252246260643,1.17330873013,-0.205555900931,0.0651539340615,-0.622290790081,-0.752499878407
-0.547457337379,-0.251914441586,1.17300856113,-0.20583063364,0.0634394809604,-0.621271371841,-0.75341296196
-0.547872185707,-0.252344638109,1.17329096794,-0.20469994843,0.0651796162128,-0.621611952782,-0.753291547298
-0.547832131386,-0.252321332693,1.17336189747,-0.20465247333,0.0651521757245,-0.620689809322,-0.754066824913
-0.547985851765,-0.252421587706,1.17338120937,-0.204436719418,0.0649398565292,-0.620145320892,-0.754591464996
-0.548035562038,-0.252468705177,1.17347002029,-0.204055562615,0.0644846707582,-0.620371758938,-0.754547476768
-0.548178255558,-0.252498447895,1.17357325554,-0.203597784042,0.0642161294818,-0.619928181171,-0.755058467388
-0.548373639584,-0.252611964941,1.17360496521,-0.203420624137,0.0638352483511,-0.619616389275,-0.755394399166
-0.548587083817,-0.252641826868,1.17368197441,-0.203083485365,0.0637047812343,-0.619408607483,-0.755666553974
-0.54878026247,-0.252668261528,1.17374634743,-0.202867358923,0.0635718554258,-0.6189930439,-0.756076097488
-0.548824667931,-0.252440184355,1.17354393005,-0.203128248453,0.0616497658193,-0.618109464645,-0.756887674332
-0.549441277981,-0.25291621685,1.17401528358,-0.202148765326,0.0641637891531,-0.617881894112,-0.757126748562
-0.549631953239,-0.252906620502,1.17411470413,-0.201682314277,0.0638758689165,-0.617558658123,-0.75753903389
-0.54971075058,-0.252897113562,1.17430341244,-0.201375991106,0.0632435530424,-0.617918491364,-0.757380247116
-0.550478637218,-0.252830952406,1.17392039299,-0.202680528164,0.0579378530383,-0.619097352028,-0.756493449211
-0.550424098969,-0.252384126186,1.17403030396,-0.202398151159,0.0573526509106,-0.618524432182,-0.757082104683
-0.550623655319,-0.252300411463,1.17419409752,-0.201652988791,0.05720866099,-0.618259727955,-0.757507801056
-0.550398111343,-0.25240790844,1.17462420464,-0.19943381846,0.061671115458,-0.61561948061,-0.759891808033
-0.550516664982,-0.252312511206,1.17478251457,-0.198761612177,0.0618853978813,-0.615298330784,-0.760310530663
-0.550769865513,-0.252381742001,1.1750023365,-0.198270842433,0.0614367350936,-0.615998625755,-0.759907841682
-0.550982773304,-0.252344429493,1.17512559891,-0.197942182422,0.0613178424537,-0.615711569786,-0.760235786438
-0.551232218742,-0.252212882042,1.1752589941,-0.19775237143,0.0617916025221,-0.614483177662,-0.761239945889
-0.551451086998,-0.252099364996,1.17542219162,-0.197559177876,0.0612660944462,-0.61508846283,-0.76084369421
-0.551769316196,-0.252034127712,1.17552292347,-0.198084145784,0.061361733824,-0.613974034786,-0.761599242687
-0.551890492439,-0.251862585545,1.17563188076,-0.197929561138,0.0613036602736,-0.613568544388,-0.761970698833
-0.551834285259,-0.251445055008,1.175817132,-0.197505891323,0.0608246773481,-0.613855481148,-0.761887848377
-0.552055001259,-0.251340329647,1.17596411705,-0.197479888797,0.0608072914183,-0.613582789898,-0.762115716934
-0.552257120609,-0.251103043556,1.17598795891,-0.196991086006,0.0613894797862,-0.612431108952,-0.763121247292
-0.552372395992,-0.251029193401,1.17611062527,-0.197107300162,0.0613468773663,-0.611724197865,-0.763661384583
-0.55239212513,-0.250763297081,1.17621684074,-0.196706309915,0.0609659962356,-0.611904323101,-0.763651013374
-0.552534997463,-0.250679939985,1.17634189129,-0.196926698089,0.0609799064696,-0.611345171928,-0.764040827751
-0.552662372589,-0.250370055437,1.17641246319,-0.196585893631,0.0607810430229,-0.610762357712,-0.764610290527
-0.552871882915,-0.250251859426,1.17645275593,-0.196349322796,0.060684081167,-0.610217154026,-0.765113949776
-0.553027391434,-0.250146955252,1.17652869225,-0.196254611015,0.0606834962964,-0.609424948692,-0.765769481659
-0.553732216358,-0.24995996058,1.17627882957,-0.198602288961,0.0573668442667,-0.609844326973,-0.765085697174
-0.553499221802,-0.250164151192,1.17664361,-0.196452721953,0.0604380108416,-0.608362436295,-0.766582489014
-0.553607344627,-0.249959379435,1.1766513586,-0.196461230516,0.0605429150164,-0.607310593128,-0.767405629158
-0.553686082363,-0.249816522002,1.17667984962,-0.19655893743,0.0604812577367,-0.606215059757,-0.768251180649
-0.553742051125,-0.249661177397,1.17682087421,-0.196947053075,0.0605493336916,-0.605323433876,-0.768849253654
-0.553963601589,-0.24960629642,1.17678558826,-0.196633011103,0.0602646693587,-0.60476320982,-0.769392728806
-0.553792834282,-0.249020457268,1.17643022537,-0.196986928582,0.0580182336271,-0.603013217449,-0.770847022533
-0.553902626038,-0.248961091042,1.17652189732,-0.197151243687,0.0577032119036,-0.601953744888,-0.771656394005
-0.554015815258,-0.248870879412,1.17656850815,-0.197150871158,0.0574191436172,-0.60115557909,-0.772299587727
-0.554109275341,-0.248734503984,1.17660474777,-0.197142824531,0.057173371315,-0.600463628769,-0.772857904434
-0.554480016232,-0.248947411776,1.17711532116,-0.196893513203,0.0591578744352,-0.600318431854,-0.772884905338
-0.554327428341,-0.248673409224,1.17678332329,-0.197582229972,0.0569479651749,-0.598863661289,-0.774002969265
-0.554455816746,-0.248490065336,1.17677056789,-0.197314605117,0.0566766113043,-0.598517596722,-0.774358808994
-0.554885804653,-0.248898178339,1.17729020119,-0.197157859802,0.0585284754634,-0.598670661449,-0.774142563343
-0.554994106293,-0.24879360199,1.17734599113,-0.197094812989,0.0582654848695,-0.59811347723,-0.774608910084
-0.555113255978,-0.248644322157,1.17732965946,-0.197033062577,0.0579724572599,-0.597636938095,-0.775014400482
-0.555237412453,-0.248525083065,1.1772787571,-0.196849450469,0.0575865842402,-0.597000002861,-0.775580525398
-0.555311262608,-0.248363867402,1.17739701271,-0.19724150002,0.0576249323785,-0.596164345741,-0.776120662689
-0.555290520191,-0.247905880213,1.1772210598,-0.196718081832,0.056947670877,-0.595892310143,-0.776512205601
-0.555049538612,-0.247537732124,1.17688214779,-0.197538957,0.0550580769777,-0.594592213631,-0.777436256409
-0.555353343487,-0.247745499015,1.17733252048,-0.19723674655,0.0569679625332,-0.594777226448,-0.777233839035
-0.555542051792,-0.247584015131,1.17729532719,-0.197039052844,0.0567070245743,-0.594728946686,-0.777339935303
-0.555631637573,-0.247399702668,1.177328825,-0.197117269039,0.0567075423896,-0.594342589378,-0.777615606785
-0.555529356003,-0.24715834856,1.17698717117,-0.197838068008,0.0547024942935,-0.593282938004,-0.778384923935
-0.555850803852,-0.247234404087,1.17742347717,-0.197293817997,0.0566510334611,-0.59374332428,-0.77803260088
-0.556238591671,-0.247410714626,1.17740011215,-0.196882799268,0.0567197240889,-0.593793690205,-0.778093278408
-0.556319713593,-0.247308656573,1.17744159698,-0.196900874376,0.0567316040397,-0.593620181084,-0.778220236301
-0.556417107582,-0.247162982821,1.17747628689,-0.1969409585,0.0565841794014,-0.593343019485,-0.778432130814
-0.556961238384,-0.247103452682,1.17773842812,-0.198193609715,0.0564080327749,-0.594097554684,-0.77755099535
-0.557014584541,-0.24702256918,1.17779040337,-0.198314264417,0.0564026646316,-0.593722045422,-0.777807354927
-0.557114243507,-0.246832430363,1.17779350281,-0.198071733117,0.056401796639,-0.593602001667,-0.777960836887
-0.557205975056,-0.246797814965,1.17785048485,-0.198208764195,0.0563951097429,-0.593313694,-0.778146445751
-0.557179629803,-0.24640378356,1.17787981033,-0.198057562113,0.0563910491765,-0.593200445175,-0.778271496296
-0.557264089584,-0.246282786131,1.17791438103,-0.198001876473,0.0562560297549,-0.59297144413,-0.778469920158
-0.55734205246,-0.246162950993,1.17793953419,-0.197906807065,0.0561753511429,-0.59288328886,-0.778567016125
-0.557467639446,-0.246125847101,1.17803835869,-0.19802211225,0.0563550144434,-0.5928388834,-0.778558552265
-0.557511031628,-0.245900601149,1.1780257225,-0.197558388114,0.0560507364571,-0.59268540144,-0.778815150261
-0.557590484619,-0.24588945508,1.17808246613,-0.197798728943,0.0559957809746,-0.59260058403,-0.778822600842
-0.557699978352,-0.245687246323,1.17809689045,-0.19751483202,0.0559372790158,-0.592749357224,-0.778785765171
-0.557662069798,-0.245585054159,1.17807507515,-0.197666689754,0.0555879324675,-0.592408180237,-0.77903175354
-0.557840049267,-0.245195433497,1.17750668526,-0.19849434495,0.0522979348898,-0.592579007149,-0.778919100761
-0.557848036289,-0.2450491786,1.1775867939,-0.198172986507,0.0515788458288,-0.59297555685,-0.778747081757
-0.557931244373,-0.24493393302,1.17763090134,-0.198039367795,0.0517427138984,-0.593042194843,-0.778719484806
-0.557927250862,-0.24481087923,1.17771828175,-0.19815017283,0.0518262907863,-0.592980265617,-0.778732895851
-0.557861566544,-0.244899898767,1.17829489708,-0.197028592229,0.0548798926175,-0.592953801155,-0.778828501701
-0.557355284691,-0.244482368231,1.17807197571,-0.195710614324,0.0547396205366,-0.592030346394,-0.77987241745
-0.557496070862,-0.244534254074,1.17818880081,-0.195019170642,0.0554579459131,-0.592388570309,-0.779722809792
-0.557548344135,-0.244449406862,1.17822337151,-0.195050820708,0.0554012767971,-0.592573583126,-0.779578387737
-0.557553231716,-0.244374841452,1.17822706699,-0.194977939129,0.0551923140883,-0.592789232731,-0.779447495937
-0.557594776154,-0.244243472815,1.17826294899,-0.194908902049,0.0551560930908,-0.593059003353,-0.779262065887
-0.557736754417,-0.244358763099,1.17825126648,-0.194898486137,0.0548903532326,-0.593411445618,-0.77901506424
-0.558357894421,-0.244133591652,1.17794418335,-0.19728885591,0.0513530187309,-0.594696760178,-0.777673363686
-0.557908296585,-0.24400639534,1.17806434631,-0.19521073997,0.0541045889258,-0.593539178371,-0.778894603252
-0.557921588421,-0.243924602866,1.17807996273,-0.195146396756,0.0539726912975,-0.593773007393,-0.778741598129
-0.557903468609,-0.243759185076,1.17812144756,-0.195318043232,0.0543405301869,-0.593116164207,-0.779173433781
-0.55783778429,-0.243848502636,1.17828655243,-0.195347964764,0.0546184778214,-0.593210816383,-0.77907449007
-0.557990252972,-0.243966326118,1.17825722694,-0.195122182369,0.0544336438179,-0.593710541725,-0.778763234615
-0.55776488781,-0.243697211146,1.17837309837,-0.195029556751,0.0537528581917,-0.594738602638,-0.778048932552
-0.557630300522,-0.243267029524,1.17830491066,-0.194791302085,0.0532759316266,-0.595020532608,-0.777925908566
-0.557619333267,-0.243214964867,1.17835617065,-0.194878339767,0.0532036907971,-0.595526814461,-0.777521491051
-0.557748258114,-0.243343889713,1.17833483219,-0.194708287716,0.0531520843506,-0.596169829369,-0.777074635029
-0.558037877083,-0.243024677038,1.17808485031,-0.196822315454,0.0501618273556,-0.597141444683,-0.775994122028
-0.558148145676,-0.243069976568,1.17805397511,-0.196503415704,0.0502077043056,-0.597752332687,-0.775601506233
-0.557664096355,-0.243126064539,1.17833948135,-0.194501295686,0.0528994761407,-0.597237169743,-0.776323795319
-0.557629704475,-0.243081241846,1.17834699154,-0.194512456656,0.052796613425,-0.597592890263,-0.776054263115
-0.558124244213,-0.242884591222,1.17799568176,-0.196824669838,0.0493156313896,-0.59883838892,-0.774739027023
-0.558097541332,-0.242850273848,1.17798507214,-0.196765318513,0.0490499287844,-0.599248349667,-0.774453938007
-0.557625353336,-0.24249085784,1.17761015892,-0.19748903811,0.0469593890011,-0.598573803902,-0.774920880795
-0.557577133179,-0.242466330528,1.17760419846,-0.197496250272,0.0468859821558,-0.599040806293,-0.774562478065
-0.55745434761,-0.242383301258,1.17758905888,-0.197664961219,0.0469815693796,-0.599712133408,-0.773993909359
-0.5567035079,-0.242512479424,1.17804396152,-0.194923192263,0.0497743748128,-0.600142359734,-0.774181306362
-0.557136058807,-0.24236933887,1.17761087418,-0.19757206738,0.0459309853613,-0.60145676136,-0.772725999355
-0.556504547596,-0.242525309324,1.17798018456,-0.195170715451,0.0496341884136,-0.60097938776,-0.773478269577
-0.556677043438,-0.242688208818,1.17805743217,-0.195614218712,0.0507351569831,-0.601316332817,-0.773032784462
-0.556703388691,-0.242742568254,1.17799592018,-0.195735797286,0.0511240921915,-0.601107418537,-0.77313888073
-0.556202292442,-0.242604970932,1.17791497707,-0.19567656517,0.0497899241745,-0.60242164135,-0.772217452526
-0.556164264679,-0.242606803775,1.17782270908,-0.195993497968,0.0504539422691,-0.602497160435,-0.772035121918
-0.556071460247,-0.242531329393,1.17774760723,-0.195911869407,0.0504877716303,-0.60315144062,-0.771542608738
-0.556366205215,-0.242906451225,1.1780821085,-0.195322111249,0.05260816589,-0.604696810246,-0.770339787006
-0.557051301003,-0.242762282491,1.17750167847,-0.197853729129,0.0487647205591,-0.605871498585,-0.769022524357
-0.556254267693,-0.242966622114,1.17792475224,-0.195085167885,0.0531041137874,-0.605556249619,-0.769690454006
-0.556160628796,-0.242972552776,1.1778781414,-0.195236772299,0.052831556648,-0.606529533863,-0.768904089928
-0.555993676186,-0.243003040552,1.17784893513,-0.195175200701,0.0533987693489,-0.607446730137,-0.768156051636
-0.555871605873,-0.243010103703,1.17774748802,-0.195427060127,0.0527468137443,-0.608446836472,-0.767345130444
-0.555550158024,-0.242993190885,1.17778325081,-0.194971784949,0.051484990865,-0.610950291157,-0.76555532217
-0.555429935455,-0.242985039949,1.1776766777,-0.195115044713,0.0511852987111,-0.611785531044,-0.764871656895
-0.555395960808,-0.243021070957,1.177693367,-0.194482788444,0.05062174052,-0.612378895283,-0.764595329762
-0.555299222469,-0.243191659451,1.17749238014,-0.195193305612,0.0520701557398,-0.61282813549,-0.763956844807
-0.555499255657,-0.243530884385,1.17752563953,-0.195029094815,0.0525945313275,-0.614445030689,-0.762662947178
-0.555169820786,-0.243108779192,1.17746067047,-0.194858327508,0.0524825416505,-0.614975810051,-0.762286484241
-0.555087208748,-0.24297131598,1.17745029926,-0.19509345293,0.0530847944319,-0.6148391366,-0.762294769287
-0.555033385754,-0.242939591408,1.17743182182,-0.194964498281,0.0533657856286,-0.615565896034,-0.761721432209
-0.554972946644,-0.24286198616,1.17734384537,-0.195147737861,0.0535153783858,-0.616624176502,-0.760807573795
-0.554889678955,-0.2427277565,1.17733597755,-0.194939956069,0.0538632720709,-0.617555379868,-0.760080635548
-0.554878890514,-0.242609351873,1.17729651928,-0.194805130363,0.0538506805897,-0.618559718132,-0.759298980236
-0.554903209209,-0.242466390133,1.17726898193,-0.194761067629,0.0540812648833,-0.619517445564,-0.758512735367
-0.555491387844,-0.242179602385,1.17689716816,-0.196281820536,0.0513063557446,-0.621519446373,-0.756673336029
-0.554850935936,-0.242078304291,1.1772595644,-0.193867206573,0.0530989132822,-0.622968971729,-0.755979955196
-0.55575799942,-0.241876736283,1.17662203312,-0.195762634277,0.0496720373631,-0.625102519989,-0.753960549831
-0.555104792118,-0.241749063134,1.17706012726,-0.19352260232,0.0536670275033,-0.624878823757,-0.754450321198
-0.555715501308,-0.241387665272,1.176633358,-0.19551204145,0.0502127818763,-0.626845657825,-0.75254124403
-0.555749356747,-0.241222843528,1.17666614056,-0.195565357804,0.0505561046302,-0.627633333206,-0.751847565174
-0.555824816227,-0.240823119879,1.17654657364,-0.195268198848,0.0504602715373,-0.62876868248,-0.750981867313
-0.555942177773,-0.240764170885,1.17664766312,-0.195597112179,0.051594439894,-0.628923594952,-0.750689506531
-0.555885016918,-0.240287929773,1.17655944824,-0.194855228066,0.0513282492757,-0.630911529064,-0.749231219292
-0.555725932121,-0.239943146706,1.17656087875,-0.195756062865,0.0511177629232,-0.631374835968,-0.748620390892
-0.556036472321,-0.239511698484,1.17631399632,-0.195730403066,0.0506391897798,-0.631863713264,-0.748247087002
-0.556297123432,-0.239168688655,1.17636609077,-0.195354476571,0.0511372536421,-0.633075296879,-0.747286677361
-0.556418001652,-0.238934099674,1.17651462555,-0.195407435298,0.0516705699265,-0.633812963963,-0.74661052227
-0.556512951851,-0.238387733698,1.17639255524,-0.194686219096,0.0515846200287,-0.634583353996,-0.746150255203
-0.556671261787,-0.23781734705,1.17624640465,-0.194681078196,0.0505812466145,-0.635526299477,-0.745417356491
-0.556560873985,-0.237233579159,1.1764125824,-0.193919837475,0.0512435398996,-0.636132240295,-0.745053768158
-0.556210398674,-0.236998736858,1.17687439919,-0.191464051604,0.0543125756085,-0.637003540993,-0.744726896286
-0.556373655796,-0.236557021737,1.17692732811,-0.19125123322,0.0544936545193,-0.637895166874,-0.744004845619
-0.556541621685,-0.236145317554,1.17693543434,-0.191016480327,0.0544933602214,-0.638686835766,-0.743385851383
-0.556526780128,-0.2353990376,1.17696046829,-0.191407978535,0.0545135550201,-0.638043701649,-0.743835568428
-0.556867301464,-0.235036969185,1.17707121372,-0.190658047795,0.0542386807501,-0.639935135841,-0.742422103882
-0.557602465153,-0.234157249331,1.17676007748,-0.192330166698,0.0507869385183,-0.640605449677,-0.741656541824
-0.557745933533,-0.233518302441,1.17677402496,-0.191768109798,0.0503556989133,-0.640994608402,-0.74149531126
-0.557960748672,-0.232871845365,1.17697644234,-0.191174030304,0.0506942793727,-0.641400456429,-0.74127471447
-0.558140873909,-0.232190951705,1.17730104923,-0.190078213811,0.0509496368468,-0.641548395157,-0.741410851479
-0.558319807053,-0.231566905975,1.17745029926,-0.189370974898,0.0510384216905,-0.64163839817,-0.741507828236
-0.558526337147,-0.230740845203,1.1777356863,-0.187968254089,0.0480025857687,-0.643725395203,-0.740257620811
-0.558615505695,-0.229516088963,1.1775149107,-0.188801631331,0.0481556653976,-0.64187669754,-0.741639554501
-0.559174835682,-0.229235291481,1.17816436291,-0.187522307038,0.0491280183196,-0.643894433975,-0.740149915218
-0.558969438076,-0.228330343962,1.17861914635,-0.184148833156,0.0524591244757,-0.642578780651,-0.741909563541
-0.559256255627,-0.227491497993,1.17890703678,-0.182896345854,0.0523784048855,-0.64262419939,-0.742185652256
-0.560179054737,-0.226403236389,1.17863738537,-0.18399515748,0.0476628281176,-0.644182801247,-0.740879535675
-0.559620440006,-0.225423365831,1.17936611176,-0.180754885077,0.0504416488111,-0.643358767033,-0.742208063602
-0.560148060322,-0.224708631635,1.17988479137,-0.179684937,0.050422269851,-0.645053625107,-0.740997076035
