x,y,z,q0,q1,q2,q3
0.602645754814,-0.453973591328,0.772094607353,-0.507862091064,-0.520561277866,0.531563818455,-0.434202700853
0.605627119541,-0.456132531166,0.771619260311,-0.50720846653,-0.521779060364,0.526655197144,-0.439454883337
0.60997658968,-0.458341300488,0.771297216415,-0.51049387455,-0.518148183823,0.523469388485,-0.443732410669
0.613944888115,-0.460456639528,0.770812153816,-0.511288821697,-0.516539514065,0.520493090153,-0.448171794415
0.618187189102,-0.462583959103,0.770317077637,-0.511629879475,-0.514305949211,0.519208312035,-0.451826274395
0.622324705124,-0.464524328709,0.770029902458,-0.510165929794,-0.514470934868,0.517077863216,-0.455720126629
0.626154303551,-0.466521322727,0.769885659218,-0.512437403202,-0.512308597565,0.510874986649,-0.462552517653
0.630495667458,-0.468425780535,0.769642591476,-0.514142274857,-0.509655177593,0.507309675217,-0.467489540577
0.634375393391,-0.470368623734,0.769527971745,-0.51229184866,-0.49226090312,0.514184057713,-0.48046964407
0.639268636703,-0.472044825554,0.76918387413,-0.512557387352,-0.48774933815,0.512387275696,-0.486666947603
0.643951952457,-0.473743885756,0.768973588943,-0.511366128922,-0.487537711859,0.511682510376,-0.488868862391
0.648348927498,-0.475303292274,0.768881499767,-0.511799693108,-0.486543387175,0.507224738598,-0.494023859501
0.652697682381,-0.476856768131,0.768764257431,-0.511514186859,-0.485134899616,0.504014909267,-0.498965322971
0.657030820847,-0.47824805975,0.768835365772,-0.512051105499,-0.484899818897,0.499272763729,-0.503391265869
0.660860538483,-0.479651808739,0.768929600716,-0.513680696487,-0.486656457186,0.493590444326,-0.50563454628
0.664903640747,-0.480948746204,0.769092679024,-0.514472067356,-0.483945697546,0.48754799366,-0.513236582279
0.669527888298,-0.482089966536,0.769429683685,-0.51347476244,-0.484222620726,0.486441403627,-0.515021085739
0.673796117306,-0.483183979988,0.769529461861,-0.514719247818,-0.482263684273,0.482692748308,-0.51912778616
0.678406596184,-0.484065949917,0.769512534142,-0.515727162361,-0.498022019863,0.46944475174,-0.515384733677
0.682488799095,-0.485040158033,0.769728899002,-0.515383958817,-0.496700584888,0.466161549091,-0.519962728024
0.686304271221,-0.485905349255,0.770185709,-0.517795562744,-0.493795931339,0.459564059973,-0.526169359684
0.690537571907,-0.486610352993,0.770358085632,-0.517315626144,-0.495240986347,0.457685083151,-0.526920557022
0.694483339787,-0.48713439703,0.770303547382,-0.517721414566,-0.493974596262,0.454268485308,-0.530653834343
0.698280632496,-0.487783610821,0.770853161812,-0.518392145634,-0.492817789316,0.451025009155,-0.533832192421
0.701958954334,-0.488300234079,0.771199703217,-0.519450187683,-0.490996301174,0.447594881058,-0.537357389927
0.705500304699,-0.488682925701,0.77133923769,-0.519706726074,-0.490656405687,0.444216698408,-0.540215492249
0.708962857723,-0.489055305719,0.771819710732,-0.521049439907,-0.488883048296,0.440935969353,-0.543209314346
0.712376356125,-0.489209860563,0.772049129009,-0.523327171803,-0.467253506184,0.445104181767,-0.556493580341
0.716848254204,-0.489312410355,0.772527813911,-0.522245407104,-0.467390298843,0.445514768362,-0.557066202164
0.719319283962,-0.490209013224,0.77268576622,-0.535436868668,-0.457136690617,0.441065430641,-0.556592047215
0.722224116325,-0.490270107985,0.773011922836,-0.536400735378,-0.45582947135,0.437933474779,-0.559203088284
0.724234044552,-0.489344805479,0.773519396782,-0.527056157589,-0.463327288628,0.43290579319,-0.565802335739
0.726675987244,-0.489326447248,0.77387368679,-0.527084767818,-0.46189647913,0.431119501591,-0.56830394268
0.730208337307,-0.488871097565,0.774021983147,-0.528208971024,-0.463800817728,0.429418921471,-0.56699514389
0.73238492012,-0.488558769226,0.774337887764,-0.527334570885,-0.464839696884,0.427890986204,-0.568112373352
0.734804689884,-0.488999098539,0.774818658829,-0.539215326309,-0.455043375492,0.425109446049,-0.566978156567
0.736110270023,-0.487793505192,0.775235950947,-0.528160095215,-0.463973939419,0.424843668938,-0.570335805416
0.737398445606,-0.488127976656,0.775324106216,-0.541077613831,-0.453285962343,0.421986699104,-0.568941235542
0.737981081009,-0.486867010593,0.775789141655,-0.530940175056,-0.460211873055,0.419573307037,-0.57468765974
0.739218831062,-0.486319839954,0.776086330414,-0.531532347202,-0.460420012474,0.417934805155,-0.575167357922
0.740287125111,-0.485609412193,0.775578260422,-0.532010912895,-0.460314065218,0.416665583849,-0.575730144978
0.741927504539,-0.485815912485,0.776522874832,-0.542545318604,-0.453526049852,0.417639911175,-0.570557296276
0.742197275162,-0.484235227108,0.776887834072,-0.532034218311,-0.463592529297,0.417722702026,-0.57230168581
0.742137432098,-0.48372849822,0.777244567871,-0.531925141811,-0.461553871632,0.415883719921,-0.575381815434
0.743679940701,-0.482762485743,0.777731895447,-0.531454324722,-0.466405719519,0.4164699018,-0.571467101574
0.742941260338,-0.482053518295,0.777659654617,-0.53163588047,-0.465795964003,0.417277544737,-0.571206569672
0.742797076702,-0.481343954802,0.778073906898,-0.531914770603,-0.466160446405,0.416660964489,-0.571099877357
0.742525994778,-0.480445921421,0.77796882391,-0.530995965004,-0.467842668295,0.417819231749,-0.569731414318
0.742046356201,-0.479821562767,0.778824627399,-0.530358672142,-0.468988090754,0.418910056353,-0.568581044674
0.741965353489,-0.479591578245,0.779151082039,-0.542680203915,-0.461883962154,0.416912913322,-0.564220845699
0.740713715553,-0.478198170662,0.778990507126,-0.528444051743,-0.470764279366,0.421817332506,-0.566743552685
0.739515721798,-0.477403074503,0.779214859009,-0.529690682888,-0.470506042242,0.42005237937,-0.567104876041
0.73929220438,-0.477149516344,0.779825270176,-0.540226399899,-0.465599507093,0.420959472656,-0.560504972935
0.737451255322,-0.475574910641,0.779760539532,-0.529280364513,-0.473673284054,0.420593172312,-0.564444541931
0.736111760139,-0.474674373865,0.779469847679,-0.529362857342,-0.475515455008,0.422358214855,-0.561492145061
0.734681844711,-0.473867624998,0.779742479324,-0.528824925423,-0.476383805275,0.424534261227,-0.55961894989
0.733126997948,-0.47314453125,0.779985487461,-0.528302490711,-0.476983338594,0.425958782434,-0.558518409729
0.731759190559,-0.472357988358,0.780932843685,-0.526463627815,-0.480878710747,0.431082636118,-0.552955269814
0.72924476862,-0.471610337496,0.781136929989,-0.526412844658,-0.480039417744,0.429099649191,-0.555270493031
0.728118538857,-0.471071213484,0.781340122223,-0.527580142021,-0.47883477807,0.436424285173,-0.549463808537
0.726202011108,-0.470195949078,0.781604230404,-0.527200460434,-0.481259405613,0.438364177942,-0.546155810356
0.724134385586,-0.4694468081,0.781576156616,-0.526840925217,-0.481814324856,0.440764278173,-0.544077754021
0.722485899925,-0.469554901123,0.781778931618,-0.54008358717,-0.473460733891,0.441314399242,-0.537946403027
0.719841778278,-0.468083411455,0.781967520714,-0.527934193611,-0.482419937849,0.445764392614,-0.53837788105
0.716799736023,-0.467348337173,0.782102942467,-0.52892524004,-0.482244253159,0.443197399378,-0.539680302143
0.715210676193,-0.466836899519,0.782413423061,-0.529181241989,-0.482656419277,0.450290739536,-0.53314936161
0.71268928051,-0.46615177393,0.782435715199,-0.530257701874,-0.482845515013,0.452392250299,-0.530120790005
0.710248291492,-0.465644359589,0.782760977745,-0.530144512653,-0.482847362757,0.455350965261,-0.527693808079
0.707756280899,-0.465012043715,0.782685995102,-0.530672311783,-0.482835501432,0.45784458518,-0.52500975132
0.705060660839,-0.464382708073,0.782270848751,-0.531377792358,-0.482707232237,0.460606783628,-0.521989226341
0.702406942844,-0.463951826096,0.782872140408,-0.531509995461,-0.48236861825,0.463317960501,-0.519763469696
0.699718534946,-0.463446944952,0.783335387707,-0.531764864922,-0.481896042824,0.466646581888,-0.516955733299
0.696997284889,-0.462862670422,0.782404065132,-0.532720327377,-0.480709731579,0.46930283308,-0.514666974545
0.694063723087,-0.462058842182,0.781367897987,-0.532766640186,-0.480943322182,0.471574187279,-0.512319266796
0.691483914852,-0.461771130562,0.782750725746,-0.533456623554,-0.480470389128,0.4746055305,-0.509236693382
0.688583493233,-0.461417555809,0.783833861351,-0.533497035503,-0.480901181698,0.477301359177,-0.506259262562
0.684255063534,-0.46088296175,0.784120202065,-0.53335249424,-0.484033763409,0.474967509508,-0.505620658398
0.68279838562,-0.460446476936,0.783762574196,-0.533286750317,-0.480022281408,0.483599364758,-0.501313745975
0.679854393005,-0.459822952747,0.783366918564,-0.533783257008,-0.479901731014,0.486691743135,-0.497896403074
0.676128029823,-0.459442466497,0.78382897377,-0.533727884293,-0.482386291027,0.487971425056,-0.494289338589
0.67364937067,-0.458817720413,0.783931434155,-0.534590899944,-0.481075644493,0.491361737251,-0.491266429424
0.670792758465,-0.458652168512,0.785226404667,-0.535345137119,-0.483768314123,0.492635309696,-0.486502230167
0.667545318604,-0.457951962948,0.784631609917,-0.536672830582,-0.495780438185,0.487871319056,-0.477666825056
0.665190160275,-0.457837998867,0.785568892956,-0.535694122314,-0.476880669594,0.502067506313,-0.483264774084
0.661555528641,-0.457347393036,0.785269141197,-0.537338018417,-0.475396662951,0.502641618252,-0.482304275036
0.659269094467,-0.457009643316,0.786259651184,-0.537877321243,-0.475120127201,0.507666826248,-0.476679384708
0.655919611454,-0.456540882587,0.786693572998,-0.539152920246,-0.47425749898,0.50799369812,-0.475748300552
0.653307318687,-0.456170916557,0.786815345287,-0.538381516933,-0.475082665682,0.513592839241,-0.46974915266
0.650694668293,-0.456116616726,0.787154555321,-0.531569123268,-0.469649285078,0.522829174995,-0.472772240639
0.647680997849,-0.455384105444,0.787670791149,-0.537368297577,-0.472537338734,0.52068823576,-0.465647727251
0.644635021687,-0.454869806767,0.787753045559,-0.53803306818,-0.472732841969,0.523175060749,-0.46187889576
0.642022848129,-0.454551696777,0.788159310818,-0.538901507854,-0.471030294895,0.52626657486,-0.459085434675
0.639254450798,-0.454164773226,0.788582026958,-0.538354337215,-0.470781296492,0.528807282448,-0.457058429718
0.636473417282,-0.454075753689,0.788741827011,-0.543092608452,-0.465040743351,0.531034708023,-0.454741388559
0.63376134634,-0.453382074833,0.789122700691,-0.539828002453,-0.468573838472,0.533980190754,-0.451541423798
0.631083130836,-0.453116685152,0.789703786373,-0.541848123074,-0.465221524239,0.534958541393,-0.45142993331
0.628151655197,-0.452682107687,0.790044307709,-0.540579915047,-0.466470897198,0.53693819046,-0.449305862188
0.626138627529,-0.452386677265,0.790103912354,-0.541196227074,-0.463100880384,0.541112959385,-0.447036057711
0.623671531677,-0.45198392868,0.790476560593,-0.540927708149,-0.462868720293,0.543470084667,-0.444736123085
0.622573316097,-0.451545536518,0.790611922741,-0.538432240486,-0.462691485882,0.548681080341,-0.441538721323
0.619489550591,-0.451383680105,0.791146397591,-0.539787113667,-0.461403429508,0.550420761108,-0.439059883356
0.617290198803,-0.450900197029,0.791307330132,-0.539331197739,-0.461367696524,0.552458524704,-0.437094300985
0.615373075008,-0.450674563646,0.791530966759,-0.542121827602,-0.456955552101,0.553750514984,-0.436641633511
0.613106071949,-0.450283050537,0.792044520378,-0.542603433132,-0.455499559641,0.554911077023,-0.436091005802
0.611200749874,-0.449918210506,0.792174339294,-0.543545126915,-0.453912317753,0.556536018848,-0.434499621391
0.608908891678,-0.449557751417,0.79251408577,-0.544154584408,-0.452594518661,0.557735264301,-0.433572679758
0.607649862766,-0.449169039726,0.792636752129,-0.544296681881,-0.451379150152,0.560127973557,-0.431572139263
0.606055319309,-0.448786824942,0.792755842209,-0.545799314976,-0.448581755161,0.561342895031,-0.431012392044
0.604527235031,-0.448293030262,0.79277998209,-0.546254515648,-0.446921259165,0.562870323658,-0.430167794228
0.603057563305,-0.447867572308,0.793048024178,-0.5477835536,-0.4446439147,0.563981533051,-0.429126799107
0.601996481419,-0.447389900684,0.792862176895,-0.545455873013,-0.44394993782,0.568125188351,-0.427341043949
0.600390672684,-0.446939200163,0.792953908443,-0.54925018549,-0.439940810204,0.566938579082,-0.428201884031
0.599184334278,-0.446347951889,0.792947649956,-0.551223874092,-0.438156276941,0.567377388477,-0.426912307739
0.598304152489,-0.44577562809,0.793100833893,-0.54944306612,-0.437541991472,0.570478379726,-0.425703883171
0.596964001656,-0.445172607899,0.792949914932,-0.552188634872,-0.433799862862,0.569585025311,-0.427174836397
0.595929443836,-0.444486528635,0.793001711369,-0.55403226614,-0.432029694319,0.570075452328,-0.425925463438
0.595083773136,-0.443727135658,0.792948365211,-0.555216610432,-0.42889252305,0.570833206177,-0.426538735628
0.594188332558,-0.442999362946,0.792829871178,-0.556425392628,-0.427286297083,0.571062088013,-0.426269233227
0.593616783619,-0.442291468382,0.792728424072,-0.558846056461,-0.423384934664,0.572404146194,-0.425194054842
0.592718243599,-0.441234022379,0.792848229408,-0.558659136295,-0.42231759429,0.572173237801,-0.426808893681
0.592342376709,-0.440286397934,0.792800724506,-0.55867767334,-0.422634899616,0.57385468483,-0.424204826355
0.591399013996,-0.439219355583,0.792715907097,-0.561739087105,-0.418059378862,0.572763204575,-0.426166653633
0.591055631638,-0.438065826893,0.792601943016,-0.560609579086,-0.416089564562,0.575376808643,-0.426060706377
0.590267062187,-0.43686529994,0.792544722557,-0.564966380596,-0.414039552212,0.572900116444,-0.425640583038
0.589767813683,-0.435675799847,0.792405307293,-0.565723955631,-0.410838574171,0.573658049107,-0.426713585854
0.589297771454,-0.434292346239,0.792460560799,-0.567641496658,-0.408968985081,0.573879957199,-0.425663262606
0.588580071926,-0.432939738035,0.792348861694,-0.569303810596,-0.406440585852,0.574517190456,-0.425005048513
0.588873684406,-0.43143209815,0.792423605919,-0.570732414722,-0.405727446079,0.575288414955,-0.422720938921
0.588451683521,-0.430055111647,0.79235970974,-0.575872182846,-0.400584727526,0.574523866177,-0.421693354845
0.587909400463,-0.428302615881,0.792329251766,-0.575993835926,-0.398902535439,0.574499845505,-0.423152178526
0.587582409382,-0.426586002111,0.792248129845,-0.577876091003,-0.397359579802,0.574329376221,-0.422268182039
0.587281167507,-0.424821317196,0.79229259491,-0.580063462257,-0.394443929195,0.574930429459,-0.421183347702
0.587064385414,-0.422986537218,0.792187929153,-0.582210302353,-0.391576260328,0.575289905071,-0.420405358076
0.587074637413,-0.4210716784,0.792266607285,-0.584032475948,-0.389999419451,0.575443863869,-0.419131368399
0.5866086483,-0.419171214104,0.792270064354,-0.586705088615,-0.38608199358,0.575240969658,-0.419303774834
0.586383104324,-0.417414933443,0.792846739292,-0.587273359299,-0.382612973452,0.576640546322,-0.419765532017
0.586336016655,-0.415095865726,0.792358636856,-0.591239094734,-0.38138332963,0.575034677982,-0.417513996363
0.586066961288,-0.412956297398,0.792501330376,-0.59398239851,-0.380087345839,0.573885917664,-0.416381329298
0.585909485817,-0.410789877176,0.792668223381,-0.596350252628,-0.378152638674,0.573484957218,-0.415309399366
0.5856539011,-0.408618837595,0.792783200741,-0.598436117172,-0.375945091248,0.573709070683,-0.414001733065
0.585794866085,-0.406331241131,0.792743563652,-0.596252501011,-0.376093924046,0.576542258263,-0.413080304861
0.58575129509,-0.404345542192,0.792772889137,-0.594988524914,-0.371242374182,0.579194426537,-0.415573894978
0.585139930248,-0.401612848043,0.793067932129,-0.603576302528,-0.37020277977,0.571956515312,-0.414139211178
0.585873186588,-0.399853855371,0.793068766594,-0.598595798016,-0.361065685749,0.580708324909,-0.417243689299
0.585353970528,-0.39714807272,0.793396472931,-0.60465157032,-0.363264113665,0.575793087482,-0.413398057222
0.583864212036,-0.394479930401,0.793556034565,-0.60661315918,-0.368774980307,0.571934938431,-0.410993933678
0.584732532501,-0.392664015293,0.794386327267,-0.600519835949,-0.361202776432,0.580434262753,-0.414734333754
0.583027720451,-0.389968335629,0.793703079224,-0.601511597633,-0.366312652826,0.577101826668,-0.413464039564
0.582799077034,-0.38739413023,0.793822467327,-0.598632514477,-0.36892130971,0.579488456249,-0.411982148886
0.582392334938,-0.385062783957,0.794723272324,-0.599255859852,-0.368921816349,0.580148696899,-0.410142302513
0.58149689436,-0.381641983986,0.794140040874,-0.609228610992,-0.371831268072,0.572736799717,-0.403180837631
0.580822169781,-0.379400670528,0.794316828251,-0.60523223877,-0.371244847775,0.575023233891,-0.406471818686
0.580388963223,-0.37730795145,0.794798910618,-0.600205600262,-0.369956165552,0.578678905964,-0.409897863865
0.5801217556,-0.374704360962,0.794914484024,-0.602518558502,-0.370534241199,0.579389154911,-0.404949069023
0.57924425602,-0.372104793787,0.795205712318,-0.600068628788,-0.371137291193,0.579302370548,-0.408146440983
0.57894217968,-0.369079709053,0.796365141869,-0.601786136627,-0.379018306732,0.577394247055,-0.401016920805
0.577928721905,-0.366767078638,0.796779036522,-0.602689862251,-0.376691967249,0.576997995377,-0.402419567108
0.577714085579,-0.364579111338,0.797256231308,-0.593118786812,-0.379105687141,0.584152698517,-0.404047846794
0.57687240839,-0.361155897379,0.79706299305,-0.605370938778,-0.382768601179,0.574992120266,-0.395472377539
0.576393783092,-0.358536273241,0.797595858574,-0.604339361191,-0.384977668524,0.575422644615,-0.394277781248
0.575669467449,-0.356057971716,0.797559142113,-0.603274643421,-0.386046260595,0.575729012489,-0.394416332245
0.575310647488,-0.354457587004,0.798676013947,-0.588197648525,-0.385169178247,0.587019324303,-0.401343554258
0.575640976429,-0.350987702608,0.799142539501,-0.600938677788,-0.392923504114,0.575780391693,-0.391101956367
0.574073135853,-0.349853545427,0.80014872551,-0.587185382843,-0.386989593506,0.586091935635,-0.402428716421
0.573082685471,-0.347459614277,0.800427794456,-0.583346903324,-0.389563649893,0.589881181717,-0.399983435869
0.573158979416,-0.345099568367,0.801025032997,-0.583817660809,-0.39086201787,0.588258981705,-0.400418609381
0.572804093361,-0.342292189598,0.801796197891,-0.591209828854,-0.395851939917,0.581599712372,-0.394352763891
0.57248467207,-0.340620011091,0.802749633789,-0.580398261547,-0.396233439445,0.588779568672,-0.399344027042
0.572228252888,-0.338389635086,0.803479909897,-0.579960227013,-0.397361606359,0.589013040066,-0.398514270782
0.572253644466,-0.336195170879,0.803848385811,-0.577692449093,-0.399248450994,0.590496361256,-0.397726297379
0.57199972868,-0.334347963333,0.804563999176,-0.578472793102,-0.398611307144,0.590161800385,-0.397727757692
0.5714584589,-0.332086205482,0.8050750494,-0.577098190784,-0.399783283472,0.591059863567,-0.397214531898
0.571875691414,-0.33017462492,0.806026220322,-0.57773900032,-0.399946242571,0.590502977371,-0.396947026253
0.572047531605,-0.327781915665,0.806410729885,-0.580042779446,-0.403891384602,0.588792383671,-0.392104357481
0.572022557259,-0.326528161764,0.807412981987,-0.577330887318,-0.398333787918,0.591577768326,-0.397561311722
0.57248789072,-0.323753267527,0.807655215263,-0.59010630846,-0.402352869511,0.584607183933,-0.384865105152
0.572457849979,-0.322692632675,0.808119416237,-0.579228520393,-0.397527128458,0.590850174427,-0.396689236164
0.572611272335,-0.321134328842,0.808581054211,-0.581157386303,-0.395092993975,0.59119695425,-0.395782530308
0.574188888073,-0.320066869259,0.808986365795,-0.580161452293,-0.385989874601,0.596565544605,-0.398163408041
0.573253393173,-0.318129122257,0.809162855148,-0.582801401615,-0.390358418226,0.591782689095,-0.397185057402
0.57441598177,-0.316796064377,0.810059070587,-0.582446396351,-0.383736371994,0.594681382179,-0.399821132421
0.574092626572,-0.315110057592,0.810427725315,-0.588506400585,-0.386077940464,0.590521991253,-0.394826292992
0.574449062347,-0.313732802868,0.810380220413,-0.590645134449,-0.38298612833,0.589888334274,-0.395590186119
0.576240181923,-0.311828732491,0.811252892017,-0.602325677872,-0.378517150879,0.585893750191,-0.388145565987
0.575458109379,-0.31152254343,0.811379432678,-0.594441711903,-0.374335616827,0.59008795023,-0.397879451513
0.575849056244,-0.310263603926,0.811677992344,-0.597293496132,-0.37210598588,0.588407099247,-0.398189306259
0.576323390007,-0.309273302555,0.81225425005,-0.600671947002,-0.368459075689,0.587774455547,-0.39743193984
0.576897680759,-0.30723285675,0.812319993973,-0.613377392292,-0.370355635881,0.578522980213,-0.389764308929
0.577117443085,-0.307072609663,0.812312364578,-0.60399711132,-0.362614482641,0.587454617023,-0.398240178823
0.577558338642,-0.306162238121,0.812785506248,-0.605531275272,-0.358888804913,0.586924135685,-0.400063514709
0.577931106091,-0.305150359869,0.812727332115,-0.607895493507,-0.355657398701,0.58613216877,-0.400525063276
0.578413426876,-0.304159224033,0.813059031963,-0.607406318188,-0.35618904233,0.586728930473,-0.399920254946
0.578653693199,-0.303199708462,0.813260674477,-0.613182246685,-0.350727558136,0.583654046059,-0.400431931019
0.5797560215,-0.302613019943,0.813439011574,-0.611326038837,-0.341146528721,0.588153421879,-0.404938429594
0.579026401043,-0.301829397678,0.813627123833,-0.615364730358,-0.344589829445,0.583619892597,-0.402457356453
0.579220831394,-0.300750494003,0.814201831818,-0.617119848728,-0.341602414846,0.582577049732,-0.403825104237
0.579156935215,-0.300172001123,0.814379036427,-0.615452706814,-0.338254451752,0.584411323071,-0.406528383493
0.579155743122,-0.299109339714,0.814672112465,-0.618980169296,-0.338920533657,0.581503629684,-0.404783785343
0.579114794731,-0.298285126686,0.814864873886,-0.619690060616,-0.336141854525,0.581972301006,-0.40534055233
0.579003512859,-0.297486543655,0.814975976944,-0.620872676373,-0.333652466536,0.581629872322,-0.406078726053
0.578944861889,-0.296806722879,0.815126895905,-0.623276591301,-0.332447767258,0.581358730793,-0.403765976429
0.578374862671,-0.296003401279,0.815411090851,-0.619965553284,-0.329739242792,0.583370029926,-0.408159375191
0.577951908112,-0.295220792294,0.815553843975,-0.619949817657,-0.328166484833,0.584186971188,-0.408282548189
0.577368676662,-0.294228285551,0.815272510052,-0.620671093464,-0.327683925629,0.583729684353,-0.408228397369
0.576956212521,-0.293495088816,0.815902590752,-0.620583534241,-0.325276941061,0.585062623024,-0.408378303051
0.577588021755,-0.292488843203,0.816153049469,-0.619135022163,-0.32303494215,0.588818490505,-0.406955808401
0.576235353947,-0.290973842144,0.816704571247,-0.629961311817,-0.330423563719,0.578431129456,-0.399232506752
0.575223624706,-0.290917485952,0.816418230534,-0.622793376446,-0.323932290077,0.585939228535,-0.404810547829
0.574095547199,-0.289966851473,0.816671967506,-0.620108544827,-0.323053538799,0.587845802307,-0.406865268946
0.573273301125,-0.288189709187,0.81702464819,-0.630938470364,-0.329515874386,0.578317940235,-0.398603081703
0.57245182991,-0.288330435753,0.81682485342,-0.619896531105,-0.32345059514,0.589649498463,-0.404254108667
0.571507096291,-0.287003159523,0.816578567028,-0.619446516037,-0.323815017939,0.589287638664,-0.40517899394
0.57033264637,-0.285885423422,0.817337393761,-0.62517118454,-0.328115850687,0.58508092165,-0.398975640535
0.569369792938,-0.285223007202,0.817512869835,-0.617787539959,-0.324990302324,0.591604650021,-0.403390526772
0.568051815033,-0.284360468388,0.817555785179,-0.615081608295,-0.325541555882,0.592230141163,-0.406153619289
0.56716799736,-0.282719016075,0.81766140461,-0.61932694912,-0.332749456167,0.589282572269,-0.398067802191
0.565716147423,-0.281801998615,0.817711830139,-0.62112146616,-0.330056726933,0.58881944418,-0.398198962212
0.564799964428,-0.280709832907,0.817863702774,-0.623307704926,-0.332232624292,0.588277459145,-0.393749445677
0.563584983349,-0.280047982931,0.817739248276,-0.610699355602,-0.332774609327,0.597760140896,-0.398735791445
0.561610400677,-0.278702646494,0.817833423615,-0.618481040001,-0.333242237568,0.590950250626,-0.396495431662
0.560917079449,-0.277290135622,0.817679524422,-0.616855800152,-0.339205026627,0.592584431171,-0.391500413418
0.559693038464,-0.277038991451,0.817619860172,-0.607217371464,-0.33538800478,0.600825965405,-0.397253036499
0.558295786381,-0.275218307972,0.817677855492,-0.614142477512,-0.341840803623,0.594652891159,-0.390335470438
0.556821465492,-0.275300949812,0.817388772964,-0.599657356739,-0.336425840855,0.605819046497,-0.4002648592
0.555532872677,-0.274071633816,0.817614078522,-0.603693246841,-0.33729827404,0.604626655579,-0.395235270262
0.553901255131,-0.272114753723,0.817391872406,-0.611518383026,-0.344546973705,0.597122311592,-0.388301044703
0.552889704704,-0.271749049425,0.81780809164,-0.59708070755,-0.346294760704,0.607656419277,-0.392846286297
0.551374018192,-0.270242810249,0.817436039448,-0.600956857204,-0.350800395012,0.603047728539,-0.390029996634
0.549998641014,-0.268949657679,0.817373752594,-0.605116546154,-0.351869910955,0.600839674473,-0.38602232933
0.548932015896,-0.268460512161,0.817544519901,-0.59051990509,-0.355129092932,0.610209047794,-0.390914916992
0.547738194466,-0.266789793968,0.817414939404,-0.598578155041,-0.360757768154,0.603762209415,-0.383444041014
0.546474933624,-0.266504317522,0.817337691784,-0.584709465504,-0.360392153263,0.613155901432,-0.390220731497
0.545365452766,-0.265352100134,0.817023873329,-0.58363866806,-0.363530039787,0.613147497177,-0.38892403245
0.544212937355,-0.264495193958,0.817172646523,-0.581304907799,-0.367060899734,0.613941073418,-0.387849718332
0.542934000492,-0.263685107231,0.816847503185,-0.576533615589,-0.369529217482,0.616123199463,-0.389165103436
0.541930019855,-0.262907624245,0.81671923399,-0.573683261871,-0.373103410006,0.616190910339,-0.389859110117
0.54106092453,-0.261582404375,0.816394746304,-0.574915111065,-0.378452956676,0.615257620811,-0.384322792292
0.540091872215,-0.261088579893,0.8162753582,-0.569980204105,-0.37876817584,0.617739975452,-0.387368828058
0.540458440781,-0.260221451521,0.816138982773,-0.568848311901,-0.377512991428,0.620360314846,-0.386068046093
0.53855663538,-0.259690344334,0.81624686718,-0.564680337906,-0.386536419392,0.618171751499,-0.386767923832
0.537910878658,-0.258849591017,0.816189289093,-0.565734863281,-0.389205634594,0.617388129234,-0.383790373802
0.537626445293,-0.258137285709,0.81622415781,-0.563373684883,-0.392398804426,0.619266688824,-0.380975425243
0.53725194931,-0.2576585114,0.816187739372,-0.561396241188,-0.395058453083,0.619410037994,-0.380912452936
0.536855995655,-0.257252007723,0.816168785095,-0.55929094553,-0.398021459579,0.619519710541,-0.380746603012
0.536422729492,-0.257071167231,0.81575012207,-0.556955516338,-0.399480849504,0.619440555573,-0.382764935493
0.536455869675,-0.256857037544,0.815929174423,-0.555746436119,-0.400599658489,0.619952261448,-0.382524609566
0.536766827106,-0.256487011909,0.816342532635,-0.55606418848,-0.404655396938,0.619566142559,-0.378397405148
0.536931753159,-0.256382077932,0.816290676594,-0.555343985558,-0.406986415386,0.618991613388,-0.377894997597
0.537174880505,-0.256394028664,0.81626021862,-0.554860472679,-0.409364253283,0.618243336678,-0.37726098299
0.537493765354,-0.256512254477,0.816229939461,-0.554637849331,-0.41071408987,0.617816865444,-0.376819849014
0.537854671478,-0.25685146451,0.816214084625,-0.552895128727,-0.412928909063,0.618092536926,-0.376508325338
0.538341641426,-0.257336139679,0.816118478775,-0.556378602982,-0.410003304482,0.616418123245,-0.377318233252
0.539452910423,-0.257795572281,0.816152453423,-0.553278386593,-0.412565976381,0.618335545063,-0.375943601131
0.540238022804,-0.258321434259,0.81592220068,-0.552583694458,-0.414684474468,0.617411017418,-0.376153945923
0.540923953056,-0.259123682976,0.815670490265,-0.55287784338,-0.415981262922,0.61438536644,-0.379231482744
0.542415440083,-0.259923547506,0.815807759762,-0.552557945251,-0.415020883083,0.615539610386,-0.378877818584
0.543337762356,-0.261114120483,0.815632939339,-0.552904129028,-0.416715681553,0.61292219162,-0.380751013756
0.544907689095,-0.262054383755,0.815550506115,-0.551634967327,-0.418595045805,0.613086104393,-0.380266278982
0.546282410622,-0.263433426619,0.815048098564,-0.550389051437,-0.418024480343,0.613115787506,-0.382643997669
0.547649860382,-0.264834582806,0.815263807774,-0.551397800446,-0.41948133707,0.609543323517,-0.385295599699
0.549477219582,-0.266311377287,0.814947962761,-0.549747288227,-0.419418245554,0.610625684261,-0.386008262634
0.550919294357,-0.267963081598,0.814884662628,-0.551465570927,-0.4186437428,0.607633709908,-0.389107316732
0.553009569645,-0.269735008478,0.814679384232,-0.550469994545,-0.420265614986,0.605803668499,-0.391614317894
0.554977238178,-0.27161103487,0.81453037262,-0.551105976105,-0.421128749847,0.603749871254,-0.392961591482
0.556629300117,-0.273502677679,0.814168691635,-0.550840973854,-0.421828657389,0.601102530956,-0.396624237299
0.55898630619,-0.27550548315,0.813894152641,-0.549714326859,-0.423419982195,0.599801719189,-0.398456573486
0.561153888702,-0.277701824903,0.813663363457,-0.549915313721,-0.423446595669,0.597570896149,-0.401491194963
0.563426613808,-0.279915034771,0.813135445118,-0.548441946507,-0.424350589514,0.596255064011,-0.404496967793
0.565671920776,-0.281964868307,0.813643693924,-0.555910885334,-0.427992522717,0.587873756886,-0.402728199959
0.568096280098,-0.284273713827,0.813279509544,-0.554915904999,-0.428420722485,0.586097240448,-0.40621933341
0.570304393768,-0.286836385727,0.812952160835,-0.556957244873,-0.42580345273,0.582720339298,-0.41100731492
0.573074877262,-0.289246529341,0.812259674072,-0.556811034679,-0.426181167364,0.580663621426,-0.413716226816
0.575474619865,-0.291833490133,0.811662554741,-0.556553781033,-0.425143927336,0.578414320946,-0.41825529933
0.578337073326,-0.294422596693,0.811380624771,-0.554063200951,-0.427370846272,0.576937496662,-0.42132088542
0.581074357033,-0.297067523003,0.810945630074,-0.554476261139,-0.426867485046,0.57429420948,-0.42488399148
0.583745956421,-0.299653321505,0.810035586357,-0.553965091705,-0.428212404251,0.571474313736,-0.427988231182
0.586421608925,-0.302582323551,0.810445129871,-0.556182146072,-0.424835324287,0.567362904549,-0.43390750885
0.589488506317,-0.305479496717,0.809538066387,-0.557216763496,-0.423470109701,0.565214931965,-0.436708956957
0.592056810856,-0.307958483696,0.809194803238,-0.554929673672,-0.425268173218,0.561197400093,-0.443009734154
0.594976067543,-0.310627877712,0.808860480785,-0.554878354073,-0.426624536514,0.557801485062,-0.446048378944
0.598344445229,-0.313490957022,0.809055685997,-0.554132699966,-0.426600664854,0.555158078671,-0.450275927782
0.601064741611,-0.315998852253,0.807834565639,-0.549858927727,-0.429827302694,0.554054021835,-0.453792870045
0.603907525539,-0.318606346846,0.807357311249,-0.549198627472,-0.43086373806,0.550587832928,-0.457810640335
0.606910347939,-0.32124966383,0.806830883026,-0.548658788204,-0.431715160608,0.547232270241,-0.461662679911
0.609736084938,-0.323872745037,0.806223392487,-0.547096788883,-0.432358175516,0.544598817825,-0.466008543968
0.612622201443,-0.326457887888,0.805833697319,-0.546787977219,-0.432520419359,0.541682004929,-0.469606012106
0.615542829037,-0.329320132732,0.805365085602,-0.550046861172,-0.429071485996,0.537685275078,-0.47354054451
0.617852687836,-0.330950319767,0.800352394581,-0.547759950161,-0.432183295488,0.533179461956,-0.478431105614
0.621197938919,-0.33389800787,0.804444849491,-0.544614434242,-0.434690505266,0.533033549786,-0.479911208153
0.624066650867,-0.336317777634,0.804024934769,-0.544111311436,-0.437107175589,0.52913248539,-0.482596218586
0.626887738705,-0.338648170233,0.803602993488,-0.544317245483,-0.439593493938,0.524679899216,-0.48496106267
0.629636406898,-0.341294795275,0.803306221962,-0.548549234867,-0.432693719864,0.522848248482,-0.48836427927
0.632335603237,-0.343299180269,0.802764058113,-0.546330809593,-0.436020582914,0.519110679626,-0.491866707802
0.63497787714,-0.345598638058,0.803185045719,-0.546491205692,-0.437371581793,0.515635073185,-0.494139879942
0.63745445013,-0.347692728043,0.802092909813,-0.544641375542,-0.437994718552,0.51480948925,-0.496485203505
0.639704763889,-0.349886000156,0.801702976227,-0.547048449516,-0.436123341322,0.510171413422,-0.500259459019
0.642417550087,-0.3520193398,0.801372647285,-0.545704185963,-0.43877440691,0.509378194809,-0.500217616558
0.644880473614,-0.354068815708,0.801076710224,-0.546680927277,-0.439081966877,0.505627095699,-0.502681076527
0.647257268429,-0.356465220451,0.800805568695,-0.55101621151,-0.434860289097,0.502295196056,-0.504952907562
0.649749934673,-0.358672440052,0.800688862801,-0.551311969757,-0.434789866209,0.50018465519,-0.506782233715
0.651890695095,-0.360688835382,0.80026102066,-0.552081525326,-0.434756696224,0.497838109732,-0.50828140974
0.653686523438,-0.362410485744,0.799948811531,-0.550489962101,-0.437175601721,0.493989676237,-0.511676311493
0.655894815922,-0.364354372025,0.799631416798,-0.548243999481,-0.439267814159,0.49462980032,-0.511677324772
0.657531142235,-0.366269171238,0.799265146255,-0.551275253296,-0.43669706583,0.489759802818,-0.51529276371
0.659215271473,-0.368230849504,0.798871397972,-0.551176428795,-0.437773644924,0.487915813923,-0.5162332654
0.661134719849,-0.370200842619,0.798639893532,-0.548996925354,-0.43983861804,0.489516377449,-0.515284597874
0.662777841091,-0.372079461813,0.798379659653,-0.54964786768,-0.439080864191,0.487812101841,-0.516850709915
0.664146482944,-0.373891443014,0.798003613949,-0.549707651138,-0.440506279469,0.485958963633,-0.51731979847
0.665418744087,-0.375663638115,0.79760068655,-0.549283027649,-0.441216766834,0.484009116888,-0.518990516663
0.666252374649,-0.377730458975,0.797147631645,-0.550009965897,-0.438795864582,0.48172673583,-0.52238547802
0.667752206326,-0.379487127066,0.797276616096,-0.548596918583,-0.44283592701,0.482142806053,-0.52007329464
0.668049037457,-0.381125330925,0.796342909336,-0.549402117729,-0.442297905684,0.476742655039,-0.524639308453
0.669559955597,-0.382930487394,0.796018719673,-0.547967851162,-0.443947076797,0.479702830315,-0.522041559219
0.670258045197,-0.384718835354,0.795794963837,-0.547720193863,-0.445344924927,0.478557258844,-0.52216231823
0.670949220657,-0.386458963156,0.795277178288,-0.547430098057,-0.446108371019,0.478064924479,-0.522265732288
0.672425031662,-0.388125419617,0.794671177864,-0.546698451042,-0.446004629135,0.478338688612,-0.522869646549
0.671099245548,-0.389742225409,0.794177055359,-0.546943247318,-0.44753703475,0.472750544548,-0.526374995708
0.672089278698,-0.391458332539,0.793590307236,-0.545483291149,-0.449512541294,0.476797997952,-0.522541999817
0.672264397144,-0.393088191748,0.793138444424,-0.54426497221,-0.450030744076,0.476718425751,-0.523438334465
0.672349154949,-0.394574314356,0.792302250862,-0.543565452099,-0.451489090919,0.476367652416,-0.523228645325
0.672424077988,-0.396144062281,0.79175901413,-0.542617738247,-0.452863544226,0.476218342781,-0.523160517216
0.671233475208,-0.397827237844,0.791392028332,-0.542861580849,-0.457977801561,0.474112689495,-0.520360350609
0.672090709209,-0.39910787344,0.790689706802,-0.541295111179,-0.455313622952,0.475956529379,-0.522641777992
0.671794295311,-0.400535523891,0.790179848671,-0.540655255318,-0.456429392099,0.476114273071,-0.52218735218
0.671425819397,-0.401916444302,0.790111124516,-0.540680587292,-0.458333909512,0.475544244051,-0.521010816097
0.670325875282,-0.403188467026,0.789307355881,-0.540620803833,-0.457959771156,0.471881002188,-0.524719417095
0.670503497124,-0.404600024223,0.78896343708,-0.539304077625,-0.459607839584,0.476339191198,-0.520588755608
0.669973492622,-0.405862599611,0.788329362869,-0.539076685905,-0.461258620024,0.476747989655,-0.518987715244
0.670124351978,-0.40701007843,0.788105130196,-0.539094984531,-0.462943464518,0.476140290499,-0.518025577068
0.668563723564,-0.408370375633,0.787680864334,-0.538824439049,-0.463481396437,0.477111876011,-0.516930937767
0.667728364468,-0.409599393606,0.78707408905,-0.537550568581,-0.464827895164,0.477661728859,-0.516540169716
0.666917204857,-0.410761535168,0.787021040916,-0.537070274353,-0.466374129057,0.477978527546,-0.51535141468
0.665604710579,-0.411897420883,0.786576271057,-0.538353681564,-0.466080784798,0.476090073586,-0.516025543213
0.664923965931,-0.413011193275,0.786109209061,-0.535537958145,-0.469488441944,0.479382157326,-0.512808322906
0.66390055418,-0.414119720459,0.785615563393,-0.535946130753,-0.470065772533,0.479988157749,-0.511284172535
0.66200876236,-0.41520601511,0.785440564156,-0.53470158577,-0.475150167942,0.479288429022,-0.508536398411
0.66187107563,-0.416453063488,0.78504216671,-0.530885279179,-0.471904695034,0.484437853098,-0.510672807693
0.660107970238,-0.41721829772,0.784702777863,-0.533457100391,-0.474076986313,0.480512082577,-0.509688913822
0.658494472504,-0.418356180191,0.784514069557,-0.530797839165,-0.479951292276,0.483324110508,-0.504279792309
0.657824397087,-0.419336587191,0.784375905991,-0.53134816885,-0.476150393486,0.483237862587,-0.507376790047
0.656010627747,-0.420371741056,0.784139275551,-0.528088629246,-0.483550071716,0.485537260771,-0.501553058624
0.654440224171,-0.421233087778,0.784000754356,-0.528729856014,-0.483830928802,0.484005093575,-0.502087295055
0.654203772545,-0.422207444906,0.783426165581,-0.52570527792,-0.483636915684,0.489858359098,-0.499768018723
0.652195453644,-0.423113912344,0.783499121666,-0.524276912212,-0.487644702196,0.490151822567,-0.497078925371
0.651607692242,-0.423999667168,0.783182144165,-0.522442698479,-0.48669603467,0.493281781673,-0.496843695641
0.649672210217,-0.424776136875,0.783006548882,-0.521310269833,-0.490841656923,0.493050247431,-0.494177758694
0.649143099785,-0.425606369972,0.782758235931,-0.520192801952,-0.489694714546,0.495457738638,-0.494085043669
0.647261083126,-0.426383972168,0.782661497593,-0.518714368343,-0.493624418974,0.495950847864,-0.491226166487
0.646644175053,-0.426951408386,0.782370448112,-0.516575455666,-0.492640376091,0.498896628618,-0.491485029459
0.644238173962,-0.427689373493,0.782470345497,-0.514886796474,-0.497674256563,0.495329588652,-0.491793125868
0.644371509552,-0.428403496742,0.782156944275,-0.512608289719,-0.495611399412,0.501921594143,-0.489568024874
0.643374562263,-0.428886026144,0.781946897507,-0.511288821697,-0.497018635273,0.503319621086,-0.488083660603
0.642468929291,-0.42932420969,0.781926393509,-0.510003626347,-0.499799460173,0.503495514393,-0.486404210329
0.641502261162,-0.429863661528,0.781727552414,-0.507819771767,-0.501765966415,0.50485086441,-0.485258162022
0.640108585358,-0.430377662182,0.781789422035,-0.505475580692,-0.501021325588,0.503919422626,-0.489425599575
0.639542996883,-0.430851370096,0.781729102135,-0.504414260387,-0.511663794518,0.503217160702,-0.480144798756
0.638833701611,-0.431102067232,0.781739473343,-0.503283560276,-0.521519958973,0.498722463846,-0.475393176079
0.638162612915,-0.431330025196,0.78152012825,-0.501688122749,-0.523920893669,0.498683094978,-0.474479824305
0.63754016161,-0.431630373001,0.781794905663,-0.500026643276,-0.526421248913,0.499084681273,-0.473041713238
0.637164771557,-0.431833416224,0.781975328922,-0.499019771814,-0.529256761074,0.498466670513,-0.471590489149
0.636739730835,-0.431837230921,0.781417250633,-0.498164921999,-0.5314027071,0.498226881027,-0.470332592726
0.636545836926,-0.432047128677,0.78176766634,-0.497194617987,-0.532788395882,0.498825997114,-0.469155311584
0.636447191238,-0.432205289602,0.782120943069,-0.496489465237,-0.533652901649,0.499195486307,-0.468526154757
0.636309742928,-0.432154119015,0.781649947166,-0.495868176222,-0.534783899784,0.499349027872,-0.467730224133
0.636421024799,-0.432224780321,0.781955480576,-0.495427161455,-0.535761237144,0.49939262867,-0.46703183651
0.636508822441,-0.432193696499,0.781891107559,-0.494366914034,-0.53665137291,0.499901920557,-0.466588616371
0.636651873589,-0.432126015425,0.781576156616,-0.494029343128,-0.537593007088,0.499739140272,-0.466036051512
0.636997878551,-0.432101160288,0.781697273254,-0.493814438581,-0.538233041763,0.499579519033,-0.46569621563
0.637085437775,-0.431998252869,0.78160572052,-0.495508491993,-0.537237644196,0.496776938438,-0.468037933111
0.637775957584,-0.431737482548,0.780555546284,-0.492624938488,-0.538833856583,0.500060677528,-0.465744584799
0.639313578606,-0.431302309036,0.779968500137,-0.491565078497,-0.528432667255,0.505910456181,-0.472416609526
0.638937175274,-0.431394577026,0.780131697655,-0.492237955332,-0.543241500854,0.496436744928,-0.464909791946
0.639948308468,-0.431319266558,0.780631661415,-0.491065591574,-0.541223108768,0.498279899359,-0.466529101133
0.640817224979,-0.431255787611,0.780264258385,-0.494624704123,-0.537522912025,0.496229469776,-0.469224691391
0.641899049282,-0.430740982294,0.779939413071,-0.488689243793,-0.539033591747,0.498864918947,-0.470913231373
0.642971873283,-0.430440068245,0.779680550098,-0.488385438919,-0.53828394413,0.498458325863,-0.472514092922
0.644432425499,-0.430031180382,0.779153466225,-0.485963284969,-0.528853833675,0.504213213921,-0.479502350092
0.645745575428,-0.429576307535,0.778706669807,-0.485405057669,-0.52747374773,0.50371915102,-0.482099920511
0.647186040878,-0.42907500267,0.778484940529,-0.484148830175,-0.52629160881,0.503262042999,-0.485122948885
0.648564398289,-0.428402453661,0.77769869566,-0.483835607767,-0.525274753571,0.502544999123,-0.487276166677
0.64972281456,-0.427827298641,0.777723908424,-0.484597980976,-0.527515292168,0.498321682215,-0.488434195518
0.651727199554,-0.42708337307,0.777509570122,-0.485903650522,-0.527127683163,0.494271725416,-0.491660147905
0.653179049492,-0.42645457387,0.777448773384,-0.485006511211,-0.528266489506,0.494296997786,-0.491298049688
0.65506029129,-0.42605394125,0.777337312698,-0.491232305765,-0.523604869843,0.49091386795,-0.493490219116
0.657661855221,-0.424993783236,0.776957333088,-0.487124025822,-0.526319265366,0.490714788437,-0.494871228933
0.660131514072,-0.423936605453,0.77710801363,-0.490921825171,-0.527479290962,0.483035296202,-0.497431606054
0.661809921265,-0.423438102007,0.777579069138,-0.492569804192,-0.523950636387,0.485024511814,-0.497596144676
0.663057327271,-0.422677606344,0.777488350868,-0.49486297369,-0.522769629955,0.482383340597,-0.499128013849
0.665926396847,-0.421834170818,0.777233123779,-0.497934907675,-0.519283056259,0.481614351273,-0.500453412533
0.668012797832,-0.420957148075,0.77710801363,-0.501821994781,-0.516759812832,0.478740096092,-0.501938223839
0.66918939352,-0.419964045286,0.776465892792,-0.504315018654,-0.514167904854,0.473268717527,-0.507261812687
0.672081291676,-0.419312655926,0.777136921883,-0.508092582226,-0.510008811951,0.475774019957,-0.505343675613
0.674158930779,-0.418120473623,0.776498436928,-0.511659741402,-0.509624004364,0.469238072634,-0.508235752583
0.675951063633,-0.417457044125,0.776492118835,-0.515890300274,-0.503935337067,0.472872585058,-0.506258606911
0.677850425243,-0.416494369507,0.775996625423,-0.519088804722,-0.499822884798,0.471843838692,-0.50802308321
0.679690539837,-0.415655076504,0.77622628212,-0.522007405758,-0.496122956276,0.471030086279,-0.509412407875
0.681464076042,-0.414695858955,0.775962591171,-0.524850845337,-0.493954092264,0.469737172127,-0.509792149067
0.683214485645,-0.413831651211,0.776317954063,-0.528042435646,-0.4903241992,0.468362808228,-0.511262774467
0.684890627861,-0.412956625223,0.776579976082,-0.531203746796,-0.487347841263,0.467846035957,-0.511306881905
0.686404526234,-0.412031948566,0.776707947254,-0.533755898476,-0.485086768866,0.467124462128,-0.511458814144
0.687066733837,-0.4111559093,0.777254462242,-0.536184489727,-0.482691794634,0.461983859539,-0.515835046768
0.689263284206,-0.410258442163,0.777655780315,-0.538265049458,-0.480649530888,0.46486467123,-0.512979149818
0.690523982048,-0.409416377544,0.777907133102,-0.540369331837,-0.47826358676,0.464813739061,-0.513043224812
0.6914960742,-0.408471465111,0.778291344643,-0.543903172016,-0.473900347948,0.461272358894,-0.516541659832
0.692700028419,-0.40753954649,0.778683423996,-0.544486343861,-0.474864274263,0.462765097618,-0.513699650764
0.6936673522,-0.406558215618,0.778747320175,-0.546052515507,-0.473603338003,0.461931943893,-0.513950884342
0.69425290823,-0.405882179737,0.779935836792,-0.549266219139,-0.468955397606,0.459461957216,-0.516993403435
0.69523024559,-0.404788911343,0.779382884502,-0.549119591713,-0.469767868519,0.46200683713,-0.514135718346
0.694993257523,-0.404010951519,0.78095293045,-0.550449490547,-0.467983752489,0.45722874999,-0.518592774868
0.696076989174,-0.403149813414,0.781159102917,-0.551292061806,-0.468201816082,0.460867404938,-0.514262139797
0.695985019207,-0.402259707451,0.781439900398,-0.554976940155,-0.465749800205,0.457108438015,-0.515877485275
0.696499228477,-0.401472091675,0.782380700111,-0.551112473011,-0.467376947403,0.461122065783,-0.514976024628
0.695970475674,-0.400739818811,0.783153653145,-0.551953494549,-0.469111710787,0.460464686155,-0.513082921505
0.695259928703,-0.399477720261,0.78319811821,-0.556370973587,-0.471050173044,0.454099804163,-0.512207448483
0.694964528084,-0.398740202188,0.784544467926,-0.553303480148,-0.475686848164,0.456923723221,-0.508721828461
0.693143963814,-0.397890776396,0.785416007042,-0.551978647709,-0.478066682816,0.453899681568,-0.510633826256
0.692821860313,-0.396792411804,0.786176621914,-0.551909387112,-0.482816964388,0.455429315567,-0.504844367504
0.691187262535,-0.395944476128,0.787078022957,-0.548446059227,-0.487094044685,0.457831084728,-0.502331852913
0.6896007061,-0.394838899374,0.78806746006,-0.547065496445,-0.492974251509,0.456821739674,-0.499008744955
0.686782002449,-0.393789023161,0.789099097252,-0.544160544872,-0.498109489679,0.454021513462,-0.499640613794
0.685191333294,-0.392680764198,0.790156841278,-0.541710913181,-0.504602432251,0.458412587643,-0.491715043783
0.68243342638,-0.391519933939,0.791489839554,-0.53780657053,-0.511891186237,0.459480017424,-0.487452149391
0.679432451725,-0.390247702599,0.792720675468,-0.534371435642,-0.519013464451,0.461181551218,-0.482062071562
0.676100194454,-0.389066845179,0.794150829315,-0.530057132244,-0.525362610817,0.464014470577,-0.477204471827
0.672400057316,-0.387520134449,0.795513391495,-0.525107800961,-0.534740924835,0.465842694044,-0.470430254936
0.668558835983,-0.386159449816,0.797225832939,-0.519746780396,-0.541244447231,0.468935161829,-0.465851515532
0.663486897945,-0.38466489315,0.798821568489,-0.514699161053,-0.551350235939,0.471203744411,-0.457235902548
0.658911943436,-0.383057206869,0.800577998161,-0.508790493011,-0.561030030251,0.473287761211,-0.449862480164
0.654136538506,-0.381462275982,0.802562832832,-0.500487804413,-0.568692564964,0.47821611166,-0.444308280945
0.649593651295,-0.379483640194,0.804483652115,-0.495166659355,-0.589533865452,0.472494840622,-0.428962171078
0.644420862198,-0.377558559179,0.80649459362,-0.487290114164,-0.590239107609,0.481065988541,-0.427482903004
0.639224290848,-0.37551343441,0.8084628582,-0.479957640171,-0.598047673702,0.485042363405,-0.420373022556
0.633486032486,-0.373396486044,0.810591697693,-0.471904605627,-0.605064988136,0.489334434271,-0.414432406425
0.627691864967,-0.37121039629,0.812692046165,-0.465842932463,-0.615053772926,0.490495145321,-0.405109524727
0.621997654438,-0.36879247427,0.815319955349,-0.45686173439,-0.624857842922,0.493221253157,-0.396941959858
0.615909278393,-0.366275072098,0.817260861397,-0.450640887022,-0.634272754192,0.493496239185,-0.388692945242
0.609832465649,-0.363754868507,0.819807052612,-0.443417131901,-0.646774709225,0.492102891207,-0.378019124269
0.603597402573,-0.361121565104,0.821782112122,-0.435982882977,-0.65347892046,0.494839638472,-0.371507942677
0.597189664841,-0.358407884836,0.823981046677,-0.427771896124,-0.661782205105,0.49656355381,-0.363978415728
0.590862989426,-0.355623453856,0.826390266418,-0.421725660563,-0.670132637024,0.496185034513,-0.356188476086
0.583209514618,-0.352715343237,0.828517198563,-0.412267506123,-0.680779755116,0.494087308645,-0.349931806326
0.577051222324,-0.349836230278,0.831773877144,-0.407741010189,-0.688350200653,0.494111359119,-0.340257942677
0.570831894875,-0.347033619881,0.835088670254,-0.402229756117,-0.69528657198,0.494295269251,-0.332355350256
0.564864814281,-0.344213455915,0.83897715807,-0.398405611515,-0.706941962242,0.4901022017,-0.318285852671
0.558499038219,-0.341217935085,0.841497302055,-0.393830388784,-0.705418288708,0.496963083744,-0.316718190908
0.55246680975,-0.33822375536,0.844795823097,-0.388409495354,-0.710077464581,0.499413460493,-0.309053808451
0.54629868269,-0.335123211145,0.847730278969,-0.383791267872,-0.71381020546,0.501811623573,-0.302265554667
0.540359795094,-0.332276791334,0.850814223289,-0.378708302975,-0.716812372208,0.505373179913,-0.295563995838
0.534328281879,-0.328965604305,0.853788614273,-0.378070771694,-0.720903754234,0.505844414234,-0.285450011492
0.528702914715,-0.325721979141,0.85694861412,-0.375594705343,-0.724669396877,0.506334245205,-0.278223842382
0.523075699806,-0.322433948517,0.859833717346,-0.373346924782,-0.726886034012,0.507857501507,-0.272634387016
0.516981482506,-0.319034337997,0.862388193607,-0.369488060474,-0.729327917099,0.510381758213,-0.266588956118
0.511600792408,-0.315723866224,0.865409433842,-0.367812901735,-0.734242856503,0.50927478075,-0.257371664047
0.505994796753,-0.312144339085,0.867884039879,-0.366264760494,-0.733765602112,0.51246547699,-0.254592448473
0.500531196594,-0.308617353439,0.870814800262,-0.362724125385,-0.739625930786,0.511289775372,-0.244882807136
0.498748362064,-0.307375133038,0.87452763319,-0.398871451616,-0.715159654617,0.518296301365,-0.246611490846
0.494086205959,-0.303959012032,0.877184927464,-0.396907299757,-0.717993140221,0.518736243248,-0.240547895432
0.489214301109,-0.300184130669,0.879641532898,-0.39808934927,-0.719252765179,0.518765628338,-0.234697297215
0.484385192394,-0.296491324902,0.881833076477,-0.39884185791,-0.71924829483,0.519895672798,-0.230901375413
0.479605317116,-0.292843997478,0.884107530117,-0.398728996515,-0.720413327217,0.520208537579,-0.226721987128
0.475305199623,-0.289000511169,0.88635635376,-0.400247722864,-0.721160054207,0.520299375057,-0.221400856972
0.471051633358,-0.285091370344,0.888687133789,-0.398707270622,-0.724178135395,0.519773006439,-0.215486973524
0.466524869204,-0.281270682812,0.89060908556,-0.398394554853,-0.724527776241,0.521362781525,-0.211002424359
0.462727963924,-0.277481615543,0.892847120762,-0.401319891214,-0.724661290646,0.519770145416,-0.208919718862
0.45914915204,-0.273470044136,0.895180165768,-0.400960475206,-0.728241920471,0.518514633179,-0.200092330575
0.455174833536,-0.269449293613,0.89680325985,-0.402869164944,-0.726789534092,0.519215762615,-0.199721336365
0.45017388463,-0.264429569244,0.898724675179,-0.389396578074,-0.740232408047,0.513210713863,-0.192460685968
0.447385907173,-0.260836005211,0.90079832077,-0.396036118269,-0.737199008465,0.514093339443,-0.188151717186
0.444765985012,-0.25770252943,0.902226030827,-0.406124591827,-0.728165507317,0.519042432308,-0.18823620677
0.442032068968,-0.254033118486,0.904640495777,-0.411137491465,-0.732368290424,0.512438952923,-0.178910717368
0.438875496387,-0.250001996756,0.905775785446,-0.412573814392,-0.729691028595,0.515405774117,-0.178018778563
0.435763061047,-0.246008336544,0.906773328781,-0.413396865129,-0.728117823601,0.517784714699,-0.175631850958
0.43340420723,-0.242488473654,0.909135520458,-0.419789165258,-0.731006741524,0.511130571365,-0.167785152793
0.43050378561,-0.238331481814,0.910080552101,-0.419778764248,-0.729890823364,0.513270258904,-0.166129648685
0.427903175354,-0.234681263566,0.911289155483,-0.423861771822,-0.72659099102,0.514486074448,-0.166465491056
0.425474703312,-0.231036797166,0.913165032864,-0.426528453827,-0.730698645115,0.509213805199,-0.157652333379
0.423519551754,-0.227513864636,0.914402365685,-0.430209040642,-0.725534617901,0.513088941574,-0.158932104707
0.421160519123,-0.223732590675,0.915620446205,-0.435413271189,-0.725337862968,0.510362327099,-0.154371768236
0.418379127979,-0.220043897629,0.916285097599,-0.43560180068,-0.723452866077,0.512108564377,-0.156881675124
0.415881812572,-0.216108560562,0.917073726654,-0.43289360404,-0.725629985332,0.512535810471,-0.152877256274
0.413923144341,-0.212549716234,0.918247401714,-0.43354421854,-0.727272808552,0.51161968708,-0.146147191525
0.412062227726,-0.209513679147,0.919408679008,-0.44003662467,-0.723049461842,0.511288285255,-0.148834303021
0.409587562084,-0.205754503608,0.919748187065,-0.436216890812,-0.723893642426,0.513596355915,-0.148026034236
0.407976567745,-0.20254406333,0.920724570751,-0.441544443369,-0.720941543579,0.513052284718,-0.148523673415
0.406326144934,-0.199761390686,0.921936452389,-0.436684966087,-0.721399724483,0.516898930073,-0.147323280573
0.404935985804,-0.196158230305,0.922511100769,-0.449189543724,-0.717190682888,0.512486159801,-0.145685449243
0.402787417173,-0.193024978042,0.923176467419,-0.438575327396,-0.72109913826,0.516899645329,-0.14311671257
0.401474773884,-0.190142706037,0.923754572868,-0.441947847605,-0.718098461628,0.517800271511,-0.144566625357
0.399774432182,-0.186453461647,0.924019575119,-0.4505636096,-0.716236293316,0.513103246689,-0.143955305219
0.398233234882,-0.183873355389,0.924594461918,-0.442224293947,-0.717272520065,0.518586874008,-0.145001724362
0.397204458714,-0.180543422699,0.924907207489,-0.449761331081,-0.712954938412,0.518108844757,-0.14482113719
0.395926117897,-0.177687197924,0.9251973629,-0.445455670357,-0.713110506535,0.521142184734,-0.146470189095
0.394508123398,-0.175036072731,0.925246596336,-0.445421099663,-0.710672795773,0.523794174194,-0.148942947388
0.393739581108,-0.172220483422,0.925627827644,-0.449647426605,-0.70717716217,0.525195360184,-0.147944495082
0.392586141825,-0.169334888458,0.925497174263,-0.449148863554,-0.706364750862,0.526133358479,-0.149993062019
0.391801774502,-0.166738301516,0.925429701805,-0.453637510538,-0.699474692345,0.530565977097,-0.153127297759
0.389967143536,-0.162782222033,0.924780964851,-0.438704371452,-0.709690570831,0.530537486076,-0.149692133069
0.389398396015,-0.160773620009,0.924600303173,-0.436522454023,-0.70486342907,0.536879479885,-0.156128957868
0.38890761137,-0.158524006605,0.9246571064,-0.439792364836,-0.699076712132,0.540605902672,-0.16006205976
0.388565957546,-0.154624730349,0.924356162548,-0.470002561808,-0.69393748045,0.527626752853,-0.138412982225
0.388022124767,-0.15234297514,0.924197554588,-0.474940389395,-0.688749849796,0.529451131821,-0.140487596393
0.387621700764,-0.150014057755,0.924130439758,-0.477601081133,-0.684218466282,0.533409774303,-0.138623252511
0.38745239377,-0.148479938507,0.92447835207,-0.483411073685,-0.674665331841,0.539660453796,-0.14109274745
0.386391878128,-0.147238716483,0.924347877502,-0.480297386646,-0.666614413261,0.551171541214,-0.145429462194
0.385752350092,-0.145100146532,0.924165189266,-0.485467970371,-0.661019384861,0.553259313107,-0.145871043205
0.385631144047,-0.142777860165,0.924126625061,-0.506537556648,-0.652371108532,0.546914994717,-0.136805638671
0.384982317686,-0.140710890293,0.92397081852,-0.508405864239,-0.648770391941,0.549948632717,-0.134821653366
0.384718239307,-0.13910806179,0.924142837524,-0.514602303505,-0.641337096691,0.553044557571,-0.134211525321
0.383809626102,-0.137860536575,0.924218118191,-0.503032505512,-0.638632833958,0.565327167511,-0.139684647322
0.383823394775,-0.135589361191,0.924312114716,-0.520651519299,-0.632305800915,0.557902932167,-0.133624941111
0.383176326752,-0.133791163564,0.924241065979,-0.519978880882,-0.630125880241,0.56123316288,-0.132592856884
0.383851915598,-0.132128804922,0.924394249916,-0.529183924198,-0.624273657799,0.559553861618,-0.130944877863
0.382396668196,-0.130639731884,0.924740314484,-0.525940239429,-0.622377991676,0.564048230648,-0.133723631501
0.382245868444,-0.129249244928,0.925105333328,-0.529549241066,-0.61838644743,0.565229713917,-0.133008077741
0.383203923702,-0.128391891718,0.925464093685,-0.539437115192,-0.610251128674,0.56569892168,-0.128786444664
0.380652874708,-0.126404434443,0.925363779068,-0.515487730503,-0.61951315403,0.575258433819,-0.13983400166
0.380374521017,-0.125616937876,0.925948143005,-0.518439352512,-0.613738536835,0.577879190445,-0.143531486392
0.38026446104,-0.123302735388,0.92618560791,-0.53010725975,-0.614959061146,0.568070352077,-0.134565412998
0.379395663738,-0.122359640896,0.926682770252,-0.515512526035,-0.617489993572,0.576829731464,-0.142198428512
0.38013651967,-0.122258707881,0.927549123764,-0.525678396225,-0.606847941875,0.579474925995,-0.140024393797
0.378952205181,-0.120066858828,0.927618026733,-0.517498135567,-0.614556312561,0.578735768795,-0.139932796359
0.38076081872,-0.118931092322,0.928430080414,-0.542865633965,-0.605025470257,0.568481206894,-0.126768901944
0.378760188818,-0.11696921289,0.928460657597,-0.532045006752,-0.613384783268,0.568572163582,-0.131957873702
0.378578603268,-0.117788493633,0.929073929787,-0.526049792767,-0.603281974792,0.583098590374,-0.13899089396
0.378141641617,-0.115369722247,0.929487109184,-0.518776118755,-0.614434659481,0.578466832638,-0.136812135577
0.378240227699,-0.115749947727,0.929948568344,-0.529187917709,-0.602086961269,0.582173705101,-0.136107221246
0.378421038389,-0.114137835801,0.9303201437,-0.543506920338,-0.600126743317,0.572626173496,-0.128638058901
0.378082513809,-0.114126846194,0.931035161018,-0.530563056469,-0.59988707304,0.583292424679,-0.135676860809
0.378009676933,-0.112443208694,0.931026875973,-0.545085132122,-0.598621606827,0.573211193085,-0.126346960664
0.377404242754,-0.112501181662,0.931386470795,-0.532499969006,-0.598064601421,0.583964467049,-0.133221253753
0.377169400454,-0.111328572035,0.931684136391,-0.533218204975,-0.600690901279,0.581129193306,-0.130910754204
0.377156376839,-0.111036159098,0.932200312614,-0.537640333176,-0.596920371056,0.581173360348,-0.12987151742
0.377175301313,-0.110552474856,0.93266749382,-0.537801861763,-0.595962941647,0.581957578659,-0.130087614059
0.376795679331,-0.110120773315,0.933050513268,-0.536842167377,-0.595997393131,0.583000659943,-0.129219576716
0.376867353916,-0.109175927937,0.93425989151,-0.555432260036,-0.605174779892,0.559114992619,-0.11246624589
0.376665979624,-0.108539104462,0.933726131916,-0.551541507244,-0.595778226852,0.57114803791,-0.120997801423
0.37573748827,-0.109037198126,0.934302389622,-0.535915732384,-0.598028719425,0.582218110561,-0.127193361521
0.375258088112,-0.108818091452,0.935564219952,-0.540868878365,-0.608963429928,0.568199694157,-0.117361061275
0.375281393528,-0.107948072255,0.936168432236,-0.554446399212,-0.610205888748,0.554937720299,-0.110824666917
0.374959081411,-0.10773807019,0.936555624008,-0.553529560566,-0.612140595913,0.553750693798,-0.11067597568
0.374521672726,-0.107471145689,0.937006533146,-0.55217820406,-0.614340305328,0.55238711834,-0.112043440342
0.37360522151,-0.107910633087,0.937519073486,-0.536629259586,-0.618520438671,0.56175082922,-0.117888621986
0.373079419136,-0.107843138278,0.93808889389,-0.534953534603,-0.622219860554,0.559297740459,-0.11769977957
0.3725502491,-0.107704654336,0.938564956188,-0.53232806921,-0.625266909599,0.558682620525,-0.116368316114
0.372015506029,-0.106173329055,0.9387550354,-0.534229934216,-0.63252133131,0.548974871635,-0.114637583494
0.37068516016,-0.106772899628,0.939351975918,-0.517719745636,-0.641456186771,0.553696513176,-0.117984637618
0.370497375727,-0.106117025018,0.939707219601,-0.527143239975,-0.643054008484,0.543952167034,-0.11277140677
0.370099425316,-0.10626142472,0.940273761749,-0.525417864323,-0.646209895611,0.542039573193,-0.111992068589
0.368889808655,-0.107115440071,0.940838813782,-0.50863802433,-0.649538218975,0.552399754524,-0.119339548051
0.368459284306,-0.107419446111,0.941375613213,-0.506798326969,-0.650471568108,0.552842974663,-0.120029725134
0.368040055037,-0.107803687453,0.941821396351,-0.50393396616,-0.652722775936,0.552764117718,-0.120231799781
0.367635011673,-0.108066238463,0.942187547684,-0.498702764511,-0.655229508877,0.554088890553,-0.122292563319
0.367517113686,-0.10900170356,0.942593812943,-0.500827252865,-0.651618659496,0.556271672249,-0.122992254794
0.367018640041,-0.109314456582,0.942801773548,-0.497442364693,-0.652493000031,0.558257222176,-0.123097673059
0.366646230221,-0.109954915941,0.943056106567,-0.496989965439,-0.654788970947,0.556538760662,-0.120487049222
0.366508543491,-0.110285334289,0.94321501255,-0.493542701006,-0.65429443121,0.559633612633,-0.122981697321
0.366407752037,-0.111793667078,0.942988932133,-0.491438448429,-0.65060377121,0.564968764782,-0.126543790102
0.36752986908,-0.111031882465,0.942931354046,-0.506527423859,-0.650963962078,0.555025458336,-0.107808850706
0.366412699223,-0.112235158682,0.941966533661,-0.504308283329,-0.641521632671,0.565079271793,-0.121690884233
0.366701990366,-0.113799475133,0.942728817463,-0.508887112141,-0.64516711235,0.558755278587,-0.112186737359
0.366871654987,-0.116701304913,0.942701458931,-0.502436161041,-0.635392785072,0.573748588562,-0.121023289859
0.366533577442,-0.116701796651,0.941921710968,-0.493471980095,-0.642555832863,0.573843598366,-0.119629047811
0.367272675037,-0.119506113231,0.941727161407,-0.503262758255,-0.627819895744,0.581280529499,-0.121168345213
0.367563396692,-0.121119961143,0.941116273403,-0.50461858511,-0.622405171394,0.586023271084,-0.12061829865
0.36801302433,-0.122817195952,0.940441966057,-0.503973245621,-0.615026116371,0.593510389328,-0.124496437609
0.368744552135,-0.124245248735,0.938878774643,-0.502876758575,-0.603011250496,0.605500757694,-0.129850909114
0.369149059057,-0.126676753163,0.937953710556,-0.495617568493,-0.597856044769,0.614884436131,-0.137291222811
0.369610518217,-0.128451660275,0.937278866768,-0.50449347496,-0.59357625246,0.613230347633,-0.130775779486
0.370238870382,-0.130470126867,0.935996472836,-0.50628811121,-0.584816038609,0.61951816082,-0.133640885353
0.371059507132,-0.132463932037,0.934833824635,-0.504334032536,-0.582782149315,0.623049914837,-0.133495882154
0.372479319572,-0.134478420019,0.934009432793,-0.522500276566,-0.576061189175,0.6158375144,-0.126060932875
0.37285721302,-0.13764667511,0.932396054268,-0.507592558861,-0.567877411842,0.63312202692,-0.137918502092
0.374151527882,-0.140329122543,0.930938899517,-0.511210083961,-0.560376048088,0.636746942997,-0.138550758362
0.375456660986,-0.142968595028,0.929559707642,-0.510258316994,-0.554852128029,0.642522275448,-0.137625440955
0.376624494791,-0.145986020565,0.927816033363,-0.511165618896,-0.547666788101,0.646438777447,-0.144525811076
0.378775835037,-0.148957982659,0.925670564175,-0.509769916534,-0.536127328873,0.655752718449,-0.150633811951
0.381318211555,-0.151093631983,0.923867106438,-0.531278550625,-0.532005667686,0.644873857498,-0.137297838926
0.381440043449,-0.155652016401,0.922015428543,-0.512575984001,-0.524024248123,0.662221074104,-0.155331194401
0.38425296545,-0.158222585917,0.919936776161,-0.529704809189,-0.513615608215,0.658116817474,-0.14998011291
0.385391533375,-0.1627137959,0.917627692223,-0.51123380661,-0.503004491329,0.677673816681,-0.162433296442
0.387946039438,-0.166485875845,0.915547549725,-0.5140157938,-0.49220085144,0.682823181152,-0.165162444115
0.390319883823,-0.170476391912,0.912703514099,-0.514847278595,-0.480029582977,0.689262449741,-0.171525746584
0.393008679152,-0.174441426992,0.910150766373,-0.515766143799,-0.467368870974,0.696632027626,-0.173941120505
0.396019876003,-0.17886826396,0.90729701519,-0.51821231842,-0.452378064394,0.702849984169,-0.181141376495
0.399105012417,-0.183209955692,0.904457449913,-0.521876275539,-0.440094470978,0.707359850407,-0.183314368129
0.4024117589,-0.187559455633,0.901776194572,-0.52309691906,-0.425341933966,0.713740408421,-0.189812213182
0.405883431435,-0.191396251321,0.898199081421,-0.521532595158,-0.420268237591,0.718265175819,-0.188344046474
0.409184813499,-0.196097537875,0.894674479961,-0.525667965412,-0.406385391951,0.721024096012,-0.196592062712
0.413865625858,-0.199801534414,0.891333460808,-0.54510641098,-0.395907193422,0.713408470154,-0.192781865597
0.418162584305,-0.204603880644,0.888113856316,-0.549982666969,-0.385141968727,0.714094161987,-0.198127120733
0.423345178366,-0.209397867322,0.884725570679,-0.560846269131,-0.375584602356,0.710458338261,-0.199089720845
0.427177876234,-0.215453714132,0.881519317627,-0.545198380947,-0.362959414721,0.722854077816,-0.22022986412
0.432684570551,-0.219584569335,0.878107428551,-0.567058205605,-0.359547108412,0.708253800869,-0.218053817749
0.438593178988,-0.224465787411,0.874693453312,-0.579518258572,-0.354032456875,0.700338900089,-0.219875246286
0.443106889725,-0.229733839631,0.871371865273,-0.578514635563,-0.34870454669,0.699398875237,-0.233596473932
0.450404435396,-0.23469696939,0.868446528912,-0.591131925583,-0.344953358173,0.689326345921,-0.237485975027
0.456619113684,-0.240179210901,0.865868151188,-0.589748799801,-0.337523967028,0.689780116081,-0.249954491854
0.462022125721,-0.245179831982,0.86322426796,-0.59671908617,-0.341938108206,0.678901314735,-0.25709477067
0.46852016449,-0.250374764204,0.861030459404,-0.602692961693,-0.340234011412,0.670463383198,-0.267359673977
0.474911719561,-0.255475401878,0.859030723572,-0.608336210251,-0.342905431986,0.659832537174,-0.277424067259
0.481375902891,-0.260308355093,0.856641888618,-0.605849564075,-0.342449724674,0.655775606632,-0.29263111949
0.488845467567,-0.265681266785,0.854261755943,-0.609774470329,-0.335405617952,0.650136291981,-0.304960727692
0.493675529957,-0.270515441895,0.85249710083,-0.608609497547,-0.343133181334,0.641263246536,-0.317231208086
0.502263188362,-0.275618880987,0.850403904915,-0.613568067551,-0.335101097822,0.63649982214,-0.325744748116
0.507309734821,-0.280292868614,0.84917974472,-0.613194346428,-0.341690927744,0.627184689045,-0.337460190058
0.514785766602,-0.285141736269,0.847066223621,-0.621219575405,-0.339569091797,0.616331934929,-0.344839304686
0.521169185638,-0.289722979069,0.845429003239,-0.623875916004,-0.339991629124,0.60837072134,-0.353651970625
0.526900172234,-0.294538021088,0.844100117683,-0.620857000351,-0.335098475218,0.606988608837,-0.365801244974
0.534846365452,-0.299232363701,0.842777848244,-0.621608734131,-0.324458003044,0.605974078178,-0.375666290522
0.541341543198,-0.303643614054,0.842077255249,-0.624917984009,-0.321382552385,0.599239885807,-0.383539259434
0.546419382095,-0.307487279177,0.840616285801,-0.631308615208,-0.329038381577,0.58590978384,-0.387160152197
0.55275118351,-0.311499297619,0.839663505554,-0.630199968815,-0.329138219357,0.58272922039,-0.393627941608
0.55859041214,-0.316321969032,0.838690757751,-0.62749093771,-0.319437742233,0.581719696522,-0.407206267118
0.56452870369,-0.32024243474,0.838122487068,-0.624897658825,-0.320541292429,0.57856374979,-0.414753258228
0.570311486721,-0.323056340218,0.836986780167,-0.637642979622,-0.325467199087,0.56482052803,-0.410439252853
0.576969027519,-0.327459603548,0.836652696133,-0.628862798214,-0.314150482416,0.571214854717,-0.423738867044
0.582237184048,-0.330569893122,0.836079478264,-0.635126292706,-0.316766709089,0.561670720577,-0.425205022097
0.587688267231,-0.334174662828,0.835062265396,-0.6314240098,-0.315732061863,0.560346007347,-0.433162093163
0.592257082462,-0.33711618185,0.834584355354,-0.639948487282,-0.317435145378,0.548758089542,-0.434241235256
0.595993280411,-0.339926242828,0.83382588625,-0.641633689404,-0.328328132629,0.538536906242,-0.43644580245
0.600989103317,-0.342820852995,0.83337521553,-0.63910138607,-0.33340215683,0.535222530365,-0.440374165773
0.606280386448,-0.34605333209,0.833033204079,-0.640363454819,-0.326732367277,0.532674610615,-0.446585327387
0.610509574413,-0.348862677813,0.832419514656,-0.639374732971,-0.330615252256,0.528849363327,-0.44967982173
0.614021360874,-0.351204872131,0.831763386726,-0.635735094547,-0.340899258852,0.52471023798,-0.452004224062
0.617238044739,-0.353887140751,0.830804944038,-0.637633264065,-0.345030486584,0.516161620617,-0.456020891666
0.620696246624,-0.356372922659,0.830337285995,-0.636287868023,-0.349787861109,0.511958181858,-0.459004431963
0.624316751957,-0.359083026648,0.829701066017,-0.635365903378,-0.353513658047,0.509787142277,-0.459842920303
0.627488613129,-0.361100137234,0.828605890274,-0.628909945488,-0.359862446785,0.509132921696,-0.464494377375
0.630214214325,-0.363452792168,0.82765853405,-0.629983782768,-0.361432641745,0.503298640251,-0.46816393733
0.633017539978,-0.365544527769,0.82672649622,-0.625443339348,-0.369576781988,0.502818584442,-0.468409210443
0.634910702705,-0.367608726025,0.825641751289,-0.623355925083,-0.372760266066,0.498265564442,-0.473506808281
0.637683928013,-0.369844019413,0.82465338707,-0.623281359673,-0.375653505325,0.495900183916,-0.473801672459
0.639999330044,-0.371688067913,0.823613762856,-0.618582129478,-0.382022321224,0.496492147446,-0.47424736619
0.641746461391,-0.373719871044,0.822513580322,-0.619850456715,-0.382820546627,0.492397844791,-0.47621229291
0.643597304821,-0.375938802958,0.821526288986,-0.613258898258,-0.38299921155,0.495274841785,-0.481589049101
0.644892454147,-0.377362310886,0.820100188255,-0.615695118904,-0.390341371298,0.489145487547,-0.478842139244
0.646182656288,-0.3790769279,0.818844914436,-0.613271355629,-0.392491668463,0.489078164101,-0.480261445045
0.647313535213,-0.380698829889,0.817892670631,-0.611628711224,-0.397002607584,0.48785930872,-0.479887962341
0.648193657398,-0.382254272699,0.816303193569,-0.609730422497,-0.401385605335,0.486481547356,-0.480056405067
0.648922264576,-0.383739084005,0.81525605917,-0.607788860798,-0.405818879604,0.484988301992,-0.480302065611
0.649287164211,-0.385304063559,0.814166724682,-0.604943990707,-0.408574074507,0.48468670249,-0.4818598032
0.650077164173,-0.386539876461,0.81256711483,-0.601453304291,-0.417165666819,0.484989523888,-0.47855207324
0.650285065174,-0.388168394566,0.81119120121,-0.600929617882,-0.416434705257,0.484394550323,-0.480445235968
0.650211453438,-0.38926717639,0.810123562813,-0.597278952599,-0.426552027464,0.48406535387,-0.476436764002
0.649773716927,-0.390751838684,0.809632539749,-0.597218751907,-0.428369820118,0.481319636106,-0.477661430836
0.649791002274,-0.392237901688,0.808099806309,-0.596359550953,-0.431741774082,0.482421040535,-0.474578022957
0.649290382862,-0.393261015415,0.806931853294,-0.590599060059,-0.439322948456,0.483181595802,-0.474050283432
0.648925364017,-0.394525885582,0.805614948273,-0.58724373579,-0.442955762148,0.4849640131,-0.473016768694
0.647705852985,-0.395757615566,0.804457008839,-0.587500452995,-0.445340096951,0.48199942708,-0.473489195108
0.647053182125,-0.396928906441,0.803482532501,-0.582847177982,-0.452421456575,0.484603106976,-0.469855099916
0.646230459213,-0.398390740156,0.801957666874,-0.577604830265,-0.454318165779,0.488470315933,-0.47049382329
0.645032763481,-0.399386197329,0.800778150558,-0.577463686466,-0.460366100073,0.486511856318,-0.466803133488
0.64369648695,-0.400740385056,0.800131320953,-0.572557866573,-0.462976723909,0.489031672478,-0.467630207539
0.642231106758,-0.401783585548,0.799164056778,-0.573588192463,-0.465976268053,0.48615321517,-0.466387927532
0.640841007233,-0.403061032295,0.798219919205,-0.570158004761,-0.470093399286,0.487830638885,-0.464707732201
0.639284968376,-0.404231965542,0.797581136227,-0.567343533039,-0.475009322166,0.488254249096,-0.462704479694
0.637688338757,-0.405419588089,0.796306312084,-0.563885509968,-0.478462696075,0.490283608437,-0.46122521162
0.636128127575,-0.406594097614,0.794985413551,-0.560408234596,-0.481626570225,0.492594301701,-0.459705591202
0.633977293968,-0.407719910145,0.794209897518,-0.556304395199,-0.486837625504,0.494073271751,-0.457609206438
0.632770121098,-0.409016609192,0.793304920197,-0.553715407848,-0.488127738237,0.49740049243,-0.455766916275
0.631321549416,-0.410159140825,0.792641997337,-0.548804998398,-0.494368135929,0.500622212887,-0.451431661844
0.629641771317,-0.411481082439,0.791884422302,-0.545326113701,-0.495968550444,0.503883063793,-0.450262933969
0.627645730972,-0.412808388472,0.791325986385,-0.5451156497,-0.497078299522,0.502655506134,-0.450665593147
0.625926136971,-0.414052158594,0.790885210037,-0.541913807392,-0.500653386116,0.504568696022,-0.448426187038
0.624150872231,-0.415386348963,0.790265679359,-0.538939118385,-0.507269859314,0.504546701908,-0.44458347559
0.623407840729,-0.416454970837,0.78998696804,-0.533441841602,-0.512825548649,0.507530808449,-0.4414319098
0.621966362,-0.417912989855,0.789655089378,-0.531032860279,-0.512011528015,0.511187136173,-0.441062569618
0.619524300098,-0.419486105442,0.789439797401,-0.526633858681,-0.51205021143,0.515499591827,-0.441272705793
0.618150532246,-0.420871913433,0.789238810539,-0.523738503456,-0.513651013374,0.517389833927,-0.440645247698
0.616615593433,-0.422299534082,0.789023280144,-0.520355463028,-0.515030026436,0.520056128502,-0.439904272556
0.61515724659,-0.423717349768,0.788923025131,-0.518125891685,-0.516025841236,0.522348105907,-0.438652008772
0.614674508572,-0.425017237663,0.788739323616,-0.515400290489,-0.518873810768,0.523006916046,-0.437717318535
0.612711846828,-0.426660001278,0.788918793201,-0.512661397457,-0.517405509949,0.527023375034,-0.437854230404
0.611552357674,-0.428133606911,0.788844466209,-0.509439706802,-0.517752408981,0.529448568821,-0.438278526068
0.611389398575,-0.429439932108,0.788848876953,-0.507297039032,-0.520548164845,0.530642271042,-0.436002224684
0.609449446201,-0.431136548519,0.788945674896,-0.506450712681,-0.517191886902,0.532212853432,-0.439055562019
0.609041035175,-0.43254545331,0.789248645306,-0.502186059952,-0.520008027554,0.536438524723,-0.435470670462
0.608185112476,-0.43406444788,0.789441585541,-0.502390921116,-0.518748760223,0.535772204399,-0.437551617622
0.607377171516,-0.435715228319,0.789947867393,-0.499034583569,-0.523506939411,0.538313150406,-0.432577937841
0.607935786247,-0.437141895294,0.789896786213,-0.495349258184,-0.52093487978,0.542347967625,-0.434873074293
0.607413828373,-0.438632130623,0.790184140205,-0.49500092864,-0.522452890873,0.541071951389,-0.435038298368
0.607772052288,-0.440043628216,0.790626645088,-0.4907322824,-0.526095032692,0.543151080608,-0.432888805866
0.608069837093,-0.441673189402,0.791006565094,-0.489110022783,-0.526966691017,0.543785452843,-0.432868123055
0.608959376812,-0.44291049242,0.791265130043,-0.488961726427,-0.530735731125,0.539946436882,-0.433236509562
0.608387589455,-0.44456127286,0.791733980179,-0.4874804914,-0.558330774307,0.52602314949,-0.417048245668
0.609169125557,-0.4459656775,0.791975677013,-0.485813856125,-0.561020195484,0.525116741657,-0.416525512934
0.609971225262,-0.44741410017,0.792006492615,-0.48416224122,-0.561820685863,0.524834036827,-0.41772454977
0.610628604889,-0.448996245861,0.792314529419,-0.483309298754,-0.562666654587,0.52183252573,-0.421318560839
0.611858546734,-0.450229197741,0.791253089905,-0.479442536831,-0.566790759563,0.522316753864,-0.419605135918
0.613100230694,-0.451980620623,0.792707204819,-0.479649811983,-0.565806686878,0.519951939583,-0.423614263535
0.614963769913,-0.453472942114,0.792575955391,-0.475826978683,-0.561683177948,0.524593353271,-0.427671194077
0.615814566612,-0.455007642508,0.792631566525,-0.473253816366,-0.564187586308,0.521215260029,-0.431344240904
0.618313372135,-0.456634819508,0.792539834976,-0.4744528234,-0.565829217434,0.519699990749,-0.429702043533
0.620145261288,-0.457978904247,0.792189240456,-0.470809698105,-0.564347207546,0.520905733109,-0.434174656868
0.621384739876,-0.459294587374,0.79139995575,-0.468749850988,-0.565590023994,0.517328619957,-0.439036101103
0.623213410378,-0.460669517517,0.790321469307,-0.466708630323,-0.566362679005,0.515668988228,-0.442155897617
0.626556456089,-0.462291151285,0.79055929184,-0.467369765043,-0.563697993755,0.51690518856,-0.443417787552
0.629146933556,-0.46365660429,0.790027976036,-0.46637570858,-0.560965716839,0.516608119011,-0.448248773813
0.631546378136,-0.465171724558,0.789828538895,-0.46494525671,-0.552046239376,0.519519865513,-0.457350850105
0.633479952812,-0.466481983662,0.788973867893,-0.461953610182,-0.550791501999,0.516267418861,-0.465505808592
0.637164354324,-0.467625260353,0.788712322712,-0.4633936584,-0.562904715538,0.508485496044,-0.458090752363
0.640213549137,-0.468917757273,0.788223981857,-0.46331268549,-0.561961472034,0.505904495716,-0.462170243263
0.643251240253,-0.470082819462,0.787696003914,-0.461562782526,-0.561847031116,0.503610432148,-0.466544955969
0.646353840828,-0.471096307039,0.787186086178,-0.461659342051,-0.5621920228,0.499768227339,-0.470151603222
0.649658560753,-0.472296655178,0.786604881287,-0.460260093212,-0.560664892197,0.497787624598,-0.475418746471
0.653078436852,-0.473262310028,0.78614294529,-0.461633890867,-0.559457302094,0.493830472231,-0.479617744684
0.656393289566,-0.474088042974,0.785720586777,-0.459618330002,-0.560487031937,0.49006074667,-0.484196007252
0.659980356693,-0.474932581186,0.78534424305,-0.459465801716,-0.559246301651,0.487218558788,-0.488623768091
0.662613868713,-0.475549072027,0.785012722015,-0.457951426506,-0.560905873775,0.478891640902,-0.496314257383
0.667152225971,-0.476279526949,0.784690022469,-0.459286510944,-0.559177517891,0.478642344475,-0.497270613909
0.670819580555,-0.476905375719,0.78442543745,-0.459539681673,-0.557630717754,0.475281715393,-0.501974821091
0.674592137337,-0.47738045454,0.783766210079,-0.460205227137,-0.556069195271,0.47226241231,-0.505931258202
0.678552269936,-0.477982461452,0.783705472946,-0.46619823575,-0.552156090736,0.466448456049,-0.510106623173
0.68220949173,-0.478095531464,0.783577084541,-0.462408572435,-0.554173707962,0.463304281235,-0.514216840267
0.68595045805,-0.478458166122,0.783720850945,-0.463429033756,-0.553030252457,0.460063576698,-0.517428815365
0.691132307053,-0.478373289108,0.783423244953,-0.465629577637,-0.536939322948,0.463344454765,-0.529336750507
0.694333970547,-0.47879254818,0.784263670444,-0.467783510685,-0.529594242573,0.462181121111,-0.535814583302
0.698188304901,-0.478931069374,0.784631669521,-0.472044587135,-0.527114212513,0.458020269871,-0.538091063499
0.701341986656,-0.47903829813,0.785127997398,-0.473663449287,-0.541494250298,0.445825278759,-0.532603800297
0.704965949059,-0.478960216045,0.785278320312,-0.476923763752,-0.540472328663,0.440644562244,-0.535038352013
0.708575963974,-0.478926092386,0.785447955132,-0.479828834534,-0.538310587406,0.437516957521,-0.53718239069
0.712640583515,-0.478943645954,0.786188364029,-0.484101265669,-0.517398536205,0.443206548691,-0.54910171032
0.716031491756,-0.478905200958,0.786724209785,-0.488135188818,-0.514946401119,0.43948033452,-0.550827860832
0.718614935875,-0.478747814894,0.787134051323,-0.490409851074,-0.512764036655,0.431283742189,-0.557284295559
0.72257912159,-0.47863176465,0.787232518196,-0.494494110346,-0.510652661324,0.433106184006,-0.554191768169
0.72528809309,-0.478570193052,0.787896513939,-0.49878397584,-0.506878018379,0.427474737167,-0.558170616627
0.72867667675,-0.478472709656,0.788452982903,-0.502417802811,-0.504861056805,0.427143067122,-0.556992411613
0.731782913208,-0.478459298611,0.78907597065,-0.504286885262,-0.497363239527,0.421758025885,-0.566078305244
0.734173476696,-0.478351444006,0.789818167686,-0.508635103703,-0.499424725771,0.42289146781,-0.55948895216
0.737302601337,-0.478239834309,0.790212929249,-0.510583162308,-0.494814246893,0.419860094786,-0.564075410366
0.739156544209,-0.478188246489,0.790816068649,-0.514826357365,-0.495074719191,0.41804754734,-0.561329722404
0.741342425346,-0.478370517492,0.791929125786,-0.51657897234,-0.490968942642,0.41864156723,-0.56288087368
0.743917584419,-0.478990375996,0.792823433876,-0.53189188242,-0.481518119574,0.413656651974,-0.560463726521
0.745360732079,-0.478320479393,0.793103575706,-0.5215254426,-0.487880259752,0.415207058191,-0.563548743725
0.747251152992,-0.478173851967,0.793637037277,-0.523930132389,-0.486372172832,0.412341922522,-0.564724326134
0.748498558998,-0.478171855211,0.794956803322,-0.526995003223,-0.483930617571,0.406808972359,-0.567973792553
0.749815046787,-0.478416502476,0.795388221741,-0.526830852032,-0.480849325657,0.408758938313,-0.569341301918
0.751846015453,-0.47922617197,0.796227753162,-0.538467109203,-0.473277539015,0.409506857395,-0.564239084721
0.752629637718,-0.478376954794,0.796917080879,-0.527347147465,-0.481852114201,0.408731013536,-0.56803393364
0.754016578197,-0.479253649712,0.79830467701,-0.540624260902,-0.471607238054,0.406467020512,-0.565770864487
0.754677772522,-0.479370117188,0.799140572548,-0.54034692049,-0.472236782312,0.405728250742,-0.566040873528
0.754830121994,-0.478822082281,0.799287497997,-0.52780777216,-0.479750156403,0.407823890448,-0.570033669472
0.754993259907,-0.478946328163,0.800116896629,-0.529939651489,-0.477005541325,0.404202520847,-0.572931170464
0.755451500416,-0.479172438383,0.801074683666,-0.528290569782,-0.478941470385,0.407093524933,-0.570787966251
0.75545912981,-0.479427337646,0.801828920841,-0.527414739132,-0.478696405888,0.40837714076,-0.570886671543
0.755937576294,-0.480319172144,0.802404403687,-0.539482057095,-0.469896972179,0.407491505146,-0.567544341087
0.754348695278,-0.479857176542,0.803630173206,-0.526810288429,-0.476903378963,0.40414005518,-0.575938344002
0.75425362587,-0.480357021093,0.804158210754,-0.527694165707,-0.475381582975,0.407801389694,-0.57380259037
0.753960609436,-0.480751097202,0.804662525654,-0.526924431324,-0.475878745317,0.411981791258,-0.571105241776
0.753090798855,-0.481155157089,0.804948031902,-0.524885594845,-0.474689781666,0.415344268084,-0.57153660059
0.752099096775,-0.4815081954,0.805495619774,-0.524985790253,-0.474362283945,0.416779011488,-0.570671260357
0.75096988678,-0.481663912535,0.806078314781,-0.528838932514,-0.473733395338,0.411263495684,-0.571636617184
0.749875485897,-0.482281684875,0.806938171387,-0.525889694691,-0.473755985498,0.41839069128,-0.569161355495
0.748461842537,-0.482739895582,0.807194471359,-0.525441884995,-0.473518908024,0.420392423868,-0.56829637289
0.746825516224,-0.483146458864,0.80778747797,-0.524119794369,-0.473659098148,0.422533690929,-0.56781244278
0.745035350323,-0.483562201262,0.808071613312,-0.522760391235,-0.473929226398,0.424710035324,-0.567216157913
0.743140041828,-0.484082490206,0.808959007263,-0.522138655186,-0.473636567593,0.426894158125,-0.566392958164
0.74117153883,-0.484399855137,0.808564186096,-0.521410167217,-0.474494427443,0.429111599922,-0.56466782093
0.738719522953,-0.484755843878,0.808925390244,-0.521089375019,-0.47406950593,0.428324043751,-0.565917313099
0.73684668541,-0.485127031803,0.80943864584,-0.517896354198,-0.475075751543,0.434772074223,-0.563080370426
0.733917355537,-0.485568642616,0.809976458549,-0.517359495163,-0.474903851748,0.43425861001,-0.56411421299
0.731695353985,-0.485972464085,0.810358285904,-0.513590276241,-0.476613014936,0.44126072526,-0.560672879219
0.729113042355,-0.486262798309,0.810736656189,-0.512348294258,-0.476212054491,0.444140642881,-0.559875190258
0.726341128349,-0.48655039072,0.810938000679,-0.510641813278,-0.47752404213,0.447452485561,-0.557675540447
0.722789227962,-0.486679583788,0.8114798069,-0.508544623852,-0.478098720312,0.446061760187,-0.560207784176
0.720557510853,-0.487103998661,0.812319636345,-0.506932139397,-0.478998064995,0.454285264015,-0.554261267185
0.717498540878,-0.487094789743,0.812439203262,-0.503863275051,-0.48028716445,0.457597196102,-0.553218483925
0.714417636395,-0.487183243036,0.81248497963,-0.502357125282,-0.481057167053,0.461258798838,-0.550873637199
0.711224138737,-0.487278878689,0.813049972057,-0.500142157078,-0.481554925442,0.46499761939,-0.549308538437
0.708063900471,-0.487290263176,0.813517689705,-0.498600244522,-0.482382923365,0.468869894743,-0.546686112881
0.704726040363,-0.487170904875,0.81310904026,-0.496060192585,-0.483831673861,0.472450554371,-0.544629812241
0.701288461685,-0.487211972475,0.813983380795,-0.496668308973,-0.482091754675,0.47430741787,-0.544004321098
0.698639631271,-0.487756937742,0.813856363297,-0.505256772041,-0.474957466125,0.47965490818,-0.537645161152
0.69475543499,-0.486651331186,0.813884854317,-0.49021807313,-0.485780030489,0.484755754471,-0.537323057652
0.691528856754,-0.486388385296,0.81403028965,-0.490157485008,-0.485871642828,0.487955957651,-0.534390628338
0.688039779663,-0.485933870077,0.814187645912,-0.487236171961,-0.486939966679,0.492230504751,-0.532164931297
0.684584200382,-0.485406130552,0.81414949894,-0.485079526901,-0.489107310772,0.495124608278,-0.529455780983
0.681665360928,-0.485728919506,0.813560426235,-0.495813310146,-0.479868412018,0.49827632308,-0.524991691113
0.678295731544,-0.485057413578,0.813860714436,-0.494324147701,-0.480125695467,0.50216704607,-0.52244746685
0.674977719784,-0.484274983406,0.813490390778,-0.491614669561,-0.481476604939,0.505618810654,-0.520427763462
0.671550393105,-0.48339882493,0.813115954399,-0.489874273539,-0.4833791852,0.508524000645,-0.517466306686
0.668159902096,-0.481629103422,0.812911689281,-0.47427302599,-0.491772830486,0.514021754265,-0.518658161163
0.66474121809,-0.48058962822,0.813123822212,-0.474647372961,-0.494532763958,0.515165865421,-0.51454013586
0.661626815796,-0.47931984067,0.812654495239,-0.472548305988,-0.495528578758,0.518444001675,-0.512215912342
0.658597946167,-0.477987706661,0.812294125557,-0.471590340137,-0.49575728178,0.521108388901,-0.510169923306
0.654839515686,-0.476562917233,0.812161922455,-0.469968557358,-0.497491270304,0.520653665066,-0.510442852974
0.652690947056,-0.475030690432,0.811805009842,-0.470429599285,-0.497183084488,0.525751888752,-0.505064547062
0.649807035923,-0.473282665014,0.811270415783,-0.469590574503,-0.494276642799,0.529422461987,-0.5048635602
0.647173404694,-0.471561908722,0.811060965061,-0.470277607441,-0.493976145983,0.531969964504,-0.501831233501
0.644533455372,-0.469527602196,0.809877038002,-0.473155200481,-0.493221193552,0.533228516579,-0.498522222042
0.642203330994,-0.467689722776,0.810726583004,-0.474038749933,-0.492329448462,0.535364568233,-0.496270060539
0.63983976841,-0.465593993664,0.810675799847,-0.477093756199,-0.491268664598,0.536790132523,-0.492841750383
0.637710928917,-0.463498294353,0.810698568821,-0.481178343296,-0.489043265581,0.53836774826,-0.489351004362
0.634942889214,-0.461307913065,0.810804128647,-0.487278401852,-0.488202273846,0.535549163818,-0.487242609262
0.633626639843,-0.459270715714,0.811142206192,-0.494148552418,-0.48742762208,0.537798047066,-0.478544294834
0.631658792496,-0.457092523575,0.81118786335,-0.500926911831,-0.479420095682,0.540896952152,-0.476087421179
0.62965875864,-0.454864770174,0.811260342598,-0.509425640106,-0.47428047657,0.541830301285,-0.471130013466
0.626970350742,-0.452777981758,0.811737298965,-0.517731130123,-0.469309717417,0.541133761406,-0.467843085527
0.625752925873,-0.450619161129,0.812034726143,-0.528995871544,-0.461009442806,0.541857659817,-0.462627202272
0.624030470848,-0.448688834906,0.812332630157,-0.536971509457,-0.455823540688,0.545581698418,-0.454122394323
0.621769368649,-0.446780741215,0.812878489494,-0.547740399837,-0.447679162025,0.545076787472,-0.449950516224
