x,y,z,q0,q1,q2,q3
0.599566698074,-0.207331493497,1.53518140316,0.0624460689723,-0.0428188405931,0.734945297241,-0.673886239529
0.600618064404,-0.205161765218,1.53540289402,0.0656484216452,-0.0417880378664,0.7342197299,-0.674437224865
0.601615250111,-0.202826023102,1.53538930416,0.0702932476997,-0.0416345968843,0.733587920666,-0.674665987492
0.602822482586,-0.200357586145,1.53517508507,0.0742763504386,-0.0414705462754,0.732090890408,-0.675874352455
0.604062616825,-0.197737723589,1.53521943092,0.0800942257047,-0.0411248654127,0.731552898884,-0.675813674927
0.60537481308,-0.194806650281,1.53517568111,0.0856755226851,-0.0409772507846,0.730903565884,-0.67584079504
0.606835722923,-0.192136883736,1.5351421833,0.0924120023847,-0.039886187762,0.730312168598,-0.675657570362
0.608338296413,-0.189047515392,1.5350792408,0.0983216613531,-0.0390394739807,0.729869663715,-0.675351083279
0.609790742397,-0.18566788733,1.53492808342,0.103319458663,-0.0382540151477,0.730416595936,-0.674057304859
0.611425578594,-0.182456567883,1.53492355347,0.110143564641,-0.0372580625117,0.728602349758,-0.674995481968
0.613006353378,-0.179052814841,1.53473246098,0.11624661088,-0.0358377583325,0.727886974812,-0.674820661545
0.616226255894,-0.171565309167,1.53477239609,0.126655802131,-0.0320251956582,0.727856934071,-0.673169493675
0.616226255894,-0.171565309167,1.53477239609,0.126655802131,-0.0320251956582,0.727856934071,-0.673169493675
0.617732107639,-0.168395966291,1.53461623192,0.134112119675,-0.0300332438201,0.725113987923,-0.674775183201
0.619339942932,-0.164673700929,1.53438270092,0.139226689935,-0.0275645367801,0.724073767662,-0.674961745739
0.62093514204,-0.160692900419,1.53425478935,0.143505096436,-0.0254142340273,0.723531961441,-0.67473089695
0.622399568558,-0.156987249851,1.53436434269,0.148857042193,-0.0229769051075,0.722072124481,-0.675222635269
0.623767077923,-0.153078734875,1.53425765038,0.153474703431,-0.0211784914136,0.721351146698,-0.675018250942
0.625164628029,-0.149208620191,1.5339435339,0.157190859318,-0.0192515701056,0.719991862774,-0.675671577454
0.626603782177,-0.145363584161,1.5338549614,0.160498589277,-0.0170438867062,0.718919157982,-0.676095426083
0.62781649828,-0.141455262899,1.53379058838,0.164031222463,-0.0152729582042,0.718056857586,-0.676206290722
0.628821849823,-0.137585639954,1.5335432291,0.167505785823,-0.0143371457234,0.71711820364,-0.67637103796
0.629897356033,-0.133766070008,1.5334815979,0.170569598675,-0.0126548362896,0.716320931911,-0.676483809948
0.630793094635,-0.129812210798,1.53288507462,0.172730118036,-0.0117452824488,0.715310513973,-0.677020847797
0.631767988205,-0.126083552837,1.53296041489,0.175229504704,-0.0100913634524,0.714806199074,-0.676937997341
0.632556498051,-0.122223854065,1.53269219398,0.176896303892,-0.00871900655329,0.714356660843,-0.676998078823
0.633316218853,-0.118433207273,1.53254938126,0.178302034736,-0.00746317952871,0.713878810406,-0.677148163319
0.634143173695,-0.114792861044,1.53244149685,0.179177388549,-0.00493281474337,0.713053226471,-0.677810013294
0.634609699249,-0.110929638147,1.5322561264,0.180064573884,-0.00375568633899,0.712699830532,-0.677954018116
0.635251820087,-0.107191711664,1.53199470043,0.180046126246,-0.00149494013749,0.713044166565,-0.677605628967
0.635583043098,-0.10343785584,1.53173148632,0.180300027132,-0.000203149786103,0.712564527988,-0.678043961525
0.636175215244,-0.0959719493985,1.53128409386,0.17872621119,0.00328635377809,0.711096763611,-0.679990947247
0.636175215244,-0.0959719493985,1.53128409386,0.17872621119,0.00328635377809,0.711096763611,-0.679990947247
0.636100769043,-0.0925327539444,1.53113126755,0.179569602013,0.0044738361612,0.709873616695,-0.68103903532
0.636077821255,-0.0887850672007,1.53101623058,0.178456187248,0.00639167055488,0.710056424141,-0.681125879288
0.636097967625,-0.0853079259396,1.53091955185,0.177863523364,0.00813223980367,0.708852112293,-0.682515382767
0.636031627655,-0.0812183991075,1.53043484688,0.172454148531,0.0104025527835,0.712456285954,-0.680115759373
0.63564068079,-0.0782129913568,1.53063011169,0.174788877368,0.0116677880287,0.708559334278,-0.683561503887
0.635405600071,-0.0746783986688,1.53060615063,0.173262298107,0.0135255735368,0.708032667637,-0.684461176395
0.634806931019,-0.071164175868,1.53056204319,0.172301754355,0.0145835839212,0.707571446896,-0.685158550739
0.634348809719,-0.067636847496,1.53052854538,0.170876353979,0.0161249581724,0.707485854626,-0.685569226742
0.633782148361,-0.0642792284489,1.53046250343,0.169392615557,0.01762435399,0.706540644169,-0.686874032021
0.632724821568,-0.0608903951943,1.53049468994,0.169880360365,0.0175679158419,0.704581081867,-0.688765227795
0.632368862629,-0.0574184544384,1.53028619289,0.167831897736,0.0193402990699,0.704238653183,-0.689569652081
0.631699323654,-0.053839892149,1.53032553196,0.165460020304,0.0206596609205,0.704340815544,-0.69000017643
0.63189458847,-0.0496010631323,1.53005671501,0.158609688282,0.0218952205032,0.703507184982,-0.692416965961
0.631024599075,-0.0461049638689,1.53002011776,0.158408716321,0.0221075676382,0.701591968536,-0.694396734238
0.630185186863,-0.0427613705397,1.52999866009,0.15735386312,0.023495612666,0.699769318104,-0.696426987648
0.62923514843,-0.039307422936,1.52984237671,0.156215980649,0.0246170610189,0.698353767395,-0.69806343317
0.628355205059,-0.0356146506965,1.52970373631,0.153659597039,0.026350652799,0.699926793575,-0.69699126482
0.627429962158,-0.0318635851145,1.52952325344,0.150479212403,0.0276937652379,0.699546515942,-0.698014199734
0.626438856125,-0.0287363901734,1.52954864502,0.151287019253,0.0291885342449,0.69578653574,-0.701527953148
0.625335395336,-0.0246426351368,1.5292468071,0.14727640152,0.0307940356433,0.697430253029,-0.700679898262
0.624152004719,-0.021923545748,1.52927660942,0.151669353247,0.0305234286934,0.689860880375,-0.707217693329
0.623285233974,-0.0184611491859,1.52927660942,0.150734975934,0.0329536944628,0.687999904156,-0.70911860466
0.621945500374,-0.0154608078301,1.52922594547,0.151716396213,0.0349547676742,0.685867011547,-0.710877478123
0.620104670525,-0.00677701830864,1.52846121788,0.144653946161,0.0349270887673,0.690612912178,-0.707749247551
0.620104670525,-0.00677701830864,1.52846121788,0.144653946161,0.0349270887673,0.690612912178,-0.707749247551
0.619258403778,-0.00372543185949,1.52807283401,0.145069628954,0.036692596972,0.687107145786,-0.710979759693
0.6182923913,0.000398322939873,1.52785682678,0.140952005982,0.0391550399363,0.688069164753,-0.710746228695
0.617332458496,0.0033296495676,1.52805328369,0.143114954233,0.0412729345262,0.68315911293,-0.714918315411
0.616461992264,0.00711131095886,1.52765202522,0.140076741576,0.0432574264705,0.68372040987,-0.714866280556
0.615683972836,0.0105247721076,1.52742016315,0.138704091311,0.0456308051944,0.681933522224,-0.716690957546
0.614861369133,0.0138002969325,1.52670502663,0.136793777347,0.0475163049996,0.680271923542,-0.718512296677
0.614413440228,0.0168826226145,1.52660703659,0.136913567781,0.0502461642027,0.677143931389,-0.721253156662
0.613227367401,0.0198007952422,1.52678179741,0.139682024717,0.0514040216804,0.672949969769,-0.724558472633
0.612733542919,0.0227928385139,1.52643585205,0.138819873333,0.0541160777211,0.670637249947,-0.726667881012
0.611560940742,0.0259451270103,1.52611804008,0.138796970248,0.0545629113913,0.669739961624,-0.727465987206
0.610890567303,0.0293744150549,1.52569520473,0.134275272489,0.0574345514178,0.671978652477,-0.726027667522
0.610095858574,0.0320698991418,1.52561187744,0.136554375291,0.0585803166032,0.66795861721,-0.729213654995
0.608866274357,0.0356419235468,1.5249683857,0.131574049592,0.0604785196483,0.672909140587,-0.725412964821
0.60862582922,0.0386388674378,1.52471768856,0.129112556577,0.0628918856382,0.670998930931,-0.727416694164
0.607423007488,0.0404177382588,1.52494573593,0.136251196265,0.0643460676074,0.664578855038,-0.731867611408
0.606643557549,0.0439503192902,1.52440655231,0.130487248302,0.0663640797138,0.669298648834,-0.728428542614
0.606216132641,0.0458657369018,1.52455091476,0.134539976716,0.0691686347127,0.662428319454,-0.733691632748
0.605035245419,0.0485408529639,1.5242767334,0.13512095809,0.0694736391306,0.661549150944,-0.734349131584
0.60465413332,0.0512770041823,1.52409505844,0.133554428816,0.0719380006194,0.661040246487,-0.734856367111
0.603526592255,0.0537983849645,1.52402293682,0.134362697601,0.0731605365872,0.659709692001,-0.735783457756
0.602969944477,0.0567466840148,1.52368271351,0.12982685864,0.0750250890851,0.662217020988,-0.734155893326
0.602101743221,0.0588265806437,1.5239058733,0.133906558156,0.0761722102761,0.6576218009,-0.737428247929
0.601470112801,0.0613292865455,1.5236736536,0.133478492498,0.0780092254281,0.655873835087,-0.738869190216
0.600856840611,0.0638255998492,1.52361226082,0.13329936564,0.0793538913131,0.654576838017,-0.739907681942
0.600262999535,0.0662718713284,1.52357268333,0.133425667882,0.0807658359408,0.653571724892,-0.740620315075
0.600411891937,0.0685243159533,1.52370727062,0.132806003094,0.0865939855576,0.653210997581,-0.740391433239
0.599271535873,0.0710657909513,1.52350866795,0.133461892605,0.0833810120821,0.650743246078,-0.742811501026
0.599957466125,0.0735792145133,1.52341389656,0.129870325327,0.0874169841409,0.649732768536,-0.743867695332
0.599463760853,0.0768661573529,1.52294802666,0.123671859503,0.0885255932808,0.654966294765,-0.740194499493
0.599204957485,0.0791333988309,1.52278459072,0.123349167407,0.0894627124071,0.653490900993,-0.741438627243
0.59903293848,0.0812866464257,1.52271795273,0.123973801732,0.0904915332794,0.650591313839,-0.743755877018
0.598493695259,0.0827180594206,1.52298033237,0.131245747209,0.0905788242817,0.643869459629,-0.74833291769
0.59818136692,0.0857433155179,1.52236330509,0.125897303224,0.0909577682614,0.648035407066,-0.745604991913
0.597786962986,0.0872051119804,1.52250432968,0.13235001266,0.0910037979484,0.641669213772,-0.749974906445
0.597570300102,0.0899741649628,1.52190387249,0.127296105027,0.0916442722082,0.645240664482,-0.747704148293
0.597242474556,0.0913591533899,1.52196121216,0.134033083916,0.0920053124428,0.638047397137,-0.752639174461
0.597081303596,0.0942552238703,1.52130186558,0.128545060754,0.092765532434,0.642522454262,-0.749690294266
0.596725940704,0.0957827270031,1.52127981186,0.134172961116,0.0930252224207,0.637172877789,-0.753229558468
0.596152424812,0.0984268933535,1.52052736282,0.131835237145,0.0934221297503,0.640463888645,-0.750798046589
0.595906019211,0.0999371111393,1.52047729492,0.137042045593,0.0941709652543,0.634839057922,-0.754540145397
0.595692098141,0.102547720075,1.51977944374,0.133066028357,0.0952764749527,0.638151407242,-0.752315580845
0.595290839672,0.103983908892,1.51983439922,0.140035718679,0.0961194559932,0.631894052029,-0.756214916706
0.594946503639,0.106815561652,1.51888608932,0.134475722909,0.0971027687192,0.636295557022,-0.753402471542
0.594369351864,0.108866780996,1.51832091808,0.135439842939,0.0974410176277,0.63655179739,-0.752969503403
0.594135403633,0.111081063747,1.51762676239,0.134454071522,0.0966992154717,0.636559188366,-0.753235518932
0.59420800209,0.112826190889,1.51731681824,0.135546252131,0.100546784699,0.633552968502,-0.755068361759
0.593780219555,0.113919243217,1.5172315836,0.14269502461,0.101456835866,0.627212464809,-0.758913218975
0.593528866768,0.115900278091,1.5166965723,0.142584294081,0.102839060128,0.626116633415,-0.759652495384
0.593463242054,0.117924183607,1.51612782478,0.140867426991,0.104659259319,0.626561403275,-0.759357392788
0.593099713326,0.119574353099,1.51575601101,0.143002942204,0.106204301119,0.624746263027,-0.760238826275
0.592711925507,0.121345661581,1.51526236534,0.144002705812,0.107703097165,0.623826026917,-0.760594725609
0.592617511749,0.123139888048,1.51478338242,0.143762901425,0.109409309924,0.623064279556,-0.761020839214
0.592357814312,0.124736659229,1.51436519623,0.144525244832,0.111266829073,0.621890604496,-0.761566996574
0.591930806637,0.126423969865,1.51374650002,0.145515307784,0.112013012171,0.620749115944,-0.762200176716
0.591790616512,0.12803041935,1.51350021362,0.145922735333,0.11386115849,0.619893074036,-0.762544929981
0.591662406921,0.129606738687,1.51298701763,0.146219551563,0.11523629725,0.618278741837,-0.763591349125
0.591524899006,0.131302505732,1.51273906231,0.146434739232,0.1165972054,0.617388963699,-0.764063417912
0.590450406075,0.132670730352,1.51205646992,0.149925485253,0.116081170738,0.616324543953,-0.764324367046
0.590747117996,0.133652091026,1.51205611229,0.150699451566,0.118193790317,0.614914953709,-0.764983415604
0.590936303139,0.135769978166,1.5113556385,0.149190679193,0.118827603757,0.614266097546,-0.765701889992
0.590156197548,0.137085556984,1.51089394093,0.152248874307,0.118595786393,0.613134384155,-0.766042768955
0.590894162655,0.138602137566,1.51059854031,0.150769621134,0.120432831347,0.612227916718,-0.766773462296
0.590092420578,0.139876440167,1.51014077663,0.154591187835,0.119277819991,0.611643970013,-0.766659080982
0.590070486069,0.141192764044,1.50967621803,0.155912026763,0.118933156133,0.610945820808,-0.767001628876
0.590058624744,0.142651647329,1.50924694538,0.156087785959,0.118876256049,0.611101984978,-0.766850233078
0.590115249157,0.143758550286,1.50890302658,0.159123167396,0.118807226419,0.609608054161,-0.767426133156
0.590072035789,0.14494279027,1.50852489471,0.161193937063,0.118183366954,0.609284937382,-0.767346739769
0.590039670467,0.14608669281,1.50817394257,0.163476124406,0.117621637881,0.608246862888,-0.76777368784
0.590805411339,0.147232204676,1.50792169571,0.164638593793,0.121601611376,0.609199821949,-0.766147971153
0.591230094433,0.148692458868,1.50750541687,0.16277334094,0.118120968342,0.607442378998,-0.768482923508
0.590636372566,0.149785071611,1.50712358952,0.1665122509,0.116487391293,0.607108652592,-0.768195033073
0.590716600418,0.150939643383,1.50688350201,0.168264448643,0.115796767175,0.606879591942,-0.768098592758
0.5918405056,0.152384743094,1.5064663887,0.167211562395,0.116406604648,0.606378495693,-0.768631875515
0.591876804829,0.153228908777,1.50643050671,0.168898880482,0.115869343281,0.606172263622,-0.76850682497
0.592119991779,0.154245615005,1.50619888306,0.170099973679,0.115245901048,0.604987323284,-0.769268989563
0.592379748821,0.155485421419,1.5058311224,0.171897441149,0.114345923066,0.604382514954,-0.769479095936
0.591788172722,0.156236708164,1.50574111938,0.175435468554,0.112468160689,0.602909743786,-0.770112454891
0.592892289162,0.157095253468,1.505625844,0.174677208066,0.113322146237,0.60238134861,-0.770572960377
0.592904388905,0.157860964537,1.50560569763,0.177577272058,0.112259656191,0.600787162781,-0.7713098526
0.592167854309,0.158444568515,1.50533044338,0.18351303041,0.109886467457,0.599184513092,-0.771508872509
0.593262135983,0.159673020244,1.50522148609,0.18121547997,0.110023297369,0.599514842033,-0.771775841713
0.593448996544,0.160442590714,1.504773736,0.185091018677,0.108156196773,0.596448481083,-0.773493885994
0.593531668186,0.16099126637,1.50473725796,0.187575936317,0.107252269983,0.595568299294,-0.773699343204
0.59373408556,0.161796450615,1.50460231304,0.189369037747,0.105775795877,0.593773782253,-0.774844348431
0.593823194504,0.162700146437,1.5042321682,0.190512105823,0.103771485388,0.594106853008,-0.774579584599
0.594245910645,0.163619235158,1.50404441357,0.193254500628,0.102557867765,0.591507911682,-0.776049673557
0.594261288643,0.164155453444,1.50409603119,0.194119229913,0.101219922304,0.590975999832,-0.776414692402
0.594467043877,0.165004134178,1.50388455391,0.195700734854,0.0996560901403,0.590827703476,-0.77633279562
0.594565808773,0.165633231401,1.50368022919,0.198118701577,0.0978533551097,0.588578939438,-0.777655780315
0.594644486904,0.165919780731,1.50384223461,0.201680153608,0.0972745716572,0.586901426315,-0.778080821037
0.59462916851,0.167112350464,1.50365447998,0.201828628778,0.0948261171579,0.587022006512,-0.778253555298
0.594756245613,0.168074682355,1.5033441782,0.202978521585,0.0935694500804,0.587277114391,-0.777913808823
0.594846308231,0.168287724257,1.50358366966,0.206699624658,0.092920653522,0.585474729538,-0.778370320797
0.594862580299,0.168940901756,1.50353634357,0.208163261414,0.0918536707759,0.585154950619,-0.778347373009
0.594684720039,0.169660806656,1.50347232819,0.207673206925,0.0901819914579,0.585366010666,-0.778515160084
0.59461170435,0.170162707567,1.50353205204,0.20889224112,0.0897536724806,0.585848510265,-0.777875244617
0.59465944767,0.170282810926,1.50381934643,0.211653128266,0.089538924396,0.584509372711,-0.778160989285
0.594399094582,0.170888826251,1.50370299816,0.212595462799,0.0881249010563,0.584779083729,-0.777862966061
0.594213485718,0.171355336905,1.50372600555,0.213547721505,0.0875171124935,0.585144162178,-0.777395904064
0.593882501125,0.171933323145,1.50353813171,0.213334009051,0.086374796927,0.586055874825,-0.776895463467
0.593775987625,0.172403156757,1.50352144241,0.215054765344,0.0857720822096,0.585156738758,-0.777165472507
0.593287169933,0.173005640507,1.50341105461,0.213205501437,0.0842841267586,0.586575031281,-0.776768624783
0.59320628643,0.173449546099,1.50360393524,0.213365390897,0.0837615802884,0.585826873779,-0.777345597744
0.592844486237,0.173798128963,1.50357568264,0.213787123561,0.0828505605459,0.585835039616,-0.777321219444
0.592462897301,0.17399135232,1.50343334675,0.213908523321,0.0819296464324,0.585624217987,-0.77754420042
0.591957449913,0.173772767186,1.50371193886,0.216416627169,0.082003235817,0.583894014359,-0.778143465519
0.591444134712,0.174136519432,1.50367844105,0.216513469815,0.0810721814632,0.583453595638,-0.778544306755
0.590882718563,0.174292236567,1.50377225876,0.217023015022,0.0805441215634,0.583415031433,-0.778486073017
0.590384185314,0.174418568611,1.50383555889,0.217098921537,0.0803761929274,0.582595467567,-0.779095768929
0.589796304703,0.175060138106,1.50352442265,0.214544504881,0.0793131366372,0.583696901798,-0.779088020325
0.589330255985,0.174899473786,1.50397133827,0.216487914324,0.0798149928451,0.582087993622,-0.779702603817
0.588633418083,0.174784719944,1.50392866135,0.216749623418,0.0794451311231,0.581129610538,-0.780382335186
0.588072657585,0.174807488918,1.50400078297,0.216492965817,0.0792267024517,0.580412149429,-0.781009435654
0.587507724762,0.175008624792,1.50421452522,0.21578322351,0.0793794170022,0.580201983452,-0.781346321106
0.586883306503,0.174862205982,1.50413537025,0.215393379331,0.0793080553412,0.579580783844,-0.78192204237
0.586069583893,0.174830943346,1.50420320034,0.215299040079,0.0787164643407,0.57955634594,-0.78202599287
0.585419178009,0.175054877996,1.50415897369,0.213326394558,0.0787617564201,0.580354213715,-0.781970262527
0.584781825542,0.174760103226,1.50436544418,0.213786557317,0.0786129161716,0.579689979553,-0.782352209091
0.584100782871,0.17508918047,1.50413477421,0.210975900292,0.0778890252113,0.580125749111,-0.782864332199
0.583412349224,0.174988538027,1.50426590443,0.210171416402,0.0777401849627,0.580408036709,-0.782886326313
0.582791626453,0.174823254347,1.50440084934,0.209336921573,0.0779767259955,0.58014023304,-0.783284783363
0.582109332085,0.174698412418,1.50434207916,0.208058819175,0.0775342285633,0.580843150616,-0.783148229122
0.58149933815,0.174541503191,1.50443959236,0.207024335861,0.0775674432516,0.580695748329,-0.783528387547
0.580745577812,0.173862695694,1.50468158722,0.208283126354,0.0778790041804,0.580770492554,-0.783108472824
0.580295026302,0.173876732588,1.50454628468,0.207106560469,0.077821649611,0.580538868904,-0.783597648144
0.579565882683,0.174113243818,1.50431537628,0.204258486629,0.0765779614449,0.581705152988,-0.783602893353
0.578716576099,0.17352668941,1.50455975533,0.203785866499,0.0759406834841,0.581928253174,-0.783622324467
0.57820725441,0.173537090421,1.50438630581,0.202092573047,0.0758737251163,0.582998156548,-0.783271968365
0.577604472637,0.173227459192,1.5044311285,0.201415702701,0.0750844031572,0.582682549953,-0.783756971359
0.576971173286,0.172830447555,1.50449573994,0.200063034892,0.0750239789486,0.583624243736,-0.783408463001
0.576178193092,0.171918898821,1.50495612621,0.200612977147,0.0746963173151,0.583523929119,-0.783374011517
0.575724422932,0.171253696084,1.50525414944,0.200144380331,0.0748253688216,0.584098577499,-0.783053100109
0.575374603271,0.171576470137,1.50489580631,0.196277141571,0.0734739750624,0.58586204052,-0.782842516899
0.574700891972,0.170797049999,1.50494551659,0.195382535458,0.0726967677474,0.586165428162,-0.782911837101
0.574206113815,0.170225560665,1.50524497032,0.193488478661,0.0728717893362,0.588175415993,-0.781857848167
0.573872029781,0.169597491622,1.50547969341,0.192046806216,0.0720746293664,0.588611066341,-0.781959295273
0.573451220989,0.168942689896,1.50583434105,0.190357759595,0.0712989345193,0.590216934681,-0.781232535839
0.573017239571,0.168163076043,1.50609779358,0.188429012895,0.0707092583179,0.592338740826,-0.780147135258
0.572541534901,0.16723304987,1.50637924671,0.187165468931,0.0693187192082,0.593240380287,-0.779891073704
0.57221776247,0.166072115302,1.50700438023,0.185046181083,0.0686713308096,0.594506978989,-0.779489457607
0.572076380253,0.165430724621,1.50725460052,0.182188019156,0.0679703503847,0.596724927425,-0.778528749943
0.57152223587,0.163912445307,1.5080332756,0.18236105144,0.0660045072436,0.598186373711,-0.777535140514
0.571446120739,0.163234367967,1.50851917267,0.177937909961,0.0646978020668,0.600919783115,-0.776561617851
0.570840239525,0.160585060716,1.50942254066,0.173020139337,0.0603316836059,0.606818139553,-0.773431241512
0.570840239525,0.160585060716,1.50942254066,0.173020139337,0.0603316836059,0.606818139553,-0.773431241512
0.570944368839,0.159291878343,1.51001930237,0.169493988156,0.0586174055934,0.609121024609,-0.77253305912
0.570795595646,0.157852619886,1.5106678009,0.166326716542,0.0556223876774,0.611825466156,-0.771304905415
0.570624172688,0.15628027916,1.51124000549,0.16321156919,0.0521863438189,0.615140318871,-0.769572019577
0.570684611797,0.154521554708,1.51189565659,0.159638166428,0.0493244417012,0.617601811886,-0.768538117409
0.570715248585,0.152711674571,1.51252532005,0.155322343111,0.0459043905139,0.620440244675,-0.767347097397
0.57084941864,0.150902122259,1.5133035183,0.150623038411,0.0417691543698,0.623315513134,-0.766189157963
0.570985078812,0.148735433817,1.51417005062,0.146188363433,0.0378889217973,0.625564157963,-0.765416741371
0.569859087467,0.145896017551,1.51521527767,0.146117478609,0.0315382182598,0.627338409424,-0.764265358448
0.571401774883,0.144572123885,1.51560485363,0.133299320936,0.0282501652837,0.631276905537,-0.763493716717
0.571596622467,0.143010482192,1.51598775387,0.121664755046,0.0230540186167,0.638533353806,-0.7595667243
0.571317791939,0.14037771523,1.51702940464,0.117782302201,0.0170075502247,0.639123380184,-0.759841740131
0.571515858173,0.137755855918,1.51793408394,0.111403591931,0.0113030541688,0.64084738493,-0.759457886219
0.57265162468,0.134924769402,1.51903486252,0.104032039642,0.00696957996115,0.640469968319,-0.760872483253
0.572214186192,0.132560372353,1.51970863342,0.0972743481398,0.000226811083849,0.643968105316,-0.758843004704
0.573170363903,0.129851490259,1.52056205273,0.0881384834647,-0.004514192231,0.645004808903,-0.759065270424
0.57371288538,0.126898914576,1.5215035677,0.0805323347449,-0.00899280048907,0.645100057125,-0.759789228439
0.573686480522,0.123249024153,1.5226970911,0.0769646987319,-0.0136732989922,0.645601511002,-0.75966334343
0.574110150337,0.120630547404,1.52340745926,0.0702970847487,-0.0188016630709,0.644747018814,-0.760924458504
0.574422717094,0.117443084717,1.52439796925,0.0643089860678,-0.0225097257644,0.644350290298,-0.761689245701
0.573901355267,0.11431825906,1.52513360977,0.0609854348004,-0.0278055835515,0.644997537136,-0.761239647865
0.573837697506,0.110390886664,1.52616715431,0.0589668415487,-0.0309095475823,0.645045161247,-0.761238634586
0.574931561947,0.10735848546,1.5269163847,0.0535153597593,-0.033420946449,0.642097115517,-0.764022648335
0.575139343739,0.103884026408,1.52777695656,0.0498626641929,-0.0356992743909,0.640681147575,-0.765354275703
0.575150609016,0.0998957455158,1.52846097946,0.0493640117347,-0.0376004576683,0.640676081181,-0.765299677849
0.575066685677,0.0962944477797,1.52914595604,0.0467799827456,-0.0404056422412,0.640864312649,-0.765161395073
0.574907958508,0.0929100513458,1.52977859974,0.0449298247695,-0.0429310463369,0.641255378723,-0.764807105064
0.574946701527,0.089157551527,1.53047180176,0.0446986742318,-0.0447247996926,0.640454828739,-0.76538836956
0.574777066708,0.0855478644371,1.53085458279,0.0440282151103,-0.0467129796743,0.641407728195,-0.764509916306
0.574493587017,0.0815403982997,1.53137505054,0.0456291213632,-0.0482016243041,0.640002369881,-0.765500962734
0.574630022049,0.0781944990158,1.53165531158,0.043186750263,-0.0499474145472,0.641273498535,-0.764466226101
0.574658036232,0.0747431963682,1.53183531761,0.0403041131794,-0.0506184957922,0.644436597824,-0.761915266514
0.574826180935,0.0723353624344,1.53172981739,0.0323289707303,-0.0526643171906,0.650170505047,-0.757271170616
0.575262367725,0.0689707845449,1.53203547001,0.0283360090107,-0.0527336299419,0.651302397251,-0.756453096867
0.575772225857,0.0654940754175,1.53213119507,0.0239252205938,-0.0534694455564,0.651534557343,-0.756354093552
0.576142072678,0.0620183572173,1.53208434582,0.020381776616,-0.0544015280902,0.651423096657,-0.756487190723
0.576866924763,0.058592364192,1.53207373619,0.0154423955828,-0.054791547358,0.651400923729,-0.75659519434
0.577455580235,0.0553304217756,1.53212702274,0.0108980946243,-0.0554727725685,0.652104616165,-0.756018280983
0.578445136547,0.0502304658294,1.53256618977,0.0133823221549,-0.0534160137177,0.647594213486,-0.759993076324
0.578822016716,0.0468760952353,1.5326012373,0.00931830517948,-0.0552395693958,0.646854996681,-0.760552704334
0.578651726246,0.0448402240872,1.53253793716,0.00415693735704,-0.0578814335167,0.648550629616,-0.758956193924
0.580113887787,0.041425563395,1.53279006481,-0.00256708357483,-0.0578728765249,0.647546052933,-0.759821295738
0.58059823513,0.038138307631,1.53281521797,-0.00409880513325,-0.0591056682169,0.647114574909,-0.760087192059
0.580374658108,0.0333996750414,1.53315496445,-0.000652302289382,-0.0603961721063,0.636938750744,-0.768544733524
0.581844568253,0.03013429977,1.53326535225,-0.00397286657244,-0.0603150241077,0.639400482178,-0.76649415493
0.580904603004,0.0283304527402,1.53311371803,-0.0065402421169,-0.0661421194673,0.639204204082,-0.766159594059
0.582242786884,0.0249168463051,1.53317379951,-0.00869140587747,-0.0662375539541,0.639933526516,-0.765520811081
0.581942737103,0.0220569558442,1.53349733353,-0.00792397093028,-0.0689430981874,0.636987924576,-0.767743647099
0.582822203636,0.0186076741666,1.53348255157,-0.00843333639205,-0.0689905211329,0.637350022793,-0.767433524132
0.582472980022,0.0157149620354,1.53339409828,-0.00701878638938,-0.073529548943,0.637595951557,-0.766821742058
0.581659078598,0.0129224956036,1.53346657753,-0.00495292479172,-0.0775451287627,0.634508013725,-0.769000589848
0.58213186264,0.0100804474205,1.5334880352,-0.0052173724398,-0.0785650983453,0.634728312492,-0.768713474274
0.582071721554,0.00729995360598,1.53335094452,-0.00439205206931,-0.0806364640594,0.634855985641,-0.768398582935
0.581774115562,0.00456673558801,1.53345346451,-0.00200437032618,-0.0840689316392,0.635562896729,-0.767455756664
0.581977844238,0.00160631444305,1.53343605995,-0.00261560245417,-0.0833265483379,0.635128080845,-0.767894566059
0.581872463226,-0.00116736721247,1.53339159489,-0.00194306322373,-0.084606193006,0.635198712349,-0.767698347569
0.582638800144,-0.0043176189065,1.53356003761,-0.00338361714967,-0.0819161459804,0.636748433113,-0.76670062542
0.581992268562,-0.00668215751648,1.53348600864,-0.00272915977985,-0.0845741331577,0.63678920269,-0.766380727291
0.580374836922,-0.0104353819042,1.5333558321,0.00407335907221,-0.0860786288977,0.637059688568,-0.765982270241
0.580415844917,-0.0131794111803,1.5335483551,0.00325967697427,-0.0858469009399,0.638216495514,-0.765048742294
0.580116510391,-0.0158758927137,1.53329062462,0.00290585123003,-0.0865081772208,0.639738678932,-0.763703107834
0.580885231495,-0.0190659277141,1.53331661224,0.000808635668363,-0.0837476998568,0.642030000687,-0.762091338634
0.580085396767,-0.0214601363987,1.53363311291,0.00101173622534,-0.0863707512617,0.642482638359,-0.76141667366
0.58061337471,-0.0246251896024,1.53345930576,-0.000824681774247,-0.0841882154346,0.64487606287,-0.759635865688
0.580556631088,-0.0272947717458,1.53360342979,-0.00207013869658,-0.0846181213856,0.646821498871,-0.757929682732
0.580470919609,-0.030061300844,1.53374552727,-0.00338533869945,-0.0846105068922,0.648406982422,-0.756569802761
0.580285072327,-0.0329514443874,1.53331804276,-0.00376646826044,-0.0854873806238,0.649656534195,-0.755396664143
0.580269396305,-0.0357323475182,1.53339135647,-0.00538367778063,-0.0857374370098,0.650663614273,-0.754491150379
0.579186677933,-0.038192473352,1.53334999084,-0.00443434109911,-0.0894799157977,0.651179015636,-0.75361764431
0.579897344112,-0.0412060394883,1.53377854824,-0.00728091737255,-0.0871145278215,0.653914451599,-0.751501083374
0.579779624939,-0.044090744108,1.53346252441,-0.00852530822158,-0.0874380469322,0.655050873756,-0.750459969044
0.578366279602,-0.0466001220047,1.53387224674,-0.00665305554867,-0.0918483510613,0.654952287674,-0.750038087368
0.578708529472,-0.0497164204717,1.53385031223,-0.00687813339755,-0.0921852812171,0.654290795326,-0.750571846962
0.578622281551,-0.0530295483768,1.53381705284,-0.0057299239561,-0.091122597456,0.651839733124,-0.752840399742
0.579204618931,-0.0557673051953,1.53373575211,-0.010307084769,-0.0893424898386,0.656893014908,-0.748600780964
0.579123616219,-0.0589748062193,1.53368127346,-0.00925652496517,-0.0894238725305,0.654754400253,-0.750476062298
0.578028142452,-0.0609906092286,1.53363966942,-0.0104733174667,-0.093692086637,0.657309174538,-0.747700989246
0.578463554382,-0.0640706941485,1.53364491463,-0.0115197747946,-0.0929840058088,0.659885168076,-0.745501756668
0.577455222607,-0.0670368000865,1.53367209435,-0.00773429172114,-0.0960937961936,0.65656799078,-0.748080551624
0.577179551125,-0.0699505135417,1.53357291222,-0.00786818843335,-0.0966288894415,0.657354772091,-0.747318983078
0.5769572258,-0.0720045790076,1.53311014175,-0.0120529616252,-0.0983008816838,0.662841439247,-0.742181241512
0.576795637608,-0.0754901617765,1.53316020966,-0.0103107690811,-0.098161585629,0.661150872707,-0.743732333183
0.57650578022,-0.0785112679005,1.53301513195,-0.0102749019861,-0.0984651222825,0.661755621433,-0.743154466152
0.576405405998,-0.0818167179823,1.53311109543,-0.00867480225861,-0.0981068834662,0.659675180912,-0.74506944418
0.576406061649,-0.0850132778287,1.53313410282,-0.0100105796009,-0.0965694412589,0.659319162369,-0.745568454266
0.576099693775,-0.0875995755196,1.53319275379,-0.0112191233784,-0.0985472425818,0.664130866528,-0.741008043289
0.575959861279,-0.0911235138774,1.53311526775,-0.00965449493378,-0.0976449251175,0.66258251667,-0.742533922195
0.575769007206,-0.0937150344253,1.53319990635,-0.0122092785314,-0.0982460379601,0.666530549526,-0.738874614239
0.575826108456,-0.0971186086535,1.53321886063,-0.0137525629252,-0.0959944278002,0.666669130325,-0.739018499851
0.575539648533,-0.100456953049,1.53342700005,-0.01150003355,-0.096965841949,0.667775273323,-0.73793053627
0.575383543968,-0.103478431702,1.53341555595,-0.0127821592614,-0.0967695862055,0.670656979084,-0.735317289829
0.575471699238,-0.107007145882,1.53357839584,-0.0140673452988,-0.0946057215333,0.67109054327,-0.735179781914
0.575167655945,-0.110100209713,1.53359079361,-0.0134827587754,-0.0960199683905,0.673680245876,-0.732634544373
0.575199723244,-0.113251447678,1.53368127346,-0.014837147668,-0.0957792401314,0.675468921661,-0.730991005898
0.575282514095,-0.117092043161,1.53365933895,-0.015275339596,-0.0932922139764,0.674684166908,-0.732027649879
0.574919164181,-0.120396092534,1.53357541561,-0.0135504491627,-0.0947836115956,0.675954282284,-0.730697095394
0.575134754181,-0.124043956399,1.53366708755,-0.0153373135254,-0.0923143029213,0.676389217377,-0.730575561523
0.575189888477,-0.127526834607,1.53362882137,-0.016771486029,-0.091520242393,0.677472651005,-0.729639351368
0.574958920479,-0.130475610495,1.53340280056,-0.016493903473,-0.0942245349288,0.681981384754,-0.725087046623
0.574844717979,-0.133759751916,1.53326714039,-0.0183828473091,-0.0951368883252,0.684057950974,-0.722963035107
0.575099289417,-0.137270078063,1.5330978632,-0.017491472885,-0.0936825573444,0.685428082943,-0.721876621246
0.575179874897,-0.140559017658,1.53306424618,-0.0179169531912,-0.0934894979,0.687145233154,-0.720257103443
0.576732635498,-0.143251717091,1.53299808502,-0.0258829090744,-0.0923547148705,0.687045633793,-0.720256149769
0.576915919781,-0.146638378501,1.53288531303,-0.026000764221,-0.0918429791927,0.68892967701,-0.718515634537
0.577052652836,-0.150106042624,1.53265285492,-0.0256462842226,-0.0916076228023,0.690257668495,-0.717282891273
0.577418804169,-0.153464257717,1.53244328499,-0.0241136290133,-0.0899642780423,0.693419754505,-0.714488565922
0.5778170228,-0.156829893589,1.53232443333,-0.024118186906,-0.0891158953309,0.695223033428,-0.712840557098
0.577967703342,-0.160301938653,1.53218591213,-0.0217619035393,-0.0887440666556,0.696047782898,-0.712157547474
0.578325271606,-0.163544073701,1.53195273876,-0.0240840502083,-0.089053593576,0.697075426579,-0.711038172245
0.578674614429,-0.166849911213,1.53169906139,-0.0233453307301,-0.0886213779449,0.698864221573,-0.709358870983
0.579092979431,-0.170215576887,1.53111362457,-0.0200066752732,-0.0869816318154,0.701234519482,-0.707321763039
0.579503893852,-0.173341646791,1.5310665369,-0.0197060201317,-0.0865085497499,0.704343855381,-0.704292297363
0.580065488815,-0.176576495171,1.53104102612,-0.0184545312077,-0.0853585451841,0.706591010094,-0.702212572098
0.580438554287,-0.179809436202,1.53067708015,-0.0183595009148,-0.0857242420316,0.707480251789,-0.701274454594
0.580816924572,-0.183006361127,1.53043401241,-0.0152953863144,-0.0852499976754,0.709679484367,-0.699180543423
0.581332921982,-0.186230793595,1.53016233444,-0.0143639473245,-0.0840042605996,0.711501181126,-0.697497785091
0.581962704659,-0.18936856091,1.53004455566,-0.0128881605342,-0.0830155611038,0.714364051819,-0.694713115692
0.582494020462,-0.192466825247,1.52965986729,-0.0113486079499,-0.0823188796639,0.717025995255,-0.692075610161
0.583003640175,-0.195577278733,1.52957344055,-0.00965140759945,-0.0816464498639,0.719626128674,-0.689477324486
0.583730638027,-0.19870659709,1.52943229675,-0.00672220857814,-0.0793345868587,0.723672270775,-0.685535728931
0.584192872047,-0.201782345772,1.52945518494,-0.00589756574482,-0.0800237879157,0.725470304489,-0.683560013771
0.584791719913,-0.204712465405,1.52916693687,-0.00592001061887,-0.0795545205474,0.728884458542,-0.679973065853
0.585344552994,-0.207766279578,1.52896952629,-0.00441139470786,-0.0793453380466,0.731450796127,-0.677247822285
0.585928976536,-0.210726425052,1.52872669697,-0.00334298773669,-0.0789965689182,0.73376840353,-0.674783110619
0.586403012276,-0.213719025254,1.52864408493,-0.00154798990116,-0.0786958113313,0.736143052578,-0.672233700752
0.587065696716,-0.216672644019,1.52860677242,-0.00140117586125,-0.0783368721604,0.738093137741,-0.670134186745
0.587572991848,-0.219572201371,1.52813637257,-0.000361616228474,-0.0787099450827,0.740275502205,-0.667680084705
0.587011218071,-0.223377153277,1.5277146101,0.00551769463345,-0.0790416896343,0.741861879826,-0.665855050087
0.587919652462,-0.226617798209,1.527602911,0.00542397564277,-0.074941419065,0.742713153362,-0.665380775928
0.58841997385,-0.229461759329,1.52737104893,0.00588197121397,-0.0751532688737,0.744226634502,-0.663659632206
0.590134680271,-0.23149086535,1.52702665329,0.00060231477255,-0.0747711285949,0.745664477348,-0.662112832069
0.589506685734,-0.235211163759,1.52679276466,0.00689852703363,-0.0754740908742,0.745880007744,-0.66175454855
0.59011143446,-0.23788523674,1.52644276619,0.00602247938514,-0.0758774504066,0.747787833214,-0.659560143948
0.590747535229,-0.240748882294,1.52628481388,0.0051037222147,-0.0749068036675,0.748115718365,-0.659307062626
0.591156721115,-0.243044152856,1.52612841129,0.00694785825908,-0.0776105374098,0.751199662685,-0.65545976162
0.592008292675,-0.245858475566,1.52572655678,0.00347277964465,-0.0753990039229,0.749918043613,-0.657210588455
0.592479586601,-0.248707458377,1.52547633648,0.00438054744154,-0.0753530785441,0.750051259995,-0.657058238983
0.593102395535,-0.25125837326,1.52526938915,0.00399640016258,-0.0754960775375,0.750562489033,-0.656460523605
0.593652904034,-0.253751516342,1.52509438992,0.00436281459406,-0.0764665901661,0.751952767372,-0.654752612114
0.594515502453,-0.256151348352,1.52491688728,0.00191578629892,-0.0753017365932,0.751945078373,-0.654908180237
0.5956813097,-0.261338979006,1.52451181412,0.00240707118064,-0.0750255733728,0.752090215683,-0.654771566391
0.5956813097,-0.261338979006,1.52451181412,0.00240707118064,-0.0750255733728,0.752090215683,-0.654771566391
0.596295177937,-0.263463020325,1.52406334877,0.00122897571418,-0.0757433921099,0.752729654312,-0.653956890106
0.596793174744,-0.265327751637,1.52377784252,0.00289873383008,-0.0785477608442,0.755308032036,-0.650639355183
0.597577035427,-0.267829358578,1.52369642258,0.000979513162747,-0.0767975971103,0.753829658031,-0.652565836906
0.598112404346,-0.270549118519,1.52330625057,0.0013981993543,-0.0760037526488,0.752511918545,-0.654176652431
0.599759101868,-0.271763861179,1.52318823338,-0.00403986452147,-0.0758459940553,0.753034114838,-0.65358299017
0.599418401718,-0.274479150772,1.52289843559,0.000288627663394,-0.0773157849908,0.753685951233,-0.652671158314
0.599829077721,-0.276317387819,1.52294063568,0.00231193238869,-0.0787938982248,0.755385160446,-0.650522470474
0.60058182478,-0.278589427471,1.52247929573,-0.000245062634349,-0.0776766240597,0.753030776978,-0.653384268284
0.600919485092,-0.280245870352,1.52221703529,-0.000147110738908,-0.0816957727075,0.753081679344,-0.652835190296
0.601425230503,-0.282073497772,1.52203321457,0.00173113669734,-0.0810553953052,0.754079282284,-0.651760339737
0.602038025856,-0.284077852964,1.52203738689,-0.000467579317046,-0.0817453935742,0.752285420895,-0.653746187687
0.602476477623,-0.285848140717,1.52179157734,0.00153396022506,-0.0812468081713,0.752920389175,-0.653075516224
0.603099644184,-0.287612140179,1.52181410789,-0.000793835613877,-0.0821074545383,0.75108063221,-0.655084431171
0.603427052498,-0.28939434886,1.52167856693,0.00234979810193,-0.0816381275654,0.75089597702,-0.655350923538
0.603819191456,-0.291072279215,1.52159285545,0.00265045813285,-0.0816898196936,0.749873220921,-0.656513333321
0.604296267033,-0.292851477861,1.52143490314,0.00078324333299,-0.0827883929014,0.747511446476,-0.659069120884
0.604683876038,-0.294529646635,1.52148413658,0.00092712364858,-0.0824821665883,0.746813058853,-0.659898638725
0.605161309242,-0.296089619398,1.52112746239,0.000352240051143,-0.0820995345712,0.747733652592,-0.658903598785
0.605521142483,-0.298087388277,1.52109146118,0.00182713102549,-0.0793813839555,0.745149374008,-0.662153840065
0.605871796608,-0.299262791872,1.521073699,0.00138084159698,-0.0804648026824,0.746273934841,-0.660756230354
0.606131076813,-0.300522238016,1.52108120918,0.0048694149591,-0.0804091691971,0.744307518005,-0.662960767746
0.606376051903,-0.301891744137,1.5210968256,0.00504889292642,-0.0798428803682,0.744453012943,-0.66286444664
0.607639372349,-0.302523881197,1.52123844624,0.00142469629645,-0.0789020583034,0.74365323782,-0.663891673088
0.607828438282,-0.303743004799,1.52114152908,-0.000364920619177,-0.0802076458931,0.741152048111,-0.666528522968
0.60719782114,-0.305749237537,1.52109122276,0.00686575658619,-0.0784594267607,0.740787684917,-0.667106091976
0.608264446259,-0.306082487106,1.52127683163,0.00324741285294,-0.0778090432286,0.739941120148,-0.668148517609
0.608469545841,-0.307133466005,1.5211327076,0.00156235345639,-0.0783962309361,0.737411975861,-0.670876443386
0.608925759792,-0.30861774087,1.52129507065,0.00214960519224,-0.0739277377725,0.736254274845,-0.672651350498
0.60909485817,-0.309579730034,1.52140283585,0.00270413095132,-0.0730133280158,0.73509824276,-0.674012005329
0.6091979146,-0.310466617346,1.52152788639,0.00307990820147,-0.0741206333041,0.734747111797,-0.674272418022
0.609367907047,-0.31171771884,1.52156686783,0.00456495024264,-0.0702742785215,0.733331978321,-0.676213681698
0.60927426815,-0.312160849571,1.52159428596,0.00545977754518,-0.0722195506096,0.733135938644,-0.676214635372
0.609313726425,-0.312796682119,1.5214215517,0.0079833175987,-0.070408500731,0.733712315559,-0.67575520277
0.609444618225,-0.313831746578,1.52150654793,0.00704152183607,-0.0694221109152,0.731216728687,-0.678566932678
0.60940527916,-0.314485341311,1.52126944065,0.00941684376448,-0.067294485867,0.731753766537,-0.678173363209
0.609487056732,-0.315230101347,1.52128887177,0.010104960762,-0.0651155784726,0.731062352657,-0.67912119627
0.609432637691,-0.315911024809,1.52131319046,0.0112632578239,-0.0635975673795,0.730141699314,-0.680236399174
0.609364151955,-0.316469460726,1.52118623257,0.0126855820417,-0.0621577687562,0.72932934761,-0.681215286255
0.609264373779,-0.317010134459,1.52134251595,0.0129830287769,-0.0602916963398,0.728656232357,-0.68209695816
0.607854366302,-0.318432092667,1.52065443993,0.0200002528727,-0.0597388893366,0.727167308331,-0.68356347084
0.607707440853,-0.318908303976,1.52061748505,0.021025320515,-0.0578195229173,0.726234912872,-0.684688150883
0.607546627522,-0.319443196058,1.52112054825,0.0222334079444,-0.0551141537726,0.725565671921,-0.685581982136
0.607322871685,-0.319712817669,1.52105975151,0.0226376075298,-0.0534809529781,0.724379718304,-0.686950683594
0.607070803642,-0.320034712553,1.52103829384,0.0237636622041,-0.0512331090868,0.723456561565,-0.688055932522
0.606861948967,-0.320252150297,1.52109670639,0.0244366936386,-0.0490272901952,0.723066926003,-0.688602566719
0.606586873531,-0.320205241442,1.52064585686,0.024566937238,-0.0476154908538,0.72192543745,-0.689893364906
0.606325030327,-0.320426166058,1.52102446556,0.0250637922436,-0.0446173548698,0.722172021866,-0.689817905426
0.606135904789,-0.320518940687,1.52128565311,0.0254835300148,-0.0417139604688,0.720975458622,-0.6912342906
0.60572296381,-0.32062676549,1.52123785019,0.0271959695965,-0.0397998914123,0.719361722469,-0.692961096764
0.605332791805,-0.32041734457,1.52085280418,0.0269650090486,-0.0383329614997,0.718774199486,-0.693662106991
0.60499548912,-0.320411264896,1.52123689651,0.028347633779,-0.0353335514665,0.717725336552,-0.694851279259
0.604575335979,-0.3202688694,1.52181971073,0.0290417037904,-0.0325709842145,0.717280507088,-0.695416688919
0.604277849197,-0.319956749678,1.52136051655,0.0289792008698,-0.0298707932234,0.718359649181,-0.694425940514
0.603751003742,-0.319236308336,1.52185678482,0.0278831478208,-0.0279188770801,0.720296263695,-0.692543447018
0.603444814682,-0.319841295481,1.52207279205,0.0323162004352,-0.0245138667524,0.713258326054,-0.699726581573
0.602876484394,-0.31949916482,1.52218532562,0.0345583595335,-0.0225834771991,0.713355898857,-0.699584960938
0.602623105049,-0.319077938795,1.52245569229,0.0350948683918,-0.0196458138525,0.712730884552,-0.700283646584
0.60204744339,-0.318820297718,1.52248561382,0.0354667678475,-0.0173506848514,0.711205422878,-0.701874554157
0.601543068886,-0.318274825811,1.52223694324,0.0364222079515,-0.015873035416,0.710404932499,-0.702670753002
0.601077079773,-0.317916840315,1.52300941944,0.0380484201014,-0.0126652549952,0.709645211697,-0.703417122364
0.600562930107,-0.317435353994,1.52312350273,0.0393265448511,-0.0103779416531,0.7087033391,-0.704333245754
0.600001990795,-0.316731512547,1.52326273918,0.0407820381224,-0.0088439816609,0.708372175694,-0.704604446888
0.59949451685,-0.316040068865,1.52334952354,0.0411166325212,-0.00669991457835,0.708495974541,-0.704484224319
0.598932564259,-0.314990907907,1.52374470234,0.0427310168743,-0.00560463313013,0.70880317688,-0.704088509083
0.598485827446,-0.314382493496,1.52366447449,0.0435002557933,-0.00307632284239,0.70751529932,-0.705351233482
0.597963452339,-0.31365442276,1.52378499508,0.0453216470778,-0.00100999663118,0.706603229046,-0.706156253815
0.597278177738,-0.312847137451,1.52395915985,0.0475401170552,0.000680286902934,0.705797255039,-0.706816613674
0.596768260002,-0.311989396811,1.52410197258,0.0494346059859,0.0026304544881,0.70492118597,-0.707556068897
0.59624004364,-0.311180531979,1.52415835857,0.0519679635763,0.00442835642025,0.704239368439,-0.708044290543
0.595725178719,-0.310183852911,1.52426147461,0.0542105920613,0.00640402920544,0.703142225742,-0.708950817585
0.595200061798,-0.309170871973,1.52466130257,0.057022433728,0.00881130993366,0.702199757099,-0.709638178349
0.594643950462,-0.308226078749,1.52447319031,0.0599722638726,0.0105055375025,0.700824201107,-0.710730910301
0.594095349312,-0.30708989501,1.52460193634,0.0630923211575,0.0125376665965,0.699543178082,-0.711689293385
0.59363424778,-0.306007683277,1.52471804619,0.066215492785,0.0145330056548,0.698617994785,-0.712276101112
0.593078732491,-0.305032432079,1.52503478527,0.0709282681346,0.0169166140258,0.696217179298,-0.714118123055
0.592663705349,-0.303743571043,1.52471005917,0.0730263292789,0.0187073089182,0.695933222771,-0.714138746262
0.592131257057,-0.302382916212,1.52497017384,0.0763799101114,0.0211083516479,0.694574832916,-0.715042948723
0.591841161251,-0.301315754652,1.52522981167,0.0798951163888,0.0250605847687,0.69271594286,-0.716333270073
0.59235471487,-0.299486547709,1.52533257008,0.0794529467821,0.0285758245736,0.690806627274,-0.718092560768
0.59119951725,-0.299289792776,1.52581357956,0.0867468640208,0.0327559858561,0.687749862671,-0.720001518726
0.591845870018,-0.297079235315,1.52552175522,0.0853907987475,0.0355430841446,0.686382114887,-0.721335291862
0.591380178928,-0.295902729034,1.52588105202,0.0914727970958,0.0368787944317,0.685789704323,-0.721086204052
0.589966773987,-0.295176297426,1.52559816837,0.0992207080126,0.0378617793322,0.685245215893,-0.720528185368
0.59086316824,-0.293116927147,1.52578377724,0.0966684818268,0.0432671718299,0.682167768478,-0.723484814167
0.589609622955,-0.292378216982,1.52643537521,0.105449415743,0.044788453728,0.683368802071,-0.721028089523
0.588991820812,-0.290900707245,1.52621674538,0.109049014747,0.0463718138635,0.682732224464,-0.720995664597
0.589115142822,-0.289937824011,1.52663242817,0.111130401492,0.0517241321504,0.67982250452,-0.723060131073
0.588757574558,-0.28875875473,1.52695310116,0.116041898727,0.0540903024375,0.677535772324,-0.724260866642
0.588553845882,-0.286795705557,1.5266828537,0.117267638445,0.0551477558911,0.680581629276,-0.721121191978
0.588352739811,-0.28541752696,1.52655684948,0.119803264737,0.0572646036744,0.679825186729,-0.721252918243
0.588215589523,-0.284391313791,1.52660799026,0.121819473803,0.0609221346676,0.677311301231,-0.722978532314
0.587799727917,-0.282991707325,1.52701413631,0.127240240574,0.0614887326956,0.677034080029,-0.722256183624
0.588001489639,-0.281834065914,1.52723681927,0.126397147775,0.0663390383124,0.676059305668,-0.72288775444
0.587699234486,-0.280048370361,1.52732634544,0.129570022225,0.0663928687572,0.677968680859,-0.720528960228
0.587713420391,-0.279166132212,1.52682042122,0.131969615817,0.0683263391256,0.673569977283,-0.724029660225
0.587589979172,-0.277981817722,1.5270512104,0.133975431323,0.0700708851218,0.673079371452,-0.723950862885
0.587585747242,-0.276539504528,1.52724683285,0.133818790317,0.0721829161048,0.674180448055,-0.72274684906
0.587262272835,-0.275110840797,1.52734875679,0.136565864086,0.0721367970109,0.675758838654,-0.720760703087
0.58742505312,-0.274125725031,1.52710962296,0.136912018061,0.0743950232863,0.673323690891,-0.722741723061
0.587188124657,-0.272583127022,1.52721047401,0.138830661774,0.0741645842791,0.674821197987,-0.721000730991
0.586978793144,-0.271591663361,1.52723920345,0.142259612679,0.0745500549674,0.672670125961,-0.72230142355
0.586928784847,-0.270188361406,1.52710664272,0.141325861216,0.0754339247942,0.673637926579,-0.721490561962
0.587153732777,-0.268679320812,1.52727138996,0.140428945422,0.0762698352337,0.673283100128,-0.721908867359
0.587412655354,-0.268077462912,1.52713274956,0.141693219543,0.0785166472197,0.668919324875,-0.725468873978
0.587020635605,-0.266421318054,1.52720248699,0.14166419208,0.0774350389838,0.672422647476,-0.722345411777
0.587493479252,-0.266131103039,1.52720081806,0.14271260798,0.0799206793308,0.667962729931,-0.72599697113
0.587506115437,-0.264289408922,1.52675318718,0.140467062593,0.0788684636354,0.67139083147,-0.723383188248
0.587230741978,-0.263619542122,1.52721166611,0.143643110991,0.079190261662,0.66925984621,-0.724697828293
0.587081968784,-0.26253220439,1.52727103233,0.144069716334,0.079290933907,0.669000387192,-0.724841654301
0.587042093277,-0.26147633791,1.52714145184,0.142142921686,0.0795948728919,0.670502841473,-0.723799645901
0.58692163229,-0.260605365038,1.52722263336,0.143722772598,0.0794234648347,0.668601334095,-0.725264072418
0.586980700493,-0.259481519461,1.5271832943,0.14125983417,0.0801507532597,0.670246183872,-0.72414880991
0.586603224277,-0.258887857199,1.52699327469,0.143825471401,0.079057097435,0.668395936489,-0.725472986698
0.586385309696,-0.257783651352,1.52690315247,0.141549572349,0.0791610851884,0.670303225517,-0.724148392677
0.586419641972,-0.256875276566,1.52698969841,0.140339702368,0.0797281861305,0.670360445976,-0.72426867485
0.586477935314,-0.256481200457,1.52721309662,0.141069576144,0.0801750272512,0.668780148029,-0.72553730011
0.586114227772,-0.25540086627,1.52686750889,0.138698428869,0.0797077789903,0.670650184155,-0.724318861961
0.586185157299,-0.254803150892,1.52675867081,0.138863146305,0.0794974491,0.669553816319,-0.725324034691
0.586122274399,-0.253876835108,1.52701628208,0.136175096035,0.0803868621588,0.671103537083,-0.724302649498
0.585544407368,-0.253435730934,1.52693212032,0.136460125446,0.0803405568004,0.672264695168,-0.723176419735
0.585300147533,-0.252935290337,1.52740573883,0.137607738376,0.0809186547995,0.670970678329,-0.724095761776
0.585168659687,-0.252349257469,1.527384758,0.135934382677,0.0810650289059,0.671636164188,-0.723778426647
0.58542150259,-0.251163035631,1.52720987797,0.131589099765,0.0812596231699,0.672511696815,-0.723746657372
0.58512532711,-0.250499397516,1.52726984024,0.129889786243,0.0814958289266,0.673210859299,-0.723376989365
0.584729373455,-0.249948680401,1.52738821507,0.12790761888,0.0822899863124,0.67575532198,-0.721264779568
0.584530472755,-0.2496547997,1.52740681171,0.128150671721,0.0822146460414,0.674617171288,-0.722294926643
0.584353387356,-0.248746007681,1.52733922005,0.12393002212,0.0827963352203,0.67726457119,-0.720485150814
0.584224104881,-0.248194277287,1.52702534199,0.121552318335,0.0825895443559,0.678417503834,-0.71982896328
0.583799660206,-0.247705236077,1.5272731781,0.121886640787,0.0817987397313,0.678344786167,-0.71993124485
0.583514988422,-0.246983170509,1.52732360363,0.119827754796,0.0806482583284,0.680050194263,-0.718796908855
0.583209574223,-0.246283128858,1.52746522427,0.117643840611,0.0800525248051,0.681076288223,-0.71825248003
0.582974791527,-0.245633333921,1.52751636505,0.115439400077,0.0809572786093,0.682407617569,-0.717244446278
0.582777678967,-0.245164081454,1.52710902691,0.113157875836,0.0805014073849,0.683509767056,-0.716609716415
0.582408964634,-0.244453653693,1.52769947052,0.111338727176,0.0813268348575,0.68471622467,-0.715648949146
0.582090973854,-0.243727445602,1.52772986889,0.107535205781,0.0814980566502,0.687402963638,-0.713632583618
0.58173084259,-0.243421152234,1.52785372734,0.107329837978,0.081410728395,0.687100291252,-0.713964819908
0.581287443638,-0.242781758308,1.52795708179,0.105375796556,0.0813472792506,0.688297748566,-0.713109314442
0.580925285816,-0.242259532213,1.5279635191,0.103244677186,0.0810712650418,0.689454257488,-0.712334752083
0.580488562584,-0.24166290462,1.52822422981,0.101177088916,0.0811780467629,0.690555989742,-0.71155166626
0.580043673515,-0.241189450026,1.5281919241,0.0990117788315,0.0811979919672,0.691538274288,-0.710899591446
0.579362809658,-0.240321516991,1.52817881107,0.0962371602654,0.0798842608929,0.69353723526,-0.709480822086
0.578850448132,-0.239825561643,1.52837049961,0.0948849096894,0.080062828958,0.69372433424,-0.709459960461
0.578379690647,-0.239173293114,1.52833080292,0.0915780514479,0.0809169188142,0.695665895939,-0.707894742489
0.577724814415,-0.238563627005,1.52848279476,0.0893592983484,0.0809637382627,0.696526825428,-0.707326233387
0.577084064484,-0.237821400166,1.5281920433,0.0867691934109,0.0803017988801,0.697338819504,-0.706923782825
0.576403439045,-0.237203001976,1.52870774269,0.0843488350511,0.0812358483672,0.698209702969,-0.706250190735
0.575724720955,-0.236564204097,1.52866816521,0.0813522934914,0.0812487155199,0.699096977711,-0.705722153187
0.575001895428,-0.235843062401,1.528840065,0.0784244760871,0.0816781446338,0.699818432331,-0.705288887024
0.574250817299,-0.23516151309,1.52892529964,0.0755247250199,0.0821420773864,0.700707674026,-0.704668343067
0.573337197304,-0.234253048897,1.52893638611,0.0719373971224,0.0812391638756,0.701289176941,-0.704569995403
0.572453379631,-0.233383193612,1.52897155285,0.0683884993196,0.0817901268601,0.701948404312,-0.704203009605
0.571533918381,-0.232764571905,1.52878558636,0.0649406611919,0.0820715129375,0.70254856348,-0.703898072243
0.570633947849,-0.231852650642,1.52879905701,0.0605014488101,0.0827696397901,0.702846467495,-0.703914403915
0.569822371006,-0.2310757339,1.52891969681,0.0564657337964,0.0848336815834,0.703408002853,-0.703443109989
0.567910850048,-0.228828921914,1.52898871899,0.04510435462,0.0860026404262,0.7056594491,-0.701864540577
0.567910850048,-0.228828921914,1.52898871899,0.04510435462,0.0860026404262,0.7056594491,-0.701864540577
0.566899478436,-0.227775663137,1.5289106369,0.0393396951258,0.0874206721783,0.707305788994,-0.70037740469
0.565745353699,-0.227127596736,1.52889764309,0.0375097468495,0.0879828184843,0.704834997654,-0.702893733978
0.56464868784,-0.225788637996,1.52978587151,0.0299477651715,0.0910772904754,0.70789206028,-0.6997833848
0.563867866993,-0.224789023399,1.52887332439,0.0249462239444,0.0914308577776,0.706693351269,-0.701143741608
0.562749445438,-0.223728835583,1.52904987335,0.0212315656245,0.0927379056811,0.70564866066,-0.702145814896
0.561761319637,-0.222535312176,1.52897167206,0.0156348012388,0.0941659212112,0.705952227116,-0.701797425747
0.560686290264,-0.221602782607,1.52926886082,0.0113777881488,0.0965621173382,0.705679655075,-0.701828062534
0.559896469116,-0.220080450177,1.52926468849,0.00231272983365,0.0983000397682,0.708295404911,-0.699034690857
0.558737635612,-0.218951165676,1.52939593792,0.000381415564334,0.0989308729768,0.706076860428,-0.701190412045
0.557992994785,-0.217374324799,1.52942013741,-0.00595807190984,0.100186608732,0.706595540047,-0.700464129448
0.557031571865,-0.216319128871,1.52941393852,-0.0105441007763,0.102458409965,0.70560580492,-0.701078891754
0.556116461754,-0.214960873127,1.52953779697,-0.0146473161876,0.103536315262,0.705227077007,-0.701227843761
0.555180072784,-0.213663652539,1.52963376045,-0.0180259812623,0.104729168117,0.704906582832,-0.701294243336
0.554266691208,-0.212521672249,1.5299539566,-0.0199568010867,0.106013700366,0.703538537025,-0.702421963215
0.553451895714,-0.211083695292,1.53010809422,-0.0233504921198,0.106665968895,0.703184366226,-0.70257294178
0.552942097187,-0.209102332592,1.52997791767,-0.0316142961383,0.106869675219,0.706481337547,-0.69890165329
0.552166700363,-0.207585826516,1.53007233143,-0.0341767147183,0.107153967023,0.706248104572,-0.698973238468
0.551601111889,-0.20605956018,1.53031134605,-0.0368064381182,0.107771269977,0.705861151218,-0.699135661125
0.550987064838,-0.204462602735,1.53055131435,-0.0392290614545,0.107892803848,0.705442667007,-0.699407458305
0.550287902355,-0.203036919236,1.53065764904,-0.0381232053041,0.107635468245,0.702377796173,-0.702585697174
0.549732506275,-0.201270654798,1.53083515167,-0.0423524416983,0.107556574047,0.705126702785,-0.699595749378
0.549404263496,-0.199773728848,1.53113305569,-0.0436478145421,0.108541853726,0.705150067806,-0.699340343475
0.54890024662,-0.19803994894,1.53113472462,-0.0453753583133,0.108018986881,0.704507172108,-0.699959039688
0.548363447189,-0.196542456746,1.53125810623,-0.0438601151109,0.107474736869,0.701892495155,-0.702760577202
0.548144340515,-0.194780603051,1.53139364719,-0.0476427711546,0.107577830553,0.704104244709,-0.70028179884
0.547585368156,-0.193176135421,1.53149175644,-0.045979321003,0.106799602509,0.701402723789,-0.703216731548
0.54735660553,-0.191265165806,1.53161489964,-0.0498359464109,0.106576882303,0.703459024429,-0.70093023777
0.54705375433,-0.189681470394,1.5316631794,-0.048222374171,0.106261022389,0.700972616673,-0.703577041626
0.546865880489,-0.187674418092,1.53182661533,-0.0519443750381,0.106045335531,0.703286647797,-0.70103085041
0.546591997147,-0.185896530747,1.53188574314,-0.0525600649416,0.105474196374,0.703098595142,-0.701259613037
0.546328723431,-0.184290155768,1.53196334839,-0.050600245595,0.10519400239,0.700099408627,-0.704439282417
0.546205818653,-0.182420611382,1.53207671642,-0.0516187958419,0.1048893556,0.700057268143,-0.704452633858
0.546136260033,-0.18032489717,1.53212618828,-0.055105458945,0.104557283223,0.702519059181,-0.701781928539
0.545978724957,-0.178743749857,1.53222417831,-0.052403755486,0.104236595333,0.70007622242,-0.704472720623
0.545930862427,-0.176678150892,1.53229498863,-0.0532610937953,0.103836268187,0.699752449989,-0.704789102077
0.545959949493,-0.174531593919,1.53235507011,-0.0566795244813,0.103649117053,0.702212393284,-0.702098309994
0.546060442924,-0.172577336431,1.53236508369,-0.0573736950755,0.103328250349,0.702177762985,-0.702123880386
0.546025276184,-0.170571550727,1.53240907192,-0.0572055764496,0.103016845882,0.702011466026,-0.702349603176
0.545965731144,-0.168826520443,1.53253984451,-0.0545405112207,0.103020332754,0.699009537697,-0.70554792881
0.546222090721,-0.166598409414,1.53278136253,-0.0577487237751,0.103322535753,0.701409637928,-0.702861249447
0.54617702961,-0.164856806397,1.53288388252,-0.0547932162881,0.103251323104,0.698523759842,-0.705975651741
0.546328544617,-0.162466347218,1.53291368484,-0.0581477507949,0.103001505136,0.700599908829,-0.703682601452
0.547268927097,-0.160929605365,1.53338027,-0.0574390105903,0.105018913746,0.697742700577,-0.706276893616
0.547591805458,-0.158580929041,1.53322315216,-0.0605873093009,0.10461538285,0.700119614601,-0.703716814518
0.546900391579,-0.156629875302,1.53310871124,-0.0550345629454,0.103309169412,0.697033703327,-0.707419455051
0.547314941883,-0.154225662351,1.5332095623,-0.0582834966481,0.103290997446,0.699450314045,-0.70477193594
0.547382593155,-0.152433723211,1.53331232071,-0.0548383370042,0.10357825458,0.695841789246,-0.708567917347
0.547693669796,-0.150257885456,1.53345060349,-0.054832007736,0.103496909142,0.695377230644,-0.709036231041
0.548068463802,-0.147877305746,1.5334880352,-0.0573549829423,0.103497840464,0.697663962841,-0.70658570528
0.548260092735,-0.145979598165,1.53363764286,-0.0539436079562,0.103450030088,0.694303810596,-0.710162043571
0.548575699329,-0.143794104457,1.53365528584,-0.0538728423417,0.10344234854,0.693750977516,-0.710708916187
0.548976659775,-0.141382575035,1.53356349468,-0.0565272308886,0.103027194738,0.695340454578,-0.709007740021
0.549257040024,-0.139485284686,1.53377175331,-0.0529846549034,0.103517830372,0.69187104702,-0.712594687939
0.549587607384,-0.136933475733,1.53373301029,-0.055752851069,0.102802067995,0.693706810474,-0.710699915886
0.550119102001,-0.134731680155,1.53366434574,-0.0557034090161,0.102919563651,0.693177521229,-0.711203038692
0.550235271454,-0.132757842541,1.53387761116,-0.0519086532295,0.102930597961,0.68962597847,-0.714931368828
0.550728678703,-0.130392730236,1.53375720978,-0.0539326146245,0.103178687394,0.691800236702,-0.712641477585
0.551051318645,-0.128022015095,1.533898592,-0.0542978309095,0.103188596666,0.690877795219,-0.713506639004
0.551474511623,-0.125808954239,1.53372812271,-0.0538521036506,0.103081420064,0.690010130405,-0.714395046234
0.551681816578,-0.12345007807,1.53385984898,-0.0536107309163,0.102940648794,0.689070641994,-0.715339660645
0.552248835564,-0.121176406741,1.53406715393,-0.053553532809,0.1035053581,0.688807427883,-0.715516030788
0.552630484104,-0.118866451085,1.53408145905,-0.0533204972744,0.103566378355,0.687811851501,-0.716481506824
0.552645087242,-0.116859391332,1.53374063969,-0.0490877814591,0.102834582329,0.683795213699,-0.720721662045
0.553238034248,-0.114536188543,1.53395044804,-0.0491947196424,0.103652641177,0.683120071888,-0.721237123013
0.553531885147,-0.112008728087,1.53381562233,-0.0513181760907,0.103120751679,0.685371398926,-0.71902602911
0.554139554501,-0.110205210745,1.53397011757,-0.0493924543262,0.104135788977,0.683394670486,-0.720893800259
0.554189801216,-0.107613392174,1.53389632702,-0.0471688397229,0.103390909731,0.680630028248,-0.723759829998
0.554697453976,-0.104760147631,1.53392410278,-0.0507731363177,0.103295348585,0.682843625546,-0.72144061327
0.554999768734,-0.102977573872,1.53427112103,-0.0483138971031,0.104415155947,0.680724740028,-0.723447978497
0.555171072483,-0.100398212671,1.53426480293,-0.0457641705871,0.103867247701,0.67773604393,-0.726492404938
0.555358409882,-0.0982639491558,1.53417682648,-0.0426297523081,0.104170516133,0.676046907902,-0.728211343288
0.555632591248,-0.0955249220133,1.53407907486,-0.0442577525973,0.103534460068,0.675787806511,-0.728445589542
0.555974066257,-0.0932851135731,1.53435945511,-0.0428471453488,0.10454312712,0.675056934357,-0.729063034058
0.556122124195,-0.090952463448,1.5342168808,-0.041644051671,0.104568302631,0.674136400223,-0.729980409145
0.556353151798,-0.088456235826,1.53419685364,-0.0413610227406,0.104839459062,0.673213541508,-0.730808854103
0.556596696377,-0.0859449580312,1.53423428535,-0.0411246083677,0.105162575841,0.672208964825,-0.731699824333
0.556685209274,-0.0837537944317,1.53405618668,-0.0389629639685,0.105848141015,0.671730518341,-0.732158720493
0.557026267052,-0.0811649113894,1.53396046162,-0.0396725833416,0.10589569062,0.670724153519,-0.733035683632
0.557679712772,-0.0762455686927,1.53407418728,-0.0392498448491,0.108800955117,0.669039070606,-0.734172046185
0.557679712772,-0.0762455686927,1.53407418728,-0.0392498448491,0.108800955117,0.669039070606,-0.734172046185
0.557635962963,-0.0738802403212,1.5336163044,-0.0380685031414,0.108989089727,0.668382585049,-0.734804034233
0.557754278183,-0.070579059422,1.53340196609,-0.0436381809413,0.109310746193,0.673654794693,-0.729613482952
0.558070003986,-0.0693960115314,1.53373456001,-0.0378685519099,0.112775430083,0.66887909174,-0.733790516853
0.557702600956,-0.0669411718845,1.53338289261,-0.0342547520995,0.113027706742,0.666471600533,-0.736116170883
0.557709157467,-0.0645100176334,1.5333199501,-0.0335297808051,0.114695295691,0.665842413902,-0.736460864544
0.55762732029,-0.0622589960694,1.53305208683,-0.0321918427944,0.116257034242,0.665464282036,-0.736617565155
0.557627260685,-0.059909299016,1.53290820122,-0.0313701555133,0.118076577783,0.665100097656,-0.73669230938
0.557549655437,-0.0576453059912,1.53287565708,-0.0303177889436,0.12018494308,0.664335489273,-0.737085282803
0.557277560234,-0.0531223341823,1.53240406513,-0.0281297359616,0.123590819538,0.663915812969,-0.736986994743
0.557277560234,-0.0531223341823,1.53240406513,-0.0281297359616,0.123590819538,0.663915812969,-0.736986994743
0.557189762592,-0.0509231761098,1.53219342232,-0.0273148547858,0.125786393881,0.663529217243,-0.736994504929
0.556986927986,-0.0487156175077,1.53198134899,-0.0260248221457,0.12755535543,0.663254737854,-0.736984074116
0.556822955608,-0.0465537458658,1.53178584576,-0.0250063445419,0.129479035735,0.662981688976,-0.736929476261
0.55677908659,-0.0443652309477,1.53170800209,-0.023989951238,0.13209810853,0.662697553635,-0.736754119396
0.556587100029,-0.0423787795007,1.53139650822,-0.0226657018065,0.134107604623,0.662044644356,-0.737019896507
0.556351840496,-0.0402670577168,1.5311934948,-0.0213584527373,0.135908812284,0.662454485893,-0.736360430717
0.556253552437,-0.038261089474,1.53106379509,-0.0204903744161,0.138220340014,0.662215471268,-0.736169755459
0.555517435074,-0.0365567728877,1.53080999851,-0.0169196501374,0.139922603965,0.662205994129,-0.735947430134
0.555506587029,-0.0350970253348,1.53080534935,-0.0128017086536,0.142418190837,0.659373581409,-0.738091886044
0.555772602558,-0.032770819962,1.53055214882,-0.0182852558792,0.145040050149,0.664829015732,-0.732551336288
0.555181205273,-0.0308751426637,1.53027892113,-0.0161566473544,0.145821884274,0.664917945862,-0.732365369797
0.553993701935,-0.0300599113107,1.53000426292,-0.00906286761165,0.14822243154,0.665738523006,-0.731259286404
0.553191363811,-0.0270233266056,1.5297768116,-8.743854778e-06,0.151189401746,0.660600066185,-0.73535656929
0.553191363811,-0.0270233266056,1.5297768116,-8.743854778e-06,0.151189401746,0.660600066185,-0.73535656929
0.552977442741,-0.0253506302834,1.52967834473,0.00109954492655,0.152842402458,0.66045075655,-0.735148072243
0.552668988705,-0.023679908365,1.52953338623,0.00194875057787,0.154289677739,0.660795211792,-0.734534323215
0.553000450134,-0.021223064512,1.52935290337,-0.000308963732095,0.155673086643,0.660043358803,-0.734920859337
0.553053021431,-0.0174392051995,1.52902281284,-0.00633721938357,0.159254968166,0.666250228882,-0.728497445583
0.553053021431,-0.0174392051995,1.52902281284,-0.00633721938357,0.159254968166,0.666250228882,-0.728497445583
0.553311705589,-0.0154066421092,1.52898871899,-0.00924944784492,0.160527512431,0.665178179741,-0.729166209698
0.552083492279,-0.0149505808949,1.52891910076,0.000575270503759,0.161514446139,0.660538315773,-0.733213305473
0.551750779152,-0.0137161761522,1.52884185314,0.00157033011783,0.163521721959,0.661171913147,-0.73219537735
0.551617860794,-0.0125139690936,1.52896869183,0.00226979283616,0.166410773993,0.66174775362,-0.731021225452
0.551440060139,-0.0105432383716,1.52842593193,-0.00425029546022,0.167992457747,0.66813659668,-0.724813044071
0.551033735275,-0.00947581231594,1.52837193012,-0.00307450280525,0.170163273811,0.668799459934,-0.723700463772
0.550499916077,-0.00843487679958,1.52834224701,-0.00106291787233,0.172348320484,0.668187975883,-0.723754048347
0.549327909946,-0.00816304609179,1.5283831358,0.00916218198836,0.173820704222,0.664348721504,-0.72687214613
0.548897206783,-0.00645983219147,1.52790391445,0.00349970837124,0.175899863243,0.670394957066,-0.720845162868
0.54857313633,-0.0053749345243,1.52770805359,0.00251929671504,0.178528547287,0.672127664089,-0.718585848808
0.548091232777,-0.00429043918848,1.52749943733,0.00333625939675,0.18110139668,0.673618197441,-0.716540038586
0.547554373741,-0.00350954383612,1.52733695507,0.00468411529437,0.184056475759,0.674326777458,-0.715111672878
0.546842753887,-0.0025256164372,1.526902318,0.00598486792296,0.186021059752,0.676436364651,-0.712596833706
0.547442555428,-0.00209366157651,1.52722084522,0.00500840460882,0.192210257053,0.676530301571,-0.710870504379
0.546316087246,-0.000952828675508,1.52665829659,0.00633684033528,0.19313248992,0.678881704807,-0.708363831043
0.545250892639,-0.000237386673689,1.52639400959,0.00862825103104,0.195442378521,0.680848300457,-0.705814003944
0.545842826366,8.06450843811e-05,1.52663910389,0.00660760654137,0.200989112258,0.681839823723,-0.703316688538
0.544783949852,0.000980585813522,1.52595865726,0.00826886110008,0.201307430863,0.683440804482,-0.701652109623
0.543919026852,0.0013333261013,1.52558577061,0.00985685549676,0.203015774488,0.68485891819,-0.699754118919
0.54363745451,0.00185839831829,1.52535438538,0.0104679856449,0.205230236053,0.686512589455,-0.697475075722
0.542928516865,0.00211954861879,1.52505385876,0.0115184960887,0.20630633831,0.687450945377,-0.696215748787
0.542940974236,0.00234720110893,1.52485108376,0.0110853780061,0.208764508367,0.688251078129,-0.694697737694
0.542596280575,0.00252558290958,1.5246117115,0.0117137953639,0.209616988897,0.689680814743,-0.693010866642
0.54227244854,0.00261145830154,1.52444255352,0.0123977148905,0.21043753624,0.690746128559,-0.691687941551
0.541940748692,0.00267317518592,1.52429354191,0.0128702083603,0.210901945829,0.691546797752,-0.690737187862
0.541227281094,0.00255004689097,1.52403843403,0.0147498566657,0.210295453668,0.692624330521,-0.689804196358
0.540974259377,0.00243978202343,1.52397060394,0.0152343446389,0.210460826755,0.693131387234,-0.689233601093
0.54073113203,0.00215730443597,1.52392482758,0.0171568356454,0.210163250566,0.693026125431,-0.689385175705
0.540502488613,0.00185367837548,1.52388930321,0.0181374233216,0.209870293736,0.693505644798,-0.688966989517
0.540156126022,0.00155960768461,1.52388131618,0.0195832643658,0.209180623293,0.693911969662,-0.688727974892
0.540396273136,0.00117630138993,1.52397727966,0.0193539075553,0.209402069449,0.69403219223,-0.688546001911
0.540131807327,0.000636119395494,1.52369534969,0.0205518752337,0.207701027393,0.693984150887,-0.689074575901
0.539969623089,0.000120270997286,1.52402305603,0.0204305853695,0.207628935575,0.694530308247,-0.68854957819
0.540031790733,-0.000430591404438,1.52413737774,0.0207485724241,0.207067728043,0.694464504719,-0.688775420189
0.539905071259,-0.00114959478378,1.52368998528,0.0222006272525,0.205343261361,0.694751381874,-0.688957154751
0.539900958538,-0.00192008540034,1.52382028103,0.0225332584232,0.205094322562,0.694227933884,-0.689547777176
0.54015314579,-0.0026228800416,1.52407228947,0.0215802974999,0.205311894417,0.693812429905,-0.689931571484
0.540030181408,-0.0034971870482,1.52415144444,0.0229835882783,0.204846858978,0.692809760571,-0.691031336784
0.539912462234,-0.00449120253325,1.52430713177,0.0259479973465,0.204459816217,0.690879702568,-0.692970633507
0.5413210392,-0.00662786141038,1.52504432201,0.0199299436063,0.207559525967,0.692077517509,-0.691050410271
0.5413210392,-0.00662786141038,1.52504432201,0.0199299436063,0.207559525967,0.692077517509,-0.691050410271
0.540799379349,-0.00730824097991,1.5248093605,0.0206544958055,0.205196380615,0.691699743271,-0.692112207413
0.540803849697,-0.00859955698252,1.52474021912,0.0210788715631,0.204980567098,0.691255986691,-0.692606687546
0.541233181953,-0.00975184515119,1.52466249466,0.019826553762,0.204671904445,0.690533161163,-0.693455457687
0.541396796703,-0.011056534946,1.52481400967,0.0208671055734,0.204534560442,0.689479410648,-0.694512963295
0.541522979736,-0.0123958699405,1.5248516798,0.0205599125475,0.204310566187,0.689753472805,-0.694315910339
0.541918992996,-0.013703994453,1.52500677109,0.019552404061,0.204174339771,0.689572453499,-0.694564819336
0.542478621006,-0.0151982605457,1.52485001087,0.0198049619794,0.203629121184,0.687951862812,-0.69632267952
0.542620658875,-0.0165940001607,1.52507615089,0.018800156191,0.203077822924,0.68823158741,-0.696235120296
0.543014287949,-0.0182618163526,1.524974823,0.019048249349,0.202209815383,0.68760240078,-0.69710201025
0.543803036213,-0.0196892209351,1.52513194084,0.0176232438534,0.202240213752,0.687562763691,-0.69716989994
0.543839514256,-0.0215628966689,1.52512598038,0.0199084635824,0.200788572431,0.686136126518,-0.698931157589
0.544259667397,-0.0232640989125,1.52515971661,0.0201303046197,0.199518203735,0.686150312424,-0.699274718761
0.544626355171,-0.0249914452434,1.5250903368,0.0198701545596,0.198361888528,0.686743080616,-0.69902920723
0.545587658882,-0.0267212577164,1.5254970789,0.0192414186895,0.198763042688,0.685549497604,-0.700103521347
0.545666635036,-0.0286072865129,1.52641618252,0.0203252620995,0.19882465899,0.685893535614,-0.699718356133
0.546146273613,-0.0305199362338,1.52637481689,0.0198896210641,0.197502627969,0.686939537525,-0.699078917503
0.546774625778,-0.0325112976134,1.52657723427,0.0202955994755,0.196399435401,0.686699926853,-0.699613273144
0.54771900177,-0.0346390642226,1.52600049973,0.0229320414364,0.194588363171,0.683808267117,-0.702862620354
0.548089504242,-0.0366244316101,1.52596783638,0.0216097254306,0.192779317498,0.6856341362,-0.701623082161
0.548906266689,-0.0386316180229,1.52618253231,0.0204093493521,0.192096993327,0.68697732687,-0.700531542301
0.550021409988,-0.0406655706465,1.52642905712,0.0192351471633,0.191881358624,0.687143325806,-0.700460970402
0.550277233124,-0.0428984127939,1.52658009529,0.021470233798,0.189975693822,0.686908185482,-0.70114582777
0.551301658154,-0.04511346668,1.5266906023,0.0202512480319,0.189647346735,0.687323927879,-0.700863420963
0.551610350609,-0.0473552010953,1.52660143375,0.0222220662981,0.187054440379,0.687857747078,-0.700976788998
0.552883684635,-0.0495747551322,1.52694106102,0.0216306447983,0.186706483364,0.686978936195,-0.701949298382
0.553308546543,-0.0519055910408,1.52690541744,0.0222180821002,0.184748277068,0.68808400631,-0.701366424561
0.554463148117,-0.0540812909603,1.52712392807,0.021222865209,0.183993309736,0.688502430916,-0.701185047626
0.554745316505,-0.0564999431372,1.52711474895,0.0234387908131,0.181691855192,0.689066112041,-0.701160907745
0.555749952793,-0.0589363463223,1.52729308605,0.0262053441256,0.180625140667,0.686654508114,-0.703699886799
0.556923210621,-0.0612366348505,1.52747166157,0.0225910134614,0.18011534214,0.689303696156,-0.701362073421
0.557744145393,-0.0638955533504,1.52758979797,0.0249204523861,0.178598970175,0.687934219837,-0.70301347971
0.558231174946,-0.0663924217224,1.52767276764,0.0263156481087,0.176649168134,0.687831640244,-0.703555464745
0.559311389923,-0.0687304735184,1.5277889967,0.026316139847,0.17570309341,0.688191354275,-0.703440546989
0.560166656971,-0.0710919350386,1.52784180641,0.0263378266245,0.173957198858,0.688415884972,-0.703653991222
0.560650646687,-0.0736856386065,1.52790176868,0.0291080903262,0.171633884311,0.687199354172,-0.705302476883
0.562059819698,-0.0760328695178,1.52822220325,0.0264276396483,0.17172716558,0.688150465488,-0.704457402229
0.563020944595,-0.0784091800451,1.52823185921,0.0264407992363,0.169762820005,0.68874078989,-0.704356193542
0.563951075077,-0.0808565244079,1.52835524082,0.0264486279339,0.16827377677,0.68869048357,-0.704762339592
0.564719259739,-0.0833965539932,1.52842235565,0.0276094377041,0.166471406817,0.688855469227,-0.704984486103
0.565279126167,-0.0857753902674,1.52850353718,0.028662674129,0.163952380419,0.689232945442,-0.705163896084
0.566357791424,-0.0880124270916,1.52845907211,0.0290274173021,0.162426173687,0.688702225685,-0.706020176411
0.56745159626,-0.090739428997,1.52872467041,0.0291841477156,0.161747261882,0.689302206039,-0.705583870411
0.5679063797,-0.0930513143539,1.5287566185,0.0307523850352,0.158889964223,0.690092682838,-0.705393850803
0.56921505928,-0.0953959524632,1.52895212173,0.030138803646,0.158451482654,0.689775049686,-0.705829381943
0.569863438606,-0.0980495065451,1.52890098095,0.0313732512295,0.156581908464,0.690252006054,-0.705726563931
0.571130871773,-0.100348457694,1.5290248394,0.0308988001198,0.15570384264,0.690536439419,-0.705663561821
0.571834087372,-0.102484285831,1.5289978981,0.0325131677091,0.153769269586,0.690565943718,-0.705986201763
0.572755455971,-0.104873463511,1.52898991108,0.0321304574609,0.150854364038,0.690730512142,-0.706471443176
0.574633717537,-0.109656721354,1.52917015553,0.0337387956679,0.148383438587,0.691377460957,-0.706286907196
0.575598716736,-0.111540056765,1.52922964096,0.0313192307949,0.147435426712,0.694381713867,-0.703644812107
0.575598716736,-0.111540056765,1.52922964096,0.0313192307949,0.147435426712,0.694381713867,-0.703644812107
0.576527655125,-0.114325515926,1.52928829193,0.035911668092,0.14574688673,0.69199848175,-0.706120669842
0.57752686739,-0.116610437632,1.52934634686,0.0374469086528,0.145097225904,0.693355500698,-0.704842269421
0.578928887844,-0.118843406439,1.52943623066,0.0368900671601,0.144541248679,0.693509876728,-0.704834103584
0.579437077045,-0.120473839343,1.52910029888,0.0348516888916,0.141943588853,0.698968172073,-0.700057804585
0.579996347427,-0.122772678733,1.52909874916,0.0377423204482,0.140716060996,0.700116455555,-0.699007451534
0.581372618675,-0.12488079071,1.5291711092,0.0378519408405,0.140183135867,0.70029437542,-0.698930501938
0.582350850105,-0.127132505178,1.52909994125,0.0398769900203,0.138080328703,0.701086223125,-0.698442459106
0.583278775215,-0.129276052117,1.52878022194,0.0422022864223,0.135764211416,0.701353549957,-0.69849139452
0.584525585175,-0.131491839886,1.52872180939,0.0451233573258,0.135136038065,0.702186644077,-0.697593092918
0.584922373295,-0.134592548013,1.52935314178,0.0557306483388,0.132975548506,0.697924852371,-0.701507210732
0.585059404373,-0.135419860482,1.52893519402,0.0542032942176,0.125839620829,0.702708601952,-0.698159813881
0.585944533348,-0.137305542827,1.52882909775,0.0570547059178,0.122551418841,0.702057003975,-0.699172258377
0.586818397045,-0.139386609197,1.52874135971,0.0607735775411,0.119517333806,0.701716065407,-0.69972628355
0.58748292923,-0.142027080059,1.52889299393,0.0702827572823,0.113816656172,0.69785875082,-0.703632950783
0.588424265385,-0.143930107355,1.52891564369,0.0732382908463,0.111303962767,0.696923851967,-0.70465940237
0.589214146137,-0.145793840289,1.52883994579,0.0767283961177,0.108270302415,0.69627314806,-0.705403447151
0.590011179447,-0.147464901209,1.52891027927,0.0798797905445,0.105462089181,0.695513367653,-0.706228137016
0.590781867504,-0.149550795555,1.52886736393,0.0862368270755,0.103273227811,0.691926956177,-0.709320068359
0.591649591923,-0.15130469203,1.5290440321,0.0894552469254,0.10072607547,0.690881371498,-0.710306167603
0.592564463615,-0.152950137854,1.52896595001,0.0911414846778,0.0978228971362,0.69137853384,-0.710013866425
0.593159198761,-0.154565677047,1.52904820442,0.0962895527482,0.0944441482425,0.688687622547,-0.712402999401
0.594151735306,-0.156077057123,1.5289683342,0.097215719521,0.0922869518399,0.689219355583,-0.712045669556
0.595385611057,-0.157292246819,1.52894747257,0.0975602939725,0.0899109244347,0.688129603863,-0.713355243206
0.595540106297,-0.158996805549,1.52928984165,0.105356141925,0.0865734666586,0.685835242271,-0.714867174625
0.596310973167,-0.160324022174,1.52912068367,0.106893278658,0.0841071382165,0.685661375523,-0.7151004076
0.597223460674,-0.16174197197,1.52916443348,0.108793981373,0.0822167992592,0.685251653194,-0.715426027775
0.598045170307,-0.162928417325,1.52917897701,0.111090362072,0.0800797492266,0.684860408306,-0.715690255165
0.598991811275,-0.163865551353,1.52926385403,0.113580852747,0.0779457241297,0.682088553905,-0.718177556992
0.599525749683,-0.165509134531,1.52934479713,0.117886923254,0.0764702558517,0.681722164154,-0.717990279198
0.600407779217,-0.166432633996,1.52930021286,0.117790155113,0.0753620713949,0.683239936829,-0.716679394245
0.60183006525,-0.167299866676,1.529327631,0.116877175868,0.0744176879525,0.683133661747,-0.717028737068
0.602481067181,-0.169404774904,1.52974748611,0.122291564941,0.0784801468253,0.676297724247,-0.722154438496
0.603615701199,-0.169545918703,1.52942752838,0.120219133794,0.0764506310225,0.680292904377,-0.71896058321
0.604083061218,-0.170972645283,1.52951085567,0.124933667481,0.075702868402,0.679431319237,-0.719050645828
0.604963719845,-0.172040998936,1.52947092056,0.12687972188,0.0749444663525,0.679420530796,-0.718799352646
0.60562556982,-0.172617927194,1.52945697308,0.128217175603,0.0740306526423,0.680850625038,-0.717302083969
0.606309711933,-0.17361100018,1.52932631969,0.131192550063,0.0727655440569,0.68020427227,-0.71750664711
0.60710132122,-0.17419795692,1.52939474583,0.132730767131,0.0722068622708,0.681191623211,-0.716342508793
0.607750415802,-0.174802288413,1.52928948402,0.134621664882,0.0711576044559,0.681715190411,-0.715596199036
0.608399868011,-0.175480172038,1.52928471565,0.137055471539,0.0702009797096,0.68231844902,-0.714653193951
0.609102487564,-0.176252752542,1.52904176712,0.139402464032,0.0694887712598,0.682416141033,-0.714175403118
0.609676539898,-0.176606118679,1.52905142307,0.141475260258,0.0683502480388,0.682873249054,-0.713440418243
0.610429883003,-0.177213251591,1.52887785435,0.143230855465,0.0675952211022,0.683189630508,-0.712858915329
0.61098253727,-0.177615955472,1.52896082401,0.146593347192,0.0666523650289,0.682662308216,-0.712769210339
0.611580610275,-0.178095012903,1.52885317802,0.148726955056,0.0655978769064,0.683158993721,-0.711948871613
0.612170159817,-0.178459346294,1.52891588211,0.151208639145,0.0646981224418,0.683618783951,-0.711066365242
0.612718760967,-0.178830727935,1.52884483337,0.15341539681,0.0639253035188,0.683378994465,-0.710894048214
0.613228440285,-0.179089277983,1.52837347984,0.155219063163,0.0622561872005,0.683564305305,-0.710472404957
0.61386859417,-0.179019063711,1.52882051468,0.15624126792,0.0622083991766,0.684929430485,-0.708936214447
0.614437103271,-0.179116845131,1.52884554863,0.157809749246,0.0613416098058,0.685214996338,-0.708388090134
0.614987909794,-0.17921102047,1.52886462212,0.159355983138,0.0605342946947,0.685100257397,-0.708222389221
0.615454137325,-0.179237887263,1.52887785435,0.161119088531,0.0594783052802,0.685275673866,-0.707743167877
0.615763247013,-0.179321825504,1.52890825272,0.164166718721,0.0580094195902,0.684512495995,-0.707903087139
0.616258621216,-0.1792434901,1.52891004086,0.164697468281,0.0574035681784,0.685131072998,-0.707230508327
0.616708099842,-0.179286971688,1.52891862392,0.16603666544,0.05665320158,0.684998989105,-0.707105875015
0.617066919804,-0.179368451238,1.52905678749,0.169648244977,0.0555348284543,0.682695508003,-0.708563506603
0.617082834244,-0.178953528404,1.52875947952,0.17213781178,0.0522642061114,0.684251248837,-0.706708788872
0.617707014084,-0.178780704737,1.52884542942,0.17064473033,0.0534888729453,0.683720827103,-0.707492113113
0.61789137125,-0.178733736277,1.52903175354,0.174300864339,0.0522269643843,0.681395471096,-0.708937227726
0.618097782135,-0.178182303905,1.52897906303,0.174815148115,0.0508372113109,0.682111144066,-0.708222866058
0.618286848068,-0.17768445611,1.52899956703,0.175260215998,0.0499747507274,0.682549953461,-0.707751274109
0.618429601192,-0.177252978086,1.52950918674,0.178870439529,0.0489843934774,0.679883539677,-0.709481716156
0.618613123894,-0.176518186927,1.52939450741,0.178207039833,0.0478095822036,0.681758463383,-0.707927823067
0.618612587452,-0.176015391946,1.52944910526,0.180618017912,0.0462648123503,0.680249035358,-0.708870887756
0.618744134903,-0.175053551793,1.52971923351,0.181086868048,0.0456721931696,0.681222677231,-0.707853972912
0.618780612946,-0.174699962139,1.52988409996,0.184567987919,0.0445755310357,0.678377509117,-0.709754645824
0.618880629539,-0.173628866673,1.53002381325,0.184586554766,0.0440364964306,0.679381906986,-0.708822131157
0.618653774261,-0.172689765692,1.53000700474,0.187593877316,0.0412825755775,0.679618954659,-0.707970619202
0.618937969208,-0.17176181078,1.53020107746,0.186450660229,0.0426780283451,0.678339123726,-0.709415793419
0.618927121162,-0.169862911105,1.53029882908,0.189033418894,0.0414454825222,0.676863729954,-0.710214018822
0.618927121162,-0.169862911105,1.53029882908,0.189033418894,0.0414454825222,0.676863729954,-0.710214018822
0.619027674198,-0.168780744076,1.53036189079,0.189342841506,0.0411709994078,0.676105678082,-0.7108694911
0.618819236755,-0.167534857988,1.53040397167,0.190333157778,0.0402398891747,0.675764977932,-0.710982263088
0.618926882744,-0.166140139103,1.53067183495,0.190524250269,0.040120691061,0.675663232803,-0.711034476757
0.618954598904,-0.164638638496,1.53079867363,0.189939171076,0.0398373939097,0.675944447517,-0.710939824581
0.61948132515,-0.162714630365,1.53073871136,0.186185523868,0.0396915189922,0.676137030125,-0.711757183075
0.618711650372,-0.161730363965,1.53104436398,0.191318675876,0.0382279343903,0.674398481846,-0.712125360966
0.619053065777,-0.159746795893,1.53111875057,0.189755797386,0.0374717339873,0.673786520958,-0.713162362576
0.618946254253,-0.157857000828,1.53128504753,0.188884153962,0.0367441736162,0.674317777157,-0.712929308414
0.618231415749,-0.156727910042,1.53158187866,0.193706721067,0.0354932285845,0.672334611416,-0.713571369648
0.618648767471,-0.154505163431,1.5314232111,0.189955532551,0.0348976477981,0.672582864761,-0.71437484026
0.618158102036,-0.150900259614,1.53193616867,0.192170113325,0.0330903045833,0.669975996017,-0.716315507889
0.618158102036,-0.150900259614,1.53193616867,0.192170113325,0.0330903045833,0.669975996017,-0.716315507889
0.617916941643,-0.148913681507,1.53208994865,0.192953690886,0.0316624231637,0.669039964676,-0.717043936253
0.617570817471,-0.146794915199,1.53183138371,0.192367702723,0.030284602195,0.669987678528,-0.716375648975
0.617570817471,-0.144647538662,1.53228032589,0.192473471165,0.0299897193909,0.669562458992,-0.716757118702
0.617274343967,-0.142852187157,1.53246259689,0.195119917393,0.028867084533,0.666474640369,-0.718962013721
0.617110311985,-0.140479460359,1.53245425224,0.193648502231,0.0280884113163,0.666923880577,-0.718974232674
0.617031753063,-0.138162061572,1.53253614902,0.192319735885,0.0281150396913,0.667172253132,-0.719099402428
0.616747915745,-0.135870113969,1.53271102905,0.193579167128,0.0269984267652,0.666349768639,-0.719566822052
0.616261780262,-0.133629500866,1.53272485733,0.194165870547,0.0254589132965,0.66558021307,-0.720176637173
0.616583585739,-0.131315052509,1.53270876408,0.192726910114,0.0262831319124,0.665425479412,-0.720676422119
0.616454839706,-0.128632009029,1.53258323669,0.191526830196,0.0256914775819,0.666779875755,-0.719765305519
0.616308569908,-0.126977339387,1.53322839737,0.193479955196,0.0266852527857,0.665676772594,-0.720227718353
0.61626380682,-0.123603999615,1.53302252293,0.190388351679,0.0253775697201,0.666679024696,-0.720171689987
0.61608427763,-0.121221497655,1.53316450119,0.190785855055,0.0246928688139,0.665729284286,-0.720968425274
0.616298854351,-0.118570014834,1.5329772234,0.188059106469,0.0251682810485,0.666849017143,-0.72063356638
0.616287052631,-0.116013489664,1.53311610222,0.188658341765,0.0245676506311,0.667053103447,-0.72030878067
0.616281509399,-0.113330990076,1.53309965134,0.187503188848,0.0243977922946,0.666799962521,-0.720850229263
0.616312742233,-0.110648974776,1.53265881538,0.186627238989,0.0233302433044,0.666992425919,-0.720934808254
