x,y,z,q0,q1,q2,q3
0.69829249382,-0.26848089695,0.812102556229,-0.491277694702,-0.407428145409,0.615730464458,-0.462087184191
0.69745272398,-0.268456310034,0.811978459358,-0.492062866688,-0.409135729074,0.61501288414,-0.46069663763
0.697384357452,-0.268751144409,0.812346935272,-0.494622677565,-0.406281113625,0.615758538246,-0.459484100342
0.696770370007,-0.268896609545,0.812314987183,-0.494366705418,-0.405135035515,0.617121934891,-0.458942115307
0.695811510086,-0.26898124814,0.81203430891,-0.492362439632,-0.405454516411,0.618777453899,-0.458585351706
0.695605278015,-0.269220888615,0.812456727028,-0.494810044765,-0.4037117064,0.618844091892,-0.457396835089
0.694961965084,-0.269459664822,0.812487125397,-0.495510518551,-0.402359932661,0.619783163071,-0.456557452679
0.693956375122,-0.269507408142,0.812130689621,-0.494104087353,-0.403454363346,0.620520412922,-0.456114053726
0.693499743938,-0.269867569208,0.812462925911,-0.493791073561,-0.400436043739,0.622465133667,-0.456463098526
0.692384779453,-0.269968926907,0.81208473444,-0.492282599211,-0.401068598032,0.623321592808,-0.456368327141
0.69191634655,-0.269981950521,0.812019050121,-0.49431937933,-0.400491505861,0.623012304306,-0.455094277859
0.691523492336,-0.270207583904,0.812257170677,-0.496158659458,-0.398040473461,0.623883068562,-0.454048842192
0.690860450268,-0.270325243473,0.812204182148,-0.495903521776,-0.397084206343,0.625166118145,-0.453399598598
0.689827859402,-0.270299315453,0.811884522438,-0.494996398687,-0.397721529007,0.62547570467,-0.453405290842
0.689416587353,-0.270477116108,0.812115907669,-0.496337115765,-0.39645037055,0.626135110855,-0.452141135931
0.688347876072,-0.270435988903,0.811803936958,-0.495011240244,-0.39757591486,0.62662935257,-0.451921403408
0.688030779362,-0.270592749119,0.812037467957,-0.496004343033,-0.395367085934,0.627956092358,-0.450927704573
0.687322735786,-0.270616352558,0.811927497387,-0.496259838343,-0.394697517157,0.628585517406,-0.450355768204
0.686260044575,-0.270495057106,0.811572909355,-0.495035529137,-0.395663648844,0.629013717175,-0.450257778168
0.685970246792,-0.270529985428,0.811806201935,-0.496623814106,-0.394230544567,0.629109919071,-0.449630856514
0.684832215309,-0.270339548588,0.811419487,-0.493760794401,-0.396098405123,0.630018949509,-0.449869453907
0.684301674366,-0.270265370607,0.811395168304,-0.493645876646,-0.396673560143,0.62997341156,-0.449552476406
0.685121119022,-0.270209252834,0.811791062355,-0.494112551212,-0.392788589001,0.631890356541,-0.449760705233
0.684515178204,-0.270066261292,0.811734557152,-0.493798464537,-0.392798841,0.63222527504,-0.449625760317
0.68310457468,-0.269916087389,0.811569869518,-0.494714587927,-0.39517813921,0.630735993385,-0.448624402285
0.682303011417,-0.269596397877,0.811219930649,-0.492868036032,-0.396813124418,0.631492733955,-0.448148846626
0.681878626347,-0.269259303808,0.811163663864,-0.492854058743,-0.397852152586,0.631494045258,-0.447240233421
0.681493341923,-0.268996596336,0.811024665833,-0.493168532848,-0.397802144289,0.631616652012,-0.446764677763
0.681228160858,-0.268700510263,0.810949146748,-0.493738204241,-0.39690387249,0.631892800331,-0.446544021368
0.682410895824,-0.268466740847,0.811055660248,-0.494122028351,-0.389723539352,0.634787261486,-0.448334813118
0.682357728481,-0.26811131835,0.811069011688,-0.495123744011,-0.391642183065,0.63385540247,-0.446873933077
0.680703878403,-0.267671227455,0.810618758202,-0.494838148355,-0.396899878979,0.631528675556,-0.445844501257
0.681090116501,-0.26745852828,0.810847580433,-0.497196763754,-0.394836217165,0.631151258945,-0.445587217808
0.680913627148,-0.267256528139,0.810689091682,-0.496103674173,-0.392675817013,0.632777035236,-0.446408122778
0.680895209312,-0.266968131065,0.810562491417,-0.497249335051,-0.392062425613,0.632764458656,-0.445689827204
0.681044518948,-0.266589999199,0.810467660427,-0.500092864037,-0.392500579357,0.631612062454,-0.44375282526
0.682163476944,-0.266399681568,0.810434818268,-0.499986171722,-0.388665258884,0.633413314819,-0.444680631161
0.682213068008,-0.266203999519,0.810295641422,-0.501035034657,-0.388176262379,0.633020758629,-0.444486260414
0.68220949173,-0.266076624393,0.810184121132,-0.501788198948,-0.387163251638,0.633167982101,-0.4443102777
0.682176351547,-0.265967726707,0.810088992119,-0.502694606781,-0.386362820864,0.633151471615,-0.44400575757
0.682129859924,-0.265887200832,0.809965670109,-0.503450393677,-0.385417550802,0.633352279663,-0.443684458733
0.682030081749,-0.26583647728,0.809867918491,-0.504724144936,-0.384898275137,0.63304567337,-0.443125247955
0.681047320366,-0.265697538853,0.809771299362,-0.506047606468,-0.387929290533,0.630730509758,-0.442273378372
0.680761992931,-0.265828222036,0.809665620327,-0.507345497608,-0.386448293924,0.631223261356,-0.441379219294
0.68017745018,-0.265787810087,0.809274792671,-0.506291091442,-0.387211292982,0.631876170635,-0.440986871719
0.680029392242,-0.265850365162,0.809224963188,-0.506578683853,-0.386523425579,0.632182300091,-0.440821200609
0.680275142193,-0.265992492437,0.809517383575,-0.508374750614,-0.384166538715,0.632147848606,-0.440863460302
0.680116951466,-0.266071557999,0.809494197369,-0.508660972118,-0.383314102888,0.632559835911,-0.440684109926
0.679907441139,-0.266134411097,0.809487342834,-0.508775532246,-0.38296148181,0.632730126381,-0.440614074469
0.679741561413,-0.266200065613,0.809503793716,-0.50901311636,-0.382338494062,0.633001744747,-0.440490335226
0.679537832737,-0.266257941723,0.809557080269,-0.508905827999,-0.381769031286,0.633618414402,-0.440221488476
0.679363787174,-0.266285061836,0.809625089169,-0.509144604206,-0.381373852491,0.633862555027,-0.439936518669
0.67921346426,-0.266326904297,0.809752941132,-0.509672403336,-0.380642861128,0.634082376957,-0.439641684294
0.679555356503,-0.266223669052,0.809685587883,-0.507621526718,-0.378145188093,0.636711716652,-0.440368920565
0.679352521896,-0.266232252121,0.809760332108,-0.507630109787,-0.37756088376,0.637395560741,-0.439870983362
0.679194688797,-0.266225457191,0.809909820557,-0.507977366447,-0.376998782158,0.637917339802,-0.439195245504
0.678491353989,-0.266292542219,0.810194849968,-0.510519444942,-0.377833545208,0.636193156242,-0.438029915094
0.678321182728,-0.266271024942,0.810262918472,-0.510652422905,-0.377475708723,0.636568248272,-0.437638252974
0.678204774857,-0.266273587942,0.81035387516,-0.510800600052,-0.376701772213,0.637062072754,-0.437413305044
0.678114891052,-0.26628613472,0.810416698456,-0.511146187782,-0.376148968935,0.637446761131,-0.436924785376
0.67801630497,-0.266309440136,0.810494303703,-0.511196136475,-0.37547570467,0.638356685638,-0.436116456985
0.677961170673,-0.266348868608,0.810539066792,-0.511464297771,-0.374784708023,0.638778448105,-0.43577849865
0.677933454514,-0.266400039196,0.810553193092,-0.511619329453,-0.374088943005,0.639285981655,-0.435449898243
0.677773356438,-0.266011089087,0.811205625534,-0.512369811535,-0.375018149614,0.638690412045,-0.434641391039
0.677843391895,-0.266156554222,0.811224341393,-0.512993097305,-0.373884230852,0.639166176319,-0.434183448553
0.677768826485,-0.266408890486,0.810943067074,-0.513421535492,-0.374137014151,0.639175891876,-0.433444440365
0.678503274918,-0.267809987068,0.81190598011,-0.52372610569,-0.361787855625,0.641551315784,-0.42805659771
0.678603887558,-0.26809579134,0.811537384987,-0.524271965027,-0.361074596643,0.64151507616,-0.42804518342
0.678690910339,-0.268178552389,0.811420321465,-0.524568855762,-0.360567867756,0.641762912273,-0.42773681879
0.678919553757,-0.267958521843,0.811773478985,-0.52507185936,-0.359029263258,0.642408370972,-0.427444577217
0.67887878418,-0.268405079842,0.811074495316,-0.525474011898,-0.359077364206,0.642278254032,-0.427105724812
0.679168522358,-0.268150955439,0.811426281929,-0.526298046112,-0.357080221176,0.64291280508,-0.426810622215
0.679175198078,-0.268579572439,0.810757100582,-0.527263581753,-0.356491327286,0.642839848995,-0.426220595837
0.679171204567,-0.268739014864,0.810529828072,-0.52661383152,-0.353916108608,0.644302070141,-0.426961511374
0.680496692657,-0.268868029118,0.81022298336,-0.524761199951,-0.345266133547,0.649136304855,-0.428997755051
0.680719733238,-0.268809139729,0.809943437576,-0.527455747128,-0.34393337369,0.648923397064,-0.42708170414
0.680617034435,-0.268938630819,0.809665799141,-0.526740849018,-0.341543614864,0.650672614574,-0.427220314741
0.679747462273,-0.268809139729,0.809342384338,-0.531633138657,-0.346388697624,0.646584570408,-0.423449575901
0.679104626179,-0.267605006695,0.808032155037,-0.523077309132,-0.355634629726,0.645849406719,-0.427542686462
0.679045081139,-0.267621874809,0.807789206505,-0.523975074291,-0.353827446699,0.646768927574,-0.426551580429
0.679124772549,-0.267520725727,0.807621717453,-0.524772584438,-0.353047758341,0.647140622139,-0.42565241456
0.679158568382,-0.267590522766,0.807143032551,-0.523990869522,-0.35310792923,0.649512827396,-0.422943741083
0.678825438023,-0.267704337835,0.807224035263,-0.526971936226,-0.34941893816,0.649133086205,-0.42288684845
0.678355932236,-0.267997682095,0.807692289352,-0.533519625664,-0.361467301846,0.641205012798,-0.416598677635
0.679156601429,-0.267937809229,0.806828737259,-0.527607858181,-0.339496254921,0.654365599155,-0.422111272812
0.67886865139,-0.267990976572,0.806681990623,-0.528485357761,-0.337587803602,0.655216991901,-0.421222627163
0.677471876144,-0.268059164286,0.806450486183,-0.531141757965,-0.341258853674,0.652918636799,-0.418482899666
0.676961541176,-0.268225938082,0.80632185936,-0.530887424946,-0.338236480951,0.655080318451,-0.417880892754
0.677515149117,-0.268290966749,0.806422352791,-0.529359817505,-0.328751564026,0.660072624683,-0.41952931881
0.677041530609,-0.268380999565,0.806329965591,-0.529233038425,-0.324756622314,0.662197709084,-0.419451862574
0.676533341408,-0.268512994051,0.806297421455,-0.529700160027,-0.321702301502,0.663383245468,-0.419342279434
0.675911545753,-0.268651545048,0.806282401085,-0.529334664345,-0.319386035204,0.664628446102,-0.419602781534
0.675361096859,-0.268790185452,0.806135296822,-0.528550088406,-0.312918394804,0.667579114437,-0.420779109001
0.674946248531,-0.268901765347,0.806226432323,-0.528522193432,-0.309150159359,0.669044077396,-0.421272605658
0.674398303032,-0.269065529108,0.806045055389,-0.526239573956,-0.301630556583,0.673266172409,-0.422851741314
0.674036920071,-0.269192755222,0.806039988995,-0.524198234081,-0.292582809925,0.677052915096,-0.425688803196
0.673588514328,-0.269296497107,0.805983901024,-0.522527337074,-0.284770488739,0.680276334286,-0.427896201611
0.671706616879,-0.269195407629,0.806508660316,-0.528040528297,-0.298094749451,0.671801149845,-0.425436168909
0.67070120573,-0.269249677658,0.806396663189,-0.525811731815,-0.294607788324,0.673931360245,-0.427252829075
0.67058390379,-0.269368469715,0.806822478771,-0.524827361107,-0.288351565599,0.675416767597,-0.430374205112
0.670382261276,-0.269842982292,0.807317614555,-0.516074538231,-0.278714954853,0.681716322899,-0.437319010496
0.669547379017,-0.26988530159,0.807115018368,-0.513403713703,-0.2755382061,0.683352053165,-0.439915210009
0.669306814671,-0.269728690386,0.807268917561,-0.518196105957,-0.273370057344,0.681142687798,-0.439074426889
0.668980836868,-0.269877433777,0.807397544384,-0.516155958176,-0.268979877234,0.682949841022,-0.441375792027
0.668846964836,-0.270301997662,0.807789087296,-0.516188502312,-0.26387989521,0.684601545334,-0.441857069731
0.668839335442,-0.271081984043,0.8082280159,-0.508616328239,-0.256671607494,0.690718889236,-0.445350050926
0.668605327606,-0.271158277988,0.808312654495,-0.507121503353,-0.254927009344,0.691418647766,-0.446968019009
0.66815328598,-0.270902842283,0.808119237423,-0.512046575546,-0.256414204836,0.688467085361,-0.445053935051
0.668012917042,-0.271437257528,0.808512330055,-0.502238512039,-0.2504594028,0.693499088287,-0.451758384705
0.667563736439,-0.271099895239,0.808461785316,-0.508333146572,-0.251409590244,0.689774394035,-0.450113236904
0.667435884476,-0.27117472887,0.808628559113,-0.508425533772,-0.24982662499,0.689632952213,-0.451106011868
0.66725474596,-0.271179378033,0.808764815331,-0.508375525475,-0.249176159501,0.689210653305,-0.452166348696
0.667068302631,-0.271099478006,0.808858036995,-0.507682204247,-0.247907266021,0.688954651356,-0.45402893424
0.667186558247,-0.271491378546,0.809283733368,-0.500266134739,-0.242746412754,0.692522883415,-0.459586769342
0.667078614235,-0.271478652954,0.809414148331,-0.499958783388,-0.241314634681,0.692375779152,-0.460895270109
0.666978299618,-0.271471917629,0.809573888779,-0.498829066753,-0.238875955343,0.69279229641,-0.462759912014
0.66688388586,-0.271479576826,0.809724450111,-0.498453259468,-0.236785560846,0.692516982555,-0.464647382498
0.666807711124,-0.271461248398,0.809868454933,-0.497789591551,-0.235377937555,0.692130744457,-0.466645479202
0.666766226292,-0.271463930607,0.810021281242,-0.497071683407,-0.233667939901,0.691692948341,-0.468913674355
0.666736125946,-0.271474301815,0.810138583183,-0.496443212032,-0.232331320643,0.691441237926,-0.470611900091
0.666743755341,-0.271493047476,0.810248374939,-0.495653867722,-0.230704203248,0.691204428673,-0.472588092089
0.666671395302,-0.271049410105,0.810024797916,-0.504172027111,-0.234289288521,0.686238050461,-0.469037979841
0.666709661484,-0.271109819412,0.810111880302,-0.503232061863,-0.23296572268,0.686124920845,-0.470868438482
0.666854918003,-0.271664947271,0.810502588749,-0.492749124765,-0.226541996002,0.690566182137,-0.478534609079
0.666988611221,-0.27172845602,0.810538232327,-0.491516947746,-0.224414110184,0.690648913383,-0.48068022728
0.66698217392,-0.271332621574,0.810306966305,-0.500388562679,-0.229040890932,0.685355424881,-0.476906299591
0.667155206203,-0.271820396185,0.810560584068,-0.493538200855,-0.223798632622,0.686774253845,-0.484433174133
0.66723304987,-0.271868258715,0.811050653458,-0.501640617847,-0.220974460244,0.683886170387,-0.481483876705
0.667533218861,-0.272230833769,0.811231434345,-0.496700465679,-0.217396825552,0.684733867645,-0.486997753382
0.667366504669,-0.271905452013,0.810590684414,-0.498240888119,-0.222361281514,0.684276461601,-0.483815521002
0.667522311211,-0.271925985813,0.810600757599,-0.497819900513,-0.221961706877,0.683646738529,-0.485320091248
0.667650103569,-0.270841032267,0.809722900391,-0.488491624594,-0.231875777245,0.681224524975,-0.493500560522
0.667809903622,-0.271880686283,0.810590744019,-0.497142463923,-0.222036570311,0.681842982769,-0.488507449627
0.667670369148,-0.270931273699,0.810059964657,-0.491157352924,-0.227107092738,0.678723335266,-0.496509373188
0.668103098869,-0.271266311407,0.810391962528,-0.484263569117,-0.222759500146,0.68106418848,-0.502014756203
0.668196320534,-0.270741611719,0.810091853142,-0.493452876806,-0.22745166719,0.676486134529,-0.497128158808
0.66866505146,-0.271044075489,0.81045114994,-0.486527293921,-0.223013103008,0.679123282433,-0.502342522144
0.668857991695,-0.27100148797,0.810467362404,-0.486498951912,-0.222486183047,0.678753733635,-0.503102660179
0.669414699078,-0.271636724472,0.810845971107,-0.49015134573,-0.218427225947,0.680950045586,-0.498345524073
0.669566869736,-0.271679162979,0.810876846313,-0.488117277622,-0.217309609056,0.681108117104,-0.500609517097
0.670194208622,-0.271464884281,0.811294913292,-0.489086806774,-0.215708628297,0.679277420044,-0.502838015556
0.670495390892,-0.271374076605,0.811310887337,-0.489372909069,-0.215480595827,0.678455710411,-0.50376611948
0.670771360397,-0.27168649435,0.811645030975,-0.496130734682,-0.212320253253,0.677396774292,-0.499907910824
0.671107649803,-0.271611839533,0.811637997627,-0.496948748827,-0.211961641908,0.676423668861,-0.500565052032
0.671145617962,-0.271343648434,0.811062216759,-0.490724354982,-0.215108036995,0.677138209343,-0.504383027554
0.671647369862,-0.271184623241,0.811080217361,-0.492923229933,-0.215274348855,0.675788462162,-0.503977954388
0.672264993191,-0.27117395401,0.811479091644,-0.495649039745,-0.213524803519,0.67359828949,-0.504979789257
0.672460436821,-0.271514177322,0.811672866344,-0.496555328369,-0.209937795997,0.673620939255,-0.505563020706
0.672357499599,-0.270358473063,0.810629665852,-0.488671809435,-0.218654155731,0.670312106609,-0.513879239559
0.672755777836,-0.270289897919,0.810624539852,-0.48897767067,-0.2185202986,0.669194638729,-0.515100121498
0.673218131065,-0.270224958658,0.81058382988,-0.488902449608,-0.217872917652,0.668629705906,-0.516178369522
0.673641979694,-0.27021497488,0.810626983643,-0.489438086748,-0.217425584793,0.667894124985,-0.51681137085
0.674010694027,-0.270211219788,0.810616612434,-0.489629656076,-0.216974511743,0.667188942432,-0.517729341984
0.67443561554,-0.270174175501,0.81056946516,-0.490407884121,-0.217643603683,0.665926754475,-0.518336772919
0.674859941006,-0.270152896643,0.810554623604,-0.491417050362,-0.217681750655,0.664666712284,-0.518981993198
0.675241231918,-0.270171821117,0.810502886772,-0.491953909397,-0.217383787036,0.663711488247,-0.519819915295
0.676029860973,-0.270138204098,0.810159921646,-0.489180624485,-0.220586761832,0.665100157261,-0.519312679768
0.676283180714,-0.269958555698,0.810397386551,-0.494311243296,-0.219827845693,0.660980463028,-0.520035684109
0.676748454571,-0.269746601582,0.810257434845,-0.493920683861,-0.222049251199,0.659318327904,-0.521570503712
0.677389144897,-0.269560992718,0.810182750225,-0.49146476388,-0.223246142268,0.660263478756,-0.522183835506
0.677781105042,-0.269527792931,0.810079991817,-0.489099264145,-0.221375852823,0.663784444332,-0.520734906197
0.678460001945,-0.270843327045,0.811080694199,-0.497701734304,-0.209779679775,0.668155431747,-0.511716604233
0.678723871708,-0.270864963531,0.811083436012,-0.496948242188,-0.208920195699,0.669124186039,-0.511534571648
0.678778529167,-0.270550370216,0.810722887516,-0.502381980419,-0.212122365832,0.667309999466,-0.50726121664
0.679173886776,-0.270974993706,0.810989022255,-0.493385493755,-0.206860125065,0.671564519405,-0.512621581554
0.678946495056,-0.269812375307,0.809874773026,-0.483218491077,-0.215103507042,0.670389175415,-0.52039295435
0.678964316845,-0.269526481628,0.809408903122,-0.482510477304,-0.217920601368,0.670527279377,-0.519699454308
0.679111838341,-0.269530445337,0.80928337574,-0.479942083359,-0.217675700784,0.671678304672,-0.520693063736
0.679369986057,-0.269417613745,0.809175550938,-0.47958523035,-0.218761876225,0.672096133232,-0.520026981831
0.679384291172,-0.268954128027,0.80876147747,-0.48578774929,-0.223796114326,0.670059382915,-0.514729201794
0.680166244507,-0.268895566463,0.809040307999,-0.487323433161,-0.223306596279,0.670541346073,-0.512859165668
0.680393695831,-0.268691271544,0.808823823929,-0.486297488213,-0.225066885352,0.67117702961,-0.512231528759
0.681226611137,-0.269141286612,0.809080660343,-0.493338853121,-0.222474530339,0.673156678677,-0.503966212273
0.681387126446,-0.268964916468,0.808944702148,-0.493627369404,-0.223386257887,0.673461914062,-0.502871453762
0.681543111801,-0.268802285194,0.808842658997,-0.493878751993,-0.223970144987,0.673802137375,-0.501908361912
0.68165820837,-0.268583327532,0.808725357056,-0.494033366442,-0.224842518568,0.673970997334,-0.501138687134
0.681790173054,-0.268370181322,0.8085744977,-0.493903815746,-0.22444653511,0.674838364124,-0.500275850296
0.681636273861,-0.267886817455,0.80825895071,-0.480977743864,-0.224454984069,0.676794826984,-0.510126769543
0.681875646114,-0.267566710711,0.808154702187,-0.483124732971,-0.2262609303,0.676813900471,-0.507266640663
0.682049870491,-0.267359316349,0.808016300201,-0.483447372913,-0.22616006434,0.677472710609,-0.506123542786
0.682119309902,-0.267161369324,0.807884693146,-0.48361864686,-0.226761609316,0.677713215351,-0.505368232727
0.682140231133,-0.266918450594,0.807807564735,-0.484099298716,-0.228339120746,0.677308857441,-0.504739403725
0.682228565216,-0.266702473164,0.807691931725,-0.484898805618,-0.229189157486,0.677005767822,-0.503992676735
0.681852638721,-0.266370028257,0.807245254517,-0.483539909124,-0.231142655015,0.676884591579,-0.504568397999
0.682739973068,-0.267532408237,0.80847465992,-0.492275565863,-0.22052206099,0.680068314075,-0.496529817581
0.682776272297,-0.267306268215,0.808349967003,-0.492648273706,-0.221489995718,0.67997699976,-0.495854198933
0.68273204565,-0.266527414322,0.807892382145,-0.502876639366,-0.228483766317,0.675376713276,-0.488647967577
0.682971000671,-0.266655623913,0.808104991913,-0.496541261673,-0.225659281015,0.678561270237,-0.492015570402
0.682867228985,-0.266528457403,0.808007955551,-0.494880825281,-0.225506260991,0.679309427738,-0.492725849152
0.682868242264,-0.26626008749,0.807905554771,-0.4954611063,-0.22676281631,0.679043054581,-0.49193251133
0.682776451111,-0.265514731407,0.807501912117,-0.504241943359,-0.232136651874,0.675100505352,-0.485893040895
0.682770311832,-0.265211492777,0.807401835918,-0.505057096481,-0.233456447721,0.674843430519,-0.484769880772
0.682754576206,-0.264871418476,0.807285189629,-0.505805492401,-0.235147699714,0.674649000168,-0.483440905809
0.682586491108,-0.264660745859,0.807161092758,-0.503934323788,-0.235183805227,0.675998032093,-0.483492970467
0.682550430298,-0.264333248138,0.807063579559,-0.504620552063,-0.237157091498,0.675931870937,-0.481903254986
0.682796597481,-0.264352977276,0.807252764702,-0.498531460762,-0.23534193635,0.679127693176,-0.484629958868
0.682686686516,-0.263473749161,0.80678486824,-0.508173406124,-0.243003979325,0.674995720387,-0.476539224386
0.682279407978,-0.262088358402,0.805620789528,-0.500106096268,-0.253566473722,0.674416542053,-0.480375319719
0.68261218071,-0.26289075613,0.806399047375,-0.507324039936,-0.246697574854,0.677594900131,-0.471834659576
0.682259321213,-0.261371999979,0.80515563488,-0.502692937851,-0.261430323124,0.675668179989,-0.471621245146
0.682841181755,-0.26202750206,0.805627703667,-0.500641524792,-0.258315294981,0.682537436485,-0.465589940548
0.682550549507,-0.260969907045,0.804903030396,-0.496294498444,-0.266831964254,0.681999981403,-0.466228246689
0.68241161108,-0.260125905275,0.804401397705,-0.505357801914,-0.275016695261,0.678181648254,-0.457218915224
0.682496607304,-0.259748131037,0.804071068764,-0.504728078842,-0.278311163187,0.679886519909,-0.453372746706
0.682530403137,-0.259321898222,0.803735136986,-0.504779696465,-0.283622533083,0.680553972721,-0.44900110364
0.683147251606,-0.259640514851,0.804313719273,-0.511091828346,-0.282692402601,0.681731760502,-0.440581560135
0.683304429054,-0.259036034346,0.804112195969,-0.510649085045,-0.289261162281,0.680751681328,-0.438341081142
0.682546079159,-0.258245766163,0.803208231926,-0.504172384739,-0.299097955227,0.680863976479,-0.439061462879
0.682736456394,-0.257927805185,0.803624153137,-0.506914377213,-0.304818868637,0.67916816473,-0.434573233128
0.682738006115,-0.257719665766,0.803636670113,-0.507174909115,-0.308794260025,0.678695440292,-0.432194799185
0.682743966579,-0.257334768772,0.802818894386,-0.506562054157,-0.312581896782,0.678403913975,-0.430645465851
0.68280005455,-0.257221788168,0.802702128887,-0.506364524364,-0.315089434385,0.678537547588,-0.428836286068
0.682883441448,-0.257124960423,0.802633523941,-0.506208777428,-0.317319482565,0.678634107113,-0.427219927311
0.682972788811,-0.257081478834,0.802553474903,-0.50575196743,-0.318983107805,0.678634881973,-0.426520437002
0.683601737022,-0.258271127939,0.803493976593,-0.514250040054,-0.309201687574,0.680108487606,-0.421181440353
0.683706998825,-0.258348613977,0.803445339203,-0.513822197914,-0.309784054756,0.680242478848,-0.421059191227
0.683986604214,-0.258166670799,0.80318146944,-0.510559201241,-0.311964124441,0.680520951748,-0.4229644835
0.684100151062,-0.258286565542,0.803117632866,-0.507369935513,-0.312781065702,0.680873572826,-0.425623118877
0.684406995773,-0.258441746235,0.803144574165,-0.509336590767,-0.314257591963,0.679228425026,-0.424814164639
0.684374988079,-0.259258449078,0.803339481354,-0.512773931026,-0.310315161943,0.680176615715,-0.42205119133
0.684452950954,-0.259348988533,0.80313539505,-0.508303403854,-0.311627984047,0.680978477001,-0.425187110901
0.684033215046,-0.258808791637,0.802423477173,-0.50177949667,-0.318611502647,0.680236816406,-0.428931415081
0.684174120426,-0.259012311697,0.802390575409,-0.501525044441,-0.318224042654,0.680425167084,-0.429217636585
0.684555411339,-0.259153813124,0.802390575409,-0.503608465195,-0.318143785,0.679673373699,-0.428027063608
0.684736311436,-0.259366631508,0.802384734154,-0.503701329231,-0.317631214857,0.67962539196,-0.428374797106
0.684898614883,-0.25952270627,0.802268028259,-0.504169106483,-0.317262262106,0.67931330204,-0.428592890501
0.685045599937,-0.259694516659,0.802419662476,-0.50451028347,-0.317058503628,0.679133951664,-0.428626328707
0.685738146305,-0.260960787535,0.80324190855,-0.513914048672,-0.305993407965,0.68055999279,-0.423200309277
0.685864150524,-0.261063039303,0.803260445595,-0.514495909214,-0.305805802345,0.680339217186,-0.422983795404
0.686003744602,-0.261142581701,0.803273797035,-0.514755606651,-0.305770874023,0.68026715517,-0.422808974981
0.686110973358,-0.261197090149,0.803291797638,-0.515157520771,-0.305252850056,0.68023109436,-0.422751754522
0.686177313328,-0.261245340109,0.803306758404,-0.515467047691,-0.305347502232,0.680117607117,-0.422488808632
0.686245560646,-0.261256158352,0.803334712982,-0.515623867512,-0.305258631706,0.680051743984,-0.422467708588
0.686246275902,-0.261389702559,0.803336620331,-0.513415634632,-0.303027927876,0.681931018829,-0.423731803894
0.686410546303,-0.261268168688,0.803369283676,-0.515242397785,-0.304123669863,0.680853784084,-0.422459721565
0.686285078526,-0.261368513107,0.803409576416,-0.513491332531,-0.303034126759,0.682056009769,-0.42343428731
0.686428666115,-0.261235237122,0.803440690041,-0.51516443491,-0.30431368947,0.680980622768,-0.422213584185
0.686290383339,-0.261304229498,0.803465366364,-0.513157248497,-0.303511381149,0.682163953781,-0.423323750496
0.686410188675,-0.261153429747,0.8034927845,-0.514793753624,-0.304480671883,0.681198477745,-0.422193735838
0.686266720295,-0.261218547821,0.803508341312,-0.512802064419,-0.303461074829,0.682389318943,-0.423426866531
0.686387360096,-0.261059850454,0.803516626358,-0.51446980238,-0.304483264685,0.681390166283,-0.422277361155
0.686372697353,-0.260999411345,0.803516745567,-0.514333128929,-0.304577767849,0.681400418282,-0.42235943675
0.686377048492,-0.260910511017,0.803522050381,-0.514088451862,-0.304894924164,0.681494891644,-0.422275900841
0.686369478703,-0.260851085186,0.803508877754,-0.514025807381,-0.304893791676,0.681459486485,-0.422410100698
0.686358392239,-0.260770082474,0.803492546082,-0.513828754425,-0.304971933365,0.681401312351,-0.422687262297
0.68634557724,-0.260705143213,0.803468585014,-0.513720691204,-0.305030316114,0.681309938431,-0.422923654318
0.686348080635,-0.260633468628,0.8034491539,-0.513402402401,-0.30508223176,0.68130338192,-0.423282980919
0.686240017414,-0.260554462671,0.803458809853,-0.513871073723,-0.306767702103,0.680240094662,-0.423206329346
0.686235249043,-0.260482192039,0.803433716297,-0.513700962067,-0.30685532093,0.680122971535,-0.423537433147
0.686232686043,-0.260418355465,0.803429484367,-0.513619542122,-0.30690741539,0.679914236069,-0.423933297396
0.686231136322,-0.260336726904,0.803403615952,-0.51364415884,-0.307202398777,0.679742097855,-0.423965871334
0.68622726202,-0.260304570198,0.803405642509,-0.513549923897,-0.307289004326,0.679476678371,-0.424442648888
0.686208248138,-0.260247200727,0.803402364254,-0.513408899307,-0.307313293219,0.679276108742,-0.424916356802
0.686188220978,-0.260182321072,0.803421616554,-0.513681650162,-0.307636409998,0.678894937038,-0.424961835146
0.686148941517,-0.260150492191,0.803433775902,-0.513659954071,-0.307772606611,0.67869758606,-0.425204753876
0.686088979244,-0.260113179684,0.803455710411,-0.513688802719,-0.307759165764,0.678525269032,-0.425454616547
0.686017811298,-0.260071098804,0.803491234779,-0.513607740402,-0.308001250029,0.678245961666,-0.425822407007
0.68592774868,-0.26002201438,0.803572535515,-0.513752281666,-0.307825833559,0.67787194252,-0.426370084286
0.685808539391,-0.26000636816,0.803627490997,-0.51387834549,-0.307854861021,0.677740156651,-0.426407068968
0.685673058033,-0.25998878479,0.803683996201,-0.513857901096,-0.307692736387,0.677762329578,-0.426513284445
0.685455858707,-0.259956389666,0.803792953491,-0.514100790024,-0.307974398136,0.677488684654,-0.42645201087
0.685284912586,-0.259939432144,0.80385518074,-0.514161527157,-0.307936400175,0.677576780319,-0.42626619339
0.684945225716,-0.259753286839,0.803693652153,-0.509070575237,-0.30964615941,0.679114699364,-0.428683549166
0.684728205204,-0.259746789932,0.803742647171,-0.508911073208,-0.30976369977,0.679348468781,-0.428417533636
0.684528052807,-0.259755313396,0.803796589375,-0.508832216263,-0.309516876936,0.679615437984,-0.428266406059
0.684213519096,-0.260088980198,0.804098904133,-0.511700749397,-0.306855469942,0.679763674736,-0.426524937153
0.683969676495,-0.260122269392,0.804160118103,-0.511887311935,-0.306641936302,0.679925024509,-0.426197350025
0.683831095695,-0.260067343712,0.804243326187,-0.514405608177,-0.307182997465,0.678725719452,-0.424684524536
0.683027207851,-0.259086757898,0.803768873215,-0.505975306034,-0.317410349846,0.677369654179,-0.429429799318
0.68332695961,-0.260156989098,0.804290413857,-0.515094816685,-0.306521773338,0.678897321224,-0.424052208662
0.682464718819,-0.259142756462,0.80374956131,-0.506237566471,-0.316643357277,0.677742362022,-0.429099053144
0.682170212269,-0.259238958359,0.803767800331,-0.505854547024,-0.316086024046,0.678517878056,-0.428735733032
0.681481480598,-0.259342491627,0.803754985332,-0.504801630974,-0.31714168191,0.679465174675,-0.427695572376
0.681639254093,-0.259409278631,0.803655743599,-0.506365537643,-0.31525850296,0.679283797741,-0.427527308464
0.681298434734,-0.259457677603,0.803277432919,-0.506852626801,-0.315284460783,0.679439425468,-0.426682949066
0.681593239307,-0.260653078556,0.804291367531,-0.516061246395,-0.304534226656,0.680691719055,-0.421424418688
0.680751919746,-0.259848952293,0.803891777992,-0.507680058479,-0.314233630896,0.680178761482,-0.425294071436
0.680460214615,-0.259976029396,0.803861498833,-0.507636666298,-0.313178479671,0.680501878262,-0.42560711503
0.680216729641,-0.259970188141,0.803306698799,-0.507926821709,-0.312827944756,0.680653572083,-0.425276070833
0.680499196053,-0.261195540428,0.804239273071,-0.516400814056,-0.302407950163,0.682283043861,-0.419963628054
0.679673552513,-0.260300844908,0.80358505249,-0.508232176304,-0.312019824982,0.680894970894,-0.425118595362
0.679583489895,-0.260721445084,0.803608953953,-0.501181602478,-0.30892059207,0.685673296452,-0.428062260151
0.679312348366,-0.260903775692,0.803662180901,-0.501433312893,-0.308884948492,0.685871005058,-0.427476078272
0.678708791733,-0.260808318853,0.803506612778,-0.506374537945,-0.310849249363,0.682771325111,-0.425183266401
0.678444504738,-0.260910749435,0.803556203842,-0.506430089474,-0.310577273369,0.682776927948,-0.425307065248
0.67821508646,-0.261009901762,0.803609371185,-0.506439387798,-0.310280829668,0.682963252068,-0.425213009119
0.677962481976,-0.261072337627,0.803501486778,-0.506586372852,-0.309927970171,0.682947516441,-0.42532068491
0.677832484245,-0.261020720005,0.803533434868,-0.508329510689,-0.310815751553,0.682088196278,-0.423969805241
0.67760270834,-0.261077970266,0.803612649441,-0.508501768112,-0.310510545969,0.682093799114,-0.423977911472
0.677369832993,-0.261149346828,0.803693413734,-0.508036315441,-0.310534030199,0.682527959347,-0.423819959164
0.677136301994,-0.261202841997,0.803755283356,-0.508055090904,-0.310818165541,0.682438075542,-0.423733860254
0.676895141602,-0.261280357838,0.803821265697,-0.507748663425,-0.310888200998,0.682876646519,-0.423343062401
0.676679074764,-0.261309802532,0.803901910782,-0.507640957832,-0.311016798019,0.682859420776,-0.423405647278
0.676503717899,-0.261337697506,0.803959131241,-0.507642388344,-0.311227113008,0.682898879051,-0.423185795546
0.677375674248,-0.261413753033,0.804183602333,-0.505999743938,-0.307101488113,0.685333848,-0.424229502678
0.677233159542,-0.261471509933,0.804238796234,-0.505304694176,-0.30692076683,0.685727894306,-0.424551784992
0.677092194557,-0.26148802042,0.804348707199,-0.505502462387,-0.307138770819,0.685426473618,-0.424645274878
0.676972687244,-0.261493265629,0.804422855377,-0.505422890186,-0.307694256306,0.685235261917,-0.42464646697
0.675835728645,-0.261422544718,0.80437630415,-0.506463468075,-0.31240516901,0.683037340641,-0.423506617546
0.675769090652,-0.261431962252,0.804454565048,-0.506232500076,-0.312897861004,0.682844519615,-0.423729777336
0.675696194172,-0.261434674263,0.804538667202,-0.505750119686,-0.313483655453,0.683026194572,-0.423580050468
0.675667107105,-0.261461615562,0.804630637169,-0.505533635616,-0.314045190811,0.682771444321,-0.423833191395
0.675655424595,-0.26147133112,0.804703891277,-0.505093336105,-0.314691156149,0.682539761066,-0.424252152443
0.675669670105,-0.261554569006,0.804791867733,-0.504491209984,-0.315130233765,0.682339310646,-0.424964278936
0.675704717636,-0.261614501476,0.80488216877,-0.504296958447,-0.315681695938,0.682049870491,-0.425249963999
0.675772428513,-0.261687040329,0.804970741272,-0.504057347775,-0.31596878171,0.681836366653,-0.42566332221
0.676025569439,-0.261634021997,0.805170536041,-0.50389790535,-0.316529244184,0.680712640285,-0.427231132984
0.676466584206,-0.262935429811,0.806087851524,-0.512189149857,-0.306140035391,0.682718634605,-0.42170599103
0.676053225994,-0.261938333511,0.805158555508,-0.503849565983,-0.316772401333,0.680861532688,-0.426870435476
0.676157176495,-0.26205188036,0.805213451385,-0.503684937954,-0.317013323307,0.680673897266,-0.427185058594
0.676757693291,-0.263333857059,0.806236505508,-0.512479960918,-0.308030307293,0.681487977505,-0.421966552734
0.676878333092,-0.263468116522,0.806294322014,-0.512639403343,-0.30826407671,0.681235909462,-0.42200922966
0.677035272121,-0.263607889414,0.806362390518,-0.513567328453,-0.308317929506,0.680562019348,-0.421929210424
0.677169620991,-0.26378685236,0.806469619274,-0.514000654221,-0.307995915413,0.680478096008,-0.421771883965
0.677281439304,-0.263955175877,0.806568264961,-0.514519572258,-0.30761936307,0.680372178555,-0.421584665775
0.677364945412,-0.264123022556,0.806686878204,-0.51515007019,-0.306908547878,0.680294930935,-0.421457648277
0.677423298359,-0.264310777187,0.806830585003,-0.515794694424,-0.306179404259,0.680291712284,-0.421204507351
0.677442491055,-0.264524251223,0.806979954243,-0.515717864037,-0.305542171001,0.680540144444,-0.421360045671
0.677406549454,-0.264703989029,0.807190656662,-0.515950620174,-0.305071920156,0.680942952633,-0.420764505863
0.676803827286,-0.263755142689,0.806577086449,-0.507596194744,-0.315408021212,0.679470419884,-0.425657093525
0.676734566689,-0.264076530933,0.807147979736,-0.507394194603,-0.314523369074,0.679857313633,-0.425934582949
0.676711320877,-0.264341115952,0.807648539543,-0.507777810097,-0.313296943903,0.680535495281,-0.425297796726
0.676606118679,-0.264531850815,0.807663083076,-0.508311271667,-0.312834501266,0.680881440639,-0.424446344376
0.676414072514,-0.264761149883,0.808036446571,-0.508278846741,-0.312114596367,0.681507945061,-0.424009621143
0.676259636879,-0.265033185482,0.808620274067,-0.50745177269,-0.311583846807,0.682669520378,-0.423521608114
0.677058041096,-0.265222668648,0.808980941772,-0.505043804646,-0.306664437056,0.686450779438,-0.423878610134
0.676829755306,-0.265387237072,0.809219062328,-0.505296468735,-0.307326436043,0.686377048492,-0.423217028379
0.676679551601,-0.265625715256,0.809973955154,-0.505442142487,-0.308426618576,0.685856282711,-0.423086762428
0.676022946835,-0.265770763159,0.810072660446,-0.503631830215,-0.31082752347,0.686558783054,-0.422348737717
0.675410091877,-0.266088187695,0.810467600822,-0.506811916828,-0.314499229193,0.68355858326,-0.420689254999
0.675291359425,-0.266306310892,0.810807406902,-0.505953550339,-0.313942283392,0.684832215309,-0.420066773891
0.675159931183,-0.266649723053,0.81180870533,-0.505162239075,-0.313876837492,0.68527340889,-0.420348465443
0.675016522408,-0.266854375601,0.812214136124,-0.504734039307,-0.314435809851,0.68567854166,-0.419784337282
0.674837291241,-0.267036288977,0.81239771843,-0.503611147404,-0.314770102501,0.686247646809,-0.419952064753
0.674717068672,-0.267194926739,0.812533378601,-0.502306997776,-0.314948141575,0.687000513077,-0.420149624348
0.674590110779,-0.267353355885,0.812862634659,-0.502113997936,-0.316435068846,0.686631441116,-0.419866323471
0.674498677254,-0.26756054163,0.813239336014,-0.501179277897,-0.317318916321,0.686903774738,-0.419870704412
0.674445390701,-0.267790913582,0.813691079617,-0.500698745251,-0.318416386843,0.686722815037,-0.41990891099
0.674424767494,-0.268067985773,0.814315080643,-0.50041115284,-0.319231569767,0.686246037483,-0.420411854982
0.674405932426,-0.268192201853,0.814434170723,-0.499787837267,-0.319503247738,0.686086773872,-0.421206235886
0.67491877079,-0.269577980042,0.815741896629,-0.507123112679,-0.309446781874,0.688156604767,-0.41654458642
0.674394488335,-0.26859909296,0.81509745121,-0.497197538614,-0.321617424488,0.686728775501,-0.421616643667
0.674460530281,-0.268836170435,0.815390706062,-0.495780974627,-0.323175400496,0.686450541019,-0.422545433044
0.674413323402,-0.269083797932,0.815628409386,-0.49320691824,-0.323629498482,0.687033593655,-0.42425891757
0.674676656723,-0.26910918951,0.815879583359,-0.493825614452,-0.325167059898,0.686173319817,-0.423755705357
0.67487090826,-0.269271016121,0.816138744354,-0.493399918079,-0.325928628445,0.685952663422,-0.424023807049
0.675059199333,-0.269384235144,0.816348433495,-0.492771089077,-0.327516764402,0.685408294201,-0.424411267042
0.6752820611,-0.269503504038,0.816487669945,-0.491446733475,-0.329053759575,0.685324192047,-0.424893677235
0.675603210926,-0.269576728344,0.816592156887,-0.489963710308,-0.328773319721,0.685804307461,-0.426047176123
0.67588442564,-0.269676566124,0.816722512245,-0.488424777985,-0.330238163471,0.6856366992,-0.426950156689
0.676240742207,-0.269706875086,0.816828131676,-0.487579196692,-0.332206726074,0.684879124165,-0.4276047647
0.676184952259,-0.269682765007,0.81661093235,-0.485309362411,-0.335339963436,0.684739768505,-0.427964508533
0.676550865173,-0.26969692111,0.816651463509,-0.48422729969,-0.337213546038,0.684164941311,-0.428636461496
0.677328705788,-0.269862264395,0.81702375412,-0.483306854963,-0.33664855361,0.683767318726,-0.43074887991
0.677899301052,-0.269859492779,0.817053496838,-0.482588171959,-0.338228672743,0.682884216309,-0.43171647191
0.678292989731,-0.26959875226,0.816665768623,-0.481610625982,-0.341410398483,0.682010889053,-0.431684106588
0.679284632206,-0.269600570202,0.816990017891,-0.482543081045,-0.341839849949,0.680495321751,-0.432693719864
0.680031001568,-0.269625097513,0.81699681282,-0.481419354677,-0.343070656061,0.680347502232,-0.433203518391
0.680832624435,-0.269513756037,0.816856622696,-0.480613321066,-0.344738095999,0.679167330265,-0.434624522924
0.681187748909,-0.269273459911,0.816456973553,-0.478688955307,-0.347612649202,0.678332567215,-0.435760736465
0.682594001293,-0.269290089607,0.816654860973,-0.479590862989,-0.346804350615,0.677464962006,-0.436761617661
0.683077454567,-0.269049674273,0.81611174345,-0.477238237858,-0.350303173065,0.67666721344,-0.437781661749
0.685388326645,-0.269164294004,0.816382706165,-0.475224882364,-0.346392542124,0.677453637123,-0.441848605871
0.68527764082,-0.268835425377,0.815736413002,-0.475775688887,-0.352735728025,0.673551380634,-0.44220328331
0.686815917492,-0.268835395575,0.81588280201,-0.47751173377,-0.352792799473,0.671648919582,-0.443179219961
0.688044071198,-0.268620043993,0.815603733063,-0.476609647274,-0.353567093611,0.670389711857,-0.445433735847
0.689164280891,-0.268549561501,0.815348267555,-0.476543873549,-0.355121940374,0.668895840645,-0.446511685848
0.689781606197,-0.268479377031,0.815420925617,-0.478086680174,-0.374770134687,0.658996522427,-0.443513274193
0.691710650921,-0.26824593544,0.814661979675,-0.476496517658,-0.3575104177,0.665199637413,-0.450163155794
0.692515432835,-0.268013417721,0.814199566841,-0.47400957346,-0.359789311886,0.664413452148,-0.452129751444
0.693826556206,-0.267863959074,0.814054131508,-0.475238054991,-0.361038297415,0.662000179291,-0.4533829391
0.695400834084,-0.267952769995,0.813753724098,-0.475956141949,-0.358831495047,0.661143362522,-0.455626308918
0.696358323097,-0.267970830202,0.814021766186,-0.474241495132,-0.360325783491,0.660210847855,-0.457582890987
0.698168754578,-0.267826229334,0.813834071159,-0.477698892355,-0.36001521349,0.657628953457,-0.457948803902
0.699576079845,-0.267633169889,0.813239812851,-0.477995783091,-0.359265774488,0.656167149544,-0.460318118334
0.700652122498,-0.267806589603,0.813434362411,-0.478347957134,-0.361416488886,0.654512524605,-0.460624456406
0.701540648937,-0.267705261707,0.813370466232,-0.476856440306,-0.362707406282,0.653600096703,-0.462448328733
0.702592670918,-0.267726957798,0.81269133091,-0.477873831987,-0.363899558783,0.651650905609,-0.463211476803
0.703826248646,-0.267699897289,0.812565565109,-0.477034717798,-0.362247318029,0.652306735516,-0.464446723461
0.704760074615,-0.267807096243,0.812473416328,-0.478582322598,-0.363462150097,0.65021020174,-0.464845150709
0.706232607365,-0.267972946167,0.81220471859,-0.480946421623,-0.36006206274,0.650096178055,-0.465210407972
0.70721745491,-0.268067449331,0.812198162079,-0.48189330101,-0.359887719154,0.649021804333,-0.465865194798
0.707739412785,-0.268108457327,0.812012791634,-0.480273783207,-0.361000597477,0.649178147316,-0.46645835042
0.70914542675,-0.268276870251,0.812285065651,-0.482583582401,-0.359001755714,0.648368895054,-0.466742753983
0.709927260876,-0.268347620964,0.812175095081,-0.482562482357,-0.358875483274,0.648097872734,-0.467237859964
0.710423886776,-0.268391758204,0.812158823013,-0.482149302959,-0.359644204378,0.646730303764,-0.468964844942
0.712513625622,-0.268594771624,0.812048912048,-0.481900721788,-0.354792118073,0.64869838953,-0.47019636631
0.7134090662,-0.268520921469,0.811964988708,-0.484682649374,-0.35615375638,0.646284997463,-0.469630718231
0.713595032692,-0.268545687199,0.811917901039,-0.484389692545,-0.358898460865,0.644779741764,-0.469912439585
0.71454423666,-0.268637597561,0.811878800392,-0.486231595278,-0.358150869608,0.644265949726,-0.469284772873
0.713754355907,-0.268845111132,0.811453461647,-0.484529435635,-0.35749605298,0.645153582096,-0.470324158669
0.714237332344,-0.268924742937,0.811384260654,-0.48559871316,-0.357111394405,0.644493222237,-0.47041875124
0.714649558067,-0.269026368856,0.811160802841,-0.485366284847,-0.355691969395,0.645332455635,-0.470583558083
0.715020596981,-0.269210487604,0.811127781868,-0.486661046743,-0.354594498873,0.645173072815,-0.470293015242
0.715651631355,-0.269276410341,0.810584783554,-0.488755375147,-0.352476328611,0.6452678442,-0.469583064318
0.715869486332,-0.269522547722,0.811012089252,-0.489515960217,-0.352151364088,0.645029425621,-0.469361901283
0.71605181694,-0.269725859165,0.811279892921,-0.489812195301,-0.351817578077,0.645264029503,-0.468980669975
0.71615087986,-0.269862681627,0.811255633831,-0.490468800068,-0.350930988789,0.645424008369,-0.468738645315
0.715824306011,-0.269837349653,0.810550332069,-0.489715188742,-0.351959139109,0.645360469818,-0.468842834234
0.715897262096,-0.270257920027,0.811995506287,-0.490017533302,-0.351303428411,0.645723342896,-0.468519151211
0.716309428215,-0.270348250866,0.811257362366,-0.492415904999,-0.34852001071,0.646289050579,-0.467301905155
0.716495037079,-0.270656108856,0.812002897263,-0.490757882595,-0.346864163876,0.648766279221,-0.466845005751
0.71659308672,-0.270663738251,0.810998439789,-0.487962722778,-0.344495624304,0.651442468166,-0.467801064253
0.715881586075,-0.270836770535,0.810929894447,-0.48591119051,-0.344542175531,0.652031838894,-0.469079405069
0.715736329556,-0.270930826664,0.810857772827,-0.485961347818,-0.343673974276,0.652611255646,-0.468858808279
0.715346217155,-0.270856082439,0.811341822147,-0.494077920914,-0.346303552389,0.648087203503,-0.464697569609
0.715161979198,-0.270937293768,0.811383783817,-0.49479046464,-0.34535753727,0.648533940315,-0.4640198946
0.715369701385,-0.271018326283,0.811455249786,-0.497260570526,-0.342550843954,0.648666799068,-0.463273495436
0.715095996857,-0.271052896976,0.811432719231,-0.498176217079,-0.341397017241,0.648932218552,-0.462769508362
0.714841425419,-0.271125078201,0.811306297779,-0.499885559082,-0.339347571135,0.649423718452,-0.461742907763
0.714040219784,-0.270924717188,0.810474991798,-0.499160349369,-0.340507060289,0.649527907372,-0.461527258158
0.713585138321,-0.271110266447,0.811362862587,-0.499964177608,-0.339771926403,0.649877011776,-0.460706591606
0.713492631912,-0.271055132151,0.810846209526,-0.500996172428,-0.336972296238,0.651032984257,-0.460009366274
0.71306848526,-0.271160751581,0.811345696449,-0.501674234867,-0.33530959487,0.651793539524,-0.459408134222
0.712592720985,-0.2711417377,0.811332166195,-0.502652704716,-0.333180993795,0.652486264706,-0.458903759718
0.711948633194,-0.270938277245,0.810530781746,-0.503396213055,-0.331916004419,0.653109431267,-0.458118110895
0.711303412914,-0.270841062069,0.81021720171,-0.504509806633,-0.33154374361,0.653238773346,-0.456977039576
0.711319744587,-0.271875739098,0.810811936855,-0.514472663403,-0.319991797209,0.656280338764,-0.449688106775
0.710321962833,-0.271963298321,0.810735344887,-0.519059062004,-0.335581451654,0.647984743118,-0.445060253143
0.709802031517,-0.271560996771,0.810118973255,-0.515516638756,-0.3184466362,0.657237887383,-0.448188245296
0.709093570709,-0.271397918463,0.810035228729,-0.51595056057,-0.318042784929,0.657404005527,-0.447731882334
0.708114564419,-0.271496355534,0.81040930748,-0.513581693172,-0.315528899431,0.660000860691,-0.448413074017
0.707400679588,-0.271130174398,0.810083448887,-0.516251981258,-0.315968155861,0.65910077095,-0.44635656476
0.706233978271,-0.270820379257,0.810208499432,-0.517542362213,-0.316711992025,0.658882021904,-0.444654852152
0.705665528774,-0.27084389329,0.810225248337,-0.516255676746,-0.313107699156,0.661639332771,-0.444609105587
0.704530060291,-0.270433962345,0.810238838196,-0.517987310886,-0.316162884235,0.66033655405,-0.442363828421
0.705183744431,-0.270457267761,0.809896409512,-0.512012422085,-0.298897534609,0.670486092567,-0.446040451527
0.703166902065,-0.270083039999,0.810065627098,-0.516778707504,-0.311694383621,0.663693487644,-0.441924542189
0.701947391033,-0.269665539265,0.810209453106,-0.51815032959,-0.31507524848,0.662135243416,-0.440255492926
0.700541377068,-0.268299818039,0.809535801411,-0.509892940521,-0.325701981783,0.660670936108,-0.44434389472
0.699500858784,-0.268122732639,0.809432983398,-0.50869178772,-0.324135780334,0.662444889545,-0.444224566221
0.698954820633,-0.267637610435,0.809307456017,-0.510630846024,-0.325996935368,0.661338627338,-0.442282050848
0.698172450066,-0.267813563347,0.809488892555,-0.505098760128,-0.321960389614,0.66637468338,-0.444028913975
0.69702142477,-0.267469584942,0.80930519104,-0.509856820107,-0.323020249605,0.664424300194,-0.440731614828
0.696927547455,-0.268333494663,0.81036055088,-0.521498084068,-0.313435763121,0.664929866791,-0.43320453167
0.696097493172,-0.268144339323,0.810426712036,-0.521716296673,-0.312882870436,0.665563523769,-0.432367384434
0.694240510464,-0.266720592976,0.809157729149,-0.511889696121,-0.325883448124,0.664743065834,-0.435758858919
0.694285213947,-0.266716092825,0.81011223793,-0.515148282051,-0.330574184656,0.662132918835,-0.432345837355
0.692972719669,-0.266816288233,0.809912443161,-0.508894920349,-0.329425156116,0.665750682354,-0.435064375401
0.692472755909,-0.266374468803,0.810104727745,-0.517810344696,-0.331366091967,0.660827875137,-0.430552512407
0.691669523716,-0.26633220911,0.810134649277,-0.518192231655,-0.332278102636,0.660849750042,-0.429354995489
0.690906941891,-0.266180038452,0.809450626373,-0.51253259182,-0.316173017025,0.670542061329,-0.433264702559
0.689980566502,-0.266203939915,0.809479594231,-0.510725915432,-0.314138382673,0.67278945446,-0.433394312859
0.690913558006,-0.267232656479,0.810646653175,-0.518908083439,-0.298784792423,0.677379667759,-0.427339434624
0.689422309399,-0.267243921757,0.810840606689,-0.516552150249,-0.302753388882,0.678190290928,-0.426113069057
0.68846565485,-0.267022997141,0.81059217453,-0.520475387573,-0.304081350565,0.675697267056,-0.424350351095
0.688778042793,-0.267013460398,0.810816466808,-0.51897329092,-0.298204004765,0.678827345371,-0.425363868475
0.687174201012,-0.266942083836,0.810761213303,-0.521621108055,-0.303753107786,0.675445914268,-0.423578202724
0.686104953289,-0.265827864408,0.809824347496,-0.512857973576,-0.313426315784,0.674783170223,-0.428262025118
0.68556368351,-0.26574665308,0.809927165508,-0.512471854687,-0.312210053205,0.675928294659,-0.427806615829
0.684972882271,-0.265736907721,0.810077548027,-0.513328969479,-0.312519133091,0.675375461578,-0.427426218987
0.684486746788,-0.265723258257,0.810127854347,-0.51318436861,-0.311758488417,0.676133453846,-0.426956653595
0.683932840824,-0.265860080719,0.810218811035,-0.510768651962,-0.310141503811,0.678041279316,-0.428004294634
0.683532714844,-0.265882343054,0.810343742371,-0.510950028896,-0.309588700533,0.678461492062,-0.427521944046
0.683147966862,-0.265899062157,0.810477793217,-0.510950565338,-0.30898720026,0.679082334042,-0.426970213652
0.683879971504,-0.265834540129,0.810723543167,-0.510919809341,-0.304242193699,0.681422054768,-0.426686704159
0.682538747787,-0.265806853771,0.810820221901,-0.513677418232,-0.310558080673,0.677848100662,-0.424513161182
0.682257354259,-0.265867561102,0.811003446579,-0.513469815254,-0.310321718454,0.678214728832,-0.424351513386
0.681994497776,-0.26591771841,0.811166405678,-0.513548851013,-0.309757471085,0.678523361683,-0.424174427986
0.681959331036,-0.265829771757,0.811546802521,-0.513574719429,-0.309384077787,0.678122162819,-0.425056070089
0.681573331356,-0.266013920307,0.81166613102,-0.514573872089,-0.308576822281,0.678737878799,-0.423448950052
0.681419253349,-0.266062438488,0.811876893044,-0.514858663082,-0.308353722095,0.678875029087,-0.423045426607
0.681355535984,-0.266115695238,0.812125205994,-0.515016973019,-0.307256340981,0.679381132126,-0.422838509083
0.681219041348,-0.266209632158,0.812371611595,-0.515154421329,-0.307037502527,0.679717123508,-0.422289609909
0.68115401268,-0.266387403011,0.812678098679,-0.515145123005,-0.306101620197,0.680334806442,-0.421985626221
0.681073844433,-0.266509383917,0.812988638878,-0.515700161457,-0.305467784405,0.68026214838,-0.421884119511
0.680990755558,-0.266656517982,0.813257455826,-0.515456676483,-0.305087178946,0.68062466383,-0.421872407198
0.680768191814,-0.267110854387,0.813487350941,-0.507928669453,-0.302803516388,0.685879170895,-0.424132317305
0.681911230087,-0.267935425043,0.814738094807,-0.513420403004,-0.295649170876,0.686404287815,-0.421711295843
0.681199848652,-0.267596423626,0.814363062382,-0.509998500347,-0.301005125046,0.68578773737,-0.423075199127
0.681266188622,-0.267853230238,0.814623832703,-0.51024210453,-0.300427556038,0.686271607876,-0.422407090664
0.68138384819,-0.268113583326,0.814935922623,-0.510795414448,-0.299982756376,0.686348378658,-0.421929478645
0.681479513645,-0.268315434456,0.815226376057,-0.511065244675,-0.299978673458,0.686110675335,-0.421992093325
0.681484401226,-0.268262386322,0.815261363983,-0.51809835434,-0.302267730236,0.682012021542,-0.418411463499
0.681676447392,-0.268539071083,0.815533697605,-0.518295347691,-0.301611155272,0.682187139988,-0.418355584145
0.68194270134,-0.268912822008,0.816535115242,-0.524581074715,-0.314315974712,0.674186229706,-0.414117395878
0.682142198086,-0.269116491079,0.816721916199,-0.52489644289,-0.313072532415,0.674474418163,-0.414190322161
0.682453632355,-0.269434064627,0.816988348961,-0.525329291821,-0.310948640108,0.675166785717,-0.414113432169
0.682634115219,-0.269682049751,0.816877901554,-0.523876667023,-0.303725719452,0.678934514523,-0.415152937174
0.68306094408,-0.269910335541,0.817105293274,-0.524777054787,-0.301908493042,0.679163515568,-0.414966613054
0.683398365974,-0.270156055689,0.817336082458,-0.525608479977,-0.300295323133,0.679357230663,-0.414767593145
0.683767080307,-0.270458489656,0.817609429359,-0.526860952377,-0.297955363989,0.679715156555,-0.414279431105
0.684099972248,-0.270754039288,0.817876815796,-0.528295278549,-0.296568065882,0.679653525352,-0.413548797369
0.684451401234,-0.271069437265,0.818139076233,-0.530003368855,-0.295076370239,0.679247975349,-0.413096427917
0.68485045433,-0.271460860968,0.818434417248,-0.531515002251,-0.292732983828,0.67975461483,-0.411986649036
0.685412049294,-0.272099792957,0.819009661674,-0.526303291321,-0.287957280874,0.68418776989,-0.414695888758
0.685702085495,-0.272435754538,0.819310426712,-0.527407467365,-0.286288917065,0.684300482273,-0.414261937141
0.686001598835,-0.272876024246,0.81966739893,-0.528624176979,-0.284160166979,0.684457302094,-0.413917779922
0.68614333868,-0.273420572281,0.820012748241,-0.528410732746,-0.281981498003,0.684942066669,-0.414876937866
0.68664264679,-0.27435913682,0.820661306381,-0.532295525074,-0.277949720621,0.686108648777,-0.41068276763
0.686596274376,-0.274246275425,0.820809721947,-0.530245184898,-0.279054999352,0.685039103031,-0.414354801178
0.686934292316,-0.27457228303,0.821214079857,-0.532635569572,-0.278581440449,0.684482991695,-0.4125225842
0.687197744846,-0.274961769581,0.82152813673,-0.541502416134,-0.278679192066,0.680951476097,-0.406716555357
0.687585115433,-0.275438457727,0.82204413414,-0.545836091042,-0.278836995363,0.681418418884,-0.399977624416
0.687658786774,-0.276081502438,0.822350978851,-0.543773651123,-0.27576816082,0.682217955589,-0.403535276651
0.687842428684,-0.276505172253,0.822810292244,-0.545035123825,-0.274642825127,0.682141244411,-0.402730107307
0.688050925732,-0.277272641659,0.823455572128,-0.536992311478,-0.270601004362,0.685512721539,-0.410471409559
0.688249766827,-0.278021097183,0.823885321617,-0.53868740797,-0.269029915333,0.686581969261,-0.407485187054
0.688372850418,-0.278424859047,0.824263691902,-0.538910984993,-0.26865285635,0.686822772026,-0.407032310963
0.688508629799,-0.278016269207,0.824403703213,-0.552243411541,-0.274435967207,0.679880201817,-0.396831482649
0.688734591007,-0.278424412012,0.824898838997,-0.552083492279,-0.273568600416,0.681083321571,-0.395587861538
0.688791453838,-0.279748648405,0.82548648119,-0.540526747704,-0.266870349646,0.686975181103,-0.405803382397
0.688971102238,-0.280257165432,0.825963258743,-0.540882647038,-0.265991121531,0.687146544456,-0.405616104603
0.689065337181,-0.28061875701,0.826330661774,-0.541621506214,-0.265609443188,0.686818540096,-0.405435711145
0.68917632103,-0.280978083611,0.826666116714,-0.542391300201,-0.265643984079,0.686387181282,-0.405114263296
0.689292490482,-0.281324237585,0.826989769936,-0.542932748795,-0.266263127327,0.685775220394,-0.405018955469
0.689436137676,-0.281709313393,0.827307105064,-0.543153643608,-0.266018092632,0.685867726803,-0.404727369547
0.689608693123,-0.282089501619,0.827660560608,-0.542792618275,-0.265160143375,0.685944795609,-0.405642658472
0.689526975155,-0.281919419765,0.827850461006,-0.541879534721,-0.266628950834,0.68421369791,-0.408811986446
0.689855754375,-0.282646656036,0.828371047974,-0.544868528843,-0.26367354393,0.685115814209,-0.40522941947
0.689765095711,-0.282428771257,0.828510522842,-0.543878674507,-0.265578150749,0.683258116245,-0.408439159393
0.689871788025,-0.282673835754,0.828854084015,-0.545156478882,-0.265398085117,0.682489514351,-0.408137857914
0.690049290657,-0.282911002636,0.82917702198,-0.545590758324,-0.264572560787,0.682482659817,-0.408104687929
0.690183579922,-0.283152133226,0.82947742939,-0.546419858932,-0.263584077358,0.68241751194,-0.4077437222
0.690517246723,-0.283819764853,0.829867243767,-0.548708438873,-0.261201381683,0.683876693249,-0.403739482164
0.690607666969,-0.283977806568,0.830125212669,-0.549048244953,-0.260795325041,0.684002757072,-0.403326272964
0.690707683563,-0.284129977226,0.830386281013,-0.549663841724,-0.260296940804,0.684084713459,-0.402670174837
0.690763652325,-0.284270644188,0.830616354942,-0.55000191927,-0.260306328535,0.684317350388,-0.401806533337
0.690854370594,-0.284387528896,0.830875992775,-0.550195634365,-0.25934535265,0.68494617939,-0.401090532541
0.691401541233,-0.28332939744,0.831165552139,-0.567728996277,-0.268775105476,0.676981568336,-0.383588045835
0.69059586525,-0.283401370049,0.831112921238,-0.56642049551,-0.268009722233,0.677744686604,-0.38470864296
0.690501868725,-0.283394187689,0.831372737885,-0.566815853119,-0.268334001303,0.678298652172,-0.382920235395
0.690420508385,-0.283313602209,0.831622958183,-0.566769361496,-0.268106132746,0.679251015186,-0.381457298994
0.690923273563,-0.283077657223,0.832083880901,-0.571782410145,-0.270475387573,0.67654055357,-0.377095550299
0.689994990826,-0.283009827137,0.832267642021,-0.567265152931,-0.27025821805,0.680830180645,-0.37635242939
0.689710736275,-0.282772809267,0.832632064819,-0.568244576454,-0.271096557379,0.680601894855,-0.374680757523
0.689370155334,-0.2825525105,0.832983732224,-0.56891644001,-0.271485835314,0.680645167828,-0.373298436403
0.68959403038,-0.282248824835,0.83359336853,-0.572608053684,-0.273111432791,0.679132938385,-0.36920017004
0.688277959824,-0.28213045001,0.83369743824,-0.568371772766,-0.272346913815,0.681868910789,-0.371261954308
0.688612997532,-0.281777918339,0.834410786629,-0.573561608791,-0.275105178356,0.679175794125,-0.366148322821
0.688005983829,-0.281566053629,0.834875583649,-0.572185575962,-0.274409174919,0.681507945061,-0.364486098289
0.68654191494,-0.281393438578,0.834900677204,-0.568334460258,-0.274358540773,0.683246731758,-0.367283701897
0.686707794666,-0.281023681164,0.835645675659,-0.571677684784,-0.277488946915,0.681782245636,-0.362432807684
0.6858741045,-0.280334889889,0.835960745811,-0.569651722908,-0.279800742865,0.680816888809,-0.365645766258
0.684243679047,-0.28025880456,0.835995316505,-0.564351022243,-0.280472159386,0.683526933193,-0.368285596371
0.683860242367,-0.28049826622,0.836474299431,-0.565436899662,-0.28008711338,0.684520900249,-0.365052938461
0.683959126472,-0.280202060938,0.837251424789,-0.568716704845,-0.283642590046,0.682222425938,-0.361498326063
0.683271050453,-0.280090689659,0.837516546249,-0.566956520081,-0.285356283188,0.683096706867,-0.361263334751
0.681948423386,-0.280067682266,0.837604165077,-0.561629772186,-0.285847306252,0.686367094517,-0.362992465496
0.681151211262,-0.280032783747,0.837823748589,-0.560323596001,-0.286984324455,0.686202406883,-0.36442258954
0.680517494678,-0.2800103724,0.838107407093,-0.559758245945,-0.288237184286,0.686000049114,-0.364683300257
0.679930567741,-0.279974192381,0.83836722374,-0.558350861073,-0.289981216192,0.686460018158,-0.364593029022
0.680287480354,-0.279905647039,0.838864982128,-0.560796558857,-0.292634814978,0.684813380241,-0.361804902554
0.679954707623,-0.279934763908,0.839038848877,-0.559741318226,-0.293113470078,0.685513198376,-0.361726433039
0.679493784904,-0.279960811138,0.839255273342,-0.56010723114,-0.295851111412,0.683987319469,-0.361819624901
0.679212212563,-0.280029386282,0.839366793633,-0.559686243534,-0.296463131905,0.68377995491,-0.362361490726
0.679259717464,-0.28041151166,0.840045750141,-0.561651289463,-0.293098717928,0.682920277119,-0.363677054644
0.677763223648,-0.280427128077,0.839261889458,-0.55305570364,-0.295200914145,0.687151432037,-0.367162972689
0.678428471088,-0.280493944883,0.839608550072,-0.555920422077,-0.297300666571,0.685055851936,-0.365052521229
0.677366137505,-0.280736595392,0.839373111725,-0.551689147949,-0.297100365162,0.686656832695,-0.368609398603
0.678113162518,-0.280795693398,0.839709043503,-0.555247008801,-0.299153268337,0.684272706509,-0.366031438112
0.6780564785,-0.280955404043,0.839739203453,-0.555063128471,-0.299591839314,0.68402671814,-0.366411447525
0.678035974503,-0.281113505363,0.839744508266,-0.555644571781,-0.300386965275,0.683037221432,-0.366724699736
0.677336752415,-0.282566130161,0.839838862419,-0.533723294735,-0.29123967886,0.694566845894,-0.384572505951
0.678140997887,-0.281407237053,0.839780211449,-0.556369245052,-0.30166503787,0.681496083736,-0.367443501949
0.678159832954,-0.281305134296,0.839733481407,-0.557178914547,-0.303450375795,0.678716540337,-0.369883298874
0.678314626217,-0.281432300806,0.839731574059,-0.557630956173,-0.303939700127,0.677821397781,-0.370441019535
0.677764475346,-0.282970607281,0.839917063713,-0.533492326736,-0.293284028769,0.691738665104,-0.388417631388
0.677943468094,-0.283108919859,0.839877128601,-0.533565938473,-0.293170332909,0.691461324692,-0.388895660639
0.677938759327,-0.28296995163,0.839642643929,-0.532039165497,-0.295712172985,0.690342485905,-0.391044586897
0.678154706955,-0.283093363047,0.839644193649,-0.532109856606,-0.296156048775,0.689814925194,-0.391543328762
0.67841565609,-0.283252775669,0.839692115784,-0.532797932625,-0.296628981829,0.688931107521,-0.391805559397
0.678658902645,-0.283364593983,0.839715600014,-0.533938527107,-0.29802519083,0.687259674072,-0.39212846756
0.679028391838,-0.283540338278,0.839732468128,-0.533539116383,-0.298079162836,0.686954855919,-0.393164038658
0.679100036621,-0.282615214586,0.839442312717,-0.550023913383,-0.306621044874,0.677291035652,-0.380439341068
0.679492592812,-0.283800274134,0.83977663517,-0.533740580082,-0.29977914691,0.685308992863,-0.394468098879
0.679785728455,-0.283979833126,0.839867353439,-0.534095048904,-0.299908846617,0.684870541096,-0.394651204348
0.680116772652,-0.284138172865,0.839959383011,-0.533941447735,-0.300374805927,0.684442639351,-0.395246505737
0.680438160896,-0.284285843372,0.840049862862,-0.534089267254,-0.301142275333,0.683771908283,-0.395623534918
0.680796444416,-0.284435421228,0.840175449848,-0.534419238567,-0.30214843154,0.682937979698,-0.395850926638
0.681050419807,-0.284515529871,0.840146303177,-0.535298228264,-0.303208917379,0.681787073612,-0.395836502314
0.681433081627,-0.284660071135,0.840237259865,-0.535713553429,-0.303532481194,0.681198894978,-0.396039426327
0.681740939617,-0.284789502621,0.840313911438,-0.536038041115,-0.30392703414,0.6804946661,-0.396508097649
0.682174384594,-0.28497800231,0.840447664261,-0.535602807999,-0.303497046232,0.680313646793,-0.397734493017
0.682815372944,-0.285337775946,0.840398430824,-0.534653902054,-0.299783796072,0.682081520557,-0.398797988892
0.683104395866,-0.285508751869,0.840555787086,-0.535330832005,-0.300597161055,0.681079864502,-0.39898955822
0.683396935463,-0.285778522491,0.84073805809,-0.534907341003,-0.300798952579,0.680702865124,-0.400047123432
0.683680713177,-0.286042928696,0.840918719769,-0.535201966763,-0.300624579191,0.680268228054,-0.400523334742
0.683719038963,-0.286128222942,0.841222405434,-0.536469399929,-0.303005993366,0.678425431252,-0.40015873313
0.683900713921,-0.286311924458,0.841318249702,-0.537365376949,-0.303378909826,0.677957236767,-0.399466782808
0.684134304523,-0.28656744957,0.841502308846,-0.537791013718,-0.303689926863,0.677565634251,-0.399322122335
0.68434125185,-0.286810666323,0.841690540314,-0.53782171011,-0.304010629654,0.677202224731,-0.399652808905
0.684499740601,-0.287027418613,0.841815471649,-0.537699401379,-0.303922951221,0.677024900913,-0.400184422731
0.684622883797,-0.2872441113,0.841974914074,-0.538048923016,-0.30429521203,0.676427543163,-0.400441855192
0.684762120247,-0.287532120943,0.842042803764,-0.537934482098,-0.303322345018,0.676694452763,-0.400882363319
0.684882342815,-0.287785351276,0.842113018036,-0.537563741207,-0.302872687578,0.676759243011,-0.401609659195
0.68499392271,-0.288054794073,0.842168986797,-0.538081586361,-0.302234172821,0.676422894001,-0.401963919401
0.685076355934,-0.288325667381,0.84219878912,-0.538450419903,-0.302313268185,0.676066100597,-0.402010560036
0.685128688812,-0.288565844297,0.842183530331,-0.538895487785,-0.3026714921,0.675484716892,-0.402122110128
0.685187220573,-0.288820534945,0.84213912487,-0.539465904236,-0.302343666553,0.675323784351,-0.401873856783
0.685298860073,-0.289093315601,0.842096209526,-0.538850307465,-0.30134537816,0.675661623478,-0.402880460024
0.685301542282,-0.289347827435,0.842007994652,-0.53873360157,-0.300730109215,0.676081001759,-0.402792900801
0.685303330421,-0.289546519518,0.841913223267,-0.538417518139,-0.300190448761,0.676264345646,-0.403309881687
0.685309827328,-0.2898183465,0.841784954071,-0.537351429462,-0.299362510443,0.676518023014,-0.404918581247
0.685187876225,-0.28994551301,0.841581940651,-0.53821605444,-0.299341768026,0.675792038441,-0.404997467995
0.685122609138,-0.290079116821,0.841405153275,-0.538427472115,-0.299229264259,0.67552626133,-0.40524315834
0.685041129589,-0.290192484856,0.841239094734,-0.538623273373,-0.299009680748,0.675308585167,-0.405507862568
0.684953033924,-0.290271699429,0.841051459312,-0.538799405098,-0.298952698708,0.675064146519,-0.405722856522
0.684869587421,-0.29033434391,0.840850353241,-0.538779556751,-0.298466771841,0.675094723701,-0.40605583787
0.684747219086,-0.290342003107,0.840676486492,-0.539023339748,-0.29830083251,0.674800872803,-0.406342446804
0.684606254101,-0.290331184864,0.840512216091,-0.53910690546,-0.298138976097,0.674694955349,-0.40652641654
0.684431314468,-0.290265470743,0.840338766575,-0.539514362812,-0.298198878765,0.674321830273,-0.406561106443
0.684239923954,-0.290157943964,0.84016418457,-0.539082407951,-0.298462361097,0.674324274063,-0.406936585903
0.684020996094,-0.290044695139,0.839991211891,-0.538778781891,-0.298389822245,0.674466848373,-0.407155394554
0.68404507637,-0.290029406548,0.839689135551,-0.537307977676,-0.295120149851,0.676570832729,-0.407990515232
0.683515012264,-0.289762496948,0.839750409126,-0.53887462616,-0.299412816763,0.674129843712,-0.406835615635
0.683255791664,-0.289593189955,0.839624404907,-0.538305103779,-0.298953175545,0.674712300301,-0.406961917877
0.682880818844,-0.289313614368,0.839433968067,-0.538313627243,-0.299077242613,0.674800395966,-0.406713247299
0.682583391666,-0.289136886597,0.839334070683,-0.538293659687,-0.298933178186,0.675095677376,-0.406355559826
0.682430803776,-0.288990199566,0.839057028294,-0.538141548634,-0.297080248594,0.676491677761,-0.405593514442
0.682023704052,-0.288731873035,0.83891171217,-0.53769749403,-0.297699064016,0.676843285561,-0.40514177084
0.681421101093,-0.288396477699,0.83900988102,-0.53888887167,-0.301263958216,0.675121963024,-0.403793483973
0.680988848209,-0.288189232349,0.838965177536,-0.538723349571,-0.301180303097,0.675248026848,-0.403865993023
0.680582165718,-0.287958055735,0.838905453682,-0.538035392761,-0.302027076483,0.675426244736,-0.403852820396
0.680208086967,-0.287770181894,0.838872313499,-0.538351714611,-0.302140533924,0.67541462183,-0.40336561203
0.679832994938,-0.287567824125,0.838806509972,-0.538547277451,-0.302597761154,0.675325274467,-0.402911096811
0.679557263851,-0.287443190813,0.838812112808,-0.537538290024,-0.302720665932,0.676154851913,-0.402774751186
0.679207503796,-0.287302523851,0.838777422905,-0.536971688271,-0.302961677313,0.676697254181,-0.402438223362
0.678939700127,-0.287191152573,0.838747680187,-0.53660017252,-0.30301964283,0.677028954029,-0.402332186699
0.678548812866,-0.286975234747,0.838659405708,-0.53691971302,-0.303623735905,0.676608085632,-0.402158647776
0.678280055523,-0.286869078875,0.838589429855,-0.536822319031,-0.303024232388,0.677049160004,-0.401998460293
0.67798769474,-0.286771267653,0.838488459587,-0.537071466446,-0.302519649267,0.677258193493,-0.401693403721
0.677759766579,-0.286754250526,0.838420629501,-0.536500513554,-0.301829516888,0.677848637104,-0.40197956562
0.677513241768,-0.286740660667,0.838327646255,-0.536571621895,-0.301352679729,0.678182184696,-0.401679456234
0.677288413048,-0.2867231071,0.838246703148,-0.536737918854,-0.301156103611,0.678196191788,-0.401581257582
0.677253067493,-0.286791682243,0.837955713272,-0.535372436047,-0.29841864109,0.67997866869,-0.4024322927
0.676928639412,-0.286815106869,0.83790153265,-0.536269068718,-0.29820355773,0.679452598095,-0.402286529541
0.676312625408,-0.286671757698,0.837943434715,-0.538036882877,-0.301771402359,0.677255034447,-0.400968939066
0.677262365818,-0.286806434393,0.837719798088,-0.534079432487,-0.290726453066,0.68356269598,-0.403707236052
0.675943553448,-0.286783576012,0.837502241135,-0.537520289421,-0.298242926598,0.678862690926,-0.401582747698
0.67566037178,-0.28681576252,0.837379574776,-0.537185430527,-0.297564595938,0.679298222065,-0.401797384024
0.675378501415,-0.286849349737,0.837288737297,-0.536899030209,-0.296130985022,0.679900407791,-0.402220368385
0.675103366375,-0.286870270967,0.837219655514,-0.536610126495,-0.295667648315,0.680321395397,-0.402235001326
0.674838483334,-0.286894023418,0.837168335915,-0.536269724369,-0.295225560665,0.680666744709,-0.402429312468
0.674186468124,-0.286727339029,0.837270498276,-0.538023471832,-0.298781961203,0.678408265114,-0.401276111603
0.673837602139,-0.286696255207,0.837254047394,-0.538449525833,-0.298493564129,0.678368866444,-0.400985568762
0.673499763012,-0.286673635244,0.837225198746,-0.537383019924,-0.298219412565,0.67902213335,-0.401514232159
0.673209071159,-0.286617577076,0.837280213833,-0.537327706814,-0.297536283731,0.679070234299,-0.402013540268
0.672942578793,-0.28656065464,0.837327599525,-0.537215650082,-0.29750007391,0.6790792346,-0.402174860239
0.672889947891,-0.28676995635,0.837549448013,-0.538283109665,-0.295853078365,0.679954826832,-0.400479197502
0.672811090946,-0.286705046892,0.837403297424,-0.537047564983,-0.29248726368,0.682197630405,-0.400796175003
0.672370970249,-0.286540716887,0.837501704693,-0.537733972073,-0.294138729572,0.681513190269,-0.399830669165
0.67197060585,-0.286362826824,0.837565541267,-0.537669718266,-0.293860763311,0.681796729565,-0.39963799715
0.671669185162,-0.28629103303,0.837765872478,-0.537018060684,-0.292814314365,0.682587444782,-0.399932265282
0.671420753002,-0.286787629128,0.838864028454,-0.544178664684,-0.28844755888,0.681196510792,-0.395776599646
0.67136567831,-0.286117047071,0.838854670525,-0.539629459381,-0.292558372021,0.68106675148,-0.399196267128
0.670750379562,-0.286396950483,0.839185714722,-0.54386228323,-0.288661032915,0.681595087051,-0.395369321108
0.670612037182,-0.286374926567,0.839205443859,-0.542705595493,-0.2865023911,0.683200716972,-0.395757377148
0.670192658901,-0.286235511303,0.839359343052,-0.542605340481,-0.287059336901,0.683108329773,-0.395650565624
0.669944703579,-0.28580313921,0.839257240295,-0.540112018585,-0.289468497038,0.683357954025,-0.396874070168
0.669620931149,-0.28561848402,0.839336037636,-0.540510237217,-0.2896912992,0.6834872365,-0.395945549011
0.668540596962,-0.284671753645,0.838935017586,-0.53680819273,-0.299063324928,0.681194841862,-0.397959709167
0.668231606483,-0.284527420998,0.83898806572,-0.536270618439,-0.298801481724,0.681969642639,-0.397553801537
0.668138742447,-0.284516602755,0.838903129101,-0.534739732742,-0.296440422535,0.68415504694,-0.397628515959
0.668109059334,-0.284929066896,0.839115262032,-0.535768568516,-0.29337143898,0.686804831028,-0.393934607506
0.667328178883,-0.28414234519,0.839177012444,-0.534813404083,-0.299354881048,0.683033764362,-0.397273570299
0.667117476463,-0.28405213356,0.839196324348,-0.53458148241,-0.299149006605,0.683344244957,-0.397207021713
0.666968166828,-0.283976495266,0.839221537113,-0.534452795982,-0.298949182034,0.683577299118,-0.397129297256
0.666835069656,-0.283904731274,0.839261353016,-0.534534931183,-0.298541933298,0.683661580086,-0.397180199623
0.666779816151,-0.28381434083,0.839280426502,-0.534339368343,-0.297983765602,0.683973491192,-0.397325396538
0.666736781597,-0.283724725246,0.839317440987,-0.534441888332,-0.297633767128,0.683830738068,-0.397695362568
0.66665327549,-0.28361004591,0.839262604713,-0.53415286541,-0.297726839781,0.683905780315,-0.397884726524
0.666620731354,-0.283533900976,0.839234828949,-0.534206211567,-0.297485232353,0.683938503265,-0.397937566042
0.666611492634,-0.28345233202,0.839203715324,-0.534171521664,-0.297201067209,0.683946073055,-0.398183494806
0.666610717773,-0.283342599869,0.839140713215,-0.534143090248,-0.296666443348,0.684027373791,-0.398480504751
0.666643261909,-0.283261686563,0.839096724987,-0.534104049206,-0.29643368721,0.68400478363,-0.398744434118
0.666669368744,-0.283176481724,0.839027404785,-0.534234166145,-0.296336472034,0.683859884739,-0.398891299963
0.666917979717,-0.283217400312,0.838793635368,-0.533223628998,-0.29341173172,0.685443341732,-0.399686813354
0.66695779562,-0.283100038767,0.838645040989,-0.533073425293,-0.293001174927,0.685664951801,-0.399808496237
0.666775584221,-0.28288513422,0.838686347008,-0.534316241741,-0.295269280672,0.683991849422,-0.39934617281
0.666765332222,-0.282793074846,0.838522076607,-0.534467577934,-0.295217990875,0.683866202831,-0.399396836758
0.666814625263,-0.282664716244,0.838324308395,-0.535098731518,-0.294607430696,0.683779895306,-0.399150192738
0.666820287704,-0.282558381557,0.838149905205,-0.535227715969,-0.294838964939,0.683539807796,-0.399217605591
0.666832923889,-0.282426476479,0.837949812412,-0.535626232624,-0.295318722725,0.682963132858,-0.399315416813
0.666833341122,-0.28231844306,0.837783753872,-0.535800457001,-0.295520544052,0.682632625103,-0.399497449398
0.666824936867,-0.282207041979,0.837606668472,-0.535848557949,-0.295817553997,0.682303190231,-0.399775892496
0.666805922985,-0.282060354948,0.837440609932,-0.535580217838,-0.296222358942,0.681903123856,-0.400517731905
0.666798949242,-0.281022846699,0.837124466896,-0.548103153706,-0.303188085556,0.675751745701,-0.388612449169
0.666799068451,-0.28184646368,0.83707433939,-0.534201622009,-0.296649754047,0.681580126286,-0.402586907148
0.666754007339,-0.281574785709,0.836821615696,-0.535193026066,-0.297942191362,0.680512785912,-0.402121007442
0.666749000549,-0.28136742115,0.836628437042,-0.534968972206,-0.298661589622,0.680048882961,-0.402670055628
0.666744172573,-0.281112492085,0.836415410042,-0.534305691719,-0.299169540405,0.679863333702,-0.403485774994
0.666803896427,-0.280905425549,0.836228847504,-0.533862709999,-0.299517691135,0.679710566998,-0.404071122408
0.667006611824,-0.280188709497,0.836505055428,-0.532234787941,-0.299986571074,0.679941058159,-0.405480623245
0.666953504086,-0.280260384083,0.835855603218,-0.531842470169,-0.301492482424,0.679092347622,-0.406300008297
0.667033970356,-0.279861211777,0.835699439049,-0.532928049564,-0.303014934063,0.677793622017,-0.405913114548
0.667139232159,-0.279419660568,0.835499048233,-0.533088088036,-0.304160952568,0.677143514156,-0.405930936337
0.667313992977,-0.279055774212,0.835316538811,-0.5327231884,-0.303956240416,0.677231967449,-0.406415581703
0.667387962341,-0.27858042717,0.835127949715,-0.532610356808,-0.304772615433,0.676623404026,-0.40696516633
0.667616605759,-0.278183966875,0.83501291275,-0.531401336193,-0.304217278957,0.677390754223,-0.407684087753
0.667701303959,-0.27762567997,0.83490884304,-0.533057510853,-0.305268615484,0.676181674004,-0.406742185354
0.667820632458,-0.277122497559,0.834787666798,-0.533081293106,-0.306270062923,0.675643384457,-0.406852573156
0.668240249157,-0.276580691338,0.834853351116,-0.532098948956,-0.307021677494,0.675166666508,-0.408360570669
0.668180048466,-0.27622371912,0.834678471088,-0.533995270729,-0.307296961546,0.674800336361,-0.406278342009
0.668112516403,-0.275459676981,0.834447026253,-0.539737284184,-0.309814184904,0.672070145607,-0.401273787022
0.66819524765,-0.275058090687,0.834364891052,-0.53994601965,-0.310266494751,0.67186409235,-0.40098837018
0.668488025665,-0.27503272891,0.834521532059,-0.534910023212,-0.30770856142,0.67442381382,-0.40538790822
0.668615400791,-0.274787127972,0.834492921829,-0.535203874111,-0.307917892933,0.67452609539,-0.404670327902
0.668739855289,-0.274581104517,0.834538698196,-0.534835219383,-0.307831823826,0.674949467182,-0.404517114162
0.668766856194,-0.274380803108,0.83448278904,-0.534769773483,-0.308291763067,0.674838483334,-0.404438525438
0.66885560751,-0.274256914854,0.834488511086,-0.535089075565,-0.308570116758,0.674724519253,-0.403993785381
0.668901145458,-0.274184048176,0.834488987923,-0.535136222839,-0.308641791344,0.674696743488,-0.403923094273
0.668933451176,-0.274170696735,0.834480285645,-0.535156071186,-0.308766782284,0.67464017868,-0.403895765543
0.669185698032,-0.274308860302,0.834275841713,-0.533595919609,-0.305083334446,0.676925420761,-0.40493401885
0.669195950031,-0.27437466383,0.834290146828,-0.533495783806,-0.305005192757,0.676953732967,-0.405077576637
0.668957591057,-0.27438506484,0.834519743919,-0.53454720974,-0.308668732643,0.67483484745,-0.404451400042
0.668980717659,-0.274563282728,0.834588766098,-0.534619927406,-0.308190524578,0.674937784672,-0.404548227787
0.668959856033,-0.274719804525,0.834627747536,-0.53428119421,-0.308093100786,0.67505210638,-0.404878854752
0.668900489807,-0.274866223335,0.834642291069,-0.534640133381,-0.308231949806,0.674528121948,-0.405172765255
0.668825805187,-0.275040268898,0.834691166878,-0.534636795521,-0.3081189394,0.674514174461,-0.405286073685
0.668998241425,-0.275330722332,0.834611654282,-0.533421635628,-0.305642455816,0.675955891609,-0.406358987093
0.668845593929,-0.275254607201,0.83463037014,-0.537965893745,-0.307377845049,0.673953831196,-0.402365475893
0.668815255165,-0.275465965271,0.834734797478,-0.537889897823,-0.306840449572,0.674401283264,-0.402127385139
0.668854475021,-0.275646388531,0.834781527519,-0.537350177765,-0.305437624454,0.675199747086,-0.402576684952
0.668651282787,-0.275985509157,0.835270643234,-0.534136891365,-0.307117819786,0.675181388855,-0.40559399128
0.668576896191,-0.276212543249,0.835426032543,-0.533083319664,-0.306492269039,0.675734519958,-0.406531393528
0.668519318104,-0.276314079762,0.835543632507,-0.533229112625,-0.306085050106,0.675863385201,-0.406432747841
0.668469965458,-0.276467114687,0.835732698441,-0.533956170082,-0.304977118969,0.67593473196,-0.406192332506
0.668475747108,-0.275770157576,0.835780739784,-0.545222342014,-0.310368776321,0.67108643055,-0.39502748847
0.668273150921,-0.276638448238,0.835991561413,-0.534439384937,-0.303862810135,0.676313579082,-0.40576094389
0.668224096298,-0.275903403759,0.836023449898,-0.545468747616,-0.309567391872,0.671844899654,-0.394025832415
0.667987108231,-0.276749461889,0.83620685339,-0.534812629223,-0.303488075733,0.676987230778,-0.404423862696
0.667818248272,-0.276791751385,0.836349487305,-0.535521805286,-0.304062008858,0.676583528519,-0.403729915619
0.667716562748,-0.276882112026,0.836466550827,-0.53571498394,-0.3034760952,0.676910936832,-0.403365105391
0.668901920319,-0.277179837227,0.836372971535,-0.530786514282,-0.291226118803,0.684487819672,-0.406115114689
0.667437911034,-0.277111887932,0.836682975292,-0.534875631332,-0.302274823189,0.678238511086,-0.403150707483
0.667343616486,-0.277249574661,0.836855053902,-0.535212576389,-0.30141171813,0.678610384464,-0.402723968029
0.667191386223,-0.277337372303,0.837001860142,-0.535437941551,-0.300686329603,0.678781688213,-0.402677834034
0.667339801788,-0.277536123991,0.836978435516,-0.533359885216,-0.29608014226,0.68188148737,-0.403610497713
0.667209565639,-0.277638733387,0.837114989758,-0.532996058464,-0.29551589489,0.682438194752,-0.403563797474
0.666971743107,-0.277656704187,0.837241292,-0.533930659294,-0.295402884483,0.682276666164,-0.402683407068
0.666818380356,-0.277733057737,0.837381124496,-0.533694565296,-0.295292586088,0.682610809803,-0.402510911226
0.666307628155,-0.277685880661,0.837728440762,-0.535709798336,-0.300379514694,0.679741621017,-0.400921940804
0.666347980499,-0.277868956327,0.837661266327,-0.534182667732,-0.296850949526,0.682185828686,-0.401436179876
0.667224764824,-0.278129965067,0.837921321392,-0.530128836632,-0.288951277733,0.687213599682,-0.403990209103
0.66606014967,-0.27817261219,0.837982535362,-0.532952368259,-0.295538842678,0.683405041695,-0.40196532011
0.66591823101,-0.278297781944,0.838141560555,-0.533126235008,-0.295331120491,0.683537662029,-0.40166208148
0.665804684162,-0.278477787971,0.838335692883,-0.533587872982,-0.294691622257,0.683850586414,-0.400985330343
0.665601372719,-0.278517007828,0.838451147079,-0.534175276756,-0.295065939426,0.683674395084,-0.400227844715
0.665435552597,-0.278654515743,0.838571548462,-0.53395563364,-0.294624507427,0.684205412865,-0.399938434362
0.664988696575,-0.278653591871,0.838888764381,-0.535134851933,-0.297834575176,0.682549536228,-0.398812741041
0.664788603783,-0.278804928064,0.839007616043,-0.534792900085,-0.29763686657,0.683222949505,-0.398265421391
0.664499163628,-0.278995841742,0.839150309563,-0.534718096256,-0.298154532909,0.683372914791,-0.39772105217
0.664539933205,-0.279332429171,0.839111626148,-0.533289790154,-0.294880539179,0.685595750809,-0.39825373888
0.664126694202,-0.279473334551,0.83946454525,-0.534784734249,-0.298461854458,0.683585822582,-0.397034227848
0.663973331451,-0.279713630676,0.839581131935,-0.534122169018,-0.298551857471,0.684074521065,-0.397016793489
0.663795530796,-0.279996931553,0.839715719223,-0.533493280411,-0.299332559109,0.684475600719,-0.396583080292
0.663583874702,-0.2801836133,0.839756965637,-0.533213794231,-0.300162941217,0.684331595898,-0.396580010653
0.663470327854,-0.280402749777,0.839767575264,-0.532598972321,-0.300952523947,0.684212744236,-0.397012501955
0.663566350937,-0.280747711658,0.839631199837,-0.530158281326,-0.298942565918,0.686140954494,-0.398467183113
0.663421154022,-0.280893594027,0.8395819664,-0.530035018921,-0.300339341164,0.685464441776,-0.398745089769
0.663361728191,-0.281032145023,0.839520215988,-0.529422044754,-0.301388293505,0.685126960278,-0.39934772253
0.663376808167,-0.281183063984,0.839444994926,-0.528744518757,-0.302234917879,0.684777617455,-0.40020352602
0.663452923298,-0.281309694052,0.839300870895,-0.527646660805,-0.303211718798,0.684877038002,-0.400743454695
0.663203835487,-0.28128516674,0.839190721512,-0.528805613518,-0.308870106936,0.682250082493,-0.399372905493
0.663308501244,-0.281334787607,0.838951349258,-0.528644263744,-0.309672772884,0.681941926479,-0.39949119091
0.663288593292,-0.281037271023,0.838551878929,-0.533973634243,-0.312541842461,0.678671360016,-0.395720750093
0.66384345293,-0.281240522861,0.83805000782,-0.532803654671,-0.308639079332,0.680486917496,-0.397240042686
0.664054334164,-0.281192958355,0.837742090225,-0.53295224905,-0.309029638767,0.679944336414,-0.397666305304
0.6646053195,-0.281507730484,0.837552189827,-0.527923226357,-0.307335317135,0.682245969772,-0.401724487543
0.664681196213,-0.281310409307,0.837358534336,-0.529796540737,-0.309805989265,0.680134773254,-0.400939762592
0.665012836456,-0.281242519617,0.836997330189,-0.530500888824,-0.309606462717,0.679560720921,-0.401135981083
0.665430486202,-0.281091630459,0.836616396904,-0.531425535679,-0.309175252914,0.679075241089,-0.401066690683
0.66583687067,-0.280918419361,0.836101710796,-0.531950652599,-0.308992236853,0.678743362427,-0.401073515415
0.666319131851,-0.28075632453,0.835730671883,-0.532393097878,-0.308587014675,0.678281605244,-0.401579141617
0.666718363762,-0.280509471893,0.835326254368,-0.532252848148,-0.309320688248,0.677972257137,-0.401722848415
0.66753256321,-0.280300021172,0.834651947021,-0.530564785004,-0.304786860943,0.680393278599,-0.403325110674
0.668031990528,-0.280010700226,0.834267139435,-0.529913723469,-0.305499851704,0.679729104042,-0.40475872159
0.668424069881,-0.279575556517,0.833871424198,-0.532041072845,-0.307143419981,0.678039908409,-0.403555750847
0.668622612953,-0.27904266119,0.833749234676,-0.533040821552,-0.312050193548,0.676091313362,-0.401737183332
0.669168055058,-0.278657883406,0.833295047283,-0.532529592514,-0.312327921391,0.674551963806,-0.404775410891
0.669648349285,-0.278156250715,0.832907438278,-0.533768236637,-0.313539296389,0.673304915428,-0.404283642769
0.669981122017,-0.277568370104,0.832389473915,-0.534157991409,-0.316053450108,0.672125339508,-0.40377369523
0.670633733273,-0.276379853487,0.831993401051,-0.544647574425,-0.323042690754,0.665692150593,-0.394786566496
0.671569108963,-0.277709782124,0.832647442818,-0.540970742702,-0.307445049286,0.673430681229,-0.399148494005
0.671953856945,-0.277115315199,0.83207410574,-0.541369318962,-0.308900356293,0.671566307545,-0.40062302351
0.672729969025,-0.276577621698,0.831601858139,-0.541399776936,-0.307972252369,0.672793805599,-0.399234175682
0.672896265984,-0.275950491428,0.831370472908,-0.542800664902,-0.312307953835,0.669948756695,-0.398747980595
0.673121213913,-0.275523453951,0.83074516058,-0.542795598507,-0.312318533659,0.668219208717,-0.401638120413
0.673795044422,-0.27524331212,0.830102682114,-0.540470600128,-0.307808667421,0.67084980011,-0.403863817453
0.674096703529,-0.274369299412,0.829629361629,-0.548708796501,-0.312341481447,0.665636122227,-0.39785695076
0.674203515053,-0.274115860462,0.829240500927,-0.547221124172,-0.311874300241,0.666329443455,-0.399109870195
0.674291908741,-0.273629397154,0.828979969025,-0.548164665699,-0.314907491207,0.663957059383,-0.399386972189
0.674472153187,-0.273286342621,0.828550815582,-0.548210501671,-0.315624147654,0.663668572903,-0.399237781763
0.674601435661,-0.27296090126,0.828159689903,-0.548164010048,-0.316187679768,0.663298308849,-0.399470865726
0.674812197685,-0.272558003664,0.82781869173,-0.55017632246,-0.318011164665,0.661481559277,-0.398267537355
0.674149334431,-0.271262466908,0.826481580734,-0.540212094784,-0.326756119728,0.661565124989,-0.404639303684
0.674302697182,-0.270875543356,0.826125860214,-0.542279601097,-0.328171253204,0.660117268562,-0.403090208769
0.674214482307,-0.270702630281,0.825831890106,-0.542235314846,-0.328478842974,0.659943819046,-0.403183251619
0.673932373524,-0.270658940077,0.825546562672,-0.540491104126,-0.327846497297,0.660872995853,-0.404515713453
0.673909246922,-0.270818740129,0.825440168381,-0.536468625069,-0.326104640961,0.662861287594,-0.408009916544
0.673890829086,-0.270661085844,0.825416445732,-0.536045134068,-0.326889425516,0.664108872414,-0.405904501677
0.673637509346,-0.270585387945,0.825289726257,-0.536029517651,-0.327407777309,0.664000213146,-0.405685067177
0.673328995705,-0.270481288433,0.825166285038,-0.535481989384,-0.328260034323,0.664028644562,-0.405672848225
0.672960698605,-0.270448505878,0.825124084949,-0.535007119179,-0.329115360975,0.664367973804,-0.405050426722
0.672364115715,-0.27012950182,0.82484793663,-0.540438115597,-0.332209646702,0.660346269608,-0.401878416538
0.671852052212,-0.270239323378,0.824825048447,-0.538057684898,-0.331754207611,0.661961853504,-0.402789771557
0.671657383442,-0.270597666502,0.825044333935,-0.533125519753,-0.329162091017,0.66493844986,-0.406554341316
0.67130959034,-0.270620346069,0.825148701668,-0.530600130558,-0.329710245132,0.667062342167,-0.405934363604
0.670822203159,-0.270684421062,0.825197398663,-0.529383897781,-0.32997277379,0.668119609356,-0.405569911003
0.670253098011,-0.270445823669,0.825028836727,-0.53427362442,-0.332811295986,0.664904475212,-0.402107357979
