x,y,z,q0,q1,q2,q3
-0.563655972481,0.15891520679,1.28778040409,-0.384736895561,0.375227302313,0.669927299023,0.512229681015
-0.563671648502,0.159997791052,1.2873840332,-0.3851518929,0.376109808683,0.66862231493,0.512975394726
-0.563595473766,0.161087974906,1.28701126575,-0.385773509741,0.376520216465,0.66807359457,0.512922167778
-0.563650906086,0.161973714828,1.28675377369,-0.38636559248,0.376995384693,0.666981995106,0.513547718525
-0.563638925552,0.16317974031,1.2863959074,-0.387102305889,0.378305733204,0.664871752262,0.514764308929
-0.563484370708,0.16429670155,1.2856811285,-0.387219637632,0.3797698915,0.662388503551,0.516795217991
-0.563715517521,0.165262311697,1.28562700748,-0.388629585505,0.379093855619,0.662671208382,0.51586997509
-0.563652873039,0.166351675987,1.28517365456,-0.389110505581,0.379999250174,0.661423921585,0.516441702843
-0.563639163971,0.167452126741,1.28465616703,-0.389711499214,0.381405442953,0.658277094364,0.518966436386
-0.563724339008,0.168454810977,1.2842438221,-0.390179365873,0.381515115499,0.658488988876,0.518264949322
-0.563434898853,0.169747427106,1.28400039673,-0.391206502914,0.38290694356,0.655625402927,0.520091295242
-0.563202261925,0.17091076076,1.28346025944,-0.391269803047,0.383215010166,0.656350493431,0.518900990486
-0.563036680222,0.172095194459,1.28302311897,-0.391922295094,0.383971780539,0.655204534531,0.519297301769
-0.563137292862,0.173289984465,1.28204536438,-0.391970068216,0.384980976582,0.653642058372,0.520481705666
-0.563065648079,0.174480900168,1.28169882298,-0.392966389656,0.385424286127,0.652286946774,0.521101951599
-0.56295144558,0.175747424364,1.28122067451,-0.393557101488,0.386428713799,0.65046697855,0.522186160088
-0.562667965889,0.176897257566,1.28049457073,-0.393578350544,0.387571752071,0.648429572582,0.523854315281
-0.562743604183,0.178018331528,1.28043246269,-0.395054906607,0.387515932322,0.647403538227,0.524053215981
-0.56226682663,0.17934024334,1.27968859673,-0.39473515749,0.389141857624,0.645875632763,0.524973809719
-0.562128961086,0.180523276329,1.27928245068,-0.394955962896,0.389978677034,0.644362509251,0.526045084
-0.562331557274,0.181766986847,1.27921164036,-0.396344840527,0.390703052282,0.641445815563,0.528023958206
-0.562031149864,0.182915687561,1.27888953686,-0.39708006382,0.391438513994,0.638990342617,0.529900729656
-0.561387479305,0.184161633253,1.27810955048,-0.396544188261,0.392352819443,0.639260053635,0.529300034046
-0.56110316515,0.185188472271,1.27763795853,-0.397962868214,0.391285091639,0.638718366623,0.529679715633
-0.561034023762,0.186342909932,1.27718412876,-0.39723700285,0.393633514643,0.635284721851,0.532605588436
-0.56070971489,0.187795385718,1.27683055401,-0.397814810276,0.394779533148,0.634195208549,0.532624721527
-0.560683190823,0.188957601786,1.27677321434,-0.399080753326,0.39494946599,0.632346630096,0.533748209476
-0.560224890709,0.190177202225,1.27612650394,-0.398805052042,0.396142393351,0.630234897137,0.535565137863
-0.559841096401,0.191311150789,1.27569711208,-0.398898214102,0.396818310022,0.629617631435,0.535721242428
-0.559966266155,0.192329600453,1.27572333813,-0.399739474058,0.397262305021,0.627676188946,0.537041604519
-0.559541523457,0.193488508463,1.27542257309,-0.400374233723,0.39769127965,0.626044988632,0.538154065609
-0.558963477612,0.194915249944,1.2746206522,-0.400265038013,0.398749738932,0.625438690186,0.538156986237
-0.558646738529,0.196084886789,1.27426075935,-0.400578558445,0.39951145649,0.623688995838,0.539388120174
-0.558462917805,0.197048544884,1.27397537231,-0.40070348978,0.399886101484,0.623249053955,0.539526224136
-0.558259308338,0.198364049196,1.27366781235,-0.401055723429,0.400813639164,0.621301829815,0.540820538998
-0.558128297329,0.199349403381,1.27370786667,-0.401888012886,0.400707960129,0.620925068855,0.540713787079
-0.557672560215,0.200888991356,1.27296280861,-0.40218564868,0.401709258556,0.619513452053,0.541368067265
-0.557786822319,0.201846539974,1.27309155464,-0.403044462204,0.401603251696,0.618891835213,0.541519105434
-0.557019412518,0.203239262104,1.27227950096,-0.402710646391,0.403125107288,0.617818593979,0.541862249374
-0.557113230228,0.204407811165,1.27234172821,-0.404008865356,0.403246998787,0.617262303829,0.541438877583
-0.557053208351,0.205184787512,1.27195322514,-0.403956711292,0.403816670179,0.616115033627,0.542358934879
-0.556410133839,0.206656292081,1.27110695839,-0.403783977032,0.405219376087,0.614995896816,0.542711496353
-0.55629336834,0.207683756948,1.27081751823,-0.40435475111,0.405550450087,0.614969909191,0.542068421841
-0.556407094002,0.208867400885,1.27067279816,-0.405545115471,0.405744671822,0.614056527615,0.542069256306
-0.556005775928,0.209860056639,1.27037811279,-0.407011181116,0.405055373907,0.614388108253,0.541109502316
-0.555529356003,0.210955396295,1.26965212822,-0.406947284937,0.406079053879,0.61336773634,0.541547477245
-0.555728495121,0.212084472179,1.2696454525,-0.408179610968,0.406328439713,0.612885653973,0.540978729725
-0.555456519127,0.212872415781,1.26895058155,-0.407681316137,0.407393068075,0.612299382687,0.541217327118
-0.555527091026,0.214132398367,1.26851165295,-0.406910210848,0.409866303205,0.610284090042,0.542205631733
-0.555734753609,0.215121224523,1.26843523979,-0.408148646355,0.410068422556,0.608778953552,0.542813837528
-0.555320262909,0.216182798147,1.26779067516,-0.408009976149,0.410987526178,0.609281718731,0.541657745838
-0.555353462696,0.2171241045,1.26791131496,-0.410431206226,0.409587204456,0.609638810158,0.540485918522
-0.555367648602,0.218107149005,1.26759600639,-0.411048233509,0.410175263882,0.608898282051,0.540405929089
-0.55505746603,0.219137519598,1.26681280136,-0.411018073559,0.411232709885,0.608397603035,0.540188908577
-0.555487632751,0.220185428858,1.26682186127,-0.411086648703,0.413082122803,0.60649138689,0.540868878365
-0.555140912533,0.221104890108,1.26608836651,-0.410673707724,0.414092600346,0.606339156628,0.540580451488
-0.554952144623,0.221926495433,1.26579844952,-0.412262052298,0.412902384996,0.607080996037,0.539448142052
-0.554892301559,0.222910910845,1.26544082165,-0.412601798773,0.413604080677,0.606562077999,0.5392344594
-0.554809093475,0.223983615637,1.26520824432,-0.413226306438,0.414337426424,0.605187177658,0.53973788023
-0.554813027382,0.224966824055,1.26481151581,-0.413799703121,0.414820313454,0.604665994644,0.539511799812
-0.554807603359,0.225875794888,1.26456034184,-0.41418248415,0.415236026049,0.604698598385,0.538861393929
-0.554938077927,0.226967409253,1.26431262493,-0.413351982832,0.417283326387,0.603131830692,0.539672911167
-0.555236279964,0.227959573269,1.26442730427,-0.414649963379,0.417066276073,0.602631628513,0.539403676987
-0.555033922195,0.228519290686,1.26421642303,-0.415795266628,0.41573920846,0.603478968143,0.53859859705
-0.555201113224,0.229567527771,1.26398682594,-0.414999336004,0.417966276407,0.601508378983,0.539692044258
-0.554682970047,0.230318084359,1.2634884119,-0.415697932243,0.417045503855,0.602755784988,0.5384734869
-0.554952025414,0.231185764074,1.26369142532,-0.416877031326,0.416645944118,0.601713359356,0.539036810398
-0.554829537868,0.232133090496,1.2630187273,-0.415220379829,0.418998152018,0.600352585316,0.54000878334
-0.554845333099,0.232937335968,1.26292550564,-0.415510654449,0.419381886721,0.599888145924,0.540003657341
-0.556373357773,0.233578726649,1.26289653778,-0.417811006308,0.41710498929,0.599737763405,0.540159404278
-0.55467069149,0.234381556511,1.2627235651,-0.417129129171,0.417990088463,0.601226210594,0.53834438324
-0.554835259914,0.235239326954,1.26265192032,-0.416502743959,0.419764608145,0.599458634853,0.539418697357
-0.554749548435,0.23591811955,1.26250088215,-0.41694611311,0.420265972614,0.597915649414,0.540397405624
-0.554788351059,0.236728608608,1.26242172718,-0.417580783367,0.420355111361,0.597549140453,0.540243506432
-0.554549872875,0.237336695194,1.26238763332,-0.418805330992,0.419219464064,0.598430991173,0.539200782776
-0.55465233326,0.238087505102,1.26225590706,-0.418056428432,0.420987576246,0.596943795681,0.540052235126
-0.554870128632,0.238670885563,1.26248574257,-0.419213265181,0.420628070831,0.596263349056,0.540187299252
-0.554464101791,0.239302664995,1.26204180717,-0.418494403362,0.421386003494,0.596792399883,0.539569437504
-0.554467618465,0.239718705416,1.26232492924,-0.420354634523,0.41947183013,0.597635805607,0.538680791855
-0.554120719433,0.240255385637,1.26188623905,-0.419765532017,0.420172572136,0.597465276718,0.538783192635
-0.554091632366,0.240713238716,1.26185262203,-0.419898927212,0.420110672712,0.597428321838,0.538768470287
-0.554219841957,0.24137699604,1.26208782196,-0.420727193356,0.420069336891,0.596801996231,0.538848698139
-0.554180204868,0.24182343483,1.26202023029,-0.420868188143,0.420256793499,0.595765173435,0.539738714695
-0.55382579565,0.242285937071,1.26152670383,-0.420286208391,0.420816302299,0.595708847046,0.539818584919
-0.553750097752,0.242781221867,1.26157224178,-0.419797480106,0.421045780182,0.596208274364,0.539468467236
-0.553714394569,0.243223041296,1.26155018806,-0.419866830111,0.421207129955,0.596334576607,0.53914886713
-0.553876459599,0.243826061487,1.26142907143,-0.419132977724,0.42294844985,0.594507038593,0.540373384953
-0.553708195686,0.244290471077,1.26143264771,-0.419110745192,0.423262864351,0.594268143177,0.540407478809
-0.553551197052,0.244553178549,1.26139295101,-0.420320004225,0.421895384789,0.594384968281,0.54040902853
-0.553442060947,0.244830653071,1.26138114929,-0.42057326436,0.422010213137,0.59374666214,0.540823698044
-0.553415298462,0.245455384254,1.26123559475,-0.421210497618,0.42212843895,0.593619942665,0.54037463665
-0.553264975548,0.24577409029,1.2612234354,-0.421173393726,0.422299712896,0.593337059021,0.540580451488
-0.55309432745,0.246229678392,1.2610604763,-0.421164631844,0.422609359026,0.593073070049,0.540634930134
-0.552940249443,0.246607393026,1.26097786427,-0.421063393354,0.422935217619,0.592787504196,0.540772080421
-0.552917480469,0.246909156442,1.26087117195,-0.421067923307,0.423197120428,0.592391192913,0.540997803211
-0.552989244461,0.247259899974,1.26106214523,-0.421806335449,0.423085898161,0.592065393925,0.54086625576
-0.552790045738,0.247575998306,1.26094913483,-0.421898514032,0.423659563065,0.59103089571,0.541476368904
-0.552330434322,0.247896283865,1.26049113274,-0.421278715134,0.424595683813,0.59100240469,0.541256725788
-0.55223762989,0.248341113329,1.26038789749,-0.421522498131,0.425126284361,0.590729773045,0.540948033333
-0.552089929581,0.248615026474,1.26022839546,-0.421593308449,0.425500839949,0.590692222118,0.540639221668
-0.551886498928,0.248769104481,1.26020252705,-0.421618789434,0.425762593746,0.590806901455,0.540288031101
-0.55203974247,0.249031662941,1.2604060173,-0.422365099192,0.425623059273,0.590646803379,0.539989888668
-0.551841020584,0.249474078417,1.25980496407,-0.42076048255,0.427878439426,0.589755773544,0.540434062481
-0.551776885986,0.249701052904,1.25976932049,-0.421256303787,0.427983283997,0.589605271816,0.54012876749
-0.551564216614,0.249794751406,1.2597413063,-0.422482609749,0.426669239998,0.590852737427,0.53884601593
-0.551510334015,0.249964535236,1.25971710682,-0.422622680664,0.426843136549,0.591000437737,0.538436174393
-0.55146586895,0.250411480665,1.2597233057,-0.423071920872,0.427259862423,0.590881347656,0.537883162498
-0.55143892765,0.250646471977,1.25968551636,-0.423344314098,0.427380621433,0.590815484524,0.53764539957
-0.551565170288,0.251056313515,1.25966155529,-0.422561317682,0.429154187441,0.58944362402,0.538353979588
-0.551534533501,0.251260697842,1.2596808672,-0.422884970903,0.429240614176,0.589325070381,0.538160741329
-0.551496386528,0.25146779418,1.25962913036,-0.423184275627,0.429267704487,0.589293241501,0.537938475609
-0.551254451275,0.251529693604,1.25961589813,-0.424365073442,0.4276496768,0.590828120708,0.536611795425
-0.551237225533,0.25160831213,1.25962400436,-0.424561172724,0.427729845047,0.590520560741,0.536731302738
-0.551112055779,0.251786798239,1.25962328911,-0.424759566784,0.427744805813,0.59066003561,0.53640884161
-0.551068007946,0.252098202705,1.25963246822,-0.425156712532,0.427802622318,0.590637147427,0.536073148251
-0.551212072372,0.252531796694,1.25960695744,-0.424352258444,0.429595351219,0.589209377766,0.5368475914
-0.551187038422,0.252688348293,1.25961613655,-0.424635767937,0.429517298937,0.589231669903,0.53666138649
-0.551189422607,0.252812296152,1.25961756706,-0.424898952246,0.429407894611,0.589280903339,0.536486685276
-0.551033735275,0.252811491489,1.25964975357,-0.426424205303,0.427496820688,0.590715110302,0.535223960876
-0.551043570042,0.252967655659,1.25966918468,-0.426836639643,0.427330315113,0.590812325478,0.534920632839
-0.551062405109,0.253138750792,1.25971078873,-0.427240997553,0.427247017622,0.590847671032,0.534625411034
-0.551068365574,0.253387182951,1.25979042053,-0.427876263857,0.427109867334,0.590971648693,0.534089505672
-0.551069557667,0.253640204668,1.25979721546,-0.428436875343,0.427076250315,0.591000437737,0.533634960651
-0.551246583462,0.253969043493,1.25982534885,-0.428065657616,0.428487360477,0.589817881584,0.534109771252
-0.55142724514,0.254101574421,1.25990021229,-0.428574413061,0.428475648165,0.589594602585,0.533957600594
-0.551477432251,0.25430765748,1.25993072987,-0.429197967052,0.428419053555,0.589582026005,0.533515870571
-0.551541805267,0.254438221455,1.2599697113,-0.429625719786,0.428259074688,0.590399801731,0.532394766808
-0.551613748074,0.254573702812,1.26004803181,-0.430421233177,0.42814218998,0.589554071426,0.532783329487
-0.55166888237,0.254669696093,1.26010775566,-0.430915981531,0.427955657244,0.589539647102,0.532549202442
-0.553131401539,0.254563361406,1.26027810574,-0.433244198561,0.425487339497,0.589049875736,0.533179223537
-0.55178719759,0.254863798618,1.26026403904,-0.431749850512,0.427559614182,0.589586317539,0.532140016556
-0.553282499313,0.254767566919,1.26038587093,-0.434391915798,0.42492800951,0.588903605938,0.532853364944
-0.552213966846,0.254987746477,1.26056969166,-0.433660656214,0.426366865635,0.589239239693,0.531927406788
-0.551933586597,0.255100220442,1.26051032543,-0.433418363333,0.426797091961,0.5894998312,0.531491219997
-0.551793456078,0.255011618137,1.26059782505,-0.434834390879,0.425116896629,0.590581655502,0.530479133129
-0.551804959774,0.25507992506,1.26067090034,-0.435665637255,0.424918889999,0.590629816055,0.52990180254
-0.551989972591,0.255310475826,1.26079177856,-0.435353040695,0.426180630922,0.58926576376,0.530663609505
-0.552005708218,0.255302608013,1.26091980934,-0.435760766268,0.425950825214,0.589071512222,0.5307289958
-0.552261352539,0.255402684212,1.26148629189,-0.437023669481,0.425456553698,0.587944865227,0.531336009502
-0.552258014679,0.255434513092,1.26158440113,-0.437242001295,0.425325512886,0.587693870068,0.531538844109
-0.552237570286,0.255589276552,1.26166272163,-0.437606722116,0.425284683704,0.587804734707,0.531148850918
-0.552181780338,0.255528301001,1.26176679134,-0.437605500221,0.425005704165,0.587909460068,0.531257092953
-0.552135825157,0.255596280098,1.26185727119,-0.43754658103,0.424942791462,0.587485015392,0.531825125217
-0.551629126072,0.255538165569,1.26158630848,-0.436903268099,0.425102263689,0.587973356247,0.531686782837
-0.55186778307,0.255639612675,1.26209628582,-0.437654912472,0.424467653036,0.58793836832,0.531614542007
-0.551746666431,0.255583882332,1.26222145557,-0.437568664551,0.424129188061,0.58826392889,0.531595408916
-0.55159676075,0.255666226149,1.26234149933,-0.437817454338,0.423744112253,0.5886028409,0.531322717667
-0.551398336887,0.255639314651,1.26258695126,-0.437656313181,0.423500329256,0.588993370533,0.531216859818
-0.551224291325,0.255718886852,1.26276481152,-0.43757045269,0.423220783472,0.589513778687,0.530932962894
-0.551111876965,0.255612969398,1.26295268536,-0.437515825033,0.422419190407,0.590261816978,0.53078520298
-0.550983667374,0.255646944046,1.2631238699,-0.437392711639,0.421883195639,0.591164827347,0.530307710171
-0.550758838654,0.255641639233,1.26326072216,-0.43696719408,0.421549797058,0.592244923115,0.529718220234
-0.550188302994,0.255466669798,1.26309549809,-0.436987549067,0.419959694147,0.594630777836,0.52829003334
-0.549995005131,0.255493283272,1.26343929768,-0.436612427235,0.419522017241,0.596305906773,0.527057945728
-0.549821913242,0.25549569726,1.26361787319,-0.436261892319,0.418972879648,0.596857607365,0.527160763741
-0.549850583076,0.255688935518,1.26379740238,-0.435031563044,0.419925957918,0.596749961376,0.527540743351
-0.549975752831,0.25572925806,1.26438570023,-0.435306251049,0.418919414282,0.597705066204,0.527032911777
-0.549844443798,0.255725324154,1.26457202435,-0.434608310461,0.418281197548,0.5997595191,0.525780439377
-0.54933154583,0.255591571331,1.26484119892,-0.435145616531,0.416127771139,0.602077782154,0.524393439293
-0.54932564497,0.255770862103,1.26498281956,-0.433580935001,0.417265057564,0.602270841599,0.524563968182
-0.54896825552,0.255627125502,1.26516747475,-0.433921992779,0.414964020252,0.605268418789,0.522653698921
-0.548770487309,0.255643785,1.26529884338,-0.433329552412,0.414407104254,0.606872677803,0.521725714207
-0.54853361845,0.255652755499,1.26541054249,-0.432512849569,0.413806349039,0.60859900713,0.520868659019
-0.548180818558,0.255651652813,1.26553988457,-0.431423544884,0.413330167532,0.610558509827,0.519856035709
-0.54795897007,0.255658477545,1.2656083107,-0.430404275656,0.412677466869,0.612432599068,0.519014298916
-0.547702908516,0.255718290806,1.26563477516,-0.429403215647,0.412126034498,0.614450514317,0.517895460129
-0.547533929348,0.255949467421,1.26567530632,-0.427427351475,0.413262069225,0.615308523178,0.517605721951
-0.547164976597,0.255889713764,1.26568281651,-0.426172882318,0.412670105696,0.617696762085,0.516266286373
-0.546885848045,0.255977869034,1.26566827297,-0.424934059381,0.412050306797,0.620148837566,0.514840900898
-0.546613812447,0.256028294563,1.26565885544,-0.423843085766,0.411362797022,0.62253177166,0.513411998749
-0.546299815178,0.256095200777,1.26574206352,-0.422628492117,0.410854667425,0.624811172485,0.512049436569
-0.545994222164,0.256170988083,1.26575052738,-0.421408176422,0.410404413939,0.626904249191,0.510856807232
-0.545766055584,0.2562469244,1.26578426361,-0.420405060053,0.409870117903,0.629009664059,0.509522378445
-0.545558273792,0.25632339716,1.26580572128,-0.419471204281,0.409241050482,0.631202757359,0.508083462715
-0.545364379883,0.256414711475,1.26583623886,-0.418667465448,0.408892929554,0.632749974728,0.507101297379
-0.5452003479,0.256387114525,1.26590180397,-0.417858719826,0.408323138952,0.634326100349,0.506257772446
-0.544713377953,0.256588667631,1.26556587219,-0.416398614645,0.408568769693,0.635998249054,0.505163609982
-0.544457912445,0.256709933281,1.26558244228,-0.415743142366,0.408651739359,0.636822342873,0.504597663879
-0.544230163097,0.25682091713,1.26561772823,-0.41480743885,0.40817245841,0.638546466827,0.50357568264
-0.544039547443,0.256983071566,1.2657558918,-0.41432800889,0.408113956451,0.639335215092,0.503016710281
-0.54389578104,0.256974577904,1.26578259468,-0.413752824068,0.407873809338,0.640039503574,0.502789258957
-0.543718278408,0.25722771883,1.26575636864,-0.413544923067,0.407761961222,0.640559017658,0.502389192581
-0.543571949005,0.25735270977,1.26572680473,-0.413275212049,0.407769352198,0.640726566315,0.502391636372
-0.543418288231,0.257454097271,1.26571261883,-0.4131911695,0.407805204391,0.640646100044,0.502534151077
-0.543181359768,0.257505446672,1.26559090614,-0.412868738174,0.408085107803,0.640379071236,0.502912163734
-0.543105006218,0.257670104504,1.26552414894,-0.41304397583,0.408309727907,0.639690697193,0.503461718559
-0.544453859329,0.257395088673,1.26552033424,-0.416243731976,0.404397159815,0.639246940613,0.504546761513
-0.542770326138,0.257647246122,1.26526081562,-0.414471924305,0.407122135162,0.638769805431,0.504418194294
-0.542694926262,0.257726758718,1.26514875889,-0.414932578802,0.407384365797,0.637443006039,0.505505025387
-0.542898118496,0.257804304361,1.26535022259,-0.416094690561,0.407326072454,0.635620236397,0.506890058517
-0.542848229408,0.2578112185,1.26515710354,-0.416568368673,0.407679349184,0.634025394917,0.508212864399
-0.542806327343,0.257858961821,1.26498544216,-0.41729426384,0.408151090145,0.632060468197,0.509683907032
-0.542790949345,0.257944911718,1.2648127079,-0.418188631535,0.408632606268,0.630035102367,0.511070966721
-0.542527019978,0.257926523685,1.26428794861,-0.418431758881,0.409393280745,0.628390848637,0.512286126614
-0.54282027483,0.258001804352,1.26452279091,-0.42028465867,0.409445881844,0.626108586788,0.51352006197
-0.542811095715,0.258090913296,1.26440083981,-0.421503067017,0.410082697868,0.623892188072,0.514709472656
-0.542789757252,0.258167743683,1.26428997517,-0.422824263573,0.410657197237,0.621724545956,0.515789806843
-0.54275894165,0.258240103722,1.26415932178,-0.42415741086,0.4113047719,0.619501769543,0.516852378845
-0.542366325855,0.2584002316,1.26364314556,-0.424745321274,0.412706673145,0.61735612154,0.517818510532
-0.542299032211,0.258456110954,1.2635216713,-0.426019102335,0.413613796234,0.614778637886,0.519113302231
-0.542236864567,0.258460432291,1.26325047016,-0.427044004202,0.414363145828,0.612539589405,0.520318865776
-0.542582988739,0.258653700352,1.26344978809,-0.428184509277,0.416499555111,0.60836648941,0.522567033768
-0.542436659336,0.258659660816,1.2633138895,-0.429302662611,0.417357802391,0.605920910835,0.523804843426
-0.542266011238,0.258657753468,1.2631778717,-0.430478364229,0.418369650841,0.603143334389,0.525236487389
-0.542097449303,0.258649736643,1.26303863525,-0.431376367807,0.419340699911,0.600582242012,0.526658117771
-0.541693091393,0.25845298171,1.26290297508,-0.433027297258,0.418652534485,0.599467158318,0.527121007442
-0.542820692062,0.258373171091,1.26247501373,-0.433866649866,0.419136375189,0.595627903938,0.530388355255
-0.542552292347,0.258350014687,1.26235604286,-0.434666365385,0.420038044453,0.593190908432,0.531749725342
-0.54206854105,0.258130133152,1.26227378845,-0.436161547899,0.419144183397,0.592493474483,0.532008230686
-0.540316998959,0.258282154799,1.2621024847,-0.434595793486,0.422188043594,0.591200888157,0.532320797443
-0.539969623089,0.258114010096,1.26199579239,-0.434521436691,0.422858655453,0.589625120163,0.533595323563
-0.540010094643,0.258040606976,1.26230990887,-0.435366392136,0.42299297452,0.587872326374,0.534733057022
-0.539793968201,0.258001208305,1.26227152348,-0.435320824385,0.423451423645,0.586665272713,0.53573179245
-0.539555966854,0.25775462389,1.26224172115,-0.434844911098,0.423772752285,0.585800170898,0.53680986166
-0.539234638214,0.257634133101,1.26214659214,-0.434256792068,0.424173057079,0.585231244564,0.537589788437
-0.538992464542,0.257444560528,1.26205980778,-0.433565676212,0.424394905567,0.58497428894,0.538251817226
-0.53874951601,0.257312715054,1.2619805336,-0.4328135252,0.424619823694,0.584902107716,0.538757801056
-0.538501739502,0.257191628218,1.26192998886,-0.432082742453,0.424786269665,0.585048854351,0.53905403614
-0.537900447845,0.257036954165,1.26162314415,-0.430446565151,0.425482898951,0.585407793522,0.539423584938
-0.53775703907,0.256841808558,1.26165950298,-0.429643630981,0.425441384315,0.585654258728,0.539828956127
-0.537646830082,0.256904363632,1.26171648502,-0.429060548544,0.425581812859,0.585775732994,0.540050148964
-0.537663638592,0.25657248497,1.26181566715,-0.428175985813,0.425406068563,0.585972487926,0.540676653385
-0.537631928921,0.256543278694,1.26194906235,-0.427714884281,0.425395399332,0.586197197437,0.540806531906
-0.537667095661,0.256323814392,1.26200819016,-0.42704436183,0.425288110971,0.586427211761,0.541171312332
-0.537986814976,0.256134569645,1.26244091988,-0.427201211452,0.42484742403,0.586412250996,0.541409611702
-0.538309037685,0.255980491638,1.26247560978,-0.42570450902,0.426417708397,0.585103213787,0.542768776417
-0.538369774818,0.255743265152,1.26254582405,-0.425421088934,0.42650437355,0.585046470165,0.542983710766
-0.538394391537,0.255429893732,1.26262319088,-0.425117999315,0.426672756672,0.586033344269,0.54202413559
-0.537972986698,0.25501537323,1.26240181923,-0.425881057978,0.425532191992,0.586503982544,0.541812300682
-0.53801214695,0.254728913307,1.26242828369,-0.42552703619,0.425974011421,0.587559401989,0.540598571301
-0.538051187992,0.254435837269,1.26242947578,-0.42516285181,0.426687419415,0.587543725967,0.54033946991
-0.538085877895,0.253951400518,1.2624849081,-0.42511755228,0.42691552639,0.587080776691,0.540698051453
-0.53809940815,0.253710567951,1.26239085197,-0.424339801073,0.427716463804,0.587990701199,0.539686441422
-0.538349032402,0.253433763981,1.26271605492,-0.424877285957,0.428022772074,0.588414430618,0.538557589054
-0.538341641426,0.253099679947,1.26278805733,-0.424670398235,0.428641319275,0.589127540588,0.53744828701
-0.538368463516,0.252771288157,1.26280915737,-0.424630880356,0.429151564837,0.589969098568,0.536147415638
-0.538139283657,0.252269804478,1.26254296303,-0.423660695553,0.430122822523,0.591896593571,0.534007847309
-0.539587259293,0.251702725887,1.26267445087,-0.42544400692,0.428416490555,0.591806232929,0.534061908722
-0.538323044777,0.251472830772,1.26280009747,-0.424288541079,0.43095138669,0.591668486595,0.533093392849
-0.538689732552,0.250900000334,1.26324510574,-0.424323678017,0.430937767029,0.593574643135,0.530953288078
-0.538772881031,0.250522047281,1.26338768005,-0.424682497978,0.431511223316,0.592614352703,0.531273126602
-0.538777351379,0.250129818916,1.2635871172,-0.424586623907,0.431999415159,0.593996107578,0.529406607151
-0.538561701775,0.249559909105,1.26343178749,-0.423750072718,0.432909965515,0.593998610973,0.529330313206
-0.538511812687,0.24912174046,1.26358866692,-0.42335742712,0.433491438627,0.595560491085,0.527410149574
-0.538485944271,0.248676329851,1.26369524002,-0.423036009073,0.434113591909,0.596179783344,0.526455760002
-0.538530111313,0.247960716486,1.26385760307,-0.422502696514,0.434508144855,0.59669727087,0.525972008705
-0.538494944572,0.247405841947,1.26406860352,-0.422108054161,0.434984058142,0.596421480179,0.526208281517
-0.538390517235,0.246840924025,1.26419484615,-0.42153725028,0.43534502387,0.598291933537,0.524240255356
-0.538298249245,0.246397733688,1.2643610239,-0.421101719141,0.435946017504,0.598049998283,0.524366855621
-0.538563072681,0.245780214667,1.26500511169,-0.421243935823,0.435650259256,0.59953302145,0.522802710533
-0.538479208946,0.245217517018,1.26526260376,-0.42077344656,0.436055928469,0.59942984581,0.522961556911
-0.538327276707,0.244692027569,1.26515984535,-0.418295621872,0.438369691372,0.600532889366,0.521748244762
-0.538144052029,0.243893951178,1.26546013355,-0.41849604249,0.436893969774,0.60254585743,0.52050280571
-0.538293898106,0.243306457996,1.26613235474,-0.418228775263,0.436790674925,0.603254854679,0.519982993603
-0.538253843784,0.242653012276,1.26650059223,-0.417580485344,0.437133550644,0.602451562881,0.521145820618
-0.537954986095,0.241937458515,1.26656854153,-0.416211158037,0.437441051006,0.60448050499,0.519631505013
-0.537830889225,0.241286113858,1.26685261726,-0.414980471134,0.437591642141,0.606104791164,0.518595933914
-0.538088262081,0.240575030446,1.26765084267,-0.415106236935,0.437020510435,0.606589257717,0.518410503864
-0.538138329983,0.239889144897,1.26798963547,-0.414185255766,0.436869293451,0.607716023922,0.517954826355
-0.537940144539,0.239401876926,1.26802027225,-0.412060290575,0.439192920923,0.606809020042,0.518747270107
-0.537995398045,0.23869997263,1.26843976974,-0.411289423704,0.439184397459,0.607540726662,0.518509984016
-0.538034975529,0.23787419498,1.26886200905,-0.411028146744,0.439177751541,0.607666134834,0.518575668335
-0.538114607334,0.237078458071,1.26931512356,-0.410329252481,0.438900828362,0.609285712242,0.517462253571
-0.538031160831,0.236199587584,1.26969468594,-0.410945624113,0.437285512686,0.610838651657,0.516508698463
-0.538370490074,0.235581710935,1.27045750618,-0.411770731211,0.437271922827,0.609478354454,0.517469286919
-0.538477241993,0.234742119908,1.27074575424,-0.411198556423,0.437775611877,0.609696865082,0.51724088192
-0.538361012936,0.233833670616,1.27082920074,-0.410247176886,0.43785354495,0.610547602177,0.516926884651
-0.538536012173,0.232962369919,1.27111053467,-0.409825712442,0.437783956528,0.610745072365,0.517086565495
-0.538643300533,0.232174366713,1.27146196365,-0.410028755665,0.438050121069,0.609963834286,0.517622053623
-0.538756549358,0.231475695968,1.27183198929,-0.410077095032,0.438234657049,0.609548449516,0.517916917801
-0.539210855961,0.230397537351,1.27251183987,-0.410234838724,0.437972098589,0.60882204771,0.51886755228
-0.539341747761,0.229616329074,1.27248430252,-0.408567249775,0.440133213997,0.60683965683,0.520673811436
-0.539418756962,0.22850805521,1.27288615704,-0.4102897048,0.438753753901,0.606335520744,0.52107077837
-0.539896965027,0.227615594864,1.27323961258,-0.4091540277,0.440310388803,0.603819131851,0.523566961288
-0.54002225399,0.226499408484,1.27357041836,-0.41018229723,0.438683748245,0.603982746601,0.523938894272
-0.540470004082,0.225606501102,1.27442932129,-0.41104799509,0.438302487135,0.602502286434,0.52528244257
-0.540880739689,0.224495857954,1.27481293678,-0.411171972752,0.438420087099,0.600276648998,0.527630031109
-0.5410810709,0.22345289588,1.27495288849,-0.411454647779,0.438574403524,0.598155081272,0.529686927795
-0.541625916958,0.222384780645,1.27569770813,-0.412278205156,0.438187360764,0.596024334431,0.531764626503
-0.541902184486,0.221352145076,1.27571344376,-0.410209834576,0.440269351006,0.592765748501,0.53527534008
-0.541975557804,0.220380231738,1.27616119385,-0.412300556898,0.438899844885,0.591185510159,0.53653973341
-0.542417645454,0.219041585922,1.27671766281,-0.412572950125,0.438518494368,0.588645219803,0.539427399635
-0.542744517326,0.217920377851,1.27712190151,-0.413008391857,0.438628941774,0.585612475872,0.542297720909
-0.543077945709,0.216857880354,1.2774040699,-0.413299977779,0.438559412956,0.582814276218,0.545138895512
-0.543451011181,0.215570747852,1.27786028385,-0.41379109025,0.438501179218,0.579373538494,0.548470675945
-0.543868839741,0.214322462678,1.27838122845,-0.413674682379,0.438261926174,0.576593577862,0.551669836044
-0.544168293476,0.213104188442,1.27886843681,-0.413841992617,0.438604146242,0.573038876057,0.554966330528
-0.54472053051,0.211919844151,1.27954351902,-0.414925426245,0.438375562429,0.568944096565,0.558539569378
-0.544773161411,0.210573419929,1.27961432934,-0.41443669796,0.438727617264,0.565636336803,0.561975181103
-0.545069873333,0.209419488907,1.28012144566,0.414857268333,-0.438753277063,-0.561700820923,-0.565580487251
-0.54548817873,0.208195775747,1.28060591221,0.412203997374,-0.439646095037,-0.552173733711,-0.576110541821
-0.545690357685,0.20702573657,1.28127300739,0.414188802242,-0.438023149967,-0.549534976482,-0.578441739082
-0.545629322529,0.205518260598,1.28126883507,0.4132566154,-0.438509851694,-0.545292675495,-0.582738518715
-0.546118736267,0.20418420434,1.28209745884,0.413649529219,-0.43828368187,-0.540843307972,-0.58676224947
-0.546153187752,0.202847957611,1.28233015537,0.412642538548,-0.439157694578,-0.536086678505,-0.591166496277
-0.546564161777,0.201440870762,1.28310322762,0.413103222847,-0.438599646091,-0.531715989113,-0.595192611217
-0.546247303486,0.200223833323,1.28314733505,0.412534803152,-0.439082056284,-0.527529060841,-0.598945140839
-0.546325862408,0.19880926609,1.28356385231,0.412010282278,-0.439079552889,-0.523114264011,-0.603165090084
-0.546789824963,0.197419241071,1.284299016,0.411890625954,-0.439199507236,-0.517695784569,-0.607816576958
-0.546700596809,0.196016788483,1.2843515873,0.410978794098,-0.439451217651,-0.513117015362,-0.612119376659
-0.546567559242,0.194738939404,1.28490197659,0.410974979401,-0.439434349537,-0.508167147636,-0.616249263287
-0.546786189079,0.193279951811,1.28529441357,0.41036555171,-0.439600259066,-0.503020584583,-0.620743155479
-0.546848654747,0.192053124309,1.28566360474,0.410055577755,-0.440023541451,-0.49803674221,-0.62465429306
-0.546939074993,0.190507769585,1.28610229492,0.409417688847,-0.439754575491,-0.493505746126,-0.628844320774
-0.546921253204,0.189285844564,1.28648257256,0.408996492624,-0.440040677786,-0.488438040018,-0.632862091064
-0.546714186668,0.188147008419,1.28683614731,0.4090102911,-0.440345317125,-0.484161138535,-0.635920226574
-0.54668700695,0.186685785651,1.2871901989,0.408561319113,-0.440453529358,-0.479481399059,-0.639668643475
-0.546766996384,0.185297787189,1.28758859634,0.408406257629,-0.443029612303,-0.474020898342,-0.642053961754
-0.546386361122,0.183791816235,1.28744912148,0.405429661274,-0.441144198179,-0.471180826426,-0.647307753563
-0.546530127525,0.182615816593,1.28814518452,0.405968904495,-0.44083827734,-0.466490775347,-0.650566875935
-0.546426892281,0.181461587548,1.28858697414,0.405584990978,-0.441248178482,-0.461799502373,-0.653867065907
-0.54653865099,0.180068433285,1.28890109062,0.404601097107,-0.441134363413,-0.456788986921,-0.658059418201
-0.546597838402,0.178806453943,1.28919959068,0.404167830944,-0.441077500582,-0.452131986618,-0.661570429802
-0.546234607697,0.177292004228,1.28908503056,0.402489155531,-0.441353648901,-0.448169499636,-0.665096580982
-0.546337246895,0.176333189011,1.28993690014,0.403110295534,-0.440939038992,-0.443168073893,-0.668338954449
-0.546382784843,0.175024390221,1.2903021574,0.403814792633,-0.442565917969,-0.436743736267,-0.671061813831
-0.546378195286,0.173777073622,1.29056227207,0.40171417594,-0.440399885178,-0.434227705002,-0.675366461277
-0.546296715736,0.172553509474,1.29088926315,0.400734454393,-0.440461158752,-0.429309427738,-0.679042875767
-0.546420753002,0.171390891075,1.29162538052,0.400640010834,-0.440172344446,-0.424267739058,-0.682446181774
-0.546237230301,0.170196130872,1.29165661335,0.399051785469,-0.439869642258,-0.419790446758,-0.686329603195
-0.546027183533,0.169322311878,1.29187583923,0.398418694735,-0.439908534288,-0.415230721235,-0.689439177513
-0.545982539654,0.167861074209,1.29238641262,0.397494643927,-0.439129561186,-0.411086529493,-0.692943871021
-0.546061873436,0.166397407651,1.29289650917,0.396124452353,-0.438373416662,-0.406408935785,-0.696954727173
-0.547158241272,0.165606021881,1.29344189167,0.397958993912,-0.43624201417,-0.401080518961,-0.700325667858
-0.54688757658,0.164300948381,1.2934666872,0.397029995918,-0.438090473413,-0.39478969574,-0.703267395496
-0.546880483627,0.163313060999,1.29406571388,0.395407140255,-0.435599714518,-0.391497969627,-0.707555949688
-0.546494424343,0.162100702524,1.29411125183,0.393670767546,-0.435635536909,-0.387494504452,-0.710699021816
-0.546307504177,0.160618811846,1.29443573952,0.39334321022,-0.43674570322,-0.381835848093,-0.713257133961
-0.546264529228,0.159506395459,1.29507768154,0.39119681716,-0.43427759409,-0.379320293665,-0.717275500298
-0.544787168503,0.158549562097,1.29522538185,0.388421833515,-0.435996860266,-0.375428855419,-0.71978354454
-0.544334471226,0.157384231687,1.29507887363,0.387806206942,-0.437613397837,-0.369900971651,-0.721993148327
-0.54379683733,0.156433433294,1.29537189007,0.385817915201,-0.435589671135,-0.367716521025,-0.725390017033
-0.543146312237,0.155189096928,1.29515874386,0.383722096682,-0.435532838106,-0.364080637693,-0.728363752365
-0.542867422104,0.15412774682,1.29534327984,0.382406502962,-0.43497633934,-0.360052287579,-0.731384515762
-0.544034838676,0.153176426888,1.29645740986,0.383620679379,-0.433039098978,-0.354867726564,-0.734425842762
-0.542348086834,0.151869252324,1.2961577177,0.380203187466,-0.434479951859,-0.35151591897,-0.736959576607
-0.543166935444,0.150938346982,1.29682147503,0.380863338709,-0.432709187269,-0.347326546907,-0.739641904831
-0.540679335594,0.149548053741,1.29564607143,0.375951379538,-0.434816390276,-0.344726443291,-0.742131412029
-0.541055381298,0.148715361953,1.29675674438,0.376119613647,-0.433829009533,-0.340635478497,-0.744509160519
-0.540485799313,0.147585362196,1.29683685303,0.374374568462,-0.433698028326,-0.337083011866,-0.747077465057
-0.539930343628,0.146556854248,1.296916008,0.372931391001,-0.433590561152,-0.333462774754,-0.749482631683
-0.539656400681,0.145566090941,1.29743087292,0.371939957142,-0.43294698,-0.329883635044,-0.75192719698
-0.538882315159,0.144586265087,1.29719507694,0.369927465916,-0.433109909296,-0.326599448919,-0.754256188869
-0.538546025753,0.143494293094,1.29768753052,0.368781328201,-0.43256342411,-0.323395848274,-0.75650793314
-0.537577271461,0.142424285412,1.29697644711,0.366095542908,-0.432592958212,-0.320320636034,-0.759099543095
-0.537285685539,0.141637012362,1.29752290249,0.365057706833,-0.43218421936,-0.316901922226,-0.761264026165
-0.535814881325,0.140466153622,1.29675757885,0.361523538828,-0.432780236006,-0.31507268548,-0.763368368149
-0.53538274765,0.139600768685,1.29701042175,0.360369622707,-0.432419329882,-0.312215834856,-0.765289783478
-0.535213708878,0.138644620776,1.29740309715,0.35954284668,-0.431717783213,-0.309345334768,-0.767238080502
-0.534594357014,0.137638807297,1.29757881165,0.357659488916,-0.431365430355,-0.306867003441,-0.76930886507
-0.534098267555,0.13643693924,1.2977502346,0.356823414564,-0.430244296789,-0.305123120546,-0.771016716957
-0.533501565456,0.135862901807,1.29782915115,0.354710459709,-0.430410206318,-0.302120834589,-0.773078680038
-0.532478928566,0.134638175368,1.29759633541,0.352934122086,-0.429591059685,-0.301361978054,-0.774641931057
-0.53219884634,0.134185582399,1.29801917076,0.351283997297,-0.429305076599,-0.298116832972,-0.776803076267
-0.5313346982,0.132955104113,1.29785895348,0.349529117346,-0.428541570902,-0.297094345093,-0.778406322002
-0.531692802906,0.132332071662,1.2988666296,0.348813563585,-0.427461415529,-0.294328629971,-0.780369400978
-0.532109320164,0.131913051009,1.29957866669,0.348293662071,-0.426097512245,-0.291068077087,-0.782567501068
-0.530390381813,0.130992174149,1.29922044277,0.345121711493,-0.42635628581,-0.290086150169,-0.78419470787
-0.531031787395,0.130384847522,1.30001592636,0.34537756443,-0.424439549446,-0.287165045738,-0.786194443703
-0.530660569668,0.129495576024,1.30017006397,0.344109892845,-0.423291325569,-0.285400807858,-0.788009643555
-0.528586924076,0.128625512123,1.29935348034,0.339723467827,-0.424069285393,-0.284094661474,-0.789964199066
-0.528622031212,0.127993583679,1.3001087904,0.338754892349,-0.423091620207,-0.281580388546,-0.79180252552
-0.527625918388,0.127328678966,1.29968893528,0.336368501186,-0.423017293215,-0.279395192862,-0.793631434441
-0.527357876301,0.126901209354,1.30045902729,0.336224883795,-0.42244040966,-0.277365714312,-0.794710755348
-0.526342391968,0.126156240702,1.3001396656,0.334258884192,-0.421976447105,-0.275774747133,-0.796338617802
-0.52592331171,0.12542976439,1.30024325848,0.33254930377,-0.421403288841,-0.273577958345,-0.798113584518
-0.525377094746,0.124843463302,1.3004513979,0.33129298687,-0.421146064997,-0.271594911814,-0.79944807291
-0.524803936481,0.124417550862,1.30052042007,0.330793112516,-0.420462787151,-0.269660025835,-0.800668776035
-0.524056434631,0.123857647181,1.30053544044,0.329091966152,-0.420358628035,-0.267624437809,-0.802106082439
-0.523586273193,0.123370431364,1.30066597462,0.327994316816,-0.419893890619,-0.265443950891,-0.803522527218
-0.522628962994,0.122758410871,1.3003680706,0.326329678297,-0.419811993837,-0.263360798359,-0.804927229881
-0.522543013096,0.122374355793,1.3008377552,0.325975716114,-0.419467568398,-0.261277347803,-0.805928647518
-0.523496747017,0.122079491615,1.30192029476,0.327210426331,-0.417864084244,-0.257710516453,-0.807408392429
-0.521968722343,0.121419340372,1.30176544189,0.325086265802,-0.418723762035,-0.256336867809,-0.808257818222
-0.520945370197,0.120554357767,1.30097365379,0.322465002537,-0.418240875006,-0.254420667887,-0.810161173344
-0.520307004452,0.120105423033,1.30101430416,0.322064936161,-0.418241262436,-0.252538740635,-0.81090849638
-0.519282221794,0.119538933039,1.30069518089,0.32008305192,-0.418375313282,-0.250575661659,-0.812232017517
-0.51876783371,0.119346573949,1.30097079277,0.318889915943,-0.418816149235,-0.248241186142,-0.813190340996
-0.518048763275,0.118837043643,1.30091381073,0.317772835493,-0.418813198805,-0.246218889952,-0.814243376255
-0.517267465591,0.118351139128,1.3009198904,0.316937893629,-0.418969750404,-0.244693443179,-0.814947783947
-0.516617059708,0.117573127151,1.30089914799,0.316073715687,-0.41859844327,-0.243838861585,-0.8157299757
-0.516457498074,0.117052957416,1.30176961422,0.316188454628,-0.418379932642,-0.242379099131,-0.81623250246
-0.515339136124,0.116543188691,1.30123472214,0.314885050058,-0.41891258955,-0.241038396955,-0.816859900951
-0.514533638954,0.116114929318,1.30127942562,0.313504844904,-0.419273585081,-0.239687457681,-0.817602813244
-0.513348698616,0.11545945704,1.30070972443,0.31152510643,-0.419383227825,-0.238705307245,-0.818589985371
-0.514121592045,0.115404039621,1.3021825552,0.313022524118,-0.418659001589,-0.236018359661,-0.819168388844
-0.51200056076,0.114679321647,1.30112922192,0.309862524271,-0.419890195131,-0.235375598073,-0.819924235344
-0.511069476604,0.114272281528,1.30110371113,0.308440178633,-0.420220851898,-0.233737617731,-0.820759296417
-0.510362327099,0.114159315825,1.30147695541,0.307983130217,-0.420693933964,-0.232187718153,-0.821128427982
-0.509181320667,0.113679818809,1.30101847649,0.306015908718,-0.420889645815,-0.230524748564,-0.822231411934
-0.509508490562,0.113458752632,1.30174028873,0.306389898062,-0.420365363359,-0.22805288434,-0.823049247265
-0.506836175919,0.112527787685,1.30019426346,0.299601227045,-0.422637343407,-0.226604834199,-0.824783086777
-0.507873475552,0.112679839134,1.30176484585,0.301069051027,-0.421267032623,-0.223264664412,-0.825859844685
-0.505657613277,0.112191408873,1.30126416683,0.297879070044,-0.422733366489,-0.222361579537,-0.826510727406
-0.504721343517,0.111830621958,1.30142331123,0.296904146671,-0.422448039055,-0.221100777388,-0.827345073223
-0.50380641222,0.111224502325,1.30146610737,0.296669393778,-0.421378046274,-0.220264852047,-0.828197598457
-0.503231406212,0.111055552959,1.30206859112,0.295959979296,-0.420853048563,-0.217876493931,-0.829349339008
-0.501728594303,0.110559016466,1.30124866962,0.293062478304,-0.420363783836,-0.217316091061,-0.830772161484
-0.500469386578,0.110197134316,1.30099129677,0.290715813637,-0.419619679451,-0.215473562479,-0.832451105118
-0.501544713974,0.110346734524,1.30255293846,0.292148172855,-0.417012453079,-0.212259724736,-0.834083914757
-0.500757813454,0.110244840384,1.3027433157,0.290248483419,-0.416025400162,-0.210244908929,-0.835748672485
-0.498230755329,0.109688311815,1.3015409708,0.28584459424,-0.415920436382,-0.208784922957,-0.837682425976
-0.497472852468,0.109525173903,1.30178678036,0.28426772356,-0.414588958025,-0.206752836704,-0.83938139677
-0.497149497271,0.109372407198,1.30247437954,0.284519910812,-0.412423312664,-0.205389976501,-0.840696334839
-0.49616920948,0.109228365123,1.30225396156,0.281948894262,-0.410625547171,-0.202979207039,-0.843024909496
-0.497209101915,0.109506033361,1.30354452133,0.282012104988,-0.407786369324,-0.199678599834,-0.845167398453
-0.495861262083,0.109250932932,1.30362570286,0.278922498226,-0.406483530998,-0.197575852275,-0.847311794758
-0.495454907417,0.109246149659,1.30390143394,0.277074575424,-0.404018133879,-0.194502800703,-0.849804520607
-0.495074003935,0.109265699983,1.30411791801,0.27519929409,-0.400982648134,-0.191554516554,-0.852516949177
-0.49384278059,0.10907125473,1.30344617367,0.27161693573,-0.398419678211,-0.189274191856,-0.855372011662
-0.494253903627,0.109335169196,1.30458474159,0.270335614681,-0.395408600569,-0.185639411211,-0.857967793941
-0.493907868862,0.10934714973,1.30479824543,0.268148362637,-0.392081290483,-0.182828933001,-0.860780060291
-0.494552344084,0.109676286578,1.30558001995,0.267238795757,-0.388085603714,-0.179278880358,-0.863615751266
-0.494333356619,0.109722860157,1.3059772253,0.264580011368,-0.384655058384,-0.176405340433,-0.866555869579
-0.492592215538,0.109614469111,1.30522108078,0.259431898594,-0.382378429174,-0.174356982112,-0.869529485703
-0.492277354002,0.109577924013,1.30548250675,0.256823956966,-0.378698289394,-0.171544551849,-0.872468650341
-0.491488695145,0.10949626565,1.30536437035,0.253565400839,-0.37582719326,-0.169261828065,-0.875105142593
-0.491121798754,0.109399229288,1.30565738678,0.251386940479,-0.371979981661,-0.166106924415,-0.877977252007
-0.490765601397,0.10941221565,1.30585408211,0.248954668641,-0.369013637304,-0.164747104049,-0.880175471306
-0.490503579378,0.109460942447,1.30607140064,0.246133744717,-0.366419792175,-0.16227415204,-0.88250887394
-0.491640359163,0.109823092818,1.30747199059,0.245654478669,-0.363123953342,-0.159245476127,-0.884554028511
-0.490979611874,0.109667465091,1.30737531185,0.242715850472,-0.360700041056,-0.15744869411,-0.886676073074
-0.490599155426,0.109679341316,1.30755019188,0.240316599607,-0.358097404242,-0.155470862985,-0.888731181622
-0.490240782499,0.109677910805,1.30767059326,0.23814894259,-0.355709016323,-0.153447628021,-0.890623390675
-0.488660782576,0.109378777444,1.30685973167,0.235337093472,-0.353555619717,-0.152533575892,-0.892383575439
-0.488633036613,0.10944429785,1.30740618706,0.233411177993,-0.351465463638,-0.150054365396,-0.894133627415
-0.487771719694,0.109353072941,1.30712151527,0.230754598975,-0.349410414696,-0.148211240768,-0.895934224129
-0.487303137779,0.109487295151,1.30719268322,0.22845891118,-0.347492694855,-0.145788222551,-0.897664248943
-0.486805021763,0.109464481473,1.30730867386,0.226587951183,-0.345499545336,-0.143901512027,-0.899210929871
-0.486232936382,0.109573066235,1.30740332603,0.224623188376,-0.343845903873,-0.142072468996,-0.900627434254
-0.485721737146,0.109533652663,1.30757176876,0.222550466657,-0.342337876558,-0.140232026577,-0.902003884315
-0.485266953707,0.109383299947,1.30776810646,0.221320569515,-0.340776145458,-0.138940066099,-0.903097212315
-0.48490396142,0.1090734303,1.30881154537,0.218842029572,-0.340128600597,-0.137504190207,-0.904164433479
-0.484146863222,0.109297469258,1.30797600746,0.218070313334,-0.338160783052,-0.137165188789,-0.905139923096
-0.483508855104,0.109188944101,1.30813789368,0.216671124101,-0.337073266506,-0.135108709335,-0.906190276146
-0.482971251011,0.109106794,1.30820930004,0.215059190989,-0.335803538561,-0.133911445737,-0.907222867012
-0.482293486595,0.109190419316,1.30828034878,0.213327541947,-0.335192739964,-0.132891356945,-0.908007204533
-0.481996566057,0.108758240938,1.30913257599,0.212109029293,-0.3348120749,-0.132204353809,-0.908533215523
-0.481181800365,0.109049618244,1.30859673023,0.211206153035,-0.333665966988,-0.131319671869,-0.909293234348
-0.480620831251,0.109315603971,1.30877637863,0.210426494479,-0.333226591349,-0.129834324121,-0.909848213196
-0.480461716652,0.108977876604,1.30975365639,0.209478974342,-0.333081692457,-0.129721730947,-0.910135924816
-0.479972571135,0.109064176679,1.30984473228,0.208854362369,-0.332712948322,-0.128753483295,-0.910551726818
-0.479652315378,0.10904096067,1.3099309206,0.20808172226,-0.332449704409,-0.128287047148,-0.910890519619
-0.479319900274,0.109186701477,1.30996406078,0.207868948579,-0.332355171442,-0.127922609448,-0.911024868488
-0.479057371616,0.109260812402,1.30999600887,0.207859903574,-0.332122713327,-0.128066509962,-0.911091506481
-0.478762477636,0.11001893878,1.30958032608,0.209139823914,-0.331832796335,-0.127395391464,-0.910998344421
-0.478062748909,0.109981626272,1.30914127827,0.208644405007,-0.331879109144,-0.127868518233,-0.911028802395
-0.477847695351,0.110076144338,1.30911123753,0.208845034242,-0.332003295422,-0.12818364799,-0.910893261433
-0.477636814117,0.110260106623,1.30909717083,0.209064781666,-0.332276314497,-0.128563597798,-0.910689711571
-0.477437078953,0.110472746193,1.30906713009,0.20914760232,-0.332678467035,-0.129123270512,-0.910444736481
-0.477276146412,0.110669955611,1.30906093121,0.209608614445,-0.33315512538,-0.130014851689,-0.910037398338
-0.47880834341,0.111185893416,1.31065618992,0.211778312922,-0.333434581757,-0.130120694637,-0.909417331219
-0.477065891027,0.111039936543,1.30897521973,0.210653796792,-0.333852440119,-0.132368445396,-0.909200847149
-0.477020561695,0.111199133098,1.3089338541,0.211391717196,-0.334675580263,-0.134025782347,-0.908483803272
-0.477129280567,0.111179508269,1.30893349648,0.212539181113,-0.33479654789,-0.136203303933,-0.907847464085
-0.477560698986,0.111539252102,1.30925154686,0.213938042521,-0.335743635893,-0.137583836913,-0.90696054697
-0.477699458599,0.111719675362,1.30918097496,0.214873477817,-0.336218059063,-0.1395265311,-0.906266570091
-0.477773666382,0.111948400736,1.30910336971,0.215609237552,-0.336746484041,-0.141671970487,-0.905562579632
-0.47744590044,0.112104684114,1.30854713917,0.215673089027,-0.337831348181,-0.14410007,-0.904759764671
-0.477633118629,0.112369701266,1.30841088295,0.217374905944,-0.338358104229,-0.145973816514,-0.903854846954
-0.477831929922,0.112770952284,1.30823862553,0.217922091484,-0.339461952448,-0.148217603564,-0.902943611145
-0.478478103876,0.113231666386,1.30855000019,0.219916909933,-0.34034627676,-0.150185018778,-0.901801228523
-0.478794455528,0.113438025117,1.30843782425,0.221314102411,-0.341285407543,-0.153163999319,-0.900602638721
-0.478733241558,0.113622784615,1.30789709091,0.222513660789,-0.342473328114,-0.156408339739,-0.899297595024
-0.478990793228,0.113962858915,1.30771660805,0.223767608404,-0.343926221132,-0.15936909616,-0.897911071777
-0.479323863983,0.114297568798,1.3075067997,0.225316822529,-0.345301479101,-0.162632286549,-0.896409511566
-0.479782879353,0.114600300789,1.30735075474,0.227112084627,-0.346835613251,-0.166033104062,-0.894739210606
-0.480311542749,0.114882349968,1.30719578266,0.22990873456,-0.348800778389,-0.169393628836,-0.892628610134
-0.481140881777,0.1153376773,1.30740714073,0.232348352671,-0.349832564592,-0.173589020967,-0.890785157681
-0.481199800968,0.115556627512,1.30668818951,0.234061166644,-0.35116237402,-0.178096875548,-0.888921737671
-0.481624722481,0.115890070796,1.30653858185,0.236582279205,-0.353313148022,-0.181710124016,-0.886667966843
-0.482034891844,0.116354383528,1.30628275871,0.238207250834,-0.355296730995,-0.185242936015,-0.884707093239
-0.482732176781,0.116351157427,1.30608391762,0.240422919393,-0.355339646339,-0.191021427512,-0.882859766483
-0.483973264694,0.117193415761,1.30681335926,0.243171826005,-0.357307076454,-0.194338008761,-0.880586147308
-0.483776539564,0.117206320167,1.30567622185,0.244509786367,-0.358561813831,-0.199967429042,-0.878442645073
-0.48433804512,0.117580622435,1.30548834801,0.246616527438,-0.360043227673,-0.204461336136,-0.876210451126
-0.484969139099,0.117893010378,1.30528151989,0.249071955681,-0.361524403095,-0.209396839142,-0.873736917973
-0.485878884792,0.118292212486,1.30541324615,0.251417607069,-0.363726437092,-0.21301959455,-0.871272027493
-0.486843168736,0.118770070374,1.30579280853,0.254393398762,-0.365407556295,-0.21771080792,-0.868540942669
-0.486691445112,0.118888840079,1.30464744568,0.255517482758,-0.366969317198,-0.223533555865,-0.86606991291
-0.488320231438,0.119444474578,1.30584657192,0.259208470583,-0.368632942438,-0.227859467268,-0.863134324551
-0.488673239946,0.119712948799,1.30526471138,0.261195719242,-0.369816064835,-0.233420297503,-0.860539257526
-0.488478183746,0.119686283171,1.30417501926,0.262407809496,-0.371129184961,-0.239874094725,-0.857826113701
-0.489993393421,0.120320565999,1.3049916029,0.265883088112,-0.372427344322,-0.244350224733,-0.85492515564
-0.490703552961,0.120574608445,1.30484139919,0.267846524715,-0.373706281185,-0.249813243747,-0.852170884609
-0.491375267506,0.12076318264,1.30464470387,0.270244419575,-0.374081522226,-0.256372094154,-0.84929639101
-0.492169141769,0.121065169573,1.30461549759,0.273101955652,-0.376093506813,-0.260629445314,-0.846192240715
-0.492073148489,0.121160820127,1.30347120762,0.271972954273,-0.37822419405,-0.26635748148,-0.843819260597
-0.49369430542,0.121658779681,1.30425882339,0.275979548693,-0.378656059504,-0.272000461817,-0.840518057346
-0.494370132685,0.121918082237,1.30414903164,0.278072983027,-0.380014449358,-0.277928739786,-0.837269425392
-0.495127141476,0.122130662203,1.30407631397,0.280687838793,-0.381022721529,-0.284098535776,-0.833860933781
-0.495939940214,0.122466251254,1.30391609669,0.28289809823,-0.382064133883,-0.290013760328,-0.830594778061
-0.496641695499,0.122593805194,1.30381834507,0.285007566214,-0.383094847202,-0.296349674463,-0.827155292034
-0.497755289078,0.122936956584,1.30411469936,0.28832167387,-0.384204924107,-0.301758378744,-0.823528468609
-0.498262286186,0.122971497476,1.30366373062,0.290271818638,-0.384553045034,-0.309095352888,-0.819952011108
-0.498672008514,0.123305007815,1.30307340622,0.291005194187,-0.385307490826,-0.315846651793,-0.816758930683
-0.50003516674,0.123506166041,1.30353975296,0.294868767262,-0.385421007872,-0.322223961353,-0.812819063663
-0.500795841217,0.123859122396,1.30338644981,0.296972811222,-0.387460887432,-0.327385574579,-0.809011697769
-0.50169813633,0.124137118459,1.30344152451,0.29934835434,-0.387918889523,-0.334445148706,-0.805019259453
-0.502486228943,0.124426744878,1.30330228806,0.302886962891,-0.388093322515,-0.341597825289,-0.800595998764
-0.50338190794,0.124701537192,1.30327987671,0.305669158697,-0.388526916504,-0.347619384527,-0.796727061272
-0.504463791847,0.12491324544,1.30363428593,0.308355003595,-0.389022618532,-0.354389965534,-0.792455911636
-0.505392432213,0.125207170844,1.30356037617,0.310646355152,-0.388699650764,-0.362111628056,-0.788217306137
-0.506129980087,0.125278830528,1.30324053764,0.312780022621,-0.389027804136,-0.369739741087,-0.783657193184
-0.507056415081,0.125820830464,1.30316078663,0.314712613821,-0.389821559191,-0.376329243183,-0.779340386391
-0.507906675339,0.126062393188,1.30315160751,0.317509740591,-0.390678346157,-0.383283436298,-0.774371981621
-0.508907556534,0.126477316022,1.30321884155,0.319733768702,-0.391675829887,-0.390197992325,-0.769484221935
-0.509455859661,0.126398652792,1.30269002914,0.320950716734,-0.39148619771,-0.398094564676,-0.765016376972
-0.510692000389,0.126867592335,1.30307090282,0.323305606842,-0.391125649214,-0.405937224627,-0.760071873665
-0.511467576027,0.12701626122,1.30254125595,0.323497802019,-0.392024368048,-0.412527680397,-0.755967617035
-0.512496590614,0.127066865563,1.30240631104,0.325785070658,-0.391659289598,-0.420263051987,-0.75089687109
-0.51339751482,0.127447918057,1.30221831799,0.326973825693,-0.392697274685,-0.427074640989,-0.745978653431
-0.514498472214,0.127647906542,1.30216312408,0.329994529486,-0.392021298409,-0.434670180082,-0.740597546101
-0.516084194183,0.127819895744,1.30287361145,0.333664476871,-0.391852110624,-0.440957546234,-0.73530703783
-0.517133116722,0.128259003162,1.30276119709,0.335167735815,-0.391367197037,-0.4480291605,-0.730591714382
-0.518404304981,0.128538176417,1.30263590813,0.335902154446,-0.392765760422,-0.452906697989,-0.726484835148
-0.519361317158,0.129272371531,1.30222523212,0.337709873915,-0.392793595791,-0.460009932518,-0.721149206161
-0.520548820496,0.129556879401,1.30217540264,0.339870452881,-0.392884999514,-0.466032624245,-0.716200530529
-0.521986782551,0.129985362291,1.30245780945,0.342930346727,-0.392179697752,-0.472296893597,-0.711005926132
-0.52289056778,0.130328401923,1.30210256577,0.345960915089,-0.390652507544,-0.480266839266,-0.705014467239
-0.524445533752,0.130523204803,1.30228078365,0.348523050547,-0.389924168587,-0.486491143703,-0.699869394302
-0.525626599789,0.13113565743,1.30218100548,0.350740492344,-0.389726817608,-0.49264061451,-0.694549739361
-0.526707172394,0.131563693285,1.30174171925,0.352516502142,-0.389450013638,-0.499718636274,-0.688724994659
-0.528058886528,0.131908923388,1.30150282383,0.355166643858,-0.388751119375,-0.505230605602,-0.683718681335
-0.529382348061,0.132522717118,1.30143868923,0.357377767563,-0.388134837151,-0.51121878624,-0.678445219994
-0.530500113964,0.132992833853,1.30114328861,0.360824972391,-0.386727511883,-0.516765534878,-0.673201918602
-0.532163500786,0.133384644985,1.30142974854,0.363432049751,-0.385851621628,-0.521821439266,-0.668384671211
-0.533239364624,0.133856266737,1.30092942715,0.365418940783,-0.385183185339,-0.527051687241,-0.66356575489
-0.534349381924,0.134105533361,1.30027508736,0.367043465376,-0.38407599926,-0.534541249275,-0.657290220261
-0.535953700542,0.134688764811,1.30056428909,0.369866997004,-0.382985919714,-0.536590516567,-0.654668569565
-0.537266075611,0.135401979089,1.30030095577,0.372172534466,-0.382046937943,-0.541205525398,-0.650095701218
-0.538409173489,0.135870784521,1.29981660843,0.374016910791,-0.380925446749,-0.545795738697,-0.645843863487
-0.540240585804,0.136272460222,1.3005002737,0.377313345671,-0.379012018442,-0.549692571163,-0.64173412323
-0.541437506676,0.136930957437,1.30027258396,0.379326701164,-0.378382384777,-0.556532263756,-0.634988069534
-0.542652308941,0.137483090162,1.30014586449,0.379827558994,-0.378405988216,-0.55902659893,-0.632478654385
-0.544139504433,0.137855023146,1.30031740665,0.381976634264,-0.376908272505,-0.56232714653,-0.629144132137
-0.545176327229,0.138381034136,1.30017602444,0.38372951746,-0.375449746847,-0.566402792931,-0.625281631947
-0.54649823904,0.13910767436,1.29993009567,0.384204238653,-0.376026690006,-0.569331943989,-0.621974408627
-0.547404527664,0.139538183808,1.29992842674,0.386304736137,-0.373259484768,-0.572966098785,-0.618996024132
-0.548316657543,0.140034884214,1.29952383041,0.38707152009,-0.372281372547,-0.576052129269,-0.616235435009
-0.549390435219,0.140400677919,1.29943954945,0.38826456666,-0.37101906538,-0.576850295067,-0.615499258041
-0.550492048264,0.140857592225,1.29942560196,0.388873040676,-0.3695102036,-0.581792235374,-0.611357450485
-0.551745712757,0.141405075788,1.299690485,0.390647441149,-0.368168383837,-0.585041463375,-0.60792529583
-0.55239367485,0.141866803169,1.29924345016,0.390770256519,-0.367196142673,-0.584768891335,-0.608696162701
-0.55335766077,0.142330169678,1.29924833775,0.391548871994,-0.365821927786,-0.587162911892,-0.606715321541
-0.554332256317,0.142839699984,1.2992016077,0.393072783947,-0.364019036293,-0.591529428959,-0.602558851242
-0.555178880692,0.143383830786,1.29909658432,0.392674744129,-0.363268852234,-0.591479241848,-0.603319823742
-0.555825173855,0.143898636103,1.29903674126,0.394862949848,-0.359970659018,-0.596064507961,-0.59934258461
-0.556747078896,0.144467636943,1.299061656,-0.3957708776,0.358596175909,0.598792374134,0.596843421459
-0.557615578175,0.144624754786,1.29902267456,-0.395891457796,0.356904864311,0.600633502007,0.595926582813
-0.558322191238,0.145592719316,1.29894733429,-0.396555185318,0.355559319258,0.60192656517,0.594983994961
-0.559307336807,0.146179363132,1.29892718792,-0.396083652973,0.35565161705,0.60293751955,0.59421890974
-0.560102343559,0.146687537432,1.2989654541,-0.396352976561,0.353940546513,0.604162395,0.593816697598
-0.560759484768,0.147272691131,1.29895043373,-0.396519422531,0.352614164352,0.605929195881,0.592693448067
-0.56145966053,0.147920206189,1.29881513119,-0.397270172834,0.351314872503,0.607812047005,0.591031968594
-0.561942398548,0.148452788591,1.29875946045,-0.396787405014,0.350445181131,0.608122885227,0.59155267477
-0.562527596951,0.149025931954,1.29875099659,-0.397323399782,0.349266827106,0.611092865467,0.588822841644
-0.562891125679,0.149685889482,1.29863774776,-0.396715253592,0.348598331213,0.61233985424,0.588333368301
-0.563461780548,0.150325000286,1.29859292507,-0.397371441126,0.347654104233,0.611866652966,0.588941156864
-0.563754737377,0.151041090488,1.29860377312,-0.396997481585,0.347153604031,0.61550796032,0.585685491562
-0.564229130745,0.151898354292,1.29886806011,-0.397697091103,0.346661627293,0.616702914238,0.584243476391
-0.564287543297,0.152376890182,1.29849541187,-0.397138655186,0.346574872732,0.618524193764,0.582747578621
-0.564721524715,0.153122186661,1.29860305786,-0.397293895483,0.346548259258,0.61818665266,0.583015799522
-0.565169095993,0.153815478086,1.29872429371,-0.400536447763,0.343464225531,0.620790839195,0.579846382141
-0.564900994301,0.154589056969,1.29844403267,-0.399873048067,0.343805700541,0.624169826508,0.576464474201
-0.565239429474,0.155245423317,1.29841160774,-0.40038061142,0.344154238701,0.62325322628,0.576895952225
-0.565575420856,0.155999198556,1.2984675169,-0.40101364255,0.344126194715,0.62462413311,0.574986994267
-0.565895557404,0.156639501452,1.29845452309,-0.401756614447,0.343750864267,0.627137959003,0.571948409081
-0.566220164299,0.157545074821,1.29844987392,-0.402730494738,0.344235926867,0.626608252525,0.571552217007
-0.566797792912,0.158749580383,1.29849088192,-0.401719301939,0.347142577171,0.62611925602,0.57104152441
-0.567165791988,0.159645020962,1.29834091663,-0.402921557426,0.347326159477,0.628180682659,0.567809700966
-0.567633152008,0.160473927855,1.2983789444,-0.404392153025,0.34755730629,0.626943588257,0.56799018383
-0.568317592144,0.161062210798,1.29839932919,-0.406206548214,0.346587091684,0.629374623299,0.564589321613
-0.568621456623,0.162248313427,1.29835236073,-0.40793094039,0.347438097,0.627948403358,0.564411282539
-0.569148480892,0.163129717112,1.29822015762,-0.409569859505,0.34687012434,0.630310416222,0.560930073261
-0.569654464722,0.164090275764,1.29813301563,-0.411185801029,0.34730437398,0.628877103329,0.561087846756
-0.570531904697,0.164992317557,1.29830646515,-0.413858026266,0.346526503563,0.62988781929,0.558464288712
-0.570691406727,0.166007101536,1.29795229435,-0.414689898491,0.347027331591,0.630539238453,0.556798696518
-0.571319639683,0.166955053806,1.29770553112,-0.416250318289,0.347080349922,0.631376266479,0.554648458958
-0.571508944035,0.167971432209,1.29759216309,-0.417619913816,0.347993612289,0.630594849586,0.553935289383
-0.571852266788,0.169013530016,1.29739403725,-0.419157296419,0.347949981689,0.631880998611,0.551329731941
-0.572579264641,0.169728726149,1.29743146896,-0.421384394169,0.347363948822,0.631120145321,0.550872862339
-0.57237303257,0.171052783728,1.29688692093,-0.421711951494,0.348453968763,0.632530272007,0.548310518265
-0.572694420815,0.172190800309,1.29675137997,-0.423165529966,0.348802506924,0.632615685463,0.546868443489
-0.572850942612,0.173163667321,1.29656040668,-0.423831135035,0.349576145411,0.631214916706,0.547477304935
-0.57299053669,0.174145951867,1.29638397694,-0.425249695778,0.350383162498,0.630539774895,0.546638906002
-0.573068916798,0.175190225244,1.29612219334,-0.425858646631,0.350419014692,0.632422506809,0.543960392475
-0.573335528374,0.176356494427,1.29603302479,-0.426958054304,0.350946307182,0.63119918108,0.54417937994
-0.573409616947,0.177563130856,1.29605233669,-0.428001821041,0.351550519466,0.630666673183,0.543586671352
-0.572924733162,0.178799122572,1.29563391209,-0.427741229534,0.35300385952,0.63046258688,0.54308617115
-0.573203682899,0.179845422506,1.29570233822,-0.428467065096,0.35329580307,0.629663705826,0.543250977993
-0.572449862957,0.181403338909,1.29527378082,-0.427863001823,0.354521393776,0.630233466625,0.542266964912
-0.572665572166,0.182477146387,1.29541110992,-0.42865639925,0.354749888182,0.629348158836,0.542519271374
-0.572043776512,0.183810070157,1.29495513439,-0.427773296833,0.356084555387,0.629064500332,0.542671024799
-0.571807920933,0.185026049614,1.2948101759,-0.427721828222,0.356954097748,0.627263426781,0.544222652912
-0.571578204632,0.186267912388,1.2946113348,-0.427485138178,0.357358574867,0.627445936203,0.543932676315
-0.571258723736,0.187387257814,1.29444754124,-0.426798582077,0.35767942667,0.627648055553,0.544027924538
-0.570975661278,0.188933074474,1.294272542,-0.426876157522,0.358791649342,0.625706672668,0.545469045639
-0.571090579033,0.189779132605,1.2943944931,-0.426682114601,0.358168035746,0.625530481339,0.546232223511
-0.570431470871,0.191387996078,1.2940403223,-0.426139503717,0.359412223101,0.62395375967,0.54764020443
-0.570333659649,0.192473545671,1.29415726662,-0.426210194826,0.359459578991,0.6215711236,0.550257563591
-0.569808959961,0.193498253822,1.29372048378,-0.424788832664,0.359997481108,0.620842576027,0.551825046539
-0.569100439548,0.194793045521,1.29342198372,-0.42612221837,0.357375621796,0.622913956642,0.550164341927
-0.568682968616,0.196124106646,1.29314231873,-0.425340294838,0.358011424541,0.620903432369,0.552623271942
-0.568346917629,0.197522431612,1.29286074638,-0.424620598555,0.357934832573,0.621996343136,0.551996767521
-0.568002223969,0.19865322113,1.29266810417,-0.423626899719,0.358492076397,0.618569552898,0.556233346462
-0.567915380001,0.199884697795,1.29267609119,-0.42273747921,0.358168125153,0.61809527874,0.557644188404
-0.567228376865,0.200986653566,1.29222917557,-0.420884877443,0.358619570732,0.617345333099,0.55958288908
-0.566822826862,0.20237711072,1.29209828377,-0.419933855534,0.358847379684,0.616030156612,0.561596751213
-0.566364824772,0.20390021801,1.29192173481,-0.419442951679,0.359724968672,0.613780498505,0.563861012459
-0.565847635269,0.205156072974,1.29177427292,-0.417887240648,0.36002317071,0.61291539669,0.565763413906
-0.565630614758,0.206705033779,1.29186010361,-0.417532294989,0.360591351986,0.610975503922,0.567758560181
-0.564839422703,0.207811504602,1.29154121876,-0.415477186441,0.361035019159,0.609937608242,0.570095121861
-0.564683496952,0.209307968616,1.29155170918,-0.415749371052,0.362361162901,0.606716096401,0.572487831116
-0.564094245434,0.210662260652,1.29114246368,-0.411690711975,0.364747405052,0.604704856873,0.576022744179
-0.563366234303,0.211915522814,1.2909219265,-0.412024706602,0.363793313503,0.604167819023,0.576950132847
-0.562959849834,0.213494420052,1.29063630104,-0.409917443991,0.366477221251,0.601036310196,0.58001512289
-0.562476098537,0.214728146791,1.29036748409,-0.40945649147,0.367203295231,0.598837435246,0.58215200901
-0.561930060387,0.216095805168,1.29009962082,-0.40887632966,0.368360430002,0.596610307693,0.584112107754
-0.561431348324,0.217502191663,1.28989648819,-0.408191531897,0.369184315205,0.594584882259,0.586132764816
-0.560797095299,0.218791231513,1.28951907158,-0.407146275043,0.370391249657,0.592735528946,0.587968349457
-0.560500741005,0.220112800598,1.28952145576,-0.40698119998,0.371051073074,0.590420424938,0.589992463589
-0.559911072254,0.221491336823,1.28916859627,0.407069087029,-0.37325245142,-0.58745354414,-0.591503083706
-0.559065043926,0.222691386938,1.28850030899,0.405273616314,-0.373864173889,-0.586485564709,-0.593307554722
-0.558530330658,0.223793685436,1.28812348843,0.404317587614,-0.374962955713,-0.584593296051,-0.59513092041
-0.557965636253,0.224935144186,1.28803217411,0.40463501215,-0.374151110649,-0.584191679955,-0.595820128918
-0.557124614716,0.226011365652,1.28738391399,0.403363466263,-0.375951737165,-0.582460820675,-0.597241699696
-0.556518733501,0.227196961641,1.28707683086,0.402502059937,-0.377510935068,-0.580191612244,-0.599045395851
-0.556143760681,0.228312909603,1.28698420525,0.402375102043,-0.378795534372,-0.577884912491,-0.600547552109
-0.55557847023,0.229385837913,1.28658533096,0.401601880789,-0.380137115717,-0.575765132904,-0.602250933647
-0.555026173592,0.230432063341,1.28637874126,0.401927828789,-0.382395237684,-0.573325276375,-0.602931320667
-0.554515421391,0.231489479542,1.28608703613,0.400587946177,-0.383247315884,-0.571796536446,-0.604731023312
-0.553993344307,0.232523977757,1.28570652008,0.400818705559,-0.385373830795,-0.569615960121,-0.60528421402
-0.55346930027,0.233546838164,1.28543484211,0.399546533823,-0.38615167141,-0.567760646343,-0.607369244099
-0.553022861481,0.234596312046,1.2851754427,0.399423241615,-0.387677192688,-0.566045343876,-0.608079195023
-0.552348017693,0.235552042723,1.28464972973,0.398553073406,-0.389252781868,-0.56431978941,-0.609246194363
-0.552235603333,0.236334979534,1.28459632397,0.398596733809,-0.39029738307,-0.562503099442,-0.610228538513
-0.551829278469,0.237188518047,1.28433644772,0.39832636714,-0.391712129116,-0.560788273811,-0.61107635498
-0.551200211048,0.238146841526,1.2833365202,0.395774036646,-0.39466124773,-0.558156132698,-0.613243162632
-0.551057696342,0.239161163568,1.28404462337,0.396958470345,-0.395655930042,-0.556650161743,-0.613205611706
-0.551852464676,0.239621415734,1.28302228451,0.398686885834,-0.393344730139,-0.555564522743,-0.614554107189
-0.550280451775,0.240505158901,1.28284025192,0.396963357925,-0.396491646767,-0.554638683796,-0.614483833313
-0.549616098404,0.241213187575,1.28208196163,0.395933061838,-0.397846788168,-0.553546488285,-0.615257024765
-0.549272596836,0.241957366467,1.28186202049,0.395945340395,-0.398950099945,-0.552535831928,-0.615443170071
-0.54889768362,0.242596894503,1.28148579597,0.395573884249,-0.400149971247,-0.551307857037,-0.616003930569
-0.548837900162,0.243218615651,1.28161787987,0.395957559347,-0.400987327099,-0.549913704395,-0.616459012032
-0.548131763935,0.243870794773,1.28096044064,0.395560890436,-0.40219193697,-0.549264192581,-0.616508066654
-0.547821342945,0.244359821081,1.28072476387,0.394642293453,-0.403470516205,-0.54788261652,-0.617489755154
-0.548553407192,0.245291918516,1.28048157692,0.396384000778,-0.40328848362,-0.545549511909,-0.618557929993
-0.548553407192,0.245291918516,1.28048157692,0.396384000778,-0.40328848362,-0.545549511909,-0.618557929993
-0.546890795231,0.245772898197,1.28041613102,0.394453912973,-0.406434446573,-0.54521137476,-0.618030488491
-0.546329379082,0.246187642217,1.27985584736,0.393587917089,-0.407755464315,-0.544351816177,-0.618469953537
-0.547391593456,0.246459811926,1.27989292145,0.395065695047,-0.406858086586,-0.542718827724,-0.619553029537
-0.545431613922,0.247119158506,1.27950572968,0.392529577017,-0.410814970732,-0.541499614716,-0.619620800018
-0.545431613922,0.247119158506,1.27950572968,0.392529577017,-0.410814970732,-0.541499614716,-0.619620800018
-0.545203506947,0.247289538383,1.27937746048,0.392280817032,-0.411534875631,-0.540856480598,-0.619862139225
-0.545016765594,0.24757540226,1.27925562859,0.392453551292,-0.41214749217,-0.540207862854,-0.619911253452
-0.544962286949,0.247703373432,1.27908968925,0.392411828041,-0.412586778402,-0.539585232735,-0.620187699795
-0.545201718807,0.247806280851,1.2793598175,0.393088936806,-0.412588179111,-0.538847327232,-0.620399475098
-0.545215785503,0.247831225395,1.27924799919,0.393188297749,-0.412781000137,-0.538314402103,-0.620671033859
-0.544980823994,0.247696310282,1.27871596813,0.392612069845,-0.413098186255,-0.538103997707,-0.621007025242
-0.545036971569,0.247727140784,1.27858614922,0.392860084772,-0.413259357214,-0.537809371948,-0.62099802494
-0.545140862465,0.247529581189,1.27847111225,0.392977923155,-0.413188070059,-0.53785443306,-0.620932102203
-0.546720206738,0.247319668531,1.2785449028,0.39534008503,-0.41114294529,-0.537248730659,-0.621314287186
-0.545424461365,0.24714538455,1.27831697464,0.393628627062,-0.413135319948,-0.538137555122,-0.620309472084
-0.545627892017,0.24686011672,1.27811276913,0.393984109163,-0.413099586964,-0.538074851036,-0.620161771774
-0.547174751759,0.246527969837,1.27815008163,0.396257102489,-0.41082957387,-0.537487030029,-0.620731174946
-0.545885562897,0.246232837439,1.27786493301,0.394673407078,-0.412623494864,-0.538615107536,-0.619571387768
-0.54595130682,0.245802551508,1.27778637409,0.394895493984,-0.412474185228,-0.539124488831,-0.619085907936
-0.546487152576,0.245478287339,1.27811789513,0.394582122564,-0.413664340973,-0.537865936756,-0.619586110115
-0.54655200243,0.244856730103,1.27808713913,0.396492958069,-0.411878466606,-0.539667785168,-0.617987155914
-0.546372950077,0.244256526232,1.27764821053,0.395866274834,-0.412054210901,-0.54017239809,-0.617830991745
-0.546535253525,0.243668749928,1.27764678001,0.396387457848,-0.412143707275,-0.540502905846,-0.617147684097
-0.546954452991,0.243040189147,1.27799022198,0.397050112486,-0.411674529314,-0.540551960468,-0.61699193716
-0.547105967999,0.242428958416,1.27801132202,0.39737701416,-0.411785393953,-0.540616512299,-0.616650760174
-0.547353684902,0.241595551372,1.27801692486,0.397501140833,-0.411282867193,-0.541105985641,-0.616476714611
-0.547297358513,0.240804105997,1.2776876688,0.397064089775,-0.411689013243,-0.541423559189,-0.6162083745
-0.547827959061,0.240173846483,1.27799248695,0.397651255131,-0.411412328482,-0.541263282299,-0.616155445576
-0.547650933266,0.239205420017,1.27729380131,0.395225614309,-0.41279605031,-0.541073799133,-0.616956472397
-0.548287689686,0.23834335804,1.27780485153,0.396388173103,-0.412489205599,-0.541194498539,-0.616309583187
-0.548374116421,0.237337619066,1.27784049511,0.398011386395,-0.41040161252,-0.542812347412,-0.615233659744
-0.548328638077,0.236318960786,1.27734494209,0.397527456284,-0.410457640886,-0.543618738651,-0.614796876907
-0.549032866955,0.235378086567,1.2778635025,0.398524314165,-0.409566760063,-0.543820381165,-0.614567160606
-0.549353182316,0.234416827559,1.27778327465,0.398972690105,-0.409184217453,-0.544289648533,-0.614115476608
-0.549786090851,0.233361244202,1.27772724628,0.399029940367,-0.409021735191,-0.544452667236,-0.614042103291
-0.550134599209,0.232352524996,1.27754342556,0.39951094985,-0.408486485481,-0.545306682587,-0.6133274436
-0.55044054985,0.231458961964,1.27725350857,0.40007519722,-0.408198148012,-0.545938372612,-0.61258906126
-0.550913214684,0.230222135782,1.27713310719,0.400000631809,-0.407582163811,-0.546493947506,-0.612552523613
-0.551177442074,0.229347705841,1.27672016621,0.400541484356,-0.407356202602,-0.547028005123,-0.611872375011
-0.55175369978,0.228025823832,1.2763171196,0.400871247053,-0.406491488218,-0.547907531261,-0.611444413662
-0.552088797092,0.226913809776,1.27599561214,0.401080459356,-0.40622445941,-0.548538386822,-0.6109187603
-0.552733659744,0.225876271725,1.27557206154,0.40051612258,-0.407331436872,-0.547979831696,-0.611053287983
-0.55304902792,0.224613547325,1.27498710155,0.402339935303,-0.404887020588,-0.550026535988,-0.609639108181
-0.553814232349,0.223525851965,1.27500200272,0.403723984957,-0.404049605131,-0.55032324791,-0.609011650085
-0.554451823235,0.222365140915,1.27456343174,0.405404508114,-0.404039204121,-0.550168335438,-0.608041465282
-0.555092930794,0.221127942204,1.27415168285,0.405423521996,-0.40250813961,-0.551313698292,-0.608006775379
-0.555791258812,0.220117926598,1.27374923229,0.406983703375,-0.401917874813,-0.551798939705,-0.606913745403
-0.556193828583,0.218916296959,1.27312111855,0.407429337502,-0.401523798704,-0.552297949791,-0.606421351433
-0.556952238083,0.217394530773,1.27280020714,0.409108787775,-0.401241093874,-0.552492499352,-0.605299532413
-0.558157026768,0.21610173583,1.27309024334,0.41117939353,-0.400669783354,-0.551163315773,-0.605486869812
-0.558880448341,0.215036600828,1.27348959446,0.411813467741,-0.399008095264,-0.553094089031,-0.604391396046
-0.559677004814,0.213564783335,1.27360284328,0.41303396225,-0.39812323451,-0.553453266621,-0.603813111782
-0.560287058353,0.212169259787,1.27332055569,0.414178550243,-0.397382438183,-0.554295182228,-0.602744042873
-0.560715079308,0.210778802633,1.27366185188,0.415218949318,-0.3970040977,-0.555262923241,-0.601385116577
-0.561354279518,0.209433734417,1.2734978199,0.416178643703,-0.396328389645,-0.555541992188,-0.600909531116
-0.561859965324,0.208022609353,1.2736518383,0.417268693447,-0.395929962397,-0.556697010994,-0.59934514761
-0.562601923943,0.206648141146,1.27377927303,0.416583061218,-0.397020041943,-0.556330919266,-0.599441111088
-0.562874317169,0.205095127225,1.27398085594,0.418753623962,-0.395084023476,-0.558225572109,-0.59744310379
-0.563192129135,0.20366089046,1.2744038105,0.420308619738,-0.395533770323,-0.563189029694,-0.591364383698
-0.563682734966,0.202080771327,1.27431845665,0.420907616615,-0.395040631294,-0.562430679798,-0.591989338398
-0.564085125923,0.200492799282,1.27444338799,0.421154797077,-0.394375294447,-0.564636111259,-0.590154886246
-0.56442463398,0.198955088854,1.27457165718,0.421787917614,-0.39390951395,-0.565826117992,-0.588872671127
-0.564781308174,0.197474509478,1.2746771574,0.42215654254,-0.393515944481,-0.566610097885,-0.588117361069
-0.565103590488,0.195928961039,1.27487313747,0.422617793083,-0.39315828681,-0.567892193794,-0.586787104607
-0.565557003021,0.194572404027,1.2748721838,0.423057347536,-0.392858207226,-0.568515658379,-0.586067199707
-0.565671980381,0.193156376481,1.27478516102,0.423222899437,-0.392766028643,-0.569855213165,-0.584706962109
-0.566372275352,0.191395968199,1.27519404888,0.42392668128,-0.391393989325,-0.570837497711,-0.584158778191
-0.566449165344,0.189863920212,1.27501392365,0.423856258392,-0.391525328159,-0.571899116039,-0.583082795143
-0.567205071449,0.188430085778,1.27543568611,0.423412114382,-0.392039448023,-0.571561634541,-0.583390533924
-0.567348003387,0.186744064093,1.27564930916,0.425124615431,-0.389969438314,-0.574141204357,-0.580994546413
-0.567696213722,0.185330271721,1.275832057,0.425653904676,-0.38938421011,-0.574559926987,-0.580585479736
-0.567974328995,0.18375018239,1.27608680725,0.426223814487,-0.389183670282,-0.575194835663,-0.579672574997
-0.568041682243,0.182249948382,1.2760219574,0.425973892212,-0.38862901926,-0.576651573181,-0.578780472279
-0.568374991417,0.180931150913,1.27617716789,-0.426015108824,0.388392865658,0.577938437462,0.577623903751
-0.568752765656,0.179332718253,1.27676165104,-0.426947414875,0.387248069048,0.5793825984,0.57625579834
-0.568910181522,0.177892997861,1.27692759037,-0.427203834057,0.386799901724,0.580556809902,0.575183808804
-0.569143116474,0.176462113857,1.27712929249,-0.427722603083,0.38672426343,0.58039522171,0.575012326241
-0.569264650345,0.174994334579,1.27734827995,-0.428202062845,0.386759907007,0.580607712269,0.574416697025
-0.569186627865,0.173443853855,1.27715456486,-0.427785694599,0.386271059513,0.582104086876,0.573540866375
-0.569502174854,0.172037020326,1.27768719196,-0.428345859051,0.3856947124,0.582904160023,0.572697281837
-0.569520711899,0.170623809099,1.2779096365,-0.429064869881,0.386195540428,0.579459071159,0.575311720371
-0.5690330863,0.169563874602,1.27773678303,-0.428173482418,0.385779082775,0.585274994373,0.570346474648
-0.56904488802,0.168145135045,1.27799797058,-0.42817696929,0.385842561722,0.586086034775,0.569467425346
-0.569196224213,0.166965335608,1.27811849117,-0.426983714104,0.387325018644,0.585695505142,0.569758951664
-0.56897097826,0.165656447411,1.27832639217,-0.426757067442,0.387684941292,0.585966467857,0.569404959679
-0.56884008646,0.164054647088,1.2791352272,-0.428981333971,0.38734665513,0.581942379475,0.572084546089
-0.568648099899,0.162734091282,1.27887105942,-0.428269803524,0.387559175491,0.58266055584,0.571742713451
-0.568772494793,0.161431461573,1.27923297882,-0.428446561098,0.387276530266,0.582851409912,0.571607232094
-0.56837105751,0.16032345593,1.27923119068,-0.425716012716,0.389162093401,0.586359322071,0.568771779537
-0.56786942482,0.159274056554,1.27940404415,-0.426673591137,0.388182550669,0.587819755077,0.567214131355
-0.567601799965,0.158060625196,1.27968537807,-0.427050501108,0.389159709215,0.584154844284,0.570040047169
-0.567499637604,0.156942248344,1.28013563156,-0.42683622241,0.389515429735,0.584250450134,0.569859743118
-0.567418813705,0.155955344439,1.28027141094,-0.42425096035,0.391250580549,0.587193548679,0.567571997643
-0.566847145557,0.154838070273,1.28020346165,-0.423985093832,0.392609745264,0.583159387112,0.5709810853
-0.566548109055,0.153949931264,1.28035151958,-0.422847419977,0.392485707998,0.587664186954,0.567279160023
-0.566108465195,0.153021246195,1.2806199789,-0.423222362995,0.393993526697,0.58349686861,0.570248425007
-0.565631151199,0.151851907372,1.28069400787,-0.422529518604,0.391670763493,0.589636206627,0.566031873226
-0.565496981144,0.151085928082,1.28120028973,-0.423841118813,0.393007397652,0.583496630192,0.570469498634
-0.564990103245,0.150238707662,1.28106069565,-0.421877682209,0.392576932907,0.58914244175,0.566404223442
-0.564696550369,0.14943164587,1.28175163269,-0.421893924475,0.393033117056,0.588754653931,0.566478908062
-0.564412951469,0.148800373077,1.2816618681,-0.422028273344,0.39373883605,0.587003052235,0.567705333233
-0.563889861107,0.148142844439,1.28144681454,-0.421596586704,0.394961118698,0.582569420338,0.571729838848
-0.563839018345,0.147355377674,1.28192484379,-0.42211702466,0.394736111164,0.581691563129,0.572394490242
-0.563512504101,0.146873340011,1.28201746941,-0.42075702548,0.394033104181,0.5868704319,0.568581163883
-0.563111722469,0.146362662315,1.282148242,-0.420542061329,0.394368946552,0.586354672909,0.569039165974
-0.562563538551,0.145841643214,1.28203618526,-0.420677542686,0.3958106637,0.580646455288,0.573771834373
-0.562291920185,0.145480364561,1.28218114376,-0.420450657606,0.396102488041,0.579955756664,0.574434757233
-0.562229990959,0.145031392574,1.28259921074,-0.420018225908,0.39512655139,0.584520280361,0.570785164833
-0.561819911003,0.144701093435,1.28280365467,-0.41974106431,0.395672470331,0.583740055561,0.571409225464
-0.56151163578,0.144558012486,1.28299951553,-0.419743776321,0.396087169647,0.583195865154,0.571675360203
-0.561293959618,0.144320100546,1.28318834305,-0.419636905193,0.396323919296,0.582607507706,0.572189569473
-0.561070203781,0.144137263298,1.28327989578,-0.419525355101,0.396516352892,0.58206564188,0.572688996792
-0.560703337193,0.144050449133,1.28347241879,-0.419270992279,0.397007793188,0.581597387791,0.573010623455
-0.560229599476,0.144052401185,1.28330028057,-0.418831646442,0.397546797991,0.581247091293,0.573313593864
-0.560054957867,0.144055902958,1.28339326382,0.419061660767,-0.398532927036,-0.575505077839,-0.57823240757
-0.560134291649,0.144149377942,1.2837896347,-0.419353306293,0.397458702326,0.579858124256,0.574398815632
-0.560026466846,0.144167155027,1.28387522697,-0.419235527515,0.397409111261,0.579526722431,0.574853301048
-0.559638738632,0.144319206476,1.28381586075,-0.418655961752,0.397760123014,0.579433202744,0.575127243996
-0.559470415115,0.144430309534,1.28386509418,-0.418257296085,0.397688120604,0.579315304756,0.575585722923
-0.559373259544,0.144628852606,1.28399002552,0.418007791042,-0.397913902998,-0.575539410114,-0.579386234283
-0.559337377548,0.144806295633,1.28412389755,-0.417979180813,0.396993130445,0.579194128513,0.576388716698
-0.5593136549,0.145108252764,1.28426229954,-0.417715787888,0.397040128708,0.577920854092,0.577823579311
-0.55921459198,0.145292505622,1.28444778919,0.417744249105,-0.396987110376,-0.574146389961,-0.581589996815
-0.559201300144,0.145621925592,1.2845852375,0.41735047102,-0.396468937397,-0.574244618416,-0.582128942013
-0.559233248234,0.146033033729,1.28480303288,-0.417031317949,0.394928991795,0.579291403294,0.578392207623
-0.559138834476,0.146407425404,1.28501605988,-0.416632175446,0.394299775362,0.579803705215,0.578595876694
-0.559109449387,0.146778732538,1.28526580334,-0.416137367487,0.393659174442,0.579971134663,0.579219937325
-0.559035718441,0.14730013907,1.28548240662,-0.415785580873,0.392819106579,0.580349266529,0.579664051533
-0.558931827545,0.147725299001,1.28565371037,0.414817065001,-0.392494350672,-0.579716861248,-0.581208467484
-0.55872875452,0.148141920567,1.28589212894,-0.41424909234,0.391402721405,0.581627547741,0.580440402031
-0.558321654797,0.148933723569,1.28623855114,0.413788855076,-0.391757279634,-0.577418029308,-0.584716498852
-0.558119237423,0.14931409061,1.28652942181,-0.412606537342,0.390418857336,0.582227110863,0.58167052269
-0.55786460638,0.149785667658,1.28669953346,-0.411370337009,0.389285027981,0.584262251854,0.58126527071
-0.557595312595,0.150265827775,1.28702938557,-0.410437434912,0.38888707757,0.583737015724,0.582717180252
-0.557297229767,0.15090854466,1.28727948666,-0.409394472837,0.387829840183,0.585301458836,0.58258587122
-0.556987345219,0.151598528028,1.28753769398,-0.408186763525,0.387608796358,0.58562463522,0.58325523138
-0.556882441044,0.152045696974,1.2881052494,-0.407479912043,0.386732518673,0.585949420929,0.584004819393
-0.556639134884,0.152460858226,1.28839623928,-0.406324803829,0.385762661695,0.586560428143,0.584836900234
-0.556156098843,0.153030380607,1.2883092165,-0.404664903879,0.38565915823,0.586322069168,0.586293518543
-0.555950760841,0.153545305133,1.28845608234,-0.403262794018,0.384629696608,0.587828218937,0.586427509785
-0.555693149567,0.154089957476,1.28863143921,-0.402012377977,0.383674055338,0.588232576847,0.587505459785
-0.555617928505,0.15477669239,1.28882277012,0.400064557791,-0.385026216507,-0.586121082306,-0.59005522728
-0.555189967155,0.155423551798,1.28893482685,0.399819850922,-0.382531523705,-0.588681876659,-0.589294016361
-0.555219471455,0.15570551157,1.28905570507,0.398560672998,-0.38185736537,-0.588328838348,-0.590934455395
-0.554958701134,0.156069144607,1.28923738003,0.397527009249,-0.381432592869,-0.587720692158,-0.592508077621
-0.554730653763,0.156630069017,1.2893409729,0.395757228136,-0.380541235209,-0.587294399738,-0.594684720039
-0.554805040359,0.15713095665,1.28967511654,0.395358473063,-0.379386872053,-0.588916838169,-0.594082653522
-0.554390966892,0.157817408442,1.28942549229,0.393803179264,-0.379350632429,-0.588551282883,-0.595499396324
-0.554141640663,0.158512845635,1.28942251205,0.393069058657,-0.379062175751,-0.586574912071,-0.598112463951
-0.554027140141,0.159029245377,1.28945815563,0.391731142998,-0.378305792809,-0.588554024696,-0.59752458334
-0.553869366646,0.159581258893,1.28948414326,0.390414178371,-0.377902239561,-0.586217939854,-0.600928723812
