x,y,z,q0,q1,q2,q3
-0.502914607525,-0.339791119099,1.06928181648,0.523681104183,-0.518258392811,0.541871249676,0.404403567314
-0.502419173717,-0.339703381062,1.06936740875,0.524263620377,-0.517300605774,0.541923284531,0.404805004597
-0.502248764038,-0.339745432138,1.06949901581,0.524493157864,-0.516809344292,0.542137801647,0.404847830534
-0.502400279045,-0.339936554432,1.06965613365,0.524430513382,-0.51690775156,0.542271792889,0.404623746872
-0.502303540707,-0.340108335018,1.06980919838,0.524732708931,-0.51661169529,0.542326629162,0.404536753893
-0.501973509789,-0.340148478746,1.06979489326,0.525219261646,-0.515911698341,0.542449057102,0.404634356499
-0.501730084419,-0.340255826712,1.06994283199,0.525619924068,-0.515409648418,0.54251396656,0.404666930437
-0.501604616642,-0.340694904327,1.07025063038,0.526037096977,-0.515371322632,0.542483448982,0.40421423316
-0.501324653625,-0.340423762798,1.07025027275,0.526044905186,-0.51461404562,0.542807281017,0.404733866453
-0.501157164574,-0.340521156788,1.07041323185,0.525635838509,-0.514558434486,0.542642056942,0.405556738377
-0.501001834869,-0.340556383133,1.07057332993,0.52572697401,-0.514127969742,0.542917728424,0.405615538359
-0.500822424889,-0.340598285198,1.07065474987,0.525983691216,-0.513329148293,0.543704211712,0.405240893364
-0.500494062901,-0.34054517746,1.07082188129,0.526240229607,-0.51284468174,0.543393850327,0.405936688185
-0.500253140926,-0.34072291851,1.07108163834,0.52652746439,-0.512597262859,0.543319046497,0.405977159739
-0.500093281269,-0.340756714344,1.0712274313,0.526502013206,-0.512386381626,0.543378531933,0.406196504831
-0.499870210886,-0.340806633234,1.07134068012,0.5267111063,-0.511918067932,0.543604850769,0.406213104725
-0.499700337648,-0.340833485126,1.07154095173,0.526770293713,-0.511647641659,0.543218374252,0.406993567944
-0.499475538731,-0.340905427933,1.07120752335,0.527263641357,-0.510982811451,0.543760120869,0.406466156244
-0.499898910522,-0.341185718775,1.07193911076,0.527273774147,-0.511203527451,0.544405937195,0.40530911088
-0.499074041843,-0.340728133917,1.07189357281,0.527501583099,-0.509816467762,0.545320928097,0.405529797077
-0.498788028955,-0.340803861618,1.07209551334,0.527840912342,-0.50925475359,0.54571300745,0.405266791582
-0.498621612787,-0.340837270021,1.07225644588,0.527909696102,-0.50871026516,0.546485424042,0.404819995165
-0.498460441828,-0.340821921825,1.07239460945,0.527904927731,-0.508451998234,0.546807467937,0.404715567827
-0.498301327229,-0.340891301632,1.07258152962,0.528022825718,-0.508449733257,0.546586871147,0.404862672091
-0.498679876328,-0.341319084167,1.0728635788,0.527680039406,-0.509199738503,0.546857357025,0.404000550508
-0.498057723045,-0.340968966484,1.072920084,0.527750968933,-0.50854820013,0.546783328056,0.40482801199
-0.49793151021,-0.340980947018,1.07304644585,0.527607262135,-0.508509874344,0.547049582005,0.404703974724
-0.49782538414,-0.341033279896,1.07320487499,0.526616990566,-0.509134352207,0.546898543835,0.40541189909
-0.497255176306,-0.340899467468,1.07328999043,0.527079463005,-0.508252799511,0.547182798386,0.405533462763
-0.497074991465,-0.340885043144,1.07340407372,0.527031302452,-0.50819414854,0.547322034836,0.405481547117
-0.496958941221,-0.340881824493,1.07352769375,0.52690923214,-0.508232414722,0.547424197197,0.405454397202
-0.496836185455,-0.340856045485,1.0736310482,0.526721835136,-0.508327901363,0.547548949718,0.405409783125
-0.496702075005,-0.340790867805,1.07371973991,0.526631653309,-0.508220374584,0.547767758369,0.405365914106
-0.496906578541,-0.34098726511,1.07391428947,0.526315391064,-0.50875723362,0.54799336195,0.404798001051
-0.496551066637,-0.340780943632,1.07393944263,0.526366591454,-0.508293509483,0.548328459263,0.404860436916
-0.49645575881,-0.340641379356,1.07398104668,0.527789771557,-0.506907999516,0.550088942051,0.402348339558
-0.496409296989,-0.340691506863,1.07412576675,0.525964140892,-0.508256316185,0.548921823502,0.404626101255
-0.49634629488,-0.340648829937,1.07420611382,0.5260232687,-0.508159637451,0.549098372459,0.404430657625
-0.496310710907,-0.340599894524,1.07428145409,0.525847792625,-0.508292913437,0.549198746681,0.404355406761
-0.496291905642,-0.34057623148,1.07436406612,0.525666713715,-0.508499920368,0.548801481724,0.404869675636
-0.496277153492,-0.340412169695,1.07437682152,0.526869595051,-0.507557809353,0.551028430462,0.401448875666
-0.496267616749,-0.340429186821,1.07449567318,0.525469183922,-0.508533358574,0.549679160118,0.403892219067
-0.496248394251,-0.34027659893,1.07453215122,0.526637911797,-0.507645606995,0.551410138607,0.401117622852
-0.496262788773,-0.340293228626,1.07462310791,0.525226294994,-0.50868165493,0.550031542778,0.403541535139
-0.496272176504,-0.340235441923,1.07467281818,0.525169193745,-0.50880420208,0.549963653088,0.403553664684
-0.496265739202,-0.340101957321,1.07471096516,0.525730669498,-0.508221685886,0.550576090813,0.402720630169
-0.49627700448,-0.339986741543,1.07474446297,0.526265144348,-0.507956802845,0.551548182964,0.401023238897
-0.496213823557,-0.339930891991,1.07481360435,0.524974524975,-0.50878739357,0.55012357235,0.403610378504
-0.496264576912,-0.339827924967,1.07481300831,0.525652885437,-0.508227586746,0.550719559193,0.402618795633
-0.496302425861,-0.339750111103,1.07484316826,0.525556564331,-0.508293569088,0.550809919834,0.402537494898
-0.496752440929,-0.339887857437,1.07493877411,0.525181829929,-0.509005904198,0.550776600838,0.402171999216
-0.496827334166,-0.339759498835,1.07494270802,0.52503734827,-0.509169399738,0.550663173199,0.402308762074
-0.49689334631,-0.339694499969,1.07496738434,0.525000452995,-0.509260416031,0.550619781017,0.402301162481
-0.496963232756,-0.339618563652,1.07499432564,0.524911046028,-0.509454846382,0.550491511822,0.40234747529
-0.49673011899,-0.339408695698,1.07496523857,0.525120556355,-0.509113192558,0.550341904163,0.402710944414
-0.496735602617,-0.33926743269,1.07495999336,0.525091052055,-0.509098052979,0.550247013569,0.402898192406
-0.49680891633,-0.339158177376,1.07503843307,0.52503734827,-0.509128987789,0.550179243088,0.403021752834
-0.496897011995,-0.339114814997,1.07502174377,0.525006175041,-0.509247004986,0.550094664097,0.403028726578
-0.496976643801,-0.33905890584,1.07504463196,0.525387108326,-0.508624076843,0.550300061703,0.403038412333
-0.497073799372,-0.3390365839,1.07507276535,0.524550437927,-0.509445905685,0.549601256847,0.404042214155
-0.497206807137,-0.338971197605,1.07506251335,0.52427482605,-0.510030210018,0.549161553383,0.404260635376
-0.497290074825,-0.338895082474,1.07505953312,0.523983120918,-0.510502040386,0.548962473869,0.404313862324
-0.497378200293,-0.338840156794,1.07506108284,0.523983836174,-0.51052826643,0.548907279968,0.404354542494
-0.497477442026,-0.338784039021,1.07504177094,0.523910164833,-0.510598957539,0.548831045628,0.40446421504
-0.497575879097,-0.338726133108,1.0750412941,0.523822903633,-0.510699748993,0.548686742783,0.404646068811
-0.497710257769,-0.338705897331,1.07505333424,0.523927569389,-0.51069432497,0.54820483923,0.405170053244
-0.497812628746,-0.338686227798,1.07507681847,0.523804068565,-0.510729312897,0.548362612724,0.405071854591
-0.497948974371,-0.338636338711,1.07503306866,0.523820161819,-0.510938704014,0.547816038132,0.405526280403
-0.498074561357,-0.338492274284,1.07500290871,0.523692131042,-0.510867595673,0.547838509083,0.405750840902
-0.498222202063,-0.338429033756,1.07502317429,0.523531258106,-0.510992765427,0.548208117485,0.405301690102
-0.498348534107,-0.33845281601,1.07504701614,0.523552238941,-0.51095277071,0.547921001911,0.405712962151
-0.498453855515,-0.338263094425,1.07497823238,0.523365914822,-0.510909855366,0.548376321793,0.405391991138
-0.498576283455,-0.33819693327,1.07498598099,0.523412525654,-0.510801851749,0.548453271389,0.405363768339
-0.498760342598,-0.338142067194,1.07499182224,0.523216128349,-0.511275649071,0.547797739506,0.405906528234
-0.498889833689,-0.338087290525,1.07498168945,0.523075997829,-0.51145529747,0.547593533993,0.406136035919
-0.499010115862,-0.338048905134,1.07499015331,0.523016095161,-0.511532843113,0.547488987446,0.406256347895
-0.499133437872,-0.338010787964,1.07498955727,0.522888302803,-0.511665165424,0.547325849533,0.406474083662
-0.499400824308,-0.337969481945,1.0749733448,0.522566735744,-0.511965990067,0.547281861305,0.406567752361
-0.49953597784,-0.337914526463,1.07499778271,0.522554576397,-0.511962711811,0.547188639641,0.406713277102
-0.499942451715,-0.338030070066,1.07504725456,0.522288143635,-0.512493133545,0.547037243843,0.406590878963
-0.500059843063,-0.337996125221,1.07504880428,0.522198796272,-0.512598097324,0.546923220158,0.406726777554
-0.500183224678,-0.337954998016,1.07504749298,0.52203899622,-0.512748003006,0.546748042107,0.40697863698
-0.500286459923,-0.337908089161,1.0750669241,0.521949470043,-0.512813925743,0.546622872353,0.407178074121
-0.500402927399,-0.337863624096,1.07507836819,0.521860599518,-0.512903690338,0.546523928642,0.407312065363
-0.500513613224,-0.337813675404,1.07506835461,0.521749436855,-0.51310479641,0.546320915222,0.407473653555
-0.500687718391,-0.337765514851,1.07506465912,0.521607160568,-0.513188302517,0.546354234219,0.407505750656
-0.500764548779,-0.337651968002,1.07504045963,0.522333621979,-0.512457668781,0.54693800211,0.406710833311
-0.500565946102,-0.337449520826,1.07498574257,0.522558271885,-0.5119535923,0.546869695187,0.40714892745
-0.500641465187,-0.337345033884,1.0749887228,0.522593140602,-0.511741161346,0.547026336193,0.407160371542
-0.50074505806,-0.337350904942,1.07498335838,0.522423624992,-0.512015402317,0.546798527241,0.407339096069
-0.500829815865,-0.337179750204,1.07496094704,0.522373735905,-0.511626839638,0.547384142876,0.407104998827
-0.500904023647,-0.337120234966,1.07498049736,0.522319018841,-0.511633813381,0.547355651855,0.407204508781
-0.501018464565,-0.337121963501,1.07497191429,0.522310614586,-0.511730253696,0.547295808792,0.407174825668
-0.501138329506,-0.337093949318,1.07494366169,0.522187888622,-0.511871278286,0.547249555588,0.407216876745
-0.501258969307,-0.337003350258,1.07493448257,0.522136628628,-0.512132585049,0.546664297581,0.407739877701
-0.501364350319,-0.336966723204,1.07491445541,0.52210098505,-0.512280344963,0.546541035175,0.40776515007
-0.501455664635,-0.336894899607,1.07491374016,0.522065043449,-0.512317657471,0.546471238136,0.407857865095
-0.501566052437,-0.336833715439,1.07487392426,0.521953761578,-0.512483179569,0.546361207962,0.407939702272
-0.501670777798,-0.336699813604,1.07482099533,0.521787405014,-0.512527048588,0.546375095844,0.408078670502
-0.501772105694,-0.336635708809,1.0748103857,0.521753132343,-0.51257276535,0.546364486217,0.408079385757
-0.502017617226,-0.336628079414,1.07482612133,0.521563827991,-0.512818157673,0.54642957449,0.407925873995
-0.502171933651,-0.336525976658,1.07478618622,0.52134424448,-0.513040304184,0.54638004303,0.407993674278
-0.502282142639,-0.336492776871,1.07475841045,0.521364986897,-0.513036847115,0.546406447887,0.407936006784
-0.502374887466,-0.336461901665,1.07473194599,0.521322548389,-0.513214290142,0.546312630177,0.407892733812
-0.502451598644,-0.336414933205,1.07472276688,0.521305859089,-0.513321697712,0.546198427677,0.407932043076
-0.502479910851,-0.336313039064,1.07468008995,0.521239995956,-0.513416469097,0.54603177309,0.408119857311
-0.502545714378,-0.336212694645,1.07464706898,0.52136027813,-0.513247907162,0.546166956425,0.407997131348
-0.502659678459,-0.336158961058,1.07463765144,0.521290123463,-0.513351678848,0.546135485172,0.407998502254
-0.502768874168,-0.336153030396,1.07462000847,0.521171033382,-0.513653635979,0.545892298222,0.408096075058
-0.502870678902,-0.336103469133,1.0745934248,0.521125435829,-0.513774573803,0.545808494091,0.408114284277
-0.502985060215,-0.336021214724,1.07455170155,0.520992219448,-0.514013886452,0.545630335808,0.408221364021
-0.50306135416,-0.335932970047,1.07450890541,0.520940065384,-0.514063894749,0.545526206493,0.408363819122
-0.503154933453,-0.33586961031,1.07446849346,0.521039009094,-0.514024853706,0.545441806316,0.4083994627
-0.503241598606,-0.335816651583,1.07444083691,0.5210070014,-0.514079093933,0.545390367508,0.40844103694
-0.503326296806,-0.335783720016,1.07440316677,0.521039366722,-0.514128267765,0.545305728912,0.40845066309
-0.503510355949,-0.335840821266,1.07440769672,0.520378470421,-0.514869511127,0.544702589512,0.409163415432
-0.503589630127,-0.335752546787,1.07437074184,0.520485401154,-0.514715313911,0.544782400131,0.409115105867
-0.503686070442,-0.335726112127,1.07436215878,0.520498037338,-0.514798104763,0.544627726078,0.409200876951
-0.503769159317,-0.335659861565,1.07431995869,0.520602524281,-0.514686942101,0.544676601887,0.409143209457
-0.503856658936,-0.335608482361,1.07429087162,0.520645022392,-0.514799714088,0.544410049915,0.409301578999
-0.503931164742,-0.335442125797,1.07421267033,0.520614385605,-0.514662742615,0.544450342655,0.409459173679
-0.504040598869,-0.335412502289,1.07420015335,0.520626485348,-0.51471298933,0.544361293316,0.40949884057
-0.504139602184,-0.335380196571,1.07418942451,0.520660579205,-0.514734625816,0.544272303581,0.409546971321
-0.504313528538,-0.335283875465,1.07414460182,0.520563066006,-0.514754295349,0.544322371483,0.40957942605
-0.504514813423,-0.335241228342,1.07411015034,0.521327972412,-0.514157950878,0.544946372509,0.408524364233
-0.504594087601,-0.33516690135,1.07414352894,0.521455049515,-0.513939857483,0.544937670231,0.408648610115
-0.504689157009,-0.335137933493,1.07412564754,0.521449029446,-0.514085888863,0.544729411602,0.408749997616
-0.50478631258,-0.335115879774,1.07411324978,0.521489679813,-0.514090418816,0.544592678547,0.408874541521
-0.504900038242,-0.335114270449,1.07406783104,0.521506547928,-0.514152765274,0.544496953487,0.40890237689
-0.504975795746,-0.335047900677,1.07405173779,0.521612286568,-0.514009416103,0.544495165348,0.408950060606
-0.505065441132,-0.335023909807,1.0740352869,0.521640777588,-0.514003515244,0.544429659843,0.409008532763
-0.505194604397,-0.335022270679,1.07403194904,0.521607637405,-0.514098346233,0.544345319271,0.409043639898
-0.505250453949,-0.334970533848,1.07400870323,0.521703124046,-0.513958752155,0.544351518154,0.409089207649
-0.505321085453,-0.334929406643,1.07399249077,0.521759092808,-0.5138463974,0.544373989105,0.409128785133
-0.505433440208,-0.335011363029,1.07398092747,0.521717250347,-0.514124631882,0.544082283974,0.409220457077
-0.505505442619,-0.334999531507,1.07397031784,0.521793782711,-0.514076650143,0.544020235538,0.409266203642
-0.505568981171,-0.334979236126,1.07396125793,0.521784067154,-0.514257907867,0.543710052967,0.409462571144
-0.505640566349,-0.334968090057,1.07395291328,0.521826148033,-0.514230132103,0.543658196926,0.409512639046
-0.505672335625,-0.334885537624,1.07395291328,0.522022068501,-0.513930380344,0.543690264225,0.409596711397
-0.50555318594,-0.334914982319,1.07398486137,0.522329807281,-0.5137565732,0.543441951275,0.40975227952
-0.505876839161,-0.334944903851,1.07395780087,0.521992325783,-0.514129757881,0.543476879597,0.409667640924
-0.505977511406,-0.334946870804,1.07396829128,0.522021532059,-0.514090180397,0.543512046337,0.409633398056
-0.506049633026,-0.334956049919,1.07394361496,0.522106170654,-0.514031887054,0.543491840363,0.409625500441
-0.506131589413,-0.334957480431,1.07393503189,0.522174477577,-0.513984382153,0.543460667133,0.409639298916
-0.506186246872,-0.334946990013,1.07394492626,0.522239089012,-0.513886749744,0.543484270573,0.409648358822
-0.506248891354,-0.334931433201,1.07396268845,0.522249639034,-0.513842284679,0.543458223343,0.40972495079
-0.506314396858,-0.334930926561,1.073974967,0.522269308567,-0.513812541962,0.543455719948,0.409740775824
-0.506361484528,-0.334937274456,1.07395732403,0.522313594818,-0.513776242733,0.543427765369,0.409766763449
-0.506411910057,-0.334928035736,1.0739736557,0.522286236286,-0.513774037361,0.543385088444,0.409860908985
-0.50645673275,-0.334928810596,1.07399129868,0.522341549397,-0.513688445091,0.543422520161,0.4098482728
-0.506621956825,-0.335274487734,1.07414925098,0.522586584091,-0.514003753662,0.543255031109,0.409362286329
-0.506666243076,-0.335296154022,1.07417118549,0.522657454014,-0.513952612877,0.54326581955,0.409321635962
-0.506896734238,-0.335193067789,1.07410311699,0.522358179092,-0.514025092125,0.543494403362,0.409309118986
-0.506711959839,-0.335296422243,1.07419228554,0.52283936739,-0.51373398304,0.543317735195,0.409294873476
-0.506736159325,-0.335329353809,1.07421636581,0.522981107235,-0.513671815395,0.542814314365,0.409859418869
-0.506757318974,-0.335352241993,1.07424402237,0.523297250271,-0.513380646706,0.542838513851,0.409788578749
-0.507000863552,-0.33533257246,1.07421767712,0.52217912674,-0.51421558857,0.542424201965,0.410715639591
-0.506722450256,-0.335127949715,1.07415151596,0.523244321346,-0.512978613377,0.543008923531,0.410133898258
-0.50674021244,-0.335138916969,1.07415485382,0.523380637169,-0.512708127499,0.543264508247,0.409959554672
-0.506738901138,-0.335155725479,1.07417082787,0.523405432701,-0.51265245676,0.543289005756,0.409965395927
-0.506744205952,-0.335158765316,1.074182868,0.523427248001,-0.51257866621,0.543356955051,0.409939438105
-0.506756722927,-0.335177302361,1.07419395447,0.523425400257,-0.512545108795,0.543421685696,0.409898102283
-0.506765186787,-0.335192888975,1.07419848442,0.523346245289,-0.512579262257,0.543488323689,0.409868121147
-0.506771445274,-0.335216164589,1.07420945168,0.52327555418,-0.512606322765,0.543528735638,0.409870713949
-0.50682747364,-0.335475027561,1.07434046268,0.523447275162,-0.512802541256,0.543417572975,0.409553229809
-0.506775856018,-0.335242092609,1.0741944313,0.523494839668,-0.512348771095,0.544118762016,0.40912938118
-0.507068812847,-0.335422188044,1.07427155972,0.523274421692,-0.512760698795,0.544207394123,0.408777117729
-0.506845414639,-0.335544228554,1.07435452938,0.523705899715,-0.51233714819,0.544423639774,0.408467561007
-0.506787598133,-0.335304915905,1.07424724102,0.523581326008,-0.512179553509,0.544247627258,0.40905892849
-0.506780982018,-0.335382163525,1.07426929474,0.522756040096,-0.512877941132,0.543638050556,0.410048961639
-0.50705742836,-0.335566163063,1.07436323166,0.522612035275,-0.51318269968,0.543764233589,0.40968349576
-0.506832540035,-0.335664570332,1.07442450523,0.52305918932,-0.51287573576,0.543657004833,0.409639894962
-0.506770074368,-0.335452675819,1.07431149483,0.522943079472,-0.51260560751,0.543823063374,0.409905701876
-0.506824553013,-0.33572024107,1.07444024086,0.523167788982,-0.512769341469,0.543740093708,0.409523993731
-0.50704818964,-0.335666507483,1.074401021,0.522867918015,-0.51279848814,0.544113874435,0.409373641014
-0.506818175316,-0.335770905018,1.07447957993,0.52329993248,-0.512534499168,0.543948709965,0.40937179327
-0.50676047802,-0.335550963879,1.07437229156,0.523193538189,-0.512230575085,0.544164896011,0.409601181746
-0.506751298904,-0.335521578789,1.07436418533,0.524019658566,-0.511477708817,0.544809997082,0.408626973629
-0.506753146648,-0.335610866547,1.07440435886,0.523261070251,-0.512161076069,0.544231772423,0.409512847662
-0.506747186184,-0.335559874773,1.07439434528,0.524084687233,-0.511363387108,0.544918358326,0.408542096615
-0.506757616997,-0.335601180792,1.07440388203,0.524073600769,-0.511378824711,0.544941723347,0.408506155014
-0.506761610508,-0.335698843002,1.07444024086,0.523280441761,-0.512127459049,0.544304132462,0.409434139729
-0.506760716438,-0.335675060749,1.07441937923,0.524091482162,-0.511389553547,0.544938623905,0.40847375989
-0.506813287735,-0.335942178965,1.07457458973,0.523485064507,-0.512189149857,0.544299423695,0.409101396799
-0.506733775139,-0.335667490959,1.07444751263,0.524115502834,-0.5111951828,0.545066952705,0.408515036106
-0.506757795811,-0.335777282715,1.07447969913,0.523315131664,-0.511977016926,0.544412434101,0.409433960915
-0.506746351719,-0.335793673992,1.07449281216,0.523306190968,-0.511943161488,0.544430434704,0.409463346004
-0.506784677505,-0.336008667946,1.07463288307,0.523441195488,-0.512120187283,0.544290304184,0.409255772829
-0.506476998329,-0.335798919201,1.07455742359,0.523704767227,-0.511446714401,0.544405221939,0.409608066082
-0.506744027138,-0.335969150066,1.07464528084,0.524341106415,-0.511164546013,0.54505109787,0.408285081387
-0.506685018539,-0.335873067379,1.07456326485,0.523410022259,-0.511740028858,0.544489383698,0.409506440163
-0.50666731596,-0.33590105176,1.07457721233,0.523473203182,-0.511667132378,0.544524312019,0.409470111132
-0.506647706032,-0.335906922817,1.07460308075,0.523536920547,-0.51153677702,0.544606924057,0.409441947937
-0.506649076939,-0.335959136486,1.07460784912,0.523585796356,-0.511513531208,0.544630110264,0.409377545118
-0.506656587124,-0.336015880108,1.07462418079,0.523604393005,-0.511525213718,0.544640302658,0.409325927496
-0.506655097008,-0.336035966873,1.07464790344,0.52358943224,-0.511493980885,0.54467266798,0.409340560436
-0.507053673267,-0.336374640465,1.07477402687,0.523370981216,-0.512155175209,0.544718801975,0.408731430769
-0.507053613663,-0.336399972439,1.07477927208,0.523357152939,-0.512134552002,0.544748485088,0.40873542428
-0.507030069828,-0.336496353149,1.07478320599,0.523426949978,-0.512152969837,0.544696211815,0.408692926168
-0.507038593292,-0.336485445499,1.07478129864,0.523964047432,-0.511577665806,0.545272529125,0.407956004143
-0.50704741478,-0.336522400379,1.07478678226,0.523954868317,-0.511569499969,0.545306146145,0.407932788134
-0.507062613964,-0.336553603411,1.07480669022,0.523889482021,-0.511602401733,0.545319139957,0.407957971096
-0.507080554962,-0.336608886719,1.0748052597,0.523840904236,-0.511664867401,0.54529774189,0.407970935106
-0.507089972496,-0.336631715298,1.07481884956,0.52380335331,-0.511669039726,0.545338869095,0.407959192991
-0.507117211819,-0.336672961712,1.07485067844,0.523785769939,-0.511656582355,0.54543364048,0.407870352268
-0.507135272026,-0.336724579334,1.07487487793,0.523808062077,-0.511508643627,0.545631170273,0.407763153315
-0.507155060768,-0.336785048246,1.07490086555,0.523742854595,-0.511615335941,0.545563161373,0.40780377388
-0.507178783417,-0.336823821068,1.07492518425,0.523704826832,-0.511616587639,0.545614659786,0.407782614231
-0.507198870182,-0.33684104681,1.07493400574,0.523703932762,-0.511521816254,0.545741558075,0.407732546329
-0.507229566574,-0.336883425713,1.07496094704,0.523669183254,-0.51153409481,0.545791745186,0.407694727182
-0.50726133585,-0.336938530207,1.07498002052,0.523654639721,-0.511537134647,0.545847713947,0.407634675503
-0.507291138172,-0.337013423443,1.07501459122,0.523633778095,-0.511378526688,0.546274125576,0.407289117575
-0.507332503796,-0.337060987949,1.07503223419,0.523713767529,-0.511309504509,0.546098947525,0.407507836819
-0.50736951828,-0.337150335312,1.07506906986,0.523575127125,-0.51146620512,0.545998752117,0.40762335062
-0.507407784462,-0.337216317654,1.07509839535,0.52362126112,-0.511407852173,0.546083331108,0.40752390027
-0.507176876068,-0.337181180716,1.07508015633,0.523919582367,-0.510963857174,0.54607629776,0.40770688653
-0.507232367992,-0.337249308825,1.07511007786,0.523948073387,-0.510868251324,0.546222150326,0.407594650984
-0.507321715355,-0.337418317795,1.07516884804,0.523284256458,-0.511548995972,0.545696675777,0.408297032118
-0.50740891695,-0.337512850761,1.07520711422,0.523335576057,-0.511385977268,0.545987308025,0.408047020435
-0.507542669773,-0.337766438723,1.07531607151,0.523423850536,-0.511477947235,0.546124815941,0.407634317875
-0.507669091225,-0.337928652763,1.07538366318,0.523564636707,-0.511084377766,0.546804666519,0.407035112381
-0.507805764675,-0.338132709265,1.07547712326,0.523794472218,-0.510382413864,0.548056542873,0.405934989452
-0.508000850677,-0.33838135004,1.0755712986,0.524124145508,-0.510169148445,0.547896802425,0.40599322319
-0.50815820694,-0.338697224855,1.07571220398,0.524519443512,-0.509618639946,0.549014508724,0.404662072659
-0.508333921432,-0.339023947716,1.07584226131,0.524920582771,-0.509299099445,0.549827337265,0.403438717127
-0.508583605289,-0.339487880468,1.0760447979,0.525577843189,-0.509021103382,0.55080807209,0.401591956615
-0.508767187595,-0.339829325676,1.07618546486,0.527239024639,-0.507252156734,0.553144991398,0.398428171873
-0.509012043476,-0.340376198292,1.07644295692,0.527323424816,-0.507324457169,0.553992629051,0.397044569254
-0.509589970112,-0.341172933578,1.07681441307,0.528578221798,-0.506901502609,0.555782914162,0.393397331238
-0.509917259216,-0.341735243797,1.07709980011,0.530028700829,-0.505881667137,0.558403253555,0.389023423195
-0.510078191757,-0.342391729355,1.07744812965,0.530115365982,-0.505628824234,0.559152364731,0.388157099485
-0.51070523262,-0.343329787254,1.07793152332,0.532275915146,-0.504529297352,0.562375307083,0.381924778223
-0.510838031769,-0.344233512878,1.0784099102,0.53506487608,-0.496811747551,0.569479882717,0.377592742443
-0.511481225491,-0.345255792141,1.07897591591,0.536576926708,-0.496951311827,0.571801424026,0.371709406376
-0.512468039989,-0.346635431051,1.07970166206,0.536250293255,-0.498240321875,0.572842121124,0.368841528893
-0.512018501759,-0.346870362759,1.07991242409,0.538283884525,-0.496288120747,0.575391173363,0.364518165588
-0.512569308281,-0.347966074944,1.08052313328,0.537858068943,-0.497109442949,0.577061712742,0.361373692751
-0.513381958008,-0.348903596401,1.08101403713,0.535861909389,-0.503333866596,0.57490760088,0.359149456024
-0.514040291309,-0.350091814995,1.08175337315,0.537458539009,-0.498164892197,0.581820070744,0.352782607079
-0.514605104923,-0.35123705864,1.08244609833,0.537717282772,-0.498420476913,0.584415078163,0.347701281309
-0.515325069427,-0.352276802063,1.08309602737,0.537103354931,-0.499567002058,0.586593031883,0.343309789896
-0.515677630901,-0.353278577328,1.08374333382,0.536856770515,-0.499993145466,0.589053452015,0.338833063841
-0.516427338123,-0.354459285736,1.08449971676,0.53590542078,-0.501749992371,0.591003417969,0.334316164255
-0.516750693321,-0.355381429195,1.08516478539,0.535202145576,-0.503188371658,0.592631518841,0.33037596941
-0.517182528973,-0.356399029493,1.08586597443,0.534233272076,-0.505268275738,0.593946993351,0.326382786036
-0.517614841461,-0.357383310795,1.08656525612,0.533430755138,-0.50667566061,0.595954954624,0.321821689606
-0.518289148808,-0.358397632837,1.08730244637,0.532212972641,-0.509061098099,0.597958803177,0.316309303045
-0.51844483614,-0.359230965376,1.08795404434,0.531436383724,-0.510427057743,0.599698841572,0.312091052532
-0.518814861774,-0.360292285681,1.08871245384,0.529862821102,-0.512270331383,0.601638495922,0.307986676693
-0.519051849842,-0.361093997955,1.08931088448,0.528236925602,-0.515063762665,0.602920532227,0.303581982851
-0.519296050072,-0.36193099618,1.08990931511,0.52709197998,-0.516792416573,0.605126798153,0.298196494579
-0.519496500492,-0.362823605537,1.09052050114,0.526008963585,-0.518100678921,0.607205688953,0.293576955795
-0.51958334446,-0.363503098488,1.09100484848,0.526138365269,-0.518378019333,0.610788285732,0.285307735205
-0.51971334219,-0.364361792803,1.09160339832,0.524837374687,-0.519206404686,0.613382816315,0.280592441559
-0.519662976265,-0.365102291107,1.09219431877,0.520790398121,-0.523769199848,0.614215970039,0.277816444635
-0.519555807114,-0.365656733513,1.09264409542,0.520843982697,-0.523474276066,0.618216753006,0.269266456366
-0.519397258759,-0.366226673126,1.09306716919,0.518510937691,-0.525792956352,0.620281338692,0.264460146427
-0.519083857536,-0.366670966148,1.09343981743,0.517009437084,-0.526552379131,0.623346507549,0.258617430925
-0.518621981144,-0.367339789867,1.09397363663,0.514539837837,-0.529534757137,0.624581217766,0.254440695047
-0.518435180187,-0.367759853601,1.09428679943,0.514352977276,-0.529015481472,0.627498686314,0.248654916883
-0.517878472805,-0.368023574352,1.09454298019,0.511929571629,-0.532001078129,0.628690779209,0.244235217571
-0.517470657825,-0.368814408779,1.0951154232,0.505409836769,-0.539102673531,0.629100084305,0.241168349981
-0.516681969166,-0.368895530701,1.09525585175,0.503130674362,-0.541158676147,0.630924582481,0.236518695951
-0.515508055687,-0.369056940079,1.09546220303,0.50079959631,-0.543512701988,0.632263302803,0.232458636165
-0.514414489269,-0.368998318911,1.09547781944,0.497269123793,-0.551020443439,0.629089176655,0.230968981981
-0.513500630856,-0.368830442429,1.09546470642,0.493868559599,-0.553925693035,0.630514383316,0.227402552962
-0.512149095535,-0.368837237358,1.09558606148,0.491354733706,-0.556576967239,0.631474256516,0.223680347204
-0.510565459728,-0.368669003248,1.09561812878,0.488529771566,-0.559807419777,0.631899237633,0.220584914088
-0.508943319321,-0.368406295776,1.09558796883,0.485850602388,-0.562292575836,0.63293415308,0.217188209295
-0.507256269455,-0.36807847023,1.09547305107,0.48305913806,-0.565192818642,0.63357013464,0.214009076357
-0.505757808685,-0.367637842894,1.09533536434,0.479864746332,-0.568203926086,0.634194910526,0.21135532856
-0.50192117691,-0.366720914841,1.0951166153,0.475197553635,-0.572771549225,0.636233866215,0.203288704157
-0.50192117691,-0.366720914841,1.0951166153,0.475197553635,-0.572771549225,0.636233866215,0.203288704157
-0.499742001295,-0.366221666336,1.09506046772,0.47276109457,-0.574800670147,0.637341439724,0.199742361903
-0.498125910759,-0.365747272968,1.09491920471,0.469378441572,-0.577959954739,0.638151109219,0.19598326087
-0.495723217726,-0.365193456411,1.09489142895,0.467355161905,-0.580038964748,0.638809919357,0.192499294877
-0.493525505066,-0.364567488432,1.09481990337,0.465220749378,-0.581482887268,0.640321135521,0.188245400786
-0.491188526154,-0.363540530205,1.09447848797,0.461934119463,-0.583174049854,0.642401695251,0.183969721198
-0.48922842741,-0.363655000925,1.09482765198,0.459974378347,-0.583859503269,0.644634306431,0.178825184703
-0.48742377758,-0.363450229168,1.095033288,0.455745100975,-0.584872603416,0.648153543472,0.173543855548
-0.485036164522,-0.362266302109,1.09467053413,0.453189224005,-0.585116863251,0.651049852371,0.168499231339
-0.482536286116,-0.362078785896,1.09501302242,0.451294839382,-0.586267471313,0.652516126633,0.163848340511
-0.480346024036,-0.361703157425,1.09519708157,0.447974950075,-0.589466333389,0.652793288231,0.160339847207
-0.477711081505,-0.360827207565,1.09517192841,0.445037871599,-0.591770648956,0.653784692287,0.155930757523
-0.475238710642,-0.360149532557,1.09523558617,0.441522181034,-0.595365345478,0.653446733952,0.153641939163
-0.472943395376,-0.359236508608,1.09517288208,0.437985390425,-0.597483217716,0.654927551746,0.149173229933
-0.470027595758,-0.358541488647,1.09542679787,0.435438513756,-0.598915278912,0.656140685081,0.145510345697
-0.467257857323,-0.357699841261,1.09558331966,0.432993173599,-0.600453734398,0.657217502594,0.141553536057
-0.464168727398,-0.356676638126,1.0958814621,0.430750668049,-0.601099729538,0.658749520779,0.138499990106
-0.460712790489,-0.354929208755,1.09577870369,0.428599864244,-0.600485801697,0.66163957119,0.133984610438
-0.458623677492,-0.354908078909,1.09633481503,0.424941837788,-0.60370194912,0.66229391098,0.127808630466
-0.45520529151,-0.353188693523,1.0962767601,0.422186523676,-0.604022920132,0.664268910885,0.12514680624
-0.452231138945,-0.35208016634,1.09650850296,0.420232653618,-0.604499220848,0.665632426739,0.122142903507
-0.449513882399,-0.351335406303,1.09655213356,0.416975349188,-0.606660366058,0.66672617197,0.116495616734
-0.446167588234,-0.350282788277,1.09609270096,0.415082007647,-0.606688261032,0.668655514717,0.111964814365
-0.443495512009,-0.349206387997,1.09727370739,0.413061618805,-0.607746958733,0.669352591038,0.109503574669
-0.441008120775,-0.349348634481,1.09739863873,0.410580158234,-0.609404742718,0.670518755913,0.102247208357
-0.437995553017,-0.348130911589,1.09809839725,0.408921718597,-0.609684407711,0.6717030406,0.0994132533669
-0.434981942177,-0.34712356329,1.09862184525,0.406705230474,-0.609940826893,0.673409819603,0.0953016057611
-0.43198800087,-0.3460059762,1.09910666943,0.404375463724,-0.61055368185,0.674818098545,0.0912419259548
-0.428500056267,-0.344281375408,1.09942531586,0.402266442776,-0.610676944256,0.676356911659,0.088299587369
-0.425839245319,-0.344190210104,1.10034072399,0.40128955245,-0.610216796398,0.677956819534,0.0835273563862
-0.422881245613,-0.341465055943,1.09991562366,0.396511435509,-0.611217498779,0.680190265179,0.0808285027742
-0.419503331184,-0.340451151133,1.10072445869,0.395382583141,-0.611067891121,0.681375622749,0.0774327293038
-0.416381269693,-0.339220821857,1.10145831108,0.39401230216,-0.610621452332,0.682886600494,0.0745758041739
-0.413517445326,-0.338077008724,1.10204946995,0.392104357481,-0.611245989799,0.683767735958,0.0713740289211
-0.410544395447,-0.336268395185,1.1026892662,0.389938145876,-0.611002027988,0.685431599617,0.0693423077464
-0.407308638096,-0.335810124874,1.10398983955,0.389724135399,-0.610757410526,0.686101794243,0.0659909248352
-0.404337882996,-0.334140956402,1.10425114632,0.387824565172,-0.610015511513,0.68807643652,0.0634358078241
-0.401305913925,-0.333278477192,1.10518693924,0.386230677366,-0.609585165977,0.689654588699,0.0600699149072
-0.398412615061,-0.331818938255,1.10581171513,0.384263813496,-0.608622968197,0.691822290421,0.0574582070112
-0.395418167114,-0.330457746983,1.10653913021,0.382571667433,-0.608411371708,0.693136155605,0.055108524859
-0.392307162285,-0.329534947872,1.10725307465,0.381430268288,-0.609098494053,0.69333165884,0.0529279448092
-0.389376014471,-0.328242301941,1.1079210043,0.380174905062,-0.608774244785,0.694454550743,0.0509305484593
-0.386416018009,-0.32688832283,1.10883498192,0.378946781158,-0.608627200127,0.69534188509,0.0497192293406
-0.383441030979,-0.325421482325,1.10948181152,0.376887142658,-0.608217775822,0.69688129425,0.0488239973783
-0.380193442106,-0.324383467436,1.10887753963,0.374737560749,-0.606746554375,0.699630081654,0.0441391393542
-0.377332925797,-0.322568714619,1.10954773426,0.373266547918,-0.604991078377,0.701956987381,0.0437538996339
-0.374944925308,-0.321131676435,1.11146700382,0.371793866158,-0.605178833008,0.702488660812,0.0451416186988
-0.37149438262,-0.319005727768,1.11184191704,0.369895607233,-0.6032102108,0.705200195312,0.0448042117059
-0.368942081928,-0.317850470543,1.11286735535,0.36863848567,-0.602204442024,0.706711649895,0.0448784269392
-0.365343362093,-0.316001594067,1.11227917671,0.365743786097,-0.601102113724,0.70924949646,0.0432770475745
-0.36233150959,-0.31435880065,1.11298108101,0.364059180021,-0.600269019604,0.710779249668,0.0439425185323
-0.359693199396,-0.312159866095,1.11494827271,0.362466514111,-0.599965333939,0.711612761021,0.0476136729121
-0.356782674789,-0.310564756393,1.1156308651,0.360673218966,-0.599642038345,0.712738096714,0.0484636202455
-0.353520184755,-0.309361189604,1.11513519287,0.358433157206,-0.598854184151,0.714644610882,0.0467174984515
-0.351083278656,-0.307265758514,1.1170977354,0.356818288565,-0.599198400974,0.71487891674,0.0508930943906
-0.348346471786,-0.305563300848,1.11773943901,0.354460835457,-0.598813712597,0.716302752495,0.0518650971353
-0.34561419487,-0.303961873055,1.11847388744,0.352674752474,-0.59880310297,0.71708458662,0.05333968997
-0.342990577221,-0.302507758141,1.1191920042,0.351140856743,-0.598613321781,0.717911362648,0.0544569566846
-0.340465754271,-0.300766199827,1.11994028091,0.348992317915,-0.59860253334,0.718831837177,0.0562155731022
-0.337999224663,-0.299168765545,1.1206151247,0.345613181591,-0.598752856255,0.720198690891,0.0579692423344
-0.335509061813,-0.297846972942,1.12108802795,0.343017727137,-0.598477602005,0.72166454792,0.0579995214939
-0.333103299141,-0.296297311783,1.12182641029,0.341847836971,-0.598946630955,0.721671283245,0.0599469691515
-0.330831646919,-0.294778436422,1.12232005596,0.339392751455,-0.598203659058,0.72337937355,0.0607228502631
-0.32862508297,-0.293356716633,1.12292122841,0.337014049292,-0.598397731781,0.724267423153,0.0614692419767
-0.326460063457,-0.292188614607,1.12350559235,0.334739506245,-0.597806751728,0.725783109665,0.0617697760463
-0.324335873127,-0.290790081024,1.12426269054,0.332470238209,-0.599695444107,0.725148677826,0.0631538778543
-0.32236289978,-0.289570569992,1.12471246719,0.330123543739,-0.600298285484,0.725695192814,0.0634586066008
-0.32044288516,-0.28841856122,1.12523972988,0.328140258789,-0.598592877388,0.727984726429,0.063630849123
-0.318720638752,-0.287425726652,1.12561023235,0.325538337231,-0.599464893341,0.728476762772,0.0631532669067
-0.316929638386,-0.286350876093,1.12613546848,0.322751760483,-0.598517239094,0.730420589447,0.0639855489135
-0.315322875977,-0.285533428192,1.12666940689,0.320968985558,-0.598357796669,0.731395125389,0.0633094385266
-0.313680291176,-0.284537106752,1.1270519495,0.319596767426,-0.59643048048,0.733590185642,0.0630407780409
-0.312073290348,-0.28343975544,1.12776064873,0.317021727562,-0.600393950939,0.731372952461,0.064172334969
-0.310480475426,-0.282346338034,1.12812232971,0.315537601709,-0.599753201008,0.732507824898,0.0645338892937
-0.309381008148,-0.28241237998,1.1285494566,0.314771234989,-0.599827468395,0.732868492603,0.0634820088744
-0.30760705471,-0.280734091997,1.12901902199,0.312370657921,-0.60041230917,0.733259022236,0.0652760192752
-0.306174993515,-0.279792010784,1.1294233799,0.311596006155,-0.599591493607,0.734173834324,0.0662328973413
-0.305119156837,-0.279527544975,1.12980389595,0.310623586178,-0.599335610867,0.734820306301,0.065946623683
-0.303559303284,-0.278412938118,1.13032722473,0.309945166111,-0.599561154842,0.734818577766,0.0670977681875
-0.302320301533,-0.277655333281,1.13069725037,0.309315621853,-0.598858952522,0.735588669777,0.0678332671523
-0.301129937172,-0.27696698904,1.13108301163,0.308041721582,-0.598629713058,0.736239671707,0.0685860440135
-0.299929499626,-0.276233494282,1.13141667843,0.308056592941,-0.598594605923,0.736170232296,0.0695643052459
-0.298627912998,-0.27546775341,1.13150763512,0.307271152735,-0.59809088707,0.736844837666,0.0702248066664
-0.297594547272,-0.27487924695,1.13177073002,0.306627243757,-0.597597897053,0.737446844578,0.0709133520722
-0.296566158533,-0.274271994829,1.13221395016,0.307084649801,-0.597040057182,0.737598061562,0.0720514655113
-0.295502275229,-0.27360239625,1.1324224472,0.306782335043,-0.596226334572,0.738284170628,0.0730446204543
-0.294445872307,-0.272897273302,1.1326520443,0.3068138659,-0.595989406109,0.738296926022,0.0746973082423
-0.293617218733,-0.272434055805,1.13269507885,0.305527299643,-0.601512908936,0.734364449978,0.0744590163231
-0.292756140232,-0.271882295609,1.13272035122,0.306311488152,-0.595223784447,0.738970637321,0.0761858969927
-0.292127877474,-0.271423846483,1.13267064095,0.305834770203,-0.595808625221,0.73858487606,0.0772638395429
-0.291400969028,-0.270849645138,1.13269209862,0.305259346962,-0.595415949821,0.739015340805,0.0784412175417
-0.290840089321,-0.270541369915,1.13259959221,0.304681241512,-0.595916450024,0.738772690296,0.0791703164577
-0.290094405413,-0.270327299833,1.13271462917,0.30461320281,-0.601242423058,0.7344622612,0.0792695730925
-0.289746552706,-0.27005019784,1.13256382942,0.304578244686,-0.59638261795,0.738275945187,0.0806759297848
-0.289398193359,-0.269953936338,1.13237559795,0.304171651602,-0.596567749977,0.738254189491,0.0810401216149
-0.289100825787,-0.269860625267,1.1321696043,0.304759740829,-0.597679555416,0.737007558346,0.0819781124592
-0.288872748613,-0.269941270351,1.1318114996,0.303493976593,-0.604360342026,0.732249617577,0.0803157240152
-0.288708597422,-0.269920557737,1.13153791428,0.304261863232,-0.599189579487,0.735991358757,0.0819349661469
-0.288248598576,-0.269918382168,1.13155639172,0.304497152567,-0.599673986435,0.735455214977,0.082329288125
-0.28863209486,-0.270415246487,1.13090407848,0.304030895233,-0.600108861923,0.735419750214,0.0811928138137
-0.288639932871,-0.270610004663,1.13057303429,0.303661078215,-0.600495278835,0.735266268253,0.0811110883951
-0.288666665554,-0.2708081007,1.130220294,0.303319692612,-0.600866019726,0.735104978085,0.0811040997505
-0.288813710213,-0.271019160748,1.12976896763,0.302903413773,-0.601091504097,0.735093712807,0.0810921415687
-0.288569360971,-0.271043866873,1.12967371941,0.303115099669,-0.600084602833,0.735731959343,0.0819652974606
-0.28958773613,-0.272537797689,1.12885868549,0.302696675062,-0.601778805256,0.734706580639,0.0802703946829
-0.289854884148,-0.272184729576,1.128236413,0.300755381584,-0.602016627789,0.735177457333,0.0814635232091
-0.289679318666,-0.272611200809,1.12827289104,0.301319897175,-0.601857244968,0.734962821007,0.0824870020151
-0.29061499238,-0.273652911186,1.12752223015,0.300216376781,-0.603036165237,0.734524190426,0.0818037539721
-0.291771829128,-0.275794446468,1.126937747,0.30067268014,-0.604733169079,0.733209311962,0.0793603509665
-0.291362285614,-0.274894565344,1.1268029213,0.29976272583,-0.603461205959,0.734355390072,0.0818487554789
-0.292047739029,-0.275899589062,1.12635016441,0.299101501703,-0.603526830673,0.734635770321,0.0812664330006
-0.293374359608,-0.276868015528,1.12535262108,0.297313034534,-0.604946494102,0.734380722046,0.079559341073
-0.293763160706,-0.277813643217,1.12522482872,0.297457903624,-0.604871153831,0.734408080578,0.079337887466
-0.295140624046,-0.279493957758,1.12464487553,0.296751648188,-0.605492472649,0.734401166439,0.0772809907794
-0.295272827148,-0.279366075993,1.12425637245,0.296010285616,-0.605059683323,0.734903216362,0.0787273496389
-0.296028524637,-0.280478715897,1.1238925457,0.294797092676,-0.604155242443,0.736190795898,0.0781938657165
-0.297274500132,-0.282352298498,1.12357890606,0.294198185205,-0.605676412582,0.735363125801,0.0764501020312
-0.29796898365,-0.283148646355,1.1231982708,0.295047998428,-0.60811394453,0.732975721359,0.0767520293593
-0.298619806767,-0.283574283123,1.12266659737,0.290992707014,-0.606983780861,0.735480964184,0.0772130936384
-0.299471914768,-0.284689754248,1.12221884727,0.289928495884,-0.60749745369,0.735600292683,0.0760302096605
-0.300886452198,-0.286834090948,1.12168347836,0.289055198431,-0.608402073383,0.735472500324,0.0733090415597
-0.301373749971,-0.287114441395,1.12120676041,0.287500202656,-0.60887491703,0.735626280308,0.0739531964064
-0.302435576916,-0.288447618484,1.12080919743,0.285128057003,-0.61574202776,0.731016933918,0.0719594955444
-0.303413033485,-0.289665579796,1.12038648129,0.284931510687,-0.61003857851,0.735810816288,0.0724546685815
-0.304535746574,-0.291007936001,1.11999773979,0.282860636711,-0.616312980652,0.731591284275,0.0701607987285
-0.3054459095,-0.292199671268,1.11950969696,0.282232016325,-0.610800087452,0.736395657063,0.0706401690841
-0.307041347027,-0.294457763433,1.11923480034,0.281242698431,-0.612251460552,0.735807955265,0.0680988058448
-0.307767599821,-0.294847249985,1.11887788773,0.279477059841,-0.612363696098,0.736324965954,0.068767182529
-0.309288948774,-0.297185659409,1.11853718758,0.278871208429,-0.613358438015,0.735920548439,0.0666589960456
-0.310581505299,-0.298667609692,1.11815357208,0.277523845434,-0.6150406003,0.735099971294,0.0658313855529
-0.311780810356,-0.300155490637,1.11775100231,0.276157975197,-0.615451037884,0.735368311405,0.0647327452898
-0.312577962875,-0.300570726395,1.11738932133,0.274022251368,-0.614164173603,0.73715287447,0.0657258555293
-0.313838303089,-0.30180811882,1.11697399616,0.272730201483,-0.615927457809,0.736177384853,0.065534375608
-0.315682142973,-0.304274648428,1.11669123173,0.272142112255,-0.616315186024,0.736261308193,0.0633524507284
-0.317023932934,-0.305734097958,1.11637413502,0.270681083202,-0.623781323433,0.730650246143,0.0614730343223
-0.318411052227,-0.306920647621,1.11601281166,0.26979252696,-0.619114935398,0.734802663326,0.0630372166634
-0.319699108601,-0.308404803276,1.11563801765,0.268659859896,-0.61995947361,0.734554767609,0.0624629892409
-0.321164280176,-0.310018599033,1.11536300182,0.267815202475,-0.620816707611,0.734137535095,0.062480866909
-0.322488605976,-0.310931563377,1.11484205723,0.265618294477,-0.621472895145,0.734388291836,0.0623883381486
-0.32403755188,-0.312880843878,1.11462163925,0.265422344208,-0.622533798218,0.733575165272,0.0622120983899
-0.32559710741,-0.314304769039,1.11430513859,0.263700634241,-0.623650431633,0.733259439468,0.0620708465576
-0.327136099339,-0.315847754478,1.11399781704,0.263135880232,-0.624121367931,0.733031213284,0.0624290518463
-0.328748434782,-0.317285627127,1.11361145973,0.261874467134,-0.62493789196,0.73279440403,0.0623452328146
-0.330325812101,-0.31866517663,1.11320626736,0.260731935501,-0.625516176224,0.732648909092,0.0630399361253
-0.332182168961,-0.320334553719,1.11280202866,0.258986800909,-0.626901388168,0.73213082552,0.062489297241
-0.333748161793,-0.321689963341,1.11244535446,0.258220672607,-0.627340614796,0.73193025589,0.0635925084352
-0.334903866053,-0.32169264555,1.11183524132,0.255380898714,-0.627138495445,0.732866406441,0.0662175640464
-0.337444037199,-0.324551165104,1.11161017418,0.254963099957,-0.629052877426,0.731556355953,0.0641232654452
-0.33882278204,-0.325166463852,1.11111116409,0.253161519766,-0.628696918488,0.732335448265,0.0658354461193
-0.341128945351,-0.327619373798,1.11079704762,0.252274483442,-0.630898535252,0.730835497379,0.0648398548365
-0.342321693897,-0.327633261681,1.11017417908,0.249523177743,-0.630789995193,0.731640338898,0.0674132630229
-0.344155788422,-0.329279243946,1.10975432396,0.248938173056,-0.631755828857,0.730939805508,0.0681276768446
-0.346143126488,-0.330768853426,1.1093776226,0.248028934002,-0.631963312626,0.731104433537,0.0677523240447
-0.347939789295,-0.332152485847,1.10907876492,0.24662552774,-0.632898032665,0.730677187443,0.0687520802021
-0.35003900528,-0.333719849586,1.10887944698,0.245710194111,-0.63349622488,0.730411052704,0.0693462789059
-0.352649748325,-0.336591809988,1.10885453224,0.246390610933,-0.635729968548,0.728344380856,0.0682171881199
-0.354239076376,-0.33707895875,1.10821068287,0.243905499578,-0.636237025261,0.728537857533,0.0703220441937
-0.356189280748,-0.338327825069,1.10782158375,0.241716936231,-0.634698092937,0.730496704578,0.071455091238
-0.357953667641,-0.340342074633,1.10602331161,0.239391073585,-0.6350954175,0.73116350174,0.0688896924257
-0.360290944576,-0.341588109732,1.10576963425,0.238077864051,-0.636168122292,0.730505168438,0.0705075487494
-0.362166255713,-0.342902600765,1.10520493984,0.23800098896,-0.638727366924,0.72819852829,0.0714837312698
-0.364624470472,-0.343860894442,1.10615336895,0.237458497286,-0.64081788063,0.726149559021,0.075318031013
-0.366852343082,-0.345489233732,1.10582518578,0.236925557256,-0.642118394375,0.725056290627,0.076443374157
-0.369059145451,-0.346911907196,1.10567545891,0.235866203904,-0.642650902271,0.724754273891,0.0780915021896
-0.371883809566,-0.349032461643,1.1053467989,0.235305681825,-0.644314348698,0.723412036896,0.0785194262862
-0.373578906059,-0.34983921051,1.10500395298,0.234115868807,-0.64536345005,0.722606837749,0.0808408632874
-0.376184821129,-0.351983129978,1.10489559174,0.231716245413,-0.644437789917,0.724093496799,0.0818299502134
-0.378320157528,-0.353307127953,1.10459303856,0.233191415668,-0.64682662487,0.721303522587,0.0834167599678
-0.381338953972,-0.355559945107,1.10441946983,0.232847750187,-0.64838296175,0.719989299774,0.0836484730244
-0.383626550436,-0.356118381023,1.1036169529,0.229737460613,-0.648588478565,0.720526397228,0.0859968215227
-0.386057525873,-0.357484221458,1.10338807106,0.229154229164,-0.649860560894,0.71930372715,0.0881581529975
-0.388942182064,-0.359940826893,1.10372233391,0.229819178581,-0.65080332756,0.718144774437,0.0889177545905
-0.391241908073,-0.361204922199,1.10348069668,0.229378119111,-0.653021931648,0.716026961803,0.0908487811685
-0.394077688456,-0.362771868706,1.10314416885,0.228180170059,-0.653913199902,0.715404689312,0.0923451706767
-0.397046506405,-0.363461792469,1.10219860077,0.224563807249,-0.655169487,0.715150177479,0.0942574515939
-0.399331122637,-0.365716397762,1.10227000713,0.224717438221,-0.656111478806,0.713999032974,0.0960484445095
-0.401893258095,-0.367219746113,1.10226523876,0.225272268057,-0.656031489372,0.713685333729,0.0976135805249
-0.404545128345,-0.36781463027,1.1008348465,0.220201909542,-0.656138300896,0.714776754379,0.100438177586
-0.407535344362,-0.370176017284,1.10123324394,0.222534313798,-0.657417714596,0.71282017231,0.10083643347
-0.410326868296,-0.371335834265,1.10123920441,0.220381647348,-0.658523082733,0.712046682835,0.10377278924
-0.413195490837,-0.371327757835,1.10012543201,0.216027751565,-0.66022002697,0.711194694042,0.107905738056
-0.416136592627,-0.374193251133,1.10080838203,0.218117132783,-0.661881029606,0.708838224411,0.10902684927
-0.419024586678,-0.375903576612,1.10089552402,0.217388749123,-0.662630021572,0.707931876183,0.111786685884
-0.421915590763,-0.377073764801,1.100435853,0.216839283705,-0.662181973457,0.708310544491,0.113101951778
-0.4248508811,-0.378411233425,1.10086166859,0.216848015785,-0.664102613926,0.705870270729,0.11701259017
-0.427800357342,-0.379876047373,1.10014533997,0.215360447764,-0.664784610271,0.705392003059,0.118757858872
-0.430934786797,-0.381156623363,1.10025548935,0.212935820222,-0.665416777134,0.704994916916,0.121906504035
-0.43405598402,-0.382489174604,1.10014152527,0.211811974645,-0.666779518127,0.703374505043,0.125718459487
-0.437147110701,-0.383656829596,1.10063421726,0.211154609919,-0.667767345905,0.70177000761,0.130458578467
-0.440022498369,-0.384793698788,1.10055661201,0.211720705032,-0.667765617371,0.701113641262,0.133052960038
-0.44314879179,-0.386100649834,1.10042619705,0.210031345487,-0.667969048023,0.70092356205,0.135685220361
-0.446213513613,-0.387271165848,1.10043621063,0.209562271833,-0.668856441975,0.699524283409,0.139213576913
-0.449411481619,-0.388590097427,1.10040962696,0.209418311715,-0.669168233871,0.698536455631,0.142845124006
-0.45244204998,-0.389677047729,1.1004742384,0.209199145436,-0.670638799667,0.696404516697,0.146629348397
-0.455689698458,-0.390832751989,1.100476861,0.207919344306,-0.670870125294,0.695821762085,0.150116920471
-0.45873567462,-0.39178314805,1.10041356087,0.207256525755,-0.670880436897,0.695150792599,0.15404355526
-0.461977928877,-0.393070042133,1.10045456886,0.207218363881,-0.671557068825,0.693717896938,0.157566711307
-0.46507242322,-0.394027709961,1.10041153431,0.2061676085,-0.671759605408,0.692923307419,0.161528199911
-0.468251436949,-0.395075678825,1.10040187836,0.205407738686,-0.672216236591,0.691820383072,0.165280297399
-0.471398860216,-0.395940721035,1.10033488274,0.204281419516,-0.672356426716,0.691041469574,0.169314920902
-0.474687814713,-0.396985977888,1.10041058064,0.203672990203,-0.672835528851,0.689775705338,0.173260822892
-0.477902919054,-0.397872984409,1.10049128532,0.20320430398,-0.67343556881,0.68820053339,0.177686586976
-0.480703294277,-0.397301256657,1.09948766232,0.199186876416,-0.67333561182,0.688149273396,0.182741045952
-0.484348863363,-0.399388313293,1.10042750835,0.200695008039,-0.674460351467,0.685825645924,0.18565556407
-0.48723077774,-0.398954987526,1.09937596321,0.197014227509,-0.674664735794,0.685299992561,0.19072727859
-0.490679293871,-0.399721086025,1.09946489334,0.192236438394,-0.684136807919,0.676992416382,0.191528573632
-0.49374294281,-0.40035879612,1.09935152531,0.189732730389,-0.688728272915,0.672137022018,0.194645300508
-0.497104227543,-0.402308762074,1.10044324398,0.196623295546,-0.675605773926,0.680865108967,0.203270658851
-0.499883145094,-0.401690125465,1.09936356544,0.192453846335,-0.675582230091,0.680503308773,0.208483532071
-0.503399610519,-0.403556764126,1.10039043427,0.194311693311,-0.676100790501,0.678367316723,0.212010622025
-0.506480455399,-0.404067754745,1.10036170483,0.193115606904,-0.676587998867,0.676737308502,0.216706216335
-0.509569346905,-0.40444624424,1.10034120083,0.191695228219,-0.676823914051,0.675366044044,0.221456736326
-0.512455761433,-0.40345710516,1.09909582138,0.186836048961,-0.676341950893,0.67543387413,0.226810395718
-0.515721321106,-0.40557077527,1.10031199455,0.18958824873,-0.677080929279,0.672746837139,0.230281218886
-0.518653571606,-0.405853807926,1.1003100872,0.188161760569,-0.67756831646,0.671115100384,0.234735533595
-0.521562695503,-0.406207442284,1.10022890568,0.187414839864,-0.677857398987,0.669333994389,0.239534914494
-0.524580180645,-0.406595408916,1.10027384758,0.186795279384,-0.677730917931,0.667974531651,0.244128078222
-0.527212440968,-0.406858503819,1.10025811195,0.183675393462,-0.683580994606,0.661706387997,0.247234970331
-0.530010104179,-0.407149046659,1.10017895699,0.182522878051,-0.683678030968,0.659985721111,0.252366304398
-0.532702326775,-0.407383710146,1.10029196739,0.182007297873,-0.683493077755,0.658180356026,0.257893741131
-0.53537684679,-0.407778680325,1.1002907753,0.181634798646,-0.683424115181,0.656463623047,0.262670814991
-0.537945866585,-0.407911777496,1.10025966167,0.180904120207,-0.683006763458,0.654936075211,0.268019080162
-0.540473341942,-0.408036679029,1.10023260117,0.180364981294,-0.683118402958,0.652694284916,0.273510336876
-0.542990982533,-0.408270418644,1.10022473335,0.179775103927,-0.683129012585,0.650584161282,0.278847724199
-0.545388162136,-0.408481359482,1.10018622875,0.179320648313,-0.682927906513,0.648720741272,0.283928006887
-0.547812879086,-0.408624559641,1.10021030903,0.179284989834,-0.683016180992,0.646291732788,0.289228051901
-0.550088763237,-0.408662945032,1.10012125969,0.17914378643,-0.682580530643,0.644380629063,0.294559180737
-0.552454769611,-0.408828377724,1.1000494957,0.178950458765,-0.682179331779,0.642610490322,0.299432426691
-0.554708600044,-0.408934980631,1.09993267059,0.178805083036,-0.681685507298,0.640862882137,0.304349273443
-0.556927800179,-0.408965110779,1.0998057127,0.178535938263,-0.68189239502,0.638359844685,0.309264361858
-0.559131443501,-0.409066110849,1.09977805614,0.178652480245,-0.68133944273,0.636517703533,0.314173668623
-0.561242282391,-0.408950507641,1.09957051277,0.177843108773,-0.681722700596,0.633966565132,0.318923950195
-0.563261091709,-0.408882498741,1.09943449497,0.177886068821,-0.680969893932,0.632278680801,0.323821365833
-0.56531560421,-0.408843636513,1.0993283987,0.181038290262,-0.674210906029,0.635113060474,0.330599665642
-0.567209899426,-0.408826470375,1.0990960598,0.177901014686,-0.680130600929,0.628291845322,0.333200961351
-0.569096505642,-0.408718824387,1.09881484509,0.177741631866,-0.679806828499,0.626353144646,0.33756840229
-0.570985138416,-0.408588469028,1.09856343269,0.177365720272,-0.680220544338,0.623705685139,0.341808140278
-0.572806358337,-0.408463597298,1.09828281403,0.177759438753,-0.679250478745,0.622215092182,0.346220880747
-0.574654698372,-0.408320128918,1.09809541702,0.181099548936,-0.672780811787,0.624819815159,0.352376490831
-0.576304256916,-0.408003926277,1.09769523144,0.177811235189,-0.678473591805,0.618269383907,0.354682683945
-0.57802349329,-0.407802522182,1.09726059437,0.177704289556,-0.678504526615,0.616026461124,0.358558535576
-0.579667448997,-0.407678425312,1.09697639942,0.181281894445,-0.672289848328,0.618166267872,0.364737808704
-0.581172645092,-0.407394349575,1.09664988518,0.181409195065,-0.671804428101,0.616397380829,0.368542969227
-0.582618772984,-0.407123923302,1.09617900848,0.181862428784,-0.671682775021,0.614017784595,0.372492432594
-0.58396679163,-0.40690946579,1.09583055973,0.182679221034,-0.671829760075,0.611066162586,0.376658201218
-0.585202932358,-0.404906570911,1.09389972687,0.178926095366,-0.670895576477,0.610427260399,0.381134182215
-0.586580216885,-0.406302034855,1.09498238564,0.183573678136,-0.671337068081,0.606707811356,0.384074032307
-0.587746798992,-0.406043201685,1.09450030327,0.186325699091,-0.666890144348,0.607670366764,0.388943433762
-0.588894784451,-0.405758321285,1.09407913685,0.185233816504,-0.671235859394,0.601642727852,0.391352564096
-0.589912474155,-0.405459821224,1.0936204195,0.186392098665,-0.671132147312,0.598956108093,0.395083844662
-0.590924918652,-0.40515384078,1.093090415,0.187843769789,-0.669001221657,0.598300933838,0.398983865976
-0.591872811317,-0.405001699924,1.09246730804,0.187685385346,-0.670773744583,0.594478130341,0.401787102222
-0.592288017273,-0.402780294418,1.0906444788,0.185016289353,-0.670008420944,0.592603325844,0.407036960125
-0.593248546124,-0.402255415916,1.08991360664,0.185095861554,-0.669844567776,0.590617179871,0.410145312548
-0.593674957752,-0.40213727951,1.08949911594,0.187000870705,-0.669545054436,0.58772957325,0.413901269436
-0.594045817852,-0.400786548853,1.0879150629,0.185123875737,-0.668818950653,0.586385250092,0.417807012796
-0.595132052898,-0.401295959949,1.08827853203,0.188124641776,-0.669154405594,0.583383977413,0.420124769211
-0.595462203026,-0.401193201542,1.08779680729,0.189572647214,-0.668734550476,0.581014037132,0.423413723707
-0.59601944685,-0.40089198947,1.0871887207,0.190463200212,-0.668442606926,0.578890025616,0.426373809576
-0.596555113792,-0.400648236275,1.0866137743,0.191412970424,-0.668049573898,0.577009022236,0.429105371237
-0.596976518631,-0.400355994701,1.08601808548,0.192540198565,-0.667825937271,0.574521124363,0.432275652885
-0.597588717937,-0.399900138378,1.08541595936,0.192606166005,-0.667172670364,0.573454737663,0.434664666653
-0.59729796648,-0.398638248444,1.08365094662,0.191682264209,-0.665396153927,0.572895348072,0.438516616821
-0.597564578056,-0.398660749197,1.08314979076,0.192181125283,-0.664685726166,0.571761608124,0.440849244595
-0.597798705101,-0.398219615221,1.08243429661,0.193513080478,-0.663903832436,0.569813847542,0.443955808878
-0.597914338112,-0.397857487202,1.08186841011,0.194008022547,-0.662983834743,0.568397521973,0.446920216084
-0.598530650139,-0.399025201797,1.08231246471,0.197341784835,-0.663584291935,0.565483868122,0.448263525963
-0.598538935184,-0.39882427454,1.08173108101,0.19943036139,-0.662242770195,0.564828157425,0.450145840645
-0.598605215549,-0.398580014706,1.08100605011,0.199060425162,-0.662096738815,0.562468469143,0.453466832638
-0.598726809025,-0.398422241211,1.08051729202,0.197731271386,-0.663060963154,0.560425400734,0.455165684223
-0.59850525856,-0.398255765438,1.0799036026,0.200650662184,-0.66033411026,0.559930801392,0.458449304104
-0.598354637623,-0.398096859455,1.07970428467,0.201679587364,-0.659683406353,0.55805516243,0.461213320494
-0.598354101181,-0.398025691509,1.07892239094,0.202648639679,-0.658641159534,0.557490944862,0.462957024574
-0.598305642605,-0.398061305285,1.07844817638,0.203645512462,-0.658099353313,0.556111991405,0.464944422245
-0.598154187202,-0.39805740118,1.07798445225,0.204788684845,-0.6571829319,0.555047333241,0.467006266117
-0.597868442535,-0.398047804832,1.07774198055,0.205517664552,-0.656592667103,0.553266763687,0.469621539116
-0.597574949265,-0.398071050644,1.07718777657,0.206927001476,-0.655560493469,0.552176713943,0.471722900867
-0.597263276577,-0.398140907288,1.07660138607,0.207991868258,-0.654357016087,0.551738262177,0.473435550928
-0.596935153008,-0.398236006498,1.07625579834,0.209325566888,-0.653360664845,0.550623774529,0.475516617298
-0.596171081066,-0.397085815668,1.07505059242,0.207685783505,-0.652006387711,0.549792766571,0.479043215513
-0.595827043056,-0.397155404091,1.07466089725,0.205642446876,-0.653075814247,0.548333644867,0.480138987303
-0.595284342766,-0.397175192833,1.07406306267,0.208264604211,-0.651217579842,0.548696815968,0.481116741896
-0.594895124435,-0.397318840027,1.07371377945,0.211575821042,-0.648762226105,0.546834886074,0.485092669725
-0.595036506653,-0.398645579815,1.074229002,0.211269423366,-0.651166975498,0.544786334038,0.484308481216
-0.593908965588,-0.397769749165,1.07302796841,0.210769191384,-0.648741662502,0.544897437096,0.487644553185
-0.593782544136,-0.397711873055,1.0725312233,0.211376190186,-0.647998929024,0.543957829475,0.489415317774
-0.593848705292,-0.39899367094,1.07295274734,0.214234620333,-0.647810161114,0.543037712574,0.489444196224
-0.593611299992,-0.398800253868,1.07242417336,0.214583978057,-0.647109210491,0.542007446289,0.491356730461
-0.592737913132,-0.399629235268,1.07237315178,0.217142373323,-0.64627879858,0.540372669697,0.4931229949
-0.592625021935,-0.399059891701,1.07162535191,0.219556733966,-0.643404126167,0.540613293648,0.495543390512
-0.592328548431,-0.399090766907,1.07123541832,0.217343539,-0.644618451595,0.539750695229,0.495881259441
-0.59191262722,-0.399105399847,1.07082509995,0.218451559544,-0.64429885149,0.537635684013,0.49810218811
-0.591540932655,-0.399206459522,1.07050299644,0.217440843582,-0.643511116505,0.537936508656,0.499236732721
-0.590262174606,-0.398236274719,1.06909120083,0.220228984952,-0.639127194881,0.538220703602,0.503323078156
-0.589993417263,-0.398310303688,1.06869506836,0.217515811324,-0.640352070332,0.537496328354,0.503720164299
-0.589584410191,-0.398361802101,1.06839668751,0.217770546675,-0.639774501324,0.53690636158,0.504971802235
-0.588901340961,-0.398346096277,1.06793308258,0.223014712334,-0.636619985104,0.536774158478,0.506806492805
-0.589144706726,-0.399349212646,1.0682413578,0.223460122943,-0.637674629688,0.534448862076,0.507740974426
-0.58883023262,-0.399497270584,1.06785440445,0.220238983631,-0.642134904861,0.530379354954,0.507794618607
-0.588377356529,-0.400751709938,1.06815373898,0.226660877466,-0.637715160847,0.531401872635,0.509466648102
-0.588106632233,-0.400882482529,1.06782698631,0.22360637784,-0.639700889587,0.529875099659,0.509917199612
-0.587794423103,-0.400979578495,1.06748890877,0.227452248335,-0.637258946896,0.529477834702,0.511683344841
-0.587448239326,-0.399805903435,1.0664178133,0.22596308589,-0.63598626852,0.530147135258,0.513231039047
-0.586119711399,-0.398746490479,1.06527745724,0.222351849079,-0.635755717754,0.530175209045,0.515061676502
-0.585503399372,-0.399039506912,1.06521487236,0.221082359552,-0.639005661011,0.524318575859,0.517575502396
-0.585416316986,-0.398994684219,1.06482446194,0.224720090628,-0.633719086647,0.527570784092,0.519201278687
-0.585730493069,-0.400498986244,1.06538152695,0.227295607328,-0.634979784489,0.525759994984,0.51837605238
-0.585299253464,-0.400404632092,1.0647687912,0.227988317609,-0.63364815712,0.526719450951,0.518727362156
-0.584954619408,-0.400469958782,1.06445026398,0.228404685855,-0.633587360382,0.525452435017,0.519902229309
-0.58460944891,-0.400526076555,1.06415772438,0.2268974334,-0.635027945042,0.525409162045,0.518847227097
-0.584256529808,-0.400671750307,1.06384158134,0.225744947791,-0.635443031788,0.523648917675,0.520618259907
-0.583941400051,-0.400763213634,1.0635869503,0.226791471243,-0.63635969162,0.521289765835,0.521410703659
-0.583657860756,-0.40086594224,1.06326758862,0.229672148824,-0.632582306862,0.523333847523,0.522696971893
-0.583320736885,-0.400955498219,1.0629452467,0.226332321763,-0.636973500252,0.519657194614,0.522489249706
-0.582944393158,-0.401025056839,1.06265747547,0.230133354664,-0.632081568241,0.522625625134,0.523807346821
-0.582533061504,-0.401146233082,1.0622843504,0.226457253098,-0.636919021606,0.518594384193,0.523556411266
-0.58217138052,-0.401244699955,1.06202602386,0.22713662684,-0.636157691479,0.518451094627,0.524329006672
-0.581988453865,-0.402245134115,1.06236445904,0.2296051085,-0.636021435261,0.517874479294,0.523988604546
-0.58169066906,-0.402320027351,1.06209135056,0.232644841075,-0.631975471973,0.520450770855,0.524989783764
-0.580496251583,-0.40007314086,1.06030893326,0.22915610671,-0.62963026762,0.521946132183,0.527849853039
-0.580109477043,-0.400157481432,1.0599899292,0.228881850839,-0.629599809647,0.521302759647,0.528640449047
-0.579783499241,-0.400250762701,1.05971562862,0.226559132338,-0.632625997066,0.518628537655,0.528658568859
-0.579349696636,-0.400382548571,1.05966961384,0.225593432784,-0.631843805313,0.519381284714,0.529267430305
-0.578934550285,-0.400608360767,1.05931508541,0.226723894477,-0.633040428162,0.51672577858,0.529953598976
-0.578515052795,-0.400767207146,1.05929267406,0.229734361172,-0.629366874695,0.518730938435,0.53107213974
-0.577873528004,-0.400778442621,1.05899167061,0.230135649443,-0.629034757614,0.51790958643,0.532092750072
-0.577265560627,-0.400793075562,1.05869889259,0.230742082,-0.628548324108,0.517514824867,0.532788455486
-0.576867759228,-0.400902926922,1.05845701694,0.228096663952,-0.631849229336,0.514197230339,0.533235013485
-0.576594531536,-0.401009380817,1.05798566341,0.228507250547,-0.631575942039,0.514192759991,0.533387601376
-0.575925827026,-0.401011884212,1.05786037445,0.228351816535,-0.631670296192,0.512827575207,0.534655153751
-0.575997948647,-0.402275681496,1.05814862251,0.231883794069,-0.630620479584,0.513516008854,0.533712565899
-0.575598180294,-0.402314603329,1.05786418915,0.234115943313,-0.628051698208,0.514427244663,0.534888207912
-0.575270652771,-0.402354836464,1.05758500099,0.231412619352,-0.631390631199,0.511076688766,0.535345494747
-0.574892401695,-0.402290016413,1.05722212791,0.231696292758,-0.630702137947,0.51090413332,0.536198198795
-0.574593782425,-0.402304649353,1.05692839622,0.231695637107,-0.630601942539,0.510268568993,0.536921203136
-0.574352622032,-0.402302086353,1.05664777756,0.231854334474,-0.630302369595,0.509902119637,0.537552237511
-0.573403179646,-0.401064217091,1.05566394329,0.231398075819,-0.628093481064,0.511489450932,0.538824856281
-0.573198080063,-0.401043355465,1.05547475815,0.232126176357,-0.626021385193,0.511621117592,0.540794312954
-0.572955429554,-0.401067972183,1.05523979664,0.232288837433,-0.625887453556,0.511109411716,0.541363298893
-0.572704255581,-0.401095092297,1.05525064468,0.230177924037,-0.628558635712,0.508167564869,0.541939020157
-0.572852611542,-0.402772068977,1.05603933334,0.233206987381,-0.629866063595,0.50630313158,0.540870010853
-0.572011232376,-0.40108820796,1.05486106873,0.230144545436,-0.628112375736,0.507022559643,0.543540656567
-0.571644127369,-0.401114910841,1.05469572544,0.230401709676,-0.627620518208,0.506398677826,0.544580638409
-0.570956528187,-0.40138065815,1.05462145805,0.23150138557,-0.626840531826,0.505497574806,0.545848190784
-0.571286439896,-0.40243947506,1.05517935753,0.234714627266,-0.627405405045,0.504978597164,0.544305205345
-0.569961190224,-0.401408791542,1.05443453789,0.232312247157,-0.625595569611,0.50391036272,0.548393845558
-0.570124804974,-0.402569234371,1.05510699749,0.234891846776,-0.625892579556,0.50282818079,0.547948896885
-0.569449424744,-0.40269562602,1.05480194092,0.235933855176,-0.624573230743,0.502484619617,0.549320459366
-0.568726122379,-0.402801811695,1.0549762249,0.236614450812,-0.624047636986,0.500964999199,0.551010251045
-0.56798940897,-0.402954399586,1.05475378036,0.237669184804,-0.623187065125,0.500130832195,0.552286565304
-0.566487073898,-0.402015954256,1.0542948246,0.237238660455,-0.621095359325,0.499089509249,0.555759072304
-0.565854907036,-0.402098596096,1.05399012566,0.237819001079,-0.620509326458,0.497976154089,0.557162463665
-0.566057384014,-0.403367191553,1.05482387543,0.239843666553,-0.621954858303,0.495676487684,0.556733429432
-0.565559267998,-0.404275119305,1.05516219139,0.242267876863,-0.621675491333,0.494085609913,0.557409703732
-0.564952194691,-0.404276162386,1.05503284931,0.243036881089,-0.62079423666,0.49322578311,0.558816611767
-0.563564479351,-0.402023464441,1.0536339283,0.239805996418,-0.617997825146,0.493652701378,0.562919795513
-0.562672674656,-0.402153789997,1.05363345146,0.241260483861,-0.616742908955,0.492695719004,0.564510941505
-0.562952160835,-0.403230726719,1.05412364006,0.243471562862,-0.617425978184,0.491542220116,0.563820123672
-0.561741411686,-0.401966124773,1.05331492424,0.242189198732,-0.615403294563,0.491342842579,0.566749870777
-0.561175823212,-0.401939868927,1.05324530602,0.243119210005,-0.614956378937,0.490309268236,0.567731201649
-0.560574173927,-0.401864230633,1.05319643021,0.244308173656,-0.613790929317,0.489990055561,0.568756639957
-0.559945106506,-0.401860773563,1.05317735672,0.244823172688,-0.613267660141,0.489267498255,0.569720864296
-0.559936404228,-0.403121948242,1.05389714241,0.247814446688,-0.613870978355,0.487728387117,0.569097101688
-0.558767080307,-0.401786357164,1.05313611031,0.246459767222,-0.612392365932,0.486961960793,0.571927785873
-0.558186113834,-0.40175306797,1.05311739445,0.247123360634,-0.612157821655,0.485790580511,0.572887837887
-0.558532595634,-0.402793645859,1.05373394489,0.247782692313,-0.612940967083,0.485687851906,0.571851909161
-0.557750046253,-0.402726203203,1.05373704433,0.250166803598,-0.612383365631,0.483801782131,0.573008835316
-0.557271420956,-0.402598083019,1.0536980629,0.25114017725,-0.610835075378,0.484093248844,0.573988616467
-0.55679744482,-0.402502894402,1.05365502834,0.251564770937,-0.61025428772,0.483433634043,0.574975311756
-0.556318223476,-0.402396857738,1.05361866951,0.25178873539,-0.609866917133,0.482602328062,0.575986087322
-0.555894434452,-0.402286350727,1.05358755589,0.251871943474,-0.609487831593,0.482008755207,0.57684725523
-0.555589497089,-0.402162134647,1.05355370045,0.25193849206,-0.609138906002,0.481765270233,0.577389955521
-0.55538380146,-0.402019709349,1.05352210999,0.251881182194,-0.60895293951,0.481689035892,0.577674746513
-0.55464553833,-0.400702834129,1.05288124084,0.249962747097,-0.607538282871,0.482258319855,0.579519629478
-0.55490219593,-0.402380675077,1.05389821529,0.252930134535,-0.608947992325,0.480921953917,0.577860713005
-0.554361402988,-0.400638401508,1.05306649208,0.25011408329,-0.607441306114,0.482060432434,0.579720497131
-0.554178953171,-0.400593578815,1.05322349072,0.250500947237,-0.607108712196,0.482162743807,0.579816877842
-0.554064810276,-0.400602072477,1.05339670181,0.250907480717,-0.606830239296,0.482244640589,0.579864323139
-0.554913461208,-0.401748299599,1.05391669273,0.252807736397,-0.608042597771,0.482325822115,0.577697455883
-0.554480791092,-0.401994228363,1.05453681946,0.253903031349,-0.607627153397,0.481802374125,0.578090846539
-0.55436372757,-0.402012050152,1.05477023125,0.254420548677,-0.607202172279,0.481884539127,0.578241467476
-0.554267942905,-0.402033984661,1.05501270294,0.254886627197,-0.606914937496,0.481705337763,0.578486859798
-0.554198145866,-0.402100861073,1.05525815487,0.255483686924,-0.606679022312,0.481468617916,0.578668057919
-0.554125964642,-0.402215152979,1.05563735962,0.255988061428,-0.606767773628,0.480634450912,0.579045414925
-0.554420292377,-0.402018904686,1.05587303638,0.256303668022,-0.606980204582,0.480106621981,0.579121232033
-0.554473996162,-0.402024418116,1.05615830421,0.257240593433,-0.606609106064,0.479731589556,0.579405069351
-0.554241120815,-0.402268767357,1.05662882328,0.257256567478,-0.607496321201,0.47771269083,0.580136239529
-0.554382383823,-0.4022988379,1.05667471886,0.256952673197,-0.608951747417,0.475661039352,0.58043050766
-0.554628908634,-0.40213227272,1.05737042427,0.256489157677,-0.609757959843,0.473916083574,0.581216156483
-0.554819822311,-0.401943802834,1.0577173233,0.25726750493,-0.609124898911,0.473463505507,0.581904232502
-0.555127680302,-0.40178912878,1.05807340145,0.25637871027,-0.611337065697,0.470575064421,0.582319736481
-0.555470108986,-0.401629388332,1.05842316151,0.257952034473,-0.60984069109,0.470490634441,0.583261370659
-0.555909574032,-0.401644408703,1.0587669611,0.258311331272,-0.61078029871,0.468283712864,0.583894729614
-0.556343615055,-0.40156903863,1.05891764164,0.258977949619,-0.611352086067,0.466293364763,0.584593296051
-0.556799173355,-0.401488006115,1.05926811695,0.259436786175,-0.612152338028,0.463793247938,0.585540652275
-0.556661307812,-0.400090634823,1.05886030197,0.258174479008,-0.611777365208,0.461548954248,0.588257491589
-0.55714070797,-0.399949252605,1.05928146839,0.258975088596,-0.61252862215,0.458696901798,0.58935379982
-0.55811393261,-0.400629818439,1.06032550335,0.262459427118,-0.613393843174,0.456309467554,0.588765501976
-0.558745026588,-0.400496244431,1.06087994576,0.26357999444,-0.614342689514,0.453043282032,0.589797079563
-0.559374213219,-0.400338202715,1.06118106842,0.265180945396,-0.614851891994,0.450203448534,0.590722441673
-0.559885144234,-0.40010458231,1.06148576736,0.267066568136,-0.615284502506,0.447203069925,0.591700911522
-0.560139298439,-0.399369001389,1.06148803234,0.267833083868,-0.615879237652,0.443692028522,0.593376457691
-0.560790419579,-0.399163961411,1.06151139736,0.270484000444,-0.615764379501,0.441224515438,0.594132781029
-0.561827421188,-0.399448812008,1.06216466427,0.275190830231,-0.6146235466,0.439488947392,0.594438672066
-0.562559783459,-0.399147808552,1.06241464615,0.277656018734,-0.613813877106,0.438247323036,0.59504532814
-0.56320643425,-0.398502230644,1.06271982193,0.281156390905,-0.612436056137,0.436585307121,0.596042394638
-0.564180970192,-0.397818267345,1.06282150745,0.286268204451,-0.611025452614,0.436321139336,0.595249772072
-0.564915597439,-0.397303730249,1.06302690506,0.291968464851,-0.607838451862,0.433935016394,0.5974842906
-0.565534055233,-0.397007107735,1.06324255466,0.294887632132,-0.60812574625,0.432396650314,0.596873164177
-0.566288590431,-0.396429181099,1.06346356869,0.298033773899,-0.606483817101,0.430021107197,0.598694622517
-0.567153811455,-0.395815312862,1.06336975098,0.306637704372,-0.602162003517,0.429817587137,0.598858177662
-0.568209171295,-0.395092666149,1.06339156628,0.311941355467,-0.599758505821,0.429687589407,0.598624169827
-0.569171845913,-0.394413053989,1.06337070465,0.314886838198,-0.598927378654,0.429509818554,0.598041474819
-0.570286929607,-0.393763899803,1.0635881424,-0.320872843266,0.596576869488,-0.429694980383,-0.597075223923
-0.571224808693,-0.392960488796,1.06362533569,-0.328526854515,0.592634141445,-0.430818855762,-0.596028625965
-0.572145581245,-0.39193508029,1.06352639198,-0.335519939661,0.58870780468,-0.432486891747,-0.594814658165
-0.573231518269,-0.3912063241,1.06360208988,-0.344372689724,0.583843946457,-0.433918207884,-0.593505680561
-0.574175357819,-0.390390336514,1.06356465816,-0.350824654102,0.581432402134,-0.434955745935,-0.591330707073
-0.575311899185,-0.389523983002,1.06352210045,-0.35969388485,0.576626241207,-0.436551988125,-0.589529454708
-0.576268553734,-0.388767242432,1.06329274178,-0.368371576071,0.572614789009,-0.438370198011,-0.586725234985
-0.577060759068,-0.387788146734,1.06364309788,-0.376329511404,0.568768203259,-0.439449965954,-0.584604680538
-0.579022586346,-0.387941598892,1.06430971622,-0.384833753109,0.567232608795,-0.440633237362,-0.579648554325
-0.579207777977,-0.385830700397,1.06352567673,-0.392170339823,0.561955034733,-0.442362725735,-0.578553557396
-0.57999008894,-0.385008215904,1.06355261803,-0.400982439518,0.558121740818,-0.443262785673,-0.575527071953
-0.580620527267,-0.384383499622,1.06345367432,-0.409788131714,0.55463886261,-0.443896263838,-0.57219350338
-0.58122831583,-0.383475959301,1.06351792812,-0.417431354523,0.551773428917,-0.444703519344,-0.568802416325
-0.582797288895,-0.383559942245,1.06418466568,-0.423789709806,0.550925254822,-0.443375706673,-0.565952122211
-0.58250784874,-0.381639480591,1.06313884258,-0.431189924479,0.546199381351,-0.443899422884,-0.564530551434
-0.583244144917,-0.380511164665,1.06333398819,-0.437752127647,0.543934464455,-0.44355866313,-0.561929166317
-0.58321928978,-0.379465788603,1.06313955784,-0.444524228573,0.541439652443,-0.441652178764,-0.560521900654
-0.583692491055,-0.378472357988,1.06299841404,-0.454444527626,0.538496315479,-0.442518055439,-0.554689109325
-0.585310697556,-0.379126369953,1.06390070915,-0.461170375347,0.539474785328,-0.441183030605,-0.549223482609
-0.584896564484,-0.376439750195,1.06279301643,-0.466705530882,0.535260140896,-0.440706402063,-0.549054026604
-0.585112929344,-0.375636518002,1.06279242039,-0.471290975809,0.534978270531,-0.438249886036,-0.54737585783
-0.585852026939,-0.374664008617,1.06270909309,-0.476040124893,0.53455388546,-0.436743974686,-0.544878900051
-0.586364328861,-0.373702466488,1.0626295805,-0.480328887701,0.534395217896,-0.434159398079,-0.543333828449
-0.587007522583,-0.372784435749,1.06257414818,-0.485071331263,0.533841967583,-0.432576209307,-0.540921747684
-0.587706148624,-0.371837705374,1.06246519089,-0.487785071135,0.53472083807,-0.430444687605,-0.539311408997
-0.588445067406,-0.37085840106,1.06214642525,-0.491361051798,0.534866631031,-0.429035812616,-0.537038683891
-0.58930683136,-0.369933754206,1.06205534935,0.494201034307,-0.535724818707,0.426684558392,0.535448074341
-0.590052247047,-0.368990808725,1.06203222275,0.496504157782,-0.536712229252,0.425060898066,0.53361672163
-0.590925991535,-0.367864072323,1.06209445,0.498373955488,-0.537671864033,0.423311322927,0.532296955585
-0.591583609581,-0.367011249065,1.06201863289,0.499649822712,-0.539585590363,0.420961409807,0.531026303768
-0.592275798321,-0.366022109985,1.06173729897,0.502687215805,-0.539599359035,0.419463276863,0.529328584671
-0.593074262142,-0.365238845348,1.06136119366,0.503806233406,-0.541541397572,0.417934983969,0.527487158775
-0.593690931797,-0.364089399576,1.06157374382,0.505063652992,-0.542064487934,0.416505396366,0.526877880096
-0.594533920288,-0.363272190094,1.06122338772,0.506310641766,-0.543579101562,0.41405570507,0.526050567627
-0.59504532814,-0.362289011478,1.06136584282,0.50688368082,-0.544910371304,0.412739664316,0.525155007839
-0.595704734325,-0.361343383789,1.06118857861,0.507258713245,-0.546312510967,0.411537289619,0.52427905798
-0.596299469471,-0.360510349274,1.06111001968,0.507585883141,-0.548009514809,0.409915417433,0.523461282253
-0.59684753418,-0.359665244818,1.06100404263,0.508055329323,-0.548946142197,0.408820778131,0.522879958153
-0.597388267517,-0.358868032694,1.06068015099,0.508418500423,-0.549890339375,0.408164620399,0.522046864033
-0.59785091877,-0.358057647943,1.06047236919,0.509369254112,-0.550570845604,0.406980067492,0.521327078342
-0.598792552948,-0.357423514128,1.06050848961,0.507980167866,-0.553180813789,0.405959188938,0.520715117455
-0.598948478699,-0.356572687626,1.06045055389,0.507538199425,-0.554116249084,0.405176907778,0.520761013031
-0.599077284336,-0.355834871531,1.06027460098,0.507844567299,-0.554499089718,0.404791146517,0.520354568958
-0.59945756197,-0.355355918407,1.06005585194,0.50731742382,-0.555933833122,0.403645992279,0.520227491856
-0.599747359753,-0.354916572571,1.06002962589,0.506392359734,-0.557277321815,0.403150260448,0.52007573843
-0.600173830986,-0.354145228863,1.06003880501,0.505208075047,-0.558240294456,0.403219968081,0.520140707493
-0.600201845169,-0.353713750839,1.05993437767,0.504729151726,-0.558901965618,0.402906298637,0.520138084888
-0.601464390755,-0.354841530323,1.06070947647,0.504145503044,-0.562088727951,0.402200698853,0.517811059952
-0.601578235626,-0.354406476021,1.06065142155,0.503037035465,-0.562749385834,0.402491390705,0.517945587635
-0.600815951824,-0.35264390707,1.05978274345,0.502386808395,-0.560916125774,0.403521597385,0.519760489464
-0.601864099503,-0.353776216507,1.06054461002,0.501733183861,-0.563498079777,0.40337228775,0.517711222172
-0.601971626282,-0.353648900986,1.06056880951,0.500037431717,-0.564560234547,0.403902739286,0.517780780792
-0.602033853531,-0.353451579809,1.06057608128,0.499325275421,-0.564681112766,0.404896557331,0.517559945583
-0.601069867611,-0.351880937815,1.05974531174,0.497649461031,-0.56302934885,0.405892252922,0.520186960697
-0.601197421551,-0.351676404476,1.05973422527,0.496734201908,-0.563101887703,0.40705499053,0.520074605942
-0.601280808449,-0.351712733507,1.05963242054,0.494698673487,-0.564020395279,0.407924085855,0.520338654518
-0.601326584816,-0.351642608643,1.05965459347,0.493731170893,-0.56378364563,0.409174859524,0.520531892776
-0.601364076138,-0.351702690125,1.05970048904,0.491297066212,-0.565021812916,0.409845203161,0.520965099335
-0.601387023926,-0.351693749428,1.0599373579,0.489213764668,-0.565323293209,0.410734921694,0.521897017956
-0.601404368877,-0.351679801941,1.05999612808,0.487776398659,-0.565273046494,0.411945164204,0.52234262228
-0.601393759251,-0.351737886667,1.06012809277,0.484801292419,-0.566223442554,0.413098186255,0.523171782494
-0.601460754871,-0.351887762547,1.06002402306,0.481991708279,-0.567317247391,0.413703382015,0.524103820324
-0.601464509964,-0.351933091879,1.06025087833,0.479385495186,-0.56742733717,0.415171027184,0.525213181973
-0.601503789425,-0.352048277855,1.06030440331,0.475997805595,-0.568585336208,0.415675729513,0.52664077282
-0.601979315281,-0.352307736874,1.06054067612,0.470870941877,-0.571611344814,0.415555000305,0.528067409992
-0.602741956711,-0.353535532951,1.06124734879,0.468042135239,-0.573742926121,0.41562885046,0.528212428093
-0.602795958519,-0.353733658791,1.06136655807,0.463746964931,-0.575190722942,0.41596826911,0.530155539513
-0.602843284607,-0.353927254677,1.06133294106,0.45867601037,-0.577485501766,0.416467785835,0.531677961349
-0.602767109871,-0.354440867901,1.0615811348,0.454490572214,-0.579101324081,0.416525900364,0.533466279507
-0.602863013744,-0.354699850082,1.06177318096,0.44931858778,-0.581100165844,0.416605442762,0.535607516766
-0.602935135365,-0.354909539223,1.06211936474,0.443840950727,-0.583054304123,0.41664531827,0.538014411926
-0.603047549725,-0.355240851641,1.06236493587,0.439011096954,-0.584441483021,0.416954576969,0.540228009224
-0.603135824203,-0.355537235737,1.06257140636,0.432560831308,-0.587464332581,0.416831791401,0.54224383831
-0.603213906288,-0.355849981308,1.06278347969,0.42727175355,-0.589225530624,0.416995704174,0.544395923615
-0.603289365768,-0.356229484081,1.06283307076,0.420501112938,-0.592488884926,0.416636288166,0.546397507191
-0.603361904621,-0.356623649597,1.06309890747,0.414447873831,-0.594880461693,0.416318953037,0.548660993576
-0.603419840336,-0.357008010149,1.06357824802,0.40962639451,-0.596248269081,0.417010784149,0.550269246101
-0.603409767151,-0.357405781746,1.06373620033,0.403002589941,-0.599467754364,0.416833162308,0.551794886589
-0.603355824947,-0.357815802097,1.0640796423,0.397643566132,-0.600939393044,0.417434215546,0.55362457037
-0.602381706238,-0.356834381819,1.06356585026,0.389648467302,-0.602391183376,0.41797286272,0.557312846184
-0.602299869061,-0.357407927513,1.06355929375,0.384470134974,-0.604000687599,0.418236643076,0.558966875076
-0.601774513721,-0.357518494129,1.06374371052,0.376934081316,-0.607071399689,0.417750447989,0.561132311821
-0.601737558842,-0.35842871666,1.0642414093,0.370799809694,-0.610434353352,0.416755080223,0.562310039997
-0.601374983788,-0.358984053135,1.0647380352,0.365782260895,-0.611803531647,0.417124807835,0.56383228302
-0.6007117033,-0.359057664871,1.06465649605,0.357974410057,-0.61512452364,0.416034549475,0.566031455994
-0.600313007832,-0.3596534729,1.06501030922,0.351472467184,-0.618094921112,0.41550385952,0.567258656025
-0.599723756313,-0.360229700804,1.06525540352,0.345427453518,-0.620707809925,0.414565294981,0.568803429604
-0.599166929722,-0.360818982124,1.06547904015,0.339018344879,-0.623531937599,0.413816958666,0.570114016533
-0.598857283592,-0.361865878105,1.06601774693,0.333561211824,-0.626312673092,0.413741528988,0.570339739323
-0.597943723202,-0.362036883831,1.06569623947,0.327550709248,-0.628464818001,0.413774430752,0.571430981159
-0.59723174572,-0.362722814083,1.06599164009,0.321978747845,-0.63093984127,0.413470059633,0.57209032774
-0.59643882513,-0.363233417273,1.06636238098,0.315970182419,-0.633258879185,0.412615209818,0.573493480682
-0.595627784729,-0.363619804382,1.06677627563,0.311011344194,-0.634894371033,0.413350880146,0.573866069317
-0.595066905022,-0.364569425583,1.06725168228,0.306332170963,-0.637371838093,0.41326969862,0.5736951828
-0.594433009624,-0.364995896816,1.06738913059,0.301208525896,-0.639198541641,0.413913875818,0.573911190033
-0.592954277992,-0.365307182074,1.06747555733,0.296561270952,-0.640107989311,0.414370268583,0.574987530708
-0.591945290565,-0.365963578224,1.06757545471,0.29270786047,-0.641229510307,0.415636539459,0.574798643589
-0.590877950191,-0.36660939455,1.0677331686,0.287835150957,-0.642881393433,0.415280759335,0.575670421124
-0.589825809002,-0.366990357637,1.06790709496,0.284298181534,-0.643806993961,0.416834235191,0.575270652771
-0.589332818985,-0.367721408606,1.06830847263,0.280528753996,-0.645670473576,0.417880684137,0.574272692204
-0.587615907192,-0.36816740036,1.06818842888,0.277763277292,-0.645609676838,0.419491171837,0.574511051178
-0.586472034454,-0.368794709444,1.06840348244,0.276305317879,-0.646040141582,0.421696841717,0.573113918304
-0.585257351398,-0.36924380064,1.06855165958,0.273560881615,-0.64646422863,0.42325797677,0.572801172733
-0.584043860435,-0.369861274958,1.06848549843,0.269307971001,-0.647331237793,0.423466205597,0.573682844639
-0.582921206951,-0.370429754257,1.06856513023,0.264319866896,-0.648442864418,0.424121648073,0.574262857437
-0.581739008427,-0.370945304632,1.06865918636,0.263255119324,-0.647923529148,0.426601350307,0.573500812054
-0.580473005772,-0.371369481087,1.06876206398,0.2601082623,-0.648668289185,0.427917420864,0.573114216328
-0.579225540161,-0.371754139662,1.068795681,0.2614171803,-0.64803814888,0.432898253202,0.569479584694
-0.577904343605,-0.372128844261,1.06883871555,0.259292513132,-0.648085296154,0.434026122093,0.569538593292
-0.576741695404,-0.372459292412,1.0690639019,0.257675796747,-0.648692905903,0.43401324749,0.569590389729
-0.575496017933,-0.372860103846,1.06911373138,0.255843728781,-0.648995876312,0.435369819403,0.569035589695
-0.574669361115,-0.373611032963,1.06940221786,0.255372077227,-0.649667561054,0.436666429043,0.567485451698
-0.573486924171,-0.374053239822,1.06942379475,0.253706306219,-0.650295615196,0.437724858522,0.566697239876
-0.57165658474,-0.373198866844,1.06886672974,0.250696122646,-0.649525225163,0.43973621726,0.567362844944
-0.570914804935,-0.374627232552,1.06954717636,0.252800643444,-0.650585770607,0.441269725561,0.564013361931
-0.56974363327,-0.375067830086,1.06953918934,0.250982731581,-0.651944935322,0.441472381353,0.563096344471
