x,y,z,q0,q1,q2,q3
-0.49098098278,0.217851370573,1.31382489204,0.263938188553,-0.341486036777,-0.193311184645,-0.881109893322
-0.491509348154,0.218007862568,1.31374979019,0.267355501652,-0.343822866678,-0.197800427675,-0.878169596195
-0.491838812828,0.218216836452,1.31342470646,0.270654171705,-0.345947384834,-0.202039942145,-0.875355124474
-0.492276459932,0.218563601375,1.31304371357,0.273399233818,-0.347108751535,-0.207243874669,-0.872822105885
-0.490939676762,0.21857085824,1.31164693832,0.274863213301,-0.350864350796,-0.211513027549,-0.869831383228
-0.491451263428,0.218803226948,1.31122887135,0.274605840445,-0.352583944798,-0.215848326683,-0.868150770664
-0.491720229387,0.218919068575,1.31106185913,0.279882282019,-0.354540735483,-0.220427051187,-0.864510655403
-0.492425471544,0.218676745892,1.31080627441,0.282971531153,-0.355113089085,-0.225707650185,-0.861903607845
-0.492860287428,0.218909606338,1.31046354771,0.283893972635,-0.357489168644,-0.228968173265,-0.859755396843
-0.493010640144,0.219168633223,1.31030881405,0.287823617458,-0.360276043415,-0.232554405928,-0.85631608963
-0.493723869324,0.219540894032,1.31092953682,0.292033344507,-0.360993564129,-0.23777718842,-0.853148400784
-0.493917793036,0.219376504421,1.30984854698,0.294061005116,-0.361884057522,-0.243042454123,-0.850587129593
-0.494277954102,0.219492673874,1.30971121788,0.297074973583,-0.363437652588,-0.248122051358,-0.847404837608
-0.49470025301,0.219670027494,1.30960857868,0.299281686544,-0.364725261927,-0.252788841724,-0.844691574574
-0.494458138943,0.219824835658,1.30903208256,0.302086472511,-0.366503924131,-0.258565783501,-0.841167211533
-0.495580822229,0.219863563776,1.30922150612,0.305121719837,-0.367285043001,-0.263057649136,-0.838333666325
-0.496015965939,0.219829708338,1.30905747414,0.30807864666,-0.368484467268,-0.268516123295,-0.834988534451
-0.496053487062,0.220050871372,1.30893778801,0.312581300735,-0.369634658098,-0.275277286768,-0.830593466759
-0.496474891901,0.220203012228,1.30873274803,0.31533536315,-0.370956867933,-0.280303746462,-0.827275454998
-0.496940493584,0.220393359661,1.30861783028,0.317808330059,-0.371632069349,-0.285137653351,-0.824368774891
-0.497398018837,0.220262020826,1.30849027634,0.323697000742,-0.37528476119,-0.295460194349,-0.816752612591
-0.498129427433,0.22050191462,1.30885052681,0.323355793953,-0.373409092426,-0.296169489622,-0.817490279675
-0.499729007483,0.220618233085,1.309071064,0.327404916286,-0.372835785151,-0.30133908987,-0.814244568348
-0.498907864094,0.220498174429,1.30818283558,0.331299126148,-0.377628207207,-0.313289642334,-0.805907905102
-0.499714136124,0.220601379871,1.30855607986,0.330431759357,-0.375623762608,-0.313028365374,-0.807301044464
-0.499651372433,0.220574617386,1.30796408653,0.332688331604,-0.376263588667,-0.319250047207,-0.803631484509
-0.500404715538,0.220524981618,1.30783879757,0.334058523178,-0.375430971384,-0.326007276773,-0.800734519958
-0.500921666622,0.220736145973,1.30777072906,0.336148589849,-0.375770568848,-0.33178037405,-0.797322034836
-0.501825869083,0.220713108778,1.30810773373,0.338919103146,-0.375633209944,-0.337564527988,-0.793778240681
-0.502579629421,0.220798373222,1.30855858326,0.341362476349,-0.375779777765,-0.343357652426,-0.790168762207
-0.502724707127,0.220981627703,1.30784451962,0.343064665794,-0.375493466854,-0.349747180939,-0.786758005619
-0.503332734108,0.221176594496,1.30813896656,0.345936864614,-0.376469910145,-0.354607731104,-0.78284829855
-0.504248797894,0.221105366945,1.30830037594,0.347476750612,-0.375764429569,-0.360471576452,-0.779821395874
-0.504758417606,0.221305787563,1.3082151413,0.349286317825,-0.376148194075,-0.365359604359,-0.776546180248
-0.505180120468,0.221477463841,1.30826115608,0.35093447566,-0.374801665545,-0.372502207756,-0.773052990437
-0.505781412125,0.221484959126,1.30824518204,0.352333158255,-0.374481916428,-0.378189772367,-0.769803345203
-0.506554663181,0.221369057894,1.3081690073,0.353102743626,-0.37400868535,-0.383923023939,-0.766837060452
-0.506867110729,0.221457973123,1.30775332451,0.354339957237,-0.373484373093,-0.389945536852,-0.763475656509
-0.507460772991,0.221382826567,1.30769371986,0.356244117022,-0.373259335756,-0.395374536514,-0.7598990798
-0.508102059364,0.22148296237,1.3076800108,0.358082532883,-0.373022973537,-0.400458276272,-0.756481289864
-0.50874209404,0.221503645182,1.30767452717,0.358807712793,-0.371462792158,-0.406880527735,-0.753472387791
-0.509386301041,0.221509829164,1.30769479275,0.360275119543,-0.370641618967,-0.412536859512,-0.750093281269
-0.510141670704,0.221601486206,1.30773437023,0.363478660583,-0.371796131134,-0.417347759008,-0.745299875736
-0.510774075985,0.221625030041,1.30764961243,0.363066703081,-0.36906850338,-0.423231929541,-0.743536055088
-0.511140584946,0.221855476499,1.30733418465,0.364091485739,-0.368547260761,-0.428725212812,-0.740138411522
-0.511768400669,0.221904814243,1.30728077888,0.365706950426,-0.368076741695,-0.434112906456,-0.736426413059
-0.512823581696,0.221934065223,1.30756676197,0.36742952466,-0.366657048464,-0.439451813698,-0.733103215694
-0.513572752476,0.221847474575,1.30758190155,0.369053006172,-0.365653783083,-0.444084733725,-0.729990363121
-0.514429807663,0.221816241741,1.30783939362,0.370538115501,-0.36470118165,-0.448694765568,-0.726888954639
-0.514903843403,0.222061768174,1.30744147301,0.371633380651,-0.36415836215,-0.453679919243,-0.723499715328
-0.515914261341,0.222067609429,1.3077391386,0.372645884752,-0.362800449133,-0.459343582392,-0.720079302788
-0.516506552696,0.222168833017,1.30748426914,0.373796403408,-0.361992955208,-0.465020060539,-0.716235756874
-0.517339169979,0.222024127841,1.30736351013,0.375239342451,-0.360709160566,-0.468258351088,-0.714015781879
-0.518122375011,0.222213476896,1.30734121799,0.37694555521,-0.359801858664,-0.473440259695,-0.710147082806
-0.518944084644,0.222260355949,1.3073066473,0.378218621016,-0.359008312225,-0.477556377649,-0.707109391689
-0.519772052765,0.222183912992,1.3072322607,0.379730790854,-0.357780635357,-0.481999635696,-0.703899145126
-0.520843863487,0.222081080079,1.30752027035,0.381546020508,-0.356569647789,-0.485820382833,-0.700898885727
-0.521658599377,0.222178682685,1.30745625496,0.383679360151,-0.356165319681,-0.489202976227,-0.697579264641
-0.522303402424,0.222211778164,1.30713176727,0.384280383587,-0.354789584875,-0.493914186954,-0.694623410702
-0.523159146309,0.22233094275,1.30709481239,0.386149078608,-0.354564100504,-0.496868789196,-0.691588401794
-0.523953676224,0.222383022308,1.30702733994,0.387525230646,-0.353868424892,-0.50049072504,-0.688556790352
-0.524795114994,0.222439229488,1.30692470074,0.389142155647,-0.353510856628,-0.504184007645,-0.685125470161
-0.52562212944,0.222478121519,1.30681037903,0.390545874834,-0.352314859629,-0.509393930435,-0.681077003479
-0.526609420776,0.222364351153,1.30674767494,0.392432123423,-0.350951164961,-0.512797832489,-0.678136229515
-0.527352690697,0.222368746996,1.30662691593,0.393710523844,-0.35022354126,-0.515850484371,-0.675450801849
-0.528456628323,0.222337707877,1.30684757233,0.395748347044,-0.349343955517,-0.518175423145,-0.672931134701
-0.529121398926,0.222397431731,1.30647003651,0.396860599518,-0.348864853382,-0.52278393507,-0.668948411942
-0.529882907867,0.222551077604,1.30636334419,0.398788720369,-0.348552793264,-0.52539819479,-0.665909349918
-0.530698299408,0.222549825907,1.30620026588,0.400132417679,-0.347631216049,-0.528092026711,-0.663449585438
-0.531388103962,0.222484230995,1.30602490902,0.401395410299,-0.346944689751,-0.530790388584,-0.66088783741
-0.532124996185,0.222484782338,1.30590820312,0.40191796422,-0.346733182669,-0.528841614723,-0.662242352962
-0.532969653606,0.222381398082,1.3057230711,0.403168857098,-0.346205234528,-0.53076928854,-0.660212695599
-0.533718764782,0.222376704216,1.3056396246,0.40488576889,-0.345555692911,-0.534304797649,-0.656640768051
-0.534504055977,0.2225022614,1.30547058582,0.406561911106,-0.345031946898,-0.536168396473,-0.654357433319
-0.535213291645,0.222458541393,1.30527925491,0.407643854618,-0.344821840525,-0.538326919079,-0.652018845081
-0.535945773125,0.222480148077,1.30514717102,0.409028857946,-0.34482383728,-0.539289414883,-0.650352776051
-0.537053823471,0.222332090139,1.30523681641,0.410926192999,-0.344062298536,-0.540527880192,-0.648529529572
-0.537456870079,0.222281739116,1.30481910706,0.411532521248,-0.344114720821,-0.541269242764,-0.647498130798
-0.538105487823,0.222467184067,1.30471086502,0.41356086731,-0.343978226185,-0.542700111866,-0.645076036453
-0.538706421852,0.222494333982,1.30449390411,0.415018767118,-0.3437936306,-0.544170975685,-0.642995536327
-0.539558589458,0.222392708063,1.30442893505,0.416802614927,-0.343307763338,-0.545407891273,-0.641050457954
-0.540188252926,0.222320497036,1.30431365967,0.418274730444,-0.343294024467,-0.546665608883,-0.639024317265
-0.54065567255,0.222471535206,1.30405175686,0.419426441193,-0.343583405018,-0.547926068306,-0.637031316757
-0.541275262833,0.22246208787,1.30397975445,0.421045839787,-0.343491017818,-0.54898005724,-0.635102570057
-0.541766047478,0.222615391016,1.30386090279,0.422385692596,-0.343775480986,-0.549967110157,-0.633202195168
-0.542545616627,0.222425371408,1.30373108387,0.423990279436,-0.343374848366,-0.550930380821,-0.631507456303
-0.542843341827,0.222473144531,1.30353367329,0.425092250109,-0.34361204505,-0.553386807442,-0.62848263979
-0.543295681477,0.222562909126,1.30342125893,0.426383763552,-0.343827486038,-0.554029762745,-0.626921474934
-0.543788790703,0.222561180592,1.30333971977,0.427559584379,-0.343862891197,-0.553866744041,-0.626244902611
-0.544256091118,0.222467422485,1.30319356918,0.428576141596,-0.343905866146,-0.5546875,-0.624798476696
-0.544728815556,0.222460210323,1.30318665504,0.429991215467,-0.343876183033,-0.556470930576,-0.622251331806
-0.545027017593,0.222458973527,1.30308675766,0.430777192116,-0.344213634729,-0.556174814701,-0.621785879135
-0.545352458954,0.222442448139,1.30302667618,0.431569844484,-0.344386607409,-0.556960582733,-0.620435714722
-0.545687139034,0.222341015935,1.30294919014,0.431971102953,-0.344723790884,-0.557363212109,-0.619606971741
-0.546394169331,0.222227990627,1.30313777924,0.433566898108,-0.344312787056,-0.557736933231,-0.618383347988
-0.546672523022,0.222235932946,1.30310332775,0.434544980526,-0.344288736582,-0.559571623802,-0.616048455238
-0.546916782856,0.222278356552,1.30309271812,0.435261189938,-0.344585418701,-0.558712124825,-0.616157054901
-0.547293305397,0.222424149513,1.30307722092,0.434666544199,-0.346361070871,-0.558010280132,-0.616217136383
-0.547550678253,0.222519293427,1.30302941799,0.434682697058,-0.347338557243,-0.557863593102,-0.615788280964
-0.547727108002,0.222601652145,1.30302965641,0.4353710711,-0.347569525242,-0.558291137218,-0.614783346653
-0.547850966454,0.222471550107,1.30305886269,0.436685860157,-0.347004979849,-0.558735132217,-0.613765478134
-0.547997951508,0.222545206547,1.30303740501,0.437216579914,-0.347271054983,-0.559073925018,-0.612928330898
-0.548164129257,0.222682863474,1.30298626423,0.437557131052,-0.347652256489,-0.559222400188,-0.612333297729
-0.548316836357,0.222623646259,1.30297040939,0.438102066517,-0.347777336836,-0.559348583221,-0.611757040024
-0.548490405083,0.222805351019,1.30287611485,0.437882661819,-0.348525464535,-0.559083938599,-0.611730396748
-0.548614859581,0.222846359015,1.3028498888,0.438185334206,-0.348785430193,-0.559059083462,-0.611387968063
-0.548529207706,0.222950026393,1.30286955833,0.440926939249,-0.347011715174,-0.560064375401,-0.609503269196
-0.548617720604,0.22301068902,1.30285036564,0.441263794899,-0.347248852253,-0.560037136078,-0.60914927721
-0.548714160919,0.222912833095,1.30281960964,0.441283285618,-0.347397595644,-0.560014367104,-0.609071433544
-0.548806965351,0.222966164351,1.30279755592,0.441654711962,-0.347608655691,-0.559630453587,-0.609034538269
-0.548970103264,0.223022073507,1.30277574062,0.441809028387,-0.347684174776,-0.559505581856,-0.608994364738
-0.549085080624,0.222994595766,1.30276381969,0.442018687725,-0.347681581974,-0.559484243393,-0.608863294125
-0.549150466919,0.223047047853,1.30273866653,0.442232012749,-0.347954541445,-0.559027194977,-0.608972251415
-0.549181520939,0.223129495978,1.30268573761,0.442230194807,-0.348231106997,-0.558718919754,-0.60909819603
-0.549250602722,0.223200529814,1.30267310143,0.442066967487,-0.348512202501,-0.558521032333,-0.609237492085
-0.549295246601,0.22335767746,1.30265569687,0.442201048136,-0.348781526089,-0.558167695999,-0.609309911728
-0.549310028553,0.223446071148,1.30262994766,0.442238807678,-0.34913533926,-0.557608425617,-0.609591841698
-0.549361646175,0.223523318768,1.30261039734,0.442306369543,-0.349215865135,-0.557231843472,-0.609841108322
-0.549377918243,0.223703414202,1.30259776115,0.442300438881,-0.349613398314,-0.5567522645,-0.610055565834
-0.549463927746,0.223582372069,1.30259978771,0.442162334919,-0.34954354167,-0.556291341782,-0.610616028309
-0.549488782883,0.223761796951,1.30258846283,0.441901683807,-0.349955737591,-0.555986464024,-0.610846281052
-0.549524009228,0.223993897438,1.30256032944,0.441960275173,-0.350416779518,-0.555243968964,-0.611214578152
-0.549552023411,0.224088847637,1.30255401134,0.442069470882,-0.350436538458,-0.554956376553,-0.611385405064
-0.549563705921,0.224202722311,1.30252337456,0.44184538722,-0.350634723902,-0.554703176022,-0.611663460732
-0.549609899521,0.224297508597,1.30252766609,0.441844522953,-0.350765764713,-0.554285764694,-0.611967504025
-0.549625694752,0.224457889795,1.30251419544,0.441684901714,-0.351181894541,-0.553589820862,-0.612473845482
-0.549664318562,0.224520176649,1.30248320103,0.441495716572,-0.351283609867,-0.553169071674,-0.612931847572
-0.549715638161,0.224592149258,1.30248761177,0.441390484571,-0.351463496685,-0.552681565285,-0.6133441329
-0.549767136574,0.224611476064,1.30246555805,0.441316068172,-0.351529836655,-0.552248418331,-0.613749682903
-0.549797713757,0.224713504314,1.30244636536,0.44114241004,-0.351695775986,-0.5517770648,-0.61420327425
-0.549795567989,0.224906384945,1.30241894722,0.44126611948,-0.3520437181,-0.550896286964,-0.614705502987
-0.549807727337,0.224975675344,1.30240929127,0.441521644592,-0.352214694023,-0.551261305809,-0.614096343517
-0.549380481243,0.225285589695,1.30212950706,0.44040864706,-0.353197455406,-0.55017387867,-0.615305185318
-0.549392342567,0.225323185325,1.30207192898,0.440347224474,-0.353265762329,-0.549487471581,-0.61592310667
-0.549355208874,0.225531518459,1.30205619335,0.440171927214,-0.353589087725,-0.549097597599,-0.616210222244
-0.549334764481,0.225628197193,1.30204021931,0.440142571926,-0.353746891022,-0.548438727856,-0.616727352142
-0.549320399761,0.225702986121,1.30204415321,0.440100461245,-0.353891134262,-0.548824906349,-0.616331040859
-0.549293100834,0.225813865662,1.30203545094,0.439737230539,-0.354042261839,-0.548546493053,-0.616751194
-0.549263596535,0.225970581174,1.30203437805,0.439603894949,-0.354352653027,-0.546782195568,-0.618232965469
-0.549189150333,0.226060003042,1.3019913435,0.43917927146,-0.354593902826,-0.546445846558,-0.618693470955
-0.549167454243,0.226204991341,1.30201733112,0.438962638378,-0.354960441589,-0.545638501644,-0.619349360466
-0.549141764641,0.226179331541,1.30202186108,0.438805043697,-0.355239421129,-0.545858561993,-0.619106948376
-0.549164354801,0.226184695959,1.30202126503,0.438015282154,-0.355754464865,-0.544050931931,-0.620958924294
-0.549164354801,0.226184695959,1.30202126503,0.438015282154,-0.355754464865,-0.544050931931,-0.620958924294
-0.549169063568,0.226543158293,1.30198156834,0.436330109835,-0.357732146978,-0.542039036751,-0.622765958309
-0.549134373665,0.226591736078,1.30202329159,0.435952216387,-0.357922017574,-0.541692614555,-0.623222649097
-0.549032270908,0.226772397757,1.3020170927,0.435866385698,-0.358212679625,-0.542238116264,-0.622641324997
-0.548774898052,0.226832926273,1.30202889442,0.437139451504,-0.356785178185,-0.541983008385,-0.622790455818
-0.548704743385,0.226955011487,1.30200684071,0.436979085207,-0.356987982988,-0.541595935822,-0.623123347759
-0.548639416695,0.22712495923,1.30200743675,0.436785489321,-0.357305914164,-0.541152834892,-0.623461544514
-0.548521578312,0.227227464318,1.30195903778,0.436401546001,-0.357659041882,-0.540777444839,-0.623853862286
-0.548445761204,0.227342113853,1.30200099945,0.436198502779,-0.358000218868,-0.540212869644,-0.624289035797
-0.548360288143,0.22756524384,1.30197477341,0.436264544725,-0.358290910721,-0.540739119053,-0.623620033264
-0.548300921917,0.227651417255,1.30194270611,0.435848653316,-0.358537137508,-0.539409041405,-0.624919950962
-0.548199534416,0.22770062089,1.30189049244,0.435539156199,-0.358774483204,-0.539178550243,-0.625198423862
-0.548151671886,0.227845430374,1.30182135105,0.435283273458,-0.359074145555,-0.538803517818,-0.625527799129
-0.54833316803,0.227992728353,1.30179560184,0.43321532011,-0.361166238785,-0.537077963352,-0.627240717411
-0.54829710722,0.228126704693,1.30178463459,0.433088004589,-0.361358314753,-0.536784768105,-0.627468705177
-0.548074781895,0.228130340576,1.30175948143,0.434401750565,-0.360065698624,-0.538623094559,-0.625725924969
-0.548043191433,0.22825871408,1.30175125599,0.434185653925,-0.360335916281,-0.53826469183,-0.626028716564
-0.547995626926,0.228359296918,1.30174016953,0.434009075165,-0.360527217388,-0.53801202774,-0.626258194447
-0.547910511494,0.228513330221,1.30174326897,0.433868288994,-0.36079236865,-0.537765800953,-0.626414418221
-0.547903239727,0.228622704744,1.30176508427,0.433750033379,-0.36095058918,-0.537476241589,-0.62665361166
-0.547884643078,0.228730127215,1.30178570747,0.433600485325,-0.361058026552,-0.537276089191,-0.626866936684
-0.547824442387,0.228858098388,1.30178773403,0.433254480362,-0.361312389374,-0.536006450653,-0.62804543972
-0.547718942165,0.228981494904,1.30174076557,0.432955294847,-0.361608505249,-0.535861730576,-0.628204762936
-0.547679781914,0.229104220867,1.3017513752,0.4328122437,-0.361735314131,-0.535737097263,-0.628336548805
-0.547642827034,0.229223102331,1.30176055431,0.432598948479,-0.361966371536,-0.53554469347,-0.628514528275
-0.547606706619,0.229342535138,1.30176568031,0.432392448187,-0.362148702145,-0.535380780697,-0.628691136837
-0.547888815403,0.229391932487,1.30204582214,0.432710826397,-0.361896008253,-0.53511428833,-0.628844499588
-0.547842264175,0.229497909546,1.30205488205,0.432477504015,-0.362070560455,-0.534949421883,-0.629044771194
-0.54778689146,0.229665204883,1.30206263065,0.43227237463,-0.36234125495,-0.534741282463,-0.629206836224
-0.547740936279,0.229781210423,1.30206561089,0.432212948799,-0.362502604723,-0.535702109337,-0.628336846828
-0.547704339027,0.229891240597,1.3020761013,0.431949049234,-0.362733244896,-0.535506844521,-0.628551781178
-0.547651767731,0.22999958694,1.30210042,0.431760013103,-0.362926453352,-0.535366117954,-0.628689706326
-0.547259569168,0.230208754539,1.3018450737,0.430867284536,-0.363557338715,-0.535784900188,-0.628580987453
-0.547211825848,0.230299413204,1.30191242695,0.430659353733,-0.363711774349,-0.535629987717,-0.62876611948
-0.547099173069,0.23039637506,1.30190598965,0.430283874273,-0.364057570696,-0.535188674927,-0.629198610783
-0.547056376934,0.230506137013,1.30192434788,0.42995980382,-0.364249676466,-0.533517897129,-0.63072603941
-0.547351837158,0.230477064848,1.30221033096,0.430300086737,-0.363876134157,-0.533146381378,-0.631023705006
-0.547313630581,0.230567649007,1.30223703384,0.430047243834,-0.363992512226,-0.532993972301,-0.631257534027
-0.547245323658,0.23074272275,1.30226147175,0.429920732975,-0.364052325487,-0.534267544746,-0.630231976509
-0.547201395035,0.230874940753,1.30229079723,0.429662019014,-0.364134520292,-0.534170687199,-0.630442857742
-0.547107338905,0.230932593346,1.30234313011,0.429648071527,-0.364053994417,-0.533991873264,-0.63065046072
-0.547070741653,0.231003388762,1.30236279964,0.429347485304,-0.363981425762,-0.534097790718,-0.630807340145
-0.547047972679,0.231043443084,1.30239570141,0.428799927235,-0.363908320665,-0.533052027225,-0.63210517168
-0.547009766102,0.231116607785,1.30242049694,0.428471833467,-0.363854795694,-0.533144593239,-0.632280290127
-0.546987473965,0.231194555759,1.30245828629,0.428344130516,-0.363799393177,-0.534254908562,-0.63146096468
-0.546956837177,0.231258556247,1.30249929428,0.427652865648,-0.363668560982,-0.532908856869,-0.633140265942
-0.546934485435,0.231327131391,1.30254411697,0.427414745092,-0.363651901484,-0.532914042473,-0.633306026459
-0.546604633331,0.231474846601,1.30233812332,0.426648229361,-0.364043086767,-0.533177912235,-0.633376121521
-0.546735703945,0.23150023818,1.30244195461,0.426759332418,-0.363650411367,-0.533192396164,-0.633514463902
-0.546897232533,0.231690853834,1.30251431465,0.425170898438,-0.364874213934,-0.533407926559,-0.63369756937
-0.546881556511,0.231763824821,1.30254793167,0.425045847893,-0.364996641874,-0.532984137535,-0.634067475796
-0.546871960163,0.231832697988,1.30258381367,0.42489746213,-0.364919006824,-0.532972931862,-0.634220898151
-0.546729564667,0.231962621212,1.30260741711,0.424377173185,-0.36513236165,-0.53198993206,-0.635270893574
-0.546727836132,0.23201996088,1.30264651775,0.424189060926,-0.365118443966,-0.531955659389,-0.635433018208
-0.546724557877,0.232076346874,1.30267500877,0.423981249332,-0.365143597126,-0.531822860241,-0.635668635368
-0.546714663506,0.232122018933,1.30268657207,0.423779696226,-0.365104436874,-0.531833767891,-0.635816276073
-0.546698987484,0.232167199254,1.30268275738,0.423570871353,-0.365011721849,-0.531913340092,-0.635942041874
-0.546689629555,0.232208162546,1.30267298222,0.423284828663,-0.364936619997,-0.531976699829,-0.636122703552
-0.546810150146,0.232237815857,1.30268859863,0.422918438911,-0.364416688681,-0.53180295229,-0.636809289455
-0.546782016754,0.232227534056,1.30265069008,0.422946661711,-0.364376246929,-0.533156812191,-0.635680615902
-0.546753704548,0.23229713738,1.30264377594,0.421640008688,-0.363536626101,-0.53260499239,-0.637489259243
-0.546506106853,0.232395291328,1.30257725716,0.420919209719,-0.363618016243,-0.533081710339,-0.637520968914
-0.546490728855,0.232404723763,1.30259680748,0.420430928469,-0.363352775574,-0.53339266777,-0.637734115124
-0.546465992928,0.232422173023,1.30262553692,0.420009940863,-0.363032400608,-0.533800601959,-0.637852668762
-0.546445846558,0.232433527708,1.30264425278,0.420112460852,-0.362858653069,-0.535851836205,-0.636161983013
-0.546443045139,0.232449531555,1.30268001556,0.419468522072,-0.362324595451,-0.536160469055,-0.636631071568
-0.546435832977,0.232458770275,1.30272495747,0.419129788876,-0.361829161644,-0.536565363407,-0.636794805527
-0.546436846256,0.232464358211,1.30276656151,0.418454289436,-0.361294865608,-0.537305891514,-0.636918008327
-0.546394705772,0.232439801097,1.30287408829,0.417304098606,-0.360713928938,-0.535683691502,-0.639363586903
-0.546389579773,0.232441753149,1.30292379856,0.416547328234,-0.36005333066,-0.536006391048,-0.639958620071
-0.546384871006,0.232478916645,1.30298280716,0.416184961796,-0.359589457512,-0.536410152912,-0.640117049217
-0.546382367611,0.232480496168,1.30303633213,0.415748208761,-0.359112411737,-0.536948621273,-0.640217006207
-0.546406984329,0.232406005263,1.30309784412,0.415238052607,-0.358562737703,-0.537804305553,-0.640138030052
-0.546401143074,0.232396677136,1.30313181877,0.414537638426,-0.357827663422,-0.538472592831,-0.640441536903
-0.546398758888,0.232423335314,1.30318319798,0.414100497961,-0.357364445925,-0.539140582085,-0.640420794487
-0.546401202679,0.232420533895,1.30323255062,0.413647502661,-0.356846481562,-0.540096342564,-0.64019715786
-0.546387434006,0.232387930155,1.3032617569,0.413420110941,-0.356392711401,-0.541044890881,-0.639795839787
-0.546408772469,0.232377767563,1.30330872536,0.412843704224,-0.355702310801,-0.541694581509,-0.640002131462
-0.546401441097,0.232409462333,1.30333256721,0.412627756596,-0.355352967978,-0.542289376259,-0.639831960201
-0.546413302422,0.232394486666,1.30336511135,0.412423759699,-0.354909300804,-0.542755186558,-0.639814794064
-0.546419918537,0.232351645827,1.30337548256,0.412126451731,-0.354481816292,-0.543542802334,-0.63957464695
-0.546413004398,0.23234243691,1.30339396,0.412106484175,-0.354000806808,-0.544571578503,-0.638978421688
-0.546468138695,0.232325464487,1.30342042446,0.412116676569,-0.353604972363,-0.545642137527,-0.638277292252
-0.546397864819,0.232327759266,1.30340230465,0.411961019039,-0.353400290012,-0.546449661255,-0.63780015707
-0.546472251415,0.232325300574,1.30341899395,0.412015259266,-0.35302144289,-0.547410845757,-0.637150466442
-0.546486616135,0.232329457998,1.30341351032,0.412160485983,-0.352831184864,-0.548731029034,-0.636025309563
-0.546334266663,0.232208579779,1.30339324474,0.413501381874,-0.351069957018,-0.55066037178,-0.634460151196
-0.546524524689,0.232371985912,1.30336201191,0.412273913622,-0.352445155382,-0.550464451313,-0.634666383266
-0.546389698982,0.232243448496,1.30334019661,0.413820356131,-0.350694745779,-0.552492439747,-0.632864892483
-0.546674013138,0.232298076153,1.30325269699,0.412406891584,-0.352208197117,-0.551841616631,-0.633514523506
-0.546599090099,0.232154503465,1.3032258749,0.414212137461,-0.350536435843,-0.554129421711,-0.631263077259
-0.546665728092,0.232142388821,1.30318069458,0.414335936308,-0.350478947163,-0.554988920689,-0.630458235741
-0.546786665916,0.232142537832,1.30305588245,0.416260540485,-0.350801408291,-0.559970498085,-0.624578595161
-0.546873033047,0.232107281685,1.30299568176,0.415119439363,-0.350139141083,-0.556631565094,-0.628680944443
-0.546950042248,0.23209887743,1.30288612843,0.415443867445,-0.350034236908,-0.557256340981,-0.627971291542
-0.547012746334,0.232139736414,1.30281579494,0.417362987995,-0.350486636162,-0.562368154526,-0.62185972929
-0.546893417835,0.232153892517,1.30243051052,0.4157795012,-0.350024014711,-0.559028983116,-0.626176774502
-0.547011435032,0.232113420963,1.30234146118,0.416173219681,-0.350008636713,-0.559827506542,-0.625209510326
-0.547449588776,0.232078298926,1.30258488655,0.417441874743,-0.349813640118,-0.560205221176,-0.624133646488
-0.547592818737,0.232065498829,1.30249476433,0.417897194624,-0.34969958663,-0.560564994812,-0.623569667339
-0.547750651836,0.232063695788,1.30240523815,0.4183383286,-0.349525123835,-0.561008632183,-0.622972249985
-0.547940909863,0.232202887535,1.30222785473,0.418904364109,-0.349717885256,-0.561514616013,-0.622027277946
-0.548090279102,0.232301682234,1.30216908455,0.419823616743,-0.349286019802,-0.561997592449,-0.621213495731
-0.548240184784,0.232161164284,1.30203270912,0.420260936022,-0.348944365978,-0.562430560589,-0.620717704296
-0.548475682735,0.23228918016,1.30198955536,0.420877456665,-0.349034160376,-0.562563657761,-0.620128691196
-0.548607170582,0.232252687216,1.30193245411,0.421313047409,-0.34879386425,-0.562990307808,-0.619580566883
-0.548825621605,0.232236593962,1.30187785625,0.42190694809,-0.348688423634,-0.563683092594,-0.618605077267
-0.549017727375,0.232201516628,1.30180752277,0.422386556864,-0.348439663649,-0.563825011253,-0.618288636208
-0.549299776554,0.232075959444,1.30171215534,0.422757595778,-0.3479398489,-0.563938856125,-0.61821269989
-0.549525022507,0.232043623924,1.30163609982,0.423260003328,-0.347661852837,-0.564308285713,-0.617687880993
-0.549760103226,0.232010304928,1.30161237717,0.423781484365,-0.347400873899,-0.564353823662,-0.617435514927
-0.549962699413,0.231987223029,1.30156064034,0.424325942993,-0.34720903635,-0.564270496368,-0.617245733738
-0.550145566463,0.231969505548,1.30151116848,0.424709111452,-0.347007542849,-0.564278244972,-0.617088377476
-0.550519049168,0.231985300779,1.30145335197,0.423503428698,-0.348705232143,-0.563216328621,-0.617929637432
-0.550465524197,0.231978386641,1.30141544342,0.425487846136,-0.346821904182,-0.564556121826,-0.616401612759
-0.550922393799,0.231966376305,1.3013459444,0.424236267805,-0.348302096128,-0.563144385815,-0.617719829082
-0.550860583782,0.23192410171,1.3012958765,0.426182150841,-0.346404016018,-0.564411818981,-0.616289317608
-0.55124270916,0.23192755878,1.30118370056,0.424694448709,-0.347889184952,-0.563473522663,-0.617337167263
-0.551467180252,0.231886804104,1.30116510391,0.42513307929,-0.347569197416,-0.563532829285,-0.617161631584
-0.551626384258,0.231870800257,1.30112051964,0.425325095654,-0.347328007221,-0.563672661781,-0.617037177086
-0.55179131031,0.231812268496,1.30108642578,0.425818920135,-0.347218304873,-0.563702821732,-0.616730749607
-0.551949560642,0.231802374125,1.30106163025,0.425955832005,-0.346997916698,-0.563809096813,-0.61666315794
-0.552204012871,0.231761068106,1.30105650425,0.426351219416,-0.346618533134,-0.563667654991,-0.616732537746
-0.552353441715,0.231740280986,1.301019907,0.426461279392,-0.346327245235,-0.563818871975,-0.616681814194
-0.552539288998,0.231858611107,1.30100297928,0.427203297615,-0.346426427364,-0.563247084618,-0.616635084152
-0.55250954628,0.231724008918,1.30099844933,0.428722292185,-0.344605028629,-0.564405322075,-0.61554145813
-0.552650809288,0.231696993113,1.30097532272,0.428880035877,-0.344319522381,-0.564496994019,-0.615507185459
-0.552780747414,0.231663271785,1.30096244812,0.42900955677,-0.344003260136,-0.564626455307,-0.615475177765
-0.552907705307,0.231634914875,1.30094373226,0.428763061762,-0.343499064445,-0.565147519112,-0.615450263023
-0.553339958191,0.231462955475,1.30099391937,0.429153472185,-0.342693477869,-0.565216839314,-0.615563631058
-0.553284943104,0.231463968754,1.30089581013,0.428924709558,-0.342179656029,-0.568175852299,-0.61328047514
-0.553601384163,0.231495440006,1.30095422268,0.429461181164,-0.341672599316,-0.567068934441,-0.614211440086
-0.553553819656,0.231540873647,1.30083394051,0.429263979197,-0.341474056244,-0.567560076714,-0.61400604248
-0.553667247295,0.231480568647,1.30082035065,0.42915853858,-0.340891748667,-0.567860543728,-0.614125669003
-0.553808033466,0.231439679861,1.30086636543,0.4293217659,-0.340515732765,-0.56808578968,-0.614011824131
-0.553927779198,0.231412053108,1.30087983608,0.429325312376,-0.340076386929,-0.568448841572,-0.613916635513
-0.55397105217,0.231597661972,1.30090844631,0.429705321789,-0.339690685272,-0.5688611269,-0.613482415676
-0.554084658623,0.231442451477,1.30094075203,0.429533660412,-0.33918300271,-0.569248259068,-0.613524198532
-0.554590165615,0.231297194958,1.30124413967,0.43020427227,-0.338264018297,-0.569204926491,-0.613602101803
-0.554691851139,0.231296882033,1.30128359795,0.430292993784,-0.337868481874,-0.569674968719,-0.613321423531
-0.554467499256,0.231483832002,1.30105829239,0.429766923189,-0.337909907103,-0.570230424404,-0.613151311874
-0.554787158966,0.231508642435,1.30109965801,0.428200274706,-0.339284747839,-0.569184958935,-0.614458203316
-0.554882466793,0.231481835246,1.3011380434,0.428171217442,-0.338880777359,-0.569379985332,-0.614520728588
-0.555111408234,0.231323808432,1.30146610737,0.430336207151,-0.336387276649,-0.569688737392,-0.614092111588
-0.55519080162,0.231283068657,1.30150878429,0.430337250233,-0.336074560881,-0.569831550121,-0.614130198956
-0.555322706699,0.231133103371,1.30156028271,0.430250227451,-0.335661053658,-0.56946593523,-0.614756047726
-0.555436789989,0.23107033968,1.30161440372,0.430073261261,-0.335115849972,-0.570048987865,-0.614636957645
-0.555540978909,0.231048077345,1.30165791512,0.430073797703,-0.334845989943,-0.569762766361,-0.615048587322
-0.555637359619,0.231013655663,1.30171072483,0.430083632469,-0.334633767605,-0.569283485413,-0.61560100317
-0.555637896061,0.231010094285,1.30159699917,0.429881393909,-0.334693014622,-0.567702770233,-0.617167770863
-0.555732607841,0.23108369112,1.30168533325,0.429784685373,-0.334730893373,-0.566521286964,-0.618299365044
-0.555668473244,0.231078073382,1.30172264576,0.429513305426,-0.334860354662,-0.565308153629,-0.619526803493
-0.555865585804,0.231054008007,1.30184149742,0.429873675108,-0.334964305162,-0.563291847706,-0.621055305004
-0.556021094322,0.231040090322,1.30197203159,0.429860115051,-0.334972769022,-0.56099241972,-0.623138189316
-0.55620855093,0.230969548225,1.30210876465,0.431708008051,-0.335907995701,-0.561863720417,-0.62056684494
-0.556626021862,0.230808317661,1.30234003067,0.430473566055,-0.334976792336,-0.555563390255,-0.627560675144
-0.55690997839,0.230720639229,1.30246508121,0.430878609419,-0.33516612649,-0.552410185337,-0.629960715771
-0.557113707066,0.230651021004,1.30255508423,0.432801961899,-0.336117774248,-0.553388595581,-0.627270638943
-0.557496368885,0.230551123619,1.3028396368,0.433464020491,-0.336429983377,-0.549465715885,-0.63008838892
-0.557655096054,0.230469286442,1.30285727978,0.433246791363,-0.336745977402,-0.546129107475,-0.632963240147
-0.557806313038,0.230376213789,1.30282592773,0.433467805386,-0.337307929993,-0.54221278429,-0.635872781277
-0.557917058468,0.230272725224,1.30278265476,0.432008653879,-0.337230324745,-0.533760130405,-0.644006490707
-0.558049559593,0.230129778385,1.30273711681,0.431532591581,-0.337429404259,-0.530216157436,-0.647141396999
-0.558324456215,0.230134963989,1.3026471138,0.430033117533,-0.339884132147,-0.525014042854,-0.651084125042
-0.558093011379,0.230124518275,1.30224514008,0.429706811905,-0.340774446726,-0.5216345191,-0.65354591608
-0.558156847954,0.229801625013,1.30219531059,0.430494695902,-0.339005857706,-0.517618894577,-0.657130122185
-0.558304727077,0.229739367962,1.3021043539,0.430349141359,-0.33922201395,-0.514011442661,-0.65993976593
-0.558580935001,0.229775652289,1.30198824406,0.429824054241,-0.34150120616,-0.507034540176,-0.66448789835
-0.558538556099,0.229726850986,1.30195617676,0.434251874685,-0.341318964958,-0.500332653522,-0.666778802872
-0.558677971363,0.229642793536,1.30192351341,0.43397256732,-0.341528296471,-0.495572894812,-0.670398235321
-0.558774650097,0.229560106993,1.30192506313,0.433923512697,-0.341880112886,-0.49062499404,-0.673880875111
-0.559264600277,0.229267627001,1.30218017101,0.433615267277,-0.342004984617,-0.485360741615,-0.677816510201
-0.559253156185,0.229110240936,1.30217719078,0.431089967489,-0.341351479292,-0.483409315348,-0.681143164635
-0.559341132641,0.228920638561,1.30217158794,0.430783241987,-0.341643184423,-0.47785192728,-0.685101032257
-0.559618651867,0.228991284966,1.30216908455,0.427812546492,-0.343794196844,-0.47099712491,-0.690611124039
-0.559051156044,0.228772655129,1.30195808411,0.428909569979,-0.342447191477,-0.467581123114,-0.692917346954
-0.559557974339,0.228665173054,1.30226945877,0.426973193884,-0.343597024679,-0.460687845945,-0.698141694069
-0.559020340443,0.228619337082,1.30205905437,0.427576392889,-0.342633485794,-0.456602454185,-0.700924396515
-0.559396862984,0.228427276015,1.30216550827,0.424910366535,-0.343773812056,-0.449627876282,-0.706474065781
-0.55942773819,0.228432163596,1.3021967411,0.422734618187,-0.344584524632,-0.44343277812,-0.711283564568
-0.5590929389,0.228101313114,1.30231022835,0.423663645983,-0.342459917068,-0.44003289938,-0.713863611221
-0.558843553066,0.227952972054,1.30234241486,0.422895103693,-0.342210680246,-0.434330642223,-0.717919588089
-0.558844447136,0.227732807398,1.30240607262,0.421084046364,-0.3422704041,-0.427952110767,-0.722769796848
-0.558673381805,0.227729544044,1.30254304409,0.419488728046,-0.342458993196,-0.421508967876,-0.727379798889
-0.55862736702,0.227569907904,1.30269134045,0.416527092457,-0.343536496162,-0.417306631804,-0.730987727642
-0.558307349682,0.227641940117,1.30282926559,0.414962142706,-0.341529816389,-0.412790745497,-0.735368967056
-0.558727025986,0.227208688855,1.30324280262,0.415551543236,-0.340753138065,-0.402432501316,-0.741115570068
-0.558494031429,0.227246567607,1.30340135098,0.413701891899,-0.340614378452,-0.396026521921,-0.745651245117
-0.558407008648,0.227129459381,1.30356299877,0.411513119936,-0.340406119823,-0.389483571053,-0.750388741493
-0.558180034161,0.227178543806,1.30391037464,0.410872280598,-0.339489430189,-0.38374581933,-0.754102110863
-0.557642817497,0.22710365057,1.30380117893,0.408326029778,-0.339245647192,-0.377683550119,-0.758641839027
-0.557684242725,0.22670686245,1.30409264565,0.405717134476,-0.338755726814,-0.371112018824,-0.76348811388
-0.55728417635,0.226688057184,1.30428206921,0.403280794621,-0.33857139945,-0.364959985018,-0.767813920975
-0.557012021542,0.226637482643,1.3046156168,0.401488602161,-0.338059693575,-0.35884848237,-0.771848618984
-0.556830883026,0.226603120565,1.30485975742,0.399335920811,-0.337657630444,-0.352271705866,-0.77615904808
-0.556599259377,0.226522654295,1.30514276028,0.397053271532,-0.337046831846,-0.346199423075,-0.780316770077
-0.556349098682,0.226323515177,1.30541455746,0.394142210484,-0.336569935083,-0.339849799871,-0.784776926041
-0.556090414524,0.226197391748,1.30569827557,0.392091214657,-0.336029082537,-0.33441901207,-0.788360953331
-0.555620491505,0.22649499774,1.30601799488,0.389829784632,-0.335860967636,-0.328455924988,-0.792052328587
-0.555191814899,0.22630572319,1.30636262894,0.388074070215,-0.335045903921,-0.323351532221,-0.795353114605
-0.554789125919,0.226203426719,1.3066136837,0.385530024767,-0.334464251995,-0.317674338818,-0.799114048481
-0.554812788963,0.225879460573,1.30712509155,0.382977724075,-0.333692699671,-0.311536431313,-0.803070545197
-0.553430318832,0.225976109505,1.30626237392,0.379334449768,-0.333711534739,-0.307070702314,-0.806504547596
-0.553687989712,0.225773274899,1.30727732182,0.377627640963,-0.332741677761,-0.300859868526,-0.810039401054
-0.553338229656,0.225373893976,1.30759608746,0.375174760818,-0.332058191299,-0.295702517033,-0.813351869583
-0.553945481777,0.225292608142,1.30839562416,0.37432089448,-0.330940544605,-0.289372563362,-0.816471517086
-0.554094612598,0.225248783827,1.30845069885,0.372941643,-0.329400509596,-0.283990651369,-0.819609105587
-0.551972091198,0.224841415882,1.30932700634,0.367749452591,-0.331808447838,-0.279780656099,-0.822427093983
-0.551680743694,0.224656388164,1.3088657856,0.365605890751,-0.330329746008,-0.275256663561,-0.825498759747
-0.551154434681,0.224766865373,1.30907130241,0.36313521862,-0.330172389746,-0.269919782877,-0.828409552574
-0.550611674786,0.224568039179,1.3093252182,0.360760331154,-0.329600125551,-0.265564113855,-0.831078529358
-0.550188422203,0.224163800478,1.30955719948,0.358460575342,-0.328990131617,-0.260686010122,-0.83385515213
-0.549553334713,0.224250972271,1.30980110168,0.356087237597,-0.329301118851,-0.256254434586,-0.836119890213
-0.549027323723,0.223810702562,1.31002879143,0.353633463383,-0.328801780939,-0.252592295408,-0.838468790054
-0.548339426517,0.223480835557,1.31051003933,0.351317852736,-0.328992307186,-0.248229816556,-0.840667486191
-0.547892212868,0.22353553772,1.3107663393,0.349691450596,-0.329012006521,-0.243683263659,-0.842665612698
-0.54745644331,0.223131224513,1.31098616123,0.347617655993,-0.328539997339,-0.240331143141,-0.844668209553
-0.546855270863,0.222964674234,1.31120347977,0.345788359642,-0.328733175993,-0.236453205347,-0.846436500549
-0.546311497688,0.223052561283,1.31148338318,0.344199985266,-0.328977972269,-0.232912167907,-0.84796923399
-0.545819222927,0.222581028938,1.31170403957,0.342182666063,-0.329204887152,-0.230305999517,-0.849408209324
-0.545317411423,0.222421377897,1.31193816662,0.340972721577,-0.329635739326,-0.227036133409,-0.850607097149
-0.544998288155,0.2222032547,1.31251704693,0.339686185122,-0.329955875874,-0.2238253057,-0.851847827435
-0.544373691082,0.222004592419,1.31244432926,0.338311463594,-0.330411851406,-0.221393063664,-0.852853119373
-0.543704032898,0.222000494599,1.31263399124,0.337522506714,-0.330983638763,-0.219785600901,-0.85335958004
-0.54319524765,0.221672952175,1.3126155138,0.336455494165,-0.331919461489,-0.217462494969,-0.854012429714
-0.542798817158,0.221370011568,1.31277215481,0.336146980524,-0.332040458918,-0.215287968516,-0.854637563229
-0.542119622231,0.221118420362,1.3124114275,0.335958242416,-0.332622677088,-0.214062303305,-0.854793250561
-0.541498422623,0.221238732338,1.31263208389,0.334779560566,-0.334295362234,-0.212920695543,-0.854888319969
-0.541003644466,0.220826148987,1.31264555454,0.334261238575,-0.335224241018,-0.211830034852,-0.854998409748
-0.540495038033,0.220570921898,1.31266725063,0.334006011486,-0.336308121681,-0.210716366768,-0.854947686195
-0.539944708347,0.220158070326,1.31289362907,0.334036409855,-0.337686926126,-0.210695743561,-0.854397237301
-0.539754033089,0.219922795892,1.31346416473,0.334606677294,-0.338966220617,-0.21076348424,-0.853650450706
-0.539395570755,0.219873994589,1.31355261803,0.334651499987,-0.340454250574,-0.210311546922,-0.853152036667
-0.539056241512,0.219632804394,1.31359744072,0.335589200258,-0.342145472765,-0.210115328431,-0.852154910564
-0.538751840591,0.219408065081,1.31362640858,0.336005210876,-0.343267977238,-0.210487008095,-0.85144752264
-0.538568258286,0.218942821026,1.31360793114,0.335969805717,-0.34421685338,-0.211309239268,-0.85087454319
-0.538464546204,0.218589708209,1.3139783144,0.336320519447,-0.345809876919,-0.211986958981,-0.849920868874
-0.538082420826,0.218518704176,1.31344878674,0.337081700563,-0.346819639206,-0.212529793382,-0.849071979523
-0.537651777267,0.218436509371,1.31333935261,0.338113605976,-0.348233878613,-0.213418185711,-0.847858965397
-0.537527024746,0.21805331111,1.31317079067,0.339371144772,-0.348744601011,-0.215173453093,-0.846702337265
-0.537399590015,0.217840880156,1.3129979372,0.339861303568,-0.349657565355,-0.215257912874,-0.84610748291
-0.537441909313,0.217587530613,1.31280243397,0.34056442976,-0.350544035435,-0.21580581367,-0.84531801939
-0.537132680416,0.217497557402,1.31210613251,0.34060561657,-0.351123631001,-0.216663315892,-0.844841480255
-0.537308335304,0.217272132635,1.31224954128,0.34147760272,-0.351861506701,-0.217085450888,-0.844073712826
-0.536988914013,0.217025533319,1.31172406673,0.341722935438,-0.352590858936,-0.218174681067,-0.843389034271
-0.536818623543,0.216877356172,1.3115645647,0.342280507088,-0.353389114141,-0.219394281507,-0.842511951923
-0.536854863167,0.216741830111,1.31165349483,0.342929780483,-0.354303270578,-0.220085188746,-0.841683328152
-0.536434054375,0.216616615653,1.3112231493,0.343623757362,-0.355334162712,-0.221612662077,-0.840564250946
-0.536386847496,0.216449692845,1.31107652187,0.34420222044,-0.356088429689,-0.222858399153,-0.839678525925
-0.536357164383,0.216293975711,1.31094670296,0.344448000193,-0.356895744801,-0.223387256265,-0.839094221592
-0.536543190479,0.215917408466,1.31079888344,0.344434022903,-0.357291132212,-0.224287644029,-0.838691353798
-0.536560952663,0.215659856796,1.31071817875,0.34541207552,-0.357257753611,-0.225677475333,-0.837930262089
-0.536489784718,0.215629845858,1.31064665318,0.345387428999,-0.358186483383,-0.22617316246,-0.837410151958
-0.536281108856,0.215587362647,1.31064295769,0.346270948648,-0.358968496323,-0.228491723537,-0.836079895496
-0.536388576031,0.215264678001,1.31054699421,0.346262305975,-0.359279751778,-0.229606568813,-0.835644245148
-0.536603033543,0.21502032876,1.3108946085,0.3469145298,-0.35995143652,-0.23116093874,-0.834655582905
-0.536542832851,0.214820355177,1.31085014343,0.346939623356,-0.360589087009,-0.232850968838,-0.833899736404
-0.536406219006,0.214746534824,1.31080973148,0.346929162741,-0.361189335585,-0.233652740717,-0.833419978619
-0.536175847054,0.214652612805,1.31086099148,0.348110437393,-0.361806482077,-0.236153066158,-0.831953644753
-0.536137759686,0.214586943388,1.31086242199,0.348166048527,-0.362311512232,-0.237975552678,-0.831191003323
-0.536122858524,0.214302897453,1.31087529659,0.349049866199,-0.362608522177,-0.239985212684,-0.830112218857
-0.536190569401,0.214161098003,1.31093764305,0.349738568068,-0.363067299128,-0.241897046566,-0.82906627655
-0.536183774471,0.214032426476,1.31095314026,0.349773108959,-0.363740503788,-0.243785589933,-0.828203082085
-0.536150872707,0.213889732957,1.31095743179,0.350120186806,-0.36442065239,-0.245924144983,-0.827124416828
-0.536384701729,0.213531672955,1.31098628044,0.350331902504,-0.364798307419,-0.247929736972,-0.826269030571
-0.536370813847,0.213353693485,1.31098783016,0.351002633572,-0.36531996727,-0.249825507402,-0.825182259083
-0.536381185055,0.213170066476,1.3109972477,0.35156801343,-0.365911364555,-0.252280861139,-0.823931574821
-0.536382913589,0.212904900312,1.31099569798,0.35272076726,-0.366399556398,-0.254500001669,-0.822538256645
-0.536430120468,0.212640523911,1.31100010872,0.353763341904,-0.366769552231,-0.257219195366,-0.821078419685
-0.536316871643,0.212568223476,1.31106925011,0.355274111032,-0.367575824261,-0.259757459164,-0.81926459074
-0.536357820034,0.212416470051,1.31105327606,0.356130152941,-0.367993503809,-0.262110888958,-0.817954778671
-0.536434650421,0.212274760008,1.31100893021,0.357213407755,-0.368585199118,-0.264579832554,-0.81641960144
-0.536499917507,0.212154895067,1.31097579002,0.357937186956,-0.369183599949,-0.267091602087,-0.815013289452
-0.536624133587,0.211989045143,1.31086933613,0.358859628439,-0.369371652603,-0.269661039114,-0.813675224781
-0.536701440811,0.21183590591,1.31080341339,0.359769076109,-0.369847685099,-0.272236049175,-0.812198519707
-0.537078917027,0.211587876081,1.3107033968,0.360330939293,-0.369911581278,-0.275022596121,-0.810980677605
-0.537229299545,0.211395144463,1.31066131592,0.361235052347,-0.370390057564,-0.278166890144,-0.80928593874
-0.537151813507,0.211554050446,1.3106470108,0.362612605095,-0.371021598577,-0.281145632267,-0.807349026203
-0.537215352058,0.211470395327,1.31054782867,0.363447636366,-0.371309697628,-0.284422576427,-0.805691421032
-0.537525475025,0.211140885949,1.31041944027,0.364039242268,-0.371636480093,-0.287535905838,-0.804167151451
-0.537644863129,0.211049497128,1.31028044224,0.364884853363,-0.371940642595,-0.290657639503,-0.802519321442
-0.537663757801,0.211031764746,1.31023108959,0.366633951664,-0.372016102076,-0.294328153133,-0.800346493721
-0.537806928158,0.210931330919,1.31007051468,0.367709815502,-0.37212702632,-0.29784616828,-0.798497736454
-0.538214981556,0.210568934679,1.30990076065,0.368382424116,-0.37188526988,-0.30160588026,-0.796887397766
-0.538375973701,0.210459604859,1.30980169773,0.369317770004,-0.3718354702,-0.305479288101,-0.795000076294
-0.538378417492,0.210548043251,1.30974471569,0.37070903182,-0.372071415186,-0.309538573027,-0.792668640614
-0.538778841496,0.210247337818,1.30963373184,0.371143937111,-0.371571868658,-0.313742846251,-0.791044831276
-0.538908183575,0.210121035576,1.30953800678,0.372202903032,-0.371481508017,-0.318045973778,-0.788868367672
-0.538956284523,0.210159271955,1.30944645405,0.373755037785,-0.371215730906,-0.322890818119,-0.78628718853
-0.539100110531,0.210154116154,1.30935335159,0.374809861183,-0.371068865061,-0.327133208513,-0.784097731113
-0.539484977722,0.210091784596,1.30919992924,0.375057995319,-0.370778053999,-0.331464856863,-0.782295525074
-0.539797782898,0.209935590625,1.30917966366,0.376155108213,-0.370225191116,-0.336107224226,-0.780046463013
-0.54002559185,0.209929049015,1.30903863907,0.376782119274,-0.369578570127,-0.340970188379,-0.777937173843
-0.540184617043,0.209929674864,1.30891120434,0.377641767263,-0.36901897192,-0.346107721329,-0.775513470173
-0.540396869183,0.209926873446,1.30870318413,0.378505676985,-0.368387967348,-0.351077824831,-0.773154735565
-0.5407076478,0.209925547242,1.30851101875,0.379429489374,-0.367356359959,-0.356524407864,-0.770696461201
-0.540841460228,0.209906339645,1.30836427212,0.380009233952,-0.366446614265,-0.361863732338,-0.768351793289
-0.541089713573,0.209755599499,1.30825817585,0.380915075541,-0.365213692188,-0.367951154709,-0.765594303608
-0.541247367859,0.209809094667,1.30811774731,0.381323903799,-0.364387631416,-0.373494744301,-0.763095974922
-0.541422188282,0.209824129939,1.30791211128,0.381887465715,-0.363427340984,-0.379397690296,-0.760355174541
-0.541697621346,0.20986661315,1.30777704716,0.382578164339,-0.362117916346,-0.385355353355,-0.757631719112
-0.541827738285,0.209925383329,1.30763304234,0.383060485125,-0.361016392708,-0.391519606113,-0.754747867584
-0.541999042034,0.209996730089,1.30755412579,0.383585393429,-0.35964858532,-0.3978343606,-0.751826345921
-0.54215413332,0.209996491671,1.30739700794,0.384081333876,-0.358158439398,-0.404431372881,-0.748758494854
-0.542330205441,0.210115969181,1.30725371838,0.384609878063,-0.356572121382,-0.410851955414,-0.745742738247
-0.542495787144,0.210351601243,1.30711591244,0.3846116364,-0.355353593826,-0.417145490646,-0.742823898792
-0.544583916664,0.21016395092,1.30727481842,0.387731909752,-0.350739121437,-0.422405987978,-0.740418314934
-0.544773995876,0.210534572601,1.3072232008,0.388501554728,-0.349310219288,-0.428135514259,-0.737393319607
-0.545074641705,0.210709124804,1.3071398735,0.388487428427,-0.347584009171,-0.434941440821,-0.734226703644
-0.545284748077,0.210974633694,1.30704271793,0.388511747122,-0.346119076014,-0.44093221426,-0.731326878071
-0.544054150581,0.211195796728,1.30681931973,0.386346995831,-0.346321642399,-0.448952943087,-0.727487802505
-0.544288992882,0.211434602737,1.3067612648,0.386487573385,-0.344501405954,-0.455334335566,-0.724304318428
-0.544618189335,0.211628109217,1.30666983128,0.38661724329,-0.342706382275,-0.461476176977,-0.721192955971
-0.544839501381,0.211876228452,1.30662333965,0.386663228273,-0.340882867575,-0.467839092016,-0.71792536974
-0.546600043774,0.212035641074,1.30676627159,0.38941192627,-0.336751818657,-0.4724611938,-0.71535795927
-0.546732723713,0.212344974279,1.30670535564,0.389535427094,-0.334973007441,-0.478608161211,-0.712032020092
-0.547047674656,0.212909907103,1.30665814877,0.389427661896,-0.333878576756,-0.48418071866,-0.708830118179
-0.545871198177,0.213315591216,1.30676686764,0.387407332659,-0.334320664406,-0.490619063377,-0.705292999744
-0.546040713787,0.213546141982,1.30637276173,0.387009739876,-0.33239069581,-0.496514827013,-0.702291190624
-0.546399474144,0.214053332806,1.30655968189,0.387277930975,-0.331019073725,-0.501707434654,-0.699093580246
-0.546697795391,0.214071840048,1.30650162697,0.387226074934,-0.328673452139,-0.507750213146,-0.695858836174
-0.546931445599,0.214520603418,1.30646383762,0.387544959784,-0.327404171228,-0.513023018837,-0.692403674126
-0.547014951706,0.21509501338,1.30649495125,0.387596577406,-0.326279401779,-0.518200516701,-0.68904197216
-0.547285914421,0.215346515179,1.30636012554,0.387565732002,-0.324635356665,-0.523125767708,-0.686108052731
-0.547231078148,0.215918779373,1.30631101131,0.387672334909,-0.323842942715,-0.528106749058,-0.682597458363
-0.54713588953,0.216415196657,1.30585432053,0.387043893337,-0.322831839323,-0.533378720284,-0.679326057434
-0.547368764877,0.216854035854,1.30576169491,0.386889815331,-0.321634918451,-0.538091003895,-0.676258265972
-0.547726690769,0.217240512371,1.30597686768,0.387687325478,-0.320328235626,-0.54255926609,-0.672843158245
-0.547598421574,0.21780282259,1.30544173717,0.387423813343,-0.319294184446,-0.547721326351,-0.669294714928
-0.547755122185,0.218235701323,1.30530905724,0.387654542923,-0.318222939968,-0.552187740803,-0.665993094444
-0.547931909561,0.218776941299,1.30527722836,0.388093560934,-0.317195206881,-0.556687057018,-0.66247266531
-0.548254668713,0.219087809324,1.30546271801,0.389304131269,-0.315775424242,-0.561355888844,-0.658488988876
-0.547971010208,0.21967920661,1.30502855778,0.389051407576,-0.315476328135,-0.565607368946,-0.655135273933
-0.548090159893,0.220123559237,1.30497360229,0.389388382435,-0.314661383629,-0.569666564465,-0.651801288128
-0.548170983791,0.220620244741,1.30490422249,0.389341711998,-0.313908994198,-0.57410722971,-0.648286283016
-0.54823577404,0.221114516258,1.30472302437,0.389311611652,-0.313226521015,-0.578290641308,-0.644907474518
-0.548140525818,0.221700429916,1.3045630455,0.389924764633,-0.312206804752,-0.582503795624,-0.641229271889
-0.548310995102,0.222157254815,1.30445718765,0.388322114944,-0.31341356039,-0.585305929184,-0.63905775547
-0.548321008682,0.222701251507,1.30427134037,0.388614594936,-0.312871426344,-0.58884459734,-0.635886907578
-0.548253774643,0.22317917645,1.30414903164,0.38872435689,-0.312116414309,-0.592846035957,-0.632463514805
-0.548149347305,0.22361600399,1.30399596691,0.390325665474,-0.312398761511,-0.598516047001,-0.625964462757
-0.548047482967,0.224072530866,1.30381906033,0.390193074942,-0.311792314053,-0.602443754673,-0.622572422028
-0.548118770123,0.224638551474,1.30366647243,0.390669077635,-0.311245113611,-0.605586946011,-0.619490683079
-0.548341989517,0.225077196956,1.3038393259,0.391500115395,-0.310426324606,-0.608702480793,-0.616315245628
-0.548414409161,0.225564330816,1.30362653732,0.391822606325,-0.309668719769,-0.61189687252,-0.613320827484
-0.548113048077,0.226098403335,1.30327498913,-0.391083657742,0.309653937817,0.615451395512,0.61023581028
-0.548074901104,0.226558357477,1.30312204361,-0.39109775424,0.309684216976,0.61799031496,0.607639789581
-0.548324227333,0.227030083537,1.30328643322,-0.391807794571,0.309293627739,0.620326280594,0.604995369911
-0.547891199589,0.227594703436,1.30282878876,-0.391636759043,0.309014827013,0.623588681221,0.601886808872
-0.547905445099,0.22798588872,1.30264294147,-0.39182010293,0.30849686265,0.626163959503,0.599354028702
-0.547911047935,0.228582024574,1.30245554447,-0.392123728991,0.308209359646,0.628485560417,0.596868276596
-0.547778844833,0.228998214006,1.30227589607,-0.392240732908,0.307743698359,0.631032705307,0.59433889389
-0.547682225704,0.229490190744,1.30212199688,-0.392201960087,0.307634800673,0.633365392685,0.591934740543
-0.547642767429,0.230008870363,1.3019618988,-0.392278522253,0.307488888502,0.635647773743,0.589508473873
-0.547720313072,0.230711102486,1.30173122883,-0.391569852829,0.308480620384,0.637040734291,0.587955474854
-0.547497689724,0.230943143368,1.30163764954,-0.392108798027,0.307184159756,0.639719605446,0.58536106348
-0.547798991203,0.231446325779,1.30167615414,-0.392824023962,0.306799411774,0.640959441662,0.583724856377
-0.547177493572,0.231825113297,1.30121397972,-0.39334782958,0.305189013481,0.643977701664,0.580887317657
-0.54743719101,0.232349395752,1.30135607719,-0.394109636545,0.30487087369,0.645002305508,0.579399168491
-0.54732388258,0.232896417379,1.30112659931,-0.394326925278,0.304467082024,0.646638095379,0.577637672424
-0.546985626221,0.233454346657,1.30063486099,-0.393177479506,0.30497059226,0.647716760635,0.576946616173
-0.546970009804,0.2338514328,1.30050206184,-0.393062651157,0.30458766222,0.649339497089,0.57540088892
-0.546868860722,0.234604686499,1.30035853386,-0.393664240837,0.304617077112,0.650275945663,0.573914766312
-0.546807765961,0.234959617257,1.30013370514,-0.393699765205,0.304358780384,0.651482820511,0.572657465935
-0.54681032896,0.235466688871,1.29992365837,-0.393816500902,0.30420345068,0.652594506741,0.571392297745
-0.547016084194,0.235903277993,1.29969263077,-0.392417728901,0.306088864803,0.652422845364,0.57154405117
-0.547109603882,0.236487358809,1.29941940308,-0.391954272985,0.306912600994,0.652837991714,0.570945858955
-0.547152400017,0.236639350653,1.29954993725,-0.39419645071,0.303926169872,0.654665231705,0.568903803825
-0.547116875648,0.237336605787,1.2993209362,-0.394872128963,0.304455339909,0.655145287514,0.567598044872
-0.547205269337,0.237697929144,1.29909467697,-0.394998192787,0.304341852665,0.655484199524,0.567179858685
-0.547040402889,0.238328054547,1.29861962795,-0.395131111145,0.30440017581,0.656008422375,0.566449463367
-0.547159850597,0.238955944777,1.29834496975,-0.395441055298,0.304673403502,0.655962884426,0.566139042377
-0.547150731087,0.239276915789,1.29812788963,-0.396344184875,0.304693251848,0.655600428581,0.565916478634
-0.547190308571,0.239812195301,1.29792368412,-0.396725833416,0.304805785418,0.6556250453,0.565559923649
-0.54718619585,0.240252584219,1.2977142334,-0.397045046091,0.305026590824,0.655548274517,0.565305650234
-0.547438263893,0.240795105696,1.29746568203,-0.396044015884,0.307423889637,0.654264211655,0.566196322441
-0.547598361969,0.24117089808,1.2973304987,-0.396731942892,0.307534635067,0.653847754002,0.566135406494
-0.547810435295,0.241681665182,1.29702913761,-0.397121846676,0.308084666729,0.653169631958,0.566345691681
-0.547837495804,0.242157787085,1.2968211174,-0.39753472805,0.308544933796,0.652749896049,0.566289484501
-0.547974646091,0.242392510176,1.29687738419,-0.400082468987,0.306182771921,0.653189182281,0.565270006657
-0.548058569431,0.242959052324,1.29662263393,-0.400212228298,0.307244479656,0.652138113976,0.565815091133
-0.548031270504,0.243319064379,1.29638826847,-0.4006254673,0.307533323765,0.651694178581,0.565877377987
-0.547726690769,0.244003608823,1.29585123062,-0.400805950165,0.308279365301,0.651520252228,0.565543711185
-0.547775506973,0.244412630796,1.29561007023,-0.401224702597,0.308908849955,0.650742709637,0.565798699856
-0.547847628593,0.244814127684,1.29542529583,-0.401692092419,0.309619426727,0.649603366852,0.566387474537
-0.547759473324,0.245308279991,1.29517173767,-0.402099013329,0.310427814722,0.648719608784,0.566669106483
-0.547753930092,0.245681107044,1.29491639137,-0.402681589127,0.310949146748,0.647995471954,0.566797971725
-0.548140704632,0.246313214302,1.29466187954,-0.402418583632,0.313731133938,0.645470201969,0.568331003189
-0.548444211483,0.246645510197,1.29456722736,-0.403757512569,0.314006119967,0.643988013268,0.568910717964
-0.548562645912,0.247053384781,1.29432654381,-0.40396258235,0.314516156912,0.643472850323,0.569066524506
-0.548294067383,0.247606009245,1.2941416502,-0.406017154455,0.313255012035,0.644022226334,0.567676484585
-0.548258304596,0.247949838638,1.29392242432,-0.407308369875,0.313983142376,0.642523765564,0.568047344685
-0.547918498516,0.248425751925,1.29343998432,-0.407109022141,0.315076678991,0.642224550247,0.567923128605
-0.547895908356,0.248752206564,1.2932420969,-0.407522946596,0.315537571907,0.641806781292,0.567842364311
-0.547980666161,0.249214231968,1.29298973083,-0.408338963985,0.316079378128,0.641069710255,0.567787706852
-0.548165023327,0.249877437949,1.29271006584,-0.407664000988,0.319244652987,0.638693273067,0.569178402424
-0.548527896404,0.250379741192,1.29261815548,-0.408831745386,0.319686889648,0.637525677681,0.569401502609
-0.548406481743,0.250607848167,1.2926620245,-0.411128550768,0.317864686251,0.638086676598,0.568138003349
-0.548463881016,0.251064836979,1.29249465466,-0.41152510047,0.318592965603,0.637306571007,0.568318724632
-0.548437416553,0.251295626163,1.29234397411,-0.412337183952,0.318966776133,0.636439442635,0.568492054939
-0.548042654991,0.251993238926,1.2919305563,-0.412111222744,0.320603221655,0.63591080904,0.568326830864
-0.547875702381,0.252531826496,1.29178249836,-0.412611305714,0.320969879627,0.635861515999,0.567811906338
-0.548297464848,0.252824723721,1.29184913635,-0.413844257593,0.321087926626,0.634505212307,0.568365037441
-0.548095047474,0.253387510777,1.29140293598,-0.412257105112,0.324438005686,0.632610738277,0.569725930691
-0.548131287098,0.253765374422,1.29126405716,-0.412554621696,0.32519313693,0.631771802902,0.570010960102
-0.548119723797,0.254174530506,1.29109990597,-0.413301885128,0.32575571537,0.630860984325,0.570157051086
-0.547957241535,0.254599928856,1.29098141193,-0.415339976549,0.324466735125,0.631166696548,0.569071829319
-0.547956645489,0.254967302084,1.29084420204,-0.415642231703,0.324917525053,0.630602121353,0.569219708443
-0.547869503498,0.25507158041,1.29073154926,-0.415645629168,0.325528800488,0.629795730114,0.569760620594
-0.548191070557,0.255253404379,1.29079568386,-0.416626542807,0.325437188148,0.628721117973,0.570283293724
-0.54812258482,0.255619347095,1.29064679146,-0.417024224997,0.325858622789,0.628136575222,0.570395827293
-0.548106968403,0.255891352892,1.29052472115,-0.417233794928,0.326247036457,0.627432584763,0.570795238018
-0.547644615173,0.256321847439,1.29014289379,-0.416781246662,0.32734850049,0.626989841461,0.570981740952
-0.547575891018,0.256624102592,1.28998458385,-0.416933596134,0.32781535387,0.626346349716,0.571308732033
-0.547991752625,0.257144659758,1.29023694992,-0.416468173265,0.330073207617,0.624093353748,0.572811961174
-0.547650158405,0.257533729076,1.28981101513,-0.41608813405,0.330952316523,0.623544335365,0.573178768158
-0.547410845757,0.257934302092,1.28957569599,-0.417705476284,0.329617649317,0.623879015446,0.572406589985
-0.547379553318,0.258311867714,1.28942167759,-0.417702972889,0.330149710178,0.623199641705,0.572841882706
-0.547314226627,0.258563101292,1.28933167458,-0.417894661427,0.330489814281,0.6225451231,0.573217332363
-0.547305226326,0.258845031261,1.28920328617,-0.417825996876,0.330896139145,0.621880829334,0.573753714561
-0.547230839729,0.259066820145,1.28912830353,-0.417949676514,0.33106020093,0.621415376663,0.574073314667
-0.547108888626,0.259309738874,1.28904879093,-0.41782861948,0.331535935402,0.620924830437,0.574417710304
-0.547087967396,0.25956171751,1.28902387619,-0.4177762568,0.332009941339,0.62025642395,0.574903726578
-0.54705375433,0.259776085615,1.28898024559,-0.41789624095,0.332253456116,0.61967664957,0.575301229954
-0.546929776669,0.260031372309,1.28892874718,-0.417766153812,0.332693994045,0.619283616543,0.575564146042
-0.546788811684,0.260382980108,1.28885626793,-0.417972058058,0.3332695961,0.618686795235,0.575723230839
-0.547045886517,0.260521769524,1.28904569149,-0.418383151293,0.333008795977,0.61829662323,0.575994849205
-0.546544373035,0.260881960392,1.28874123096,-0.417597800493,0.334029436111,0.618292450905,0.575977981091
-0.546445071697,0.261167764664,1.28869247437,-0.417551219463,0.334415376186,0.618037760258,0.576061308384
-0.546394824982,0.261309057474,1.2886711359,-0.417582988739,0.334529608488,0.617771744728,0.57625746727
-0.546289563179,0.261639356613,1.28861129284,-0.417391598225,0.335044324398,0.617510080338,0.576377391815
-0.546499311924,0.261806637049,1.28890109062,-0.417848855257,0.334981888533,0.617088735104,0.576533555984
-0.546390473843,0.262051045895,1.28885579109,-0.417648732662,0.335435390472,0.61682331562,0.576698958874
-0.546019732952,0.262286216021,1.2885286808,-0.416942030191,0.336125433445,0.616889476776,0.576737821102
-0.546153187752,0.262450695038,1.28883099556,-0.417432129383,0.336266100407,0.616365134716,0.576861798763
-0.545800805092,0.26268979907,1.2885414362,-0.417007833719,0.337068349123,0.615933358669,0.577161610126
-0.54599571228,0.262773871422,1.28879928589,-0.417284935713,0.337183773518,0.615210354328,0.577664673328
-0.545709013939,0.262953788042,1.28850913048,-0.416689127684,0.337860137224,0.614926636219,0.578001797199
-0.545658409595,0.263164669275,1.28846657276,-0.416807949543,0.338429123163,0.614122986794,0.578437387943
-0.545628845692,0.263208091259,1.28845739365,-0.416880249977,0.33869099617,0.612531065941,0.579917967319
-0.545533597469,0.263457655907,1.28841912746,-0.416663140059,0.339381039143,0.611963570118,0.580269694328
-0.545462429523,0.263533353806,1.28833627701,-0.416933864355,0.339767336845,0.612122118473,0.579681515694
-0.545375049114,0.263596445322,1.28828787804,-0.416868567467,0.340260624886,0.611502349377,0.58009326458
-0.54526001215,0.263735890388,1.2882027626,-0.416639536619,0.340887904167,0.610945880413,0.58047580719
-0.54513323307,0.263855218887,1.28811442852,-0.416562587023,0.341572254896,0.610329210758,0.580777525902
-0.545003831387,0.263996988535,1.28803777695,-0.416623711586,0.342204421759,0.609635412693,0.581089913845
-0.544971466064,0.26408469677,1.28788423538,-0.416582673788,0.34267655015,0.608837902546,0.581676781178
-0.544899880886,0.264179587364,1.28780889511,-0.416803956032,0.343302547932,0.60798484087,0.582041501999
-0.545041382313,0.264313876629,1.28801488876,-0.417114406824,0.343634068966,0.60632532835,0.583353042603
-0.544942140579,0.264483839273,1.28792500496,-0.417223900557,0.344276785851,0.605728626251,0.583515644073
-0.544831037521,0.264654874802,1.28780972958,-0.417131781578,0.344858765602,0.605308949947,0.583673357964
-0.544439315796,0.264994233847,1.28741872311,-0.416661858559,0.346049100161,0.604912877083,0.58371502161
-0.544602453709,0.265093833208,1.2876329422,-0.416991472244,0.346214950085,0.604545772076,0.583761692047
-0.544521987438,0.265234768391,1.28759467602,-0.417143404484,0.346664577723,0.605211615562,0.582695424557
-0.544506967068,0.265340179205,1.28752911091,-0.417195826769,0.347064137459,0.604887187481,0.582756876945
-0.544165730476,0.265636533499,1.28718996048,-0.416725277901,0.348048269749,0.604632794857,0.582770884037
-0.544161140919,0.265667259693,1.28716683388,-0.416834503412,0.348296642303,0.604303300381,0.582885861397
-0.54413831234,0.265836030245,1.28715074062,-0.417042851448,0.348788529634,0.603786766529,0.582978010178
-0.54409134388,0.266009688377,1.28709602356,-0.4171487391,0.349273681641,0.60331839323,0.583096563816
-0.544062495232,0.266312241554,1.28703260422,-0.417401522398,0.34996971488,0.602651417255,0.583188354969
-0.544065773487,0.266373068094,1.28705465794,-0.417674779892,0.350346505642,0.602115273476,0.583320260048
-0.543987333775,0.266530007124,1.28708970547,-0.417966216803,0.350918501616,0.601516842842,0.583384811878
-0.543977558613,0.266696453094,1.28709745407,-0.418318212032,0.351479142904,0.60087877512,0.583452880383
-0.54393696785,0.266955405474,1.28707265854,-0.418731749058,0.352203220129,0.600098907948,0.583521902561
-0.543882548809,0.267056494951,1.28706073761,-0.418948918581,0.352665215731,0.599566817284,0.583634078503
-0.543846964836,0.267229020596,1.28704810143,-0.419274717569,0.353220015764,0.59893321991,0.583715260029
-0.543844878674,0.267251044512,1.28706109524,-0.419458389282,0.353707253933,0.598292469978,0.58394497633
-0.543805778027,0.267346322536,1.2870568037,-0.419754326344,0.354129105806,0.597703039646,0.584080457687
-0.543778777122,0.267492413521,1.2870016098,-0.419932693243,0.354618877172,0.596143841743,0.585247278214
-0.543740451336,0.267634063959,1.28695702553,-0.420255184174,0.35508826375,0.595699906349,0.58518332243
-0.543747723103,0.267754018307,1.28697884083,-0.420836001635,0.355324327946,0.596197426319,0.584115087986
-0.543642163277,0.268007487059,1.28700125217,-0.42119333148,0.356010973454,0.595599353313,0.584049463272
-0.543659865856,0.268025308847,1.28703296185,-0.421497613192,0.356192976236,0.59419888258,0.585144281387
-0.543664336205,0.268152296543,1.28704977036,-0.421976059675,0.356615453959,0.593672096729,0.585076868534
-0.543677449226,0.268250644207,1.28706598282,-0.422349065542,0.356937766075,0.593236386776,0.585053324699
-0.543661952019,0.26834961772,1.28707420826,-0.422802567482,0.357160806656,0.59293115139,0.584899127483
-0.543682992458,0.268444150686,1.28712630272,-0.423283576965,0.357454866171,0.592524290085,0.584783673286
-0.544054746628,0.268404364586,1.28740739822,-0.424168050289,0.357237160206,0.591854989529,0.584953725338
-0.543709695339,0.268575072289,1.28720009327,-0.423918068409,0.358012735844,0.591725826263,0.584791481495
-0.543690681458,0.268641024828,1.2872210741,-0.424026340246,0.358309864998,0.591403841972,0.584856510162
-0.543739140034,0.26862847805,1.28727674484,-0.42451107502,0.358430683613,0.590929508209,0.584910273552
-0.543988525867,0.268743574619,1.28760254383,-0.425473749638,0.358494132757,0.591219961643,0.583877563477
-0.544008016586,0.268801599741,1.28763055801,-0.425617039204,0.358680963516,0.589848816395,0.585043907166
-0.544013261795,0.268901735544,1.28765869141,-0.425942331553,0.358803570271,0.590751349926,0.583820283413
-0.544014751911,0.26893633604,1.28768837452,-0.426040619612,0.358879715204,0.590712308884,0.583741486073
-0.544134616852,0.268860936165,1.28766071796,-0.426158696413,0.358712911606,0.590642988682,0.583827733994
-0.544130861759,0.268896430731,1.28767621517,-0.426184147596,0.358739465475,0.590715765953,0.583718955517
-0.544132530689,0.268933743238,1.28770172596,-0.426178187132,0.358712911606,0.590857505798,0.583596169949
-0.544138073921,0.268957823515,1.287733078,-0.426114469767,0.358643472195,0.590998888016,0.583542466164
-0.544157743454,0.269018858671,1.2877702713,-0.426111340523,0.358653455973,0.590964019299,0.583573818207
-0.544143676758,0.269064128399,1.28780078888,-0.425769388676,0.358457684517,0.590417265892,0.584496259689
-0.544162750244,0.269051134586,1.28785419464,-0.425529897213,0.358174294233,0.590757787228,0.584500432014
-0.544166624546,0.269057959318,1.28792977333,-0.425199866295,0.357872337103,0.59123134613,0.584446907043
-0.5441801548,0.269114375114,1.28800797462,-0.425014525652,0.357586860657,0.591580986977,0.584402561188
-0.544145405293,0.269099205732,1.28814578056,-0.424395948648,0.357276827097,0.592314720154,0.584298551083
-0.54415333271,0.269124120474,1.28825008869,-0.424163490534,0.356899857521,0.593831181526,0.583157360554
-0.544170737267,0.269161462784,1.28837263584,-0.423682361841,0.356441676617,0.594465911388,0.583140552044
-0.544169068336,0.26919567585,1.28853106499,-0.42319971323,0.35592353344,0.595252156258,0.583005487919
-0.543810129166,0.269265890121,1.28843736649,-0.422106355429,0.355952590704,0.596153199673,0.582859635353
-0.543787896633,0.26927998662,1.28851485252,-0.421442717314,0.355404615402,0.596964001656,0.582844436169
-0.543795645237,0.269302219152,1.2887083292,-0.421179503202,0.354826807976,0.597900629044,0.582426548004
-0.543803811073,0.269317090511,1.28884506226,-0.42058762908,0.354247838259,0.599095106125,0.581979095936
-0.543770968914,0.269299387932,1.2889841795,-0.420034319162,0.353676378727,0.600291073322,0.581493616104
-0.543780565262,0.269359439611,1.28913807869,-0.419597625732,0.353091537952,0.601506888866,0.580907523632
-0.543751478195,0.269373416901,1.28934013844,-0.41918155551,0.352471619844,0.602604031563,0.580447256565
-0.543998777866,0.269364595413,1.28981566429,-0.419157415628,0.351348221302,0.603799104691,0.5799036026
-0.54399305582,0.269371002913,1.28994989395,-0.41816163063,0.350568681955,0.604395210743,0.580472886562
-0.544023036957,0.269310116768,1.29012238979,-0.417443096638,0.349453061819,0.606940686703,0.579005122185
-0.544025421143,0.269410908222,1.29026341438,-0.41699898243,0.348790764809,0.608300507069,0.5782969594
-0.544041693211,0.269415408373,1.29040598869,-0.416289865971,0.347717821598,0.609863162041,0.57780790329
-0.54405528307,0.269319534302,1.29055726528,-0.415242105722,0.346667051315,0.611468017101,0.577497065067
-0.543818295002,0.269366979599,1.29041659832,-0.413926661015,0.346070826054,0.613032519817,0.577140033245
-0.543824851513,0.269354462624,1.29057466984,-0.413162171841,0.345136851072,0.614304423332,0.576895058155
-0.543836593628,0.269390821457,1.29073083401,-0.412379026413,0.344256937504,0.614556014538,0.577712535858
-0.543797850609,0.269374459982,1.29093170166,-0.411558181047,0.343303710222,0.615987122059,0.577340662479
-0.543807625771,0.269339323044,1.29111945629,-0.410752773285,0.342281192541,0.617358267307,0.577056884766
-0.543966710567,0.269161164761,1.29129445553,-0.408352971077,0.342488646507,0.618740737438,0.577156305313
-0.543940722942,0.269122511148,1.29142653942,-0.407499104738,0.341646164656,0.619115829468,0.57785654068
-0.543727040291,0.269278287888,1.29153048992,-0.408077836037,0.339359521866,0.621223092079,0.576532304287
-0.543692827225,0.269261270761,1.29167103767,-0.407239377499,0.338478386402,0.622310578823,0.576470255852
-0.543650686741,0.269253402948,1.29179883003,-0.406245440245,0.337554335594,0.623601436615,0.576318323612
-0.543596327305,0.269257634878,1.29194533825,-0.405521988869,0.336673945189,0.624806344509,0.576037943363
-0.543796598911,0.269215166569,1.2924207449,-0.405254542828,0.335495650768,0.625754475594,0.575884342194
-0.543726086617,0.269199043512,1.29260468483,-0.404577821493,0.334807157516,0.626842617989,0.575577437878
-0.543663561344,0.269190490246,1.29271268845,-0.403769910336,0.334087789059,0.628068327904,0.575226426125
-0.543896913528,0.26902204752,1.29251241684,-0.403126567602,0.332859367132,0.629098832607,0.575263679028
-0.543327510357,0.269312560558,1.29261481762,-0.40196377039,0.33316168189,0.630502104759,0.574365258217
-0.543260395527,0.269296020269,1.29270672798,-0.401611953974,0.33285599947,0.631152033806,0.574074923992
-0.543128848076,0.26934042573,1.29275500774,-0.40072208643,0.332244127989,0.632761478424,0.57327902317
-0.543079376221,0.269328892231,1.29282617569,-0.400281697512,0.331793785095,0.633783817291,0.572717785835
-0.543444991112,0.269197672606,1.29295504093,-0.400381714106,0.330827116966,0.634475409985,0.572441220284
-0.543420433998,0.26922339201,1.29302716255,-0.400274991989,0.330552756786,0.635294020176,0.571766018867
-0.543419480324,0.269238322973,1.29308259487,-0.400294423103,0.330426216125,0.635926902294,0.571121633053
-0.543418049812,0.269258201122,1.29312849045,-0.400324195623,0.330283910036,0.636777460575,0.570234596729
-0.543421208858,0.269296735525,1.29315400124,-0.400424808264,0.330251008272,0.637532949448,0.569338262081
-0.543432354927,0.269327282906,1.29317295551,-0.400627315044,0.330317795277,0.638107359409,0.568513035774
-0.543531000614,0.269140958786,1.29321539402,-0.400951564312,0.330071538687,0.638715267181,0.567744195461
-0.543554484844,0.269192874432,1.29321408272,-0.401396661997,0.330305308104,0.639088392258,0.566873192787
-0.543631494045,0.269152164459,1.29319345951,-0.401763767004,0.330381810665,0.639375329018,0.566244840622
-0.543673038483,0.269209831953,1.2931843996,-0.402275830507,0.330687463284,0.63959389925,0.565455257893
-0.54373049736,0.269238650799,1.29315912724,-0.40271911025,0.330926895142,0.639612317085,0.564978659153
-0.543789684772,0.269210755825,1.29313194752,-0.403100818396,0.331179380417,0.639668107033,0.564495027065
-0.54384624958,0.269149154425,1.29311096668,-0.403647631407,0.331458985806,0.639439284801,0.564199566841
-0.543882548809,0.269125550985,1.29308104515,-0.404241502285,0.331894725561,0.638929307461,0.564095973969
-0.543929934502,0.269099801779,1.29306995869,-0.404868513346,0.332373708487,0.63824647665,0.564137160778
-0.543967962265,0.269050776958,1.29305446148,-0.405435323715,0.332862108946,0.637547254562,0.564232826233
-0.543999552727,0.269002854824,1.29303729534,-0.406140357256,0.333586364985,0.636549293995,0.564424753189
-0.543995797634,0.2690513134,1.29300653934,-0.40690946579,0.33443915844,0.635410010815,0.564649701118
-0.544021189213,0.26897996664,1.29298961163,-0.407687783241,0.335107803345,0.634000122547,0.565276384354
-0.544035255909,0.268901854753,1.29294347763,-0.408351898193,0.335718631744,0.632719635963,0.565868914127
-0.54403924942,0.268827646971,1.29292082787,-0.409181952477,0.336434453726,0.631883919239,0.565778017044
-0.544018924236,0.268702536821,1.29287683964,-0.409924805164,0.337225914001,0.630329549313,0.566502630711
-0.543979227543,0.268700748682,1.29281663895,-0.410832464695,0.338227212429,0.628745853901,0.567007601261
-0.544050931931,0.268526464701,1.29273247719,-0.411790311337,0.338985860348,0.626891493797,0.567912459373
-0.544001817703,0.268414199352,1.29266500473,-0.412660300732,0.340138196945,0.623538792133,0.570277869701
-0.543947100639,0.268294453621,1.29259109497,-0.413524568081,0.341138005257,0.621509790421,0.571268677711
-0.543888568878,0.268028408289,1.29253327847,-0.414425998926,0.341983109713,0.620637655258,0.571058213711
-0.543892681599,0.267872959375,1.29221630096,-0.414643198252,0.342183768749,0.621157646179,0.570214271545
-0.543410480022,0.268052279949,1.29262816906,-0.416312128305,0.345411866903,0.615226209164,0.573473215103
-0.543266236782,0.267893135548,1.29233682156,-0.417173832655,0.346752166748,0.613228619099,0.574177265167
-0.543081700802,0.267791986465,1.29214346409,-0.418189585209,0.348155736923,0.611303687096,0.574641525745
-0.542499899864,0.267653912306,1.29161500931,-0.41844150424,0.350052565336,0.610584914684,0.574069738388
-0.542358756065,0.267418086529,1.29137134552,-0.419262498617,0.351305961609,0.607818067074,0.575639009476
-0.542296171188,0.267328292131,1.29116535187,-0.420541763306,0.352588683367,0.607054650784,0.574726521969
-0.542155742645,0.267199128866,1.29097616673,-0.42149078846,0.35405549407,0.60402494669,0.576319277287
-0.542279958725,0.267096370459,1.2910131216,-0.422847688198,0.355103671551,0.602179765701,0.576611399651
-0.542115747929,0.266929090023,1.29083633423,-0.423816025257,0.356386303902,0.601656913757,0.575654268265
-0.54194521904,0.266804099083,1.29066956043,-0.424718827009,0.357764065266,0.600027620792,0.575834929943
-0.541783154011,0.266765087843,1.29051947594,-0.425550878048,0.359129339457,0.597584247589,0.576910734177
-0.541677474976,0.266425698996,1.29042327404,-0.426504343748,0.360074222088,0.597190797329,0.576024115086
-0.541187703609,0.266383081675,1.29006171227,-0.426708251238,0.361661791801,0.596072077751,0.576037466526
-0.541196465492,0.266089826822,1.29000413418,-0.427468746901,0.362239509821,0.594826936722,0.57639759779
-0.540820837021,0.265999019146,1.28983080387,-0.427508443594,0.363520294428,0.592622160912,0.577830970287
-0.540678501129,0.265856027603,1.28971385956,-0.427681803703,0.364071577787,0.591831922531,0.578165352345
-0.540776669979,0.265744537115,1.28982400894,-0.428265035152,0.364474207163,0.590821564198,0.578512966633
-0.540560424328,0.265389740467,1.28970849514,-0.428115785122,0.364932656288,0.590321838856,0.578844666481
-0.540179073811,0.265366822481,1.28958845139,-0.427785784006,0.365852683783,0.590086936951,0.578747332096
-0.539899408817,0.265107214451,1.28947806358,-0.427332490683,0.366454154253,0.590130925179,0.578656673431
-0.539553403854,0.265110194683,1.28938996792,-0.426997691393,0.367360562086,0.5902338624,0.578224301338
-0.538857519627,0.26501712203,1.28903973103,-0.425814181566,0.368578344584,0.590786337852,0.577757656574
-0.538621604443,0.26492202282,1.28895235062,-0.425453484058,0.36906850338,0.59121119976,0.57727599144
-0.538698852062,0.264397352934,1.28896129131,-0.425178170204,0.369021058083,0.592516183853,0.576169848442
-0.538555324078,0.264562606812,1.28895437717,-0.425364494324,0.369295179844,0.593123316765,0.575231075287
-0.53838634491,0.264298826456,1.28892850876,-0.424776256084,0.369762897491,0.593443930149,0.575034618378
-0.538340747356,0.264120399952,1.28894281387,-0.424542963505,0.369772464037,0.592958211899,0.575701653957
-0.538353443146,0.263851225376,1.2889739275,-0.424568206072,0.369586408138,0.594394385815,0.574319779873
-0.538343608379,0.263717800379,1.28897678852,-0.42465570569,0.369483202696,0.594588518143,0.574120521545
-0.538538694382,0.26342189312,1.289031744,-0.423042267561,0.371044546366,0.593626439571,0.575298964977
-0.538194775581,0.263480424881,1.28899133205,-0.424111068249,0.369602233171,0.595226287842,0.573785126209
-0.538349568844,0.263213902712,1.28904378414,-0.422270536423,0.371213495731,0.593140602112,0.576257228851
-0.538257479668,0.263000458479,1.28905689716,-0.421977311373,0.371198564768,0.593232452869,0.576387166977
-0.538054764271,0.262835204601,1.28904521465,-0.423468500376,0.369553148746,0.595172524452,0.5743470788
-0.53792822361,0.262835472822,1.28900909424,-0.423061937094,0.369983553886,0.593842744827,0.575744688511
-0.537808001041,0.262664020061,1.28910505772,-0.422510623932,0.370180994272,0.594896733761,0.574933707714
-0.537715494633,0.2622410357,1.2891292572,-0.422245442867,0.369728237391,0.595044136047,0.575267195702
-0.53763115406,0.262044131756,1.28910505772,-0.421788543463,0.369729697704,0.593309640884,0.577389001846
-0.537697315216,0.262125760317,1.28905510902,-0.419960081577,0.37172883749,0.591045200825,0.579755842686
-0.537503957748,0.261870473623,1.28897309303,-0.419945657253,0.372398346663,0.591441750526,0.578931808472
-0.537426412106,0.261665582657,1.28892505169,-0.419571489096,0.37279099226,0.592112720013,0.578263998032
-0.537247419357,0.261519670486,1.28884840012,-0.420976310968,0.371605068445,0.592425823212,0.57768535614
-0.53720253706,0.261400848627,1.28880119324,-0.421260654926,0.37187153101,0.591942667961,0.577801823616
-0.537428319454,0.261303633451,1.28905546665,-0.421916812658,0.371977597475,0.591128647327,0.578088104725
-0.537525951862,0.260950267315,1.28905773163,-0.420056015253,0.373268544674,0.590480089188,0.579272687435
-0.537284374237,0.260807096958,1.28875553608,-0.419687747955,0.373754441738,0.590211212635,0.579500198364
-0.537515580654,0.260762661695,1.289021492,-0.420088261366,0.373788356781,0.589721441269,0.579686641693
-0.537538945675,0.26051196456,1.28903734684,-0.420090019703,0.373806655407,0.58957618475,0.5798214674
-0.537380814552,0.260248243809,1.28875601292,-0.420600712299,0.374493211508,0.587980508804,0.580627918243
-0.537490546703,0.260215371847,1.28906154633,-0.422960549593,0.373031198978,0.587917864323,0.579917788506
-0.537531495094,0.25986674428,1.28885042667,-0.421114981174,0.374803215265,0.586021542549,0.582033932209
-0.537593483925,0.259620934725,1.28888583183,-0.421386808157,0.374865531921,0.584927797318,0.582896769047
-0.537698745728,0.259375154972,1.28893983364,0.421613484621,-0.374991357327,-0.583655953407,-0.58392572403
-0.53759175539,0.259243696928,1.28896439075,0.423406243324,-0.37357917428,-0.583263754845,-0.583925664425
-0.538176834583,0.258882164955,1.2893127203,0.423083007336,-0.37489143014,-0.581592977047,-0.584984481335
-0.538021922112,0.258820861578,1.28909468651,0.422934353352,-0.375403374434,-0.579956710339,-0.586386561394
-0.538084506989,0.258422732353,1.28914391994,0.422962665558,-0.375421971083,-0.578091561794,-0.588192999363
-0.538027584553,0.258388519287,1.28925931454,0.424751013517,-0.374214529991,-0.576876223087,-0.588866591454
-0.538145303726,0.258003979921,1.28933465481,0.424914330244,-0.374339014292,-0.574195921421,-0.591284275055
-0.538240849972,0.25784739852,1.28940975666,0.425039380789,-0.374592870474,-0.571451485157,-0.593687534332
-0.538582980633,0.257378160954,1.28949224949,0.423761248589,-0.375882565975,-0.567918181419,-0.59716629982
-0.538601338863,0.256876528263,1.28959703445,0.425255775452,-0.374133378267,-0.566098153591,-0.598927855492
-0.539002120495,0.256495445967,1.29001331329,0.425932049751,-0.373681396246,-0.562727987766,-0.601898133755
-0.538779020309,0.256076335907,1.28994607925,0.425281018019,-0.374037921429,-0.560190558434,-0.604498386383
-0.539082407951,0.255821287632,1.29033017159,0.425873607397,-0.374010980129,-0.556312739849,-0.607670545578
-0.539180576801,0.255580514669,1.29052209854,0.424939960241,-0.37337026,-0.546837627888,-0.617243409157
-0.539481759071,0.255546927452,1.29067623615,0.423252314329,-0.375309407711,-0.541772902012,-0.621677160263
-0.539367318153,0.254978656769,1.29078757763,0.424754440784,-0.373649597168,-0.539207577705,-0.623878955841
-0.539415419102,0.254567235708,1.2909373045,0.424923092127,-0.373523890972,-0.53564208746,-0.626903474331
-0.539523541927,0.254226088524,1.291046381,0.424988299608,-0.373586267233,-0.531380951405,-0.630438268185
-0.539606690407,0.253829240799,1.29116153717,0.424759328365,-0.374057680368,-0.526610314846,-0.634304344654
-0.539512515068,0.253576517105,1.29103827477,0.424277067184,-0.374469965696,-0.522341132164,-0.637903630733
-0.539423584938,0.253097623587,1.29114174843,0.424140572548,-0.374289184809,-0.518020093441,-0.64161324501
-0.539441823959,0.252681493759,1.29132592678,0.423759251833,-0.374475419521,-0.513281702995,-0.645552575588
-0.539450585842,0.252504080534,1.29147017002,0.423605978489,-0.374820590019,-0.508410573006,-0.649296700954
-0.539427280426,0.252213597298,1.29163718224,0.423374205828,-0.375438958406,-0.503249883652,-0.653099894524
-0.539459764957,0.251724928617,1.29167056084,0.422738045454,-0.375502228737,-0.498221695423,-0.657317042351
-0.539311349392,0.251437902451,1.29177677631,0.422276645899,-0.375628769398,-0.49304497242,-0.661431908607
-0.539605021477,0.250942319632,1.29215586185,0.421799689531,-0.375567048788,-0.488060086966,-0.665456056595
-0.539539933205,0.250823229551,1.29189312458,0.418308228254,-0.378206312656,-0.480991244316,-0.671286582947
-0.539316296577,0.250234007835,1.29210174084,0.41864836216,-0.377417743206,-0.476478755474,-0.67472755909
-0.539386808872,0.249576553702,1.2925028801,0.417600989342,-0.378199487925,-0.474580258131,-0.676275253296
-0.539148211479,0.249269083142,1.29259514809,0.416869103909,-0.376243770123,-0.470143288374,-0.680900871754
-0.538980126381,0.248880296946,1.29269468784,0.416425973177,-0.376488536596,-0.464471697807,-0.684917330742
-0.538604676723,0.248250409961,1.29223072529,0.414491266012,-0.376432090998,-0.459885418415,-0.689203321934
-0.53838455677,0.247815474868,1.29232060909,0.413911759853,-0.376431554556,-0.4539321661,-0.693485438824
-0.538381159306,0.247544258833,1.29333388805,0.416149795055,-0.376826673746,-0.444195479155,-0.698220252991
-0.538227021694,0.24700152874,1.29345011711,0.415046751499,-0.376680880785,-0.438754111528,-0.702383577824
-0.538068592548,0.246469154954,1.29331982136,0.414129257202,-0.376298904419,-0.432978659868,-0.706700503826
-0.537401735783,0.246169701219,1.29273784161,0.41213196516,-0.376593619585,-0.427706927061,-0.710908889771
-0.53720831871,0.245813056827,1.29383862019,0.411626636982,-0.376866102219,-0.421967208385,-0.714478194714
-0.536948680878,0.245347559452,1.29403710365,0.410354584455,-0.376665055752,-0.416642665863,-0.718429923058
-0.536331295967,0.244750380516,1.29329562187,0.408134102821,-0.376362234354,-0.411545991898,-0.72277790308
-0.536016404629,0.244193345308,1.29355061054,0.406608551741,-0.375904530287,-0.40633046627,-0.726815581322
-0.536991417408,0.24367967248,1.29415011406,0.406962752342,-0.374152690172,-0.399729043245,-0.731168925762
-0.536595225334,0.243335217237,1.29433226585,0.404784560204,-0.374094992876,-0.394154280424,-0.735421538353
-0.536133110523,0.242740318179,1.29460859299,0.403236746788,-0.373781591654,-0.38957837224,-0.738861441612
-0.534352779388,0.242390722036,1.29451870918,0.399113327265,-0.375351846218,-0.384919166565,-0.742736041546
-0.535285413265,0.241942688823,1.29508292675,0.398856729269,-0.37325361371,-0.378646731377,-0.747142374516
-0.533647954464,0.241329163313,1.29598355293,0.395225375891,-0.375012993813,-0.374273002148,-0.750387907028
