x,y,z,q0,q1,q2,q3
-0.51983755827,0.00402539921924,1.11567258835,0.00457988120615,-0.00304607325234,-0.580905258656,-0.813952684402
-0.519677698612,0.0045053716749,1.11574244499,0.00473690684885,-0.00220817886293,-0.580268621445,-0.814408421516
-0.519304037094,0.00490704411641,1.11568701267,0.00503448303789,-0.00148581748363,-0.579488694668,-0.814963400364
-0.519328594208,0.00487211998552,1.11598229408,0.00506325578317,-2.13367493416e-05,-0.578441798687,-0.815707981586
-0.518975675106,0.00543417502195,1.11594080925,0.00538768153638,0.000313862750772,-0.577943146229,-0.816059231758
-0.518735706806,0.00587507523596,1.11609756947,0.00572908949107,0.00141401356086,-0.57738751173,-0.81644898653
-0.518462300301,0.0062746424228,1.11622750759,0.0058193183504,0.00249208579771,-0.576683342457,-0.816943228245
-0.518261134624,0.00635279156268,1.11609959602,0.00658401241526,0.00276492349803,-0.575807988644,-0.817553758621
-0.518147706985,0.00673630926758,1.11609017849,0.00687560159713,0.00330391246825,-0.575117409229,-0.818035304546
-0.517988324165,0.00696601253003,1.11615216732,0.00733732245862,0.00379304611124,-0.574511945248,-0.818454504013
-0.517818510532,0.00719807576388,1.11613559723,0.00789182912558,0.00418493198231,-0.573890268803,-0.818883478642
-0.517621099949,0.00757384113967,1.116096735,0.00829065404832,0.00475762085989,-0.573418498039,-0.819206774235
-0.517491817474,0.00776759255677,1.11611664295,0.00876913405955,0.00533156888559,-0.573000371456,-0.819490790367
-0.517323613167,0.008181524463,1.11619830132,0.00928589329123,0.00598276220262,-0.572743058205,-0.819660544395
-0.517152130604,0.00854992866516,1.11606943607,0.0095931738615,0.00630270689726,-0.572522819042,-0.819808423519
-0.517051875591,0.00871871504933,1.11605858803,0.010180237703,0.00653813732788,-0.572163283825,-0.820050537586
-0.516860961914,0.00908984988928,1.11604106426,0.0106149436906,0.00693676248193,-0.571987330914,-0.820164501667
-0.516741931438,0.00916300527751,1.11578392982,0.0113438898697,0.00648210477084,-0.571659266949,-0.820387065411
-0.516609787941,0.00941149517894,1.1156526804,0.0115771349519,0.00647324230522,-0.571569859982,-0.820446133614
-0.51669216156,0.00998539105058,1.1157759428,0.011405848898,0.00781024759635,-0.572784841061,-0.819589138031
-0.516624093056,0.0102822836488,1.11563277245,0.01166600734,0.00754202576354,-0.572939753532,-0.819479823112
-0.516575157642,0.0105537073687,1.11552035809,0.0118804406375,0.0071914140135,-0.573296666145,-0.819230139256
-0.516523182392,0.0107270320877,1.11532485485,0.0121875628829,0.00640813913196,-0.573439717293,-0.81913203001
-0.516515731812,0.0110155194998,1.11516463757,0.0123078078032,0.00562717067078,-0.573851823807,-0.818847358227
-0.516551196575,0.011299258098,1.11506104469,0.0117839816958,0.00549205252901,-0.574549913406,-0.818366348743
-0.516447603703,0.0115148946643,1.11503207684,0.0123299770057,0.00477659283206,-0.574460804462,-0.818425297737
-0.516454577446,0.0118352659047,1.11473762989,0.0115847606212,0.00416474184021,-0.575523614883,-0.817692577839
-0.516449272633,0.0122484918684,1.11437368393,0.011183777824,0.00235858815722,-0.577003002167,-0.816662013531
-0.516152560711,0.0122096361592,1.11413788795,0.0117936264724,-0.000230364210438,-0.57632124424,-0.817138135433
-0.516105532646,0.0127229588106,1.11377227306,0.0111746694893,-0.00130026787519,-0.577614545822,-0.816232085228
-0.515831828117,0.0131654962897,1.11369764805,0.0108700143173,-0.00242635514587,-0.578740656376,-0.815435647964
-0.515648543835,0.0134517531842,1.11346948147,0.0106665119529,-0.00374512537383,-0.579840481281,-0.814651608467
-0.515452206135,0.013570221141,1.11332559586,0.0117021296173,-0.00513165490702,-0.580243051052,-0.814343094826
-0.515287399292,0.0138366632164,1.11318516731,0.0112540218979,-0.00638013286516,-0.581896364689,-0.813160061836
-0.514888703823,0.0143236527219,1.113057971,0.0114236706868,-0.00800973363221,-0.583111941814,-0.812271952629
-0.514701843262,0.0147340949625,1.1132569313,0.0108980294317,-0.0087738186121,-0.584966897964,-0.810936510563
-0.51440089941,0.0147639503703,1.11309313774,0.0114871617407,-0.0107225514948,-0.585967242718,-0.810182392597
-0.514174640179,0.0149079449475,1.11311578751,0.011368939653,-0.0115070808679,-0.587461829185,-0.809090137482
-0.513833999634,0.0150800189003,1.11321210861,0.0119592184201,-0.0122543210164,-0.588578701019,-0.808258593082
-0.513456702232,0.0154721988365,1.11320972443,0.0122150601819,-0.0140501279384,-0.590439915657,-0.806866884232
-0.512982904911,0.0155693227425,1.11315190792,0.0129816811532,-0.0153313232586,-0.59159040451,-0.805988430977
-0.512662827969,0.0158355664462,1.1133980751,0.0129664698616,-0.0150459259748,-0.593512296677,-0.804579854012
-0.512637853622,0.0160657074302,1.11305046082,0.013325410895,-0.0169586483389,-0.59493881464,-0.803481578827
-0.51217764616,0.0162256788462,1.11323332787,0.0140693308786,-0.0170607101172,-0.595959067345,-0.802710294724
-0.511772453785,0.0164292249829,1.11323571205,0.0141866700724,-0.0179482456297,-0.597529172897,-0.801520764828
-0.511432945728,0.016924969852,1.11333537102,0.0142250424251,-0.0182612389326,-0.599492490292,-0.800045609474
-0.51111972332,0.0171115379781,1.11323785782,0.0145663255826,-0.0191542152315,-0.601207613945,-0.798730552197
-0.510844230652,0.0174577292055,1.11319506168,0.0150019070134,-0.0200292933732,-0.602997720242,-0.797350287437
-0.510447382927,0.0177370328456,1.11304700375,0.0158943329006,-0.0216237101704,-0.604506850243,-0.796147763729
-0.510101735592,0.0180026143789,1.11297011375,0.0165118575096,-0.022406630218,-0.606336951256,-0.794720649719
-0.50986045599,0.0185749456286,1.1129784584,0.0161486659199,-0.0221048295498,-0.608487725258,-0.793091118336
-0.509559750557,0.018805988133,1.1127820015,0.0166710671037,-0.0231977235526,-0.610064029694,-0.79183703661
-0.509324610233,0.0192136764526,1.11264371872,0.0170047096908,-0.0240217857063,-0.612005472183,-0.790305733681
-0.50905841589,0.0198131389916,1.1126203537,0.0167755223811,-0.0238481424749,-0.614374399185,-0.788475751877
-0.509125173092,0.0201379787177,1.11266362667,0.0171215217561,-0.0238022990525,-0.617003202438,-0.786414265633
-0.508705496788,0.0204472932965,1.11235427856,0.0177757684141,-0.0255404673517,-0.617868363857,-0.78566557169
-0.508619427681,0.0208257474005,1.11223495007,0.0178875103593,-0.0251616984606,-0.62073558569,-0.783411920071
-0.508239269257,0.0212933104485,1.11210024357,0.0181298367679,-0.0261863004416,-0.622110486031,-0.782281339169
-0.508061349392,0.0217089466751,1.11202263832,0.0187693554908,-0.0268005859107,-0.624084532261,-0.780671596527
-0.50790733099,0.0219898223877,1.11182367802,0.0189118124545,-0.0265639927238,-0.626392960548,-0.778825163841
-0.507473945618,0.0229265745729,1.11159265041,0.0192481670529,-0.0269829034805,-0.629193842411,-0.776541411877
-0.507540583611,0.0229972396046,1.11142969131,0.0196051951498,-0.027151260525,-0.631165742874,-0.774924695492
-0.507384777069,0.0234383642673,1.11132407188,0.0204401034862,-0.027629936114,-0.63349044323,-0.77298694849
-0.507362246513,0.0237887725234,1.1111805439,0.0206429883838,-0.0274249836802,-0.635882616043,-0.771022081375
-0.507277607918,0.0243007428944,1.11099982262,0.0214334540069,-0.0276653505862,-0.638667702675,-0.768686413765
-0.507090628147,0.02498758398,1.11078512669,0.0220105871558,-0.027983346954,-0.641184747219,-0.766560256481
-0.506983101368,0.0253094639629,1.11060464382,0.022916354239,-0.0282667800784,-0.643447637558,-0.764624834061
-0.506835460663,0.025634130463,1.11048316956,0.023318361491,-0.0279653239995,-0.645901978016,-0.762551546097
-0.506737053394,0.0261759143323,1.11035084724,0.02431220375,-0.0280810967088,-0.64831340313,-0.760466992855
-0.506658375263,0.0265582837164,1.11018121243,0.0248225703835,-0.0273593142629,-0.650836348534,-0.758318841457
-0.506460547447,0.0270454119891,1.10996949673,0.0250799711794,-0.0270374193788,-0.653315186501,-0.75618737936
-0.506443798542,0.0276336763054,1.10986340046,0.0258491951972,-0.0265546832234,-0.656131029129,-0.753736615181
-0.506353437901,0.0280795078725,1.10975527763,0.0269068684429,-0.0266223456711,-0.658519387245,-0.751611232758
-0.506257236004,0.0287928860635,1.10951352119,0.0265706889331,-0.0261197127402,-0.661516904831,-0.7490041852
-0.506407022476,0.0291257370263,1.10940206051,0.0275056660175,-0.026292162016,-0.663765192032,-0.746972501278
-0.506405651569,0.0297499727458,1.10917329788,0.0280786361545,-0.0267920214683,-0.666360616684,-0.744618952274
-0.506316483021,0.0303835235536,1.10891377926,0.0280443914235,-0.0268100090325,-0.669187128544,-0.742080509663
-0.506322920322,0.0308666266501,1.10877203941,0.0282913967967,-0.0269211214036,-0.671907365322,-0.739604890347
-0.506445467472,0.0314994081855,1.10856664181,0.0285015255213,-0.0268384236842,-0.674721002579,-0.737033963203
-0.506455421448,0.0322352126241,1.10840415955,0.0283044744283,-0.0267906561494,-0.677742183208,-0.734266042709
-0.506376862526,0.0326604545116,1.10823488235,0.0286731403321,-0.0268836747855,-0.67981916666,-0.732325732708
-0.506302654743,0.0332776419818,1.1081135273,0.0286605805159,-0.0270432475954,-0.683002829552,-0.729352116585
-0.506297826767,0.033962443471,1.10796749592,0.0286843571812,-0.0273758769035,-0.686230421066,-0.726302742958
-0.506244003773,0.0344753302634,1.1079274416,0.0291290991008,-0.0264264121652,-0.688391387463,-0.724272429943
-0.506183028221,0.0350001193583,1.10786116123,0.0293079074472,-0.0264254901558,-0.690991461277,-0.721785008907
-0.505696356297,0.0359395816922,1.10778737068,0.029047107324,-0.0255842544138,-0.694489359856,-0.718461036682
-0.505489468575,0.0365176573396,1.1076310873,0.0293388683349,-0.0258033853024,-0.69746273756,-0.715555250645
-0.505481958389,0.0370138809085,1.10762059689,0.0297965891659,-0.0252375286072,-0.700164973736,-0.712912559509
-0.505422770977,0.0376849919558,1.1075476408,0.0296672098339,-0.025284120813,-0.702811539173,-0.710307359695
-0.50533169508,0.0381448939443,1.1076464653,0.0301057491452,-0.0243789926171,-0.705061793327,-0.708086967468
-0.505458176136,0.0383998900652,1.10757923126,-0.0299082174897,0.0250446386635,0.707686841488,0.705448627472
-0.5050765872,0.0391051732004,1.10750317574,-0.0302281621844,0.0240491237491,0.71045178175,0.702685117722
-0.505246043205,0.0394444279373,1.10747289658,-0.0309197809547,0.0226648319513,0.71279001236,0.700329065323
-0.504932463169,0.0400330349803,1.10747611523,-0.0309615395963,0.0224983263761,0.714847624302,0.69823205471
-0.504833757877,0.0408033914864,1.10725569725,-0.0304765421897,0.0223584342748,0.717956423759,0.695061206818
-0.504624962807,0.0412248335779,1.10709655285,-0.0308749433607,0.0223215594888,0.720343351364,0.692570507526
-0.504621505737,0.0416457206011,1.10698735714,-0.0310783069581,0.0220613330603,0.722511827946,0.690307319164
-0.504581153393,0.0418013259768,1.10702681541,-0.0319130159914,0.0214463826269,0.724231541157,0.688484251499
-0.504720449448,0.0422687157989,1.10701084137,-0.0319691263139,0.020958609879,0.726430475712,0.686176002026
-0.504703819752,0.0425990000367,1.10681557655,-0.0322483144701,0.020647296682,0.728538274765,0.683934032917
-0.506254315376,0.0431208610535,1.10650408268,-0.0305089093745,0.0218303781003,0.730654060841,0.681716561317
-0.506389796734,0.0435210503638,1.10630142689,-0.0305802896619,0.0213793534786,0.732648134232,0.679584264755
-0.506406009197,0.0438939891756,1.10616350174,-0.0308841913939,0.0210520327091,0.734698295593,0.677363574505
-0.506545782089,0.0444243215024,1.10577940941,-0.0305537283421,0.0209801290184,0.737047553062,0.674823820591
-0.506702780724,0.0445334836841,1.1056689024,-0.031150477007,0.020368412137,0.738736152649,0.672966361046
-0.506758093834,0.0450629256666,1.1053276062,-0.030953368172,0.0201434213668,0.741130292416,0.670344769955
-0.507066011429,0.0449984967709,1.10528826714,-0.0323024429381,0.0182974580675,0.742454886436,0.668866574764
-0.506959915161,0.0452975705266,1.10516238213,-0.0323761701584,0.0187428072095,0.744136035442,0.666979849339
-0.506987988949,0.0458723008633,1.10467922688,-0.0320007689297,0.01856075041,0.746571958065,0.664275527
-0.507063031197,0.0460985228419,1.10444188118,-0.0323956422508,0.0179475955665,0.74832457304,0.66229814291
-0.507119715214,0.0462694317102,1.10421621799,-0.032759424299,0.0173264183104,0.749985992908,0.660414874554
-0.507099747658,0.0463619828224,1.10411548615,-0.0336380004883,0.0161689314991,0.751335740089,0.658864021301
-0.507335007191,0.0465992875397,1.10374367237,-0.0342232473195,0.0149658415467,0.753397166729,0.656504094601
-0.507011532784,0.0468090772629,1.10351252556,-0.0352680049837,0.0138771124184,0.754412949085,0.655305087566
-0.506842494011,0.0468464270234,1.10352981091,-0.0359485410154,0.0136490864679,0.755203723907,0.654361486435
-0.506865680218,0.0469828620553,1.10333359241,-0.0364883877337,0.0130587117746,0.75656491518,0.652769267559
-0.506851971149,0.0471159368753,1.10315430164,-0.0370927304029,0.0123829143122,0.757986664772,0.651096761227
-0.506814301014,0.0472796931863,1.1030163765,-0.0376031920314,0.0117249144241,0.759213507175,0.649648845196
-0.50676959753,0.0474155470729,1.10283088684,-0.0381060652435,0.0110448375344,0.760336875916,0.648316204548
-0.506975591183,0.0473734363914,1.10268068314,-0.039021383971,0.00957053527236,0.761425733566,0.647005915642
-0.506930351257,0.0476891249418,1.10246396065,-0.0384883880615,0.0101483883336,0.762730062008,0.645490884781
-0.507086992264,0.0476304963231,1.10241448879,-0.0392378307879,0.00982916262001,0.763616323471,0.644401907921
-0.507542431355,0.0480244010687,1.10206198692,-0.0384326614439,0.00979038793594,0.764896273613,0.64293140173
-0.507278442383,0.0481266453862,1.10195612907,-0.0389719642699,0.00968116149306,0.766126036644,0.641434669495
-0.507481575012,0.0482040271163,1.10194885731,-0.0393408313394,0.0092932023108,0.766914069653,0.640475392342
-0.507687866688,0.0483275875449,1.10190498829,-0.0392111502588,0.00922286789864,0.768103837967,0.639057040215
-0.508176982403,0.0483391135931,1.101952672,-0.0389092862606,0.00951602496207,0.769360780716,0.637557625771
-0.508396148682,0.0484656207263,1.10198676586,-0.0391198769212,0.00913335103542,0.769979417324,0.636802911758
-0.508625209332,0.0486421845853,1.10195231438,-0.0388457775116,0.0092511959374,0.770875990391,0.635732531548
-0.508815169334,0.0487727001309,1.10197746754,-0.0390055477619,0.00904027931392,0.771540105343,0.634919583797
-0.508995294571,0.0486199855804,1.10226273537,-0.0401476472616,0.00827258825302,0.77133089304,0.635112941265
-0.509266972542,0.0487751401961,1.10230123997,-0.040134139359,0.00812895316631,0.771909177303,0.634412586689
-0.509495794773,0.0489371716976,1.10233640671,-0.040093190968,0.00811632536352,0.772334933281,0.633897066116
-0.509828925133,0.0490870922804,1.10237538815,-0.0399906113744,0.00809378642589,0.772716403008,0.633438766003
-0.510120153427,0.0492544621229,1.10238981247,-0.0399517454207,0.00802861899137,0.77312207222,0.632946789265
-0.510512292385,0.0495248548687,1.10249447823,-0.0395538657904,0.00764073710889,0.773701786995,0.63226801157
-0.510833084583,0.0497489273548,1.10254204273,-0.0393932759762,0.00750281149521,0.774117708206,0.631770312786
-0.511126160622,0.0498377382755,1.1025134325,-0.0393303893507,0.00775150675327,0.774320483208,0.631522715092
-0.511157035828,0.0501310378313,1.10239911079,-0.0396234877408,0.00765150459483,0.773987054825,0.631914138794
-0.511474132538,0.0502741336823,1.10240387917,-0.0395271033049,0.00779660930857,0.774106383324,0.631772339344
-0.511747777462,0.0504308268428,1.10238027573,-0.0394701845944,0.00785671826452,0.774282217026,0.631559491158
-0.511992692947,0.0505927726626,1.10236811638,-0.0393259078264,0.00785459019244,0.774365663528,0.631466269493
-0.512250781059,0.0507427304983,1.10233068466,-0.0393249951303,0.00787513609976,0.774445176125,0.631368517876
-0.512508571148,0.050880048424,1.10227704048,-0.0394407398999,0.00791650731117,0.77446013689,0.631342411041
-0.512844562531,0.0510185733438,1.10222816467,-0.0393458679318,0.00806580390781,0.774426877499,0.631387352943
-0.513138592243,0.0511343106627,1.10217452049,-0.0393169671297,0.00821912754327,0.77437120676,0.631455361843
-0.513535380363,0.0513083413243,1.10223674774,-0.0389871522784,0.00794209446758,0.774566590786,0.631239652634
-0.513854205608,0.0513725019991,1.10220360756,-0.0389851294458,0.00813329406083,0.774361491203,0.631489098072
-0.514149665833,0.0514386855066,1.10219490528,-0.0389496646821,0.00837757904083,0.774170935154,0.631721615791
-0.51433801651,0.0514255389571,1.1020898819,-0.0391477569938,0.00907005090266,0.773559987545,0.632447898388
-0.514754056931,0.0514803491533,1.10212540627,-0.0388956926763,0.00944764260203,0.773347437382,0.632717549801
-0.51517111063,0.0515868850052,1.1021502018,-0.0389765650034,0.0097341677174,0.773111999035,0.632996082306
-0.515530467033,0.0516646951437,1.10220205784,-0.0388417690992,0.0100317103788,0.772778630257,0.633406698704
-0.515808165073,0.0516960211098,1.10223555565,-0.0384787246585,0.0104491524398,0.772560238838,0.633688271046
-0.516208589077,0.0517749190331,1.1022837162,-0.0385714992881,0.0106898639351,0.772288858891,0.634009480476
-0.516567111015,0.0519036278129,1.10236263275,-0.0384243354201,0.0112948939204,0.772024095058,0.634330153465
-0.517026662827,0.0519772842526,1.10245049,-0.0381113737822,0.0117629105225,0.77167481184,0.634765505791
-0.517524659634,0.0520032346249,1.10249328613,-0.0378471799195,0.0120581155643,0.771437346935,0.63506424427
-0.51800018549,0.0521089807153,1.10258460045,-0.0375914461911,0.0125408656895,0.771091341972,0.635490238667
-0.518418312073,0.0521813370287,1.10270535946,-0.037590932101,0.0130283236504,0.770755290985,0.635887980461
-0.518806636333,0.0522903911769,1.1027841568,-0.0374288670719,0.0132815651596,0.770366549492,0.636363208294
-0.519185602665,0.052477888763,1.10278236866,-0.0369857922196,0.0137940319255,0.770116209984,0.636681139469
-0.519572556019,0.0527851879597,1.10269618034,-0.0362219810486,0.0146463979036,0.77024525404,0.636549890041
-0.519889354706,0.0528247132897,1.10278606415,-0.0361275598407,0.0148509610444,0.769523262978,0.637423098087
-0.520288944244,0.0528316125274,1.10297584534,-0.0363103747368,0.0146981347352,0.768737077713,0.638364255428
-0.520762860775,0.0529410913587,1.10306620598,-0.0362362526357,0.0150496447459,0.768318891525,0.638863503933
-0.521144151688,0.0530906096101,1.10313415527,-0.0361425615847,0.0152439502999,0.767921328545,0.639342069626
-0.522122681141,0.0529917143285,1.10332500935,-0.0352596342564,0.0163932126015,0.768452167511,0.638724863529
-0.522439777851,0.0531386584044,1.10339093208,-0.035469699651,0.0165368914604,0.767908155918,0.639363288879
-0.522748112679,0.0534504503012,1.10330832005,-0.0348587073386,0.0172050241381,0.767985403538,0.639286637306
-0.523037314415,0.0535509064794,1.10340642929,-0.0351361706853,0.0171384792775,0.767306447029,0.640087902546
-0.523519337177,0.0537689998746,1.10346245766,-0.0350857228041,0.0171941705048,0.766879379749,0.640600860119
-0.523712396622,0.0539256855845,1.10353732109,-0.0353088639677,0.0170956738293,0.76643872261,0.641118407249
-0.52403742075,0.0538219548762,1.10379517078,-0.0361106023192,0.0167749673128,0.765458643436,0.642252087593
-0.524387538433,0.0539828687906,1.10385084152,-0.0362275727093,0.0168227888644,0.764978945255,0.6428155303
-0.524696946144,0.0544085428119,1.10369741917,-0.0356735810637,0.0172233954072,0.764990270138,0.642822444439
-0.525039315224,0.0545676164329,1.10372805595,-0.0357429608703,0.0171789098531,0.764650046825,0.643224418163
-0.525348246098,0.054687641561,1.10374093056,-0.0358784906566,0.0172355361283,0.764199137688,0.6437510252
-0.525722026825,0.054867438972,1.103764534,-0.0359776727855,0.0173614937812,0.763732969761,0.644295156002
-0.526004254818,0.0548012107611,1.10396051407,-0.036829829216,0.01688323915,0.762825787067,0.645333647728
-0.526339352131,0.054965287447,1.10396778584,-0.0371224805713,0.0170052722096,0.762290656567,0.645945668221
-0.526742100716,0.0550906434655,1.10398817062,-0.0371777564287,0.017130209133,0.762035369873,0.646240413189
-0.527062237263,0.0552717223763,1.10397207737,-0.0373471751809,0.0171680878848,0.761688053608,0.646638929844
-0.526817619801,0.0557052455842,1.10386538506,-0.0381333865225,0.0163240544498,0.76058858633,0.647907912731
-0.527139544487,0.0558577254415,1.10389053822,-0.03839116171,0.0164415258914,0.760265111923,0.648269176483
-0.527455866337,0.056056715548,1.10388731956,-0.0385604090989,0.0165750961751,0.760059595108,0.648496627808
-0.527915179729,0.0562902130187,1.10389745235,-0.0385247468948,0.0167349874973,0.759984016418,0.648583054543
-0.528193712234,0.0565333105624,1.10390245914,-0.038705997169,0.0167158544064,0.759795844555,0.648793339729
-0.528493523598,0.0567159354687,1.10390663147,-0.0391268543899,0.0168013572693,0.75950294733,0.649108767509
-0.528823554516,0.0569743961096,1.10384607315,-0.0391838513315,0.0170721486211,0.759423613548,0.649191021919
-0.529659032822,0.0568616986275,1.10402929783,-0.0390339978039,0.0180603619665,0.760096251965,0.648385703564
-0.530023396015,0.0570454113185,1.10404217243,-0.0393032319844,0.0180659238249,0.759996950626,0.648485481739
-0.530363559723,0.0572248734534,1.10402059555,-0.0395437218249,0.0184129793197,0.759781837463,0.648713290691
-0.530631184578,0.0573977716267,1.10399162769,-0.0398867279291,0.0186544042081,0.75968337059,0.648800551891
-0.530880689621,0.0576008036733,1.10393428802,-0.0402418375015,0.0190710537136,0.75948113203,0.649003326893
-0.531199276447,0.0578259378672,1.10385620594,-0.0405185073614,0.0194551758468,0.759466767311,0.648991465569
-0.531471550465,0.0580500364304,1.10377931595,-0.0408264361322,0.0198708213866,0.759386003017,0.649054229259
-0.531745254993,0.0582554452121,1.10370969772,-0.0410617440939,0.0201908592135,0.759296119213,0.649134635925
-0.53191536665,0.0584186762571,1.10364472866,-0.0413455180824,0.0205385256559,0.759125471115,0.649305224419
-0.532170116901,0.0585910305381,1.10358548164,-0.0416009761393,0.0207220818847,0.759037613869,0.649385869503
-0.532361388206,0.0587423145771,1.10349082947,-0.042063459754,0.0213423278183,0.759199202061,0.649146854877
-0.532540857792,0.058906160295,1.10342633724,-0.0426035150886,0.0218167193234,0.75927323103,0.649009525776
-0.532685935497,0.0592614524066,1.10319161415,-0.0424512773752,0.0227477401495,0.759806334972,0.648363113403
-0.532798230648,0.0592540204525,1.10325872898,-0.0432368330657,0.022817241028,0.759397387505,0.648787856102
-0.532937586308,0.0595415979624,1.10310816765,-0.0432777479291,0.0234601460397,0.759713232517,0.648392260075
-0.533018410206,0.0598575137556,1.10305225849,-0.0435710996389,0.0235977303237,0.759342730045,0.648801624775
-0.533177375793,0.05999314785,1.10305070877,-0.0438975431025,0.0240119639784,0.759326219559,0.648783683777
-0.533206880093,0.0599635206163,1.10310292244,-0.0443325452507,0.0244346708059,0.759333252907,0.648729920387
-0.533300280571,0.0600521788001,1.10314822197,-0.0446789301932,0.024790070951,0.759336054325,0.648689508438
-0.5334674716,0.0600175149739,1.10327041149,-0.0452474653721,0.0248456932604,0.759026646614,0.649010121822
-0.533144056797,0.0600270554423,1.10323548317,-0.0462738759816,0.0245164036751,0.758623242378,0.649421691895
-0.533170461655,0.0602730661631,1.10317099094,-0.0462931990623,0.0250786058605,0.759006679058,0.648950517178
-0.533162713051,0.060290325433,1.1032409668,-0.0464707538486,0.0249798391014,0.759028553963,0.648916244507
-0.533177316189,0.0601504296064,1.10344552994,-0.047290880233,0.0243482738733,0.758746743202,0.649210453033
-0.533089339733,0.0603312812746,1.10346853733,-0.0473075434566,0.0239624958485,0.759190738201,0.648704409599
-0.533059716225,0.06042117998,1.10358500481,-0.0477022826672,0.0232660137117,0.759227275848,0.648657977581
-0.533009290695,0.0604136586189,1.10373485088,-0.0480557382107,0.0223521608859,0.759395539761,0.648467063904
-0.532906115055,0.0604366660118,1.10389173031,-0.0483471043408,0.0211067013443,0.75953578949,0.648322820663
-0.532676517963,0.0600844323635,1.10430943966,-0.0496879778802,0.0191899258643,0.759080588818,0.648813843727
-0.532640218735,0.0600630156696,1.10451459885,-0.0501141063869,0.0177962593734,0.759266674519,0.648603141308
-0.532825052738,0.0601987317204,1.10449004173,-0.0494986288249,0.0168351829052,0.760245501995,0.647528707981
-0.532786309719,0.0601815544069,1.10466527939,-0.0498835556209,0.014756064862,0.760185360909,0.64762032032
-0.53277027607,0.0601545535028,1.10478270054,-0.0502261742949,0.0127513241023,0.760188579559,0.647632777691
-0.532702088356,0.0598183125257,1.10501408577,-0.0514468885958,0.0102459918708,0.759457945824,0.648438215256
-0.532698690891,0.0600446164608,1.10482048988,-0.0509456209838,0.00829088035971,0.759983897209,0.647889256477
-0.533129692078,0.0594823434949,1.10491430759,-0.0522405393422,0.00518694566563,0.759166955948,0.648775458336
-0.533082783222,0.0593533925712,1.10476243496,-0.0524592660367,0.00304530211724,0.758923530579,0.649056255817
-0.533378243446,0.0594686083496,1.10438156128,-0.0518940985203,0.00146645156201,0.759345412254,0.648613452911
-0.533772408962,0.0594059228897,1.104180336,-0.0516477487981,0.000609163835179,0.758840620518,0.649225056171
-0.533410310745,0.0590877756476,1.1039378643,-0.0530340522528,-0.00182544370182,0.75807762146,0.650001883507
-0.533798754215,0.0588190183043,1.10357189178,-0.0528878942132,-0.0032065177802,0.7581397295,0.649936079979
-0.534147083759,0.0585901364684,1.10310745239,-0.052973434329,-0.00468761427328,0.757866680622,0.650238513947
-0.534775853157,0.0585310384631,1.1024235487,-0.0528746843338,-0.00679841265082,0.758128643036,0.649922311306
-0.535170912743,0.0583037286997,1.10184812546,-0.0527259856462,-0.00808841828257,0.757834196091,0.650262951851
-0.535486578941,0.0577929541469,1.10150098801,-0.053683348,-0.0095049161464,0.7570733428,0.651051282883
-0.535880804062,0.05752941221,1.10101079941,-0.0531419999897,-0.0106023550034,0.756907999516,0.651270866394
-0.536111056805,0.0573759153485,1.10033500195,-0.0539929382503,-0.0120625123382,0.756518423557,0.651628255844
-0.536345779896,0.0571425929666,1.09990906715,-0.0529902167618,-0.0116551248357,0.756695568562,0.651512205601
-0.536690115929,0.0572732724249,1.099152565,-0.0522299818695,-0.0121747190133,0.757048606873,0.651153743267
-0.536841630936,0.0568431317806,1.09883999825,-0.0531036145985,-0.0133525812998,0.756383776665,0.651832401752
-0.535489737988,0.0566186830401,1.0985814333,-0.0554304793477,-0.0157781913877,0.755521953106,0.652583658695
-0.535768568516,0.0565573200583,1.09815454483,-0.0551254972816,-0.0165020767599,0.755324959755,0.652819514275
-0.536065816879,0.0563459396362,1.09780359268,-0.0552739016712,-0.018102562055,0.755057990551,0.653073251247
-0.536128044128,0.0566759631038,1.09740030766,-0.0547008551657,-0.0186452046037,0.755407214165,0.652702271938
-0.535966515541,0.0567729324102,1.0972533226,-0.0541844069958,-0.0193747393787,0.755228221416,0.652931213379
-0.535740494728,0.056946836412,1.09722089767,-0.0536916106939,-0.0192573238164,0.755072832108,0.65315502882
-0.535547196865,0.0569883212447,1.09725558758,-0.0536323040724,-0.0200245045125,0.754852235317,0.653391718864
-0.535474777222,0.057011038065,1.09727859497,-0.0534070134163,-0.0217054672539,0.754765331745,0.653457164764
-0.53530973196,0.0568970926106,1.09769117832,-0.0535000897944,-0.0213452409953,0.754372775555,0.65391433239
-0.53511852026,0.0572772324085,1.09771215916,-0.0525864958763,-0.0216437522322,0.754649817944,0.653658986092
-0.53506565094,0.057269603014,1.09803640842,-0.0523857697845,-0.022654382512,0.754191994667,0.654169142246
-0.534484982491,0.0574052333832,1.09821546078,-0.0527174733579,-0.0232547093183,0.753318488598,0.655127048492
-0.534306645393,0.0575267598033,1.09876906872,-0.0522378645837,-0.0237384960055,0.752740085125,0.655812442303
-0.534067809582,0.0576384328306,1.09910857677,-0.0518954880536,-0.0241245552897,0.752204120159,0.656440317631
-0.533954739571,0.0578021407127,1.09940552711,-0.0510914176702,-0.0243764743209,0.75172662735,0.657040774822
-0.533759057522,0.0580357164145,1.09965574741,-0.0505292527378,-0.024636676535,0.751058995724,0.657837569714
-0.533498585224,0.0581266246736,1.09997582436,-0.0498910434544,-0.0249541886151,0.750371575356,0.658658206463
-0.533344864845,0.0585050396621,1.10012412071,-0.0489063970745,-0.0248082019389,0.750112533569,0.659032762051
-0.533244073391,0.0586535334587,1.10035252571,-0.0481182336807,-0.0247070882469,0.749541699886,0.659743487835
-0.533079862595,0.0585469007492,1.10067999363,-0.0478206314147,-0.0249612443149,0.748586893082,0.660838782787
-0.532667636871,0.0588756725192,1.10074591637,-0.0473247617483,-0.0249995216727,0.747898519039,0.661651909351
-0.532644867897,0.0585623979568,1.10117316246,-0.0474437475204,-0.024754697457,0.747067034245,0.662591338158
-0.532527506351,0.0585272982717,1.10137927532,-0.0469736605883,-0.024521348998,0.746431946754,0.663348853588
-0.532462775707,0.0584533587098,1.10150551796,-0.0465191118419,-0.0242517534643,0.745987892151,0.663890063763
-0.532395422459,0.0583007112145,1.10162782669,-0.0459555238485,-0.0238703489304,0.745562195778,0.664421081543
-0.532397091389,0.0581056848168,1.10171568394,-0.0456744134426,-0.0233325306326,0.745043575764,0.665040969849
-0.532386898994,0.0579090192914,1.1017947197,-0.0453076697886,-0.022874718532,0.744686484337,0.665481805801
-0.532383084297,0.057634036988,1.10192143917,-0.0448155663908,-0.022388683632,0.744452118874,0.665793716908
-0.532410144806,0.0573674105108,1.10199189186,-0.0443987250328,-0.0218144189566,0.744120538235,0.66621118784
-0.532357513905,0.0570552051067,1.10203719139,-0.0440890938044,-0.0213843453676,0.743765175343,0.666642546654
-0.532360970974,0.0566473603249,1.1020809412,-0.043647505343,-0.0208589397371,0.743608891964,0.666862666607
-0.532266199589,0.0562864989042,1.10205554962,-0.0434313751757,-0.0202509537339,0.74345189333,0.667070508003
-0.532199561596,0.0558900907636,1.10208201408,-0.0432009287179,-0.0197433643043,0.743116140366,0.66747456789
-0.532183170319,0.0554590336978,1.1021091938,-0.0429550223053,-0.0193193405867,0.742889881134,0.667754709721
-0.532134532928,0.0549766533077,1.10216426849,-0.0427737496793,-0.0190364830196,0.74248701334,0.668222308159
-0.532076537609,0.0545165613294,1.10219192505,-0.0425817966461,-0.0185530986637,0.742143630981,0.668629586697
-0.532336235046,0.0542344637215,1.10213184357,-0.0412658601999,-0.0175333265215,0.742615878582,0.668215095997
-0.531973719597,0.0534805692732,1.10228514671,-0.0422505103052,-0.0178789440542,0.741294562817,0.669610023499
-0.532214283943,0.0532022900879,1.10218298435,-0.0407932661474,-0.0165527630597,0.742201030254,0.668729841709
-0.532211363316,0.0524636469781,1.10241246223,-0.0409654006362,-0.0166259538382,0.741296947002,0.669719517231
-0.53199917078,0.0521801039577,1.1023901701,-0.0405768863857,-0.0165684707463,0.740477263927,0.670650839806
-0.531923651695,0.0517165772617,1.10240018368,-0.0402459874749,-0.0166070368141,0.739861369133,0.671349227428
-0.53182798624,0.0513336323202,1.10241985321,-0.039780087769,-0.0165538024157,0.739365577698,0.671924114227
-0.531755268574,0.0509326793253,1.1024633646,-0.0393040515482,-0.0165203157812,0.738839864731,0.67253100872
-0.531578660011,0.0505014955997,1.10250818729,-0.039016418159,-0.0165721736848,0.738152503967,0.673300802708
-0.531560957432,0.0502538345754,1.10235071182,-0.037878330797,-0.0161736737937,0.738212049007,0.673310160637
-0.531525671482,0.0495958551764,1.10256958008,-0.0380283296108,-0.0163183696568,0.737009227276,0.674614787102
-0.531238675117,0.0496643334627,1.10237371922,-0.0370643399656,-0.0167321134359,0.736250936985,0.675485610962
-0.531112372875,0.0492656901479,1.10244464874,-0.0367887206376,-0.0168081149459,0.73531383276,0.676518797874
-0.531082332134,0.0485867634416,1.10269391537,-0.0371188111603,-0.017262334004,0.733764410019,0.678169667721
-0.5310562253,0.0482973307371,1.10274839401,-0.0366477258503,-0.0174547005445,0.732890367508,0.679134726524
-0.531175255775,0.0478208214045,1.10279858112,-0.0360081531107,-0.0171732399613,0.732191264629,0.67992991209
-0.531417250633,0.0474451035261,1.10268294811,-0.0350826270878,-0.0163036286831,0.731370151043,0.680882632732
-0.531155109406,0.0473943129182,1.10277402401,-0.0346063971519,-0.0170940719545,0.730570495129,0.681745648384
-0.531150221825,0.0471570044756,1.10283315182,-0.0341860093176,-0.0173667874187,0.72962975502,0.682766497135
-0.53114002943,0.0468406043947,1.10288667679,-0.0338940620422,-0.0176116749644,0.728622734547,0.683849453926
-0.531132340431,0.0462864786386,1.10318696499,-0.0341444611549,-0.0181280486286,0.72705835104,0.68548643589
-0.531151294708,0.0459601469338,1.10326933861,-0.0338929593563,-0.0182237159461,0.725889325142,0.686734199524
-0.531175196171,0.0456877984107,1.10333871841,-0.0336315222085,-0.0183713100851,0.724807560444,0.687884688377
-0.531214594841,0.0456983372569,1.10316944122,-0.0326826348901,-0.0181630197912,0.724157035351,0.688620865345
-0.531217217445,0.0453832224011,1.10324120522,-0.0326305143535,-0.018333742395,0.722993910313,0.689839780331
-0.531308174133,0.0449092872441,1.10346734524,-0.032835572958,-0.0185588635504,0.721503674984,0.691382527351
-0.531445324421,0.0445187240839,1.10356962681,-0.0329725258052,-0.0187419448048,0.720140814781,0.692790687084
-0.531539440155,0.0442669019103,1.10363698006,-0.0328426882625,-0.0188108943403,0.719016909599,0.693961203098
-0.531631588936,0.0442396625876,1.10368072987,-0.032431256026,-0.0192511249334,0.717648029327,0.695384085178
-0.531666040421,0.0437716059387,1.10374867916,-0.0328555591404,-0.0190737154335,0.716153204441,0.696908473969
-0.531724095345,0.0438825599849,1.10364449024,-0.0320045351982,-0.0190059915185,0.715508401394,0.697611927986
-0.53179448843,0.0434586554766,1.10388970375,-0.0325916185975,-0.0192851256579,0.713934540749,0.699187636375
-0.531925916672,0.0431997776031,1.103972435,-0.0327284745872,-0.0192476697266,0.712713956833,0.700426638126
-0.532130360603,0.0428938120604,1.10402822495,-0.032658457756,-0.018484223634,0.711198925972,0.701988518238
-0.532393813133,0.0424787923694,1.10411381721,-0.0331737920642,-0.0187197942287,0.709787487984,0.703385353088
-0.532511293888,0.0421678610146,1.10423612595,-0.0337492637336,-0.0187239088118,0.708411097527,0.704744160175
-0.532683312893,0.0418200455606,1.10428607464,-0.0336938276887,-0.0191045533866,0.707212507725,0.705939292908
-0.532759964466,0.0417165122926,1.10432863235,0.0341846570373,0.0184649880975,-0.706231117249,-0.706914424896
-0.532772362232,0.0415415987372,1.10407829285,0.0340623371303,0.0184283256531,-0.705118238926,-0.708031535149
-0.532828569412,0.0414472408593,1.1040995121,0.0347338542342,0.017788015306,-0.703904688358,-0.709221720695
-0.533013999462,0.0409550219774,1.10436928272,0.0357975661755,0.018015017733,-0.702347040176,-0.710705757141
-0.533152401447,0.0407203137875,1.10441184044,0.0363331921399,0.0179121047258,-0.70109128952,-0.711920142174
-0.532996535301,0.0412200428545,1.10421395302,0.0359515808523,0.0183668881655,-0.70068436861,-0.712328314781
-0.533271253109,0.0407113283873,1.10433959961,0.0367977321148,0.017715992406,-0.69917935133,-0.71377903223
-0.533098697662,0.0409085378051,1.10437607765,0.0373985879123,0.0180516839027,-0.698417067528,-0.714485347271
-0.533583283424,0.0402869060636,1.10465371609,0.0385688133538,0.01761084795,-0.696780145168,-0.716030597687
-0.5337266922,0.0401845648885,1.10462284088,0.0392250828445,0.0169169791043,-0.695811510086,-0.716953098774
-0.533962130547,0.0403064712882,1.10479080677,0.0395035408437,0.017180711031,-0.69539296627,-0.717337489128
-0.534073174,0.040349110961,1.10490822792,0.040226880461,0.01684422791,-0.694558978081,-0.718112885952
-0.534263849258,0.0403634086251,1.10499954224,0.0409885346889,0.0167121384293,-0.69411700964,-0.71850001812
-0.534475624561,0.0406360700727,1.10505545139,0.0414501838386,0.0164713878185,-0.6938585639,-0.718728721142
-0.534767866135,0.0406576246023,1.10517776012,0.0421367362142,0.0164923164994,-0.693323194981,-0.71920478344
-0.534905135632,0.0408527068794,1.10515701771,0.0429740436375,0.0159511175007,-0.692843258381,-0.719629883766
-0.535198032856,0.0410118401051,1.10526800156,0.0437290109694,0.015795905143,-0.69231826067,-0.720092952251
-0.535407602787,0.0411301702261,1.10521531105,0.0445025488734,0.0151983723044,-0.691950082779,-0.720412135124
-0.535613894463,0.0416461527348,1.10507500172,0.0443110391498,0.0153976501897,-0.691895961761,-0.720471739769
-0.535862565041,0.041591770947,1.10522472858,0.0454892627895,0.0145245129243,-0.691108882427,-0.721171498299
-0.535956084728,0.0422000922263,1.10510420799,0.0453527532518,0.0153892599046,-0.690997958183,-0.721268415451
-0.53633505106,0.0421857610345,1.10512828827,0.0459606274962,0.0137961022556,-0.690144002438,-0.722079277039
-0.536618113518,0.0429789461195,1.10500907898,0.0452421680093,0.014048227109,-0.690234303474,-0.722033560276
-0.536848902702,0.0429711714387,1.10519564152,0.0458333045244,0.0137315411121,-0.689297914505,-0.722896456718
-0.537053346634,0.0434536635876,1.10522425175,0.0459086149931,0.0135698420927,-0.68867880106,-0.723484396935
-0.53710347414,0.0438497774303,1.10522758961,0.0461414344609,0.0134795149788,-0.687846779823,-0.724262535572
-0.537305414677,0.0442401207983,1.10531842709,0.0460651963949,0.0135779045522,-0.687291562557,-0.724792361259
-0.537170469761,0.0449600219727,1.10530543327,0.0457869432867,0.014151901938,-0.687041342258,-0.725036263466
-0.537280738354,0.0454299971461,1.10535311699,0.0456318706274,0.0143199209124,-0.686384856701,-0.725664138794
-0.537378489971,0.0457133986056,1.10549354553,0.0457395799458,0.014910406433,-0.685247242451,-0.726719975471
-0.53740799427,0.0460996069014,1.10552680492,0.0457223132253,0.0150700202212,-0.684450387955,-0.727468252182
-0.537774503231,0.0463826693594,1.10551714897,0.0452205203474,0.0148198613897,-0.683591544628,-0.72831171751
-0.537555396557,0.0468625947833,1.10564756393,0.0451357662678,0.015680173412,-0.682908654213,-0.728939473629
-0.537557482719,0.0472699962556,1.10568249226,0.0451919622719,0.015858951956,-0.682035386562,-0.729749262333
-0.537535429001,0.0476142242551,1.10566842556,0.0450677424669,0.0161002632231,-0.680980443954,-0.73073631525
-0.537450194359,0.0479526184499,1.1055546999,0.0449320673943,0.0162533149123,-0.679880738258,-0.731764495373
-0.537421941757,0.04829512164,1.10554003716,0.0449988879263,0.0163431409746,-0.67874956131,-0.732807695866
-0.5374584198,0.0485041663051,1.1055431366,0.0447656959295,0.0166306830943,-0.677722811699,-0.73376506567
-0.537425100803,0.0485911481082,1.10551321507,0.0452276729047,0.0166381150484,-0.676252007484,-0.735092461109
-0.537410199642,0.0488846190274,1.10536289215,0.0448921360075,0.0163633357733,-0.67528885603,-0.736004054546
-0.537308692932,0.0490185283124,1.10517907143,0.0453225597739,0.0159637071192,-0.67386174202,-0.737293422222
-0.537368297577,0.0492804162204,1.10520410538,0.045066203922,0.0163440518081,-0.672773241997,-0.738294064999
-0.537680029869,0.0491610690951,1.10520088673,0.0453090891242,0.0157811250538,-0.671053230762,-0.73985517025
-0.537679255009,0.0492340177298,1.10516095161,0.0457136631012,0.0159297119826,-0.669748961926,-0.741008043289
-0.537810564041,0.0496194288135,1.10519218445,0.0456985384226,0.0169593244791,-0.668825924397,-0.741819322109
-0.537748634815,0.0497846379876,1.10514092445,0.0460870712996,0.0169937033206,-0.667518913746,-0.742970943451
-0.537695229053,0.04993378371,1.10506796837,0.0462205931544,0.0173524543643,-0.666357398033,-0.743996202946
-0.53791475296,0.0503259301186,1.10501933098,0.0462496429682,0.0174981243908,-0.665766954422,-0.744519472122
-0.537766814232,0.050450630486,1.10496890545,0.0464266501367,0.0171850509942,-0.663992106915,-0.746099114418
-0.537458837032,0.0506446659565,1.10495722294,0.0473404712975,0.0173312351108,-0.662804365158,-0.747093617916
-0.537632584572,0.0510437935591,1.10493123531,0.0469751246274,0.0176311489195,-0.662186145782,-0.747657716274
-0.537629842758,0.0512990877032,1.10490822792,0.0471490100026,0.0179454404861,-0.661331355572,-0.748395442963
-0.537623286247,0.0516766682267,1.10500180721,0.0476429946721,0.0190212503076,-0.66142976284,-0.748250722885
-0.537394225597,0.0518773123622,1.1049541235,0.0479019880295,0.0188544709235,-0.659902751446,-0.749585449696
-0.537523090839,0.0524605326355,1.10510885715,0.0477079488337,0.0195620227605,-0.659693300724,-0.749763965607
-0.537493109703,0.0528261326253,1.10514187813,0.0475153028965,0.0202876999974,-0.659051179886,-0.750321507454
-0.537335038185,0.0532254353166,1.10517156124,0.0477837212384,0.0208978503942,-0.658303678036,-0.750943720341
-0.537158429623,0.0534948036075,1.10509872437,0.0481777228415,0.0208800639957,-0.65707719326,-0.751992464066
-0.53710860014,0.0540663301945,1.10524654388,0.0479245148599,0.0218269508332,-0.656470417976,-0.752511560917
-0.537041246891,0.0545252040029,1.10529720783,0.047889765352,0.0225154999644,-0.655781269073,-0.753094017506
-0.536927521229,0.0550031960011,1.10535645485,0.04818495363,0.0229854937643,-0.655087769032,-0.753664374352
-0.537255167961,0.0557649545372,1.10541319847,0.0472463704646,0.0239764433354,-0.655550837517,-0.753290116787
-0.536587536335,0.0563422292471,1.10559415817,0.0472539104521,0.0252672862262,-0.65473896265,-0.75395321846
-0.536728739738,0.0564795620739,1.10550117493,0.0474201105535,0.0248337611556,-0.653055846691,-0.75541561842
-0.536777555943,0.0571302585304,1.10557246208,0.0469872951508,0.0257849358022,-0.652416348457,-0.755963146687
-0.536979854107,0.0575877279043,1.10547327995,0.0467858053744,0.0262928083539,-0.651790440083,-0.756497859955
-0.536944210529,0.0580078847706,1.10554778576,0.0467218197882,0.0268274676055,-0.651080310345,-0.757094323635
-0.536991477013,0.0583513900638,1.10543811321,0.0468837432563,0.0270524416119,-0.650288641453,-0.757756471634
-0.53706818819,0.0587112978101,1.10538470745,0.0469617247581,0.0273775160313,-0.649696469307,-0.758247673512
-0.537238657475,0.0589885413647,1.10532701015,0.0468575544655,0.0276902318001,-0.649220407009,-0.758650541306
-0.537389039993,0.0592333674431,1.10522830486,0.0471917241812,0.0278231576085,-0.64866822958,-0.759097099304
-0.537504851818,0.0594532042742,1.10511159897,0.0477064102888,0.0279694218189,-0.648216664791,-0.75944519043
-0.537416279316,0.0598963685334,1.10500669479,0.0477540828288,0.0289416518062,-0.648363053799,-0.759280800819
-0.537653148174,0.0600630566478,1.10495245457,0.0480141527951,0.0292413458228,-0.648380577564,-0.759238064289
-0.538131117821,0.0599337741733,1.10488533974,0.0484311133623,0.028644958511,-0.64781999588,-0.759712517262
-0.538390517235,0.0600675530732,1.10477924347,0.0489002391696,0.0283831246197,-0.647803902626,-0.759706139565
-0.538776278496,0.0602547936141,1.10478758812,0.0491765290499,0.0294076316059,-0.648407459259,-0.759134232998
-0.538569569588,0.0605549104512,1.10451066494,0.0496800653636,0.0290768425912,-0.648042798042,-0.759425520897
-0.538784682751,0.0606002025306,1.10444641113,0.0503524541855,0.0288730952889,-0.648112893105,-0.759329140186
-0.539035618305,0.0605317354202,1.10444808006,0.0510153658688,0.0289718303829,-0.648074567318,-0.759313762188
-0.539850592613,0.0603515282273,1.10450434685,0.0513719022274,0.028013439849,-0.648035407066,-0.759359240532
-0.539934813976,0.060171097517,1.10437619686,0.0525769740343,0.0275427158922,-0.647970855236,-0.759348928928
-0.539982199669,0.0604620464146,1.10438656807,0.0528759993613,0.0282312650234,-0.648635923862,-0.758734881878
-0.540276885033,0.0603835135698,1.1043639183,0.0540064536035,0.0279491767287,-0.648831605911,-0.758498430252
-0.540618300438,0.0603333152831,1.10438501835,0.0546017959714,0.027805769816,-0.649139523506,-0.758197426796
-0.541297733784,0.0600287541747,1.10441172123,0.0551548190415,0.0268326010555,-0.64920771122,-0.758134126663
-0.54158115387,0.0600633434951,1.10443282127,0.0560508035123,0.0267040003091,-0.649279475212,-0.758011460304
-0.542112827301,0.0601059645414,1.10441434383,0.0572962164879,0.0270446445793,-0.649490952492,-0.757725179195
-0.542210161686,0.0603695288301,1.10445284843,0.0577299445868,0.027394220233,-0.650025784969,-0.757220804691
-0.542394697666,0.0606558546424,1.10452353954,0.057119820267,0.0267817471176,-0.650900125504,-0.756537616253
-0.542746424675,0.0606450587511,1.104560256,0.0573618896306,0.0264800526202,-0.650996804237,-0.756446659565
-0.54343611002,0.060356631875,1.10465836525,0.0576946251094,0.0255786534399,-0.650671362877,-0.756732344627
-0.543987095356,0.06040744856,1.1045691967,0.0584634169936,0.0253249909729,-0.650440394878,-0.756880581379
-0.544009506702,0.0608190596104,1.10469174385,0.0584965646267,0.0256251618266,-0.650956332684,-0.756424129009
-0.54403346777,0.060813497752,1.10477375984,0.0581381544471,0.0249493103474,-0.651650071144,-0.755876779556
-0.544560670853,0.0607366375625,1.10481309891,0.058268494904,0.0237259138376,-0.651589095592,-0.755958735943
-0.544815480709,0.0608722865582,1.10488462448,0.0581680238247,0.022949250415,-0.651740312576,-0.755860090256
-0.54506868124,0.0610950030386,1.10487484932,0.0577445626259,0.0223619360477,-0.652106881142,-0.755593836308
-0.545417904854,0.061352185905,1.10497295856,0.0570539794862,0.0215343609452,-0.652250647545,-0.755546271801
-0.545680522919,0.0615795105696,1.10505890846,0.0566145256162,0.0207014773041,-0.65250313282,-0.755384504795
-0.546221733093,0.0618072375655,1.10512137413,0.0568208806217,0.0205951165408,-0.652978420258,-0.754961192608
-0.546550631523,0.0618993863463,1.10527849197,0.0565013289452,0.0195751655847,-0.653357923031,-0.7546839118
-0.546708345413,0.0622455328703,1.10532438755,0.0557023286819,0.0185527671129,-0.65376573801,-0.754415988922
-0.546870172024,0.0624885484576,1.10546541214,0.0548804178834,0.017827834934,-0.653965830803,-0.754320204258
-0.547037005424,0.0628729239106,1.1056125164,0.0541224181652,0.0169325135648,-0.654110133648,-0.754270493984
-0.546908915043,0.0635069534183,1.10571622849,0.0526648834348,0.0166189223528,-0.65446472168,-0.75407320261
-0.546939492226,0.0636618211865,1.10593748093,0.0520851463079,0.01564075239,-0.654469251633,-0.754130363464
-0.547020614147,0.0638494193554,1.10588753223,0.0515490993857,0.0140352426097,-0.653924465179,-0.754671156406
-0.54699754715,0.0642116740346,1.10618877411,0.0505825355649,0.01316126436,-0.653934061527,-0.754743993282
-0.547241449356,0.0643981993198,1.10635757446,0.0489263981581,0.0115427235141,-0.653843820095,-0.754957795143
-0.547258555889,0.0647134780884,1.10672736168,0.0491239838302,0.0114183807746,-0.654210209846,-0.75462937355
-0.547122299671,0.0654614344239,1.1066006422,0.0472754575312,0.0109549928457,-0.654385685921,-0.754602193832
-0.546961724758,0.0658308789134,1.10672187805,0.0456969477236,0.00986034050584,-0.654399096966,-0.754702866077
-0.547246873379,0.0663725733757,1.10697221756,0.0448237620294,0.0101028718054,-0.654972434044,-0.754254579544
-0.547371387482,0.0664741769433,1.10711205006,0.0433446280658,0.00855896342546,-0.654801666737,-0.754508376122
-0.547309696674,0.0671637952328,1.10709691048,0.0425467938185,0.00865320581943,-0.655128598213,-0.754268884659
-0.547564864159,0.0674190595746,1.10721516609,0.0418891012669,0.00787249021232,-0.655146181583,-0.754298985004
-0.547427475452,0.0678227692842,1.10723114014,0.0411137677729,0.00658543454483,-0.654732584953,-0.754712820053
-0.54741859436,0.0682348310947,1.10741198063,0.0391495749354,0.00610478268936,-0.655334889889,-0.754298508167
-0.547165691853,0.0689765587449,1.10739541054,0.0383235178888,0.00546174822375,-0.655876636505,-0.753874897957
-0.547197163105,0.0693991184235,1.10745239258,0.0374610461295,0.00494123343378,-0.656404435635,-0.753462255001
-0.547477602959,0.0696627944708,1.10749840736,0.0362005494535,0.0037425076589,-0.656700015068,-0.753273308277
-0.547163069248,0.0703813284636,1.10747373104,0.0351042598486,0.00371462316252,-0.657936632633,-0.752245545387
-0.547205865383,0.0708022192121,1.1074244976,0.0340761393309,0.00307806907222,-0.658749461174,-0.75158405304
-0.547317504883,0.0712606012821,1.10735297203,0.0328669771552,0.00201099226251,-0.659631669521,-0.750867486
-0.547558188438,0.0716216787696,1.10730659962,0.0323296748102,0.00145753030665,-0.660550236702,-0.750084102154
-0.54789686203,0.0718323513865,1.10729491711,0.0310149062425,-0.000499113637488,-0.661407232285,-0.749385356903
-0.547857940197,0.0723148956895,1.10722303391,0.0299398563802,-0.00107208790723,-0.662532806396,-0.748433589935
-0.547919094563,0.0728299319744,1.10716748238,0.0291524678469,-0.00184107653331,-0.663635551929,-0.747485518456
-0.548773169518,0.0735937580466,1.10698461533,0.0266655534506,-0.00308083812706,-0.664874136448,-0.74647295475
-0.548768818378,0.0741760358214,1.10690999031,0.0258176568896,-0.00375824025832,-0.666095674038,-0.74540990591
-0.548807442188,0.0747234672308,1.10687184334,0.0258134137839,-0.00406967010349,-0.667258858681,-0.744367361069
-0.548721909523,0.0751921907067,1.10680305958,0.0247427932918,-0.00485836947337,-0.668385744095,-0.743387341499
-0.548785030842,0.0757445693016,1.10666334629,0.0246208496392,-0.00599040137604,-0.670013844967,-0.741916179657
-0.548573076725,0.0760664641857,1.10669958591,0.0240715462714,-0.00632943259552,-0.670714020729,-0.741298437119
-0.548587918282,0.0766732618213,1.10658323765,0.02362366952,-0.00707333162427,-0.671979904175,-0.740158855915
-0.549071013927,0.0774843245745,1.10629534721,0.0226840879768,-0.0076911742799,-0.673488914967,-0.738809168339
-0.548396527767,0.0776532441378,1.10647177696,0.0231412854046,-0.00801316462457,-0.674508452415,-0.737860798836
-0.548359155655,0.078194513917,1.10638785362,0.0229661744088,-0.00858328770846,-0.675772547722,-0.736702442169
-0.548339545727,0.0785552561283,1.10636889935,0.022889001295,-0.00921575725079,-0.676888465881,-0.735672056675
-0.548379659653,0.0792837366462,1.10632717609,0.0220840740949,-0.00954930204898,-0.678760945797,-0.733965098858
-0.547077536583,0.0797113925219,1.10639476776,0.0240142662078,-0.00897557381541,-0.680265963078,-0.732517004013
-0.547237694263,0.0799629166722,1.10636866093,0.0237255729735,-0.0102547286078,-0.681350946426,-0.731500446796
-0.547118127346,0.0808080509305,1.10626292229,0.0239371135831,-0.010038129054,-0.683226466179,-0.729745209217
-0.547266542912,0.0808910354972,1.10623109341,0.0242884494364,-0.0115712834522,-0.683898866177,-0.729080617428
-0.546963393688,0.0818508788943,1.10608768463,0.0241551417857,-0.0118067646399,-0.685855269432,-0.72724121809
-0.547241389751,0.0820589736104,1.10606968403,0.0244299452752,-0.0132423844188,-0.687010586262,-0.726115942001
-0.546849787235,0.0829039588571,1.10604357719,0.0239489264786,-0.013549474068,-0.688816487789,-0.724413394928
-0.547062695026,0.083115413785,1.10605144501,0.023907288909,-0.0150341475382,-0.689905285835,-0.723348617554
-0.546832978725,0.0839939936996,1.10596561432,0.0237139798701,-0.0150163061917,-0.691836535931,-0.721508443356
-0.546725332737,0.0845276936889,1.10593569279,0.0241114124656,-0.0158271677792,-0.693287193775,-0.720084011555
-0.546739399433,0.0856137052178,1.10584259033,0.0231231283396,-0.0157922077924,-0.695615589619,-0.717868387699
-0.547843813896,0.0858989804983,1.10571920872,0.0226278118789,-0.0191227905452,-0.696462213993,-0.716981768608
-0.546708464622,0.0863817483187,1.10572075844,0.0241606030613,-0.0191077608615,-0.698200821877,-0.715239107609
-0.546615242958,0.0869340151548,1.10568463802,0.0244303047657,-0.0196020212024,-0.699768960476,-0.713682293892
-0.546594262123,0.0875736996531,1.10561823845,0.0246869586408,-0.02063206397,-0.701300084591,-0.712139904499
-0.546823263168,0.0876655802131,1.10572290421,0.0255738776177,-0.0209930259734,-0.702018678188,-0.711389660835
-0.547576963902,0.0887315198779,1.10541176796,0.0233996957541,-0.0232544541359,-0.703732728958,-0.709698438644
-0.546637415886,0.0888275802135,1.10551297665,0.0258876439184,-0.0235776398331,-0.704551160336,-0.70878893137
-0.546170532703,0.089791201055,1.10538744926,0.0261364076287,-0.0237976890057,-0.70607483387,-0.707254469395
-0.54640686512,0.0904642865062,1.10538041592,-0.0267255529761,0.0243599358946,0.707504808903,0.705782830715
-0.547427415848,0.0911238715053,1.10531699657,-0.025370111689,0.0266742743552,0.708303928375,0.704947113991
-0.546091794968,0.0915112867951,1.10518109798,-0.0272480808198,0.0264443811029,0.709184467793,0.703999817371
-0.54595553875,0.0921686068177,1.10518431664,-0.0283868536353,0.0274786278605,0.710090458393,0.703001201153
-0.546147108078,0.0928306952119,1.10505318642,-0.0289125647396,0.0282209590077,0.711273431778,0.701753556728
-0.545963764191,0.0933398753405,1.10506665707,-0.0291659850627,0.0292416699231,0.7116792202,0.701289474964
-0.546097099781,0.0937208384275,1.10495579243,-0.0295248962939,0.0306490566581,0.712462306023,0.700418829918
-0.54590266943,0.0947105661035,1.10495865345,-0.0296477694064,0.0306091438979,0.713622808456,0.699232935905
-0.546966731548,0.0955088436604,1.10476601124,-0.02873490192,0.0329398848116,0.714171111584,0.698605000973
-0.545893549919,0.0965355187654,1.1048271656,-0.0306401457638,0.0317267626524,0.715647995472,0.697067081928
-0.545774161816,0.0972440764308,1.10469150543,-0.0312259010971,0.0327822379768,0.716145217419,0.696481466293
-0.545757293701,0.0975341573358,1.10475683212,-0.0320359058678,0.0340057760477,0.716638565063,0.695878267288
-0.545729458332,0.0981186553836,1.10477757454,-0.0328000970185,0.0347166731954,0.716949701309,0.6954870224
-0.545888066292,0.0985863357782,1.10478329659,-0.0331568792462,0.0359605178237,0.717638671398,0.694695770741
-0.545539200306,0.0995909124613,1.10466277599,-0.0333123020828,0.0359937772155,0.718546688557,0.693747520447
-0.545621275902,0.100880138576,1.104565382,-0.0324887894094,0.0364337041974,0.719831883907,0.692429840565
-0.54670804739,0.101109184325,1.10457086563,-0.0325298719108,0.0389047674835,0.71975082159,0.692378044128
-0.545705974102,0.101315051317,1.10475969315,-0.0346510224044,0.0386477410793,0.71976339817,0.692276120186
-0.545372664928,0.102212302387,1.1046257019,-0.0351195447147,0.0390249677002,0.720402300358,0.69156652689
-0.545316517353,0.10282189399,1.10463106632,-0.0360908769071,0.0398349426687,0.720369756222,0.691504240036
-0.545310497284,0.103519648314,1.10460066795,-0.0362051054835,0.0406159423292,0.720897614956,0.690902352333
-0.545226693153,0.104596838355,1.1044652462,-0.0361030809581,0.0406096614897,0.721510589123,0.690268039703
-0.54511231184,0.105178207159,1.1044331789,-0.0367276109755,0.0412085205317,0.721571624279,0.690135896206
-0.546227812767,0.105532310903,1.10442566872,-0.0355747528374,0.0437622256577,0.72123837471,0.690387308598
-0.54503172636,0.105917386711,1.10454881191,-0.0385123379529,0.0424758940935,0.721014380455,0.690544009209
-0.545034110546,0.107242643833,1.10422182083,-0.0377634912729,0.0431166365743,0.721851944923,0.689670085907
-0.54477763176,0.107057973742,1.10449612141,-0.0390024594963,0.0441636294127,0.721152544022,0.690266191959
-0.545082509518,0.107363596559,1.10443222523,-0.0398275516927,0.045175280422,0.720713794231,0.69061177969
-0.544858276844,0.108282960951,1.1042675972,-0.0402588732541,0.0453012958169,0.72093307972,0.690349578857
-0.544701874256,0.108821384609,1.10419487953,-0.0401148237288,0.0461864471436,0.720528244972,0.690721929073
-0.544738948345,0.109310165048,1.10415697098,-0.040252815932,0.0464995875955,0.720434904099,0.690790295601
-0.544517815113,0.109921865165,1.10398519039,-0.04064380005,0.0483926944435,0.720284461975,0.690794050694
-0.544605076313,0.11047154665,1.10400080681,-0.0406067073345,0.0485889874399,0.719995439053,0.691083848476
-0.544648706913,0.110841736197,1.10391902924,-0.0412488989532,0.0495817475021,0.719740450382,0.691240906715
-0.544521868229,0.111345037818,1.10383534431,-0.0414374880493,0.0498247854412,0.719506919384,0.691455185413
-0.544385254383,0.111840970814,1.10374319553,-0.0421444587409,0.050370182842,0.718866169453,0.692039191723
-0.544356107712,0.112277917564,1.10370457172,-0.0424107722938,0.0507099293172,0.718869924545,0.691994190216
-0.544388473034,0.112686663866,1.1036863327,-0.0427050851285,0.0512930490077,0.718562662601,0.692252278328
-0.544389307499,0.113138653338,1.10363888741,-0.0427050031722,0.0517962425947,0.718191981316,0.692599236965
-0.544443249702,0.113527804613,1.10348129272,-0.04342373088,0.0529188737273,0.718494594097,0.692155718803
-0.544280529022,0.113815352321,1.10346972942,-0.0440662503242,0.05332018435,0.717717647552,0.692889988422
-0.545286715031,0.114447705448,1.10342514515,-0.0423657596111,0.0536562018096,0.716861128807,0.693856239319
-0.545397460461,0.114682018757,1.10329711437,-0.0424976758659,0.0552976317704,0.716998159885,0.693577647209
-0.543879270554,0.115024879575,1.10334050655,-0.0450100488961,0.0537100657821,0.716106712818,0.6944642663
-0.543926596642,0.11542698741,1.10316753387,-0.0453153587878,0.0549330562353,0.716188907623,0.694263935089
-0.543807148933,0.115771636367,1.10319685936,-0.0451217703521,0.054428704083,0.715498507023,0.695027709007
-0.543817341328,0.116142705083,1.10317313671,-0.0455132126808,0.0549948513508,0.715084433556,0.695383548737
-0.543647229671,0.116574153304,1.103043437,-0.0458639748394,0.0554970167577,0.714569211006,0.695850253105
-0.543690085411,0.117566250265,1.10284805298,-0.0449633821845,0.0551365688443,0.71473634243,0.695766031742
-0.543603122234,0.117288067937,1.10310733318,-0.0459461696446,0.0557207576931,0.713916182518,0.696497023106
-0.543580591679,0.117624022067,1.10291481018,-0.0461748801172,0.0566771961749,0.713825643063,0.696497321129
-0.543479800224,0.117965430021,1.10288643837,-0.0465026088059,0.0572417043149,0.713319897652,0.696947455406
-0.543583512306,0.117971017957,1.10294091702,-0.0468826293945,0.0580373965204,0.712468802929,0.697726249695
-0.543438076973,0.118326850235,1.10288000107,-0.0470824800432,0.0582392625511,0.712059795856,0.698113262653
-0.544362545013,0.119012258947,1.10277247429,-0.0454924404621,0.0589297786355,0.712108254433,0.698111534119
-0.544305145741,0.119426168501,1.1027816534,-0.0454256460071,0.058953486383,0.711807966232,0.698419928551
-0.544167637825,0.119703985751,1.10283315182,-0.0456892549992,0.0589384324849,0.711111783981,0.699112951756
-0.542780458927,0.119921967387,1.10281741619,-0.0475631579757,0.0580163039267,0.710761606693,0.699421048164
-0.542963564396,0.119857005775,1.10287046432,-0.0476786643267,0.0590528845787,0.710020780563,0.700078547001
-0.542902231216,0.12019340694,1.10267972946,-0.0479364134371,0.059793241322,0.710010647774,0.700008451939
-0.543714940548,0.120903171599,1.10247969627,-0.046115141362,0.0608322694898,0.709976971149,0.70007532835
-0.543656468391,0.121158160269,1.10244524479,-0.0462511219084,0.0611819140613,0.709582805634,0.700435519218
-0.542236864567,0.121256239712,1.10251581669,-0.0483139716089,0.0602379068732,0.708998262882,0.700969815254
-0.542179226875,0.121556364,1.10257101059,-0.0482050552964,0.0599950738251,0.708773255348,0.701225578785
-0.542030990124,0.121865391731,1.10254240036,-0.0482397638261,0.0602361559868,0.708424568176,0.701554834843
-0.543112933636,0.122280888259,1.10243678093,-0.0464577935636,0.061830163002,0.708088517189,0.701875686646
-0.542950093746,0.122541427612,1.10239458084,-0.0464820861816,0.0618892014027,0.707809448242,0.702150166035
-0.541691482067,0.122535534203,1.10251092911,-0.0482769161463,0.0609521828592,0.707496881485,0.702426195145
-0.541255295277,0.122769400477,1.10242795944,-0.0487778522074,0.0611011646688,0.706945061684,0.702934026718
-0.541058063507,0.122978150845,1.10243332386,-0.0487832352519,0.0609550774097,0.706608712673,0.70328438282
-0.540979802608,0.123286783695,1.10252916813,-0.0484377853572,0.060620393604,0.706621646881,0.703324139118
-0.540801584721,0.123523361981,1.10252571106,-0.0484979897738,0.0610082484782,0.706469535828,0.703439235687
-0.540608048439,0.123736873269,1.10254573822,-0.0486850477755,0.061093442142,0.706140518188,0.703749239445
-0.540494143963,0.124000415206,1.10253763199,-0.0484376102686,0.0611508563161,0.70594149828,0.703961014748
-0.540146291256,0.124588273466,1.1023863554,-0.0482337027788,0.0608522631228,0.706021606922,0.703920423985
-0.540029108524,0.124832361937,1.10249090195,-0.0477754250169,0.060624267906,0.706201791763,0.703790724277
-0.539890468121,0.12469099462,1.10264635086,-0.0484026670456,0.0609896034002,0.705606758595,0.704312860966
-0.539700627327,0.124940656126,1.10268330574,-0.0482943616807,0.0607917718589,0.705603599548,0.704340577126
-0.539517521858,0.125139519572,1.10270142555,-0.0482908450067,0.0606971755624,0.705442965031,0.704509735107
-0.539296329021,0.125363901258,1.10270965099,-0.0482247509062,0.0604989305139,0.70544719696,0.704527199268
-0.539138615131,0.125497624278,1.10273504257,-0.0481463447213,0.0602629557252,0.705506920815,0.704492866993
-0.539212465286,0.125420421362,1.10279512405,-0.0480330884457,0.0608715713024,0.705274403095,0.704681277275
-0.539076566696,0.125540360808,1.10281610489,-0.0478917732835,0.0607647262514,0.705363273621,0.704611182213
-0.538905620575,0.12569090724,1.10281217098,-0.0477814078331,0.0608184933662,0.705456256866,0.704520821571
-0.538601458073,0.125685557723,1.10280227661,-0.0482760928571,0.0611144825816,0.705085635185,0.704832494259
-0.538494467735,0.125813767314,1.10286462307,-0.0478674396873,0.0606393292546,0.705460190773,0.704526543617
-0.539239108562,0.126349285245,1.10271370411,-0.0456876829267,0.0612130872905,0.705702602863,0.704378783703
-0.538995325565,0.126387521625,1.1026096344,-0.0460201390088,0.0614234991372,0.705507874489,0.704533874989
-0.537464857101,0.126725152135,1.10265111923,-0.0471961423755,0.0590991154313,0.706244289875,0.703916847706
-0.537278711796,0.12636654079,1.10271239281,-0.0475526787341,0.0595209933817,0.7058121562,0.704290568829
-0.537078619003,0.126370921731,1.10271346569,-0.0475179925561,0.0594347789884,0.705731809139,0.704380750656
-0.536803483963,0.126321196556,1.10264015198,-0.0477147065103,0.0596665069461,0.705392539501,0.704687595367
-0.537810564041,0.126513645053,1.10254669189,-0.0457605831325,0.0608756616712,0.705411851406,0.704694449902
-0.537619113922,0.126511886716,1.1025416851,-0.0457624681294,0.0608144067228,0.705429911613,0.704681575298
-0.537427306175,0.126499459147,1.10264837742,-0.0455047786236,0.0602742023766,0.705805778503,0.704368114471
-0.537217140198,0.126461774111,1.10268843174,-0.0453758575022,0.0600121468306,0.705857813358,0.704346835613
-0.535727918148,0.126263916492,1.10280501842,-0.0473305359483,0.0582969486713,0.706057190895,0.704162299633
-0.535472750664,0.12620010972,1.1027661562,-0.0473923720419,0.0585719123483,0.706001937389,0.704190731049
-0.535217225552,0.126149132848,1.10279655457,-0.0472104288638,0.0584334805608,0.706171393394,0.70404458046
-0.534996747971,0.126068159938,1.10282278061,-0.0470913425088,0.058210760355,0.70631736517,0.70392459631
-0.534797012806,0.126007929444,1.10287022591,-0.0469956099987,0.0581239685416,0.706322431564,0.70393294096
-0.534552752972,0.125909119844,1.10290312767,-0.0470627732575,0.0580610781908,0.706445217133,0.70381051302
-0.534326970577,0.12584528327,1.10290539265,-0.0469572134316,0.0580656640232,0.706702530384,0.703558802605
-0.534091889858,0.125788450241,1.10291290283,-0.0468946844339,0.0579056665301,0.706930220127,0.703347325325
-0.533821761608,0.125725358725,1.10292470455,-0.0468927770853,0.057780854404,0.707138717175,0.703148007393
-0.533593297005,0.125638738275,1.10292494297,-0.0468806289136,0.0577316135168,0.707242846489,0.703048229218
-0.533433496952,0.125543162227,1.10296022892,-0.0466987863183,0.0574686303735,0.707582652569,0.702740013599
-0.533193767071,0.125418648124,1.10299658775,-0.0468668602407,0.0573982149363,0.707673072815,0.70264339447
-0.532986044884,0.12535905838,1.10298919678,-0.0467678233981,0.0573717206717,0.707933306694,0.70239007473
-0.533923327923,0.125425592065,1.10292482376,-0.0450500696898,0.0584604181349,0.708082377911,0.702262222767
-0.533669173717,0.125363379717,1.10290443897,-0.0450419932604,0.0584868192673,0.708348989487,0.70199161768
-0.533492445946,0.125339955091,1.10290026665,-0.0450127460063,0.0585725568235,0.708645582199,0.701687037945
-0.532455801964,0.124843403697,1.10306406021,-0.0467121973634,0.0577954128385,0.708409249783,0.701878905296
-0.532315731049,0.124740511179,1.10306882858,-0.0466608963907,0.0577320381999,0.70858424902,0.701710879803
-0.532164275646,0.124708048999,1.10300290585,-0.0465568415821,0.0579125843942,0.709001481533,0.701281309128
-0.532001137733,0.124666571617,1.10308766365,-0.046469822526,0.0572752133012,0.709470748901,0.70086479187
-0.5315721035,0.1248492226,1.10291135311,-0.0465863980353,0.0570305325091,0.709909856319,0.700432360172
-0.531418085098,0.124805286527,1.10288596153,-0.0466197170317,0.0569543018937,0.710207998753,0.700133860111
-0.531411767006,0.124773278832,1.10295987129,-0.0463391877711,0.0566752776504,0.710834980011,0.699538648129
-0.531227707863,0.124735191464,1.10292518139,-0.0463963635266,0.0565013848245,0.711131155491,0.699247717857
-0.531039357185,0.124697886407,1.10289978981,-0.0464186891913,0.0563481524587,0.711468994617,0.698914945126
-0.530860185623,0.124573297799,1.10282039642,-0.0466761477292,0.0565913580358,0.711487174034,0.698859632015
-0.530749678612,0.124475561082,1.10283493996,-0.046731248498,0.0565964691341,0.711716294289,0.698622226715
-0.530656933784,0.124458491802,1.10276031494,-0.0465969070792,0.0565377026796,0.712030112743,0.698316156864
-0.530568182468,0.124386496842,1.10273909569,-0.0465821661055,0.0566102191806,0.712319195271,0.698016405106
-0.530495226383,0.124300904572,1.10271477699,-0.0466166958213,0.0566287413239,0.712565898895,0.697760641575
-0.530409574509,0.124228462577,1.10268950462,-0.0466821864247,0.056606926024,0.712755084038,0.697564840317
-0.531583786011,0.124273255467,1.10261785984,-0.0449681468308,0.0578402914107,0.713078081608,0.697245955467
-0.530306458473,0.124021522701,1.10270762444,-0.0468789935112,0.0564457215369,0.713172495365,0.697137951851
-0.530168116093,0.123921267688,1.10267233849,-0.0471109524369,0.0564745590091,0.713264465332,0.697025775909
-0.530028641224,0.124299526215,1.10249733925,-0.0466026924551,0.0559366829693,0.713899075985,0.696453511715
-0.529975771904,0.123755484819,1.102612257,-0.0473800189793,0.0565068125725,0.713417589664,0.696848332882
-0.529850959778,0.12413854897,1.10243606567,-0.0467807240784,0.0560075379908,0.714007019997,0.696325182915
-0.529798746109,0.123608656228,1.1025493145,-0.0475930012763,0.0567662194371,0.713388979435,0.696841955185
-0.529768049717,0.123604305089,1.10259103775,-0.0473860912025,0.0565040819347,0.713810741901,0.696445345879
-0.529667496681,0.123512759805,1.10256505013,-0.0475236140192,0.0565538816154,0.713842868805,0.69639903307
-0.529543936253,0.123887144029,1.10240399837,-0.0469146855175,0.0560725182295,0.714385986328,0.695922076702
-0.529538273811,0.123374514282,1.10252857208,-0.0475656725466,0.0568383745849,0.713975012302,0.696237504482
-0.529434680939,0.123760804534,1.10238063335,-0.0468967817724,0.056365057826,0.714539408684,0.695742249489
-0.529426753521,0.123242475092,1.10252392292,-0.0474733412266,0.057001221925,0.714050292969,0.696153342724
-0.529335975647,0.123673401773,1.10237574577,-0.0467926412821,0.0565506927669,0.714624643326,0.695646464825
-0.52931535244,0.123596996069,1.10238564014,-0.0466799102724,0.0566432401538,0.714611053467,0.695660531521
-0.530555009842,0.123257726431,1.10242295265,-0.0453821234405,0.0587000772357,0.714213132858,0.69598454237
-0.5305159688,0.123205408454,1.1024004221,-0.0451567210257,0.0588758103549,0.714312493801,0.695882320404
-0.530468702316,0.123181074858,1.10238575935,-0.0449624322355,0.0590560734272,0.714338183403,0.695853352547
-0.53046131134,0.123145282269,1.10233128071,-0.0446293093264,0.0593344047666,0.714348375797,0.695840656757
-0.5304505229,0.123174704611,1.10221171379,-0.0440926030278,0.0595751963556,0.714310884476,0.695892691612
-0.530419886112,0.123137407005,1.10212934017,-0.0436449162662,0.0600274950266,0.714258372784,0.695936024189
-0.530451178551,0.123141109943,1.10192513466,-0.0434372276068,0.0609151236713,0.71439486742,0.695731818676
-0.529102981091,0.122905492783,1.10187149048,-0.0448748283088,0.0604845993221,0.714151442051,0.695927977562
-0.529324531555,0.122665666044,1.10174870491,-0.0436871014535,0.0618945807219,0.714521348476,0.695499718189
-0.529281497002,0.122520394623,1.10172045231,-0.0431677028537,0.063709422946,0.714234530926,0.695662915707
-0.529028534889,0.122894957662,1.10166668892,-0.0419820360839,0.0638550147414,0.715295672417,0.694631040096
-0.530060648918,0.123027332127,1.10155785084,-0.0395562537014,0.0662587285042,0.715555727482,0.694280445576
-0.52860468626,0.122799150646,1.10163760185,-0.0406521186233,0.066086538136,0.715995848179,0.693779468536
-0.528004109859,0.12267383188,1.10167348385,-0.0408611930907,0.0670987814665,0.716208994389,0.693449854851
-0.527641117573,0.122614376247,1.10185742378,-0.0403724759817,0.0679135322571,0.716528177261,0.693069458008
-0.527629077435,0.122405081987,1.10208237171,-0.0407532937825,0.0679240450263,0.716602325439,0.692969441414
-0.526968955994,0.122365735471,1.10240256786,-0.0401546470821,0.068492166698,0.717050492764,0.692484796047
-0.526576459408,0.122220620513,1.10267961025,-0.0402005128562,0.0686963945627,0.717088103294,0.692422986031
-0.526183962822,0.122702941298,1.10269451141,-0.0392221659422,0.0681816488504,0.717768192291,0.69182497263
-0.525679290295,0.121837094426,1.10323286057,-0.0404261648655,0.0689599141479,0.716810941696,0.69267052412
-0.525127112865,0.12164452672,1.10350131989,-0.0406705774367,0.0689625069499,0.716486811638,0.692991197109
-0.52469009161,0.121587991714,1.10377836227,-0.0408164560795,0.0688597485423,0.715769708157,0.693733274937
-0.524396717548,0.121354430914,1.10399723053,-0.040890339762,0.0686588957906,0.715205848217,0.694330275059
-0.523769676685,0.121199607849,1.10420918465,-0.040459446609,0.0689651817083,0.714300572872,0.695256531239
-0.524701416492,0.121287874877,1.10429120064,-0.0386422872543,0.0703756809235,0.713471829891,0.696069121361
-0.523062467575,0.120878584683,1.10438787937,-0.0412088595331,0.0685120522976,0.712329506874,0.697276711464
-0.522778213024,0.120775692165,1.10450458527,-0.0413567461073,0.0683130994439,0.711350381374,0.698286116123
-0.522580385208,0.120555542409,1.1044948101,-0.0412248112261,0.0676545724273,0.710554778576,0.699167609215
-0.522490978241,0.120961904526,1.10429763794,-0.0404714941978,0.0669744685292,0.710095643997,0.699743211269
-0.522314012051,0.12011282891,1.10443019867,-0.0416892766953,0.0674993097782,0.708521664143,0.701215445995
-0.523508608341,0.119944378734,1.10431087017,-0.0400832444429,0.068312138319,0.707224845886,0.702538192272
-0.522321224213,0.119514271617,1.10435199738,-0.0415874347091,0.0659293085337,0.706583917141,0.703322887421
-0.522635936737,0.118907041848,1.10430860519,-0.0418287925422,0.0667728036642,0.705217599869,0.704599142075
-0.523598968983,0.118949346244,1.10395491123,0.0402479358017,-0.0674860030413,-0.704330384731,-0.705510079861
-0.522426843643,0.118384122849,1.10389840603,0.0421621538699,-0.0658539757133,-0.703622579575,-0.70625847578
-0.522454619408,0.118011161685,1.10375714302,0.0423540621996,-0.0656244531274,-0.702861011028,-0.707026422024
-0.522551357746,0.117656119168,1.10359454155,0.0425494723022,-0.0659030005336,-0.702087581158,-0.707756578922
-0.524107038975,0.117327801883,1.10342204571,0.0404232479632,-0.0663530528545,-0.701468288898,-0.708452939987
-0.52328145504,0.116447493434,1.10346710682,0.0424210056663,-0.06559497118,-0.700546145439,-0.709318578243
-0.523411512375,0.116009168327,1.10335588455,0.0425114929676,-0.06520652771,-0.699899852276,-0.709986627102
-0.523563027382,0.115591786802,1.10328042507,0.0428450554609,-0.0655792653561,-0.699235975742,-0.710586190224
-0.523635268211,0.115553356707,1.10301399231,0.042591676116,-0.065049380064,-0.698793411255,-0.711085438728
-0.523517131805,0.115025959909,1.10314321518,0.0433427616954,-0.0639697238803,-0.698246538639,-0.711674928665
-0.523703575134,0.114562891424,1.1030497551,0.043476998806,-0.0633558481932,-0.697880864143,-0.712080299854
-0.525244057178,0.11429477483,1.10290837288,0.0417647846043,-0.0644085779786,-0.697352826595,-0.712605297565
-0.525441348553,0.113864354789,1.10289084911,0.0419785566628,-0.0638784468174,-0.696941018105,-0.713043212891
-0.524718880653,0.11300368607,1.10303151608,0.0439514219761,-0.0626629889011,-0.696071386337,-0.713881194592
-0.525850594044,0.113079302013,1.10284125805,0.0422446355224,-0.062842220068,-0.695777356625,-0.714255094528
-0.526234090328,0.112553142011,1.10281336308,0.0423675440252,-0.0622980296612,-0.695125222206,-0.714930176735
-0.52518093586,0.111878603697,1.10290443897,0.0444436334074,-0.060018915683,-0.69448274374,-0.71562308073
-0.525801420212,0.111213721335,1.10281980038,0.0444115586579,-0.0604877173901,-0.69370496273,-0.716339528561
-0.526100099087,0.1106479913,1.10277891159,0.044769641012,-0.0599713027477,-0.692941367626,-0.717099249363
-0.526312410831,0.110162504017,1.10273504257,0.0449458584189,-0.0592108033597,-0.691984534264,-0.718074738979
-0.526310384274,0.109819285572,1.10266172886,0.045276671648,-0.0576387681067,-0.69146925211,-0.718678116798
-0.526957571507,0.108863607049,1.10264110565,0.0456481166184,-0.057752572,-0.690240979195,-0.719825148582
-0.528294861317,0.108722485602,1.102216959,0.0439842194319,-0.058248065412,-0.689999341965,-0.720120429993
-0.527669966221,0.107665613294,1.10231947899,0.0460603758693,-0.0572157837451,-0.688823699951,-0.721198260784
-0.528006076813,0.106912769377,1.10225331783,0.0462636947632,-0.0566096194088,-0.688163399696,-0.721862912178
-0.528259932995,0.106299035251,1.10228025913,0.0463923551142,-0.0559047572315,-0.687061607838,-0.722958505154
-0.528708159924,0.105523325503,1.10212647915,0.0466609187424,-0.0559480525553,-0.686433434486,-0.723534226418
-0.528828799725,0.104788459837,1.10234117508,0.046912766993,-0.0541958063841,-0.684554219246,-0.725429236889
-0.528804779053,0.10438746959,1.10221147537,0.0469605587423,-0.052748311311,-0.684104382992,-0.725957036018
-0.529545307159,0.103427767754,1.10219240189,0.0467106886208,-0.0536421686411,-0.683443903923,-0.726529598236
-0.529811799526,0.102524101734,1.10211634636,0.0469248704612,-0.0533213950694,-0.682519078255,-0.727408111095
-0.530082166195,0.101712077856,1.10209798813,0.0471382439137,-0.0526692792773,-0.681557953358,-0.728342413902
-0.530357062817,0.100932613015,1.10206890106,0.0472343228757,-0.0526333637536,-0.680814743042,-0.729033589363
-0.530665099621,0.10023380816,1.10215687752,0.046874050051,-0.052491992712,-0.680853486061,-0.729030787945
-0.530933558941,0.0992499664426,1.10208857059,0.0470864512026,-0.0528105199337,-0.679950416088,-0.729836523533
-0.531271576881,0.0983636528254,1.1021476984,0.0469207875431,-0.0525029525161,-0.679259479046,-0.730512559414
-0.531444013119,0.0974029451609,1.10223090649,0.0473068803549,-0.0518830865622,-0.678166508675,-0.731546580791
-0.531625568867,0.0963415578008,1.10227632523,0.0477185957134,-0.0516132041812,-0.677364170551,-0.732281863689
-0.53184902668,0.0954176038504,1.10236740112,0.047849368304,-0.0516270920634,-0.676591515541,-0.732986390591
-0.532103598118,0.0942823514342,1.10241544247,0.0481177642941,-0.0518221594393,-0.675560832024,-0.733905255795
-0.532310068607,0.0931015759706,1.10243999958,0.0484628267586,-0.0513066463172,-0.674800515175,-0.734617710114
-0.532359421253,0.0921912118793,1.10258293152,0.0486686080694,-0.0513938032091,-0.673770308495,-0.735543012619
-0.532699406147,0.0910344496369,1.10263609886,0.0487097017467,-0.0516300015152,-0.673121631145,-0.73611754179
-0.53292953968,0.089939750731,1.1027058363,0.0488377511501,-0.0516198016703,-0.672210037708,-0.73694229126
-0.533294856548,0.0887345001101,1.10262799263,0.0488596819341,-0.0524689331651,-0.671957969666,-0.737110793591
-0.533329486847,0.0875558331609,1.10281383991,0.0491514913738,-0.0514255054295,-0.670769751072,-0.738246381283
-0.533500671387,0.0864888355136,1.10287976265,0.04910813272,-0.0512748733163,-0.669996380806,-0.738961517811
-0.533724546432,0.0852275490761,1.10288953781,0.0492285080254,-0.0512153506279,-0.669312000275,-0.739577651024
-0.534036159515,0.0840132981539,1.10289740562,0.049226783216,-0.0516004115343,-0.668900310993,-0.739923477173
-0.534185647964,0.0827264487743,1.10291838646,0.049385972321,-0.051067572087,-0.667788922787,-0.740952908993
-0.534469664097,0.0814241319895,1.10293006897,0.0493724532425,-0.0509864650667,-0.667187690735,-0.741500854492
-0.534812033176,0.0801316872239,1.1030087471,0.0493187569082,-0.0509328320622,-0.666582047939,-0.74205249548
-0.535059213638,0.0787785202265,1.10296702385,0.0495423153043,-0.0506753399968,-0.665848016739,-0.742713928223
-0.535150527954,0.0773389860988,1.10288655758,0.0498499795794,-0.0504948869348,-0.665365576744,-0.74313801527
-0.535376906395,0.0759258344769,1.1028419733,0.0500419475138,-0.0503608621657,-0.66503661871,-0.743428528309
-0.535641252995,0.0744322910905,1.10282337666,0.0504024662077,-0.0499672330916,-0.664347350597,-0.744046747684
-0.535919547081,0.0730644389987,1.10282373428,0.0505291111767,-0.0499201864004,-0.663891732693,-0.744447827339
-0.536138772964,0.0716729238629,1.10297238827,0.0505062974989,-0.0494888089597,-0.663255572319,-0.745045006275
-0.536290287971,0.0700456798077,1.10294103622,0.0511557944119,-0.0492577441037,-0.662611067295,-0.745589315891
-0.536527097225,0.0685705915093,1.10308265686,0.0513129755855,-0.048801228404,-0.662083685398,-0.746076881886
-0.536684036255,0.0670977085829,1.10317778587,0.0516709052026,-0.0480702780187,-0.661499261856,-0.746617794037
-0.536853432655,0.0656337961555,1.10328793526,0.0521541647613,-0.0476300418377,-0.660826444626,-0.747207999229
-0.537048041821,0.0640250146389,1.10347259045,0.0525407344103,-0.0471085049212,-0.660187602043,-0.747778534889
-0.537148833275,0.0624825507402,1.10364878178,0.0532677359879,-0.0464471690357,-0.659210026264,-0.748630404472
-0.537258327007,0.060989998281,1.10387217999,0.0533414855599,-0.0457074232399,-0.658815801144,-0.74901753664
-0.537376582623,0.0595034956932,1.10406351089,0.0537240728736,-0.0451439023018,-0.658036291599,-0.749709308147
-0.537510991096,0.0580257102847,1.10429382324,0.053973890841,-0.0444053672254,-0.657563149929,-0.750150561333
-0.537658810616,0.0565036423504,1.10452830791,0.0544691123068,-0.0436653606594,-0.656781256199,-0.750842869282
-0.537643134594,0.0546910129488,1.10456299782,0.0553681440651,-0.0434966795146,-0.655812621117,-0.751633048058
-0.537789940834,0.0534789115191,1.105058074,0.0551454685628,-0.042393475771,-0.654959142208,-0.752456247807
-0.537815153599,0.0520581156015,1.10529530048,0.0553501695395,-0.0417625419796,-0.65423220396,-0.753108561039
-0.537869215012,0.0503433123231,1.10538077354,0.0558021813631,-0.0409211888909,-0.653526246548,-0.753734111786
-0.537748515606,0.0493864193559,1.10568797588,0.0554484948516,-0.0394324921072,-0.65287309885,-0.754405200481
-0.537893712521,0.0472728200257,1.10584390163,0.0564612038434,-0.0396892912686,-0.651341736317,-0.755639433861
-0.537834823132,0.0459851659834,1.10606873035,0.0565754659474,-0.0389379300177,-0.650312900543,-0.756555438042
-0.538069248199,0.0444034747779,1.10628831387,0.0563909187913,-0.0385323353112,-0.649104833603,-0.757626771927
-0.538380920887,0.0430534370244,1.10656046867,0.056241646409,-0.0374620296061,-0.648908913136,-0.757859349251
-0.538169801235,0.041511066258,1.10668647289,0.0565358661115,-0.0373611673713,-0.646787822247,-0.759653449059
-0.5382989645,0.0402045547962,1.10689783096,0.0560667663813,-0.036216147244,-0.646029293537,-0.760388851166
-0.538366436958,0.0386712998152,1.1070536375,0.0561261661351,-0.0360220707953,-0.644581794739,-0.761621057987
-0.538515388966,0.037354812026,1.10721623898,0.0558678507805,-0.0353139825165,-0.643520116806,-0.762570440769
-0.538784682751,0.0360111556947,1.10746514797,0.0555231571198,-0.0335809364915,-0.64337003231,-0.762800395489
-0.538587927818,0.0346866138279,1.10752642155,0.055513292551,-0.0335738137364,-0.641588389874,-0.764300644398
-0.538875043392,0.0334588848054,1.1077157259,0.0550289899111,-0.0319357700646,-0.641725122929,-0.76429104805
-0.53893584013,0.0320772863925,1.10794973373,0.0550162605941,-0.0308338589966,-0.640583395958,-0.76529443264
-0.538951218128,0.0308714658022,1.10802733898,0.0547106713057,-0.0301332529634,-0.639846920967,-0.765959918499
-0.538855671883,0.0295109972358,1.1081161499,0.0545123927295,-0.0297934319824,-0.638026237488,-0.767504632473
-0.538875937462,0.0282933562994,1.10830140114,0.0544329211116,-0.0285617560148,-0.636821389198,-0.768557071686
-0.538925409317,0.0271156448871,1.10842907429,0.0542592480779,-0.0278917383403,-0.636005342007,-0.769269227982
-0.539137363434,0.0260703582317,1.10852003098,0.0536410920322,-0.0259474944323,-0.636046230793,-0.769346892834
-0.539149165154,0.0247793458402,1.10871255398,0.0535450056195,-0.024692799896,-0.634798824787,-0.770424544811
-0.538982331753,0.0236586816609,1.108756423,0.0534536838531,-0.0245279092342,-0.633092403412,-0.771838843822
-0.539038419724,0.0225710589439,1.10880541801,0.0528912097216,-0.023312041536,-0.632313072681,-0.772553861141
-0.53913885355,0.0216967798769,1.10866165161,0.0523001477122,-0.0229655895382,-0.631912469864,-0.772932112217
-0.539005756378,0.0204148311168,1.10910570621,0.0524592958391,-0.0206838771701,-0.630272626877,-0.774323403835
-0.539094209671,0.0194257237017,1.10919690132,0.0519110783935,-0.0189124085009,-0.629851102829,-0.774748504162
-0.53895586729,0.018213301897,1.10929620266,0.0518611483276,-0.0184755343944,-0.627903878689,-0.77634125948
-0.539112865925,0.017325874418,1.10922813416,0.0516920052469,-0.0181527230889,-0.62732231617,-0.77683031559
-0.538436591625,0.016364088282,1.10974836349,0.0522325150669,-0.0157586224377,-0.626552283764,-0.777467429638
-0.538797855377,0.0154442917556,1.10971605778,0.0508638843894,-0.0143114076927,-0.625658333302,-0.778305649757
-0.538766801357,0.0144511740655,1.10978710651,0.0503476299345,-0.0128993503749,-0.624247431755,-0.779496014118
-0.538744628429,0.0134796220809,1.10987925529,0.0500342510641,-0.0115782059729,-0.623047232628,-0.780496478081
-0.538473010063,0.0125821279362,1.10987246037,0.0500258654356,-0.0111071188003,-0.6208127141,-0.782282412052
-0.538411617279,0.0116601381451,1.1099332571,0.0495888032019,-0.0095702977851,-0.619429349899,-0.78342628479
-0.53827726841,0.0107421372086,1.10996949673,0.0491344071925,-0.00807031150907,-0.617861449718,-0.784708857536
-0.538308024406,0.0103774759918,1.11002159119,0.0478733778,-0.00529500422999,-0.618085503578,-0.784633994102
-0.538020253181,0.00935497879982,1.10991442204,0.0476984344423,-0.00496783480048,-0.615603923798,-0.78659516573
-0.538136363029,0.0080657619983,1.11026203632,0.0479293502867,-0.00273470696993,-0.614315330982,-0.787598848343
-0.537838101387,0.00759887509048,1.11035120487,0.0473638810217,-0.00179326173384,-0.612326443195,-0.789183020592
-0.537731051445,0.00639836024493,1.11025905609,0.047397505492,-0.000972339126747,-0.610849618912,-0.790326118469
-0.537592709064,0.00560651207343,1.11035466194,0.0466822832823,0.00056420348119,-0.609290599823,-0.791571438313
-0.537418186665,0.00475222431123,1.11032891273,0.045860607177,0.00181344943121,-0.608051717281,-0.792569637299
-0.53725528717,0.00400971528143,1.11039102077,0.0454713702202,0.00404518842697,-0.606484532356,-0.793783724308
-0.537149965763,0.00347282970324,1.11056137085,0.0442384183407,0.00535981217399,-0.605214774609,-0.794814050198
-0.537036299706,0.0026294789277,1.11062955856,0.0439351834357,0.00648294994608,-0.603625118732,-0.796030402184
-0.536764144897,0.00192718859762,1.11063838005,0.0431134626269,0.00778023293242,-0.602175116539,-0.797161102295
-0.536684691906,0.000997511204332,1.11082291603,0.0426141098142,0.00952092837542,-0.600194692612,-0.798661231995
-0.536456108093,0.000457192771137,1.11071586609,0.0417710468173,0.0103777963668,-0.599497020245,-0.799218893051
-0.536419093609,-0.000397285912186,1.11089110374,0.0412929542363,0.0114434128627,-0.597619116306,-0.800634324551
-0.536198079586,-0.00106185209006,1.11097073555,0.0408327914774,0.0127730658278,-0.595697939396,-0.802068352699
-0.536096155643,-0.00189412664622,1.11095809937,0.0399986468256,0.0138247665018,-0.594496786594,-0.802983462811
-0.53586512804,-0.00257887225598,1.11103975773,0.0391873903573,0.0149413188919,-0.592935740948,-0.804156899452
-0.53549939394,-0.00319968815893,1.1108840704,0.0389437638223,0.0157538224012,-0.591644763947,-0.805103540421
-0.535539984703,-0.00405416591093,1.11113226414,0.0380395613611,0.0170933436602,-0.589745759964,-0.806511461735
-0.535538911819,-0.00463382247835,1.11124229431,0.0373167693615,0.0183916483074,-0.589243769646,-0.806883633137
-0.535063505173,-0.00505408411846,1.11117076874,0.0361842550337,0.0194563772529,-0.586592674255,-0.808839440346
-0.534921050072,-0.00604697177187,1.11114120483,0.036132555455,0.0198008902371,-0.584692537785,-0.810208082199
-0.534764766693,-0.00650784280151,1.11131203175,0.035015322268,0.0209928005934,-0.583238959312,-0.811274051666
-0.534526050091,-0.00715161254629,1.11140549183,0.0344023257494,0.0215779691935,-0.581920325756,-0.812231242657
-0.534401714802,-0.00789865106344,1.11162829399,0.0339084975421,0.0223735589534,-0.580321192741,-0.813373863697
-0.534134864807,-0.00807967968285,1.11156737804,0.0325390584767,0.0232285521924,-0.579395651817,-0.814065337181
-0.534168243408,-0.00866940245032,1.11175596714,0.0316138491035,0.0240327641368,-0.577988088131,-0.815078437328
-0.533890783787,-0.00926156528294,1.11180853844,0.0311341434717,0.0246964208782,-0.576241850853,-0.816312491894
-0.533712685108,-0.00996989756823,1.11194467545,0.0304834824055,0.0258438903838,-0.574002206326,-0.81787788868
-0.533646762371,-0.0102696958929,1.11209380627,0.0293110907078,0.026137586683,-0.573206365108,-0.818469464779
-0.533474504948,-0.0107000172138,1.11226606369,0.0283505395055,0.0275467541069,-0.571157634258,-0.819888114929
-0.533395826817,-0.0109824836254,1.11247038841,0.0269040632993,0.0278844423592,-0.570398509502,-0.820453643799
-0.533204674721,-0.0115389022976,1.1126306057,0.0263038761914,0.0291016958654,-0.568185925484,-0.821964740753
-0.53301602602,-0.0117239300162,1.11252987385,0.0251094605774,0.0285948105156,-0.567349672318,-0.822597205639
-0.533033132553,-0.0123338382691,1.11267113686,0.0242892615497,0.0293559990823,-0.565761089325,-0.823688447475
-0.532973945141,-0.0127192810178,1.11276459694,0.0232111494988,0.0298560094088,-0.5644313097,-0.824613392353
-0.532862722874,-0.0129471402615,1.11283218861,0.0222418662161,0.0303710326552,-0.563054442406,-0.825562000275
-0.532748579979,-0.0131719689816,1.11263227463,0.0207878407091,0.0307498369366,-0.561944127083,-0.826341986656
-0.532520473003,-0.0137238474563,1.11322069168,0.0203465633094,0.03189663589,-0.559690177441,-0.827837884426
-0.53255623579,-0.0140723725781,1.11314058304,0.0196420457214,0.03154091537,-0.559136629105,-0.828242480755
-0.532440304756,-0.0142608592287,1.11333203316,0.0185080133379,0.0319890007377,-0.557855546474,-0.829114854336
-0.532370984554,-0.0146288610995,1.11331510544,0.0174756925553,0.032327439636,-0.556676030159,-0.829916477203
-0.532347977161,-0.0148191954941,1.11348092556,0.0166583620012,0.0327910706401,-0.555479049683,-0.830716788769
-0.532257318497,-0.0152155347168,1.11353754997,0.0160522907972,0.0327294655144,-0.554156243801,-0.831614017487
-0.532340228558,-0.0155095569789,1.11366534233,0.0150524852797,0.0338692888618,-0.553694725037,-0.83189445734
-0.532217025757,-0.0157755017281,1.11380493641,0.0143186906353,0.033941257745,-0.55241560936,-0.83275449276
-0.531982123852,-0.0162280276418,1.11376214027,0.0140292895958,0.0332379974425,-0.54990029335,-0.834450781345
-0.53178113699,-0.0166625007987,1.11427664757,0.0139132170007,0.034126855433,-0.548031568527,-0.835645437241
