x,y,z,q0,q1,q2,q3
-0.2192273736,-0.430048942566,0.889205396175,0.010458224453,-0.0147035336122,-0.0616791509092,-0.997932970524
-0.220543548465,-0.430504828691,0.885816812515,0.000959386408795,-0.0109167685732,-0.0667176172137,-0.997711718082
-0.222008049488,-0.431805342436,0.883122622967,0.00569270597771,-0.011004361324,-0.0646183267236,-0.997833192348
-0.223227083683,-0.432775378227,0.880155980587,0.00492421817034,-0.0129218287766,-0.0642595365644,-0.997837483883
-0.224033206701,-0.433754265308,0.877164363861,0.00703074131161,-0.0214260127395,-0.0610037818551,-0.997882783413
-0.225541099906,-0.436047285795,0.874252915382,0.00837042555213,-0.0252002384514,-0.0539782643318,-0.998189032078
-0.226101562381,-0.434863477945,0.871508300304,-0.00589669309556,-0.0162950493395,-0.0735151022673,-0.997143507004
-0.227813571692,-0.437496423721,0.868931174278,0.00464897044003,-0.0272205565125,-0.0518371909857,-0.998273670673
-0.228750303388,-0.438327819109,0.866107404232,0.00126909895334,-0.0325719825923,-0.0475845858455,-0.998335182667
-0.229198142886,-0.436817288399,0.863790333271,-0.00685977097601,-0.0190480519086,-0.0730623081326,-0.997121870518
-0.230685904622,-0.439188927412,0.861288845539,0.00367538304999,-0.0280450824648,-0.0521748252213,-0.99823731184
-0.231646493077,-0.439962744713,0.858548641205,0.000872609030921,-0.0309562403709,-0.0492912605405,-0.998304247856
-0.23242585361,-0.440161794424,0.856615066528,0.00307767814957,-0.0271054785699,-0.0540593452752,-0.998165011406
-0.233138278127,-0.440788835287,0.853888213634,0.00296072056517,-0.0332487002015,-0.0497648157179,-0.998203039169
-0.23385900259,-0.441057622433,0.851732850075,0.00259906542487,-0.0303725581616,-0.0526766031981,-0.998146235943
-0.234623581171,-0.441421538591,0.8490447402,0.00258636521176,-0.0360918603837,-0.0501879602671,-0.998084127903
-0.235279306769,-0.441908180714,0.846884906292,0.000914255855605,-0.0388025306165,-0.0478880368173,-0.998098373413
-0.235792070627,-0.441814929247,0.844973921776,-0.00155924702995,-0.0336228087544,-0.0529750175774,-0.998028457165
-0.2361779809,-0.440950244665,0.842935025692,-0.00400547031313,-0.0307291150093,-0.0617914535105,-0.997607946396
-0.236801996827,-0.441274344921,0.840812802315,-0.00581204844639,-0.0303911697119,-0.0628781989217,-0.997541487217
-0.237614393234,-0.442728340626,0.838172137737,-0.00454388791695,-0.0400162935257,-0.0491114035249,-0.997981011868
-0.237837195396,-0.441707253456,0.836489856243,-0.00840124953538,-0.0321520268917,-0.0608760230243,-0.997592031956
-0.238191708922,-0.441849589348,0.8344591856,-0.0104303704575,-0.0328255407512,-0.0604170188308,-0.997578799725
-0.238701120019,-0.442073404789,0.832332193851,-0.00995394773781,-0.0315651334822,-0.06188204512,-0.997534632683
-0.239089474082,-0.442227691412,0.830105245113,-0.0106936488301,-0.0326069965959,-0.0621748417616,-0.997475266457
-0.239295646548,-0.442308217287,0.827870666981,-0.00855135079473,-0.0350808873773,-0.0608893595636,-0.997491240501
-0.239452257752,-0.442396134138,0.825767993927,-0.0073030423373,-0.0372129492462,-0.0603887960315,-0.997454345226
-0.240181565285,-0.443848311901,0.823403894901,-0.00534177571535,-0.0401881039143,-0.0508308745921,-0.997884094715
-0.240027740598,-0.442852050066,0.821338474751,-0.00483287358657,-0.0365567095578,-0.0598394833505,-0.997526705265
-0.24036256969,-0.443084776402,0.819089114666,-0.0049869469367,-0.036637082696,-0.059320397675,-0.997554004192
-0.24085393548,-0.444394916296,0.81662863493,-0.00242094532587,-0.0453000701964,-0.045461717993,-0.997935593128
-0.241026684642,-0.444367825985,0.814575433731,-0.00243925605901,-0.0476949289441,-0.0440356992185,-0.997887849808
-0.241261005402,-0.444442898035,0.812376916409,-0.00180569128133,-0.0470376424491,-0.0454886518419,-0.997855246067
-0.241169661283,-0.443377524614,0.810595273972,-0.00289170863107,-0.0451381541789,-0.0545233041048,-0.997487545013
-0.24187245965,-0.444738119841,0.808084785938,-0.00348514947109,-0.0540003851056,-0.0419067852199,-0.997655153275
-0.241663053632,-0.443493962288,0.806488871574,-0.00649261847138,-0.0474640764296,-0.0534109659493,-0.997422873974
-0.241008713841,-0.442709207535,0.803788483143,-0.00805942807347,-0.0594319365919,-0.0578644238412,-0.996521294117
-0.241522714496,-0.443639814854,0.801334679127,-0.00810227449983,-0.0683217048645,-0.0468045249581,-0.996531963348
-0.241809174418,-0.443080455065,0.800425291061,-0.00340227480046,-0.0612082146108,-0.0503178425133,-0.996850192547
-0.241402670741,-0.442346543074,0.798088550568,-0.0100834956393,-0.0641194805503,-0.0584966354072,-0.996175289154
-0.242412373424,-0.443563729525,0.796988487244,-0.0125997290015,-0.0534878596663,-0.0507582053542,-0.997197985649
-0.24148234725,-0.442677378654,0.79422211647,-0.008693870157,-0.064585916698,-0.0582323744893,-0.996173739433
-0.241619378328,-0.442575573921,0.792656004429,-0.0101066455245,-0.0661280825734,-0.0581167899072,-0.996065974236
-0.243056103587,-0.444958865643,0.791038930416,-0.00632455060259,-0.0686110034585,-0.0350380130112,-0.997008025646
-0.242490053177,-0.443387717009,0.789892137051,-0.00692579522729,-0.0631915926933,-0.049852270633,-0.996731519699
-0.243140906096,-0.444609254599,0.788176119328,-0.00865867361426,-0.0686690881848,-0.0350719243288,-0.996985316277
-0.242652252316,-0.443298429251,0.787006378174,-0.00909758824855,-0.0636869519949,-0.0477697513998,-0.996784508228
-0.243250280619,-0.444747745991,0.785185217857,-0.00955041218549,-0.0727541297674,-0.0314340814948,-0.996808767319
-0.243209600449,-0.444237977266,0.783944308758,-0.0107470192015,-0.0713796839118,-0.0344119258225,-0.996797502041
-0.242443174124,-0.442680001259,0.782863497734,-0.00645226472989,-0.0719113200903,-0.0469290316105,-0.996285557747
-0.242826074362,-0.442998409271,0.781873166561,-0.0115872714669,-0.0637415349483,-0.046559125185,-0.996812522411
-0.242885261774,-0.442937046289,0.780762195587,-0.0115647343919,-0.0630579814315,-0.0464113689959,-0.99686306715
-0.242837920785,-0.442935824394,0.779575407505,-0.0101913735271,-0.0635771676898,-0.0474691092968,-0.996795296669
-0.243341878057,-0.444240033627,0.778387665749,-0.00965108815581,-0.0656640008092,-0.0361239127815,-0.997141003609
-0.24267500639,-0.44254899025,0.777396798134,-0.00421446468681,-0.067428201437,-0.0480040758848,-0.996559739113
-0.243081629276,-0.442928165197,0.77686047554,-0.0123901413754,-0.0549774579704,-0.0486042313278,-0.997226953506
-0.243116870522,-0.442748486996,0.775913953781,-0.00811240263283,-0.0576424784958,-0.0488861687481,-0.997106730938
-0.243235453963,-0.442401915789,0.775005996227,-0.00962635874748,-0.0464365817606,-0.0495929680765,-0.997643053532
-0.242689192295,-0.441589355469,0.773653566837,-0.0183150656521,-0.046580336988,-0.0579172894359,-0.997065901756
-0.243309304118,-0.442115068436,0.773845791817,-0.0126637620851,-0.0433032475412,-0.050883281976,-0.997685074806
-0.242817878723,-0.441188335419,0.77252548933,-0.019263766706,-0.0437735281885,-0.0593531429768,-0.997090816498
-0.242778301239,-0.441041469574,0.771941661835,-0.0159386862069,-0.0457911975682,-0.0586614981294,-0.997099816799
-0.242814078927,-0.441006302834,0.771461009979,-0.01779095456,-0.0429444648325,-0.0589919313788,-0.997175693512
-0.243398800492,-0.442130953074,0.771772325039,-0.00985720101744,-0.0409790985286,-0.0468207113445,-0.998013734818
-0.242894232273,-0.44105887413,0.770780861378,-0.0180734675378,-0.039075743407,-0.0591369308531,-0.997321069241
-0.24283374846,-0.440754354,0.770330071449,-0.0178330689669,-0.038815818727,-0.0609443411231,-0.997226774693
-0.242869541049,-0.44103500247,0.770055174828,-0.0175711140037,-0.0379000268877,-0.0589106194675,-0.997388780117
-0.242811754346,-0.440938532352,0.769666969776,-0.0189123991877,-0.0362417623401,-0.0599793046713,-0.99736225605
-0.242916554213,-0.441057235003,0.769232332706,-0.0190473161638,-0.0355205573142,-0.0596033111215,-0.997408151627
-0.243020683527,-0.441328942776,0.769013226032,-0.016485625878,-0.0355579033494,-0.057032648474,-0.997602701187
-0.243400231004,-0.442184656858,0.769352853298,-0.00920366030186,-0.0328261777759,-0.0472471378744,-0.998301327229
-0.243423908949,-0.442362487316,0.768964886665,-0.00818703323603,-0.0315117351711,-0.047158729285,-0.998356699944
-0.242513597012,-0.440897345543,0.767485618591,-0.0149005306885,-0.0346836410463,-0.0596941038966,-0.997502684593
-0.242458730936,-0.441016644239,0.767017960548,-0.0151937007904,-0.0333275049925,-0.0593173950911,-0.99756705761
-0.242889031768,-0.441696017981,0.76719212532,-0.00799067597836,-0.0324798896909,-0.051968652755,-0.998088419437
-0.243033185601,-0.442116945982,0.766753911972,-0.0132852969691,-0.0252531170845,-0.0510174483061,-0.998290121555
-0.242834344506,-0.442234933376,0.766162037849,-0.0104565816,-0.0284481812268,-0.0504512302577,-0.998266518116
-0.242677077651,-0.442217946053,0.765394926071,-0.010207391344,-0.0287685245275,-0.0508628673851,-0.998239099979
-0.242875143886,-0.442529439926,0.764938592911,-0.0126978699118,-0.0250706411898,-0.049990080297,-0.998354256153
-0.242840543389,-0.442829549313,0.764457762241,-0.0140771530569,-0.0327507257462,-0.0488503463566,-0.998169839382
-0.242814585567,-0.443901181221,0.763044238091,-0.00874719489366,-0.0482131540775,-0.0369887575507,-0.998113632202
-0.242507427931,-0.442982286215,0.762442350388,-0.00897231139243,-0.0436845682561,-0.0478558763862,-0.997858226299
-0.242997303605,-0.444481372833,0.761575579643,-0.00673673814163,-0.0479460284114,-0.0344797968864,-0.998231947422
-0.242590591311,-0.446871221066,0.760004341602,0.00605367822573,-0.0662834495306,-0.0138845359907,-0.997685909271
-0.242609024048,-0.446706831455,0.759180009365,0.00262064044364,-0.0625787526369,-0.0144617343321,-0.99793189764
-0.242558524013,-0.446870565414,0.759101867676,0.00676286173984,-0.0612894408405,-0.014936266467,-0.997985422611
-0.242705598474,-0.446790605783,0.75871604681,0.00555506302044,-0.0590315386653,-0.0155285485089,-0.998119950294
-0.242779865861,-0.446720033884,0.758827567101,0.00768659031019,-0.0577217079699,-0.0169888492674,-0.998158633709
-0.242982953787,-0.446489244699,0.758539974689,0.00365574308671,-0.0558181628585,-0.0172735545784,-0.998284876347
-0.24312607944,-0.446366757154,0.758532941341,0.00291732721962,-0.0544786863029,-0.017989937216,-0.998348593712
-0.243180841208,-0.446321159601,0.758622467518,0.00381348887458,-0.0539011619985,-0.0184204187244,-0.998369038105
-0.243319541216,-0.446229040623,0.75879907608,0.00285188248381,-0.0518997609615,-0.0200115088373,-0.998447716236
-0.243484690785,-0.446361005306,0.758835494518,0.00352402101271,-0.0511236675084,-0.0191195886582,-0.998503148556
-0.243464887142,-0.446207523346,0.758642375469,0.00154723261949,-0.0509488396347,-0.0196267738938,-0.998507261276
-0.243593722582,-0.446445941925,0.758612215519,0.00319653353654,-0.0505993887782,-0.0182461384684,-0.998547315598
-0.243644207716,-0.446496874094,0.758497536182,0.00355247501284,-0.0498414710164,-0.0180775690824,-0.998587191105
-0.243789404631,-0.446463137865,0.75822353363,0.00140504329465,-0.0485560074449,-0.018148496747,-0.998654663563
-0.243776425719,-0.446472972631,0.75814896822,0.00409175641835,-0.0480157062411,-0.0176008790731,-0.998683094978
-0.243828356266,-0.446480751038,0.757953643799,0.0051957978867,-0.0471861027181,-0.0173718798906,-0.998721599579
-0.244087845087,-0.446184158325,0.757557332516,0.00284492713399,-0.0444858632982,-0.017804691568,-0.998847305775
-0.244094878435,-0.446133762598,0.757476627827,0.00469493353739,-0.0434190966189,-0.0195518285036,-0.998854577541
-0.24412189424,-0.446009099483,0.757349133492,0.00852690637112,-0.0435665436089,-0.0196788664907,-0.998820364475
-0.244144931436,-0.445785969496,0.756888151169,0.0101274158806,-0.0434063561261,-0.0208262111992,-0.998789131641
-0.244272425771,-0.445697337389,0.756600677967,0.012754756026,-0.0420167930424,-0.0216113384813,-0.998801767826
-0.244441717863,-0.445489615202,0.756322920322,0.0150194745511,-0.0396700426936,-0.0234593860805,-0.998824477196
-0.244481667876,-0.442931115627,0.758058786392,0.00529757188633,-0.00241687241942,-0.0542728900909,-0.998509168625
-0.244585886598,-0.442695707083,0.757622301579,0.010745594278,-0.00533680059016,-0.0540165603161,-0.998467981815
-0.244797587395,-0.4425817132,0.757404446602,0.011426916346,-0.00475093070418,-0.054901663214,-0.998415112495
-0.245027139783,-0.442585319281,0.757467150688,0.00971457455307,-0.00355291250162,-0.0557084456086,-0.998393535614
-0.245185986161,-0.442705124617,0.757551670074,0.00786718726158,-0.00200786953792,-0.0563231818378,-0.998379588127
-0.245268210769,-0.44278305769,0.757500231266,0.00787647068501,-0.00204957812093,-0.0566526353359,-0.998360753059
-0.245330289006,-0.442839980125,0.757506430149,0.00794455502182,-0.00209516705945,-0.0572875440121,-0.998323976994
-0.245379894972,-0.442876756191,0.757574498653,0.00738296657801,-0.00184877077118,-0.0579581335187,-0.998290002346
-0.245413035154,-0.442878067493,0.757500708103,0.00827245041728,-0.00275849993341,-0.0588407441974,-0.998229324818
-0.245464473963,-0.44294539094,0.757546305656,0.00776076875627,-0.00179867842235,-0.0596311166883,-0.99818867445
-0.245558574796,-0.443051964045,0.757645726204,0.0054539735429,0.00115059898235,-0.0604454502463,-0.9981559515
-0.245574191213,-0.443083286285,0.757633686066,0.00562898442149,0.000978988828138,-0.0611039027572,-0.998115122318
-0.24558930099,-0.443117111921,0.757644832134,0.00568440137431,0.00101283239201,-0.0614327602088,-0.998094558716
-0.245608106256,-0.44310978055,0.757639229298,0.00560937682167,0.00104228395503,-0.0617793090641,-0.998073577881
-0.245612382889,-0.443145692348,0.757276833057,0.00734334113076,-0.0039411270991,-0.0598496347666,-0.9981726408
-0.245690241456,-0.443118572235,0.757643938065,0.00503113400191,0.00167607178446,-0.062186524272,-0.998050510883
-0.245721891522,-0.443110406399,0.757639706135,0.00488229934126,0.00188721099403,-0.0621871054173,-0.998050808907
-0.245722144842,-0.443116217852,0.757608175278,0.00514681264758,0.00155007862486,-0.06217642501,-0.998050749302
-0.24572339654,-0.443166702986,0.757625877857,0.00508844247088,0.00168713228777,-0.0620440579951,-0.998059093952
-0.245717659593,-0.443174242973,0.757621943951,0.00510158389807,0.00174089788925,-0.0620999485254,-0.998055458069
-0.245726451278,-0.443164527416,0.757641136646,0.00477853696793,0.00204505980946,-0.0622333288193,-0.998048126698
-0.245721995831,-0.443156808615,0.757599115372,0.00526476744562,0.00153290340677,-0.0620668791234,-0.99805700779
-0.24571582675,-0.443133205175,0.757605314255,0.00538765126839,0.00140186294448,-0.0619540326297,-0.998063504696
-0.24572250247,-0.443130284548,0.757625222206,0.00512432307005,0.00165656779427,-0.061949338764,-0.998064815998
-0.245723813772,-0.443151861429,0.757624745369,0.00517290830612,0.0018566402141,-0.061926946044,-0.998065590858
-0.245678961277,-0.44312235713,0.757649540901,0.0051915096119,0.0016999412328,-0.0620637722313,-0.998057305813
-0.245636641979,-0.443078160286,0.757614970207,0.00599077530205,0.000728533254005,-0.0618682093918,-0.9980661273
-0.245601758361,-0.443124383688,0.757230222225,0.00800794456154,-0.00450318539515,-0.0596793852746,-0.998175382614
-0.24563139677,-0.44306063652,0.757607877254,0.00645855767652,0.000485347292852,-0.0618844293058,-0.998062312603
-0.245622172952,-0.443069785833,0.757614195347,0.00641392264515,0.000445590500021,-0.0618254058063,-0.998066365719
-0.245623826981,-0.443097472191,0.757604062557,0.00638176407665,0.000633638817817,-0.0618491508067,-0.998064994812
-0.245593234897,-0.443159133196,0.757247447968,0.00804754346609,-0.00448421528563,-0.0596473664045,-0.99817699194
-0.245638862252,-0.443117022514,0.757621109486,0.00613394286484,0.000986440340057,-0.0620017386973,-0.998056769371
-0.245658323169,-0.443114548922,0.757631897926,0.00585387460887,0.0012039821595,-0.0618488155305,-0.998067617416
-0.245701298118,-0.443129301071,0.757636368275,0.00508263055235,0.00194023596123,-0.0621643923223,-0.99805110693
-0.245706111193,-0.443129181862,0.757641375065,0.00514985248446,0.00184086267836,-0.0620562545955,-0.998057723045
-0.245660543442,-0.443168520927,0.757255852222,0.00699590472504,-0.00370397605002,-0.0597658567131,-0.99818110466
-0.245629027486,-0.443159162998,0.757243514061,0.00757320132107,-0.00413196953014,-0.0597809292376,-0.998174250126
-0.245667040348,-0.443126440048,0.757608473301,0.00580484559759,0.00118877948262,-0.0619467832148,-0.99806189537
-0.245664566755,-0.443122029305,0.757610797882,0.00589730637148,0.00106196012348,-0.0620114579797,-0.998057484627
-0.245691865683,-0.443146586418,0.757627904415,0.00520745944232,0.00169156759512,-0.0621936544776,-0.998049080372
-0.245659843087,-0.443189591169,0.757246434689,0.00701921852306,-0.00355565035716,-0.059869337827,-0.998175263405
-0.245701998472,-0.443141549826,0.757640004158,0.0049205631949,0.00192813226022,-0.0621583536267,-0.998052358627
-0.245623290539,-0.44317895174,0.75723773241,0.00760054634884,-0.00420067785308,-0.0597175695002,-0.998177587986
-0.245613366365,-0.443175643682,0.757235467434,0.00755924871191,-0.00427820440382,-0.0596761368215,-0.998180091381
-0.245660364628,-0.443113356829,0.757626056671,0.00577619764954,0.00124967575539,-0.061999194324,-0.998058736324
-0.245656684041,-0.443102091551,0.757620275021,0.00573340477422,0.00113392027561,-0.0619264133275,-0.99806368351
-0.245662167668,-0.443097293377,0.757620215416,0.00581048708409,0.00114875799045,-0.0620374195278,-0.998056292534
-0.24568811059,-0.443131923676,0.757627189159,0.00513728288934,0.00173866993282,-0.0621730126441,-0.998050630093
-0.245631620288,-0.443188309669,0.757243037224,0.0075651477091,-0.00420304667205,-0.0595812983811,-0.998185992241
-0.245646432042,-0.443197309971,0.757243454456,0.00704616075382,-0.0037630177103,-0.059887971729,-0.998173177242
-0.245670199394,-0.443150162697,0.75762462616,0.00558950565755,0.00114963855594,-0.0618437118828,-0.998069524765
-0.245648905635,-0.443200200796,0.757246553898,0.00706096226349,-0.00373750482686,-0.0597347579896,-0.998182415962
-0.245678439736,-0.443125516176,0.757619440556,0.00576254958287,0.00122696976177,-0.0618933364749,-0.998065412045
-0.24567489326,-0.443119108677,0.757606327534,0.00580984214321,0.00111415423453,-0.0618863254786,-0.998065769672
-0.245665103197,-0.443103611469,0.757601618767,0.00584582146257,0.000992096494883,-0.0619921758771,-0.998059093952
-0.24562625587,-0.44316226244,0.75724697113,0.00760781206191,-0.00413919659331,-0.0596807859838,-0.998179912567
-0.245668753982,-0.44311824441,0.757624566555,0.00589009234682,0.00114611967001,-0.0618253722787,-0.998068988323
-0.245663657784,-0.443120479584,0.757608354092,0.00593449315056,0.00105860840995,-0.0618972629309,-0.998064398766
-0.245632305741,-0.443173080683,0.75724285841,0.00754810729995,-0.00409342302009,-0.0596897341311,-0.998180031776
-0.245629698038,-0.443151563406,0.757253646851,0.00746610481292,-0.00406856229529,-0.0597591660917,-0.998176634312
-0.245696082711,-0.443145245314,0.757650613785,0.0050080162473,0.00186556275003,-0.0620200298727,-0.998060643673
-0.245641410351,-0.443188339472,0.75724619627,0.00705714849755,-0.00377751141787,-0.0597634762526,-0.998180508614
-0.24569915235,-0.443136096001,0.757655262947,0.00493807112798,0.00193874491379,-0.0621638819575,-0.99805188179
-0.245642021298,-0.443170458078,0.757249116898,0.00693342229351,-0.00379155296832,-0.0597672611475,-0.998181045055
-0.245633333921,-0.443156927824,0.757242619991,0.00752140814438,-0.00421905564144,-0.0596709437668,-0.998180925846
-0.245637729764,-0.443143963814,0.757237672806,0.00769994081929,-0.00427694292739,-0.059652518481,-0.9981803298
-0.24567912519,-0.443093776703,0.757628500462,0.00570312142372,0.0012067767093,-0.0619953200221,-0.998059391975
-0.245631977916,-0.443174809217,0.757237672806,0.00717681273818,-0.00398224964738,-0.0597665533423,-0.998178601265
-0.2456587255,-0.443119883537,0.757617592812,0.00586439529434,0.00102522806264,-0.0618375316262,-0.998068451881
-0.245654985309,-0.443122446537,0.757606327534,0.00581635115668,0.000985532533377,-0.061896532774,-0.998065173626
-0.245697215199,-0.443155676126,0.757655918598,0.00494265370071,0.00196427595802,-0.0620755665004,-0.998057305813
-0.245677798986,-0.443117499352,0.757609903812,0.00590837793425,0.00100658717565,-0.061882533133,-0.998065471649
-0.245655804873,-0.44318407774,0.75726300478,0.00700309313834,-0.00355735211633,-0.0597665160894,-0.998181521893
-0.245634838939,-0.443171232939,0.757235705853,0.00767296971753,-0.00430784653872,-0.0596483498812,-0.998180747032
-0.245629578829,-0.443171858788,0.757234156132,0.00754051329568,-0.00434355903417,-0.0596318729222,-0.998182594776
-0.245636433363,-0.443159520626,0.757243156433,0.00752690900117,-0.00416113622487,-0.0596968829632,-0.998179495335
-0.245633855462,-0.443127244711,0.757230758667,0.00752359023318,-0.00425415858626,-0.0598367378116,-0.998170793056
-0.245637923479,-0.4431450665,0.757253885269,0.00738242128864,-0.00394609570503,-0.0597560033202,-0.998177945614
-0.245632559061,-0.443156242371,0.757246077061,0.00708733079955,-0.00389736169018,-0.05981130898,-0.998176932335
-0.245628446341,-0.443167567253,0.757252991199,0.00749805336818,-0.00414971541613,-0.059655033052,-0.998182356358
-0.245616197586,-0.443181991577,0.757245242596,0.00755355786532,-0.00421360461041,-0.0596293993294,-0.998183190823
-0.245618119836,-0.443186044693,0.757224559784,0.00771461986005,-0.00439072120935,-0.0597497820854,-0.998174011707
-0.245626285672,-0.443163752556,0.757243394852,0.00753644388169,-0.00429260684177,-0.0597214959562,-0.998177409172
-0.245640709996,-0.443178027868,0.757226467133,0.00729227392003,-0.00404833257198,-0.0597312189639,-0.998179674149
-0.24565371871,-0.443166106939,0.757258117199,0.00697089685127,-0.0036989194341,-0.0597530826926,-0.99818199873
-0.245644375682,-0.443165808916,0.757245004177,0.00746124656871,-0.00417836103588,-0.0595443993807,-0.998189032078
-0.245674431324,-0.443136841059,0.75760859251,0.00586462859064,0.00105174386408,-0.0617826804519,-0.998071908951
-0.245646953583,-0.443183630705,0.757250010967,0.00714228488505,-0.00376376952045,-0.0596990473568,-0.998183846474
-0.245633363724,-0.443148732185,0.757238507271,0.00759847136214,-0.00424092262983,-0.0596854276955,-0.998179316521
-0.245694845915,-0.44313955307,0.757643222809,0.00512365903705,0.00178513245191,-0.0620639808476,-0.998057484627
-0.245627760887,-0.443162530661,0.757230877876,0.00762486457825,-0.00437998026609,-0.059636387974,-0.998181521893
-0.245636105537,-0.443192452192,0.75724196434,0.00767981912941,-0.00413040164858,-0.0596462823451,-0.998181581497
-0.245620161295,-0.443153738976,0.757244706154,0.00755941309035,-0.00420137587935,-0.059823513031,-0.998171508312
-0.245623275638,-0.443181067705,0.757236301899,0.00767191965133,-0.00431324867532,-0.0596120506525,-0.998182833195
-0.245637685061,-0.443182766438,0.757238090038,0.00714821601287,-0.00382528128102,-0.0597950853407,-0.9981777668
-0.245632171631,-0.443157315254,0.757229149342,0.007573351264,-0.00428940355778,-0.0597274936736,-0.998176753521
-0.245650306344,-0.443163663149,0.757223248482,0.0071553750895,-0.00398560333997,-0.0597800239921,-0.998178064823
-0.245638221502,-0.443154275417,0.75723785162,0.00756641849875,-0.00428384821862,-0.0596418082714,-0.99818199873
-0.245632559061,-0.44315752387,0.757239282131,0.00752946268767,-0.00423460453749,-0.0596278682351,-0.998183310032
-0.245636820793,-0.443171918392,0.75723940134,0.00715395249426,-0.00397147238255,-0.059756629169,-0.998179495335
-0.245635971427,-0.443186938763,0.75723195076,0.00715363910422,-0.00389733724296,-0.0598832368851,-0.998172223568
-0.245629653335,-0.443188905716,0.757234632969,0.00755764683709,-0.00429325504228,-0.0595391057432,-0.998188138008
-0.245627522469,-0.443168640137,0.757251858711,0.00743042118847,-0.00410200329497,-0.0596911795437,-0.998180866241
-0.245620205998,-0.443175643682,0.757239162922,0.00756486039609,-0.00427736481652,-0.0595696344972,-0.998186409473
-0.245614260435,-0.443170964718,0.757235050201,0.00764425750822,-0.00438293628395,-0.0596189908683,-0.998182356358
-0.245607122779,-0.443164229393,0.75724619627,0.00757914455608,-0.00434854766354,-0.0595224015415,-0.998188734055
-0.245613962412,-0.443153917789,0.757247030735,0.007560770493,-0.00431276485324,-0.0595590285957,-0.998186886311
-0.245645180345,-0.443071752787,0.757608950138,0.00597728323191,0.000804134004284,-0.06191701442,-0.998063147068
-0.245652705431,-0.443094193935,0.757604777813,0.00622875336558,0.000877453479916,-0.0618500709534,-0.998065650463
-0.245617941022,-0.443139851093,0.757242143154,0.00785551313311,-0.00446018204093,-0.0595971047878,-0.998181641102
-0.245608180761,-0.443148434162,0.757237613201,0.00784507580101,-0.00434837676585,-0.0596654564142,-0.998178184032
-0.245632380247,-0.443102091551,0.757594466209,0.00626813154668,0.000567175622564,-0.0618024542928,-0.998068630695
-0.24564255774,-0.443118393421,0.757612705231,0.00621195323765,0.00087079993682,-0.0618804432452,-0.998063862324
-0.245644137263,-0.443118214607,0.757603287697,0.0061191949062,0.00082058965927,-0.0618081949651,-0.998068988323
-0.245604202151,-0.443162709475,0.757231116295,0.00782374572009,-0.00450665643439,-0.0594555437565,-0.998190224171
-0.245608747005,-0.443146049976,0.757230758667,0.00776251172647,-0.00454604718834,-0.0596074461937,-0.998181402683
-0.245651215315,-0.443113774061,0.757615864277,0.0060068978928,0.000938184093684,-0.0618533790112,-0.998066723347
-0.245642796159,-0.443095713854,0.757608175278,0.0060969456099,0.000859784544446,-0.0619488358498,-0.998060405254
-0.245621085167,-0.443161576986,0.757245719433,0.00767414364964,-0.00413418607786,-0.0596322305501,-0.998182356358
-0.245627015829,-0.443178117275,0.757237493992,0.00762006919831,-0.00428307941183,-0.0595203116536,-0.998188793659
-0.245692178607,-0.443147480488,0.757622241974,0.0054035061039,0.00177372701,-0.0620818957686,-0.998054921627
-0.245669424534,-0.443139791489,0.757611095905,0.00598503276706,0.00106824433897,-0.0618136823177,-0.998069167137
-0.245640307665,-0.443116098642,0.757621228695,0.00597590999678,0.000882881635334,-0.0618320219219,-0.998068332672
-0.245538920164,-0.443125396967,0.757232904434,0.00821803882718,-0.00518359895796,-0.0593276210129,-0.998191297054
-0.245508804917,-0.443079292774,0.757218122482,0.00892995670438,-0.00550961121917,-0.0594571083784,-0.998175740242
-0.245476931334,-0.443027436733,0.757243931293,0.00961351580918,-0.00592904305086,-0.059394326061,-0.998170733452
-0.245438843966,-0.442987054586,0.757245481014,0.0100400336087,-0.00622511841357,-0.0594311803579,-0.998162567616
-0.245421797037,-0.442979186773,0.757239818573,0.010100863874,-0.0065916441381,-0.0593316145241,-0.998165488243
-0.245409995317,-0.442965656519,0.757253348827,0.0104052284732,-0.00675329193473,-0.0593105331063,-0.998162508011
-0.245403707027,-0.442992597818,0.757237434387,0.0106350332499,-0.00705656176433,-0.0593834742904,-0.998153626919
-0.245423704386,-0.442955702543,0.757304012775,0.00964687112719,-0.00574500719085,-0.0599764026701,-0.998136639595
-0.245397746563,-0.443007975817,0.757365524769,0.00973615050316,-0.00643294956535,-0.059778213501,-0.998143494129
-0.245301544666,-0.442984610796,0.757530391216,0.0100203165784,-0.00939167197794,-0.0596554167569,-0.998124599457
-0.245251700282,-0.442975670099,0.757694602013,0.0102135706693,-0.0115001453087,-0.0592856295407,-0.998122572899
-0.245235607028,-0.442953944206,0.758002221584,0.00930527597666,-0.0136885726824,-0.058904606849,-0.998126447201
-0.24518121779,-0.442915886641,0.758347690105,0.00822300091386,-0.0161858350039,-0.058387260884,-0.998128950596
-0.244998142123,-0.442838728428,0.758601486683,0.0111011592671,-0.0230502933264,-0.0574649013579,-0.998019695282
-0.24523165822,-0.444109737873,0.758594453335,0.0128985196352,-0.0347292870283,-0.0429479144514,-0.998390197754
-0.244916409254,-0.443924933672,0.758985638618,0.0121542876586,-0.0393224321306,-0.0436752513051,-0.998197615147
-0.244787201285,-0.444030791521,0.759782791138,0.00984474923462,-0.040290441364,-0.0418190546334,-0.998264014721
-0.244223505259,-0.442624717951,0.760723173618,0.00337683805265,-0.0327458232641,-0.0556164234877,-0.997909426689
-0.243480890989,-0.442461937666,0.76106762886,0.0126250805333,-0.0497811697423,-0.0537786372006,-0.997231304646
-0.243146568537,-0.442450493574,0.761707484722,0.00993234664202,-0.0528498999774,-0.0524488128722,-0.997174680233
-0.242827951908,-0.442376762629,0.76229763031,0.00784291792661,-0.0555774383247,-0.0516767911613,-0.997085392475
-0.242136731744,-0.441937148571,0.762629628181,0.0131036806852,-0.0686572045088,-0.0511361993849,-0.996242761612
-0.241671353579,-0.441591829062,0.763081490993,0.0143055096269,-0.0754696503282,-0.0508202277124,-0.995749533176
-0.241421163082,-0.441537111998,0.763728141785,0.0109193772078,-0.0761093869805,-0.0488407686353,-0.995842754841
-0.24150672555,-0.442645549774,0.763975203037,0.0117995832115,-0.0856468975544,-0.0353806167841,-0.995627224445
-0.241095304489,-0.442342489958,0.764190614223,0.0122464075685,-0.0924182459712,-0.0339356400073,-0.995066523552
-0.240300402045,-0.441250234842,0.764469146729,0.0123513275757,-0.0972265228629,-0.0393020361662,-0.994409263134
-0.2402484864,-0.441445201635,0.765133440495,0.0158893615007,-0.0994843244553,-0.0350195169449,-0.99429577589
-0.239121034741,-0.439557015896,0.765489041805,0.0168922394514,-0.101647034287,-0.0493886731565,-0.993450164795
-0.239546686411,-0.440552026033,0.766429483891,0.021291738376,-0.106176994741,-0.0367661826313,-0.99343919754
-0.238830655813,-0.43912640214,0.767223000526,0.0201949644834,-0.104545943439,-0.0468186922371,-0.993212103844
-0.237879157066,-0.437727481127,0.76700013876,0.0125213060528,-0.0982745066285,-0.0544496700168,-0.993589758873
-0.238251417875,-0.438712835312,0.76855546236,0.0220685321838,-0.101693481207,-0.0387837253511,-0.993814587593
-0.237618386745,-0.437020480633,0.769714772701,0.0207977332175,-0.0995829999447,-0.0483312606812,-0.993637144566
-0.237186893821,-0.436165809631,0.770703673363,0.0231536254287,-0.105854846537,-0.0472169816494,-0.992990136147
-0.236535146832,-0.435074985027,0.771905958652,0.0254090689123,-0.109323441982,-0.045881383121,-0.992621600628
-0.236109465361,-0.434236973524,0.772698760033,0.0256988741457,-0.113557845354,-0.0457652956247,-0.992144048214
-0.235365107656,-0.433128684759,0.774108827114,0.0270815566182,-0.115857832134,-0.0459661781788,-0.991832017899
-0.234800428152,-0.432181805372,0.776085495949,0.0258188452572,-0.112339660525,-0.0460486896336,-0.992266535759
-0.234172686934,-0.431132912636,0.777577221394,0.0296893995255,-0.118975542486,-0.0460927225649,-0.991382300854
-0.233229622245,-0.42973536253,0.779821932316,0.0328130237758,-0.120136335492,-0.0449772775173,-0.991195082664
-0.232372924685,-0.4283221066,0.781845450401,0.032171882689,-0.119059927762,-0.0468687154353,-0.991258382797
-0.231442376971,-0.426873773336,0.784353911877,0.0310100056231,-0.122583039105,-0.0463813766837,-0.990888774395
-0.230330765247,-0.425177663565,0.786861002445,0.029559565708,-0.123098224401,-0.0457199551165,-0.990899980068
-0.229131385684,-0.423075139523,0.789292216301,0.0324696563184,-0.130496010184,-0.0472675673664,-0.989789009094
-0.228080824018,-0.421568453312,0.792416453362,0.0268489066511,-0.125394523144,-0.0487046763301,-0.990546941757
-0.226721614599,-0.419718444347,0.794854938984,0.025706935674,-0.130078658462,-0.0474678985775,-0.990033090115
-0.225245133042,-0.417899399996,0.798486769199,0.0258706994355,-0.126650691032,-0.0489151403308,-0.990402817726
-0.223687708378,-0.415919005871,0.801668465137,0.0267684981227,-0.127239435911,-0.0488343425095,-0.990307509899
-0.22209122777,-0.413958460093,0.805312275887,0.0245774965733,-0.12307266891,-0.050491232425,-0.990807652473
-0.220279857516,-0.411764144897,0.80870372057,0.0297195892781,-0.124593451619,-0.051508679986,-0.990424215794
-0.21848936379,-0.409694552422,0.812731027603,0.0282383505255,-0.121032938361,-0.0532621964812,-0.990816295147
-0.216386198997,-0.407339245081,0.81627368927,0.0280540529639,-0.120445735753,-0.0546140186489,-0.990819454193
-0.21432569623,-0.405054658651,0.820802986622,0.0296426843852,-0.112525783479,-0.0578634850681,-0.991519570351
-0.212129935622,-0.402764201164,0.824609994888,0.0312638618052,-0.11366070807,-0.0573456063867,-0.991370439529
-0.20980669558,-0.400312870741,0.829375088215,0.0317477397621,-0.106864735484,-0.059981405735,-0.991954743862
-0.207349583507,-0.397862404585,0.833814382553,0.0325635336339,-0.104380279779,-0.0607479773462,-0.992146253586
-0.204828187823,-0.395303815603,0.838422834873,0.0320908054709,-0.100634559989,-0.0628354623914,-0.992418587208
-0.202262863517,-0.392690271139,0.842850208282,0.029814908281,-0.0994736105204,-0.0624696463346,-0.99262970686
-0.199173748493,-0.389574974775,0.847597777843,0.0391642153263,-0.103192701936,-0.0669093430042,-0.991635322571
-0.196417421103,-0.386788964272,0.852700412273,0.0370008014143,-0.0970379561186,-0.0672327876091,-0.992317676544
-0.193523153663,-0.383803844452,0.857873499393,0.0374023318291,-0.0950520858169,-0.0669053718448,-0.992516994476
-0.190639197826,-0.380871802568,0.862954795361,0.0375058986247,-0.0912682414055,-0.0675678253174,-0.992823243141
-0.187670007348,-0.377852857113,0.868373155594,0.0350957736373,-0.0866996943951,-0.0678955093026,-0.993298470974
-0.184682458639,-0.374663382769,0.873774290085,0.0334583334625,-0.0824183225632,-0.0688084661961,-0.99365645647
-0.181463196874,-0.371551781893,0.879363000393,0.0331314355135,-0.0867511183023,-0.0677369907498,-0.99337220192
-0.178243532777,-0.368322074413,0.884955406189,0.0307028517127,-0.0827109515667,-0.068053163588,-0.99377310276
-0.174981430173,-0.365041106939,0.89068198204,0.0279952902347,-0.0803084149957,-0.0673524215817,-0.99409788847
-0.17171010375,-0.36176109314,0.896299540997,0.0267118532211,-0.0753923803568,-0.0683495625854,-0.994450092316
-0.16824875772,-0.358124732971,0.901976644993,0.0248632617295,-0.0734193623066,-0.0657710209489,-0.994819402695
-0.16463136673,-0.354818642139,0.9073741436,0.0228001661599,-0.075901068747,-0.0627517998219,-0.994877576828
-0.161417514086,-0.350448936224,0.913106381893,0.0173403788358,-0.0660671517253,-0.0705708041787,-0.995165467262
-0.157946109772,-0.346740603447,0.91893017292,0.0142999170348,-0.0592935010791,-0.0693740695715,-0.995724380016
-0.152514770627,-0.348444491625,0.922280371189,0.056787956506,-0.0601534284651,-0.0440587066114,-0.995598137379
-0.148861855268,-0.344467192888,0.928271591663,0.0557975843549,-0.0542727783322,-0.0470192283392,-0.995856642723
-0.146777406335,-0.336086243391,0.936819553375,0.0145026426762,-0.0556671135128,-0.0670515298843,-0.996089816093
-0.143043085933,-0.332233309746,0.942795753479,0.0132232103497,-0.05326622352,-0.0674567595124,-0.996211528778
-0.139274954796,-0.328272432089,0.948620259762,0.0124788470566,-0.0519292280078,-0.0678627863526,-0.996264219284
-0.135420590639,-0.325680196285,0.956691741943,0.0217384845018,0.0230009090155,-0.0936479046941,-0.995102286339
-0.132120504975,-0.321802914143,0.959449112415,0.0140716889873,-0.091164983809,-0.0442897118628,-0.994750976562
-0.126221716404,-0.321627438068,0.963450074196,0.0568481758237,-0.0429624058306,-0.0430605374277,-0.996528208256
-0.123947046697,-0.312806665897,0.971657395363,0.0196087863296,-0.0437579713762,-0.0659869089723,-0.996667742729
-0.120222344995,-0.309705078602,0.977751970291,0.0254158712924,-0.0391392670572,-0.0694879665971,-0.996490597725
-0.116277053952,-0.305708318949,0.98348069191,0.0262795668095,-0.0387335792184,-0.0687760040164,-0.996533513069
-0.112148724496,-0.304330736399,0.987373232841,0.0374008528888,-0.0642484501004,-0.0358558110893,-0.996588110924
-0.108895309269,-0.297615617514,0.993898928165,0.0283361393958,-0.0433154813945,-0.0641755238175,-0.996595442295
-0.104849845171,-0.293452709913,0.999544203281,0.0287446528673,-0.0446681678295,-0.0627938359976,-0.996612012386
-0.10096386075,-0.290768802166,1.00388669968,0.0378776080906,-0.0687884166837,-0.0461495667696,-0.995843231678
-0.097348280251,-0.285631120205,1.01000869274,0.0300807394087,-0.0562270358205,-0.0577821917832,-0.996290564537
-0.093751847744,-0.280281931162,1.01611709595,0.0217248909175,-0.0435946211219,-0.0672883987427,-0.996543943882
-0.0901406779885,-0.27592420578,1.0216242075,0.0183462314308,-0.0435546934605,-0.0682261660695,-0.996549904346
-0.0865730792284,-0.271091520786,1.02718961239,0.0105739729479,-0.0379288233817,-0.0723100379109,-0.996604681015
-0.0830566883087,-0.267013013363,1.03278315067,0.00140931538772,-0.0429001264274,-0.0607587173581,-0.997229218483
-0.0779506787658,-0.266265124083,1.0357323885,0.028855284676,-0.0343783535063,-0.0464674308896,-0.99791097641
-0.0756839290261,-0.259961783886,1.04249918461,-0.00718622561544,-0.062734387815,-0.0355851240456,-0.997369766235
-0.0723461061716,-0.252243638039,1.04879975319,-0.0265130922198,-0.0329737402499,-0.0689126700163,-0.996725082397
-0.0690330117941,-0.249050587416,1.05447900295,-0.026380462572,-0.0417232997715,-0.0540560744703,-0.997317075729
-0.0653257519007,-0.246420443058,1.05890214443,-0.0240232590586,-0.0567984730005,-0.0353975184262,-0.99746876955
-0.0606971420348,-0.244098544121,1.06261622906,0.00119645497762,-0.0277544613928,-0.0398719497025,-0.998818576336
-0.0572065897286,-0.239952534437,1.06776404381,0.00265148677863,-0.0230934470892,-0.040348533541,-0.998915314674
-0.0539520941675,-0.23591530323,1.07285571098,-0.000229156095884,-0.0248705223203,-0.0374208912253,-0.998990118504
-0.0507861562073,-0.23167578876,1.0779094696,0.00341704976745,-0.0179801825434,-0.0381174944341,-0.999105632305
-0.0475810542703,-0.226906582713,1.08242368698,-0.000725179270376,-0.0110560255125,-0.0352364853024,-0.999317646027
-0.046235717833,-0.218690931797,1.08992826939,-0.0355148278177,-0.00973761174828,-0.0527001842856,-0.99793112278
-0.0427241846919,-0.214028194547,1.09487295151,-0.0386158823967,-0.0062824296765,-0.0606063045561,-0.997394800186
-0.0395057313144,-0.209921821952,1.09950447083,-0.0379763767123,-0.00328009133227,-0.0634648576379,-0.997255921364
-0.0364530310035,-0.206036761403,1.10438668728,-0.035675060004,-0.00385859422386,-0.0619609728456,-0.997433304787
-0.0335667841136,-0.20195697248,1.10948479176,-0.0368716754019,0.00625402340665,-0.0636710897088,-0.99726998806
-0.0306115429848,-0.198090657592,1.11375761032,-0.034115690738,0.00288870441727,-0.0634226799011,-0.997399389744
-0.0276487506926,-0.195115223527,1.11908054352,-0.0282235462219,0.000693263718858,-0.0591915547848,-0.997847318649
-0.0248960033059,-0.190579235554,1.1231303215,-0.0296462122351,0.00770472083241,-0.0602119863033,-0.99771553278
-0.0218935701996,-0.18640165031,1.12737810612,-0.0344043560326,0.010297617875,-0.0630923062563,-0.99736136198
-0.0193090010434,-0.182701393962,1.13185894489,-0.0322479605675,0.0120801329613,-0.063035801053,-0.997417032719
-0.0168738588691,-0.178840443492,1.13616907597,-0.0311205498874,0.0135716348886,-0.062557503581,-0.99746376276
-0.0142781753093,-0.175125181675,1.14020609856,-0.0326434075832,0.015862448141,-0.0649449303746,-0.997228682041
-0.0120017621666,-0.171375915408,1.14438319206,-0.030960381031,0.0167542938143,-0.0630359947681,-0.997390210629
-0.00972726941109,-0.168171897531,1.14879357815,-0.0278643053025,0.0134509177878,-0.062553986907,-0.997561872005
-0.00724196759984,-0.163911864161,1.15202200413,-0.0349008515477,0.0179583542049,-0.0633508190513,-0.997219204903
-0.00490339007229,-0.160053670406,1.15571558475,-0.0333006046712,0.0146499257535,-0.0632745623589,-0.99733287096
-0.00275449408218,-0.15656195581,1.15933966637,-0.0340547673404,0.0150868874043,-0.062453944236,-0.997352600098
-0.000835314393044,-0.153023809195,1.16290140152,-0.0342839732766,0.0178452078253,-0.0610045157373,-0.997388958931
0.00142723089084,-0.14932140708,1.16631948948,-0.0366652831435,0.0175687298179,-0.064241848886,-0.997105836868
0.00324750645086,-0.14603061974,1.16976225376,-0.0343472659588,0.0187805518508,-0.0608652569354,-0.997378051281
0.00534016638994,-0.142410233617,1.17294073105,-0.037282589823,0.0182103160769,-0.0638373196125,-0.997097432613
0.00745557015762,-0.138823315501,1.17581164837,-0.0408119745553,0.0183501672,-0.0658537596464,-0.996825456619
0.00891601573676,-0.135801643133,1.17884290218,-0.0386176109314,0.0187899898738,-0.0609859190881,-0.997214317322
0.0109497811645,-0.132301434875,1.18164145947,-0.0393529608846,0.0169583372772,-0.0629504993558,-0.99709635973
0.0126607306302,-0.129240140319,1.18431639671,-0.0382456146181,0.0169120263308,-0.0610504187644,-0.997258365154
0.0144045464694,-0.125922739506,1.18664550781,-0.039722263813,0.0166606381536,-0.0610808171332,-0.997202932835
0.0162111110985,-0.123371914029,1.18938672543,-0.0332922972739,0.0117471907288,-0.0616435855627,-0.997473657131
0.0178998485208,-0.119911134243,1.19099605083,-0.0353555902839,0.0159066636115,-0.0615902096033,-0.997348368168
0.0194185748696,-0.117522843182,1.19361019135,-0.0287989955395,0.0119440425187,-0.0583008006215,-0.997812151909
0.0214171335101,-0.114040970802,1.19491553307,-0.0299047548324,0.0133467577398,-0.0592351183295,-0.997706830502
0.0231371074915,-0.111100353301,1.19657862186,-0.0284018497914,0.0120874987915,-0.0600752830505,-0.997716486454
0.0251050144434,-0.108324125409,1.19836437702,-0.028655609116,0.00548904482275,-0.0635443776846,-0.997552514076
0.0266335047781,-0.105510495603,1.19978690147,-0.028722602874,0.00543548539281,-0.0628672987223,-0.997593700886
0.0288327317685,-0.102484360337,1.20103263855,-0.0317556522787,0.00208380632102,-0.0665910020471,-0.997272789478
0.0303341541439,-0.0996508523822,1.20224750042,-0.0319737046957,0.0013494748855,-0.0674499198794,-0.997209370136
0.0317803137004,-0.0966036766768,1.20302522182,-0.0343192666769,0.00560097023845,-0.0650413036346,-0.997276604176
0.0335155464709,-0.0942726135254,1.20424330235,-0.0362497121096,-0.000569890544284,-0.0669317916036,-0.997098743916
0.0349847376347,-0.0916297882795,1.20525586605,-0.0353117287159,-0.00124004634563,-0.0671837925911,-0.99711483717
0.0361193045974,-0.0888452008367,1.2058275938,-0.0358636081219,0.00320611917414,-0.0636046901345,-0.997325479984
0.0376655608416,-0.0864427983761,1.20650851727,-0.0389122031629,0.0028905372601,-0.063959993422,-0.997189342976
0.039133746177,-0.0843780934811,1.20747077465,-0.0389087870717,-0.00295497011393,-0.0650173798203,-0.997120976448
0.0402116328478,-0.0816879794002,1.20789897442,-0.0390110872686,0.00192953192163,-0.062227614224,-0.997297406197
0.0413989499211,-0.0795487314463,1.20849752426,-0.0391141027212,0.00206309463829,-0.0608766712248,-0.99737650156
0.0426951870322,-0.0776315629482,1.20938718319,-0.0371363498271,-0.00347000430338,-0.0609129667282,-0.997446060181
0.0433624535799,-0.0752092897892,1.20948898792,-0.038115337491,0.00301386485808,-0.0581212751567,-0.997577130795
0.0442940890789,-0.0735909938812,1.21041119099,-0.0335489660501,-0.00234230095521,-0.0563079714775,-0.997846901417
0.0451561249793,-0.0712030529976,1.2103073597,-0.0356981903315,0.00352020212449,-0.0523544438183,-0.997984170914
0.0454609394073,-0.0694447681308,1.2106025219,-0.0332724004984,0.00543859507889,-0.0480837486684,-0.998274207115
0.0464504249394,-0.0675282776356,1.21067118645,-0.0311603024602,0.00528086395934,-0.0521408431232,-0.998139500618
0.0470668114722,-0.0657572746277,1.2112622261,-0.0260713994503,0.0043772123754,-0.0453717298806,-0.998620331287
0.0477970205247,-0.0639341026545,1.21113801003,-0.0268446784467,0.00531964562833,-0.0453493148088,-0.998596310616
0.0482467599213,-0.0624094083905,1.21163201332,-0.0219581574202,0.00816145632416,-0.0416401252151,-0.998858094215
0.0489562787116,-0.0607324428856,1.21159923077,-0.0218986514956,0.00980650167912,-0.0412561893463,-0.998860478401
0.0494635812938,-0.0593294240534,1.21187460423,-0.0181544665247,0.0109795797616,-0.0378980748355,-0.999056339264
0.0498387217522,-0.0577194951475,1.2115457058,-0.0216449424624,0.0161879919469,-0.0360170342028,-0.998985588551
0.0506920777261,-0.0564061775804,1.21178889275,-0.0204721167684,0.0137412324548,-0.034984190017,-0.999083697796
0.0508620887995,-0.0548664070666,1.21170961857,-0.021898355335,0.016036150977,-0.035252481699,-0.999009847641
0.0515024587512,-0.0532470569015,1.21152675152,-0.0248929187655,0.0180898364633,-0.0366432592273,-0.998854577541
0.0517030805349,-0.0518317148089,1.2113237381,-0.0299845468253,0.0246058683842,-0.034358818084,-0.998656570911
0.0523676201701,-0.0503314733505,1.2110645771,-0.0308299381286,0.0236651469022,-0.0334223024547,-0.998685359955
0.0531014949083,-0.0487987436354,1.21082437038,-0.0326239988208,0.023632960394,-0.0334144532681,-0.998629450798
0.0541149750352,-0.0472636222839,1.21062362194,-0.0301127806306,0.0189000014216,-0.0333425477147,-0.998811423779
0.0546142719686,-0.0461517125368,1.21064841747,-0.0290040913969,0.0193645525724,-0.0339154601097,-0.998816072941
0.0554299093783,-0.0443953946233,1.21029067039,-0.0338354706764,0.020229479298,-0.0366535261273,-0.998550236225
0.0561644099653,-0.0428004041314,1.21035909653,-0.0362840220332,0.0196854714304,-0.0336146652699,-0.998582065105
0.0568148344755,-0.041422676295,1.21026957035,-0.0347248092294,0.0185256898403,-0.0339259579778,-0.998649120331
0.0575772076845,-0.0397343933582,1.21045696735,-0.0361948981881,0.0160796288401,-0.0309457536787,-0.998736083508
0.0580187141895,-0.0383965037763,1.21068274975,-0.0365268625319,0.0180064942688,-0.0299800261855,-0.9987205863
0.0583957843482,-0.0380594804883,1.21060025692,-0.0379941388965,0.00909838266671,-0.0109757473692,-0.999176263809
0.0594602487981,-0.0355239510536,1.21123313904,-0.0412134230137,0.0171035733074,-0.0199470501393,-0.998804807663
0.0603755787015,-0.0336298383772,1.21155416965,-0.0421246178448,0.0147388149053,-0.0199532341212,-0.998804450035
0.0609187483788,-0.0321388468146,1.21191251278,-0.0447039417922,0.0157117042691,-0.0188248772174,-0.998699367046
0.061525374651,-0.0304870009422,1.21233487129,-0.0461318567395,0.0141940992326,-0.0177195500582,-0.998677372932
0.0622042156756,-0.0288937650621,1.21276390553,-0.0478148981929,0.0140499891713,-0.0160381477326,-0.998628675938
0.062943585217,-0.0269798897207,1.21324932575,-0.047011423856,0.0115496553481,-0.0149488020688,-0.998715698719
0.0635593309999,-0.0255182106048,1.21384143829,-0.0513533353806,0.0116227082908,-0.0136757027358,-0.998519301414
0.0640368014574,-0.024018406868,1.21441447735,-0.0520905256271,0.0101315649226,-0.0100383041427,-0.998540520668
0.0648322105408,-0.0219430588186,1.21511971951,-0.0532196462154,0.00829495862126,-0.012575654313,-0.998469233513
0.0653780847788,-0.020339384675,1.21575796604,-0.0559640675783,0.00885234773159,-0.0119295893237,-0.998322248459
0.066073410213,-0.0185461509973,1.2166134119,-0.057838562876,0.00740196416155,-0.0107005555183,-0.998241186142
0.0667826682329,-0.016755817458,1.21747636795,-0.0582693144679,0.00600086618215,-0.00922465138137,-0.998240292072
0.0675495788455,-0.0146358255297,1.21831822395,-0.0571460947394,0.00497718388215,-0.00997483264655,-0.99830365181
0.0683426260948,-0.0127965454012,1.21923673153,-0.0575091391802,0.00331291230395,-0.00860298518091,-0.998302459717
0.0687515065074,-0.0111320000142,1.22031879425,-0.0597659982741,0.00751298246905,-0.00979561917484,-0.998136162758
0.0696648955345,-0.00937507115304,1.22133684158,-0.0586715228856,0.00525440135971,-0.00712366076186,-0.9982380867
0.0707218870521,-0.00706819444895,1.2222840786,-0.0568176060915,0.0013396065915,-0.00691153714433,-0.998359799385
0.0713582336903,-0.00538826268166,1.22354471684,-0.0574151873589,0.00463732052594,-0.00561214005575,-0.998323857784
0.0725614354014,-0.00317968800664,1.22456753254,-0.0557655394077,0.00220154598355,-0.0054679508321,-0.998426556587
0.0734841451049,-0.00114209810272,1.22576034069,-0.0539856217802,0.00133056228515,-0.00439090747386,-0.998531222343
0.0742672011256,0.000776834785938,1.22709286213,-0.0538922771811,0.00387247791514,-0.00437711039558,-0.998529672623
0.0752700343728,0.00283386837691,1.22834467888,-0.0514050759375,0.00330825452693,-0.00421926239505,-0.998663544655
0.0763546675444,0.0048066470772,1.22958636284,-0.0476237423718,0.000549719727132,-0.00205359142274,-0.998863101006
0.0772584304214,0.00702897831798,1.2308434248,-0.0465117096901,0.0016617141664,-0.00279298145324,-0.998912453651
0.078473828733,0.00910399761051,1.231965065,-0.0439228899777,-0.00119005283341,-0.00154260697309,-0.999033093452
0.079300865531,0.0113910231739,1.23334133625,-0.0434741526842,0.00134656776208,-0.00228996318765,-0.999051034451
0.0803861543536,0.0136437434703,1.23449194431,-0.0412582233548,-0.000186607969226,-0.00145396101288,-0.999147474766
0.0814294144511,0.0160146802664,1.23565614223,-0.03957606107,0.000271175522357,-0.00162310118321,-0.999215245247
0.0824478343129,0.0183556303382,1.23684191704,-0.0383096598089,0.000387739826692,-0.00184471346438,-0.99926418066
0.0835834816098,0.0207804143429,1.23795723915,-0.0368582420051,-0.000319086859236,-0.000737691705581,-0.999320268631
0.0846003815532,0.0232545249164,1.2389985323,-0.0361987762153,-0.000481754017528,-0.00101216987241,-0.999344050884
0.0859039500356,0.0256779044867,1.23999047279,-0.0312537588179,-0.00538240559399,-0.00310449837707,-0.999492228031
0.0865225419402,0.0282331854105,1.24088513851,-0.0325790159404,-0.000322250532918,-0.00108272000216,-0.999468564987
0.0876393690705,0.0309983864427,1.24195337296,-0.0335693322122,-0.000911839713808,0.00102046341635,-0.999435484409
0.0886909142137,0.0337833166122,1.24270188808,-0.0332265049219,-0.0017081364058,-0.000340106140357,-0.999446332455
0.0897263810039,0.0364726781845,1.24350821972,-0.0311613772064,-0.00264528673142,-0.00109372951556,-0.999510288239
0.0906323567033,0.0388327538967,1.24426352978,-0.0274667907506,-0.00451545557007,0.00356212467887,-0.999606192112
0.0918206125498,0.0414716489613,1.24490702152,-0.0244050957263,-0.00601310376078,0.00477046146989,-0.9996727705
0.0929603949189,0.0445718243718,1.24549973011,-0.0256759542972,-0.00334539846517,-0.00112247164361,-0.999664127827
0.0940037369728,0.0471904017031,1.24615383148,-0.0235507972538,-0.0031498321332,0.000140006115544,-0.999717772007
0.0952738672495,0.0501468367875,1.24661755562,-0.021390080452,-0.00411530258134,-0.000996573246084,-0.999762237072
0.0965434163809,0.0527307242155,1.24718415737,-0.0201370138675,-0.00432136608288,-0.000186028264579,-0.999787867069
0.0977376550436,0.0554494261742,1.24766027927,-0.0167578142136,-0.0050116344355,-0.000563230889384,-0.999846935272
0.0989608988166,0.0579387620091,1.24815690517,-0.0153814619407,-0.00504348613322,-0.000101408208138,-0.999868988991
0.100232049823,0.0604453645647,1.24852132797,-0.0137644493952,-0.00412170775235,-0.000605548964813,-0.999896585941
0.101534172893,0.0628904849291,1.24887728691,-0.0111699746922,-0.00491706142202,-0.000950593792368,-0.999925076962
0.103050626814,0.0654592514038,1.24921965599,-0.0094858976081,-0.00639570504427,-0.00297007523477,-0.999930143356
0.104428999126,0.0676346346736,1.24942457676,-0.00764663424343,-0.00624862546101,-0.00392073905095,-0.999943614006
0.105941608548,0.0697948336601,1.24964654446,-0.00658497866243,-0.00715941330418,-0.00489016529173,-0.999940752983
0.10749900341,0.0719715803862,1.24994266033,-0.00637285178527,-0.00699183670804,-0.00739689636976,-0.99992787838
0.109054043889,0.07409311831,1.25007879734,-0.0067061688751,-0.0075375479646,-0.0102649237961,-0.999896466732
0.111123718321,0.0761647671461,1.25023531914,-0.00544302165508,-0.0132927391678,-0.014483589679,-0.999791920185
0.112408854067,0.0782441198826,1.25026786327,-0.00895674526691,-0.00960377510637,-0.0152791980654,-0.99979698658
0.114102497697,0.0803033262491,1.25033605099,-0.0114233149216,-0.00985581614077,-0.0186758730561,-0.999711811543
0.116459816694,0.0823082476854,1.2502771616,-0.0096579156816,-0.018732111901,-0.021902250126,-0.999537944794
0.118140295148,0.084261097014,1.25022220612,-0.0117636704817,-0.0195360798389,-0.0255613289773,-0.999413132668
0.119929626584,0.0860166996717,1.25011301041,-0.0126300798729,-0.0217040814459,-0.0263807252049,-0.999336540699
0.121624901891,0.0876507461071,1.24988663197,-0.0140286600217,-0.0250096973032,-0.0276396684349,-0.999206602573
0.12333432585,0.0893738344312,1.24977755547,-0.0138893071562,-0.0250186081976,-0.0300266519189,-0.999139487743
0.124956198037,0.0913252085447,1.24953055382,-0.0203555431217,-0.0180111676455,-0.0365446917713,-0.998962402344
0.126731485128,0.092970021069,1.24922323227,-0.0202793162316,-0.0212981831282,-0.0428928844631,-0.99864679575
0.128687903285,0.0948176831007,1.24864137173,-0.0209587607533,-0.0206253957003,-0.0442672967911,-0.998586893082
0.130118131638,0.0960866510868,1.24827980995,-0.0213314872235,-0.0221321247518,-0.0491460971534,-0.998318552971
0.132652267814,0.0985591709614,1.24739849567,-0.016182878986,-0.0258836764842,-0.052563495934,-0.99815094471
0.134204164147,0.099831186235,1.24685418606,-0.0175790525973,-0.023589104414,-0.0532332994044,-0.998148679733
0.134204164147,0.099831186235,1.24685418606,-0.0175790525973,-0.023589104414,-0.0532332994044,-0.998148679733
0.138224065304,0.10372145474,1.2460321188,-0.0233895368874,-0.0260481610894,-0.063960082829,-0.997338235378
0.140523195267,0.105594038963,1.24426758289,-0.0153416795656,-0.033297650516,-0.0677626505494,-0.997027754784
0.142698585987,0.107511900365,1.24285614491,-0.011710816063,-0.0322343967855,-0.0664071291685,-0.997203052044
0.144687712193,0.109274588525,1.2419719696,-0.0139822140336,-0.0302835199982,-0.0699117928743,-0.996995449066
0.146992221475,0.111297778785,1.24104249477,-0.0141681078821,-0.0240606609732,-0.0766132771969,-0.996669828892
0.14909093082,0.113616727293,1.23917663097,-0.0147405164316,-0.0300896894187,-0.0782085061073,-0.99637389183
0.15064573288,0.114977605641,1.23783946037,-0.0138128399849,-0.0271164216101,-0.0749949663877,-0.996719479561
0.153110533953,0.117518886924,1.23607051373,-0.0130491685122,-0.0284003093839,-0.0820246264338,-0.996140122414
0.155028879642,0.119264900684,1.23451435566,-0.0122517812997,-0.0249683298171,-0.0802991464734,-0.996382713318
0.157388061285,0.121816471219,1.23256826401,-0.0114252297208,-0.0267767608166,-0.0849733576179,-0.995957911015
0.159500166774,0.123682357371,1.23072123528,-0.00960808247328,-0.0238449145108,-0.0801467299461,-0.996451497078
0.162136569619,0.126784160733,1.22800350189,-0.00470078084618,-0.0311181191355,-0.0867844372988,-0.995729923248
0.163992986083,0.128816187382,1.22609424591,-0.00486301956698,-0.028370199725,-0.0862620696425,-0.995856583118
0.16652482748,0.131276652217,1.22375392914,0.00173706805799,-0.0359062887728,-0.0886336117983,-0.995415389538
0.168540865183,0.133422359824,1.22122085094,8.86802008608e-05,-0.0357174277306,-0.0876702740788,-0.995509088039
0.170603901148,0.135907888412,1.21882081032,0.00191175425425,-0.0360296554863,-0.0885559916496,-0.99541759491
0.173263430595,0.137870371342,1.21680867672,0.000242549140239,-0.0282492600381,-0.0929205045104,-0.995272696018
0.175025984645,0.141527667642,1.21354043484,0.000612873001955,-0.0263341963291,-0.0963009893894,-0.995003700256
0.176666155457,0.142810285091,1.21076714993,0.00539340777323,-0.0483948551118,-0.0864460840821,-0.995065867901
0.179056912661,0.14680929482,1.20813977718,0.00580111891031,-0.0432830490172,-0.0987428501248,-0.994154334068
0.181107923388,0.149768397212,1.20483899117,0.000453549844678,-0.0299568492919,-0.0993780717254,-0.99459862709
0.183213919401,0.152704000473,1.20193314552,0.00430723279715,-0.0472617819905,-0.100560680032,-0.993798494339
0.184845015407,0.154325336218,1.19834017754,0.000186208664672,-0.0547020584345,-0.0884387791157,-0.994578480721
0.186958163977,0.158530637622,1.1954190731,-0.00268322322518,-0.0388129688799,-0.103469699621,-0.993871450424
0.189195618033,0.161914557219,1.1918746233,0.000174744956894,-0.0536696501076,-0.10448846966,-0.993076980114
0.191153973341,0.164920061827,1.18834805489,-0.00431156437844,-0.051849771291,-0.107270136476,-0.992867648602
0.193582028151,0.166508167982,1.18508541584,-0.00761916441843,-0.0310568027198,-0.106188893318,-0.993831634521
0.195668980479,0.171694323421,1.18100214005,0.00487903645262,-0.0665054172277,-0.106504738331,-0.992073655128
0.197162672877,0.17397415638,1.17751395702,-0.0073625179939,-0.0536083094776,-0.108517959714,-0.992620646954
0.199837982655,0.175542980433,1.17378211021,-0.00662946654484,-0.0328751839697,-0.10794801265,-0.993590712547
0.20131367445,0.180130288005,1.16952574253,-0.00195487518795,-0.0571894794703,-0.110528036952,-0.992224395275
0.203616663814,0.183319240808,1.16536509991,0.00777384312823,-0.0645697787404,-0.108766041696,-0.991937696934
0.205689743161,0.185883715749,1.16133701801,0.00309950113297,-0.048092648387,-0.108364596963,-0.992942392826
0.2077947855,0.188748389482,1.15687870979,0.0101485969499,-0.0665197074413,-0.106803245842,-0.992000579834
0.209792107344,0.191545978189,1.152744174,0.014569753781,-0.0675335153937,-0.106444194913,-0.991915583611
0.211847752333,0.194341957569,1.14813542366,0.0172141883522,-0.0597655549645,-0.105298854411,-0.992493867874
0.214604303241,0.196910426021,1.14385890961,0.0247379802167,-0.0670224428177,-0.105484046042,-0.991851449013
0.217013150454,0.19945666194,1.13956797123,0.0271174944937,-0.0638410747051,-0.101848483086,-0.992378950119
0.219579815865,0.202672302723,1.13507032394,0.0373350903392,-0.0672205835581,-0.101016305387,-0.991908967495
0.22232966125,0.205134257674,1.13052284718,0.0427363291383,-0.0677095279098,-0.0992840752006,-0.991832494736
0.225077584386,0.208101555705,1.12579023838,0.0435228832066,-0.0692237913609,-0.0988610014319,-0.99173605442
0.227165147662,0.212078616023,1.12112212181,0.0400405600667,-0.0573791563511,-0.0994977429509,-0.992574751377
0.229856818914,0.214089423418,1.11688947678,0.0419083349407,-0.0623610578477,-0.098768979311,-0.992269873619
0.232698410749,0.217410638928,1.11261677742,0.0357280112803,-0.0549156665802,-0.105737298727,-0.99223357439
0.235355526209,0.220444068313,1.1078517437,0.0320000126958,-0.0552327856421,-0.103819519281,-0.992545723915
0.237710654736,0.223698288202,1.10321962833,0.0286355409771,-0.0551372841001,-0.102723635733,-0.992767691612
0.240508064628,0.226735025644,1.09836411476,0.0239287428558,-0.0534298270941,-0.101312294602,-0.993130683899
0.243279740214,0.22962872684,1.09355115891,0.0189480148256,-0.0529412925243,-0.102314040065,-0.993161678314
0.245634779334,0.232179120183,1.08909726143,0.00690441112965,-0.0431529954076,-0.101884864271,-0.993835806847
0.248436570168,0.235598608851,1.08374559879,0.0132609456778,-0.0485894791782,-0.0982974469662,-0.993881762028
0.251296132803,0.239621430635,1.07816278934,0.0114811304957,-0.0606490634382,-0.107574246824,-0.992279052734
0.253479808569,0.240832835436,1.07455813885,0.00403923774138,-0.0399775281549,-0.102833196521,-0.993886768818
0.25610935688,0.243684336543,1.06969749928,0.00738364784047,-0.0416737049818,-0.10190474987,-0.993893504143
0.25860285759,0.246687337756,1.06476950645,0.00741105806082,-0.0389520972967,-0.104215160012,-0.993764102459
0.261006146669,0.249746054411,1.05949985981,0.00412059854716,-0.0210277736187,-0.105469428003,-0.994191646576
0.263746708632,0.25203871727,1.05534696579,0.00717526860535,-0.0331337749958,-0.108073763549,-0.993564724922
0.266242027283,0.254514187574,1.0505502224,0.00702727073804,-0.032181546092,-0.109557300806,-0.993434607983
0.268690377474,0.256971359253,1.04586744308,0.00905514135957,-0.0295979287475,-0.109032563865,-0.993556201458
0.270862817764,0.259546399117,1.04138147831,0.00809600483626,-0.0256119500846,-0.11038710922,-0.99352568388
0.273389786482,0.261965602636,1.03667330742,0.00790152046829,-0.0222130287439,-0.110796779394,-0.99356341362
0.275907605886,0.263887435198,1.03240609169,0.00537596549839,-0.0197703130543,-0.110041663051,-0.993715822697
0.278470605612,0.266385436058,1.0276299715,0.00510349543765,-0.0202504731715,-0.110080912709,-0.993703305721
0.280770212412,0.268551647663,1.02316594124,0.00341202015989,-0.0198984406888,-0.110416077077,-0.993680357933
0.283147901297,0.270928800106,1.0185379982,0.00119006249588,-0.0150970900431,-0.111865513027,-0.993607997894
0.285605579615,0.273164987564,1.01413476467,-0.00186773715541,-0.0178778842092,-0.110841743648,-0.993675529957
0.287738978863,0.275726795197,1.00958132744,-0.00802896916866,-0.0140966968611,-0.112058065832,-0.99356931448
0.290155798197,0.277697443962,1.00539076328,-0.00745844095945,-0.0119028305635,-0.112152189016,-0.993591785431
0.292588979006,0.279841452837,1.00116813183,-0.00974662229419,-0.0141215194017,-0.111289553344,-0.993639945984
0.29476994276,0.281766951084,0.997039496899,-0.0115288766101,-0.0119722494856,-0.109909437597,-0.993802666664
0.297146290541,0.283507227898,0.992724359035,-0.0112624643371,-0.013834618032,-0.107116445899,-0.994086444378
0.29929214716,0.28556278348,0.988705813885,-0.0117720486596,-0.0106587288901,-0.107693597674,-0.994057297707
0.301589995623,0.287679493427,0.984551310539,-0.008650040254,-0.0141550060362,-0.1080025509,-0.994012236595
0.303776562214,0.289517223835,0.98011893034,-0.00968103762716,-0.0125754941255,-0.106139414012,-0.994224607944
0.306060880423,0.290993899107,0.976139307022,-0.00938128959388,-0.0135805597529,-0.10358402878,-0.994483828545
0.30830898881,0.292819678783,0.972018957138,-0.0103134782985,-0.00417159544304,-0.102315448225,-0.994689822197
0.310011297464,0.294529497623,0.968489348888,-0.0124672437087,-0.0129369795322,-0.102892458439,-0.994530260563
0.311567664146,0.295737862587,0.964485049248,-0.0105939786881,-0.0193609036505,-0.093365304172,-0.99538731575
0.313524872065,0.297232717276,0.960771918297,-0.0110686030239,-0.0198693424463,-0.0907285585999,-0.995616018772
0.316077291965,0.299224078655,0.957712471485,-0.0138392355293,0.00411195866764,-0.0976383760571,-0.995117306709
0.317612886429,0.300649344921,0.954445004463,-0.0135749047622,-0.00610003247857,-0.098253056407,-0.995050251484
0.319042414427,0.30153337121,0.95058631897,-0.0118375904858,-0.0147563386708,-0.0889936760068,-0.995852530003
0.321060776711,0.303399920464,0.947855651379,-0.0147997373715,-0.00568463560194,-0.0975222587585,-0.995107114315
0.322754591703,0.304483920336,0.944805026054,-0.0179814212024,-0.0041014640592,-0.0976967513561,-0.995045363903
0.324380666018,0.305948615074,0.941558003426,-0.0169048365206,-0.00658410321921,-0.0971349105239,-0.995105922222
0.325825512409,0.307279199362,0.93859142065,-0.0188082512468,-0.00534145906568,-0.0978322327137,-0.995010912418
0.326959460974,0.307990163565,0.935053348541,-0.0161095894873,-0.0184571314603,-0.0882487818599,-0.995797157288
0.328705996275,0.309589058161,0.932816743851,-0.0196819510311,-0.00839356239885,-0.0974074080586,-0.995014607906
0.330089986324,0.310656487942,0.929966807365,-0.019408846274,-0.00800287164748,-0.0970834866166,-0.995054841042
0.331470102072,0.311793267727,0.927196145058,-0.0187822971493,-0.00696588633582,-0.0972467213869,-0.995058655739
0.332596451044,0.312235921621,0.923909127712,-0.0145636741072,-0.0166080389172,-0.087085545063,-0.995956003666
0.334466814995,0.313800156116,0.921575188637,-0.0155363185331,0.00146021787077,-0.0949700772762,-0.995357811451
0.335541218519,0.314487636089,0.91924905777,-0.0156215075403,-0.00568295503035,-0.095249645412,-0.995314657688
0.336351782084,0.31496489048,0.91618335247,-0.0134304352105,-0.0163485482335,-0.0868164971471,-0.995999634266
0.337867766619,0.316303104162,0.914099693298,-0.0154738994315,-0.00826877448708,-0.0951815396547,-0.995305359364
0.339052587748,0.317022889853,0.911731719971,-0.0164927933365,-0.00672965589911,-0.0947762951255,-0.995339214802
0.340003460646,0.31754103303,0.908691287041,-0.0140042165294,-0.0163931604475,-0.086417786777,-0.996025681496
0.340952754021,0.318303972483,0.906053483486,-0.0148217957467,-0.0210110601038,-0.084688320756,-0.996075749397
0.342067629099,0.318970292807,0.903967142105,-0.0177933387458,-0.0147397732362,-0.0865884646773,-0.995976269245
0.343111276627,0.319844424725,0.901658713818,-0.0157103352249,-0.0146289160475,-0.0863525420427,-0.996033370495
0.344183593988,0.320490986109,0.899145841599,-0.0155032165349,-0.0171547736973,-0.0855029225349,-0.996069610119
0.345378965139,0.321529626846,0.896891891956,-0.0163876973093,-0.0137905105948,-0.089023090899,-0.99579924345
0.346202820539,0.321617275476,0.894955158234,-0.0140917347744,-0.0129030300304,-0.0860724821687,-0.996105670929
0.347531497478,0.321673244238,0.892403304577,-0.0118203917518,-0.0163826309144,-0.0820567235351,-0.996422886848
0.348512321711,0.322196185589,0.890089809895,-0.0107874339446,-0.0197395142168,-0.0820611268282,-0.996373414993
0.349670112133,0.323492228985,0.888123273849,-0.0152732813731,-0.00754502555355,-0.0867982059717,-0.99608027935
0.350466966629,0.323028147221,0.885841667652,-0.0124871032313,-0.0189084038138,-0.0833405181766,-0.996263563633
0.351410955191,0.324064910412,0.883756637573,-0.0158074330539,-0.0176826249808,-0.0893514081836,-0.995717763901
0.352206170559,0.32437235117,0.881701231003,-0.0161327067763,-0.0169840697199,-0.088766977191,-0.995776951313
0.353158205748,0.325120478868,0.879572808743,-0.0157995764166,-0.0181406475604,-0.0904781892896,-0.99560791254
0.35403701663,0.326054722071,0.877556562424,-0.0207477267832,-0.0108095118776,-0.0939138010144,-0.995305418968
0.354827880859,0.325884670019,0.875624060631,-0.0178684759885,-0.0143413152546,-0.0931276679039,-0.995390594006
0.355761706829,0.326144427061,0.873580992222,-0.0165483858436,-0.0161537583917,-0.092183329165,-0.995473504066
0.356526225805,0.326358020306,0.871836662292,-0.0180222224444,-0.013014071621,-0.0942915230989,-0.995296478271
0.358004212379,0.326524049044,0.869857013226,-0.0177898816764,0.00171404948924,-0.093834631145,-0.995427370071
0.358275443316,0.326729267836,0.867880642414,-0.0186166260391,-0.0116833075881,-0.0951489508152,-0.995220422745
0.359240800142,0.327010899782,0.865833699703,-0.0175417885184,-0.0113202277571,-0.0958438888192,-0.995177447796
0.360064893961,0.327111899853,0.86423265934,-0.0188830476254,-0.00666579417884,-0.0982938334346,-0.994955956936
0.360985010862,0.327395409346,0.862215340137,-0.0177856273949,-0.00713966879994,-0.0991190746427,-0.994890987873
0.361708462238,0.327800601721,0.859812021255,-0.0181192439049,-0.00610477477312,-0.0959911569953,-0.99519854784
0.362480968237,0.327725291252,0.858442723751,-0.0187687110156,-0.00430149165913,-0.10123577714,-0.994676113129
0.363296061754,0.32778736949,0.856493711472,-0.0178260300308,-0.00505784247071,-0.101371608675,-0.994676113129
0.363761782646,0.328363507986,0.854280292988,-0.0186655651778,-0.00626317737624,-0.100537568331,-0.994738459587
0.364902317524,0.328222692013,0.852785110474,-0.0167822148651,-0.00377473677509,-0.105811104178,-0.994237542152
0.36562821269,0.328251242638,0.850422263145,-0.015647592023,-0.00839994475245,-0.102875098586,-0.994535803795
0.366442888975,0.328554600477,0.848422706127,-0.014343068935,-0.0109487697482,-0.104336321354,-0.994378447533
0.367090195417,0.328636646271,0.846662700176,-0.0166165884584,-0.00712502887473,-0.106209397316,-0.994179487228
0.36791664362,0.328917145729,0.844709098339,-0.0152422580868,-0.00838430598378,-0.105857476592,-0.994229197502
0.36837387085,0.329204171896,0.842939972878,-0.0169301256537,-0.00694889156148,-0.109270647168,-0.99384355545
0.369023948908,0.329544395208,0.841017007828,-0.0178644694388,-0.0027157603763,-0.107270725071,-0.994065642357
0.369632482529,0.329536497593,0.839360117912,-0.0175401605666,-0.00406947964802,-0.111222028732,-0.993632495403
0.370275080204,0.329711467028,0.837534308434,-0.0172688961029,-0.00249305018224,-0.111447788775,-0.99361717701
0.370733708143,0.330033361912,0.835795879364,-0.0196667313576,-0.00175785121974,-0.111253105104,-0.993595957756
0.371498227119,0.330111980438,0.833975732327,-0.018176773563,0.0014249907108,-0.11418902874,-0.993291795254
0.372300714254,0.329949676991,0.832079827785,-0.0153759969398,-0.000929602538235,-0.11176777631,-0.993615031242
0.373137623072,0.330483496189,0.830087602139,-0.0177930407226,0.00840527657419,-0.110729694366,-0.993655741215
0.373362451792,0.330439925194,0.828536689281,-0.0164475049824,0.00191495916806,-0.113673962653,-0.993380129337
0.373911201954,0.330801546574,0.826636195183,-0.0146643994376,0.00385267892852,-0.112752750516,-0.993507385254
0.374338418245,0.331155389547,0.825050771236,-0.0172309633344,0.00672535412014,-0.110930606723,-0.993656039238
0.374664694071,0.331307262182,0.823114454746,-0.0142594845966,0.00559598812833,-0.114210009575,-0.993338525295
0.3750628829,0.3314409554,0.821502327919,-0.0136341974139,0.00835917238146,-0.113276690245,-0.993434786797
0.375541627407,0.331839740276,0.819564521313,-0.0119646340609,0.0126033788547,-0.110694251955,-0.993702590466
0.375777721405,0.33127528429,0.818450212479,-0.0142050087452,0.0159269496799,-0.112150408328,-0.993462026119
0.376132190228,0.331464827061,0.816695094109,-0.0118198497221,0.0177359785885,-0.111406505108,-0.993546366692
0.376571595669,0.33185723424,0.814855933189,-0.00850144494325,0.0148953907192,-0.109802491963,-0.993805468082
0.376927495003,0.33209964633,0.813085973263,-0.00771663337946,0.016428662464,-0.108963258564,-0.993880093098
0.377256244421,0.332363277674,0.811325669289,-0.00709721772,0.0178382769227,-0.108439952135,-0.993917644024
0.377767503262,0.332535505295,0.809586942196,-0.00646707415581,0.0182544142008,-0.106314428151,-0.994144022465
0.378079742193,0.332619279623,0.807858467102,-0.00804113876075,0.0235178805888,-0.106421649456,-0.994010448456
0.378391325474,0.332961589098,0.806301236153,-0.00883909314871,0.0267172325402,-0.106250092387,-0.993941128254
0.378391325474,0.332961589098,0.806301236153,-0.00883909314871,0.0267172325402,-0.106250092387,-0.993941128254
0.379195481539,0.333627074957,0.80284267664,-0.00734046893194,0.0266497377306,-0.104567088187,-0.994133710861
0.379602789879,0.33374813199,0.801334679127,-0.00847109686583,0.0304892603308,-0.103121161461,-0.994165301323
0.379961639643,0.334164440632,0.799721419811,-0.00602924125269,0.0258102230728,-0.101361453533,-0.994496524334
0.380353689194,0.334127187729,0.798366725445,-0.00813655182719,0.0334324091673,-0.101505562663,-0.994239807129
0.380654752254,0.334294825792,0.796828746796,-0.00602463074028,0.0350498259068,-0.101754799485,-0.994173645973
0.381263911724,0.334847718477,0.795291244984,-7.41180920159e-05,0.0286598876119,-0.0994888097048,-0.994625926018
0.381321191788,0.334674298763,0.793987393379,-0.00354960956611,0.0391210392118,-0.101038098335,-0.994106769562
0.381654798985,0.334832280874,0.792689859867,-0.0040671066381,0.0358933061361,-0.0980776548386,-0.994522988796
0.3819668293,0.335016459227,0.791248202324,-0.00226196856238,0.0366303361952,-0.0969716161489,-0.994610309601
0.382149040699,0.335485726595,0.789958655834,-0.000759345944971,0.0366844981909,-0.0976146310568,-0.994547665119
0.382656246424,0.335649192333,0.788857579231,0.00368575076573,0.0343614183366,-0.0952308550477,-0.994855165482
0.382735043764,0.335721433163,0.787533998489,0.000670372683089,0.0382930226624,-0.0954221338034,-0.994699954987
0.383223772049,0.336079835892,0.785961091518,0.00484233675525,0.0339673124254,-0.0956375673413,-0.994824826717
0.38357591629,0.336258739233,0.784879744053,0.00599510082975,0.032574955374,-0.0941323712468,-0.995008647442
0.383783489466,0.336649179459,0.783802509308,0.00478163221851,0.0399747677147,-0.0919054597616,-0.994953632355
0.384018182755,0.336567401886,0.782979130745,0.0049459435977,0.0349253937602,-0.0938426032662,-0.99496203661
0.384118676186,0.336637169123,0.782015860081,0.00424197502434,0.0336467958987,-0.0938138589263,-0.995012044907
0.384524941444,0.336938709021,0.781005501747,0.00709944125265,0.0296958051622,-0.0927814543247,-0.995218217373
0.384465664625,0.336907744408,0.780216574669,0.00446607079357,0.0347187705338,-0.0938806012273,-0.994967877865
0.384481191635,0.336935997009,0.779349982738,0.00473888078704,0.0339426137507,-0.0938032865524,-0.995000779629
0.384672701359,0.336945652962,0.778558075428,0.00457530748099,0.0368344932795,-0.0939186364412,-0.994887709618
0.384758621454,0.336628288031,0.778322994709,0.000616103701759,0.04096974805,-0.0951635017991,-0.994618117809
0.384700268507,0.336677908897,0.777545392513,0.00132624909747,0.0399136506021,-0.09642547369,-0.994538784027
0.384842485189,0.336435168982,0.776696801186,0.000358394026989,0.0439884923398,-0.0968314260244,-0.994328200817
0.385108143091,0.336294829845,0.775879025459,0.00265754130669,0.0417143255472,-0.0940798074007,-0.994686841965
0.385220527649,0.336535036564,0.775193095207,0.00329302251339,0.0415379628539,-0.0949159562588,-0.994612872601
0.385149776936,0.336463272572,0.774405896664,0.00233655050397,0.0442804768682,-0.0971217900515,-0.994284212589
0.38535001874,0.33634057641,0.773476302624,0.00336900213733,0.0450119711459,-0.0962112620473,-0.994337022305
0.385406672955,0.336587876081,0.772710680962,0.00437122583389,0.0443783439696,-0.096561960876,-0.994327545166
0.385397642851,0.336479485035,0.771903932095,0.00538359675556,0.0432993806899,-0.0947099998593,-0.994548261166
0.385306090117,0.336637198925,0.771689772606,0.00365506624803,0.0570089742541,-0.102709054947,-0.993069708347
0.385535806417,0.336096346378,0.770221352577,0.00701932562515,0.0451137982309,-0.0932851955295,-0.99459207058
0.385554969311,0.336146384478,0.769584059715,0.0072444784455,0.0474105067551,-0.093663610518,-0.994448006153
0.385659366846,0.336318254471,0.768549382687,0.00818362180144,0.0469718314707,-0.0942297354341,-0.994408130646
0.3856998384,0.336099177599,0.767701029778,0.00940428674221,0.0495467931032,-0.0949251502752,-0.994206190109
0.385753333569,0.335754722357,0.766899168491,0.00907990150154,0.0489507690072,-0.0924567580223,-0.994471311569
0.38577568531,0.33588629961,0.766048252583,0.00961659196764,0.0507520101964,-0.0939854383469,-0.994232594967
0.385735332966,0.335792928934,0.764928519726,0.0105128241703,0.0490267835557,-0.0924117192626,-0.994457662106
0.38567006588,0.336165815592,0.764714419842,0.00608042534441,0.0494442880154,-0.0945879518986,-0.994269311428
0.385453343391,0.33598986268,0.764627635479,0.00301561737433,0.0488247536123,-0.095720410347,-0.994205534458
0.385336250067,0.33590811491,0.764424264431,0.00280807726085,0.0458536334336,-0.0957050919533,-0.994349122047
0.385389298201,0.336080878973,0.764227569103,0.00471257371828,0.0448199957609,-0.0975106209517,-0.99421364069
0.385352611542,0.335981786251,0.764127612114,0.00454748934135,0.0432455725968,-0.097259350121,-0.994308769703
0.385303974152,0.335938692093,0.764045238495,0.00484158331528,0.0420156493783,-0.0972172319889,-0.994364142418
0.385181427002,0.336165934801,0.763765513897,0.00512104760855,0.039669290185,-0.0985914245248,-0.994323909283
0.385161548853,0.335864037275,0.763891160488,0.00624699983746,0.0398654900491,-0.0976243317127,-0.994405031204
0.385128825903,0.335815310478,0.763817846775,0.00645286776125,0.0376721769571,-0.0967648103833,-0.994573235512
0.384982347488,0.335539221764,0.763844490051,0.00548968650401,0.0374079458416,-0.0953932926059,-0.994721472263
0.384895980358,0.335562646389,0.763755142689,0.00618704175577,0.0367512479424,-0.0954459682107,-0.994736731052
0.38484749198,0.335906624794,0.763616919518,0.00709445774555,0.0358508490026,-0.0965095683932,-0.994660973549
0.384758144617,0.335963219404,0.763558447361,0.00720363063738,0.0350127182901,-0.0962719991803,-0.994713068008
0.384613573551,0.336050748825,0.763471543789,0.00765247177333,0.0356551706791,-0.0968281105161,-0.994632840157
0.384539812803,0.335850179195,0.763294696808,0.00732173817232,0.0339865870774,-0.0948703363538,-0.994882464409
0.38443121314,0.335959851742,0.763256549835,0.00736967753619,0.0351002588868,-0.095500908792,-0.994783043861
0.384348809719,0.336006313562,0.763116180897,0.00718151591718,0.0323329791427,-0.0938406661153,-0.995036244392
0.384256064892,0.336103409529,0.763000786304,0.00674001639709,0.0317113026977,-0.0935492962599,-0.995086729527
0.384132802486,0.336057543755,0.76274317503,0.00879435613751,0.0327592045069,-0.0955902263522,-0.994842708111
0.384091734886,0.336155533791,0.762506067753,0.00706401700154,0.0271243732423,-0.0920367911458,-0.995361030102
0.384005278349,0.336440503597,0.762607574463,0.00451015960425,0.0296972580254,-0.0942910537124,-0.995091438293
0.383955210447,0.336542785168,0.762413620949,0.00327624380589,0.0287922136486,-0.0944672748446,-0.995106101036
0.383899748325,0.336675167084,0.762273132801,0.00235175108537,0.0286115221679,-0.0956096723676,-0.995004892349
0.383889883757,0.33696821332,0.761807978153,0.00494596501812,0.026379654184,-0.0976237505674,-0.994861483574
0.383799165487,0.337599903345,0.761731207371,0.000836605031509,0.0298282597214,-0.102719649673,-0.994262695312
0.384013265371,0.337190449238,0.761433005333,0.00410389062017,0.0239588990808,-0.0979601144791,-0.994893491268
0.383923649788,0.337053745985,0.761870503426,-0.00143038423266,0.0302793029696,-0.101588219404,-0.99436467886
0.384512454271,0.337411433458,0.760911881924,0.00823062472045,0.0160227864981,-0.0969381406903,-0.995127379894
0.38429453969,0.337630778551,0.760746717453,0.000896761892363,0.0213556289673,-0.101183220744,-0.994638204575
0.384680330753,0.337153226137,0.76023465395,0.00445793243125,0.0130233606324,-0.0952540934086,-0.995357871056
0.384613633156,0.336998283863,0.760770499706,-0.00147737842053,0.020638788119,-0.100389450788,-0.994733095169
0.385039269924,0.336883842945,0.759749352932,0.00307064666413,0.00913868378848,-0.0945677235723,-0.995471835136
0.385530233383,0.337240636349,0.758465230465,0.00995947420597,-0.0046652527526,-0.0894786044955,-0.995928108692
0.385780066252,0.337533324957,0.758154571056,0.00937773473561,-0.00652078725398,-0.0914039984345,-0.995748460293
0.385937571526,0.337437212467,0.757919251919,0.00925275217742,-0.00860072020441,-0.0907350629568,-0.99579501152
0.386087268591,0.337505996227,0.757813334465,0.00936443824321,-0.00939102098346,-0.0910162553191,-0.995761156082
0.38615784049,0.337501853704,0.757853627205,0.00990392640233,-0.00907210167497,-0.0904377773404,-0.995811641216
0.386237919331,0.337448984385,0.757853865623,0.00972872041166,-0.0117248045281,-0.0875750109553,-0.996041417122
0.386238843203,0.337416380644,0.757813513279,0.00958752259612,-0.011942752637,-0.0871580094099,-0.996076762676
0.386251121759,0.337532371283,0.757787644863,0.00945631787181,-0.0117427874357,-0.0877568796277,-0.996027827263
0.3862208426,0.337534248829,0.757816076279,0.00917583424598,-0.0114184143022,-0.0877711027861,-0.996033012867
0.386168271303,0.337500691414,0.757836520672,0.00888085365295,-0.011274878867,-0.0875097885728,-0.996060311794
0.386175453663,0.337569922209,0.757820427418,0.00862199999392,-0.0112056639045,-0.08814368397,-0.996007502079
0.38615834713,0.33760663867,0.757828056812,0.00837938021868,-0.0108100287616,-0.0885982438922,-0.995973587036
0.386140435934,0.337618857622,0.757840573788,0.00859277695417,-0.0110221002251,-0.088532269001,-0.995975315571
0.386129915714,0.337569117546,0.757834553719,0.00867856945843,-0.0112167885527,-0.0879935696721,-0.996020078659
0.385727673769,0.337830305099,0.757550477982,0.00338112213649,-0.00504494737834,-0.0854344666004,-0.99632525444
0.385769933462,0.337879955769,0.757544636726,0.00306127895601,-0.0046110721305,-0.0862359777093,-0.996259450912
0.385795086622,0.337810009718,0.75754481554,0.00319645670243,-0.00491063483059,-0.085439786315,-0.99632614851
0.385827928782,0.337846487761,0.75751632452,0.00297211413272,-0.0045302817598,-0.0858447551727,-0.996293842793
0.385839670897,0.337813973427,0.757478117943,0.00323118083179,-0.00509815989062,-0.0849835500121,-0.996364057064
0.385835796595,0.3378072083,0.757484436035,0.00342922029085,-0.00549574242905,-0.0845881998539,-0.99639493227
0.385839641094,0.33783826232,0.757494151592,0.00351451407187,-0.00543378852308,-0.0848494470119,-0.996372818947
0.385803520679,0.337800204754,0.757486045361,0.00352121354081,-0.00536641152576,-0.0843051597476,-0.99641931057
0.38579171896,0.337808281183,0.757512032986,0.00333817815408,-0.00504837231711,-0.0846054553986,-0.996396124363
0.385765463114,0.337779611349,0.757542490959,0.00345377647318,-0.0051085636951,-0.0845558568835,-0.996399760246
0.385733902454,0.337727248669,0.757551252842,0.00335287838243,-0.00505315233022,-0.0841569006443,-0.996434092522
0.385732829571,0.337800204754,0.757561564445,0.00290987407789,-0.00435810163617,-0.0851754173636,-0.99635219574
0.385716408491,0.337641835213,0.757529020309,0.0035128465388,-0.00530799757689,-0.0828929021955,-0.996538221836
0.38576811552,0.337740063667,0.757538735867,0.003096237313,-0.004814974498,-0.0842399820685,-0.996429085732
0.385795891285,0.33770725131,0.757519304752,0.00288439635187,-0.00455654365942,-0.0837006494403,-0.996476411819
0.385828018188,0.33765155077,0.757494568825,0.00274004368111,-0.00457811821252,-0.0828443095088,-0.996548235416
0.385852277279,0.337672650814,0.757504701614,0.00225764117204,-0.00398878194392,-0.0831480771303,-0.996526658535
0.385868817568,0.337610304356,0.75749874115,0.00231825886294,-0.00423537101597,-0.0821918919683,-0.996604919434
0.38584280014,0.337520837784,0.757489800453,0.00250051985495,-0.00457768980414,-0.0806936472654,-0.996725380421
0.385843753815,0.337525069714,0.75749796629,0.00220755883493,-0.00421093450859,-0.0809437930584,-0.996707320213
0.385824531317,0.337533295155,0.757526397705,0.00175118260086,-0.00358306011185,-0.0812903642654,-0.996682465076
0.385805845261,0.337424367666,0.75751209259,0.00157435622532,-0.0035848764237,-0.0799189656973,-0.996793687344
0.385791897774,0.337392151356,0.75751042366,0.0012359082466,-0.00324494787492,-0.0796312168241,-0.996818423271
0.385743409395,0.337159842253,0.757494330406,0.00192347646225,-0.00359587720595,-0.077849291265,-0.996956825256
0.385726600885,0.336990863085,0.757455468178,0.0021829335019,-0.0044825063087,-0.0752514377236,-0.997152209282
0.385179072618,0.336100906134,0.759061396122,0.0341269187629,-0.0184442419559,-0.0557375475764,-0.997691571712
0.385212630033,0.336026161909,0.759026765823,0.0344274006784,-0.0189126208425,-0.0543477125466,-0.997749209404
0.385820031166,0.336657047272,0.75751298666,0.00329430610873,0.0118133760989,-0.070009291172,-0.997471034527
0.38529509306,0.335841625929,0.759014487267,0.0348452888429,-0.0203570630401,-0.0513233616948,-0.99786645174
0.385229468346,0.335625529289,0.758671164513,0.0230009425431,0.00147162307985,-0.0511768497527,-0.998423695564
0.385147541761,0.335569947958,0.758775770664,0.0252676233649,-0.00012571051775,-0.0489032641053,-0.998483896255
0.385050058365,0.335474580526,0.75885540247,0.025792427361,-0.000599771447014,-0.0473054610193,-0.998547315598
0.385084241629,0.335238397121,0.758846998215,0.0284981541336,-0.00329745700583,-0.0432957187295,-0.998650372028
0.385051518679,0.335129827261,0.758862435818,0.0290802512318,-0.00372118828818,-0.041701156646,-0.998699963093
0.385039001703,0.335050880909,0.758827388287,0.0288346633315,-0.00374933425337,-0.0407830961049,-0.99874484539
0.385064095259,0.334997951984,0.75882434845,0.029044162482,-0.00418332125992,-0.0396691560745,-0.998781919479
0.38508528471,0.334921091795,0.758801698685,0.0289546996355,-0.00422228453681,-0.0384697876871,-0.99883133173
0.385854482651,0.335084557533,0.757176399231,0.00442273169756,-0.000547902716789,-0.0510256066918,-0.998687386513
0.385838538408,0.334997653961,0.757153689861,0.00447640754282,-0.000804846873507,-0.0499514602125,-0.998741269112
0.385985553265,0.335490942001,0.757017731667,0.0015459965216,0.00218889070675,-0.053968001157,-0.998539090157
0.385966897011,0.335440933704,0.757006287575,0.00124366756063,0.00269870669581,-0.0535496324301,-0.998560845852
0.385935425758,0.335364937782,0.757020413876,0.000852198223583,0.0031053009443,-0.0527965426445,-0.998600184917
0.385895550251,0.33538427949,0.75707834959,0.000233870072407,0.00415514642373,-0.0530733317137,-0.998582005501
0.385870069265,0.335340499878,0.757097601891,-5.35244180355e-05,0.00456586619839,-0.0523485578597,-0.998618423939
0.385852873325,0.335308492184,0.757112681866,-0.000326102075633,0.00516418088228,-0.051942627877,-0.998636722565
0.385816574097,0.335277676582,0.757126808167,-0.000478777685203,0.00505187688395,-0.0513033494353,-0.998670220375
0.385822951794,0.335213899612,0.757126688957,-0.000366553256754,0.00524938106537,-0.0503000840545,-0.998720288277
0.385780513287,0.335190236568,0.757125198841,-0.000597570149694,0.00540692126378,-0.0500013157725,-0.998734414577
0.385861068964,0.334185808897,0.757787764072,0.0098989745602,-0.00138274510391,-0.0424278229475,-0.999049544334
0.386015027761,0.334370791912,0.757959127426,0.0132088819519,-0.00243679969572,-0.0430321730673,-0.998983442783
0.386027306318,0.334340393543,0.75796020031,0.0130978440866,-0.00205922755413,-0.0427395701408,-0.998998343945
0.385912328959,0.334065645933,0.757788479328,0.00963305588812,-0.000659451819956,-0.0411536023021,-0.999106228352
0.385918259621,0.334046423435,0.757762134075,0.00965494848788,-0.00101410166826,-0.0406530052423,-0.999126195908
0.385922461748,0.334023952484,0.757769227028,0.00964252464473,-0.000821678026114,-0.0405248142779,-0.999131679535
0.38592427969,0.334026783705,0.757767617702,0.00985973421484,-0.000983927631751,-0.0402110815048,-0.999142169952
0.385872602463,0.334021180868,0.757771849632,0.00976806227118,-0.000991580658592,-0.0401444360614,-0.999145686626
0.385854870081,0.334001034498,0.757792294025,0.00973910838366,-0.00095202785451,-0.0399284437299,-0.999154686928
0.385831087828,0.333998441696,0.757806062698,0.00963771343231,-0.000737926689908,-0.0399871729314,-0.999153494835
0.385815232992,0.333996683359,0.757821500301,0.00950591173023,-0.00044811036787,-0.0400034599006,-0.999154210091
0.385813623667,0.334008872509,0.757805347443,0.00964256096631,-0.000873462005984,-0.0400027111173,-0.99915266037
0.385827749968,0.333990842104,0.757789671421,0.0096681304276,-0.00105599220842,-0.0397843122482,-0.999160945415
0.386007875204,0.334243923426,0.757975876331,0.0130989011377,-0.0017142550787,-0.0412977039814,-0.999059617519
0.385863602161,0.334002792835,0.757785141468,0.00967858172953,-0.000638126337435,-0.0400917418301,-0.999148964882
0.385890692472,0.334015071392,0.75778901577,0.00969385355711,-0.000523089314811,-0.0402224734426,-0.999143600464
0.386063039303,0.33422896266,0.757958590984,0.0130601404235,-0.00172799034044,-0.0412378460169,-0.999062478542
0.386059075594,0.334233522415,0.757964253426,0.0130588505417,-0.00166850874666,-0.0412468612194,-0.999062240124
0.38603630662,0.334249675274,0.757966399193,0.0129445670173,-0.00155471940525,-0.0413966029882,-0.999057769775
0.386015295982,0.334252268076,0.757969021797,0.013005072251,-0.00167530053295,-0.0412612855434,-0.999062359333
0.385844171047,0.334010452032,0.757806122303,0.00969867222011,-0.000704702921212,-0.0399850569665,-0.999152958393
0.385969907045,0.334251910448,0.75798368454,0.0130777638406,-0.00182180502452,-0.0411350876093,-0.999066352844
0.38581430912,0.334002792835,0.757800579071,0.00955021195114,-0.000741310359444,-0.0398859605193,-0.999158322811
0.385825484991,0.333991080523,0.757820367813,0.00961747020483,-0.000508721626829,-0.0399627424777,-0.999154746532
0.385831922293,0.333983242512,0.757796168327,0.00964828953147,-0.000554660509806,-0.0398135259748,-0.999160408974
0.385847389698,0.333975344896,0.757788896561,0.00968470610678,-0.000843188550789,-0.0398754812777,-0.999157428741
0.385876119137,0.333980590105,0.757781565189,0.00969800166786,-0.000743713462725,-0.039855055511,-0.999158143997
0.386038035154,0.334237605333,0.757981359959,0.0130169885233,-0.00144196802285,-0.0413907617331,-0.999057233334
0.385908454657,0.334006786346,0.757767617702,0.0097478851676,-0.000669059110805,-0.0399141274393,-0.999155402184
0.386058747768,0.334246337414,0.757944881916,0.013309548609,-0.00212797685526,-0.0410936102271,-0.999064385891
0.386055231094,0.334226101637,0.757941484451,0.0132339056581,-0.00211633974686,-0.0409973859787,-0.999069452286
0.385859131813,0.334018081427,0.757792711258,0.0096215698868,-0.000681756064296,-0.0400716625154,-0.999150276184
0.386000931263,0.334236055613,0.757977247238,0.0129781374708,-0.00174227310345,-0.0411773324013,-0.999066114426
0.385813742876,0.333990216255,0.757800996304,0.00960874557495,-0.000671261164825,-0.0399628430605,-0.999154806137
0.385805785656,0.333983778954,0.757813572884,0.0094777001068,-0.000553123303689,-0.0399832949042,-0.999155342579
0.385825783014,0.333970844746,0.75781005621,0.00944445375353,-0.000522260146681,-0.0399357862771,-0.999157488346
0.385977745056,0.33420342207,0.757979989052,0.0130063407123,-0.0018523405306,-0.0411377549171,-0.999067127705
0.386000275612,0.334206968546,0.757975459099,0.0130541557446,-0.00175185140688,-0.0410668700933,-0.9990696311
0.386021405458,0.334222197533,0.757973253727,0.0129357958212,-0.00170444848482,-0.0411383025348,-0.999068319798
0.386034190655,0.334232330322,0.757974207401,0.0131572335958,-0.00163514481392,-0.0412608832121,-0.999060511589
0.38605222106,0.334218889475,0.757948517799,0.013134050183,-0.00195086107124,-0.0410354398191,-0.999069452286
0.386048167944,0.334258764982,0.757975637913,0.0130909858271,-0.00135356537066,-0.0413972809911,-0.999056100845
0.385885059834,0.33402043581,0.757771372795,0.00962771102786,-0.000831806857605,-0.0399787127972,-0.999153792858
0.385868817568,0.333996415138,0.757768332958,0.00975667405874,-0.000926804903429,-0.0398233123124,-0.999158680439
0.385853916407,0.333997786045,0.757799208164,0.00963756535202,-0.000703481491655,-0.0399897769094,-0.99915343523
0.385831624269,0.333978801966,0.757798731327,0.00971634685993,-0.000742739124689,-0.0398724898696,-0.999157309532
0.385816395283,0.333967417479,0.757808029652,0.00958005432039,-0.000569323077798,-0.039866283536,-0.999158918858
0.385813564062,0.333973795176,0.757792711258,0.009471680969,-0.000845963135362,-0.0398395396769,-0.999160826206
0.385826736689,0.333993464708,0.757810413837,0.00955502409488,-0.000465516292024,-0.040069039911,-0.999151170254
0.385838657618,0.33397603035,0.757781982422,0.00957025121897,-0.000897652411368,-0.0399174056947,-0.999156832695
0.386030822992,0.334225714207,0.757965564728,0.0130969649181,-0.0017507247394,-0.0410451292992,-0.999069929123
0.386044472456,0.33423948288,0.757966995239,0.0130967125297,-0.00164152448997,-0.0411646775901,-0.999065279961
