x,y,z,q0,q1,q2,q3
-0.503505706787,-0.215139105916,1.36388349533,-0.301952660084,-0.0964647382498,-0.579824268818,-0.750548422337
-0.503628253937,-0.214807078242,1.36399912834,-0.301142811775,-0.0971925631166,-0.580782175064,-0.750039160252
-0.503580272198,-0.214220672846,1.36397099495,-0.300624281168,-0.0963479653001,-0.580417335033,-0.750638306141
-0.503829360008,-0.213705331087,1.36406350136,-0.300531923771,-0.095880523324,-0.580670893192,-0.750539004803
-0.503721535206,-0.213146835566,1.36419129372,-0.299937725067,-0.0956741049886,-0.580526471138,-0.750914812088
-0.503318846226,-0.212499529123,1.36429989338,-0.300212472677,-0.0980810075998,-0.579842090607,-0.751023113728
-0.503246307373,-0.211948513985,1.36438655853,-0.29985922575,-0.0980994105339,-0.579561114311,-0.751378655434
-0.503160774708,-0.211344450712,1.36451888084,-0.299506604671,-0.098382294178,-0.579384088516,-0.751618802547
-0.503155708313,-0.210782423615,1.36462605,-0.299192935228,-0.0986958518624,-0.579167246819,-0.751869738102
-0.50302618742,-0.21015509963,1.36472606659,-0.298569977283,-0.0992513522506,-0.578841805458,-0.752294659615
-0.503281414509,-0.209613144398,1.36488223076,-0.297812730074,-0.0978113859892,-0.578980743885,-0.752676546574
-0.503108918667,-0.208915412426,1.36492264271,-0.297334223986,-0.0977467298508,-0.578369319439,-0.753343939781
-0.50242382288,-0.208233132958,1.36503303051,-0.297720998526,-0.0994160026312,-0.576482355595,-0.754418194294
-0.502540111542,-0.207790225744,1.36522912979,-0.297451645136,-0.1000713557,-0.577046573162,-0.754006266594
-0.502277553082,-0.207167863846,1.3652973175,-0.297112882137,-0.100414894521,-0.576716125011,-0.754346907139
-0.502232074738,-0.206494346261,1.36540961266,-0.29741281271,-0.100717365742,-0.576141119003,-0.754627764225
-0.502089738846,-0.205881893635,1.36551165581,-0.296122968197,-0.101703822613,-0.576436638832,-0.754776954651
-0.501827597618,-0.205284535885,1.36561846733,-0.29539206624,-0.101756691933,-0.576208531857,-0.755230247974
-0.501517653465,-0.20452812314,1.36569964886,-0.294837266207,-0.100588254631,-0.574557781219,-0.756859660149
-0.50143045187,-0.204038232565,1.36573314667,-0.294397056103,-0.101311124861,-0.575465857983,-0.756244361401
-0.501224279404,-0.20333738625,1.36583781242,-0.293520778418,-0.101626686752,-0.575250208378,-0.756706595421
-0.501008212566,-0.202573508024,1.36592638493,-0.293984770775,-0.101768620312,-0.573672831059,-0.75770431757
-0.500995516777,-0.201958566904,1.3659927845,-0.292740136385,-0.102280639112,-0.574716448784,-0.757326126099
-0.500805437565,-0.201298952103,1.3660504818,-0.292545378208,-0.102455578744,-0.574258506298,-0.757725059986
-0.500471889973,-0.200615242124,1.36601495743,-0.292041540146,-0.10296215117,-0.572843909264,-0.758920609951
-0.500500321388,-0.200057923794,1.36609864235,-0.290775567293,-0.10378870368,-0.574032247066,-0.758396029472
-0.50019556284,-0.199299067259,1.36614227295,-0.291123121977,-0.103921018541,-0.572311937809,-0.759543836117
-0.500267386436,-0.198799684644,1.36625123024,-0.290205508471,-0.105011060834,-0.573122084141,-0.759134113789
-0.5000846982,-0.198102772236,1.36628746986,-0.289933145046,-0.105057790875,-0.572785615921,-0.759485661983
-0.499786019325,-0.197459816933,1.36636543274,-0.289376080036,-0.105501458049,-0.571479439735,-0.760619580746
-0.499550998211,-0.196763291955,1.36637854576,-0.28885871172,-0.105601981282,-0.571224868298,-0.760993421078
-0.499406069517,-0.19612775743,1.3664304018,-0.288759469986,-0.106034085155,-0.570856571198,-0.76124727726
-0.499214142561,-0.195476472378,1.36652696133,-0.287662655115,-0.106691889465,-0.570817291737,-0.761600136757
-0.499240040779,-0.194960415363,1.36661148071,-0.28659209609,-0.106969192624,-0.571785271168,-0.761238694191
-0.498961865902,-0.194314852357,1.36668074131,-0.286678314209,-0.108251817524,-0.570497214794,-0.761990845203
-0.498958826065,-0.193759769201,1.36672830582,-0.286031574011,-0.108778975904,-0.571686208248,-0.76126742363
-0.498772978783,-0.193087056279,1.36678278446,-0.285694688559,-0.109010122716,-0.57140392065,-0.76157271862
-0.498500585556,-0.192436903715,1.36681461334,-0.285640656948,-0.109123624861,-0.569989562035,-0.762635827065
-0.498515874147,-0.191916614771,1.36686229706,-0.284808367491,-0.11024312675,-0.571107149124,-0.761949658394
-0.498386383057,-0.191287443042,1.36695349216,-0.284055739641,-0.111022241414,-0.570586502552,-0.76250731945
-0.498107194901,-0.190637588501,1.36699855328,-0.283888965845,-0.110962979496,-0.569409012794,-0.763457775116
-0.498156487942,-0.190119206905,1.36704051495,-0.283684968948,-0.111858762801,-0.570419192314,-0.762648284435
-0.497944205999,-0.189501240849,1.36712908745,-0.283055752516,-0.112123437226,-0.569253981113,-0.763713181019
-0.497851371765,-0.189006999135,1.36716866493,-0.28263297677,-0.112565740943,-0.569183886051,-0.763856768608
-0.497882544994,-0.188515752554,1.36723566055,-0.282208502293,-0.113552302122,-0.570388793945,-0.762968480587
-0.497347325087,-0.187765061855,1.3671245575,-0.282245069742,-0.112131021917,-0.569398105145,-0.763904690742
-0.497254550457,-0.187150031328,1.36717021465,-0.281423896551,-0.112322226167,-0.569625556469,-0.764009892941
-0.497199624777,-0.186691313982,1.36721134186,-0.280963212252,-0.112827770412,-0.569775998592,-0.763992726803
-0.497112303972,-0.186221376061,1.36730194092,-0.281152188778,-0.113446041942,-0.56962043047,-0.763947665691
-0.497153043747,-0.185689717531,1.36732208729,-0.280075728893,-0.114242009819,-0.571174621582,-0.763063728809
-0.496765166521,-0.184979170561,1.36724662781,-0.280887722969,-0.113143779337,-0.569982945919,-0.7638194561
-0.496784627438,-0.184509932995,1.36722230911,-0.279741466045,-0.114380948246,-0.57182186842,-0.762680530548
-0.496897369623,-0.184042006731,1.36729979515,-0.279794096947,-0.114254154265,-0.571636378765,-0.762819170952
-0.496989697218,-0.183684900403,1.36743485928,-0.280010133982,-0.115096211433,-0.57159358263,-0.762645423412
-0.496969103813,-0.183129325509,1.36743831635,-0.280111134052,-0.115083068609,-0.571753442287,-0.762490391731
-0.496716976166,-0.182501852512,1.36734688282,-0.279431581497,-0.114727512002,-0.572156369686,-0.762491106987
-0.496602922678,-0.182007670403,1.36730265617,-0.279798746109,-0.11562179029,-0.572335124016,-0.762087225914
-0.496549099684,-0.181504175067,1.36727845669,-0.27919870615,-0.115696363151,-0.572760939598,-0.761976003647
-0.4961142838,-0.180796295404,1.36703872681,-0.278941333294,-0.113928847015,-0.570973217487,-0.763676345348
-0.496622741222,-0.180664598942,1.36736238003,-0.279429167509,-0.116304293275,-0.572426617146,-0.76205021143
-0.496587067842,-0.180018693209,1.36731803417,-0.27941814065,-0.115067109466,-0.572298586369,-0.762338101864
-0.496570914984,-0.17947652936,1.36732518673,-0.279265463352,-0.115401521325,-0.57234865427,-0.76230597496
-0.496413201094,-0.178955331445,1.36723971367,-0.279348582029,-0.114972628653,-0.571282625198,-0.763139367104
-0.496481657028,-0.178568303585,1.36725580692,-0.279451012611,-0.115100353956,-0.570932507515,-0.763344764709
-0.496752232313,-0.178035274148,1.36729729176,-0.278004616499,-0.116557307541,-0.572501301765,-0.762476325035
-0.496352940798,-0.177285283804,1.3671579361,-0.279679656029,-0.114969559014,-0.572753071785,-0.761915504932
-0.49642893672,-0.176809996367,1.36714577675,-0.279304623604,-0.115479789674,-0.572503745556,-0.762163221836
-0.496471881866,-0.176505312324,1.3671156168,-0.279180079699,-0.115349143744,-0.57249557972,-0.762234866619
-0.496374666691,-0.175882652402,1.36710238457,-0.279248744249,-0.114789001644,-0.570752739906,-0.763600051403
-0.4964427948,-0.17534673214,1.36707568169,-0.279358118773,-0.114554338157,-0.57049036026,-0.763791322708
-0.496636778116,-0.174916863441,1.36705768108,-0.27968069911,-0.115143559873,-0.571867704391,-0.762553632259
-0.49659755826,-0.174301415682,1.36698186398,-0.279238671064,-0.114528723061,-0.571475565434,-0.763101994991
-0.496587246656,-0.173777878284,1.36701619625,-0.279625833035,-0.1131907776,-0.569659888744,-0.764516174793
-0.496818810701,-0.173296019435,1.36701023579,-0.280017405748,-0.113913178444,-0.569306790829,-0.764528512955
-0.496871590614,-0.172781348228,1.36701011658,-0.280065476894,-0.113632366061,-0.569081306458,-0.76472055912
-0.496748358011,-0.172038808465,1.36691713333,-0.279945552349,-0.11254068464,-0.568461179733,-0.765386819839
-0.496821939945,-0.171495079994,1.36693298817,-0.279518455267,-0.112112700939,-0.568297207355,-0.765727519989
-0.496931165457,-0.171037584543,1.36697351933,-0.279424905777,-0.11211053282,-0.568069636822,-0.765930712223
-0.497066497803,-0.170554071665,1.3670181036,-0.279332786798,-0.112026937306,-0.568025648594,-0.766009271145
-0.497169405222,-0.170030459762,1.36709034443,-0.278953671455,-0.111888840795,-0.568789660931,-0.765600562096
-0.497401952744,-0.169471919537,1.36705505848,-0.278890728951,-0.112108498812,-0.568619370461,-0.765717804432
-0.497691422701,-0.168969467282,1.36711359024,-0.277930468321,-0.112450540066,-0.568221628666,-0.766311824322
-0.49767190218,-0.168480724096,1.36720764637,-0.278018414974,-0.111930437386,-0.56693148613,-0.767310976982
-0.497618347406,-0.168026387691,1.36719417572,-0.278484672308,-0.111242070794,-0.566627442837,-0.767466545105
-0.497719883919,-0.167437642813,1.36719441414,-0.27912196517,-0.110672995448,-0.565984964371,-0.767791330814
-0.497912704945,-0.167050525546,1.36728847027,-0.279047429562,-0.110558621585,-0.566001713276,-0.767822623253
-0.49794152379,-0.166480824351,1.36728310585,-0.278664469719,-0.109588429332,-0.565642893314,-0.768364965916
-0.498165279627,-0.166028767824,1.36735677719,-0.277522414923,-0.110090747476,-0.565968930721,-0.768466413021
-0.498279899359,-0.165657669306,1.36749851704,-0.279373586178,-0.108785256743,-0.566110551357,-0.767876923084
-0.498521029949,-0.16533318162,1.36750257015,-0.278402328491,-0.109352573752,-0.567566990852,-0.767073512077
-0.498627632856,-0.164876192808,1.36753761768,-0.278697222471,-0.108655363321,-0.567460000515,-0.767144680023
-0.498758733273,-0.164537936449,1.36750972271,-0.278146624565,-0.108879640698,-0.567310929298,-0.767423033714
-0.498859614134,-0.164188370109,1.36750507355,-0.278373211622,-0.109758898616,-0.567530691624,-0.767052948475
-0.499022424221,-0.163700565696,1.3675570488,-0.278217762709,-0.109240539372,-0.567425847054,-0.76726102829
-0.4991581738,-0.163399010897,1.36755681038,-0.27797499299,-0.109272070229,-0.567471265793,-0.767310857773
-0.499262362719,-0.163022443652,1.36763846874,-0.278501778841,-0.108309552073,-0.565718770027,-0.768549323082
-0.499173223972,-0.162705421448,1.3675276041,-0.278484135866,-0.107791334391,-0.565696895123,-0.768644750118
-0.499343454838,-0.162190467119,1.36717379093,-0.278877019882,-0.107029289007,-0.565759599209,-0.768562614918
-0.499440819025,-0.162042573094,1.36751115322,-0.278690516949,-0.10748475045,-0.565808534622,-0.768530726433
-0.49955868721,-0.161798655987,1.36748874187,-0.27850279212,-0.107442207634,-0.566190063953,-0.768323540688
-0.499610364437,-0.161657378078,1.36745989323,-0.277995467186,-0.107689782977,-0.566538512707,-0.768215894699
-0.499613076448,-0.16136610508,1.36740994453,-0.277827113867,-0.1070702672,-0.566779136658,-0.768185853958
-0.499798327684,-0.161200404167,1.36748409271,-0.277570188046,-0.107786215842,-0.56708741188,-0.767951011658
-0.49990940094,-0.161018162966,1.36746037006,-0.277761042118,-0.107452370226,-0.567193329334,-0.767850637436
-0.499873280525,-0.160814002156,1.36736857891,-0.277654618025,-0.107009194791,-0.567499756813,-0.767724633217
-0.500002384186,-0.16059204936,1.36709964275,-0.277633726597,-0.106543049216,-0.567794620991,-0.767578840256
-0.500070869923,-0.160564094782,1.36736452579,-0.277627617121,-0.106937669218,-0.568036556244,-0.767347216606
-0.500175058842,-0.16042008996,1.36736166477,-0.277719825506,-0.106926903129,-0.568228423595,-0.767173349857
-0.500240385532,-0.160265564919,1.36730253696,-0.277651906013,-0.106923267245,-0.568525791168,-0.766978025436
-0.500322580338,-0.160171106458,1.36731934547,-0.277685582638,-0.107028782368,-0.56879234314,-0.76675349474
-0.500401496887,-0.160098806024,1.36732649803,-0.27770537138,-0.107087016106,-0.569023787975,-0.766566514969
-0.50046235323,-0.160031989217,1.36740112305,-0.278198689222,-0.106666170061,-0.569547533989,-0.766057193279
-0.500551462173,-0.159867137671,1.3673876524,-0.27848470211,-0.106528133154,-0.569641888142,-0.765902340412
-0.500672638416,-0.159888714552,1.36746203899,-0.27855271101,-0.106761284173,-0.570070803165,-0.765525817871
-0.500616192818,-0.159847170115,1.36736369133,-0.27830389142,-0.106524161994,-0.570215165615,-0.765541851521
-0.500656485558,-0.159808754921,1.3673517704,-0.278294026852,-0.10652461648,-0.570497334003,-0.765335083008
-0.500693500042,-0.159778937697,1.36732816696,-0.278388172388,-0.106432422996,-0.570803523064,-0.765085339546
-0.500725388527,-0.159780710936,1.3673415184,-0.278311520815,-0.106576927006,-0.571239411831,-0.76476764679
-0.500765681267,-0.159813821316,1.36733424664,-0.278210103512,-0.106641508639,-0.571585059166,-0.764537215233
-0.500894129276,-0.159861862659,1.36738491058,-0.277985841036,-0.106715939939,-0.5719191432,-0.764358699322
-0.500975430012,-0.160014897585,1.3674339056,-0.277893066406,-0.107066333294,-0.572604894638,-0.763829886913
-0.501136004925,-0.160161554813,1.36747384071,-0.277213424444,-0.108381688595,-0.573244154453,-0.763411700726
-0.501156330109,-0.160218268633,1.36744499207,-0.277152389288,-0.108456872404,-0.573905169964,-0.762926340103
-0.501159727573,-0.160290628672,1.36743366718,-0.277115046978,-0.108515873551,-0.574603199959,-0.76240593195
-0.501134216785,-0.160388678312,1.36739635468,-0.277269482613,-0.108175359666,-0.575312793255,-0.761862814426
-0.500925600529,-0.1603846699,1.36727118492,-0.277600646019,-0.10781186074,-0.575895607471,-0.761353313923
-0.501156747341,-0.160614520311,1.36739110947,-0.27778378129,-0.108733281493,-0.576549887657,-0.760659992695
-0.501071810722,-0.160676524043,1.36732780933,-0.277818441391,-0.10850264132,-0.577428877354,-0.76001316309
-0.500975131989,-0.160747900605,1.36721920967,-0.277860552073,-0.108315229416,-0.578160822392,-0.759467840195
-0.501161813736,-0.161082938313,1.36717426777,-0.277474433184,-0.109059534967,-0.580723583698,-0.757544875145
-0.500902175903,-0.161150544882,1.36698198318,-0.277273118496,-0.107874117792,-0.58208990097,-0.756739139557
-0.501028060913,-0.161363884807,1.366979599,-0.277075231075,-0.109052658081,-0.582924723625,-0.755999743938
-0.501048505306,-0.161675453186,1.36697947979,-0.276926457882,-0.109775476158,-0.584241986275,-0.754932105541
-0.500941514969,-0.161873593926,1.36687064171,-0.277049154043,-0.109690584242,-0.585359275341,-0.754033446312
-0.500852763653,-0.162083297968,1.366776824,-0.276872098446,-0.110908530653,-0.586410462856,-0.753102958202
-0.501253128052,-0.162431389093,1.36677229404,-0.276537448168,-0.109112821519,-0.588081598282,-0.752184450626
-0.50116366148,-0.162650674582,1.36670398712,-0.277077436447,-0.109273649752,-0.589043915272,-0.751208841801
-0.501016438007,-0.162642240524,1.36653029919,-0.276340097189,-0.109811708331,-0.589717388153,-0.750873446465
-0.500522077084,-0.162933006883,1.36643028259,-0.277587801218,-0.111344516277,-0.590516984463,-0.74955791235
-0.500737905502,-0.16317871213,1.3663495779,-0.277179330587,-0.110342867672,-0.591874539852,-0.7487860322
-0.500718533993,-0.163556352258,1.36629927158,-0.277055412531,-0.111062921584,-0.593180060387,-0.747691631317
-0.500730633736,-0.163857102394,1.36631369591,-0.277359068394,-0.111553482711,-0.594341218472,-0.746583044529
-0.500677287579,-0.164154872298,1.36630320549,-0.277744650841,-0.111916765571,-0.595284938812,-0.745633065701
-0.500606179237,-0.164477452636,1.36629450321,-0.277741253376,-0.112503767014,-0.596300899982,-0.744733572006
-0.500648677349,-0.164819851518,1.36629462242,-0.278084427118,-0.113455839455,-0.59713113308,-0.743795216084
-0.500619709492,-0.165107429028,1.36628651619,-0.278254747391,-0.114123791456,-0.597857773304,-0.743045270443
-0.500581502914,-0.165390715003,1.36629831791,-0.27776953578,-0.114907197654,-0.598791360855,-0.742353975773
-0.500513255596,-0.165654167533,1.36630654335,-0.27796408534,-0.115367606282,-0.599366724491,-0.741745352745
-0.500454902649,-0.165952429175,1.36629617214,-0.278233706951,-0.115913897753,-0.600210487843,-0.74087613821
-0.500383377075,-0.16621722281,1.36628830433,-0.2782779634,-0.11631179601,-0.600983858109,-0.74016982317
-0.50025677681,-0.16645270586,1.36626327038,-0.278303414583,-0.116557449102,-0.601715743542,-0.739526689053
-0.500048041344,-0.166863709688,1.3664213419,-0.277874141932,-0.117121420801,-0.602447271347,-0.739003300667
-0.499879956245,-0.167091548443,1.36630666256,-0.277899950743,-0.116809383035,-0.603138208389,-0.73847925663
-0.500115394592,-0.167315423489,1.36625540257,-0.276684045792,-0.11579401046,-0.603755533695,-0.738591253757
-0.499901652336,-0.167673379183,1.36630749702,-0.277862399817,-0.117872737348,-0.604310929775,-0.737364768982
-0.499963998795,-0.167954996228,1.36637711525,-0.277869552374,-0.118621967733,-0.604742467403,-0.736887931824
-0.499999940395,-0.168250843883,1.36636984348,-0.277833640575,-0.119226261973,-0.605306923389,-0.736340403557
-0.499946057796,-0.168468534946,1.36634099483,-0.277692168951,-0.119544036686,-0.605860292912,-0.735886931419
-0.4998909235,-0.168663427234,1.36634850502,-0.277691394091,-0.119733840227,-0.606371760368,-0.735435068607
-0.499829649925,-0.168826580048,1.36634993553,-0.277451455593,-0.120248198509,-0.606868624687,-0.735031664371
-0.499794483185,-0.169030353427,1.36635351181,-0.277527958155,-0.120323501527,-0.607009887695,-0.734873890877
-0.499747157097,-0.169252276421,1.36635398865,-0.277817368507,-0.12094912678,-0.607548654079,-0.734216272831
-0.499689906836,-0.16942808032,1.3663482666,-0.277819663286,-0.121254637837,-0.607897937298,-0.733875691891
-0.499580204487,-0.169539004564,1.36634862423,-0.277822554111,-0.121663540602,-0.608074128628,-0.733661055565
-0.499453127384,-0.169654235244,1.3662519455,-0.277779966593,-0.122147478163,-0.608619511127,-0.733144402504
-0.499465435743,-0.169867917895,1.36626434326,-0.277320176363,-0.122521497309,-0.609220266342,-0.732756853104
-0.499415248632,-0.170019328594,1.36622929573,-0.277630627155,-0.122916132212,-0.609409272671,-0.732416152954
-0.499408692122,-0.170199558139,1.36617851257,-0.277045220137,-0.123103395104,-0.609591543674,-0.73245459795
-0.499366402626,-0.170333638787,1.36613059044,-0.277019351721,-0.123450987041,-0.609917342663,-0.732134580612
-0.499305784702,-0.170482710004,1.36606872082,-0.277401328087,-0.123999916017,-0.6100679636,-0.73177164793
-0.499202519655,-0.170551225543,1.36599349976,-0.277009665966,-0.123819366097,-0.610529124737,-0.731565952301
-0.499159187078,-0.170697405934,1.36590862274,-0.27741381526,-0.124229967594,-0.610789716244,-0.731125593185
-0.499132394791,-0.170820325613,1.36586344242,-0.277101874352,-0.124250985682,-0.611302435398,-0.730811655521
-0.49913713336,-0.17102189362,1.36588430405,-0.277157723904,-0.12493211776,-0.611613035202,-0.730414390564
-0.49915343523,-0.171203032136,1.36583459377,-0.27724313736,-0.12543644011,-0.611919820309,-0.73003834486
-0.499155759811,-0.171335205436,1.36578845978,-0.277321726084,-0.125675559044,-0.612281560898,-0.729664087296
-0.499098718166,-0.171467393637,1.36577022076,-0.277515232563,-0.12586671114,-0.6125446558,-0.729336619377
-0.499053359032,-0.171621799469,1.36573791504,-0.277658134699,-0.126202613115,-0.612797379494,-0.729011952877
-0.499048113823,-0.171736225486,1.36568796635,-0.27803838253,-0.126411691308,-0.613042056561,-0.728624939919
-0.499004751444,-0.171922519803,1.36567270756,-0.278604477644,-0.127101033926,-0.613307952881,-0.728064775467
-0.498810887337,-0.1718570292,1.36561119556,-0.279156923294,-0.126591980457,-0.613586604595,-0.727706968784
-0.4987809062,-0.172007903457,1.36559391022,-0.279452174902,-0.12691642344,-0.61388117075,-0.727288424969
-0.498794406652,-0.172182559967,1.36545205116,-0.279323905706,-0.126896888018,-0.614252984524,-0.727027416229
-0.498757362366,-0.172321140766,1.36546695232,-0.279615938663,-0.127173706889,-0.614325761795,-0.7268050313
-0.49868786335,-0.172427684069,1.3654961586,-0.279788821936,-0.127516821027,-0.614134907722,-0.726839840412
-0.498619556427,-0.172495961189,1.36550378799,-0.279789924622,-0.12796254456,-0.614062130451,-0.726822495461
-0.498541235924,-0.172584861517,1.36555194855,-0.280100494623,-0.128117144108,-0.614057302475,-0.726679742336
-0.498510152102,-0.172675311565,1.36559069157,-0.280329048634,-0.128045663238,-0.613854527473,-0.726775467396
-0.498407453299,-0.172724813223,1.36559271812,-0.280141800642,-0.128290265799,-0.613869488239,-0.726791918278
-0.498334676027,-0.172724708915,1.36564528942,-0.28016513586,-0.12842695415,-0.613624155521,-0.726965904236
-0.49825912714,-0.172749564052,1.36567187309,-0.280059337616,-0.128590926528,-0.613454461098,-0.727120935917
-0.498204708099,-0.172753095627,1.36569368839,-0.279944777489,-0.128727391362,-0.613231897354,-0.727328598499
-0.498143792152,-0.172780066729,1.36568808556,-0.279716074467,-0.128882080317,-0.61307746172,-0.727519333363
-0.498089075089,-0.172743141651,1.36571192741,-0.2795329988,-0.128897935152,-0.612852990627,-0.727776050568
-0.497963368893,-0.172570094466,1.36566841602,-0.279311388731,-0.128615245223,-0.612420082092,-0.728275418282
-0.497943043709,-0.17249494791,1.36568462849,-0.279149115086,-0.128504082561,-0.612402617931,-0.728371858597
-0.497956126928,-0.172475814819,1.36572623253,-0.278846502304,-0.128734111786,-0.612364172935,-0.728479385376
-0.497948348522,-0.17225253582,1.36570072174,-0.278804093599,-0.128557562828,-0.612095117569,-0.7287530303
-0.497891485691,-0.17208313942,1.36571240425,-0.278572142124,-0.128385424614,-0.611770629883,-0.729144454002
-0.497818231583,-0.172023594379,1.3657245636,-0.27790287137,-0.128363803029,-0.611595213413,-0.729550540447
-0.497747451067,-0.171782910824,1.3657490015,-0.277638465166,-0.127986475825,-0.61140191555,-0.729879438877
-0.497744143009,-0.171551421285,1.36573135853,-0.277362018824,-0.127682566643,-0.610935151577,-0.730428516865
-0.497738778591,-0.171321183443,1.36579060555,-0.27705296874,-0.127738669515,-0.610637068748,-0.730785131454
-0.497691452503,-0.17105743289,1.36581349373,-0.276928782463,-0.127780139446,-0.610491633415,-0.730946421623
-0.497503012419,-0.170664325356,1.36580681801,-0.276233613491,-0.127605080605,-0.610575437546,-0.731169998646
-0.497221410275,-0.170316487551,1.36583435535,-0.276346743107,-0.128458365798,-0.609769761562,-0.73164999485
-0.497673839331,-0.17009806633,1.36596047878,-0.275444686413,-0.127992987633,-0.610198438168,-0.731714427471
-0.497754126787,-0.169743955135,1.36598300934,-0.274992287159,-0.126836046576,-0.609930872917,-0.732308924198
-0.497834950686,-0.169362783432,1.3660299778,-0.27447104454,-0.126692399383,-0.609635293484,-0.732775211334
-0.497659802437,-0.168772146106,1.36610889435,-0.274015367031,-0.126037955284,-0.609453082085,-0.733210146427
-0.497822165489,-0.168256998062,1.36619484425,-0.273797214031,-0.126981779933,-0.609303474426,-0.733253121376
-0.497761905193,-0.167791858315,1.36619520187,-0.273378938437,-0.126548871398,-0.609495699406,-0.733324289322
-0.497831135988,-0.167284041643,1.36627399921,-0.272552847862,-0.126096740365,-0.609342455864,-0.733836829662
-0.498183935881,-0.166882947087,1.36643528938,-0.272037357092,-0.126769542694,-0.609058499336,-0.734147787094
-0.498240828514,-0.16622197628,1.36649847031,-0.271482795477,-0.126581385732,-0.608701348305,-0.734681546688
-0.498115837574,-0.165498763323,1.36657011509,-0.270585656166,-0.126179680228,-0.608524680138,-0.735227882862
-0.498390048742,-0.164939567447,1.36663162708,-0.269945919514,-0.126590177417,-0.608403563499,-0.73549258709
-0.498469948769,-0.164312645793,1.36667668819,-0.26913318038,-0.126596927643,-0.608278334141,-0.73589271307
-0.498563051224,-0.163521528244,1.36667346954,-0.268710821867,-0.125850617886,-0.607660353184,-0.736685276031
-0.498768240213,-0.16287407279,1.3668115139,-0.267531186342,-0.126300424337,-0.607726097107,-0.736983239651
-0.498713493347,-0.161973074079,1.36676359177,-0.266662925482,-0.125434100628,-0.60739761591,-0.737716257572
-0.498884618282,-0.161102846265,1.36676418781,-0.265747636557,-0.125185906887,-0.606818914413,-0.738564491272
-0.499062657356,-0.160320237279,1.36705160141,-0.264981508255,-0.125148490071,-0.606599152088,-0.739026546478
-0.499396234751,-0.159420371056,1.36697769165,-0.263373434544,-0.122992374003,-0.606714904308,-0.739867925644
-0.499329656363,-0.158452868462,1.36709618568,-0.26318359375,-0.123766280711,-0.606106042862,-0.740305364132
-0.499168813229,-0.1572496593,1.36700856686,-0.263108849525,-0.124383307993,-0.604445636272,-0.741584777832
-0.49966236949,-0.156502172351,1.36719405651,-0.261178046465,-0.123841382563,-0.60510635376,-0.741819262505
-0.500072360039,-0.155519619584,1.36746835709,-0.260602921247,-0.12380643189,-0.603915929794,-0.742996513844
-0.500274658203,-0.154509618878,1.36752200127,-0.259434074163,-0.123824216425,-0.603909909725,-0.74340736866
-0.500450730324,-0.153332486749,1.36751818657,-0.258350253105,-0.123033247888,-0.603189766407,-0.744499921799
-0.500928401947,-0.152252227068,1.36756789684,-0.25607073307,-0.121222816408,-0.603154182434,-0.745612502098
-0.500580787659,-0.150869905949,1.36751747131,-0.256183624268,-0.121231935918,-0.60222196579,-0.74632525444
-0.500932872295,-0.149797350168,1.36773490906,-0.254918664694,-0.121709391475,-0.601678669453,-0.747118651867
-0.500985622406,-0.148520171642,1.36770224571,-0.253499239683,-0.120626792312,-0.601418852806,-0.747985899448
-0.501341700554,-0.147253289819,1.36758804321,-0.252331614494,-0.1205425933,-0.601367712021,-0.748435080051
-0.50132972002,-0.145954430103,1.3678355217,-0.250986814499,-0.119294293225,-0.600826621056,-0.749521136284
-0.501450300217,-0.144434928894,1.36770927906,-0.25039550662,-0.118466518819,-0.599979698658,-0.750527918339
-0.501650810242,-0.143119633198,1.3679536581,-0.24843223393,-0.118236802518,-0.59963709116,-0.751489818096
-0.50176435709,-0.141737625003,1.36798834801,-0.247104138136,-0.118085995317,-0.599189698696,-0.752307772636
-0.502379834652,-0.140442728996,1.36813271046,-0.245270937681,-0.116928651929,-0.599030554295,-0.753214478493
-0.502488076687,-0.139102995396,1.36841261387,-0.245086312294,-0.118306905031,-0.598142445087,-0.753764986992
-0.502546072006,-0.137504383922,1.36836051941,-0.243467763066,-0.117151409388,-0.599033772945,-0.753762304783
-0.502611577511,-0.136147081852,1.36858928204,-0.241388782859,-0.117388665676,-0.59828299284,-0.754989385605
-0.50291466713,-0.134521514177,1.36857247353,-0.240713581443,-0.117097213864,-0.596691727638,-0.75650793314
-0.5030143857,-0.132874369621,1.36860132217,-0.238817408681,-0.116009548306,-0.59664273262,-0.757314682007
-0.503607034683,-0.131333678961,1.36867773533,-0.236231461167,-0.11522873491,-0.597136497498,-0.757855594158
-0.503170192242,-0.1295247823,1.36860620975,-0.235611259937,-0.115792945027,-0.596100628376,-0.758777499199
-0.50415378809,-0.128040283918,1.36860013008,-0.23369307816,-0.114534690976,-0.596223771572,-0.759464681149
-0.504027426243,-0.1263756603,1.36890888214,-0.23292092979,-0.115762263536,-0.595760762691,-0.759878993034
-0.504033029079,-0.124600052834,1.36886584759,-0.231303229928,-0.115120880306,-0.595507204533,-0.760668992996
-0.504665374756,-0.122950106859,1.36897110939,-0.228869229555,-0.114376924932,-0.595575749874,-0.761463284492
-0.50467479229,-0.121023245156,1.36896812916,-0.226621240377,-0.113815233111,-0.595741152763,-0.762090265751
-0.50493478775,-0.119321346283,1.36902964115,-0.225657835603,-0.113916024566,-0.595254361629,-0.762741088867
-0.505295932293,-0.117667600513,1.36922836304,-0.224054977298,-0.115172535181,-0.595149159431,-0.763107001781
-0.505490899086,-0.115897342563,1.36924254894,-0.222588151693,-0.114683173597,-0.595522105694,-0.763318955898
-0.505511045456,-0.113902017474,1.36921870708,-0.220154732466,-0.113790772855,-0.595329999924,-0.764307439327
-0.50565212965,-0.11197399348,1.3692214489,-0.219287082553,-0.113347567618,-0.594774067402,-0.765055179596
-0.506011962891,-0.110224656761,1.36935389042,-0.217553079128,-0.114339366555,-0.594753026962,-0.765418887138
-0.505980551243,-0.108095169067,1.36905276775,-0.215601608157,-0.113999865949,-0.59562754631,-0.765341579914
-0.506160855293,-0.106098249555,1.36900687218,-0.214057594538,-0.112782225013,-0.595288872719,-0.766218364239
-0.505792737007,-0.104099556804,1.3691341877,-0.214190378785,-0.114654496312,-0.59226411581,-0.768244743347
-0.505893468857,-0.102237224579,1.36946582794,-0.212130889297,-0.115268468857,-0.592725098133,-0.768368840218
-0.505937635899,-0.100187674165,1.36945712566,-0.210338681936,-0.114815212786,-0.592834234238,-0.768845081329
-0.506099283695,-0.0981712862849,1.36943686008,-0.208549812436,-0.114573560655,-0.592975437641,-0.769259393215
-0.506320595741,-0.0961086899042,1.36948990822,-0.206328317523,-0.115711398423,-0.593311309814,-0.769429206848
-0.506430566311,-0.0939702987671,1.36944997311,-0.204905003309,-0.114775456488,-0.593615353107,-0.769715249538
-0.506469368935,-0.0918495133519,1.3694434166,-0.202834695578,-0.114396929741,-0.593736588955,-0.770226240158
-0.506859242916,-0.0898954942822,1.3694974184,-0.201195076108,-0.11501968652,-0.594544887543,-0.769939959049
-0.50702559948,-0.0878695175052,1.36955308914,-0.199565172195,-0.115418717265,-0.594820678234,-0.770091414452
-0.50703561306,-0.0857129096985,1.36947178841,-0.197405263782,-0.11544983089,-0.59569388628,-0.769968450069
-0.507296979427,-0.0834384560585,1.36961853504,-0.195222765207,-0.11550129205,-0.595985531807,-0.77029132843
-0.507467925549,-0.0813395678997,1.3696911335,-0.19389218092,-0.115537397563,-0.596141040325,-0.770501673222
-0.507657110691,-0.0791500806808,1.36966228485,-0.192011147738,-0.115514948964,-0.596938669682,-0.770358502865
-0.507940351963,-0.0772016346455,1.36966633797,-0.189792692661,-0.117151968181,-0.599507391453,-0.768664479256
-0.507841169834,-0.0746501013637,1.36944687366,-0.187787935138,-0.115370929241,-0.598619699478,-0.770116567612
-0.507842183113,-0.0724484473467,1.36952507496,-0.185337081552,-0.115221716464,-0.598801612854,-0.770591139793
-0.507780015469,-0.0701751485467,1.36954760551,-0.183809950948,-0.114725343883,-0.599543750286,-0.770453989506
-0.508097708225,-0.067994274199,1.36964333057,-0.182203128934,-0.115331910551,-0.600165843964,-0.770260691643
-0.508150517941,-0.065701007843,1.36944925785,-0.179424703121,-0.115441806614,-0.600755512714,-0.770436823368
-0.508199632168,-0.0633680298924,1.3694883585,-0.177594542503,-0.115409575403,-0.601096987724,-0.770599424839
-0.508337855339,-0.0611167252064,1.36951291561,-0.176475703716,-0.115896262228,-0.602005600929,-0.770073711872
-0.508492231369,-0.058986723423,1.36952197552,-0.174286186695,-0.116753183305,-0.60275220871,-0.769858956337
-0.508475482464,-0.0566064715385,1.36934649944,-0.172590196133,-0.115678459406,-0.6033847332,-0.769907832146
-0.508404493332,-0.0542021989822,1.36928415298,-0.170494571328,-0.115585632622,-0.60460293293,-0.769432842731
-0.508596003056,-0.0520102642477,1.36923503876,-0.168610617518,-0.116119623184,-0.60531193018,-0.769210159779
-0.508465409279,-0.0495091900229,1.36914098263,-0.166795507073,-0.115700937808,-0.605866074562,-0.769232690334
-0.508638381958,-0.0472848899662,1.36914849281,-0.165034875274,-0.116079337895,-0.607026159763,-0.768640637398
-0.508627235889,-0.0449565164745,1.36907875538,-0.162598729134,-0.117144972086,-0.607962071896,-0.768258273602
-0.508613467216,-0.0424489527941,1.36888480186,-0.160892769694,-0.1170662269,-0.608585894108,-0.768135488033
-0.508928656578,-0.0402971170843,1.36887776852,-0.159647390246,-0.117115616798,-0.609209060669,-0.767893791199
-0.508936464787,-0.0379517786205,1.36878657341,-0.15775077045,-0.117539584637,-0.610061705112,-0.767544090748
-0.509019613266,-0.0355599857867,1.36869633198,-0.156036585569,-0.117679715157,-0.610778033733,-0.767303347588
-0.508963704109,-0.0331990905106,1.36858451366,-0.154302209616,-0.117691747844,-0.612089037895,-0.766607165337
-0.509204983711,-0.0310142673552,1.36855065823,-0.152611985803,-0.118702419102,-0.613008856773,-0.766054570675
-0.509073615074,-0.0285967346281,1.36833918095,-0.150896310806,-0.118592128158,-0.614069640636,-0.765561640263
-0.510095536709,-0.0266174655408,1.36813879013,-0.147377371788,-0.11984924227,-0.619669675827,-0.761528432369
-0.509950220585,-0.0242689736187,1.36798286438,-0.145589143038,-0.119908630848,-0.620419561863,-0.761252462864
-0.510219693184,-0.0220789201558,1.3678457737,-0.143860250711,-0.120916739106,-0.62193775177,-0.760182201862
-0.509992837906,-0.0195368528366,1.36765038967,-0.142403453588,-0.12040220201,-0.622237980366,-0.760292470455
-0.510205030441,-0.0173868611455,1.36762690544,-0.140891909599,-0.121255517006,-0.623447716236,-0.759446978569
-0.510282874107,-0.0151209626347,1.36744618416,-0.139065116644,-0.121783941984,-0.62553447485,-0.757981717587
-0.510239958763,-0.0127695910633,1.36722910404,-0.137775555253,-0.122203134,-0.626127719879,-0.7576597929
-0.510312378407,-0.0104657327756,1.36704289913,-0.136168196797,-0.122485749424,-0.627716362476,-0.756589472294
-0.510430574417,-0.0082335928455,1.36693692207,-0.134601742029,-0.123070336878,-0.628995716572,-0.755712032318
-0.510523200035,-0.006034119986,1.36692905426,-0.133254408836,-0.123796127737,-0.630015015602,-0.754982829094
-0.510461628437,-0.00372854806483,1.36664628983,-0.131793960929,-0.123733699322,-0.63103467226,-0.754397571087
-0.510596811771,-0.00157301966101,1.36655163765,-0.13029935956,-0.1243346259,-0.632755339146,-0.753116071224
-0.510869920254,0.000524138100445,1.36648619175,-0.128708600998,-0.125450640917,-0.634324669838,-0.751883208752
-0.510661542416,0.00292418058962,1.36623501778,-0.127302736044,-0.124778345227,-0.635552167892,-0.751197755337
-0.510700345039,0.00500439945608,1.36615288258,-0.125699311495,-0.125224724412,-0.636634945869,-0.750476181507
-0.51070868969,0.00722700590268,1.36594355106,-0.124067865312,-0.125319346786,-0.638145387173,-0.749448359013
-0.510983586311,0.00905080046505,1.3659119606,-0.12151876837,-0.124381586909,-0.639689803123,-0.748705089092
-0.510842204094,0.0113706560805,1.36575758457,-0.121019668877,-0.125395581126,-0.641293764114,-0.747243404388
-0.51097792387,0.0133789898828,1.36565160751,-0.120305240154,-0.126716166735,-0.642702162266,-0.745924651623
-0.510867714882,0.0155953587964,1.36541891098,-0.118680350482,-0.125910654664,-0.644513785839,-0.744757354259
-0.510884225368,0.0175754912198,1.36532485485,-0.117088086903,-0.126292139292,-0.646040320396,-0.743621349335
-0.510782718658,0.0196421928704,1.36526024342,-0.116226859391,-0.126048341393,-0.647916197777,-0.742164194584
-0.511008262634,0.0216237492859,1.36514055729,-0.113989777863,-0.126743912697,-0.648795187473,-0.741624772549
-0.510776638985,0.0236681737006,1.36501574516,-0.113219358027,-0.126262634993,-0.650770485401,-0.74009257555
-0.51093095541,0.0255630463362,1.36495518684,-0.111640363932,-0.127214193344,-0.652872920036,-0.73831564188
-0.510844349861,0.0276407860219,1.36475753784,-0.109226979315,-0.127316638827,-0.65465593338,-0.737079203129
-0.510950386524,0.0295339617878,1.36461865902,-0.108219005167,-0.127691745758,-0.656310319901,-0.735690295696
-0.511268019676,0.0312342718244,1.36452531815,-0.105503834784,-0.129584878683,-0.657730460167,-0.734484493732
-0.511195421219,0.0330837145448,1.36445450783,-0.104826912284,-0.129475384951,-0.659844875336,-0.732702076435
-0.511168122292,0.0348730348051,1.3642873764,-0.103929549456,-0.130920246243,-0.659990310669,-0.732442200184
-0.511175751686,0.0369119271636,1.36417281628,-0.101167753339,-0.129453271627,-0.662380099297,-0.730930745602
-0.510904252529,0.0385508127511,1.36403167248,-0.101365529001,-0.130997747183,-0.664463222027,-0.728734016418
-0.51072537899,0.0405996255577,1.36380147934,-0.101114824414,-0.129375442863,-0.66581594944,-0.727823317051
-0.510932087898,0.0419485270977,1.36384117603,-0.0992313325405,-0.131336182356,-0.667822480202,-0.72589045763
-0.510600745678,0.0439126044512,1.36357045174,-0.096644602716,-0.130578070879,-0.669525206089,-0.724807024002
-0.51057612896,0.0456038527191,1.36351108551,-0.0953796058893,-0.130937099457,-0.670868039131,-0.72366720438
-0.509683132172,0.0477814525366,1.36332261562,-0.0961907655001,-0.128036737442,-0.667686700821,-0.727013409138
-0.509628355503,0.0497297942638,1.3631991148,-0.0955039262772,-0.127817779779,-0.669329404831,-0.725630640984
-0.509667336941,0.0510101094842,1.36318445206,-0.0940880775452,-0.129096254706,-0.670240938663,-0.724747300148
-0.509295940399,0.0530606582761,1.36291360855,-0.0929817408323,-0.128340572119,-0.671998381615,-0.723395586014
-0.509425699711,0.0542355626822,1.36296546459,-0.0911843329668,-0.129915386438,-0.673399209976,-0.722039461136
-0.509230434895,0.055755443871,1.36285293102,-0.0898544192314,-0.130263596773,-0.675152540207,-0.720504462719
-0.509109139442,0.0574040561914,1.36273896694,-0.0886996239424,-0.129997596145,-0.675911724567,-0.719983577728
-0.508810162544,0.0591536909342,1.36239373684,-0.0879320800304,-0.129259645939,-0.677752673626,-0.718478441238
-0.50824290514,0.060960713774,1.36218059063,-0.087083645165,-0.127182364464,-0.679119467735,-0.717661321163
-0.508084893227,0.0624476000667,1.36207950115,-0.0861777812243,-0.127235069871,-0.680578291416,-0.716378211975
-0.508138298988,0.0635248720646,1.3622084856,-0.0849046707153,-0.129034996033,-0.681726634502,-0.715115368366
-0.507710516453,0.0651821047068,1.36197757721,-0.0839280933142,-0.128098517656,-0.683301329613,-0.713895201683
-0.507611870766,0.0668141692877,1.36178517342,-0.0840080827475,-0.127545490861,-0.684879422188,-0.712471008301
-0.508122205734,0.0672956109047,1.36211955547,-0.0811149999499,-0.132298633456,-0.689679801464,-0.707290172577
-0.507330298424,0.0690151005983,1.36197817326,-0.0827961564064,-0.128719463944,-0.686561346054,-0.710780978203
-0.506981551647,0.0704465731978,1.36184155941,-0.0799286141992,-0.129030376673,-0.68861579895,-0.709063410759
-0.506757557392,0.0719710439444,1.36166918278,-0.0792376473546,-0.128453209996,-0.690668880939,-0.707246661186
-0.506200432777,0.0733447521925,1.36143422127,-0.0786820575595,-0.127288982272,-0.692274987698,-0.705947756767
-0.506098747253,0.0743488371372,1.36147105694,-0.0777668431401,-0.128096714616,-0.693422853947,-0.704775393009
-0.506148517132,0.0758996233344,1.36130976677,-0.0787157267332,-0.127172842622,-0.694412350655,-0.703862607479
-0.50589209795,0.077023640275,1.3612126112,-0.0779595971107,-0.127297431231,-0.696345090866,-0.702012360096
-0.506382465363,0.0781451761723,1.36120939255,-0.0786126405001,-0.128808051348,-0.696615815163,-0.701394915581
-0.506478428841,0.0790362358093,1.3612934351,-0.0786794498563,-0.129482492805,-0.697871863842,-0.700013399124
-0.505963146687,0.0803631916642,1.36106717587,0.0773774906993,0.128795996308,0.699872374535,0.6982858181
-0.50556987524,0.0813905149698,1.36097633839,0.0771429687738,0.127687886357,0.700991272926,0.697392463684
-0.505917668343,0.082236841321,1.36112070084,0.0770658776164,0.129260122776,0.701777398586,0.696319758892
-0.505216836929,0.0834353491664,1.36088442802,0.075908370316,0.127770572901,0.703815639019,0.694662690163
-0.505298554897,0.0842831730843,1.36109042168,0.0764340609312,0.129141628742,0.704420149326,0.693738281727
-0.505030035973,0.085202857852,1.3610291481,0.0743215680122,0.133138805628,0.707307934761,0.690265059471
-0.504650115967,0.0864179879427,1.36064398289,0.0747465714812,0.12733630836,0.70613014698,0.69251614809
-0.504456162453,0.0872851759195,1.36058390141,0.0746176242828,0.127324163914,0.707686007023,0.690942466259
-0.504253149033,0.0880357846618,1.36069071293,0.074528567493,0.127243861556,0.709005534649,0.689612746239
-0.504284083843,0.0886005163193,1.36086463928,0.0735850855708,0.132458075881,0.711685836315,0.685961663723
-0.504195272923,0.0894428640604,1.3608123064,0.0748528316617,0.127644851804,0.710874021053,0.687577068806
-0.503939509392,0.0900421887636,1.36072230339,0.0740842148662,0.128956153989,0.713421285152,0.684771418571
-0.503713726997,0.0908729061484,1.36074185371,0.0738286301494,0.132444113493,0.715718984604,0.681728899479
-0.503469049931,0.0916417241096,1.36065483093,0.0755987837911,0.128075197339,0.715161800385,0.682953417301
-0.503408849239,0.0921991467476,1.36062312126,0.0756347030401,0.128860801458,0.716164946556,0.681749343872
-0.503251791,0.0929570347071,1.36056911945,0.0767244771123,0.128366053104,0.717282772064,0.680544614792
-0.502929031849,0.0937202051282,1.3605222702,0.0766732320189,0.130421116948,0.720053374767,0.677225708961
-0.502709388733,0.0946254655719,1.36045694351,0.0787214413285,0.125108957291,0.719256222248,0.678838193417
-0.502558588982,0.0952155739069,1.36040759087,0.0790392160416,0.125151649117,0.720184862614,0.677808105946
-0.502151727676,0.0957362055779,1.36019158363,0.0793208703399,0.124740891159,0.721305549145,0.676658272743
-0.502362132072,0.0960809141397,1.36036920547,0.0804050564766,0.125680521131,0.721652686596,0.675985813141
-0.501156032085,0.0966032594442,1.36039507389,0.079055339098,0.124301984906,0.722981154919,0.674979567528
-0.501138329506,0.0972663238645,1.36047685146,0.0805316269398,0.122980773449,0.723728358746,0.674246013165
-0.501115143299,0.0972414538264,1.36053168774,0.0805840566754,0.123985357583,0.723848760128,0.673926591873
-0.501038193703,0.0978022143245,1.36059737206,0.082027040422,0.12341119349,0.724336862564,0.673333227634
-0.501360297203,0.0981297120452,1.36024093628,0.0838514566422,0.123502388597,0.72466224432,0.672741353512
-0.501297414303,0.0983748883009,1.36021482944,0.0850968807936,0.123961538076,0.724668979645,0.672493100166
-0.500719308853,0.0985040739179,1.36068022251,0.0844654515386,0.122857242823,0.725114345551,0.672295212746
-0.500412285328,0.0988092422485,1.36065411568,0.0852135717869,0.122814171016,0.725074529648,0.672251701355
-0.501010358334,0.099054262042,1.36033177376,0.0873144641519,0.122697301209,0.725244045258,0.67182046175
-0.500571131706,0.0992738306522,1.3603644371,0.0864294618368,0.125878751278,0.726817369461,0.669642448425
-0.500385642052,0.099480509758,1.36038088799,0.0866141542792,0.125733137131,0.726935207844,0.669518113136
-0.500224888325,0.0996057167649,1.36040306091,0.0871553197503,0.125456094742,0.726936161518,0.669498682022
-0.500059902668,0.0997048541903,1.36040723324,0.0877694487572,0.125159204006,0.726865708828,0.669550657272
-0.500379562378,0.0994255766273,1.36042404175,0.0886067673564,0.123448595405,0.728758394718,0.667697846889
-0.499833285809,0.0998219549656,1.36042058468,0.0904004797339,0.120198681951,0.724696457386,0.672454416752
-0.499665468931,0.0998138189316,1.36048400402,0.0910206586123,0.11982524395,0.724779009819,0.672348678112
-0.499276340008,0.0997101515532,1.36061787605,0.089704759419,0.12352732569,0.726768493652,0.669702708721
-0.499225020409,0.0997477173805,1.36064350605,0.0914719849825,0.119527682662,0.724860370159,0.672252416611
-0.49894541502,0.0997576415539,1.36060237885,0.0924816131592,0.118397332728,0.724495530128,0.672707736492
-0.498834639788,0.0996643602848,1.36064302921,0.0928394570947,0.118073396385,0.724459588528,0.672753989697
-0.498727351427,0.0995428040624,1.3606826067,0.0935526564717,0.117348372936,0.72438031435,0.672867357731
-0.49859637022,0.0992698818445,1.36073553562,0.0951560884714,0.117268882692,0.724690496922,0.672322154045
-0.498499184847,0.0991684794426,1.36077070236,0.0954621657729,0.116075359285,0.724236428738,0.672974944115
-0.498311161995,0.0988991707563,1.36081266403,0.0953977480531,0.119023397565,0.726132750511,0.670420765877
-0.498191565275,0.098728440702,1.36084389687,0.0961981415749,0.119418151677,0.725800454617,0.670595943928
-0.498183816671,0.0985761657357,1.36087477207,0.0981541648507,0.114955596626,0.723506867886,0.673564195633
-0.498114734888,0.0983736813068,1.36091160774,0.0983412340283,0.113641105592,0.723668575287,0.673586249352
-0.497939646244,0.0982159823179,1.36097240448,0.0997783318162,0.112485133111,0.723482370377,0.673768877983
-0.4979172647,0.0978520959616,1.36104512215,0.101280674338,0.11127794534,0.723090529442,0.674165964127
-0.4977619946,0.0975831151009,1.3610752821,0.101805739105,0.110765010118,0.722866535187,0.674411475658
-0.497672975063,0.0973044261336,1.36113488674,0.102880649269,0.109974935651,0.722673594952,0.674584329128
-0.497925043106,0.0968705937266,1.3612588644,0.10521774739,0.109390616417,0.722379624844,0.674633741379
-0.497839331627,0.0966438353062,1.3613216877,0.106174528599,0.108346149325,0.72184741497,0.675221920013
-0.497579842806,0.0964431762695,1.36124575138,0.107419751585,0.107723601162,0.721465706825,0.675532341003
-0.497568249702,0.0961246043444,1.36131811142,0.108950555325,0.106255285442,0.719950854778,0.677134037018
-0.497607320547,0.0956669822335,1.36145484447,0.109700851142,0.105369873345,0.720205307007,0.676880657673
-0.496719092131,0.0954034477472,1.36180067062,0.109875202179,0.102944470942,0.719870686531,0.677581012249
-0.496756643057,0.0950103625655,1.36188566685,0.111184187233,0.101977258921,0.718846917152,0.678600013256
-0.496684074402,0.0946108177304,1.36195623875,0.112216591835,0.101145491004,0.718378841877,0.679050087929
-0.496638357639,0.0941886901855,1.36204767227,0.114131487906,0.0995755419135,0.717603862286,0.679781913757
-0.496534198523,0.0936718210578,1.36226558685,0.115117937326,0.0985228642821,0.716923832893,0.68048620224
-0.496242076159,0.0931225121021,1.36247825623,0.116712652147,0.0975821018219,0.715955138206,0.681369423866
-0.496928930283,0.092837959528,1.36211383343,0.119363456964,0.0963607877493,0.71538746357,0.681680083275
-0.496515750885,0.0922861099243,1.36258816719,0.119638465345,0.0952403619885,0.7151080966,0.682082414627
-0.497202634811,0.0918906256557,1.36224102974,0.123208351433,0.0943692326546,0.714114904404,0.682608366013
-0.497237712145,0.0913782268763,1.36234390736,0.125455275178,0.0927873030305,0.713206350803,0.683365464211
-0.496699661016,0.0908343121409,1.36270558834,0.125647947192,0.0917299985886,0.712848305702,0.683846175671
-0.497360140085,0.0902890339494,1.36250925064,0.128926441073,0.0912299081683,0.711875557899,0.684315800667
-0.496963262558,0.0897272005677,1.36291658878,0.130348354578,0.0897197574377,0.711038351059,0.685116171837
-0.497061014175,0.0891101509333,1.36304974556,0.131891444325,0.0889495909214,0.710428237915,0.685554027557
-0.497163176537,0.0884993746877,1.36313462257,0.133984982967,0.0883510485291,0.709859490395,0.685814499855
-0.497332453728,0.0878772214055,1.36320662498,0.136623069644,0.087197445333,0.709119439125,0.686207175255
-0.497490406036,0.0872774645686,1.36327457428,0.138605415821,0.0864094868302,0.708372354507,0.686680853367
-0.497867107391,0.0864019244909,1.36353683472,0.141008287668,0.0865377187729,0.708386898041,0.686160385609
-0.497984111309,0.085845567286,1.36351394653,0.143493443727,0.0853231474757,0.707611918449,0.686596632004
-0.498178750277,0.085206001997,1.36354494095,0.145632326603,0.083573885262,0.707102417946,0.686886370182
-0.498355329037,0.0844618529081,1.36360275745,0.147983968258,0.0840673968196,0.706819534302,0.686614632607
-0.498553901911,0.0837550610304,1.36366534233,0.150018379092,0.0837008804083,0.706733882427,0.686306059361
-0.498793542385,0.0829978734255,1.36373949051,0.152279287577,0.0832128897309,0.706717073917,0.685884594917
-0.498932749033,0.0822372734547,1.36375308037,0.154467523098,0.082809433341,0.706618666649,0.685545444489
-0.499237000942,0.0813494175673,1.36390340328,0.156003221869,0.0824850127101,0.706951439381,0.684893429279
-0.499423652887,0.0805458128452,1.36398112774,0.158345758915,0.0811194702983,0.70707821846,0.684387803078
-0.499471515417,0.0799688994884,1.36388897896,0.159725472331,0.0791907012463,0.707151889801,0.684216976166
-0.49957883358,0.0789951309562,1.36393237114,0.161285340786,0.0809230059385,0.707257628441,0.683538794518
-0.499748408794,0.078148946166,1.36399960518,0.163254037499,0.0803807377815,0.707700312138,0.682676792145
-0.499883294106,0.0773774385452,1.36405026913,0.164034426212,0.0807553678751,0.708023369312,0.682110130787
-0.499890178442,0.0765169560909,1.3640460968,0.166087880731,0.0797942504287,0.707866728306,0.681888878345
-0.50015604496,0.0754503086209,1.36412882805,0.16749984026,0.0802055820823,0.708761692047,0.680564284325
-0.500255525112,0.0746331959963,1.36415755749,0.168630287051,0.0800018534064,0.708631455898,0.680444836617
-0.500325202942,0.0737470090389,1.36416709423,0.169485762715,0.0793476179242,0.708777189255,0.680157005787
-0.500533819199,0.07288877666,1.36421954632,0.170205458999,0.0793833509088,0.708837926388,0.679909646511
-0.50057297945,0.0719299316406,1.36423301697,0.171208932996,0.0784180015326,0.70934009552,0.679245710373
-0.500634729862,0.0709270387888,1.36425673962,0.171177238226,0.079724535346,0.709433853626,0.67900365591
-0.500773489475,0.0700289011002,1.36428415775,0.172073975205,0.0792672336102,0.709766745567,0.678482651711
-0.500869691372,0.0688673630357,1.36435842514,0.172174498439,0.0797006115317,0.710100412369,0.678056895733
-0.500585019588,0.0680943503976,1.36414051056,0.172204971313,0.0784827470779,0.70991319418,0.67838716507
-0.500877976418,0.0668782740831,1.3643951416,0.172237470746,0.0798975452781,0.709806025028,0.678326010704
-0.500623822212,0.06585547328,1.36422669888,0.171372756362,0.0798826888204,0.709659636021,0.678699910641
-0.500868618488,0.0650806725025,1.36430311203,0.172724217176,0.0794491097331,0.70947766304,0.678598403931
-0.500747144222,0.0638941824436,1.36420607567,0.171803310513,0.0796859636903,0.709985375404,0.678273260593
-0.500639617443,0.0628948137164,1.36426091194,0.172000959516,0.0792319476604,0.709743022919,0.678530037403
-0.500674009323,0.0618139617145,1.36434733868,0.171565741301,0.079987898469,0.709730684757,0.678564310074
-0.500587046146,0.0606561973691,1.36439597607,0.170553356409,0.0831756442785,0.711290478706,0.676800787449
-0.500149071217,0.0598663240671,1.36423754692,0.171532332897,0.07762696594,0.709957003593,0.678610146046
-0.500555217266,0.0584594123065,1.36450123787,0.171389043331,0.0805751159787,0.709728240967,0.678542017937
-0.50052601099,0.0573568493128,1.36453819275,0.171592190862,0.0808236822486,0.70977050066,0.678416907787
-0.500456571579,0.0562590584159,1.36460185051,0.171681448817,0.0809329897165,0.709248304367,0.678927302361
-0.500445485115,0.0552448108792,1.36459231377,0.171889126301,0.0802259817719,0.709437310696,0.678761184216
-0.500433504581,0.0540093667805,1.36471569538,0.172106102109,0.0805205255747,0.709056973457,0.679068624973
-0.50047147274,0.0529197379947,1.36478638649,0.172354727983,0.0807248279452,0.708973050117,0.679068982601
-0.499904304743,0.051816880703,1.36472547054,0.170049905777,0.0845196172595,0.71170759201,0.676322340965
-0.500449299812,0.0505426265299,1.36494195461,0.172819167376,0.0825984552503,0.70880907774,0.678896784782
-0.500336587429,0.049375705421,1.36499977112,0.17241255939,0.0828734785318,0.708748340607,0.679030001163
-0.50021314621,0.0484467111528,1.36498761177,0.172977998853,0.0827652737498,0.708783328533,0.678862810135
-0.500186860561,0.0469810813665,1.36518108845,0.172992438078,0.082906268537,0.708441853523,0.67919832468
-0.500088274479,0.0458272174001,1.36520659924,0.172555476427,0.0846807584167,0.707934260368,0.679619908333
-0.499928057194,0.0446513369679,1.36529290676,0.171327456832,0.0869615897536,0.71006077528,0.677420437336
-0.500163316727,0.0437044948339,1.36541163921,0.171990543604,0.0845055952668,0.706803619862,0.680960178375
-0.499934643507,0.0423052608967,1.36546075344,0.172048762441,0.0861219018698,0.708521187305,0.678955256939
-0.499685138464,0.0411455743015,1.36554515362,0.171911165118,0.0859624072909,0.708098530769,0.67945098877
-0.499609351158,0.0398383140564,1.36564338207,0.172161668539,0.0862905681133,0.707846403122,0.679608523846
-0.499435663223,0.0387641005218,1.36564087868,0.172588959336,0.0860370546579,0.70712429285,0.680283904076
-0.499279260635,0.0376799367368,1.36566638947,0.173054009676,0.0849490240216,0.706190943718,0.681271374226
-0.499176800251,0.0361585505307,1.36583685875,0.172713190317,0.0859967321157,0.705753207207,0.681679606438
-0.498865276575,0.0350730791688,1.36582040787,0.173850759864,0.0860413461924,0.705736398697,0.681402087212
-0.498768031597,0.0337722562253,1.36589491367,0.174007982016,0.086363337934,0.705536484718,0.681528389454
-0.498623669147,0.032114263624,1.36608207226,0.172171339393,0.0906468629837,0.706719696522,0.680211424828
-0.498647838831,0.0307297855616,1.36624634266,0.173871144652,0.0889573246241,0.70447152853,0.682330787182
-0.498277783394,0.0297828949988,1.36614215374,0.174625694752,0.0874819681048,0.703962266445,0.682854473591
-0.49820792675,0.0281854793429,1.36638224125,0.174246296287,0.088991612196,0.703687429428,0.683039307594
-0.498213022947,0.0267617143691,1.36642110348,0.175095543265,0.0890100896358,0.703137099743,0.683386445045
-0.49780061841,0.0256249215454,1.36654663086,0.175034150481,0.0891621336341,0.703037381172,0.683484911919
-0.497649848461,0.0242241304368,1.36672115326,0.175587236881,0.0893648117781,0.702761590481,0.683600187302
-0.497579097748,0.0229855030775,1.36684274673,0.175580963492,0.0900619849563,0.701479136944,0.684826314449
-0.497606605291,0.0211601182818,1.36722540855,0.173922508955,0.094922490418,0.702627003193,0.683415055275
-0.497386664152,0.0200638324022,1.36720585823,0.176922693849,0.0903630927205,0.700666189194,0.685273706913
-0.497325778008,0.0183621421456,1.36749434471,0.176196396351,0.0927888080478,0.700224995613,0.685587286949
-0.497106283903,0.0168850421906,1.36768317223,0.177325904369,0.0931854844093,0.700231015682,0.685236036777
-0.496959388256,0.0154812578112,1.36773908138,0.175843328238,0.0964148715138,0.701025187969,0.684359014034
-0.496723383665,0.0139255654067,1.36789870262,0.176163107157,0.0969839096069,0.701147973537,0.684070467949
-0.496735274792,0.0124481488019,1.36802470684,0.176263093948,0.0987508296967,0.700103104115,0.684861600399
-0.496609658003,0.0111465947703,1.36814641953,0.178538560867,0.0961988642812,0.697199940681,0.68759149313
-0.49632948637,0.00970837194473,1.36810219288,0.178653731942,0.0971290096641,0.697160840034,0.687470436096
-0.496367126703,0.00813234783709,1.36832153797,0.179767280817,0.0981654748321,0.696231663227,0.687974393368
-0.496052443981,0.00649468507618,1.36837172508,0.178779214621,0.101708307862,0.697609186172,0.686319947243
-0.496230363846,0.00511819217354,1.36850667,0.181189507246,0.100151918828,0.693688571453,0.689881205559
-0.495939075947,0.0035940175876,1.36857318878,0.181054964662,0.101432926953,0.694137394428,0.689277768135
-0.496116489172,0.00191348046064,1.36870276928,0.18208283186,0.10325037688,0.693549394608,0.68932902813
-0.495420128107,0.000623858068138,1.36852109432,0.18126899004,0.10375764221,0.69339877367,0.689618766308
-0.495614916086,-0.000982108525932,1.36874699593,0.183253899217,0.103807218373,0.691337287426,0.691154718399
-0.495534539223,-0.00259103858843,1.36881172657,-0.184196829796,-0.104684881866,-0.689319312572,-0.69278550148
-0.495463192463,-0.00413923105225,1.36882042885,-0.184709876776,-0.104805961251,-0.689628124237,-0.692322909832
-0.495417624712,-0.00590881193057,1.36895823479,-0.185558930039,-0.106611341238,-0.689454734325,-0.691992878914
-0.4951826334,-0.00731457304209,1.36889839172,-0.183849155903,-0.110189847648,-0.690200090408,-0.691145122051
-0.495184987783,-0.00897515378892,1.36896407604,-0.184655353427,-0.111186876893,-0.68974506855,-0.691224873066
-0.495058327913,-0.0105125941336,1.36898434162,-0.187612488866,-0.108561806381,-0.687542021275,-0.693038105965
-0.495145320892,-0.011905349791,1.36905002594,-0.188495606184,-0.108464933932,-0.685216009617,-0.695114135742
-0.495115458965,-0.0136069748551,1.36921608448,-0.189004912972,-0.109124228358,-0.684695839882,-0.695385336876
-0.494946658611,-0.0151576828212,1.36924803257,-0.189753428102,-0.10935344547,-0.685506939888,-0.694345593452
-0.494916409254,-0.0166708882898,1.36937737465,-0.19050578773,-0.10952013731,-0.68486726284,-0.694744408131
-0.495054334402,-0.0180998090655,1.36946713924,-0.190674453974,-0.109322361648,-0.683688104153,-0.695889770985
-0.494948863983,-0.0197927318513,1.36958599091,-0.191738709807,-0.109575554729,-0.683500945568,-0.695741295815
-0.49498051405,-0.0211527943611,1.36967897415,-0.191864967346,-0.10912514478,-0.682276904583,-0.696977674961
-0.494857311249,-0.0228203926235,1.36971342564,-0.190794438124,-0.112054377794,-0.683940649033,-0.695173799992
-0.495007991791,-0.0243527702987,1.36990821362,-0.193417593837,-0.109157912433,-0.681425511837,-0.697376251221
-0.494949221611,-0.0258751567453,1.37003576756,-0.193847134709,-0.108652047813,-0.680465519428,-0.698272645473
-0.494868844748,-0.0275330934674,1.37007296085,-0.192299157381,-0.111139021814,-0.681859254837,-0.696948468685
-0.495225250721,-0.0289836190641,1.37035155296,-0.194535449147,-0.108145922422,-0.678440093994,-0.700128257275
-0.495157778263,-0.0304584670812,1.37044370174,-0.192862913013,-0.110652267933,-0.679360926151,-0.699305951595
-0.495276719332,-0.0322134047747,1.37065041065,-0.193940967321,-0.111157760024,-0.678903639317,-0.699371755123
-0.495184451342,-0.0335487648845,1.37066030502,-0.195917189121,-0.10668386519,-0.676495313644,-0.701847076416
-0.495165169239,-0.035130597651,1.37071585655,-0.194776847959,-0.108758293092,-0.677582502365,-0.700796484947
-0.49535831809,-0.0365059226751,1.37092483044,-0.196573421359,-0.105519205332,-0.674043357372,-0.70419460535
-0.495291262865,-0.0381865799427,1.37105083466,-0.195562615991,-0.10789065063,-0.675617277622,-0.702606737614
-0.495325833559,-0.0396984629333,1.37111198902,-0.195911020041,-0.107413038611,-0.674714684486,-0.703449606895
-0.495487600565,-0.0411374755204,1.37128806114,-0.198359727859,-0.104095593095,-0.672140717506,-0.705722749233
-0.495496273041,-0.0427158884704,1.37129878998,-0.196617916226,-0.106388382614,-0.672318994999,-0.705698370934
-0.495810329914,-0.0442454442382,1.37144327164,-0.199016153812,-0.103819690645,-0.669686496258,-0.707908391953
-0.495723992586,-0.0456293188035,1.37142372131,-0.196820765734,-0.105359278619,-0.671273827553,-0.706790268421
-0.495671451092,-0.0471813827753,1.37135314941,-0.197359874845,-0.104670539498,-0.671090185642,-0.706916630268
-0.495859593153,-0.0486378222704,1.37153911591,-0.199734538794,-0.101679436862,-0.668276011944,-0.709348082542
-0.495843619108,-0.0502510741353,1.37152647972,-0.197838187218,-0.103845015168,-0.669268608093,-0.70862942934
-0.496032357216,-0.0516619794071,1.37160301208,-0.20026999712,-0.100562356412,-0.66665917635,-0.710876107216
-0.496347635984,-0.0533771924675,1.37172484398,-0.198811605573,-0.10390239954,-0.667605638504,-0.709916114807
-0.496544092894,-0.0548898018897,1.37167823315,-0.200397267938,-0.101764574647,-0.665689527988,-0.711577355862
-0.496523201466,-0.0563740208745,1.371571064,-0.200052186847,-0.101252093911,-0.665909349918,-0.711541831493
-0.496461302042,-0.0576964356005,1.37160313129,-0.199902608991,-0.102260813117,-0.66450124979,-0.712754905224
-0.496796309948,-0.0593153610826,1.37157952785,-0.201465174556,-0.100206337869,-0.664190411568,-0.712896704674
-0.496530324221,-0.060519669205,1.37132942677,-0.200137197971,-0.101043790579,-0.663377344608,-0.713908910751
-0.496703714132,-0.0620699487627,1.37136244774,-0.201726213098,-0.100041121244,-0.662027180195,-0.71485543251
-0.496859997511,-0.0636811181903,1.37138462067,-0.202063828707,-0.0986405238509,-0.661827027798,-0.715140104294
-0.496892392635,-0.0649208053946,1.37121605873,-0.200764164329,-0.100214548409,-0.661196351051,-0.715870380402
-0.496862381697,-0.0665933638811,1.37111651897,-0.201153099537,-0.099006600678,-0.661656916142,-0.715503513813
-0.497055828571,-0.0679259896278,1.37110924721,-0.201232403517,-0.0984037593007,-0.660570323467,-0.716567516327
-0.497191667557,-0.0695145130157,1.37117660046,-0.200967043638,-0.0987842828035,-0.660584747791,-0.716576457024
-0.49707737565,-0.0709631815553,1.37103247643,-0.203410580754,-0.094247482717,-0.660067915916,-0.716974198818
-0.497106790543,-0.0722345337272,1.37097334862,-0.201323896646,-0.0963388159871,-0.660258293152,-0.717109799385
-0.497057557106,-0.0738567113876,1.37094938755,-0.201388940215,-0.0959331989288,-0.661875665188,-0.715653598309
-0.497150450945,-0.075291402638,1.37089073658,-0.202547580004,-0.0939065217972,-0.661438345909,-0.715999424458
-0.497304648161,-0.0767796263099,1.37100982666,-0.20133318007,-0.0952469855547,-0.660423219204,-0.717101216316
-0.497286379337,-0.0783461630344,1.37112164497,-0.203767701983,-0.0911795571446,-0.659831047058,-0.717487335205
-0.497177511454,-0.0798385664821,1.37102937698,-0.201689004898,-0.0926295146346,-0.661409556866,-0.716434717178
-0.497262001038,-0.0812810510397,1.37109184265,-0.203050643206,-0.0893129780889,-0.66030061245,-0.717493534088
-0.497160285711,-0.082749992609,1.37101745605,-0.202520877123,-0.0878338590264,-0.661404311657,-0.716808855534
-0.497095316648,-0.0842123776674,1.37104964256,-0.200480982661,-0.0902667269111,-0.662661790848,-0.715918004513
-0.497110545635,-0.0856774002314,1.37105917931,-0.200214162469,-0.0878948122263,-0.66369086504,-0.715334415436
-0.497039496899,-0.0871134921908,1.3710064888,-0.199236422777,-0.0870443880558,-0.664323031902,-0.715124547482
-0.497102946043,-0.0885997265577,1.37109601498,-0.19924788177,-0.0853308960795,-0.66447687149,-0.715184926987
-0.49696329236,-0.0899247229099,1.37109279633,-0.198309287429,-0.0845323428512,-0.664781153202,-0.715257942677
-0.496984153986,-0.0913151204586,1.37113499641,-0.198039352894,-0.0836163163185,-0.665355205536,-0.714906513691
-0.496996968985,-0.0926497876644,1.37121415138,-0.199998885393,-0.0795677527785,-0.664116442204,-0.715974092484
-0.496928602457,-0.0940893888474,1.37120628357,-0.199320062995,-0.0788653790951,-0.664278268814,-0.716091036797
-0.496970146894,-0.0955069512129,1.37131214142,-0.196898818016,-0.0803874433041,-0.666434109211,-0.714586794376
-0.497076362371,-0.0969485417008,1.37141561508,-0.197977542877,-0.0778582766652,-0.666751503944,-0.714272677898
-0.496987015009,-0.0983525961637,1.37145352364,-0.196728691459,-0.0785038769245,-0.667412757874,-0.713929474354
-0.497050523758,-0.0997766330838,1.371509552,-0.196395233274,-0.0768177211285,-0.667798697948,-0.713843762875
-0.496921241283,-0.10088724643,1.37143981457,-0.195691302419,-0.0761545971036,-0.668695569038,-0.713268339634
-0.496896803379,-0.102076388896,1.37174999714,-0.19571198523,-0.0756984725595,-0.669461905956,-0.71259200573
-0.49678131938,-0.103307709098,1.37123966217,-0.195023626089,-0.0740578398108,-0.670032501221,-0.712416827679
-0.497138768435,-0.105169430375,1.37152302265,-0.194115623832,-0.075662843883,-0.670390963554,-0.712158858776
-0.496824979782,-0.105991512537,1.37122631073,-0.194738015532,-0.0722485855222,-0.670768022537,-0.711988568306
-0.497086435556,-0.107816755772,1.37139999866,-0.193467780948,-0.0736352577806,-0.671281456947,-0.711708724499
-0.496839612722,-0.109032340348,1.37145364285,-0.194795921445,-0.0720846801996,-0.672126054764,-0.710707306862
-0.496828258038,-0.110302597284,1.37136852741,-0.194316625595,-0.0711386054754,-0.673063158989,-0.710046827793
-0.496959000826,-0.111608192325,1.3714107275,-0.194340080023,-0.0707734823227,-0.673426985741,-0.709731698036
-0.496589720249,-0.112335003912,1.37096881866,-0.194156080484,-0.0677677616477,-0.674758315086,-0.708810508251
-0.496670782566,-0.113579504192,1.37098681927,-0.193932652473,-0.0673823282123,-0.675546526909,-0.708157300949
-0.497021257877,-0.115292623639,1.37122571468,-0.192957982421,-0.0686237066984,-0.676732480526,-0.707171440125
-0.497069001198,-0.116481691599,1.37121856213,-0.192933604121,-0.0679609775543,-0.677477180958,-0.706528604031
-0.497292548418,-0.117836609483,1.37116801739,-0.191131204367,-0.0686555057764,-0.677166759968,-0.707248628139
-0.497286319733,-0.119030274451,1.37117516994,-0.191309079528,-0.0679959580302,-0.676871299744,-0.707547008991
-0.497428297997,-0.120298162103,1.37127590179,-0.191652402282,-0.0675180926919,-0.677963137627,-0.706453502178
-0.497525125742,-0.121562063694,1.37125182152,-0.191374570131,-0.0671533718705,-0.678572595119,-0.70597833395
-0.497508049011,-0.122677959502,1.37122809887,-0.191159516573,-0.0667176321149,-0.679644048214,-0.705046713352
-0.497636377811,-0.123962417245,1.37126779556,-0.190952301025,-0.0665024146438,-0.680493175983,-0.704303741455
-0.497780352831,-0.12518979609,1.37128245831,-0.190647944808,-0.066114038229,-0.682009100914,-0.702955126762
-0.497870802879,-0.126353055239,1.3713093996,-0.190169662237,-0.0663038417697,-0.683164954185,-0.701943695545
-0.4975707829,-0.12712803483,1.37115609646,-0.190343290567,-0.0643265917897,-0.683155417442,-0.702089965343
-0.497726410627,-0.128377884626,1.37121641636,-0.18946583569,-0.0650760158896,-0.684285640717,-0.701156973839
-0.497935295105,-0.129699751735,1.37138319016,-0.1897277385,-0.0653921291232,-0.684909105301,-0.700447618961
-0.49802210927,-0.13080868125,1.3713966608,-0.189527899027,-0.0651037544012,-0.685812175274,-0.699644505978
-0.49807575345,-0.131947502494,1.37139105797,-0.189125090837,-0.065487883985,-0.68683129549,-0.698717355728
-0.498064100742,-0.132899999619,1.37139081955,-0.188103467226,-0.0652921870351,-0.688293278217,-0.69757181406
-0.498154312372,-0.133978679776,1.37146639824,-0.18819783628,-0.06520768255,-0.688673555851,-0.697178840637
-0.498068422079,-0.135015696287,1.3713606596,-0.18751232326,-0.0648337677121,-0.689856827259,-0.696227967739
-0.498080283403,-0.136001080275,1.37143063545,-0.187384366989,-0.0646637603641,-0.690053105354,-0.696083664894
-0.498331010342,-0.137118250132,1.37154889107,-0.187516912818,-0.0653406381607,-0.690547823906,-0.695493936539
-0.498106122017,-0.137879267335,1.37144780159,-0.187284424901,-0.0645324289799,-0.690676927567,-0.695503890514
-0.498365283012,-0.138917699456,1.37156367302,-0.187066495419,-0.0653404518962,-0.691480576992,-0.694687962532
-0.498264670372,-0.139870420098,1.37144494057,-0.186226576567,-0.0651857629418,-0.69256234169,-0.693850159645
-0.498354762793,-0.140788450837,1.37153184414,-0.185923546553,-0.0657865926623,-0.693157374859,-0.693280279636
-0.498432427645,-0.141743376851,1.37161207199,0.185363188386,0.0663276612759,0.694122493267,0.692412555218
-0.498600780964,-0.142590537667,1.37172591686,0.184873968363,0.0668281689286,0.694731295109,0.691884577274
-0.498542487621,-0.143487885594,1.37166881561,0.183825865388,0.0666311234236,0.695991575718,0.690915465355
-0.498469620943,-0.144266083837,1.37162292004,0.183005571365,0.0665389075875,0.696866869926,0.690259456635
-0.498543590307,-0.145103082061,1.37167513371,0.182445317507,0.0668941140175,0.697433233261,0.689801394939
-0.498536318541,-0.145681917667,1.3716211319,0.181090995669,0.0671148225665,0.698667943478,0.688886702061
-0.498631805182,-0.146629303694,1.3717007637,0.180652365088,0.0686542540789,0.699563264847,0.687940835953
-0.49866861105,-0.14743308723,1.37174248695,0.179539769888,0.0692365542054,0.700716018677,0.68699991703
-0.498561114073,-0.148135572672,1.37166619301,0.178625240922,0.0681493803859,0.700467169285,0.687600493431
-0.498469203711,-0.148817792535,1.37169528008,0.177624151111,0.0688731223345,0.701079905033,0.687163174152
-0.498338967562,-0.149357289076,1.371737957,0.176673978567,0.071356087923,0.702011525631,0.68620300293
-0.498289704323,-0.150114193559,1.37163305283,0.174362406135,0.0723593980074,0.704190075397,0.684454739094
-0.498100399971,-0.150766760111,1.37155878544,0.172445684671,0.0707866251469,0.705638408661,0.683612763882
-0.498228341341,-0.151444494724,1.37163758278,0.171309515834,0.0721131712198,0.706172823906,0.683207631111
-0.498447537422,-0.152117595077,1.37158429623,0.170163467526,0.0734053328633,0.706826865673,0.682679951191
-0.498317748308,-0.15260578692,1.37154185772,0.169557929039,0.0757575929165,0.706500649452,0.682911336422
-0.498192995787,-0.153181612492,1.37149882317,0.167165055871,0.0768073350191,0.710004329681,0.67974293232
-0.498199462891,-0.153555124998,1.37135910988,0.165119796991,0.0750364437699,0.709353268147,0.681119024754
-0.497969716787,-0.154044419527,1.3712515831,0.163900136948,0.0780743435025,0.710763156414,0.679600536823
-0.497672528028,-0.154414609075,1.37121105194,0.162728831172,0.0784009844065,0.710675895214,0.679935574532
-0.497655332088,-0.154858350754,1.37121355534,0.16052120924,0.0774489715695,0.713967502117,0.677115261555
-0.49759593606,-0.155151635408,1.37119960785,0.159534096718,0.0803682208061,0.713472366333,0.677530109882
-0.497755736113,-0.155736580491,1.37128984928,0.158230006695,0.082393951714,0.714959383011,0.676023423672
-0.497681647539,-0.156036049128,1.37125134468,0.15710747242,0.0833478793502,0.715986192226,0.675080835819
-0.497520655394,-0.156279742718,1.37129235268,0.155954137444,0.084258697927,0.718293726444,0.672780036926
-0.497815966606,-0.156541004777,1.3713452816,0.154851958156,0.0855072066188,0.717687666416,0.673523485661
-0.497608929873,-0.156601965427,1.37135577202,0.153509125113,0.0841514840722,0.718955278397,0.672649145126
-0.497660011053,-0.156762033701,1.37146389484,0.152805000544,0.0853096991777,0.719678103924,0.67189013958
-0.497639387846,-0.156889230013,1.37142527103,0.152304202318,0.0881066843867,0.720669567585,0.670578956604
-0.497633993626,-0.156937122345,1.37143349648,0.151777490973,0.0889343619347,0.72131729126,0.669892311096
-0.497669637203,-0.156980380416,1.37142372131,0.150890275836,0.0898781567812,0.722419321537,0.668778419495
-0.49752047658,-0.157067105174,1.3713991642,0.149889230728,0.0886741802096,0.723850011826,0.667616248131
-0.497461974621,-0.157088726759,1.37140369415,0.149245738983,0.0900150090456,0.724873304367,0.66646951437
-0.497371554375,-0.156970769167,1.371317029,0.149143591523,0.0925268605351,0.725643098354,0.665309727192
-0.497416645288,-0.156847298145,1.37130153179,0.149087071419,0.0933571755886,0.726437807083,0.66433852911
-0.497215867043,-0.156869515777,1.37125301361,0.148897618055,0.0926105156541,0.728005170822,0.662767827511
-0.497030496597,-0.156536370516,1.37122797966,0.150535330176,0.0941414162517,0.728078842163,0.662100851536
-0.497107803822,-0.156365975738,1.37124896049,0.150733649731,0.0951455309987,0.728371500969,0.661590397358
-0.497103571892,-0.156087636948,1.37121999264,0.150833591819,0.0955465435982,0.728763401508,0.661078035831
-0.497301995754,-0.155870854855,1.3711810112,0.150776773691,0.094731554389,0.729405581951,0.660499691963
-0.497320979834,-0.155677452683,1.37123560905,0.149893149734,0.0958546251059,0.730676114559,0.659133136272
-0.497262686491,-0.155168607831,1.37114036083,0.151243984699,0.0953949317336,0.730371892452,0.659228503704
-0.497058272362,-0.155170723796,1.37099993229,0.147657006979,0.0997074022889,0.732630491257,0.656893014908
-0.497028291225,-0.154592514038,1.37098670006,0.148370429873,0.0991789624095,0.732824444771,0.656595885754
-0.49703797698,-0.153894424438,1.37097907066,0.150915309787,0.0960637256503,0.73149907589,0.657955646515
-0.496973007917,-0.153449684381,1.37095451355,0.150902062654,0.0960324183106,0.731768548489,0.657663404942
-0.49685806036,-0.153006777167,1.3709346056,0.15073415637,0.0982476994395,0.73218691349,0.656908750534
-0.496810436249,-0.152557164431,1.3709679842,0.150616675615,0.0984978526831,0.732277572155,0.65679705143
-0.496650010347,-0.151893764734,1.37089323997,0.150756925344,0.0976657643914,0.732437193394,0.656711220741
-0.49661386013,-0.15133869648,1.37085855007,0.15019877255,0.0957343503833,0.732823193073,0.656692802906
-0.496635526419,-0.150794267654,1.37089180946,0.149570927024,0.0957137569785,0.733261704445,0.656349599361
-0.496547520161,-0.150344356894,1.37098884583,0.149122029543,0.098271869123,0.733649909496,0.655639469624
-0.496585339308,-0.149864971638,1.37104475498,0.148202866316,0.0987588763237,0.734187841415,0.655172288418
-0.496675878763,-0.149230420589,1.37104797363,0.147291585803,0.098816908896,0.733260571957,0.656406581402
-0.496330529451,-0.148675665259,1.37112545967,0.147315829992,0.0982799455523,0.733902573586,0.655763864517
-0.496316879988,-0.148080185056,1.37115216255,0.146514207125,0.0966952219605,0.734137296677,0.655916213989
-0.496445447206,-0.147565066814,1.37122571468,0.146077245474,0.0973023250699,0.73422151804,0.655829787254
-0.496354728937,-0.146898269653,1.37127292156,0.145706504583,0.0993497595191,0.734323322773,0.655491113663
-0.496341228485,-0.146244168282,1.37134993076,0.14492803812,0.0973066538572,0.734221279621,0.656084179878
-0.496085494757,-0.1454629004,1.37136340141,0.144117087126,0.098889157176,0.734552323818,0.655655503273
-0.496120274067,-0.144827067852,1.37140130997,0.143047243357,0.099475197494,0.734891891479,0.655420660973
-0.496025830507,-0.143998533487,1.37142753601,0.1434892416,0.0971429049969,0.734412431717,0.65621060133
-0.495921730995,-0.143256261945,1.3714479208,0.142605245113,0.0975366309285,0.734609544277,0.656124353409
-0.495873510838,-0.142468348145,1.37146663666,0.142112106085,0.0973012968898,0.734819948673,0.656030774117
-0.49596786499,-0.141830861568,1.37155795097,0.141043797135,0.100601449609,0.735087454319,0.655463576317
-0.49629381299,-0.141090080142,1.37159824371,0.142098739743,0.0992600470781,0.73437166214,0.656242072582
-0.496260076761,-0.140242442489,1.37162172794,0.141894608736,0.10149834305,0.734471917152,0.655831634998
-0.49610054493,-0.139353945851,1.37163233757,0.140691921115,0.0996525734663,0.734954297543,0.655833423138
-0.496139317751,-0.138481765985,1.37171757221,0.140119209886,0.0997582823038,0.734598338604,0.656338453293
-0.496277719736,-0.137741237879,1.37173855305,0.138944163918,0.100812956691,0.735034406185,0.655938863754
-0.496119379997,-0.136751160026,1.37175285816,0.139625877142,0.101609200239,0.734710693359,0.656033873558
-0.496237456799,-0.135847523808,1.37170803547,0.138932004571,0.100871533155,0.734221339226,0.656842470169
-0.496361494064,-0.135002568364,1.37177956104,0.137852668762,0.101705208421,0.734486162663,0.656645178795
-0.496279031038,-0.134011805058,1.37185013294,0.13849273324,0.101437970996,0.734229207039,0.656839251518
-0.496257156134,-0.133031859994,1.37178337574,0.137489318848,0.103662386537,0.734537541866,0.656357645988
-0.496392965317,-0.132110849023,1.37184214592,0.137119874358,0.104298070073,0.734422326088,0.656463205814
-0.496301293373,-0.130972936749,1.37180352211,0.137768045068,0.102147713304,0.734178304672,0.656938433647
-0.496299117804,-0.129893019795,1.37176418304,0.137421175838,0.101997755468,0.733967423439,0.657269954681
-0.496350467205,-0.128890603781,1.37186646461,0.137397006154,0.104156672955,0.733762741089,0.657165110111
-0.496331334114,-0.127833425999,1.37186551094,0.13716982305,0.10431920737,0.733398675919,0.657592952251
-0.496411949396,-0.126649945974,1.37187862396,0.136790409684,0.102684982121,0.733449041843,0.657872974873
-0.496611773968,-0.125680521131,1.37194049358,0.135527536273,0.103584304452,0.733499526978,0.657936930656
-0.49659883976,-0.124496467412,1.37193477154,0.13658580184,0.105121001601,0.733083546162,0.65793800354
-0.496827542782,-0.123523294926,1.37219297886,0.13639524579,0.105568647385,0.732867956161,0.65814602375
-0.496939867735,-0.122465781868,1.37222206593,0.135231494904,0.107388526201,0.732900977135,0.658054947853
-0.496829420328,-0.121145993471,1.37223112583,0.134697511792,0.104782685637,0.732595205307,0.65892457962
-0.496680855751,-0.119995072484,1.37229478359,0.135283499956,0.105800352991,0.732229888439,0.659047961235
-0.496723175049,-0.118776082993,1.3723154068,0.13493154943,0.105920359492,0.732193171978,0.659141540527
-0.496911615133,-0.117602363229,1.37233793736,0.134859621525,0.105549030006,0.731954097748,0.659481287003
-0.496698439121,-0.11620375514,1.37230014801,0.134425938129,0.104760617018,0.731642961502,0.660040557384
-0.496850937605,-0.115070171654,1.37235617638,0.133555710316,0.106883056462,0.731372892857,0.660176277161
-0.496877968311,-0.113756559789,1.37238299847,0.134081676602,0.106763966382,0.730859935284,0.660656750202
-0.497097551823,-0.112588606775,1.37247693539,0.134220615029,0.106549695134,0.730523526669,0.661035120487
-0.49702629447,-0.111204490066,1.37250113487,0.133481621742,0.106560729444,0.73024970293,0.661485254765
-0.496927201748,-0.109736651182,1.37238037586,0.133025452495,0.106138147414,0.730116128922,0.661792635918
-0.496935158968,-0.108411327004,1.37249577045,0.134059622884,0.108052045107,0.729608595371,0.661833882332
-0.497030138969,-0.107092514634,1.37240374088,0.132504090667,0.106737419963,0.72972369194,0.66223359108
-0.497057050467,-0.105615086854,1.37239634991,0.132565975189,0.10672814399,0.729351460934,0.662632703781
-0.497112095356,-0.104251436889,1.37247788906,0.132480800152,0.106827266514,0.728842198849,0.663193523884
-0.497117251158,-0.102716132998,1.37237358093,0.1323633641,0.106878817081,0.728602349758,0.663472414017
-0.49714961648,-0.101235993207,1.37234592438,0.132484018803,0.106415256858,0.727843463421,0.664355039597
-0.497059673071,-0.0997252091765,1.37234008312,0.132452145219,0.108450323343,0.727520465851,0.664386093616
-0.497172921896,-0.0985052883625,1.37251842022,0.13208027184,0.109797149897,0.72718667984,0.664604485035
-0.497216045856,-0.096907325089,1.3724039793,0.132462859154,0.107050925493,0.726740837097,0.665463447571
-0.497261106968,-0.0955156609416,1.37249028683,0.131971597672,0.11008579284,0.726235032082,0.665618121624
-0.49750956893,-0.094103358686,1.37252354622,0.132539734244,0.109498724341,0.725328743458,0.666589438915
-0.497311681509,-0.0923735275865,1.37245988846,0.132024601102,0.107549659908,0.725364744663,0.666969776154
-0.497381567955,-0.0909432470798,1.37237977982,0.131252929568,0.10833350569,0.725289046764,0.667077541351
-0.497309505939,-0.0893231257796,1.37236738205,0.132093399763,0.108715839684,0.724466204643,0.667743265629
-0.497405648232,-0.087898761034,1.37235867977,0.130337327719,0.108527302742,0.724703073502,0.667861819267
-0.497267752886,-0.0861718207598,1.37221896648,0.130671024323,0.107610143721,0.723837077618,0.668883502483
-0.497231543064,-0.0845433101058,1.37215173244,0.13045501709,0.107244119048,0.723765730858,0.669061481953
-0.497287184,-0.0829226076603,1.37215816975,0.130677044392,0.10726569593,0.723393559456,0.669417142868
-0.497210383415,-0.0812965705991,1.3720678091,0.130128741264,0.107479780912,0.723248064518,0.669646859169
-0.497179716825,-0.0796850174665,1.37205517292,0.129743859172,0.107425890863,0.723202347755,0.669779598713
-0.497101813555,-0.0779508501291,1.37198138237,0.129824414849,0.107200987637,0.722755968571,0.670281589031
-0.497454762459,-0.0764984861016,1.37203216553,0.128345146775,0.108567021787,0.722824692726,0.67027258873
-0.49747183919,-0.0747942477465,1.37205731869,0.128702104092,0.108261719346,0.721867799759,0.671283841133
-0.497440367937,-0.0730579122901,1.37200093269,0.128304600716,0.107992395759,0.72166377306,0.671622693539
-0.497411429882,-0.0714166611433,1.37200784683,0.127523288131,0.108700431883,0.721982717514,0.671314477921
-0.497440069914,-0.0696631595492,1.37199509144,0.128193289042,0.108018107712,0.721343517303,0.671983718872
-0.497540652752,-0.0681851282716,1.37202167511,0.1264128685,0.109354540706,0.720605969429,0.672895610332
-0.497671425343,-0.0664649680257,1.37198781967,0.126178115606,0.109405070543,0.720364034176,0.673190414906
-0.497485876083,-0.064679004252,1.37199985981,0.125907823443,0.109292641282,0.719889104366,0.673767030239
-0.497418582439,-0.0629082545638,1.37184107304,0.125100597739,0.109818734229,0.720121085644,0.673583865166
-0.497379362583,-0.0610112063587,1.37177407742,0.125233337283,0.108373098075,0.719428122044,0.674533426762
-0.497311383486,-0.0592388100922,1.37166917324,0.124631933868,0.108050361276,0.719272077084,0.674862802029
-0.497340142727,-0.0575422607362,1.37168741226,0.124708577991,0.108324684203,0.718734681606,0.675376951694
-0.497220158577,-0.0556583069265,1.37161099911,0.124938517809,0.108016550541,0.717865288258,0.676307857037
-0.497650623322,-0.0540522262454,1.37162864208,0.124136850238,0.109560705721,0.717400789261,0.676699876785
-0.497341781855,-0.0522291511297,1.37154889107,0.124014087021,0.108704209328,0.717503488064,0.676751673222
-0.497224807739,-0.0504559576511,1.37151277065,0.123692624271,0.108980290592,0.717026114464,0.677271902561
-0.497232884169,-0.048658721149,1.37142550945,0.123234920204,0.109032854438,0.716332018375,0.6780808568
-0.49717476964,-0.046872459352,1.37137830257,0.123291611671,0.10922024399,0.716343700886,0.678027927876
-0.497048020363,-0.0449734702706,1.37119150162,0.123052254319,0.108681090176,0.715916275978,0.678609311581
-0.496989160776,-0.0431997552514,1.37118935585,0.12254088372,0.108941532671,0.715216875076,0.679396867752
-0.496817588806,-0.0413561239839,1.37110495567,0.123123370111,0.108742631972,0.714499652386,0.680077850819
-0.49692606926,-0.0396877154708,1.37108683586,0.12267588824,0.109346263111,0.713039636612,0.681592643261
-0.49695545435,-0.0380264297128,1.37109780312,0.122368477285,0.110443048179,0.714122712612,0.68033605814
-0.496593296528,-0.0361225530505,1.37090682983,0.121484689415,0.110199525952,0.714424967766,0.680216550827
-0.496690750122,-0.0343766957521,1.37092137337,0.122293710709,0.110038727522,0.712220132351,0.682406187057
-0.496545255184,-0.0326119922101,1.37091529369,0.121888831258,0.11175596714,0.713386654854,0.680979609489
-0.496426463127,-0.0307750217617,1.37083601952,0.122054979205,0.110616058111,0.712990880013,0.681550145149
-0.496144622564,-0.0288868937641,1.37061679363,0.121740080416,0.111401237547,0.712456047535,0.682037889957
-0.496137082577,-0.027360836044,1.37064111233,0.121001571417,0.111667715013,0.712315618992,0.682272255421
-0.496146202087,-0.0256125163287,1.37059020996,0.121624007821,0.111570581794,0.711638569832,0.682883739471
-0.495722949505,-0.0236497186124,1.37040686607,0.121441923082,0.112043999135,0.711622536182,0.682855427265
-0.495590120554,-0.0219532772899,1.37034952641,0.121157713234,0.111689545214,0.711598336697,0.682989180088
-0.495480120182,-0.0203305482864,1.37039399147,0.121170662344,0.113457940519,0.710988283157,0.683330476284
-0.495260357857,-0.0186408180743,1.37028586864,0.12062715739,0.113039210439,0.711087405682,0.683393120766
-0.495118528605,-0.0168412588537,1.37027812004,0.120985329151,0.113150261343,0.710810124874,0.683599770069
-0.494884580374,-0.0151134356856,1.37009847164,0.120493799448,0.114498145878,0.71051710844,0.683766841888
-0.494675219059,-0.0134303430095,1.3699580431,0.119951620698,0.113753214478,0.710368156433,0.684141159058
-0.494660794735,-0.0117724258453,1.36995148659,0.122165031731,0.109964713454,0.707830071449,0.686993539333
-0.49455305934,-0.0101091582328,1.36994206905,0.120577611029,0.113345727324,0.708625972271,0.685903012753
-0.494122952223,-0.00833016447723,1.36982166767,0.119692787528,0.113725617528,0.70895075798,0.685659587383
-0.494025349617,-0.00668353121728,1.36983501911,0.119925104082,0.113932728767,0.708540737629,0.68600833416
-0.493748903275,-0.00518651632592,1.36972332001,0.118616700172,0.115108303726,0.709730505943,0.684808552265
-0.493542104959,-0.00313770957291,1.36959171295,0.120238527656,0.113567724824,0.707914412022,0.68666023016
-0.493275105953,-0.00146314501762,1.36942994595,0.11967972666,0.113523699343,0.707525849342,0.687165558338
-0.493060082197,0.00013215886429,1.36943650246,0.119396500289,0.114285841584,0.707177400589,0.687447011471
-0.492764204741,0.00188451353461,1.36935484409,0.119562737644,0.113948851824,0.707158088684,0.687493801117
-0.492527425289,0.00346690299921,1.36932837963,0.118906982243,0.114273019135,0.706862390041,0.687858045101
-0.49233853817,0.00516916997731,1.36922347546,0.119063764811,0.114350423217,0.706342756748,0.688351511955
-0.491985619068,0.00701351789758,1.36908626556,0.118980243802,0.113979771733,0.706599414349,0.688163876534
-0.491888433695,0.00843193009496,1.3691174984,0.119096770883,0.114253006876,0.705521523952,0.689203679562
-0.491688430309,0.0102205164731,1.36898207664,0.119174823165,0.114137135446,0.704629957676,0.690120816231
-0.491293400526,0.0119829140604,1.3688198328,0.118976034224,0.114183679223,0.704922735691,0.689848482609
-0.491076081991,0.0134740555659,1.36884260178,0.119041271508,0.114566668868,0.704632639885,0.690069913864
-0.490878939629,0.0150139797479,1.36875092983,0.118670545518,0.115241065621,0.70442378521,0.690234780312
-0.490610539913,0.0167796667665,1.36866545677,0.119370803237,0.114788159728,0.702445805073,0.692202568054
-0.490409910679,0.0182135868818,1.36864411831,0.119120679796,0.116037607193,0.704023063183,0.690432667732
-0.490106940269,0.019900444895,1.36845231056,0.119236439466,0.115997850895,0.703334629536,0.691120564938
-0.489981144667,0.0214824527502,1.36837923527,0.121490716934,0.112956769764,0.701306581497,0.693289220333
-0.489676624537,0.0230963211507,1.36831510067,0.12000888586,0.116735108197,0.700855255127,0.693377673626
-0.489345014095,0.0247159264982,1.36813724041,0.119920514524,0.117489539087,0.702039003372,0.692066907883
-0.489079892635,0.0262835100293,1.36811280251,0.120251365006,0.117959082127,0.701852142811,0.692119061947
-0.488887101412,0.0275583714247,1.36809003353,0.119168393314,0.120174922049,0.702729701996,0.691033959389
-0.48868393898,0.0293111708015,1.3680126667,0.120922282338,0.119434915483,0.700607597828,0.693009614944
-0.488369822502,0.0309111829847,1.36784124374,0.122132122517,0.119020089507,0.700497925282,0.692979574203
-0.488091439009,0.0322617404163,1.36770749092,0.120352342725,0.122184202075,0.701649308205,0.691574037075
-0.487837821245,0.0337403863668,1.36761546135,0.120974332094,0.12196765095,0.700552105904,0.69261521101
-0.487561792135,0.0353201366961,1.36742150784,0.121036969125,0.123439840972,0.700179755688,0.692719995975
-0.487314283848,0.0367089882493,1.36742055416,0.121503978968,0.124041303992,0.699904859066,0.692808687687
-0.487066984177,0.0380756892264,1.36732745171,0.121865741909,0.124338947237,0.699450135231,0.693150877953
-0.486726999283,0.0399855449796,1.3671541214,0.124253951013,0.123549491167,0.6965482831,0.695785284042
-0.486464232206,0.0414997860789,1.366928339,-0.125593990088,-0.120782926679,-0.695131182671,-0.697445809841
-0.486046612263,0.0429583862424,1.36678254604,0.123825967312,0.124680407345,0.696274220943,0.695933997631
-0.485840529203,0.0443406030536,1.36663198471,-0.123755291104,-0.126342758536,-0.695797860622,-0.696123242378
-0.485530674458,0.0457260012627,1.36654782295,-0.124842196703,-0.125953599811,-0.695203661919,-0.696593165398
-0.485197037458,0.0472347997129,1.36640012264,-0.126050829887,-0.126371651888,-0.693656265736,-0.697841227055
-0.485040664673,0.0484783127904,1.36629962921,-0.124648630619,-0.128218382597,-0.693705737591,-0.697707116604
-0.484745591879,0.0500437021255,1.36611032486,-0.12671636045,-0.124592736363,-0.691804468632,-0.699875891209
-0.484559744596,0.0511446371675,1.36615943909,-0.124706946313,-0.129592955112,-0.69295579195,-0.698187708855
-0.484090656042,0.0525210089982,1.36592543125,-0.123444788158,-0.130798965693,-0.693721652031,-0.697426199913
