x,y,z,q0,q1,q2,q3
0.671041965485,0.190567970276,1.35121309757,0.379395842552,0.347990214825,0.665262758732,-0.540728330612
0.670918762684,0.191255763173,1.35084414482,0.380231738091,0.349383831024,0.664517045021,-0.540159344673
0.670677542686,0.192024350166,1.35035967827,0.381357520819,0.350992321968,0.663731873035,-0.53928732872
0.670756340027,0.19250112772,1.35040438175,0.382690280676,0.352052658796,0.662626624107,-0.539011240005
0.670402824879,0.192990839481,1.34956860542,0.382709205151,0.353957384825,0.661762356758,-0.538812100887
0.669324696064,0.193948537111,1.348736763,0.382320344448,0.357204794884,0.661206543446,-0.537626326084
0.669098258018,0.194178104401,1.3484865427,0.382992565632,0.358354777098,0.660010397434,-0.537852168083
0.668949961662,0.194895610213,1.34814214706,0.383950710297,0.359958618879,0.659274458885,-0.537000000477
0.66876155138,0.195574119687,1.3477550745,0.384523153305,0.36223039031,0.657785773277,-0.536888420582
0.668724834919,0.196221798658,1.34720098972,0.384889572859,0.363840907812,0.656421542168,-0.537206113338
0.668508529663,0.196666777134,1.34693205357,0.386212974787,0.364699810743,0.655112087727,-0.537272572517
0.667950510979,0.196860358119,1.34658157825,0.385865211487,0.364469856024,0.656339406967,-0.536179542542
0.66830945015,0.197520196438,1.34637355804,0.38651907444,0.366285145283,0.654052436352,-0.537264883518
0.667507171631,0.198005661368,1.34591782093,0.386347562075,0.36753064394,0.653849720955,-0.536784291267
0.667813003063,0.198548525572,1.34595227242,0.387883752584,0.36812543869,0.651825964451,-0.537729382515
0.667667925358,0.199403315783,1.34568119049,0.388759374619,0.369666844606,0.649863839149,-0.538414180279
0.66685116291,0.199746727943,1.3452193737,0.387170881033,0.372094511986,0.648898422718,-0.539050400257
0.667124867439,0.200346648693,1.34513306618,0.388524830341,0.372515976429,0.647241473198,-0.539776623249
0.666770339012,0.200667500496,1.34494900703,0.388666391373,0.37188538909,0.647852241993,-0.539376854897
0.666507840157,0.20111694932,1.34480655193,0.388080060482,0.373418033123,0.646475851536,-0.540390610695
0.666353285313,0.201322093606,1.34451758862,0.387714356184,0.373792827129,0.645740151405,-0.541272878647
0.66610121727,0.201834008098,1.34441280365,0.387801826,0.374610930681,0.644567549229,-0.54204171896
0.665619015694,0.202061593533,1.34418749809,0.387453019619,0.374766498804,0.644269585609,-0.542537391186
0.665553569794,0.202692389488,1.34402787685,0.387450903654,0.375381350517,0.643165647984,-0.543423116207
0.665241658688,0.202514439821,1.34391474724,0.386950671673,0.375213980675,0.642735898495,-0.544402778149
0.665131211281,0.203356027603,1.34371852875,0.38695448637,0.376124590635,0.641210079193,-0.545569419861
0.664851844311,0.203401446342,1.34367823601,0.386920660734,0.375767827034,0.640924215317,-0.546175122261
0.664703726768,0.204120486975,1.34348785877,0.387118369341,0.376125216484,0.64002352953,-0.546844780445
0.664615094662,0.204504057765,1.34329330921,0.387180447578,0.376204907894,0.63939499855,-0.547480940819
0.664434313774,0.204737022519,1.34325897694,0.386907994747,0.376535356045,0.638850390911,-0.548081755638
0.664317667484,0.205392748117,1.34310925007,0.387203246355,0.376865267754,0.638242661953,-0.548354387283
0.664029896259,0.205672085285,1.3430109024,0.387064725161,0.376864165068,0.638123273849,-0.548591852188
0.663799405098,0.205949112773,1.34294950962,0.387150198221,0.377160668373,0.637778460979,-0.548728883266
0.663646936417,0.206497520208,1.34280192852,0.386867284775,0.378585547209,0.636717379093,-0.549179375172
0.663460671902,0.207025781274,1.34286773205,0.388069421053,0.377965420485,0.636973679066,-0.548460483551
0.663204789162,0.207411050797,1.34278523922,0.388180166483,0.378490507603,0.636482894421,-0.548589706421
0.663033664227,0.208114877343,1.34262835979,0.388034820557,0.379777729511,0.635665714741,-0.548750221729
0.662721037865,0.20827421546,1.34260821342,0.388791739941,0.37900018692,0.635842144489,-0.54854798317
0.662442564964,0.208789393306,1.34252476692,0.389317631721,0.37959036231,0.635288834572,-0.548407793045
0.662304580212,0.208957955241,1.34272110462,0.39011991024,0.379539161921,0.634789228439,-0.548451781273
0.661656498909,0.209142565727,1.3423409462,0.389852523804,0.380041867495,0.634710133076,-0.54838514328
0.661540687084,0.209710761905,1.34225594997,0.390602827072,0.380585700274,0.633930683136,-0.548375606537
0.661093592644,0.209995150566,1.34208464622,0.391086429358,0.380758076906,0.633615016937,-0.548276007175
0.660817921162,0.210136577487,1.34204018116,0.391361564398,0.381130516529,0.632793664932,-0.54876947403
0.660413384438,0.210390090942,1.34193706512,0.391666412354,0.381293535233,0.632497906685,-0.548779726028
0.660043716431,0.210881486535,1.34173095226,0.392206043005,0.3817730546,0.632010519505,-0.548622369766
0.659737408161,0.211123466492,1.34160375595,0.392364561558,0.382437080145,0.63109010458,-0.549105942249
0.659524619579,0.211785793304,1.34164965153,0.393396168947,0.382819384336,0.630472660065,-0.548810601234
0.659141242504,0.212147951126,1.34138214588,0.392679661512,0.384251654148,0.630322575569,-0.54849511385
0.65850764513,0.212364643812,1.34127032757,0.393429368734,0.384061783552,0.630243659019,-0.548181295395
0.657951772213,0.212452039123,1.341152668,0.393584281206,0.384309619665,0.630111455917,-0.548048496246
0.657417595387,0.212973594666,1.3409473896,0.393755763769,0.385233968496,0.629785776138,-0.547650456429
0.656964421272,0.213302671909,1.3408023119,0.394041568041,0.385917544365,0.629095077515,-0.547757804394
0.656411767006,0.213673040271,1.34060800076,0.3941372931,0.386675000191,0.628673434258,-0.547638714314
0.655678629875,0.213833987713,1.34047985077,0.394768685102,0.386315435171,0.629449367523,-0.546545445919
0.655206203461,0.214275598526,1.34036612511,0.394400924444,0.387872815132,0.627533972263,-0.547908365726
0.654704153538,0.214584693313,1.3402402401,0.394870728254,0.388541072607,0.627551972866,-0.54707545042
0.654142320156,0.214856415987,1.34009933472,0.395072281361,0.388973921537,0.6273047328,-0.546905934811
0.653552889824,0.215163692832,1.3398733139,0.39512643218,0.389492094517,0.627142250538,-0.546684205532
0.653131186962,0.215780079365,1.33942914009,0.395065248013,0.390438616276,0.625999689102,-0.547362267971
0.652271509171,0.215879037976,1.33895933628,0.394411683083,0.391088873148,0.626237750053,-0.54709726572
0.651636004448,0.216184288263,1.33878564835,0.395378857851,0.390738427639,0.626644611359,-0.546182870865
0.651100516319,0.216567099094,1.33862543106,0.395272225142,0.39145475626,0.626157462597,-0.546305775642
0.650692284107,0.21705698967,1.33849596977,0.394932240248,0.392951905727,0.625721096992,-0.545976579189
0.65011715889,0.217351168394,1.33834767342,0.395159095526,0.393478393555,0.624973475933,-0.546289503574
0.649549007416,0.217647075653,1.33815896511,0.394976258278,0.394055664539,0.624677181244,-0.546344637871
0.648859620094,0.217973694205,1.33813047409,0.394785523415,0.394739836454,0.624504983425,-0.546185314655
0.648261427879,0.218319833279,1.33797633648,0.395196288824,0.394504189491,0.624963104725,-0.54553425312
0.647784650326,0.218868672848,1.33783888817,0.395127236843,0.395127058029,0.624886989594,-0.545220434666
0.647247076035,0.218973577023,1.33773136139,0.394833534956,0.395328164101,0.624777257442,-0.545413255692
0.646577000618,0.219160482287,1.33760619164,0.394480407238,0.396682500839,0.624381661415,-0.545138299465
0.64605486393,0.219464719296,1.33745288849,0.394590228796,0.39714923501,0.624397754669,-0.544700324535
0.645488619804,0.219668760896,1.33732104301,0.394241958857,0.397308677435,0.625348210335,-0.543745100498
0.645101070404,0.220294415951,1.33719849586,0.394698530436,0.398164659739,0.625120460987,-0.543049156666
0.644581377506,0.220356523991,1.33710479736,0.395246058702,0.398239463568,0.62515103817,-0.542560756207
0.644121706486,0.220867857337,1.3370269537,0.395811200142,0.398777812719,0.625493049622,-0.541357815266
0.643887639046,0.221120417118,1.33736467361,0.39622181654,0.39879950881,0.625784337521,-0.54070430994
0.643199086189,0.221823960543,1.33685481548,0.396025240421,0.400148183107,0.626045405865,-0.539548695087
0.642966449261,0.222018823028,1.33716011047,0.398107498884,0.400433570147,0.626029551029,-0.537820100784
0.642504930496,0.222244679928,1.33703792095,0.398470640182,0.400554507971,0.626611411572,-0.536782503128
0.642102241516,0.222870200872,1.33706223965,0.398533731699,0.401291906834,0.627319812775,-0.535355627537
0.641758739948,0.223218396306,1.33706283569,0.400541990995,0.400947749615,0.626111447811,-0.535529315472
0.641236901283,0.223431110382,1.33706498146,0.400874495506,0.40107986331,0.626635909081,-0.534567177296
0.640571773052,0.223778635263,1.33673596382,0.400754779577,0.401765823364,0.627116918564,-0.533576965332
0.640442609787,0.224241882563,1.33720481396,0.402864962816,0.401947259903,0.626945853233,-0.532050073147
0.639940857887,0.224623799324,1.33700251579,0.401300817728,0.402598053217,0.62899774313,-0.530315279961
0.639681577682,0.224344417453,1.33754861355,0.402839928865,0.401295959949,0.629272401333,-0.529809355736
0.639382660389,0.225091472268,1.33765411377,0.404479473829,0.401365816593,0.629095375538,-0.528716504574
0.638912022114,0.225437372923,1.33744227886,0.404697597027,0.401877760887,0.628982841969,-0.528294205666
0.638767838478,0.225461259484,1.33810949326,0.406221479177,0.400820851326,0.628889381886,-0.528038799763
0.638561487198,0.225579231977,1.3383859396,0.40678820014,0.400456219912,0.628271341324,-0.528614342213
0.638184070587,0.226114198565,1.33828938007,0.407320350409,0.400879055262,0.627661824226,-0.528608381748
0.637837767601,0.226061865687,1.33845126629,0.408071935177,0.399622857571,0.627681434155,-0.52895629406
0.637468159199,0.226229041815,1.338717103,0.408149540424,0.399296343327,0.627016961575,-0.529930353165
0.637268722057,0.226341873407,1.33936417103,0.407888025045,0.397487938404,0.627398431301,-0.53103864193
0.637024581432,0.22642493248,1.33950126171,0.409704178572,0.398081749678,0.6253926754,-0.531561374664
0.636740028858,0.226562470198,1.33939194679,0.409210413694,0.397950708866,0.624554216862,-0.533023715019
0.636566519737,0.226639196277,1.33946406841,0.407698005438,0.396461009979,0.625298857689,-0.534417867661
0.636381983757,0.226885452867,1.33947408199,0.409584641457,0.396755576134,0.623822212219,-0.534482240677
0.636241912842,0.227003112435,1.3394908905,0.408008426428,0.395081162453,0.624745607376,-0.535847902298
0.636151313782,0.22680978477,1.33956813812,0.409096211195,0.395021915436,0.623263299465,-0.536787569523
0.636058688164,0.226806342602,1.33959257603,0.409006893635,0.394372701645,0.622786462307,-0.537885427475
0.636038184166,0.226860538125,1.3395730257,0.407391935587,0.392815589905,0.623371124268,-0.539570510387
0.635991632938,0.22672444582,1.3394780159,0.409205436707,0.39196896553,0.622712373734,-0.539574563503
0.636118173599,0.226939097047,1.3394382,0.408682703972,0.392251193523,0.621558070183,-0.54109442234
0.636135458946,0.226949453354,1.33932507038,0.407072097063,0.390623778105,0.622342228889,-0.542582392693
0.636213541031,0.2268165797,1.33923232555,0.408627390862,0.39058843255,0.621052265167,-0.542916715145
0.636260569096,0.227053239942,1.33908236027,0.408890604973,0.390022784472,0.620913922787,-0.54328340292
0.636402845383,0.227106884122,1.33901798725,0.40836584568,0.389475852251,0.61877989769,-0.546495437622
0.636516988277,0.227164715528,1.33892214298,0.408520936966,0.388927489519,0.618469357491,-0.547121584415
0.636637091637,0.227231562138,1.33882272243,0.40895318985,0.388513147831,0.619600713253,-0.545811235905
0.636753320694,0.227286279202,1.33872139454,0.409218579531,0.38806283474,0.619132041931,-0.546464323997
0.637169420719,0.227255091071,1.33882081509,0.409939080477,0.38708075881,0.618783175945,-0.547015547752
0.637071251869,0.22735619545,1.33844959736,0.409529775381,0.386963844299,0.618695020676,-0.54750418663
0.637261867523,0.227354422212,1.33836150169,0.40993693471,0.386318176985,0.618339836597,-0.548056542873
0.637419819832,0.22727638483,1.33824598789,0.410276561975,0.385595887899,0.618287682533,-0.548369824886
0.637635111809,0.227309450507,1.33813583851,0.410671025515,0.385077297688,0.617879927158,-0.548898160458
0.638009190559,0.227391496301,1.33830714226,0.411593824625,0.384490996599,0.617283642292,-0.549288630486
0.638203203678,0.227315336466,1.33820188046,0.412112504244,0.38373157382,0.617079615593,-0.549659967422
0.638413608074,0.227350234985,1.33805251122,0.412589162588,0.383306413889,0.616591691971,-0.550146579742
0.638777375221,0.22782805562,1.33789169788,0.412841200829,0.384152203798,0.615133106709,-0.550999641418
0.638918757439,0.227680504322,1.33780515194,0.413124263287,0.383470267057,0.614555835724,-0.551905751228
0.638994812965,0.227569565177,1.33771038055,0.413468331099,0.383052289486,0.61414784193,-0.552392601967
0.639223098755,0.22775106132,1.33760607243,0.414110422134,0.38279736042,0.613561809063,-0.552739262581
0.639373064041,0.227973356843,1.33749175072,0.413431882858,0.3814445436,0.614030301571,-0.553661465645
0.639276981354,0.227747693658,1.33742177486,0.413845360279,0.380245000124,0.614388048649,-0.553780734539
0.639291167259,0.227860718966,1.33704388142,0.414883464575,0.381490468979,0.613048613071,-0.553631722927
0.639535665512,0.227958068252,1.33720695972,0.415635436773,0.381038159132,0.612533450127,-0.553949415684
0.639706730843,0.228209555149,1.33704781532,0.415804773569,0.381699562073,0.611410081387,-0.55460780859
0.639761805534,0.228294819593,1.33698368073,0.416041761637,0.381580621004,0.611247122288,-0.554691374302
0.639869689941,0.228539317846,1.33691096306,0.416424900293,0.381622493267,0.610993027687,-0.554654896259
0.639781177044,0.228484839201,1.33677339554,0.414938300848,0.380237787962,0.613250374794,-0.554228782654
0.639872431755,0.228659436107,1.33671176434,0.415184617043,0.380478560925,0.613315403461,-0.553806900978
0.639897286892,0.228764593601,1.33661174774,0.415504187346,0.380368262529,0.613924384117,-0.552967727184
0.639846861362,0.228505298495,1.33667647839,0.416447728872,0.379533678293,0.613599061966,-0.553192436695
0.639844536781,0.2288813591,1.33643174171,0.417192190886,0.379911392927,0.613265633583,-0.552741646767
0.639840483665,0.228876531124,1.33634757996,0.419376045465,0.381299078465,0.611031115055,-0.552608251572
0.639662861824,0.229070991278,1.33597099781,0.418312102556,0.381082981825,0.612488150597,-0.551950156689
0.639615833759,0.22919023037,1.33577883244,0.419490158558,0.380550205708,0.612884521484,-0.550982892513
0.639726281166,0.229196935892,1.33596432209,0.421179056168,0.380632221699,0.612408041954,-0.550166845322
0.63949161768,0.229385703802,1.33566367626,0.422978430986,0.382211595774,0.610613584518,-0.549686253071
0.639465093613,0.229504346848,1.33559751511,0.42382106185,0.38235065341,0.610538363457,-0.549023270607
0.639553129673,0.229779154062,1.33574461937,0.424944251776,0.382179021835,0.608854711056,-0.550143122673
0.639539361,0.229905053973,1.33571636677,0.426059454679,0.382642418146,0.610462069511,-0.547169148922
0.639433562756,0.229812115431,1.33579277992,0.424792557955,0.381874978542,0.612155199051,-0.546798884869
0.639439702034,0.229999765754,1.33578038216,0.425249427557,0.382057100534,0.6120403409,-0.546444892883
0.639354288578,0.230268478394,1.3357681036,0.425796061754,0.382169932127,0.611997485161,-0.545988202095
0.639211475849,0.230477511883,1.33560883999,0.425115287304,0.38349634409,0.611280083656,-0.546392202377
0.639222979546,0.230818837881,1.33563816547,0.425458222628,0.383801370859,0.61092787981,-0.546304941177
0.639026761055,0.230728775263,1.33568203449,0.425460845232,0.38358694315,0.611093759537,-0.546267986298
0.638956308365,0.230822771788,1.3357681036,0.425841242075,0.383584916592,0.610522568226,-0.546611726284
0.638733208179,0.230842545629,1.33583927155,0.425711303949,0.383545130491,0.610497713089,-0.54676836729
0.638531684875,0.230827182531,1.33607757092,0.425410062075,0.383695602417,0.610249698162,-0.547173976898
0.638321518898,0.230726271868,1.33623433113,0.424741864204,0.383196473122,0.61053353548,-0.547725856304
0.638226032257,0.230947136879,1.33633327484,0.42609962821,0.384108036757,0.608210623264,-0.54861664772
0.638083219528,0.230998247862,1.33647847176,0.425911217928,0.383925974369,0.608116209507,-0.548994839191
0.637911379337,0.231041446328,1.33661687374,0.425628095865,0.383761286736,0.608164966106,-0.549275398254
0.637802958488,0.231077477336,1.33676600456,0.425398975611,0.383557856083,0.608130931854,-0.549632430077
0.637642085552,0.231194987893,1.33691644669,0.425359070301,0.383157640696,0.608351409435,-0.549698591232
0.637071371078,0.231148868799,1.33701372147,0.42244002223,0.382584899664,0.61007219553,-0.550440788269
0.637370288372,0.23104429245,1.33730053902,0.424355983734,0.382529109716,0.608264625072,-0.551006019115
0.637192547321,0.231129124761,1.33745038509,0.424134045839,0.382354199886,0.608448982239,-0.551095068455
0.637075781822,0.231086701155,1.33758246899,0.423789680004,0.382041335106,0.608698129654,-0.55130136013
0.63698720932,0.231085240841,1.33772552013,0.423608064651,0.381762504578,0.608893036842,-0.551418960094
0.636862695217,0.231055930257,1.33787894249,0.423304855824,0.381477624178,0.609167039394,-0.551546275616
0.63659620285,0.23062479496,1.33808982372,0.422933071852,0.380624622107,0.609966933727,-0.5515370965
0.636493444443,0.230584472418,1.33821761608,0.420877069235,0.379392266273,0.61202788353,-0.55167555809
0.636311292648,0.230561837554,1.33828043938,0.420495092869,0.379431337118,0.61233496666,-0.55159920454
0.636260688305,0.230650857091,1.3383243084,0.4208586514,0.378818124533,0.612879931927,-0.551138043404
0.636161506176,0.230552703142,1.3384039402,0.420674979687,0.378608554602,0.6132594347,-0.551000058651
0.636075615883,0.230580791831,1.33846569061,0.420572429895,0.378592193127,0.613493978977,-0.550828695297
0.635537028313,0.230741888285,1.33826637268,0.419232726097,0.380054205656,0.613526701927,-0.550806641579
0.635447442532,0.230811819434,1.33831083775,0.419031053782,0.380149066448,0.613806903362,-0.550582230091
0.635277450085,0.230419546366,1.33840405941,0.421141952276,0.381734013557,0.612280547619,-0.549573659897
0.635107576847,0.230311661959,1.33839607239,0.418540805578,0.37921911478,0.615139007568,-0.550109684467
0.635022640228,0.230178207159,1.33842778206,0.418277025223,0.378993690014,0.615515232086,-0.5500446558
0.634897887707,0.229933977127,1.33853185177,0.418568611145,0.377909988165,0.616376459599,-0.549604177475
0.634711027145,0.229787141085,1.33875572681,0.417612433434,0.378757953644,0.616123080254,-0.550031423569
0.634713470936,0.229799538851,1.33875191212,0.418486058712,0.380332231522,0.61406481266,-0.550582706928
0.635228037834,0.229421213269,1.33889806271,0.418830096722,0.378983080387,0.614332437515,-0.550952732563
0.63511878252,0.229277208447,1.33891499043,0.418352216482,0.378794431686,0.614831626415,-0.550888538361
0.634409189224,0.229073569179,1.33885550499,0.417190283537,0.379206925631,0.615611672401,-0.550614953041
0.634328305721,0.228896453977,1.33884763718,0.416714012623,0.378901720047,0.616100490093,-0.550638973713
0.634245991707,0.228834375739,1.33883976936,0.416179329157,0.378860324621,0.616500675678,-0.550623834133
0.634113132954,0.228630155325,1.33887803555,0.415839761496,0.378613770008,0.616945326328,-0.550552070141
0.634019553661,0.228472471237,1.33889377117,0.413388997316,0.377395629883,0.619343459606,-0.550541400909
0.633902013302,0.228395462036,1.33890426159,0.412863850594,0.37739020586,0.619787037373,-0.550440311432
0.633717358112,0.228232443333,1.33893322945,0.412294268608,0.377261608839,0.620359480381,-0.550310313702
0.634364068508,0.227897509933,1.33940470219,0.413654983044,0.374923020601,0.621128559113,-0.550019800663
0.634247362614,0.227887272835,1.33939254284,0.413320332766,0.374700009823,0.621818184853,-0.549643874168
0.634065389633,0.22756499052,1.33943676949,0.413257539272,0.37377345562,0.622755646706,-0.549260735512
0.634086251259,0.227444022894,1.3395280838,0.412502944469,0.374366998672,0.622514426708,-0.549696803093
0.632860779762,0.227293491364,1.33914172649,0.411017030478,0.374979257584,0.623901069164,-0.54881978035
0.632984876633,0.227312624454,1.33918631077,0.409706264734,0.376315355301,0.623377501965,-0.549479901791
0.632826089859,0.226943463087,1.33918833733,0.409810602665,0.375086784363,0.624445199966,-0.549029707909
0.632715046406,0.226624011993,1.33926439285,0.410004526377,0.373980730772,0.625346422195,-0.54861330986
0.632675170898,0.226430937648,1.33931326866,0.409724205732,0.373798549175,0.625585138798,-0.548674762249
0.632662832737,0.22626157105,1.33935987949,0.409515798092,0.373578965664,0.625801742077,-0.548733055592
0.63403147459,0.225915819407,1.34028804302,0.411042630672,0.372000485659,0.624928593636,-0.549658119678
0.632690012455,0.225966915488,1.33945405483,0.408790618181,0.373784899712,0.625724971294,-0.549220621586
0.632723629475,0.225736528635,1.33945167065,0.40858745575,0.373485445976,0.625858366489,-0.549423635006
0.632715284824,0.22556425631,1.33946275711,0.408139884472,0.373051136732,0.626146495342,-0.549722909927
0.632788300514,0.225486755371,1.33943510056,0.407616376877,0.373617917299,0.625603318214,-0.550344467163
0.632796883583,0.225462704897,1.33941376209,0.407412171364,0.37369966507,0.625442683697,-0.550622820854
0.632795512676,0.225271344185,1.33942854404,0.407261013985,0.373447626829,0.625420868397,-0.550930321217
0.632802844048,0.225057989359,1.33944797516,0.407080680132,0.373230457306,0.625319480896,-0.551325917244
0.632802128792,0.224789232016,1.33946740627,0.406851798296,0.372855991125,0.625292897224,-0.551778018475
0.63328742981,0.224374130368,1.33971965313,0.408964425325,0.372752815485,0.622789800167,-0.553115010262
0.633259117603,0.224183052778,1.33974587917,0.409613490105,0.371263682842,0.623385131359,-0.552965760231
0.632783055305,0.223901882768,1.33955776691,0.405917882919,0.37034279108,0.626842677593,-0.552399396896
0.633809924126,0.22368581593,1.34028673172,0.40744265914,0.368497848511,0.626110553741,-0.553340137005
0.632561683655,0.223389357328,1.33943021297,0.406606942415,0.371600091457,0.62264919281,-0.555780827999
0.632325768471,0.22291880846,1.33956801891,0.405880272388,0.371159046888,0.622707843781,-0.556540548801
0.632172167301,0.222575068474,1.33956897259,0.405286192894,0.370667934418,0.622580111027,-0.557442843914
0.632082998753,0.222326308489,1.3395447731,0.402577638626,0.369291901588,0.624514698982,-0.558154165745
0.633365631104,0.221936926246,1.34042036533,0.403790861368,0.36664378643,0.625147938728,-0.558314859867
0.632154226303,0.22200807929,1.33950150013,0.400884866714,0.369423866272,0.623227536678,-0.560718238354
0.632047116756,0.22179274261,1.33953893185,0.402184575796,0.369932591915,0.621195137501,-0.56170630455
0.632003426552,0.221502184868,1.33952403069,0.399790525436,0.368571102619,0.622238516808,-0.563153982162
0.631829857826,0.221101969481,1.33961963654,0.399516046047,0.367369949818,0.622623622417,-0.563707530499
0.631806731224,0.220817342401,1.3396794796,0.398956269026,0.366906821728,0.622959792614,-0.564033985138
0.631863832474,0.220867991447,1.3396075964,0.398072987795,0.367334932089,0.621892213821,-0.565555691719
0.631748795509,0.220340788364,1.33972764015,0.399760603905,0.367175638676,0.620234847069,-0.566288352013
0.631682276726,0.220261484385,1.33971047401,0.397743523121,0.366100788116,0.621578395367,-0.566931068897
0.631498098373,0.220267146826,1.33954024315,0.396563798189,0.366847783327,0.62078922987,-0.56813788414
0.631323575974,0.220027863979,1.33962285519,0.39609631896,0.366932779551,0.620445370674,-0.568784534931
0.631234407425,0.219577163458,1.3396705389,0.395415753126,0.366438657045,0.621512115002,-0.568411827087
0.631091892719,0.219183743,1.3397744894,0.396678447723,0.366434782743,0.616792798042,-0.57265907526
0.630919516087,0.218810334802,1.33965420723,0.396616816521,0.365991443396,0.616959989071,-0.572805345058
0.6308349967,0.218468353152,1.33970212936,0.397155672312,0.365192770958,0.616805791855,-0.573107600212
0.630903959274,0.218049705029,1.3396692276,0.396212607622,0.365541189909,0.6160389781,-0.574361622334
0.631035089493,0.218081146479,1.33953273296,0.395408481359,0.366581112146,0.615229547024,-0.575120031834
0.631493091583,0.217489689589,1.33969712257,0.395882308483,0.36536437273,0.615506529808,-0.575271964073
0.631287753582,0.216886132956,1.33951687813,0.395835965872,0.363903969526,0.616794705391,-0.574849545956
0.631134688854,0.216830044985,1.3393446207,0.39520150423,0.363890707493,0.617224633694,-0.574833273888
0.630970537663,0.216463893652,1.33936583996,0.394713371992,0.363679289818,0.617917120457,-0.574558317661
0.630062997341,0.216191828251,1.33907210827,0.392752349377,0.364783406258,0.618552684784,-0.574518561363
0.629866778851,0.216262489557,1.33891189098,0.3915143013,0.365270882845,0.619124948978,-0.574437320232
0.629538714886,0.215851306915,1.33895540237,0.39045253396,0.3650829494,0.619581103325,-0.574787318707
0.629482984543,0.215786546469,1.33887982368,0.389566481113,0.365633428097,0.619593501091,-0.575025439262
0.629297852516,0.215197473764,1.33900976181,0.389266133308,0.364550977945,0.620961666107,-0.574439942837
0.629398524761,0.21509501338,1.33914256096,0.389250904322,0.364414066076,0.621317386627,-0.574152469635
0.630330443382,0.214805871248,1.33976566792,0.389615237713,0.363546103239,0.621307909489,-0.574465870857
0.630222141743,0.214486151934,1.33978068829,0.389992266893,0.363865971565,0.62294703722,-0.572227656841
0.630063533783,0.213970959187,1.33979439735,0.389354020357,0.363620191813,0.624191761017,-0.571461737156
0.629840731621,0.213360086083,1.33985900879,0.389793127775,0.362535178661,0.625735521317,-0.570161998272
0.62971585989,0.213357254863,1.33985805511,0.389883726835,0.363248735666,0.626563429832,-0.568734884262
0.629607737064,0.213348805904,1.33976900578,0.389563113451,0.364492505789,0.6270647645,-0.567605257034
0.62948179245,0.212890595198,1.33986127377,0.389711618423,0.364807456732,0.628497242928,-0.565713405609
0.629172325134,0.212291762233,1.34004712105,0.390104115009,0.364089101553,0.630603849888,-0.563557207584
0.628780722618,0.211985483766,1.33993983269,0.389389842749,0.365381270647,0.631902098656,-0.561757862568
0.628600358963,0.211465090513,1.34006810188,0.387947708368,0.363634675741,0.635771214962,-0.55951911211
0.628599584103,0.21137444675,1.34008550644,0.389476299286,0.365902274847,0.634777903557,-0.558104813099
0.62848252058,0.210819274187,1.34024393559,0.38976329565,0.364841520786,0.637142956257,-0.555899620056
0.628455281258,0.210523441434,1.34022557735,0.389412581921,0.365560621023,0.638509333134,-0.554102182388
0.628548741341,0.210024088621,1.34040880203,0.38993152976,0.364533871412,0.640386283398,-0.552244603634
0.628203332424,0.209461838007,1.34048640728,0.389416068792,0.365016698837,0.642060637474,-0.550341904163
0.62811344862,0.208832159638,1.34056675434,0.388884991407,0.364690065384,0.643700897694,-0.549016237259
0.628026068211,0.208682835102,1.34054088593,0.388661056757,0.365112990141,0.644828975201,-0.5475679636
0.627874493599,0.208053424954,1.34069395065,0.388350903988,0.365043759346,0.645797610283,-0.546692013741
0.627644002438,0.207759544253,1.34053385258,0.387145191431,0.366367995739,0.646010637283,-0.546409487724
0.627379655838,0.207174405456,1.34068632126,0.387073308229,0.365906536579,0.647177755833,-0.545387685299
0.626944005489,0.206459671259,1.34074294567,0.386419832706,0.365665346384,0.648100614548,-0.544916689396
0.626806259155,0.206054180861,1.34081983566,0.385347157717,0.365815758705,0.648104786873,-0.545569956303
0.62667876482,0.205586135387,1.34117257595,0.384578555822,0.366710186005,0.64761942625,-0.546088039875
0.626235246658,0.20494915545,1.34123694897,0.384752184153,0.366530388594,0.648405075073,-0.54515337944
0.62594217062,0.204637572169,1.34115707874,0.384315520525,0.368016779423,0.648145139217,-0.544768929482
0.625833630562,0.204088687897,1.341183424,0.383872807026,0.368049025536,0.648001492023,-0.545230150223
0.625163257122,0.203502416611,1.34130847454,0.381652832031,0.368567198515,0.647657454014,-0.546845018864
0.624550938606,0.202708333731,1.34144115448,0.381091237068,0.3680793643,0.648379504681,-0.546709299088
0.624069988728,0.202222019434,1.34141969681,0.380482405424,0.368483096361,0.648532569408,-0.546679794788
0.623384952545,0.20117983222,1.341547966,0.379912465811,0.367615491152,0.649645984173,-0.546338140965
0.623022139072,0.201031580567,1.34152853489,0.378397345543,0.369407653809,0.649281978607,-0.546613693237
0.622452259064,0.200475379825,1.34175086021,0.377524197102,0.369856417179,0.649579107761,-0.546560883522
0.621954321861,0.199832648039,1.34189867973,0.376147598028,0.370849996805,0.649744510651,-0.54664003849
0.62198638916,0.19932949543,1.34193813801,0.375460058451,0.370947986841,0.649746775627,-0.547043204308
0.621157705784,0.198734343052,1.34220933914,0.374201059341,0.371892690659,0.650244534016,-0.546673238277
0.620712459087,0.198184549809,1.34240603447,0.373348593712,0.37188872695,0.651170909405,-0.546155869961
0.620374262333,0.197388291359,1.34270083904,0.372597873211,0.371850699186,0.652211427689,-0.545452356339
0.619903206825,0.196270212531,1.34307324886,0.372209042311,0.370693266392,0.653435528278,-0.545040369034
0.61996537447,0.195851907134,1.3431789875,0.371232926846,0.371732711792,0.653187990189,-0.545295000076
0.619300127029,0.195248574018,1.34350383282,0.370664685965,0.371778964996,0.653667628765,-0.545075058937
0.618883013725,0.194368809462,1.3439873457,0.370406478643,0.371112316847,0.654677271843,-0.544492900372
0.618576645851,0.193465441465,1.34428775311,0.369287610054,0.370770484209,0.656059324741,-0.543821752071
0.618788957596,0.192763149738,1.34465420246,0.368532657623,0.371413171291,0.655632913113,-0.544409275055
0.617959022522,0.191665396094,1.34524095058,0.367805540562,0.370887160301,0.656361401081,-0.544381856918
0.618054628372,0.19107618928,1.34548330307,0.366846889257,0.371600866318,0.656537294388,-0.544329762459
0.617213666439,0.190069437027,1.34610378742,0.366271525621,0.370658487082,0.65806645155,-0.543512701988
0.616981804371,0.189308866858,1.34645974636,0.365673184395,0.370676130056,0.658545434475,-0.54332357645
0.61678403616,0.188183650374,1.34698462486,0.36421006918,0.371686697006,0.658226191998,-0.544002056122
0.616848528385,0.187056839466,1.34754049778,0.364863097668,0.369851559401,0.659093677998,-0.54376500845
0.61649787426,0.186080336571,1.34800803661,0.36521166563,0.369315564632,0.659978568554,-0.542821228504
0.616281747818,0.185225725174,1.34857833385,0.363764107227,0.369661867619,0.659804463387,-0.543768405914
0.616079211235,0.184212207794,1.34903156757,0.364035248756,0.36945027113,0.660108804703,-0.543361127377
0.615956425667,0.183401107788,1.34950816631,0.362809121609,0.370986789465,0.659224390984,-0.544207274914
0.615829586983,0.182195812464,1.35002672672,0.362105876207,0.370926469564,0.659226179123,-0.544714391232
0.615276873112,0.18105481565,1.35075604916,0.361351549625,0.370860546827,0.659622311592,-0.544780671597
0.614973545074,0.180023983121,1.35089671612,0.361633628607,0.370418816805,0.659158885479,-0.545454621315
0.614922046661,0.179213181138,1.35137629509,0.362081497908,0.370000094175,0.658874630928,-0.545785188675
0.614855706692,0.177889943123,1.35233902931,0.362244695425,0.36955472827,0.658471345901,-0.546464681625
0.615246832371,0.176761984825,1.35271394253,0.361884236336,0.369781523943,0.657194852829,-0.548084259033
0.615093410015,0.175531417131,1.35319578648,0.362020492554,0.368700772524,0.657178163528,-0.548741996288
0.615137577057,0.174614667892,1.35369241238,0.36183950305,0.36940819025,0.655860900879,-0.549960255623
0.615086495876,0.173395052552,1.35412061214,0.361354291439,0.369560271502,0.654849171638,-0.55138105154
0.614635467529,0.172372803092,1.35460627079,0.361181676388,0.370056718588,0.654026925564,-0.552136480808
0.614823937416,0.171184808016,1.35509216785,0.361760616302,0.36897751689,0.653300404549,-0.553338468075
0.614870011806,0.169650286436,1.35555768013,0.362697958946,0.36689683795,0.652952492237,-0.554517686367
0.614286422729,0.168696731329,1.35570931435,0.361283391714,0.3687928617,0.651522994041,-0.555863380432
0.614320576191,0.167236417532,1.35648536682,0.361985296011,0.367494881153,0.650680601597,-0.557251274586
0.61487776041,0.166379675269,1.35692369938,0.361479967833,0.369400292635,0.64729654789,-0.560252547264
0.614744484425,0.165018498898,1.35730218887,0.362212866545,0.368135213852,0.646678328514,-0.561324775219
0.614652097225,0.163573607802,1.35785210133,0.362437099218,0.368116468191,0.644834160805,-0.563310563564
0.614674091339,0.162615805864,1.35822606087,0.362591445446,0.368374794722,0.642945170403,-0.56519818306
0.614541471004,0.161198735237,1.35868370533,0.363167285919,0.367710590363,0.641513466835,-0.56688529253
0.614576160908,0.160287022591,1.35903012753,0.362708538771,0.36903232336,0.638719260693,-0.5694693923
0.614485621452,0.158623933792,1.35954391956,0.362134337425,0.367391586304,0.634682118893,-0.575378894806
0.613932609558,0.157510235906,1.35967826843,0.360854953527,0.368679642677,0.632421195507,-0.577842950821
0.614670276642,0.156591996551,1.36047315598,0.361342191696,0.369734793901,0.627944529057,-0.581733465195
0.614642441273,0.155036494136,1.36081385612,0.36086332798,0.369617551565,0.625277578831,-0.584968745708
0.614385187626,0.153449222445,1.36125361919,0.362503796816,0.367199897766,0.623794019222,-0.587057292461
0.614395022392,0.152658328414,1.36153590679,0.361657083035,0.368949025869,0.619914889336,-0.590581297874
0.613769888878,0.150909498334,1.36187064648,0.360741913319,0.369441926479,0.618054449558,-0.592778861523
0.614089846611,0.149788990617,1.36246824265,0.361417531967,0.368796557188,0.614673674107,-0.596274256706
0.614225685596,0.148588329554,1.36282610893,0.36019551754,0.370603859425,0.610061168671,-0.600614190102
0.613928318024,0.147064372897,1.36338055134,0.360771149397,0.369328409433,0.607380926609,-0.603762507439
0.613670289516,0.145872980356,1.36370646954,0.361141949892,0.368670850992,0.604314625263,-0.607010781765
0.613508701324,0.144461542368,1.36421835423,0.36048540473,0.368977576494,0.600441932678,-0.611044645309
0.613345384598,0.143430173397,1.3645465374,0.359528571367,0.370364695787,0.595571517944,-0.615519225597
0.612760603428,0.142230883241,1.36469483376,0.358170330524,0.371013879776,0.591762185097,-0.619580924511
0.613078534603,0.140610948205,1.36549174786,0.358510106802,0.370195239782,0.587172567844,-0.624223053455
0.613014400005,0.139636874199,1.3658144474,0.3577914536,0.370526969433,0.582908987999,-0.62842053175
0.612994551659,0.138331279159,1.36617910862,0.357254445553,0.370518743992,0.578499376774,-0.632790446281
0.612809538841,0.136784940958,1.36666142941,0.356952428818,0.370336651802,0.573728203773,-0.637394607067
0.612602293491,0.13581559062,1.36692798138,0.357526212931,0.369960814714,0.569363474846,-0.641193628311
0.612468600273,0.134497195482,1.36721372604,0.356530994177,0.369881182909,0.565111637115,-0.645540356636
0.612268388271,0.133248835802,1.36760163307,0.356910616159,0.369200438261,0.560067772865,-0.650100171566
0.612145900726,0.131987184286,1.36791145802,0.355040788651,0.369406729937,0.556803882122,-0.653799712658
0.612060546875,0.130433619022,1.36827838421,0.354662507772,0.36881673336,0.552132487297,-0.658284604549
0.611941635609,0.129478558898,1.3687980175,0.354285657406,0.369110971689,0.547104895115,-0.662506699562
0.61221331358,0.128021627665,1.369109869,0.351163208485,0.371028840542,0.540122032166,-0.6687977314
0.612146794796,0.126890987158,1.36939513683,0.350537508726,0.370398521423,0.53561514616,-0.673085987568
0.612146317959,0.125636354089,1.36973917484,0.350558668375,0.370337992907,0.529808998108,-0.677687764168
0.612052083015,0.124398261309,1.37015902996,0.34900072217,0.370122045279,0.524969995022,-0.682359755039
0.611971259117,0.123076438904,1.37048816681,0.348163157701,0.369518607855,0.519994258881,-0.68690931797
0.611890137196,0.121908940375,1.37072634697,0.34797424078,0.368998706341,0.514751374722,-0.691219866276
0.611718595028,0.120517380536,1.3711732626,0.347202420235,0.367579758167,0.510585188866,-0.695441186428
0.611672341824,0.119109109044,1.37147533894,0.34504660964,0.367408275604,0.505292773247,-0.700452208519
0.611683189869,0.117708727717,1.37193477154,0.343645751476,0.366751879454,0.499803125858,-0.705406069756
0.6116797328,0.116655878723,1.37241613865,0.342720299959,0.36586651206,0.493785351515,-0.710535526276
0.611659646034,0.11536642909,1.37277162075,0.339482307434,0.365582376719,0.490142643452,-0.714745759964
0.61152023077,0.114129371941,1.37306034565,0.338827610016,0.363693445921,0.486001104116,-0.718836545944
0.611588776112,0.113028228283,1.37352824211,0.336727023125,0.363488584757,0.480133980513,-0.723852515221
0.611243903637,0.11185798794,1.37391245365,0.339003711939,0.359250515699,0.477917015553,-0.726368308067
0.611175715923,0.110558480024,1.37429249287,0.337583273649,0.358017116785,0.473197221756,-0.730715930462
0.611451923847,0.109011426568,1.37474143505,0.330873161554,0.36032807827,0.465331077576,-0.737667679787
0.611417531967,0.107888683677,1.37508702278,0.329332739115,0.359364628792,0.460554093122,-0.741813242435
0.611280679703,0.106714569032,1.37541604042,0.327855855227,0.357922226191,0.456089198589,-0.745912134647
0.611091256142,0.105536267161,1.37590360641,0.325660467148,0.357440412045,0.451764732599,-0.749726831913
0.610948622227,0.104331493378,1.37626361847,0.323958873749,0.356183052063,0.446778506041,-0.75403803587
0.610816061497,0.103017359972,1.3766143322,0.321866631508,0.3552069664,0.442246973515,-0.758055090904
0.610706448555,0.101830936968,1.37701153755,0.320110559464,0.35433781147,0.438228398561,-0.761531293392
0.61056882143,0.100507996976,1.37737083435,0.318671941757,0.352252483368,0.433668941259,-0.765700757504
0.610338270664,0.0994951948524,1.37774252892,0.316666066647,0.352376431227,0.429141938686,-0.769019305706
0.610106706619,0.0983131676912,1.37803173065,0.315000444651,0.351289272308,0.425240397453,-0.772360861301
0.609920918941,0.0971815139055,1.37834787369,0.309794843197,0.351037859917,0.426593124866,-0.773833274841
0.609668552876,0.0959804356098,1.37872326374,0.308154761791,0.350327283144,0.422972977161,-0.776791810989
0.609417319298,0.0948586314917,1.37894690037,0.306243181229,0.349499046803,0.419552445412,-0.779770076275
0.609066069126,0.0936191678047,1.37916767597,0.304491132498,0.348805129528,0.416023761034,-0.782652139664
0.608652114868,0.0924253836274,1.37950646877,0.302490711212,0.34862434864,0.412250578403,-0.785499751568
0.608373105526,0.0913954675198,1.37977719307,0.301092714071,0.348137915134,0.408797174692,-0.788053333759
0.608023703098,0.090278595686,1.38000583649,0.298805058002,0.347314804792,0.405917674303,-0.790771126747
0.607719302177,0.089118912816,1.3802626133,0.297318398952,0.347084462643,0.402741104364,-0.7930534482
0.607328891754,0.0881189033389,1.38049840927,0.296176671982,0.346443682909,0.400174677372,-0.795057475567
0.606899142265,0.0869353339076,1.38063323498,0.294340610504,0.34627443552,0.397363036871,-0.797220468521
0.606537401676,0.0858901888132,1.38075375557,0.292552441359,0.345958143473,0.394861757755,-0.799256086349
0.606126785278,0.084859110415,1.38097047806,0.29115536809,0.345932900906,0.392271608114,-0.80105060339
0.605720221996,0.083846077323,1.38109338284,0.28969836235,0.345620959997,0.389936506748,-0.802851557732
0.605389535427,0.0827918052673,1.38110685349,0.288643181324,0.345493048429,0.387593001127,-0.80441993475
0.604976058006,0.0818133205175,1.38114178181,0.286977797747,0.345311552286,0.384968996048,-0.806351482868
0.604676663876,0.0808324813843,1.3812186718,0.285800099373,0.345102876425,0.382375478745,-0.808091104031
0.604312837124,0.0799089819193,1.38134872913,0.285071253777,0.345226258039,0.379862934351,-0.809479773045
0.604099094868,0.0789659321308,1.3813328743,0.283919423819,0.344847708941,0.377242445946,-0.811269342899
0.603828549385,0.0781007409096,1.38141071796,0.282834500074,0.345015704632,0.374073237181,-0.813042402267
0.603637218475,0.0772613957524,1.38138580322,0.282105028629,0.344882935286,0.371334284544,-0.814606308937
0.603481769562,0.0764789059758,1.38136231899,0.28111192584,0.344887852669,0.367927223444,-0.816491305828
0.603271126747,0.075659006834,1.38138115406,0.280515670776,0.344977885485,0.364992201328,-0.817974328995
0.603052377701,0.0748346149921,1.38139486313,0.279559314251,0.344682753086,0.361828029156,-0.819829881191
0.602920234203,0.0741863027215,1.38141131401,0.278446882963,0.344742387533,0.358599960804,-0.821599721909
0.602644622326,0.0736888051033,1.38143134117,0.27911350131,0.344529628754,0.356047064066,-0.822572469711
0.602607250214,0.0726575180888,1.38145768642,0.277193486691,0.344720631838,0.352559924126,-0.824641168118
0.602399885654,0.0719256550074,1.38138663769,0.277548521757,0.345115602016,0.348405569792,-0.826120853424
0.602078139782,0.0714884623885,1.3813174963,0.277444154024,0.343642741442,0.347262591124,-0.827250301838
0.602044343948,0.0705686807632,1.38136339188,0.275472074747,0.343652904034,0.344300955534,-0.82914096117
0.601920545101,0.0699921995401,1.38126981258,0.274909943342,0.344703137875,0.33898666501,-0.831079006195
0.601721942425,0.0692212432623,1.38121926785,0.2738519907,0.344716966152,0.336298078299,-0.832513689995
0.601401507854,0.068416967988,1.38103294373,0.273488461971,0.343993514776,0.334299266338,-0.833736538887
0.601194560528,0.0680811926723,1.38095843792,0.272453904152,0.343387901783,0.332440257072,-0.835067212582
0.600953996181,0.067309550941,1.38086080551,0.271079301834,0.343244254589,0.330148756504,-0.836481511593
0.6007168293,0.0664298161864,1.38067209721,0.269353747368,0.343337804079,0.327859371901,-0.837899744511
0.600551128387,0.0657807067037,1.38057589531,0.27082040906,0.345426738262,0.326454013586,-0.837116718292
0.600166618824,0.0651877522469,1.38041722775,0.266859233379,0.343645513058,0.322711318731,-0.84056609869
0.599813222885,0.0645501762629,1.38027882576,0.266229391098,0.343788772821,0.320209771395,-0.841663181782
0.599393248558,0.0639150813222,1.38008117676,0.266220062971,0.343868970871,0.318394422531,-0.842321813107
0.598980486393,0.0633424371481,1.37990176678,0.267869889736,0.346416443586,0.31594517827,-0.841677010059
0.598462224007,0.0629099309444,1.3798019886,0.264304369688,0.346426904202,0.310072124004,-0.844977498055
0.597941040993,0.062147513032,1.37958300114,0.263486862183,0.346076577902,0.30987855792,-0.84544724226
0.597271084785,0.0615195706487,1.3792809248,0.265569984913,0.349025309086,0.308324337006,-0.844150602818
0.596571981907,0.0610237196088,1.3790282011,0.261880755424,0.347749531269,0.305205315351,-0.846958398819
0.595861792564,0.060566842556,1.37876534462,0.264299869537,0.350762218237,0.303600370884,-0.84554028511
0.594933986664,0.0603073984385,1.37851464748,0.263127297163,0.350010722876,0.299012690783,-0.847849011421
0.594453513622,0.0596686080098,1.37830734253,0.26107814908,0.351390659809,0.296473771334,-0.848802745342
0.593554615974,0.0591270253062,1.37817883492,0.259997576475,0.351760983467,0.296750038862,-0.848884522915
0.592949986458,0.0586019307375,1.37793064117,0.258646160364,0.354014724493,0.292265534401,-0.849915742874
0.592268228531,0.0582117065787,1.37766647339,0.257861793041,0.354737728834,0.289948374033,-0.850645899773
0.591435313225,0.0579703524709,1.37741684914,0.258993089199,0.355502068996,0.289330393076,-0.85019338131
0.590809583664,0.0577097609639,1.37720251083,0.261094778776,0.357542276382,0.290138602257,-0.848417699337
0.590049803257,0.057431101799,1.37695157528,0.260731190443,0.3582226336,0.288332790136,-0.848858177662
0.589460253716,0.0571546256542,1.37675094604,0.261745423079,0.358245193958,0.287563830614,-0.848797261715
0.588864862919,0.0569129958749,1.37657976151,0.259939581156,0.357280015945,0.283066749573,-0.85126709938
0.588369965553,0.056701540947,1.37640833855,0.259917855263,0.357144445181,0.282039344311,-0.851671516895
0.587953925133,0.0565749257803,1.37627971172,0.261756718159,0.358542412519,0.282657682896,-0.850314974785
0.587541878223,0.056395187974,1.37616157532,0.261716127396,0.358409017324,0.281655162573,-0.850716173649
0.587174236774,0.0561524108052,1.376039505,0.261507838964,0.358108729124,0.280474901199,-0.851296544075
0.586810827255,0.0560125410557,1.37605512142,0.258497804403,0.35671889782,0.276193529367,-0.854194223881
0.586340367794,0.0562073886395,1.37609398365,0.260343134403,0.355993300676,0.27601531148,-0.853994071484
0.586145341396,0.0559726580977,1.37602949142,0.259648948908,0.355460077524,0.274690210819,-0.854854345322
0.586104750633,0.0554571896791,1.37602102757,0.260242432356,0.356715738773,0.276603281498,-0.853532910347
0.585927009583,0.0552886649966,1.37601518631,0.260074734688,0.356158107519,0.276199191809,-0.853947639465
0.585749030113,0.055145971477,1.37606024742,0.2580730021,0.354075878859,0.272539645433,-0.856592535973
0.585561394691,0.0549732148647,1.3760201931,0.25888517499,0.353112071753,0.272836834192,-0.856650650501
0.585420191288,0.0548076555133,1.37603461742,0.258618205786,0.352015912533,0.273258835077,-0.857047915459
0.585378587246,0.0546582341194,1.37601864338,0.257823377848,0.351072669029,0.272714614868,-0.857847213745
0.585327684879,0.0544217079878,1.37600648403,0.257600039244,0.350226432085,0.272927314043,-0.858192443848
0.585336148739,0.0542109012604,1.37600719929,0.259215831757,0.350852519274,0.275232285261,-0.85671287775
0.585249960423,0.0542140901089,1.37606668472,0.257729023695,0.348402500153,0.273340910673,-0.858764350414
0.585436940193,0.053770005703,1.37611687183,0.256132870913,0.347716718912,0.27343955636,-0.85948818922
0.585526823997,0.0535302758217,1.37612402439,0.258293896914,0.348254054785,0.27720579505,-0.857414960861
0.5856564641,0.0533236414194,1.37616252899,0.2583784163,0.347326099873,0.277836769819,-0.857561647892
0.585915803909,0.0531184822321,1.37619435787,0.258515894413,0.34630292654,0.278707414865,-0.857651412487
0.58606672287,0.0529836118221,1.37619864941,0.259303092957,0.345137864351,0.280073285103,-0.857438504696
0.586349129677,0.0526515692472,1.37622249126,0.256605416536,0.342869788408,0.278380453587,-0.859708189964
0.58664304018,0.0523758977652,1.37628853321,0.256655424833,0.342098742723,0.279542207718,-0.859623551369
0.586989223957,0.0522051304579,1.37632930279,0.257035762072,0.34125649929,0.281074851751,-0.85934484005
0.587150096893,0.0521982461214,1.37629008293,0.258280962706,0.340373337269,0.282648801804,-0.85880535841
0.587511181831,0.0517983883619,1.37628090382,0.258288443089,0.33941411972,0.283767998219,-0.858813583851
0.588091611862,0.051396265626,1.37634265423,0.258207857609,0.338592290878,0.28600102663,-0.858421504498
0.588452875614,0.0513067469001,1.37640309334,0.261000156403,0.339493066072,0.290581524372,-0.85567855835
0.588811278343,0.0510612651706,1.37644994259,0.260661333799,0.336839705706,0.290227383375,-0.856949746609
0.589365899563,0.0507432967424,1.3766361475,0.259866625071,0.336990922689,0.291145712137,-0.856819987297
0.589931607246,0.0505216270685,1.37679624557,0.263409018517,0.337805449963,0.297053813934,-0.853382885456
0.590460777283,0.0501950755715,1.37694191933,0.262397199869,0.335702002048,0.297104150057,-0.854506373405
0.590974271297,0.0499337464571,1.37709307671,0.264121621847,0.335370540619,0.299990832806,-0.853095471859
0.591403067112,0.0495901405811,1.37724590302,0.267869114876,0.336554229259,0.305852681398,-0.849371314049
0.591926455498,0.0493079870939,1.37730669975,0.267715275288,0.334911137819,0.306702882051,-0.849762678146
0.592459499836,0.0489949285984,1.37737691402,0.269498437643,0.334542542696,0.310370832682,-0.848010540009
0.593031942844,0.0485701560974,1.377566576,0.270933240652,0.33414259553,0.313054472208,-0.846723675728
0.593503594398,0.0481583848596,1.37766396999,0.274833083153,0.335420817137,0.320564776659,-0.842138886452
0.59403526783,0.0477457344532,1.37776374817,0.274585783482,0.334180444479,0.322131037712,-0.842115044594
0.594528138638,0.0473571494222,1.37784218788,0.276507049799,0.333987444639,0.326665759087,-0.839812874794
0.595109462738,0.0469921529293,1.37788581848,0.278312474489,0.334000736475,0.331321120262,-0.837384045124
0.595632433891,0.0465601086617,1.37789046764,0.282310456038,0.335278004408,0.339452534914,-0.83226287365
0.596213161945,0.0460837036371,1.3779540062,0.282458245754,0.333775252104,0.341340154409,-0.83204472065
0.596703231335,0.0456597879529,1.37795495987,0.284384101629,0.333867162466,0.346663922071,-0.829145729542
0.597241818905,0.0452327281237,1.3780156374,0.287122368813,0.333970040083,0.352349609137,-0.825757026672
0.597724497318,0.0447791516781,1.37804019451,0.28845885396,0.333934366703,0.360435783863,-0.821806073189
0.598200917244,0.0443122237921,1.37811279297,0.291214078665,0.333992779255,0.364757806063,-0.818898677826
0.598620653152,0.0439094007015,1.37812674046,0.29348474741,0.334354430437,0.370481580496,-0.815363287926
0.599130988121,0.0434953346848,1.37809097767,0.295829713345,0.334571540356,0.376019626856,-0.81188416481
0.599538803101,0.0431590899825,1.37806606293,0.297928392887,0.335039764643,0.381472110748,-0.808372557163
0.599967062473,0.0427503287792,1.37805056572,0.30056270957,0.335556000471,0.387326836586,-0.804389357567
0.600273966789,0.0424049794674,1.37802910805,0.303117960691,0.336123794317,0.393284231424,-0.800292372704
0.600697815418,0.0420186519623,1.3779989481,0.305574297905,0.336687594652,0.398989498615,-0.796287119389
0.601096212864,0.0415998697281,1.37792205811,0.308014303446,0.337371736765,0.404733806849,-0.792147755623
0.601538836956,0.0412516444921,1.37791788578,0.311535596848,0.338602870703,0.413576692343,-0.785651385784
0.601943254471,0.0409929603338,1.37793433666,0.314312249422,0.339325934649,0.419174581766,-0.781254410744
0.602299511433,0.0406425744295,1.37790155411,0.316301226616,0.339834719896,0.424900084734,-0.777126789093
0.60267829895,0.0402825847268,1.37788236141,0.319303363562,0.340576350689,0.430708795786,-0.77236199379
0.603079915047,0.040066562593,1.37786114216,0.322205334902,0.341482281685,0.436250805855,-0.767631947994
0.603481650352,0.0399914607406,1.37777042389,0.326291054487,0.341454654932,0.441920787096,-0.762659132481
0.604020476341,0.0394458472729,1.37778580189,0.327507674694,0.342672258615,0.448177993298,-0.757925450802
0.604538023472,0.0391913205385,1.37778282166,0.330891817808,0.343505680561,0.452953696251,-0.753224730492
0.605028629303,0.0389119684696,1.37774789333,0.334719479084,0.344875067472,0.456763088703,-0.74859303236
0.605641782284,0.0387774407864,1.37766981125,0.336951136589,0.34506753087,0.462726742029,-0.743825435638
0.606152296066,0.0384744182229,1.37766540051,0.340733528137,0.345669746399,0.466782987118,-0.739274442196
0.606765627861,0.0384727939963,1.37769520283,0.345269888639,0.345960885286,0.471353769302,-0.734115302563
0.607484340668,0.0380337834358,1.37770867348,0.347631782293,0.346606373787,0.475621670485,-0.729931712151
0.608061254025,0.03784211725,1.37774682045,0.350555092096,0.34693467617,0.480064898729,-0.725455105305
0.608842492104,0.0376700758934,1.37775790691,0.353618592024,0.346998035908,0.484091341496,-0.721250295639
0.609441757202,0.03736872226,1.37779319286,0.356334537268,0.347301602364,0.48812443018,-0.717036962509
0.610153257847,0.0371802300215,1.37785589695,0.358978122473,0.34739035368,0.492164045572,-0.712902069092
0.610836267471,0.0370269045234,1.37787425518,0.361916214228,0.347522288561,0.496129184961,-0.708590745926
0.611465036869,0.0367874950171,1.37790131569,0.364383369684,0.347467273474,0.499314755201,-0.705107152462
0.612129688263,0.0365798920393,1.37797939777,0.366847842932,0.347577780485,0.50251531601,-0.701491713524
0.612713932991,0.0364165902138,1.37800967693,0.369921177626,0.347538679838,0.507291376591,-0.696441471577
0.613332331181,0.0362142175436,1.37804603577,0.372423231602,0.347521334887,0.510442852974,-0.692804336548
0.613852798939,0.0360302850604,1.37809956074,0.374273002148,0.347632318735,0.512845754623,-0.6899715662
0.614468097687,0.0358409658074,1.37822794914,0.376530915499,0.34774312377,0.516202867031,-0.686173439026
0.615116894245,0.0356292277575,1.37830162048,0.378868430853,0.34789866209,0.51912266016,-0.682595789433
0.615621805191,0.0354168862104,1.37838864326,0.381041675806,0.347760945559,0.522330701351,-0.678999602795
0.616063117981,0.035286590457,1.37849116325,0.383300811052,0.348038554192,0.525277376175,-0.675302445889
0.616622149944,0.0351408571005,1.37857723236,0.385374844074,0.347772032022,0.528501033783,-0.671734690666
0.617054104805,0.034989349544,1.37867617607,0.387434452772,0.347946226597,0.531381309032,-0.668178081512
0.617432594299,0.0349703133106,1.37865269184,0.390986442566,0.346680045128,0.535521447659,-0.66344499588
0.617928981781,0.0348487198353,1.37878978252,0.392639577389,0.347465693951,0.538218259811,-0.659865856171
0.618427097797,0.0347307398915,1.37885355949,0.394410699606,0.34709212184,0.541538715363,-0.656279802322
0.618870139122,0.034633025527,1.3789191246,0.396291285753,0.347507715225,0.544533193111,-0.652437984943
0.619313001633,0.0345646291971,1.37897729874,0.397999793291,0.347635656595,0.547673821449,-0.648690223694
0.619857251644,0.0344947353005,1.37903642654,0.399399846792,0.347228556871,0.551009893417,-0.645213365555
0.620273172855,0.0343759059906,1.37908947468,0.400836974382,0.346907526255,0.554242193699,-0.641717016697
0.620797932148,0.0342893600464,1.37916207314,0.402468115091,0.346632391214,0.557387530804,-0.638110160828
0.621233999729,0.0341554135084,1.37923765182,0.403867483139,0.346078187227,0.560764849186,-0.634557843208
0.621747732162,0.0339883491397,1.37925434113,0.405116528273,0.345288783312,0.564331293106,-0.631020367146
0.622231483459,0.0338896140456,1.3793156147,0.406278371811,0.34475299716,0.567682445049,-0.627550780773
0.622647225857,0.0337700620294,1.37937426567,0.407282620668,0.344316810369,0.570758163929,-0.624341249466
0.623227953911,0.0337502062321,1.37946355343,0.407795727253,0.343171715736,0.573973476887,-0.621683478355
0.623704612255,0.0336280018091,1.3795825243,0.408327698708,0.342354416847,0.577198326588,-0.618792295456
0.62422555685,0.0335269197822,1.37964332104,0.409097343683,0.341328322887,0.580477833748,-0.615775763988
0.624710381031,0.0334103032947,1.3797262907,0.409457325935,0.340396136045,0.58337187767,-0.613312542439
0.625279009342,0.0332792177796,1.37984025478,0.409691125154,0.339139252901,0.586484611034,-0.610879421234
0.625665068626,0.0331851840019,1.37983071804,0.411243140697,0.336467057467,0.590928316116,-0.607019484043
0.626265466213,0.0329827144742,1.38008964062,0.411594212055,0.33487290144,0.593839049339,-0.604818642139
0.626806557178,0.0328792482615,1.3802062273,0.412604302168,0.334498524666,0.59554028511,-0.602661192417
0.627300977707,0.0327340066433,1.38035821915,0.41302767396,0.333431243896,0.597254753113,-0.601264059544
0.627949655056,0.0325665026903,1.38045454025,0.413090914488,0.331837534904,0.600401818752,-0.598963618279
0.628604054451,0.0324403494596,1.38062679768,0.412165164948,0.331409007311,0.602528631687,-0.597701489925
0.629263818264,0.0322537794709,1.38071119785,0.411005973816,0.329007714987,0.607711672783,-0.594570875168
0.630001604557,0.0320014804602,1.38078427315,0.411066651344,0.327503859997,0.609039664268,-0.594000220299
0.630801200867,0.0318225547671,1.38091146946,0.4118950665,0.326573133469,0.610486805439,-0.592451035976
0.63135433197,0.0315654575825,1.38088977337,0.411836028099,0.325018674135,0.612610280514,-0.591153562069
0.632168352604,0.031312033534,1.38097596169,0.41185644269,0.323214888573,0.615322172642,-0.589308917522
0.6328586936,0.0310851186514,1.38093626499,0.412214428186,0.320753157139,0.617744505405,-0.587867796421
0.633649706841,0.0308534502983,1.38107848167,0.411311984062,0.318441748619,0.621108412743,-0.586209774017
0.634377419949,0.0307231992483,1.3810031414,0.411449968815,0.318786174059,0.621156215668,-0.585874736309
0.635303854942,0.0304266512394,1.38129758835,0.410816431046,0.316298872232,0.624121546745,-0.584514558315
0.636039614677,0.0301253125072,1.38123953342,0.411577522755,0.315455943346,0.624557197094,-0.58396923542
0.636812865734,0.029949657619,1.38131117821,0.411600738764,0.314497351646,0.625698208809,-0.583247840405
0.637567043304,0.0296576842666,1.38133311272,0.41164380312,0.313103854656,0.627027153969,-0.582539558411
0.638189375401,0.0294608771801,1.38119423389,0.411428153515,0.31211155653,0.628126084805,-0.582040190697
0.63888001442,0.0292731523514,1.38125753403,0.411749631166,0.311047166586,0.62904894352,-0.581385731697
0.639561355114,0.0290282443166,1.3812764883,0.411672055721,0.309967041016,0.629837691784,-0.581163525581
0.639986217022,0.0288551971316,1.38113296032,0.411521613598,0.309394329786,0.630741477013,-0.580594778061
0.640626847744,0.0286639481783,1.3811596632,0.411727011204,0.308485358953,0.631282866001,-0.580344498158
0.641220629215,0.0284265875816,1.38119983673,0.411730468273,0.307865977287,0.631716430187,-0.580199062824
0.642102718353,0.0280365943909,1.38158774376,0.412623494864,0.306380569935,0.631935477257,-0.580112457275
0.642466545105,0.0279057472944,1.38144373894,0.412450373173,0.305895715952,0.632195234299,-0.580208301544
0.643044173717,0.0276657193899,1.38149988651,0.412752628326,0.305227011442,0.632454395294,-0.58006310463
0.643489837646,0.027382902801,1.38152265549,0.412954032421,0.304548501968,0.632571339607,-0.580148756504
0.643939971924,0.0272583514452,1.38155293465,0.413206160069,0.304092764854,0.632533848286,-0.580249249935
0.644427835941,0.0271055996418,1.38161289692,0.413519233465,0.303645700216,0.632420241833,-0.580384075642
0.64473003149,0.0269784927368,1.38138580322,0.413273990154,0.303518414497,0.632272958755,-0.580785751343
0.645083665848,0.0267840698361,1.38138210773,0.413356184959,0.30320006609,0.632093548775,-0.581088781357
0.644919753075,0.0266953110695,1.3811237812,0.412696868181,0.303636372089,0.63210773468,-0.581314027309
0.645155966282,0.0265711322427,1.38112831116,0.412802100182,0.303471982479,0.631860792637,-0.581593394279
0.64532583952,0.0264220684767,1.38104212284,0.412857621908,0.303339898586,0.631635844707,-0.581867158413
0.645633935928,0.0263044759631,1.3811249733,0.413216769695,0.30324357748,0.631074309349,-0.582271814346
0.645824253559,0.0262254402041,1.38114881516,0.413363516331,0.303213894367,0.630721032619,-0.58256572485
0.645957291126,0.026073910296,1.38115668297,0.413372427225,0.303213536739,0.630159139633,-0.583167433739
0.6460942626,0.0259818583727,1.38118422031,0.413386285305,0.303354859352,0.62952286005,-0.583771049976
0.647198081017,0.0256423130631,1.38213074207,0.415589511395,0.301936805248,0.628343820572,-0.584211945534
0.64732670784,0.0256159603596,1.38213729858,0.415805637836,0.302185714245,0.627520143986,-0.584814429283
0.646972119808,0.0257058292627,1.3816126585,0.414868474007,0.303130865097,0.627147495747,-0.585390388966
0.647058606148,0.0256397426128,1.38163280487,0.414978533983,0.303401261568,0.626328110695,-0.5860491395
0.647108912468,0.0255566164851,1.3816473484,0.414940208197,0.303578704596,0.625740587711,-0.586611807346
0.647185027599,0.0254947692156,1.38164055347,0.415042161942,0.303856313229,0.624864637852,-0.587329089642
0.647707223892,0.0252692550421,1.38229477406,0.415927529335,0.303669393063,0.623475968838,-0.588274359703
0.647137582302,0.0254681259394,1.38151609898,0.414663642645,0.304962128401,0.623018145561,-0.588982522488
0.647816240788,0.0251507312059,1.38228833675,0.41610071063,0.30435270071,0.621649563313,-0.589730024338
0.64720416069,0.0253343731165,1.38151288033,0.414878278971,0.30572155118,0.620964944363,-0.590603768826
0.647871792316,0.0250257998705,1.38231658936,0.416334986687,0.305009573698,0.619594395161,-0.591385602951
0.647419989109,0.0252015218139,1.38174545765,0.41538438201,0.306102722883,0.619111776352,-0.591994464397
0.647643208504,0.0249971225858,1.38209950924,0.415454775095,0.305338859558,0.619043529034,-0.592410981655
0.647637784481,0.0249047875404,1.38205885887,0.415449142456,0.305417954922,0.61847358942,-0.592968821526
0.647357106209,0.0250310599804,1.38164162636,0.415005356073,0.306259781122,0.617838978767,-0.593506872654
0.647815465927,0.0248755067587,1.38215708733,0.41616281867,0.305986613035,0.616672933102,-0.594049751759
0.647744178772,0.0248828902841,1.38216543198,0.41620850563,0.306402683258,0.615961968899,-0.594541013241
0.64764559269,0.024854131043,1.38208675385,0.416846126318,0.305952996016,0.615712404251,-0.594584107399
0.647514104843,0.0248228609562,1.38194131851,0.416050851345,0.307161301374,0.615733206272,-0.594496667385
0.647509992123,0.0248485356569,1.3819078207,0.416117042303,0.307494878769,0.615043222904,-0.594991922379
0.647433757782,0.0248369202018,1.3818423748,0.41608569026,0.307742357254,0.614516854286,-0.595429480076
0.647321283817,0.0248181670904,1.38181257248,0.415928125381,0.308084607124,0.613863170147,-0.596036851406
0.647291958332,0.0248989388347,1.38184964657,0.415849864483,0.308676242828,0.61289870739,-0.596777260303
0.647088527679,0.0250291824341,1.38160848618,0.415523171425,0.309383094311,0.6120672822,-0.597491800785
0.646995186806,0.0250063017011,1.38154399395,0.415361791849,0.309592634439,0.611504971981,-0.598070800304
0.646917939186,0.0250344723463,1.3815728426,0.415167838335,0.309999912977,0.610813975334,-0.598700225353
0.646745920181,0.0249997228384,1.38151204586,0.414909631014,0.310146450996,0.610348582268,-0.599277794361
0.646699309349,0.0250360965729,1.38152229786,0.414867818356,0.310623854399,0.609433412552,-0.599990308285
0.646567821503,0.0249299034476,1.38143897057,0.414558380842,0.310636252165,0.608896315098,-0.600742816925
0.646414399147,0.0249344110489,1.3813508749,0.415150433779,0.309966623783,0.6088539958,-0.600722789764
0.646369874477,0.0249982327223,1.38135743141,0.41428399086,0.311192631721,0.607670307159,-0.601884305477
0.646273374557,0.025025382638,1.38132345676,0.414027541876,0.311440736055,0.606832683086,-0.602777183056
0.64614969492,0.0251855328679,1.38137066364,0.413847953081,0.312089174986,0.605802536011,-0.603600561619
0.646034359932,0.0252114981413,1.38130843639,0.413562178612,0.312453985214,0.60506683588,-0.604344904423
0.64587444067,0.0251862257719,1.38124287128,0.41432800889,0.313894212246,0.600018918514,-0.608095169067
0.64572006464,0.0251193270087,1.38121783733,0.413999646902,0.314183980227,0.599225103855,-0.608951508999
0.645556628704,0.0251451134682,1.38114607334,0.414327651262,0.313777387142,0.598865747452,-0.609291434288
0.645522594452,0.0252163484693,1.38113224506,0.413434386253,0.314959734678,0.597682833672,-0.610448598862
0.645327806473,0.0252500325441,1.38104629517,0.413651734591,0.314691662788,0.597419977188,-0.610696852207
0.645231485367,0.0252830088139,1.38098466396,0.413190305233,0.315063714981,0.596322596073,-0.611888945103
0.645073473454,0.0253385677934,1.38091254234,0.411574035883,0.314148187637,0.598045110703,-0.61176776886
0.645121157169,0.0253664106131,1.38104116917,0.411594539881,0.314499050379,0.597119629383,-0.612477123737
0.644957661629,0.0253388807178,1.38102960587,0.411438018084,0.314696907997,0.596283495426,-0.613294839859
0.644955694675,0.0254252851009,1.38102960587,0.410796552896,0.315758615732,0.595108985901,-0.61431902647
0.644806444645,0.0253920927644,1.38097703457,0.410553097725,0.316025137901,0.594528913498,-0.61490637064
0.644658863544,0.0254130139947,1.38092947006,0.410328000784,0.316406220198,0.59367197752,-0.615688145161
0.644585609436,0.0254231393337,1.38088428974,0.410087943077,0.316654443741,0.592822790146,-0.616537928581
0.644502580166,0.0254664346576,1.38085126877,0.4099393785,0.316941142082,0.592119812965,-0.617164552212
0.644433498383,0.0254847407341,1.38082396984,0.40974098444,0.317242026329,0.591293275356,-0.617933750153
0.644371926785,0.0255084782839,1.38080239296,0.409640938044,0.317463725805,0.590637564659,-0.6185131073
0.644296944141,0.0256351158023,1.38073420525,0.409479439259,0.317851662636,0.590012550354,-0.619016945362
0.644245743752,0.0256311893463,1.38070940971,0.409291177988,0.318073630333,0.589427947998,-0.619584202766
0.644162356853,0.0256517827511,1.38065850735,0.409852862358,0.318650394678,0.589964687824,-0.618404686451
0.644120156765,0.025660790503,1.38064098358,0.409375578165,0.318883091211,0.587825298309,-0.620634078979
0.644032418728,0.025665551424,1.38058638573,0.409388929605,0.318104654551,0.587749540806,-0.621096372604
0.643970489502,0.0256209596992,1.3805577755,0.410578429699,0.319404959679,0.5847235322,-0.622498631477
0.643969595432,0.025659814477,1.3805719614,0.410389333963,0.319573163986,0.584223985672,-0.62300568819
0.643894731998,0.0256605967879,1.38059127331,0.410165756941,0.319814652205,0.583806633949,-0.623420000076
0.643825173378,0.0256572365761,1.38063621521,0.408901333809,0.318823873997,0.585867583752,-0.622824370861
0.643810391426,0.0256532207131,1.38062369823,0.410088062286,0.320128768682,0.583038628101,-0.62402844429
0.643711209297,0.0256516188383,1.38059926033,0.409600406885,0.320119291544,0.583609819412,-0.62381964922
0.643732428551,0.0256701931357,1.38062846661,0.408614128828,0.319727241993,0.584278345108,-0.624041438103
0.643701434135,0.0256310999393,1.38058292866,0.408315628767,0.319848239422,0.583981156349,-0.624453127384
0.64366799593,0.025521479547,1.38056588173,0.408033311367,0.319908440113,0.58359181881,-0.624970436096
0.643665492535,0.0255114883184,1.38056945801,0.407998502254,0.320042848587,0.583301186562,-0.625195741653
0.643689155579,0.0255731269717,1.38055920601,0.407973051071,0.320288985968,0.582918047905,-0.625443637371
0.643674015999,0.0254714041948,1.38054895401,0.407843858004,0.320386737585,0.582688212395,-0.625691890717
0.643678545952,0.0254376679659,1.38055288792,0.407792448997,0.320504695177,0.582441747189,-0.625894248486
0.643696904182,0.0254170447588,1.38055968285,0.407828986645,0.320759981871,0.582079172134,-0.626076996326
0.643723070621,0.0253816843033,1.38060295582,0.40783405304,0.320839971304,0.581871449947,-0.626225829124
0.643728137016,0.0253514498472,1.3805937767,0.407678604126,0.320910811424,0.581691682339,-0.626457631588
0.643759131432,0.0253240540624,1.3806385994,0.407742440701,0.32104074955,0.581366896629,-0.626650989056
0.643780827522,0.0252909660339,1.38065314293,0.407751142979,0.321130007505,0.581180512905,-0.626772403717
0.643877506256,0.0252701640129,1.38073146343,0.407097309828,0.322031229734,0.580368578434,-0.627487242222
0.643897593021,0.0252355188131,1.38074433804,0.407149583101,0.322210639715,0.580088198185,-0.627620220184
0.643923103809,0.0251881852746,1.38076364994,0.407199054956,0.322354823351,0.579866707325,-0.627718865871
0.64395403862,0.0251548737288,1.3807772398,0.407214552164,0.3224593997,0.579688847065,-0.627819359303
0.643999218941,0.0251695811749,1.38081204891,0.407275348902,0.322646260262,0.579440951347,-0.627912700176
0.643986344337,0.0251380354166,1.38092553616,0.407515525818,0.32283988595,0.57923668623,-0.627845704556
0.644024789333,0.0251876115799,1.38095402718,0.407604217529,0.323001563549,0.57900595665,-0.627917945385
0.644037425518,0.0251406431198,1.38096415997,0.407594799995,0.32309922576,0.578848600388,-0.628018856049
0.644063353539,0.0251000896096,1.38097667694,0.407591789961,0.323244154453,0.578657329082,-0.628122508526
0.643992245197,0.0250163003802,1.38094079494,0.408140480518,0.322642683983,0.579020678997,-0.627740502357
0.643985450268,0.02490696311,1.38093864918,0.408133745193,0.322750031948,0.578839361668,-0.627856910229
0.643988132477,0.0248838141561,1.38094866276,0.408261328936,0.323072254658,0.578477323055,-0.627941727638
0.644008219242,0.0248639583588,1.38095331192,0.408193320036,0.323230355978,0.578312456608,-0.628056466579
0.643993079662,0.0248127430677,1.38093161583,0.408205956221,0.323484510183,0.578006267548,-0.628199398518
0.644004940987,0.0248718261719,1.38095915318,0.408325016499,0.323697984219,0.57777017355,-0.628229141235
0.644008278847,0.024850025773,1.38096320629,0.408308982849,0.323863327503,0.577560186386,-0.628347396851
0.644001722336,0.0248341783881,1.38097083569,0.408371627331,0.324095904827,0.577297687531,-0.62842798233
0.644063353539,0.0248266384006,1.38102543354,0.407844245434,0.325015127659,0.576605319977,-0.628931343555
0.644071340561,0.0247938781977,1.38102412224,0.407723158598,0.325236439705,0.576355218887,-0.629124641418
0.643912672997,0.0247577950358,1.38124895096,0.407677650452,0.32565933466,0.576185047626,-0.629091262817
0.643924176693,0.0247510746121,1.3812494278,0.407646238804,0.32580602169,0.575914144516,-0.629283607006
0.64391463995,0.0246696770191,1.38125538826,0.407500952482,0.325804203749,0.575807929039,-0.629475951195
0.643951058388,0.0247006565332,1.38127493858,0.40749925375,0.326016575098,0.575365722179,-0.629771173
0.643953204155,0.0246584862471,1.38125479221,0.407487273216,0.326061308384,0.575182855129,-0.629922866821
0.643997013569,0.0246698632836,1.38123083115,0.407555520535,0.326216220856,0.574815571308,-0.630133628845
0.644034266472,0.024790123105,1.38125216961,0.407590955496,0.326376587152,0.574558317661,-0.630262255669
0.644037246704,0.024758964777,1.38122260571,0.407692611217,0.326482862234,0.574299514294,-0.630377411842
0.64404708147,0.0246575772762,1.38119637966,0.407521903515,0.326495796442,0.574169993401,-0.630598902702
0.644079387188,0.0247528031468,1.38119900227,0.407540857792,0.32661190629,0.57377153635,-0.630889415741
0.644111454487,0.0247703492641,1.38117194176,0.407518059015,0.326671630144,0.57358533144,-0.631042480469
0.644147694111,0.0247704535723,1.38115894794,0.407469689846,0.326724886894,0.573436439037,-0.631181299686
0.644293606281,0.0247124731541,1.38109862804,0.406567126513,0.32748952508,0.572712063789,-0.632024228573
0.644315183163,0.0247012078762,1.38108766079,0.406442552805,0.327570915222,0.572564184666,-0.632196009159
0.644336462021,0.0247440934181,1.38109147549,0.406299352646,0.327791720629,0.572351455688,-0.632366299629
0.644377112389,0.0247616395354,1.38107287884,0.406209647655,0.327805012465,0.572254061699,-0.632505238056
0.644412994385,0.0247926041484,1.381077528,0.406138420105,0.327865213156,0.572126507759,-0.632635116577
0.644500494003,0.0249309316278,1.38112306595,0.406119853258,0.328101813793,0.571841537952,-0.632782101631
0.644538283348,0.0248792394996,1.38109898567,0.405959635973,0.328057378531,0.571813821793,-0.632933020592
0.644583106041,0.0248991027474,1.38109135628,0.405901521444,0.328047245741,0.571733117104,-0.633048474789
0.644502818584,0.0250089243054,1.38097536564,0.407366335392,0.326421052217,0.572767615318,-0.632012009621
0.644569993019,0.0250402092934,1.38097298145,0.407256573439,0.326490879059,0.572615802288,-0.632184326649
0.644650697708,0.0250809788704,1.38091599941,0.407119572163,0.326442927122,0.572437942028,-0.632458209991
0.64472591877,0.0251801013947,1.38089847565,0.407173007727,0.326466232538,0.572296917439,-0.632539272308
0.644798398018,0.0252038612962,1.38087642193,0.407109439373,0.326481848955,0.572174906731,-0.632682561874
0.644830644131,0.0250708088279,1.38079285622,0.406817674637,0.326349258423,0.572184920311,-0.632929563522
0.644977748394,0.0251064896584,1.3808131218,0.406162083149,0.327029466629,0.571617305279,-0.633512198925
0.645180046558,0.0251525491476,1.38085877895,0.406379550695,0.326757609844,0.571515440941,-0.633605062962
0.645310640335,0.0251667574048,1.38081932068,0.406282037497,0.326605200768,0.571471631527,-0.633785605431
0.645396590233,0.0252092480659,1.38079404831,0.406158566475,0.32649564743,0.57146024704,-0.633931398392
0.645489633083,0.0252709984779,1.38072097301,0.406104445457,0.326369404793,0.571442723274,-0.634046673775
0.645591199398,0.025320418179,1.38071215153,0.406062662601,0.326313257217,0.571362376213,-0.634174883366
0.645701289177,0.0253729522228,1.38073813915,0.406216263771,0.326138436794,0.57133859396,-0.634187817574
0.645818769932,0.0253973975778,1.38073754311,0.406157016754,0.326032936573,0.571279585361,-0.634333252907
0.645950675011,0.0254985839128,1.38078486919,0.406307041645,0.325945615768,0.57115727663,-0.634392142296
0.64600533247,0.0255078151822,1.38077032566,0.40649881959,0.325766742229,0.571186840534,-0.634334623814
0.646130144596,0.0256121754646,1.38080203533,0.406475931406,0.325738370419,0.571121275425,-0.634422779083
0.64621168375,0.0256486386061,1.38081479073,0.406381815672,0.325493663549,0.571229338646,-0.634511351585
0.646292805672,0.025699429214,1.38083291054,0.406410008669,0.325346946716,0.571227967739,-0.634569942951
0.646374702454,0.0257486253977,1.38084733486,0.406421601772,0.325239688158,0.571188271046,-0.634653151035
0.646426558495,0.025731600821,1.38085699081,0.406460136175,0.324922978878,0.571328759193,-0.634664237499
0.646501064301,0.0257676914334,1.38087832928,0.406370669603,0.324713170528,0.571310222149,-0.634845554829
0.646653711796,0.0258200466633,1.38087260723,0.406573534012,0.32456278801,0.571145713329,-0.634940505028
0.646835744381,0.0258536040783,1.38094568253,0.406681090593,0.32433873415,0.570978939533,-0.635136127472
0.646957099438,0.0258968472481,1.38094675541,0.407076269388,0.324375361204,0.570644557476,-0.635164678097
0.64705747366,0.0259408429265,1.38100659847,0.407180011272,0.324136078358,0.570578813553,-0.635279536247
0.647176027298,0.0259792432189,1.38104152679,0.407052099705,0.323909372091,0.570361912251,-0.635671675205
0.647266507149,0.026016280055,1.38107955456,0.407123535872,0.323762655258,0.570166528225,-0.635876059532
0.647403538227,0.0259094461799,1.38112282753,0.406535029411,0.324211537838,0.569485783577,-0.636633515358
0.647485077381,0.0259733349085,1.38115870953,0.406058043242,0.323791444302,0.569556295872,-0.637088477612
0.647525668144,0.0262061357498,1.38119328022,0.406791418791,0.323260843754,0.569616019726,-0.636836528778
0.64761865139,0.0262816101313,1.38122367859,0.406938672066,0.323360234499,0.569257736206,-0.63701236248
0.647622942924,0.0262988805771,1.38119959831,0.407527536154,0.322527289391,0.569530427456,-0.63681447506
0.647713243961,0.0264084711671,1.3812366724,0.407461345196,0.322512447834,0.56921929121,-0.637142300606
0.6478703022,0.0265129357576,1.381305933,0.406896561384,0.323187977076,0.568393707275,-0.63789755106
0.647933781147,0.026665866375,1.38110542297,0.406664431095,0.323172867298,0.567949295044,-0.638448834419
0.648151934147,0.0267054960132,1.38128149509,0.406870961189,0.322934269905,0.567555189133,-0.638788342476
0.648228645325,0.0267737731338,1.38127362728,0.406795352697,0.322737634182,0.567336022854,-0.639130473137
0.648460149765,0.0268991962075,1.38127732277,0.406942844391,0.32248327136,0.56693726778,-0.639518737793
0.648646235466,0.0270766019821,1.38126921654,0.407212764025,0.322739005089,0.565556406975,-0.640439927578
0.648754835129,0.0271867662668,1.38125014305,0.407023221254,0.322323679924,0.565953195095,-0.640419006348
0.648900330067,0.0273664146662,1.38123989105,0.406846493483,0.322349727154,0.56523424387,-0.641152739525
0.648963928223,0.0275169983506,1.38118183613,0.407638370991,0.321664184332,0.565100908279,-0.641111552715
0.649026095867,0.0277688279748,1.38101065159,0.407322913408,0.321918845177,0.564458250999,-0.641749978065
0.649158239365,0.0279988795519,1.38097989559,0.407424330711,0.321958214045,0.56392878294,-0.642131388187
0.649285495281,0.0281434431672,1.38093364239,0.407407999039,0.322004824877,0.563421666622,-0.642563343048
0.649594604969,0.0284082815051,1.38092470169,0.406987249851,0.322647690773,0.562357127666,-0.643439412117
0.649945557117,0.0285033211112,1.38104426861,0.40734565258,0.322365105152,0.561730444431,-0.643901348114
0.650077819824,0.0287061035633,1.38096928596,0.407980501652,0.321732342243,0.561435163021,-0.644073545933
0.650315880775,0.028942450881,1.38085031509,0.406190931797,0.32361766696,0.559506833553,-0.645935475826
0.650356769562,0.0292663276196,1.38071787357,0.40767121315,0.322134912014,0.559854090214,-0.645442962646
0.65050804615,0.0294605046511,1.38066923618,0.407553255558,0.322172909975,0.559104025364,-0.646148383617
0.650733649731,0.0296078622341,1.38080692291,0.407770723104,0.322041600943,0.558118581772,-0.646928012371
0.650889933109,0.0298087224364,1.38076686859,0.40757393837,0.322039157152,0.55701559782,-0.648002922535
0.651296317577,0.0301456600428,1.38080143929,0.406948775053,0.322851777077,0.555038928986,-0.649685561657
0.651519238949,0.0304458588362,1.38076412678,0.406772136688,0.322839021683,0.553737342358,-0.650911986828
0.651616513729,0.0306346490979,1.38069486618,0.406454861164,0.322845935822,0.552187085152,-0.652421891689
0.651825845242,0.0308667123318,1.38059616089,0.405821084976,0.322688430548,0.550719022751,-0.65413326025
0.651980698109,0.0311103612185,1.38056004047,0.406000286341,0.323102146387,0.548518180847,-0.655665040016
0.652190566063,0.0313834398985,1.38061273098,0.405392229557,0.323167294264,0.546401619911,-0.657773017883
0.652333140373,0.0315854623914,1.38057279587,0.404827058315,0.323134869337,0.54430013895,-0.659876048565
0.652462363243,0.0317906290293,1.38053536415,0.404737442732,0.322222262621,0.542968690395,-0.661472320557
0.652605712414,0.0319828614593,1.38049638271,0.403613835573,0.322776198387,0.540666997433,-0.663770020008
0.652680158615,0.032187089324,1.3804255724,0.403222054243,0.321983635426,0.538818717003,-0.665892481804
0.652865231037,0.0324435979128,1.38033628464,0.402572631836,0.321822971106,0.536524415016,-0.668211698532
0.653078138828,0.0327151864767,1.38030040264,0.400623559952,0.322387337685,0.533287346363,-0.671693146229
0.65312564373,0.032918728888,1.38020849228,0.400454670191,0.321621328592,0.530786693096,-0.674137413502
0.653279304504,0.0332032293081,1.38019526005,0.400170445442,0.321891278028,0.528783500195,-0.675749719143
0.653498411179,0.0334862843156,1.38014376163,0.39872059226,0.322623670101,0.525100827217,-0.679120838642
0.653694033623,0.0337607860565,1.3801381588,0.397846400738,0.322547525167,0.521572351456,-0.682381033897
0.653822243214,0.0340550541878,1.3801265955,0.397063046694,0.322490155697,0.518180906773,-0.685441255569
0.653875291348,0.03432546556,1.38012504578,0.395822823048,0.322456747293,0.51487326622,-0.688659191132
0.653953850269,0.0346150621772,1.38010370731,0.39425098896,0.322390973568,0.511776506901,-0.691892385483
0.653969705105,0.0348775461316,1.38006722927,0.392819017172,0.32241281867,0.508350133896,-0.695214688778
0.654040157795,0.0352551564574,1.38003778458,0.391599357128,0.322487831116,0.504841864109,-0.698416948318
0.654066383839,0.0355629995465,1.38001430035,0.390005111694,0.322487413883,0.501207828522,-0.70191770792
0.65409809351,0.0358996838331,1.38000094891,0.388770759106,0.322706818581,0.497475087643,-0.705149710178
0.654127001762,0.0362869501114,1.37996089458,0.38748639822,0.322801083326,0.493479281664,-0.708612799644
0.654134750366,0.0365930572152,1.37972784042,0.386507689953,0.322035193443,0.490021973848,-0.711887419224
0.654174625874,0.0369506925344,1.37977027893,0.384308695793,0.32269141078,0.485618650913,-0.715787529945
0.654100954533,0.037305675447,1.37970423698,0.383696973324,0.322316050529,0.482200503349,-0.718590080738
0.654077410698,0.0375808924437,1.37964117527,0.382132649422,0.322636038065,0.476769715548,-0.722890973091
0.653967380524,0.0380080267787,1.37959170341,0.381138563156,0.322447568178,0.474143892527,-0.725222945213
0.653833806515,0.0384445264935,1.37964522839,0.378585338593,0.323437809944,0.469791918993,-0.728942275047
0.653757989407,0.0388629734516,1.37956213951,0.377023816109,0.323512017727,0.466060578823,-0.732106864452
0.653619229794,0.0392336249352,1.37951731682,0.375378161669,0.323706775904,0.460875928402,-0.736137628555
0.653386235237,0.0396630316973,1.37945234776,0.373147726059,0.322331666946,0.455540090799,-0.74117910862
0.653254985809,0.0401106923819,1.37944209576,0.37042978406,0.322951823473,0.451383322477,-0.744806706905
0.652895450592,0.0405476912856,1.37941348553,0.369446516037,0.322748482227,0.448372453451,-0.747197985649
0.652763128281,0.0409646332264,1.37943434715,0.367012679577,0.323397874832,0.444270223379,-0.750559449196
0.652559578419,0.0414411500096,1.37943065166,0.365936219692,0.323976039886,0.440376102924,-0.753126263618
0.6521884799,0.0418552681804,1.37940895557,0.363703966141,0.323840677738,0.436994105577,-0.756229460239
0.651958405972,0.0423730388284,1.37942183018,0.364239990711,0.325447112322,0.434972554445,-0.756447196007
0.651678979397,0.0428359508514,1.37938177586,0.362878024578,0.32573607564,0.431356668472,-0.759043514729
0.651338815689,0.0433414429426,1.37941086292,0.358684360981,0.324361264706,0.427102446556,-0.764014959335
0.651075482368,0.0438436120749,1.37934792042,0.358008414507,0.325388550758,0.42319715023,-0.76606553793
0.650601923466,0.0442864596844,1.3792591095,0.356185078621,0.32426699996,0.421260356903,-0.76845484972
0.650327563286,0.0447686314583,1.37932693958,0.354684829712,0.325928151608,0.417331963778,-0.770586550236
0.649905443192,0.0452320873737,1.37930691242,0.352216660976,0.325363814831,0.415277600288,-0.773063063622
0.649510025978,0.0457632318139,1.37929391861,0.350833237171,0.325576156378,0.412888675928,-0.774880170822
0.649107277393,0.0462945103645,1.37924814224,0.352742284536,0.326875656843,0.412060201168,-0.773906707764
0.648678660393,0.0468331202865,1.37926185131,0.34889742732,0.325611174107,0.408437162638,-0.778092026711
0.648413002491,0.0473699495196,1.37924098969,0.348762363195,0.326794594526,0.405166834593,-0.779365181923
0.648027777672,0.0479236766696,1.37932288647,0.345551878214,0.326805919409,0.402963399887,-0.781928598881
0.647691845894,0.0484793409705,1.37932014465,0.345083534718,0.326510757208,0.40100723505,-0.783263206482
0.647404670715,0.049019947648,1.37923228741,0.345213711262,0.327614068985,0.398376703262,-0.784087061882
0.647008359432,0.049630984664,1.37921774387,0.342987120152,0.32691052556,0.397243499756,-0.785930633545
0.646778404713,0.0502036064863,1.37921011448,0.342161029577,0.327202528715,0.395187586546,-0.787204682827
0.646502256393,0.0508222952485,1.37906837463,0.341000974178,0.327330440283,0.393095076084,-0.788701057434
0.646147191525,0.0514019429684,1.37900459766,0.341095983982,0.328816175461,0.390298306942,-0.789430677891
0.645853042603,0.0519652366638,1.37891829014,0.339562475681,0.329042226076,0.387158095837,-0.791541039944
0.645554661751,0.0525942966342,1.37880671024,0.338963866234,0.329146683216,0.386012762785,-0.792313158512
0.64524102211,0.0532078444958,1.37876832485,0.34015250206,0.330407083035,0.387081116438,-0.790756464005
0.644918143749,0.0538327991962,1.37864911556,0.336936891079,0.328483372927,0.384502083063,-0.794185340405
0.644719302654,0.0544613674283,1.37855815887,0.335878074169,0.329136312008,0.382600009441,-0.795281410217
0.644302248955,0.0551142394543,1.37851929665,0.335322797298,0.329586923122,0.381237536669,-0.795983076096
0.644057929516,0.0557557567954,1.37839794159,0.334566682577,0.329673886299,0.380017668009,-0.796847999096
0.643751978874,0.056490316987,1.37833666801,0.333858698606,0.330391526222,0.378559172153,-0.797541677952
0.643526136875,0.057212240994,1.37827801704,0.333901971579,0.330845057964,0.377472966909,-0.797850430012
0.643290221691,0.0579050406814,1.37815773487,0.333797991276,0.33132904768,0.376535505056,-0.79813593626
0.642902612686,0.0586367473006,1.37801039219,0.333681404591,0.33188611269,0.375424921513,-0.798476457596
0.642679154873,0.0593516305089,1.3779425621,0.333686500788,0.332164317369,0.374957293272,-0.798578262329
0.642483890057,0.0601189360023,1.37784278393,0.333710938692,0.33271163702,0.373692154884,-0.798933088779
0.64222997427,0.0608984678984,1.37775814533,0.333435058594,0.333417654037,0.372412532568,-0.799351394176
0.642051577568,0.0616608038545,1.37766635418,0.333463698626,0.333989650011,0.37147039175,-0.799539029598
0.641857802868,0.062385559082,1.3775510788,0.333421558142,0.334271639585,0.370785713196,-0.799756646156
0.641793847084,0.0631962120533,1.37743127346,0.333584964275,0.334642916918,0.369712680578,-0.800029814243
0.641646921635,0.0640133991838,1.37738883495,0.331941157579,0.335959464312,0.368988037109,-0.800496280193
0.641591787338,0.0648202598095,1.37726533413,0.331939637661,0.336397707462,0.368019908667,-0.800758361816
0.641647875309,0.0655419677496,1.3772482872,0.332350730896,0.338017523289,0.365700751543,-0.800968289375
0.641541421413,0.0664175152779,1.37709569931,0.331818342209,0.336956381798,0.365565210581,-0.801697611809
