x,y,z,q0,q1,q2,q3
0.715446472168,-0.0925687029958,1.53874981403,-0.118700891733,0.110001817346,0.658836603165,-0.734672784805
0.715604007244,-0.0921177119017,1.53899288177,-0.119432613254,0.111217886209,0.659470617771,-0.733801782131
0.715574324131,-0.0915682911873,1.53876924515,-0.12005918473,0.11128924042,0.660116195679,-0.733107924461
0.715912818909,-0.0910328924656,1.53816080093,-0.120658993721,0.110865913332,0.660582602024,-0.732653141022
0.716449737549,-0.0906476899981,1.53824210167,-0.121791109443,0.112083353102,0.660821557045,-0.732064962387
0.716686248779,-0.0904452875257,1.53849637508,-0.121654346585,0.113194860518,0.661452591419,-0.731346487999
0.71675825119,-0.090126529336,1.53834569454,-0.121193170547,0.113412305713,0.661786973476,-0.731086850166
0.717082381248,-0.0897397845984,1.53840553761,-0.121404573321,0.113907836378,0.66228300333,-0.730525255203
0.717468500137,-0.0894554406404,1.53864097595,-0.12133576721,0.11494101584,0.662900447845,-0.729814469814
0.717839360237,-0.0889549851418,1.53852105141,-0.121952913702,0.11492036283,0.663307011127,-0.729345500469
0.718805491924,-0.0885536745191,1.53854739666,-0.124204143882,0.115653187037,0.665595650673,-0.726759970188
0.719245254993,-0.0885448381305,1.53854894638,-0.121773168445,0.116210944951,0.664171934128,-0.728383123875
0.719605088234,-0.0882877334952,1.53894281387,-0.121104709804,0.116952933371,0.664839684963,-0.727766335011
0.719248533249,-0.0871116891503,1.53886020184,-0.122210323811,0.115613497794,0.667103827,-0.725720822811
0.719751536846,-0.0870130285621,1.53862679005,-0.120091088116,0.115465551615,0.665423095226,-0.727638542652
0.720752954483,-0.0865731835365,1.5385941267,-0.121961571276,0.115604296327,0.668181538582,-0.724772155285
0.721213638783,-0.0861815810204,1.53858053684,-0.121447466314,0.11556878686,0.668607294559,-0.724471330643
0.721855938435,-0.0861883461475,1.53881716728,-0.119249686599,0.116251416504,0.66641497612,-0.72674369812
0.722144246101,-0.0858647152781,1.5388020277,-0.11854133755,0.116351291537,0.667040228844,-0.72626978159
0.722633600235,-0.0853472799063,1.53856182098,-0.11827917397,0.115757212043,0.667578876019,-0.725912392139
0.722351670265,-0.084215298295,1.53854656219,-0.119277268648,0.115005962551,0.670230567455,-0.723420858383
0.723755300045,-0.0844588577747,1.53868103027,-0.118398420513,0.116339288652,0.668634295464,-0.724827706814
0.724174976349,-0.0841130837798,1.53902542591,-0.117972411215,0.117217674851,0.669134318829,-0.724294126034
0.723748862743,-0.0831335410476,1.53896379471,-0.118420474231,0.116379216313,0.67145305872,-0.722207248211
0.725064575672,-0.0835120230913,1.53947031498,-0.118288062513,0.123500831425,0.672235131264,-0.720316231251
0.725457727909,-0.0830310955644,1.53925251961,-0.118246272206,0.123254932463,0.67293202877,-0.719714403152
0.725969851017,-0.0829663276672,1.53905558586,-0.116509087384,0.123643621802,0.671680450439,-0.721098661423
0.727172374725,-0.0830971375108,1.53965687752,-0.117160744965,0.126378983259,0.672163546085,-0.72006803751
0.727578520775,-0.0822937712073,1.5392332077,-0.119195796549,0.125846654177,0.674196600914,-0.717923402786
0.728121995926,-0.0824205726385,1.53989195824,-0.117730937898,0.128315895796,0.673066437244,-0.718787908554
0.727878153324,-0.0816150903702,1.53967952728,-0.117643013597,0.127995505929,0.673917293549,-0.718061923981
0.728380203247,-0.0811099335551,1.53929042816,-0.118433058262,0.128089040518,0.674358010292,-0.717501282692
0.728771686554,-0.0803373903036,1.53889524937,-0.121120154858,0.128071725368,0.676535844803,-0.715001285076
0.729158043861,-0.0800045952201,1.53888845444,-0.121836729348,0.12911529839,0.67682415247,-0.714418888092
0.730311572552,-0.0800495222211,1.53896808624,-0.123160533607,0.131372004747,0.677214205265,-0.713409900665
0.730217456818,-0.0795997306705,1.5385594368,-0.121893592179,0.131222173572,0.675761520863,-0.71503084898
0.730477511883,-0.0792161971331,1.53834867477,-0.122372604907,0.131546616554,0.67535161972,-0.71527671814
0.73099386692,-0.078900411725,1.53846335411,-0.123653739691,0.132585972548,0.675539731979,-0.714686512947
0.731882333755,-0.0789170786738,1.53849041462,-0.124704800546,0.134172365069,0.675978183746,-0.713792681694
0.732457637787,-0.078500457108,1.5384734869,-0.125877574086,0.134772762656,0.675944626331,-0.713505506516
0.732141971588,-0.0773826986551,1.53816378117,-0.127885192633,0.133609011769,0.67800951004,-0.711404919624
0.73245292902,-0.0768927335739,1.53804814816,-0.128777012229,0.132530927658,0.678003132343,-0.71145182848
0.733280837536,-0.0771144628525,1.53825592995,-0.128887504339,0.133744820952,0.678196310997,-0.711020648479
0.733802676201,-0.0771730095148,1.53836488724,-0.127112030983,0.134064421058,0.676092684269,-0.713279783726
0.733563005924,-0.0760905370116,1.53787899017,-0.128115832806,0.131880640984,0.677832305431,-0.711854755878
0.734202802181,-0.0762700736523,1.53808403015,-0.126110985875,0.130475431681,0.677011549473,-0.713251531124
0.73505884409,-0.0765695571899,1.53857111931,-0.125631764531,0.134733140469,0.67611259222,-0.713397085667
0.735413014889,-0.0759208649397,1.53832161427,-0.126720488071,0.133337900043,0.677452027798,-0.712194919586
0.736023247242,-0.0750990584493,1.53833985329,-0.125967994332,0.132357046008,0.674931585789,-0.714899301529
0.736122250557,-0.0755610093474,1.53858029842,-0.125264525414,0.132635116577,0.677176356316,-0.712845742702
0.736610591412,-0.0751892924309,1.53834617138,-0.124761246145,0.131243690848,0.676818430424,-0.713530957699
0.736932635307,-0.0750883594155,1.53835248947,-0.122060626745,0.130296945572,0.67480802536,-0.716071367264
0.737351000309,-0.0744990482926,1.53836798668,-0.12334780395,0.129380315542,0.676002800465,-0.714889109135
0.738192439079,-0.0747478753328,1.53847885132,-0.121635362506,0.129577666521,0.673484623432,-0.717518568039
0.738494694233,-0.0746125280857,1.5385414362,-0.120661370456,0.129161775112,0.672945559025,-0.718263506889
0.739288330078,-0.0733964294195,1.53887629509,-0.122477754951,0.128626912832,0.671656370163,-0.719258010387
0.739289224148,-0.0740678682923,1.53885817528,-0.12015414983,0.128708511591,0.672181129456,-0.719145059586
0.739781916142,-0.0725786685944,1.53845834732,-0.123032793403,0.126479357481,0.672538340092,-0.71871984005
0.740144431591,-0.0723785832524,1.53851401806,-0.122749298811,0.126286283135,0.671999454498,-0.71930617094
0.740567624569,-0.0726310834289,1.53928756714,-0.120604597032,0.127910852432,0.669712305069,-0.721511602402
0.740741968155,-0.0720863938332,1.53893494606,-0.12189193815,0.126650601625,0.670685172081,-0.7206133008
0.74119925499,-0.0722143054008,1.53894066811,-0.120207034051,0.126861795783,0.668023645878,-0.723326265812
0.741451919079,-0.0720513015985,1.53899085522,-0.120200917125,0.126952305436,0.667598009109,-0.723704278469
0.741705596447,-0.0718484967947,1.53895747662,-0.120324291289,0.126921132207,0.667207479477,-0.724049210548
0.74192494154,-0.0717023015022,1.53901040554,-0.120323322713,0.12719322741,0.666612327099,-0.724549710751
0.742338657379,-0.0710799023509,1.53897511959,-0.122901305556,0.127162888646,0.667804777622,-0.723022818565
0.742389917374,-0.0709435790777,1.53891158104,-0.122807458043,0.127330169082,0.667584955692,-0.723212063313
0.742560386658,-0.070762142539,1.53888821602,-0.123203232884,0.127499997616,0.667125701904,-0.723538517952
0.742698788643,-0.0705848485231,1.53883063793,-0.123567000031,0.127679049969,0.666561484337,-0.723964869976
0.742908477783,-0.070821300149,1.53886818886,-0.12207249552,0.128417879343,0.664300739765,-0.726162433624
0.742921710014,-0.0705071762204,1.53871500492,-0.122787959874,0.127391800284,0.663673043251,-0.726796090603
0.742996871471,-0.0700363144279,1.53869092464,-0.124988295138,0.127502992749,0.665180683136,-0.725021183491
0.743077754974,-0.069817520678,1.53820967674,-0.125363722444,0.126759290695,0.664775013924,-0.725458621979
0.743097364902,-0.0696147978306,1.53813648224,-0.124255917966,0.124809920788,0.663603246212,-0.72705835104
0.74307179451,-0.0691459476948,1.53806817532,-0.126313433051,0.124685771763,0.665181815624,-0.7252805233
0.743147969246,-0.069096416235,1.53837502003,-0.126729086041,0.125825986266,0.665140092373,-0.725049197674
0.743376255035,-0.0692857354879,1.53831624985,-0.125441104174,0.126390948892,0.662883281708,-0.727238357067
0.743432998657,-0.0686587244272,1.53817200661,-0.12801900506,0.125944048166,0.664718866348,-0.72518825531
0.743513941765,-0.0685761645436,1.53822100163,-0.128438472748,0.126635372639,0.664560556412,-0.725138783455
0.743730425835,-0.0684452578425,1.53827798367,-0.129236996174,0.127233251929,0.664365053177,-0.725071489811
0.743872225285,-0.0683299973607,1.53824448586,-0.129737019539,0.127641707659,0.664268910885,-0.724998414516
0.743980228901,-0.0681942328811,1.5379691124,-0.130123406649,0.127411440015,0.664010167122,-0.725206792355
0.744207203388,-0.0683757066727,1.53792774677,-0.128767192364,0.127818658948,0.661987245083,-0.727223753929
0.744330108166,-0.068266287446,1.53797662258,-0.129223689437,0.128138393164,0.661907315254,-0.727159261703
0.744413614273,-0.0681732669473,1.53825032711,-0.129730954766,0.128919646144,0.661968767643,-0.726874828339
0.744516611099,-0.0680413097143,1.53821063042,-0.130015805364,0.128980070353,0.66189044714,-0.726884484291
0.744599640369,-0.0678899288177,1.53815031052,-0.130302771926,0.129018440843,0.661831438541,-0.726880073547
0.744914829731,-0.067690782249,1.53821969032,-0.131049022079,0.129345446825,0.661571979523,-0.726924002171
0.744842886925,-0.0676204264164,1.53811895847,-0.13081869483,0.129285082221,0.661522328854,-0.727021455765
0.744920134544,-0.0675244629383,1.53814888,-0.130937591195,0.129529371858,0.661479413509,-0.726995587349
0.745020449162,-0.0673794448376,1.53813326359,-0.131120741367,0.12962372601,0.661517739296,-0.726910769939
0.745072185993,-0.0672826394439,1.53815412521,-0.13114477694,0.129812121391,0.661478877068,-0.726908147335
0.745257496834,-0.0671695768833,1.53814959526,-0.131323352456,0.130202949047,0.661496758461,-0.72678989172
0.745310246944,-0.0667212381959,1.53810667992,-0.133231729269,0.130207166076,0.663345277309,-0.724754154682
0.745533227921,-0.0669498592615,1.53810143471,-0.131657615304,0.130937367678,0.661654889584,-0.7264534235
0.745618343353,-0.0667819082737,1.53807008266,-0.131769567728,0.130890637636,0.661960184574,-0.726163268089
0.745737612247,-0.0666574984789,1.53778421879,-0.131757974625,0.130706161261,0.661807537079,-0.726337850094
0.745894432068,-0.0665442794561,1.53776466846,-0.131919816136,0.131000474095,0.662268519402,-0.725835025311
0.745972275734,-0.0664060935378,1.53767752647,-0.132002651691,0.131011232734,0.662413954735,-0.725685358047
0.745983660221,-0.0659297332168,1.53761696815,-0.133938655257,0.130797401071,0.664342045784,-0.723603665829
0.746178627014,-0.0662037283182,1.53764379025,-0.132225736976,0.131388619542,0.662437736988,-0.725554704666
0.746262669563,-0.0660972297192,1.53759598732,-0.132345229387,0.131515726447,0.662552416325,-0.725405216217
0.746386528015,-0.0660367682576,1.53762280941,-0.132533222437,0.131851151586,0.662618100643,-0.725249946117
0.746445119381,-0.0659122243524,1.53755187988,-0.132557183504,0.131872519851,0.662760138512,-0.72511190176
0.746520280838,-0.0658287778497,1.53752315044,-0.132656991482,0.132072091103,0.662881672382,-0.724946260452
0.746625065804,-0.0657743215561,1.53750407696,-0.132581353188,0.132585272193,0.663047790527,-0.724714577198
0.746714890003,-0.065779492259,1.53802859783,-0.132884055376,0.133973613381,0.663430154324,-0.724053561687
0.746775746346,-0.0657097697258,1.5379011631,-0.132946923375,0.13387440145,0.663625717163,-0.723880946636
0.746873736382,-0.0654664412141,1.53765296936,-0.133165493608,0.133447542787,0.663587629795,-0.723954558372
0.746960878372,-0.0653652027249,1.53761422634,-0.133266270161,0.13354870677,0.663886666298,-0.723643124104
0.747073709965,-0.065315797925,1.53754365444,-0.133353173733,0.133800148964,0.664128541946,-0.723358690739
0.747204720974,-0.0652474835515,1.53756833076,-0.133526802063,0.134075969458,0.664365172386,-0.723058223724
0.747307062149,-0.0651650056243,1.53756713867,-0.133636519313,0.134247899055,0.664613366127,-0.722778141499
0.747406482697,-0.0651753768325,1.53783774376,-0.133711740375,0.13512326777,0.664996862411,-0.722247958183
0.747510373592,-0.0650847181678,1.53782129288,-0.133854061365,0.135180458426,0.665284752846,-0.721945762634
0.747676134109,-0.0649107694626,1.53752338886,-0.133894041181,0.134477213025,0.665688693523,-0.72169727087
0.747774541378,-0.0648620426655,1.53751027584,-0.133736997843,0.134515628219,0.6657756567,-0.721638977528
0.747891426086,-0.0647979304194,1.53752231598,-0.133733123541,0.134577348828,0.665946543217,-0.721470534801
0.747979104519,-0.0647304579616,1.53752303123,-0.133666157722,0.134546592832,0.666161179543,-0.72129034996
0.748039841652,-0.0646558254957,1.53750491142,-0.133513122797,0.134439781308,0.666376113892,-0.721140146255
0.748117268085,-0.0645760670304,1.53753173351,-0.133367404342,0.134376510978,0.666743636131,-0.720839083195
0.748207628727,-0.0644899532199,1.53755140305,-0.133290737867,0.134323373437,0.667073130608,-0.720558226109
0.748403549194,-0.0638580843806,1.53723013401,-0.13514252007,0.133214458823,0.668947279453,-0.718679487705
0.74842530489,-0.0638531520963,1.53729176521,-0.134878411889,0.13328576088,0.6693546772,-0.71833640337
0.748334288597,-0.0638382956386,1.53722083569,-0.134334892035,0.133079051971,0.669706642628,-0.71814852953
0.748680472374,-0.0636476427317,1.53723907471,-0.134615749121,0.132974043489,0.670193731785,-0.717660784721
0.74871468544,-0.0636687502265,1.53756999969,-0.134383901954,0.133624538779,0.670632243156,-0.717173576355
0.748782873154,-0.063664406538,1.53786146641,-0.134185895324,0.134347483516,0.671069264412,-0.716666579247
0.748846292496,-0.0635943859816,1.53785395622,-0.134041264653,0.134278222919,0.671407938004,-0.716389358044
0.748904585838,-0.0635320618749,1.53787577152,-0.13387016952,0.134268373251,0.671697199345,-0.716152012348
0.748876810074,-0.063506603241,1.53793942928,-0.133540660143,0.134219869971,0.672024428844,-0.715915560722
0.748720765114,-0.0634774938226,1.53785800934,-0.132987603545,0.133943244815,0.672520518303,-0.715604603291
0.748807609081,-0.0639076977968,1.53772938251,-0.130135864019,0.133959159255,0.671024918556,-0.717527151108
0.74879693985,-0.0637369602919,1.5374956131,-0.129965513945,0.133258268237,0.67117613554,-0.717547118664
0.748885452747,-0.0636629089713,1.53744721413,-0.129915013909,0.133209213614,0.67133051157,-0.717420995235
0.748925805092,-0.0635992661119,1.53743612766,-0.129942983389,0.133222252131,0.671538114548,-0.717219114304
0.74894964695,-0.0635424032807,1.53731369972,-0.129819259048,0.133022025228,0.671717643738,-0.717110693455
0.749158143997,-0.0633375644684,1.53736114502,-0.130828887224,0.133287891746,0.671571493149,-0.717014551163
0.749409258366,-0.0632356703281,1.53754854202,-0.131397083402,0.13383872807,0.671647071838,-0.716737151146
0.749269664288,-0.0632635876536,1.53746449947,-0.130886971951,0.133739992976,0.672014415264,-0.716504633427
0.749344050884,-0.0632469952106,1.53716564178,-0.130285292864,0.133094102144,0.672398507595,-0.716374218464
0.749385297298,-0.0632206052542,1.53716897964,-0.130317881703,0.133222803473,0.67258733511,-0.716167092323
0.749446749687,-0.0632416903973,1.53715014458,-0.130161330104,0.133597567677,0.672797620296,-0.715928196907
0.749335110188,-0.0632426813245,1.53704750538,-0.129832655191,0.133442088962,0.673448741436,-0.715404450893
0.749361693859,-0.0632240101695,1.53693556786,-0.129745677114,0.133338600397,0.673633098602,-0.715265929699
0.749580085278,-0.0630524307489,1.53694057465,-0.130758985877,0.133568078279,0.673395216465,-0.715262711048
0.749662280083,-0.0630769506097,1.53688108921,-0.130612358451,0.133926570415,0.673599898815,-0.715029656887
0.749929428101,-0.0630197525024,1.53697896004,-0.13106033206,0.134283915162,0.673603475094,-0.714877128601
0.749780058861,-0.0630360841751,1.53681337833,-0.130636632442,0.133950248361,0.673893332481,-0.714744329453
0.750045537949,-0.0629897341132,1.53690814972,-0.13109600544,0.134288609028,0.673813819885,-0.714671492577
0.750018179417,-0.0630698502064,1.53736150265,-0.131058484316,0.135276466608,0.674085259438,-0.714236021042
0.750080406666,-0.0630741268396,1.53735220432,-0.131009623408,0.135260283947,0.674172580242,-0.714165687561
0.750150620937,-0.0630229189992,1.53693020344,-0.130855515599,0.134317174554,0.674140751362,-0.714401781559
0.750226855278,-0.0630257949233,1.53691911697,-0.130771756172,0.13423871994,0.674163937569,-0.714410066605
0.750106692314,-0.0631540715694,1.53711080551,-0.130259633064,0.134593471885,0.67453533411,-0.71408623457
0.750177979469,-0.0631720721722,1.53710770607,-0.130077794194,0.134474754333,0.674541413784,-0.714136004448
0.750291526318,-0.0631918385625,1.53708291054,-0.129984691739,0.134314715862,0.674653768539,-0.71407687664
0.75038933754,-0.0631969198585,1.53707516193,-0.129853650928,0.134139016271,0.674674510956,-0.714114189148
0.75050932169,-0.0632405206561,1.537083745,-0.129525244236,0.134020119905,0.674524664879,-0.714337766171
0.750638186932,-0.0632367432117,1.53709340096,-0.129428878427,0.133605480194,0.674711108208,-0.714256644249
0.750740885735,-0.0632614046335,1.53717803955,-0.129202544689,0.13364186883,0.674656033516,-0.714342951775
0.750839829445,-0.0633014589548,1.53717637062,-0.128928482533,0.133541569114,0.6745865345,-0.714476764202
0.751075983047,-0.0629319995642,1.53723180294,-0.130865499377,0.133342981339,0.676153123379,-0.712678790092
0.751155972481,-0.0629633441567,1.53722548485,-0.130632475019,0.133209258318,0.67607986927,-0.71281594038
0.751255750656,-0.0630035623908,1.53724229336,-0.130411729217,0.13314370811,0.675966382027,-0.71297621727
0.75115609169,-0.0630973875523,1.53714990616,-0.12977412343,0.132840290666,0.675967395306,-0.713148117065
0.751199603081,-0.0632201358676,1.53745472431,-0.1295453161,0.133480221033,0.676024138927,-0.713016450405
0.751353502274,-0.0636190101504,1.53751468658,-0.127604559064,0.133776634932,0.674072146416,-0.71515583992
0.751444876194,-0.063689135015,1.53754985332,-0.127483949065,0.133877441287,0.673980414867,-0.715244889259
0.751556515694,-0.0637010782957,1.53760302067,-0.127512156963,0.133926317096,0.673860907555,-0.715343117714
0.7516233325,-0.0637753084302,1.53762090206,-0.127346500754,0.1339764148,0.673727452755,-0.715489089489
0.751639902592,-0.0635093599558,1.53762316704,-0.129037111998,0.133801355958,0.675457715988,-0.713585138321
0.751719534397,-0.0635869652033,1.53765869141,-0.129016846418,0.133944660425,0.675289511681,-0.713720977306
0.751825630665,-0.0636399835348,1.53769636154,-0.129100933671,0.134090259671,0.67512601614,-0.713833272457
0.751904964447,-0.0636780560017,1.53743171692,-0.129109144211,0.133617550135,0.674956858158,-0.71408033371
0.751936674118,-0.0637446865439,1.53742671013,-0.129155293107,0.133655324578,0.674804568291,-0.71420866251
0.751936614513,-0.0638605952263,1.5374802351,-0.129140764475,0.133808493614,0.674697458744,-0.714283704758
0.752012491226,-0.0639335587621,1.53750383854,-0.129226997495,0.133931070566,0.674897074699,-0.714056551456
0.752152383327,-0.064382314682,1.53751981258,-0.127448603511,0.134317830205,0.672884643078,-0.716199636459
0.752182304859,-0.0645391717553,1.5378203392,-0.127679005265,0.135011181235,0.672933042049,-0.715982675552
0.752174556255,-0.0646709501743,1.53789281845,-0.127807572484,0.135285362601,0.672770917416,-0.716060400009
0.752250313759,-0.0647484138608,1.53785443306,-0.127931267023,0.135339573026,0.672667086124,-0.716125607491
0.752194881439,-0.064512014389,1.53784584999,-0.129781246185,0.135200798512,0.674490392208,-0.714101076126
0.75221401453,-0.0646064281464,1.53783679008,-0.129892423749,0.135276868939,0.674412369728,-0.714140236378
0.752230405807,-0.0647080764174,1.53785634041,-0.130019336939,0.135413452983,0.674428343773,-0.714076161385
0.752266824245,-0.0647904872894,1.53794193268,-0.130244135857,0.135711535811,0.67433899641,-0.714062809944
0.752295434475,-0.0649010762572,1.53795993328,-0.13037674129,0.135887339711,0.674299180508,-0.714042842388
0.752333164215,-0.0649767145514,1.53765189648,-0.130453795195,0.135371640325,0.674187839031,-0.714231789112
0.75238853693,-0.0650761574507,1.53766524792,-0.130636841059,0.135499879718,0.674141407013,-0.71421790123
0.752402067184,-0.0652427002788,1.53769731522,-0.130695596337,0.135719612241,0.674078702927,-0.714224636555
0.752511978149,-0.0657411515713,1.53807580471,-0.129261046648,0.136943414807,0.672238171101,-0.715984523296
0.752423405647,-0.0655356869102,1.53807961941,-0.131010681391,0.136752575636,0.674048423767,-0.713998436928
0.752601146698,-0.0659775957465,1.5380808115,-0.129538223147,0.137168034911,0.672099709511,-0.716021597385
0.75263851881,-0.0660841092467,1.53809595108,-0.129766270518,0.137129232287,0.671982645988,-0.716097474098
0.752654910088,-0.0662041604519,1.53811752796,-0.12984007597,0.137232676148,0.67200511694,-0.716043293476
0.752722084522,-0.0663841888309,1.53819429874,-0.129850283265,0.137703448534,0.671985685825,-0.715969204903
0.752772688866,-0.0665692016482,1.53855240345,-0.130019560456,0.138610482216,0.672076106071,-0.71567851305
0.752747297287,-0.0667250901461,1.53861510754,-0.130021438003,0.138801842928,0.672058403492,-0.715657711029
0.752784967422,-0.0667953789234,1.53832936287,-0.130016252398,0.138260096312,0.671884775162,-0.715926527977
0.752806246281,-0.0669438317418,1.5383234024,-0.130021885037,0.138355076313,0.671986341476,-0.71581184864
0.752842783928,-0.0670877173543,1.53836965561,-0.130187049508,0.138601377606,0.671969234943,-0.715750336647
0.752866387367,-0.0671344995499,1.53766036034,-0.130014687777,0.137167543173,0.671772420406,-0.71624237299
0.752897679806,-0.0673469603062,1.53796482086,-0.130144894123,0.138004332781,0.671960353851,-0.715881705284
0.752980113029,-0.067500077188,1.53796362877,-0.130292579532,0.138311102986,0.672006726265,-0.715752005577
0.753032028675,-0.0676179155707,1.53795361519,-0.130477681756,0.138402253389,0.672027885914,-0.715680778027
0.753055751324,-0.0677407681942,1.53799724579,-0.130604505539,0.138607576489,0.672112464905,-0.715538561344
0.753133535385,-0.0678765028715,1.53801655769,-0.130878135562,0.138626351953,0.672098338604,-0.71549808979
0.753138661385,-0.0679657608271,1.5379935503,-0.130989566445,0.138478636742,0.672160387039,-0.715448081493
0.753200232983,-0.0681065097451,1.53800821304,-0.131094574928,0.138640552759,0.672182381153,-0.715376675129
0.753278911114,-0.0682686790824,1.53800725937,-0.131162822247,0.138704538345,0.672222316265,-0.715314269066
0.75330466032,-0.0684727430344,1.538230896,-0.131154790521,0.139279201627,0.672341346741,-0.715092182159
0.753415226936,-0.0686244666576,1.53820109367,-0.131168439984,0.139257311821,0.672310650349,-0.715122878551
0.753428161144,-0.0684199854732,1.53816354275,-0.13296943903,0.138932064176,0.674168467522,-0.713101863861
0.753502607346,-0.0685954764485,1.53817033768,-0.132860586047,0.138933807611,0.674101889133,-0.713184475899
0.753623068333,-0.0687501430511,1.53816914558,-0.132808700204,0.138815999031,0.674209594727,-0.713115274906
0.75368142128,-0.0689068734646,1.53816843033,-0.132728636265,0.138606578112,0.674139499664,-0.713237166405
0.753794550896,-0.0690806433558,1.53855776787,-0.133041888475,0.139179781079,0.67417883873,-0.713030099869
0.75397002697,-0.0690929740667,1.53800165653,-0.133127480745,0.137739956379,0.673816859722,-0.713635504246
0.754034459591,-0.0692269057035,1.5380051136,-0.13309468329,0.137469813228,0.673726201057,-0.713779330254
0.754127144814,-0.0693512037396,1.53802359104,-0.13298086822,0.137193322182,0.67372328043,-0.713856518269
0.754176318645,-0.069486297667,1.53806221485,-0.132921010256,0.136872962117,0.673685073853,-0.713965177536
0.75507581234,-0.0704238936305,1.53842687607,-0.132654070854,0.142889097333,0.673670351505,-0.712849199772
0.75512188673,-0.0706157386303,1.53869569302,-0.132518202066,0.143082097173,0.673754036427,-0.712756574154
0.75517731905,-0.0708141177893,1.53900706768,-0.132354333997,0.143469944596,0.673850297928,-0.712618172169
0.755319178104,-0.0712795257568,1.53906321526,-0.130590170622,0.143576562405,0.672126710415,-0.714547157288
0.755422353745,-0.0714395493269,1.53911173344,-0.13050788641,0.143484413624,0.672091960907,-0.714613437653
0.755498230457,-0.0715993568301,1.5391228199,-0.130386441946,0.143356174231,0.672017872334,-0.714731097221
0.755532681942,-0.0717767179012,1.53891158104,-0.130020156503,0.142750144005,0.671808540821,-0.715115666389
0.755605399609,-0.0719143971801,1.53892314434,-0.13000626862,0.142644912004,0.671724259853,-0.715218544006
0.755696117878,-0.0720573589206,1.5389316082,-0.130087867379,0.14266012609,0.671707570553,-0.715216219425
0.755772948265,-0.0721664130688,1.538890481,-0.130186185241,0.142574861646,0.67158472538,-0.715330779552
0.755826711655,-0.0722953528166,1.53890490532,-0.130333393812,0.142714202404,0.671457767487,-0.715395271778
0.755841255188,-0.0724412798882,1.53895771503,-0.130517750978,0.14298684895,0.67152094841,-0.715247869492
0.755839049816,-0.0725138038397,1.53862226009,-0.130708262324,0.14246378839,0.671339333057,-0.715487897396
0.755872964859,-0.0725779756904,1.53837883472,-0.130983754992,0.142281770706,0.671359241009,-0.715455174446
0.755878448486,-0.0726885199547,1.53840732574,-0.131435155869,0.142723441124,0.671338319778,-0.715303897858
0.755946874619,-0.0727991759777,1.5383887291,-0.131851390004,0.143217474222,0.671194493771,-0.715263545513
0.755954802036,-0.0729233697057,1.53839790821,-0.132277280092,0.143756091595,0.671010434628,-0.715249598026
0.755896151066,-0.0730328783393,1.53835856915,-0.132615357637,0.144179150462,0.670843183994,-0.715258717537
0.755866646767,-0.0732075124979,1.53874385357,-0.133360877633,0.145646467805,0.670972883701,-0.714700937271
0.754965662956,-0.0724493414164,1.53835892677,-0.134121179581,0.139418199658,0.671155869961,-0.715628445148
0.755085468292,-0.072565831244,1.53843331337,-0.135028392076,0.140368044376,0.670507133007,-0.715880155563
0.754913926125,-0.0723545700312,1.53836655617,-0.137248590589,0.140520885587,0.672257363796,-0.713783502579
0.754730403423,-0.0725554823875,1.53831040859,-0.137688845396,0.141261294484,0.672347009182,-0.713468074799
0.75458586216,-0.0727101862431,1.53818404675,-0.137861073017,0.141436591744,0.672259390354,-0.713482558727
0.75454223156,-0.0729070827365,1.53844118118,-0.138290241361,0.142397925258,0.672272205353,-0.713196098804
0.75442558527,-0.0730538442731,1.53842556477,-0.138409256935,0.142464518547,0.672175347805,-0.713251113892
0.754261255264,-0.0731406733394,1.53839063644,-0.138241410255,0.142009556293,0.672116160393,-0.713430166245
0.754140436649,-0.0732697322965,1.53855884075,-0.137887105346,0.141916632652,0.672159552574,-0.71347618103
0.754029452801,-0.0735794380307,1.53810274601,-0.13539890945,0.140364721417,0.670086741447,-0.716204226017
0.753923594952,-0.0737846568227,1.53856372833,-0.134804114699,0.140532180667,0.670280396938,-0.716102540493
0.753782868385,-0.0738032907248,1.53826415539,-0.133597046137,0.138605281711,0.67019122839,-0.716787457466
0.753664195538,-0.0738197341561,1.53829276562,-0.132525399327,0.137050583959,0.670367717743,-0.717120110989
0.753396034241,-0.073480732739,1.53811645508,-0.132685124874,0.134512081742,0.671988904476,-0.716053187847
0.753339290619,-0.0734559446573,1.53785169125,-0.131204009056,0.132262974977,0.671986758709,-0.716746747494
0.753277182579,-0.0735500901937,1.53812241554,-0.129513651133,0.131075143814,0.672229766846,-0.71704429388
0.753299057484,-0.0739187449217,1.5382771492,-0.126034095883,0.129587009549,0.670598864555,-0.719458043575
0.753217160702,-0.0739793926477,1.53841602802,-0.124131210148,0.127697184682,0.670976340771,-0.719774842262
0.752969443798,-0.0741561204195,1.53847444057,-0.121346592903,0.1258469522,0.671495616436,-0.720091164112
0.753290116787,-0.0739450007677,1.53863811493,-0.120885290205,0.1242544204,0.671100497246,-0.720813214779
0.753062725067,-0.0740168020129,1.53900039196,-0.119121097028,0.123044364154,0.671387255192,-0.721047341824
0.75295817852,-0.0735968947411,1.53907883167,-0.119484528899,0.121220625937,0.673366367817,-0.71944886446
0.752902328968,-0.0736405774951,1.53922045231,-0.117879159749,0.119952507317,0.673785090446,-0.719534158707
0.75294148922,-0.0739729180932,1.53944218159,-0.114631436765,0.119109071791,0.671991705894,-0.72187256813
0.752825856209,-0.0739291757345,1.53953266144,-0.113337688148,0.118005394936,0.672307550907,-0.721963882446
0.752715051174,-0.073912166059,1.53968667984,-0.11232098937,0.117401704192,0.672595918179,-0.721952557564
0.752652823925,-0.0734995231032,1.53971409798,-0.113351196051,0.116389043629,0.67469227314,-0.719996809959
0.752595603466,-0.0738261342049,1.53988313675,-0.110855028033,0.116414114833,0.672874629498,-0.722079336643
0.752467095852,-0.0738237723708,1.5399326086,-0.110083371401,0.115998886526,0.673028886318,-0.722120463848
0.752266466618,-0.0738105475903,1.54002308846,-0.109512977302,0.115713268518,0.673161864281,-0.722129166126
0.752095460892,-0.0738058909774,1.5400916338,-0.109059281647,0.115645177662,0.673244714737,-0.722131550312
0.751930892467,-0.073781169951,1.54014539719,-0.108962483704,0.115714550018,0.673253297806,-0.722126960754
0.751775860786,-0.0738234519958,1.54017996788,-0.108761318028,0.115827411413,0.673480272293,-0.721927642822
0.751733779907,-0.0737604275346,1.54019963741,-0.109412692487,0.116125456989,0.673278391361,-0.721969544888
0.751255273819,-0.0738464742899,1.54011893272,-0.109197475016,0.116400808096,0.673462688923,-0.721785843372
0.750979304314,-0.0738476067781,1.5400853157,-0.109753012657,0.116899617016,0.673740208149,-0.721361875534
0.750878453255,-0.0738662034273,1.54012942314,-0.110661774874,0.117913298309,0.673418045044,-0.721358895302
0.750181376934,-0.0736020058393,1.53993904591,-0.112687774003,0.11794732511,0.675344347954,-0.71923571825
0.74988001585,-0.0739491283894,1.5399056673,-0.111877426505,0.118766076863,0.673752307892,-0.72071903944
0.749397337437,-0.0736902579665,1.5398093462,-0.114731952548,0.119409076869,0.675704419613,-0.718332648277
0.749042391777,-0.0740348100662,1.53976345062,-0.11437407136,0.120439082384,0.674014151096,-0.719804227352
0.74851423502,-0.0741298794746,1.53967344761,-0.115356400609,0.121176473796,0.674323856831,-0.719233334064
0.748078346252,-0.0741993039846,1.53961503506,-0.116750784218,0.122038722038,0.67468136549,-0.718526899815
0.747580885887,-0.0742961913347,1.53955090046,-0.118317402899,0.123317591846,0.6745839715,-0.718143582344
0.746981024742,-0.0739813968539,1.53937935829,-0.12173821032,0.123616836965,0.677205204964,-0.71504676342
0.746460199356,-0.0744726583362,1.5393204689,-0.121234126389,0.124730587006,0.675128638744,-0.716900289059
0.745905697346,-0.0741581320763,1.53916823864,-0.12451249361,0.124908275902,0.677160680294,-0.714386403561
0.745434224606,-0.0745284184813,1.53911375999,-0.12442690134,0.125800937414,0.67535418272,-0.715953052044
0.744796812534,-0.0742851272225,1.53899145126,-0.127020552754,0.125723615289,0.677429974079,-0.713545978069
0.744012176991,-0.0748895853758,1.53891611099,-0.124688960612,0.125681370497,0.676186561584,-0.71514236927
0.743373334408,-0.0749415680766,1.53875684738,-0.124784290791,0.125138342381,0.675971746445,-0.715424001217
0.742749333382,-0.0746215358377,1.53866052628,-0.126564532518,0.124134726822,0.677864253521,-0.713492751122
0.742357313633,-0.0748220682144,1.53871750832,-0.125722780824,0.12379425019,0.675538122654,-0.715902984142
0.741796731949,-0.074879579246,1.53864264488,-0.125086888671,0.122859202325,0.675553977489,-0.716160476208
0.741160154343,-0.0749279335141,1.53862929344,-0.124115563929,0.121645659208,0.675551116467,-0.716539204121
0.740617454052,-0.0748776271939,1.53866231441,-0.123439513147,0.120177775621,0.675707817078,-0.716755867004
0.739995956421,-0.074506111443,1.53861856461,-0.124227292836,0.118559002876,0.677322924137,-0.715363621712
0.739244759083,-0.074951954186,1.53867125511,-0.120196729898,0.117133952677,0.675859689713,-0.717667162418
0.738756477833,-0.0749132931232,1.53869307041,-0.119055174291,0.115579500794,0.675682783127,-0.718275845051
0.737510800362,-0.0752549842,1.53848528862,-0.116230890155,0.113914199173,0.675928771496,-0.718772828579
0.736949563026,-0.0749796852469,1.53882241249,-0.116788364947,0.113279610872,0.677775084972,-0.717041909695
0.736377000809,-0.0748217105865,1.53818392754,-0.115683883429,0.110608115792,0.677125751972,-0.718250572681
0.736593484879,-0.0755366459489,1.53882288933,-0.113714896142,0.112011738122,0.675103485584,-0.720248281956
0.736034929752,-0.0745830610394,1.53912222385,-0.114622212946,0.111203193665,0.674573779106,-0.720726013184
0.735409736633,-0.0741986781359,1.53914690018,-0.115724921227,0.1104811728,0.675889074802,-0.719427227974
0.735107302666,-0.074108555913,1.53938567638,-0.115718089044,0.110339850187,0.675631821156,-0.719691634178
0.733415544033,-0.0749847069383,1.53909254074,-0.110405392945,0.109166167676,0.674217700958,-0.722027659416
0.732745051384,-0.0749927610159,1.53913593292,-0.110074587166,0.109382122755,0.673784554005,-0.722449600697
0.732032239437,-0.0749559029937,1.53910493851,-0.109947927296,0.109345421195,0.673152565956,-0.723063349724
0.731276750565,-0.0749340206385,1.53895962238,-0.110089614987,0.109612882137,0.673105955124,-0.723044872284
0.731318891048,-0.0752177983522,1.53943586349,-0.111533254385,0.111515343189,0.672308921814,-0.723274052143
0.730241239071,-0.0751929059625,1.53927659988,-0.11163649708,0.111759521067,0.672520816326,-0.723023533821
0.729381799698,-0.0752217173576,1.53929281235,-0.112049676478,0.112567178905,0.671742141247,-0.723557829857
0.72783523798,-0.0748370885849,1.53884494305,-0.112242184579,0.111882850528,0.671045780182,-0.724279999733
0.727404594421,-0.0741831660271,1.53887760639,-0.116078540683,0.112891741097,0.671756446362,-0.72285848856
0.726587772369,-0.0748017281294,1.53860831261,-0.116787619889,0.113983891904,0.672035932541,-0.722313046455
0.725648403168,-0.0751079246402,1.53849971294,-0.116078302264,0.114892922342,0.669847786427,-0.724313080311
0.724584758282,-0.0748775452375,1.5384529829,-0.118624933064,0.115786850452,0.670889258385,-0.722792506218
0.723593235016,-0.0745322853327,1.53822290897,-0.118462979794,0.11581992358,0.667955696583,-0.725525677204
0.721832692623,-0.0748658776283,1.53759121895,-0.118366807699,0.115461342037,0.667796909809,-0.725744724274
0.721533477306,-0.0749027132988,1.53790915012,-0.122125715017,0.117555998266,0.668826937675,-0.723834574223
0.720336377621,-0.0753384009004,1.53760719299,-0.120803497732,0.117986619473,0.666274309158,-0.726336181164
0.718586444855,-0.0750851258636,1.53744578362,-0.121073484421,0.117939844728,0.665775775909,-0.726755917072
0.717648744583,-0.0750096291304,1.53711533546,-0.122188583016,0.117837436497,0.665091812611,-0.727211952209
0.716959178448,-0.0751944556832,1.53744459152,-0.125316545367,0.11980381608,0.666303217411,-0.725246727467
0.715999305248,-0.0746695324779,1.53709101677,-0.125625222921,0.118881344795,0.662737309933,-0.728604733944
0.71462482214,-0.0745737999678,1.53699147701,-0.127127498388,0.118836171925,0.664005458355,-0.727195560932
0.713146090508,-0.0751697868109,1.53652775288,-0.125442892313,0.118595734239,0.66147172451,-0.729831695557
0.711829543114,-0.0753210112453,1.53638136387,-0.125607907772,0.118653185666,0.660648524761,-0.730539262295
0.711311459541,-0.0757715180516,1.53656816483,-0.126709163189,0.119971491396,0.659344315529,-0.731311678886
0.709547400475,-0.0754380896688,1.53615236282,-0.126622736454,0.118553727865,0.658506453037,-0.732312142849
0.708439290524,-0.0755066052079,1.53603184223,-0.127056777477,0.118723839521,0.65779286623,-0.732850432396
0.707182109356,-0.0751521214843,1.5357786417,-0.129046261311,0.117890290916,0.658326566219,-0.732157826424
0.706789135933,-0.0759545043111,1.5362085104,-0.128636002541,0.120201200247,0.655361235142,-0.734510838985
0.705519676208,-0.075599424541,1.53595745564,-0.130789846182,0.119921788573,0.656029582024,-0.73357886076
0.704364180565,-0.075657851994,1.53586995602,-0.130968123674,0.119942098856,0.65487653017,-0.734573364258
0.702731430531,-0.0757063478231,1.53552365303,-0.129004880786,0.119089268148,0.651629328728,-0.737939536572
0.701365351677,-0.0753764659166,1.53514206409,-0.13074041903,0.118511810899,0.652250826359,-0.737177610397
0.701064527035,-0.0760957449675,1.53547871113,-0.130382478237,0.120820894837,0.649386405945,-0.739391744137
0.699723243713,-0.0757798403502,1.53520178795,-0.130570441484,0.120073311031,0.648052632809,-0.740649342537
0.698970317841,-0.0761642828584,1.53525924683,-0.131101548672,0.121196202934,0.647045850754,-0.741252779961
0.697765648365,-0.0761260092258,1.535176754,-0.131561085582,0.121448569,0.646351754665,-0.74173527956
0.696183621883,-0.0755214691162,1.53469944,-0.133367359638,0.119991622865,0.647013664246,-0.741072595119
0.695109009743,-0.0759570226073,1.53459334373,-0.131329447031,0.121329449117,0.643932759762,-0.743896901608
0.694715678692,-0.0752295702696,1.53472220898,-0.135310098529,0.121451690793,0.644044458866,-0.743066370487
0.693701386452,-0.0763379633427,1.53470039368,-0.132632538676,0.122901059687,0.642300605774,-0.744818031788
0.691821813583,-0.075566790998,1.53373289108,-0.134018585086,0.120693132281,0.643198132515,-0.744156181812
0.691845953465,-0.0759654194117,1.53429806232,-0.135584354401,0.123249389231,0.641841650009,-0.744624614716
0.69068813324,-0.0763158798218,1.53413522243,-0.133770465851,0.123910330236,0.639311373234,-0.747015893459
0.689223408699,-0.0755818039179,1.53357827663,-0.135666191578,0.122469335794,0.640351474285,-0.746020019054
0.68816703558,-0.0760517269373,1.53333008289,-0.13353548944,0.122854843736,0.638021230698,-0.748334169388
0.688041090965,-0.0757017582655,1.53348600864,-0.135802134871,0.12402433902,0.636220514774,-0.74926584959
0.686393737793,-0.0760738030076,1.53294932842,-0.133852019906,0.123249217868,0.636255085468,-0.749715089798
0.686647355556,-0.0757519006729,1.53338372707,-0.136555790901,0.12478261441,0.634696960449,-0.750294387341
0.684673309326,-0.0760888159275,1.53256797791,-0.134289517999,0.123512752354,0.634929895401,-0.750716328621
0.684052109718,-0.0760724768043,1.53265917301,-0.13435781002,0.123882114887,0.634065926075,-0.751373231411
0.683734059334,-0.0755365639925,1.53271901608,-0.13638022542,0.123983360827,0.633188188076,-0.751732230186
0.682132720947,-0.0760507509112,1.53220307827,-0.134060665965,0.123137608171,0.632904887199,-0.752526581287
0.681615591049,-0.0760148242116,1.53217029572,-0.13422447443,0.12300889194,0.632399380207,-0.752943396568
0.680576324463,-0.076079621911,1.53215932846,-0.133833184838,0.123319476843,0.631864905357,-0.753410756588
0.67982673645,-0.0760618597269,1.53223216534,-0.133596658707,0.123465403914,0.631371855736,-0.753842055798
0.679310619831,-0.0760436058044,1.53232586384,-0.133527159691,0.123798504472,0.63060182333,-0.754444003105
0.678378283978,-0.0760844498873,1.53224265575,-0.133150741458,0.123220428824,0.630220770836,-0.754923462868
0.677732586861,-0.0760729312897,1.53214764595,-0.132602199912,0.122741580009,0.629363596439,-0.755812585354
0.676926970482,-0.0759866312146,1.53221726418,-0.132058545947,0.122657261789,0.629018068314,-0.756209015846
0.67614454031,-0.0758646726608,1.53191661835,-0.131521373987,0.122214511037,0.628190934658,-0.757061362267
0.676161944866,-0.0754851028323,1.53218698502,-0.132832854986,0.122667260468,0.626922667027,-0.757810115814
0.674766480923,-0.0754331797361,1.53168535233,-0.132755085826,0.121189951897,0.628332138062,-0.756893515587
0.674240767956,-0.0756663903594,1.53169381618,-0.130664423108,0.12148142606,0.626208901405,-0.758967459202
0.673526763916,-0.075557872653,1.53200232983,-0.130457833409,0.122013732791,0.625553786755,-0.7594576478
0.672636032104,-0.0762952938676,1.53199064732,-0.129569098353,0.125168532133,0.616462767124,-0.766497433186
0.672916173935,-0.0759424567223,1.53226971626,-0.131184965372,0.128551349044,0.624079108238,-0.759467184544
0.673335492611,-0.075334392488,1.53278744221,-0.131584912539,0.128543838859,0.622834026814,-0.760420799255
0.672668755054,-0.0754896551371,1.53288412094,-0.130780443549,0.129801094532,0.620289504528,-0.762423217297
0.671754777431,-0.0750977844,1.53268766403,-0.131297975779,0.128956228495,0.621694684029,-0.761332273483
0.670353114605,-0.07550919801,1.53234684467,-0.128492325544,0.128282546997,0.622031271458,-0.761649787426
0.670597612858,-0.075131803751,1.53262352943,-0.128398790956,0.128887295723,0.618922352791,-0.764092326164
0.669967472553,-0.0749829933047,1.53253138065,-0.127743512392,0.128598228097,0.618313312531,-0.764743626118
0.669299721718,-0.0748199746013,1.53253555298,-0.12698161602,0.12857554853,0.617848336697,-0.76524990797
0.668844461441,-0.0745867937803,1.53269267082,-0.126993954182,0.128990873694,0.617101967335,-0.765780091286
0.668090939522,-0.074383020401,1.53221833706,-0.126281410456,0.128064349294,0.616684675217,-0.766389369965
0.667548775673,-0.073919557035,1.53250563145,-0.12585195899,0.127430126071,0.618116676807,-0.765411436558
0.665845394135,-0.0742760896683,1.53197860718,-0.122763477266,0.126110211015,0.621276974678,-0.763570725918
0.665111124516,-0.0744853690267,1.53179442883,-0.120069108903,0.12644328177,0.619409739971,-0.765458703041
0.66452640295,-0.0742531791329,1.53154921532,-0.119594156742,0.126301035285,0.618851363659,-0.766008019447
0.663874983788,-0.0742979347706,1.53150105476,-0.119100660086,0.127776354551,0.616070270538,-0.768079280853
0.663279056549,-0.0741176903248,1.53201556206,-0.118822686374,0.129329741001,0.616070628166,-0.767861962318
0.662653982639,-0.073785610497,1.53196823597,-0.11871522665,0.129611909389,0.616385638714,-0.767578125
0.662145853043,-0.0732054784894,1.53202390671,-0.120252929628,0.130211353302,0.617757081985,-0.76613342762
0.661352336407,-0.0727235078812,1.53156507015,-0.119632221758,0.128704294562,0.619443714619,-0.765122771263
0.66092723608,-0.0727810561657,1.53137254715,-0.117863766849,0.129712030292,0.617065787315,-0.767145931721
0.66027700901,-0.0721096843481,1.53110396862,-0.119816698134,0.130232676864,0.619030714035,-0.765169560909
0.659783303738,-0.0719188973308,1.53129899502,-0.119852475822,0.131718963385,0.619088947773,-0.764862298965
0.659349143505,-0.0719631314278,1.53124439716,-0.118254467845,0.133436515927,0.617287814617,-0.766267776489
0.658865809441,-0.0716895908117,1.53112506866,-0.118490606546,0.134688615799,0.616925954819,-0.76630371809
0.65854203701,-0.0713586583734,1.53115200996,-0.119026184082,0.135990783572,0.616775512695,-0.766111731529
0.657802402973,-0.0710105895996,1.53072154522,-0.119131997228,0.136514469981,0.616719305515,-0.766047477722
0.657317340374,-0.0707922130823,1.53061127663,-0.119130030274,0.137914389372,0.616622805595,-0.765874683857
0.656759023666,-0.070491604507,1.53055179119,-0.119513690472,0.139535605907,0.616601645947,-0.765538096428
0.656385421753,-0.0701842308044,1.53043591976,-0.119892209768,0.140881076455,0.616713881493,-0.765142142773
0.656417548656,-0.0694561600685,1.53061282635,-0.120890617371,0.142330393195,0.616369247437,-0.764994442463
0.655393600464,-0.0695550441742,1.53015887737,-0.119842752814,0.142593592405,0.61715143919,-0.764479517937
0.654856562614,-0.0691589564085,1.53003287315,-0.11926779896,0.142745286226,0.617257773876,-0.764455318451
0.654261946678,-0.0685828849673,1.52977800369,-0.119512192905,0.142050772905,0.619234621525,-0.762946367264
0.65389674902,-0.0685821473598,1.52980315685,-0.115904167295,0.141940876842,0.617780566216,-0.764700055122
0.653573155403,-0.0682303756475,1.5297062397,-0.113681763411,0.140743404627,0.618353068829,-0.764792203903
0.653205156326,-0.067919626832,1.52967691422,-0.11030972749,0.139007538557,0.619206726551,-0.764912843704
0.652783095837,-0.0671204179525,1.52965474129,-0.108928002417,0.136314064264,0.62206953764,-0.763271033764
0.652855813503,-0.0666504353285,1.52981948853,-0.105445474386,0.133676305413,0.623317837715,-0.763208270073
0.652668058872,-0.0665667802095,1.52999389172,-0.0992797315121,0.13134983182,0.622720479965,-0.764924764633
0.652667045593,-0.0661070793867,1.52986860275,-0.0951930359006,0.128239706159,0.62396478653,-0.76495808363
0.6533395648,-0.0651305168867,1.53032910824,-0.0927161052823,0.126048952341,0.625164806843,-0.764646589756
0.652944087982,-0.0650664418936,1.53019332886,-0.0873934105039,0.122780025005,0.626877188683,-0.764403343201
0.653231620789,-0.0644649863243,1.5304005146,-0.0856923088431,0.121248453856,0.628369510174,-0.763614654541
0.653611838818,-0.0640333220363,1.53041827679,-0.0819557830691,0.118729680777,0.629221260548,-0.763719379902
0.654123485088,-0.0637806355953,1.53078651428,-0.0758653357625,0.116883359849,0.626367032528,-0.766972780228
0.654404640198,-0.0633365511894,1.53103303909,-0.0723854973912,0.114918835461,0.626841068268,-0.767218589783
0.654756963253,-0.0625389888883,1.53119063377,-0.0699353665113,0.111699186265,0.629993498325,-0.765336871147
0.65509968996,-0.0623745024204,1.531868577,-0.0671183168888,0.112348198891,0.628324449062,-0.766864776611
0.655494630337,-0.0618766956031,1.53206682205,-0.0651623606682,0.111166678369,0.62909591198,-0.76657307148
0.655919373035,-0.0615056529641,1.53235852718,-0.0630475506186,0.110563211143,0.628951847553,-0.766955196857
0.656282782555,-0.0610316507518,1.53261494637,-0.0614736527205,0.1101282686,0.629992604256,-0.76629114151
0.656716644764,-0.0606269687414,1.53280138969,-0.0605699717999,0.110332891345,0.630304098129,-0.766077578068
0.657020568848,-0.0599779635668,1.53295373917,-0.0592672973871,0.109025396407,0.632329881191,-0.764695882797
0.657513320446,-0.05977281183,1.533228755,-0.0588881522417,0.111120931804,0.631131947041,-0.765412867069
0.657810628414,-0.0594933368266,1.53308534622,-0.0583158731461,0.111195959151,0.631441056728,-0.765190958977
0.658112645149,-0.058960635215,1.53344404697,-0.0582859367132,0.112206034362,0.631904006004,-0.764663219452
0.659057378769,-0.0581710860133,1.53370499611,-0.0594385117292,0.113136306405,0.631851673126,-0.76448071003
0.658726215363,-0.0583400689065,1.53352701664,-0.0576076619327,0.113530881703,0.632575392723,-0.763963699341
0.658928155899,-0.0579302795231,1.53337955475,-0.0579067282379,0.114157058299,0.633001089096,-0.763495087624
0.659168601036,-0.0574058145285,1.53330564499,-0.0581829175353,0.113746114075,0.635529279709,-0.761432290077
0.659395694733,-0.0570982806385,1.53325641155,-0.0584168173373,0.114586733282,0.636500716209,-0.760476350784
0.659764528275,-0.0567094087601,1.53335118294,-0.0591125525534,0.115547634661,0.637375354767,-0.759544014931
0.660373091698,-0.0558982081711,1.53343760967,-0.0609934739769,0.116928637028,0.637741625309,-0.7588763237
0.660666942596,-0.0555576272309,1.53361070156,-0.0616226010025,0.118299812078,0.638940453529,-0.757603466511
0.660734057426,-0.0551317557693,1.53348183632,-0.0623287521303,0.11893722415,0.640396595001,-0.756215155125
0.660861074924,-0.0547930113971,1.53370296955,-0.0629857480526,0.120371699333,0.641758680344,-0.754777669907
0.660410165787,-0.0549229979515,1.53344213963,-0.0622797384858,0.120851494372,0.643381416798,-0.753376722336
0.660552084446,-0.0545983947814,1.53344559669,-0.0629374459386,0.12196175009,0.644632279873,-0.752072811127
0.660685062408,-0.054397828877,1.53343605995,-0.0647946894169,0.123317711055,0.648015260696,-0.748779475689
0.66069817543,-0.0537617169321,1.53328585625,-0.0674252510071,0.124255992472,0.651271760464,-0.745559871197
0.660933434963,-0.0534470379353,1.53331363201,-0.0684879273176,0.125338107347,0.652697324753,-0.744033634663
0.661642074585,-0.052679926157,1.53338813782,-0.0703444257379,0.126315906644,0.653604030609,-0.742898225784
0.661736726761,-0.0523339435458,1.53331685066,-0.0708245411515,0.126964509487,0.655224442482,-0.741312921047
0.661960363388,-0.0523694120347,1.53341841698,-0.0693542957306,0.127851516008,0.654719769955,-0.741745352745
0.662169277668,-0.0520837120712,1.53323113918,-0.0698431655765,0.12841154635,0.656106054783,-0.740376532078
0.66211616993,-0.0513156577945,1.53287518024,-0.072201885283,0.128220453858,0.659366190434,-0.737280607224
0.662180244923,-0.050905585289,1.53279078007,-0.0725484341383,0.128539353609,0.66089451313,-0.735821187496
0.662411093712,-0.0506423860788,1.5328463316,-0.0724546909332,0.129334926605,0.662069261074,-0.734634041786
0.662369906902,-0.0502206943929,1.53270816803,-0.0723678469658,0.129716351628,0.663585007191,-0.733206272125
0.662842035294,-0.0498659424484,1.53288590908,-0.0728466957808,0.130471423268,0.664821624756,-0.731903553009
0.662833631039,-0.0499347373843,1.5326051712,-0.0702154785395,0.130154952407,0.66428309679,-0.732705593109
0.662928819656,-0.0495660044253,1.53254413605,-0.0699538215995,0.130366265774,0.66569429636,-0.731411159039
0.66284763813,-0.0487765446305,1.53231298923,-0.0714464113116,0.130068168044,0.669118106365,-0.728188693523
0.66307413578,-0.0484700091183,1.53243470192,-0.0712259709835,0.130790933967,0.670506954193,-0.726802051067
0.663181304932,-0.0479597523808,1.53211605549,-0.0708325430751,0.130384013057,0.671848595142,-0.725673854351
0.663284361362,-0.0476212054491,1.53277885914,-0.0703972652555,0.132045522332,0.673475205898,-0.723905622959
0.663253426552,-0.0475268699229,1.5324896574,-0.0679645463824,0.131876304746,0.672988593578,-0.724621236324
0.663281321526,-0.0467500984669,1.53231608868,-0.0696569085121,0.131967946887,0.676670193672,-0.721006155014
0.6635658741,-0.0467120334506,1.53242647648,-0.0676411092281,0.132706403732,0.675985395908,-0.721704661846
0.663501799107,-0.0458288043737,1.53237569332,-0.0695923119783,0.133098766208,0.679541826248,-0.718097984791
0.663938522339,-0.0450499653816,1.53247332573,-0.0721970498562,0.13445495069,0.680361449718,-0.716811001301
0.664128601551,-0.0448936857283,1.53232610226,-0.0722177997231,0.13523991406,0.681567132473,-0.715514600277
0.664011716843,-0.0443941652775,1.53212916851,-0.0724670737982,0.135806918144,0.683018922806,-0.713995993137
0.664172708988,-0.044311106205,1.53233766556,-0.070632904768,0.137291237712,0.682577908039,-0.714317500591
0.664251923561,-0.0438231043518,1.53214323521,-0.0709020346403,0.137973666191,0.683965086937,-0.712831020355
0.663692951202,-0.0425841994584,1.53154718876,-0.0725151747465,0.132248356938,0.685268580914,-0.712501883507
0.663619041443,-0.0417319238186,1.53159403801,-0.0748899355531,0.13370744884,0.688914895058,-0.708456218243
0.663739860058,-0.041286803782,1.53138530254,-0.0754779726267,0.134561672807,0.690112829208,-0.707064807415
0.66366392374,-0.0406497903168,1.53115320206,-0.0768015235662,0.135647669435,0.691802561283,-0.705060660839
0.663695693016,-0.0405686944723,1.53119003773,-0.075608484447,0.137999981642,0.691272199154,-0.705253124237
0.663605451584,-0.0397465527058,1.53119158745,-0.0784481093287,0.139991402626,0.694622814655,-0.701246917248
0.663605451584,-0.0397465527058,1.53119158745,-0.0784481093287,0.139991402626,0.694622814655,-0.701246917248
0.663615047932,-0.0386009700596,1.53096210957,-0.0818509235978,0.14401806891,0.697520792484,-0.697154164314
0.66366904974,-0.0383204519749,1.53101527691,-0.0815417021513,0.146876186132,0.697247624397,-0.696867406368
0.663586854935,-0.0375354252756,1.53081321716,-0.08497530967,0.149514079094,0.700599431992,-0.692520916462
0.66345334053,-0.0368936434388,1.53065133095,-0.0865124985576,0.151606425643,0.70210903883,-0.690343558788
0.66342407465,-0.0361457131803,1.53023469448,-0.088732779026,0.153841033578,0.703913331032,-0.687724888325
0.663378000259,-0.0355844646692,1.53029751778,-0.0905928686261,0.157093420625,0.70550352335,-0.685112774372
0.663371145725,-0.0351608805358,1.53017187119,-0.091274343431,0.160129532218,0.705068469048,-0.684767186642
0.663271307945,-0.034159693867,1.52999711037,-0.0950591042638,0.162878528237,0.708116173744,-0.680445432663
0.663291215897,-0.033318143338,1.52959799767,-0.0978033915162,0.165390044451,0.709553778172,-0.677948474884
0.663224935532,-0.0326854549348,1.52934110165,-0.0994729995728,0.168842762709,0.710856318474,-0.675485432148
0.663114368916,-0.0318987257779,1.52913737297,-0.101751931012,0.17184650898,0.712527692318,-0.672621428967
0.663033366203,-0.0311514958739,1.52889418602,-0.103877969086,0.174867734313,0.714034080505,-0.669914901257
0.662915766239,-0.0303789004683,1.5286513567,-0.106203556061,0.178235679865,0.714965045452,-0.667666018009
0.662821948528,-0.0295264273882,1.5286449194,-0.108379364014,0.182038217783,0.716747641563,-0.664371073246
0.662705421448,-0.0287616513669,1.52863371372,-0.110303871334,0.185764312744,0.718011915684,-0.66165214777
0.662648975849,-0.0278666429222,1.52842366695,-0.112373903394,0.188683584332,0.719696819782,-0.658640265465
0.662618398666,-0.0269810110331,1.52822113037,-0.114409253001,0.191698849201,0.72095900774,-0.656033694744
0.663079977036,-0.0269610472023,1.52799856663,-0.114315189421,0.200658217072,0.722078502178,-0.652128100395
0.662976145744,-0.0261265747249,1.52777206898,-0.11616371572,0.203282356262,0.72293484211,-0.650036513805
0.662479698658,-0.0258066952229,1.5274232626,-0.112642280757,0.200342446566,0.71947067976,-0.655390441418
0.66303384304,-0.0246911719441,1.52751171589,-0.115553073585,0.203999474645,0.7203540802,-0.652780115604
0.663276195526,-0.0231867022812,1.52744829655,-0.122259952128,0.212626054883,0.726484656334,-0.64192122221
0.663454532623,-0.0218050517142,1.52714037895,-0.122138135135,0.213379979134,0.724581420422,-0.643842458725
0.663213014603,-0.0209195502102,1.52701306343,-0.12339245528,0.216791778803,0.726047873497,-0.640804231167
0.663244485855,-0.0199191719294,1.52670514584,-0.124937288463,0.219340324402,0.72693413496,-0.63862901926
0.663264751434,-0.0189512036741,1.52666521072,-0.1260124892,0.221912816167,0.728167116642,-0.636119663715
0.663242220879,-0.0177940391004,1.52643060684,-0.127430260181,0.223508626223,0.729441523552,-0.633814275265
0.663257718086,-0.0166546069086,1.52624285221,-0.128418147564,0.225493371487,0.730547726154,-0.631633996964
0.663181602955,-0.0156078189611,1.52600336075,-0.129256516695,0.227322667837,0.731326878071,-0.629903316498
0.663179636002,-0.0143554620445,1.52584409714,-0.13050352037,0.228584215045,0.731932520866,-0.628484606743
0.663287818432,-0.0131011269987,1.52541208267,-0.131633028388,0.229256168008,0.732834517956,-0.626951277256
0.663162052631,-0.0118871033192,1.52526330948,-0.132517814636,0.230149835348,0.733301699162,-0.625890433788
0.66298699379,-0.00989249721169,1.5247246027,-0.13491293788,0.226473063231,0.735794186592,-0.623791217804
0.66304475069,-0.00864540040493,1.52453076839,-0.135267987847,0.227812573314,0.736657202244,-0.622205853462
0.663081765175,-0.00744717568159,1.52433872223,-0.135536879301,0.229318737984,0.737424015999,-0.620683848858
0.663521826267,-0.00723830610514,1.52481675148,-0.133668467402,0.23814432323,0.737390637398,-0.617798626423
0.663562178612,-0.00599718093872,1.52424287796,-0.133914113045,0.238462105393,0.737934231758,-0.616973340511
0.663682579994,-0.0047806724906,1.52431321144,-0.134591430426,0.240388661623,0.738565325737,-0.615320682526
0.663811683655,-0.00343336910009,1.52428793907,-0.13508784771,0.242013528943,0.739445865154,-0.613514900208
0.663541018963,-0.00120764225721,1.52369976044,-0.137813195586,0.236198365688,0.740669190884,-0.613699495792
0.663552880287,9.86456871033e-05,1.52374088764,-0.137723967433,0.237904593349,0.741223394871,-0.612389922142
0.663708746433,0.00152951478958,1.52336657047,-0.137748837471,0.23835849762,0.741869091988,-0.611425161362
0.664160549641,0.00167257711291,1.52400708199,-0.135494887829,0.24746312201,0.741615533829,-0.608612954617
0.663935482502,0.00413848459721,1.52315092087,-0.138274952769,0.241001591086,0.743096292019,-0.608774363995
0.664376437664,0.00438151136041,1.52366185188,-0.135880321264,0.249959886074,0.74298709631,-0.605827510357
0.664484977722,0.00578512623906,1.52381157875,-0.136425018311,0.251695811749,0.743435800076,-0.604434072971
0.664434254169,0.00705198943615,1.52358305454,-0.135894522071,0.252853512764,0.744163930416,-0.603173136711
0.664420366287,0.00966405496001,1.52309215069,-0.139310732484,0.247206449509,0.745333433151,-0.603290617466
0.66454654932,0.0110308378935,1.52292990685,-0.139290228486,0.248554706573,0.745999872684,-0.601916074753
0.664643764496,0.0124276950955,1.52283716202,-0.139297857881,0.249887168407,0.746649384499,-0.60055577755
0.664810657501,0.0139165595174,1.52259457111,-0.139679893851,0.250640749931,0.747535765171,-0.599048495293
0.664873123169,0.0153878591955,1.5226432085,-0.13976405561,0.252595186234,0.748043477535,-0.597572386265
0.665236473083,0.016881018877,1.52240216732,-0.140347823501,0.253739118576,0.748295783997,-0.596634268761
0.665745556355,0.0171155575663,1.52310264111,-0.137732177973,0.263495862484,0.747936606407,-0.593456625938
0.665786862373,0.0186467636377,1.52298307419,-0.13735294342,0.264202147722,0.748719573021,-0.592241764069
0.665805459023,0.0201018918306,1.5228446722,-0.137072741985,0.265378922224,0.749900639057,-0.590283274651
0.665725409985,0.0226827263832,1.52206671238,-0.140047669411,0.258991539478,0.751338720322,-0.590593159199
0.666093528271,0.0241195280105,1.52195930481,-0.140401780605,0.260490626097,0.751720905304,-0.58936214447
0.665407896042,0.0252732466906,1.52163231373,-0.1397690624,0.261067152023,0.756747364998,-0.582788228989
0.666422247887,0.0270359143615,1.52168262005,-0.140045031905,0.262429624796,0.753478109837,-0.586335241795
0.666595518589,0.0284322556108,1.52154660225,-0.139780580997,0.263597369194,0.754165709019,-0.584988892078
0.666725039482,0.0299007873982,1.52147555351,-0.139779940248,0.264710336924,0.754833161831,-0.583623886108
0.667139530182,0.0315189473331,1.52105093002,-0.13999722898,0.2648409307,0.755338191986,-0.582858741283
0.666970729828,0.0327142328024,1.521007061,-0.138837143779,0.265915006399,0.756345272064,-0.581339299679
0.667420506477,0.0341156795621,1.52087402344,-0.139114409685,0.26714849472,0.756401896477,-0.580633282661
0.667315840721,0.0354740172625,1.52074563503,-0.138288453221,0.267854660749,0.757343173027,-0.579276740551
0.667758464813,0.0357553809881,1.52126693726,-0.135439008474,0.276168018579,0.756260514259,-0.577457904816
0.668271839619,0.0372451916337,1.52105283737,-0.136136487126,0.276745349169,0.756368637085,-0.576875567436
0.668148815632,0.0395803675056,1.52050101757,-0.138569176197,0.27090010047,0.758097350597,-0.576801836491
0.668461740017,0.0409724488854,1.52020084858,-0.138716638088,0.270983755589,0.758299589157,-0.576460957527
0.668689131737,0.0422559157014,1.51998770237,-0.138399735093,0.271576434374,0.758232712746,-0.576346278191
0.668834626675,0.0436436384916,1.52006280422,-0.138383716345,0.272660017014,0.758612692356,-0.575337529182
0.669146120548,0.0438453778625,1.52058541775,-0.135245636106,0.28078353405,0.757425129414,-0.573739051819
0.669246792793,0.0462096445262,1.51990628242,-0.138100713491,0.274386227131,0.758943736553,-0.574146986008
0.669510364532,0.0475078374147,1.51979696751,-0.13834400475,0.274889141321,0.758574008942,-0.574336409569
0.669645011425,0.0487977787852,1.51969730854,-0.137960106134,0.275628268719,0.758664667606,-0.573954880238
0.669680297375,0.049951761961,1.51970410347,-0.1376619488,0.276950359344,0.758449554443,-0.573674201965
0.670133829117,0.0501753687859,1.52047657967,-0.134808182716,0.285679250956,0.757144749165,-0.571791946888
0.67030954361,0.0513241887093,1.52013444901,-0.134621009231,0.285911530256,0.756937384605,-0.571994423866
0.670449793339,0.0526153296232,1.51989161968,-0.13462767005,0.286095678806,0.756569087505,-0.572387874126
0.670335292816,0.0548440180719,1.51928985119,-0.137477681041,0.279670625925,0.757923603058,-0.573093354702
0.670678079128,0.0549531020224,1.51984739304,-0.134460613132,0.287805467844,0.756621778011,-0.571499764919
0.670013308525,0.0576641485095,1.51891756058,-0.142251223326,0.286221951246,0.76672399044,-0.556754887104
0.669909596443,0.0580593496561,1.51877295971,-0.136769905686,0.281230211258,0.761000871658,-0.568402469158
0.671032488346,0.0595755539834,1.51889026165,-0.138111770153,0.282637417316,0.757002294064,-0.572703063488
0.671314239502,0.0596762150526,1.51920926571,-0.134850785136,0.289998143911,0.75570833683,-0.57150799036
0.671298384666,0.061872266233,1.51850485802,-0.137912064791,0.283568739891,0.75634688139,-0.573156535625
0.671482086182,0.0618983283639,1.51916456223,-0.135022252798,0.292034000158,0.754969596863,-0.571407079697
0.671693325043,0.0630187541246,1.51909160614,-0.135265514255,0.292920291424,0.754360496998,-0.571700334549
0.671692967415,0.0641409233212,1.51887607574,-0.135376617312,0.29323887825,0.753718435764,-0.572357237339
0.671542525291,0.0663632303476,1.51809024811,-0.138270840049,0.286394059658,0.754925429821,-0.57353925705
0.671586990356,0.0675246268511,1.51783072948,-0.138514593244,0.286465406418,0.754425704479,-0.57410210371
0.671706438065,0.0685612931848,1.51760995388,-0.1385371387,0.287316858768,0.75421667099,-0.573945820332
0.671633720398,0.06963083148,1.5175113678,-0.138442888856,0.288005441427,0.753853201866,-0.574100911617
0.671720206738,0.0707624182105,1.51730000973,-0.138751387596,0.288594573736,0.753186702728,-0.574605166912
0.671966969967,0.070658877492,1.51784050465,-0.135859876871,0.297153443098,0.751389861107,-0.573284626007
0.671758472919,0.0728953927755,1.51701712608,-0.139484182,0.289886265993,0.751970827579,-0.575369536877
0.671706795692,0.073902592063,1.51680397987,-0.139465898275,0.290550649166,0.751681983471,-0.575416207314
0.671822547913,0.0749277248979,1.51647460461,-0.139920771122,0.291014224291,0.750994384289,-0.575969219208
0.671692609787,0.0760644078255,1.51623654366,-0.139838829637,0.291438221931,0.750578343868,-0.576316714287
0.671601593494,0.0771322399378,1.51611590385,-0.140177935362,0.292355030775,0.749804139137,-0.576777517796
0.671450257301,0.0780555978417,1.51598262787,-0.140376493335,0.29304510355,0.749273955822,-0.577068150043
0.671311438084,0.0790821313858,1.51579368114,-0.140528857708,0.293768852949,0.748572051525,-0.577573597431
0.671399116516,0.0802139937878,1.51546883583,-0.141281023622,0.294003039598,0.747835636139,-0.578224778175
0.671151638031,0.081075578928,1.51549386978,-0.141149654984,0.295810192823,0.747048199177,-0.578353047371
0.671189129353,0.0810175836086,1.51587533951,-0.138327360153,0.303789049387,0.7450324893,-0.577498376369
0.670834064484,0.0831451937556,1.51498401165,-0.141857892275,0.296948283911,0.745494186878,-0.579600155354
0.67061072588,0.0842110961676,1.51474201679,-0.142050459981,0.297509342432,0.744682431221,-0.580308496952
0.670439124107,0.0852646678686,1.5143995285,-0.142523661256,0.297970741987,0.744027018547,-0.580796182156
0.670217871666,0.0863444730639,1.51411318779,-0.142692327499,0.29885840416,0.742952108383,-0.581674158573
0.670101761818,0.0872091501951,1.51403367519,-0.143160656095,0.30037689209,0.741811990738,-0.582231521606
0.669986486435,0.0884179472923,1.51365578175,-0.143972620368,0.30078420043,0.741038799286,-0.582805514336
0.669723570347,0.0893305391073,1.5134691,-0.144263580441,0.301849871874,0.740124344826,-0.583344459534
0.669617295265,0.0891315191984,1.51393389702,-0.141742527485,0.310652196407,0.737889885902,-0.582170963287
0.669174909592,0.0913229584694,1.51290333271,-0.145280376077,0.303545951843,0.738568484783,-0.5841832757
0.669153988361,0.0924605056643,1.51250398159,-0.146028503776,0.304278701544,0.737757980824,-0.584639668465
0.66919195652,0.0931497439742,1.51288247108,-0.146871387959,0.305856227875,0.736415684223,-0.585297167301
0.668592870235,0.0943153202534,1.51223921776,-0.146669715643,0.306955099106,0.735877215862,-0.585449755192
0.668280422688,0.0953131616116,1.51193702221,-0.146879449487,0.307613790035,0.734979569912,-0.586178541183
0.668057203293,0.0963605642319,1.51162052155,-0.14733697474,0.30833247304,0.734479546547,-0.586312770844
0.668157994747,0.0962009131908,1.51212620735,-0.144897907972,0.317666977644,0.731921195984,-0.585135757923
0.66771376133,0.0983138084412,1.51109373569,-0.14808024466,0.310721576214,0.732408583164,-0.587453842163
0.66746789217,0.0994090661407,1.51060962677,-0.148212224245,0.31093069911,0.731739163399,-0.588143706322
0.667200565338,0.100313283503,1.51042592525,-0.148164734244,0.312221705914,0.730983197689,-0.588411748409
0.667291402817,0.100323230028,1.51083767414,-0.14590382576,0.320848166943,0.728842258453,-0.586990237236
0.666806697845,0.102403469384,1.50971353054,-0.148831561208,0.31358936429,0.729845046997,-0.588928759098
0.666727185249,0.103416949511,1.50928604603,-0.148894131184,0.314515590668,0.729131281376,-0.589303135872
0.666729688644,0.104228571057,1.50953805447,-0.149217143655,0.315643340349,0.728157937527,-0.589821815491
0.666576981544,0.104186184704,1.5095063448,-0.146292492747,0.324322789907,0.726351320744,-0.588070631027
0.666100621223,0.106301173568,1.50854098797,-0.149363681674,0.317525714636,0.727411150932,-0.589695692062
0.665762782097,0.107226416469,1.50819289684,-0.149062484503,0.318257957697,0.727056205273,-0.589814841747
0.665562808514,0.108116939664,1.50793421268,-0.149097129703,0.3192461133,0.726464688778,-0.590000987053
0.665446698666,0.109070539474,1.50773620605,-0.14928008616,0.320377290249,0.726013243198,-0.589897096157
0.665191709995,0.109966948628,1.50751423836,-0.149436220527,0.321508139372,0.72536277771,-0.590042591095
0.66509282589,0.110841587186,1.5072106123,-0.149763315916,0.322261989117,0.725065410137,-0.589913904667
0.66485708952,0.111865274608,1.50653755665,-0.149347618222,0.322109907866,0.724907517433,-0.590296268463
0.664831578732,0.112505637109,1.50682961941,-0.149540230632,0.32320857048,0.723975777626,-0.590790212154
0.664453744888,0.113587841392,1.50593018532,-0.149484395981,0.323313355446,0.723948836327,-0.590780198574
0.664156854153,0.114447414875,1.50597262383,-0.149482473731,0.324823707342,0.723780333996,-0.59015828371
0.66455078125,0.113944262266,1.50683605671,-0.147173330188,0.333226561546,0.721563994884,-0.588766038418
0.663884162903,0.114965766668,1.50608849525,-0.1468488276,0.333797454834,0.721392333508,-0.588734149933
0.664010167122,0.11562988162,1.50615537167,-0.147238478065,0.334200650454,0.720802009106,-0.589130878448
0.663358211517,0.116431802511,1.50530648232,-0.146620586514,0.334512770176,0.720657944679,-0.58928412199
0.66303062439,0.117242954671,1.50514626503,-0.146825313568,0.335266828537,0.719919025898,-0.589707612991
0.662789463997,0.118050843477,1.50499796867,-0.146859198809,0.336263805628,0.719035029411,-0.590209901333
0.662471175194,0.118719115853,1.50477516651,-0.147065684199,0.336813688278,0.718623995781,-0.590345621109
0.662594079971,0.119354322553,1.50471627712,-0.147742524743,0.337012588978,0.717870116234,-0.590979933739
0.661999464035,0.120190292597,1.50378000736,-0.147497013211,0.33715236187,0.717598855495,-0.591290891171
0.661606371403,0.12099263072,1.50344157219,-0.147417768836,0.337637782097,0.716698884964,-0.592124462128
0.661130726337,0.121688961983,1.5032556057,-0.147476434708,0.338403791189,0.716086566448,-0.592413365841
0.661166489124,0.122243031859,1.5033878088,-0.147984236479,0.339080274105,0.715134859085,-0.593049228191
0.660398185253,0.123191356659,1.50257372856,-0.147729203105,0.33987313509,0.714824855328,-0.593032717705
0.659945249557,0.123909883201,1.50230622292,-0.147749096155,0.340898871422,0.714019417763,-0.593409121037
0.659312963486,0.125572383404,1.50087881088,-0.150586813688,0.333386927843,0.7147321105,-0.596099615097
0.659004449844,0.126321613789,1.50047445297,-0.150953784585,0.334251433611,0.714038968086,-0.596353411674
0.65883564949,0.126930788159,1.50082111359,-0.151728317142,0.335553109646,0.712920963764,-0.596763253212
0.658599257469,0.128423139453,1.499994874,-0.152626767755,0.33518949151,0.711723327637,-0.598166465759
0.65882307291,0.128833919764,1.50000989437,-0.154208868742,0.338210195303,0.710038363934,-0.598062634468
0.658414423466,0.129495099187,1.49978113174,-0.154402926564,0.339782178402,0.709560871124,-0.597688317299
0.657423913479,0.130041882396,1.49922299385,-0.153212428093,0.339686512947,0.709765553474,-0.597805917263
0.657101213932,0.130717918277,1.49890995026,-0.153490543365,0.340611994267,0.709088504314,-0.598011374474
0.657165884972,0.13151049614,1.49887859821,-0.154768198729,0.342776477337,0.707252442837,-0.598619282246
0.656133055687,0.131923258305,1.49843096733,-0.153048783541,0.343003004789,0.708111464977,-0.597915709019
0.655851006508,0.13276104629,1.49782574177,-0.153144851327,0.343081116676,0.707329213619,-0.598771631718
0.655734777451,0.133319050074,1.49762153625,-0.153561353683,0.344342023134,0.706479609013,-0.598944067955
0.65533721447,0.133773267269,1.49720609188,-0.153271242976,0.344850897789,0.706380605698,-0.59884250164
0.655499815941,0.134690523148,1.49743008614,-0.154649138451,0.347120553255,0.705189824104,-0.598580181599
0.655078172684,0.13527777791,1.49694788456,-0.154149264097,0.347226917744,0.705325186253,-0.598487973213
0.654382646084,0.135655522346,1.49633896351,-0.152643769979,0.347106844187,0.705548048019,-0.598680913448
0.653982102871,0.136238157749,1.49606251717,-0.15228228271,0.347533196211,0.705446362495,-0.598645329475
0.654001057148,0.136610329151,1.49579465389,-0.152450740337,0.348305463791,0.705319166183,-0.598303437233
0.653612792492,0.137355715036,1.49556016922,-0.152525320649,0.348660260439,0.705208003521,-0.598208785057
0.653186321259,0.137788340449,1.49490845203,-0.151233896613,0.347546547651,0.705811679363,-0.598472654819
0.653544187546,0.138193875551,1.49547529221,-0.152606531978,0.351313203573,0.704608023167,-0.597342371941
0.653521239758,0.138663217425,1.49510455132,-0.152428120375,0.351633816957,0.704026520252,-0.597884833813
0.653306663036,0.138967484236,1.49489629269,-0.151824250817,0.352027744055,0.704225361347,-0.597572147846
0.652361094952,0.139416769147,1.49400448799,-0.149445846677,0.349560081959,0.705454587936,-0.598170280457
0.652593672276,0.139506623149,1.49437022209,-0.150293946266,0.352070093155,0.704887866974,-0.597153007984
0.652150571346,0.140050053596,1.49410295486,-0.149654537439,0.35183390975,0.705190598965,-0.597095310688
0.652244925499,0.139368087053,1.49476385117,-0.146356031299,0.359673351049,0.703437328339,-0.595307469368
0.651953399181,0.140678346157,1.49387443066,-0.149404898286,0.352552235126,0.705320715904,-0.596580147743
0.651799917221,0.140893056989,1.49379086494,-0.149036467075,0.352861106396,0.705139160156,-0.596704304218
0.651575446129,0.139980345964,1.49433255196,-0.144837081432,0.359860420227,0.704272806644,-0.594577670097
0.651624858379,0.139920592308,1.49460470676,-0.145027682185,0.361470162868,0.703938663006,-0.593950092793
0.65148806572,0.140456438065,1.49427723885,-0.1448148489,0.360355764627,0.703938484192,-0.594679057598
0.651526927948,0.140348866582,1.4944934845,-0.144902303815,0.361660152674,0.703669071198,-0.594184398651
0.651189863682,0.141523882747,1.49356853962,-0.147409558296,0.35368296504,0.705489456654,-0.596207559109
0.651347577572,0.140500113368,1.4944627285,-0.144546180964,0.36180254817,0.703510582447,-0.594372034073
0.651183545589,0.140612408519,1.49433255196,-0.144313633442,0.361372619867,0.703573226929,-0.594616055489
0.651042819023,0.140770569444,1.49419665337,-0.143979594111,0.360518217087,0.703621804714,-0.595157802105
0.651112914085,0.140558078885,1.49449920654,-0.144307330251,0.361707806587,0.703227162361,-0.59482306242
0.650959193707,0.140613943338,1.49441564083,-0.144150495529,0.3612639606,0.703210234642,-0.595150589943
0.651009559631,0.14054107666,1.494374156,-0.144188567996,0.360981523991,0.703046023846,-0.5955067873
0.65093588829,0.140488803387,1.49445366859,-0.144123449922,0.360927134752,0.70287156105,-0.595761358738
0.650842249393,0.140397846699,1.49457550049,-0.143871292472,0.360945492983,0.702657043934,-0.596064329147
0.650711715221,0.140279814601,1.49476051331,-0.14368852973,0.360890716314,0.702575683594,-0.596237361431
0.650338292122,0.141444772482,1.49368345737,-0.146151870489,0.351449340582,0.704282641411,-0.599257051945
0.650210618973,0.141345232725,1.49379432201,-0.146005123854,0.351343482733,0.704083800316,-0.599588513374
0.650890827179,0.140920743346,1.49481511116,-0.147984832525,0.354792118073,0.702603042126,-0.598808884621
0.650843501091,0.140891849995,1.49514818192,-0.148168921471,0.355146706104,0.702203691006,-0.599021613598
0.650778949261,0.140761271119,1.49500322342,-0.148016422987,0.354150056839,0.702139317989,-0.59972435236
0.650579571724,0.140703722835,1.49519479275,-0.147980451584,0.354030758142,0.701905667782,-0.600077211857
0.65049725771,0.140524029732,1.49530863762,-0.148062169552,0.353860616684,0.701704323292,-0.600392699242
0.650659561157,0.140265464783,1.49546480179,-0.14834305644,0.354025989771,0.701412558556,-0.600566744804
0.65064650774,0.140269637108,1.49584424496,-0.148618876934,0.354520022869,0.701072692871,-0.600603938103
0.650607466698,0.140081048012,1.49599707127,-0.148523584008,0.354485630989,0.701034545898,-0.600692391396
0.650704801083,0.139915019274,1.49620783329,-0.148731023073,0.354567587376,0.700824975967,-0.600837111473
0.649911940098,0.139981091022,1.49545097351,-0.146523237228,0.350776463747,0.702194869518,-0.602004349232
0.650111079216,0.139491289854,1.49573206902,-0.146640330553,0.3515868783,0.702036738396,-0.601687431335
0.650131583214,0.139279320836,1.49586868286,-0.146549016237,0.351373761892,0.702131092548,-0.601724088192
0.650142669678,0.13782826066,1.49685323238,-0.14295232296,0.358954787254,0.700820088387,-0.599639415741
0.650162994862,0.137605518103,1.49695706367,-0.142760172486,0.358525961637,0.700996518135,-0.599735498428
0.650745928288,0.138576880097,1.49685072899,-0.147533595562,0.352324396372,0.701694667339,-0.601436555386
0.650745928288,0.138576880097,1.49685072899,-0.147533595562,0.352324396372,0.701694667339,-0.601436555386
0.650730013847,0.138169825077,1.49703276157,-0.147439911962,0.351221650839,0.702052354813,-0.601687014103
0.650787055492,0.137922987342,1.49714589119,-0.147182404995,0.350680947304,0.702513813972,-0.601526796818
0.650776445866,0.137674435973,1.49736297131,-0.147013351321,0.350362807512,0.702645123005,-0.601600170135
0.650876522064,0.137421995401,1.49741029739,-0.14664876461,0.349734276533,0.70257461071,-0.602137088776
0.650921344757,0.137071937323,1.49752163887,-0.146371781826,0.349109232426,0.702762007713,-0.602348506451
0.650968134403,0.136649876833,1.49770867825,-0.146188631654,0.349073827267,0.702488183975,-0.602732717991
0.650889694691,0.136369109154,1.49784171581,-0.146041065454,0.348562538624,0.702435135841,-0.603126168251
0.650866627693,0.135983794928,1.49800801277,-0.145778939128,0.348398715258,0.702342748642,-0.603391706944
0.650138378143,0.135993376374,1.49730634689,-0.143835678697,0.344539940357,0.703594446182,-0.604614496231
0.650227725506,0.135672420263,1.49735379219,-0.14386536181,0.344090223312,0.703669786453,-0.604775607586
0.650915503502,0.135089740157,1.49841618538,-0.145850226283,0.347339361906,0.702533423901,-0.603763103485
0.650964736938,0.134806543589,1.49853789806,-0.146117210388,0.347114443779,0.702518045902,-0.603845894337
0.651011705399,0.134468823671,1.49870657921,-0.146218970418,0.347029626369,0.702401220798,-0.604005813599
0.650985002518,0.134151265025,1.49874866009,-0.146134227514,0.346366345882,0.702535033226,-0.604251384735
0.650848448277,0.133814066648,1.4987090826,-0.145996287465,0.345698565245,0.702742040157,-0.604426264763
0.650929689407,0.133489340544,1.49884903431,-0.146254748106,0.345493108034,0.702811717987,-0.604400277138
0.65105009079,0.133192494512,1.49895846844,-0.146351486444,0.34523370862,0.702855825424,-0.604473888874
0.651079654694,0.132765606046,1.49911189079,-0.146253556013,0.344983965158,0.703196883202,-0.604243397713
0.650717556477,0.132284447551,1.49868655205,-0.145028412342,0.34262150526,0.704253256321,-0.604652404785
0.651236712933,0.132095247507,1.49929273129,-0.146456539631,0.343837797642,0.703470051289,-0.604529619217
0.651405572891,0.131575241685,1.49927484989,-0.146271750331,0.343163192272,0.703753650188,-0.604627430439
0.650801539421,0.13111205399,1.49912559986,-0.144862323999,0.341290444136,0.705110728741,-0.604445755482
0.651095628738,0.130713880062,1.49916613102,-0.145097672939,0.340729176998,0.705374240875,-0.604398548603
0.651841521263,0.13037571311,1.49981093407,-0.146701335907,0.341947376728,0.704905807972,-0.603869616985
0.652096867561,0.130052238703,1.49987995625,-0.147072255611,0.340935409069,0.705000519753,-0.604241013527
0.652459442616,0.128388896585,1.50129628181,-0.144192457199,0.349440425634,0.703416466713,-0.601917922497
0.652011215687,0.128858625889,1.50040268898,-0.145726531744,0.339814186096,0.706234812737,-0.603756964207
0.65227073431,0.128423511982,1.50058722496,-0.145770907402,0.338941186666,0.706872701645,-0.60349047184
0.652432203293,0.127840995789,1.50085294247,-0.145148068666,0.338445156813,0.707203388214,-0.603531479836
0.653240680695,0.127532422543,1.50128161907,-0.146564871073,0.338567197323,0.706368029118,-0.604098558426
0.652897536755,0.126789778471,1.50090897083,-0.144427642226,0.335982233286,0.707703232765,-0.604493737221
0.653436303139,0.126209199429,1.50130534172,-0.144913077354,0.335340231657,0.708146452904,-0.604215025902
0.653953790665,0.125748172402,1.50166714191,-0.144935920835,0.335305780172,0.707869291306,-0.60455340147
0.654301047325,0.124481350183,1.50264978409,-0.14291125536,0.339776307344,0.706112921238,-0.604593098164
0.654717504978,0.123393848538,1.50320029259,-0.141881659627,0.341138511896,0.707043409348,-0.602979004383
0.655635535717,0.122934900224,1.50354814529,-0.14267039299,0.340848118067,0.706652224064,-0.603415489197
0.65604186058,0.122129634023,1.50414967537,-0.142703726888,0.341022342443,0.706840753555,-0.603088438511
0.655786514282,0.1213863343,1.50379443169,-0.140587255359,0.337560266256,0.707840561867,-0.604359209538
0.656087398529,0.120735317469,1.50410580635,-0.140433222055,0.336640298367,0.708122611046,-0.604577720165
0.65661996603,0.120104715228,1.50458610058,-0.140378251672,0.336130738258,0.70821762085,-0.604762732983
0.657497942448,0.119527086616,1.50492215157,-0.141498848796,0.335799515247,0.707516312599,-0.605505764484
0.657791852951,0.118775039911,1.50521731377,-0.140746086836,0.334895223379,0.70767724514,-0.60599398613
0.658320665359,0.117985382676,1.50572896004,-0.141148030758,0.33472815156,0.70778208971,-0.605870366096
0.65771818161,0.116703942418,1.50551557541,-0.137898802757,0.33113989234,0.709576249123,-0.6064915061
0.657715439796,0.11621928215,1.50543093681,-0.137692883611,0.330314993858,0.709848046303,-0.606669962406
0.658492267132,0.115262851119,1.50595355034,-0.137475326657,0.329130381346,0.709820270538,-0.607395172119
0.658116340637,0.115682244301,1.5049431324,-0.139402419329,0.320384442806,0.7115046978,-0.609657227993
0.658717989922,0.114861473441,1.5057554245,-0.139993190765,0.319544255733,0.711538136005,-0.609923660755
0.658694624901,0.114252492785,1.50559270382,-0.139590084553,0.318949878216,0.711712419987,-0.610123753548
0.659265637398,0.113289378583,1.50634145737,-0.139929577708,0.318351536989,0.711440384388,-0.610675573349
0.659673392773,0.112436026335,1.50640940666,-0.139709815383,0.317538648844,0.711560428143,-0.611009120941
0.659507989883,0.11193472892,1.50620615482,-0.139466568828,0.316384077072,0.712012350559,-0.611137151718
0.660015761852,0.110998287797,1.50683152676,-0.139831706882,0.315567821264,0.711922585964,-0.611580252647
0.660011231899,0.110401928425,1.506264925,-0.139753624797,0.313984930515,0.712323367596,-0.611945867538
0.660449624062,0.109431028366,1.50705564022,-0.140149086714,0.313842684031,0.712621033192,-0.611581802368
0.660665154457,0.108692780137,1.50718712807,-0.140818506479,0.313097953796,0.712424278259,-0.612038731575
0.660991966724,0.107042953372,1.50772738457,-0.138743191957,0.320668876171,0.711222350597,-0.609987437725
0.661049127579,0.10725390166,1.50733482838,-0.141466349363,0.311042785645,0.712874293327,-0.612413108349
0.661098718643,0.10558078438,1.50796735287,-0.139246150851,0.318720191717,0.712062597275,-0.609913706779
0.661262154579,0.10583768785,1.50779795647,-0.142577931285,0.309933304787,0.713620960712,-0.611848175526
0.660993516445,0.105174571276,1.50741827488,-0.142454907298,0.309496492147,0.714086353779,-0.611554741859
0.66121250391,0.104603886604,1.50731039047,-0.143257886171,0.307876884937,0.714122474194,-0.612142324448
0.661185801029,0.103856183589,1.50753712654,-0.143612712622,0.307635217905,0.714380085468,-0.611879944801
0.66142565012,0.10309972614,1.50766944885,-0.144576966763,0.307543069124,0.714622020721,-0.611416637897
0.661823034286,0.101615965366,1.50818657875,-0.14251640439,0.313040822744,0.713859021664,-0.609999835491
0.661443948746,0.101936027408,1.50772964954,-0.145753920078,0.30530372262,0.715944945812,-0.610711276531
0.661420166492,0.101457729936,1.5079100132,-0.146189913154,0.304484516382,0.716514885426,-0.610347509384
0.66147261858,0.10082384944,1.50789880753,-0.14677849412,0.303492367268,0.716750383377,-0.610423922539
0.661591768265,0.100160330534,1.50771737099,-0.147513091564,0.302595496178,0.717052698135,-0.610337078571
0.661626040936,0.0996159762144,1.50770306587,-0.147948399186,0.301851212978,0.717335999012,-0.610267221928
0.661939740181,0.0988419950008,1.50841832161,-0.14901214838,0.301634550095,0.717506408691,-0.609915196896
0.661550939083,0.0984005630016,1.50793659687,-0.148837149143,0.301124215126,0.717883884907,-0.609765946865
0.661849796772,0.0967782884836,1.50882089138,-0.146982938051,0.308512985706,0.716728329659,-0.607878565788
0.661849796772,0.0967782884836,1.50882089138,-0.146982938051,0.308512985706,0.716728329659,-0.607878565788
0.661892056465,0.0956667363644,1.50902736187,-0.147790402174,0.308120638132,0.717159152031,-0.607373476028
0.661538660526,0.0963173061609,1.50817763805,-0.150811836123,0.29933989048,0.71869790554,-0.609200239182
0.661460101604,0.0958251804113,1.50820052624,-0.151123896241,0.298788309097,0.719089150429,-0.608931779861
0.661478161812,0.0953412801027,1.50837624073,-0.151520818472,0.298936724663,0.719221949577,-0.608603358269
0.661472380161,0.0948189124465,1.50834429264,-0.151778563857,0.298534721136,0.719261348248,-0.608689844608
0.66134595871,0.094233289361,1.50834202766,-0.151670247316,0.298190742731,0.71941691637,-0.608701705933
0.661330163479,0.0937404483557,1.50843966007,-0.151995822787,0.29840323329,0.71940857172,-0.608526349068
0.66134417057,0.093550875783,1.50814473629,-0.152163162827,0.29670715332,0.719459533691,-0.609252929688
0.661163032055,0.0929970890284,1.50834989548,-0.152025550604,0.297060966492,0.719756543636,-0.608763933182
0.661091566086,0.0924747213721,1.50839293003,-0.152145385742,0.296855002642,0.719851255417,-0.608722507954
0.661049067974,0.0920919850469,1.5083322525,-0.152254149318,0.296495974064,0.7197239995,-0.609020650387
0.661095738411,0.0917846262455,1.50830352306,-0.152626559138,0.296034067869,0.719666004181,-0.609220743179
0.660979151726,0.0914034172893,1.5083053112,-0.152627900243,0.295809417963,0.719770729542,-0.609205842018
0.66075861454,0.0909520536661,1.50847148895,-0.152458056808,0.2960280478,0.720207631588,-0.608625590801
0.660642147064,0.0905777215958,1.50852072239,-0.152550667524,0.29599738121,0.720295011997,-0.608513832092
0.66055983305,0.0901087373495,1.50857257843,-0.152684077621,0.296096771955,0.720277428627,-0.608452796936
0.660501480103,0.0898273289204,1.50850403309,-0.153184965253,0.295853942633,0.720092356205,-0.608663976192
0.660414814949,0.0895232707262,1.50848412514,-0.153372466564,0.295560002327,0.720152080059,-0.608688890934
0.66040712595,0.089088127017,1.50849366188,-0.153426676989,0.29559931159,0.720183670521,-0.608618915081
0.660313129425,0.088767208159,1.50845134258,-0.153355821967,0.295452684164,0.720241308212,-0.608639657497
0.660240411758,0.0884128957987,1.50848460197,-0.153516545892,0.295500040054,0.720280885696,-0.608529448509
0.660078406334,0.0880817398429,1.50850868225,-0.153863877058,0.295569837093,0.720233678818,-0.608463525772
0.659981548786,0.087781816721,1.50853407383,-0.154074564576,0.295641690493,0.720081031322,-0.608556032181
0.659816861153,0.0874984487891,1.50847780704,-0.154018610716,0.295370936394,0.720311939716,-0.608428418636
0.659764170647,0.0872173979878,1.50833308697,-0.15413531661,0.294848382473,0.720383405685,-0.608567595482
0.659530758858,0.0868277922273,1.50842988491,-0.153889447451,0.295045554638,0.720542907715,-0.608345389366
0.659387052059,0.0865305066109,1.50838434696,-0.153884142637,0.294730514288,0.720596432686,-0.608435988426
0.659339725971,0.0861832350492,1.50828361511,-0.153879269958,0.294624984264,0.720563113689,-0.608527898788
0.659195423126,0.0859143137932,1.50839543343,-0.153852954507,0.294901847839,0.720478653908,-0.608500301838
0.659108042717,0.0856618583202,1.50843405724,-0.153910413384,0.294997513294,0.720351934433,-0.608589470387
0.659076690674,0.085430264473,1.50849211216,-0.154275372624,0.295192629099,0.720140218735,-0.608653187752
0.659018933773,0.0851558297873,1.50843656063,-0.154292166233,0.295045256615,0.720091402531,-0.608778119087
0.658899068832,0.084891371429,1.50843727589,-0.154354274273,0.294796675444,0.720095515251,-0.608877837658
0.658810913563,0.0846148729324,1.50842785835,-0.15455326438,0.294656276703,0.720078766346,-0.608915090561
0.658763766289,0.0842632949352,1.50847864151,-0.154573589563,0.295170724392,0.719915091991,-0.608854293823
0.658714771271,0.084067761898,1.50846099854,-0.154533863068,0.295096427202,0.719778239727,-0.60906201601
0.658612668514,0.0838766247034,1.50818359852,-0.154076203704,0.294022083282,0.71983319521,-0.609632492065
0.658505856991,0.0836203247309,1.5084322691,-0.154001131654,0.294579774141,0.719569861889,-0.60969299078
0.658426940441,0.0833837389946,1.50844979286,-0.153940811753,0.294473081827,0.719179928303,-0.61021977663
0.658358871937,0.0831366330385,1.50857019424,-0.153924494982,0.294698148966,0.718985080719,-0.610344946384
