x,y,z,q0,q1,q2,q3
0.704540729523,0.086249448359,1.51371610165,-0.148828402162,0.285746753216,0.71953868866,-0.615193486214
0.704837977886,0.0855994522572,1.51379859447,-0.149086549878,0.284415841103,0.720030903816,-0.615171849728
0.704887330532,0.0849704667926,1.51406037807,-0.148650065064,0.283341050148,0.720147788525,-0.615636408329
0.705136060715,0.0844184011221,1.51375508308,-0.148092240095,0.280452221632,0.720924198627,-0.616184771061
0.705318450928,0.0837788283825,1.51404702663,-0.147561490536,0.279237896204,0.721575677395,-0.616100907326
0.705556154251,0.0831523388624,1.51402747631,-0.146830290556,0.277246654034,0.721815943718,-0.616892933846
0.705401778221,0.0822493284941,1.5145611763,-0.145357504487,0.278029620647,0.718694925308,-0.620522737503
0.705897569656,0.0819305330515,1.51468420029,-0.145416423678,0.274292588234,0.723237156868,-0.616883814335
0.706152439117,0.0813811644912,1.51467418671,-0.14454883337,0.27223187685,0.723730027676,-0.617422163486
0.706529080868,0.0808403939009,1.51517355442,-0.144272446632,0.271607995033,0.723455548286,-0.618082940578
0.706742525101,0.0802845805883,1.51527345181,-0.143112361431,0.269731223583,0.724471211433,-0.617985069752
0.707061171532,0.0796447992325,1.51517343521,-0.142465084791,0.267637640238,0.724895596504,-0.618546843529
0.707349777222,0.079092875123,1.51554298401,-0.142006888986,0.267011076212,0.725421905518,-0.61830586195
0.707643210888,0.0784860402346,1.51579678059,-0.141404300928,0.266415417194,0.725537002087,-0.61856597662
0.70794147253,0.0779775828123,1.51598834991,-0.141232579947,0.265549629927,0.725846767426,-0.618614077568
0.708126008511,0.077454328537,1.51619505882,-0.140625819564,0.265141397715,0.726426362991,-0.618246912956
0.708475887775,0.0769376605749,1.51638758183,-0.14038002491,0.264759540558,0.726511955261,-0.618365705013
0.708832919598,0.0764597505331,1.51641666889,-0.140390977263,0.264262378216,0.726515829563,-0.618571519852
0.709055244923,0.0759439319372,1.51675498486,-0.140327736735,0.264824569225,0.726687073708,-0.618144035339
0.709276378155,0.0753837153316,1.51666641235,-0.140286177397,0.264558970928,0.726812422276,-0.618119776249
0.709509134293,0.0748957917094,1.51675474644,-0.140406131744,0.264875978231,0.726790428162,-0.617982566357
0.709746420383,0.0743711292744,1.51683008671,-0.140770748258,0.265402436256,0.72674459219,-0.617727577686
0.71010440588,0.0738814175129,1.51683521271,-0.141395136714,0.265923142433,0.726803421974,-0.617291748524
0.710249245167,0.0734413936734,1.51697635651,-0.142023041844,0.266773700714,0.726659536362,-0.616949975491
0.710383653641,0.0729459673166,1.51699662209,-0.142529457808,0.267560511827,0.726545870304,-0.616626143456
0.710578680038,0.0724192857742,1.51698386669,-0.143180325627,0.268591493368,0.726306557655,-0.616309046745
0.710841119289,0.071964584291,1.51701188087,-0.144462525845,0.269729018211,0.725978553295,-0.615899443626
0.71097278595,0.07150477916,1.51702237129,-0.14556799829,0.270972400904,0.725684583187,-0.615439593792
0.711086094379,0.0710738897324,1.51703584194,-0.14679723978,0.27231502533,0.725204527378,-0.615120828152
0.711251020432,0.0706770867109,1.51697874069,-0.148247331381,0.273358494043,0.724852323532,-0.614725291729
0.71138972044,0.0701074525714,1.51700913906,-0.149422034621,0.27509829402,0.724426567554,-0.614166200161
0.711510181427,0.0697266459465,1.51701140404,-0.150971293449,0.276283562183,0.724169790745,-0.613557994366
0.711543083191,0.0693826824427,1.51697742939,-0.152260392904,0.277096182108,0.724116921425,-0.612934827805
0.711573004723,0.0689994767308,1.51692163944,-0.153268963099,0.277660220861,0.723866283894,-0.612724244595
0.711664199829,0.0685851871967,1.51688122749,-0.154144391418,0.278011053801,0.723444879055,-0.612843394279
0.71175557375,0.0681948363781,1.5166438818,-0.154760852456,0.277649074793,0.72339951992,-0.612905740738
0.711689591408,0.0678124129772,1.51674306393,-0.154866605997,0.277584284544,0.723832666874,-0.612396657467
0.711767852306,0.0674578920007,1.51660144329,-0.155192375183,0.276411771774,0.724061965942,-0.612573444843
0.711734056473,0.0670848339796,1.5167119503,-0.154937207699,0.275900751352,0.72425609827,-0.612638831139
0.711717784405,0.066835001111,1.5166875124,-0.154595822096,0.274611353874,0.724515497684,-0.612997531891
0.711657762527,0.0665354952216,1.51659142971,-0.154070600867,0.272425502539,0.724921226501,-0.613625109196
0.711489737034,0.0660540759563,1.51641964912,-0.152563080192,0.270535171032,0.725352466106,-0.614328205585
0.711578726768,0.0657758265734,1.51655375957,-0.151891648769,0.26917335391,0.72539794445,-0.615038692951
0.711819946766,0.0655972212553,1.51677668095,-0.151577100158,0.267851561308,0.725576758385,-0.615482270718
0.711881816387,0.065410502255,1.51682734489,-0.15099966526,0.266166567802,0.725956559181,-0.615907132626
0.712048530579,0.0650974214077,1.51687729359,-0.15040192008,0.264973223209,0.726427674294,-0.616012454033
0.712533116341,0.0636799558997,1.51771891117,-0.147232055664,0.272005915642,0.725878894329,-0.61435765028
0.712219417095,0.0644721016288,1.51712834835,-0.148675337434,0.263416558504,0.72668838501,-0.616791188717
0.712303638458,0.0642381981015,1.51725244522,-0.147979125381,0.262821048498,0.726890265942,-0.616974830627
0.712411701679,0.0640238821507,1.51737833023,-0.14763212204,0.26250270009,0.727041780949,-0.617014944553
0.71243339777,0.0638560503721,1.51747882366,-0.147412538528,0.262078464031,0.727195560932,-0.617066562176
0.712540268898,0.0636590868235,1.51759958267,-0.147214785218,0.262191236019,0.727415025234,-0.616807162762
0.712435781956,0.0633989274502,1.51758360863,-0.146439701319,0.262176007032,0.727672934532,-0.616693675518
0.712534785271,0.063241712749,1.51765441895,-0.146514117718,0.262651830912,0.7276237607,-0.616531729698
0.712659358978,0.0630830600858,1.51758527756,-0.146606549621,0.263054132462,0.727332830429,-0.616681516171
0.712892413139,0.0630290210247,1.51773703098,-0.147451519966,0.264191567898,0.726686179638,-0.616756081581
0.71294426918,0.0628549084067,1.51777303219,-0.147660374641,0.265420615673,0.726162135601,-0.616795778275
0.713023364544,0.0627464875579,1.51768946648,-0.147931531072,0.266296684742,0.725877642632,-0.616688013077
0.713359296322,0.0614791363478,1.51846683025,-0.145877867937,0.275158464909,0.725013911724,-0.614298343658
0.712867498398,0.0624985098839,1.5178334713,-0.148222818971,0.268362134695,0.725679397583,-0.615955650806
0.712816655636,0.0624605864286,1.51773691177,-0.148386791348,0.26855674386,0.725746393204,-0.615752160549
0.712809026241,0.062433924526,1.51755714417,-0.148515731096,0.268439203501,0.725827872753,-0.615676522255
0.712739109993,0.0623933039606,1.5174241066,-0.148339569569,0.268220245838,0.726005733013,-0.615604639053
0.712728857994,0.0623613409698,1.51727604866,-0.148199558258,0.267900049686,0.726170003414,-0.615583896637
0.712670445442,0.0623192340136,1.51720309258,-0.147946491838,0.267565757036,0.726442158222,-0.615469157696
0.712602496147,0.0622777603567,1.51708889008,-0.14760877192,0.267048090696,0.72674202919,-0.615421116352
0.712479054928,0.0621991343796,1.51714611053,-0.147098049521,0.26688349247,0.72699034214,-0.615321516991
0.712454676628,0.062163464725,1.51711177826,-0.146797552705,0.26645103097,0.727350771427,-0.615154564381
0.712422847748,0.062095914036,1.51709580421,-0.146477088332,0.266115933657,0.727678954601,-0.614987850189
0.712888240814,0.0609672218561,1.51772332191,-0.144011259079,0.273250699043,0.727296769619,-0.612890124321
0.712873876095,0.0609358809888,1.51771461964,-0.143821969628,0.273023337126,0.727572977543,-0.612708091736
0.712861955166,0.0609107278287,1.5177090168,-0.143635585904,0.272830694914,0.72778147459,-0.612590014935
0.712841570377,0.0609383434057,1.51775860786,-0.143524706364,0.272775322199,0.727926075459,-0.612468719482
0.712854743004,0.0609074868262,1.51778686047,-0.143473386765,0.27285939455,0.727971792221,-0.612388908863
0.712870776653,0.0608332753181,1.51777303219,-0.143384605646,0.272996395826,0.728066444397,-0.612236320972
0.712879061699,0.060820132494,1.51777255535,-0.143472194672,0.273197472095,0.727990269661,-0.61221665144
0.71288305521,0.0608076006174,1.5177680254,-0.143599063158,0.273481339216,0.727954924107,-0.612102031708
0.712854921818,0.0608574710786,1.51774060726,-0.143702536821,0.273669660091,0.727872610092,-0.612091422081
0.712905526161,0.0608568415046,1.51750969887,-0.143770366907,0.273466110229,0.727789759636,-0.612264931202
0.712931036949,0.0608711801469,1.51747536659,-0.144039735198,0.273740291595,0.727588057518,-0.61231893301
0.712912321091,0.0608761496842,1.51741075516,-0.14411726594,0.273896455765,0.727546691895,-0.612280070782
0.712890267372,0.0609198771417,1.51733231544,-0.144232496619,0.273997247219,0.727575600147,-0.612173438072
0.71235460043,0.0620228163898,1.5170122385,-0.146704941988,0.267407864332,0.728485584259,-0.613416135311
0.712321519852,0.0620431266725,1.51693975925,-0.146736487746,0.267374783754,0.728508532047,-0.613395869732
0.712303519249,0.061980843544,1.51668679714,-0.146703049541,0.267006933689,0.728529274464,-0.613539516926
0.712180614471,0.0620114654303,1.51662492752,-0.146595060825,0.266881525517,0.728627741337,-0.613502979279
0.712148249149,0.0620164275169,1.51657402515,-0.146551385522,0.266832888126,0.728663563728,-0.613492071629
0.712199091911,0.0619923099875,1.51652348042,-0.146651208401,0.266797333956,0.72867333889,-0.613471865654
0.712142527103,0.0619994923472,1.51652753353,-0.146598115563,0.266834318638,0.728727638721,-0.613404095173
0.712114334106,0.0619988739491,1.51636481285,-0.146497160196,0.266461521387,0.72879254818,-0.613513052464
0.711953997612,0.0620377920568,1.51631736755,-0.146405979991,0.266201257706,0.728662788868,-0.613801896572
0.711919903755,0.062029838562,1.51625466347,-0.146413430572,0.266088157892,0.728664457798,-0.613847196102
0.711970865726,0.0620023459196,1.51624381542,-0.14652697742,0.266147345304,0.728591620922,-0.613880872726
0.711712300777,0.0618870407343,1.51604354382,-0.145793601871,0.265680283308,0.728945016861,-0.613838255405
0.711583375931,0.061909429729,1.51606798172,-0.145809859037,0.265744537115,0.728908836842,-0.613849520683
0.711524784565,0.0618880689144,1.51602625847,-0.145838558674,0.265744119883,0.728860557079,-0.613900184631
0.711455523968,0.0618736669421,1.51593589783,-0.145891726017,0.265644013882,0.728770852089,-0.614037394524
0.711379408836,0.0618590936065,1.5158829689,-0.145943939686,0.265606731176,0.728722155094,-0.614098906517
0.711294949055,0.0618373677135,1.51576161385,-0.145992711186,0.265446931124,0.728663086891,-0.614226400852
0.711230397224,0.061827108264,1.51574134827,-0.146141588688,0.265556961298,0.728554308414,-0.614272534847
0.7111068964,0.0618060790002,1.51564335823,-0.146257832646,0.265523731709,0.728284239769,-0.614579439163
0.710990011692,0.0617675185204,1.51558184624,-0.146358907223,0.265706539154,0.728045165539,-0.614759683609
0.711341261864,0.0605992823839,1.5162050724,-0.144092291594,0.273776501417,0.727095246315,-0.612875401974
0.711206674576,0.0605746358633,1.51607823372,-0.144310921431,0.273804187775,0.726901710033,-0.613041222095
0.710978746414,0.0606126002967,1.51598513126,-0.144569084048,0.273810625076,0.726889193058,-0.612992405891
0.711027085781,0.0607037469745,1.51600682735,-0.145675867796,0.274284809828,0.726383209229,-0.613118112087
0.710903704166,0.0607271976769,1.51592290401,-0.146124616265,0.274536013603,0.726211130619,-0.613102734089
0.710384249687,0.0618209131062,1.51518023014,-0.149073109031,0.267145514488,0.72681593895,-0.614938259125
0.710277676582,0.0617777407169,1.51506578922,-0.149736955762,0.267414748669,0.726849913597,-0.614619791508
0.710101246834,0.0618068650365,1.51494896412,-0.150281816721,0.267535865307,0.726603865623,-0.614724993706
0.709885716438,0.0617685765028,1.51483035088,-0.150749623775,0.267782181501,0.726494252682,-0.61463278532
0.709586679935,0.0617124848068,1.51470577717,-0.151061758399,0.268022537231,0.726665556431,-0.614248633385
0.709360182285,0.0616949312389,1.51461303234,-0.151571720839,0.268349409103,0.726546525955,-0.61412113905
0.709173500538,0.0616648793221,1.51455748081,-0.152201086283,0.26892632246,0.726231753826,-0.614085495472
0.709282338619,0.060539316386,1.51505041122,-0.150237768888,0.276891201735,0.72494918108,-0.612542808056
0.708432853222,0.0615533590317,1.51406145096,-0.152754992247,0.269017487764,0.726213514805,-0.613929629326
0.708747625351,0.0605782307684,1.51466310024,-0.151519671082,0.277162432671,0.725055515766,-0.611978232861
0.708324074745,0.0606036558747,1.51454305649,-0.151905760169,0.277409374714,0.725257754326,-0.611530780792
0.707418859005,0.0616668388247,1.51363623142,-0.154176339507,0.26953291893,0.726143360138,-0.613430857658
0.707305073738,0.0617389753461,1.51371490955,-0.155216246843,0.270472586155,0.72560018301,-0.61339789629
0.707023322582,0.0617814511061,1.51360225677,-0.155906066298,0.270945668221,0.725329935551,-0.613333702087
0.706728219986,0.0618559680879,1.51348996162,-0.156904175878,0.271414160728,0.724963188171,-0.613305568695
0.70669567585,0.0607984252274,1.51421225071,-0.155108496547,0.279843300581,0.723946690559,-0.611171245575
0.706371188164,0.0608771666884,1.51408529282,-0.15564237535,0.280176490545,0.723696768284,-0.611179053783
0.705622196198,0.0620003044605,1.51308107376,-0.158319652081,0.272291302681,0.724322974682,-0.613309621811
0.705237567425,0.0620575509965,1.51319348812,-0.158742055297,0.273151576519,0.724047601223,-0.613142907619
0.704871892929,0.0620915405452,1.51265561581,-0.158906444907,0.272347152233,0.724274158478,-0.613190531731
0.704473733902,0.0621711947024,1.51248538494,-0.159251883626,0.272468835115,0.723874688148,-0.6135186553
0.704211771488,0.0622960291803,1.51220941544,-0.159725159407,0.27257168293,0.723486125469,-0.61380815506
0.704221725464,0.0612546429038,1.51271033287,-0.157608106732,0.280596464872,0.722029566765,-0.612453043461
0.703796505928,0.0612838044763,1.51255953312,-0.158054754138,0.280844658613,0.721982181072,-0.612279951572
0.703041851521,0.0624662712216,1.51187801361,-0.160754695535,0.273706316948,0.722636520863,-0.614035248756
0.70269715786,0.0625452548265,1.51167798042,-0.160947576165,0.273707777262,0.722374677658,-0.614292025566
0.702183425426,0.0626755803823,1.51156294346,-0.160888046026,0.273675650358,0.72210252285,-0.614641845226
0.70183724165,0.0628137290478,1.51134777069,-0.161233276129,0.273446410894,0.72184330225,-0.614957869053
0.701385080814,0.0629519224167,1.51116609573,-0.16134954989,0.273407697678,0.721714794636,-0.615095436573
0.700943946838,0.0630986765027,1.51120483875,-0.161773145199,0.273975789547,0.721135914326,-0.615410327911
0.70094782114,0.0620870180428,1.51180183887,-0.159559249878,0.282263606787,0.71947234869,-0.614188611507
0.700675785542,0.0622501634061,1.51172351837,-0.159966364503,0.282537341118,0.71913677454,-0.614349901676
0.699865818024,0.0634770542383,1.51097989082,-0.162427216768,0.275024414062,0.719820439816,-0.616309762001
0.699489057064,0.0635963827372,1.51083159447,-0.162625938654,0.275239139795,0.719665586948,-0.616342246532
0.699179828167,0.0637203156948,1.51076495647,-0.16286355257,0.275650113821,0.719303786755,-0.616518080235
0.698787927628,0.0638820454478,1.51067066193,-0.162911981344,0.27570065856,0.718931853771,-0.61691647768
0.698463797569,0.0640026181936,1.51057982445,-0.162987872958,0.275938510895,0.718710660934,-0.617047786713
0.698184669018,0.0641744583845,1.51039063931,-0.162969440222,0.275954812765,0.718248605728,-0.617583155632
0.698200881481,0.0632640048862,1.51117372513,-0.160586953163,0.284519016743,0.716570675373,-0.616268754005
0.697853207588,0.0633944794536,1.51083898544,-0.160624533892,0.28400272131,0.716577708721,-0.616488993168
0.697122633457,0.064588278532,1.51031541824,-0.162892729044,0.277131080627,0.717542767525,-0.617897033691
0.696941077709,0.064814440906,1.51027035713,-0.163215368986,0.277326405048,0.717190563679,-0.618133127689
0.696624338627,0.0649696886539,1.51015722752,-0.163238450885,0.277396887541,0.717148840427,-0.618143796921
0.696485459805,0.0652078837156,1.51002955437,-0.163488209248,0.277460426092,0.716924071312,-0.618310034275
0.696265339851,0.0654077529907,1.50994479656,-0.163631826639,0.277595430613,0.716748893261,-0.618414521217
0.696028769016,0.0655452013016,1.50972759724,-0.163346156478,0.277440130711,0.716695606709,-0.618621468544
0.695732057095,0.0656266957521,1.50982129574,-0.163285642862,0.277989894152,0.716371417046,-0.618766129017
0.695532858372,0.0658209323883,1.50972652435,-0.163312613964,0.278085976839,0.716241776943,-0.618865787983
0.695157885551,0.0659459680319,1.50968575478,-0.162974029779,0.278454035521,0.716266155243,-0.618761301041
0.695063114166,0.0661332309246,1.50955605507,-0.163024231791,0.278541445732,0.716058731079,-0.618948876858
0.695236384869,0.0651555359364,1.51022791862,-0.160387530923,0.286751627922,0.714657306671,-0.617506563663
0.694685876369,0.0664142668247,1.50967085361,-0.162907496095,0.279458135366,0.715452194214,-0.619267761707
0.694549262524,0.0665722563863,1.50995981693,-0.162958100438,0.280338823795,0.715354859829,-0.618968725204
0.694378077984,0.0667935311794,1.50997960567,-0.162795364857,0.280454933643,0.715346217155,-0.618969023228
0.694346547127,0.0668935030699,1.50969266891,-0.16261292994,0.279880404472,0.715362131596,-0.619258463383
0.694242835045,0.0670494288206,1.50963747501,-0.162421911955,0.279745131731,0.715429961681,-0.619291424751
0.694540321827,0.0660561844707,1.51028680801,-0.159731820226,0.287621825933,0.714373886585,-0.617599725723
0.694502770901,0.0661650523543,1.51025044918,-0.159506142139,0.287562251091,0.714316189289,-0.617752552032
0.694474697113,0.066258251667,1.51025760174,-0.159240528941,0.287526905537,0.714375257492,-0.617769241333
0.694429934025,0.0663744956255,1.51024115086,-0.158869162202,0.287380367517,0.714530527592,-0.617753326893
0.694474816322,0.0664143711329,1.51030290127,-0.158581599593,0.287365019321,0.714559793472,-0.617800593376
0.694511175156,0.06648658216,1.51034665108,-0.158325374126,0.287245064974,0.714650332928,-0.617817342281
0.694525241852,0.0665615946054,1.51037192345,-0.157931953669,0.287046313286,0.714702546597,-0.617950081825
0.694593071938,0.0666048303246,1.51042187214,-0.15750965476,0.28680151701,0.714772641659,-0.618090391159
0.694296598434,0.067783869803,1.5098695755,-0.159737542272,0.278606146574,0.715974032879,-0.619874060154
0.694380998611,0.0677827745676,1.50993251801,-0.15918122232,0.278279215097,0.716110110283,-0.620006680489
0.694508194923,0.0677815824747,1.51002907753,-0.158660382032,0.277907252312,0.716110467911,-0.620306551456
0.694707274437,0.0677804127336,1.51016819477,-0.15835596621,0.277754098177,0.716287434101,-0.620248675346
0.69493663311,0.0677492395043,1.51024460793,-0.158076241612,0.277291148901,0.716374754906,-0.620426356792
0.695020318031,0.0677222311497,1.51039004326,-0.157484859228,0.276808917522,0.71653932333,-0.620601892471
0.695246517658,0.0676935166121,1.51043343544,-0.157059818506,0.275970995426,0.716542124748,-0.62107950449
0.695805132389,0.066524580121,1.51122951508,-0.154082849622,0.282917648554,0.715952754021,-0.619376897812
0.695554077625,0.0675699785352,1.51078212261,-0.155673891306,0.274301350117,0.716925978661,-0.621724784374
0.695727527142,0.0674439519644,1.51074039936,-0.154870763421,0.273008495569,0.717357456684,-0.621996641159
0.695873618126,0.067349717021,1.51095509529,-0.154150158167,0.272206008434,0.717400431633,-0.622477591038
0.696105599403,0.0672394931316,1.5108294487,-0.153304681182,0.270314574242,0.71736818552,-0.62354683876
0.696317911148,0.0670621246099,1.51103758812,-0.152034029365,0.269293069839,0.717117369175,-0.624587655067
0.696551024914,0.0669075995684,1.5112310648,-0.150822207332,0.267823755741,0.717627346516,-0.624927341938
0.696770191193,0.0668502897024,1.5113670826,-0.150102093816,0.265805244446,0.717796742916,-0.625767350197
0.696958601475,0.066614434123,1.51158165932,-0.148304983974,0.264276325703,0.717537403107,-0.627139389515
0.697594046593,0.0654295310378,1.51261627674,-0.144544512033,0.270512223244,0.716734349728,-0.626276135445
0.697454273701,0.0663069412112,1.5119702816,-0.145389392972,0.260315150023,0.718112647533,-0.628818154335
0.698142051697,0.0650898814201,1.51281344891,-0.141483590007,0.265454530716,0.716929674149,-0.628910303116
0.698496878147,0.0648959726095,1.51281285286,-0.139709234238,0.26276370883,0.717025578022,-0.630326032639
0.698353171349,0.0656932145357,1.51244115829,-0.1400039047,0.252515882254,0.718394994736,-0.632884860039
0.698264181614,0.0653464868665,1.51270473003,-0.137365847826,0.249785423279,0.718861937523,-0.634015321732
0.699240803719,0.0648956298828,1.51360785961,-0.136547923088,0.248243495822,0.718341112137,-0.635386407375
0.699104011059,0.0649809539318,1.51340198517,-0.134304329753,0.244551196694,0.718759059906,-0.636822223663
0.699481248856,0.0646487027407,1.5136320591,-0.132092908025,0.241501688957,0.71915858984,-0.637996375561
0.699622809887,0.0643573701382,1.51385331154,-0.129415765405,0.238491430879,0.719838023186,-0.638910472393
0.700279831886,0.0640018805861,1.51430702209,-0.128292307258,0.235812351108,0.719551205635,-0.640452742577
0.700818538666,0.0625385195017,1.51535236835,-0.125550866127,0.240966632962,0.723259687424,-0.634876012802
0.701255738735,0.0622212663293,1.51570761204,-0.121469266713,0.237988173962,0.720162391663,-0.640291452408
0.701190829277,0.0629598125815,1.51513051987,-0.122171528637,0.226726606488,0.720864355564,-0.643446803093
0.701669335365,0.0614711754024,1.51607573032,-0.119723111391,0.232121318579,0.724002957344,-0.638440012932
0.701657831669,0.0622073411942,1.51577842236,-0.120578095317,0.221511036158,0.724971234798,-0.640944957733
0.702293872833,0.0606760457158,1.51656627655,-0.115759171546,0.226182237267,0.725133597851,-0.640017569065
0.702486217022,0.0614421144128,1.51648950577,-0.117918342352,0.216742008924,0.725346446037,-0.6426435709
0.703408658504,0.060074582696,1.51722347736,-0.114310525358,0.221641913056,0.725032150745,-0.641978442669
0.703122377396,0.0605909489095,1.51693427563,-0.114831656218,0.211762905121,0.725969314575,-0.644157469273
0.703481733799,0.0600618459284,1.51728379726,-0.113557703793,0.209774330258,0.726218938828,-0.644752264023
0.704660773277,0.0587539225817,1.51823616028,-0.111479252577,0.215769991279,0.72573018074,-0.643685817719
0.704612374306,0.0593241155148,1.5178835392,-0.113050155342,0.206227138638,0.726102232933,-0.646115899086
0.704968035221,0.0588327683508,1.51813161373,-0.112247847021,0.204147547483,0.725950837135,-0.647085487843
0.705271720886,0.0583210960031,1.51838231087,-0.111308738589,0.202599972486,0.725960373878,-0.647723078728
0.705566346645,0.0578515827656,1.51865589619,-0.111041776836,0.200658887625,0.726398646832,-0.647881686687
0.705931603909,0.0571995601058,1.5190615654,-0.110446073115,0.199765786529,0.726115882397,-0.648576200008
0.706639766693,0.0557312481105,1.51978969574,-0.107959151268,0.20505823195,0.72600543499,-0.647465884686
0.7068592906,0.0554370321333,1.52027225494,-0.107794083655,0.204109832644,0.725775837898,-0.648050189018
0.706466138363,0.0557502061129,1.51982426643,-0.108898259699,0.194798097014,0.726174175739,-0.650281488895
0.706520438194,0.0551016703248,1.51976287365,-0.108266957104,0.192582309246,0.726039469242,-0.651196777821
0.70665538311,0.05453087762,1.51997983456,-0.107819624245,0.191272839904,0.725774765015,-0.651951372623
0.706992387772,0.0541523732245,1.52031171322,-0.108506411314,0.190058037639,0.725004732609,-0.653048634529
0.707120299339,0.0536201223731,1.52050101757,-0.108302235603,0.188698351383,0.725288033485,-0.653162300587
0.707089185715,0.0531364008784,1.5206567049,-0.108285740018,0.187289491296,0.725190639496,-0.653678417206
0.707156360149,0.0525558851659,1.52083826065,-0.108175173402,0.186302796006,0.724411904812,-0.654841065407
0.70695579052,0.0518845170736,1.52089321613,-0.107369996607,0.184553787112,0.724242806435,-0.655655384064
0.70702278614,0.0513139739633,1.52101969719,-0.10699750483,0.183751150966,0.7236764431,-0.656566560268
0.707252860069,0.0508498549461,1.5211288929,-0.108021579683,0.182693749666,0.722672820091,-0.657798171043
0.707309424877,0.0502583384514,1.52148270607,-0.108691141009,0.182639271021,0.722314894199,-0.658096015453
0.707025408745,0.0497355461121,1.52145683765,-0.108353972435,0.180587410927,0.722558200359,-0.658450841904
0.706926882267,0.0491341426969,1.52155995369,-0.108425274491,0.179742783308,0.7217258811,-0.659581840038
0.706976294518,0.0485393702984,1.52191758156,-0.109630189836,0.179573088884,0.721296370029,-0.659898817539
0.706821918488,0.0479283556342,1.5218026638,-0.109433330595,0.178311139345,0.720862865448,-0.66074681282
0.706825613976,0.047325104475,1.52198803425,-0.110376350582,0.177762001753,0.719821870327,-0.661871850491
0.706498742104,0.0468428134918,1.52217769623,-0.110899627209,0.176930293441,0.719555020332,-0.66229724884
0.706416726112,0.046086743474,1.52229571342,-0.111289769411,0.176589176059,0.718987286091,-0.662938952446
0.706051707268,0.0454195924103,1.52256309986,-0.111736871302,0.176207765937,0.718168616295,-0.663852155209
0.705880522728,0.0447939857841,1.52259469032,-0.112543150783,0.175557404757,0.717682659626,-0.664413392544
0.705595433712,0.0441438555717,1.52285242081,-0.112879082561,0.175101026893,0.716836690903,-0.665389478207
0.705330491066,0.0435255467892,1.52279114723,-0.113923415542,0.174264460802,0.716396152973,-0.665905356407
0.704963743687,0.0427319481969,1.52301311493,-0.11426101625,0.174372389913,0.715842485428,-0.666414558887
0.70463514328,0.0421551205218,1.52312874794,-0.115136921406,0.173662811518,0.715112447739,-0.667232334614
0.704328298569,0.0414809584618,1.52325606346,-0.115857437253,0.173373803496,0.714688718319,-0.667636692524
0.704090714455,0.0408307872713,1.52331209183,-0.117005184293,0.172907799482,0.713822126389,-0.668483912945
0.703657984734,0.0401329770684,1.52351224422,-0.117484353483,0.172728180885,0.713378429413,-0.668919682503
0.703331708908,0.0394306257367,1.52379250526,-0.118680089712,0.173041030765,0.712600886822,-0.669456422329
0.703089952469,0.0387663990259,1.52373874187,-0.119540162385,0.172590762377,0.711908459663,-0.670156002045
0.702619671822,0.0380392186344,1.52409052849,-0.120142444968,0.172967880964,0.711452126503,-0.670435547829
0.702303826809,0.0372229218483,1.52381324768,-0.120676077902,0.172638788819,0.710810899734,-0.671104490757
0.702205479145,0.0358748100698,1.52418065071,-0.120552413166,0.177117988467,0.709445714951,-0.671403884888
0.701888978481,0.0351030305028,1.52427148819,-0.121083773673,0.177251949906,0.708948671818,-0.671797931194
0.701609134674,0.0343494191766,1.52439427376,-0.121627107263,0.177625223994,0.708886623383,-0.671666502953
0.701173007488,0.0336003676057,1.52452611923,-0.122028596699,0.177854791284,0.708850026131,-0.671571552753
0.700986504555,0.0328254215419,1.52443051338,-0.122760213912,0.177098840475,0.708415448666,-0.672096312046
0.700541198254,0.0321511812508,1.52493548393,-0.123388342559,0.17729267478,0.708169579506,-0.672189295292
0.700100183487,0.0314348712564,1.52467358112,-0.123625233769,0.175887316465,0.707831680775,-0.672870516777
0.699765563011,0.0306367948651,1.52473175526,-0.123491674662,0.175130039454,0.707530856133,-0.673408925533
0.699440121651,0.0299244131893,1.52480483055,-0.123733878136,0.174418255687,0.707282841206,-0.673809587955
0.699112415314,0.0291939489543,1.52486753464,-0.123863302171,0.173815742135,0.707408308983,-0.673809766769
0.698435127735,0.0291106272489,1.52437698841,-0.124082766473,0.166265115142,0.705181837082,-0.677995443344
0.698004722595,0.0286184623837,1.52447199821,-0.126042351127,0.165710106492,0.706566870213,-0.676325857639
0.69770616293,0.0278676971793,1.52492856979,-0.126273587346,0.16601036489,0.706496238708,-0.676282942295
0.697523653507,0.0270448513329,1.52476108074,-0.126673132181,0.165247932076,0.706123590469,-0.676784038544
0.697236657143,0.0262914337218,1.52526783943,-0.127363458276,0.165871143341,0.706123292446,-0.676502227783
0.697035431862,0.0254795625806,1.525192976,-0.127798900008,0.165737196803,0.705687582493,-0.676907479763
0.696818888187,0.0246715247631,1.52531945705,-0.128591671586,0.165638580918,0.705267727375,-0.677218973637
0.696596860886,0.0238927565515,1.52537596226,-0.129377692938,0.165838941932,0.705287694931,-0.676999390125
0.696401834488,0.0230329856277,1.52549409866,-0.130242094398,0.166407376528,0.704493045807,-0.677521348
0.696263313293,0.0221739448607,1.52563047409,-0.130928531289,0.166687548161,0.704262793064,-0.677559494972
0.696223378181,0.0211721230298,1.52587461472,-0.130628198385,0.167170912027,0.702192306519,-0.679644167423
0.695982217789,0.0202675815672,1.52599787712,-0.130696281791,0.167372718453,0.70149153471,-0.680304765701
0.695612251759,0.0197856910527,1.52601766586,-0.132766485214,0.1665712744,0.702902138233,-0.678642570972
0.69565564394,0.0190012529492,1.52613902092,-0.133417278528,0.16631886363,0.702160477638,-0.679344236851
0.695505559444,0.0181396715343,1.52671575546,-0.133723035455,0.166871130466,0.702030241489,-0.67928314209
0.695364952087,0.017282506451,1.52667045593,-0.133815437555,0.165886059403,0.7017583251,-0.679787099361
0.695214450359,0.0164233464748,1.5265917778,-0.133305609226,0.164756804705,0.701446652412,-0.680483341217
0.69503235817,0.0156018901616,1.52661406994,-0.133064374328,0.163636744022,0.701694309711,-0.680545508862
0.694915413857,0.0146604506299,1.5263941288,-0.132287219167,0.162278234959,0.701025664806,-0.68171030283
0.694889545441,0.0138618014753,1.52652978897,-0.13227891922,0.161431923509,0.700993418694,-0.681945979595
0.694860577583,0.0130159026012,1.52688896656,-0.132198557258,0.161313489079,0.700635254383,-0.682357609272
0.694847166538,0.0121139856055,1.52669131756,-0.132117673755,0.160295635462,0.700432777405,-0.682820737362
0.695116341114,0.0113379713148,1.52698397636,-0.132519647479,0.160243496299,0.700269281864,-0.682922661304
0.69510114193,0.0100949499756,1.52700316906,-0.130596414208,0.160413101315,0.698534965515,-0.685026347637
0.695269942284,0.00933260191232,1.52734220028,-0.13151332736,0.161416605115,0.69867348671,-0.684473693371
0.695218622684,0.00870739389211,1.52757287025,-0.13328140974,0.16233754158,0.700558781624,-0.681982338428
0.695288002491,0.00778510421515,1.52750778198,-0.133650898933,0.162951812148,0.700397491455,-0.681929290295
0.695534288883,0.00688909180462,1.52773559093,-0.134716108441,0.165076747537,0.700514853001,-0.681087553501
0.695570349693,0.0060503706336,1.52778995037,-0.135332539678,0.166581839323,0.700733661652,-0.680373549461
0.695951342583,0.00516970269382,1.52792918682,-0.136894106865,0.168533191085,0.700313985348,-0.680012524128
0.695910692215,0.0042864382267,1.52806210518,-0.138013392687,0.170783564448,0.700344085693,-0.679193258286
0.696496963501,0.00329312495887,1.52814209461,-0.13890825212,0.173092663288,0.697770833969,-0.681072235107
0.696052849293,0.00255098193884,1.52814149857,-0.140298008919,0.174640476704,0.69939416647,-0.678723096848
0.696101546288,0.0017636269331,1.52809596062,-0.141278758645,0.175421372056,0.698755443096,-0.67897605896
0.696212470531,0.000934494659305,1.52804481983,-0.141814500093,0.175937011838,0.698213458061,-0.679288446903
0.696647047997,6.42985105515e-06,1.52833199501,-0.142809733748,0.176846548915,0.69743257761,-0.679645836353
0.696317613125,-0.000932928174734,1.52840316296,-0.141739934683,0.176749974489,0.697729229927,-0.679590582848
0.696446180344,-0.00164959765971,1.52790379524,-0.141519591212,0.174624949694,0.697051107883,-0.680880367756
0.696908593178,-0.00269061326981,1.52811169624,-0.141153305769,0.174612343311,0.696419239044,-0.681605875492
0.697061479092,-0.00341887027025,1.52814924717,-0.141129225492,0.17285142839,0.696214437485,-0.682268559933
0.697032213211,-0.00472339428961,1.52804613113,-0.138016194105,0.171702504158,0.694366455078,-0.685073018074
0.697417616844,-0.00563186965883,1.52818536758,-0.13760215044,0.170394167304,0.694132089615,-0.685720205307
0.697536468506,-0.00635729543865,1.5286668539,-0.138675913215,0.169901281595,0.695825636387,-0.683907449245
0.697842001915,-0.00725117698312,1.52885735035,-0.138303801417,0.16860999167,0.696022391319,-0.684102058411
0.698252916336,-0.00818953476846,1.52859973907,-0.137647032738,0.166963651776,0.695415198803,-0.685254871845
0.698616743088,-0.00913275778294,1.52883994579,-0.137421041727,0.16622787714,0.695614635944,-0.685276687145
0.699202060699,-0.010408565402,1.52915453911,-0.135673448443,0.166215151548,0.693398892879,-0.687868535519
0.69955688715,-0.0112732611597,1.52969098091,-0.136210277677,0.166190683842,0.693551123142,-0.68761497736
0.699767947197,-0.0122271180153,1.52955806255,-0.136176422238,0.165306359529,0.69394159317,-0.687440991402
0.700011849403,-0.0128957275301,1.52966225147,-0.137821018696,0.164816275239,0.695175647736,-0.685982465744
0.700362563133,-0.0138080008328,1.52988398075,-0.13844203949,0.164733961225,0.695231616497,-0.68582034111
0.700689077377,-0.014794556424,1.53009545803,-0.138250485063,0.164877578616,0.695015609264,-0.6860435009
0.700710773468,-0.0155491009355,1.53009474277,-0.138546064496,0.163904339075,0.695007205009,-0.686225414276
0.701387584209,-0.0165595598519,1.53041350842,-0.138887837529,0.164104253054,0.694263696671,-0.686860978603
0.70164835453,-0.0174373835325,1.53050732613,-0.138538733125,0.163435995579,0.694393754005,-0.686959147453
0.701673746109,-0.0183646362275,1.53052413464,-0.137527391315,0.162163570523,0.694214761257,-0.687644600868
0.701938986778,-0.019324298948,1.53059387207,-0.136682972312,0.161157235503,0.693923175335,-0.688343524933
0.702290177345,-0.0200176276267,1.53050005436,-0.135966852307,0.158960133791,0.693979084492,-0.688939571381
0.70238173008,-0.021047834307,1.53059458733,-0.1340970397,0.157745212317,0.693266868591,-0.690301120281
0.702735066414,-0.0218535549939,1.53075218201,-0.132954120636,0.156042158604,0.692604422569,-0.691573083401
0.702935576439,-0.0230826120824,1.53070271015,-0.129737108946,0.154622271657,0.690630018711,-0.694471418858
0.703204512596,-0.0238861683756,1.5307315588,-0.128568038344,0.152987703681,0.690010309219,-0.69566577673
0.703668236732,-0.024408435449,1.53083848953,-0.129356667399,0.15185329318,0.690930008888,-0.694854915142
0.703831195831,-0.0253323633224,1.53083193302,-0.127989068627,0.151016026735,0.690649151802,-0.695569336414
0.704245746136,-0.0265624206513,1.53118503094,-0.12572157383,0.151434466243,0.688299179077,-0.698216199875
0.704769849777,-0.027439955622,1.53137910366,-0.125269323587,0.151546537876,0.687445998192,-0.699113249779
0.704822659492,-0.0282911509275,1.53133201599,-0.12446333468,0.151148512959,0.687269866467,-0.699516296387
0.705059885979,-0.0288240984082,1.53130018711,-0.125780671835,0.150647878647,0.688045799732,-0.698625445366
0.705278873444,-0.0297109913081,1.53136265278,-0.125585585833,0.150838822126,0.687160849571,-0.69948977232
0.705574393272,-0.030656626448,1.53171432018,-0.125589892268,0.151852235198,0.686441063881,-0.69997626543
0.705776810646,-0.0313749872148,1.53178870678,-0.126047313213,0.152040094137,0.686033368111,-0.700253009796
0.706147432327,-0.032210059464,1.53185927868,-0.126541987062,0.152441725135,0.685291647911,-0.700802445412
0.706275105476,-0.0330229140818,1.53174293041,-0.126629784703,0.152404770255,0.684661746025,-0.701409995556
0.706655502319,-0.0343270227313,1.53207993507,-0.125063046813,0.153435409069,0.681902289391,-0.70414930582
0.706471860409,-0.0349027626216,1.53191399574,-0.126137658954,0.152755215764,0.683448910713,-0.702604293823
0.706638753414,-0.0361307635903,1.53208649158,-0.124106898904,0.152864158154,0.680991411209,-0.705323159695
0.70660161972,-0.036661490798,1.53206908703,-0.125517472625,0.152128323913,0.682475209236,-0.703796744347
0.706711173058,-0.0377159640193,1.53187906742,-0.123744755983,0.151077926159,0.680211305618,-0.706523358822
0.706810891628,-0.0386721268296,1.53208589554,-0.123178571463,0.151089221239,0.680042684078,-0.706782341003
0.706952095032,-0.0395901575685,1.53224432468,-0.122796140611,0.151008188725,0.679779648781,-0.707118988037
0.707239151001,-0.0403855666518,1.53239715099,-0.1231899634,0.150698557496,0.679240465164,-0.70763450861
0.707101762295,-0.0414064228535,1.53253352642,-0.122270859778,0.150750055909,0.678897917271,-0.708111464977
0.706998586655,-0.0418691635132,1.53200054169,-0.123959302902,0.149111732841,0.680751085281,-0.706383645535
0.707092702389,-0.0427970290184,1.53197038174,-0.124138951302,0.148758381605,0.680224716663,-0.706933438778
0.707209348679,-0.043818205595,1.53223502636,-0.124566316605,0.149459183216,0.680119156837,-0.706812024117
0.707451939583,-0.0446141287684,1.5326359272,-0.125595077872,0.150366902351,0.679709851742,-0.706831037998
0.707450687885,-0.0457111299038,1.53237760067,-0.125782057643,0.150172650814,0.679377734661,-0.707158386707
0.707654476166,-0.0465195551515,1.53283679485,-0.127639219165,0.151249840856,0.67909181118,-0.706870734692
0.707820594311,-0.0478593483567,1.53267765045,-0.127006664872,0.151693075895,0.676641285419,-0.709235608578
0.707714676857,-0.0487784072757,1.53267538548,-0.127723693848,0.152154490352,0.676356911659,-0.709279239178
0.707570135593,-0.0498783290386,1.5327205658,-0.128554031253,0.15276992321,0.675932466984,-0.709401488304
0.707350790501,-0.0505418628454,1.53272306919,-0.131151795387,0.152822598815,0.67745500803,-0.707459688187
0.707449734211,-0.0515077374876,1.53301143646,-0.132401645184,0.153689056635,0.676611661911,-0.707846045494
0.707390904427,-0.0527787432075,1.53313231468,-0.131795957685,0.154324799776,0.674219310284,-0.710100054741
0.707123816013,-0.0537027940154,1.53303229809,-0.13223542273,0.153824061155,0.673810005188,-0.710515320301
0.706642270088,-0.0543536767364,1.53267085552,-0.133866608143,0.152342736721,0.675431370735,-0.708988070488
0.706688046455,-0.0557527840137,1.53281772137,-0.132458597422,0.152506425977,0.672762870789,-0.711749076843
0.706357717514,-0.0563554391265,1.53273022175,-0.134138345718,0.151332437992,0.674305975437,-0.710223138332
0.706060469151,-0.0572765879333,1.53266143799,-0.133908495307,0.150369286537,0.673832893372,-0.710919737816
0.706028580666,-0.0585689246655,1.53304517269,-0.132568821311,0.150721922517,0.671846151352,-0.712973415852
0.705774247646,-0.0595038309693,1.53297913074,-0.132079035044,0.149850293994,0.67141109705,-0.713657677174
0.705872476101,-0.0603619664907,1.53276050091,-0.132594883442,0.148955866694,0.670794725418,-0.714328587055
0.705651283264,-0.0613384097815,1.53283905983,-0.132645070553,0.148537263274,0.670311570168,-0.714859783649
0.705346405506,-0.062185306102,1.5327039957,-0.132362484932,0.147761046886,0.669881880283,-0.71547549963
0.705066621304,-0.0632563978434,1.53295838833,-0.132446795702,0.148323014379,0.669772326946,-0.715446174145
0.704869806767,-0.0642216354609,1.53322291374,-0.133061990142,0.148760586977,0.669379472733,-0.715608716011
0.704661309719,-0.0649782419205,1.53336524963,-0.134019806981,0.149114355445,0.66898226738,-0.715727865696
0.704654812813,-0.0659211724997,1.53355419636,-0.13488176465,0.149789705873,0.668099105358,-0.716249644756
0.704310297966,-0.0665756836534,1.53335726261,-0.137028768659,0.149451062083,0.669292807579,-0.714796960354
0.703835725784,-0.0677383542061,1.5332826376,-0.135735496879,0.149616807699,0.667059719563,-0.717092752457
0.703729748726,-0.0684741064906,1.53350698948,-0.137115269899,0.150201633573,0.666489243507,-0.717238426208
0.703422427177,-0.0694576948881,1.53332531452,-0.137029722333,0.150097742677,0.665977835655,-0.717751502991
0.702869832516,-0.0702277421951,1.53324568272,-0.137519955635,0.149379089475,0.665876269341,-0.717901825905
0.702631950378,-0.0709323585033,1.53326511383,-0.138160169125,0.148774340749,0.665570318699,-0.718188107014
0.702112078667,-0.0718297213316,1.53326570988,-0.137800887227,0.148321792483,0.665063261986,-0.718820154667
0.701723337173,-0.0721850842237,1.53301668167,-0.139415562153,0.146997272968,0.666459619999,-0.71748650074
0.70143020153,-0.0733198672533,1.53306698799,-0.137850865722,0.146782383323,0.664356708527,-0.719779312611
0.70108884573,-0.0739510208368,1.53309226036,-0.138118237257,0.146322369576,0.664550304413,-0.719642937183
0.70062059164,-0.0747518390417,1.53304111958,-0.137866839767,0.146250918508,0.664462149143,-0.719787120819
0.700435161591,-0.0753837823868,1.53301811218,-0.138412699103,0.145488739014,0.663796722889,-0.720450520515
0.699972510338,-0.0759891420603,1.53267562389,-0.138249993324,0.144840657711,0.663643360138,-0.720753490925
0.699570775032,-0.0762554109097,1.5325306654,-0.140499889851,0.14436583221,0.665502786636,-0.718696296215
0.698706030846,-0.0776847079396,1.5321586132,-0.137629792094,0.144504204392,0.664083957672,-0.720533847809
0.699045658112,-0.0776782631874,1.53244054317,-0.141429126263,0.145433053374,0.66489803791,-0.718858659267
0.698893785477,-0.0784570872784,1.53246951103,-0.140689060092,0.146324664354,0.66286367178,-0.720699310303
0.697788715363,-0.0795614942908,1.53195357323,-0.139298245311,0.145993098617,0.663205564022,-0.720722138882
0.69837141037,-0.0796702951193,1.53250575066,-0.142295405269,0.147840186954,0.661794960499,-0.721056699753
0.697990238667,-0.0802412629128,1.53247487545,-0.142510652542,0.148348331451,0.661390781403,-0.721280753613
0.697528719902,-0.080854177475,1.53222930431,-0.142862930894,0.148168578744,0.66127294302,-0.721356034279
0.697411358356,-0.0812830924988,1.53222107887,-0.143512815237,0.148335248232,0.660716712475,-0.721702337265
0.697098612785,-0.0817057192326,1.53192937374,-0.143572345376,0.14787645638,0.660174548626,-0.722280561924
0.696912884712,-0.0822250396013,1.53190529346,-0.143602445722,0.147804841399,0.659740746021,-0.722685396671
0.696647882462,-0.0828100144863,1.53178584576,-0.14342482388,0.1473813802,0.659330368042,-0.72318148613
0.696286082268,-0.0833114013076,1.5316388607,-0.142688184977,0.146872550249,0.659262895584,-0.723492264748
0.696121037006,-0.0836719423532,1.53155040741,-0.142651185393,0.146226152778,0.659200191498,-0.723687529564
0.696025133133,-0.0838985964656,1.53156554699,-0.142262667418,0.145720884204,0.658884823322,-0.72415304184
0.695919036865,-0.0842767208815,1.53154635429,-0.142032444477,0.1449983567,0.658657133579,-0.724550306797
0.695841789246,-0.0846331045032,1.53155589104,-0.141809612513,0.144348531961,0.658285260201,-0.725061416626
0.695855021477,-0.0850746929646,1.5316092968,-0.141638696194,0.144229158759,0.65813177824,-0.72525793314
0.695895135403,-0.0854566693306,1.53172338009,-0.141500145197,0.144090592861,0.658055603504,-0.725381672382
0.695759117603,-0.0856927633286,1.53183758259,-0.141328573227,0.14372728765,0.65777361393,-0.725742816925
0.695743262768,-0.0860554873943,1.5319160223,-0.141120120883,0.14352850616,0.657424032688,-0.726139366627
0.695831775665,-0.0864471048117,1.53203725815,-0.141037762165,0.14359138906,0.65714609623,-0.726394534111
0.694976270199,-0.0870915204287,1.53162395954,-0.138926133513,0.142443418503,0.657348752022,-0.726843833923
0.695849120617,-0.0869702026248,1.53234767914,-0.141183406115,0.143751114607,0.656309664249,-0.727090477943
0.695794999599,-0.0871542990208,1.53232395649,-0.141297638416,0.14350412786,0.655931890011,-0.727457880974
0.695844292641,-0.0874308422208,1.53241372108,-0.141495808959,0.143718063831,0.655546605587,-0.727724373341
0.695865631104,-0.0876975357533,1.53247666359,-0.14157769084,0.143873348832,0.655100643635,-0.728079259396
0.695943295956,-0.0878481119871,1.5322945118,-0.142048820853,0.143435046077,0.654458761215,-0.728651106358
0.695968151093,-0.0882139578462,1.53235316277,-0.142124921083,0.143837422132,0.654272794724,-0.728723883629
0.696036815643,-0.0884421765804,1.5324100256,-0.142639562488,0.144174858928,0.654024362564,-0.728779733181
0.696094572544,-0.0886673480272,1.53267872334,-0.143021836877,0.144854396582,0.653939783573,-0.728645861149
0.696198582649,-0.0888062864542,1.53239047527,-0.143249407411,0.144355982542,0.653730511665,-0.728887796402
0.696284890175,-0.0889779031277,1.5324280262,-0.143463984132,0.144554570317,0.653719484806,-0.728816211224
0.696375131607,-0.089038208127,1.53244924545,-0.143640354276,0.144513607025,0.653669953346,-0.728833973408
0.69653403759,-0.0891934409738,1.53254568577,-0.143937036395,0.144773229957,0.653682351112,-0.72871285677
0.696702361107,-0.0893431901932,1.53256142139,-0.144125252962,0.144813388586,0.653700828552,-0.728651046753
0.696909189224,-0.0895186513662,1.5328899622,-0.144299000502,0.145439073443,0.654004096985,-0.728219807148
0.696996569633,-0.0898368507624,1.53259241581,-0.144007757306,0.144916817546,0.65415507555,-0.728245854378
0.697228014469,-0.0898590236902,1.53259682655,-0.144132971764,0.144437760115,0.654283642769,-0.728200793266
0.69744938612,-0.0900285020471,1.53259778023,-0.1440513134,0.144206687808,0.654323458672,-0.72822701931
0.697683036327,-0.090147793293,1.53263139725,-0.144084200263,0.143863096833,0.654781579971,-0.727876424789
0.698157906532,-0.0902887731791,1.53277647495,-0.144708171487,0.143819734454,0.654940485954,-0.727618277073
0.698442459106,-0.0904596298933,1.53312623501,-0.144911751151,0.144161015749,0.655244708061,-0.727236270905
0.698743760586,-0.0905650407076,1.53314566612,-0.144955679774,0.143601983786,0.655445575714,-0.727157115936
0.699101984501,-0.0907145440578,1.53322279453,-0.14489492774,0.143134489655,0.655392050743,-0.727309584618
0.699299156666,-0.0909634009004,1.5331786871,-0.14428435266,0.14254386723,0.655720949173,-0.727250516415
0.699817419052,-0.0910456776619,1.53295683861,-0.144416823983,0.141380697489,0.655633747578,-0.727529883385
0.700227677822,-0.0912676081061,1.53341948986,-0.144668370485,0.141715526581,0.655834913254,-0.727233409882
0.700556755066,-0.0913070589304,1.53328990936,-0.144420996308,0.14053504169,0.655909001827,-0.727444827557
0.700785160065,-0.0912347659469,1.53328704834,-0.145729422569,0.13943631947,0.657765865326,-0.725716590881
0.701364457607,-0.0918517932296,1.53347420692,-0.143945544958,0.139604598284,0.655802667141,-0.727813959122
0.701807022095,-0.0919507741928,1.53383207321,-0.144238561392,0.139610484242,0.656149983406,-0.727441728115
0.702114701271,-0.0919472426176,1.53350961208,-0.143857657909,0.138076007366,0.655870616436,-0.728061676025
0.702240884304,-0.0920644551516,1.53340005875,-0.144543752074,0.136969074607,0.657669782639,-0.726510226727
0.702743768692,-0.0925750136375,1.53352594376,-0.142751172185,0.13705791533,0.655881345272,-0.728462100029
0.702917933464,-0.0929546579719,1.5338010788,-0.142380148172,0.137231886387,0.656027972698,-0.728369951248
0.703798413277,-0.0932341217995,1.53396677971,-0.142893463373,0.137031957507,0.655354917049,-0.728912711143
0.703847169876,-0.0936590507627,1.5340076685,-0.141920387745,0.136711284518,0.655481874943,-0.729048848152
0.704206824303,-0.0938009917736,1.53378903866,-0.141711637378,0.135710626841,0.655531287193,-0.729232013226
0.704320549965,-0.0936052873731,1.53366601467,-0.141685470939,0.134562388062,0.65531951189,-0.729640066624
0.704840958118,-0.0941313654184,1.53344631195,-0.141386851668,0.1341624856,0.655130624771,-0.729941010475
0.705086052418,-0.0939296260476,1.53372573853,-0.143261566758,0.133922725916,0.657151699066,-0.727799773216
0.705505669117,-0.0943434461951,1.53346002102,-0.14173167944,0.133274525404,0.655483663082,-0.729719996452
0.705810546875,-0.0944826900959,1.53342497349,-0.141787782311,0.132911145687,0.655606329441,-0.729665160179
0.705897331238,-0.094264537096,1.533249259,-0.141809761524,0.131839126348,0.655518472195,-0.729934334755
0.706413567066,-0.0948226302862,1.53344404697,-0.141506910324,0.132724359632,0.655864059925,-0.729522109032
0.706703007221,-0.095007494092,1.53355300426,-0.141450688243,0.132819265127,0.656228423119,-0.729187965393
0.706985652447,-0.0951770842075,1.53351640701,-0.141370028257,0.132588431239,0.656324982643,-0.729158639908
0.707203030586,-0.0952656418085,1.5334893465,-0.141549140215,0.132036164403,0.65656131506,-0.729011297226
0.70725184679,-0.0954231992364,1.53377354145,-0.14146758616,0.132356226444,0.657127797604,-0.728458583355
0.707497775555,-0.0955301746726,1.53376197815,-0.141560167074,0.132101356983,0.657781720161,-0.727896332741
0.707892239094,-0.0955710932612,1.53376877308,-0.142065018415,0.131948411465,0.658031046391,-0.727600395679
0.707586348057,-0.0952725112438,1.53315079212,-0.141678437591,0.129836350679,0.65820401907,-0.727899134159
0.707806587219,-0.0953495875001,1.53304696083,-0.141838416457,0.12941712141,0.658616960049,-0.72756922245
0.708410024643,-0.095517359674,1.5332634449,-0.142502233386,0.12996096909,0.658933460712,-0.727055728436
0.708824515343,-0.0960155799985,1.53369939327,-0.142697170377,0.131213232875,0.659847617149,-0.725962638855
0.708415806293,-0.0957184880972,1.53295731544,-0.142139539123,0.128861546516,0.660125672817,-0.726240456104
0.708597362041,-0.0958386287093,1.53289818764,-0.142305284739,0.128628358245,0.660436749458,-0.725966572762
0.709248363972,-0.0962569415569,1.5331851244,-0.142861708999,0.129488289356,0.66096997261,-0.725218594074
0.709371626377,-0.0959565043449,1.53298854828,-0.144823744893,0.128333359957,0.663326025009,-0.722879886627
0.709442734718,-0.0959883183241,1.53284430504,-0.144781813025,0.127774506807,0.663722872734,-0.722622990608
0.709198117256,-0.0960052907467,1.532528162,-0.14293089509,0.126649096608,0.662343204021,-0.724453151226
0.709342479706,-0.096162840724,1.53280496597,-0.143074944615,0.127175435424,0.662908017635,-0.723815560341
0.709330558777,-0.0961343050003,1.53242826462,-0.142938360572,0.125991925597,0.663184463978,-0.723796248436
0.709489345551,-0.096226349473,1.53246665001,-0.143098965287,0.125973850489,0.663592934608,-0.723393201828
0.710208654404,-0.0968222022057,1.53295660019,-0.143571376801,0.127562716603,0.664070785046,-0.722582161427
0.71021270752,-0.0968522205949,1.53288316727,-0.143566563725,0.127129420638,0.664640545845,-0.722135543823
0.710407674313,-0.097023524344,1.53315389156,-0.143886968493,0.127705439925,0.664971470833,-0.721665322781
0.710463643074,-0.0971116572618,1.5331953764,-0.143945753574,0.127635538578,0.665271282196,-0.721389710903
0.710472524166,-0.0971366390586,1.53304243088,-0.143942296505,0.12720015645,0.665622413158,-0.721143245697
0.710040748119,-0.0967997312546,1.53265571594,-0.143743216991,0.125623822212,0.66572868824,-0.721361160278
0.710627555847,-0.0973782390356,1.53319251537,-0.144089728594,0.127284914255,0.666066944599,-0.720688343048
0.710059940815,-0.0970013141632,1.53284049034,-0.14381493628,0.125841289759,0.666234493256,-0.720841765404
0.710187613964,-0.0970460250974,1.53271925449,-0.144128531218,0.125411555171,0.666301429272,-0.720792174339
0.710760831833,-0.097562789917,1.5331401825,-0.144569098949,0.12688523531,0.666696250439,-0.72008061409
0.710808396339,-0.0975977182388,1.53310334682,-0.144739791751,0.126786127687,0.666871488094,-0.719901382923
0.710874080658,-0.0976383909583,1.53311133385,-0.144928365946,0.127025738358,0.667075693607,-0.719632089138
0.71089553833,-0.0976559519768,1.53310239315,-0.145156890154,0.127049744129,0.667266607285,-0.719404697418
0.710934638977,-0.0976758375764,1.53309845924,-0.14538025856,0.127099737525,0.667434632778,-0.719194829464
0.710961163044,-0.0976792275906,1.5330851078,-0.145578309894,0.127139702439,0.667557656765,-0.719033539295
0.710236012936,-0.0967761278152,1.53256392479,-0.147198945284,0.124959230423,0.669595181942,-0.717188894749
0.710933983326,-0.0973202511668,1.53327476978,-0.147959128022,0.127276599407,0.670038104057,-0.716210663319
0.710846185684,-0.0971724465489,1.53298127651,-0.148049771786,0.126612275839,0.670188426971,-0.716168999672
0.710335195065,-0.0967209339142,1.53277862072,-0.148028403521,0.125707745552,0.670259475708,-0.716266214848
0.710423350334,-0.0966877266765,1.53270709515,-0.148090034723,0.125958934426,0.670455574989,-0.716025769711
0.710396885872,-0.0965577363968,1.53255736828,-0.148397400975,0.125594615936,0.670641601086,-0.715852022171
0.711062908173,-0.0969984978437,1.53297996521,-0.148861780763,0.127339914441,0.670969545841,-0.715139627457
0.71113550663,-0.0968472510576,1.53297734261,-0.14913149178,0.127398580313,0.67149490118,-0.714579641819
0.711204946041,-0.0971015840769,1.53312778473,-0.147578433156,0.128436550498,0.669939398766,-0.716174542904
0.711358428001,-0.096982806921,1.53324580193,-0.147997319698,0.128976047039,0.670270502567,-0.715681254864
0.710875272751,-0.0963572710752,1.53286528587,-0.147938162088,0.127725824714,0.670406877995,-0.715789854527
0.710790038109,-0.095762655139,1.53255701065,-0.14959731698,0.126818403602,0.672517478466,-0.713623166084
0.71044588089,-0.0955632254481,1.53238368034,-0.148912325501,0.126568064094,0.673175394535,-0.713190376759
0.710506021976,-0.0953077673912,1.53227901459,-0.148936629295,0.126736715436,0.67342543602,-0.712919294834
0.711253166199,-0.0956350415945,1.53298699856,-0.149435698986,0.12918689847,0.674153327942,-0.711686134338
0.711290836334,-0.0952738001943,1.5326551199,-0.14927816391,0.128671988845,0.674511194229,-0.711473345757
0.711597800255,-0.0953564196825,1.53279304504,-0.147783622146,0.129629284143,0.673003971577,-0.713037192822
0.7116933465,-0.0950665250421,1.53269195557,-0.147590085864,0.129715785384,0.673529207706,-0.712565422058
0.711316525936,-0.0943767428398,1.53232514858,-0.147177100182,0.129202187061,0.673749983311,-0.712535440922
0.712138652802,-0.0945597589016,1.5328348875,-0.147635310888,0.131175503135,0.674313127995,-0.711546778679
0.712367296219,-0.0941561684012,1.53282308578,-0.14781345427,0.131204649806,0.674880087376,-0.710966646671
0.712544858456,-0.0938123315573,1.53275752068,-0.147642299533,0.131305545568,0.675417542458,-0.710472881794
0.712889492512,-0.0938783884048,1.53270840645,-0.1465164572,0.136479198933,0.675526082516,-0.709627389908
0.713584661484,-0.0937188565731,1.53287172318,-0.146502420306,0.137357667089,0.675921022892,-0.709084570408
0.713324189186,-0.0928270071745,1.53278243542,-0.147739335895,0.136806324124,0.678250730038,-0.706705927849
0.713610827923,-0.0924955457449,1.53280043602,-0.147453010082,0.137307867408,0.679024517536,-0.705924928188
0.714580476284,-0.0928686112165,1.5331851244,-0.145934745669,0.139302015305,0.677760839462,-0.707063138485
0.714919924736,-0.0924736484885,1.53327536583,-0.145867332816,0.139779999852,0.678464949131,-0.706307053566
0.714722394943,-0.0915365517139,1.53281235695,-0.145444512367,0.138428464532,0.679128825665,-0.706022381783
0.715641021729,-0.0916623696685,1.53321588039,-0.145177081227,0.140270829201,0.679738879204,-0.705126166344
0.715910732746,-0.0909936279058,1.53321492672,-0.146234318614,0.140309244394,0.681904673576,-0.702805101871
0.716275036335,-0.0909756496549,1.53360164165,-0.144223600626,0.141716837883,0.680882334709,-0.703928351402
0.716160297394,-0.0899720862508,1.53291523457,-0.143976092339,0.13976752758,0.681398451328,-0.703869462013
0.717119932175,-0.0899502038956,1.53339648247,-0.144023284316,0.141358494759,0.682106852531,-0.702855288982
0.716173410416,-0.0882367491722,1.53272926807,-0.143670633435,0.133671939373,0.682416200638,-0.704129934311
0.716586649418,-0.0874569267035,1.53258538246,-0.144762784243,0.133517056704,0.684517323971,-0.701892435551
0.716997504234,-0.0874790400267,1.53273069859,-0.142509698868,0.134443178773,0.683691620827,-0.702980577946
0.717961609364,-0.0874674767256,1.5330799818,-0.142635121942,0.136024698615,0.684281289577,-0.702076792717
0.717704534531,-0.0862669572234,1.53274798393,-0.143609330058,0.134591758251,0.686649680138,-0.699838399887
0.718825995922,-0.086661413312,1.53315746784,-0.141665026546,0.136407211423,0.685443520546,-0.70106446743
0.7192029953,-0.0861977189779,1.533192873,-0.141440913081,0.136416643858,0.685846805573,-0.700713455677
0.719621658325,-0.0858499184251,1.53324270248,-0.14068441093,0.136758491397,0.686234951019,-0.700419008732
0.719336807728,-0.0846231803298,1.53284966946,-0.141813650727,0.135038346052,0.688850104809,-0.697953402996
0.719722211361,-0.0842940211296,1.53277504444,-0.141480818391,0.134947806597,0.689574420452,-0.697323083878
0.720203638077,-0.0841146036983,1.53294372559,-0.13970798254,0.135519579053,0.687775909901,-0.69934296608
0.720695853233,-0.0837588310242,1.53310656548,-0.139320462942,0.136236488819,0.68799239397,-0.699067771435
0.721685767174,-0.0837562978268,1.53351032734,-0.139477431774,0.137455388904,0.688952147961,-0.697851717472
0.721997380257,-0.0822395607829,1.53335905075,-0.141820341349,0.135950744152,0.690749526024,-0.695894777775
0.721823096275,-0.0826012343168,1.53314101696,-0.138383969665,0.136139899492,0.689646720886,-0.697641193867
0.722798407078,-0.0826795399189,1.53354728222,-0.138331606984,0.137566417456,0.690221011639,-0.696803331375
0.723194777966,-0.0811991021037,1.53338611126,-0.140365466475,0.136459723115,0.691738009453,-0.695107758045
0.723566234112,-0.0819833725691,1.53367483616,-0.137705117464,0.138252675533,0.690919995308,-0.696098506451
0.72392141819,-0.0816747322679,1.53377568722,-0.13731803,0.138985514641,0.691475093365,-0.695477604866
0.724960744381,-0.0822933912277,1.53413414955,-0.135689154267,0.145920112729,0.69210678339,-0.693746268749
0.725280761719,-0.0809792652726,1.53385365009,-0.137743145227,0.144551023841,0.693717837334,-0.69201695919
0.725598096848,-0.0806937813759,1.53383779526,-0.137172579765,0.14471539855,0.693893432617,-0.691919922829
0.726019620895,-0.0806437432766,1.53397750854,-0.13543023169,0.14541760087,0.692223966122,-0.693785488605
0.726348280907,-0.0803518369794,1.53433203697,-0.135481059551,0.146274864674,0.692809224129,-0.693010866642
0.726641714573,-0.0807907879353,1.53438723087,-0.13440258801,0.147283241153,0.693718314171,-0.692097246647
0.727006912231,-0.0806014165282,1.53431594372,-0.134297758341,0.147538676858,0.694133639336,-0.691646635532
0.727209031582,-0.0800738185644,1.53424358368,-0.135670021176,0.147408768535,0.696555495262,-0.688966453075
0.727681875229,-0.079377643764,1.53425693512,-0.134867593646,0.147202983499,0.694378316402,-0.69136172533
0.728012561798,-0.079021602869,1.53395700455,-0.134822025895,0.14671087265,0.694657623768,-0.691194474697
0.728136062622,-0.0793087929487,1.5338999033,-0.133689463139,0.147298365831,0.695696890354,-0.690243661404
0.728595495224,-0.0792529806495,1.53435540199,-0.133819639683,0.148785084486,0.696150183678,-0.689442038536
0.728064954281,-0.0780118703842,1.53457772732,-0.136192262173,0.143623754382,0.698615372181,-0.687575876713
0.728373169899,-0.0777342543006,1.53456139565,-0.136301785707,0.143834814429,0.699125945568,-0.68699079752
0.728204190731,-0.0767957419157,1.53401744366,-0.13647569716,0.142111465335,0.69950324297,-0.686930954456
0.729112446308,-0.0771759748459,1.53433454037,-0.136525735259,0.143688499928,0.700166940689,-0.685915887356
0.729479253292,-0.0763737484813,1.53392994404,-0.135314717889,0.142133787274,0.698147594929,-0.688533306122
0.729790449142,-0.0769606977701,1.53398430347,-0.134636983275,0.143197506666,0.698627531528,-0.687958538532
0.730145871639,-0.0764114931226,1.53412842751,-0.136485531926,0.143439471722,0.70106780529,-0.685055315495
0.730421423912,-0.0759893059731,1.53404128551,-0.136623680592,0.143099457026,0.701645433903,-0.68450731039
0.730975985527,-0.0751358121634,1.534065485,-0.136798009276,0.142729267478,0.699419081211,-0.686824440956
0.730523228645,-0.0755093246698,1.53390455246,-0.134552583098,0.143139228225,0.700905025005,-0.685666799545
0.730796873569,-0.0747870728374,1.5338960886,-0.136209920049,0.142835080624,0.703262925148,-0.682983398438
0.731689453125,-0.0749764814973,1.53419208527,-0.136404439807,0.144034177065,0.703943550587,-0.681990921497
0.7320779562,-0.0739760026336,1.53403449059,-0.136625602841,0.142963379622,0.703557133675,-0.682570517063
0.7323564291,-0.0738399773836,1.5342322588,-0.136421576142,0.143443748355,0.704033195972,-0.682019412518
0.732893466949,-0.0738044604659,1.53401088715,-0.135459393263,0.143221765757,0.702561676502,-0.683773100376
0.733224391937,-0.0735101997852,1.53399896622,-0.135351195931,0.143176347017,0.703302443027,-0.683041989803
0.733415365219,-0.0730082094669,1.53397262096,-0.13642051816,0.143005952239,0.705564141273,-0.680527865887
0.733627140522,-0.0735646337271,1.53419315815,-0.135181948543,0.14418593049,0.706756770611,-0.679287195206
0.733876883984,-0.0733076483011,1.5339807272,-0.134862065315,0.143856927752,0.707140564919,-0.679021060467
0.734227478504,-0.0731974691153,1.53414237499,-0.134633257985,0.144430801272,0.707782447338,-0.678275406361
0.734161257744,-0.072719566524,1.5337613821,-0.132726028562,0.143122732639,0.70599514246,-0.680786728859
0.734501957893,-0.0724448263645,1.53379261494,-0.132872238755,0.143104583025,0.706491351128,-0.68024712801
0.735224068165,-0.0716702118516,1.53436839581,-0.135551899672,0.143865302205,0.708285570145,-0.67768740654
0.735468149185,-0.0722003430128,1.53448104858,-0.134463280439,0.144794017076,0.709606170654,-0.676323652267
0.735812425613,-0.0713168233633,1.53445577621,-0.135323733091,0.144107893109,0.709411680698,-0.676502406597
0.735944092274,-0.0719113051891,1.53454828262,-0.134040176868,0.144883841276,0.710358798504,-0.675597727299
0.736299335957,-0.0715797320008,1.53411221504,-0.133995130658,0.143894016743,0.710675895214,-0.675484776497
0.736657440662,-0.071729823947,1.53415763378,-0.132106855512,0.144268676639,0.709120512009,-0.677408754826
0.736843347549,-0.0712907388806,1.53412795067,-0.133475974202,0.144037514925,0.711261153221,-0.674940764904
0.736602723598,-0.0707095712423,1.53384673595,-0.133005678654,0.142998144031,0.71106159687,-0.675464689732
0.73688942194,-0.0705753490329,1.53389120102,-0.132946521044,0.143187299371,0.711106657982,-0.675388813019
0.737694323063,-0.0709046572447,1.53427267075,-0.133163586259,0.144554570317,0.711363971233,-0.674783527851
0.737837970257,-0.0708373188972,1.53442716599,-0.132980003953,0.144771739841,0.711596369743,-0.674528062344
0.738223433495,-0.0709403082728,1.53442847729,-0.13142092526,0.144798353314,0.710091531277,-0.676411092281
0.738402247429,-0.0697566643357,1.53427231312,-0.133507356048,0.143331691623,0.711546301842,-0.674784183502
0.73860257864,-0.0703573673964,1.53445243835,-0.132969945669,0.144386351109,0.712086617947,-0.674095332623
0.738809406757,-0.0702249407768,1.53446686268,-0.132917791605,0.144260585308,0.712153732777,-0.674061477184
0.73912024498,-0.0700269564986,1.53439092636,-0.133103460073,0.143979236484,0.712059080601,-0.674185097218
0.739363670349,-0.0698962807655,1.53440892696,-0.133061096072,0.143869832158,0.712128698826,-0.674143254757
0.739701747894,-0.0700712949038,1.53449225426,-0.131467297673,0.144098803401,0.710340619087,-0.676289975643
0.739965200424,-0.0691712498665,1.53443872929,-0.132320806384,0.143035307527,0.709805309772,-0.676911115646
0.740269601345,-0.0690492019057,1.53443264961,-0.132362663746,0.142931550741,0.7093937397,-0.67735594511
0.740435779095,-0.0686022564769,1.53439462185,-0.134062737226,0.142509311438,0.711095869541,-0.675322890282
0.74064540863,-0.0684727057815,1.53442811966,-0.134006902575,0.142279669642,0.711107730865,-0.675369918346
0.740970492363,-0.068595059216,1.53425395489,-0.13236990571,0.141867786646,0.709062457085,-0.677924990654
0.741142988205,-0.0684948191047,1.53431880474,-0.132289171219,0.141801431775,0.709042072296,-0.677975952625
0.741357922554,-0.0680853426456,1.53426277637,-0.133783519268,0.141383901238,0.710975408554,-0.675741612911
0.741581261158,-0.0680647045374,1.53451049328,-0.133761391044,0.141982883215,0.711017310619,-0.675576210022
0.741739869118,-0.0680398344994,1.5347315073,-0.133542701602,0.142339482903,0.711003661156,-0.675558924675
0.741962552071,-0.0678405463696,1.53446483612,-0.133429810405,0.141520395875,0.710741043091,-0.676029324532
0.742188036442,-0.0677359476686,1.53440153599,-0.13328576088,0.141235142946,0.710448980331,-0.676424384117
0.742466270924,-0.0680035948753,1.53472006321,-0.131556287408,0.142000257969,0.708537578583,-0.678604006767
0.74269837141,-0.0675702691078,1.53467822075,-0.132997214794,0.141632020473,0.709947168827,-0.676924824715
0.742908000946,-0.0674696415663,1.53468573093,-0.132782161236,0.141418412328,0.709695518017,-0.677275538445
0.743155896664,-0.0673884302378,1.53475558758,-0.132498145103,0.141432866454,0.709678292274,-0.677346169949
0.743340313435,-0.067316621542,1.53493082523,-0.132300123572,0.141646713018,0.709544479847,-0.677480459213
0.743572115898,-0.0671938657761,1.53484857082,-0.132144927979,0.141445562243,0.709214866161,-0.677897572517
0.743787646294,-0.0674377977848,1.53480994701,-0.13017500937,0.141433149576,0.707171618938,-0.680411219597
0.743938028812,-0.0673125982285,1.5348367691,-0.130087390542,0.141283452511,0.707041919231,-0.680593907833
0.744030237198,-0.0669196397066,1.53478968143,-0.131436169147,0.14086638391,0.708808302879,-0.678580999374
0.744186103344,-0.0668215304613,1.53482282162,-0.13132853806,0.140822976828,0.708713650703,-0.678709685802
0.744262039661,-0.0668090134859,1.53509843349,-0.13074220717,0.141151472926,0.7091152668,-0.678335011005
0.74444770813,-0.0667961612344,1.53524589539,-0.130901634693,0.141696721315,0.70886862278,-0.678448438644
0.744579851627,-0.066708445549,1.53526103497,-0.130553901196,0.141580924392,0.708856582642,-0.678552091122
0.744755744934,-0.0666492730379,1.53530955315,-0.130439728498,0.141771972179,0.708826720715,-0.678565382957
0.744984507561,-0.066893145442,1.53538429737,-0.128794804215,0.142154186964,0.706855356693,-0.680852234364
0.745274782181,-0.0667052865028,1.53538131714,-0.129371389747,0.142227232456,0.706545352936,-0.681049346924
0.745317161083,-0.0666707605124,1.53567063808,-0.128972813487,0.142738714814,0.706631183624,-0.680928826332
0.745500683784,-0.0666133910418,1.53568613529,-0.129009068012,0.142855077982,0.706289887428,-0.681251585484
0.745531320572,-0.066262319684,1.53573942184,-0.130772769451,0.142846301198,0.707915008068,-0.679227411747
0.745651066303,-0.0661568790674,1.53578770161,-0.130779221654,0.142892986536,0.707894921303,-0.679237127304
0.745806396008,-0.0660826563835,1.53583240509,-0.130805179477,0.14298120141,0.707761287689,-0.679353058338
0.746006727219,-0.0663648918271,1.53586649895,-0.128743574023,0.143115267158,0.705904304981,-0.681646764278
0.746174633503,-0.0662112012506,1.53557133675,-0.128756046295,0.142420187593,0.70576941967,-0.681929647923
0.746373236179,-0.066195115447,1.53597736359,-0.129205733538,0.143377617002,0.705709159374,-0.681706190109
0.746635079384,-0.0659712702036,1.53540933132,-0.12933640182,0.142032906413,0.70540368557,-0.682278931141
0.746820688248,-0.0659223496914,1.53576266766,-0.129357933998,0.142885923386,0.705705463886,-0.681784451008
0.747049033642,-0.0658480748534,1.53574430943,-0.129195570946,0.142714515328,0.705519497395,-0.682043433189
0.74714744091,-0.0654430836439,1.53575623035,-0.130852267146,0.142428666353,0.707374751568,-0.679862380028
0.747366428375,-0.0653041899204,1.5354360342,-0.130806207657,0.141612842679,0.707178175449,-0.680246055126
0.747498869896,-0.0652969628572,1.53582417965,-0.130680084229,0.14237870276,0.707233309746,-0.680053114891
0.747700452805,-0.0652469322085,1.53588557243,-0.130435183644,0.142495542765,0.70715880394,-0.680153131485
0.747912824154,-0.0655498728156,1.53603351116,-0.128592997789,0.142888009548,0.705379426479,-0.682265996933
0.748135149479,-0.0654294341803,1.53606128693,-0.128439828753,0.142795264721,0.705388188362,-0.682305157185
0.748252987862,-0.0654906481504,1.53631353378,-0.127410292625,0.143144771457,0.705649495125,-0.682154715061
0.748501598835,-0.0654308050871,1.53630316257,-0.127484291792,0.143109440804,0.70548582077,-0.682317614555
0.748692154884,-0.0653588250279,1.53633475304,-0.127159103751,0.14300146699,0.705321609974,-0.682570636272
0.748782873154,-0.0649716854095,1.53632831573,-0.128478750587,0.142639368773,0.707177221775,-0.680476248264
0.74909299612,-0.0651595145464,1.53647565842,-0.126716092229,0.142874151468,0.705445408821,-0.6825517416
0.749363720417,-0.0649919211864,1.53654193878,-0.126826867461,0.142825827003,0.70549094677,-0.682494103909
0.749646484852,-0.0648353397846,1.53626358509,-0.126781374216,0.142086431384,0.705725491047,-0.682414472103
0.749790072441,-0.0644474700093,1.53626728058,-0.128194540739,0.141820833087,0.707483887672,-0.680382013321
0.749977648258,-0.0643346458673,1.53628611565,-0.128047823906,0.141613990068,0.707568466663,-0.680364727974
0.75017786026,-0.0642661079764,1.536657691,-0.127963081002,0.142246887088,0.707681179047,-0.680131316185
0.750482916832,-0.0640915334225,1.53666901588,-0.127931267023,0.142108500004,0.707658946514,-0.680189430714
0.750754415989,-0.064326569438,1.53674948215,-0.126067861915,0.142303258181,0.705921411514,-0.682298898697
0.751044094563,-0.0640695095062,1.53622424603,-0.126012355089,0.140881955624,0.706229150295,-0.682285666466
0.751172959805,-0.0641308873892,1.53679955006,-0.125561386347,0.142054274678,0.706420600414,-0.681927502155
0.75137513876,-0.0640559792519,1.53683567047,-0.125249296427,0.142049610615,0.706516802311,-0.681886255741
0.751417815685,-0.0637391582131,1.53689718246,-0.126448243856,0.141875475645,0.708614349365,-0.679520368576
0.751646876335,-0.0636643245816,1.53698134422,-0.12620678544,0.142018184066,0.709018349648,-0.679113984108
0.751932740211,-0.0634952932596,1.5369656086,-0.126268029213,0.141849383712,0.709205269814,-0.678942680359
0.75210660696,-0.0634545087814,1.53673005104,-0.125948056579,0.141263365746,0.7096144557,-0.67869669199
0.752329051495,-0.0633901953697,1.53679966927,-0.125783011317,0.14142459631,0.70985609293,-0.678440988064
0.752583503723,-0.0636632367969,1.53687798977,-0.123856976628,0.141818791628,0.708249032497,-0.680389881134
0.752742111683,-0.0632809475064,1.53688430786,-0.125395074487,0.14160887897,0.710158526897,-0.678157746792
0.752998352051,-0.0635182932019,1.5369592905,-0.123528860509,0.141788810492,0.708493590355,-0.680201053619
0.75319236517,-0.0634434074163,1.53699183464,-0.123374328017,0.141723319888,0.708800375462,-0.679923057556
0.753328800201,-0.0630720183253,1.53698861599,-0.124880619347,0.141602352262,0.71086961031,-0.67750877142
0.753591001034,-0.0633629933,1.53716993332,-0.122976019979,0.142258837819,0.709247291088,-0.679417073727
0.753730237484,-0.0632787197828,1.53721475601,-0.122882477939,0.142299547791,0.709518969059,-0.679141879082
0.75394743681,-0.0631326511502,1.53712320328,-0.122702620924,0.141946047544,0.709904313087,-0.678845584393
0.754010379314,-0.0631802305579,1.53734576702,-0.122435957193,0.142366990447,0.710371553898,-0.67831659317
0.754226446152,-0.0630406141281,1.53717398643,-0.122498385608,0.141902446747,0.710573852062,-0.67819082737
0.754384994507,-0.0630256384611,1.53745377064,-0.122379139066,0.142455160618,0.711314737797,-0.677319169044
0.754566431046,-0.0629810392857,1.53749799728,-0.122172698379,0.142481774092,0.711499392986,-0.677156805992
0.754715800285,-0.0629249736667,1.53753435612,-0.122041381896,0.14249072969,0.711786568165,-0.676876842976
0.754816412926,-0.0625374317169,1.53765690327,-0.123646989465,0.142518922687,0.714140236378,-0.674094498158
0.755004405975,-0.0624883547425,1.53755617142,-0.12348665297,0.142384842038,0.714369833469,-0.673909008503
0.755217134953,-0.0623310059309,1.53738868237,-0.12341567874,0.141859278083,0.714552998543,-0.673838675022
0.755494534969,-0.0622180625796,1.5374879837,-0.123310893774,0.141973569989,0.715015769005,-0.673342704773
0.755609571934,-0.0621712431312,1.53749108315,-0.122727334499,0.1417825073,0.715434372425,-0.673044919968
0.755868911743,-0.0621143318713,1.53758192062,-0.123012721539,0.142079204321,0.715592443943,-0.672762155533
0.755994915962,-0.0620663762093,1.5376021862,-0.122661337256,0.141970351338,0.715872108936,-0.672551751137
0.756134808064,-0.0623949468136,1.53761851788,-0.120558701456,0.142019331455,0.714423656464,-0.674459159374
0.756296753883,-0.0622724071145,1.53759026527,-0.119990475476,0.141704037786,0.714923620224,-0.674096763134
0.756539404392,-0.0621696189046,1.53744316101,-0.119779072702,0.141233980656,0.715149998665,-0.673993051052
0.7566665411,-0.0621136389673,1.53747618198,-0.11944616586,0.141147240996,0.715467453003,-0.67373329401
0.75679653883,-0.062044814229,1.53749787807,-0.119166135788,0.140976309776,0.715748786926,-0.673519790173
0.756822407246,-0.0617497563362,1.53751504421,-0.120345957577,0.140739262104,0.717964470387,-0.670996546745
0.756950557232,-0.0617032647133,1.53762173653,-0.12001286447,0.140762865543,0.718475520611,-0.670504152775
0.757179200649,-0.0616519451141,1.53762149811,-0.120050087571,0.140773952007,0.71860909462,-0.670352041721
0.75733089447,-0.0616105496883,1.53768396378,-0.119699671865,0.140750855207,0.71918874979,-0.669797539711
0.75743329525,-0.0616224259138,1.5379281044,-0.119290731847,0.141145035625,0.719623625278,-0.66932028532
0.757536232471,-0.0615954957902,1.53791177273,-0.118926361203,0.140903323889,0.720004379749,-0.669026613235
0.757736325264,-0.0615004450083,1.53788232803,-0.118551596999,0.140572115779,0.720277249813,-0.668869018555
0.757951438427,-0.0617894530296,1.53819036484,-0.116668052971,0.141176447272,0.718814313412,-0.670644402504
0.758021533489,-0.0614136233926,1.53800845146,-0.117968522012,0.140401467681,0.721025526524,-0.668201327324
0.758183538914,-0.0613950230181,1.53796780109,-0.117553241551,0.140121757984,0.721399784088,-0.667929232121
0.758347928524,-0.0614224225283,1.53804755211,-0.117102749646,0.140309110284,0.721741557121,-0.667599797249
0.758480608463,-0.0613739080727,1.53805577755,-0.116742700338,0.139921545982,0.722175180912,-0.667275190353
0.758641004562,-0.0613797679543,1.53808164597,-0.116371773183,0.13980807364,0.722391605377,-0.667129337788
0.758849084377,-0.0613470450044,1.5381166935,-0.116168014705,0.139645278454,0.722633481026,-0.666937112808
0.759063065052,-0.0617103427649,1.53794682026,-0.114017002285,0.139216035604,0.721104204655,-0.669049918652
0.759162962437,-0.0617204010487,1.5383541584,-0.113656014204,0.139749929309,0.721534490585,-0.668536007404
0.759392380714,-0.0615945085883,1.53798794746,-0.113489046693,0.138631686568,0.72163194418,-0.668692052364
0.75985044241,-0.0616829618812,1.53812861443,-0.113723188639,0.138934776187,0.721671879292,-0.668546199799
0.760021269321,-0.0613733977079,1.53802657127,-0.114922232926,0.138470456004,0.723554909229,-0.666398584843
0.760266363621,-0.0616446882486,1.53796970844,-0.112892493606,0.138164028525,0.721733808517,-0.668779790401
0.760286033154,-0.0613338947296,1.53790199757,-0.113812528551,0.13750103116,0.724185466766,-0.666104853153
0.760480999947,-0.0614013932645,1.53816974163,-0.113931126893,0.138003796339,0.724469125271,-0.665671944618
0.760580301285,-0.0614052079618,1.53818380833,-0.113611035049,0.13772124052,0.724683225155,-0.665552258492
0.760718882084,-0.0613350719213,1.53781878948,-0.113358326256,0.136627331376,0.724666059017,-0.665839254856
0.7603931427,-0.0613634735346,1.53784370422,-0.112172074616,0.1361181885,0.725232899189,-0.66552734375
0.760490953922,-0.0613809116185,1.53764390945,-0.111907608807,0.135523706675,0.725270569324,-0.665652096272
0.760627090931,-0.0613941326737,1.53764486313,-0.111723072827,0.135388106108,0.7253703475,-0.665601968765
0.760863482952,-0.0616681501269,1.53761398792,-0.109972536564,0.135318607092,0.723554372787,-0.667880177498
0.761011123657,-0.0616726502776,1.53760194778,-0.10997351259,0.135225370526,0.723913967609,-0.667509257793
0.761107385159,-0.0617010779679,1.53758180141,-0.109894730151,0.135201632977,0.72405654192,-0.66737228632
0.761186718941,-0.0618124231696,1.53780972958,-0.109816655517,0.135844662786,0.724267780781,-0.667025268078
0.761249125004,-0.0618291050196,1.53776955605,-0.109754398465,0.13580223918,0.724423587322,-0.666875064373
0.761276841164,-0.061551861465,1.53768765926,-0.111476898193,0.135716095567,0.7263058424,-0.664555609226
0.76135134697,-0.0615961812437,1.53765904903,-0.11159683764,0.135928303003,0.726392447948,-0.664397358894
0.761443793774,-0.0616452470422,1.53762757778,-0.111833915114,0.136194422841,0.726407289505,-0.664286673069
0.761456608772,-0.0617149174213,1.53769433498,-0.111929699779,0.136659756303,0.726546645164,-0.664022445679
0.761481404305,-0.0617827400565,1.53772330284,-0.112087249756,0.1371050179,0.72663974762,-0.663802266121
0.761628746986,-0.0618240535259,1.53770554066,-0.112505465746,0.13777422905,0.726648151875,-0.663583695889
0.761570632458,-0.0618666596711,1.5374724865,-0.112288117409,0.137568056583,0.726865172386,-0.663425564766
0.761582314968,-0.0623005479574,1.5373994112,-0.110727995634,0.138053163886,0.725098252296,-0.665517389774
0.761629700661,-0.0623655691743,1.53743886948,-0.111275389791,0.138775080442,0.725206673145,-0.665157616138
0.761527180672,-0.0622267201543,1.53735733032,-0.113183669746,0.139465481043,0.72740739584,-0.662282109261
0.761572659016,-0.0622068941593,1.53722453117,-0.113707348704,0.13968680799,0.727469801903,-0.662077009678
0.761562049389,-0.0622848086059,1.53713703156,-0.114218197763,0.140174388885,0.72751802206,-0.661832928658
0.761508524418,-0.0623646751046,1.53691470623,-0.114656761289,0.14027710259,0.727662622929,-0.661576330662
0.761563837528,-0.0625046789646,1.53719937801,-0.115653783083,0.141762316227,0.727564811707,-0.661193668842
0.76153254509,-0.0625495314598,1.53680086136,-0.116186477244,0.141462430358,0.727510988712,-0.661223948002
0.76149982214,-0.0626776888967,1.53674352169,-0.116528891027,0.141856074333,0.727412164211,-0.661188006401
0.76146697998,-0.0628210008144,1.53665995598,-0.116899326444,0.142174735665,0.727222681046,-0.661262691021
0.761426985264,-0.0629279762506,1.53659653664,-0.117255248129,0.142351552844,0.727202653885,-0.661183536053
0.761434316635,-0.0633461475372,1.53657650948,-0.115904040635,0.142656266689,0.72518068552,-0.663572609425
0.761283040047,-0.063527032733,1.53656888008,-0.115748383105,0.142694562674,0.725239634514,-0.663527011871
0.761212289333,-0.0636570081115,1.53651845455,-0.11556494236,0.14246314764,0.725225687027,-0.663623929024
0.761138081551,-0.0637887641788,1.53647387028,-0.115205779672,0.142063200474,0.725204586983,-0.663795173168
0.7610257864,-0.0639175847173,1.53642773628,-0.114602141082,0.141422480345,0.725332975388,-0.663896203041
0.761061906815,-0.0640100538731,1.53666329384,-0.114353485405,0.14118590951,0.725475847721,-0.66383343935
0.76098972559,-0.0640951767564,1.53662693501,-0.113634467125,0.140103846788,0.725731015205,-0.663907051086
0.760905623436,-0.0641644895077,1.53625440598,-0.112738803029,0.138232156634,0.725780308247,-0.664398133755
0.760718584061,-0.0639788582921,1.53616642952,-0.112996965647,0.13660235703,0.72781509161,-0.66246265173
0.760670661926,-0.0641319677234,1.53618693352,-0.111919894814,0.13546346128,0.727907896042,-0.662777304649
0.760604739189,-0.0642794445157,1.53618001938,-0.1107172966,0.134191572666,0.727832794189,-0.663320302963
0.760896146297,-0.0644055977464,1.53636658192,-0.110411472619,0.133273750544,0.727746486664,-0.663650870323
0.760851323605,-0.064515799284,1.53632998466,-0.109175771475,0.131773903966,0.72787797451,-0.66401052475
0.760399997234,-0.064613007009,1.53615880013,-0.107124850154,0.129640489817,0.728155314922,-0.664460301399
0.760489404202,-0.0648715645075,1.53633093834,-0.106292039156,0.128961727023,0.728335857391,-0.664528250694
0.760476350784,-0.0650158151984,1.53646993637,-0.105191804469,0.127963230014,0.728384971619,-0.664842486382
0.760669887066,-0.0654319450259,1.53659009933,-0.102882169187,0.127004176378,0.726290881634,-0.667672634125
0.760636210442,-0.06559497118,1.53663778305,-0.101972259581,0.126166298985,0.726286351681,-0.667976021767
0.760437965393,-0.065771445632,1.53659260273,-0.100922212005,0.125176280737,0.726519286633,-0.668068468571
0.760535478592,-0.065876878798,1.53657472134,-0.100512363017,0.124616548419,0.726496458054,-0.668259561062
0.760512650013,-0.0657009333372,1.5365896225,-0.101909294724,0.124288618565,0.728416502476,-0.666015148163
0.760504841805,-0.0659074485302,1.5366165638,-0.101729601622,0.124281488359,0.728484749794,-0.6659694314
0.76047962904,-0.0660910755396,1.53664171696,-0.101549714804,0.124445132911,0.728504359722,-0.665944695473
0.760482311249,-0.06662145257,1.53667461872,-0.0998080670834,0.124935664237,0.726545274258,-0.668252527714
0.760426044464,-0.066829316318,1.53666746616,-0.0999654009938,0.125503093004,0.726601660252,-0.668061316013
0.760491967201,-0.0666251406074,1.53655123711,-0.102578505874,0.125814154744,0.728376686573,-0.665669620037
0.760125935078,-0.0668996423483,1.53650903702,-0.102470882237,0.12646920979,0.728678286076,-0.665231704712
0.760731518269,-0.0678825676441,1.53674924374,-0.102016687393,0.133501693606,0.728992640972,-0.66358101368
0.760795295238,-0.0680247843266,1.53674519062,-0.103542588651,0.134704008698,0.729034900665,-0.663055062294
0.760454118252,-0.0682515278459,1.5366961956,-0.104570835829,0.135952964425,0.729270875454,-0.662378907204
0.760257840157,-0.0684398859739,1.53659880161,-0.10525906086,0.136966720223,0.729118227959,-0.662229001522
0.759850621223,-0.0686214119196,1.53669321537,-0.105949945748,0.138433247805,0.729058802128,-0.661879122257
0.759802043438,-0.0688547790051,1.53660678864,-0.107814885676,0.140185266733,0.728899180889,-0.661385118961
0.759635031223,-0.0690228864551,1.53650152683,-0.109384953976,0.14169113338,0.728885650635,-0.660820960999
0.759419798851,-0.0691462159157,1.53605675697,-0.111148610711,0.142424076796,0.728590011597,-0.660695135593
0.759149432182,-0.0694386363029,1.53625571728,-0.112768575549,0.145096838474,0.728154540062,-0.66031908989
0.758984804153,-0.0695965215564,1.53601980209,-0.114491052926,0.146800264716,0.727907419205,-0.659918546677
0.758861482143,-0.0698230862617,1.53590321541,-0.117061346769,0.14921849966,0.727564811707,-0.659302592278
0.758506238461,-0.0704663023353,1.53589773178,-0.117136180401,0.151721164584,0.725385010242,-0.66111767292
0.758155882359,-0.0703308284283,1.5356014967,-0.120651818812,0.153187304735,0.726957082748,-0.658415079117
0.757916331291,-0.0705894082785,1.53524291515,-0.122213281691,0.15478271246,0.726246476173,-0.658538043499
0.757596135139,-0.0708065181971,1.53512012959,-0.123895846307,0.156328424811,0.725828707218,-0.658318936825
0.757316470146,-0.0709529072046,1.5349779129,-0.125399708748,0.157302215695,0.725068986416,-0.658639550209
0.756352961063,-0.0702217966318,1.53447604179,-0.127320989966,0.150944873691,0.724840521812,-0.660008609295
0.75613874197,-0.0702778697014,1.53407895565,-0.127767473459,0.150062978268,0.723992288113,-0.661053657532
0.755693435669,-0.0705348402262,1.53424882889,-0.126567929983,0.149624407291,0.724062263966,-0.661307096481
0.7554448843,-0.0710741430521,1.5342695713,-0.123996630311,0.148563861847,0.721798419952,-0.664500296116
0.755547165871,-0.0719469040632,1.53442525864,-0.121365502477,0.152308776975,0.723576545715,-0.662200570107
0.754698932171,-0.071125805378,1.53396761417,-0.120850555599,0.142953112721,0.723173141479,-0.664815962315
0.754569649696,-0.071163892746,1.53380036354,-0.11895545572,0.139602378011,0.722987890244,-0.666070103645
0.754610180855,-0.0713951811194,1.53388237953,-0.1165753901,0.137184381485,0.722932219505,-0.667053043842
0.754005908966,-0.0714455395937,1.53372430801,-0.11319373548,0.133134111762,0.722817063332,-0.668579161167
0.754414856434,-0.0715912431479,1.53397023678,-0.111558020115,0.131049260497,0.722662866116,-0.669432044029
0.754168868065,-0.0721445530653,1.5344606638,-0.107052050531,0.129354968667,0.720659077168,-0.672649681568
0.754174351692,-0.0722788274288,1.53463351727,-0.10485728085,0.127048462629,0.720353543758,-0.673761427402
0.753969311714,-0.0720660090446,1.53436124325,-0.104280821979,0.123859368265,0.722451508045,-0.672196507454
0.754213869572,-0.0723985433578,1.53460025787,-0.10140606761,0.122591130435,0.7203951478,-0.675069749355
0.754132032394,-0.0725858509541,1.53474903107,-0.0996362268925,0.121419735253,0.720376491547,-0.675564646721
0.753873109818,-0.072884067893,1.53496825695,-0.0985272079706,0.120829842985,0.720320522785,-0.675892710686
0.753844916821,-0.0730117484927,1.53530466557,-0.0981353074312,0.120826095343,0.720171868801,-0.676108837128
0.753754258156,-0.0731163173914,1.535359025,-0.0980057790875,0.120467759669,0.720004320145,-0.676369845867
0.753713309765,-0.0732926428318,1.53571164608,-0.098320029676,0.121346473694,0.719853758812,-0.676327347755
0.753830313683,-0.0731799304485,1.53541135788,-0.0993797928095,0.120933555067,0.71930205822,-0.676833331585
0.753348171711,-0.0731531828642,1.53566038609,-0.101227544248,0.122139714658,0.720862090588,-0.674679636955
0.753076314926,-0.0733691453934,1.5357530117,-0.101865336299,0.12335588783,0.720773696899,-0.674457013607
0.752969145775,-0.0738870352507,1.53625571728,-0.101121857762,0.125824898481,0.718929708004,-0.676078855991
0.752570271492,-0.0739922970533,1.53617227077,-0.10287052393,0.127450123429,0.718793094158,-0.675655782223
0.752144932747,-0.0738024786115,1.53560805321,-0.105671033263,0.128210306168,0.72010409832,-0.673680782318
0.752002537251,-0.0742025673389,1.53536462784,-0.106314130127,0.130219891667,0.717232882977,-0.676252424717
0.751762866974,-0.0739442035556,1.5351074934,-0.110712707043,0.132398426533,0.718697726727,-0.673563063145
0.751275479794,-0.0740265846252,1.5348072052,-0.112690471113,0.134630799294,0.718124628067,-0.673403561115
0.750471830368,-0.0742194354534,1.53487789631,-0.114648610353,0.137618750334,0.71781617403,-0.672797739506
0.749857127666,-0.0743735209107,1.53465378284,-0.116812109947,0.140263706446,0.717137157917,-0.672603487968
0.749273777008,-0.0744766592979,1.53445744514,-0.119874820113,0.142741858959,0.71661734581,-0.672097086906
0.748636305332,-0.0746911615133,1.5342605114,-0.121823601425,0.144951418042,0.71555685997,-0.67240357399
0.747977018356,-0.0748375058174,1.53401708603,-0.123383566737,0.146601691842,0.71513313055,-0.672212123871
0.747222304344,-0.0749292299151,1.53371429443,-0.124255746603,0.146724820137,0.714695215225,-0.672490239143
0.746555685997,-0.0750333219767,1.5334379673,-0.124513521791,0.146443724632,0.714527308941,-0.672682285309
0.745864629745,-0.0750803202391,1.53310072422,-0.12374766916,0.145163908601,0.714248776436,-0.673396468163
