x,y,z,q0,q1,q2,q3
0.688860535622,-0.0179799664766,1.50854492188,-0.146280780435,0.0517414472997,0.768539369106,-0.62070286274
0.688694119453,-0.0185482576489,1.50854456425,-0.14695635438,0.0529008954763,0.768922686577,-0.619970440865
0.688440263271,-0.0191331095994,1.50865066051,-0.14755307138,0.0542425997555,0.768597364426,-0.620116174221
0.688295960426,-0.0196682810783,1.5087839365,-0.148753687739,0.0555212311447,0.769104421139,-0.619086563587
0.687957346439,-0.0202186908573,1.50855350494,-0.149055942893,0.0563973225653,0.769269883633,-0.618728935719
0.687332212925,-0.0206376444548,1.50843417645,-0.151189252734,0.0558604598045,0.769015371799,-0.618576586246
0.687421262264,-0.0211600065231,1.50852513313,-0.151532948017,0.0579145178199,0.769819319248,-0.617302179337
0.687361419201,-0.0219316929579,1.50857293606,-0.15433691442,0.0611215531826,0.767735600471,-0.618891239166
0.687095582485,-0.0225623808801,1.50851523876,-0.155059710145,0.0625224262476,0.768122196198,-0.618090331554
0.686747074127,-0.0227220114321,1.50845742226,-0.154642105103,0.0616357699037,0.771375596523,-0.614220261574
0.686491012573,-0.0232541412115,1.50860500336,-0.155316114426,0.0630943253636,0.771344542503,-0.613941013813
0.686258614063,-0.0238188859075,1.50861263275,-0.15725710988,0.0639694407582,0.771112442017,-0.613647937775
0.685938298702,-0.0243809707463,1.50853490829,-0.15667591989,0.0652258172631,0.772289216518,-0.612182736397
0.685881137848,-0.0247353967279,1.50862967968,-0.159158751369,0.0665221661329,0.775067687035,-0.607876241207
0.685694277287,-0.0258076693863,1.50867009163,-0.159905537963,0.0694468393922,0.770501255989,-0.613135576248
0.685427427292,-0.0263994839042,1.50871455669,-0.16049066186,0.0702084302902,0.770851373672,-0.612455606461
0.685166120529,-0.0267638582736,1.50854039192,-0.161206573248,0.0703564435244,0.771367549896,-0.611600041389
0.685047864914,-0.0275591034442,1.5085644722,-0.162403345108,0.0733997970819,0.768627882004,-0.614368677139
0.684981822968,-0.0273599773645,1.50858414173,-0.163974717259,0.070114120841,0.775679051876,-0.605407774448
0.684819221497,-0.0284413918853,1.5087659359,-0.163196146488,0.0732837989926,0.771425127983,-0.610655248165
0.684639751911,-0.0292655434459,1.50881564617,-0.164122775197,0.0758729949594,0.768784821033,-0.613414227962
0.684562563896,-0.029910415411,1.50900793076,-0.164648845792,0.0769354775548,0.768575131893,-0.613403499126
0.684514343739,-0.0303015299141,1.50911927223,-0.166668444872,0.0775495320559,0.770850419998,-0.609915971756
0.68443852663,-0.0311733707786,1.50920844078,-0.165331661701,0.0784108117223,0.768536567688,-0.613081336021
0.684394717216,-0.0317437686026,1.50924384594,-0.165776133537,0.0786613225937,0.768842279911,-0.612545788288
0.68437987566,-0.032492864877,1.50938773155,-0.165846809745,0.0796110406518,0.768696665764,-0.612586677074
0.68436729908,-0.0325833708048,1.50943386555,-0.163901165128,0.0762760490179,0.774605810642,-0.606056272984
0.684312641621,-0.0340691506863,1.50951814651,-0.163751497865,0.0775161683559,0.774455845356,-0.606131136417
0.684295892715,-0.0347187817097,1.50971925259,-0.163609564304,0.0780066922307,0.774394571781,-0.606184720993
0.684419929981,-0.0350765734911,1.50989246368,-0.167082130909,0.0821984112263,0.770487546921,-0.609652221203
0.684464335442,-0.035646893084,1.50989472866,-0.167105734348,0.0820408686996,0.771040916443,-0.608967065811
0.684383511543,-0.0365623012185,1.50980973244,-0.164937347174,0.0820741653442,0.768483281136,-0.612774848938
0.684316456318,-0.037333227694,1.50993072987,-0.164515525103,0.082531131804,0.768431544304,-0.612891733646
0.684242606163,-0.0380533412099,1.50990653038,-0.164001569152,0.0825057774782,0.768436074257,-0.613027095795
0.684098005295,-0.0395703390241,1.5098785162,-0.162219673395,0.0838512852788,0.768567085266,-0.613154470921
0.684097349644,-0.0396142154932,1.50978624821,-0.16138254106,0.0788485109806,0.773756563663,-0.607486128807
0.684127509594,-0.0395211279392,1.50974845886,-0.162404894829,0.0775740817189,0.77300041914,-0.60833978653
0.684117615223,-0.0401205606759,1.50967812538,-0.162472292781,0.0772806182504,0.772771060467,-0.608650565147
0.684058010578,-0.0413545556366,1.50967359543,-0.163329169154,0.0816395431757,0.766841769218,-0.615314722061
0.683950483799,-0.042029298842,1.50958561897,-0.163130789995,0.0815985202789,0.766273021698,-0.616080999374
0.683695852757,-0.0435273610055,1.50962567329,-0.161954820156,0.0827668383718,0.766488134861,-0.615967750549
0.683628320694,-0.0441560409963,1.50965726376,-0.162285163999,0.0830392241478,0.766535460949,-0.615785300732
0.683611452579,-0.0446982160211,1.50971353054,-0.163079768419,0.0830481350422,0.766315817833,-0.615847468376
0.683615922928,-0.0453463979065,1.50976383686,-0.163509652019,0.0834357589483,0.766070663929,-0.615985929966
0.683591842651,-0.0451441407204,1.5096385479,-0.165351420641,0.082581885159,0.764467775822,-0.617598831654
0.683292031288,-0.0465369485319,1.5096424818,-0.164302766323,0.0839190930128,0.765080630779,-0.61693918705
0.683093309402,-0.0468876697123,1.50936996937,-0.165317520499,0.083529509604,0.765196025372,-0.616577804089
0.683051407337,-0.0472068414092,1.50939464569,-0.167541980743,0.0841886326671,0.767404735088,-0.613132953644
0.683081388474,-0.0468188524246,1.5093357563,-0.167565941811,0.0812345817685,0.767256200314,-0.613710403442
0.682732641697,-0.0478589087725,1.50928866863,-0.165208607912,0.0813933387399,0.770474731922,-0.610286951065
0.682594120502,-0.0483463555574,1.50929129124,-0.167124912143,0.0815406218171,0.769853830338,-0.610528945923
0.682367444038,-0.049435980618,1.50931429863,-0.168146163225,0.0868142396212,0.764332354069,-0.616430222988
0.682662129402,-0.0488524846733,1.50932240486,-0.172424212098,0.0867422670126,0.76614433527,-0.612999618053
0.682409524918,-0.0494812056422,1.5092830658,-0.171397805214,0.0875769928098,0.764419794083,-0.615317344666
0.682196080685,-0.0495762825012,1.50925827026,-0.17378462851,0.0883143693209,0.767146587372,-0.611134707928
0.682065725327,-0.0500981286168,1.50902938843,-0.172792732716,0.0891229435802,0.76524835825,-0.613673150539
0.681953907013,-0.0503021515906,1.50920200348,-0.173076316714,0.0884179249406,0.769539535046,-0.608305752277
0.681567311287,-0.0514915473759,1.50903689861,-0.172093629837,0.0906700119376,0.770900666714,-0.606527030468
0.681418836117,-0.0515124648809,1.50912678242,-0.172978565097,0.0904167070985,0.77407759428,-0.602251708508
0.681548535824,-0.0510977506638,1.5091676712,-0.177552774549,0.0930964648724,0.774071633816,-0.600517511368
0.681354284286,-0.0510190054774,1.50911045074,-0.178165063262,0.0922792926431,0.777324557304,-0.596245348454
0.681068658829,-0.0514193847775,1.50894868374,-0.178466305137,0.0941698625684,0.778076291084,-0.594877302647
0.680631041527,-0.0530035123229,1.50865340233,-0.176352694631,0.0988141149282,0.77524638176,-0.598438262939
0.680502772331,-0.0528668016195,1.50854337215,-0.177675202489,0.098490819335,0.778425693512,-0.593956708908
0.680206179619,-0.0528023019433,1.50842797756,-0.179955855012,0.0996588692069,0.781580746174,-0.588910579681
0.679999887943,-0.0532560832798,1.50829982758,-0.179098218679,0.101622335613,0.78044962883,-0.590334713459
0.679539561272,-0.0536483302712,1.50816190243,-0.180919423699,0.10549864918,0.781332671642,-0.587926387787
0.679764866829,-0.052893768996,1.50814223289,-0.183841630816,0.105908691883,0.781920015812,-0.586162924767
0.679287493229,-0.0527721904218,1.50796687603,-0.183729574084,0.105089016259,0.784763157368,-0.582534611225
0.67908769846,-0.0529283583164,1.50786745548,-0.184193909168,0.106593750417,0.785534918308,-0.581072628498
0.678779780865,-0.0539111718535,1.50783741474,-0.183584168553,0.109723076224,0.787102758884,-0.578555941582
0.678566396236,-0.0542324073613,1.50770437717,-0.182661488652,0.111232094467,0.786009430885,-0.580044150352
0.67853397131,-0.0544997826219,1.50770330429,-0.185138389468,0.114976249635,0.787687301636,-0.576240301132
0.678643226624,-0.0549097657204,1.50773918629,-0.184461981058,0.117210976779,0.78615540266,-0.578096270561
0.678450226784,-0.055115185678,1.50767254829,-0.186943084002,0.120847776532,0.786061167717,-0.576676726341
0.678159892559,-0.0547988899052,1.50756561756,-0.187061369419,0.118383586407,0.791338264942,-0.569892168045
0.678031563759,-0.0550692230463,1.50751042366,-0.187716513872,0.121132262051,0.790920674801,-0.569679021835
0.678164541721,-0.0551712736487,1.50756406784,-0.188868969679,0.122710205615,0.79167330265,-0.567911982536
0.677742958069,-0.0552627518773,1.5073902607,-0.188771188259,0.123408950865,0.792488276958,-0.566655218601
0.677970826626,-0.0547055564821,1.50736916065,-0.190905421972,0.124179109931,0.792509794235,-0.565741062164
0.677570939064,-0.0546248368919,1.50720763206,-0.191116780043,0.123779244721,0.79420620203,-0.563373267651
0.677490115166,-0.0550036430359,1.50721466541,-0.191680029035,0.126466274261,0.793458521366,-0.563638865948
0.677282452583,-0.0550576932728,1.50709760189,-0.192141100764,0.127181380987,0.79411315918,-0.562397480011
0.677220344543,-0.0553572773933,1.50706243515,-0.191327616572,0.128322228789,0.792836844921,-0.564213633537
0.677358210087,-0.0551015213132,1.50712060928,-0.194073230028,0.128216251731,0.796611189842,-0.557948827744
0.676975667477,-0.0553683787584,1.50698208809,-0.194257393479,0.130381643772,0.795876741409,-0.558430731297
0.677088558674,-0.0554604679346,1.5069848299,-0.195238292217,0.131608322263,0.796070635319,-0.557523906231
0.676903545856,-0.0553824491799,1.50687038898,-0.195654213428,0.131029292941,0.797756433487,-0.5550994277
0.676504254341,-0.05549306795,1.50672864914,-0.195651605725,0.131657481194,0.797957658768,-0.554662525654
0.676364779472,-0.055594202131,1.50674521923,-0.19641764462,0.132371738553,0.798425018787,-0.553548038006
0.676250457764,-0.0555819869041,1.50666379929,-0.197328791022,0.132909953594,0.798683106899,-0.552722096443
0.676126658916,-0.0556194335222,1.50668597221,-0.197919920087,0.133487954736,0.798926174641,-0.552019655704
0.67601275444,-0.0558386482298,1.50663423538,-0.198358714581,0.13529202342,0.797829389572,-0.553008317947
0.676066040993,-0.055865675211,1.50664234161,-0.199150189757,0.135751277208,0.79789274931,-0.552519738674
0.675925433636,-0.0558620691299,1.50659704208,-0.199505135417,0.135858550668,0.798090577126,-0.552079439163
0.675769090652,-0.0558579452336,1.50653886795,-0.199657097459,0.135879084468,0.798168241978,-0.551907062531
0.675584197044,-0.055816359818,1.5063829422,-0.199706569314,0.135972470045,0.797825276852,-0.552361905575
0.67547506094,-0.055760152638,1.5063341856,-0.199851363897,0.135920882225,0.797776281834,-0.552393019199
0.67520314455,-0.0556238032877,1.5062264204,-0.199636489153,0.135283410549,0.797891914845,-0.552460253239
0.675140619278,-0.0556166917086,1.50620365143,-0.199561819434,0.135209053755,0.797785580158,-0.55265891552
0.675080358982,-0.0555854067206,1.50614869595,-0.199459686875,0.134928315878,0.797649860382,-0.552960276604
0.675036609173,-0.0555706471205,1.50612437725,-0.19923299551,0.134762063622,0.79748249054,-0.553323805332
0.67530977726,-0.0555311888456,1.50625860691,-0.199599340558,0.135044783354,0.797129452229,-0.553631365299
0.67518144846,-0.0566653385758,1.50635933876,-0.196408167481,0.136623084545,0.795690000057,-0.556449055672
0.675145864487,-0.0564602091908,1.50636804104,-0.19754178822,0.136242419481,0.79741281271,-0.553667962551
0.675127863884,-0.0564341843128,1.50635111332,-0.19719171524,0.136045053601,0.797131121159,-0.554246366024
0.675119936466,-0.056415528059,1.50634098053,-0.196830227971,0.135933488607,0.796803772449,-0.554872810841
0.675062537193,-0.0563042573631,1.50630450249,-0.196440890431,0.135598421097,0.796482622623,-0.555553436279
0.675060153008,-0.056248921901,1.50629937649,-0.196195155382,0.135517925024,0.796183407307,-0.556088685989
0.674921572208,-0.0554028190672,1.50608634949,-0.196636006236,0.133753225207,0.795399785042,-0.557479739189
0.674902200699,-0.055220939219,1.50614249706,-0.195437774062,0.133388131857,0.79637748003,-0.556591868401
0.674822986126,-0.0550149604678,1.50585007668,-0.194932535291,0.132826387882,0.79599326849,-0.557452559471
0.674689769745,-0.0557445734739,1.50560808182,-0.193387627602,0.133861288428,0.796178162098,-0.557479083538
0.674590945244,-0.055725902319,1.50552749634,-0.192969292402,0.133875399828,0.796090841293,-0.557745218277
0.675077199936,-0.0553654246032,1.50539040565,-0.194048404694,0.133959650993,0.795419514179,-0.558308064938
0.674473404884,-0.0556006096303,1.50522089005,-0.193523019552,0.134474277496,0.793798267841,-0.560669183731
0.674460053444,-0.0554196536541,1.50529277325,-0.19368635118,0.134757176042,0.793514549732,-0.560946404934
0.674336373806,-0.0552568733692,1.50536847115,-0.193863943219,0.135036990047,0.793423235416,-0.560946941376
0.674304544926,-0.0551248900592,1.50587689877,-0.194392994046,0.134945496917,0.79468113184,-0.559001803398
0.67422503233,-0.0550022982061,1.50583350658,-0.194541782141,0.135413244367,0.794465839863,-0.559142947197
0.674096107483,-0.0549400374293,1.50580787659,-0.194636106491,0.136005043983,0.794566988945,-0.558822751045
0.673955023289,-0.0547418966889,1.50575876236,-0.194926574826,0.136052086949,0.794745266438,-0.55845618248
0.673802912235,-0.0545267760754,1.5057092905,-0.19527362287,0.136254414916,0.7945099473,-0.558620631695
0.673569500446,-0.0543191358447,1.50546181202,-0.195363804698,0.136279836297,0.794497668743,-0.558600246906
0.673436462879,-0.0541808977723,1.50541102886,-0.195423826575,0.137096524239,0.794302523136,-0.558657050133
0.672295510769,-0.0534202083945,1.5050342083,-0.194031596184,0.134941920638,0.794923603535,-0.558783352375
0.67308229208,-0.0537024587393,1.5053331852,-0.196370720863,0.137919709086,0.79431194067,-0.558108568192
0.67200756073,-0.0529754236341,1.50492238998,-0.195088163018,0.135992765427,0.794953465462,-0.558117806911
0.672787427902,-0.0532197207212,1.50523781776,-0.197361260653,0.139109835029,0.794707357883,-0.556899726391
0.672602057457,-0.0529456660151,1.5051664114,-0.197722300887,0.139748185873,0.794861316681,-0.556391835213
0.67243295908,-0.0528193674982,1.50478506088,-0.197274342179,0.140897139907,0.794535160065,-0.556726694107
0.672474205494,-0.051662761718,1.50473964214,-0.199110910296,0.140338540077,0.794165611267,-0.556741297245
0.672290682793,-0.0513456314802,1.50462186337,-0.199508801103,0.14090681076,0.794305443764,-0.556255638599
0.672088444233,-0.0509786978364,1.50469219685,-0.199827313423,0.141492396593,0.794407129288,-0.555847346783
0.672050654888,-0.0507891848683,1.50472760201,-0.200046241283,0.142636567354,0.794210791588,-0.555756628513
0.671872317791,-0.0504145249724,1.50451910496,-0.200849577785,0.142391115427,0.79446542263,-0.55516576767
0.671735227108,-0.050059273839,1.50452196598,-0.201150268316,0.142917215824,0.794737160206,-0.554532408714
0.671652078629,-0.0496929809451,1.5043836832,-0.200640365481,0.144103437662,0.795240044594,-0.553688526154
0.671412169933,-0.0492113530636,1.50426220894,-0.20063701272,0.144369840622,0.795381426811,-0.553417265415
0.671149551868,-0.0489541254938,1.50425231457,-0.200427338481,0.144926831126,0.795231580734,-0.553562819958
0.67108219862,-0.0485463775694,1.50424647331,-0.200592130423,0.145676240325,0.795182406902,-0.55337703228
0.670929968357,-0.0482402555645,1.50464427471,-0.200736194849,0.146831318736,0.795699357986,-0.55227547884
0.670852065086,-0.0478707626462,1.50435483456,-0.200583845377,0.146794945002,0.795828282833,-0.552154481411
0.671253502369,-0.0471429973841,1.50432157516,-0.201480209827,0.147378116846,0.79528516531,-0.552455425262
0.670618057251,-0.0470890253782,1.5045799017,-0.200034111738,0.147978648543,0.796341657639,-0.551297307014
0.670521140099,-0.0466941446066,1.50458049774,-0.199941694736,0.14838527143,0.796356916428,-0.551199615002
0.67045378685,-0.0463376194239,1.50454843044,-0.199844434857,0.148608744144,0.796213626862,-0.551381587982
0.670350790024,-0.0459263026714,1.50452649593,-0.199367880821,0.148880705237,0.796258866787,-0.551415324211
0.670332968235,-0.0454952940345,1.50445961952,-0.199174627662,0.148986250162,0.796643257141,-0.550901293755
0.670288085938,-0.0450928881764,1.50446355343,-0.199154436588,0.149415016174,0.796663880348,-0.550762534142
0.670219421387,-0.0446562618017,1.50443708897,-0.198726713657,0.149699896574,0.796725392342,-0.550750792027
0.670239925385,-0.0442399382591,1.50440657139,-0.198699891567,0.149973481894,0.796648383141,-0.550797343254
0.6702054739,-0.0437909774482,1.50427651405,-0.19855967164,0.150068983436,0.796429395676,-0.551138579845
0.67020368576,-0.0432165935636,1.50402021408,-0.198128417134,0.150020226836,0.796460449696,-0.551262080669
0.670270204544,-0.0429596267641,1.50429153442,-0.198161140084,0.150789484382,0.796067535877,-0.551607906818
0.670640945435,-0.0424898192286,1.50458800793,-0.198821365833,0.151281386614,0.795578241348,-0.551941514015
0.670741140842,-0.0420581400394,1.50478470325,-0.198690652847,0.151381060481,0.795037686825,-0.552739620209
0.670571804047,-0.041631385684,1.5046274662,-0.197431072593,0.150621652603,0.794666647911,-0.553930461407
0.670686841011,-0.0411244183779,1.50476431847,-0.196258500218,0.149793222547,0.794161140919,-0.555295109749
0.671300888062,-0.0406977757812,1.50516366959,-0.195737689734,0.149432852864,0.793096542358,-0.557094573975
0.671120762825,-0.0401827767491,1.5049880743,-0.193277001381,0.147435352206,0.792777895927,-0.558936476707
0.671610951424,-0.03953358531,1.50502192974,-0.191546916962,0.145780175924,0.791443288326,-0.561850130558
0.671564459801,-0.0392777696252,1.5053704977,-0.188603758812,0.144050389528,0.791145145893,-0.563708782196
0.672209560871,-0.0386546589434,1.50578379631,-0.186861738563,0.142152696848,0.78958183527,-0.56695318222
0.672138035297,-0.0381516255438,1.50576210022,-0.183604121208,0.138538166881,0.788651227951,-0.570198118687
0.672526240349,-0.0376197360456,1.50602030754,-0.18062838912,0.136087581515,0.787380278111,-0.573485732079
0.672827899456,-0.0371820107102,1.5061057806,-0.177054867148,0.133386045694,0.786109626293,-0.576967477798
0.673606276512,-0.0367001518607,1.506472826,-0.174564287066,0.131191954017,0.784100532532,-0.580949604511
0.673857271671,-0.0363591723144,1.50667500496,-0.170071989298,0.128299638629,0.782744526863,-0.584744274616
0.674178421497,-0.0358818843961,1.50688672066,-0.166039705276,0.125199556351,0.781569302082,-0.588137209415
0.674518823624,-0.0356950424612,1.50723862648,-0.160546094179,0.123841069639,0.775760829449,-0.597564697266
0.674795806408,-0.0354225263,1.50735402107,-0.157451316714,0.12020778656,0.778437972069,-0.595645368099
0.675091683865,-0.0350136756897,1.50754988194,-0.153582051396,0.118287846446,0.775567650795,-0.600762248039
0.675273478031,-0.0347296223044,1.50777828693,-0.15022353828,0.11749459058,0.770389139652,-0.608381867409
0.675763726234,-0.0341819226742,1.50776028633,-0.144376635551,0.112404614687,0.769820153713,-0.611471712589
0.675964832306,-0.033720921725,1.50766074657,-0.140992313623,0.111320599914,0.764211773872,-0.61944270134
0.676301300526,-0.0331019535661,1.50799059868,-0.137646749616,0.108990468085,0.762799739838,-0.622343242168
0.676863908768,-0.0315266624093,1.50806057453,-0.135724917054,0.103446274996,0.76360219717,-0.622727453709
0.677125871181,-0.0314098447561,1.50833058357,-0.132625743747,0.103988416493,0.758089900017,-0.629997372627
0.677218496799,-0.0304438844323,1.5083425045,-0.129334583879,0.0988299027085,0.760122835636,-0.629061639309
0.677631318569,-0.0301781184971,1.5085978508,-0.12684892118,0.0996080935001,0.7542578578,-0.636461019516
0.677885055542,-0.0294922403991,1.50868284702,-0.1246560812,0.0976561158895,0.752622783184,-0.639126896858
0.678210914135,-0.0288754645735,1.50886237621,-0.122197151184,0.0961414054036,0.750171065331,-0.642703771591
0.678426206112,-0.0282425489277,1.50892341137,-0.119897201657,0.0944414287806,0.748600542545,-0.645215272903
0.678539097309,-0.0275015141815,1.50891780853,-0.117899134755,0.0925582721829,0.747316122055,-0.64734172821
0.678706049919,-0.0268507134169,1.50892484188,-0.115379028022,0.0911198332906,0.745210051537,-0.650420665741
0.678895950317,-0.0262203831226,1.5091458559,-0.113712646067,0.0903271064162,0.743406534195,-0.652883768082
0.679075241089,-0.0254871528596,1.50909042358,-0.112281613052,0.089091129601,0.741966307163,-0.654936373234
0.679083883762,-0.0249227341264,1.50914263725,-0.10998493433,0.0883150994778,0.73990124464,-0.657761394978
0.679349243641,-0.0239416118711,1.50923895836,-0.110583610833,0.088130839169,0.740307748318,-0.657228052616
0.679379820824,-0.0235011056066,1.50921463966,-0.107428923249,0.0869797542691,0.736828804016,-0.661798298359
0.679527580738,-0.022589655593,1.50909781456,-0.108015611768,0.0865140333772,0.73728042841,-0.661260604858
0.679287195206,-0.0219959747046,1.50896728039,-0.105984345078,0.0855274274945,0.736164093018,-0.662959218025
0.679124951363,-0.0216764789075,1.50892865658,-0.102419368923,0.0848294943571,0.731905519962,-0.668302774429
0.679155468941,-0.0211423747241,1.50889837742,-0.10094498843,0.08459828794,0.730124652386,-0.670500695705
0.679297626019,-0.020361950621,1.5088943243,-0.100888796151,0.0843939706683,0.728960394859,-0.671800553799
0.679238796234,-0.0195917654783,1.50887203217,-0.101340398192,0.0842230021954,0.729927062988,-0.670703530312
0.679281353951,-0.0190206523985,1.5088351965,-0.10050188005,0.0846286863089,0.728197276592,-0.672656178474
0.679193198681,-0.0186541620642,1.5087813139,-0.0979243814945,0.0839803591371,0.724680542946,-0.676901936531
0.679131269455,-0.0174023248255,1.50871944427,-0.0956748574972,0.0800618007779,0.730582535267,-0.671331167221
0.679220080376,-0.01651090011,1.50862932205,-0.096647143364,0.080247938633,0.731776475906,-0.669867753983
0.67925798893,-0.0159574840218,1.5085657835,-0.0965147390962,0.0802510902286,0.73081111908,-0.670939683914
0.678913772106,-0.0155672095716,1.50854027271,-0.0953992679715,0.0803141444921,0.729145348072,-0.672900974751
0.679203271866,-0.0153165329248,1.50848972797,-0.0939704850316,0.08082806319,0.725435614586,-0.677037477493
0.679289937019,-0.0154215302318,1.50842237473,-0.0954063460231,0.0849553570151,0.716084599495,-0.686223804951
0.679210603237,-0.0148189663887,1.50835561752,-0.0959709063172,0.0856574624777,0.717048764229,-0.68505012989
0.679121613503,-0.0136667583138,1.50823068619,-0.0935233309865,0.0816409140825,0.724246501923,-0.678273618221
0.67947024107,-0.0139981620014,1.50825667381,-0.0906273499131,0.0854422599077,0.720972299576,-0.681678473949
0.679132461548,-0.0132234916091,1.50816178322,-0.0914107561111,0.0823508054018,0.719248473644,-0.683772087097
0.679535031319,-0.0133366957307,1.50823616982,-0.0897892639041,0.0859383568168,0.719126999378,-0.683673143387
0.679257571697,-0.0122747998685,1.50809550285,-0.0918558239937,0.0828307420015,0.720276355743,-0.682571351528
0.679317176342,-0.012024667114,1.50805842876,-0.091601870954,0.0831690728664,0.719411313534,-0.683475971222
0.679335057735,-0.0120037216693,1.50781643391,-0.0897186771035,0.0827729254961,0.71617859602,-0.687158942223
0.679297089577,-0.0117882601917,1.50798118114,-0.089360371232,0.0830547213554,0.715579271317,-0.687795698643
0.67932754755,-0.0115865971893,1.50795960426,-0.0891966298223,0.082995288074,0.715097546577,-0.688325047493
0.679356753826,-0.0114201456308,1.5080165863,-0.0890759304166,0.0829614922404,0.714625477791,-0.68883484602
0.679420888424,-0.0112781263888,1.50795102119,-0.0889853164554,0.0828649029136,0.714174747467,-0.689325392246
0.679475724697,-0.0111348591745,1.50793147087,-0.089015878737,0.08259177953,0.713790714741,-0.68975186348
0.679449260235,-0.0108655281365,1.50789248943,-0.0901428982615,0.0823196396232,0.715800344944,-0.687551856041
0.67946344614,-0.0108308941126,1.50790774822,-0.0899773165584,0.0819656252861,0.715626895428,-0.687796413898
0.679508626461,-0.0108477529138,1.50787222385,-0.0897916406393,0.0814249962568,0.715356230736,-0.688166379929
0.67953401804,-0.0108634550124,1.50784564018,-0.0897163748741,0.0808085352182,0.715180933475,-0.688431024551
0.6795373559,-0.0111221559346,1.50786960125,-0.0879729166627,0.0801728069782,0.712953746319,-0.691035628319
0.679910421371,-0.011665372178,1.50789546967,-0.0865450054407,0.0829391330481,0.713522255421,-0.69030213356
0.680004358292,-0.0117604732513,1.50792264938,-0.0867859423161,0.0825389400125,0.713390469551,-0.690456032753
0.679671347141,-0.0113662425429,1.50774693489,-0.0880893617868,0.0783668681979,0.712997317314,-0.691182971001
0.67980825901,-0.0122909583151,1.50786626339,-0.0900010466576,0.0825955495238,0.703831374645,-0.699785113335
0.679831027985,-0.012426994741,1.5078305006,-0.0901532694697,0.0819877460599,0.703563868999,-0.700105965137
0.679838061333,-0.0125866364688,1.50779426098,-0.0903503894806,0.0813821107149,0.703113496304,-0.700603485107
0.67994004488,-0.0124987475574,1.50775551796,-0.0924765616655,0.0810042843223,0.705114364624,-0.69835537672
0.680021822453,-0.0126450490206,1.50759840012,-0.0928645730019,0.080453068018,0.704977154732,-0.698506057262
0.67998790741,-0.0128020122647,1.50757336617,-0.0931341648102,0.0795409604907,0.704630672932,-0.698924183846
0.679985284805,-0.0132151208818,1.50764274597,-0.0916448011994,0.0789198428392,0.7019982934,-0.701834440231
0.680389165878,-0.0129137933254,1.5077136755,-0.0910165384412,0.0775294303894,0.712770998478,-0.691131711006
0.68033772707,-0.01304849796,1.50760018826,-0.0910131037235,0.0766386762261,0.71247535944,-0.691536009312
0.680363714695,-0.0134171806276,1.50774395466,-0.0907749310136,0.0763004422188,0.712540209293,-0.69153803587
0.680416762829,-0.0135335102677,1.5076212883,-0.0909163430333,0.0754029601812,0.712318181992,-0.691846489906
0.680138170719,-0.0140583049506,1.50769662857,-0.0939456522465,0.0759303048253,0.702977120876,-0.700879573822
0.680404186249,-0.0140119623393,1.50770270824,-0.0912323966622,0.073884434998,0.711187779903,-0.693130373955
0.680177509785,-0.0145643018186,1.50783991814,-0.0938294306397,0.0747754871845,0.702417016029,-0.701580345631
0.680083453655,-0.0148261543363,1.50792944431,-0.0937362760305,0.0743898302317,0.702349901199,-0.701701045036
0.680060684681,-0.015130886808,1.50798130035,-0.0935874059796,0.0741193592548,0.70234978199,-0.701749622822
0.680005431175,-0.0154530405998,1.50803649426,-0.0931199043989,0.0734582841396,0.701894819736,-0.702336251736
0.679977715015,-0.0157600343227,1.50808370113,-0.0930140018463,0.0729397162795,0.701726317406,-0.702572643757
0.679879963398,-0.0163183957338,1.5081666708,-0.0909808799624,0.0723465904593,0.699698925018,-0.704918503761
0.679872453213,-0.0163980964571,1.50819385052,-0.0926525369287,0.0721226558089,0.701601743698,-0.702829301357
0.679791510105,-0.017004782334,1.50818669796,-0.0907526686788,0.0714306235313,0.699548602104,-0.705190300941
0.67987793684,-0.0173336900771,1.50824177265,-0.0911283865571,0.0711944103241,0.699255883694,-0.705455958843
0.679891228676,-0.0176537185907,1.50825369358,-0.0911492183805,0.0708349496126,0.699265897274,-0.705479621887
0.679882586002,-0.0180429834872,1.50832033157,-0.091148480773,0.0702873915434,0.699579775333,-0.70522326231
0.679898679256,-0.0183410719037,1.50833201408,-0.0912154987454,0.0696572810411,0.699755370617,-0.705103039742
0.679825901985,-0.0181517768651,1.50844681263,-0.089611761272,0.0653765425086,0.707648396492,-0.697803378105
0.679872810841,-0.018576733768,1.50848996639,-0.0898254737258,0.0651174709201,0.708016991615,-0.697426199913
0.67997699976,-0.0196611192077,1.50853252411,-0.0920090228319,0.069014325738,0.699986457825,-0.704833626747
0.679930686951,-0.0190639775246,1.50842022896,-0.0924202352762,0.0641418322921,0.710323929787,-0.694826960564
0.679577589035,-0.0198888983577,1.50842928886,-0.0902444496751,0.0633478909731,0.708477556705,-0.697067141533
0.679809331894,-0.0204033069313,1.50848639011,-0.0907199606299,0.0633513703942,0.708447635174,-0.697035610676
0.680179595947,-0.020923813805,1.50867164135,-0.0916705280542,0.0636593699455,0.708757698536,-0.696567773819
0.680279493332,-0.0214957892895,1.50870609283,-0.092223636806,0.0631989911199,0.708299219608,-0.697002887726
0.680291652679,-0.0220466628671,1.50878047943,-0.0920117422938,0.0627647340298,0.708548307419,-0.696817040443
0.68052059412,-0.0230974890292,1.5088326931,-0.0958190634847,0.0665295943618,0.703289031982,-0.701268196106
0.68041986227,-0.0228275097907,1.50860548019,-0.0946167036891,0.0610603429377,0.71127820015,-0.693831920624
0.680118024349,-0.023783525452,1.50858640671,-0.0923945754766,0.0598575621843,0.709047436714,-0.696514248848
0.680654287338,-0.0243620090187,1.5086619854,-0.0935138314962,0.0601782202721,0.708876490593,-0.69651132822
0.680547237396,-0.0248149782419,1.50874352455,-0.0952889844775,0.0590379014611,0.710955858231,-0.694245219231
0.681012034416,-0.0256454274058,1.50883376598,-0.0945172682405,0.0587255358696,0.709657967091,-0.695703566074
0.681248903275,-0.0262818858027,1.50901556015,-0.0952790677547,0.0584112852812,0.70907086134,-0.69622451067
0.68154501915,-0.0273605007678,1.50888597965,-0.0994074940681,0.0619323067367,0.703783392906,-0.70069360733
0.681284308434,-0.0273711569607,1.50901722908,-0.0973264500499,0.0568899996579,0.711890816689,-0.693183004856
0.681523561478,-0.028756968677,1.508867383,-0.100017540157,0.0604730807245,0.703890919685,-0.700626313686
0.681868076324,-0.0289427954704,1.50867855549,-0.0977869704366,0.0556482486427,0.709554493427,-0.695610165596
0.682219207287,-0.0304775834084,1.50881552696,-0.100106157362,0.0599037259817,0.701640546322,-0.70291608572
0.682443916798,-0.0301659144461,1.50879347324,-0.101016826928,0.055064227432,0.711979925632,-0.692710697651
0.682681381702,-0.0308776572347,1.50880646706,-0.101455196738,0.0544938705862,0.712714254856,-0.691936075687
0.682876467705,-0.0323848165572,1.50894987583,-0.103639282286,0.0581959970295,0.705656528473,-0.698513507843
0.683173060417,-0.0324471481144,1.50901043415,-0.102518446743,0.0537166781723,0.71313136816,-0.69141036272
0.683491051197,-0.0334919765592,1.5090161562,-0.10141403228,0.0533922277391,0.711103200912,-0.693683385849
0.683832943439,-0.0342148281634,1.50902891159,-0.102706938982,0.0527217201889,0.710765421391,-0.693890690804
0.684331476688,-0.0353083908558,1.50910115242,-0.103280670941,0.0542799048126,0.710625112057,-0.693829238415
0.684605896473,-0.0358560532331,1.50915288925,-0.105343803763,0.0539436638355,0.713875293732,-0.690199136734
0.685152769089,-0.0368319451809,1.50928223133,-0.105032533407,0.0548491813242,0.715314924717,-0.68868303299
0.685311794281,-0.0382500700653,1.50939035416,-0.106885626912,0.0558341555297,0.70562928915,-0.698244452477
0.685475945473,-0.0390620417893,1.50919008255,-0.107114776969,0.0552119463682,0.705833077431,-0.698052763939
0.685944139957,-0.0397977381945,1.50913417339,-0.107689350843,0.0541831068695,0.706795871258,-0.697070360184
0.686193108559,-0.0404381938279,1.50930798054,-0.109854467213,0.0536918640137,0.710965931416,-0.692514836788
0.686417281628,-0.0411619357765,1.50923204422,-0.109962970018,0.0527382791042,0.711496591568,-0.692025542259
0.68679279089,-0.0420389585197,1.50924253464,-0.110281839967,0.0522507689893,0.711759984493,-0.691741108894
0.687293589115,-0.04278627038,1.50916385651,-0.111143320799,0.051615588367,0.712104618549,-0.691295921803
0.687583684921,-0.0439988151193,1.50919437408,-0.109819926322,0.0511960797012,0.710128724575,-0.69356751442
0.687896728516,-0.0448297895491,1.50908207893,-0.110029950738,0.0506110042334,0.710689067841,-0.69300276041
0.688303053379,-0.0454850457609,1.50903964043,-0.11102668196,0.0496855899692,0.711502432823,-0.692075669765
0.68861925602,-0.0463621728122,1.50906383991,-0.111185617745,0.0490757860243,0.712299525738,-0.691273272038
0.68905299902,-0.0470739528537,1.50917863846,-0.112449578941,0.0486558713019,0.712771296501,-0.690611958504
0.689328610897,-0.0479053296149,1.50916051865,-0.112662412226,0.0477825328708,0.71362811327,-0.689752757549
0.689696371555,-0.0488444305956,1.50918292999,-0.113267034292,0.0473179146647,0.714029550552,-0.689270198345
0.690012395382,-0.0496421456337,1.5092035532,-0.113701343536,0.0467718504369,0.714877665043,-0.688356280327
0.690276622772,-0.0504341870546,1.50919187069,-0.114344879985,0.0461997389793,0.715050697327,-0.688108682632
0.690629720688,-0.0512213967741,1.50903105736,-0.114829652011,0.0452915430069,0.71523219347,-0.687899529934
0.691291093826,-0.0518570505083,1.50916898251,-0.116693206131,0.044914893806,0.715331554413,-0.687507271767
0.69167971611,-0.0527073554695,1.50934207439,-0.117242664099,0.0444156937301,0.715618133545,-0.687147915363
0.690616309643,-0.0541638284922,1.50938177109,-0.112905800343,0.0424555763602,0.716421067715,-0.687161326408
0.690809369087,-0.0548587590456,1.50925135612,-0.113255776465,0.0407666563988,0.717032730579,-0.686567783356
0.691221475601,-0.0553379096091,1.50917053223,-0.115556582808,0.0399860031903,0.719646751881,-0.683488428593
0.69135338068,-0.0556460730731,1.50948512554,-0.113264247775,0.0357271283865,0.726154148579,-0.67719656229
0.691585719585,-0.0562323592603,1.5094076395,-0.114091709256,0.0346706584096,0.726183950901,-0.677080631256
0.691850781441,-0.0572717599571,1.50945854187,-0.112987525761,0.0337975993752,0.72366976738,-0.679995298386
0.692234992981,-0.0580179989338,1.50936448574,-0.113910079002,0.0331519320607,0.723413646221,-0.6801456213
0.692528247833,-0.0588391646743,1.50970160961,-0.114593923092,0.0329965911806,0.722941756248,-0.680539906025
0.692859172821,-0.0596028789878,1.50978147984,-0.11519753933,0.0324526131153,0.723086595535,-0.680310368538
0.69315713644,-0.0602519251406,1.50977659225,-0.116255655885,0.0317498780787,0.722585499287,-0.680695712566
0.693340778351,-0.0609584935009,1.5097887516,-0.116562515497,0.0311374552548,0.722170770168,-0.681111633778
0.693564772606,-0.0617689304054,1.50969934464,-0.116890944541,0.0306834038347,0.721803069115,-0.681465685368
0.693778634071,-0.0624048784375,1.50968456268,-0.117721475661,0.0296519063413,0.721450030804,-0.68174213171
0.694050848484,-0.063109613955,1.50977408886,-0.118477411568,0.0295850541443,0.721309900284,-0.681762516499
0.694353938103,-0.0637197196484,1.50959432125,-0.119839094579,0.028862433508,0.720825374126,-0.682067811489
0.694536149502,-0.0643813982606,1.50955867767,-0.12036537379,0.0282252002507,0.720367193222,-0.682485640049
0.694822847843,-0.0651480332017,1.50965213776,-0.1213041991,0.0288101658225,0.719331562519,-0.683386623859
0.69497013092,-0.0657670646906,1.50967955589,-0.121906124055,0.0281071066856,0.718976438046,-0.683682441711
0.695716381073,-0.066682934761,1.5096539259,-0.122454024851,0.0301909260452,0.720442712307,-0.68195015192
0.695633113384,-0.0675514638424,1.50971662998,-0.126648977399,0.031138939783,0.712014198303,-0.689946532249
0.695854127407,-0.0675534233451,1.50966417789,-0.125361159444,0.0275107827038,0.71779602766,-0.68432199955
0.695983171463,-0.0681939721107,1.50972020626,-0.126191824675,0.0276141371578,0.716937303543,-0.685065031052
0.696224987507,-0.0689398124814,1.50986051559,-0.126950398088,0.0276998113841,0.716328024864,-0.68555855751
0.696280479431,-0.0694397762418,1.50976669788,-0.127735510468,0.0276425983757,0.715633094311,-0.686140537262
0.696690142155,-0.0706205368042,1.50983977318,-0.131518870592,0.0310242790729,0.708675384521,-0.692473590374
0.696713864803,-0.070546105504,1.50974225998,-0.130107611418,0.027189668268,0.714359104633,-0.687040030956
0.697071433067,-0.0711888894439,1.51001095772,-0.131958290935,0.027761714533,0.713361501694,-0.687700212002
0.697275042534,-0.0716981738806,1.50996005535,-0.133126631379,0.0275138039142,0.712509036064,-0.688368558884
0.697361290455,-0.0722350180149,1.50996541977,-0.134070664644,0.0274415742606,0.711268603802,-0.689469993114
0.697714447975,-0.0728550851345,1.51001465321,-0.135826170444,0.0273208674043,0.710524201393,-0.689898729324
0.697834432125,-0.0734037980437,1.50997436047,-0.137117564678,0.0274180788547,0.709257483482,-0.690941989422
0.698222875595,-0.0744169354439,1.50989091396,-0.141226381063,0.0301986020058,0.702043712139,-0.697336375713
0.698291778564,-0.0744014233351,1.50993037224,-0.140526741743,0.0267401728779,0.70655053854,-0.693053901196
0.698429346085,-0.0748056471348,1.50993645191,-0.142169177532,0.0259099267423,0.705117940903,-0.694208502769
0.698725998402,-0.0754187330604,1.51006472111,-0.143775969744,0.0260053910315,0.703162372112,-0.695855557919
0.698783516884,-0.0758711770177,1.50981783867,-0.145486816764,0.0250257439911,0.701412677765,-0.697300136089
0.698881447315,-0.0764112100005,1.50999283791,-0.146424040198,0.0246957857162,0.699207365513,-0.699327647686
0.699045658112,-0.0768903940916,1.50985455513,-0.14841529727,0.0238454509526,0.697201013565,-0.700938761234
0.699331760406,-0.0773230791092,1.51000332832,-0.150261893868,0.0237099677324,0.695438206196,-0.702299714088
0.699432432652,-0.0777656883001,1.50999605656,-0.151802450418,0.0228194184601,0.693733990192,-0.703682005405
0.699495911598,-0.0783271491528,1.50998771191,-0.152761548758,0.022232497111,0.691563546658,-0.705627083778
0.699671149254,-0.078736551106,1.509781003,-0.153995275497,0.0211847648025,0.689754962921,-0.707159698009
0.699860572815,-0.0792171657085,1.50992798805,-0.154785558581,0.0207011699677,0.687801063061,-0.708902478218
0.699977517128,-0.07957726717,1.50991630554,-0.155666485429,0.019418084994,0.686023950577,-0.71046602726
0.70013666153,-0.0801390260458,1.50991499424,-0.156008839607,0.0192487612367,0.683844685555,-0.712493598461
0.700304746628,-0.0803022682667,1.50967228413,-0.157158091664,0.017927614972,0.682363927364,-0.713694393635
0.700437009335,-0.0808938741684,1.50992643833,-0.159383445978,0.016586298123,0.678472280502,-0.716935932636
0.700559914112,-0.0810343250632,1.50969731808,-0.159840151668,0.0152520164847,0.676918625832,-0.71833127737
0.700822591782,-0.0815511867404,1.50999009609,-0.160548061132,0.015074162744,0.675834536552,-0.719197452068
0.700949311256,-0.0819490104914,1.50997138023,-0.160447105765,0.014340152964,0.674463450909,-0.720520615578
0.701053440571,-0.0822402536869,1.50997257233,-0.160601556301,0.0135540757328,0.673466145992,-0.721433877945
0.701216578484,-0.0825715512037,1.5099773407,-0.158613994718,0.0134455934167,0.674794495106,-0.720633804798
0.701350748539,-0.0829432159662,1.51000988483,-0.158269703388,0.0129018193111,0.673628866673,-0.721809208393
0.701549947262,-0.0833694338799,1.51010143757,-0.160128489137,0.0114179411903,0.670584380627,-0.724254906178
0.701639056206,-0.0834740102291,1.51007282734,-0.159809827805,0.0103976884857,0.671100258827,-0.72386264801
0.701782226562,-0.0837855935097,1.51007509232,-0.157974481583,0.0107730114833,0.672382891178,-0.723069369793
0.701850414276,-0.0840029790998,1.51008784771,-0.158024951816,0.00963115971535,0.671684980392,-0.723722815514
0.701834440231,-0.0848015248775,1.51008486748,-0.155768185854,0.00944901350886,0.669396936893,-0.726329624653
0.702047944069,-0.0851024761796,1.51017248631,-0.15595073998,0.00923455134034,0.66913485527,-0.726534664631
0.702127158642,-0.0852697268128,1.51013278961,-0.155922740698,0.00835346803069,0.668806374073,-0.726853787899
0.702074706554,-0.0855145901442,1.51012301445,-0.157508313656,0.00660866172984,0.666051506996,-0.729056179523
0.702239513397,-0.0857581868768,1.51010978222,-0.155571475625,0.00728294579312,0.668014645576,-0.727668225765
0.702247083187,-0.0858612582088,1.51013493538,-0.157983735204,0.00525307701901,0.665435194969,-0.729527056217
0.702462434769,-0.0861194580793,1.51016557217,-0.15649305284,0.00628669885918,0.667271375656,-0.728161752224
0.70247977972,-0.0864081084728,1.51010549068,-0.156200602651,0.00597033882514,0.666480362415,-0.728951156139
0.702503859997,-0.0866135507822,1.51010036469,-0.156327396631,0.00560746481642,0.665965914726,-0.729396820068
0.702532172203,-0.0866968482733,1.51012563705,-0.156980991364,0.00489707989618,0.665733158588,-0.729474067688
0.702517449856,-0.0868844389915,1.5101827383,-0.157358303666,0.00462057255208,0.665270626545,-0.729816496372
0.702502906322,-0.0869127586484,1.51005613804,-0.15792055428,0.00396046973765,0.664635717869,-0.730277240276
0.702583670616,-0.0872853323817,1.51023030281,-0.158383026719,0.00424662372097,0.664041101933,-0.73071628809
0.702431082726,-0.0873890072107,1.51020121574,-0.161024466157,0.00285037467256,0.660850763321,-0.73303425312
0.702435970306,-0.0875018462539,1.5102057457,-0.161792248487,0.0028420353774,0.66044819355,-0.73322814703
0.7024923563,-0.0876820534468,1.51024973392,-0.160351246595,0.00380477192812,0.662505149841,-0.731683075428
0.702388048172,-0.0876626521349,1.51022982597,-0.160785272717,0.00201233732514,0.663044273853,-0.731106340885
0.702336728573,-0.0878394022584,1.5102199316,-0.160993739963,0.00185899389908,0.662537693977,-0.73151999712
0.70229780674,-0.0879144668579,1.51021003723,-0.161476776004,0.00155061099213,0.662240684032,-0.731683075428
0.702295660973,-0.0879762768745,1.51020586491,-0.162244290113,0.00143948674668,0.662099540234,-0.731641352177
0.702276587486,-0.0880752131343,1.51022672653,-0.162716731429,0.00158347492106,0.66169989109,-0.731897592545
0.702259659767,-0.088047362864,1.51015663147,-0.163489550352,0.00149339961354,0.661623060703,-0.731794953346
0.702216863632,-0.0882115140557,1.51018297672,-0.163725465536,0.00167266791686,0.66126960516,-0.732061326504
0.702106714249,-0.0883122086525,1.51015794277,-0.163875758648,0.0016493764706,0.661022305489,-0.732251107693
0.70196646452,-0.0882457941771,1.50993454456,-0.16401322186,0.0013461378403,0.660598576069,-0.732603192329
0.701989650726,-0.0884215310216,1.51014697552,-0.164587274194,0.00183261127677,0.660592615604,-0.732478737831
0.701976835728,-0.088409870863,1.51009595394,-0.165047034621,0.00185150455218,0.660455286503,-0.73249912262
0.701925992966,-0.0884387940168,1.51009774208,-0.165308102965,0.00195763027295,0.660382091999,-0.732506036758
0.701866447926,-0.0884670317173,1.51009631157,-0.165502727032,0.00203965115361,0.660296022892,-0.732539236546
0.701751887798,-0.0884770900011,1.51009261608,-0.165569022298,0.00201443093829,0.660240054131,-0.732574939728
0.701690733433,-0.0885593295097,1.51015198231,-0.165696039796,0.00230321963318,0.660228729248,-0.732555508614
0.701655328274,-0.0885640978813,1.51012659073,-0.166088834405,0.00262061110698,0.659927129745,-0.73273730278
0.701438784599,-0.0885410904884,1.50998234749,-0.168081924319,0.00135311041959,0.6573548913,-0.734595954418
0.701413452625,-0.0885359495878,1.50995123386,-0.167885690928,0.00173644756433,0.658055245876,-0.734012663364
0.701389551163,-0.088466450572,1.50996375084,-0.168528810143,0.00203445763327,0.658427834511,-0.733530342579
0.701382219791,-0.0885535478592,1.50997555256,-0.16721585393,0.00375076942146,0.659718394279,-0.732663929462
0.701275527477,-0.0886081159115,1.51009118557,-0.167469516397,0.00418071681634,0.659903764725,-0.732436716557
0.701212286949,-0.0886266082525,1.51008701324,-0.167690336704,0.00454023852944,0.659886658192,-0.732399582863
0.701056778431,-0.0884502977133,1.50985741615,-0.167895138264,0.00440505845472,0.659712910652,-0.73251003027
0.701002240181,-0.0885195955634,1.51007795334,-0.168343245983,0.00526098161936,0.659473180771,-0.732617259026
0.700841724873,-0.0885621234775,1.50987517834,-0.168690219522,0.00562678044662,0.658807992935,-0.733132898808
0.70071965456,-0.088606826961,1.50987648964,-0.169083058834,0.0060742450878,0.658519506454,-0.733298122883
0.700674951077,-0.0886713266373,1.50999128819,-0.169681891799,0.00682682590559,0.658244669437,-0.733399927616
0.70056283474,-0.0885693207383,1.50999009609,-0.170848369598,0.00717521458864,0.658702552319,-0.732714354992
0.700485527515,-0.0888583511114,1.51012825966,-0.17137567699,0.00870556104928,0.658055126667,-0.733156204224
0.700323939323,-0.0889306738973,1.51012027264,-0.171876832843,0.00932508986443,0.657519340515,-0.733511984348
0.700140297413,-0.089059792459,1.51029467583,-0.172311678529,0.0100798020139,0.657202541828,-0.73368370533
0.700003802776,-0.0887566506863,1.51032960415,-0.174180790782,0.0103735262528,0.65808314085,-0.732447981834
0.699800848961,-0.0888211727142,1.51035928726,-0.174839943647,0.010960271582,0.657853484154,-0.732488751411
0.699665248394,-0.0888099372387,1.51038265228,-0.175704792142,0.0113898282871,0.657982587814,-0.732159137726
0.699485480785,-0.0888890773058,1.51038217545,-0.176076695323,0.0116809550673,0.657853066921,-0.732181668282
0.699317574501,-0.0888466387987,1.51038753986,-0.175817534328,0.0117864236236,0.655795156956,-0.734085917473
0.698928415775,-0.0889118611813,1.51030015945,-0.17573350668,0.0117660257965,0.655527770519,-0.734345078468
0.698689579964,-0.0890798792243,1.51033639908,-0.176746308804,0.0121482769027,0.657435894012,-0.732387423515
0.698615550995,-0.0892039835453,1.51053798199,-0.176958620548,0.0125683872029,0.657362759113,-0.732394754887
0.698393940926,-0.0892857536674,1.51056981087,-0.176845699549,0.0125794084743,0.6572509408,-0.732522189617
0.698169529438,-0.0893370881677,1.51057243347,-0.176695972681,0.0123628135771,0.657168209553,-0.732636094093
0.69785875082,-0.089249484241,1.51042854786,-0.176403865218,0.0118045927957,0.656984984875,-0.7328799963
0.697350859642,-0.089813105762,1.51032888889,-0.17400456965,0.0118641275913,0.655339062214,-0.734923362732
0.697322368622,-0.0902461856604,1.5105650425,-0.173810973763,0.0127753168344,0.654701411724,-0.735522031784
0.697092413902,-0.0902097970247,1.51048970222,-0.173617139459,0.012471168302,0.654305696487,-0.735925078392
0.696861684322,-0.0903682857752,1.51063120365,-0.173321321607,0.0125662973151,0.654102385044,-0.736173868179
0.696653783321,-0.0904375463724,1.51075410843,-0.173458755016,0.0124344453216,0.654261887074,-0.736001908779
0.696291327477,-0.0905077829957,1.51066660881,-0.173035010695,0.0120277600363,0.65417945385,-0.736181616783
0.696091890335,-0.0906438976526,1.51075637341,-0.17279291153,0.0119217736647,0.654055297375,-0.736350655556
0.695967316628,-0.0905777066946,1.51080060005,-0.172913014889,0.011513276957,0.653779625893,-0.736573755741
0.695872426033,-0.0909132733941,1.51116287708,-0.172825530171,0.0118497880176,0.653663337231,-0.736692011356
0.695635378361,-0.0908077210188,1.51097750664,-0.172691807151,0.0110730715096,0.653325378895,-0.737035214901
0.695243477821,-0.0909571424127,1.51087391376,-0.172213554382,0.0104319890961,0.65288579464,-0.737545788288
0.695071935654,-0.0912192314863,1.51090276241,-0.171795397997,0.0103967161849,0.652276217937,-0.738182961941
0.695137798786,-0.0916542038321,1.51129412651,-0.171727076173,0.0109371580184,0.652013003826,-0.738423466682
0.695000052452,-0.091808244586,1.51133263111,-0.171683996916,0.010566948913,0.651713073254,-0.738703608513
0.694685041904,-0.0920221582055,1.5112234354,-0.171404734254,0.00975277740508,0.65135127306,-0.739098727703
0.694557607174,-0.092276237905,1.51125025749,-0.171349450946,0.00941202137619,0.650978088379,-0.739444673061
0.694458723068,-0.0925455316901,1.51125109196,-0.171356081963,0.00921595934778,0.650320649147,-0.740023970604
0.694341421127,-0.0928316786885,1.51125943661,-0.171177521348,0.00889405049384,0.649833798409,-0.740496695042
0.694052755833,-0.0927615612745,1.51103699207,-0.171373784542,0.00765099190176,0.649408817291,-0.740837872028
0.69391477108,-0.0929597467184,1.51071453094,-0.171383678913,0.00679364753887,0.648943960667,-0.741251170635
0.693869054317,-0.0931272879243,1.51067006588,-0.172087579966,0.00625183526427,0.648137807846,-0.741798043251
0.693801403046,-0.0934163630009,1.5106524229,-0.172295182943,0.00576021661982,0.647299766541,-0.742485165596
0.693830966949,-0.0937870740891,1.51062512398,-0.172449171543,0.00554381916299,0.646773040295,-0.742909908295
0.693742275238,-0.0940170064569,1.51057898998,-0.172649160028,0.00506520411,0.646243572235,-0.74332767725
0.693620920181,-0.0942526161671,1.51053321362,-0.173027485609,0.00445431144908,0.645343840122,-0.744024932384
0.693599164486,-0.0945672765374,1.510638237,-0.173386827111,0.00370203494094,0.644684612751,-0.744516670704
0.693487823009,-0.0948580875993,1.51059758663,-0.173672020435,0.00317213707604,0.644376575947,-0.744719326496
0.693392395973,-0.0953469350934,1.5107023716,-0.173650473356,0.00266203097999,0.643690407276,-0.745319485664
0.693303406239,-0.0956283584237,1.51060712337,-0.174150213599,0.00208545196801,0.642259657383,-0.746438145638
0.693219184875,-0.0960066914558,1.51050806046,-0.174422159791,0.00169118109625,0.641342878342,-0.74716347456
0.693121314049,-0.0963636040688,1.51041519642,-0.174649119377,0.00103892327752,0.640637934208,-0.74771630764
0.692937672138,-0.0966763347387,1.51031112671,-0.175129905343,0.000195695072762,0.639877021313,-0.748255848885
0.692683160305,-0.097003929317,1.51014435291,-0.175076037645,-0.000707146013156,0.639208436012,-0.748839437962
0.692461490631,-0.0973864421248,1.51002514362,-0.17507058382,-0.00152826856356,0.638585627079,-0.749370872974
0.692457020283,-0.0977565720677,1.50990819931,-0.175836190581,-0.00159504765179,0.6374309659,-0.750173926353
0.692173361778,-0.0981148630381,1.50965237617,-0.176239848137,-0.00220873625949,0.636434137821,-0.750923633575
0.691970944405,-0.0984431654215,1.50959634781,-0.17667645216,-0.00293780537322,0.635718107224,-0.751424849033
0.691853404045,-0.0989563763142,1.50948500633,-0.176994517446,-0.00301176635548,0.634824931622,-0.752104401588
0.691384911537,-0.0992268919945,1.50940227509,-0.177098423243,-0.00415071984753,0.633518993855,-0.753175079823
0.691301941872,-0.0995518863201,1.50936031342,-0.178360387683,-0.00407013902441,0.63263708353,-0.753618836403
0.691110253334,-0.0998659133911,1.50928974152,-0.179139450192,-0.00430852174759,0.632422089577,-0.753613293171
0.69083070755,-0.10018107295,1.50921618938,-0.179917380214,-0.0046942839399,0.631678044796,-0.754049479961
0.690533876419,-0.100492037833,1.5091342926,-0.18074990809,-0.00477520190179,0.630540430546,-0.754801630974
0.690260648727,-0.100983262062,1.50896906853,-0.180764481425,-0.00478046946228,0.629659593105,-0.755533099174
0.689969480038,-0.101233296096,1.50889372826,-0.181929692626,-0.0049570100382,0.628638505936,-0.756102383137
0.689743101597,-0.101392693818,1.50898301601,-0.183280035853,-0.00495660491288,0.627938985825,-0.756357371807
0.689245998859,-0.101578302681,1.50881314278,-0.184324577451,-0.00524799432606,0.6274304986,-0.756523668766
0.68897986412,-0.101944595575,1.50891947746,-0.185236290097,-0.0048141470179,0.625840485096,-0.757619976997
0.688510656357,-0.102228820324,1.508644104,-0.185556814075,-0.00489565869793,0.624586224556,-0.758575558662
0.688115298748,-0.102398782969,1.50875043869,-0.186893433332,-0.00429836520925,0.623558402061,-0.759096443653
0.687657058239,-0.102565951645,1.50869190693,-0.187626242638,-0.00425604404882,0.622910261154,-0.759448051453
0.687203347683,-0.102959051728,1.50875484943,-0.188523739576,-0.00332689424977,0.621333777905,-0.760520815849
0.686662435532,-0.10301913321,1.50867187977,-0.189633131027,-0.00328842038289,0.620500206947,-0.760925769806
0.686099052429,-0.103191509843,1.50858688354,-0.190193876624,-0.00253295898438,0.6190777421,-0.761946678162
0.685568094254,-0.103654377162,1.50849795341,-0.190318092704,0.000138285206049,0.615980088711,-0.764426231384
0.68482863903,-0.103502720594,1.50839400291,-0.191240087152,-0.0016076550819,0.616945981979,-0.763414978981
0.683852255344,-0.103654161096,1.50831365585,-0.191201731563,-0.00143955904059,0.615380883217,-0.764687001705
0.683674991131,-0.10378792882,1.50868713856,-0.192800909281,0.000542897731066,0.614713490009,-0.764823377132
0.682997345924,-0.103950023651,1.5086710453,-0.193139061332,0.00173616874963,0.613148152828,-0.765991985798
0.682243347168,-0.103932164609,1.50850713253,-0.193498283625,0.00235177739523,0.611724376678,-0.767037332058
0.681946098804,-0.104150548577,1.50855445862,-0.194723621011,0.00623658346012,0.610452473164,-0.767718493938
0.681033730507,-0.104262284935,1.50849914551,-0.19480624795,0.00710452534258,0.607880890369,-0.769727826118
0.680248200893,-0.104103788733,1.50850880146,-0.195752337575,0.00811237748712,0.607503414154,-0.769775807858
0.679593324661,-0.104172043502,1.50838315487,-0.195808261633,0.00944808777422,0.605712652206,-0.771156311035
0.678841471672,-0.104074776173,1.50841593742,-0.196515485644,0.0107606416568,0.605069935322,-0.771463692188
0.678101658821,-0.10402880609,1.50847637653,-0.196752279997,0.0122716678306,0.60359787941,-0.772533237934
0.677419900894,-0.103743098676,1.50848841667,-0.197578832507,0.0137711837888,0.603551208973,-0.772333443165
0.676843345165,-0.103602334857,1.50853061676,-0.198114201427,0.0157008506358,0.603465795517,-0.772226214409
0.676065683365,-0.103457883,1.50848853588,-0.198263466358,0.0173534546047,0.602429509163,-0.772961318493
0.675283193588,-0.103043451905,1.50846457481,-0.198866948485,0.0182868987322,0.602427661419,-0.772786200047
0.674517273903,-0.10292199254,1.50838124752,-0.198578581214,0.020542608574,0.601248443127,-0.773721456528
0.673887550831,-0.102656185627,1.50860118866,-0.19917267561,0.0225806254894,0.600905358791,-0.773778438568
0.672881007195,-0.102473728359,1.50856685638,-0.198238968849,0.0235937368125,0.599916994572,-0.774754405022
0.672175109386,-0.102083861828,1.50867807865,-0.198926478624,0.0255929697305,0.598834514618,-0.775351822376
0.671579778194,-0.101817056537,1.50874495506,-0.198857098818,0.0274452194571,0.600020647049,-0.774388790131
0.670752465725,-0.101537063718,1.50914216042,-0.199026837945,0.0295957047492,0.598514318466,-0.775431036949
0.670269310474,-0.101365089417,1.50922489166,-0.198176205158,0.0317538268864,0.599343061447,-0.774923026562
0.669314026833,-0.100843280554,1.50934183598,-0.198560163379,0.0329832360148,0.598814189434,-0.775182306767
0.668902397156,-0.100427120924,1.50926935673,-0.198472350836,0.0349641181529,0.59972846508,-0.774410903454
0.66839158535,-0.100285805762,1.50942111015,-0.198195055127,0.037825550884,0.599358022213,-0.774634063244
0.667481124401,-0.0998802110553,1.50946187973,-0.197544008493,0.0390525497496,0.598846316338,-0.775135099888
0.666927278042,-0.0994511544704,1.50950598717,-0.197634801269,0.0407776497304,0.59929651022,-0.774675071239
0.666282892227,-0.0991015955806,1.50956976414,-0.197155877948,0.0426264666021,0.600030124187,-0.774129509926
0.665714204311,-0.0988262817264,1.50956630707,-0.196257054806,0.0447092428803,0.600272119045,-0.774052798748
0.665237486362,-0.0983446016908,1.50962972641,-0.196740910411,0.0466228239238,0.601298391819,-0.773019790649
0.664701700211,-0.0981052517891,1.5096848011,-0.195495411754,0.0487302988768,0.601906478405,-0.772732436657
0.66408765316,-0.097597643733,1.5097411871,-0.195329278708,0.0499436482787,0.603623449802,-0.771356523037
0.663679480553,-0.0972297862172,1.50975167751,-0.194832727313,0.0518487691879,0.604194581509,-0.770909130573
0.662896752357,-0.0962781906128,1.50975561142,-0.195977538824,0.0521763637662,0.607109487057,-0.768302381039
0.662898778915,-0.0959256887436,1.5099388361,-0.195250570774,0.0548991039395,0.606007218361,-0.769167542458
0.662425220013,-0.095291942358,1.50991928577,-0.194917351007,0.0556888058782,0.607907414436,-0.767694413662
0.662104964256,-0.0950315222144,1.50999891758,-0.195057317615,0.0580820553005,0.609322369099,-0.766358554363
0.66170412302,-0.0945065021515,1.51008307934,-0.194187566638,0.0591835044324,0.609126925468,-0.766650438309
0.661232829094,-0.0940449759364,1.50984847546,-0.193367913365,0.0600969530642,0.610715866089,-0.765521585941
0.660918056965,-0.0935309007764,1.50989842415,-0.193231642246,0.0610581859946,0.611832857132,-0.764587640762
0.660529613495,-0.0930935591459,1.50991272926,-0.191956192255,0.0622280500829,0.613325238228,-0.76361811161
0.660162210464,-0.0926936492324,1.51008200645,-0.19265499711,0.0631924122572,0.617120802402,-0.760297834873
0.659929633141,-0.0921973288059,1.50998520851,-0.191413447261,0.064524397254,0.615882992744,-0.761502385139
0.659631669521,-0.0918396189809,1.51017534733,-0.191675111651,0.0660400614142,0.619154691696,-0.75864803791
0.659295141697,-0.0913940668106,1.51008224487,-0.191267982125,0.0668417736888,0.620701849461,-0.757415354252
0.659152269363,-0.090794570744,1.51025903225,-0.191158130765,0.0668646171689,0.62322896719,-0.755363106728
0.658932328224,-0.0905936583877,1.51037752628,-0.189537331462,0.0704056695104,0.62028747797,-0.757866859436
0.658578515053,-0.0902305543423,1.51047849655,-0.189717099071,0.071547165513,0.623847186565,-0.754786849022
0.658415257931,-0.0899410992861,1.51034700871,-0.188810139894,0.0728141888976,0.624762058258,-0.754136145115
0.658105611801,-0.0894831046462,1.5102159977,-0.187113106251,0.0737520083785,0.623716592789,-0.75533246994
0.657973647118,-0.0890403538942,1.51020014286,-0.186648204923,0.0734336227179,0.626625061035,-0.753067791462
0.657917380333,-0.0886903181672,1.51025605202,-0.18721100688,0.074726164341,0.629713237286,-0.750219583511
0.657746911049,-0.0884591862559,1.51040780544,-0.186404079199,0.0762183219194,0.63090056181,-0.749272167683
0.657739877701,-0.0882098302245,1.51044332981,-0.184993296862,0.0775205567479,0.629955708981,-0.750282526016
0.657647073269,-0.0880546420813,1.5104174614,-0.183924809098,0.0799965932965,0.628828287125,-0.751230478287
0.657645404339,-0.0876798182726,1.51041805744,-0.183424592018,0.0797188282013,0.631401598454,-0.749221265316
0.657535910606,-0.0874665081501,1.51040017605,-0.182523936033,0.0806620493531,0.632414281368,-0.74848562479
0.657504081726,-0.0873231366277,1.51045262814,-0.18305310607,0.0816534534097,0.635980665684,-0.745220065117
0.657597243786,-0.0871225148439,1.51043510437,-0.181360274553,0.0826983973384,0.635325372219,-0.746077179909
0.657628655434,-0.0871120989323,1.51033401489,-0.181472301483,0.0834761559963,0.638122022152,-0.743572354317
0.65766865015,-0.0870295614004,1.51030564308,-0.180972963572,0.0842474922538,0.639149427414,-0.742724180222
0.657768726349,-0.086870983243,1.51029372215,-0.180708125234,0.0850627571344,0.640141129494,-0.741841137409
0.657828390598,-0.0867154821754,1.51018881798,-0.180227160454,0.0854702815413,0.641100168228,-0.741082668304
0.657933354378,-0.0867511034012,1.51022529602,-0.17975769937,0.08631388098,0.642085909843,-0.740245103836
0.658003509045,-0.0866908654571,1.51015162468,-0.1793371737,0.0864213481545,0.643151581287,-0.739409029484
0.658161520958,-0.0867247730494,1.51011967659,-0.179032504559,0.08697771281,0.644065916538,-0.738621413708
0.658344686031,-0.0867277383804,1.51003921032,-0.178843602538,0.0873136892915,0.644943535328,-0.737861216068
0.658639669418,-0.0867323279381,1.51005721092,-0.178846985102,0.0877142772079,0.646380364895,-0.736554443836
0.658796131611,-0.086775586009,1.50999963284,-0.178542390466,0.0879706293344,0.647265851498,-0.735819876194
0.658931553364,-0.0867018699646,1.50992655754,-0.17864818871,0.0879599004984,0.647634983063,-0.735470533371
0.659137964249,-0.0866364166141,1.50976336002,-0.17773462832,0.0877882763743,0.646350026131,-0.736841499805
0.659358024597,-0.0866938084364,1.50979089737,-0.177737548947,0.0880400985479,0.647077560425,-0.736171901226
0.65956735611,-0.0868587642908,1.50971984863,-0.178543820977,0.0881775096059,0.649836838245,-0.733524978161
0.659961819649,-0.0868216007948,1.5098413229,-0.178161069751,0.0885965302587,0.648557424545,-0.734698951244
0.660249173641,-0.0868327617645,1.50972342491,-0.178248241544,0.0883446484804,0.64936286211,-0.733996450901
0.660555243492,-0.08695936203,1.50983726978,-0.178541406989,0.08881380409,0.64974552393,-0.733529865742
0.660568892956,-0.086917065084,1.50979340076,-0.179142609239,0.0872603878379,0.653225243092,-0.730472803116
0.660933971405,-0.0871833339334,1.50978732109,-0.1792742908,0.0886101871729,0.652367770672,-0.731043934822
0.660999953747,-0.0869966968894,1.50967419147,-0.179226890206,0.086887948215,0.653732836246,-0.730042159557
0.661531090736,-0.0871759727597,1.50967681408,-0.178711086512,0.088411025703,0.650785267353,-0.73261475563
0.661805272102,-0.0872303768992,1.50955688953,-0.178741008043,0.0881798490882,0.650928378105,-0.73250824213
0.661878347397,-0.0871924161911,1.50949800014,-0.17918972671,0.0863412693143,0.654584228992,-0.72935295105
0.662251412868,-0.0873872339725,1.50959122181,-0.179172828794,0.0866716206074,0.654457628727,-0.729431569576
0.662543296814,-0.0874458774924,1.50948309898,-0.178936526179,0.0862746015191,0.654850542545,-0.729184091091
0.662995815277,-0.0877223014832,1.50951290131,-0.179027631879,0.0875385403633,0.653750538826,-0.729997515678
0.663351476192,-0.0877550840378,1.50963354111,-0.178874403238,0.0875026360154,0.65374481678,-0.730044484138
0.663474678993,-0.0877679884434,1.50958848,-0.178401634097,0.0868803784251,0.653842031956,-0.73014742136
0.663640201092,-0.0876845940948,1.50939202309,-0.178120926023,0.0859312787652,0.654364347458,-0.729860424995
0.663881897926,-0.087691269815,1.50944054127,-0.177944391966,0.0856820270419,0.65461063385,-0.729711949825
0.664116919041,-0.0877511575818,1.50949859619,-0.177632808685,0.0855469331145,0.654676556587,-0.729744493961
0.66450047493,-0.0877930969,1.50959181786,-0.176478654146,0.0855500474572,0.652429282665,-0.732033193111
0.66465985775,-0.0876437276602,1.50955939293,-0.175820171833,0.083530433476,0.653909564018,-0.731103479862
0.664881587029,-0.0877106934786,1.50961863995,-0.175306335092,0.0834960415959,0.653899252415,-0.731239974499
0.665073752403,-0.0877586454153,1.50965809822,-0.174741342664,0.0832578912377,0.654003202915,-0.731309533119
0.665258228779,-0.0878025889397,1.50977039337,-0.174208596349,0.0830568373203,0.654063105583,-0.731405735016
0.665667355061,-0.0879885926843,1.50980055332,-0.173759534955,0.0841328203678,0.653187811375,-0.732171595097
0.665658771992,-0.08781542629,1.50980639458,-0.173047840595,0.0824167504907,0.654104471207,-0.731716692448
0.665859997272,-0.0881007239223,1.5098272562,-0.173212453723,0.0833097696304,0.655357420444,-0.730454444885
0.66610455513,-0.0882755890489,1.50998282433,-0.172766312957,0.0835874378681,0.655686974525,-0.730232477188
0.666215538979,-0.088450267911,1.51026511192,-0.171939596534,0.0838683620095,0.655680716038,-0.730401158333
0.666391849518,-0.0885031893849,1.51027286053,-0.171460196376,0.0836767554283,0.656021654606,-0.730229556561
0.666527211666,-0.0885825529695,1.51025831699,-0.170992001891,0.0836582034826,0.655996978283,-0.730363786221
0.666419446468,-0.0885245129466,1.51012182236,-0.170120403171,0.0819480717182,0.656938493252,-0.729914665222
0.666677474976,-0.0887446627021,1.51019287109,-0.168997451663,0.0831672996283,0.653706550598,-0.732933104038
0.666977107525,-0.0889945998788,1.51046204567,-0.169042885303,0.0839748680592,0.65387648344,-0.732678890228
0.667083263397,-0.0890927165747,1.51046431065,-0.168881490827,0.0837258398533,0.653860926628,-0.732758402824
0.667145907879,-0.0892396718264,1.51048660278,-0.168445527554,0.0835120901465,0.653983354568,-0.732774019241
0.667112827301,-0.0893826335669,1.51027035713,-0.168806836009,0.0825308039784,0.656504273415,-0.730544447899
0.667219400406,-0.0896141007543,1.51024377346,-0.168280899525,0.0824488848448,0.656307697296,-0.730851531029
0.667278528214,-0.0897903069854,1.51026833057,-0.167982652783,0.0821999758482,0.656264483929,-0.730986952782
0.667354941368,-0.0900165662169,1.51024770737,-0.167631343007,0.0819673985243,0.656300485134,-0.731061458588
0.667459845543,-0.0901603251696,1.51023602486,-0.167473211884,0.0815197378397,0.656320571899,-0.731129705906
0.667433261871,-0.0903372466564,1.51020503044,-0.166973978281,0.0806837752461,0.656191587448,-0.731452345848
0.667451560497,-0.0904590412974,1.51017451286,-0.166684284806,0.0797820836306,0.656420469284,-0.731411933899
0.667513132095,-0.0906229987741,1.51009452343,-0.166463896632,0.0791031271219,0.656098365784,-0.731824696064
0.667496263981,-0.0907633453608,1.51012909412,-0.166463270783,0.0783270969987,0.655658721924,-0.732302308083
0.667490243912,-0.090883731842,1.51008820534,-0.165438368917,0.077453315258,0.652832984924,-0.735146462917
0.667528033257,-0.0911619439721,1.51015532017,-0.166284427047,0.0771579965949,0.65433883667,-0.733646214008
0.667547225952,-0.0913654714823,1.51012146473,-0.166208222508,0.0766627416015,0.653930366039,-0.73407959938
0.667588829994,-0.0915572047234,1.51033341885,-0.16637557745,0.0764675959945,0.653629660606,-0.73432970047
0.667596757412,-0.0915941596031,1.51027178764,-0.165803745389,0.0756960883737,0.651130139828,-0.736755549908
0.667476415634,-0.0916443020105,1.51013755798,-0.166079610586,0.0746570676565,0.650052785873,-0.737750172615
0.667411386967,-0.091933593154,1.51011741161,-0.166803821921,0.0743365436792,0.65121525526,-0.736593186855
0.667397797108,-0.0920775532722,1.51011550426,-0.166934862733,0.0739555954933,0.650556504726,-0.737183511257
0.667407333851,-0.0921907946467,1.51013863087,-0.167246431112,0.0736625120044,0.649978101254,-0.737652361393
0.667464196682,-0.092162117362,1.51011717319,-0.166961371899,0.073170773685,0.647260010242,-0.740151762962
0.667444646358,-0.0922268256545,1.51011884212,-0.167297556996,0.0728849023581,0.646506786346,-0.740761995316
0.667484045029,-0.0923967584968,1.51023745537,-0.167763233185,0.0729574337602,0.645564198494,-0.741471290588
0.667537868023,-0.0927034541965,1.51015591621,-0.168668210506,0.0729311034083,0.647215664387,-0.739827036858
0.667516052723,-0.0926964655519,1.51005375385,-0.168143644929,0.0725772157311,0.643796622753,-0.742957770824
0.667525351048,-0.0927942693233,1.51009571552,-0.168269142509,0.0725051611662,0.643039643764,-0.743591666222
0.667543530464,-0.0928466543555,1.5100966692,-0.168487414718,0.0721663981676,0.642181098461,-0.74431681633
0.667521297932,-0.0929024741054,1.51018428802,-0.168660148978,0.0719953030348,0.641595542431,-0.74479919672
0.667536079884,-0.0930099859834,1.51028776169,-0.168864965439,0.0720543041825,0.640990614891,-0.745267629623
0.667550325394,-0.0931078270078,1.51033389568,-0.169038236141,0.0720844268799,0.640417635441,-0.74571788311
0.667551338673,-0.093135625124,1.51030981541,-0.169267728925,0.0718946233392,0.639945149422,-0.746089756489
0.667599797249,-0.0932185277343,1.51048052311,-0.169431164861,0.0721599236131,0.639547049999,-0.746368288994
0.667612373829,-0.0932369828224,1.5104868412,-0.169628456235,0.0721258446574,0.639152944088,-0.746664404869
0.667569637299,-0.0933669805527,1.51049208641,-0.170430421829,0.0722869634628,0.640975058079,-0.744902074337
0.667507588863,-0.0933621451259,1.51032793522,-0.170352727175,0.0720604285598,0.640654861927,-0.745217084885
0.667501032352,-0.0933622419834,1.51034331322,-0.17042337358,0.0721257403493,0.640390992165,-0.745421469212
0.667511940002,-0.0934316813946,1.51036977768,-0.170263469219,0.0723567083478,0.639981210232,-0.745787501335
0.667452096939,-0.0934089422226,1.51036190987,-0.170218199492,0.072387509048,0.639595627785,-0.746125519276
0.667474150658,-0.0934045016766,1.51037538052,-0.170272096992,0.0725824981928,0.639443516731,-0.746224582195
0.667487859726,-0.0933248326182,1.51039242744,-0.170529797673,0.0726819932461,0.639515042305,-0.746094882488
0.667525529861,-0.0933026149869,1.51040995121,-0.170602202415,0.0729947164655,0.639448583126,-0.746104717255
0.667583525181,-0.093277707696,1.51042604446,-0.170720085502,0.0733175650239,0.639469385147,-0.7460283041
0.667657256126,-0.0931707024574,1.51043260098,-0.169886678457,0.0736209824681,0.637412309647,-0.747946619987
0.667744994164,-0.0931247398257,1.5104598999,-0.169957831502,0.073913782835,0.63776743412,-0.747598648071
0.667814254761,-0.0930959433317,1.51048541069,-0.169979020953,0.0742914378643,0.637921869755,-0.747424662113
0.667908549309,-0.093046836555,1.51051485538,-0.169988498092,0.0746787339449,0.638214230537,-0.747134327888
0.66801995039,-0.0929898619652,1.51050984859,-0.170049637556,0.074969381094,0.638423919678,-0.746912062168
0.668063282967,-0.0927231833339,1.51045787334,-0.170248612761,0.0738153979182,0.639375209808,-0.74616765976
0.668135762215,-0.0926921665668,1.51047134399,-0.170128971338,0.0740076899529,0.639675140381,-0.745918750763
0.668348431587,-0.0928487554193,1.51054906845,-0.169758200645,0.075710259378,0.639361023903,-0.746101558208
0.668416976929,-0.092868052423,1.51055169106,-0.17031596601,0.0757876709104,0.641904771328,-0.743778944016
0.668530702591,-0.0927836745977,1.51054430008,-0.170080929995,0.0757513493299,0.642418682575,-0.743392586708
0.668694257736,-0.0926779210567,1.5105202198,-0.169866532087,0.0758905634284,0.642919361591,-0.742994308472
0.668805837631,-0.0925662368536,1.51051652431,-0.169525265694,0.0755755230784,0.643895983696,-0.742258429527
0.668983995914,-0.0924626588821,1.5105663538,-0.169421508908,0.0757443085313,0.64431232214,-0.741903543472
0.669130206108,-0.0923498123884,1.51045393944,-0.169412523508,0.0758255943656,0.644933521748,-0.741357326508
0.669264912605,-0.0922710746527,1.51044917107,-0.169276058674,0.0759780779481,0.645401060581,-0.740965902805
0.669405519962,-0.092190220952,1.51025915146,-0.16902346909,0.0761041417718,0.645835697651,-0.740631818771
0.669589281082,-0.0921122133732,1.51024961472,-0.168943822384,0.0764620527625,0.646235466003,-0.740264415741
0.669843673706,-0.0919632092118,1.51018714905,-0.168182209134,0.0768141373992,0.645081281662,-0.741407215595
0.670173943043,-0.0918667465448,1.51026344299,-0.168371036649,0.0772846490145,0.645523071289,-0.740930736065
0.67045801878,-0.0916608646512,1.5102969408,-0.16829533875,0.0776864737272,0.645281076431,-0.741116583347
0.670606732368,-0.0915965437889,1.51041090488,-0.167982339859,0.0782354995608,0.645846605301,-0.740637183189
0.670895755291,-0.0914573892951,1.51037764549,-0.167872458696,0.0782167166471,0.647162616253,-0.739514410496
0.670924544334,-0.0914679542184,1.51034128666,-0.16814827919,0.0785825178027,0.649150371552,-0.737668454647
0.67123568058,-0.0912497714162,1.51024663448,-0.16714669764,0.0789274871349,0.64805161953,-0.738824546337
0.67146140337,-0.0911046639085,1.51024019718,-0.166981577873,0.0793104767799,0.648059904575,-0.738813638687
0.671732842922,-0.0911596789956,1.51024055481,-0.167412340641,0.080290094018,0.650694966316,-0.736289739609
0.671942234039,-0.0910775884986,1.51022458076,-0.166954651475,0.0808399766684,0.651084721088,-0.735989093781
0.671852827072,-0.0909366384149,1.51008081436,-0.166166394949,0.0807685777545,0.651491761208,-0.735815048218
0.671951055527,-0.0908404514194,1.51025140285,-0.165743619204,0.0813210755587,0.651847302914,-0.735534548759
0.67263931036,-0.0907468646765,1.51033437252,-0.166398301721,0.0827423557639,0.652191400528,-0.734923005104
0.672959923744,-0.0904905870557,1.51030683517,-0.165717899799,0.0832422748208,0.650578975677,-0.736447751522
0.673281610012,-0.0903961881995,1.51028895378,-0.16539157927,0.0839493125677,0.651135742664,-0.735948681831
0.673547923565,-0.0903022289276,1.51035737991,-0.165243387222,0.0847319066525,0.651376187801,-0.735679388046
0.673832714558,-0.090196877718,1.51030504704,-0.16513492167,0.0852988883853,0.651650011539,-0.735395669937
0.674052655697,-0.0901550501585,1.51030564308,-0.165940463543,0.085913144052,0.654137849808,-0.732930004597
0.674313724041,-0.0900636166334,1.51029980183,-0.165739282966,0.0864709541202,0.654356360435,-0.732714891434
0.674545168877,-0.0900181084871,1.51019370556,-0.165381878614,0.0869373455644,0.654577851295,-0.732542574406
0.674763798714,-0.0899361819029,1.51017975807,-0.16483810544,0.0875077471137,0.654769003391,-0.732426404953
0.67510008812,-0.0897885933518,1.51024889946,-0.164869919419,0.0880464464426,0.655162394047,-0.732002735138
0.675285518169,-0.0894709080458,1.50990152359,-0.164610430598,0.0874745100737,0.655901491642,-0.731467545033
0.67557477951,-0.0893350467086,1.50986671448,-0.163295507431,0.0876913666725,0.653775632381,-0.733636379242
0.675861418247,-0.0892554074526,1.50982642174,-0.163062036037,0.0881014689803,0.653998792171,-0.733440160751
0.676140189171,-0.0893253907561,1.51002943516,-0.162925347686,0.0887371972203,0.654371201992,-0.733061730862
0.676380693913,-0.0892862901092,1.51000058651,-0.162466242909,0.0889417976141,0.65458458662,-0.732948243618
0.676606595516,-0.0892154946923,1.50999128819,-0.162069946527,0.0890910699964,0.65501254797,-0.732635378838
0.676825404167,-0.0892618224025,1.50997030735,-0.162535369396,0.0893867760897,0.657254993916,-0.730484962463
0.677095353603,-0.0892241299152,1.50993692875,-0.16209577024,0.0893800407648,0.657548427582,-0.730319261551
0.677496194839,-0.0891894027591,1.50992870331,-0.161841377616,0.0898099914193,0.65741288662,-0.730445027351
0.677783966064,-0.0891038775444,1.50991904736,-0.161642432213,0.0898693948984,0.65748924017,-0.730412960052
0.678016483784,-0.0890712365508,1.50990569592,-0.161339312792,0.0898608639836,0.657660007477,-0.730327486992
0.678240835667,-0.0890550538898,1.50983500481,-0.160959526896,0.0898223742843,0.657824516296,-0.730267822742
0.678484916687,-0.0890094637871,1.50981295109,-0.160615548491,0.0896303206682,0.658232927322,-0.729999065399
0.67876636982,-0.089002802968,1.50981664658,-0.160394385457,0.089672267437,0.658156096935,-0.730111718178
0.679085433483,-0.0890216305852,1.50974357128,-0.160026073456,0.0897275060415,0.658056735992,-0.730275332928
0.679340839386,-0.0889955610037,1.50973439217,-0.159838855267,0.089606076479,0.658146679401,-0.730250179768
0.679585814476,-0.0889171212912,1.50970768929,-0.159789189696,0.0890365466475,0.658574044704,-0.7299451828
0.679846704006,-0.0888992249966,1.50969898701,-0.159605488181,0.0889772623777,0.6583968997,-0.730152547359
0.680107593536,-0.0888998731971,1.50968492031,-0.159394234419,0.0888788923621,0.658180296421,-0.7304058671
0.680341601372,-0.08888951689,1.50966382027,-0.159064128995,0.088655769825,0.65788090229,-0.730774641037
0.680535137653,-0.0888867154717,1.50967991352,-0.158707723022,0.0885022655129,0.657981336117,-0.730780363083
0.680776238441,-0.0888841971755,1.50975418091,-0.158357769251,0.0882776603103,0.658077955246,-0.730796396732
0.681004285812,-0.0888826325536,1.50972938538,-0.158244803548,0.0881454870105,0.658001244068,-0.730905950069
0.681248486042,-0.0888605564833,1.50971329212,-0.158171772957,0.0878432169557,0.657939076424,-0.7310141325
0.68146699667,-0.088860489428,1.50963175297,-0.157941326499,0.087554782629,0.657568216324,-0.731432020664
0.681656837463,-0.0888381898403,1.50960981846,-0.157828137279,0.0872368961573,0.657620072365,-0.73144775629
0.681846141815,-0.0888483077288,1.50958776474,-0.157743304968,0.0869902968407,0.657571852207,-0.731538951397
0.681901037693,-0.0884413942695,1.5095025301,-0.155281871557,0.0848483070731,0.659609496593,-0.730481863022
0.682061076164,-0.0885881334543,1.50948119164,-0.155884698033,0.0849115923047,0.661402463913,-0.728722810745
0.682232320309,-0.0886284783483,1.50945198536,-0.155701816082,0.0847016721964,0.661243677139,-0.728930413723
0.682475209236,-0.0885648205876,1.50941729546,-0.154731631279,0.084443539381,0.658800542355,-0.731375038624
0.682828962803,-0.0888464748859,1.50941550732,-0.15640874207,0.0857325047255,0.655112564564,-0.734175562859
0.68297958374,-0.0888792648911,1.50935804844,-0.156301304698,0.0856228023767,0.655051112175,-0.734265983105
0.683027982712,-0.0886761695147,1.5092908144,-0.154681220651,0.0841883122921,0.658644497395,-0.731555581093
0.683121621609,-0.088735319674,1.50926542282,-0.155543401837,0.0838634669781,0.661053597927,-0.729233503342
0.683452129364,-0.0890443399549,1.50926148891,-0.157125517726,0.0853995606303,0.657579421997,-0.731852412224
0.683579862118,-0.0890582203865,1.50921225548,-0.15703381598,0.0852955281734,0.657581150532,-0.731882631779
0.683451652527,-0.0888543948531,1.50914621353,-0.155680552125,0.0840245261788,0.659491181374,-0.730599045753
0.68380343914,-0.0891063585877,1.50915753841,-0.156903624535,0.0851557254791,0.657646179199,-0.731868386269
0.683929264545,-0.0891541615129,1.50909972191,-0.15681630373,0.0851216986775,0.657609581947,-0.731923937798
0.684035003185,-0.0892624184489,1.50903594494,-0.156734853983,0.0851730182767,0.657621920109,-0.731924474239
0.684134483337,-0.0893329679966,1.50898396969,-0.15652321279,0.0851684957743,0.657423436642,-0.73214840889
0.684220731258,-0.0893712192774,1.50893807411,-0.156462594867,0.0851320773363,0.657471358776,-0.732122600079
0.684303820133,-0.0894535407424,1.50889790058,-0.156319066882,0.085139170289,0.657404482365,-0.732212424278
0.684363722801,-0.0894899964333,1.50886392593,-0.156240567565,0.0850895270705,0.657492101192,-0.732156336308
0.684446632862,-0.0894947573543,1.50882840157,-0.156262099743,0.0848482623696,0.657906830311,-0.731807172298
0.684507727623,-0.0895501971245,1.50880360603,-0.156225174665,0.0849205479026,0.657939314842,-0.731777369976
0.684565842152,-0.0896092057228,1.50878190994,-0.156204000115,0.0849593654275,0.65805876255,-0.731670022011
0.684620320797,-0.0896591320634,1.50871026516,-0.156177982688,0.0848857313395,0.658154785633,-0.731597781181
0.684662699699,-0.0897060781717,1.50871360302,-0.156245693564,0.0848951712251,0.658266425133,-0.731481671333
0.684689700603,-0.0897525176406,1.50869822502,-0.15627476573,0.0848673731089,0.658360421658,-0.73139411211
0.684714794159,-0.0898093655705,1.508690238,-0.156301289797,0.0848484858871,0.658476173878,-0.731286466122
0.684733092785,-0.0898836478591,1.50870275497,-0.156339094043,0.0848984345794,0.658539295197,-0.731215655804
0.684841156006,-0.0899802669883,1.50872039795,-0.15666346252,0.0851007848978,0.65851277113,-0.73114657402
0.684877038002,-0.0900466069579,1.50869607925,-0.156782388687,0.0851288288832,0.65855294466,-0.731081724167
0.684852540493,-0.0900963172317,1.50869429111,-0.156938657165,0.084910094738,0.658623039722,-0.731010437012
0.684859216213,-0.0901761725545,1.50867545605,-0.157031983137,0.0849116519094,0.658659279346,-0.730957746506
0.68484801054,-0.0902453660965,1.50867056847,-0.157127141953,0.0848891437054,0.658707916737,-0.730895936489
0.684845983982,-0.0903243348002,1.50865280628,-0.157236322761,0.0849031284451,0.658756256104,-0.730827271938
0.684828519821,-0.0903639793396,1.50864708424,-0.157522410154,0.0848391279578,0.658927500248,-0.730618655682
0.684798002243,-0.0904206037521,1.50863742828,-0.157679334283,0.0848023295403,0.659049987793,-0.730478525162
0.684748709202,-0.090492323041,1.50861406326,-0.157784819603,0.0847454369068,0.659107923508,-0.73041009903
0.684719502926,-0.0905613005161,1.50861525536,-0.157959088683,0.0847530066967,0.659148335457,-0.730335175991
0.684661149979,-0.0906208902597,1.50861501694,-0.15812368691,0.0846844166517,0.659313321114,-0.730158507824
0.684600114822,-0.0906997621059,1.50861740112,-0.158227622509,0.0846953168511,0.659371197224,-0.730082392693
0.684558093548,-0.090759396553,1.50867176056,-0.158486798406,0.0848161578178,0.659365653992,-0.730017185211
0.684523403645,-0.0908626168966,1.50870299339,-0.158649072051,0.0849560797215,0.659422695637,-0.729914188385
0.684494256973,-0.0908762067556,1.5086877346,-0.157921850681,0.084847278893,0.657558619976,-0.731763958931
0.684464931488,-0.091008298099,1.50864267349,-0.159087881446,0.0849708840251,0.659532129765,-0.729718089104
0.684514343739,-0.0910631939769,1.5086555481,-0.159773796797,0.085009381175,0.659816145897,-0.72930675745
0.684487342834,-0.0911480635405,1.50864064693,-0.15993976593,0.0850788205862,0.659762144089,-0.729311406612
0.684475660324,-0.0912782549858,1.50860202312,-0.160083323717,0.0854833945632,0.659312605858,-0.729638814926
0.68443018198,-0.0913703963161,1.50858569145,-0.160205230117,0.0855165719986,0.659246981144,-0.72966748476
0.684391498566,-0.0914610177279,1.50856304169,-0.160344168544,0.0855513215065,0.659243941307,-0.729635477066
0.684350371361,-0.0916059166193,1.50854742527,-0.16032551229,0.0856807380915,0.659007847309,-0.729837715626
0.684267580509,-0.0916456803679,1.50858104229,-0.160596713424,0.0854921638966,0.659030973911,-0.729779422283
0.68422049284,-0.0916992872953,1.50857889652,-0.160872042179,0.0854528695345,0.659225106239,-0.729548156261
0.684147417545,-0.0917939245701,1.50855410099,-0.160949826241,0.0854152962565,0.659254312515,-0.729508936405
0.68409049511,-0.0918608531356,1.50853025913,-0.161070927978,0.0853137746453,0.659394025803,-0.729367733002
0.684067249298,-0.091927960515,1.50852477551,-0.161226794124,0.08530061692,0.659429252148,-0.729302942753
0.684051692486,-0.0920201912522,1.50852608681,-0.161377847195,0.0853244811296,0.659434974194,-0.729261636734
0.684048891068,-0.092102304101,1.50852060318,-0.161516144872,0.085349611938,0.659360527992,-0.729295313358
0.684044003487,-0.092165581882,1.50853002071,-0.161622956395,0.0853332728148,0.65934997797,-0.729283094406
0.684048056602,-0.0922177731991,1.50852763653,-0.16176943481,0.0852865353227,0.659364163876,-0.729243397713
0.684043169022,-0.0922766253352,1.50851106644,-0.16188198328,0.0851992294192,0.659376859665,-0.72921705246
0.684170365334,-0.0922881066799,1.50851535797,-0.161267414689,0.0852549523115,0.657319128513,-0.731201887131
0.68417686224,-0.0923411771655,1.50850951672,-0.16139523685,0.085180580616,0.657319366932,-0.731181979179
0.684168636799,-0.0923987701535,1.50851202011,-0.161458164454,0.0851036310196,0.657369554043,-0.731132030487
0.684198617935,-0.0924339741468,1.50849103928,-0.16161224246,0.0849960893393,0.657366871834,-0.731112778187
0.684177100658,-0.092543207109,1.50848722458,-0.1626290977,0.0849147513509,0.65949678421,-0.728975594044
0.684202194214,-0.092599786818,1.50848186016,-0.162688538432,0.0848238691688,0.659526824951,-0.728945612907
0.684243083,-0.0925587490201,1.50845766068,-0.16197270155,0.0844527855515,0.657475531101,-0.730998456478
0.684222757816,-0.0926628038287,1.50845837593,-0.162875071168,0.0844221562147,0.659553289413,-0.72892677784
0.684236288071,-0.0926965251565,1.50845110416,-0.162917971611,0.084260173142,0.659594535828,-0.728898644447
0.684262871742,-0.0927288085222,1.50842213631,-0.162993907928,0.0840972140431,0.659616887569,-0.728880167007
0.68429094553,-0.0927282869816,1.50841355324,-0.163050577044,0.0837239995599,0.660029292107,-0.728536963463
0.684332728386,-0.0927703231573,1.50840747356,-0.163136124611,0.0836375206709,0.659967660904,-0.728583574295
0.684377133846,-0.0928532481194,1.50840580463,-0.163046061993,0.0835857912898,0.659841895103,-0.728723704815
0.684415996075,-0.0929020270705,1.50840723515,-0.16314470768,0.0834952071309,0.659831106663,-0.728721797466
0.684473991394,-0.0929490327835,1.50838959217,-0.163253381848,0.0834097936749,0.659743726254,-0.728786289692
0.684524714947,-0.0929909348488,1.50838494301,-0.163272082806,0.0833583325148,0.659741699696,-0.728789925575
0.684582948685,-0.0930191278458,1.50838196278,-0.163334697485,0.083290360868,0.659746468067,-0.728779256344
0.684666872025,-0.0930360555649,1.50844907761,-0.163434967399,0.083294712007,0.659760594368,-0.728743553162
0.684807956219,-0.0931171178818,1.5084580183,-0.16352750361,0.0834203362465,0.659687459469,-0.728774666786
0.684885323048,-0.093150742352,1.50845098495,-0.163576200604,0.0833493024111,0.659633398056,-0.728820681572
0.684759497643,-0.0932106152177,1.50838041306,-0.163138657808,0.0828926861286,0.659658133984,-0.728948414326
0.685011804104,-0.0932178124785,1.50843179226,-0.163559690118,0.0831184089184,0.659569621086,-0.728908479214
0.685095608234,-0.093264117837,1.50840628147,-0.163456901908,0.0830084681511,0.659368336201,-0.729126214981
0.685184061527,-0.0932976007462,1.5083912611,-0.163484677672,0.0828974172473,0.659356832504,-0.729142963886
0.685246527195,-0.0932865440845,1.50838243961,-0.16372127831,0.0825003013015,0.65938770771,-0.729107022285
0.685311734676,-0.093300640583,1.50838410854,-0.163771107793,0.0823259353638,0.659417748451,-0.729088366032
0.685400247574,-0.0933056697249,1.50837862492,-0.163952961564,0.0821901857853,0.659487783909,-0.728999555111
0.685454785824,-0.0933303534985,1.50836992264,-0.16389772296,0.0820053592324,0.6594799757,-0.729039669037
0.685524404049,-0.0932956337929,1.50837564468,-0.164076194167,0.0815391018987,0.659853160381,-0.728713989258
0.68558371067,-0.0933070555329,1.50836515427,-0.16411139071,0.0813498646021,0.659855902195,-0.728724896908
0.685643851757,-0.0933201760054,1.50836062431,-0.164184778929,0.0811987742782,0.659783303738,-0.728790819645
0.685697197914,-0.0933464094996,1.50835573673,-0.164196968079,0.0810542628169,0.659703850746,-0.728876173496
0.685765504837,-0.0933668613434,1.50836396217,-0.164265722036,0.0809321478009,0.65967965126,-0.728896200657
0.685821175575,-0.093414530158,1.50838649273,-0.164254739881,0.0809152573347,0.659650027752,-0.728927314281
0.685888051987,-0.0934460163116,1.50839745998,-0.164296925068,0.0808158367872,0.659556388855,-0.729013621807
0.68594288826,-0.0934729352593,1.50841426849,-0.1642947644,0.0807129517198,0.659436821938,-0.729133665562
0.686014175415,-0.0935077369213,1.5084438324,-0.164330497384,0.0806428194046,0.659317374229,-0.72924131155
0.685776174068,-0.0935671627522,1.50837051868,-0.163758859038,0.0801017358899,0.659211456776,-0.729525327682
0.68602013588,-0.0936920493841,1.50844848156,-0.16393263638,0.0803163945675,0.659034132957,-0.729622721672
0.686093270779,-0.0938289314508,1.50846362114,-0.163618370891,0.080296292901,0.658540010452,-0.730141580105
0.686375498772,-0.0937482789159,1.50850021839,-0.163187399507,0.080272898078,0.656237065792,-0.732310771942
0.686366200447,-0.0938342213631,1.50833749771,-0.163980260491,0.079921156168,0.658125400543,-0.730475366116
0.686465978622,-0.0939092189074,1.50852024555,-0.164052382112,0.080067075789,0.657940208912,-0.730609953403
0.686509609222,-0.0939611047506,1.50853073597,-0.164075195789,0.0798644572496,0.657730638981,-0.730815768242
0.686543524265,-0.0939941555262,1.50853896141,-0.164100646973,0.0794144421816,0.657806992531,-0.730790197849
0.68661570549,-0.0940420553088,1.50855612755,-0.164342626929,0.0791890695691,0.657482981682,-0.731051921844
0.686660885811,-0.0940804705024,1.50857973099,-0.164519965649,0.078955501318,0.657272100449,-0.731226861477
0.686615467072,-0.0940761566162,1.5085837841,-0.164551943541,0.0784581974149,0.656861305237,-0.731642067432
0.686750113964,-0.0942187458277,1.50860571861,-0.164595171809,0.0784837305546,0.656586706638,-0.731876194477
0.686824142933,-0.0942259430885,1.50863158703,-0.165101543069,0.0782017633319,0.656621515751,-0.731761038303
0.686838150024,-0.0942993834615,1.50857830048,-0.165128976107,0.0779686272144,0.656461000443,-0.731923639774
0.686893105507,-0.0943767353892,1.50862216949,-0.165243238211,0.0778882727027,0.656276345253,-0.732071995735
0.686832427979,-0.0944911465049,1.50862753391,-0.164710760117,0.0775866881013,0.655502557755,-0.732916891575
0.6869789958,-0.0946146771312,1.50866758823,-0.164928942919,0.077716447413,0.655528604984,-0.732830822468
0.687027812004,-0.0947388485074,1.50869631767,-0.164769917727,0.0776016190648,0.655267179012,-0.733112454414
0.687164723873,-0.0948584675789,1.50873315334,-0.164849475026,0.0776078402996,0.654909312725,-0.73341357708
0.68720293045,-0.0949460789561,1.50878274441,-0.164860859513,0.077390268445,0.654818475246,-0.733515322208
0.687188744545,-0.0949621573091,1.50858652592,-0.164854481816,0.0766153410077,0.65471214056,-0.733692824841
0.687243044376,-0.0950416848063,1.50863242149,-0.164897501469,0.0764119029045,0.654609799385,-0.733795762062
0.687316536903,-0.0950416773558,1.50867807865,-0.164063826203,0.0759842544794,0.652636647224,-0.735781848431
