Fx,Fy,Fz,Tx,Ty,Tz
0.370030195886983,-4.62528517445237,-0.319499335680167,-0.151752772824818,0.0231363956816646,-0.189298307150458
0.516980962331483,-5.48061278065237,-0.978260777391167,-0.142687487499818,0.0137345415540146,-0.180156575143158
0.516980962331483,-5.72499230106237,-0.714756212629167,-0.169883328573818,0.0033925023861145,-0.175234103202658
0.345538401479583,-4.52753355702237,-0.714756212629167,-0.179855140940818,-0.0069495367817854,-0.129525445028958
0.541472764189483,-5.04073002537237,-0.846508465208167,-0.153565826909818,-0.0013084246776854,-0.140073596592818
0.370030195886983,-4.28315451344237,-0.846508465208167,-0.164444166319818,-0.0078897218219854,-0.0999906189737583
0.492489160473483,-4.50309565266237,-0.714756212629167,-0.153565826909818,-0.0125906488857854,-0.126009394973358
0.247571223850083,-3.25676109989237,-0.187746963900167,-0.129996108906818,0.0052728733979245,-0.135854336060418
0.345538401479583,-3.57445433338237,-0.583003900446167,-0.0919219284226179,0.0099737999960845,-0.167498791217658
0.0761286629984835,-2.74356486996237,-0.187746963900167,-0.0719783185889179,0.0240765807219146,-0.154841009154758
-0.438199041907517,-6.16487457951237,-0.978260777391167,-0.131809162990818,0.0259569517337146,-0.0212310828268583
0.541472764189483,-5.08960583408237,-0.583003900446167,-0.170789855615818,0.0174952831119446,-0.123196553066158
0.712915302688483,-6.18931248386237,-0.451251588260167,-0.182574722068818,0.0118541707750546,-0.187891887128158
0.443505586559483,-5.67611601551237,-0.978260777391167,-0.194359588520818,0.0090336144901945,-0.183672623336158
0.712915302688483,-7.99771931370237,-0.187746963900167,-0.233340281145818,-0.0078897218219854,-0.177343735098658
0.761898906404483,-5.08960583408237,-0.846508465208167,-0.249657782809818,-0.0088299068621854,-0.143589647346938
0.321046607072183,-4.74747469624237,-0.978260777391167,-0.192546534435818,-0.0229326899162854,-0.0507659070191583
0.467997373516483,-4.25871613224237,-0.714756212629167,-0.193453061477818,0.0090336144901945,-0.0704557947812583
0.590456338102483,-4.62528517445237,-0.451251588260167,-0.177135559813818,-0.0003682396374854,-0.0957713589070583
0.370030195886983,-3.72108175953237,-0.583003900446167,-0.153565826909818,-0.0031887947581854,-0.0873328387735583
0.247571223850083,-2.40143373211237,-0.451251588260167,-0.138154852287818,-0.0050691667012854,-0.0676429547367583
0.345538401479583,-1.03290977676237,-0.583003900446167,-0.0910154013802179,-0.0266934300772854,-0.0395145468408583
0.125112251813483,-1.08178558548237,-0.714756212629167,-0.0892023472954179,-0.0248130599967854,-0.0226375065738583
0.0761286629984835,-1.83936145504237,-0.0559947113201669,-0.0810435964634179,-0.0031887947581854,-0.0141989864408583
0.0761286629984835,-1.17953732212237,-0.0559947113201669,-0.0429694234301179,0.0033925023861145,-0.0465466506777583
-0.168789266173517,-1.20397522648237,-0.319499335680167,-0.0193996979763179,0.0052728733979245,-0.0233407147228583
-0.0218385146305166,-1.13066151341237,0.0757575412598332,-0.0166801131238179,0.0080934294499545,-0.0198246665298583
-0.119805692260517,-0.275334026412367,-0.187746963900167,0.0268332258890821,0.0099737999960845,-0.0627204827962583
-0.0953139053035165,-0.470837380492367,-0.0559947113201669,0.0377115615735821,0.0174952831119446,-0.0641269065437583
-0.266756473605517,-0.739654686052367,-0.583003900446167,0.0386180886159821,0.0268971367739146,-0.0388113386928583
-0.266756473605517,-0.177582289775367,-0.0559947113201669,0.0422442005107821,0.0203158391639746,-0.0275599785148583
-0.0218385146305166,-0.0309546848133667,-0.319499335680167,0.0494964243004821,0.0231363956816646,-0.0430306024847583
-0.144297479217517,0.555555571118633,-0.0559947113201669,0.0803183735440821,0.0259569517337146,-0.0753782667217583
0.100620449955483,0.873248648146833,-0.319499335680167,0.0866640702913821,0.0297176928259146,-0.0922553069887583
0.100620449955483,0.433365945021633,-0.714756212629167,0.0857575432489821,0.0306578778662146,-0.0824103668330583
0.0271450741834835,0.286738369862633,-0.583003900446167,0.0875705973337821,0.0315980647691146,-0.0662365309892583
0.247571223850083,0.115672860542633,-0.846508465208167,0.0821314276287821,0.0315980647691146,-0.0556883789597583
0.272063018257483,0.115672860542633,-0.978260777391167,0.0766922579238821,0.0278373227455146,-0.0430306024847583
0.149604046220483,-0.0553926487763667,-0.978260777391167,0.0658139259646821,0.0240765807219146,-0.0191214583808583
0.198587635035383,0.0667969922226332,-0.978260777391167,0.0640008718798821,0.0156149123329746,-0.0141989864408583
0.149604046220483,0.0179211239016333,-0.714756212629167,0.0621878140697821,0.0174952831119446,-0.0120893545448583
0.125112251813483,-0.104268517096367,-0.846508465208167,0.0640008718798821,0.0231363956816646,-0.0170118190348583
0.223079429442783,-0.128706421454367,-0.846508465208167,0.0703465686271821,0.0315980647691146,-0.0289663948118583
0.223079429442783,0.0912349561846333,-0.978260777391167,0.0757857308814821,0.0287775077857146,-0.0352952904998583
0.345538401479583,0.262300405899633,-1.11001308957517,0.0785053194592821,0.0221962097101046,-0.0388113386928583
0.272063018257483,0.628869358698633,-0.846508465208167,0.0730661497543821,0.0156149123329746,-0.0310760267078583
0.296554812664883,0.653307292858633,-0.846508465208167,0.0730661497543821,0.0090336144901945,-0.0310760267078583
0.272063018257483,0.360052142540633,-0.451251588260167,0.0794118465016821,0.0165550976060446,-0.0444370187817583
0.223079429442783,0.213424597183633,-0.846508465208167,0.0748792038390821,0.0240765807219146,-0.0352952904998583
0.149604046220483,-0.104268517096367,-0.978260777391167,0.0703465686271821,0.0287775077857146,-0.0268567629158583
0.149604046220483,-0.104268517096367,-0.978260777391167,0.0694400415847821,0.0306578778662146,-0.0233407147228583
0.198587635035383,0.0912349561846333,-1.11001308957517,0.0649073989222821,0.0203158391639746,-0.0156054027378583
0.100620449955483,-0.0553926487763667,-0.978260777391167,0.0649073989222821,0.0240765807219146,-0.0141989864408583
0.125112251813483,0.0423590878646333,-0.846508465208167,0.0667204530070821,0.0240765807219146,-0.0177150346338583
0.247571223850083,0.0667969922226332,-0.978260777391167,0.0703465686271821,0.0259569517337146,-0.0240439228708583
0.272063018257483,-0.0065167804563667,-0.978260777391167,0.0748792038390821,0.0268971367739146,-0.0289663948118583
0.296554812664883,0.384490076700633,-1.11001308957517,0.0794118465016821,0.0203158391639746,-0.0331856586038583
0.321046607072183,0.555555571118633,-0.978260777391167,0.0785053194592821,0.0184354686178346,-0.0345920749008583
0.272063018257483,0.628869358698633,-0.846508465208167,0.0775987924168821,0.0118541707750546,-0.0324824504548583
0.149604046220483,0.531117651859633,-0.846508465208167,0.0739726767967821,0.0109139855019846,-0.0310760267078583
0.198587635035383,0.311176304022633,-0.978260777391167,0.0757857308814821,0.0203158391639746,-0.0317792348558583
0.198587635035383,0.115672860542633,-1.11001308957517,0.0748792038390821,0.0250167657621146,-0.0296696104108583
0.149604046220483,-0.0798305531343667,-0.978260777391167,0.0712530956695821,0.0297176928259146,-0.0254503466188583
0.149604046220483,-0.0798305531343667,-1.11001308957517,0.0694400415847821,0.0250167657621146,-0.0198246665298583
0.149604046220483,0.0179211239016333,-0.978260777391167,0.0667204530070821,0.0240765807219146,-0.0149021871388583
0.247571223850083,0.115672860542633,-0.846508465208167,0.0694400415847821,0.0212560246698646,-0.0177150346338583
0.247571223850083,0.140110764900633,-0.846508465208167,0.0712530956695821,0.0221962097101046,-0.0212310828268583
0.296554812664883,0.140110764900633,-0.846508465208167,0.0730661497543821,0.0231363956816646,-0.0261535547668583
0.296554812664883,0.237862501541633,-0.846508465208167,0.0766922579238821,0.0203158391639746,-0.0289663948118583
0.321046607072183,0.482241783539633,-0.978260777391167,0.0794118465016821,0.0156149123329746,-0.0317792348558583
0.296554812664883,0.555555571118633,-0.846508465208167,0.0812249005864821,0.0165550976060446,-0.0352952904998583
0.272063018257483,0.677745219568433,-0.714756212629167,0.0812249005864821,0.0118541707750546,-0.0338888667518583
0.247571223850083,0.506679717699633,-0.846508465208167,0.0785053194592821,0.0146747269434956,-0.0303728185588583
0.125112251813483,0.115672860542633,-0.846508465208167,0.0766922579238821,0.0203158391639746,-0.0289663948118583
0.125112251813483,-0.0309546848133667,-0.978260777391167,0.0757857308814821,0.0212560246698646,-0.0268567629158583
0.174095840627983,-0.104268517096367,-0.978260777391167,0.0739726767967821,0.0231363956816646,-0.0247471384698583
0.0761286629984835,-0.0309546848133667,-0.978260777391167,0.0748792038390821,0.0231363956816646,-0.0254503466188583
0.100620449955483,0.0667969922226332,-0.978260777391167,0.0739726767967821,0.0203158391639746,-0.0226375065738583
0.174095840627983,0.140110764900633,-0.846508465208167,0.0730661497543821,0.0184354686178346,-0.0212310828268583
0.174095840627983,0.164548728863633,-0.846508465208167,0.0721596227119821,0.0174952831119446,-0.0219342984258583
0.272063018257483,0.311176304022633,-1.11001308957517,0.0785053194592821,0.0184354686178346,-0.0303728185588583
0.321046607072183,0.360052142540633,-0.978260777391167,0.0812249005864821,0.0184354686178346,-0.0345920749008583
0.345538401479583,0.579993505279633,-0.846508465208167,0.0812249005864821,0.0156149123329746,-0.0345920749008583
0.370030195886983,0.531117651859633,-0.451251588260167,0.0839444817135821,0.0137345415540146,-0.0395145468408583
0.198587635035383,0.506679717699633,-0.978260777391167,0.0812249005864821,0.0174952831119446,-0.0317792348558583
0.174095840627983,0.311176304022633,-0.846508465208167,0.0748792038390821,0.0193756536580746,-0.0282631866628583
0.125112251813483,0.0179211239016333,-0.978260777391167,0.0766922579238821,0.0221962097101046,-0.0268567629158583
0.149604046220483,-0.104268517096367,-1.11001308957517,0.0757857308814821,0.0231363956816646,-0.0268567629158583
0.100620449955483,-0.128706421454367,-0.978260777391167,0.0748792038390821,0.0221962097101046,-0.0247471384698583
0.100620449955483,0.140110764900633,-1.11001308957517,0.0703465686271821,0.0203158391639746,-0.0184182427818583
0.100620449955483,0.188986633221633,-0.978260777391167,0.0721596227119821,0.0165550976060446,-0.0170118190348583
0.149604046220483,0.262300405899633,-0.846508465208167,0.0730661497543821,0.0146747269434956,-0.0205278746778583
0.198587635035383,0.335614208380633,-0.978260777391167,0.0775987924168821,0.0174952831119446,-0.0261535547668583
0.321046607072183,0.335614208380633,-0.846508465208167,0.0803183735440821,0.0203158391639746,-0.0338888667518583
0.345538401479583,0.457803849379633,-1.11001308957517,0.0830379546711821,0.0193756536580746,-0.0374049149448583
0.247571223850083,0.531117651859633,-0.583003900446167,0.0830379546711821,0.0165550976060446,-0.0388113386928583
0.272063018257483,0.506679717699633,-0.978260777391167,0.0821314276287821,0.0156149123329746,-0.0338888667518583
0.272063018257483,0.531117651859633,-0.978260777391167,0.0812249005864821,0.0109139855019846,-0.0310760267078583
0.125112251813483,0.115672860542633,-0.978260777391167,0.0766922579238821,0.0203158391639746,-0.0289663948118583
0.100620449955483,-0.0553926487763667,-0.978260777391167,0.0757857308814821,0.0221962097101046,-0.0261535547668583
0.100620449955483,-0.0553926487763667,-0.978260777391167,0.0730661497543821,0.0212560246698646,-0.0226375065738583
0.0761286629984835,0.0667969922226332,-1.11001308957517,0.0730661497543821,0.0184354686178346,-0.0184182427818583
0.125112251813483,0.237862501541633,-0.846508465208167,0.0721596227119821,0.0165550976060446,-0.0163086183368583
0.149604046220483,0.311176304022633,-0.846508465208167,0.0721596227119821,0.0165550976060446,-0.0191214583808583
0.198587635035383,0.335614208380633,-0.978260777391167,0.0785053194592821,0.0203158391639746,-0.0275599785148583
0.272063018257483,0.408928010860633,-0.978260777391167,0.0821314276287821,0.0203158391639746,-0.0352952904998583
0.370030195886983,0.408928010860633,-0.714756212629167,0.0857575432489821,0.0174952831119446,-0.0395145468408583
0.321046607072183,0.482241783539633,-0.583003900446167,0.0857575432489821,0.0174952831119446,-0.0423273868857583
0.296554812664883,0.457803849379633,-0.846508465208167,0.0812249005864821,0.0165550976060446,-0.0359984986478583
0.272063018257483,0.482241783539633,-0.978260777391167,0.0812249005864821,0.0109139855019846,-0.0296696104108583
0.223079429442783,0.335614208380633,-0.846508465208167,0.0785053194592821,0.0118541707750546,-0.0268567629158583
0.0516368760414835,0.0423590878646333,-0.978260777391167,0.0739726767967821,0.0221962097101046,-0.0233407147228583
0.0761286629984835,-0.0553926487763667,-0.846508465208167,0.0730661497543821,0.0212560246698646,-0.0226375065738583
0.0516368760414835,-0.0553926487763667,-0.978260777391167,0.0730661497543821,0.0193756536580746,-0.0191214583808583
0.125112251813483,0.0912349561846333,-0.978260777391167,0.0739726767967821,0.0184354686178346,-0.0198246665298583
0.174095840627983,0.262300405899633,-0.846508465208167,0.0739726767967821,0.0203158391639746,-0.0240439228708583
0.223079429442783,0.384490076700633,-0.846508465208167,0.0775987924168821,0.0193756536580746,-0.0282631866628583
0.296554812664883,0.457803849379633,-0.978260777391167,0.0821314276287821,0.0174952831119446,-0.0331856586038583
0.345538401479583,0.408928010860633,-0.978260777391167,0.0821314276287821,0.0193756536580746,-0.0367017067968583
0.247571223850083,0.335614208380633,-0.583003900446167,0.0839444817135821,0.0165550976060446,-0.0409209705888583
0.272063018257483,0.482241783539633,-0.978260777391167,0.0821314276287821,0.0165550976060446,-0.0331856586038583
0.198587635035383,0.457803849379633,-0.978260777391167,0.0794118465016821,0.0156149123329746,-0.0289663948118583
0.100620449955483,0.311176304022633,-0.846508465208167,0.0775987924168821,0.0174952831119446,-0.0247471384698583
0.125112251813483,0.140110764900633,-0.978260777391167,0.0748792038390821,0.0165550976060446,-0.0226375065738583
0.0516368760414835,-0.0065167804563667,-0.978260777391167,0.0757857308814821,0.0203158391639746,-0.0226375065738583
0.0516368760414835,-0.0798305531343667,-0.978260777391167,0.0739726767967821,0.0221962097101046,-0.0212310828268583
0.100620449955483,0.0423590878646333,-0.978260777391167,0.0748792038390821,0.0221962097101046,-0.0226375065738583
0.174095840627983,0.164548728863633,-0.978260777391167,0.0757857308814821,0.0212560246698646,-0.0261535547668583
0.198587635035383,0.384490076700633,-0.846508465208167,0.0803183735440821,0.0174952831119446,-0.0296696104108583
0.272063018257483,0.457803849379633,-0.978260777391167,0.0803183735440821,0.0165550976060446,-0.0317792348558583
0.296554812664883,0.457803849379633,-0.846508465208167,0.0830379546711821,0.0156149123329746,-0.0338888667518583
0.345538401479583,0.433365945021633,-0.583003900446167,0.0830379546711821,0.0137345415540146,-0.0367017067968583
0.223079429442783,0.408928010860633,-0.978260777391167,0.0812249005864821,0.0203158391639746,-0.0331856586038583
0.149604046220483,0.408928010860633,-0.978260777391167,0.0775987924168821,0.0184354686178346,-0.0289663948118583
0.149604046220483,0.360052142540633,-0.846508465208167,0.0775987924168821,0.0184354686178346,-0.0261535547668583
0.125112251813483,0.164548728863633,-0.846508465208167,0.0757857308814821,0.0174952831119446,-0.0247471384698583
0.0761286629984835,0.0423590878646333,-0.978260777391167,0.0757857308814821,0.0193756536580746,-0.0219342984258583
0.0761286629984835,-0.0553926487763667,-0.978260777391167,0.0739726767967821,0.0203158391639746,-0.0219342984258583
0.0761286629984835,-0.0309546848133667,-0.978260777391167,0.0748792038390821,0.0240765807219146,-0.0240439228708583
0.174095840627983,0.164548728863633,-0.978260777391167,0.0785053194592821,0.0193756536580746,-0.0261535547668583
0.174095840627983,0.286738369862633,-0.846508465208167,0.0775987924168821,0.0212560246698646,-0.0275599785148583
0.198587635035383,0.482241783539633,-0.978260777391167,0.0794118465016821,0.0184354686178346,-0.0289663948118583
0.247571223850083,0.506679717699633,-1.11001308957517,0.0794118465016821,0.0193756536580746,-0.0303728185588583
0.272063018257483,0.433365945021633,-0.846508465208167,0.0812249005864821,0.0146747269434956,-0.0338888667518583
0.296554812664883,0.457803849379633,-0.846508465208167,0.0812249005864821,0.0118541707750546,-0.0317792348558583
0.198587635035383,0.360052142540633,-0.846508465208167,0.0803183735440821,0.0184354686178346,-0.0310760267078583
0.198587635035383,0.335614208380633,-0.978260777391167,0.0785053194592821,0.0184354686178346,-0.0289663948118583
0.125112251813483,0.213424597183633,-0.846508465208167,0.0766922579238821,0.0193756536580746,-0.0254503466188583
0.0761286629984835,0.0912349561846333,-0.978260777391167,0.0757857308814821,0.0193756536580746,-0.0240439228708583
0.0761286629984835,0.0179211239016333,-0.978260777391167,0.0739726767967821,0.0221962097101046,-0.0219342984258583
0.0761286629984835,-0.0065167804563667,-0.978260777391167,0.0757857308814821,0.0212560246698646,-0.0247471384698583
0.149604046220483,0.115672860542633,-0.978260777391167,0.0766922579238821,0.0212560246698646,-0.0247471384698583
0.198587635035383,0.311176304022633,-0.846508465208167,0.0794118465016821,0.0184354686178346,-0.0275599785148583
0.198587635035383,0.457803849379633,-0.846508465208167,0.0785053194592821,0.0184354686178346,-0.0282631866628583
0.198587635035383,0.531117651859633,-0.714756212629167,0.0794118465016821,0.0174952831119446,-0.0282631866628583
0.272063018257483,0.506679717699633,-0.583003900446167,0.0821314276287821,0.0137345415540146,-0.0345920749008583
0.272063018257483,0.457803849379633,-0.846508465208167,0.0830379546711821,0.0137345415540146,-0.0338888667518583
0.272063018257483,0.408928010860633,-0.978260777391167,0.0812249005864821,0.0174952831119446,-0.0324824504548583
0.272063018257483,0.360052142540633,-0.978260777391167,0.0794118465016821,0.0174952831119446,-0.0296696104108583
0.198587635035383,0.286738369862633,-0.978260777391167,0.0785053194592821,0.0174952831119446,-0.0268567629158583
0.100620449955483,0.188986633221633,-0.846508465208167,0.0766922579238821,0.0184354686178346,-0.0261535547668583
0.0761286629984835,0.0667969922226332,-0.978260777391167,0.0739726767967821,0.0193756536580746,-0.0205278746778583
0.0761286629984835,0.0179211239016333,-0.846508465208167,0.0748792038390821,0.0193756536580746,-0.0219342984258583
0.100620449955483,0.0912349561846333,-0.978260777391167,0.0757857308814821,0.0212560246698646,-0.0247471384698583
0.174095840627983,0.188986633221633,-0.846508465208167,0.0757857308814821,0.0221962097101046,-0.0275599785148583
0.247571223850083,0.408928010860633,-0.714756212629167,0.0794118465016821,0.0174952831119446,-0.0268567629158583
0.174095840627983,0.531117651859633,-0.846508465208167,0.0785053194592821,0.0184354686178346,-0.0268567629158583
0.247571223850083,0.482241783539633,-0.583003900446167,0.0821314276287821,0.0127943561645336,-0.0324824504548583
0.321046607072183,0.506679717699633,-0.846508465208167,0.0830379546711821,0.0137345415540146,-0.0331856586038583
0.272063018257483,0.433365945021633,-0.978260777391167,0.0821314276287821,0.0146747269434956,-0.0338888667518583
0.272063018257483,0.360052142540633,-0.978260777391167,0.0812249005864821,0.0174952831119446,-0.0324824504548583
0.247571223850083,0.335614208380633,-0.978260777391167,0.0785053194592821,0.0174952831119446,-0.0296696104108583
0.174095840627983,0.213424597183633,-0.714756212629167,0.0748792038390821,0.0156149123329746,-0.0226375065738583
0.174095840627983,0.213424597183633,-0.846508465208167,0.0739726767967821,0.0137345415540146,-0.0184182427818583
0.174095840627983,0.164548728863633,-0.714756212629167,0.0739726767967821,0.0090336144901945,-0.0191214583808583
0.223079429442783,0.164548728863633,-0.714756212629167,0.0739726767967821,0.0109139855019846,-0.0205278746778583
0.272063018257483,0.286738369862633,-0.714756212629167,0.0757857308814821,0.0127943561645336,-0.0247471384698583
0.321046607072183,0.506679717699633,-0.583003900446167,0.0794118465016821,0.0071532439440545,-0.0275599785148583
0.321046607072183,0.628869358698633,-0.714756212629167,0.0803183735440821,0.0127943561645336,-0.0303728185588583
0.345538401479583,0.579993505279633,-0.451251588260167,0.0848510162065821,0.0099737999960845,-0.0374049149448583
0.345538401479583,0.604431439439633,-0.846508465208167,0.0830379546711821,0.0127943561645336,-0.0352952904998583
0.321046607072183,0.506679717699633,-0.714756212629167,0.0848510162065821,0.0127943561645336,-0.0352952904998583
0.272063018257483,0.482241783539633,-0.714756212629167,0.0830379546711821,0.0127943561645336,-0.0324824504548583
0.321046607072183,0.433365945021633,-0.846508465208167,0.0794118465016821,0.0080934294499545,-0.0289663948118583
0.272063018257483,0.335614208380633,-0.583003900446167,0.0730661497543821,0.0033925023861145,-0.0198246665298583
0.247571223850083,0.408928010860633,-0.319499335680167,0.0630943411121821,-0.0041289816610854,-0.0064636744558583
0.198587635035383,0.262300405899633,-0.319499335680167,0.0585617021749821,-0.0050691667012854,-0.0001347787678583
0.149604046220483,0.164548728863633,-0.319499335680167,0.0476833664904821,-0.0041289816610854,0.0139294140041417
0.125112251813483,0.335614208380633,-0.187746963900167,0.0422442005107821,-0.0060093517414854,0.0237743578851417
0.223079429442783,0.531117651859633,0.0757575412598332,0.0422442005107821,-0.0144710208288854,0.0209615252911417
0.247571223850083,0.628869358698633,0.339262165629833,0.0386180886159821,-0.0144710208288854,0.0209615252911417
0.0516368760414835,0.751059005285333,0.734519042569833,0.0340854496786821,-0.0238728749565854,0.0153358452021417
0.149604046220483,0.799934862429933,0.866271295149833,0.0322723937312821,-0.0248130599967854,0.0132262133061417
0.125112251813483,0.702183146278133,0.734519042569833,0.0313658666888821,-0.0219925048760854,0.0076005332171416
0.149604046220483,0.555555571118633,0.734519042569833,0.0277397547940821,-0.0248130599967854,0.0118197970091417
0.149604046220483,0.408928010860633,0.471014537419833,0.0186744750569821,-0.0257532450370854,0.0195551089941417
0.0516368760414835,0.0423590878646333,0.0757575412598332,0.0114222512672621,-0.0144710208288854,0.0251807890831417
0.100620449955483,-0.0553926487763667,-0.187746963900167,0.0087026678117921,-0.0097700937650854,0.0265872053801417
0.125112251813483,-0.153144325812367,-0.451251588260167,0.0087026678117921,-0.0041289816610854,0.0258839897811417
0.0761286629984835,-0.202020194133367,-0.583003900446167,0.0077961398380821,0.0052728733979245,0.0294000379741417
0.125112251813483,0.0667969922226332,-0.846508465208167,0.0168614191094821,0.0043326874263645,0.0216647259891417
0.272063018257483,0.115672860542633,-0.846508465208167,0.0186744750569821,0.0005719463341145,0.0188518933951417
0.247571223850083,0.188986633221633,-0.583003900446167,0.0159548911357821,-0.0060093517414854,0.0265872053801417
0.198587635035383,0.360052142540633,-0.0559947113201669,0.0177679470832821,-0.0182317609898854,0.0265872053801417
0.198587635035383,0.433365945021633,-0.0559947113201669,0.0186744750569821,-0.0172915759495854,0.0265872053801417
0.467997373516483,0.408928010860633,0.339262165629833,0.0295528107414821,-0.0238728749565854,0.0104133658111417
0.370030195886983,0.555555571118633,0.0757575412598332,0.0422442005107821,-0.0210523161105854,-0.0085733063518583
0.223079429442783,0.188986633221633,0.0757575412598332,0.0313658666888821,-0.0238728749565854,0.0083037339151416
0.247571223850083,0.140110764900633,-0.187746963900167,0.0132353072146821,-0.0266934300772854,0.0294000379741417
0.223079429442783,0.115672860542633,0.0757575412598332,-0.0003626112268379,-0.0313943552784854,0.0547156058251417
0.370030195886983,0.164548728863633,-0.187746963900167,-0.0030821949151379,-0.0313943552784854,0.0547156058251417
0.516980962331483,0.408928010860633,-0.319499335680167,0.0014504446041721,-0.0266934300772854,0.0490899257361417
0.639439941818484,0.311176304022633,-0.583003900446167,-0.0003626112268379,-0.0276336151174854,0.0455738775431417
0.639439941818484,0.188986633221633,-1.11001308957517,-0.0067083063443179,-0.0191719460300854,0.0490899257361417
0.590456338102483,-0.202020194133367,-1.63702226380217,-0.0175866420288179,-0.0078897218219854,0.0511995576321417
0.761898906404483,-0.495275404052367,-1.76877456108417,-0.0175866420288179,-0.0060093517414854,0.0301032535731417
0.688423515732483,-0.593027021492367,-1.76877456108417,-0.0139605301340179,-0.0022486097178854,0.0139294140041417
0.614948154861483,-0.666340853772367,-1.50526996652017,-0.0275584488083179,-0.0060093517414854,0.0167422614991417
0.663931728775483,-0.764092590412367,-1.37351766923817,-0.0484085894097179,-0.0163513909093854,0.0315096698701417
0.688423515732483,-1.00847187241237,-1.24176537195617,-0.0556608131994179,-0.0172915759495854,0.0279936216771417
0.712915302688483,-1.39947869976237,-1.24176537195617,-0.0592869250943179,-0.0125906488857854,0.0167422614991417
0.688423515732483,-1.66829588612237,-1.24176537195617,-0.0665391488840179,-0.0135308339260854,0.0153358452021417
0.639439941818484,-1.83936145504237,-1.11001308957517,-0.0728848456313179,-0.0154112058691854,0.0111165814101417
0.639439941818484,-1.98598888119237,-1.11001308957517,-0.0774174808432179,-0.0144710208288854,0.0026780538261416
0.663931728775483,-2.01042702396237,-0.846508465208167,-0.0792305423786179,-0.0182317609898854,-0.0036508269608583
0.541472764189483,-2.03486492832237,-0.319499335680167,-0.0864827661683179,-0.0248130599967854,-0.0163086183368583
0.467997373516483,-2.10817864140237,-0.0559947113201669,-0.0882958202530179,-0.0248130599967854,-0.0247471384698583
0.419013784701483,-2.18149235447237,0.207509913049833,-0.0855762316753179,-0.0285738001577854,-0.0374049149448583
0.467997373516483,-2.30368211468237,-0.0559947113201669,-0.0756044267584179,-0.0313943552784854,-0.0437338106332583
0.614948154861483,-2.27924421032237,0.207509913049833,-0.0592869250943179,-0.0351550991646854,-0.0472498588262583
0.761898906404483,-2.03486492832237,0.339262165629833,-0.0357171996404179,-0.0201121310702854,-0.108429139107258
0.761898906404483,-1.88823726376237,0.207509913049833,-0.0048952503968979,-0.0154112058691854,-0.104913090914358
0.614948154861483,-1.79048564632237,0.471014537419833,-0.0003626112268379,-0.0125906488857854,-0.0887392587957583
0.590456338102483,-2.13261654575237,0.471014537419833,-0.0076148343180179,-0.0060093517414854,-0.0992874108253583
0.516980962331483,-2.35255792339237,0.602766789999833,-0.0212127539237179,-0.0069495367817854,-0.0795975230632583
0.370030195886983,-2.59693720539237,0.734519042569833,-0.0366237266828179,-0.0078897218219854,-0.0662365309892583
0.370030195886983,-2.93906810482237,0.471014537419833,-0.0656326218416179,-0.0107102788052854,-0.0592044346032583
0.443505586559483,-3.13457157810237,0.471014537419833,-0.0692587300111179,-0.0135308339260854,-0.0570948027072583
0.614948154861483,-3.55001642902237,0.207509913049833,-0.0901088743378179,-0.0285738001577854,-0.0507659070191583
0.761898906404483,-3.94102337559237,0.0757575412598332,-0.110959018664818,-0.0342149141244854,-0.0655333228407583
0.884357870991483,-4.33203032215237,-0.319499335680167,-0.127276512877818,-0.0436167682520854,-0.0704557947812583
0.933341444904483,-4.64972307880237,-0.583003900446167,-0.145407083527818,-0.0464373233727854,-0.0781911067662583
1.03130865233648,-5.16291954716237,-0.978260777391167,-0.168976801531818,-0.0473775084130854,-0.0887392587957583
0.982325078422484,-5.50505068501237,-0.978260777391167,-0.188920411364818,-0.0511382522992854,-0.0866296268997583
1.03130865233648,-5.94493344029237,-1.24176537195617,-0.218835833566818,-0.0530186223797854,-0.0852232068775583
1.05580043929348,-6.45812990864237,-1.50526996652017,-0.245125147597818,-0.0558391737751854,-0.0894424669442583
1.10478401320648,-6.87357475956237,-1.76877456108417,-0.265068772332818,-0.0652410316280854,-0.0957713589070583
1.15376758712048,-7.06907799442237,-1.76877456108417,-0.275040569798818,-0.0652410316280854,-0.102803459018258
1.20275122063848,-7.33789494236237,-1.76877456108417,-0.281386259095818,-0.0652410316280854,-0.113351611047858
1.20275122063848,-7.87552979191237,-2.03227915564917,-0.294077667491818,-0.0605401027015854,-0.142886437219398
1.20275122063848,-8.11990883549237,-2.03227915564917,-0.303142937915818,-0.0558391737751854,-0.158357059210358
1.17825943368148,-8.26653626164237,-2.16403146783217,-0.311301681296818,-0.0520784336141854,-0.162576321139758
1.08029222625048,-8.58422997196237,-2.42753603259417,-0.323993089692818,-0.0398560243658854,-0.171718053147058
1.17825943368148,-8.80417111118237,-2.69104059736017,-0.333964887158818,-0.0351550991646854,-0.171014843135858
1.17825943368148,-9.07298805912237,-2.69104059736017,-0.351188900964818,-0.0379756542853854,-0.171014843135858
1.27622664111748,-9.36624386514237,-2.95454522172017,-0.372039052741818,-0.0398560243658854,-0.172421263158158
1.32521021502748,-9.61062290864237,-2.69104059736017,-0.386543515221818,-0.0389158393255854,-0.173124473169258
1.39868557589748,-9.85500195224237,-2.95454522172017,-0.401047947900818,-0.0445569532922854,-0.174530891328858
1.49665272372748,-9.97719147404237,-3.08629747430017,-0.411019745366818,-0.0530186223797854,-0.181562995165458
1.54563629763748,-10.0016293784424,-3.08629747430017,-0.404674056069818,-0.0586597326211854,-0.183672623336158
1.57012808459748,-9.87943985664237,-3.34980209867017,-0.403767529027818,-0.0577195513061854,-0.185782255232158
1.54563629763748,-9.90387776094237,-3.48155447046017,-0.400141420857818,-0.0548989924601854,-0.182969415187658
1.49665272372748,-9.80612614354237,-3.21804984609017,-0.393795731561818,-0.0577195513061854,-0.175234103202658
1.44766914980748,-9.80612614354237,-3.08629747430017,-0.385636988179818,-0.0539588036946854,-0.164685951173158
1.42317736285748,-9.75725033484237,-3.08629747430017,-0.382010850207818,-0.0595999213866854,-0.154841009154758
1.37419378893748,-9.75725033484237,-2.95454522172017,-0.380197796122818,-0.0605401027015854,-0.130228655040058
1.22724300759548,-9.90387776094237,-2.95454522172017,-0.388356569306818,-0.0558391737751854,-0.120383713021658
1.30071842806748,-10.1482568045424,-2.95454522172017,-0.405580583112818,-0.0605401027015854,-0.116867662966058
1.39868557589748,-10.2215705176424,-2.95454522172017,-0.417365464465818,-0.0643008428625854,-0.124602973088458
1.42317736285748,-10.3926368018424,-2.82279296914017,-0.420085045592818,-0.0690017717889854,-0.137260756082668
1.52114451067748,-10.3437609930424,-3.08629747430017,-0.419178518550818,-0.0699419605545854,-0.148512118123298
1.49665272372748,-10.3926368018424,-2.95454522172017,-0.420085045592818,-0.0718223306349854,-0.157653850130558
1.39868557589748,-10.3926368018424,-2.82279296914017,-0.415552410380818,-0.0643008428625854,-0.160466691106358
1.42317736285748,-10.3437609930424,-3.08629747430017,-0.405580583112818,-0.0624204727820854,-0.157653850130558
1.37419378893748,-10.3681988974424,-3.21804984609017,-0.418271991507818,-0.0605401027015854,-0.152731379121358
1.49665272372748,-10.4903884192424,-2.95454522172017,-0.430056843058818,-0.0661812129430854,-0.149215328134428
1.57012808459748,-10.5637021323424,-2.95454522172017,-0.425524207846818,-0.0718223306349854,-0.146402488089928
1.66809535162748,-10.4415126105424,-2.82279296914017,-0.420085045592818,-0.0784036296419854,-0.148512118123298
1.76606249945748,-10.2215705176424,-2.95454522172017,-0.412832799451818,-0.0840447398833854,-0.150621749087998
1.81504607336748,-9.87943985664237,-2.82279296914017,-0.393795731561818,-0.0868652987289854,-0.152028169110248
1.76606249945748,-9.43955757814237,-2.55928834478017,-0.361160728232818,-0.0906260388899854,-0.159763481095258
1.76606249945748,-9.12186386784237,-2.29578372041117,-0.335777941243818,-0.0915662202049854,-0.165389161184258
1.76606249945748,-8.90192272862237,-2.29578372041117,-0.321273478762818,-0.0878054800439854,-0.166092371195358
1.71707892554748,-8.77973320683237,-2.29578372041117,-0.316740843551818,-0.0859251099638854,-0.160466691106358
1.76606249945748,-8.75529530247237,-2.03227915564917,-0.315834316508818,-0.0887456688099854,-0.157653850130558
1.96199679511748,-8.80417111118237,-2.16403146783217,-0.323086562650818,-0.100968078057985,-0.158357059210358
2.03547215598748,-8.85304691990237,-2.16403146783217,-0.328525724904818,-0.106609188299985,-0.159060271084158
2.01098036902748,-8.87748482426237,-2.42753603259417,-0.332151833073818,-0.104728818218985,-0.156950640119458
1.98648858206748,-8.90192272862237,-2.42753603259417,-0.345749738709818,-0.105668999533985,-0.156247429176958
1.96199679511748,-8.82860901554237,-2.55928834478017,-0.340310576455818,-0.101908259372985,-0.153434589132458
1.86402964728748,-8.60866787632237,-2.16403146783217,-0.321273478762818,-0.0915662202049854,-0.149215328134428
1.76606249945748,-8.46204045017237,-2.29578372041117,-0.311301681296818,-0.0849849211982854,-0.148512118123298
1.64360356467748,-8.55979206760237,-2.29578372041117,-0.314927789466818,-0.0755830707959854,-0.147105698101048
1.64360356467748,-8.68198158939237,-2.03227915564917,-0.322180035607818,-0.0765232521108854,-0.147808908112178
1.61911165850748,-8.75529530247237,-2.42753603259417,-0.337590995328818,-0.0718223306349854,-0.153434589132458
1.71707892554748,-8.77973320683237,-2.55928834478017,-0.339404049413818,-0.0737027007154854,-0.157653850130558
1.64360356467748,-8.75529530247237,-2.55928834478017,-0.338497522370818,-0.0690017717889854,-0.159763481095258
1.49665272372748,-8.63310578068237,-2.42753603259417,-0.329432251946818,-0.0652410316280854,-0.161873111128658
1.52114451067748,-8.38872673710237,-2.29578372041117,-0.309488627211818,-0.0624204727820854,-0.161169901117558
1.42317736285748,-8.26653626164237,-2.03227915564917,-0.300423356788818,-0.0586597326211854,-0.161169901117558
1.37419378893748,-8.24209835728237,-2.16403146783217,-0.299516829745818,-0.0586597326211854,-0.154137799143658
1.27622664111748,-8.24209835728237,-2.16403146783217,-0.300423356788818,-0.0548989924601854,-0.149215328134428
1.20275122063848,-8.29097416599237,-2.03227915564917,-0.304049464957818,-0.0520784336141854,-0.145699277613138
1.25173479455248,-8.29097416599237,-2.03227915564917,-0.310395154254818,-0.0558391737751854,-0.142886437219398
1.27622664111748,-8.29097416599237,-2.16403146783217,-0.313114735381818,-0.0614802914671854,-0.140073596592818
1.44766914980748,-8.11990883549237,-2.29578372041117,-0.310395154254818,-0.0718223306349854,-0.135151126049288
1.44766914980748,-7.94884350498237,-2.29578372041117,-0.300423356788818,-0.0784036296419854,-0.133041495084588
1.37419378893748,-7.68002655705237,-2.16403146783217,-0.277760150925818,-0.0821643698028854,-0.131635075062358
1.27622664111748,-7.46008541782237,-2.16403146783217,-0.260536137120818,-0.0784036296419854,-0.124602973088458
1.12927580016348,-7.46008541782237,-2.16403146783217,-0.257816526191818,-0.0784036296419854,-0.118977292999458
0.908849657947484,-7.55783703526237,-2.42753603259417,-0.266881826417818,-0.0671214017085854,-0.104913090914358
0.590456338102483,-7.60671284397237,-1.90052684346517,-0.269601407544818,-0.0548989924601854,-0.0992874108253583
0.565964551145483,-7.75334027012237,-1.90052684346517,-0.268694880502818,-0.0417363981715854,-0.0964745670555583
0.541472764189483,-7.85109188755237,-1.90052684346517,-0.277760150925818,-0.0417363981715854,-0.0978809908030583
0.614948154861483,-8.07103302677237,-1.90052684346517,-0.288638475434818,-0.0398560243658854,-0.104913090914358
0.688423515732483,-8.16878464420237,-1.90052684346517,-0.298610302703818,-0.0398560243658854,-0.113351611047858
0.786390723163483,-8.21766045292237,-1.76877456108417,-0.304049464957818,-0.0417363981715854,-0.118977292999458
0.884357870991483,-8.11990883549237,-2.03227915564917,-0.299516829745818,-0.0445569532922854,-0.126712604053158
0.884357870991483,-7.97328140934237,-2.03227915564917,-0.290451529519818,-0.0426765832118854,-0.126009394973358
0.786390723163483,-7.85109188755237,-2.03227915564917,-0.282292786137818,-0.0417363981715854,-0.120383713021658
0.639439941818484,-7.77777817448237,-2.29578372041117,-0.275947096841818,-0.0313943552784854,-0.116867662966058
0.663931728775483,-7.65558865269237,-2.16403146783217,-0.271414461629818,-0.0276336151174854,-0.115461242943858
0.663931728775483,-7.63115074833237,-2.03227915564917,-0.267788353459818,-0.0304541702381854,-0.118274082988358
0.590456338102483,-7.68002655705237,-1.76877456108417,-0.270507934586818,-0.0313943552784854,-0.121086923032858
0.761898906404483,-7.65558865269237,-2.16403146783217,-0.275040569798818,-0.0342149141244854,-0.119680503010558
0.835374297077483,-7.70446446140237,-2.03227915564917,-0.272320988671818,-0.0389158393255854,-0.122493343055058
0.884357870991483,-7.77777817448237,-1.90052684346517,-0.277760150925818,-0.0426765832118854,-0.127415814064258
0.933341444904483,-7.87552979191237,-2.03227915564917,-0.287731948392818,-0.0454971383325854,-0.133744705095718
0.982325078422484,-7.85109188755237,-2.16403146783217,-0.294077667491818,-0.0492578822187854,-0.128119025006758
0.835374297077483,-7.75334027012237,-2.42753603259417,-0.286825421349818,-0.0407962094060854,-0.126009394973358
0.761898906404483,-7.65558865269237,-2.55928834478017,-0.285918894307818,-0.0370354692451854,-0.120383713021658
0.614948154861483,-7.65558865269237,-2.55928834478017,-0.288638475434818,-0.0342149141244854,-0.107022719085058
0.614948154861483,-7.70446446140237,-2.42753603259417,-0.289545002477818,-0.0332747290841854,-0.102100250869858
0.688423515732483,-7.72890236576237,-2.29578372041117,-0.288638475434818,-0.0360952842048854,-0.103506670892058
0.712915302688483,-7.80221607884237,-2.29578372041117,-0.290451529519818,-0.0379756542853854,-0.107725930958858
0.810882510120484,-7.85109188755237,-2.29578372041117,-0.294984194533818,-0.0436167682520854,-0.111945191025558
1.05580043929348,-7.99771931370237,-2.16403146783217,-0.308582100169818,-0.0558391737751854,-0.122493343055058
1.08029222625048,-8.04659512241237,-2.16403146783217,-0.313114735381818,-0.0595999213866854,-0.127415814064258
1.03130865233648,-7.92440560062237,-2.42753603259417,-0.307675573127818,-0.0530186223797854,-0.126712604053158
0.957833291466483,-7.75334027012237,-2.69104059736017,-0.301329883830818,-0.0501980635337854,-0.120383713021658
0.761898906404483,-7.58227493961237,-2.69104059736017,-0.286825421349818,-0.0407962094060854,-0.112648401036658
0.663931728775483,-7.38677075108237,-2.55928834478017,-0.270507934586818,-0.0332747290841854,-0.110538771003358
0.639439941818484,-7.28901913364237,-2.42753603259417,-0.260536137120818,-0.0257532450370854,-0.113351611047858
0.541472764189483,-7.41120960911237,-2.55928834478017,-0.271414461629818,-0.0182317609898854,-0.116867662966058
0.688423515732483,-7.60671284397237,-2.55928834478017,-0.285918894307818,-0.0238728749565854,-0.127415814064258
0.761898906404483,-7.70446446140237,-2.55928834478017,-0.294077667491818,-0.0257532450370854,-0.132338285073468
0.835374297077483,-7.70446446140237,-2.82279296914017,-0.299516829745818,-0.0304541702381854,-0.135151126049288
0.933341444904483,-7.65558865269237,-2.69104059736017,-0.295890721576818,-0.0370354692451854,-0.137963966093788
1.00681686537948,-7.50896122654237,-2.42753603259417,-0.283199313180818,-0.0445569532922854,-0.130931865051258
0.982325078422484,-7.31345703800237,-2.42753603259417,-0.272320988671818,-0.0454971383325854,-0.123196553066158
0.859866084034484,-7.31345703800237,-2.42753603259417,-0.268694880502818,-0.0436167682520854,-0.116164452954958
0.761898906404483,-7.14239170750237,-2.42753603259417,-0.264162245290818,-0.0426765832118854,-0.110538771003358
0.712915302688483,-7.14239170750237,-2.55928834478017,-0.261442664162818,-0.0379756542853854,-0.108429139107258
0.590456338102483,-7.06907799442237,-2.55928834478017,-0.258723053233818,-0.0323345440439854,-0.109132350981058
0.516980962331483,-7.04464009007237,-2.55928834478017,-0.256003472106818,-0.0304541702381854,-0.109132350981058
0.541472764189483,-6.99576428135237,-2.55928834478017,-0.252377363936818,-0.0323345440439854,-0.111241981014458
0.541472764189483,-6.97132637699237,-2.55928834478017,-0.248751255767818,-0.0360952842048854,-0.113351611047858
0.541472764189483,-6.97132637699237,-2.55928834478017,-0.250564309851818,-0.0351550991646854,-0.112648401036658
0.467997373516483,-6.99576428135237,-2.42753603259417,-0.254190418021818,-0.0304541702381854,-0.113351611047858
0.370030195886983,-6.94688847263237,-2.16403146783217,-0.249657782809818,-0.0219925048760854,-0.117570872977158
0.345538401479583,-6.94688847263237,-2.29578372041117,-0.246938201682818,-0.0201121310702854,-0.114054822921558
0.272063018257483,-6.89801266392237,-2.16403146783217,-0.240592512385818,-0.0135308339260854,-0.113351611047858
0.272063018257483,-6.94688847263237,-2.16403146783217,-0.243312093512818,-0.0125906488857854,-0.114054822921558
0.247571223850083,-7.04464009007237,-1.76877456108417,-0.240592512385818,-0.0116504638455854,-0.119680503010558
0.272063018257483,-7.04464009007237,-1.63702226380217,-0.232433754103818,-0.0097700937650854,-0.124602973088458
0.321046607072183,-7.06907799442237,-1.50526996652017,-0.231527227060818,-0.0069495367817854,-0.126009394973358
0.296554812664883,-6.97132637699237,-1.50526996652017,-0.229714172975818,-0.0050691667012854,-0.121790133043958
0.247571223850083,-6.92245056828237,-1.50526996652017,-0.228807645933818,-0.0041289816610854,-0.119680503010558
0.0761286629984835,-6.87357475956237,-1.63702226380217,-0.224275010721818,0.0033925023861145,-0.112648401036658
-0.0463303015875166,-6.82469895084237,-1.50526996652017,-0.215209725396818,0.0137345415540146,-0.107725930958858
-0.144297479217517,-6.75138523777237,-1.50526996652017,-0.210677090184818,0.0240765807219146,-0.106319510936558
-0.242264686648517,-6.62919523914237,-1.11001308957517,-0.202518331901818,0.0259569517337146,-0.109835562854858
-0.242264686648517,-6.67807104786237,-0.978260777391167,-0.199798750774818,0.0334784348495146,-0.109835562854858
-0.0953139053035165,-6.77582314213237,-0.583003900446167,-0.195266115562818,0.0381793619133146,-0.115461242943858
-0.0953139053035165,-6.82469895084237,-0.187746963900167,-0.185294303195818,0.0428802889772146,-0.117570872977158
-0.0953139053035165,-6.82469895084237,0.0757575412598332,-0.169883328573818,0.0560428832658146,-0.117570872977158
-0.217772869889517,-6.70250942906237,0.0757575412598332,-0.168976801531818,0.0616839972325146,-0.116164452954958
-0.266756473605517,-6.67807104786237,-0.0559947113201669,-0.176229032771818,0.0663849224336146,-0.116867662966058
-0.291248260562517,-6.60475733479237,0.0757575412598332,-0.171696382658818,0.0673251074739146,-0.117570872977158
-0.266756473605517,-6.58031943043237,0.0757575412598332,-0.170789855615818,0.0701456663199146,-0.121790133043958
-0.438199041907517,-6.48256781300237,0.0757575412598332,-0.173509436743818,0.0551026982255146,-0.120383713021658
-0.511674402778517,-6.33594038685237,-0.0559947113201669,-0.168976801531818,0.0504017730243146,-0.117570872977158
-0.462690828864517,-6.06712296208237,-0.0559947113201669,-0.169883328573818,0.0334784348495146,-0.116867662966058
-0.413707254951517,-6.01824715336237,0.339262165629833,-0.168070274488818,0.0212560246698646,-0.121086923032858
-0.389215408389517,-5.89605763157237,-0.187746963900167,-0.159911531107818,0.0165550976060446,-0.124602973088458
-0.315740047519517,-5.84718182285237,-0.451251588260167,-0.157191935078818,0.0090336144901945,-0.128822235017858
-0.168789266173517,-5.79830601414237,-0.978260777391167,-0.152659299867818,0.0062130584381645,-0.133041495084588
-0.0463303015875166,-5.67611601551237,-1.37351766923817,-0.148126664655818,0.0062130584381645,-0.135151126049288
-0.0218385146305166,-5.62724020680237,-1.63702226380217,-0.141780960457818,0.0118541707750546,-0.138667176570578
0.198587635035383,-5.40729906757237,-1.90052684346517,-0.124556931750818,0.0118541707750546,-0.145699277613138
0.223079429442783,-5.30954745014237,-2.16403146783217,-0.111865545706818,0.0109139855019846,-0.151324959099128
0.345538401479583,-5.08960583408237,-2.55928834478017,-0.0955480440427179,0.0109139855019846,-0.157653850130558
0.394521990294483,-4.89410259922237,-2.69104059736017,-0.0810435964634179,0.0062130584381645,-0.162576321139758
0.394521990294483,-4.77191307743237,-2.95454522172017,-0.0746978997161179,0.0062130584381645,-0.163982741162058
0.516980962331483,-4.30759241779237,-3.34980209867017,-0.0465955353250179,0.0137345415540146,-0.166092371195358
0.541472764189483,-3.89214756687237,-3.48155447046017,-0.0275584488083179,0.0174952831119446,-0.171718053147058
0.614948154861483,-3.57445433338237,-3.87681122819017,-0.0193996979763179,0.0231363956816646,-0.171718053147058
0.639439941818484,-3.20788552960237,-3.87681122819017,-0.0175866420288179,0.0297176928259146,-0.171014843135858
0.737407119448483,-2.67025091847237,-4.00856371919017,-0.0248388658185179,0.0372391768731146,-0.171014843135858
0.761898906404483,-2.40143373211237,-4.66732498208017,-0.0339041455556179,0.0513419580646146,-0.171014843135858
0.786390723163483,-2.15705445011237,-4.93082972566017,-0.0456890082826179,0.0710858513601146,-0.175234103202658
0.835374297077483,-1.91267516811237,-5.06258197824017,-0.0547542861570179,0.0842484456487146,-0.179453363269358
0.859866084034484,-1.79048564632237,-5.19433423082017,-0.0592869250943179,0.0936502960511146,-0.181562995165458
0.810882510120484,-1.52166845997237,-5.32608648340017,-0.0638195677568179,0.102111965138515,-0.186485463380658
0.761898906404483,-1.17953732212237,-5.45783897439017,-0.0665391488840179,0.103052153904015,-0.187188675254458
0.516980962331483,-0.837406303482367,-5.32608648340017,-0.0710717915465179,0.111513822991415,-0.188595095276658
0.370030195886983,-0.544151212772367,-5.19433423082017,-0.0719783185889179,0.109633452910915,-0.190001515298958
0.296554812664883,-0.202020194133367,-4.66732498208017,-0.0728848456313179,0.100231595058015,-0.188595095276658
0.0761286629984835,0.262300405899633,-3.87681122819017,-0.0710717915465179,0.0917699259706146,-0.190704727172658
-0.0463303015875166,0.531117651859633,-3.74505897561017,-0.0719783185889179,0.0880091858096146,-0.192111147194958
-0.193281082933517,1.11762792269363,-3.21804984609017,-0.0701652570535179,0.0767269653268146,-0.198440035432358
-0.217772869889517,1.48419687549263,-2.69104059736017,-0.0692587300111179,0.0654447373934146,-0.205472139268958
-0.315740047519517,1.89964160720763,-2.42753603259417,-0.0610999791791179,0.0541625131853146,-0.208988187461958
-0.389215408389517,2.41283819476763,-1.76877456108417,-0.0284649758507179,0.0334784348495146,-0.211097819357958
-0.511674402778517,2.82828304568763,-1.76877456108417,-0.0248388658185179,0.0212560246698646,-0.215317083149958
-0.560657976691517,2.95047256747763,-1.76877456108417,-0.0203062250187179,0.0127943561645336,-0.213910659402458
-0.634133397166517,3.17041394511763,-1.63702226380217,-0.0139605301340179,0.0024523173459145,-0.217426707595458
-0.805575965472517,3.39035532275763,-1.90052684346517,-0.0048952503968979,-0.0078897218219854,-0.217426707595458
-0.805575965472517,3.68361041346763,-2.16403146783217,0.000543916746882,-0.0276336151174854,-0.218833131342958
-0.879051326342517,3.75692412654763,-2.03227915564917,0.0050765562661921,-0.0360952842048854,-0.223052395134958
-1.09947752816252,4.00130340854763,-2.16403146783217,0.0132353072146821,-0.0530186223797854,-0.234303755312958
-1.09947752816252,4.22124478618763,-2.42753603259417,0.0141418351883821,-0.0661812129430854,-0.239226227253458
-1.19744467598252,4.46562406817763,-2.55928834478017,0.0168614191094821,-0.0765232521108854,-0.246961539238858
-1.17295288903252,4.49006197253763,-2.42753603259417,0.0168614191094821,-0.0859251099638854,-0.244851907342858
-1.27092003685252,4.61225173274763,-2.69104059736017,0.0177679470832821,-0.0943867790509854,-0.245555115490858
-1.34439539773252,4.63668963710763,-2.69104059736017,0.0168614191094821,-0.0915662202049854,-0.244148699193858
-1.39337897164252,4.71000335017763,-2.69104059736017,0.0168614191094821,-0.0915662202049854,-0.227974859624958
-1.24642824990252,4.61225173274763,-2.42753603259417,0.0123287792409721,-0.0887456688099854,-0.222349179535958
-1.07498562199252,4.53893801967763,-2.03227915564917,0.0023569725196781,-0.0887456688099854,-0.208988187461958
-0.977018474162517,4.49006197253763,-1.63702226380217,-0.0121474741866179,-0.0925064089709854,-0.201956087350658
-0.854559539382516,4.58781382838763,-1.76877456108417,-0.0193996979763179,-0.0943867790509854,-0.199846459179958
-0.658625184123517,4.53893801967763,-1.37351766923817,-0.0402498385777179,-0.0972073378969854,-0.201252879202158
-0.781084178512516,4.73444125453763,-1.50526996652017,-0.0502216472198179,-0.100027889292985,-0.194923987239458
-0.805575965472517,4.80775496760763,-1.50526996652017,-0.0556608131994179,-0.0990877079779854,-0.194923987239458
-0.805575965472517,4.92994496623763,-1.63702226380217,-0.0465955353250179,-0.0943867790509854,-0.196330407261658
-0.879051326342517,4.85663077632763,-1.76877456108417,-0.0375302574505179,-0.100968078057985,-0.194220775365658
-0.879051326342517,4.85663077632763,-1.90052684346517,-0.0275584488083179,-0.0981475192119854,-0.194220775365658
-0.854559539382516,4.80775496760763,-1.90052684346517,-0.0248388658185179,-0.0925064089709854,-0.193517567217158
-0.830067752422517,4.68556544581763,-1.76877456108417,-0.0311845607032179,-0.0812241810373854,-0.198440035432358
-0.732100604602516,4.63668963710763,-1.63702226380217,-0.0402498385777179,-0.0755830707959854,-0.202659299224458
-0.585149763648517,4.68556544581763,-1.37351766923817,-0.0529412320723179,-0.0661812129430854,-0.214613867550958
-0.536166189735517,4.58781382838763,-1.11001308957517,-0.0629130407144179,-0.0492578822187854,-0.222349179535958
-0.291248260562517,4.61225173274763,-0.846508465208167,-0.0656326218416179,-0.0370354692451854,-0.225865235179458
-0.193281082933517,4.53893801967763,-0.187746963900167,-0.0674456759264179,-0.0229326899162854,-0.230084491520958
-0.0463303015875166,4.66112754145763,-0.583003900446167,-0.0737913726737179,-0.0116504638455854,-0.224458811431958
0.0026532723254834,4.63668963710763,-0.451251588260167,-0.0783240153362179,-0.0078897218219854,-0.217426707595458
0.0026532723254834,4.68556544581763,-0.451251588260167,-0.0901088743378179,-0.0069495367817854,-0.211097819357958
-0.0218385146305166,4.92994496623763,-0.187746963900167,-0.102800267832818,-0.0125906488857854,-0.205472139268958
0.0026532723254834,5.07657239238763,-0.319499335680167,-0.111865545706818,-0.0088299068621854,-0.204768931120458
0.0026532723254834,5.32095143596763,-0.187746963900167,-0.129089581863818,-0.0078897218219854,-0.203362507372958
0.0516368760414835,5.46757933894763,-0.187746963900167,-0.135435271160818,-0.0050691667012854,-0.201956087350658
0.0516368760414835,5.54089305201763,-0.319499335680167,-0.137248325245818,-0.0060093517414854,-0.199143247306158
0.0761286629984835,5.78527209559763,-0.451251588260167,-0.156285408036818,-0.0069495367817854,-0.190001515298958
0.0271450741834835,5.83414838115763,-0.451251588260167,-0.163537639276818,-0.0078897218219854,-0.190001515298958
0.125112251813483,6.07852742473763,-0.583003900446167,-0.171696382658818,-0.0069495367817854,-0.189298307150458
0.0761286629984835,6.20071694651763,-0.714756212629167,-0.178948613898818,-0.0050691667012854,-0.194220775365658
0.125112251813483,6.27403065959763,-0.714756212629167,-0.187107357280818,-0.0003682396374854,-0.197736827283958
0.149604046220483,6.37178275386763,-0.583003900446167,-0.193453061477818,0.0033925023861145,-0.199846459179958
0.247571223850083,6.56728598872763,-0.846508465208167,-0.205237913029818,0.0015121313743145,-0.203362507372958
0.296554812664883,6.71391341487763,-0.846508465208167,-0.213396671311818,0.0015121313743145,-0.205472139268958
0.321046607072183,6.78722712794763,-0.714756212629167,-0.220648887650818,0.0052728733979245,-0.209691403060958
0.345538401479583,6.88497922221763,-0.846508465208167,-0.224275010721818,0.0080934294499545,-0.211097819357958
0.370030195886983,6.90941712657763,-0.846508465208167,-0.221555429594818,0.0062130584381645,-0.211097819357958
0.394521990294483,6.86054131785763,-0.846508465208167,-0.215209725396818,0.0090336144901945,-0.212504243105458
0.443505586559483,6.86054131785763,-0.846508465208167,-0.212490144269818,0.0099737999960845,-0.213207451253958
0.467997373516483,6.88497922221763,-0.978260777391167,-0.214303198354818,0.0099737999960845,-0.213207451253958
0.541472764189483,6.95829293528763,-1.11001308957517,-0.221555429594818,0.0184354686178346,-0.215317083149958
0.761898906404483,7.08048245707763,-0.978260777391167,-0.227901118891818,0.0250167657621146,-0.222349179535958
0.835374297077483,7.08048245707763,-0.978260777391167,-0.236059862272818,0.0362989899702146,-0.225162019580458
0.982325078422484,7.20267197886763,-1.24176537195617,-0.240592512385818,0.0428802889772146,-0.225162019580458
1.03130865233648,7.30042407313763,-1.24176537195617,-0.246938201682818,0.0438204740174146,-0.225162019580458
1.00681686537948,7.30042407313763,-1.37351766923817,-0.248751255767818,0.0428802889772146,-0.220942763238958
0.884357870991483,7.22710988322763,-1.37351766923817,-0.246938201682818,0.0494615879841146,-0.220239547639958
0.908849657947484,7.30042407313763,-1.24176537195617,-0.246031674640818,0.0409999170341146,-0.222349179535958
0.884357870991483,7.22710988322763,-1.37351766923817,-0.250564309851818,0.0409999170341146,-0.220942763238958
0.908849657947484,7.27598616877763,-1.63702226380217,-0.251470836894818,0.0409999170341146,-0.230084491520958
0.957833291466483,7.27598616877763,-1.50526996652017,-0.253283890979818,0.0381793619133146,-0.232897331565458
1.05580043929348,7.22710988322763,-1.50526996652017,-0.253283890979818,0.0400597319938146,-0.238523011654458
1.12927580016348,7.22710988322763,-1.50526996652017,-0.252377363936818,0.0485213992186146,-0.239929435401958
1.22724300759548,7.17823407451763,-1.50526996652017,-0.255096945063818,0.0541625131853146,-0.244851907342858
1.34970200198748,7.20267197886763,-1.50526996652017,-0.255096945063818,0.0616839972325146,-0.239929435401958
1.37419378893748,7.17823407451763,-1.63702226380217,-0.254190418021818,0.0663849224336146,-0.239226227253458
1.49665272372748,7.05604455272763,-1.76877456108417,-0.246938201682818,0.0757867765613146,-0.230084491520958
1.52114451067748,6.98273083964763,-1.76877456108417,-0.242405566470818,0.0748465915211146,-0.229381283372458
1.61911165850748,6.86054131785763,-1.90052684346517,-0.235153335230818,0.0748465915211146,-0.230787699669458
1.57012808459748,6.73835131923763,-1.76877456108417,-0.222461956636818,0.0682652925141146,-0.232897331565458
1.42317736285748,6.66503760615763,-1.76877456108417,-0.216116252438818,0.0673251074739146,-0.235710171609958
1.39868557589748,6.68947551051763,-1.76877456108417,-0.218835833566818,0.0626241822727146,-0.237819803505958
1.42317736285748,6.71391341487763,-1.90052684346517,-0.216116252438818,0.0569830683060146,-0.240632643550458
1.39868557589748,6.78722712794763,-1.76877456108417,-0.219742360608818,0.0532223281451146,-0.237116595357458
1.34970200198748,6.86054131785763,-1.76877456108417,-0.224275010721818,0.0504017730243146,-0.235006963461458
1.32521021502748,6.93385503093763,-1.90052684346517,-0.230620700018818,0.0485213992186146,-0.235710171609958
1.44766914980748,7.10492036143763,-2.03227915564917,-0.240592512385818,0.0522821431048146,-0.237116595357458
1.52114451067748,7.22710988322763,-2.16403146783217,-0.246938201682818,0.0560428832658146,-0.238523011654458
1.61911165850748,7.32486197749763,-2.42753603259417,-0.258723053233818,0.0663849224336146,-0.245555115490858
1.71707892554748,7.47148940364763,-2.42753603259417,-0.265068772332818,0.0739064064808146,-0.250477587431858
1.76606249945748,7.54480311671763,-2.55928834478017,-0.270507934586818,0.0786073354073146,-0.247664747386858
1.76606249945748,7.61811682979763,-2.55928834478017,-0.277760150925818,0.0795475167222146,-0.244851907342858
1.64360356467748,7.81362054149763,-2.82279296914017,-0.289545002477818,0.0823680755682146,-0.235710171609958
1.59461987154748,7.91137215892763,-2.69104059736017,-0.296797248618818,0.0776671466418146,-0.230787699669458
1.42317736285748,7.98468587199763,-2.82279296914017,-0.305862519042818,0.0682652925141146,-0.224458811431958
1.30071842806748,8.00912377635763,-2.82279296914017,-0.307675573127818,0.0626241822727146,-0.220239547639958
1.25173479455248,7.93581006328763,-2.69104059736017,-0.301329883830818,0.0607438121922146,-0.219536339491458
1.17825943368148,7.81362054149763,-2.29578372041117,-0.281386259095818,0.0475812141783146,-0.219536339491458
1.10478401320648,7.93581006328763,-2.29578372041117,-0.285012367265818,0.0372391768731146,-0.216020291298458
1.03130865233648,8.13131329814763,-2.82279296914017,-0.314927789466818,0.0391195469536146,-0.216020291298458
1.15376758712048,8.18018910685763,-2.95454522172017,-0.320366951720818,0.0428802889772146,-0.219536339491458
1.25173479455248,8.18018910685763,-2.95454522172017,-0.323086562650818,0.0504017730243146,-0.223052395134958
1.27622664111748,8.15575120250763,-2.95454522172017,-0.323993089692818,0.0560428832658146,-0.223052395134958
1.27622664111748,8.00912377635763,-2.95454522172017,-0.307675573127818,0.0522821431048146,-0.220239547639958
1.17825943368148,7.81362054149763,-2.82279296914017,-0.291358086364818,0.0494615879841146,-0.220942763238958
1.08029222625048,7.61811682979763,-2.82279296914017,-0.277760150925818,0.0409999170341146,-0.218129923194458
0.957833291466483,7.56924102107763,-2.82279296914017,-0.271414461629818,0.0315980647691146,-0.220239547639958
0.908849657947484,7.56924102107763,-2.69104059736017,-0.273227515714818,0.0287775077857146,-0.220239547639958
0.859866084034484,7.59367892543763,-2.82279296914017,-0.282292786137818,0.0278373227455146,-0.223755603283458
0.859866084034484,7.64255473414763,-2.69104059736017,-0.286825421349818,0.0278373227455146,-0.225865235179458
0.982325078422484,7.71586844722763,-2.95454522172017,-0.287731948392818,0.0315980647691146,-0.218833131342958
1.00681686537948,7.66699263850763,-2.95454522172017,-0.287731948392818,0.0297176928259146,-0.214613867550958
0.859866084034484,7.61811682979763,-2.82279296914017,-0.282292786137818,0.0231363956816646,-0.208988187461958
0.761898906404483,7.66699263850763,-2.55928834478017,-0.285012367265818,0.0174952831119446,-0.202659299224458
0.810882510120484,7.76474473277763,-2.69104059736017,-0.291358086364818,0.0146747269434956,-0.204768931120458
0.786390723163483,7.74030635157763,-2.95454522172017,-0.290451529519818,0.0184354686178346,-0.204768931120458
0.737407119448483,7.74030635157763,-2.95454522172017,-0.289545002477818,0.0156149123329746,-0.202659299224458
0.663931728775483,7.74030635157763,-3.08629747430017,-0.301329883830818,0.0127943561645336,-0.199846459179958
0.590456338102483,7.78918263713763,-3.08629747430017,-0.301329883830818,0.0156149123329746,-0.199846459179958
0.590456338102483,7.71586844722763,-3.08629747430017,-0.292264613406818,0.0146747269434956,-0.199143247306158
0.541472764189483,7.66699263850763,-3.08629747430017,-0.285918894307818,0.0090336144901945,-0.198440035432358
0.492489160473483,7.61811682979763,-3.08629747430017,-0.285918894307818,0.0071532439440545,-0.197736827283958
0.516980962331483,7.64255473414763,-2.82279296914017,-0.287731948392818,0.0099737999960845,-0.201252879202158
0.590456338102483,7.69143054286763,-2.82279296914017,-0.289545002477818,0.0099737999960845,-0.201956087350658
0.688423515732483,7.66699263850763,-2.95454522172017,-0.298610302703818,0.0118541707750546,-0.200549667328458
0.712915302688483,7.61811682979763,-3.08629747430017,-0.296797248618818,0.0156149123329746,-0.198440035432358
0.737407119448483,7.56924102107763,-3.08629747430017,-0.293171140448818,0.0174952831119446,-0.196330407261658
0.712915302688483,7.44705149928763,-3.08629747430017,-0.290451529519818,0.0212560246698646,-0.197736827283958
0.688423515732483,7.34929988185763,-3.34980209867017,-0.285012367265818,0.0297176928259146,-0.201956087350658
0.712915302688483,7.20267197886763,-2.82279296914017,-0.274134042756818,0.0268971367739146,-0.202659299224458
0.590456338102483,7.03160664836763,-2.69104059736017,-0.260536137120818,0.0268971367739146,-0.205472139268958
0.541472764189483,6.81166550914763,-2.55928834478017,-0.241499039428818,0.0221962097101046,-0.199846459179958
0.443505586559483,6.61616179744763,-2.42753603259417,-0.226994591848818,0.0212560246698646,-0.197033615410158
0.492489160473483,6.39622065822763,-2.03227915564917,-0.209770563142818,0.0174952831119446,-0.194220775365658
0.541472764189483,6.29846856395763,-2.03227915564917,-0.197985696689818,0.0174952831119446,-0.191407935321158
-0.340231834476517,-0.641902949412367,0.339262165629833,-0.309488627211818,0.0475812141783146,-0.0929585188625583
0.810882510120484,5.24763772288763,0.866271295149833,-0.178042086856818,0.0325382498093146,-0.204768931120458
0.419013784701483,4.90550706187763,-1.37351766923817,-0.133622217075818,0.0334784348495146,-0.165389161184258
0.835374297077483,5.58976886073763,-1.76877456108417,-0.119117769496818,0.0372391768731146,-0.196330407261658
0.639439941818484,5.19876191417763,-0.714756212629167,-0.131809162990818,0.0306578778662146,-0.182969415187658
0.174095840627983,4.22124478618763,-0.583003900446167,-0.211583617226818,0.0616839972325146,-0.128822235017858
0.712915302688483,5.36982772151763,-0.451251588260167,-0.157191935078818,0.0419401039369146,-0.175234103202658
0.663931728775483,5.00325867930763,-1.37351766923817,-0.165350693361818,0.0522821431048146,-0.159060271084158
0.908849657947484,4.71000335017763,-0.0559947113201669,-0.134528744118818,0.0522821431048146,-0.195627195387958
0.884357870991483,2.85272095004763,0.339262165629833,-0.199798750774818,0.0532223281451146,-0.201956087350658
0.590456338102483,4.85663077632763,-0.319499335680167,-0.149033191697818,0.0551026982255146,-0.182266203313858
0.541472764189483,4.63668963710763,-0.714756212629167,-0.120930823581818,0.0532223281451146,-0.199846459179958
0.0026532723254834,2.87715885440763,0.339262165629833,-0.156285408036818,0.0513419580646146,-0.137260756082668
0.516980962331483,3.63473460475763,-0.319499335680167,-0.131809162990818,0.0391195469536146,-0.201956087350658
0.394521990294483,3.58585879603763,0.339262165629833,-0.0901088743378179,0.0362989899702146,-0.178046943247158
0.174095840627983,1.97295543948763,0.734519042569833,-0.128183039920818,0.0409999170341146,-0.144996067602018
0.394521990294483,2.51058981219763,0.471014537419833,-0.0928284554650179,0.0400597319938146,-0.156950640119458
0.370030195886983,2.48615190783763,0.207509913049833,-0.0828566505481179,0.0400597319938146,-0.154137799143658
0.296554812664883,1.09319001833563,0.734519042569833,-0.0692587300111179,0.0504017730243146,-0.126712604053158
0.345538401479583,1.33756927053163,0.471014537419833,-0.0620065062214179,0.0569830683060146,-0.116867662966058
0.370030195886983,0.946562428275633,0.998023786149833,-0.0184931690712179,0.0579232533462146,-0.107022719085058
0.247571223850083,0.408928010860633,0.998023786149833,-0.0193996979763179,0.0579232533462146,-0.0873328387735583
0.247571223850083,0.311176304022633,0.734519042569833,-0.0239323369135179,0.0569830683060146,-0.0795975230632583
0.149604046220483,0.0423590878646333,1.26152829130983,0.0032635004351821,0.0447606590576146,-0.0662365309892583
0.198587635035383,0.0667969922226332,0.998023786149833,-0.0048952503968979,0.0409999170341146,-0.0662365309892583
0.247571223850083,0.188986633221633,1.12977603872983,0.0223005869517821,0.0381793619133146,-0.0704557947812583
0.198587635035383,-0.226458098492367,0.734519042569833,0.0096091957855021,0.0362989899702146,-0.0521723307667583
0.223079429442783,-0.421961571772367,0.602766789999833,0.0141418351883821,0.0419401039369146,-0.0592044346032583
0.345538401479583,0.164548728863633,0.602766789999833,0.0404311464259821,0.0344186198898146,-0.0676429547367583
0.321046607072183,-0.568589117132367,0.207509913049833,0.0340854496786821,0.0297176928259146,-0.0535787545142583
0.321046607072183,-0.593027021492367,0.602766789999833,0.0395246156583821,0.0334784348495146,-0.0606108509002583
0.541472764189483,-0.666340853772367,0.602766789999833,0.0621878140697821,0.0259569517337146,-0.0824103668330583
0.467997373516483,-0.984033968052367,0.602766789999833,0.0531225361953821,0.0306578778662146,-0.0795975230632583
0.467997373516483,-1.00847187241237,0.471014537419833,0.0694400415847821,0.0268971367739146,-0.0824103668330583
0.419013784701483,-0.910720135772367,0.602766789999833,0.0830379546711821,0.0156149123329746,-0.0873328387735583
0.370030195886983,-0.984033968052367,0.207509913049833,0.0993554563353821,0.0118541707750546,-0.0838167868552583
0.370030195886983,-0.910720135772367,0.0757575412598332,0.106607680125182,0.0090336144901945,-0.0866296268997583
0.272063018257483,-1.10622360905237,-0.0559947113201669,0.126551297409182,0.0033925023861145,-0.0894424669442583
0.345538401479583,-0.666340853772367,-0.583003900446167,0.147401434285182,-0.0031887947581854,-0.0936617270110583
0.345538401479583,-0.959595944482367,-0.451251588260167,0.165531990034182,-0.0097700937650854,-0.101397038996058
0.321046607072183,-0.861844327052367,-0.846508465208167,0.191821304066182,-0.0219925048760854,-0.107725930958858
0.321046607072183,-1.17953732212237,-0.978260777391167,0.207232278688182,-0.0266934300772854,-0.116164452954958
0.296554812664883,-0.935158040122367,-1.37351766923817,0.225362834437182,-0.0323345440439854,-0.117570872977158
0.345538401479583,-0.984033968052367,-1.11001308957517,0.238054227931182,-0.0295139851979854,-0.120383713021658
0.443505586559483,-1.30172708233237,-1.11001308957517,0.230802011592182,-0.0182317609898854,-0.137260756082668
0.370030195886983,-1.10622360905237,-1.37351766923817,0.244399932129182,-0.0210523161105854,-0.133744705095718
0.345538401479583,-1.13066151341237,-0.978260777391167,0.264343527062182,-0.0257532450370854,-0.133041495084588
0.321046607072183,-1.32616498669237,-1.50526996652017,0.254371729595182,-0.0276336151174854,-0.133041495084588
0.296554812664883,-1.15509941776237,-1.37351766923817,0.266156581146182,-0.0248130599967854,-0.136557546071538
0.272063018257483,-1.27728917797237,-1.50526996652017,0.277034935457182,-0.0257532450370854,-0.140073596592818
0.321046607072183,-1.22841313084237,-1.37351766923817,0.268876192076182,-0.0257532450370854,-0.136557546071538
0.345538401479583,-1.32616498669237,-1.37351766923817,0.275221881373182,-0.0332747290841854,-0.142886437219398
0.370030195886983,-1.32616498669237,-1.24176537195617,0.268876192076182,-0.0276336151174854,-0.142183227091858
0.394521990294483,-1.32616498669237,-1.11001308957517,0.257091310722182,-0.0210523161105854,-0.146402488089928
0.443505586559483,-1.69273379047237,-0.978260777391167,0.250745621426182,-0.0238728749565854,-0.158357059210358
0.565964551145483,-2.15705445011237,-1.24176537195617,0.238054227931182,-0.0257532450370854,-0.161873111128658
0.0026532723254834,2.14402088920763,-0.187746963900167,0.102075044913082,-0.0511382522992854,-0.0655333228407583
0.419013784701483,1.33756927053163,-0.978260777391167,0.0485898972580821,-0.0652410316280854,-0.0324824504548583
0.688423515732483,1.31313136617363,-0.319499335680167,0.0685335070917821,-0.0342149141244854,-0.0500626988707583
0.321046607072183,0.677745219568433,-1.24176537195617,0.0721596227119821,-0.0276336151174854,-0.0704557947812583
0.345538401479583,0.579993505279633,-0.714756212629167,0.0504029513428821,-0.0248130599967854,-0.0374049149448583
0.688423515732483,-0.177582289775367,-0.846508465208167,0.0186744750569821,-0.0191719460300854,-0.0163086183368583
0.565964551145483,-1.03290977676237,-0.978260777391167,0.0250201699415821,-0.0069495367817854,-0.0542819626627583
0.345538401479583,-0.275334026412367,-0.451251588260167,0.0349919767210821,-0.0069495367817854,-0.0486562825737583
0.492489160473483,0.751059005285333,-0.846508465208167,0.0213940580467821,-0.0201121310702854,-0.0296696104108583
0.663931728775483,0.922124509016633,-0.978260777391167,0.0050765562661921,-0.0201121310702854,-0.0099797226488583
0.712915302688483,0.848810721437133,-0.714756212629167,-0.0048952503968979,-0.0107102788052854,0.0005684219301416
0.761898906404483,0.237862501541633,-1.11001308957517,0.000543916746882,0.0015121313743145,-0.0141989864408583
0.835374297077483,0.311176304022633,-0.846508465208167,0.0014504446041721,-0.0041289816610854,-0.0127925701438583
0.835374297077483,1.04431415001563,-0.846508465208167,-0.0003626112268379,-0.0135308339260854,-0.0085733063518583
0.835374297077483,1.45975891153063,-0.714756212629167,-0.0003626112268379,-0.0201121310702854,-0.0036508269608583
0.957833291466483,1.89964160720763,-1.11001308957517,-0.0085213622917179,-0.0257532450370854,0.0061941169201416
1.05580043929348,1.87520370284763,-0.978260777391167,-0.0130540012290179,-0.0201121310702854,0.0083037339151416
1.10478401320648,1.60638651649163,-1.24176537195617,-0.0094278902654179,-0.0163513909093854,-0.0022444106638583
1.10478401320648,1.45975891153063,-1.37351766923817,0.0087026678117921,-0.0116504638455854,-0.0296696104108583
1.12927580016348,1.82632789412763,-1.24176537195617,0.0068896120972021,-0.0172915759495854,-0.0219342984258583
1.10478401320648,1.55751064817163,-1.24176537195617,-0.0021756669414279,-0.0154112058691854,-0.0113861389458583
0.957833291466483,1.31313136617363,-0.978260777391167,-0.0030821949151379,-0.0116504638455854,-0.0092765070498583
0.908849657947484,1.21537965933463,-0.978260777391167,-0.0085213622917179,-0.0116504638455854,-0.0008379943668583
0.737407119448483,0.897686574856633,-0.978260777391167,-0.0157735860814179,-0.0088299068621854,0.0097101651131416
0.737407119448483,0.702183146278133,-0.978260777391167,-0.0239323369135179,-0.0088299068621854,0.0181486777961417
0.786390723163483,0.384490076700633,-1.11001308957517,-0.0166801131238179,-0.0078897218219854,0.0012716375291416
0.688423515732483,0.946562428275633,-0.714756212629167,-0.0048952503968979,-0.0135308339260854,-0.0029476262628583
0.982325078422484,1.89964160720763,-0.846508465208167,-0.0193996979763179,-0.0285738001577854,0.0167422614991417
1.10478401320648,1.92407963076763,-0.714756212629167,-0.0184931690712179,-0.0257532450370854,0.0160390459001417
1.00681686537948,1.50863477985063,-1.37351766923817,-0.0021756669414279,-0.0125906488857854,-0.0149021871388583
1.05580043929348,1.65526238481163,-1.37351766923817,0.0059830841234821,-0.0135308339260854,-0.0261535547668583
1.12927580016348,1.80188998977763,-1.24176537195617,0.0032635004351821,-0.0163513909093854,-0.0226375065738583
1.10478401320648,1.45975891153063,-1.37351766923817,-0.0039887228888479,-0.0144710208288854,-0.0141989864408583
0.957833291466483,1.36200723449363,-1.11001308957517,-0.0048952503968979,-0.0107102788052854,-0.0099797226488583
0.908849657947484,1.33756927053163,-1.11001308957517,-0.0103344182391179,-0.0144710208288854,-0.0001347787678583
0.859866084034484,1.11762792269363,-0.978260777391167,-0.0166801131238179,-0.0154112058691854,0.0104133658111417
0.688423515732483,0.824372791002233,-0.846508465208167,-0.0248388658185179,-0.0107102788052854,0.0188518933951417
0.737407119448483,0.677745219568433,-0.846508465208167,-0.0257453928609179,-0.0135308339260854,0.0160390459001417
0.688423515732483,0.726621076713033,-0.978260777391167,-0.0148670571764179,-0.0125906488857854,0.0047876857221416
0.761898906404483,1.38644513885163,-0.978260777391167,-0.0139605301340179,-0.0210523161105854,0.0083037339151416
0.982325078422484,1.77745196620763,-1.11001308957517,-0.0148670571764179,-0.0276336151174854,0.0083037339151416
0.957833291466483,1.77745196620763,-1.11001308957517,-0.0085213622917179,-0.0191719460300854,-0.0022444106638583
1.03130865233648,1.65526238481163,-1.37351766923817,-0.0003626112268379,-0.0163513909093854,-0.0177150346338583
1.05580043929348,1.58194855252863,-1.24176537195617,0.0032635004351821,-0.0135308339260854,-0.0247471384698583
1.00681686537948,1.50863477985063,-1.37351766923817,-0.0003626112268379,-0.0135308339260854,-0.0184182427818583
0.933341444904483,1.38644513885163,-1.37351766923817,-0.0076148343180179,-0.0125906488857854,-0.0043540425598583
0.859866084034484,1.19094172517463,-1.11001308957517,-0.0121474741866179,-0.0116504638455854,-0.0008379943668583
0.810882510120484,1.14206585685463,-1.11001308957517,-0.0130540012290179,-0.0154112058691854,0.0054909013211416
0.737407119448483,1.11762792269363,-0.846508465208167,-0.0203062250187179,-0.0163513909093854,0.0160390459001417
0.663931728775483,0.971000362435633,-0.978260777391167,-0.0230258098711179,-0.0097700937650854,0.0153358452021417
0.712915302688483,0.946562428275633,-0.978260777391167,-0.0184931690712179,-0.0144710208288854,0.0132262133061417
0.859866084034484,1.36200723449363,-0.846508465208167,-0.0166801131238179,-0.0182317609898854,0.0097101651131416
0.884357870991483,1.58194855252863,-1.24176537195617,-0.0139605301340179,-0.0201121310702854,0.0068973176181416
0.933341444904483,1.72857615749063,-1.24176537195617,-0.0067083063443179,-0.0191719460300854,-0.0057604588568583
0.982325078422484,1.65526238481163,-1.37351766923817,-0.0021756669414279,-0.0182317609898854,-0.0134957708418583
0.933341444904483,1.55751064817163,-1.37351766923817,-0.0030821949151379,-0.0116504638455854,-0.0149021871388583
0.859866084034484,1.36200723449363,-1.11001308957517,-0.0058017783706079,-0.0116504638455854,-0.0106829382478583
0.859866084034484,1.19094172517463,-1.11001308957517,-0.0076148343180179,-0.0125906488857854,-0.0071668751538583
0.737407119448483,0.971000362435633,-1.11001308957517,-0.0130540012290179,-0.0088299068621854,0.0012716375291416
0.712915302688483,1.09319001833563,-1.11001308957517,-0.0157735860814179,-0.0125906488857854,0.0083037339151416
0.761898906404483,1.26425549785263,-0.978260777391167,-0.0184931690712179,-0.0210523161105854,0.0160390459001417
0.761898906404483,1.26425549785263,-1.11001308957517,-0.0157735860814179,-0.0210523161105854,0.0111165814101417
0.835374297077483,1.50863477985063,-1.37351766923817,-0.0130540012290179,-0.0191719460300854,0.0054909013211416
0.933341444904483,1.75301406184863,-1.11001308957517,-0.0058017783706079,-0.0201121310702854,-0.0071668751538583
0.982325078422484,1.63082442084963,-1.24176537195617,-0.0021756669414279,-0.0163513909093854,-0.0141989864408583
0.982325078422484,1.65526238481163,-1.24176537195617,-0.0003626112268379,-0.0172915759495854,-0.0163086183368583
0.957833291466483,1.58194855252863,-1.37351766923817,-0.0012691389677179,-0.0144710208288854,-0.0170118190348583
0.786390723163483,1.16650379101463,-1.11001308957517,-0.0058017783706079,-0.0069495367817854,-0.0092765070498583
0.663931728775483,0.922124509016633,-1.37351766923817,-0.0112409462129179,-0.0041289816610854,0.0005684219301416
0.737407119448483,0.946562428275633,-0.978260777391167,-0.0157735860814179,-0.0078897218219854,0.0076005332171416
0.688423515732483,1.04431415001563,-1.11001308957517,-0.0148670571764179,-0.0116504638455854,0.0083037339151416
0.712915302688483,1.19094172517463,-1.11001308957517,-0.0157735860814179,-0.0116504638455854,0.0097101651131416
0.810882510120484,1.50863477985063,-1.37351766923817,-0.0112409462129179,-0.0163513909093854,0.0040844850241416
0.835374297077483,1.65526238481163,-1.37351766923817,-0.0076148343180179,-0.0191719460300854,-0.0022444106638583
0.859866084034484,1.75301406184863,-1.24176537195617,-0.0021756669414279,-0.0163513909093854,-0.0141989864408583
0.908849657947484,1.67970028916963,-1.37351766923817,0.0014504446041721,-0.0154112058691854,-0.0191214583808583
0.933341444904483,1.55751064817163,-1.37351766923817,0.000543916746882,-0.0125906488857854,-0.0184182427818583
0.957833291466483,1.50863477985063,-1.37351766923817,-0.0012691389677179,-0.0163513909093854,-0.0149021871388583
0.786390723163483,1.26425549785263,-1.24176537195617,-0.0058017783706079,-0.0097700937650854,-0.0078700907528583
0.688423515732483,1.06875208417563,-1.24176537195617,-0.0094278902654179,-0.0069495367817854,-0.0029476262628583
0.663931728775483,1.04431415001563,-1.24176537195617,-0.0094278902654179,-0.0088299068621854,0.0005684219301416
0.565964551145483,0.995438296596633,-1.24176537195617,-0.0121474741866179,-0.0078897218219854,0.0033812694251416
0.614948154861483,1.09319001833563,-1.24176537195617,-0.0121474741866179,-0.0088299068621854,0.0033812694251416
0.786390723163483,1.45975891153063,-1.24176537195617,-0.0067083063443179,-0.0163513909093854,-0.0001347787678583
0.810882510120484,1.58194855252863,-1.24176537195617,-0.0048952503968979,-0.0172915759495854,-0.0057604588568583
0.835374297077483,1.65526238481163,-1.11001308957517,-0.0030821949151379,-0.0201121310702854,-0.0078700907528583
0.859866084034484,1.72857615749063,-1.11001308957517,-0.0003626112268379,-0.0191719460300854,-0.0163086183368583
0.908849657947484,1.58194855252863,-1.11001308957517,-0.0003626112268379,-0.0154112058691854,-0.0170118190348583
0.859866084034484,1.48419687549263,-1.37351766923817,0.000543916746882,-0.0144710208288854,-0.0170118190348583
0.810882510120484,1.36200723449363,-1.24176537195617,-0.0030821949151379,-0.0116504638455854,-0.0127925701438583
0.810882510120484,1.21537965933463,-1.37351766923817,-0.0030821949151379,-0.0097700937650854,-0.0113861389458583
0.737407119448483,1.19094172517463,-1.11001308957517,-0.0067083063443179,-0.0107102788052854,-0.0071668751538583
0.663931728775483,1.21537965933463,-1.37351766923817,-0.0076148343180179,-0.0107102788052854,-0.0015411950648583
0.639439941818484,1.11762792269363,-1.24176537195617,-0.0076148343180179,-0.0116504638455854,-0.0036508269608583
0.639439941818484,1.19094172517463,-1.37351766923817,-0.0076148343180179,-0.0107102788052854,-0.0015411950648583
0.761898906404483,1.28869346181563,-1.37351766923817,-0.0058017783706079,-0.0144710208288854,-0.0043540425598583
0.737407119448483,1.43532100717263,-1.24176537195617,-0.0058017783706079,-0.0144710208288854,-0.0064636744558583
0.835374297077483,1.58194855252863,-1.37351766923817,-0.0012691389677179,-0.0163513909093854,-0.0106829382478583
0.786390723163483,1.63082442084963,-1.24176537195617,0.0014504446041721,-0.0163513909093854,-0.0184182427818583
0.859866084034484,1.63082442084963,-1.24176537195617,0.0014504446041721,-0.0144710208288854,-0.0198246665298583
0.908849657947484,1.58194855252863,-1.37351766923817,0.0023569725196781,-0.0144710208288854,-0.0184182427818583
0.859866084034484,1.45975891153063,-1.37351766923817,0.0014504446041721,-0.0125906488857854,-0.0191214583808583
0.786390723163483,1.28869346181563,-1.37351766923817,-0.0021756669414279,-0.0078897218219854,-0.0149021871388583
0.712915302688483,1.28869346181563,-1.11001308957517,-0.0039887228888479,-0.0107102788052854,-0.0092765070498583
0.614948154861483,1.21537965933463,-1.37351766923817,-0.0076148343180179,-0.0107102788052854,-0.0022444106638583
0.614948154861483,1.16650379101463,-1.24176537195617,-0.0076148343180179,-0.0116504638455854,-0.0015411950648583
0.639439941818484,1.14206585685463,-1.24176537195617,-0.0067083063443179,-0.0116504638455854,-0.0029476262628583
0.663931728775483,1.21537965933463,-1.24176537195617,-0.0067083063443179,-0.0116504638455854,-0.0036508269608583
0.663931728775483,1.28869346181563,-1.11001308957517,-0.0039887228888479,-0.0144710208288854,-0.0071668751538583
0.688423515732483,1.28869346181563,-1.11001308957517,0.0050765562661921,-0.0154112058691854,-0.0170118190348583
0.639439941818484,1.21537965933463,-0.978260777391167,0.0096091957855021,-0.0154112058691854,-0.0275599785148583
0.590456338102483,1.19094172517463,-0.846508465208167,0.0077961398380821,-0.0154112058691854,-0.0219342984258583
0.516980962331483,1.01987621585563,-0.978260777391167,0.0059830841234821,-0.0154112058691854,-0.0163086183368583
0.419013784701483,0.702183146278133,-0.978260777391167,0.0077961398380821,-0.0097700937650854,-0.0191214583808583
0.345538401479583,0.482241783539633,-0.583003900446167,0.0096091957855021,-0.0031887947581854,-0.0219342984258583
0.321046607072183,0.311176304022633,-0.319499335680167,0.0077961398380821,-0.0013084246776854,-0.0205278746778583
0.688423515732483,-0.886282231412367,-0.583003900446167,0.0087026678117921,0.0005719463341145,-0.0535787545142583
0.272063018257483,-0.886282231412367,0.0757575412598332,0.0105157237592121,0.0118541707750546,-0.0599076427517583
0.272063018257483,-0.324209835132367,-0.319499335680167,0.0096091957855021,0.0099737999960845,-0.0563915945587583
0.0516368760414835,-0.153144325812367,-0.0559947113201669,0.0032635004351821,0.0127943561645336,-0.0416241787368583
0.198587635035383,-0.0065167804563667,-0.451251588260167,-0.0030821949151379,0.0099737999960845,-0.0338888667518583
0.247571223850083,0.286738369862633,-0.451251588260167,-0.0048952503968979,0.0099737999960845,-0.0317792348558583
0.321046607072183,0.751059005285333,-0.451251588260167,-0.0139605301340179,0.0024523173459145,-0.0212310828268583
0.443505586559483,0.848810721437133,-0.187746963900167,-0.0284649758507179,0.0109139855019846,-0.0001347787678583
0.565964551145483,0.775496933857633,-0.187746963900167,-0.0320910877456179,0.0062130584381645,-0.0001347787678583
0.712915302688483,0.946562428275633,-0.187746963900167,-0.0221192809661179,0.0118541707750546,-0.0092765070498583
0.712915302688483,0.995438296596633,-0.187746963900167,-0.0230258098711179,0.0109139855019846,-0.0113861389458583
0.639439941818484,0.824372791002233,-0.0559947113201669,-0.0184931690712179,0.0071532439440545,-0.0141989864408583
0.247571223850083,0.360052142540633,0.339262165629833,-0.0048952503968979,0.0052728733979245,-0.0240439228708583
-0.0463303015875166,-0.128706421454367,0.207509913049833,0.0077961398380821,0.0015121313743145,-0.0331856586038583
0.614948154861483,-2.59693720539237,0.207509913049833,0.0667204530070821,-0.0276336151174854,-0.120383713021658
0.908849657947484,-3.15900948246237,-0.583003900446167,0.162812408907182,-0.0342149141244854,-0.194923987239458
0.516980962331483,-2.27924421032237,-1.11001308957517,0.247119513256182,-0.0285738001577854,-0.183672623336158
0.370030195886983,-1.81492355068237,-1.37351766923817,0.297885087235182,-0.0154112058691854,-0.197736827283958
0.345538401479583,-1.71717169483237,-1.37351766923817,0.319641736252182,-0.0003682396374854,-0.222349179535958
0.370030195886983,-1.47279241283237,-0.978260777391167,0.321454790337182,-0.0041289816610854,-0.232194123416958
0.370030195886983,-1.30172708233237,-0.846508465208167,0.310576465828182,-0.0050691667012854,-0.228678075223958
0.394521990294483,-0.764092590412367,-0.319499335680167,0.283380624754182,-0.0050691667012854,-0.227271651476458
0.419013784701483,-0.470837380492367,-0.583003900446167,0.262530472977182,0.0005719463341145,-0.226568443327958
0.443505586559483,0.0423590878646333,-0.583003900446167,0.229895484550182,-0.0003682396374854,-0.222349179535958
0.443505586559483,0.482241783539633,-0.714756212629167,0.194540885193182,0.0015121313743145,-0.205472139268958
0.541472764189483,1.14206585685463,-0.583003900446167,0.148307961328182,-0.0060093517414854,-0.185782255232158
0.565964551145483,1.65526238481163,-0.846508465208167,0.102075044913082,-0.0041289816610854,-0.173124473169258
0.663931728775483,2.07070717612763,-0.846508465208167,0.0812249005864821,-0.0060093517414854,-0.168202001228758
0.663931728775483,2.80384490291763,-1.24176537195617,0.0250201699415821,0.0033925023861145,-0.161873111128658
0.859866084034484,3.34147951403763,-0.978260777391167,-0.0112409462129179,0.0090336144901945,-0.167498791217658
0.810882510120484,4.22124478618763,-1.11001308957517,-0.0683522029687179,0.0203158391639746,-0.166795581206558
0.957833291466483,4.95438287059763,-1.50526996652017,-0.122743877665818,0.0231363956816646,-0.159763481095258
1.10478401320648,5.58976886073763,-2.03227915564917,-0.169883328573818,0.0325382498093146,-0.173124473169258
1.05580043929348,6.20071694651763,-2.29578372041117,-0.202518331901818,0.0344186198898146,-0.178750155120958
1.08029222625048,6.59172389308763,-2.29578372041117,-0.224275010721818,0.0381793619133146,-0.194923987239458
1.10478401320648,7.25154778758763,-2.55928834478017,-0.263255718247818,0.0391195469536146,-0.203362507372958
1.08029222625048,7.64255473414763,-2.69104059736017,-0.292264613406818,0.0362989899702146,-0.218833131342958
1.00681686537948,8.18018910685763,-2.82279296914017,-0.324899616734818,0.0297176928259146,-0.223052395134958
1.05580043929348,8.57119605342763,-3.21804984609017,-0.355721565978818,0.0306578778662146,-0.229381283372458
1.10478401320648,9.08439299861763,-3.34980209867017,-0.388356569306818,0.0344186198898146,-0.227974859624958
1.08029222625048,9.30433413783763,-3.61330672304017,-0.408300164239818,0.0381793619133146,-0.227271651476458
1.03130865233648,9.47539946833763,-3.74505897561017,-0.418271991507818,0.0438204740174146,-0.223052395134958
1.05580043929348,9.54871318141763,-3.74505897561017,-0.416458937423818,0.0438204740174146,-0.212504243105458
1.03130865233648,9.47539946833763,-4.00856371919017,-0.407393637196818,0.0428802889772146,-0.202659299224458
1.05580043929348,9.30433413783763,-3.87681122819017,-0.388356569306818,0.0485213992186146,-0.200549667328458
1.17825943368148,9.25545832911763,-3.61330672304017,-0.366599890487818,0.0513419580646146,-0.199846459179958
1.32521021502748,9.23102042476763,-3.34980209867017,-0.359347674147818,0.0616839972325146,-0.202659299224458
1.37419378893748,9.20658252040763,-3.34980209867017,-0.363880309359818,0.0692054812796146,-0.202659299224458
1.37419378893748,9.25545832911763,-3.34980209867017,-0.371132525698818,0.0682652925141146,-0.205472139268958
1.34970200198748,9.25545832911763,-3.34980209867017,-0.374758633868818,0.0663849224336146,-0.205472139268958
1.34970200198748,9.23102042476763,-3.21804984609017,-0.372945579783818,0.0626241822727146,-0.208284979313458
1.30071842806748,9.15770671168763,-3.08629747430017,-0.358441147105818,0.0607438121922146,-0.218833131342958
1.32521021502748,9.08439299861763,-2.95454522172017,-0.349375846879818,0.0560428832658146,-0.229381283372458
1.27622664111748,8.91332671443763,-2.55928834478017,-0.342123630540818,0.0541625131853146,-0.240632643550458
1.25173479455248,8.81557509700763,-2.03227915564917,-0.335777941243818,0.0551026982255146,-0.251884003728858
1.30071842806748,8.62007186213763,-2.29578372041117,-0.323993089692818,0.0626241822727146,-0.260322531312858
1.37419378893748,8.57119605342763,-2.29578372041117,-0.317647370593818,0.0673251074739146,-0.261728947609858
1.49665272372748,8.59563395778763,-2.03227915564917,-0.312208208339818,0.0767269653268146,-0.261025739460858
1.59461987154748,8.64450976649763,-2.03227915564917,-0.316740843551818,0.0851886344142146,-0.261728947609858
1.66809535162748,8.69338557521763,-1.76877456108417,-0.324899616734818,0.0945904848166146,-0.255400059371858
1.61911165850748,8.76669976512763,-2.03227915564917,-0.334871414201818,0.0974110436626146,-0.249071163683858
1.54563629763748,8.74226186076763,-1.90052684346517,-0.333058360116818,0.0964708548970146,-0.244851907342858
1.49665272372748,8.69338557521763,-1.90052684346517,-0.326712670819818,0.0927101147361146,-0.244851907342858
1.39868557589748,8.57119605342763,-1.90052684346517,-0.314021262423818,0.0823680755682146,-0.244148699193858
1.25173479455248,8.37569281855763,-1.76877456108417,-0.303142937915818,0.0739064064808146,-0.246961539238858
1.27622664111748,8.35125491420763,-1.63702226380217,-0.296797248618818,0.0663849224336146,-0.244851907342858
1.22724300759548,8.35125491420763,-1.50526996652017,-0.297703775660818,0.0673251074739146,-0.246961539238858
1.27622664111748,8.27794120112763,-1.63702226380217,-0.296797248618818,0.0673251074739146,-0.241335851698958
1.20275122063848,8.27794120112763,-1.90052684346517,-0.296797248618818,0.0701456663199146,-0.238523011654458
1.25173479455248,8.22906491557763,-1.50526996652017,-0.296797248618818,0.0663849224336146,-0.235710171609958
1.22724300759548,8.18018910685763,-1.63702226380217,-0.294077667491818,0.0654447373934146,-0.237116595357458
1.17825943368148,8.08243748942763,-1.63702226380217,-0.285012367265818,0.0616839972325146,-0.237819803505958
1.17825943368148,7.91137215892763,-1.50526996652017,-0.276853623883818,0.0626241822727146,-0.243445483594858
1.10478401320648,7.69143054286763,-1.37351766923817,-0.265068772332818,0.0626241822727146,-0.247664747386858
1.08029222625048,7.59367892543763,-1.24176537195617,-0.251470836894818,0.0598036271520146,-0.247664747386858
0.982325078422484,7.39817569056763,-0.978260777391167,-0.242405566470818,0.0532223281451146,-0.244148699193858
1.00681686537948,7.44705149928763,-1.11001308957517,-0.240592512385818,0.0532223281451146,-0.242039067297958
1.08029222625048,7.47148940364763,-1.11001308957517,-0.244218620555818,0.0607438121922146,-0.243445483594858
1.08029222625048,7.49592730800763,-1.24176537195617,-0.251470836894818,0.0701456663199146,-0.244148699193858
1.20275122063848,7.61811682979763,-1.24176537195617,-0.269601407544818,0.0804877054878146,-0.252587219327858
1.25173479455248,7.61811682979763,-1.50526996652017,-0.274134042756818,0.0842484456487146,-0.255400059371858
1.34970200198748,7.61811682979763,-1.37351766923817,-0.269601407544818,0.0870690044947146,-0.252587219327858
1.34970200198748,7.52036521235763,-1.50526996652017,-0.265068772332818,0.0842484456487146,-0.251180795579858
1.32521021502748,7.39817569056763,-1.24176537195617,-0.255096945063818,0.0776671466418146,-0.249774379282858
1.17825943368148,7.12935826579763,-1.24176537195617,-0.238779458300818,0.0786073354073146,-0.246258323639858
1.10478401320648,6.93385503093763,-0.978260777391167,-0.223368483679818,0.0710858513601146,-0.244851907342858
1.03130865233648,6.76278922358763,-1.11001308957517,-0.210677090184818,0.0673251074739146,-0.246258323639858
0.884357870991483,6.51841018000763,-0.846508465208167,-0.195266115562818,0.0541625131853146,-0.236413387208958
