x,y,z,q0,q1,q2,q3
-0.617276966572,-0.158969193697,0.885832965374,0.0028610706795,0.0527008771896,0.803281188011,0.593257069588
-0.617668628693,-0.158815056086,0.885713458061,0.00314627587795,0.0530581586063,0.804279625416,0.591869235039
-0.616696476936,-0.159389689565,0.886744618416,-0.000357066455763,0.0494323894382,0.803151369095,0.593720793724
-0.616859555244,-0.15940015018,0.886745274067,-0.000749387196265,0.04942715168,0.803615570068,0.593092381954
-0.617005884647,-0.159387722611,0.886755347252,-0.000804508628789,0.049377322197,0.804084539413,0.592460393906
-0.617170512676,-0.159362971783,0.886677205563,-0.000443536089733,0.0492674820125,0.804756820202,0.591556370258
-0.619073808193,-0.158291429281,0.885244250298,0.00425356673077,0.0540428087115,0.808190762997,0.586420595646
-0.619301974773,-0.158407628536,0.885230660439,0.00415582116693,0.054237794131,0.808521330357,0.585947215557
-0.619528591633,-0.158452183008,0.885161399841,0.00424138875678,0.0543032549322,0.808877110481,0.585449457169
-0.619834303856,-0.158447310328,0.88506102562,0.00461166352034,0.0544902533293,0.809373676777,0.584742665291
-0.620009422302,-0.158556804061,0.885099947453,0.00449667079374,0.0551190041006,0.810142219067,0.583619356155
-0.620604515076,-0.158491387963,0.884840726852,0.00569091551006,0.0551534742117,0.810346782207,0.583321392536
-0.620692491531,-0.1586009413,0.884875297546,0.00561240594834,0.0556964576244,0.811141729355,0.58216458559
-0.621017813683,-0.15858951211,0.884736955166,0.00619890447706,0.0560388937593,0.811856091022,0.581129193306
-0.621361732483,-0.158604264259,0.884574890137,0.00716768018901,0.0561971403658,0.812482237816,0.580226898193
-0.621753454208,-0.158568903804,0.88438308239,0.00796036701649,0.0560447834432,0.812833189964,0.579739630222
-0.621867179871,-0.158636078238,0.884384512901,0.0079722572118,0.0560382604599,0.813279747963,0.579113483429
-0.622221648693,-0.158584117889,0.884350776672,0.00837196409702,0.0562253184617,0.814297199249,0.577657938004
-0.622442126274,-0.158799484372,0.88438564539,0.00836499687284,0.056307785213,0.81501853466,0.576631784439
-0.622787773609,-0.158900111914,0.884203672409,0.00858787447214,0.0565645098686,0.815026700497,0.576591968536
-0.62306946516,-0.159137219191,0.884178936481,0.00883179344237,0.0567900426686,0.815300822258,0.576178371906
-0.62317866087,-0.159314662218,0.884250998497,0.00852488726377,0.0568117760122,0.815671980381,0.575655162334
-0.623233914375,-0.159490838647,0.884503662586,0.00718633225188,0.0573244281113,0.816395044327,0.574596881866
-0.622928142548,-0.159731686115,0.884739935398,0.00590489478782,0.0570977702737,0.817463159561,0.573113381863
-0.620552897453,-0.160531803966,0.885673344135,0.00284427660517,0.0531149059534,0.813360393047,0.579323410988
-0.62067091465,-0.160251528025,0.885526180267,0.00314053986222,0.052899196744,0.814331293106,0.577976226807
-0.620741784573,-0.160232335329,0.885501205921,0.0032444014214,0.0531598329544,0.815500259399,0.57630109787
-0.620686173439,-0.160280406475,0.88550645113,0.00266279093921,0.0532573908567,0.816479384899,0.574907064438
-0.620564937592,-0.160394638777,0.88558614254,0.00225476571359,0.053794387728,0.817739486694,0.573064744473
-0.620676755905,-0.160420924425,0.885516285896,0.00223054550588,0.0540212579072,0.818607747555,0.571802616119
-0.6227902174,-0.16014225781,0.884838938713,0.00324948923662,0.0579650998116,0.824323952198,0.563133597374
-0.622709155083,-0.160445898771,0.884988546371,0.00256941607222,0.0579104609787,0.825128734112,0.561963021755
-0.622756183147,-0.160412073135,0.884904623032,0.00254655163735,0.0574896894395,0.825821518898,0.560987889767
-0.622696399689,-0.160475179553,0.884893596172,0.00235040043481,0.057487886399,0.826749503613,0.559620440006
-0.620781481266,-0.160642832518,0.885617315769,0.0015663857339,0.0540479123592,0.823682188988,0.564468085766
-0.620886862278,-0.160652264953,0.885580182076,0.00158699369058,0.0543072335422,0.824513673782,0.563227772713
-0.621010124683,-0.160797059536,0.885419905186,0.00123275059741,0.0552441626787,0.825362563133,0.561892449856
-0.621066331863,-0.160879313946,0.885435581207,0.000934008508921,0.0553260110319,0.826088547707,0.560817241669
-0.621195316315,-0.160924941301,0.885396540165,0.000869684386998,0.0554627329111,0.826820850372,0.559723556042
-0.621285676956,-0.160956859589,0.885352194309,0.000822349393275,0.0555221065879,0.827359557152,0.558921098709
-0.623429358006,-0.160988658667,0.884750127792,0.00083327566972,0.0591270066798,0.832087755203,0.551482856274
-0.62354773283,-0.161059245467,0.884723484516,0.000857259437907,0.0592203699052,0.832500338554,0.550849854946
-0.623187601566,-0.161173433065,0.884809613228,0.000877837243024,0.0578313097358,0.831921815872,0.551870405674
-0.622684538364,-0.16135391593,0.884967088699,0.000735155132134,0.0563869997859,0.830825388432,0.553668916225
-0.623047232628,-0.161070942879,0.884907066822,0.00308147165924,0.0547650419176,0.828024864197,0.558001995087
-0.625463426113,-0.162087351084,0.883810997009,0.00267577008344,0.0628136247396,0.832018196583,0.551174342632
-0.624813139439,-0.16052788496,0.884621977806,0.00320248608477,0.0563196465373,0.831685304642,0.552374362946
-0.625049650669,-0.1605052948,0.884568810463,0.00330138485879,0.0564552173018,0.831669449806,0.552383720875
-0.625231385231,-0.160461485386,0.884503960609,0.00330964569002,0.0564780458808,0.831567049026,0.55253559351
-0.625518798828,-0.160498023033,0.884515106678,0.00360798370093,0.0571255795658,0.831546783447,0.552497684956
-0.625741362572,-0.160399213433,0.884114146233,0.00604732427746,0.0576369576156,0.831669747829,0.552237987518
-0.62601351738,-0.160334795713,0.884109079838,0.00627565057948,0.0577119216323,0.831408262253,0.552621304989
-0.626388013363,-0.160296201706,0.884076714516,0.00671396544203,0.0578440949321,0.831138551235,0.553008139133
-0.626999735832,-0.160210222006,0.883898437023,0.00759162567556,0.0575542151928,0.830246329308,0.554365336895
-0.627267241478,-0.160109162331,0.883840680122,0.00810900330544,0.0575940534472,0.829841434956,0.554959833622
-0.625720262527,-0.159490525723,0.884453892708,0.00378982815892,0.0566537231207,0.832166075706,0.551612019539
-0.625953435898,-0.159518674016,0.884545981884,0.00381302530877,0.0570794828236,0.831828474998,0.552076756954
-0.626160144806,-0.159461930394,0.884578824043,0.00373997259885,0.0570510216057,0.831430137157,0.552680015564
-0.626405060291,-0.159403651953,0.884587526321,0.00380701944232,0.0570976994932,0.831026375294,0.553281784058
-0.626657366753,-0.159254387021,0.884566128254,0.0038117968943,0.0566443838179,0.830466389656,0.554168343544
-0.626854598522,-0.159148842096,0.884542644024,0.00359274959192,0.0565069243312,0.830060660839,0.554791331291
-0.627097129822,-0.159197717905,0.884640932083,0.00315005355515,0.0566780082881,0.829511404037,0.555597662926
-0.627377390862,-0.159130901098,0.884633600712,0.00330789317377,0.05681450665,0.829054772854,0.556263685226
-0.627618730068,-0.159070640802,0.884625315666,0.00340239237994,0.0569574683905,0.828696072102,0.556782841682
-0.628047287464,-0.159052222967,0.884596407413,0.00367636187002,0.0573891885579,0.828123688698,0.557587742805
-0.628486514091,-0.159126311541,0.884570717812,0.00436966354027,0.0580329187214,0.827583670616,0.558317482471
-0.629062116146,-0.159171968699,0.884456634521,0.00522485235706,0.0584536381066,0.82687151432,0.559320449829
-0.629699110985,-0.159222647548,0.884319424629,0.00630684802309,0.0588706433773,0.826096236706,0.560410320759
-0.630339384079,-0.159236192703,0.884174108505,0.00752533879131,0.059103615582,0.82504016161,0.561924219131
-0.630542695522,-0.159148618579,0.8841573596,0.00775948027149,0.0592496544123,0.825142264366,0.56175583601
-0.630769789219,-0.159070849419,0.884119153023,0.00811812467873,0.059531327337,0.82512062788,0.561752796173
-0.630893647671,-0.158990398049,0.884112477303,0.00829799845815,0.059603985399,0.825078427792,0.561804354191
-0.63107830286,-0.158882632852,0.884088158607,0.00854893401265,0.05979289487,0.825127542019,0.561708331108
-0.631251394749,-0.158701330423,0.883958220482,0.00906196702272,0.0594219714403,0.824864983559,0.562125325203
-0.631266832352,-0.158665925264,0.884124517441,0.00833246763796,0.0594982430339,0.824895381927,0.56208384037
-0.631372988224,-0.158530265093,0.884149074554,0.00825788732618,0.0595974512398,0.825281262398,0.561507701874
-0.631373405457,-0.158387571573,0.884204149246,0.0080714803189,0.0595637001097,0.825465142727,0.561243653297
-0.631328642368,-0.158268377185,0.884297966957,0.00772103667259,0.0594619102776,0.82567936182,0.560944259167
-0.631298303604,-0.158141702414,0.884369730949,0.00742184417322,0.0594425201416,0.825950086117,0.560551464558
-0.631164431572,-0.158014059067,0.884469747543,0.00705427816138,0.0592781864107,0.826027989388,0.560459077358
-0.631123185158,-0.157868698239,0.884540677071,0.00677968934178,0.059213809669,0.826314508915,0.560046672821
-0.631141901016,-0.157710433006,0.884575486183,0.00669538415968,0.0591594465077,0.826626479626,0.559592843056
-0.631059169769,-0.157582640648,0.884664714336,0.00643465714529,0.0590351484716,0.826700150967,0.559500277042
-0.631070375443,-0.157446026802,0.88468003273,0.00642478978261,0.0590870380402,0.826905369759,0.559191346169
-0.631050765514,-0.15732614696,0.884711563587,0.00641205813736,0.0590289011598,0.826982676983,0.559083342552
-0.631128013134,-0.157235443592,0.884753525257,0.00654254853725,0.059090141207,0.826913416386,0.559177875519
-0.631104826927,-0.157125905156,0.884784698486,0.00660710781813,0.0590460114181,0.826868474483,0.55924808979
-0.631124436855,-0.157046929002,0.884815335274,0.00663565471768,0.0592263974249,0.826840758324,0.559269726276
-0.630749225616,-0.157057493925,0.885204255581,0.00425435090438,0.0587329119444,0.826885998249,0.559278070927
-0.630748033524,-0.15709528327,0.885313928127,0.00389581313357,0.058858178556,0.826628565788,0.559648036957
-0.631256461143,-0.157086074352,0.885208904743,0.00485899206251,0.0591416880488,0.825802326202,0.560829102993
-0.631823301315,-0.156997993588,0.885070860386,0.00581703428179,0.0591464526951,0.824798226357,0.562295138836
-0.632024049759,-0.156935155392,0.885035097599,0.00620524119586,0.059210088104,0.824358165264,0.562929213047
-0.632036328316,-0.156956791878,0.885093092918,0.00627595512196,0.0594977252185,0.824113428593,0.563256263733
-0.63225877285,-0.156813010573,0.884974896908,0.00679645081982,0.0590223446488,0.823452711105,0.564265668392
-0.632266402245,-0.156751692295,0.884928226471,0.00677798409015,0.0588142834604,0.823069095612,0.564847171307
-0.632289767265,-0.156738549471,0.884922623634,0.00698663201183,0.0587354823947,0.822532713413,0.565633654594
-0.632319688797,-0.156667143106,0.884919524193,0.00722925690934,0.058568559587,0.822013378143,0.566402256489
-0.632413029671,-0.156687006354,0.884949624538,0.00730674760416,0.0587087236345,0.821366429329,0.567324519157
-0.632459282875,-0.156634539366,0.884943962097,0.00763115100563,0.0587172582746,0.820754289627,0.568204641342
-0.632459282875,-0.156634539366,0.884943962097,0.00763115100563,0.0587172582746,0.820754289627,0.568204641342
-0.632458269596,-0.156676188111,0.884971857071,0.00765806715935,0.0588199310005,0.81963300705,0.56980997324
-0.632365226746,-0.156665802002,0.884993314743,0.00769237382337,0.0584796257317,0.81902474165,0.570718348026
-0.631195306778,-0.157179385424,0.885139942169,0.00772164389491,0.0573414899409,0.815166056156,0.57633036375
-0.632246315479,-0.157224833965,0.884517550468,0.00776594644412,0.0613706111908,0.816406548023,0.574154913425
-0.632902979851,-0.156857073307,0.8845282197,0.0082121565938,0.0610467605293,0.817600309849,0.572482049465
-0.633322834969,-0.156808927655,0.884416699409,0.00845324061811,0.0618896707892,0.817813873291,0.572082877159
-0.633393347263,-0.156818449497,0.884457826614,0.00861381553113,0.0618803352118,0.817127406597,0.573061525822
-0.63350713253,-0.156879901886,0.884456694126,0.00875312369317,0.0618984401226,0.816511452198,0.573934674263
-0.633489966393,-0.156906753778,0.884456813335,0.00894856639206,0.0617352761328,0.815717458725,0.575077235699
-0.633472800255,-0.156946763396,0.884439408779,0.00909658707678,0.0615890286863,0.81497657299,0.576139986515
-0.633491873741,-0.156962558627,0.884422540665,0.00933946389705,0.0615130588412,0.814395725727,0.576964974403
-0.633479356766,-0.157012417912,0.884384572506,0.00931587722152,0.0615687668324,0.813656270504,0.578001797199
-0.633411884308,-0.157124787569,0.884443104267,0.00922951381654,0.0615836381912,0.813135206699,0.578734278679
-0.633427679539,-0.157200574875,0.884473085403,0.00947851594537,0.061726372689,0.812489509583,0.579621493816
-0.633396625519,-0.157353490591,0.884535908699,0.00966450199485,0.0620977953076,0.812063336372,0.580175638199
-0.633517026901,-0.157467544079,0.884524166584,0.00993108935654,0.0623097009957,0.811385750771,0.581095635891
-0.634706199169,-0.156764358282,0.883893668652,0.0142349731177,0.0629031658173,0.810270607471,0.582496464252
-0.634734988213,-0.156832292676,0.883852958679,0.0145728448406,0.0629433169961,0.809510409832,0.583539962769
-0.634853482246,-0.15676613152,0.883717536926,0.0151023669168,0.0624692328274,0.808740019798,0.584644436836
-0.632507801056,-0.157509371638,0.88433098793,0.0105090169236,0.0614408031106,0.810487747192,0.582429587841
-0.632098853588,-0.157627478242,0.884404063225,0.0107490811497,0.0601111873984,0.80883795023,0.584852457047
-0.631958067417,-0.157673016191,0.884406924248,0.0109284427017,0.0597049482167,0.808072686195,0.58594751358
-0.631553292274,-0.158529549837,0.88489061594,0.00913623534143,0.0591999180615,0.806254208088,0.588528752327
-0.632152378559,-0.158531457186,0.884623527527,0.00940169487149,0.0609737820923,0.807313919067,0.586888492107
-0.632222175598,-0.158482670784,0.884546875954,0.00985989626497,0.0606267079711,0.806775689125,0.587656497955
-0.632169365883,-0.158546969295,0.884555101395,0.010056280531,0.0605026967824,0.806427240372,0.588144123554
-0.630474925041,-0.157971695065,0.884705245495,0.0117531800643,0.0571793057024,0.802880108356,0.593275666237
-0.630387723446,-0.157991334796,0.884750962257,0.0119521375746,0.0568455383182,0.802492916584,0.593827366829
-0.630360424519,-0.158098220825,0.884876847267,0.0123213324696,0.0571484267712,0.802391529083,0.593927681446
-0.630459427834,-0.158021390438,0.884816527367,0.0128215150908,0.0567145645618,0.801918983459,0.594596743584
-0.630439460278,-0.15803720057,0.884833693504,0.0130781279877,0.0565923787653,0.801684439182,0.594918966293
-0.630397677422,-0.158062130213,0.884880721569,0.0132866976783,0.056385371834,0.801390230656,0.595330178738
-0.630284786224,-0.158160448074,0.884962081909,0.0135219683871,0.0567221194506,0.801206231117,0.595540344715
-0.630253076553,-0.158178493381,0.885003685951,0.0137678198516,0.0566226579249,0.800987899303,0.595837891102
-0.629977464676,-0.158035576344,0.884872972965,0.0134409628808,0.0559163838625,0.800447106361,0.596638202667
-0.629922270775,-0.158053666353,0.88492000103,0.0137166306376,0.0558303035796,0.800238192081,0.596920311451
-0.629841566086,-0.158034861088,0.88498800993,0.0140201998875,0.0556776151061,0.799963057041,0.597296118736
-0.63005822897,-0.158062055707,0.885219335556,0.0152926957235,0.0555961541831,0.799844443798,0.597431302071
-0.629960000515,-0.15806171298,0.885280489922,0.0155762182549,0.0554957427084,0.799566030502,0.597805917263
-0.629853487015,-0.158241212368,0.885362863541,0.0158302783966,0.0552879981697,0.79911929369,0.598415374756
-0.62980556488,-0.158255949616,0.885412931442,0.0161243658513,0.0551990717649,0.798853516579,0.598770558834
-0.629804611206,-0.158273607492,0.885436892509,0.0166238676757,0.0552639216185,0.798529624939,0.599182724953
-0.629656910896,-0.158088773489,0.885507822037,0.0168512109667,0.0549295768142,0.798142373562,0.599722862244
-0.629587650299,-0.158083975315,0.885559380054,0.017207570374,0.0548708923161,0.79783475399,0.600127398968
-0.629563808441,-0.158294856548,0.885575950146,0.0176396928728,0.0550734214485,0.797463178635,0.600589990616
-0.629549443722,-0.158406883478,0.885720849037,0.018293807283,0.0548690520227,0.797193050385,0.60094755888
-0.62932819128,-0.158315420151,0.885708928108,0.0183221567422,0.0547787174582,0.796709239483,0.601596295834
-0.629210293293,-0.158339262009,0.885795295238,0.0184420049191,0.0548458211124,0.796268761158,0.602169394493
-0.629042506218,-0.158334687352,0.88583356142,0.0184880904853,0.0546554811299,0.795781254768,0.602829277515
-0.628931522369,-0.158305466175,0.885901153088,0.0188662428409,0.0546210110188,0.79542273283,0.603293597698
-0.628699719906,-0.158965975046,0.886274635792,0.0173248331994,0.0543030612171,0.794212043285,0.604961395264
-0.628530263901,-0.159004896879,0.886341333389,0.0176730621606,0.054309155792,0.793695628643,0.605628252029
-0.628356575966,-0.159040540457,0.886414885521,0.0179144050926,0.0542652271688,0.793416261673,0.605991005898
-0.628140389919,-0.159094065428,0.886305809021,0.0178864635527,0.0549753084779,0.7929033041,0.60659891367
-0.627923250198,-0.159071967006,0.886415779591,0.0184830892831,0.0549257546663,0.792558908463,0.607035458088
-0.627737045288,-0.159077316523,0.886484444141,0.0186267476529,0.0548537187278,0.792267024517,0.607418417931
-0.62752622366,-0.159048914909,0.886584401131,0.0189007334411,0.0545912235975,0.791929960251,0.607873082161
-0.62730038166,-0.158942967653,0.886838257313,0.0191594585776,0.0539640560746,0.79172950983,0.608181893826
-0.627042412758,-0.159091994166,0.886865913868,0.0193110704422,0.0549649111927,0.79129999876,0.608646392822
-0.626763343811,-0.159068509936,0.886942744255,0.0194352734834,0.054971255362,0.790940582752,0.609108686447
-0.626457810402,-0.158884078264,0.887057304382,0.0195015147328,0.0534652322531,0.790416777134,0.609920203686
-0.626298129559,-0.158869624138,0.887137711048,0.0198533907533,0.0534847900271,0.790156543255,0.610244095325
-0.626298129559,-0.158869624138,0.887137711048,0.0198533907533,0.0534847900271,0.790156543255,0.610244095325
-0.625915765762,-0.158820897341,0.887113809586,0.0206548832357,0.0541184283793,0.789523422718,0.610980629921
-0.625616252422,-0.158894136548,0.88715839386,0.0205086916685,0.0540400445461,0.789232313633,0.61136841774
-0.625446677208,-0.158199697733,0.886912941933,0.022931613028,0.0540044754744,0.789786219597,0.610569834709
-0.625269293785,-0.158244460821,0.886945426464,0.0230430960655,0.0539971776307,0.78962880373,0.610769927502
-0.624965488911,-0.158233940601,0.886993288994,0.0233724918216,0.0536699965596,0.789100825787,0.611467957497
-0.624873816967,-0.158389165998,0.887058079243,0.0236786883324,0.0537034533918,0.789056241512,0.611510932446
-0.624528706074,-0.15827101469,0.88699400425,0.0236143060029,0.0536612197757,0.788678586483,0.612004101276
-0.624533653259,-0.158430814743,0.887051939964,0.024153066799,0.05369425565,0.788726568222,0.611918389797
-0.62406873703,-0.158280476928,0.887140095234,0.0240983646363,0.0527692474425,0.78835862875,0.612474858761
-0.623776435852,-0.158983841538,0.887455642223,0.0222139693797,0.0526368431747,0.787420332432,0.613763153553
-0.623496651649,-0.158456578851,0.887140929699,0.0242364183068,0.0533074438572,0.788487970829,0.612256228924
-0.623310625553,-0.158504590392,0.887135505676,0.0243564788252,0.0533638596535,0.788496613503,0.612235307693
-0.623087644577,-0.158604621887,0.887186408043,0.0246548745781,0.0535774417222,0.788531064987,0.612160384655
-0.622613787651,-0.158642590046,0.887049138546,0.0239411946386,0.0536230653524,0.788449287415,0.612289965153
-0.622387826443,-0.158714905381,0.887050390244,0.024049339816,0.0537327714264,0.788561820984,0.612131357193
-0.622483611107,-0.158698558807,0.887101948261,0.0250852685422,0.0535110831261,0.788607656956,0.612050175667
-0.622152984142,-0.159439772367,0.887364864349,0.0236416812986,0.0535044893622,0.787593126297,0.613413095474
-0.621836662292,-0.159582272172,0.887388467789,0.0236728880554,0.0539576373994,0.787935733795,0.612931787968
-0.62161231041,-0.159644335508,0.887341141701,0.0233743414283,0.0537567809224,0.788018584251,0.612854540348
-0.621354460716,-0.159660935402,0.887366533279,0.0233959462494,0.0537684559822,0.788148641586,0.612685322762
-0.621131241322,-0.15980130434,0.887350916862,0.0233945995569,0.0541251152754,0.78828394413,0.612480044365
-0.620850026608,-0.15990896523,0.887360274792,0.0232965927571,0.0541647560894,0.788500785828,0.612201094627
-0.620634078979,-0.160172581673,0.887336194515,0.0233216769993,0.0540132597089,0.788926839828,0.611664235592
-0.620255172253,-0.159428089857,0.886993288994,0.0246865879744,0.0540054254234,0.789857387543,0.610409080982
-0.620887041092,-0.159684240818,0.887025594711,0.0249596647918,0.054232083261,0.788346946239,0.612327694893
-0.620518088341,-0.159765318036,0.887079238892,0.0248651783913,0.0541487410665,0.78832000494,0.612373411655
-0.62023973465,-0.159936472774,0.887183189392,0.0248940624297,0.0548108518124,0.788656830788,0.611879587173
-0.620051860809,-0.15989664197,0.887107670307,0.0249413400888,0.0543607920408,0.788714170456,0.611843883991
-0.619814276695,-0.159959420562,0.887088537216,0.0249062143266,0.0544104129076,0.788908720016,0.611589968204
-0.61950647831,-0.159991547465,0.887029647827,0.0249813143164,0.0544266849756,0.789063692093,0.611385583878
-0.619229316711,-0.160064071417,0.887011408806,0.0248422883451,0.0543790869415,0.789277434349,0.611119449139
-0.619156002998,-0.160227626562,0.887098670006,0.0252295266837,0.0544660314918,0.789666652679,0.610592842102
-0.618752598763,-0.160217866302,0.887050747871,0.024915067479,0.0545740351081,0.789733707905,0.610509455204
-0.618369340897,-0.160349607468,0.88709384203,0.0248214807361,0.0549508444965,0.790167689323,0.609917521477
-0.618139743805,-0.160413503647,0.887105822563,0.0247921235859,0.0551564544439,0.790316879749,0.609706759453
-0.617825269699,-0.160434514284,0.88712823391,0.0248040575534,0.0549471415579,0.79033690691,0.609699487686
-0.617584645748,-0.160456731915,0.887124240398,0.0247385837138,0.0549557246268,0.790537655354,0.609440922737
-0.617252469063,-0.160439968109,0.887065947056,0.024892507121,0.0548748411238,0.790935814381,0.608925104141
-0.617069661617,-0.160377189517,0.886980175972,0.0249648336321,0.054482832551,0.791000425816,0.60887336731
-0.616858720779,-0.16038364172,0.887082576752,0.0249521825463,0.0544486679137,0.791514158249,0.60820889473
-0.61655819416,-0.160403177142,0.887091636658,0.0251117870212,0.0546445772052,0.79159873724,0.608074784279
-0.616129636765,-0.160339027643,0.887024879456,0.024755526334,0.0546559840441,0.791632890701,0.608043849468
-0.615741014481,-0.160452395678,0.887106597424,0.0250431224704,0.0550761520863,0.792031705379,0.607474505901
-0.615576386452,-0.160416558385,0.887051701546,0.0250942129642,0.0547893457115,0.791994690895,0.607546448708
-0.614213585854,-0.161059141159,0.887329876423,0.0229020603001,0.0545133911073,0.793126702309,0.606179833412
-0.614043831825,-0.160477459431,0.887048959732,0.0246231798083,0.0547522492707,0.793921291828,0.605049550533
-0.613887906075,-0.160445436835,0.887014567852,0.0248567014933,0.0548214949667,0.794061183929,0.604850232601
-0.615214109421,-0.160258829594,0.886845529079,0.0268126949668,0.0553187504411,0.792046844959,0.607357144356
-0.613546907902,-0.160359531641,0.886886358261,0.0260918904096,0.0554830357432,0.794648945332,0.603965222836
-0.613175868988,-0.160476401448,0.886796236038,0.0256976746023,0.056231290102,0.794566690922,0.604021251202
-0.612930417061,-0.160517469049,0.886830985546,0.0257773455232,0.0563971586525,0.794657766819,0.603882372379
-0.612691938877,-0.160537809134,0.886840820312,0.025761121884,0.0564459264278,0.794786036015,0.603709757328
-0.612474322319,-0.160558238626,0.886825501919,0.025901466608,0.0564505644143,0.79489248991,0.603563010693
-0.612322568893,-0.160493552685,0.886769652367,0.0259893238544,0.0561136081815,0.794806003571,0.603704631329
-0.612002909184,-0.160406053066,0.886871993542,0.0260894615203,0.0552059412003,0.794979035854,0.603556096554
-0.611726105213,-0.160516023636,0.886833548546,0.0257649719715,0.0558682978153,0.795048356056,0.603417813778
-0.611550927162,-0.160573422909,0.886859416962,0.0257407892495,0.0560013204813,0.795098900795,0.603340029716
-0.611374676228,-0.160615265369,0.886895060539,0.0257747992873,0.0562219619751,0.795132040977,0.603274345398
-0.61111754179,-0.160631120205,0.886863708496,0.0256310142577,0.0563373453915,0.795061349869,0.603362679482
-0.610923707485,-0.160676345229,0.886906862259,0.025761468336,0.0565322898328,0.795064628124,0.603334605694
-0.610776901245,-0.160695955157,0.886884868145,0.0259104687721,0.056615896523,0.795026242733,0.603371083736
-0.610631644726,-0.160717397928,0.886888384819,0.0259924922138,0.0567045398057,0.794994294643,0.603401243687
-0.610463500023,-0.16074731946,0.886907458305,0.0259666703641,0.0567858591676,0.794954359531,0.603447437286
-0.610206902027,-0.160818651319,0.88694024086,0.0260397847742,0.0570285730064,0.795109570026,0.603216826916
-0.609951138496,-0.160837054253,0.886977672577,0.0258037764579,0.0571274086833,0.795252740383,0.603028774261
-0.609890937805,-0.160758331418,0.886901259422,0.0259450580925,0.0568970106542,0.795063734055,0.603293836117
-0.609799265862,-0.160741522908,0.886902213097,0.0260742194951,0.0570671446621,0.795011639595,0.603340864182
-0.609703302383,-0.16074500978,0.88689750433,0.0261849220842,0.0572323463857,0.794970929623,0.603374004364
-0.609600543976,-0.160754516721,0.886899709702,0.0262135118246,0.0573878623545,0.794939100742,0.603399753571
-0.609472572803,-0.160692155361,0.886981010437,0.0263126827776,0.0570533685386,0.79497218132,0.603383660316
-0.609313309193,-0.160737514496,0.886938095093,0.0261915642768,0.0573646314442,0.794804155827,0.603580713272
-0.609127163887,-0.16079030931,0.886976420879,0.026308812201,0.0578016787767,0.794938385487,0.603357076645
-0.609057307243,-0.160802260041,0.886965334415,0.0264047160745,0.0579836145043,0.79488915205,0.603400409222
-0.608985066414,-0.160819962621,0.886944234371,0.0264161527157,0.0581868067384,0.794829964638,0.603458225727
-0.608886837959,-0.160843551159,0.886943638325,0.0263971742243,0.0584395825863,0.79479688406,0.603478252888
-0.608839511871,-0.160853415728,0.886929392815,0.0264384318143,0.0586003474891,0.794787347317,0.603473365307
-0.608789205551,-0.160855278373,0.886915922165,0.0264604892582,0.0587229691446,0.79476827383,0.603485703468
-0.608746707439,-0.160860896111,0.886897265911,0.0264841932803,0.0588593184948,0.794753193855,0.603491127491
-0.608716011047,-0.160859182477,0.886885583401,0.0264629479498,0.0589751936495,0.794752836227,0.60348123312
-0.608695209026,-0.160855650902,0.886870741844,0.0264569353312,0.0590661428869,0.794779241085,0.603437900543
-0.608684539795,-0.160850167274,0.886858582497,0.0264115128666,0.059170357883,0.794793307781,0.603411078453
-0.608738064766,-0.16075950861,0.886756062508,0.0261585693806,0.0588408112526,0.794701874256,0.603574812412
-0.608719646931,-0.160750135779,0.886749148369,0.0260450448841,0.0588625259697,0.794767081738,0.603491663933
-0.608583748341,-0.160732537508,0.886776506901,0.0256184209138,0.0589107908309,0.795047461987,0.603135764599
-0.608648180962,-0.160769253969,0.886740803719,0.0258528701961,0.0593715980649,0.79520624876,0.602871239185
-0.608658194542,-0.160745829344,0.88673979044,0.0257402528077,0.0594020374119,0.795312404633,0.602733075619
-0.608554005623,-0.160736858845,0.886793553829,0.0252408161759,0.0593839026988,0.795657634735,0.602300107479
-0.608574390411,-0.160710483789,0.886801719666,0.0251221433282,0.0594124309719,0.795797944069,0.602116942406
-0.608569800854,-0.160682722926,0.88686054945,0.025258589536,0.0594464316964,0.795992970467,0.601850032806
-0.60865175724,-0.160555660725,0.886807858944,0.025100633502,0.0590683221817,0.796090722084,0.601764500141
-0.608715057373,-0.160526111722,0.886849820614,0.0250795576721,0.0592050738633,0.796392142773,0.601352989674
-0.608759462833,-0.160495102406,0.886906862259,0.0248976778239,0.0591887831688,0.796694874763,0.60096102953
-0.60877597332,-0.16044485569,0.886944055557,0.0247909072787,0.0592004321516,0.796935915947,0.60064458847
-0.608726263046,-0.160398900509,0.887005090714,0.0243872422725,0.0591805353761,0.797241270542,0.600257873535
-0.608802199364,-0.160538613796,0.887020170689,0.0242714732885,0.0594924986362,0.797405481339,0.600013554096
-0.608877182007,-0.160420745611,0.887030363083,0.024382237345,0.0595122724771,0.7976167202,0.599726080894
-0.608904480934,-0.160360008478,0.887066960335,0.0242664311081,0.0595325008035,0.797802805901,0.599481284618
-0.608999192715,-0.160228058696,0.887089312077,0.0242290887982,0.0596528425813,0.798196136951,0.598947048187
-0.611502766609,-0.159640088677,0.886661112309,0.0286359582096,0.060696490109,0.795533239841,0.602181792259
-0.611493825912,-0.159540235996,0.886673986912,0.0285866893828,0.0606148801744,0.795858204365,0.601762712002
-0.609133899212,-0.160025924444,0.887203574181,0.0239910352975,0.0598506368697,0.798976004124,0.5978962183
-0.609149813652,-0.160048305988,0.887310266495,0.0238384548575,0.0604555383325,0.799360632896,0.597327113152
-0.609257459641,-0.15989330411,0.887353181839,0.0237405989319,0.0604112520814,0.799912810326,0.596595823765
-0.60938513279,-0.159790217876,0.88731610775,0.0234224498272,0.0604776032269,0.800280272961,0.596108555794
-0.609386920929,-0.159719854593,0.88738578558,0.0232436805964,0.0606917031109,0.800658464432,0.595585644245
-0.60954117775,-0.159603610635,0.887376070023,0.0237290021032,0.0608110055327,0.800767362118,0.595408022404
-0.609528183937,-0.159302771091,0.887397825718,0.0236777160317,0.060616068542,0.801159322262,0.594902455807
-0.609409451485,-0.159119740129,0.88721370697,0.022926479578,0.060405805707,0.801457345486,0.594551801682
-0.609480142593,-0.159030899405,0.887184858322,0.0229251999408,0.0607034489512,0.801894068718,0.593932271004
-0.609471678734,-0.158964961767,0.887153208256,0.022721350193,0.0608693361282,0.802281141281,0.593400299549
-0.609402418137,-0.158855855465,0.88713157177,0.0226993635297,0.0610808469355,0.80288952589,0.592555701733
-0.60975921154,-0.158805131912,0.887291431427,0.023721491918,0.0613763220608,0.803618848324,0.591495811939
-0.609716594219,-0.158742472529,0.887268900871,0.0238008145243,0.0615337640047,0.804162502289,0.590736746788
-0.609466671944,-0.158952713013,0.887484252453,0.0222355909646,0.0616688802838,0.804526925087,0.590287208557
-0.609462618828,-0.15887337923,0.887472629547,0.0223072115332,0.0617942474782,0.805058062077,0.58954679966
-0.611970245838,-0.158077150583,0.886795818806,0.0278494134545,0.0630553215742,0.803047955036,0.591914176941
-0.611888051033,-0.158059567213,0.886822581291,0.027824152261,0.0631365031004,0.803567409515,0.591201424599
-0.609463453293,-0.158706739545,0.88743686676,0.0224556867033,0.0624105855823,0.806615352631,0.587343633175
-0.61186504364,-0.157894313335,0.88678085804,0.0276477131993,0.0635101795197,0.804692327976,0.58963739872
-0.611726164818,-0.157763496041,0.88675391674,0.0275234300643,0.0633473843336,0.805221319199,0.588938236237
-0.611612319946,-0.157730877399,0.886748790741,0.0268617086112,0.0631937906146,0.805840551853,0.588137805462
-0.611545443535,-0.157711565495,0.886762022972,0.0264765284956,0.0633014217019,0.806276679039,0.587545692921
-0.609395265579,-0.158279508352,0.887307226658,0.0218303501606,0.0625510364771,0.808746576309,0.584414184093
-0.609546244144,-0.158356443048,0.887382745743,0.0220954269171,0.0626564025879,0.809210538864,0.583750367165
-0.61170232296,-0.157655745745,0.886835575104,0.0265345163643,0.0636002868414,0.80740916729,0.585953354836
-0.611863851547,-0.157497704029,0.886878848076,0.027219330892,0.0637160539627,0.807545602322,0.585721313953
-0.612077951431,-0.157376915216,0.886754572392,0.0268434789032,0.0638991966844,0.807781934738,0.585392713547
-0.612205147743,-0.157216668129,0.886817932129,0.027256205678,0.0638718307018,0.808000028133,0.585075616837
-0.612300097942,-0.157088845968,0.886794865131,0.0270624309778,0.0636676549911,0.808265805244,0.584739744663
-0.611112713814,-0.157857522368,0.887426197529,0.0221124719828,0.0627958998084,0.809226214886,0.583712816238
-0.611074864864,-0.157582953572,0.887318730354,0.0211733151227,0.0624732002616,0.809450924397,0.583470821381
-0.611119449139,-0.15744560957,0.887303829193,0.0205974690616,0.0623621530831,0.810045599937,0.582677304745
-0.61118710041,-0.157493442297,0.887112975121,0.0194491073489,0.0624710470438,0.810251057148,0.582419335842
-0.611254572868,-0.157332211733,0.887423217297,0.0196475200355,0.061218470335,0.810271382332,0.582517504692
-0.612750172615,-0.157458245754,0.887231051922,0.0191000606865,0.0628897249699,0.81416451931,0.576902329922
-0.612893342972,-0.15738517046,0.887191712856,0.0184359624982,0.0628530532122,0.814789354801,0.576045095921
-0.613743782043,-0.157280638814,0.886625409126,0.0173934008926,0.0663847923279,0.817157328129,0.572315037251
-0.613971710205,-0.157188355923,0.886514544487,0.0170826651156,0.0664266645908,0.818019151688,0.571087062359
-0.614285171032,-0.157108768821,0.886371254921,0.0164134353399,0.0665295049548,0.818778157234,0.570006012917
-0.613598287106,-0.15706050396,0.886894583702,0.0162727478892,0.0628057867289,0.817966878414,0.571594953537
-0.614739656448,-0.157042130828,0.886372625828,0.0162170678377,0.0668727308512,0.820326507092,0.567740738392
-0.61495757103,-0.1570225209,0.886362314224,0.0158083606511,0.0671131461859,0.821214795113,0.566438317299
-0.615108966827,-0.157007783651,0.886358976364,0.0154239470139,0.0671877861023,0.821965277195,0.565350413322
-0.614500522614,-0.157113313675,0.886936306953,0.0152525762096,0.0642611086369,0.82138055563,0.566543936729
-0.615632712841,-0.157016545534,0.886393487453,0.0149912331253,0.0674950629473,0.823603868484,0.562935650349
-0.616193652153,-0.157011762261,0.886226773262,0.0147986793891,0.0687615871429,0.825230717659,0.56039917469
-0.615685582161,-0.157076120377,0.886490285397,0.0144214937463,0.0675788074732,0.824909508228,0.561025381088
-0.617379844189,-0.156295388937,0.885795891285,0.018631208688,0.0685788094997,0.825572967529,0.559802889824
-0.617298841476,-0.15632237494,0.885889053345,0.01810426265,0.0682045519352,0.82624399662,0.558874964714
-0.617363333702,-0.156345039606,0.885948598385,0.0177277419716,0.0680229514837,0.826845705509,0.558018743992
-0.617462217808,-0.156367793679,0.885999560356,0.0173806399107,0.067825846374,0.82747143507,0.557125449181
-0.617501199245,-0.156355440617,0.886024236679,0.0166958775371,0.0675021186471,0.827972829342,0.556440293789
-0.617537856102,-0.156302899122,0.886110186577,0.0166208855808,0.0669873356819,0.828202009201,0.556163609028
-0.617634236813,-0.156258672476,0.886159539223,0.0165069233626,0.0667206346989,0.828482508659,0.555781126022
-0.617884159088,-0.156167536974,0.886267364025,0.0171856805682,0.0665071457624,0.828716754913,0.555436849594
-0.617346346378,-0.156067013741,0.886761784554,0.0174681786448,0.0631221085787,0.827734291553,0.55728495121
-0.6158452034,-0.156423851848,0.887067079544,0.0151450801641,0.0624141544104,0.82945305109,0.554871737957
-0.616042196751,-0.156260356307,0.887057721615,0.0152620123699,0.061778370291,0.829301595688,0.555166065693
-0.617328763008,-0.156530663371,0.88702750206,0.0134097142145,0.0643153637648,0.829059481621,0.555287480354
-0.617470800877,-0.156481280923,0.887079238892,0.0134901162237,0.0642009973526,0.828934669495,0.555485010147
-0.617706537247,-0.156411454082,0.887098431587,0.0136711718515,0.064088948071,0.828695118427,0.555850923061
-0.617825984955,-0.15633225441,0.887195110321,0.0137535864487,0.0639138519764,0.828454554081,0.556227385998
-0.616913199425,-0.156751945615,0.887039244175,0.0130143743008,0.0652587115765,0.825280606747,0.560788691044
-0.61676710844,-0.15667912364,0.887268364429,0.012130648829,0.0648535490036,0.825112402439,0.561102986336
-0.616437196732,-0.156638503075,0.887544512749,0.0104989260435,0.0643987134099,0.825124084949,0.561171114445
-0.617197871208,-0.156171992421,0.886732816696,0.0160981267691,0.0656804963946,0.82501411438,0.561051487923
-0.617329955101,-0.156162247062,0.886827111244,0.0161549095064,0.0661497861147,0.824730396271,0.561411798
-0.617467999458,-0.15609651804,0.886816382408,0.0162946674973,0.066322542727,0.824370920658,0.561914980412
-0.617637574673,-0.155985936522,0.886793732643,0.0164320357144,0.0664176493883,0.824025571346,0.562406122684
-0.61803984642,-0.155393213034,0.88681936264,0.0167107302696,0.065620303154,0.824104070663,0.562376379967
-0.618346691132,-0.155273646116,0.88741350174,0.0172163210809,0.0620887801051,0.82495445013,0.561514735222
-0.618552803993,-0.155198454857,0.887444376945,0.0173981674016,0.0623905025423,0.824490308762,0.562156975269
-0.618729412556,-0.155099257827,0.887437939644,0.0175928659737,0.0626085028052,0.824069321156,0.562743663788
-0.61890822649,-0.155044049025,0.88742941618,0.0176160223782,0.0628748238087,0.823705732822,0.563245356083
-0.618915379047,-0.155045971274,0.887483477592,0.0173129141331,0.0630074888468,0.823414981365,0.563664734364
-0.619055986404,-0.155109003186,0.887549459934,0.0173536390066,0.0637695863843,0.823234438896,0.563841700554
-0.617806196213,-0.154678627849,0.887375950813,0.017296615988,0.0642968714237,0.818842113018,0.570144295692
-0.619456648827,-0.155103176832,0.887510299683,0.0176693368703,0.0645094886422,0.822580039501,0.564702153206
-0.620385766029,-0.155157744884,0.886992037296,0.0177083648741,0.0682504400611,0.823564589024,0.562823057175
-0.620095252991,-0.155144318938,0.887047171593,0.0175728909671,0.0673810467124,0.822667956352,0.564241528511
-0.62006509304,-0.15505464375,0.886990070343,0.0176290888339,0.0675570368767,0.822151482105,0.564971089363
-0.620193243027,-0.155053779483,0.886948347092,0.0176949985325,0.0677970051765,0.822138369083,0.564959287643
-0.620519995689,-0.155001118779,0.886837899685,0.0183830950409,0.0680853202939,0.822005569935,0.565095901489
-0.620670497417,-0.154995679855,0.886783599854,0.0185988489538,0.0682821199298,0.822052657604,0.564996659756
-0.620633542538,-0.155094265938,0.886710762978,0.0186447948217,0.0688003525138,0.821670651436,0.565487504005
-0.620661616325,-0.15512612462,0.88669782877,0.0185200758278,0.068921469152,0.8218998909,0.565143764019
-0.620684623718,-0.155184179544,0.886699914932,0.0182012692094,0.0691076815128,0.822186052799,0.564715027809
-0.620709896088,-0.15525239706,0.88669282198,0.0178964938968,0.0693194791675,0.822547495365,0.564172208309
-0.621861875057,-0.154906615615,0.886282622814,0.0195122603327,0.0711525157094,0.825225889683,0.559963226318
-0.622106134892,-0.154891684651,0.886096835136,0.0199258122593,0.071222409606,0.825493276119,0.559545636177
-0.621555805206,-0.155176758766,0.886289358139,0.0188844539225,0.0705281868577,0.82483291626,0.560642302036
-0.622256159782,-0.154973179102,0.885885775089,0.0200091209263,0.0721547305584,0.826632857323,0.557737827301
-0.622038185596,-0.155241876841,0.885955572128,0.0197592247277,0.0718744322658,0.827014625072,0.557216703892
-0.621952354908,-0.155393600464,0.886015355587,0.0190442092717,0.0722037628293,0.827552318573,0.556400060654
-0.621931970119,-0.155569598079,0.885990977287,0.0188698582351,0.0724103078246,0.82806956768,0.555609226227
-0.621867537498,-0.155646234751,0.885927379131,0.0188691150397,0.0726439654827,0.828771829605,0.554530739784
-0.621666252613,-0.155936598778,0.886099457741,0.0179823730141,0.0732629150152,0.829477250576,0.553422749043
-0.621796190739,-0.156017124653,0.885977447033,0.0182538386434,0.0730649828911,0.829688131809,0.553123831749
-0.621720910072,-0.156175106764,0.885952949524,0.0178467687219,0.0732635855675,0.830201268196,0.552340388298
-0.621765434742,-0.156283795834,0.885905981064,0.0179753862321,0.0736049339175,0.830837607384,0.551333189011
-0.621660590172,-0.156449466944,0.885860443115,0.0179835539311,0.0737187564373,0.831425249577,0.550430893898
-0.619845569134,-0.157406166196,0.886957347393,0.0139699550346,0.0707763209939,0.829499542713,0.553828656673
-0.620647251606,-0.157287061214,0.886441171169,0.016147011891,0.0726729109883,0.83134663105,0.550745546818
-0.621648073196,-0.157083407044,0.885806322098,0.0183436721563,0.0744432806969,0.832809388638,0.548224687576
-0.621789991856,-0.157033294439,0.885655939579,0.018597137183,0.0750751495361,0.833454012871,0.547149300575
-0.621736645699,-0.157251000404,0.885671436787,0.0181865859777,0.0752580985427,0.83379560709,0.546617150307
-0.621803998947,-0.157414510846,0.885576188564,0.0180511064827,0.0757370069623,0.834433436394,0.545581221581
-0.621769607067,-0.157623544335,0.885530591011,0.0177155025303,0.076040096581,0.835064053535,0.544584333897
-0.621643543243,-0.157829612494,0.88544934988,0.0172402076423,0.0763016715646,0.83573782444,0.543528616428
-0.621447861195,-0.158209890127,0.885661244392,0.0159334223717,0.0771931037307,0.836429297924,0.542377591133
-0.618556141853,-0.159398689866,0.88692522049,0.0118165649474,0.0716864168644,0.831721782684,0.550418317318
-0.618993401527,-0.159271746874,0.88642013073,0.0135331815109,0.0728078335524,0.832479000092,0.549085319042
-0.619830131531,-0.158916443586,0.886271178722,0.0141550283879,0.0731659680605,0.836075842381,0.543528974056
-0.620180308819,-0.159144625068,0.88603335619,0.0150030674413,0.0741706565022,0.837348043919,0.54140740633
-0.621117174625,-0.15886515379,0.885086596012,0.0167965106666,0.0784277915955,0.839047312737,0.538113832474
-0.620944976807,-0.159068703651,0.885033905506,0.0168492030352,0.0783888623118,0.83922970295,0.537833631039
-0.620830953121,-0.159312546253,0.885004162788,0.0165363606066,0.0785977169871,0.839427113533,0.537504673004
-0.620663881302,-0.15956735611,0.885036170483,0.0162110049278,0.0786670297384,0.839463889599,0.537446916103
-0.620605945587,-0.15983402729,0.885031282902,0.0160571038723,0.0790473595262,0.839692652225,0.537038207054
-0.620302677155,-0.160328224301,0.8853276968,0.0147224143147,0.0798214003444,0.839893460274,0.536647796631
-0.61870765686,-0.161289125681,0.88647800684,0.0112276580185,0.0755779445171,0.83808940649,0.540155589581
-0.618665337563,-0.161485910416,0.886392474174,0.0116510037333,0.0760332196951,0.838245689869,0.5398401618
-0.618636965752,-0.161640360951,0.886241316795,0.012408580631,0.076238527894,0.838342010975,0.539644837379
-0.620155930519,-0.16111651063,0.88500058651,0.0167853198946,0.0806049853563,0.839747905731,0.536697864532
-0.619983434677,-0.161404758692,0.885047793388,0.0164308939129,0.0807296931744,0.839762330055,0.536667466164
-0.619919359684,-0.161726236343,0.885108590126,0.0162889566272,0.0809904411435,0.839653670788,0.536802589893
-0.618378639221,-0.162609517574,0.886163413525,0.0131537150592,0.0769339203835,0.837787926197,0.540388464928
-0.618355035782,-0.162760451436,0.886051654816,0.013835134916,0.0773460939527,0.837760448456,0.540355086327
-0.619539618492,-0.162351727486,0.884945988655,0.0175733007491,0.0816651955247,0.839003205299,0.537676215172
-0.616463065147,-0.163618370891,0.886278152466,0.011671487242,0.0764250159264,0.834096908569,0.546173334122
-0.619071245193,-0.162899121642,0.885028362274,0.0157749969512,0.0819466561079,0.838453054428,0.538546562195
-0.618021965027,-0.163424313068,0.88527327776,0.0150312231854,0.0807612389326,0.836250245571,0.542159795761
-0.617988526821,-0.163615390658,0.885281085968,0.0152363171801,0.0809668377042,0.836048185825,0.542435109615
-0.618837356567,-0.16344538331,0.88505923748,0.0164075940847,0.0821662172675,0.837868392467,0.539403319359
-0.618822872639,-0.163604035974,0.885071575642,0.0165437795222,0.0822829827666,0.837750017643,0.539565503597
-0.618919074535,-0.163908243179,0.885021865368,0.016713494435,0.0826242789626,0.83738899231,0.540068089962
-0.618775248528,-0.164309084415,0.885203063488,0.0164412818849,0.0820529535413,0.836552739143,0.541457772255
-0.619056165218,-0.164537295699,0.885118722916,0.0178665947169,0.0826729089022,0.836155354977,0.541932046413
-0.619305968285,-0.164689287543,0.88504332304,0.0181518346071,0.0831659808755,0.836106359959,0.541922569275
-0.619232654572,-0.165055170655,0.885176301003,0.0176622215658,0.0828587934375,0.835587203503,0.54278588295
-0.619373738766,-0.16525579989,0.885241746902,0.0172235742211,0.0830661579967,0.835483312607,0.542928338051
-0.61918669939,-0.165647998452,0.88558447361,0.0158563554287,0.0832695439458,0.835347771645,0.543147325516
-0.619292855263,-0.165921509266,0.885748565197,0.0152306398377,0.0834866091609,0.835217297077,0.543332397938
-0.619286000729,-0.166075780988,0.885846793652,0.0147845018655,0.083424270153,0.835200667381,0.543380081654
-0.619269549847,-0.166252195835,0.885920763016,0.0145144984126,0.0834759622812,0.835242509842,0.543314993382
-0.619248330593,-0.166363418102,0.885985970497,0.0142076602206,0.083556689322,0.835542201996,0.542849719524
-0.619219601154,-0.166447877884,0.885998189449,0.0140725532547,0.0834870636463,0.835906207561,0.542303323746
-0.619150280952,-0.166478872299,0.886021733284,0.0139740239829,0.0832628533244,0.836460292339,0.541485190392
-0.618269205093,-0.166811406612,0.88673299551,0.0126730864868,0.0790328457952,0.83530652523,0.543926894665
-0.618355154991,-0.166715085506,0.886582553387,0.0136540252715,0.0791236534715,0.835917711258,0.542949855328
-0.617642223835,-0.166979506612,0.88675224781,0.0122812418267,0.078656502068,0.836943566799,0.541468381882
-0.617200374603,-0.167187482119,0.886775791645,0.0109617263079,0.0783273652196,0.837731719017,0.54032433033
-0.61683768034,-0.167442023754,0.886927008629,0.0102719021961,0.0786294713616,0.838612496853,0.538925766945
-0.616741418839,-0.167466282845,0.886826753616,0.010538816452,0.0786416754127,0.839483082294,0.537561714649
-0.617759525776,-0.167274266481,0.886065304279,0.0118017187342,0.0821874365211,0.841457128525,0.533906340599
-0.617493152618,-0.167501688004,0.886233210564,0.0108367633075,0.0820718705654,0.842126846313,0.532887756824
-0.616227984428,-0.167836606503,0.886997163296,0.0101861767471,0.0779295712709,0.841791629791,0.534050703049
-0.618381023407,-0.167165458202,0.885873198509,0.0133016901091,0.0827759876847,0.843613028526,0.530366182327
-0.617278754711,-0.167357802391,0.886680543423,0.0131461545825,0.0790056809783,0.842999219894,0.531918764114
-0.6159055233,-0.167937427759,0.887013077736,0.010631009005,0.078289359808,0.844501614571,0.529693067074
-0.61648440361,-0.167978718877,0.886439323425,0.0102156605572,0.0814455524087,0.84647744894,0.5260592103
-0.614156484604,-0.167901873589,0.886876225471,0.00965950079262,0.0771669149399,0.843318939209,0.531756818295
-0.614580929279,-0.168050438166,0.886907100677,0.00927373860031,0.0768804475665,0.84718722105,0.525620877743
-0.614344358444,-0.168154597282,0.886921048164,0.00908420141786,0.0769699811935,0.848037958145,0.524237215519
-0.614793121815,-0.168237134814,0.886404633522,0.00875108409673,0.0800335779786,0.850034058094,0.520538389683
-0.616400420666,-0.16769772768,0.886202096939,0.0125413481146,0.0807848870754,0.850389957428,0.519763052464
-0.615972399712,-0.167855769396,0.886214017868,0.0122833931819,0.0806175619364,0.851232111454,0.518414914608
-0.614297449589,-0.168496280909,0.886560201645,0.0096635427326,0.0795755460858,0.852584838867,0.516404271126
-0.615040421486,-0.168039053679,0.886230230331,0.0116367265582,0.0797690525651,0.852944433689,0.515739679337
-0.611694335938,-0.168571427464,0.887156307697,0.00880000833422,0.0751442760229,0.851127684116,0.519478261471
-0.611444711685,-0.168596178293,0.887058019638,0.00879385974258,0.0745503604412,0.851767718792,0.518514096737
-0.612631499767,-0.168905854225,0.886593341827,0.00818085018545,0.0778626203537,0.855312883854,0.51216250658
-0.612168192863,-0.169103205204,0.886614739895,0.00790420826524,0.0777892842889,0.855887949467,0.511216461658
-0.611691236496,-0.168623238802,0.886720001698,0.0107584819198,0.0753687694669,0.853174090385,0.516040682793
-0.612697005272,-0.168849483132,0.886295437813,0.0106618963182,0.0779573097825,0.856190264225,0.510634422302
-0.609875321388,-0.169378206134,0.886912465096,0.00810776371509,0.0737689435482,0.854357421398,0.514359593391
-0.610348701477,-0.169369876385,0.887009739876,0.00841679982841,0.072950489819,0.856553733349,0.510806441307
-0.610090017319,-0.169339388609,0.886949539185,0.00886422488838,0.0725438371301,0.856889903545,0.510292708874
-0.609874069691,-0.169355943799,0.886995911598,0.00897360313684,0.0718014985323,0.857109129429,0.510027468204
-0.608886659145,-0.169837385416,0.886710464954,0.00833946187049,0.0734894201159,0.855097830296,0.513164103031
-0.608610033989,-0.169972002506,0.886659324169,0.00831156503409,0.073424577713,0.85492837429,0.513456285
-0.608334779739,-0.170197159052,0.886756300926,0.00828287098557,0.0737302824855,0.854834973812,0.513568460941
-0.60940861702,-0.169722363353,0.886312782764,0.0107631804422,0.0742532238364,0.854056954384,0.514740109444
-0.608025550842,-0.170257464051,0.886611163616,0.00899351481348,0.0731248781085,0.85404753685,0.5149512887
-0.607797980309,-0.170321151614,0.886603236198,0.00898098945618,0.0729711204767,0.853563725948,0.515774846077
-0.607646584511,-0.170341044664,0.886597216129,0.0091789662838,0.0729394778609,0.853047907352,0.51662838459
-0.607451081276,-0.170450359583,0.8865852952,0.00922187697142,0.0729709491134,0.852334141731,0.517799913883
-0.607325613499,-0.170510649681,0.886599779129,0.00922720693052,0.0729762986302,0.851652801037,0.518919110298
-0.607151031494,-0.170493885875,0.886577188969,0.0093722352758,0.0727874785662,0.850836992264,0.520279407501
-0.607126653194,-0.170372664928,0.886434972286,0.00960985478014,0.0733992159367,0.850034117699,0.521499931812
-0.607870578766,-0.170291900635,0.886217236519,0.0114755863324,0.0743376761675,0.848427116871,0.523940682411
-0.607756614685,-0.170204773545,0.886387467384,0.0118589028716,0.0734954923391,0.847380936146,0.525740921497
-0.607707321644,-0.170223817229,0.886451661587,0.012111374177,0.0733730792999,0.846364676952,0.527386426926
-0.607512354851,-0.170076161623,0.886373698711,0.012466898188,0.0724515765905,0.845128238201,0.529484272003
-0.60742521286,-0.170049294829,0.88635456562,0.0129915811121,0.0721093341708,0.843971252441,0.531360685825
-0.60710132122,-0.169805064797,0.885843157768,0.0160521212965,0.0730433017015,0.84359896183,0.531740486622
-0.60695540905,-0.169775038958,0.885973572731,0.0159600395709,0.0728587806225,0.842301011086,0.533822000027
-0.607120573521,-0.17016094923,0.886542201042,0.0134758148342,0.0727595984936,0.839969158173,0.537565231323
-0.607038259506,-0.170089870691,0.886550545692,0.013757427223,0.0724744722247,0.83857935667,0.539761900902
-0.607001304626,-0.169941812754,0.88649725914,0.0140916043893,0.0720027312636,0.837071955204,0.542150974274
-0.606913745403,-0.169876217842,0.886519134045,0.0144894123077,0.0717163085938,0.835780501366,0.544167220592
-0.605471730232,-0.16977635026,0.886601090431,0.0137284994125,0.0711893439293,0.836122870445,0.543730020523
-0.605341911316,-0.169719606638,0.886698424816,0.0138346580788,0.0710555464029,0.834708631039,0.545913159847
-0.60526573658,-0.169801920652,0.886672317982,0.014541933313,0.0718108937144,0.833412647247,0.547773003578
-0.606337189674,-0.169821798801,0.886684000492,0.0154757741839,0.0720672607422,0.830244421959,0.552504241467
-0.606197059155,-0.169696420431,0.886579751968,0.0158300809562,0.071572214365,0.828897356987,0.554577350616
-0.606106817722,-0.169656693935,0.886585831642,0.0161832738668,0.0715956315398,0.827681601048,0.556376993656
-0.605957567692,-0.169647291303,0.886616110802,0.0165430698544,0.0715703517199,0.826503813267,0.558117866516
-0.604413032532,-0.170199632645,0.887028336525,0.0144758783281,0.0712882205844,0.826117634773,0.558782696724
-0.604237377644,-0.17020599544,0.886995792389,0.01467607636,0.0712991952896,0.824899673462,0.560572624207
-0.605637729168,-0.169346109033,0.886405229568,0.0187581349164,0.0715859755874,0.822468876839,0.563975811005
-0.604049921036,-0.169183090329,0.886316180229,0.01877386868,0.0717442184687,0.823691785336,0.562167525291
-0.603828251362,-0.169064372778,0.88615578413,0.0189249645919,0.0710589215159,0.822435081005,0.564086079597
-0.603562474251,-0.169123977423,0.886325359344,0.0195146221668,0.0713276863098,0.821355819702,0.565602421761
-0.603433728218,-0.169218480587,0.886249959469,0.0197032224387,0.0721650421619,0.819955229759,0.56751871109
-0.603216469288,-0.170338690281,0.88679254055,0.0172048006207,0.0717256739736,0.817122519016,0.571725666523
-0.603080391884,-0.169182017446,0.886096894741,0.0204243659973,0.0716997310519,0.817174375057,0.571548998356
-0.602761626244,-0.169179499149,0.886270821095,0.0206101983786,0.0705402642488,0.815927565098,0.57346445322
-0.602245628834,-0.169098824263,0.88607865572,0.0200005751103,0.0701507553458,0.814635336399,0.575367987156
-0.601661086082,-0.172958821058,0.888413488865,0.00857227295637,0.0680177882314,0.808186233044,0.584923386574
-0.601396679878,-0.17288659513,0.88836401701,0.00906480755657,0.0685368254781,0.807379007339,0.585969090462
-0.601378679276,-0.172728300095,0.888196408749,0.0101904720068,0.0679907128215,0.805856287479,0.588106513023
-0.601588606834,-0.172917857766,0.888051986694,0.0118072843179,0.0685027167201,0.804724693298,0.589564561844
-0.601102113724,-0.172734081745,0.887937903404,0.0113688195124,0.0681309625506,0.803528249264,0.591245651245
-0.60083335638,-0.17280074954,0.887955367565,0.0112458691001,0.0678641870618,0.802502036095,0.592670738697
-0.600417554379,-0.172875776887,0.887998640537,0.0103117674589,0.0676883459091,0.801257431507,0.594389140606
-0.600194692612,-0.172818258405,0.887900352478,0.0107717979699,0.067290969193,0.800289452076,0.595728814602
-0.599988460541,-0.172703489661,0.887750923634,0.0111276423559,0.0673982426524,0.799682974815,0.596524059772
-0.599796831608,-0.172532066703,0.887523055077,0.0123457163572,0.0675207078457,0.798909306526,0.597521901131
-0.599911570549,-0.172400206327,0.887288331985,0.0144182797521,0.0676657631993,0.798328280449,0.598235309124
-0.599660634995,-0.172053784132,0.886838495731,0.0158413480967,0.0682813599706,0.79765856266,0.599022209644
-0.599438130856,-0.171700417995,0.886456012726,0.0174660850316,0.0682077482343,0.797181785107,0.599619746208
-0.599217057228,-0.171809792519,0.886410295963,0.0178211089224,0.0684215351939,0.797011554241,0.599811255932
-0.598533153534,-0.171603024006,0.886172056198,0.0169033315033,0.0689297914505,0.796731889248,0.600151121616
-0.598026871681,-0.171499997377,0.886181116104,0.0165662560612,0.0687135383487,0.796609640121,0.60034763813
-0.597651600838,-0.171534314752,0.88618606329,0.0161718893796,0.0684593766928,0.79613494873,0.601016581059
-0.597338676453,-0.171548247337,0.886142671108,0.0162679664791,0.068388402462,0.795748889446,0.601533234119
-0.596986889839,-0.171569228172,0.886128783226,0.0162012837827,0.0681806653738,0.795236170292,0.6022362113
-0.596550941467,-0.171795606613,0.886399924755,0.0146381547675,0.067096106708,0.79505366087,0.602638840675
-0.596556067467,-0.17186665535,0.886003375053,0.0159554593265,0.0682901963592,0.794670283794,0.602976858616
-0.595764577389,-0.171734794974,0.886208772659,0.0152428299189,0.0671587884426,0.794339358807,0.603558123112
-0.597894310951,-0.170554578304,0.884781956673,0.0205573104322,0.0718745142221,0.799483597279,0.596018075943
-0.597538948059,-0.170599490404,0.884804666042,0.0202572159469,0.0717652216554,0.799410462379,0.596139609814
-0.59737855196,-0.170376062393,0.884685397148,0.0205192435533,0.0720646455884,0.79995983839,0.595357060432
-0.597045481205,-0.170370012522,0.884688436985,0.0204264465719,0.0721070170403,0.800121486187,0.595137834549
-0.595341682434,-0.171158775687,0.885795474052,0.0163383223116,0.0680326297879,0.798171460629,0.598353624344
-0.595611989498,-0.170657217503,0.885010480881,0.0186651162803,0.0702601373196,0.799384236336,0.596406042576
-0.596348106861,-0.17010474205,0.884238898754,0.0215272530913,0.072948679328,0.801217377186,0.593519806862
-0.59265255928,-0.171497583389,0.886136054993,0.0139750847593,0.0658692866564,0.795349299908,0.602399885654
-0.592331469059,-0.171471118927,0.886121988297,0.0138898100704,0.0657131746411,0.795651912689,0.602019071579
-0.591705620289,-0.171563908458,0.886299192905,0.0130702424794,0.0657313615084,0.796262741089,0.601227402687
-0.591352641582,-0.171588465571,0.886333942413,0.0127349644899,0.0656875967979,0.79670882225,0.600647985935
-0.591256976128,-0.171439170837,0.886058926582,0.0129519710317,0.0652488023043,0.797042787075,0.600248098373
-0.590960681438,-0.171390041709,0.886012434959,0.012889046222,0.0651019439101,0.797443628311,0.599732756615
-0.59055018425,-0.171357750893,0.885945677757,0.0122353723273,0.0649055913091,0.797889351845,0.599174559116
-0.590346395969,-0.171252012253,0.885818183422,0.0132997212932,0.065026268363,0.798311173916,0.598576664925
-0.590011537075,-0.171138852835,0.885743200779,0.0132150743157,0.0647997260094,0.798937916756,0.597766399384
-0.589815020561,-0.171033293009,0.885682582855,0.0133292116225,0.0647633075714,0.799418270588,0.597125172615
-0.589610815048,-0.170857131481,0.885587096214,0.0135923000053,0.0647133141756,0.799951672554,0.596410036087
-0.589381814003,-0.170702576637,0.885508835316,0.0137640275061,0.0646118298173,0.800576686859,0.595577776432
-0.589233875275,-0.170567393303,0.885473012924,0.0138224735856,0.0646610632539,0.801043391228,0.594943284988
-0.589054226875,-0.170323729515,0.88546025753,0.0138227120042,0.0644569396973,0.801632463932,0.594171345234
-0.588827729225,-0.170134663582,0.885354280472,0.0140267163515,0.0642660260201,0.802343964577,0.593226253986
-0.5887144804,-0.169933199883,0.885326445103,0.0142371179536,0.0643051862717,0.802825212479,0.592565536499
-0.588547646999,-0.169806063175,0.885363340378,0.0141455922276,0.064479239285,0.803369820118,0.59181022644
-0.58839058876,-0.169671118259,0.885376751423,0.0141365546733,0.0645678862929,0.803899586201,0.591080963612
-0.588252425194,-0.169452369213,0.885292053223,0.0145490141585,0.0644548386335,0.804438650608,0.590349316597
-0.587848484516,-0.169311970472,0.885239422321,0.0136881805956,0.0644122064114,0.804785370827,0.589901864529
-0.58776652813,-0.169128239155,0.885166406631,0.0140150291845,0.0646779760718,0.805288910866,0.589177489281
-0.587591230869,-0.16896264255,0.885180234909,0.0141488118097,0.0646727457643,0.805727362633,0.588575124741
-0.587608575821,-0.16892811656,0.885357379913,0.0150402421132,0.0652282759547,0.806492328644,0.587442994118
-0.587447464466,-0.168662115932,0.885266721249,0.015174433589,0.0648317784071,0.806801021099,0.587059557438
-0.587252616882,-0.168548330665,0.885327219963,0.0150024918839,0.0648149475455,0.807158648968,0.586573839188
-0.5876339674,-0.167999580503,0.885049045086,0.0167239867151,0.0649490877986,0.807368099689,0.586224198341
-0.58775639534,-0.16767552495,0.884925425053,0.017912440002,0.0650897622108,0.807586193085,0.58587282896
-0.587782025337,-0.16742426157,0.88489228487,0.0191487744451,0.0652024075389,0.807738184929,0.585611701012
-0.587693929672,-0.167203083634,0.884858846664,0.019575310871,0.0650615021586,0.807985842228,0.585271596909
-0.587753593922,-0.16699013114,0.884846746922,0.0200496390462,0.0651232302189,0.808004021645,0.585223555565
-0.587925493717,-0.166925430298,0.884915590286,0.020948741585,0.0653236210346,0.808116257191,0.585014641285
-0.587822675705,-0.166768059134,0.884977281094,0.0211616735905,0.0654680207372,0.808087646961,0.58503049612
-0.587791144848,-0.16664968431,0.884994149208,0.020823886618,0.0656318068504,0.808031737804,0.585101366043
-0.587684810162,-0.166498973966,0.885024487972,0.0211231540889,0.0656475201249,0.808020234108,0.585104942322
-0.587514817715,-0.166319146752,0.885063350201,0.0212622657418,0.0654935613275,0.8080047369,0.585138380527
-0.587392032146,-0.166119456291,0.885110855103,0.0214938782156,0.0654255822301,0.807930290699,0.585240364075
-0.587231397629,-0.165981799364,0.885229945183,0.0216541364789,0.0653022602201,0.807737052441,0.585515022278
-0.587023735046,-0.16566374898,0.885232686996,0.0217391122133,0.0652885362506,0.807377874851,0.586008369923
-0.585689365864,-0.166339337826,0.885944485664,0.0175066404045,0.0647733658552,0.807742357254,0.585704922676
-0.585587263107,-0.166187122464,0.885992050171,0.0175309665501,0.0647324845195,0.807596623898,0.585909664631
-0.585470080376,-0.166038647294,0.88604080677,0.0176117829978,0.0647316202521,0.807347118855,0.586251080036
-0.585364699364,-0.165823101997,0.886101484299,0.0176610313356,0.06451164186,0.807226121426,0.586440563202
-0.585288345814,-0.165682822466,0.886140227318,0.0177378933877,0.0644489973783,0.807022929192,0.586724579334
-0.585291981697,-0.165599435568,0.88618516922,0.0179999433458,0.0642613917589,0.806976497173,0.586801111698
-0.58503139019,-0.165296047926,0.886166155338,0.0177034456283,0.0640844255686,0.806484520435,0.587505280972
-0.586220264435,-0.1643512398,0.885605454445,0.0218665432185,0.0647656098008,0.805715680122,0.588344931602
-0.586285829544,-0.164364844561,0.885680854321,0.02185048908,0.0648722723126,0.8055960536,0.588497519493
-0.586340665817,-0.164202526212,0.88570022583,0.0221699457616,0.0649077445269,0.805300176144,0.588886320591
-0.586217522621,-0.163955017924,0.885733902454,0.022170195356,0.0648681521416,0.804928004742,0.589399337769
-0.584952235222,-0.164655983448,0.886373400688,0.0178188569844,0.0641426742077,0.805180490017,0.589281380177
-0.584967851639,-0.164693683386,0.886417627335,0.0178046729416,0.0642414242029,0.804978787899,0.58954679966
-0.587755203247,-0.164016932249,0.885365724564,0.0218616966158,0.0691545978189,0.807915747166,0.584817886353
-0.587735831738,-0.164014458656,0.885388255119,0.0218124203384,0.0688169747591,0.807576537132,0.585327863693
-0.586424708366,-0.164483398199,0.885974824429,0.0177616234869,0.0675523728132,0.807180047035,0.586158394814
-0.586392521858,-0.164385959506,0.885950922966,0.0177388228476,0.0673189759254,0.806639134884,0.586930155754
-0.586339473724,-0.164228454232,0.885890603065,0.0177383329719,0.0666660219431,0.805954694748,0.587943851948
-0.586277127266,-0.164145380259,0.885818362236,0.0174000039697,0.0666188448668,0.80557268858,0.588482677937
-0.586140990257,-0.16407892108,0.885825812817,0.0172989461571,0.0660669133067,0.804889798164,0.589481532574
-0.584957540035,-0.163792729378,0.886063635349,0.0170698817819,0.0635543465614,0.801833689213,0.593912541866
-0.585099756718,-0.163874477148,0.885871231556,0.016934549436,0.0646656677127,0.801444470882,0.594321787357
-0.585124433041,-0.163906127214,0.885907053947,0.0166872628033,0.0651536360383,0.801249206066,0.59453868866
-0.585246086121,-0.163801670074,0.885842740536,0.0165665689856,0.064904242754,0.800814986229,0.595154047012
-0.585313677788,-0.163753405213,0.885813593864,0.016432819888,0.0649649649858,0.800543785095,0.59551602602
-0.585443258286,-0.163716971874,0.885731697083,0.0160312373191,0.0650165900588,0.80031388998,0.595830082893
-0.585445463657,-0.163785398006,0.885786414146,0.0157774873078,0.0654970929027,0.800236880779,0.59588766098
-0.585445463657,-0.163785398006,0.885786414146,0.0157774873078,0.0654970929027,0.800236880779,0.59588766098
-0.585656404495,-0.163636639714,0.885661482811,0.01560664922,0.0650864765048,0.79962271452,0.59676104784
-0.585710763931,-0.163637191057,0.885664343834,0.0153883490711,0.0652615502477,0.799498438835,0.596914052963
-0.585765719414,-0.163618952036,0.885667920113,0.0153274973854,0.0653526112437,0.799377262592,0.597068011761
-0.585902988911,-0.163749411702,0.885588943958,0.0152764739469,0.0661017820239,0.799437761307,0.596905887127
-0.585997223854,-0.163730174303,0.885553538799,0.0148530220613,0.0660933628678,0.799391448498,0.596979439259
-0.586032271385,-0.163709104061,0.885617852211,0.0151952728629,0.0661706626415,0.799285829067,0.597103774548
-0.58611291647,-0.163705050945,0.885600805283,0.0146900573745,0.0661290362477,0.799288928509,0.597116708755
-0.586258172989,-0.163718760014,0.885673582554,0.0147596783936,0.0664001554251,0.799228966236,0.597165286541
-0.586338281631,-0.163721442223,0.885696470737,0.0146952588111,0.066436894238,0.799216270447,0.597179710865
-0.586427927017,-0.163699626923,0.885749161243,0.0150551898405,0.0664979368448,0.79916870594,0.597227692604
-0.586497366428,-0.163715928793,0.885773599148,0.0149705233052,0.0665293633938,0.799240648746,0.597129821777
-0.586594462395,-0.163725763559,0.885776937008,0.0149797275662,0.0665575638413,0.799279093742,0.597075045109
-0.586700201035,-0.163739055395,0.885783076286,0.0149015011266,0.0666098296642,0.799347043037,0.596980273724
-0.586700201035,-0.163739055395,0.885783076286,0.0149015011266,0.0666098296642,0.799347043037,0.596980273724
-0.586984872818,-0.163759186864,0.885776162148,0.0148898186162,0.0667123124003,0.799548447132,0.596699416637
-0.58705329895,-0.163833245635,0.885799944401,0.0146174589172,0.066774174571,0.79975014925,0.596428871155
-0.588446497917,-0.163081765175,0.885159134865,0.0187820345163,0.067757807672,0.799465477467,0.596583008766
-0.588762938976,-0.163089245558,0.885169684887,0.0191272459924,0.0679747015238,0.799764573574,0.59614610672
-0.589520573616,-0.162878245115,0.885234355927,0.019181124866,0.0673757195473,0.802158892155,0.592987120152
-0.589780926704,-0.163075953722,0.885138869286,0.0183668322861,0.0676149502397,0.802792906761,0.592127025127
-0.589838147163,-0.16309222579,0.885188698769,0.0184607375413,0.0671165883541,0.802637577057,0.592391371727
-0.589946329594,-0.163037538528,0.885205924511,0.0184500385076,0.066930398345,0.802681267262,0.592353582382
-0.590219020844,-0.163053944707,0.885173857212,0.018572345376,0.0671206563711,0.802906095982,0.592023432255
-0.590705394745,-0.163129389286,0.88531267643,0.0194004774094,0.0673299282789,0.80328053236,0.591464996338
-0.589755773544,-0.16392172873,0.885892987251,0.0153818307444,0.0667056515813,0.803916215897,0.590789854527
-0.591390490532,-0.163286060095,0.885193169117,0.0195042751729,0.0680735036731,0.804097831249,0.590264618397
-0.591783046722,-0.163462921977,0.885264992714,0.0200012829155,0.0683305561543,0.804449021816,0.589739561081
-0.591974914074,-0.163486212492,0.885264694691,0.020025536418,0.0683946311474,0.80458343029,0.589547812939
-0.589202702045,-0.165312185884,0.886443018913,0.011957840994,0.0671469047666,0.806343257427,0.587502360344
-0.588277220726,-0.165073245764,0.886327505112,0.0117211332545,0.0666533708572,0.803772211075,0.591075479984
-0.592482864857,-0.163540482521,0.885253369808,0.0197285190225,0.0692510828376,0.805040717125,0.588833272457
-0.592851579189,-0.163574129343,0.885237395763,0.0199553072453,0.0696013495326,0.805149912834,0.588635027409
-0.593971133232,-0.163658887148,0.88474881649,0.0198627244681,0.0733979195356,0.806706905365,0.586039483547
-0.594470560551,-0.163705006242,0.884722948074,0.0201764218509,0.0735661238432,0.806685209274,0.586037456989
-0.593904495239,-0.163724213839,0.885213911533,0.0202549025416,0.0702202990651,0.80536878109,0.588251709938
-0.593183279037,-0.163575083017,0.885232210159,0.0205128081143,0.0694497898221,0.802181720734,0.592672526836
-0.594794154167,-0.163757443428,0.885107696056,0.0209100954235,0.0711020082235,0.805469095707,0.58798545599
-0.595052599907,-0.163919836283,0.885156035423,0.0208794828504,0.071849770844,0.805714845657,0.587558925152
-0.595480799675,-0.163880437613,0.885081648827,0.0210673566908,0.0717952474952,0.805501401424,0.587851405144
-0.595819592476,-0.163994044065,0.884879469872,0.0210812035948,0.0733843892813,0.80518913269,0.588082253933
-0.596081376076,-0.164128631353,0.884859442711,0.0205658860505,0.0735636129975,0.805248856544,0.587996423244
-0.596524298191,-0.164308786392,0.885124027729,0.0208971723914,0.0725567787886,0.805782139301,0.587378919125
-0.596773803234,-0.164229989052,0.885070681572,0.0210471320897,0.072747297585,0.80550211668,0.587734103203
-0.596929252148,-0.164404958487,0.885181665421,0.0212638955563,0.0733137428761,0.805632889271,0.587476551533
-0.597142219543,-0.164522886276,0.885195016861,0.0211718343198,0.0735898315907,0.805707156658,0.587343454361
-0.597575128078,-0.164574712515,0.885201334953,0.0212931595743,0.073703803122,0.805392563343,0.587756037712
-0.59787774086,-0.164676427841,0.885199368,0.0213823840022,0.074065938592,0.805463075638,0.587610781193
-0.598131299019,-0.164758384228,0.885225534439,0.0215152539313,0.0740817934275,0.805342495441,0.587769031525
-0.598438084126,-0.164812862873,0.885229587555,0.021831670776,0.0740520879626,0.805258274078,0.587876439095
-0.598688542843,-0.164828315377,0.885193109512,0.0220671780407,0.0739512741566,0.80517989397,0.587987840176
-0.598704457283,-0.164864659309,0.885060608387,0.0216987505555,0.0739094018936,0.804966032505,0.588299572468
-0.59879386425,-0.164904803038,0.885121524334,0.0218979548663,0.0734703242779,0.804667711258,0.588755011559
-0.599425673485,-0.16497592628,0.885236084461,0.0231915675104,0.07377807796,0.804838776588,0.588433265686
-0.599741637707,-0.165041655302,0.885251879692,0.0233888272196,0.0740206837654,0.804850876331,0.588378429413
-0.600041329861,-0.1651737988,0.885297179222,0.0236264895648,0.0744680464268,0.805116832256,0.587948262691
-0.600278496742,-0.165247023106,0.885346531868,0.0237896442413,0.0745697841048,0.805386900902,0.587558865547
-0.600628316402,-0.165325760841,0.885365664959,0.023998811841,0.0747136026621,0.805867552757,0.586872637272
-0.600816786289,-0.165383264422,0.885387539864,0.0241271425039,0.0747852101922,0.806179225445,0.586429834366
-0.600985884666,-0.16541582346,0.885410547256,0.0242071598768,0.0748750120401,0.806507825851,0.585963308811
-0.601173400879,-0.165407270193,0.88541996479,0.0244170688093,0.0746832415462,0.806984424591,0.58532255888
-0.598184466362,-0.167325213552,0.886609494686,0.016395278275,0.0733265504241,0.809230685234,0.582666456699
-0.597633004189,-0.167409256101,0.886521100998,0.0164132211357,0.074101574719,0.807273566723,0.585276901722
-0.597563743591,-0.167373001575,0.886452972889,0.0156873445958,0.0740137547255,0.807648062706,0.584791064262
-0.597831726074,-0.167353078723,0.886493980885,0.0159220341593,0.0740698948503,0.80832451582,0.583842277527
-0.599963724613,-0.167362868786,0.886346936226,0.0173451453447,0.0773682817817,0.812659502029,0.577319502831
-0.600350499153,-0.16732981801,0.88632619381,0.0173457618803,0.0778649300337,0.813545525074,0.576003372669
-0.600493311882,-0.167307630181,0.886373877525,0.0171658024192,0.0777955874801,0.813977241516,0.575407862663
-0.604389667511,-0.165128692985,0.885135173798,0.0264631956816,0.0795512571931,0.812483251095,0.576924979687
-0.604645729065,-0.165148705244,0.885184466839,0.0264263544232,0.0797268003225,0.812859892845,0.576371431351
-0.601768016815,-0.165983781219,0.886148095131,0.0217451248318,0.0758081972599,0.809711933136,0.581504046917
-0.601845800877,-0.165691196918,0.88624048233,0.0219136495143,0.0750012174249,0.809828221798,0.581440508366
-0.602037906647,-0.165565520525,0.886381208897,0.0220576636493,0.0741487443447,0.810253918171,0.580951035023
-0.602221667767,-0.165495976806,0.886405169964,0.0220616981387,0.074020601809,0.810469925404,0.580665946007
-0.602439403534,-0.165430307388,0.886424124241,0.0219953395426,0.0739142224193,0.810629248619,0.580459475517
-0.604948282242,-0.164764434099,0.885885477066,0.0264425519854,0.0754024535418,0.812928915024,0.576855242252
-0.604169130325,-0.164564505219,0.885884165764,0.0262432619929,0.0747408866882,0.810491740704,0.580369114876
-0.605455875397,-0.164744630456,0.88590502739,0.0263517051935,0.0754896998405,0.813196659088,0.576470434666
-0.605695843697,-0.164721995592,0.885915100574,0.0263088978827,0.0754597559571,0.813362240791,0.576242744923
-0.605994701385,-0.164663046598,0.885846853256,0.0262335129082,0.0757166594267,0.813559472561,0.575933754444
-0.605058431625,-0.165543586016,0.886455833912,0.0217649899423,0.0756195932627,0.814304888248,0.575078785419
-0.605309844017,-0.165537491441,0.886400580406,0.0216066781431,0.0758037418127,0.814462125301,0.574837803841
-0.605632007122,-0.16551207006,0.886173725128,0.0213579256088,0.0770391747355,0.814348876476,0.574843168259
-0.605971455574,-0.165488690138,0.886118710041,0.0214235298336,0.0771900117397,0.814531445503,0.574561953545
-0.606252849102,-0.16535179317,0.885964632034,0.0213594865054,0.0767738372087,0.814579546452,0.57455176115
-0.60587066412,-0.165244176984,0.886328160763,0.0211957655847,0.073983438313,0.813698768616,0.576169729233
-0.606005311012,-0.165217906237,0.88629335165,0.0208969563246,0.0738781839609,0.813686788082,0.576211154461
-0.606203079224,-0.165177762508,0.886208534241,0.0202808249742,0.0737537667155,0.813734531403,0.576181709766
-0.606359422207,-0.165183395147,0.886162102222,0.019952673465,0.0737475603819,0.813722729683,0.576210618019
-0.607737243176,-0.164401441813,0.885525643826,0.0241456441581,0.074521496892,0.813198149204,0.576690793037
-0.606710612774,-0.165180534124,0.886063694954,0.0198100432754,0.0738316848874,0.813638687134,0.576323390007
-0.606766283512,-0.165169984102,0.885996222496,0.0192966200411,0.073757134378,0.813625216484,0.576369404793
-0.606565475464,-0.16515275836,0.886117100716,0.0179545711726,0.0734972506762,0.814176857471,0.575666487217
-0.606033563614,-0.165125116706,0.886375308037,0.0155868884176,0.0730447173119,0.814901292324,0.574767351151
-0.606773674488,-0.164800792933,0.885543227196,0.0202964227647,0.0738892257214,0.814954698086,0.574436664581
-0.607115507126,-0.164721861482,0.885417103767,0.0205489546061,0.0739796981215,0.8148458004,0.574570298195
-0.607242166996,-0.16469104588,0.885391950607,0.0203618779778,0.0738609805703,0.814784348011,0.574679434299
-0.607465624809,-0.164716735482,0.885339677334,0.0197603963315,0.0739544555545,0.81478703022,0.574684619904
-0.60762578249,-0.164693132043,0.885308861732,0.0196323879063,0.0739194750786,0.814703881741,0.574811458588
-0.607828378677,-0.164682596922,0.885280013084,0.0195734836161,0.0739581212401,0.814639568329,0.574899673462
-0.608099579811,-0.164665579796,0.885323047638,0.0198389235884,0.074026696384,0.814774632454,0.57469022274
-0.608002841473,-0.164574310184,0.885403633118,0.0190495867282,0.0736952871084,0.815164804459,0.574205935001
-0.607041060925,-0.164882183075,0.886188268661,0.0138383498415,0.0730815976858,0.816038191319,0.573192179203
-0.606346607208,-0.16483938694,0.886541008949,0.0113367307931,0.0725338980556,0.817245006561,0.57159525156
-0.605312824249,-0.164753824472,0.886927545071,0.00816527474672,0.0716753005981,0.818752944469,0.569595992565
-0.605734884739,-0.164684355259,0.886672496796,0.00574197247624,0.0753655210137,0.821613371372,0.565012097359
-0.605914711952,-0.164918124676,0.886819243431,0.00585599709302,0.0747640281916,0.821397662163,0.565404355526
-0.604699373245,-0.165732234716,0.888054847717,0.00155450659804,0.0697892233729,0.818966090679,0.569580316544
-0.606576740742,-0.164634525776,0.886658966541,0.00601934781298,0.0744826123118,0.82192581892,0.564671576023
-0.605639994144,-0.165100708604,0.887279987335,0.00338805280626,0.072080001235,0.820194303989,0.567515909672
-0.606898844242,-0.164698734879,0.886811614037,0.00496569043025,0.0741689652205,0.822379529476,0.56406223774
-0.607014656067,-0.164653807878,0.88679009676,0.00468663219362,0.0737603157759,0.822805345058,0.563497185707
-0.606998324394,-0.164462476969,0.886770367622,0.00361926364712,0.0735691338778,0.823345541954,0.562740325928
-0.606146454811,-0.165053397417,0.887423157692,0.00120283197612,0.0710466206074,0.8215675354,0.565665721893
-0.607599318027,-0.16442668438,0.886676430702,0.00392954656854,0.0733381658792,0.82403922081,0.561752259731
-0.606146335602,-0.165525943041,0.887240171432,0.00204834295437,0.0708366930485,0.81955575943,0.568600475788
-0.608525037766,-0.1643486619,0.886370003223,0.00598326604813,0.0733284801245,0.824523329735,0.561024427414
-0.607654154301,-0.16504830122,0.887302875519,0.00343103217892,0.0692905783653,0.822984993458,0.563811123371
-0.608122348785,-0.164992287755,0.887164473534,0.00410778913647,0.069745734334,0.823715984821,0.562681674957
-0.608723223209,-0.164895683527,0.886834144592,0.00579589465633,0.070071041584,0.824102461338,0.562060236931
-0.60940849781,-0.164686352015,0.886457562447,0.00790242105722,0.0698695480824,0.824137628078,0.562008082867
-0.61005115509,-0.164512097836,0.886199116707,0.00968913640827,0.0701823309064,0.824547171593,0.561339974403
-0.612150788307,-0.163693279028,0.884841620922,0.0147455073893,0.0751744285226,0.827032506466,0.55690997839
-0.612530112267,-0.163754880428,0.884800493717,0.0150738544762,0.0754590630531,0.827273964882,0.556503891945
-0.61309581995,-0.164193734527,0.884801805019,0.016887601465,0.0752147138119,0.825991690159,0.55838650465
-0.613088190556,-0.164563462138,0.885043859482,0.0169486720115,0.0741570144892,0.824607133865,0.560568034649
-0.613150835037,-0.164520815015,0.885461211205,0.0168357919902,0.0722434148192,0.824433386326,0.561076760292
-0.615156471729,-0.164141267538,0.884538292885,0.0195107981563,0.0770751386881,0.826696276665,0.557002902031
-0.615211367607,-0.164347082376,0.8848772645,0.0178344938904,0.0768402665854,0.82676076889,0.556995749474
-0.615333199501,-0.16446082294,0.885095536709,0.0166375972331,0.0767060145736,0.82700240612,0.55669260025
-0.614823102951,-0.164770886302,0.885543346405,0.0142484325916,0.076226092875,0.82770550251,0.555778980255
-0.614552140236,-0.164968416095,0.885795593262,0.0130311157554,0.0758760124445,0.828017055988,0.555392622948
-0.614435970783,-0.165143176913,0.886013031006,0.0122453635558,0.0761776864529,0.828538060188,0.554591655731
-0.614517092705,-0.165273308754,0.886122405529,0.0119294906035,0.0761201903224,0.828668296337,0.554411590099
-0.614609539509,-0.165348276496,0.88625651598,0.0118230320513,0.0759234577417,0.828674912453,0.554431021214
-0.614932894707,-0.165212422609,0.886278271675,0.0119928633794,0.0752108544111,0.828555524349,0.554702818394
-0.614700317383,-0.165143892169,0.886536538601,0.0115890074521,0.0737101659179,0.828070878983,0.555635929108
-0.614521622658,-0.165045619011,0.886732280254,0.0115152047947,0.0723495185375,0.827567398548,0.556565523148
-0.613636910915,-0.164875000715,0.887457251549,0.0109738251194,0.0676853880286,0.826201319695,0.559186697006
-0.613449931145,-0.164790809155,0.886811494827,0.0117303282022,0.0700796544552,0.824173569679,0.561862230301
-0.61367970705,-0.164704740047,0.886765122414,0.0116262892261,0.0702652037144,0.824319303036,0.561627447605
-0.613782525063,-0.164770305157,0.886802077293,0.0115052778274,0.0706331878901,0.824298560619,0.561614274979
-0.615350544453,-0.164077445865,0.886318445206,0.01462968532,0.0713781714439,0.823305606842,0.562902450562
-0.61570751667,-0.163966357708,0.886204242706,0.014871859923,0.0712242871523,0.822842299938,0.563592672348
-0.616050183773,-0.163924366236,0.886142253876,0.0153024671599,0.0716321393847,0.822557210922,0.563945293427
-0.616306304932,-0.163819119334,0.886029362679,0.0153205338866,0.0712266415358,0.822089195251,0.564678311348
-0.616535782814,-0.163790225983,0.8859385252,0.015481072478,0.0712657272816,0.82171946764,0.565206885338
-0.616682767868,-0.163871973753,0.885941028595,0.0154329398647,0.0715187266469,0.821395576,0.565646708012
-0.617214620113,-0.164131566882,0.886074125767,0.0156491156667,0.0717076510191,0.822333037853,0.564253032207
-0.617285132408,-0.164144873619,0.886064171791,0.015672557056,0.0717755109072,0.821991086006,0.564741790295
-0.617396354675,-0.16420866549,0.886067271233,0.0156490318477,0.0720723941922,0.821601092815,0.565271854401
-0.617391526699,-0.164272814989,0.886072814465,0.0156026603654,0.0722101479769,0.821298897266,0.565694630146
-0.61733096838,-0.16434083879,0.886104047298,0.0154998330399,0.0723111778498,0.821055054665,0.566038429737
-0.616887927055,-0.164353832603,0.885979294777,0.014998213388,0.0731291249394,0.819811522961,0.567746698856
-0.616804659367,-0.164516985416,0.886017262936,0.014854147099,0.0733046457171,0.819677174091,0.567921817303
-0.616625726223,-0.164839223027,0.885951697826,0.0146290222183,0.0742401704192,0.819060146809,0.568695664406
-0.61541557312,-0.165670603514,0.886242806911,0.0120436707512,0.074591986835,0.819860935211,0.567555487156
-0.615436136723,-0.165799275041,0.886246800423,0.0119922412559,0.0748585388064,0.819808602333,0.567597091198
-0.61546254158,-0.165951102972,0.886231482029,0.0119069637731,0.0752191096544,0.819781959057,0.567589521408
-0.615559577942,-0.166019022465,0.886137366295,0.0118964137509,0.075240842998,0.819732010365,0.567659080029
-0.616231322289,-0.165341570973,0.886734306812,0.0124023696408,0.0724308341742,0.82308024168,0.563150942326
-0.616044342518,-0.16586497426,0.886586725712,0.0122184520587,0.073608122766,0.822250425816,0.564213573933
-0.616079330444,-0.166095227003,0.886476278305,0.012073205784,0.0744647681713,0.822236835957,0.564123988152
-0.616124153137,-0.166171476245,0.886330425739,0.0118507482111,0.0745803564787,0.822164595127,0.564218759537
-0.616127133369,-0.166304543614,0.886079370975,0.0115757929161,0.0761029720306,0.82201308012,0.564241886139
-0.616042733192,-0.166489034891,0.886108994484,0.0113343549892,0.076618000865,0.822175502777,0.56394046545
-0.616042733192,-0.166489034891,0.886108994484,0.0113343549892,0.076618000865,0.822175502777,0.56394046545
-0.615916252136,-0.166722118855,0.886094689369,0.0107046915218,0.0765433460474,0.822108447552,0.564060628414
-0.61589127779,-0.166676580906,0.88601565361,0.0106577668339,0.0759911835194,0.821911811829,0.564422667027
-0.615739107132,-0.166807174683,0.886201322079,0.0102407708764,0.0751387402415,0.822314500809,0.563957691193
-0.615576148033,-0.166917607188,0.886220097542,0.00980565417558,0.0750173926353,0.822380542755,0.563885271549
-0.615582883358,-0.166804283857,0.886085569859,0.0099248662591,0.074625633657,0.822350621223,0.563978672028
-0.616690576077,-0.16638211906,0.885569214821,0.012239520438,0.076478086412,0.821210384369,0.5653449893
-0.616783738136,-0.166380658746,0.885409832001,0.0129422387108,0.0765668824315,0.821097373962,0.565481483936
-0.61686360836,-0.166387811303,0.88491332531,0.0156372487545,0.0769850537181,0.82125300169,0.565130352974
-0.617174565792,-0.166458487511,0.884681463242,0.0169137790799,0.0773062631488,0.82085287571,0.565630912781
-0.615222036839,-0.165966615081,0.885174274445,0.0122376168147,0.0763176381588,0.823816001415,0.561563253403
-0.615220308304,-0.166018188,0.8852673769,0.0119270458817,0.075454980135,0.824223041534,0.561088860035
-0.615219473839,-0.166048198938,0.885059475899,0.0118580628186,0.0768597349524,0.824137449265,0.561025381088
-0.614623129368,-0.16596493125,0.885339975357,0.0117365289479,0.0744173973799,0.823492586613,0.562302827835
-0.614562630653,-0.166006952524,0.885235846043,0.0114756729454,0.0746845006943,0.823506772518,0.562251985073
-0.614515662193,-0.166061460972,0.885143101215,0.0113877188414,0.0748849362135,0.823479294777,0.562267243862
-0.61446171999,-0.166114985943,0.885064721107,0.0113428961486,0.075133278966,0.823420226574,0.562321603298
-0.615533649921,-0.166175752878,0.884336173534,0.0116656208411,0.0789626985788,0.824393987656,0.560360193253
-0.615929365158,-0.16635003686,0.884118318558,0.0126712350175,0.0796503424644,0.823852777481,0.561036467552
-0.616394996643,-0.166650265455,0.883982181549,0.0139828659594,0.0807735398412,0.823177695274,0.561835110188
-0.616965651512,-0.166849806905,0.883740186691,0.0154106393456,0.0814526677132,0.822185575962,0.563150763512
-0.616799354553,-0.166914492846,0.883727669716,0.0152870966122,0.0816803202033,0.822176337242,0.563134670258
-0.616700291634,-0.166912198067,0.88367497921,0.0154714789242,0.0819621086121,0.822169542313,0.563098728657
-0.616536855698,-0.166837230325,0.883596479893,0.0157631020993,0.0821410939097,0.822242498398,0.56295800209
-0.616209626198,-0.166798859835,0.883594095707,0.015584692359,0.0821433737874,0.822371244431,0.562774538994
-0.615688323975,-0.166874527931,0.883779704571,0.0147447092459,0.0817079395056,0.822003245354,0.563398003578
-0.615555584431,-0.166750237346,0.88374298811,0.014752138406,0.0813897997141,0.821734726429,0.563835322857
-0.615507900715,-0.166552737355,0.883793830872,0.0153206670657,0.0814262703061,0.821548581123,0.564085960388
-0.61398935318,-0.166910633445,0.884351491928,0.0133938658983,0.0793652161956,0.818902552128,0.568260848522
-0.614506840706,-0.166579276323,0.884187579155,0.0145611586049,0.0803254693747,0.820650160313,0.565569758415
-0.614471793175,-0.166342735291,0.88410794735,0.0148939974606,0.0808334499598,0.821113467216,0.564815878868
-0.613917052746,-0.166276305914,0.884227216244,0.0146636422724,0.0805466026068,0.820962309837,0.56508243084
-0.613688409328,-0.166147232056,0.884346008301,0.0140882767737,0.0803634524345,0.820877015591,0.565247058868
-0.612103462219,-0.166603714228,0.885407984257,0.0109576545656,0.0762407034636,0.819042384624,0.568539261818
-0.611747741699,-0.166411072016,0.885330557823,0.0108091589063,0.0760659351945,0.819124519825,0.568447232246
-0.612730443478,-0.165683150291,0.884419202805,0.0139247141778,0.0796655416489,0.820609867573,0.565737724304
-0.611308813095,-0.166072979569,0.885400056839,0.0110539663583,0.0757035687566,0.81893581152,0.568762660027
-0.611191630363,-0.16570609808,0.885297119617,0.0124206235632,0.0754849538207,0.818942964077,0.568753361702
-0.610875070095,-0.165614306927,0.885582447052,0.0111092403531,0.075120523572,0.818956971169,0.568808436394
-0.610591769218,-0.165487527847,0.885569810867,0.00989495124668,0.0748445615172,0.818479120731,0.569554507732
-0.61078441143,-0.165343955159,0.885578274727,0.010471265763,0.0748354122043,0.817966639996,0.570281326771
-0.610798001289,-0.165164038539,0.885584533215,0.0105200009421,0.0747039467096,0.817674577236,0.570716321468
-0.610842585564,-0.165023267269,0.88564646244,0.0105396499857,0.0748053044081,0.817478120327,0.570984065533
-0.610756218433,-0.164904505014,0.885749936104,0.010445275344,0.0752367451787,0.817643404007,0.570692300797
-0.610794067383,-0.164697676897,0.885712444782,0.0102462219074,0.0750781744719,0.817562758923,0.570832431316
-0.611932277679,-0.164150685072,0.884999036789,0.0126453405246,0.0789717063308,0.819305241108,0.567752301693
-0.611668169498,-0.16418428719,0.885248720646,0.0115213496611,0.0785401165485,0.81916975975,0.56803137064
-0.611482203007,-0.164007425308,0.885273396969,0.0112830819562,0.0780697241426,0.819147527218,0.568133115768
-0.611393272877,-0.16385795176,0.885299742222,0.0106985801831,0.0777695029974,0.819176077843,0.568144440651
-0.611270070076,-0.163689404726,0.885365366936,0.0111290356144,0.0775270536542,0.819131135941,0.568234086037
-0.611211299896,-0.163501799107,0.885326266289,0.0105908643454,0.0772375240922,0.819131851196,0.568282783031
-0.611404716969,-0.163460358977,0.88554006815,0.0117290783674,0.0767274871469,0.819029211998,0.568477332592
-0.611272931099,-0.163002356887,0.885420680046,0.0117944562808,0.0759488493204,0.818713843822,0.569034636021
-0.611310899258,-0.162808269262,0.885400533676,0.0118409441784,0.0759954825044,0.818834424019,0.568853855133
-0.611303448677,-0.162613481283,0.885370731354,0.0121188601479,0.0757854506373,0.818677306175,0.569102168083
-0.610426723957,-0.162444546819,0.885876238346,0.0123232603073,0.0719463080168,0.817069351673,0.571900010109
-0.611261367798,-0.162306070328,0.885415613651,0.0127605600283,0.0754344463348,0.818307578564,0.569666087627
-0.610590219498,-0.162001997232,0.885923802853,0.0133879398927,0.0716596245766,0.816721975803,0.572407901287
