Fx,Fy,Fz,Tx,Ty,Tz
4.71611912455273,1.77796121776781,-16.1693920161726,-0.158648904567214,0.506399347629185,0.0021716123369174
4.36176045146273,1.89594145954781,-16.4418701197726,-0.160510253315214,0.499938502159185,0.0083435624760274
4.05464966502273,1.99032553375781,-16.5781101252726,-0.164232950812214,0.489785744991185,0.0110866520475874
3.81841070857273,1.99032553375781,-16.9868301417726,-0.165163632636214,0.489785744991185,0.0152012845423874
3.93653042521273,2.01392158210781,-17.3955501582726,-0.171678345804214,0.498092546310185,0.0172586021866874
4.00740177836273,2.15549787223781,-17.5317901637726,-0.173539694553214,0.503630413856185,0.0172586021866874
3.93653042521273,2.15549787223781,-17.9405082728726,-0.177262392049214,0.514706148948185,0.0117724239748874
3.96015389170273,2.22628601730781,-17.8042682673726,-0.179123740797214,0.513783171024185,0.0131439687606874
3.91290648188273,2.27347811401781,-17.8042682673726,-0.180985089546214,0.501784458007185,0.0131439687606874
3.88928253855273,2.32066997230781,-17.6680282618726,-0.180985089546214,0.499015524234185,0.0145155126150874
3.93653042521273,2.27347811401781,-17.5317901637726,-0.183777105217214,0.499015524234185,0.0138297406878874
4.05464966502273,2.24988206565781,-17.2593101527726,-0.182846438294214,0.494400634613185,0.0131439687606874
4.14914543833273,2.22628601730781,-16.9868301417726,-0.179123740797214,0.487939789142185,0.0117724239748874
4.07827360835273,2.08470972717781,-16.8505901362726,-0.175401043301214,0.485170855369185,0.0083435624760274
4.00740177836273,2.08470972717781,-16.7143501307726,-0.168886330133214,0.471326186504185,0.0069720176902274
3.91290648188273,2.10830577552781,-16.5781101252726,-0.164232950812214,0.461173429336185,0.0069720176902274
3.74753887858273,2.01392158210781,-16.4418701197726,-0.164232950812214,0.458404495563185,0.0083435624760274
3.88928253855273,1.96672948539781,-16.1693920161726,-0.163302283888214,0.459327473487185,0.0069720176902274
3.96015389170273,1.94313343704781,-15.8969120051726,-0.163302283888214,0.458404495563185,0.0056004738357574
4.03102572169273,1.96672948539781,-15.6244319941726,-0.159579586392214,0.453789605941185,0.0062862457629874
4.07827360835273,1.87234541118781,-15.4881929423726,-0.156787555819214,0.451943650093185,0.0049147014428574
4.10189755168273,1.80155726611781,-14.9432338740726,-0.153995540147214,0.442713870849185,0.0042289290499574
4.03102572169273,1.70717319190781,-14.3982738520726,-0.149342160826214,0.441790922727185,0.0042289290499574
3.96015389170273,1.65998109519781,-13.8533147837726,-0.144688796406214,0.427946253862185,0.0035431566570574
3.91290648188273,1.61278899848781,-13.1721166636726,-0.139104750161214,0.418716474618185,0.0035431566570574
3.88928253855273,1.56559690177781,-12.7633966471726,-0.138174083238214,0.408563717451185,0.0049147014428574
3.79478676524273,1.56559690177781,-11.8097185160726,-0.129798013871214,0.382720335569185,0.0049147014428574
3.77116282191273,1.54200085342781,-11.2647594477726,-0.127005990749214,0.371644600477185,0.0062862457629874
3.74753887858273,1.49480887592781,-11.1285194422726,-0.123283293252214,0.358722939338185,0.0069720176902274
3.65304334368273,1.44761677921781,-10.3110803629726,-0.117699247008214,0.341186358776185,0.0035431566570574
3.77116282191273,1.47121282756781,-9.76612129467258,-0.113976549511214,0.330110623683185,0.0014858399440174
3.84203465189273,1.40042468250781,-9.49364223741258,-0.113976549511214,0.324572756137185,-0.0005714768854295
3.84203465189273,1.40042468250781,-9.35740223191258,-0.112115208214214,0.323649778213185,-0.0026287937148825
4.14914543833273,1.47121282756781,-8.67620315812258,-0.110253859465214,0.317188932743185,-0.0046861106607425
4.45625622477273,1.51840492427781,-8.26748409532258,-0.108392510717214,0.313497021045185,-0.0053718825879825
4.76336701121273,1.51840492427781,-7.72252502702258,-0.109323185091214,0.318111910667185,-0.0046861106607425
4.92873413767273,1.56559690177781,-7.58628502153258,-0.109323185091214,0.318111910667185,-0.0046861106607425
5.04685385432273,1.61278899848781,-7.04132595323258,-0.109323185091214,0.316265954818185,-0.0040003382678425
4.78699095454273,1.49480887592781,-6.63260689042258,-0.103739138846914,0.297806396331185,-0.0074291997666825
3.10969360079273,1.25884851158781,-5.95140781663258,-0.0907096976094136,0.223045229163185,0.0001142953910574
2.70808704104273,1.11727222144781,-5.67892828248258,-0.0888483488612136,0.209200560297185,0.0028573842641574
2.56634361949273,1.09367629230781,-5.13396921418258,-0.0841949844413136,0.196278869357185,0.0008000675511274
2.42460019793273,1.02288814723781,-4.72524967454258,-0.0814029613189136,0.181511237468185,0.0014858399440174
2.09386546816273,0.928503953817807,-4.45277014039258,-0.0786109381966136,0.175050391998185,0.0028573842641574
1.90487439837273,0.834119820004807,-3.90781107209258,-0.0739575663261136,0.159359767284185,0.0028573842641574
1.66863520350273,0.739735686188807,-3.49909177087258,-0.0711655432038136,0.148284032192185,0.0021716123369174
1.38514836039273,0.692543649083807,-2.81789293550258,-0.0637201519363136,0.129824488606185,0.0021716123369174
1.24340493884273,0.621755504018807,-2.40917339585258,-0.0609281288140136,0.120594709362185,0.0001142953910574
1.03078980650273,0.527371370202807,-1.86421432756258,-0.0506907144241136,0.0929053865333847,0.0014858399440174
0.889046384952727,0.456583284741807,-1.59173479341258,-0.0441759975307136,0.0845985852142847,0.0001142953910574
0.865422441623728,0.385795169478807,-1.04677560590258,-0.0357999300264136,0.0707539237996847,0.0008000675511274
0.818174614570727,0.315007084017807,-0.910535838832583,-0.0330079069041136,0.0624471262058848,-0.0005714768854295
0.770926787517727,0.338603102570807,-0.774296071752583,-0.0274238625221136,0.0541403248866848,0.0035431566570574
0.629183365963727,0.315007084017807,-0.638056304682583,-0.0246318412624136,0.0486024610659848,0.0021716123369174
0.440192117355727,0.267814987307807,-0.365576770529583,-0.0190477959491136,0.0375267296990848,0.0001142953910574
0.416568233631728,0.220622920399807,-0.229336943850583,-0.0181171225064136,0.0329118419399847,-0.0019430214383955
0.345696493051727,0.173430853492807,-0.0930971767755833,-0.0143944259412836,0.0273739762565847,-0.0026287937148825
0.298448695800728,0.126238786584807,-0.0930971767755833,-0.0153251003154136,0.0264509983321847,-0.0012572491619125
0.251200868747728,0.197026901847807,-0.0930971767755833,-0.0125330776587336,0.0218361115043847,-0.0012572491619125
0.298448695800728,0.102642753130807,0.0431425902994167,-0.0143944259412836,0.0264509983321847,-0.0005714768854295
0.298448695800728,0.149834820038807,-0.0930971767755833,-0.0143944259412836,0.0264509983321847,-0.0012572491619125
0.298448695800728,0.173430853492807,-0.0930971767755833,-0.0143944259412836,0.0255280222704848,-0.0005714768854295
0.203953041694727,0.173430853492807,-0.0930971767755833,-0.0106717293761936,0.0264509983321847,0.0001142953910574
0.227576955221727,0.173430853492807,0.0431425902994167,-0.0116024037502936,0.0236820664217847,-0.0012572491619125
0.180329157970727,0.220622920399807,-0.229336943850583,-0.0125330776587336,0.0246050443461847,0.0014858399440174
0.251200868747728,0.149834820038807,0.0431425902994167,-0.0134637515671736,0.0236820664217847,-0.0012572491619125
0.251200868747728,0.126238786584807,0.179382387176417,-0.0134637515671736,0.0227590884974847,-0.0005714768854295
0.180329157970727,0.149834820038807,-0.0930971767755833,-0.0106717293761936,0.0246050443461847,-0.0012572491619125
0.156705244443727,0.102642753130807,0.0431425902994167,-0.0088103813264735,0.0209131335800847,-0.0005714768854295
0.203953041694727,0.149834820038807,-0.0930971767755833,-0.0106717293761936,0.0199901565870847,0.0001142953910574
0.203953041694727,0.173430853492807,0.0431425902994167,-0.0116024037502936,0.0209131335800847,-0.0005714768854295
0.227576955221727,0.220622920399807,0.0431425902994167,-0.0134637515671736,0.0236820664217847,-0.0005714768854295
0.180329157970727,0.244218968755807,0.0431425902994167,-0.0143944259412836,0.0246050443461847,-0.0019430214383955
0.156705244443727,0.291411035662807,-0.0930971767755833,-0.0116024037502936,0.0199901565870847,-0.0012572491619125
0.180329157970727,0.244218968755807,-0.0930971767755833,-0.0106717293761936,0.0190671786626847,-0.0012572491619125
0.251200868747728,0.220622920399807,0.0431425902994167,-0.0125330776587336,0.0172212237453347,0.0001142953910574
0.369320406578727,0.267814987307807,-0.0930971767755833,-0.0125330776587336,0.0190671786626847,0.0008000675511274
0.180329157970727,0.197026901847807,-0.229336943850583,-0.0088103813264735,0.0190671786626847,0.0021716123369174
0.251200868747728,0.0554506862228067,-0.0930971767755833,-0.0097410554677435,0.0199901565870847,0.0014858399440174
0.274824782274728,0.126238786584807,0.0431425902994167,-0.0106717293761936,0.0172212237453347,0.0001142953910574
0.133081330917727,0.126238786584807,-0.229336943850583,-0.0078797071852035,0.0190671786626847,0.0014858399440174
0.298448695800728,0.173430853492807,-0.0930971767755833,-0.0088103813264735,0.0162982458209947,0.0008000675511274
0.180329157970727,0.173430853492807,-0.229336943850583,-0.0116024037502936,0.0190671786626847,0.0001142953910574
0.227576955221727,0.149834820038807,-0.0930971767755833,-0.0125330776587336,0.0153752683623047,-0.0005714768854295
0.203953041694727,0.173430853492807,-0.229336943850583,-0.0106717293761936,0.0172212237453347,0.0001142953910574
0.203953041694727,0.149834820038807,-0.229336943850583,-0.0106717293761936,0.0172212237453347,0.0001142953910574
0.274824782274728,0.0554506862228067,-0.229336943850583,-0.0088103813264735,0.0162982458209947,0.0001142953910574
0.227576955221727,0.0318546453178067,-0.229336943850583,-0.0069490331603435,0.0153752683623047,0.0001142953910574
0.227576955221727,0.0082586118641066,-0.365576770529583,-0.0078797071852035,0.0162982458209947,0.0021716123369174
0.251200868747728,0.0082586118641066,-0.229336943850583,-0.0060183590772785,0.0116833580619047,0.0014858399440174
0.251200868747728,0.0318546453178067,-0.229336943850583,-0.0088103813264735,0.0153752683623047,0.0014858399440174
0.227576955221727,0.0082586118641066,-0.229336943850583,-0.0078797071852035,0.0144522909036247,0.0001142953910574
0.203953041694727,0.0790467196768067,-0.229336943850583,-0.0060183590772785,0.0144522909036247,0.0008000675511274
0.251200868747728,0.0554506862228067,-0.365576770529583,-0.0069490331603435,0.0153752683623047,0.0008000675511274
0.227576955221727,0.0318546453178067,-0.229336943850583,-0.0060183590772785,0.0144522909036247,0.0001142953910574
0.203953041694727,-0.0153374215897933,-0.365576770529583,-0.0060183590772785,0.0153752683623047,0.0008000675511274
0.298448695800728,-0.0389334587689933,-0.501816537603583,-0.0032263368280835,0.0190671786626847,0.0001142953910574
0.180329157970727,-0.109721564718793,-0.501816537603583,-0.0022956628032235,0.0172212237453347,0.0001142953910574
0.203953041694727,-0.0625294940855933,-0.365576770529583,-0.0050876849942135,0.0181442007383647,0.0014858399440174
0.322072579525728,-0.0625294940855933,-0.365576770529583,-0.0069490331603435,0.0162982458209947,-0.0005714768854295
0.274824782274728,0.0082586118641066,-0.365576770529583,-0.0050876849942135,0.0135293129792747,0.0014858399440174
0.251200868747728,-0.0389334587689933,-0.365576770529583,-0.0050876849942135,0.0135293129792747,0.0008000675511274
0.180329157970727,-0.0389334587689933,-0.229336943850583,-0.0050876849942135,0.0153752683623047,0.0014858399440174
0.180329157970727,-0.109721564718793,-0.229336943850583,-0.0041570109111485,0.0153752683623047,0.0008000675511274
0.274824782274728,-0.156913637214593,-0.365576770529583,-0.0050876849942135,0.0126063355205847,0.0001142953910574
0.227576955221727,-0.180509670668493,-0.229336943850583,-0.0050876849942135,0.0135293129792747,0.0008000675511274
0.251200868747728,-0.204105704122193,-0.365576770529583,-0.0032263368280835,0.0135293129792747,0.0008000675511274
0.203953041694727,-0.204105704122193,-0.365576770529583,-0.0013649886619535,0.0144522909036247,0.0001142953910574
0.274824782274728,-0.156913637214593,-0.365576770529583,-0.0022956628032235,0.0116833580619047,-0.0005714768854295
0.203953041694727,-0.0861255294021933,-0.365576770529583,-0.0032263368280835,0.0172212237453347,0.0008000675511274
0.203953041694727,-0.0861255294021933,-0.365576770529583,-0.0041570109111485,0.0126063355205847,0.0014858399440174
0.251200868747728,-0.0389334587689933,-0.0930971767755833,-0.0041570109111485,0.0144522909036247,-0.0005714768854295
0.274824782274728,-0.0625294940855933,-0.229336943850583,-0.0078797071852035,0.0153752683623047,0.0028573842641574
0.274824782274728,-0.0861255294021933,-0.229336943850583,-0.0032263368280835,0.0116833580619047,0.0008000675511274
0.274824782274728,-0.0625294940855933,-0.365576770529583,-0.0041570109111485,0.0135293129792747,0.0001142953910574
0.251200868747728,-0.0861255294021933,-0.365576770529583,-0.0041570109111485,0.0153752683623047,-0.0005714768854295
0.298448695800728,-0.109721564718793,-0.229336943850583,-0.0032263368280835,0.0126063355205847,-0.0005714768854295
0.298448695800728,-0.0861255294021933,-0.365576770529583,-0.0050876849942135,0.0135293129792747,0.0008000675511274
0.274824782274728,-0.0861255294021933,-0.365576770529583,-0.0060183590772785,0.0144522909036247,0.0001142953910574
0.251200868747728,-0.109721564718793,-0.365576770529583,-0.0050876849942135,0.0135293129792747,-0.0005714768854295
0.298448695800728,-0.0625294940855933,-0.365576770529583,-0.0060183590772785,0.0126063355205847,0.0008000675511274
0.298448695800728,-0.0625294940855933,-0.229336943850583,-0.0060183590772785,0.0135293129792747,0.0001142953910574
0.227576955221727,-0.109721564718793,-0.501816537603583,-0.0050876849942135,0.0162982458209947,0.0001142953910574
0.274824782274728,-0.133317600035393,-0.501816537603583,-0.0041570109111485,0.0153752683623047,0.0001142953910574
0.369320406578727,-0.0625294940855933,-0.365576770529583,-0.0022956628032235,0.0126063355205847,0.0042289290499574
0.298448695800728,-0.133317600035393,-0.501816537603583,-0.0032263368280835,0.0135293129792747,0.0042289290499574
0.298448695800728,-0.133317600035393,-0.365576770529583,-0.0050876849942135,0.0126063355205847,0.0014858399440174
0.298448695800728,-0.133317600035393,-0.365576770529583,-0.0050876849942135,0.0126063355205847,0.0008000675511274
0.322072579525728,-0.0861255294021933,-0.365576770529583,-0.0041570109111485,0.0135293129792747,0.0001142953910574
0.274824782274728,-0.0861255294021933,-0.365576770529583,-0.0032263368280835,0.0126063355205847,0.0008000675511274
0.227576955221727,-0.133317600035393,-0.365576770529583,-0.0041570109111485,0.0144522909036247,0.0001142953910574
0.298448695800728,-0.180509670668493,-0.229336943850583,-0.0041570109111485,0.0107603803703847,-0.0005714768854295
0.298448695800728,-0.180509670668493,-0.501816537603583,0.0004963593877664,0.0116833580619047,0.0014858399440174
0.322072579525728,-0.227701745027193,-0.365576770529583,-0.0032263368280835,0.0135293129792747,0.0001142953910574
0.322072579525728,-0.227701745027193,-0.229336943850583,-0.0032263368280835,0.0116833580619047,0.0001142953910574
0.369320406578727,-0.156913637214593,-0.229336943850583,-0.0032263368280835,0.0126063355205847,0.0008000675511274
0.345696493051727,-0.180509670668493,-0.365576770529583,-0.0032263368280835,0.0107603803703847,0.0014858399440174
0.274824782274728,-0.180509670668493,-0.229336943850583,-0.0041570109111485,0.0135293129792747,0.0021716123369174
0.274824782274728,-0.180509670668493,-0.365576770529583,-0.0004343145206835,0.0126063355205847,0.0021716123369174
0.298448695800728,-0.204105704122193,-0.365576770529583,-0.0041570109111485,0.0126063355205847,0.0008000675511274
0.180329157970727,-0.204105704122193,-0.365576770529583,-0.0022956628032235,0.0153752683623047,0.0014858399440174
0.298448695800728,-0.204105704122193,-0.229336943850583,-0.0022956628032235,0.0098374027952857,0.0001142953910574
0.322072579525728,-0.227701745027193,-0.501816537603583,-0.0032263368280835,0.0144522909036247,0.0001142953910574
0.251200868747728,-0.204105704122193,-0.229336943850583,-0.0022956628032235,0.0126063355205847,0.0001142953910574
0.322072579525728,-0.180509670668493,-0.229336943850583,-0.0004343145206835,0.0089144252201847,0.0014858399440174
0.251200868747728,-0.109721564718793,-0.365576770529583,-0.0004343145206835,0.0144522909036247,0.0008000675511274
0.227576955221727,-0.133317600035393,-0.365576770529583,0.0004963593877664,0.0116833580619047,0.0008000675511274
0.298448695800728,-0.109721564718793,-0.229336943850583,-0.0022956628032235,0.0144522909036247,0.0008000675511274
0.322072579525728,-0.133317600035393,-0.501816537603583,-0.0041570109111485,0.0135293129792747,0.0028573842641574
0.322072579525728,-0.133317600035393,-0.501816537603583,-0.0041570109111485,0.0144522909036247,0.0014858399440174
0.298448695800728,-0.133317600035393,-0.365576770529583,-0.0050876849942135,0.0135293129792747,0.0008000675511274
0.392944290302727,-0.0861255294021933,-0.365576770529583,-0.0060183590772785,0.0162982458209947,-0.0019430214383955
0.345696493051727,-0.0389334587689933,-0.501816537603583,-0.0041570109111485,0.0162982458209947,-0.0005714768854295
0.440192117355727,0.0082586118641066,-0.229336943850583,-0.0050876849942135,0.0116833580619047,0.0001142953910574
0.345696493051727,0.0554506862228067,-0.229336943850583,-0.0050876849942135,0.0135293129792747,0.0001142953910574
0.156705244443727,0.0318546453178067,-0.774296071752583,-0.0116024037502936,0.0042995374610947,-0.0019430214383955
0.511063828132728,-0.0389334587689933,-1.04677560590258,-0.0032263368280835,0.0126063355205847,-0.0026287937148825
-0.0322860041634725,-0.0153374215897933,0.0431425902994167,-0.0004343145206835,0.0098374027952857,0.0008000675511274
0.345696493051727,-0.0861255294021933,-0.365576770529583,0.0004963593877664,0.0199901565870847,-0.0005714768854295
0.180329157970727,0.0082586118641066,-0.365576770529583,-0.0041570109111485,0.0135293129792747,-0.0005714768854295
0.345696493051727,0.0554506862228067,-0.365576770529583,-0.0050876849942135,0.0144522909036247,0.0049147014428574
0.227576955221727,-0.0389334587689933,-0.365576770529583,-0.0032263368280835,0.0126063355205847,0.0014858399440174
0.203953041694727,0.0082586118641066,-0.229336943850583,-0.0022956628032235,0.0144522909036247,-0.0005714768854295
0.274824782274728,-0.0153374215897933,-0.0930971767755833,-0.0032263368280835,0.0135293129792747,-0.0012572491619125
0.203953041694727,0.0082586118641066,-0.229336943850583,-0.0032263368280835,0.0153752683623047,-0.0005714768854295
0.298448695800728,0.0554506862228067,-0.365576770529583,-0.0022956628032235,0.0126063355205847,-0.0005714768854295
0.251200868747728,-0.0153374215897933,0.0431425902994167,-0.0032263368280835,0.0126063355205847,-0.0012572491619125
0.298448695800728,0.0318546453178067,-0.365576770529583,-0.0060183590772785,0.0144522909036247,-0.0019430214383955
0.322072579525728,0.0082586118641066,-0.229336943850583,-0.0050876849942135,0.0153752683623047,-0.0005714768854295
0.180329157970727,0.0318546453178067,-0.229336943850583,-0.0022956628032235,0.0144522909036247,-0.0012572491619125
0.345696493051727,0.0790467196768067,-0.501816537603583,-0.0050876849942135,0.0153752683623047,-0.0005714768854295
0.322072579525728,0.0554506862228067,-0.0930971767755833,-0.0060183590772785,0.0126063355205847,-0.0005714768854295
0.251200868747728,0.0790467196768067,-0.365576770529583,-0.0032263368280835,0.0144522909036247,-0.0012572491619125
0.251200868747728,0.173430853492807,-0.229336943850583,-0.0060183590772785,0.0126063355205847,0.0001142953910574
0.251200868747728,0.173430853492807,-0.0930971767755833,-0.0041570109111485,0.0126063355205847,0.0001142953910574
0.274824782274728,0.149834820038807,-0.229336943850583,-0.0050876849942135,0.0116833580619047,-0.0005714768854295
0.227576955221727,0.102642753130807,-0.229336943850583,-0.0041570109111485,0.0116833580619047,-0.0012572491619125
0.274824782274728,0.0554506862228067,-0.229336943850583,-0.0041570109111485,0.0126063355205847,-0.0012572491619125
0.227576955221727,0.102642753130807,-0.365576770529583,-0.0060183590772785,0.0135293129792747,-0.0012572491619125
0.109457432292728,-0.227701745027193,-0.365576770529583,0.0014270337618664,0.0107603803703847,0.0008000675511274
0.251200868747728,-0.204105704122193,-0.229336943850583,0.0004963593877664,0.0070684700699847,-0.0005714768854295
0.180329157970727,0.0318546453178067,-0.501816537603583,-0.0041570109111485,0.0172212237453347,-0.0019430214383955
0.203953041694727,0.0082586118641066,-0.365576770529583,-0.0050876849942135,0.0144522909036247,-0.0019430214383955
0.133081330917727,-0.0153374215897933,-0.229336943850583,-0.0013649886619535,0.0098374027952857,0.0001142953910574
0.251200868747728,0.0318546453178067,-0.501816537603583,-0.0060183590772785,0.0153752683623047,0.0014858399440174
0.203953041694727,0.0082586118641066,-0.365576770529583,-0.0050876849942135,0.0098374027952857,-0.0005714768854295
-0.0086620980872725,0.0318546453178067,-0.0930971767755833,-0.0041570109111485,0.0070684700699847,-0.0040003382678425
0.0622096201407275,-0.0861255294021933,-0.501816537603583,-0.0032263368280835,0.0135293129792747,-0.0005714768854295
0.156705244443727,0.0082586118641066,-0.229336943850583,-0.0050876849942135,0.0126063355205847,-0.0026287937148825
0.0622096201407275,0.0554506862228067,-0.365576770529583,-0.0032263368280835,0.0107603803703847,0.0008000675511274
0.133081330917727,0.0082586118641066,-0.501816537603583,-0.0032263368280835,0.0126063355205847,0.0008000675511274
0.227576955221727,0.0082586118641066,-0.365576770529583,-0.0041570109111485,0.0135293129792747,0.0001142953910574
0.203953041694727,0.0082586118641066,-0.365576770529583,-0.0041570109111485,0.0135293129792747,0.0001142953910574
0.180329157970727,0.0082586118641066,-0.365576770529583,-0.0050876849942135,0.0098374027952857,0.0001142953910574
0.133081330917727,-0.0153374215897933,-0.365576770529583,-0.0032263368280835,0.0135293129792747,0.0001142953910574
0.109457432292728,0.0082586118641066,-0.501816537603583,-0.0013649886619535,0.0116833580619047,-0.0012572491619125
0.133081330917727,0.0790467196768067,-0.365576770529583,-0.0041570109111485,0.0135293129792747,0.0021716123369174
0.180329157970727,0.0082586118641066,-0.501816537603583,-0.0041570109111485,0.0135293129792747,0.0008000675511274
0.180329157970727,0.0082586118641066,-0.501816537603583,-0.0032263368280835,0.0126063355205847,-0.0005714768854295
0.109457432292728,-0.0153374215897933,-0.501816537603583,-0.0022956628032235,0.0135293129792747,0.0008000675511274
0.156705244443727,-0.0153374215897933,-0.365576770529583,-0.0022956628032235,0.0116833580619047,0.0008000675511274
0.227576955221727,-0.0153374215897933,-0.365576770529583,-0.0060183590772785,0.0126063355205847,-0.0005714768854295
0.133081330917727,0.0082586118641066,-0.365576770529583,-0.0041570109111485,0.0135293129792747,0.0001142953910574
0.180329157970727,-0.0389334587689933,-0.229336943850583,-0.0041570109111485,0.0116833580619047,0.0001142953910574
0.180329157970727,-0.0389334587689933,-0.501816537603583,-0.0041570109111485,0.0135293129792747,0.0001142953910574
0.133081330917727,0.0082586118641066,-0.501816537603583,-0.0022956628032235,0.0116833580619047,-0.0005714768854295
0.156705244443727,-0.0153374215897933,-0.365576770529583,-0.0032263368280835,0.0116833580619047,-0.0005714768854295
0.133081330917727,-0.0389334587689933,-0.365576770529583,-0.0032263368280835,0.0126063355205847,0.0001142953910574
0.156705244443727,-0.0153374215897933,-0.365576770529583,-0.0032263368280835,0.0135293129792747,-0.0005714768854295
0.251200868747728,-0.0153374215897933,-0.365576770529583,-0.0050876849942135,0.0135293129792747,0.0008000675511274
0.180329157970727,-0.0389334587689933,-0.365576770529583,-0.0050876849942135,0.0098374027952857,-0.0005714768854295
0.156705244443727,-0.0153374215897933,-0.229336943850583,-0.0032263368280835,0.0107603803703847,0.0001142953910574
0.274824782274728,0.0318546453178067,-0.365576770529583,-0.0032263368280835,0.0116833580619047,0.0001142953910574
0.180329157970727,0.0318546453178067,-0.365576770529583,-0.0013649886619535,0.0107603803703847,-0.0005714768854295
0.109457432292728,-0.0389334587689933,-0.365576770529583,-0.0041570109111485,0.0126063355205847,-0.0012572491619125
0.133081330917727,0.0082586118641066,-0.365576770529583,-0.0004343145206835,0.0126063355205847,0.0001142953910574
0.0858335336667275,-0.0153374215897933,-0.365576770529583,-0.0032263368280835,0.0126063355205847,0.0008000675511274
0.180329157970727,0.0082586118641066,-0.365576770529583,-0.0032263368280835,0.0144522909036247,-0.0012572491619125
0.203953041694727,-0.0153374215897933,-0.229336943850583,-0.0050876849942135,0.0126063355205847,-0.0005714768854295
0.227576955221727,0.0318546453178067,-0.229336943850583,-0.0032263368280835,0.0089144252201847,0.0001142953910574
0.133081330917727,0.0790467196768067,-0.365576770529583,-0.0022956628032235,0.0116833580619047,0.0028573842641574
0.203953041694727,0.0082586118641066,-0.229336943850583,-0.0022956628032235,0.0107603803703847,0.0008000675511274
0.156705244443727,0.0318546453178067,-0.229336943850583,-0.0013649886619535,0.0107603803703847,0.0001142953910574
0.180329157970727,0.0082586118641066,-0.229336943850583,-0.0013649886619535,0.0098374027952857,0.0001142953910574
0.180329157970727,0.0318546453178067,-0.229336943850583,-0.0013649886619535,0.0098374027952857,0.0008000675511274
0.109457432292728,-0.0389334587689933,-0.365576770529583,-0.0032263368280835,0.0144522909036247,-0.0005714768854295
0.156705244443727,0.0082586118641066,-0.365576770529583,-0.0013649886619535,0.0089144252201847,0.0001142953910574
0.0858335336667275,-0.0389334587689933,-0.501816537603583,-0.0013649886619535,0.0126063355205847,-0.0012572491619125
0.203953041694727,0.0082586118641066,-0.229336943850583,-0.0050876849942135,0.0126063355205847,0.0001142953910574
0.156705244443727,-0.0389334587689933,-0.365576770529583,-0.0032263368280835,0.0107603803703847,-0.0012572491619125
0.0385857066137275,-0.0389334587689933,-0.365576770529583,-0.0013649886619535,0.0070684700699847,-0.0019430214383955
0.156705244443727,0.0318546453178067,-0.365576770529583,-0.0041570109111485,0.0126063355205847,-0.0026287937148825
0.0622096201407275,0.0790467196768067,-0.365576770529583,-0.0060183590772785,0.0126063355205847,0.0001142953910574
0.0622096201407275,0.0082586118641066,-0.365576770529583,-0.0022956628032235,0.0079914476450837,0.0008000675511274
0.0858335336667275,-0.0153374215897933,-0.365576770529583,-0.0032263368280835,0.0107603803703847,-0.0012572491619125
0.0385857066137275,-0.0153374215897933,-0.365576770529583,-0.0013649886619535,0.0126063355205847,0.0008000675511274
0.0622096201407275,-0.0389334587689933,-0.229336943850583,-0.0022956628032235,0.0107603803703847,-0.0012572491619125
0.0858335336667275,0.0082586118641066,-0.229336943850583,-0.0022956628032235,0.0107603803703847,0.0008000675511274
0.109457432292728,-0.0153374215897933,-0.365576770529583,-0.0041570109111485,0.0107603803703847,0.0001142953910574
0.133081330917727,0.0318546453178067,-0.501816537603583,-0.0013649886619535,0.0116833580619047,0.0008000675511274
0.156705244443727,0.0318546453178067,-0.501816537603583,-0.0032263368280835,0.0116833580619047,0.0008000675511274
0.227576955221727,0.0082586118641066,-0.638056304682583,-0.0022956628032235,0.0153752683623047,0.0008000675511274
0.298448695800728,-0.0389334587689933,-0.501816537603583,-0.0050876849942135,0.0107603803703847,0.0001142953910574
0.322072579525728,-0.0389334587689933,-0.638056304682583,-0.0032263368280835,0.0116833580619047,-0.0005714768854295
0.298448695800728,-0.0389334587689933,-0.501816537603583,-0.0041570109111485,0.0116833580619047,-0.0012572491619125
0.345696493051727,-0.0861255294021933,-0.638056304682583,-0.0041570109111485,0.0079914476450837,0.0008000675511274
0.463816001079728,-0.0625294940855933,-0.774296071752583,-0.0032263368280835,0.0107603803703847,-0.0005714768854295
0.416568233631728,-0.0153374215897933,-0.774296071752583,-0.0041570109111485,0.0144522909036247,-0.0012572491619125
0.416568233631728,-0.0153374215897933,-0.910535838832583,-0.0022956628032235,0.0135293129792747,-0.0005714768854295
0.416568233631728,-0.0153374215897933,-0.774296071752583,-0.0013649886619535,0.0098374027952857,-0.0005714768854295
0.558311655185728,-0.0153374215897933,-1.04677560590258,-0.0060183590772785,0.0153752683623047,-0.0012572491619125
0.392944290302727,-0.0625294940855933,-0.774296071752583,-0.0060183590772785,0.0172212237453347,-0.0012572491619125
0.416568233631728,-0.0625294940855933,-0.910535838832583,-0.0041570109111485,0.0162982458209947,-0.0005714768854295
0.345696493051727,-0.0861255294021933,-0.774296071752583,-0.0032263368280835,0.0126063355205847,-0.0019430214383955
0.322072579525728,-0.133317600035393,-0.774296071752583,-0.0022956628032235,0.0107603803703847,-0.0012572491619125
0.345696493051727,-0.0861255294021933,-0.774296071752583,-0.0041570109111485,0.0116833580619047,-0.0012572491619125
0.298448695800728,0.0082586118641066,-0.638056304682583,-0.0060183590772785,0.0116833580619047,0.0014858399440174
0.227576955221727,-0.0625294940855933,-0.638056304682583,-0.0022956628032235,0.0107603803703847,0.0008000675511274
0.227576955221727,-0.0625294940855933,-0.638056304682583,-0.0013649886619535,0.0116833580619047,0.0008000675511274
0.203953041694727,-0.109721564718793,-0.501816537603583,-0.0041570109111485,0.0135293129792747,0.0014858399440174
0.251200868747728,-0.133317600035393,-0.365576770529583,-0.0004343145206835,0.0089144252201847,0.0001142953910574
0.274824782274728,-0.133317600035393,-0.365576770529583,-0.0032263368280835,0.0107603803703847,0.0001142953910574
0.203953041694727,-0.180509670668493,-0.501816537603583,-0.0022956628032235,0.0098374027952857,-0.0005714768854295
0.156705244443727,-0.204105704122193,-0.501816537603583,-0.0013649886619535,0.0126063355205847,0.0008000675511274
0.109457432292728,-0.180509670668493,-0.501816537603583,0.0004963593877664,0.0107603803703847,0.0001142953910574
0.109457432292728,-0.251297778481193,-0.365576770529583,-0.0013649886619535,0.0107603803703847,0.0008000675511274
0.180329157970727,-0.180509670668493,-0.365576770529583,-0.0013649886619535,0.0116833580619047,0.0008000675511274
0.180329157970727,-0.204105704122193,-0.365576770529583,0.0004963593877664,0.0089144252201847,0.0014858399440174
0.133081330917727,-0.204105704122193,-0.365576770529583,-0.0032263368280835,0.0126063355205847,0.0049147014428574
0.156705244443727,-0.204105704122193,-0.229336943850583,-0.0013649886619535,0.0107603803703847,0.0021716123369174
0.109457432292728,-0.204105704122193,-0.365576770529583,-0.0013649886619535,0.0107603803703847,0.0001142953910574
0.156705244443727,-0.180509670668493,-0.229336943850583,0.0004963593877664,0.0079914476450837,0.0001142953910574
0.156705244443727,-0.180509670668493,-0.229336943850583,-0.0022956628032235,0.0116833580619047,0.0001142953910574
0.133081330917727,-0.180509670668493,-0.0930971767755833,-0.0032263368280835,0.0116833580619047,0.0001142953910574
0.109457432292728,-0.133317600035393,-0.229336943850583,-0.0032263368280835,0.0098374027952857,0.0001142953910574
0.109457432292728,-0.0861255294021933,-0.0930971767755833,-0.0004343145206835,0.0079914476450837,0.0001142953910574
0.156705244443727,-0.109721564718793,-0.0930971767755833,-0.0041570109111485,0.0098374027952857,0.0001142953910574
0.109457432292728,-0.0625294940855933,-0.229336943850583,-0.0022956628032235,0.0089144252201847,0.0008000675511274
0.133081330917727,-0.0625294940855933,-0.0930971767755833,-0.0022956628032235,0.0070684700699847,-0.0005714768854295
0.109457432292728,-0.0625294940855933,-0.229336943850583,-0.0032263368280835,0.0098374027952857,-0.0005714768854295
0.156705244443727,-0.0861255294021933,-0.0930971767755833,-0.0032263368280835,0.0098374027952857,-0.0005714768854295
0.0858335336667275,-0.0389334587689933,-0.229336943850583,0.0004963593877664,0.0079914476450837,0.0014858399440174
0.0858335336667275,-0.0389334587689933,-0.229336943850583,-0.0041570109111485,0.0116833580619047,-0.0005714768854295
0.133081330917727,-0.0153374215897933,-0.229336943850583,-0.0004343145206835,0.0079914476450837,0.0001142953910574
0.0622096201407275,-0.0153374215897933,-0.229336943850583,-0.0022956628032235,0.0098374027952857,0.0001142953910574
-0.0086620980872725,-0.0389334587689933,-0.365576770529583,-0.0013649886619535,0.0098374027952857,0.0001142953910574
0.0385857066137275,-0.0153374215897933,-0.365576770529583,-0.0032263368280835,0.0116833580619047,0.0001142953910574
0.0149618079887275,0.0318546453178067,-0.0930971767755833,-0.0013649886619535,0.0089144252201847,0.0008000675511274
0.0385857066137275,0.0082586118641066,-0.229336943850583,-0.0004343145206835,0.0089144252201847,0.0008000675511274
0.0385857066137275,0.0082586118641066,-0.229336943850583,-0.0022956628032235,0.0098374027952857,0.0021716123369174
0.0622096201407275,-0.0389334587689933,-0.229336943850583,0.0004963593877664,0.0089144252201847,0.0001142953910574
0.0622096201407275,-0.0861255294021933,-0.229336943850583,-0.0032263368280835,0.0098374027952857,-0.0012572491619125
0.133081330917727,0.0082586118641066,-0.0930971767755833,-0.0032263368280835,0.0098374027952857,0.0028573842641574
0.0622096201407275,0.0082586118641066,-0.229336943850583,-0.0022956628032235,0.0098374027952857,0.0021716123369174
0.0858335336667275,0.0082586118641066,-0.365576770529583,0.0004963593877664,0.0098374027952857,0.0014858399440174
0.0622096201407275,0.0318546453178067,-0.229336943850583,-0.0013649886619535,0.0079914476450837,-0.0005714768854295
0.0385857066137275,-0.0153374215897933,-0.0930971767755833,-0.0032263368280835,0.0116833580619047,-0.0005714768854295
0.0149618079887275,-0.0153374215897933,-0.0930971767755833,-0.0013649886619535,0.0079914476450837,0.0001142953910574
0.0858335336667275,-0.0389334587689933,-0.229336943850583,-0.0022956628032235,0.0089144252201847,-0.0012572491619125
0.0622096201407275,-0.0625294940855933,-0.229336943850583,-0.0004343145206835,0.0070684700699847,0.0001142953910574
0.133081330917727,-0.0861255294021933,-0.0930971767755833,-0.0022956628032235,0.0089144252201847,0.0008000675511274
0.0622096201407275,-0.0625294940855933,-0.0930971767755833,-0.0004343145206835,0.0079914476450837,0.0008000675511274
0.0149618079887275,-0.0625294940855933,-0.229336943850583,0.0004963593877664,0.0107603803703847,0.0001142953910574
0.0385857066137275,-0.0861255294021933,-0.229336943850583,-0.0041570109111485,0.0116833580619047,-0.0005714768854295
0.0622096201407275,-0.0625294940855933,-0.0930971767755833,-0.0022956628032235,0.0135293129792747,-0.0005714768854295
0.0385857066137275,-0.0861255294021933,-0.0930971767755833,-0.0004343145206835,0.0089144252201847,0.0014858399440174
-0.0322860041634725,-0.0389334587689933,-0.229336943850583,0.0014270337618664,0.0089144252201847,-0.0005714768854295
-0.0086620980872725,-0.0625294940855933,-0.0930971767755833,-0.0013649886619535,0.0079914476450837,0.0001142953910574
0.0622096201407275,-0.0153374215897933,0.0431425902994167,0.0004963593877664,0.0052225149197847,0.0001142953910574
-0.0086620980872725,0.0082586118641066,-0.229336943850583,-0.0013649886619535,0.0126063355205847,0.0008000675511274
0.0149618079887275,-0.0153374215897933,-0.0930971767755833,0.0004963593877664,0.0070684700699847,0.0001142953910574
0.0149618079887275,-0.0861255294021933,-0.229336943850583,-0.0013649886619535,0.0089144252201847,-0.0012572491619125
0.0149618079887275,-0.0861255294021933,-0.0930971767755833,-0.0032263368280835,0.0107603803703847,0.0001142953910574
0.0622096201407275,-0.0861255294021933,-0.229336943850583,-0.0041570109111485,0.0116833580619047,0.0014858399440174
0.0385857066137275,-0.0625294940855933,-0.0930971767755833,-0.0032263368280835,0.0089144252201847,-0.0012572491619125
0.0149618079887275,-0.0153374215897933,-0.229336943850583,-0.0041570109111485,0.0135293129792747,-0.0005714768854295
0.0622096201407275,0.0790467196768067,0.0431425902994167,-0.0050876849942135,0.0107603803703847,0.0021716123369174
-0.0086620980872725,0.0790467196768067,-0.0930971767755833,-0.0013649886619535,0.0079914476450837,0.0014858399440174
0.0385857066137275,0.0790467196768067,-0.0930971767755833,-0.0013649886619535,0.0070684700699847,0.0001142953910574
0.0149618079887275,0.0790467196768067,-0.0930971767755833,-0.0013649886619535,0.0089144252201847,-0.0005714768854295
0.0858335336667275,0.0790467196768067,0.0431425902994167,-0.0032263368280835,0.0079914476450837,-0.0012572491619125
0.0149618079887275,0.0318546453178067,-0.0930971767755833,-0.0013649886619535,0.0089144252201847,-0.0005714768854295
-0.0086620980872725,0.0082586118641066,-0.229336943850583,-0.0022956628032235,0.0126063355205847,-0.0005714768854295
0.0622096201407275,0.0554506862228067,-0.0930971767755833,0.0014270337618664,0.0079914476450837,-0.0012572491619125
0.0858335336667275,0.102642753130807,-0.0930971767755833,-0.0022956628032235,0.0024535820780647,-0.0005714768854295
-0.0086620980872725,0.149834820038807,-0.229336943850583,-0.0022956628032235,0.0098374027952857,0.0001142953910574
-0.0559099102393725,0.149834820038807,-0.229336943850583,-0.0013649886619535,0.0107603803703847,0.0001142953910574
0.0149618079887275,0.102642753130807,-0.0930971767755833,-0.0050876849942135,0.0107603803703847,-0.0012572491619125
-0.0086620980872725,0.126238786584807,-0.0930971767755833,-0.0050876849942135,0.0089144252201847,-0.0012572491619125
0.0149618079887275,0.0082586118641066,-0.229336943850583,-0.0050876849942135,0.0126063355205847,-0.0005714768854295
0.0622096201407275,-0.0389334587689933,0.0431425902994167,-0.0078797071852035,0.0153752683623047,-0.0012572491619125
0.133081330917727,-0.0389334587689933,-0.0930971767755833,-0.0032263368280835,0.0098374027952857,-0.0019430214383955
-0.0322860041634725,0.0318546453178067,-0.0930971767755833,-0.0022956628032235,0.0089144252201847,-0.0012572491619125
0.133081330917727,-0.0389334587689933,-0.229336943850583,-0.0022956628032235,0.0107603803703847,-0.0012572491619125
0.0622096201407275,0.0082586118641066,-0.229336943850583,-0.0050876849942135,0.0089144252201847,-0.0012572491619125
0.0858335336667275,0.0082586118641066,-0.0930971767755833,-0.0022956628032235,0.0079914476450837,0.0001142953910574
0.0149618079887275,0.0554506862228067,-0.229336943850583,-0.0032263368280835,0.0070684700699847,0.0001142953910574
0.0622096201407275,0.0318546453178067,-0.229336943850583,-0.0013649886619535,0.0098374027952857,0.0008000675511274
0.0622096201407275,0.0318546453178067,-0.0930971767755833,-0.0013649886619535,0.0089144252201847,0.0001142953910574
0.0858335336667275,0.0082586118641066,-0.229336943850583,-0.0032263368280835,0.0089144252201847,0.0001142953910574
0.109457432292728,0.126238786584807,-0.0930971767755833,-0.0032263368280835,0.0098374027952857,0.0021716123369174
0.0858335336667275,0.0082586118641066,-0.365576770529583,-0.0032263368280835,0.0107603803703847,0.0042289290499574
0.0858335336667275,0.0790467196768067,-0.0930971767755833,-0.0022956628032235,0.0079914476450837,0.0008000675511274
0.133081330917727,0.0554506862228067,0.0431425902994167,-0.0060183590772785,0.0079914476450837,-0.0005714768854295
0.0622096201407275,0.0554506862228067,-0.0930971767755833,-0.0041570109111485,0.0107603803703847,0.0001142953910574
0.0858335336667275,0.0318546453178067,-0.0930971767755833,-0.0022956628032235,0.0079914476450837,-0.0005714768854295
0.0385857066137275,0.0082586118641066,-0.229336943850583,-0.0032263368280835,0.0116833580619047,-0.0005714768854295
0.109457432292728,-0.0389334587689933,-0.0930971767755833,-0.0041570109111485,0.0116833580619047,-0.0012572491619125
0.0385857066137275,-0.0389334587689933,-0.365576770529583,-0.0032263368280835,0.0116833580619047,-0.0012572491619125
0.0858335336667275,-0.0153374215897933,-0.229336943850583,-0.0041570109111485,0.0116833580619047,-0.0005714768854295
0.133081330917727,0.0554506862228067,-0.229336943850583,-0.0022956628032235,0.0089144252201847,0.0014858399440174
0.0858335336667275,0.0082586118641066,-0.365576770529583,-0.0032263368280835,0.0116833580619047,-0.0012572491619125
0.109457432292728,0.0554506862228067,-0.229336943850583,-0.0050876849942135,0.0089144252201847,0.0008000675511274
0.133081330917727,0.0082586118641066,-0.229336943850583,-0.0041570109111485,0.0079914476450837,0.0008000675511274
0.0622096201407275,0.0318546453178067,-0.229336943850583,-0.0032263368280835,0.0098374027952857,-0.0012572491619125
-0.0086620980872725,0.0318546453178067,-0.365576770529583,-0.0013649886619535,0.0098374027952857,-0.0005714768854295
0.0858335336667275,0.0082586118641066,-0.229336943850583,-0.0013649886619535,0.0089144252201847,0.0001142953910574
0.133081330917727,0.0318546453178067,-0.365576770529583,-0.0032263368280835,0.0116833580619047,-0.0005714768854295
0.0622096201407275,-0.0153374215897933,-0.365576770529583,-0.0032263368280835,0.0107603803703847,-0.0005714768854295
0.109457432292728,0.0082586118641066,-0.365576770529583,-0.0032263368280835,0.0135293129792747,-0.0012572491619125
0.180329157970727,0.0790467196768067,-0.365576770529583,-0.0022956628032235,0.0070684700699847,-0.0012572491619125
0.133081330917727,0.126238786584807,-0.365576770529583,-0.0069490331603435,0.0107603803703847,-0.0019430214383955
0.180329157970727,0.220622920399807,-0.229336943850583,-0.0041570109111485,0.0079914476450837,-0.0005714768854295
0.109457432292728,0.126238786584807,-0.229336943850583,-0.0050876849942135,0.0089144252201847,-0.0012572491619125
0.0858335336667275,0.0554506862228067,-0.0930971767755833,-0.0050876849942135,0.0098374027952857,0.0028573842641574
0.133081330917727,-0.0153374215897933,-0.229336943850583,-0.0032263368280835,0.0089144252201847,0.0008000675511274
0.180329157970727,0.0318546453178067,0.0431425902994167,-0.0041570109111485,0.0042995374610947,-0.0012572491619125
0.0622096201407275,-0.0153374215897933,-0.229336943850583,-0.0032263368280835,0.0070684700699847,-0.0019430214383955
0.133081330917727,0.0082586118641066,-0.229336943850583,-0.0032263368280835,0.0107603803703847,0.0001142953910574
0.180329157970727,-0.0153374215897933,-0.0930971767755833,-0.0041570109111485,0.0089144252201847,-0.0019430214383955
0.156705244443727,0.0318546453178067,-0.229336943850583,-0.0022956628032235,0.0098374027952857,0.0001142953910574
0.0385857066137275,0.102642753130807,-0.365576770529583,-0.0004343145206835,0.0070684700699847,0.0001142953910574
0.0622096201407275,0.102642753130807,-0.365576770529583,-0.0022956628032235,0.0135293129792747,0.0014858399440174
0.0858335336667275,0.0554506862228067,-0.229336943850583,-0.0004343145206835,0.0116833580619047,0.0008000675511274
0.0858335336667275,0.0082586118641066,-0.0930971767755833,-0.0032263368280835,0.0089144252201847,-0.0005714768854295
0.0149618079887275,0.0554506862228067,-0.229336943850583,-0.0004343145206835,0.0089144252201847,0.0008000675511274
-0.0795338163153725,0.102642753130807,-0.365576770529583,-0.0032263368280835,0.0116833580619047,0.0014858399440174
-0.244901158847273,0.0790467196768067,-0.774296071752583,-0.0041570109111485,0.0126063355205847,0.0014858399440174
-0.528388039209272,0.0790467196768067,-0.774296071752583,-0.0013649886619535,0.0116833580619047,0.0001142953910574
-0.764627085067273,0.149834820038807,-1.18301549218258,-0.0032263368280835,0.0153752683623047,-0.0019430214383955
-0.882746622898272,0.244218968755807,-1.18301549218258,-0.0022956628032235,0.0116833580619047,-0.0012572491619125
-0.977242277004272,0.362199150925807,-1.45549502633258,-0.0022956628032235,0.0153752683623047,0.0001142953910574
-0.859122739173273,0.385795169478807,-1.72797456048258,-0.0041570109111485,0.0227590884974847,0.0021716123369174
-0.764627085067273,0.456583284741807,-2.00045409463258,-0.0050876849942135,0.0338348198642848,0.0062862457629874
-0.528388039209272,0.409391217833807,-2.54541316293258,-0.0125330776587336,0.0458335272928848,0.0083435624760274
-0.386644587852273,0.574563466912807,-2.95413270257258,-0.0125330776587336,0.0606011703571847,0.0145155126150874
-0.221277252771073,0.668947600728807,-3.09037246965258,-0.0106717293761936,0.0596781924327848,0.0165728302594874
0.109457432292728,0.810523831254807,-3.36285200380258,-0.0162557737582136,0.0679849900266847,0.0234305532571874
0.322072579525728,0.952100002177807,-3.63533153794258,-0.0218398181401136,0.0762917913457847,0.0316598182466874
0.487439944408728,1.07008024394781,-3.90781107209258,-0.0255625156365136,0.0864445410629847,0.0316598182466874
0.700055076740728,1.23525246322781,-4.18029060624258,-0.0274238625221136,0.0910594306847848,0.0357744535353874
0.959918095732728,1.47121282756781,-4.45277014039258,-0.0339385812782136,0.107673025872385,0.0385175412442874
1.10166151728273,1.56559690177781,-4.72524967454258,-0.0357999300264136,0.113210893418185,0.0405748588886874
1.19615705218273,1.63638504684781,-4.99772920869258,-0.0348692556523136,0.115979827191185,0.0426321765329874
1.47964401450273,1.84874936282781,-5.81516781114258,-0.0339385812782136,0.143669157471185,0.0460610380318874
1.66863520350273,1.87234541118781,-6.36012735627258,-0.0339385812782136,0.155667855587185,0.0453752642419874
1.97574598994273,1.94313343704781,-7.04132595323258,-0.0302158856444136,0.182434215393185,0.0474325818863874
2.11748941149273,1.94313343704781,-7.58628502153258,-0.0264931881480136,0.202739714827185,0.0474325818863874
2.42460019793273,1.91953738868781,-7.85876503251258,-0.0255625156365136,0.219353317465185,0.0474325818863874
2.56634361949273,1.96672948539781,-8.26748409532258,-0.0246318412624136,0.236889883127185,0.0488041257407874
2.70808704104273,1.94313343704781,-8.40372410081258,-0.0264931881480136,0.250734551992185,0.0474325818863874
2.84983046259273,1.96672948539781,-8.94868316911258,-0.0209091437660136,0.266425176706185,0.0515472171750874
3.03882177081273,1.96672948539781,-9.08492317460258,-0.0246318412624136,0.274731978025185,0.0501756733205874
3.08606965746273,2.01392158210781,-9.49364223741258,-0.0199784703232136,0.285807683315185,0.0488041257407874
3.13331730570273,2.03751763046781,-9.76612129467258,-0.0181171225064136,0.289499595012185,0.0488041257407874
3.10969360079273,1.94313343704781,-10.0386013056726,-0.0171864481323136,0.294114484634185,0.0488041257407874
3.03882177081273,1.99032553375781,-10.1748413111726,-0.0143944259412836,0.295960440483185,0.0481183556761874
3.01519782748273,1.99032553375781,-10.4473203684726,-0.0153251003154136,0.296883418407185,0.0481183556761874
3.06244571414273,2.01392158210781,-10.5835603739726,-0.0153251003154136,0.298729374256185,0.0488041257407874
2.96795017924273,2.03751763046781,-10.9922794367726,-0.0153251003154136,0.303344263877185,0.0488041257407874
2.99157388415273,2.10830577552781,-10.8560403849726,-0.0162557737582136,0.299652352180185,0.0522329872396874
2.84983046259273,2.06111367881781,-11.2647594477726,-0.0171864481323136,0.305190219726185,0.0536045348193874
2.82620651927273,2.13190182388781,-11.2647594477726,-0.0153251003154136,0.301498308029185,0.0584049401726874
2.75533492770273,2.08470972717781,-11.4009994532726,-0.0116024037502936,0.305190219726185,0.0577191663827874
2.82620651927273,2.10830577552781,-11.4009994532726,-0.0143944259412836,0.309805109348185,0.0584049401726874
3.01519782748273,2.17909392059781,-11.4009994532726,-0.0181171225064136,0.311651065197185,0.0611480278816874
2.96795017924273,2.15549787223781,-11.4009994532726,-0.0181171225064136,0.314419998970185,0.0618337979462874
3.06244571414273,2.15549787223781,-11.6734785105726,-0.0190477959491136,0.323649778213185,0.0638911193158874
3.08606965746273,2.15549787223781,-11.8097185160726,-0.0199784703232136,0.327341689910185,0.0659484332349874
3.15694124903273,2.22628601730781,-11.6734785105726,-0.0218398181401136,0.324572756137185,0.0645768856551874
3.13331730570273,2.24988206565781,-11.9459585215726,-0.0218398181401136,0.325495734062185,0.0659484332349874
3.13331730570273,2.22628601730781,-12.0821975733726,-0.0255625156365136,0.332879557456185,0.0645768856551874
3.15694124903273,2.24988206565781,-12.2184375788726,-0.0218398181401136,0.333802535381185,0.0632053455259874
3.18056519236273,2.27347811401781,-12.4909175898726,-0.0199784703232136,0.336571469154185,0.0611480278816874
3.25143702235273,2.24988206565781,-12.4909175898726,-0.0227704925142136,0.344878270473185,0.0645768856551874
3.25143702235273,2.22628601730781,-12.7633966471726,-0.0199784703232136,0.349493160095185,0.0638911193158874
3.25143702235273,2.22628601730781,-12.8996366526726,-0.0209091437660136,0.359645917263185,0.0597764840271874
3.34593255724273,2.22628601730781,-13.0358766581726,-0.0218398181401136,0.370721622552185,0.0604622540917874
3.41680438723273,2.27347811401781,-13.1721166636726,-0.0237011668883136,0.373490556325185,0.0618337979462874
3.48767597880273,2.27347811401781,-13.1721166636726,-0.0255625156365136,0.370721622552185,0.0597764840271874
3.34593255724273,2.24988206565781,-13.4445957209726,-0.0209091437660136,0.374413534250185,0.0604622540917874
3.44042809214273,2.22628601730781,-13.4445957209726,-0.0199784703232136,0.374413534250185,0.0584049401726874
3.41680438723273,2.13190182388781,-13.5808357264726,-0.0181171225064136,0.378105445947185,0.0570333925929874
3.46405203547273,2.13190182388781,-13.8533147837726,-0.0190477959491136,0.382720335569185,0.0536045348193874
3.41680438723273,2.15549787223781,-14.1257947947726,-0.0134637515671736,0.389181181039185,0.0522329872396874
3.44042809214273,2.15549787223781,-14.2620348002726,-0.0106717293761936,0.391027136888185,0.0515472171750874
3.44042809214273,2.20268996894781,-14.5345138575726,-0.0106717293761936,0.396565004434185,0.0536045348193874
3.46405203547273,2.10830577552781,-14.6707538630726,-0.0116024037502936,0.399333938207185,0.0542903048839874
3.51129992213273,2.08470972717781,-14.9432338740726,-0.0078797071852035,0.410409673299185,0.0508614433851874
3.46405203547273,2.08470972717781,-15.2157129313726,-0.0078797071852035,0.415947540845185,0.0515472171750874
3.41680438723273,2.10830577552781,-15.7606719996726,-0.0060183590772785,0.427023275938185,0.0508614433851874
3.41680438723273,2.13190182388781,-16.0331520106726,-0.0069490331603435,0.430715187635185,0.0522329872396874
3.41680438723273,2.13190182388781,-16.5781101252726,-0.0106717293761936,0.443636848773185,0.0508614433851874
3.36955650057273,2.15549787223781,-17.1230701472726,-0.0106717293761936,0.453789605941185,0.0522329872396874
3.34593255724273,2.20268996894781,-17.2593101527726,-0.0097410554677435,0.454712583866185,0.0529187610294874
3.32230861392273,2.24988206565781,-17.8042682673726,-0.0125330776587336,0.467634274806185,0.0556618487384874
3.27506096568273,2.27347811401781,-17.8042682673726,-0.0125330776587336,0.468557252731185,0.0556618487384874
3.25143702235273,2.32066997230781,-18.2129882838726,-0.0134637515671736,0.475941076126185,0.0570333925929874
3.25143702235273,2.34426602065781,-18.4854682948726,-0.0143944259412836,0.487939789142185,0.0611480278816874
3.48767597880273,2.36786206901781,-18.8941864039726,-0.0153251003154136,0.496246590461185,0.0638911193158874
3.58217151370273,2.41505416572781,-19.3029064204726,-0.0181171225064136,0.511014237251185,0.0632053455259874
3.70029123034273,2.46224626243781,-19.7116264369726,-0.0190477959491136,0.525781884040185,0.0652626594450874
3.81841070857273,2.48584231078781,-20.2565845515726,-0.0209091437660136,0.537780597057185,0.0659484332349874
3.91290648188273,2.53303440749781,-20.5290645625726,-0.0218398181401136,0.551625265922185,0.0666342070248874
4.31451256480273,2.48584231078781,-21.2102626826726,-0.0190477959491136,0.572853698577185,0.0666342070248874
4.50350411143273,2.46224626243781,-21.4827426936726,-0.0171864481323136,0.591313257064185,0.0659484332349874
4.81061489787273,2.41505416572781,-21.8914627101726,-0.0190477959491136,0.613464727249185,0.0638911193158874
4.95235808100273,2.36786206901781,-22.1639427210726,-0.0153251003154136,0.628232374038185,0.0645768856551874
5.16497309413273,2.27347811401781,-22.5726608302726,-0.0171864481323136,0.645768954601185,0.0638911193158874
5.42483647074273,2.34426602065781,-22.5726608302726,-0.0153251003154136,0.656844689693185,0.0632053455259874
5.68469937052273,2.34426602065781,-23.1176208521726,-0.0153251003154136,0.674381270256185,0.0652626594450874
5.89731438365273,2.29707392394781,-23.5263389613726,-0.0153251003154136,0.691917850818185,0.0638911193158874
6.01543410029273,2.29707392394781,-23.6625789668726,-0.0162557737582136,0.701147630062185,0.0625195717361874
6.20442517008273,2.29707392394781,-23.9350589778726,-0.0153251003154136,0.721453084793185,0.0618337979462874
6.32254488673273,2.27347811401781,-24.2075389887726,-0.0143944259412836,0.731605841960185,0.0604622540917874
6.44066412653273,2.29707392394781,-24.6162570979726,-0.0125330776587336,0.750065400447185,0.0618337979462874
6.65327961649273,2.22628601730781,-24.8887371089726,-0.0116024037502936,0.760218157615185,0.0604622540917874
6.70052702632273,2.20268996894781,-25.4336971308726,-0.0106717293761936,0.777754738178185,0.0604622540917874
6.77139885630273,2.20268996894781,-25.8424152400726,-0.0116024037502936,0.791599407043185,0.0611480278816874
6.86589462962273,2.24988206565781,-25.9786552455726,-0.0116024037502936,0.797137274589185,0.0597764840271874
6.93676645960273,2.27347811401781,-26.6598552729726,-0.0106717293761936,0.817442788925185,0.0632053455259874
6.93676645960273,2.32066997230781,-27.2048133875726,-0.0050876849942135,0.822980656471185,0.0638911193158874
6.98401386942273,2.36786206901781,-27.7497734095726,-0.0050876849942135,0.836825325336185,0.0673199808147874
7.07850964274273,2.34426602065781,-28.4309715296726,-0.0060183590772785,0.848824038352185,0.0652626594450874
6.96039040293273,2.29707392394781,-28.7034515406726,-0.0041570109111485,0.853438927974185,0.0638911193158874
7.00763781275273,2.32066997230781,-28.9759315516726,0.0023577076703064,0.858053817596185,0.0652626594450874
6.98401386942273,2.29707392394781,-29.1121715571726,-0.0004343145206835,0.863591685142185,0.0652626594450874
6.96039040293273,2.34426602065781,-29.7933696772726,0.0014270337618664,0.873744442310185,0.0666342070248874
7.00763781275273,2.39145811736781,-29.6571296717726,0.0014270337618664,0.871898486461185,0.0680057471540874
6.96039040293273,2.36786206901781,-29.6571296717726,-0.0004343145206835,0.868206574764185,0.0700630685236874
6.91314251627273,2.43865021407781,-29.6571296717726,0.0004963593877664,0.860822751369185,0.0707488423135874
6.74777491297273,2.43865021407781,-29.5208896662726,-0.0041570109111485,0.854361905899185,0.0707488423135874
6.72415096964273,2.41505416572781,-29.2484096552726,-0.0069490331603435,0.848824038352185,0.0693772947337874
6.62965567317273,2.43865021407781,-29.2484096552726,-0.0041570109111485,0.846978082504185,0.0693772947337874
6.48791201319273,2.48584231078781,-29.1121715571726,-0.0050876849942135,0.834979369487185,0.0721203824427874
6.41704018321273,2.29707392394781,-28.9759315516726,-0.0060183590772785,0.834979369487185,0.0707488423135874
6.36979277339273,2.29707392394781,-28.7034515406726,-0.0041570109111485,0.827595546092185,0.0673199808147874
6.22804911341273,2.29707392394781,-28.4309715296726,-0.0050876849942135,0.820211722698185,0.0659484332349874
6.06268198695273,2.29707392394781,-28.2947315241726,-0.0022956628032235,0.816519811000185,0.0638911193158874
5.99181015696273,2.24988206565781,-28.0222534205726,-0.0088103813264735,0.812827899303185,0.0604622540917874
5.89731438365273,2.27347811401781,-27.7497734095726,-0.0088103813264735,0.809135987606185,0.0611480278816874
5.82644255366273,2.32066997230781,-27.4772933985726,-0.0097410554677435,0.795291318740185,0.0611480278816874
5.75557120051273,2.34426602065781,-27.4772933985726,-0.0116024037502936,0.790676429119185,0.0604622540917874
5.63745148387273,2.36786206901781,-26.9323333766726,-0.0134637515671736,0.779600694026185,0.0611480278816874
5.63745148387273,2.34426602065781,-26.6598552729726,-0.0162557737582136,0.772216870632185,0.0618337979462874
5.70832331385273,2.32066997230781,-26.2511352564726,-0.0171864481323136,0.770370914783185,0.0604622540917874
5.77919466700273,2.36786206901781,-26.1148952509726,-0.0181171225064136,0.770370914783185,0.0632053455259874
5.92093832697273,2.32066997230781,-25.9786552455726,-0.0209091437660136,0.769447936859185,0.0618337979462874
5.89731438365273,2.34426602065781,-25.7061771418726,-0.0218398181401136,0.766679003086185,0.0625195717361874
5.85006649699273,2.41505416572781,-25.7061771418726,-0.0218398181401136,0.764833047237185,0.0618337979462874
5.85006649699273,2.48584231078781,-25.7061771418726,-0.0246318412624136,0.760218157615185,0.0625195717361874
5.82644255366273,2.48584231078781,-25.5699371363726,-0.0255625156365136,0.761141135540185,0.0645768856551874
5.80281861033273,2.53303440749781,-25.4336971308726,-0.0302158856444136,0.759295179691185,0.0652626594450874
5.85006649699273,2.48584231078781,-25.4336971308726,-0.0302158856444136,0.756526245918185,0.0652626594450874
6.06268198695273,2.53303440749781,-25.1612171198726,-0.0320772325300136,0.758372201766185,0.0659484332349874
6.13355334010273,2.53303440749781,-25.1612171198726,-0.0311465600185136,0.763910069313185,0.0652626594450874
6.08630545344273,2.50943835914781,-25.2974571253726,-0.0320772325300136,0.768524958934185,0.0659484332349874
6.10992939677273,2.43865021407781,-25.2974571253726,-0.0320772325300136,0.773139848556185,0.0645768856551874
6.13355334010273,2.46224626243781,-25.2974571253726,-0.0311465600185136,0.770370914783185,0.0659484332349874
6.10992939677273,2.48584231078781,-25.1612171198726,-0.0320772325300136,0.762064113464185,0.0666342070248874
6.03905804362273,2.48584231078781,-25.0249771144726,-0.0302158856444136,0.758372201766185,0.0659484332349874
5.77919466700273,2.43865021407781,-25.0249771144726,-0.0302158856444136,0.747296466674185,0.0659484332349874
5.77919466700273,2.36786206901781,-24.7524971034726,-0.0311465600185136,0.742681577053185,0.0645768856551874
5.68469937052273,2.32066997230781,-24.7524971034726,-0.0302158856444136,0.741758599128185,0.0638911193158874
5.70832331385273,2.32066997230781,-24.6162570979726,-0.0264931881480136,0.738066687431185,0.0632053455259874
5.73194725718273,2.29707392394781,-24.6162570979726,-0.0255625156365136,0.734374775733185,0.0625195717361874
5.66107542719273,2.22628601730781,-24.3437789942726,-0.0237011668883136,0.737143709506185,0.0597764840271874
5.63745148387273,2.17909392059781,-24.3437789942726,-0.0227704925142136,0.733451797809185,0.0597764840271874
5.56657965388273,2.10830577552781,-24.2075389887726,-0.0218398181401136,0.721453084793185,0.0597764840271874
5.59020359721273,2.08470972717781,-24.0712989832726,-0.0190477959491136,0.715915276851185,0.0597764840271874
5.47208388056273,2.08470972717781,-23.9350589778726,-0.0199784703232136,0.712223365154185,0.0618337979462874
5.54295571055273,2.06111367881781,-23.6625789668726,-0.0162557737582136,0.706685497608185,0.0618337979462874
5.63745148387273,1.99032553375781,-23.5263389613726,-0.0162557737582136,0.711300387229185,0.0584049401726874
5.94456227030273,2.03751763046781,-23.2538608576726,-0.0143944259412836,0.713146343078185,0.0597764840271874
6.25167305674273,2.03751763046781,-23.1176208521726,-0.0153251003154136,0.720530106868185,0.0577191663827874
6.48791201319273,2.03751763046781,-22.9813808467726,-0.0181171225064136,0.731605841960185,0.0584049401726874
6.53515989985273,2.03751763046781,-22.9813808467726,-0.0162557737582136,0.732528819885185,0.0590907102372874
4.97598202433273,1.07008024394781,-23.1176208521726,-0.0004343145206835,0.663305535163185,0.0714346086528874
4.26726467814273,2.10830577552781,-23.1176208521726,-0.0237011668883136,0.657767667617185,0.0529187610294874
4.05464966502273,2.13190182388781,-23.1176208521726,-0.0237011668883136,0.632847263660185,0.0597764840271874
4.52712805476273,2.15549787223781,-22.7089008357726,-0.0302158856444136,0.653152777996185,0.0563476225283874
4.64524729456273,2.03751763046781,-23.1176208521726,-0.0227704925142136,0.666074468936185,0.0515472171750874
4.76336701121273,2.01392158210781,-23.1176208521726,-0.0209091437660136,0.671612336483185,0.0508614433851874
4.83423884120273,1.87234541118781,-23.2538608576726,-0.0190477959491136,0.669766380634185,0.0536045348193874
4.57437546458273,2.08470972717781,-22.9813808467726,-0.0227704925142136,0.663305535163185,0.0508614433851874
4.52712805476273,1.80155726611781,-22.7089008357726,-0.0181171225064136,0.654998733844185,0.0536045348193874
4.10189755168273,2.03751763046781,-22.3001808192726,-0.0227704925142136,0.631924285736185,0.0549760786738874
4.12552149500273,1.96672948539781,-21.4827426936726,-0.0227704925142136,0.620848550643185,0.0584049401726874
3.70029123034273,2.17909392059781,-21.0740226771726,-0.0264931881480136,0.593159212913185,0.0590907102372874
3.34593255724273,1.70717319190781,-20.6653045680726,-0.0199784703232136,0.572853698577185,0.0549760786738874
3.10969360079273,1.89594145954781,-19.8478664424726,-0.0246318412624136,0.553471221771185,0.0522329872396874
2.92070229258273,1.99032553375781,-18.8941864039726,-0.0274238625221136,0.523935928192185,0.0494898995306874
2.58996756281273,1.82515331447781,-17.8042682673726,-0.0255625156365136,0.489785744991185,0.0494898995306874
2.18836124148273,1.49480887592781,-16.5781101252726,-0.0171864481323136,0.447328760471185,0.0467468118217874
1.95212204661273,1.63638504684781,-15.3519529368726,-0.0209091437660136,0.413178607072185,0.0446894941773874
1.50326783862273,1.58919295013781,-13.7170757319726,-0.0190477959491136,0.355031027641185,0.0446894941773874
1.31427664961273,1.54200085342781,-12.6271575953726,-0.0199784703232136,0.331956579532185,0.0426321765329874
0.936294152402728,1.37682863414781,-10.9922794367726,-0.0209091437660136,0.283038779344185,0.0398890888240874
0.700055076740728,1.40042468250781,-9.76612129467258,-0.0227704925142136,0.250734551992185,0.0405748588886874
0.511063828132728,1.35323258579781,-8.81244316362258,-0.0218398181401136,0.223968207087185,0.0392033150341874
0.322072579525728,1.35323258579781,-7.99500408433258,-0.0218398181401136,0.192586957659185,0.0392033150341874
0.227576955221727,1.37682863414781,-7.31380548738258,-0.0264931881480136,0.171358480300185,0.0378317711796874
0.0385857066137275,1.25884851158781,-6.90508642457258,-0.0255625156365136,0.152898921813185,0.0344029096808874
0.0149618079887275,1.28244455993781,-6.49636688493258,-0.0264931881480136,0.141823201622185,0.0330313658263874
-0.0086620980872725,1.23525246322781,-5.54268827699258,-0.0274238625221136,0.116902805116185,0.0309740481820874
-0.0795338163153725,1.23525246322781,-5.13396921418258,-0.0274238625221136,0.112287915494185,0.0309740481820874
0.0622096201407275,1.23525246322781,-4.31653061174258,-0.0283545368962136,0.0938283644577848,0.0309740481820874
0.0858335336667275,1.16446431815781,-4.04405107759258,-0.0274238625221136,0.0864445410629847,0.0282309586104874
0.227576955221727,1.07008024394781,-3.22661223672258,-0.0246318412624136,0.0753688134213848,0.0268594147559874
0.298448695800728,0.952100002177807,-2.95413270257258,-0.0246318412624136,0.0725998796483848,0.0234305532571874
0.369320406578727,0.904907965070807,-2.40917339585258,-0.0264931881480136,0.0652160562535847,0.0220590075399874
0.322072579525728,0.904907965070807,-2.00045409463258,-0.0246318412624136,0.0606011703571847,0.0186301460411874
0.345696493051727,0.834119820004807,-1.72797456048258,-0.0246318412624136,0.0532173506876847,0.0186301460411874
0.369320406578727,0.810523831254807,-1.18301549218258,-0.0246318412624136,0.0458335272928848,0.0145155126150874
0.322072579525728,0.716139697438807,-1.04677560590258,-0.0237011668883136,0.0402956634720847,0.0138297406878874
0.345696493051727,0.763331734544807,-0.501816537603583,-0.0227704925142136,0.0301429100295847,0.0158870583322874
0.322072579525728,0.668947600728807,-0.501816537603583,-0.0237011668883136,0.0264509983321847,0.0145155126150874
0.227576955221727,0.220622920399807,-0.638056304682583,-0.0106717293761936,0.0301429100295847,0.0014858399440174
0.274824782274728,0.149834820038807,-0.501816537603583,-0.0106717293761936,0.0301429100295847,0.0049147014428574
0.227576955221727,0.0082586118641066,-0.501816537603583,-0.0078797071852035,0.0255280222704848,0.0021716123369174
0.322072579525728,-0.0389334587689933,-0.365576770529583,-0.0041570109111485,0.0236820664217847,0.0021716123369174
0.274824782274728,-0.0153374215897933,-0.501816537603583,-0.0041570109111485,0.0264509983321847,0.0021716123369174
-0.528388039209272,-0.982774890059193,-1.59173479341258,0.0246938856638864,0.0135293129792747,0.0035431566570574
1.00716586318273,0.173430853492807,-2.27293362878258,-0.0050876849942135,0.0375267296990848,0.0090293353345874
0.322072579525728,-0.133317600035393,-0.229336943850583,-0.0069490331603435,0.0264509983321847,-0.0033145658749525
0.298448695800728,0.126238786584807,-0.0930971767755833,-0.0069490331603435,0.0218361115043847,0.0035431566570574
0.298448695800728,0.149834820038807,-0.501816537603583,-0.0041570109111485,0.0181442007383647,0.0035431566570574
0.322072579525728,0.126238786584807,-0.501816537603583,-0.0078797071852035,0.0236820664217847,0.0014858399440174
0.440192117355727,0.149834820038807,-0.501816537603583,-0.0097410554677435,0.0218361115043847,-0.0012572491619125
0.251200868747728,0.149834820038807,-0.501816537603583,-0.0050876849942135,0.0218361115043847,0.0028573842641574
0.416568233631728,0.0082586118641066,-0.638056304682583,-0.0060183590772785,0.0273739762565847,0.0028573842641574
0.227576955221727,-0.0153374215897933,-0.501816537603583,-0.0050876849942135,0.0218361115043847,0.0035431566570574
0.203953041694727,-0.0625294940855933,-0.501816537603583,-0.0022956628032235,0.0227590884974847,0.0028573842641574
0.0622096201407275,0.0554506862228067,-0.365576770529583,-0.0013649886619535,0.0190671786626847,0.0008000675511274
0.180329157970727,0.0082586118641066,-0.774296071752583,-0.0041570109111485,0.0209131335800847,0.0014858399440174
0.156705244443727,0.0554506862228067,-0.501816537603583,-0.0032263368280835,0.0190671786626847,0.0014858399440174
0.180329157970727,0.0318546453178067,-0.365576770529583,-0.0013649886619535,0.0209131335800847,0.0021716123369174
0.156705244443727,-0.0861255294021933,-0.638056304682583,-0.0013649886619535,0.0181442007383647,0.0021716123369174
0.416568233631728,0.0790467196768067,-0.638056304682583,-0.0060183590772785,0.0199901565870847,0.0001142953910574
0.227576955221727,0.0318546453178067,-0.229336943850583,-0.0050876849942135,0.0144522909036247,0.0014858399440174
0.156705244443727,0.0082586118641066,-0.638056304682583,-0.0004343145206835,0.0181442007383647,0.0014858399440174
0.251200868747728,0.0318546453178067,-0.638056304682583,-0.0041570109111485,0.0162982458209947,0.0014858399440174
0.227576955221727,0.0554506862228067,-0.365576770529583,-0.0050876849942135,0.0209131335800847,0.0014858399440174
0.133081330917727,-0.0861255294021933,-0.638056304682583,-0.0041570109111485,0.0209131335800847,0.0021716123369174
0.251200868747728,0.0082586118641066,-0.638056304682583,-0.0041570109111485,0.0190671786626847,0.0014858399440174
0.156705244443727,-0.0153374215897933,-0.638056304682583,-0.0032263368280835,0.0199901565870847,0.0008000675511274
0.227576955221727,0.0318546453178067,-0.501816537603583,-0.0032263368280835,0.0227590884974847,0.0001142953910574
0.298448695800728,0.102642753130807,-0.638056304682583,-0.0022956628032235,0.0236820664217847,-0.0005714768854295
0.345696493051727,0.0790467196768067,-1.04677560590258,-0.0097410554677435,0.0282969541808847,0.0008000675511274
0.345696493051727,0.173430853492807,-1.31925525926258,-0.0116024037502936,0.0310658879538847,0.0021716123369174
0.416568233631728,0.173430853492807,-1.72797456048258,-0.0125330776587336,0.0366037517746848,0.0049147014428574
0.392944290302727,0.149834820038807,-2.27293362878258,-0.0190477959491136,0.0412186413964847,0.0069720176902274
0.440192117355727,0.220622920399807,-2.68165293000258,-0.0246318412624136,0.0421416193207848,0.0069720176902274
0.440192117355727,0.220622920399807,-3.90781107209258,-0.0320772325300136,0.0522943727632847,0.0090293353345874
0.487439944408728,0.362199150925807,-4.86148968003258,-0.0385919512861136,0.0642930783292847,0.0124581968333874
0.818174614570727,0.456583284741807,-5.54268827699258,-0.0441759975307136,0.0799836955925848,0.0104008791890874
1.05441363062273,0.550967418557807,-6.36012735627258,-0.0488293656759136,0.0965972982307848,0.0090293353345874
1.40877230372273,0.550967418557807,-7.45004549287258,-0.0525520631723136,0.127055554833185,0.0062862457629874
1.83400256838273,0.503775381451807,-8.40372410081258,-0.0516213887982136,0.150129988040185,0.0042289290499574
2.11748941149273,0.480179333096807,-8.81244316362258,-0.0506907144241136,0.167666568603185,0.0014858399440174
2.82620651927273,0.338603102570807,-10.3110803629726,-0.0488293656759136,0.215661405768185,-0.0060576549808825
3.25143702235273,0.244218968755807,-11.2647594477726,-0.0469680169277136,0.249811574068185,-0.0088007440868125
3.98377783503273,0.149834820038807,-12.7633966471726,-0.0441759975307136,0.299652352180185,-0.0156584670845126
4.57437546458273,0.0554506862228067,-14.2620348002726,-0.0423146487825136,0.345801248397185,-0.0177157828662126
5.35396464076273,-0.0861255294021933,-15.7606719996726,-0.0413839744084136,0.396565004434185,-0.0232019620094126
5.89731438365273,-0.0861255294021933,-17.1230701472726,-0.0395226256602136,0.441790922727185,-0.0238877339366126
6.41704018321273,-0.0861255294021933,-18.6217083003726,-0.0376612769120136,0.483324899520185,-0.0232019620094126
7.14938147273273,0.0790467196768067,-20.2565845515726,-0.0451066719048136,0.542395486679185,-0.0204588724378126
7.57461197581273,0.173430853492807,-21.2102626826726,-0.0488293656759136,0.572853698577185,-0.0197731005105126
8.14158518519273,0.385795169478807,-22.9813808467726,-0.0534827375464136,0.626386418190185,-0.0142869222987126
8.42507250514273,0.550967418557807,-24.0712989832726,-0.0562747606687136,0.655921711769185,-0.0115438336584126
9.01566965785273,0.786927782899807,-24.7524971034726,-0.0637201519363136,0.697455718364185,-0.0060576549808825
9.51177199091273,0.952100002177807,-25.7061771418726,-0.0693041944556136,0.728836908187185,-0.0046861106607425
9.86613066401273,1.14086826980781,-26.2511352564726,-0.0748882407002136,0.750065400447185,0.0001142953910574
9.93700201713273,1.30604060829781,-26.5236152674726,-0.0814029613189136,0.771293892707185,0.0028573842641574
10.2677372237327,1.37682863414781,-26.7960952784726,-0.0860563331895136,0.797137274589185,0.0014858399440174
10.4803522369327,1.44761677921781,-27.3410533930726,-0.0888483488612136,0.826672568168185,0.0008000675511274
10.6220958968327,1.42402073085781,-27.4772933985726,-0.0851256588154136,0.844209148731185,-0.0005714768854295
10.8583343764327,1.37682863414781,-28.0222534205726,-0.0860563331895136,0.871898486461185,-0.0026287937148825
10.9528301498327,1.35323258579781,-28.1584915186726,-0.0832643100672136,0.883897139873185,-0.0033145658749525
11.1418216964327,1.35323258579781,-28.5672115351726,-0.0786109381966136,0.906971587982185,-0.0040003382678425
11.4016845962327,1.35323258579781,-28.7034515406726,-0.0795416125707136,0.914355411376185,-0.0060576549808825
11.3544367095327,1.42402073085781,-28.8396915461726,-0.0767495894484136,0.918970300998185,-0.0046861106607425
11.4016845962327,1.47121282756781,-28.9759315516726,-0.0795416125707136,0.918970300998185,-0.0046861106607425
11.4489324828327,1.42402073085781,-29.2484096552726,-0.0841949844413136,0.926354124393185,-0.0033145658749525
11.4489324828327,1.44761677921781,-29.2484096552726,-0.0860563331895136,0.934660925712185,-0.0067434273737825
11.3780601760327,1.44761677921781,-29.3846496607726,-0.0841949844413136,0.930046036090185,-0.0088007440868125
11.1890695830327,1.44761677921781,-29.2484096552726,-0.0869870075636136,0.921739234771185,-0.0101722888726126
11.0237024566327,1.44761677921781,-29.3846496607726,-0.0888483488612136,0.919893278923185,-0.0115438336584126
10.6693437835327,1.49480887592781,-29.1121715571726,-0.0869870075636136,0.905125632133185,-0.0108580607998526
10.3858564635327,1.44761677921781,-28.9759315516726,-0.0897790232353136,0.892203941192185,-0.0088007440868125
10.1732414504327,1.42402073085781,-28.5672115351726,-0.0907096976094136,0.871898486461185,-0.0101722888726126
9.84250719752273,1.49480887592781,-28.4309715296726,-0.0879176819377136,0.858053817596185,-0.0122296055856126
9.44090063777273,1.35323258579781,-28.0222534205726,-0.0851256588154136,0.838671281185185,-0.0122296055856126
9.15741331782273,1.40042468250781,-27.6135334040726,-0.0795416125707136,0.819288744773185,-0.0142869222987126
9.06291754450273,1.32963653743781,-27.0685733821726,-0.0832643100672136,0.809135987606185,-0.0156584670845126
8.82667906489273,1.30604060829781,-26.7960952784726,-0.0776802638225136,0.798983230438185,-0.0177157828662126
8.56681616511273,1.25884851158781,-26.2511352564726,-0.0739575663261136,0.777754738178185,-0.0197731005105126
8.49594385829273,1.18806036651781,-25.5699371363726,-0.0711655432038136,0.760218157615185,-0.0197731005105126
8.42507250514273,1.16446431815781,-24.7524971034726,-0.0720962175779136,0.744527532901185,-0.0204588724378126
8.25970537867273,1.11727222144781,-24.2075389887726,-0.0693041944556136,0.734374775733185,-0.0204588724378126
8.14158518519273,1.16446431815781,-23.7988189723726,-0.0665121750586136,0.720530106868185,-0.0184015566561126
8.30695326533273,1.14086826980781,-23.3900989558726,-0.0674428494327136,0.707608475532185,-0.0184015566561126
8.18883307185273,1.04648419559781,-22.9813808467726,-0.0683735200815136,0.706685497608185,-0.0149726951572126
8.37782461848273,1.11727222144781,-22.1639427210726,-0.0665121750586136,0.699301674213185,-0.0204588724378126
8.59043963160273,1.07008024394781,-21.8914627101726,-0.0693041944556136,0.694686784591185,-0.0218304181549126
8.73218329157273,1.07008024394781,-21.6189826991726,-0.0627894775622136,0.697455718364185,-0.0232019620094126
8.82667906489273,1.02288814723781,-21.2102626826726,-0.0627894775622136,0.697455718364185,-0.0238877339366126
8.96842177119273,1.02288814723781,-20.9377845790726,-0.0599974544399136,0.691917850818185,-0.0225161900821126
9.06291754450273,1.04648419559781,-20.6653045680726,-0.0618588031881136,0.690994872894185,-0.0238877339366126
9.03929407801273,1.04648419559781,-20.8015445735726,-0.0627894775622136,0.692840828742185,-0.0211446443650126
9.15741331782273,0.952100002177807,-20.5290645625726,-0.0627894775622136,0.693763806667185,-0.0225161900821126
9.15741331782273,1.04648419559781,-20.5290645625726,-0.0627894775622136,0.694686784591185,-0.0218304181549126
9.11016543116273,1.04648419559781,-20.3928245570726,-0.0646508263104136,0.694686784591185,-0.0204588724378126
8.94479830470273,1.21165641486781,-20.3928245570726,-0.0665121750586136,0.688225939121185,-0.0190873285833126
8.77943117823273,1.09367629230781,-20.3928245570726,-0.0655815006845136,0.681765093650185,-0.0197731005105126
8.63768751826273,1.09367629230781,-20.2565845515726,-0.0665121750586136,0.671612336483185,-0.0204588724378126
8.28332884516273,1.16446431815781,-20.3928245570726,-0.0665121750586136,0.663305535163185,-0.0211446443650126
7.97621805872273,1.23525246322781,-20.3928245570726,-0.0674428494327136,0.654075755920185,-0.0204588724378126
7.85809881892273,1.16446431815781,-20.3928245570726,-0.0674428494327136,0.649460866298185,-0.0225161900821126
7.81085093226273,1.14086826980781,-20.1203445460726,-0.0674428494327136,0.645768954601185,-0.0252592796537126
7.81085093226273,1.09367629230781,-20.3928245570726,-0.0674428494327136,0.646691932525185,-0.0273165954354126
7.85809881892273,1.07008024394781,-20.2565845515726,-0.0655815006845136,0.653152777996185,-0.0300596850070126
7.90534670558273,0.975696050527807,-20.2565845515726,-0.0618588031881136,0.653152777996185,-0.0341743165705126
7.88172228541273,1.02288814723781,-20.2565845515726,-0.0599974544399136,0.652229800071185,-0.0334885465059126
7.90534670558273,0.975696050527807,-20.5290645625726,-0.0637201519363136,0.658690645542185,-0.0334885465059126
7.81085093226273,1.02288814723781,-20.3928245570726,-0.0627894775622136,0.656844689693185,-0.0328027727160126
7.81085093226273,0.975696050527807,-20.2565845515726,-0.0627894775622136,0.652229800071185,-0.0348600903603126
7.78722698893273,0.928503953817807,-20.2565845515726,-0.0599974544399136,0.656844689693185,-0.0376031780693126
7.83447487559273,0.928503953817807,-20.2565845515726,-0.0572054350428136,0.656844689693185,-0.0376031780693126
7.97621805872273,0.904907965070807,-20.2565845515726,-0.0599974544399136,0.665151491012185,-0.0382889518592126
8.02346594538273,0.881311916714807,-20.1203445460726,-0.0572054350428136,0.666074468936185,-0.0396604957137126
8.23608095851273,0.881311916714807,-20.2565845515726,-0.0572054350428136,0.673458292331185,-0.0389747256491126
8.30695326533273,0.857715868359807,-20.3928245570726,-0.0544134119205136,0.677150204029185,-0.0376031780693126
8.30695326533273,0.810523831254807,-20.2565845515726,-0.0553440862946136,0.674381270256185,-0.0362316342148126
8.33057673182273,0.881311916714807,-20.1203445460726,-0.0553440862946136,0.671612336483185,-0.0348600903603126
8.25970537867273,0.904907965070807,-20.2565845515726,-0.0562747606687136,0.670689358558185,-0.0321170007887126
8.33057673182273,0.975696050527807,-19.8478664424726,-0.0590667800658136,0.666997446861185,-0.0314312288615126
8.30695326533273,0.904907965070807,-19.8478664424726,-0.0590667800658136,0.663305535163185,-0.0307454569343126
8.37782461848273,0.952100002177807,-19.8478664424726,-0.0553440862946136,0.661459579315185,-0.0293739130798126
8.47232039179273,0.904907965070807,-19.8478664424726,-0.0525520631723136,0.670689358558185,-0.0328027727160126
8.68493540492273,0.834119820004807,-19.7116264369726,-0.0525520631723136,0.674381270256185,-0.0355458641502126
8.75580675807273,0.786927782899807,-19.8478664424726,-0.0525520631723136,0.681765093650185,-0.0355458641502126
8.73218329157273,0.739735686188807,-19.8478664424726,-0.0516213887982136,0.683611049499185,-0.0328027727160126
8.63768751826273,0.716139697438807,-19.5753864314726,-0.0497600400500136,0.681765093650185,-0.0314312288615126
8.66131098475273,0.739735686188807,-19.7116264369726,-0.0469680169277136,0.679919137802185,-0.0307454569343126
8.54319174494273,0.763331734544807,-19.4391464259726,-0.0441759975307136,0.672535314407185,-0.0300596850070126
8.40144808497273,0.810523831254807,-19.4391464259726,-0.0441759975307136,0.666074468936185,-0.0252592796537126
8.33057673182273,0.763331734544807,-19.3029064204726,-0.0469680169277136,0.662382557239185,-0.0252592796537126
8.25970537867273,0.786927782899807,-19.0304264094726,-0.0469680169277136,0.660536601390185,-0.0245735058638126
8.09433729853273,0.739735686188807,-19.3029064204726,-0.0451066719048136,0.657767667617185,-0.0232019620094126
7.97621805872273,0.786927782899807,-19.3029064204726,-0.0451066719048136,0.652229800071185,-0.0211446443650126
7.88172228541273,0.763331734544807,-19.3029064204726,-0.0441759975307136,0.650383844223185,-0.0225161900821126
7.62185938563273,0.786927782899807,-19.5753864314726,-0.0423146487825136,0.647614910449185,-0.0204588724378126
7.59823544230273,0.763331734544807,-19.4391464259726,-0.0423146487825136,0.645768954601185,-0.0211446443650126
7.50374014582273,0.763331734544807,-19.4391464259726,-0.0413839744084136,0.638385131206185,-0.0211446443650126
7.31474859919273,0.763331734544807,-19.5753864314726,-0.0413839744084136,0.638385131206185,-0.0218304181549126
7.26750118937273,0.692543649083807,-19.3029064204726,-0.0423146487825136,0.631924285736185,-0.0238877339366126
7.14938147273273,0.716139697438807,-19.5753864314726,-0.0367306025378136,0.633770241584185,-0.0225161900821126
7.05488569941273,0.786927782899807,-19.4391464259726,-0.0367306025378136,0.631001307811185,-0.0197731005105126
6.98401386942273,0.739735686188807,-19.5753864314726,-0.0376612769120136,0.627309396114185,-0.0184015566561126
6.98401386942273,0.763331734544807,-19.3029064204726,-0.0357999300264136,0.622694506492185,-0.0170300109389126
6.84227068629273,0.810523831254807,-19.3029064204726,-0.0367306025378136,0.621771528568185,-0.0108580607998526
6.86589462962273,0.716139697438807,-19.4391464259726,-0.0367306025378136,0.618079616870185,-0.0115438336584126
6.86589462962273,0.786927782899807,-19.1666664149726,-0.0348692556523136,0.619002594795185,-0.0115438336584126
6.88951857295273,0.786927782899807,-19.0304264094726,-0.0339385812782136,0.614387705173185,-0.0101722888726126
6.88951857295273,0.786927782899807,-19.1666664149726,-0.0339385812782136,0.619002594795185,-0.0094865160140525
6.98401386942273,0.810523831254807,-19.1666664149726,-0.0330079069041136,0.619925572719185,-0.0094865160140525
7.00763781275273,0.786927782899807,-19.3029064204726,-0.0311465600185136,0.619925572719185,-0.0094865160140525
7.07850964274273,0.739735686188807,-19.1666664149726,-0.0292852112703136,0.627309396114185,-0.0108580607998526
7.12575752940273,0.763331734544807,-19.3029064204726,-0.0292852112703136,0.628232374038185,-0.0115438336584126
7.10213358607273,0.763331734544807,-19.4391464259726,-0.0292852112703136,0.631924285736185,-0.0115438336584126
7.14938147273273,0.739735686188807,-19.5753864314726,-0.0283545368962136,0.631001307811185,-0.0108580607998526
7.24387724604273,0.739735686188807,-19.3029064204726,-0.0302158856444136,0.632847263660185,-0.0101722888726126
7.33837254252273,0.786927782899807,-19.4391464259726,-0.0302158856444136,0.634693219509185,-0.0074291997666825
7.40924437251273,0.716139697438807,-19.5753864314726,-0.0302158856444136,0.636539175357185,-0.0040003382678425
7.40924437251273,0.904907965070807,-19.4391464259726,-0.0292852112703136,0.632847263660185,-0.0053718825879825
7.17300541606273,0.904907965070807,-19.4391464259726,-0.0330079069041136,0.631924285736185,0.0001142953910574
6.88951857295273,0.975696050527807,-19.5753864314726,-0.0320772325300136,0.624540462341185,0.0049147014428574
6.58240778651273,1.02288814723781,-19.7116264369726,-0.0339385812782136,0.618079616870185,0.0117724239748874
6.36979277339273,1.04648419559781,-19.5753864314726,-0.0385919512861136,0.612541749324185,0.0172586021866874
6.39341623988273,1.04648419559781,-19.5753864314726,-0.0385919512861136,0.615310683097185,0.0179443741139874
6.46428806986273,1.11727222144781,-19.9841045405726,-0.0404533000343136,0.629155351963185,0.0193159198310874
6.62965567317273,1.16446431815781,-19.8478664424726,-0.0385919512861136,0.634693219509185,0.0213732356127874
6.72415096964273,1.16446431815781,-19.8478664424726,-0.0395226256602136,0.636539175357185,0.0234305532571874
6.67690355982273,1.21165641486781,-19.9841045405726,-0.0385919512861136,0.637462153282185,0.0241163251843874
6.36979277339273,1.28244455993781,-20.1203445460726,-0.0404533000343136,0.627309396114185,0.0309740481820874
6.32254488673273,1.32963653743781,-20.1203445460726,-0.0404533000343136,0.618079616870185,0.0371459973898874
6.08630545344273,1.21165641486781,-19.9841045405726,-0.0404533000343136,0.616233661022185,0.0323455920364874
6.01543410029273,1.28244455993781,-19.9841045405726,-0.0330079069041136,0.612541749324185,0.0309740481820874
5.92093832697273,1.11727222144781,-19.8478664424726,-0.0357999300264136,0.611618771400185,0.0289167305376874
5.75557120051273,1.16446431815781,-20.1203445460726,-0.0320772325300136,0.600543036308185,0.0241163251843874
5.77919466700273,1.18806036651781,-19.8478664424726,-0.0292852112703136,0.596851124610185,0.0248020971115874
5.94456227030273,1.28244455993781,-20.1203445460726,-0.0311465600185136,0.602388992156185,0.0275451866831874
6.15717728343273,1.28244455993781,-20.2565845515726,-0.0330079069041136,0.618079616870185,0.0282309586104874
6.60603172984273,1.35323258579781,-20.3928245570726,-0.0302158856444136,0.635616197433185,0.0337171358909874
7.00763781275273,1.35323258579781,-20.2565845515726,-0.0311465600185136,0.644845976676185,0.0364602273252874
7.22025330271273,1.32963653743781,-20.2565845515726,-0.0330079069041136,0.650383844223185,0.0385175412442874
7.59823544230273,1.44761677921781,-20.2565845515726,-0.0330079069041136,0.665151491012185,0.0453752642419874
7.90534670558273,1.56559690177781,-20.2565845515726,-0.0348692556523136,0.665151491012185,0.0522329872396874
8.02346594538273,1.70717319190781,-20.1203445460726,-0.0339385812782136,0.670689358558185,0.0542903048839874
8.16520960536273,1.80155726611781,-19.9841045405726,-0.0330079069041136,0.672535314407185,0.0584049401726874
8.35420019831273,1.87234541118781,-19.9841045405726,-0.0367306025378136,0.673458292331185,0.0611480278816874
8.25970537867273,1.89594145954781,-19.8478664424726,-0.0376612769120136,0.670689358558185,0.0590907102372874
7.31474859919273,1.89594145954781,-19.4391464259726,-0.0413839744084136,0.638385131206185,0.0542903048839874
7.29112465586273,1.91953738868781,-19.1666664149726,-0.0413839744084136,0.640231087055185,0.0563476225283874
7.29112465586273,1.89594145954781,-19.0304264094726,-0.0451066719048136,0.645768954601185,0.0556618487384874
7.03126175608273,1.96672948539781,-18.4854682948726,-0.0460373462789136,0.632847263660185,0.0570333925929874
6.96039040293273,2.01392158210781,-17.8042682673726,-0.0469680169277136,0.619002594795185,0.0590907102372874
6.70052702632273,2.06111367881781,-17.1230701472726,-0.0488293656759136,0.601466014232185,0.0577191663827874
6.39341623988273,2.13190182388781,-16.3056320216726,-0.0478986913018136,0.573776676502185,0.0584049401726874
6.03905804362273,2.08470972717781,-15.3519529368726,-0.0488293656759136,0.540549530830185,0.0549760786738874
5.63745148387273,1.99032553375781,-14.3982738520726,-0.0497600400500136,0.511937215175185,0.0501756733205874
5.18859703745273,1.99032553375781,-12.8996366526726,-0.0506907144241136,0.469480230655185,0.0501756733205874
4.73974306788273,1.82515331447781,-11.9459585215726,-0.0544134119205136,0.437176033105185,0.0453752642419874
4.17276938166273,1.68357714355781,-10.7198003794726,-0.0572054350428136,0.396565004434185,0.0426321765329874
3.79478676524273,1.68357714355781,-9.22116222642258,-0.0562747606687136,0.357799961414185,0.0378317711796874
3.44042809214273,1.58919295013781,-8.53996410630258,-0.0599974544399136,0.330110623683185,0.0364602273252874
3.01519782748273,1.54200085342781,-7.31380548738258,-0.0609281288140136,0.283038779344185,0.0337171358909874
2.58996756281273,1.40042468250781,-6.49636688493258,-0.0599974544399136,0.248888596143185,0.0282309586104874
2.21198518481273,1.23525246322781,-5.40644874833258,-0.0572054350428136,0.218430339541185,0.0241163251843874
1.76313085761273,1.07008024394781,-4.72524967454258,-0.0516213887982136,0.190741001811185,0.0206874636855874
1.73950691428273,1.02288814723781,-4.58901014589258,-0.0516213887982136,0.185203149166185,0.0206874636855874
1.19615705218273,0.645351552373807,-2.95413270257258,-0.0423146487825136,0.122440665211185,0.0110866520475874
0.865422441623728,0.550967418557807,-2.27293362878258,-0.0339385812782136,0.101212180401985,0.0076577905487874
0.912670209072727,0.432987236386807,-1.72797456048258,-0.0283545368962136,0.0836756072899847,0.0062862457629874
0.794550730846728,0.385795169478807,-1.04677560590258,-0.0237011668883136,0.0661390341779848,0.0049147014428574
0.676431193016727,0.291411035662807,-0.910535838832583,-0.0199784703232136,0.0559862807353848,0.0035431566570574
0.558311655185728,0.220622920399807,-0.638056304682583,-0.0162557737582136,0.0467565052172847,0.0028573842641574
0.558311655185728,0.197026901847807,-0.365576770529583,-0.0181171225064136,0.0430645972451848,0.0014858399440174
0.440192117355727,0.197026901847807,-0.365576770529583,-0.0134637515671736,0.0384497076233847,0.0008000675511274
0.369320406578727,0.173430853492807,-0.365576770529583,-0.0088103813264735,0.0347577977886847,0.0021716123369174
0.345696493051727,0.149834820038807,-0.229336943850583,-0.0106717293761936,0.0329118419399847,0.0001142953910574
0.274824782274728,0.126238786584807,-0.365576770529583,-0.0069490331603435,0.0319888640155847,0.0014858399440174
0.322072579525728,0.0790467196768067,-0.365576770529583,-0.0106717293761936,0.0301429100295847,0.0014858399440174
0.322072579525728,0.149834820038807,-0.365576770529583,-0.0088103813264735,0.0282969541808847,0.0008000675511274
0.227576955221727,0.220622920399807,-0.365576770529583,-0.0116024037502936,0.0319888640155847,0.0008000675511274
0.203953041694727,0.267814987307807,-0.365576770529583,-0.0078797071852035,0.0292199321052848,0.0001142953910574
0.203953041694727,0.267814987307807,-0.229336943850583,-0.0078797071852035,0.0255280222704848,0.0014858399440174
0.203953041694727,0.220622920399807,-0.365576770529583,-0.0097410554677435,0.0273739762565847,0.0008000675511274
0.180329157970727,0.220622920399807,-0.229336943850583,-0.0069490331603435,0.0246050443461847,-0.0005714768854295
0.203953041694727,0.197026901847807,-0.0930971767755833,-0.0069490331603435,0.0227590884974847,-0.0012572491619125
0.133081330917727,0.149834820038807,-0.365576770529583,-0.0088103813264735,0.0255280222704848,0.0001142953910574
0.180329157970727,0.126238786584807,-0.229336943850583,-0.0088103813264735,0.0255280222704848,0.0008000675511274
0.180329157970727,0.126238786584807,-0.229336943850583,-0.0106717293761936,0.0246050443461847,-0.0019430214383955
0.322072579525728,0.173430853492807,-0.229336943850583,-0.0097410554677435,0.0227590884974847,-0.0005714768854295
0.0858335336667275,0.220622920399807,-0.501816537603583,-0.0106717293761936,0.0246050443461847,0.0021716123369174
0.227576955221727,0.244218968755807,-0.229336943850583,-0.0097410554677435,0.0227590884974847,0.0008000675511274
0.203953041694727,0.244218968755807,-0.229336943850583,-0.0088103813264735,0.0236820664217847,0.0008000675511274
0.133081330917727,0.173430853492807,-0.229336943850583,-0.0050876849942135,0.0227590884974847,0.0008000675511274
0.203953041694727,0.149834820038807,-0.365576770529583,-0.0060183590772785,0.0190671786626847,0.0008000675511274
