x,y,z,q0,q1,q2,q3
0.616702079773,-0.0975827649236,0.964667439461,0.000911667128094,-0.0409880317748,0.709813535213,-0.70319545269
0.616417050362,-0.0980405658484,0.96478843689,0.00181700568646,-0.0411582924426,0.709363162518,-0.703638136387
0.616699457169,-0.0984693169594,0.964844405651,0.00169703131542,-0.040667258203,0.709102630615,-0.703929424286
0.616715848446,-0.098771519959,0.964764535427,0.00191425473895,-0.0413043797016,0.708549261093,-0.704448759556
0.616633653641,-0.0993557870388,0.96480178833,0.00315191573463,-0.0424501113594,0.707994580269,-0.70493376255
0.616690039635,-0.0996764227748,0.96473044157,0.00317305489443,-0.0425635129213,0.707588613033,-0.705334544182
0.616844952106,-0.10020776093,0.964924097061,0.00346353650093,-0.0423642769456,0.707003951073,-0.705931067467
0.616918206215,-0.100243844092,0.964605033398,0.00289553543553,-0.0429000332952,0.706817090511,-0.70608830452
0.616979837418,-0.100553736091,0.964562177658,0.00286009651609,-0.0429466515779,0.706452429295,-0.706450521946
0.617028653622,-0.100844562054,0.964502811432,0.00283290538937,-0.0429052971303,0.706266403198,-0.706639051437
0.617104411125,-0.101161129773,0.964452028275,0.00282890675589,-0.0429289676249,0.70607149601,-0.706832289696
0.617587387562,-0.101369746029,0.964065015316,0.00159843696747,-0.0411905162036,0.706201434135,-0.706809937954
0.617099583149,-0.102141268551,0.964479506016,0.00341350981034,-0.0416532643139,0.705492019653,-0.707484483719
0.617407143116,-0.102094605565,0.964083850384,0.00253903213888,-0.0420152023435,0.705430030823,-0.707528471947
0.61702221632,-0.102509252727,0.964141905308,0.00309902778827,-0.0434111468494,0.704539000988,-0.708329558372
0.617436945438,-0.10307636112,0.964302420616,0.00287498603575,-0.0423737131059,0.704471111298,-0.708460688591
0.617506921291,-0.103061556816,0.964128613472,0.00240893196315,-0.0427211597562,0.704325199127,-0.708586752415
0.617695093155,-0.103666186333,0.964265882969,0.00279375119135,-0.0421372167766,0.704178631306,-0.708765983582
0.617808282375,-0.103969596326,0.964252889156,0.00270521081984,-0.0422880537808,0.703993022442,-0.70894151926
0.617832839489,-0.104335919023,0.96424138546,0.00261513353325,-0.0422961562872,0.703424811363,-0.709505140781
0.617941081524,-0.104611903429,0.964175820351,0.00301634403877,-0.0426328405738,0.703554213047,-0.709355294704
0.618409752846,-0.104596227407,0.963658809662,0.00160419289023,-0.042259003967,0.703676462173,-0.709260821342
0.618291258812,-0.105187647045,0.96399307251,0.00267977127805,-0.0422808490694,0.703335106373,-0.709594905376
0.618684053421,-0.105104535818,0.963522791862,0.000143604833283,-0.042434990406,0.703642427921,-0.709285974503
0.618889689445,-0.105353474617,0.96352571249,-6.32726732874e-05,-0.0421516858041,0.703701376915,-0.709244191647
0.619065642357,-0.105661682785,0.963492274284,0.00107812893111,-0.0423540696502,0.703252911568,-0.709676206112
0.618931233883,-0.106004871428,0.963629961014,0.00205556582659,-0.0428134351969,0.702799201012,-0.710095822811
0.619096577168,-0.106200255454,0.96358025074,0.00188126426656,-0.0431897342205,0.702656447887,-0.710214674473
0.619424462318,-0.106892511249,0.963846683502,0.00210497900844,-0.0421081595123,0.702433884144,-0.710499107838
0.619514942169,-0.106985129416,0.963575720787,0.0018000114942,-0.0428378470242,0.702269971371,-0.710618436337
0.619667887688,-0.107217013836,0.963469386101,1.79444250534e-05,-0.0425117872655,0.702447891235,-0.710464417934
0.61971360445,-0.107467293739,0.963385403156,0.00173020083457,-0.0429346188903,0.701946794987,-0.710932195187
0.619964301586,-0.107669807971,0.963270246983,0.00144796795212,-0.0426914058626,0.701858222485,-0.711034834385
0.620107233524,-0.107901021838,0.963165581226,0.00149406620767,-0.0426841564476,0.701693356037,-0.711197853088
0.620262742043,-0.10809584707,0.963023424149,0.00135880848393,-0.0426926538348,0.701486289501,-0.711401760578
0.620393514633,-0.108297459781,0.962916016579,0.00133738631848,-0.0428157038987,0.701266407967,-0.711611151695
0.620503246784,-0.108482591808,0.962795555592,0.0015434154775,-0.0431440658867,0.701081693172,-0.711772799492
0.620674610138,-0.108711734414,0.962630808353,0.00178457493894,-0.0430400706828,0.700721740723,-0.71213310957
0.620751142502,-0.108933731914,0.962524533272,0.00185835699085,-0.0430036745965,0.700508713722,-0.71234446764
0.621070623398,-0.108735091984,0.962080776691,0.000808877695818,-0.0432177595794,0.700419723988,-0.712420940399
0.621181368828,-0.108889430761,0.962000966072,0.000736918475013,-0.0432274788618,0.700139403343,-0.712696075439
0.620945692062,-0.10910564661,0.962173223495,0.001363498508,-0.0437387563288,0.699716091156,-0.713079690933
0.62130522728,-0.109255738556,0.961899340153,0.000980246230029,-0.0434052869678,0.699720621109,-0.713096082211
0.621070623398,-0.109505668283,0.962099671364,0.00171195878647,-0.0438847094774,0.699250102043,-0.713526666164
0.621760845184,-0.109647229314,0.961791753769,0.000705719867256,-0.0428632199764,0.699407815933,-0.713436067104
0.621832787991,-0.109837181866,0.961809277534,0.000836691702716,-0.0428435429931,0.699185609818,-0.713654816151
0.621460139751,-0.110219322145,0.962209999561,0.00214019254781,-0.0434190146625,0.698550760746,-0.71423882246
0.621459662914,-0.110297143459,0.961985886097,0.00224448670633,-0.043679587543,0.698374807835,-0.714394450188
0.621491491795,-0.110435247421,0.961982309818,0.00208688923158,-0.0437645874918,0.69811052084,-0.714647948742
0.621523857117,-0.110582850873,0.961962044239,0.00146115198731,-0.0437072142959,0.697506666183,-0.715242505074
0.621495187283,-0.110757797956,0.9620038867,0.00169366365299,-0.0438682772219,0.697216629982,-0.7155148983
0.621526181698,-0.110882259905,0.962000846863,0.00193085882347,-0.0441304333508,0.697011291981,-0.715698242188
0.621555864811,-0.11100166291,0.962021410465,0.00200158613734,-0.044303946197,0.696798086166,-0.715894937515
0.621612548828,-0.111151583493,0.962054371834,0.0027641505003,-0.0444029942155,0.696905791759,-0.715781450272
0.621647059917,-0.111301280558,0.962075471878,0.00214547174983,-0.0443028770387,0.696379601955,-0.716301739216
0.621698796749,-0.111431188881,0.962083876133,0.00268874294125,-0.0443289913237,0.69656342268,-0.716119408607
0.62165927887,-0.111510433257,0.962124764919,0.0027464015875,-0.0445150993764,0.696391761303,-0.716274619102
0.621710836887,-0.111636042595,0.962130129337,0.00253660208546,-0.0444567240775,0.696252882481,-0.716413974762
0.62194776535,-0.111824139953,0.96211630106,0.00225306325592,-0.0439257510006,0.696249902248,-0.716450512409
0.622011482716,-0.111927554011,0.962108314037,0.00222500949167,-0.0439047776163,0.696175575256,-0.716524302959
0.622086286545,-0.112024083734,0.962107419968,0.00140342698433,-0.043754030019,0.695693433285,-0.717003703117
0.622163832188,-0.11212015152,0.962105154991,0.00145057507325,-0.0435522049665,0.695651352406,-0.717056870461
0.622240006924,-0.112240165472,0.962092876434,0.00119577674195,-0.043487995863,0.695541799068,-0.717167377472
0.622342050076,-0.11232419312,0.962076663971,0.000994371483102,-0.0435428321362,0.695498466492,-0.71720635891
0.622433841228,-0.112405188382,0.96205419302,0.000743676617276,-0.0435182899237,0.695503234863,-0.717203557491
0.622519791126,-0.112481363118,0.962026655674,0.000756948837079,-0.043435703963,0.695519387722,-0.717192709446
0.622605264187,-0.112549625337,0.962005019188,0.000458146765595,-0.0434397011995,0.695520699024,-0.717191576958
0.622676610947,-0.112569190562,0.961974561214,0.00161997042596,-0.0448152646422,0.695838570595,-0.716796875
0.622775912285,-0.112630359828,0.961944818497,0.0014313980937,-0.0448281429708,0.695926785469,-0.716710746288
0.622880458832,-0.1126877442,0.961934089661,0.00107199861668,-0.0446153134108,0.696009755135,-0.716644108295
0.622990965843,-0.112765446305,0.961895406246,0.000515131396241,-0.0431654676795,0.696337878704,-0.716414749622
0.623574256897,-0.112795896828,0.9615701437,-0.000495386891998,-0.0421946011484,0.696839332581,-0.715984940529
0.62372148037,-0.112852089107,0.961534976959,-0.000940413796343,-0.0420807115734,0.697052240372,-0.715783774853
0.623920917511,-0.112962245941,0.96151560545,-0.00129607738927,-0.0417433194816,0.697269916534,-0.715591013432
0.624059021473,-0.11301407218,0.961490273476,-0.00180978130084,-0.0415200069547,0.697547495365,-0.715332388878
0.624188601971,-0.11305039376,0.961434900761,-0.00219591008499,-0.0415146239102,0.697863519192,-0.715023338795
0.624133229256,-0.113477215171,0.961811184883,-0.00168059486896,-0.0411384925246,0.69794356823,-0.714968204498
0.624268710613,-0.113236069679,0.961640655994,-0.00248217536137,-0.0412904545665,0.69831186533,-0.714597404003
0.624404788017,-0.11325904727,0.961599946022,-0.00299004372209,-0.0410113222897,0.698648273945,-0.714282512665
0.624691367149,-0.113370023668,0.961663126945,-0.00353065505624,-0.0437620393932,0.69885802269,-0.713911771774
0.624727725983,-0.113313384354,0.961565554142,-0.00564935663715,-0.043684951961,0.699456870556,-0.713316082954
0.624862611294,-0.113323792815,0.961553871632,-0.00604031840339,-0.0429791584611,0.699956595898,-0.71286547184
0.625083625317,-0.11364647001,0.961708843708,-0.00440547801554,-0.042450260371,0.700058221817,-0.712809205055
0.62520724535,-0.11365608871,0.961702823639,-0.00477132713422,-0.0422157980502,0.700417518616,-0.71246778965
0.625273764133,-0.113344207406,0.961567878723,-0.00567014142871,-0.0426355078816,0.700731873512,-0.712126970291
0.625398874283,-0.113362535834,0.961596012115,-0.00619427394122,-0.0391586869955,0.701218903065,-0.711842954159
0.625657975674,-0.113662600517,0.961742043495,-0.00644945213571,-0.0424306206405,0.701328217983,-0.711545288563
0.625767529011,-0.113667108119,0.961746156216,-0.00665636826307,-0.0420482568443,0.701662480831,-0.711236476898
0.625937998295,-0.113694168627,0.961784183979,-0.00722635071725,-0.0419829413295,0.702053487301,-0.710848927498
0.626028180122,-0.113690540195,0.961780667305,-0.00714486790821,-0.0399215333164,0.702394962311,-0.71063119173
0.626124203205,-0.113687247038,0.961798667908,-0.00811027549207,-0.038471095264,0.702885866165,-0.710215330124
0.626205444336,-0.113680027425,0.961810469627,-0.00864031724632,-0.0385840982199,0.703299045563,-0.709793746471
0.626281201839,-0.11364890635,0.961829304695,-0.00911755952984,-0.0420441888273,0.703407943249,-0.709483265877
0.626635253429,-0.113237187266,0.961439549923,-0.0106896068901,-0.0387997291982,0.704111278057,-0.70894831419
0.626691222191,-0.113214410841,0.961458086967,-0.0111935511231,-0.03841297701,0.704500854015,-0.708574354649
0.626746118069,-0.113193653524,0.961456358433,-0.0116384401917,-0.0383909568191,0.70470649004,-0.708364009857
0.626780152321,-0.113178007305,0.961460888386,-0.0119264386594,-0.0386911593378,0.704851031303,-0.708198964596
0.626848518848,-0.113191574812,0.961502313614,-0.012315611355,-0.0388172529638,0.705104231834,-0.707933247089
0.626879394054,-0.113147892058,0.96151638031,-0.0127046443522,-0.0389670953155,0.705349624157,-0.707673668861
0.626702964306,-0.113487325609,0.961902737617,-0.0120664285496,-0.0388642288744,0.705424726009,-0.707615792751
0.62671816349,-0.113461025059,0.961916744709,-0.0123658776283,-0.0390429645777,0.705575227737,-0.707450509071
0.626944243908,-0.113054290414,0.961548686028,-0.0136045804247,-0.0393453985453,0.705902576447,-0.707084357738
0.626730978489,-0.113358683884,0.961961746216,-0.0125114982948,-0.040447704494,0.705760776997,-0.707184016705
0.626918554306,-0.112987406552,0.961578011513,-0.013634512201,-0.0406285785139,0.706137120724,-0.706776916981
0.626711547375,-0.113314628601,0.961987912655,-0.0129421129823,-0.040502961725,0.706116735935,-0.706817567348
0.626694321632,-0.113290555775,0.961998045444,-0.0131455184892,-0.040584538132,0.706259846687,-0.706666231155
0.626672744751,-0.113256819546,0.962034583092,-0.0133740156889,-0.0406492687762,0.706408560276,-0.706509649754
0.626645207405,-0.113244831562,0.962049543858,-0.014091078192,-0.0394352525473,0.706704735756,-0.706268131733
0.626619517803,-0.113225087523,0.962071120739,-0.0142281623557,-0.0396913290024,0.706832110882,-0.706123590469
0.626521766186,-0.112924203277,0.961638450623,-0.0147452810779,-0.0401855967939,0.70675355196,-0.706163585186
0.626490354538,-0.112919218838,0.961659431458,-0.0149012571201,-0.0402343869209,0.706871092319,-0.706039965153
0.626526653767,-0.113179862499,0.962162852287,-0.014710479416,-0.0394510030746,0.707325637341,-0.705632865429
0.626481950283,-0.113181039691,0.962171375751,-0.0148466015235,-0.0397760011256,0.707283675671,-0.705653727055
0.626442909241,-0.113186344504,0.962177336216,-0.0148933595046,-0.0428517311811,0.707166612148,-0.705590009689
0.626368999481,-0.113176196814,0.962170004845,-0.0149195520207,-0.042970918119,0.707228660583,-0.705520153046
0.626321196556,-0.113174892962,0.962158501148,-0.0150302900001,-0.0429361388087,0.707314610481,-0.705433547497
0.626264452934,-0.113176070154,0.962149858475,-0.0150611782447,-0.0429725311697,0.707386791706,-0.70535838604
0.626190125942,-0.113188788295,0.962167024612,-0.0151825845242,-0.0429420471191,0.707706868649,-0.705036520958
0.626274049282,-0.112843044102,0.961827814579,-0.0162174571306,-0.0435249730945,0.707675516605,-0.705009102821
0.626263916492,-0.112803511322,0.961745679379,-0.0163817945868,-0.0432167053223,0.707970798016,-0.704727709293
0.626236140728,-0.11284109205,0.961771428585,-0.0163853708655,-0.0431540980935,0.70806491375,-0.704636991024
0.626174509525,-0.112853430212,0.961748957634,-0.0163978412747,-0.0431977547705,0.70808583498,-0.704612970352
0.625844955444,-0.112923026085,0.96193343401,-0.017568051815,-0.0399789959192,0.708433151245,-0.704425692558
0.625949263573,-0.113033130765,0.961995244026,-0.0176924858242,-0.0432678721845,0.708238005638,-0.704424500465
0.625937402248,-0.112919077277,0.961654186249,-0.0179799702018,-0.0433065220714,0.708381474018,-0.704270243645
0.625877082348,-0.112928718328,0.961633384228,-0.0179593674839,-0.0433087833226,0.708405792713,-0.704246342182
0.6258289814,-0.112942695618,0.961604118347,-0.0180504377931,-0.039827235043,0.708670854568,-0.704182863235
0.625754117966,-0.112972125411,0.961567819118,-0.0180245842785,-0.039832174778,0.708695709705,-0.704158306122
0.625683426857,-0.11297404021,0.961527228355,-0.0180521458387,-0.0397838912904,0.70871090889,-0.704145073891
0.625609755516,-0.112991757691,0.961522102356,-0.0180254969746,-0.0397819280624,0.708729028702,-0.704127550125
0.625247299671,-0.113029234111,0.96169257164,-0.0174634885043,-0.0402729995549,0.708572924137,-0.704270839691
0.625174999237,-0.113051794469,0.961688280106,-0.0174383223057,-0.0402522869408,0.708573400974,-0.704272270203
0.625098645687,-0.113069981337,0.961673498154,-0.0175012964755,-0.0401774607599,0.708604514599,-0.704243659973
0.625016570091,-0.11309928447,0.961665213108,-0.0169657636434,-0.04141266644,0.708496332169,-0.704294204712
0.624929428101,-0.113124616444,0.961657524109,-0.0173235461116,-0.0399632193148,0.708600342274,-0.704264461994
0.624844908714,-0.113144077361,0.961647152901,-0.0167644992471,-0.041217405349,0.708427369595,-0.704379856586
0.624755442142,-0.113191641867,0.961631596088,-0.0166666023433,-0.0411617644131,0.708431482315,-0.704381227493
0.624630689621,-0.113198049366,0.961612641811,-0.0165544636548,-0.0412334278226,0.708388090134,-0.704423308372
0.624521315098,-0.113230846822,0.961592614651,-0.0164967421442,-0.0412195324898,0.708360373974,-0.704453349113
0.624405801296,-0.113247953355,0.961568951607,-0.0164371468127,-0.0412514396012,0.708290696144,-0.704522788525
0.624320566654,-0.113613955677,0.96177649498,-0.014157274738,-0.0409726724029,0.707990467548,-0.70489025116
0.624799966812,-0.113314040005,0.961432516575,-0.0155617091805,-0.0405285209417,0.708350300789,-0.704524636269
0.624091982841,-0.113403685391,0.961280047894,-0.0143911791965,-0.0413792468607,0.707795739174,-0.705057322979
0.623808681965,-0.11352429539,0.961391627789,-0.0138694355264,-0.0415603108704,0.707707166672,-0.705146193504
0.623695015907,-0.113521739841,0.961377441883,-0.0142878210172,-0.043722897768,0.707647264004,-0.705066978931
0.623534977436,-0.11357254535,0.961376428604,-0.0140312146395,-0.0403915643692,0.707838535309,-0.705078959465
0.623455286026,-0.113575339317,0.961377084255,-0.014016918838,-0.0438099578023,0.707579791546,-0.705134809017
0.623551845551,-0.113803930581,0.961643755436,-0.0140259424224,-0.0429128780961,0.70773768425,-0.705031394958
0.623470664024,-0.113810412586,0.961646735668,-0.0139686344191,-0.0395500026643,0.707882106304,-0.705084145069
0.623373448849,-0.113827489316,0.961652517319,-0.013406378217,-0.0407494679093,0.707676649094,-0.705233037472
0.623301506042,-0.113837003708,0.961651146412,-0.013354388997,-0.0407328009605,0.707635998726,-0.705275654793
0.623222053051,-0.113857857883,0.961631298065,-0.0133417639881,-0.0407337509096,0.707575619221,-0.70533645153
0.623163759708,-0.113855056465,0.961622774601,-0.013714093715,-0.0393568500876,0.707678735256,-0.705304026604
0.62309807539,-0.113866522908,0.961604833603,-0.0136587647721,-0.0393213108182,0.707596421242,-0.705389678478
0.62303340435,-0.113868929446,0.961590588093,-0.0137186441571,-0.0393139570951,0.707513511181,-0.705472052097
0.62297141552,-0.113877736032,0.961575806141,-0.01353671588,-0.0421754196286,0.707396447659,-0.705427825451
0.622882962227,-0.113851070404,0.961562395096,-0.013577115722,-0.0424950905144,0.707147717476,-0.705657184124
0.622824668884,-0.113863825798,0.961553931236,-0.013525608927,-0.0424554161727,0.707051515579,-0.705756902695
0.622763872147,-0.113850258291,0.961532652378,-0.0135541306809,-0.0424837805331,0.706964194775,-0.705842137337
0.622703194618,-0.113853953779,0.961526572704,-0.0134515669197,-0.0421672835946,0.706964731216,-0.705862522125
0.622640132904,-0.113852500916,0.961511671543,-0.0135037750006,-0.0426586605608,0.706888973713,-0.705907940865
0.622590839863,-0.113843761384,0.961502790451,-0.0135520584881,-0.0426581092179,0.706749796867,-0.70604634285
0.622544467449,-0.113832369447,0.96150714159,-0.0135679729283,-0.0426779575646,0.706632137299,-0.706162452698
0.623022437096,-0.113465160131,0.961102664471,-0.0149948792532,-0.0423302575946,0.706885099411,-0.705901443958
0.622724890709,-0.113429032266,0.961131393909,-0.0146342283115,-0.0428136438131,0.70663869381,-0.706126511097
0.622670173645,-0.113390654325,0.961087286472,-0.0147021291777,-0.042854655534,0.706508815289,-0.706252455711
0.622649431229,-0.113418973982,0.961118102074,-0.0146696083248,-0.0427784882486,0.706437885761,-0.706328809261
0.622556507587,-0.113368161023,0.961066901684,-0.0146952811629,-0.0429783128202,0.706318557262,-0.706435382366
0.622189819813,-0.113750264049,0.961456894875,-0.0134811270982,-0.0432277880609,0.705832779408,-0.706929802895
0.622507154942,-0.113359637558,0.961057364941,-0.0146765112877,-0.0431444346905,0.706000208855,-0.706743896008
0.622120678425,-0.113742873073,0.961452364922,-0.013457515277,-0.0430973656476,0.705629825592,-0.707140922546
0.622096300125,-0.113728657365,0.961451470852,-0.0134968115017,-0.0430501624942,0.705561995506,-0.707210719585
0.622070550919,-0.113728366792,0.961455702782,-0.0134857771918,-0.0429530106485,0.705462574959,-0.707315862179
0.622048854828,-0.113716430962,0.961456537247,-0.0134708229452,-0.0428993217647,0.705357909203,-0.707423865795
0.622024416924,-0.11370908469,0.961456537247,-0.0134787997231,-0.0428496487439,0.705283522606,-0.707500755787
0.622552275658,-0.113330736756,0.961038827896,-0.0150501253083,-0.0391491688788,0.705740213394,-0.707228004932
0.621987223625,-0.113695092499,0.961458325386,-0.013463800773,-0.039521407336,0.705274760723,-0.707703590393
0.622505486012,-0.113307356834,0.961046636105,-0.0149891665205,-0.0390832610428,0.705504596233,-0.707468152046
0.621949613094,-0.113655470312,0.961459338665,-0.0133770611137,-0.0394458696246,0.705083906651,-0.70789963007
0.622462928295,-0.113301247358,0.961038470268,-0.0149169834331,-0.0389904528856,0.70535492897,-0.707623898983
0.622443079948,-0.113300427794,0.961043477058,-0.0143514089286,-0.0402196794748,0.7050999403,-0.707820892334
0.621917247772,-0.113667778671,0.961449623108,-0.0128325261176,-0.0405001528561,0.704676687717,-0.708255589008
0.622407972813,-0.113305687904,0.961027383804,-0.0142158372328,-0.0400386378169,0.70491027832,-0.708022773266
0.622406125069,-0.113307535648,0.961024880409,-0.0141882989556,-0.039992980659,0.704872786999,-0.708063185215
0.622386097908,-0.113309137523,0.961021542549,-0.0141235711053,-0.0399312265217,0.704824328423,-0.708116292953
0.622390925884,-0.113304510713,0.961012899876,-0.0139339379966,-0.0397533476353,0.704756677151,-0.70819747448
0.62239420414,-0.113302752376,0.961008310318,-0.0143595328555,-0.0384399294853,0.704857230186,-0.70816129446
0.62238830328,-0.11330293864,0.961004257202,-0.0144723784178,-0.0383277647197,0.704779207706,-0.7082426548
0.622391700745,-0.113298892975,0.960998058319,-0.0145178101957,-0.0414675474167,0.704583823681,-0.708259344101
0.62239587307,-0.113297820091,0.960992634296,-0.0142319956794,-0.0413626655936,0.70457804203,-0.70827704668
0.622411668301,-0.113295257092,0.960986196995,-0.0141970571131,-0.04124860093,0.704608023167,-0.708254575729
0.622400701046,-0.113293111324,0.96098703146,-0.0140333902091,-0.0377934537828,0.704733252525,-0.708325982094
0.622041881084,-0.113401383162,0.961288452148,-0.0131509276107,-0.0381728559732,0.704562783241,-0.708492159843
0.622044920921,-0.113394528627,0.96128988266,-0.0129358433187,-0.0377477146685,0.70485919714,-0.708223938942
0.622054934502,-0.113387599587,0.961296439171,-0.0130710666999,-0.0376610532403,0.704931020737,-0.70815461874
0.62206619978,-0.113386981189,0.961306333542,-0.0129183474928,-0.0378430821002,0.704873859882,-0.708204686642
0.622081756592,-0.113385036588,0.961314737797,-0.0127337407321,-0.041087705642,0.704800844193,-0.708099722862
0.62208533287,-0.113382533193,0.961328566074,-0.0125788580626,-0.0406602732837,0.705131351948,-0.707798182964
0.622098505497,-0.113374143839,0.961338162422,-0.0124119147658,-0.0406772866845,0.705331504345,-0.707600653172
0.622109234333,-0.113372161984,0.961354851723,-0.0123266754672,-0.0405520349741,0.705502033234,-0.707439363003
0.622123777866,-0.113367527723,0.961371839046,-0.0124110449106,-0.0403985157609,0.705660998821,-0.707288086414
0.622133612633,-0.113362565637,0.961393594742,-0.0124109005556,-0.0404946431518,0.705857157707,-0.707086801529
0.622148036957,-0.113345339894,0.961423397064,-0.0122860595584,-0.0370679609478,0.706211984158,-0.706922531128
0.622157812119,-0.113350525498,0.961434781551,-0.0121313631535,-0.0373344868422,0.706293463707,-0.706829845905
0.622570455074,-0.113237246871,0.961139798164,-0.0127885071561,-0.0365222208202,0.70686429739,-0.706289947033
0.622596144676,-0.113220773637,0.96115642786,-0.0125757036731,-0.036830265075,0.706885457039,-0.706256508827
0.622126698494,-0.113520547748,0.96156001091,-0.0109003484249,-0.036801353097,0.706843912601,-0.706327497959
0.622236013412,-0.1132985726,0.961529493332,-0.0111164441332,-0.0369658842683,0.707037806511,-0.706121504307
0.622182250023,-0.11348092556,0.961610972881,-0.0102048367262,-0.0369630344212,0.706977963448,-0.706195235252
0.622213363647,-0.113446451724,0.961618423462,-0.00976432766765,-0.0363954082131,0.707153618336,-0.706055045128
0.622277736664,-0.113441459835,0.961640238762,-0.00936374440789,-0.0362744666636,0.707267284393,-0.705952703953
0.622296512127,-0.113380037248,0.961681246758,-0.00885174330324,-0.0364341251552,0.707183897495,-0.706034719944
0.6223757267,-0.11333502084,0.96169167757,-0.00804461259395,-0.0372923240066,0.707154333591,-0.706029295921
0.622435986996,-0.113278008997,0.961688518524,-0.00754124764353,-0.0372884310782,0.707166612148,-0.706022679806
0.622599065304,-0.113195501268,0.961675226688,-0.00727039529011,-0.0371867343783,0.707253754139,-0.705943703651
0.623136103153,-0.112800747156,0.961264133453,-0.00851280707866,-0.0366967171431,0.707538545132,-0.705669939518
0.622888803482,-0.112817086279,0.961534261703,-0.00793548114598,-0.0357447713614,0.707405686378,-0.705858886242
0.62299478054,-0.112721681595,0.961517095566,-0.00935381185263,-0.0353966653347,0.707476496696,-0.70578789711
0.623090624809,-0.112625449896,0.9614995718,-0.00912856962532,-0.0353344418108,0.707342684269,-0.70592802763
0.623195409775,-0.112525641918,0.961482405663,-0.00720578059554,-0.0354382358491,0.707036912441,-0.706251323223
0.62322551012,-0.112605705857,0.961516916752,-0.00656115589663,-0.0355826094747,0.706590473652,-0.706697046757
0.623418033123,-0.11260253191,0.961673796177,-0.00611536158249,-0.0350323170424,0.706301987171,-0.707016944885
0.62358289957,-0.112392678857,0.961603522301,-0.00593284657225,-0.034565564245,0.706129193306,-0.707213938236
0.623724997044,-0.1122655496,0.961593329906,-0.005160078872,-0.0361094400287,0.705595612526,-0.707675218582
0.623845219612,-0.112132072449,0.961575686932,-0.00484789628536,-0.0361794866621,0.705366253853,-0.707902491093
0.623921275139,-0.111823014915,0.961344718933,-0.00485473265871,-0.0361766070127,0.705221652985,-0.708046674728
0.624060571194,-0.111680805683,0.961344957352,-0.00459827575833,-0.0358892343938,0.704982817173,-0.708300828934
0.624204218388,-0.111521735787,0.96136701107,-0.0049498276785,-0.034382019192,0.704876840115,-0.708478569984
0.62434643507,-0.111357934773,0.961364448071,-0.00473092403263,-0.033858075738,0.70483148098,-0.708550453186
0.624530911446,-0.111214272678,0.96136701107,-0.00455372361466,-0.0336839780211,0.7046033144,-0.708786845207
0.624681949615,-0.111048921943,0.961362123489,-0.00431214319542,-0.0339086540043,0.704168498516,-0.709209680557
0.624885857105,-0.110813960433,0.961376070976,-0.00436053192243,-0.0333798117936,0.703965544701,-0.70943582058
0.625088691711,-0.110645107925,0.961362123489,-0.0039935586974,-0.0329256989062,0.703553617001,-0.709867715836
0.625235199928,-0.110467858613,0.961376726627,-0.00402547186241,-0.0327359177172,0.703447580338,-0.709981441498
0.625368833542,-0.110260896385,0.961368918419,-0.00400030519813,-0.0329023040831,0.703180789948,-0.710238099098
0.625704526901,-0.109817683697,0.961268246174,-0.00430931989104,-0.0345760211349,0.702779531479,-0.710553944111
0.625781953335,-0.109790891409,0.961346566677,-0.00377369695343,-0.0338060222566,0.702460289001,-0.710909664631
0.626008987427,-0.109543450177,0.961426496506,-0.00467244861647,-0.032980132848,0.702167928219,-0.711231946945
0.626170396805,-0.10936255753,0.961443185806,-0.00468949880451,-0.0329536981881,0.701903641224,-0.71149367094
0.626346945763,-0.109161421657,0.961470842361,-0.00455166073516,-0.0330535471439,0.701669096947,-0.71172118187
0.627059996128,-0.108626045287,0.961111783981,-0.00590532133356,-0.0326253734529,0.701790750027,-0.711611151695
0.627298533916,-0.108380094171,0.961123526096,-0.00616296706721,-0.0327518209815,0.701539695263,-0.711850702763
0.626812934875,-0.108188092709,0.961398839951,-0.00543855829164,-0.0333175882697,0.700735986233,-0.712621510029
0.626969337463,-0.107949383557,0.961359679699,-0.00493006082252,-0.0345627218485,0.700349152088,-0.712946236134
0.627365350723,-0.108121491969,0.961580097675,-0.00452091405168,-0.0321857780218,0.700688898563,-0.71272623539
0.62754625082,-0.107912480831,0.961553752422,-0.00431895814836,-0.0322363004088,0.700481534004,-0.712929069996
0.627782940865,-0.107429236174,0.96143078804,-0.00505833141506,-0.0331559292972,0.700173854828,-0.713184118271
0.627991557121,-0.107201293111,0.961425185204,-0.0049895583652,-0.0332363285124,0.699988305569,-0.713362932205
0.628122091293,-0.106834493577,0.961262404919,-0.00499081332237,-0.0335464440286,0.699859797955,-0.71347463131
0.628312647343,-0.106606431305,0.961268186569,-0.00507155247033,-0.0336090922356,0.699721157551,-0.713607013226
0.628530263901,-0.106327816844,0.961313068867,-0.00647431844845,-0.0333080999553,0.699887752533,-0.713446497917
0.628735303879,-0.105901107192,0.961273193359,-0.00684221321717,-0.0338324531913,0.699653446674,-0.713647961617
0.628953516483,-0.105629518628,0.961248517036,-0.00682030897588,-0.0337445698678,0.699557185173,-0.713746666908
0.629212737083,-0.105666413903,0.961397886276,-0.00454761274159,-0.0333957634866,0.699258923531,-0.71407353878
0.62944829464,-0.105437889695,0.96143591404,-0.00451704207808,-0.0332018435001,0.699250936508,-0.714090526104
0.629562020302,-0.104837603867,0.961299359798,-0.00473729846999,-0.0338968373835,0.699204862118,-0.714101672173
0.629774928093,-0.104590944946,0.961303710938,-0.00524573680013,-0.0337682999671,0.698741793633,-0.714557349682
0.62999022007,-0.104319490492,0.961301803589,-0.00412698462605,-0.0349634774029,0.698960781097,-0.714293003082
0.630765497684,-0.103958018124,0.961031138897,-0.0056035281159,-0.032885465771,0.699352860451,-0.713997662067
0.631106436253,-0.103641703725,0.960981547832,-0.005732818041,-0.0326649397612,0.699454009533,-0.713907778263
0.630958497524,-0.103320248425,0.961242675781,-0.00501482142136,-0.0333075858653,0.699323415756,-0.714011311531
0.631206452847,-0.102970018983,0.961299061775,-0.00510340556502,-0.0332651697099,0.69941920042,-0.713918924332
0.631511330605,-0.102571621537,0.961372435093,-0.00527651188895,-0.03338675946,0.69943356514,-0.713897883892
0.631783366203,-0.102184399962,0.961434602737,-0.00589376315475,-0.0333788655698,0.699409544468,-0.713916957378
0.632054626942,-0.101871475577,0.961421012878,-0.00589251006022,-0.0333280339837,0.69945204258,-0.713877737522
0.632367968559,-0.10178810358,0.961596608162,-0.00485485093668,-0.0342240221798,0.699485480785,-0.713810384274
0.632731080055,-0.101369187236,0.961603283882,-0.00538084423169,-0.0340533740819,0.699619710445,-0.713683247566
0.63297867775,-0.100664183497,0.961405456066,-0.00784959550947,-0.0332120731473,0.700103402138,-0.71322542429
0.6333938241,-0.100353956223,0.961551308632,-0.0082371076569,-0.0329183675349,0.700278103352,-0.713063120842
0.633709788322,-0.0999329909682,0.961492955685,-0.0068763778545,-0.0330812446773,0.700074493885,-0.713269948959
0.634004473686,-0.0995114669204,0.961533725262,-0.00718527799472,-0.0329971984029,0.700215160847,-0.713132739067
0.634263277054,-0.099051348865,0.96150046587,-0.00747195258737,-0.0331882461905,0.700323820114,-0.713014245033
0.634527266026,-0.0986296311021,0.961536824703,-0.00745323626325,-0.033393856138,0.700428783894,-0.712901771069
0.634907543659,-0.0981484875083,0.961474180222,-0.00725963246077,-0.0347054228187,0.700475633144,-0.712795078754
0.635222315788,-0.0976970866323,0.961563229561,-0.00740980729461,-0.0348417982459,0.700532019138,-0.712731420994
0.635518431664,-0.0974190086126,0.961646854877,-0.00811583735049,-0.0333562009037,0.70071208477,-0.712617635727
0.635844111443,-0.0969977453351,0.961648643017,-0.00834374502301,-0.0332998856902,0.700665354729,-0.712663650513
0.636397838593,-0.0961645767093,0.961251437664,-0.0108170751482,-0.0331776328385,0.701305627823,-0.712006092072
0.636705100536,-0.0957083031535,0.961225926876,-0.0108980089426,-0.0327279269695,0.701624751091,-0.711711108685
0.63709706068,-0.0951926857233,0.961119413376,-0.00932361744344,-0.033026125282,0.701148629189,-0.712188780308
0.637339353561,-0.0946496129036,0.961155414581,-0.00939455721527,-0.0332814007998,0.701131284237,-0.712193071842
0.637594521046,-0.0940936654806,0.961190223694,-0.00951368547976,-0.0336008518934,0.701000809669,-0.712304890156
0.638235569,-0.0937141776085,0.961269080639,-0.00981083791703,-0.0328744091094,0.701234698296,-0.71210449934
0.638519108295,-0.0931595861912,0.961258172989,-0.00990400183946,-0.0332638882101,0.701300561428,-0.712020218372
0.638809502125,-0.0925875529647,0.961201429367,-0.00993180833757,-0.0327992998064,0.701474308968,-0.711870372295
0.639124393463,-0.0921034887433,0.961198747158,-0.0096561582759,-0.0330787971616,0.701219975948,-0.712111771107
0.639476239681,-0.0916305184364,0.961288690567,-0.00955753494054,-0.0329019837081,0.701135158539,-0.712204694748
0.639738976955,-0.091023504734,0.961133360863,-0.00965901277959,-0.0328595116735,0.701097309589,-0.712242662907
0.63996142149,-0.0903997123241,0.961110472679,-0.00962581764907,-0.0329425930977,0.70120537281,-0.712132871151
0.640204846859,-0.0898494943976,0.961089074612,-0.00947091449052,-0.0328605845571,0.7011038661,-0.712238609791
0.640516400337,-0.0893139913678,0.961113095284,-0.00925600901246,-0.0326800532639,0.701087474823,-0.712265849113
0.640883207321,-0.08873526752,0.961076259613,-0.0111914752051,-0.0324707888067,0.701121449471,-0.712214231491
0.641191542149,-0.0881438776851,0.960998654366,-0.0094459624961,-0.0325183756649,0.700747430325,-0.71260535717
0.641451358795,-0.0875813364983,0.961010217667,-0.00937090069056,-0.0322864465415,0.700695157051,-0.71266824007
0.641754686832,-0.0870478749275,0.961053609848,-0.00892810337245,-0.0320770591497,0.701174616814,-0.712211787701
0.642099380493,-0.0864503458142,0.961098790169,-0.00998653657734,-0.0312378574163,0.701538085938,-0.711877048016
0.642491102219,-0.0858712792397,0.961230993271,-0.00819041393697,-0.0315962433815,0.701063811779,-0.71235114336
0.642416059971,-0.0852044895291,0.961066663265,-0.00751079898328,-0.032196752727,0.700818657875,-0.712572991848
0.642961025238,-0.0845745503902,0.961006045341,-0.00762802688405,-0.0317049361765,0.701072454453,-0.712343990803
0.643284380436,-0.0839517116547,0.961005866528,-0.00743520958349,-0.0314200520515,0.701081097126,-0.712350130081
0.643540203571,-0.083268776536,0.961062252522,-0.00804605428129,-0.0314474292099,0.700563788414,-0.712851047516
0.643793940544,-0.0826524421573,0.961182534695,-0.00700373062864,-0.0312676616013,0.700985908508,-0.712454855442
0.644059896469,-0.0819067582488,0.960999727249,-0.00670269178227,-0.0311990864575,0.700833141804,-0.71261125803
0.644301950932,-0.0812256485224,0.961015880108,-0.00680514751002,-0.0309769846499,0.700842916965,-0.712610125542
0.644560813904,-0.080517090857,0.961013495922,-0.00645896373317,-0.0306047555059,0.700876772404,-0.71259611845
0.644852459431,-0.0797196999192,0.960984885693,-0.0057160332799,-0.0321959778666,0.700665295124,-0.7127404809
0.645209848881,-0.0789418369532,0.960923433304,-0.00640993518755,-0.0305209625512,0.700720191002,-0.712754189968
0.645516514778,-0.0782400593162,0.961023390293,-0.00586122414097,-0.030919149518,0.700590133667,-0.71286958456
0.645644366741,-0.0774529203773,0.960920453072,-0.0054189208895,-0.0311340168118,0.700309813023,-0.713138997555
0.645982325077,-0.07662627846,0.960992515087,-0.00581954047084,-0.031077766791,0.699932217598,-0.713509082794
0.646171987057,-0.0757413133979,0.960908472538,-0.00496454071254,-0.0309720803052,0.700159430504,-0.713297188282
0.646361887455,-0.0748992338777,0.96092659235,-0.00494823697954,-0.0309698246419,0.699946224689,-0.713506698608
0.646584093571,-0.0740908458829,0.960928559303,-0.0041505843401,-0.0308305751532,0.699908912182,-0.713554263115
0.646938860416,-0.0731232985854,0.960982561111,-0.00411152653396,-0.0322472974658,0.699821949005,-0.713577210903
0.647215843201,-0.0722842365503,0.961091399193,-0.00464694807306,-0.0305297225714,0.699515044689,-0.71395021677
0.647464752197,-0.0713673010468,0.961106359959,-0.00371991004795,-0.0298873148859,0.699821829796,-0.713682234287
0.647531509399,-0.0703632757068,0.961076676846,-0.00261924928054,-0.0318732336164,0.699324011803,-0.714088976383
0.64775210619,-0.069431565702,0.961146116257,-0.00273307063617,-0.0306436866522,0.699465632439,-0.714003682137
0.648211419582,-0.0684377253056,0.961295425892,-0.00354238948785,-0.0298390369862,0.699310481548,-0.714186191559
0.648433327675,-0.0674037560821,0.961336016655,-0.00314258318394,-0.0302475057542,0.699326813221,-0.714154779911
0.648673653603,-0.0663766339421,0.961438059807,-0.00186689244583,-0.0304949339479,0.699648857117,-0.713833272457
0.648991048336,-0.0652710646391,0.961545288563,-0.00435495143756,-0.0297662746161,0.699774384499,-0.713730216026
0.649345874786,-0.0642241165042,0.961583197117,-0.00244928058237,-0.0292828474194,0.699696838856,-0.713835299015
0.649683356285,-0.0630274191499,0.961684703827,-0.0017204603646,-0.0299954991788,0.699990510941,-0.71351993084
0.649847328663,-0.0618721321225,0.961856126785,-0.00199616653845,-0.0299574006349,0.699596941471,-0.713906526566
0.650179803371,-0.0607091523707,0.961948037148,-0.00157999212388,-0.0300479605794,0.699523806572,-0.71397548914
0.650444507599,-0.0594116896391,0.962072432041,-0.001535278745,-0.029671613127,0.699831962585,-0.713689386845
0.650935292244,-0.0582661181688,0.962199509144,-0.00336252432317,-0.0294219758362,0.699580550194,-0.713939964771
0.65092343092,-0.0570097528398,0.9623721838,-0.000619595462922,-0.0305034797639,0.699598670006,-0.713884413242
0.651769518852,-0.0558268390596,0.962480425835,-0.000691014516633,-0.0293539389968,0.699672162533,-0.713860571384
0.652184903622,-0.054597094655,0.962827324867,-0.000467114325147,-0.029247732833,0.699674725533,-0.713862478733
0.65256601572,-0.0534513108432,0.962962806225,-0.00171937758569,-0.0280137434602,0.700178802013,-0.713415682316
0.652970671654,-0.052026681602,0.963081359863,-0.000175243956619,-0.0280798245221,0.699788808823,-0.713797688484
0.653503894806,-0.0508715212345,0.963311076164,-0.00197144900449,-0.0272815562785,0.700001478195,-0.713617503643
0.653985381126,-0.0495485663414,0.963586509228,-0.00125142047182,-0.0274491142482,0.700251698494,-0.713366985321
0.654433846474,-0.0482409000397,0.963779509068,-7.72355269874e-05,-0.0276309642941,0.699289381504,-0.714304506779
0.654598891735,-0.046798992902,0.963863551617,-0.00120805634651,-0.0278635751456,0.699311733246,-0.714272618294
0.655027449131,-0.0454944074154,0.964019834995,0.000837723840959,-0.0276051722467,0.698842465878,-0.71474224329
0.65544295311,-0.0439533293247,0.964043140411,0.00083293649368,-0.0271982625127,0.698841333389,-0.7147590518
0.655801534653,-0.0425294265151,0.964099645615,-0.000939520366956,-0.0275581981987,0.698658287525,-0.714923977852
0.65615427494,-0.0409663841128,0.964208066463,0.000855994701851,-0.0274902135134,0.698240101337,-0.715335190296
0.656626164913,-0.039397418499,0.964134275913,-0.000714188208804,-0.0278858933598,0.697893738747,-0.715658009052
0.656980335712,-0.0378368608654,0.96428000927,-0.000883042230271,-0.0280099157244,0.697418630123,-0.716115891933
0.657410383224,-0.036153215915,0.964253723621,0.000586988171563,-0.0286994688213,0.696508526802,-0.716974198818
0.657738804817,-0.034478880465,0.964378476143,-0.00101716083009,-0.0283731110394,0.696390628815,-0.717101097107
0.658147394657,-0.032846365124,0.964384138584,0.000727842503693,-0.0292756464332,0.695300996304,-0.718121886253
0.658617198467,-0.0310427732766,0.964416623116,-0.00137414748315,-0.0285993907601,0.694878637791,-0.718556821346
0.659200847149,-0.0294681098312,0.964497983456,0.000295634526992,-0.0287459306419,0.693794727325,-0.719598948956
0.659356474876,-0.0276456624269,0.964568674564,-0.00147085788194,-0.0292815007269,0.692838430405,-0.72049665451
0.659757196903,-0.0261936690658,0.964847564697,-0.000815876817796,-0.0292420983315,0.691957652569,-0.721345186234
0.659938335419,-0.0245685297996,0.965020775795,0.00155276618898,-0.0297626443207,0.690584421158,-0.722637593746
0.660092592239,-0.022978849709,0.965122759342,0.000655746436678,-0.029869414866,0.689600288868,-0.723573744297
0.660286486149,-0.0214720573276,0.965216755867,0.00332024181262,-0.0295887924731,0.688462615013,-0.724660336971
0.661260426044,-0.0191260688007,0.964307487011,0.00119833124336,-0.0302202943712,0.687536656857,-0.725519657135
0.661557495594,-0.0173181556165,0.964219927788,-0.000389898865251,-0.030412632972,0.686603724957,-0.72639554739
0.661900699139,-0.0156935155392,0.964053869247,-0.000562165281735,-0.0305099729449,0.685256183147,-0.727662682533
0.662256062031,-0.0138724921271,0.963874161243,-0.000310738774715,-0.0300007257611,0.684338748455,-0.728546857834
0.66325044632,-0.0121792620048,0.963739156723,0.000526084913872,-0.0296633448452,0.682963609695,-0.729849636555
0.662819504738,-0.0104071972892,0.963515639305,2.36785144807e-05,-0.0309122689068,0.681482553482,-0.731181263924
0.663235545158,-0.00882537849247,0.963438630104,0.000248181720963,-0.0305123347789,0.680098593235,-0.732485532761
0.663515269756,-0.00686800759286,0.963031232357,0.000126799292048,-0.0314693823457,0.678752779961,-0.733692407608
0.664485931396,-0.00502782687545,0.962822079659,-0.0013134223409,-0.0306772273034,0.677937507629,-0.734477996826
0.664104938507,-0.00331994798034,0.962613284588,-0.00013133061293,-0.0317963734269,0.675996303558,-0.736218690872
0.664429724216,-0.00151987723075,0.962427377701,-0.000315058539854,-0.0326713845134,0.674443185329,-0.737603485584
0.664769351482,0.000220192363486,0.962137579918,-0.000443428638391,-0.0333330668509,0.67284911871,-0.739028334618
0.664968729019,0.00211696047336,0.96180832386,-0.000863128865603,-0.0341542884707,0.67145138979,-0.740260660648
0.665308356285,0.0038474642206,0.961537480354,0.000845915696118,-0.03542021662,0.669541120529,-0.741929650307
0.665603101254,0.005638174247,0.961205840111,-0.00183093559463,-0.0343040861189,0.668501079082,-0.74291741848
0.665457427502,0.00725892093033,0.961201071739,0.000374648574507,-0.0359511822462,0.66613805294,-0.744961440563
0.666182935238,0.00908993929625,0.960535883904,-0.00229648640379,-0.0356965996325,0.665434360504,-0.745598971844
0.666504740715,0.0109004918486,0.960151791573,-0.00105169403832,-0.0364201031625,0.663650631905,-0.747154891491
0.666787683964,0.0125080244616,0.959837317467,-0.00245532998815,-0.0371679216623,0.662680983543,-0.747974932194
0.667104959488,0.0142387989908,0.959567308426,-0.00147697411012,-0.0379860252142,0.660862505436,-0.74954366684
0.666990458965,0.0157711300999,0.959587991238,-0.00244623352773,-0.0390902534127,0.659497737885,-0.75068551302
0.667550802231,0.0170797612518,0.959455788136,-0.00250008050352,-0.0386737212539,0.658442854881,-0.751632452011
0.667931497097,0.0191620215774,0.958554983139,-0.00376138277352,-0.0397955700755,0.657226800919,-0.752632081509
0.668022930622,0.0204262044281,0.958728730679,-0.000568857474718,-0.040662560612,0.655371010303,-0.754211544991
0.668354690075,0.0220394171774,0.958370923996,-0.0011809640564,-0.0409417897463,0.654040336609,-0.75535005331
0.668670117855,0.0236766636372,0.95802372694,-0.00156024098396,-0.0423134863377,0.652658641338,-0.756468117237
0.669048726559,0.0252229925245,0.957749307156,-0.00181122357026,-0.042503233999,0.651639938354,-0.757334589958
0.669321060181,0.0268307738006,0.957387030125,-0.00208138814196,-0.0432544983923,0.650354027748,-0.758395969868
0.669714391232,0.0284358970821,0.957076847553,-0.00235275318846,-0.0435319170356,0.649335861206,-0.759251177311
0.670031189919,0.0299728959799,0.956809639931,-0.00512360734865,-0.0444282442331,0.64801210165,-0.760315895081
0.670486450195,0.0316763296723,0.956573903561,-0.00405189860612,-0.0451593622565,0.647030234337,-0.761115133762
0.670845925808,0.0330669395626,0.956296384335,-0.005677041132,-0.0453299283981,0.646001398563,-0.76196795702
0.671193599701,0.0344608314335,0.95593559742,-0.00626232940704,-0.0456721521914,0.645068883896,-0.762732684612
0.671470165253,0.0360423997045,0.955734431744,-0.00424096966162,-0.0470954589546,0.643973112106,-0.76358538866
0.671933293343,0.0375357158482,0.955514431,-0.00543744023889,-0.047254819423,0.643203318119,-0.764216482639
0.670557081699,0.0389168262482,0.955041468143,-0.00280920462683,-0.0503265485168,0.641018807888,-0.76586830616
0.670802772045,0.0402078032494,0.954834997654,-0.00159172725398,-0.0507148690522,0.640029728413,-0.766673028469
0.671095490456,0.0414787456393,0.954677164555,-0.00273373606615,-0.0514323748648,0.638916492462,-0.767549932003
0.672071397305,0.0428459793329,0.954523086548,-0.00264503527433,-0.0502466410398,0.638860762119,-0.767675280571
0.672343552113,0.0440920442343,0.95437258482,-0.00227497611195,-0.0508304536343,0.638537347317,-0.76790702343
0.672312021255,0.0451838448644,0.954330205917,-0.00103593990207,-0.0514829754829,0.6368278265,-0.769284725189
0.672698140144,0.0465318709612,0.954077601433,-0.00194641272537,-0.0515090338886,0.636663019657,-0.769417464733
0.672818601131,0.0477181524038,0.953911840916,-0.00144355196971,-0.0524944067001,0.63518601656,-0.770571887493
0.67303943634,0.048813123256,0.953769683838,-0.000431416759966,-0.0526767894626,0.634538650513,-0.771093904972
0.673473536968,0.0501012653112,0.953463196754,-0.00109861185774,-0.0530158281326,0.633810400963,-0.771668672562
0.673738121986,0.0512344911695,0.953241467476,-0.00133263645694,-0.0534319095314,0.633111000061,-0.772213459015
0.673934578896,0.0522764995694,0.953001260757,-0.00101341004483,-0.0536081269383,0.632397711277,-0.772786080837
0.674228131771,0.0533282235265,0.952758908272,0.000391942739952,-0.0538634210825,0.631968259811,-0.773120164871
0.674362421036,0.0544275529683,0.952558040619,-0.0005021438119,-0.054226115346,0.631436169147,-0.773529350758
0.674646675587,0.0554083362222,0.952312111855,-0.000337119650794,-0.0543744005263,0.631029844284,-0.773850560188
0.674753963947,0.0563876070082,0.952063500881,-9.3017340987e-05,-0.0547936931252,0.630472302437,-0.774275422096
0.674961686134,0.0573306456208,0.951828718185,-7.21241813153e-05,-0.0548995509744,0.630082428455,-0.774585127831
0.675368607044,0.0583447106183,0.951510846615,-0.000163849748787,-0.0545692816377,0.630045294762,-0.774638772011
0.675612568855,0.0592888370156,0.951254606247,-0.000348788540578,-0.0545429326594,0.629702687263,-0.774918973446
0.675750851631,0.0600967146456,0.951089203358,-7.64866927057e-05,-0.0550353266299,0.629326164722,-0.77519005537
0.675865292549,0.0609939321876,0.950874626637,0.000461948366137,-0.0550789684057,0.629204452038,-0.775285661221
0.676026940346,0.0618501156569,0.950657725334,0.000610327697359,-0.0550651997328,0.629057586193,-0.775405704975
0.676159143448,0.0626862421632,0.950474858284,0.000592353520915,-0.0553271099925,0.628749608994,-0.775636851788
0.676235556602,0.0634385794401,0.950355172157,0.000525510404259,-0.0551741011441,0.62857234478,-0.775791466236
0.676333189011,0.0642351731658,0.950184047222,0.000642727361992,-0.0557713732123,0.628415346146,-0.775875866413
0.676592648029,0.0650695264339,0.949977397919,0.000904806074686,-0.0552824623883,0.628530919552,-0.775816977024
0.676614642143,0.0657655894756,0.949916660786,0.00120835797861,-0.0549896620214,0.62853038311,-0.775837779045
0.676626384258,0.0663748458028,0.949898302555,0.00150344124995,-0.0548692941666,0.628459870815,-0.775902867317
0.676593661308,0.0670573636889,0.949980914593,0.00169272825588,-0.0548889040947,0.628345489502,-0.775993824005
0.676647186279,0.0678213089705,0.949977397919,0.00175140518695,-0.0548125915229,0.628154039383,-0.77615404129
0.676485896111,0.0683843269944,0.950177013874,0.00225935876369,-0.0546665415168,0.628063797951,-0.776236057281
0.676188111305,0.0689496025443,0.950399875641,0.00299011846073,-0.0554347224534,0.627784371376,-0.776405096054
0.675969064236,0.0694883018732,0.950581550598,0.00319597357884,-0.0559085085988,0.627451062202,-0.776639699936
0.675995111465,0.0702168121934,0.950621545315,0.00334344641306,-0.0555764771998,0.627510547638,-0.776614904404
0.675858199596,0.0707983896136,0.950764000416,0.00372989429161,-0.0556811355054,0.627320051193,-0.776759505272
0.675694167614,0.0712286531925,0.951050341129,0.00446868781,-0.0555892288685,0.627079308033,-0.776956558228
0.675292491913,0.0717495828867,0.951199948788,0.00537506584078,-0.0562583915889,0.62696325779,-0.776996314526
0.674936532974,0.0722141489387,0.951311349869,0.00637664133683,-0.0565001703799,0.626772403717,-0.777125120163
0.674385845661,0.0726924091578,0.951531052589,0.00799399148673,-0.0577186234295,0.626180291176,-0.777497887611
0.67400765419,0.0730905905366,0.951758742332,0.00839236937463,-0.0584549531341,0.625938713551,-0.77763324976
0.673610448837,0.0735092312098,0.951897263527,0.0071862260811,-0.0581412538886,0.626064002514,-0.777567923069
0.673283338547,0.0739781931043,0.951976418495,0.0100679984316,-0.0588158890605,0.625960946083,-0.777568161488
0.673277914524,0.0745635032654,0.951943993568,0.0101925991476,-0.0592371560633,0.62598580122,-0.777514576912
0.673133552074,0.0751392990351,0.951931536198,0.0103837568313,-0.0590727813542,0.625951588154,-0.777552127838
0.672893941402,0.0756275579333,0.951863050461,0.0131596513093,-0.0623891539872,0.625023782253,-0.777997255325
0.672770738602,0.0760412588716,0.951833724976,0.0122402841225,-0.0597085766494,0.625545024872,-0.777803659439
0.672605872154,0.0765578821301,0.951682627201,0.0128908092156,-0.0598485916853,0.625576019287,-0.777757465839
0.672421872616,0.0771010294557,0.951551795006,0.0135012315586,-0.0608641915023,0.625319004059,-0.777875006199
0.672345995903,0.077659226954,0.951373100281,0.0135966623202,-0.0612181909382,0.625287055969,-0.777871251106
0.672178387642,0.0781967863441,0.951163828373,0.0134440828115,-0.061738088727,0.625388264656,-0.777751386166
0.672038316727,0.0787233635783,0.950936317444,0.0137767549604,-0.0621975399554,0.625401377678,-0.777698397636
0.672124624252,0.0793264508247,0.95062816143,0.0137023730204,-0.0623685456812,0.625595510006,-0.777529895306
0.672055840492,0.079858392477,0.95036226511,0.0141689227894,-0.0626970827579,0.625712871552,-0.77740073204
0.671931624413,0.0803411230445,0.95009380579,0.0145843839273,-0.0628383681178,0.625690460205,-0.777399659157
0.671891927719,0.0808097496629,0.949812650681,0.014831610024,-0.0633060410619,0.62583398819,-0.77724146843
0.671795189381,0.0813024714589,0.949608981609,0.0150159699842,-0.0636410266161,0.625814437866,-0.777226269245
0.671792149544,0.0818632394075,0.949324011803,0.0154765695333,-0.0639616176486,0.62585657835,-0.777157008648
0.67162835598,0.0822333842516,0.94917267561,0.0163360796869,-0.0653082802892,0.625492334366,-0.777320683002
0.671235084534,0.082539640367,0.949105381966,0.017620652914,-0.0660621672869,0.62531298399,-0.77737313509
0.671038389206,0.0829342082143,0.948942959309,0.0182159934193,-0.0666192993522,0.625161588192,-0.777433753014
0.67083889246,0.0832645148039,0.948820233345,0.0189853999764,-0.0667514055967,0.625114262104,-0.777441978455
0.670680582523,0.0836391896009,0.948668479919,0.0176014900208,-0.0672890841961,0.624285578728,-0.778093755245
0.670570135117,0.0839875340462,0.948579311371,0.0179478675127,-0.0679256021976,0.624375760555,-0.777958214283
0.670495450497,0.0844259560108,0.948433697224,0.0189087372273,-0.0686528012156,0.624878585339,-0.777467668056
0.670395433903,0.0847635641694,0.948347151279,0.0193921327591,-0.0688759088516,0.624935984612,-0.777390003204
0.670272827148,0.0850354507565,0.948299646378,0.0199067238718,-0.0687939673662,0.625184297562,-0.777184486389
0.67014580965,0.0853578001261,0.948234856129,0.0202508959919,-0.0693435966969,0.625178337097,-0.77713149786
0.67001748085,0.0855953842402,0.948234021664,0.0208797082305,-0.0698273181915,0.625187516212,-0.777064263821
0.66990840435,0.0858018398285,0.948239266872,0.021051524207,-0.0702369064093,0.625387430191,-0.776861786842
0.66982460022,0.0860810130835,0.948150277138,0.0216258876026,-0.0702564120293,0.625534296036,-0.776725888252
0.669792056084,0.0863308012486,0.948129177094,0.0220207460225,-0.070395052433,0.625623881817,-0.776630163193
0.669756233692,0.0865344256163,0.948158800602,0.0222479850054,-0.0704323574901,0.625772714615,-0.776500463486
0.669776797295,0.0867723077536,0.948141336441,0.0222826842219,-0.0704252943397,0.625972747803,-0.776338815689
0.669565439224,0.0869098678231,0.948229908943,0.023304482922,-0.0704322233796,0.625883102417,-0.776380479336
0.670150876045,0.0872480645776,0.947758495808,0.0224151499569,-0.0692637935281,0.626349687576,-0.776135444641
0.669511795044,0.0872171521187,0.948292136192,0.0239562559873,-0.0702052637935,0.626082956791,-0.776220023632
0.669452309608,0.0873168185353,0.948378324509,0.0249031726271,-0.0698331743479,0.626393198967,-0.775973379612
0.669461607933,0.0874204114079,0.948417842388,0.0243946854025,-0.0699244514108,0.626381993294,-0.77599042654
0.669458448887,0.0874986052513,0.948459684849,0.0245919469744,-0.0700734257698,0.626464366913,-0.775904238224
0.669469237328,0.08756185323,0.948482215405,0.0248008910567,-0.0697858557105,0.62668389082,-0.775746285915
0.669507622719,0.0876297801733,0.948511719704,0.0249227751046,-0.0700139403343,0.62671238184,-0.775698721409
0.669514358044,0.0876711010933,0.948564529419,0.0251121167094,-0.0699773579836,0.626892387867,-0.775550603867
0.669559180737,0.0877306014299,0.948580622673,0.0251935701817,-0.0697465911508,0.627085328102,-0.775412559509
0.669626712799,0.0877873599529,0.948602557182,0.0252234842628,-0.0695733502507,0.627331912518,-0.77522778511
0.669708311558,0.0878337472677,0.948608338833,0.0250944476575,-0.0691064223647,0.627628028393,-0.775034070015
0.66931194067,0.0875361561775,0.949031054974,0.0265099164099,-0.0695012137294,0.62751698494,-0.775041520596
0.669384837151,0.0875686705112,0.949044048786,0.0266606193036,-0.0693068876863,0.627706587315,-0.774900197983
0.669460833073,0.0876098200679,0.949066162109,0.0268538948148,-0.0690330341458,0.628036379814,-0.774650633335
0.669539749622,0.0876451730728,0.949081420898,0.0268122255802,-0.0687262713909,0.628403961658,-0.77438133955
0.669640362263,0.0876767933369,0.949109077454,0.0270846933126,-0.0678584724665,0.628802537918,-0.77412468195
0.669754564762,0.0877272337675,0.949158430099,0.0268900319934,-0.0674299746752,0.629286885262,-0.773775339127
0.669850766659,0.0877801924944,0.949210226536,0.0267988424748,-0.0668174549937,0.629832029343,-0.773387908936
0.670481562614,0.0882031172514,0.948818206787,0.0254325661808,-0.0661485791206,0.630763947964,-0.772731721401
0.670071005821,0.0879019424319,0.949249982834,0.0266947560012,-0.0662889182568,0.630830645561,-0.772622764111
0.670165836811,0.0879447683692,0.949296236038,0.0264316350222,-0.0658614188433,0.63143658638,-0.77217322588
0.670244395733,0.0879727005959,0.949332773685,0.0260120835155,-0.065913669765,0.631828546524,-0.771862387657
0.670409202576,0.0882431492209,0.949302434921,0.0252845808864,-0.0658609271049,0.632454574108,-0.771378159523
0.670481085777,0.0883049815893,0.949389457703,0.0250991564244,-0.0652866587043,0.633187770844,-0.770831346512
0.6705545187,0.088368371129,0.949454188347,0.0248768925667,-0.0651654824615,0.633681237698,-0.77044314146
0.670505940914,0.0884738266468,0.949433922768,0.0246562492102,-0.0651902630925,0.634280443192,-0.76995497942
0.670610547066,0.0885066688061,0.949515998363,0.0243676193058,-0.0646757930517,0.634901225567,-0.769495725632
0.670874357224,0.0882154554129,0.949753284454,0.0250429753214,-0.063407368958,0.635693252087,-0.7689255476
0.671498596668,0.0886059775949,0.949448227882,0.0231951512396,-0.0625729635358,0.636760890484,-0.768168151379
0.671597838402,0.0886209234595,0.949513733387,0.0229430329055,-0.061944052577,0.637386500835,-0.767707705498
0.671655297279,0.0886556431651,0.949563503265,0.0226124487817,-0.0619816221297,0.637905180454,-0.767283558846
0.67175412178,0.0886655449867,0.94962990284,0.0223665945232,-0.061675414443,0.638455092907,-0.766857922077
0.671335875988,0.0883145704865,0.950049817562,0.0225116927177,-0.0616984590888,0.638402283192,-0.766895771027
0.671557605267,0.0884823873639,0.950076282024,0.0210465230048,-0.0619644932449,0.638912022114,-0.766491293907
0.67173743248,0.0884387865663,0.950174927711,0.0214206315577,-0.0613688491285,0.639468550682,-0.76606464386
0.671743035316,0.0884786471725,0.950114786625,0.0213123429567,-0.0611865073442,0.640072643757,-0.765577495098
0.671745657921,0.0882470831275,0.950164616108,0.020918097347,-0.0609984137118,0.640273869038,-0.765435159206
0.672409296036,0.0885331183672,0.949838876724,0.0203057993203,-0.0602166652679,0.64137750864,-0.764589190483
0.672011852264,0.0881619602442,0.950174510479,0.0221676249057,-0.060383733362,0.64148914814,-0.764430642128
0.672585308552,0.0885074064136,0.949770092964,0.0198041275144,-0.0599717982113,0.642152369022,-0.763970971107
0.672671973705,0.0885095670819,0.949736177921,0.0186534374952,-0.0596976615489,0.642238020897,-0.763949334621
0.672729253769,0.0885164216161,0.949759304523,0.0184520184994,-0.0596533603966,0.642516970634,-0.76372307539
0.672259449959,0.0881501808763,0.950155258179,0.0208022203296,-0.0601474791765,0.642679333687,-0.76348733902
0.67240023613,0.0883796736598,0.950083255768,0.0200349837542,-0.0604873485863,0.643106222153,-0.76312148571
0.672315299511,0.0881467759609,0.950106501579,0.0206106267869,-0.0600480213761,0.643447339535,-0.762853264809
0.672338008881,0.088148213923,0.950116455555,0.0204653311521,-0.059974886477,0.643833816051,-0.76253670454
0.672346055508,0.0881486311555,0.950127601624,0.0194003749639,-0.0601222254336,0.643813848495,-0.762569844723
0.672349393368,0.0881589055061,0.950137257576,0.0192345902324,-0.0601729266346,0.644218325615,-0.762228310108
0.67234826088,0.0881740376353,0.950157046318,0.0190994907171,-0.0602126829326,0.644594490528,-0.761910498142
0.672315597534,0.0882107838988,0.950182080269,0.0222977008671,-0.0618803016841,0.64485257864,-0.761471450329
0.672291338444,0.0882377699018,0.950202286243,0.0218390636146,-0.0619389303029,0.645239055157,-0.761152565479
0.672260522842,0.0882595330477,0.950221538544,0.0213105455041,-0.062220826745,0.645596265793,-0.760841608047
0.672219991684,0.0882892385125,0.950230836868,0.0205489955842,-0.0626231506467,0.645960867405,-0.760519981384
0.672179579735,0.0883287861943,0.950248539448,0.0204156152904,-0.0627830326557,0.646413445473,-0.760125815868
0.672133684158,0.088363699615,0.950261712074,0.0212551150471,-0.0627386644483,0.647177159786,-0.759456276894
0.672102332115,0.0883822292089,0.950250983238,0.0202029719949,-0.0630628690124,0.647271871567,-0.759377360344
0.672046899796,0.0884082466364,0.950243234634,0.0200191102922,-0.0632369667292,0.64766740799,-0.759030520916
0.67201936245,0.0884302854538,0.950226843357,0.0199826788157,-0.0630937963724,0.648215472698,-0.758575320244
0.672509431839,0.088852122426,0.949823856354,0.018180930987,-0.0627412647009,0.64911532402,-0.757880151272
0.672468900681,0.0888679027557,0.949817359447,0.0179966986179,-0.0626785084605,0.649595320225,-0.757478296757
0.672419190407,0.0888803452253,0.949811279774,0.0179923027754,-0.062594242394,0.649960160255,-0.75717240572
0.672380447388,0.0888887122273,0.949809908867,0.0180214382708,-0.0624800175428,0.650301337242,-0.756888210773
0.672322452068,0.0888866484165,0.949817895889,0.0181984547526,-0.0623606182635,0.650550246239,-0.75667989254
0.671783387661,0.0887544453144,0.950079321861,0.0189199708402,-0.0629465132952,0.650717139244,-0.756470024586
0.671724438667,0.0887562334538,0.950100064278,0.0190173219889,-0.0627697557211,0.651057243347,-0.756189644337
0.671646416187,0.088759355247,0.95011973381,0.0192570891231,-0.0627155601978,0.651424884796,-0.755871415138
0.671543598175,0.0887497514486,0.950151324272,0.02047999762,-0.0624989457428,0.651934862137,-0.755417466164
0.67145127058,0.0887339636683,0.950183331966,0.0201560501009,-0.0623197443783,0.652228415012,-0.755187451839
0.671387374401,0.0887586995959,0.950239419937,0.0203493982553,-0.0627275779843,0.652119100094,-0.755242884159
0.671330332756,0.0887587815523,0.950244784355,0.0190504584461,-0.0629395022988,0.652302324772,-0.7551009655
0.671253442764,0.0887497067451,0.950288534164,0.0189189035445,-0.0622013583779,0.652962088585,-0.75459498167
0.671123981476,0.0885117948055,0.950437664986,0.0192043501884,-0.0620454214513,0.653017282486,-0.754552781582
0.671056687832,0.0885125100613,0.950461685658,0.0192828699946,-0.062134206295,0.653352737427,-0.754253149033
0.670982897282,0.0884926691651,0.950494766235,0.0200250390917,-0.0619240440428,0.653825998306,-0.753840863705
0.670904755592,0.0884874165058,0.950535416603,0.0179905816913,-0.0619540736079,0.653981029987,-0.75375521183
0.670816838741,0.0884690433741,0.950576066971,0.0189574416727,-0.0621915869415,0.653779566288,-0.753886699677
0.670717000961,0.0884548425674,0.950625479221,0.0188404321671,-0.0621767155826,0.6540158391,-0.753685951233
0.670631408691,0.0884117558599,0.950666725636,0.0179908219725,-0.0620671287179,0.654416799545,-0.753367543221
0.670529842377,0.0883748531342,0.950713217258,0.0180968530476,-0.0619355365634,0.654747903347,-0.753088057041
0.670375645161,0.0883207023144,0.950747728348,0.0182555839419,-0.0618260130286,0.655091762543,-0.752794206142
0.670832753181,0.0886540859938,0.950481832027,0.0173328462988,-0.0605738125741,0.656331241131,-0.751837551594
0.670028328896,0.0882517248392,0.950896084309,0.017906581983,-0.0613696351647,0.655718505383,-0.752294123173
0.669911563396,0.0881885662675,0.950961470604,0.0179574396461,-0.0613593757153,0.65574747324,-0.752268433571
0.669786214828,0.0881607830524,0.951007664204,0.0188288670033,-0.0611842274666,0.65542536974,-0.752542197704
0.66966855526,0.0881238430738,0.951035559177,0.0187777206302,-0.0613215714693,0.655348300934,-0.752599298954
0.669564664364,0.0880878418684,0.951071977615,0.0184490550309,-0.060950499028,0.655681312084,-0.75234746933
0.669439554214,0.0880556255579,0.951109707355,0.0186529569328,-0.0608697831631,0.655551552773,-0.752462148666
0.669305443764,0.0880446732044,0.95112067461,0.0185690391809,-0.0610797591507,0.655534982681,-0.75246155262
0.669212698936,0.0879727900028,0.951197147369,0.0185145009309,-0.0607137419283,0.655538022518,-0.752489864826
0.669097363949,0.0879554599524,0.951232254505,0.0183274354786,-0.0605059638619,0.655621111393,-0.75243884325
0.668985843658,0.0879403725266,0.951293110847,0.0183691866696,-0.0603523366153,0.655616104603,-0.752454400063
0.668814778328,0.087917111814,0.951344251633,0.0186703857034,-0.0598710142076,0.655659854412,-0.752447426319
0.66869199276,0.0878959670663,0.951412796974,0.0188147220761,-0.0596163645387,0.655609190464,-0.752508163452
0.668551087379,0.0878906026483,0.951477825642,0.019376039505,-0.0589704252779,0.655593931675,-0.75255805254
0.668411850929,0.0878740921617,0.951566457748,0.0193742606789,-0.0587194152176,0.655627191067,-0.75254881382
0.66815829277,0.0878555774689,0.951618611813,0.0204133912921,-0.058380164206,0.655904948711,-0.752305626869
0.66802418232,0.0878488719463,0.951678693295,0.0193753503263,-0.0579064451158,0.655635893345,-0.752604186535
0.667876720428,0.0878953412175,0.951727330685,0.0192146003246,-0.0576897636056,0.655630528927,-0.752629697323
0.667706131935,0.0878976583481,0.951760530472,0.0189988166094,-0.0573903024197,0.655595839024,-0.752688229084
0.667561292648,0.087890163064,0.951802015305,0.0192299708724,-0.0567440539598,0.656099379063,-0.752292513847
0.667420327663,0.0878880620003,0.95184648037,0.0193889960647,-0.0565516017377,0.655836760998,-0.752531766891
0.667267560959,0.0878799781203,0.951892375946,0.0192971304059,-0.0560869276524,0.655811131001,-0.752591311932
0.667142808437,0.0878723934293,0.951931238174,0.0182417761534,-0.0557765327394,0.655419528484,-0.752981722355
0.667002737522,0.0878722071648,0.951948881149,0.0180578492582,-0.0552493296564,0.655343532562,-0.753091216087
0.666862666607,0.0878640711308,0.951942801476,0.0194134321064,-0.0538693480194,0.65594637394,-0.752632498741
0.666690349579,0.0878631100059,0.951938688755,0.0177098829299,-0.0541009381413,0.655138194561,-0.753361463547
0.666454017162,0.087883234024,0.951939880848,0.0191056262702,-0.053463909775,0.655294239521,-0.753237068653
0.66629576683,0.0879191830754,0.951924920082,0.019020633772,-0.0530498437583,0.655169785023,-0.75337678194
0.666153311729,0.0879653766751,0.951921820641,0.0176669843495,-0.0530641824007,0.654594659805,-0.753908514977
0.666024684906,0.0880151614547,0.951897084713,0.0178551860154,-0.0526447594166,0.654484927654,-0.75402867794
0.665891885757,0.0880690142512,0.951865494251,0.0183622632176,-0.052045520395,0.654231488705,-0.754278063774
0.665766060352,0.0881443545222,0.951833367348,0.0184991434216,-0.051452152431,0.654178023338,-0.754361748695
0.665611445904,0.0882279202342,0.951767861843,0.0179308298975,-0.0516397804022,0.653959989548,-0.754551649094
0.665494263172,0.0883064717054,0.951706826687,0.0179788805544,-0.0514717437327,0.653760910034,-0.754734516144
0.665380358696,0.0883876606822,0.951647341251,0.0179641321301,-0.0513534024358,0.653550863266,-0.754924714565
0.665267944336,0.0884700268507,0.951583266258,0.0175545457751,-0.0515118427575,0.653258800507,-0.755176305771
0.665658652782,0.0888822823763,0.951172888279,0.016777722165,-0.050642285496,0.653480112553,-0.75506144762
0.66493088007,0.0885995328426,0.951429009438,0.0178293194622,-0.0513369962573,0.652742981911,-0.75562775135
0.664823889732,0.0886895209551,0.951360464096,0.0183191485703,-0.0513654835522,0.652678966522,-0.755669295788
0.664699137211,0.0888181626797,0.95125746727,0.0191826410592,-0.0512318983674,0.652780056,-0.755569756031
0.665188014507,0.0892705917358,0.950846910477,0.0175350997597,-0.0505370683968,0.652890563011,-0.755561053753
0.664525210857,0.0890555903316,0.951110541821,0.0188409369439,-0.0512885637581,0.652312278748,-0.755978345871
0.664459705353,0.0891136452556,0.951087534428,0.0183723494411,-0.0516056530178,0.652075529099,-0.756172478199
0.664304673672,0.0892494395375,0.95099312067,0.0180725585669,-0.0518606677651,0.651872217655,-0.756337583065
0.664178967476,0.0893517583609,0.950937628746,0.0179437510669,-0.0520981401205,0.651710391045,-0.756463766098
0.663933813572,0.0894878134131,0.950794816017,0.0179831329733,-0.052595321089,0.651665747166,-0.75646686554
0.663779079914,0.0896126776934,0.950730681419,0.0183156058192,-0.0528550818563,0.65141749382,-0.756654560566
0.663652658463,0.0897048860788,0.950679302216,0.0182449221611,-0.0531425960362,0.651287972927,-0.756747663021
0.663445591927,0.0897846445441,0.950659036636,0.0183157529682,-0.0535246767104,0.651123285294,-0.756860613823
0.663325130939,0.0898737236857,0.950622916222,0.0175457429141,-0.0538482740521,0.651115715504,-0.756862580776
0.663170039654,0.0899432897568,0.950570881367,0.0173285603523,-0.0537871681154,0.65127158165,-0.75673776865
0.66302382946,0.0900275632739,0.95053088665,0.0173286478966,-0.0540470965207,0.651117563248,-0.756851732731
0.66287446022,0.090129584074,0.950498640537,0.0173882879317,-0.0543290413916,0.650807738304,-0.757096707821
0.662762343884,0.0901752263308,0.950470030308,0.0163709186018,-0.0537974610925,0.650606393814,-0.757330298424
0.66264551878,0.0902271270752,0.950451672077,0.0179734602571,-0.0536687150598,0.650704443455,-0.757218956947
0.662499070168,0.0903054326773,0.950426220894,0.0179497208446,-0.0537779442966,0.65064650774,-0.757261514664
0.662378787994,0.0903520509601,0.950420975685,0.0173855815083,-0.0536866150796,0.650882363319,-0.7570784688
0.662222445011,0.0904289856553,0.950383782387,0.0176432989538,-0.0538817457855,0.650551319122,-0.757343053818
0.662030279636,0.0904516652226,0.950383722782,0.0172378476709,-0.054070379585,0.650706529617,-0.757205605507
0.66197770834,0.0904358699918,0.950458168983,0.0165350958705,-0.053926281631,0.650281906128,-0.757596194744
0.661782264709,0.0905455648899,0.950381875038,0.01651436463,-0.0541198290884,0.650358498096,-0.757517158985
0.661732852459,0.0905091241002,0.950445413589,0.0165602043271,-0.0539384521544,0.650210738182,-0.757655858994
0.661664307117,0.090762808919,0.950287461281,0.0160903818905,-0.0541984885931,0.650244295597,-0.7576187253
0.66149276495,0.0905382633209,0.95042681694,0.0166520457715,-0.0540151521564,0.650067031384,-0.757771730423
0.661359786987,0.0908505544066,0.950202226639,0.0161825921386,-0.0544275790453,0.650161385536,-0.757671415806
0.661317765713,0.0907818600535,0.950297296047,0.0162333641201,-0.0542091056705,0.650017619133,-0.757809340954
0.661068499088,0.0906186625361,0.95037394762,0.0177392344922,-0.0541317462921,0.650162041187,-0.7576572299
0.660912871361,0.0906117707491,0.950342833996,0.0178473591805,-0.0541788227856,0.650073289871,-0.757727444172
0.660797894001,0.0906113833189,0.950338482857,0.0169743429869,-0.0542446747422,0.649612545967,-0.758137762547
0.660800337791,0.0908231735229,0.950265645981,0.0161531772465,-0.0545257367194,0.649524927139,-0.758210718632
0.660705447197,0.0908113569021,0.950257301331,0.0165706630796,-0.0544465258718,0.649509191513,-0.758220791817
0.660498857498,0.0905891433358,0.950287520885,0.0171259343624,-0.0543347485363,0.649270832539,-0.758420705795
0.660314261913,0.0905526429415,0.950283110142,0.0173360109329,-0.0544670410454,0.649060606956,-0.758586287498
0.660245418549,0.0905399993062,0.950283169746,0.0173791963607,-0.0541492961347,0.648685753345,-0.758928596973
0.660176575184,0.0905099734664,0.950271129608,0.0173006169498,-0.0539848655462,0.648638963699,-0.758982181549
0.660103499889,0.0904689654708,0.950249671936,0.0180902332067,-0.0537273734808,0.648664832115,-0.758959949017
0.660112202168,0.0903723761439,0.950311779976,0.0181310568005,-0.0534084513783,0.648367762566,-0.759235262871
0.66003960371,0.0905979648232,0.950187981129,0.017457773909,-0.0536751411855,0.648449957371,-0.759162008762
0.659964025021,0.0905593931675,0.950177311897,0.0169671736658,-0.0537328831851,0.648257374763,-0.759333372116
0.659970641136,0.0904651880264,0.95027166605,0.0172488465905,-0.0532506965101,0.648021876812,-0.759562134743
0.659774661064,0.090179502964,0.950381815434,0.0183145366609,-0.053042717278,0.647426366806,-0.760059297085
0.659706830978,0.0901326462626,0.950371086597,0.017928050831,-0.0532124750316,0.64731991291,-0.760147333145
0.659644305706,0.0900807455182,0.950376987457,0.0179726872593,-0.0530341304839,0.647134423256,-0.76031678915
0.659583568573,0.0900553017855,0.950381159782,0.0179416760802,-0.0529228672385,0.64698857069,-0.760449230671
0.65958070755,0.0901836752892,0.950323700905,0.0163939893246,-0.0529607757926,0.64667737484,-0.760746181011
0.659506499767,0.0901110321283,0.950341701508,0.0164847392589,-0.0528095401824,0.646572947502,-0.760843515396
0.659411907196,0.0900339558721,0.950315117836,0.0163846779615,-0.0524430200458,0.646523475647,-0.760913074017
0.659348905087,0.0899820849299,0.950312018394,0.016423381865,-0.0521957911551,0.646436035633,-0.761003553867
0.659285783768,0.089924454689,0.950305998325,0.0165130347013,-0.051989685744,0.6462007761,-0.76121544838
0.659137904644,0.0898562446237,0.950312316418,0.0171117149293,-0.0515874400735,0.646044194698,-0.761362552643
0.65906059742,0.0898097008467,0.950306177139,0.0172673705965,-0.0514461733401,0.645815551281,-0.761562466621
0.65899014473,0.0897433012724,0.950299501419,0.0162652153522,-0.0524436831474,0.645865559578,-0.761474072933
0.658829092979,0.0897119045258,0.95012229681,0.0163951963186,-0.0526294074953,0.645734190941,-0.761569917202
0.658763051033,0.0896434262395,0.950123906136,0.0164121706039,-0.0522662959993,0.645695626736,-0.761627197266
0.658649086952,0.0893527120352,0.950304806232,0.0169950835407,-0.0518895313144,0.645598053932,-0.761723041534
0.658575952053,0.0892718359828,0.950305104256,0.0171176139265,-0.0515467002988,0.645609915257,-0.761733531952
0.658527433872,0.0891814380884,0.950322508812,0.0171186812222,-0.0510934330523,0.645764350891,-0.761633038521
0.658452749252,0.0890837088227,0.95031440258,0.0171356406063,-0.0509146861732,0.645818889141,-0.761598408222
0.658394634724,0.0890089049935,0.950314998627,0.0179327372462,-0.0504543669522,0.64701718092,-0.760592997074
0.658412694931,0.0888805612922,0.950404465199,0.0178691931069,-0.0501150786877,0.647015333176,-0.760618388653
0.65827947855,0.088842920959,0.950320482254,0.01710588485,-0.0499464645982,0.646392285824,-0.761176586151
0.658248126507,0.0887356624007,0.950335860252,0.0171253029257,-0.049546584487,0.646588265896,-0.761035919189
0.658134460449,0.0886316597462,0.950338840485,0.0174349267036,-0.0498665869236,0.646384298801,-0.761181235313
0.658066987991,0.0885435789824,0.950332641602,0.016811253503,-0.0502283535898,0.646354854107,-0.761196434498
0.657999277115,0.0884554386139,0.950324296951,0.0168835967779,-0.0500961653888,0.646663606167,-0.760941267014
0.657922804356,0.0883892998099,0.950320720673,0.0166716948152,-0.0502056479454,0.646767735481,-0.760850191116
0.657908260822,0.0884646773338,0.950236439705,0.016324236989,-0.0502776391804,0.647024989128,-0.760634183884
0.657775759697,0.0882325693965,0.950291335583,0.0167606920004,-0.0500856637955,0.647170722485,-0.760513424873
0.657696068287,0.0881455168128,0.9502825737,0.0168155021966,-0.0500727631152,0.647389054298,-0.760327279568
0.657623052597,0.0880203023553,0.950240015984,0.0165257900953,-0.0495069548488,0.647983968258,-0.759863674641
0.657545208931,0.0879372358322,0.950228452682,0.0167976971716,-0.0498252622783,0.647865772247,-0.759937703609
0.657456755638,0.0878488048911,0.950274407864,0.0166602917016,-0.0497771091759,0.648194611073,-0.759663403034
0.657394349575,0.0877424329519,0.950276136398,0.0164400469512,-0.0496438704431,0.648789465427,-0.759168863297
0.657330393791,0.0876623541117,0.950256109238,0.0149968555197,-0.0506003759801,0.64945268631,-0.758568406105
0.657283902168,0.0875385627151,0.950219750404,0.0150482263416,-0.0505026653409,0.649829030037,-0.758251547813
0.65716356039,0.0874448493123,0.950190186501,0.014986009337,-0.0505004264414,0.650473594666,-0.757699966431
0.657059073448,0.087388895452,0.950133800507,0.0149609521031,-0.0506606921554,0.650896251202,-0.757326841354
0.656975924969,0.0873133316636,0.950111269951,0.0165068451315,-0.0499413348734,0.650651097298,-0.757553040981
0.656904697418,0.087240435183,0.950058162212,0.0164466593415,-0.0500160492957,0.651050269604,-0.757206380367
0.656832098961,0.0871364101768,0.950004041195,0.016199933365,-0.0500539988279,0.651624381542,-0.75671517849
0.656750738621,0.0870485678315,0.949964463711,0.0181508194655,-0.0491795949638,0.652241826057,-0.756196081638
0.656646847725,0.086943872273,0.94988077879,0.0181260537356,-0.0494137369096,0.652631521225,-0.755845189095
0.656656146049,0.0870453715324,0.949706792831,0.0175350401551,-0.0504043065012,0.652931153774,-0.755534827709
0.656691968441,0.0868987068534,0.949730455875,0.0169515199959,-0.0502008870244,0.65362906456,-0.754957973957
0.656592309475,0.0868427380919,0.949659466743,0.0167997200042,-0.0503776073456,0.654051482677,-0.754583716393
0.656534254551,0.0867467075586,0.949622988701,0.0168088953942,-0.0497868731618,0.65459883213,-0.754147946835
0.656309068203,0.0866956934333,0.949488341808,0.0168837830424,-0.0503062792122,0.655097723007,-0.753678500652
0.656218230724,0.0866318792105,0.949451327324,0.0168035700917,-0.0511429011822,0.655361890793,-0.753394246101
0.656119167805,0.0865230038762,0.949374198914,0.0179436206818,-0.0511027127504,0.655431449413,-0.753310143948
0.65604275465,0.0863921865821,0.949355781078,0.0175872389227,-0.0512956567109,0.65590441227,-0.752893686295
0.655972778797,0.0862890034914,0.949310719967,0.0175498276949,-0.0515414811671,0.656169116497,-0.752647042274
0.655852138996,0.0861686617136,0.949227869511,0.0177152976394,-0.0518221482635,0.656474649906,-0.752357423306
0.655808866024,0.0860498696566,0.949319660664,0.0177211798728,-0.0520630069077,0.656809091568,-0.75204873085
0.655673921108,0.0859098285437,0.9491533041,0.0178808942437,-0.0526254363358,0.656954824924,-0.751878559589
0.655583739281,0.0857793241739,0.949114084244,0.0176441241056,-0.052692797035,0.657540142536,-0.751367509365
0.655448555946,0.0856426507235,0.949075996876,0.0165676530451,-0.0535795800388,0.657515704632,-0.751350700855
0.655321598053,0.0855015441775,0.949046194553,0.0167096983641,-0.0536819510162,0.65761578083,-0.751252651215
0.655147016048,0.0851252824068,0.949187099934,0.0173589829355,-0.0537755526602,0.657720923424,-0.751139163971
0.655023515224,0.0849788039923,0.949138402939,0.0173731353134,-0.0543135106564,0.657769501209,-0.751057684422
0.654920637608,0.0847793892026,0.949117779732,0.0190178118646,-0.054155305028,0.658124387264,-0.75071823597
0.654800951481,0.0846139714122,0.949099600315,0.0179066173732,-0.0543824546039,0.65819978714,-0.750663101673
0.654751002789,0.0846355035901,0.949002623558,0.0177149940282,-0.0548670366406,0.658488988876,-0.750378608704
0.65465003252,0.0844358429313,0.948989152908,0.0176514238119,-0.0554158650339,0.658713161945,-0.750142991543
0.654458582401,0.0842895954847,0.948960542679,0.0181346274912,-0.055866021663,0.658919036388,-0.749917209148
0.654312252998,0.0840607434511,0.948972225189,0.0197824984789,-0.0557911545038,0.659335970879,-0.749514579773
0.65403842926,0.0836341232061,0.948988735676,0.0198139641434,-0.0562529563904,0.658695280552,-0.750042498112
0.653875768185,0.0834459513426,0.948922932148,0.0190659761429,-0.0571895726025,0.65890789032,-0.749804258347
0.653734326363,0.0832946002483,0.94884544611,0.0206498876214,-0.0567240230739,0.659315466881,-0.749439239502
0.653604030609,0.0831323340535,0.948782861233,0.020525412634,-0.0573986247182,0.659044027328,-0.74963003397
0.653502464294,0.0829696059227,0.948749423027,0.0206548068672,-0.0576799437404,0.658970654011,-0.749669253826
0.653382003307,0.0827853158116,0.948681473732,0.0208221208304,-0.0579781159759,0.658824026585,-0.749770581722
0.653268873692,0.0826198756695,0.948636889458,0.0210508797318,-0.0584806464612,0.658687114716,-0.749845445156
0.653157830238,0.0824264064431,0.948583900928,0.0211696308106,-0.0589204952121,0.658524870872,-0.749950289726
0.653078377247,0.082430973649,0.948490262032,0.019602028653,-0.059824693948,0.658394694328,-0.750035524368
0.652916610241,0.0821760892868,0.94847625494,0.0205262769014,-0.0600627362728,0.657942831516,-0.750388145447
0.652803480625,0.0819335952401,0.948464393616,0.0207017008215,-0.0604974031448,0.657568156719,-0.750676810741
0.652638554573,0.0817117244005,0.948476135731,0.0209926888347,-0.060985699296,0.657183766365,-0.750965833664
0.652492463589,0.0814891085029,0.94845610857,0.0218729674816,-0.0610562451184,0.656857192516,-0.75122064352
0.652341961861,0.0812947303057,0.948433756828,0.0215537194163,-0.0616867020726,0.656139433384,-0.751805305481
0.65207606554,0.0809004306793,0.948488116264,0.0233876686543,-0.0619337260723,0.65581703186,-0.752011477947
0.65234875679,0.0809929817915,0.948069453239,0.022130113095,-0.0616266466677,0.655752301216,-0.752131283283
0.65167760849,0.08041664958,0.948419809341,0.0224788151681,-0.0629270449281,0.654541790485,-0.753067016602
0.651533484459,0.0802000835538,0.948376953602,0.0226347465068,-0.062689550221,0.654167413712,-0.753407418728
0.651462554932,0.0801448449492,0.948313653469,0.0226812344044,-0.0631195679307,0.653962552547,-0.753548026085
0.651275396347,0.079668238759,0.948418736458,0.0243030413985,-0.0623115897179,0.654025733471,-0.753509819508
0.651223421097,0.0795723572373,0.9483756423,0.02401073277,-0.0623848848045,0.653872072697,-0.753646492958
0.650938034058,0.079062782228,0.948482751846,0.0249279048294,-0.0623472556472,0.653624534607,-0.753834545612
0.650818407536,0.0787801370025,0.948498427868,0.0251477994025,-0.0623960085213,0.653734624386,-0.753727734089
0.650920748711,0.0788604095578,0.948130488396,0.0236124619842,-0.0618787929416,0.65393614769,-0.753645181656
0.650772035122,0.0786265656352,0.94814914465,0.0233437269926,-0.0622697100043,0.654041409492,-0.753530025482
0.65026897192,0.078308224678,0.948393881321,0.0241489429027,-0.0625858977437,0.653826594353,-0.753664851189
0.650164008141,0.0777127966285,0.948595941067,0.0247193090618,-0.0620054490864,0.65372377634,-0.753783524036
0.650028884411,0.0774376317859,0.94860291481,0.0246018096805,-0.0619169957936,0.653795182705,-0.75373262167
0.649847269058,0.0771061629057,0.948646068573,0.0255543775856,-0.0617821365595,0.654126226902,-0.753424823284
0.649751245975,0.0768416598439,0.948674857616,0.0243043396622,-0.0613960959017,0.65430277586,-0.753344416618
0.649584233761,0.0765453279018,0.948705017567,0.0241515040398,-0.0613069459796,0.654254972935,-0.753398120403
0.649483799934,0.0762772113085,0.948677003384,0.0233536120504,-0.0617545545101,0.653822362423,-0.753762185574
0.649392962456,0.075973123312,0.948673307896,0.0233254134655,-0.0618934668601,0.653648495674,-0.753902435303
0.649287283421,0.0756682157516,0.948617339134,0.0243789628148,-0.0619873888791,0.653630852699,-0.753876686096
0.649220108986,0.0753873735666,0.948579549789,0.0231269989163,-0.0622127614915,0.653036892414,-0.754411995411
0.649120986462,0.0750954374671,0.948512077332,0.0222725328058,-0.0629616975784,0.652394175529,-0.754931628704
0.649068415165,0.0749628692865,0.948342502117,0.0219506621361,-0.0630172565579,0.652403175831,-0.754928588867
0.649133324623,0.074719376862,0.947953522205,0.020821146667,-0.0629904568195,0.652001678944,-0.755309522152
0.648636639118,0.07433924824,0.948148787022,0.0225789360702,-0.06264346838,0.652066469193,-0.755231976509
0.648497998714,0.0737531334162,0.948335528374,0.0231304839253,-0.0628072246909,0.65162396431,-0.755583584309
0.64840400219,0.0734259188175,0.948311626911,0.023215983063,-0.0632243975997,0.651519954205,-0.755635797977
0.648297846317,0.0731263235211,0.948276877403,0.0246241465211,-0.0637190043926,0.650769650936,-0.756196022034
0.64823192358,0.0729718059301,0.94806265831,0.02010506019,-0.0637266859412,0.650632321835,-0.756447255611
0.648116290569,0.072625413537,0.948004662991,0.0206529088318,-0.0635742470622,0.651136696339,-0.756011068821
0.648007154465,0.0722612440586,0.948006153107,0.020483519882,-0.0633763298392,0.651414692402,-0.755792796612
0.6478703022,0.0718967169523,0.948055744171,0.0197277739644,-0.063334390521,0.651258170605,-0.755951344967
0.647991716862,0.0716738700867,0.947804749012,0.0185760017484,-0.0637762993574,0.650923788548,-0.756231367588
0.647831439972,0.0713087692857,0.947820425034,0.0209331773221,-0.0641741752625,0.650811851025,-0.756232380867
0.647431373596,0.0708537623286,0.948023080826,0.0210654474795,-0.0648574084044,0.650460958481,-0.756472289562
0.647413790226,0.0701616853476,0.948224484921,0.0203810054809,-0.0652738288045,0.650259554386,-0.756628334522
0.64730989933,0.0699319690466,0.948162972927,0.0197100006044,-0.0654769912362,0.650456190109,-0.756459653378
0.647485733032,0.0696357563138,0.947989225388,0.0160284861922,-0.0656091868877,0.650648117065,-0.756369948387
0.646942913532,0.069178789854,0.948263049126,0.0160834360868,-0.0669103860855,0.650177717209,-0.756659269333
0.646874904633,0.0687624514103,0.948311567307,0.015660751611,-0.0670471861959,0.649924755096,-0.756873369217
0.647151231766,0.0683313235641,0.948120057583,0.0166576579213,-0.0673024132848,0.649966776371,-0.756793320179
0.64737457037,0.0678467601538,0.948086857796,0.0124985668808,-0.06702362746,0.649959146976,-0.756904661655
0.647268116474,0.0665500089526,0.948865175247,0.013033892028,-0.0665516331792,0.649802625179,-0.757071793079
0.647527217865,0.066360771656,0.948839962482,0.0112866200507,-0.0668824166059,0.649846732616,-0.757032752037
0.64755910635,0.0658140555024,0.948877751827,0.0128102647141,-0.0670134201646,0.649774253368,-0.757059216499
0.647515356541,0.0650134831667,0.949066638947,0.0103077618405,-0.0667969062924,0.649474680424,-0.757373511791
0.647507548332,0.0643472000957,0.949102699757,0.00968241132796,-0.0670750141144,0.649131298065,-0.757651567459
0.647473812103,0.0639162585139,0.948991715908,0.00832722056657,-0.0675250813365,0.649044692516,-0.757701814175
0.647338569164,0.0629016086459,0.949134945869,0.00862428266555,-0.0670552775264,0.648733019829,-0.758007109165
0.647886276245,0.0625970810652,0.948765695095,0.00615103589371,-0.0669678077102,0.648921191692,-0.757877767086
0.647404789925,0.061614010483,0.949222505093,0.0066041611135,-0.0677613019943,0.648248255253,-0.758379280567
0.64739793539,0.0609648004174,0.949141442776,0.00566205848008,-0.0682913288474,0.64788120985,-0.758652925491
0.647309720516,0.0600085034966,0.949380815029,0.00548041798174,-0.067917175591,0.64748609066,-0.759025096893
0.647333145142,0.0592509433627,0.949416041374,0.00510326260701,-0.067727342248,0.647003352642,-0.759456217289
0.6473954916,0.0583635233343,0.949463009834,0.00568453827873,-0.0673600360751,0.647163152695,-0.759348571301
0.647989749908,0.0579089075327,0.949060082436,0.00332803255878,-0.0665486678481,0.6478343606,-0.758861541748
0.648034930229,0.0570489168167,0.949111938477,0.00216476735659,-0.0666234642267,0.647468030453,-0.759171843529
0.647970855236,0.0561462044716,0.949200451374,0.00185153668281,-0.0664517506957,0.646941661835,-0.759636342525
0.647946298122,0.0552349239588,0.949336886406,0.000801005982794,-0.0663539990783,0.645916461945,-0.760518610477
0.64797347784,0.0543248765171,0.949434578419,8.75574842212e-05,-0.0663527101278,0.645910859108,-0.760523974895
0.648011147976,0.0533235929906,0.94950646162,0.00119071919471,-0.0666109845042,0.644817709923,-0.761427402496
0.648173332214,0.0523104667664,0.949695408344,0.000317545607686,-0.0660232901573,0.644213080406,-0.761991083622
0.648173928261,0.0514039732516,0.949912428856,-0.000806303869467,-0.0664839595556,0.643521308899,-0.76253503561
0.648014903069,0.0502630397677,0.950025737286,-0.00101044087205,-0.0661514699459,0.64285826683,-0.763122677803
0.647864580154,0.0492146909237,0.950107812881,-0.00318874209188,-0.0682409927249,0.642422735691,-0.763299405575
0.647842645645,0.0481283292174,0.95031529665,-0.00434335600585,-0.0677796825767,0.642432749271,-0.763326466084
0.647861540318,0.0470027774572,0.950518012047,-0.00517668202519,-0.0674673467875,0.641700923443,-0.763964176178
0.647862970829,0.0458463802934,0.950755417347,-0.00551921874285,-0.0661984011531,0.641053617001,-0.764616072178
0.647840261459,0.0447926186025,0.951068341732,-0.00391160883009,-0.0666468814015,0.64006793499,-0.765412271023
0.64770334959,0.0436072312295,0.951319038868,-0.00245843688026,-0.0669068992138,0.638687908649,-0.766547620296
0.647562146187,0.0422727875412,0.95173317194,-0.00259938882664,-0.0665125325322,0.637977004051,-0.767173230648
0.647512435913,0.0410539880395,0.951951980591,-0.00234569329768,-0.0666423663497,0.63654345274,-0.768352627754
0.647447347641,0.0398442782462,0.952368080616,-0.00323019362986,-0.0662404969335,0.636235952377,-0.768638730049
0.64738047123,0.0386119112372,0.952680885792,-0.00387972127646,-0.0626135393977,0.63483607769,-0.770095825195
0.64725291729,0.0372578091919,0.953067004681,-0.00407741265371,-0.0642945542932,0.6341791749,-0.770497500896
0.646976828575,0.0358745418489,0.953359544277,-0.00387262296863,-0.0621387027204,0.633545160294,-0.771196722984
0.646366894245,0.0348297767341,0.953404843807,-0.00388875440694,-0.0628411695361,0.631602287292,-0.772731840611
0.646199464798,0.0335045792162,0.953783929348,-0.00436928821728,-0.0620966628194,0.631254732609,-0.773073375225
0.646048426628,0.0320820771158,0.954237520695,-0.00440404051915,-0.0650719553232,0.630059659481,-0.773803055286
0.645607292652,0.0308628361672,0.954489052296,-0.00506028486416,-0.062343545258,0.627890706062,-0.775784134865
0.645452022552,0.0294969491661,0.954840958118,-0.00530424620956,-0.0614584200084,0.626715779305,-0.776802480221
0.646210432053,0.0280657932162,0.955280482769,-0.00585833238438,-0.0597078762949,0.626988887787,-0.77671456337
0.645808637142,0.0266241207719,0.955710113049,-0.00658435095102,-0.0593918003142,0.624875366688,-0.778434455395
0.645220220089,0.0253227092326,0.956106305122,-0.00612897938117,-0.0596198476851,0.623429298401,-0.779579341412
0.645659863949,0.0239273775369,0.95650947094,-0.00707202637568,-0.0583428367972,0.622391045094,-0.780497014523
0.645845293999,0.02257508412,0.956759214401,-0.00661208666861,-0.0568754933774,0.622481405735,-0.780537247658
0.645551979542,0.0210926961154,0.957258403301,-0.00702864304185,-0.0562477260828,0.619807183743,-0.782704234123
0.645496547222,0.0195983871818,0.957703948021,-0.00574158178642,-0.0556997843087,0.619420945644,-0.783059597015
0.645716428757,0.0182707104832,0.957950174809,-0.00697893230245,-0.0527014955878,0.617702126503,-0.784613311291
0.645438551903,0.0167822651565,0.958274245262,-0.006682083942,-0.0527008511126,0.616168260574,-0.785820960999
0.645404517651,0.0154568012804,0.958580851555,-0.00716918893158,-0.0513709150255,0.614964306355,-0.786847233772
0.644572556019,0.0141027001664,0.958869040012,-0.00604311749339,-0.0523286312819,0.612956762314,-0.788358569145
0.645352602005,0.0126177528873,0.959225058556,-0.00683320872486,-0.0502691306174,0.612041771412,-0.789196610451
0.645272612572,0.0112085156143,0.959557592869,-0.00646603293717,-0.0487105697393,0.610647916794,-0.79037630558
0.645121276379,0.00964542664587,0.959996581078,-0.00652416516095,-0.0484800077975,0.608829677105,-0.791791379452
0.645073652267,0.0083787990734,0.960244417191,-0.00646671094,-0.0480496957898,0.607348620892,-0.792954564095
0.645024180412,0.00694663450122,0.960523486137,-0.00621608318761,-0.0470421016216,0.605853438377,-0.79416000843
0.645167052746,0.00546708703041,0.960885167122,-0.00704604759812,-0.0456159077585,0.604282081127,-0.795432388783
0.644236683846,0.00368687231094,0.961782932281,-0.0045856484212,-0.046452626586,0.601940691471,-0.797175347805
0.644037902355,0.00231127417646,0.962018013,-0.00452971458435,-0.0456562303007,0.600552499294,-0.798268020153
