x,y,z,q0,q1,q2,q3
-0.612349331379,-0.223438590765,1.1373269558,0.0508063323796,-0.019013363868,0.803624331951,0.592659533024
-0.61218047142,-0.223366647959,1.13733899593,0.0510844141245,-0.0187321808189,0.803190052509,0.593232929707
-0.612107038498,-0.223367676139,1.13729333878,0.051329061389,-0.0180155336857,0.802906095982,0.593618273735
-0.612014353275,-0.223496928811,1.13737130165,0.0509049072862,-0.0176638681442,0.801966369152,0.594934225082
-0.611976742744,-0.223525330424,1.1374553442,0.0512473545969,-0.0174710787833,0.801309645176,0.595794856548
-0.611759006977,-0.223492711782,1.13773548603,0.0515722259879,-0.0192958824337,0.799797832966,0.597738623619
-0.611745357513,-0.223611444235,1.13785350323,0.0520590245724,-0.018888855353,0.799052119255,0.598706007004
-0.611709296703,-0.223628818989,1.13781476021,0.0527782402933,-0.0183356646448,0.798479139805,0.599424242973
-0.611695110798,-0.223686188459,1.1379493475,0.0530086271465,-0.0181380938739,0.797779381275,0.60034096241
-0.611697614193,-0.223706409335,1.13794720173,0.0539323352277,-0.0178314596415,0.797142148018,0.601113855839
-0.611763119698,-0.223671764135,1.13795280457,0.0542423315346,-0.0173485502601,0.79641866684,0.602058410645
-0.611749529839,-0.223900198936,1.13801050186,0.0551526471972,-0.0171168390661,0.795677602291,0.602961242199
-0.612481594086,-0.223746746778,1.1378890276,0.0576232969761,-0.0156938899308,0.795289516449,0.603281021118
-0.612229466438,-0.223919555545,1.13788044453,0.0578936971724,-0.0155412042513,0.794315814972,0.604540586472
-0.612064301968,-0.22400264442,1.13788473606,0.0585894286633,-0.0153558058664,0.793618083,0.605393886566
-0.611866176128,-0.224062591791,1.13791263103,0.0591375231743,-0.0153000280261,0.792922079563,0.606253564358
-0.611892879009,-0.224068969488,1.13799357414,0.0602318644524,-0.0153902741149,0.792483568192,0.606716692448
-0.611730337143,-0.224081501365,1.13802063465,0.060758959502,-0.0153244221583,0.791864216328,0.607474029064
-0.611401259899,-0.224115774035,1.13797903061,0.0610128454864,-0.0151901654899,0.790937364101,0.608658373356
-0.611269414425,-0.224095374346,1.13808035851,0.0617693550885,-0.0155471656471,0.790178716183,0.609557569027
-0.610969483852,-0.224170014262,1.13807535172,0.0627760067582,-0.01599733904,0.789555549622,0.610250234604
-0.610795199871,-0.224193736911,1.13812196255,0.0633286163211,-0.0161974150687,0.78883087635,0.611124575138
-0.610415041447,-0.224333196878,1.13813042641,0.063045874238,-0.0159677229822,0.787832915783,0.612445473671
-0.609692931175,-0.224741667509,1.13847088814,0.061969190836,-0.0167651008815,0.786696851254,0.613992571831
-0.609497785568,-0.224817827344,1.13848912716,0.0622563622892,-0.017167750746,0.785796701908,0.615104138851
-0.609309017658,-0.224834010005,1.13849079609,0.0625505819917,-0.0176042336971,0.784928917885,0.61616897583
-0.609045267105,-0.224877685308,1.13844680786,0.0627614408731,-0.0179305002093,0.784114599228,0.61717402935
-0.608893215656,-0.224752739072,1.13849365711,0.0632003620267,-0.0187656935304,0.783321619034,0.618110775948
-0.608793258667,-0.224815130234,1.13855743408,0.0637451484799,-0.0195213854313,0.782634556293,0.618901252747
-0.608584940434,-0.224824592471,1.13856446743,0.0637735724449,-0.0195725467056,0.781833648682,0.619908154011
-0.608463227749,-0.22489605844,1.13853812218,0.0636305510998,-0.0201001577079,0.780770301819,0.621244668961
-0.608387172222,-0.225098788738,1.13859128952,0.0637485012412,-0.0202548261732,0.780098319054,0.622071146965
-0.608268618584,-0.225183144212,1.13862001896,0.0638078823686,-0.020588895306,0.77934461832,0.62299823761
-0.608239173889,-0.225139856339,1.13862502575,0.063520655036,-0.0208500083536,0.778625428677,0.623917400837
-0.608138859272,-0.225246250629,1.13859677315,0.0640968903899,-0.0213931240141,0.777889430523,0.6247574687
-0.608009874821,-0.225243553519,1.13856315613,0.0642535164952,-0.0220355466008,0.777171850204,0.625611722469
-0.608000516891,-0.225260794163,1.13854861259,0.0649412274361,-0.0224269665778,0.776843488216,0.625934362411
-0.608011424541,-0.225301012397,1.13851952553,0.0650563761592,-0.0226442925632,0.776355981827,0.626519203186
-0.607919871807,-0.225445613265,1.13842785358,0.0658834353089,-0.0227564498782,0.775846540928,0.627059578896
-0.608977973461,-0.22510831058,1.13813793659,0.0686407461762,-0.0220503993332,0.77593177557,0.626683533192
-0.608009040356,-0.225830718875,1.1383998394,0.0666404291987,-0.0227077528834,0.775091588497,0.627914369106
-0.608043432236,-0.225956946611,1.13835787773,0.0669795498252,-0.0229968912899,0.774620294571,0.628449141979
-0.609031260014,-0.225578159094,1.13808846474,0.069815389812,-0.0224368162453,0.774839162827,0.627890646458
-0.608875453472,-0.225710585713,1.13804662228,0.070130482316,-0.0227429307997,0.774502336979,0.628259956837
-0.608784914017,-0.22579190135,1.13800930977,0.070600874722,-0.022982487455,0.774241507053,0.628520071507
-0.608689785004,-0.225880205631,1.13797676563,0.0712608620524,-0.0232490394264,0.773931741714,0.62881731987
-0.60854101181,-0.225907623768,1.13794374466,0.0719461962581,-0.0237800758332,0.773641228676,0.629076778889
-0.608430802822,-0.22603520751,1.13791286945,0.0729011148214,-0.0248477570713,0.773236870766,0.629422605038
-0.608288884163,-0.225991129875,1.13789796829,0.0729374811053,-0.0250148568302,0.772881507874,0.629848122597
-0.608206450939,-0.225960284472,1.13782203197,0.0738513693213,-0.0259545780718,0.772523343563,0.630142867565
-0.607982873917,-0.225971087813,1.1377325058,0.073974058032,-0.0259900335222,0.772251367569,0.630460441113
-0.607869505882,-0.225944146514,1.13767361641,0.0747350826859,-0.0264545194805,0.771996438503,0.630663454533
-0.607689201832,-0.226038634777,1.13774454594,0.0747685059905,-0.0273621175438,0.771547317505,0.631170153618
-0.607487559319,-0.226034581661,1.13774073124,0.0750538706779,-0.0277568195015,0.771176218987,0.63157248497
-0.607367634773,-0.22621320188,1.13774549961,0.0753463879228,-0.0279917046428,0.770800709724,0.631985604763
-0.607011198997,-0.226184815168,1.13770329952,0.0753695368767,-0.0289401281625,0.770229637623,0.632635951042
-0.606895565987,-0.226410701871,1.13774216175,0.0760838240385,-0.0294939931482,0.769919633865,0.632902264595
-0.606721937656,-0.226249828935,1.13772523403,0.0760657936335,-0.0300774630159,0.769506633282,0.633379042149
-0.606618821621,-0.226313471794,1.13774573803,0.0765041410923,-0.0306961387396,0.769375801086,0.633455574512
-0.606503427029,-0.226259946823,1.13771045208,0.0765513032675,-0.0305330455303,0.769058704376,0.633842647076
-0.606293916702,-0.226312100887,1.13771033287,0.0767554789782,-0.0310817621648,0.768770098686,0.634141325951
-0.606120765209,-0.226420372725,1.1377146244,0.0771585181355,-0.0317342169583,0.768508553505,0.634377002716
-0.605905413628,-0.226517871022,1.13771319389,0.0771253854036,-0.0320922024548,0.768168330193,0.634774982929
-0.605695068836,-0.226664468646,1.13771474361,0.0774721652269,-0.0326584540308,0.767890751362,0.635039746761
-0.605491936207,-0.226683020592,1.13768565655,0.0778931006789,-0.0328149795532,0.767874062061,0.635000407696
-0.605272531509,-0.226816162467,1.13770103455,0.0780535936356,-0.033191435039,0.767700433731,0.635170817375
-0.604993343353,-0.227012500167,1.1377106905,0.0780277624726,-0.0336805917323,0.76746481657,0.635433018208
-0.60394847393,-0.227601841092,1.13794744015,0.0760055705905,-0.034974720329,0.766751050949,0.636468946934
-0.603728294373,-0.227753192186,1.13795471191,0.0763574168086,-0.0354390218854,0.766589343548,0.636596024036
-0.603531301022,-0.227757513523,1.13790011406,0.0770462527871,-0.0357059985399,0.766722142696,0.636338114738
-0.604065001011,-0.227859839797,1.13779067993,0.0785554125905,-0.035297613591,0.766798257828,0.636084616184
-0.603953063488,-0.227877095342,1.13772809505,0.0793295130134,-0.0355310440063,0.766962945461,0.635776996613
-0.60378742218,-0.228054344654,1.13776147366,0.0791131705046,-0.0359400399029,0.766702890396,0.636094391346
-0.60286039114,-0.228431120515,1.13791394234,0.0778045207262,-0.0367919914424,0.766474664211,0.636482179165
-0.602811336517,-0.228750094771,1.13794183731,0.0781318470836,-0.0370508916676,0.766199350357,0.636758446693
-0.602630019188,-0.228909447789,1.13794124126,0.0785313174129,-0.0373767539859,0.766223907471,0.636660635471
-0.602415323257,-0.229098320007,1.13793408871,0.0790196582675,-0.0379231348634,0.766221404076,0.63657104969
-0.602231621742,-0.229294791818,1.13785266876,0.0791800841689,-0.0380011051893,0.766175508499,0.636601686478
-0.6020835042,-0.229460597038,1.13784849644,0.0793605074286,-0.0381686389446,0.766219258308,0.63651651144
-0.601944625378,-0.229574173689,1.1378929615,0.0798547416925,-0.0386250503361,0.76631385088,0.636313140392
-0.602536976337,-0.229372054338,1.13766849041,0.082108065486,-0.0383800044656,0.766759395599,0.635503947735
-0.602339804173,-0.229523360729,1.13762319088,0.0826398506761,-0.0388523451984,0.766843020916,0.635305404663
-0.602095961571,-0.22962076962,1.13762557507,0.0831016823649,-0.0392639115453,0.766753017902,0.635328531265
-0.601053655148,-0.230123117566,1.13784217834,0.0813864395022,-0.0403286255896,0.766363143921,0.635953962803
-0.600915074348,-0.230279013515,1.13785219193,0.0815752148628,-0.0404335558414,0.766457438469,0.635809421539
-0.600803375244,-0.230335086584,1.13790309429,0.082767136395,-0.0410467684269,0.766895353794,0.6350877285
-0.600597560406,-0.230656638741,1.13786768913,0.0824969187379,-0.0410011336207,0.766641557217,0.635432064533
-0.600355148315,-0.230669677258,1.13777196407,0.0830411463976,-0.0416506715119,0.766713321209,0.635232388973
-0.601174890995,-0.23029871285,1.13749110699,0.0856472626328,-0.0408845543861,0.7674061656,0.634098470211
-0.601040899754,-0.23046451807,1.13746976852,0.0863996967673,-0.0412420891225,0.767430126667,0.633944153786
-0.600875496864,-0.230628222227,1.13749849796,0.0869032293558,-0.0414457432926,0.767631411552,0.633618414402
-0.600649178028,-0.230771884322,1.13748669624,0.0873380675912,-0.0417297706008,0.767728507519,0.633422076702
-0.600487947464,-0.230906099081,1.13746953011,0.0877451077104,-0.0419794023037,0.767753362656,0.633319318295
-0.60039460659,-0.23117300868,1.13751721382,0.0882321745157,-0.0418884940445,0.767876267433,0.633108615875
-0.600130617619,-0.231158673763,1.13746404648,0.0884568169713,-0.042498268187,0.767847061157,0.633072018623
-0.599914968014,-0.23134405911,1.13749551773,0.0888536944985,-0.0426935851574,0.767890393734,0.632950842381
-0.599687159061,-0.231525599957,1.13744747639,0.0888985693455,-0.0427376776934,0.767994225025,0.632815420628
-0.599474549294,-0.231976687908,1.13753640652,0.0891149193048,-0.0428182184696,0.767813205719,0.632999360561
-0.599266767502,-0.232119888067,1.13750898838,0.0896688103676,-0.0430208183825,0.767880439758,0.632825553417
-0.598825395107,-0.232334837317,1.1375054121,0.0894008502364,-0.0433055013418,0.767755389214,0.632995843887
-0.598501622677,-0.232457891107,1.13746523857,0.0902917832136,-0.0433819890022,0.767907083035,0.632680118084
-0.598265707493,-0.232691705227,1.13753128052,0.0907366201282,-0.0437625050545,0.76802021265,0.632452905178
-0.596486747265,-0.233238354325,1.13754332066,0.0884458050132,-0.0454163625836,0.767444729805,0.633358955383
-0.59630471468,-0.233454316854,1.13759291172,0.0887892320752,-0.0456362813711,0.767472088337,0.633261799812
-0.597583532333,-0.233407691121,1.13759684563,0.0914283469319,-0.0439386479557,0.767758131027,0.632659316063
-0.59734994173,-0.233406215906,1.13756108284,0.0918234288692,-0.04417880252,0.767681062222,0.632678925991
-0.596181333065,-0.234089508653,1.13777387142,0.0902893841267,-0.0452494956553,0.767140209675,0.633479595184
-0.595921993256,-0.234336271882,1.13778328896,0.090522557497,-0.0453593507409,0.767065823078,0.633528351784
-0.595673263073,-0.234508633614,1.13780879974,0.0909299254417,-0.0455324687064,0.766815185547,0.633760988712
-0.595394670963,-0.234710723162,1.1377530098,0.0908521711826,-0.0455897636712,0.766627073288,0.633995652199
-0.595139682293,-0.234894424677,1.137758255,0.0909437388182,-0.0457103475928,0.766444265842,0.634194910526
-0.594860911369,-0.235102564096,1.13779211044,0.0908453762531,-0.0460464097559,0.766344964504,0.634304642677
-0.594569563866,-0.235344126821,1.13778865337,0.091155923903,-0.04627424106,0.766190588474,0.634429931641
-0.594245374203,-0.235558226705,1.13775897026,0.0907550379634,-0.0461738295853,0.765837550163,0.634920656681
-0.593943059444,-0.235811293125,1.13775622845,0.0906703025103,-0.0464726984501,0.765648305416,0.635139286518
-0.593469083309,-0.235953077674,1.13769936562,0.0905962735415,-0.0468622222543,0.765741169453,0.635009229183
-0.593208789825,-0.236181750894,1.13771867752,0.0904126241803,-0.0472172051668,0.765750288963,0.634998142719
-0.593888103962,-0.235902741551,1.13742184639,0.0923099368811,-0.0465035550296,0.766123533249,0.634327232838
-0.5925090909,-0.236517935991,1.13760876656,0.0894465148449,-0.04762840271,0.765477895737,0.63543266058
-0.592194974422,-0.236690670252,1.13757658005,0.0891262292862,-0.0478471331298,0.765355050564,0.635609030724
-0.591881752014,-0.236896142364,1.13754355907,0.0889619141817,-0.0482008308172,0.765275418758,0.635701179504
-0.590140640736,-0.237085029483,1.13742303848,0.0862752050161,-0.0501024648547,0.764852702618,0.63643270731
-0.589886784554,-0.237383127213,1.13743722439,0.0859140977263,-0.0500992052257,0.7649269104,0.636392652988
-0.589595496655,-0.23743750155,1.13737392426,0.085696041584,-0.0506087727845,0.764945149422,0.636359870434
-0.589376032352,-0.237526476383,1.13727521896,0.0854323133826,-0.0504290387034,0.765346705914,0.635926604271
-0.589073956013,-0.237837523222,1.13718688488,0.0853078365326,-0.0505095310509,0.765462100506,0.635798215866
-0.58886808157,-0.238123714924,1.13718128204,0.084803968668,-0.0506820641458,0.765444934368,0.635872542858
-0.588743805885,-0.238448500633,1.13726079464,0.0848559364676,-0.0508889220655,0.765879631042,0.635325133801
-0.588502824306,-0.238631278276,1.13718211651,0.0846086144447,-0.050763566047,0.765985429287,0.635240793228
-0.588231980801,-0.238730490208,1.13712155819,0.0847778692842,-0.0514584332705,0.766231656075,0.634865224361
-0.588010191917,-0.239038527012,1.13709902763,0.0844459533691,-0.0510805435479,0.766402721405,0.634733498096
-0.587788760662,-0.23925639689,1.13704657555,0.08421215415,-0.051212426275,0.766627013683,0.634482979774
-0.589755177498,-0.239122629166,1.13684034348,0.0873811990023,-0.0489476546645,0.767441689968,0.633247196674
-0.587968349457,-0.239534154534,1.1367701292,0.0846852809191,-0.0504997037351,0.76707303524,0.633937835693
-0.587112784386,-0.239738285542,1.13690900803,0.0832927748561,-0.051421340555,0.766930520535,0.634220659733
-0.586923182011,-0.239888697863,1.13688206673,0.0830699652433,-0.0514816306531,0.767018914223,0.634138047695
-0.586687684059,-0.2400354743,1.13684797287,0.0827956423163,-0.0515855588019,0.767161846161,0.633992552757
-0.58650046587,-0.240182682872,1.13683176041,0.0825701653957,-0.0516606457531,0.767209589481,0.633957982063
-0.586306631565,-0.24031278491,1.13682055473,0.0823082253337,-0.0517822653055,0.767238080502,0.633947849274
-0.586108446121,-0.24046112597,1.13680481911,0.0818969011307,-0.0517837889493,0.767377495766,0.633832037449
-0.588093161583,-0.240204632282,1.13662385941,0.0852658823133,-0.0499436073005,0.768084168434,0.632678627968
-0.587931871414,-0.240348339081,1.13663053513,0.0850715264678,-0.0500054173172,0.768084406853,0.632699489594
-0.587746441364,-0.240462303162,1.13660395145,0.0846276730299,-0.0497285015881,0.767977297306,0.632910788059
-0.587656199932,-0.24060241878,1.13662743568,0.0845106765628,-0.0496786795557,0.767954051495,0.632958471775
-0.585227370262,-0.241047292948,1.1368534565,0.0803534686565,-0.0520640723407,0.767175376415,0.634251058102
-0.585143983364,-0.241231605411,1.13687562943,0.080051086843,-0.0518027283251,0.767056107521,0.634455084801
-0.587177097797,-0.241098046303,1.13669753075,0.0833542495966,-0.0494156740606,0.767549812794,0.633622646332
-0.587006449699,-0.241249546409,1.13671290874,0.0829055458307,-0.0492769107223,0.767379045486,0.633898854256
-0.58468413353,-0.241671442986,1.13692998886,0.0789827778935,-0.051421854645,0.766507267952,0.635282695293
-0.58663392067,-0.241512581706,1.13675475121,0.0820458754897,-0.04906110093,0.766922056675,0.634580314159
-0.584379851818,-0.24204711616,1.13699507713,0.0781757235527,-0.0509482733905,0.766199231148,0.635792016983
-0.584254384041,-0.24222573638,1.13697886467,0.0777339339256,-0.0507453046739,0.766021370888,0.636076748371
-0.584051907063,-0.242316797376,1.13697481155,0.0773673504591,-0.0504291728139,0.765905201435,0.636286497116
-0.583910524845,-0.242397263646,1.13696575165,0.0772528871894,-0.0505314357579,0.765820205212,0.636394619942
-0.585725188255,-0.242251306772,1.13680839539,0.0801267027855,-0.0483870916069,0.766183197498,0.635768592358
-0.585606276989,-0.242364183068,1.13682389259,0.0797112211585,-0.0482559390366,0.765948712826,0.636113286018
-0.583378732204,-0.242587968707,1.136957407,0.0760543942451,-0.0505950190127,0.765062868595,0.637443840504
-0.583206653595,-0.24275919795,1.13698422909,0.0752065628767,-0.0501414462924,0.764560997486,0.638182163239
-0.585189580917,-0.242515221238,1.13675713539,0.0786260068417,-0.047806147486,0.764977514744,0.637449622154
-0.585042536259,-0.24261495471,1.13675868511,0.0781695768237,-0.0476765036583,0.764691710472,0.637858211994
-0.58494925499,-0.242721036077,1.1367598772,0.0774745047092,-0.0474565327168,0.764283239841,0.63844871521
-0.584891617298,-0.242792442441,1.13677453995,0.0769752934575,-0.047464709729,0.764111578465,0.638713896275
-0.584750473499,-0.242917358875,1.13676691055,0.0764134526253,-0.047329287976,0.763588726521,0.639416396618
-0.58469825983,-0.243015006185,1.13680887222,0.0760613232851,-0.0472166799009,0.763375401497,0.639721333981
-0.582481980324,-0.243475556374,1.13697230816,0.0727306976914,-0.0492047742009,0.762365996838,0.641160845757
-0.582413434982,-0.243548706174,1.13697862625,0.0724918022752,-0.0490073002875,0.76208460331,0.641537427902
-0.584449112415,-0.243239745498,1.13679325581,0.0751547887921,-0.0464605726302,0.762430250645,0.641009569168
-0.584225475788,-0.243249416351,1.13676214218,0.0751229077578,-0.0463275536895,0.762294709682,0.641184151173
-0.582195580006,-0.24366723001,1.13691139221,0.0721471384168,-0.048281095922,0.761316180229,0.642543017864
-0.582157731056,-0.243722856045,1.13691520691,0.071912586689,-0.0480804890394,0.760978996754,0.642983615398
-0.584271550179,-0.243516996503,1.13679158688,0.0747391059995,-0.0456336550415,0.760940372944,0.64288520813
-0.584265470505,-0.243534162641,1.13677585125,0.0745793059468,-0.0454969517887,0.76053661108,0.643391013145
-0.58420675993,-0.243699282408,1.13678526878,0.0742169171572,-0.0451201163232,0.760200023651,0.643857002258
-0.584238827229,-0.243539705873,1.13674175739,0.0742673128843,-0.0451614931226,0.75970774889,0.644429147243
-0.584250926971,-0.243497148156,1.13671600819,0.0738919302821,-0.0450139418244,0.759313046932,0.644947767258
-0.584230482578,-0.243642598391,1.13665437698,0.0734646692872,-0.0445047318935,0.758838057518,0.645590543747
-0.584285259247,-0.243618100882,1.13668000698,0.0735075995326,-0.0445744544268,0.758425295353,0.646065533161
-0.584283053875,-0.243532687426,1.13664269447,0.0733515620232,-0.0445738211274,0.757961750031,0.646627306938
-0.584194839001,-0.243524491787,1.13661026955,0.0734785050154,-0.0446786209941,0.757531285286,0.647109866142
-0.581878662109,-0.243765249848,1.13674402237,0.0696915537119,-0.0470514260232,0.756357967854,0.648731052876
-0.581938862801,-0.243691176176,1.13668560982,0.0692988187075,-0.0469537675381,0.755898058414,0.649316072464
-0.581891417503,-0.243628263474,1.13661885262,0.0693882256746,-0.0469950176775,0.755391836166,0.649892270565
-0.581841230392,-0.24336579442,1.13651204109,0.0694166347384,-0.0472796075046,0.754921495914,0.65041488409
-0.581846415997,-0.243389517069,1.13645708561,0.0697952061892,-0.0477428250015,0.754498898983,0.650830864906
-0.581928372383,-0.243305712938,1.13637983799,0.0694636628032,-0.0475469455123,0.754111766815,0.651329100132
-0.581981837749,-0.243319571018,1.13635873795,0.0694723799825,-0.0471654869616,0.753806233406,0.651709616184
-0.58203291893,-0.243131920695,1.13631284237,0.0692825168371,-0.0469720773399,0.75342810154,0.652180790901
-0.582062900066,-0.243049845099,1.1362528801,0.0693798661232,-0.047027900815,0.753105461597,0.652538776398
-0.582125723362,-0.242893248796,1.13619124889,0.0691908895969,-0.0469995699823,0.752830862999,0.652877867222
-0.58214622736,-0.242773741484,1.13612508774,0.0691121816635,-0.0469967238605,0.752534270287,0.653228223324
-0.582197666168,-0.242671459913,1.13604271412,0.0689640194178,-0.0471413508058,0.752245664597,0.653565764427
-0.582176029682,-0.242458328605,1.13592302799,0.0691647976637,-0.0476408079267,0.751927852631,0.653873920441
-0.582170069218,-0.242360472679,1.13585960865,0.0694350674748,-0.0477164499462,0.751675248146,0.654130041599
-0.582260847092,-0.24224871397,1.13581645489,0.0694815292954,-0.0476342104375,0.75147485733,0.654361367226
-0.582289457321,-0.242108479142,1.13577353954,0.06948222965,-0.0476935692132,0.751303970814,0.654553294182
-0.582350194454,-0.242126464844,1.13575470448,0.0696883201599,-0.0476268827915,0.751297414303,0.654543757439
-0.582401812077,-0.241958096623,1.13572025299,0.069438919425,-0.0475606545806,0.751275479794,0.654600322247
-0.582458198071,-0.241853117943,1.13568496704,0.0694259256124,-0.0475856699049,0.751229405403,0.65465259552
-0.582548737526,-0.241714268923,1.13565957546,0.0692418962717,-0.0476967617869,0.751223862171,0.654670536518
-0.582624733448,-0.241466671228,1.13562488556,0.068902887404,-0.0473316349089,0.751353561878,0.65458381176
-0.583815455437,-0.241506874561,1.13567531109,0.0705312117934,-0.045996055007,0.75150513649,0.654331505299
-0.583882033825,-0.241391539574,1.13566279411,0.0707598999143,-0.0461024604738,0.751607835293,0.654181420803
-0.583923220634,-0.241271927953,1.13566327095,0.0707709342241,-0.0461266599596,0.751755356789,0.65400904417
-0.583975076675,-0.241096675396,1.1356549263,0.0706513524055,-0.0460847876966,0.751921117306,0.653834104538
-0.584035515785,-0.240967303514,1.13568305969,0.0708184838295,-0.0462211929262,0.752112686634,0.65358620882
-0.584088623524,-0.240815937519,1.13571357727,0.0709047093987,-0.0462694130838,0.752295613289,0.653362810612
-0.584133446217,-0.240564882755,1.13568150997,0.071369856596,-0.046154294163,0.752776563168,0.652766168118
-0.584183037281,-0.240416869521,1.13570952415,0.0712075009942,-0.0460617877543,0.753070890903,0.652450799942
-0.584286391735,-0.240279823542,1.13573181629,0.0712996125221,-0.0459762476385,0.753382623196,0.652086853981
-0.584326565266,-0.240123271942,1.13574910164,0.071186311543,-0.0458248481154,0.753663361073,0.651785433292
-0.584397852421,-0.240012064576,1.13577139378,0.0712055563927,-0.0456970408559,0.754009664059,0.6513915658
-0.584511578083,-0.23986543715,1.13582360744,0.0715999603271,-0.0456621572375,0.754635214806,0.650626003742
-0.585419535637,-0.239361345768,1.13558530807,0.0735230520368,-0.044501658529,0.755473136902,0.649518668652
-0.585227012634,-0.239136591554,1.13560402393,0.0734064355493,-0.0448462180793,0.755803704262,0.649123311043
-0.585559546947,-0.239077031612,1.13571429253,0.0737265124917,-0.0447208508849,0.756295144558,0.648523032665
-0.585684001446,-0.239115551114,1.13579380512,0.0739472955465,-0.0440776869655,0.756906688213,0.647828221321
-0.585784971714,-0.239015296102,1.13583338261,0.0742200314999,-0.0437755025923,0.757345497608,0.647304296494
-0.585822284222,-0.238897830248,1.13586604595,0.0742146745324,-0.043329525739,0.757585167885,0.647054374218
-0.585901498795,-0.238797977567,1.13589215279,0.0744394734502,-0.0432654693723,0.757854044437,0.646717965603
-0.585968315601,-0.238658830523,1.13594043255,0.0743465423584,-0.0430109649897,0.758081018925,0.646479547024
-0.586055636406,-0.238400071859,1.13593888283,0.0748683139682,-0.0427069440484,0.758434951305,0.646024227142
-0.586157798767,-0.238276094198,1.13598144054,0.0747614577413,-0.0428544543684,0.758513689041,0.645934462547
-0.586277127266,-0.238094583154,1.13602256775,0.0748573467135,-0.0426751598716,0.758634924889,0.645792841911
-0.586348414421,-0.237950772047,1.13608193398,0.0747579559684,-0.0424864143133,0.758667469025,0.645778596401
-0.586631536484,-0.237704023719,1.13613939285,0.0752427279949,-0.0422523245215,0.758682012558,0.645720541477
-0.586765766144,-0.237449228764,1.13619601727,0.0749716684222,-0.0417393706739,0.758750677109,0.645704627037
-0.586934566498,-0.237295895815,1.13624715805,0.0752061009407,-0.0416629090905,0.75875878334,0.645672798157
-0.587090015411,-0.237142235041,1.13627719879,0.0753878131509,-0.0413840487599,0.758774220943,0.645651519299
-0.585520148277,-0.237294644117,1.13636624813,0.0727457404137,-0.0429541766644,0.758337020874,0.64636516571
-0.587353587151,-0.236882463098,1.13636946678,0.0753334015608,-0.0411590635777,0.758870065212,0.645559549332
-0.585808336735,-0.237012952566,1.13643538952,0.0724829435349,-0.0426689349115,0.758485972881,0.646238803864
-0.587593793869,-0.236598417163,1.13641750813,0.0749710947275,-0.0410268604755,0.759026706219,0.645425975323
-0.587677657604,-0.236539378762,1.13649773598,0.0744348391891,-0.041190918535,0.7589225173,0.645600140095
-0.58621942997,-0.236641809344,1.13652014732,0.0717069506645,-0.0427285768092,0.758648335934,0.64613109827
-0.586386978626,-0.236451357603,1.13655185699,0.0715915858746,-0.0425580888987,0.758673846722,0.646125018597
-0.586520075798,-0.236279442906,1.13655149937,0.0716064870358,-0.0426106192172,0.758817970753,0.645950675011
-0.588208019733,-0.235841646791,1.13653981686,0.0739272534847,-0.0409970320761,0.759400010109,0.645109057426
-0.588577568531,-0.235552310944,1.13652074337,0.0742601007223,-0.0408389270306,0.759640455246,0.644797742367
-0.588687539101,-0.235467433929,1.13652801514,0.0746531784534,-0.0413348376751,0.759735405445,0.644608974457
-0.588897228241,-0.235170915723,1.13650071621,0.0740225538611,-0.0412104614079,0.759837567806,0.644569098949
-0.587425947189,-0.235160499811,1.13651907444,0.0712299719453,-0.0425027161837,0.759527802467,0.645164489746
-0.589199125767,-0.234596610069,1.13648569584,0.0740075334907,-0.0409237928689,0.760294437408,0.644050121307
-0.589267969131,-0.234312459826,1.13647913933,0.0737734958529,-0.0411333367229,0.760250806808,0.644115149975
-0.589513659477,-0.234039634466,1.13648545742,0.0737933218479,-0.041066929698,0.760252833366,0.644114673138
-0.589770495892,-0.233960941434,1.13652026653,0.0736516043544,-0.0409418195486,0.760373294353,0.643996596336
-0.589232087135,-0.233958110213,1.13669109344,0.0723109394312,-0.04144025594,0.76039147377,0.644095361233
-0.590295910835,-0.233433187008,1.13652062416,0.0737586542964,-0.0405919328332,0.760786354542,0.64351862669
-0.590423166752,-0.232888549566,1.13646268845,0.0744676887989,-0.0409886799753,0.761091291904,0.643050968647
-0.589870512486,-0.2330339849,1.13673365116,0.07187718153,-0.0415720902383,0.760683357716,0.643790543079
-0.590084910393,-0.232853397727,1.13674795628,0.072291277349,-0.0416697189212,0.760906755924,0.643473923206
-0.590366959572,-0.232451692224,1.13671267033,0.072853833437,-0.0415019653738,0.761379003525,0.642862141132
-0.590586900711,-0.232191577554,1.13672375679,0.0729368105531,-0.0414536558092,0.761603415012,0.642590105534
-0.591690301895,-0.231587395072,1.13651680946,0.0746877491474,-0.0404400750995,0.762237846851,0.641700744629
-0.591228365898,-0.231653034687,1.1367726326,0.0727847144008,-0.0407967753708,0.76206690073,0.642099738121
-0.591539680958,-0.231481015682,1.13683462143,0.0724155306816,-0.0406526401639,0.762030601501,0.642193853855
-0.591813802719,-0.231228113174,1.13684058189,0.0724873617291,-0.040439426899,0.762164890766,0.642039597034
-0.593183338642,-0.230599433184,1.13666677475,0.0747273042798,-0.039119116962,0.762894511223,0.640997290611
-0.593464136124,-0.230363890529,1.13671708107,0.0746164619923,-0.0388674661517,0.763032138348,0.640861690044
-0.593726396561,-0.230126708746,1.13677370548,0.0745416432619,-0.0385621972382,0.76312059164,0.640783548355
-0.593129336834,-0.230199635029,1.13707435131,0.0726151913404,-0.0391043201089,0.762607455254,0.6415823102
-0.592863082886,-0.229773148894,1.13689780235,0.0717557966709,-0.0390942282975,0.762641608715,0.641638934612
-0.593207597733,-0.22962680459,1.13700246811,0.0716347843409,-0.0384157188237,0.762665390968,0.641665160656
-0.595250248909,-0.229092881083,1.13704514503,0.0743927657604,-0.0366259142756,0.763146936893,0.640882968903
-0.595615684986,-0.228817373514,1.13706600666,0.0740144327283,-0.0361036844552,0.763197779655,0.640895962715
-0.594080030918,-0.22860904038,1.13707947731,0.0707338675857,-0.037606511265,0.762616455555,0.641871213913
-0.594419717789,-0.228358089924,1.13711035252,0.0707484483719,-0.0371182449162,0.762664675713,0.641840815544
-0.594623327255,-0.227994665504,1.13707411289,0.0705823972821,-0.0370438732207,0.76270455122,0.641815900803
-0.594951510429,-0.227779865265,1.13715553284,0.0694450810552,-0.0367541201413,0.762557804585,0.64213091135
-0.596926212311,-0.227120161057,1.13712477684,0.0722044855356,-0.0347631052136,0.763383209705,0.640955686569
-0.597085952759,-0.227059200406,1.13722252846,0.0717958435416,-0.0350125432014,0.763284802437,0.641105055809
-0.597170054913,-0.22672611475,1.13723015785,0.0707123652101,-0.0346679612994,0.763437151909,0.641062796116
-0.597487926483,-0.226427078247,1.13724219799,0.0708345249295,-0.0345340967178,0.76387399435,0.64053606987
-0.59678965807,-0.22661614418,1.13747620583,0.0686740130186,-0.0351350232959,0.7638412714,0.640777587891
-0.597156643867,-0.226235315204,1.1374900341,0.0678740888834,-0.0343885309994,0.764390289783,0.640248417854
-0.59725356102,-0.225937649608,1.13751220703,0.0678767189384,-0.0345736667514,0.764981985092,0.63953101635
-0.597514331341,-0.225585460663,1.13746082783,0.0677508786321,-0.0346305593848,0.765295445919,0.639166235924
-0.597681939602,-0.225205227733,1.13745927811,0.0675249546766,-0.0334726013243,0.766369044781,0.637964367867
-0.597974836826,-0.225153818727,1.1374849081,0.0673286169767,-0.0334836877882,0.766482293606,0.637848556042
-0.598330259323,-0.224660843611,1.13742828369,0.0674363747239,-0.0329353921115,0.767334282398,0.636840522289
-0.598519027233,-0.224419534206,1.13744795322,0.0674630999565,-0.0323277786374,0.768024981022,0.636035561562
-0.598653793335,-0.224085375667,1.13736641407,0.0679645910859,-0.0321888402104,0.768643140793,0.63524210453
-0.598790824413,-0.223744258285,1.13737630844,0.0684625506401,-0.031237559393,0.769758403301,0.633884191513
-0.5990229249,-0.223471403122,1.13743972778,0.0686404779553,-0.0310171339661,0.770335614681,0.63317412138
-0.599220752716,-0.22319316864,1.13744699955,0.0687723904848,-0.0305561963469,0.770792067051,0.632626533508
-0.599471390247,-0.223064810038,1.13752913475,0.0685108602047,-0.0296749472618,0.771300137043,0.632077336311
-0.600467741489,-0.222370326519,1.13730978966,0.0705796405673,-0.0288418345153,0.772050797939,0.630970835686
-0.598989367485,-0.222133874893,1.13729357719,0.0679968446493,-0.0299576930702,0.771721959114,0.631604492664
-0.599343538284,-0.221932947636,1.13738155365,0.0682414919138,-0.0288985650986,0.772082269192,0.631187021732
-0.600963592529,-0.221200913191,1.13737523556,0.0701923891902,-0.0273013301194,0.772768318653,0.630203843117
-0.60129648447,-0.220824807882,1.1373398304,0.0704436898232,-0.0265298765153,0.773181915283,0.629701197147
-0.6015432477,-0.220350116491,1.13745164871,0.0706623122096,-0.0263531338423,0.773293733597,0.629546880722
-0.601736307144,-0.219977229834,1.13744568825,0.0716040581465,-0.0258054118603,0.773677766323,0.62899106741
-0.601968348026,-0.219588965178,1.13749730587,0.071197360754,-0.0254067108035,0.774054408073,0.628589987755
-0.602135002613,-0.219268992543,1.13754343987,0.0707409530878,-0.0248903799802,0.77413636446,0.628561079502
-0.602198839188,-0.218956246972,1.13755095005,0.070353038609,-0.024594174698,0.774060189724,0.628710210323
-0.602573752403,-0.218534380198,1.13758099079,0.0706741958857,-0.0243563465774,0.774428129196,0.628230214119
-0.602737605572,-0.218205958605,1.13760340214,0.0708234384656,-0.0239975582808,0.774540126324,0.628089010715
-0.602869808674,-0.217882916331,1.13764476776,0.0701000466943,-0.0231793839484,0.774720549583,0.62797832489
-0.602927684784,-0.21758620441,1.13767290115,0.0699464082718,-0.0228794310242,0.774797081947,0.627912044525
-0.602743864059,-0.217176735401,1.13765859604,0.0691739171743,-0.0230921301991,0.774797320366,0.627989590168
-0.602729976177,-0.216871708632,1.13766384125,0.0686062797904,-0.0228892229497,0.774992585182,0.627818524837
-0.602864444256,-0.216555774212,1.13768923283,0.0682157129049,-0.0224371626973,0.775505661964,0.627243459225
-0.603105843067,-0.21615408361,1.13771033287,0.0679171383381,-0.0221637133509,0.775830984116,0.626883089542
-0.60237300396,-0.216212421656,1.13795149326,0.0651077181101,-0.0224584918469,0.775317490101,0.627805233002
-0.603286981583,-0.215387806296,1.13767230511,0.0665273442864,-0.0216547939926,0.775919556618,0.626940190792
-0.602655053139,-0.215455815196,1.13789355755,0.0647056102753,-0.0220218263566,0.775774598122,0.627297341824
-0.60275799036,-0.21528750658,1.13792991638,0.0641699954867,-0.021464087069,0.77610462904,0.626963436604
-0.602811276913,-0.214905902743,1.13794803619,0.0637481510639,-0.0214823372662,0.776296019554,0.626768946648
-0.602907001972,-0.214439675212,1.13793540001,0.0637221336365,-0.0215208865702,0.776897072792,0.626025140285
-0.602890968323,-0.214038148522,1.13790798187,0.06293836236,-0.0211755372584,0.776988089085,0.626003205776
-0.603035390377,-0.213746249676,1.13795399666,0.0615515932441,-0.0209030471742,0.777214765549,0.625868856907
-0.603035509586,-0.213403537869,1.13795828819,0.0610514879227,-0.0207957867533,0.777508497238,0.62555629015
-0.603073835373,-0.212989240885,1.13793742657,0.0604510530829,-0.0205946918577,0.77780520916,0.625252604485
-0.603022813797,-0.21245251596,1.13787674904,0.0597838610411,-0.0207530464977,0.778077721596,0.624972224236
-0.603078126907,-0.212077394128,1.13787806034,0.0592647381127,-0.0207311324775,0.778386235237,0.624638080597
-0.604082584381,-0.211385160685,1.13780736923,0.0605814382434,-0.019959660247,0.779376804829,0.623300433159
-0.603994309902,-0.210948899388,1.13768053055,0.0601435750723,-0.0195219535381,0.779705703259,0.622945249081
-0.604148745537,-0.210331350565,1.1376875639,0.0594741292298,-0.0197668801993,0.780056715012,0.622562229633
-0.604259371758,-0.209897652268,1.13766944408,0.0587278865278,-0.0198654793203,0.780413687229,0.622182369232
-0.604200720787,-0.209463343024,1.13763034344,0.0575371459126,-0.019660372287,0.780791938305,0.621825516224
-0.604184448719,-0.209033712745,1.13760793209,0.0566744990647,-0.0196905955672,0.781256735325,0.621319711208
-0.604203462601,-0.208640769124,1.13758337498,0.0558606535196,-0.0197249297053,0.781790733337,0.620720386505
-0.604218065739,-0.208066180348,1.13753032684,0.0554485358298,-0.0197625439614,0.782644152641,0.619679987431
-0.604126930237,-0.207613602281,1.13754105568,0.0539780855179,-0.0199784226716,0.783204376698,0.619094669819
-0.603310763836,-0.20754507184,1.1377389431,0.0515515320003,-0.0207432117313,0.783601403236,0.618773758411
-0.603329122066,-0.207250013947,1.1376709938,0.050224725157,-0.0204740893096,0.784001946449,0.618384540081
-0.603442430496,-0.206951022148,1.13773238659,0.0495460182428,-0.0202166680247,0.784841358662,0.617381930351
-0.603484988213,-0.206392511725,1.13765025139,0.0487817451358,-0.0203271675855,0.785572230816,0.616509258747
-0.60359197855,-0.206049233675,1.13762927055,0.0480763539672,-0.0199602730572,0.786433875561,0.615477144718
-0.603612720966,-0.205707937479,1.13761043549,0.0472687073052,-0.0197298917919,0.787270486355,0.614476680756
-0.603741168976,-0.205435499549,1.13761568069,0.0465881451964,-0.0189526900649,0.788492381573,0.612984597683
-0.60435962677,-0.204764828086,1.13737952709,0.0473996549845,-0.0184451434761,0.78965473175,0.6114397645
-0.604590296745,-0.20417368412,1.13730287552,0.0469221547246,-0.0177356489003,0.791087985039,0.609642207623
-0.604581713676,-0.203953459859,1.13729226589,0.0465830676258,-0.0173498746008,0.792082846165,0.608386218548
-0.604489982128,-0.203575983644,1.13724172115,0.0455301292241,-0.0172575581819,0.793012142181,0.607256770134
-0.604542434216,-0.203319564462,1.13724076748,0.0443107634783,-0.0167150758207,0.794011950493,0.606054604053
-0.604748547077,-0.203019082546,1.13725841045,0.0439083129168,-0.0157787166536,0.795263051987,0.604466557503
-0.604682743549,-0.202794998884,1.13728046417,0.0428711473942,-0.0152317835018,0.796285748482,0.603207349777
-0.60462808609,-0.202567189932,1.13729941845,0.0419696867466,-0.014928563498,0.797603666782,0.601534843445
-0.6036439538,-0.202561944723,1.13752782345,0.0392402596772,-0.0153946457431,0.798128068447,0.601011574268
-0.603620111942,-0.202038124204,1.1374001503,0.0382243692875,-0.0148171167821,0.799573242664,0.599167823792
-0.603590607643,-0.201893910766,1.13748311996,0.0378485023975,-0.0144601408392,0.800701022148,0.597692608833
-0.604486405849,-0.201208248734,1.13722670078,0.0386270470917,-0.0131696453318,0.802265226841,0.595571219921
-0.604432344437,-0.201061457396,1.13729667664,0.0378488078713,-0.0128930956125,0.803461134434,0.594013094902
-0.60331684351,-0.200894072652,1.13742125034,0.0357490442693,-0.0127923199907,0.804679691792,0.592493832111
-0.603244900703,-0.200734719634,1.13751614094,0.0340445749462,-0.0128223784268,0.805481612682,0.591503202915
-0.603026330471,-0.200592800975,1.13760328293,0.0332235582173,-0.0125162908807,0.806505084038,0.590160310268
-0.603702485561,-0.200094118714,1.13741254807,0.0340386778116,-0.0117637654766,0.807854533195,0.588280618191
-0.60384529829,-0.19973474741,1.13742530346,0.0335086025298,-0.0110305752605,0.809295713902,0.586341321468
-0.603001654148,-0.199833646417,1.13762962818,0.0310367457569,-0.0110396919772,0.809993863106,0.585512518883
-0.603012800217,-0.199703350663,1.13778269291,0.0298757944256,-0.0108845755458,0.811057388783,0.584101736546
-0.603692650795,-0.199178129435,1.13751113415,0.0305652264506,-0.0096824336797,0.81244045496,0.582161903381
-0.602513611317,-0.199258863926,1.1375951767,0.0280650537461,-0.0100886877626,0.813036084175,0.581448853016
-0.603242516518,-0.198715791106,1.13744270802,0.0292903967202,-0.00913058873266,0.814505636692,0.579343855381
-0.602936267853,-0.19864217937,1.13751661777,0.0275577288121,-0.00897107366472,0.815274298191,0.578349351883
-0.602915346622,-0.198481947184,1.13757801056,0.0268962308764,-0.00857113208622,0.81622004509,0.577051222324
-0.60293161869,-0.198328271508,1.13760650158,0.0261661056429,-0.00806338805705,0.817133426666,0.575797975063
-0.602239072323,-0.19848357141,1.1378506422,0.0235235635191,-0.00816871318966,0.817506551743,0.575380682945
-0.602264225483,-0.1983409971,1.13777279854,0.0233109258115,-0.00725753651932,0.81843906641,0.574074625969
-0.602280497551,-0.198441028595,1.1379172802,0.022269083187,-0.00679949019104,0.819028794765,0.573279976845
-0.602228224277,-0.198146626353,1.13790130615,0.0215524602681,-0.00665580434725,0.81980317831,0.572201013565
-0.602325558662,-0.198080614209,1.13796782494,0.0210282634944,-0.00606701942161,0.82045507431,0.571292102337
-0.602420508862,-0.197942897677,1.13793444633,0.0202926453203,-0.00560946483165,0.820988416672,0.57055670023
-0.602411925793,-0.197752848268,1.13792467117,0.020443405956,-0.00462445663288,0.82208365202,0.568980932236
-0.602449893951,-0.197732195258,1.13796019554,0.0191159956157,-0.00505592301488,0.822057068348,0.569061756134
-0.602200388908,-0.19755217433,1.13802719116,0.0186644978821,-0.00399934221059,0.823193430901,0.567440092564
-0.602326929569,-0.197582289577,1.13801169395,0.0179172474891,-0.00411267112941,0.823192238808,0.567465186119
-0.602219998837,-0.197417169809,1.13801014423,0.0180459730327,-0.00326768564992,0.824425756931,0.565673053265
-0.602313101292,-0.197426006198,1.13803040981,0.0169822927564,-0.00362912937999,0.824475646019,0.565630912781
-0.602311909199,-0.197416380048,1.13804268837,0.0166341774166,-0.00331184128299,0.825078308582,0.564763844013
-0.603033781052,-0.197039753199,1.13781523705,0.0177096594125,-0.00244020973332,0.82607448101,0.563277304173
-0.602307796478,-0.197404548526,1.13810634613,0.0159116834402,-0.00286531168967,0.826367199421,0.562899589539
-0.602211415768,-0.197461888194,1.1381829977,0.0158202387393,-0.0021868722979,0.82735311985,0.561455130577
-0.602149665356,-0.197574809194,1.13821780682,0.0152998929843,-0.00190884224139,0.827715158463,0.560936629772
-0.602261602879,-0.197376489639,1.13804578781,0.0161793790758,-0.000758719455916,0.828878521919,0.559194147587
-0.602746784687,-0.197378277779,1.13795948029,0.0161430835724,-0.000671476242132,0.829224705696,0.558681845665
-0.60209608078,-0.19773426652,1.1381316185,0.0140299182385,-0.00102168531157,0.829169809818,0.558819770813
-0.602016329765,-0.197895482183,1.13813567162,0.0136988852173,-0.000596978585236,0.829802274704,0.557889103889
-0.601963460445,-0.197839617729,1.13801372051,0.01482843142,0.000583668763284,0.831003308296,0.556069433689
-0.601973235607,-0.198131129146,1.13808143139,0.0137402154505,0.000417180039221,0.830933213234,0.556202471256
-0.601946353912,-0.198311522603,1.1380648613,0.0136959794909,0.000738509814255,0.831272542477,0.55569589138
-0.602009892464,-0.198420763016,1.1379827261,0.0135832577944,0.00107313040644,0.831565260887,0.555259764194
-0.601981759071,-0.198640331626,1.13799607754,0.0135591523722,0.00142641121056,0.831986606121,0.554628193378
-0.602004051208,-0.198802053928,1.13795673847,0.0135985016823,0.00173718109727,0.832420051098,0.553975522518
-0.602039515972,-0.198968783021,1.1379185915,0.0135515285656,0.00210923189297,0.83276373148,0.553458631039
-0.602065742016,-0.199188530445,1.13788557053,0.0136401299387,0.0025687457528,0.833122909069,0.552913784981
-0.602045178413,-0.199488669634,1.13789331913,0.013213227503,0.00275904522277,0.833319425583,0.552627086639
-0.601522743702,-0.199643716216,1.13761782646,0.0128138232976,0.00288683269173,0.833661735058,0.552119314671
-0.601456582546,-0.199864327908,1.13759660721,0.0129017420113,0.00327331037261,0.834200620651,0.551300466061
-0.601903378963,-0.200281426311,1.13776445389,0.0134870698676,0.00411035353318,0.83464962244,0.550600767136
-0.601817786694,-0.20057040453,1.13770735264,0.0136669911444,0.00442893384025,0.835083723068,0.549935400486
-0.601783931255,-0.200793206692,1.13769590855,0.0138885257766,0.00452714040875,0.835669696331,0.549038171768
-0.601694762707,-0.200886756182,1.13756430149,0.0149573720992,0.00517194159329,0.836600422859,0.547585010529
-0.60172021389,-0.201158881187,1.13745045662,0.0154344374314,0.00528174033388,0.83698785305,0.546978116035
-0.601922690868,-0.201774165034,1.13723945618,0.0151784867048,0.00633814511821,0.838160872459,0.545174837112
-0.602162659168,-0.201918467879,1.13709640503,0.0157716684043,0.00738053629175,0.840119838715,0.542121231556
-0.601981639862,-0.202227503061,1.13706433773,0.0163518488407,0.00768803060055,0.840740144253,0.54113727808
-0.601944684982,-0.202611535788,1.13711154461,0.0164016969502,0.00749622192234,0.841106414795,0.540569067001
-0.601641237736,-0.203001886606,1.13698923588,0.0179093386978,0.00830281246454,0.841089487076,0.540535628796
-0.601519048214,-0.203124001622,1.13678300381,0.019917178899,0.00950004905462,0.842259764671,0.538619995117
-0.602268636227,-0.203100994229,1.13663780689,0.0216982085258,0.00920290313661,0.843008220196,0.537383973598
-0.602068305016,-0.203362092376,1.13662552834,0.0222933590412,0.00932293664664,0.843874156475,0.535996615887
-0.601662218571,-0.20372030139,1.13666176796,0.0231924653053,0.0102145243436,0.845055580139,0.534077703953
-0.601413011551,-0.204046994448,1.13667953014,0.0239858590066,0.0103207286447,0.84606140852,0.532445549965
-0.60112118721,-0.204245150089,1.13665533066,0.0245550852269,0.0103568099439,0.847026228905,0.530882716179
-0.600893735886,-0.205139040947,1.13687062263,0.0220767427236,0.00995666254312,0.847994923592,0.529450774193
-0.59978979826,-0.204739123583,1.13716292381,0.0251736752689,0.00828534178436,0.847716450691,0.529787242413
-0.599550783634,-0.205023989081,1.13724005222,0.0259323343635,0.00845385808498,0.848827838898,0.527965426445
-0.598586082458,-0.205700606108,1.13753044605,0.0241231434047,0.00848263595253,0.849701225758,0.526644051075
-0.598182678223,-0.206236481667,1.13764834404,0.0244440548122,0.00881692487746,0.850637316704,0.52511036396
-0.598150372505,-0.206545099616,1.13741827011,0.0241143368185,0.00766331562772,0.852012872696,0.522909104824
-0.59772247076,-0.207195490599,1.1376543045,0.0242038667202,0.00853000301868,0.853046059608,0.521204352379
-0.597331941128,-0.207568079233,1.13771355152,0.0247500259429,0.00885935686529,0.854312717915,0.519094228745
-0.596888482571,-0.207676112652,1.13767766953,0.0252418648452,0.00806220434606,0.85538995266,0.517306566238
-0.596829950809,-0.208615288138,1.1375644207,0.0263479538262,0.0109800649807,0.856161057949,0.515920102596
-0.596370816231,-0.208909109235,1.13757812977,0.0264028739184,0.0106597226113,0.857173204422,0.514240682125
-0.59616881609,-0.210174977779,1.13802158833,0.0257635898888,0.0114948851988,0.857915639877,0.513015508652
-0.595390200615,-0.209698468447,1.13789236546,0.0266532283276,0.0101460460573,0.859523653984,0.510299563408
-0.595017194748,-0.210123598576,1.1380263567,0.0249588191509,0.00918033905327,0.861484587193,0.507086873055
-0.59412252903,-0.210341617465,1.13843584061,0.0250794980675,0.0074085756205,0.862004041672,0.506226599216
-0.59398150444,-0.211482405663,1.13876986504,0.0245688259602,0.00882778503001,0.862710773945,0.505023419857
-0.59404951334,-0.211596146226,1.1387219429,0.0259814802557,0.00899321306497,0.864342868328,0.502150893211
-0.593372762203,-0.211977794766,1.13895344734,0.0269205812365,0.00889899395406,0.864701509476,0.501485109329
-0.592683792114,-0.212425991893,1.13897275925,0.0262069478631,0.00841300841421,0.86552298069,0.500112593174
-0.592002689838,-0.212795510888,1.13908016682,0.0260651428252,0.00889797881246,0.866763472557,0.4979583323
-0.591483831406,-0.213269352913,1.13924264908,0.0255253389478,0.0079789115116,0.867809951305,0.496176093817
-0.591043949127,-0.213654816151,1.13941586018,0.0256806686521,0.00803389120847,0.869276165962,0.493593931198
-0.590600669384,-0.213981732726,1.13947200775,0.0252618230879,0.00737529434264,0.870303988457,0.491811394691
-0.590401887894,-0.214209720492,1.13953924179,0.0256465375423,0.00718681933358,0.871575951576,0.489536374807
-0.589988589287,-0.214544802904,1.13963246346,0.0258897375315,0.00697614206001,0.872808933258,0.487325042486
-0.589192092419,-0.214086353779,1.13941454887,0.0259355250746,0.00548922875896,0.874079227448,0.48505961895
-0.587822020054,-0.214688912034,1.13962221146,0.0239307750016,0.00459432322532,0.874662578106,0.484119534492
-0.587697982788,-0.215927496552,1.13994443417,0.0233692359179,0.00586702395231,0.875019967556,0.483486801386
-0.587268471718,-0.216288089752,1.13995540142,0.0229389797896,0.00510590011254,0.875737786293,0.482214808464
-0.586867511272,-0.216350272298,1.13986480236,0.0237404424697,0.00552141247317,0.876933932304,0.479992538691
-0.586602389812,-0.216575503349,1.13990581036,0.0239602159709,0.00497157033533,0.877648413181,0.478679925203
-0.58619594574,-0.21672539413,1.13996136189,0.0234057437629,0.00388547964394,0.878148972988,0.477798610926
-0.586257636547,-0.216647967696,1.13971376419,0.0252928547561,0.00361756375059,0.878952145576,0.476225137711
-0.585811376572,-0.216986119747,1.139503479,0.0256707835943,0.00372946332209,0.87902110815,0.476076811552
-0.585635185242,-0.217155858874,1.13952124119,0.0262342356145,0.00287923170254,0.87928378582,0.47556656599
-0.585237503052,-0.217362478375,1.139518857,0.0261516142637,0.00192552106455,0.879042804241,0.476021170616
-0.584379315376,-0.21767218411,1.13957571983,0.0255177188665,0.00123945402447,0.878778040409,0.476546496153
-0.584583938122,-0.218214675784,1.13919711113,0.0242399312556,0.00174378696829,0.879650831223,0.474998861551
-0.584337770939,-0.218155398965,1.13906216621,0.0257171429694,0.00222733174451,0.879922389984,0.474415808916
-0.583075225353,-0.218256264925,1.1390068531,0.0247964654118,0.00105290929787,0.879297316074,0.475626349449
-0.582964777946,-0.218504264951,1.13892149925,0.0256182365119,0.000480118615087,0.879010498524,0.476113587618
-0.583502233028,-0.218651920557,1.13869905472,0.0287575870752,0.00159737106878,0.878310978413,0.477221429348
-0.583134353161,-0.218776598573,1.13859200478,0.0291663538665,0.00115425500553,0.877494871616,0.478697031736
-0.582382380962,-0.218547657132,1.13885545731,0.0299907438457,-0.00104768807068,0.876467466354,0.480525016785
-0.581155180931,-0.218493074179,1.13888299465,0.0292368866503,-0.00230881106108,0.875488579273,0.482348173857
-0.581963002682,-0.21856687963,1.13885009289,0.0316829495132,-0.00175475445576,0.875291883945,0.482552796602
-0.581313073635,-0.217896237969,1.13867604733,0.0324682816863,-0.00411640712991,0.874586224556,0.483764082193
-0.581112861633,-0.217791184783,1.13854777813,0.0338156074286,-0.00377417402342,0.874350190163,0.484101355076
-0.579640746117,-0.217937693,1.13839685917,0.03247160092,-0.00526668969542,0.872953772545,0.486692517996
-0.580384254456,-0.21767295897,1.13828086853,0.0350749418139,-0.0052831210196,0.872670710087,0.487019181252
-0.58008235693,-0.217733934522,1.13813614845,0.0355838611722,-0.00527100265026,0.871840775013,0.488466799259
-0.580329716206,-0.217497825623,1.13800287247,0.0375413000584,-0.00532004982233,0.87106692791,0.48969861865
-0.579430282116,-0.217847883701,1.13807380199,0.0353789962828,-0.00684616388753,0.870453000069,0.490930855274
-0.579217076302,-0.217844873667,1.13805937767,0.0364165194333,-0.00690485909581,0.869851887226,0.491918683052
-0.580005764961,-0.218020528555,1.13760268688,0.039391413331,-0.00443497672677,0.86863052845,0.49387216568
-0.579392671585,-0.2183021456,1.1376914978,0.0392641313374,-0.00445926748216,0.867421925068,0.496001452208
-0.577294707298,-0.218757659197,1.13786435127,0.036317192018,-0.00561864068732,0.865654826164,0.499290913343
-0.576989293098,-0.218694418669,1.13773345947,0.0366391018033,-0.00674887327477,0.864011585712,0.502091705799
-0.578533649445,-0.218401521444,1.13750481606,0.0415302589536,-0.00475747371092,0.86391890049,0.501893281937
-0.576298713684,-0.218784958124,1.1376541853,0.0380076654255,-0.00723380269483,0.861524641514,0.506239414215
-0.578090965748,-0.218586787581,1.13758862019,0.0414987131953,-0.00558321457356,0.861784100533,0.505544185638
-0.577571153641,-0.218912824988,1.13761627674,0.0422201268375,-0.0057978387922,0.859123051167,0.509991705418
-0.57689511776,-0.218889996409,1.13804292679,0.042126826942,-0.00776692060754,0.85671889782,0.514001727104
-0.574734270573,-0.219391658902,1.13835728168,0.0394187793136,-0.009456994012,0.854528546333,0.517820060253
-0.576916277409,-0.219297975302,1.13768112659,0.0437183342874,-0.00582700083032,0.855075180531,0.516624629498
-0.576833605766,-0.21953356266,1.1377081871,0.0450258813798,-0.00587900308892,0.852339565754,0.521013855934
-0.574661970139,-0.220113575459,1.1378005743,0.0403230823576,-0.00805686227977,0.850670933723,0.524088144302
-0.574558317661,-0.220506504178,1.13782739639,0.042700368911,-0.00622721482068,0.847539365292,0.528975427151
-0.573684930801,-0.220038831234,1.13830256462,0.0429107807577,-0.00901100505143,0.845469236374,0.532221317291
-0.575438141823,-0.219969034195,1.13809072971,0.0477650202811,-0.00678038038313,0.84352427721,0.534919917583
-0.573763787746,-0.220862045884,1.13784193993,0.0451408736408,-0.00680839177221,0.841282784939,0.538664340973
-0.572925984859,-0.220812931657,1.13815736771,0.0456326566637,-0.00774838682264,0.838374555111,0.543125987053
-0.572545468807,-0.221115171909,1.13819110394,0.0458615384996,-0.007639918942,0.835778653622,0.547094583511
-0.572917461395,-0.221718654037,1.13782393932,0.0469569899142,-0.00505687808618,0.833817124367,0.550016760826
-0.571976542473,-0.221408396959,1.13814735413,0.0472722686827,-0.00807873997837,0.830990493298,0.554215729237
-0.571783363819,-0.221697553992,1.13820779324,0.0480339713395,-0.00746395997703,0.828695118427,0.55758535862
-0.571616530418,-0.222713127732,1.13846993446,0.0481711626053,-0.00617341464385,0.8252851367,0.56262421608
-0.572174966335,-0.222815796733,1.13828206062,0.0502845346928,-0.00480393972248,0.823033869267,0.565741837025
-0.570850670338,-0.222568035126,1.13819622993,0.049261122942,-0.006690739654,0.820415914059,0.569602012634
-0.570322275162,-0.222927689552,1.13831043243,0.0489941835403,-0.0068715037778,0.817551195621,0.573726892471
-0.569930613041,-0.223046526313,1.13826787472,0.0492548085749,-0.0068363850005,0.814802229404,0.577602386475
-0.57007175684,-0.222882345319,1.13825213909,0.0516766868532,-0.00628392910585,0.81300675869,0.579922497272
-0.569788217545,-0.223570808768,1.13819479942,0.0505011789501,-0.00531388027593,0.810297966003,0.583813905716
-0.569391012192,-0.223729074001,1.1383972168,0.0508873462677,-0.0067725982517,0.807072639465,0.588216423988
-0.569128513336,-0.223870143294,1.13830304146,0.0515700802207,-0.00609674490988,0.80437374115,0.591849923134
-0.569478392601,-0.224326327443,1.13828682899,0.0522649288177,-0.00521188229322,0.801517426968,0.595660150051
-0.569823145866,-0.224754959345,1.13835942745,0.0534253157675,-0.00384710868821,0.799159646034,0.598727762699
-0.568615615368,-0.224764749408,1.1384459734,0.0521655641496,-0.00577163463458,0.796277046204,0.602651238441
-0.56832408905,-0.225163072348,1.13842654228,0.0522509403527,-0.00528237456456,0.793796956539,0.605911314487
-0.568317472935,-0.225580692291,1.13853192329,0.0521738380194,-0.00524925347418,0.791039526463,0.609513700008
-0.568326115608,-0.225888580084,1.13873779774,0.0528340302408,-0.00534759275615,0.788935005665,0.612177670002
-0.568253278732,-0.226392403245,1.13868808746,0.0529023967683,-0.00512649957091,0.786307394505,0.615544915199
-0.568113803864,-0.226403072476,1.13849139214,0.0527415089309,-0.00501037621871,0.784162521362,0.618290066719
-0.567957818508,-0.226974546909,1.13851130009,0.0527825728059,-0.00518115237355,0.781538367271,0.621598720551
-0.567948162556,-0.227374732494,1.13850462437,0.0520961470902,-0.0047206170857,0.779266357422,0.624505937099
-0.567781865597,-0.227554440498,1.13830387592,0.0518706031144,-0.00526832044125,0.777068257332,0.627253234386
-0.570125877857,-0.227482646704,1.13803100586,0.0560922026634,-0.00301228603348,0.775524497032,0.628813385963
-0.56986105442,-0.227779656649,1.13789343834,0.0561154186726,-0.00322252348997,0.773529946804,0.631262421608
-0.567620933056,-0.228524103761,1.13803160191,0.0518925189972,-0.00591586623341,0.770735621452,0.635010898113
-0.567596316338,-0.22887660563,1.13788020611,0.0517937541008,-0.0061236647889,0.768548667431,0.637661993504
-0.569567024708,-0.228872135282,1.13763642311,0.0553018152714,-0.00452261511236,0.767228841782,0.638968884945
-0.567548036575,-0.229344502091,1.13756871223,0.0517640076578,-0.0071057532914,0.764750361443,0.64220482111
-0.567659080029,-0.229566082358,1.13737440109,0.0518986359239,-0.00714961765334,0.763100743294,0.644152641296
-0.567537069321,-0.229802921414,1.1372320652,0.0516611300409,-0.00787524878979,0.761337816715,0.64624607563
-0.567507684231,-0.229960113764,1.13705253601,0.0518083125353,-0.00862046331167,0.759567916393,0.648304224014
-0.567539155483,-0.230119720101,1.13692188263,0.0518521256745,-0.00941854249686,0.757842481136,0.650305747986
-0.568680882454,-0.230536803603,1.13685560226,0.0529455691576,-0.00835114903748,0.756171524525,0.652174651623
-0.568899691105,-0.230469360948,1.1366455555,0.0534725151956,-0.00890107266605,0.754901528358,0.653594017029
-0.569032132626,-0.230648815632,1.13641059399,0.0532887727022,-0.00923605635762,0.753369212151,0.655370116234
-0.568928003311,-0.230830073357,1.13623178005,0.0530894845724,-0.0103256255388,0.75169724226,0.657287061214
-0.568926095963,-0.23095947504,1.13605010509,0.0528734363616,-0.0109765054658,0.75025755167,0.658936738968
-0.569016575813,-0.230993628502,1.13589406013,0.0530043952167,-0.0115975886583,0.749053418636,0.660283863544
-0.569782435894,-0.230809494853,1.13541722298,0.0544169656932,-0.0111942458898,0.74808627367,0.661271989346
-0.569931268692,-0.230891913176,1.13518476486,0.0548823773861,-0.0117857176811,0.746976137161,0.662476956844
-0.569243252277,-0.231513813138,1.13530814648,0.0520618185401,-0.0132045065984,0.745244860649,0.664624273777
-0.569219768047,-0.231644228101,1.13515853882,0.0517143793404,-0.0138326324522,0.744069576263,0.665954172611
-0.569774270058,-0.23145891726,1.13470220566,0.0533585958183,-0.0136837791651,0.743395447731,0.666580080986
-0.569034516811,-0.232071235776,1.13480269909,0.051458530128,-0.0145400511101,0.742171049118,0.668074011803
-0.569852292538,-0.231625452638,1.13435721397,0.0531038045883,-0.0145874600857,0.741644918919,0.668528199196
-0.568925857544,-0.23223015666,1.13449645042,0.0507058799267,-0.0158761553466,0.740413188934,0.670048654079
-0.569009542465,-0.232571706176,1.13437950611,0.0503699705005,-0.015945835039,0.73979395628,0.670755922794
-0.568932294846,-0.232759267092,1.13428223133,0.0494605824351,-0.0168158020824,0.738826274872,0.671868145466
-0.569180846214,-0.232825949788,1.13404452801,0.0497562848032,-0.0166661981493,0.73890709877,0.671761155128
-0.568926036358,-0.23300768435,1.1341137886,0.0485087893903,-0.0178567860276,0.738204956055,0.672593176365
-0.568840563297,-0.233255773783,1.13391625881,0.0485543049872,-0.018202893436,0.737830579281,0.672991394997
-0.568818986416,-0.233536347747,1.13394248486,0.0479029864073,-0.0185682568699,0.737776815891,0.673086881638
-0.568737089634,-0.233642056584,1.13379788399,0.0473910681903,-0.0190306324512,0.737418532372,0.673502624035
-0.568661272526,-0.233785971999,1.13378202915,0.0465399324894,-0.0195696800947,0.737273395061,0.673705458641
-0.568607509136,-0.233915582299,1.13381397724,0.0460128523409,-0.0201730243862,0.737238407135,0.673762202263
-0.568547308445,-0.234165325761,1.13383746147,0.0453102588654,-0.0205904506147,0.737264692783,0.673768460751
-0.56838965416,-0.234411761165,1.13382947445,0.045075006783,-0.0211547799408,0.73732483387,0.673700809479
-0.568332910538,-0.234690651298,1.13387334347,0.0441297031939,-0.0216321926564,0.737212717533,0.67387086153
-0.568244040012,-0.234871342778,1.1338634491,0.0433877892792,-0.0219153184444,0.737390518188,0.673715472221
-0.568192005157,-0.235226050019,1.13390445709,0.0429127179086,-0.0220666732639,0.737697720528,0.673404633999
-0.568085432053,-0.235342279077,1.13383579254,0.0424351766706,-0.0226124059409,0.737933218479,0.673158526421
-0.568052530289,-0.235528275371,1.13383579254,0.0418256558478,-0.0228792112321,0.738276720047,0.672810971737
-0.56806665659,-0.235873654485,1.13391268253,0.0413850136101,-0.0228176601231,0.7387393713,0.672332465649
-0.567906320095,-0.23594288528,1.13387846947,0.0408497229218,-0.0234610531479,0.739133656025,0.671909630299
-0.567880570889,-0.236284568906,1.13391804695,0.0402367115021,-0.0233174934983,0.739701449871,0.671326339245
-0.567760467529,-0.236354112625,1.13385391235,0.0395214259624,-0.0237860027701,0.740206420422,0.670795679092
-0.567658305168,-0.236700937152,1.13391840458,0.0393793284893,-0.0238027237356,0.740847885609,0.670094907284
-0.567588150501,-0.236868053675,1.13388061523,0.0394270420074,-0.0237519554794,0.741661667824,0.669193148613
-0.56846755743,-0.236546263099,1.13365495205,0.0406762473285,-0.0230345800519,0.74274712801,0.667938172817
-0.568476498127,-0.236601144075,1.13362121582,0.0407642498612,-0.0232773218304,0.743434727192,0.667159199715
-0.568397343159,-0.236813485622,1.13363158703,0.0405135266483,-0.0234133824706,0.744123399258,0.666401445866
-0.568332850933,-0.237055286765,1.1335914135,0.0400637127459,-0.0232012681663,0.744819402695,0.665658056736
-0.568316161633,-0.237129718065,1.13363707066,0.0393178723752,-0.0234214570373,0.745630145073,0.664786636829
-0.568251311779,-0.237378105521,1.13361358643,0.0387265570462,-0.0232306793332,0.746230244637,0.664154350758
-0.568080067635,-0.23757520318,1.13365268707,0.0383931919932,-0.0232273656875,0.746858477592,0.663467407227
-0.567814588547,-0.237722188234,1.13370621204,0.0373744890094,-0.0234228093177,0.74747556448,0.66282337904
-0.567753851414,-0.237949803472,1.13386964798,0.0370245426893,-0.0234404839575,0.748396515846,0.661802530289
-0.567537844181,-0.238021671772,1.13383328915,0.0366193093359,-0.0237582437694,0.748862266541,0.661286652088
-0.567425787449,-0.238270699978,1.13394451141,0.0360832065344,-0.023639222607,0.749513328075,0.66058242321
-0.567436635494,-0.238360032439,1.13402688503,0.0358991026878,-0.0239536669105,0.750305771828,0.659680843353
-0.567569792271,-0.238297432661,1.13402044773,0.0358787961304,-0.0239613819867,0.750959873199,0.658936977386
-0.567622721195,-0.238388612866,1.13409161568,0.0355519764125,-0.0238749999553,0.751580119133,0.658250212669
-0.566833138466,-0.238905489445,1.13440215588,0.0335002653301,-0.0245306808501,0.751817107201,0.658063173294
-0.566939175129,-0.239162161946,1.1345179081,0.0328466445208,-0.0245893839747,0.752329170704,0.657508313656
-0.566995084286,-0.239243209362,1.1345744133,0.0326109156013,-0.0246334467083,0.753069698811,0.65667027235
-0.567040503025,-0.239283904433,1.13464081287,0.0323334336281,-0.024780312553,0.754003822803,0.65560567379
-0.567106723785,-0.239234626293,1.13466596603,0.0324101932347,-0.0246719326824,0.755142986774,0.65429353714
-0.567211091518,-0.239367544651,1.13475501537,0.0321790017188,-0.0244037155062,0.756122112274,0.653183281422
-0.567251980305,-0.23943322897,1.13486194611,0.0316191203892,-0.0245151016861,0.757019162178,0.6521666646
-0.567308664322,-0.239450797439,1.13490509987,0.0313942097127,-0.0247483570129,0.757970035076,0.651063323021
-0.567435741425,-0.239427313209,1.13497042656,0.0312946662307,-0.0247742086649,0.758903563023,0.649978816509
-0.567496180534,-0.239194914699,1.1349542141,0.0316690430045,-0.0252422709018,0.759867787361,0.648814976215
-0.568178832531,-0.238764464855,1.13482034206,0.0334105379879,-0.0251645576209,0.761214017868,0.647150635719
-0.568237781525,-0.238728255033,1.13487696648,0.0332904569805,-0.0252702906728,0.762071251869,0.646142959595
-0.568535387516,-0.238512068987,1.1350069046,0.0337235666811,-0.0255709849298,0.763030052185,0.644976079464
-0.568745017052,-0.238422900438,1.1350632906,0.0338707230985,-0.025595638901,0.763797581196,0.644058227539
-0.567626774311,-0.238855555654,1.13525927067,0.0313207805157,-0.0266898497939,0.763850450516,0.644080162048
-0.567755520344,-0.23876529932,1.13531732559,0.0313750393689,-0.0268717966974,0.764596581459,0.643184065819
-0.567991435528,-0.238613858819,1.13533234596,0.0314867533743,-0.0268676131964,0.765306055546,0.642334222794
-0.567789077759,-0.238372042775,1.13536691666,0.0312761031091,-0.0274751633406,0.765951454639,0.641549289227
-0.568207204342,-0.238446787,1.1353726387,0.0313852392137,-0.0269599892199,0.766565144062,0.640832364559
-0.569540202618,-0.237670391798,1.13533318043,0.0341989025474,-0.0262158755213,0.768057703972,0.638929367065
-0.569677710533,-0.237563222647,1.13538277149,0.0338991954923,-0.0266191046685,0.768312513828,0.638622164726
-0.568773388863,-0.237835109234,1.1356703043,0.0321552120149,-0.0272397175431,0.768615067005,0.63832205534
-0.568832397461,-0.23772200942,1.1356754303,0.032112326473,-0.0272586196661,0.769056081772,0.63779181242
-0.569003164768,-0.237499281764,1.13570916653,0.0322430469096,-0.0275864358991,0.769517242908,0.637214839458
-0.569868147373,-0.237106561661,1.13556528091,0.0335859432817,-0.0271066352725,0.770119428635,0.636438131332
-0.568597316742,-0.237099334598,1.13550710678,0.0318299718201,-0.0281115304679,0.770236372948,0.636343240738
-0.569354474545,-0.23685836792,1.13563799858,0.0316504016519,-0.028718188405,0.769716918468,0.636953353882
-0.569301962852,-0.236921995878,1.13584339619,0.0318720936775,-0.0275892987847,0.770828306675,0.635646641254
-0.569413840771,-0.236717298627,1.13590872288,0.032016992569,-0.027786264196,0.771175801754,0.635209262371
-0.568977177143,-0.236405834556,1.13567662239,0.0317418314517,-0.0282803121954,0.77144742012,0.634871423244
-0.569163680077,-0.236327201128,1.13571250439,0.0315031968057,-0.0277105011046,0.771683216095,0.634621739388
-0.569281816483,-0.236172914505,1.13570392132,0.0315815843642,-0.0277635119855,0.771675825119,0.63462460041
-0.56932926178,-0.236022397876,1.13569962978,0.0319555625319,-0.027766590938,0.771772027016,0.634488582611
-0.570662736893,-0.235611245036,1.13570737839,0.0340337492526,-0.0265652015805,0.772259056568,0.633839011192
-0.56877207756,-0.235717281699,1.13589370251,0.0309576746076,-0.0282013211399,0.771874964237,0.634393870831
-0.568824827671,-0.235370203853,1.1358602047,0.0314936302602,-0.0283193010837,0.772033810616,0.634168803692
-0.568893134594,-0.235187873244,1.13588190079,0.03171588853,-0.0281480699778,0.772118508816,0.634062349796
-0.571226716042,-0.234638214111,1.13569951057,0.0353119671345,-0.0260535720736,0.772517085075,0.633475840092
-0.57138800621,-0.234370082617,1.13570261002,0.0355241447687,-0.0258396416903,0.772510111332,0.63348120451
-0.571543991566,-0.234113648534,1.13572120667,0.0359132960439,-0.0253704227507,0.772581756115,0.633390903473
-0.569419980049,-0.234286338091,1.13593065739,0.032322011888,-0.027568358928,0.771683812141,0.63458609581
-0.569550871849,-0.233938798308,1.13589417934,0.033043012023,-0.0271171331406,0.771765351295,0.634469151497
-0.569649517536,-0.233759224415,1.1359193325,0.0333284474909,-0.0266968719661,0.771629452705,0.634637475014
-0.569820582867,-0.233611032367,1.13597846031,0.0333884395659,-0.0265356879681,0.771318614483,0.635018587112
-0.569963216782,-0.233358368278,1.13599920273,0.0338591970503,-0.0262841768563,0.771159112453,0.635197997093
-0.570126116276,-0.233076483011,1.1360168457,0.0343823060393,-0.0260373409837,0.770980715752,0.635396420956
-0.570292830467,-0.23282854259,1.13599991798,0.0349121317267,-0.0257682073861,0.770803809166,0.635593295097
-0.570466041565,-0.232608363032,1.13601267338,0.035343773663,-0.0254459362477,0.770611703396,0.63581520319
-0.570633709431,-0.232327505946,1.13605463505,0.0359105430543,-0.0250736176968,0.770365536213,0.636096537113
-0.57280176878,-0.231699064374,1.13586008549,0.0398056060076,-0.0228158645332,0.770782470703,0.635444462299
-0.572973787785,-0.231420427561,1.13583374023,0.0403163097799,-0.0225049369037,0.770592868328,0.635653018951
-0.571164608002,-0.23141387105,1.1359962225,0.0378626435995,-0.0240466408432,0.77008920908,0.636357605457
-0.571396112442,-0.231082722545,1.13598918915,0.0383830219507,-0.0236372798681,0.769992649555,0.636458516121
-0.573807179928,-0.230518147349,1.13579559326,0.0425119996071,-0.0210682861507,0.770355582237,0.635846912861
-0.5740198493,-0.230264097452,1.1357858181,0.0430327318609,-0.0208878610283,0.769989311695,0.636261343956
-0.571908712387,-0.230356633663,1.13597929478,0.0396423302591,-0.0227612163872,0.769289910793,0.63726234436
-0.572112977505,-0.230139687657,1.13596045971,0.0399673208594,-0.0227186698467,0.768983840942,0.63761305809
-0.572321712971,-0.229829713702,1.13593184948,0.0404178760946,-0.0225260462612,0.76880300045,0.637809455395
-0.572629153728,-0.229524955153,1.13588666916,0.0409829504788,-0.022564612329,0.768633544445,0.637976408005
-0.572761833668,-0.229124814272,1.13575088978,0.0409914627671,-0.0222058724612,0.768360674381,0.638316810131
-0.573673427105,-0.228938728571,1.13558256626,0.042637232691,-0.0208553783596,0.768522918224,0.63805937767
-0.573945939541,-0.228575378656,1.13552582264,0.0429159104824,-0.020638667047,0.76826363802,0.638359844685
-0.574063718319,-0.228366598487,1.13547790051,0.0430279746652,-0.0202509872615,0.768158495426,0.638491332531
-0.573611021042,-0.228257194161,1.13562238216,0.0420414507389,-0.0208603385836,0.767860889435,0.638895094395
-0.576030135155,-0.227651789784,1.13531649113,0.0458353050053,-0.0182669330388,0.768455028534,0.637998700142
-0.576222658157,-0.227373406291,1.13528645039,0.0460602007806,-0.0181755702943,0.768300354481,0.638171374798
-0.576352894306,-0.227073639631,1.1353559494,0.046196706593,-0.0184593293816,0.768106818199,0.638386428356
-0.576434254646,-0.226810261607,1.13540577888,0.0462296940386,-0.0186317265034,0.768041789532,0.638457119465
-0.576812148094,-0.226565152407,1.13536584377,0.0465630404651,-0.018274012953,0.767948567867,0.638555407524
-0.576858460903,-0.226181834936,1.13534927368,0.046660207212,-0.0182774886489,0.768022239208,0.638459563255
-0.575135648251,-0.226437613368,1.13560390472,0.0433237403631,-0.0202640555799,0.767223000526,0.63959479332
-0.575366735458,-0.226212829351,1.13561999798,0.0433680862188,-0.0200729351491,0.767084956169,0.63976341486
-0.575632333755,-0.22598002851,1.13559627533,0.0435579195619,-0.0199631247669,0.767001986504,0.639853358269
-0.575848698616,-0.225662827492,1.13557779789,0.0439573675394,-0.0198155082762,0.767177402973,0.639620184898
-0.578131616116,-0.225049257278,1.13539171219,0.0475363396108,-0.0176132693887,0.767721831799,0.638774752617
-0.577328264713,-0.225194916129,1.13554692268,0.0451221726835,-0.0183589011431,0.766892850399,0.639923751354
-0.57755279541,-0.224992915988,1.13555157185,0.0450530350208,-0.018341742456,0.766857683659,0.639971256256
-0.577680110931,-0.224633455276,1.13558185101,0.0449620038271,-0.018657291308,0.766726672649,0.640125453472
-0.578014791012,-0.224316313863,1.13554418087,0.0447224527597,-0.0182259008288,0.766900777817,0.639946162701
-0.578221201897,-0.224089890718,1.13555598259,0.0447422862053,-0.0182431079447,0.766902387142,0.639942288399
-0.578330516815,-0.223683953285,1.13557755947,0.0450845807791,-0.018433554098,0.766952395439,0.639852821827
-0.578510224819,-0.22340144217,1.13558447361,0.0449273809791,-0.0183917228132,0.766946673393,0.639871954918
-0.578735232353,-0.223220303655,1.13561916351,0.0446514412761,-0.0183838587254,0.766824066639,0.640038490295
-0.578973710537,-0.223088026047,1.13565838337,0.0445102378726,-0.0182329677045,0.766892075539,0.639971137047
-0.579137206078,-0.222828939557,1.13564562798,0.0443032309413,-0.018345227465,0.766879022121,0.639998018742
-0.579308748245,-0.222588330507,1.135658741,0.044108517468,-0.0183496903628,0.766890585423,0.639997541904
-0.579520702362,-0.22236149013,1.13567221165,0.0436656102538,-0.0183659642935,0.766794919968,0.640141904354
-0.579798579216,-0.222048416734,1.13566541672,0.0435855612159,-0.0183715168387,0.766758978367,0.640190243721
-0.57994645834,-0.221681654453,1.13563835621,0.0432324483991,-0.0187703128904,0.766518115997,0.64049077034
-0.580774188042,-0.22102060914,1.13541138172,0.0451291278005,-0.0183203667402,0.766993939877,0.639803290367
-0.579460561275,-0.220994412899,1.13535249233,0.0427015200257,-0.0197319816798,0.766793966293,0.640167415142
-0.579624712467,-0.220820650458,1.13539707661,0.0421763919294,-0.0196595247835,0.766652047634,0.640374422073
-0.581412434578,-0.22022241354,1.13534724712,0.0444630980492,-0.0183575451374,0.767060339451,0.639769136906
-0.581762611866,-0.219887837768,1.13530135155,0.0445220023394,-0.0185839813203,0.766999542713,0.639831364155
-0.58203125,-0.219646573067,1.13530015945,0.0438023097813,-0.0183049943298,0.766973972321,0.639919698238
-0.582151353359,-0.219417616725,1.13527297974,0.0440639778972,-0.018547039479,0.76685154438,0.640041530132
-0.582326889038,-0.219014957547,1.13520812988,0.0438743941486,-0.018918145448,0.766591906548,0.640354633331
-0.582497298717,-0.218661352992,1.13516068459,0.0431371182203,-0.0188921000808,0.766512155533,0.640500962734
-0.582586526871,-0.218399941921,1.13509953022,0.0432153306901,-0.0192173328251,0.766410648823,0.64060741663
-0.581053555012,-0.218409702182,1.13517105579,0.0405096486211,-0.0210576225072,0.765774905682,0.641486108303
-0.581739366055,-0.218208879232,1.13515293598,0.0403017289937,-0.0203348193318,0.765479028225,0.641875684261
-0.582255661488,-0.218016654253,1.13542222977,0.0404567196965,-0.0201336368918,0.765450596809,0.641906023026
-0.582426249981,-0.217732205987,1.13540542126,0.040284357965,-0.0203270949423,0.765270292759,0.642125725746
-0.582284867764,-0.217448294163,1.13511884212,0.0391263589263,-0.0203911289573,0.76495051384,0.642576158047
-0.582055330276,-0.217019096017,1.13504230976,0.0390599891543,-0.0213120467961,0.764633119106,0.64292794466
-0.582159757614,-0.216704294086,1.13501143456,0.0389462448657,-0.0215532518923,0.764308214188,0.64331305027
-0.583729565144,-0.21611854434,1.1349697113,0.0406052805483,-0.0202224273235,0.764503121376,0.643022060394
-0.583186388016,-0.216206550598,1.13517272472,0.038879904896,-0.0211235955358,0.763783335686,0.643954515457
-0.583213448524,-0.215753734112,1.1351249218,0.0385943762958,-0.0215387791395,0.76340419054,0.644407212734
-0.583392798901,-0.215377539396,1.13511955738,0.0377786494792,-0.0215067509562,0.763121962547,0.644790768623
-0.583444833755,-0.215155109763,1.13509070873,0.0377372279763,-0.0217640474439,0.762677788734,0.645309925079
-0.583666920662,-0.214947983623,1.13513219357,0.0375496409833,-0.0216152407229,0.762272238731,0.64580476284
-0.583802461624,-0.21465022862,1.13511383533,0.037289172411,-0.0217092204839,0.761818408966,0.646352171898
-0.583987295628,-0.214386701584,1.13513922691,0.0370381549001,-0.0217773895711,0.761384248734,0.646875679493
-0.584040760994,-0.214093446732,1.13510668278,0.0368084423244,-0.0220353603363,0.760953783989,0.64738625288
-0.584172308445,-0.213786870241,1.13510453701,0.0366671383381,-0.022213563323,0.760536313057,0.647878527641
-0.584303677082,-0.213527649641,1.13510680199,0.0362944304943,-0.0222626179457,0.760104596615,0.648404359818
-0.584446787834,-0.213318884373,1.13513433933,0.0360088273883,-0.022158017382,0.759643673897,0.648963749409
-0.584598481655,-0.213064298034,1.13514912128,0.035502307117,-0.0220577828586,0.759202241898,0.64951133728
-0.584735989571,-0.212743252516,1.1351776123,0.0353653654456,-0.022149965167,0.75869768858,0.650104939938
-0.584858953953,-0.21255838871,1.13521158695,0.0351440086961,-0.0221728868783,0.758243143559,0.650646448135
-0.584976196289,-0.212371811271,1.13524770737,0.0350376851857,-0.0222008451819,0.757729351521,0.651249349117
-0.585107147694,-0.212108924985,1.13525915146,0.0345048420131,-0.0221050884575,0.757261395454,0.65182518959
-0.585223138332,-0.211920127273,1.13529384136,0.0342580266297,-0.0220490228385,0.75681489706,0.652358531952
-0.58529818058,-0.211773663759,1.13534760475,0.0342898331583,-0.022232696414,0.75638794899,0.652845442295
-0.585451126099,-0.211500912905,1.13535130024,0.0342774428427,-0.0218987409025,0.756165802479,0.65311473608
-0.58649623394,-0.210983291268,1.13519895077,0.0357784926891,-0.0212775785476,0.756085038185,0.653148233891
-0.58667498827,-0.210743650794,1.13526701927,0.035757638514,-0.0209562275559,0.755878210068,0.65339910984
-0.586765170097,-0.210545659065,1.13526797295,0.0357874408364,-0.0209206771106,0.755699455738,0.653605401516
-0.587008833885,-0.210386157036,1.13534235954,0.0355711318552,-0.0206337217242,0.755440831184,0.653925180435
-0.587095856667,-0.210360631347,1.13543665409,0.0358196012676,-0.0206693522632,0.755128204823,0.654271602631
-0.587304413319,-0.210257261992,1.13551914692,0.0356459766626,-0.0204641334713,0.75480055809,0.654665470123
-0.587456405163,-0.21018178761,1.13560271263,0.0355050899088,-0.0203091204166,0.754620492458,0.654885530472
-0.587635695934,-0.210204258561,1.13574182987,0.034896697849,-0.0202192105353,0.754269719124,0.655324816704
-0.587765991688,-0.210046619177,1.13578391075,0.035163782537,-0.0200557373464,0.754330277443,0.655245900154
-0.58796697855,-0.209958612919,1.13588213921,0.0351182669401,-0.0199066791683,0.754294157028,0.655294418335
-0.588116884232,-0.2099301368,1.13597667217,0.0349301025271,-0.0197594445199,0.754230499268,0.655382275581
-0.588341832161,-0.209913626313,1.13607752323,0.0352033004165,-0.0196275562048,0.754201829433,0.655404508114
-0.588533103466,-0.209838837385,1.13616192341,0.035053756088,-0.0194430593401,0.754256784916,0.655354678631
-0.587676823139,-0.210321485996,1.13634550571,0.0325122140348,-0.020058946684,0.753656983376,0.65615695715
-0.587879240513,-0.210167065263,1.13635599613,0.0329074338078,-0.0197992622852,0.754032850266,0.65571308136
-0.587762176991,-0.210001036525,1.13640272617,0.0325565896928,-0.0201317630708,0.754322171211,0.655387639999
-0.589199364185,-0.209773764014,1.13644337654,0.0347878225148,-0.0189646370709,0.754880905151,0.654664039612
-0.588718593121,-0.210203826427,1.13678050041,0.0326871536672,-0.0195590276271,0.754700005054,0.654963314533
-0.588954389095,-0.210058748722,1.1367726326,0.0331095531583,-0.0193183384836,0.755288600922,0.654270470142
-0.589154720306,-0.210127517581,1.13687038422,0.032685238868,-0.0192746408284,0.75550454855,0.654043614864
-0.589385569096,-0.210089489818,1.13691663742,0.0327411703765,-0.0190889071673,0.755966246128,0.653512597084
-0.589669883251,-0.210067287087,1.13695955276,0.0330535396934,-0.0189977046102,0.756551802158,0.652821481228
-0.589971840382,-0.210058540106,1.13700258732,0.0331595614552,-0.0187989212573,0.757095634937,0.652191281319
-0.590165674686,-0.210070356727,1.13698518276,0.0330800563097,-0.0184138733894,0.757601678371,0.651618301868
-0.590452075005,-0.210010617971,1.13707268238,0.0331431850791,-0.0183688104153,0.758369863033,0.65072208643
-0.590745866299,-0.210001200438,1.13708841801,0.0332001000643,-0.0181627254933,0.759110033512,0.649861454964
-0.590984582901,-0.2098621279,1.13706231117,0.0337634272873,-0.0178691130131,0.760063767433,0.648724794388
-0.591297745705,-0.209824621677,1.13706469536,0.0339437425137,-0.0176893230528,0.760810375214,0.647844612598
-0.591614365578,-0.209853008389,1.13708627224,0.0338141694665,-0.0174207165837,0.761501669884,0.647045910358
-0.591789722443,-0.209875494242,1.13710570335,0.0337040387094,-0.0173616930842,0.762209832668,0.646218895912
-0.59203183651,-0.209902316332,1.13712584972,0.033513635397,-0.0172113999724,0.762977182865,0.645326793194
-0.592261195183,-0.209841772914,1.13712120056,0.0335167609155,-0.0171231720597,0.763842821121,0.644303977489
-0.591847419739,-0.209641307592,1.13689804077,0.0331162251532,-0.0177353639156,0.764787435532,0.643186569214
-0.593516886234,-0.20929685235,1.13685917854,0.0356229245663,-0.016447301954,0.766022920609,0.64161491394
-0.592759609222,-0.209753200412,1.13694691658,0.0333416052163,-0.0171567499638,0.76625597477,0.64144051075
-0.593967556953,-0.209438309073,1.13693022728,0.035059042275,-0.0163446422666,0.76743888855,0.639954268932
-0.593389868736,-0.209761813283,1.13696801662,0.0334273166955,-0.0169004779309,0.767898440361,0.639475524426
-0.593713104725,-0.209898605943,1.13700449467,0.0333516970277,-0.0166422072798,0.768668472767,0.638560533524
-0.595075130463,-0.209489002824,1.13693022728,0.0354220271111,-0.0158710256219,0.770069897175,0.636777698994
-0.595429003239,-0.209477260709,1.13696086407,0.0355187915266,-0.0158196669072,0.771014511585,0.635629475117
-0.595686256886,-0.209468767047,1.13694775105,0.0355326458812,-0.015518666245,0.771997153759,0.634442448616
-0.594726860523,-0.209930837154,1.13700628281,0.0331523269415,-0.0164294056594,0.772334098816,0.6341381073
-0.594980359077,-0.2099763304,1.1369997263,0.0330822914839,-0.0164210610092,0.773110568523,0.633194923401
-0.595448374748,-0.210065186024,1.13700211048,0.033441144973,-0.0161718279123,0.773955583572,0.632149577141
-0.595772147179,-0.210125029087,1.13699018955,0.033429287374,-0.0160835571587,0.774825513363,0.631085813046
-0.596048474312,-0.210058569908,1.13693678379,0.0335953943431,-0.0161455832422,0.775843501091,0.629823446274
-0.596303939819,-0.210204735398,1.13696241379,0.0332426913083,-0.0160191748291,0.776631593704,0.628873288631
-0.596565186977,-0.210252553225,1.13693022728,0.0334909260273,-0.0159669145942,0.777579843998,0.627688705921
-0.59661847353,-0.21032166481,1.13698792458,0.032987460494,-0.0164284650236,0.778322339058,0.626782417297
-0.596925854683,-0.210545748472,1.13703465462,0.0328409746289,-0.0161757152528,0.779291152954,0.625591933727
-0.597745716572,-0.210623130202,1.13722527027,0.0332178249955,-0.0158980172127,0.780165195465,0.624488651752
-0.598064243793,-0.210745334625,1.13721084595,0.0331978462636,-0.0158079005778,0.781056880951,0.62337654829
-0.598344385624,-0.210856378078,1.13715744019,0.0330338813365,-0.0157694946975,0.781956553459,0.622257113457
-0.598582684994,-0.21104131639,1.13711106777,0.0330286584795,-0.0156989917159,0.78283560276,0.621153056622
-0.598832249641,-0.21114513278,1.13707828522,0.0329817980528,-0.0156096601859,0.783939898014,0.619763433933
-0.599131166935,-0.211261168122,1.13700115681,0.0331964306533,-0.015467881225,0.784851968288,0.618600189686
-0.599372267723,-0.211424618959,1.13699328899,0.0329594500363,-0.0154924672097,0.785728514194,0.617498517036
-0.599741101265,-0.211588039994,1.13700628281,0.0327809490263,-0.0152754541487,0.786710202694,0.616262257099
-0.599976181984,-0.211778178811,1.13704264164,0.0323544815183,-0.0152547908947,0.787580907345,0.615172207355
-0.600202143192,-0.211885869503,1.13697433472,0.0322607681155,-0.0151845291257,0.788652420044,0.61380469799
-0.600362360477,-0.212227344513,1.1370112896,0.031930025667,-0.0152073111385,0.789702117443,0.612470209599
-0.601404368877,-0.212182193995,1.13682866096,0.0333932824433,-0.0143915284425,0.791059851646,0.610657155514
-0.601703822613,-0.212266713381,1.1367777586,0.0332346297801,-0.0144806150347,0.791997432709,0.60944712162
-0.602036714554,-0.212607473135,1.13687634468,0.0329165831208,-0.0139487925917,0.793090879917,0.608053445816
-0.601068615913,-0.213190987706,1.13691806793,0.0304949451238,-0.0148204742,0.793655633926,0.607421815395
-0.602791309357,-0.213174626231,1.13692438602,0.0326273776591,-0.0130373062566,0.795419335365,0.605040132999
-0.603095650673,-0.213243514299,1.13691115379,0.0330201126635,-0.0130565101281,0.796531021595,0.60355424881
-0.60335791111,-0.213612169027,1.13699769974,0.0324373878539,-0.0127343013883,0.797544240952,0.602253258228
-0.60371440649,-0.214026838541,1.13711392879,0.0314139276743,-0.0118407988921,0.798759162426,0.600713729858
-0.603812336922,-0.214342623949,1.13713347912,0.0314624644816,-0.0118732796982,0.799982726574,0.599079966545
-0.60420113802,-0.214730098844,1.13721287251,0.0312896557152,-0.0113828647882,0.801155328751,0.597529649734
-0.604455113411,-0.21507832408,1.13726639748,0.0307907667011,-0.0110039524734,0.802299380302,0.596025705338
-0.603826224804,-0.215654328465,1.1375105381,0.0288397949189,-0.0116482740268,0.802919566631,0.595275580883
-0.6036003232,-0.215247750282,1.13734197617,0.0290050655603,-0.012824844569,0.804688572884,0.592849433422
-0.603849589825,-0.215533673763,1.13744497299,0.0283528249711,-0.0126891182736,0.805691480637,0.591520428658
-0.604129493237,-0.215862363577,1.13753914833,0.0283647794276,-0.0129162557423,0.806815743446,0.589980721474
-0.604225516319,-0.216272220016,1.13774657249,0.028219005093,-0.0125405555591,0.808079957962,0.588262975216
-0.604955732822,-0.21670974791,1.13758468628,0.0279938969761,-0.010142955929,0.81024324894,0.585336983204
-0.604964315891,-0.217110261321,1.1378377676,0.0274102631956,-0.0114417336881,0.810872256756,0.584468960762
-0.605174481869,-0.217120811343,1.13781571388,0.0267689768225,-0.011606904678,0.812201499939,0.582646965981
-0.605594277382,-0.217475906014,1.13793432713,0.0266983285546,-0.0104357330129,0.813621580601,0.580687820911
-0.605478048325,-0.217887297273,1.13787889481,0.026047218591,-0.0109908180311,0.814410090446,0.579600691795
-0.606120407581,-0.217863798141,1.13777148724,0.0268862806261,-0.00963374134153,0.81642973423,0.576738297939
-0.606976866722,-0.218063741922,1.13767659664,0.0282815378159,-0.0086617404595,0.818136334419,0.574262917042
-0.607001006603,-0.218054056168,1.13763904572,0.0274862796068,-0.00932641420513,0.819090127945,0.57293009758
-0.607244074345,-0.218467175961,1.13771104813,0.0274904873222,-0.0093081574887,0.820167899132,0.57138633728
-0.606782376766,-0.219054549932,1.137809515,0.0258006639779,-0.00923426821828,0.821338891983,0.569782018661
-0.606977522373,-0.218860805035,1.13761126995,0.0259087570012,-0.00966459233314,0.822627961636,0.56790715456
-0.608107626438,-0.218872904778,1.13747060299,0.027740387246,-0.00882542412728,0.824219763279,0.565521299839
-0.607466042042,-0.219317942858,1.13749229908,0.0265934336931,-0.00887706223875,0.82531195879,0.56398075819
-0.607746720314,-0.219563856721,1.13747870922,0.0267679207027,-0.0088063897565,0.826516807079,0.562206506729
-0.608756780624,-0.219447910786,1.13739287853,0.0284238085151,-0.00870121736079,0.827874481678,0.560125231743
-0.608829557896,-0.219404861331,1.13747620583,0.02844369784,-0.00970276072621,0.828660488129,0.558944284916
-0.609264194965,-0.219347760081,1.13744699955,0.0289299562573,-0.0100261569023,0.829789221287,0.557236373425
-0.60957968235,-0.219526290894,1.13740718365,0.0291692875326,-0.00999541208148,0.830863237381,0.555621862411
-0.609814286232,-0.219403043389,1.13728666306,0.0300263594836,-0.00967973284423,0.832180142403,0.553607404232
-0.610164582729,-0.219746887684,1.13744330406,0.029205808416,-0.0102661475539,0.832655072212,0.552926123142
-0.610351979733,-0.219582736492,1.13728749752,0.0291570909321,-0.0110414270312,0.833404541016,0.551783502102
-0.609866917133,-0.220148444176,1.13750863075,0.0274064131081,-0.0113571248949,0.833724915981,0.551382541656
-0.610222637653,-0.220226988196,1.13755655289,0.0276621785015,-0.0116809066385,0.834619879723,0.550007462502
-0.610463142395,-0.220300316811,1.13757324219,0.0275731645525,-0.0119973178953,0.835391998291,0.548831582069
-0.61053699255,-0.220428690314,1.13746869564,0.0274244882166,-0.0122683681548,0.836064100266,0.54780870676
-0.610802650452,-0.220586508512,1.13754439354,0.0274879708886,-0.0124696139246,0.836806297302,0.546666502953
-0.611032426357,-0.220804646611,1.13755059242,0.0278810653836,-0.0126817896962,0.837557315826,0.545490205288
-0.611333310604,-0.22092372179,1.13756418228,0.0274711791426,-0.0125391315669,0.838275909424,0.544409394264
-0.611586749554,-0.221064016223,1.13757276535,0.0274220835418,-0.0124661838636,0.838801324368,0.543603718281
-0.612063884735,-0.22113725543,1.1376953125,0.0272150486708,-0.0126748932526,0.839576721191,0.54241091013
-0.612215638161,-0.22137594223,1.1376042366,0.0272013954818,-0.0123368743807,0.839727401733,0.542186319828
-0.612492263317,-0.221573382616,1.13759028912,0.0270444564521,-0.0122225852683,0.840036273003,0.54171782732
-0.612926721573,-0.221943482757,1.13768327236,0.0267781764269,-0.011685103178,0.840210199356,0.541473329067
-0.613189697266,-0.222095131874,1.13760256767,0.0268975328654,-0.0119147766382,0.840215444565,0.541454136372
-0.613650143147,-0.222065478563,1.13745927811,0.0282037854195,-0.0112039707601,0.840832471848,0.540444195271
-0.613408565521,-0.222342938185,1.13728475571,0.0270001962781,-0.0121387112886,0.840277552605,0.541347682476
-0.614324986935,-0.222465261817,1.1374720335,0.027798788622,-0.0120810633525,0.840135872364,0.541528463364
