x,y,z,q0,q1,q2,q3
0.591700911522,-0.190363198519,1.35768306255,-0.309387952089,-0.433653622866,0.538636505604,-0.65275901556
0.591384291649,-0.193182140589,1.35691714287,-0.31095457077,-0.434044539928,0.540859997272,-0.649910211563
0.591766059399,-0.199102550745,1.35610508919,-0.311930269003,-0.436756312847,0.544348299503,-0.644692540169
0.591677427292,-0.202157407999,1.35548818111,-0.312786668539,-0.43728852272,0.546335458755,-0.642231166363
0.591677427292,-0.202157407999,1.35548818111,-0.312786668539,-0.43728852272,0.546335458755,-0.642231166363
0.591734349728,-0.208284452558,1.35441672802,-0.31431978941,-0.439257055521,0.550444126129,-0.636606454849
0.591734349728,-0.208284452558,1.35441672802,-0.31431978941,-0.439257055521,0.550444126129,-0.636606454849
0.59171551466,-0.214280337095,1.3533782959,-0.315838128328,-0.440500766039,0.555760920048,-0.630345344543
0.59171551466,-0.214280337095,1.3533782959,-0.315838128328,-0.440500766039,0.555760920048,-0.630345344543
0.591820895672,-0.220794647932,1.35232377052,-0.317827016115,-0.441945195198,0.55961805582,-0.62489849329
0.591820895672,-0.220794647932,1.35232377052,-0.317827016115,-0.441945195198,0.55961805582,-0.62489849329
0.591928958893,-0.223819553852,1.35186719894,-0.31827121973,-0.442335128784,0.561772227287,-0.622458994389
0.592115461826,-0.226765289903,1.35157775879,-0.318265736103,-0.442805767059,0.563710451126,-0.62037140131
0.592795431614,-0.233617290854,1.350887537,-0.318606823683,-0.445631742477,0.565434157848,-0.61659258604
0.592795431614,-0.233617290854,1.350887537,-0.318606823683,-0.445631742477,0.565434157848,-0.61659258604
0.59316021204,-0.236610770226,1.34997534752,-0.320324987173,-0.444343864918,0.56798428297,-0.61428374052
0.593738853931,-0.239751666784,1.35010910034,-0.318591356277,-0.447119832039,0.568358778954,-0.612823009491
0.59390771389,-0.243145093322,1.34992563725,-0.317948848009,-0.448186725378,0.569096148014,-0.611691892147
0.594453454018,-0.245939016342,1.34928834438,-0.318632662296,-0.447736859322,0.569931387901,-0.610887408257
0.594950199127,-0.249060258269,1.34903085232,-0.318224877119,-0.449045747519,0.57097953558,-0.609157860279
0.595897376537,-0.252453505993,1.34864985943,-0.318819373846,-0.449730008841,0.572831630707,-0.6065980196
0.596356153488,-0.256271839142,1.34877979755,-0.31691044569,-0.452622503042,0.5699634552,-0.608146727085
0.596842706203,-0.258997648954,1.34813177586,-0.317550510168,-0.451696962118,0.571564733982,-0.606996953487
0.598033130169,-0.265537172556,1.34760856628,-0.317022353411,-0.45327475667,0.571361660957,-0.606287717819
0.598033130169,-0.265537172556,1.34760856628,-0.317022353411,-0.45327475667,0.571361660957,-0.606287717819
0.598606824875,-0.269019424915,1.3472070694,-0.31694367528,-0.453896194696,0.571615695953,-0.605624079704
0.59981238842,-0.275758087635,1.34641778469,-0.31683665514,-0.454921424389,0.570199370384,-0.60624563694
0.59981238842,-0.275758087635,1.34641778469,-0.31683665514,-0.454921424389,0.570199370384,-0.60624563694
0.600406706333,-0.279298365116,1.34634613991,-0.315947949886,-0.456451296806,0.569475769997,-0.60623973608
0.602115750313,-0.285553812981,1.34516429901,-0.31639534235,-0.456310003996,0.570065677166,-0.605558097363
0.602115750313,-0.285553812981,1.34516429901,-0.31639534235,-0.456310003996,0.570065677166,-0.605558097363
0.60355335474,-0.292049646378,1.34436416626,-0.314912199974,-0.457594633102,0.567390561104,-0.607869565487
0.60355335474,-0.292049646378,1.34436416626,-0.314912199974,-0.457594633102,0.567390561104,-0.607869565487
0.605119764805,-0.298640489578,1.3433842659,-0.314038127661,-0.458994209766,0.565584897995,-0.608948349953
0.605119764805,-0.298640489578,1.3433842659,-0.314038127661,-0.458994209766,0.565584897995,-0.608948349953
0.606764674187,-0.305356442928,1.34228765965,-0.312687635422,-0.460697293282,0.56388938427,-0.609928905964
0.606764674187,-0.305356442928,1.34228765965,-0.312687635422,-0.460697293282,0.56388938427,-0.609928905964
0.607355713844,-0.308316111565,1.34163689613,-0.311843305826,-0.461082965136,0.561733961105,-0.612055003643
0.608144760132,-0.311662554741,1.341355443,-0.311274588108,-0.462236166,0.560321509838,-0.612769067287
0.608701705933,-0.31476020813,1.3408178091,-0.310530990362,-0.4629381001,0.559180080891,-0.613658368587
0.60936665535,-0.317846357822,1.34032785892,-0.310284048319,-0.46337261796,0.557174861431,-0.615276992321
0.610073924065,-0.320953339338,1.33960664272,-0.309938043356,-0.463912278414,0.556802272797,-0.615382134914
0.611081719398,-0.326961904764,1.33853590488,-0.309891194105,-0.464277744293,0.553589463234,-0.618022978306
0.611081719398,-0.326961904764,1.33853590488,-0.309891194105,-0.464277744293,0.553589463234,-0.618022978306
0.611865997314,-0.330244064331,1.33797872066,-0.309140980244,-0.46527659893,0.552282094955,-0.61881673336
0.612873315811,-0.335872709751,1.33671200275,-0.309645175934,-0.464924693108,0.550650298595,-0.62028157711
0.612873315811,-0.335872709751,1.33671200275,-0.309645175934,-0.464924693108,0.550650298595,-0.62028157711
0.613704741001,-0.342079073191,1.33611249924,-0.308998197317,-0.466663330793,0.545760035515,-0.623611748219
0.613851547241,-0.344443798065,1.33518028259,-0.310545533895,-0.465041399002,0.546783387661,-0.623158097267
0.613851547241,-0.344443798065,1.33518028259,-0.310545533895,-0.465041399002,0.546783387661,-0.623158097267
0.614477336407,-0.347409069538,1.3346735239,-0.310418367386,-0.465690463781,0.544445335865,-0.624781787395
0.614695906639,-0.3505012393,1.33436357975,-0.308787107468,-0.46711102128,0.541225910187,-0.627321600914
0.61510425806,-0.3529317379,1.333507061,-0.310429155827,-0.465804815292,0.542227327824,-0.626617372036
0.615627408028,-0.357909202576,1.33233690262,-0.310656994581,-0.465279191732,0.538977921009,-0.62969070673
0.615627408028,-0.357909202576,1.33233690262,-0.310656994581,-0.465279191732,0.538977921009,-0.62969070673
0.616055071354,-0.363237589598,1.33125054836,-0.310885965824,-0.465125262737,0.536593019962,-0.631724953651
0.616055071354,-0.363237589598,1.33125054836,-0.310885965824,-0.465125262737,0.536593019962,-0.631724953651
0.616980671883,-0.368814945221,1.33032023907,-0.311713784933,-0.466049134731,0.533293604851,-0.633427619934
0.616980671883,-0.368814945221,1.33032023907,-0.311713784933,-0.466049134731,0.533293604851,-0.633427619934
0.617527246475,-0.373604238033,1.3291285038,-0.312477231026,-0.465148240328,0.529694080353,-0.63672542572
0.617527246475,-0.373604238033,1.3291285038,-0.312477231026,-0.465148240328,0.529694080353,-0.63672542572
0.618143558502,-0.378601163626,1.32812833786,-0.313110411167,-0.465174138546,0.526070296764,-0.63939422369
0.618143558502,-0.378601163626,1.32812833786,-0.313110411167,-0.465174138546,0.526070296764,-0.63939422369
0.618507146835,-0.380997955799,1.32773303986,-0.313255727291,-0.465193986893,0.52419257164,-0.640849173069
0.618883013725,-0.383313715458,1.32741093636,-0.31340098381,-0.464552670717,0.522359549999,-0.642737329006
0.619764387608,-0.387858986855,1.32661521435,-0.31399589777,-0.464801371098,0.518400132656,-0.645466983318
0.620224237442,-0.390131950378,1.32628750801,-0.314082801342,-0.464884221554,0.516362071037,-0.646996855736
0.620663583279,-0.392299503088,1.32596838474,-0.314195603132,-0.464925199747,0.514208972454,-0.648625433445
0.620663583279,-0.392299503088,1.32596838474,-0.314195603132,-0.464925199747,0.514208972454,-0.648625433445
0.621188700199,-0.394421100616,1.3258587122,-0.31421032548,-0.46496629715,0.512332737446,-0.650071918964
0.621768414974,-0.396521687508,1.3255636692,-0.313926011324,-0.46538284421,0.509681999683,-0.651991963387
0.622901558876,-0.400427013636,1.32503342628,-0.313776820898,-0.465331941843,0.505357205868,-0.655457496643
0.622901558876,-0.400427013636,1.32503342628,-0.313776820898,-0.465331941843,0.505357205868,-0.655457496643
0.623544812202,-0.402589052916,1.32486188412,-0.314268290997,-0.465369969606,0.503253161907,-0.656812310219
0.624613881111,-0.40623652935,1.32450079918,-0.313344210386,-0.465533912182,0.497913509607,-0.661192715168
0.625482678413,-0.408378750086,1.32414078712,-0.31413936615,-0.465832382441,0.495791077614,-0.662199318409
0.625482678413,-0.408378750086,1.32414078712,-0.31413936615,-0.465832382441,0.495791077614,-0.662199318409
0.626546621323,-0.411725759506,1.32366335392,-0.313216239214,-0.465445369482,0.490717500448,-0.666672766209
0.626546621323,-0.411725759506,1.32366335392,-0.313216239214,-0.465445369482,0.490717500448,-0.666672766209
0.62811756134,-0.415432393551,1.32312917709,-0.313370317221,-0.466121673584,0.485322296619,-0.670068502426
0.62811756134,-0.415432393551,1.32312917709,-0.313370317221,-0.466121673584,0.485322296619,-0.670068502426
0.629279851913,-0.418679445982,1.32255554199,-0.312637537718,-0.466312795877,0.479947030544,-0.674137294292
0.629279851913,-0.418679445982,1.32255554199,-0.312637537718,-0.466312795877,0.479947030544,-0.674137294292
0.630484700203,-0.421550273895,1.32187962532,-0.313237458467,-0.465797305107,0.475809365511,-0.677141487598
0.630484700203,-0.421550273895,1.32187962532,-0.313237458467,-0.465797305107,0.475809365511,-0.677141487598
0.631546318531,-0.424312442541,1.32118439674,-0.312902629375,-0.465164780617,0.471129626036,-0.680992424488
0.632159233093,-0.425761222839,1.32081246376,-0.313481658697,-0.466309726238,0.468445628881,-0.68179422617
0.632159233093,-0.425761222839,1.32081246376,-0.313481658697,-0.466309726238,0.468445628881,-0.68179422617
0.63275372982,-0.426946878433,1.32040071487,-0.313390433788,-0.466191202402,0.466134130955,-0.683499157429
0.633773088455,-0.429450690746,1.31967115402,-0.313290923834,-0.466417491436,0.461623936892,-0.686445057392
0.633773088455,-0.429450690746,1.31967115402,-0.313290923834,-0.466417491436,0.461623936892,-0.686445057392
0.634009301662,-0.430241197348,1.31925272942,-0.313173979521,-0.466071903706,0.459810882807,-0.687948465347
0.634885013103,-0.431604444981,1.3190253973,-0.313285768032,-0.466967254877,0.457656651735,-0.688726365566
0.635186493397,-0.43242174387,1.31860220432,-0.313498288393,-0.46684473753,0.456201076508,-0.689677834511
0.635889530182,-0.433622658253,1.31822693348,-0.313556343317,-0.467426687479,0.454252749681,-0.690542578697
0.636248230934,-0.434259414673,1.31786227226,-0.313030987978,-0.467390805483,0.452320754528,-0.692071855068
0.637443244457,-0.436113625765,1.31697487831,-0.313759386539,-0.468411117792,0.449248760939,-0.693052351475
0.637443244457,-0.436113625765,1.31697487831,-0.313759386539,-0.468411117792,0.449248760939,-0.693052351475
0.637880146503,-0.436777889729,1.31666469574,-0.313252717257,-0.469016134739,0.447572767735,-0.693956375122
0.638322412968,-0.437301337719,1.31657016277,-0.313146084547,-0.469524413347,0.446570783854,-0.694306075573
0.638771116734,-0.437852501869,1.3162804842,-0.312919616699,-0.47001516819,0.444897353649,-0.695149958134
0.639808773994,-0.439121961594,1.31552267075,-0.313221305609,-0.471404194832,0.442521631718,-0.695589780807
0.64020550251,-0.439617037773,1.31552028656,-0.312734723091,-0.472146421671,0.440818369389,-0.69638645649
0.640798091888,-0.440495789051,1.3153270483,-0.312611818314,-0.473438858986,0.439205080271,-0.696583509445
0.640798091888,-0.440495789051,1.3153270483,-0.312611818314,-0.473438858986,0.439205080271,-0.696583509445
0.640681087971,-0.440311193466,1.31512057781,-0.312273055315,-0.473187893629,0.438377559185,-0.697426736355
0.641300022602,-0.441056609154,1.31500208378,-0.312689840794,-0.47445961833,0.437289088964,-0.697059214115
0.641546487808,-0.441262573004,1.31488990784,-0.312419116497,-0.475075900555,0.436381995678,-0.697329282761
0.641613423824,-0.441435545683,1.31473743916,-0.310893088579,-0.472271054983,0.436426609755,-0.699883759022
0.642194628716,-0.44196242094,1.31449770927,-0.311371445656,-0.473660349846,0.435277462006,-0.699447870255
0.642194628716,-0.44196242094,1.31449770927,-0.311371445656,-0.473660349846,0.435277462006,-0.699447870255
0.642465591431,-0.442036807537,1.31436645985,-0.312208741903,-0.477519124746,0.433162301779,-0.697761952877
0.642608702183,-0.442185282707,1.3143351078,-0.312004745007,-0.478295624256,0.43225929141,-0.697881221771
0.642769753933,-0.442227900028,1.31427955627,-0.312129855156,-0.478842407465,0.431956976652,-0.697637617588
0.642858147621,-0.442288100719,1.31431424618,-0.312073200941,-0.479489862919,0.431473642588,-0.69751727581
0.642949700356,-0.442222326994,1.31433069706,-0.311641871929,-0.480863779783,0.430436909199,-0.69740486145
0.642949700356,-0.442222326994,1.31433069706,-0.311641871929,-0.480863779783,0.430436909199,-0.69740486145
0.643087565899,-0.442093372345,1.31385052204,-0.311464428902,-0.48165345192,0.429699957371,-0.697393536568
0.643087565899,-0.442093372345,1.31385052204,-0.311464428902,-0.48165345192,0.429699957371,-0.697393536568
0.643278181553,-0.441825628281,1.31371355057,-0.311275094748,-0.482986807823,0.430068433285,-0.696328043938
0.643278181553,-0.441825628281,1.31371355057,-0.311275094748,-0.482986807823,0.430068433285,-0.696328043938
0.64331394434,-0.441775023937,1.31384301186,-0.311328262091,-0.483823150396,0.429995000362,-0.69576895237
0.643122375011,-0.44129011035,1.3137639761,-0.311427026987,-0.483807593584,0.430603891611,-0.695358753204
0.643107295036,-0.440841674805,1.31345510483,-0.310937315226,-0.485123336315,0.430757939816,-0.694565296173
0.643107295036,-0.440841674805,1.31345510483,-0.310937315226,-0.485123336315,0.430757939816,-0.694565296173
0.642963290215,-0.440236926079,1.3132134676,-0.309971898794,-0.486532002687,0.431124955416,-0.693783342838
0.642813444138,-0.439901351929,1.31329536438,-0.309898167849,-0.487115740776,0.431609451771,-0.693105220795
0.642687082291,-0.43955039978,1.31201398373,-0.310257703066,-0.486819446087,0.432237893343,-0.692760825157
0.642687082291,-0.43955039978,1.31201398373,-0.310257703066,-0.486819446087,0.432237893343,-0.692760825157
0.64273494482,-0.439370036125,1.31324279308,-0.309804797173,-0.488504976034,0.432929843664,-0.691343426704
0.642726182938,-0.439464211464,1.31364405155,-0.31034719944,-0.489807635546,0.433333903551,-0.689923882484
0.642463684082,-0.438913047314,1.31351339817,-0.310416460037,-0.489882022142,0.434298992157,-0.689232587814
0.642117679119,-0.438524127007,1.31351101398,-0.310562610626,-0.490316301584,0.435206979513,-0.688284695148
0.641857743263,-0.437574267387,1.31309330463,-0.309498757124,-0.490195453167,0.436020672321,-0.688334822655
0.641528725624,-0.436887830496,1.31291055679,-0.309321790934,-0.490375876427,0.437179028988,-0.687550783157
0.640996813774,-0.43619453907,1.31302428246,-0.308843672276,-0.490449339151,0.437784045935,-0.687328279018
0.640661180019,-0.43558806181,1.31317710876,-0.308480262756,-0.49086689949,0.438596755266,-0.686675071716
0.640739500523,-0.435420572758,1.31354677677,-0.308570712805,-0.492023557425,0.439768731594,-0.685055196285
0.640434503555,-0.434687674046,1.31355965137,-0.308886259794,-0.491969138384,0.441400974989,-0.683901250362
0.639785766602,-0.434108376503,1.31393158436,-0.308695971966,-0.492120087147,0.442365854979,-0.683254897594
0.639691054821,-0.433444738388,1.31389439106,-0.307595342398,-0.49285915494,0.442700147629,-0.683001995087
0.639122366905,-0.432819366455,1.31423640251,-0.308130741119,-0.492953568697,0.44435235858,-0.68161803484
0.638718366623,-0.432003974915,1.31438851357,-0.307734787464,-0.492963731289,0.445581763983,-0.680986881256
0.638394653797,-0.431141376495,1.31415426731,-0.307206392288,-0.493130236864,0.446949660778,-0.680207908154
0.637630462646,-0.430092930794,1.31434237957,-0.306749641895,-0.492692440748,0.448137372732,-0.679949939251
0.636965811253,-0.428626745939,1.31448221207,-0.306689441204,-0.4931884408,0.451168328524,-0.677608907223
0.636965811253,-0.428626745939,1.31448221207,-0.306689441204,-0.4931884408,0.451168328524,-0.677608907223
0.636484026909,-0.427681803703,1.3144993782,-0.306265503168,-0.493187278509,0.452664732933,-0.676803052425
0.63573539257,-0.42654684186,1.31454217434,-0.306021779776,-0.492623120546,0.453716933727,-0.676619470119
0.634653389454,-0.425154268742,1.3145416975,-0.30558514595,-0.491698145866,0.456974059343,-0.675296485424
0.634653389454,-0.425154268742,1.3145416975,-0.30558514595,-0.491698145866,0.456974059343,-0.675296485424
0.633973181248,-0.424101412296,1.31437182426,-0.305756151676,-0.491226375103,0.458673536777,-0.674409627914
0.633146584034,-0.423164784908,1.31422686577,-0.30647829175,-0.491763442755,0.459092199802,-0.673404932022
0.631283938885,-0.421119391918,1.31365668774,-0.306303441525,-0.489446640015,0.462370485067,-0.672929227352
0.631283938885,-0.421119391918,1.31365668774,-0.306303441525,-0.489446640015,0.462370485067,-0.672929227352
0.630214691162,-0.420124322176,1.313575387,-0.307199329138,-0.488651901484,0.464021354914,-0.67196148634
0.62923181057,-0.41928845644,1.31356418133,-0.308107316494,-0.488043129444,0.465393543243,-0.67103856802
0.628228902817,-0.418235331774,1.31342971325,-0.308773547411,-0.487217694521,0.467021286488,-0.670200765133
0.627262711525,-0.417608231306,1.31297159195,-0.310000985861,-0.486115425825,0.468079805374,-0.669695794582
0.626299202442,-0.416552007198,1.31269669533,-0.31074911356,-0.486236780882,0.469933778048,-0.667960524559
0.625076651573,-0.41553157568,1.3125808239,-0.31157168746,-0.48535323143,0.471492409706,-0.667120993137
0.622752070427,-0.413500666618,1.31251502037,-0.313417971134,-0.483831852674,0.475062966347,-0.664824187756
0.622752070427,-0.413500666618,1.31251502037,-0.313417971134,-0.483831852674,0.475062966347,-0.664824187756
0.621205687523,-0.412349015474,1.31228351593,-0.314477920532,-0.482525259256,0.476804614067,-0.664025962353
0.619806587696,-0.410774469376,1.31210422516,-0.315220654011,-0.48102915287,0.478920787573,-0.663235843182
0.618538737297,-0.409642457962,1.31226944923,-0.315555125475,-0.480544894934,0.480646163225,-0.662178814411
0.617458343506,-0.408617258072,1.31208968163,-0.31712269783,-0.479780256748,0.48316526413,-0.660148024559
0.616144180298,-0.407335609198,1.31223678589,-0.31827583909,-0.479323714972,0.486739367247,-0.657293081284
0.614359557629,-0.405708551407,1.3122998476,-0.319213330746,-0.477300584316,0.487942397594,-0.657418727875
0.613296568394,-0.404587686062,1.31217706203,-0.319857507944,-0.476952433586,0.489925175905,-0.655881822109
0.611580073833,-0.402807712555,1.31236982346,-0.320778459311,-0.475342094898,0.492740988731,-0.654490172863
0.608948945999,-0.399963676929,1.31260931492,-0.322300165892,-0.473902255297,0.497263908386,-0.651358544827
0.608948945999,-0.399963676929,1.31260931492,-0.322300165892,-0.473902255297,0.497263908386,-0.651358544827
0.605729937553,-0.396642923355,1.31299805641,-0.32471871376,-0.471243709326,0.502713859081,-0.647893488407
0.605729937553,-0.396642923355,1.31299805641,-0.32471871376,-0.471243709326,0.502713859081,-0.647893488407
0.601847648621,-0.393210232258,1.31389915943,-0.323250412941,-0.470195889473,0.505882024765,-0.64692234993
0.601847648621,-0.393210232258,1.31389915943,-0.323250412941,-0.470195889473,0.505882024765,-0.64692234993
0.598975539207,-0.389655828476,1.31395077705,-0.330122351646,-0.465973973274,0.513940215111,-0.640119612217
0.598975539207,-0.389655828476,1.31395077705,-0.330122351646,-0.465973973274,0.513940215111,-0.640119612217
0.595471978188,-0.386044442654,1.31445527077,-0.332434296608,-0.462890058756,0.518701672554,-0.637313842773
0.595471978188,-0.386044442654,1.31445527077,-0.332434296608,-0.462890058756,0.518701672554,-0.637313842773
0.593593001366,-0.384142100811,1.31470632553,-0.334310978651,-0.46140140295,0.52218824625,-0.634558498859
0.591474592686,-0.382088541985,1.3149740696,-0.336165100336,-0.458948671818,0.525187015533,-0.632880687714
0.589865267277,-0.380150437355,1.31509125233,-0.336933284998,-0.457790583372,0.528407394886,-0.63062620163
0.588068187237,-0.378116250038,1.31532919407,-0.338666200638,-0.455824166536,0.531540811062,-0.628485620022
0.586205601692,-0.376025915146,1.31557798386,-0.339911788702,-0.45425376296,0.534374415874,-0.626544177532
0.584513604641,-0.373969435692,1.31585252285,-0.341265231371,-0.452617555857,0.536448776722,-0.625218451023
0.582390606403,-0.371650665998,1.31618177891,-0.343409568071,-0.450372099876,0.5394577384,-0.623073339462
0.579701900482,-0.36936122179,1.31579685211,-0.346642404795,-0.446635901928,0.543518066406,-0.620438456535
0.577827513218,-0.36510899663,1.31680464745,-0.34642636776,-0.445951104164,0.548914790154,-0.61628639698
0.577827513218,-0.36510899663,1.31680464745,-0.34642636776,-0.445951104164,0.548914790154,-0.61628639698
0.575867831707,-0.362858831882,1.31729149818,-0.34823179245,-0.443912178278,0.551428854465,-0.614494085312
0.574239075184,-0.360454201698,1.31664466858,-0.34966981411,-0.441615134478,0.554428339005,-0.612630724907
0.571941316128,-0.356020510197,1.31809067726,-0.35073184967,-0.440423816442,0.559705018997,-0.60806620121
0.569934487343,-0.353416204453,1.31766688824,-0.352648943663,-0.437215268612,0.562893688679,-0.606327056885
0.56926381588,-0.351256966591,1.31884539127,-0.352845549583,-0.437876909971,0.565116047859,-0.603662073612
0.56926381588,-0.351256966591,1.31884539127,-0.352845549583,-0.437876909971,0.565116047859,-0.603662073612
0.567010641098,-0.348667383194,1.31892323494,-0.355459243059,-0.434800714254,0.567909121513,-0.601727724075
0.566727459431,-0.346482783556,1.31970882416,-0.354752570391,-0.435078382492,0.570536196232,-0.599454700947
0.563324868679,-0.341688007116,1.32045531273,-0.357695549726,-0.431663781404,0.575006425381,-0.59589278698
0.563324868679,-0.341688007116,1.32045531273,-0.357695549726,-0.431663781404,0.575006425381,-0.59589278698
0.561401665211,-0.33677148819,1.32101237774,-0.358598768711,-0.429514765739,0.580062747002,-0.591989338398
0.561401665211,-0.33677148819,1.32101237774,-0.358598768711,-0.429514765739,0.580062747002,-0.591989338398
0.559242367744,-0.331777751446,1.32205855846,-0.360209822655,-0.427395135164,0.584832549095,-0.587837576866
0.559242367744,-0.331777751446,1.32205855846,-0.360209822655,-0.427395135164,0.584832549095,-0.587837576866
0.558219611645,-0.329174160957,1.3225748539,-0.360775560141,-0.426180005074,0.587447822094,-0.585761606693
0.557193219662,-0.32655531168,1.32307314873,-0.361651360989,-0.42484614253,0.590117573738,-0.583502650261
0.555334985256,-0.323776960373,1.32381391525,-0.363559991121,-0.421501755714,0.593278229237,-0.58153373003
0.555250406265,-0.321427941322,1.32417857647,-0.362709462643,-0.42277520895,0.593975782394,-0.5804271698
0.554892122746,-0.3187251091,1.32533073425,-0.362442880869,-0.421890348196,0.597586750984,-0.577523767948
0.552713394165,-0.313191890717,1.32557582855,-0.364322155714,-0.418104708195,0.602179467678,-0.574315071106
0.552713394165,-0.313191890717,1.32557582855,-0.364322155714,-0.418104708195,0.602179467678,-0.574315071106
0.55186188221,-0.311232328415,1.3263348341,-0.364552944899,-0.418387323618,0.603390157223,-0.572689890862
0.550993323326,-0.308292508125,1.32693743706,-0.364832520485,-0.416914314032,0.606027126312,-0.570798575878
0.550304472446,-0.305599749088,1.32735788822,-0.365458786488,-0.415733009577,0.607972323895,-0.569188296795
0.549567699432,-0.302745997906,1.32794106007,-0.365945309401,-0.414798825979,0.610718131065,-0.566612124443
0.548997581005,-0.299983680248,1.32844126225,-0.365822911263,-0.41396972537,0.613271832466,-0.564535617828
0.547826170921,-0.294985830784,1.3296765089,-0.366040170193,-0.412613987923,0.617970883846,-0.560246884823
0.547826170921,-0.294985830784,1.3296765089,-0.366040170193,-0.412613987923,0.617970883846,-0.560246884823
0.546821773052,-0.289129853249,1.33080744743,-0.365849554539,-0.410244047642,0.622231841087,-0.557388067245
0.546821773052,-0.289129853249,1.33080744743,-0.365849554539,-0.410244047642,0.622231841087,-0.557388067245
0.546424210072,-0.286696851254,1.33164989948,-0.365840762854,-0.410326719284,0.624209284782,-0.555117547512
0.546082854271,-0.283733069897,1.33206093311,-0.365534424782,-0.408817231655,0.627123832703,-0.553144574165
0.545996129513,-0.278805553913,1.33428812027,-0.364969551563,-0.409370213747,0.630970478058,-0.548716366291
0.545996129513,-0.278805553913,1.33428812027,-0.364969551563,-0.409370213747,0.630970478058,-0.548716366291
0.545341253281,-0.273276209831,1.33471465111,-0.363429158926,-0.407829463482,0.634900152683,-0.546348214149
0.545341253281,-0.273276209831,1.33471465111,-0.363429158926,-0.407829463482,0.634900152683,-0.546348214149
0.546021461487,-0.268292486668,1.33661413193,-0.361462235451,-0.408888071775,0.638901054859,-0.542181909084
0.546021461487,-0.268292486668,1.33661413193,-0.361462235451,-0.408888071775,0.638901054859,-0.542181909084
0.54600161314,-0.265647053719,1.33740198612,-0.36101269722,-0.408145904541,0.640837907791,-0.540752887726
0.545559346676,-0.262815386057,1.33813583851,-0.361495792866,-0.406889826059,0.642990231514,-0.53881829977
0.546470999718,-0.260560929775,1.33882498741,-0.359863966703,-0.407688200474,0.644902467728,-0.537018418312
0.546185672283,-0.257888257504,1.33883714676,-0.358871728182,-0.406665325165,0.646411120892,-0.536644458771
0.546845376492,-0.255519866943,1.34034955502,-0.358732759953,-0.407351046801,0.648765087128,-0.533366501331
0.547088801861,-0.253200262785,1.34028375149,-0.357051968575,-0.407243788242,0.649373292923,-0.533835947514
0.547756969929,-0.250844717026,1.34184408188,-0.355827391148,-0.408003598452,0.650779187679,-0.532359480858
0.549004197121,-0.24622541666,1.34237682819,-0.353853106499,-0.407601207495,0.653727591038,-0.530367434025
0.549004197121,-0.24622541666,1.34237682819,-0.353853106499,-0.407601207495,0.653727591038,-0.530367434025
0.549525260925,-0.243924409151,1.34305644035,-0.351810872555,-0.408927410841,0.654069066048,-0.530283868313
0.550394415855,-0.241692781448,1.34361302853,-0.351144045591,-0.408767729998,0.655163884163,-0.529497206211
0.551181197166,-0.239671841264,1.34436750412,-0.349252492189,-0.409841150045,0.655202865601,-0.529870033264
0.552153646946,-0.237514168024,1.34494876862,-0.347062408924,-0.410199671984,0.655406296253,-0.530779123306
0.553059995174,-0.23562105,1.34555208683,-0.345801979303,-0.411472171545,0.655794680119,-0.530136883259
0.554617524147,-0.231557637453,1.34682488441,-0.343138188124,-0.412007182837,0.655925512314,-0.531288981438
0.554617524147,-0.231557637453,1.34682488441,-0.343138188124,-0.412007182837,0.655925512314,-0.531288981438
0.55754673481,-0.228047862649,1.34748613834,-0.338234275579,-0.415333032608,0.655547857285,-0.532309234142
0.55754673481,-0.228047862649,1.34748613834,-0.338234275579,-0.415333032608,0.655547857285,-0.532309234142
0.558795571327,-0.226110428572,1.34752082825,-0.336979985237,-0.415186822414,0.656091094017,-0.53254956007
0.560006678104,-0.224523693323,1.34920954704,-0.335247159004,-0.417236536741,0.654821395874,-0.533602893353
0.562437474728,-0.221264213324,1.34980225563,-0.331756263971,-0.419307649136,0.653691411018,-0.535543262959
0.562437474728,-0.221264213324,1.34980225563,-0.331756263971,-0.419307649136,0.653691411018,-0.535543262959
0.563431560993,-0.219702750444,1.3501342535,-0.329940348864,-0.419203072786,0.652186214924,-0.53857344389
0.564318776131,-0.218286558986,1.34986209869,-0.328849822283,-0.419937223196,0.651008963585,-0.540090918541
0.566340208054,-0.215002849698,1.35020184517,-0.325660288334,-0.419833689928,0.648900091648,-0.544622659683
0.566340208054,-0.215002849698,1.35020184517,-0.325660288334,-0.419833689928,0.648900091648,-0.544622659683
0.567482769489,-0.213591888547,1.35049343109,-0.324611157179,-0.420543581247,0.647883117199,-0.545910418034
0.568223893642,-0.212108761072,1.35054254532,-0.323427915573,-0.420376986265,0.646501243114,-0.548373758793
0.569445729256,-0.210698604584,1.35083389282,-0.321804821491,-0.421157419682,0.644939303398,-0.550564646721
0.570545852184,-0.20939424634,1.3509850502,-0.320881456137,-0.421063840389,0.643858790398,-0.552436590195
0.571583390236,-0.207916781306,1.35129797459,-0.318816721439,-0.421753376722,0.642063736916,-0.555188417435
0.572557926178,-0.206579789519,1.35144460201,-0.317527472973,-0.421486437321,0.640366971493,-0.558082342148
0.574619889259,-0.203834012151,1.35180127621,-0.31568005681,-0.421040356159,0.638143122196,-0.562000513077
0.574619889259,-0.203834012151,1.35180127621,-0.31568005681,-0.421040356159,0.638143122196,-0.562000513077
0.576729595661,-0.201346516609,1.35230898857,-0.312647879124,-0.422734230757,0.635109364986,-0.565847337246
0.576729595661,-0.201346516609,1.35230898857,-0.312647879124,-0.422734230757,0.635109364986,-0.565847337246
0.577517330647,-0.200308382511,1.35238206387,-0.311583995819,-0.421712815762,0.63290065527,-0.569658219814
0.578750550747,-0.199083834887,1.35281324387,-0.310093998909,-0.422790288925,0.631535828114,-0.571185290813
0.581333637238,-0.196862831712,1.35448288918,-0.306443870068,-0.424317210913,0.627793908119,-0.576126813889
0.581333637238,-0.196862831712,1.35448288918,-0.306443870068,-0.424317210913,0.627793908119,-0.576126813889
0.583007097244,-0.194661945105,1.35415303707,-0.305116653442,-0.423609286547,0.625337064266,-0.580010890961
0.583007097244,-0.194661945105,1.35415303707,-0.305116653442,-0.423609286547,0.625337064266,-0.580010890961
0.585029244423,-0.192460551858,1.35475325584,-0.302291333675,-0.42390114069,0.621947586536,-0.584900915623
0.585029244423,-0.192460551858,1.35475325584,-0.302291333675,-0.42390114069,0.621947586536,-0.584900915623
0.587125480175,-0.190286025405,1.35530877113,-0.29942715168,-0.424223691225,0.618647515774,-0.589620947838
0.587125480175,-0.190286025405,1.35530877113,-0.29942715168,-0.424223691225,0.618647515774,-0.589620947838
0.589434206486,-0.188479304314,1.35550844669,-0.29739266634,-0.424055695534,0.615772247314,-0.593766629696
0.589434206486,-0.188479304314,1.35550844669,-0.29739266634,-0.424055695534,0.615772247314,-0.593766629696
0.590438365936,-0.187384843826,1.35565543175,-0.296294301748,-0.423877179623,0.614050030708,-0.596221864223
0.591273784637,-0.186659127474,1.3556112051,-0.295125454664,-0.423448175192,0.612056255341,-0.599149227142
0.592472016811,-0.185809567571,1.35619533062,-0.292961478233,-0.424783080816,0.60943043232,-0.601936399937
0.593565046787,-0.18511530757,1.35638904572,-0.291757196188,-0.424676120281,0.607499539852,-0.604543030262
0.594631433487,-0.184196323156,1.35635495186,-0.290592223406,-0.424859642982,0.605617642403,-0.60685890913
0.596471488476,-0.182916656137,1.35637032986,-0.28853097558,-0.424252957106,0.601221859455,-0.612610578537
0.596471488476,-0.182916656137,1.35637032986,-0.28853097558,-0.424252957106,0.601221859455,-0.612610578537
0.59778624773,-0.182271629572,1.3566583395,-0.28670629859,-0.424962550402,0.599325835705,-0.61482912302
0.599753797054,-0.181090295315,1.35657930374,-0.284825026989,-0.424335539341,0.595156490803,-0.620163559914
0.599753797054,-0.181090295315,1.35657930374,-0.284825026989,-0.424335539341,0.595156490803,-0.620163559914
0.601758360863,-0.180156812072,1.3567044735,-0.282538324594,-0.424157053232,0.590833902359,-0.625442504883
0.601758360863,-0.180156812072,1.3567044735,-0.282538324594,-0.424157053232,0.590833902359,-0.625442504883
0.602996528149,-0.179541409016,1.35734903812,-0.281414628029,-0.425929009914,0.588737726212,-0.626720249653
0.604359328747,-0.178911373019,1.35665237904,-0.280718952417,-0.424306899309,0.584560155869,-0.63202059269
0.605427503586,-0.178749740124,1.35638213158,-0.280557990074,-0.423776715994,0.583562016487,-0.633368730545
0.605427503586,-0.178749740124,1.35638213158,-0.280557990074,-0.423776715994,0.583562016487,-0.633368730545
0.606968045235,-0.178267866373,1.35637319088,-0.279563128948,-0.42324000597,0.579250276089,-0.638107597828
0.606968045235,-0.178267866373,1.35637319088,-0.279563128948,-0.42324000597,0.579250276089,-0.638107597828
0.608294010162,-0.178088054061,1.35622131824,-0.278911650181,-0.42218208313,0.574462711811,-0.643399834633
0.608294010162,-0.178088054061,1.35622131824,-0.278911650181,-0.42218208313,0.574462711811,-0.643399834633
0.610201716423,-0.177666798234,1.35598349571,-0.277978003025,-0.421057134867,0.570095539093,-0.648405969143
0.610201716423,-0.177666798234,1.35598349571,-0.277978003025,-0.421057134867,0.570095539093,-0.648405969143
0.610974729061,-0.177727401257,1.35594546795,-0.277595549822,-0.421011447906,0.567862331867,-0.650555551052
0.611608207226,-0.177747279406,1.35611844063,-0.27622911334,-0.421979695559,0.565009891987,-0.652988910675
0.613000690937,-0.178272947669,1.35593998432,-0.27583578229,-0.421900451183,0.560352802277,-0.657205939293
0.613000690937,-0.178272947669,1.35593998432,-0.27583578229,-0.421900451183,0.560352802277,-0.657205939293
0.6142578125,-0.178284093738,1.35583293438,-0.275767803192,-0.421683222055,0.560000240803,-0.657674014568
0.615167021751,-0.178490683436,1.35574173927,-0.275792181492,-0.421774595976,0.557637870312,-0.659609675407
0.615986049175,-0.178666248918,1.35580766201,-0.275281399488,-0.421950370073,0.555677473545,-0.66136264801
0.616611540318,-0.179135471582,1.35604929924,-0.273688822985,-0.423029124737,0.553065538406,-0.66352057457
0.618552565575,-0.179114475846,1.35657179356,-0.273350596428,-0.424061954021,0.551805615425,-0.664049327374
0.618534624577,-0.179971203208,1.35533392429,-0.274701535702,-0.422676563263,0.550523996353,-0.665437400341
0.619468808174,-0.180431067944,1.35533690453,-0.273953795433,-0.423365324736,0.548262417316,-0.667172670364
0.620333790779,-0.180923476815,1.35527849197,-0.273734986782,-0.423622816801,0.545569300652,-0.669303357601
0.621483683586,-0.181364446878,1.35544598103,-0.272706896067,-0.42478710413,0.543393194675,-0.670753955841
0.622412502766,-0.181941375136,1.35540628433,-0.272275149822,-0.425654053688,0.542463839054,-0.671131789684
0.624328732491,-0.183293864131,1.3551479578,-0.270982027054,-0.427037805319,0.537868797779,-0.674466192722
0.624328732491,-0.183293864131,1.3551479578,-0.270982027054,-0.427037805319,0.537868797779,-0.674466192722
0.626258969307,-0.184609249234,1.35491335392,-0.270610570908,-0.428289562464,0.535525798798,-0.675685048103
0.626258969307,-0.184609249234,1.35491335392,-0.270610570908,-0.428289562464,0.535525798798,-0.675685048103
0.628290832043,-0.186386436224,1.3546257019,-0.269504457712,-0.430024862289,0.531071543694,-0.678534567356
0.628290832043,-0.186386436224,1.3546257019,-0.269504457712,-0.430024862289,0.531071543694,-0.678534567356
0.630316197872,-0.18811416626,1.35434949398,-0.26821488142,-0.432029634714,0.528017878532,-0.680153131485
0.630316197872,-0.18811416626,1.35434949398,-0.26821488142,-0.432029634714,0.528017878532,-0.680153131485
0.632868409157,-0.189925432205,1.35455322266,-0.26665225625,-0.4351811409,0.525331437588,-0.680838346481
0.632868409157,-0.189925432205,1.35455322266,-0.26665225625,-0.4351811409,0.525331437588,-0.680838346481
0.634702146053,-0.19253577292,1.35359656811,-0.265786409378,-0.43731918931,0.522077143192,-0.682308614254
0.634702146053,-0.19253577292,1.35359656811,-0.265786409378,-0.43731918931,0.522077143192,-0.682308614254
0.637297391891,-0.194540023804,1.35342597961,-0.263555854559,-0.440543472767,0.519624650478,-0.682971537113
0.637297391891,-0.194540023804,1.35342597961,-0.263555854559,-0.440543472767,0.519624650478,-0.682971537113
0.638360321522,-0.196070149541,1.35270190239,-0.263899952173,-0.441568791866,0.518877446651,-0.682744383812
0.639523029327,-0.197338074446,1.35243034363,-0.262703180313,-0.443123996258,0.517361044884,-0.683348953724
0.641090810299,-0.198289781809,1.35271131992,-0.260908901691,-0.445520877838,0.516292572021,-0.683285951614
0.642153799534,-0.199724048376,1.35191988945,-0.260380864143,-0.446491956711,0.515180468559,-0.68369281292
0.643495023251,-0.200939357281,1.35186874866,-0.258598059416,-0.448602557182,0.513974547386,-0.683895468712
0.644463658333,-0.2026655972,1.35118508339,-0.259386658669,-0.449872195721,0.513314962387,-0.683257877827
0.646007835865,-0.203809142113,1.35098230839,-0.257353484631,-0.451747715473,0.512358546257,-0.68350726366
0.647116720676,-0.20541356504,1.3505012989,-0.257754206657,-0.453015953302,0.512062251568,-0.682738304138
0.650012791157,-0.208083480597,1.35046744347,-0.254289120436,-0.457125335932,0.511145591736,-0.681985199451
0.650012791157,-0.208083480597,1.35046744347,-0.254289120436,-0.457125335932,0.511145591736,-0.681985199451
0.652496159077,-0.211222112179,1.34941828251,-0.252320110798,-0.460430771112,0.508535861969,-0.682443737984
0.652496159077,-0.211222112179,1.34941828251,-0.252320110798,-0.460430771112,0.508535861969,-0.682443737984
0.653583526611,-0.21279540658,1.34906721115,-0.25121358037,-0.462034314871,0.507803618908,-0.682313323021
0.655022382736,-0.214358717203,1.34869968891,-0.250290215015,-0.463819265366,0.50721937418,-0.681876182556
0.657498538494,-0.217601358891,1.34795284271,-0.248047858477,-0.467192858458,0.506640553474,-0.680821955204
0.657498538494,-0.217601358891,1.34795284271,-0.248047858477,-0.467192858458,0.506640553474,-0.680821955204
0.65891289711,-0.219290345907,1.34759783745,-0.246898427606,-0.468800067902,0.505215883255,-0.68119353056
0.660234570503,-0.221074461937,1.34719145298,-0.245385825634,-0.471045851707,0.504276156425,-0.680887043476
0.662805020809,-0.224424809217,1.34645223618,-0.243042558432,-0.474246501923,0.502949118614,-0.680487275124
0.662805020809,-0.224424809217,1.34645223618,-0.243042558432,-0.474246501923,0.502949118614,-0.680487275124
0.664082169533,-0.226126924157,1.34606945515,-0.241888195276,-0.475841134787,0.502307355404,-0.680259287357
0.664969265461,-0.227517545223,1.3456145525,-0.24040260911,-0.47732424736,0.502360880375,-0.679707109928
0.66776907444,-0.231460377574,1.34476613998,-0.23825237155,-0.481163859367,0.500032007694,-0.679474174976
0.66776907444,-0.231460377574,1.34476613998,-0.23825237155,-0.481163859367,0.500032007694,-0.679474174976
0.670406937599,-0.235238924623,1.34393286705,-0.235612571239,-0.485263377428,0.498183131218,-0.678837180138
0.670406937599,-0.235238924623,1.34393286705,-0.235612571239,-0.485263377428,0.498183131218,-0.678837180138
0.671473026276,-0.236799180508,1.34346151352,-0.234601125121,-0.486215263605,0.497499555349,-0.679007589817
0.672895431519,-0.238734707236,1.34299242496,-0.232589304447,-0.488612174988,0.496718376875,-0.678550839424
0.675764203072,-0.242550462484,1.341989398,-0.230151191354,-0.492716491222,0.495518416166,-0.677290558815
0.675764203072,-0.242550462484,1.341989398,-0.230151191354,-0.492716491222,0.495518416166,-0.677290558815
0.677305877209,-0.244595900178,1.34151113033,-0.228425696492,-0.495073288679,0.494547784328,-0.676865339279
0.678511142731,-0.246272936463,1.34106338024,-0.22737686336,-0.496784061193,0.493972033262,-0.676385164261
0.681408405304,-0.250169873238,1.34009742737,-0.223806589842,-0.501102387905,0.492536127567,-0.675437092781
0.681408405304,-0.250169873238,1.34009742737,-0.223806589842,-0.501102387905,0.492536127567,-0.675437092781
0.682369589806,-0.251407831907,1.3397051096,-0.222365111113,-0.501701176167,0.491537928581,-0.676195442677
0.685407757759,-0.255536913872,1.33884644508,-0.220009669662,-0.505750894547,0.48962110281,-0.675339221954
0.685407757759,-0.255536913872,1.33884644508,-0.220009669662,-0.505750894547,0.48962110281,-0.675339221954
0.686632275581,-0.257378578186,1.33840656281,-0.218611165881,-0.507191419601,0.488776236773,-0.67532491684
0.687765955925,-0.259374469519,1.33795559406,-0.216510295868,-0.508931279182,0.487460106611,-0.675644218922
0.688905000687,-0.261219918728,1.3376044035,-0.215384244919,-0.508808851242,0.48590156436,-0.677216947079
0.690382003784,-0.264948248863,1.33683502674,-0.214548707008,-0.509698688984,0.484356492758,-0.677919626236
0.690382003784,-0.264948248863,1.33683502674,-0.214548707008,-0.509698688984,0.484356492758,-0.677919626236
0.69125944376,-0.266917645931,1.33665764332,-0.213429838419,-0.510535061359,0.48280620575,-0.67874866724
0.691806316376,-0.268726408482,1.33629322052,-0.213109984994,-0.510565638542,0.481902599335,-0.679468035698
0.692475438118,-0.272223711014,1.33598804474,-0.212467521429,-0.510222911835,0.480517536402,-0.680906176567
0.692475438118,-0.272223711014,1.33598804474,-0.212467521429,-0.510222911835,0.480517536402,-0.680906176567
0.693269073963,-0.27456253767,1.33567714691,-0.212705373764,-0.510690569878,0.47967132926,-0.681077897549
0.693589270115,-0.278398513794,1.33525872231,-0.21298161149,-0.509955585003,0.478941857815,-0.682054936886
0.693589270115,-0.278398513794,1.33525872231,-0.21298161149,-0.509955585003,0.478941857815,-0.682054936886
0.69348180294,-0.280382454395,1.33512163162,-0.213586464524,-0.509373962879,0.478378325701,-0.682695627213
0.693564713001,-0.282512813807,1.33488428593,-0.213692426682,-0.509023010731,0.477595031261,-0.683472216129
0.693452239037,-0.284384071827,1.33485722542,-0.214367926121,-0.508287191391,0.477689772844,-0.683741986752
0.693232655525,-0.286393225193,1.3346953392,-0.215125605464,-0.507539749146,0.477478086948,-0.684206902981
0.692817211151,-0.288501262665,1.33449852467,-0.216355621815,-0.507731258869,0.478316456079,-0.683090567589
0.692372500896,-0.292582035065,1.33419728279,-0.218652933836,-0.506299257278,0.479385882616,-0.682672023773
0.692372500896,-0.292582035065,1.33419728279,-0.218652933836,-0.506299257278,0.479385882616,-0.682672023773
0.691927671432,-0.294543266296,1.33403754234,-0.219334214926,-0.504923701286,0.47874468565,-0.683921158314
0.691399753094,-0.29648822546,1.33398342133,-0.219797700644,-0.504279017448,0.478374391794,-0.684506773949
0.690270364285,-0.300118714571,1.33386135101,-0.222032546997,-0.503180027008,0.480729848146,-0.682942390442
0.690270364285,-0.300118714571,1.33386135101,-0.222032546997,-0.503180027008,0.480729848146,-0.682942390442
0.690261185169,-0.302340269089,1.3337739706,-0.223282203078,-0.502949416637,0.480618000031,-0.682783484459
0.689397752285,-0.303898900747,1.33370447159,-0.22411569953,-0.501273214817,0.481417179108,-0.683179914951
0.688496232033,-0.30800485611,1.33354187012,-0.225469738245,-0.501278460026,0.482011139393,-0.682311236858
0.688496232033,-0.30800485611,1.33354187012,-0.225469738245,-0.501278460026,0.482011139393,-0.682311236858
0.687964737415,-0.309621661901,1.33362877369,-0.226821824908,-0.500488162041,0.483275145292,-0.681548714638
0.687121093273,-0.311175167561,1.33371734619,-0.227836027741,-0.499290645123,0.483215928078,-0.68213057518
0.686222672462,-0.314872831106,1.33375024796,-0.230018407106,-0.498655259609,0.485144615173,-0.680491924286
0.686222672462,-0.314872831106,1.33375024796,-0.230018407106,-0.498655259609,0.485144615173,-0.680491924286
0.685519456863,-0.316492646933,1.33373606205,-0.230251356959,-0.497719794512,0.485334903002,-0.680962026119
0.684827983379,-0.318093717098,1.33395755291,-0.231320783496,-0.497056573629,0.485460489988,-0.680994570255
0.683442294598,-0.321279227734,1.33414649963,-0.233885452151,-0.495705336332,0.487189859152,-0.679867506027
0.683442294598,-0.321279227734,1.33414649963,-0.233885452151,-0.495705336332,0.487189859152,-0.679867506027
0.682047724724,-0.324445486069,1.33445560932,-0.235664591193,-0.494321256876,0.487687170506,-0.679904460907
0.682047724724,-0.324445486069,1.33445560932,-0.235664591193,-0.494321256876,0.487687170506,-0.679904460907
0.681174218655,-0.325912415981,1.33470535278,-0.236755117774,-0.49346151948,0.487763702869,-0.680095136166
0.679575622082,-0.328619658947,1.33492136002,-0.238898351789,-0.491103947163,0.488184154034,-0.680750250816
0.678560912609,-0.3298381567,1.33492839336,-0.240306869149,-0.489638209343,0.489547282457,-0.680331230164
0.67755484581,-0.330945551395,1.33485972881,-0.242052152753,-0.487872570753,0.490652680397,-0.680184662342
0.67755484581,-0.330945551395,1.33485972881,-0.242052152753,-0.487872570753,0.490652680397,-0.680184662342
0.675844073296,-0.333505094051,1.33477067947,-0.244114071131,-0.485152870417,0.49131372571,-0.680915474892
0.674785196781,-0.334766238928,1.33478868008,-0.244877845049,-0.484081417322,0.491156697273,-0.681516885757
0.674785196781,-0.334766238928,1.33478868008,-0.244877845049,-0.484081417322,0.491156697273,-0.681516885757
0.672979474068,-0.337102770805,1.33446502686,-0.246946379542,-0.48188778758,0.492897868156,-0.681067824364
0.672979474068,-0.337102770805,1.33446502686,-0.246946379542,-0.48188778758,0.492897868156,-0.681067824364
0.671832859516,-0.337834924459,1.33435726166,-0.247605293989,-0.480116844177,0.493558198214,-0.681600809097
0.67093205452,-0.338899075985,1.33406579494,-0.248708128929,-0.478690087795,0.494547694921,-0.681485712528
0.670218229294,-0.34021115303,1.3338984251,-0.249339148402,-0.477963775396,0.494500756264,-0.681798875332
0.669408977032,-0.341160476208,1.33383011818,-0.250485628843,-0.477139085531,0.495282560587,-0.681388676167
0.667923808098,-0.342982769012,1.3331938982,-0.252355307341,-0.47530451417,0.497963517904,-0.680025577545
0.667923808098,-0.342982769012,1.3331938982,-0.252355307341,-0.47530451417,0.497963517904,-0.680025577545
0.667167842388,-0.343596339226,1.33300471306,-0.253662139177,-0.474346578121,0.499759614468,-0.67888969183
0.666374444962,-0.344468325377,1.3323854208,-0.253350615501,-0.473534584045,0.499604910612,-0.679686248302
0.665124952793,-0.345840573311,1.33237743378,-0.255562394857,-0.472698688507,0.502217531204,-0.677511155605
0.665124952793,-0.345840573311,1.33237743378,-0.255562394857,-0.472698688507,0.502217531204,-0.677511155605
0.664338231087,-0.346353262663,1.33201289177,-0.256142824888,-0.472235351801,0.504064977169,-0.676242113113
0.663031637669,-0.347346484661,1.3316501379,-0.257471203804,-0.471550494432,0.507499396801,-0.673641622066
0.662178695202,-0.347796678543,1.33149504662,-0.258461594582,-0.470688760281,0.507387280464,-0.673949480057
0.662178695202,-0.347796678543,1.33149504662,-0.258461594582,-0.470688760281,0.507387280464,-0.673949480057
0.660655617714,-0.348291456699,1.33117067814,-0.259568780661,-0.469767123461,0.510414779186,-0.671877741814
0.660655617714,-0.348291456699,1.33117067814,-0.259568780661,-0.469767123461,0.510414779186,-0.671877741814
0.659856975079,-0.348438203335,1.33084571362,-0.260082513094,-0.469671189785,0.511787235737,-0.67070120573
0.658327698708,-0.34889960289,1.33071911335,-0.261169761419,-0.469680666924,0.514874637127,-0.667903184891
0.657483816147,-0.348895460367,1.33077096939,-0.26195654273,-0.469308167696,0.515278100967,-0.667545735836
0.657483816147,-0.348895460367,1.33077096939,-0.26195654273,-0.469308167696,0.515278100967,-0.667545735836
0.655707299709,-0.348458707333,1.33055877686,-0.263045012951,-0.468652695417,0.518191337585,-0.665319442749
0.65504527092,-0.348473191261,1.33045852184,-0.264485865831,-0.468293756247,0.519600331783,-0.663900375366
0.65504527092,-0.348473191261,1.33045852184,-0.264485865831,-0.468293756247,0.519600331783,-0.663900375366
0.654228925705,-0.348216772079,1.33022606373,-0.265148073435,-0.46808758378,0.521720826626,-0.662116289139
0.653447270393,-0.348010390997,1.33020746708,-0.265677988529,-0.468194156885,0.523016810417,-0.660804748535
0.652867257595,-0.34779176116,1.33014297485,-0.266672790051,-0.468454420567,0.524628520012,-0.658939361572
0.650962948799,-0.346534967422,1.33013558388,-0.267958253622,-0.467517346144,0.527382969856,-0.656881392002
0.650962948799,-0.346534967422,1.33013558388,-0.267958253622,-0.467517346144,0.527382969856,-0.656881392002
0.649398267269,-0.345583677292,1.33016073704,-0.27055311203,-0.467348724604,0.531145036221,-0.652894616127
0.649398267269,-0.345583677292,1.33016073704,-0.27055311203,-0.467348724604,0.531145036221,-0.652894616127
0.647914528847,-0.344362616539,1.33017623425,-0.271859109402,-0.467700481415,0.534524023533,-0.649332880974
0.647914528847,-0.344362616539,1.33017623425,-0.271859109402,-0.467700481415,0.534524023533,-0.649332880974
0.646941721439,-0.343616366386,1.33012127876,-0.273663669825,-0.467124283314,0.536494016647,-0.647361814976
0.646234452724,-0.34265857935,1.33021843433,-0.274104773998,-0.467060357332,0.537984132767,-0.645983278751
0.64478635788,-0.340940415859,1.33033192158,-0.276437759399,-0.467034518719,0.542154729366,-0.641505420208
0.644000530243,-0.340141177177,1.33047151566,-0.277465045452,-0.467109650373,0.543609857559,-0.639773607254
0.642366826534,-0.338942110538,1.33100545406,-0.274069964886,-0.468242526054,0.541247010231,-0.642406582832
0.642366826534,-0.338942110538,1.33100545406,-0.274069964886,-0.468242526054,0.541247010231,-0.642406582832
0.642110347748,-0.33756762743,1.33059549332,-0.279202252626,-0.465830981731,0.548373937607,-0.635872602463
0.64026260376,-0.335313022137,1.33110320568,-0.282714694738,-0.464990258217,0.55168235302,-0.632062554359
0.64026260376,-0.335313022137,1.33110320568,-0.282714694738,-0.464990258217,0.55168235302,-0.632062554359
0.639335036278,-0.334556937218,1.33129346371,-0.284550070763,-0.464876413345,0.553294897079,-0.629909515381
0.63848310709,-0.333048969507,1.33168113232,-0.285094946623,-0.464397192001,0.555810511112,-0.627798557281
0.637513756752,-0.331658244133,1.33193826675,-0.286559402943,-0.463602781296,0.558183014393,-0.625609993935
0.635558605194,-0.328703165054,1.33266580105,-0.289460033178,-0.462463527918,0.56248241663,-0.621251821518
0.635558605194,-0.328703165054,1.33266580105,-0.289460033178,-0.462463527918,0.56248241663,-0.621251821518
0.634140312672,-0.327522963285,1.33369958401,-0.286882638931,-0.464266419411,0.560301780701,-0.623070657253
0.632715821266,-0.323789060116,1.33380079269,-0.292917579412,-0.460299015045,0.568581938744,-0.615661144257
0.631988525391,-0.322151780128,1.33427476883,-0.29357945919,-0.460216104984,0.570456445217,-0.613670766354
0.631988525391,-0.322151780128,1.33427476883,-0.29357945919,-0.460216104984,0.570456445217,-0.613670766354
0.631019234657,-0.320198893547,1.33470034599,-0.295006781816,-0.458923429251,0.572716712952,-0.611846327782
0.630177736282,-0.318619221449,1.33510828018,-0.295799732208,-0.45860555768,0.57467764616,-0.609860002995
0.628514766693,-0.314865678549,1.33642828465,-0.297085106373,-0.45805054903,0.577953457832,-0.60654771328
0.628514766693,-0.314865678549,1.33642828465,-0.297085106373,-0.45805054903,0.577953457832,-0.60654771328
0.62768304348,-0.312148302794,1.336789608,-0.29822653532,-0.455930382013,0.580105662346,-0.605529308319
0.626822531223,-0.310172975063,1.33726191521,-0.299602091312,-0.455726474524,0.582334160805,-0.602859079838
0.625284731388,-0.305734217167,1.33853590488,-0.300695180893,-0.453910678625,0.586299359798,-0.599833786488
0.625284731388,-0.305734217167,1.33853590488,-0.300695180893,-0.453910678625,0.586299359798,-0.599833786488
0.624438405037,-0.303488373756,1.33933126926,-0.301361352205,-0.45334276557,0.588332891464,-0.597934961319
0.622864723206,-0.298707604408,1.34071516991,-0.302693009377,-0.451156258583,0.590776264668,-0.596505105495
0.622864723206,-0.298707604408,1.34071516991,-0.302693009377,-0.451156258583,0.590776264668,-0.596505105495
0.622157454491,-0.296298325062,1.34145748615,-0.303297907114,-0.450743168592,0.592795908451,-0.594503164291
0.62064242363,-0.291441619396,1.34295785427,-0.304274469614,-0.447536081076,0.596283614635,-0.592937231064
0.619643628597,-0.288822710514,1.34410178661,-0.304142177105,-0.448430448771,0.596895873547,-0.59171205759
0.618868529797,-0.286190032959,1.34504687786,-0.304287433624,-0.44558390975,0.597387492657,-0.593289613724
0.618868529797,-0.286190032959,1.34504687786,-0.304287433624,-0.44558390975,0.597387492657,-0.593289613724
0.617032289505,-0.280834972858,1.34693551064,-0.305133163929,-0.444796383381,0.600648283958,-0.590145647526
0.616497278214,-0.277852058411,1.34774363041,-0.305878013372,-0.442156165838,0.602247178555,-0.590114295483
0.616497278214,-0.277852058411,1.34774363041,-0.305878013372,-0.442156165838,0.602247178555,-0.590114295483
0.615871608257,-0.274996340275,1.34827136993,-0.307002007961,-0.439807504416,0.604585111141,-0.588893890381
0.615929603577,-0.269264757633,1.35058426857,-0.30272424221,-0.440417081118,0.605995953083,-0.589202642441
0.615929603577,-0.269264757633,1.35058426857,-0.30272424221,-0.440417081118,0.605995953083,-0.589202642441
0.612904906273,-0.266146540642,1.35056436062,-0.306956857443,-0.434230834246,0.608161747456,-0.589372932911
0.612095415592,-0.263301998377,1.35161089897,-0.307077467442,-0.432553380728,0.608883798122,-0.589797914028
0.610502898693,-0.25736066699,1.35354101658,-0.307399332523,-0.428935974836,0.612279295921,-0.588755965233
0.610502898693,-0.25736066699,1.35354101658,-0.307399332523,-0.428935974836,0.612279295921,-0.588755965233
0.609874606133,-0.254356861115,1.35450255871,-0.307888329029,-0.426950544119,0.614164531231,-0.587979614735
0.608635127544,-0.251115143299,1.35611903667,-0.308073073626,-0.424294918776,0.615053236485,-0.588875353336
0.606003701687,-0.245047658682,1.35748076439,-0.310275435448,-0.41854891181,0.618114233017,-0.58862632513
0.606003701687,-0.245047658682,1.35748076439,-0.310275435448,-0.41854891181,0.618114233017,-0.58862632513
0.605844974518,-0.238666117191,1.35999548435,-0.307136595249,-0.415731847286,0.620330870152,-0.589935362339
0.605414152145,-0.235292583704,1.36033976078,-0.305910170078,-0.41343960166,0.622368872166,-0.590037047863
0.604328036308,-0.232483997941,1.36144864559,-0.306891173124,-0.411468505859,0.623478829861,-0.589733541012
0.604328036308,-0.232483997941,1.36144864559,-0.306891173124,-0.411468505859,0.623478829861,-0.589733541012
0.60432934761,-0.228991001844,1.36239802837,-0.30527472496,-0.409616202116,0.625215768814,-0.590023159981
0.603782534599,-0.225853309035,1.36320495605,-0.30469340086,-0.407798409462,0.626434147358,-0.590290367603
0.602414250374,-0.219364076853,1.36543321609,-0.304522663355,-0.403112202883,0.629145860672,-0.590713262558
0.602414250374,-0.219364076853,1.36543321609,-0.304522663355,-0.403112202883,0.629145860672,-0.590713262558
0.601323127747,-0.213177293539,1.36690998077,-0.303406059742,-0.398966044188,0.631267309189,-0.591838121414
0.60119664669,-0.209751367569,1.36757814884,-0.300474286079,-0.397914677858,0.631768584251,-0.593504786491
0.60119664669,-0.209751367569,1.36757814884,-0.300474286079,-0.397914677858,0.631768584251,-0.593504786491
0.599316895008,-0.206757575274,1.36831653118,-0.303914308548,-0.392732799053,0.633325457573,-0.593545138836
0.599942207336,-0.20081140101,1.37048351765,-0.3001075387,-0.391695916653,0.635023772717,-0.594352245331
0.599942207336,-0.20081140101,1.37048351765,-0.3001075387,-0.391695916653,0.635023772717,-0.594352245331
0.599882602692,-0.197559714317,1.37064659595,-0.298700064421,-0.38995963335,0.636017203331,-0.595140218735
0.597499608994,-0.190626084805,1.3716378212,-0.299213826656,-0.383021712303,0.637796998024,-0.597478508949
0.597499608994,-0.190626084805,1.3716378212,-0.299213826656,-0.383021712303,0.637796998024,-0.597478508949
0.599041819572,-0.188257887959,1.37261486053,-0.29652005434,-0.38445982337,0.638989031315,-0.596623539925
0.597212970257,-0.185146152973,1.3731995821,-0.298515826464,-0.380084961653,0.639775693417,-0.597587406635
0.598374545574,-0.182256355882,1.37391102314,-0.294888943434,-0.380930662155,0.640485405922,-0.598089337349
0.596294224262,-0.176099017262,1.37491321564,-0.296052396297,-0.374165773392,0.642158865929,-0.599987506866
0.596294224262,-0.176099017262,1.37491321564,-0.296052396297,-0.374165773392,0.642158865929,-0.599987506866
0.595726668835,-0.170291617513,1.37607717514,-0.294624179602,-0.370921313763,0.643760144711,-0.600988090038
0.595402002335,-0.167191505432,1.37642383575,-0.294173926115,-0.36888512969,0.644430220127,-0.601743519306
0.595191061497,-0.164537593722,1.37707293034,-0.293108105659,-0.367795318365,0.64492303133,-0.602402210236
0.595191061497,-0.164537593722,1.37707293034,-0.293108105659,-0.367795318365,0.64492303133,-0.602402210236
0.596139967442,-0.159193843603,1.37818467617,-0.288597345352,-0.367438614368,0.646139502525,-0.603493332863
0.595489263535,-0.156080573797,1.37892484665,-0.289349406958,-0.364368408918,0.646790325642,-0.604297101498
0.595489263535,-0.156080573797,1.37892484665,-0.289349406958,-0.364368408918,0.646790325642,-0.604297101498
0.595628738403,-0.153921619058,1.37913072109,-0.28765514493,-0.363776922226,0.647006034851,-0.605230689049
0.594043374062,-0.151081010699,1.37947332859,-0.289803594351,-0.360597640276,0.648514151573,-0.604493677616
0.594886183739,-0.146311715245,1.38067030907,-0.28543099761,-0.360202103853,0.647375047207,-0.608020722866
0.594886183739,-0.146311715245,1.38067030907,-0.28543099761,-0.360202103853,0.647375047207,-0.608020722866
0.594808459282,-0.143712356687,1.38210606575,-0.284903496504,-0.359852015972,0.647625029087,-0.608209192753
0.592526614666,-0.138667985797,1.38168072701,-0.286571294069,-0.353427767754,0.648279666901,-0.610491037369
0.592254579067,-0.136187359691,1.38212358952,-0.286006480455,-0.351874619722,0.648928880692,-0.610962927341
0.593495607376,-0.134668514132,1.38290572166,-0.282866537571,-0.354920089245,0.648058772087,-0.61158657074
0.591738462448,-0.131915464997,1.38294541836,-0.285409033298,-0.349778592587,0.648965954781,-0.612405180931
0.591738462448,-0.131915464997,1.38294541836,-0.285409033298,-0.349778592587,0.648965954781,-0.612405180931
0.591830074787,-0.127810388803,1.38395142555,-0.282184928656,-0.349808990955,0.64851552248,-0.614355802536
0.591830074787,-0.127810388803,1.38395142555,-0.282184928656,-0.349808990955,0.64851552248,-0.614355802536
0.590593099594,-0.125348553061,1.38409292698,-0.283872663975,-0.346517294645,0.64907926321,-0.614848136902
0.590767681599,-0.121334336698,1.38490533829,-0.281463831663,-0.345541745424,0.649529695511,-0.616027832031
0.590767681599,-0.121334336698,1.38490533829,-0.281463831663,-0.345541745424,0.649529695511,-0.616027832031
0.589128494263,-0.117694839835,1.38578522205,-0.282533496618,-0.343538939953,0.648244023323,-0.618009388447
0.589128494263,-0.117694839835,1.38578522205,-0.282533496618,-0.343538939953,0.648244023323,-0.618009388447
0.588521420956,-0.114209696651,1.38644313812,-0.281613022089,-0.342110782862,0.648451030254,-0.61900383234
0.588521420956,-0.114209696651,1.38644313812,-0.281613022089,-0.342110782862,0.648451030254,-0.61900383234
0.588570475578,-0.111005336046,1.38745427132,-0.279771119356,-0.34191018343,0.648728251457,-0.6196590662
0.587515830994,-0.109509810805,1.38752043247,-0.281010091305,-0.340587973595,0.648588716984,-0.619972348213
0.587254285812,-0.107998348773,1.38775002956,-0.280665487051,-0.34013658762,0.649428784847,-0.619496762753
0.587055802345,-0.106352053583,1.38786149025,-0.280636310577,-0.338978946209,0.649202525616,-0.620380997658
0.587055802345,-0.106352053583,1.38786149025,-0.280636310577,-0.338978946209,0.649202525616,-0.620380997658
0.586846530437,-0.105196818709,1.38818240166,-0.28022056818,-0.338903009892,0.649156570435,-0.620658695698
0.586288094521,-0.102743528783,1.38846099377,-0.279765218496,-0.338374406099,0.649203300476,-0.621103405952
0.586303114891,-0.101392999291,1.38847529888,-0.279557585716,-0.338322937489,0.649632394314,-0.620776236057
0.586233258247,-0.100076913834,1.38841021061,-0.279322445393,-0.337461411953,0.650209009647,-0.620747387409
0.586047053337,-0.0990051701665,1.38857042789,-0.27948436141,-0.33752155304,0.650019466877,-0.620840132236
0.585871636868,-0.0981504917145,1.3887604475,-0.279245078564,-0.337896078825,0.649788022041,-0.620986282825
0.585871636868,-0.0981504917145,1.3887604475,-0.279245078564,-0.337896078825,0.649788022041,-0.620986282825
0.585738480091,-0.0969637036324,1.38867509365,-0.278699576855,-0.336787253618,0.650484621525,-0.621104359627
0.586823940277,-0.096460416913,1.38949322701,-0.276646643877,-0.340564906597,0.650508582592,-0.619936227798
0.585570216179,-0.0954228118062,1.38887560368,-0.278108328581,-0.337428689003,0.65031337738,-0.621200621128
0.585464537144,-0.0947681218386,1.38909471035,-0.277784198523,-0.33781516552,0.650126934052,-0.621330857277
0.585133671761,-0.0932164490223,1.38898134232,-0.277813136578,-0.337270736694,0.650613129139,-0.62110465765
0.585133671761,-0.0932164490223,1.38898134232,-0.277813136578,-0.337270736694,0.650613129139,-0.62110465765
0.586105167866,-0.0917760431767,1.38941431046,-0.276098310947,-0.338895708323,0.651450932026,-0.620105922222
0.586105167866,-0.0917760431767,1.38941431046,-0.276098310947,-0.338895708323,0.651450932026,-0.620105922222
0.58614730835,-0.0910114049911,1.38913011551,-0.274722456932,-0.340813338757,0.650716722012,-0.620436728001
0.58614730835,-0.0910114049911,1.38913011551,-0.274722456932,-0.340813338757,0.650716722012,-0.620436728001
0.584605634212,-0.0905984342098,1.38906872272,-0.27737274766,-0.338872045279,0.650549292564,-0.620496511459
0.584565103054,-0.0895134061575,1.38885593414,-0.277762919664,-0.338693290949,0.652061164379,-0.618830323219
0.584523200989,-0.0895804539323,1.38904547691,-0.277551442385,-0.339211374521,0.651564657688,-0.619164228439
0.584523200989,-0.0895804539323,1.38904547691,-0.277551442385,-0.339211374521,0.651564657688,-0.619164228439
0.585262477398,-0.0894533395767,1.38909459114,-0.276010543108,-0.340795874596,0.651794731617,-0.618740856647
0.585229635239,-0.0891904979944,1.38902711868,-0.276142328978,-0.34203338623,0.651896715164,-0.617891013622
0.584422826767,-0.0887084826827,1.38868129253,-0.277577489614,-0.340476036072,0.652409613132,-0.617566823959
0.584422826767,-0.0887084826827,1.38868129253,-0.277577489614,-0.340476036072,0.652409613132,-0.617566823959
0.584378063679,-0.0889288038015,1.38871204853,-0.277360349894,-0.341562271118,0.652133464813,-0.617356061935
0.58434933424,-0.0889268368483,1.38858103752,-0.2776004076,-0.341849625111,0.652377665043,-0.61683100462
0.58435344696,-0.0891348943114,1.38848638535,-0.277620285749,-0.342599093914,0.652349114418,-0.616436064243
0.58431905508,-0.0893958136439,1.38847947121,-0.277630776167,-0.343459635973,0.65214908123,-0.616164207458
0.584290981293,-0.0896888822317,1.38791489601,-0.278341114521,-0.344174236059,0.652506709099,-0.615065336227
0.584290981293,-0.0896888822317,1.38791489601,-0.278341114521,-0.344174236059,0.652506709099,-0.615065336227
0.585894405842,-0.0905824899673,1.38760268688,-0.275561928749,-0.34762224555,0.652425229549,-0.614463925362
0.585674226284,-0.0910975635052,1.38782978058,-0.277244478464,-0.348866999149,0.651874423027,-0.613585531712
0.585679769516,-0.0913515612483,1.38732838631,-0.277304321527,-0.348972856998,0.652386665344,-0.612953484058
0.585745096207,-0.0919521003962,1.38702082634,-0.277621239424,-0.349853396416,0.652236163616,-0.612468123436
0.584722578526,-0.0925662517548,1.38639676571,-0.279672503471,-0.349065095186,0.651954233646,-0.612284839153
0.584722578526,-0.0925662517548,1.38639676571,-0.279672503471,-0.349065095186,0.651954233646,-0.612284839153
0.584820687771,-0.0940077900887,1.38564682007,-0.280408263206,-0.350758612156,0.651016056538,-0.611978828907
0.584820687771,-0.0940077900887,1.38564682007,-0.280408263206,-0.350758612156,0.651016056538,-0.611978828907
0.584788262844,-0.0955733135343,1.38492882252,-0.28142362833,-0.352534860373,0.650353014469,-0.61119633913
0.584788262844,-0.0955733135343,1.38492882252,-0.28142362833,-0.352534860373,0.650353014469,-0.61119633913
0.585769116879,-0.0972774848342,1.38441324234,-0.28068909049,-0.355817317963,0.649624228477,-0.610406398773
0.585769116879,-0.0972774848342,1.38441324234,-0.28068909049,-0.355817317963,0.649624228477,-0.610406398773
0.58581829071,-0.0982821285725,1.38402616978,-0.281310141087,-0.356748044491,0.649259924889,-0.60996478796
0.585320055485,-0.100013047457,1.38297796249,-0.283727705479,-0.357072561979,0.648789405823,-0.60915517807
0.585320055485,-0.100013047457,1.38297796249,-0.283727705479,-0.357072561979,0.648789405823,-0.60915517807
0.5864123106,-0.10212983191,1.38225901127,-0.283266425133,-0.36034271121,0.647954702377,-0.608332335949
0.585878789425,-0.103899434209,1.38193166256,-0.284797012806,-0.361767113209,0.646265506744,-0.608568847179
0.585878789425,-0.103899434209,1.38193166256,-0.284797012806,-0.361767113209,0.646265506744,-0.608568847179
0.586412012577,-0.106153264642,1.38097369671,-0.285469442606,-0.363948613405,0.645176172256,-0.608108878136
0.58740234375,-0.10727456212,1.38088178635,-0.284581422806,-0.366210222244,0.644794404507,-0.607571959496
0.58740234375,-0.10727456212,1.38088178635,-0.284581422806,-0.366210222244,0.644794404507,-0.607571959496
0.586972117424,-0.108393058181,1.38028132915,-0.286193937063,-0.366053104401,0.644226789474,-0.607511281967
0.588459551334,-0.110683679581,1.37991678715,-0.284960955381,-0.370175033808,0.642961084843,-0.606933832169
0.588459551334,-0.110683679581,1.37991678715,-0.284960955381,-0.370175033808,0.642961084843,-0.606933832169
0.587943613529,-0.113637931645,1.37877321243,-0.287254303694,-0.370653808117,0.640389084816,-0.608278334141
0.587988734245,-0.114918939769,1.37835156918,-0.288210093975,-0.371254265308,0.639304876328,-0.60860055685
0.588278949261,-0.116121888161,1.37785685062,-0.288383066654,-0.371931582689,0.638474345207,-0.608976662159
0.5884770751,-0.117684826255,1.37756204605,-0.288550436497,-0.372985064983,0.637430846691,-0.609346270561
0.5884770751,-0.117684826255,1.37756204605,-0.288550436497,-0.372985064983,0.637430846691,-0.609346270561
0.588649690151,-0.119144409895,1.37711584568,-0.288946777582,-0.373627275229,0.636492431164,-0.609745740891
0.589825809002,-0.122196957469,1.37651777267,-0.2876124084,-0.376534819603,0.633703887463,-0.611490130424
0.590708911419,-0.124385178089,1.37637245655,-0.286667317152,-0.380001336336,0.631888508797,-0.611667990685
0.589456677437,-0.125970318913,1.37598788738,-0.289634168148,-0.378626048565,0.630860388279,-0.612184286118
0.589456677437,-0.125970318913,1.37598788738,-0.289634168148,-0.378626048565,0.630860388279,-0.612184286118
0.591328442097,-0.129228711128,1.37521982193,-0.287504643202,-0.382479190826,0.628804624081,-0.612907230854
0.590100944042,-0.131333470345,1.37493872643,-0.290589153767,-0.381503999233,0.626841425896,-0.614070534706
0.591105103493,-0.132714733481,1.37448167801,-0.288608521223,-0.3832680583,0.625885426998,-0.614880561829
0.592670083046,-0.134567975998,1.37545907497,-0.287274390459,-0.386928319931,0.62480032444,-0.614316344261
0.590923070908,-0.136438339949,1.37346732616,-0.290871530771,-0.384326726198,0.624116718769,-0.614951431751
0.592172026634,-0.138465240598,1.37325716019,-0.289303570986,-0.386982232332,0.622856318951,-0.615303456783
0.59274238348,-0.140381231904,1.37337005138,-0.28927975893,-0.388975083828,0.621674358845,-0.615253329277
0.59274238348,-0.140381231904,1.37337005138,-0.28927975893,-0.388975083828,0.621674358845,-0.615253329277
0.593525409698,-0.142580851912,1.37248551846,-0.28818333149,-0.390810936689,0.620314717293,-0.615976333618
0.593800544739,-0.146424144506,1.37214910984,-0.289210706949,-0.392723709345,0.617892384529,-0.616712391376
0.593800544739,-0.146424144506,1.37214910984,-0.289210706949,-0.392723709345,0.617892384529,-0.616712391376
0.594872295856,-0.148599728942,1.37239611149,-0.287751406431,-0.395741671324,0.616537034512,-0.616822361946
0.593573629856,-0.152491435409,1.37016129494,-0.291398346424,-0.393215864897,0.614956796169,-0.618301272392
0.595601677895,-0.155059859157,1.36977136135,-0.288664758205,-0.397462099791,0.613484084606,-0.618331551552
0.595559597015,-0.156804710627,1.36958670616,-0.289992004633,-0.397025436163,0.612809419632,-0.61865991354
0.594858407974,-0.159291699529,1.36882531643,-0.291821628809,-0.396545141935,0.611356437206,-0.619544565678
0.594858407974,-0.159291699529,1.36882531643,-0.291821628809,-0.396545141935,0.611356437206,-0.619544565678
0.596356570721,-0.161943078041,1.36898338795,-0.28932338953,-0.400992661715,0.609308540821,-0.619871020317
0.597571015358,-0.166802272201,1.36766648293,-0.288224041462,-0.403900653124,0.606617212296,-0.621133565903
0.597571015358,-0.166802272201,1.36766648293,-0.288224041462,-0.403900653124,0.606617212296,-0.621133565903
0.596990048885,-0.171502545476,1.36662864685,-0.291326165199,-0.403685241938,0.604894459248,-0.621506333351
0.598284482956,-0.174062922597,1.36628842354,-0.290121674538,-0.406324237585,0.603841364384,-0.62137401104
0.598771452904,-0.176575168967,1.36593830585,-0.289700299501,-0.408268243074,0.602483034134,-0.621614813805
0.598771452904,-0.176575168967,1.36593830585,-0.289700299501,-0.408268243074,0.602483034134,-0.621614813805
0.600121498108,-0.181825697422,1.3650149107,-0.288744419813,-0.411116778851,0.600015163422,-0.622568547726
0.601796746254,-0.184646904469,1.3642398119,-0.287074834108,-0.413747727871,0.599077522755,-0.62250071764
0.601796746254,-0.184646904469,1.3642398119,-0.287074834108,-0.413747727871,0.599077522755,-0.62250071764
0.602587580681,-0.190023228526,1.36349511147,-0.287780463696,-0.416234195232,0.596889257431,-0.622619092464
0.602587580681,-0.190023228526,1.36349511147,-0.287780463696,-0.416234195232,0.596889257431,-0.622619092464
0.604474365711,-0.195491939783,1.36248970032,-0.28666883707,-0.419629633427,0.595524907112,-0.62215924263
0.605925679207,-0.198358982801,1.36213243008,-0.285542696714,-0.422499656677,0.59377259016,-0.622409522533
0.607866644859,-0.201321005821,1.36179208755,-0.28267967701,-0.425949007273,0.592229008675,-0.622835874557
0.608811855316,-0.204182773829,1.36131751537,-0.28279787302,-0.428768098354,0.591832637787,-0.621222496033
0.609617829323,-0.206829935312,1.3609161377,-0.281670808792,-0.43013304472,0.590460777283,-0.622095823288
0.609617829323,-0.206829935312,1.3609161377,-0.281670808792,-0.43013304472,0.590460777283,-0.622095823288
0.610551059246,-0.209779039025,1.36044704914,-0.281141400337,-0.431467652321,0.58814740181,-0.623600780964
0.613006591797,-0.215603947639,1.35922849178,-0.279073894024,-0.435859233141,0.585394263268,-0.624065756798
0.614079713821,-0.218534260988,1.35830116272,-0.278577387333,-0.438418388367,0.583506584167,-0.624262988567
0.61546754837,-0.22113314271,1.35770428181,-0.277096062899,-0.440237522125,0.58320659399,-0.623922109604
0.61546754837,-0.22113314271,1.35770428181,-0.277096062899,-0.440237522125,0.58320659399,-0.623922109604
0.617161929607,-0.224485754967,1.35724115372,-0.276247322559,-0.442899435759,0.58016294241,-0.625250697136
0.61977237463,-0.229669883847,1.35569179058,-0.274085193872,-0.446484863758,0.577959239483,-0.6256929636
0.621234953403,-0.232938274741,1.35517919064,-0.272812783718,-0.449400931597,0.575664162636,-0.626276910305
0.621234953403,-0.232938274741,1.35517919064,-0.272812783718,-0.449400931597,0.575664162636,-0.626276910305
0.622485160828,-0.23547051847,1.35433793068,-0.271594434977,-0.450699955225,0.575457513332,-0.626062810421
0.623970270157,-0.238494351506,1.35359406471,-0.270678162575,-0.452997803688,0.572873353958,-0.627170264721
0.627157151699,-0.244275569916,1.35237836838,-0.267406463623,-0.457952797413,0.569119930267,-0.62839114666
0.627157151699,-0.244275569916,1.35237836838,-0.267406463623,-0.457952797413,0.569119930267,-0.62839114666
0.628325104713,-0.246947348118,1.35147500038,-0.266478478909,-0.458834379911,0.567627966404,-0.629490911961
0.631461262703,-0.252991676331,1.34999084473,-0.264562904835,-0.463590741158,0.564444065094,-0.629676938057
0.632715463638,-0.255675822496,1.3495349884,-0.262251228094,-0.466155320406,0.561714291573,-0.631189823151
0.634375751019,-0.258527934551,1.34856331348,-0.26198464632,-0.467197984457,0.560763061047,-0.63137537241
0.635760426521,-0.261311173439,1.3479155302,-0.260532021523,-0.469741135836,0.559092342854,-0.631571114063
0.636956870556,-0.264084875584,1.3473790884,-0.25778990984,-0.472379267216,0.555699050426,-0.633719801903
0.636956870556,-0.264084875584,1.3473790884,-0.25778990984,-0.472379267216,0.555699050426,-0.633719801903
0.638457417488,-0.266419172287,1.34656488895,-0.258164942265,-0.472744375467,0.556060791016,-0.632977128029
0.640985965729,-0.272165060043,1.34554708004,-0.253589659929,-0.477681726217,0.549845218658,-0.636539578438
0.642391681671,-0.275106549263,1.34499919415,-0.251989901066,-0.480212658644,0.54738932848,-0.637386739254
0.642391681671,-0.275106549263,1.34499919415,-0.251989901066,-0.480212658644,0.54738932848,-0.637386739254
0.64372241497,-0.277592122555,1.34429621696,-0.250832617283,-0.481398820877,0.545820355415,-0.638293325901
0.646468162537,-0.282649755478,1.34310376644,-0.247104033828,-0.485526263714,0.54197961092,-0.639892220497
0.647464990616,-0.28508040309,1.34259355068,-0.246037319303,-0.486558914185,0.539671421051,-0.641467750072
0.647464990616,-0.28508040309,1.34259355068,-0.246037319303,-0.486558914185,0.539671421051,-0.641467750072
0.650351107121,-0.289903253317,1.34076917171,-0.245807483792,-0.488186985254,0.539184987545,-0.640727460384
0.650351107121,-0.289903253317,1.34076917171,-0.245807483792,-0.488186985254,0.539184987545,-0.640727460384
0.652550160885,-0.294667363167,1.33963942528,-0.243162736297,-0.490695744753,0.534277796745,-0.643923163414
0.652550160885,-0.294667363167,1.33963942528,-0.243162736297,-0.490695744753,0.534277796745,-0.643923163414
0.653818249702,-0.296990633011,1.33893656731,-0.241902261972,-0.491756916046,0.532564461231,-0.645006656647
0.655974209309,-0.302077829838,1.33777713776,-0.239570617676,-0.494432419538,0.527861297131,-0.647692024708
0.655974209309,-0.302077829838,1.33777713776,-0.239570617676,-0.494432419538,0.527861297131,-0.647692024708
0.65725672245,-0.304351449013,1.33725202084,-0.238206595182,-0.495925933123,0.52607023716,-0.648510038853
0.658432602882,-0.306939154863,1.33672440052,-0.236954256892,-0.497458159924,0.523180186749,-0.650131225586
0.660066246986,-0.310917824507,1.33541667461,-0.234446227551,-0.498346596956,0.519668877125,-0.653169214725
0.660066246986,-0.310917824507,1.33541667461,-0.234446227551,-0.498346596956,0.519668877125,-0.653169214725
0.661338746548,-0.313451051712,1.33498573303,-0.233758509159,-0.499865204096,0.517577171326,-0.653915643692
0.663583993912,-0.318100482225,1.33417260647,-0.231508657336,-0.501980245113,0.512786507607,-0.656863331795
0.664472103119,-0.3202714324,1.3336802721,-0.229839980602,-0.503154695034,0.510570764542,-0.658275365829
0.66542750597,-0.322382628918,1.33321928978,-0.228848621249,-0.503352165222,0.508379220963,-0.660163223743
0.66542750597,-0.322382628918,1.33321928978,-0.228848621249,-0.503352165222,0.508379220963,-0.660163223743
0.666339814663,-0.324532866478,1.3330218792,-0.227185696363,-0.505164861679,0.50645583868,-0.660830974579
0.668148577213,-0.328564703465,1.33218598366,-0.225017443299,-0.506176292896,0.501522839069,-0.664550721645
0.668148577213,-0.328564703465,1.33218598366,-0.225017443299,-0.506176292896,0.501522839069,-0.664550721645
0.669263184071,-0.330961108208,1.33198702335,-0.223594427109,-0.507366776466,0.498603314161,-0.66631770134
0.670060038567,-0.3328602314,1.33185958862,-0.223092898726,-0.50729238987,0.496917128563,-0.667800605297
0.670737922192,-0.334435641766,1.33131706715,-0.221391692758,-0.506770849228,0.494597315788,-0.670479476452
0.672536551952,-0.338558226824,1.33105611801,-0.220139235258,-0.508904516697,0.490677684546,-0.672153532505
0.672536551952,-0.338558226824,1.33105611801,-0.220139235258,-0.508904516697,0.490677684546,-0.672153532505
0.673727691174,-0.342013537884,1.33051693439,-0.218726083636,-0.508510410786,0.486656337976,-0.675826668739
0.673727691174,-0.342013537884,1.33051693439,-0.218726083636,-0.508510410786,0.486656337976,-0.675826668739
0.674525856972,-0.34384483099,1.33030700684,-0.217589110136,-0.507928073406,0.483989864588,-0.678541004658
0.675433814526,-0.347031593323,1.3298984766,-0.215929806232,-0.50725543499,0.479801088572,-0.682537376881
0.675433814526,-0.347031593323,1.3298984766,-0.215929806232,-0.50725543499,0.479801088572,-0.682537376881
0.676568090916,-0.349090307951,1.3295327425,-0.215458467603,-0.507901370525,0.477838277817,-0.683582127094
0.676618814468,-0.350342392921,1.3294711113,-0.214023187757,-0.507280051708,0.475161761045,-0.686354398727
0.678055644035,-0.353756427765,1.32896208763,-0.212298572063,-0.507482528687,0.470684677362,-0.68981641531
0.678055644035,-0.353756427765,1.32896208763,-0.212298572063,-0.507482528687,0.470684677362,-0.68981641531
0.678483307362,-0.355047166348,1.32874631882,-0.211745634675,-0.506994068623,0.469058036804,-0.691451728344
0.679028570652,-0.35658031702,1.32859027386,-0.210961326957,-0.506592929363,0.468941628933,-0.692064166069
0.679808080196,-0.3582020998,1.32833528519,-0.210338801146,-0.506862342358,0.466847419739,-0.693470716476
0.680363476276,-0.359707415104,1.32817184925,-0.209425419569,-0.506772875786,0.464484542608,-0.695396482944
0.680425941944,-0.360716640949,1.32800495625,-0.208633989096,-0.505804181099,0.463028907776,-0.697307765484
0.681806445122,-0.363706856966,1.32751655579,-0.207813858986,-0.505966901779,0.459219157696,-0.699948906898
0.682315289974,-0.364879846573,1.32723283768,-0.206861078739,-0.505754113197,0.45740789175,-0.701569318771
0.682315289974,-0.364879846573,1.32723283768,-0.206861078739,-0.505754113197,0.45740789175,-0.701569318771
0.682518482208,-0.365866780281,1.32718789577,-0.206799328327,-0.504615902901,0.451726704836,-0.706073582172
0.683697879314,-0.368547976017,1.32671928406,-0.206353768706,-0.504779040813,0.448464184999,-0.708163976669
0.683697879314,-0.368547976017,1.32671928406,-0.206353768706,-0.504779040813,0.448464184999,-0.708163976669
0.684376418591,-0.370747774839,1.32646691799,-0.205456286669,-0.50483840704,0.445847958326,-0.710032105446
0.684742748737,-0.371814012527,1.32644939423,-0.204796925187,-0.504884839058,0.444016933441,-0.711335778236
0.684742748737,-0.371814012527,1.32644939423,-0.204796925187,-0.504884839058,0.444016933441,-0.711335778236
0.684864163399,-0.372704535723,1.32608985901,-0.204894602299,-0.504137694836,0.442995250225,-0.712473630905
0.685687303543,-0.37450504303,1.32626235485,-0.203851431608,-0.504102766514,0.439949929714,-0.714681208134
0.685997307301,-0.375370323658,1.32600557804,-0.203691333532,-0.503909528255,0.438886165619,-0.715516626835
0.686360776424,-0.37610539794,1.32605338097,-0.203201532364,-0.504009664059,0.437951117754,-0.716157972813
0.686402380466,-0.376739740372,1.326192379,-0.202539682388,-0.503503799438,0.436448603868,-0.717617034912
0.686402380466,-0.376739740372,1.326192379,-0.202539682388,-0.503503799438,0.436448603868,-0.717617034912
0.687449097633,-0.378061175346,1.3259909153,-0.201847732067,-0.503667056561,0.434741586447,-0.718732774258
0.687546133995,-0.378255277872,1.32605266571,-0.200770497322,-0.503295004368,0.43354216218,-0.720018446445
0.688064336777,-0.378815084696,1.32609474659,-0.200168758631,-0.503561139107,0.432597368956,-0.72056800127
0.688064336777,-0.378815084696,1.32609474659,-0.200168758631,-0.503561139107,0.432597368956,-0.72056800127
0.688347160816,-0.379360437393,1.32635486126,-0.199811816216,-0.503688693047,0.431559145451,-0.721200227737
0.688739955425,-0.379910588264,1.32642769814,-0.199457809329,-0.503827035427,0.430588722229,-0.721781373024
0.689511060715,-0.380594491959,1.32656538486,-0.198339909315,-0.503893971443,0.428505927324,-0.723280608654
0.689964413643,-0.380772143602,1.32665073872,-0.19751508534,-0.504157006741,0.427705168724,-0.723796784878
0.689964413643,-0.380772143602,1.32665073872,-0.19751508534,-0.504157006741,0.427705168724,-0.723796784878
0.690432429314,-0.380971312523,1.32668423653,-0.196620702744,-0.504079043865,0.426835179329,-0.724607765675
0.691231966019,-0.381272554398,1.32674777508,-0.195384308696,-0.50473767519,0.424574702978,-0.725810706615
0.691231966019,-0.381272554398,1.32674777508,-0.195384308696,-0.50473767519,0.424574702978,-0.725810706615
0.691806137562,-0.381463766098,1.32684659958,-0.194695666432,-0.505320906639,0.423700302839,-0.726100802422
0.69296503067,-0.381614774466,1.32695353031,-0.192957684398,-0.505971848965,0.421759337187,-0.727240681648
0.69296503067,-0.381614774466,1.32695353031,-0.192957684398,-0.505971848965,0.421759337187,-0.727240681648
0.693197190762,-0.381376743317,1.32646214962,-0.192210271955,-0.505993485451,0.420887410641,-0.72792828083
0.693706512451,-0.381273508072,1.32685911655,-0.191431343555,-0.506695508957,0.419973731041,-0.728172898293
0.694174110889,-0.381121456623,1.32688415051,-0.190647393465,-0.507030010223,0.419083803892,-0.72865831852
0.694794595242,-0.381204456091,1.32705950737,-0.189969420433,-0.50773537159,0.41801828146,-0.72895616293
0.695522367954,-0.380615890026,1.32712066174,-0.188359975815,-0.508329689503,0.41679379344,-0.729660451412
0.695522367954,-0.380615890026,1.32712066174,-0.188359975815,-0.508329689503,0.41679379344,-0.729660451412
0.696530342102,-0.380008012056,1.32687318325,-0.186752036214,-0.509168207645,0.41556468606,-0.730190098286
0.696530342102,-0.380008012056,1.32687318325,-0.186752036214,-0.509168207645,0.41556468606,-0.730190098286
0.697013676167,-0.379683107138,1.32683110237,-0.186064332724,-0.509742677212,0.415055125952,-0.730254530907
0.697883725166,-0.379125475883,1.32699501514,-0.185142114758,-0.510982394218,0.414151251316,-0.73013573885
0.697883725166,-0.379125475883,1.32699501514,-0.185142114758,-0.510982394218,0.414151251316,-0.73013573885
0.6987657547,-0.3781940341,1.32673096657,-0.183484822512,-0.511917948723,0.412988036871,-0.730557501316
0.699161469936,-0.377724766731,1.32661724091,-0.18280787766,-0.512514829636,0.412678867579,-0.730483412743
0.699642896652,-0.377259910107,1.32655572891,-0.182050481439,-0.51356357336,0.412022739649,-0.730306386948
0.699642896652,-0.377259910107,1.32655572891,-0.182050481439,-0.51356357336,0.412022739649,-0.730306386948
0.699954330921,-0.376752912998,1.32650113106,-0.181363135576,-0.514107465744,0.411756813526,-0.730244636536
0.700626552105,-0.376074373722,1.32649672031,-0.180844128132,-0.515554964542,0.410879462957,-0.729847073555
0.7010871768,-0.375709056854,1.32643914223,-0.180176332593,-0.516773819923,0.410133242607,-0.729569792747
0.701354146004,-0.375078976154,1.32613587379,-0.179258912802,-0.517252981663,0.409849762917,-0.729615569115
0.701354146004,-0.375078976154,1.32613587379,-0.179258912802,-0.517252981663,0.409849762917,-0.729615569115
0.701348245144,-0.374383926392,1.32608318329,-0.178502857685,-0.517493844032,0.410895615816,-0.729041695595
0.701481580734,-0.373535633087,1.32614779472,-0.178663104773,-0.519006729126,0.408466041088,-0.729292154312
0.701685547829,-0.372851729393,1.32588732243,-0.177825585008,-0.519540429115,0.408075362444,-0.729335546494
0.701685547829,-0.372851729393,1.32588732243,-0.177825585008,-0.519540429115,0.408075362444,-0.729335546494
0.701764166355,-0.372314959764,1.32577586174,-0.177569434047,-0.520104050636,0.407759577036,-0.729172945023
0.701936483383,-0.371897518635,1.3257163763,-0.177419692278,-0.520959615707,0.407157182693,-0.72893512249
0.701527178288,-0.370830357075,1.32579874992,-0.177932083607,-0.522024810314,0.407010227442,-0.72812974453
0.701527178288,-0.370830357075,1.32579874992,-0.177932083607,-0.522024810314,0.407010227442,-0.72812974453
0.701324164867,-0.369744569063,1.32544338703,-0.177798420191,-0.522681832314,0.406404197216,-0.728029608727
0.701324164867,-0.369744569063,1.32544338703,-0.177798420191,-0.522681832314,0.406404197216,-0.728029608727
0.700573205948,-0.368745535612,1.32542002201,-0.179045885801,-0.523111402988,0.406750142574,-0.727221786976
0.700573205948,-0.368745535612,1.32542002201,-0.179045885801,-0.523111402988,0.406750142574,-0.727221786976
0.69972038269,-0.367739379406,1.32549417019,-0.180427387357,-0.523619294167,0.407429486513,-0.726133644581
0.69924300909,-0.36720854044,1.32549250126,-0.180951118469,-0.523516774178,0.407605558634,-0.725978434086
0.698436558247,-0.366671025753,1.32552886009,-0.182382941246,-0.523290276527,0.408529758453,-0.725263595581
0.697928130627,-0.365967512131,1.32539629936,-0.182925924659,-0.523171722889,0.409115672112,-0.724882006645
0.697928130627,-0.365967512131,1.32539629936,-0.182925924659,-0.523171722889,0.409115672112,-0.724882006645
0.696693539619,-0.364981651306,1.32557606697,-0.184962421656,-0.523266136646,0.410478442907,-0.723525285721
0.696693539619,-0.364981651306,1.32557606697,-0.184962421656,-0.523266136646,0.410478442907,-0.723525285721
0.695212244987,-0.363755345345,1.32548654079,-0.186948776245,-0.522575080395,0.412205815315,-0.722531616688
0.695212244987,-0.363755345345,1.32548654079,-0.186948776245,-0.522575080395,0.412205815315,-0.722531616688
0.693425536156,-0.362398386002,1.32542383671,-0.189204052091,-0.521861851215,0.414174407721,-0.721333265305
0.692848980427,-0.361816227436,1.32551324368,-0.1900036484,-0.521823465824,0.415183871984,-0.720570087433
0.692848980427,-0.361816227436,1.32551324368,-0.1900036484,-0.521823465824,0.415183871984,-0.720570087433
0.69208240509,-0.361142098904,1.32535374165,-0.191084265709,-0.521478176117,0.416355371475,-0.719858050346
0.691104531288,-0.360250353813,1.32521677017,-0.192188337445,-0.520696878433,0.417653262615,-0.719377756119
0.689388990402,-0.35916697979,1.32534718513,-0.195124521852,-0.52041387558,0.42015132308,-0.717334449291
0.689388990402,-0.35916697979,1.32534718513,-0.195124521852,-0.52041387558,0.42015132308,-0.717334449291
0.688525021076,-0.358313769102,1.32543444633,-0.195888459682,-0.51990878582,0.421364754438,-0.716780543327
0.687530338764,-0.357620328665,1.32540667057,-0.197444930673,-0.519267141819,0.422635227442,-0.71607029438
0.686672151089,-0.356767147779,1.32519924641,-0.198609039187,-0.51815366745,0.423089116812,-0.716286897659
0.684404850006,-0.355334579945,1.32537341118,-0.201880767941,-0.51678019762,0.425708144903,-0.714811205864
0.683383703232,-0.354392170906,1.32529473305,-0.20289067924,-0.515990912914,0.427105665207,-0.714261651039
0.683383703232,-0.354392170906,1.32529473305,-0.20289067924,-0.515990912914,0.427105665207,-0.714261651039
0.680857360363,-0.352784872055,1.32556545734,-0.20576530695,-0.515148460865,0.433147966862,-0.710398197174
0.679999709129,-0.35190781951,1.32565915585,-0.207756966352,-0.514431118965,0.435252130032,-0.709051012993
0.679999709129,-0.35190781951,1.32565915585,-0.207756966352,-0.514431118965,0.435252130032,-0.709051012993
0.678728878498,-0.351019382477,1.3257573843,-0.209130227566,-0.513390183449,0.436724871397,-0.708495914936
0.677584290504,-0.350222378969,1.32604980469,-0.210151776671,-0.513038277626,0.437974452972,-0.707676708698
0.676274597645,-0.349231243134,1.32623744011,-0.211615115404,-0.512200474739,0.439476102591,-0.706916153431
0.674850106239,-0.348253071308,1.32638061047,-0.213472411036,-0.511171340942,0.441153556108,-0.706057310104
