x,y,z,q0,q1,q2,q3
0.584699213505,0.259436011314,1.143414855,-0.674627304077,-0.375021994114,-0.202922105789,0.602543830872
0.58314281702,0.257023155689,1.14390921593,-0.675127744675,-0.3737642169,-0.199915796518,0.603768587112
0.581493854523,0.254565298557,1.14445865154,-0.67582064867,-0.372941493988,-0.193839177489,0.60548132658
0.579830110073,0.252687931061,1.14526295662,-0.676624059677,-0.373873174191,-0.187913537025,0.60587733984
0.577718913555,0.249854043126,1.14561796188,-0.676301419735,-0.37313118577,-0.182196110487,0.608435928822
0.575594127178,0.247239217162,1.14607954025,-0.676187455654,-0.372272282839,-0.173355266452,0.611663222313
0.573604166508,0.244617164135,1.14631509781,-0.676250040531,-0.371775656939,-0.167414546013,0.613548159599
0.571448981762,0.241945326328,1.1466935873,-0.67622500658,-0.371469557285,-0.161723718047,0.615284860134
0.569305479527,0.239321798086,1.14714515209,-0.674569308758,-0.373282909393,-0.153562456369,0.618089556694
0.567032635212,0.23670591414,1.14747357368,-0.674953460693,-0.3720946908,-0.147517263889,0.619856417179
0.564710617065,0.233973577619,1.14778697491,-0.674962818623,-0.371313244104,-0.142781183124,0.621421992779
0.562495708466,0.231274873018,1.14801084995,-0.673624575138,-0.371257722378,-0.136419326067,0.62432962656
0.560172200203,0.228650063276,1.1482937336,-0.673931658268,-0.370522856712,-0.130231827497,0.625754415989
0.557684838772,0.225840568542,1.14852917194,-0.673575103283,-0.370043903589,-0.123639717698,0.627755880356
0.554611563683,0.222573265433,1.14851403236,-0.672603905201,-0.372540175915,-0.119739644229,0.628076672554
0.552027881145,0.219736337662,1.14877724648,-0.67154532671,-0.371680408716,-0.114286720753,0.630729019642
0.549464344978,0.216603919864,1.14881491661,-0.670131385326,-0.371458798647,-0.10868576169,0.633348047733
0.546804666519,0.213757544756,1.14910578728,-0.674493134022,-0.371836900711,-0.103135861456,0.629411935806
0.544024467468,0.210736721754,1.1492575407,-0.672890484333,-0.371363788843,-0.0977568775415,0.632258653641
0.54115575552,0.207682773471,1.14943945408,-0.680670082569,-0.370237469673,-0.0909773930907,0.625568032265
0.538164973259,0.204436659813,1.14953219891,-0.6699655056,-0.37183535099,-0.0870324894786,0.636639535427
0.535164117813,0.201161682606,1.14957988262,-0.669253230095,-0.370940059423,-0.0815679207444,0.63863158226
0.531659960747,0.197520390153,1.149538517,-0.66902256012,-0.374137967825,-0.0778580233455,0.637469887733
0.529252767563,0.194843173027,1.14977836609,-0.667126595974,-0.369522541761,-0.0701402574778,0.643020629883
0.526045441628,0.191453337669,1.14982068539,-0.666625380516,-0.369662135839,-0.0655973032117,0.643939077854
0.523008644581,0.188155382872,1.14991760254,-0.66476392746,-0.36861667037,-0.0596936866641,0.64702963829
0.5193759799,0.184177964926,1.14985179901,-0.663386404514,-0.37103971839,-0.0570298247039,0.647298753262
0.516598761082,0.181200519204,1.14998662472,-0.661774635315,-0.367276996374,-0.0501491054893,0.651649653912
0.512976408005,0.177340507507,1.14999890327,-0.664221525192,-0.369269609451,-0.0487102754414,0.648133337498
0.509791433811,0.173803448677,1.15008068085,-0.662496805191,-0.368100076914,-0.0441656149924,0.65088391304
0.506523251534,0.170296043158,1.150177598,-0.662084758282,-0.367431342602,-0.040017593652,0.651948273182
0.503307759762,0.166899442673,1.15043711662,-0.660154461861,-0.366609543562,-0.0349936336279,0.65465182066
0.499620199203,0.163594797254,1.15077495575,-0.659295916557,-0.366551846266,-0.0313817970455,0.655731678009
0.496345579624,0.159874871373,1.15096843243,0.657011985779,0.365486621857,0.0273653883487,-0.658791303635
0.493309915066,0.156586483121,1.15116870403,0.652795672417,0.365365117788,0.0210124980658,-0.663268208504
0.489670902491,0.153048574924,1.15160179138,0.650405585766,0.36479601264,0.0174231287092,-0.666027724743
0.4875882864,0.149876192212,1.15165686607,0.650884389877,0.362224578857,0.0135421855375,-0.667052745819
0.484270215034,0.146476283669,1.15210032463,0.653525650501,0.364441365004,0.00984064210206,-0.663317382336
0.47934949398,0.142670407891,1.15299868584,0.646462261677,0.364055067301,0.00750842969865,-0.670443415642
0.477499186993,0.139778152108,1.15296709538,0.64692312479,0.361143261194,0.00295027694665,-0.671608030796
0.474262923002,0.136501893401,1.15338373184,0.648468017578,0.363862812519,-0.000529435230419,-0.66865003109
0.468818962574,0.131954073906,1.15426635742,0.645992219448,0.362917274237,-8.1822174252e-05,-0.671554267406
0.465300619602,0.128383770585,1.15498220921,0.640208899975,0.363617748022,-0.00395182752982,-0.676682472229
0.461661845446,0.124581925571,1.15548467636,0.636965751648,0.363594979048,-0.00629770942032,-0.679730653763
0.458154678345,0.120973795652,1.15606689453,0.639892280102,0.363763868809,-0.00645866803825,-0.676884114742
0.454714268446,0.117404364049,1.15680956841,0.637191712856,0.363840341568,-0.00811886973679,-0.679368257523
0.451035439968,0.113818153739,1.15749549866,0.631144881248,0.363762438297,-0.0110181402415,-0.684990286827
0.447583705187,0.110185585916,1.15824759007,0.627863049507,0.364011466503,-0.0118057038635,-0.687854886055
0.443940788507,0.106472924352,1.15922307968,0.624186575413,0.364618360996,-0.0120325544849,-0.690868914127
0.440491229296,0.102655589581,1.16014194489,0.622057616711,0.365111202002,-0.0115886107087,-0.692534446716
0.436907798052,0.0990427061915,1.16112589836,0.620296955109,0.366618156433,-0.0111986277625,-0.693323552608
0.433641880751,0.0954396426678,1.16186475754,0.619255721569,0.367144137621,-0.0117976525798,-0.693965792656
0.430375784636,0.0917965620756,1.16275751591,0.616772115231,0.368027955294,-0.0123614231125,-0.695697426796
0.427136540413,0.0882938653231,1.16362583637,0.61561602354,0.368506878614,-0.0121973706409,-0.696470379829
0.424043804407,0.0850654169917,1.16432499886,0.613974690437,0.369333088398,-0.0115610575303,-0.697491645813
0.421238690615,0.0814699083567,1.16522490978,0.612246215343,0.369295865297,-0.0115518402308,-0.699029147625
0.417460381985,0.0785420760512,1.16453933716,0.608973741531,0.37001568079,-0.0142759922892,-0.701452493668
0.415350437164,0.0747408494353,1.16675341129,0.607436835766,0.370827645063,-0.0107403229922,-0.702418744564
0.412626802921,0.072204567492,1.16761982441,0.607921004295,0.369420081377,-0.01090960484,-0.702738821507
0.40995234251,0.0695553421974,1.16853094101,0.607350289822,0.371466934681,-0.0111462119967,-0.702149391174
0.40710362792,0.0660383850336,1.16936218739,0.606088936329,0.371598005295,-0.0104419793934,-0.703180074692
0.404467105865,0.0631939172745,1.17016005516,0.604782819748,0.373746961355,-0.0104008084163,-0.703166246414
0.401976287365,0.0601792410016,1.17091536522,0.601094484329,0.376300692558,-0.0105436509475,-0.704962491989
0.399403989315,0.0574317127466,1.17162680626,0.599987149239,0.377604722977,-0.00986848771572,-0.705218315125
0.397098362446,0.0545674189925,1.17229568958,0.595961272717,0.380289703608,-0.0104305632412,-0.707178354263
0.394468575716,0.0520978942513,1.17256498337,0.593483269215,0.381962776184,-0.00753086712211,-0.708396434784
0.392598450184,0.0495020672679,1.17344367504,0.590702056885,0.384543597698,-0.00758642051369,-0.709323525429
0.390862584114,0.0469837710261,1.17366278172,0.58875644207,0.3860026896,-0.0062038525939,-0.710161447525
0.389058321714,0.0447080135345,1.17367243767,0.585898697376,0.387528777122,-0.0073101115413,-0.71168166399
0.387281477451,0.0426642596722,1.17395353317,0.583081424236,0.38934481144,-0.00743257952854,-0.713001668453
0.385800182819,0.0405072793365,1.17411780357,0.581656754017,0.389036685228,-0.00849800743163,-0.714320540428
0.384480237961,0.0383523032069,1.17431616783,0.579343676567,0.38970965147,-0.00781098846346,-0.715839624405
0.383066266775,0.0362309962511,1.17443573475,0.57844722271,0.389329791069,-0.00695946626365,-0.716779410839
0.381858348846,0.0342150852084,1.17446827888,0.577101588249,0.389354526997,-0.00571565097198,-0.717860877514
0.380295544863,0.0324559509754,1.17444324493,0.576530814171,0.388643175364,-0.00439896201715,-0.718713700771
0.379096329212,0.0305139422417,1.17437505722,0.57575494051,0.388295918703,-0.00337061448954,-0.71952855587
0.377595245838,0.028719894588,1.17438733578,0.576487362385,0.388790518045,-0.00185684999451,-0.718679964542
0.376178324223,0.0268893837929,1.17455017567,0.574286520481,0.38911780715,-4.33422574133e-05,-0.720265507698
0.374864310026,0.0248749181628,1.1748187542,0.573034584522,0.388282269239,0.000570847361814,-0.721711874008
0.373293638229,0.0231145769358,1.175121665,0.573273003101,0.389267325401,0.00202253833413,-0.720988869667
0.371732443571,0.0214724391699,1.17556595802,0.573865711689,0.389652371407,0.00208720192313,-0.720308959484
0.370181292295,0.019480317831,1.17597353458,0.570328652859,0.390103757381,0.00307819689624,-0.722865819931
0.368517994881,0.0177352055907,1.17665576935,0.570221304893,0.391020804644,0.00420559989288,-0.722449123859
0.366856753826,0.0158846527338,1.17718303204,0.56853312254,0.391719698906,0.0056883902289,-0.723390221596
0.36520421505,0.0140271484852,1.1779229641,0.559826076031,0.394147336483,0.00422027846798,-0.728851735592
0.363510400057,0.0118813887239,1.1787186861,0.561577856541,0.393625795841,0.00856071244925,-0.727747142315
0.361580550671,0.00991622358561,1.17952132225,0.562180995941,0.393887877464,0.00959326419979,-0.727126538754
0.359697818756,0.00753747671843,1.1802573204,0.560016870499,0.395554363728,0.0108890589327,-0.727873086929
0.357821255922,0.0055129788816,1.18117666245,0.555709302425,0.397347897291,0.0117968227714,-0.730179846287
0.35585129261,0.00403836369514,1.18197107315,0.55683618784,0.400321274996,0.0116992359981,-0.727694809437
0.35405164957,0.00211834162474,1.1828340292,0.553938806057,0.402705639601,0.0130722690374,-0.728566527367
0.352493464947,0.000210307538509,1.18354833126,0.553152680397,0.403591245413,0.01338684652,-0.728668093681
0.350718200207,-0.00120982155204,1.18412363529,0.552967369556,0.405916571617,0.0132196564227,-0.727519094944
0.349258601665,-0.00304578617215,1.18471872807,0.554626047611,0.406229704618,0.013435809873,-0.726076424122
0.347793459892,-0.00490084663033,1.18522262573,0.554269611835,0.407730251551,0.0140968365595,-0.725494742393
0.346432596445,-0.00672932714224,1.18584823608,0.55081140995,0.409699618816,0.0142902322114,-0.727013647556
0.345364421606,-0.00805259495974,1.18615913391,0.5524340868,0.410504758358,0.0144921094179,-0.725322306156
0.34426856041,-0.00951677560806,1.18652176857,0.549020767212,0.411951541901,0.0138370525092,-0.727104365826
0.343252062798,-0.0109136998653,1.186881423,0.547999799252,0.413582205772,0.014772053808,-0.726930320263
0.342050909996,-0.0127529501915,1.18727862835,0.546747744083,0.415675371885,0.0148927895352,-0.726676762104
0.341382980347,-0.0137623287737,1.18748748302,0.548105120659,0.416534215212,0.0152550078928,-0.725153326988
0.34045869112,-0.0150116607547,1.18758893013,0.548250079155,0.418033868074,0.0153821222484,-0.724177420139
0.339709818363,-0.0162426196039,1.18766617775,0.546368062496,0.419351935387,0.0156123172492,-0.724832475185
0.339074909687,-0.0172702260315,1.18784558773,0.545409202576,0.421842843294,0.0162064787,-0.724095880985
0.338356107473,-0.0182250514627,1.18779623508,0.539467334747,0.42417550087,0.0162049941719,-0.727177858353
0.338158607483,-0.0187445823103,1.1877245903,0.544848620892,0.42499640584,0.0161964669824,-0.722672581673
0.337832331657,-0.0193258337677,1.18766403198,0.543781161308,0.426651299,0.0160155519843,-0.722505569458
0.33747023344,-0.0200483463705,1.18765664101,0.542990505695,0.429757088423,0.0164538081735,-0.7212485075
0.337138682604,-0.020553117618,1.18742668629,0.544743359089,0.43068292737,0.0170216038823,-0.719358861446
0.337014555931,-0.0207463093102,1.18729519844,0.542985081673,0.43359079957,0.0168460570276,-0.71894544363
0.336874246597,-0.0212552584708,1.18723535538,0.540828943253,0.43619325757,0.0181929506361,-0.718963563442
0.336858153343,-0.0210314430296,1.18698012829,0.532859802246,0.438928961754,0.0156237762421,-0.723296523094
0.336988151073,-0.0208745598793,1.18658053875,0.54144102335,0.440542966127,0.0183906406164,-0.715838968754
0.337315797806,-0.0200394969434,1.18621599674,0.539603590965,0.444177567959,0.018204824999,-0.714984714985
0.337708950043,-0.0194834116846,1.18557572365,0.539619684219,0.446514368057,0.0180952306837,-0.7135181427
0.338157474995,-0.0187699124217,1.18510711193,0.538664937019,0.448947548866,0.0184205807745,-0.712704062462
0.338768482208,-0.0179333593696,1.18451786041,0.534722089767,0.451976031065,0.0173329114914,-0.713785469532
0.339487433434,-0.0166879612952,1.18386292458,0.527087271214,0.454806089401,0.0165034700185,-0.717675507069
0.340386271477,-0.0154326763004,1.18301820755,0.533226430416,0.457446217537,0.0153638375923,-0.711460828781
0.341156303883,-0.0139446109533,1.18224716187,0.526412069798,0.460319519043,0.0178406517953,-0.714617371559
0.342192351818,-0.0121988505125,1.1812787056,0.530940592289,0.463527649641,0.0181095208973,-0.709165930748
0.343228131533,-0.0109214186668,1.18041443825,0.529109239578,0.467034548521,0.0199184194207,-0.708184540272
0.34453612566,-0.00871878117323,1.17939424515,0.523241877556,0.469642013311,0.0179400909692,-0.710867345333
0.345836043358,-0.00674544647336,1.17853784561,0.521280705929,0.47364872694,0.0191884413362,-0.70961612463
0.347256600857,-0.00433531776071,1.17743897438,0.526466071606,0.475996345282,0.0230509601533,-0.70408064127
0.349079817533,-0.00223273225129,1.17648148537,0.523508131504,0.479754209518,0.0202097892761,-0.703822851181
0.350672900677,0.000706629827619,1.17538523674,0.517828226089,0.484135985374,0.0222415700555,-0.704962074757
0.352834880352,0.00350041687489,1.17422652245,0.521727979183,0.487087070942,0.0232631973922,-0.700003743172
0.354730129242,0.00635025091469,1.1730979681,0.514248967171,0.491918504238,0.0234792288393,-0.702148914337
0.356793731451,0.00921438261867,1.17210733891,0.516827702522,0.496167182922,0.0249863453209,-0.697196662426
0.358923375607,0.0122539848089,1.17100334167,0.515191197395,0.501757442951,0.026457939297,-0.694346785545
0.36093711853,0.0149560719728,1.16998672485,0.51149648428,0.506245017052,0.0279996078461,-0.69376039505
0.363155841827,0.0180561691523,1.16886115074,0.50968170166,0.511469244957,0.0323564894497,-0.691069364548
0.365600734949,0.0213233269751,1.16769361496,0.506124973297,0.517398357391,0.0308878328651,-0.689334869385
0.367842674255,0.0248618423939,1.1665418148,0.503220260143,0.523133814335,0.0354616306722,-0.686908185482
0.370553195477,0.0287339277565,1.1654446125,0.491678267717,0.526747941971,0.0338950306177,-0.69256067276
0.373013734818,0.0316644534469,1.1642434597,0.48301962018,0.535141348839,0.037718527019,-0.692021071911
0.375551640987,0.0345483012497,1.16314041615,0.476963788271,0.54132848978,0.0371413417161,-0.691440284252
0.378492236137,0.0379960089922,1.16193246841,0.469637572765,0.545866966248,0.0399391949177,-0.692729890347
0.381315410137,0.0412684008479,1.16080057621,0.466059058905,0.551782131195,0.0454544275999,-0.690115392208
0.384324491024,0.0449433773756,1.15943706036,0.461321204901,0.556116342545,0.0510407425463,-0.689428925514
0.387381792068,0.0482495687902,1.15824258327,0.455923140049,0.562450170517,0.0529123023152,-0.687738537788
0.390369951725,0.0520714819431,1.15688824654,0.44961181283,0.564530789852,0.0551480762661,-0.69000941515
0.393521606922,0.0555968806148,1.15557169914,0.444082647562,0.569033801556,0.0595783852041,-0.68952280283
0.396383434534,0.0613679625094,1.15488278866,0.431948125362,0.557810604572,0.0355772785842,-0.707815289497
0.400166839361,0.063886962831,1.15299475193,0.44351619482,0.576952576637,0.072632342577,-0.682014584541
0.40367808938,0.0680442601442,1.1517547369,0.441532552242,0.580967485905,0.0819095820189,-0.678834855556
0.407016456127,0.0721551477909,1.15061211586,0.437746167183,0.58447933197,0.0902575999498,-0.67721170187
0.410542726517,0.0768198519945,1.14935529232,0.435444682837,0.587559103966,0.0975937470794,-0.675009608269
0.414153218269,0.0811897590756,1.1481872797,0.432472676039,0.590562462807,0.106307558715,-0.672980129719
0.417785048485,0.0859552025795,1.14704716206,0.429795622826,0.592097818851,0.117421925068,-0.671496868134
0.421433418989,0.0908390283585,1.14612936974,0.428380966187,0.594320297241,0.127254664898,-0.668640077114
0.424889206886,0.0954737812281,1.14535474777,0.424734503031,0.597818732262,0.134807750583,-0.666363537312
0.42856952548,0.100312240422,1.14468300343,0.422516226768,0.600353896618,0.140936106443,-0.664223194122
0.432395070791,0.105163305998,1.1439435482,0.416193783283,0.605019330978,0.149725615978,-0.66205483675
0.436048328876,0.110222920775,1.1434019804,0.412421941757,0.608191609383,0.157004281878,-0.659818828106
0.439872801304,0.115451022983,1.14316022396,0.409218549728,0.610235512257,0.165197595954,-0.657922923565
0.443714529276,0.120456039906,1.14270710945,0.404768764973,0.613126337528,0.171940654516,-0.656258106232
0.447462171316,0.125482290983,1.14248085022,0.400556236506,0.615482389927,0.179573595524,-0.654591083527
0.451180040836,0.13058552146,1.14219534397,0.395454674959,0.618244409561,0.185901209712,-0.653322577477
0.454837054014,0.135552078485,1.14203691483,0.393819987774,0.617881596088,0.193898111582,-0.65232783556
0.458953112364,0.140800863504,1.14179837704,0.386715441942,0.622420370579,0.200484856963,-0.650269210339
0.462794363499,0.145975977182,1.14166522026,0.383422315121,0.623324990273,0.208384528756,-0.648867785931
0.466779738665,0.15118059516,1.14178872108,0.379855304956,0.624699413776,0.216196715832,-0.647085487843
0.47222968936,0.156761795282,1.14135193825,0.378852158785,0.6236525774,0.224490910769,-0.645857810974
0.474890470505,0.161203250289,1.14157915115,0.374811261892,0.624770760536,0.236041918397,-0.643010258675
0.478988498449,0.166374772787,1.14158856869,0.375735461712,0.623163342476,0.248042568564,-0.639504015446
0.483278781176,0.171360254288,1.14155137539,0.376626998186,0.620590746403,0.260576426983,-0.636489808559
0.48754119873,0.176573693752,1.14172661304,0.377013832331,0.617539703846,0.273514002562,-0.633794426918
0.491859942675,0.181552156806,1.14188861847,0.378201842308,0.614330708981,0.28645786643,-0.63047850132
0.496179103851,0.18658785522,1.14203977585,0.378454864025,0.610467016697,0.298996955156,-0.628253936768
0.501946091652,0.192219465971,1.14203166962,0.381543874741,0.604432880878,0.311163723469,-0.626308679581
0.505221009254,0.196649163961,1.14229655266,0.382281541824,0.600819587708,0.325454115868,-0.622058153152
0.509747266769,0.201420634985,1.14248979092,0.384183526039,0.595237672329,0.33897075057,-0.619026839733
0.514005303383,0.206087097526,1.14275240898,0.3891492486,0.588229835033,0.353846311569,-0.614281177521
0.518482685089,0.211016431451,1.14318943024,0.395682573318,0.580587089062,0.369516760111,-0.608121156693
0.522655308247,0.215631261468,1.14326405525,0.402912944555,0.567885756493,0.386875212193,-0.604561328888
0.526910424232,0.22026437521,1.14340543747,0.403651535511,0.564405441284,0.393903702497,-0.602786839008
0.531059980392,0.224711626768,1.14379489422,0.412725955248,0.555174827576,0.41022720933,-0.594265937805
0.535155057907,0.228970646858,1.14435696602,0.412260532379,0.545240938663,0.42301979661,-0.594817757607
0.539216339588,0.233196467161,1.14460742474,0.421027570963,0.540048360825,0.43458327651,-0.584996581078
0.542582094669,0.236779123545,1.14470148087,0.422933131456,0.532880544662,0.448777377605,-0.579452216625
0.54744297266,0.240964069963,1.14489579201,0.428501963615,0.524303734303,0.458971321583,-0.57518440485
0.551772415638,0.245094224811,1.14388120174,0.43272548914,0.516276955605,0.467760950327,-0.572194576263
0.55588722229,0.248328194022,1.14514303207,0.436823397875,0.509255349636,0.477699428797,-0.567139923573
0.558236956596,0.251749038696,1.14535796642,0.440666347742,0.500367343426,0.488092392683,-0.563215434551
0.561128377914,0.254916965961,1.14526033401,0.446451038122,0.493154585361,0.498517692089,-0.555841803551
0.564383983612,0.258250802755,1.14546751976,0.449951946735,0.487678289413,0.505913972855,-0.551148176193
0.567624390125,0.261294811964,1.14548540115,0.457691729069,0.477653473616,0.514542460442,-0.545538008213
0.570691585541,0.264440774918,1.14545023441,0.461917221546,0.469204932451,0.520657598972,-0.54350233078
0.574601590633,0.26803123951,1.14569532871,0.467318952084,0.463880032301,0.525300204754,-0.538969695568
0.577536582947,0.270941436291,1.1457041502,0.470735490322,0.459350466728,0.528669416904,-0.536576032639
0.580370604992,0.273803949356,1.14552843571,0.475905776024,0.453401178122,0.53327858448,-0.532498836517
0.581881940365,0.275693744421,1.1450394392,0.478270769119,0.448448628187,0.538603186607,-0.529204547405
0.586530923843,0.279071122408,1.14508652687,0.485919445753,0.441876828671,0.539836764336,-0.526501238346
0.589127123356,0.281758010387,1.14465487003,0.491874068975,0.437021523714,0.543164849281,-0.521578550339
0.591265201569,0.283847510815,1.14427995682,0.494557529688,0.432401925325,0.545479774475,-0.520473957062
0.593366265297,0.28602334857,1.14393186569,0.498132377863,0.428494900465,0.54751688242,-0.518152177334
0.59538859129,0.288130819798,1.14346408844,0.501618504524,0.425049781799,0.549016416073,-0.516035318375
0.597244620323,0.290370732546,1.14308190346,0.500578641891,0.425165712833,0.549102306366,-0.516857683659
0.599149465561,0.292022615671,1.14248609543,0.509343326092,0.418184131384,0.551795005798,-0.511090815067
0.600762784481,0.293683469296,1.14183807373,0.511686980724,0.416039466858,0.552312731743,-0.509939610958
0.602346241474,0.29542696476,1.14116382599,0.515846550465,0.412674158812,0.552723765373,-0.508034050465
0.603887915611,0.296731948853,1.14060628414,0.518333256245,0.410949170589,0.552825093269,-0.506789803505
0.605368196964,0.298321008682,1.13980615139,0.521107375622,0.409081846476,0.552731990814,-0.505555808544
0.606719970703,0.299706995487,1.13900828362,0.524205684662,0.406653702259,0.553547978401,-0.503414034843
0.607824504375,0.301053404808,1.13817667961,0.526927351952,0.406229317188,0.551951885223,-0.502667427063
0.609216630459,0.301982939243,1.13727593422,0.529343903065,0.405123233795,0.551038622856,-0.502022564411
0.609962046146,0.303158819675,1.1365634203,0.531590759754,0.404464125633,0.550472795963,-0.500799238682
0.611043810844,0.30412042141,1.13571918011,0.533998668194,0.40405985713,0.549396753311,-0.499744236469
0.612081110477,0.304978191853,1.13483846188,0.536341607571,0.403025746346,0.549339771271,-0.498130172491
0.612750291824,0.306013703346,1.13409769535,0.538748145103,0.403738766909,0.547413229942,-0.497075736523
0.613686323166,0.306786894798,1.13315820694,0.54150557518,0.404243260622,0.544798135757,-0.496542304754
0.614033818245,0.307433545589,1.13224959373,-0.543314218521,-0.405034661293,-0.543275535107,0.495588690042
0.614829838276,0.307859301567,1.13133430481,-0.545131623745,-0.405925154686,-0.540806353092,0.495565056801
0.615106880665,0.308702111244,1.13068699837,-0.547524392605,-0.407651990652,-0.538574695587,0.493937432766
0.615555942059,0.309372782707,1.12979221344,-0.544366657734,-0.412720531225,-0.534489572048,0.497641891241
0.616208612919,0.309728562832,1.12877011299,-0.551458060741,-0.410421878099,-0.533160805702,0.493140518665
0.616327643394,0.310242235661,1.12797188759,-0.548137784004,-0.416386455297,-0.528430402279,0.49691927433
0.616717994213,0.31032794714,1.1270840168,-0.554082989693,-0.415656596422,-0.526862382889,0.492582827806
0.616800427437,0.31045293808,1.12612569332,-0.555923104286,-0.417321115732,-0.524124205112,0.492022484541
0.616686940193,0.310903936625,1.12528526783,-0.556395292282,-0.421348214149,-0.520706474781,0.491685509682
0.616778075695,0.311424106359,1.12456536293,-0.554186820984,-0.42674690485,-0.51570546627,0.494784891605
0.616909444332,0.311347663403,1.12365055084,-0.554978132248,-0.429206848145,-0.513047337532,0.4945333004
0.616454005241,0.311568051577,1.12271010876,-0.55564904213,-0.433535635471,-0.508239507675,0.494968444109
0.61620259285,0.31154280901,1.12184202671,-0.560188293457,-0.4341814816,-0.50619405508,0.491368740797
0.615935981274,0.311656475067,1.12098836899,-0.561862289906,-0.436607569456,-0.502819597721,0.49077180028
0.615361094475,0.311746060848,1.12037932873,-0.56218290329,-0.440960079432,-0.500215351582,0.489172250032
0.61483424902,0.311717689037,1.11960780621,-0.561508536339,-0.444640249014,-0.496098786592,0.490804791451
0.614145994186,0.311670213938,1.11887454987,-0.56194370985,-0.448567122221,-0.491204619408,0.491655319929
0.613425970078,0.311451494694,1.11850059032,-0.562865316868,-0.452577501535,-0.487921148539,0.490193396807
0.612566351891,0.311518341303,1.11750078201,-0.562316834927,-0.456730335951,-0.483956366777,0.490900546312
0.611654520035,0.311422765255,1.11680674553,-0.560577452183,-0.460837721825,-0.479700058699,0.493223667145
0.610766708851,0.311247736216,1.11625540257,-0.559612751007,-0.464711844921,-0.475879728794,0.494383603334
0.609761178493,0.311143070459,1.11580431461,-0.5610435009,-0.468217253685,-0.472445994616,0.492745041847
0.60875171423,0.310997396708,1.11527740955,-0.558689594269,-0.472590625286,-0.468123525381,0.495362967253
0.607573270798,0.310838729143,1.11484515667,-0.557734966278,-0.476279675961,-0.464422553778,0.496387928724
0.604197323322,0.310046315193,1.1142911911,-0.552918314934,-0.4820497334,-0.46251681447,0.497983753681
0.603250265121,0.309913098812,1.11398267746,-0.552295267582,-0.485323011875,-0.458750426769,0.498978734016
0.604006767273,0.31026250124,1.11371445656,-0.554180979729,-0.488078773022,-0.453989177942,0.49855452776
0.602692008018,0.309967398643,1.11340236664,-0.552794873714,-0.490054637194,-0.449336200953,0.502355933189
0.601294159889,0.309814840555,1.1132222414,-0.551582455635,-0.494720488787,-0.446779936552,0.501394093037
0.599661231041,0.309269249439,1.11298453808,-0.547888576984,-0.498693615198,-0.443096369505,0.504765689373
0.598332941532,0.309098750353,1.11275839806,-0.548725545406,-0.499203711748,-0.441288203001,0.504936158657
0.597483634949,0.309108436108,1.11265015602,-0.546167969704,-0.504023134708,-0.435626745224,0.507829666138
0.596068620682,0.308789789677,1.11257040501,-0.544448137283,-0.50635689497,-0.432220101357,0.510259687901
0.594789683819,0.308543950319,1.11247694492,-0.543162167072,-0.508505046368,-0.428995668888,0.512210965157
0.593457937241,0.308254718781,1.11248552799,-0.541505932808,-0.511132895947,-0.425602436066,0.514176011086
0.592107057571,0.308014631271,1.11266446114,-0.538363158703,-0.513989567757,-0.422061830759,0.51753616333
0.59066337347,0.307732492685,1.11261725426,-0.537770986557,-0.515798091888,-0.420258969069,0.517819404602
0.588397145271,0.307400256395,1.11247634888,-0.53545320034,-0.518417656422,-0.418427616358,0.519087016582
0.588243484497,0.307228773832,1.11267626286,-0.534481167793,-0.519088149071,-0.415114194155,0.522070884705
0.586109220982,0.306693553925,1.11282002926,-0.533884823322,-0.518889725208,-0.415264427662,0.522758185863
0.582898437977,0.30619046092,1.11302495003,-0.529277026653,-0.523465692997,-0.412745505571,0.5248721838
0.582476496696,0.306125164032,1.11305904388,-0.530419766903,-0.521559178829,-0.412279933691,0.525981366634
0.580971300602,0.305886387825,1.11321175098,-0.528735995293,-0.522482991219,-0.410694539547,0.527995884418
0.579472661018,0.305201977491,1.11359345913,0.52411866188,0.524869263172,0.408023864031,-0.532286226749
0.578004300594,0.304880589247,1.1137727499,0.524814903736,0.523661971092,0.408115714788,-0.532718420029
0.576532244682,0.304439276457,1.11400365829,0.522114813328,0.524038910866,0.406220108271,-0.536437094212
0.575021326542,0.303788781166,1.11449480057,0.520579338074,0.523476541042,0.405948400497,-0.538679540157
0.572806715965,0.303125679493,1.11483299732,0.519033789635,0.52384442091,0.406660616398,-0.539275765419
0.57207596302,0.302681237459,1.11523807049,0.517305731773,0.523620545864,0.405079454184,-0.542334735394
0.570458590984,0.302154183388,1.11562776566,0.51525759697,0.523567438126,0.404493063688,-0.544767916203
0.569832980633,0.301358431578,1.11614561081,0.514615058899,0.521648705006,0.403999447823,-0.547575175762
0.568342745304,0.300755679607,1.1165459156,0.512260437012,0.521716475487,0.403147876263,-0.55033904314
0.565867543221,0.300102859735,1.11727082729,0.508990466595,0.5229793787,0.40302747488,-0.552259147167
0.564409971237,0.299130320549,1.11778759956,0.506437540054,0.522610902786,0.402791649103,-0.55511957407
0.562688112259,0.298496425152,1.11833429337,0.504408419132,0.522236406803,0.402562201023,-0.557480812073
0.561063885689,0.297811716795,1.11895895004,0.501919209957,0.522294700146,0.401966780424,-0.560096502304
0.558556318283,0.296473264694,1.11968278885,0.496945917606,0.52363550663,0.401657640934,-0.563490927219
0.557798504829,0.295693546534,1.12021589279,0.495429039001,0.522574901581,0.400601059198,-0.566554963589
0.55615645647,0.294827789068,1.12089180946,0.492165058851,0.523012876511,0.399642050266,-0.569664239883
0.554554641247,0.293833255768,1.1215877533,0.48869356513,0.523598790169,0.398718684912,-0.572753369808
0.552969932556,0.292596787214,1.12225794792,0.486050933599,0.523579001427,0.39826220274,-0.575331926346
0.551527738571,0.291723966599,1.12300777435,0.482030421495,0.52420848608,0.39642766118,-0.579393982887
0.549987614155,0.290475994349,1.12367105484,0.47855386138,0.52476477623,0.395482510328,-0.582410335541
0.548489093781,0.289327532053,1.12436425686,0.476373434067,0.525146901608,0.394813001156,-0.584304451942
0.546913027763,0.288154840469,1.1250320673,0.472308129072,0.526493906975,0.393126130104,-0.587521195412
0.545511782169,0.286690920591,1.12580704689,0.46874037385,0.527468442917,0.391582727432,-0.59052747488
0.543994188309,0.285367280245,1.12644171715,0.464798629284,0.529047966003,0.389685690403,-0.593477666378
0.542580366135,0.284040540457,1.12727463245,0.459952950478,0.530648469925,0.386678904295,-0.597775042057
0.541295528412,0.282533019781,1.12794578075,0.456680238247,0.531517028809,0.385187238455,-0.600469470024
0.53992575407,0.280896991491,1.12859070301,0.453474521637,0.532359242439,0.383597105742,-0.603164672852
0.538535654545,0.279378414154,1.12928247452,0.449677020311,0.53335416317,0.381754696369,-0.606289803982
0.537001013756,0.278078496456,1.13016486168,0.444616645575,0.535542905331,0.37829837203,-0.610246121883
0.535738527775,0.276310801506,1.13089370728,0.442782074213,0.535723686218,0.377656519413,-0.611816883087
0.534538447857,0.27467867732,1.13127148151,0.439170151949,0.536744952202,0.375489741564,-0.614851057529
0.533318519592,0.27291277051,1.1319065094,0.436560600996,0.537081897259,0.373674988747,-0.617515146732
0.53214854002,0.271103382111,1.13261651993,0.433979719877,0.537266612053,0.371919631958,-0.620227396488
0.531274735928,0.26943230629,1.13325095177,0.431463778019,0.537874162197,0.368930786848,-0.623234093189
0.530287504196,0.267672777176,1.13410782814,0.429321587086,0.538303554058,0.366396993399,-0.625832080841
0.529477417469,0.2659984231,1.13470745087,0.428511977196,0.538386404514,0.364013791084,-0.627703547478
0.528530955315,0.264264494181,1.13552212715,0.43384256959,0.52983891964,0.36824002862,-0.628848731518
0.52809035778,0.262324750423,1.13606190681,0.425148397684,0.539112627506,0.358095139265,-0.632751464844
0.52716755867,0.260619819164,1.13686645031,0.428373545408,0.538018643856,0.355042785406,-0.633227109909
0.526602685452,0.258993446827,1.13738846779,0.427857935429,0.538822650909,0.353407025337,-0.633807003498
0.525797426701,0.256898581982,1.13815271854,0.426304608583,0.539447844028,0.349677294493,-0.636385321617
0.52519518137,0.255110412836,1.13857710361,0.428130537271,0.539100050926,0.347769618034,-0.636499583721
0.524560809135,0.253003537655,1.13925766945,0.429135203362,0.539299786091,0.345027804375,-0.637145698071
0.524041354656,0.251122683287,1.13985109329,0.430391907692,0.539514422417,0.342276453972,-0.637600064278
0.523251235485,0.249112442136,1.14047789574,0.432283341885,0.539510369301,0.339892268181,-0.637599527836
0.522616326809,0.247082382441,1.14103984833,0.433901697397,0.539480507374,0.337171018124,-0.637970030308
0.522018909454,0.2448900491,1.14151453972,0.436875283718,0.539506793022,0.335382282734,-0.636860430241
0.521386444569,0.242920875549,1.14196670055,0.441166907549,0.538935244083,0.331348508596,-0.63649725914
0.520685076714,0.240505248308,1.14223206043,0.441518038511,0.540405333042,0.329363107681,-0.63603758812
0.519900918007,0.238202571869,1.14269161224,0.445030808449,0.540323972702,0.326808035374,-0.634975731373
0.519013106823,0.235813006759,1.14320468903,0.451334565878,0.539775490761,0.323256880045,-0.632806897163
0.518278837204,0.233720973134,1.14381372929,0.454593211412,0.539733350277,0.32196983695,-0.631164431572
0.517292320728,0.230924636126,1.1438549757,0.456813186407,0.54020357132,0.317789375782,-0.631277859211
0.516093373299,0.228551894426,1.1443053484,0.46269634366,0.539544761181,0.313079237938,-0.629908621311
0.514507710934,0.225862979889,1.14343810081,0.463318437338,0.541300296783,0.306764870882,-0.631050944328
0.513221621513,0.223271936178,1.14371562004,0.465329378843,0.542611598969,0.303828060627,-0.629864931107
0.51164919138,0.219169139862,1.14329957962,0.458686947823,0.545990824699,0.293099731207,-0.636861681938
0.510947823524,0.217593550682,1.14551877975,0.464977949858,0.54515504837,0.292825132608,-0.633131086826
0.509658932686,0.214884862304,1.14605784416,0.473763555288,0.54360640049,0.286978065968,-0.630621731281
0.506926417351,0.210401445627,1.14411878586,0.467239141464,0.548006892204,0.27273067832,-0.637960970402
0.506114184856,0.208713486791,1.14629912376,0.477067768574,0.546277463436,0.273499369621,-0.631811320782
0.505371272564,0.205870464444,1.14617860317,0.482295781374,0.544736981392,0.266910463572,-0.631990015507
0.502103567123,0.202372610569,1.14668273926,0.482244312763,0.546935379505,0.257577061653,-0.634000301361
0.501426339149,0.199718147516,1.14674460888,0.486637026072,0.545110702515,0.250133395195,-0.635194599628
0.499581038952,0.196611270308,1.14698052406,0.493750065565,0.543227553368,0.247484102845,-0.632349729538
0.495820254087,0.1925162673,1.14733088017,0.492565274239,0.544657886028,0.241643562913,-0.634299397469
0.493649542332,0.189336404204,1.14761018753,0.495759606361,0.543156087399,0.235979244113,-0.63523042202
0.491449296474,0.18609046936,1.14789128304,0.502143919468,0.541469931602,0.232255443931,-0.633023917675
0.489346325397,0.182738900185,1.14800238609,0.505388319492,0.540274083614,0.225950092077,-0.6337454319
0.487139761448,0.179663971066,1.14830684662,0.508606433868,0.538607060909,0.218219086528,-0.635297179222
0.484842509031,0.176353335381,1.14858281612,0.508867323399,0.537354767323,0.20860016346,-0.639366745949
0.482529640198,0.173111081123,1.14899992943,0.512395858765,0.53512609005,0.201711446047,-0.640627145767
0.480180114508,0.16975672543,1.1495167017,0.516088008881,0.532679498196,0.195472836494,-0.641635656357
0.477713108063,0.166587471962,1.15005683899,0.523037791252,0.529867589474,0.190770819783,-0.639748752117
0.475193887949,0.163292527199,1.15065348148,0.524161040783,0.527866840363,0.18262848258,-0.642852008343
0.474139720201,0.160780161619,1.15092277527,0.53386759758,0.522697508335,0.17685778439,-0.640698134899
0.470355093479,0.157131940126,1.151876688,0.536705255508,0.52029132843,0.174738883972,-0.640867173672
0.467854559422,0.154141694307,1.15259599686,0.536796569824,0.518716514111,0.162476807833,-0.645278334618
0.465359985828,0.150976002216,1.15330433846,0.540969967842,0.515582859516,0.155924350023,-0.645920693874
0.463200569153,0.149597659707,1.15465092659,0.51724088192,0.508631944656,0.134249553084,-0.675079524517
0.460269480944,0.144717946649,1.1547601223,0.543547451496,0.510717749596,0.143915817142,-0.650393486023
0.457862526178,0.14188849926,1.15561926365,0.544125914574,0.506774842739,0.136870309711,-0.654502093792
0.455382704735,0.138875544071,1.15661525726,0.543033182621,0.503074228764,0.130299299955,-0.659586012363
0.45283472538,0.136271268129,1.15762805939,0.544872045517,0.498008728027,0.123999379575,-0.663118422031
0.450094252825,0.132054269314,1.15821874142,0.564630627632,0.495143026114,0.12956173718,-0.647487103939
0.447492480278,0.129330947995,1.159314394,0.560432910919,0.488953083754,0.121287100017,-0.657365441322
0.445493996143,0.128770306706,1.16121804714,0.542863130569,0.480109453201,0.103818573058,-0.68118751049
0.442602336407,0.125403851271,1.16219258308,0.553577721119,0.48115131259,0.10326128453,-0.67184984684
0.439552366734,0.124016575515,1.16222679615,0.541954159737,0.471211403608,0.0880166590214,-0.690288841724
0.437216103077,0.120335228741,1.16496884823,0.540748238564,0.463160693645,0.0908245295286,-0.696293473244
0.435023725033,0.118590839207,1.16645848751,0.523834943771,0.458257824183,0.0684120059013,-0.714784324169
0.432219177485,0.11564476043,1.16771388054,0.544123053551,0.45893239975,0.0656184330583,-0.699289262295
0.429814636707,0.113188043237,1.16919898987,0.544215083122,0.452027946711,0.0639428943396,-0.703855156898
0.427389919758,0.110721088946,1.17048871517,0.542252480984,0.444795578718,0.0554769001901,-0.710662722588
0.424713909626,0.107855699956,1.17172348499,0.56074899435,0.438078790903,0.0523338988423,-0.700648903847
0.422425180674,0.104740530252,1.17287445068,0.581085383892,0.4319255054,0.0519621670246,-0.687808156013
0.420485585928,0.10330825299,1.17397546768,0.600782990456,0.423918396235,0.0552891232073,-0.67549687624
0.418378591537,0.100113466382,1.17502892017,0.597419917583,0.415387153625,0.0481099486351,-0.684272229671
0.416205108166,0.096955537796,1.17607617378,0.576881110668,0.405232191086,0.0494704730809,-0.707494020462
0.414123386145,0.0946974307299,1.17687058449,0.584264874458,0.39802184701,0.0513598434627,-0.705390334129
0.412446200848,0.0914306119084,1.17775952816,0.584192216396,0.388541191816,0.0501342862844,-0.710803687572
0.409823715687,0.0893270149827,1.17708992958,0.583662748337,0.379985362291,0.0463128462434,-0.716103374958
0.408520042896,0.0860618501902,1.1791806221,0.58454811573,0.372320741415,0.0496611222625,-0.719176352024
0.406591206789,0.0837481319904,1.17998206615,0.58509516716,0.365001648664,0.0506849586964,-0.722404658794
0.404678761959,0.0813742950559,1.18093013763,0.588633537292,0.357887357473,0.0539110824466,-0.722855985165
0.403252124786,0.0788782611489,1.18221902847,0.586028039455,0.350941002369,0.0543135888875,-0.728327929974
0.401497811079,0.0766887292266,1.18312799931,0.584135711193,0.345473647118,0.0544965900481,-0.732436656952
0.399884432554,0.074648424983,1.18372297287,0.582583546638,0.339157432318,0.0540021918714,-0.736649572849
0.398410022259,0.0726430937648,1.18460166454,0.580451905727,0.333466440439,0.0540587343276,-0.740913927555
0.396960228682,0.0709116458893,1.18559086323,0.57659059763,0.328183472157,0.0529235117137,-0.746349811554
0.395682036877,0.0690310150385,1.18634021282,0.567874312401,0.323440641165,0.0546060986817,-0.754932403564
0.394620805979,0.0678086727858,1.18723583221,0.568739175797,0.31853941083,0.0538256913424,-0.756420016289
0.393453747034,0.066427513957,1.18813443184,0.560207545757,0.313557893038,0.0549384653568,-0.76474237442
0.392383694649,0.0652676075697,1.18919956684,0.567003309727,0.308550924063,0.054281257093,-0.76181191206
0.39133349061,0.0643301829696,1.1899176836,0.56404709816,0.304168224335,0.0556793212891,-0.765658199787
0.390494704247,0.0630533918738,1.19094634056,0.559921562672,0.300583928823,0.056351531297,-0.770040035248
0.389594495296,0.0623457953334,1.19194173813,0.558533549309,0.297033250332,0.0546665862203,-0.77254319191
0.388812422752,0.0620373934507,1.19288527966,0.555062115192,0.294589966536,0.0537319928408,-0.776038467884
0.388024061918,0.0614297911525,1.19377779961,0.55023175478,0.293466180563,0.0534291304648,-0.779915332794
0.38720613718,0.0610124990344,1.19478166103,0.546197533607,0.292081773281,0.0542124994099,-0.78320980072
0.386646896601,0.0606020614505,1.19584107399,0.540563702583,0.29311144352,0.0518518425524,-0.786885023117
0.385978102684,0.0603064671159,1.19692718983,0.535310268402,0.293917864561,0.0523964092135,-0.790132939816
0.385385841131,0.060120202601,1.19821166992,0.528638124466,0.296853333712,0.0562786906958,-0.793254315853
0.384662389755,0.0601233839989,1.19943165779,0.531526327133,0.29830634594,0.0537014789879,-0.790954709053
0.384098112583,0.0600574612617,1.20076429844,0.529742240906,0.301427364349,0.055622626096,-0.790835559368
0.383335530758,0.0599051713943,1.20187413692,0.527575135231,0.305968284607,0.05600951612,-0.790513038635
0.383246302605,0.0596373528242,1.20330321789,0.519849658012,0.309307605028,0.0591030195355,-0.794098198414
0.382619708776,0.05957429111,1.20445311069,0.519835531712,0.312865614891,0.0621686838567,-0.792477846146
0.38229227066,0.0592484772205,1.20545077324,0.518885791302,0.316755026579,0.0667269080877,-0.79118347168
0.381841897964,0.0585693120956,1.2062561512,0.518226027489,0.319234490395,0.0711229592562,-0.790235817432
0.3817704916,0.0581164136529,1.20672416687,0.516619205475,0.320724517107,0.0740668550134,-0.79041415453
0.38183182478,0.0577190518379,1.207072258,0.516631782055,0.321495562792,0.0808936730027,-0.789422869682
0.38196349144,0.0574386194348,1.20710706711,0.516408801079,0.322886615992,0.0839800462127,-0.788678348064
0.382242619991,0.0573172569275,1.20702791214,0.514639079571,0.324447363615,0.0862351357937,-0.788951277733
0.382742583752,0.0574655309319,1.2068413496,0.514291346073,0.326464951038,0.0878427699208,-0.788167893887
0.383527100086,0.0576214492321,1.20642316341,0.514058232307,0.328474491835,0.0889291763306,-0.787362873554
0.384171575308,0.0583013892174,1.20588326454,0.515447616577,0.330908626318,0.0897043123841,-0.785344779491
0.385053664446,0.0588006973267,1.20521438122,0.516790747643,0.333647936583,0.0908789858222,-0.783164978027
0.386085242033,0.0595187321305,1.20436453819,0.517960846424,0.334353387356,0.0912742987275,-0.782044410706
0.387297809124,0.0600212365389,1.20334434509,0.520665645599,0.337433069944,0.093627601862,-0.77863997221
0.388687252998,0.0608931779861,1.20216608047,0.522200584412,0.339578926563,0.0921823456883,-0.776849448681
0.390239477158,0.0616049394011,1.20092177391,0.524378180504,0.340515971184,0.0945147946477,-0.774689257145
0.391718327999,0.0627189800143,1.19967472553,0.52677065134,0.34308630228,0.0915833637118,-0.772280335426
0.393297195435,0.0637719556689,1.19825828075,0.531273245811,0.343441665173,0.0932382270694,-0.76883238554
0.395207464695,0.0648675635457,1.19693481922,0.535235762596,0.345090091228,0.091723293066,-0.76552093029
0.397090494633,0.0657370239496,1.19547700882,0.538279235363,0.34628456831,0.0911984443665,-0.76290589571
0.398652583361,0.0666451454163,1.19372272491,0.540537238121,0.348486095667,0.0907021313906,-0.760361850262
0.399783909321,0.0688573345542,1.19103682041,0.546532213688,0.349063009024,0.088910587132,-0.756010890007
0.401622474194,0.0701303184032,1.18959224224,0.556843519211,0.350274056196,0.0854500159621,-0.748285889626
0.403442382812,0.0712221860886,1.18818724155,0.558814167976,0.3524505198,0.0822291523218,-0.746152758598
0.405140042305,0.0724042505026,1.18685293198,0.562371850014,0.353988438845,0.0819871723652,-0.742770671844
0.407805323601,0.0733393728733,1.18700349331,0.558100581169,0.357271462679,0.0803266093135,-0.744599580765
0.409475326538,0.074868388474,1.18572568893,0.561508595943,0.358264714479,0.0794706866145,-0.741646111012
0.411157846451,0.0761285200715,1.18440961838,0.563573181629,0.360418915749,0.0733836740255,-0.739660918713
0.412686049938,0.0776379033923,1.18337082863,0.566448450089,0.361584931612,0.0755377933383,-0.736672580242
0.414227902889,0.0790786594152,1.18223416805,0.566266715527,0.361662566662,0.0675113648176,-0.737552940845
0.415812969208,0.0806923806667,1.18109965324,0.569350779057,0.363638520241,0.0650249272585,-0.734423995018
0.417231202126,0.0823552906513,1.18006336689,0.573241770267,0.366011559963,0.0668641999364,-0.730040252209
0.418756246567,0.0839888900518,1.17911756039,0.574426233768,0.368740111589,0.0593736954033,-0.728381752968
0.420639872551,0.0864899307489,1.17813706398,0.584973812103,0.37051731348,0.0545251108706,-0.719409227371
0.422178864479,0.0880255848169,1.17706549168,0.586692094803,0.372597038746,0.0517498627305,-0.717137217522
0.423683673143,0.0900582075119,1.17603588104,0.589510679245,0.375173658133,0.0480704121292,-0.71373051405
0.425044000149,0.0914556309581,1.17487764359,0.58662122488,0.381420016289,0.0494562722743,-0.712704896927
0.426717102528,0.0936091095209,1.1738755703,0.59259724617,0.378599762917,0.0426124557853,-0.709700584412
0.428247004747,0.0955780893564,1.17282354832,0.594770371914,0.380068033934,0.0398756824434,-0.707252860069
0.429658055305,0.09754383564,1.17168188095,0.597557008266,0.381828844547,0.0374411903322,-0.70408141613
0.43107265234,0.0992721319199,1.17077589035,0.59953546524,0.384544759989,0.0375903472304,-0.700906276703
0.432393312454,0.101224951446,1.16978824139,0.598843514919,0.3903644979,0.0381400212646,-0.698245823383
0.43400490284,0.103173904121,1.16875171661,0.600489735603,0.393137127161,0.0368784554303,-0.695338368416
0.435901999474,0.105934612453,1.16773402691,0.604726672173,0.392537534237,0.0333834476769,-0.692174494267
0.437741070986,0.108619816601,1.16673064232,0.605719745159,0.396495968103,0.0334483981133,-0.689039766788
0.439738512039,0.111363492906,1.16564583778,0.610122203827,0.398836255074,0.0324688963592,-0.683832108974
0.441916257143,0.113892942667,1.16448235512,0.611581027508,0.401793926954,0.0317848138511,-0.680823206902
0.444176852703,0.11687374115,1.16337800026,0.613495528698,0.40505233407,0.0319516249001,-0.677152216434
0.446373522282,0.119052760303,1.16201531887,0.614620745182,0.410381287336,0.0329656563699,-0.672860980034
0.449234604836,0.12247838825,1.1608082056,0.616005241871,0.411792457104,0.0343073345721,-0.670662164688
0.451970815659,0.125667333603,1.15965104103,0.62042850256,0.412868559361,0.0340873301029,-0.665917634964
0.454823940992,0.129021346569,1.15838313103,0.62270116806,0.415094316006,0.0354277454317,-0.662332892418
0.457461625338,0.131847292185,1.15719425678,0.624494373798,0.419755429029,0.0388785414398,-0.657495856285
0.46036413312,0.135095149279,1.15605139732,0.626311898232,0.421991080046,0.0412473492324,-0.654183149338
0.463402271271,0.138860881329,1.15481364727,0.629460811615,0.424171119928,0.0433050394058,-0.64960193634
0.466542601585,0.142126619816,1.15388023853,0.630745351315,0.425625562668,0.0456788986921,-0.647237837315
0.469863653183,0.145626813173,1.15283155441,0.634194910526,0.427932024002,0.0489733703434,-0.642084658146
0.473051607609,0.14911955595,1.15189552307,0.635379850864,0.428728669882,0.0520271845162,-0.640138626099
0.476512104273,0.152875289321,1.15098083019,-0.637626171112,-0.429910689592,-0.0555927567184,0.636803865433
0.479806244373,0.156379342079,1.15010225773,-0.638592422009,-0.430146485567,-0.0589238479733,0.635375380516
0.483291268349,0.16024748981,1.14942586422,-0.657537281513,-0.428768604994,-0.0623520798981,0.61637198925
0.488645136356,0.164835378528,1.14836537838,-0.644080758095,-0.426775455475,-0.0641864910722,0.631587684155
0.492259144783,0.168587982655,1.14769423008,-0.654735982418,-0.424905717373,-0.0681769624352,0.621391892433
0.495179712772,0.17147231102,1.14684903622,-0.646780252457,-0.430136859417,-0.0759030655026,0.625217080116
0.497500568628,0.175089418888,1.1465691328,-0.646602332592,-0.43135163188,-0.0810198485851,0.623920619488
0.501198232174,0.179106980562,1.14594471455,-0.663858950138,-0.428133577108,-0.0855370014906,0.607187271118
0.504677534103,0.182737380266,1.14533054829,-0.649109780788,-0.430351346731,-0.0908425226808,0.620646357536
0.508952021599,0.186925947666,1.14485168457,-0.651546359062,-0.42643225193,-0.0940543338656,0.620319902897
0.512611687183,0.190824881196,1.14444422722,-0.655061602592,-0.42324000597,-0.0981352329254,0.618168056011
0.516412138939,0.194803148508,1.14404797554,-0.653205990791,-0.421689450741,-0.102133475244,0.620539069176
0.519813597202,0.198520958424,1.14353048801,-0.651007473469,-0.422755509615,-0.108600080013,0.62102586031
0.523320615292,0.202209949493,1.14305043221,-0.65625846386,-0.422729045153,-0.114438861609,0.614433884621
0.526629984379,0.205739676952,1.14267206192,-0.653472721577,-0.421904414892,-0.120704270899,0.616766095161
0.530244469643,0.20951628685,1.14223790169,-0.656176388264,-0.420218735933,-0.126386582851,0.613901555538
0.533794879913,0.213376283646,1.14202022552,-0.657186090946,-0.418428093195,-0.132157504559,0.612828612328
0.537267684937,0.217002004385,1.14176630974,-0.660626709461,-0.41660374403,-0.139438360929,0.608745336533
0.540941178799,0.220848202705,1.14151477814,-0.661233484745,-0.414550065994,-0.144846722484,0.608225286007
0.544205307961,0.2247364223,1.14128828049,-0.662732958794,-0.413000524044,-0.151104345918,0.606121242046
0.547371506691,0.228065952659,1.14092445374,-0.66406929493,-0.412414848804,-0.157886907458,0.603322207928
0.550814032555,0.231861293316,1.14059484005,-0.664886116982,-0.409995377064,-0.16388386488,0.602471828461
0.554112911224,0.235580578446,1.14040327072,-0.666730225086,-0.40771740675,-0.170579254627,0.600116610527
0.557278394699,0.239099577069,1.1402977705,-0.66669344902,-0.405520141125,-0.177210569382,0.599724769592
0.560682654381,0.242736637592,1.14003920555,-0.666830182076,-0.404020369053,-0.18229521811,0.59906065464
0.563497900963,0.245530992746,1.13946580887,-0.668404817581,-0.400755256414,-0.195284128189,0.59539437294
0.566778302193,0.249075502157,1.13900923729,-0.668191671371,-0.397795081139,-0.200276061893,0.595960199833
0.569494605064,0.252095878124,1.13829481602,-0.668450713158,-0.397232502699,-0.206734806299,0.593835830688
0.572537660599,0.25555562973,1.13783097267,-0.66909635067,-0.394924163818,-0.212405517697,0.592645764351
0.575290024281,0.258945405483,1.13732111454,-0.669059038162,-0.393376260996,-0.218086451292,0.591652989388
0.578104674816,0.262073755264,1.13670635223,-0.669842839241,-0.391178458929,-0.224945887923,0.589652001858
0.580819666386,0.265228509903,1.13612568378,-0.669510960579,-0.388772785664,-0.23073707521,0.58938229084
0.58460187912,0.26823592186,1.13543522358,-0.67142111063,-0.385214328766,-0.236718297005,0.587169587612
0.586452186108,0.271162033081,1.13473892212,-0.669688344002,-0.38410872221,-0.243082419038,0.58727234602
0.588885486126,0.274246633053,1.13411951065,-0.667308032513,-0.384072303772,-0.247569814324,0.588130712509
0.591255307198,0.277071595192,1.13362288475,-0.667622864246,-0.382783651352,-0.254595071077,0.585608959198
0.593680024147,0.280112236738,1.1326264143,-0.667853355408,-0.378880411386,-0.259089976549,0.585912883282
0.595932543278,0.282932281494,1.13190102577,-0.668191373348,-0.3785353899,-0.260775119066,0.585002243519
0.598281741142,0.28591376543,1.13114225864,-0.666269540787,-0.377648234367,-0.269498318434,0.583813011646
0.600248992443,0.288564145565,1.13040792942,-0.666901111603,-0.374888688326,-0.276597440243,0.58154541254
0.602964043617,0.291443824768,1.12944972515,-0.666102945805,-0.369717538357,-0.280031055212,0.584122061729
0.604569196701,0.293959677219,1.12851428986,-0.664907038212,-0.371613562107,-0.287155777216,0.58081305027
0.606434762478,0.296647250652,1.12759184837,-0.665266871452,-0.37131741643,-0.29267424345,0.57782793045
0.608748197556,0.300243854523,1.12726068497,-0.667826831341,-0.370338261127,-0.297791332006,0.572867810726
0.610573887825,0.302831798792,1.12641894817,-0.667801678181,-0.367753535509,-0.302858680487,0.571904599667
0.612185001373,0.305330038071,1.12548017502,-0.666108191013,-0.367480129004,-0.307798922062,0.571417510509
0.613959252834,0.308086156845,1.12460780144,-0.66740000248,-0.366124033928,-0.312009304762,0.568489968777
0.615651190281,0.310653269291,1.12368571758,-0.66566836834,-0.367810547352,-0.316098421812,0.567170798779
0.617222547531,0.313391327858,1.12282431126,-0.66733455658,-0.364776581526,-0.321191638708,0.564303696156
0.618293464184,0.315590471029,1.12150788307,-0.664535045624,-0.36564218998,-0.323675483465,0.565626323223
0.619787096977,0.318180441856,1.12076580524,-0.664898633957,-0.366927027702,-0.325093328953,0.563549995422
0.621217668056,0.320572465658,1.1197373867,-0.665205895901,-0.366805642843,-0.327407062054,0.561924636364
0.622534155846,0.322879552841,1.1187107563,-0.663909912109,-0.364004969597,-0.335662633181,0.56040585041
0.623769700527,0.325184226036,1.11757969856,-0.664565443993,-0.364868104458,-0.333991229534,0.560066044331
0.62495303154,0.327253907919,1.1164753437,-0.664576411247,-0.36461275816,-0.338219821453,0.557676494122
0.625945687294,0.329289138317,1.11530160904,-0.664062023163,-0.364486008883,-0.34113407135,0.556596040726
0.627004802227,0.331470251083,1.11405289173,-0.663084924221,-0.367038995028,-0.343935102224,0.554355025291
0.627867639065,0.333417952061,1.11273300648,-0.663475632668,-0.363440066576,-0.351726084948,0.551362097263
0.62876534462,0.335319668055,1.11153185368,-0.66374874115,-0.363139808178,-0.355329394341,0.548915505409
0.629722297192,0.337218940258,1.11026394367,-0.663682162762,-0.363241523504,-0.358103245497,0.547123193741
0.630604565144,0.33902618289,1.10882735252,-0.663763582706,-0.363469481468,-0.360672235489,0.545182049274
0.631645679474,0.340565353632,1.1074501276,-0.663560986519,-0.363577961922,-0.362351179123,0.54424226284
0.632169663906,0.34199360013,1.1059910059,-0.662399470806,-0.366334974766,-0.360612213612,0.544962763786
0.631457865238,0.344073593616,1.10468924046,-0.662451088428,-0.366705954075,-0.367497593164,0.540028631687
0.631008684635,0.344786822796,1.1027482748,-0.660439610481,-0.369687914848,-0.371186941862,0.537931919098
0.63388389349,0.346732020378,1.10171341896,-0.663949847221,-0.365598350763,-0.370792031288,0.536676704884
0.634660720825,0.34823846817,1.10035526752,-0.664205670357,-0.367952853441,-0.371751993895,0.534080505371
0.633763313293,0.349821567535,1.09899377823,-0.662418007851,-0.371211647987,-0.373897999525,0.532545387745
0.635136723518,0.350879609585,1.09731674194,-0.663806259632,-0.370567619801,-0.374433040619,0.530886888504
0.635676860809,0.352262824774,1.09597229958,-0.664678692818,-0.370789349079,-0.376148045063,0.528422355652
0.636995434761,0.353388637304,1.09459781647,-0.66648375988,-0.369717955589,-0.374564051628,0.528024613857
0.636342346668,0.354487657547,1.0930570364,-0.664244890213,-0.372561454773,-0.379077196121,0.525620758533
0.636762261391,0.355546236038,1.09159946442,-0.666165292263,-0.372685134411,-0.377613395452,0.524154424667
0.636873543262,0.356488406658,1.09035897255,-0.665861070156,-0.37364205718,-0.379543066025,0.522463142872
0.637216627598,0.357518911362,1.08894336224,-0.667205035686,-0.373902350664,-0.380374699831,0.519951760769
0.637669861317,0.358061075211,1.08751523495,-0.667401373386,-0.373358160257,-0.384580433369,0.516988456249
0.6354637146,0.359251439571,1.08591043949,-0.662779092789,-0.378073632717,-0.384110808372,0.519849121571
0.63811570406,0.359960883856,1.08478283882,-0.66561371088,-0.375223726034,-0.382882356644,0.51919823885
0.638198852539,0.36053186655,1.08333289623,-0.665673911572,-0.376314908266,-0.38329076767,0.518028557301
0.638020813465,0.361457049847,1.0823507309,-0.669255495071,-0.376352399588,-0.385222226381,0.511917889118
0.638249754906,0.362135946751,1.08093571663,-0.666058957577,-0.377233326435,-0.384963780642,0.515619397163
0.638525187969,0.362606942654,1.07951533794,-0.666771173477,-0.37752071023,-0.385313481092,0.514225721359
0.638620495796,0.363063275814,1.07834863663,-0.667108952999,-0.377736955881,-0.385920792818,0.513172090054
0.638357818127,0.364091217518,1.0772715807,-0.66743928194,-0.379356622696,-0.385966032743,0.511510968208
0.638410806656,0.364781081676,1.07602727413,-0.668232142925,-0.379156470299,-0.386865139008,0.509942770004
0.638475298882,0.365311324596,1.07493257523,-0.669207930565,-0.37988114357,-0.3872833848,0.507801830769
0.638653576374,0.365804493427,1.0737298727,-0.670180916786,-0.379611700773,-0.388837248087,0.505527734756
0.638362586498,0.366682112217,1.07263791561,-0.66975826025,-0.380995213985,-0.388885647058,0.505009651184
0.638701796532,0.367082983255,1.07164764404,-0.670348525047,-0.379531085491,-0.392333507538,0.502656519413
0.638786375523,0.367576807737,1.07051897049,-0.670900464058,-0.379325896502,-0.393068760633,0.50149923563
0.638967931271,0.368371218443,1.06895244122,-0.67136323452,-0.379251748323,-0.391931831837,0.501825749874
0.638496518135,0.369026809931,1.0688354969,-0.673588812351,-0.378969728947,-0.392824560404,0.498346358538
0.639007389545,0.369346231222,1.06787419319,-0.672856450081,-0.378233999014,-0.391885101795,0.500628769398
0.639298796654,0.370132774115,1.06720232964,-0.672600448132,-0.380882620811,-0.39031380415,0.500192284584
0.639342486858,0.370669126511,1.06644892693,-0.672964453697,-0.380885630846,-0.390092909336,0.499872654676
0.63901424408,0.371399998665,1.06593000889,-0.673478484154,-0.383278131485,-0.385932266712,0.500580728054
0.639069259167,0.37193223834,1.0652654171,-0.676555275917,-0.380626499653,-0.386619210243,0.497917771339
0.639018535614,0.37251740694,1.06456041336,-0.676547706127,-0.379300713539,-0.390224039555,0.496124595404
0.638906896114,0.372731775045,1.06378829479,-0.674586296082,-0.382803052664,-0.384952187538,0.500207006931
0.638993620872,0.373606860638,1.06352448463,-0.674909412861,-0.383010089397,-0.384389340878,0.500045597553
0.638156056404,0.374204009771,1.06206083298,-0.674414277077,-0.383899897337,-0.384252876043,0.500135958195
0.63808131218,0.374503940344,1.06134915352,-0.674732089043,-0.382599264383,-0.385114938021,0.500041007996
0.637428760529,0.375282138586,1.06095433235,-0.676475524902,-0.381140291691,-0.386469483376,0.497749209404
0.636819005013,0.375932335854,1.0604878664,-0.673591434956,-0.384613275528,-0.385986477137,0.499361336231
0.636490523815,0.376019179821,1.0600913763,-0.672615349293,-0.383468210697,-0.390520215034,0.498030841351
0.63576823473,0.377102017403,1.06001675129,-0.675606250763,-0.383353680372,-0.388495147228,0.495648980141
0.63509786129,0.37764519453,1.059674263,-0.67517799139,-0.384393215179,-0.388308674097,0.495573401451
0.634292423725,0.378167629242,1.05934596062,-0.671760559082,-0.388272166252,-0.387920349836,0.497494012117
0.633925557137,0.378618776798,1.05893921852,-0.671880722046,-0.388697236776,-0.387880623341,0.4970305264
0.632864117622,0.379489958286,1.05881345272,-0.670436382294,-0.389189392328,-0.393146514893,0.494451850653
0.63222026825,0.380115270615,1.05868339539,-0.670384824276,-0.391455739737,-0.389790475368,0.495388835669
0.631598889828,0.380941838026,1.05874788761,-0.669686615467,-0.392841517925,-0.390126407146,0.494971632957
0.630878686905,0.381510287523,1.05852627754,-0.668246328831,-0.392658293247,-0.394400537014,0.493674635887
0.630234718323,0.382303655148,1.05840682983,-0.668622016907,-0.394746631384,-0.390763282776,0.49439239502
0.629461526871,0.382808685303,1.0584141016,-0.667582571507,-0.393843352795,-0.395688414574,0.492596924305
0.629219055176,0.383575856686,1.0585757494,-0.667674660683,-0.396064549685,-0.391816705465,0.493784427643
0.628612518311,0.38401901722,1.05865776539,-0.666951239109,-0.396953552961,-0.392101407051,0.493822425604
0.627847194672,0.384290188551,1.05866956711,-0.665353477001,-0.396619409323,-0.396620512009,0.492635905743
0.627310991287,0.385231971741,1.05871427059,-0.665540874004,-0.398967921734,-0.392444014549,0.493829756975
0.627241253853,0.38550978899,1.05888581276,-0.665954709053,-0.397163629532,-0.392795860767,0.494446098804
0.626819431782,0.385779559612,1.05892384052,-0.665537059307,-0.397290676832,-0.39299762249,0.494745641947
0.62648075819,0.386279761791,1.05914115906,-0.665300130844,-0.396274536848,-0.392923355103,0.495937049389
0.625684916973,0.386832326651,1.05950009823,-0.662483036518,-0.400088220835,-0.392067074776,0.497322052717
0.62524664402,0.387091010809,1.05966067314,-0.661051332951,-0.39911082387,-0.396500498056,0.496496856213
0.624865055084,0.387312024832,1.05990707874,-0.660331964493,-0.398977845907,-0.396839559078,0.497289508581
0.624793827534,0.387581497431,1.06020832062,-0.660413086414,-0.398861527443,-0.394033372402,0.499501496553
0.623174190521,0.386805981398,1.06015479565,-0.657754659653,-0.396841526031,-0.399564117193,0.500224113464
0.623239934444,0.388234823942,1.06111812592,-0.657530009747,-0.397687703371,-0.398279190063,0.500871896744
0.623152971268,0.38832166791,1.0613861084,-0.661665439606,-0.394271939993,-0.399419426918,0.497204899788
0.622466981411,0.388624489307,1.0617184639,-0.657249629498,-0.397156953812,-0.398412525654,0.50155454874
0.622073173523,0.388833969831,1.06246829033,-0.653381168842,-0.396897315979,-0.398196727037,0.506956636906
0.621090948582,0.389423638582,1.06306791306,-0.651688277721,-0.396935015917,-0.398924976587,0.508530974388
0.620770573616,0.389553964138,1.06307899952,-0.650418817997,-0.395136445761,-0.398885130882,0.511579275131
0.620094418526,0.390091955662,1.06355321407,-0.649892389774,-0.393211394548,-0.399790674448,0.513022840023
0.619785964489,0.390199780464,1.06411671638,-0.649488568306,-0.39080709219,-0.401087731123,0.514357209206
0.618826329708,0.390765964985,1.06494057178,-0.648550570011,-0.388845086098,-0.403096705675,0.515455901623
0.618397057056,0.390797257423,1.06566762924,-0.648801743984,-0.386209368706,-0.405228316784,0.515449941158
0.61782592535,0.390950739384,1.06733393669,-0.648286283016,-0.386006891727,-0.404583841562,0.516754865646
0.616883158684,0.391610324383,1.06816625595,-0.646576464176,-0.384184598923,-0.410395026207,0.515671551228
0.61614471674,0.392017185688,1.06894862652,-0.648741304874,-0.382075935602,-0.408476799726,0.516042172909
0.615379214287,0.392233461142,1.06974697113,-0.64744335413,-0.37931060791,-0.414426118135,0.514967679977
0.61448007822,0.392739951611,1.07080078125,-0.646509826183,-0.38053008914,-0.41181153059,0.517332911491
0.613608062267,0.393041133881,1.07168209553,-0.645198106766,-0.380433857441,-0.412676304579,0.518351078033
0.612957060337,0.393075883389,1.07244801521,-0.644297301769,-0.379589825869,-0.413032412529,0.51980471611
0.611669480801,0.39368674159,1.07355606556,-0.643605411053,-0.380924940109,-0.41340008378,0.519392728806
0.610895514488,0.393920302391,1.07431602478,-0.642709076405,-0.380199611187,-0.416463553905,0.518586039543
0.60980027914,0.394277155399,1.07554483414,-0.641208708286,-0.382114082575,-0.4161221385,0.519309699535
0.609134912491,0.394566297531,1.07656407356,-0.640547335148,-0.384694218636,-0.413061112165,0.520662903786
0.606067538261,0.394789069891,1.07751858234,-0.636764168739,-0.39182138443,-0.411064386368,0.521568417549
0.604992449284,0.395468294621,1.07878780365,-0.635353207588,-0.396216481924,-0.405259013176,0.524503588676
0.607552707195,0.395740002394,1.08020532131,-0.637295663357,-0.397476404905,-0.396801114082,0.527650952339
0.606759428978,0.395961463451,1.08141112328,-0.634120166302,-0.405695468187,-0.390398055315,0.529992759228
0.605964720249,0.396186172962,1.08249950409,-0.632090806961,-0.412651956081,-0.383539140224,0.532050132751
0.605090200901,0.396185457706,1.08381271362,-0.631195783615,-0.418229550123,-0.37959587574,0.531585097313
0.603776037693,0.396106481552,1.08464705944,-0.632426023483,-0.42248877883,-0.378373533487,0.527611732483
0.603409349918,0.395776629448,1.08553612232,-0.63491410017,-0.423245459795,-0.378848314285,0.523661494255
0.603132069111,0.395015120506,1.08632695675,-0.636063218117,-0.42465916276,-0.379680365324,0.520510494709
0.601477205753,0.394153505564,1.0867369175,-0.636119127274,-0.426653593779,-0.381197392941,0.517694652081
0.602562606335,0.393000036478,1.08737111092,-0.638992190361,-0.425173789263,-0.380860507488,0.515617489815
0.602526783943,0.391646534204,1.08772981167,-0.643546700478,-0.421394348145,-0.380807340145,0.513088941574
0.603442549706,0.390689104795,1.08814787865,-0.646543264389,-0.419866383076,-0.378302425146,0.512426972389
0.604972481728,0.389808058739,1.08876121044,-0.649347245693,-0.418077468872,-0.374058127403,0.513458848
0.60641181469,0.388850659132,1.08927249908,-0.653014242649,-0.41570109129,-0.370308846235,0.513455152512
0.606411874294,0.387713760138,1.08987402916,-0.653640151024,-0.415374308825,-0.367243409157,0.515122532845
0.607562601566,0.386384308338,1.09051477909,-0.654074668884,-0.414760261774,-0.363439202309,0.517757058144
0.608219027519,0.385376304388,1.09119582176,-0.65954220295,-0.412183970213,-0.359890580177,0.51535153389
0.608189105988,0.384232252836,1.09197509289,-0.661123216152,-0.411992639303,-0.357234060764,0.515327095985
0.6090503335,0.383060932159,1.09265995026,-0.66431415081,-0.409860879183,-0.354643017054,0.514712691307
0.606187582016,0.381720542908,1.09343838692,-0.66317230463,-0.415808945894,-0.350877344608,0.513994693756
0.606513977051,0.380574196577,1.09421145916,-0.665970623493,-0.414983928204,-0.349053621292,0.512282371521
0.609440505505,0.379498630762,1.09537422657,-0.671049833298,-0.410558193922,-0.345022201538,0.511950969696
0.608676671982,0.378403693438,1.09604763985,-0.672714650631,-0.410913795233,-0.343217730522,0.510692238808
0.608266592026,0.377101480961,1.09712433815,-0.674647986889,-0.410339951515,-0.341750383377,0.509586036205
0.607813298702,0.375726372004,1.09799814224,-0.675477981567,-0.410735338926,-0.340103387833,0.509269595146
0.608117938042,0.374616324902,1.09878075123,-0.678512752056,-0.409295022488,-0.33727028966,0.508278489113
0.606760799885,0.373144805431,1.09984576702,-0.678197085857,-0.410620391369,-0.33720010519,0.507676780224
0.606336295605,0.372183918953,1.10049068928,-0.679511785507,-0.410480648279,-0.334846049547,0.507589995861
0.605115890503,0.370771110058,1.1015162468,-0.679121077061,-0.411807656288,-0.333124518394,0.508170425892
0.604784548283,0.369752854109,1.10215675831,-0.680623054504,-0.411462277174,-0.328268796206,0.509598612785
0.603374838829,0.368168771267,1.10330379009,-0.679742217064,-0.411801785231,-0.325928479433,0.511996746063
0.60359442234,0.366784930229,1.1040327549,-0.681161165237,-0.41019949317,-0.321422666311,0.51424074173
0.603203237057,0.365472495556,1.10511136055,-0.680349588394,-0.410504817963,-0.316138327122,0.518330931664
0.602330684662,0.363797992468,1.10560774803,-0.684520423412,-0.409889012575,-0.314561724663,0.514270246029
0.6016933918,0.362406730652,1.10650467873,-0.688279867172,-0.40708515048,-0.311296999454,0.51346552372
0.600881278515,0.360849380493,1.10744476318,-0.688620507717,-0.406185477972,-0.307764977217,0.515844881535
0.600384414196,0.359740227461,1.10849881172,-0.689526319504,-0.405306100845,-0.3024302423,0.518475115299
0.59977042675,0.358508110046,1.10945928097,-0.689756453037,-0.403780221939,-0.296866357327,0.522559046745
0.598796367645,0.357133626938,1.1104414463,-0.689943194389,-0.402719646692,-0.292179882526,0.525762379169
0.597797214985,0.355914086103,1.11119425297,-0.691362679005,-0.40287488699,-0.282084465027,0.529280662537
0.596745967865,0.354554057121,1.11232757568,-0.688732147217,-0.4031432271,-0.276632815599,0.535348534584
0.595313727856,0.353081583977,1.11328339577,-0.692466020584,-0.400024741888,-0.272857993841,0.53480809927
0.59400343895,0.351546168327,1.11415982246,-0.689136385918,-0.401603758335,-0.266048103571,0.541316926479
0.592530369759,0.349943220615,1.11528301239,-0.688824474812,-0.400555312634,-0.260736346245,0.545062303543
0.591049969196,0.348513007164,1.11623764038,-0.688711941242,-0.399133116007,-0.254888653755,0.548999428749
0.589415073395,0.34691247344,1.11723601818,-0.690112113953,-0.395126014948,-0.249635949731,0.552542150021
0.587056398392,0.345167934895,1.11817872524,-0.689297378063,-0.394537717104,-0.2477645576,0.554817140102
0.585910618305,0.343047916889,1.11898350716,-0.689983606339,-0.392123401165,-0.24129024148,0.558516740799
0.582396030426,0.341657459736,1.1199375391,-0.689040601254,-0.393415570259,-0.235937148333,0.561053574085
0.580365657806,0.339891016483,1.12087988853,-0.688518762589,-0.392661631107,-0.230176001787,0.564604282379
0.578383564949,0.337799429893,1.12189757824,-0.687451422215,-0.392997324467,-0.223392575979,0.568383216858
0.577798128128,0.335872292519,1.12256121635,-0.689775705338,-0.388128399849,-0.216847702861,0.571439445019
0.573922097683,0.333885848522,1.12378203869,-0.685832679272,-0.391637712717,-0.211048766971,0.57594448328
0.573144733906,0.331540763378,1.12463653088,-0.687921047211,-0.386304825544,-0.204450637102,0.579424858093
0.569139182568,0.329561769962,1.1255325079,-0.684968173504,-0.391932845116,-0.199015662074,0.581033587456
0.565004110336,0.325756132603,1.12577092648,-0.687458395958,-0.395365715027,-0.198240503669,0.576010048389
0.565470099449,0.324637323618,1.12725841999,-0.686071932316,-0.386692970991,-0.186113923788,0.587482392788
0.561101198196,0.322386860847,1.12837564945,-0.684161365032,-0.389590352774,-0.180510297418,0.589541077614
0.558378815651,0.319970071316,1.12965250015,-0.68345028162,-0.38950496912,-0.174480110407,0.592231631279
0.556209266186,0.317401230335,1.13067901134,-0.683648467064,-0.389354765415,-0.168447390199,0.593846201897
0.552945017815,0.315030246973,1.13179600239,-0.682453691959,-0.390806019306,-0.162267223001,0.595984041691
0.549594640732,0.312508821487,1.13288462162,-0.681683242321,-0.391171723604,-0.156055450439,0.598280370235
0.546383202076,0.309323728085,1.13364326954,-0.678765058517,-0.395983844995,-0.144922479987,0.601225674152
0.543501317501,0.306544780731,1.13466572762,-0.679791271687,-0.39254617691,-0.145059883595,0.60228651762
0.540145277977,0.303550153971,1.13563728333,-0.678222477436,-0.393231570721,-0.136832013726,0.605524897575
0.53678548336,0.300333023071,1.13643860817,-0.677099943161,-0.392746239901,-0.133618280292,0.607809364796
0.533551156521,0.297108829021,1.13730800152,-0.675372600555,-0.393701016903,-0.124336488545,0.611074388027
0.529589295387,0.293383508921,1.13802242279,-0.67818403244,-0.397418409586,-0.12200576067,0.606003046036
0.52624297142,0.289925158024,1.13886749744,-0.678044915199,-0.397834092379,-0.117527082562,0.606770575047
0.522697329521,0.286495625973,1.13944101334,-0.677769839764,-0.398004829884,-0.11238130182,0.607939720154
0.519072890282,0.282768160105,1.14041352272,-0.676193356514,-0.399626284838,-0.107476994395,0.609516263008
0.515650987625,0.279142856598,1.14101457596,-0.674309313297,-0.399684965611,-0.102365478873,0.612437963486
0.512022733688,0.275257587433,1.14158141613,-0.670946359634,-0.400622934103,-0.0967235639691,0.616422772408
0.508411228657,0.271559864283,1.1423766613,-0.669357478619,-0.400526374578,-0.091616243124,0.618987619877
0.504795849323,0.267591238022,1.14283585548,-0.670739412308,-0.400034546852,-0.0879955142736,0.618334710598
0.501089274883,0.263717353344,1.14369940758,-0.669489681721,-0.400235295296,-0.0834920480847,0.620180904865
0.497295200825,0.259559690952,1.14427757263,-0.667541205883,-0.400029122829,-0.0787492617965,0.623028099537
0.493695706129,0.255519330502,1.14503383636,-0.666839301586,-0.399280965328,-0.0739654451609,0.624843657017
0.489818841219,0.251289099455,1.1457657814,-0.665166795254,-0.399963110685,-0.0694651007652,0.626703619957
0.486228048801,0.247194170952,1.1465805769,-0.663988113403,-0.399222135544,-0.0650576353073,0.628895223141
0.482382237911,0.243144392967,1.14745426178,-0.686856806278,-0.400569617748,-0.0601535402238,0.603451311588
0.479896605015,0.238883316517,1.14756774902,-0.688761532307,-0.395610004663,-0.0689167305827,0.603614747524
0.476281046867,0.235726192594,1.14731049538,-0.678128898144,-0.39656317234,-0.0461694486439,0.617047190666
0.471273124218,0.230523407459,1.15008544922,-0.676632106304,-0.398851215839,-0.0474441051483,0.617119014263
0.467347681522,0.226200670004,1.15105032921,-0.674100220203,-0.398968040943,-0.0434773676097,0.620099246502
0.463340610266,0.221278682351,1.15194427967,0.646751463413,0.398631423712,0.0424927659333,-0.648845076561
0.459018111229,0.217606440187,1.15159678459,0.644477128983,0.398688405752,0.035090085119,-0.651510179043
0.45569473505,0.21272623539,1.15413737297,0.642451405525,0.399093300104,0.0355080589652,-0.65323805809
0.452149003744,0.208541929722,1.15517032146,0.641164779663,0.397919535637,0.032318726182,-0.655380427837
0.448468208313,0.204224258661,1.15631115437,0.639297008514,0.397930264473,0.0290015991777,-0.657350599766
0.4449031353,0.199687719345,1.15710175037,0.636308073997,0.39719671011,0.0258954484016,-0.660814940929
0.441282480955,0.195419088006,1.15820455551,0.635547697544,0.396339297295,0.0270382482558,-0.662014603615
0.437897384167,0.191180497408,1.15926671028,0.632705807686,0.397107928991,0.019813330844,-0.664527118206
0.434439599514,0.186963886023,1.16042900085,0.631293475628,0.396554648876,0.0213808566332,-0.666150033474
0.431169867516,0.182636871934,1.16153967381,0.63090133667,0.396517783403,0.0184538122267,-0.666630685329
0.427792966366,0.178605943918,1.16275835037,0.622925043106,0.396816372871,0.00976934377104,-0.674096345901
0.424625813961,0.174304693937,1.16375339031,0.623288154602,0.395975500345,0.00945124495775,-0.674259662628
0.421365976334,0.170078128576,1.16502416134,0.623860478401,0.396352261305,0.0118852425367,-0.67346984148
0.41813737154,0.165601968765,1.16602814198,0.622313737869,0.396679610014,0.0107328984886,-0.674726426601
0.415112793446,0.161545783281,1.16716146469,0.619332373142,0.396804720163,0.00361700565554,-0.677466213703
0.41212874651,0.157411068678,1.16813111305,0.617141723633,0.396064639091,0.00770087260753,-0.679860055447
0.409277975559,0.153479069471,1.16908669472,0.613711178303,0.396201759577,0.000364334526239,-0.682922184467
0.406446099281,0.149539262056,1.1700476408,0.612359166145,0.395881295204,-0.00109282985795,-0.684319317341
0.403615653515,0.14552333951,1.17108416557,0.611450016499,0.396908223629,-0.00124069082085,-0.684537291527
0.401051491499,0.141706615686,1.17192578316,0.608933985233,0.395659536123,-0.00328145734966,-0.68748986721
0.398380935192,0.138205230236,1.17271959782,0.609305262566,0.395477741957,-0.00498122023419,-0.687255382538
0.395897835493,0.134155422449,1.17370462418,0.607745707035,0.394777715206,6.97206996847e-05,-0.689054250717
0.393444299698,0.130387991667,1.17458283901,0.605643332005,0.39487656951,-0.00540601368994,-0.690825283527
0.390917360783,0.127114266157,1.17516303062,0.60509544611,0.391993522644,-0.00251274113543,-0.692960560322
0.388629257679,0.123566202819,1.17593801022,0.604462563992,0.394691437483,-0.00709013780579,-0.691948950291
0.386407971382,0.119837716222,1.17655014992,0.601692259312,0.394220203161,-0.00808219145983,-0.69461607933
0.383227020502,0.117124430835,1.17560124397,0.600709557533,0.394491910934,-0.0120921097696,-0.695253908634
0.381914645433,0.112512119114,1.17802202702,0.599983274937,0.393463075161,-0.00610158313066,-0.696541309357
0.379735976458,0.109006531537,1.17847526073,0.598737239838,0.393080890179,-0.00655903061852,-0.697823882103
0.377705276012,0.10543192178,1.17920029163,0.595678508282,0.393543183804,-0.0101765906438,-0.700133860111
0.375603675842,0.101836420596,1.17978429794,0.593495965004,0.39297991991,-0.00788710732013,-0.702329754829
0.373366236687,0.0989897400141,1.17979621887,0.591362893581,0.392399102449,-0.0126224486157,-0.70438182354
0.370965331793,0.0956854149699,1.17924273014,0.587991416454,0.391801089048,-0.0169565621763,-0.707439422607
0.369636982679,0.091948390007,1.18085360527,0.586516439915,0.39120978117,-0.0148268584162,-0.709037065506
0.36795425415,0.0887431427836,1.18170332909,0.58579313755,0.390834331512,-0.0132512692362,-0.70987278223
0.366151690483,0.0852932631969,1.1822822094,0.582648694515,0.390640109777,-0.0149820502847,-0.71252810955
0.364316880703,0.0823891535401,1.18277966976,0.581467986107,0.390217423439,-0.014398031868,-0.713735342026
0.362629115582,0.0792359262705,1.18322813511,0.580152869225,0.389252364635,-0.0116238575429,-0.715381145477
0.361108720303,0.0762113109231,1.18364346027,0.578498244286,0.389238834381,-0.0146438302472,-0.716671824455
0.359268546104,0.0731414705515,1.18422067165,0.577464103699,0.389068156481,-0.0121676065028,-0.717644274235
0.357717454433,0.0700205117464,1.18441653252,0.574598431587,0.388868004084,-0.0152707407251,-0.719989776611
0.356096237898,0.0671338811517,1.18474674225,0.57287478447,0.388462424278,-0.0155671918765,-0.721574127674
0.354532688856,0.0644388124347,1.18511283398,0.571855008602,0.38864466548,-0.0161705389619,-0.722271263599
0.353200376034,0.0615345388651,1.18557202816,0.569756388664,0.388665854931,-0.0166640803218,-0.723905086517
0.351891934872,0.0588494464755,1.18589007854,0.56833845377,0.388358980417,-0.0171340797096,-0.725172400475
0.350452214479,0.0560855418444,1.18628263474,0.566421091557,0.388418644667,-0.0194586105645,-0.726580739021
0.34928548336,0.0537631288171,1.18664968014,0.566998720169,0.38586756587,-0.020491367206,-0.727460503578
0.347703456879,0.0510217398405,1.1869341135,0.561441063881,0.390347838402,-0.0176722239703,-0.729452013969
0.346589207649,0.0487042367458,1.18735563755,0.560060441494,0.387803852558,-0.0227289702743,-0.731726706028
0.345427572727,0.0459157302976,1.18760442734,0.560299098492,0.386775970459,-0.0225767884403,-0.732092618942
0.344168275595,0.0430889725685,1.1880133152,0.556708037853,0.389866381884,-0.0195609945804,-0.733278810978
0.342992514372,0.0411679372191,1.18832135201,0.557307183743,0.387655496597,-0.020736310631,-0.733963131905
0.341944277287,0.0385694429278,1.18878614902,0.55603325367,0.387672066689,-0.0200381409377,-0.734939336777
0.340830624104,0.0360772833228,1.189037323,0.556194603443,0.387813717127,-0.0203277170658,-0.734734654427
0.339581608772,0.0334578752518,1.1894197464,0.552266836166,0.388353735209,-0.0211868677288,-0.737383186817
0.338578939438,0.0312623530626,1.18970251083,0.553276836872,0.388751119375,-0.0189013201743,-0.7364782691
0.337316036224,0.0292062088847,1.19013392925,0.553868710995,0.3901232481,-0.0158841181546,-0.735378205776
0.336267948151,0.0270778089762,1.19045948982,0.553206562996,0.392504632473,-0.0139831006527,-0.734647631645
0.335344016552,0.0250577032566,1.1906170845,0.552322566509,0.394280195236,-0.0125619880855,-0.734387636185
0.33469325304,0.0230974853039,1.19094264507,0.547407090664,0.397691905499,-0.0116503704339,-0.736241042614
0.33423268795,0.0214350670576,1.19107949734,0.544207215309,0.400657534599,-0.0117345759645,-0.737003624439
0.333704322577,0.0200325585902,1.19090282917,0.543487906456,0.401539921761,-0.0118596144021,-0.737052202225
0.333209872246,0.0184272527695,1.19051241875,0.541333019733,0.403040975332,-0.0129063250497,-0.737800776958
0.333040386438,0.0168791152537,1.19037234783,0.540997028351,0.403218507767,-0.0139496121556,-0.737931370735
0.332644045353,0.0154008157551,1.19004654884,0.542201220989,0.404461175203,-0.0159153584391,-0.736325919628
0.332349479198,0.0135172009468,1.18988537788,0.544789612293,0.404237598181,-0.0132629266009,-0.734588742256
0.332251191139,0.0127962231636,1.18944787979,0.542393326759,0.405174523592,-0.0147391632199,-0.735816419125
0.332080006599,0.011231828481,1.18908822536,0.543773770332,0.404361397028,-0.012653673999,-0.735283613205
0.331838190556,0.00939822569489,1.18889117241,0.547144055367,0.404404252768,-0.012275041081,-0.732761979103
0.331661581993,0.00847878679633,1.18846297264,0.545376479626,0.40536236763,-0.0128690740094,-0.733539581299
0.331328243017,0.00691347196698,1.18826377392,0.545587420464,0.405033290386,-0.0123064452782,-0.733574151993
0.330995470285,0.00516855716705,1.18810451031,0.546783387661,0.404311656952,-0.0121822385117,-0.73308378458
0.330706596375,0.00396739318967,1.18795573711,0.547641575336,0.405080586672,-0.0135258920491,-0.731994271278
0.33030050993,0.00247536599636,1.18792438507,0.544686615467,0.406107634306,-0.00924631301314,-0.733694553375
0.329885184765,0.00110025331378,1.1879632473,0.544734895229,0.405991882086,-0.00846348516643,-0.733732283115
0.329310029745,-0.000353775918484,1.18817949295,0.542071342468,0.407819658518,-0.00793947651982,-0.734696388245
0.328621596098,-0.00194739177823,1.18840456009,0.542330682278,0.408842176199,-0.00694982847199,-0.733946382999
0.328306913376,-0.00292279943824,1.18841075897,0.539825856686,0.409820228815,-0.008310620673,-0.735232234001
0.327805906534,-0.0040816962719,1.18848478794,0.537478983402,0.410710394382,-0.00958506949246,-0.736438512802
0.327198654413,-0.00521472841501,1.18868899345,0.536204814911,0.41142565012,-0.0068679577671,-0.736998021603
0.326708257198,-0.00602531060576,1.18893003464,0.533493459225,0.412195384502,-0.00944665912539,-0.738505542278
0.326194882393,-0.00717545673251,1.18903696537,0.527998268604,0.413450747728,-0.00728957727551,-0.741770267487
0.325811207294,-0.00823251903057,1.18903958797,0.529026269913,0.412545770407,-0.00676182797179,-0.741546690464
0.325364470482,-0.00884318724275,1.18902754784,0.526630997658,0.412521123886,-0.00671537267044,-0.743263721466
0.324792057276,-0.00989653915167,1.18919813633,0.528623402119,0.411920785904,-0.0066667846404,-0.742182016373
0.324230790138,-0.0107533596456,1.18947410583,0.521679639816,0.413481593132,-0.00622256379575,-0.746220231056
0.323986649513,-0.0110878609121,1.18950688839,0.523546457291,0.412147164345,-0.00792444776744,-0.745634615421
0.32351398468,-0.0117561556399,1.18974411488,0.522785365582,0.412912845612,-0.00646808277816,-0.745759248734
0.322956740856,-0.0124259255826,1.19009613991,0.524045884609,0.412612199783,-0.00583457667381,-0.745045721531
0.322342514992,-0.0132148042321,1.1904065609,0.524471640587,0.413066864014,-0.00544533086941,-0.744496941566
0.321807593107,-0.0132983550429,1.19056355953,0.524633824825,0.414180934429,-0.00535518117249,-0.743764042854
0.321233689785,-0.0137751251459,1.190797925,0.523882567883,0.414420813322,-0.00580989103764,-0.744156420231
0.320675671101,-0.0144337639213,1.19115662575,0.523130714893,0.415324091911,-0.00655131042004,-0.744175493717
0.320351094007,-0.0150426439941,1.1914832592,0.523655295372,0.415267378092,-0.00560399703681,-0.743845939636
0.319873929024,-0.0156423505396,1.19164192677,0.523829817772,0.415540069342,-0.00545802805573,-0.74357175827
0.31943821907,-0.0161932036281,1.19192349911,0.52282834053,0.415394932032,-0.00702698202804,-0.744344234467
0.318723022938,-0.016969781369,1.19222831726,0.523442625999,0.416330695152,-0.00601012166589,-0.743397951126
0.318499267101,-0.0171930920333,1.19227075577,0.51994228363,0.416605442762,-0.00716606387869,-0.745686650276
0.318183004856,-0.0176456794143,1.19246804714,0.524345934391,0.415048182011,-0.00780668575317,-0.743461787701
0.317921638489,-0.0180407483131,1.19255256653,0.523335814476,0.414892554283,-0.00905196648091,-0.744245946407
0.317472934723,-0.0183548871428,1.19284594059,0.523989081383,0.414849311113,-0.00965169258416,-0.743802666664
0.317274808884,-0.0190791878849,1.19309270382,0.524092018604,0.413918763399,-0.0103148734197,-0.744239449501
0.317047953606,-0.0192524716258,1.19328320026,0.52410531044,0.412987887859,-0.0111181018874,-0.744735598564
0.316942095757,-0.0194507539272,1.19338035583,0.524785935879,0.411807775497,-0.0121573638171,-0.744893610477
0.316813379526,-0.0195146556944,1.19352471828,0.525191605091,0.410266131163,-0.0136049827561,-0.745433032513
0.316577315331,-0.0195157937706,1.19368195534,0.525502681732,0.410438776016,-0.0144920051098,-0.745101988316
0.316425263882,-0.0197475925088,1.19400501251,0.525306344032,0.409857898951,-0.0148149142042,-0.745553731918
0.316220670938,-0.0194094665349,1.19419038296,0.523194849491,0.409847587347,-0.0155344661325,-0.747028052807
0.316349565983,-0.0196025669575,1.19441914558,0.526481568813,0.408126533031,-0.0165812280029,-0.745637357235
0.316366374493,-0.0190320219845,1.19446861744,0.524375975132,0.408069223166,-0.0183070469648,-0.747110545635
0.316346108913,-0.0189202278852,1.19487905502,0.526310801506,0.407177746296,-0.0179925374687,-0.746243655682
0.316334724426,-0.0182119756937,1.19509720802,0.526449501514,0.407700330019,-0.0186922308058,-0.745843231678
0.31650274992,-0.0176532864571,1.19536411762,0.525816977024,0.408169448376,-0.0190826877952,-0.746022939682
0.316606581211,-0.0167952701449,1.19558632374,0.52355325222,0.409406274557,-0.0200978573412,-0.746910274029
0.31678751111,-0.0158744510263,1.19583249092,0.521137833595,0.409525662661,-0.0209304075688,-0.748509287834
0.317021667957,-0.014752343297,1.19603228569,0.519085526466,0.411983400583,-0.0210681539029,-0.748582720757
0.317385673523,-0.01338557899,1.19616436958,0.513808131218,0.413702338934,-0.021564906463,-0.751256763935
0.317740648985,-0.0116173140705,1.19611680508,0.511203289032,0.415366113186,-0.0226934608072,-0.752081990242
0.318255364895,-0.0100666955113,1.19608330727,0.50842833519,0.417363882065,-0.0227963235229,-0.752853512764
0.318954646587,-0.00856937654316,1.19608104229,0.508590638638,0.41832742095,-0.0227030292153,-0.752211689949
0.319935113192,-0.00596012501046,1.19561159611,0.502662181854,0.422215521336,-0.0242482535541,-0.753974080086
0.320564746857,-0.00360131077468,1.19536280632,0.502111792564,0.424497544765,-0.0237394347787,-0.753075122833
0.321767628193,-0.000601215288043,1.19459271431,0.499356389046,0.428973078728,-0.0234295930713,-0.752380549908
0.322881162167,0.00266343913972,1.193826437,0.500559151173,0.431126743555,-0.0245506279171,-0.750311613083
0.323976755142,0.00534779392183,1.19327104092,0.496330946684,0.435441941023,-0.0231042951345,-0.75067448616
0.325491547585,0.00930418819189,1.19218575954,0.494911402464,0.440078705549,-0.0226232241839,-0.748920321465
0.326895296574,0.0127075156197,1.19123852253,0.493201464415,0.444155544043,-0.0222503114492,-0.74765175581
