x,y,z,q0,q1,q2,q3
-0.463853865862,-0.0946875065565,1.00065755844,-0.640943706036,0.194199681282,0.700674235821,0.246035188437
-0.463312804699,-0.0948763117194,1.00050425529,-0.641015827656,0.194904476404,0.700301408768,0.246351152658
-0.462447524071,-0.0954526662827,1.00055217743,-0.640428721905,0.195478379726,0.70022046566,0.247650116682
-0.461913913488,-0.0956948250532,1.00042724609,-0.639288604259,0.197006225586,0.700608968735,0.248285293579
-0.461322367191,-0.0962024778128,1.00043439865,-0.63852918148,0.198587864637,0.700190126896,0.250154614449
-0.460777193308,-0.0965547859669,1.00035345554,-0.638630449772,0.200251325965,0.699080526829,0.251667916775
-0.460264116526,-0.096800789237,1.0001629591,-0.638113379478,0.201645463705,0.698954463005,0.252216786146
-0.459506779909,-0.0972293615341,1.00009191036,-0.637419581413,0.203033328056,0.698732554913,0.253469258547
-0.458963930607,-0.0977515950799,1.00016891956,-0.636789262295,0.204511001706,0.698270082474,0.255134940147
-0.458448469639,-0.0978904440999,0.999665975571,-0.636485934258,0.205679148436,0.698014914989,0.255650281906
-0.457754999399,-0.0981891453266,0.999524414539,-0.636001586914,0.206826850772,0.697861671448,0.25634688139
-0.45712557435,-0.0983477979898,0.99927508831,-0.636052548885,0.208222806454,0.697188735008,0.256921112537
-0.456909835339,-0.0983744189143,0.999354839325,-0.636319160461,0.209523484111,0.69639724493,0.257349699736
-0.456353574991,-0.0990440025926,0.999752759933,-0.635800540447,0.210230275989,0.696182787418,0.258631974459
-0.455641120672,-0.0996485725045,0.999428093433,-0.634743869305,0.210693880916,0.696778595448,0.259245187044
-0.45526278019,-0.0999500527978,0.999337434769,-0.634743213654,0.211189746857,0.696415126324,0.259819060564
-0.454777598381,-0.100454390049,0.999404728413,-0.634174287319,0.212959080935,0.695429265499,0.262392431498
-0.4542119205,-0.100753709674,0.999335348606,-0.633894443512,0.213628098369,0.695250153542,0.262998491526
-0.45376804471,-0.10095565021,0.999007999897,-0.633732616901,0.213909953833,0.695242583752,0.263178914785
-0.45389509201,-0.100379273295,0.999368488789,-0.634905040264,0.215497687459,0.693785607815,0.262902766466
-0.453232049942,-0.101201929152,0.999075114727,-0.634145021439,0.215039134026,0.694448053837,0.263363569975
-0.452903926373,-0.101581148803,0.999161839485,-0.633892774582,0.215325117111,0.694314002991,0.264089077711
-0.452661216259,-0.101897545159,0.999086022377,-0.630708217621,0.220051929355,0.693787038326,0.269154131413
-0.452299594879,-0.10202319175,0.99903011322,-0.633386492729,0.216612577438,0.693606078625,0.2661036551
-0.451837360859,-0.102471955121,0.998911798,-0.632991492748,0.216290235519,0.693890094757,0.266565293074
-0.45142608881,-0.102691680193,0.998880445957,-0.632759094238,0.216481551528,0.693906962872,0.266917705536
-0.451052248478,-0.102766148746,0.998727381229,-0.632557094097,0.216951683164,0.693867206573,0.267117708921
-0.450811445713,-0.102912724018,0.998644351959,-0.632990002632,0.217250466347,0.693222403526,0.267523318529
-0.450552731752,-0.103119961917,0.998684346676,-0.633150100708,0.216950565577,0.693156421185,0.267558693886
-0.450309842825,-0.103380866349,0.998683810234,-0.633195757866,0.216753050685,0.693095862865,0.267767488956
-0.450521051884,-0.102706797421,0.999019384384,-0.63446867466,0.217782214284,0.691882550716,0.267056465149
-0.449696868658,-0.103860497475,0.998816370964,-0.633342266083,0.216184169054,0.693084537983,0.267910271883
-0.449416965246,-0.104113087058,0.998929321766,-0.633325278759,0.216127857566,0.693018376827,0.268166810274
-0.449148327112,-0.104201927781,0.998907327652,-0.633854866028,0.214887276292,0.69352042675,0.266610205173
-0.448931217194,-0.104313343763,0.998782753944,-0.633672118187,0.215659186244,0.69306987524,0.267590850592
-0.448745727539,-0.104211397469,0.998538315296,-0.633741140366,0.216469451785,0.692660987377,0.267832189798
-0.448581278324,-0.104476027191,0.998415231705,-0.633580744267,0.21701477468,0.692203581333,0.268950462341
-0.448125511408,-0.104812093079,0.998708248138,-0.633847355843,0.217000558972,0.69160592556,0.269869655371
-0.448189228773,-0.103907361627,0.99893784523,-0.634763479233,0.219311326742,0.690062522888,0.269799262285
-0.448064535856,-0.103831999004,0.998675763607,-0.635032951832,0.219958409667,0.689316272736,0.270544916391
-0.44790288806,-0.103921912611,0.998625874519,-0.635177016258,0.22039718926,0.68878942728,0.271190941334
-0.447687238455,-0.104053646326,0.998644709587,-0.635316967964,0.220474973321,0.688498556614,0.27153801918
-0.447416841984,-0.104171037674,0.998715817928,-0.636381566525,0.218982860446,0.688308000565,0.270734399557
-0.447208970785,-0.104156665504,0.998692512512,-0.636155962944,0.220053896308,0.687876701355,0.271491497755
-0.446997702122,-0.104062408209,0.998260736465,-0.63627576828,0.220644623041,0.687430918217,0.271859794855
-0.446519374847,-0.104978427291,0.998213589191,-0.635572254658,0.219807609916,0.687843620777,0.273136764765
-0.446276545525,-0.104398787022,0.99853682518,-0.636113882065,0.221043750644,0.68728774786,0.272276490927
-0.446096599102,-0.105535559356,0.99843943119,-0.635967195034,0.219115167856,0.687585413456,0.273424118757
-0.445892930031,-0.105482183397,0.998301625252,-0.635983109474,0.219822511077,0.687183499336,0.27382928133
-0.445835113525,-0.105706676841,0.998171031475,-0.635887265205,0.220472991467,0.686586499214,0.275024116039
-0.445581585169,-0.105075798929,0.998720288277,-0.6364351511,0.221725180745,0.686008810997,0.274190068245
-0.445422232151,-0.105232000351,0.998705327511,-0.636411607265,0.222332865,0.685453534126,0.275139898062
-0.445001155138,-0.105371192098,0.998736917973,-0.636020839214,0.222748994827,0.685566186905,0.275425821543
-0.444766700268,-0.105630323291,0.998720169067,-0.635807693005,0.223063722253,0.685363292694,0.276167452335
-0.444496929646,-0.105769611895,0.998598456383,-0.635622322559,0.223594248295,0.685118496418,0.276771575212
-0.444119662046,-0.106076829135,0.998807072639,-0.63535708189,0.223932772875,0.68506705761,0.27723389864
-0.44366851449,-0.106121845543,0.998870968819,-0.635024011135,0.224924892187,0.684843719006,0.277745574713
-0.4431643188,-0.106311887503,0.998887658119,-0.634957671165,0.225057810545,0.684926569462,0.277585119009
-0.442785471678,-0.106733545661,0.999139666557,-0.634607791901,0.225355818868,0.684909582138,0.278184473515
-0.442390799522,-0.107002392411,0.999190330505,-0.634284555912,0.226025566459,0.68469029665,0.278917133808
-0.441965788603,-0.108183085918,0.998762786388,-0.633108377457,0.224727138877,0.685778677464,0.279962658882
-0.44135004282,-0.108498208225,0.998713552952,-0.632112562656,0.226795658469,0.685142695904,0.282093793154
-0.44088858366,-0.108817271888,0.998844206333,-0.631463229656,0.227801024914,0.684892714024,0.28334236145
-0.440363705158,-0.108828857541,0.999041259289,-0.630354583263,0.229511767626,0.685095071793,0.28394061327
-0.439495116472,-0.109304510057,0.998996317387,-0.629174053669,0.230068311095,0.685705721378,0.284633606672
-0.439076036215,-0.109579481184,0.999099135399,-0.628971934319,0.231126353145,0.685335993767,0.285113364458
-0.439012914896,-0.10898103565,0.999556660652,-0.629198074341,0.233727112412,0.684079170227,0.285512000322
-0.438664704561,-0.109031789005,0.999378561974,-0.628755569458,0.234974905849,0.683710753918,0.28634417057
-0.437816441059,-0.110212057829,0.99907720089,-0.627093732357,0.234371364117,0.684777796268,0.287928700447
-0.437550485134,-0.110410250723,0.999113798141,-0.626645386219,0.235487222672,0.68430608511,0.289113283157
-0.437324017286,-0.110717952251,0.999245882034,-0.626117169857,0.236087173223,0.684194326401,0.290031433105
-0.437521129847,-0.110092617571,0.999747633934,-0.627068519592,0.237902715802,0.682614684105,0.2902148664
-0.437322646379,-0.110266461968,0.999828755856,-0.626661896706,0.23860912025,0.682384431362,0.291053652763
-0.437047123909,-0.110335819423,0.999968111515,-0.626218676567,0.238978341222,0.682607650757,0.291181147099
-0.43691149354,-0.110296472907,0.999897658825,-0.625978589058,0.239125967026,0.682864427567,0.290974140167
-0.436863780022,-0.110372975469,0.999951481819,-0.625910043716,0.239212483168,0.682813644409,0.291169345379
-0.436856597662,-0.110435798764,1.00006246567,-0.625879883766,0.23921212554,0.682780086994,0.291313380003
-0.436857879162,-0.110321968794,0.999941527843,-0.626093566418,0.239337921143,0.682599782944,0.291173368692
-0.436925262213,-0.11042907089,1.00013327599,-0.626157343388,0.239056438208,0.682609498501,0.291244477034
-0.437008470297,-0.110358096659,1.00009799004,-0.626198589802,0.23906981945,0.682619214058,0.291121900082
-0.437133044004,-0.11022850126,1.00009214878,-0.626467227936,0.238757476211,0.682682037354,0.290652751923
-0.437293350697,-0.110208883882,1.00016760826,-0.626554489136,0.23850466311,0.682756721973,0.290496587753
-0.437468647957,-0.110197402537,1.00034236908,-0.626505017281,0.238377586007,0.682859241962,0.290466725826
-0.437642931938,-0.110007584095,1.00024068356,-0.626562416553,0.238007605076,0.683191478252,0.289864271879
-0.437890082598,-0.110771372914,0.99987667799,-0.626124501228,0.236234977841,0.683985233307,0.2903881073
-0.438172399998,-0.110731132329,1.00002503395,-0.62644392252,0.235026776791,0.684506237507,0.289450883865
-0.438673138618,-0.110597871244,1.00019645691,-0.6270570755,0.23397693038,0.684614896774,0.288715660572
-0.439104944468,-0.109516717494,1.00051879883,-0.627644538879,0.235282659531,0.684022963047,0.287779480219
-0.439431041479,-0.109336018562,1.00064826012,-0.627837836742,0.234608054161,0.684359788895,0.287107259035
-0.439833760262,-0.109046243131,1.00069344044,-0.628184735775,0.234150677919,0.684441924095,0.286525398493
-0.440495252609,-0.108947098255,1.00081658363,-0.628338575363,0.234006717801,0.68412810564,0.287054359913
-0.440871179104,-0.108572334051,1.00063431263,-0.628809928894,0.233266353607,0.684375166893,0.286034286022
-0.441124349833,-0.109871454537,1.00026154518,-0.628193080425,0.22962744534,0.685913562775,0.286648750305
-0.44198808074,-0.109030075371,1.00035393238,-0.62943893671,0.229402691126,0.685382783413,0.28536182642
-0.442427158356,-0.108846947551,1.00050842762,-0.629996299744,0.227695316076,0.685822844505,0.284440606833
-0.442939817905,-0.108515456319,1.0006043911,-0.629937410355,0.227334097028,0.686405897141,0.283452540636
-0.443751335144,-0.106580883265,1.00121212006,-0.631784260273,0.229598581791,0.684691429138,0.281657546759
-0.444338530302,-0.106827668846,1.00097632408,-0.631941795349,0.227288201451,0.685361921787,0.281546741724
-0.444473832846,-0.107414655387,1.00077259541,-0.631453633308,0.224559605122,0.686998426914,0.28084269166
-0.445155441761,-0.10715084523,1.0009585619,-0.632023632526,0.222887411714,0.68754440546,0.279553830624
-0.446136623621,-0.10591648519,1.00131797791,-0.63380843401,0.223368838429,0.686321377754,0.278130143881
-0.446796745062,-0.106452219188,1.0010894537,-0.634366810322,0.219915136695,0.68719547987,0.277450293303
-0.446982055902,-0.10582138598,1.00123012066,-0.634712696075,0.218999773264,0.687993943691,0.275396823883
-0.44816750288,-0.104521870613,1.00161659718,-0.636130154133,0.219467461109,0.687226474285,0.273664444685
-0.449000537395,-0.104393430054,1.00171339512,-0.636742591858,0.218307942152,0.687064886093,0.273573487997
-0.449446558952,-0.104992382228,1.00129938126,-0.636617541313,0.215757772326,0.688007831573,0.27351796627
-0.450122624636,-0.104471176863,1.00154089928,-0.637805640697,0.21383716166,0.68847155571,0.271080225706
-0.450808316469,-0.103904612362,1.00136768818,-0.638596177101,0.212721511722,0.688762307167,0.26935338974
-0.451836287975,-0.103852510452,1.00157678127,-0.639209568501,0.211751431227,0.688219666481,0.270048588514
-0.452534556389,-0.103448875248,1.00175738335,-0.64028686285,0.209276467562,0.688910841942,0.267653226852
-0.453353613615,-0.103013068438,1.00193560123,-0.640842676163,0.208565533161,0.688958823681,0.266752481461
-0.454229563475,-0.10264608264,1.00174212456,-0.641813457012,0.207063823938,0.688988387585,0.265509217978
-0.455204069614,-0.102275840938,1.00182652473,-0.642831385136,0.205677673221,0.688984394073,0.264130741358
-0.45577904582,-0.101759001613,1.00201714039,-0.643555998802,0.204141005874,0.689524829388,0.262140899897
-0.456803917885,-0.101374484599,1.00180864334,-0.644308447838,0.203404933214,0.689188718796,0.261747717857
-0.457633346319,-0.10114081949,1.00192117691,-0.645612597466,0.20092587173,0.689601182938,0.259352117777
-0.458462297916,-0.100785024464,1.00203073025,-0.646403968334,0.199357107282,0.6897996068,0.258060514927
-0.459077000618,-0.100246213377,1.00230455399,-0.64748442173,0.197528421879,0.690269052982,0.255490124226
-0.459883213043,-0.0997155457735,1.00214600563,-0.648521959782,0.196163803339,0.690419316292,0.253495723009
-0.460884839296,-0.0995997190475,1.00211906433,-0.648946523666,0.194753810763,0.690537154675,0.253175377846
-0.461717098951,-0.0990745276213,1.00196242332,-0.649703621864,0.194251701236,0.690422654152,0.251929044724
-0.462511718273,-0.0988014414907,1.001917243,-0.650574624538,0.192943662405,0.690344929695,0.250897228718
-0.463393092155,-0.0984586104751,1.00186872482,-0.651282012463,0.191814005375,0.690365731716,0.249868482351
-0.464313447475,-0.0977832898498,1.00195872784,-0.652973651886,0.190807908773,0.689580440521,0.248388186097
-0.464960575104,-0.0974262207747,1.00147247314,-0.653718531132,0.189376816154,0.689702391624,0.247182816267
-0.465640723705,-0.0974426418543,1.00200366974,-0.654357492924,0.187699615955,0.689900994301,0.246214911342
-0.466340094805,-0.0970051363111,1.00186061859,-0.654974758625,0.186833828688,0.689977169037,0.245016023517
-0.467103540897,-0.0966479480267,1.0018478632,-0.656219005585,0.185096025467,0.689881920815,0.243267506361
-0.467975944281,-0.0961323082447,1.00118005276,-0.657027602196,0.18487764895,0.689412355423,0.2425814569
-0.46896904707,-0.0955794006586,1.00126588345,-0.65832811594,0.184223249555,0.688782215118,0.241340145469
-0.469523638487,-0.0953803807497,1.00178837776,-0.658768951893,0.182184293866,0.689605951309,0.239324197173
-0.470358341932,-0.094859495759,1.00136291981,-0.659916102886,0.181054756045,0.689441859722,0.237486317754
-0.470984578133,-0.0948982313275,1.00184345245,-0.6606580019,0.18012034893,0.688938140869,0.237596258521
-0.471366643906,-0.094917319715,1.0016784668,-0.66062104702,0.179194197059,0.689438939095,0.236945688725
-0.472207486629,-0.0945078358054,1.00157511234,-0.66160595417,0.178341329098,0.689164817333,0.235635116696
-0.472752541304,-0.0942936241627,1.00155639648,-0.662342965603,0.177351295948,0.689038455486,0.234679669142
-0.473397284746,-0.0940914228559,1.00163161755,-0.662637412548,0.176646605134,0.689254879951,0.233742088079
-0.474046289921,-0.0938297137618,1.00162065029,-0.663389980793,0.175817325711,0.68900924921,0.232955232263
-0.474642544985,-0.0935173630714,1.00144672394,-0.66383433342,0.175523325801,0.68885654211,0.232361808419
-0.475547075272,-0.0930976569653,1.00157749653,-0.664990007877,0.175104409456,0.688095152378,0.231628730893
-0.476041436195,-0.0927114188671,1.00133550167,-0.665275812149,0.174688890576,0.688220441341,0.230747565627
-0.476431936026,-0.0925686880946,1.0018196106,-0.666198730469,0.172400131822,0.688606023788,0.228646278381
-0.476802527905,-0.0925689414144,1.0013589859,-0.666385829449,0.171261191368,0.688816308975,0.228323698044
-0.477830380201,-0.0923820063472,1.00154876709,-0.667035698891,0.171886414289,0.687678992748,0.229382097721
-0.478075563908,-0.0924836024642,1.00149476528,-0.666890501976,0.170157521963,0.688651919365,0.228171080351
-0.478672474623,-0.0922048985958,1.00148892403,-0.667942583561,0.168904572725,0.688347280025,0.226940795779
-0.479258686304,-0.092013373971,1.00154089928,-0.668510973454,0.168093383312,0.688177704811,0.22638310492
-0.479815095663,-0.0917458757758,1.00125920773,-0.669527471066,0.167402043939,0.687435925007,0.226145148277
-0.48015922308,-0.09169010818,1.00196778774,-0.670226991177,0.165150657296,0.687974393368,0.224080786109
-0.480840504169,-0.0914745777845,1.00202727318,-0.671018123627,0.164121821523,0.687754034996,0.223144203424
-0.481579810381,-0.0908913165331,1.00202345848,-0.671553432941,0.163824826479,0.687749087811,0.221762731671
-0.481869280338,-0.0911740660667,1.00214254856,-0.671077251434,0.163104146719,0.688200294971,0.222334548831
-0.482721596956,-0.0910875126719,1.00233054161,-0.671839416027,0.162334427238,0.687684237957,0.222193151712
-0.4831828475,-0.0908756703138,1.0023547411,-0.672292947769,0.16145901382,0.687766611576,0.22120206058
-0.483686596155,-0.0904412642121,1.00213396549,-0.672747850418,0.161022111773,0.687772572041,0.220116302371
-0.484402596951,-0.0903614833951,1.00251376629,-0.674058318138,0.16012994945,0.686715364456,0.220058917999
-0.484881222248,-0.0901865139604,1.00251483917,-0.673949360847,0.159981325269,0.686883628368,0.219975113869
-0.485440909863,-0.0901616588235,1.00283503532,-0.674357771873,0.158791035414,0.687018752098,0.219163015485
-0.486223846674,-0.0899990126491,1.00297772884,-0.674975812435,0.158075809479,0.686651051044,0.218929797411
-0.486712276936,-0.0898597538471,1.0030875206,-0.675195217133,0.157238826156,0.6867800951,0.218450799584
-0.487166166306,-0.0895481184125,1.00305390358,-0.675222814083,0.156477585435,0.687298953533,0.217276632786
-0.487859457731,-0.0892806649208,1.00320851803,-0.675721287727,0.156725883484,0.686508238316,0.2180467695
-0.488299310207,-0.0892984867096,1.00367021561,-0.676029026508,0.155393913388,0.686716735363,0.217388689518
-0.48883458972,-0.0892808660865,1.00384545326,-0.676699757576,0.154066428542,0.686532318592,0.21682818234
-0.489735066891,-0.0888605192304,1.00414335728,-0.677184462547,0.153859481215,0.68621301651,0.216472178698
-0.490298360586,-0.0884343236685,1.00378775597,-0.677703857422,0.153237700462,0.686095356941,0.215658575296
-0.490529626608,-0.0888037532568,1.00423228741,-0.677012205124,0.152590811253,0.686563134193,0.21679879725
-0.490957349539,-0.0887619033456,1.00441169739,-0.677419185638,0.151181653142,0.686755657196,0.215903073549
-0.491574734449,-0.0885132700205,1.00456118584,-0.677967607975,0.150501146913,0.686540961266,0.215339183807
-0.492028474808,-0.0884058699012,1.00469112396,-0.677791297436,0.150227174163,0.68667536974,0.215656906366
-0.492394387722,-0.0880591496825,1.00436544418,-0.679418087006,0.146845251322,0.686880886555,0.212184086442
-0.492955893278,-0.0882049500942,1.00477814674,-0.67980748415,0.146172508597,0.686504721642,0.212618649006
-0.493518054485,-0.0878210887313,1.00453484058,-0.680288434029,0.145821660757,0.686277210712,0.212055057287
-0.493939578533,-0.087711147964,1.00458943844,-0.680408239365,0.14529299736,0.686312019825,0.211921021342
-0.494345009327,-0.0875698179007,1.00459432602,-0.680542290211,0.144996345043,0.686280786991,0.211794644594
-0.495012462139,-0.0870520621538,1.00461828709,-0.681272506714,0.144965797663,0.685800909996,0.211020857096
-0.495583593845,-0.0869554504752,1.00472199917,-0.68164741993,0.144554659724,0.685527205467,0.210981220007
-0.496191769838,-0.0866895094514,1.00464594364,-0.682294309139,0.144075006247,0.685165345669,0.210393443704
-0.496760845184,-0.0865523964167,1.00485599041,-0.68277078867,0.143722042441,0.684830844402,0.210178077221
-0.497347205877,-0.0863378196955,1.00492680073,-0.682732462883,0.144317254424,0.684565663338,0.210757851601
-0.497655153275,-0.0864119678736,1.00476098061,-0.682774305344,0.143380150199,0.684778869152,0.2105692029
-0.498321533203,-0.0859720036387,1.00454282761,-0.683894515038,0.142492994666,0.684255242348,0.209234043956
-0.49896851182,-0.0856551080942,1.00446128845,-0.684590101242,0.14072561264,0.684557914734,0.20715495944
-0.49953442812,-0.085191257298,1.00418329239,-0.684933423996,0.141431450844,0.684084415436,0.207103803754
-0.500172019005,-0.0848289504647,1.00403726101,-0.685594975948,0.140958309174,0.683742582798,0.206365019083
-0.500978648663,-0.0845370665193,1.00390458107,-0.686589062214,0.140734627843,0.682818889618,0.206271335483
-0.501581728458,-0.0840606838465,1.00380706787,-0.687156736851,0.140255063772,0.682672441006,0.205189198256
-0.502530455589,-0.0832743123174,1.00384378433,-0.686511039734,0.145451322198,0.680638849735,0.210421741009
-0.503164172173,-0.0833708122373,1.00386333466,-0.686734557152,0.144020751119,0.680943250656,0.209690585732
-0.504049122334,-0.0825657621026,1.00360500813,-0.687900364399,0.143986105919,0.68020004034,0.208300098777
-0.505016505718,-0.0821878612041,1.00339150429,-0.689253151417,0.140309795737,0.680631875992,0.204898625612
-0.505458176136,-0.0821101665497,1.00318312645,-0.689251303673,0.139324501157,0.681133627892,0.203907951713
-0.506265878677,-0.0817469209433,1.00305867195,-0.69043046236,0.139559149742,0.679918706417,0.203812733293
-0.507053136826,-0.0815225988626,1.00281441212,-0.690890789032,0.138966858387,0.679836511612,0.202929735184
-0.507652103901,-0.0810776054859,1.00270843506,-0.690971851349,0.138073682785,0.680536687374,0.200906470418
-0.508330881596,-0.0806950330734,1.00249087811,-0.691327393055,0.13773047924,0.680510222912,0.200007215142
-0.509027659893,-0.0803337991238,1.00233626366,-0.691258132458,0.137097418308,0.681369364262,0.197743326426
-0.509696900845,-0.0801627784967,1.00236797333,-0.691829621792,0.136058539152,0.681061506271,0.197522774339
-0.510326385498,-0.0798864364624,1.00221705437,-0.692547976971,0.135202348232,0.680835545063,0.196368962526
-0.510992944241,-0.079542554915,1.00180363655,-0.692523241043,0.134451910853,0.681453943253,0.194820284843
-0.511645317078,-0.0791708752513,1.00154948235,-0.693201243877,0.133844673634,0.681192934513,0.193736582994
-0.512234151363,-0.0789019390941,1.00134718418,-0.69296681881,0.131265431643,0.682934999466,0.190174520016
-0.512859106064,-0.0787211507559,1.00115001202,-0.693335950375,0.131621882319,0.682411968708,0.190459549427
-0.513529777527,-0.0784654393792,1.0009354353,-0.694548428059,0.129356905818,0.682403743267,0.187601804733
-0.514024853706,-0.0781894400716,1.0007673502,-0.6939240098,0.127731844783,0.683946430683,0.185395762324
-0.514644622803,-0.0779862701893,1.00055396557,-0.69436788559,0.127958342433,0.683442294598,0.185435816646
-0.515233278275,-0.077678129077,1.00026583672,-0.694509387016,0.127624481916,0.683612823486,0.18450589478
-0.51570057869,-0.0773678123951,1.00006723404,-0.694519996643,0.126226857305,0.684396862984,0.18250952661
-0.516531467438,-0.0767630264163,0.99996393919,-0.695232272148,0.127537548542,0.683336317539,0.182860001922
-0.516791045666,-0.0770640671253,0.99995225668,-0.695106804371,0.126708060503,0.683495342731,0.183318629861
-0.517247080803,-0.0765675827861,0.999406695366,-0.694828569889,0.12689243257,0.683998942375,0.182364821434
-0.517946124077,-0.0764416605234,0.998664319515,-0.694685399532,0.129128620028,0.682975649834,0.185155063868
-0.51851016283,-0.0762817263603,0.998484373093,-0.695388197899,0.126796230674,0.683359086514,0.18269777298
-0.519190609455,-0.0756476745009,0.998616695404,-0.695983350277,0.125146746635,0.683840036392,0.179745256901
-0.519370257854,-0.0756627470255,0.998302042484,-0.695708155632,0.12545453012,0.683833658695,0.180618032813
-0.520115196705,-0.0749462172389,0.99822062254,-0.696348369122,0.125079289079,0.68372374773,0.17881770432
-0.520368516445,-0.0749950557947,0.997845649719,-0.695972383022,0.125234887004,0.683934509754,0.179366961122
-0.52083170414,-0.0746579542756,0.997521042824,-0.695794761181,0.125913739204,0.683815181255,0.180034354329
-0.521516263485,-0.0740854367614,0.997387349606,-0.696177661419,0.124925501645,0.684125602245,0.178052261472
-0.521765351295,-0.0741590708494,0.996961534023,-0.696116864681,0.122647285461,0.685146510601,0.175935506821
-0.522240936756,-0.0738989859819,0.996719300747,-0.696765124798,0.123356156051,0.684176623821,0.176647022367
-0.523416638374,-0.0725341439247,0.996731162071,-0.697252988815,0.124729506671,0.6838966012,0.174832344055
-0.52331161499,-0.073279440403,0.996047616005,-0.696865260601,0.120642751455,0.685732126236,0.172033980489
-0.523809850216,-0.0729728192091,0.995722532272,-0.697040975094,0.119974710047,0.685954332352,0.170899659395
-0.524218201637,-0.0728365182877,0.995626330376,-0.697196662426,0.118731588125,0.686251401901,0.169937551022
-0.524819731712,-0.0724125877023,0.99505341053,-0.697128772736,0.118957944214,0.686388373375,0.169503420591
-0.525398612022,-0.0721271261573,0.994950950146,-0.697278678417,0.119302324951,0.685918688774,0.170543178916
-0.526595532894,-0.0708704292774,0.994904756546,-0.699126422405,0.117893531919,0.685592055321,0.165187552571
-0.526466071606,-0.071507923305,0.994097113609,-0.698109030724,0.116878278553,0.686510801315,0.166391700506
-0.527216792107,-0.070576697588,0.993687033653,-0.698897778988,0.117175795138,0.686065256596,0.164700523019
-0.528319239616,-0.069573789835,0.993559896946,-0.70006030798,0.116357862949,0.685743331909,0.161655753851
-0.528513073921,-0.0693063437939,0.99323952198,-0.699879109859,0.115388274193,0.686440229416,0.160170853138
-0.529242515564,-0.0686933398247,0.992835283279,-0.700801849365,0.114645525813,0.686002671719,0.158535256982
-0.529197275639,-0.0692143663764,0.992141246796,-0.699856877327,0.113832250237,0.686868906021,0.159542664886
-0.529742121696,-0.0687698796391,0.991861402988,-0.700313568115,0.112819500268,0.68690174818,0.158109977841
-0.530917465687,-0.0670220777392,0.992168545723,-0.702095627785,0.112816102803,0.685986995697,0.154129967093
-0.531670212746,-0.0666024833918,0.991816699505,-0.703262150288,0.112164743245,0.68504178524,0.153489813209
-0.532153487206,-0.0661222413182,0.991594195366,-0.703151464462,0.110997982323,0.685765743256,0.151601478457
-0.532076716423,-0.0664581209421,0.990905761719,-0.702750742435,0.106570251286,0.687398850918,0.149221301079
-0.532569050789,-0.0657637044787,0.990703821182,-0.70292198658,0.106854364276,0.687443614006,0.148000955582
-0.533351480961,-0.0648451969028,0.99055480957,-0.704167068005,0.10827870667,0.685860157013,0.148392722011
-0.534359395504,-0.0636783987284,0.990284085274,-0.704893350601,0.106948547065,0.686132192612,0.14460285008
-0.534272313118,-0.0639905482531,0.989715456963,-0.704476058483,0.104046739638,0.6871342659,0.143993839622
-0.535427033901,-0.0624595955014,0.989600777626,-0.706564366817,0.106304690242,0.684707820415,0.14367043972
-0.535528361797,-0.0623200461268,0.989028096199,-0.706413686275,0.105065234005,0.685296297073,0.142513051629
-0.536252081394,-0.0611791759729,0.988941073418,-0.706837177277,0.104982666671,0.685331285,0.140288427472
-0.536916136742,-0.0602778196335,0.988617241383,-0.707635164261,0.103248141706,0.685407340527,0.137146666646
-0.536715209484,-0.0606041103601,0.987911164761,-0.707472681999,0.101969450712,0.685364067554,0.13914334774
-0.537091314793,-0.0598041042686,0.987619519234,-0.70757740736,0.100886799395,0.685875415802,0.136861756444
-0.538331389427,-0.0582299008965,0.987573862076,-0.709286689758,0.0992418751121,0.685288190842,0.132074266672
-0.538451015949,-0.0580138340592,0.986874997616,-0.709205210209,0.0990623012185,0.685299217701,0.132587820292
-0.538645148277,-0.0575771704316,0.98635584116,-0.709149360657,0.0991254970431,0.685355842113,0.132547393441
-0.539388775826,-0.0562908649445,0.986416459084,-0.710141062737,0.0995467379689,0.684563279152,0.13100899756
-0.540152907372,-0.0553433671594,0.985738277435,-0.711045563221,0.0975928083062,0.68436563015,0.128583267331
-0.540085375309,-0.0550574809313,0.985271394253,-0.710654318333,0.097853153944,0.684646427631,0.129052966833
-0.54046523571,-0.0541577413678,0.984842061996,-0.711298644543,0.0966419875622,0.684501469135,0.127170756459
-0.540863215923,-0.053325779736,0.984400331974,-0.711804687977,0.0940698683262,0.684875667095,0.124218545854
-0.542224526405,-0.051459133625,0.984294652939,-0.713961064816,0.0965891256928,0.682202219963,0.12462041527
-0.542241871357,-0.0509802475572,0.983751654625,-0.713585436344,0.0958380103111,0.682934641838,0.123333781958
-0.542353510857,-0.0502877682447,0.983079314232,-0.713402569294,0.0938915684819,0.683781206608,0.121179483831
-0.542872846127,-0.0494208484888,0.982601523399,-0.713958382607,0.0927024334669,0.683622658253,0.119707845151
-0.543625473976,-0.0479763299227,0.98219025135,-0.715117096901,0.0919831544161,0.682878315449,0.117574855685
-0.544377088547,-0.0466733276844,0.981739163399,-0.716364324093,0.0922104269266,0.681775987148,0.116193771362
-0.544554769993,-0.0457222536206,0.981290698051,-0.715845644474,0.0909105911851,0.682840645313,0.114144168794
-0.544685125351,-0.0449429303408,0.980649828911,-0.715745091438,0.0897572413087,0.683240234852,0.113292969763
-0.545284152031,-0.0438372641802,0.980450868607,-0.716087698936,0.0894310101867,0.683094859123,0.112258017063
-0.546280503273,-0.0421731099486,0.980160593987,-0.717771589756,0.0883634388447,0.681868195534,0.109780348837
-0.546575129032,-0.0409749299288,0.979608774185,-0.718679904938,0.0872601792216,0.681360781193,0.107853792608
-0.546589910984,-0.0401399955153,0.979028761387,-0.720793843269,0.0812881961465,0.680562794209,0.103358112276
-0.546999037266,-0.0388866439462,0.978589177132,-0.721539199352,0.0797617584467,0.680176198483,0.101880721748
-0.547616660595,-0.0374687388539,0.978041052818,-0.721863865852,0.0791482105851,0.680239617825,0.0996108204126
-0.548354804516,-0.0359423235059,0.977668702602,-0.722809195518,0.0784630179405,0.679607093334,0.0975950732827
-0.548566639423,-0.0351346731186,0.977132618427,-0.723149657249,0.0762111097574,0.679636955261,0.0966455414891
-0.548967242241,-0.0335889607668,0.976695775986,-0.723224878311,0.0752931237221,0.679874062538,0.0951210260391
-0.550137102604,-0.0312605947256,0.976504206657,-0.725171625614,0.0758188962936,0.678062558174,0.0927845165133
-0.550108671188,-0.0306141227484,0.975701153278,-0.724451065063,0.0731176286936,0.679327130318,0.091319270432
-0.551112532616,-0.0285342857242,0.975364327431,-0.725740253925,0.0717759132385,0.678589642048,0.0875529497862
-0.551055967808,-0.0277459472418,0.974893450737,-0.725781023502,0.0692104250193,0.678832113743,0.0874010175467
-0.551823496819,-0.0256667807698,0.974457979202,-0.726098299026,0.0688798874617,0.679026484489,0.0834257975221
-0.552710294724,-0.0239933952689,0.973951101303,-0.727493584156,0.0679286494851,0.677700221539,0.0828315168619
-0.552577853203,-0.0228176563978,0.973438978195,-0.72678232193,0.066563360393,0.678702414036,0.0819743871689
-0.553249061108,-0.0208731889725,0.972919225693,-0.72810292244,0.0678860098124,0.677265644073,0.0810482874513
-0.553423881531,-0.0195503458381,0.972446620464,-0.727855980396,0.0624086894095,0.678598403931,0.0763870403171
-0.553808510303,-0.0177830755711,0.971876621246,-0.728662073612,0.0614412799478,0.678021728992,0.0745862945914
-0.554889798164,-0.0155916884542,0.971519351006,-0.729753613472,0.0621789619327,0.676963865757,0.0728945583105
-0.554717898369,-0.0143772363663,0.971111297607,-0.72928494215,0.0581437386572,0.678121566772,0.0701008141041
-0.555082380772,-0.0124777927995,0.970693588257,-0.729863107204,0.057153955102,0.677852928638,0.0674447566271
-0.555422127247,-0.0107533931732,0.970378100872,-0.730042219162,0.0591443032026,0.677338600159,0.0689394846559
-0.555921256542,-0.0089234188199,0.969910919666,-0.730974316597,0.054741948843,0.677133619785,0.0645756721497
-0.556536972523,-0.00678484886885,0.969820201397,-0.731339633465,0.0563255548477,0.67671340704,0.063474200666
-0.557232439518,-0.00480676442385,0.969851016998,-0.732575893402,0.0542287603021,0.675708830357,0.0617198683321
-0.557084798813,-0.00318444520235,0.968970179558,-0.731830179691,0.0530630797148,0.676744878292,0.0602100230753
-0.557719945908,-0.00101030617952,0.96917283535,-0.732670962811,0.0512555129826,0.676291406155,0.0565343312919
-0.557700693607,0.000729598104954,0.96880453825,-0.732246220112,0.0507349893451,0.676854729652,0.0557591207325
-0.55831849575,0.00312428921461,0.968657314777,-0.732817769051,0.0516769476235,0.676253020763,0.0546776652336
-0.559708118439,0.00521503388882,0.968432068825,-0.734829843044,0.0522406473756,0.674083292484,0.0539240799844
-0.559084653854,0.00705674290657,0.96814852953,-0.733759939671,0.0474205315113,0.675995111465,0.048768248409
-0.559616744518,0.00920543074608,0.967668235302,-0.735125482082,0.049102652818,0.674287855625,0.0501545965672
-0.559693813324,0.0116274803877,0.967460691929,-0.734496176243,0.0499833188951,0.675033688545,0.0484434105456
-0.559634923935,0.0134628266096,0.966995418072,-0.734301149845,0.0484182462096,0.675451040268,0.0471534915268
-0.55959802866,0.0158042088151,0.966911911964,-0.734144568443,0.046272598207,0.676017343998,0.0434876009822
-0.560036182404,0.0179603472352,0.966597914696,-0.734320402145,0.0466124974191,0.675826311111,0.0431234799325
-0.56006705761,0.0203166529536,0.96621710062,-0.734402000904,0.0465787425637,0.675820231438,0.0418457388878
-0.559961497784,0.0224735066295,0.966056108475,-0.73436152935,0.0474454462528,0.675752043724,0.0426775179803
-0.559853374958,0.0248304456472,0.965668559074,-0.734306871891,0.0455155149102,0.676130652428,0.0396134369075
-0.559759259224,0.0272075608373,0.965063214302,-0.734894573689,0.047398429364,0.675264656544,0.041241966188
-0.559550464153,0.0293612703681,0.965248644352,-0.733534932137,0.0477882362902,0.676775872707,0.0402165465057
-0.559479355812,0.0316792950034,0.964991807938,-0.73360055685,0.0472163632512,0.676764845848,0.0398758612573
-0.559306323528,0.0339077711105,0.964778184891,-0.733265161514,0.0467068962753,0.677219092846,0.038922354579
-0.558967471123,0.0364676862955,0.964508652687,-0.733164966106,0.0472249090672,0.677304625511,0.0386986620724
-0.558762133121,0.0388251617551,0.964267373085,-0.732625722885,0.0465862192214,0.678008913994,0.0373250320554
-0.558558762074,0.0410224124789,0.964006125927,-0.732769072056,0.0485756210983,0.677594721317,0.0394383259118
-0.558309495449,0.0432821288705,0.963812351227,-0.73183131218,0.0453324429691,0.679016828537,0.0361119396985
-0.558011651039,0.0457245111465,0.963299453259,-0.73191845417,0.0484128408134,0.678551197052,0.0389865413308
-0.557590246201,0.047916688025,0.963437736034,-0.731251180172,0.0470873489976,0.679405987263,0.0382354147732
-0.557313740253,0.0503147765994,0.963016748428,-0.730544865131,0.0472840480506,0.680189371109,0.0375615619123
-0.557025432587,0.0525901392102,0.963013887405,-0.730202436447,0.0468167848885,0.680607259274,0.0372342243791
-0.556745946407,0.0549245774746,0.962902843952,-0.729788839817,0.0471781082451,0.68106931448,0.0364305227995
-0.556322157383,0.0574024766684,0.962663412094,-0.729638159275,0.0473366491497,0.681229889393,0.0362393148243
-0.556045770645,0.0597513020039,0.96249294281,-0.729233682156,0.0475423708558,0.681640028954,0.0363982617855
-0.556131124496,0.0619799420238,0.962367653847,-0.729105591774,0.0454999022186,0.681994259357,0.034911070019
-0.555418729782,0.0639210790396,0.962165355682,-0.729016661644,0.047135822475,0.681820273399,0.0378684587777
-0.555426597595,0.0663698092103,0.961700618267,-0.728272438049,0.046339917928,0.682826817036,0.0349218770862
-0.555186927319,0.0685184597969,0.961742818356,-0.728910148144,0.0471054054797,0.681929588318,0.0379879809916
-0.55501139164,0.071276254952,0.961227893829,-0.727883756161,0.0485309436917,0.683023750782,0.0361738465726
-0.554942011833,0.0735506042838,0.96104991436,-0.727565169334,0.046940330416,0.683581352234,0.0340876840055
-0.555436909199,0.0757517516613,0.960908472538,-0.728531777859,0.0461732968688,0.682633936405,0.0334738940001
-0.554465532303,0.0780774727464,0.960626959801,-0.727816343307,0.0472001694143,0.68326151371,0.0347747057676
-0.553908705711,0.0797341540456,0.960438370705,-0.727106750011,0.0444751866162,0.684242784977,0.0339081808925
-0.553804278374,0.0819834470749,0.959928154945,-0.726996779442,0.0441208593547,0.684406459332,0.033423203975
-0.553693473339,0.0842485278845,0.959666252136,-0.726461410522,0.0444266200066,0.684968650341,0.0331373400986
-0.55360609293,0.0864123776555,0.959439277649,-0.727148652077,0.0441643223166,0.684214651585,0.0339827910066
-0.553518593311,0.0886970162392,0.959158301353,-0.727024316788,0.0449114851654,0.68430262804,0.0338914506137
-0.553994238377,0.0913950055838,0.959102272987,-0.727769553661,0.0456371977925,0.683514773846,0.0328093804419
-0.554015696049,0.0936181992292,0.958692669868,-0.726453244686,0.0471505597234,0.684803783894,0.0329607725143
-0.553230345249,0.0950416475534,0.958422005177,-0.726098001003,0.0410660132766,0.68580532074,0.0276848245412
-0.553184092045,0.0972111448646,0.957982778549,-0.726348698139,0.041833948344,0.685458123684,0.0285447891802
-0.553846418858,0.0997286587954,0.958349525928,-0.727064371109,0.0413039959967,0.684843420982,0.0257085822523
-0.553226292133,0.101452708244,0.957448959351,-0.72666567564,0.043397616595,0.685034692287,0.0283045824617
-0.553227245808,0.103554874659,0.957078814507,-0.72664475441,0.0431621111929,0.685101032257,0.0275880247355
-0.553251385689,0.105359584093,0.95687186718,-0.724454700947,0.0451916828752,0.687226712704,0.0290314164013
-0.553229510784,0.107427023351,0.95630466938,-0.723947286606,0.043315012008,0.687995910645,0.0261881537735
-0.553187847137,0.109162300825,0.95654129982,-0.725552022457,0.04120958969,0.686502158642,0.0243065711111
-0.5532797575,0.111309081316,0.955599248409,-0.726247429848,0.0427043437958,0.685638606548,0.025311043486
-0.553378641605,0.113186493516,0.955349326134,-0.726339161396,0.0427142977715,0.685534358025,0.0254858359694
-0.553514719009,0.115024209023,0.954981327057,-0.726157188416,0.0417610295117,0.68585896492,0.0234403386712
-0.553590238094,0.117003671825,0.954636335373,-0.725397408009,0.0395108163357,0.686914741993,0.0196355842054
-0.55365395546,0.11877296865,0.954327106476,-0.725689589977,0.0363442115486,0.686848402023,0.0171172302216
-0.553777515888,0.120619356632,0.953830897808,-0.726085603237,0.0368649624288,0.686389684677,0.0176048781723
-0.554039955139,0.122707761824,0.953375697136,-0.726083099842,0.0362748987973,0.686472117901,0.0156109351665
-0.554136455059,0.124211668968,0.953206002712,-0.725076675415,0.0346746630967,0.687673032284,0.012939048931
-0.554262399673,0.126106768847,0.952613830566,-0.725130319595,0.0417866483331,0.687138199806,0.0167660210282
-0.554646134377,0.127830386162,0.952421545982,-0.72497266531,0.0413229726255,0.687342226505,0.0163692068309
-0.554578781128,0.129597216845,0.952031970024,-0.724797844887,0.034914996475,0.6879966259,0.010474245064
-0.554689526558,0.131383538246,0.951675057411,-0.724302887917,0.034994520247,0.68853020668,0.00931847374886
-0.554816186428,0.133079558611,0.951330423355,-0.724753916264,0.0365808829665,0.687951505184,0.0107926661149
-0.554849207401,0.134734332561,0.950883626938,-0.724299252033,0.0367843061686,0.688429176807,0.0101368399337
-0.554993450642,0.136318817735,0.950522780418,-0.72403973341,0.0363505892456,0.688739657402,0.00911149941385
-0.555244505405,0.138250887394,0.950084626675,-0.723284006119,0.0356110855937,0.689605236053,0.00606062216684
-0.555457651615,0.139883115888,0.949717998505,-0.722499668598,0.038494836539,0.690252363682,0.00800968986005
-0.555634140968,0.141560778022,0.949199020863,-0.722262501717,0.0386023819447,0.690501213074,0.00741135049611
-0.55567497015,0.143080756068,0.948889315128,-0.722523093224,0.0360422618687,0.690393686295,0.00426387460902
-0.555988550186,0.144703090191,0.948543667793,-0.722574770451,0.035957057029,0.690349042416,0.00333318021148
-0.556195676327,0.146290972829,0.948224961758,-0.72247928381,0.0361940003932,0.690437912941,0.00303776864894
-0.556429922581,0.147873461246,0.947761237621,-0.722309112549,0.035655181855,0.690647542477,0.00206676474772
-0.556740641594,0.149504438043,0.947424709797,-0.722601175308,0.0356552824378,0.690343558788,0.00138403114397
-0.557048082352,0.151223361492,0.947055757046,-0.722444832325,0.035684555769,0.690506994724,0.000458026566776
-0.557422459126,0.152717515826,0.94668507576,-0.723068356514,0.0353205725551,0.689871430397,0.00147524429485
-0.557721972466,0.154419973493,0.946179151535,-0.722780227661,0.0349438972771,0.690193474293,-0.000752084190026
-0.558037936687,0.155963808298,0.946006298065,-0.723393797874,0.0357493832707,0.689509510994,0.000498484587297
-0.558402895927,0.157714769244,0.945771872997,-0.723059773445,0.034525167197,0.68992036581,-0.0016242263373
-0.558798134327,0.159194886684,0.945423483849,-0.723238527775,0.0340567976236,0.689756274223,-0.00158622104209
-0.559064924717,0.160806357861,0.945068657398,-0.723260521889,0.0333841182292,0.689763307571,-0.00254245870747
-0.559444606304,0.162465780973,0.944829881191,-0.723157227039,0.0325984284282,0.689905047417,-0.00348221277818
-0.559948265553,0.164295554161,0.944598734379,-0.723710954189,0.0327431224287,0.689317286015,-0.00348070147447
-0.560383379459,0.165846914053,0.94439470768,-0.723698556423,0.0319616086781,0.689364016056,-0.00401356676593
-0.560814201832,0.167583882809,0.944201171398,-0.723903119564,0.0314357429743,0.689168870449,-0.00472856126726
-0.561134934425,0.169215261936,0.943984568119,-0.724563539028,0.031971655786,0.688458502293,-0.00321638397872
-0.561403155327,0.170925498009,0.943822801113,-0.723625540733,0.0302982255816,0.689503788948,-0.00570452259853
-0.561821937561,0.172418445349,0.943719625473,-0.724432110786,0.0309284329414,0.688641428947,-0.00381161062978
-0.562166631222,0.174102813005,0.94340133667,-0.724350810051,0.0307130273432,0.688737332821,-0.00367298000492
-0.562490582466,0.175525903702,0.943507730961,-0.721472144127,0.0349125079811,0.691562235355,-0.000892298237886
-0.562797784805,0.177145421505,0.943419635296,-0.721342802048,0.0345616564155,0.691714704037,-0.000942199025303
-0.563112080097,0.178728982806,0.943412542343,-0.721218824387,0.0344942733645,0.691847920418,-0.000460504525108
-0.563310623169,0.180384725332,0.943307340145,-0.72266048193,0.0278364121914,0.690618515015,-0.00576341990381
-0.563528060913,0.181922972202,0.943268537521,-0.723012328148,0.0289393290877,0.690220355988,-0.00341531424783
-0.563816547394,0.183364868164,0.943168878555,-0.721995294094,0.027705071494,0.691326022148,-0.00485290586948
-0.564105153084,0.184812113643,0.943097233772,-0.719696819782,0.0330871865153,0.693499445915,-0.000549823045731
-0.564344704151,0.186274945736,0.943109273911,-0.719860553741,0.0344652794302,0.693259656429,0.00196125614457
-0.564617931843,0.187696903944,0.943076014519,-0.720685660839,0.0268537700176,0.692726194859,-0.00462276814505
-0.564768254757,0.189089760184,0.943056046963,-0.720389783382,0.0263991151005,0.693053781986,-0.00421372428536
-0.565118014812,0.19061127305,0.942771792412,-0.719837844372,0.026904957369,0.693607270718,-0.00432754214853
-0.56530725956,0.191792890429,0.943089663982,-0.717921078205,0.0340089052916,0.695286989212,0.00293896347284
-0.565970420837,0.193411514163,0.942821979523,-0.71736395359,0.033207628876,0.695906400681,0.000716872687917
-0.565769374371,0.194575473666,0.943217515945,-0.718764543533,0.027581885457,0.694703519344,-0.00195844983682
-0.566366136074,0.195947542787,0.943285167217,-0.718119740486,0.0268377512693,0.695393383503,-0.00345676532015
-0.566697478294,0.197380438447,0.943199217319,-0.718024075031,0.0267916265875,0.695494890213,-0.0032523649279
-0.566990792751,0.19869068265,0.9432477355,-0.717319905758,0.0273235682398,0.696201443672,-0.00300094881095
-0.566949665546,0.199553355575,0.943540453911,-0.717245817184,0.0278217382729,0.696264326572,-0.000523841998074
-0.567310988903,0.200782820582,0.943657875061,-0.716091871262,0.0257422570139,0.697523295879,-0.00336250686087
-0.56769579649,0.202025100589,0.94362449646,-0.715962171555,0.0260741952807,0.697646737099,-0.00272228266113
-0.568005859852,0.203073382378,0.943801224232,-0.715753614902,0.0252426955849,0.697889983654,-0.00303747947328
-0.568458676338,0.20418895781,0.943879008293,-0.715644419193,0.0251049045473,0.698006689548,-0.00305453548208
-0.568895459175,0.205228477716,0.943986654282,-0.715246915817,0.0246355906129,0.698428809643,-0.0034951812122
-0.569401264191,0.206265121698,0.944060206413,-0.715154528618,0.0243128426373,0.698534250259,-0.00358014716767
-0.570129334927,0.207469031215,0.944258928299,-0.715494334698,0.0231940355152,0.69821614027,-0.00490469206125
-0.570287942886,0.208234757185,0.944250583649,-0.715037584305,0.0222128890455,0.698713600636,-0.00520942220464
-0.571163952351,0.209427833557,0.944434285164,-0.715769171715,0.0218035764992,0.69797372818,-0.00565184373409
-0.571359276772,0.210251361132,0.944425344467,-0.715821027756,0.0228902213275,0.697898685932,-0.00371657311916
-0.571860969067,0.211144432425,0.944493234158,-0.715283632278,0.0207433141768,0.698499917984,-0.00607321364805
-0.572308778763,0.211958169937,0.944593906403,-0.715037763119,0.0202646926045,0.698761880398,-0.00648718141019
-0.572666823864,0.212864279747,0.944701194763,-0.714770197868,0.0196716636419,0.699046969414,-0.00707057863474
-0.57303404808,0.213744521141,0.944733381271,-0.714828789234,0.0194576624781,0.698992967606,-0.00707491580397
-0.573525607586,0.214296251535,0.944729566574,-0.714604854584,0.0195430759341,0.699227333069,-0.00624478422105
-0.573857724667,0.215171426535,0.944590687752,-0.715487957001,0.0206908006221,0.698303580284,-0.004581481684
-0.574177086353,0.215853512287,0.944844603539,-0.714898884296,0.0206798762083,0.698907077312,-0.00454032002017
-0.574512779713,0.2165504843,0.944851875305,-0.714183628559,0.0190222784877,0.699671149254,-0.00634746206924
-0.574935317039,0.217390984297,0.944680631161,-0.714055299759,0.0184199810028,0.699806928635,-0.00749152386561
-0.575229525566,0.21785415709,0.944935023785,-0.713525414467,0.0180896464735,0.700354278088,-0.00762742059305
-0.575539529324,0.218407481909,0.944900929928,-0.71335875988,0.017717640847,0.700533628464,-0.00762020004913
-0.57592946291,0.219045370817,0.94456756115,-0.711575806141,0.0237337071449,0.702200889587,-0.00321924756281
-0.576206147671,0.219492167234,0.944786906242,-0.711450755596,0.0229417327791,0.702351748943,-0.00368569791317
-0.576515674591,0.220030844212,0.944714307785,-0.71122276783,0.022219909355,0.702600717545,-0.00453424360603
-0.576893150806,0.220615968108,0.94469088316,-0.712849259377,0.0160250514746,0.701069056988,-0.00955764949322
-0.577280700207,0.221198797226,0.944740116596,-0.712771654129,0.0202309843153,0.701064825058,-0.00744556682184
-0.577642738819,0.22157767415,0.944831609726,-0.711150527,0.0200371779501,0.70271730423,-0.00720795197412
-0.577968001366,0.222109973431,0.944639027119,-0.712235212326,0.0166410878301,0.701672136784,-0.0100138299167
-0.578276216984,0.22253985703,0.94465470314,-0.712143242359,0.0164531040937,0.701764047146,-0.0104145333171
-0.578623831272,0.222764134407,0.944593250751,-0.712142407894,0.0163888987154,0.701768815517,-0.0102609731257
-0.57904535532,0.223288476467,0.944605350494,-0.712141752243,0.0156095558777,0.701760351658,-0.0119546810165
-0.579299151897,0.223665565252,0.944556713104,-0.7119384408,0.0156599581242,0.701957702637,-0.0124006057158
-0.57956379652,0.223957076669,0.944557905197,-0.711850941181,0.0156068215147,0.702042579651,-0.0126849710941
-0.579788863659,0.224297180772,0.944624006748,-0.711737990379,0.0155683513731,0.702150523663,-0.0130958035588
-0.580003976822,0.224623069167,0.944488763809,-0.711567997932,0.0157076641917,0.702313363552,-0.0134247476235
-0.580221474171,0.224937498569,0.944501280785,-0.71151638031,0.0157710220665,0.702357769012,-0.0137625886127
-0.580437660217,0.225306376815,0.944283008575,-0.711416125298,0.0155018595979,0.70244550705,-0.0147374747321
-0.580617129803,0.225575253367,0.944288492203,-0.71127808094,0.0155265172943,0.702575385571,-0.0151693224907
-0.580759584904,0.225824043155,0.944374442101,-0.711057782173,0.0156286358833,0.70278686285,-0.0155935492367
-0.580969631672,0.22601352632,0.944564342499,-0.711047291756,0.0156128378585,0.702793061733,-0.0158117376268
-0.581074714661,0.226250320673,0.944587111473,-0.711024105549,0.0155283948407,0.702807784081,-0.0162732284516
-0.581275343895,0.226386010647,0.944558858871,-0.712020993233,0.0162783116102,0.701816678047,-0.014643390663
-0.581494808197,0.226598531008,0.944509923458,-0.712697982788,0.0147066321224,0.701124489307,-0.0164267420769
-0.581663131714,0.226779669523,0.944496750832,-0.712297320366,0.0151042472571,0.701522052288,-0.0164699759334
-0.581805944443,0.226970776916,0.944457173347,-0.712778747082,0.0147133469582,0.701036274433,-0.0166786406189
-0.58195233345,0.227089986205,0.944443643093,-0.710241854191,0.0214531645179,0.70353192091,-0.0118018370122
-0.582022845745,0.227307155728,0.9444257617,-0.710666120052,0.0209938827902,0.703114628792,-0.0119492243975
-0.582088530064,0.227629154921,0.944434523582,-0.711850583553,0.0194570943713,0.701916754246,-0.0142500465736
-0.582113087177,0.227886661887,0.944448590279,-0.712575078011,0.0149159673601,0.701239466667,-0.0166530013084
-0.58213531971,0.22812384367,0.944449782372,-0.711206555367,0.0140288444236,0.702599227428,-0.0185178667307
-0.582123696804,0.228347182274,0.944395542145,-0.71113628149,0.0139204179868,0.702673435211,-0.0184828452766
-0.582096040249,0.228549033403,0.944352447987,-0.711191296577,0.0140596441925,0.702627062798,-0.0180084239691
-0.582033336163,0.228719875216,0.944314956665,-0.711078882217,0.0137711809948,0.702748775482,-0.01792784594
-0.581947445869,0.229030922055,0.944310665131,-0.711858689785,0.0151871358976,0.701979517937,-0.0158532634377
-0.581865489483,0.229243040085,0.944259047508,-0.711856544018,0.0154880769551,0.701984763145,-0.0154224103317
-0.581817388535,0.229428768158,0.944164276123,-0.711915254593,0.0157065819949,0.701931476593,-0.01490258798
-0.581749618053,0.229619950056,0.944116711617,-0.711416244507,0.0146421659738,0.702432692051,-0.0161536186934
-0.581670582294,0.229837983847,0.94407248497,-0.711340844631,0.0149662783369,0.702510178089,-0.0158060304821
-0.581603944302,0.230029374361,0.944012284279,-0.711526751518,0.0147925214842,0.702329695225,-0.0156215708703
-0.581498205662,0.230234578252,0.943984687328,-0.711701512337,0.0147698996589,0.702159285545,-0.0153303714469
-0.581351101398,0.230390653014,0.943890750408,-0.711803853512,0.0150575749576,0.702064633369,-0.014623971656
-0.581210911274,0.230595469475,0.943852901459,-0.712069928646,0.0152017790824,0.701803505421,-0.014044794254
-0.581085801125,0.230709329247,0.943842709064,-0.710169434547,0.0215880777687,0.703643977642,-0.00885779689997
-0.580907285213,0.230873733759,0.943961143494,-0.710275709629,0.021476380527,0.703542232513,-0.00869108270854
-0.580731809139,0.231074571609,0.943986535072,-0.710806369781,0.0217251516879,0.703006386757,-0.00803091935813
-0.580537438393,0.231205776334,0.944027841091,-0.71109098196,0.0221459791064,0.702712476254,-0.00738413119689
-0.580340206623,0.231129154563,0.944021046162,-0.713688254356,0.0225177723914,0.700077414513,-0.0057996660471
-0.580193459988,0.231212556362,0.944059610367,-0.713705360889,0.0242545939982,0.70001834631,-0.00328648579307
-0.57994478941,0.231368869543,0.944119811058,-0.712102651596,0.0234378986061,0.701671302319,-0.004213352222
-0.579718947411,0.231793612242,0.944415748119,-0.711930751801,0.0235346760601,0.701835513115,-0.0052779847756
-0.57947319746,0.231928646564,0.944496750832,-0.71260535717,0.0234724394977,0.701157152653,-0.00463555194438
-0.579108655453,0.23207488656,0.944613158703,-0.715528547764,0.0224132370204,0.698210179806,-0.00437268335372
-0.579119980335,0.232409954071,0.944587469101,-0.715817928314,0.0237503852695,0.697869241238,-0.00438494514674
-0.578737258911,0.232566475868,0.944751441479,-0.716084122658,0.0240602046251,0.697588324547,-0.00387217430398
-0.578392803669,0.232770338655,0.944857358932,-0.716026306152,0.0231149885803,0.697674274445,-0.00477373506874
-0.578057289124,0.23286101222,0.944944798946,-0.716486990452,0.0252359062433,0.697137475014,-0.00297590205446
-0.577740907669,0.232925578952,0.945022404194,-0.714649379253,0.0277615971863,0.698931276798,-0.000754469016101
-0.577014744282,0.232876628637,0.945058405399,-0.714402794838,0.0280153602362,0.699173688889,-1.44078067024e-05
-0.576567053795,0.232934728265,0.945276141167,-0.715266644955,0.0300651304424,0.698197424412,0.00314941280521
-0.576183021069,0.233068555593,0.945231854916,-0.715942144394,0.0308970063925,0.697454690933,0.00541075831279
-0.57585901022,0.233181849122,0.945296049118,-0.716125845909,0.0318099558353,0.697218060493,0.00624586408958
-0.575413823128,0.23331451416,0.945344924927,-0.716313004494,0.0329216010869,0.696974039078,0.00624079024419
-0.575015366077,0.233463972807,0.945470869541,-0.716273248196,0.0314240045846,0.697096765041,0.0046095228754
-0.574592411518,0.233530759811,0.945700466633,-0.716477811337,0.0324002988636,0.696833431721,0.00575878703967
-0.574533522129,0.233769491315,0.945855140686,-0.715278029442,0.0342371687293,0.697948873043,0.00851492397487
-0.57375639677,0.2336550951,0.945802628994,-0.716887414455,0.0383997894824,0.696050405502,0.0105826836079
-0.573392271996,0.233822271228,0.945927560329,-0.718962848186,0.0323870889843,0.694267511368,0.00601869123057
-0.573049902916,0.233918532729,0.946025848389,-0.719298005104,0.03322834149,0.693869292736,0.0071938415058
-0.572905063629,0.234259665012,0.946156263351,-0.720003604889,0.0340429022908,0.693096220493,0.00731205614284
-0.572448074818,0.234392791986,0.946306109428,-0.720389842987,0.0350470878184,0.692630171776,0.00858962163329
-0.572040975094,0.234473079443,0.946381866932,-0.720668911934,0.0356772281229,0.692297041416,0.00940032396466
-0.571627438068,0.234490066767,0.946532309055,-0.720657289028,0.0345896817744,0.692360758781,0.00965922605246
-0.571231245995,0.234567791224,0.946572899818,-0.721281528473,0.0369715020061,0.69156140089,0.0113640530035
-0.57081413269,0.23459777236,0.946677267551,-0.721635222435,0.0376912653446,0.691134929657,0.0124373342842
-0.570440948009,0.234652072191,0.946799993515,-0.721963644028,0.03820412606,0.690746545792,0.0133467391133
-0.570048451424,0.234757527709,0.946829915047,-0.72202116251,0.038668397814,0.690646827221,0.0140465488657
-0.569623470306,0.23475779593,0.946953058243,-0.722442746162,0.0388607010245,0.690157830715,0.0157654713839
-0.569232642651,0.234773442149,0.947151660919,-0.722891032696,0.0405372418463,0.689566791058,0.0168133452535
-0.568822324276,0.234828993678,0.947354912758,-0.723083436489,0.0409979820251,0.689323306084,0.0174079015851
-0.568471550941,0.234881579876,0.947396039963,-0.723582565784,0.0419690199196,0.688703596592,0.0188248604536
-0.567670583725,0.23479861021,0.947550654411,-0.723225474358,0.0424008630216,0.689022123814,0.0198867116123
-0.567285180092,0.23468093574,0.947621703148,-0.724099516869,0.0420341193676,0.688065171242,0.0218955948949
-0.566912591457,0.234731391072,0.947755217552,-0.724391460419,0.0414342954755,0.687789022923,0.0220603309572
-0.566451966763,0.234750241041,0.947888314724,-0.724601626396,0.0431097745895,0.68742954731,0.0231221038848
-0.566311836243,0.234893277287,0.948115825653,-0.725228905678,0.0430376306176,0.686744987965,0.0239208564162
-0.565924346447,0.234887465835,0.94824898243,-0.725396811962,0.0443790219724,0.686459124088,0.0245726685971
-0.565548121929,0.23484249413,0.94838988781,-0.725865781307,0.0469433814287,0.685688853264,0.0273120179772
-0.564794123173,0.234675228596,0.948462128639,-0.725607693195,0.0465306080878,0.685940504074,0.0285299494863
-0.564698159695,0.234795823693,0.948596537113,-0.726158261299,0.0477670617402,0.685215950012,0.0298635754734
-0.564320445061,0.234882280231,0.948757827282,-0.725789606571,0.0475452616811,0.68565762043,0.0290276464075
-0.563574075699,0.234693512321,0.948893666267,-0.725540161133,0.0484125912189,0.685809850693,0.0302099194378
-0.563184261322,0.234677687287,0.949077010155,-0.726352632046,0.0501635819674,0.684697508812,0.032939273864
-0.563119649887,0.234797656536,0.949266433716,-0.726397752762,0.0498772487044,0.684712171555,0.0320604816079
-0.562781751156,0.234814941883,0.949442028999,-0.727392733097,0.0527313612401,0.683265686035,0.0356006622314
-0.562358498573,0.234866917133,0.949625492096,-0.725366711617,0.0548535995185,0.685126900673,0.0378858186305
-0.561934709549,0.234743565321,0.950141906738,-0.727909743786,0.0521952547133,0.682666838169,0.0372704640031
-0.56162494421,0.234866946936,0.949928998947,-0.728223621845,0.0531600862741,0.682206809521,0.0381862297654
-0.561208069324,0.234901502728,0.950096666813,-0.728299856186,0.0554929599166,0.681824266911,0.0401944369078
-0.560862004757,0.234903812408,0.950299084187,-0.728551626205,0.0548942685127,0.681603133678,0.0402045026422
-0.560498297215,0.23508810997,0.950469851494,-0.728703558445,0.0557375103235,0.681324481964,0.0410060398281
-0.560166239738,0.23499417305,0.950573384762,-0.729021251202,0.0573750250041,0.680726826191,0.0429784655571
-0.559775114059,0.235129147768,0.950772345066,-0.728481352329,0.0567540638149,0.681424319744,0.0418891347945
-0.559402883053,0.23515959084,0.950937211514,-0.72861790657,0.0563343092799,0.681264877319,0.0426681414247
-0.559109508991,0.235171794891,0.951121211052,-0.728979468346,0.0570477172732,0.680738091469,0.0439360551536
-0.558824777603,0.235280513763,0.951270997524,-0.729160070419,0.0588547438383,0.680321216583,0.0449981279671
-0.558292329311,0.235409840941,0.951711952686,-0.729179918766,0.0580222606659,0.680427968502,0.0441359058022
-0.558183789253,0.235434517264,0.952040553093,-0.729707360268,0.0585426948965,0.679751634598,0.0451411008835
-0.557845115662,0.235627710819,0.95201253891,-0.730045735836,0.0592635907233,0.679277956486,0.0458556190133
-0.557577133179,0.235695540905,0.952208936214,-0.730400502682,0.0591600947082,0.678818583488,0.0471233911812
-0.557335436344,0.235692948103,0.952345728874,-0.730327308178,0.0606297776103,0.678590238094,0.0496146343648
-0.557011902332,0.235802963376,0.952518343925,-0.730662584305,0.0621056742966,0.678041219711,0.0503503531218
-0.55668503046,0.235807478428,0.95267778635,-0.730998635292,0.0624897256494,0.677572488785,0.051298584789
-0.556417226791,0.235817477107,0.952840268612,-0.731203496456,0.0626880601048,0.677272975445,0.0520882382989
-0.556180417538,0.235881388187,0.953002512455,-0.732261776924,0.0612512044609,0.676283955574,0.0517772100866
-0.555952548981,0.23592081666,0.953134000301,-0.732789158821,0.0620968639851,0.675516247749,0.0533097572625
-0.555806398392,0.235920727253,0.953210890293,-0.733255207539,0.0622075125575,0.6749548316,0.0538815669715
-0.555614054203,0.235999897122,0.953429222107,-0.733669936657,0.0626419857144,0.674407839775,0.0545750334859
-0.55558180809,0.235924601555,0.95395731926,-0.734290361404,0.0618135891855,0.673789262772,0.0548165105283
-0.555319607258,0.236064136028,0.954106450081,-0.734678804874,0.0623878538609,0.673312902451,0.0548121035099
-0.555208623409,0.23611626029,0.954231023788,-0.735167622566,0.0621007606387,0.672811388969,0.0547444038093
-0.55511277914,0.236273139715,0.954425096512,-0.735802650452,0.0604119822383,0.672340869904,0.0538767054677
-0.555029213428,0.236411467195,0.954183101654,-0.736377894878,0.0611875019968,0.671608746052,0.0542701482773
-0.554991304874,0.236462727189,0.954282820225,-0.737007379532,0.0607524961233,0.670921564102,0.0547142140567
-0.554967343807,0.236373692751,0.95428532362,-0.735315322876,0.0675280690193,0.671668767929,0.0601033419371
-0.55496519804,0.236349359155,0.954592704773,-0.73578441143,0.0670995414257,0.671180784702,0.0602953918278
-0.555008590221,0.236320674419,0.954890847206,-0.736241459846,0.067490786314,0.67063075304,0.0603989250958
-0.555060088634,0.236273646355,0.954933524132,-0.736709952354,0.0673217922449,0.670075118542,0.0610382147133
-0.555110037327,0.236382246017,0.954791665077,-0.737162053585,0.0680167376995,0.669466495514,0.0614856779575
-0.555159032345,0.236468434334,0.954846858978,-0.737517237663,0.0681304633617,0.669079780579,0.0613106228411
-0.555255591869,0.236483588815,0.954881370068,-0.737927496433,0.0688656121492,0.668541669846,0.0614219903946
-0.55538880825,0.236577048898,0.954706966877,-0.738359689713,0.0692909657955,0.668012857437,0.0615020282567
-0.555505990982,0.2364872545,0.954703211784,-0.738635897636,0.0693847835064,0.667624950409,0.0622885487974
-0.555599868298,0.23657977581,0.954754054546,-0.738935053349,0.0696520730853,0.667269051075,0.0622554309666
-0.555731892586,0.23656488955,0.95476680994,-0.739156544209,0.0699599161744,0.666964113712,0.0625470429659
-0.555875182152,0.236605793238,0.954786777496,-0.738381206989,0.073079995811,0.667188465595,0.0656659081578
-0.556038618088,0.236578196287,0.954765439034,-0.738532304764,0.0734413862228,0.666942477226,0.0660629495978
-0.556213974953,0.236552134156,0.954973518848,-0.739673912525,0.070350214839,0.666316449642,0.0628956332803
-0.556381642818,0.236656367779,0.95468211174,-0.739852786064,0.0705997273326,0.666095793247,0.0628499761224
-0.556431651115,0.236560463905,0.954625189304,-0.739704489708,0.0701725408435,0.666327893734,0.0626110285521
-0.556648135185,0.236527889967,0.954850852489,-0.739729583263,0.070025973022,0.66631269455,0.0626408979297
-0.556855022907,0.236632883549,0.95486998558,-0.739724755287,0.0697569325566,0.666391372681,0.0621616542339
-0.55744099617,0.236875653267,0.954893708229,-0.74026376009,0.0698737353086,0.66580748558,0.0618669837713
-0.557585954666,0.237026810646,0.954723119736,-0.742069542408,0.0684724226594,0.66410946846,0.0600242950022
-0.557757496834,0.237052693963,0.954949319363,-0.741787910461,0.067751891911,0.664499282837,0.0600105337799
-0.557974815369,0.237147405744,0.954970598221,-0.739528596401,0.0695975795388,0.666667282581,0.0617125742137
-0.558157742023,0.237292408943,0.955071866512,-0.739258110523,0.070080190897,0.666900992393,0.0618805885315
-0.558363497257,0.237298518419,0.95516705513,-0.738946437836,0.0699618458748,0.667159199715,0.062944829464
-0.558600306511,0.237483114004,0.955248832703,-0.740824699402,0.0665060430765,0.665671944618,0.0603040494025
-0.558872401714,0.237572416663,0.955531060696,-0.73858577013,0.0697156712413,0.667542755604,0.0633842870593
-0.559067964554,0.237716913223,0.955631732941,-0.738241910934,0.0698754787445,0.667891323566,0.063541084528
-0.559254169464,0.237928181887,0.955560207367,-0.737937390804,0.0697347000241,0.668209969997,0.0638823136687
-0.559445023537,0.238126248121,0.955730021,-0.740415990353,0.0654765293002,0.666074752808,0.0619786083698
-0.559754669666,0.238245949149,0.955730319023,-0.738027513027,0.0689092800021,0.668051123619,0.0653806999326
-0.560057103634,0.238416463137,0.95578366518,-0.737361371517,0.0669084861875,0.669202268124,0.0631638690829
-0.560542464256,0.238688379526,0.955602169037,-0.737496197224,0.066841557622,0.669018149376,0.0636111721396
-0.560967683792,0.238824874163,0.955809116364,-0.738039314747,0.0685681775212,0.668008089066,0.0660424232483
-0.56131196022,0.23899397254,0.955854177475,-0.737885892391,0.0677119642496,0.66827493906,0.0659406036139
-0.561698794365,0.239139378071,0.955913066864,-0.737881839275,0.0655442625284,0.668559074402,0.0652915462852
-0.562043488026,0.239467173815,0.955713391304,-0.737200081348,0.0637583881617,0.669698894024,0.0630422830582
-0.562368929386,0.239651858807,0.955772578716,-0.737699151039,0.0644210204482,0.668912529945,0.0648529976606
-0.562770307064,0.239785790443,0.955781817436,-0.737661123276,0.063929066062,0.668998420238,0.064886495471
-0.563099324703,0.239992141724,0.955839276314,-0.737605273724,0.0633259862661,0.669132947922,0.0647258013487
-0.563507795334,0.240355998278,0.955886423588,-0.736823439598,0.0635010227561,0.670086681843,0.0635817497969
-0.563829064369,0.240576669574,0.955909371376,-0.73607558012,0.064374037087,0.67059212923,0.0659911260009
-0.564082324505,0.240787371993,0.956000745296,-0.736296713352,0.0626540184021,0.670745253563,0.0635815635324
-0.564399659634,0.240998744965,0.956089913845,-0.736045300961,0.0609094463289,0.67124581337,0.0629007294774
-0.564737856388,0.241030097008,0.956373989582,-0.735956311226,0.0603971630335,0.671367406845,0.0631383657455
-0.565001964569,0.241193830967,0.956409573555,-0.736314296722,0.0612906478345,0.670731723309,0.0648367255926
-0.565297067165,0.241346210241,0.956460654736,-0.736118137836,0.06087795645,0.671003997326,0.0646348521113
-0.565587162971,0.241481512785,0.956510007381,-0.735798060894,0.0605176798999,0.671387553215,0.0646357908845
-0.565948486328,0.24167957902,0.956562519073,-0.735616862774,0.060464002192,0.671586453915,0.0646807551384
-0.566294133663,0.24175748229,0.956568777561,-0.735337376595,0.0600159354508,0.671937167645,0.0646333470941
-0.566659867764,0.241806328297,0.956649720669,-0.735273420811,0.0594409927726,0.672068238258,0.0645296648145
-0.566939532757,0.2420001477,0.956424832344,-0.734404325485,0.0582302249968,0.673358976841,0.0620272606611
-0.567296802998,0.242031171918,0.956737995148,-0.734229385853,0.0577017702162,0.673597455025,0.0620013475418
-0.567601025105,0.242145031691,0.956726074219,-0.734082102776,0.0574845522642,0.67377692461,0.061996627599
-0.567965984344,0.242212697864,0.956683337688,-0.734620332718,0.0584076046944,0.672944188118,0.0637776181102
-0.568302512169,0.242269992828,0.956454157829,-0.734601378441,0.0580181404948,0.67302018404,0.0635481402278
-0.568573653698,0.242343753576,0.956478714943,-0.733979940414,0.0575908496976,0.673812389374,0.0627195835114
-0.568870425224,0.242401197553,0.956492483616,-0.734329521656,0.0573338605464,0.673435151577,0.0629132091999
-0.569255292416,0.242469847202,0.956530570984,-0.733737945557,0.0557441748679,0.674415528774,0.0607033334672
-0.569651544094,0.242624089122,0.956541180611,-0.733857035637,0.0557114221156,0.674319684505,0.0603586547077
-0.5699878335,0.242617577314,0.956741094589,-0.733919143677,0.0554700680077,0.674282193184,0.0602445416152
-0.570341587067,0.242719486356,0.956729650497,-0.73398578167,0.0554004758596,0.674255371094,0.0597944557667
-0.570655465126,0.242715477943,0.956737756729,-0.733923196793,0.0548557043076,0.674403846264,0.0593892335892
-0.571056187153,0.242728590965,0.956654846668,-0.734020411968,0.0546118356287,0.674339592457,0.0591404736042
-0.571371436119,0.242740660906,0.956663072109,-0.734012186527,0.0541769936681,0.674444198608,0.0584486983716
-0.571723043919,0.242760241032,0.956629991531,-0.734053909779,0.0542148835957,0.674404859543,0.0583401583135
-0.572007060051,0.242779612541,0.956591725349,-0.734046280384,0.0542206354439,0.674428224564,0.0581628791988
-0.572319090366,0.242779999971,0.956600904465,-0.734067559242,0.054151121527,0.67442804575,0.0579596534371
-0.572628438473,0.242800325155,0.956542849541,-0.734074115753,0.0543130263686,0.67441624403,0.057861790061
-0.573048949242,0.242830112576,0.956539690495,-0.73422306776,0.0545033439994,0.674244463444,0.0577961914241
-0.573372066021,0.242818832397,0.95651102066,-0.734240889549,0.0538234077394,0.674308657646,0.0574569702148
-0.573726832867,0.242694154382,0.956465780735,-0.734236180782,0.0536459647119,0.674345672131,0.057248275727
-0.574014186859,0.242653518915,0.956450641155,-0.734871327877,0.05479882285,0.673421978951,0.0588578395545
-0.574433267117,0.242627710104,0.956423044205,-0.735127985477,0.0548227317631,0.673167049885,0.0585451498628
-0.574752748013,0.242660850286,0.956352770329,-0.735269963741,0.0547236315906,0.673071980476,0.0579456947744
-0.575053811073,0.242687314749,0.956338644028,-0.73429864645,0.0571933463216,0.673832535744,0.0590269379318
-0.575380265713,0.2427085042,0.956315159798,-0.735360324383,0.0561689697206,0.672875344753,0.0576981306076
-0.575728297234,0.242640227079,0.956248164177,-0.735612094402,0.0560992732644,0.672627806664,0.0574407801032
-0.57608628273,0.2426430583,0.956193625927,-0.735799908638,0.0559934712946,0.672477245331,0.056900177151
-0.576481103897,0.242646336555,0.956175863743,-0.736080408096,0.0545850507915,0.672368228436,0.0559215769172
-0.576793134212,0.242620736361,0.956112265587,-0.736247479916,0.0544716529548,0.672232091427,0.0554667338729
-0.57707041502,0.242605566978,0.956092774868,-0.736308455467,0.0544163770974,0.672202646732,0.0550679937005
-0.577379405499,0.242615863681,0.956029772758,-0.736436069012,0.0545360520482,0.672065138817,0.0549186952412
-0.577728688717,0.242696017027,0.956019282341,-0.736610352993,0.0545465238392,0.671913743019,0.0544232465327
-0.578032255173,0.242706537247,0.955778837204,-0.736756324768,0.0545570664108,0.671777963638,0.0541115030646
-0.578304111958,0.242743164301,0.955753803253,-0.736666977406,0.0558484606445,0.671750664711,0.0543500073254
-0.578611850739,0.242751687765,0.955735564232,-0.736749589443,0.0559081248939,0.671662807465,0.0542536377907
-0.57887762785,0.242688551545,0.955668449402,-0.736728072166,0.0543781109154,0.671876788139,0.0534462071955
-0.579137682915,0.242730230093,0.955648541451,-0.736084938049,0.0531445331872,0.67284154892,0.0513716861606
-0.579369068146,0.242743462324,0.95570152998,-0.73870652914,0.0523913651705,0.670002162457,0.0516231320798
-0.579598844051,0.24278716743,0.955664992332,-0.738678216934,0.0521578155458,0.670083403587,0.0512079671025
-0.579819977283,0.242844566703,0.955661475658,-0.738642930984,0.0521529391408,0.670125305653,0.0511753112078
-0.580210506916,0.243074685335,0.955747008324,-0.738873720169,0.0534547232091,0.669757306576,0.0513168312609
-0.580978274345,0.243207454681,0.955706596375,-0.737477421761,0.0545316264033,0.671072244644,0.0530612207949
-0.58116298914,0.243253841996,0.955699801445,-0.737402796745,0.0545671917498,0.671129524708,0.0533370636404
-0.581393718719,0.243297189474,0.955715715885,-0.737433671951,0.0544178336859,0.671096742153,0.0534754134715
-0.581545829773,0.243394106627,0.955713152885,-0.73727786541,0.0557258538902,0.671086668968,0.0543964318931
-0.581687510014,0.243432283401,0.955751121044,-0.73735332489,0.0545090213418,0.671103060246,0.0544006377459
-0.581092238426,0.243245512247,0.955784082413,-0.738382339478,0.051257148385,0.670384526253,0.0524290166795
-0.58192884922,0.243635833263,0.955842733383,-0.739316284657,0.0517120063305,0.669312059879,0.0525235049427
-0.582027971745,0.243692278862,0.955926239491,-0.739160060883,0.0511520318687,0.669545710087,0.0522904247046
-0.582161068916,0.243585318327,0.956353604794,-0.736852228642,0.0530513301492,0.671734750271,0.054834626615
-0.582237303257,0.243805676699,0.955968677998,-0.736240923405,0.0517183504999,0.6726744771,0.052762247622
-0.582374334335,0.243858546019,0.955981194973,-0.736280679703,0.0514361970127,0.672636568546,0.0529650710523
-0.582465529442,0.243755787611,0.956357836723,-0.736758947372,0.0520648360252,0.671881437302,0.0552350096405
-0.582500994205,0.243815273046,0.956355035305,-0.736640036106,0.0518224388361,0.672014534473,0.0554289408028
-0.581867158413,0.24361538887,0.956336796284,-0.735561609268,0.0512162744999,0.673204123974,0.0558764711022
-0.581920146942,0.243696838617,0.956342697144,-0.735477864742,0.0509904585779,0.673296451569,0.0560736693442
-0.581941366196,0.243878811598,0.955942690372,-0.735402286053,0.0514615662396,0.673336684704,0.0561523810029
-0.581949174404,0.24393825233,0.955915689468,-0.735302686691,0.0513198040426,0.673440277576,0.056340880692
-0.581942856312,0.243971884251,0.955888450146,-0.735221803188,0.0511978454888,0.673516213894,0.0566012151539
-0.581938147545,0.244014650583,0.955856263638,-0.735068202019,0.0512858889997,0.673647642136,0.0569515787065
-0.58190870285,0.244034335017,0.955825388432,-0.735011518002,0.0507802218199,0.673725306988,0.0572157762945
-0.581832766533,0.244079738855,0.95577031374,-0.734793961048,0.0519896037877,0.673808217049,0.0579437687993
-0.581810355186,0.244128853083,0.955701947212,-0.736973047256,0.0498895794153,0.671729326248,0.0562285967171
-0.581702828407,0.244167864323,0.955685019493,-0.736831843853,0.0497106947005,0.671908795834,0.0560915805399
-0.581672728062,0.244160443544,0.955611169338,-0.734580874443,0.0520796142519,0.674004018307,0.058286473155
-0.581548392773,0.244179323316,0.955580353737,-0.736644864082,0.0499687939882,0.672061920166,0.056482937187
-0.581525862217,0.244152873755,0.955533742905,-0.736683487892,0.0499405600131,0.672013401985,0.0565804950893
-0.581427872181,0.244139671326,0.955480694771,-0.736595034599,0.0500901788473,0.67208892107,0.0567031577229
-0.581420898438,0.244089692831,0.955413818359,-0.734546720982,0.0523281507194,0.673988699913,0.0586696751416
-0.581404447556,0.244033560157,0.95535326004,-0.734610021114,0.0524070449173,0.67390704155,0.0587453097105
-0.581309497356,0.243978112936,0.95528459549,-0.73461741209,0.052325990051,0.673926413059,0.0585036724806
-0.581295132637,0.243869930506,0.95539355278,-0.73473918438,0.0523881651461,0.673786461353,0.0585285499692
-0.58124679327,0.243808194995,0.955312371254,-0.734868049622,0.0523655600846,0.673663437366,0.0583463273942
-0.581224560738,0.24370443821,0.955215930939,-0.735052347183,0.0512947924435,0.67358237505,0.0579099431634
-0.58118891716,0.243637949228,0.955134034157,-0.735268175602,0.0514195859432,0.673359811306,0.0576479844749
-0.581153094769,0.243550181389,0.955051541328,-0.735469698906,0.0514984168112,0.673151016235,0.0574440993369
-0.581137061119,0.243469461799,0.954949259758,-0.735694646835,0.0516879484057,0.672912061214,0.0571939870715
-0.581081926823,0.243316650391,0.954863011837,-0.735833704472,0.0518423952162,0.672756314278,0.0570983067155
-0.581041932106,0.243239670992,0.954780876637,-0.737989485264,0.048306170851,0.670945286751,0.0535769052804
-0.581052899361,0.243142932653,0.954703986645,-0.735541045666,0.05049495399,0.67347240448,0.0535220354795
-0.581039130688,0.243059486151,0.954606533051,-0.735647916794,0.0512839704752,0.673325121403,0.0531543381512
-0.581018686295,0.242969244719,0.954526007175,-0.735704421997,0.0527952611446,0.673087179661,0.0539017170668
-0.580995082855,0.242828965187,0.954415261745,-0.735893130302,0.0520895794034,0.67297321558,0.0534302704036
-0.58103454113,0.242685109377,0.954282462597,-0.73660749197,0.0538890622556,0.671904981136,0.0552183017135
-0.581047654152,0.242571949959,0.954157412052,-0.736713111401,0.054377682507,0.671780765057,0.0548407696187
-0.581078290939,0.242493182421,0.954077482224,-0.736491918564,0.0558579228818,0.671972751617,0.0539638288319
-0.581052839756,0.242433845997,0.953939318657,-0.738691210747,0.0526982061565,0.67005944252,0.0507789105177
-0.58113515377,0.242204859853,0.953781187534,-0.736951589584,0.0558484494686,0.671474993229,0.0538944490254
-0.581178426743,0.242083266377,0.953655064106,-0.737047851086,0.0563422553241,0.67134732008,0.0536526329815
-0.581200182438,0.24194636941,0.953552246094,-0.737168967724,0.056834410876,0.671191453934,0.0534220598638
-0.581212818623,0.241738408804,0.953448712826,-0.737255275249,0.0570808500051,0.671101868153,0.0530920736492
-0.58133161068,0.241685450077,0.95313847065,-0.736618578434,0.0575139261782,0.671906888485,0.0512473136187
-0.581411957741,0.241540074348,0.953049778938,-0.736686468124,0.0577649287879,0.671819865704,0.0511307753623
-0.581495046616,0.241349756718,0.952969014645,-0.736798942089,0.0562008917332,0.671922445297,0.0498896464705
-0.581613719463,0.241117268801,0.953220129013,-0.736779093742,0.0559916496277,0.671976149082,0.0496957525611
-0.581753253937,0.240994066,0.953137874603,-0.736683547497,0.0556465648115,0.672157466412,0.0490418560803
-0.581863939762,0.24102678895,0.952745139599,-0.739381432533,0.0527952723205,0.669576585293,0.0468490943313
-0.582345604897,0.241039633751,0.952682852745,-0.73764538765,0.056882482022,0.670956492424,0.0496090985835
-0.582358837128,0.240621119738,0.95296138525,-0.737332224846,0.0568334423006,0.671320438385,0.0493967272341
-0.582569658756,0.240669712424,0.952576875687,-0.739403665066,0.0527126565576,0.669638633728,0.0456929020584
-0.582873642445,0.240519821644,0.952653884888,-0.739493310452,0.0521329157054,0.669603526592,0.0454202927649
-0.58316475153,0.240375816822,0.952577590942,-0.736737191677,0.0544586181641,0.672374129295,0.0465370118618
-0.58342653513,0.240211188793,0.952518463135,-0.737381219864,0.053935226053,0.671617150307,0.0478578209877
-0.583730876446,0.24011901021,0.95244550705,-0.737240970135,0.0530452206731,0.67189013958,0.0471741259098
-0.584004223347,0.240035146475,0.952443480492,-0.737106978893,0.0522040463984,0.672134160995,0.0467324741185
-0.584277510643,0.239951193333,0.952442646027,-0.736990392208,0.0513067916036,0.672366797924,0.0462144874036
-0.584591090679,0.239873558283,0.952436566353,-0.736911177635,0.0507238581777,0.672507464886,0.0460739992559
-0.584966480732,0.23980140686,0.952439844608,-0.736923336983,0.0499382540584,0.672573745251,0.0457686036825
-0.58534681797,0.239731892943,0.95241433382,-0.736938595772,0.0491956584156,0.672627091408,0.045541793108
-0.585671544075,0.239696249366,0.952318668365,-0.736743628979,0.0481658875942,0.672961890697,0.0448459945619
-0.585920512676,0.239550456405,0.952322721481,-0.736510396004,0.047024037689,0.673330247402,0.0443562157452
-0.586223602295,0.239420026541,0.952344715595,-0.736343801022,0.0463366247714,0.673559546471,0.0443662032485
-0.586575508118,0.239333942533,0.952401161194,-0.736264765263,0.0455095134676,0.673722267151,0.0440625362098
-0.586861371994,0.239237874746,0.952417016029,-0.736151874065,0.0447112396359,0.67391616106,0.0437997505069
-0.587203264236,0.239237204194,0.952276587486,-0.735457539558,0.0426792390645,0.674961447716,0.0413249991834
-0.587137401104,0.238730475307,0.952178537846,-0.734584391117,0.0410035774112,0.676032721996,0.0410419479012
-0.587593019009,0.238535568118,0.951929211617,-0.734684884548,0.0406545065343,0.675912380219,0.041565682739
-0.58799880743,0.238331243396,0.952109456062,-0.734592795372,0.0394661128521,0.676112890244,0.0410763323307
-0.588332295418,0.238327741623,0.952069282532,-0.73455965519,0.0387583039701,0.676228404045,0.0404363162816
-0.588629901409,0.23827791214,0.952229857445,-0.736310482025,0.0350843071938,0.674676597118,0.0377825051546
-0.588954687119,0.238165616989,0.952296435833,-0.734821200371,0.0402382239699,0.675726234913,0.0425767153502
-0.589302659035,0.2379514575,0.952540636063,-0.734743058681,0.038104262203,0.675982356071,0.0418169498444
-0.58953255415,0.237874954939,0.952664732933,-0.736194312572,0.0345945991576,0.674787282944,0.0385151430964
-0.589766561985,0.23778103292,0.95275759697,-0.735879838467,0.0336810611188,0.675226867199,0.037618111819
-0.590018868446,0.237646117806,0.952841937542,-0.73562335968,0.0332443490624,0.675533413887,0.0375182926655
-0.590403735638,0.237397879362,0.95291531086,-0.735611438751,0.0343170650303,0.675391018391,0.0393106490374
-0.590747833252,0.237281292677,0.953098595142,-0.735400259495,0.0324457772076,0.675781786442,0.0381138585508
-0.591019451618,0.237198263407,0.953199625015,-0.735233843327,0.0321366265416,0.675986945629,0.0379488021135
-0.591247200966,0.237152844667,0.953353881836,-0.735034704208,0.0316847860813,0.676253199577,0.0374386496842
-0.591538369656,0.237120419741,0.953483521938,-0.734888613224,0.0308340229094,0.676510751247,0.0363486334682
-0.591838240623,0.236981481314,0.953596949577,-0.734795987606,0.031842853874,0.676520705223,0.0371555127203
-0.592118918896,0.236889094114,0.953787744045,-0.733911693096,0.0326382666826,0.677395224571,0.0379998721182
-0.592377305031,0.236768692732,0.953943014145,-0.733731687069,0.0300780981779,0.677880465984,0.0348051786423
-0.592582881451,0.236643403769,0.954105257988,-0.733537495136,0.0297116804868,0.678115546703,0.0346312709153
-0.592823028564,0.236548781395,0.954252243042,-0.733400166035,0.0303463637829,0.678246021271,0.0344351530075
-0.593029499054,0.23642167449,0.954386472702,-0.73316192627,0.0301878321916,0.678507626057,0.034492906183
-0.593288242817,0.236200630665,0.9545545578,-0.732175052166,0.0309320539236,0.679418087006,0.0367962047458
-0.593486309052,0.236062303185,0.954692065716,-0.733547866344,0.0309895146638,0.677918314934,0.0370672158897
-0.593677639961,0.235940873623,0.954856276512,-0.733448922634,0.0304502565414,0.678061842918,0.0368459783494
-0.593916594982,0.235776543617,0.954964280128,-0.733488738537,0.028996463865,0.67809510231,0.0366160161793
-0.594061076641,0.235656797886,0.95509159565,-0.733350634575,0.0284516587853,0.678278982639,0.0364040546119
-0.594192624092,0.235570847988,0.955257594585,-0.733172476292,0.0280798971653,0.678495466709,0.0362450778484
-0.594389379025,0.235533833504,0.955307900906,-0.733131229877,0.027837600559,0.678555905819,0.0361331887543
-0.594526350498,0.235389456153,0.955449461937,-0.732937633991,0.0272459536791,0.678798496723,0.0359576530755
-0.594612360001,0.235347896814,0.955583930016,-0.732792973518,0.027017319575,0.678968131542,0.0358727611601
-0.59470897913,0.235261201859,0.955680370331,-0.732497274876,0.0268024839461,0.679289758205,0.0359843373299
-0.594768226147,0.235220402479,0.955757081509,-0.732344210148,0.0265758167952,0.679467916489,0.0359044075012
-0.594854533672,0.235141471028,0.955844044685,-0.732197582722,0.0263309255242,0.679634988308,0.0359159596264
-0.594891905785,0.235066413879,0.955997943878,-0.732024848461,0.0260406918824,0.679836034775,0.0358415655792
-0.594925761223,0.234995603561,0.956087231636,-0.731836259365,0.0257751047611,0.680058300495,0.0356672666967
-0.595031917095,0.234936088324,0.956183552742,-0.731805145741,0.0256459861994,0.6800994277,0.0356131829321
-0.595008790493,0.235003709793,0.956309139729,-0.731580674648,0.0251957755536,0.680394411087,0.0349037721753
-0.595009028912,0.234936058521,0.956384420395,-0.731399357319,0.0249640177935,0.680602610111,0.0348112471402
-0.595017910004,0.234898254275,0.956437289715,-0.73118108511,0.0249805487692,0.680829703808,0.0349450595677
-0.594991147518,0.234883338213,0.956313610077,-0.731030344963,0.0248882286251,0.680999755859,0.0348513275385
-0.594996392727,0.234742492437,0.956582009792,-0.728954672813,0.0251339878887,0.68317848444,0.0355031490326
-0.59496819973,0.23453348875,0.956665575504,-0.728682935238,0.0255493335426,0.683404147625,0.0364301241934
-0.59487760067,0.234442770481,0.956697225571,-0.728392362595,0.0257090684026,0.683692097664,0.0367250666022
-0.594817876816,0.234393879771,0.956755757332,-0.72819006443,0.0258466284722,0.683895647526,0.0368496961892
-0.594725370407,0.234326064587,0.956787526608,-0.72808855772,0.0259932503104,0.683988034725,0.0370365679264
-0.594591617584,0.234241902828,0.956931471825,-0.727847278118,0.0259565263987,0.684244394302,0.0370736122131
-0.594459950924,0.234231635928,0.956921696663,-0.727686107159,0.026079762727,0.684410393238,0.0370844043791
-0.59431385994,0.234165102243,0.956965148449,-0.727516591549,0.0262995045632,0.684566557407,0.0373729988933
-0.594146132469,0.234026908875,0.957062602043,-0.727373361588,0.0263302586973,0.684700191021,0.037690166384
-0.593962430954,0.233984708786,0.9570966959,-0.727217078209,0.0264574494213,0.684854269028,0.0378123521805
-0.593703329563,0.233953416348,0.957138299942,-0.727005541325,0.026702074334,0.685059010983,0.0380010902882
-0.593417167664,0.233891963959,0.957156360149,-0.726829767227,0.0272375494242,0.685187399387,0.0386625863612
-0.593134820461,0.23372797668,0.957082748413,-0.726666271687,0.0273976922035,0.68532282114,0.0392190329731
-0.592845976353,0.233673095703,0.957063913345,-0.726565718651,0.0276218801737,0.685405254364,0.0394846536219
-0.592568278313,0.233586847782,0.957087755203,-0.726474523544,0.0278278701007,0.685474097729,0.0398200564086
-0.592252492905,0.233534485102,0.957053542137,-0.726709842682,0.0281835049391,0.685175359249,0.0404153317213
-0.591989934444,0.233495920897,0.957038998604,-0.726744353771,0.0284544285387,0.685110151768,0.0407048240304
-0.591773331165,0.233420222998,0.956897139549,-0.726466357708,0.0293406434357,0.685328304768,0.0413626246154
-0.591416537762,0.233456224203,0.95693475008,-0.726778745651,0.0295178666711,0.684978723526,0.0415408797562
-0.591130614281,0.233453512192,0.956901371479,-0.726654112339,0.0318632051349,0.684933662415,0.0427134372294
-0.59073972702,0.233478397131,0.957002401352,-0.7267562747,0.0313782319427,0.684831440449,0.0429737605155
-0.590416252613,0.233416095376,0.957026720047,-0.726614236832,0.0303739774972,0.685101270676,0.0417793877423
-0.590110838413,0.233421221375,0.957000315189,-0.726635694504,0.0306143965572,0.685062766075,0.0418598428369
-0.589739263058,0.23342859745,0.957015037537,-0.726179838181,0.0294367261231,0.685720801353,0.0397914126515
-0.589404523373,0.233378887177,0.957015991211,-0.726982831955,0.0310564525425,0.684662163258,0.0420633479953
-0.58904916048,0.233352974057,0.957006752491,-0.727052986622,0.0314090885222,0.684553205967,0.042359072715
-0.588736653328,0.233345597982,0.957002878189,-0.727304399014,0.0318660326302,0.684241950512,0.0427301600575
-0.588653683662,0.233574181795,0.957097709179,-0.727820396423,0.0326513536274,0.683653652668,0.0427680052817
-0.58823466301,0.233556032181,0.957079052925,-0.727914512157,0.0329040214419,0.683546900749,0.0426760353148
-0.58751642704,0.23327895999,0.956988811493,-0.727621734142,0.0326528064907,0.683855235577,0.0429269447923
-0.587654769421,0.233650118113,0.957068562508,-0.728466153145,0.0340973138809,0.682858765125,0.0433408543468
-0.586854696274,0.233262956142,0.957002520561,-0.728080391884,0.0340806022286,0.683200836182,0.0444315448403
-0.586547791958,0.233275979757,0.9569901824,-0.728581309319,0.0340269170702,0.682672202587,0.0443869046867
-0.586696565151,0.233699530363,0.957109451294,-0.728412091732,0.0337795726955,0.683020055294,0.0419335402548
-0.587011039257,0.233934238553,0.957145988941,-0.730167925358,0.0354717485607,0.680957853794,0.0435084812343
-0.586204409599,0.233939647675,0.957156538963,-0.729673326015,0.0359518714249,0.68143427372,0.043949611485
-0.585931837559,0.234023749828,0.957159996033,-0.729243338108,0.0350875630975,0.682056069374,0.0421024523675
-0.585660517216,0.234065800905,0.957149505615,-0.729496061802,0.0356248505414,0.681723952293,0.0426502302289
-0.585120499134,0.233823478222,0.95708334446,-0.729791879654,0.0379084832966,0.681106030941,0.0454026050866
-0.584814310074,0.233822897077,0.957125067711,-0.730036139488,0.0378879271448,0.680849313736,0.0453416779637
-0.584522783756,0.233876734972,0.957141339779,-0.730238437653,0.0379107147455,0.680650115013,0.0450551621616
-0.584210813046,0.233874589205,0.957115709782,-0.730355381966,0.0374439544976,0.680509209633,0.0456746146083
-0.583924591541,0.233911931515,0.957116425037,-0.730543971062,0.0375319831073,0.680296421051,0.0457565933466
-0.583563864231,0.233991652727,0.957094430923,-0.730562567711,0.0393428765237,0.680109918118,0.0467007383704
-0.583266317844,0.233944922686,0.957123041153,-0.730755507946,0.0382724031806,0.67996275425,0.0467149764299
-0.583126246929,0.234210208058,0.957181572914,-0.730996310711,0.0389085523784,0.679672896862,0.0466405153275
-0.582855522633,0.23425924778,0.95717382431,-0.731123030186,0.0389754213393,0.679530322552,0.0466751605272
-0.582599401474,0.234273046255,0.957170128822,-0.731193244457,0.0390105620027,0.679444909096,0.0467913672328
-0.582732856274,0.234328776598,0.957154512405,-0.731909573078,0.0390139110386,0.678675472736,0.0467556454241
-0.582481503487,0.234353721142,0.957156658173,-0.732060194016,0.0392492301762,0.678475141525,0.0471056587994
-0.582173526287,0.23452617228,0.957395792007,-0.732220828533,0.0388115160167,0.678387463093,0.0462282001972
-0.581999123096,0.234343022108,0.957347393036,-0.73240172863,0.039807677269,0.678013861179,0.0479612126946
-0.581284284592,0.234394624829,0.957132399082,-0.731896400452,0.0397971384227,0.678572773933,0.0477791316807
