x,y,z,q0,q1,q2,q3
0.615560770035,-0.112532094121,1.40323615074,-0.0384245365858,0.0809098780155,0.765817344189,-0.636789500713
0.615312337875,-0.112997174263,1.40326523781,-0.0392965488136,0.0816083177924,0.767304062843,-0.634854614735
0.614953100681,-0.113299757242,1.40317845345,-0.0399116240442,0.0815808996558,0.767964482307,-0.63402068615
0.614747285843,-0.11382240802,1.40314280987,-0.0426300093532,0.0825288519263,0.769262611866,-0.632144629955
0.614335238934,-0.114198789001,1.40297973156,-0.0409987047315,0.0822081267834,0.77079308033,-0.630427777767
0.613966822624,-0.114690192044,1.40251636505,-0.0410104952753,0.0825716033578,0.771895468235,-0.629029035568
0.61369907856,-0.115071676672,1.40246379375,-0.0444704368711,0.0828429237008,0.772950291634,-0.627461016178
0.613603591919,-0.115349166095,1.40273487568,-0.0427693165839,0.0833262652159,0.7746104002,-0.625464856625
0.613332092762,-0.115719929338,1.40248584747,-0.0433478653431,0.0833572372794,0.775926709175,-0.623787105083
0.61296492815,-0.116090133786,1.40244579315,-0.0436425991356,0.0834317728877,0.777322947979,-0.622015714645
0.612695634365,-0.116444274783,1.40243446827,-0.0440407730639,0.0835077166557,0.778685808182,-0.620270252228
0.612435221672,-0.116868056357,1.40236353874,-0.0456250719726,0.0836172997952,0.779595196247,-0.618997514248
0.612203240395,-0.117338389158,1.40224683285,-0.0472017787397,0.084384329617,0.780942320824,-0.617074072361
0.612045645714,-0.117447033525,1.40186440945,-0.0454459264874,0.08381909132,0.782953262329,-0.614730298519
0.611794412136,-0.117844097316,1.40180325508,-0.0456713847816,0.0839582234621,0.784134089947,-0.613187432289
0.611616253853,-0.118180274963,1.40175390244,-0.0461738221347,0.0841159671545,0.785424888134,-0.611473858356
0.611475348473,-0.118597954512,1.40174460411,-0.04641373083,0.0843851938844,0.786653935909,-0.60983645916
0.611127793789,-0.118979915977,1.40157723427,-0.0475717224181,0.0842516124249,0.787944972515,-0.608096420765
0.610942661762,-0.119330130517,1.401501894,-0.0478259325027,0.0844010263681,0.789136350155,-0.606508791447
0.610670745373,-0.119717411697,1.40137207508,-0.0463145598769,0.084591075778,0.790737986565,-0.604510307312
0.610449612141,-0.120292268693,1.40157997608,-0.0455030538142,0.0853433087468,0.792006790638,-0.602802872658
0.61031806469,-0.12068297714,1.40144395828,-0.0455221422017,0.0855899676681,0.793084859848,-0.601347267628
0.61024838686,-0.120926700532,1.40138864517,-0.0459082201123,0.0856410637498,0.794006288052,-0.600093364716
0.610010802746,-0.121338456869,1.40117561817,-0.0493290871382,0.0857388526201,0.794749498367,-0.598822772503
0.610036551952,-0.121538646519,1.40121209621,-0.0463642068207,0.0856606066227,0.795969665051,-0.597448647022
0.609813034534,-0.121913738549,1.40109300613,-0.0470315925777,0.0859359055758,0.796789050102,-0.596263587475
0.609620809555,-0.12222943455,1.40099525452,-0.0470225065947,0.0859821587801,0.797663331032,-0.595087528229
0.609544157982,-0.12252087146,1.40091574192,-0.0471345558763,0.0862848311663,0.798555731773,-0.593836665154
0.60931289196,-0.122780576348,1.40078163147,-0.0471095703542,0.0862483158708,0.799531817436,-0.592529118061
0.609122335911,-0.123102590442,1.40067398548,-0.0464947968721,0.0865312665701,0.800364911556,-0.591410696507
0.609126210213,-0.123431541026,1.40068745613,-0.0468405410647,0.0870627164841,0.800839245319,-0.590662777424
0.608823418617,-0.12375087291,1.40064942837,-0.0465812012553,0.0869783163071,0.801467239857,-0.589843451977
0.60864084959,-0.124056629837,1.40057063103,-0.0464212484658,0.0870401933789,0.802157700062,-0.588907659054
0.608567893505,-0.124270386994,1.40055072308,-0.0465037859976,0.086797490716,0.802701890469,-0.588195025921
0.608408808708,-0.124507948756,1.40056169033,-0.046722702682,0.0869287401438,0.803189873695,-0.587491750717
0.608195245266,-0.124800466001,1.40052390099,-0.0471692830324,0.0871740430593,0.804015517235,-0.586288928986
0.608130276203,-0.125000968575,1.40056622028,-0.0474332720041,0.087374471128,0.804455935955,-0.585633456707
0.607974886894,-0.125265106559,1.40059089661,-0.0475248806179,0.0876507088542,0.805070877075,-0.584738910198
0.607698500156,-0.125635400414,1.40053105354,-0.0466757714748,0.0876762196422,0.80539637804,-0.584355175495
0.607500851154,-0.125943884254,1.40042662621,-0.0466171391308,0.0879090800881,0.805868268013,-0.583673834801
0.607378840446,-0.1262049824,1.4005702734,-0.0468398705125,0.0881146267056,0.80622792244,-0.583128213882
0.607194781303,-0.126395791769,1.40064442158,-0.0473402030766,0.0876312479377,0.805580675602,-0.584054410458
0.607010602951,-0.126695007086,1.40060889721,-0.0472553186119,0.088052302599,0.806167960167,-0.583186864853
0.606830358505,-0.126981601119,1.40067768097,-0.0473118945956,0.0883264914155,0.806731939316,-0.582360386848
0.606675863266,-0.12730909884,1.40072596073,-0.0475842021406,0.0892790034413,0.808500468731,-0.579734444618
0.606491267681,-0.127572506666,1.40075087547,-0.0476361177862,0.0894801393151,0.808817863464,-0.579256236553
0.606159865856,-0.127911537886,1.40069532394,-0.0474952198565,0.0895638465881,0.80896115303,-0.579054772854
0.606025218964,-0.128136783838,1.40085458755,-0.04700127244,0.089864961803,0.809928178787,-0.577694892883
0.605964124203,-0.128415539861,1.40086138248,-0.0472668260336,0.0902546644211,0.809874773026,-0.577687382698
0.605624139309,-0.12873801589,1.40076649189,-0.0468749403954,0.0902599468827,0.810498893261,-0.576842665672
0.605425000191,-0.128993660212,1.40073275566,-0.0470156110823,0.0905600711703,0.81090348959,-0.576215267181
0.605295538902,-0.129216760397,1.40086841583,-0.048014126718,0.0911120250821,0.811287462711,-0.57550483942
0.605332732201,-0.129378005862,1.40098369122,-0.0487013943493,0.0917016491294,0.811503469944,-0.575048804283
0.605022549629,-0.129656895995,1.40086841583,-0.0486463680863,0.0917504876852,0.811960756779,-0.574399769306
0.604829251766,-0.129887208343,1.40082740784,-0.0483545102179,0.0918885245919,0.812250733376,-0.573992073536
0.604629814625,-0.130049467087,1.40070617199,-0.0482774935663,0.091613791883,0.812780618668,-0.573292016983
0.604484677315,-0.130296483636,1.40067243576,-0.0483756773174,0.0919541046023,0.813149750233,-0.572705626488
0.604309916496,-0.130583301187,1.40060985088,-0.0488422773778,0.0925600603223,0.813348114491,-0.57228666544
0.604198276997,-0.130780041218,1.40058171749,-0.0490696281195,0.092756062746,0.813634872437,-0.571827530861
0.604080200195,-0.130959123373,1.40054655075,-0.0493056736887,0.092953234911,0.813927412033,-0.571358680725
0.603955626488,-0.131160914898,1.40050411224,-0.0494210384786,0.0933204591274,0.814261555672,-0.570812523365
0.603861629963,-0.131370037794,1.4002892971,-0.0496193878353,0.093660980463,0.81450521946,-0.570391893387
0.603780567646,-0.13155117631,1.40022885799,-0.049914393574,0.0938461944461,0.814619123936,-0.570172786713
0.603647947311,-0.131718799472,1.40022194386,-0.050187535584,0.0939376503229,0.814759612083,-0.569933056831
0.603738903999,-0.131826266646,1.40027761459,-0.0514484234154,0.0942215323448,0.814711093903,-0.569843173027
0.603742182255,-0.131942108274,1.40035688877,-0.0518406070769,0.094469755888,0.814822971821,-0.569606602192
0.603596568108,-0.132069498301,1.400208354,-0.0517983101308,0.094556607306,0.81547743082,-0.568658530712
0.603701412678,-0.132174953818,1.4002904892,-0.0523641631007,0.0949376299977,0.815411329269,-0.568638026714
0.603538095951,-0.132319644094,1.40013623238,-0.0516339577734,0.0948433578014,0.81561923027,-0.568422436714
0.603539764881,-0.132428973913,1.40011382103,-0.0518638379872,0.0949516445398,0.815640747547,-0.568352401257
0.603536307812,-0.132527679205,1.40010356903,-0.0520915798843,0.0950258597732,0.815647125244,-0.568309903145
0.603564202785,-0.132598862052,1.4000825882,-0.0520842969418,0.0948377251625,0.815715610981,-0.568243920803
0.603576660156,-0.132686883211,1.40006792545,-0.0522647686303,0.0949399247766,0.815682053566,-0.568258345127
0.603588521481,-0.13277721405,1.4000300169,-0.0523077622056,0.0950101613998,0.81566131115,-0.568272471428
0.603562533855,-0.132948711514,1.40001070499,-0.0542518123984,0.0951431319118,0.815022885799,-0.568983435631
0.603513062,-0.133083641529,1.39995396137,-0.0526605062187,0.0953275039792,0.815238177776,-0.568793714046
0.603561162949,-0.133146777749,1.399944067,-0.054315995425,0.0952511429787,0.814935624599,-0.569084346294
0.60362380743,-0.133252888918,1.39989554882,-0.0542886331677,0.0954414233565,0.814813017845,-0.569230496883
0.603728890419,-0.133281469345,1.39991021156,-0.0543329417706,0.0955210328102,0.814682602882,-0.569399535656
0.60370606184,-0.133373364806,1.39988279343,-0.0540555305779,0.0954756587744,0.814606070518,-0.569543063641
0.603758215904,-0.133435815573,1.39986467361,-0.0539428517222,0.0955684632063,0.814482092857,-0.569715440273
0.603802442551,-0.13345721364,1.39983844757,-0.0538346618414,0.0955978631973,0.814333856106,-0.569932639599
0.603843331337,-0.133505240083,1.3998105526,-0.0536442510784,0.0956217348576,0.814180970192,-0.570165097713
0.603911221027,-0.1335401088,1.39979052544,-0.0534974895418,0.0957751870155,0.814016997814,-0.570387125015
0.603992402554,-0.133600518107,1.39976561069,-0.0533445291221,0.095923833549,0.813788712025,-0.570702195168
0.604058504105,-0.13365329802,1.39974188805,-0.0531739108264,0.0961594209075,0.813670217991,-0.570847272873
0.604138553143,-0.133671671152,1.39971089363,-0.0530714280903,0.0962788984179,0.813435673714,-0.571170985699
0.604301035404,-0.133666083217,1.39970874786,-0.0531784258783,0.0965379327536,0.813153982162,-0.571518301964
0.604465603828,-0.133643403649,1.39984095097,-0.0514186806977,0.0968425497413,0.813064098358,-0.571755468845
0.604424536228,-0.133689597249,1.39971065521,-0.0509984791279,0.0968090444803,0.812976539135,-0.57192337513
0.60447537899,-0.133747145534,1.39957904816,-0.0506404452026,0.097005866468,0.812776744366,-0.572205722332
0.604571700096,-0.133777230978,1.39954352379,-0.0503942929208,0.0972706601024,0.812550008297,-0.572504401207
0.604645550251,-0.133790433407,1.39953947067,-0.0501886829734,0.0974235311151,0.81227606535,-0.572885096073
0.604797363281,-0.133736401796,1.39953064919,-0.050172213465,0.0973063856363,0.8122407794,-0.572956383228
0.605035424232,-0.133731722832,1.3996617794,-0.0503886565566,0.0976992323995,0.811908781528,-0.573341071606
0.605329751968,-0.133682265878,1.39983594418,-0.0507589168847,0.0979999005795,0.811500430107,-0.573835134506
0.605322420597,-0.133684799075,1.39972198009,-0.0503514744341,0.0978659838438,0.81141191721,-0.574018836021
0.605386257172,-0.133713379502,1.3996669054,-0.0501424670219,0.0979813337326,0.811241805553,-0.574257791042
0.605521678925,-0.133723631501,1.39968323708,-0.0503038913012,0.0984551757574,0.810953557491,-0.574569880962
0.605596065521,-0.133748069406,1.39963579178,-0.0506447479129,0.0985374227166,0.810797572136,-0.574745893478
0.605751633644,-0.133748278022,1.39961779118,-0.0506003797054,0.0986918658018,0.81058806181,-0.575018703938
0.605819106102,-0.133676558733,1.39953827858,-0.0517834760249,0.0984245017171,0.810261666775,-0.575419068336
0.606003284454,-0.133601173759,1.399518013,-0.0526772998273,0.098937690258,0.809827268124,-0.575861155987
0.606143772602,-0.133557453752,1.39949893951,-0.0525954067707,0.0989653393626,0.809587061405,-0.576201677322
0.606258332729,-0.133549362421,1.39949119091,-0.0516592264175,0.0984054729342,0.809398829937,-0.576646566391
0.6065351367,-0.133455738425,1.39953041077,-0.0527928732336,0.09910274297,0.808938682079,-0.577070116997
0.606550216675,-0.133487179875,1.39947164059,-0.0502137504518,0.0986523926258,0.809167504311,-0.577056527138
0.606776595116,-0.13341447711,1.39944767952,-0.0524975210428,0.0991747379303,0.808573246002,-0.577596604824
0.606963336468,-0.13339664042,1.3995423317,-0.0525261759758,0.0992910712957,0.808009505272,-0.578362166882
0.60710722208,-0.133328557014,1.39946508408,-0.0523887351155,0.0992700308561,0.807815313339,-0.578649759293
0.60735565424,-0.133256450295,1.39939117432,-0.0521260201931,0.0994815826416,0.807508707047,-0.579064786434
0.60733538866,-0.133240133524,1.39929068089,-0.0516950562596,0.099192738533,0.807403564453,-0.579299509525
0.607659637928,-0.13308262825,1.39940619469,-0.0522392131388,0.0991559028625,0.806937098503,-0.579906702042
0.607972383499,-0.13301435113,1.39936876297,-0.0524547845125,0.0995118170977,0.806529760361,-0.580392837524
0.608039200306,-0.132945686579,1.39951467514,-0.0503428354859,0.0988167077303,0.806540489197,-0.580683648586
0.608206152916,-0.132868543267,1.3994768858,-0.0523280799389,0.0991977974772,0.805906176567,-0.581323325634
0.608395457268,-0.132742241025,1.3994730711,-0.0522476322949,0.0990904048085,0.805967867374,-0.581263363361
0.608593821526,-0.132642924786,1.39946389198,-0.0522512383759,0.0989981964231,0.805635273457,-0.581739723682
0.608753919601,-0.132524728775,1.39946866035,-0.0522421896458,0.0988762527704,0.805241644382,-0.582305788994
0.608854532242,-0.132474705577,1.3994551897,-0.051873061806,0.0987708568573,0.804786145687,-0.582986056805
0.608952105045,-0.132428005338,1.39942526817,-0.0514134727418,0.0987238362432,0.804728925228,-0.583113729954
0.60928684473,-0.132290333509,1.39954376221,-0.0515989400446,0.0990051999688,0.804337561131,-0.583589434624
0.609202325344,-0.132237240672,1.39940345287,-0.0487247556448,0.0987127050757,0.805279314518,-0.582586467266
0.609340429306,-0.132152527571,1.39940738678,-0.0486964024603,0.0983723104,0.804755747318,-0.583369195461
0.609576165676,-0.13200943172,1.3994333744,-0.050142172724,0.0982802957296,0.804225802422,-0.58399271965
0.609774410725,-0.131879270077,1.3994550705,-0.0501849167049,0.0982103645802,0.803972661495,-0.58434933424
0.609899163246,-0.131791636348,1.39944458008,-0.0500563457608,0.0982812270522,0.803783118725,-0.584609091282
0.609997391701,-0.131683543324,1.39940929413,-0.0508120805025,0.0987771824002,0.80347019434,-0.584890544415
0.610020697117,-0.131672516465,1.39927744865,-0.0509121716022,0.0986530557275,0.803372323513,-0.585037052631
0.610220611095,-0.131519064307,1.39930546284,-0.0510844402015,0.0987165346742,0.803170323372,-0.585288703442
0.610429704189,-0.131362572312,1.39939367771,-0.0484668798745,0.0985923856497,0.803310871124,-0.585339307785
0.610530376434,-0.131356611848,1.39929187298,-0.0483850650489,0.0987379327416,0.803252518177,-0.585401713848
0.610753118992,-0.131187289953,1.39930438995,-0.0487158186734,0.0987957417965,0.80291312933,-0.585830032825
0.61083227396,-0.131092175841,1.39927279949,-0.0500009432435,0.0987587347627,0.802673578262,-0.586056172848
0.610863804817,-0.131234139204,1.39943253994,-0.0491700582206,0.0994547605515,0.802382290363,-0.586407363415
0.611054897308,-0.131162196398,1.39935612679,-0.0491371266544,0.0997483581305,0.802345693111,-0.586410462856
0.611171364784,-0.131041377783,1.39933502674,-0.0491695590317,0.0998310446739,0.802279889584,-0.586483836174
0.611295580864,-0.130918860435,1.39931511879,-0.0491861216724,0.0999514013529,0.802311420441,-0.586418509483
0.611464500427,-0.130747571588,1.39941859245,-0.0480595566332,0.100162908435,0.802314639091,-0.586471557617
0.61164355278,-0.130587726831,1.39943909645,-0.0483095385134,0.100269556046,0.802130758762,-0.586684286594
0.611752390862,-0.130387693644,1.39945328236,-0.0506115444005,0.100618295372,0.801768004894,-0.586926460266
0.611860871315,-0.130264058709,1.39943361282,-0.0505996458232,0.100703895092,0.801696360111,-0.587010622025
0.611972033978,-0.130126312375,1.39940810204,-0.0506160892546,0.100735627115,0.801528155804,-0.587233483791
0.612251460552,-0.129974842072,1.3994987011,-0.050984442234,0.101098075509,0.801385700703,-0.587333619595
0.612227022648,-0.129883378744,1.3993639946,-0.0507421866059,0.10116263479,0.80144816637,-0.587258279324
0.612385690212,-0.129785269499,1.39930963516,-0.0506908334792,0.101515129209,0.801415383816,-0.587246596813
0.612378358841,-0.12971945107,1.39916205406,-0.0480773597956,0.101112954319,0.801819801331,-0.586983680725
0.612396895885,-0.129562944174,1.3991881609,-0.048022992909,0.101038001478,0.801851391792,-0.586957871914
0.612484931946,-0.129419222474,1.39915776253,-0.0481138415635,0.101122863591,0.801799714565,-0.587006270885
0.612699210644,-0.129251897335,1.39926588535,-0.0484743975103,0.101432807744,0.801666021347,-0.587105810642
0.612666785717,-0.12912979722,1.39914608002,-0.0495149381459,0.101579450071,0.801883280277,-0.58669680357
0.612685680389,-0.12902623415,1.39909219742,-0.0493521466851,0.101653732359,0.801932573318,-0.586630225182
0.612921118736,-0.128840580583,1.39917993546,-0.0497742779553,0.102007061243,0.801686406136,-0.586869716644
0.612925887108,-0.128741309047,1.39903020859,-0.049609772861,0.102068156004,0.801771700382,-0.586756408215
0.61299520731,-0.128559961915,1.39916193485,-0.0496088974178,0.102159723639,0.801758468151,-0.586758673191
0.613048315048,-0.128404170275,1.39913702011,-0.0482645817101,0.102239906788,0.801881492138,-0.586688816547
0.613123834133,-0.128249704838,1.39912545681,-0.0483317747712,0.10235965997,0.802018582821,-0.586474955082
0.613186299801,-0.128083527088,1.39909946918,-0.0483476556838,0.10243781656,0.802028298378,-0.586446583271
0.613258838654,-0.127947479486,1.39907026291,-0.0483629852533,0.102628067136,0.8019785285,-0.586480200291
0.613291859627,-0.127800494432,1.3990688324,-0.0481828935444,0.102750770748,0.802077770233,-0.586337864399
0.613384842873,-0.12754291296,1.39910793304,-0.048336468637,0.102898202837,0.801816403866,-0.586656630039
0.613539516926,-0.127448156476,1.39913153648,-0.0476742647588,0.102984078228,0.802205979824,-0.586162924767
0.613509714603,-0.127344816923,1.39894413948,-0.0473196804523,0.102997153997,0.802364110947,-0.585972964764
0.613544404507,-0.127204701304,1.39892244339,-0.0473512671888,0.10294432193,0.802340269089,-0.586012423038
0.613578915596,-0.127062603831,1.39890694618,-0.0473475269973,0.103012099862,0.802467048168,-0.585827052593
0.613534927368,-0.126933857799,1.3989200592,-0.0471451617777,0.103037200868,0.802614152431,-0.585637509823
0.613536894321,-0.1268042624,1.39889121056,-0.0470641963184,0.103102944791,0.802641868591,-0.58559435606
0.61355894804,-0.126656666398,1.398858428,-0.0496048852801,0.103996545076,0.802383065224,-0.585581302643
0.61354213953,-0.126541763544,1.39884901047,-0.0497949644923,0.10391998291,0.802479565144,-0.585446417332
0.613489568233,-0.126451015472,1.39881086349,-0.047225471586,0.103614479303,0.803044676781,-0.584938406944
0.613489806652,-0.126315623522,1.39878797531,-0.0471766740084,0.103752635419,0.803339421749,-0.584513068199
0.613559067249,-0.126134157181,1.3987596035,-0.0491916909814,0.104395829141,0.803178310394,-0.584453701973
0.613548576832,-0.126071557403,1.39857971668,-0.0464220196009,0.103906720877,0.803767263889,-0.583957731724
0.613566279411,-0.125944837928,1.39854454994,-0.0465856492519,0.103479422629,0.803417801857,-0.584501206875
0.61354714632,-0.125810459256,1.39852392673,-0.046519447118,0.103444419801,0.803566992283,-0.584307491779
0.613511562347,-0.125694975257,1.39849627018,-0.046368021518,0.10361675173,0.803771615028,-0.584007501602
0.613519370556,-0.125563114882,1.39859104156,-0.0464048869908,0.103830315173,0.803897857666,-0.583792865276
0.613416075706,-0.125514879823,1.39842772484,-0.0460583940148,0.104605548084,0.804563820362,-0.58276361227
0.613391876221,-0.125413641334,1.39839148521,-0.0461346432567,0.104200206697,0.804466605186,-0.582964360714
0.613363623619,-0.12532286346,1.39835655689,-0.0460054390132,0.10430457443,0.804685413837,-0.582653880119
0.613347649574,-0.125213071704,1.39831733704,-0.0459530130029,0.104392915964,0.804977595806,-0.582238435745
0.613388419151,-0.12507031858,1.39842331409,-0.0460526235402,0.104526892304,0.805071115494,-0.582077205181
0.613369464874,-0.124943174422,1.39838421345,-0.0460736714303,0.10454505682,0.805264413357,-0.581804692745
0.613322854042,-0.124826222658,1.3983515501,-0.0460729748011,0.104668587446,0.805501163006,-0.58145481348
0.613262236118,-0.124706551433,1.39838910103,-0.0460296422243,0.104688413441,0.805762529373,-0.581092357635
0.613236904144,-0.124583743513,1.39836931229,-0.0458928458393,0.104830428958,0.806099116802,-0.580610632896
0.613212347031,-0.124487638474,1.39835977554,-0.0458030216396,0.104988105595,0.806355953217,-0.580232322216
0.613197803497,-0.124396532774,1.39834833145,-0.0457656830549,0.105170793831,0.806621491909,-0.579833090305
0.61331474781,-0.124228797853,1.39847362041,-0.0459685176611,0.105090722442,0.806759893894,-0.579638898373
0.613141655922,-0.124202892184,1.39834415913,-0.0455661937594,0.105059526861,0.806902945042,-0.579477310181
0.613036036491,-0.124150879681,1.39831864834,-0.0452807322145,0.105047218502,0.807169318199,-0.579130887985
0.613046765327,-0.124087005854,1.39827680588,-0.0451818853617,0.105312362313,0.807445704937,-0.578704833984
0.61300945282,-0.12393271178,1.39831888676,-0.0451286807656,0.105160705745,0.808061897755,-0.577875912189
0.612954616547,-0.123854622245,1.39821302891,-0.0449406653643,0.105180829763,0.808354854584,-0.577477097511
0.61296659708,-0.123724132776,1.39833784103,-0.0449668131769,0.105257518589,0.808549463749,-0.577188551426
0.612821817398,-0.123715758324,1.39817762375,-0.0444824807346,0.105323150754,0.809002637863,-0.57657879591
0.612898349762,-0.123520776629,1.39832031727,-0.0447847284377,0.105358511209,0.809116125107,-0.576389551163
0.612892687321,-0.123420722783,1.39834558964,-0.0447402484715,0.1054129228,0.809390544891,-0.575997650623
0.612855434418,-0.123330317438,1.39834451675,-0.0445255115628,0.10542267561,0.809762835503,-0.575488984585
0.612764716148,-0.123281978071,1.3983117342,-0.0441277250648,0.105483166873,0.810128629208,-0.574993669987
0.612712025642,-0.123211547732,1.39832627773,-0.0439168848097,0.105550669134,0.810383617878,-0.574637889862
0.612648308277,-0.123176954687,1.3983219862,-0.0436771251261,0.105927705765,0.810643494129,-0.574220001698
0.612672567368,-0.123048849404,1.39834880829,-0.043457262218,0.105677135289,0.810901343822,-0.573918938637
0.612661838531,-0.122970804572,1.39827632904,-0.0433144494891,0.105765581131,0.81111907959,-0.573605597019
0.612586259842,-0.122957825661,1.39825880527,-0.0431806519628,0.106186978519,0.811169147491,-0.57346701622
0.612638354301,-0.122825987637,1.39827466011,-0.0430472455919,0.106046140194,0.811495602131,-0.573040962219
0.612680315971,-0.122745990753,1.3983476162,-0.0432053096592,0.106516987085,0.811478316784,-0.57296615839
0.612583398819,-0.12267190218,1.39828526974,-0.0429262816906,0.106522955,0.811853826046,-0.572453916073
0.612623155117,-0.1225566715,1.39829611778,-0.0427292883396,0.106351226568,0.812070608139,-0.572193145752
0.612624824047,-0.122462496161,1.39829921722,-0.0426264367998,0.106445364654,0.812263965607,-0.571908950806
0.612629473209,-0.122367829084,1.39829444885,-0.0425369031727,0.106560111046,0.812464952469,-0.571608603001
0.612660050392,-0.122240774333,1.39842891693,-0.0424749217927,0.10657992959,0.812622725964,-0.571385025978
0.612660109997,-0.122150555253,1.3984297514,-0.0422415360808,0.106723725796,0.812991261482,-0.570851027966
0.612649798393,-0.122065834701,1.39842832088,-0.0420503169298,0.106859609485,0.813182771206,-0.570566952229
0.612639307976,-0.121955826879,1.39842569828,-0.041932426393,0.106909558177,0.813301920891,-0.57039642334
0.61259162426,-0.121893040836,1.3984310627,-0.0418163351715,0.107225000858,0.813453912735,-0.570128917694
0.612601101398,-0.121794782579,1.39843046665,-0.0417100936174,0.107309892774,0.813588380814,-0.569928884506
0.612707912922,-0.121650747955,1.39848339558,-0.0420043468475,0.10743457824,0.813808143139,-0.569569706917
0.612721800804,-0.121549814939,1.39849066734,-0.0419417098165,0.107518695295,0.813939154148,-0.569371402264
0.612741291523,-0.121420919895,1.39839792252,-0.0417334809899,0.107275038958,0.814207494259,-0.569048702717
0.612711131573,-0.121355637908,1.39839839935,-0.0417341515422,0.107742480934,0.81426268816,-0.568881511688
0.612741947174,-0.121247701347,1.39838516712,-0.0417264439166,0.107927598059,0.814321815968,-0.568762302399
0.612751662731,-0.121135167778,1.3983951807,-0.0416565611959,0.108066931367,0.814361870289,-0.568683564663
0.612794458866,-0.121032357216,1.39840507507,-0.0416571758687,0.108262076974,0.814418137074,-0.568565666676
0.612881600857,-0.120932646096,1.39837038517,-0.0416912175715,0.10856859386,0.814425706863,-0.568494081497
0.612952172756,-0.120799206197,1.3983733654,-0.0417595840991,0.108695700765,0.814402461052,-0.568498075008
0.61308246851,-0.120577186346,1.39850461483,-0.0419001206756,0.108559072018,0.814635455608,-0.568179786205
0.613107025623,-0.120475031435,1.39849543571,-0.041806910187,0.108627706766,0.81442373991,-0.568477153778
0.612980306149,-0.12036652863,1.39840054512,-0.041372962296,0.108409397304,0.814478397369,-0.568472087383
0.613060832024,-0.120183631778,1.39840912819,-0.0414307303727,0.108404785395,0.81431722641,-0.568699598312
0.613060295582,-0.120077818632,1.39829099178,-0.0411807373166,0.108551189303,0.814398646355,-0.568573415279
0.613165438175,-0.119874686003,1.39842092991,-0.0413541533053,0.108715362847,0.814293026924,-0.568680763245
0.613263487816,-0.119699113071,1.39844560623,-0.0415184162557,0.108930572867,0.814550936222,-0.568257987499
0.613339424133,-0.119562737644,1.39845502377,-0.0415624864399,0.109030522406,0.814556479454,-0.568227827549
0.613394379616,-0.119398452342,1.39851748943,-0.0415668971837,0.109062083066,0.814504384995,-0.568295896053
0.613458395004,-0.119271710515,1.3985311985,-0.0415399000049,0.109308674932,0.814466416836,-0.568304896355
0.613560557365,-0.119086012244,1.39853179455,-0.0416285172105,0.109512038529,0.814342558384,-0.568436801434
0.61363697052,-0.1189442873,1.39854431152,-0.0416398346424,0.109680712223,0.814234137535,-0.568558752537
0.613716542721,-0.118787199259,1.3985543251,-0.0415249094367,0.110224820673,0.814417362213,-0.568199336529
0.613842904568,-0.118673816323,1.39850926399,-0.0413714051247,0.11063285172,0.814388632774,-0.568172395229
0.613820075989,-0.11854044348,1.39852654934,-0.041082970798,0.110686287284,0.814387142658,-0.568185091019
0.613893270493,-0.118382401764,1.39853894711,-0.0410922877491,0.110915847123,0.814239501953,-0.568351328373
0.614038288593,-0.118149362504,1.39858877659,-0.0411906279624,0.111151956022,0.814016759396,-0.568616986275
0.614150166512,-0.117996066809,1.39855146408,-0.0413112677634,0.111074879766,0.813471198082,-0.569403588772
0.61413359642,-0.117845058441,1.39848279953,-0.0409117899835,0.111422836781,0.813728809357,-0.56899613142
0.614402532578,-0.117610923946,1.3986235857,-0.041298635304,0.111633941531,0.813272833824,-0.5695784688
0.614418208599,-0.117460183799,1.39864242077,-0.0413673594594,0.111673936248,0.812767326832,-0.570286691189
0.614402770996,-0.117278188467,1.39855825901,-0.0407813750207,0.111274696887,0.812761425972,-0.570415437222
0.61442220211,-0.117150820792,1.39866495132,-0.0404632762074,0.112050645053,0.812894880772,-0.570095956326
0.614499568939,-0.116947621107,1.39870107174,-0.040351446718,0.112131990492,0.812785506248,-0.570243656635
0.614678025246,-0.1167832762,1.39878809452,-0.0402387902141,0.112303748727,0.812599658966,-0.570482671261
0.614656805992,-0.116593405604,1.3987467289,-0.0400661230087,0.112498156726,0.812578558922,-0.570486545563
0.614760696888,-0.116371065378,1.39878976345,-0.040197096765,0.112499810755,0.812290906906,-0.570886552334
0.615058779716,-0.116174243391,1.39887213707,-0.0405146293342,0.113017566502,0.811892926693,-0.571327865124
0.61508089304,-0.11592644453,1.39882481098,-0.0403762497008,0.112786084414,0.811673700809,-0.571694731712
0.615175068378,-0.115782931447,1.39894378185,-0.0402737297118,0.112958267331,0.811570107937,-0.571814954281
0.615355432034,-0.115539073944,1.39903199673,-0.0403823032975,0.113028071821,0.811376333237,-0.57206851244
0.615464448929,-0.11533331126,1.39907038212,-0.0402847453952,0.113085642457,0.811323881149,-0.572138369083
0.615597426891,-0.115152478218,1.39909589291,-0.0400995276868,0.11324608326,0.811225056648,-0.572259843349
0.615742623806,-0.114945650101,1.39911794662,-0.0401282608509,0.113299615681,0.811156690121,-0.572344124317
0.615872442722,-0.114799439907,1.39905822277,-0.0398441143334,0.113559514284,0.811129748821,-0.572350561619
0.61599367857,-0.11454757303,1.39911866188,-0.0396224819124,0.113256126642,0.811033368111,-0.572562754154
0.616096436977,-0.114383891225,1.39902567863,-0.0393153317273,0.113185077906,0.810932397842,-0.572740972042
0.616300046444,-0.114161789417,1.39907777309,-0.0393168069422,0.113296829164,0.810805737972,-0.572897911072
0.616470098495,-0.113867804408,1.39906466007,-0.0393874868751,0.113081887364,0.810699880123,-0.573085427284
0.616680443287,-0.113612011075,1.39918863773,-0.039454177022,0.113215222955,0.810549199581,-0.573267459869
0.616836428642,-0.113390371203,1.39916658401,-0.0394118577242,0.11329343915,0.810497820377,-0.573327600956
0.617019116879,-0.113166324794,1.39917516708,-0.0392654873431,0.113459572196,0.810399830341,-0.573443353176
0.617182314396,-0.112924180925,1.39918744564,-0.0393337719142,0.113467298448,0.810168504715,-0.573763847351
0.617477059364,-0.112631238997,1.39931297302,-0.0394324623048,0.11366404593,0.809940695763,-0.574039578438
0.617803096771,-0.112339481711,1.39932632446,-0.0396586023271,0.113662108779,0.809607982635,-0.574493765831
0.617876052856,-0.112132869661,1.39927875996,-0.0392451137304,0.113657161593,0.809522986412,-0.574642777443
0.617977440357,-0.111888676882,1.39917373657,-0.0389518588781,0.113571062684,0.809414148331,-0.574833035469
0.618119776249,-0.111651040614,1.3992023468,-0.0390064641833,0.113834187388,0.809101164341,-0.57521802187
0.618319630623,-0.11136174947,1.39924550056,-0.0390746816993,0.113658875227,0.808741688728,-0.575753092766
0.618624150753,-0.110911540687,1.39946079254,-0.0394909232855,0.113559275866,0.808377146721,-0.576256155968
0.618750095367,-0.110673889518,1.39942884445,-0.0397356450558,0.113712660968,0.808177113533,-0.576489567757
0.618970930576,-0.110322728753,1.39943528175,-0.0390890017152,0.113819897175,0.807901859283,-0.576898336411
0.619129061699,-0.110046520829,1.39935624599,-0.0385732091963,0.113465458155,0.807487308979,-0.577582895756
0.619299173355,-0.109711684287,1.39940738678,-0.0387370251119,0.113728396595,0.807135879993,-0.578011333942
0.619645178318,-0.109381735325,1.39943790436,-0.0390697717667,0.114265702665,0.80672544241,-0.578455626965
0.619844794273,-0.10903057456,1.39936232567,-0.0387285202742,0.114166714251,0.806328713894,-0.579051077366
0.620101869106,-0.1086910218,1.39940059185,-0.038858551532,0.114382781088,0.805659234524,-0.579931020737
0.620325922966,-0.108317919075,1.39940941334,-0.039018753916,0.114640362561,0.805202484131,-0.58050340414
0.620539069176,-0.107938788831,1.39955532551,-0.0389191992581,0.114915251732,0.804882645607,-0.580899059772
0.620840489864,-0.107576787472,1.39949774742,-0.038919262588,0.115285955369,0.804144024849,-0.581847786903
0.621151685715,-0.10717856884,1.3995308876,-0.0391598008573,0.11592040956,0.803541243076,-0.582537889481
0.621204257011,-0.106868185103,1.39944672585,-0.0387062579393,0.116083420813,0.803255438805,-0.582929909229
0.621603965759,-0.106475777924,1.39954459667,-0.0409856960177,0.114707559347,0.802436292171,-0.58417314291
0.621859610081,-0.106057189405,1.39950811863,-0.0389294475317,0.117288798094,0.80229049921,-0.584001541138
0.622078001499,-0.105656728148,1.39950370789,-0.0389008559287,0.117802016437,0.801735341549,-0.58466219902
0.622265100479,-0.105200588703,1.39950430393,-0.038499917835,0.117616899312,0.801539063454,-0.584995150566
0.622417628765,-0.104788154364,1.39938628674,-0.0381277091801,0.117724135518,0.801280915737,-0.585351347923
0.622673034668,-0.104363650084,1.39949822426,-0.037862226367,0.118109419942,0.800834953785,-0.585901021957
0.622917056084,-0.103677615523,1.39915776253,-0.0377947241068,0.117420129478,0.800951361656,-0.585884809494
0.623373568058,-0.103066593409,1.39942240715,-0.0381005220115,0.117719002068,0.800587713718,-0.586301922798
0.623550593853,-0.102665282786,1.39926433563,-0.0374929085374,0.11784683913,0.800271272659,-0.586747348309
0.623866200447,-0.10209967196,1.39910185337,-0.0370802767575,0.117595769465,0.800179302692,-0.586949288845
0.624078571796,-0.101576820016,1.39912128448,-0.0367870330811,0.117468290031,0.799952983856,-0.587301492691
0.624251067638,-0.101159982383,1.3990008831,-0.0359657481313,0.117641247809,0.80009585619,-0.587123155594
0.624782562256,-0.100508667529,1.39916825294,-0.0358660519123,0.117578238249,0.799864649773,-0.587456822395
0.625161230564,-0.0999688282609,1.39917039871,-0.0357721075416,0.117168605328,0.799379348755,-0.588204443455
0.625483751297,-0.0994160026312,1.39918017387,-0.0352413915098,0.117516763508,0.799622356892,-0.587836623192
0.62585568428,-0.0988060235977,1.39923226833,-0.0349318683147,0.117424316704,0.799468457699,-0.588082969189
0.62616533041,-0.0982573330402,1.39922344685,-0.0345918238163,0.11696793139,0.799106001854,-0.588686347008
0.626528263092,-0.0977076888084,1.39914870262,-0.0341076441109,0.117567703128,0.799248278141,-0.588401913643
0.627037465572,-0.0970488190651,1.399330616,-0.0337062142789,0.11712334305,0.798897385597,-0.588989973068
0.627458810806,-0.0964427813888,1.39932560921,-0.0334791131318,0.11766191572,0.798909723759,-0.588878691196
0.62792289257,-0.0959081202745,1.39946365356,-0.0331790409982,0.118265122175,0.79871493578,-0.589039027691
0.62843132019,-0.0952584370971,1.39949131012,-0.0331109017134,0.118524491787,0.798534154892,-0.589235723019
0.628911316395,-0.0946186557412,1.39966988564,-0.0337379425764,0.118754811585,0.798047184944,-0.589813351631
0.629152595997,-0.0939825326204,1.39947009087,-0.0330783985555,0.11855481565,0.797975838184,-0.589987456799
0.629698395729,-0.0933378338814,1.3994743824,-0.0327024273574,0.119127161801,0.797522604465,-0.590505719185
0.630096137524,-0.0926572158933,1.39956355095,-0.0325387865305,0.1189962551,0.797188878059,-0.590991556644
0.630469620228,-0.0920446962118,1.39949512482,-0.0321354195476,0.119174569845,0.796867489815,-0.591411054134
0.630895316601,-0.0914053097367,1.39952766895,-0.0315113514662,0.119569122791,0.796406686306,-0.591985344887
0.631322324276,-0.0907451286912,1.39945697784,-0.0311218667775,0.119688212872,0.79599404335,-0.592536687851
0.631874680519,-0.0900020897388,1.39948260784,-0.0310185067356,0.120096072555,0.795429825783,-0.593216836452
0.632377684116,-0.089223280549,1.39966213703,-0.0307603031397,0.120189867914,0.794672429562,-0.594225525856
0.632900893688,-0.0886091440916,1.39966166019,-0.0302941184491,0.120753251016,0.794046521187,-0.59497153759
0.633231461048,-0.0879255831242,1.39961910248,-0.0296429619193,0.1208300367,0.793592810631,-0.595593810081
0.63364636898,-0.0871896743774,1.39961147308,-0.0292195789516,0.120756015182,0.792937159538,-0.596502125263
0.634130775928,-0.0864701271057,1.39978373051,-0.0285750161856,0.121061399579,0.792428195477,-0.597147583961
0.634696364403,-0.0856418386102,1.39983510971,-0.0285096913576,0.121124319732,0.791512310505,-0.598351359367
0.6350684762,-0.0849237069488,1.39968800545,-0.027781970799,0.121361225843,0.790947198868,-0.599084436893
0.635520040989,-0.084236882627,1.39976859093,-0.0269081629813,0.121600307524,0.79037296772,-0.599833190441
0.636059463024,-0.083422601223,1.3999825716,-0.026626188308,0.121803209186,0.789504230022,-0.600947737694
0.636562883854,-0.0824994444847,1.39989924431,-0.0260754227638,0.12127700448,0.788657128811,-0.602189481258
0.636793494225,-0.0817656069994,1.39981222153,-0.0249620322138,0.121134370565,0.788155972958,-0.60292083025
0.637348234653,-0.0810699760914,1.39994573593,-0.0245162751526,0.121569558978,0.78758174181,-0.603601515293
0.637798905373,-0.0802345722914,1.40004920959,-0.0238611549139,0.121586501598,0.786861181259,-0.604563474655
0.638234674931,-0.079266615212,1.40013217926,-0.0232456997037,0.121377460659,0.785827815533,-0.605971813202
0.638686537743,-0.0785707682371,1.40025794506,-0.0223782211542,0.121857203543,0.785476148129,-0.60636395216
0.639268875122,-0.0776533931494,1.40055203438,-0.0221850462258,0.121802300215,0.784412562847,-0.607757389545
0.639762222767,-0.0768190026283,1.40069663525,-0.0214310772717,0.122099563479,0.783760666847,-0.608565270901
0.640084564686,-0.0759471133351,1.40079748631,-0.0205173958093,0.121868595481,0.782956004143,-0.609677910805
0.640537798405,-0.0750126764178,1.40093421936,-0.0198527723551,0.121893271804,0.782132506371,-0.610750973225
0.640904128551,-0.0742950290442,1.40088331699,-0.0188701972365,0.121995642781,0.781928062439,-0.611023485661
0.641326785088,-0.0732715949416,1.4009629488,-0.0180412512273,0.121879749,0.781028091908,-0.612221300602
0.641729831696,-0.0723620727658,1.40118587017,-0.017295897007,0.121624030173,0.78019618988,-0.61335337162
0.642280042171,-0.0714064761996,1.40135622025,-0.0169066414237,0.121730327606,0.779388666153,-0.614369094372
0.642795622349,-0.0706751570106,1.40160441399,-0.0163411870599,0.122055798769,0.778984487057,-0.614832162857
0.643117547035,-0.0696776360273,1.40159404278,-0.0155563279986,0.121742345393,0.778314709663,-0.615762233734
0.643431663513,-0.0686173588037,1.40165328979,-0.0146795883775,0.121467493474,0.777673363686,-0.616647660732
0.643867790699,-0.0678167566657,1.40212500095,-0.0139263048768,0.121766120195,0.776853919029,-0.617638289928
0.644209325314,-0.0667155757546,1.40222048759,-0.0133011611179,0.121358379722,0.776504814625,-0.618171095848
0.644818603992,-0.0658024847507,1.40222883224,-0.0128114065155,0.121719002724,0.775591254234,-0.619256436825
0.644986271858,-0.0648902654648,1.40216338634,-0.0116438213736,0.121388413012,0.775337100029,-0.619662463665
0.645637869835,-0.0640342459083,1.40250134468,-0.0115000167862,0.121341787279,0.774569272995,-0.620633780956
0.64589291811,-0.0628837868571,1.402541399,-0.0105797844008,0.121496520936,0.774224102497,-0.621050596237
0.646198928356,-0.0618237927556,1.40251779556,-0.00998562667519,0.121245466173,0.773742556572,-0.621709227562
0.646579504013,-0.0607769750059,1.40272438526,-0.0094214566052,0.120983101428,0.77340644598,-0.622187197208
0.646928966045,-0.0597472451627,1.40303397179,-0.00897459033877,0.120739921927,0.772934019566,-0.622827887535
0.647537529469,-0.0587487667799,1.40295231342,-0.00863960478455,0.12136503309,0.772321224213,-0.623470783234
0.648002386093,-0.0576856359839,1.40299272537,-0.0081201530993,0.121161870658,0.771766483784,-0.62420386076
0.648324966431,-0.0567595288157,1.40298604965,-0.00754092214629,0.121289804578,0.772067844868,-0.623813450336
0.648853540421,-0.0555828586221,1.40314567089,-0.00737292645499,0.121179543436,0.77098107338,-0.62517952919
0.649246931076,-0.0546197146177,1.40353739262,-0.00684842839837,0.121417328715,0.770943820477,-0.62518543005
0.649785518646,-0.0535533539951,1.40319824219,-0.00661326898262,0.121383078396,0.77080065012,-0.625371038914
0.650258660316,-0.0525520145893,1.40330934525,-0.006195851136,0.121728479862,0.770389974117,-0.625813961029
0.650540113449,-0.0512250810862,1.40301001072,-0.00580988265574,0.120822533965,0.770102918148,-0.626346409321
0.651102662086,-0.050465863198,1.40374302864,-0.00514322053641,0.121732227504,0.769754827023,-0.626603841782
0.651523053646,-0.049034062773,1.40292596817,-0.00513396691531,0.120836853981,0.769658327103,-0.626895725727
0.651917695999,-0.0477314256132,1.40312576294,-0.00493169529364,0.120415791869,0.769716560841,-0.626906752586
0.652519643307,-0.0465756244957,1.40313518047,-0.00493166502565,0.120365463197,0.769356429577,-0.627358496189
0.653068959713,-0.0457645021379,1.4026902914,-0.00365658383816,0.120989732444,0.769399225712,-0.627194643021
0.653506875038,-0.0443485304713,1.40277242661,-0.00388944009319,0.1201896891,0.769058525562,-0.627764523029
0.654049754143,-0.0432999879122,1.4022128582,-0.00318959029391,0.120412431657,0.769122481346,-0.627647459507
0.654387712479,-0.0421303845942,1.40215301514,-0.00265225139447,0.119766376913,0.769295036793,-0.627562046051
0.654965043068,-0.0411206521094,1.40160238743,-0.00206849118695,0.120037101209,0.7691167593,-0.627731084824
0.65523993969,-0.039927970618,1.40148484707,-0.00134844670538,0.119451679289,0.769130825996,-0.62782740593
0.656075835228,-0.038891736418,1.40108025074,-0.00140277086757,0.11998795718,0.76874345541,-0.628199458122
0.656413733959,-0.0378015227616,1.40103089809,-0.000511150457896,0.119754828513,0.769005894661,-0.627923965454
0.656826496124,-0.0367526635528,1.40010511875,0.000303727661958,0.119547471404,0.769005596638,-0.627963960171
0.657158374786,-0.0356977507472,1.39996314049,0.000939021934755,0.119316548109,0.769189059734,-0.627782583237
0.657745659351,-0.0347553938627,1.3991932869,0.00167569762561,0.119731985033,0.769122242928,-0.627783834934
0.658348023891,-0.0337669178843,1.39930653572,0.00178884924389,0.120248220861,0.76905298233,-0.627769589424
0.658867061138,-0.0326696373522,1.39857971668,0.001998282969,0.120001979172,0.768893241882,-0.628011822701
0.659043848515,-0.0319188721478,1.398234725,0.00327635835856,0.120306812227,0.768984735012,-0.627836048603
0.659669578075,-0.0308332927525,1.39750790596,0.00316018844023,0.120566979051,0.769052088261,-0.62770408392
0.660059988499,-0.0297252237797,1.39742815495,0.00313054537401,0.120437771082,0.769020676613,-0.627767562866
0.660546481609,-0.0290030911565,1.39673411846,0.00365895475261,0.121081143618,0.768815100193,-0.627892792225
0.66098845005,-0.0279664937407,1.39661693573,0.00354579137638,0.12139582634,0.768843889236,-0.627797544003
0.661234498024,-0.0273219272494,1.39586794376,0.00442941393703,0.122162818909,0.768852829933,-0.627632081509
0.661581277847,-0.0263664480299,1.39582657814,0.00430705305189,0.122388370335,0.769044578075,-0.627354085445
0.66226631403,-0.025481229648,1.3952703476,0.00370747386478,0.123275801539,0.76866620779,-0.627647578716
0.662538945675,-0.0247145127505,1.39525365829,0.00352370995097,0.12364551425,0.768964707851,-0.627210199833
0.663020610809,-0.0238085277379,1.39458787441,0.00304441456683,0.124151140451,0.769080817699,-0.626970469952
0.663446247578,-0.0230951439589,1.39431703091,0.00283415359445,0.125213652849,0.769199192524,-0.626614928246
0.663547277451,-0.0220851060003,1.39417243004,0.00279204663821,0.1248761639,0.769312977791,-0.626542806625
0.663913726807,-0.0213936697692,1.39360487461,0.00233954307623,0.125371590257,0.769261837006,-0.626508414745
0.664426207542,-0.0207881648093,1.3935174942,0.00190996122546,0.127212584019,0.769309520721,-0.626080095768
0.664608538151,-0.0198095738888,1.39356637001,0.00104567070957,0.12704230845,0.769863843918,-0.625434994698
0.665356040001,-0.0188960563391,1.39300513268,-0.000415800284827,0.128165990114,0.769597113132,-0.625534653664
0.665871202946,-0.0178495794535,1.39277243614,-0.00184699508827,0.127726733685,0.769697070122,-0.625498950481
0.665937840939,-0.0171891096979,1.39288580418,-0.00226205890067,0.12895193696,0.770009994507,-0.62486076355
0.666303098202,-0.0165345910937,1.39247345924,-0.00281005422585,0.129876092076,0.770056962967,-0.624609231949
0.666572093964,-0.0157733298838,1.3923624754,-0.00364456837997,0.130052089691,0.770170509815,-0.624428153038
0.666756689548,-0.0150955691934,1.39221251011,-0.00380290485919,0.130907744169,0.770515680313,-0.623822391033
0.666815936565,-0.0142760025337,1.39229345322,-0.00442951405421,0.130988001823,0.770935475826,-0.62328261137
0.66718775034,-0.0137345874682,1.39207816124,-0.00532453414053,0.132117047906,0.770949244499,-0.623020112514
0.667209804058,-0.013230426237,1.39190816879,-0.00545723410323,0.132757350802,0.771054923534,-0.622751951218
0.667143881321,-0.0126300351694,1.39224219322,-0.00585869979113,0.132987767458,0.771696031094,-0.621904611588
0.667552530766,-0.0117817549035,1.3920994997,-0.00747007504106,0.133745923638,0.771723270416,-0.621690750122
0.667595803738,-0.0112598203123,1.3915605545,-0.00784183107316,0.134344816208,0.772006809711,-0.621204972267
0.667837202549,-0.0105380909517,1.39158284664,-0.00922523159534,0.134747385979,0.771943569183,-0.621177256107
0.667969167233,-0.00992378033698,1.39191281796,-0.0102043114603,0.134805426002,0.771814286709,-0.621309936047
0.668070197105,-0.0093896696344,1.39134562016,-0.0108313299716,0.136079877615,0.77247428894,-0.620200455189
0.668152749538,-0.00894358661026,1.39119315147,-0.01146644447,0.137033209205,0.772960960865,-0.619372189045
0.667626261711,-0.00838439539075,1.39118218422,-0.0115807205439,0.136585623026,0.773539245129,-0.618746697903
0.668191254139,-0.00767521653324,1.39122498035,-0.0136860813946,0.137917563319,0.77351140976,-0.618442893028
0.668145895004,-0.00698078330606,1.39057600498,-0.0146022196859,0.137976303697,0.773984134197,-0.617817103863
0.668052852154,-0.00637536868453,1.39066636562,-0.0155860977247,0.138099357486,0.774258434772,-0.617421686649
0.668049395084,-0.00584506988525,1.39052271843,-0.0165824126452,0.138536736369,0.774669408798,-0.616781890392
0.668142676353,-0.00539474375546,1.39016401768,-0.0174053255469,0.139339312911,0.775117278099,-0.616015315056
0.667739093304,-0.00515145156533,1.39040648937,-0.0175420250744,0.13974827528,0.775789856911,-0.615071356297
0.667824864388,-0.00445345928892,1.38990151882,-0.0188658926636,0.140084311366,0.776197433472,-0.614441275597
0.66770619154,-0.00398460589349,1.38967621326,-0.019749019295,0.140629917383,0.776827991009,-0.613491237164
0.667936623096,-0.00315805501305,1.38981747627,-0.022000072524,0.140689983964,0.776889145374,-0.613323390484
0.667881309986,-0.0027764106635,1.38937866688,-0.0227600708604,0.141222700477,0.777253985405,-0.61271071434
0.66772967577,-0.00219491124153,1.38910901546,-0.0239225756377,0.141578018665,0.77785885334,-0.611816167831
0.667408168316,-0.00194375473075,1.38943958282,-0.0244086943567,0.142230495811,0.778637230396,-0.610654354095
0.667378544807,-0.00159906991757,1.38954401016,-0.0254486091435,0.143201872706,0.779161810875,-0.609715044498
0.667349696159,-0.00129452114925,1.38927340508,-0.0264229550958,0.144048318267,0.779610812664,-0.608899712563
0.667281091213,-0.000361779239029,1.38901805878,-0.0285968109965,0.14351478219,0.78029435873,-0.608051419258
0.667142868042,3.86305619031e-05,1.3888553381,-0.029621405527,0.14424186945,0.780823528767,-0.607150197029
0.667319357395,0.000646191998385,1.38893604279,-0.031879413873,0.144891858101,0.781457722187,-0.606064260006
0.667355120182,0.000916899298318,1.38906502724,-0.0332630574703,0.14613558352,0.781751096249,-0.60531270504
0.667251586914,0.00147183763329,1.38892805576,-0.0348775945604,0.146658822894,0.782433509827,-0.604212343693
0.66713064909,0.00201921910048,1.38877105713,-0.0365441814065,0.146955996752,0.783003568649,-0.60330247879
0.667535662651,0.00253461697139,1.38886022568,-0.0389485023916,0.148832604289,0.783346772194,-0.602245628834
0.667553007603,0.00291223265231,1.38851714134,-0.0405545085669,0.149680569768,0.783585131168,-0.601618945599
0.667228877544,0.00334426714107,1.38888156414,-0.0417981483042,0.15007686615,0.78456056118,-0.600162148476
0.667110085487,0.00377288763411,1.38887476921,-0.0434069782495,0.151016294956,0.785359203815,-0.59876614809
0.667039096355,0.00443225167692,1.38887131214,-0.0454411394894,0.151254117489,0.785574436188,-0.598272562027
0.666841924191,0.00459515396506,1.38862216473,-0.0462379828095,0.152709662914,0.786114871502,-0.597130954266
0.667096078396,0.0053334874101,1.38851392269,-0.0491775609553,0.153325200081,0.786780178547,-0.595860540867
0.666757762432,0.00582886766642,1.38870573044,-0.0506612285972,0.153614386916,0.78735691309,-0.594899356365
0.666867852211,0.00620333943516,1.38890218735,-0.0528100132942,0.155334785581,0.787745833397,-0.593749761581
0.666668474674,0.00669451942667,1.38855934143,-0.0541547387838,0.155420020223,0.788107275963,-0.593126356602
0.66672617197,0.00728986365721,1.38835942745,-0.056426115334,0.156125187874,0.788610935211,-0.592058956623
0.666729211807,0.00789639726281,1.38887608051,-0.0589791424572,0.156923860312,0.78891980648,-0.591186881065
0.666784286499,0.00830982532352,1.38878381252,-0.0608460195363,0.158083721995,0.788939893246,-0.590661644936
0.666535258293,0.00896031036973,1.38850295544,-0.0626639053226,0.158085972071,0.789598405361,-0.589590072632
0.66657179594,0.00957364123315,1.3886963129,-0.0652293413877,0.158796548843,0.789347589016,-0.589456737041
0.666320919991,0.00999537296593,1.38905239105,-0.066667072475,0.159654527903,0.789891958237,-0.588333845139
0.666287600994,0.0104735735804,1.38875520229,-0.0685762837529,0.160175636411,0.789920091629,-0.587934851646
0.666108131409,0.0111990664154,1.38842558861,-0.0706405118108,0.160234704614,0.790379464626,-0.587056279182
0.666145265102,0.0118250930682,1.38891899586,-0.0732615739107,0.160974219441,0.790271639824,-0.586677730083
0.665967643261,0.0121221104637,1.38908982277,-0.0746216997504,0.16192740202,0.790095210075,-0.586481690407
0.665989875793,0.0128956921399,1.38863933086,-0.0770498737693,0.162158027291,0.790204882622,-0.58595597744
0.665817201138,0.0134155871347,1.38860881329,-0.078724950552,0.162305593491,0.790396511555,-0.585433721542
0.665694892406,0.0138760134578,1.38900768757,-0.0804269015789,0.163147166371,0.790432929993,-0.584919214249
0.665548682213,0.0144407870248,1.38901650906,-0.0822806954384,0.163443177938,0.790171325207,-0.584931969643
0.66545689106,0.0151446005329,1.38869714737,-0.0841900855303,0.163482069969,0.790067136288,-0.584790229797
0.665156066418,0.0156833399087,1.3885781765,-0.0853012800217,0.163603708148,0.790250003338,-0.584347963333
0.664963841438,0.0162949673831,1.38895046711,-0.087018571794,0.163816839457,0.790200531483,-0.58410179615
0.665047287941,0.0166764426976,1.3892134428,-0.0888277739286,0.16506396234,0.790079295635,-0.583642303944
0.664974808693,0.017345527187,1.3892673254,-0.0904771536589,0.165259987116,0.789956688881,-0.583499193192
0.66467744112,0.0179760418832,1.38906741142,-0.0915916785598,0.164848282933,0.790097355843,-0.583251535892
0.66452974081,0.0184882394969,1.38886928558,-0.092663526535,0.165044009686,0.790143728256,-0.582963824272
0.664550185204,0.018985234201,1.38944959641,-0.0943303778768,0.166186988354,0.789807200432,-0.582827746868
0.66428732872,0.0197374615818,1.38923621178,-0.095694616437,0.165582880378,0.790146827698,-0.582316875458
0.664224982262,0.0202604867518,1.38950634003,-0.0971981063485,0.166004911065,0.790040373802,-0.582092046738
0.664100289345,0.0206188224256,1.38965463638,-0.0978294610977,0.166717618704,0.790198683739,-0.581567525864
0.663793742657,0.0212334319949,1.38920402527,-0.0989322736859,0.166044518352,0.790474057198,-0.581199109554
0.6638712883,0.0217226743698,1.38982057571,-0.100388042629,0.166901707649,0.790570914745,-0.580571949482
0.664178669453,0.0226436369121,1.38977921009,-0.102933079004,0.167082414031,0.789955079556,-0.580912530422
0.664026319981,0.022908879444,1.38988816738,-0.103433765471,0.167742401361,0.78997272253,-0.58060926199
0.663971424103,0.0234781317413,1.38956928253,-0.104608550668,0.167478755116,0.790291905403,-0.580040276051
0.663713514805,0.0238541960716,1.38965809345,-0.105267293751,0.167699664831,0.790597259998,-0.579440772533
0.663601219654,0.0242456793785,1.38971459866,-0.105996564031,0.168086722493,0.790786623955,-0.57893705368
0.663204431534,0.0247909240425,1.38953864574,-0.106286033988,0.167246446013,0.791072309017,-0.578737080097
0.663096249104,0.0252662152052,1.38955390453,-0.107137076557,0.167390838265,0.791188180447,-0.578379929066
0.663383841515,0.0255774222314,1.38988018036,-0.108355343342,0.168735235929,0.79111468792,-0.577862679958
0.663073956966,0.0261614602059,1.38974428177,-0.108937054873,0.167904093862,0.791127622128,-0.577977597713
0.663172662258,0.0264237001538,1.38995671272,-0.109762810171,0.168921232224,0.79120194912,-0.577422916889
0.663056075573,0.0269884876907,1.38989293575,-0.110676556826,0.168595463037,0.791256964207,-0.577268362045
0.662793040276,0.0274001844227,1.38975358009,-0.111276328564,0.168319627643,0.791342020035,-0.577116906643
0.662914931774,0.0276143811643,1.38989531994,-0.112059146166,0.169220030308,0.791281938553,-0.576784491539
0.662898302078,0.0282701849937,1.38999116421,-0.113387919962,0.169103205204,0.791003227234,-0.576941251755
0.662854135036,0.0284935478121,1.38989472389,-0.11376054585,0.169410899282,0.791158914566,-0.576564133167
0.662730515003,0.0291103757918,1.38985013962,-0.114578537643,0.168639272451,0.790833950043,-0.577073931694
0.662728726864,0.029298722744,1.38981962204,-0.114988796413,0.16942717135,0.790744125843,-0.576884567738
0.662663280964,0.0298398546875,1.38972806931,-0.115862742066,0.169189289212,0.790250301361,-0.577455997467
0.662424385548,0.0302143227309,1.38953030109,-0.115823037922,0.168658018112,0.789803743362,-0.57822984457
0.662487566471,0.0304993316531,1.38983786106,-0.117080390453,0.16987490654,0.788958907127,-0.578773438931
0.662467896938,0.0306719467044,1.38982498646,-0.117290139198,0.170344859362,0.788171410561,-0.579664885998
0.662456095219,0.031267374754,1.38953590393,-0.118059560657,0.166553407907,0.78762280941,-0.581353902817
0.662647306919,0.0314439795911,1.38964450359,-0.118768043816,0.167385488749,0.786594331264,-0.582362174988
0.662657618523,0.031806755811,1.38963532448,-0.119617052376,0.167554080486,0.78561013937,-0.583467423916
0.662423312664,0.0322471000254,1.38957488537,-0.119680762291,0.167032197118,0.784936606884,-0.58450949192
0.662321090698,0.0327043831348,1.38924527168,-0.119950465858,0.166204288602,0.7843927145,-0.585419714451
0.662387907505,0.0329027101398,1.38940870762,-0.12072737515,0.166716679931,0.783376097679,-0.586474657059
0.662617504597,0.0335231013596,1.38935160637,-0.122336529195,0.166340202093,0.782612264156,-0.58726722002
0.662646532059,0.0335527993739,1.3893327713,-0.12279009819,0.166942432523,0.782317996025,-0.587393820286
0.662675917149,0.0338791050017,1.3893185854,-0.123522274196,0.166564404964,0.781952857971,-0.58783364296
0.662431299686,0.0343712493777,1.38902652264,-0.123980484903,0.165181800723,0.781870961189,-0.58823621273
0.662702620029,0.0345624089241,1.38930094242,-0.125226214528,0.166014626622,0.781416237354,-0.588342010975
0.662646114826,0.0348967164755,1.38922953606,-0.125851139426,0.165442988276,0.781419754028,-0.588365018368
0.662659049034,0.0352181829512,1.3892121315,-0.126883730292,0.165061324835,0.781206548214,-0.588533461094
0.662375330925,0.0357800796628,1.38900661469,-0.126985237002,0.162776321173,0.781355202198,-0.588950514793
0.662335455418,0.0359480194747,1.38885200024,-0.127997457981,0.16318385303,0.781316578388,-0.588669776917
0.662609934807,0.0360797047615,1.3891056776,-0.129139244556,0.163950785995,0.781112968922,-0.588477611542
0.662589490414,0.036309659481,1.38910210133,-0.129735350609,0.163731515408,0.781183242798,-0.588314116001
0.662258982658,0.0367088168859,1.38875687122,-0.129436314106,0.161597087979,0.781663656235,-0.588332056999
0.66250449419,0.0367943234742,1.38900327682,-0.131319701672,0.162987038493,0.7810074687,-0.588402688503
0.662479400635,0.0370216853917,1.38896846771,-0.132122516632,0.162705108523,0.781064689159,-0.588224947453
0.662450551987,0.037254948169,1.38895845413,-0.132768586278,0.162452191114,0.781028866768,-0.588196873665
0.662495076656,0.0375114753842,1.38904595375,-0.133508354425,0.162373706698,0.780938565731,-0.588171064854
0.662464976311,0.037714868784,1.38902759552,-0.134309321642,0.162212446332,0.780836224556,-0.588169157505
0.662417888641,0.0378990024328,1.38899624348,-0.134835079312,0.162082582712,0.780847907066,-0.588069140911
0.662102639675,0.0382253527641,1.38876128197,-0.135079398751,0.160789370537,0.780970513821,-0.588205337524
0.662080466747,0.0381518937647,1.38905715942,-0.135233998299,0.161616936326,0.780735373497,-0.588255107403
0.662017703056,0.0383554473519,1.3890029192,-0.135833412409,0.161553308368,0.780521690845,-0.588418006897
0.661980450153,0.0387888997793,1.38870978355,-0.136797323823,0.160695642233,0.780415952206,-0.588569939137
0.661895215511,0.0389058925211,1.38862669468,-0.136884510517,0.160697668791,0.780356645584,-0.588627755642
0.661804497242,0.0391429066658,1.38852727413,-0.137117743492,0.160422563553,0.780196428299,-0.588860750198
0.661749541759,0.0393099337816,1.38851249218,-0.137503027916,0.160505160689,0.779993951321,-0.589016497135
0.66172683239,0.0394675731659,1.38851034641,-0.138826057315,0.160647973418,0.779530346394,-0.589280962944
0.661649525166,0.0396037474275,1.38850724697,-0.138186246157,0.16087320447,0.779533684254,-0.589365422726
0.661585211754,0.0397720485926,1.38849067688,-0.13844448328,0.16076862812,0.77920794487,-0.589764177799
0.661548018456,0.0399027839303,1.38848102093,-0.138658374548,0.16081802547,0.779030323029,-0.589934945107
0.661525905132,0.0398765429854,1.38868510723,-0.138566166162,0.161386817694,0.778825879097,-0.590071201324
0.66149187088,0.0400143191218,1.38867545128,-0.138761743903,0.161470502615,0.778597414494,-0.590303719044
0.661458551884,0.0401594303548,1.38866090775,-0.139126837254,0.161580860615,0.778245270252,-0.590651988983
0.661407232285,0.0404966361821,1.38840758801,-0.139652863145,0.161014899611,0.777979969978,-0.59103178978
0.661374568939,0.0406082049012,1.38839673996,-0.139797568321,0.161127969623,0.777721583843,-0.591306626797
0.661374568939,0.0406082049012,1.38839673996,-0.139797568321,0.161127969623,0.777721583843,-0.591306626797
0.661448121071,0.0406096838415,1.38844561577,-0.140031173825,0.162354424596,0.777268826962,-0.591511249542
0.661389708519,0.0405418127775,1.38838791847,-0.139897599816,0.162825152278,0.777297258377,-0.591376125813
0.661428391933,0.0409747883677,1.38842082024,-0.140655323863,0.162473365664,0.776382029057,-0.592494368553
0.661447405815,0.0411551818252,1.38838362694,-0.14195767045,0.162405788898,0.775760948658,-0.593015611172
0.661410450935,0.0412844493985,1.38834905624,-0.142086908221,0.162429958582,0.775444865227,-0.593391239643
0.661357581615,0.0413631871343,1.3883357048,-0.141388952732,0.162682011724,0.77539652586,-0.593552112579
0.661345303059,0.0414518378675,1.38832497597,-0.14151032269,0.162874817848,0.775124490261,-0.593825519085
0.661257326603,0.0413051843643,1.38824486732,-0.14117193222,0.16329754889,0.775282979012,-0.593583166599
0.66130232811,0.0414613634348,1.3883357048,-0.141529127955,0.163452893496,0.774891257286,-0.593966603279
0.661284506321,0.0415337383747,1.38832116127,-0.141682520509,0.163614049554,0.774715542793,-0.594114780426
0.661339104176,0.0419395230711,1.38835048676,-0.14237524569,0.16316857934,0.773965299129,-0.59504878521
0.661325156689,0.042015414685,1.38833999634,-0.142622306943,0.163303658366,0.773689091206,-0.595311641693
0.661248207092,0.0420393943787,1.38819396496,-0.142499417067,0.163309037685,0.77360022068,-0.595455169678
0.661149382591,0.041833691299,1.3880866766,-0.142038941383,0.163662716746,0.773826122284,-0.595174491405
0.660901010036,0.0420975536108,1.38785481453,-0.141899317503,0.162640810013,0.773625195026,-0.595748901367
0.660888135433,0.0422031283379,1.38779652119,-0.142006903887,0.162669733167,0.77324962616,-0.596202790737
0.661013007164,0.042339399457,1.38774621487,-0.140698447824,0.163642212749,0.772722780704,-0.596929371357
0.661324322224,0.0422997996211,1.3880212307,-0.141299456358,0.164819777012,0.772175014019,-0.597172379494
0.661126315594,0.0427842400968,1.38783347607,-0.14198987186,0.163177654147,0.771833181381,-0.597900927067
0.661044895649,0.04259698838,1.3877300024,-0.141525059938,0.163579553366,0.771956205368,-0.597742497921
0.661035478115,0.0426996536553,1.38769817352,-0.14173206687,0.163583338261,0.771637320518,-0.598104059696
0.660679876804,0.0428285300732,1.38741457462,-0.140904694796,0.1628767699,0.771213829517,-0.599037706852
0.661011397839,0.0426801368594,1.38786101341,-0.141480147839,0.164376378059,0.77078962326,-0.599038660526
0.661001384258,0.042860455811,1.387809515,-0.141716212034,0.164215862751,0.770281374454,-0.599680185318
0.661297440529,0.0432016029954,1.38796687126,-0.142756715417,0.164656966925,0.769036531448,-0.600908815861
0.660865306854,0.0433453693986,1.3876979351,-0.141710415483,0.163807556033,0.768560409546,-0.601996898651
0.661177098751,0.0434881187975,1.38781833649,-0.1429669559,0.164488568902,0.768116354942,-0.602080702782
0.661129891872,0.0436804369092,1.38770103455,-0.144052356482,0.164333567023,0.767298161983,-0.602907240391
0.661091864109,0.0438549891114,1.38762903214,-0.144200161099,0.164236962795,0.76674169302,-0.603605508804
0.660948634148,0.0440268293023,1.38748788834,-0.143426671624,0.163959026337,0.766643226147,-0.603990495205
0.661018013954,0.0442149862647,1.38752448559,-0.143900036812,0.164241686463,0.765849471092,-0.604807436466
0.660749256611,0.044743347913,1.38722193241,-0.145828932524,0.162117242813,0.765351474285,-0.605548679829
0.660860896111,0.0446407273412,1.38736462593,-0.145841524005,0.163268342614,0.764766931534,-0.605974793434
0.660798788071,0.0448157936335,1.38735830784,-0.146106645465,0.163070365787,0.764423012733,-0.606397986412
0.660867333412,0.0450245738029,1.38742136955,-0.146780222654,0.163345903158,0.763711452484,-0.607057452202
0.660526692867,0.0454194657505,1.38713848591,-0.146674200892,0.161887347698,0.763451576233,-0.607800126076
0.660734832287,0.0453695729375,1.38731873035,-0.147087663412,0.16308093071,0.762916862965,-0.608052551746
0.660699307919,0.0455023571849,1.38733589649,-0.147162854671,0.163163021207,0.762534499168,-0.608491539955
0.660925984383,0.0458775088191,1.38726377487,-0.148284137249,0.163378342986,0.761541247368,-0.609404921532
0.66089117527,0.0460714846849,1.38726246357,-0.148379772902,0.163437739015,0.761061489582,-0.609964728355
0.660863935947,0.0464486628771,1.38713014126,-0.148915931582,0.162883371115,0.760616004467,-0.61053788662
0.660775601864,0.0464826412499,1.38699269295,-0.148661479354,0.163044929504,0.760558962822,-0.610627830029
0.660554230213,0.0464578531682,1.38718259335,-0.148067325354,0.163095280528,0.760678350925,-0.610609948635
0.660788297653,0.0467324480414,1.38709199429,-0.149797767401,0.163409456611,0.759812474251,-0.611181676388
0.660867750645,0.0467610731721,1.38708031178,-0.150006815791,0.163951829076,0.759686946869,-0.611141324043
0.660602331161,0.0462995953858,1.38752496243,-0.148421913385,0.165100216866,0.760126650333,-0.610672056675
0.660903871059,0.0466528832912,1.38745558262,-0.149642780423,0.16525837779,0.759541094303,-0.611059844494
0.660687625408,0.0466751307249,1.38730049133,-0.148839846253,0.164990395308,0.759582996368,-0.61127614975
0.660456061363,0.046844098717,1.38697719574,-0.147565767169,0.164157435298,0.759932458401,-0.611375033855
0.660377442837,0.0468200966716,1.38696730137,-0.147241398692,0.164177939296,0.760083973408,-0.611259579659
0.660020709038,0.0464978814125,1.38690042496,-0.145784601569,0.164054483175,0.761028468609,-0.610466003418
0.660244882107,0.0463679917157,1.38706076145,-0.146250590682,0.164783343673,0.761372864246,-0.609728336334
0.660211145878,0.0462955906987,1.38703477383,-0.145980760455,0.16486607492,0.761602461338,-0.609483838081
0.660179674625,0.0462163239717,1.38702213764,-0.145766749978,0.16486017406,0.761822640896,-0.609261453152
0.660128235817,0.0461145564914,1.38700520992,-0.14549985528,0.164959996939,0.762078404427,-0.60897821188
0.660092592239,0.0460332334042,1.38699364662,-0.145291119814,0.164965182543,0.762326836586,-0.608715713024
0.660087704659,0.0458167567849,1.3872396946,-0.144985362887,0.16551335156,0.762415885925,-0.608528256416
0.659960865974,0.0456671193242,1.38714241982,-0.144562497735,0.165382370353,0.762747764587,-0.608248472214
0.659888446331,0.0455562323332,1.3871049881,-0.144335567951,0.165398418903,0.763018131256,-0.607958853245
0.659878492355,0.0455750152469,1.3870871067,-0.14446221292,0.16520114243,0.763042926788,-0.607951283455
0.659575879574,0.0456539206207,1.38693404198,-0.144064381719,0.16417068243,0.763312041759,-0.607987225056
0.65951603651,0.0456113703549,1.3868970871,-0.144052281976,0.164117977023,0.763431370258,-0.607854366302
0.659475743771,0.0455078333616,1.38695251942,-0.143908724189,0.164268493652,0.763476669788,-0.607790827751
0.659315943718,0.0455164164305,1.38677895069,-0.143877670169,0.163718923926,0.763738691807,-0.607617020607
0.659402966499,0.0457539856434,1.38660633564,-0.144981950521,0.163121879101,0.763694763184,-0.607570469379
0.659365594387,0.0456753820181,1.38660418987,-0.145064815879,0.163171499968,0.763902068138,-0.60727673769
0.659431099892,0.0456302948296,1.38665366173,-0.145515173674,0.163351133466,0.763942658901,-0.607069551945
0.659191966057,0.045560054481,1.38648438454,-0.145176142454,0.162786483765,0.764485478401,-0.606618821621
0.659039795399,0.0455563701689,1.38639461994,-0.14520612359,0.162268832326,0.764911949635,-0.606212615967
0.659132182598,0.0451392568648,1.38678956032,-0.145077779889,0.163573354483,0.765116810799,-0.60563403368
0.659096240997,0.0450668781996,1.38679230213,-0.145257011056,0.163397356868,0.765441596508,-0.60522800684
0.659319102764,0.0448948293924,1.3870292902,-0.145829543471,0.164211928844,0.765655994415,-0.604598343372
0.659233093262,0.0448185130954,1.38690495491,-0.14596156776,0.163876503706,0.766250371933,-0.60390406847
0.659073889256,0.0450164526701,1.38676452637,-0.146402731538,0.162706136703,0.766613304615,-0.603653132915
0.658936023712,0.044976875186,1.38667941093,-0.146412581205,0.162136167288,0.767178237438,-0.603086054325
0.658768355846,0.0449876263738,1.38637471199,-0.146500244737,0.16136726737,0.767704546452,-0.602601230145
0.659156024456,0.04517487064,1.38639736176,-0.148052111268,0.161766707897,0.767266452312,-0.602672696114
0.659093737602,0.0451160743833,1.38637053967,-0.148091167212,0.16158926487,0.767717182636,-0.602136492729
0.659245193005,0.0448592305183,1.38651955128,-0.148319453001,0.162363782525,0.768019556999,-0.601485908031
0.659167647362,0.0447787977755,1.38648426533,-0.148552969098,0.16214440763,0.768411278725,-0.600987017155
0.658853948116,0.0445220470428,1.38655281067,-0.147807955742,0.161783337593,0.769376337528,-0.600032567978
0.658792495728,0.0444707423449,1.38650918007,-0.147965937853,0.161535382271,0.769749104977,-0.599582254887
0.658533990383,0.0443340390921,1.38662791252,-0.147444173694,0.161216750741,0.770119905472,-0.599320352077
0.658414781094,0.0444876924157,1.38628709316,-0.147894665599,0.160199433565,0.770680248737,-0.598761439323
0.658352077007,0.0444083511829,1.38635134697,-0.148062899709,0.160282328725,0.770977914333,-0.598314404488
0.658237814903,0.0443706586957,1.38623273373,-0.148009717464,0.159840807319,0.771379292011,-0.59792804718
0.658142030239,0.0443351082504,1.38621485233,-0.148030117154,0.159632697701,0.771656572819,-0.597620904446
0.658057034016,0.0442903861403,1.38619637489,-0.148282632232,0.159863337874,0.77188873291,-0.597196757793
0.658022642136,0.044326633215,1.386308074,-0.148566663265,0.159592568874,0.77200782299,-0.597044587135
0.657916724682,0.0443160869181,1.38632059097,-0.148587659001,0.159383118153,0.772284924984,-0.596736729145
0.657822906971,0.0443340018392,1.38630259037,-0.148589521646,0.158716991544,0.772504389286,-0.596629798412
0.657931804657,0.044153150171,1.38648355007,-0.148861408234,0.159562096,0.772600829601,-0.59621155262
0.657579481602,0.0442951545119,1.38630902767,-0.148872703314,0.158925443888,0.772865593433,-0.596035659313
0.657406270504,0.044261559844,1.38619208336,-0.148625105619,0.158679768443,0.773164391518,-0.595775187016
0.65730458498,0.0443103164434,1.38619840145,-0.148537367582,0.158096313477,0.773302912712,-0.595772624016
0.657382845879,0.0441571436822,1.38637840748,-0.148629784584,0.158957064152,0.77327299118,-0.595559179783
0.657372832298,0.0442907214165,1.38646709919,-0.149063915014,0.158882915974,0.773237586021,-0.595516502857
0.657159924507,0.0443098694086,1.38644373417,-0.14868798852,0.158645987511,0.773339152336,-0.595541656017
0.657096326351,0.0443526282907,1.38655352592,-0.148789003491,0.158852472901,0.773436009884,-0.59533560276
0.656835794449,0.0444760136306,1.38644719124,-0.148359417915,0.158414080739,0.773389935493,-0.595619559288
0.656719326973,0.0445615015924,1.38649201393,-0.148254930973,0.15838162601,0.773407161236,-0.59563177824
0.656585633755,0.0446564219892,1.38653421402,-0.148229032755,0.158371642232,0.773409307003,-0.595638036728
0.656464934349,0.0447544306517,1.3865724802,-0.148175477982,0.158426061273,0.773381948471,-0.595672488213
0.65632301569,0.0448759235442,1.3866289854,-0.148094877601,0.158485099673,0.773324966431,-0.595750808716
0.656187295914,0.044996984303,1.38666152954,-0.147987514734,0.158468350768,0.773341715336,-0.59576010704
0.656032502651,0.0451119057834,1.38673257828,-0.147811248899,0.158485427499,0.773345887661,-0.595793962479
0.655883789062,0.045222196728,1.38676023483,-0.147543087602,0.158512547612,0.773371756077,-0.595819532871
0.655734658241,0.0453435219824,1.38678765297,-0.147283941507,0.158521160483,0.773368239403,-0.595886051655
0.655325293541,0.0456266999245,1.38661766052,-0.146688714623,0.157609969378,0.773516237736,-0.596082448959
0.655181765556,0.0457537211478,1.3866443634,-0.146346688271,0.157733619213,0.77351218462,-0.596139192581
0.655023872852,0.0458740666509,1.38668906689,-0.145956635475,0.157964259386,0.773563086987,-0.59610748291
0.654854238033,0.0460097715259,1.38670384884,-0.145598500967,0.15801922977,0.773590087891,-0.596145629883
0.65461564064,0.0461656972766,1.38667213917,-0.145071387291,0.157963991165,0.773505210876,-0.596398591995
0.65449732542,0.0462624318898,1.38677346706,-0.144814446568,0.158223330975,0.773489058018,-0.596413254738
0.654390156269,0.0463724583387,1.38689351082,-0.144541725516,0.158627733588,0.773450553417,-0.596422195435
0.654415011406,0.0463029146194,1.38712716103,-0.144203290343,0.159983247519,0.773320019245,-0.596311271191
0.654611229897,0.0466174334288,1.38738512993,-0.144996866584,0.160790622234,0.772553861141,-0.59689438343
0.654213905334,0.0467167310417,1.38734173775,-0.144046589732,0.160392940044,0.7730692029,-0.596564233303
0.653976142406,0.0469986982644,1.38735067844,-0.143791034818,0.159992605448,0.772979080677,-0.59684997797
0.653704285622,0.0471581146121,1.38733434677,-0.143184602261,0.159821048379,0.772926688194,-0.597109735012
0.653478980064,0.0470609068871,1.387403965,-0.142187148333,0.160427361727,0.77312785387,-0.596924901009
0.65331107378,0.0471746586263,1.38746654987,-0.141914144158,0.16046127677,0.773127138615,-0.596981585026
0.653343558311,0.0473862960935,1.38774645329,-0.142289549112,0.160928294063,0.77287042141,-0.597098946571
0.653151214123,0.0472967252135,1.38807034492,-0.141312226653,0.161916717887,0.772695958614,-0.59728962183
0.652811408043,0.0473452731967,1.3879597187,-0.140493899584,0.161687791348,0.772978842258,-0.597178578377
0.652724206448,0.0474665910006,1.38810658455,-0.140367358923,0.162046283484,0.772973418236,-0.597118258476
0.652284562588,0.0477745383978,1.38775670528,-0.139648795128,0.16084843874,0.773087143898,-0.597463130951
0.652052640915,0.0478605106473,1.38785600662,-0.139129385352,0.160774171352,0.773245453835,-0.5973995924
0.651901483536,0.0479873269796,1.38779950142,-0.138805672526,0.160753279924,0.773326992989,-0.597374856472
0.651687383652,0.048023160547,1.38786113262,-0.138370454311,0.161019906402,0.773384809494,-0.597329139709
0.651501119137,0.0480709075928,1.38790273666,-0.137999340892,0.16111882031,0.773493885994,-0.597247183323
0.651297926903,0.0481240972877,1.38795113564,-0.137525826693,0.16122944653,0.773550629616,-0.597253024578
0.651111900806,0.0481178388,1.38808643818,-0.137102246284,0.161352694035,0.77357506752,-0.597285509109
0.650982916355,0.0479309633374,1.38846576214,-0.136116817594,0.162408351898,0.773544549942,-0.597264289856
0.650841474533,0.0479374751449,1.38854801655,-0.135888680816,0.162521362305,0.773566782475,-0.597256779671
0.650504648685,0.0480852648616,1.38809561729,-0.135375022888,0.161580681801,0.773743212223,-0.597400128841
0.650372028351,0.0480486899614,1.38827860355,-0.135290831327,0.161680340767,0.773722708225,-0.597418665886
0.650066971779,0.0480440147221,1.38822364807,-0.134693354368,0.161423325539,0.773774564266,-0.597556114197
0.649779140949,0.0479801818728,1.38811182976,-0.133975014091,0.161293759942,0.774051845074,-0.597393333912
0.649315714836,0.0481084510684,1.38794827461,-0.133199751377,0.16014572978,0.774273872375,-0.597587764263
0.649212360382,0.0479077510536,1.38805067539,-0.132744759321,0.160839557648,0.774206161499,-0.597590506077
0.648802995682,0.0477962531149,1.3881944418,-0.131681412458,0.160671576858,0.774387836456,-0.597635626793
0.648794651031,0.0475242286921,1.38836538792,-0.131399080157,0.161686435342,0.774362385273,-0.597456812859
0.648546755314,0.0475403666496,1.38827550411,-0.131258890033,0.161262452602,0.774370551109,-0.597591876984
0.648401796818,0.0474518164992,1.38834190369,-0.131116881967,0.161127582192,0.774401426315,-0.59761929512
0.648203074932,0.0473905913532,1.38833582401,-0.130839779973,0.160939618945,0.774418413639,-0.597708582878
0.648103475571,0.0478215888143,1.3881162405,-0.131541341543,0.159720554948,0.773858487606,-0.598606109619
0.647860109806,0.0477456897497,1.38811850548,-0.13112655282,0.159492194653,0.773930191994,-0.598665297031
0.647369027138,0.0476742610335,1.38796186447,-0.130221903324,0.15834492445,0.774537026882,-0.598382413387
0.647247850895,0.0472971722484,1.38808572292,-0.129603594542,0.158989489079,0.774656653404,-0.598190963268
0.646790504456,0.0474481806159,1.3878839016,-0.129168972373,0.157485261559,0.774663865566,-0.598673343658
0.64658164978,0.0471631661057,1.38812279701,-0.128667354584,0.157811492682,0.774562418461,-0.5988265872
0.646686673164,0.0470248907804,1.38842976093,-0.129324033856,0.158251672983,0.774361014366,-0.598829507828
0.646451354027,0.0471428930759,1.38819766045,-0.129504352808,0.157205909491,0.774313509464,-0.599127411842
0.646120548248,0.0471248552203,1.3880212307,-0.129009783268,0.156332343817,0.774267554283,-0.599521994591
0.645913004875,0.047038435936,1.388002038,-0.128855645657,0.155863031745,0.774140417576,-0.599841177464
0.645739853382,0.0467988029122,1.38802576065,-0.128455385566,0.155827641487,0.774033665657,-0.600074112415
0.645559728146,0.0467138215899,1.388053298,-0.128162667155,0.155384197831,0.773930966854,-0.600384056568
0.645058691502,0.0467347204685,1.38783800602,-0.127470821142,0.153906106949,0.774027526379,-0.600787401199
0.644919335842,0.0466893017292,1.38793587685,-0.127387970686,0.153596222401,0.773814737797,-0.601158320904
0.644750952721,0.0465809516609,1.38792800903,-0.127174377441,0.153209805489,0.773706436157,-0.601441502571
0.644800782204,0.0465191528201,1.38806843758,-0.127443477511,0.153512701392,0.773046791553,-0.602155089378
0.644660651684,0.0464840009809,1.3880648613,-0.127452120185,0.153274714947,0.772685587406,-0.602677226067
0.644249081612,0.0463734529912,1.38785088062,-0.126708254218,0.152094095945,0.772765219212,-0.603031039238
0.643948256969,0.0458570346236,1.3880790472,-0.12555038929,0.152610450983,0.772974133492,-0.602874994278
0.643563687801,0.0461761951447,1.38764464855,-0.126473784447,0.150498881936,0.772546291351,-0.603760540485
0.643528938293,0.0458859577775,1.38783288002,-0.125322371721,0.150974318385,0.772482693195,-0.603963136673
0.643334746361,0.0458213724196,1.38781607151,-0.125274091959,0.150564536452,0.772282421589,-0.604331672192
0.643146455288,0.0457157865167,1.38779759407,-0.124942019582,0.150290951133,0.772074401379,-0.604734063148
0.64262765646,0.0457302108407,1.38758695126,-0.12364962697,0.148955449462,0.772159695625,-0.605221092701
0.642803609371,0.0454847887158,1.38803219795,-0.123927675188,0.150044754148,0.771501660347,-0.605734050274
0.642324745655,0.0454753264785,1.38778734207,-0.123086847365,0.148652553558,0.771494746208,-0.606257259846
0.642221808434,0.0449659079313,1.38805794716,-0.122270219028,0.149883598089,0.771322011948,-0.606339216232
0.642009735107,0.0450584962964,1.38781392574,-0.122266039252,0.148960202932,0.771121501923,-0.606822550297
0.641790211201,0.0449518375099,1.38780629635,-0.121946983039,0.14864487946,0.770988106728,-0.607133388519
0.641572356224,0.0446124859154,1.38806939125,-0.121075130999,0.149102583528,0.770566999912,-0.607730209827
0.641113996506,0.0449713766575,1.38758218288,-0.120969556272,0.14682367444,0.770697951317,-0.608139574528
0.640870034695,0.0448504909873,1.38756012917,-0.120508641005,0.146539151669,0.770482599735,-0.608572661877
0.641037404537,0.0449782013893,1.38758778572,-0.121535994112,0.146639540792,0.769471049309,-0.609623074532
0.640775442123,0.0448456034064,1.38759708405,-0.121049888432,0.14654828608,0.769259035587,-0.610009074211
0.64029109478,0.0442426949739,1.38798809052,-0.119199678302,0.147062540054,0.769637584686,-0.609772145748
0.639946877956,0.0441637635231,1.38785338402,-0.118668302894,0.146357804537,0.769593775272,-0.610100448132
0.640003502369,0.0439689010382,1.3880469799,-0.118938222528,0.146890074015,0.769142329693,-0.610489308834
0.639712929726,0.0440845452249,1.38782715797,-0.118838325143,0.145797178149,0.768926620483,-0.611042201519
0.639460027218,0.0443819984794,1.38758993149,-0.119165837765,0.144512251019,0.768328130245,-0.612035632133
0.638831794262,0.0440252460539,1.38757693768,-0.117609851062,0.143964096904,0.76870572567,-0.61199170351
0.63860476017,0.0436837300658,1.38786292076,-0.116748556495,0.144361302257,0.76840877533,-0.612435758114
0.638308644295,0.0437118299305,1.387773633,-0.116567924619,0.143566325307,0.768405020237,-0.612661659718
0.638023972511,0.0436632186174,1.38773918152,-0.116211429238,0.143138244748,0.768244028091,-0.613031446934
0.637765228748,0.0437466427684,1.38756048679,-0.116215236485,0.142280220985,0.768083512783,-0.6134313941
0.637456476688,0.0436454564333,1.38754665852,-0.115495704114,0.141771301627,0.76804292202,-0.61373591423
0.637689232826,0.0436885990202,1.38764512539,-0.116348996758,0.142331585288,0.76722317934,-0.614469945431
0.637046813965,0.0434041917324,1.38767039776,-0.114849708974,0.141535282135,0.76757133007,-0.614501237869
0.636794447899,0.0434290841222,1.38770413399,-0.11473441124,0.141081541777,0.767268240452,-0.61500531435
0.636526048183,0.0433880239725,1.3876888752,-0.114400148392,0.14078502357,0.76722407341,-0.615190565586
0.636286973953,0.0432080477476,1.38785052299,-0.113896936178,0.140826180577,0.767089784145,-0.615441918373
0.636285662651,0.0436883792281,1.3875670433,-0.115082144737,0.13977432251,0.766305863857,-0.616437017918
0.635992884636,0.0436718612909,1.38758063316,-0.114795930684,0.139377981424,0.766106188297,-0.616828143597
0.635324537754,0.0433284491301,1.38761591911,-0.11315599829,0.13870818913,0.766627669334,-0.616634130478
0.634802818298,0.0435265749693,1.38743925095,-0.112852044404,0.137218952179,0.766514062881,-0.617164194584
0.634526789188,0.0433252453804,1.38768327236,-0.112336970866,0.13752232492,0.766355454922,-0.617387592793
0.634149491787,0.0432504080236,1.38766622543,-0.111727133393,0.137042745948,0.76638174057,-0.617572188377
0.634443104267,0.0433669239283,1.38786244392,-0.113062731922,0.137709930539,0.765450954437,-0.618334650993
0.63418674469,0.0436229705811,1.3878057003,-0.11329010129,0.136666059494,0.765197575092,-0.618838071823
0.633454322815,0.0433519110084,1.38771188259,-0.111617155373,0.135840624571,0.765747785568,-0.618642926216
0.632821202278,0.0433827117085,1.38776278496,-0.110513694584,0.134617224336,0.765852630138,-0.618978857994
0.632647454739,0.0433806329966,1.38792574406,-0.110478855669,0.134615808725,0.765552937984,-0.619356095791
0.632307469845,0.0436051785946,1.38777160645,-0.110433712602,0.133456930518,0.765417933464,-0.619781494141
0.63197940588,0.0436076447368,1.38783848286,-0.109943531454,0.132877245545,0.765360951424,-0.62006342411
0.631745398045,0.0436365604401,1.38799142838,-0.10964909941,0.132528916001,0.765064716339,-0.620555639267
0.631441354752,0.0433306507766,1.38844704628,-0.108511589468,0.133040770888,0.764626741409,-0.621185481548
0.630858659744,0.0437067747116,1.38792347908,-0.10831104964,0.13059720397,0.765017211437,-0.621258199215
0.630578875542,0.0437572672963,1.38803076744,-0.108032666147,0.130105122924,0.764867126942,-0.62159460783
0.630251407623,0.0434526056051,1.38843870163,-0.106901928782,0.130367159843,0.764740228653,-0.621891200542
0.630266547203,0.0439558029175,1.38821172714,-0.10821351409,0.129364788532,0.763943314552,-0.622852563858
0.630071461201,0.0439974926412,1.3883934021,-0.10830655694,0.129000946879,0.763666152954,-0.623251497746
0.629412174225,0.0437162667513,1.38850796223,-0.10654104501,0.128248870373,0.763981699944,-0.623324394226
0.62887263298,0.0435780957341,1.38868319988,-0.105238467455,0.127699688077,0.763949453831,-0.623697757721
0.628775417805,0.0433103889227,1.38895380497,-0.104624271393,0.128392755985,0.763817548752,-0.62382042408
0.628423035145,0.04331818223,1.38900578022,-0.103852964938,0.12758103013,0.763685822487,-0.624276816845
0.628066301346,0.0434916988015,1.38881707191,-0.103787638247,0.126259058714,0.763462841511,-0.624829053879
0.628069460392,0.0437957122922,1.38882088661,-0.104501135647,0.125835567713,0.762722492218,-0.625699162483
0.627435743809,0.0435812957585,1.38908088207,-0.102992035449,0.125042319298,0.762852907181,-0.625949323177
0.627067923546,0.0436109676957,1.38908338547,-0.102442674339,0.124313883483,0.762589275837,-0.626505613327
0.626704573631,0.043617375195,1.38911128044,-0.101932413876,0.123479939997,0.762332558632,-0.627065896988
0.626261353493,0.0435831807554,1.38892006874,-0.101209931076,0.122501149774,0.762096941471,-0.627660870552
0.625933110714,0.0434320494533,1.38913059235,-0.10052793473,0.122308962047,0.761857688427,-0.628098368645
0.62571901083,0.0439452007413,1.38896822929,-0.101242914796,0.120804980397,0.761122107506,-0.629165589809
0.625408172607,0.0438703075051,1.38904094696,-0.100646927953,0.120423108339,0.760695934296,-0.629849433899
0.625159561634,0.0439151972532,1.38907504082,-0.100445181131,0.11998809129,0.760332942009,-0.630402684212
0.62501591444,0.0441867113113,1.38899767399,-0.100243024528,0.118854887784,0.759853422642,-0.631227016449
0.624215841293,0.0439370013773,1.3889592886,-0.098780579865,0.117656156421,0.760394275188,-0.631030797958
0.623912870884,0.0439850091934,1.38895332813,-0.0983911007643,0.116847470403,0.760175943375,-0.631504893303
0.623710513115,0.0441231280565,1.38903784752,-0.0985297039151,0.115931734443,0.759708881378,-0.632213711739
0.623432815075,0.044182009995,1.38902139664,-0.0983131378889,0.115164190531,0.759374976158,-0.632788658142
0.623387694359,0.0442016758025,1.38910710812,-0.0983584821224,0.115110561252,0.758717000484,-0.633580088615
0.623161673546,0.0444851778448,1.388910532,-0.098533667624,0.113766118884,0.758352279663,-0.634231984615
0.623021543026,0.04439804703,1.38889694214,-0.0976952314377,0.113471642137,0.757840812206,-0.635025441647
0.622796952724,0.0445199161768,1.3889862299,-0.0976035371423,0.112731397152,0.75730329752,-0.635811984539
0.621964991093,0.044507689774,1.3888835907,-0.0959669724107,0.110821165144,0.757695913315,-0.635929226875
0.621835172176,0.0446849316359,1.38894629478,-0.0962138772011,0.10997107625,0.757213771343,-0.636613428593
0.621751248837,0.0444753319025,1.38909947872,-0.0958187803626,0.110123731196,0.756949663162,-0.636960566044
0.621564388275,0.0445167720318,1.38912332058,-0.0955883488059,0.109409123659,0.756697535515,-0.637417733669
0.621374189854,0.0445444136858,1.38914525509,-0.0953338742256,0.108690910041,0.756366550922,-0.637971460819
0.621115326881,0.0445490665734,1.38916969299,-0.0954117700458,0.108100920916,0.756339430809,-0.63809210062
0.62089240551,0.0444855429232,1.38908302784,-0.0946361646056,0.107233986259,0.75648778677,-0.638177931309
0.620704948902,0.0445089191198,1.38912987709,-0.0945285484195,0.106621518731,0.756264090538,-0.638561725616
0.620321035385,0.0446163862944,1.38930130005,-0.095013692975,0.1073634848,0.754884600639,-0.639996051788
0.620419681072,0.0445499308407,1.38920271397,-0.0939520299435,0.104784019291,0.756084084511,-0.639163613319
0.620186269283,0.0445343852043,1.38915359974,-0.0933295488358,0.103699356318,0.756062030792,-0.639457821846
0.619829177856,0.0445796214044,1.38919615746,-0.0936789438128,0.10459895432,0.754779696465,-0.640773832798
0.62001401186,0.0445355474949,1.38920783997,-0.0925554186106,0.10224660486,0.755921840668,-0.63996976614
0.619877398014,0.044802762568,1.3889541626,-0.0927484706044,0.100759774446,0.755559265614,-0.64060562849
0.620035350323,0.0446166172624,1.38925909996,-0.0926882922649,0.100881002843,0.755274295807,-0.640931248665
0.619872391224,0.0444771833718,1.38913035393,-0.0918887555599,0.10013794899,0.755477547646,-0.640923321247
0.61958116293,0.0445760264993,1.38897228241,-0.091312110424,0.0983978360891,0.755461275578,-0.641294300556
0.619196653366,0.0444734692574,1.3889503479,-0.0912483260036,0.0992273539305,0.754387438297,-0.642438709736
0.619107365608,0.0443576574326,1.38893771172,-0.0904440805316,0.0980681031942,0.754358351231,-0.642764389515
0.619104206562,0.0441992208362,1.38908100128,-0.0898067578673,0.0973343849182,0.754107534885,-0.643259465694
0.618980884552,0.0440709590912,1.38906610012,-0.0891492664814,0.0966849178076,0.754058480263,-0.643506348133
0.619156956673,0.0439493730664,1.38904309273,-0.0880467072129,0.0944771915674,0.755249083042,-0.642589092255
0.618712127209,0.0439374856651,1.38885521889,-0.087453648448,0.0942618101835,0.753401696682,-0.644866228104
0.618808984756,0.0438064299524,1.38898158073,-0.0870433673263,0.0937739014626,0.753200650215,-0.645227730274
0.618370831013,0.0433764755726,1.38907682896,-0.0854570642114,0.0928832069039,0.753764748573,-0.644909799099
0.618214249611,0.0432227700949,1.38889992237,-0.0846408680081,0.0920505076647,0.753526449203,-0.645415127277
0.618132770061,0.0431014299393,1.388864398,-0.0838022530079,0.0910558179021,0.753117620945,-0.646142482758
0.618040978909,0.0430945642292,1.38895082474,-0.083473071456,0.0895657837391,0.752176225185,-0.647488474846
0.618044793606,0.0427600666881,1.38888216019,-0.0824628323317,0.0897057279944,0.752273619175,-0.647485256195
0.617818593979,0.0424327477813,1.3889349699,-0.0811174213886,0.0891541913152,0.752020835876,-0.648024976254
0.618024587631,0.0421622917056,1.38917708397,-0.0807202234864,0.089338555932,0.751537919044,-0.648609042168
0.617715656757,0.0422396734357,1.38899767399,-0.0799653083086,0.087450325489,0.750995457172,-0.649587512016
0.617620825768,0.0420728623867,1.38899707794,-0.0790138542652,0.0866075307131,0.7505864501,-0.65028911829
