x,y,z,q0,q1,q2,q3
-0.43039020896,-0.509829282761,0.881054580212,-0.0764834135771,-0.750513315201,0.599624812603,0.267077296972
-0.430795907974,-0.511302113533,0.879024863243,-0.0755190700293,-0.750047147274,0.5996966362,0.268496125937
-0.431349277496,-0.512821257114,0.877184152603,-0.0723310858011,-0.750065147877,0.599526882172,0.26969987154
-0.431741952896,-0.514098644257,0.875417232513,-0.0702582448721,-0.749929845333,0.599044919014,0.27168789506
-0.432175189257,-0.515461266041,0.873578071594,-0.0685079321265,-0.750759899616,0.598359823227,0.271351724863
-0.432449638844,-0.516692519188,0.87183201313,-0.067512229085,-0.749617755413,0.598532736301,0.274360775948
-0.432961821556,-0.518022716045,0.870180845261,-0.0648325234652,-0.749845385551,0.598746776581,0.273917734623
-0.433250486851,-0.519322156906,0.868484973907,-0.0629500001669,-0.749382376671,0.598781704903,0.27554243803
-0.433550655842,-0.520598471165,0.866892397404,-0.0604592598975,-0.749752640724,0.5986738801,0.275327295065
-0.433773040771,-0.521757662296,0.865154325962,-0.0600627586246,-0.748655080795,0.599305927753,0.277020901442
-0.434049546719,-0.522901713848,0.863690197468,-0.0593361109495,-0.749857068062,0.597657620907,0.277487248182
-0.43442466855,-0.524070620537,0.862187862396,-0.055682528764,-0.748385310173,0.598846971989,0.279644817114
-0.43465846777,-0.525101721287,0.860801458359,-0.0553074143827,-0.748948991299,0.598021805286,0.279975771904
-0.434730887413,-0.526109039783,0.859338641167,-0.0544477924705,-0.749305784702,0.597758471966,0.279751747847
-0.434995681047,-0.527225911617,0.857973575592,-0.0526685416698,-0.748827397823,0.598146498203,0.280542939901
-0.434987455606,-0.528138875961,0.856516242027,-0.0505187362432,-0.747582256794,0.599185287952,0.282038301229
-0.435426294804,-0.529295265675,0.855411946774,-0.0491594187915,-0.748166918755,0.598649740219,0.281865537167
-0.435668349266,-0.530217647552,0.854181110859,-0.0465221554041,-0.748647928238,0.598026752472,0.282357931137
-0.435292065144,-0.530686497688,0.852401733398,-0.0479566305876,-0.744703650475,0.5999776721,0.288345873356
-0.435887277126,-0.531966269016,0.851604938507,-0.0450664646924,-0.750615358353,0.595777571201,0.282125294209
-0.435960739851,-0.532855987549,0.850388228893,-0.0442545823753,-0.750237345695,0.596425235271,0.281890749931
-0.43622481823,-0.533900916576,0.849357962608,-0.0416058823466,-0.750698029995,0.595656096935,0.282692998648
-0.436348795891,-0.534863889217,0.848242163658,-0.0392414517701,-0.750282943249,0.596432447433,0.282495856285
-0.436500608921,-0.535805881023,0.847153961658,-0.0385801494122,-0.750030517578,0.596477329731,0.283161818981
-0.436741381884,-0.536952316761,0.846249222755,-0.0351996719837,-0.750050783157,0.597152769566,0.28212299943
-0.436661124229,-0.537685096264,0.845047235489,-0.0366486385465,-0.750053882599,0.596503138542,0.283301621675
-0.436637699604,-0.538442015648,0.844011545181,-0.0356980860233,-0.750362336636,0.596108853817,0.283436655998
-0.436800509691,-0.539388716221,0.843068003654,-0.0341462828219,-0.751732826233,0.595069944859,0.282176494598
-0.436828404665,-0.540117442608,0.842161536217,-0.0340471751988,-0.750074446201,0.596034407616,0.28455594182
-0.437004566193,-0.540956437588,0.841401934624,-0.031314060092,-0.750290632248,0.596167385578,0.284020841122
-0.439793944359,-0.544630289078,0.843011379242,-0.000718518043868,-0.729858577251,0.614971458912,0.298523038626
-0.439735770226,-0.54532289505,0.8421651721,-0.000959911383688,-0.729657649994,0.615169107914,0.298606485128
-0.439807116985,-0.546062171459,0.841328382492,0.00218061893247,-0.729030609131,0.615707337856,0.299022167921
-0.439836502075,-0.546729266644,0.840264081955,0.002507786965,-0.730049610138,0.615217447281,0.297538042068
-0.439959675074,-0.547479987144,0.839656889439,0.00430844165385,-0.728909611702,0.615715324879,0.299277335405
-0.439998447895,-0.548101663589,0.838670969009,0.00533388508484,-0.728084385395,0.616648197174,0.299349039793
-0.440280854702,-0.548758029938,0.838031470776,0.00783408340067,-0.72695171833,0.61708766222,0.301135510206
-0.440336048603,-0.549454808235,0.837164223194,0.0085976421833,-0.727871775627,0.616873383522,0.2993260324
-0.440305829048,-0.550035059452,0.836276769638,0.0100375395268,-0.727586507797,0.616843700409,0.300034791231
-0.440407216549,-0.550455391407,0.835425257683,0.0102797215804,-0.727919697762,0.616289496422,0.300357073545
-0.440393716097,-0.550878286362,0.834483087063,0.00958622992039,-0.729336500168,0.615318834782,0.298929929733
-0.440513461828,-0.551392912865,0.833700537682,0.00911508593708,-0.730080544949,0.614394128323,0.299030333757
-0.440652400255,-0.551790356636,0.833018064499,0.00996924005449,-0.730750620365,0.613301932812,0.299607902765
-0.440624952316,-0.552100241184,0.832156181335,0.00939473882318,-0.730729162693,0.61353123188,0.299209475517
-0.440908282995,-0.552597105503,0.831664204597,0.0122290262952,-0.730375230312,0.613286435604,0.300469964743
-0.441138386726,-0.553013026714,0.830937564373,0.0133630037308,-0.731557786465,0.612555444241,0.299032390118
-0.441219836473,-0.553318917751,0.830259561539,0.0142214111984,-0.731690227985,0.612296402454,0.299199432135
-0.441311746836,-0.553599178791,0.829540371895,0.0139010464773,-0.731449365616,0.611873865128,0.300664007664
-0.4414024055,-0.553864002228,0.828637182713,0.0131631344557,-0.732180297375,0.6114320755,0.299816042185
-0.441562175751,-0.554187774658,0.827950716019,0.0140043245628,-0.732625067234,0.611072957516,0.299423128366
-0.441759049892,-0.554427683353,0.827195048332,0.0147131280974,-0.733231425285,0.6102886796,0.299504727125
-0.441870212555,-0.554696321487,0.826278328896,0.0156517419964,-0.733427345753,0.610022783279,0.299518913031
-0.442141413689,-0.554924964905,0.825627446175,0.0165655054152,-0.732982516289,0.610222697258,0.300151020288
-0.442394077778,-0.555135726929,0.824804961681,0.0168224982917,-0.73388081789,0.609087228775,0.300248086452
-0.442486345768,-0.555393099785,0.823960244656,0.0160689502954,-0.734957635403,0.608151137829,0.299551814795
-0.44267052412,-0.555515766144,0.823153734207,0.0155707709491,-0.736326396465,0.606406927109,0.299752533436
-0.442876696587,-0.555663704872,0.822373211384,0.0156416967511,-0.736887276173,0.605700492859,0.299799084663
-0.443017691374,-0.555728435516,0.820064306259,0.00900679267943,-0.736904799938,0.608815252781,0.293656796217
-0.443349450827,-0.556004285812,0.821084976196,0.0181508008391,-0.737425923347,0.604118347168,0.301520496607
-0.443541526794,-0.556092977524,0.820259690285,0.0176803506911,-0.739297866821,0.60265403986,0.299890369177
-0.443713754416,-0.556210935116,0.819625854492,0.0175240449607,-0.739493310452,0.602041661739,0.300646573305
-0.443806320429,-0.556266188622,0.817368984222,0.00986966025084,-0.738640606403,0.606108307838,0.294864833355
-0.444204032421,-0.556616187096,0.818434178829,0.0186248216778,-0.740202307701,0.601376116276,0.300167381763
-0.444455504417,-0.55684697628,0.818002581596,0.0199276227504,-0.740133941174,0.600876092911,0.30125144124
-0.444652318954,-0.556961774826,0.81736689806,0.0190581418574,-0.740738093853,0.600080549717,0.301408797503
-0.444658309221,-0.556890487671,0.814927220345,0.00960624963045,-0.741861045361,0.603071928024,0.293009072542
-0.444947063923,-0.557278931141,0.816182494164,0.0189666040242,-0.742546975613,0.598701894283,0.299700438976
-0.445085644722,-0.557455658913,0.815684199333,0.0186286140233,-0.741795897484,0.598637402058,0.30170378089
-0.445289075375,-0.557693362236,0.815286278725,0.0192382130772,-0.741566181183,0.598917603493,0.301673918962
-0.445530354977,-0.558048188686,0.814890265465,0.019692953676,-0.741932809353,0.598843336105,0.300889402628
-0.445757985115,-0.558499217033,0.814536452293,0.0214009936899,-0.742330610752,0.598533332348,0.300408393145
-0.445885270834,-0.558867394924,0.8141258955,0.0208310652524,-0.742589235306,0.598407506943,0.300059527159
-0.445725828409,-0.558712124825,0.811654567719,0.00936780869961,-0.743895351887,0.601069688797,0.291971534491
-0.44586545229,-0.559047102928,0.811377346516,0.00971939228475,-0.743653535843,0.601115763187,0.292480796576
-0.446255356073,-0.559777855873,0.813005626202,0.0203536655754,-0.741850793362,0.599192917347,0.300351262093
-0.446396440268,-0.560151278973,0.812724590302,0.020642740652,-0.741802811623,0.599382638931,0.300071686506
-0.446503609419,-0.560523688793,0.8123665452,0.0205105692148,-0.742338716984,0.599332749844,0.298852533102
-0.446625381708,-0.56086063385,0.812112808228,0.020206021145,-0.741812825203,0.59977465868,0.299292296171
-0.446762233973,-0.561309635639,0.811871111393,0.0211942382157,-0.740622401237,0.601150333881,0.299411982298
-0.446924358606,-0.561685681343,0.811604976654,0.0218327064067,-0.739954352379,0.601907670498,0.29949632287
-0.44694852829,-0.561959803104,0.811151266098,0.0206566583365,-0.740035176277,0.602325439453,0.298538774252
-0.44723790884,-0.562415659428,0.811159431934,0.0233156401664,-0.738451600075,0.603344857693,0.300200849771
-0.447417259216,-0.562871217728,0.811004161835,0.0247992388904,-0.738382101059,0.603405833244,0.300130486488
-0.447597801685,-0.56325596571,0.810750484467,0.025839747861,-0.738329768181,0.603431582451,0.300119549036
-0.44761428237,-0.563584625721,0.810302257538,0.0247096698731,-0.738212525845,0.603680968285,0.30000180006
-0.447739034891,-0.563932001591,0.810042142868,0.0256560277194,-0.738184273243,0.603796601295,0.299758911133
-0.447828888893,-0.564252376556,0.809624612331,0.0257281139493,-0.738974273205,0.603231549263,0.298942923546
-0.447916299105,-0.564574658871,0.809051454067,0.0253356695175,-0.740196704865,0.602372944355,0.297680646181
-0.448032468557,-0.56493473053,0.80868023634,0.0254833586514,-0.740109741688,0.602756440639,0.297107517719
-0.448186576366,-0.565331459045,0.808288276196,0.0262489859015,-0.739698410034,0.603211700916,0.297141432762
-0.448292434216,-0.565671682358,0.807907760143,0.0254531670362,-0.739225149155,0.603341758251,0.298122286797
-0.44786053896,-0.56561845541,0.806979417801,0.0226390790194,-0.734800934792,0.606800854206,0.302237957716
-0.448531508446,-0.56635671854,0.807168960571,0.0255179069936,-0.7391923666,0.603911817074,0.297042191029
-0.448878645897,-0.566893219948,0.807088732719,0.0282487757504,-0.738195478916,0.6044459939,0.298185348511
-0.448979824781,-0.567285954952,0.806633591652,0.0282179582864,-0.737739503384,0.605299830437,0.297584056854
-0.449194073677,-0.567754924297,0.806314826012,0.0294995736331,-0.737119317055,0.606265723705,0.297030001879
-0.449402958155,-0.568208038807,0.806116461754,0.0310394652188,-0.735960841179,0.607359945774,0.297509819269
-0.449434638023,-0.568511128426,0.805576741695,0.0294810850173,-0.735186040401,0.608240842819,0.297784209251
-0.448831439018,-0.567568302155,0.802866339684,0.0132746463642,-0.742208123207,0.605315983295,0.287303745747
-0.449720323086,-0.569104790688,0.804808139801,0.0298129674047,-0.734886467457,0.608626723289,0.297702252865
-0.449140787125,-0.568006813526,0.802005290985,0.0130148278549,-0.743036270142,0.604430198669,0.2870400846
-0.449208468199,-0.568176925182,0.801606178284,0.0129412189126,-0.742838144302,0.604606032372,0.287185490131
-0.449388056993,-0.568354189396,0.801379561424,0.0142758665606,-0.742291629314,0.604858160019,0.288003444672
-0.449530899525,-0.568505764008,0.801049053669,0.0155121712014,-0.742036879063,0.604963421822,0.288374781609
-0.449169367552,-0.568055272102,0.799579262733,0.00854595098644,-0.745204389095,0.603257238865,0.284039139748
-0.449312210083,-0.568152546883,0.799183785915,0.00939663406461,-0.744888007641,0.603388130665,0.284563302994
-0.449928164482,-0.568843007088,0.799721240997,0.017726264894,-0.741368353367,0.605322360992,0.289212286472
-0.449936002493,-0.568875551224,0.799194931984,0.0175942033529,-0.740949809551,0.605631828308,0.289644360542
-0.450076580048,-0.568897545338,0.798785209656,0.0179572142661,-0.740447402,0.605652630329,0.29086124897
-0.450123339891,-0.568781554699,0.79819047451,0.0186684541404,-0.738513827324,0.606535971165,0.29387563467
-0.450454860926,-0.568951070309,0.797969937325,0.0201661903411,-0.740068137646,0.605011641979,0.293007254601
-0.450048685074,-0.568622887135,0.796755254269,0.0173625331372,-0.736059308052,0.608019053936,0.297032177448
-0.450236618519,-0.568536043167,0.795732140541,0.0122154681012,-0.742874622345,0.603262841702,0.289934396744
-0.450336158276,-0.568542599678,0.794785320759,0.0141958454624,-0.744760215282,0.600242674351,0.291272163391
-0.451058983803,-0.56883430481,0.794810533524,0.0205452088267,-0.74332255125,0.599562466145,0.295929729939
-0.450896799564,-0.56832498312,0.793040275574,0.0125773586333,-0.748233914375,0.596180617809,0.290785968304
-0.451120138168,-0.568278253078,0.792470693588,0.0123395565897,-0.749325275421,0.595006346703,0.290390789509
-0.451206892729,-0.568140745163,0.791959881783,0.0118192741647,-0.74968290329,0.593811869621,0.291930705309
-0.451350569725,-0.567972421646,0.791335046291,0.0119101656601,-0.75031375885,0.592652857304,0.292660176754
-0.451618760824,-0.567752718925,0.790561795235,0.0108993882313,-0.7507147789,0.591645002365,0.293708503246
-0.451756298542,-0.567507147789,0.789889335632,0.00938053335994,-0.751480162144,0.590749084949,0.293607145548
-0.451951861382,-0.567299544811,0.789254963398,0.00899094250053,-0.751996338367,0.589898228645,0.294008076191
-0.452156513929,-0.567153275013,0.788507580757,0.00860392488539,-0.753032207489,0.588177084923,0.294815391302
-0.452368676662,-0.567049741745,0.787853360176,0.00899955164641,-0.753342568874,0.587481856346,0.295396834612
-0.45268201828,-0.566751599312,0.786739766598,0.00798153318465,-0.753746569157,0.586085617542,0.297163456678
-0.452933818102,-0.566936552525,0.786000609398,0.00977850705385,-0.755352020264,0.583749711514,0.297630667686
-0.452967971563,-0.56690967083,0.784945607185,0.0113017736003,-0.756630778313,0.581294178963,0.299130797386
-0.453165382147,-0.566818237305,0.78380125761,0.00970352254808,-0.757256269455,0.580509543419,0.299127876759
-0.453515678644,-0.566508352757,0.782831192017,-0.0013968157582,-0.753952085972,0.58199852705,0.30468377471
-0.453315228224,-0.566742122173,0.781751453876,0.00984558556229,-0.758019149303,0.578000664711,0.302035212517
-0.453381448984,-0.566721975803,0.780869781971,0.00997202191502,-0.757678806782,0.57749581337,0.30384516716
-0.453107357025,-0.56639868021,0.779461145401,0.00836052838713,-0.754333436489,0.578347086906,0.310525119305
-0.453763961792,-0.56676107645,0.778991818428,0.00818253587931,-0.760658800602,0.573463261127,0.30409064889
-0.453847706318,-0.566929578781,0.778519630432,0.00756191415712,-0.761382699013,0.573451220989,0.302312523127
-0.453939110041,-0.567169547081,0.778469145298,0.00799966044724,-0.761761069298,0.573384225368,0.301474183798
-0.453963577747,-0.567352056503,0.778528273106,0.00840959884226,-0.761412978172,0.573821723461,0.301509857178
-0.453926831484,-0.567481994629,0.778696835041,0.00863672792912,-0.761140048504,0.573948562145,0.301950991154
-0.453846812248,-0.567670762539,0.778859436512,0.00934752915055,-0.760567367077,0.57406693697,0.303145319223
-0.453758001328,-0.567950725555,0.778910517693,0.00993804913014,-0.76042175293,0.574305891991,0.303039371967
-0.453770399094,-0.568416059017,0.779119253159,0.011974378489,-0.760231971741,0.574605822563,0.302873194218
-0.453672856092,-0.568913817406,0.77933204174,0.013828612864,-0.760535478592,0.57466930151,0.301910251379
-0.453334182501,-0.569710373878,0.77981865406,0.00350227369927,-0.756351411343,0.578610479832,0.305172413588
-0.453184127808,-0.5697286129,0.779117107391,0.0153263201937,-0.754889070988,0.580110609531,0.305580317974
-0.453630179167,-0.570544242859,0.779579997063,0.0188280902803,-0.757579267025,0.579152286053,0.300502359867
-0.453590810299,-0.570977091789,0.779586076736,0.0200864188373,-0.75601118803,0.580939412117,0.300920426846
-0.453548908234,-0.571566343307,0.779626727104,0.021985175088,-0.754236698151,0.583414316177,0.300451904535
-0.453510284424,-0.572082042694,0.779804050922,0.0238713379949,-0.753340065479,0.584663808346,0.300128608942
-0.453451693058,-0.572516560555,0.780029714108,0.0253454297781,-0.752631366253,0.58568418026,0.299795895815
-0.453864187002,-0.573485314846,0.781408131123,0.0351936817169,-0.748108446598,0.58847874403,0.304611384869
-0.453512966633,-0.574021875858,0.782070100307,0.0243235491216,-0.74261033535,0.593452513218,0.309438765049
-0.453131943941,-0.573752641678,0.781166911125,0.0173891931772,-0.743130683899,0.595127105713,0.305414706469
-0.453225851059,-0.574134409428,0.781495094299,0.0196899734437,-0.740903198719,0.597606182098,0.30584564805
-0.453209131956,-0.574472665787,0.781916439533,0.0220612958074,-0.739257156849,0.599422097206,0.306113243103
-0.453436166048,-0.574671626091,0.781787276268,0.0228024739772,-0.737396776676,0.602404594421,0.304687649012
-0.453945189714,-0.575547575951,0.783159732819,0.0329831317067,-0.731995224953,0.606116354465,0.309383392334
-0.454272001982,-0.576106011868,0.783498287201,0.0367602370679,-0.728033006191,0.610255360603,0.310169279575
-0.454490154982,-0.576531529427,0.783557593822,0.0380633808672,-0.725449204445,0.613806247711,0.309057354927
-0.454816550016,-0.577233374119,0.783966124058,0.0418509617448,-0.720905125141,0.618615806103,0.309610784054
-0.455013275146,-0.577760279179,0.784111618996,0.0430813841522,-0.718596696854,0.62163412571,0.308761894703
-0.455489575863,-0.578483819962,0.784706413746,0.0473602078855,-0.7151299119,0.625146448612,0.309092521667
-0.455741018057,-0.578934192657,0.785014748573,0.0491073131561,-0.713511824608,0.627283573151,0.308228164911
-0.455986559391,-0.579440116882,0.785451292992,0.0510729663074,-0.711878061295,0.629354715347,0.307463616133
-0.456217676401,-0.579837083817,0.785872161388,0.0519551262259,-0.710978806019,0.631004810333,0.306011080742
-0.456502199173,-0.579825758934,0.785802662373,0.0662217289209,-0.712744235992,0.630181670189,0.300801157951
-0.456537932158,-0.579957783222,0.786474943161,0.0678917840123,-0.710706472397,0.632784605026,0.299784630537
-0.45674008131,-0.580119907856,0.787380099297,0.0689587593079,-0.710125744343,0.634360313416,0.297578722239
-0.45688739419,-0.580319404602,0.788318216801,0.0720514208078,-0.706415832043,0.637645363808,0.298653095961
-0.456880778074,-0.580292344093,0.78909766674,0.0735449492931,-0.703403949738,0.641594111919,0.296936094761
-0.456958293915,-0.5801846385,0.789961159229,0.0745903849602,-0.700239658356,0.644831240177,0.297142058611
-0.457112371922,-0.57996827364,0.790591299534,0.0747565031052,-0.697925031185,0.647294998169,0.297189205885
-0.457099229097,-0.579741537571,0.791223824024,0.0745893567801,-0.695951104164,0.649260342121,0.297572880983
-0.457251101732,-0.579468667507,0.79180264473,0.0750285387039,-0.69458258152,0.64996701479,0.299112945795
-0.457389056683,-0.579092383385,0.792146146297,0.0745157003403,-0.693883836269,0.650362491608,0.3000023067
-0.457458078861,-0.578548371792,0.792363166809,0.0722381696105,-0.692642688751,0.650616943836,0.302861839533
-0.457576096058,-0.57804107666,0.792452096939,0.0690522044897,-0.693349301815,0.649641752243,0.304079055786
-0.457813262939,-0.577615737915,0.792798161507,0.0684678927064,-0.69245672226,0.648829996586,0.307953447104
-0.457934528589,-0.577230393887,0.792917609215,0.0680953040719,-0.691760361195,0.647709906101,0.311933398247
-0.457920402288,-0.576580822468,0.792902946472,0.0655379667878,-0.687583386898,0.649231731892,0.318484157324
-0.458283692598,-0.576278030872,0.793090522289,0.0635900199413,-0.689394056797,0.647316038609,0.318863481283
-0.458543539047,-0.576046288013,0.793273985386,0.0629175081849,-0.687902808189,0.647353291512,0.322125405073
-0.458796948195,-0.575910031796,0.793328344822,0.061772596091,-0.686730384827,0.647454977036,0.324634581804
-0.459142923355,-0.575732886791,0.793308854103,0.0602729469538,-0.684922397137,0.647731542587,0.32816529274
-0.459416866302,-0.575672090054,0.793284058571,0.0586367174983,-0.683844923973,0.647795140743,0.330574214458
-0.459786534309,-0.575665175915,0.793297350407,0.0579620860517,-0.682726025581,0.6478561759,0.33287858963
-0.460052490234,-0.575643062592,0.793192327023,0.0564129166305,-0.682010889053,0.647797226906,0.334720015526
-0.460289001465,-0.575620234013,0.792996764183,0.0537122450769,-0.681619465351,0.647243440151,0.337024897337
-0.460447967052,-0.575580656528,0.79270106554,0.0516686439514,-0.681682407856,0.646411180496,0.338809549809
-0.460540175438,-0.575665593147,0.792572617531,0.0511196479201,-0.68208438158,0.645686626434,0.339464753866
-0.460550904274,-0.575771212578,0.792443990707,0.0509184114635,-0.682290196419,0.645349860191,0.339721918106
-0.460437595844,-0.575898945332,0.792213022709,0.0506561100483,-0.682559430599,0.645373821259,0.339174509048
-0.460302501917,-0.576009213924,0.792088329792,0.0513796061277,-0.682694613934,0.645429134369,0.338687956333
-0.460085451603,-0.576099455357,0.791953265667,0.0525452941656,-0.682807683945,0.645654976368,0.337849587202
-0.459737926722,-0.576150715351,0.791763663292,0.0538240224123,-0.68262898922,0.646068930626,0.337217450142
-0.45928645134,-0.576130867004,0.791575372219,0.0546958744526,-0.682843923569,0.646169483662,0.336448460817
-0.458716094494,-0.576049268246,0.791290283203,0.0549792051315,-0.683667182922,0.645892381668,0.335260212421
-0.458106726408,-0.576050281525,0.791274428368,0.0574026368558,-0.684117853642,0.645802199841,0.334106683731
-0.457438409328,-0.575960040092,0.791107058525,0.0595469810069,-0.68468350172,0.645970284939,0.332242637873
-0.456492990255,-0.575699090958,0.790560483932,0.0595459975302,-0.682446837425,0.648051142693,0.332791686058
-0.45575428009,-0.57558465004,0.790303111076,0.0613400228322,-0.682190775871,0.64879989624,0.331529349089
-0.455020606518,-0.575677931309,0.790268659592,0.0660554692149,-0.685146927834,0.646834909916,0.32835200429
-0.454625189304,-0.575295507908,0.789740562439,0.0566965974867,-0.682988166809,0.648720681667,0.330868601799
-0.453096717596,-0.575761973858,0.78996181488,0.056773878634,-0.682662904263,0.648807406425,0.3313562572
-0.452082455158,-0.575725615025,0.789304614067,0.0573059394956,-0.68351405859,0.647772431374,0.331535160542
-0.451968550682,-0.57604008913,0.788817346096,0.0721825659275,-0.693975150585,0.639602899551,0.322639495134
-0.451166033745,-0.57637321949,0.788814663887,0.0599660910666,-0.692638576031,0.640640318394,0.325938403606
-0.450654894114,-0.576632916927,0.788423657417,0.0603394806385,-0.695771574974,0.638469696045,0.323446512222
-0.450533121824,-0.576953172684,0.788014292717,0.0749631896615,-0.702064812183,0.633627951145,0.316229730844
-0.450130045414,-0.577230274677,0.78767812252,0.0754773691297,-0.702091753483,0.633651375771,0.316000550985
-0.449864149094,-0.577651500702,0.787595331669,0.077235661447,-0.703336060047,0.632781505585,0.314548254013
-0.449444144964,-0.578196823597,0.787749648094,0.0672358870506,-0.699673831463,0.636322319508,0.317851871252
-0.449487686157,-0.578698694706,0.787938117981,0.069786451757,-0.702562868595,0.634491205215,0.314573049545
-0.449451446533,-0.579008877277,0.787845730782,0.0712617337704,-0.704332590103,0.633147954941,0.312987536192
-0.449663877487,-0.579116463661,0.787493228912,0.0847583711147,-0.709675610065,0.628407776356,0.307050615549
-0.449592739344,-0.579197824001,0.787301838398,0.0844337195158,-0.711696326733,0.626769065857,0.305810213089
-0.449654877186,-0.579207360744,0.787288546562,0.0848691239953,-0.713814258575,0.624394595623,0.30561029911
-0.449646443129,-0.57898581028,0.786974132061,0.0829669162631,-0.717184722424,0.621110737324,0.30493298173
-0.449411273003,-0.578949153423,0.787124812603,0.0695214122534,-0.715992331505,0.621571183205,0.310114681721
-0.449463069439,-0.578838944435,0.786991178989,0.0685883313417,-0.718837082386,0.618769884109,0.309342503548
-0.449703097343,-0.578541636467,0.786573767662,0.0798446908593,-0.72403383255,0.613487005234,0.305014044046
-0.449398100376,-0.578358769417,0.786761760712,0.0661380514503,-0.722373306751,0.61519241333,0.308773249388
-0.449677973986,-0.577859699726,0.786373794079,0.0772594958544,-0.727622687817,0.609979510307,0.304173231125
-0.449713736773,-0.577607691288,0.786392509937,0.0760737881064,-0.728339672089,0.609317719936,0.304082304239
-0.44975143671,-0.577362179756,0.786422073841,0.0750442072749,-0.72925311327,0.608621180058,0.30354321003
-0.449800908566,-0.577091932297,0.786373853683,0.0737832933664,-0.72993427515,0.608240008354,0.30297896266
-0.449833244085,-0.576758980751,0.786272168159,0.072051204741,-0.731080412865,0.607416689396,0.30228292942
-0.449819326401,-0.576305627823,0.786064684391,0.0692697837949,-0.732108294964,0.606851518154,0.301579833031
-0.449823647738,-0.575858473778,0.786027908325,0.0674877539277,-0.732172071934,0.606882274151,0.301767230034
-0.449839174747,-0.575393080711,0.786170840263,0.0665556639433,-0.732108354568,0.606713950634,0.302466481924
-0.449559986591,-0.574490368366,0.785872042179,0.0628554821014,-0.731149375439,0.607272803783,0.304449558258
-0.449466079473,-0.574156224728,0.786355733871,0.0504647195339,-0.730031073093,0.608788371086,0.306406199932
-0.449541300535,-0.57284539938,0.785271763802,0.0562138594687,-0.737626314163,0.602814614773,0.298934966326
-0.449548602104,-0.571655869484,0.784651935101,0.0511996373534,-0.739474058151,0.601675868034,0.297561317682
-0.449546188116,-0.570815682411,0.784616708755,0.0506092309952,-0.741300582886,0.600443065166,0.29560148716
-0.44932705164,-0.569785475731,0.784482598305,0.0493284128606,-0.741197407246,0.600239336491,0.296489208937
-0.449026912451,-0.56898355484,0.785531759262,0.0384414158762,-0.739377558231,0.601698458195,0.299670130014
-0.449258893728,-0.567387759686,0.785342693329,0.0487745590508,-0.743988990784,0.597447276115,0.295225739479
-0.449198544025,-0.565923035145,0.785849750042,0.0486779399216,-0.745867729187,0.595721125603,0.293986409903
-0.449003010988,-0.564558386803,0.786720514297,0.0500355474651,-0.746443331242,0.594881057739,0.293998926878
-0.44883531332,-0.562816500664,0.787358403206,0.0487935654819,-0.746711492538,0.594264924526,0.294771611691
-0.448767364025,-0.56095045805,0.787816047668,0.0470271073282,-0.747934758663,0.593501567841,0.293492764235
-0.448155373335,-0.559519410133,0.789234876633,0.0359237678349,-0.744829773903,0.596073150635,0.297716140747
-0.448266297579,-0.557230472565,0.789529025555,0.0458661802113,-0.750455677509,0.590872526169,0.292544424534
-0.447842508554,-0.555128514767,0.790309607983,0.0452548749745,-0.750177681446,0.590091109276,0.294920444489
-0.447252511978,-0.553459644318,0.791682779789,0.03150132671,-0.749012231827,0.591202199459,0.297436207533
-0.447205483913,-0.551592707634,0.792405247688,0.0443681553006,-0.751212120056,0.588991701603,0.294619292021
-0.446839809418,-0.549757003784,0.793288588524,0.0435392260551,-0.752031385899,0.587551176548,0.295527786016
-0.446374595165,-0.547996103764,0.794168531895,0.0428681857884,-0.752278268337,0.587402582169,0.295293062925
-0.445932984352,-0.546293735504,0.794978260994,0.0423024222255,-0.752166867256,0.587276637554,0.295908123255
-0.44541606307,-0.544676065445,0.795752644539,0.0406201854348,-0.752941191196,0.58650547266,0.29570415616
-0.444471657276,-0.542431354523,0.796452760696,0.0353271625936,-0.754634678364,0.583420336246,0.29815980792
-0.443701118231,-0.54059368372,0.797185122967,0.0334438495338,-0.752495765686,0.584431171417,0.301781266928
-0.44356033206,-0.539304614067,0.798520565033,0.0331763029099,-0.756975531578,0.580973863602,0.297248363495
-0.443018883467,-0.537842929363,0.799545288086,0.0312877222896,-0.756608307362,0.581010103226,0.298316001892
-0.442319273949,-0.536368310452,0.800421833992,0.0300513785332,-0.755173802376,0.582521140575,0.299129754305
-0.441958099604,-0.535256326199,0.801998496056,0.0322040058672,-0.755606651306,0.582338213921,0.298167526722
-0.439992129803,-0.528545022011,0.805129885674,0.0161583554,-0.784719109535,0.540483832359,0.30303812027
-0.439331293106,-0.531318604946,0.80535775423,0.0215687397867,-0.765993833542,0.569460332394,0.297495126724
-0.438821852207,-0.529928505421,0.806801319122,0.0198260713369,-0.764928281307,0.571091711521,0.297230213881
-0.438349127769,-0.528068721294,0.807877957821,0.0155390389264,-0.766084015369,0.570339798927,0.295949786901
-0.437838792801,-0.526691555977,0.80932611227,0.0126624349505,-0.765433430672,0.571733057499,0.295080602169
-0.437178969383,-0.525422811508,0.810837447643,0.01171713043,-0.766179740429,0.571869671345,0.292910426855
-0.436525464058,-0.52469587326,0.812860667706,0.0129243461415,-0.763260543346,0.575390517712,0.293585002422
-0.435532718897,-0.523630857468,0.81472325325,-0.000996645307168,-0.758779346943,0.581091105938,0.294255316257
-0.435151845217,-0.522059559822,0.815998315811,0.00826277211308,-0.762715935707,0.578018665314,0.289983808994
-0.434427082539,-0.52067732811,0.817777037621,0.00683956826106,-0.762904882431,0.578248262405,0.289064645767
-0.433832526207,-0.519325852394,0.819513618946,0.0053083607927,-0.763396799564,0.578787982464,0.286708474159
-0.433163195848,-0.517758309841,0.821495234966,0.00286013470031,-0.763317704201,0.579436540604,0.285641640425
-0.432426929474,-0.516281664371,0.823408842087,0.00224018190056,-0.763908565044,0.579511642456,0.283910125494
-0.431624591351,-0.514800429344,0.825266718864,0.000269748590654,-0.764506757259,0.579766988754,0.281779378653
-0.430710911751,-0.513166308403,0.827233016491,-0.00210588495247,-0.765940964222,0.579076886177,0.27928468585
-0.429936498404,-0.511688709259,0.829293966293,-0.00147137569729,-0.765790939331,0.580412685871,0.276917397976
-0.429112672806,-0.510317742825,0.831452727318,-0.000995557289571,-0.766179442406,0.58118134737,0.274219274521
-0.428097009659,-0.508718371391,0.83354306221,-0.00389691535383,-0.766216218472,0.582514882088,0.271245330572
-0.426945388317,-0.507026612759,0.835787415504,-0.00625462876633,-0.766124784946,0.583346545696,0.269667416811
-0.426047354937,-0.505637943745,0.838316202164,-0.00795037858188,-0.766448318958,0.584466993809,0.266256093979
-0.424993395805,-0.504165709019,0.840748488903,-0.0102756572887,-0.765859782696,0.586643755436,0.263063400984
-0.423796355724,-0.502616584301,0.843120038509,-0.0118054533377,-0.765690863132,0.588679671288,0.25891032815
-0.422667384148,-0.501223266125,0.845760583878,-0.0133749879897,-0.764408528805,0.591758072376,0.255583405495
-0.421704560518,-0.499629706144,0.848254442215,-0.0245878975838,-0.76229506731,0.594265937805,0.255244463682
-0.420200228691,-0.498210370541,0.850927829742,-0.0254255235195,-0.761392951012,0.596884310246,0.251720905304
-0.41813236475,-0.497409194708,0.854281723499,-0.0255679748952,-0.761272192001,0.598143696785,0.249068692327
-0.416620194912,-0.496035128832,0.857125043869,-0.027303263545,-0.761669397354,0.599167644978,0.245178163052
-0.415378391743,-0.494230896235,0.859585702419,-0.0187701229006,-0.76429516077,0.598829627037,0.238544940948
-0.413627266884,-0.492960482836,0.862968146801,-0.030952187255,-0.760637998581,0.603037595749,0.238364651799
-0.412264585495,-0.491164207458,0.865460693836,-0.02159021236,-0.762354254723,0.604040026665,0.23126937449
-0.410662889481,-0.489626437426,0.868409276009,-0.0227813944221,-0.762228548527,0.605985105038,0.226430401206
-0.410121321678,-0.488988906145,0.871084988117,-0.0166174322367,-0.754705309868,0.61707341671,0.222180560231
-0.407992482185,-0.487532287836,0.874413907528,-0.0298315472901,-0.752416908741,0.619465172291,0.221904948354
-0.406433105469,-0.485670894384,0.877155601978,-0.0178205501288,-0.754503965378,0.619624435902,0.215573385358
-0.404521614313,-0.48395305872,0.880218029022,-0.0182828623801,-0.754075884819,0.621561765671,0.211415186524
-0.402258276939,-0.482303977013,0.883661031723,-0.0324465632439,-0.751235842705,0.623888194561,0.212968334556
-0.400470197201,-0.480605989695,0.886797189713,-0.0310237724334,-0.75153696537,0.625136077404,0.208409667015
-0.398464798927,-0.47880256176,0.889798998833,-0.0308949686587,-0.751698374748,0.626757740974,0.202903881669
-0.396358013153,-0.476731717587,0.892848432064,-0.0323271751404,-0.751354038715,0.62798333168,0.200147688389
-0.394454479218,-0.475025892258,0.895883560181,-0.0309883598238,-0.750839948654,0.630448877811,0.194456741214
-0.392379581928,-0.473053783178,0.898903131485,-0.0307620782405,-0.750779867172,0.631707668304,0.190601050854
-0.390182226896,-0.471007794142,0.902066349983,-0.0309796426445,-0.750867247581,0.632566034794,0.187346816063
-0.387926161289,-0.468903720379,0.905038118362,-0.0313028842211,-0.750032246113,0.634443640709,0.184264287353
-0.385686427355,-0.466553062201,0.908104360104,-0.031998090446,-0.750697314739,0.634700775146,0.180512458086
-0.383530408144,-0.464259088039,0.910933196545,-0.0328259430826,-0.750370264053,0.636339783669,0.175894409418
-0.381319493055,-0.461765736341,0.91384023428,-0.0336176343262,-0.749841094017,0.637782990932,0.172745391726
-0.379060924053,-0.459326297045,0.916861355305,-0.0339838936925,-0.750139474869,0.638698518276,0.167928308249
-0.376700103283,-0.456525325775,0.919560313225,-0.036115989089,-0.749148309231,0.640374660492,0.165507256985
-0.374808251858,-0.447805166245,0.924352169037,-0.0371054038405,-0.783940136433,0.596792161465,0.167033940554
-0.371789693832,-0.443337440491,0.927774131298,-0.0417406223714,-0.794480502605,0.583760380745,0.162118330598
-0.369022786617,-0.436752289534,0.93149882555,-0.038485981524,-0.817193865776,0.553694367409,0.155356630683
-0.365815013647,-0.434094876051,0.934459209442,-0.0481312647462,-0.815828979015,0.555584073067,0.153078556061
-0.36308568716,-0.427801370621,0.93807965517,-0.0460300557315,-0.833975672722,0.529260516167,0.149161219597
-0.362549811602,-0.437702864408,0.935292184353,-0.0280781388283,-0.754159867764,0.640090823174,0.144007638097
-0.360011965036,-0.434161216021,0.93765348196,-0.0284310914576,-0.756214082241,0.638390362263,0.140676409006
-0.35737735033,-0.430622398853,0.939873874187,-0.0304873008281,-0.755195260048,0.639743864536,0.139564886689
-0.354889154434,-0.427213162184,0.942165732384,-0.0299374144524,-0.756762802601,0.638831317425,0.135309115052
-0.35177975893,-0.42353862524,0.944899439812,-0.0382639802992,-0.757927656174,0.637063682079,0.135023787618
-0.34920796752,-0.419979929924,0.947092950344,-0.037763684988,-0.758716583252,0.636466324329,0.13354255259
-0.346351027489,-0.416383445263,0.948947787285,-0.0376103110611,-0.758346438408,0.63708460331,0.132738217711
-0.34372150898,-0.41287446022,0.951300680637,-0.0369900837541,-0.762134552002,0.633455276489,0.128518864512
-0.340871334076,-0.409165501595,0.953238487244,-0.038049608469,-0.763013124466,0.632576823235,0.127318486571
-0.338093906641,-0.405727148056,0.955157518387,-0.0374273620546,-0.764690697193,0.630904376507,0.125726252794
-0.334496676922,-0.401704162359,0.956132054329,-0.0445395410061,-0.767878055573,0.627929508686,0.118676833808
-0.331994593143,-0.398312747478,0.958407342434,-0.0401409640908,-0.769428014755,0.626423537731,0.11816380918
-0.328909814358,-0.394965589046,0.959655582905,-0.042569167912,-0.769025743008,0.627512454987,0.114085070789
-0.32605856657,-0.391398668289,0.961267471313,-0.0419789366424,-0.769892096519,0.62687432766,0.111949570477
-0.323092162609,-0.387807875872,0.962767124176,-0.0423856265843,-0.770988464355,0.625953614712,0.109372727573
-0.320230007172,-0.384326338768,0.964429616928,-0.0420805439353,-0.771815299988,0.625397622585,0.106809131801
-0.31745493412,-0.380910158157,0.965960919857,-0.0402339994907,-0.77172344923,0.625857830048,0.105480268598
-0.31453359127,-0.377467155457,0.967337369919,-0.0404708385468,-0.771203398705,0.626919925213,0.102853231132
-0.311586081982,-0.373923659325,0.968659162521,-0.041399627924,-0.772275984287,0.626110076904,0.0993079692125
-0.30875235796,-0.370314568281,0.970158696175,-0.0414239764214,-0.771859824657,0.626809477806,0.0981146320701
-0.306162893772,-0.366839706898,0.971632122993,-0.0399528816342,-0.772068440914,0.626986026764,0.0959306880832
-0.303211867809,-0.363124072552,0.972907006741,-0.04002244398,-0.772673845291,0.626499176025,0.0941912829876
-0.300564706326,-0.358556270599,0.975510060787,-0.0386048816144,-0.781172394753,0.61567401886,0.0960463285446
-0.297900557518,-0.354875773191,0.9767152071,-0.0376197211444,-0.782587528229,0.614218592644,0.0942182466388
-0.295211672783,-0.351478040218,0.978045165539,-0.0343391038477,-0.781616866589,0.615622162819,0.094367608428
-0.292485535145,-0.347816884518,0.979374051094,-0.0332335345447,-0.784843623638,0.611785590649,0.0929217487574
-0.289756327868,-0.344327360392,0.98033696413,-0.0321880206466,-0.785068273544,0.611790001392,0.0913498997688
-0.287061393261,-0.341044068336,0.981436491013,-0.0305564869195,-0.785586893559,0.611399888992,0.0900551378727
-0.284350156784,-0.337319552898,0.982536971569,-0.0301331095397,-0.787722766399,0.608871877193,0.0886560082436
-0.281811028719,-0.333710968494,0.983610570431,-0.0286379978061,-0.789610087872,0.606674551964,0.0874181091785
-0.279608279467,-0.329891443253,0.984228312969,-0.0158952996135,-0.790962815285,0.605846762657,0.0841143801808
-0.276834577322,-0.326424211264,0.985876858234,-0.0254495870322,-0.791714429855,0.604193866253,0.0865472331643
-0.27449208498,-0.322414785624,0.986396074295,-0.0127952154726,-0.79410469532,0.602208793163,0.0811096727848
-0.271763592958,-0.319195568562,0.987752854824,-0.0232895556837,-0.79178160429,0.604272186756,0.0859915018082
-0.272986799479,-0.307209700346,0.992636740208,0.00196364242584,-0.840312182903,0.533516228199,0.0960847064853
-0.267262339592,-0.311789035797,0.988930225372,-0.0081227933988,-0.794008493423,0.602637410164,0.0794526040554
-0.264752477407,-0.308210641146,0.989877998829,-0.00765997869894,-0.795194625854,0.601217985153,0.0783826485276
-0.262492328882,-0.304491102695,0.990458369255,-0.00787223409861,-0.795969188213,0.600138425827,0.0787710547447
-0.260238528252,-0.300965338945,0.991293072701,-0.00666052661836,-0.796724557877,0.599340558052,0.0773089155555
-0.258091837168,-0.297654032707,0.991980016232,-0.00599660491571,-0.796400845051,0.599682211876,0.0780455842614
-0.255795478821,-0.294184565544,0.992563307285,-0.00481326458976,-0.797111809254,0.59901201725,0.075987868011
-0.253690361977,-0.290908783674,0.993035554886,-0.00426412606612,-0.796984136105,0.599241375923,0.0755513608456
-0.251297235489,-0.287568986416,0.993716597557,-0.004640835803,-0.797384858131,0.598674654961,0.0757932439446
-0.249447703362,-0.284446120262,0.993990778923,-0.00683005899191,-0.797342181206,0.598726928234,0.0756623670459
-0.247376143932,-0.281339287758,0.994266033173,-0.000865711423103,-0.798344969749,0.597546458244,0.0747177004814
-0.245219096541,-0.278047323227,0.994761407375,-0.00509837456048,-0.798958718777,0.596533834934,0.076068662107
-0.243228927255,-0.275161147118,0.995010674,0.000916539633181,-0.799413144588,0.596145510674,0.0744869858027
-0.241099044681,-0.273606926203,0.993413507938,-0.0112126506865,-0.7880397439,0.611722171307,0.0682898983359
-0.239122390747,-0.270608395338,0.99368596077,-0.0113099860027,-0.787706196308,0.612107932568,0.0686651170254
-0.237022534013,-0.267770558596,0.994209766388,-0.00223076320253,-0.789027094841,0.61054867506,0.0682759061456
-0.240826249123,-0.254233896732,1.00198864937,0.0158352777362,-0.85002464056,0.517139792442,0.0988628715277
-0.234514638782,-0.259919047356,0.996664106846,0.0023687123321,-0.803522706032,0.59041261673,0.0758872181177
-0.236860245466,-0.249053835869,1.00208568573,0.0230396986008,-0.848663270473,0.519671678543,0.0958195626736
-0.231381326914,-0.254095196724,0.99704259634,0.00820471066982,-0.804794609547,0.588647723198,0.0757115483284
-0.229902133346,-0.251286029816,0.997110307217,0.00934936478734,-0.805356144905,0.587694466114,0.0770025476813
-0.228373914957,-0.248653009534,0.997443318367,0.0113746216521,-0.806225478649,0.586505591869,0.0766966491938
-0.227252617478,-0.245781749487,0.997386693954,0.0120637696236,-0.807153105736,0.585133254528,0.0773136094213
-0.22577086091,-0.243209540844,0.997491002083,0.0132646746933,-0.806855857372,0.585378468037,0.0783571079373
-0.22454315424,-0.240482404828,0.997455954552,0.0134240500629,-0.807833850384,0.584020972252,0.0783831700683
-0.223399072886,-0.237698569894,0.997498929501,0.0144931869581,-0.809396982193,0.58171492815,0.0792101100087
-0.222255513072,-0.235076993704,0.997402250767,0.0147314872593,-0.809291899204,0.581756830215,0.0799293518066
-0.221130147576,-0.232641488314,0.997456729412,0.0158374384046,-0.809111714363,0.581985354424,0.0798774287105
-0.220271348953,-0.230096697807,0.997238636017,0.0168169680983,-0.809623599052,0.581160843372,0.0804915130138
-0.219378888607,-0.227493941784,0.997051239014,0.0173341445625,-0.81068277359,0.579629004002,0.0807659775019
-0.21863950789,-0.225154817104,0.996751666069,0.0175119005144,-0.810317754745,0.580089390278,0.081084959209
-0.217984184623,-0.222839832306,0.996339678764,0.0170617066324,-0.810716629028,0.579676508904,0.0801414251328
-0.217223271728,-0.220589488745,0.996004939079,0.0160052645952,-0.810917437077,0.579449355602,0.0799694433808
-0.216547220945,-0.219000130892,0.995591521263,0.0156442131847,-0.808068871498,0.583421468735,0.0799963027239
-0.216000601649,-0.216811478138,0.995552897453,0.0142650539055,-0.810362040997,0.580347597599,0.0794133991003
-0.21561512351,-0.215220957994,0.99523627758,0.014108877629,-0.809904515743,0.581012487411,0.0792477950454
-0.21515455842,-0.213815942407,0.994801044464,0.0137465596199,-0.808439970016,0.583212018013,0.0781004950404
-0.214691802859,-0.212043523788,0.994708955288,0.0126216663048,-0.809851229191,0.581188797951,0.0787486582994
-0.214320495725,-0.210875719786,0.994394004345,0.0129234539345,-0.808655202389,0.582900881767,0.0783351883292
-0.214033901691,-0.209215641022,0.99463135004,0.0126491114497,-0.809687912464,0.581234753132,0.0800729468465
-0.213844329119,-0.207999736071,0.994479238987,0.0124545460567,-0.808894276619,0.582361936569,0.0799349695444
-0.213809669018,-0.206555038691,0.994679450989,0.0146079612896,-0.809651196003,0.580987036228,0.0818894058466
-0.213874310255,-0.205137610435,0.994426488876,0.0147236688063,-0.809732854366,0.580680072308,0.0832265764475
-0.214084848762,-0.203724205494,0.993812203407,0.0159877985716,-0.809897840023,0.5800999403,0.08540443331
-0.214340150356,-0.202656880021,0.993104934692,0.0178019180894,-0.810097873211,0.579597711563,0.0865515097976
-0.214514240623,-0.201711431146,0.992204785347,0.0185484439135,-0.809432268143,0.580248653889,0.0882424861193
-0.214837670326,-0.20111630857,0.991252422333,0.0204306989908,-0.808025538921,0.581667661667,0.0913234874606
-0.21488815546,-0.200552463531,0.99019908905,0.0209342632443,-0.808255314827,0.581080079079,0.0929030105472
-0.214738845825,-0.200296670198,0.989336788654,0.0216029621661,-0.808834254742,0.579717874527,0.0961644202471
-0.214600503445,-0.200143605471,0.988326489925,0.022173050791,-0.809239983559,0.578718900681,0.0986081808805
-0.214426875114,-0.20019197464,0.987132966518,0.0223120320588,-0.809842944145,0.577559828758,0.100405268371
-0.214236065745,-0.200294047594,0.986018180847,0.022094713524,-0.80984711647,0.577320456505,0.101787418127
-0.213927730918,-0.200274765491,0.985159337521,0.0224836673588,-0.810118257999,0.576818406582,0.102388724685
-0.213553071022,-0.20009174943,0.984655320644,0.0230372734368,-0.810321390629,0.576497972012,0.102463334799
-0.213103577495,-0.199677616358,0.984065771103,0.021859779954,-0.810011565685,0.577136695385,0.101571209729
-0.212656497955,-0.199229210615,0.983851671219,0.0213543195277,-0.808850109577,0.578789055347,0.101532742381
-0.212210074067,-0.198483794928,0.98390185833,0.0213424246758,-0.807402610779,0.580857396126,0.10124335438
-0.21148763597,-0.197464808822,0.984307765961,0.020856982097,-0.807421445847,0.581075847149,0.0999323129654
-0.210890188813,-0.196409404278,0.984813392162,0.0204536579549,-0.805998384953,0.583095610142,0.0997376665473
-0.210172817111,-0.195288538933,0.985033154488,0.0188202001154,-0.802874803543,0.587823152542,0.0974772721529
-0.209466099739,-0.193955808878,0.98572909832,0.0178613942116,-0.801265537739,0.59034371376,0.0956494361162
-0.208793953061,-0.192589655519,0.986337542534,0.0181036628783,-0.799160063267,0.593747854233,0.0920807272196
-0.207972288132,-0.19119527936,0.987388730049,0.0180411096662,-0.797233939171,0.59661757946,0.0902216210961
-0.207182228565,-0.189628362656,0.988320887089,0.017979959026,-0.795652270317,0.598935008049,0.0888309702277
-0.206304684281,-0.188127756119,0.989490628242,0.0187481679022,-0.794372916222,0.60083425045,0.0872831046581
-0.205327391624,-0.186748325825,0.991012811661,0.0198681857437,-0.793450176716,0.602024435997,0.0872275456786
-0.20423746109,-0.185344591737,0.992498874664,0.0213596653193,-0.792144477367,0.603728055954,0.0869675204158
-0.202941909432,-0.184260293841,0.993967533112,0.0217305198312,-0.789634227753,0.607200086117,0.0855215266347
-0.201781958342,-0.182763978839,0.995448589325,0.0212458651513,-0.789153218269,0.607772171497,0.086017049849
-0.200549915433,-0.181169316173,0.996849417686,0.0192690175027,-0.788787782192,0.60826843977,0.0863259211183
-0.198587670922,-0.180643931031,0.996921718121,0.0122269680724,-0.781711876392,0.618321895599,0.0803432762623
-0.198195323348,-0.177885904908,0.99938672781,0.0161146167666,-0.789601743221,0.607273280621,0.0865365564823
-0.196951121092,-0.176764622331,1.00054526329,0.0167811159045,-0.788141727448,0.609302043915,0.0854518264532
-0.195937350392,-0.175831437111,1.0016169548,0.018640037626,-0.785993933678,0.612078905106,0.0850031226873
-0.194172784686,-0.174984335899,1.00321149826,0.0116287926212,-0.785707950592,0.612424552441,0.0863953456283
-0.192353144288,-0.173844605684,1.00458908081,0.0110889095813,-0.786598980427,0.611558198929,0.0844742208719
-0.191900640726,-0.172850877047,1.00504815578,0.0241332259029,-0.784606575966,0.61442232132,0.0793424844742
-0.18997195363,-0.172105550766,1.00683879852,0.0152262570336,-0.78549683094,0.612825930119,0.0848966911435
-0.189199641347,-0.170831918716,1.00749957561,0.0142703261226,-0.787844836712,0.609653294086,0.0861370265484
-0.188060715795,-0.170234441757,1.00850701332,0.0211223419756,-0.789340615273,0.608113646507,0.0818115249276
-0.187045544386,-0.16945040226,1.00952601433,0.0239533986896,-0.791878163815,0.605185270309,0.0781408250332
-0.186074480414,-0.168625861406,1.01050829887,0.0286001414061,-0.79329431057,0.603783607483,0.072880551219
-0.187488615513,-0.1681163311,1.01225996017,0.0463171042502,-0.791472136974,0.604591906071,0.0767811015248
-0.185073450208,-0.166818901896,1.0118496418,0.0351675152779,-0.793753683567,0.604050457478,0.0619794763625
-0.184116527438,-0.165927097201,1.01279139519,0.0405134782195,-0.793544888496,0.604437768459,0.057447489351
-0.186010211706,-0.164917454123,1.0140683651,0.0605514533818,-0.791399002075,0.605454087257,0.0587069950998
-0.185620546341,-0.163940876722,1.01463007927,0.0628882423043,-0.788802742958,0.608979165554,0.0545867308974
-0.185622066259,-0.162741541862,1.01507341862,0.0658155009151,-0.786152303219,0.612464845181,0.0501972697675
-0.185185372829,-0.161544293165,1.01558852196,0.0647575333714,-0.784196257591,0.61532920599,0.0470396950841
-0.181650429964,-0.161685615778,1.01396012306,0.0494604967535,-0.773548901081,0.631327569485,0.024523306638
-0.181778609753,-0.160726964474,1.0143225193,0.0562070943415,-0.770783483982,0.634264290333,0.021034842357
-0.181980103254,-0.161851227283,1.01807582378,0.065418869257,-0.759945631027,0.645754218102,0.0347068719566
-0.182718619704,-0.160654395819,1.01797842979,0.068339176476,-0.757308244705,0.648759305477,0.0304211545736
-0.183295711875,-0.157240390778,1.01491034031,0.0531910806894,-0.76495051384,0.641697645187,0.0156690310687
-0.184727311134,-0.158244132996,1.01774954796,0.070809610188,-0.750420987606,0.656741023064,0.0233628042042
-0.185956954956,-0.157093971968,1.01755964756,0.0716929286718,-0.745821774006,0.661993205547,0.0193673204631
-0.187567993999,-0.1557982862,1.01710808277,0.0712856128812,-0.740452528,0.668128192425,0.0159074645489
-0.189454227686,-0.154532849789,1.01653909683,0.0703237652779,-0.734722971916,0.674615979195,0.0113948611543
-0.19157640636,-0.153259396553,1.01565933228,0.0682080760598,-0.728679597378,0.681398868561,0.00832329224795
-0.194515407085,-0.150598049164,1.01368629932,0.0639463886619,-0.734946191311,0.675103604794,-0.000175676774234
-0.196179941297,-0.151292741299,1.01409232616,0.0689987018704,-0.71652251482,0.694139778614,-0.00214627175592
-0.199775725603,-0.147227734327,1.01178646088,0.0679188296199,-0.728578984737,0.68152397871,-0.00920430384576
-0.202672734857,-0.1458453089,1.01043057442,0.0667310580611,-0.723911106586,0.686554431915,-0.0119471736252
-0.205775514245,-0.144226327538,1.00878167152,0.0649829059839,-0.718340158463,0.692546844482,-0.0119845252484
-0.208854466677,-0.143086373806,1.00717413425,0.0656357035041,-0.712391078472,0.698464930058,-0.0183744374663
-0.212614640594,-0.142965137959,1.00593042374,0.0717605426908,-0.699828326702,0.710468947887,-0.0180173050612
-0.215962722898,-0.141257047653,1.00389373302,0.0737575218081,-0.698691129684,0.71117246151,-0.0249834693968
-0.219736367464,-0.140135735273,1.00192022324,0.0771737545729,-0.69250524044,0.716764748096,-0.0270000901073
-0.223577335477,-0.138983815908,0.999913394451,0.0788899511099,-0.689008355141,0.719837605953,-0.0296283159405
-0.227281719446,-0.137249052525,0.997511863708,0.0828878954053,-0.684597551823,0.723349750042,-0.0349430255592
-0.231491535902,-0.135952085257,0.994705379009,0.0881435647607,-0.678987979889,0.727641820908,-0.0417543947697
-0.235634043813,-0.13439065218,0.992161095142,0.0920949354768,-0.675683915615,0.729944646358,-0.0463750734925
-0.239712640643,-0.132673740387,0.989425957203,0.0953748598695,-0.674015283585,0.730661273003,-0.0523556210101
-0.244356110692,-0.131656348705,0.986914396286,0.103524707258,-0.667417705059,0.735308229923,-0.0561962127686
-0.248853713274,-0.129867240787,0.983852446079,0.106381639838,-0.66275793314,0.738933324814,-0.0584159642458
-0.253400325775,-0.128349944949,0.98077249527,0.113063514233,-0.657412111759,0.742415726185,-0.0620076954365
-0.258096218109,-0.127003610134,0.977973043919,0.120536714792,-0.653376817703,0.744219362736,-0.068609520793
-0.26294708252,-0.125315919518,0.974600076675,0.124781996012,-0.648913562298,0.747031807899,-0.0726904198527
-0.267767250538,-0.123646199703,0.971283793449,0.130666226149,-0.64363270998,0.750211775303,-0.0764559656382
-0.272468447685,-0.122266247869,0.968156635761,0.140871539712,-0.640521645546,0.750265419483,-0.0836006999016
-0.277461946011,-0.12064434588,0.964682936668,0.14660513401,-0.633630394936,0.75457316637,-0.087399661541
-0.281966477633,-0.119009032845,0.960973739624,0.151031121612,-0.629835009575,0.756551206112,-0.090154491365
-0.287105292082,-0.117540881038,0.957525372505,0.159724071622,-0.623762369156,0.758903086185,-0.0973382815719
-0.291971087456,-0.115837231278,0.953793525696,0.167278081179,-0.618880033493,0.760991632938,-0.0994853377342
-0.296887457371,-0.114067956805,0.950319647789,0.169309481978,-0.615218639374,0.763402342796,-0.100284717977
-0.301772713661,-0.112021312118,0.946516156197,0.175734445453,-0.611878633499,0.763970375061,-0.105219744146
-0.30691331625,-0.110629379749,0.942821025848,0.183160528541,-0.604364454746,0.767926692963,-0.107165113091
-0.312220096588,-0.108808636665,0.939401268959,0.193370550871,-0.600633025169,0.767841339111,-0.110759019852
-0.316953450441,-0.106828808784,0.935456573963,0.196932181716,-0.597414433956,0.769145667553,-0.112821899354
-0.321954160929,-0.104686111212,0.931324899197,0.202955961227,-0.594477891922,0.769328415394,-0.11635582149
-0.326956003904,-0.102896913886,0.927493333817,0.209572732449,-0.590314865112,0.770333945751,-0.119136244059
-0.332198262215,-0.101227462292,0.924018025398,0.215690150857,-0.582495570183,0.774785816669,-0.117828816175
-0.338077306747,-0.0986167341471,0.920168638229,0.225165173411,-0.58580416441,0.770020067692,-0.114906206727
-0.341922044754,-0.0973032861948,0.916091322899,0.229334205389,-0.575210928917,0.775420844555,-0.123534075916
-0.347137153149,-0.0952201038599,0.912958145142,0.239182949066,-0.572091221809,0.775084793568,-0.121435917914
-0.35166016221,-0.0936171412468,0.909566640854,0.247079566121,-0.564180314541,0.777794480324,-0.125252202153
-0.355853289366,-0.0919391065836,0.905856251717,0.25301066041,-0.558214366436,0.779894113541,-0.12707310915
-0.360422194004,-0.0903567373753,0.90254175663,0.261588543653,-0.551614463329,0.781368255615,-0.129447162151
-0.364593446255,-0.0889304727316,0.899105608463,0.268847942352,-0.545718610287,0.782405138016,-0.133245095611
-0.369065970182,-0.087397351861,0.896001875401,0.275890856981,-0.538729846478,0.784578919411,-0.134499847889
-0.372737258673,-0.0860973149538,0.892822563648,0.282087951899,-0.530397176743,0.787417650223,-0.138126164675
-0.376748740673,-0.0844324976206,0.889879584312,0.285173416138,-0.524205386639,0.789968073368,-0.140838474035
-0.38048222661,-0.0830403715372,0.887065351009,0.290607213974,-0.518359780312,0.791416883469,-0.143213182688
-0.383982688189,-0.0815877765417,0.88453912735,0.295410186052,-0.511593341827,0.793727397919,-0.144920125604
-0.388725161552,-0.0799947082996,0.882409214973,0.302546054125,-0.510846138,0.792086184025,-0.141780033708
-0.391995429993,-0.0784004330635,0.880096554756,0.306534647942,-0.507672250271,0.792531847954,-0.142123013735
-0.395129621029,-0.0767329633236,0.8779515028,0.307332336903,-0.505641460419,0.793423771858,-0.142661526799
-0.398346096277,-0.0750681012869,0.876321256161,0.311105430126,-0.504413723946,0.792728126049,-0.142697021365
-0.401149064302,-0.0737584084272,0.874835550785,0.316716611385,-0.50296998024,0.79180419445,-0.140563577414
-0.403270870447,-0.0727002471685,0.873490810394,0.319709211588,-0.499474436045,0.792421221733,-0.14275893569
-0.403694570065,-0.0717883855104,0.872587203979,0.317930161953,-0.485315233469,0.80025190115,-0.151612743735
-0.404708623886,-0.0708834081888,0.872013092041,0.322905302048,-0.476860195398,0.801978349686,-0.158641636372
-0.405734986067,-0.0699513107538,0.871465921402,0.327184408903,-0.471019119024,0.802872180939,-0.162750273943
-0.406296670437,-0.0691165030003,0.871332406998,0.332425832748,-0.464741080999,0.802922070026,-0.169779628515
-0.40673917532,-0.0683251172304,0.871337175369,0.337419331074,-0.460629552603,0.801856637001,-0.176052823663
-0.407152920961,-0.0676867067814,0.871752202511,0.341479063034,-0.457978308201,0.800677716732,-0.180452540517
-0.407215029001,-0.0667797476053,0.872220158577,0.345188379288,-0.455523461103,0.799178957939,-0.186162665486
-0.407284379005,-0.0659074485302,0.872791349888,0.345968663692,-0.453763484955,0.799027144909,-0.189631268382
-0.407179892063,-0.0649953782558,0.873473107815,0.345971822739,-0.454066902399,0.79816120863,-0.192524090409
-0.406658619642,-0.0638407766819,0.873667120934,0.340732634068,-0.455068945885,0.798827767372,-0.196691587567
-0.406625747681,-0.0630793422461,0.874805808067,0.34195753932,-0.453979194164,0.799212694168,-0.195517629385
-0.405593067408,-0.0621580779552,0.875073373318,0.335326433182,-0.453988790512,0.801120996475,-0.199137106538
-0.405040532351,-0.0611411482096,0.876207351685,0.334623605013,-0.453726649284,0.801375389099,-0.199891835451
-0.404054999352,-0.0603566914797,0.876606166363,0.331487357616,-0.453783005476,0.802200675011,-0.201671302319
-0.403165191412,-0.0593597739935,0.877721488476,0.332000941038,-0.454483747482,0.802037537098,-0.199888944626
-0.402033209801,-0.0586394965649,0.878090023994,0.328735649586,-0.454670608044,0.8026304245,-0.202464491129
-0.401373356581,-0.0576404333115,0.879228413105,0.332041859627,-0.457345962524,0.800519824028,-0.199377030134
-0.400050461292,-0.0567640513182,0.880161643028,0.327979952097,-0.455753326416,0.802893936634,-0.20019826293
-0.398850142956,-0.0561419427395,0.880943477154,0.328161180019,-0.455293089151,0.802479565144,-0.202595740557
-0.397745639086,-0.0551037192345,0.881704092026,0.326301515102,-0.455996900797,0.802464485168,-0.204071253538
-0.396376430988,-0.054450750351,0.882588386536,0.327003508806,-0.456229776144,0.801585614681,-0.20587271452
-0.395276844501,-0.0536050647497,0.883396685123,0.324856191874,-0.45500600338,0.802777707577,-0.207330584526
-0.394395500422,-0.052795574069,0.884405374527,0.324534058571,-0.454651534557,0.803545296192,-0.205632463098
-0.391963511705,-0.0588186085224,0.891028881073,0.32329082489,-0.378845214844,0.844319164753,-0.197698503733
-0.388587713242,-0.0604540407658,0.894307076931,0.313780456781,-0.340070575476,0.862569272518,-0.204617023468
-0.385578542948,-0.0611620545387,0.896549999714,0.306611567736,-0.316201448441,0.872222959995,-0.212681055069
-0.383056551218,-0.0613791495562,0.898274242878,0.298549234867,-0.297350436449,0.87987601757,-0.219702631235
-0.371357411146,-0.0666082054377,0.900235176086,0.267362862825,-0.226936653256,0.894503712654,-0.277272850275
-0.371589839458,-0.0640121251345,0.902197182178,0.265684723854,-0.228424981236,0.895843625069,-0.273309707642
-0.371802419424,-0.0632801055908,0.904557704926,0.264653086662,-0.220500946045,0.900766134262,-0.264496535063
-0.371779710054,-0.062672123313,0.905775666237,0.265959650278,-0.219312995672,0.902760982513,-0.25727391243
-0.371668070555,-0.0619167238474,0.906448125839,0.264384448528,-0.223344832659,0.903242886066,-0.253713160753
-0.371416062117,-0.0611310303211,0.906932830811,0.263644784689,-0.226169615984,0.903511583805,-0.25100928545
-0.371211111546,-0.0603843927383,0.907353878021,0.263526588678,-0.229438722134,0.903218507767,-0.2492146492
-0.37276417017,-0.0588561743498,0.907138586044,0.268896311522,-0.247194930911,0.899947464466,-0.238084331155
-0.372120678425,-0.058277502656,0.907123863697,0.267892330885,-0.250209599733,0.898681521416,-0.240832746029
-0.372880786657,-0.0570036619902,0.906860888004,0.268791556358,-0.261767148972,0.896872401237,-0.234198436141
-0.37229642272,-0.0566865503788,0.907161056995,0.267150759697,-0.260256171227,0.897153258324,-0.236671075225
-0.373127818108,-0.0555641502142,0.906871974468,0.269717782736,-0.270690828562,0.894577920437,-0.231752887368
-0.372568517923,-0.055191680789,0.906907320023,0.267274975777,-0.269351035357,0.894766032696,-0.235388994217
-0.363550931215,-0.0608890503645,0.909149885178,0.242846339941,-0.19996830821,0.907312452793,-0.27896720171
-0.371052384377,-0.0550119131804,0.908051908016,0.260464012623,-0.252262860537,0.899856746197,-0.242445334792
-0.384366244078,-0.0387680530548,0.894172072411,0.295725822449,-0.473940610886,0.804368317127,-0.202282309532
-0.384679615498,-0.0381909608841,0.893971264362,0.295328170061,-0.474674880505,0.803892374039,-0.203032150865
-0.38503742218,-0.037736967206,0.893854022026,0.296148121357,-0.475109517574,0.803381979465,-0.20284165442
-0.385417610407,-0.0372108817101,0.893667459488,0.296834528446,-0.47427162528,0.80371761322,-0.202469468117
-0.38598960638,-0.0366915464401,0.893383383751,0.297551900148,-0.475519776344,0.802882909775,-0.20179887116
-0.386713624001,-0.0362389534712,0.893032431602,0.299080431461,-0.474951803684,0.802488446236,-0.20244525373
-0.387331783772,-0.035826459527,0.892660558224,0.300720930099,-0.475851655006,0.801313340664,-0.20255638659
-0.38794234395,-0.0354965180159,0.892336070538,0.302245616913,-0.474634319544,0.801318824291,-0.203120723367
-0.388851940632,-0.0351699739695,0.891915857792,0.304352551699,-0.473794162273,0.801051855087,-0.20298948884
-0.389677345753,-0.0347203165293,0.891489744186,0.306891530752,-0.475286483765,0.798823475838,-0.204453974962
-0.390573918819,-0.0343456864357,0.890944123268,0.309332698584,-0.474276095629,0.798709213734,-0.203566521406
-0.39139804244,-0.034087896347,0.890503823757,0.31035259366,-0.473968595266,0.798598647118,-0.203163400292
-0.392319381237,-0.0338525623083,0.890003919601,0.313516587019,-0.472627937794,0.797754943371,-0.204737231135
-0.393212556839,-0.0336454361677,0.889424979687,0.316349208355,-0.47109824419,0.797419250011,-0.20521274209
-0.394315332174,-0.0332760959864,0.888829827309,0.318244814873,-0.471912741661,0.796160340309,-0.205298423767
-0.395409137011,-0.0331004709005,0.888228058815,0.322350353003,-0.471523195505,0.794406354427,-0.20657889545
-0.396456629038,-0.0327919870615,0.887609958649,0.322699934244,-0.471006721258,0.794875562191,-0.205402940512
-0.397468060255,-0.0326331704855,0.887070834637,0.325859755278,-0.470332503319,0.793942153454,-0.205568984151
-0.398536026478,-0.0324536412954,0.886486053467,0.327545672655,-0.469845712185,0.793583214283,-0.205388605595
-0.396995842457,-0.0401226133108,0.892905473709,0.330090522766,-0.375050336123,0.842852830887,-0.199942231178
-0.394511818886,-0.0433781445026,0.89590638876,0.321333557367,-0.31907877326,0.866157770157,-0.211433976889
-0.392429411411,-0.0453409999609,0.89786875248,0.313947111368,-0.277193933725,0.880760908127,-0.221045106649
-0.390837907791,-0.0466982573271,0.899365007877,0.306562572718,-0.244890496135,0.890255570412,-0.231286019087
-0.389542996883,-0.0476237684488,0.900614738464,0.304188728333,-0.218248695135,0.895462870598,-0.240796789527
-0.379551529884,-0.0528379678726,0.902249217033,0.278915345669,-0.147493630648,0.901114165783,-0.297397255898
-0.380655497313,-0.050153657794,0.903464078903,0.279280334711,-0.138846710324,0.901884257793,-0.298879474401
-0.382088959217,-0.0503345876932,0.905351400375,0.279060810804,-0.119998991489,0.907503724098,-0.290107667446
-0.38290810585,-0.0503320395947,0.906765699387,0.279158055782,-0.103748247027,0.911198794842,-0.28464704752
-0.383386731148,-0.0504100173712,0.907916009426,0.279592573643,-0.0899602845311,0.91308927536,-0.282848417759
-0.38372066617,-0.0502848923206,0.90843307972,0.27775490284,-0.0802801549435,0.914642453194,-0.282553493977
-0.38386374712,-0.0501797646284,0.908772408962,0.277926653624,-0.0736019834876,0.91443836689,-0.284854382277
-0.384060502052,-0.0501474142075,0.909119546413,0.277437746525,-0.066145978868,0.914857268333,-0.285813301802
-0.384249389172,-0.0501738041639,0.909424841404,0.278756737709,-0.0603960491717,0.915236890316,-0.284584730864
-0.384362399578,-0.0501836687326,0.90970236063,0.278750061989,-0.0557079799473,0.91558355093,-0.284432381392
-0.384453982115,-0.0501856654882,0.909944534302,0.278426885605,-0.0514659881592,0.915983140469,-0.28426155448
-0.384550362825,-0.0501199215651,0.910165309906,0.27881065011,-0.047463785857,0.916139006615,-0.284079611301
-0.384601056576,-0.0502132028341,0.910421013832,0.277939736843,-0.0435714945197,0.916718363762,-0.283687144518
-0.377016961575,-0.0551012009382,0.910610258579,0.267556816339,-0.0194349456578,0.906405806541,-0.326288819313
-0.382591485977,-0.0502260625362,0.907615840435,0.279934734106,-0.0608444325626,0.908989191055,-0.302776068449
-0.383640825748,-0.0505114346743,0.909060835838,0.279181808233,-0.0519049316645,0.91286021471,-0.293342322111
-0.38419046998,-0.0505265146494,0.909837245941,0.277756035328,-0.0494200102985,0.915156185627,-0.287920922041
-0.384509533644,-0.0505504906178,0.91030818224,0.277110844851,-0.0476777255535,0.916482508183,-0.284598201513
-0.384702324867,-0.0506062507629,0.910601317883,0.276727765799,-0.0472801104188,0.917291343212,-0.282423406839
-0.384809374809,-0.0506938695908,0.910848140717,0.276268720627,-0.0472545474768,0.917919337749,-0.28083217144
-0.384861499071,-0.050763875246,0.910928666592,0.276197016239,-0.0487259924412,0.91822040081,-0.279664665461
-0.384917706251,-0.0509025901556,0.911057114601,0.27644598484,-0.0511293634772,0.918780267239,-0.277139633894
-0.384972393513,-0.0511111617088,0.911191284657,0.275062769651,-0.0525288060308,0.919534027576,-0.275750517845
-0.385355472565,-0.0510655045509,0.910887598991,0.275782704353,-0.0590592734516,0.919273436069,-0.274576306343
-0.385523110628,-0.0513015091419,0.910403728485,0.27925568819,-0.0675294548273,0.918834984303,-0.270552009344
-0.385727882385,-0.0514182001352,0.910041809082,0.280227035284,-0.0735822618008,0.91859382391,-0.268782436848
-0.378049135208,-0.0567063689232,0.91074347496,0.266994595528,-0.0435688458383,0.910824537277,-0.311792433262
-0.382788389921,-0.0518615096807,0.908389151096,0.275558233261,-0.0826397836208,0.913178026676,-0.288694262505
-0.383674740791,-0.0521805435419,0.909665703773,0.275299936533,-0.0757477432489,0.916679024696,-0.279592424631
-0.384090721607,-0.0521938204765,0.91011852026,0.275422602892,-0.0745555013418,0.918147623539,-0.274934262037
-0.384404927492,-0.0523288100958,0.91039866209,0.2751275599,-0.0744790434837,0.919557213783,-0.27050408721
-0.384538114071,-0.0524054318666,0.910525381565,0.275272786617,-0.0757478103042,0.920326948166,-0.267367869616
-0.384575784206,-0.0526444464922,0.911074459553,0.274417340755,-0.0719944685698,0.921539068222,-0.265099853277
-0.38499879837,-0.0527984201908,0.910661697388,0.275010824203,-0.079441793263,0.921871721745,-0.261171579361
-0.385329544544,-0.0529203116894,0.910176515579,0.277349621058,-0.0864639058709,0.921235859394,-0.258700430393
-0.385585904121,-0.0530125051737,0.909691572189,0.2785577178,-0.0922098234296,0.920759737492,-0.257107704878
-0.385830044746,-0.0530943274498,0.909217238426,0.279471129179,-0.0976357981563,0.920283734798,-0.2558144629
-0.38563144207,-0.0532774925232,0.909171521664,0.278973132372,-0.0974775999784,0.920224785805,-0.256629347801
-0.385514736176,-0.0534985214472,0.909167826176,0.278527379036,-0.0969864577055,0.92033469677,-0.256905317307
-0.377757370472,-0.0589548647404,0.910067796707,0.265031099319,-0.0603862889111,0.914438486099,-0.299857437611
-0.383166432381,-0.0539913475513,0.907510638237,0.276407837868,-0.102867290378,0.915268480778,-0.274409472942
-0.383980482817,-0.0543286204338,0.908757209778,0.276213437319,-0.0942063778639,0.918586611748,-0.266514390707
-0.384359657764,-0.0545896142721,0.909803509712,0.275334089994,-0.0856849551201,0.921003818512,-0.261918246746
-0.384493708611,-0.054695636034,0.910427808762,0.27457690239,-0.0799239948392,0.922341763973,-0.259818077087
-0.384550392628,-0.0548179149628,0.910831749439,0.272860229015,-0.0745303183794,0.923604488373,-0.258741736412
-0.384568423033,-0.0549319237471,0.911116361618,0.272576242685,-0.0711200758815,0.924112975597,-0.258184552193
-0.385260522366,-0.0548475682735,0.910412073135,0.275015085936,-0.0786882936954,0.923644065857,-0.255062252283
-0.38515239954,-0.055049046874,0.910604000092,0.273981273174,-0.0746991708875,0.924160957336,-0.255501419306
-0.385677367449,-0.0549792200327,0.909945964813,0.276042938232,-0.0812421441078,0.923565626144,-0.253430098295
-0.386110782623,-0.055021584034,0.909335792065,0.277503967285,-0.086597725749,0.922976732254,-0.252202928066
-0.386621564627,-0.0549331009388,0.908683180809,0.278293639421,-0.0916893854737,0.922660112381,-0.250687032938
-0.386474996805,-0.055062353611,0.908751010895,0.278773039579,-0.0889043956995,0.922342121601,-0.252322673798
-0.378705203533,-0.0603407621384,0.90954887867,0.265490412712,-0.0530964173377,0.915679633617,-0.297029495239
-0.384068340063,-0.0553143918514,0.906893849373,0.27681389451,-0.0941896140575,0.91650980711,-0.272969245911
-0.384874075651,-0.055518001318,0.908056139946,0.276753932238,-0.0853179767728,0.919479966164,-0.265865564346
-0.38526442647,-0.0555025935173,0.908714413643,0.276507735252,-0.0796321481466,0.92108720541,-0.262298732996
-0.385474085808,-0.0554768145084,0.909092128277,0.276305496693,-0.0758383795619,0.921990334988,-0.260456740856
-0.385583668947,-0.0554328262806,0.909316837788,0.27526268363,-0.072261556983,0.922836720943,-0.25957891345
-0.385657340288,-0.0554373413324,0.909483909607,0.27497446537,-0.0698059946299,0.923265814781,-0.259029507637
-0.385692119598,-0.0554500371218,0.909605443478,0.275295048952,-0.0675275549293,0.923331916332,-0.259057790041
-0.385715216398,-0.055457174778,0.909687280655,0.275290220976,-0.0656113550067,0.923515200615,-0.258901834488
-0.385716199875,-0.0554589033127,0.909750044346,0.275382757187,-0.0638889074326,0.923588395119,-0.258973151445
-0.385674059391,-0.0554909557104,0.909758865833,0.275413155556,-0.0616127662361,0.923695623875,-0.259109795094
-0.385634511709,-0.0555082559586,0.909798026085,0.275456905365,-0.0602672621608,0.923727035522,-0.259267657995
-0.385602176189,-0.0555342137814,0.909854114056,0.275354027748,-0.0589105300605,0.923830151558,-0.259321451187
-0.377929210663,-0.0611648857594,0.910122871399,0.264520466328,-0.0318625047803,0.914610147476,-0.304141521454
-0.383303403854,-0.0556565821171,0.907028079033,0.275541543961,-0.0751615390182,0.916697263718,-0.279452711344
-0.384300678968,-0.0558483153582,0.908326923847,0.27542719245,-0.0662773996592,0.92012912035,-0.270387887955
-0.384791374207,-0.0558172762394,0.909040570259,0.27527153492,-0.061240863055,0.921938955784,-0.265525281429
-0.385073781013,-0.05594573915,0.909943282604,0.274832516909,-0.0535550452769,0.923743128777,-0.261338204145
-0.385132074356,-0.0559391528368,0.91046667099,0.274173259735,-0.0488578379154,0.924688100815,-0.259603351355
-0.385113239288,-0.055948227644,0.910825848579,0.27361869812,-0.0453613214195,0.925282776356,-0.258702903986
-0.385043352842,-0.0559660345316,0.911096692085,0.273183584213,-0.0426691398025,0.925681114197,-0.258194684982
-0.384956538677,-0.0559928268194,0.911296486855,0.272826611996,-0.0406609736383,0.925931453705,-0.257998675108
-0.384865164757,-0.0560292750597,0.911435723305,0.272443771362,-0.0389923304319,0.92614543438,-0.257892549038
-0.384723097086,-0.0560645461082,0.9115447402,0.270970016718,-0.037982840091,0.92624270916,-0.259243190289
-0.384613245726,-0.0561162829399,0.911606192589,0.270373672247,-0.0371919721365,0.92645150423,-0.259234756231
-0.384570240974,-0.0562031567097,0.911711454391,0.271308451891,-0.0357947275043,0.926621794701,-0.257842421532
-0.376912266016,-0.0619017481804,0.911987900734,0.261850595474,-0.0122753456235,0.916265130043,-0.3028896451
-0.381701231003,-0.0565000623465,0.908881366253,0.271455287933,-0.0521693900228,0.919091641903,-0.280822485685
-0.382835656404,-0.0566879808903,0.910114586353,0.271361887455,-0.0447125472128,0.922531425953,-0.270738482475
-0.383406847715,-0.0566762089729,0.910871803761,0.27111941576,-0.0397866293788,0.92447334528,-0.265066802502
-0.383693099022,-0.0566564798355,0.911285698414,0.270928889513,-0.036781411618,0.925571322441,-0.26184424758
-0.383844673634,-0.0566581189632,0.911504864693,0.270722866058,-0.0351097472012,0.926218688488,-0.259990751743
-0.383917063475,-0.0567727386951,0.911661148071,0.26889821887,-0.0343581214547,0.926846325397,-0.259748488665
-0.384460449219,-0.0567476153374,0.91096919775,0.270656853914,-0.0421078018844,0.926863849163,-0.256700575352
-0.38449883461,-0.0569010674953,0.911020636559,0.271452248096,-0.0411356650293,0.927414059639,-0.254016697407
-0.384851962328,-0.0569615513086,0.910422563553,0.274232208729,-0.0482952557504,0.926884353161,-0.251693755388
-0.384688258171,-0.0570384114981,0.910387933254,0.27419179678,-0.047876663506,0.926734268665,-0.252369463444
-0.384563803673,-0.057125762105,0.910400688648,0.27401086688,-0.0469926483929,0.926878452301,-0.252202630043
-0.384421765804,-0.0571978390217,0.91038620472,0.272955030203,-0.0456803739071,0.927211761475,-0.252363264561
-0.376720935106,-0.0627955794334,0.910560131073,0.264128744602,-0.0209811069071,0.91693097353,-0.298384487629
-0.381558954716,-0.0575035214424,0.90762001276,0.272942095995,-0.0608708225191,0.919695019722,-0.275605559349
-0.382641106844,-0.0576455742121,0.908934116364,0.274383187294,-0.05180542171,0.922777950764,-0.265538871288
-0.383219003677,-0.0576597899199,0.909671425819,0.272951871157,-0.0471180453897,0.924973070621,-0.260195970535
-0.383481442928,-0.0575394630432,0.910035789013,0.273922204971,-0.0442376583815,0.925559163094,-0.257585257292
-0.38368922472,-0.0575943291187,0.910277962685,0.272759437561,-0.0429220609367,0.926499247551,-0.255654424429
-0.383779138327,-0.0575771927834,0.910330414772,0.273046076298,-0.0425507389009,0.926603019238,-0.255033969879
-0.383783042431,-0.0576601028442,0.910939455032,0.271697759628,-0.0355003736913,0.927606403828,-0.253901958466
-0.384190112352,-0.0575044453144,0.910394072533,0.273330688477,-0.0416802242398,0.927386939526,-0.252005159855
-0.384097129107,-0.0575527697802,0.910455703735,0.273118913174,-0.0407084971666,0.927364885807,-0.252474486828
-0.384017199278,-0.05757419765,0.910514295101,0.272882848978,-0.0398271791637,0.927386522293,-0.252790480852
-0.383951425552,-0.0575859695673,0.910568594933,0.272780746222,-0.0390196852386,0.927390158176,-0.253013253212
-0.383893668652,-0.0575985759497,0.910621106625,0.272588044405,-0.0382346734405,0.927430093288,-0.253194123507
-0.37628275156,-0.0633038431406,0.910889208317,0.263031542301,-0.0143775939941,0.917315840721,-0.298562288284
-0.381166189909,-0.0578342378139,0.907829523087,0.272813528776,-0.0544411465526,0.920021831989,-0.275987327099
-0.382299751043,-0.0579750984907,0.909174978733,0.272655576468,-0.0458941943944,0.923433363438,-0.266126513481
-0.382862329483,-0.0578819364309,0.909921884537,0.272255420685,-0.0408127717674,0.925264835358,-0.260952502489
-0.38317617774,-0.0578092485666,0.910342872143,0.272095113993,-0.0378802269697,0.926270365715,-0.257977843285
-0.383294701576,-0.0577626824379,0.910565793514,0.272487848997,-0.0365980230272,0.926665902138,-0.256322294474
-0.383352935314,-0.0577621608973,0.910735487938,0.272272050381,-0.035100094974,0.92702293396,-0.255468815565
-0.38395267725,-0.057678475976,0.910123825073,0.273755550385,-0.0418687090278,0.927082180977,-0.252633303404
-0.383922427893,-0.0577233582735,0.910164177418,0.273698627949,-0.0412403978407,0.92715471983,-0.252532094717
-0.383848547935,-0.0577813088894,0.91018229723,0.274012088776,-0.0412087664008,0.927063465118,-0.252531945705
-0.383784115314,-0.0578181147575,0.910168766975,0.274008005857,-0.0409582071006,0.927038192749,-0.252670109272
-0.383678287268,-0.0578913539648,0.910152971745,0.274362802505,-0.0408677980304,0.926894903183,-0.252825498581
-0.383531421423,-0.0579162538052,0.910111367702,0.273258924484,-0.0409881547093,0.926730036736,-0.254599332809
-0.375857204199,-0.0637123882771,0.910340547562,0.263529062271,-0.0168931093067,0.91659027338,-0.300215482712
-0.380826175213,-0.0582048296928,0.90710735321,0.27390614152,-0.058902297169,0.919074118137,-0.277143925428
-0.381921887398,-0.0584335327148,0.908435404301,0.272899061441,-0.0508471243083,0.922817587852,-0.26711127162
-0.383827507496,-0.0580593794584,0.907048881054,0.279585212469,-0.0686246827245,0.92316365242,-0.254738420248
-0.384089052677,-0.0583156347275,0.907836198807,0.277870208025,-0.0625647380948,0.925052762032,-0.25129878521
-0.384118318558,-0.0583339184523,0.908236861229,0.277703285217,-0.0589104294777,0.925669670105,-0.250092059374
-0.384107768536,-0.0583813935518,0.908497095108,0.277196317911,-0.0564379170537,0.926203608513,-0.249246507883
-0.384062409401,-0.0584265291691,0.908671438694,0.276983648539,-0.0545512363315,0.926484465599,-0.24885904789
-0.384568989277,-0.0583457201719,0.908053457737,0.2789670825,-0.0616115964949,0.926160871983,-0.246186062694
-0.384939432144,-0.0583230406046,0.907509565353,0.280499309301,-0.0675775408745,0.925727427006,-0.244503974915
-0.385225534439,-0.0583021491766,0.906993985176,0.281787842512,-0.0729693323374,0.925231039524,-0.243348583579
-0.385483235121,-0.0582813620567,0.906485557556,0.283016711473,-0.0781876295805,0.924702763557,-0.242307558656
-0.385811209679,-0.0582537949085,0.905924320221,0.28527790308,-0.0839094519615,0.923782289028,-0.241251125932
-0.377637922764,-0.0641063600779,0.906383514404,0.272237181664,-0.0505223013461,0.916108727455,-0.289964228868
-0.383071482182,-0.0586160421371,0.903460502625,0.284308046103,-0.0951111167669,0.917005419731,-0.263104379177
-0.383944571018,-0.0588421076536,0.904847204685,0.284275472164,-0.0855331495404,0.920380711555,-0.25450143218
-0.384308993816,-0.0588864386082,0.90590596199,0.283573657274,-0.0772199332714,0.922624409199,-0.249774262309
-0.384464383125,-0.0588062107563,0.906214118004,0.283486127853,-0.0747275874019,0.923390746117,-0.247792258859
-0.384556561708,-0.0588160902262,0.906406641006,0.283355861902,-0.0729537308216,0.923906505108,-0.246544152498
-0.384593456984,-0.0588457584381,0.9065143466,0.283291816711,-0.0717310383916,0.924219250679,-0.245802894235
-0.384608179331,-0.0588793307543,0.906566739082,0.283132880926,-0.0709176585078,0.924450516701,-0.245351985097
-0.384604156017,-0.0589098781347,0.906589508057,0.283102482557,-0.0702296197414,0.92457485199,-0.245116695762
-0.384587973356,-0.0589335113764,0.90658557415,0.283165425062,-0.0698541253805,0.924602866173,-0.245045796037
-0.38456004858,-0.0589768141508,0.906613886356,0.283342301846,-0.0690207257867,0.924612939358,-0.245038881898
-0.385146081448,-0.058874592185,0.905982732773,0.28514495492,-0.0762795358896,0.924231767654,-0.242217853665
-0.384976059198,-0.0588845461607,0.906031131744,0.28581225872,-0.0746170207858,0.924018383026,-0.24276304245
-0.377038657665,-0.0648300200701,0.906427323818,0.27191606164,-0.04284998402,0.916488468647,-0.290300726891
-0.382374674082,-0.0592312812805,0.903394937515,0.283574253321,-0.0871797800064,0.917881369591,-0.263589024544
-0.383334189653,-0.0594107806683,0.904773414135,0.283516198397,-0.0777638629079,0.921273112297,-0.254612028599
-0.383774876595,-0.0593780726194,0.905591607094,0.283157467842,-0.071635350585,0.923140406609,-0.250004291534
-0.383997708559,-0.0593307316303,0.906044781208,0.282869666815,-0.0680398344994,0.924165964127,-0.247533082962
-0.384114712477,-0.0593230575323,0.906314969063,0.282593160868,-0.0655914247036,0.92480301857,-0.246126353741
-0.384168505669,-0.0593279153109,0.906480431557,0.282463997602,-0.0640557706356,0.925142765045,-0.24540168047
-0.384195208549,-0.0593396425247,0.9065797925,0.282305687666,-0.0629160627723,0.925387859344,-0.244953662157
-0.384198606014,-0.0593533068895,0.906640410423,0.282242357731,-0.0620989277959,0.925516426563,-0.244749993086
-0.38419893384,-0.059370264411,0.906672537327,0.28215700388,-0.0615547299385,0.925610303879,-0.244630366564
-0.38411873579,-0.0594905465841,0.907135009766,0.280806660652,-0.0563279017806,0.926469266415,-0.244191616774
-0.383989185095,-0.0595200359821,0.907483041286,0.279976576567,-0.0525400191545,0.926907777786,-0.244324713945
-0.383859544992,-0.0595492720604,0.907763838768,0.27937734127,-0.0494286902249,0.927185356617,-0.244606688619
-0.376065969467,-0.0652556419373,0.908277332783,0.268774688244,-0.0213930178434,0.917912662029,-0.291099458933
-0.380981206894,-0.0598250776529,0.905271291733,0.278441548347,-0.0620527379215,0.92019534111,-0.268067717552
-0.382078588009,-0.059957921505,0.906592607498,0.27843657136,-0.0537365563214,0.923466622829,-0.258447051048
-0.382625102997,-0.0599277019501,0.907587349415,0.277710050344,-0.046394392848,0.925593793392,-0.252983987331
-0.383779615164,-0.0596526712179,0.906749129295,0.280790120363,-0.0576053634286,0.925723493099,-0.246727868915
-0.38390058279,-0.06005230546,0.906811058521,0.282017141581,-0.0568620599806,0.924492359161,-0.250093907118
-0.384743064642,-0.0599708706141,0.905925393105,0.284587055445,-0.0674608796835,0.924058973789,-0.246118545532
-0.385384768248,-0.0598631352186,0.90509980917,0.286902844906,-0.076765075326,0.92334908247,-0.243352472782
-0.385104775429,-0.0596309602261,0.905126810074,0.28642937541,-0.0754302591085,0.924180924892,-0.241159975529
-0.384902834892,-0.0599397569895,0.905252814293,0.286394387484,-0.0733170509338,0.922606825829,-0.247788920999
-0.384816527367,-0.0598048269749,0.905387043953,0.285125285387,-0.0715626478195,0.924821853638,-0.241426870227
-0.384719848633,-0.0598202496767,0.905550599098,0.285059064627,-0.0693912729621,0.92468893528,-0.242645174265
-0.384719133377,-0.0598772019148,0.905698001385,0.284835606813,-0.0681037530303,0.925196588039,-0.241333633661
-0.376880854368,-0.0657205581665,0.906182229519,0.273229122162,-0.0372211374342,0.917133927345,-0.287794739008
-0.382158756256,-0.0601851195097,0.903248071671,0.283582657576,-0.079944960773,0.918794155121,-0.262691736221
-0.383121043444,-0.0603798627853,0.904564738274,0.283466041088,-0.070415250957,0.921849250793,-0.254720658064
-0.383576601744,-0.0603494644165,0.905285596848,0.283344984055,-0.064959846437,0.923528075218,-0.25018325448
-0.383816212416,-0.0603388398886,0.905669331551,0.283098042011,-0.0616097263992,0.92451107502,-0.247667640448
-0.383943796158,-0.0603642761707,0.905896961689,0.282825469971,-0.0592142082751,0.925146818161,-0.246184810996
-0.384072899818,-0.0604428201914,0.906034052372,0.28267121315,-0.0576359182596,0.925910830498,-0.243852525949
-0.384134471416,-0.0604939758778,0.906094193459,0.282729029655,-0.0564734265208,0.926158726215,-0.24311581254
-0.384788691998,-0.0604794621468,0.905432343483,0.28480052948,-0.063701748848,0.92592382431,-0.239782273769
-0.384707421064,-0.0606535822153,0.905471086502,0.283702820539,-0.061342779547,0.926359117031,-0.240017935634
-0.384634703398,-0.0607616454363,0.905516505241,0.283566683531,-0.0599387474358,0.926424741745,-0.240280196071
-0.38458570838,-0.0608786046505,0.905551731586,0.284559130669,-0.0584770105779,0.926061689854,-0.240865319967
-0.384565919638,-0.0609593242407,0.905558526516,0.284258872271,-0.0574932992458,0.926196694374,-0.240938052535
-0.376853466034,-0.0669600516558,0.905925095081,0.273518949747,-0.0291562173516,0.917489767075,-0.287315189838
-0.382047772408,-0.061390042305,0.902849316597,0.283395081758,-0.0716662034392,0.919570446014,-0.262566804886
-0.383125185966,-0.0615827143192,0.904145359993,0.283180743456,-0.0631067156792,0.922938227654,-0.253004550934
-0.383668333292,-0.061563283205,0.904818952084,0.282880038023,-0.0583963245153,0.924682497978,-0.248054504395
-0.384003400803,-0.0620564520359,0.90513497591,0.280997008085,-0.0562162324786,0.923976242542,-0.25327527523
-0.384938895702,-0.0615144073963,0.903644979,0.28527572751,-0.0715600177646,0.924906909466,-0.240923315287
-0.385165989399,-0.0616656392813,0.904112875462,0.284839212894,-0.0675584748387,0.925966024399,-0.238514766097
-0.385308116674,-0.06182526052,0.904361665249,0.283260822296,-0.0655882209539,0.926958918571,-0.237083762884
-0.385377347469,-0.0619224458933,0.904458045959,0.28311663866,-0.064561240375,0.927303791046,-0.236187070608
-0.385390758514,-0.062109157443,0.904875099659,0.282457113266,-0.0604197010398,0.92802977562,-0.235219448805
-0.385336309671,-0.0622397363186,0.905144691467,0.281947463751,-0.0574673675001,0.928482472897,-0.234783694148
-0.385245263577,-0.0623883157969,0.905326724052,0.28115054965,-0.0555789768696,0.928640604019,-0.235567212105
-0.385152071714,-0.0625296384096,0.90545964241,0.280877679586,-0.0541165582836,0.928784012794,-0.235667973757
-0.377315580845,-0.06868301332,0.905958414078,0.271061688662,-0.025418702513,0.919922113419,-0.282175421715
-0.382378995419,-0.0631644129753,0.902859926224,0.281068891287,-0.0689006969333,0.921896994114,-0.257602721453
-0.383423507214,-0.0633795410395,0.904118716717,0.281347513199,-0.0617415904999,0.924915075302,-0.248120352626
-0.383933693171,-0.0634932070971,0.904928863049,0.281415641308,-0.0571763142943,0.926598966122,-0.242797404528
-0.385119140148,-0.0633328557014,0.904108047485,0.284006565809,-0.069431014359,0.926770746708,-0.235829979181
-0.385751068592,-0.0634425878525,0.903499901295,0.286877065897,-0.0791226327419,0.926108717918,-0.231870234013
-0.386072605848,-0.063726708293,0.903067231178,0.286811649799,-0.0855452045798,0.92602032423,-0.230016186833
-0.386289715767,-0.0638696551323,0.902576208115,0.288191199303,-0.0926394164562,0.925301849842,-0.228430137038
-0.386426866055,-0.0640257000923,0.902070820332,0.2884542346,-0.0993430837989,0.925036847591,-0.226345181465
-0.386619985104,-0.0641123950481,0.901590108871,0.289310842752,-0.106486096978,0.924476861954,-0.224282473326
-0.386586636305,-0.0642489045858,0.901228129864,0.287892371416,-0.112462848425,0.924671053886,-0.222381353378
-0.386189997196,-0.0645145624876,0.901328802109,0.287708967924,-0.114353992045,0.924942612648,-0.220517292619
-0.38574463129,-0.0647659152746,0.901424825191,0.287000387907,-0.115483649075,0.925237596035,-0.219612583518
-0.377679646015,-0.0709249377251,0.902066349983,0.273728907108,-0.0813809856772,0.920944273472,-0.26516264677
-0.382154911757,-0.0656856149435,0.899861633778,0.281383544207,-0.126278758049,0.921435773373,-0.236290484667
-0.384130954742,-0.0651391148567,0.89885699749,0.286404669285,-0.148993864655,0.920889675617,-0.218484640121
-0.38444980979,-0.0650750845671,0.89848279953,0.288336902857,-0.162197545171,0.91983217001,-0.210861593485
-0.384152382612,-0.0650490969419,0.898262023926,0.29017701745,-0.173465654254,0.918479800224,-0.205187365413
-0.383522063494,-0.0651304274797,0.898025155067,0.288734763861,-0.182233020663,0.91816085577,-0.201006919146
-0.382668852806,-0.0651514232159,0.897886395454,0.289356023073,-0.191023468971,0.916907072067,-0.197646975517
-0.381522893906,-0.0653946250677,0.897948920727,0.288256675005,-0.198668971658,0.91621774435,-0.19489428401
-0.380096524954,-0.0656021535397,0.89814978838,0.283638298512,-0.203133553267,0.916646718979,-0.195051014423
-0.378977715969,-0.065688252449,0.898084878922,0.283927798271,-0.2125223279,0.915411412716,-0.19037091732
-0.377319306135,-0.0659187883139,0.898482441902,0.28004565835,-0.218320965767,0.915407717228,-0.189575910568
-0.376011312008,-0.0659873634577,0.898579955101,0.278228998184,-0.22718064487,0.914780080318,-0.184810057282
-0.37453520298,-0.0661721080542,0.898856282234,0.275863111019,-0.235693871975,0.914211511612,-0.180458009243
-0.365258932114,-0.0737987607718,0.901514232159,0.257660627365,-0.178946509957,0.923078179359,-0.222521543503
-0.368202388287,-0.0677669346333,0.901024520397,0.26416900754,-0.227466374636,0.91809797287,-0.188599839807
-0.367964178324,-0.0671742111444,0.901257991791,0.26435276866,-0.245575994253,0.915979206562,-0.175476819277
-0.366643697023,-0.0669426321983,0.901784062386,0.263134360313,-0.258436352015,0.914246559143,-0.167703285813
-0.364491283894,-0.0670219659805,0.902407288551,0.25937461853,-0.267204403877,0.913447380066,-0.164135724306
-0.362352907658,-0.0670953541994,0.903068780899,0.256083011627,-0.275406509638,0.912405788898,-0.161519467831
-0.36032384634,-0.0670639574528,0.903830528259,0.254439204931,-0.285901427269,0.910305202007,-0.157687827945
-0.35781905055,-0.0670444220304,0.904575765133,0.249367624521,-0.293525397778,0.909698188305,-0.155266091228
-0.355710744858,-0.0668627768755,0.905369579792,0.246051028371,-0.303815454245,0.907968342304,-0.150826245546
-0.353233993053,-0.066715285182,0.906266927719,0.241278782487,-0.313363224268,0.90663087368,-0.146998509765
-0.350739121437,-0.0666542351246,0.907133817673,0.238665550947,-0.322666078806,0.904411017895,-0.144796788692
-0.348210453987,-0.0664640963078,0.908079683781,0.23527957499,-0.332741558552,0.902194082737,-0.141323953867
-0.345478355885,-0.06637583673,0.909028232098,0.232885226607,-0.341977745295,0.899597883224,-0.139782562852
-0.337257295847,-0.077117651701,0.913157582283,0.209455832839,-0.259361147881,0.926272451878,-0.175725474954
-0.337561070919,-0.0690698027611,0.914013743401,0.21825954318,-0.313416600227,0.913029551506,-0.143212229013
-0.335802704096,-0.0681309998035,0.914949417114,0.218035206199,-0.330535769463,0.908392429352,-0.134275510907
-0.333234548569,-0.0678669661283,0.915898561478,0.215657532215,-0.340560227633,0.905604183674,-0.131877094507
-0.330412149429,-0.067258387804,0.916996121407,0.213319122791,-0.351915895939,0.902238965034,-0.128899306059
-0.327326059341,-0.0669897645712,0.918020248413,0.209181338549,-0.361075699329,0.899868130684,-0.126904577017
-0.324549943209,-0.0664942264557,0.919097065926,0.206711187959,-0.371269673109,0.896603941917,-0.124623149633
-0.321310818195,-0.0661970973015,0.920127809048,0.20334059,-0.379177391529,0.894092559814,-0.124401055276
-0.318464249372,-0.0653750896454,0.92124581337,0.201840534806,-0.391535431147,0.88955616951,-0.121037952602
