x,y,z,q0,q1,q2,q3
-0.435586512089,0.108507677913,0.810160636902,0.276079982519,-0.646836340427,-0.180783867836,-0.687531888485
-0.436228305101,0.108767516911,0.809828400612,0.27188706398,-0.644612193108,-0.173658132553,-0.693105638027
-0.435708910227,0.108651205897,0.809890449047,0.271886318922,-0.644054353237,-0.173294097185,-0.693715453148
-0.434683829546,0.10862198472,0.809929072857,0.273131430149,-0.645039796829,-0.175360530615,-0.691788911819
-0.433477431536,0.108197033405,0.810309827328,0.276100128889,-0.645654439926,-0.179560959339,-0.688953578472
-0.433576494455,0.108448244631,0.81007027626,0.273561149836,-0.644397974014,-0.17508547008,-0.692286729813
-0.432932943106,0.108430661261,0.810326039791,0.274142414331,-0.657657027245,-0.181702688336,-0.677729606628
-0.432254582644,0.108472250402,0.810562968254,0.271720558405,-0.659887850285,-0.180385708809,-0.676887691021
-0.432000756264,0.108261674643,0.810404777527,0.274263739586,-0.65703523159,-0.18078315258,-0.67852896452
-0.430741339922,0.107677780092,0.810652554035,0.277483522892,-0.644311785698,-0.178359881043,-0.689965903759
-0.430249929428,0.107588194311,0.810681223869,0.277434915304,-0.643958091736,-0.177361473441,-0.690572798252
-0.429848462343,0.107526868582,0.81080198288,0.277035653591,-0.644123196602,-0.176987186074,-0.690675139427
-0.429489403963,0.10746344924,0.810855329037,0.276976883411,-0.643466055393,-0.176092267036,-0.691539645195
-0.429724037647,0.107777178288,0.81079864502,0.275586098433,-0.642449855804,-0.17091961205,-0.694332182407
-0.42926838994,0.107760086656,0.810882687569,0.275008618832,-0.642636954784,-0.170163378119,-0.694573581219
-0.428186804056,0.107326515019,0.811089515686,0.276975959539,-0.643375337124,-0.175065353513,-0.691885113716
-0.427853226662,0.107286080718,0.811209380627,0.277046024799,-0.642873942852,-0.174281701446,-0.692520499229
-0.427502155304,0.107383467257,0.811451971531,0.277515769005,-0.655035197735,-0.181388318539,-0.678978800774
-0.427702903748,0.107661738992,0.811529517174,0.276124358177,-0.6554287076,-0.176318511367,-0.680500149727
-0.427212715149,0.107791662216,0.811793744564,0.273777276278,-0.657285809517,-0.174916416407,-0.68001884222
-0.426973819733,0.107757799327,0.811886191368,0.27405127883,-0.656377673149,-0.174350425601,-0.680930435658
-0.42692938447,0.107646375895,0.811768770218,0.276174902916,-0.653749227524,-0.175071105361,-0.682414412498
-0.426688909531,0.10766043514,0.811825871468,0.276236742735,-0.653310418129,-0.174854397774,-0.682865083218
-0.425759762526,0.107269570231,0.81180369854,0.277674257755,-0.64177185297,-0.17335703969,-0.693522393703
-0.426294893026,0.107725985348,0.811674237251,0.275982379913,-0.640396058559,-0.168130472302,-0.696748793125
-0.426000833511,0.107804939151,0.811704874039,0.276182353497,-0.640381634235,-0.168456718326,-0.696603894234
-0.425692081451,0.107767991722,0.811617851257,0.275146305561,-0.640618503094,-0.170044586062,-0.696410298347
-0.425664722919,0.107931867242,0.811787426472,0.276356011629,-0.640154421329,-0.169032245874,-0.696604549885
-0.425414502621,0.107965201139,0.811882257462,0.275762557983,-0.653063952923,-0.177803948522,-0.682530879974
-0.425334483385,0.10808968544,0.811850309372,0.275721311569,-0.652726709843,-0.17805634439,-0.682804226875
-0.425267994404,0.108173787594,0.811831831932,0.275832682848,-0.652562022209,-0.178550094366,-0.682787656784
-0.42548853159,0.108591496944,0.811965823174,0.277511179447,-0.651935636997,-0.175732672215,-0.683436512947
-0.425377547741,0.108719438314,0.81179690361,0.277033209801,-0.652147829533,-0.17688883841,-0.68312972784
-0.42543259263,0.10875724256,0.811935544014,0.277268350124,-0.651978909969,-0.176786869764,-0.683221876621
-0.425442308187,0.108908608556,0.811819314957,0.277127295732,-0.650980174541,-0.177676066756,-0.684000313282
-0.42536687851,0.10901196301,0.811646223068,0.276671737432,-0.650949954987,-0.17892229557,-0.683888852596
-0.425388038158,0.109181031585,0.811670184135,0.276499509811,-0.651351988316,-0.178954601288,-0.683567047119
-0.425427079201,0.109240308404,0.811656177044,0.276415467262,-0.651340126991,-0.179456666112,-0.683480739594
-0.425474733114,0.109296217561,0.811640024185,0.276364296675,-0.651275277138,-0.179966449738,-0.683429121971
-0.425529181957,0.109350442886,0.811626553535,0.276241093874,-0.651315569878,-0.180367439985,-0.683334887028
-0.425596833229,0.109398901463,0.811613023281,0.276045322418,-0.651472091675,-0.1808385849,-0.683140218258
-0.425661295652,0.109443679452,0.811602771282,0.275969684124,-0.651679515839,-0.181269600987,-0.682858586311
-0.425848126411,0.109499618411,0.811733365059,0.276267319918,-0.651609659195,-0.180551156402,-0.682995378971
-0.426015615463,0.109557121992,0.811670541763,0.276399046183,-0.65143686533,-0.180765867233,-0.683049976826
-0.426177114248,0.109545409679,0.811653137207,0.27680593729,-0.651064217091,-0.181393519044,-0.683073997498
-0.426278233528,0.109572485089,0.811644256115,0.276716977358,-0.651178717613,-0.181804642081,-0.682891845703
-0.426370769739,0.10958237946,0.811638593674,0.276658266783,-0.651185572147,-0.182228833437,-0.682796001434
-0.426514089108,0.109470546246,0.811462402344,0.276140004396,-0.638785421848,-0.175190940499,-0.696425259113
-0.426626980305,0.109450832009,0.811202287674,0.274362742901,-0.63881868124,-0.176162615418,-0.696851909161
-0.426704347134,0.109476946294,0.811207592487,0.274077653885,-0.639138519764,-0.176448941231,-0.696598351002
-0.426783084869,0.109472431242,0.811186909676,0.274103999138,-0.639236211777,-0.176910921931,-0.696381211281
-0.426853507757,0.10944968462,0.811179339886,0.274237573147,-0.639256238937,-0.177291437984,-0.696213245392
-0.426922261715,0.1094173491,0.811175346375,0.274286866188,-0.639244437218,-0.177678018808,-0.69610619545
-0.426992088556,0.109342761338,0.811138749123,0.274734795094,-0.638890206814,-0.178244292736,-0.696110010147
-0.427031159401,0.109335109591,0.811146736145,0.274503409863,-0.639245212078,-0.178521007299,-0.695804476738
-0.426923304796,0.109400801361,0.811314463615,0.272471636534,-0.641401469707,-0.177992507815,-0.694753289223
-0.426973223686,0.10931558907,0.811303019524,0.272734135389,-0.641335070133,-0.178571671247,-0.694562911987
-0.427017748356,0.109232902527,0.81131207943,0.272940009832,-0.641310274601,-0.178906738758,-0.694418668747
-0.427055597305,0.109143421054,0.811310172081,0.273103445768,-0.641203641891,-0.179252266884,-0.694363713264
-0.427326530218,0.108891695738,0.811107575893,0.276023715734,-0.638373970985,-0.180552586913,-0.695478498936
-0.427344888449,0.108795046806,0.811127901077,0.276150941849,-0.638397634029,-0.180717483163,-0.695363402367
-0.427450805902,0.108639359474,0.811159849167,0.27669903636,-0.63791000843,-0.181012541056,-0.695516347885
-0.427441120148,0.108523905277,0.811202764511,0.276621729136,-0.638072013855,-0.181019440293,-0.695396780968
-0.427442520857,0.108386963606,0.811209559441,0.276501506567,-0.638116300106,-0.181137263775,-0.695373237133
-0.427457273006,0.108261361718,0.811219096184,0.276737630367,-0.63797134161,-0.181153953075,-0.695407867432
-0.427441388369,0.107979513705,0.811218082905,0.276651114225,-0.63757532835,-0.181853637099,-0.69562292099
-0.427440315485,0.107836790383,0.811221778393,0.276829093695,-0.637517571449,-0.181910306215,-0.695590078831
-0.427430033684,0.107690401375,0.811234295368,0.277098864317,-0.637443065643,-0.182027921081,-0.695520281792
-0.427411347628,0.10753518343,0.811247944832,0.27737095952,-0.637475371361,-0.182224422693,-0.695330858231
-0.427406072617,0.107400394976,0.811252951622,0.277610749006,-0.637276828289,-0.182164266706,-0.695432722569
-0.42719450593,0.107386492193,0.81147480011,0.275336742401,-0.639780700207,-0.181264400482,-0.694271922112
-0.427191287279,0.107229560614,0.811490595341,0.275648415089,-0.639528393745,-0.181267112494,-0.694380283356
-0.427172452211,0.107056774199,0.811519742012,0.275844246149,-0.639348745346,-0.181269183755,-0.694467186928
-0.427308440208,0.106759503484,0.811590194702,0.279489666224,-0.649310588837,-0.189278647304,-0.681509435177
-0.427306324244,0.106592684984,0.811866164207,0.281198382378,-0.648969471455,-0.188563257456,-0.681329667568
-0.427318960428,0.106381818652,0.8119379282,0.281390428543,-0.648890733719,-0.188641324639,-0.681303739548
-0.427135229111,0.106336414814,0.812152147293,0.279392123222,-0.651199519634,-0.187772393227,-0.6801623106
-0.427348852158,0.106028646231,0.81184476614,0.282585650682,-0.647461473942,-0.189469695091,-0.681938707829
-0.427377671003,0.105799466372,0.811831951141,0.282483994961,-0.647405326366,-0.189780026674,-0.681947886944
-0.427373319864,0.105568625033,0.811861276627,0.282692551613,-0.647288680077,-0.190158754587,-0.681866586208
-0.427198022604,0.105392351747,0.811448574066,0.284047067165,-0.646063566208,-0.190829366446,-0.682278037071
-0.427443534136,0.105174489319,0.811877071857,0.283155322075,-0.64725625515,-0.190438121557,-0.681627392769
-0.427474528551,0.104851260781,0.812110483646,0.283283621073,-0.650169312954,-0.19177134335,-0.678420305252
-0.427531033754,0.104669615626,0.812142729759,0.283438235521,-0.650123775005,-0.191383630037,-0.67850881815
-0.427605032921,0.104486554861,0.812169313431,0.283690959215,-0.650163710117,-0.191309422255,-0.678385794163
-0.427494734526,0.104426652193,0.812393426895,0.281737297773,-0.652402758598,-0.190318331122,-0.677328407764
-0.427826732397,0.104139484465,0.812086701393,0.284931749105,-0.648367404938,-0.190355718136,-0.679851710796
-0.427995979786,0.103899508715,0.81213593483,0.285487622023,-0.647669613361,-0.190584525466,-0.680219352245
-0.428111195564,0.103709124029,0.812179923058,0.285672277212,-0.647287845612,-0.190431088209,-0.680548250675
-0.428261458874,0.103545233607,0.812201857567,0.28582790494,-0.647036790848,-0.190412580967,-0.680726706982
-0.428558766842,0.103352680802,0.812124848366,0.284577667713,-0.646790862083,-0.189932346344,-0.68161791563
-0.42875623703,0.103159829974,0.811927914619,0.283785283566,-0.634364783764,-0.182733774185,-0.69545352459
-0.428723961115,0.103081911802,0.812119543552,0.281164437532,-0.636880934238,-0.182233765721,-0.694348692894
-0.428822696209,0.103001385927,0.8123909235,0.281926006079,-0.649966061115,-0.18952511251,-0.679810464382
-0.428996831179,0.102850481868,0.81239849329,0.282372802496,-0.650027811527,-0.189800083637,-0.679489135742
-0.429058820009,0.102724447846,0.81230443716,0.282233864069,-0.650437712669,-0.19089832902,-0.678846538067
-0.429521560669,0.10237622261,0.812114834785,0.285383671522,-0.647364258766,-0.192571729422,-0.679994046688
-0.429707080126,0.102253124118,0.81215929985,0.285363942385,-0.647816300392,-0.193074926734,-0.679428815842
-0.429906159639,0.102135434747,0.812185525894,0.285338431597,-0.648256659508,-0.193308442831,-0.678953051567
-0.430100172758,0.102116711438,0.812126636505,0.285095870495,-0.647744715214,-0.193667396903,-0.679441094398
-0.430305987597,0.101967804134,0.812253713608,0.285112440586,-0.649412751198,-0.193609490991,-0.677856445312
-0.43032348156,0.102031126618,0.812538981438,0.282604336739,-0.652444899082,-0.192875012755,-0.67620241642
-0.430526137352,0.101950854063,0.812571465969,0.282491236925,-0.652846157551,-0.193176284432,-0.67577624321
-0.431002348661,0.10169583559,0.812419056892,0.285581380129,-0.649790287018,-0.194747254252,-0.6769708395
-0.431194722652,0.101635180414,0.812470197678,0.285538107157,-0.650112807751,-0.195126160979,-0.676570117474
-0.431429952383,0.101655758917,0.812498629093,0.285226732492,-0.650795042515,-0.194973707199,-0.676089525223
-0.431612223387,0.101604394615,0.812552273273,0.284961909056,-0.650833189487,-0.195153161883,-0.676112413406
-0.431791305542,0.101551175117,0.812609314919,0.284766286612,-0.650911033154,-0.195424720645,-0.676041543484
-0.43197876215,0.10151553899,0.812651157379,0.284395009279,-0.651141762733,-0.195402681828,-0.675982058048
-0.432266324759,0.101449638605,0.812601566315,0.282876819372,-0.651135027409,-0.195340618491,-0.676643192768
-0.432463914156,0.101425141096,0.812657475471,0.282505959272,-0.65132188797,-0.195297315717,-0.676630735397
-0.43275564909,0.101412683725,0.81284570694,0.283129930496,-0.651305913925,-0.194694325328,-0.676559150219
-0.432963371277,0.10136641562,0.812926054001,0.283194005489,-0.651163637638,-0.194864556193,-0.676620304585
-0.433121144772,0.101383209229,0.812980294228,0.283077776432,-0.651329994202,-0.194985494018,-0.676473796368
-0.433327794075,0.10131765902,0.812815308571,0.282036423683,-0.637706398964,-0.187890455127,-0.691724836826
-0.433384478092,0.101409271359,0.813109576702,0.282813310623,-0.651630401611,-0.195568785071,-0.67612683773
-0.433518648148,0.101492278278,0.813092708588,0.282500594854,-0.650332629681,-0.19585095346,-0.67742395401
-0.433640301228,0.101527623832,0.813154697418,0.282365769148,-0.650388121605,-0.196041062474,-0.677372038364
-0.433633774519,0.101576894522,0.813089489937,0.281896680593,-0.650645554066,-0.197154611349,-0.676996946335
-0.433722555637,0.101613231003,0.813162207603,0.281789183617,-0.650667011738,-0.197273164988,-0.676986455917
-0.433813720942,0.101646855474,0.81323492527,0.281639844179,-0.650717258453,-0.197396323085,-0.676964342594
-0.433885872364,0.101684257388,0.813315868378,0.281393289566,-0.650753974915,-0.197506859899,-0.67699944973
-0.43398347497,0.101831436157,0.813424825668,0.281746119261,-0.650899529457,-0.197129368782,-0.676822781563
-0.434022605419,0.101883590221,0.813542842865,0.281168222427,-0.65122616291,-0.197253912687,-0.676712632179
-0.434075444937,0.101922906935,0.813627123833,0.281019479036,-0.651236236095,-0.197433114052,-0.676712214947
-0.434121400118,0.101973958313,0.813724160194,0.280794560909,-0.651347517967,-0.197342544794,-0.67672508955
-0.434152215719,0.101998716593,0.813826441765,0.280574440956,-0.651447832584,-0.197514057159,-0.67666977644
-0.434186935425,0.102035939693,0.813937842846,0.280264616013,-0.651491641998,-0.197592452168,-0.676733016968
-0.434200555086,0.102079711854,0.814037561417,0.280093580484,-0.651637434959,-0.197430416942,-0.67671084404
-0.434231579304,0.102120831609,0.814143538475,0.279887318611,-0.651631891727,-0.197361931205,-0.676821351051
-0.434232264757,0.102152258158,0.814245939255,0.279742538929,-0.651704072952,-0.197335809469,-0.676819443703
-0.434030205011,0.102364204824,0.814562261105,0.276779234409,-0.654548466206,-0.196148708463,-0.675637066364
-0.43400862813,0.102411955595,0.814658284187,0.27649590373,-0.6548153162,-0.196028321981,-0.67552947998
-0.434000790119,0.102437093854,0.814740717411,0.276428490877,-0.654727220535,-0.19610786438,-0.67561930418
-0.434130042791,0.102289289236,0.814967751503,0.280221670866,-0.653443396091,-0.196153789759,-0.675286054611
-0.434139549732,0.102291479707,0.815054416656,0.280452340841,-0.653207361698,-0.196365922689,-0.675357043743
-0.434066683054,0.102368719876,0.815153360367,0.279914677143,-0.65369695425,-0.196155533195,-0.675167500973
-0.434009164572,0.102398186922,0.815237283707,0.279657870531,-0.653595268726,-0.196033880115,-0.675407707691
-0.433920830488,0.102436043322,0.815314650536,0.279421657324,-0.653847277164,-0.196102902293,-0.675241410732
-0.433839678764,0.102459356189,0.815387010574,0.279241144657,-0.653692543507,-0.196079745889,-0.675472676754
-0.433646053076,0.102461881936,0.815512776375,0.279016971588,-0.654146432877,-0.196231111884,-0.675081729889
-0.43354165554,0.102497838438,0.815577983856,0.278786510229,-0.65429764986,-0.196143165231,-0.675055921078
-0.433436661959,0.10250967741,0.815639734268,0.278562813997,-0.65403842926,-0.196108564734,-0.675409555435
-0.433344691992,0.102558471262,0.815692067146,0.278351128101,-0.654017925262,-0.19597479701,-0.675555288792
-0.432913124561,0.102768085897,0.815971910954,0.274851918221,-0.657071590424,-0.194403871894,-0.674477994442
-0.432798027992,0.102791309357,0.816028475761,0.274502515793,-0.656877458096,-0.194131582975,-0.674887776375
-0.432743281126,0.102748118341,0.815853834152,0.273338973522,-0.643405914307,-0.186654165387,-0.690271615982
-0.432618230581,0.102768465877,0.815888404846,0.272970467806,-0.643378317356,-0.186532065272,-0.690476238728
-0.432601004839,0.102622047067,0.816115260124,0.275691956282,-0.655236423016,-0.195602685213,-0.675572872162
-0.432525038719,0.102673389018,0.815799295902,0.274605721235,-0.64070391655,-0.186594769359,-0.692295253277
-0.432390838861,0.102683454752,0.815830051899,0.274412572384,-0.640711069107,-0.18650841713,-0.692388415337
-0.432139664888,0.102684348822,0.815732479095,0.273821502924,-0.640871465206,-0.187317013741,-0.692255675793
-0.431995928288,0.102706387639,0.815762519836,0.27357634902,-0.640945076942,-0.187061533332,-0.692353606224
-0.431738227606,0.102771706879,0.816067695618,0.274661064148,-0.641533911228,-0.185996159911,-0.6916654706
-0.431572109461,0.102781459689,0.816110253334,0.27457895875,-0.641522705555,-0.185809448361,-0.691758573055
-0.431315869093,0.102762572467,0.816015601158,0.273879170418,-0.641737401485,-0.186803415418,-0.691569209099
-0.431160569191,0.102767854929,0.816058576107,0.273799598217,-0.641886353493,-0.186674669385,-0.691497087479
-0.431023180485,0.102742090821,0.816099643707,0.27375254035,-0.641552329063,-0.186285853386,-0.691930413246
-0.430835932493,0.102694220841,0.816161036491,0.273984104395,-0.64152276516,-0.186617642641,-0.691776812077
-0.430455684662,0.102958038449,0.816521644592,0.272276073694,-0.655962884426,-0.192548036575,-0.677129089832
-0.430302351713,0.103015430272,0.816608548164,0.271522760391,-0.656738340855,-0.192015573382,-0.676831007004
-0.430177539587,0.10300989449,0.816630959511,0.271422088146,-0.656502187252,-0.191636130214,-0.677208006382
-0.429955661297,0.103055179119,0.816671133041,0.270593732595,-0.657125532627,-0.191021978855,-0.677108407021
-0.429815530777,0.103049650788,0.816682457924,0.270435988903,-0.657051444054,-0.190799638629,-0.677305996418
-0.429686933756,0.103049322963,0.816688299179,0.270246088505,-0.656834483147,-0.190447002649,-0.677691280842
-0.429562151432,0.103059202433,0.816709518433,0.270060420036,-0.656948149204,-0.190125957131,-0.677745342255
-0.429656177759,0.102835595608,0.816444218159,0.273230522871,-0.653463721275,-0.191271543503,-0.679518640041
-0.429783910513,0.102658934891,0.816549301147,0.271559298038,-0.653152167797,-0.189855709672,-0.680883586407
-0.429653733969,0.102672614157,0.816561222076,0.271399199963,-0.653125762939,-0.189636915922,-0.681033968925
-0.429478406906,0.102656781673,0.81666213274,0.271093964577,-0.654409825802,-0.189074471593,-0.68007850647
-0.429341346025,0.102683410048,0.816651105881,0.271207273006,-0.654045701027,-0.188829749823,-0.680451512337
-0.429188221693,0.102711334825,0.816647410393,0.271115452051,-0.654227256775,-0.188870474696,-0.680302202702
-0.428621441126,0.102875359356,0.816597998142,0.273493736982,-0.654744148254,-0.190820395947,-0.678305804729
-0.428376913071,0.102930933237,0.816588699818,0.273065805435,-0.654936432838,-0.190690115094,-0.67832928896
-0.42822432518,0.10296600312,0.816568911076,0.273015767336,-0.655024349689,-0.190571248531,-0.678297877312
-0.428065389395,0.102992169559,0.816546976566,0.273031562567,-0.655033230782,-0.190460667014,-0.67831403017
-0.428023129702,0.102987512946,0.816661953926,0.273234039545,-0.654652535915,-0.18966601789,-0.678822577
-0.427802085876,0.10299217701,0.816682696342,0.273240178823,-0.654988408089,-0.189882025123,-0.678435564041
-0.427636504173,0.103026494384,0.816655039787,0.273047983646,-0.655155777931,-0.189542889595,-0.678446173668
-0.427494108677,0.103064320982,0.816632986069,0.272993832827,-0.655142664909,-0.189352810383,-0.678533792496
-0.427425205708,0.103039339185,0.816364407539,0.272136062384,-0.641580820084,-0.181680336595,-0.693763911724
-0.427270054817,0.103089801967,0.816333413124,0.271949231625,-0.641661822796,-0.181390970945,-0.693838059902
-0.427130311728,0.103132404387,0.816305339336,0.271906375885,-0.641581535339,-0.181278377771,-0.693958342075
-0.426933884621,0.103211402893,0.816259920597,0.271556377411,-0.641792058945,-0.18100617826,-0.69397175312
-0.42679092288,0.103243015707,0.816224336624,0.271489351988,-0.641490757465,-0.180712908506,-0.694353044033
-0.426647424698,0.103291109204,0.816193938255,0.271482944489,-0.641373693943,-0.180707752705,-0.694464921951
-0.426471829414,0.103354416788,0.816165924072,0.271369993687,-0.641557514668,-0.180519849062,-0.694388210773
-0.426235675812,0.103423058987,0.815986990929,0.271159917116,-0.641597807407,-0.18120020628,-0.694255888462
-0.426083177328,0.103487327695,0.815948843956,0.27106282115,-0.64177697897,-0.181023910642,-0.694174051285
-0.425970971584,0.103529043496,0.815896570683,0.271094113588,-0.641608476639,-0.18090519309,-0.69434851408
-0.425858527422,0.10357683152,0.815854012966,0.271073251963,-0.641576647758,-0.18068562448,-0.694443166256
-0.425752133131,0.103607513011,0.815803408623,0.27112185955,-0.641513168812,-0.180538445711,-0.694521188736
-0.425667345524,0.10364459455,0.815751791,0.271205723286,-0.641407728195,-0.180388137698,-0.694624900818
-0.425575584173,0.103681638837,0.81570327282,0.271244555712,-0.641393125057,-0.180251270533,-0.694658815861
-0.42548558116,0.103717006743,0.81564873457,0.271203786135,-0.641359388828,-0.180233001709,-0.694710612297
-0.425406843424,0.103755109012,0.815602362156,0.271119892597,-0.64140099287,-0.180035278201,-0.69475620985
-0.425331860781,0.103780463338,0.815549612045,0.27118691802,-0.64139187336,-0.179913178086,-0.694770038128
-0.424999922514,0.103996120393,0.815712094307,0.268251091242,-0.644342303276,-0.178646072745,-0.693505525589
-0.42494443059,0.104009732604,0.815639138222,0.268473237753,-0.644098937511,-0.178759202361,-0.693616390228
-0.424887776375,0.10404471308,0.815578758717,0.268555670977,-0.644008755684,-0.178496733308,-0.693735897541
-0.424836933613,0.104071900249,0.815524220467,0.268655687571,-0.64390784502,-0.178571358323,-0.693771779537
-0.42478531599,0.104113638401,0.815476834774,0.268842607737,-0.643939316273,-0.178483679891,-0.693692684174
-0.42467918992,0.104229696095,0.81564283371,0.269728958607,-0.657379925251,-0.185427293181,-0.67875957489
-0.424629688263,0.104264259338,0.815599739552,0.269908070564,-0.657587051392,-0.185659259558,-0.678424358368
-0.424604743719,0.104307405651,0.815547585487,0.269982904196,-0.657602131367,-0.185562908649,-0.678406298161
-0.424616843462,0.104427032173,0.815488219261,0.270459324121,-0.657465279102,-0.185016989708,-0.678498327732
-0.424591720104,0.104462444782,0.815437674522,0.270524770021,-0.657611906528,-0.18495503068,-0.678346991539
-0.424591898918,0.104499138892,0.81536924839,0.270665317774,-0.657639741898,-0.184950381517,-0.678265213966
-0.424596875906,0.104536101222,0.815301895142,0.270848959684,-0.657593607903,-0.184950709343,-0.678236544132
-0.424612224102,0.104572668672,0.81524348259,0.271018981934,-0.657768249512,-0.185015395284,-0.677981436253
-0.424629032612,0.104630537331,0.815171301365,0.271104633808,-0.658115506172,-0.184974879026,-0.677621424198
-0.424857228994,0.104526124895,0.814878284931,0.27379527688,-0.655351161957,-0.185943096876,-0.678952157497
-0.424849569798,0.104589357972,0.814796388149,0.273780047894,-0.655722498894,-0.185893729329,-0.678613245487
-0.42488977313,0.104647770524,0.814716458321,0.273898720741,-0.655808985233,-0.185828596354,-0.67849957943
-0.425041615963,0.104690521955,0.814750373363,0.274344086647,-0.655511975288,-0.184863418341,-0.67887032032
-0.424922406673,0.104914501309,0.814847052097,0.2720682621,-0.658167719841,-0.183851882815,-0.677489876747
-0.425139307976,0.10487023741,0.814521670341,0.272067666054,-0.644406139851,-0.177463516593,-0.692261993885
-0.425402879715,0.104764118791,0.814212918282,0.274680733681,-0.641946971416,-0.178532972932,-0.693239092827
-0.425415337086,0.10493427515,0.814264476299,0.275322794914,-0.654477000237,-0.185640886426,-0.679260492325
-0.425606369972,0.104884892702,0.813982844353,0.274584621191,-0.642231404781,-0.178154781461,-0.693111121655
-0.425685733557,0.10495403409,0.813871145248,0.274536699057,-0.642565608025,-0.178087055683,-0.692837774754
-0.425895929337,0.104981273413,0.813647508621,0.273388832808,-0.642655611038,-0.177756235003,-0.69329303503
-0.425993859768,0.105031341314,0.813545405865,0.273522526026,-0.643211901188,-0.177906736732,-0.692685484886
-0.426091521978,0.105080574751,0.813376426697,0.273770719767,-0.643283426762,-0.177640289068,-0.692589461803
-0.426196098328,0.105114400387,0.813253045082,0.273953527212,-0.643510758877,-0.17764210701,-0.692305445671
-0.426306426525,0.105148404837,0.813135623932,0.274120628834,-0.643669366837,-0.177628010511,-0.692095458508
-0.426369577646,0.105120182037,0.813390135765,0.275008678436,-0.65871566534,-0.186606779695,-0.675012469292
-0.426581352949,0.105172410607,0.812822520733,0.275046557188,-0.643679261208,-0.178140699863,-0.691586852074
-0.426583558321,0.105178073049,0.813076496124,0.275607258081,-0.659106492996,-0.186836346984,-0.674322962761
-0.426747709513,0.105173818767,0.812965929508,0.276273846626,-0.658909797668,-0.187049910426,-0.674183249474
-0.426871389151,0.105245605111,0.812823653221,0.276316940784,-0.659456551075,-0.186807468534,-0.673698067665
-0.426974952221,0.105252511799,0.812702894211,0.276692867279,-0.659296154976,-0.187063902617,-0.673629641533
-0.427079200745,0.105272725224,0.812581419945,0.277012914419,-0.65928375721,-0.187223091722,-0.673465967178
-0.427206575871,0.10532194376,0.812198281288,0.27592331171,-0.659228444099,-0.187740206718,-0.673823356628
-0.427305936813,0.105316862464,0.812047719955,0.276542067528,-0.658805787563,-0.188007280231,-0.67390871048
-0.427380263805,0.10535158217,0.811956524849,0.276740580797,-0.658908069134,-0.188019618392,-0.673723578453
-0.427421152592,0.105365112424,0.811852991581,0.276963472366,-0.659165680408,-0.188132867217,-0.67334830761
-0.427503287792,0.105428054929,0.811587572098,0.277688860893,-0.657269179821,-0.187289208174,-0.675136268139
-0.427539527416,0.105450749397,0.811491370201,0.277988046408,-0.657610416412,-0.187422603369,-0.674643516541
-0.427569895983,0.105467751622,0.811381816864,0.278192728758,-0.657810747623,-0.187685638666,-0.674290776253
-0.427606314421,0.105456858873,0.811273217201,0.278486549854,-0.657460510731,-0.18759663403,-0.674535751343
-0.427389591932,0.105510398746,0.810767292976,0.279592335224,-0.657070398331,-0.188012078404,-0.674342811108
-0.427633345127,0.105467878282,0.811059594154,0.279059201479,-0.657744646072,-0.187635421753,-0.674011051655
-0.427648365498,0.105480641127,0.810939788818,0.279313951731,-0.657810807228,-0.187740594149,-0.673811674118
-0.427738875151,0.105382710695,0.810591578484,0.278915822506,-0.643679380417,-0.180164769292,-0.689509570599
-0.427742213011,0.105379499495,0.810477495193,0.279008716345,-0.643763542175,-0.18020015955,-0.689384162426
-0.427743554115,0.105363413692,0.810345351696,0.27936321497,-0.643664598465,-0.180295601487,-0.689308106899
-0.427789121866,0.105334863067,0.810170650482,0.280104666948,-0.643044948578,-0.18066842854,-0.689487874508
-0.427469581366,0.105611734092,0.81047296524,0.278320461512,-0.659722685814,-0.186823755503,-0.67260736227
-0.427677005529,0.105418518186,0.810121238232,0.281453460455,-0.656905174255,-0.188185036182,-0.673680901527
-0.42774194479,0.105363309383,0.810152769089,0.282069921494,-0.656732559204,-0.187550276518,-0.673768520355
-0.427729845047,0.105344951153,0.810051739216,0.282456457615,-0.656728506088,-0.187669336796,-0.673577189445
-0.427534133196,0.105073690414,0.809975206852,0.282245367765,-0.656918108463,-0.189604833722,-0.672938525677
-0.427338898182,0.10521350801,0.810065865517,0.2801387012,-0.659475386143,-0.188530042768,-0.671618103981
-0.427334815264,0.105182774365,0.80996966362,0.280405342579,-0.659192621708,-0.18863722682,-0.671754419804
-0.427619665861,0.104865401983,0.809800982475,0.283836603165,-0.656838536263,-0.19111302495,-0.67191952467
-0.427692323923,0.104843243957,0.809356570244,0.283452987671,-0.641637384892,-0.182605162263,-0.68892043829
-0.427688956261,0.104821652174,0.809268176556,0.283880710602,-0.641480326653,-0.182548314333,-0.688905596733
-0.42793160677,0.105238780379,0.809127807617,0.284175336361,-0.654441416264,-0.187801897526,-0.675041615963
-0.427690982819,0.104749843478,0.8091391325,0.284639060497,-0.641037523746,-0.182660549879,-0.688975155354
-0.428035020828,0.10512329638,0.808762490749,0.284313321114,-0.640208661556,-0.180264219642,-0.690509915352
-0.428042948246,0.105110228062,0.808708310127,0.284725368023,-0.640059173107,-0.180077433586,-0.690527260303
-0.428061008453,0.105108290911,0.808650016785,0.28509414196,-0.639791548252,-0.180066481233,-0.690626084805
-0.428089439869,0.105103947222,0.808596014977,0.285553783178,-0.639545619488,-0.180063441396,-0.690664589405
-0.428138881922,0.105074293911,0.808514714241,0.286271423101,-0.638923287392,-0.180225878954,-0.69090116024
-0.428179115057,0.105071097612,0.808440208435,0.286842018366,-0.638474345207,-0.180316373706,-0.691055834293
-0.428162276745,0.105171486735,0.808615326881,0.288165777922,-0.651502728462,-0.188003733754,-0.676135718822
-0.428269386292,0.105114415288,0.808342576027,0.28796634078,-0.637764155865,-0.180566325784,-0.69117885828
-0.428243160248,0.105229347944,0.808502078056,0.289276331663,-0.65104496479,-0.188391804695,-0.675994277
-0.428364276886,0.105180591345,0.808596014977,0.289977937937,-0.650449872017,-0.188156321645,-0.676332056522
-0.428420245647,0.10523096472,0.808530092239,0.290438652039,-0.650643408298,-0.188710749149,-0.675793528557
-0.428537875414,0.105250313878,0.808457612991,0.291366755962,-0.649795353413,-0.189160466194,-0.676084160805
-0.428623408079,0.105300277472,0.808392047882,0.291748464108,-0.649494409561,-0.189566269517,-0.676095068455
-0.428716719151,0.105374723673,0.808338463306,0.292360275984,-0.649166584015,-0.189643621445,-0.676123917103
-0.428836196661,0.105426847935,0.808281064034,0.292948812246,-0.648607075214,-0.189953044057,-0.676319360733
-0.42869412899,0.105228073895,0.808318853378,0.293588370085,-0.648336231709,-0.192461833358,-0.675592124462
-0.428805470467,0.105315335095,0.808302998543,0.293828189373,-0.648289084435,-0.192649811506,-0.675479352474
-0.429039984941,0.105338722467,0.808268785477,0.294846683741,-0.647355258465,-0.193116918206,-0.675797820091
-0.429207593203,0.105367600918,0.808224081993,0.295758068562,-0.64661949873,-0.193838402629,-0.675897300243
-0.429426848888,0.105923749506,0.808404624462,0.29351079464,-0.648816049099,-0.190511137247,-0.675717830658
-0.429596573114,0.106000036001,0.808400690556,0.294097572565,-0.648773908615,-0.191054552794,-0.675349593163
-0.430025488138,0.105794526637,0.807875454426,0.296867281199,-0.631822645664,-0.185438081622,-0.69157987833
-0.430210858583,0.10585834831,0.807898461819,0.297409981489,-0.631523430347,-0.185884296894,-0.691500306129
-0.430396646261,0.105951659381,0.80786216259,0.298014104366,-0.631030797958,-0.186515390873,-0.691519975662
-0.430710166693,0.105999857187,0.807901144028,0.299204260111,-0.63006478548,-0.187065795064,-0.691738188267
-0.430942744017,0.106084555387,0.807926774025,0.299869447947,-0.629524409771,-0.187557116151,-0.691809117794
-0.431124180555,0.106225788593,0.807824134827,0.300207346678,-0.629107654095,-0.188717797399,-0.691725790501
-0.431363731623,0.1063298136,0.807866215706,0.300787419081,-0.628970444202,-0.189467132092,-0.691393792629
-0.430919021368,0.105919763446,0.808204174042,0.302687466145,-0.62952619791,-0.195250317454,-0.688443422318
-0.431202590466,0.106050476432,0.808206796646,0.303687095642,-0.628720104694,-0.195974618196,-0.688534200191
-0.431656002998,0.106248252094,0.808190345764,0.304336637259,-0.627987205982,-0.196161448956,-0.688862919807
-0.431969940662,0.106403455138,0.808206856251,0.305097311735,-0.627297401428,-0.196778997779,-0.688978850842
-0.433060705662,0.107065007091,0.807880520821,0.304139643908,-0.625531196594,-0.192071974277,-0.692328035831
-0.433380246162,0.107242897153,0.807908296585,0.304667770863,-0.624984681606,-0.192891255021,-0.69236177206
-0.433763504028,0.107396647334,0.807920873165,0.305252045393,-0.623979091644,-0.193999350071,-0.69270169735
-0.434243381023,0.107632242143,0.808193147182,0.306794583797,-0.623585760593,-0.193843558431,-0.69241797924
-0.434303969145,0.10778196156,0.808363378048,0.309068799019,-0.623453617096,-0.196719974279,-0.690712332726
-0.434721469879,0.108030959964,0.808455586433,0.309695512056,-0.623088359833,-0.197338968515,-0.690584421158
-0.43513455987,0.108263969421,0.80853664875,0.310529321432,-0.62272053957,-0.198599547148,-0.69018048048
-0.435962319374,0.108563303947,0.808634877205,0.311673820019,-0.633081376553,-0.206386119127,-0.677843749523
-0.436425507069,0.108849845827,0.808486521244,0.311785459518,-0.620020985603,-0.199438646436,-0.691800653934
-0.436468869448,0.108941629529,0.808495819569,0.313889026642,-0.619453966618,-0.203909724951,-0.690051674843
-0.437378674746,0.10927028954,0.808499276638,0.314736515284,-0.614330768585,-0.207053110003,-0.693302094936
-0.437768042088,0.109362468123,0.808490335941,0.314219623804,-0.617475688457,-0.206173688173,-0.69100099802
-0.438169687986,0.109990872443,0.808879852295,0.31348708272,-0.619989335537,-0.20491707325,-0.689455091953
-0.439243376255,0.110290303826,0.808691620827,0.31264013052,-0.614982962608,-0.207938045263,-0.693407416344
-0.43979793787,0.110531650484,0.808695912361,0.313471436501,-0.614158213139,-0.20894511044,-0.693460464478
-0.44031432271,0.110248073936,0.807883262634,0.322966396809,-0.605510830879,-0.21538323164,-0.694737076759
-0.440913081169,0.110473498702,0.808380305767,0.321598023176,-0.608093619347,-0.215447053313,-0.693094193935
-0.441435992718,0.110853068531,0.808237314224,0.323194384575,-0.607246041298,-0.216645553708,-0.692721128464
-0.442418426275,0.110781297088,0.808350920677,0.322328954935,-0.606528043747,-0.218230396509,-0.693255662918
-0.442958682775,0.111338101327,0.80877494812,0.318951010704,-0.611195862293,-0.217665091157,-0.690892159939
-0.443924278021,0.11120121181,0.808606505394,0.323342740536,-0.606930792332,-0.220998644829,-0.691551923752
-0.444735527039,0.111382469535,0.808613538742,0.326857537031,-0.604545652866,-0.221292033792,-0.691894948483
-0.445709466934,0.111469820142,0.808570563793,0.328382372856,-0.60277068615,-0.222329512239,-0.692388772964
-0.446811974049,0.111734569073,0.808145523071,0.327283680439,-0.601825654507,-0.221782252192,-0.693904817104
-0.447580426931,0.111875124276,0.808727264404,0.327548205853,-0.60395771265,-0.224167302251,-0.691155850887
-0.448174804449,0.112027801573,0.808827161789,0.326273262501,-0.605617463589,-0.226141139865,-0.689661860466
-0.449259877205,0.112329348922,0.808966517448,0.329498529434,-0.6049233675,-0.225713521242,-0.688877403736
-0.450256705284,0.111965075135,0.808394491673,0.331651479006,-0.600454926491,-0.229081884027,-0.690639317036
-0.451031148434,0.112030021846,0.808379530907,0.332682877779,-0.600661695004,-0.231142818928,-0.689275681973
-0.45225840807,0.112123802304,0.808444499969,0.335185110569,-0.598998427391,-0.231216832995,-0.689485788345
-0.453877240419,0.112147048116,0.808270454407,0.332380652428,-0.598149836063,-0.22919523716,-0.692249596119
-0.454440325499,0.112249098718,0.808415710926,0.337493985891,-0.597767293453,-0.232819855213,-0.688888430595
-0.455440580845,0.112262293696,0.808502197266,0.338865816593,-0.597290754318,-0.234281763434,-0.688132107258
-0.45630890131,0.112347178161,0.808249950409,0.340175867081,-0.596799135208,-0.235672846437,-0.68743699789
-0.457798629999,0.112354069948,0.807979345322,0.340041458607,-0.59506547451,-0.235445141792,-0.689082384109
-0.458542585373,0.112198218703,0.808088779449,0.340905785561,-0.596401810646,-0.23788420856,-0.686658143997
-0.459717333317,0.112200655043,0.80833876133,0.344541758299,-0.593921780586,-0.241043195128,-0.685890734196
-0.460968613625,0.112238198519,0.808279395103,0.34486117959,-0.595384418964,-0.239436522126,-0.685024440289
-0.462480783463,0.112212903798,0.808091700077,0.345178812742,-0.591733515263,-0.241164550185,-0.687417387962
-0.463085561991,0.112006619573,0.808103084564,0.347022861242,-0.591841936111,-0.246459618211,-0.684511423111
-0.464741408825,0.112036749721,0.807988464832,0.347547411919,-0.590361297131,-0.244123339653,-0.686358630657
-0.465491563082,0.111780829728,0.808007836342,0.349490851164,-0.589848458767,-0.249607086182,-0.683835804462
-0.466779649258,0.111946776509,0.808291018009,0.352600246668,-0.589414596558,-0.248735412955,-0.682930648327
-0.468144088984,0.111965514719,0.807988345623,0.354025036097,-0.588746488094,-0.248011469841,-0.683033168316
-0.469111204147,0.111759081483,0.807903409004,0.354340553284,-0.588158428669,-0.250969707966,-0.682295203209
-0.470320463181,0.111588522792,0.80790656805,0.356511443853,-0.587119698524,-0.252931714058,-0.681333661079
-0.471813380718,0.11160646379,0.807994008064,0.35781750083,-0.585985839367,-0.252635508776,-0.681735038757
-0.472973942757,0.111591912806,0.80807185173,0.361009299755,-0.584938645363,-0.254603177309,-0.680217862129
-0.474324822426,0.111545331776,0.808074057102,0.362150430679,-0.584074616432,-0.255496144295,-0.68001896143
-0.475485742092,0.111285537481,0.807896137238,0.362547546625,-0.583487391472,-0.258965581656,-0.678998291492
-0.476761549711,0.111105717719,0.807970404625,0.364125400782,-0.582342922688,-0.261043995619,-0.678340315819
-0.478164583445,0.110906988382,0.808017611504,0.366061598063,-0.580651521683,-0.263249635696,-0.677895724773
-0.47950771451,0.110574886203,0.808240890503,0.366043657064,-0.577962696552,-0.270073771477,-0.677518427372
-0.481021136045,0.110344186425,0.80834043026,0.36733341217,-0.574771821499,-0.274226993322,-0.677866578102
-0.482434034348,0.110499046743,0.808042347431,0.36898830533,-0.580737650394,-0.265793979168,-0.675236999989
-0.483762264252,0.109811238945,0.808502912521,0.369737625122,-0.576719760895,-0.277759253979,-0.673452675343
-0.485207080841,0.10973931849,0.808458507061,0.370460867882,-0.576054692268,-0.277477324009,-0.673740446568
-0.486840009689,0.109533369541,0.808434844017,0.369748264551,-0.576477527618,-0.27831274271,-0.673425495625
-0.488103210926,0.109662890434,0.80816757679,0.371954083443,-0.579992353916,-0.271638929844,-0.671916246414
-0.489472389221,0.109163060784,0.808457493782,0.373579770327,-0.585052490234,-0.273959666491,-0.665655970573
-0.491164147854,0.10956569761,0.808348834515,0.376091361046,-0.578774213791,-0.271690636873,-0.670641303062
-0.492741912603,0.109423324466,0.808239281178,0.375948965549,-0.579002976418,-0.272157102823,-0.67033457756
-0.494311690331,0.108971200883,0.80867087841,0.374976545572,-0.575942218304,-0.280868083239,-0.669922709465
-0.495387077332,0.108519151807,0.808502793312,0.375548541546,-0.575423181057,-0.285589575768,-0.668049514294
-0.49691838026,0.108368493617,0.808491051197,0.375130921602,-0.575998067856,-0.286139249802,-0.667553246021
-0.498166978359,0.108599826694,0.808359742165,0.376662790775,-0.575223147869,-0.28578132391,-0.667512357235
-0.499523252249,0.108132816851,0.808540642262,0.376778662205,-0.575916469097,-0.28906956315,-0.665429890156
-0.501165628433,0.108452223241,0.808457970619,0.380292356014,-0.578039288521,-0.28065481782,-0.665192723274
-0.502592802048,0.108326867223,0.808392643929,0.379716426134,-0.578776240349,-0.281235724688,-0.664635360241
-0.50367295742,0.107664175332,0.808521509171,0.378481298685,-0.574859559536,-0.293346405029,-0.663503110409
-0.505214691162,0.107522964478,0.808868646622,0.380549818277,-0.574406981468,-0.294291734695,-0.662292301655
-0.506307005882,0.107180021703,0.808586478233,0.378126770258,-0.574599444866,-0.297521144152,-0.662070095539
-0.507383525372,0.107092812657,0.808629751205,0.378365039825,-0.575367331505,-0.299638003111,-0.660310029984
-0.508839607239,0.107050284743,0.80842256546,0.378294497728,-0.575322210789,-0.298954188824,-0.660699605942
-0.510133445263,0.107153385878,0.808670759201,0.381630033255,-0.573978543282,-0.298336207867,-0.660229384899
-0.511023879051,0.107317633927,0.808287501335,0.382091909647,-0.578655302525,-0.292815983295,-0.658348500729
-0.512360692024,0.106832444668,0.808436691761,0.380354553461,-0.575320005417,-0.301192730665,-0.658498644829
-0.513288259506,0.106647647917,0.808513879776,0.380553662777,-0.574602425098,-0.304407477379,-0.657531023026
-0.514370143414,0.106553182006,0.808519363403,0.381309241056,-0.575236260891,-0.303916782141,-0.656765758991
-0.515425503254,0.106333106756,0.808484554291,0.380841702223,-0.574577391148,-0.305943489075,-0.65667283535
-0.51640355587,0.106273412704,0.808519124985,0.380773693323,-0.575391769409,-0.30590492487,-0.65601670742
-0.517308235168,0.106119699776,0.808566212654,0.381150901318,-0.575247824192,-0.307597965002,-0.655131697655
-0.51858061552,0.106204330921,0.808848202229,0.383485585451,-0.573853909969,-0.305698007345,-0.655880510807
-0.51929551363,0.106400355697,0.808601558208,0.385331213474,-0.579731523991,-0.297526270151,-0.653383076191
-0.520066201687,0.106234006584,0.808570444584,0.385120809078,-0.57977437973,-0.298223108053,-0.653151392937
-0.52086442709,0.106009915471,0.808548927307,0.384778380394,-0.5797919631,-0.298902601004,-0.653026938438
-0.521287381649,0.10575824976,0.808426678181,0.383885741234,-0.581125855446,-0.301548421383,-0.65114736557
-0.522510528564,0.105655148625,0.808526813984,0.385290235281,-0.579724252224,-0.300253480673,-0.652164936066
-0.522825181484,0.105174705386,0.808871865273,0.382727146149,-0.577818870544,-0.308009207249,-0.651748180389
-0.523200809956,0.104875907302,0.808658719063,0.381066918373,-0.578947305679,-0.309287667274,-0.65111386776
-0.523897528648,0.105136319995,0.808475255966,0.383126020432,-0.583273410797,-0.299657255411,-0.650547683239
-0.524613976479,0.10485728085,0.808403015137,0.382930457592,-0.58259755373,-0.300173580647,-0.651030182838
-0.524544239044,0.104336842895,0.808600068092,0.378920763731,-0.581668615341,-0.308446526527,-0.650339365005
-0.524783074856,0.104201614857,0.808600485325,0.378107309341,-0.582508563995,-0.3084192276,-0.650074124336
-0.52498871088,0.104089200497,0.808584570885,0.377388864756,-0.583276808262,-0.308078825474,-0.649963974953
-0.525429546833,0.104057833552,0.808683872223,0.377238690853,-0.583613753319,-0.305562794209,-0.65093588829
-0.525522351265,0.103927306831,0.808704257011,0.376380503178,-0.584138691425,-0.305911689997,-0.650797903538
-0.525582909584,0.10382989794,0.808667421341,0.375258624554,-0.585525631905,-0.304498821497,-0.650861799717
-0.525541186333,0.103751122952,0.808685541153,0.374540090561,-0.586067795753,-0.3039958179,-0.651022970676
-0.52542334795,0.103516757488,0.808890938759,0.373803019524,-0.586441278458,-0.305358350277,-0.650472521782
-0.525005698204,0.103484600782,0.808671355247,0.372436136007,-0.58747702837,-0.304994523525,-0.650492548943
-0.524758994579,0.103459253907,0.808738470078,0.372038424015,-0.58783698082,-0.30435448885,-0.650694727898
-0.524225473404,0.103568866849,0.808834254742,0.373224288225,-0.592150688171,-0.299633532763,-0.648290872574
-0.523850977421,0.103503368795,0.808987915516,0.370775192976,-0.58773958683,-0.304032981396,-0.651653110981
-0.523334741592,0.103887528181,0.80887556076,0.372127145529,-0.591430306435,-0.294861525297,-0.651757836342
-0.522893726826,0.103917852044,0.809049367905,0.372166156769,-0.590756297112,-0.294276505709,-0.652610778809
-0.522310078144,0.104119710624,0.809485673904,0.373754560947,-0.589377224445,-0.292459160089,-0.65376585722
-0.521749019623,0.104203052819,0.809764564037,0.373509675264,-0.589148104191,-0.291729956865,-0.654437720776
-0.521186172962,0.103925861418,0.810367107391,0.372263789177,-0.584344923496,-0.299940109253,-0.655741274357
-0.520155966282,0.103859074414,0.810455143452,0.371154844761,-0.583337962627,-0.30177590251,-0.656423866749
-0.519563376904,0.103892087936,0.810804843903,0.371112555265,-0.58302283287,-0.299915134907,-0.657579600811
-0.518954575062,0.104023188353,0.811235666275,0.372555464506,-0.580522298813,-0.298307001591,-0.65970402956
-0.518009066582,0.104234188795,0.811656951904,0.374605476856,-0.58489882946,-0.291796892881,-0.657585501671
-0.517270684242,0.104205138981,0.811991453171,0.373690575361,-0.579099595547,-0.295591592789,-0.661532044411
-0.516308307648,0.104652807117,0.81200414896,0.374825447798,-0.582576990128,-0.286450564861,-0.661857962608
-0.515454888344,0.104708857834,0.812258601189,0.373862057924,-0.582265079021,-0.284559518099,-0.66349118948
-0.514108598232,0.10498932004,0.812307775021,0.374174445868,-0.581723690033,-0.284063518047,-0.664002299309
-0.513507306576,0.104755632579,0.812917649746,0.373373925686,-0.581745266914,-0.282761663198,-0.664988815784
-0.512468516827,0.104782119393,0.813149690628,0.373543560505,-0.580517053604,-0.282125264406,-0.666236102581
-0.51136636734,0.104459904134,0.813109993935,0.36879324913,-0.581729888916,-0.283578008413,-0.667207360268
-0.510401070118,0.104145698249,0.813537120819,0.366639077663,-0.577443540096,-0.290749102831,-0.669028997421
-0.509410500526,0.1045974195,0.813605725765,0.367939352989,-0.581934154034,-0.280640602112,-0.668740749359
-0.508363306522,0.104563444853,0.813762426376,0.367133080959,-0.581439495087,-0.279950618744,-0.66990250349
-0.507641494274,0.104782268405,0.814203679562,0.368930578232,-0.580718934536,-0.276279717684,-0.671062767506
-0.506497621536,0.104533433914,0.814226984978,0.366372346878,-0.57928109169,-0.278737813234,-0.672688782215
-0.506911754608,0.104513451457,0.814278960228,0.361988067627,-0.577653288841,-0.269652247429,-0.680124282837
-0.504921972752,0.104592084885,0.81469976902,0.365382224321,-0.578516602516,-0.274822562933,-0.67549008131
-0.503725707531,0.104468688369,0.814643144608,0.363432109356,-0.579193353653,-0.276307880878,-0.675356328487
-0.503212094307,0.104630850255,0.814918756485,0.364015996456,-0.578525424004,-0.272396922112,-0.677200675011
-0.502110183239,0.104655325413,0.815144896507,0.36414539814,-0.578496456146,-0.272481828928,-0.677121698856
-0.501302421093,0.104502737522,0.815204381943,0.363364309072,-0.576875150204,-0.273798882961,-0.678391993046
-0.500487148762,0.104314424098,0.815477490425,0.362120270729,-0.577224433422,-0.27222558856,-0.679392516613
-0.499077379704,0.104175314307,0.815201222897,0.359683156013,-0.578029990196,-0.275139153004,-0.67882835865
-0.498735755682,0.103838130832,0.815602064133,0.358894079924,-0.577093839645,-0.274061560631,-0.680476367474
-0.499236613512,0.103867322206,0.815744519234,0.355859816074,-0.576258122921,-0.264325290918,-0.686602294445
-0.497969418764,0.103855907917,0.815844416618,0.357426732779,-0.576415121555,-0.267088234425,-0.684584200382
-0.496787041426,0.103638924658,0.816231012344,0.359672874212,-0.576534092426,-0.269198834896,-0.682477653027
-0.495741248131,0.103303663433,0.815952420235,0.356368035078,-0.57896310091,-0.267644286156,-0.682766616344
-0.496492058039,0.103062704206,0.816250145435,0.353577107191,-0.575877189636,-0.261268228292,-0.689266085625
-0.49599814415,0.102814644575,0.8163818717,0.353623569012,-0.575337588787,-0.260152816772,-0.690114140511
-0.494123637676,0.102710105479,0.816642999649,0.357826173306,-0.57701331377,-0.266032576561,-0.684282839298
-0.49349719286,0.102460205555,0.816833853722,0.357415944338,-0.578036665916,-0.265216708183,-0.683949887753
-0.492809414864,0.101845435798,0.816725194454,0.353871822357,-0.578986406326,-0.267073571682,-0.684267044067
-0.492396235466,0.101544544101,0.816814243793,0.353173941374,-0.578768491745,-0.265928953886,-0.685257017612
-0.492239832878,0.101404167712,0.817044198513,0.354045271873,-0.578489124775,-0.262331902981,-0.686428725719
-0.491200774908,0.101319760084,0.816936612129,0.354015916586,-0.580075085163,-0.261763840914,-0.685321450233
-0.490936815739,0.100887738168,0.816960573196,0.352268397808,-0.580673098564,-0.260428667068,-0.686223566532
-0.490568637848,0.100175067782,0.817232251167,0.350789964199,-0.581675469875,-0.262622386217,-0.685295283794
-0.490488171577,0.0999898314476,0.817436337471,0.351302087307,-0.581618010998,-0.259649723768,-0.68621391058
-0.489916235209,0.0994269996881,0.817327260971,0.349534988403,-0.582690119743,-0.26119479537,-0.685620188713
-0.489783316851,0.0989783257246,0.817304134369,0.347609937191,-0.583463728428,-0.260390102863,-0.686246752739
-0.489774882793,0.0987752750516,0.817580938339,0.34811848402,-0.584423959255,-0.256471127272,-0.68664753437
-0.489473998547,0.0984201729298,0.817536473274,0.347358554602,-0.585035264492,-0.255673587322,-0.686809182167
-0.488873571157,0.0977341011167,0.817341566086,0.345339387655,-0.585974514484,-0.257962107658,-0.686170697212
-0.488736003637,0.0972818732262,0.817204594612,0.343129962683,-0.586647868156,-0.257478803396,-0.686884880066
-0.488534301519,0.0969317927957,0.817163586617,0.342802226543,-0.587556362152,-0.256163537502,-0.686763763428
-0.488240510225,0.0964949280024,0.817134916782,0.341988116503,-0.589310705662,-0.255246818066,-0.686007499695
-0.488142222166,0.0959507524967,0.816979885101,0.339832693338,-0.59017521143,-0.254264950752,-0.686699688435
-0.488010376692,0.0955507680774,0.816894114017,0.339217245579,-0.590916931629,-0.253596991301,-0.686613082886
-0.488170385361,0.0953175649047,0.817055463791,0.339799940586,-0.591543197632,-0.250333696604,-0.686982989311
-0.487736999989,0.0945833995938,0.816727995872,0.336233139038,-0.593128681183,-0.252204716206,-0.686686575413
-0.487427145243,0.0942378789186,0.816597342491,0.335059016943,-0.595419049263,-0.250513792038,-0.685897052288
-0.487476080656,0.0940078869462,0.816651940346,0.335451811552,-0.596260607243,-0.247256159782,-0.686155796051
-0.4871481359,0.0935416072607,0.816587328911,0.334336519241,-0.597798287868,-0.247089833021,-0.685421705246
-0.486992955208,0.0929639562964,0.816434264183,0.332182943821,-0.598716676235,-0.246469989419,-0.685890197754
-0.486816763878,0.0925509780645,0.816319108009,0.331780821085,-0.599875211716,-0.244833394885,-0.685658812523
-0.486362606287,0.0917937234044,0.815980315208,0.328348189592,-0.60162127018,-0.24669238925,-0.68511480093
-0.486157089472,0.0913300514221,0.815839350224,0.327205717564,-0.602485656738,-0.245907634497,-0.685183763504
-0.486275017262,0.0911578908563,0.816163182259,0.32639119029,-0.604666888714,-0.242155984044,-0.684987127781
-0.485562950373,0.0902827009559,0.815640151501,0.324118345976,-0.605237483978,-0.244570299983,-0.68470454216
-0.485315024853,0.089791841805,0.815592646599,0.322889506817,-0.606766164303,-0.243067190051,-0.684467434883
-0.485239028931,0.0895230546594,0.815657019615,0.323430210352,-0.607390165329,-0.239501178265,-0.684915602207
-0.484716176987,0.0886213108897,0.815324306488,0.320779919624,-0.607893228531,-0.2415895015,-0.684982180595
-0.48435112834,0.0881473720074,0.815318822861,0.319433003664,-0.609384000301,-0.240048542619,-0.68482875824
-0.483700215816,0.0876585096121,0.815058231354,0.318882673979,-0.610278606415,-0.239455401897,-0.684496164322
-0.483729958534,0.0873756855726,0.815767645836,0.315023571253,-0.61710703373,-0.231989517808,-0.682729840279
-0.483320623636,0.086746737361,0.815580129623,0.315557152033,-0.616408467293,-0.231709033251,-0.683209598064
-0.482487291098,0.0860447734594,0.815458774567,0.310536682606,-0.617780923843,-0.235008880496,-0.683143258095
-0.481939911842,0.0852538198233,0.81505382061,0.312567442656,-0.615263104439,-0.234737992287,-0.684580862522
-0.481708347797,0.0848903059959,0.815295398235,0.312218755484,-0.616144120693,-0.230408608913,-0.685418009758
-0.481045365334,0.0840383246541,0.815355122089,0.308179110289,-0.619975566864,-0.22979554534,-0.68399566412
-0.480491429567,0.0837505832314,0.815418362617,0.3102401793,-0.617909133434,-0.227887988091,-0.685570180416
-0.479414284229,0.0828712582588,0.815342068672,0.307399332523,-0.619894504547,-0.230204731226,-0.684282422066
-0.478800028563,0.0822939649224,0.815324425697,0.306461960077,-0.620163977146,-0.228824689984,-0.684921205044
-0.478204458952,0.0816181376576,0.815741300583,0.304575413465,-0.62091344595,-0.228963166475,-0.685037434101
-0.477390170097,0.0810339450836,0.815803527832,0.303684979677,-0.625360608101,-0.222830712795,-0.683407723904
-0.476691007614,0.0808330327272,0.816025018692,0.301096230745,-0.624806344509,-0.222390949726,-0.685200989246
-0.475725084543,0.0798380598426,0.815522670746,0.302821993828,-0.621292173862,-0.224157124758,-0.68705779314
-0.47492992878,0.0793973654509,0.815650999546,0.301100671291,-0.622546255589,-0.221776247025,-0.687451779842
-0.474368065596,0.0790571346879,0.81661516428,0.298923879862,-0.627904653549,-0.21529738605,-0.685585439205
-0.473067253828,0.0781180411577,0.816005170345,0.30026781559,-0.625190317631,-0.217959046364,-0.686636984348
-0.472429782152,0.0778669714928,0.81644320488,0.293327093124,-0.630286574364,-0.214605152607,-0.686034083366
-0.471407800913,0.0768495723605,0.816178202629,0.29734236002,-0.625620603561,-0.215553000569,-0.688275694847
-0.470900326967,0.0764926671982,0.817062735558,0.298100858927,-0.627312004566,-0.211101517081,-0.687787652016
-0.469298750162,0.0757039710879,0.817250490189,0.292553782463,-0.632770001888,-0.211344465613,-0.685089766979
-0.46892157197,0.074864141643,0.81643307209,0.297344565392,-0.623651266098,-0.212248653173,-0.691083073616
-0.467589914799,0.0744275152683,0.816846251488,0.294005215168,-0.627388000488,-0.210920259356,-0.689534604549
-0.466963201761,0.0737381279469,0.817554712296,0.291983515024,-0.628738641739,-0.208510652184,-0.689896166325
-0.46704685688,0.0734685733914,0.818026542664,0.283723831177,-0.632078945637,-0.196118593216,-0.693912506104
-0.466459721327,0.0726902410388,0.817937016487,0.285729706287,-0.628754973412,-0.195928886533,-0.696159243584
-0.46528416872,0.0721295848489,0.817726492882,0.286080628633,-0.62758409977,-0.194671884179,-0.697422981262
-0.464766323566,0.0713564530015,0.818245887756,0.282100379467,-0.627604365349,-0.194800972939,-0.698988258839
-0.463522106409,0.070937179029,0.81813955307,0.283181130886,-0.62738186121,-0.193621143699,-0.699078977108
-0.461940556765,0.0703744366765,0.818458974361,0.286377370358,-0.628601908684,-0.196650341153,-0.695827782154
-0.461897969246,0.0694857686758,0.818511724472,0.28016680479,-0.628675699234,-0.190089121461,-0.700099766254
-0.460727125406,0.0690730586648,0.819249510765,0.282655119896,-0.631463170052,-0.191395103931,-0.696224272251
-0.460232377052,0.0683283433318,0.818929791451,0.277610898018,-0.630495667458,-0.187368959188,-0.7002145648
-0.459703087807,0.0675065815449,0.818923592567,0.27881026268,-0.628432810307,-0.187559127808,-0.701540291309
-0.45839715004,0.0670316293836,0.819552063942,0.276497542858,-0.645626842976,-0.195176973939,-0.684558928013
-0.458511918783,0.066365763545,0.819850504398,0.270814418793,-0.633621871471,-0.183228731155,-0.701149344444
-0.457752019167,0.0656370222569,0.820122599602,0.270258128643,-0.634569823742,-0.183142125607,-0.700528860092
-0.457180291414,0.0651028379798,0.820310711861,0.267960011959,-0.635780692101,-0.180958554149,-0.700881063938
-0.456633388996,0.0645295158029,0.820686995983,0.267908513546,-0.649514555931,-0.187312573195,-0.686490952969
-0.455460041761,0.0639132857323,0.820688962936,0.269549548626,-0.638065159321,-0.182824581861,-0.697704136372
-0.455475568771,0.0632687583566,0.820211291313,0.263315528631,-0.637315154076,-0.178039520979,-0.701994538307
-0.455226719379,0.0625390633941,0.820864737034,0.26237988472,-0.639304697514,-0.177449792624,-0.700683832169
-0.455024927855,0.0618425197899,0.821288228035,0.259671777487,-0.654043257236,-0.184191837907,-0.686200618744
-0.454508632421,0.0613097883761,0.821542620659,0.259882926941,-0.656022787094,-0.183744907379,-0.684348404408
-0.454210579395,0.0606998801231,0.821617424488,0.257903933525,-0.658233582973,-0.18356487155,-0.683021366596
-0.453985154629,0.0601221174002,0.821726083755,0.256313145161,-0.659306645393,-0.182129114866,-0.68296957016
-0.453622937202,0.0598011910915,0.821642160416,0.251756072044,-0.646765112877,-0.170985236764,-0.699340999126
-0.453630626202,0.0589477047324,0.821560621262,0.251908630133,-0.645217657089,-0.172448948026,-0.700355350971
-0.453637123108,0.0584070757031,0.821713030338,0.250369042158,-0.645685911179,-0.1713976264,-0.700733840466
-0.45346647501,0.0578747317195,0.821927070618,0.249131068587,-0.64671009779,-0.170332893729,-0.700490176678
-0.453374445438,0.0572197660804,0.822052240372,0.247469812632,-0.647522687912,-0.170599833131,-0.700263261795
-0.453299462795,0.056614600122,0.822254598141,0.246474921703,-0.648313641548,-0.170441970229,-0.699920892715
-0.4530338943,0.0561030358076,0.82267677784,0.246344313025,-0.662642478943,-0.178104102612,-0.684469521046
-0.453077971935,0.0556192882359,0.822756648064,0.245348259807,-0.663050711155,-0.178111478686,-0.684430062771
-0.453317523003,0.0547899343073,0.823258399963,0.242751389742,-0.666047275066,-0.176747426391,-0.682798206806
-0.453447818756,0.0541964620352,0.823146164417,0.240534216166,-0.651601552963,-0.168238759041,-0.699467241764
-0.453552156687,0.0536813363433,0.823366940022,0.238723874092,-0.653244912624,-0.167549550533,-0.698719680309
-0.453491985798,0.0531254298985,0.823817968369,0.237326472998,-0.668495535851,-0.173898771405,-0.683044195175
-0.45363047719,0.0525658354163,0.824089586735,0.236135497689,-0.668661832809,-0.172183409333,-0.683728218079
-0.453778088093,0.0519398897886,0.824156522751,0.233859479427,-0.656468331814,-0.164897292852,-0.697974145412
-0.453745394945,0.0514701604843,0.824732422829,0.232298061252,-0.67153352499,-0.170309573412,-0.682697057724
-0.453832387924,0.0509050749242,0.824849367142,0.230017513037,-0.671978235245,-0.170479983091,-0.682988941669
-0.453840434551,0.0501839220524,0.825434923172,0.227914109826,-0.67647767067,-0.17023140192,-0.679304420948
-0.453848987818,0.0495786145329,0.825735211372,0.225784912705,-0.677951097488,-0.169116139412,-0.678824901581
-0.453764736652,0.0491596907377,0.825496435165,0.224514096975,-0.662614822388,-0.162321567535,-0.695835292339
-0.453911989927,0.0485233068466,0.825962662697,0.222339719534,-0.663173019886,-0.160785973072,-0.696358084679
-0.453688502312,0.0480888187885,0.826229095459,0.220864951611,-0.664661943913,-0.161097481847,-0.695335030556
-0.452707529068,0.0482388362288,0.826361954212,0.214700818062,-0.683457016945,-0.162797167897,-0.678444743156
-0.45270511508,0.0477648898959,0.826770186424,0.21298840642,-0.683940589428,-0.161851882935,-0.678723156452
-0.452645748854,0.0472896769643,0.827058076859,0.210731729865,-0.683291494846,-0.161805391312,-0.680091261864
-0.452327609062,0.0469404160976,0.827580034733,0.210828691721,-0.684436500072,-0.161583930254,-0.678961277008
-0.452190876007,0.046463675797,0.828046679497,0.209595784545,-0.686090946198,-0.161120146513,-0.677782654762
-0.452127635479,0.045867331326,0.827927589417,0.21094161272,-0.669235885143,-0.157061070204,-0.69495254755
-0.452153414488,0.0454621240497,0.828478097916,0.209837272763,-0.668851256371,-0.155541151762,-0.695998072624
-0.452463835478,0.0446525290608,0.829657554626,0.208381995559,-0.669314324856,-0.157294094563,-0.695596039295
-0.451263010502,0.0448745153844,0.829602956772,0.20361790061,-0.685658454895,-0.161561369896,-0.679934024811
-0.451136916876,0.0444730520248,0.829936146736,0.20596756041,-0.683994472027,-0.16229660809,-0.680726647377
-0.451062113047,0.044226758182,0.830673992634,0.20289298892,-0.686180174351,-0.158699527383,-0.680298388004
-0.451039671898,0.0439009219408,0.830833613873,0.202454432845,-0.671795666218,-0.15228125453,-0.696069896221
-0.450761646032,0.0436398535967,0.831307768822,0.199634671211,-0.673152208328,-0.15149115026,-0.695746064186
-0.450421094894,0.0433220267296,0.831766247749,0.196594253182,-0.674437522888,-0.151108369231,-0.695450305939
-0.449914485216,0.043309096247,0.832340359688,0.196769818664,-0.6882122159,-0.156701251864,-0.680507421494
-0.44971087575,0.0430005043745,0.832294106483,0.198626756668,-0.684215068817,-0.157197639346,-0.683875799179
-0.449606716633,0.0423392727971,0.833158254623,0.197438403964,-0.68715596199,-0.160462841392,-0.680504739285
-0.449181705713,0.0421432889998,0.833743155003,0.194922730327,-0.688812196255,-0.159788817167,-0.679713487625
-0.449207156897,0.0420032925904,0.833755850792,0.194358050823,-0.672801315784,-0.152080982924,-0.697448730469
-0.448596715927,0.0419947877526,0.834465503693,0.198340550065,-0.673395633698,-0.153281792998,-0.695488512516
-0.448178559542,0.0419260002673,0.835260987282,0.19544057548,-0.687917411327,-0.158010348678,-0.680885732174
-0.448164790869,0.0418643653393,0.836004436016,0.197379767895,-0.686996102333,-0.155842721462,-0.681755542755
-0.448420554399,0.0412258543074,0.83611369133,0.191303819418,-0.686611354351,-0.156460419297,-0.683730900288
-0.44748622179,0.0412888973951,0.836776852608,0.192064329982,-0.676247596741,-0.151865199208,-0.694793224335
-0.447814077139,0.0409425720572,0.836796283722,0.190294012427,-0.673439502716,-0.152075409889,-0.697954535484
-0.447818428278,0.0407258979976,0.837223410606,0.190117403865,-0.672111332417,-0.152277156711,-0.699237763882
-0.447760730982,0.0405240207911,0.837698936462,0.190170153975,-0.671807706356,-0.152869075537,-0.699385941029
-0.447557538748,0.0405723415315,0.838765382767,0.18514110148,-0.68772816658,-0.155946180224,-0.684422016144
-0.4479354918,0.0402261018753,0.839107990265,0.187394663692,-0.684880435467,-0.156269818544,-0.686587035656
-0.447623312473,0.0402033030987,0.839787960052,0.186765804887,-0.68676429987,-0.156259819865,-0.684876859188
-0.447420984507,0.0399079024792,0.839957594872,0.187448188663,-0.686464011669,-0.1585508883,-0.684464752674
-0.44754883647,0.0397355258465,0.840143144131,0.187788784504,-0.672141611576,-0.152375966311,-0.699816048145
-0.447385758162,0.0397224873304,0.840855240822,0.183399513364,-0.674841284752,-0.151425197721,-0.698587417603
-0.447442770004,0.0395428240299,0.841304063797,0.182342812419,-0.674646317959,-0.151503741741,-0.699035167694
-0.447603136301,0.0394232571125,0.841715931892,0.181981414557,-0.674300909042,-0.151568546891,-0.699448466301
-0.447750747204,0.0394805707037,0.842584013939,0.183201596141,-0.687494695187,-0.15558770299,-0.685259580612
-0.448057204485,0.0390435755253,0.842855215073,0.186274021864,-0.684553384781,-0.15888440609,-0.686618089676
-0.448229074478,0.0390482284129,0.84319627285,0.186264261603,-0.684604823589,-0.159533306956,-0.686419010162
-0.448219835758,0.0389171950519,0.843834400177,0.181703075767,-0.674180150032,-0.152790635824,-0.699371278286
-0.448466181755,0.0387580022216,0.844338059425,0.182060062885,-0.674479663372,-0.156619489193,-0.698141694069
-0.449165225029,0.0386635698378,0.844734787941,0.183368742466,-0.672524988651,-0.15537494421,-0.699960529804
-0.449503362179,0.0386567898095,0.845020294189,0.183518022299,-0.670908510685,-0.152774959803,-0.70204180479
-0.449579447508,0.0386341959238,0.845502614975,0.181966811419,-0.672619998455,-0.154801279306,-0.700362086296
-0.450000762939,0.0385026857257,0.845929980278,0.181755840778,-0.671992838383,-0.155472651124,-0.700869977474
-0.450431674719,0.0384197980165,0.84635913372,0.181690171361,-0.672001898289,-0.155981466174,-0.700765371323
-0.450892686844,0.0383481532335,0.846762537956,0.181841418147,-0.672401487827,-0.15674239397,-0.70017272234
-0.451431810856,0.038281083107,0.847158193588,0.181854635477,-0.672139406204,-0.156717464328,-0.700426399708
-0.451885819435,0.0382220968604,0.847516834736,0.181770011783,-0.672483146191,-0.157228261232,-0.700003862381
-0.452381104231,0.0381403304636,0.847882151604,0.181878775358,-0.672794222832,-0.157760247588,-0.699556827545
-0.452920764685,0.0380497463048,0.848255753517,0.18158814311,-0.673075914383,-0.15802192688,-0.699302256107
-0.453469842672,0.0380000211298,0.848576188087,0.181481525302,-0.673576772213,-0.158637702465,-0.698708057404
-0.453930467367,0.0379605293274,0.84909927845,0.182781398296,-0.673852443695,-0.159354329109,-0.697939813137
-0.454717457294,0.0379109531641,0.849225521088,0.180436611176,-0.674064218998,-0.159253209829,-0.698368489742
-0.455289781094,0.0378278046846,0.849485397339,0.180330276489,-0.674287855625,-0.159588605165,-0.698103487492
-0.45584371686,0.0377559028566,0.849696755409,0.180029660463,-0.674692630768,-0.160138428211,-0.697663903236
-0.456700116396,0.0375941619277,0.849610805511,0.183507278562,-0.672174155712,-0.161838397384,-0.698795676231
-0.457450658083,0.0374488607049,0.849914848804,0.184189975262,-0.67173063755,-0.162710636854,-0.698840022087
-0.457730650902,0.0376265123487,0.850261092186,0.181016460061,-0.675251960754,-0.162457615137,-0.696329951286
-0.458495348692,0.037660472095,0.85037946701,0.179770812392,-0.67532402277,-0.161836743355,-0.696727335453
-0.45894753933,0.0375242009759,0.850890338421,0.178991407156,-0.692584216595,-0.169149041176,-0.677995562553
-0.459504872561,0.037549097091,0.851069331169,0.178226456046,-0.693082928658,-0.169720992446,-0.677544295788
-0.460194915533,0.0376235209405,0.8507797122,0.177997261286,-0.677482366562,-0.163451373577,-0.694707334042
-0.460936456919,0.0375759862363,0.8507578969,0.176492765546,-0.677349328995,-0.164052918553,-0.695079028606
-0.461706995964,0.0373995490372,0.850617110729,0.179525330663,-0.67525011301,-0.165894538164,-0.695907354355
-0.462165743113,0.0373688898981,0.850753307343,0.179243281484,-0.676006019115,-0.166394233704,-0.695126414299
-0.462452501059,0.0374573841691,0.851252794266,0.176533445716,-0.692992389202,-0.171587318182,-0.677609980106
-0.462939292192,0.0374245010316,0.851358413696,0.176414892077,-0.692969083786,-0.171598032117,-0.677662014961
-0.463395655155,0.0376010388136,0.851266145706,0.176289990544,-0.693128585815,-0.171950057149,-0.677442014217
-0.463798701763,0.0375525914133,0.851380825043,0.17626683414,-0.693854391575,-0.172481834888,-0.676569402218
-0.464698940516,0.0370470806956,0.851259171963,0.176086723804,-0.678329408169,-0.168121814728,-0.693251550198
-0.465190500021,0.0369953773916,0.851340413094,0.176504820585,-0.67807084322,-0.16868904233,-0.693260550499
-0.464900493622,0.0370853692293,0.852033734322,0.181724861264,-0.695524811745,-0.177411034703,-0.672120928764
-0.465361088514,0.0369275286794,0.852040827274,0.183327943087,-0.694427549839,-0.178519874811,-0.672526478767
-0.466487318277,0.0367647260427,0.851478397846,0.177130907774,-0.677612304688,-0.170104622841,-0.693203151226
-0.466549634933,0.0365990363061,0.851965844631,0.17714753747,-0.695203602314,-0.177228450775,-0.673721551895
-0.466985464096,0.0366078317165,0.851670265198,0.176897928119,-0.678803503513,-0.170632317662,-0.691966474056
-0.467053949833,0.0365951582789,0.851946473122,0.177005767822,-0.692750453949,-0.17667350173,-0.676426053047
-0.467291682959,0.0365299358964,0.852060437202,0.176977187395,-0.693093001842,-0.176294580102,-0.676181554794
-0.467445671558,0.0366746336222,0.851937174797,0.176782518625,-0.69203132391,-0.173905834556,-0.677936077118
-0.467592477798,0.0365865193307,0.852015733719,0.176629260182,-0.692250013351,-0.173850521445,-0.677766978741
-0.467694461346,0.0365008674562,0.85212635994,0.176521196961,-0.692560732365,-0.173785328865,-0.6774944067
-0.467782199383,0.0364020392299,0.852216482162,0.176218956709,-0.692634344101,-0.174169033766,-0.677399337292
-0.467818707228,0.0362466946244,0.852420985699,0.176043733954,-0.694651544094,-0.175718531013,-0.674974620342
-0.467842668295,0.0361702218652,0.852500259876,0.17594511807,-0.694726586342,-0.175742730498,-0.674916863441
-0.46784478426,0.0360886715353,0.852576613426,0.175972595811,-0.694493770599,-0.175674021244,-0.67516720295
-0.467811346054,0.0360213145614,0.852648615837,0.175837934017,-0.694437801838,-0.175563722849,-0.675288498402
-0.467948019505,0.0358567945659,0.852778434753,0.177035495639,-0.693220317364,-0.175963580608,-0.67612195015
-0.46751126647,0.0360012575984,0.852924227715,0.174130752683,-0.695714831352,-0.175008311868,-0.674560308456
-0.467398136854,0.0359616838396,0.853000283241,0.174115672708,-0.69566744566,-0.175053536892,-0.674601316452
-0.466978669167,0.0359755754471,0.853300094604,0.172536849976,-0.697623550892,-0.174609199166,-0.673100292683
-0.466875076294,0.0357156805694,0.853573322296,0.172480136156,-0.697572767735,-0.174938350916,-0.673082113266
-0.466731488705,0.0356685332954,0.853648781776,0.172366440296,-0.697358608246,-0.175014778972,-0.673313140869
-0.466580331326,0.0355406999588,0.853835105896,0.172181010246,-0.69839400053,-0.175715208054,-0.672103881836
-0.465942382812,0.035711992532,0.854162693024,0.177014932036,-0.698817491531,-0.176720738411,-0.670141518116
-0.465769737959,0.0356946885586,0.854238033295,0.176792502403,-0.698480129242,-0.176507115364,-0.67060816288
-0.465860426426,0.035497058183,0.854151964188,0.173687681556,-0.697620034218,-0.17591072619,-0.67246901989
-0.465784519911,0.0355793647468,0.853860080242,0.173410758376,-0.681780040264,-0.168584406376,-0.690423309803
-0.465417146683,0.0356677100062,0.854026079178,0.171675533056,-0.683043122292,-0.167795702815,-0.689800083637
-0.465065777302,0.0356357060373,0.854150414467,0.171745836735,-0.683227598667,-0.167651042342,-0.68963521719
-0.464868336916,0.0356451459229,0.85419511795,0.171524122357,-0.683001279831,-0.167382121086,-0.689979851246
-0.464167237282,0.0357430875301,0.854447364807,0.175802201033,-0.683342397213,-0.168706387281,-0.688240528107
-0.464273691177,0.0356245189905,0.854331851006,0.172545999289,-0.682735741138,-0.167635649443,-0.689926147461
-0.464203894138,0.0355544164777,0.854191660881,0.174460083246,-0.680739700794,-0.167854964733,-0.691362440586
-0.463782310486,0.0355128422379,0.854568839073,0.174265503883,-0.697283267975,-0.174833163619,-0.672949433327
-0.463532924652,0.0355627574027,0.854565620422,0.173980772495,-0.697080552578,-0.174337297678,-0.673361718655
-0.462959855795,0.0358067639172,0.854784965515,0.170034885406,-0.700226843357,-0.172395810485,-0.671602845192
-0.462626218796,0.0359622687101,0.854656040668,0.169437885284,-0.699127674103,-0.171014368534,-0.673249840736
-0.462289959192,0.0361076667905,0.854498207569,0.1689568609,-0.698234796524,-0.171187326312,-0.674252688885
-0.462007313967,0.0362207591534,0.854411482811,0.168441697955,-0.69824808836,-0.170650854707,-0.674503862858
-0.461699932814,0.0364365838468,0.854230463505,0.167946219444,-0.698884665966,-0.169938758016,-0.674147725105
-0.461388349533,0.0365547426045,0.854125261307,0.167665854096,-0.698978483677,-0.169492423534,-0.674232602119
-0.46131464839,0.036454886198,0.853945672512,0.169746309519,-0.696436703205,-0.170388892293,-0.676113843918
-0.460424184799,0.0367246195674,0.854098141193,0.175136044621,-0.697256088257,-0.171840161085,-0.673522233963
-0.460154742002,0.0366751737893,0.854152858257,0.175114378333,-0.698890924454,-0.172372072935,-0.671695113182
-0.460364311934,0.0368045456707,0.853678703308,0.17045520246,-0.696912765503,-0.169189795852,-0.67574596405
-0.459788501263,0.0371141768992,0.853806138039,0.166726395488,-0.699979126453,-0.167524889112,-0.673919081688
-0.459985643625,0.0370504185557,0.853741049767,0.167111381888,-0.685598552227,-0.164285883307,-0.689230501652
-0.459545612335,0.0373365283012,0.853581547737,0.16561794281,-0.68639087677,-0.161712616682,-0.689410984516
-0.45912194252,0.0374301224947,0.853462517262,0.164808094501,-0.686744093895,-0.161060899496,-0.689405798912
-0.457714110613,0.0378264114261,0.853569984436,0.169109895825,-0.7017801404,-0.166978135705,-0.67158383131
-0.45732986927,0.0378528013825,0.853516221046,0.168774038553,-0.703250408173,-0.167608916759,-0.669971227646
-0.456957131624,0.0379989296198,0.853364288807,0.168406113982,-0.703992962837,-0.166964009404,-0.669444799423
-0.456597566605,0.0381515435874,0.853226900101,0.168044984341,-0.704137027264,-0.166119456291,-0.669594347477
-0.456237196922,0.0383003205061,0.853062987328,0.167789891362,-0.704166293144,-0.165428817272,-0.669798195362
-0.456451445818,0.038288295269,0.852421998978,0.167404845357,-0.698403179646,-0.164321199059,-0.676170945168
-0.456210672855,0.0382666476071,0.852208375931,0.166654109955,-0.685875117779,-0.16053584218,-0.689949333668
-0.455670297146,0.0385920107365,0.85179400444,0.166678696871,-0.685846209526,-0.157318025827,-0.690712928772
-0.45476359129,0.0390378944576,0.851805567741,0.167560711503,-0.68781119585,-0.156453430653,-0.688739001751
-0.454117298126,0.0392167568207,0.851666867733,0.166226550937,-0.689034998417,-0.15532001853,-0.688095450401
-0.453678160906,0.0395029745996,0.851396203041,0.165787249804,-0.688866078854,-0.154604166746,-0.688531577587
-0.453384935856,0.039615239948,0.851265490055,0.16715067625,-0.688134729862,-0.15433947742,-0.688992500305
-0.453184783459,0.0396868735552,0.850935101509,0.163415327668,-0.687960386276,-0.153107702732,-0.690336227417
-0.452654600143,0.0400267578661,0.850608706474,0.162835478783,-0.688266694546,-0.152287006378,-0.690349400043
-0.452215701342,0.0402450859547,0.850387692451,0.162584587932,-0.688221335411,-0.151634141803,-0.690597474575
-0.451910257339,0.0404267013073,0.850204765797,0.163201361895,-0.68742197752,-0.150896340609,-0.691409111023
-0.451496511698,0.0406910590827,0.849977016449,0.163077443838,-0.68732136488,-0.150624006987,-0.691597700119
-0.450975656509,0.0410952940583,0.849713981152,0.162886694074,-0.687627375126,-0.15028822422,-0.691411674023
-0.449987977743,0.0416361950338,0.849712431431,0.168114513159,-0.68835735321,-0.15124283731,-0.689222335815
-0.450625389814,0.0420173183084,0.84872341156,0.155876770616,-0.687237739563,-0.146422073245,-0.694238603115
-0.450231641531,0.0423491373658,0.848480939865,0.156141713262,-0.686940908432,-0.145888611674,-0.694585084915
-0.449718058109,0.0428008586168,0.848296523094,0.15447306633,-0.688026368618,-0.145040810108,-0.694061219692
-0.449383020401,0.0430527068675,0.848105847836,0.155345052481,-0.687263190746,-0.145607113838,-0.694504082203
-0.448881030083,0.0436409451067,0.848169982433,0.153415441513,-0.689390361309,-0.144806742668,-0.692990422249
-0.448136508465,0.0439043194056,0.847967028618,0.155246883631,-0.704776585102,-0.151079237461,-0.675546884537
-0.446902692318,0.044565949589,0.847991228104,0.166750118136,-0.690679550171,-0.150967374444,-0.687288165092
-0.446659058332,0.0448699109256,0.847760677338,0.167948648334,-0.68980294466,-0.150855332613,-0.687901139259
-0.447096645832,0.045496173203,0.846445202827,0.159166589379,-0.698441028595,-0.149364173412,-0.681569159031
-0.446759015322,0.0458025038242,0.846451640129,0.158736199141,-0.700536727905,-0.150406092405,-0.679285764694
-0.446564942598,0.0460811369121,0.846139371395,0.158575326204,-0.688634216785,-0.147776126862,-0.691953003407
-0.446165531874,0.046576987952,0.845719337463,0.159244015813,-0.687874734402,-0.144708991051,-0.693202197552
-0.446001768112,0.0469463095069,0.845364570618,0.160182356834,-0.686828494072,-0.144182637334,-0.694132268429
-0.445748507977,0.0473961234093,0.84499257803,0.159711942077,-0.687114298344,-0.14297132194,-0.69420838356
-0.445602655411,0.0479080118239,0.844640731812,0.159056812525,-0.687372744083,-0.140894591808,-0.694527506828
-0.445357888937,0.0483169555664,0.844266891479,0.159311935306,-0.687396645546,-0.140579670668,-0.694509088993
-0.444775462151,0.0488142259419,0.843752503395,0.159775018692,-0.688567399979,-0.141989275813,-0.692954599857
-0.444404989481,0.0493515878916,0.843410491943,0.158861204982,-0.689928174019,-0.141212999821,-0.691969096661
-0.443937659264,0.0498548708856,0.843223929405,0.158975765109,-0.704450547695,-0.146996825933,-0.675920248032
-0.44397521019,0.0501319468021,0.842905402184,0.160132005811,-0.704542994499,-0.146439790726,-0.675671815872
-0.444091826677,0.0504234395921,0.842449188232,0.159671038389,-0.689713180065,-0.138955280185,-0.692453980446
-0.44355982542,0.0510794296861,0.841687679291,0.161685824394,-0.689715743065,-0.140591531992,-0.691653013229
-0.443401306868,0.051456797868,0.841131746769,0.163197204471,-0.688769519329,-0.140932112932,-0.692171633244
-0.44315752387,0.0518628805876,0.84076154232,0.162260338664,-0.689833045006,-0.140446260571,-0.691431164742
-0.442566037178,0.0524698346853,0.840833544731,0.159252360463,-0.708454608917,-0.145532548428,-0.671975553036
-0.442590117455,0.0528958290815,0.840349018574,0.160628259182,-0.706430613995,-0.144790396094,-0.67393630743
-0.442619472742,0.0533331856132,0.83993524313,0.159854471684,-0.70508223772,-0.142930611968,-0.675926446915
-0.441904872656,0.0539324879646,0.839390695095,0.160213157535,-0.706736147404,-0.143712252378,-0.673945486546
-0.441670000553,0.05429276824,0.838777422905,0.161430880427,-0.693314015865,-0.138364240527,-0.688557207584
-0.44146373868,0.0546286776662,0.838252961636,0.163648575544,-0.692486584187,-0.138404175639,-0.68885833025
-0.441560387611,0.0550540089607,0.837691962719,0.165304541588,-0.690908312798,-0.138451129198,-0.690037429333
-0.441160947084,0.0555389449,0.837553143501,0.165187910199,-0.706699669361,-0.143199935555,-0.672891080379
-0.440807551146,0.0560283586383,0.837218165398,0.164931595325,-0.707505822182,-0.143284156919,-0.672088325024
-0.44053709507,0.0563419610262,0.836970925331,0.165500074625,-0.708506941795,-0.14362975955,-0.670819103718
-0.44017329812,0.0567575953901,0.83655834198,0.166043683887,-0.708590805531,-0.143759354949,-0.670568406582
-0.439855098724,0.0573614090681,0.835975348949,0.166094705462,-0.706330120564,-0.142443567514,-0.673216342926
-0.439488917589,0.0579511523247,0.835752367973,0.164547294378,-0.70753121376,-0.140710517764,-0.672699391842
-0.4393183887,0.0582436695695,0.835425257683,0.165287598968,-0.69552898407,-0.137921497226,-0.685490310192
-0.438806146383,0.0588301420212,0.835164666176,0.165072664618,-0.709674119949,-0.140159979463,-0.670424342155
-0.438889533281,0.0592687055469,0.834716439247,0.165956035256,-0.694135904312,-0.133291825652,-0.68765348196
-0.437989741564,0.0597286298871,0.834753811359,0.166472837329,-0.713014364243,-0.141125530005,-0.666319131851
-0.437593579292,0.0601695850492,0.834418594837,0.166729077697,-0.712263524532,-0.140920996666,-0.667100787163
-0.437347024679,0.0607051551342,0.834048986435,0.166016295552,-0.711565196514,-0.139279380441,-0.66836732626
-0.437384843826,0.0612516365945,0.833462119102,0.166108459234,-0.694799602032,-0.131885647774,-0.687217533588
-0.437086224556,0.0617054030299,0.833161234856,0.166219323874,-0.694413125515,-0.131410956383,-0.6876719594
-0.436421275139,0.0621929764748,0.832786917686,0.168022558093,-0.694542884827,-0.132776886225,-0.686839878559
-0.436272293329,0.0623482465744,0.83283495903,0.163806766272,-0.710247516632,-0.137163951993,-0.670747280121
-0.435322344303,0.0631801187992,0.832492887974,0.167816311121,-0.710209548473,-0.137904733419,-0.669643580914
-0.434905201197,0.0637108683586,0.832194209099,0.167495444417,-0.709153950214,-0.137529864907,-0.67091858387
-0.434513151646,0.0642064809799,0.831911087036,0.167825087905,-0.708904564381,-0.136943370104,-0.671219587326
-0.434482067823,0.0644246712327,0.831604123116,0.164837256074,-0.707944691181,-0.135576039553,-0.673247456551
-0.434291571379,0.0647865384817,0.830992698669,0.167183205485,-0.692783474922,-0.129911392927,-0.689364850521
-0.433622390032,0.0653595477343,0.831065177917,0.170448452234,-0.694167375565,-0.132084354758,-0.686755299568
-0.433009028435,0.065923511982,0.830746471882,0.171553954482,-0.693532109261,-0.129578620195,-0.687598645687
-0.432201951742,0.0664964169264,0.830539226532,0.169643193483,-0.695371985435,-0.130272969604,-0.686081588268
-0.431703478098,0.0669198036194,0.830349802971,0.170351803303,-0.695363640785,-0.130168050528,-0.68593454361
-0.431276917458,0.0674084499478,0.830062866211,0.170180529356,-0.694915115833,-0.129088640213,-0.686635136604
-0.430943071842,0.0677917152643,0.829587876797,0.171914935112,-0.693355441093,-0.129108130932,-0.687775015831
-0.430806457996,0.067939132452,0.829377174377,0.168834209442,-0.692756354809,-0.127933084965,-0.689359784126
-0.430439680815,0.0683409273624,0.829252839088,0.168700680137,-0.693424463272,-0.129107430577,-0.688501238823
-0.42989885807,0.0686338543892,0.829061508179,0.169370606542,-0.693513274193,-0.12966324389,-0.688142716885
-0.429020732641,0.0692142695189,0.828899145126,0.167020052671,-0.695142388344,-0.126494988799,-0.687663018703
-0.428429603577,0.0696704238653,0.82869040966,0.166857972741,-0.695793747902,-0.125242501497,-0.68727260828
-0.427897870541,0.0700733959675,0.828558087349,0.165860816836,-0.696619868279,-0.124638646841,-0.68678689003
-0.427359640598,0.070513471961,0.828402221203,0.164964035153,-0.697224795818,-0.123004421592,-0.686683833599
-0.426835328341,0.0708584189415,0.828163862228,0.165261030197,-0.697317004204,-0.122470259666,-0.686614155769
-0.426308810711,0.0711442753673,0.827889442444,0.166734084487,-0.696581423283,-0.122458927333,-0.687006533146
-0.425851732492,0.0713649243116,0.827535748482,0.168528929353,-0.695493400097,-0.122586622834,-0.687647819519
-0.425071686506,0.0718051046133,0.827487170696,0.167610421777,-0.710755467415,-0.12781471014,-0.671116054058
-0.424531012774,0.0721412152052,0.827304005623,0.167342320085,-0.710971534252,-0.126979321241,-0.671112775803
-0.423902630806,0.0724777877331,0.827195644379,0.168379515409,-0.711191892624,-0.126167491078,-0.670772790909
-0.423210173845,0.0726360231638,0.827076375484,0.167518824339,-0.698562383652,-0.120055198669,-0.685226142406
-0.422714859247,0.0730043798685,0.826877355576,0.167740449309,-0.698367655277,-0.118844144046,-0.685581445694
-0.421957075596,0.0736576467752,0.826594054699,0.167154341936,-0.710803091526,-0.122297585011,-0.672206580639
-0.421531707048,0.0736661553383,0.82649743557,0.167591318488,-0.698236048222,-0.117983721197,-0.685900390148
-0.420699566603,0.0740319117904,0.826439976692,0.166826918721,-0.712453067303,-0.123583346605,-0.670303404331
-0.420195788145,0.0743970051408,0.826303005219,0.167504549026,-0.712261497974,-0.122704014182,-0.670499503613
-0.419865548611,0.0745893865824,0.825990557671,0.168984875083,-0.69640982151,-0.116861306131,-0.687605261803
-0.418997526169,0.0748395249248,0.826391816139,0.166148856282,-0.713411450386,-0.121588364244,-0.669817149639
-0.417430788279,0.0750157833099,0.826147675514,0.169262751937,-0.70120871067,-0.12123131007,-0.681879460812
-0.41678866744,0.0753798112273,0.826191186905,0.169247850776,-0.714110434055,-0.127261921763,-0.667237579823
-0.416120052338,0.075890570879,0.825983405113,0.168216630816,-0.714922487736,-0.125947371125,-0.666878044605
-0.416327863932,0.0763917267323,0.825945734978,0.165369868279,-0.713756322861,-0.120024196804,-0.669924616814
-0.41601729393,0.0764215141535,0.825502753258,0.168125659227,-0.696096658707,-0.115058407187,-0.688436508179
-0.415267348289,0.0765744373202,0.825788557529,0.167466178536,-0.712962448597,-0.120871335268,-0.670097053051
-0.413772523403,0.0765734091401,0.825904786587,0.169788047671,-0.715176641941,-0.125826269388,-0.666229903698
-0.41328778863,0.077011525631,0.82539588213,0.169792070985,-0.698099076748,-0.118517003953,-0.685406506062
-0.41242069006,0.0774930417538,0.825399637222,0.169051244855,-0.714533925056,-0.124935597181,-0.667273759842
-0.412200570107,0.0774282068014,0.825308203697,0.170632749796,-0.696938872337,-0.118311412632,-0.686413228512
-0.411490261555,0.077889546752,0.825253605843,0.169627442956,-0.713793039322,-0.124734953046,-0.667957544327
-0.411116659641,0.0778815150261,0.825257182121,0.169223383069,-0.697130799294,-0.117120862007,-0.686771333218
-0.41140922904,0.0783870592713,0.825266003609,0.165956914425,-0.695781230927,-0.110362067819,-0.690048575401
-0.410693109035,0.0785766616464,0.825429081917,0.165732890368,-0.709799468517,-0.116771481931,-0.67459744215
-0.409721136093,0.0787568390369,0.825468182564,0.167829558253,-0.711151361465,-0.119309835136,-0.672206938267
-0.40902581811,0.0786710903049,0.825419187546,0.16861705482,-0.711486577988,-0.121621258557,-0.671240329742
-0.408572077751,0.0788359045982,0.825392782688,0.168288826942,-0.711724638939,-0.121470659971,-0.671097517014
-0.408172726631,0.0789357274771,0.825357139111,0.168678596616,-0.71144503355,-0.121609285474,-0.67127096653
-0.407811969519,0.0790392011404,0.825313925743,0.168865144253,-0.711053609848,-0.121640093625,-0.671633124352
-0.407397598028,0.0791999846697,0.825359523296,0.167871236801,-0.711798250675,-0.121027827263,-0.671203970909
-0.407242506742,0.0792489424348,0.825315475464,0.16898226738,-0.709277629852,-0.121371202171,-0.673527538776
-0.406890690327,0.079378284514,0.825308084488,0.169380813837,-0.70936101675,-0.121015444398,-0.673403501511
-0.40647649765,0.0795670375228,0.82521033287,0.168646320701,-0.710052013397,-0.120629280806,-0.67292869091
-0.406163305044,0.079615868628,0.825205862522,0.169419407845,-0.710083425045,-0.120793759823,-0.672671914101
-0.405925422907,0.0796814635396,0.825166344643,0.169568777084,-0.71005910635,-0.120700150728,-0.672676742077
-0.405740410089,0.0797452479601,0.825127363205,0.169673711061,-0.709966003895,-0.120433583856,-0.67279624939
-0.405570179224,0.0797922983766,0.825104236603,0.169746592641,-0.710147619247,-0.120134495199,-0.672639787197
-0.405549138784,0.079741127789,0.825147032738,0.170580208302,-0.709411084652,-0.120092451572,-0.673213303089
-0.405421376228,0.0797999277711,0.825115919113,0.170643657446,-0.709408640862,-0.119765721262,-0.673257887363
-0.405307114124,0.0797611624002,0.825025260448,0.171449914575,-0.708852052689,-0.119797542691,-0.673633694649
-0.405223041773,0.0798074826598,0.82502412796,0.17156496644,-0.708650171757,-0.119660079479,-0.673841118813
-0.405148684978,0.0798595771194,0.825039386749,0.171757981181,-0.708623170853,-0.119615130126,-0.673828363419
-0.405098259449,0.0799093842506,0.825060606003,0.171978056431,-0.708440303802,-0.119759768248,-0.673938930035
-0.405073314905,0.0799654275179,0.825111031532,0.172134935856,-0.708206653595,-0.119916632771,-0.674116492271
-0.404975324869,0.0801211744547,0.825090289116,0.171909630299,-0.708233952522,-0.119956515729,-0.674138247967
-0.405077844858,0.0800950154662,0.825231432915,0.172913044691,-0.707459568977,-0.120283395052,-0.674636125565
-0.405114710331,0.0801767110825,0.825310468674,0.173388049006,-0.707163691521,-0.120705261827,-0.674749076366
-0.405160695314,0.0802436619997,0.825406253338,0.173997670412,-0.706689238548,-0.121191389859,-0.675002098083
-0.405117213726,0.0804257914424,0.825431764126,0.173904269934,-0.706880629063,-0.12137567997,-0.674792766571
-0.405198276043,0.0803475603461,0.825675845146,0.175645217299,-0.706280231476,-0.122754283249,-0.674721062183
-0.40519669652,0.080541305244,0.825718522072,0.175362065434,-0.706521630287,-0.122840687633,-0.6745262146
-0.405389934778,0.0806448608637,0.825844049454,0.175777003169,-0.706120371819,-0.122974276543,-0.674814045429
-0.406426072121,0.0810019001365,0.826024949551,0.172805577517,-0.704326450825,-0.117273978889,-0.678461074829
-0.406615257263,0.0810510963202,0.826140165329,0.17308460176,-0.704024612904,-0.11807064712,-0.67856502533
-0.406755596399,0.0811984837055,0.826309680939,0.172443524003,-0.704634666443,-0.118260718882,-0.678061664104
-0.406998485327,0.0812679380178,0.826433539391,0.172683879733,-0.704311549664,-0.118600279093,-0.678276956081
-0.407252192497,0.081329844892,0.82655030489,0.172748237848,-0.704184770584,-0.119174838066,-0.678291499615
-0.40763130784,0.0814123228192,0.826864480972,0.172567814589,-0.704309880733,-0.119524233043,-0.678145945072
-0.407789856195,0.0816140845418,0.826895952225,0.171526923776,-0.705030858517,-0.119403071702,-0.677681982517
-0.408314466476,0.0817530229688,0.826867759228,0.172392085195,-0.704038918018,-0.119005993009,-0.678563058376
-0.408769875765,0.081826724112,0.826965928078,0.171558976173,-0.703999638557,-0.119101203978,-0.678798139095
