x,y,z,q0,q1,q2,q3
-0.528426468372,0.0380994230509,1.1027122736,-0.0408173538744,0.0536877289414,-0.590377151966,-0.80430495739
-0.528219044209,0.0379584804177,1.10288405418,-0.0413781329989,0.0534992441535,-0.589781880379,-0.804725408554
-0.528034448624,0.0379169732332,1.10295891762,-0.0422474443913,0.0532551333308,-0.589330136776,-0.805027365685
-0.527876257896,0.0377491787076,1.10301804543,-0.042747400701,0.0529800467193,-0.588990688324,-0.805267512798
-0.527691781521,0.0376226305962,1.10321092606,-0.0435666777194,0.0526961386204,-0.588634371758,-0.805502712727
-0.527553677559,0.0374156348407,1.10335564613,-0.043793424964,0.0523617379367,-0.588397502899,-0.805685281754
-0.527363479137,0.0372378900647,1.10348284245,-0.044259339571,0.0520839132369,-0.588120877743,-0.805879831314
-0.526416599751,0.0366886928678,1.10379087925,-0.0431381911039,0.0524077452719,-0.587968468666,-0.806030869484
-0.527057647705,0.0368822701275,1.10366940498,-0.0451126806438,0.0512344166636,-0.588039457798,-0.805946350098
-0.526071250439,0.03639158234,1.10394322872,-0.0440513491631,0.0519667565823,-0.587870717049,-0.806081235409
-0.526029109955,0.0360290706158,1.10402798653,-0.0442292094231,0.0513591617346,-0.588129401207,-0.805921792984
-0.526463091373,0.0361291989684,1.10395371914,-0.0455636642873,0.0501508936286,-0.58815819025,-0.805902481079
-0.525582075119,0.0355571433902,1.10424411297,-0.0442442968488,0.0509290136397,-0.587904751301,-0.806112110615
-0.525281786919,0.0352930687368,1.10434913635,-0.0441134013236,0.0511382371187,-0.587064862251,-0.806717932224
-0.525147736073,0.0350284092128,1.10438346863,-0.0441781580448,0.0506607592106,-0.587250292301,-0.80660957098
-0.525006890297,0.0347195081413,1.1043959856,-0.0441114343703,0.0505252331495,-0.586865961552,-0.806901395321
-0.525008916855,0.0343792960048,1.10432934761,-0.0443072356284,0.0499531142414,-0.586646854877,-0.807085514069
-0.524869918823,0.0340952761471,1.10427558422,-0.0441296473145,0.0493246093392,-0.586577177048,-0.807184636593
-0.524741947651,0.0338403247297,1.10414898396,-0.0442463420331,0.0491257607937,-0.586533546448,-0.8072219491
-0.524699032307,0.0333815999329,1.10408473015,-0.0440677665174,0.0484553053975,-0.587054669857,-0.806893467903
-0.524356067181,0.0330744944513,1.10397672653,-0.043631978333,0.0482729524374,-0.586589694023,-0.807266056538
-0.524886786938,0.0331169590354,1.1036002636,-0.044803801924,0.0469755642116,-0.586930036545,-0.807030975819
-0.524866104126,0.0326486229897,1.10343575478,-0.0444124341011,0.0463525354862,-0.586876809597,-0.807127475739
-0.52481174469,0.0322094336152,1.10326051712,-0.0442847982049,0.0456909872591,-0.587007343769,-0.807077288628
-0.524698495865,0.0317716188729,1.10306978226,-0.0435352288187,0.0449975207448,-0.587301671505,-0.806942820549
-0.523873627186,0.0308858938515,1.10303509235,-0.0414967909455,0.0449264198542,-0.587523639202,-0.806892573833
-0.524461090565,0.0309476517141,1.10251045227,-0.0430155023932,0.0433804392815,-0.5881986022,-0.80640566349
-0.523814380169,0.0299897640944,1.10247814655,-0.0410690307617,0.0430886596441,-0.589010715485,-0.805929839611
-0.52427905798,0.0299890078604,1.10210084915,-0.0417854301631,0.0420988947153,-0.589692115784,-0.805446982384
-0.523567318916,0.0289729908109,1.10200858116,-0.039503607899,0.0413296967745,-0.590413987637,-0.805073022842
-0.523540318012,0.0284414067864,1.10173237324,-0.0391137078404,0.0405822359025,-0.590852022171,-0.804808735847
-0.523694872856,0.0277611613274,1.10158777237,-0.0384110510349,0.0390481352806,-0.591957330704,-0.804105877876
-0.524375915527,0.0276741050184,1.10116350651,-0.0392846353352,0.0374338179827,-0.593221485615,-0.803208351135
-0.523830831051,0.0269163325429,1.1013532877,-0.037805005908,0.0376468747854,-0.593905329704,-0.802763938904
-0.523867070675,0.0264353528619,1.10092890263,-0.0371226109564,0.036204431206,-0.595023989677,-0.802033483982
-0.523976922035,0.0260265991092,1.1008169651,-0.0368175208569,0.0355901606381,-0.596523702145,-0.800960183144
-0.524102091789,0.0254066064954,1.10065078735,-0.036087308079,0.0342528857291,-0.597814798355,-0.800088822842
-0.524224102497,0.0248019322753,1.10060632229,-0.0352557562292,0.0332253240049,-0.599172234535,-0.799153208733
-0.524259746075,0.0245557166636,1.10052895546,-0.0348708629608,0.0327083580196,-0.601062715054,-0.797770500183
-0.524306118488,0.0239516533911,1.10061085224,-0.0340745672584,0.0321141779423,-0.602147400379,-0.797010719776
-0.524583280087,0.0237817950547,1.10033237934,-0.0341710522771,0.0301658250391,-0.605027794838,-0.794898569584
-0.523936331272,0.0231042280793,1.10052752495,-0.0325988680124,0.0310392603278,-0.606530308723,-0.793785154819
-0.524084031582,0.0226972028613,1.10035967827,-0.0321487821639,0.0297753103077,-0.608309149742,-0.792489588261
-0.524277567863,0.0223674699664,1.10033130646,-0.0320677943528,0.0281638801098,-0.610848486423,-0.790596246719
-0.524552285671,0.0221132226288,1.100299716,-0.0317637436092,0.0271373484284,-0.61303204298,-0.788952589035
-0.524693787098,0.0216893441975,1.10040211678,-0.0311000607908,0.0266162808985,-0.614819943905,-0.78760445118
-0.524817824364,0.021330088377,1.10031855106,-0.0308952070773,0.0251319650561,-0.617359697819,-0.785672307014
-0.524966776371,0.0208110660315,1.10034203529,-0.0301272049546,0.0243359617889,-0.61894005537,-0.784482777119
-0.525262653828,0.0206704474986,1.10050594807,-0.0304589793086,0.0231118761003,-0.622102022171,-0.782002151012
-0.525379300117,0.0202942043543,1.10045731068,-0.0298556443304,0.0217115916312,-0.624278008938,-0.780329525471
-0.525435626507,0.0203612037003,1.10061883926,-0.0301386471838,0.0217150524259,-0.627139985561,-0.778020381927
-0.525570809841,0.0199908688664,1.10064601898,-0.0296336766332,0.0206335876137,-0.629666745663,-0.77602571249
-0.525886416435,0.0196386575699,1.10062801838,-0.0290025155991,0.0195006746799,-0.631818652153,-0.774327993393
-0.526107430458,0.0190478116274,1.10060989857,-0.0281064342707,0.0178140960634,-0.63403326273,-0.772589504719
-0.526281476021,0.0188876613975,1.10067296028,-0.0279330890626,0.0169004481286,-0.636750936508,-0.770378172398
-0.526443839073,0.018569432199,1.10068571568,-0.0272896531969,0.0157025102526,-0.639663934708,-0.768009543419
-0.526599526405,0.0183169096708,1.10074019432,-0.0268940888345,0.0149999959394,-0.642808139324,-0.765408039093
-0.52668017149,0.0180451758206,1.10074532032,-0.0260928627104,0.0134529648349,-0.645669162273,-0.763052880764
-0.526668071747,0.0180462300777,1.10072481632,-0.0256173890084,0.0125816063955,-0.649171292782,-0.760106682777
-0.52688729763,0.0175912342966,1.10081017017,-0.0246192384511,0.0109609989449,-0.65232270956,-0.757462084293
-0.526960492134,0.0172930844128,1.10082638264,-0.023947743699,0.00981958489865,-0.655589640141,-0.754673719406
-0.527109563351,0.0171224102378,1.10088646412,-0.0232394710183,0.00847658980638,-0.659142434597,-0.751610994339
-0.528009235859,0.0172542408109,1.10098719597,-0.0236155577004,0.00668836385012,-0.66288459301,-0.748319208622
-0.528221130371,0.0170482397079,1.10098350048,-0.0230688750744,0.00542183453217,-0.666376948357,-0.745238304138
-0.528230786324,0.0168875642121,1.10100340843,-0.0221692174673,0.00411503808573,-0.669882416725,-0.742124676704
-0.528477728367,0.0167369730771,1.10104608536,-0.0215891599655,0.00253927265294,-0.673721253872,-0.73866558075
-0.528554618359,0.0165271013975,1.10105526447,-0.0206308923662,0.00155905773863,-0.677293658257,-0.735421895981
-0.528933167458,0.016389016062,1.10101675987,-0.0200267285109,-0.000118911593745,-0.680942833424,-0.732062518597
-0.528937637806,0.0163398347795,1.10104703903,-0.0190112981945,-0.00104239850771,-0.684616565704,-0.728654623032
-0.529160499573,0.0162613503635,1.10104548931,-0.0185391269624,-0.00293246959336,-0.688781380653,-0.724726080894
-0.52924233675,0.0162258595228,1.10098052025,-0.017726868391,-0.00387201528065,-0.692463874817,-0.721224367619
-0.529475688934,0.0161182545125,1.10103547573,-0.0169476289302,-0.00511270714924,-0.696076512337,-0.717749357224
-0.529651165009,0.016072973609,1.10114526749,-0.0162753406912,-0.00614097062498,-0.699790179729,-0.714136660099
-0.529819905758,0.0159916914999,1.10108006001,-0.0156017579138,-0.00794315431267,-0.703469991684,-0.710509479046
-0.529867053032,0.0160999670625,1.10107147694,0.0147795164958,0.00890860147774,0.707405269146,0.706597447395
-0.530075907707,0.0160435475409,1.10105717182,0.0139714479446,0.010125589557,0.710824847221,0.703157484531
-0.530288219452,0.016021296382,1.10105717182,0.0129006477073,0.0108204102144,0.713926970959,0.700017809868
-0.530615508556,0.0160382576287,1.10122573376,0.0122495489195,0.0120145799592,0.717380106449,0.696470677853
-0.530725538731,0.0162053853273,1.1011288166,0.0116183515638,0.0133710857481,0.721010565758,0.692697525024
-0.531104505062,0.0160952247679,1.10120797157,0.0106167783961,0.0141648817807,0.724370896816,0.689183235168
-0.531266152859,0.0165108591318,1.10120916367,0.0104613304138,0.0149338692427,0.727774322033,0.685574293137
-0.531375825405,0.0166716426611,1.10100877285,0.00929954275489,0.0164768248796,0.730615675449,0.682526826859
-0.531668245792,0.0167598053813,1.1012762785,0.00849656946957,0.0164797790349,0.733756780624,0.679159224033
-0.531815290451,0.0171226710081,1.10116744041,0.00833048857749,0.0177700929344,0.737455606461,0.675110340118
-0.532053768635,0.0172076188028,1.10129833221,0.00693516945466,0.018026933074,0.739745378494,0.672609686852
-0.53223079443,0.0173338130116,1.10145020485,0.00574738997966,0.0185718499124,0.742372691631,0.669705033302
-0.532429099083,0.017660394311,1.10145330429,0.00528606865555,0.0193227119744,0.745309770107,0.666417360306
-0.532482922077,0.0178366303444,1.10156941414,0.0039214794524,0.0199314821512,0.747701466084,0.663724243641
-0.532816231251,0.0180842764676,1.10157489777,0.0032103813719,0.0206404514611,0.750271499157,0.66079980135
-0.533039927483,0.0183256715536,1.10160398483,0.00236906204373,0.0212618485093,0.752721250057,0.657991528511
-0.533339262009,0.0186296440661,1.10165345669,0.00169108505361,0.0216500218958,0.755323767662,0.654991924763
-0.533581137657,0.0188043601811,1.10174548626,0.000823293114081,0.0225479248911,0.757360100746,0.652607500553
-0.533809185028,0.0192494429648,1.10174953938,0.00043759754044,0.0231333039701,0.759852647781,0.649683535099
-0.533875465393,0.0194819569588,1.10170078278,-0.000709372805431,0.0236299131066,0.761702477932,0.647495567799
-0.534230768681,0.019870672375,1.10170841217,-0.00114660244435,0.024298813194,0.763925731182,0.644845366478
-0.534520149231,0.0200518332422,1.10169565678,-0.00196611066349,0.0252246819437,0.765887498856,0.642476439476
-0.534904420376,0.0204081237316,1.10172736645,-0.0025108139962,0.0259196963161,0.767929196358,0.640005230904
-0.535204768181,0.0208581760526,1.10179388523,-0.00301884952933,0.0261729136109,0.770112276077,0.637364029884
-0.535278737545,0.0211522895843,1.10165691376,-0.00389011949301,0.0272713936865,0.771524608135,0.635602772236
-0.535547971725,0.0214920062572,1.10159683228,-0.00480820098892,0.0279143191874,0.77318406105,0.633548796177
-0.535911738873,0.0218007359654,1.10159683228,-0.00525604328141,0.0286029074341,0.77507352829,0.631201446056
-0.536105573177,0.0221781749278,1.10158491135,-0.00584885152057,0.0292735118419,0.776617109776,0.62926530838
-0.536399006844,0.0225947350264,1.10154414177,-0.00627357931808,0.0299254413694,0.778257846832,0.627199947834
-0.536674499512,0.023000093177,1.1015663147,-0.00676598539576,0.0304468553513,0.779875338078,0.625157415867
-0.537014365196,0.0233394149691,1.10156559944,-0.00722159026191,0.0313552170992,0.781582772732,0.62297129631
-0.53748691082,0.023708883673,1.10162973404,-0.00731012132019,0.032047457993,0.783169925213,0.620938360691
-0.537782490253,0.0241384394467,1.10158002377,-0.00739501276985,0.0331898704171,0.784716308117,0.61892169714
-0.538104295731,0.0244594812393,1.10171401501,-0.0080619091168,0.033878158778,0.786002159119,0.617242097855
-0.538489818573,0.0249325558543,1.10166752338,-0.00790932495147,0.0347834825516,0.78749704361,0.615285277367
-0.538763284683,0.0252248141915,1.10179269314,-0.00861439295113,0.0354134738445,0.788537621498,0.613905668259
-0.539182007313,0.025866817683,1.10166168213,-0.00772220408544,0.0366353914142,0.790493547916,0.61132478714
-0.539807677269,0.0259273592383,1.10173547268,-0.00979952514172,0.036411292851,0.791748166084,0.609682738781
-0.539923787117,0.0264225658029,1.10168159008,-0.0105442050844,0.0363770611584,0.792765676975,0.608348786831
-0.540171802044,0.0268193483353,1.10163784027,-0.0108748944476,0.0370023287833,0.793563067913,0.607264518738
-0.540676772594,0.0273378640413,1.10183811188,-0.0109546175227,0.0368688702583,0.795013964176,0.605370521545
-0.541096568108,0.0278712324798,1.10177659988,-0.0107969054952,0.03742152825,0.796331703663,0.603604733944
-0.541302919388,0.0282478164881,1.10188221931,-0.0114668961614,0.0374564751983,0.797188520432,0.602458178997
-0.541761040688,0.0285386294127,1.10194897652,-0.011689869687,0.0380076393485,0.798186063766,0.601096987724
-0.542173802853,0.0290186926723,1.10192847252,-0.0118606816977,0.0383796021342,0.799209177494,0.599709033966
-0.54240167141,0.0295602194965,1.10192012787,-0.0123272743076,0.0385878048837,0.800332903862,0.59818571806
-0.542836487293,0.0296619739383,1.10187363625,-0.0130564235151,0.0394725501537,0.800837159157,0.59743720293
-0.543144881725,0.0303969085217,1.1018794775,-0.0129096396267,0.0390533730388,0.802116453648,0.595749437809
-0.543105721474,0.0309342425317,1.10167336464,-0.0138626489788,0.0389829538763,0.802715718746,0.594924986362
-0.543650984764,0.0314332470298,1.10178315639,-0.0139055633917,0.0388125367463,0.803897202015,0.593337535858
-0.544004738331,0.0315965935588,1.10166430473,-0.0140502285212,0.0396935231984,0.804569780827,0.592363357544
-0.544678628445,0.0319977365434,1.10150706768,-0.0129047660157,0.0411846414208,0.805247604847,0.591366171837
-0.544586956501,0.0323713421822,1.10161066055,-0.0153211029246,0.0400932095945,0.805750250816,0.590698242188
-0.544883012772,0.0327694006264,1.1015150547,-0.0158379059285,0.0403151288629,0.806137919426,0.590140223503
-0.545585334301,0.0331059470773,1.10126364231,-0.0146780638024,0.0414620004594,0.806623756886,0.589426398277
-0.545279502869,0.033501110971,1.10142087936,-0.0161393880844,0.039965134114,0.806013047695,0.590326368809
-0.545611321926,0.0339637324214,1.1011288166,-0.0177649073303,0.0396347269416,0.806792736053,0.589236080647
-0.545955598354,0.0342868864536,1.1010825634,-0.0183057878166,0.0395495966077,0.80716240406,0.588718533516
-0.546520650387,0.0344707928598,1.10067665577,-0.0173727199435,0.0413943864405,0.807340979576,0.588375091553
-0.546770572662,0.034769628197,1.1005603075,-0.0180200412869,0.0411999560893,0.807386875153,0.588306188583
-0.54663091898,0.0351626090705,1.10081481934,-0.020124733448,0.0389363095164,0.807695329189,0.58796864748
-0.546890854836,0.0354201346636,1.10073101521,-0.0207108650357,0.0386840328574,0.807589113712,0.588110923767
-0.546950638294,0.0357499979436,1.10059320927,-0.0215604770929,0.0384143069386,0.807350039482,0.588426172733
-0.547318339348,0.0359986647964,1.10015237331,-0.0209245942533,0.0395182259381,0.80682849884,0.589091062546
-0.547513067722,0.0362398028374,1.1000919342,-0.0215132981539,0.0392779819667,0.806724846363,0.589227795601
-0.547326147556,0.0366810411215,1.10041189194,-0.0237229987979,0.0366435162723,0.806731522083,0.589303612709
-0.547787964344,0.0368407592177,1.10046601295,-0.0236028116196,0.0368453338742,0.80674546957,0.589276731014
-0.548108935356,0.0371279641986,1.10042834282,-0.0237864311785,0.0368012413383,0.806429684162,0.589704036713
-0.548494160175,0.0374178513885,1.10029065609,-0.0235355105251,0.0368858799338,0.806093811989,0.590167999268
-0.548784911633,0.0376101657748,1.10038113594,-0.0235467217863,0.0368422158062,0.805850684643,0.590502202511
-0.549008667469,0.0378937199712,1.10043096542,-0.0237700976431,0.0366513058543,0.805426120758,0.591084241867
-0.549300193787,0.0381895080209,1.10048413277,-0.023524325341,0.0362997353077,0.805308401585,0.591275990009
-0.549677729607,0.0384401232004,1.10055649281,-0.0233057681471,0.0361952520907,0.805137753487,0.591523349285
-0.550059854984,0.0387174189091,1.10063695908,-0.0230856183916,0.0360802412033,0.804959893227,0.591780900955
-0.550276935101,0.0390619523823,1.10069847107,-0.0230860635638,0.0358205474913,0.804617881775,0.592261791229
-0.550413012505,0.0393803864717,1.10066306591,-0.0232964791358,0.0355171673,0.80424541235,0.59277755022
-0.550808608532,0.0399158410728,1.10070180893,-0.0226184073836,0.0344698354602,0.804195463657,0.592933356762
-0.551001012325,0.040255241096,1.10077142715,-0.0226704720408,0.0337175168097,0.804054915905,0.593165099621
-0.551018595695,0.0406905710697,1.10078454018,-0.0230860766023,0.0327533856034,0.803586363792,0.593837738037
-0.55125451088,0.041068598628,1.10079038143,-0.0231066718698,0.0319784283638,0.803348183632,0.594201147556
-0.551512777805,0.0415767505765,1.10075557232,-0.0230000559241,0.0309770833701,0.80299025774,0.594742000103
-0.55199611187,0.041720315814,1.10050714016,-0.0218992754817,0.0325292237103,0.802457273006,0.595419645309
-0.551923811436,0.0422319732606,1.10072958469,-0.0233979318291,0.0297653116286,0.802221119404,0.595825433731
-0.552114784718,0.0425609648228,1.10065484047,-0.0234781261533,0.0289930757135,0.80168235302,0.59658485651
-0.552322685719,0.0429010540247,1.1005859375,-0.0237317197025,0.0282954070717,0.801123321056,0.597358763218
-0.552486360073,0.0431557074189,1.10052871704,-0.0239911098033,0.0277301371098,0.800500452518,0.598209440708
-0.552610039711,0.043709076941,1.10017442703,-0.0233197715133,0.0276428144425,0.80044734478,0.598311007023
-0.552683830261,0.0436788201332,1.10032331944,-0.0247493833303,0.0261477027088,0.799007475376,0.600242137909
-0.552722334862,0.0439183861017,1.10024499893,-0.0251573864371,0.0252911206335,0.798249661922,0.601269364357
-0.552708804607,0.0441647358239,1.10014760494,-0.0255482308567,0.0242526531219,0.797420322895,0.602395117283
-0.552810311317,0.0444976389408,1.10006225109,-0.0257596094161,0.0233727898449,0.796729028225,0.603334844112
-0.553212881088,0.0445891916752,1.09976637363,-0.024588689208,0.0246567726135,0.79592448473,0.604393541813
-0.553219914436,0.0449221879244,1.09968602657,-0.0247786212713,0.0237536039203,0.795168995857,0.605415761471
-0.553358614445,0.0452414751053,1.09962701797,-0.0247961375862,0.0229847915471,0.794367074966,0.606496214867
-0.55312526226,0.0457470044494,1.10013318062,-0.0247586145997,0.0200132541358,0.793314933777,0.607978463173
-0.553721368313,0.0458882674575,1.09969031811,-0.0244366694242,0.0210905726999,0.793333590031,0.607930779457
-0.55383336544,0.0461147129536,1.09966492653,-0.0244133509696,0.0200251340866,0.792454838753,0.609112799168
-0.553372144699,0.0465255044401,1.09992897511,-0.0249187927693,0.0180504061282,0.790672004223,0.611466228962
-0.553960263729,0.0466963350773,1.0995234251,-0.0244270395488,0.0189114399254,0.790580332279,0.611578643322
-0.553882062435,0.0471505448222,1.09955298901,-0.0245564971119,0.0176913496107,0.789757549763,0.612671852112
-0.553674399853,0.0475142225623,1.09979605675,-0.0246456451714,0.0154791912064,0.788204729557,0.614724636078
-0.554081261158,0.047801386565,1.09941101074,-0.024094723165,0.0161667577922,0.788253128529,0.614666640759
-0.554160833359,0.0483600497246,1.09917008877,-0.0232194978744,0.0156984496862,0.787993788719,0.61504483223
-0.553869187832,0.0483704134822,1.09962630272,-0.024555683136,0.0127624496818,0.785540282726,0.618191421032
-0.5539047122,0.0487003922462,1.09950828552,-0.0246126111597,0.0118465032429,0.784773647785,0.619180321693
-0.554246604443,0.0489383637905,1.09914660454,-0.0241750739515,0.0122765721753,0.784557759762,0.619462490082
-0.554251194,0.0492337755859,1.09905660152,-0.0240680910647,0.0112977903336,0.783737361431,0.620523035526
-0.554542243481,0.0496582612395,1.09881722927,-0.022609570995,0.0115281594917,0.784006536007,0.620233654976
-0.554150700569,0.0499422885478,1.09859824181,-0.023480374366,0.0102157276124,0.782762825489,0.621793210506
-0.554675579071,0.0497031919658,1.09873092175,-0.0231266226619,0.0106466272846,0.782151639462,0.622567713261
-0.554517805576,0.0497708916664,1.09883308411,-0.0242712218314,0.00889675505459,0.780743956566,0.624316215515
-0.554197311401,0.0499266050756,1.09899604321,-0.024332029745,0.00623782956973,0.7794495821,0.625961303711
-0.554032146931,0.0503079518676,1.09888458252,-0.0244127567858,0.00556608568877,0.779426217079,0.62599337101
-0.554004430771,0.0504055917263,1.09886074066,-0.0246700439602,0.00510906102136,0.778318583965,0.627364099026
-0.553936719894,0.0506075322628,1.09880697727,-0.0246300697327,0.00441276561469,0.777818262577,0.62799090147
-0.553925871849,0.0505993701518,1.09880805016,-0.0247234553099,0.00408102292567,0.777199685574,0.628754973412
-0.553842008114,0.0510911419988,1.09852647781,-0.0236778650433,0.00404637819156,0.777463138103,0.628469705582
-0.553531527519,0.0516595989466,1.09837567806,-0.0234588328749,0.002630087547,0.77738904953,0.628576934338
-0.553448677063,0.0513408407569,1.0984647274,-0.0246224477887,0.00218074279837,0.776062607765,0.630171358585
-0.553291141987,0.0515217110515,1.09843409061,-0.0245572291315,0.001466243295,0.775790631771,0.630510509014
-0.55311870575,0.0517119504511,1.09837639332,-0.0245876535773,0.000724982703105,0.775505781174,0.630861163139
-0.553014457226,0.0521279424429,1.09817814827,-0.0238211490214,0.000669480243232,0.775786042213,0.630545794964
-0.552651524544,0.0525947809219,1.09807920456,-0.0237274207175,-0.000612873409409,0.775771141052,0.630567789078
-0.552493453026,0.0525100044906,1.098274827,-0.0247058868408,-0.00185471063014,0.774946391582,0.631541252136
-0.552554965019,0.0524004735053,1.09830594063,-0.0247846301645,-0.00174795417115,0.774562060833,0.632009744644
-0.552374184132,0.0525380149484,1.09826767445,-0.0248870812356,-0.00229705986567,0.774444878101,0.632147550583
-0.552190184593,0.0526526048779,1.09820282459,-0.0249932929873,-0.00285698240623,0.774282991886,0.632339537144
-0.551815390587,0.0530297160149,1.09807026386,-0.0250314753503,-0.00401447061449,0.774430215359,0.632151246071
-0.551807641983,0.0530196391046,1.09805595875,-0.0251186136156,-0.00416854023933,0.77467161417,0.631850779057
-0.551706373692,0.0531259551644,1.09814810753,-0.0250234063715,-0.00494195241481,0.77470177412,0.631812095642
-0.551401019096,0.0532833263278,1.09802556038,-0.0252087116241,-0.00547154294327,0.774617195129,0.631904125214
-0.551102042198,0.0533854179084,1.09799230099,-0.0255970060825,-0.00597779033706,0.774476110935,0.632056891918
-0.550859451294,0.0534389652312,1.0979706049,-0.0259293504059,-0.00642613554373,0.774333000183,0.632214128971
-0.550894320011,0.0530883483589,1.09804975986,-0.0263359230012,-0.00589113356546,0.773954868317,0.632665455341
-0.550419270992,0.0533137097955,1.09798669815,-0.0267677977681,-0.00688947364688,0.773556947708,0.63312369585
-0.549847126007,0.0538799986243,1.09783959389,-0.0268439967185,-0.0083353864029,0.773788511753,0.632819950581
-0.549711287022,0.0538677349687,1.09781360626,-0.0269160922617,-0.00848823972046,0.774165987968,0.632353246212
-0.549729704857,0.0539693012834,1.09753417969,-0.0268850978464,-0.00733646610752,0.77478402853,0.631611526012
-0.548918426037,0.054326236248,1.09738063812,-0.0277222339064,-0.00854247622192,0.774030506611,0.632483303547
-0.549194872379,0.0542575828731,1.09748196602,-0.0270757451653,-0.00812156498432,0.774788022041,0.631588995457
-0.548461556435,0.0545797497034,1.09736573696,-0.0278177298605,-0.0091295670718,0.774032235146,0.632468819618
-0.548244774342,0.0546925701201,1.09736812115,-0.0278584007174,-0.0093155419454,0.774011969566,0.632489204407
-0.548019886017,0.0548440590501,1.0973662138,-0.0278698056936,-0.00958659313619,0.773992180824,0.632508814335
-0.547768235207,0.0549561418593,1.09738850594,-0.0279269628227,-0.00963948387653,0.774093866348,0.632381141186
-0.548083841801,0.0551460124552,1.09729886055,-0.0263101048768,-0.00858641602099,0.775517940521,0.630718648434
-0.546997785568,0.0554871894419,1.09740698338,-0.0272934325039,-0.0109823718667,0.774056375027,0.632432758808
-0.54679197073,0.0556070581079,1.09741652012,-0.0272484254092,-0.0111635038629,0.774118721485,0.63235527277
-0.546643614769,0.0556876957417,1.09742093086,-0.0271529164165,-0.0113019319251,0.774385511875,0.632030189037
-0.546436846256,0.0558025054634,1.09738004208,-0.0273474939167,-0.0112342061475,0.774254500866,0.632183372974
-0.54621642828,0.0558872893453,1.09734678268,-0.0273127425462,-0.0113282939419,0.774266183376,0.63216906786
-0.546032309532,0.0559724383056,1.09732508659,-0.0273610204458,-0.0114689627662,0.774271965027,0.63215726614
-0.545781373978,0.05607547611,1.09725189209,-0.0275531020015,-0.011584979482,0.77425378561,0.632169127464
-0.545560002327,0.0561381801963,1.09720420837,-0.0276050139219,-0.0117022143677,0.774261176586,0.632155537605
-0.54527848959,0.0562255121768,1.09714090824,-0.0279602278024,-0.0118017233908,0.774162948132,0.632258594036
-0.545020103455,0.0559882745147,1.09728956223,-0.0289637930691,-0.0125438868999,0.773479640484,0.63303476572
-0.544741690159,0.056073397398,1.09722232819,-0.029317272827,-0.0126591734588,0.773481428623,0.633013963699
-0.54444527626,0.0561190918088,1.09712994099,-0.0296581424773,-0.0127134667709,0.773514807224,0.632956326008
-0.544203042984,0.0561573691666,1.09705293179,-0.0299452003092,-0.0127781443298,0.77349114418,0.632970452309
-0.543987452984,0.0561625510454,1.09696257114,-0.0302391629666,-0.0127167962492,0.773450314999,0.633007526398
-0.54374808073,0.0561957582831,1.09689807892,-0.0305441506207,-0.0127166286111,0.773453116417,0.63298946619
-0.54352581501,0.0562610775232,1.09685027599,-0.0307879354805,-0.0127132097259,0.77346175909,0.632967114449
-0.543296098709,0.056296043098,1.09679484367,-0.0310357064009,-0.0127665493637,0.773463487625,0.632951915264
-0.543066084385,0.0563749223948,1.09672749043,-0.0312318746001,-0.012887345627,0.77350217104,0.632892489433
-0.542855858803,0.0564689077437,1.09665703773,-0.0313433632255,-0.0129280984402,0.773599088192,0.632767617702
-0.542641699314,0.0565102249384,1.0966193676,-0.0315266661346,-0.0129885217175,0.773656904697,0.6326867342
-0.542301297188,0.0566037632525,1.09660875797,-0.0318676568568,-0.0132010672241,0.773654639721,0.632667958736
-0.542056560516,0.0567039623857,1.09661650658,-0.0320524312556,-0.0133566269651,0.773765683174,0.632519602776
-0.541819453239,0.0568267516792,1.09663951397,-0.0322687886655,-0.0134892370552,0.773900806904,0.632340431213
-0.541634202003,0.0568506792188,1.09671092033,-0.0324330478907,-0.013444985263,0.773970901966,0.632247030735
-0.541366636753,0.0569496527314,1.09676921368,-0.0325536243618,-0.0136105054989,0.774036705494,0.632156848907
-0.541208267212,0.0572469010949,1.09665799141,-0.0319022871554,-0.0129326302558,0.774768829346,0.631306767464
-0.540980100632,0.0573238655925,1.09670209885,-0.032011885196,-0.0130395144224,0.774844110012,0.63120663166
-0.540905594826,0.0573020465672,1.096758008,-0.0316650085151,-0.0133325429633,0.774969041348,0.631064713001
-0.540696322918,0.0574744530022,1.09684288502,-0.0318729579449,-0.0129337375984,0.775033950806,0.630982816219
-0.540489494801,0.0575701668859,1.09690260887,-0.0320539399981,-0.0132687855512,0.774876594543,0.63115978241
-0.540215134621,0.0576418191195,1.09693932533,-0.0320999361575,-0.0134077193215,0.774853587151,0.631182789803
-0.5400172472,0.0576914846897,1.09698998928,-0.0318968035281,-0.0134794553742,0.774889171124,0.63114798069
-0.539795696735,0.0577698424459,1.09703040123,-0.0317327156663,-0.0134017998353,0.775115787983,0.63087952137
-0.539614737034,0.0578433200717,1.09709644318,-0.0318311825395,-0.013458375819,0.775151431561,0.630829572678
-0.539436817169,0.0578502044082,1.09714186192,-0.0319175086915,-0.0135102691129,0.775160610676,0.630812942982
-0.539273142815,0.057845890522,1.097189188,-0.0320382714272,-0.0134819820523,0.775131821632,0.630842745304
-0.539099812508,0.0578712150455,1.09719717503,-0.0321399979293,-0.0136580448598,0.77517914772,0.630775570869
-0.538915872574,0.0578688718379,1.09721958637,-0.0323281809688,-0.0137529494241,0.775183916092,0.630758106709
-0.538750290871,0.0578726828098,1.09721660614,-0.0324839539826,-0.0138372574002,0.775189220905,0.630741477013
-0.538559138775,0.0578612238169,1.09718775749,-0.0325948186219,-0.0139696346596,0.775168597698,0.630758225918
-0.538396000862,0.0578247755766,1.09715151787,-0.0327891372144,-0.014026186429,0.775184690952,0.630727231503
-0.538260400295,0.0578006803989,1.09710609913,-0.0329176001251,-0.0141169736162,0.775199472904,0.630700349808
-0.538141846657,0.0577867999673,1.09705865383,-0.0331068523228,-0.0141473598778,0.775203824043,0.630684375763
-0.537969827652,0.0577380768955,1.09700942039,-0.0332847423851,-0.014395753853,0.775300323963,0.630550801754
-0.537778198719,0.0576593801379,1.09694266319,-0.0336419790983,-0.0143495481461,0.775180220604,0.630680501461
-0.537626445293,0.0576121583581,1.09690201283,-0.0338245593011,-0.0144788669422,0.775165200233,0.630686283112
-0.537473618984,0.0575456246734,1.09687316418,-0.0340734496713,-0.0146133340895,0.775111138821,0.630736231804
-0.537317156792,0.0574536323547,1.09683692455,-0.0343770496547,-0.0146725708619,0.775037109852,0.630809366703
-0.537122189999,0.0571692846715,1.09697937965,-0.0352215990424,-0.0154180498794,0.774383842945,0.631546735764
-0.536974549294,0.0571135468781,1.09694552422,-0.0355774834752,-0.0155987953767,0.774262011051,0.631671667099
-0.537123143673,0.0569641441107,1.09667503834,-0.0357603654265,-0.0145689994097,0.774686694145,0.631165266037
-0.53662109375,0.0569308437407,1.09697496891,-0.0363841950893,-0.0163039956242,0.773687660694,0.632311403751
-0.536806821823,0.0570896416903,1.09646487236,-0.0354253873229,-0.0144362580031,0.774892866611,0.630934000015
-0.536639750004,0.0570667535067,1.09644651413,-0.0355993509293,-0.0147965149954,0.774666726589,0.631193339825
-0.536463618279,0.0570292621851,1.09644937515,-0.0357898809016,-0.0151300020516,0.774341702461,0.631573438644
-0.535981953144,0.057027310133,1.09676849842,-0.0362037792802,-0.0169855989516,0.773350119591,0.632716476917
-0.535860419273,0.0569720193744,1.09676742554,-0.0363952293992,-0.0173311419785,0.773066818714,0.633042395115
-0.535692870617,0.0566527098417,1.0970082283,-0.0375779569149,-0.0184041000903,0.772066354752,0.634163081646
-0.535545885563,0.0566136315465,1.09697592258,-0.0377564057708,-0.0188824217767,0.771849811077,0.634401917458
-0.535408496857,0.0565628409386,1.09695482254,-0.037940941751,-0.0192130226642,0.771527707577,0.634772598743
-0.535320341587,0.0565192885697,1.09693384171,-0.0380858704448,-0.0195147339255,0.77120500803,0.635146856308
-0.535196185112,0.056446954608,1.09691345692,-0.0383508391678,-0.0198488738388,0.770853042603,0.635547637939
-0.535305142403,0.0562929995358,1.0969158411,-0.0381716564298,-0.0198686122894,0.770871937275,0.635535001755
-0.535193920135,0.0563098937273,1.09684741497,-0.0383971817791,-0.0203233510256,0.770489931107,0.635970056057
-0.535172224045,0.0565481483936,1.09656739235,-0.0376085266471,-0.0199909992516,0.77073174715,0.635734677315
-0.535013258457,0.0563326254487,1.09666216373,-0.0384860113263,-0.0210521835834,0.769690096378,0.636908829212
-0.535299420357,0.0563967302442,1.09654474258,-0.0374778807163,-0.0205064490438,0.770185530186,0.63638740778
-0.535211384296,0.0561080500484,1.09666109085,-0.0384354628623,-0.0213879179209,0.769128382206,0.637578785419
-0.535087704659,0.0560437962413,1.09663391113,-0.0386735163629,-0.0218375939876,0.76860255003,0.638183116913
-0.535029470921,0.0559086427093,1.0966719389,-0.0390749648213,-0.0224905479699,0.768052101135,0.638798177242
-0.534982442856,0.0558569282293,1.09661567211,-0.0392292402685,-0.022821309045,0.767591953278,0.639329969883
-0.534812986851,0.0558079481125,1.09658551216,-0.039563126862,-0.0232015568763,0.766949355602,0.640066385269
-0.534820199013,0.0557712577283,1.09656226635,-0.0399222373962,-0.0236480906606,0.766503870487,0.64056122303
-0.534685969353,0.0556440278888,1.09650754929,-0.0398687049747,-0.02381388098,0.765767037868,0.641439199448
-0.534602880478,0.0555863417685,1.09647893906,-0.0400296859443,-0.0241743884981,0.765180706978,0.642115116119
-0.534568428993,0.0555118992925,1.09646010399,-0.0400028601289,-0.024486143142,0.764641523361,0.642746806145
-0.534577906132,0.0557535365224,1.09623837471,-0.0390246808529,-0.0242387056351,0.764798641205,0.642629384995
-0.534021556377,0.0558947846293,1.09619855881,-0.0397361963987,-0.0256983693689,0.763570845127,0.64398765564
-0.53388273716,0.0558921545744,1.09625017643,-0.0401182323694,-0.0263268593699,0.762643396854,0.645036756992
-0.533760070801,0.0554501898587,1.09642732143,-0.0412871539593,-0.026817953214,0.761281847954,0.646549403667
-0.533670961857,0.0554061755538,1.09648323059,-0.0413337014616,-0.0273465290666,0.760688662529,0.647222101688
-0.534229516983,0.0552435852587,1.09678411484,-0.0404449254274,-0.0273447949439,0.761124551296,0.646765708923
-0.533997178078,0.055373929441,1.09685730934,-0.0405959114432,-0.028347145766,0.760083198547,0.647936820984
-0.533964693546,0.0553395450115,1.09701883793,-0.0407590940595,-0.0288990605623,0.759384989738,0.648720383644
-0.53391700983,0.0553013384342,1.09710001945,-0.0407985933125,-0.029456557706,0.7586389184,0.64956510067
-0.533804059029,0.055319070816,1.09716558456,-0.0407974310219,-0.0302719380707,0.757889091969,0.650402486324
-0.533808231354,0.0552768260241,1.09726250172,-0.0407672412694,-0.0308214314282,0.757138371468,0.65125232935
-0.534141182899,0.055122345686,1.09717750549,-0.0398920178413,-0.0298035740852,0.756776213646,0.651774525642
-0.533919036388,0.0553625561297,1.09719491005,-0.039672639221,-0.0312347728759,0.75645595789,0.652092695236
-0.534120321274,0.0550138279796,1.09736323357,-0.039996329695,-0.0313750915229,0.755254209042,0.653457641602
-0.533851623535,0.0549681372941,1.09755814075,-0.0406817048788,-0.0333066917956,0.75419485569,0.654542386532
-0.533689558506,0.055047981441,1.09756708145,-0.0408396273851,-0.0343548282981,0.75306391716,0.655779361725
-0.533883690834,0.0550511069596,1.09744298458,-0.0401705093682,-0.0341192409396,0.752651870251,0.656305849552
-0.534004807472,0.0548706278205,1.09750938416,-0.0401254184544,-0.0346030518413,0.752152740955,0.656855285168
-0.53419148922,0.0547386258841,1.09759521484,-0.040110770613,-0.0351688414812,0.751492857933,0.657581031322
-0.53417801857,0.0546373054385,1.09760320187,-0.0401069484651,-0.0359621196985,0.750918984413,0.658193647861
-0.534207522869,0.0545438677073,1.0975959301,-0.0402787774801,-0.0366907529533,0.750410854816,0.658722281456
-0.534373342991,0.0540152266622,1.0977537632,-0.0409057885408,-0.0374859683216,0.749468684196,0.65971070528
-0.5343785882,0.0540514960885,1.09769833088,-0.0408280976117,-0.0384356193244,0.748926281929,0.660276532173
-0.534647285938,0.0537604242563,1.09768629074,-0.0408305004239,-0.0386572256684,0.748443007469,0.660811364651
-0.534627079964,0.054109107703,1.09744405746,-0.0400585308671,-0.039345998317,0.748559653759,0.660685837269
-0.534832537174,0.0538412630558,1.09740948677,-0.0399352796376,-0.0394223406911,0.748350322247,0.660925686359
-0.534903228283,0.0538700073957,1.09733843803,-0.0398028381169,-0.0402997918427,0.747948944569,0.66133505106
-0.53355050087,0.05343548581,1.09746730328,-0.0422234497964,-0.0426022596657,0.746684849262,0.662468254566
-0.533732116222,0.0529004782438,1.09765267372,-0.0429940745234,-0.0434553213418,0.745718181133,0.663451135159
-0.533890545368,0.0527573898435,1.09757781029,-0.0429651103914,-0.0441165938973,0.745386302471,0.663782298565
-0.533987164497,0.0527374967933,1.09746003151,-0.0427267253399,-0.0450345724821,0.74472874403,0.664473772049
-0.534311890602,0.0526867620647,1.09737658501,-0.0425235629082,-0.0452772453427,0.744461297989,0.664769887924
-0.534397661686,0.0525214150548,1.09713172913,-0.0426256135106,-0.0456878244877,0.743721663952,0.665562689304
-0.534725606441,0.0525554530323,1.09716510773,-0.0420662015676,-0.046539850533,0.743481934071,0.665807187557
-0.534919202328,0.05266090855,1.09695911407,-0.0415448285639,-0.0468795932829,0.743241667747,0.666084170341
-0.535267293453,0.0522780455649,1.09711587429,-0.0419500805438,-0.0476684123278,0.742198526859,0.667165160179
-0.535519480705,0.0521564483643,1.09702122211,-0.0418376065791,-0.0482717826962,0.741529285908,0.667872607708
-0.535768270493,0.0523120239377,1.09676861763,-0.0408744588494,-0.0484494306147,0.741352617741,0.668115437031
-0.536012291908,0.0523626543581,1.09666800499,-0.0405535176396,-0.0489081703126,0.740773260593,0.668743789196
-0.536359071732,0.0523297972977,1.09663546085,-0.0404696650803,-0.0496785864234,0.739769935608,0.669801950455
-0.536718904972,0.0523744374514,1.09658420086,-0.0399015247822,-0.0501019619405,0.739065408707,0.670581936836
-0.537048101425,0.0518834702671,1.0968644619,-0.0406979136169,-0.0509246625006,0.737696647644,0.671977639198
-0.537356317043,0.0519076474011,1.09687280655,-0.0403825379908,-0.0514629222453,0.736718118191,0.673028409481
-0.537628173828,0.0518732555211,1.09688973427,-0.0402689836919,-0.0520406365395,0.735733985901,0.674066483974
-0.537898182869,0.0523893199861,1.09668076038,-0.0391038432717,-0.0525108836591,0.735215604305,0.674663960934
-0.538174211979,0.0524631515145,1.09667229652,-0.0388134308159,-0.0530739724636,0.734148085117,0.675798296928
-0.538400709629,0.0524648837745,1.09658920765,-0.0387163087726,-0.0532700829208,0.732813298702,0.677235782146
-0.538687944412,0.0527134425938,1.09664416313,-0.038061324507,-0.0535791963339,0.73191845417,0.678215146065
-0.53907430172,0.0529047884047,1.09686291218,-0.0374551229179,-0.0546959862113,0.730793356895,0.679372251034
-0.539547324181,0.052511010319,1.09711039066,-0.0379541106522,-0.0549815632403,0.728731930256,0.681532263756
-0.53950792551,0.0532037466764,1.09691429138,-0.0368448533118,-0.0557488240302,0.728218436241,0.682079315186
-0.539670169353,0.0531912483275,1.09684216976,-0.0369115136564,-0.0557455010712,0.72650885582,0.683896958828
-0.539957523346,0.0532965436578,1.09684336185,-0.036494102329,-0.0559452697635,0.72503310442,0.685467243195
-0.540132403374,0.0537237972021,1.09697198868,-0.0356987155974,-0.0572515465319,0.723491191864,0.687028586864
-0.540413737297,0.0539524070919,1.09698390961,-0.0352071002126,-0.0576356388628,0.721970915794,0.688619434834
-0.540811300278,0.0541860982776,1.09697663784,-0.0343699045479,-0.0579386502504,0.720604300499,0.690066218376
-0.541029989719,0.0538003928959,1.09727108479,-0.0347818098962,-0.0584181919694,0.718413352966,0.692285895348
-0.541375637054,0.0542277954519,1.09713888168,-0.0336262136698,-0.0584983229637,0.717305004597,0.693484544754
-0.54199463129,0.0542002655566,1.09717392921,-0.0330163389444,-0.0581942424178,0.7154250741,0.695478498936
-0.542012691498,0.054570607841,1.09709668159,-0.032323718071,-0.0587329864502,0.714182913303,0.696741342545
-0.54234880209,0.0546705722809,1.09719181061,-0.0321174710989,-0.0591338127851,0.712326228619,0.698615252972
-0.542556703091,0.0547740198672,1.09713292122,-0.0316840559244,-0.0594286471605,0.710552036762,0.700414299965
-0.543066263199,0.0542464889586,1.09722578526,-0.0320602208376,-0.0589277930558,0.707859814167,0.70316016674
-0.543241322041,0.0547572635114,1.09733855724,-0.0311626475304,-0.0600070171058,0.706686139107,0.704288959503
-0.543574690819,0.0548205934465,1.09705126286,0.0301590487361,0.059122055769,-0.705287337303,-0.705807864666
-0.543744325638,0.0549528375268,1.09704887867,0.0297154467553,0.0594989545643,-0.703679740429,-0.707397699356
-0.544014930725,0.0549854487181,1.09701991081,0.0292238499969,0.0596446730196,-0.702058017254,-0.709015667439
-0.543968379498,0.0552729517221,1.09702134132,0.0287378970534,0.0604601129889,-0.700860798359,-0.710149824619
-0.544178664684,0.055378511548,1.09702014923,0.0281180925667,0.0607100501657,-0.699356019497,-0.711635410786
-0.54438829422,0.0554228648543,1.09702003002,0.0276271738112,0.0609400570393,-0.697863399982,-0.71309864521
-0.544489204884,0.0555699802935,1.09699869156,0.0271434374154,0.0613873749971,-0.696273684502,-0.714631319046
-0.544908881187,0.0554471500218,1.09706842899,0.0264787916094,0.061329241842,-0.694525718689,-0.716360151768
-0.544823408127,0.0558088198304,1.09709572792,0.0258092917502,0.0621817819774,-0.69349104166,-0.71731287241
-0.54488068819,0.0558494515717,1.09724199772,0.0255934875458,0.0629995465279,-0.691614091396,-0.719058871269
-0.544952690601,0.0559923648834,1.09731638432,0.0249993540347,0.0635910779238,-0.690425634384,-0.720169126987
-0.545034587383,0.0560398921371,1.09739351273,0.0243995133787,0.0637781471014,-0.689287662506,-0.721262395382
-0.544984579086,0.0562172606587,1.09733319283,0.0238461587578,0.064195163548,-0.68783646822,-0.722627878189
-0.545026600361,0.056342177093,1.09745037556,0.0232227500528,0.0647972151637,-0.686688125134,-0.723685920238
-0.545139014721,0.0565832927823,1.09749591351,0.0222990419716,0.065405793488,-0.685878455639,-0.724427700043
-0.545292198658,0.0561458133161,1.09756088257,0.0223760865629,0.0652276128531,-0.684289515018,-0.725942373276
-0.545393764973,0.0563118159771,1.09780466557,0.0215243641287,0.0662854388356,-0.683863162994,-0.726274073124
-0.545251131058,0.0562448054552,1.09781336784,0.021463861689,0.0665181577206,-0.682796001434,-0.727258086205
-0.545110166073,0.0562490150332,1.09793639183,0.021408719942,0.0677917674184,-0.681690514088,-0.728178441525
-0.545162677765,0.0563380271196,1.0981502533,0.0208272226155,0.0687569752336,-0.681329846382,-0.728442370892
-0.545208990574,0.0564086586237,1.09829759598,0.0205514766276,0.0697032436728,-0.680796325207,-0.728858947754
-0.54482883215,0.0563127435744,1.09846806526,0.0208040289581,0.0700586587191,-0.680283486843,-0.729296326637
-0.545366942883,0.0562276318669,1.09871244431,0.0201948061585,0.0710141509771,-0.680623412132,-0.72890406847
-0.54515260458,0.056093364954,1.0986789465,0.0199891868979,0.0709155574441,-0.679601073265,-0.729872524738
-0.54512912035,0.0564904361963,1.09890270233,0.0195389483124,0.0727743282914,-0.680637061596,-0.72873544693
-0.545131981373,0.0568766370416,1.09876644611,0.0184646248817,0.0732217878103,-0.681302189827,-0.728096663952
-0.545218765736,0.0568294376135,1.09879672527,0.0181509815156,0.0736828446388,-0.681617796421,-0.727762579918
-0.545300602913,0.0566713437438,1.09881901741,0.0181955359876,0.0744337439537,-0.681840658188,-0.727476418018
-0.545419871807,0.0564703345299,1.0987547636,0.0181373152882,0.0745470374823,-0.68244433403,-0.726899921894
-0.545572280884,0.0562490820885,1.09864115715,0.0181098841131,0.0745524093509,-0.683072030544,-0.726310193539
-0.545463860035,0.0558516904712,1.09836900234,0.0184564646333,0.0735798850656,-0.682886302471,-0.726575195789
-0.545868873596,0.0558437071741,1.09825325012,0.0183022357523,0.0741865187883,-0.684518098831,-0.7249802351
-0.545776724815,0.055428661406,1.09799218178,0.0186465997249,0.0731234848499,-0.684383153915,-0.725206792355
-0.545956552029,0.055196583271,1.0978397131,0.0187804754823,0.0726396664977,-0.685281515121,-0.724403262138
-0.546123027802,0.0549757108092,1.09763991833,0.0188370831311,0.0715782269835,-0.686127603054,-0.723706185818
-0.546290159225,0.0547736734152,1.09752118587,0.0189709309489,0.0712551623583,-0.686833679676,-0.723064541817
-0.546522796154,0.0544672124088,1.0974265337,0.0186747405678,0.0713665112853,-0.687440037727,-0.722484648228
-0.546653330326,0.0543440654874,1.09735691547,0.0189746171236,0.0707069784403,-0.68795722723,-0.722049415112
-0.547154307365,0.0539070591331,1.09729290009,0.0187954623252,0.0700186043978,-0.688281357288,-0.721812307835
-0.547110021114,0.0539162494242,1.09724080563,0.0187955461442,0.0701701492071,-0.688756167889,-0.721344590187
-0.547287106514,0.0536646917462,1.09717988968,0.0186934862286,0.0698891952634,-0.688898563385,-0.72123837471
-0.547507464886,0.0534238889813,1.09712636471,0.0183833297342,0.0694805979729,-0.689054012299,-0.721137344837
-0.547678470612,0.0531968809664,1.09707427025,0.0181987863034,0.0691091418266,-0.689037680626,-0.721193313599
-0.547864258289,0.0528947487473,1.09707725048,0.0183089021593,0.0689821764827,-0.688691973686,-0.721532762051
-0.548452556133,0.0528222061694,1.09687161446,0.0172990616411,0.0679658204317,-0.688830375671,-0.721522092819
-0.548703610897,0.0522536449134,1.09688162804,0.0173045005649,0.066638417542,-0.688538312912,-0.721924543381
-0.548711836338,0.0522021017969,1.0968375206,0.0170182604343,0.0664346814156,-0.688641369343,-0.721851706505
-0.549031376839,0.0519641302526,1.09677684307,0.0165880415589,0.0656095966697,-0.688491106033,-0.722080409527
-0.549285292625,0.0516927391291,1.09675526619,0.0162764713168,0.0652281045914,-0.688069522381,-0.722523927689
-0.550016343594,0.0514342002571,1.09676802158,0.0156486928463,0.064736880362,-0.68857395649,-0.722101271152
-0.550058066845,0.0514984615147,1.09669947624,0.0149931563064,0.0645271390676,-0.688784182072,-0.721933364868
-0.550354778767,0.0514044128358,1.09658551216,0.0142791774124,0.063288398087,-0.688924014568,-0.721924185753
-0.550569355488,0.0512104444206,1.09653961658,0.0138913150877,0.0625490322709,-0.688759744167,-0.722152769566
-0.551036715508,0.0507947057486,1.09648108482,0.0136042125523,0.0613290332258,-0.688374876976,-0.722629845142
-0.550972104073,0.0508531294763,1.09644150734,0.0129049001262,0.0610414333642,-0.68835157156,-0.722689092159
-0.551213800907,0.0506507754326,1.09638762474,0.0123967016116,0.0602636225522,-0.688393056393,-0.722723722458
-0.551428258419,0.050509005785,1.09634709358,0.0119458492845,0.0596071891487,-0.688483715057,-0.722699403763
-0.551644742489,0.0503712818027,1.09631109238,0.0115004591644,0.0589488111436,-0.688560307026,-0.722687661648
-0.551860630512,0.0502165518701,1.09626722336,0.0110879754648,0.0582450330257,-0.688565373421,-0.722746372223
-0.552029490471,0.0500975437462,1.09621906281,0.0108086392283,0.0575886294246,-0.688575446606,-0.722793638706
-0.552200436592,0.0499366670847,1.09619569778,0.0103895235807,0.0569254159927,-0.688643813133,-0.722787201405
-0.552371501923,0.0498362965882,1.09619736671,0.0100588686764,0.0563510991633,-0.688730180264,-0.722754478455
-0.552594482899,0.0497250892222,1.09623992443,0.00958184339106,0.0557010285556,-0.688883244991,-0.722665607929
-0.552708923817,0.0496430397034,1.09622490406,0.00904521904886,0.0550209507346,-0.689165055752,-0.722455859184
-0.552811443806,0.0495381914079,1.09623456001,0.00874524563551,0.0543673932552,-0.689315319061,-0.722365677357
-0.552972018719,0.0493831858039,1.09628355503,0.00853971764445,0.0537807121873,-0.689318299294,-0.722409248352
-0.553049623966,0.0492842830718,1.0963088274,0.00816701725125,0.053189098835,-0.689514040947,-0.722270607948
-0.55317145586,0.0490686111152,1.09633266926,0.00753236934543,0.0529526248574,-0.689699470997,-0.722117722034
-0.553253531456,0.0490312762558,1.09642660618,0.0073360609822,0.0518008135259,-0.69001096487,-0.721905589104
-0.553297400475,0.0487673915923,1.09646761417,0.00695184199139,0.0519963018596,-0.689893364906,-0.722007751465
-0.553310036659,0.0486343018711,1.09649074078,0.00667576817796,0.051374103874,-0.690251529217,-0.72171241045
-0.55331915617,0.0485901683569,1.09655857086,0.00664143590257,0.0501569584012,-0.690556108952,-0.721506893635
-0.553417265415,0.0484685786068,1.09658205509,0.00601986888796,0.0489900559187,-0.691057443619,-0.7211124897
-0.553592801094,0.0479177124798,1.0968337059,0.00603471044451,0.0485802218318,-0.691019594669,-0.721176445484
-0.553756892681,0.047805968672,1.09687101841,0.0053477245383,0.0478702113032,-0.691431999207,-0.720833957195
-0.553841710091,0.0476329736412,1.09692621231,0.00488128978759,0.0470090433955,-0.69181650877,-0.720525026321
-0.553720414639,0.0475644059479,1.09696400166,0.00503428606316,0.0454137921333,-0.691919207573,-0.720527589321
-0.553874254227,0.0474152080715,1.09705162048,0.00451280083507,0.0445975400507,-0.692536175251,-0.719989061356
-0.553802013397,0.0474052540958,1.09693348408,0.00347654335201,0.0445480719209,-0.69329059124,-0.719271540642
-0.553899228573,0.0472200512886,1.09697306156,0.00293225934729,0.043210208416,-0.694174408913,-0.718502640724
-0.55398529768,0.0470298230648,1.09707975388,0.00272479443811,0.0417925193906,-0.695291697979,-0.717506408691
-0.553982079029,0.0468906909227,1.09710276127,0.00259363418445,0.0411208681762,-0.695879340172,-0.716975688934
-0.553993582726,0.046703889966,1.09711909294,0.00244120252319,0.0403504632413,-0.696483194828,-0.71643358469
-0.554043829441,0.0464860498905,1.09714138508,0.0022947571706,0.0394762195647,-0.697296380997,-0.715691387653
-0.554155766964,0.046206690371,1.09716773033,0.00155629520305,0.0390136279166,-0.698276817799,-0.714762210846
-0.554145693779,0.0461295582354,1.09715986252,0.00120336574037,0.0383954755962,-0.699307024479,-0.713788449764
-0.554192900658,0.0460748374462,1.09719622135,0.00128799804952,0.0375280231237,-0.700279951096,-0.712880074978
-0.554251372814,0.0455906763673,1.09728074074,0.00194178661332,0.0363121889532,-0.70119792223,-0.712038874626
-0.554339706898,0.0454554855824,1.09736144543,0.00152671523392,0.0355003662407,-0.702612757683,-0.710684716702
-0.554319143295,0.045171007514,1.09730052948,0.00114096899051,0.0347641967237,-0.703805983067,-0.709540128708
-0.554292976856,0.0451574288309,1.09727835655,0.00105665030424,0.0333726927638,-0.705240726471,-0.708181321621
-0.554256021976,0.0452705472708,1.09710347652,-0.000165214529261,-0.0322719998658,0.707162261009,0.706314444542
-0.554186344147,0.04483865574,1.09726023674,-0.000306464091409,-0.0322206430137,0.708143353462,0.70533311367
-0.553937852383,0.0446545481682,1.09740030766,-0.000894933124073,-0.0310642905533,0.709480464458,0.704039633274
-0.553826570511,0.0446459949017,1.09741723537,-0.000568441988435,-0.0301711596549,0.711122989655,0.702419817448
-0.553715765476,0.0444380939007,1.09751093388,-0.000435524794739,-0.0291762277484,0.712625384331,0.700937688351
-0.555403530598,0.0445665866137,1.09737491608,0.00238069519401,-0.0262227151543,0.714611470699,0.69902586937
-0.555347919464,0.0447908267379,1.09729778767,0.00347752170637,-0.0246068630368,0.717183828354,0.696440696716
-0.555380225182,0.0443324446678,1.09760022163,0.0027268033009,-0.023939024657,0.718192338943,0.69542747736
-0.555357098579,0.0441901758313,1.09776854515,0.00297612324357,-0.0227998457849,0.71998488903,0.693608701229
-0.55536532402,0.0440472587943,1.09787535667,0.00309448107146,-0.0215356647968,0.721681773663,0.691882967949
-0.55534362793,0.0440154671669,1.09796071053,0.00356828584336,-0.0201164186001,0.72341221571,0.690114140511
-0.555242538452,0.0438965782523,1.0981965065,0.00350323040038,-0.0191077832133,0.724534988403,0.688964128494
-0.555301129818,0.0437252931297,1.09833359718,0.00339349056594,-0.0178611166775,0.72642493248,0.687005281448
-0.555422246456,0.0436077602208,1.09852457047,0.00333406752907,-0.0165787804872,0.728222072124,0.685132563114
-0.555401563644,0.0438093096018,1.09839677811,0.00445102946833,-0.0147809507325,0.730583786964,0.682648479939
-0.555384159088,0.0434434115887,1.09863483906,0.00379347288981,-0.0142598534003,0.731636703014,0.68153488636
-0.555331528187,0.0432632789016,1.09881186485,0.00358155858703,-0.0133960591629,0.733200728893,0.679870963097
-0.555290937424,0.0431466624141,1.0989099741,0.0032624641899,-0.0122788101435,0.734639286995,0.678339004517
-0.555288076401,0.0431356430054,1.09889554977,0.00341273401864,-0.0111197791994,0.73649340868,0.676344633102
-0.555292963982,0.0430213809013,1.09892988205,0.00328774889931,-0.00996911898255,0.738096177578,0.674613893032
-0.555301070213,0.0429000854492,1.09901309013,0.00292171072215,-0.00885131582618,0.739590644836,0.67299246788
-0.555274248123,0.0427739061415,1.09906363487,0.00259246537462,-0.00790456868708,0.74109518528,0.671348273754
-0.555216550827,0.0426646284759,1.09907281399,0.00226632342674,-0.00693412683904,0.742698788643,0.669585824013
-0.555346190929,0.0425578281283,1.09905719757,0.00226860423572,-0.00570938829333,0.744695484638,0.667376041412
-0.55535197258,0.0424783229828,1.09905087948,0.0019925807137,-0.00446195574477,0.746160030365,0.665748655796
-0.555407702923,0.0424453392625,1.09907257557,0.00178239436354,-0.00350399315357,0.747739195824,0.663980841637
-0.555418074131,0.0422819405794,1.09913861752,0.00157065514941,-0.00244542118162,0.749314665794,0.662207663059
-0.555519163609,0.0421791598201,1.09911668301,0.00110802159179,-0.00253400718793,0.750935196877,0.660370051861
-0.55538469553,0.0425522141159,1.09894669056,0.00156727782451,-5.22429672856e-06,0.75322496891,0.657761096954
-0.555370271206,0.0422091037035,1.09916329384,0.000221682319534,0.000559459556825,0.754115760326,0.656741261482
-0.555476725101,0.0423884168267,1.09906387329,0.000645267020445,0.00194585311692,0.756049573421,0.654511153698
-0.555502176285,0.0421789959073,1.09927296638,-0.000233288010349,0.00250213802792,0.757057607174,0.653343319893
-0.555609047413,0.0421757549047,1.09925663471,-0.000511645397637,0.00383080285974,0.758467972279,0.651698827744
-0.555721879005,0.0422445833683,1.09931015968,-0.000653397873975,0.00517450924963,0.760080873966,0.64980751276
-0.555808246136,0.042553063482,1.09915244579,4.99722273162e-06,0.00703423190862,0.762012302876,0.647524356842
-0.555938243866,0.0423808060586,1.09930729866,-0.00113347533625,0.00788632314652,0.762788534164,0.646599113941
-0.555960714817,0.0424096509814,1.09930872917,-0.0012767551234,0.00929559487849,0.764173269272,0.644942700863
-0.555800616741,0.0428836457431,1.09899485111,-0.00120501662605,0.0106555605307,0.765049099922,0.643882632256
-0.555465459824,0.0427581258118,1.09916198254,-0.00237924512476,0.0120008178055,0.765833079815,0.642923176289
-0.556066989899,0.0425544530153,1.09931516647,-0.00103133439552,0.0143047403544,0.767840564251,0.640480458736
-0.556058943272,0.0429270192981,1.09923624992,-0.00110660516657,0.0164587814361,0.769320964813,0.638649404049
-0.556110084057,0.0429784655571,1.09929835796,-0.00116576382425,0.0184922683984,0.770357787609,0.637342631817
-0.556040465832,0.0431435331702,1.09925472736,-0.00119597371668,0.0206361301243,0.771289527416,0.636148691177
-0.555988669395,0.0435669980943,1.09904634953,-0.000306972884573,0.0234986525029,0.773073613644,0.633880913258
-0.555824041367,0.0435104444623,1.09921693802,-0.0010866188677,0.0249354112893,0.773409426212,0.633415281773
-0.555665194988,0.0436490178108,1.09919404984,-0.00107069290243,0.0271039959043,0.774391114712,0.63212543726
-0.555552423,0.0437938198447,1.09925019741,-0.00113454659004,0.0293167121708,0.775241494179,0.630983233452
-0.555334150791,0.0441300049424,1.09921598434,-0.00121980009135,0.0311367008835,0.776243329048,0.629662752151
-0.555024921894,0.0443441197276,1.09933030605,-0.00155299936887,0.0332766510546,0.776940405369,0.628692090511
-0.554838240147,0.0446474999189,1.09941792488,-0.00147094030399,0.035072170198,0.778041124344,0.627231836319
-0.554470181465,0.0449565015733,1.09952664375,-0.00156727875583,0.0368297845125,0.778886318207,0.626080989838
-0.55368322134,0.0454829037189,1.09941935539,-0.00265016080812,0.0379821583629,0.77868950367,0.626253187656
-0.553277730942,0.0457781516016,1.09952831268,-0.00308715365827,0.0395861007273,0.779432952404,0.625226318836
-0.553700149059,0.0459734871984,1.09981322289,-0.00205677654594,0.0422888584435,0.781243979931,0.622788488865
-0.553597390652,0.0461078099906,1.09979140759,-0.00345675856806,0.0439043492079,0.782570660114,0.62100225687
-0.553437113762,0.0464442558587,1.09991896152,-0.00369780487381,0.0452352911234,0.783309042454,0.619973301888
-0.552853047848,0.046755887568,1.09991931915,-0.00478675356135,0.0468984283507,0.783395648003,0.61973285675
-0.552655160427,0.0471199601889,1.10011851788,-0.00462932791561,0.0479858927429,0.784539282322,0.618202328682
-0.552304446697,0.0474622026086,1.10019922256,-0.00550048658624,0.0494427718222,0.784971475601,0.617531120777
-0.551912486553,0.0478657670319,1.10032653809,-0.00570058450103,0.0505269989371,0.785478591919,0.616796374321
-0.551598787308,0.0481408387423,1.10039126873,-0.00626039877534,0.0513712391257,0.785882949829,0.616205871105
-0.55138272047,0.048507168889,1.10044169426,-0.00694715278223,0.0528746582568,0.786503732204,0.615278840065
-0.550983786583,0.048761382699,1.10040926933,-0.00751301739365,0.0533420592546,0.786689996719,0.614993572235
-0.550518631935,0.0492026656866,1.10046553612,-0.00831636227667,0.0547908805311,0.78689289093,0.614596188068
-0.550026237965,0.0495163723826,1.10044932365,-0.00914513878524,0.0558059811592,0.786923527718,0.614453673363
-0.549789011478,0.0496020391583,1.10047268867,-0.00961209554225,0.0568565428257,0.787179112434,0.6140229702
-0.549530029297,0.0499459169805,1.10040485859,-0.0104903532192,0.0575070045888,0.787344157696,0.613736331463
-0.54917627573,0.0503921546042,1.10025823116,-0.011214485392,0.0582584962249,0.78694319725,0.614166676998
-0.548669457436,0.0508436635137,1.10011315346,-0.0116489809006,0.0597913116217,0.786704897881,0.61431658268
-0.548314332962,0.0511893928051,1.0999866724,-0.0122863063589,0.0607820227742,0.786564588547,0.614386558533
-0.547913432121,0.0515246391296,1.09986102581,-0.0129893533885,0.0616828277707,0.786311984062,0.614605605602
-0.547632873058,0.0519169084728,1.09972953796,-0.0137524167076,0.0626280978322,0.786135435104,0.614719152451
-0.547390520573,0.0521938502789,1.09955692291,-0.014875642024,0.0626143366098,0.785846412182,0.615063786507
-0.547103285789,0.0526554957032,1.09935760498,-0.0152477147058,0.0633856058121,0.785590529442,0.615302622318
-0.546795785427,0.0530880354345,1.09919178486,-0.0157084669918,0.0640218481421,0.78530395031,0.615590929985
-0.546424686909,0.05353365466,1.0990281105,-0.0156270414591,0.0656162723899,0.785027205944,0.615778028965
-0.546197772026,0.0538726747036,1.09894943237,-0.0163088645786,0.0655420124531,0.78463613987,0.616266608238
-0.545795679092,0.0543558225036,1.09880828857,-0.0166490469128,0.0663958862424,0.784236073494,0.616675257683
-0.545547008514,0.0547416582704,1.09871220589,-0.0174371674657,0.0663368999958,0.783878386021,0.617114245892
-0.545247137547,0.0551491826773,1.09859681129,-0.0178044680506,0.0667963027954,0.783593833447,0.617415726185
-0.544939517975,0.0557645112276,1.09851121902,-0.0179643649608,0.0678642913699,0.783168256283,0.617834448814
-0.544615864754,0.0562635622919,1.09848165512,-0.0182718783617,0.0680223181844,0.78287011385,0.618185520172
-0.54421544075,0.056770671159,1.09850215912,-0.0187876839191,0.0679834112525,0.782552599907,0.618576467037
-0.544099867344,0.0572109408677,1.09844315052,-0.0186656415462,0.0679208859801,0.782244443893,0.618976473808
-0.543675899506,0.0576692968607,1.09841990471,-0.0187234226614,0.0684555470943,0.78202688694,0.619190633297
-0.543366312981,0.0580814480782,1.09850776196,-0.0191418603063,0.0692369788885,0.781776130199,0.619407832623
-0.542967379093,0.0585220791399,1.09857332706,-0.0194581598043,0.0692339986563,0.781555652618,0.619676291943
-0.542680561543,0.0589774623513,1.0986443758,-0.0195456910878,0.0694869086146,0.781461834908,0.619763672352
-0.542437911034,0.0594027526677,1.09865808487,-0.0194152947515,0.0697969794273,0.781462013721,0.619732618332
-0.542186319828,0.0597358345985,1.09867501259,-0.0195291377604,0.070120960474,0.78144210577,0.619717657566
-0.541795432568,0.0601835921407,1.09867608547,-0.0195676032454,0.0703422874212,0.78135228157,0.619804680347
-0.54150635004,0.0605137124658,1.09871172905,-0.0199214667082,0.0707147940993,0.781325161457,0.619785010815
-0.541218459606,0.0608746036887,1.09867608547,-0.0200798939914,0.0708905234933,0.781334042549,0.619748651981
-0.540938913822,0.0612669736147,1.0986250639,-0.0200404319912,0.0711059272289,0.781457126141,0.61957013607
-0.540633261204,0.0615946389735,1.09862160683,-0.0201988723129,0.0712882950902,0.781518757343,0.61946618557
-0.540132462978,0.0618899650872,1.09864115715,-0.020864488557,0.0712361857295,0.781495451927,0.619479477406
-0.5398696661,0.0624299757183,1.09847819805,-0.0200977083296,0.0721753761172,0.78233397007,0.618336737156
-0.539595365524,0.0627449080348,1.09848296642,-0.0202604308724,0.072308845818,0.782556116581,0.618034541607
-0.539346396923,0.0627256110311,1.09862697124,-0.0214182585478,0.0710492953658,0.78203445673,0.618801653385
-0.539019346237,0.0630326420069,1.09860289097,-0.0214515030384,0.0710815042257,0.782129347324,0.618676781654
-0.538674414158,0.0633100047708,1.09861588478,-0.0216878671199,0.0710338801146,0.782362699509,0.618378996849
-0.538395047188,0.0635831207037,1.09863078594,-0.0218277350068,0.071031332016,0.782596170902,0.618078708649
-0.538122534752,0.0638437494636,1.09863579273,-0.0220182724297,0.0709029585123,0.782814383507,0.617810428143
-0.537804663181,0.0642811506987,1.09868323803,-0.0219280719757,0.0714131444693,0.783151388168,0.617327570915
-0.537464737892,0.064572699368,1.0986866951,-0.0221154056489,0.0711940005422,0.783201098442,0.617282927036
-0.537124037743,0.064890652895,1.0987238884,-0.022375293076,0.0706625580788,0.783575415611,0.616859614849
-0.536816835403,0.0651732832193,1.09874606133,-0.0225650183856,0.070285320282,0.783713281155,0.616720616817
-0.536526799202,0.0653758868575,1.09875702858,-0.0226996615529,0.0701021179557,0.783777475357,0.616654872894
-0.53633916378,0.0656535252929,1.09876275063,-0.0228338334709,0.0697620362043,0.784045279026,0.616347908974
-0.536157369614,0.0658600702882,1.09877693653,-0.0229382552207,0.0695528909564,0.784224808216,0.616139233112
-0.535938024521,0.0660486891866,1.09877800941,-0.0231293980032,0.0692893490195,0.784338951111,0.616016507149
-0.535680711269,0.0662605091929,1.09874951839,-0.0233137290925,0.068928591907,0.784485161304,0.615863800049
-0.53542137146,0.0665007084608,1.09873962402,-0.0233181416988,0.0686241239309,0.78459662199,0.615755677223
-0.535296916962,0.0667057111859,1.09871184826,-0.0233012028039,0.0683758556843,0.784712076187,0.615636765957
-0.535248875618,0.0668152943254,1.09867978096,-0.0239164177328,0.0673791542649,0.784829676151,0.615573227406
-0.53473252058,0.0672291591763,1.09857940674,-0.0238086171448,0.0674298107624,0.784463226795,0.616038799286
-0.534712433815,0.067312091589,1.0985571146,-0.0240345913917,0.0665332451463,0.784564912319,0.615997970104
-0.534519612789,0.0676097199321,1.0984814167,-0.0238246191293,0.0669331550598,0.784584879875,0.61593747139
-0.534377276897,0.0677993074059,1.09845101833,-0.0239139068872,0.0667053684592,0.784627616405,0.615904331207
-0.534026265144,0.0679551810026,1.09827780724,-0.0247099753469,0.0652963444591,0.784287512302,0.61645668745
-0.534391224384,0.0678697228432,1.09841227531,-0.0241120252758,0.0659240931273,0.784928798676,0.615596830845
-0.533724009991,0.0683127939701,1.09821343422,-0.0250085238367,0.0647265017033,0.784106969833,0.616734206676
-0.533556461334,0.0685785263777,1.09816777706,-0.0249841604382,0.0652159005404,0.783962011337,0.616868078709
-0.533614456654,0.0686687231064,1.09814381599,-0.025128711015,0.0643390640616,0.783806622028,0.617151737213
-0.533496379852,0.06886600703,1.09814798832,-0.025167491287,0.0645917505026,0.783561527729,0.61743503809
-0.533927321434,0.068874321878,1.09828162193,-0.0246175881475,0.065521851182,0.784054100513,0.616733372211
-0.533892452717,0.0690820515156,1.0982542038,-0.0246754530817,0.0653024986386,0.783841609955,0.617024362087
-0.533844828606,0.0692931935191,1.09822416306,-0.0247632004321,0.0650015175343,0.783672213554,0.617267668247
-0.533795893192,0.0694766417146,1.09821629524,-0.0249110553414,0.0648019239306,0.783468365669,0.617541372776
-0.53375095129,0.0697085186839,1.0981644392,-0.0250489320606,0.0644821673632,0.783177733421,0.617937922478
-0.533849596977,0.0698606967926,1.09811377525,-0.0252904202789,0.0634614527225,0.782907068729,0.618376612663
-0.53387004137,0.0700484514236,1.09809160233,-0.0253916997463,0.0633538886905,0.782585322857,0.618790507317
-0.533842504025,0.0703659281135,1.09807229042,-0.0252901334316,0.0639154091477,0.782315909863,0.619077563286
-0.53389531374,0.0705691128969,1.0980463028,-0.0253880918026,0.0637674629688,0.782018244267,0.619464755058
-0.534045696259,0.0706945359707,1.09795081615,-0.0259321182966,0.0628963261843,0.781731665134,0.619892895222
-0.53406894207,0.0710020810366,1.09791970253,-0.0260659977794,0.0624421350658,0.781523525715,0.620195448399
-0.53413182497,0.0712793320417,1.09791779518,-0.0260493587703,0.0620625950396,0.781318962574,0.620492041111
-0.534156024456,0.0715146362782,1.09789395332,-0.0261614788324,0.0617300719023,0.781144022942,0.620740711689
-0.534078538418,0.0716506168246,1.09782958031,-0.0264551248401,0.0615771450102,0.780888795853,0.621064424515
-0.534139215946,0.0718318298459,1.09780132771,-0.0266774166375,0.0613429546356,0.780712008476,0.621300339699
-0.534170985222,0.0720460116863,1.09783256054,-0.0264225210994,0.0609100088477,0.780607223511,0.621485471725
-0.534168958664,0.0722694098949,1.09779334068,-0.0266062393785,0.0604811348021,0.780478000641,0.621681690216
-0.534342229366,0.0722914412618,1.09756159782,-0.0270008780062,0.0608116835356,0.780627787113,0.621444344521
-0.533818483353,0.0727371796966,1.09781086445,-0.0260007195175,0.0598136484623,0.779355108738,0.623178958893
-0.533734738827,0.0730169266462,1.0977730751,-0.0261467974633,0.060033172369,0.779268980026,0.623259305954
-0.533918201923,0.0730489268899,1.09773206711,-0.0264131911099,0.0589871332049,0.779296875,0.623313069344
-0.534074187279,0.0732822269201,1.09773910046,-0.0266369245946,0.0584761723876,0.779454171658,0.62315517664
-0.534145176411,0.073411129415,1.09769558907,-0.0268532540649,0.0581042505801,0.779438197613,0.623200535774
-0.534143507481,0.0734401643276,1.09761285782,-0.0267232246697,0.0580307357013,0.779267072678,0.623427093029
-0.534284651279,0.0736238509417,1.09755337238,-0.0271438378841,0.0576684102416,0.779317080975,0.62337988615
-0.534220159054,0.0738792940974,1.09754896164,-0.0266799535602,0.0581146255136,0.779447376728,0.623195469379
-0.534416615963,0.0739263743162,1.09747970104,-0.0273707751185,0.0569850094616,0.779492259026,0.623213708401
-0.534399330616,0.0741116330028,1.09743070602,-0.0269341431558,0.0574217289686,0.77945035696,0.623245060444
-0.534606516361,0.0741075724363,1.09739100933,-0.0274399258196,0.056328766048,0.779498517513,0.623262465
-0.534675717354,0.0741829872131,1.09734892845,-0.0275305993855,0.0557809248567,0.779325544834,0.623523890972
-0.534604609013,0.0743487104774,1.09733879566,-0.0272861495614,0.0561838746071,0.779131650925,0.623740792274
-0.53465950489,0.0744457095861,1.09730613232,-0.0273309722543,0.055896282196,0.779058277607,0.62385648489
-0.534741401672,0.0745264962316,1.09729754925,-0.027395490557,0.0555764324963,0.778966009617,0.62399750948
-0.534312307835,0.0749098435044,1.09715771675,-0.02803684026,0.0540402121842,0.778400063515,0.624809384346
-0.534449577332,0.0749470368028,1.09712660313,-0.0286819022149,0.053074311465,0.778175473213,0.625142812729
-0.534352421761,0.0751285329461,1.09714663029,-0.0281739868224,0.053589195013,0.77810049057,0.625215232372
-0.534625291824,0.07514192909,1.09716820717,-0.0285271778703,0.0525587908924,0.778205990791,0.625155389309
-0.534502804279,0.0752722844481,1.09715974331,-0.0281157922,0.053193051368,0.778143763542,0.625197649002
-0.534624934196,0.0754123330116,1.09726655483,-0.0278539024293,0.0528528727591,0.778432011604,0.624879717827
-0.53523427248,0.0752355381846,1.09748065472,-0.0268956869841,0.0535467006266,0.779449045658,0.623593389988
-0.535317897797,0.0753126963973,1.09753096104,-0.0266462191939,0.053386952728,0.779774069786,0.623211205006
-0.535350263119,0.0753610357642,1.09756612778,-0.0265485625714,0.0533397011459,0.780086994171,0.622827768326
-0.535418331623,0.0754134654999,1.09762525558,-0.0263472665101,0.0532977096736,0.780550479889,0.622258961201
-0.535489737988,0.0755169093609,1.09771811962,-0.0260861869901,0.0533550158143,0.781046450138,0.621642351151
-0.535582005978,0.075565315783,1.09780704975,-0.025793723762,0.0533428676426,0.781631290913,0.620920062065
-0.535617291927,0.075622625649,1.09786009789,-0.0255021229386,0.05310966447,0.782262206078,0.620157122612
-0.53568649292,0.0757016092539,1.09792006016,-0.0250659044832,0.0529028736055,0.78280878067,0.619502484798
-0.535747766495,0.0758022889495,1.09802901745,-0.02470613271,0.0527909696102,0.783516764641,0.618630826473
-0.535804629326,0.0759083330631,1.09810674191,-0.0244031678885,0.0523405000567,0.783985555172,0.618087112904
-0.535854697227,0.0759594142437,1.09812223911,-0.0245051253587,0.0521990954876,0.784455478191,0.617498457432
-0.535915136337,0.076081328094,1.09814691544,-0.024177538231,0.0518335774541,0.785043120384,0.61679494381
-0.536050736904,0.0763158351183,1.09832262993,-0.0234702453017,0.0512588247657,0.785695672035,0.616038918495
-0.536280453205,0.0763192549348,1.09830188751,-0.0229755751789,0.0512259043753,0.786219775677,0.615391433239
-0.536379635334,0.0764111503959,1.09838032722,-0.0225886348635,0.0509217046201,0.786782503128,0.614711403847
-0.535966813564,0.0767310783267,1.09822332859,-0.0240789018571,0.049383237958,0.787340223789,0.614065825939
-0.53601950407,0.0767224878073,1.0982285738,-0.0240189675242,0.0492520667613,0.787816286087,0.613467872143
-0.536148667336,0.0768192484975,1.09828078747,-0.0237940959632,0.0489988066256,0.788397848606,0.61274933815
-0.536206483841,0.076875962317,1.09833931923,-0.0236329529434,0.0487064532936,0.788847982883,0.612199306488
-0.536312282085,0.0769820138812,1.09836006165,-0.0232625287026,0.0484689772129,0.789377987385,0.611548781395
-0.536483585835,0.0770813524723,1.09848725796,-0.0230512674898,0.0480776838958,0.790018200874,0.610760509968
-0.536563754082,0.0771255865693,1.09840452671,-0.0229126382619,0.0481011718512,0.790470063686,0.610178947449
-0.536780774593,0.0771986693144,1.09851908684,-0.0223143734038,0.0477723963559,0.791100800037,0.609408915043
-0.53690725565,0.0772471055388,1.09853613377,-0.0222227666527,0.0476755686104,0.791598081589,0.608773887157
-0.537022233009,0.0772243589163,1.09851169586,-0.0221201255918,0.0477471649647,0.791948854923,0.608315467834
-0.537208914757,0.0771910399199,1.09856772423,-0.0220560710877,0.0476981922984,0.792415559292,0.607713699341
-0.537361681461,0.0772297903895,1.09855985641,-0.0217250231653,0.0476678684354,0.792878985405,0.607123434544
-0.537602365017,0.077276468277,1.09849321842,-0.0214545838535,0.0475534275174,0.79336977005,0.606500446796
-0.537731528282,0.0773059055209,1.09845340252,-0.0212156698108,0.0475303865969,0.793772399426,0.605983674526
-0.537900030613,0.0773246958852,1.09840941429,-0.0209051463753,0.0474758520722,0.794119477272,0.605543851852
-0.538101017475,0.0772827342153,1.09838473797,-0.0205941051245,0.0474662035704,0.794485390186,0.605075001717
-0.538611531258,0.0772175192833,1.09810495377,-0.0192421916872,0.0493563376367,0.794699311256,0.604687213898
-0.539036810398,0.0770993456244,1.09818816185,-0.0185993444175,0.0495108999312,0.795447230339,0.603710711002
-0.539159595966,0.0770820975304,1.09816527367,-0.0185081027448,0.0493272319436,0.795710027218,0.603381991386
-0.539259552956,0.077131383121,1.09809732437,-0.0187843032181,0.0491855852306,0.795851409435,0.60319852829
-0.539485871792,0.0771136432886,1.09808182716,-0.0186142902821,0.0491384677589,0.796117842197,0.602855980396
-0.539617538452,0.0771364420652,1.09806907177,-0.0185964182019,0.0489749908447,0.796390891075,0.602509081364
-0.539845108986,0.0771756693721,1.09803593159,-0.0187132321298,0.0487798638642,0.796632289886,0.602202057838
-0.53968423605,0.0773449167609,1.09830546379,-0.0190285500139,0.0471833385527,0.796302974224,0.602754712105
-0.540269196033,0.077262416482,1.09803676605,-0.0184736419469,0.0483855828643,0.797096967697,0.601626157761
-0.540489137173,0.0773710906506,1.09802269936,-0.0184156205505,0.0482396557927,0.797435760498,0.601190567017
-0.540706634521,0.0774521008134,1.09803545475,-0.0183128211647,0.0479045957327,0.797705590725,0.600862324238
-0.5409258008,0.077512063086,1.09805011749,-0.0183095708489,0.0476780198514,0.797943472862,0.600564479828
-0.541088283062,0.0775609984994,1.09797370434,-0.0185316782445,0.047595962882,0.797976136208,0.600520908833
-0.540907025337,0.0777665600181,1.09822618961,-0.0188361499459,0.0456008352339,0.797343313694,0.601505994797
-0.541620731354,0.0776412338018,1.09792745113,-0.0182901453227,0.0471973791718,0.798113524914,0.600377321243
-0.541856944561,0.0777579247952,1.09794211388,-0.0183035563678,0.0466227643192,0.79805368185,0.600501179695
-0.541820049286,0.0779634714127,1.09808504581,-0.019828081131,0.0447823442519,0.798149526119,0.600465476513
-0.542028963566,0.0780218988657,1.09805941582,-0.0199113488197,0.0445699505508,0.798026144505,0.600642383099
-0.542217314243,0.0781027078629,1.09798181057,-0.020069481805,0.0442976057529,0.797815978527,0.600936532021
-0.542338907719,0.0780675411224,1.0978603363,-0.0205283276737,0.0442904382944,0.797538638115,0.601289331913
-0.542648494244,0.0780843347311,1.09783577919,-0.02054082416,0.0443244539201,0.797478318214,0.601366579533
-0.542852938175,0.0780824795365,1.09781110287,-0.0207122508436,0.044205956161,0.797422528267,0.601443231106
-0.542932808399,0.0781621262431,1.09781396389,-0.0199519023299,0.0439885705709,0.796482563019,0.602729082108
-0.543267011642,0.0782493650913,1.09786534309,-0.0200914721936,0.0437065474689,0.796627700329,0.602553009987
-0.543545544147,0.0782640427351,1.09779703617,-0.0203534215689,0.0438038781285,0.796801149845,0.602308094501
-0.543754696846,0.0782542824745,1.09774303436,-0.0205325279385,0.0436588935554,0.796861469746,0.602232635021
-0.544246137142,0.0782334804535,1.09770810604,-0.0218768771738,0.0436026789248,0.797799646854,0.600945830345
-0.54445797205,0.0782331079245,1.09765446186,-0.0223152954131,0.0434663519263,0.79790443182,0.600800275803
-0.544728636742,0.0782831832767,1.09760665894,-0.0222401861101,0.0431825853884,0.798036932945,0.600647687912
-0.545056521893,0.0782722383738,1.09750592709,-0.022642986849,0.0431164205074,0.798222661018,0.600390672684
-0.545341849327,0.0782998651266,1.09747505188,-0.0229750424623,0.0430542267859,0.798351287842,0.600211501122
-0.54562163353,0.0782888457179,1.09741377831,-0.0220357235521,0.0433473289013,0.797899365425,0.600826084614
-0.545893132687,0.0783405005932,1.09747552872,-0.0220827553421,0.0429632812738,0.797871172428,0.600889444351
-0.546249270439,0.0782954543829,1.09743404388,-0.0234688259661,0.0421226918697,0.798716843128,0.599771797657
-0.546373546124,0.0784484744072,1.09751164913,-0.0226499959826,0.0419999584556,0.797937035561,0.600848972797
-0.546746909618,0.0785224065185,1.09747302532,-0.0228055603802,0.0417980626225,0.79789942503,0.600906968117
-0.54753446579,0.0783229023218,1.09709489346,-0.0228612367064,0.043063506484,0.798400461674,0.600149810314
-0.547839641571,0.0783412456512,1.09709703922,-0.0229390542954,0.0425892472267,0.798288881779,0.600328922272
-0.547704219818,0.0786126703024,1.09746456146,-0.0233249180019,0.0404838472605,0.797631800175,0.601332187653
-0.548043489456,0.0786559134722,1.09741342068,-0.0236337501556,0.0401650033891,0.797429382801,0.601609945297
-0.548310220242,0.0786470547318,1.09738147259,-0.0238673295826,0.0396902821958,0.797089517117,0.602082550526
-0.548615396023,0.0786148235202,1.09731304646,-0.0243425406516,0.0396267622709,0.796773076057,0.602486431599
-0.548853337765,0.0787768736482,1.09728848934,-0.0245190802962,0.0387119762599,0.796306908131,0.603154778481
-0.549214482307,0.0785306170583,1.09727883339,-0.0248296838254,0.0387676469982,0.79577255249,0.603843390942
-0.549423575401,0.0787189751863,1.0971801281,-0.0248691886663,0.0379649177194,0.795287132263,0.604531705379
-0.549809515476,0.0788067057729,1.09708595276,-0.0245735943317,0.0373878516257,0.794780313969,0.605245828629
-0.550191760063,0.0788393840194,1.09713840485,-0.024479014799,0.0367499217391,0.794246971607,0.605988502502
-0.550441145897,0.0788529366255,1.09704470634,-0.0247785802931,0.0364753194153,0.793498039246,0.606973350048
-0.550923228264,0.07871427387,1.09699225426,-0.0244223661721,0.0363477244973,0.79298132658,0.607670009136
-0.551532387733,0.0785117223859,1.09693610668,-0.0249843411148,0.0352850221097,0.792323231697,0.608567714691
-0.551937520504,0.078610740602,1.09684967995,-0.0247869919986,0.0347154177725,0.791428267956,0.609771847725
-0.552120804787,0.0787928178906,1.09682202339,-0.0241758190095,0.035019595176,0.790500819683,0.610980927944
-0.552417993546,0.0787486508489,1.0967258215,-0.0247869770974,0.0331666581333,0.789268016815,0.612651288509
-0.552753925323,0.0787824466825,1.09677577019,-0.0249670222402,0.0328628569841,0.788225054741,0.614001572132
-0.552852988243,0.0789374634624,1.09679913521,-0.0244508069009,0.0331097841263,0.787034809589,0.615534007549
-0.553141772747,0.0790181979537,1.09684967995,-0.0243344269693,0.0321608372033,0.785776078701,0.617194771767
-0.553312063217,0.0792108699679,1.09677624702,-0.0244001764804,0.0313848219812,0.78433740139,0.619059324265
-0.553534567356,0.0794723629951,1.09659910202,-0.0240133050829,0.0308712311089,0.783257186413,0.620466291904
-0.553794980049,0.0793166905642,1.09677886963,-0.0247190818191,0.0297972876579,0.781288087368,0.622968673706
-0.553917050362,0.0793438777328,1.0967540741,-0.0246641878039,0.0290652625263,0.779446065426,0.625308692455
-0.554545402527,0.0794214308262,1.09664201736,-0.0234251264483,0.0295931976289,0.77885890007,0.626062691212
-0.553955614567,0.0798719897866,1.09640562534,-0.02432484366,0.0275742504746,0.776126742363,0.629503965378
-0.554463922977,0.0795706138015,1.09669947624,-0.0246287416667,0.0266693104059,0.773984491825,0.632162988186
-0.554616391659,0.079687461257,1.09668278694,-0.0246141068637,0.025874407962,0.771977722645,0.63464564085
-0.554699838161,0.0800556465983,1.0964127779,-0.0237509533763,0.0256681032479,0.770876348019,0.636024177074
-0.554685950279,0.0798489674926,1.09661543369,-0.0248666163534,0.0243947077543,0.768253087997,0.639197707176
-0.554835915565,0.0798992812634,1.0965950489,-0.0251366179436,0.0233942344785,0.766161262989,0.641730248928
-0.55497610569,0.0800114423037,1.09654438496,-0.024755904451,0.0226828493178,0.764242768288,0.644054174423
-0.555100977421,0.0802429094911,1.09625720978,-0.024572301656,0.0215768069029,0.76302665472,0.645539343357
-0.554897129536,0.0803594142199,1.09628653526,-0.0244775004685,0.0215442124754,0.761077046394,0.647841334343
-0.554897487164,0.0801204741001,1.09640681744,-0.0252751056105,0.0202655326575,0.758606553078,0.650743186474
-0.554882287979,0.0801788121462,1.09640264511,-0.0254146158695,0.019453547895,0.756828606129,0.652829408646
-0.55485522747,0.080329336226,1.09629237652,-0.025192771107,0.0187282096595,0.755242526531,0.654693126678
-0.554893493652,0.0805797427893,1.09613156319,-0.0247602947056,0.0181775521487,0.754010498524,0.656143665314
-0.554840087891,0.0805859416723,1.09608185291,-0.0249529685825,0.0173456631601,0.752489626408,0.657902657986
-0.555051803589,0.0804503411055,1.0960111618,-0.0254063010216,0.0158711243421,0.751062750816,0.659550964832
-0.554820001125,0.0805414766073,1.09602475166,-0.0249156486243,0.0159035660326,0.749535620213,0.661303818226
-0.554787158966,0.0802582204342,1.09614002705,-0.0254474747926,0.0149342501536,0.747877001762,0.663181364536
-0.554870188236,0.0802579149604,1.09606289864,-0.0253377314657,0.0144218821079,0.746772408485,0.664440333843
-0.554818928242,0.0801885575056,1.09595763683,-0.0252845939249,0.013987518847,0.745688974857,0.665667295456
-0.55481761694,0.0801259949803,1.09586083889,-0.0251591857523,0.0132972719148,0.744624316692,0.666876912117
-0.554806411266,0.0800763592124,1.09579706192,-0.0249616168439,0.0125914225355,0.743833243847,0.667780220509
-0.554668784142,0.08004309237,1.09570920467,-0.025018569082,0.0119767989963,0.742730617523,0.669015467167
-0.554648756981,0.0799787417054,1.09559059143,-0.0249659866095,0.0114857722074,0.74198871851,0.669848799706
-0.55467903614,0.0798992887139,1.09551024437,-0.024851962924,0.0110953859985,0.741277098656,0.670647144318
-0.554658591747,0.0798006877303,1.09543514252,-0.0248090438545,0.0105424812064,0.740732014179,0.671259641647
-0.554661691189,0.079693749547,1.09537243843,-0.0247312523425,0.0101314941421,0.74025863409,0.671790838242
-0.554656088352,0.0795798152685,1.0953233242,-0.0246627572924,0.00964785087854,0.739897370338,0.672198355198
-0.554631590843,0.0795052722096,1.09527432919,-0.0245753135532,0.00910415221006,0.739632368088,0.672500550747
-0.55457252264,0.0794084221125,1.09522211552,-0.0245165806264,0.00842142663896,0.739453077316,0.67270886898
-0.554526388645,0.0792843401432,1.09522986412,-0.0244354493916,0.00776098994538,0.739201545715,0.672996044159
-0.554489254951,0.0791686847806,1.09520876408,-0.0243940595537,0.00723341247067,0.739165008068,0.673043549061
-0.554434359074,0.0790475308895,1.0952064991,-0.024382090196,0.00655762758106,0.739174664021,0.673040390015
-0.554548442364,0.0787719413638,1.09523510933,-0.0241733528674,0.00639056088403,0.73955565691,0.672630786896
-0.552841901779,0.0783878043294,1.0954117775,-0.0265889056027,0.00424352334812,0.739334821701,0.672799527645
-0.552798211575,0.0782112628222,1.09540188313,-0.0266288984567,0.0036959478166,0.739490389824,0.672630190849
-0.55248773098,0.0777779519558,1.0955606699,-0.0272007659078,0.00314249913208,0.739443957806,0.672660887241
-0.554359614849,0.0780596137047,1.0952693224,-0.023819360882,0.00429484806955,0.740271985531,0.671871781349
-0.554303884506,0.0777960568666,1.09524691105,-0.0234290603548,0.00344599224627,0.740244746208,0.671920359135
-0.554166555405,0.077721260488,1.09527397156,-0.0236309245229,0.00324081722647,0.740352988243,0.671794950962
-0.554104447365,0.0775132924318,1.09527754784,-0.0234642438591,0.00282128783874,0.740322947502,0.671835899353
-0.552057266235,0.0768352746964,1.0956056118,-0.0266336277127,0.000560755084734,0.739666879177,0.672445774078
-0.552454829216,0.0766438096762,1.09544217587,-0.0258160158992,-0.000305433175527,0.739878892899,0.672244668007
-0.552236378193,0.0766787007451,1.09535622597,-0.0251800399274,0.000375926611014,0.739978671074,0.672158658504
-0.552183449268,0.0763823911548,1.09536540508,-0.0252311266959,9.66658481047e-05,0.739530980587,0.67264944315
-0.551734149456,0.0760639235377,1.09541702271,-0.0258447490633,-0.000432066241046,0.738617420197,0.673629105091
-0.553712487221,0.0763200968504,1.09503889084,-0.0224351286888,0.00148137868382,0.738847911358,0.673497080803
-0.553894460201,0.0759833827615,1.09493422508,-0.0225614290684,0.00041856666212,0.73836773634,0.674020588398
-0.553790688515,0.0757790505886,1.09485065937,-0.0220555569977,0.000459967734059,0.737946748734,0.674498200417
-0.553687393665,0.0756064727902,1.09476304054,-0.0214837640524,0.000945623381995,0.737458050251,0.675050377846
-0.553829789162,0.075355514884,1.09469342232,-0.0217847377062,0.000458631053334,0.736949980259,0.675596177578
-0.553794085979,0.0751770362258,1.09467256069,-0.0217363759875,0.000401296420023,0.736621677876,0.675955414772
-0.553731262684,0.0749496743083,1.09458732605,-0.0218136701733,0.000519116118085,0.736268281937,0.676337897778
-0.553603231907,0.0746505409479,1.09445095062,-0.0219449419528,0.000719355070032,0.735872387886,0.676764249802
-0.553637325764,0.0744333416224,1.094383955,-0.0223670694977,0.000890125520527,0.735533297062,0.677118480206
-0.553547084332,0.0741941481829,1.09433853626,-0.0222628861666,0.00107763463166,0.73509979248,0.677592396736
-0.553500235081,0.0740016400814,1.09431564808,-0.0221436042339,0.00118405069225,0.734778106213,0.677945017815
-0.553536295891,0.0737173482776,1.0942915678,-0.0220894739032,0.00163242453709,0.734342873096,0.678417265415
-0.55343735218,0.073519743979,1.09415018559,-0.0217934325337,0.00198118202388,0.734078943729,0.678711533546
-0.553205192089,0.0731615647674,1.0939925909,-0.0221670232713,0.00236870255321,0.733522951603,0.679298996925
-0.553145945072,0.0729500353336,1.09391987324,-0.0219977609813,0.00261182966642,0.733154833317,0.679700911045
-0.553084433079,0.0727453604341,1.09384953976,-0.021877232939,0.00289136613719,0.732783615589,0.680103838444
-0.552995681763,0.0725561454892,1.09379601479,-0.0218101255596,0.00310729304329,0.732435464859,0.680480062962
-0.552920103073,0.0723400786519,1.0937640667,-0.0215821322054,0.00340077839792,0.732108592987,0.680837273598
-0.552815854549,0.0721425116062,1.09373772144,-0.0214739926159,0.00363201764412,0.731739282608,0.681236684322
-0.552817106247,0.0720571354032,1.09375274181,-0.020950736478,0.00378267723136,0.73147213459,0.681538879871
-0.552762627602,0.0719353035092,1.09370148182,-0.0205707866699,0.00397834088653,0.731221020222,0.681818902493
-0.552701294422,0.0718002468348,1.09370446205,-0.020248522982,0.00424617016688,0.730867028236,0.682206273079
-0.55266046524,0.0716638192534,1.09366965294,-0.0198059864342,0.0046260850504,0.730548679829,0.68255764246
-0.55262619257,0.0715679600835,1.09366834164,-0.0192611049861,0.00488992827013,0.730194270611,0.682950675488
-0.552573263645,0.0714811235666,1.09368813038,-0.0188130252063,0.00510814134032,0.729930996895,0.683242917061
-0.552540123463,0.0713803619146,1.09371972084,-0.0183215253055,0.0052863266319,0.729698479176,0.68350315094
-0.552486538887,0.0712470039725,1.09376835823,-0.0180082507432,0.00557415699586,0.729541063309,0.683677196503
-0.55233591795,0.071197271347,1.09385156631,-0.0171517506242,0.00587338814512,0.729470252991,0.683772146702
-0.552356302738,0.0711226016283,1.09392404556,-0.0169036984444,0.00585082918406,0.729326248169,0.683932185173
-0.552263438702,0.071037620306,1.09399235249,-0.0164060350507,0.00595702184364,0.729190647602,0.684088051319
-0.552154660225,0.0708897933364,1.09402406216,-0.0161659922451,0.00629302486777,0.729089975357,0.684197962284
-0.551954448223,0.0706915259361,1.09410810471,-0.0154257416725,0.0066102007404,0.728948056698,0.684363186359
-0.551860749722,0.0705495029688,1.09421789646,-0.0149389691651,0.00680682389066,0.728938758373,0.684382200241
-0.551874876022,0.0704429447651,1.09435904026,-0.0141521589831,0.00707245478407,0.729031443596,0.684297323227
-0.551795721054,0.0703349038959,1.09438955784,-0.014072952792,0.00702708866447,0.728948652744,0.684387505054
-0.5517359972,0.0701997801661,1.09445118904,-0.0135616743937,0.00722730765119,0.728969097137,0.684374094009
-0.551670134068,0.0700658708811,1.09451460838,-0.0130880475044,0.00739345466718,0.729102909565,0.68423897028
-0.551481187344,0.0698960870504,1.09458148479,-0.012713290751,0.00738341687247,0.729296147823,0.684040009975
-0.55141210556,0.0697563141584,1.09471440315,-0.0120730260387,0.00742070795968,0.729503035545,0.683830738068
-0.551345348358,0.0695621818304,1.09483039379,-0.0115771228448,0.00753981387243,0.729671776295,0.683658003807
-0.551199197769,0.0693379566073,1.09491372108,-0.0111447526142,0.00772934406996,0.729727566242,0.683603525162
-0.551089763641,0.0691165551543,1.09498226643,-0.0104149943218,0.00805685669184,0.729896605015,0.683430790901
-0.550996780396,0.0688846036792,1.09504210949,-0.0104143852368,0.00775270489976,0.730019509792,0.683303117752
-0.550850391388,0.0686827078462,1.0951012373,-0.0101252663881,0.00766185950488,0.730140268803,0.683179199696
-0.550741136074,0.0685167238116,1.09516000748,-0.00957972276956,0.00769196543843,0.730560481548,0.682737529278
-0.550632476807,0.0682585835457,1.09523141384,-0.00924251787364,0.00763629144058,0.730780541897,0.682507276535
-0.550508856773,0.0679510831833,1.09524154663,-0.00900852307677,0.00776380300522,0.73078674078,0.682502388954
-0.550412476063,0.0677366182208,1.09531998634,-0.0085636395961,0.00784054491669,0.730850040913,0.682439267635
-0.550275802612,0.0674900338054,1.09535348415,-0.00832444895059,0.00776390079409,0.730754137039,0.682545900345
-0.550166487694,0.0672951415181,1.09543025494,-0.00783749483526,0.00758442701772,0.730583906174,0.682735860348
