x,y,z,q0,q1,q2,q3
-0.328476846218,-0.317264914513,1.13863098621,0.272773355246,-0.585033714771,0.739534497261,-0.190837711096
-0.328130483627,-0.31696125865,1.1391582489,0.274223804474,-0.584304153919,0.740207910538,-0.188367411494
-0.32779699564,-0.316594600677,1.13990581036,0.275979608297,-0.582853674889,0.741359829903,-0.185748755932
-0.327233433723,-0.316197574139,1.1406018734,0.277958661318,-0.581641197205,0.7422067523,-0.183199092746
-0.326801776886,-0.315821945667,1.14106535912,0.279356658459,-0.580717921257,0.74297440052,-0.180874690413
-0.326346606016,-0.315406501293,1.14151716232,0.280715942383,-0.579995453358,0.743602573872,-0.17849072814
-0.325564622879,-0.314968824387,1.14218187332,0.28267365694,-0.578605592251,0.744416296482,-0.176509931684
-0.325413703918,-0.313997060061,1.14359438419,0.284556210041,-0.578092634678,0.745348632336,-0.171149730682
-0.324844002724,-0.313115119934,1.14419865608,0.285400003195,-0.577132880688,0.746393382549,-0.168408840895
-0.323806703091,-0.312307536602,1.14514970779,0.287063360214,-0.576515614986,0.747031390667,-0.164828568697
-0.32339578867,-0.311651706696,1.14517247677,0.286602139473,-0.575958490372,0.748001396656,-0.163172110915
-0.322205603123,-0.310739904642,1.14626228809,0.28838929534,-0.575791835785,0.748215377331,-0.159590378404
-0.321711242199,-0.309586912394,1.14661896229,0.287935465574,-0.575603365898,0.749236643314,-0.156264141202
-0.320544183254,-0.308515042067,1.1477843523,0.288955777884,-0.574228286743,0.750633120537,-0.152697771788
-0.320100814104,-0.307318031788,1.14824473858,0.287918925285,-0.573411941528,0.752309978008,-0.149437204003
-0.319107443094,-0.305847674608,1.14927005768,0.287934660912,-0.573366761208,0.753377795219,-0.14410457015
-0.317610830069,-0.304687350988,1.1498759985,0.288433849812,-0.572012424469,0.754698216915,-0.141557127237
-0.316981256008,-0.303778171539,1.15077280998,0.288573712111,-0.572019457817,0.755455255508,-0.137136101723
-0.315868377686,-0.302559643984,1.15166807175,0.288641422987,-0.570902943611,0.757080256939,-0.132611125708
-0.314896732569,-0.301401227713,1.15276920795,0.289109736681,-0.569607496262,0.758687257767,-0.127893432975
-0.314131081104,-0.300516188145,1.15364742279,0.288853257895,-0.568272650242,0.760440409184,-0.123938433826
-0.31322914362,-0.299560189247,1.15463221073,0.289041787386,-0.565945744514,0.762721776962,-0.120065443218
-0.312308192253,-0.298832565546,1.15571963787,0.289641946554,-0.563775956631,0.764662802219,-0.116426579654
-0.31158208847,-0.298229426146,1.15656280518,0.289658367634,-0.561318039894,0.766938865185,-0.113247476518
-0.310519188643,-0.29761993885,1.1578785181,0.290756940842,-0.557766199112,0.769599735737,-0.109879754484
-0.310028523207,-0.297455579042,1.15854072571,0.290869534016,-0.55479580164,0.772013545036,-0.107665196061
-0.309226810932,-0.297329574823,1.15943264961,0.29250434041,-0.55277132988,0.773192882538,-0.105156026781
-0.308544456959,-0.297074198723,1.16025412083,0.29357022047,-0.549461007118,0.775484085083,-0.102634526789
-0.308136224747,-0.297048956156,1.16087782383,0.294855296612,-0.545691370964,0.777987241745,-0.100085347891
-0.307918220758,-0.297098487616,1.16131281853,0.295793265104,-0.54358291626,0.779316306114,-0.0984393283725
-0.307241976261,-0.297670453787,1.16212880611,0.299161821604,-0.539884328842,0.780900597572,-0.0960281342268
-0.307649314404,-0.298113524914,1.16228723526,0.300331234932,-0.537601709366,0.78228020668,-0.0939315110445
-0.307651519775,-0.298747867346,1.16235148907,0.302667796612,-0.535582184792,0.78298419714,-0.0920859277248
-0.307440012693,-0.300360053778,1.16275465488,0.306974321604,-0.534217774868,0.78239184618,-0.0907813385129
-0.307797133923,-0.301363915205,1.16128635406,0.308037817478,-0.533713042736,0.782386124134,-0.0901948213577
-0.307856142521,-0.303027957678,1.16136658192,0.312456101179,-0.531921803951,0.782053649426,-0.0884444192052
-0.308765679598,-0.30474704504,1.16022121906,0.314484715462,-0.532039225101,0.781278431416,-0.0873938947916
-0.309167444706,-0.305746108294,1.16016733646,0.318713784218,-0.530895709991,0.780770480633,-0.0834811478853
-0.310288012028,-0.307828873396,1.15884661674,0.321869939566,-0.530993819237,0.779564380646,-0.0820052996278
-0.31137907505,-0.310063391924,1.15766751766,0.326016098261,-0.53060489893,0.778288662434,-0.0802422836423
-0.312360912561,-0.312214761972,1.156468153,0.330581277609,-0.530366659164,0.776782631874,-0.0776925832033
-0.31337594986,-0.314586371183,1.15458393097,0.334906607866,-0.529859423637,0.775413811207,-0.0762895569205
-0.314607322216,-0.316622704268,1.15319979191,0.339744120836,-0.528803110123,0.774335563183,-0.0731147676706
-0.315995693207,-0.318807065487,1.15183472633,0.345778673887,-0.527414858341,0.772908091545,-0.069886110723
-0.317711412907,-0.32122901082,1.1508897543,0.35266494751,-0.526929736137,0.770547747612,-0.0650271549821
-0.319482654333,-0.323385059834,1.14936697483,0.357986092567,-0.524882555008,0.769838571548,-0.0607694126666
-0.321894556284,-0.327587991953,1.1472953558,0.364530980587,-0.525683224201,0.766343474388,-0.0590947717428
-0.322929561138,-0.328479498625,1.14604556561,0.372061997652,-0.524231314659,0.764303982258,-0.0509021244943
-0.325368404388,-0.331117600203,1.14384424686,0.377954602242,-0.525680243969,0.760785102844,-0.044907040894
-0.327353239059,-0.333673447371,1.14187705517,0.384817540646,-0.525077342987,0.758092284203,-0.0388013906777
-0.329350173473,-0.336630254984,1.13918173313,0.391737282276,-0.526248753071,0.753983676434,-0.033360876143
-0.33192846179,-0.339335292578,1.13697755337,0.398461550474,-0.526485383511,0.750576734543,-0.0260033421218
-0.334910452366,-0.341676950455,1.13592886925,0.406357586384,-0.527964890003,0.745575666428,-0.0156092168763
-0.337748885155,-0.343696951866,1.13409149647,0.413686066866,-0.527810931206,0.741784095764,-0.0060003567487
-0.340435028076,-0.346960633993,1.13155400753,0.416479676962,-0.520605683327,0.745327413082,-0.00125511619262
-0.343656122684,-0.348661571741,1.12864124775,0.427623778582,-0.50836122036,0.747339844704,0.013789399527
-0.347007870674,-0.352442681789,1.12684977055,0.430961161852,-0.522708296776,0.735358715057,0.0172056481242
-0.349509567022,-0.355297386646,1.12428617477,0.439835637808,-0.52554923296,0.727724373341,0.0275649130344
-0.352952063084,-0.357155263424,1.1219265461,0.456189841032,-0.538982987404,0.706652224064,0.0450665876269
-0.356763839722,-0.360423833132,1.11921095848,0.457270115614,-0.531128823757,0.711518585682,0.0504736341536
-0.359703361988,-0.362746983767,1.11634075642,0.46506947279,-0.534385681152,0.703092217445,0.0616757646203
-0.363555192947,-0.365150481462,1.11369752884,0.47107359767,-0.535262942314,0.697378516197,0.072432897985
-0.367405623198,-0.366816401482,1.11156475544,0.478214800358,-0.544171214104,0.683713793755,0.0878864824772
-0.37091973424,-0.369802832603,1.10920405388,0.483890384436,-0.536483883858,0.684782624245,0.0954360216856
-0.374468892813,-0.371559798717,1.10676729679,0.489828050137,-0.534192442894,0.680833399296,0.10570295155
-0.378466784954,-0.373828262091,1.10427033901,0.49527990818,-0.535598754883,0.673885583878,0.117089569569
-0.382246732712,-0.376460641623,1.10217142105,0.500896215439,-0.536515533924,0.666924595833,0.128318965435
-0.385803461075,-0.378630012274,1.10020470619,0.506436645985,-0.536400675774,0.660541951656,0.139573678374
-0.389182776213,-0.38096126914,1.09818446636,0.512000918388,-0.537598729134,0.652749836445,0.150866433978
-0.393214583397,-0.383227705956,1.09598302841,0.516015291214,-0.537221670151,0.64754396677,0.160648927093
-0.396602451801,-0.38483980298,1.09429490566,0.520668029785,-0.535499215126,0.642582118511,0.170979231596
-0.400281131268,-0.386855065823,1.09238433838,0.524454057217,-0.535119116306,0.636900484562,0.181530356407
-0.403824985027,-0.389261007309,1.0907651186,0.529372513294,-0.533664941788,0.631883144379,0.188919112086
-0.407295703888,-0.390834659338,1.08888411522,0.531534075737,-0.537650287151,0.623216867447,0.200010612607
-0.41087821126,-0.392885923386,1.08769094944,0.534837841988,-0.537441849709,0.617307901382,0.20984698832
-0.414094150066,-0.394580125809,1.08581054211,0.537338137627,-0.537251055241,0.612390220165,0.21819126606
-0.417476862669,-0.396408468485,1.08488202095,0.539807379246,-0.535616278648,0.609853088856,0.223164975643
-0.420817673206,-0.39832881093,1.08366215229,0.542610824108,-0.534063637257,0.606307864189,0.22965323925
-0.423871517181,-0.400079727173,1.08287656307,0.544097602367,-0.534001469612,0.601976156235,0.237539544702
-0.427053451538,-0.401504635811,1.08212780952,0.54523652792,-0.532955825329,0.59916806221,0.244280278683
-0.429892510176,-0.403286933899,1.0810354948,0.546328365803,-0.532585680485,0.596315324306,0.249572098255
-0.432734042406,-0.404993653297,1.08057844639,0.546904146671,-0.532512128353,0.593405604362,0.25533619523
-0.43538838625,-0.406670361757,1.0799601078,0.546410143375,-0.534042358398,0.589277327061,0.262654066086
-0.437831282616,-0.40875300765,1.07921242714,0.547116756439,-0.534768044949,0.58566826582,0.267729699612
-0.440268576145,-0.409828990698,1.07869470119,0.548109650612,-0.531914591789,0.58617913723,0.270253330469
-0.442373931408,-0.411854594946,1.07833766937,0.546027064323,-0.536036789417,0.580087602139,0.279316544533
-0.444636404514,-0.413117468357,1.07804882526,0.545740306377,-0.535404503345,0.579228043556,0.282850652933
-0.446709871292,-0.415039718151,1.077886343,0.544894397259,-0.536800384521,0.576772153378,0.286826908588
-0.449132859707,-0.41653072834,1.07748138905,0.543604433537,-0.536953866482,0.576322317123,0.289875149727
-0.450506031513,-0.418477982283,1.07777285576,0.543661415577,-0.536266744137,0.57615929842,0.29136005044
-0.452220082283,-0.419799238443,1.07760453224,0.541020154953,-0.540313124657,0.572718560696,0.295554637909
-0.453796565533,-0.421241641045,1.07725310326,0.540064275265,-0.541317760944,0.571893692017,0.297057539225
-0.455435186625,-0.422623664141,1.07782661915,0.538833379745,-0.541160345078,0.574336826801,0.294858396053
-0.456891417503,-0.423911601305,1.07819724083,0.53823953867,-0.541663527489,0.573541045189,0.29656291008
-0.457864403725,-0.425457596779,1.07821702957,0.536632955074,-0.542625010014,0.574509561062,0.295841276646
-0.459651678801,-0.42653542757,1.07802653313,0.53383731842,-0.544523477554,0.575243890285,0.295984059572
-0.460381299257,-0.428212165833,1.07884216309,0.534428775311,-0.543856441975,0.575168609619,0.296289354563
-0.461683571339,-0.428657770157,1.07893967628,0.532135307789,-0.544636785984,0.576822400093,0.29576843977
-0.462737739086,-0.430312395096,1.07978081703,0.530885696411,-0.545120179653,0.577534914017,0.295732915401
-0.463159561157,-0.43115106225,1.07984173298,0.529197454453,-0.544843256474,0.580068647861,0.294306844473
-0.46362555027,-0.431669980288,1.07979011536,0.528297901154,-0.543384194374,0.582869648933,0.293083816767
-0.46414411068,-0.432835221291,1.08052015305,0.527062237263,-0.543728470802,0.583585560322,0.293245315552
-0.464541703463,-0.43411231041,1.08067834377,0.526284813881,-0.543984472752,0.584380865097,0.292582035065
-0.46486774087,-0.434823542833,1.08099448681,0.525765001774,-0.542952418327,0.586286842823,0.291618913412
-0.465145170689,-0.435717999935,1.08140432835,0.524911165237,-0.542112112045,0.587967514992,0.29133656621
-0.46548423171,-0.436316907406,1.08195269108,0.523286104202,-0.542726039886,0.588135659695,0.292774021626
-0.465588122606,-0.437127262354,1.081995368,0.52026206255,-0.545638859272,0.586441576481,0.296128213406
-0.465813666582,-0.437800198793,1.08218026161,0.521327793598,-0.542910337448,0.588487923145,0.295208096504
-0.46599110961,-0.438537478447,1.08247590065,0.518881797791,-0.543874800205,0.589421927929,0.295878440142
-0.466225624084,-0.438880354166,1.08267974854,0.518423080444,-0.542999923229,0.590228438377,0.2966799438
-0.466773092747,-0.439665019512,1.08278048038,0.515655398369,-0.544960737228,0.590125262737,0.298109859228
-0.467057019472,-0.440196037292,1.08315372467,0.515118360519,-0.544337034225,0.590830981731,0.298779368401
-0.466674715281,-0.440451353788,1.08274769783,0.514782965183,-0.542899489403,0.591954946518,0.299746602774
-0.466851651669,-0.440921604633,1.08285415173,0.513625860214,-0.543023347855,0.592158138752,0.301103144884
-0.46743324399,-0.441619366407,1.08320963383,0.511057496071,-0.544908583164,0.591693639755,0.302974820137
-0.46756207943,-0.441971242428,1.08296811581,0.510477721691,-0.544300615788,0.592294156551,0.303870439529
-0.467809975147,-0.442594021559,1.08340978622,0.50978654623,-0.544123291969,0.592402458191,0.305134087801
-0.468007653952,-0.442841291428,1.08336222172,0.509557068348,-0.543790876865,0.592417478561,0.306079387665
-0.468201756477,-0.443266391754,1.08332121372,0.508717596531,-0.543748259544,0.592628955841,0.307140171528
-0.468509674072,-0.443669915199,1.08349502087,0.507702410221,-0.544460892677,0.592031121254,0.308706521988
-0.468853265047,-0.444105088711,1.08333814144,0.506633937359,-0.544892251492,0.591825664043,0.310092002153
-0.468977838755,-0.444476306438,1.08303129673,0.506821155548,-0.544706463814,0.59082621336,0.312012076378
-0.469262987375,-0.44500169158,1.08325707912,0.506425917149,-0.545121729374,0.590413570404,0.312709033489
-0.469516575336,-0.445394277573,1.08313369751,0.506237506866,-0.544521033764,0.591612696648,0.311793357134
-0.469692975283,-0.445882320404,1.08317637444,0.504246711731,-0.546857655048,0.589233398438,0.315413951874
-0.469858884811,-0.446081787348,1.08303761482,0.505378484726,-0.545566439629,0.590088248253,0.314238548279
-0.469918578863,-0.446328699589,1.08275103569,0.505594491959,-0.545180261135,0.590271651745,0.314216673374
-0.470083683729,-0.4466830194,1.08266472816,0.505819261074,-0.545057356358,0.590136945248,0.314321190119
-0.470168679953,-0.447175830603,1.08252644539,0.50643825531,-0.544519782066,0.590342104435,0.313870608807
-0.470255374908,-0.447336375713,1.08255672455,0.506921887398,-0.5439478755,0.590542674065,0.313704162836
-0.470332086086,-0.447548449039,1.08236324787,0.508332550526,-0.542486906052,0.591303408146,0.312516242266
-0.470354944468,-0.447798401117,1.08235359192,0.507887482643,-0.543301999569,0.590411126614,0.31350928545
-0.470332682133,-0.448016732931,1.08213806152,0.508543014526,-0.542896449566,0.590430498123,0.313112437725
-0.470302820206,-0.448186397552,1.08202064037,0.509051024914,-0.542515039444,0.590574502945,0.312676042318
-0.470258116722,-0.44820702076,1.08192265034,0.510517537594,-0.540766239166,0.591710984707,0.31116181612
-0.470196932554,-0.448365777731,1.08178436756,0.511209368706,-0.540068387985,0.592160403728,0.310382336378
-0.470575034618,-0.449840247631,1.08211183548,0.512066245079,-0.540982663631,0.591961681843,0.307745695114
-0.470415115356,-0.449917376041,1.08205831051,0.512580096722,-0.54044085741,0.59233468771,0.307123690844
-0.470013976097,-0.450177013874,1.08220350742,0.513725936413,-0.53963804245,0.59238576889,0.306521594524
-0.469760656357,-0.450420796871,1.08220207691,0.514220893383,-0.539391875267,0.592504501343,0.305894732475
-0.469525933266,-0.450468987226,1.08217656612,0.514801502228,-0.538305282593,0.593397974968,0.305099308491
-0.469213783741,-0.450352370739,1.08210301399,0.515367329121,-0.537186026573,0.594261705875,0.304435163736
-0.468557626009,-0.45058247447,1.08236527443,0.516006350517,-0.536826550961,0.59430116415,0.303909748793
-0.46819460392,-0.450593113899,1.08238232136,0.515760958195,-0.536840677261,0.594775378704,0.303372651339
-0.467754244804,-0.450609445572,1.08244800568,0.51591950655,-0.536450386047,0.595089972019,0.303176403046
-0.467216104269,-0.450416743755,1.08251738548,0.51680213213,-0.534745872021,0.596294939518,0.302315711975
-0.466784000397,-0.450571864843,1.08258461952,0.517621397972,-0.533541738987,0.597603142262,0.300452888012
-0.46598482132,-0.448829352856,1.08193659782,0.516113519669,-0.532558083534,0.598728775978,0.30254355073
-0.465036511421,-0.449310898781,1.08242356777,0.517944335938,-0.530493199825,0.599812209606,0.300891965628
-0.464871615171,-0.448906511068,1.08215689659,0.518262445927,-0.528639674187,0.602148354053,0.298934072256
-0.465004444122,-0.450399070978,1.08256518841,0.519313752651,-0.528934419155,0.602560043335,0.295741438866
-0.463668525219,-0.449130058289,1.08243632317,0.518544435501,-0.527937531471,0.603062748909,0.297841101885
-0.462630718946,-0.449297219515,1.08284842968,0.520245492458,-0.525743842125,0.60434538126,0.296150267124
-0.462524265051,-0.449144363403,1.08263731003,0.520713031292,-0.523803830147,0.606651961803,0.294042319059
-0.461473107338,-0.449643462896,1.08321499825,0.521683931351,-0.52299618721,0.606944620609,0.293154031038
-0.460847824812,-0.449772417545,1.08342003822,0.522453188896,-0.521713554859,0.607946753502,0.291990667582
-0.460897505283,-0.451042294502,1.08383274078,0.52422106266,-0.520690739155,0.609162151814,0.288088560104
-0.460306227207,-0.451150238514,1.08398473263,0.524037599564,-0.520716607571,0.609335303307,0.288009405136
-0.459951996803,-0.451491624117,1.08432030678,0.524514198303,-0.520088613033,0.60995388031,0.286964744329
-0.458534061909,-0.449627876282,1.08427298069,0.524991571903,-0.516568958759,0.612291157246,0.287471681833
-0.459334760904,-0.45116096735,1.0844117403,0.523967564106,-0.51995331049,0.61108225584,0.285805910826
-0.458483576775,-0.451640605927,1.08495473862,0.525565862656,-0.518213570118,0.611785829067,0.284523040056
-0.456949323416,-0.449909687042,1.08445179462,0.526032626629,-0.515244424343,0.613084554672,0.286252081394
-0.45643350482,-0.450184047222,1.08460497856,0.527474522591,-0.514009237289,0.613268494606,0.285424143076
-0.456082820892,-0.450265526772,1.0849019289,0.527053952217,-0.514008462429,0.613970518112,0.284692317247
-0.455630451441,-0.450365543365,1.08506166935,0.52874147892,-0.512624919415,0.613916695118,0.284173667431
-0.455305099487,-0.450424253941,1.08513975143,0.529335856438,-0.511804699898,0.614420235157,0.283456027508
-0.454821109772,-0.450431525707,1.08493030071,0.530990183353,-0.509704947472,0.6155423522,0.281705439091
-0.454387545586,-0.450534820557,1.08494567871,0.53181374073,-0.508973360062,0.615722715855,0.281080216169
-0.454008549452,-0.450503766537,1.08501172066,0.532480955124,-0.508267223835,0.61594247818,0.280612468719
-0.45370900631,-0.450418531895,1.08503997326,0.533194422722,-0.507297277451,0.616460561752,0.279874622822
-0.453474640846,-0.450380980968,1.08503866196,0.534441947937,-0.503117322922,0.619387149811,0.278575569391
-0.453306138515,-0.450389951468,1.085298419,0.534883677959,-0.502703547478,0.619573712349,0.278059870005
-0.452955037355,-0.450326144695,1.0849994421,0.535657405853,-0.501799225807,0.61998051405,0.277295440435
-0.452657103539,-0.45034635067,1.08502554893,0.535520493984,-0.502361476421,0.6194049716,0.277827650309
-0.452357560396,-0.450168937445,1.08482253551,0.534486234188,-0.505277454853,0.618077158928,0.27748849988
-0.452093422413,-0.450054258108,1.08474183083,0.534867286682,-0.504893600941,0.618126630783,0.277342677116
-0.45194837451,-0.449946582317,1.08468222618,0.536260783672,-0.503089606762,0.618990182877,0.276000410318
-0.451749712229,-0.450133740902,1.08478927612,0.537849128246,-0.498182266951,0.622798025608,0.273231446743
-0.451626390219,-0.449998348951,1.08486366272,0.537246584892,-0.499112486839,0.622095406055,0.274318009615
-0.451483011246,-0.450096428394,1.08475375175,0.536961495876,-0.500149488449,0.620945930481,0.275588989258
-0.45137232542,-0.449778258801,1.084623456,0.538993120193,-0.497239977121,0.622889757156,0.272483408451
-0.451253801584,-0.449755132198,1.08461308479,0.538560926914,-0.498261123896,0.622041225433,0.273409307003
-0.4511513412,-0.449637591839,1.08456683159,0.538982510567,-0.497889190912,0.622162342072,0.272980600595
-0.451038360596,-0.449590116739,1.0845811367,0.539308428764,-0.497754365206,0.622044801712,0.272850424051
-0.450975269079,-0.449462592602,1.0845618248,0.539468348026,-0.49769577384,0.621953487396,0.272849470377
-0.450957983732,-0.449299901724,1.08448624611,0.539850473404,-0.496027857065,0.6231944561,0.272299110889
-0.45092472434,-0.44909799099,1.08441340923,0.541003406048,-0.494365721941,0.624104976654,0.270944446325
-0.450928419828,-0.448989748955,1.08437466621,0.541147112846,-0.494430720806,0.623995423317,0.270791202784
-0.450921356678,-0.448875367641,1.08434200287,0.541220068932,-0.494431376457,0.62400239706,0.270627975464
-0.450909852982,-0.448819726706,1.08437252045,0.540405988693,-0.495872557163,0.62310063839,0.271693468094
-0.450916171074,-0.44868260622,1.08428287506,0.540394127369,-0.496030271053,0.622998833656,0.271662950516
-0.450970858335,-0.4485065341,1.08420705795,0.541396260262,-0.494575321674,0.623904287815,0.270238429308
-0.451041132212,-0.448204874992,1.08426785469,0.54016494751,-0.49718439579,0.622232794762,0.271764546633
-0.451089859009,-0.448113799095,1.08416092396,0.540123641491,-0.497427999973,0.622031807899,0.271860748529
-0.451236367226,-0.448047369719,1.08416628838,0.54014223814,-0.497644335032,0.621896445751,0.271737605333
-0.451262801886,-0.447277128696,1.08403146267,0.540291905403,-0.496031910181,0.623206615448,0.271386533976
-0.451337397099,-0.447621196508,1.0840228796,0.540268480778,-0.497553765774,0.621898710728,0.271647244692
-0.451403975487,-0.447501569986,1.08397555351,0.540313005447,-0.497731685638,0.621757209301,0.271556645632
-0.451434105635,-0.44754499197,1.0838534832,0.540881693363,-0.496084272861,0.623050510883,0.270472407341
-0.451486229897,-0.44742628932,1.08380138874,0.540883898735,-0.498317152262,0.620877861977,0.271358519793
-0.451574087143,-0.447451323271,1.0837829113,0.542121648788,-0.497437477112,0.621040821075,0.270126670599
-0.45161908865,-0.447413057089,1.08378243446,0.541326284409,-0.499302715063,0.619720697403,0.271309942007
-0.451709449291,-0.447186589241,1.08368682861,0.541460990906,-0.499084889889,0.61986386776,0.271114677191
-0.451783388853,-0.446714878082,1.0836905241,0.542454898357,-0.49722880125,0.620893418789,0.270180702209
-0.451941996813,-0.446618258953,1.08360087872,0.542744994164,-0.497643887997,0.620079994202,0.270701289177
-0.452029049397,-0.446872413158,1.08352327347,0.542077064514,-0.499669700861,0.618635416031,0.271611720324
-0.452087432146,-0.446620106697,1.08343172073,0.542321741581,-0.498822778463,0.61916321516,0.271477252245
-0.452259361744,-0.446513950825,1.08332705498,0.543287575245,-0.49738830328,0.61995691061,0.270364373922
-0.452460348606,-0.446381032467,1.0831618309,0.543599545956,-0.499618113041,0.616644382477,0.273187071085
-0.452564954758,-0.446046173573,1.08300375938,0.541422188282,-0.503609597683,0.614877402782,0.27416318655
-0.452710866928,-0.445839434862,1.08302295208,0.541030168533,-0.503770112991,0.615159034729,0.274009972811
-0.452831983566,-0.445728957653,1.08294856548,0.54091501236,-0.504139304161,0.614889442921,0.274163097143
-0.453039884567,-0.445981025696,1.08281373978,0.541686356068,-0.505431234837,0.612875878811,0.274769634008
-0.45316156745,-0.445929050446,1.08270728588,0.541575729847,-0.505817890167,0.612632572651,0.274818956852
-0.453348726034,-0.44568246603,1.08259546757,0.540317118168,-0.50632083416,0.613504290581,0.274424850941
-0.453471183777,-0.445782601833,1.08255529404,0.541194200516,-0.506783545017,0.612099230289,0.274979621172
-0.453620254993,-0.445663720369,1.08245825768,0.541760921478,-0.503737807274,0.614312410355,0.274524331093
-0.453832834959,-0.445459187031,1.08252513409,0.541395008564,-0.50423258543,0.614084661007,0.274847328663
-0.453909933567,-0.445497572422,1.08239150047,0.540536642075,-0.508931577206,0.610587537289,0.27566626668
-0.454013228416,-0.445325702429,1.08230102062,0.540264427662,-0.509412288666,0.610297858715,0.275953322649
-0.454148232937,-0.445212692022,1.08225655556,0.540085494518,-0.509759902954,0.610147714615,0.27599349618
-0.454315662384,-0.445090651512,1.08214664459,0.539813220501,-0.510530531406,0.609686255455,0.276121288538
-0.454434633255,-0.445049256086,1.08210730553,0.539382815361,-0.511561334133,0.609136998653,0.27626657486
-0.454622924328,-0.444988936186,1.08203840256,0.539202392101,-0.512729167938,0.608261287212,0.27638348937
-0.454799890518,-0.444856286049,1.08193743229,0.538103461266,-0.513568222523,0.608791768551,0.2757987082
-0.454927831888,-0.444797664881,1.08190250397,0.538143694401,-0.514056265354,0.608533501625,0.275380462408
-0.45503538847,-0.444728761911,1.08185505867,0.538096904755,-0.514629602432,0.608203232288,0.275130480528
-0.45513343811,-0.444605946541,1.08180701733,0.537949383259,-0.515646338463,0.607537388802,0.274986743927
-0.45527151227,-0.444447189569,1.08198666573,0.538125574589,-0.51567620039,0.60760217905,0.274441957474
-0.455290168524,-0.444291085005,1.08186614513,0.538397908211,-0.515818119049,0.607479274273,0.273913055658
-0.455344259739,-0.444152861834,1.08179759979,0.538542509079,-0.515926718712,0.607593238354,0.273170441389
-0.455413579941,-0.444161564112,1.08186042309,0.540476262569,-0.514905154705,0.607235968113,0.2720708251
-0.455377399921,-0.444208800793,1.08188569546,0.540223896503,-0.512385487556,0.610561609268,0.269877851009
-0.455414414406,-0.443912088871,1.08175051212,0.540541350842,-0.516327798367,0.60610461235,0.271768420935
-0.45541241765,-0.442967563868,1.08152484894,0.540548682213,-0.514138519764,0.608809709549,0.269851058722
-0.455412089825,-0.443335026503,1.08153390884,0.539579212666,-0.517100870609,0.606839895248,0.270566761494
-0.455418139696,-0.443119585514,1.08144569397,0.539614856243,-0.517812132835,0.606391787529,0.2701395154
-0.455432653427,-0.442848771811,1.0813100338,0.540819406509,-0.516283452511,0.607384562492,0.2684212327
-0.455438733101,-0.442619472742,1.08120250702,0.540892124176,-0.51646566391,0.607349693775,0.26800224185
-0.455441862345,-0.442333757877,1.08108448982,0.540916383266,-0.516650617123,0.607249379158,0.267824053764
-0.455392062664,-0.442348986864,1.08115053177,0.542052865028,-0.512819349766,0.610599935055,0.265259891748
-0.455368459225,-0.441860347986,1.08091211319,0.541072309017,-0.517512559891,0.606536269188,0.267461121082
-0.455337136984,-0.44165673852,1.08083701134,0.541326761246,-0.517368614674,0.606662988663,0.266936480999
-0.455233097076,-0.441244125366,1.08075726032,0.541367352009,-0.517254531384,0.60677331686,0.266825139523
-0.455177128315,-0.441015452147,1.08069300652,0.541544020176,-0.517226696014,0.606761038303,0.26654791832
-0.455101728439,-0.440497666597,1.08065187931,0.541822850704,-0.516299009323,0.607501685619,0.266092330217
-0.455044746399,-0.440499484539,1.08055734634,0.543565988541,-0.512524545193,0.609508574009,0.265243291855
-0.454970180988,-0.440377801657,1.08056712151,0.543172478676,-0.517066895962,0.605449974537,0.266525357962
-0.454882860184,-0.440173476934,1.08048796654,0.543453991413,-0.516857564449,0.605540573597,0.266151696444
-0.454810023308,-0.439909189939,1.08049750328,0.543543279171,-0.516778469086,0.605563521385,0.266070663929
-0.454711824656,-0.439475029707,1.08042931557,0.542759418488,-0.516647040844,0.60656452179,0.265645384789
-0.454525142908,-0.439591169357,1.0801153183,0.543393075466,-0.517394304276,0.605117321014,0.266195863485
-0.454170227051,-0.439439833164,1.08028650284,0.543890893459,-0.516969323158,0.604973375797,0.266331881285
-0.454284846783,-0.439567655325,1.0802526474,0.543312311172,-0.514434814453,0.608853280544,0.2635653615
-0.454235255718,-0.439063489437,1.08011126518,0.54237383604,-0.518163442612,0.605558991432,0.265773802996
-0.454159021378,-0.43892210722,1.08015072346,0.542199671268,-0.518229782581,0.605708241463,0.265659809113
-0.4540810287,-0.43876105547,1.08019864559,0.542280614376,-0.517983138561,0.605849981308,0.265652418137
-0.454055607319,-0.4384739995,1.08016884327,0.543218851089,-0.516185522079,0.607134878635,0.264297842979
-0.454287052155,-0.438394069672,1.08131670952,0.54279500246,-0.516581833363,0.606720983982,0.265342146158
-0.454263031483,-0.438148438931,1.08143591881,0.54376322031,-0.515195131302,0.606806576252,0.2658598423
-0.453778296709,-0.437982320786,1.08027076721,0.543598651886,-0.514995753765,0.60778427124,0.26434507966
-0.453818976879,-0.437952637672,1.0805529356,0.543496131897,-0.515059530735,0.607687473297,0.264653533697
-0.453985571861,-0.437524825335,1.08131766319,0.543208539486,-0.514278173447,0.608329415321,0.265287876129
-0.453936368227,-0.437410473824,1.08141803741,0.543202340603,-0.514052033424,0.608419775963,0.265532016754
-0.453884810209,-0.437676340342,1.08154463768,0.543130218983,-0.514809906483,0.607649981976,0.265973448753
-0.45385658741,-0.437594801188,1.08164477348,0.543092668056,-0.514651238918,0.607698261738,0.266247004271
-0.453830361366,-0.437535464764,1.08172750473,0.543132960796,-0.514466524124,0.607685983181,0.266549557447
-0.453814715147,-0.437779426575,1.08196616173,0.544445753098,-0.510081648827,0.61098498106,0.264751315117
-0.453506827354,-0.437591940165,1.08231008053,0.544885754585,-0.509257912636,0.611081361771,0.26520845294
-0.453710287809,-0.437626570463,1.08218204975,0.544188141823,-0.509758353233,0.611282467842,0.265216082335
-0.453707844019,-0.43776294589,1.08241868019,0.5426222682,-0.512449383736,0.608960926533,0.26855763793
-0.453671842813,-0.437103480101,1.08248209953,0.542754411697,-0.514347612858,0.606186509132,0.270928174257
-0.453741431236,-0.437047570944,1.08259832859,0.542652189732,-0.514278948307,0.606315255165,0.270975500345
-0.453621059656,-0.437208533287,1.08280920982,0.542850196362,-0.51072961092,0.61023658514,0.268477737904
-0.453618377447,-0.437198191881,1.08293259144,0.542860507965,-0.510735750198,0.610201299191,0.268525481224
-0.45364433527,-0.437587440014,1.08307695389,0.542980909348,-0.511775910854,0.60907715559,0.268853634596
-0.453516721725,-0.437526941299,1.08283174038,0.543036937714,-0.511578440666,0.609393894672,0.268398195505
-0.453503072262,-0.437439590693,1.08296096325,0.542967796326,-0.511700391769,0.609308898449,0.26849848032
-0.45467454195,-0.438317298889,1.08286619186,0.541463494301,-0.517904281616,0.605179488659,0.268980026245
-0.453572303057,-0.437245130539,1.08302032948,0.542021036148,-0.516628146172,0.604880034924,0.270977586508
-0.454653084278,-0.438087105751,1.08299815655,0.543023645878,-0.515516042709,0.607561886311,0.265023201704
-0.454325944185,-0.438581883907,1.08349466324,0.543917417526,-0.516101717949,0.60613322258,0.265321820974
-0.454326838255,-0.438536316156,1.08360183239,0.543259501457,-0.517628312111,0.605425834656,0.26531085372
-0.454174309969,-0.438491344452,1.08384084702,0.541391313076,-0.521750450134,0.601239204407,0.270524084568
-0.454489946365,-0.4384996593,1.08381795883,0.541999518871,-0.520085513592,0.604713261127,0.264706283808
-0.454552739859,-0.438783198595,1.08400642872,0.539208710194,-0.525904238224,0.60042899847,0.268633157015
-0.454731345177,-0.438739866018,1.08413922787,0.540084660053,-0.523723065853,0.604802191257,0.261222392321
-0.454218655825,-0.437311142683,1.08407223225,0.538027942181,-0.525809109211,0.60289233923,0.265653073788
-0.454865992069,-0.438971936703,1.0845605135,0.53602617979,-0.530966699123,0.601557850838,0.262446969748
-0.454901576042,-0.43883150816,1.08456552029,0.536906301975,-0.530437231064,0.6027790308,0.258892893791
-0.454532027245,-0.438078969717,1.08432924747,0.533374845982,-0.534331381321,0.602288901806,0.259325414896
-0.454467058182,-0.437892824411,1.08435153961,0.53400427103,-0.534158587456,0.604109823704,0.254097044468
-0.454307019711,-0.437848985195,1.08449685574,0.532249391079,-0.536405563354,0.605081677437,0.250711083412
-0.454101264477,-0.438093036413,1.0848711729,0.528990387917,-0.542517602444,0.602288722992,0.251181721687
-0.453808188438,-0.438016027212,1.08501970768,0.52733194828,-0.546051084995,0.601345539093,0.249264985323
-0.453381091356,-0.437879741192,1.08525705338,0.525039196014,-0.549236655235,0.602245867252,0.244893789291
-0.453073531389,-0.437679797411,1.08526217937,0.522238194942,-0.552554965019,0.603878676891,0.239334121346
-0.452260553837,-0.437515199184,1.08568310738,0.522722959518,-0.552738308907,0.605874478817,0.232717290521
-0.451660633087,-0.437384366989,1.08598089218,0.519763469696,-0.557424724102,0.605884253979,0.228096649051
-0.450983643532,-0.436947494745,1.0863275528,0.516463220119,-0.561061561108,0.607217609882,0.223075062037
-0.450282931328,-0.436750501394,1.08662796021,0.513645887375,-0.564851105213,0.608110070229,0.21751627326
-0.44965928793,-0.435994386673,1.08674478531,0.509487450123,-0.569410145283,0.609048724174,0.212730884552
-0.448503166437,-0.436147898436,1.08740460873,0.507724881172,-0.568803548813,0.614604115486,0.202335685492
-0.447377562523,-0.435644865036,1.08785426617,0.504046320915,-0.573863625526,0.614582359791,0.197246655822
-0.446243673563,-0.434811532497,1.088088274,0.500795602798,-0.576800942421,0.617101609707,0.188917562366
-0.444970220327,-0.434349834919,1.08867132664,0.497349739075,-0.580927789211,0.618285179138,0.181355550885
-0.443684130907,-0.433574318886,1.08921587467,0.493978798389,-0.584013462067,0.620350539684,0.173431023955
-0.442162722349,-0.432871758938,1.08990240097,0.490614622831,-0.58629989624,0.623128294945,0.165108904243
-0.440700590611,-0.43206590414,1.09056067467,0.486848980188,-0.589571297169,0.625189602375,0.156594216824
-0.439161270857,-0.431259423494,1.09124791622,0.483185142279,-0.592358052731,0.627377569675,0.148464128375
-0.437372624874,-0.430010616779,1.09193861485,0.479106247425,-0.594960033894,0.630049526691,0.139704555273
-0.435604214668,-0.429060876369,1.09268629551,0.475521057844,-0.597008407116,0.632718324661,0.130874916911
-0.433957755566,-0.427817821503,1.09374976158,0.471520036459,-0.598274588585,0.636245965958,0.122178219259
-0.431889116764,-0.426463395357,1.09466266632,0.46811619401,-0.599304735661,0.639322936535,0.113874070346
-0.429800748825,-0.425655692816,1.09577441216,0.464030116796,-0.599664568901,0.643750607967,0.103265471756
-0.427430301905,-0.423951417208,1.09646439552,0.460856318474,-0.600565195084,0.646455347538,0.0950196906924
-0.425406724215,-0.422694355249,1.09741520882,0.45683991909,-0.60065984726,0.650415062904,0.0864028409123
-0.42292419076,-0.420900195837,1.09718203545,0.452389627695,-0.601502418518,0.653963804245,0.0766165032983
-0.42079269886,-0.417671442032,1.09871697426,0.447068452835,-0.604325294495,0.65551251173,0.0722790136933
-0.419097006321,-0.417347311974,1.09861516953,0.442731261253,-0.605106115341,0.658909022808,0.0606187880039
-0.416378617287,-0.414767742157,1.10082364082,0.439435660839,-0.605530440807,0.661102473736,0.0563261918724
-0.413674503565,-0.412620782852,1.10070419312,0.435991555452,-0.608906149864,0.66087013483,0.0489421635866
-0.411760270596,-0.410785645247,1.10279488564,0.432567685843,-0.607151865959,0.665107727051,0.0433999188244
-0.409740626812,-0.409597039223,1.10419523716,0.428969413042,-0.608213424683,0.666902124882,0.0360980071127
-0.40737837553,-0.409526437521,1.10599470139,0.427067697048,-0.607916712761,0.668803930283,0.0274196900427
-0.405182182789,-0.408097267151,1.10664868355,0.422055959702,-0.609001457691,0.671264946461,0.0197412632406
-0.402865767479,-0.405719816685,1.10752356052,0.417870819569,-0.609402239323,0.673654854298,0.0142141990364
-0.400896281004,-0.402501225471,1.10783481598,0.411658763885,-0.610308289528,0.676733255386,0.00964575447142
-0.398565143347,-0.400834769011,1.1076208353,0.405631422997,-0.611019670963,0.679791212082,0.00143611303065
-0.396981537342,-0.400817871094,1.11027765274,0.404204070568,-0.611033439636,0.680619001389,-0.0038826118689
-0.395290702581,-0.398376941681,1.11099421978,0.397372305393,-0.612509250641,0.6832716465,-0.00823089387268
-0.393358290195,-0.397509008646,1.11217439175,0.393252879381,-0.613289654255,0.684851706028,-0.0143628260121
-0.391539573669,-0.393923223019,1.11174416542,0.384946286678,-0.612982094288,0.689757049084,-0.0174548663199
-0.389566719532,-0.394466936588,1.11266350746,0.382083058357,-0.613852441311,0.690322041512,-0.0255561638623
-0.387880206108,-0.390809953213,1.11280441284,0.373727321625,-0.615342795849,0.693476200104,-0.0277835503221
-0.386646538973,-0.390558302402,1.11429357529,0.369883686304,-0.617231011391,0.693631589413,-0.0329737812281
-0.385039776564,-0.388906747103,1.11539077759,0.36521962285,-0.618117392063,0.695173621178,-0.0357677675784
-0.383416056633,-0.387659370899,1.11527633667,0.359036922455,-0.614235281944,0.701508641243,-0.0411483347416
-0.382244825363,-0.386201709509,1.11581110954,0.353676617146,-0.618186593056,0.700497746468,-0.0454007424414
-0.380204916,-0.385504007339,1.11728143692,0.351009041071,-0.616528809071,0.703024089336,-0.0494188778102
-0.378770589828,-0.384071230888,1.1187441349,0.347191780806,-0.616525888443,0.704773724079,-0.0514561906457
-0.377372920513,-0.383116066456,1.11893808842,0.34287327528,-0.619700372219,0.703698933125,-0.0567217990756
-0.375961869955,-0.381790339947,1.11987876892,0.338848829269,-0.618390023708,0.706578493118,-0.0593476220965
-0.375087469816,-0.380407780409,1.12026941776,0.333372831345,-0.620963275433,0.706595957279,-0.0631621778011
-0.373831808567,-0.379482269287,1.12104916573,0.330238819122,-0.622199952602,0.706608116627,-0.067191593349
-0.372558355331,-0.376893639565,1.12217271328,0.325379014015,-0.621387839317,0.70956748724,-0.0672289505601
-0.371098577976,-0.377849817276,1.12226772308,0.323467671871,-0.621851205826,0.709165751934,-0.0758531093597
-0.370220422745,-0.376896858215,1.12319743633,0.319590508938,-0.618251383305,0.713809549809,-0.0781240612268
-0.369559943676,-0.376194655895,1.12547123432,0.31907120347,-0.619300127029,0.713057458401,-0.0788045376539
-0.367788136005,-0.376208394766,1.12546718121,0.316468924284,-0.617905378342,0.714640319347,-0.0856136456132
-0.366948068142,-0.375152409077,1.12714779377,0.31438806653,-0.615231156349,0.71781039238,-0.0860184133053
-0.366576015949,-0.373994201422,1.12725436687,0.310512602329,-0.617432355881,0.717261314392,-0.0888557434082
-0.364968121052,-0.374002158642,1.12886750698,0.310793876648,-0.614585876465,0.71916782856,-0.0921367034316
-0.363637089729,-0.372096836567,1.12796783447,0.310969918966,-0.630383074284,0.70432472229,-0.099204801023
-0.362690091133,-0.372731357813,1.12969350815,0.307301074266,-0.612293064594,0.721790730953,-0.0983942821622
-0.362679570913,-0.371764183044,1.12919449806,0.296497941017,-0.617799818516,0.720583021641,-0.105700485408
-0.361268639565,-0.372255116701,1.1319693327,0.311097055674,-0.627571225166,0.7058609128,-0.105514630675
-0.360447943211,-0.371635496616,1.13285851479,0.300665289164,-0.617440223694,0.71903192997,-0.10658916086
-0.359737694263,-0.368783801794,1.13277041912,0.306214421988,-0.627966225147,0.707582116127,-0.10591840744
-0.358687400818,-0.36818510294,1.13414084911,0.295646965504,-0.615757226944,0.722623765469,-0.106071151793
-0.358008265495,-0.369470059872,1.13479983807,0.308419585228,-0.625304341316,0.708480894566,-0.109209358692
-0.357616066933,-0.36821192503,1.13526201248,0.296276926994,-0.616355001926,0.721521854401,-0.108317740262
-0.356718420982,-0.368353009224,1.1362593174,0.299019753933,-0.617600023746,0.719405829906,-0.107763305306
-0.356188178062,-0.366991043091,1.13644242287,0.301849812269,-0.610873997211,0.724790096283,-0.101975947618
-0.354902327061,-0.365005970001,1.13561439514,0.300241470337,-0.610576927662,0.725954532623,-0.100205242634
-0.354963362217,-0.364388287067,1.13607847691,0.299408614635,-0.613204598427,0.724515199661,-0.0970173031092
-0.35467928648,-0.364029794931,1.13615059853,0.300741165876,-0.613347530365,0.724100530148,-0.0950694009662
-0.354169547558,-0.366379708052,1.13662195206,0.30551853776,-0.615226686001,0.720426619053,-0.0956040471792
-0.353974640369,-0.365749329329,1.13649022579,0.305763632059,-0.616418898106,0.719698429108,-0.0925774276257
-0.354421913624,-0.364499032497,1.13615822792,0.303130239248,-0.618603289127,0.719469130039,-0.088353022933
-0.354326874018,-0.364214360714,1.13602292538,0.303395241499,-0.617774069309,0.720390617847,-0.0856967940927
-0.354146927595,-0.364074379206,1.13592660427,0.30465143919,-0.617742657661,0.720289111137,-0.0822500362992
-0.354010760784,-0.363776296377,1.13581883907,0.304212898016,-0.616060972214,0.722226977348,-0.0794461145997
-0.353588432074,-0.364059358835,1.13614058495,0.305821746588,-0.613591015339,0.723908185959,-0.0770462527871
-0.353403747082,-0.363842338324,1.1358743906,0.305307388306,-0.616076469421,0.722146689892,-0.0757729634643
-0.353426218033,-0.363107919693,1.13579642773,0.305067628622,-0.61431568861,0.724109053612,-0.072221390903
-0.352493286133,-0.363497257233,1.13473367691,0.306269019842,-0.610345125198,0.727152526379,-0.0701951906085
-0.352272510529,-0.363336652517,1.13480246067,0.307074546814,-0.608796000481,0.728460967541,-0.066464304924
-0.352066040039,-0.363336056471,1.13481628895,0.309044241905,-0.610299348831,0.726749658585,-0.0621397905052
-0.35188215971,-0.363521307707,1.13492822647,0.311538368464,-0.611846745014,0.724704682827,-0.0582289807498
-0.351926982403,-0.363681733608,1.13554370403,0.313941448927,-0.611296951771,0.724537074566,-0.0529408566654
-0.351940751076,-0.363990336657,1.13553237915,0.315633177757,-0.624341249466,0.712580561638,-0.052940633148
-0.351904600859,-0.364473968744,1.13557159901,0.317502260208,-0.620000302792,0.715809464455,-0.0490787550807
-0.352001190186,-0.364697545767,1.135414958,0.318575739861,-0.61830586195,0.716952085495,-0.0467683114111
-0.352361500263,-0.362965762615,1.13445580006,0.319499343634,-0.629769742489,0.706660091877,-0.0440643802285
-0.352804124355,-0.364800393581,1.13423752785,0.319901108742,-0.603635370731,0.729333877563,-0.0368733368814
-0.353347957134,-0.366339892149,1.13415515423,0.31504547596,-0.611289918423,0.724888861179,-0.0400907322764
-0.354489862919,-0.366296768188,1.13187110424,0.312416285276,-0.612552940845,0.725044250488,-0.0385473519564
-0.3547052145,-0.367726206779,1.13149309158,0.319972366095,-0.615957558155,0.718968033791,-0.0360431261361
-0.355547010899,-0.367883771658,1.13036155701,0.319594591856,-0.605392217636,0.728383123875,-0.0285982377827
-0.356888711452,-0.369286566973,1.12913990021,0.319393575191,-0.624603331089,0.711959958076,-0.031171945855
-0.358303576708,-0.369806706905,1.12934100628,0.319571733475,-0.609280228615,0.725373148918,-0.0220314450562
-0.360089063644,-0.370198488235,1.12730813026,0.316172719002,-0.620660841465,0.717160344124,-0.0222721099854
-0.360728561878,-0.371973872185,1.12672972679,0.317184001207,-0.612411201,0.723859608173,-0.0193420816213
-0.361812442541,-0.37084504962,1.12511658669,0.313403308392,-0.615204393864,0.723233819008,-0.015327998437
-0.363950371742,-0.374118357897,1.12362718582,0.312175244093,-0.628043830395,0.712490797043,-0.0215501710773
-0.364682197571,-0.375337898731,1.12130713463,0.311596244574,-0.62605959177,0.714514672756,-0.0206413138658
-0.365862548351,-0.374769449234,1.12051916122,0.308706015348,-0.615797221661,0.724789261818,-0.0132276797667
-0.368037879467,-0.377847194672,1.1190482378,0.308791339397,-0.628813385963,0.713383316994,-0.0180545449257
-0.36944553256,-0.377901673317,1.1180229187,0.30607816577,-0.619775235653,0.722531974316,-0.0119366524741
-0.371702253819,-0.381639361382,1.11673593521,0.305723369122,-0.633235931396,0.710767269135,-0.0188524834812
-0.373096287251,-0.383460044861,1.11566448212,0.307932168245,-0.644504308701,0.699592292309,-0.0190410986543
-0.37512293458,-0.385851889849,1.11429846287,0.308980852365,-0.637784481049,0.705285906792,-0.0182642806321
-0.376614868641,-0.387283742428,1.11291062832,0.305072754622,-0.63402569294,0.710433125496,-0.0150636918843
-0.37849599123,-0.389358133078,1.11144053936,0.30404445529,-0.634838581085,0.710154354572,-0.0147623410448
-0.380531489849,-0.390995502472,1.10996389389,0.302424669266,-0.635549902916,0.710242033005,-0.0131151201203
-0.382714390755,-0.393423169851,1.10869288445,0.30476307869,-0.640962004662,0.704348564148,-0.0134346615523
-0.384680867195,-0.395528554916,1.10755467415,0.299919933081,-0.639135658741,0.708096981049,-0.0123468255624
-0.38665792346,-0.397702336311,1.10643804073,0.303783416748,-0.642683088779,0.703263342381,-0.00974582135677
-0.388372838497,-0.400549024343,1.10580480099,0.305203557014,-0.642728626728,0.702628493309,-0.00800020527095
-0.390457987785,-0.401322245598,1.10478079319,0.301071882248,-0.639492630959,0.707391738892,-0.00137317040935
-0.391996383667,-0.401672929525,1.10327422619,0.298280119896,-0.628714859486,0.718125879765,0.00647332612425
-0.394387602806,-0.404150724411,1.10224568844,0.30087441206,-0.643381476402,0.703920066357,0.00560930464417
-0.396257996559,-0.406145751476,1.09973549843,0.300760269165,-0.643479347229,0.703866839409,0.00701341312379
-0.398355394602,-0.408257842064,1.0986738205,0.30096873641,-0.645837128162,0.701564311981,0.0109473029152
-0.400114893913,-0.409866988659,1.09826683998,0.299171507359,-0.632824599743,0.713797450066,0.0228619035333
-0.402171552181,-0.411857873201,1.0973751545,0.300118744373,-0.632579088211,0.713501572609,0.0262305811048
-0.40440094471,-0.413671374321,1.0968798399,0.300977617502,-0.635097622871,0.710675477982,0.0316841043532
-0.406672596931,-0.415897548199,1.09591257572,0.302226990461,-0.645647823811,0.700469374657,0.0337697416544
-0.408930003643,-0.417756676674,1.09478926659,0.302318125963,-0.646470606327,0.699426412582,0.038500521332
-0.411140680313,-0.419517338276,1.09379792213,0.301654517651,-0.646871864796,0.699089407921,0.0428436100483
-0.413321137428,-0.421600937843,1.09242033958,0.302009403706,-0.648148238659,0.697481930256,0.0470451489091
-0.415669322014,-0.423360288143,1.09196233749,0.302573978901,-0.648618996143,0.696415483952,0.0524215660989
-0.418119847775,-0.425323486328,1.09094893932,0.303288042545,-0.657157719135,0.687826275826,0.0552731603384
-0.420321792364,-0.427126854658,1.08959233761,0.303385198116,-0.657273054123,0.68736410141,0.0589935258031
-0.423037111759,-0.431199789047,1.08947896957,0.307227343321,-0.65867292881,0.684129536152,0.0610591173172
-0.425118684769,-0.432532310486,1.08952379227,0.308606594801,-0.658324599266,0.683201253414,0.0678735077381
-0.427332013845,-0.432200998068,1.08717548847,0.304936796427,-0.658472895622,0.684137821198,0.0733664855361
-0.429879665375,-0.433365225792,1.08620882034,0.304508447647,-0.657956182957,0.684275448322,0.0783292204142
-0.431869268417,-0.435437768698,1.08563303947,0.306329339743,-0.658884108067,0.681983530521,0.0832629352808
-0.433989554644,-0.436243265867,1.0853099823,0.306784033775,-0.657967865467,0.681824624538,0.0898722708225
-0.436011612415,-0.437410891056,1.0840139389,0.306643188,-0.657806873322,0.681398153305,0.0946403667331
-0.438109576702,-0.439504265785,1.08344852924,0.308232426643,-0.658814430237,0.679020941257,0.0994339883327
-0.440287768841,-0.440369844437,1.08321523666,0.30884373188,-0.658241689205,0.678331136703,0.105831541121
-0.442333757877,-0.442463904619,1.0823123455,0.310570776463,-0.65886336565,0.676344454288,0.109558850527
-0.445582151413,-0.445656508207,1.08211755753,0.312681078911,-0.659708380699,0.674154996872,0.111939676106
-0.447305321693,-0.448237091303,1.08280396461,0.316383779049,-0.656683981419,0.674440741539,0.117461487651
-0.449219107628,-0.449345558882,1.08220946789,0.317764252424,-0.655970335007,0.673448622227,0.123271390796
-0.451098203659,-0.450647652149,1.08186137676,0.319312393665,-0.656582295895,0.671103656292,0.128682851791
-0.453009545803,-0.452216356993,1.08140420914,0.320822775364,-0.656803905964,0.669253051281,0.133348464966
-0.455072462559,-0.453537166119,1.08079135418,0.320325106382,-0.656976878643,0.668347835541,0.138147205114
-0.456045627594,-0.452446818352,1.07951712608,0.318536400795,-0.656200110912,0.668192863464,0.146472513676
-0.458170890808,-0.453908085823,1.07940673828,0.32008716464,-0.657172203064,0.665258169174,0.151988953352
-0.460007995367,-0.455072671175,1.07874667645,0.321041733027,-0.656384587288,0.664475262165,0.156730011106
-0.461654245853,-0.455961197615,1.07827305794,0.322268813848,-0.654701054096,0.664249777794,0.162116110325
-0.463656455278,-0.457645475864,1.07819199562,0.32505223155,-0.65549069643,0.660919308662,0.166909396648
-0.464621186256,-0.458870470524,1.07788193226,0.326243430376,-0.655889451504,0.658339738846,0.173098579049
-0.465877532959,-0.459869325161,1.07756972313,0.328425556421,-0.65871989727,0.652839303017,0.178957208991
-0.467472910881,-0.461072653532,1.07745969296,0.329577475786,-0.655046582222,0.654381871223,0.184599861503
-0.469005763531,-0.461170583963,1.07678687572,0.329900383949,-0.658022761345,0.649488210678,0.190622285008
-0.470169901848,-0.462572097778,1.07631981373,0.331889510155,-0.657613456249,0.647278666496,0.196021124721
-0.472395718098,-0.466563433409,1.07727837563,0.33702403307,-0.654903829098,0.647092521191,0.19694493711
-0.47355774045,-0.467307060957,1.07719945908,0.338843047619,-0.654288172722,0.644835889339,0.203172966838
-0.474648296833,-0.467948913574,1.07666635513,0.34021255374,-0.65701931715,0.639527976513,0.208770304918
-0.475690096617,-0.468430131674,1.07596242428,0.341365039349,-0.655603945255,0.638745069504,0.213677749038
-0.47677809,-0.46913510561,1.07590019703,0.342510044575,-0.655305445194,0.636529147625,0.219299986959
-0.478055715561,-0.469687491655,1.07515466213,0.343295067549,-0.649571478367,0.640810072422,0.222638770938
-0.479252368212,-0.470607995987,1.07481348515,0.344040930271,-0.646813213825,0.642205536366,0.22547878325
-0.480041176081,-0.471022695303,1.07438600063,0.346022874117,-0.648612976074,0.636995434761,0.231961712241
-0.481010824442,-0.471523821354,1.07425808907,0.346963196993,-0.648329377174,0.63491743803,0.236992791295
-0.481868565083,-0.472350716591,1.0736798048,0.348891913891,-0.648360490799,0.632396578789,0.240785449743
-0.48277553916,-0.472409188747,1.07312011719,0.348833143711,-0.647667765617,0.631210744381,0.245794832706
-0.483563899994,-0.473030328751,1.07257282734,0.35110938549,-0.646748363972,0.629694104195,0.248845487833
-0.484439134598,-0.473802030087,1.07188642025,0.351588726044,-0.647863507271,0.626579403877,0.253094345331
-0.48504665494,-0.474280208349,1.07138097286,0.352926045656,-0.648077964783,0.623908042908,0.257248729467
-0.485646367073,-0.474714905024,1.07070970535,0.354223698378,-0.647409379482,0.622365772724,0.260859161615
-0.486309170723,-0.475185632706,1.07059645653,0.356133371592,-0.647426903248,0.619692802429,0.264552772045
-0.486878365278,-0.475537419319,1.06986880302,0.356475025415,-0.647476315498,0.617752015591,0.26848205924
-0.487212091684,-0.475523114204,1.06912279129,0.358208149672,-0.646173834801,0.616730928421,0.271642029285
-0.487666606903,-0.47574621439,1.06863605976,0.359464406967,-0.6497656703,0.610410392284,0.275661289692
-0.488190412521,-0.476154059172,1.06837141514,0.359890401363,-0.647059381008,0.611251115799,0.279580414295
-0.488584280014,-0.475863844156,1.06771743298,0.360533922911,-0.645636081696,0.610789239407,0.283029913902
-0.489015072584,-0.476343661547,1.06698513031,0.361811339855,-0.645711004734,0.6088078022,0.285487383604
-0.489315062761,-0.476529806852,1.06635081768,0.362479776144,-0.645266830921,0.607291042805,0.288853824139
-0.489635974169,-0.476667582989,1.06607162952,0.363382697105,-0.645846545696,0.604547441006,0.292160600424
-0.489890933037,-0.476946383715,1.06537127495,0.364394247532,-0.644996702671,0.603514909744,0.294900000095
-0.490263819695,-0.477242648602,1.06501889229,0.365629702806,-0.644002139568,0.6021733284,0.298267573118
-0.490491837263,-0.477350801229,1.06446170807,0.366086602211,-0.644258260727,0.6003703475,0.300778031349
-0.490640521049,-0.477385997772,1.0641002655,0.366855114698,-0.643612265587,0.599143862724,0.30365678668
-0.49063128233,-0.477537840605,1.06338262558,0.367417812347,-0.643878519535,0.597086966038,0.306450396776
-0.490665256977,-0.477668821812,1.06260025501,0.368812739849,-0.642855763435,0.596212744713,0.308616548777
-0.490545392036,-0.477579802275,1.06218850613,0.36903989315,-0.646408855915,0.590391039848,0.31209564209
-0.491002768278,-0.478370308876,1.06182026863,0.370321154594,-0.63910061121,0.597795426846,0.311533808708
-0.491010725498,-0.478568196297,1.06149184704,0.371195673943,-0.638837873936,0.596189320087,0.314099371433
-0.490700036287,-0.478377610445,1.06113934517,0.372081518173,-0.638972222805,0.593735277653,0.317408919334
-0.490218698978,-0.478079110384,1.06030201912,0.372901618481,-0.640566885471,0.589511632919,0.321083515882
-0.489968568087,-0.478171616793,1.05990803242,0.373892456293,-0.63997387886,0.588257849216,0.32340452075
-0.489570379257,-0.477972388268,1.05936956406,0.374699950218,-0.639439582825,0.586442530155,0.32680606842
-0.489302039146,-0.478071093559,1.05913352966,0.375444114208,-0.639207184315,0.584734678268,0.329456359148
-0.488569766283,-0.475970447063,1.05824351311,0.374012976885,-0.636992514133,0.58489626646,0.335039198399
-0.488295912743,-0.476502746344,1.05790925026,0.37559440732,-0.636912882328,0.5830270648,0.336675554514
-0.487977772951,-0.476391464472,1.05738389492,0.376353293657,-0.63621789217,0.581834971905,0.339194893837
-0.487601667643,-0.476306319237,1.05691576004,0.37709787488,-0.635594308376,0.580736398697,0.341412127018
-0.487378358841,-0.47638207674,1.0565097332,0.378093570471,-0.634732723236,0.580087959766,0.343012183905
-0.487041413784,-0.476299852133,1.05586123466,0.379178673029,-0.634206056595,0.578813135624,0.344937056303
-0.486735969782,-0.476351082325,1.05553126335,0.380404382944,-0.633167028427,0.578138113022,0.346624165773
-0.486446321011,-0.476390719414,1.05545544624,0.381565362215,-0.632699787617,0.57661485672,0.348732352257
-0.486021250486,-0.476345151663,1.05511260033,0.38279029727,-0.631702184677,0.575823128223,0.350502252579
-0.485541403294,-0.476135015488,1.05484759808,0.384137094021,-0.630492508411,0.574922740459,0.352678030729
-0.485093086958,-0.476036459208,1.05426239967,0.38538390398,-0.629609823227,0.574086666107,0.354252994061
-0.484735906124,-0.476045489311,1.05411481857,0.3864993155,-0.628867506981,0.572962224483,0.35617172718
-0.484215646982,-0.475806802511,1.05358767509,0.387951850891,-0.62739109993,0.572623133659,0.357738345861
-0.483739584684,-0.475900679827,1.05343878269,0.389090776443,-0.62728625536,0.570672214031,0.359796911478
-0.483238756657,-0.475614488125,1.05319416523,0.390821903944,-0.624662816525,0.571245372295,0.361570894718
-0.482681840658,-0.475052446127,1.05250573158,0.392562031746,-0.621779739857,0.572635293007,0.362455159426
-0.482279121876,-0.47487950325,1.05247962475,0.39368468523,-0.620771884918,0.571373522282,0.36494794488
-0.481883406639,-0.475248724222,1.05225944519,0.394632697105,-0.621360778809,0.568751990795,0.367010951042
-0.481394410133,-0.475263893604,1.05180740356,0.395693719387,-0.620897591114,0.567324519157,0.368857115507
-0.480976969004,-0.475083559752,1.05123448372,0.396462827921,-0.620217502117,0.566220879555,0.370865851641
-0.480603098869,-0.474803119898,1.05099129677,0.397439092398,-0.619386613369,0.56548178196,0.372334420681
-0.480318546295,-0.474872112274,1.05094885826,0.398323565722,-0.619097590446,0.564180493355,0.373840868473
-0.479835510254,-0.474685817957,1.05059039593,0.400055170059,-0.618383646011,0.562783360481,0.375276833773
-0.478859931231,-0.47418910265,1.05030894279,0.400929480791,-0.617803871632,0.561119794846,0.377781271935
-0.478795647621,-0.474441409111,1.05012476444,0.402146339417,-0.617361545563,0.560547053814,0.378061026335
-0.47834789753,-0.47431525588,1.04996728897,0.401833415031,-0.617121398449,0.559811472893,0.379871249199
-0.47782561183,-0.474239856005,1.04969584942,0.402679353952,-0.616475045681,0.559052705765,0.381140530109
-0.47721067071,-0.474077939987,1.0495609045,0.403467535973,-0.616235077381,0.557559251785,0.382878661156
-0.476642608643,-0.474009722471,1.0494440794,0.404694885015,-0.614856541157,0.557366371155,0.384078294039
-0.476060271263,-0.473949998617,1.04935276508,0.405644387007,-0.614002048969,0.55666667223,0.385456204414
-0.47488000989,-0.473347753286,1.04916644096,0.406684070826,-0.612476527691,0.555623829365,0.388282120228
-0.474650740623,-0.47341889143,1.04911804199,0.407566159964,-0.611685574055,0.555398821831,0.388925015926
-0.473892599344,-0.473288357258,1.04930186272,0.408537507057,-0.610487997532,0.554612457752,0.390904992819
-0.473181277514,-0.473341882229,1.04929351807,0.409942865372,-0.608909547329,0.554170548916,0.392518877983
-0.472384333611,-0.473215013742,1.04929506779,0.410902142525,-0.607700526714,0.553416490555,0.394448697567
-0.471504211426,-0.473039329052,1.04934060574,0.411974042654,-0.606415569782,0.552555143833,0.396510362625
-0.470639586449,-0.472976267338,1.04930448532,0.413351684809,-0.604385316372,0.552377939224,0.398418724537
-0.469704270363,-0.472891479731,1.04940760136,0.414468646049,-0.60299551487,0.551612973213,0.400419175625
-0.468360722065,-0.472596853971,1.04946804047,0.415305405855,-0.602164745331,0.54938596487,0.403849095106
-0.467383503914,-0.472326427698,1.04952716827,0.416419893503,-0.600025594234,0.549436628819,0.405812054873
-0.466159105301,-0.472470700741,1.04998016357,0.417898744345,-0.598363220692,0.54806882143,0.408586204052
-0.466031044722,-0.472801536322,1.05010223389,0.418635338545,-0.598100841045,0.546974241734,0.409681707621
-0.465233743191,-0.472676962614,1.05016326904,0.419223994017,-0.59638774395,0.547463059425,0.410922110081
-0.464497685432,-0.472361028194,1.05018639565,0.419737368822,-0.594859838486,0.54789441824,0.412036776543
-0.463875800371,-0.47232952714,1.0503026247,0.420033097267,-0.594250261784,0.54766535759,0.412918120623
-0.462846428156,-0.471947789192,1.05048012733,0.42021137476,-0.59323567152,0.547329127789,0.41463804245
-0.462725251913,-0.472456932068,1.05090868473,0.420342624187,-0.593771874905,0.546669960022,0.414607316256
-0.46141320467,-0.472193300724,1.05121946335,0.421284168959,-0.591900885105,0.546708106995,0.416272938251
-0.460889577866,-0.472201704979,1.05153846741,0.421659380198,-0.591318011284,0.546755850315,0.416658461094
-0.460627913475,-0.472266972065,1.05175995827,0.421723693609,-0.591204583645,0.546670436859,0.416866362095
-0.459932386875,-0.472385406494,1.05217659473,0.423549562693,-0.589627802372,0.547127485275,0.416649281979
-0.459348380566,-0.472570717335,1.05249500275,0.42328903079,-0.589647114277,0.546682298183,0.417470037937
-0.458698362112,-0.47272592783,1.05286860466,0.423918098211,-0.589322984219,0.546114206314,0.418032377958
-0.457764059305,-0.472822934389,1.05322027206,0.425059616566,-0.588424921036,0.545680522919,0.418704360723
-0.45740494132,-0.472803175449,1.05348300934,0.425111800432,-0.58831679821,0.545341074467,0.419245302677
-0.456535756588,-0.472796589136,1.05388462543,0.42591637373,-0.587596654892,0.544726133347,0.420236736536
-0.456214368343,-0.472784638405,1.05415594578,0.425716876984,-0.587799906731,0.544255197048,0.420764476061
-0.45553034544,-0.472642123699,1.05452334881,0.425068289042,-0.588463783264,0.542572498322,0.422661036253
-0.455386668444,-0.472774207592,1.0546476841,0.425332605839,-0.588907599449,0.541762888432,0.422815620899
-0.454926729202,-0.472700446844,1.05490279198,0.424814045429,-0.58914244175,0.541069447994,0.423896431923
-0.454514831305,-0.472626388073,1.05522799492,0.423952192068,-0.589829564095,0.539936065674,0.425246804953
-0.453281253576,-0.472146421671,1.05552566051,0.42365655303,-0.589407861233,0.53875797987,0.427613735199
-0.453601300716,-0.472357213497,1.05565643311,0.422404527664,-0.590954065323,0.538217067719,0.427399456501
-0.452838003635,-0.471897065639,1.05579435825,0.421834260225,-0.590548038483,0.53824031353,0.428493112326
-0.452391564846,-0.471835553646,1.05593061447,0.42156624794,-0.590525686741,0.53829240799,0.428722202778
-0.451562583447,-0.471702814102,1.05628275871,0.422098487616,-0.589870393276,0.537967443466,0.429507702589
-0.451461434364,-0.471684098244,1.05687522888,0.421383291483,-0.59040081501,0.537997066975,0.429443895817
-0.451374590397,-0.471744209528,1.05738782883,0.422128081322,-0.589802861214,0.538760304451,0.428576797247
-0.450317323208,-0.471296995878,1.05775439739,0.42290532589,-0.588193058968,0.53919929266,0.429469674826
-0.449773222208,-0.471195191145,1.0581496954,0.423444271088,-0.587452173233,0.539545953274,0.429517328739
-0.449122607708,-0.471158891916,1.05859231949,0.424290776253,-0.586009085178,0.540677249432,0.429230600595
-0.448676675558,-0.4712485075,1.05889892578,0.424908608198,-0.585588693619,0.540904581547,0.428906530142
-0.448206573725,-0.471186578274,1.05924534798,0.425689160824,-0.584743797779,0.54160040617,0.428407102823
-0.447499394417,-0.471228569746,1.05969643593,0.426832020283,-0.583700239658,0.54202324152,0.428157895803
-0.447870850563,-0.471547812223,1.05991470814,0.426774680614,-0.584459424019,0.542603135109,0.426441699266
-0.44759234786,-0.471522927284,1.05991590023,0.427252978086,-0.583946108818,0.543523430824,0.425492584705
-0.447346568108,-0.471263766289,1.06034040451,0.42785936594,-0.582512021065,0.545429468155,0.424409151077
-0.447212547064,-0.471423953772,1.06050217152,0.428208857775,-0.582575023174,0.545797109604,0.423495948315
-0.446647644043,-0.471152514219,1.06066560745,0.427822649479,-0.58202457428,0.546557724476,0.423662573099
-0.446607649326,-0.471252858639,1.06092762947,0.42779096961,-0.582621157169,0.546506643295,0.42293959856
-0.446556061506,-0.471297830343,1.06125211716,0.427859246731,-0.58257651329,0.547096014023,0.422169357538
-0.44660949707,-0.471322327852,1.06158363819,0.427831858397,-0.582988917828,0.546886384487,0.421899437904
-0.446814805269,-0.47127327323,1.06197309494,0.428258240223,-0.583422362804,0.546678245068,0.421136528254
-0.446881890297,-0.471199214458,1.06175339222,0.42751416564,-0.584022223949,0.547199487686,0.420383840799
-0.447200149298,-0.471185415983,1.06203937531,0.426698029041,-0.585696518421,0.546553134918,0.419723719358
-0.4475299716,-0.471159726381,1.0620610714,0.425064563751,-0.587285101414,0.546722888947,0.418939739466
-0.448039710522,-0.471066623926,1.06204140186,0.424405574799,-0.588263571262,0.547323703766,0.417448014021
-0.449004858732,-0.471405655146,1.06199193001,0.423566699028,-0.590396225452,0.547226428986,0.415411531925
-0.449621498585,-0.471375346184,1.06187844276,0.42248877883,-0.591809988022,0.547930240631,0.413565933704
-0.450485169888,-0.471419632435,1.06167900562,0.42131114006,-0.594007313251,0.548013687134,0.411501258612
-0.45104944706,-0.471244394779,1.06158065796,0.420396625996,-0.59498155117,0.548884153366,0.40986558795
-0.452103406191,-0.471460342407,1.06133413315,0.419410705566,-0.596689999104,0.550399124622,0.406345427036
-0.453162431717,-0.471592605114,1.06105029583,0.418048739433,-0.599069535732,0.551421105862,0.402846902609
-0.454859614372,-0.472363829613,1.06123030186,0.416749030352,-0.602679491043,0.551587343216,0.398558735847
-0.455566227436,-0.472273081541,1.0610935688,0.416938334703,-0.603105545044,0.553824782372,0.394594043493
-0.457068681717,-0.473026514053,1.06120491028,0.415051966906,-0.605430603027,0.556051909924,0.389861434698
-0.457388281822,-0.473118960857,1.06142377853,0.414912879467,-0.605900406837,0.558129310608,0.386294841766
-0.458711355925,-0.473551869392,1.06143176556,0.413602352142,-0.607746303082,0.560572683811,0.381229072809
-0.459404170513,-0.473780214787,1.06140220165,0.412981927395,-0.609022736549,0.562642455101,0.37679040432
-0.46032884717,-0.4742000103,1.06156373024,0.412072271109,-0.610589206219,0.564708471298,0.372131258249
-0.460876613855,-0.47443574667,1.06181645393,0.411237686872,-0.612546682358,0.565684020519,0.368336617947
-0.462008625269,-0.475056052208,1.06213200092,0.410066008568,-0.61442643404,0.567614734173,0.363510161638
-0.462122350931,-0.475088894367,1.06233942509,0.409499585629,-0.614855706692,0.569481015205,0.360491275787
-0.462468385696,-0.474814265966,1.06258094311,0.408526688814,-0.61514288187,0.57206517458,0.356996536255
-0.462900459766,-0.475608289242,1.06289410591,0.407757401466,-0.617623209953,0.572287857533,0.353216707706
-0.463612854481,-0.476114928722,1.06345963478,0.406659215689,-0.620089292526,0.572754025459,0.349386006594
-0.463810443878,-0.476353436708,1.06384348869,0.405995637178,-0.620755255222,0.574591100216,0.345941752195
-0.463291376829,-0.476031422615,1.06415653229,0.405943214893,-0.620173990726,0.576668918133,0.343580305576
-0.463346064091,-0.475999057293,1.06418907642,0.4050783813,-0.621201753616,0.578026890755,0.340448141098
-0.463539153337,-0.4763199687,1.06445550919,0.404641956091,-0.622033417225,0.579429626465,0.337046921253
-0.463647991419,-0.476312547922,1.06464719772,0.403808027506,-0.62268191576,0.581225275993,0.333741694689
-0.463697314262,-0.476153790951,1.06474423409,0.4028621912,-0.622987926006,0.583325982094,0.330634355545
-0.463867902756,-0.476290404797,1.06513834,0.402105927467,-0.624155879021,0.584609091282,0.327066957951
-0.464257121086,-0.476205021143,1.06524801254,0.401183247566,-0.624654650688,0.586515843868,0.323817551136
-0.464244216681,-0.476057291031,1.06527304649,0.400169253349,-0.625886261463,0.587612330914,0.320691078901
-0.464342772961,-0.475997447968,1.06535971165,0.399776816368,-0.625911951065,0.589989185333,0.316742062569
-0.464428365231,-0.47579574585,1.06556844711,0.3984618783,-0.627562403679,0.590778231621,0.313647568226
-0.464250773191,-0.475946128368,1.06597208977,0.398050636053,-0.628378272057,0.592068850994,0.310082554817
-0.46435752511,-0.475769281387,1.06626105309,0.39739587903,-0.62900274992,0.593642830849,0.306627601385
-0.464942008257,-0.475744009018,1.06645536423,0.396029233932,-0.627196907997,0.599252521992,0.301133662462
-0.464961618185,-0.475547850132,1.0665678978,0.394986927509,-0.632064282894,0.596196293831,0.298379033804
-0.464968144894,-0.475220620632,1.06674718857,0.393155544996,-0.634846150875,0.596330523491,0.2945997715
-0.46492138505,-0.474914431572,1.06684219837,0.39217031002,-0.63506603241,0.598858237267,0.290280044079
-0.464852839708,-0.474525570869,1.06697452068,0.391277015209,-0.635651409626,0.600871860981,0.286011815071
-0.464696258307,-0.474074870348,1.06716442108,0.389687180519,-0.636653542519,0.602785766125,0.281896680593
-0.464535057545,-0.473321914673,1.06724262238,0.388112813234,-0.637655496597,0.604634821415,0.27781406045
-0.464319676161,-0.473224341869,1.06726872921,0.38716506958,-0.638864398003,0.606328308582,0.27261942625
-0.46416002512,-0.473088949919,1.06733727455,0.386359661818,-0.639187633991,0.608925163746,0.267162382603
-0.463951557875,-0.47260594368,1.0673391819,0.384719073772,-0.640472829342,0.61074000597,0.2622641325
-0.464006870985,-0.472276210785,1.06729054451,0.382590323687,-0.642363667488,0.612431526184,0.2567512393
-0.46400013566,-0.472301542759,1.06773126125,0.380662947893,-0.640415430069,0.618526279926,0.249778404832
-0.463231563568,-0.471493840218,1.06770730019,0.379546433687,-0.645726621151,0.614880919456,0.246785640717
-0.46274548769,-0.471079736948,1.06789278984,0.378037303686,-0.646057069302,0.617546498775,0.241525605321
-0.462454020977,-0.470901310444,1.06815624237,0.376285731792,-0.644634187222,0.622840762138,0.234361544251
-0.461879312992,-0.470537960529,1.06841659546,0.374699771404,-0.645515143871,0.624896705151,0.228942215443
-0.461114287376,-0.47016915679,1.06863617897,0.373397648335,-0.646295368671,0.626903831959,0.223311513662
-0.460318148136,-0.469632327557,1.06885635853,0.371693223715,-0.647710561752,0.628385484219,0.217823162675
-0.459545582533,-0.46913599968,1.06894171238,0.370049595833,-0.648539304733,0.6304910779,0.211993277073
-0.458674937487,-0.468416750431,1.06947922707,0.368456423283,-0.646784365177,0.635078966618,0.206360533834
-0.45732614398,-0.468113332987,1.06972873211,0.367476940155,-0.647842347622,0.636450588703,0.200479030609
-0.4564640522,-0.467640042305,1.07003688812,0.365874558687,-0.647497355938,0.639737486839,0.193956166506
-0.455549687147,-0.46777254343,1.07048404217,0.364407360554,-0.649492025375,0.640459001064,0.187563166022
-0.454007685184,-0.467143595219,1.07105946541,0.364604920149,-0.651388168335,0.639465093613,0.183958888054
-0.452789723873,-0.466614753008,1.07165074348,0.364127486944,-0.646382629871,0.646210610867,0.178920030594
-0.451635628939,-0.465671002865,1.07202851772,0.362057685852,-0.645943343639,0.649450004101,0.172876045108
-0.450490057468,-0.465648651123,1.07265841961,0.360782772303,-0.647000133991,0.650684714317,0.166841506958
-0.449352860451,-0.46510720253,1.07291305065,0.357086032629,-0.648108124733,0.653378725052,0.159817516804
-0.449003517628,-0.466941893101,1.07428097725,0.359488129616,-0.648595571518,0.653552412987,0.151529759169
-0.446664959192,-0.464022636414,1.07391655445,0.355380624533,-0.647378206253,0.657659113407,0.148629933596
-0.445407658815,-0.463607311249,1.07451927662,0.351784020662,-0.64787954092,0.660638689995,0.141621559858
-0.444061130285,-0.462902784348,1.0750387907,0.349436283112,-0.64718413353,0.663847267628,0.135476052761
-0.442709594965,-0.462588906288,1.07543885708,0.347917497158,-0.647389650345,0.665571808815,0.129824742675
-0.441278219223,-0.461996376514,1.07603251934,0.346017509699,-0.647207915783,0.667831659317,0.124075584114
-0.439902484417,-0.461497098207,1.07657897472,0.344795674086,-0.646208822727,0.670511007309,0.118089668453
-0.438467621803,-0.460749685764,1.07746434212,0.341964840889,-0.645810008049,0.673238694668,0.112868063152
-0.437407106161,-0.46038800478,1.07808232307,0.340456336737,-0.645643889904,0.675007104874,0.107699505985
-0.436627149582,-0.459722906351,1.07848143578,0.338037669659,-0.645210564137,0.677444458008,0.102484181523
-0.435264348984,-0.459292948246,1.07932698727,0.336492538452,-0.644161701202,0.680086910725,0.0964898914099
-0.433483064175,-0.458451092243,1.07996547222,0.335193842649,-0.643643498421,0.681829094887,0.092072673142
-0.432094931602,-0.45762655139,1.08053231239,0.334195554256,-0.642236173153,0.684302270412,0.0870438218117
-0.430358141661,-0.457235515118,1.08114850521,0.333617657423,-0.640607237816,0.686766862869,0.0816891640425
-0.429277330637,-0.456893444061,1.08172774315,0.331555843353,-0.639828681946,0.689071178436,0.0766223967075
-0.427916675806,-0.456231743097,1.08268296719,0.330849379301,-0.638437211514,0.691110014915,0.0728253722191
-0.426168084145,-0.45561081171,1.08357703686,0.33091878891,-0.637242019176,0.69255143404,0.0691952109337
-0.42512267828,-0.455037415028,1.08400821686,0.329622238874,-0.635765016079,0.694969236851,0.0645755827427
-0.423384517431,-0.45438182354,1.08462953568,0.329613357782,-0.634221553802,0.696726620197,0.0607464425266
-0.422294676304,-0.453231215477,1.08519363403,0.328873097897,-0.632216274738,0.699176907539,0.0574183352292
-0.42099288106,-0.452706724405,1.08580982685,0.32907769084,-0.631565332413,0.699916541576,0.0543135553598
-0.41932696104,-0.452678531408,1.08679151535,0.330184131861,-0.631529867649,0.699690759182,0.0508056879044
-0.418212860823,-0.451520740986,1.08720970154,0.328347831964,-0.62946420908,0.702630341053,0.0476778522134
-0.417196840048,-0.450900495052,1.08763647079,0.328722000122,-0.629446268082,0.702618420124,0.0454608798027
-0.415981560946,-0.450550526381,1.08802914619,0.328828781843,-0.629060089588,0.703131139278,0.0419705994427
-0.414774239063,-0.450133681297,1.08879852295,0.32970431447,-0.62896835804,0.70292365551,0.0399035289884
-0.413475722075,-0.449227869511,1.08881282806,0.327213793993,-0.616748452187,0.714903593063,0.0382806286216
-0.412459880114,-0.448898226023,1.08938980103,0.329473853111,-0.627156019211,0.704951643944,0.0341367684305
-0.411072850227,-0.448062002659,1.08960449696,0.329617679119,-0.623845040798,0.707862377167,0.0331744961441
-0.409853219986,-0.44717001915,1.09005689621,0.329025089741,-0.61747854948,0.713793933392,0.0309991240501
-0.40926784277,-0.447045862675,1.09028673172,0.329619973898,-0.625361084938,0.70682656765,0.0258919019252
-0.408183217049,-0.446376830339,1.09075558186,0.330439478159,-0.624630689621,0.707166016102,0.0237179417163
-0.407380193472,-0.44564729929,1.09091281891,0.330094635487,-0.623375475407,0.708523035049,0.0208756066859
-0.406437844038,-0.44485911727,1.09121382236,0.330228209496,-0.623103797436,0.70876210928,0.0186376217753
-0.405557155609,-0.44601520896,1.09232997894,0.333055526018,-0.622702181339,0.707892656326,0.0142804766074
-0.404419869184,-0.443270295858,1.09167170525,0.330701500177,-0.617190241814,0.71377402544,0.0154721345752
-0.403523027897,-0.442392677069,1.09194970131,0.33165037632,-0.622683107853,0.708587765694,0.0133144147694
-0.402548491955,-0.44147464633,1.0921343565,0.330435186625,-0.620360374451,0.711226940155,0.0110453087837
-0.401389449835,-0.440512597561,1.09238946438,0.332834333181,-0.625547885895,0.705570459366,0.00903879012913
-0.400387436152,-0.439444035292,1.09260725975,0.332952111959,-0.62786513567,0.703475475311,0.00711596012115
-0.400074362755,-0.440340250731,1.09330117702,0.335837006569,-0.63751667738,0.693386256695,0.00126390520018
-0.399537146091,-0.440098106861,1.09369838238,0.333654940128,-0.619031131268,0.710967063904,-0.00083264883142
-0.398729503155,-0.438933730125,1.09393072128,0.333801925182,-0.618665635586,0.711213171482,-0.00225417781621
-0.397990196943,-0.438143521547,1.09413731098,0.333918720484,-0.618187129498,0.711564481258,-0.00436366582289
-0.397203505039,-0.43707460165,1.09384834766,0.333932846785,-0.617437958717,0.712186217308,-0.0070710433647
-0.396369457245,-0.436598807573,1.09421682358,0.335261940956,-0.619218230247,0.709995865822,-0.00861285906285
-0.395654976368,-0.435318917036,1.09410977364,0.334760665894,-0.618603765965,0.710737705231,-0.0108057148755
-0.395008713007,-0.43428093195,1.09426426888,0.334657251835,-0.618944942951,0.710462749004,-0.0124297719449
-0.394376397133,-0.433403372765,1.09421181679,0.334484219551,-0.620714128017,0.708973705769,-0.0138104632497
-0.393559575081,-0.43211466074,1.09435081482,0.334150910378,-0.620867669582,0.70895588398,-0.0157544594258
-0.392796814442,-0.430979669094,1.09450674057,0.33475998044,-0.620481014252,0.708963871002,-0.0175861679018
-0.392317950726,-0.42987075448,1.09444200993,0.334351450205,-0.621809661388,0.707946956158,-0.0193155612797
-0.391367971897,-0.428981155157,1.09470891953,0.335139274597,-0.621870577335,0.707460820675,-0.0213986095041
-0.390271633863,-0.426048487425,1.09417033195,0.332481205463,-0.622155249119,0.708456575871,-0.0216444171965
-0.38948276639,-0.424748718739,1.09410500526,0.332268863916,-0.622903048992,0.707835495472,-0.023624882102
-0.388751149178,-0.423633515835,1.09419417381,0.332036107779,-0.623132824898,0.707646012306,-0.0263598207384
-0.387940078974,-0.422530829906,1.09431922436,0.332369953394,-0.624208152294,0.706458389759,-0.0284789018333
-0.387137234211,-0.421390891075,1.09442389011,0.33223053813,-0.624164879322,0.706467866898,-0.0307331066579
-0.38629835844,-0.419807344675,1.09444653988,0.331400871277,-0.624761402607,0.706257104874,-0.0323685221374
-0.385638207197,-0.418740391731,1.09452009201,0.33102658391,-0.624719083309,0.706341266632,-0.0350667573512
-0.384759873152,-0.417627066374,1.09471607208,0.331449985504,-0.62549328804,0.705372095108,-0.0367349274457
-0.384186327457,-0.416720628738,1.09473383427,0.33053407073,-0.625712037086,0.705424010754,-0.0401075594127
-0.383180499077,-0.415148377419,1.09485280514,0.332875311375,-0.634252786636,0.696571588516,-0.0412986502051
-0.382488578558,-0.414138644934,1.09497964382,0.332400560379,-0.632661104202,0.698103427887,-0.0436065010726
-0.381948679686,-0.412989467382,1.09497141838,0.331747680902,-0.631046533585,0.699750065804,-0.0455392859876
-0.380925446749,-0.412274390459,1.09542381763,0.332546770573,-0.626737236977,0.703126370907,-0.0471856668591
-0.380607843399,-0.41126319766,1.09511899948,0.32749697566,-0.627771914005,0.704229652882,-0.0520467162132
-0.379904359579,-0.410053014755,1.09522163868,0.326745659113,-0.628220140934,0.703996181488,-0.0544627681375
-0.379381120205,-0.409094572067,1.09570395947,0.326004475355,-0.628471195698,0.703965783119,-0.056367136538
-0.378430664539,-0.408571720123,1.09626185894,0.33032861352,-0.6283608675,0.701890587807,-0.0582676455379
-0.377529978752,-0.407278448343,1.09657526016,0.326492249966,-0.628379404545,0.703469693661,-0.0606012903154
-0.377392530441,-0.40810239315,1.09711670876,0.327408105135,-0.628867983818,0.702216267586,-0.0649731308222
-0.376663357019,-0.407271146774,1.09751260281,0.326975286007,-0.628548502922,0.702503859997,-0.0670986324549
-0.375721871853,-0.404298901558,1.09746563435,0.323970288038,-0.627389788628,0.704899847507,-0.0673913434148
-0.374915927649,-0.404145121574,1.09797024727,0.324841022491,-0.628996670246,0.702830791473,-0.069788441062
-0.374679982662,-0.405106306076,1.09873199463,0.325977921486,-0.628874599934,0.70197981596,-0.0740251541138
-0.37358880043,-0.40407115221,1.09937846661,0.325841188431,-0.626429796219,0.703982174397,-0.0763048902154
-0.372871100903,-0.403027892113,1.09974730015,0.325465708971,-0.62550842762,0.70468211174,-0.0789592862129
-0.371739983559,-0.403085410595,1.10086071491,0.327391833067,-0.623476266861,0.705319881439,-0.0813385620713
-0.370855867863,-0.402579843998,1.10152292252,0.332457125187,-0.627974450588,0.698755800724,-0.0828309059143
-0.369888246059,-0.399615824223,1.10096299648,0.328222632408,-0.627628147602,0.701004266739,-0.0833424553275
-0.369078934193,-0.400856137276,1.10220623016,0.330812394619,-0.625282943249,0.701399803162,-0.0873087868094
-0.368372648954,-0.400040924549,1.10255384445,0.329895406961,-0.625160634518,0.701639056206,-0.0896988809109
-0.36820268631,-0.398972332478,1.1034424305,0.330459207296,-0.625532746315,0.70109641552,-0.0892716869712
-0.366267085075,-0.398288160563,1.10445177555,0.330460309982,-0.620276391506,0.705696582794,-0.0896965786815
-0.365915596485,-0.3972222507,1.10450923443,0.332313984632,-0.622602045536,0.702452778816,-0.0921650826931
-0.36494961381,-0.396542340517,1.10442972183,0.331951022148,-0.621908187866,0.702839553356,-0.0951594188809
-0.364232033491,-0.396239817142,1.10549342632,0.332438647747,-0.620020747185,0.704043626785,-0.0968577861786
-0.363545894623,-0.395336508751,1.1053456068,0.331808567047,-0.619714558125,0.704267561436,-0.099318780005
-0.362665176392,-0.395128935575,1.10602092743,0.33419418335,-0.622535526752,0.700213193893,-0.102300606668
-0.361680269241,-0.393464446068,1.10602474213,0.326564908028,-0.616298317909,0.708982169628,-0.104288645089
-0.360616207123,-0.391779303551,1.10660564899,0.329438179731,-0.618062496185,0.706284284592,-0.103110298514
-0.360064983368,-0.392604589462,1.10792315006,0.329415917397,-0.615499138832,0.708124220371,-0.105859398842
-0.360016107559,-0.391468673944,1.10687947273,0.329690217972,-0.616359710693,0.706735908985,-0.109222851694
-0.358592182398,-0.391327232122,1.10798144341,0.332987338305,-0.615945339203,0.705356419086,-0.110468067229
-0.358036696911,-0.388158529997,1.10740947723,0.319293439388,-0.606273651123,0.719762980938,-0.111468784511
-0.357093751431,-0.389396905899,1.10906457901,0.334813177586,-0.614336311817,0.705697178841,-0.111726284027
-0.356359630823,-0.388007819653,1.10877394676,0.324101924896,-0.603280425072,0.719435930252,-0.115856401622
-0.355565220118,-0.3871062994,1.10852026939,0.323494672775,-0.601784586906,0.720565795898,-0.118285357952
-0.354210734367,-0.38402813673,1.10910511017,0.331628650427,-0.609178245068,0.711209833622,-0.114477716386
-0.35375225544,-0.384954541922,1.10999488831,0.33512789011,-0.608338952065,0.709810376167,-0.117398701608
-0.35382398963,-0.383346736431,1.1086909771,0.32330852747,-0.598183572292,0.723011732101,-0.122074157
-0.352062404156,-0.383169770241,1.11013627052,0.337982237339,-0.607169985771,0.708828508854,-0.121140375733
-0.351510494947,-0.38306593895,1.11084926128,0.343711793423,-0.608875989914,0.704449653625,-0.121995829046
-0.350709110498,-0.381440460682,1.11127281189,0.342035919428,-0.606304645538,0.70742970705,-0.12226831913
-0.349757313728,-0.380246430635,1.11097717285,0.343212932348,-0.606003522873,0.70680975914,-0.124035723507
-0.350467324257,-0.379179358482,1.11001348495,0.340718865395,-0.60841012001,0.705714941025,-0.125356480479
-0.348695218563,-0.377056747675,1.11123549938,0.335857927799,-0.595087170601,0.719263732433,-0.125421509147
-0.348100185394,-0.376024067402,1.11164665222,0.33674800396,-0.593691647053,0.719873428345,-0.126148477197
-0.347777456045,-0.37560865283,1.11165392399,0.329836010933,-0.586184620857,0.728436589241,-0.130291610956
-0.346973419189,-0.375569522381,1.11212456226,0.332013070583,-0.585487663746,0.727718651295,-0.131897985935
-0.346592903137,-0.374718487263,1.11239731312,0.332452982664,-0.585706949234,0.727382659912,-0.131670415401
-0.34586751461,-0.374375224113,1.11279809475,0.333853542805,-0.583351373672,0.728289604187,-0.133556678891
-0.345058619976,-0.373891353607,1.11298060417,0.33632799983,-0.583956301212,0.726468026638,-0.134620591998
-0.344378739595,-0.372982144356,1.11322975159,0.337201744318,-0.58334094286,0.726446628571,-0.135217130184
-0.343900114298,-0.372455388308,1.113463521,0.337390452623,-0.581191182137,0.727847635746,-0.136463820934
-0.342624366283,-0.37202078104,1.11443448067,0.340557068586,-0.579518675804,0.72762554884,-0.136893779039
-0.341888815165,-0.371416032314,1.11465001106,0.341873794794,-0.579264760017,0.727040410042,-0.137793183327
-0.341121464968,-0.37075021863,1.11415815353,0.342314958572,-0.578563511372,0.727054536343,-0.139558404684
-0.340573191643,-0.370204597712,1.11477351189,0.34421813488,-0.578388810158,0.726349413395,-0.139272898436
-0.339918136597,-0.369702756405,1.1149995327,0.344786435366,-0.577025592327,0.727022647858,-0.140007153153
-0.339179009199,-0.368741095066,1.11510288715,0.345060676336,-0.575625061989,0.727896928787,-0.140552818775
-0.338260829449,-0.368257731199,1.11402201653,0.345222771168,-0.576042830944,0.726960122585,-0.14326569438
-0.337802201509,-0.367560178041,1.11569678783,0.348979085684,-0.576866984367,0.725129008293,-0.140092685819
-0.336948394775,-0.366987079382,1.11534869671,0.348788172007,-0.576143860817,0.725454092026,-0.141850441694
-0.336184114218,-0.36612701416,1.11557161808,0.349340289831,-0.575057804585,0.72599875927,-0.142111986876
-0.335423827171,-0.365308791399,1.11561977863,0.350697577,-0.575315356255,0.725086092949,-0.142386049032
-0.334654808044,-0.364704191685,1.11581218243,0.352597773075,-0.576510846615,0.723291993141,-0.141982465982
-0.333769083023,-0.363890260458,1.11609268188,0.353964149952,-0.576537907124,0.722608625889,-0.141951844096
-0.332816839218,-0.362628519535,1.11617398262,0.364035904408,-0.5837200284,0.712870836258,-0.136249169707
-0.33248513937,-0.362784087658,1.11609435081,0.356852173805,-0.579821884632,0.718569874763,-0.141846120358
-0.332030177116,-0.361397713423,1.11663544178,0.357202142477,-0.578376054764,0.71963262558,-0.141480430961
-0.330812186003,-0.360567033291,1.11660981178,0.357497036457,-0.576457977295,0.720612287521,-0.143562376499
-0.32987344265,-0.359659701586,1.11592543125,0.356628358364,-0.575533688068,0.721143305302,-0.146730229259
-0.328909039497,-0.358717739582,1.11618053913,0.357803076506,-0.575338900089,0.720401763916,-0.148267835379
-0.327837765217,-0.357110261917,1.11636173725,0.367658764124,-0.585749566555,0.707431972027,-0.14582413435
-0.327240645885,-0.356581747532,1.11640322208,0.35616055131,-0.572302699089,0.722807586193,-0.152212396264
-0.325691640377,-0.355357527733,1.11708331108,0.357328623533,-0.570703089237,0.723197638988,-0.153621405363
-0.324880123138,-0.354061692953,1.11731040478,0.356467097998,-0.569927215576,0.723974704742,-0.154838144779
-0.323508858681,-0.352927625179,1.11788070202,0.356763064861,-0.568895459175,0.724374473095,-0.156075581908
-0.321876227856,-0.351370841265,1.11911535263,0.357323437929,-0.566724658012,0.725851416588,-0.155829787254
-0.321239471436,-0.349130749702,1.11914753914,0.354986190796,-0.565679490566,0.727660357952,-0.156531706452
-0.319090098143,-0.348311603069,1.12013924122,0.356527507305,-0.565758705139,0.726668477058,-0.157347366214
-0.317832022905,-0.346865922213,1.11890649796,0.353841811419,-0.566418230534,0.726668417454,-0.160995230079
-0.31635761261,-0.345319211483,1.12076890469,0.35477373004,-0.566271960735,0.726685523987,-0.159373551607
-0.314463973045,-0.3433791399,1.12086212635,0.353480130434,-0.565278410912,0.727669417858,-0.161273986101
-0.312810361385,-0.341394841671,1.12164783478,0.351251572371,-0.563511013985,0.729936301708,-0.162081971765
-0.311515808105,-0.33966588974,1.12195086479,0.348070383072,-0.562244951725,0.732106864452,-0.163545176387
-0.309779107571,-0.337673395872,1.12300515175,0.348251521587,-0.562409996986,0.73190164566,-0.163511276245
-0.30796739459,-0.335530400276,1.12382495403,0.346357524395,-0.560053765774,0.73439759016,-0.164427936077
-0.306252896786,-0.333530753851,1.12501382828,0.3445327878,-0.556975603104,0.737478375435,-0.164928168058
-0.304096460342,-0.331574320793,1.12466394901,0.341266721487,-0.553904652596,0.740407884121,-0.168887525797
-0.302408099174,-0.329638421535,1.12632012367,0.341044157743,-0.550817489624,0.74280756712,-0.168896749616
-0.300191342831,-0.327606648207,1.12769663334,0.341638237238,-0.546827673912,0.745215594769,-0.170049130917
-0.298764586449,-0.32599619031,1.12847018242,0.338789433241,-0.543488383293,0.748562812805,-0.171744018793
-0.29679954052,-0.323881059885,1.13003194332,0.340293675661,-0.541108548641,0.749628543854,-0.171636357903
-0.295149207115,-0.322594732046,1.12995767593,0.337496250868,-0.537518322468,0.752714157104,-0.17490541935
-0.293589830399,-0.321033895016,1.13088655472,0.33955898881,-0.5360866189,0.752667427063,-0.175506591797
-0.292276918888,-0.319673269987,1.1316511631,0.337384134531,-0.531814575195,0.75634855032,-0.176868125796
-0.290747672319,-0.318423360586,1.13230359554,0.336731493473,-0.528688371181,0.758633196354,-0.177696421742
-0.289681613445,-0.317517518997,1.13315558434,0.340327113867,-0.531110703945,0.755584836006,-0.176608607173
-0.28868123889,-0.316605001688,1.1337416172,0.340461194515,-0.52773720026,0.757839977741,-0.176800370216
-0.288019001484,-0.315860658884,1.13472950459,0.341461330652,-0.526259243488,0.758818924427,-0.175069585443
-0.287249386311,-0.315417915583,1.13490104675,0.341694653034,-0.525042057037,0.759591281414,-0.174919590354
