x,y,z,q0,q1,q2,q3
-0.550509572029,-0.475542902946,1.05415439606,0.27828297019,-0.645304918289,0.527424812317,0.477454900742
-0.550055205822,-0.475574672222,1.05396747589,0.278525352478,-0.645041823387,0.526504993439,0.478682845831
-0.549589216709,-0.475607573986,1.05376911163,0.28010776639,-0.643453121185,0.526588022709,0.479805022478
-0.549437522888,-0.475343108177,1.05351305008,0.279795527458,-0.642886459827,0.526499271393,0.480843186378
-0.548997998238,-0.475390315056,1.05336499214,0.280723929405,-0.642130970955,0.526161193848,0.481680840254
-0.548515498638,-0.475488483906,1.05320882797,0.281067639589,-0.641699612141,0.525731027126,0.48252427578
-0.547736406326,-0.475822538137,1.05309224129,0.282447755337,-0.640955150127,0.525126814842,0.483365058899
-0.547094643116,-0.47578817606,1.05288958549,0.284046083689,-0.639802277088,0.524618625641,0.484506130219
-0.546474635601,-0.475763946772,1.052724123,0.284055799246,-0.639395415783,0.523284912109,0.486475944519
-0.545863807201,-0.475842118263,1.05260837078,0.284885555506,-0.638705253601,0.522571861744,0.487662523985
-0.545270979404,-0.475897401571,1.05235290527,0.285683363676,-0.637987494469,0.522683918476,0.488014787436
-0.544551849365,-0.475846558809,1.05229830742,0.286568254232,-0.63720458746,0.521536529064,0.48974353075
-0.543804049492,-0.475807845592,1.05214524269,0.287534534931,-0.636423587799,0.521050572395,0.490709006786
-0.54317522049,-0.475816756487,1.05203199387,0.287964582443,-0.636142969131,0.51991301775,0.492025464773
-0.542496979237,-0.475750058889,1.05184113979,0.288038283587,-0.635894775391,0.518866598606,0.493405908346
-0.541833341122,-0.475745081902,1.05167448521,0.288949489594,-0.63510966301,0.518533527851,0.494233876467
-0.541081130505,-0.475785553455,1.05150771141,0.290457546711,-0.633919775486,0.518131554127,0.495297759771
-0.540321409702,-0.475777477026,1.05130648613,0.291713178158,-0.633009076118,0.517527997494,0.496354460716
-0.539580345154,-0.475711226463,1.05105829239,0.291833937168,-0.632669985294,0.5165604949,0.49772182107
-0.538801312447,-0.475609302521,1.05078089237,0.293005824089,-0.631663203239,0.515488266945,0.499420821667
-0.538177132607,-0.475535213947,1.05053496361,0.293806314468,-0.630943417549,0.514665305614,0.500707268715
-0.537612259388,-0.475364148617,1.05023753643,0.294957190752,-0.630229830742,0.514233767986,0.501372516155
-0.537280380726,-0.475193709135,1.0496609211,0.29548099637,-0.629655778408,0.514371275902,0.501644134521
-0.53685259819,-0.475106358528,1.04940485954,0.295975923538,-0.629333913326,0.513827979565,0.502312660217
-0.536296606064,-0.475029051304,1.04937601089,0.296208888292,-0.629309177399,0.512532949448,0.50352793932
-0.535751879215,-0.474868655205,1.04909479618,0.296632379293,-0.628819823265,0.512030243874,0.504400789738
-0.535269081593,-0.474684774876,1.04860675335,0.297246009111,-0.627921700478,0.512341499329,0.504842221737
-0.534801483154,-0.474530041218,1.04833352566,0.297769188881,-0.627225637436,0.512217760086,0.505523860455
-0.534353852272,-0.474406272173,1.04811048508,0.298091232777,-0.626750826836,0.511892020702,0.506252706051
-0.534063279629,-0.474268078804,1.04792237282,0.297553062439,-0.627005577087,0.510884165764,0.507270634174
-0.533393442631,-0.474152863026,1.04769647121,0.298199743032,-0.62622743845,0.510482847691,0.508255422115
-0.532701432705,-0.474024385214,1.04749441147,0.298906803131,-0.625238418579,0.510141551495,0.509399056435
-0.531688988209,-0.474215835333,1.04741096497,0.300570189953,-0.62400072813,0.509390890598,0.510687232018
-0.530968129635,-0.474123239517,1.04724001884,0.301196753979,-0.623000204563,0.508842468262,0.512084722519
-0.530086219311,-0.474067628384,1.0472714901,0.301711320877,-0.621914565563,0.508416414261,0.513522446156
-0.529097378254,-0.473996937275,1.04712533951,0.30261951685,-0.620500683784,0.507436513901,0.515663266182
-0.52842348814,-0.473764538765,1.04711508751,0.302790373564,-0.619323015213,0.507358372211,0.517053604126
-0.527092516422,-0.474077790976,1.04711830616,0.304799705744,-0.617540478706,0.505966067314,0.519364416599
-0.526179075241,-0.474070608616,1.04700779915,0.305982679129,-0.615914344788,0.505718886852,0.52083837986
-0.525281727314,-0.474075913429,1.04688262939,0.307663649321,-0.613662064075,0.506291985512,0.521948754787
-0.524332106113,-0.474303245544,1.04690742493,0.30847749114,-0.612739861012,0.504957795143,0.523840725422
-0.523329079151,-0.474380284548,1.04681897163,0.310282915831,-0.610656201839,0.504660129547,0.525492072105
-0.522554636002,-0.47449785471,1.04676544666,0.310760110617,-0.609736025333,0.504057347775,0.526855170727
-0.52175450325,-0.474618792534,1.04669070244,0.312026113272,-0.608052790165,0.503962397575,0.528141498566
-0.521146535873,-0.474881291389,1.04667580128,0.313480913639,-0.606555759907,0.504001021385,0.52896386385
-0.520486414433,-0.475035727024,1.04665589333,0.31476187706,-0.604840278625,0.504182875156,0.529993355274
-0.519720315933,-0.475260615349,1.04665648937,0.316287875175,-0.603176057339,0.504154086113,0.531008005142
-0.519034445286,-0.475400388241,1.04663693905,0.317557245493,-0.601314544678,0.504393041134,0.532133698463
-0.518340110779,-0.475536763668,1.04660463333,0.31883636117,-0.599700450897,0.504488766193,0.533098518848
-0.517669737339,-0.475650846958,1.0465695858,0.320170283318,-0.597839713097,0.505211114883,0.533704400063
-0.516992330551,-0.475896954536,1.04661345482,0.321714043617,-0.596342980862,0.504747867584,0.534887731075
-0.516194283962,-0.476145505905,1.04662561417,0.323345929384,-0.594577670097,0.504789710045,0.535828649998
-0.515480279922,-0.476287156343,1.04662084579,0.324697494507,-0.593042969704,0.504811167717,0.536691308022
-0.51480782032,-0.476463854313,1.04667878151,0.326272666454,-0.591496944427,0.504660964012,0.537582397461
-0.514210939407,-0.476733148098,1.04669427872,0.327499985695,-0.590224027634,0.50450104475,0.538384616375
-0.513516187668,-0.477123349905,1.04683709145,0.329292923212,-0.588934421539,0.504209220409,0.538976371288
-0.512788295746,-0.477374017239,1.04680085182,0.33068099618,-0.587660908699,0.504237830639,0.53948956728
-0.512103140354,-0.477486401796,1.04682469368,0.332229733467,-0.586150050163,0.504249513149,0.540170371532
-0.511435925961,-0.477694571018,1.04691851139,0.333420306444,-0.585237622261,0.503688931465,0.540948748589
-0.510696351528,-0.477780342102,1.04687952995,0.334784001112,-0.583811223507,0.503406643867,0.541909515858
-0.510048568249,-0.477783977985,1.04680633545,0.336642324924,-0.581729531288,0.504210233688,0.54224973917
-0.509500205517,-0.477956593037,1.04686427116,0.337521702051,-0.580774962902,0.504210531712,0.542725861073
-0.508996784687,-0.47809278965,1.04686844349,0.340742081404,-0.577235043049,0.505425155163,0.543359875679
-0.508722126484,-0.478267729282,1.04690730572,0.340625107288,-0.577521979809,0.505153536797,0.543381094933
-0.508618474007,-0.478709369898,1.04713952541,0.341124653816,-0.577652812004,0.504809617996,0.543248057365
-0.508624136448,-0.47885659337,1.04720306396,0.342501461506,-0.576289951801,0.506457209587,0.542294979095
-0.508542299271,-0.479508340359,1.04759597778,0.343160361052,-0.576357364655,0.506602406502,0.541670739651
-0.508958518505,-0.480329990387,1.04818367958,0.344413757324,-0.576669871807,0.50695168972,0.540213763714
-0.509105145931,-0.480845868587,1.04857611656,0.345265984535,-0.576661765575,0.50675457716,0.539863526821
-0.509255766869,-0.481167703867,1.04885482788,0.346260875463,-0.576015532017,0.507718503475,0.539009869099
-0.509397208691,-0.481512546539,1.04926943779,0.347057878971,-0.57562404871,0.508062660694,0.538590967655
-0.50951051712,-0.481899648905,1.049664855,0.347946822643,-0.575265645981,0.508346796036,0.538131952286
-0.509768605232,-0.482469856739,1.0501666069,0.348695009947,-0.575298190117,0.508298397064,0.537658512592
-0.509890675545,-0.482883065939,1.05061578751,0.34978634119,-0.574820995331,0.50844502449,0.537321388721
-0.510418534279,-0.484158039093,1.0516730547,0.352879852057,-0.57438659668,0.508044183254,0.536140739918
-0.510469794273,-0.484491318464,1.05218684673,0.352977275848,-0.57497304678,0.507462143898,0.535999536514
-0.510630548,-0.484872996807,1.05269432068,0.354145824909,-0.574507474899,0.50750875473,0.535683691502
-0.510917007923,-0.485357105732,1.05321383476,0.354956686497,-0.574623167515,0.506780683994,0.535712003708
-0.510862469673,-0.485024511814,1.05326282978,0.354913771152,-0.573777556419,0.506377756596,0.537025988102
-0.51117670536,-0.48548963666,1.05383491516,0.35543397069,-0.574399650097,0.504793286324,0.537508666515
-0.511647760868,-0.486001074314,1.05451822281,0.355697870255,-0.575540065765,0.50246578455,0.538294374943
-0.512061536312,-0.486399531364,1.05518960953,0.356221497059,-0.576480507851,0.499964952469,0.539269506931
-0.512537181377,-0.48681139946,1.05588984489,0.35612359643,-0.577457129955,0.497217029333,0.54082775116
-0.513462126255,-0.48799982667,1.05706334114,0.35684388876,-0.579559266567,0.493648350239,0.541373252869
-0.514119684696,-0.488403528929,1.05773508549,0.357237637043,-0.580250501633,0.49135312438,0.542459905148
-0.514923214912,-0.488939553499,1.05864036083,0.357451409101,-0.58115118742,0.488932788372,0.543540835381
-0.515567302704,-0.488385796547,1.05881512165,0.356311500072,-0.580922305584,0.486741989851,0.546492397785
-0.516267597675,-0.488771915436,1.05951607227,0.356758832932,-0.581348657608,0.484145194292,0.548051595688
-0.51697653532,-0.489192187786,1.06022357941,0.357375949621,-0.581346035004,0.481520712376,0.549961268902
-0.517820239067,-0.489654481411,1.06099140644,0.358417540789,-0.581339895725,0.478974640369,0.551510870457
-0.51846653223,-0.490020096302,1.06177210808,0.359548449516,-0.580795407295,0.476532071829,0.553460836411
-0.518784344196,-0.490029871464,1.06227183342,0.360695064068,-0.579503893852,0.473778665066,0.556424498558
-0.519364058971,-0.490592300892,1.06307840347,0.362919002771,-0.578552424908,0.471177518368,0.558174490929
-0.520427107811,-0.491348862648,1.0641310215,0.36498054862,-0.578083753586,0.468455731869,0.559604942799
-0.521066248417,-0.491295218468,1.06450724602,0.366450488567,-0.576251327991,0.466946065426,0.561791837215
-0.521906077862,-0.491650730371,1.06525611877,0.370302468538,-0.573496282101,0.464834749699,0.563832342625
-0.522715687752,-0.491950273514,1.06590127945,0.373536288738,-0.571349263191,0.463722616434,0.564793765545
-0.523596525192,-0.492285311222,1.06657528877,0.37644392252,-0.56926882267,0.461862683296,0.566485524178
-0.524505257607,-0.492609679699,1.06727445126,-0.377103090286,0.568862438202,-0.458531796932,-0.569154977798
-0.525337278843,-0.492974549532,1.06794583797,-0.379694014788,0.566809892654,-0.455744981766,-0.571712970734
-0.526265561581,-0.493253082037,1.06857085228,-0.383752822876,0.563598692417,-0.454348236322,-0.573287129402
-0.527057528496,-0.493484377861,1.06912875175,-0.385438680649,0.56263333559,-0.451055377722,-0.575699567795
-0.528346538544,-0.494053810835,1.06996238232,-0.389061152935,0.561193227768,-0.448949605227,-0.576314091682
-0.528925955296,-0.493994235992,1.07024931908,-0.391739815474,0.558707535267,-0.446592450142,-0.578741192818
-0.529811859131,-0.494228482246,1.07077884674,-0.395378291607,0.556353569031,-0.444590479136,-0.580074191093
-0.530808627605,-0.494364738464,1.07128894329,-0.399083375931,0.554124236107,-0.44242978096,-0.581321537495
-0.531659543514,-0.494471609592,1.07177972794,-0.403125554323,0.551865816116,-0.440638005733,-0.582041442394
-0.53259152174,-0.4944190979,1.07217407227,-0.409048318863,0.547575294971,-0.440200418234,-0.582292377949
-0.533475339413,-0.494458824396,1.07254624367,-0.413674324751,0.544833421707,-0.439092099667,-0.582433104515
-0.534370958805,-0.494503885508,1.07293176651,-0.418380945921,0.542391419411,-0.438113033772,-0.582087755203
-0.53725373745,-0.495100557804,1.07432639599,-0.420905411243,0.543928384781,-0.438177466393,-0.578775346279
-0.536816120148,-0.494950205088,1.07419013977,-0.428426623344,0.538525402546,-0.437361031771,-0.578926861286
-0.537270069122,-0.494797229767,1.0743418932,-0.431640952826,0.536462247372,-0.436110556126,-0.579398155212
-0.537771880627,-0.495721518993,1.07520365715,-0.440193206072,0.532991588116,-0.435432851315,-0.576670050621
-0.538727045059,-0.4952711761,1.07527387142,-0.445348978043,0.5302952528,-0.436126738787,-0.574669182301
-0.539311826229,-0.495083808899,1.07539343834,-0.451592117548,0.527460753918,-0.436916470528,-0.571798861027
-0.539878368378,-0.495193749666,1.07582592964,-0.456424146891,0.525910496712,-0.435847043991,-0.570204019547
-0.540317118168,-0.494727253914,1.07558202744,-0.464796721935,0.521285772324,-0.438535630703,-0.565607249737
-0.540551304817,-0.494778245687,1.07570207119,-0.472515821457,0.518229544163,-0.4394056499,-0.561328530312
-0.540899932384,-0.494376718998,1.07560503483,-0.47913262248,0.515477657318,-0.440590023994,-0.557310640812
-0.541178286076,-0.493929862976,1.07540237904,-0.48699221015,0.511258840561,-0.443084299564,-0.552385032177
-0.541348516941,-0.493576556444,1.07518589497,-0.494140297174,0.508523106575,-0.444650650024,-0.547280073166
-0.541655421257,-0.492889583111,1.07482993603,-0.500226378441,0.50625962019,-0.445950359106,-0.542773663998
-0.541620731354,-0.492787480354,1.07466876507,-0.507780492306,0.503773570061,-0.44707262516,-0.53711938858
-0.541563034058,-0.492248117924,1.07427287102,-0.514322340488,0.501814484596,-0.448012918234,-0.531920313835
-0.541261315346,-0.491361320019,1.07347261906,-0.522239029408,0.497303694487,-0.450788080692,-0.526066243649
-0.541047334671,-0.490724802017,1.07289338112,-0.529055416584,0.494822949171,-0.451890289783,-0.520620942116
-0.540902137756,-0.489744007587,1.07219719887,-0.533455073833,0.494118213654,-0.4518404603,-0.516830027103
-0.54032677412,-0.489191710949,1.07159924507,-0.544785737991,0.488816827536,-0.454704761505,-0.507454991341
-0.54013979435,-0.488460361958,1.07091069221,-0.550890624523,0.487295269966,-0.454877585173,-0.502144813538
-0.539170861244,-0.486385494471,1.06917512417,-0.555715501308,0.48371604085,-0.455232053995,-0.49996304512
-0.539282262325,-0.485675573349,1.06863081455,-0.561901390553,0.481340736151,-0.45458483696,-0.495913773775
-0.53864467144,-0.484677493572,1.06768798828,-0.567503094673,0.478700488806,-0.453263908625,-0.493293046951
-0.539163351059,-0.484914004803,1.0678524971,-0.570636332035,0.480266869068,-0.4515388906,-0.48972517252
-0.539099395275,-0.484031617641,1.06713879108,-0.568805396557,0.483756989241,-0.449857473373,-0.489967107773
-0.53897356987,-0.481513440609,1.06540822983,-0.573624789715,0.479672551155,-0.449142068624,-0.489019870758
-0.538923025131,-0.480719774961,1.06472992897,-0.569874048233,0.484865874052,-0.448076337576,-0.489261120558
-0.539227962494,-0.479778528214,1.06403446198,-0.573929488659,0.483629971743,-0.445842415094,-0.487782388926
-0.539458990097,-0.4791893363,1.06352865696,-0.572100162506,0.487087577581,-0.444288522005,-0.48790872097
-0.539922475815,-0.478455841541,1.06310713291,-0.572520673275,0.487627178431,-0.440246909857,-0.490533024073
-0.540376603603,-0.477583318949,1.06255102158,-0.570520401001,0.490508258343,-0.437643975019,-0.492317080498
-0.540851533413,-0.477005839348,1.06216025352,-0.568216204643,0.49399843812,-0.434480130672,-0.49429038167
-0.541275620461,-0.476215779781,1.06182157993,-0.562305629253,0.501202762127,-0.434336870909,-0.493922740221
-0.54186719656,-0.475831359625,1.06161868572,-0.55797123909,0.504891037941,-0.429368644953,-0.499395489693
-0.542514204979,-0.475182890892,1.06110966206,-0.556191265583,0.508365988731,-0.43004655838,-0.497267961502
-0.542994618416,-0.474604904652,1.06075370312,-0.554723203182,0.509536325932,-0.425660848618,-0.501465797424
-0.543284058571,-0.474403858185,1.0605635643,-0.552167415619,0.511879503727,-0.424642831087,-0.502761423588
-0.54412227869,-0.473880767822,1.06035196781,-0.548268258572,0.515050590038,-0.422889739275,-0.505261421204
-0.544544219971,-0.473765432835,1.06023931503,-0.541783750057,0.521645307541,-0.422164916992,-0.50609600544
-0.544685125351,-0.473704576492,1.06012618542,-0.538457453251,0.524742901325,-0.420966237783,-0.50744086504
-0.545039534569,-0.473489284515,1.05994164944,-0.53377777338,0.529189884663,-0.4187027812,-0.509634494781
-0.545617818832,-0.473029434681,1.0597474575,0.530247151852,-0.531094551086,0.419790625572,0.510443329811
-0.545860052109,-0.472844570875,1.05960893631,0.525214493275,-0.53540956974,0.418150961399,0.51248061657
-0.546106815338,-0.472895979881,1.05961275101,0.521675646305,-0.537238001823,0.418952614069,0.513525784016
-0.546349525452,-0.472942948341,1.0596075058,0.517614483833,-0.540366590023,0.418710261583,0.514549612999
-0.546560764313,-0.473022192717,1.05957531929,0.513377249241,-0.543647825718,0.41867095232,0.515369355679
-0.546745896339,-0.472956031561,1.05951011181,0.50947368145,-0.547322034836,0.418568640947,0.51543712616
-0.546841084957,-0.473150789738,1.05956745148,0.504202902317,-0.550888717175,0.417590647936,0.51760917902
-0.546928703785,-0.4732645154,1.05954945087,0.500480413437,-0.553657233715,0.417982190847,0.517951786518
-0.547043800354,-0.473364174366,1.05958342552,0.495776534081,-0.556960582733,0.417939603329,0.51896750927
-0.547232031822,-0.473807156086,1.05978119373,0.488425761461,-0.561956167221,0.415224790573,0.522717952728
-0.547246217728,-0.473795890808,1.05973958969,0.48542073369,-0.564266502857,0.416111171246,0.522323310375
-0.547357738018,-0.474006593227,1.05985844135,0.480073601007,-0.567800164223,0.415248781443,0.524119019508
-0.547516465187,-0.474206864834,1.05997157097,0.474697709084,-0.570894598961,0.414302527905,0.52639824152
-0.547694861889,-0.474453985691,1.06016099453,0.465796798468,-0.576527655125,0.410562545061,0.531119585037
-0.547925889492,-0.474707424641,1.0603042841,0.457719534636,-0.581535339355,0.408431768417,0.534315228462
-0.547972559929,-0.475129067898,1.0605250597,0.448213011026,-0.58676981926,0.403904467821,0.54006254673
-0.548143684864,-0.475132644176,1.06061887741,0.44273263216,-0.591044068336,0.402728676796,0.540799736977
-0.54921400547,-0.476404368877,1.06167066097,0.434866696596,-0.598189234734,0.399203628302,0.54193842411
-0.54966455698,-0.476574450731,1.06190848351,0.424086004496,-0.604441344738,0.394238233566,0.547154486179
-0.549457907677,-0.475328147411,1.06110823154,0.414663761854,-0.608658909798,0.392302364111,0.551078259945
-0.550414562225,-0.47687035799,1.06230700016,0.407948821783,-0.615656018257,0.388253837824,0.551184594631
-0.550049483776,-0.475832819939,1.0615773201,0.398384541273,-0.620579600334,0.385926783085,0.554284512997
-0.550362467766,-0.475982367992,1.06176805496,0.390615344048,-0.625987172127,0.383747726679,0.555245518684
-0.551295697689,-0.477227479219,1.06298720837,0.384320765734,-0.632649958134,0.38082292676,0.554099082947
-0.551558732986,-0.477279901505,1.06317067146,0.378388702869,-0.636480748653,0.380326807499,0.554135143757
-0.551796495914,-0.477354317904,1.06332325935,0.371100723743,-0.641659855843,0.379277974367,0.553809762001
-0.552014648914,-0.477535605431,1.06339871883,0.367813408375,-0.642927825451,0.381838172674,0.552771925926
-0.551961660385,-0.477513670921,1.06360077858,0.364167004824,-0.644583940506,0.384063243866,0.55171507597
-0.551208674908,-0.475941002369,1.06252670288,0.355776280165,-0.648357868195,0.385178476572,0.551990032196
-0.550998032093,-0.476490736008,1.06277143955,0.353218704462,-0.650140523911,0.387454718351,0.549938678741
-0.550749719143,-0.476631760597,1.06288063526,0.350843280554,-0.651177167892,0.390574365854,0.548022866249
-0.55093562603,-0.477901279926,1.0639564991,0.3500649333,-0.652980804443,0.392955631018,0.544661879539
-0.549682378769,-0.476891100407,1.06305754185,0.347630351782,-0.651803553104,0.397420674562,0.544391751289
-0.549176514149,-0.477116048336,1.06299626827,0.346564918756,-0.651986002922,0.400705486536,0.542440831661
-0.548328995705,-0.477473497391,1.06303656101,0.345582336187,-0.652310550213,0.403410702944,0.540669679642
-0.547620654106,-0.477684557438,1.06303679943,0.34453997016,-0.652562141418,0.406226933002,0.53891980648
-0.547170579433,-0.477704465389,1.06300008297,0.342765808105,-0.653334200382,0.408647447824,0.53728312254
-0.546090066433,-0.478159844875,1.06319391727,0.342831552029,-0.65316349268,0.410767167807,0.535830497742
-0.545286417007,-0.478476583958,1.06325340271,0.342164009809,-0.6535577178,0.412655949593,0.534323215485
-0.544545352459,-0.478656679392,1.06312227249,0.34166559577,-0.653425395489,0.414993613958,0.532991945744
-0.543934941292,-0.478581666946,1.06301033497,0.340721726418,-0.65321713686,0.417476564646,0.531911253929
-0.543142676353,-0.478762447834,1.06305348873,0.34110057354,-0.65228998661,0.420108020306,0.530733048916
-0.541988134384,-0.479148507118,1.06304872036,0.342079669237,-0.651009082794,0.422762066126,0.529566705227
-0.542024374008,-0.480566322803,1.06405282021,0.34405875206,-0.650958538055,0.42541372776,0.526212573051
-0.540056884289,-0.479110240936,1.06263208389,0.343700587749,-0.646954119205,0.430462807417,0.527278006077
-0.539021372795,-0.479037791491,1.0624448061,0.344656646252,-0.644782304764,0.434699326754,0.525836467743
-0.538020968437,-0.478998363018,1.06218242645,0.345732182264,-0.642634212971,0.43879416585,0.52435708046
-0.537358760834,-0.47902327776,1.06201756001,0.345734894276,-0.641644954681,0.441885739565,0.522968649864
-0.536177396774,-0.479356437922,1.06183803082,0.347271084785,-0.639863908291,0.444802671671,0.521658539772
-0.535273432732,-0.479090452194,1.06138050556,0.347996473312,-0.637924432755,0.44884249568,0.520087778568
-0.534454405308,-0.47899967432,1.0610781908,0.347969174385,-0.637357711792,0.451104015112,0.518842697144
-0.533930659294,-0.479044735432,1.06093227863,0.347759902477,-0.637442171574,0.452779918909,0.517417728901
-0.533274650574,-0.478906035423,1.0608112812,0.346984744072,-0.637847483158,0.45409104228,0.516288161278
-0.532490551472,-0.478695094585,1.06046032906,0.34662643075,-0.637741625309,0.455313831568,0.51558226347
-0.532086014748,-0.478732645512,1.06039345264,0.345198452473,-0.639282047749,0.455939382315,0.514077663422
-0.531525671482,-0.478592693806,1.0601733923,0.344349980354,-0.63987660408,0.457016438246,0.512949466705
-0.5309664011,-0.478463977575,1.05995106697,0.343089878559,-0.640640258789,0.458093076944,0.511878967285
-0.530088722706,-0.478186786175,1.05967128277,0.342997908592,-0.640315055847,0.459530949593,0.511058330536
-0.529762268066,-0.477985680103,1.05950510502,0.34148260951,-0.641491889954,0.460710793734,0.509532570839
-0.528622627258,-0.478052377701,1.05934000015,0.342551529408,-0.640548467636,0.462153673172,0.508694529533
-0.527770042419,-0.478034198284,1.05914127827,0.343074411154,-0.639919221401,0.463611871004,0.507806718349
-0.526715099812,-0.47781598568,1.05890631676,0.342912912369,-0.63916605711,0.464386790991,0.508156001568
-0.525838673115,-0.477637887001,1.05868947506,0.342559695244,-0.638439297676,0.464946508408,0.508795499802
-0.524944067001,-0.477400690317,1.05849981308,0.341882318258,-0.637666940689,0.464971870184,0.510194778442
-0.524310350418,-0.47692745924,1.05824828148,0.339918762445,-0.637443482876,0.464263856411,0.512425839901
-0.523748397827,-0.47665143013,1.05806612968,0.339185774326,-0.636523842812,0.464457273483,0.513877272606
-0.523403406143,-0.476546645164,1.05793261528,0.338522046804,-0.635939538479,0.46448752284,0.515009999275
-0.523267626762,-0.476442992687,1.05787050724,0.337637513876,-0.635442435741,0.465027838945,0.515715956688
-0.523248374462,-0.476368397474,1.05785143375,0.336829304695,-0.63530009985,0.465563625097,0.515936493874
-0.523297846317,-0.476313173771,1.05783510208,0.336258143187,-0.635339736938,0.466129392385,0.515749454498
-0.523609519005,-0.476561546326,1.05784702301,0.335485517979,-0.636397480965,0.465945869684,0.515113830566
-0.523797392845,-0.476599127054,1.05774497986,0.335202813148,-0.636620104313,0.46679726243,0.514251232147
-0.523953020573,-0.476623296738,1.05777716637,0.334824502468,-0.637152850628,0.466687440872,0.513937354088
-0.524003922939,-0.477007389069,1.05771636963,0.334845215082,-0.637820661068,0.466259539127,0.513483822346
-0.524250805378,-0.477081626654,1.05765092373,0.334315985441,-0.638288021088,0.466617077589,0.512922942638
-0.524515926838,-0.477067142725,1.05758619308,0.333552151918,-0.638809502125,0.46666637063,0.512726247311
-0.524928212166,-0.477126955986,1.05759310722,0.332665264606,-0.639521658421,0.467102855444,0.512016654015
-0.525466918945,-0.477133899927,1.05745851994,0.332094550133,-0.639690160751,0.468783825636,0.510638296604
-0.525967597961,-0.477206885815,1.05742061138,0.330891788006,-0.640561282635,0.469429850578,0.509732842445
-0.526543259621,-0.477184921503,1.05728065968,0.329668492079,-0.641350030899,0.470683336258,0.508376181126
-0.527126550674,-0.477280378342,1.05731213093,0.328621983528,-0.642059445381,0.47214910388,0.506796300411
-0.527763843536,-0.477435946465,1.05735063553,0.327374517918,-0.643051564693,0.473149299622,0.505411148071
-0.528313338757,-0.477578759193,1.0574760437,0.326423972845,-0.643674373627,0.474487185478,0.503976881504
-0.528838574886,-0.477788686752,1.05763530731,0.325452625751,-0.644432544708,0.475838303566,0.502359807491
-0.529401302338,-0.478130221367,1.05797839165,0.324590593576,-0.64521586895,0.477186709642,0.5006300807
-0.529836773872,-0.478409051895,1.05830895901,0.323726445436,-0.645761668682,0.478451579809,0.499276787043
-0.530379891396,-0.47877317667,1.05855858326,0.32296821475,-0.646121621132,0.480516552925,0.497315198183
-0.530775308609,-0.479167461395,1.05898475647,0.322447389364,-0.646501302719,0.482176959515,0.495549291372
-0.531296372414,-0.479840159416,1.05942070484,0.321981370449,-0.647250711918,0.483825087547,0.493262499571
-0.531663000584,-0.480267226696,1.05989325047,0.321892380714,-0.647179961205,0.485818177462,0.491451054811
-0.532048642635,-0.480783224106,1.06033241749,0.321320980787,-0.64770668745,0.48779553175,0.489167273045
-0.53237503767,-0.481291115284,1.06093513966,0.321160465479,-0.647808074951,0.490059167147,0.486870408058
-0.53289103508,-0.48199737072,1.06145441532,0.319893121719,-0.649415314198,0.491388171911,0.484216839075
-0.533244967461,-0.482609927654,1.06206250191,0.320010751486,-0.64968162775,0.493191599846,0.481943011284
-0.533363163471,-0.483021557331,1.06278896332,0.319691419601,-0.649909973145,0.49489235878,0.480100005865
-0.533704161644,-0.483670175076,1.06327903271,0.318664342165,-0.651332378387,0.496631145477,0.47705000639
-0.534068405628,-0.484000265598,1.06399083138,0.317937612534,-0.652123272419,0.498503625393,0.474494636059
-0.534022092819,-0.484840840101,1.06473398209,0.320271492004,-0.650558114052,0.500692307949,0.472766071558
-0.534410536289,-0.485083580017,1.06520676613,0.317463517189,-0.653338074684,0.501796126366,0.46964558959
-0.534286975861,-0.485861599445,1.06588184834,0.319823801517,-0.651632666588,0.504696965218,0.467299491167
-0.534306585789,-0.486471235752,1.0664690733,0.318276792765,-0.654019713402,0.505805909634,0.463808983564
-0.534186542034,-0.486851006746,1.06718850136,0.319007337093,-0.653789997101,0.507789969444,0.46145683527
-0.534875035286,-0.488654047251,1.06885719299,0.322132438421,-0.654191255569,0.509224891663,0.45711556077
-0.53399515152,-0.487849354744,1.06832194328,0.320535749197,-0.653201043606,0.512327194214,0.45618647337
-0.533585190773,-0.488310277462,1.06877851486,0.321612536907,-0.654137372971,0.514682650566,0.451410621405
-0.534118890762,-0.490099161863,1.0704023838,0.324474900961,-0.654627501965,0.515559375286,0.447635501623
-0.533183574677,-0.489266514778,1.07002222538,0.322641164064,-0.654298782349,0.517704606056,0.446964889765
-0.533408224583,-0.491154074669,1.07158517838,0.324989467859,-0.655996263027,0.517583489418,0.442897379398
-0.532827615738,-0.490080684423,1.07089281082,0.322454154491,-0.655626475811,0.520710468292,0.441631108522
-0.532695174217,-0.490642011166,1.07130587101,0.321818828583,-0.656919777393,0.522045791149,0.438585698605
-0.532412290573,-0.490652441978,1.07143962383,0.322389781475,-0.656168162823,0.526053249836,0.434483885765
-0.532299518585,-0.490751802921,1.07169234753,0.319034814835,-0.658895671368,0.526409864426,0.432395488024
-0.532118082047,-0.491128623486,1.07230985165,0.319326221943,-0.659280478954,0.527654886246,0.430070251226
-0.531889855862,-0.491420328617,1.07263600826,0.317535698414,-0.661191761494,0.528993308544,0.426805317402
-0.531879961491,-0.491656064987,1.07298886776,0.315692931414,-0.662865757942,0.531054973602,0.422998458147
-0.531988978386,-0.492085814476,1.07333421707,0.315553963184,-0.66298609972,0.534039378166,0.41913869977
-0.531848549843,-0.492238819599,1.0738132,0.314207315445,-0.664046883583,0.53627717495,0.415598958731
-0.531669676304,-0.49263125658,1.07420098782,0.312862187624,-0.66568094492,0.53851723671,0.411078482866
-0.531540453434,-0.49290561676,1.07458090782,0.311365246773,-0.667039275169,0.541028559208,0.406691998243
-0.531906783581,-0.494450688362,1.07603311539,0.31185311079,-0.66929847002,0.542315065861,0.400851339102
-0.531685531139,-0.494830161333,1.07640838623,0.310502916574,-0.670671403408,0.544647336006,0.396418124437
-0.53095382452,-0.495511710644,1.07684028149,0.309954464436,-0.672317266464,0.546289384365,0.391772419214
-0.530909121037,-0.4957434237,1.07715272903,0.308236181736,-0.673759520054,0.548929929733,0.386929661036
-0.530517578125,-0.496104836464,1.07748055458,0.305651664734,-0.676686346531,0.550476610661,0.381638914347
-0.52948975563,-0.495263040066,1.07678997517,0.302874296904,-0.675950288773,0.555460512638,0.377918332815
-0.528984069824,-0.495834648609,1.07724201679,0.301878452301,-0.677337527275,0.557914912701,0.372578024864
-0.528993606567,-0.497577130795,1.07860600948,0.301935464144,-0.679768919945,0.559671640396,0.365399718285
-0.528339326382,-0.497971445322,1.07904434204,0.300629705191,-0.68087720871,0.562776684761,0.359597742558
-0.527188360691,-0.497144937515,1.07824099064,0.296576917171,-0.682070374489,0.566844344139,0.354273617268
-0.526575028896,-0.497680783272,1.07876300812,0.295571357012,-0.682650148869,0.570252716541,0.348479747772
-0.525817155838,-0.498228192329,1.07915115356,0.2942520082,-0.683691322803,0.573585033417,0.342026650906
-0.524880707264,-0.498735636473,1.07951939106,0.293385207653,-0.684801101685,0.57640004158,0.335761338472
-0.524498641491,-0.500536680222,1.08101868629,0.292370021343,-0.688080310822,0.577592730522,0.327798515558
-0.52353054285,-0.501003980637,1.08132731915,0.290167927742,-0.689173698425,0.581342995167,0.32075291872
-0.522450149059,-0.501427650452,1.08166694641,0.288748830557,-0.690464556217,0.583962321281,0.31443721056
-0.521335363388,-0.501824557781,1.08190655708,0.28828561306,-0.689706861973,0.588631927967,0.307747513056
-0.520063519478,-0.502591431141,1.0825060606,0.286698132753,-0.692512512207,0.589097082615,0.301985561848
-0.518719494343,-0.502835154533,1.08260571957,0.285399645567,-0.692684173584,0.592866122723,0.295373439789
-0.517531752586,-0.503317475319,1.08289837837,0.281862944365,-0.696103990078,0.594536721706,0.287260890007
-0.515895783901,-0.502125382423,1.08188378811,0.276378065348,-0.696817219257,0.599381685257,0.280718147755
-0.514508783817,-0.502564907074,1.08208918571,0.274952113628,-0.697920560837,0.602126657963,0.273407876492
-0.512933671474,-0.502734005451,1.08212590218,0.272682100534,-0.698613405228,0.605569541454,0.266212999821
-0.511509180069,-0.503134727478,1.08227229118,0.270021080971,-0.699515998363,0.608962416649,0.258709579706
-0.509374082088,-0.503562688828,1.08236479759,0.272414028645,-0.697337985039,0.613211512566,0.251956403255
-0.507637917995,-0.503864824772,1.08250522614,0.270741730928,-0.697882771492,0.616470038891,0.244179040194
-0.50609087944,-0.503951370716,1.08259081841,0.267957597971,-0.699355244637,0.618889451027,0.236805841327
-0.504060983658,-0.504436075687,1.08283901215,0.266984373331,-0.699570775032,0.62210804224,0.228695496917
-0.502297639847,-0.504663348198,1.08299517632,0.262406349182,-0.702574133873,0.623973786831,0.219520643353
-0.50027680397,-0.504977583885,1.08304643631,0.260844647884,-0.703470170498,0.626335382462,0.211645752192
-0.498107373714,-0.505221188068,1.08307850361,0.259990125895,-0.703648269176,0.628991782665,0.204091846943
-0.496028900146,-0.505563259125,1.08325707912,0.260645091534,-0.701636135578,0.633210003376,0.19701744616
-0.493780404329,-0.505779564381,1.08331990242,0.259170144796,-0.702633202076,0.635012507439,0.189464464784
-0.491773575544,-0.505750656128,1.08328902721,0.257403194904,-0.70315849781,0.637313902378,0.182050973177
-0.489057868719,-0.506261527538,1.08370614052,0.25747358799,-0.703067779541,0.639494121075,0.174500763416
-0.486947745085,-0.506340742111,1.08375453949,0.255383163691,-0.704638600349,0.640759885311,0.166405364871
-0.484507709742,-0.506708920002,1.08400857449,0.256149798632,-0.700593829155,0.646588981152,0.159619092941
-0.481975436211,-0.506690502167,1.08403646946,0.253690868616,-0.704577505589,0.645260214806,0.151165083051
-0.479159146547,-0.507131457329,1.08445394039,0.253744095564,-0.70417791605,0.647393763065,0.143627792597
-0.476538568735,-0.507168769836,1.08445215225,0.252179145813,-0.703629076481,0.650453150272,0.13499160111
-0.474297314882,-0.506737172604,1.0845618248,0.248771637678,-0.703021466732,0.653691351414,0.128690809011
-0.471294045448,-0.507088184357,1.08491158485,0.249013721943,-0.702601313591,0.655526101589,0.120951324701
-0.468525737524,-0.507235169411,1.08515357971,0.248525187373,-0.70182967186,0.657898247242,0.113314963877
-0.466147571802,-0.507614850998,1.08562207222,0.244238317013,-0.735983014107,0.624120116234,0.0956598520279
-0.462823480368,-0.507465600967,1.08570897579,0.247445225716,-0.702123463154,0.660367548466,0.0985303372145
-0.459962338209,-0.507589101791,1.08602011204,0.247203081846,-0.70130354166,0.662355780602,0.0913721472025
-0.456971883774,-0.507520675659,1.08629798889,0.246613010764,-0.700805187225,0.664011538029,0.0845149606466
-0.453833252192,-0.507653534412,1.08666074276,0.247977614403,-0.698855578899,0.666511893272,0.0766163766384
-0.450915545225,-0.507542252541,1.08693122864,0.247022941709,-0.698556184769,0.66794604063,0.0696216225624
-0.447994291782,-0.507457852364,1.08731043339,0.246503278613,-0.697750747204,0.669631838799,0.0630332455039
-0.445417910814,-0.507194340229,1.08759021759,0.245319753885,-0.696980118752,0.671463191509,0.0563403554261
-0.442990243435,-0.507314503193,1.08810460567,0.242042973638,-0.692549049854,0.677821099758,0.0484740436077
-0.440071851015,-0.507184684277,1.08846831322,0.241705089808,-0.692382335663,0.678573668003,0.0415106080472
-0.436625897884,-0.506781756878,1.08868098259,0.242635920644,-0.696149468422,0.67465788126,0.0366142354906
-0.433640539646,-0.506563961506,1.08911073208,0.24255040288,-0.695076942444,0.676134705544,0.0296544972807
-0.429880827665,-0.50645250082,1.08978271484,0.24447837472,-0.693009436131,0.677828252316,0.0227388944477
-0.42723852396,-0.506258428097,1.08996200562,0.240900307894,-0.689380049706,0.682995200157,0.015489237383
-0.424559950829,-0.505854487419,1.09026730061,0.240345105529,-0.688726663589,0.683958232403,0.00954570993781
-0.421992629766,-0.505331039429,1.09053778648,0.238225564361,-0.689113676548,0.684361219406,0.00455143488944
-0.418522179127,-0.505233943462,1.09130489826,0.238642215729,-0.68838340044,0.684965252876,-0.000896028592251
-0.415463864803,-0.504636108875,1.0919778347,0.238274216652,-0.687351882458,0.686102330685,-0.00605697417632
-0.412634968758,-0.504218995571,1.09243762493,0.23798635602,-0.692619740963,0.680756151676,-0.014549463056
-0.410122364759,-0.503617763519,1.09277069569,0.236566975713,-0.692553639412,0.681187152863,-0.0197367109358
-0.406903505325,-0.502991974354,1.09325766563,0.237622529268,-0.691189646721,0.682084083557,-0.0235288478434
-0.403964877129,-0.502307474613,1.09365558624,0.237249821424,-0.689821481705,0.683396756649,-0.0287697073072
-0.400877445936,-0.501745402813,1.09426248074,0.236067041755,-0.688626468182,0.684704780579,-0.0352909825742
-0.3978536129,-0.500991165638,1.09468233585,0.237450361252,-0.686897456646,0.685781121254,-0.038646236062
-0.395589739084,-0.500534176826,1.09515202045,0.234799802303,-0.68792372942,0.685362160206,-0.0436882153153
-0.392710655928,-0.499614268541,1.09554576874,0.234265476465,-0.686448097229,0.686690986156,-0.0486240051687
-0.39001712203,-0.498814195395,1.09608030319,0.234312057495,-0.68466603756,0.68816870451,-0.0524801760912
-0.387887388468,-0.497972548008,1.09638488293,0.232389032841,-0.685106217861,0.688097894192,-0.0560904853046
-0.38551223278,-0.497242033482,1.09625947475,0.230958655477,-0.682833850384,0.690372049809,-0.0615014545619
-0.38213545084,-0.496031284332,1.09667623043,0.232703328133,-0.679108023643,0.693098843098,-0.0653881132603
-0.380000382662,-0.495159775019,1.09712195396,0.231863901019,-0.679041922092,0.693188011646,-0.0680552199483
-0.37760001421,-0.493737518787,1.09765517712,0.231869772077,-0.677372574806,0.694487690926,-0.071342907846
-0.375201970339,-0.492775946856,1.09797310829,0.231563419104,-0.676996529102,0.694572627544,-0.0749875754118
-0.372792184353,-0.492084115744,1.09851777554,0.231738895178,-0.67681401968,0.694324731827,-0.0783133357763
-0.370637834072,-0.491034507751,1.09875500202,0.231533586979,-0.675457596779,0.695303618908,-0.0818668305874
-0.368468880653,-0.490373909473,1.0992411375,0.231358662248,-0.67614710331,0.694343209267,-0.0847695171833
-0.366081506014,-0.489241033792,1.09949576855,0.232054367661,-0.674414515495,0.695322871208,-0.0885548591614
-0.364196062088,-0.488298892975,1.09973752499,0.231821894646,-0.674325585365,0.695096254349,-0.0915697664022
-0.36211836338,-0.487440854311,1.10008394718,0.231982335448,-0.673596143723,0.695337951183,-0.0946443155408
-0.360065937042,-0.486654698849,1.10050535202,0.232609122992,-0.67304700613,0.69525873661,-0.0975495427847
-0.358208328485,-0.485478878021,1.10059154034,0.231132164598,-0.673769712448,0.694731116295,-0.0998052284122
-0.355967253447,-0.484681904316,1.10111582279,0.231621906161,-0.671306848526,0.696358799934,-0.103841245174
-0.354642361403,-0.48394382,1.1012686491,0.230234026909,-0.672290563583,0.6954844594,-0.106390058994
-0.352576971054,-0.482874333858,1.101521492,0.231077164412,-0.670582711697,0.696304619312,-0.109918564558
-0.35064086318,-0.482151269913,1.10197138786,0.231479123235,-0.671132087708,0.69523859024,-0.112438522279
-0.348955065012,-0.481168866158,1.10210990906,0.232069030404,-0.669362664223,0.696190178394,-0.115830205381
-0.347406446934,-0.480291813612,1.10230493546,0.231724098325,-0.669691562653,0.695589482784,-0.118204541504
-0.345594108105,-0.479475259781,1.102684021,0.233973279595,-0.669312536716,0.694870054722,-0.120136879385
-0.344128072262,-0.478539764881,1.10280323029,0.232303678989,-0.667388498783,0.696646153927,-0.123741604388
-0.342375814915,-0.477729856968,1.10316681862,0.233404368162,-0.666125237942,0.69699203968,-0.126497685909
-0.341034412384,-0.47708773613,1.10346972942,0.233323946595,-0.666469931602,0.696349918842,-0.128353491426
-0.339574366808,-0.476101964712,1.10357928276,0.233412399888,-0.666211009026,0.696207642555,-0.130293145776
-0.338077455759,-0.475345045328,1.10385680199,0.234225749969,-0.665561676025,0.696089625359,-0.132760390639
-0.33642667532,-0.474159538746,1.10395991802,0.233499899507,-0.664056420326,0.697343468666,-0.134977459908
-0.335424304008,-0.473492324352,1.10406017303,0.23334133625,-0.665244042873,0.695973455906,-0.136466950178
-0.3340074718,-0.472542196512,1.10417103767,0.233406677842,-0.664850533009,0.695965468884,-0.138301193714
-0.332887709141,-0.471650063992,1.10418784618,0.232620075345,-0.664645016193,0.696120738983,-0.139824718237
-0.331613868475,-0.470920562744,1.10436892509,0.232887342572,-0.663709640503,0.696523010731,-0.141804754734
-0.330255895853,-0.469829380512,1.10439097881,0.232291653752,-0.662326931953,0.697638988495,-0.143747985363
-0.329207450151,-0.468995541334,1.10438656807,0.232217207551,-0.661970317364,0.697635710239,-0.145516902208
-0.32800963521,-0.468493103981,1.10471737385,0.232257246971,-0.662348091602,0.696953117847,-0.14699678123
-0.32691475749,-0.467240512371,1.1045743227,0.231344863772,-0.660994529724,0.698154509068,-0.148815974593
-0.325834602118,-0.46660810709,1.10473322868,0.232222765684,-0.660008907318,0.698418140411,-0.150575444102
-0.324737787247,-0.466069281101,1.1050516367,0.232233434916,-0.660478532314,0.697755277157,-0.151569694281
-0.323708951473,-0.465273499489,1.10519933701,0.232239559293,-0.659294009209,0.698571264744,-0.152953103185
-0.322857916355,-0.464754581451,1.10413467884,0.230940252542,-0.657059550285,0.700247943401,-0.156819984317
-0.321925073862,-0.464269995689,1.10441184044,0.2328966856,-0.656459927559,0.699967980385,-0.157683819532
-0.321287959814,-0.463721483946,1.10451805592,0.233444407582,-0.657557070255,0.698595941067,-0.158385425806
-0.32027220726,-0.462714076042,1.10451984406,0.233800068498,-0.65694218874,0.698976933956,-0.158731669188
-0.319087356329,-0.4617857337,1.1060270071,0.236949205399,-0.657670676708,0.697822809219,-0.156102374196
-0.318821370602,-0.461218059063,1.10587263107,0.236601114273,-0.658944129944,0.696681976318,-0.156355008483
-0.31816214323,-0.460688620806,1.10596847534,0.236969202757,-0.659039735794,0.696335434914,-0.156937256455
-0.317566633224,-0.460165947676,1.10606169701,0.236618131399,-0.659285783768,0.696097314358,-0.157488569617
-0.316961348057,-0.459711194038,1.10615611076,0.236671209335,-0.659152805805,0.696077287197,-0.158053770661
-0.316387087107,-0.459300905466,1.1061989069,0.23759521544,-0.658872008324,0.695880949497,-0.158700838685
-0.315820753574,-0.459525913,1.10670340061,0.238273158669,-0.658246576786,0.696050703526,-0.159533306956
-0.315631866455,-0.458980381489,1.10653996468,0.237055122852,-0.65787422657,0.696620821953,-0.160392835736
-0.314957082272,-0.45844990015,1.10667860508,0.237280964851,-0.65602260828,0.697921276093,-0.161982223392
-0.31416863203,-0.458031356335,1.10698282719,0.236802786589,-0.65474909544,0.699003458023,-0.163163214922
-0.31368046999,-0.457696348429,1.10722351074,0.236208230257,-0.654766261578,0.699099838734,-0.163542419672
-0.312837839127,-0.457083314657,1.10742652416,0.235028162599,-0.652383267879,0.701392591,-0.164943084121
-0.311935722828,-0.456693530083,1.10780096054,0.235998556018,-0.651863217354,0.701328754425,-0.165883257985
-0.310500860214,-0.455975472927,1.10829055309,0.235932856798,-0.650653600693,0.70225995779,-0.166783154011
-0.309487342834,-0.455356478691,1.10862338543,0.235483452678,-0.648812770844,0.70374161005,-0.168336957693
-0.308303534985,-0.454824239016,1.10912251472,0.235225751996,-0.647024154663,0.705119788647,-0.169807732105
-0.307596057653,-0.454311937094,1.10932219028,0.234076976776,-0.646669328213,0.705551087856,-0.170952185988
-0.305994033813,-0.453292429447,1.10981321335,0.233175486326,-0.644062578678,0.707764446735,-0.172864288092
-0.304526627064,-0.45267701149,1.11051142216,0.233562141657,-0.641790747643,0.709399402142,-0.174085795879
-0.303320586681,-0.45218616724,1.11108112335,0.233813360333,-0.637602090836,0.712917625904,-0.174766585231
-0.30181312561,-0.451505720615,1.11175143719,0.23397834599,-0.635495781898,0.714292228222,-0.176594868302
-0.29984036088,-0.450570821762,1.11260426044,0.233302623034,-0.633618474007,0.715800642967,-0.178121015429
-0.299025028944,-0.449965447187,1.11295413971,0.229746162891,-0.632168829441,0.717465698719,-0.181169107556
-0.297688812017,-0.44953751564,1.11376094818,0.229958534241,-0.630309343338,0.718730211258,-0.182362884283
-0.296117186546,-0.448737472296,1.11458051205,0.228785023093,-0.62859159708,0.720447659492,-0.182990044355
-0.294753104448,-0.4480022192,1.11534881592,0.227615818381,-0.626057684422,0.722877204418,-0.183552473783
-0.292748689651,-0.447212338448,1.11655950546,0.227460205555,-0.622882068157,0.725568950176,-0.183928370476
-0.291520863771,-0.446546077728,1.11728727818,0.226328283548,-0.621903896332,0.726747453213,-0.183981388807
-0.289685308933,-0.445578604937,1.11839330196,0.225623428822,-0.619149506092,0.729345798492,-0.18385514617
-0.288177996874,-0.445016622543,1.11958003044,0.22647215426,-0.618641793728,0.729733109474,-0.18298214674
-0.286638647318,-0.444462716579,1.12068486214,0.225851595402,-0.61751550436,0.730819225311,-0.183218121529
-0.285419732332,-0.444220036268,1.12179112434,0.226735830307,-0.615916132927,0.731753230095,-0.183780714869
-0.283923685551,-0.443734407425,1.12293601036,0.226468548179,-0.614809572697,0.732774853706,-0.183745533228
-0.281944811344,-0.442232847214,1.123939991,0.225745797157,-0.614284336567,0.733606696129,-0.183070257306
-0.2803786695,-0.441683501005,1.12516212463,0.226486220956,-0.611879348755,0.735351979733,-0.183208346367
-0.278837531805,-0.441733330488,1.12671399117,0.22828887403,-0.611512303352,0.734973669052,-0.183713361621
-0.277229726315,-0.440947830677,1.12781143188,0.228868708014,-0.61106222868,0.735044300556,-0.18420624733
-0.276166439056,-0.440340578556,1.1285803318,0.228765293956,-0.609587609768,0.736127495766,-0.184893846512
-0.274899125099,-0.44018086791,1.1296646595,0.230341807008,-0.607749402523,0.73688262701,-0.185977146029
-0.27297770977,-0.440134137869,1.12956905365,0.230528056622,-0.60549145937,0.737664699554,-0.189967557788
-0.27130228281,-0.439721554518,1.13094615936,0.233190834522,-0.603484869003,0.738325059414,-0.190536528826
-0.270278155804,-0.438790977001,1.13143956661,0.233182221651,-0.60201472044,0.739346325397,-0.191236168146
-0.269174039364,-0.437596082687,1.13387751579,0.240017727017,-0.601687848568,0.738203525543,-0.188199073076
-0.268193900585,-0.437525600195,1.13485312462,0.242394581437,-0.599369823933,0.739017963409,-0.189349904656
-0.267249524593,-0.436781585217,1.13567686081,0.245305716991,-0.597428381443,0.739608049393,-0.189431831241
-0.266353607178,-0.436859428883,1.13631629944,0.249680534005,-0.595924317837,0.739033162594,-0.190693020821
-0.265585958958,-0.43628641963,1.1367739439,0.25305211544,-0.594072282314,0.739440560341,-0.190448030829
-0.264599710703,-0.436753153801,1.13599050045,0.257055699825,-0.591502726078,0.739139020443,-0.194217413664
-0.264137804508,-0.43651214242,1.13633620739,0.26195204258,-0.590892732143,0.737979233265,-0.19394223392
-0.264429807663,-0.435916006565,1.13787508011,0.267869442701,-0.590630948544,0.737095713615,-0.189976245165
-0.264324009418,-0.435412108898,1.13767886162,0.272680222988,-0.589817404747,0.736217796803,-0.189061194658
-0.264648139477,-0.435168832541,1.13790154457,0.278430014849,-0.590112447739,0.734381318092,-0.186891362071
-0.264857828617,-0.434744715691,1.13743233681,0.283702492714,-0.590555131435,0.732488453388,-0.184981673956
-0.26527813077,-0.434684991837,1.13697397709,0.289861679077,-0.590386390686,0.730681538582,-0.183107972145
-0.266039192677,-0.434781432152,1.13626122475,0.296034038067,-0.590457379818,0.728637337685,-0.181139796972
-0.266777694225,-0.434606939554,1.13508868217,0.300769805908,-0.590734899044,0.7269064188,-0.179379478097
-0.267265677452,-0.43445917964,1.13456118107,0.307803839445,-0.590355336666,0.725082218647,-0.176049485803
-0.268485307693,-0.434182107449,1.13282394409,0.31315818429,-0.590334415436,0.723335266113,-0.173848539591
-0.269285976887,-0.434079885483,1.13192749023,0.320308089256,-0.590215802193,0.721118927002,-0.170398578048
-0.270417809486,-0.43406060338,1.13036894798,0.326576113701,-0.59024399519,0.718960344791,-0.16749972105
-0.271795749664,-0.433449983597,1.12862622738,0.33222129941,-0.59102666378,0.716651856899,-0.163483455777
-0.272887229919,-0.43382447958,1.12743782997,0.340813845396,-0.590978205204,0.713577568531,-0.159366711974
-0.274694770575,-0.433878183365,1.12524342537,0.346821457148,-0.592106580734,0.710556447506,-0.155673369765
-0.276061534882,-0.433550477028,1.12356638908,0.35446164012,-0.592593073845,0.707508504391,-0.150406256318
-0.277479439974,-0.433831989765,1.12183690071,0.362418144941,-0.593434214592,0.703772425652,-0.145579606295
-0.279017865658,-0.433648735285,1.12031447887,0.370931535959,-0.593357801437,0.700650751591,-0.139373138547
-0.280626475811,-0.433533847332,1.11828732491,0.378445476294,-0.594665706158,0.696669280529,-0.133430674672
-0.282182514668,-0.433499634266,1.11671066284,0.387672543526,-0.59434312582,0.693058788776,-0.127027153969
-0.283785313368,-0.433601558208,1.11492049694,0.395809918642,-0.594554066658,0.689438343048,-0.120477922261
-0.285707235336,-0.43372297287,1.11304330826,0.404124468565,-0.594940125942,0.68544024229,-0.113585434854
-0.287509262562,-0.43405175209,1.11128914356,0.41207587719,-0.594740569592,0.68193012476,-0.106998153031
-0.289563059807,-0.434694051743,1.10961866379,0.420565485954,-0.594326078892,0.678075194359,-0.100575268269
-0.291492074728,-0.43471762538,1.10760378838,0.427488476038,-0.594082474709,0.674962878227,-0.0935148969293
-0.293699622154,-0.435580164194,1.10601532459,0.435272812843,-0.593084275723,0.671646952629,-0.0876307189465
-0.295846134424,-0.436019271612,1.10418105125,0.44306614995,-0.592750012875,0.667742788792,-0.0803715437651
-0.297981590033,-0.436465799809,1.10237216949,0.449301302433,-0.591678917408,0.665193200111,-0.074583157897
-0.300234794617,-0.437060058117,1.10071253777,0.457358539104,-0.590814590454,0.661246418953,-0.0671908631921
-0.302948832512,-0.438129603863,1.09916210175,0.463871985674,-0.58894431591,0.6589859128,-0.0608701258898
-0.305102884769,-0.4386036098,1.09762120247,0.471183508635,-0.587644934654,0.655550301075,-0.0539757721126
-0.307945072651,-0.439793407917,1.09602534771,0.478075146675,-0.587158799171,0.65148127079,-0.0475482605398
-0.310275584459,-0.440255045891,1.09459364414,0.484907448292,-0.586545586586,0.647510170937,-0.0394941791892
-0.313100874424,-0.441507041454,1.09326970577,0.490856289864,-0.586768388748,0.643192648888,-0.0326522178948
-0.316133528948,-0.442595094442,1.0918160677,0.496970206499,-0.587054014206,0.638550817966,-0.0253209043294
-0.318948566914,-0.44358292222,1.09060907364,0.502719521523,-0.586642980576,0.634663403034,-0.0180444531143
-0.321983218193,-0.444833993912,1.08939909935,0.50806748867,-0.591715693474,0.625794649124,-0.0110055236146
-0.325319081545,-0.445896625519,1.08808016777,0.512131392956,-0.590925037861,0.62330442667,-0.00453747063875
-0.328495502472,-0.447106778622,1.08700716496,0.516337096691,-0.589842915535,0.620869755745,0.00144026777707
-0.331741333008,-0.44799721241,1.08581876755,0.520698785782,-0.58404904604,0.622659802437,0.0073581119068
-0.335275322199,-0.449683606625,1.08503091335,0.524393975735,-0.584367275238,0.61916655302,0.0125981774181
-0.338378190994,-0.450748741627,1.08414649963,0.527396261692,-0.584455430508,0.616339087486,0.0197766944766
-0.34208971262,-0.452570617199,1.08356547356,0.531336784363,-0.58260345459,0.614509105682,0.0251623410732
-0.345342725515,-0.453517198563,1.08258676529,0.535379350185,-0.580807626247,0.612477242947,0.0300543867052
-0.348776698112,-0.45479786396,1.08190381527,0.537238538265,-0.580938339233,0.610446035862,0.0352315567434
-0.352505624294,-0.456596851349,1.08150660992,0.539744317532,-0.581119477749,0.607730746269,0.0404902175069
-0.355742782354,-0.457998812199,1.0810791254,0.54236549139,-0.581776201725,0.604239940643,0.0476499833167
-0.359455794096,-0.459747582674,1.08077907562,0.543459415436,-0.582107186317,0.602588534355,0.0518660768867
-0.362976282835,-0.461462020874,1.08065891266,0.549337029457,-0.596869528294,0.581592023373,0.0610482990742
-0.366183489561,-0.46279758215,1.08045589924,0.550065875053,-0.587738752365,0.589984297752,0.0625247359276
-0.370704144239,-0.46520203352,1.08055925369,0.542252898216,-0.537702441216,0.644679963589,0.03500989452
-0.373231142759,-0.466968357563,1.08072888851,0.54212808609,-0.546896517277,0.636010766029,0.0499171093106
-0.376260519028,-0.467226207256,1.08008313179,0.553793489933,-0.580791532993,0.591928184032,0.0749329552054
-0.378991305828,-0.468616247177,1.08026683331,0.556150317192,-0.579220414162,0.590690433979,0.0792811363935
-0.382042437792,-0.469410061836,1.07991635799,0.558273255825,-0.576642990112,0.590752184391,0.0826193764806
-0.385038226843,-0.471060335636,1.08018732071,0.558201849461,-0.572396695614,0.594903230667,0.0828432142735
-0.38799393177,-0.472476392984,1.08029305935,0.559763610363,-0.570001065731,0.595374584198,0.0853964611888
-0.3904055655,-0.473326921463,1.08026778698,0.561836242676,-0.566564321518,0.596280992031,0.0882842093706
-0.393151044846,-0.474592506886,1.08050489426,0.563090443611,-0.564178645611,0.596995830536,0.0907066464424
-0.395363360643,-0.47605240345,1.08092582226,0.565736830235,-0.560458064079,0.597651898861,0.0929558724165
-0.39787197113,-0.47676306963,1.08086979389,0.567240893841,-0.556901097298,0.599204361439,0.0951484441757
-0.400119096041,-0.477804630995,1.0810059309,0.568838834763,-0.553836464882,0.600072920322,0.0979803577065
-0.402401596308,-0.478748857975,1.08113968372,0.570739269257,-0.549051821232,0.602465510368,0.0991668328643
-0.404430598021,-0.479998111725,1.0816231966,0.572696268559,-0.54544878006,0.603418946266,0.101933389902
-0.406642764807,-0.480774462223,1.08171129227,0.57340991497,-0.542755424976,0.60438066721,0.106497444212
-0.408628165722,-0.482033491135,1.08223807812,0.575081944466,-0.539296269417,0.605322062969,0.109661705792
-0.410698831081,-0.483102321625,1.08262968063,0.576219975948,-0.536513328552,0.605801701546,0.114579722285
-0.413180232048,-0.483813971281,1.08260083199,0.576172411442,-0.533839404583,0.607454717159,0.118488639593
-0.414777755737,-0.484251976013,1.08279085159,0.577669620514,-0.529800534248,0.608580470085,0.123446650803
-0.416853368282,-0.484613895416,1.08272325993,0.577959895134,-0.526767134666,0.609853863716,0.128674283624
-0.418803364038,-0.485704749823,1.08312082291,0.578476667404,-0.525598227978,0.60908716917,0.134625896811
-0.421208411455,-0.486643731594,1.08341991901,0.578721821308,-0.523796796799,0.609031617641,0.140706881881
-0.42288467288,-0.487202614546,1.08344984055,0.580594480038,-0.519149780273,0.610686600208,0.143022865057
-0.425032824278,-0.488167673349,1.0838586092,0.581095695496,-0.517852246761,0.609639406204,0.149988666177
-0.427068322897,-0.488996863365,1.08403933048,0.580526411533,-0.518409967422,0.60765761137,0.158090054989
-0.429675340652,-0.490424513817,1.08465957642,0.580299556255,-0.517697155476,0.607720315456,0.160990908742
-0.43152821064,-0.491194069386,1.08488547802,0.579510688782,-0.519211530685,0.603812873363,0.173195317388
-0.434257566929,-0.492621451616,1.08549153805,0.578723728657,-0.518950045109,0.603368878365,0.178089722991
-0.436198204756,-0.493179649115,1.08552515507,0.578124165535,-0.518870949745,0.601924836636,0.185019552708
-0.438582450151,-0.494359254837,1.08602917194,0.57744204998,-0.518750905991,0.601041197777,0.190284371376
-0.44074395299,-0.495352119207,1.08644092083,0.576615571976,-0.518846452236,0.599903821945,0.196031495929
-0.443065613508,-0.4965031147,1.08683300018,0.575828075409,-0.519070029259,0.59874522686,0.201226979494
-0.445219993591,-0.497256159782,1.08727788925,0.574686825275,-0.519276201725,0.598022639751,0.206049129367
-0.447644591331,-0.49843275547,1.08769607544,0.573442399502,-0.519892930984,0.597055196762,0.210714146495
-0.449642717838,-0.498778611422,1.08776259422,0.572040617466,-0.522403597832,0.593709468842,0.217653617263
-0.451818317175,-0.499740123749,1.08818554878,0.570864677429,-0.522826552391,0.592599272728,0.222692757845
-0.453793257475,-0.500380218029,1.08840811253,0.569877207279,-0.522579729557,0.591927468777,0.227535232902
-0.455751925707,-0.501108050346,1.08870697021,0.569137513638,-0.522258460522,0.591057896614,0.232334554195
-0.457491397858,-0.50165617466,1.0889467001,0.568468749523,-0.521462619305,0.59057277441,0.236946493387
-0.459178328514,-0.501941084862,1.08921635151,0.567522168159,-0.52067899704,0.590115368366,0.242024511099
-0.461113214493,-0.503041982651,1.08984768391,0.56752550602,-0.515775680542,0.593552052975,0.244103461504
-0.462552338839,-0.503183484077,1.08978247643,0.567049205303,-0.515440881252,0.592090368271,0.24940957129
-0.464478194714,-0.503793478012,1.0899682045,0.566464066505,-0.515433907509,0.590436160564,0.254620730877
-0.465868681669,-0.50393640995,1.08978438377,0.565967023373,-0.513799548149,0.590231120586,0.25945815444
-0.467325717211,-0.504042506218,1.08978641033,0.565457224846,-0.512960135937,0.58910381794,0.264739066362
-0.467952489853,-0.50369566679,1.08931875229,0.565456867218,-0.511351823807,0.587583601475,0.271151930094
-0.468850076199,-0.503581047058,1.08894717693,0.565290331841,-0.5101557374,0.586020350456,0.277070492506
-0.468947380781,-0.502956151962,1.08802342415,0.565622329712,-0.508696973324,0.583361983299,0.28458288312
-0.470460057259,-0.503113090992,1.08784425259,0.564946830273,-0.508038461208,0.582001984119,0.289837598801
-0.469893753529,-0.50175756216,1.08669102192,0.56591707468,-0.504681408405,0.579891681671,0.297926992178
-0.47067424655,-0.501355528831,1.08620119095,0.565473794937,-0.503284335136,0.577941000462,0.304841905832
-0.471668630838,-0.501024842262,1.08565735817,0.564883887768,-0.502301931381,0.575984597206,0.31119287014
-0.471600234509,-0.499792546034,1.08446526527,0.565317511559,-0.499461710453,0.574454307556,0.317736506462
-0.470940291882,-0.498394191265,1.08273005486,0.566302120686,-0.495918959379,0.572096943855,0.325685948133
-0.471343368292,-0.497539013624,1.08168172836,0.566169917583,-0.49370187521,0.570245265961,0.332461565733
-0.471079975367,-0.496297180653,1.08044219017,0.566194593906,-0.491176605225,0.566868066788,0.341804116964
-0.471396446228,-0.495164036751,1.07926082611,-0.565987408161,0.488831162453,-0.565523743629,-0.347685575485
-0.471792012453,-0.49435198307,1.07821202278,-0.565628290176,0.487190693617,-0.562960445881,-0.354662567377
-0.471145480871,-0.492707788944,1.07681083679,-0.565052509308,0.484963089228,-0.559275448322,-0.36433199048
-0.472042739391,-0.492198586464,1.07586920261,-0.563598453999,0.484083265066,-0.556524813175,-0.371887505054
-0.47128623724,-0.490424007177,1.07436275482,-0.563816905022,0.481160849333,-0.553908407688,-0.379183679819
-0.471488416195,-0.489503622055,1.07321548462,-0.563040137291,0.479275196791,-0.551508307457,-0.386160105467
-0.471643328667,-0.488361001015,1.07198059559,-0.562062263489,0.477956146002,-0.548791885376,-0.393028706312
-0.472286045551,-0.487514913082,1.07094144821,-0.560363531113,0.478119492531,-0.545612633228,-0.399626582861
-0.472474217415,-0.486591219902,1.06990206242,-0.559392690659,0.475679844618,-0.543521344662,-0.406685709953
-0.472502022982,-0.485485672951,1.0686122179,-0.558051943779,0.473896324635,-0.541099429131,-0.41377773881
-0.472699046135,-0.48468953371,1.06765091419,-0.55676728487,0.474300771952,-0.537343502045,-0.419894188643
-0.472976952791,-0.483602553606,1.06616067886,-0.553234696388,0.478577464819,-0.531212627888,-0.427444040775
-0.473320126534,-0.483029067516,1.06559550762,-0.551853597164,0.478173553944,-0.529164254665,-0.432195365429
-0.473614662886,-0.482241690159,1.06442427635,-0.550919413567,0.477057397366,-0.527519524097,-0.436608999968
-0.474141508341,-0.482017815113,1.0639102459,-0.549274384975,0.478054642677,-0.524276435375,-0.441469967365
-0.474962472916,-0.48208412528,1.06357610226,-0.548863530159,0.477518558502,-0.522969603539,-0.444103360176
-0.475933253765,-0.481814324856,1.06322228909,-0.544669866562,0.479910820723,-0.52054899931,-0.449498802423
-0.475649744272,-0.48084384203,1.06227040291,-0.544388115406,0.478497743607,-0.518825650215,-0.453323066235
-0.476043224335,-0.480519503355,1.06179952621,-0.54586905241,0.47739931941,-0.518641233444,-0.452910780907
-0.476248383522,-0.480141103268,1.06126618385,-0.546307563782,0.475631445646,-0.518169105053,-0.45477861166
-0.476593643427,-0.480086892843,1.06101000309,-0.546154379845,0.475664168596,-0.517034113407,-0.456217706203
-0.477670699358,-0.480524033308,1.06112384796,-0.545277118683,0.477352142334,-0.516158401966,-0.456495970488
-0.478001117706,-0.480401098728,1.06086826324,-0.544848799706,0.477968722582,-0.51517790556,-0.457468658686
-0.477521985769,-0.480055391788,1.06041157246,-0.544992446899,0.477544397116,-0.51381868124,-0.459266006947
-0.477652609348,-0.480073332787,1.06012153625,-0.545548081398,0.477360278368,-0.513657033443,-0.458978205919
-0.477769225836,-0.480208843946,1.06004095078,-0.545314848423,0.478743314743,-0.512666225433,-0.458922863007
-0.477865427732,-0.480319261551,1.05996799469,-0.545848369598,0.478999704123,-0.512551128864,-0.458148747683
-0.477864980698,-0.480407416821,1.05975568295,-0.546726465225,0.478993356228,-0.512798190117,-0.456830054522
-0.477897316217,-0.480550467968,1.06003403664,-0.547402501106,0.478958129883,-0.512798547745,-0.456056475639
-0.477867245674,-0.480671823025,1.0600014925,-0.547762453556,0.47979798913,-0.512654304504,-0.454901784658
-0.477801382542,-0.480785787106,1.05998504162,-0.548399865627,0.480153560638,-0.513121545315,-0.453229099512
-0.477666258812,-0.480859816074,1.05996251106,-0.548315286636,0.481559485197,-0.512989938259,-0.451986789703
-0.477118074894,-0.480785131454,1.05979120731,-0.549315035343,0.481453686953,-0.513663589954,-0.450116753578
-0.477308243513,-0.481020629406,1.05988335609,-0.549433708191,0.48239505291,-0.514900803566,-0.447543293238
-0.476661980152,-0.480917990208,1.05970191956,-0.549969911575,0.48274526,-0.51446968317,-0.447002649307
-0.476285725832,-0.481123894453,1.05964708328,-0.550398409367,0.483659088612,-0.514760613441,-0.445148527622
-0.475930690765,-0.48113155365,1.05953633785,-0.550972521305,0.484090596437,-0.516157150269,-0.442343145609
-0.476673841476,-0.481892287731,1.0600258112,-0.550267219543,0.486812800169,-0.517020821571,-0.439213901758
-0.476250916719,-0.481847763062,1.05967104435,-0.550484001637,0.487242788076,-0.51836758852,-0.436872005463
-0.474648088217,-0.48106110096,1.05904364586,-0.551196098328,0.486222565174,-0.518988609314,-0.436373174191
-0.474100440741,-0.481002986431,1.05890774727,-0.551124572754,0.487299233675,-0.517984867096,-0.436455309391
-0.473628342152,-0.480896353722,1.05877280235,-0.551185488701,0.487863242626,-0.519593060017,-0.433828413486
-0.473037600517,-0.480828821659,1.0586386919,-0.551193475723,0.488563448191,-0.520121157169,-0.43239530921
-0.472352385521,-0.480736792088,1.05847811699,-0.551834106445,0.488273471594,-0.521082758904,-0.430744439363
-0.471737593412,-0.480633944273,1.05838394165,-0.551696419716,0.489062488079,-0.521805644035,-0.429147660732
-0.471824645996,-0.481103360653,1.05889105797,-0.550488889217,0.492013931274,-0.521735906601,-0.42740598321
-0.470782488585,-0.480835556984,1.05850446224,-0.550661325455,0.492068827152,-0.522855937481,-0.425749123096
-0.470181524754,-0.480855703354,1.05839717388,-0.550977051258,0.492205798626,-0.524128317833,-0.423612266779
-0.468915224075,-0.480467677116,1.05806410313,-0.551582455635,0.49172526598,-0.524279594421,-0.423195362091
-0.468264013529,-0.480157375336,1.05780470371,-0.552339494228,0.490348428488,-0.526989579201,-0.420430421829
-0.467574805021,-0.480114459991,1.05768179893,-0.552330434322,0.49068069458,-0.527844965458,-0.418979108334
-0.467062473297,-0.480258762836,1.05766355991,-0.552280306816,0.491328328848,-0.528420686722,-0.417557895184
-0.467195868492,-0.480939418077,1.05798149109,-0.552060127258,0.492805570364,-0.529141426086,-0.415188550949
-0.465277075768,-0.480126202106,1.05736994743,-0.553037524223,0.491052061319,-0.529538154602,-0.415460169315
-0.464402705431,-0.47990834713,1.05717599392,-0.554240763187,0.489925175905,-0.53086066246,-0.413494348526
-0.463970124722,-0.480135798454,1.05723023415,-0.554804563522,0.490248739719,-0.532387316227,-0.410380274057
-0.463313609362,-0.480230331421,1.05718457699,-0.553963541985,0.490652918816,-0.53169888258,-0.411922842264
-0.46255671978,-0.480382323265,1.05717420578,-0.554944872856,0.48966678977,-0.532414019108,-0.4108504951
-0.461792111397,-0.480329096317,1.05704438686,-0.55590826273,0.488737851381,-0.533556222916,-0.409168928862
-0.461109369993,-0.480445623398,1.05703735352,-0.555849909782,0.488323807716,-0.534361720085,-0.408691167831
-0.459930449724,-0.480085670948,1.05684101582,-0.557037293911,0.487067878246,-0.5345287323,-0.408354669809
-0.459265112877,-0.480099141598,1.05679905415,-0.557498574257,0.486494630575,-0.535079240799,-0.407687008381
-0.458465576172,-0.480206847191,1.05680048466,-0.558090209961,0.48607096076,-0.535378873348,-0.406988888979
-0.457806527615,-0.480242341757,1.05676698685,-0.559069216251,0.48516702652,-0.537190139294,-0.404328376055
-0.457129895687,-0.480284035206,1.05675268173,-0.559652030468,0.484383791685,-0.537755191326,-0.403709709644
-0.456450670958,-0.480323672295,1.05670833588,-0.560189723969,0.483832091093,-0.538007736206,-0.403288990259
-0.455933779478,-0.480502545834,1.05670046806,-0.559227406979,0.484619259834,-0.536697268486,-0.405419558287
-0.455304354429,-0.480637431145,1.05673539639,-0.559446692467,0.484399229288,-0.536867320538,-0.405154645443
-0.454644024372,-0.480700671673,1.05672252178,-0.559850752354,0.483809769154,-0.537445664406,-0.404533833265
-0.454420298338,-0.480919778347,1.05679559708,-0.560202002525,0.483315289021,-0.538099169731,-0.403768748045
-0.453452974558,-0.481023818254,1.05679655075,-0.563236474991,0.476889461279,-0.542471706867,-0.401330113411
-0.45293033123,-0.480835318565,1.05672073364,-0.562734186649,0.480629533529,-0.539656460285,-0.401368290186
-0.452432394028,-0.480971843004,1.05673897266,-0.563021600246,0.480379283428,-0.539784312248,-0.401092648506
-0.452742636204,-0.481815934181,1.05719125271,-0.56458312273,0.477195590734,-0.543569386005,-0.397571086884
-0.451836824417,-0.481674909592,1.05707633495,-0.565322399139,0.475994676352,-0.543502032757,-0.398052126169
-0.451382994652,-0.481716781855,1.05709779263,-0.565780162811,0.475058346987,-0.543883800507,-0.397998571396
-0.451049059629,-0.481886059046,1.05717086792,-0.564999103546,0.474950641394,-0.543104946613,-0.40029373765
-0.45068988204,-0.481894433498,1.05715608597,-0.565558671951,0.473995476961,-0.544088065624,-0.399299651384
-0.450271219015,-0.4820112288,1.05720543861,-0.565470397472,0.474533349276,-0.543448448181,-0.399656265974
-0.449975669384,-0.482056438923,1.05722165108,-0.565580189228,0.473377048969,-0.544767141342,-0.399077057838
-0.450013697147,-0.482615172863,1.0575209856,-0.565232336521,0.474267452955,-0.544053852558,-0.399484962225
-0.449685931206,-0.482377827168,1.05736136436,-0.564194381237,0.478735119104,-0.541059195995,-0.399690121412
-0.449046432972,-0.482216656208,1.05725002289,-0.562866985798,0.479148864746,-0.539937734604,-0.402572393417
-0.44862383604,-0.48216971755,1.05721247196,-0.563659608364,0.477843910456,-0.541071236134,-0.401490777731
-0.448407292366,-0.482197850943,1.05724394321,-0.563789784908,0.477814614773,-0.541876494884,-0.400255471468
-0.44823628664,-0.482358396053,1.05736529827,-0.563780367374,0.477862596512,-0.54187887907,-0.400208234787
-0.44847548008,-0.482701867819,1.05757451057,-0.563381969929,0.478506743908,-0.542192816734,-0.399573713541
-0.447971940041,-0.482524514198,1.05745136738,-0.563256382942,0.477873653173,-0.541525244713,-0.401409476995
-0.447852313519,-0.482619702816,1.0575261116,-0.563447654247,0.477582603693,-0.541588902473,-0.401401698589
-0.447797626257,-0.482734501362,1.05756855011,-0.563279867172,0.47775375843,-0.541656911373,-0.401341497898
-0.448121517897,-0.483220160007,1.05780589581,-0.562229096889,0.479218661785,-0.541309475899,-0.401537209749
-0.44769898057,-0.482966601849,1.05766308308,-0.563035786152,0.478034973145,-0.541832864285,-0.401111871004
-0.447690457106,-0.483056366444,1.05770373344,-0.562786519527,0.478204458952,-0.54203748703,-0.400983005762
-0.447569459677,-0.483154058456,1.05775201321,-0.562576651573,0.478360205889,-0.542222797871,-0.400841146708
-0.447505652905,-0.48340600729,1.05790066719,-0.562622606754,0.478649616241,-0.542005002499,-0.400725483894
-0.447544842958,-0.483607977629,1.057975173,-0.561681747437,0.479828894138,-0.540968358517,-0.402033776045
-0.447581768036,-0.483768761158,1.0580753088,-0.561626553535,0.479762762785,-0.54143589735,-0.401560336351
-0.447638958693,-0.483896970749,1.05811810493,-0.561523079872,0.48017591238,-0.540965020657,-0.401845604181
-0.447675198317,-0.483917236328,1.05812764168,-0.563277482986,0.478422492743,-0.542441666126,-0.399483859539
-0.447493106127,-0.483864337206,1.05808615685,-0.563377201557,0.478143721819,-0.542340040207,-0.399814933538
-0.447560608387,-0.484080553055,1.05821442604,-0.561455130577,0.480138659477,-0.540740072727,-0.402287304401
-0.447641223669,-0.484128326178,1.0582357645,-0.562542676926,0.479466855526,-0.541957855225,-0.399923592806
-0.448471128941,-0.484832167625,1.05862271786,-0.561925530434,0.480952888727,-0.541925013065,-0.399050563574
-0.4478918612,-0.484561920166,1.05844211578,-0.561255156994,0.480496823788,-0.540445387363,-0.402534872293
-0.448735296726,-0.48516279459,1.05877828598,-0.56059807539,0.481822907925,-0.540487110615,-0.401808768511
-0.448149949312,-0.484692066908,1.05846595764,-0.562483251095,0.479493737221,-0.541480600834,-0.400620996952
-0.44904717803,-0.48542290926,1.05886018276,-0.560460090637,0.481948971748,-0.540102899075,-0.402366250753
-0.448473870754,-0.485013961792,1.05859220028,-0.561167597771,0.480336874723,-0.539821326733,-0.403683453798
-0.448669880629,-0.485148578882,1.05857169628,-0.561028063297,0.480435281992,-0.53957670927,-0.404087245464
-0.448905706406,-0.48518255353,1.05855631828,-0.561164140701,0.479642629623,-0.53968501091,-0.404694855213
-0.449114561081,-0.485331296921,1.05859947205,-0.560947537422,0.479807645082,-0.53922098875,-0.405417412519
-0.449680864811,-0.485550403595,1.05869460106,-0.560593783855,0.480224192142,-0.540156543255,-0.404166400433
-0.450084716082,-0.485703349113,1.05874037743,-0.560145318508,0.480501562357,-0.540028274059,-0.404629647732
-0.450286835432,-0.485698312521,1.05876982212,-0.560899436474,0.479770153761,-0.539939641953,-0.404570937157
-0.450549781322,-0.485878050327,1.05877923965,-0.560599982738,0.479981720448,-0.539461791515,-0.405371546745
-0.450796812773,-0.486004531384,1.05878221989,-0.559822142124,0.480477571487,-0.538351237774,-0.407331198454
-0.451018810272,-0.486086845398,1.05877399445,-0.559297978878,0.480683237314,-0.538094103336,-0.408147394657
-0.451221078634,-0.486207574606,1.05879545212,-0.559329688549,0.48028999567,-0.537935197353,-0.408775746822
-0.451530277729,-0.486692935228,1.05904436111,-0.559416472912,0.480656653643,-0.536966085434,-0.409499555826
-0.451825529337,-0.486814796925,1.05905270576,-0.559542417526,0.480440974236,-0.53746932745,-0.40892007947
-0.452792108059,-0.487106770277,1.05919504166,-0.557922542095,0.481172055006,-0.536493718624,-0.411546438932
-0.4526874125,-0.486840039492,1.05898594856,-0.559040009975,0.479840785265,-0.537634015083,-0.410093545914
-0.452932834625,-0.487033963203,1.059040308,-0.557733654976,0.480340689421,-0.535712242126,-0.413785517216
-0.453169226646,-0.487153828144,1.05904150009,-0.557421922684,0.480278104544,-0.535324811935,-0.414778321981
-0.452618956566,-0.486698031425,1.05873143673,-0.55783611536,0.478945314884,-0.535752534866,-0.415210396051
-0.452940553427,-0.486842423677,1.05875945091,-0.55861467123,0.477266639471,-0.535554945469,-0.41635003686
-0.453135460615,-0.486915528774,1.05874526501,-0.557624697685,0.478296965361,-0.534325957298,-0.418070167303
-0.453330248594,-0.487010717392,1.05872964859,-0.557056963444,0.478909492493,-0.533782541752,-0.418819129467
-0.453597068787,-0.487069278955,1.05871462822,-0.557521939278,0.478167593479,-0.534158229828,-0.418569415808
-0.453776627779,-0.487195253372,1.05871605873,-0.557784855366,0.477252006531,-0.534033119678,-0.419422507286
-0.453957945108,-0.487354815006,1.05875885487,-0.55738902092,0.477466017008,-0.533037722111,-0.420968472958
-0.454119443893,-0.487451851368,1.05874478817,-0.5574041605,0.477245628834,-0.532741129398,-0.42157331109
-0.454244077206,-0.487529635429,1.05874347687,-0.556901454926,0.477699190378,-0.532588422298,-0.421917080879
-0.454413890839,-0.487529098988,1.05870485306,-0.557275652885,0.477216392756,-0.532545804977,-0.422023206949
-0.454533189535,-0.487686485052,1.05875682831,-0.556530535221,0.477561354637,-0.531583786011,-0.423824965954
-0.454654604197,-0.487696319818,1.0587272644,-0.556330680847,0.477441966534,-0.531454384327,-0.424383848906
-0.454779148102,-0.487768650055,1.05874145031,-0.556613922119,0.477105200291,-0.53099244833,-0.424969136715
-0.454912394285,-0.4878256917,1.05876922607,-0.557050347328,0.475939124823,-0.531290709972,-0.425331711769
-0.455029934645,-0.487881392241,1.05878531933,-0.556551396847,0.47655788064,-0.531123220921,-0.425501435995
-0.455234974623,-0.487992584705,1.05884408951,-0.556406617165,0.476670265198,-0.530841469765,-0.425916343927
-0.455420076847,-0.487996548414,1.05884373188,-0.556163072586,0.47664308548,-0.530947029591,-0.426132917404
-0.455520629883,-0.487992048264,1.05882561207,-0.557279646397,0.475258082151,-0.531218886375,-0.425882667303
-0.455615878105,-0.487992346287,1.05882644653,-0.556800186634,0.475728452206,-0.530862569809,-0.426428228617
-0.455700129271,-0.488098442554,1.05887651443,-0.556101739407,0.476292341948,-0.530126333237,-0.427624642849
-0.455804467201,-0.488155305386,1.05889070034,-0.555840075016,0.476818799973,-0.529658317566,-0.42795792222
-0.455875664949,-0.488184988499,1.05888676643,-0.555696427822,0.476886361837,-0.52959382534,-0.428148835897
-0.455948859453,-0.488224506378,1.05891942978,-0.55561029911,0.476911514997,-0.529494762421,-0.428355276585
-0.456024110317,-0.488277316093,1.05896854401,-0.555768191814,0.476753801107,-0.529302597046,-0.428563177586
-0.45608279109,-0.488324403763,1.05899322033,-0.555640399456,0.47686418891,-0.52913236618,-0.42881628871
-0.456148326397,-0.488391488791,1.05897641182,-0.555547058582,0.476947396994,-0.52909386158,-0.428892076015
-0.456216454506,-0.488443702459,1.05900788307,-0.555396735668,0.477084577084,-0.529059171677,-0.428977251053
-0.456241995096,-0.488479137421,1.05903530121,-0.555281281471,0.477157443762,-0.529065608978,-0.429037153721
-0.456267058849,-0.48851531744,1.05908453465,-0.555018723011,0.477347075939,-0.528607606888,-0.429730147123
-0.456268489361,-0.48847836256,1.05907678604,-0.555886805058,0.476933509111,-0.529960334301,-0.42739507556
-0.456285208464,-0.488530576229,1.0591211319,-0.555632948875,0.477136582136,-0.529948830605,-0.427512675524
-0.456254839897,-0.48854213953,1.05912649632,-0.555429875851,0.477148354053,-0.530156731606,-0.427505373955
-0.456258773804,-0.488555788994,1.05912709236,-0.554917395115,0.477221399546,-0.530524671078,-0.427633166313
-0.456258803606,-0.488521039486,1.05912530422,-0.554640114307,0.477197855711,-0.53082126379,-0.427651256323
-0.456251353025,-0.488602161407,1.05918383598,-0.552899003029,0.477885276079,-0.530110299587,-0.430013358593
-0.456310153008,-0.488492846489,1.0591121912,-0.55233412981,0.478026121855,-0.530424237251,-0.430195599794
-0.456326514482,-0.488491684198,1.05908286572,-0.551827073097,0.478266328573,-0.530502200127,-0.430483072996
-0.456337511539,-0.488450676203,1.05903077126,-0.55127543211,0.478529304266,-0.530708134174,-0.430643618107
-0.45634996891,-0.488416790962,1.058989048,-0.550514817238,0.479072153568,-0.530729711056,-0.430986523628
-0.456389039755,-0.488386243582,1.05891656876,-0.549911737442,0.479510933161,-0.530763208866,-0.431227266788
-0.456403285265,-0.488310068846,1.05885314941,-0.549591183662,0.479391932487,-0.530702590942,-0.431842297316
-0.456396222115,-0.488234817982,1.05877161026,-0.549048364162,0.479700386524,-0.530783236027,-0.432091087103
-0.456399440765,-0.488150268793,1.05868697166,-0.548642575741,0.479945063591,-0.530946433544,-0.432134211063
-0.456382244825,-0.488069176674,1.05863332748,-0.548264861107,0.4802493155,-0.531049191952,-0.432149499655
-0.456363350153,-0.487971127033,1.05851817131,-0.547687828541,0.480623066425,-0.531392276287,-0.432043880224
-0.456302583218,-0.487912416458,1.05844116211,-0.547488689423,0.480817258358,-0.531517386436,-0.431926161051
-0.456223189831,-0.48779591918,1.05834054947,-0.547258734703,0.480965107679,-0.531775414944,-0.431735128164
-0.45615836978,-0.487744450569,1.05823469162,-0.547089934349,0.481488466263,-0.531555473804,-0.431636810303
-0.456062704325,-0.487568318844,1.05817461014,-0.547208309174,0.481171607971,-0.531934678555,-0.43137294054
-0.455985873938,-0.487557768822,1.05814027786,-0.547110319138,0.481470763683,-0.53229111433,-0.430723130703
-0.455899596214,-0.487429738045,1.05807876587,-0.547383248806,0.481124818325,-0.532127559185,-0.430965125561
-0.45581188798,-0.487378895283,1.05801546574,-0.547653615475,0.48097884655,-0.532173931599,-0.430727303028
-0.455705404282,-0.487240552902,1.05796647072,-0.547828257084,0.480767667294,-0.532316565514,-0.430564641953
-0.455631405115,-0.487146943808,1.05792140961,-0.548072218895,0.480619460344,-0.532460153103,-0.430241972208
-0.455572009087,-0.487033963203,1.05791544914,-0.54781806469,0.481135129929,-0.532654523849,-0.429748505354
-0.455528378487,-0.486941248178,1.05789756775,-0.547973096371,0.481107532978,-0.532688379288,-0.429539442062
-0.455484360456,-0.486830770969,1.05790305138,-0.548086702824,0.48109677434,-0.532683372498,-0.429412782192
-0.455470770597,-0.486786723137,1.0578956604,-0.548138260841,0.481320232153,-0.532518923283,-0.429300576448
-0.455468952656,-0.486679464579,1.05786418915,-0.548242032528,0.481408894062,-0.532503783703,-0.429087668657
-0.455451637506,-0.486514627934,1.05779099464,-0.548344373703,0.481446802616,-0.532513678074,-0.428901612759
-0.455479443073,-0.48647993803,1.05779123306,-0.548288285732,0.48200070858,-0.532105326653,-0.428858101368
-0.455518722534,-0.486406594515,1.05775952339,-0.54838937521,0.48221346736,-0.532085478306,-0.428514391184
-0.455557793379,-0.486318707466,1.05770611763,-0.548523247242,0.482515513897,-0.531646192074,-0.428548038006
-0.455598950386,-0.486251056194,1.05765104294,-0.548752248287,0.482557952404,-0.531684458256,-0.428159832954
-0.455669939518,-0.486220359802,1.0575978756,-0.549034297466,0.482628256083,-0.531740248203,-0.427649110556
-0.456169128418,-0.486388504505,1.05767309666,-0.548849403858,0.483487606049,-0.531769573689,-0.426878362894
-0.455827742815,-0.486160516739,1.05748152733,-0.549361646175,0.483046591282,-0.531494557858,-0.427061259747
-0.456245601177,-0.486287951469,1.05749988556,-0.549619734287,0.4829839468,-0.531830608845,-0.426381140947
-0.456280887127,-0.486164867878,1.05734705925,-0.549872875214,0.482953101397,-0.531876981258,-0.426031678915
-0.4567014575,-0.486353397369,1.05738735199,-0.549863576889,0.483968734741,-0.531513094902,-0.425345003605
-0.456317782402,-0.485969126225,1.05707609653,-0.55040627718,0.483184129,-0.531404018402,-0.425670951605
-0.45710504055,-0.486435234547,1.05725347996,-0.550136804581,0.484497666359,-0.531537771225,-0.42435759306
-0.457192152739,-0.486338436604,1.05709910393,-0.550494074821,0.484021365643,-0.532254874706,-0.423538386822
-0.457168221474,-0.486241042614,1.0569511652,-0.550722062588,0.484025090933,-0.532131493092,-0.423392415047
-0.457144111395,-0.486138641834,1.05678319931,-0.550935149193,0.484029740095,-0.532018065453,-0.423252165318
-0.457118153572,-0.485960155725,1.05654942989,-0.550826132298,0.484836310148,-0.530994951725,-0.423755705357
-0.457090586424,-0.485889613628,1.05638504028,-0.551202893257,0.484490334988,-0.53139513731,-0.423159211874
-0.456345647573,-0.485104233027,1.05583417416,-0.551386475563,0.484142392874,-0.530127942562,-0.42490413785
-0.456321805716,-0.485010385513,1.05564820766,-0.551297605038,0.484911501408,-0.529596269131,-0.424805730581
-0.456236571074,-0.484861493111,1.05550074577,-0.551555752754,0.484854608774,-0.529483437538,-0.42467597127
-0.455780804157,-0.48443198204,1.05517649651,-0.552137851715,0.484046280384,-0.529295861721,-0.425075292587
-0.455858409405,-0.484352320433,1.05510830879,-0.552066087723,0.484176456928,-0.529901683331,-0.42426481843
-0.455843240023,-0.484183132648,1.05497944355,-0.553608417511,0.482691019773,-0.528999626637,-0.425072342157
-0.455845624208,-0.484016120434,1.05485081673,-0.55359941721,0.483181476593,-0.528409659863,-0.425260573626
-0.455820292234,-0.48390775919,1.05475056171,-0.553587019444,0.48372682929,-0.527893900871,-0.425297468901
-0.455805897713,-0.483811706305,1.05466985703,-0.553671121597,0.483936965466,-0.527757585049,-0.425117999315
-0.455745398998,-0.483600258827,1.0545372963,-0.554168581963,0.484321147203,-0.530010700226,-0.421211153269
-0.455764293671,-0.48363339901,1.0545488596,-0.552605092525,0.485580831766,-0.529024958611,-0.423050433397
-0.455718308687,-0.483491718769,1.05446767807,-0.552725613117,0.485877722502,-0.528533816338,-0.423166006804
-0.455707281828,-0.48342436552,1.05442583561,-0.552796542645,0.486058980227,-0.52884632349,-0.422473996878
-0.455705344677,-0.48337239027,1.05438745022,-0.553007483482,0.486300349236,-0.528803527355,-0.42197355628
-0.455693036318,-0.483304411173,1.05435991287,-0.553110122681,0.486553370953,-0.528690457344,-0.421688973904
-0.455701440573,-0.483224987984,1.05432569981,-0.553115487099,0.487146735191,-0.528124451637,-0.421706438065
-0.455697089434,-0.483196139336,1.05432629585,-0.553207099438,0.48737731576,-0.528159618378,-0.421275049448
-0.456425219774,-0.483636200428,1.05460584164,-0.552692353725,0.488899976015,-0.528432607651,-0.419842004776
-0.455699563026,-0.483120232821,1.05431258678,-0.553259313107,0.48796454072,-0.528267979622,-0.420390129089
-0.455686956644,-0.483080327511,1.05431318283,-0.553345680237,0.488202393055,-0.52835136652,-0.419895321131
-0.455687224865,-0.483066469431,1.05434274673,-0.553287267685,0.488536000252,-0.528378665447,-0.419549494982
-0.45566958189,-0.48300164938,1.05432140827,-0.553948700428,0.48824134469,-0.528996109962,-0.418239980936
-0.45564058423,-0.48297315836,1.05433905125,-0.553906440735,0.488494068384,-0.529091000557,-0.417880415916
-0.456325054169,-0.483484625816,1.05465698242,-0.552800416946,0.490414321423,-0.528907477856,-0.417328029871
-0.455565065145,-0.48301255703,1.05438709259,-0.553362846375,0.489442408085,-0.528602600098,-0.418108940125
-0.455518245697,-0.482919871807,1.05435049534,-0.553716897964,0.489316642284,-0.529359281063,-0.416828066111
-0.456187814474,-0.483369529247,1.05463266373,-0.553179383278,0.490724235773,-0.529652297497,-0.415512979031
-0.45614567399,-0.483407914639,1.05466008186,-0.552466034889,0.491506695747,-0.52923977375,-0.416062414646
-0.456103980541,-0.483398914337,1.05467736721,-0.552410304546,0.491724282503,-0.529345452785,-0.415744721889
-0.455315172672,-0.482905656099,1.05439758301,-0.552899479866,0.490618497133,-0.529331982136,-0.41641715169
-0.45599257946,-0.483370274305,1.05473423004,-0.552253365517,0.491768568754,-0.530282914639,-0.414704501629
-0.455963671207,-0.483394980431,1.054718256,-0.552208542824,0.491913676262,-0.53049069643,-0.414326399565
-0.455923378468,-0.483387887478,1.05471670628,-0.552132248878,0.492215484381,-0.530284225941,-0.414333939552
-0.455883741379,-0.483377039433,1.05473351479,-0.55207234621,0.492278963327,-0.530611753464,-0.413918942213
-0.455856740475,-0.483404576778,1.05474936962,-0.552208244801,0.491943776608,-0.530996441841,-0.413642972708
-0.455817401409,-0.483436524868,1.05477273464,-0.552210152149,0.491855174303,-0.531427562237,-0.413191378117
-0.45577442646,-0.483415842056,1.05481886864,-0.552043199539,0.492001920938,-0.531641423702,-0.412964701653
-0.454904437065,-0.482946187258,1.05455541611,-0.552602529526,0.490847289562,-0.531519532204,-0.413746893406
-0.454852342606,-0.482859611511,1.05456542969,-0.55308753252,0.490403175354,-0.532385289669,-0.412510544062
-0.454849094152,-0.482866287231,1.05456197262,-0.552996873856,0.490568995476,-0.532595098019,-0.412163704634
-0.454843819141,-0.482950270176,1.05467176437,-0.552277326584,0.49138212204,-0.531944692135,-0.412999600172
-0.454834878445,-0.482948124409,1.0547093153,-0.552288651466,0.4913418293,-0.532279729843,-0.412600159645
-0.454835832119,-0.482953906059,1.05473935604,-0.552202343941,0.491442799568,-0.532463371754,-0.412358373404
-0.454858213663,-0.482985645533,1.05478954315,-0.552000820637,0.491757899523,-0.532570362091,-0.412114262581
-0.454837799072,-0.482939094305,1.05479586124,-0.552513062954,0.491356670856,-0.533278346062,-0.41098934412
-0.454735994339,-0.482905894518,1.0548055172,-0.55249196291,0.491365939379,-0.533358812332,-0.410902172327
-0.45475178957,-0.482939481735,1.05484580994,-0.552429616451,0.491507917643,-0.533480763435,-0.410657972097
-0.454729765654,-0.482953965664,1.05494093895,-0.551412582397,0.492375016212,-0.533032536507,-0.411566913128
-0.454732388258,-0.48298406601,1.05497086048,-0.55145418644,0.49223279953,-0.533433258533,-0.411162227392
-0.454723805189,-0.483003795147,1.05499434471,-0.551406979561,0.492364168167,-0.533491790295,-0.41099178791
-0.454702079296,-0.482977986336,1.05499482155,-0.551344513893,0.492422997952,-0.533578276634,-0.410893172026
-0.454696595669,-0.482976853848,1.05501627922,-0.551334857941,0.492472946644,-0.533670783043,-0.410726010799
-0.454685211182,-0.482969880104,1.05501687527,-0.551304161549,0.492533832788,-0.533720731735,-0.410629183054
-0.454670906067,-0.482977032661,1.05503451824,-0.551293551922,0.492629170418,-0.533702075481,-0.410553097725
-0.454645574093,-0.482959091663,1.05502700806,-0.551333248615,0.492617934942,-0.533776521683,-0.410416871309
-0.454640924931,-0.48293992877,1.05502331257,-0.551417410374,0.492611944675,-0.533847928047,-0.410217821598
-0.454591035843,-0.482892096043,1.05500161648,-0.551007807255,0.493459761143,-0.533481895924,-0.410225510597
-0.454534858465,-0.482840687037,1.05497050285,-0.551018536091,0.49343007803,-0.533527314663,-0.410187840462
-0.454492419958,-0.482804477215,1.05495989323,-0.551122307777,0.493337482214,-0.533550560474,-0.410129576921
-0.454455316067,-0.482712090015,1.05489850044,-0.552028954029,0.492553293705,-0.534176826477,-0.409036338329
-0.454413622618,-0.482729136944,1.05490255356,-0.551344156265,0.493176341057,-0.533530175686,-0.410051882267
-0.454362034798,-0.482676446438,1.05486643314,-0.551461756229,0.49306499958,-0.533558547497,-0.409990400076
-0.454310387373,-0.482623130083,1.05483257771,-0.551563918591,0.492974996567,-0.533549964428,-0.409972548485
-0.45426607132,-0.482517629862,1.05475747585,-0.552466750145,0.49226129055,-0.534053444862,-0.408957958221
