Fx,Fy,Fz,Tx,Ty,Tz
-0.0982360760994267,0.735213150953309,-0.702770131822667,-0.0123779651941608,0.0066454386270671,0.010709477053958
-0.0509882639472267,1.06555758950631,-1.65644862055267,-0.0244767286814908,0.0195671249112672,0.014824110480058
-0.0982360760994267,1.15994178292631,-2.47388731241167,-0.0281994243151908,0.0260279675877672,0.014824110480058
-0.192731700403427,1.08915363785631,-2.74636687636267,-0.0216847060248108,0.0260279675877672,0.011395248981258
-0.547090269190427,1.04196154114631,-3.83628513217267,-0.0133086392772258,0.0306428553468672,0.004537526449228
-0.759705461127427,0.971173515296309,-4.65372385382267,-0.0021405502221908,0.0278739234364672,-0.0009486516462249
-1.25580749617343,0.900385370226309,-6.01612176299267,0.0090275385417091,0.0315658332711672,-0.0098636910076819
-1.65741393671343,0.806001236413309,-6.96979989409267,0.0248489991762092,0.0334117891198672,-0.016035641146742
-2.01177237139343,0.782405188058309,-8.05971850752267,0.0378784366883092,0.0287969013607672,-0.020836048362742
-2.34250710116343,0.829597284769309,-8.87715710997267,0.0499771961011092,0.0241820117390672,-0.027007997570542
-2.60237000094343,0.782405188058309,-9.83083571791267,0.0620759629644092,0.0214130798286672,-0.031122630996542
-3.21659157381343,0.640829017137309,-11.1932329118227,0.103956294897709,-0.0007383819737428,-0.042094987420342
-3.54732630358343,0.664425005887309,-12.4193910539127,0.130945844296709,-0.0164290001683328,-0.045523848919142
-4.18517181979343,0.570040872072309,-13.9180292069627,0.171895501855709,-0.0450413065099328,-0.053753115771342
-4.65764973269343,0.546444823717309,-15.1441873490627,0.192370338085709,-0.0588859716498328,-0.058553521124642
-5.22462389574343,0.664425005887309,-17.0515436112627,0.216567856911709,-0.0856523165547328,-0.066097014186842
-5.74434969530343,0.829597284769309,-18.4139417588627,0.243557421210709,-0.109649735136933,-0.078440920053042
-6.05146048174343,1.04196154114631,-19.6400989472627,0.262170878890709,-0.134570124192933,-0.0859844168405419
-6.42944309817343,1.25432585713631,-21.0024970948627,0.269616273883709,-0.151183726831933,-0.094213679967442
-6.76017782793343,1.34871005055631,-21.0024970948627,0.274269638303709,-0.154875638528933,-0.101757176754742
-6.73655388460343,1.32511400220631,-21.0024970948627,0.265893576387709,-0.149337770982933,-0.094213679967442
-6.50031445132343,1.18353783128631,-21.0024970948627,0.253794816974709,-0.137339057965933,-0.0804982339720419
-6.07508442507343,1.08915363785631,-20.7300189912627,0.233319995645709,-0.108726757212933,-0.055810433415642
-5.60260603533343,0.971173515296309,-20.1850589692627,0.223082584980709,-0.0976510295709328,-0.042780761210242
-5.03563234911343,0.900385370226309,-19.7763389527627,0.207261113170709,-0.0773455226861328,-0.029065315214842
-4.56315443621343,0.900385370226309,-19.2313808381627,0.192370338085709,-0.0588859716498328,-0.020836048362742
-4.27966759310343,0.876789321876309,-18.6864217698627,0.186786291841709,-0.0515021482550328,-0.016721413074042
-4.01980469332343,0.711617102598309,-17.8689826905627,0.178410215023709,-0.0385804610394328,-0.013292552506542
-3.66544578181343,0.735213150953309,-17.4602636277627,0.169103486183709,-0.0311966413700328,-0.010549463866242
-3.38195893870343,0.688021054243309,-16.7790645539627,0.166311455610709,-0.0275047333979328,-0.0084921462218819
-3.07484815226343,0.640829017137309,-16.5065845429627,0.160727409366709,-0.0284277075969328,-0.0071206023674119
-2.95672867403343,0.640829017137309,-15.8253864228627,0.163519439939709,-0.0284277075969328,-0.0084921462218819
-2.88585708247343,0.617232968782309,-15.6891464173627,0.165380788687709,-0.0330425972187328,-0.011921007720742
-2.86223313914343,0.570040872072309,-15.0079473435627,0.168172804359709,-0.0395034389638328,-0.018092958791142
-2.90948078738343,0.593636920427309,-14.5992282807627,0.170034153107709,-0.0459642844342328,-0.025636453716042
-2.93310473070343,0.617232968782309,-14.4629882752627,0.170964834932709,-0.0478102365576328,-0.029751087142142
-2.86223313914343,0.688021054243309,-14.1905082642627,0.170964834932709,-0.0496561924063328,-0.037980355856942
-2.86223313914343,0.664425005887309,-13.9180292069627,0.172826183680709,-0.0570400158011328,-0.046209622709042
-2.86223313914343,0.688021054243309,-13.7817892014627,0.177479548100709,-0.0607319274985328,-0.050324254272442
-2.93310473070343,0.617232968782309,-13.5093091904627,0.177479548100709,-0.0607319274985328,-0.058553521124642
-3.00397656069343,0.593636920427309,-13.3730701386627,0.182132912520709,-0.0690387213670328,-0.063353926477942
-3.07484815226343,0.570040872072309,-13.2368301331627,0.184924943093709,-0.0718076551401328,-0.0681543355565419
-2.88585708247343,0.640829017137309,-13.5093091904627,0.189578307512709,-0.0810374343835328,-0.0708974232654419
-2.93310473070343,0.617232968782309,-12.9643501221627,0.191439656261709,-0.0791914785348328,-0.075697832344042
-2.88585708247343,0.617232968782309,-12.8281110703627,0.195162353757709,-0.0791914785348328,-0.077069372473242
-2.79136130915343,0.617232968782309,-12.8281110703627,0.194231686834709,-0.0782685006105328,-0.078440920053042
-2.55512235270343,0.806001236413309,-12.5556310594027,0.191439656261709,-0.0699616992914328,-0.077069372473242
-2.34250710116343,0.876789321876309,-12.2831520020927,0.186786291841709,-0.0671927655183328,-0.0777551462631419
-2.17713973627343,0.923981418586309,-12.1469119966027,0.187716958764709,-0.0690387213670328,-0.075697832344042
-2.29525945292343,0.853193273516309,-12.0106719911127,0.183063594344709,-0.0681157434427328,-0.078440920053042
-2.41337893114343,0.806001236413309,-12.1469119966027,0.184924943093709,-0.0681157434427328,-0.079126693842942
-2.50787446604343,0.758809139703309,-12.2831520020927,0.191439656261709,-0.0754995668375328,-0.0818697815518419
-2.55512235270343,0.782405188058309,-12.4193910539127,0.196093035582709,-0.0810374343835328,-0.083241321681042
-2.50787446604343,0.735213150953309,-12.6918710649027,0.200746400002709,-0.0856523165547328,-0.086670183179842
-2.38975498782343,0.829597284769309,-12.8281110703627,0.198885051253709,-0.0838063607060328,-0.0859844168405419
-2.27163550959343,0.829597284769309,-12.2831520020927,0.201677066925709,-0.0791914785348328,-0.084612869260842
-1.98814866648343,0.971173515296309,-12.0106719911127,0.199815733078709,-0.0718076551401328,-0.083241321681042
-1.68103776083343,1.11274968621631,-12.1469119966027,0.195162353757709,-0.0616549054228328,-0.0804982339720419
-1.37392697439343,1.25432585713631,-12.1469119966027,0.192370338085709,-0.0542710820281328,-0.077069372473242
-1.30305526362343,1.27792190549631,-12.2831520020927,0.193301005009709,-0.0533481041037328,-0.0777551462631419
-1.35030315028343,1.37230609891631,-12.4193910539127,0.195162353757709,-0.0496561924063328,-0.083241321681042
-1.25580749617343,1.34871005055631,-12.6918710649027,0.197954384330709,-0.0515021482550328,-0.083241321681042
-1.37392697439343,1.39590214726631,-12.6918710649027,0.202607748750709,-0.0570400158011328,-0.0859844168405419
-1.44479868517343,1.37230609891631,-12.6918710649027,0.206330446246709,-0.0598089495741328,-0.090099044678742
-1.46842262850343,1.37230609891631,-12.6918710649027,0.205399764422709,-0.0579629937254328,-0.088041730759642
-1.35030315028343,1.34871005055631,-12.5556310594027,0.202607748750709,-0.0533481041037328,-0.083241321681042
-1.20855960951343,1.37230609891631,-12.8281110703627,0.199815733078709,-0.0524251261794328,-0.078440920053042
-0.901448882681427,1.53747831818631,-12.4193910539127,0.195162353757709,-0.0431953506612328,-0.074326284764342
-0.901448882681427,1.51388226983631,-12.4193910539127,0.197023702505709,-0.0431953506612328,-0.0750120585541419
-0.995944477183427,1.51388226983631,-12.4193910539127,0.198885051253709,-0.0450413065099328,-0.0818697815518419
-1.16131184206343,1.58467041489631,-12.8281110703627,0.203538415673709,-0.0524251261794328,-0.090099044678742
-1.27943132029343,1.51388226983631,-12.8281110703627,0.208191794995709,-0.0533481041037328,-0.094213679967442
-1.42117486105343,1.56107436654631,-12.8281110703627,0.214706508163709,-0.0644238317453328,-0.0990140890460419
-1.56291828261343,1.51388226983631,-12.9643501221627,0.215637189987709,-0.0653468096696328,-0.102442950544742
-1.58654210673343,1.58467041489631,-12.9643501221627,0.213775841239709,-0.0671927655183328,-0.101071402964742
-1.46842262850343,1.58467041489631,-12.8281110703627,0.214706508163709,-0.0671927655183328,-0.098328315256142
-1.27943132029343,1.60826646325631,-12.9643501221627,0.208191794995709,-0.0570400158011328,-0.092842139838242
-1.11406407461343,1.65545855996631,-12.8281110703627,0.210053143743709,-0.0588859716498328,-0.092156366048342
-1.13768789873343,1.32511400220631,-13.1005901276627,0.213775841239709,-0.0598089495741328,-0.077069372473242
-1.35030315028343,1.51388226983631,-12.6918710649027,0.209122461918709,-0.0644238317453328,-0.084612869260842
-1.68103776083343,1.41949819562631,-12.4193910539127,0.212845159414709,-0.0727306330644328,-0.0976425414662419
-1.94090077982343,1.34871005055631,-12.5556310594027,0.214706508163709,-0.0736536109888328,-0.101757176754742
-2.01177237139343,1.32511400220631,-12.5556310594027,0.217498538736709,-0.0810374343835328,-0.102442950544742
-2.03539631472343,1.30151795384631,-12.4193910539127,0.213775841239709,-0.0819604123079328,-0.101071402964742
-2.01177237139343,1.30151795384631,-12.2831520020927,0.212845159414709,-0.0791914785348328,-0.0990140890460419
-1.70466170416343,1.27792190549631,-12.1469119966027,0.206330446246709,-0.0681157434427328,-0.090784818468542
-1.37392697439343,1.34871005055631,-12.0106719911127,0.201677066925709,-0.0607319274985328,-0.081184007761942
-1.16131184206343,1.41949819562631,-12.0106719911127,0.200746400002709,-0.0616549054228328,-0.0777551462631419
-1.01956842051343,1.44309424397631,-11.8744319856127,0.197023702505709,-0.0542710820281328,-0.075697832344042
-0.995944477183427,1.53747831818631,-12.0106719911127,0.194231686834709,-0.0533481041037328,-0.0750120585541419
-1.09044013129343,1.51388226983631,-12.2831520020927,0.194231686834709,-0.0588859716498328,-0.078440920053042
-1.42117486105343,1.49028622147631,-12.0106719911127,0.197954384330709,-0.0635008538209328,-0.084612869260842
-1.65741393671343,1.41949819562631,-12.0106719911127,0.197023702505709,-0.0662697875940328,-0.090099044678742
-1.79915735827343,1.39590214726631,-11.8744319856127,0.203538415673709,-0.0745765889131328,-0.094213679967442
-1.84640512572343,1.34871005055631,-12.0106719911127,0.201677066925709,-0.0718076551401328,-0.092842139838242
-1.79915735827343,1.46669017312631,-11.7381929337927,0.198885051253709,-0.0718076551401328,-0.0935279061775419
-1.82278118239343,1.41949819562631,-11.6019529283027,0.195162353757709,-0.0699616992914328,-0.092842139838242
-1.79915735827343,1.37230609891631,-11.6019529283027,0.196093035582709,-0.0727306330644328,-0.092842139838242
-1.77553341494343,1.34871005055631,-11.4657129228127,0.194231686834709,-0.0727306330644328,-0.091470592258442
-1.77553341494343,1.34871005055631,-11.0569938600027,0.192370338085709,-0.0718076551401328,-0.090784818468542
-1.75190947161343,1.30151795384631,-10.9207538545127,0.190508989337709,-0.0764225447618328,-0.087355956969742
-1.65741393671343,1.23072992799631,-10.9207538545127,0.186786291841709,-0.0699616992914328,-0.085298643050642
-1.37392697439343,1.34871005055631,-10.7845138490227,0.177479548100709,-0.0708846772157328,-0.0708974232654419
-1.27943132029343,1.27792190549631,-10.1033152520627,0.178410215023709,-0.0653468096696328,-0.072954737184542
-1.09044013129343,1.34871005055631,-9.96707524657267,0.171895501855709,-0.0644238317453328,-0.067468561766642
-0.972320653063427,1.32511400220631,-9.55835618376267,0.165380788687709,-0.0579629937254328,-0.0640397002678419
-0.854201055628427,1.41949819562631,-9.14963664412267,0.158866060618709,-0.0579629937254328,-0.059239294914442
-0.972320653063427,1.39590214726631,-9.28587664961267,0.163519439939709,-0.0625778758966328,-0.061982382623442
-1.13768789873343,1.30151795384631,-9.42211617827267,0.165380788687709,-0.0644238317453328,-0.064725474057642
-1.51567039595343,1.15994178292631,-9.42211617827267,0.177479548100709,-0.0801144564592328,-0.072954737184542
-1.79915735827343,1.11274968621631,-9.42211617827267,0.183994261268709,-0.0838063607060328,-0.077069372473242
-1.96452472315343,0.971173515296309,-9.69459571242267,0.193301005009709,-0.0902672061764328,-0.081184007761942
-2.15351579295343,0.806001236413309,-9.69459571242267,0.202607748750709,-0.0985740074959328,-0.089413278339442
-1.96452472315343,0.923981418586309,-9.69459571242267,0.198885051253709,-0.0958050737229328,-0.078440920053042
-1.79915735827343,0.806001236413309,-9.96707524657267,0.197023702505709,-0.0948820957979328,-0.071583197055342
-1.79915735827343,0.876789321876309,-9.55835618376267,0.200746400002709,-0.0976510295709328,-0.070211649475542
-1.61016605006343,0.829597284769309,-9.42211617827267,0.205399764422709,-0.106880801363933,-0.0681543355565419
-1.72828564749343,0.782405188058309,-9.55835618376267,0.206330446246709,-0.110572713061933,-0.067468561766642
-1.70466170416343,0.735213150953309,-9.14963664412267,0.204469097498709,-0.109649735136933,-0.067468561766642
-1.68103776083343,0.735213150953309,-8.87715710997267,0.205399764422709,-0.118879514380933,-0.066097014186842
-1.65741393671343,0.711617102598309,-8.87715710997267,0.201677066925709,-0.117033558531933,-0.062668156413342
-1.56291828261343,0.522848834966309,-7.92347850203267,0.188647640589709,-0.106880801363933,-0.057181977270142
-1.53929433928343,0.640829017137309,-7.51475943923267,0.187716958764709,-0.105034845514933,-0.058553521124642
-1.35030315028343,0.593636920427309,-7.10603989958267,0.178410215023709,-0.105957823439933,-0.055124663351042
-1.16131184206343,0.499252786611309,-6.15236153006267,0.170034153107709,-0.101342941268933,-0.046895392773642
-0.995944477183427,0.357676556085309,-5.74364199042267,0.157004711869709,-0.0958050737229328,-0.038666125921542
-0.877824998957427,0.334080537532309,-5.19868292212267,0.146767301205709,-0.0939591178739328,-0.034551494358042
-0.901448882681427,0.0273320728293091,-4.38124431967267,0.134668541792709,-0.0856523165547328,-0.029751087142142
-0.948696709734427,0.0509281062833091,-3.70004536509367,0.123500449303709,-0.0810374343835328,-0.028379543287642
-0.877824998957427,0.0509281062833091,-3.15508623719067,0.114193705562709,-0.0791914785348328,-0.027007997570542
-0.736081517798427,0.0981201731913091,-2.74636687636267,0.0974415742797092,-0.0708846772157328,-0.020836048362742
-0.688833750349427,0.0745241397373091,-2.20140774845967,0.0881348379887092,-0.0671927655183328,-0.018778730718342
-0.617961979967427,0.121716221546309,-1.52020885348267,0.0732440480031092,-0.0588859716498328,-0.016035641146742
-0.499842501742427,0.0745241397373091,-1.24772931933267,0.0611452885903092,-0.0515021482550328,-0.014664097292342
-0.452594674689427,0.121716221546309,-0.975249665972667,0.0490465217270092,-0.0431953506612328,-0.011235235793442
-0.334475136858427,0.0981201731913091,-0.566530364752667,0.0378784366883092,-0.0376574868404328,-0.010549463866242
-0.263603426081427,0.145312240098309,-0.157811063522667,0.0360170879401092,-0.0385804610394328,-0.0091779190804419
-0.263603426081427,0.121716221546309,-0.0215712964526671,0.0229876504280092,-0.0256587775492328,-0.0057490575816119
-0.0746121700234267,0.121716221546309,0.250908237697333,0.0155422572978092,-0.0247357996248328,-0.0050632851887119
-0.0746121700234267,0.121716221546309,0.523388010267333,0.0127502341755092,-0.0164290001683328,-0.0023201960827819
-0.0746121700234267,0.0273320728293091,0.659627777337333,0.0127502341755092,-0.0173519780927328,-0.0030059684756719
-0.0273643578713267,0.145312240098309,0.795867544417333,0.0099582129158091,-0.0155060241066328,-0.0016344239227119
0.0671312664325733,0.121716221546309,0.932107311487333,0.0127502341755092,-0.0182749560170328,-0.0023201960827819
0.0435073603565733,0.0745241397373091,1.06834707856733,0.0146115829237092,-0.0173519780927328,-0.0023201960827819
0.0435073603565733,0.0981201731913091,0.932107311487333,0.0099582129158091,-0.0136600682580328,-0.0016344239227119
0.0671312664325733,0.121716221546309,0.932107311487333,0.0090275385417091,-0.0136600682580328,-0.0016344239227119
0.0907551725084733,0.0981201731913091,0.932107311487333,0.0099582129158091,-0.0136600682580328,-0.0030059684756719
0.0907551725084733,0.121716221546309,1.06834707856733,0.0127502341755092,-0.0182749560170328,-0.0016344239227119
0.0435073603565733,0.121716221546309,1.06834707856733,0.0118195616640092,-0.0127370903336328,-0.0023201960827819
0.0435073603565733,0.192504307006309,0.932107311487333,0.0053048429079091,-0.0062762476571328,0.000422892906741
0.185250796812573,0.239696403716309,0.795867544417333,0.0080968641676091,-0.0127370903336328,-0.0002628793697419
0.0198834542805733,0.0981201731913091,1.06834707856733,0.0080968641676091,-0.0099681584232328,-0.0030059684756719
0.0671312664325733,0.145312240098309,0.932107311487333,0.0071661897935091,-0.0118141124093328,-0.0023201960827819
0.0671312664325733,0.168908288454309,0.795867544417333,0.0062355172820091,-0.0090451804989328,-0.0002628793697419
0.0198834542805733,0.216100355361309,0.795867544417333,0.0080968641676091,-0.0081222025745328,-0.0009486516462249
0.0198834542805733,0.216100355361309,0.795867544417333,0.0071661897935091,-0.0099681584232328,-0.0009486516462249
0.0435073603565733,0.239696403716309,0.932107311487333,0.0080968641676091,-0.0127370903336328,-0.0030059684756719
-0.0037404517953266,0.168908288454309,0.795867544417333,0.0080968641676091,-0.0108911344849328,-0.0016344239227119
-0.0037404517953266,0.192504307006309,0.932107311487333,0.0080968641676091,-0.0108911344849328,-0.0016344239227119
0.0435073603565733,0.216100355361309,0.795867544417333,0.0071661897935091,-0.0136600682580328,-0.0016344239227119
0.0198834542805733,0.216100355361309,0.932107311487333,0.0071661897935091,-0.0118141124093328,-0.0009486516462249
0.0198834542805733,0.263292422269309,0.795867544417333,0.0034434941597091,-0.0090451804989328,-0.0002628793697419
-0.0509882639472267,0.357676556085309,0.387148004767333,0.0043741685338091,-0.0118141124093328,0.000422892906741
0.0198834542805733,0.263292422269309,0.795867544417333,0.0080968641676091,-0.0155060241066328,-0.0023201960827819
-0.0037404517953266,0.263292422269309,0.795867544417333,0.0071661897935091,-0.0136600682580328,-0.0009486516462249
-0.0509882639472267,0.239696403716309,0.523388010267333,0.0015821454115091,-0.0071992246502328,-0.0009486516462249
-0.0509882639472267,0.216100355361309,0.795867544417333,0.0062355172820091,-0.0136600682580328,-0.0009486516462249
-0.0037404517953266,0.310484489177309,0.659627777337333,0.0071661897935091,-0.0164290001683328,-0.0030059684756719
-0.0746121700234267,0.263292422269309,0.523388010267333,0.0062355172820091,-0.0108911344849328,-0.0009486516462249
-0.0273643578713267,0.263292422269309,0.932107311487333,0.0071661897935091,-0.0145830461823328,-0.0009486516462249
-0.0746121700234267,0.216100355361309,0.523388010267333,0.0034434941597091,-0.0099681584232328,-0.0009486516462249
-0.0746121700234267,0.239696403716309,0.523388010267333,0.0099582129158091,-0.0173519780927328,-0.0023201960827819
-0.121859974724427,0.216100355361309,0.523388010267333,0.0053048429079091,-0.0090451804989328,-0.0016344239227119
-0.121859974724427,0.239696403716309,0.659627777337333,0.0034434941597091,-0.0090451804989328,-0.0009486516462249
-0.0982360760994267,0.263292422269309,0.250908237697333,0.0025128197856091,-0.0127370903336328,-0.0023201960827819
-0.0982360760994267,0.286888470624309,0.387148004767333,0.0053048429079091,-0.0127370903336328,-0.0016344239227119
-0.0746121700234267,0.381272604440309,0.523388010267333,0.0043741685338091,-0.0127370903336328,-0.0016344239227119
-0.0509882639472267,0.286888470624309,0.659627777337333,0.0062355172820091,-0.0136600682580328,-0.0016344239227119
-0.0273643578713267,0.310484489177309,0.659627777337333,0.0053048429079091,-0.0155060241066328,-0.0016344239227119
-0.0982360760994267,0.216100355361309,0.523388010267333,0.0025128197856091,-0.0071992246502328,-0.0016344239227119
-0.0982360760994267,0.263292422269309,0.387148004767333,0.0043741685338091,-0.0118141124093328,-0.0009486516462249
-0.0746121700234267,0.310484489177309,0.659627777337333,0.0043741685338091,-0.0118141124093328,-0.0016344239227119
-0.0746121700234267,0.286888470624309,0.523388010267333,0.0062355172820091,-0.0145830461823328,-0.0016344239227119
-0.0273643578713267,0.263292422269309,0.659627777337333,0.0080968641676091,-0.0173519780927328,-0.0023201960827819
-0.145483888251427,0.263292422269309,0.523388010267333,0.0062355172820091,-0.0118141124093328,-0.0016344239227119
-0.145483888251427,0.239696403716309,0.523388010267333,0.0034434941597091,-0.0099681584232328,-0.0016344239227119
0.0435073603565733,0.239696403716309,0.387148004767333,0.0015821454115091,-0.0136600682580328,-0.0023201960827819
-0.121859974724427,0.239696403716309,0.387148004767333,0.0006514719687091,-0.0071992246502328,-0.0009486516462249
-0.0746121700234267,0.239696403716309,0.523388010267333,0.0062355172820091,-0.0145830461823328,-0.0016344239227119
-0.0982360760994267,0.192504307006309,0.523388010267333,0.0015821454115091,-0.0118141124093328,-0.0009486516462249
-0.0509882639472267,0.216100355361309,0.659627777337333,0.0053048429079091,-0.0164290001683328,-0.0009486516462249
-0.145483888251427,0.192504307006309,0.523388010267333,0.0071661897935091,-0.0145830461823328,-0.0016344239227119
-0.145483888251427,0.216100355361309,0.387148004767333,0.0062355172820091,-0.0136600682580328,-0.0016344239227119
-0.145483888251427,0.216100355361309,0.387148004767333,0.0043741685338091,-0.0118141124093328,-0.0016344239227119
-0.121859974724427,0.121716221546309,0.659627777337333,0.0062355172820091,-0.0155060241066328,-0.0023201960827819
-0.121859974724427,0.239696403716309,0.387148004767333,0.0062355172820091,-0.0136600682580328,-0.0016344239227119
-0.145483888251427,0.0273320728293091,0.795867544417333,0.0071661897935091,-0.0164290001683328,-0.0009486516462249
-0.145483888251427,0.192504307006309,0.387148004767333,0.0043741685338091,-0.0136600682580328,-0.0016344239227119
-0.0037404517953266,0.216100355361309,0.387148004767333,0.0034434941597091,-0.0155060241066328,-0.0016344239227119
-0.0746121700234267,0.192504307006309,0.659627777337333,0.0062355172820091,-0.0164290001683328,-0.0016344239227119
-2.90948078738343,0.947577466936309,-2.47388731241167,-0.0337834696284908,-0.0515021482550328,0.014138338552858
0.586857222455573,1.27792190549631,-0.157811063522667,-0.0095859428867608,0.0057224610519661,-0.0084921462218819
-0.641585923296427,0.168908288454309,0.659627777337333,-0.0021405502221908,-0.0228898437761328,-0.0009486516462249
0.138002984660373,0.145312240098309,0.932107311487333,0.0080968641676091,-0.0071992246502328,-0.0016344239227119
-0.169107801777427,0.121716221546309,1.06834707856733,0.0062355172820091,-0.0173519780927328,-0.0030059684756719
0.208874695437573,0.0273320728293091,1.06834707856733,0.0043741685338091,-0.0062762476571328,-0.0002628793697419
-0.0982360760994267,0.0745241397373091,0.932107311487333,0.0043741685338091,-0.0155060241066328,-0.0016344239227119
0.138002984660373,0.0509281062833091,0.932107311487333,0.0043741685338091,-0.0090451804989328,0.000422892906741
-0.0982360760994267,0.0745241397373091,0.932107311487333,0.0053048429079091,-0.0108911344849328,-0.0009486516462249
-0.0037404517953266,0.0509281062833091,0.932107311487333,0.0053048429079091,-0.0127370903336328,-0.0009486516462249
-0.0746121700234267,0.0273320728293091,0.659627777337333,0.0015821454115091,-0.0118141124093328,-0.0009486516462249
-0.0037404517953266,0.003736039375309,1.06834707856733,0.0025128197856091,-0.0090451804989328,-0.0009486516462249
0.0198834542805733,0.0981201731913091,0.932107311487333,0.0043741685338091,-0.0136600682580328,-0.0002628793697419
0.0435073603565733,0.145312240098309,0.932107311487333,0.0006514719687091,-0.0118141124093328,-0.0009486516462249
-0.476218558413427,0.003736039375309,0.659627777337333,0.0053048429079091,-0.0275047333979328,-0.0016344239227119
-0.358099050385427,0.0509281062833091,0.387148004767333,0.0090275385417091,-0.0201209118657328,-0.0036917408685719
0.185250796812573,0.0509281062833091,0.932107311487333,0.0034434941597091,-0.0108911344849328,-0.0009486516462249
-0.169107801777427,0.0273320728293091,0.795867544417333,0.0071661897935091,-0.0201209118657328,-0.0036917408685719
-0.0037404517953266,0.0509281062833091,0.932107311487333,0.0034434941597091,-0.0099681584232328,-0.0009486516462249
-0.239979512554427,-0.0434560349836909,0.795867544417333,0.0080968641676091,-0.0182749560170328,-0.0016344239227119
-0.0746121700234267,0.0981201731913091,0.932107311487333,0.0053048429079091,-0.0127370903336328,-0.0016344239227119
-0.169107801777427,0.0273320728293091,0.659627777337333,0.0025128197856091,-0.0145830461823328,0.001108665183228
0.0671312664325733,0.0509281062833091,0.523388010267333,0.0015821454115091,-0.0155060241066328,-0.0002628793697419
-0.0746121700234267,0.0745241397373091,0.795867544417333,0.0034434941597091,-0.0145830461823328,-0.0009486516462249
-0.0273643578713267,0.0509281062833091,0.932107311487333,0.0053048429079091,-0.0155060241066328,-0.0016344239227119
-0.0037404517953266,0.0745241397373091,0.932107311487333,0.0025128197856091,-0.0118141124093328,-0.0002628793697419
-0.192731700403427,0.0509281062833091,0.659627777337333,0.0034434941597091,-0.0136600682580328,-0.0009486516462249
0.0435073603565733,0.0745241397373091,1.06834707856733,0.0053048429079091,-0.0145830461823328,-0.0009486516462249
-0.0746121700234267,0.0745241397373091,0.659627777337333,0.0062355172820091,-0.0145830461823328,-0.0009486516462249
-0.0746121700234267,0.003736039375309,0.795867544417333,0.0043741685338091,-0.0155060241066328,-0.0016344239227119
-0.0746121700234267,0.0745241397373091,0.932107311487333,0.0034434941597091,-0.0145830461823328,-0.0016344239227119
-0.0746121700234267,0.0981201731913091,0.795867544417333,0.0062355172820091,-0.0136600682580328,-0.0002628793697419
-0.0509882639472267,0.0981201731913091,0.795867544417333,0.0062355172820091,-0.0173519780927328,-0.0002628793697419
0.0435073603565733,0.121716221546309,0.795867544417333,0.0043741685338091,-0.0127370903336328,-0.0009486516462249
-0.0746121700234267,0.003736039375309,0.387148004767333,-0.0002792024053908,-0.0136600682580328,-0.0023201960827819
-0.0982360760994267,0.121716221546309,0.932107311487333,0.0062355172820091,-0.0062762476571328,-0.0016344239227119
-0.145483888251427,0.664425005887309,1.06834707856733,-0.0077245946042108,-0.0136600682580328,0.001108665183228
0.0671312664325733,0.546444823717309,1.20458684563733,-0.0040018980390908,-0.0062762476571328,-0.0016344239227119
-0.263603426081427,0.0509281062833091,0.387148004767333,0.0043741685338091,-0.0145830461823328,-0.0002628793697419
0.0198834542805733,-0.0434560349836909,0.659627777337333,0.0043741685338091,-0.0081222025745328,-0.0016344239227119
-0.0746121700234267,0.0509281062833091,0.932107311487333,0.0053048429079091,-0.0136600682580328,-0.0030059684756719
0.0671312664325733,0.145312240098309,1.06834707856733,0.0025128197856091,-0.0108911344849328,-0.0023201960827819
0.0435073603565733,0.0981201731913091,0.795867544417333,0.0043741685338091,-0.0155060241066328,0.001794437343298
-0.0509882639472267,-0.0198599940786909,0.659627777337333,0.0043741685338091,-0.0118141124093328,0.000422892906741
0.0907551725084733,0.121716221546309,0.932107311487333,0.0043741685338091,-0.0136600682580328,-0.0002628793697419
-0.0273643578713267,0.0273320728293091,0.795867544417333,0.0071661897935091,-0.0136600682580328,-0.0002628793697419
0.0671312664325733,0.003736039375309,0.387148004767333,-0.0002792024053908,-0.0136600682580328,-0.0002628793697419
-0.0746121700234267,0.0745241397373091,0.795867544417333,0.0062355172820091,-0.0164290001683328,-0.0016344239227119
0.0198834542805733,-0.0434560349836909,0.795867544417333,0.0080968641676091,-0.0164290001683328,-0.0002628793697419
-0.0037404517953266,0.121716221546309,0.932107311487333,0.0034434941597091,-0.0127370903336328,-0.0002628793697419
0.0198834542805733,0.0745241397373091,0.795867544417333,0.0025128197856091,-0.0099681584232328,-0.0002628793697419
-0.0037404517953266,0.003736039375309,0.795867544417333,0.0034434941597091,-0.0118141124093328,-0.0002628793697419
0.0198834542805733,0.003736039375309,0.932107311487333,0.0034434941597091,-0.0127370903336328,-0.0009486516462249
0.0435073603565733,0.145312240098309,0.932107311487333,0.0015821454115091,-0.0108911344849328,-0.0002628793697419
-0.0746121700234267,-0.0198599940786909,0.795867544417333,0.0071661897935091,-0.0145830461823328,-0.0009486516462249
-0.0509882639472267,0.0509281062833091,0.932107311487333,0.0053048429079091,-0.0155060241066328,-0.0009486516462249
-0.0273643578713267,0.121716221546309,0.932107311487333,0.0025128197856091,-0.0099681584232328,-0.0002628793697419
0.0198834542805733,0.0273320728293091,0.659627777337333,0.0043741685338091,-0.0118141124093328,-0.0009486516462249
0.161626890736573,0.168908288454309,0.659627777337333,0.0015821454115091,-0.0155060241066328,-0.0023201960827819
-0.0273643578713267,0.0745241397373091,0.932107311487333,0.0034434941597091,-0.0108911344849328,-0.0002628793697419
-0.0037404517953266,0.0981201731913091,0.932107311487333,0.0062355172820091,-0.0136600682580328,-0.0002628793697419
-0.0037404517953266,0.0745241397373091,0.795867544417333,0.0062355172820091,-0.0145830461823328,-0.0009486516462249
0.0435073603565733,0.003736039375309,1.06834707856733,0.0071661897935091,-0.0164290001683328,-0.0002628793697419
-0.0037404517953266,0.0745241397373091,0.932107311487333,0.0006514719687091,-0.0090451804989328,-0.0009486516462249
0.0671312664325733,0.145312240098309,0.932107311487333,0.0006514719687091,-0.0090451804989328,0.000422892906741
0.138002984660373,0.0981201731913091,1.20458684563733,0.0043741685338091,-0.0145830461823328,-0.0016344239227119
0.0671312664325733,-0.0670520684373909,0.795867544417333,0.0099582129158091,-0.0182749560170328,-0.0009486516462249
0.0907551725084733,0.0273320728293091,0.932107311487333,0.0034434941597091,-0.0118141124093328,-0.0016344239227119
0.0671312664325733,0.003736039375309,1.06834707856733,0.0053048429079091,-0.0099681584232328,-0.0023201960827819
-0.0273643578713267,0.003736039375309,0.795867544417333,0.0043741685338091,-0.0136600682580328,-0.0009486516462249
0.0198834542805733,0.0745241397373091,0.659627777337333,0.0006514719687091,-0.0099681584232328,0.001108665183228
0.0198834542805733,0.003736039375309,0.795867544417333,0.0080968641676091,-0.0155060241066328,-0.0009486516462249
0.161626890736573,0.0273320728293091,1.06834707856733,0.0025128197856091,-0.0081222025745328,-0.0009486516462249
0.185250796812573,0.0981201731913091,0.932107311487333,0.0043741685338091,-0.0108911344849328,-0.0009486516462249
0.161626890736573,0.0981201731913091,1.06834707856733,0.0062355172820091,-0.0108911344849328,-0.0002628793697419
0.0671312664325733,0.003736039375309,0.932107311487333,0.0043741685338091,-0.0118141124093328,-0.0009486516462249
0.0671312664325733,0.0273320728293091,0.932107311487333,0.0043741685338091,-0.0127370903336328,-0.0002628793697419
-0.0982360760994267,0.0509281062833091,0.795867544417333,0.0034434941597091,-0.0081222025745328,0.000422892906741
-0.0273643578713267,0.0273320728293091,1.06834707856733,0.0071661897935091,-0.0145830461823328,-0.0009486516462249
-0.0273643578713267,0.121716221546309,0.932107311487333,0.0043741685338091,-0.0108911344849328,-0.0009486516462249
0.0198834542805733,0.0745241397373091,1.06834707856733,0.0015821454115091,-0.0108911344849328,-0.0002628793697419
-0.0746121700234267,0.0509281062833091,0.795867544417333,0.0025128197856091,-0.0127370903336328,-0.0009486516462249
-0.0509882639472267,0.145312240098309,0.795867544417333,0.0015821454115091,-0.0108911344849328,-0.0009486516462249
-0.121859974724427,0.145312240098309,0.795867544417333,0.0034434941597091,-0.0145830461823328,-0.0002628793697419
-0.192731700403427,0.0981201731913091,0.795867544417333,0.0062355172820091,-0.0173519780927328,-0.0009486516462249
-0.216355599028427,0.145312240098309,0.523388010267333,0.0025128197856091,-0.0127370903336328,-0.0016344239227119
-0.239979512554427,0.216100355361309,0.523388010267333,0.0015821454115091,-0.0145830461823328,-0.0016344239227119
-0.239979512554427,0.239696403716309,0.523388010267333,0.0034434941597091,-0.0164290001683328,-0.0016344239227119
-0.263603426081427,0.310484489177309,0.387148004767333,0.0034434941597091,-0.0136600682580328,-0.0009486516462249
-0.169107801777427,0.428464701150309,0.387148004767333,0.0015821454115091,-0.0164290001683328,0.000422892906741
-0.263603426081427,0.263292422269309,0.250908237697333,0.0034434941597091,-0.0164290001683328,-0.0016344239227119
-0.216355599028427,0.286888470624309,0.387148004767333,0.0043741685338091,-0.0182749560170328,-0.0023201960827819
-0.192731700403427,0.334080537532309,0.387148004767333,0.0006514719687091,-0.0127370903336328,-0.0016344239227119
-0.192731700403427,0.263292422269309,0.387148004767333,-0.0002792024053908,-0.0136600682580328,0.000422892906741
-0.216355599028427,0.334080537532309,0.114668470617333,0.0006514719687091,-0.0145830461823328,0.001108665183228
-0.169107801777427,0.310484489177309,0.250908237697333,0.0015821454115091,-0.0155060241066328,0.000422892906741
-0.145483888251427,0.216100355361309,0.523388010267333,-0.0002792024053908,-0.0127370903336328,-0.0009486516462249
-0.121859974724427,0.310484489177309,0.659627777337333,0.0043741685338091,-0.0191979339414328,-0.0016344239227119
-0.121859974724427,0.192504307006309,0.659627777337333,0.0053048429079091,-0.0164290001683328,0.000422892906741
-0.0982360760994267,0.239696403716309,0.795867544417333,0.0034434941597091,-0.0164290001683328,-0.0009486516462249
-0.0982360760994267,0.263292422269309,0.795867544417333,0.0043741685338091,-0.0164290001683328,-0.0002628793697419
-0.0509882639472267,0.239696403716309,0.795867544417333,0.0006514719687091,-0.0136600682580328,0.001108665183228
-0.0037404517953266,0.286888470624309,0.932107311487333,0.0015821454115091,-0.0145830461823328,0.000422892906741
-0.0273643578713267,0.286888470624309,1.06834707856733,0.0025128197856091,-0.0164290001683328,-0.0009486516462249
-0.0273643578713267,0.286888470624309,0.932107311487333,0.0015821454115091,-0.0127370903336328,-0.0002628793697419
-0.0982360760994267,0.216100355361309,0.795867544417333,0.0025128197856091,-0.0118141124093328,-0.0009486516462249
-0.0037404517953266,0.381272604440309,0.523388010267333,-0.0002792024053908,-0.0127370903336328,0.000422892906741
-0.0509882639472267,0.286888470624309,0.659627777337333,-0.0002792024053908,-0.0108911344849328,0.000422892906741
-0.0509882639472267,0.286888470624309,0.932107311487333,-0.0002792024053908,-0.0118141124093328,-0.0002628793697419
-0.0746121700234267,0.286888470624309,0.932107311487333,-0.0002792024053908,-0.0118141124093328,-0.0002628793697419
-0.0746121700234267,0.286888470624309,0.795867544417333,-0.0012098758480908,-0.0099681584232328,-0.0002628793697419
-0.0982360760994267,0.334080537532309,0.795867544417333,-0.0021405502221908,-0.0071992246502328,-0.0002628793697419
0.0198834542805733,0.357676556085309,0.932107311487333,0.0025128197856091,-0.0155060241066328,-0.0009486516462249
-0.0746121700234267,0.286888470624309,0.795867544417333,-0.0012098758480908,-0.0071992246502328,-0.0009486516462249
-0.0037404517953266,0.310484489177309,1.06834707856733,0.0025128197856091,-0.0164290001683328,-0.0009486516462249
-0.0982360760994267,0.216100355361309,1.06834707856733,0.0006514719687091,-0.0090451804989328,-0.0009486516462249
-0.145483888251427,0.168908288454309,0.932107311487333,-0.0040018980390908,-0.0016613598980828,-0.0002628793697419
-0.0273643578713267,0.216100355361309,1.06834707856733,0.0015821454115091,-0.0136600682580328,-0.0009486516462249
-0.0509882639472267,0.239696403716309,0.659627777337333,-0.0012098758480908,-0.0118141124093328,-0.0002628793697419
-0.0273643578713267,0.192504307006309,1.06834707856733,-0.0002792024053908,-0.0099681584232328,-0.0002628793697419
-0.0273643578713267,0.216100355361309,1.06834707856733,0.0006514719687091,-0.0127370903336328,-0.0009486516462249
-0.0509882639472267,0.192504307006309,1.06834707856733,0.0025128197856091,-0.0118141124093328,-0.0009486516462249
-0.0037404517953266,0.168908288454309,1.34082661270733,0.0025128197856091,-0.0155060241066328,-0.0009486516462249
-0.0273643578713267,0.145312240098309,1.34082661270733,0.0025128197856091,-0.0145830461823328,-0.0002628793697419
-0.0273643578713267,0.121716221546309,1.20458684563733,0.0006514719687091,-0.0118141124093328,-0.0002628793697419
-0.0746121700234267,0.121716221546309,1.20458684563733,-0.0012098758480908,-0.0062762476571328,-0.0009486516462249
0.0435073603565733,0.0745241397373091,1.34082661270733,0.0034434941597091,-0.0108911344849328,-0.0002628793697419
0.0198834542805733,0.0745241397373091,1.34082661270733,0.0062355172820091,-0.0127370903336328,-0.0009486516462249
-0.0273643578713267,0.0745241397373091,1.20458684563733,0.0025128197856091,-0.0099681584232328,-0.0002628793697419
-0.0273643578713267,0.121716221546309,1.20458684563733,0.0034434941597091,-0.0136600682580328,-0.0009486516462249
-0.0509882639472267,0.0981201731913091,0.795867544417333,-0.0012098758480908,-0.0136600682580328,0.000422892906741
-0.0273643578713267,0.168908288454309,1.06834707856733,0.0015821454115091,-0.0118141124093328,-0.0009486516462249
-0.0273643578713267,0.216100355361309,1.20458684563733,0.0015821454115091,-0.0127370903336328,-0.0016344239227119
-0.0509882639472267,0.145312240098309,1.06834707856733,0.0006514719687091,-0.0108911344849328,-0.0009486516462249
-0.0746121700234267,0.145312240098309,1.06834707856733,0.0006514719687091,-0.0090451804989328,-0.0009486516462249
0.0198834542805733,0.145312240098309,1.20458684563733,0.0034434941597091,-0.0145830461823328,-0.0002628793697419
-0.0273643578713267,0.145312240098309,1.20458684563733,0.0025128197856091,-0.0118141124093328,-0.0009486516462249
-0.0746121700234267,0.0509281062833091,1.20458684563733,0.0053048429079091,-0.0145830461823328,-0.0002628793697419
-0.0746121700234267,0.0273320728293091,1.20458684563733,0.0034434941597091,-0.0136600682580328,0.000422892906741
-0.0982360760994267,0.0273320728293091,1.20458684563733,0.0034434941597091,-0.0145830461823328,-0.0002628793697419
-0.0982360760994267,0.0745241397373091,0.932107311487333,0.0015821454115091,-0.0118141124093328,0.000422892906741
-0.0746121700234267,0.0273320728293091,1.06834707856733,0.0034434941597091,-0.0155060241066328,-0.0016344239227119
-0.0982360760994267,0.0981201731913091,0.795867544417333,-0.0002792024053908,-0.0127370903336328,0.001108665183228
-0.0982360760994267,0.0745241397373091,1.06834707856733,-0.0002792024053908,-0.0108911344849328,-0.0002628793697419
-0.0982360760994267,0.0981201731913091,1.06834707856733,0.0025128197856091,-0.0127370903336328,-0.0002628793697419
-0.0509882639472267,0.003736039375309,1.06834707856733,0.0034434941597091,-0.0127370903336328,-0.0009486516462249
-0.0509882639472267,0.0981201731913091,1.06834707856733,0.0006514719687091,-0.0108911344849328,-0.0002628793697419
-0.0509882639472267,0.0745241397373091,1.06834707856733,0.0015821454115091,-0.0127370903336328,-0.0016344239227119
-0.121859974724427,0.003736039375309,1.06834707856733,0.0043741685338091,-0.0127370903336328,-0.0016344239227119
-0.121859974724427,0.0745241397373091,1.06834707856733,0.0006514719687091,-0.0099681584232328,-0.0009486516462249
-0.0037404517953266,0.0273320728293091,1.20458684563733,0.0015821454115091,-0.0145830461823328,-0.0009486516462249
-0.121859974724427,-0.0198599940786909,1.06834707856733,0.0025128197856091,-0.0090451804989328,0.000422892906741
-0.0273643578713267,0.0509281062833091,1.20458684563733,0.0025128197856091,-0.0136600682580328,-0.0002628793697419
-0.0509882639472267,0.003736039375309,1.20458684563733,0.0025128197856091,-0.0145830461823328,0.000422892906741
-0.0982360760994267,0.121716221546309,0.932107311487333,0.0006514719687091,-0.0118141124093328,0.000422892906741
-0.121859974724427,-0.0198599940786909,1.06834707856733,0.0034434941597091,-0.0127370903336328,-0.0016344239227119
-0.0982360760994267,0.003736039375309,1.20458684563733,0.0034434941597091,-0.0136600682580328,-0.0002628793697419
-0.0982360760994267,0.0273320728293091,1.20458684563733,0.0015821454115091,-0.0127370903336328,0.000422892906741
-0.0982360760994267,0.0509281062833091,1.06834707856733,0.0006514719687091,-0.0099681584232328,0.001108665183228
-0.0509882639472267,0.0745241397373091,1.06834707856733,0.0015821454115091,-0.0118141124093328,0.000422892906741
-0.0746121700234267,0.0509281062833091,1.20458684563733,0.0025128197856091,-0.0099681584232328,-0.0002628793697419
-0.0509882639472267,0.121716221546309,1.06834707856733,0.0025128197856091,-0.0127370903336328,-0.0009486516462249
-0.0746121700234267,0.0509281062833091,0.932107311487333,0.0025128197856091,-0.0108911344849328,0.000422892906741
-0.0746121700234267,0.003736039375309,1.06834707856733,0.0043741685338091,-0.0136600682580328,0.000422892906741
-0.0982360760994267,-0.0198599940786909,0.932107311487333,0.0034434941597091,-0.0145830461823328,0.001108665183228
-0.0982360760994267,0.003736039375309,0.932107311487333,0.0043741685338091,-0.0108911344849328,-0.0009486516462249
-0.0273643578713267,-0.0906481018912909,0.659627777337333,0.0015821454115091,-0.0136600682580328,-0.0002628793697419
-0.0746121700234267,-0.0670520684373909,0.932107311487333,-0.0002792024053908,-0.0099681584232328,0.000422892906741
-0.121859974724427,0.0745241397373091,0.932107311487333,0.0015821454115091,-0.0090451804989328,0.001108665183228
-0.0509882639472267,0.0745241397373091,1.20458684563733,0.0043741685338091,-0.0127370903336328,-0.0009486516462249
-0.0746121700234267,0.0509281062833091,1.06834707856733,0.0034434941597091,-0.0127370903336328,-0.0002628793697419
-0.0037404517953266,0.0745241397373091,1.06834707856733,0.0025128197856091,-0.0108911344849328,-0.0009486516462249
-0.0273643578713267,0.0745241397373091,1.06834707856733,0.0006514719687091,-0.0099681584232328,-0.0002628793697419
-0.0746121700234267,0.145312240098309,1.06834707856733,0.0006514719687091,-0.0071992246502328,-0.0009486516462249
-0.0746121700234267,0.0509281062833091,1.06834707856733,0.0034434941597091,-0.0108911344849328,-0.0016344239227119
-0.0273643578713267,0.0509281062833091,1.20458684563733,0.0034434941597091,-0.0155060241066328,-0.0002628793697419
-0.121859974724427,0.003736039375309,1.20458684563733,0.0043741685338091,-0.0108911344849328,-0.0009486516462249
-0.0509882639472267,0.0981201731913091,1.20458684563733,0.0043741685338091,-0.0127370903336328,-0.0023201960827819
-0.0982360760994267,0.121716221546309,0.659627777337333,-0.0012098758480908,-0.0108911344849328,0.001794437343298
-0.0509882639472267,0.0509281062833091,1.06834707856733,0.0034434941597091,-0.0155060241066328,-0.0009486516462249
-0.0982360760994267,0.0273320728293091,0.932107311487333,0.0034434941597091,-0.0127370903336328,0.000422892906741
-0.0746121700234267,0.0745241397373091,1.06834707856733,0.0025128197856091,-0.0127370903336328,0.000422892906741
-0.121859974724427,0.003736039375309,0.932107311487333,0.0034434941597091,-0.0136600682580328,-0.0009486516462249
-0.121859974724427,0.0509281062833091,0.932107311487333,0.0025128197856091,-0.0127370903336328,0.000422892906741
-0.0509882639472267,0.0273320728293091,0.795867544417333,0.0025128197856091,-0.0127370903336328,0.000422892906741
0.0435073603565733,0.121716221546309,0.795867544417333,0.0034434941597091,-0.0099681584232328,0.002480209736188
0.445113771098573,0.475656738256309,-0.157811063522667,0.0015821454115091,-0.0035073148154328,0.005909071235028
0.799472354787573,0.664425005887309,-0.294050830602667,0.0025128197856091,0.0075684162021681,0.010709477053958
1.10658314122657,0.853193273516309,-0.702770131822667,-0.0012098758480908,0.0121833043105072,0.014824110480058
1.20107879532657,1.04196154114631,-2.33764751553467,-0.0012098758480908,0.0223360577530672,0.012766793767058
1.08295919789657,1.11274968621631,-3.15508623719067,0.0015821454115091,0.0149522371522172,0.006594843627928
0.445113771098573,1.25432585713631,-4.38124431967267,0.0108888872899092,0.0112603263861572,-0.0036917408685719
0.0671312664325733,1.23072992799631,-5.47116245627267,0.0146115829237092,0.0066454386270671,-0.0091779190804419
-0.452594674689427,1.18353783128631,-6.28860129714267,0.0295023673214092,-0.0081222025745328,-0.017407186863942
-0.901448882681427,1.15994178292631,-7.78723897338267,0.0416011304595092,-0.0191979339414328,-0.024264909861542
-1.23218355284343,1.13634573456631,-8.74091710448267,0.0592839398421092,-0.0348885530674328,-0.033179946778342
-1.49204657183343,1.08915363785631,-9.69459571242267,0.0751053967513092,-0.0505791703307328,-0.040723443565842
-1.79915735827343,1.20713387963631,-10.7845138490227,0.0899961867367092,-0.0598089495741328,-0.049638484207842
-1.89365289316343,1.27792190549631,-11.6019529283027,0.100233597401709,-0.0708846772157328,-0.055810433415642
-2.08264420138343,1.32511400220631,-12.1469119966027,0.110471015516709,-0.0782685006105328,-0.060610838768942
-2.24801156626343,1.34871005055631,-12.6918710649027,0.125361798051709,-0.0921131620251328,-0.067468561766642
-2.41337893114343,1.32511400220631,-13.3730701386627,0.134668541792709,-0.0976510295709328,-0.073640510974442
-2.50787446604343,1.32511400220631,-14.0542692124627,0.141183254960709,-0.105034845514933,-0.0763835986833419
-2.64961788760343,1.37230609891631,-14.3267482697627,0.151420680526709,-0.106880801363933,-0.0818697815518419
-2.55512235270343,1.32511400220631,-14.5992282807627,0.167242137435709,-0.123494404001933,-0.085298643050642
-2.53149840937343,1.20713387963631,-14.8717073380627,0.177479548100709,-0.128109293623933,-0.088041730759642
-2.08264420138343,1.18353783128631,-15.0079473435627,0.182132912520709,-0.121648448153933,-0.087355956969742
-1.77553341494343,1.13634573456631,-15.1441873490627,0.185855610016709,-0.113341646834933,-0.079812460182242
-1.65741393671343,1.06555758950631,-15.2804264008627,0.189578307512709,-0.111495690985933,-0.079126693842942
-1.72828564749343,0.971173515296309,-15.5529064118627,0.193301005009709,-0.105034845514933,-0.081184007761942
-1.82278118239343,1.04196154114631,-15.5529064118627,0.191439656261709,-0.100419963343933,-0.0818697815518419
-1.75190947161343,0.876789321876309,-15.5529064118627,0.194231686834709,-0.0939591178739328,-0.075697832344042
-1.65741393671343,0.806001236413309,-15.5529064118627,0.190508989337709,-0.0884212503277328,-0.0708974232654419
-1.53929433928343,0.782405188058309,-15.8253864228627,0.190508989337709,-0.0838063607060328,-0.0667827879767419
-1.35030315028343,0.806001236413309,-16.2341054856627,0.188647640589709,-0.0773455226861328,-0.058553521124642
-1.13768789873343,0.688021054243309,-15.8253864228627,0.189578307512709,-0.0690387213670328,-0.049638484207842
-0.972320653063427,0.664425005887309,-15.8253864228627,0.187716958764709,-0.0598089495741328,-0.042094987420342
-0.854201055628427,0.640829017137309,-15.8253864228627,0.187716958764709,-0.0561170378767328,-0.037980355856942
-0.806953288180427,0.546444823717309,-15.9616254746627,0.188647640589709,-0.0533481041037328,-0.035237264422642
-0.877824998957427,0.570040872072309,-16.0978654801627,0.189578307512709,-0.0515021482550328,-0.033179946778342
-0.972320653063427,0.546444823717309,-16.0978654801627,0.196093035582709,-0.0551940599524328,-0.039351899711342
-1.09044013129343,0.428464701150309,-16.2341054856627,0.198885051253709,-0.0588859716498328,-0.042780761210242
-1.20855960951343,0.499252786611309,-16.5065845429627,0.204469097498709,-0.0635008538209328,-0.048952710418042
-1.18493578539343,0.499252786611309,-16.6428245484627,0.206330446246709,-0.0681157434427328,-0.053753115771342
-1.46842262850343,0.404868652795309,-16.7790645539627,0.214706508163709,-0.0773455226861328,-0.059925068704342
-1.53929433928343,0.428464701150309,-16.9153045594627,0.219359887484709,-0.0874982724034328,-0.063353926477942
-1.72828564749343,0.452060689901309,-17.5965026795627,0.222151903155709,-0.0911901841008328,-0.064725474057642
-1.96452472315343,0.428464701150309,-17.7327426850627,0.225874600652709,-0.0958050737229328,-0.070211649475542
-2.12989208803343,0.357676556085309,-17.8689826905627,0.228666616324709,-0.101342941268933,-0.072954737184542
-2.50787446604343,0.357676556085309,-18.2777017533627,0.230527965072709,-0.106880801363933,-0.0750120585541419
-2.55512235270343,0.404868652795309,-18.4139417588627,0.235181344393709,-0.116110580607933,-0.0750120585541419
-2.81498525248343,0.357676556085309,-18.2777017533627,0.235181344393709,-0.117033558531933,-0.0763835986833419
-2.83860919581343,0.428464701150309,-18.6864217698627,0.237973360065709,-0.126263337774933,-0.077069372473242
-2.98035261736343,0.522848834966309,-19.0951408326627,0.234250662568709,-0.125340359850933,-0.077069372473242
-2.95672867403343,0.522848834966309,-19.3676208436627,0.236112026218709,-0.127186315699933,-0.078440920053042
-2.98035261736343,0.593636920427309,-19.5038608491627,0.236112026218709,-0.124417381926933,-0.079126693842942
-3.14571998225343,0.570040872072309,-19.5038608491627,0.237042693141709,-0.125340359850933,-0.084612869260842
-3.24021551714343,0.617232968782309,-19.6400989472627,0.236112026218709,-0.128109293623933,-0.086670183179842
-3.40558288203343,0.711617102598309,-20.1850589692627,0.234250662568709,-0.136416080041933,-0.087355956969742
-3.50007865534343,0.735213150953309,-20.3212989747627,0.237042693141709,-0.139185013814933,-0.090784818468542
-3.50007865534343,0.876789321876309,-20.7300189912627,0.239834723714709,-0.147491815133933,-0.088727504549542
-3.52370236025343,0.971173515296309,-20.8662570893627,0.239834723714709,-0.153029682679933,-0.088041730759642
-3.52370236025343,1.04196154114631,-20.8662570893627,0.247280118707709,-0.165028395696933,-0.088727504549542
-3.54732630358343,1.06555758950631,-21.0024970948627,0.250072119477709,-0.166874351545933,-0.086670183179842
-3.57095024691343,0.971173515296309,-21.1387371003627,0.250072119477709,-0.166874351545933,-0.087355956969742
-3.57095024691343,0.923981418586309,-21.1387371003627,0.249141452554709,-0.166874351545933,-0.088041730759642
-3.57095024691343,0.971173515296309,-21.0024970948627,0.249141452554709,-0.164105417772933,-0.088727504549542
-3.57095024691343,0.853193273516309,-20.8662570893627,0.251002786401709,-0.161336483998933,-0.087355956969742
-3.47645471201343,0.876789321876309,-21.0024970948627,0.247280118707709,-0.159490528150933,-0.086670183179842
-3.54732630358343,0.900385370226309,-21.0024970948627,0.248210785630709,-0.161336483998933,-0.088727504549542
-3.57095024691343,0.971173515296309,-21.1387371003627,0.246349421981709,-0.165028395696933,-0.090784818468542
-3.64182207690343,1.01836561200631,-21.0024970948627,0.247280118707709,-0.165028395696933,-0.0976425414662419
-3.64182207690343,1.08915363785631,-21.1387371003627,0.247280118707709,-0.162259461923933,-0.099699862835842
-3.57095024691343,1.11274968621631,-21.0024970948627,0.245418755058709,-0.159490528150933,-0.102442950544742
-3.54732630358343,1.08915363785631,-21.0024970948627,0.243557421210709,-0.154875638528933,-0.100385629174742
-3.35833523379343,1.06555758950631,-21.2749771058627,0.243557421210709,-0.149337770982933,-0.099699862835842
-3.31108734713343,0.994769563646309,-21.4112171113627,0.243557421210709,-0.147491815133933,-0.099699862835842
-3.31108734713343,1.04196154114631,-21.4112171113627,0.243557421210709,-0.148414793058933,-0.101071402964742
-3.59457419024343,0.923981418586309,-21.6836971223627,0.249141452554709,-0.155798616452933,-0.105186038253742
-3.78356549845343,0.994769563646309,-21.5474571168627,0.252864150050709,-0.159490528150933,-0.107243352172742
-3.99618074999343,1.06555758950631,-21.8199371278627,0.251933483127709,-0.166874351545933,-0.106557585833742
-4.09067604647343,1.06555758950631,-21.9561752259627,0.254725483897709,-0.177950071736933,-0.107929125962742
-4.23241970644343,1.11274968621631,-22.5011352479627,0.251002786401709,-0.183487939282933,-0.105871812043742
-4.35053894625343,1.15994178292631,-22.5011352479627,0.256586847547709,-0.187179850979933,-0.102442950544742
-4.32691547976343,1.08915363785631,-22.5011352479627,0.259378878120709,-0.192717718525933,-0.094213679967442
-4.20879576311343,1.01836561200631,-22.7736152589627,0.262170878890709,-0.193640696449933,-0.083927095470942
-4.23241970644343,0.923981418586309,-23.0460952699627,0.261240211967709,-0.191794740601933,-0.079812460182242
-4.11429998980343,0.947577466936309,-23.1823333680627,0.260309545043709,-0.187179850979933,-0.0722689708452419
-4.04342815981343,0.947577466936309,-23.1823333680627,0.260309545043709,-0.187179850979933,-0.0722689708452419
-3.92530892000343,0.923981418586309,-23.3185733735627,0.258448181394709,-0.184410917206933,-0.0750120585541419
-3.78356549845343,1.08915363785631,-23.3185733735627,0.257517514470709,-0.183487939282933,-0.0763835986833419
-3.71269366846343,1.15994178292631,-23.3185733735627,0.255656180623709,-0.181641983433933,-0.0763835986833419
-3.42920682535343,1.11274968621631,-23.1823333680627,0.246349421981709,-0.158567550225933,-0.069525875685742
-3.28746340380343,1.01836561200631,-22.9098552644627,0.241696057561709,-0.150260748906933,-0.0667827879767419
-3.00397656069343,0.971173515296309,-22.7736152589627,0.231458646897709,-0.138262035890933,-0.059239294914442
-3.09847209559343,0.853193273516309,-22.0924152314627,0.228666616324709,-0.132724168344933,-0.054438889561142
-3.12209603892343,0.735213150953309,-21.8199371278627,0.227735949400709,-0.136416080041933,-0.048952710418042
-3.33471129046343,0.664425005887309,-21.4112171113627,0.225874600652709,-0.132724168344933,-0.044152305064642
-3.54732630358343,0.570040872072309,-21.2749771058627,0.227735949400709,-0.142876925512933,-0.043466531274842
-3.78356549845343,0.452060689901309,-21.1387371003627,0.234250662568709,-0.151183726831933,-0.045523848919142
-4.01980469332343,0.404868652795309,-21.1387371003627,0.238904026988709,-0.160413506074933,-0.048266940353442
-4.06705210314343,0.334080537532309,-21.1387371003627,0.242626724485709,-0.162259461923933,-0.054438889561142
-4.13792393313343,0.334080537532309,-21.0024970948627,0.245418755058709,-0.164105417772933,-0.057867751060042
-4.18517181979343,0.334080537532309,-21.1387371003627,0.249141452554709,-0.170566263242933,-0.0640397002678419
-4.11429998980343,0.357676556085309,-21.1387371003627,0.247280118707709,-0.164105417772933,-0.066097014186842
-3.97255680666343,0.334080537532309,-21.4112171113627,0.244488088134709,-0.159490528150933,-0.062668156413342
-3.85443709002343,0.499252786611309,-21.2749771058627,0.238904026988709,-0.153952660604933,-0.059925068704342
-3.83081314669343,0.286888470624309,-20.7300189912627,0.238904026988709,-0.151183726831933,-0.060610838768942
-3.83081314669343,0.263292422269309,-20.5937789857627,0.233319995645709,-0.143799903436933,-0.058553521124642
-3.78356549845343,0.286888470624309,-20.4575389802627,0.231458646897709,-0.137339057965933,-0.057867751060042
-3.73631761179343,0.310484489177309,-20.3212989747627,0.230527965072709,-0.134570124192933,-0.057867751060042
-3.78356549845343,0.263292422269309,-20.3212989747627,0.229597298148709,-0.133647146268933,-0.059239294914442
-3.85443709002343,0.168908288454309,-20.1850589692627,0.231458646897709,-0.131801190419933,-0.061982382623442
-3.90168497668343,0.145312240098309,-19.9125789582627,0.234250662568709,-0.138262035890933,-0.061982382623442
-3.92530892000343,0.0745241397373091,-20.0488189637627,0.237042693141709,-0.137339057965933,-0.061982382623442
-3.94893286333343,0.0509281062833091,-19.9125789582627,0.237973360065709,-0.138262035890933,-0.061982382623442
-3.85443709002343,0.0273320728293091,-19.9125789582627,0.235181344393709,-0.136416080041933,-0.059239294914442
-3.83081314669343,0.003736039375309,-19.7763389527627,0.236112026218709,-0.134570124192933,-0.058553521124642
-3.80718944178343,-0.0670520684373909,-20.0488189637627,0.234250662568709,-0.133647146268933,-0.053067345706742
-3.80718944178343,-0.114244139070491,-19.6400989472627,0.236112026218709,-0.127186315699933,-0.053067345706742
-3.75994155512343,-0.0906481018912909,-19.3676208436627,0.232389313820709,-0.123494404001933,-0.052381571916842
-3.64182207690343,-0.114244139070491,-19.3676208436627,0.231458646897709,-0.120725470228933,-0.048952710418042
-3.52370236025343,-0.137840174387091,-19.5038608491627,0.230527965072709,-0.119802492304933,-0.044152305064642
-3.42920682535343,-0.161436209703691,-19.3676208436627,0.231458646897709,-0.109649735136933,-0.040037669775942
-3.33471129046343,-0.208628280336891,-19.5038608491627,0.232389313820709,-0.110572713061933,-0.039351899711342
-3.35833523379343,-0.255820350969991,-19.2313808381627,0.230527965072709,-0.108726757212933,-0.037294582067042
-3.38195893870343,-0.303012425328691,-19.2313808381627,0.230527965072709,-0.109649735136933,-0.037980355856942
-3.26383946047343,-0.137840174387091,-19.3676208436627,0.233319995645709,-0.111495690985933,-0.036608808277142
-3.33471129046343,-0.185032245020291,-19.2313808381627,0.236112026218709,-0.113341646834933,-0.037294582067042
-3.35833523379343,-0.303012425328691,-19.0951408326627,0.238904026988709,-0.120725470228933,-0.040037669775942
-3.54732630358343,-0.397396559144691,-19.5038608491627,0.240765390638709,-0.127186315699933,-0.040037669775942
-3.66544578181343,-0.326608458782691,-19.2313808381627,0.244488088134709,-0.128109293623933,-0.042094987420342
-3.71269366846343,-0.397396559144691,-19.5038608491627,0.248210785630709,-0.131801190419933,-0.041409217355742
-3.68906972513343,-0.303012425328691,-19.3676208436627,0.244488088134709,-0.129032271548933,-0.038666125921542
-3.61819813357343,-0.326608458782691,-19.5038608491627,0.248210785630709,-0.130878227396933,-0.036608808277142
-3.47645471201343,-0.420992592598691,-19.3676208436627,0.249141452554709,-0.129955249472933,-0.034551494358042
-3.40558288203343,-0.397396559144691,-19.2313808381627,0.243557421210709,-0.120725470228933,-0.031122630996542
-3.28746340380343,-0.397396559144691,-19.0951408326627,0.239834723714709,-0.117956536455933,-0.029065315214842
-3.24021551714343,-0.468184659505691,-18.9589008271627,0.237973360065709,-0.112418668909933,-0.027693771360442
-3.19296786890343,-0.491780707861691,-19.0951408326627,0.240765390638709,-0.112418668909933,-0.027007997570542
-3.19296786890343,-0.373800525690691,-18.9589008271627,0.237973360065709,-0.111495690985933,-0.026322225643242
-3.24021551714343,-0.444588640953691,-18.9589008271627,0.239834723714709,-0.114264624758933,-0.025636453716042
-3.16934392557343,-0.444588640953691,-19.0951408326627,0.237973360065709,-0.114264624758933,-0.022893364144442
-3.19296786890343,-0.420992592598691,-18.8226608216627,0.239834723714709,-0.114264624758933,-0.020836048362742
-3.21659157381343,-0.491780707861691,-18.6864217698627,0.239834723714709,-0.112418668909933,-0.020150274572842
-3.14571998225343,-0.444588640953691,-18.5501817643627,0.237042693141709,-0.113341646834933,-0.019464502645642
-3.16934392557343,-0.468184659505691,-18.1414627015627,0.238904026988709,-0.116110580607933,-0.019464502645642
-3.07484815226343,-0.468184659505691,-18.0052226960627,0.236112026218709,-0.116110580607933,-0.017407186863942
-3.16934392557343,-0.491780707861691,-18.1414627015627,0.237973360065709,-0.116110580607933,-0.016721413074042
-3.21659157381343,-0.562568823123691,-18.0052226960627,0.235181344393709,-0.111495690985933,-0.015349869219542
-3.24021551714343,-0.586164841676691,-17.7327426850627,0.231458646897709,-0.109649735136933,-0.013978325365042
-2.50787446604343,0.003736039375309,-17.4602636277627,0.209122461918709,-0.0828833827816328,-0.011921007720742
-2.24801156626343,-0.468184659505691,-17.0515436112627,0.209122461918709,-0.0699616992914328,-0.0078063742946419
-2.15351579295343,-0.397396559144691,-17.0515436112627,0.200746400002709,-0.0588859716498328,0.000422892906741
-2.55512235270343,-0.491780707861691,-16.9153045594627,0.193301005009709,-0.0616549054228328,0.000422892906741
-2.31888315783343,-0.468184659505691,-16.2341054856627,0.189578307512709,-0.0496561924063328,0.002480209736188
-2.34250710116343,-0.420992592598691,-15.6891464173627,0.179340896848709,-0.0431953506612328,0.001794437343298
-2.36613104449343,-0.538972774768691,-15.5529064118627,0.181202245596709,-0.0413493948125328,0.001794437343298
-2.38975498782343,-0.562568823123691,-15.4166664063627,0.179340896848709,-0.0385804610394328,0.003165982129088
-2.29525945292343,-0.609760890031691,-15.2804264008627,0.180271563771709,-0.0376574868404328,0.002480209736188
-2.29525945292343,-0.562568823123691,-15.1441873490627,0.174687532428709,-0.0339655751430328,0.003165982129088
-2.20076367960343,-0.704145023847691,-14.4629882752627,0.171895501855709,-0.0275047333979328,0.001794437343298
-2.20076367960343,-0.586164841676691,-14.1905082642627,0.165380788687709,-0.0247357996248328,0.003851754056328
-2.05902025805343,-0.633356908584691,-13.3730701386627,0.164450106862709,-0.0256587775492328,0.002480209736188
-2.03539631472343,-0.656952956939691,-12.8281110703627,0.157004711869709,-0.0173519780927328,0.003165982129088
-1.96452472315343,-0.633356908584691,-12.5556310594027,0.155143363121709,-0.0191979339414328,0.003165982129088
-1.79915735827343,-0.586164841676691,-11.8744319856127,0.138391239288709,-0.0191979339414328,0.002480209736188
-1.79915735827343,-0.609760890031691,-10.9207538545127,0.132807193044709,-0.0155060241066328,0.002480209736188
-1.65741393671343,-0.609760890031691,-9.96707524657267,0.121639100555709,-0.0108911344849328,0.002480209736188
-1.63378999338343,-0.515376726413691,-9.14963664412267,0.108609666768709,-0.0062762476571328,0.001794437343298
-1.53929433928343,-0.538972774768691,-8.33219804167267,0.0927882098597092,-0.0035073148154328,0.001794437343298
-1.44479868517343,-0.468184659505691,-7.51475943923267,0.0825507917441092,-0.0016613598980828,0.001108665183228
-1.39755091772343,-0.373800525690691,-7.24227990508267,0.0760360711254092,-0.0025843368911128,0.001794437343298
-1.27943132029343,-0.656952956939691,-6.15236153006267,0.0788280942477092,0.0029535283266671,0.000422892906741
-1.51567039595343,-0.444588640953691,-6.28860129714267,0.0723133736290092,-0.0127370903336328,0.002480209736188
-1.37392697439343,-0.562568823123691,-4.92620338797267,0.0676600092091092,-0.0127370903336328,-0.0009486516462249
-1.42117486105343,-0.491780707861691,-4.78996362090267,0.0611452885903092,-0.0145830461823328,-0.0009486516462249
-1.27943132029343,-0.444588640953691,-3.70004536509367,0.0509078704752092,-0.0145830461823328,-0.0009486516462249
-1.25580749617343,-0.397396559144691,-3.56380559801967,0.0453238279559092,-0.0164290001683328,-0.0002628793697419
-0.995944477183427,-0.326608458782691,-2.74636687636267,0.0406704560854092,-0.0136600682580328,-0.0016344239227119
-0.972320653063427,-0.279416384423691,-2.33764751553467,0.0350864135660092,-0.0182749560170328,0.001108665183228
-0.877824998957427,-0.350204492236691,-1.92892815470567,0.0322943904437092,-0.0145830461823328,0.000422892906741
-0.617961979967427,-0.185032245020291,-1.65644862055267,0.0276410185732092,-0.0136600682580328,0.002480209736188
-0.570714212519427,-0.114244139070491,-1.38396908640267,0.0267103479244092,-0.0164290001683328,0.002480209736188
-0.452594674689427,-0.0906481018912909,-1.24772931933267,0.0220569760539092,-0.0081222025745328,0.003165982129088
-0.358099050385427,-0.114244139070491,-1.11148943305267,0.0229876504280092,-0.0099681584232328,0.002480209736188
-0.334475136858427,-0.0906481018912909,-0.975249665972667,0.0183342785575092,-0.0062762476571328,0.001794437343298
-0.310851223332427,-0.137840174387091,-0.839009898902667,0.0201956273057092,-0.0099681584232328,0.002480209736188
-0.216355599028427,-0.0434560349836909,-0.566530364752667,0.0229876504280092,-0.0136600682580328,0.001794437343298
-0.169107801777427,-0.0198599940786909,-0.430290597672667,0.0192649529316092,-0.0127370903336328,0.002480209736188
-0.169107801777427,-0.0906481018912909,-0.430290597672667,0.0155422572978092,-0.0108911344849328,0.001794437343298
-0.121859974724427,-0.0906481018912909,-0.294050830602667,0.0164729316719092,-0.0127370903336328,0.000422892906741
-0.121859974724427,-0.0906481018912909,-0.157811063522667,0.0164729316719092,-0.0118141124093328,0.000422892906741
-0.0273643578713267,-0.0670520684373909,-0.0215712964526671,0.0155422572978092,-0.0090451804989328,0.001108665183228
0.0435073603565733,0.0273320728293091,0.114668470617333,0.0136809085496092,-0.0127370903336328,0.001108665183228
0.0907551725084733,0.003736039375309,0.387148004767333,0.0155422572978092,-0.0145830461823328,0.001108665183228
0.0671312664325733,0.0745241397373091,0.387148004767333,0.0108888872899092,-0.0108911344849328,0.001794437343298
0.0198834542805733,0.0981201731913091,0.523388010267333,0.0080968641676091,-0.0127370903336328,0.000422892906741
-0.0509882639472267,0.0745241397373091,0.523388010267333,0.0062355172820091,-0.0099681584232328,-0.0002628793697419
-0.0509882639472267,0.0745241397373091,0.659627777337333,0.0090275385417091,-0.0136600682580328,-0.0009486516462249
-0.0273643578713267,0.121716221546309,0.659627777337333,0.0043741685338091,-0.0108911344849328,0.000422892906741
-0.0273643578713267,0.145312240098309,0.387148004767333,0.0062355172820091,-0.0118141124093328,-0.0002628793697419
0.0671312664325733,0.263292422269309,0.250908237697333,0.0034434941597091,-0.0127370903336328,0.002480209736188
0.0671312664325733,0.286888470624309,0.387148004767333,0.0006514719687091,-0.0108911344849328,0.003851754056328
-0.0037404517953266,0.145312240098309,0.114668470617333,0.0006514719687091,-0.0081222025745328,0.006594843627928
0.161626890736573,0.404868652795309,-0.157811063522667,-0.0030712245962908,-0.0062762476571328,0.006594843627928
0.0907551725084733,0.664425005887309,-0.702770131822667,-0.0105166170280308,0.0001845954849471,0.011395248981258
-0.0273643578713267,0.853193273516309,-1.38396908640267,-0.0151699874433558,0.0038765057853471,0.014824110480058
-0.121859974724427,0.829597284769309,-1.79268838763167,-0.0161006615264208,0.0084913937772671,0.016881428124458
-0.570714212519427,0.570040872072309,-3.42756577134067,-0.0067939206957708,0.0131062817691872,0.011395248981258
-0.877824998957427,0.334080537532309,-4.51748408675267,0.0090275385417091,0.0149522371522172,0.007280615555158
-1.70466170416343,-0.185032245020291,-6.56108083129267,0.0481158510782092,0.0121833043105072,-0.0064348299745119
-2.27163550959343,-0.397396559144691,-8.19595803618267,0.0657986604609092,0.0057224610519661,-0.016721413074042
-2.81498525248343,-0.208628280336891,-10.2395547807227,0.0760360711254092,-0.0025843368911128,-0.022207592217242
-3.28746340380343,0.003736039375309,-12.0106719911127,0.0872041636147092,-0.0081222025745328,-0.027693771360442
-3.78356549845343,0.310484489177309,-13.7817892014627,0.120708433631709,-0.0265817554735328,-0.042094987420342
-4.27966759310343,0.499252786611309,-15.5529064118627,0.152351347449709,-0.0413493948125328,-0.051010028062342
-4.53953049288343,0.688021054243309,-16.6428245484627,0.171895501855709,-0.0570400158011328,-0.057867751060042
-4.98838446245343,1.08915363785631,-18.6864217698627,0.209122461918709,-0.0847293386303328,-0.072954737184542
-5.15375206576343,1.11274968621631,-19.5038608491627,0.235181344393709,-0.105957823439933,-0.077069372473242
-5.36636707888343,1.08915363785631,-20.3212989747627,0.263101575616709,-0.131801190419933,-0.090099044678742
-5.55535814867343,1.01836561200631,-20.7300189912627,0.276131001952709,-0.144722881360933,-0.095585227547142
-5.67347786532343,0.900385370226309,-21.0024970948627,0.284507063869709,-0.149337770982933,-0.101071402964742
-5.64985392199343,0.806001236413309,-20.7300189912627,0.278923032525709,-0.151183726831933,-0.101071402964742
-5.46086285219343,0.570040872072309,-20.3212989747627,0.270546970609709,-0.141030969663933,-0.0935279061775419
-5.22462389574343,0.452060689901309,-19.7763389527627,0.258448181394709,-0.129032271548933,-0.085298643050642
-4.77576944933343,0.334080537532309,-19.6400989472627,0.248210785630709,-0.121648448153933,-0.0777551462631419
-4.51590654955343,0.334080537532309,-18.8226608216627,0.238904026988709,-0.105034845514933,-0.0722689708452419
-4.30329153643343,0.334080537532309,-18.5501817643627,0.227735949400709,-0.0930361399495328,-0.0667827879767419
-3.94893286333343,0.286888470624309,-18.0052226960627,0.215637189987709,-0.0782685006105328,-0.057867751060042
-3.64182207690343,0.263292422269309,-17.3240236222627,0.211914492491709,-0.0745765889131328,-0.052381571916842
-3.35833523379343,0.216100355361309,-16.6428245484627,0.200746400002709,-0.0644238317453328,-0.048952710418042
-3.09847209559343,0.334080537532309,-16.0978654801627,0.196093035582709,-0.0607319274985328,-0.046895392773642
-2.79136130915343,0.334080537532309,-15.4166664063627,0.184924943093709,-0.0551940599524328,-0.042780761210242
-2.64961788760343,0.381272604440309,-15.0079473435627,0.182132912520709,-0.0505791703307328,-0.040723443565842
-2.48425052271343,0.428464701150309,-14.3267482697627,0.178410215023709,-0.0515021482550328,-0.039351899711342
-2.38975498782343,0.357676556085309,-13.5093091904627,0.170964834932709,-0.0487332144820328,-0.036608808277142
-2.41337893114343,0.286888470624309,-13.1005901276627,0.170034153107709,-0.0542710820281328,-0.036608808277142
-2.46062657938343,0.263292422269309,-12.9643501221627,0.165380788687709,-0.0561170378767328,-0.035923038212542
-2.48425052271343,0.145312240098309,-12.1469119966027,0.161658091191709,-0.0524251261794328,-0.038666125921542
-2.48425052271343,0.0509281062833091,-11.7381929337927,0.165380788687709,-0.0588859716498328,-0.041409217355742
-2.46062657938343,0.003736039375309,-11.4657129228127,0.160727409366709,-0.0570400158011328,-0.044838078854542
-2.41337893114343,0.003736039375309,-10.6482743203627,0.159796742442709,-0.0570400158011328,-0.049638484207842
-2.38975498782343,-0.0198599940786909,-10.5120343148727,0.154212696198709,-0.0524251261794328,-0.051695801852242
-2.31888315783343,0.003736039375309,-9.96707524657267,0.148628649953709,-0.0496561924063328,-0.055124663351042
-2.38975498782343,0.0745241397373091,-9.83083571791267,0.143975285533709,-0.0478102365576328,-0.0640397002678419
-2.38975498782343,0.0509281062833091,-9.83083571791267,0.147697983030709,-0.0533481041037328,-0.062668156413342
-2.50787446604343,-0.0198599940786909,-9.96707524657267,0.150489998701709,-0.0533481041037328,-0.063353926477942
-2.46062657938343,-0.0434560349836909,-10.1033152520627,0.163519439939709,-0.0690387213670328,-0.062668156413342
-2.41337893114343,-0.0906481018912909,-10.3757947862127,0.171895501855709,-0.0727306330644328,-0.059925068704342
-2.50787446604343,-0.114244139070491,-10.7845138490227,0.176548866275709,-0.0810374343835328,-0.060610838768942
-2.41337893114343,0.0273320728293091,-10.7845138490227,0.183994261268709,-0.0856523165547328,-0.063353926477942
-2.43700287447343,0.0981201731913091,-10.9207538545127,0.186786291841709,-0.0865752944790328,-0.070211649475542
-2.22438762293343,0.357676556085309,-10.7845138490227,0.183994261268709,-0.0828833827816328,-0.0763835986833419
-2.05902025805343,0.357676556085309,-10.6482743203627,0.175618199351709,-0.0791914785348328,-0.079126693842942
-1.91727683649343,0.570040872072309,-10.6482743203627,0.170034153107709,-0.0708846772157328,-0.073640510974442
-2.01177237139343,0.570040872072309,-10.5120343148727,0.171895501855709,-0.0782685006105328,-0.072954737184542
-2.10626814471343,0.381272604440309,-10.6482743203627,0.182132912520709,-0.0902672061764328,-0.069525875685742
-2.22438762293343,0.263292422269309,-10.9207538545127,0.190508989337709,-0.0985740074959328,-0.066097014186842
-2.29525945292343,0.192504307006309,-10.9207538545127,0.200746400002709,-0.108726757212933,-0.069525875685742
-2.38975498782343,0.0981201731913091,-11.1932329118227,0.208191794995709,-0.117033558531933,-0.071583197055342
-2.46062657938343,0.0745241397373091,-11.1932329118227,0.211914492491709,-0.118879514380933,-0.0763835986833419
-2.41337893114343,0.0509281062833091,-11.4657129228127,0.205399764422709,-0.116110580607933,-0.077069372473242
-2.05902025805343,0.216100355361309,-11.0569938600027,0.201677066925709,-0.107803779288933,-0.074326284764342
-1.79915735827343,0.357676556085309,-10.6482743203627,0.193301005009709,-0.0976510295709328,-0.0708974232654419
-1.79915735827343,0.334080537532309,-10.7845138490227,0.183994261268709,-0.0865752944790328,-0.072954737184542
-1.96452472315343,0.452060689901309,-10.6482743203627,0.184924943093709,-0.0930361399495328,-0.078440920053042
-2.22438762293343,0.192504307006309,-10.7845138490227,0.191439656261709,-0.100419963343933,-0.079812460182242
-2.38975498782343,0.121716221546309,-10.7845138490227,0.196093035582709,-0.109649735136933,-0.0818697815518419
-2.55512235270343,0.003736039375309,-11.0569938600027,0.200746400002709,-0.116110580607933,-0.0804982339720419
-2.69686577425343,-0.0670520684373909,-11.0569938600027,0.203538415673709,-0.117956536455933,-0.079126693842942
-2.48425052271343,-0.0198599940786909,-11.0569938600027,0.202607748750709,-0.117956536455933,-0.073640510974442
-2.53149840937343,-0.0670520684373909,-10.9207538545127,0.205399764422709,-0.118879514380933,-0.0763835986833419
-2.43700287447343,-0.0198599940786909,-10.7845138490227,0.204469097498709,-0.116110580607933,-0.077069372473242
-2.34250710116343,0.0273320728293091,-10.9207538545127,0.197954384330709,-0.109649735136933,-0.074326284764342
-2.43700287447343,-0.0198599940786909,-10.7845138490227,0.198885051253709,-0.111495690985933,-0.082555555341742
-2.48425052271343,-0.0670520684373909,-11.0569938600027,0.200746400002709,-0.112418668909933,-0.078440920053042
-2.24801156626343,-0.0434560349836909,-11.0569938600027,0.207261113170709,-0.118879514380933,-0.0722689708452419
-2.17713973627343,0.0273320728293091,-11.3294729173127,0.212845159414709,-0.122571426077933,-0.070211649475542
-2.31888315783343,-0.0906481018912909,-11.6019529283027,0.224943918827709,-0.131801190419933,-0.071583197055342
-2.53149840937343,-0.137840174387091,-12.0106719911127,0.234250662568709,-0.138262035890933,-0.0763835986833419
-2.50787446604343,-0.137840174387091,-11.7381929337927,0.236112026218709,-0.144722881360933,-0.0818697815518419
-2.27163550959343,0.0745241397373091,-11.8744319856127,0.227735949400709,-0.132724168344933,-0.0750120585541419
-2.03539631472343,0.216100355361309,-11.6019529283027,0.223082584980709,-0.129032271548933,-0.0708974232654419
-1.87002906905343,0.168908288454309,-11.6019529283027,0.218429205659709,-0.120725470228933,-0.0681543355565419
-1.84640512572343,0.216100355361309,-11.4657129228127,0.216567856911709,-0.117956536455933,-0.0667827879767419
-1.51567039595343,0.286888470624309,-11.6019529283027,0.211914492491709,-0.115187602682933,-0.060610838768942
-1.53929433928343,0.216100355361309,-11.3294729173127,0.212845159414709,-0.114264624758933,-0.063353926477942
-1.68103776083343,0.239696403716309,-11.3294729173127,0.211914492491709,-0.108726757212933,-0.063353926477942
-1.61016605006343,0.192504307006309,-11.1932329118227,0.212845159414709,-0.109649735136933,-0.0640397002678419
-1.56291828261343,0.286888470624309,-11.0569938600027,0.210053143743709,-0.106880801363933,-0.061982382623442
-1.46842262850343,0.263292422269309,-11.0569938600027,0.206330446246709,-0.103188889666933,-0.059925068704342
-1.42117486105343,0.263292422269309,-10.9207538545127,0.203538415673709,-0.0976510295709328,-0.058553521124642
-1.18493578539343,0.334080537532309,-10.9207538545127,0.199815733078709,-0.0948820957979328,-0.056496207205542
-1.09044013129343,0.428464701150309,-10.7845138490227,0.198885051253709,-0.0921131620251328,-0.055124663351042
-0.995944477183427,0.310484489177309,-10.7845138490227,0.195162353757709,-0.0884212503277328,-0.056496207205542
-1.13768789873343,0.381272604440309,-10.7845138490227,0.197023702505709,-0.0884212503277328,-0.061296612558842
-1.44479868517343,0.286888470624309,-10.9207538545127,0.203538415673709,-0.0967280516469328,-0.0722689708452419
-1.63378999338343,0.357676556085309,-11.3294729173127,0.207261113170709,-0.107803779288933,-0.0750120585541419
-1.96452472315343,0.286888470624309,-11.3294729173127,0.217498538736709,-0.118879514380933,-0.084612869260842
-2.01177237139343,0.263292422269309,-11.0569938600027,0.222151903155709,-0.125340359850933,-0.083927095470942
-2.15351579295343,0.216100355361309,-11.1932329118227,0.223082584980709,-0.129032271548933,-0.084612869260842
-2.12989208803343,0.168908288454309,-11.1932329118227,0.222151903155709,-0.130878227396933,-0.083927095470942
-1.98814866648343,0.0981201731913091,-10.9207538545127,0.224013251904709,-0.129032271548933,-0.079812460182242
-1.72828564749343,0.192504307006309,-10.9207538545127,0.210053143743709,-0.114264624758933,-0.069525875685742
-1.65741393671343,0.239696403716309,-10.7845138490227,0.205399764422709,-0.108726757212933,-0.064725474057642
-1.42117486105343,0.239696403716309,-10.5120343148727,0.200746400002709,-0.104111867590933,-0.058553521124642
-1.25580749617343,0.334080537532309,-10.5120343148727,0.196093035582709,-0.100419963343933,-0.051695801852242
-1.06681618796343,0.263292422269309,-10.1033152520627,0.189578307512709,-0.0939591178739328,-0.046209622709042
-1.01956842051343,0.310484489177309,-9.83083571791267,0.187716958764709,-0.0948820957979328,-0.040723443565842
-0.995944477183427,0.263292422269309,-9.96707524657267,0.178410215023709,-0.0921131620251328,-0.034551494358042
-0.806953288180427,0.216100355361309,-9.42211617827267,0.174687532428709,-0.0874982724034328,-0.030436859069342
-0.712457634074427,0.286888470624309,-9.28587664961267,0.171895501855709,-0.0847293386303328,-0.026322225643242
-0.641585923296427,0.263292422269309,-8.87715710997267,0.174687532428709,-0.0856523165547328,-0.022893364144442
-0.570714212519427,0.286888470624309,-8.46843757033267,0.170034153107709,-0.0838063607060328,-0.021521820289942
-0.570714212519427,0.357676556085309,-8.33219804167267,0.164450106862709,-0.0847293386303328,-0.020836048362742
-0.547090269190427,0.522848834966309,-7.92347850203267,0.147697983030709,-0.0764225447618328,-0.022893364144442
-0.476218558413427,0.475656738256309,-7.65099896788267,0.143044603708709,-0.0764225447618328,-0.022893364144442
-0.570714212519427,0.310484489177309,-7.10603989958267,0.147697983030709,-0.0782685006105328,-0.022893364144442
-0.570714212519427,0.310484489177309,-7.10603989958267,0.143975285533709,-0.0754995668375328,-0.020150274572842
-0.617961979967427,0.192504307006309,-6.56108083129267,0.140252588037709,-0.0782685006105328,-0.021521820289942
-0.712457634074427,0.239696403716309,-6.42484106421267,0.140252588037709,-0.0754995668375328,-0.022893364144442
-0.736081517798427,0.168908288454309,-6.56108083129267,0.140252588037709,-0.0828833827816328,-0.024950681788842
-0.995944477183427,0.003736039375309,-6.01612176299267,0.141183254960709,-0.0856523165547328,-0.031122630996542
-1.13768789873343,-0.0198599940786909,-5.87988175749267,0.140252588037709,-0.0865752944790328,-0.037294582067042
-1.35030315028343,-0.0670520684373909,-5.60740222334267,0.135599208716709,-0.0874982724034328,-0.042780761210242
-1.39755091772343,-0.0670520684373909,-5.33492268920267,0.130945844296709,-0.0865752944790328,-0.042094987420342
-1.35030315028343,-0.137840174387091,-5.06244315505267,0.131876511219709,-0.0939591178739328,-0.041409217355742
-1.25580749617343,-0.137840174387091,-4.78996362090267,0.126292479876709,-0.0911901841008328,-0.037294582067042
-0.830577171904427,-0.0906481018912909,-3.83628513217267,0.107678992394709,-0.0773455226861328,-0.024950681788842
-0.783329344851427,-0.0434560349836909,-3.70004536509367,0.103956294897709,-0.0718076551401328,-0.022207592217242
-0.806953288180427,-0.0906481018912909,-3.42756577134067,0.0955802255307092,-0.0644238317453328,-0.019464502645642
-0.877824998957427,-0.0906481018912909,-3.15508623719067,0.0974415742797092,-0.0690387213670328,-0.021521820289942
-0.806953288180427,-0.0906481018912909,-2.88260665833867,0.0946495511567092,-0.0644238317453328,-0.018778730718342
-0.759705461127427,-0.114244139070491,-2.88260665833867,0.0881348379887092,-0.0625778758966328,-0.015349869219542
-0.736081517798427,-0.161436209703691,-2.33764751553467,0.0844121404924092,-0.0607319274985328,-0.016035641146742
-0.688833750349427,-0.161436209703691,-2.20140774845967,0.0844121404924092,-0.0616549054228328,-0.015349869219542
-0.641585923296427,-0.114244139070491,-1.92892815470567,0.0751053967513092,-0.0579629937254328,-0.013292552506542
-0.641585923296427,-0.161436209703691,-1.65644862055267,0.0704520248808092,-0.0533481041037328,-0.013292552506542
-0.523466385466427,-0.137840174387091,-1.38396908640267,0.0639373117127092,-0.0524251261794328,-0.012606780579242
-0.523466385466427,-0.0670520684373909,-1.11148943305267,0.0602146142162092,-0.0515021482550328,-0.011921007720742
-0.523466385466427,-0.0670520684373909,-0.975249665972667,0.0518385448493092,-0.0413493948125328,-0.010549463866242
-0.428970761162427,-0.0434560349836909,-0.702770131822667,0.0481158510782092,-0.0413493948125328,-0.0098636910076819
-0.428970761162427,-0.0670520684373909,-0.566530364752667,0.0453238279559092,-0.0413493948125328,-0.010549463866242
-0.358099050385427,0.0509281062833091,-0.294050830602667,0.0416011304595092,-0.0431953506612328,-0.0071206023674119
-0.334475136858427,0.0273320728293091,-0.157811063522667,0.0360170879401092,-0.0404264168881328,-0.0084921462218819
-0.287227309805427,0.0273320728293091,-0.157811063522667,0.0341557391919092,-0.0385804610394328,-0.0071206023674119
-0.263603426081427,0.0509281062833091,-0.0215712964526671,0.0267103479244092,-0.0311966413700328,-0.0057490575816119
-0.192731700403427,0.0509281062833091,0.523388010267333,0.0248489991762092,-0.0311966413700328,-0.0057490575816119
-0.145483888251427,0.168908288454309,0.523388010267333,0.0211263016798092,-0.0302736634456328,-0.0030059684756719
-0.0982360760994267,0.168908288454309,0.659627777337333,0.0136809085496092,-0.0219668658518328,-0.0030059684756719
-0.0982360760994267,0.192504307006309,0.523388010267333,0.0080968641676091,-0.0191979339414328,-0.0023201960827819
-0.121859974724427,0.168908288454309,0.795867544417333,0.0099582129158091,-0.0201209118657328,-0.0030059684756719
-0.0509882639472267,0.192504307006309,0.795867544417333,0.0071661897935091,-0.0173519780927328,-0.0009486516462249
-0.0509882639472267,0.192504307006309,0.932107311487333,0.0071661897935091,-0.0155060241066328,0.001108665183228
-0.0982360760994267,0.145312240098309,0.932107311487333,0.0080968641676091,-0.0145830461823328,-0.0023201960827819
-0.0037404517953266,0.168908288454309,0.932107311487333,0.0071661897935091,-0.0145830461823328,-0.0009486516462249
0.0198834542805733,0.145312240098309,0.932107311487333,0.0062355172820091,-0.0136600682580328,-0.0016344239227119
0.0435073603565733,0.192504307006309,0.659627777337333,0.0053048429079091,-0.0136600682580328,-0.0009486516462249
-0.0037404517953266,0.0981201731913091,0.932107311487333,0.0053048429079091,-0.0118141124093328,-0.0030059684756719
-0.0273643578713267,0.121716221546309,0.932107311487333,0.0053048429079091,-0.0118141124093328,-0.0016344239227119
0.0198834542805733,0.168908288454309,0.932107311487333,0.0062355172820091,-0.0118141124093328,-0.0009486516462249
0.0435073603565733,0.121716221546309,1.06834707856733,0.0053048429079091,-0.0127370903336328,-0.0009486516462249
0.0435073603565733,0.145312240098309,0.795867544417333,0.0062355172820091,-0.0127370903336328,-0.0016344239227119
-0.0037404517953266,0.145312240098309,0.795867544417333,0.0034434941597091,-0.0090451804989328,-0.0009486516462249
-0.0273643578713267,0.168908288454309,0.932107311487333,0.0062355172820091,-0.0108911344849328,-0.0016344239227119
0.0198834542805733,0.145312240098309,0.932107311487333,0.0043741685338091,-0.0108911344849328,-0.0009486516462249
0.0435073603565733,0.0981201731913091,1.06834707856733,0.0062355172820091,-0.0136600682580328,-0.0016344239227119
0.0907551725084733,0.145312240098309,1.06834707856733,0.0062355172820091,-0.0145830461823328,-0.0009486516462249
0.0671312664325733,0.121716221546309,0.932107311487333,0.0062355172820091,-0.0155060241066328,-0.0009486516462249
0.0907551725084733,0.192504307006309,0.795867544417333,0.0043741685338091,-0.0145830461823328,-0.0009486516462249
0.0671312664325733,0.168908288454309,0.795867544417333,0.0034434941597091,-0.0145830461823328,-0.0023201960827819
0.0198834542805733,0.192504307006309,0.932107311487333,0.0053048429079091,-0.0118141124093328,-0.0009486516462249
0.0435073603565733,0.168908288454309,1.06834707856733,0.0053048429079091,-0.0127370903336328,-0.0016344239227119
0.0671312664325733,0.145312240098309,0.932107311487333,0.0043741685338091,-0.0127370903336328,-0.0009486516462249
0.0671312664325733,0.168908288454309,0.932107311487333,0.0053048429079091,-0.0127370903336328,-0.0009486516462249
0.0198834542805733,0.0745241397373091,1.06834707856733,0.0071661897935091,-0.0136600682580328,-0.0023201960827819
0.0435073603565733,0.0745241397373091,0.932107311487333,0.0071661897935091,-0.0155060241066328,-0.0016344239227119
-0.0037404517953266,0.0745241397373091,0.795867544417333,0.0043741685338091,-0.0118141124093328,-0.0002628793697419
0.0198834542805733,0.121716221546309,0.795867544417333,0.0043741685338091,-0.0118141124093328,-0.0009486516462249
0.0435073603565733,0.145312240098309,0.795867544417333,0.0043741685338091,-0.0155060241066328,-0.0002628793697419
-0.0273643578713267,0.168908288454309,0.932107311487333,0.0062355172820091,-0.0145830461823328,-0.0016344239227119
0.0435073603565733,0.145312240098309,0.523388010267333,0.0015821454115091,-0.0136600682580328,0.000422892906741
-0.0273643578713267,0.145312240098309,0.795867544417333,0.0043741685338091,-0.0127370903336328,-0.0016344239227119
0.0198834542805733,0.192504307006309,0.795867544417333,0.0043741685338091,-0.0145830461823328,-0.0009486516462249
-0.0273643578713267,0.239696403716309,0.932107311487333,0.0034434941597091,-0.0099681584232328,-0.0002628793697419
-0.0273643578713267,0.192504307006309,0.659627777337333,0.0034434941597091,-0.0099681584232328,-0.0009486516462249
-0.0509882639472267,0.192504307006309,0.659627777337333,0.0006514719687091,-0.0053532697328328,-0.0002628793697419
-0.0509882639472267,0.0981201731913091,0.795867544417333,0.0034434941597091,-0.0118141124093328,-0.0002628793697419
-0.0273643578713267,0.121716221546309,0.795867544417333,0.0053048429079091,-0.0155060241066328,-0.0023201960827819
-0.0509882639472267,0.239696403716309,0.523388010267333,0.0006514719687091,-0.0118141124093328,0.000422892906741
0.0198834542805733,0.216100355361309,0.795867544417333,0.0043741685338091,-0.0155060241066328,-0.0016344239227119
-0.0273643578713267,0.168908288454309,0.932107311487333,0.0034434941597091,-0.0136600682580328,-0.0023201960827819
-0.0509882639472267,0.263292422269309,0.932107311487333,0.0025128197856091,-0.0118141124093328,-0.0009486516462249
-0.0982360760994267,0.239696403716309,0.523388010267333,0.0006514719687091,-0.0118141124093328,-0.0002628793697419
0.0435073603565733,0.263292422269309,0.659627777337333,0.0025128197856091,-0.0127370903336328,-0.0009486516462249
-0.0037404517953266,0.216100355361309,0.795867544417333,0.0006514719687091,-0.0108911344849328,-0.0002628793697419
-0.0746121700234267,0.168908288454309,0.932107311487333,0.0053048429079091,-0.0164290001683328,-0.0016344239227119
-0.0273643578713267,0.168908288454309,0.795867544417333,0.0071661897935091,-0.0164290001683328,-0.0030059684756719
-0.0982360760994267,0.216100355361309,0.387148004767333,0.0025128197856091,-0.0118141124093328,-0.0023201960827819
-0.0509882639472267,0.216100355361309,0.659627777337333,0.0006514719687091,-0.0090451804989328,-0.0002628793697419
-0.121859974724427,0.145312240098309,0.659627777337333,0.0043741685338091,-0.0118141124093328,-0.0016344239227119
-0.0509882639472267,0.192504307006309,0.932107311487333,0.0034434941597091,-0.0127370903336328,-0.0009486516462249
-0.0509882639472267,0.145312240098309,0.932107311487333,0.0034434941597091,-0.0155060241066328,-0.0016344239227119
-0.0509882639472267,0.168908288454309,0.795867544417333,0.0043741685338091,-0.0155060241066328,-0.0016344239227119
-0.0509882639472267,0.145312240098309,0.932107311487333,0.0062355172820091,-0.0155060241066328,-0.0009486516462249
-0.0037404517953266,0.168908288454309,0.659627777337333,0.0034434941597091,-0.0127370903336328,-0.0002628793697419
-0.0746121700234267,0.145312240098309,0.795867544417333,0.0062355172820091,-0.0173519780927328,-0.0009486516462249
-0.0509882639472267,0.121716221546309,0.795867544417333,0.0043741685338091,-0.0155060241066328,-0.0002628793697419
-0.0982360760994267,0.0273320728293091,0.795867544417333,0.0080968641676091,-0.0173519780927328,-0.0016344239227119
-0.0273643578713267,0.0745241397373091,0.795867544417333,0.0062355172820091,-0.0164290001683328,-0.0009486516462249
-0.0509882639472267,0.121716221546309,0.795867544417333,0.0062355172820091,-0.0164290001683328,-0.0009486516462249
-0.121859974724427,0.0981201731913091,0.795867544417333,0.0043741685338091,-0.0118141124093328,-0.0009486516462249
-0.0509882639472267,0.168908288454309,0.932107311487333,0.0043741685338091,-0.0136600682580328,-0.0009486516462249
-0.0982360760994267,0.0981201731913091,0.795867544417333,0.0043741685338091,-0.0127370903336328,-0.0002628793697419
-0.0746121700234267,0.145312240098309,0.795867544417333,0.0034434941597091,-0.0145830461823328,-0.0016344239227119
-0.0273643578713267,0.145312240098309,0.932107311487333,0.0043741685338091,-0.0136600682580328,-0.0009486516462249
-0.0273643578713267,0.121716221546309,0.932107311487333,0.0034434941597091,-0.0155060241066328,-0.0009486516462249
-0.0982360760994267,0.121716221546309,0.387148004767333,0.0015821454115091,-0.0118141124093328,0.001108665183228
-0.0746121700234267,0.0745241397373091,0.659627777337333,0.0025128197856091,-0.0127370903336328,-0.0009486516462249
-0.0746121700234267,0.0509281062833091,0.795867544417333,0.0071661897935091,-0.0164290001683328,-0.0009486516462249
