x,y,z,q0,q1,q2,q3
0.753868877888,-0.0118032433093,0.94692337513,0.0535786747932,-0.0537012815475,0.550827980042,-0.831164300442
0.75410503149,-0.0117137990892,0.947060346603,0.0549566783011,-0.0547736287117,0.553271055222,-0.829379737377
0.754276812077,-0.0115405991673,0.947145462036,0.0534648485482,-0.0538968220353,0.555467486382,-0.828065574169
0.754342913628,-0.0113393496722,0.94715988636,0.0536963380873,-0.0540866665542,0.557934045792,-0.826378166676
0.754352986813,-0.0111877946183,0.947190284729,0.053364995867,-0.0548665300012,0.560301840305,-0.824744641781
0.754509270191,-0.0110577661544,0.947293579578,0.0557092092931,-0.055428981781,0.563381314278,-0.822450935841
0.754646599293,-0.0108573688194,0.947380065918,0.0529890358448,-0.0560382679105,0.565060675144,-0.821436703205
0.754824221134,-0.0107382498682,0.947486817837,0.0554027743638,-0.0552758984268,0.56829637289,-0.819093585014
0.754818558693,-0.0104342531413,0.947384893894,0.0549105890095,-0.0566235929728,0.570956647396,-0.81718236208
0.754894375801,-0.0102813448757,0.94750469923,0.0551027618349,-0.0570886060596,0.573334097862,-0.8154707551
0.755132138729,-0.0100629739463,0.947545468807,0.0523673780262,-0.0578934513032,0.575000822544,-0.814420163631
0.755298376083,-0.00980468466878,0.947583019733,0.0521829016507,-0.0582936555147,0.577777087688,-0.812436103821
0.755487501621,-0.00960252340883,0.947627663612,0.0516834892333,-0.0586643069983,0.58025342226,-0.810674548149
0.755739569664,-0.00930975563824,0.947662889957,0.0508810319006,-0.0593381933868,0.582716226578,-0.808907866478
0.755869328976,-0.00902551691979,0.947726428509,0.053514264524,-0.0607139803469,0.586027264595,-0.806239545345
0.756111741066,-0.00868773739785,0.947784364223,0.0520495437086,-0.0603709332645,0.588461875916,-0.804586112499
0.756270468235,-0.0083630848676,0.947897493839,0.0516267642379,-0.0606860518456,0.591036021709,-0.802700638771
0.756529808044,-0.00804474018514,0.947978317738,0.0487119480968,-0.0612534098327,0.592788815498,-0.80154633522
0.756760179996,-0.00769922183827,0.947988212109,0.0491023026407,-0.062718808651,0.595442533493,-0.799439489841
0.756957948208,-0.00735837500542,0.948002934456,0.0484146550298,-0.0625782683492,0.59807407856,-0.797525763512
0.756713926792,-0.00727019319311,0.948285400867,0.0493992306292,-0.0642425790429,0.60082501173,-0.795262217522
0.757107317448,-0.00675918441266,0.948244512081,0.0492306388915,-0.0655717179179,0.603455543518,-0.793169617653
0.75731921196,-0.00666165957227,0.948317229748,0.0493600107729,-0.0654131993651,0.605873823166,-0.791329085827
0.757634580135,-0.00620465353131,0.948286354542,0.0465704165399,-0.0647775903344,0.607414126396,-0.790368974209
0.757758677006,-0.00611108634621,0.948349356651,0.0469662807882,-0.0654755011201,0.609716951847,-0.788512766361
0.757936298847,-0.00583334080875,0.94839912653,0.0463687703013,-0.0661062821746,0.611805021763,-0.786876440048
0.758266091347,-0.00560054648668,0.948433756828,0.0464486852288,-0.0663102269173,0.614326417446,-0.784887671471
0.75846016407,-0.00536796404049,0.948460817337,0.0465678945184,-0.0666984245181,0.617642402649,-0.782240748405
0.759359896183,-0.00543929263949,0.948969125748,0.0453604981303,-0.0655004531145,0.620212554932,-0.780377149582
0.759516358376,-0.00518130883574,0.949015378952,0.04504577443,-0.0658579021692,0.622419059277,-0.778606534004
0.759848058224,-0.00494893500581,0.949155628681,0.0439140796661,-0.0663259550929,0.626429736614,-0.775408506393
0.759848058224,-0.00494893500581,0.949155628681,0.0439140796661,-0.0663259550929,0.626429736614,-0.775408506393
0.760096430779,-0.00461985450238,0.949113249779,0.0433162786067,-0.0662410780787,0.628916859627,-0.773433566093
0.76025301218,-0.00441887183115,0.949152588844,0.0427725762129,-0.0665544271469,0.631168007851,-0.771600961685
0.760328829288,-0.00443019904196,0.949240744114,0.0429403856397,-0.0670761689544,0.633230507374,-0.769854545593
0.760494410992,-0.0040554665029,0.949226915836,0.0421938598156,-0.0676351338625,0.635198950768,-0.768223702908
0.760632634163,-0.00384470215067,0.94923967123,0.0409890078008,-0.0680846944451,0.636159956455,-0.767453491688
0.760729849339,-0.00382725242525,0.949313759804,0.0412296056747,-0.0680911168456,0.638023972511,-0.765891075134
0.760795116425,-0.00381012959406,0.949419379234,0.0382882803679,-0.0674535036087,0.640286803246,-0.764209985733
0.76094776392,-0.00350212538615,0.949349284172,0.0375723354518,-0.0682459101081,0.642374098301,-0.762421369553
0.760934233665,-0.00352409342304,0.949426233768,0.0379043072462,-0.0682857632637,0.643986701965,-0.761039674282
0.761067688465,-0.00332733709365,0.949412465096,0.0409907251596,-0.0704491436481,0.645482122898,-0.759413897991
0.761192917824,-0.00314833037555,0.94942933321,0.0375459641218,-0.0692334771156,0.647424936295,-0.758048832417
0.761288762093,-0.0030405074358,0.94942432642,0.0406318977475,-0.0713893771172,0.648415207863,-0.756842374802
0.761404454708,-0.00296067399904,0.949382245541,0.0398816876113,-0.0717833638191,0.649734795094,-0.755712449551
0.761582314968,-0.00280325673521,0.949336051941,0.0394438579679,-0.0722028166056,0.651209294796,-0.754425168037
0.761731028557,-0.00249642552808,0.949291348457,0.0361923091114,-0.0715698972344,0.653089821339,-0.753021657467
0.761794805527,-0.0023849317804,0.949304938316,0.0354412272573,-0.0719991698861,0.654136359692,-0.75210750103
0.761786460876,-0.00228476058692,0.949330568314,0.0360310077667,-0.0723942443728,0.655391573906,-0.750947833061
0.76184874773,-0.00230451952666,0.949423789978,0.0355295017362,-0.0727323815227,0.656440019608,-0.750022888184
0.762536048889,-0.00243209535256,0.949770331383,0.0345548316836,-0.0718713775277,0.657560050488,-0.749169826508
0.762645661831,-0.00234349025413,0.949765264988,0.0348661951721,-0.0722342133522,0.658798515797,-0.748031556606
0.762690901756,-0.00228544510901,0.94974386692,0.0354885198176,-0.0726655051112,0.659733593464,-0.747135818005
0.762740194798,-0.00231040036306,0.949736893177,0.0354604236782,-0.072894975543,0.660476446152,-0.746458292007
0.762691259384,-0.00237091537565,0.949640452862,0.0374365262687,-0.0746134668589,0.660637497902,-0.74604922533
0.762682676315,-0.00237162830308,0.949630320072,0.0376573093235,-0.0749352425337,0.661370098591,-0.745356500149
0.762616336346,-0.00244310358539,0.9495844841,0.0371552184224,-0.0754492357373,0.661810517311,-0.744938671589
0.762607455254,-0.0024986602366,0.949559628963,0.0352392718196,-0.0749418213964,0.663219451904,-0.743829190731
0.762607455254,-0.0024986602366,0.949559628963,0.0352392718196,-0.0749418213964,0.663219451904,-0.743829190731
0.762591958046,-0.0025220066309,0.949538111687,0.0356750711799,-0.0750740244985,0.663761675358,-0.743311345577
0.762569904327,-0.0025906804949,0.949519693851,0.0358380563557,-0.0753498449922,0.664177894592,-0.742903590202
0.762548685074,-0.00265566259623,0.949494957924,0.0356559306383,-0.0757439211011,0.664648413658,-0.742451488972
0.76253592968,-0.00278166448697,0.949522197247,0.0361467413604,-0.0756447613239,0.664959430695,-0.742159247398
0.762448966503,-0.00287719909102,0.949505865574,0.0367292836308,-0.077360637486,0.665128111839,-0.741802632809
0.762457609177,-0.00296209845692,0.949493646622,0.0369058065116,-0.0773166641593,0.665444791317,-0.741514205933
0.762404024601,-0.00306003075093,0.949469506741,0.0372279770672,-0.0775717720389,0.665554046631,-0.741373419762
0.762349784374,-0.00318844383582,0.949446022511,0.0383063368499,-0.0782304108143,0.66510695219,-0.741650521755
0.762286424637,-0.003331346903,0.949383974075,0.039362680167,-0.0785393863916,0.665429890156,-0.741272687912
0.762172043324,-0.00347642041743,0.949375629425,0.0394191592932,-0.0777778550982,0.665480315685,-0.741304755211
0.762106478214,-0.00368691468611,0.94934129715,0.0377617329359,-0.0776143595576,0.665763378143,-0.74115395546
0.762032747269,-0.00383099028841,0.949327468872,0.0382403992116,-0.0782984420657,0.66581684351,-0.741009414196
0.761937260628,-0.00401721568778,0.949331581593,0.0390195809305,-0.0784742161632,0.666038990021,-0.740750551224
0.762023568153,-0.00403033103794,0.94934117794,0.0390665344894,-0.0800291374326,0.665769279003,-0.740824043751
0.761968135834,-0.00420363340527,0.949317753315,0.0386459305882,-0.0805346518755,0.665508449078,-0.741025865078
0.761793732643,-0.00445006741211,0.949255645275,0.0387714877725,-0.079940199852,0.665389418602,-0.741190433502
0.761741518974,-0.00467597739771,0.949263632298,0.0390799753368,-0.0801686048508,0.66524875164,-0.741275846958
0.761641383171,-0.0049019199796,0.94925904274,0.0393637493253,-0.0804871469736,0.664970338345,-0.741476118565
0.761576414108,-0.00513824215159,0.949234306812,0.0390542931855,-0.0808411091566,0.664512217045,-0.741864740849
0.761524736881,-0.00537586398423,0.949212312698,0.0393426679075,-0.0811950340867,0.664278388023,-0.742020130157
0.761444985867,-0.00566479563713,0.949176907539,0.0395781248808,-0.0813439339399,0.664029359818,-0.742214202881
0.761415421963,-0.00598902674392,0.949126183987,0.0393670387566,-0.0814205035567,0.663557529449,-0.742638885975
0.761255979538,-0.00638332683593,0.949068188667,0.0407523848116,-0.0818503350019,0.663316071033,-0.742732465267
0.761094808578,-0.00665141968057,0.949025511742,0.0403767749667,-0.0823737233877,0.662753343582,-0.74319756031
0.761003553867,-0.00698486948386,0.949020206928,0.0416809953749,-0.0825758576393,0.662815392017,-0.743047654629
0.760435760021,-0.00701126409695,0.948664903641,0.0417170375586,-0.0836664885283,0.662075638771,-0.743582904339
0.760371923447,-0.0073746717535,0.948622226715,0.0415444150567,-0.0842822268605,0.661330282688,-0.744186043739
0.760274469852,-0.00780618330464,0.94860714674,0.042678385973,-0.0842646062374,0.661012232304,-0.744406402111
0.760206341743,-0.00819885637611,0.948586344719,0.0422378368676,-0.084703668952,0.660498917103,-0.744837164879
0.760135650635,-0.00876578502357,0.948547303677,0.0450088120997,-0.0850355401635,0.659947395325,-0.745126008987
0.760123610497,-0.00912010855973,0.948498129845,0.0435854867101,-0.0849530473351,0.659848868847,-0.745307087898
0.759927749634,-0.00970013160259,0.948372364044,0.0446896217763,-0.0853260606527,0.659513950348,-0.74549561739
0.759879887104,-0.010230589658,0.948346078396,0.0458477176726,-0.0850167274475,0.659275531769,-0.745671510696
0.759832084179,-0.0107163786888,0.948334217072,0.0453153289855,-0.0853281244636,0.658667266369,-0.746205747128
0.759744524956,-0.0112007679418,0.948326826096,0.0457075946033,-0.0855750516057,0.658100068569,-0.746653974056
0.759676218033,-0.0117216482759,0.948292195797,0.0455436185002,-0.0858780890703,0.65725260973,-0.747375249863
0.759628415108,-0.0122607853264,0.948202550411,0.0470527485013,-0.0859175920486,0.657371044159,-0.747173011303
0.75965076685,-0.012663888745,0.948142051697,0.0470267683268,-0.0861848890781,0.657017111778,-0.747455179691
0.759448826313,-0.0140960868448,0.948129475117,0.0473437309265,-0.0865525007248,0.655663907528,-0.748580157757
0.759448826313,-0.0140960868448,0.948129475117,0.0473437309265,-0.0865525007248,0.655663907528,-0.748580157757
0.759497702122,-0.0145983900875,0.948095262051,0.047652605921,-0.0867344215512,0.655236124992,-0.748913884163
0.759571790695,-0.0151486173272,0.947982430458,0.0467223264277,-0.0867680087686,0.654730319977,-0.749410808086
0.759468615055,-0.0160120148212,0.948000788689,0.0483173578978,-0.086467333138,0.654257416725,-0.749757349491
0.75935035944,-0.0166660249233,0.947966992855,0.0486413836479,-0.0864837616682,0.653750419617,-0.750176727772
0.759233176708,-0.0174924097955,0.947857379913,0.0500298961997,-0.0866914168,0.653429806232,-0.750340759754
0.759209752083,-0.0182744413614,0.947763264179,0.0495132096112,-0.0867599621415,0.652763128281,-0.750947058201
0.759095847607,-0.0189975369722,0.947709798813,0.0498299710453,-0.0869628712535,0.652274310589,-0.75132727623
0.759129285812,-0.0197847057134,0.947648942471,0.0501358062029,-0.0868702977896,0.651875436306,-0.751663804054
0.759224057198,-0.0203814785928,0.947562932968,0.049759157002,-0.086909212172,0.651140749454,-0.752320885658
0.758365392685,-0.020926348865,0.946847200394,0.0505743175745,-0.0887562260032,0.650525450706,-0.752583086491
0.758998632431,-0.0223072152585,0.947372853756,0.0510166622698,-0.0870961621404,0.650302410126,-0.752939879894
0.759036839008,-0.0229186490178,0.947249650955,0.0523991435766,-0.0876071825624,0.649307131767,-0.753644287586
0.758946418762,-0.0239463038743,0.947250843048,0.0518790259957,-0.086794577539,0.649466812611,-0.753636598587
0.75898462534,-0.0248299520463,0.947202205658,0.0521969869733,-0.0869258269668,0.649007320404,-0.753995358944
0.759105801582,-0.0255798324943,0.947043538094,0.0518526621163,-0.0869466140866,0.648797333241,-0.754197359085
0.759081304073,-0.0263656768948,0.947007417679,0.0535994581878,-0.0877876579762,0.647645175457,-0.754967689514
0.758930325508,-0.0275936201215,0.946969628334,0.0528525412083,-0.0874937325716,0.647348403931,-0.75530898571
0.75905174017,-0.028359470889,0.946839272976,0.0529813244939,-0.0876386761665,0.647188425064,-0.755420088768
0.759070336819,-0.0292756389827,0.946817934513,0.0527481436729,-0.0875092446804,0.64662450552,-0.755934298038
0.759066700935,-0.0303755141795,0.946849882603,0.0537345893681,-0.0875385925174,0.646192252636,-0.756230950356
0.759213387966,-0.0312708467245,0.946637630463,0.053547795862,-0.0875995606184,0.645891785622,-0.756493806839
0.759297311306,-0.0323440022767,0.946660578251,0.0550679117441,-0.0880242958665,0.644660711288,-0.757384896278
0.759286880493,-0.0334588363767,0.946559667587,0.0543198548257,-0.0880500003695,0.644914925098,-0.757219552994
0.759517848492,-0.0342892594635,0.946377038956,0.0535286031663,-0.0879521295428,0.64440459013,-0.757721543312
0.759750306606,-0.0353204868734,0.946370005608,0.0538390353322,-0.0880232974887,0.644293785095,-0.757785439491
0.759891986847,-0.03635141626,0.946310639381,0.0556248016655,-0.0885256677866,0.64325606823,-0.758479297161
0.760350823402,-0.0386671982706,0.94623529911,0.0535580180585,-0.0877329856157,0.643210887909,-0.758758425713
0.760350823402,-0.0386671982706,0.94623529911,0.0535580180585,-0.0877329856157,0.643210887909,-0.758758425713
0.760598182678,-0.0394877940416,0.946068644524,0.053861502558,-0.0877475515008,0.64317303896,-0.7587672472
0.76088321209,-0.0405329950154,0.94595348835,0.0531007535756,-0.087787553668,0.643041491508,-0.758927702904
0.760576188564,-0.0412827655673,0.945377707481,0.052968621254,-0.0895055904984,0.642773926258,-0.758962929249
0.761602878571,-0.0429163463414,0.945856511593,0.0523414351046,-0.0875751376152,0.642800331116,-0.75920933485
0.762041687965,-0.043852891773,0.945821166039,0.0515356995165,-0.087265945971,0.642681181431,-0.759400844574
0.762496054173,-0.0448228418827,0.945709526539,0.0525555610657,-0.0875430852175,0.642150998116,-0.759747505188
0.762840807438,-0.0460110157728,0.945704221725,0.0506723932922,-0.087713599205,0.642916440964,-0.759208261967
0.763465106487,-0.0468775257468,0.94552218914,0.0483508072793,-0.087212048471,0.642813682556,-0.759504318237
0.763937652111,-0.0479168705642,0.945453822613,0.0497498437762,-0.0877261757851,0.642821729183,-0.759347975254
0.76381200552,-0.0483594834805,0.944738149643,0.0490022599697,-0.0895653963089,0.643163859844,-0.758892059326
0.765107393265,-0.0499431267381,0.945220947266,0.0463771186769,-0.0872739478946,0.644099473953,-0.758530378342
0.765735208988,-0.050997979939,0.945176839828,0.0451877564192,-0.0873560011387,0.644602417946,-0.758165359497
0.766264975071,-0.0520743913949,0.945158720016,0.0437854938209,-0.0873720273376,0.644872486591,-0.758016109467
0.766258537769,-0.0524853691459,0.944417774677,0.0425812862813,-0.0891044735909,0.645265817642,-0.75754827261
0.766972899437,-0.053490255028,0.944368362427,0.0413848012686,-0.0890418738127,0.645765721798,-0.757195830345
0.767684936523,-0.0544565245509,0.944360494614,0.041975043714,-0.0893072038889,0.645919322968,-0.757001101971
0.769101083279,-0.0558190047741,0.944918394089,0.038234654814,-0.0872933492064,0.647440135479,-0.756134450436
0.769803464413,-0.0567304715514,0.944965064526,0.0362662672997,-0.0912171602249,0.647808849812,-0.755452036858
0.770600259304,-0.0574893280864,0.945088267326,0.0364802256227,-0.092114649713,0.648551464081,-0.754695355892
0.771458506584,-0.0583627335727,0.945204377174,0.032607819885,-0.091577783227,0.650145590305,-0.75356554985
0.771398901939,-0.0587315410376,0.94461786747,0.0301278233528,-0.0935669764876,0.650476455688,-0.753138780594
0.772244334221,-0.0595833808184,0.944742918015,0.0283313747495,-0.0908285006881,0.651530206203,-0.75263273716
0.774843811989,-0.0603077486157,0.944995820522,0.0232359152287,-0.0879274383187,0.654012918472,-0.750996649265
0.775821387768,-0.0610769838095,0.945195615292,0.0203489474952,-0.0917585194111,0.655225038528,-0.749564230442
0.776625275612,-0.0616279505193,0.945386648178,0.0182164367288,-0.0891593471169,0.656963348389,-0.748410224915
0.777486741543,-0.0622869431973,0.945591032505,0.0181505531073,-0.0914977490902,0.65771061182,-0.747472763062
0.77778673172,-0.0623906925321,0.94498026371,0.0153670394793,-0.0933306068182,0.658990383148,-0.746180355549
0.779111087322,-0.0631970614195,0.945382833481,0.0109132640064,-0.0921853259206,0.661403119564,-0.74426394701
0.780233085155,-0.064019203186,0.945925354958,0.00985227804631,-0.0911281257868,0.662551939487,-0.743386566639
0.781121551991,-0.0646366998553,0.946339428425,0.00835545547307,-0.0914202407002,0.664763510227,-0.741392016411
0.780715763569,-0.0644986778498,0.945704221725,0.00549211446196,-0.0940950959921,0.666288852692,-0.739712774754
0.78151935339,-0.0651304349303,0.946036338806,0.00542090646923,-0.0951318666339,0.668075919151,-0.737966895103
0.782449781895,-0.0657658055425,0.946612238884,0.00169763027225,-0.0935017615557,0.669130802155,-0.737237095833
0.783080339432,-0.0663295909762,0.947007477283,0.00229944451712,-0.0946405231953,0.671020627022,-0.735370099545
0.783379554749,-0.0665297210217,0.947193622589,0.000725606631022,-0.0942761823535,0.671161651611,-0.735291481018
0.783788204193,-0.0667020455003,0.94729244709,0.000414666399593,-0.0957123935223,0.672198474407,-0.734158158302
0.784024655819,-0.0668114572763,0.947390139103,-0.00203365180641,-0.0947159454226,0.673328518867,-0.733248591423
0.784130454063,-0.0668402612209,0.947519361973,-0.00384677643888,-0.096143476665,0.674216091633,-0.732239305973
0.783631086349,-0.0663670599461,0.947099208832,-0.00466790562496,-0.0967047736049,0.674908876419,-0.731522023678
0.783704459667,-0.066284917295,0.947164058685,-0.00537453917786,-0.0968051254749,0.675467133522,-0.730988502502
0.783452808857,-0.0658972635865,0.947033762932,-0.00407949788496,-0.0975810587406,0.675316333771,-0.731032967567
0.783439040184,-0.0657043904066,0.947045505047,-0.00449110008776,-0.0977134406567,0.675367176533,-0.730965971947
0.783422589302,-0.0654694661498,0.947043418884,-0.00465334020555,-0.0974104404449,0.675652980804,-0.730741143227
0.783324718475,-0.0652321055532,0.947045207024,-0.00694609247148,-0.0970728769898,0.675574064255,-0.730840921402
0.782905519009,-0.0649094060063,0.946899056435,-0.00624781334773,-0.100027121603,0.675448834896,-0.73056447506
0.783845424652,-0.0653389617801,0.947708189487,-0.00660490617156,-0.0936625301838,0.676067173481,-0.730833053589
0.783632278442,-0.0649470835924,0.9476608634,-0.00396969448775,-0.093726105988,0.675814688206,-0.731077373028
0.783404231071,-0.0644158050418,0.947599470615,-0.0040388177149,-0.0944469720125,0.676046252251,-0.730770051479
0.782801628113,-0.0636848434806,0.947306215763,-0.00330829690211,-0.0985784083605,0.675074696541,-0.731126189232
0.781655967236,-0.0627268850803,0.946545779705,0.000661099154968,-0.100267954171,0.673986911774,-0.731906950474
0.782330572605,-0.0628852471709,0.947052001953,0.00153345800936,-0.093900591135,0.673910439014,-0.732819974422
0.781605124474,-0.0619763359427,0.946626424789,0.000532304693479,-0.0938387066126,0.673663675785,-0.73305618763
0.781273603439,-0.0616175867617,0.946594297886,0.00191828119569,-0.0937745943666,0.672947704792,-0.733719289303
0.780453443527,-0.0606098584831,0.946215689182,0.00601198803633,-0.0947519615293,0.671694517136,-0.734719276428
0.779326498508,-0.0592972412705,0.945402860641,0.005837272387,-0.0991088151932,0.671084105968,-0.734703779221
0.779051840305,-0.0587288141251,0.945234835148,0.00662130350247,-0.0948739796877,0.670376837254,-0.735900938511
0.77908885479,-0.0583106018603,0.945513486862,0.0101349269971,-0.0969323068857,0.669669151306,-0.736236810684
0.778580665588,-0.0573521479964,0.945288479328,0.00990676321089,-0.0925511792302,0.669382631779,-0.737063884735
0.777549624443,-0.0562900006771,0.944749593735,0.0137048726901,-0.0933951660991,0.667776882648,-0.738351881504
0.776579141617,-0.0550829768181,0.944159626961,0.0154751790687,-0.0941934585571,0.667202293873,-0.738734841347
0.776477456093,-0.0543949902058,0.944545388222,0.0148336812854,-0.0922281369567,0.667245686054,-0.738956868649
0.775899589062,-0.0534440837801,0.944417238235,0.0180402528495,-0.0920884758234,0.665902972221,-0.740113258362
0.775567948818,-0.0527567453682,0.944532096386,0.019438393414,-0.090959072113,0.665427923203,-0.740644514561
0.774767398834,-0.0516485236585,0.944532096386,0.0190035589039,-0.0907999500632,0.665254890919,-0.74083083868
0.773897171021,-0.0500770136714,0.94404065609,0.0217337775975,-0.0932184606791,0.663934409618,-0.741639435291
0.773351848125,-0.0489669926465,0.943931221962,0.0226653926075,-0.093050070107,0.663281738758,-0.742216467857
0.772814393044,-0.0477460175753,0.943917572498,0.0212872102857,-0.0919382721186,0.66316819191,-0.742497265339
0.773067235947,-0.0468832999468,0.944282054901,0.0213675852865,-0.0895510092378,0.662892580032,-0.743032693863
0.770968317986,-0.0456655956805,0.94432169199,0.0266886409372,-0.0931228548288,0.660332083702,-0.744699656963
0.770732700825,-0.0444062501192,0.944265842438,0.0252723004669,-0.092153519392,0.660334527493,-0.744867384434
0.770497500896,-0.0423152260482,0.943273544312,0.026061732322,-0.0930150449276,0.659874498844,-0.74514067173
0.769612252712,-0.0416645146906,0.944166302681,0.0270190984011,-0.092050857842,0.658392608166,-0.746535897255
0.769146263599,-0.0399745032191,0.9441832304,0.0265833940357,-0.0938496813178,0.658742666245,-0.746018588543
0.768593966961,-0.0386916026473,0.944254755974,0.0272136703134,-0.0939450934529,0.658045530319,-0.746598780155
0.767222583294,-0.0367398262024,0.943665504456,0.0298412032425,-0.100110113621,0.656691670418,-0.746889233589
0.766812622547,-0.0350312851369,0.943903028965,0.0277328193188,-0.0970833897591,0.656757175922,-0.747312366962
0.766902565956,-0.0340568013489,0.944681107998,0.0280249696225,-0.0955758094788,0.656594157219,-0.747638940811
0.765666842461,-0.0323075912893,0.944420874119,0.0308291614056,-0.0980199277401,0.654878914356,-0.748715817928
0.764287471771,-0.0303204040974,0.943956971169,0.0299416538328,-0.101287215948,0.654485046864,-0.748661220074
0.764469385147,-0.0296035073698,0.944740951061,0.0302008409053,-0.0982190594077,0.654149949551,-0.74935233593
0.763765215874,-0.0281135030091,0.944842875004,0.0310008637607,-0.0979723930359,0.652570068836,-0.750728189945
0.763265609741,-0.0265434272587,0.944933891296,0.0308170821518,-0.10322894156,0.652948915958,-0.749701142311
0.762416362762,-0.0250616855919,0.944897174835,0.0315952152014,-0.103988848627,0.652264475822,-0.750159323215
0.76184207201,-0.0236542671919,0.945039093494,0.0303930304945,-0.0995469242334,0.651514232159,-0.751462459564
0.760452032089,-0.0216390248388,0.944329023361,0.0306800175458,-0.10556691885,0.650561749935,-0.751454472542
0.760522246361,-0.020662182942,0.944974482059,0.0320053063333,-0.105200737715,0.649604380131,-0.752278387547
0.759076356888,-0.0188435427845,0.944314181805,0.0336781144142,-0.107612736523,0.648369669914,-0.752929151058
0.759155929089,-0.0178122669458,0.944798946381,0.0328983068466,-0.106264844537,0.648260176182,-0.753249049187
0.758365035057,-0.0166314691305,0.944899201393,0.0340773314238,-0.106818467379,0.647484242916,-0.753785669804
0.75762295723,-0.0154318548739,0.944878637791,0.0344957746565,-0.103037960827,0.646897435188,-0.754795968533
0.757021844387,-0.0139020681381,0.944824337959,0.0343312136829,-0.10387609154,0.646003425121,-0.755454063416
0.756415069103,-0.0125935915858,0.944959163666,0.0352191217244,-0.104129366577,0.645291626453,-0.755986452103
0.755567669868,-0.0115979667753,0.945087969303,0.0359697528183,-0.104471571743,0.644308567047,-0.75674200058
0.754898905754,-0.0104158595204,0.945084631443,0.0386368520558,-0.105067968369,0.642677605152,-0.757913827896
0.754199206829,-0.00922237895429,0.945144295692,0.038122817874,-0.105682738125,0.642515778542,-0.757991671562
0.753716409206,-0.00804757885635,0.945297539234,0.0386621169746,-0.105848863721,0.641492962837,-0.758807063103
0.753047883511,-0.00704010669142,0.945225417614,0.0393984243274,-0.105923473835,0.640516877174,-0.759582877159
0.752444803715,-0.00591715564951,0.945259928703,0.0403169244528,-0.105782836676,0.638558745384,-0.761201202869
0.75192296505,-0.00482261134312,0.94528734684,0.0415909960866,-0.107147820294,0.63854175806,-0.760955989361
0.751332819462,-0.00380807509646,0.945223629475,0.04176036641,-0.107867538929,0.637272357941,-0.761908471584
0.75095897913,-0.00256956880912,0.945112705231,0.0416902787983,-0.108232535422,0.63660299778,-0.76242005825
0.750508725643,-0.00172216258943,0.945201039314,0.0416873581707,-0.106690816581,0.635478973389,-0.763574361801
0.750161528587,-0.00069605698809,0.945127546787,0.0435316637158,-0.108494371176,0.634651720524,-0.763905227184
0.749656915665,0.000206968281418,0.945043206215,0.043249770999,-0.107115909457,0.633567035198,-0.765015363693
0.74929189682,0.00118026183918,0.944960832596,0.0467387847602,-0.107793495059,0.632033288479,-0.765983104706
0.748977959156,0.00209614634514,0.944920837879,0.0459223426878,-0.108866624534,0.631814599037,-0.766061007977
0.748656153679,0.003155620303,0.944747567177,0.0482200868428,-0.109419673681,0.630266547203,-0.767115652561
0.747516751289,0.0044078156352,0.94421005249,0.0479591265321,-0.109914459288,0.629004240036,-0.768096745014
0.747852385044,0.00475754775107,0.944740414619,0.0465198680758,-0.107877656817,0.628454267979,-0.768923699856
0.747484147549,0.00561717431992,0.944721877575,0.0481255613267,-0.109214879572,0.627525269985,-0.769394695759
0.747175753117,0.00645438535139,0.944676756859,0.0484273470938,-0.109557710588,0.626390755177,-0.770250976086
0.746868848801,0.00718506239355,0.944652736187,0.0489289201796,-0.109575733542,0.625305354595,-0.771098196507
0.746520340443,0.00792783685029,0.944683611393,0.0489683225751,-0.108303293586,0.624322533607,-0.772071242332
0.746270775795,0.00872881338,0.944680333138,0.0490954145789,-0.108474850655,0.623200237751,-0.772945225239
0.745824635029,0.00938513688743,0.944673657417,0.0500062964857,-0.109173662961,0.622100830078,-0.773673772812
0.745990693569,0.0105370637029,0.94426125288,0.0499193333089,-0.110267452896,0.621669650078,-0.773870885372
0.745659291744,0.0112083572894,0.944229722023,0.050365306437,-0.110576868057,0.620544195175,-0.774700582027
0.745446562767,0.0118728838861,0.944279968739,0.0504436902702,-0.110883563757,0.619394958019,-0.775570869446
0.74448788166,0.0130195599049,0.943631052971,0.0513525083661,-0.113487139344,0.618880808353,-0.775545060635
0.744853198528,0.0131341330707,0.944050729275,0.0508553609252,-0.112002842128,0.617103993893,-0.777207672596
0.744544267654,0.0138109829277,0.944003939629,0.0511547513306,-0.112146727741,0.616073250771,-0.777984678745
0.744220077991,0.0143827814609,0.943952977657,0.0496750213206,-0.111203655601,0.614424228668,-0.779518544674
0.743993520737,0.0149940438569,0.943958580494,0.0504065193236,-0.11199015379,0.613524615765,-0.780067205429
0.74370008707,0.0155900130048,0.943759560585,0.0533304214478,-0.11383279413,0.613365769386,-0.779730975628
0.742876410484,0.0165973231196,0.943389832973,0.0526201203465,-0.115309849381,0.61135584116,-0.781139433384
0.743031024933,0.0166487284005,0.943614840508,0.0541148483753,-0.114686898887,0.611111819744,-0.781319975853
0.742321074009,0.0176461450756,0.943279802799,0.05334777385,-0.116376101971,0.610121905804,-0.781896352768
0.74248701334,0.017655134201,0.943551719189,0.054855402559,-0.115355193615,0.608790159225,-0.782980620861
0.7422336936,0.0180721096694,0.943501889706,0.0554469376802,-0.115859985352,0.6076592803,-0.783742487431
0.742007434368,0.0184867829084,0.943499207497,0.0551947243512,-0.115927308798,0.606973469257,-0.784281551838
0.74193495512,0.0189064629376,0.943580150604,0.058671914041,-0.11614176631,0.605198264122,-0.785368561745
0.741735219955,0.0192352309823,0.943623840809,0.0577593147755,-0.116071820259,0.604247152805,-0.786178469658
0.741404294968,0.0196427702904,0.943576157093,0.0588845349848,-0.116106562316,0.602586984634,-0.787363231182
0.741168737411,0.0200104825199,0.94354557991,0.0592186450958,-0.116293631494,0.601521670818,-0.788124740124
0.740864694118,0.0203772895038,0.943542361259,0.0598890893161,-0.117015734315,0.600583255291,-0.788682699203
0.740073502064,0.0211176667362,0.943107545376,0.0602432414889,-0.118509478867,0.599325180054,-0.789389431477
0.739817082882,0.0214104931802,0.943111896515,0.0610690899193,-0.118709526956,0.598376333714,-0.790015518665
0.739600777626,0.0217019021511,0.943072617054,0.0615910105407,-0.118290789425,0.597693324089,-0.790554583073
0.739415347576,0.0219039376825,0.943077087402,0.0619232729077,-0.119000092149,0.596806585789,-0.791091918945
0.739239513874,0.0221059881151,0.943065285683,0.0629084706306,-0.11867492646,0.595712423325,-0.79188734293
0.73906826973,0.0222838073969,0.94304728508,0.0640365034342,-0.118642270565,0.594630002975,-0.792614996433
0.738908350468,0.0225159581751,0.943007826805,0.0644222870469,-0.118796885014,0.593781411648,-0.793196558952
0.738738059998,0.0226836130023,0.943018019199,0.0651913881302,-0.119054950774,0.592982709408,-0.793692290783
0.73865377903,0.0227920487523,0.943032324314,0.0659634321928,-0.118556544185,0.592396318913,-0.794140994549
0.738538324833,0.0229064673185,0.943027496338,0.0665369108319,-0.118810124695,0.591594994068,-0.794652342796
0.738456070423,0.0229923650622,0.943018138409,0.0647993981838,-0.11880300194,0.590333759785,-0.795734167099
0.738386213779,0.023087978363,0.943004846573,0.0678838714957,-0.118494056165,0.589999079704,-0.795771360397
0.738304555416,0.0231677759439,0.942977964878,0.0684574991465,-0.118567399681,0.589349746704,-0.796192348003
0.738231480122,0.0231971461326,0.943008601665,0.0691952332854,-0.11865029484,0.588318109512,-0.796878874302
0.738139688969,0.0231324266642,0.943191409111,0.0675090625882,-0.118634991348,0.587060332298,-0.797952592373
0.737975001335,0.023020286113,0.943375051022,0.0683863013983,-0.119068972766,0.586249887943,-0.798409044743
0.737758338451,0.0228650886565,0.943533420563,0.0694291815162,-0.118538357317,0.585422694683,-0.799004673958
0.737730562687,0.0232216082513,0.94296681881,0.0692087337375,-0.11860729754,0.584956765175,-0.799354791641
0.737786829472,0.0231924913824,0.942972242832,0.0698543190956,-0.117847368121,0.584345459938,-0.799857974052
0.737813770771,0.0231202542782,0.942997813225,0.0702248811722,-0.117325782776,0.583669364452,-0.800395607948
0.737845540047,0.0230667125434,0.943013012409,0.0709968358278,-0.117074757814,0.582934677601,-0.80089956522
0.737883687019,0.0229772981256,0.943022310734,0.0712259635329,-0.117179125547,0.582198619843,-0.801399230957
0.737911343575,0.02288672328,0.943029284477,0.071685500443,-0.116613343358,0.581685423851,-0.801813364029
0.73796081543,0.0227878242731,0.943036556244,0.0725874751806,-0.116206303239,0.580965101719,-0.802313327789
0.738004624844,0.0226865261793,0.943044245243,0.0730737298727,-0.116136007011,0.580212175846,-0.802824139595
0.738074302673,0.0225688889623,0.943048357964,0.073244549334,-0.115778937936,0.579692721367,-0.803235292435
0.738136410713,0.0224433019757,0.943045318127,0.0736297294497,-0.115514881909,0.579091846943,-0.803671419621
0.738216519356,0.0222718715668,0.943042099476,0.0741109848022,-0.11514633894,0.5785125494,-0.804097056389
0.738279879093,0.0221608988941,0.943042457104,0.0744743943214,-0.114623002708,0.577849090099,-0.804615080357
0.738352119923,0.0220236182213,0.943027853966,0.0745649561286,-0.114564187825,0.576972663403,-0.805243849754
0.738432884216,0.0218783915043,0.943016648293,0.0750308632851,-0.114037528634,0.576421737671,-0.805669784546
0.73855471611,0.0217450875789,0.943024396896,0.0751388892531,-0.11380983144,0.575782299042,-0.80614900589
0.738656401634,0.0215976070613,0.943011105061,0.0755193978548,-0.113500930369,0.575132131577,-0.806620955467
0.738760709763,0.0214276872575,0.943030774593,0.0758269950747,-0.11286149174,0.574269771576,-0.807295918465
0.738846719265,0.0212840866297,0.943039774895,0.0762075558305,-0.112594634295,0.57344686985,-0.807882070541
0.738960027695,0.0211012847722,0.94307744503,0.0767931118608,-0.112308822572,0.572809278965,-0.80831861496
0.739938378334,0.0209568385035,0.943046331406,0.0758158117533,-0.110208593309,0.57278585434,-0.808716535568
0.739971458912,0.0207070875913,0.943105340004,0.0763766169548,-0.110002219677,0.571858644485,-0.809347808361
0.740159213543,0.0205461941659,0.943099200726,0.0764697268605,-0.109167650342,0.571068108082,-0.810009896755
0.740295529366,0.0203597135842,0.943112432957,0.0766656026244,-0.10867523402,0.570359110832,-0.810557067394
0.740134418011,0.0203196704388,0.943425536156,0.0770840495825,-0.109211504459,0.569409906864,-0.811112344265
0.740258038044,0.0201635826379,0.943436324596,0.0773034542799,-0.109289646149,0.568546414375,-0.811686456203
0.740425288677,0.019968200475,0.943475425243,0.0776769146323,-0.108094833791,0.568023681641,-0.812176644802
0.740563094616,0.0197995323688,0.943497419357,0.0775170177221,-0.107820026577,0.567110836506,-0.812866032124
0.740702927113,0.0196161773056,0.943511128426,0.0778304487467,-0.106984078884,0.566306531429,-0.813507139683
0.724121809006,0.00111876276787,0.929008960724,0.125738784671,-0.107509478927,0.544658601284,-0.82217913866
0.740805149078,0.0187842734158,0.943714022636,0.0798406377435,-0.106201186776,0.563813865185,-0.815144538879
0.740992724895,0.0186462551355,0.943708717823,0.0795955881476,-0.105648979545,0.563362777233,-0.815552175045
0.741245388985,0.018515413627,0.943735480309,0.0793790593743,-0.105102218688,0.562530398369,-0.816218137741
0.741410434246,0.0183751601726,0.943730771542,0.0796300172806,-0.104504831135,0.561488687992,-0.816987335682
0.74157589674,0.0181977488101,0.943744242191,0.0796732380986,-0.103847458959,0.56080943346,-0.817533314228
0.741763710976,0.0180466342717,0.943786740303,0.0826168656349,-0.102698169649,0.560819745064,-0.817379176617
0.741966068745,0.0179217867553,0.943788349628,0.0824152007699,-0.102350093424,0.559914886951,-0.818063259125
0.742175400257,0.0178069192916,0.943790197372,0.0818575918674,-0.101986348629,0.559033632278,-0.81876707077
0.742432951927,0.0176843199879,0.943790197372,0.0794587135315,-0.101515218616,0.557446420193,-0.820142924786
0.74267911911,0.0175659172237,0.94381403923,0.081919580698,-0.100796572864,0.557305693626,-0.82008510828
0.742877244949,0.0174650084227,0.943845033646,0.0817929953337,-0.100039742887,0.556570708752,-0.820689439774
0.743067026138,0.0173481609672,0.943870663643,0.0789412260056,-0.0999538004398,0.554797768593,-0.822178184986
0.743270754814,0.0172651037574,0.943882703781,0.0790391564369,-0.0992097705603,0.553783655167,-0.822942256927
0.743521034718,0.017165793106,0.94390386343,0.0789567455649,-0.098828740418,0.552864432335,-0.823613762856
0.743736565113,0.0170833785087,0.943953931332,0.0786160901189,-0.0984309390187,0.552025020123,-0.824256777763
0.743972301483,0.0170054584742,0.943959653378,0.0784034132957,-0.0979361608624,0.551124334335,-0.824938356876
0.744134664536,0.0168959163129,0.943984031677,0.0805478990078,-0.0980183705688,0.550883293152,-0.824883043766
0.744315087795,0.0167939886451,0.943983674049,0.0804629102349,-0.0970334485173,0.550159037113,-0.825490951538
0.744527041912,0.0166968069971,0.943983614445,0.0803998410702,-0.0965730771422,0.549264729023,-0.826146364212
0.74475812912,0.0165842585266,0.943965256214,0.0802135765553,-0.0961267948151,0.548149347305,-0.826956927776
0.74498385191,0.0164569057524,0.943960547447,0.0776880532503,-0.0956064015627,0.546286344528,-0.828489720821
0.745289981365,0.0163759924471,0.943961322308,0.0773336216807,-0.095173895359,0.545301437378,-0.829221248627
0.745546996593,0.0162653010339,0.943919122219,0.0771790668368,-0.0946764051914,0.544387459755,-0.829892754555
0.745780527592,0.0162040218711,0.943940460682,0.0769240185618,-0.0941670387983,0.543628036976,-0.830472052097
0.746095240116,0.0161309093237,0.944108366966,0.0764331296086,-0.0938551053405,0.542700886726,-0.831158816814
0.746779859066,0.0160539001226,0.944109201431,0.0782682970166,-0.0922281816602,0.542713701725,-0.831161737442
0.747194588184,0.0158235076815,0.944424033165,0.0750110074878,-0.0918482169509,0.539596199989,-0.833530545235
0.747194588184,0.0158235076815,0.944424033165,0.0750110074878,-0.0918482169509,0.539596199989,-0.833530545235
0.747411429882,0.0159062612802,0.944301009178,0.0745311975479,-0.0913935378194,0.538624048233,-0.83425205946
0.747672915459,0.015856416896,0.944291055202,0.0767842307687,-0.0908219069242,0.538533329964,-0.834168732166
0.747701942921,0.0148159023374,0.945022165775,0.0762474611402,-0.0901469737291,0.536261856556,-0.83575296402
0.748063087463,0.0148048074916,0.944995284081,0.0757288858294,-0.0897628366947,0.535132825375,-0.836564779282
0.748369753361,0.0147802075371,0.945015788078,0.0752662196755,-0.0892430320382,0.534064769745,-0.837344288826
0.748852968216,0.0155166490003,0.944215714931,0.0749335065484,-0.0890226811171,0.534255981445,-0.837275624275
0.749095916748,0.0148291354999,0.945071399212,0.0764485523105,-0.0880930051208,0.532349467278,-0.838450551033
0.749518930912,0.0135541120544,0.945529043674,0.0783327817917,-0.0857727900147,0.531028091908,-0.839354634285
0.749924004078,0.013461606577,0.945644915104,0.0781131461263,-0.0848849639297,0.529780983925,-0.840252935886
0.750258207321,0.0134535096586,0.945690512657,0.0746538192034,-0.0847820937634,0.527632832527,-0.841927707195
0.75053691864,0.0145905101672,0.945262730122,0.0717990919948,-0.0854645222425,0.527159452438,-0.842403411865
0.750795185566,0.0143344849348,0.945415556431,0.0716729387641,-0.0846867412329,0.525975883007,-0.843232154846
0.75103777647,0.0141642149538,0.945522487164,0.074075832963,-0.0841179937124,0.525532603264,-0.843357801437
0.751277327538,0.0145923923701,0.944990694523,0.0697727128863,-0.084275983274,0.523537456989,-0.844948470592
0.751544177532,0.0144700920209,0.945123374462,0.0696679204702,-0.0836218670011,0.522236943245,-0.84582644701
0.75180631876,0.0143617838621,0.945183157921,0.0697068423033,-0.082919344306,0.520908534527,-0.846711099148
0.75208234787,0.0142496600747,0.94518828392,0.0691712349653,-0.0822395607829,0.519648611546,-0.847594976425
0.752348303795,0.0140034351498,0.945283770561,0.0692264214158,-0.0811713188887,0.518467009068,-0.848416686058
0.752647638321,0.013415645808,0.945831298828,0.0701794028282,-0.080070219934,0.517068088055,-0.849296271801
0.752864003181,0.0132416449487,0.945842921734,0.0724309235811,-0.0793903172016,0.51684319973,-0.849307954311
0.753457486629,0.0130298146978,0.945899128914,0.071782194078,-0.0776075646281,0.514208137989,-0.851125359535
0.753457486629,0.0130298146978,0.945899128914,0.071782194078,-0.0776075646281,0.514208137989,-0.851125359535
0.7537150383,0.0129365045577,0.94598531723,0.0690607130527,-0.077166415751,0.512024581432,-0.852705597878
0.753806471825,0.0125900292769,0.94610530138,0.0694365724921,-0.0768658965826,0.510749995708,-0.853466212749
0.754021286964,0.0124860499054,0.946111500263,0.0691168084741,-0.0764728337526,0.509634137154,-0.854194223881
0.754414618015,0.0128461876884,0.945864140987,0.0675375983119,-0.0760893896222,0.508434414864,-0.855069279671
0.754555583,0.0121084973216,0.94623953104,0.0684384480119,-0.0748513936996,0.506233930588,-0.856411516666
0.754555583,0.0121084973216,0.94623953104,0.0684384480119,-0.0748513936996,0.506233930588,-0.856411516666
0.754758894444,0.0119637036696,0.946236670017,0.0704747289419,-0.0740430355072,0.506137192249,-0.856373786926
0.755204379559,0.0124714504927,0.945747315884,0.0663299039006,-0.0735660046339,0.50322920084,-0.85845720768
0.755434691906,0.0121722798795,0.945931613445,0.0663352385163,-0.0729456916451,0.502125024796,-0.85915595293
0.755434691906,0.0121722798795,0.945931613445,0.0663352385163,-0.0729456916451,0.502125024796,-0.85915595293
0.755526065826,0.0120100155473,0.945904493332,0.0690495818853,-0.072072416544,0.502399384975,-0.858855366707
0.755559623241,0.011460294947,0.946204721928,0.0701993405819,-0.0715455561876,0.501488924026,-0.859338223934
0.756094157696,0.010646045208,0.946671903133,0.0685277879238,-0.0699068382382,0.499006807804,-0.86105120182
0.756202936172,0.0106200762093,0.94661450386,0.0682925805449,-0.0693460926414,0.498217225075,-0.86157232523
0.756256461143,0.0106773013249,0.946535170078,0.0679950788617,-0.0692587867379,0.49779316783,-0.861847877502
0.756342411041,0.0106606548652,0.946506679058,0.0676302835345,-0.0690164268017,0.497411966324,-0.862116098404
0.756201148033,0.0109726469964,0.946264624596,0.0668016001582,-0.0696219876409,0.497158318758,-0.862278401852
0.756343305111,0.0109283421189,0.946249604225,0.0665050595999,-0.0692758187652,0.496649861336,-0.862622082233
0.756515860558,0.011124394834,0.946166872978,0.065635420382,-0.0690226629376,0.496375501156,-0.86286687851
0.756475269794,0.0108732990921,0.946214795113,0.0660456866026,-0.0686446577311,0.49586519599,-0.863159120083
0.756692886353,0.0109172295779,0.946181237698,0.0650219097733,-0.0682580769062,0.495261341333,-0.863614022732
0.756692886353,0.0109172295779,0.946181237698,0.0650219097733,-0.0682580769062,0.495261341333,-0.863614022732
0.756752312183,0.0108767859638,0.946179986,0.0645383819938,-0.0682398155332,0.494968473911,-0.863819658756
0.756778120995,0.0108481831849,0.946161270142,0.064665555954,-0.0680115297437,0.494909793139,-0.863861739635
0.756841361523,0.0107849547639,0.946162879467,0.0646379068494,-0.0678752288222,0.494846016169,-0.863911032677
0.75689381361,0.0107252793387,0.946154236794,0.0643099546432,-0.067908257246,0.494710922241,-0.864010334015
0.756926238537,0.0106785753742,0.946134448051,0.0640321075916,-0.0682934969664,0.494848400354,-0.863921821117
0.756950318813,0.0106492061168,0.946113884449,0.0639216452837,-0.0683075413108,0.494960546494,-0.863864660263
0.756981015205,0.0105864945799,0.946124374866,0.0639061480761,-0.0682764351368,0.495159596205,-0.863754212856
0.756996929646,0.0105138849467,0.946121692657,0.0637839734554,-0.068414606154,0.495467066765,-0.863575994968
0.757004857063,0.0104731237516,0.946112811565,0.0637210980058,-0.0686568766832,0.496006935835,-0.863251447678
0.757010638714,0.0104465726763,0.946101844311,0.0639544948936,-0.0688094049692,0.496630847454,-0.862863242626
0.756986737251,0.0104031134397,0.94611531496,0.063533872366,-0.0687682256103,0.497559338808,-0.86236256361
0.756986737251,0.0104031134397,0.94611531496,0.063533872366,-0.0687682256103,0.497559338808,-0.86236256361
0.757007598877,0.0103392172605,0.946122646332,0.063591979444,-0.0688313916326,0.498270392418,-0.861942470074
0.757000803947,0.0103210052475,0.946129739285,0.0636837407947,-0.0690769553185,0.499016731977,-0.861484229565
0.756999075413,0.0108851436526,0.945717096329,0.0621533989906,-0.0702089890838,0.499854832888,-0.861018419266
0.757096409798,0.0110796093941,0.945673167706,0.0616191253066,-0.0705747902393,0.500741660595,-0.860511541367
0.757061243057,0.0110493758693,0.945683777332,0.0614048279822,-0.0715070739388,0.501461625099,-0.860030472279
0.756912887096,0.010179920122,0.946183800697,0.0635985657573,-0.0714615061879,0.501801371574,-0.859676539898
0.756816506386,0.0101529583335,0.946274578571,0.0634511932731,-0.0723647922277,0.503164470196,-0.858814775944
0.756816506386,0.0101529583335,0.946274578571,0.0634511932731,-0.0723647922277,0.503164470196,-0.858814775944
0.756773769855,0.0101210419089,0.946282744408,0.0634123533964,-0.0731496363878,0.503878772259,-0.85833221674
0.756615281105,0.0100018763915,0.946259915829,0.0638881400228,-0.0737670809031,0.504483044147,-0.857889056206
0.756531119347,0.00998478941619,0.946258127689,0.0643772408366,-0.0745212882757,0.50541394949,-0.857239127159
0.756531119347,0.00998478941619,0.946258127689,0.0643772408366,-0.0745212882757,0.50541394949,-0.857239127159
0.75638872385,0.00995476264507,0.946248710155,0.0668595656753,-0.0757821276784,0.507577359676,-0.855658888817
0.75638872385,0.00995476264507,0.946248710155,0.0668595656753,-0.0757821276784,0.507577359676,-0.855658888817
0.75653386116,0.0096622183919,0.946427762508,0.0671612173319,-0.0756665542722,0.507921397686,-0.855441272259
0.756350398064,0.00987010262907,0.946370005608,0.0669091790915,-0.0770938023925,0.508732557297,-0.854851424694
0.756488382816,0.0105922799557,0.945938229561,0.0623036585748,-0.0786433294415,0.508684635162,-0.855086803436
0.756488382816,0.0105922799557,0.945938229561,0.0623036585748,-0.0786433294415,0.508684635162,-0.855086803436
0.756420195103,0.0105735491961,0.946004271507,0.0645759478211,-0.0794171839952,0.510550796986,-0.853733420372
0.756420195103,0.0105735491961,0.946004271507,0.0645759478211,-0.0794171839952,0.510550796986,-0.853733420372
0.756448209286,0.010592055507,0.94598287344,0.0645533129573,-0.079805739224,0.510988652706,-0.85343682766
0.756387472153,0.0105604818091,0.946006774902,0.0649309083819,-0.0802891552448,0.511536061764,-0.853034794331
0.756238877773,0.0104407472536,0.946013271809,0.062134642154,-0.0820045247674,0.511346518993,-0.853193581104
0.756238877773,0.0104407472536,0.946013271809,0.062134642154,-0.0820045247674,0.511346518993,-0.853193581104
0.756032586098,0.0104216150939,0.945853233337,0.0649844035506,-0.0828103274107,0.513437390327,-0.851646363735
0.756032586098,0.0104216150939,0.945853233337,0.0649844035506,-0.0828103274107,0.513437390327,-0.851646363735
0.75608330965,0.0101925814524,0.946057975292,0.0623261108994,-0.0834675431252,0.513508915901,-0.85173779726
0.756021022797,0.0101373735815,0.946041345596,0.0623700767756,-0.0836905390024,0.514137148857,-0.851333618164
0.756021022797,0.0101373735815,0.946041345596,0.0623700767756,-0.0836905390024,0.514137148857,-0.851333618164
0.755961954594,0.0100767686963,0.946007490158,0.0624451600015,-0.0842084363103,0.514702320099,-0.850935459137
0.755850970745,0.00998612679541,0.945952832699,0.0651519075036,-0.0844874083996,0.516180813313,-0.849808514118
0.755739748478,0.009894778952,0.945908725262,0.0653570592403,-0.0847605541348,0.516822099686,-0.849375665188
0.755618393421,0.00981274247169,0.945870757103,0.0655616372824,-0.0853304937482,0.517222046852,-0.849059343338
0.755530953407,0.00973526574671,0.945847868919,0.0655232295394,-0.0857520774007,0.517770528793,-0.848685443401
0.755429923534,0.00965649448335,0.945833683014,0.0632704943419,-0.086281478405,0.517415642738,-0.849019110203
0.755343973637,0.00956564117223,0.945835769176,0.0656930729747,-0.0866918489337,0.519015312195,-0.847816050053
0.755302131176,0.00945504754782,0.945826470852,0.0657369568944,-0.0869352892041,0.519615411758,-0.847420036793
0.755250394344,0.00933719798923,0.945832133293,0.0637320205569,-0.0871908515692,0.519424319267,-0.847664058208
0.755097866058,0.0091109238565,0.945813655853,0.0633928254247,-0.0878130570054,0.520727038383,-0.84682559967
0.755097866058,0.0091109238565,0.945813655853,0.0633928254247,-0.0878130570054,0.520727038383,-0.84682559967
0.755023121834,0.00900876894593,0.945797145367,0.0658626928926,-0.0885960012674,0.522718966007,-0.845327019691
0.754922330379,0.00885457918048,0.945774495602,0.0658693984151,-0.0889750644565,0.523509383202,-0.844797432423
0.754848599434,0.00874007120728,0.945763647556,0.0637033507228,-0.0886565446854,0.52339887619,-0.845065414906
0.754752278328,0.00861183926463,0.945756316185,0.0636925324798,-0.0889048650861,0.524230062962,-0.844524741173
0.754685223103,0.00846877135336,0.94576305151,0.0658855736256,-0.0891361534595,0.526197135448,-0.843107640743
0.754606544971,0.00833455100656,0.945735812187,0.0660001412034,-0.0892791673541,0.527083456516,-0.842529714108
0.754445791245,0.00807795859873,0.945667803288,0.0659120231867,-0.0899626836181,0.529595732689,-0.840886890888
0.754445791245,0.00807795859873,0.945667803288,0.0659120231867,-0.0899626836181,0.529595732689,-0.840886890888
0.754278063774,0.00790721364319,0.94560945034,0.0637806728482,-0.0904583185911,0.530001521111,-0.840742349625
0.754149615765,0.00781347695738,0.945607483387,0.0636213421822,-0.0907497629523,0.531293869019,-0.839906990528
0.754086911678,0.00756618753076,0.945592582226,0.0634403824806,-0.0912275463343,0.534052193165,-0.838117659092
0.754086911678,0.00756618753076,0.945592582226,0.0634403824806,-0.0912275463343,0.534052193165,-0.838117659092
0.754017531872,0.00739765446633,0.945572435856,0.0639114975929,-0.0911677777767,0.53554135561,-0.837137579918
0.753867506981,0.00728054856881,0.945529580116,0.0638969317079,-0.0918889716268,0.536969482899,-0.836144387722
0.75385171175,0.00715995579958,0.945522487164,0.0638117790222,-0.0917998552322,0.538553714752,-0.835141181946
0.754156708717,0.0072448248975,0.945298075676,0.065040409565,-0.091519266367,0.54132771492,-0.833281695843
0.754397153854,0.00727035244927,0.944904267788,0.0621901378036,-0.0911495387554,0.54220277071,-0.832970798016
0.754068493843,0.00710904411972,0.944949150085,0.0621585920453,-0.0920908153057,0.543895184994,-0.831765413284
0.753831148148,0.00678273430094,0.944975614548,0.0624160841107,-0.0926064923406,0.547403335571,-0.829384028912
0.753831148148,0.00678273430094,0.944975614548,0.0624160841107,-0.0926064923406,0.547403335571,-0.829384028912
0.753719329834,0.00668730027974,0.944977581501,0.0623078159988,-0.0930568501353,0.549484848976,-0.827964127064
0.753618896008,0.00661157537252,0.944966256618,0.0623789019883,-0.0934938415885,0.551136612892,-0.826810896397
0.753533005714,0.00649523036554,0.944906532764,0.0622772686183,-0.0938744917512,0.553307712078,-0.825323998928
0.753419935703,0.00639143679291,0.944824934006,0.0623714365065,-0.0940305069089,0.555104136467,-0.824091911316
0.75342720747,0.00634577451274,0.944799602032,0.0619250014424,-0.0944465175271,0.557329237461,-0.822574853897
0.753352761269,0.0062743416056,0.944729804993,0.0613878965378,-0.0948370099068,0.559432983398,-0.821140766144
0.753203034401,0.00617831479758,0.944683790207,0.0617022588849,-0.095238879323,0.561384260654,-0.819737792015
0.753064215183,0.00608957186341,0.94467061758,0.064273096621,-0.0955758020282,0.564346671104,-0.817463815212
0.752909064293,0.00587362702936,0.944690585136,0.0621210373938,-0.096284545958,0.568043529987,-0.814982652664
0.752909064293,0.00587362702936,0.944690585136,0.0621210373938,-0.096284545958,0.568043529987,-0.814982652664
0.752780199051,0.00580729311332,0.944608032703,0.0617178790271,-0.0978025570512,0.572252929211,-0.811881959438
0.752780199051,0.00580729311332,0.944608032703,0.0617178790271,-0.0978025570512,0.572252929211,-0.811881959438
0.752696931362,0.00576406856999,0.944515287876,0.0615124665201,-0.0979624763131,0.574838399887,-0.810049593449
0.752727925777,0.00573521386832,0.944443166256,0.0614150315523,-0.0979225859046,0.577425003052,-0.808220148087
0.752698004246,0.00572968646884,0.94440227747,0.061151213944,-0.0985053703189,0.579523026943,-0.806666195393
0.752622723579,0.0056943395175,0.944409966469,0.0607306845486,-0.0987031534314,0.581696331501,-0.805107951164
0.751676976681,0.00559925753623,0.944385111332,0.06179767102,-0.100685298443,0.583441734314,-0.803516864777
0.751699924469,0.00552824791521,0.944399833679,0.0621362812817,-0.10122141242,0.585660040379,-0.801807761192
0.751724481583,0.00547769200057,0.944429576397,0.0644180625677,-0.101146914065,0.588628768921,-0.799459755421
0.751735508442,0.00545614305884,0.944383203983,0.0626952648163,-0.1005025208,0.590641617775,-0.798192322254
0.752102196217,0.00539552699775,0.944519937038,0.0638082623482,-0.100689172745,0.593411266804,-0.79602342844
0.75208324194,0.00538750225678,0.944450676441,0.0615995824337,-0.100908689201,0.595217049122,-0.794820487499
0.752186119556,0.00534493708983,0.944313526154,0.0614662729204,-0.100612796843,0.599901616573,-0.791338741779
0.752186119556,0.00534493708983,0.944313526154,0.0614662729204,-0.100612796843,0.599901616573,-0.791338741779
0.752649307251,0.00555929727852,0.944035172462,0.0618384033442,-0.100350879133,0.603331744671,-0.788730919361
0.752019047737,0.00523265451193,0.94433838129,0.0630823224783,-0.10124489665,0.605309844017,-0.787000715733
0.752058207989,0.00521482340991,0.944317340851,0.0630515217781,-0.101152017713,0.607710123062,-0.785163223743
0.752164304256,0.0051713748835,0.944342076778,0.062865190208,-0.100641399622,0.610033094883,-0.783440470695
0.752158582211,0.00517294136807,0.944329380989,0.0632988214493,-0.100751914084,0.612304210663,-0.78161752224
0.752158641815,0.00517748994753,0.944370806217,0.0633020177484,-0.100324489176,0.614533662796,-0.779920578003
0.752273619175,0.00517021585256,0.944518625736,0.0622372962534,-0.100230492651,0.615968286991,-0.778886020184
0.752367317677,0.00515736173838,0.944613337517,0.0591401942074,-0.0993815287948,0.618149697781,-0.777506768703
0.752518594265,0.00516143767163,0.944652438164,0.0590665899217,-0.0994799137115,0.620313107967,-0.775774776936
0.752529621124,0.00516272941604,0.944646418095,0.0590240955353,-0.0990251526237,0.622517704964,-0.774068415165
0.752567648888,0.00518307927996,0.944679737091,0.0593767501414,-0.099138058722,0.625288426876,-0.771790504456
0.752564370632,0.00520331412554,0.944619715214,0.0598281957209,-0.0986824855208,0.627158880234,-0.770294845104
0.752626776695,0.00519980723038,0.944681167603,0.0602743402123,-0.0996449068189,0.629325330257,-0.768366873264
0.752801895142,0.00524936104193,0.944674968719,0.0595030747354,-0.0979144200683,0.631389141083,-0.766954898834
0.752906262875,0.00527679221705,0.944683015347,0.0605382621288,-0.0986528843641,0.633669674397,-0.764895737171
0.752952694893,0.00529410829768,0.94473105669,0.0603679232299,-0.0987330973148,0.635785222054,-0.763141334057
0.752677202225,0.00514678331092,0.945049107075,0.0596090070903,-0.0975325256586,0.636992752552,-0.762347996235
0.753321230412,0.00450739590451,0.945624232292,0.0615740641952,-0.0962591618299,0.639288902283,-0.760429143906
0.753452777863,0.00450105546042,0.945653736591,0.0614033602178,-0.0960667356849,0.641268730164,-0.758798480034
0.753605365753,0.00475133210421,0.945607960224,0.0596402287483,-0.0944620668888,0.643054008484,-0.757628798485
0.753026366234,0.00510155176744,0.945221066475,0.0606076903641,-0.0964508131146,0.644614815712,-0.755973339081
0.753790080547,0.00477654347196,0.945728003979,0.0586266368628,-0.0940038487315,0.64628136158,-0.755014419556
0.753096818924,0.00513541558757,0.94530403614,0.0596269704401,-0.0951368734241,0.647818684578,-0.75347507
0.753149092197,0.0051244222559,0.945334732533,0.0606232360005,-0.0957540795207,0.649744391441,-0.751657068729
0.753917992115,0.00487107224762,0.945939660072,0.0591269172728,-0.0925959423184,0.653049588203,-0.749303877354
0.753917992115,0.00487107224762,0.945939660072,0.0591269172728,-0.0925959423184,0.653049588203,-0.749303877354
0.753926694393,0.00489308452234,0.946023106575,0.0596259720623,-0.0935197919607,0.654534697533,-0.747852385044
0.753864049911,0.00473227491602,0.946094453335,0.0597225278616,-0.0920593962073,0.655843019485,-0.74687898159
0.754509866238,0.00510924262926,0.945808887482,0.0577940270305,-0.0905852019787,0.658113181591,-0.745212137699
0.754013597965,0.00487748486921,0.946133136749,0.0585637390614,-0.0913200229406,0.658940494061,-0.744330883026
0.75401866436,0.00511097209528,0.94615894556,0.0584811009467,-0.0913148671389,0.660584628582,-0.742879152298
0.754004001617,0.00514766946435,0.946204066277,0.0577306486666,-0.0909667313099,0.661811769009,-0.741887748241
0.753948628902,0.00517830485478,0.946203112602,0.0591288730502,-0.0919389352202,0.663515746593,-0.740133702755
0.753898322582,0.00510304328054,0.946416318417,0.0574415028095,-0.0902308225632,0.664286136627,-0.739785730839
0.753877043724,0.00520898355171,0.946428894997,0.0606857202947,-0.0912610962987,0.665927171707,-0.737922608852
0.753854990005,0.00524757010862,0.946446657181,0.0589289106429,-0.0904763936996,0.667585432529,-0.736662209034
0.753892600536,0.00535078020766,0.946473836899,0.0575172789395,-0.0890243202448,0.668661296368,-0.735974550247
0.753814101219,0.00540661299601,0.946531414986,0.0583426654339,-0.0901842787862,0.669785857201,-0.734744846821
0.753756403923,0.00542551046237,0.946551203728,0.0585466511548,-0.0896422117949,0.671395421028,-0.733324408531
0.753561377525,0.00541679933667,0.946544408798,0.0570999756455,-0.0882335826755,0.67234236002,-0.732741594315
0.753550469875,0.00564590189606,0.946491658688,0.0574146434665,-0.0874783247709,0.673743546009,-0.731519520283
0.753414988518,0.00561077333987,0.946582853794,0.058761022985,-0.0888585820794,0.674793422222,-0.730277359486
0.753284752369,0.00576447509229,0.946605205536,0.058482747525,-0.0886741355062,0.675876557827,-0.729319989681
0.753214478493,0.00581180956215,0.946660101414,0.0572467595339,-0.0871466398239,0.67629557848,-0.7292137146
0.753114521503,0.0058973710984,0.946673035622,0.0569882541895,-0.0870088413358,0.677348792553,-0.728272259235
0.752977073193,0.00599140487611,0.946719706059,0.0582025796175,-0.0878099352121,0.678481459618,-0.727024614811
0.752813220024,0.00605294201523,0.946696221828,0.0588187240064,-0.0871060788631,0.679789662361,-0.725836753845
0.752680003643,0.00614206213504,0.946688354015,0.0575527399778,-0.0856581106782,0.680011332035,-0.725902974606
0.752609074116,0.00641882279888,0.946578383446,0.057070851326,-0.0860021188855,0.680745363235,-0.725211918354
0.752387881279,0.00639516394585,0.946619451046,0.0587557815015,-0.0867904573679,0.682023942471,-0.723780632019
0.752231180668,0.00649019423872,0.946614265442,0.0588911063969,-0.0862270817161,0.683099389076,-0.722822248936
0.752038300037,0.0066405790858,0.946562170982,0.0591833107173,-0.0861736610532,0.68382024765,-0.722122848034
0.752621293068,0.00654391758144,0.946947336197,0.0583718717098,-0.0849294364452,0.68470877409,-0.721494078636
0.752399206161,0.00663898512721,0.946947991848,0.0604567565024,-0.0852372795343,0.684945046902,-0.721061766148
0.752189159393,0.00675170309842,0.946950495243,0.0581378526986,-0.0830669105053,0.685811281204,-0.720682263374
0.752133965492,0.00716380681843,0.946880757809,0.0570240728557,-0.0832011923194,0.686508476734,-0.720091700554
0.751869082451,0.00730191823095,0.946848809719,0.0594377666712,-0.0842032879591,0.687245845795,-0.719075918198
0.751504421234,0.00740188080817,0.946809530258,0.0598128288984,-0.0841956436634,0.687776088715,-0.71853864193
0.751260697842,0.00756745971739,0.946768343449,0.059493560344,-0.0826510041952,0.688375174999,-0.718170583248
0.750991642475,0.00758051965386,0.94683945179,0.0608061514795,-0.0836208537221,0.689123511314,-0.717230141163
0.750711083412,0.00769314449281,0.94683265686,0.0612373016775,-0.0838075876236,0.689430832863,-0.716876089573
0.750452399254,0.00782878138125,0.946865200996,0.0621302388608,-0.0832434743643,0.689879775047,-0.716432988644
0.750206828117,0.00796432979405,0.94687795639,0.0614707954228,-0.0818783640862,0.690249681473,-0.71629101038
0.749880552292,0.00811508949846,0.946889579296,0.0617361105978,-0.0817846655846,0.690764307976,-0.71578258276
0.749663233757,0.00846548099071,0.946781694889,0.0631821081042,-0.0841050595045,0.691409230232,-0.714764118195
0.74938672781,0.00861815363169,0.94677323103,0.0636965855956,-0.0837596133351,0.691876590252,-0.714306592941
0.74901330471,0.00875676237047,0.946775019169,0.063392393291,-0.0824896544218,0.691807985306,-0.714547753334
0.748645067215,0.00878230296075,0.94681507349,0.0662921443582,-0.0831057876348,0.691968142986,-0.714058101177
0.74836486578,0.00906502641737,0.946872711182,0.0668218508363,-0.0831199362874,0.692369520664,-0.713617801666
0.747847020626,0.00926765426993,0.946883320808,0.0681743621826,-0.0830471664667,0.693124473095,-0.712764918804
0.747648179531,0.0095455981791,0.946892738342,0.0661935582757,-0.0799730196595,0.693358957767,-0.713075101376
0.747343301773,0.0097382478416,0.946903824806,0.0683313757181,-0.0806469395757,0.693524241447,-0.712636649609
0.746964752674,0.00991086568683,0.94688385725,0.0677298679948,-0.0812036171556,0.694193542004,-0.711978971958
0.746544420719,0.0100224148482,0.94676810503,0.0691931918263,-0.0803772434592,0.694871008396,-0.711270809174
0.746253430843,0.0104059157893,0.946674048901,0.0690402463078,-0.0805527865887,0.694983899593,-0.711155474186
0.746039330959,0.0106914881617,0.946711421013,0.0681039392948,-0.0799324512482,0.694879591465,-0.711417555809
0.745772182941,0.0109137669206,0.946734249592,0.0690816417336,-0.0797379314899,0.695188641548,-0.711043059826
0.745387434959,0.0111082810909,0.946580052376,0.0707287937403,-0.0801494270563,0.695653438568,-0.710380017757
0.745144724846,0.0113444682211,0.946524143219,0.0706897825003,-0.0801982581615,0.695902585983,-0.710134387016
0.744800806046,0.0116521976888,0.946412682533,0.0711017921567,-0.0803840309381,0.695881545544,-0.710092842579
0.744565427303,0.0119253080338,0.946356654167,0.0706756561995,-0.0795814394951,0.695502519608,-0.71059691906
0.744338035583,0.012166660279,0.946317374706,0.0707744434476,-0.0797681137919,0.695670187473,-0.710402131081
0.744044005871,0.0122444909066,0.946322619915,0.0716956332326,-0.0793721750379,0.69554489851,-0.710476815701
0.743737757206,0.012574955821,0.94629740715,0.0726729929447,-0.0813957974315,0.695617675781,-0.710077106953
0.743509888649,0.0128857651725,0.946217417717,0.0730262249708,-0.0811762660742,0.695513963699,-0.710167706013
0.743217051029,0.013190777041,0.946214318275,0.07323987782,-0.0819624364376,0.695050001144,-0.710509359837
0.74300968647,0.0134730990976,0.946149766445,0.0733299553394,-0.0810825675726,0.695131599903,-0.71052134037
0.742824971676,0.0137429628521,0.946119785309,0.0725817680359,-0.0809502974153,0.694643378258,-0.711090505123
0.742627024651,0.0140232862905,0.946119785309,0.0746242254972,-0.0831415653229,0.694760918617,-0.710511028767
0.742379665375,0.0143092051148,0.946058750153,0.0748963430524,-0.083334416151,0.694659233093,-0.710559368134
0.742263436317,0.0146021489054,0.946014046669,0.0751064419746,-0.0831008702517,0.694616258144,-0.710606575012
0.742130041122,0.0150965675712,0.945870399475,0.0745246484876,-0.0834761634469,0.694290816784,-0.710941672325
0.741957068443,0.015370413661,0.945843219757,0.0746028646827,-0.0825923085213,0.694157779217,-0.711166679859
0.741711676121,0.0155035369098,0.945846438408,0.0752948746085,-0.081108763814,0.693920373917,-0.711496055126
0.741541326046,0.0157926119864,0.945850372314,0.0748397782445,-0.0814631655812,0.694030702114,-0.711395978928
0.741295397282,0.0161280799657,0.945773363113,0.0754960477352,-0.081342510879,0.694085121155,-0.71128731966
0.741141676903,0.0164018440992,0.945762813091,0.0758227109909,-0.0814706012607,0.694074749947,-0.711247980595
0.74096095562,0.0166157595813,0.945727288723,0.0758761018515,-0.0816902294755,0.693524420261,-0.711753726006
0.740791022778,0.0169935207814,0.945673286915,0.0760992243886,-0.082123093307,0.693477213383,-0.711726129055
0.740693449974,0.0172667913139,0.94568157196,0.0770266205072,-0.0819014832377,0.693557083607,-0.711574077606
0.740685462952,0.0176340825856,0.945716500282,0.0770746991038,-0.0818314775825,0.693499326706,-0.711633086205
0.740677058697,0.0181579794735,0.945638179779,0.0769963264465,-0.081622056663,0.693691432476,-0.711478471756
0.740603804588,0.0184660293162,0.945637047291,0.0771972537041,-0.083231665194,0.693510949612,-0.711446166039
0.740460813046,0.0187601726502,0.945629417896,0.0774191096425,-0.0832609385252,0.693376779556,-0.711549520493
0.740379989147,0.0190405361354,0.945675373077,0.077607691288,-0.0831872671843,0.692891418934,-0.712010085583
0.740276634693,0.0191121790558,0.945753574371,0.0782402381301,-0.0828579217196,0.692749261856,-0.712117671967
0.740216135979,0.0193932540715,0.945723891258,0.0785481333733,-0.0824562162161,0.693094432354,-0.711794435978
0.740191400051,0.0196628123522,0.945719838142,0.0779939517379,-0.0809162408113,0.693136751652,-0.711991071701
0.740228652954,0.0199787188321,0.945711314678,0.0779661089182,-0.0808335766196,0.693090498447,-0.712048351765
0.740229785442,0.0202616378665,0.945683896542,0.077941544354,-0.0806269347668,0.692983210087,-0.712178885937
0.740220665932,0.0205373149365,0.945660173893,0.0794545263052,-0.0807837024331,0.692855536938,-0.712118208408
0.740317583084,0.021051608026,0.945609211922,0.0793424770236,-0.080545514822,0.692885518074,-0.712128520012
0.740325093269,0.0213056784123,0.945607721806,0.0795477703214,-0.0805408656597,0.692791819572,-0.712197303772
0.740514218807,0.0216855164617,0.945745229721,0.0796537324786,-0.0816732570529,0.692457616329,-0.71238142252
0.740544319153,0.0219777580351,0.945796370506,0.0798528790474,-0.0814749971032,0.692621767521,-0.712222278118
0.740551769733,0.0222870316356,0.945756494999,0.0796077921987,-0.0812707990408,0.692566215992,-0.712327122688
0.740468978882,0.0222958140075,0.945787847042,0.0800900757313,-0.0797083601356,0.692454636097,-0.712557852268
0.740537285805,0.0225623901933,0.945760965347,0.0802204757929,-0.079691298306,0.692206025124,-0.712786853313
0.740610778332,0.0228707902133,0.945725023746,0.0799532681704,-0.0798569247127,0.692207276821,-0.712796986103
0.740684747696,0.0231430660933,0.945741593838,0.0795212090015,-0.0797977223992,0.691993713379,-0.713059186935
0.740754723549,0.0233858320862,0.945760667324,0.0801898911595,-0.0790163576603,0.692000150681,-0.713065207005
0.740824997425,0.0236017033458,0.945763170719,0.0803962871432,-0.0789612308145,0.692012786865,-0.713035702705
0.740968227386,0.0240777395666,0.945714473724,0.0799119994044,-0.0793764218688,0.692105352879,-0.712954223156
0.741128742695,0.0243663582951,0.945737063885,0.0798069760203,-0.0792555063963,0.692033886909,-0.713048696518
0.741188406944,0.0246485676616,0.945713222027,0.0803011059761,-0.0788661912084,0.692061007023,-0.713010191917
0.741323530674,0.0248852334917,0.945724606514,0.0803167372942,-0.0787383839488,0.691994249821,-0.713087260723
0.741365432739,0.0250098928809,0.945824623108,0.079753741622,-0.0790314152837,0.691596329212,-0.713503956795
0.741424441338,0.0252806153148,0.945864319801,0.0799724683166,-0.0785875171423,0.691612660885,-0.713512718678
0.741451084614,0.0254663769156,0.945876181126,0.0799462422729,-0.0784373059869,0.691469311714,-0.713671207428
0.741564691067,0.0257160887122,0.94589471817,0.0797688737512,-0.0784693136811,0.691184461117,-0.713963270187
0.74174541235,0.0259288419038,0.945940613747,0.079614020884,-0.0782880783081,0.691099345684,-0.714082896709
0.741744577885,0.0260252486914,0.945835232735,0.0807381346822,-0.0779729261994,0.691308617592,-0.713788509369
0.741847634315,0.0261694788933,0.945882380009,0.0813275203109,-0.0772949010134,0.691307067871,-0.71379673481
0.742060422897,0.0263901818544,0.945972323418,0.0814582705498,-0.0766040086746,0.691344916821,-0.713819742203
0.742258906364,0.0264856778085,0.946039795876,0.0806920751929,-0.0765377432108,0.691033661366,-0.714215040207
0.742469489574,0.026712635532,0.946096122265,0.0806828141212,-0.0762315019965,0.690877735615,-0.71439987421
0.742686331272,0.0273542571813,0.946120500565,0.079541541636,-0.0767541751266,0.690926551819,-0.714424610138
0.742802739143,0.0275424961001,0.946171402931,0.0797113105655,-0.076675131917,0.690796196461,-0.714540243149
0.742966711521,0.0277561079711,0.946261286736,0.0796189829707,-0.0763715207577,0.690565824509,-0.714805662632
0.743092954159,0.0279953144491,0.946268498898,0.0798521563411,-0.0773336961865,0.690469324589,-0.714769363403
0.74315649271,0.0281184948981,0.946320712566,0.0801525190473,-0.0769390761852,0.690491616726,-0.714756786823
0.743249833584,0.0281803328544,0.94646269083,0.0798649340868,-0.0768261551857,0.690147995949,-0.715133011341
0.743443846703,0.0283642821014,0.94653069973,0.0802889242768,-0.076473377645,0.690267562866,-0.715007781982
0.743610084057,0.0285376533866,0.946600496769,0.0812038332224,-0.076549641788,0.689884185791,-0.715266287327
0.743733763695,0.0286964289844,0.946631848812,0.0816677957773,-0.0760346576571,0.6896250844,-0.71551823616
0.743864417076,0.0288394764066,0.946680724621,0.0815974101424,-0.0757736638188,0.689616501331,-0.715562224388
0.744009912014,0.0290176104754,0.94672948122,0.0814233794808,-0.0755806416273,0.689520537853,-0.715694963932
0.744177103043,0.0291840042919,0.946730911732,0.0808376371861,-0.0752856209874,0.689530849457,-0.715782701969
0.744481384754,0.0293586943299,0.946817100048,0.080636434257,-0.0749293118715,0.689570426941,-0.715804517269
0.744560062885,0.0294325947762,0.94687217474,0.0808507576585,-0.074799336493,0.689572811127,-0.715791642666
0.74481266737,0.0296633411199,0.946988523006,0.0804276838899,-0.0745649710298,0.689640820026,-0.715798258781
0.744995176792,0.029824398458,0.947038650513,0.0803962647915,-0.0742355510592,0.68976610899,-0.715715289116
0.745103061199,0.0298618990928,0.947102069855,0.0801299586892,-0.0742677599192,0.689945816994,-0.71556854248
0.745384097099,0.0300968680531,0.947210788727,0.0808731392026,-0.0734973400831,0.689644098282,-0.715855240822
0.745458304882,0.0301766246557,0.947248697281,0.0809300094843,-0.0732653141022,0.689722120762,-0.715797483921
0.745624661446,0.0303476173431,0.947309553623,0.0807179063559,-0.0732000097632,0.689757347107,-0.715794146061
0.745811760426,0.030499054119,0.947340011597,0.0803837105632,-0.0729898810387,0.689708054066,-0.715900719166
0.746084213257,0.0308487229049,0.947342693806,0.0799594074488,-0.0729974284768,0.689969003201,-0.715695917606
0.746169745922,0.0307776294649,0.947440087795,0.080391921103,-0.0722829848528,0.690148711205,-0.715546667576
0.746327459812,0.0309728942811,0.947440087795,0.080209761858,-0.0721072852612,0.690405607224,-0.71533703804
0.746579527855,0.0310764536262,0.947533726692,0.0792766734958,-0.0722812339664,0.690630793571,-0.715206027031
0.746745407581,0.0311967562884,0.947580099106,0.0789690762758,-0.072020880878,0.690785586834,-0.715116858482
0.747186362743,0.0314697623253,0.947738349438,0.0777343660593,-0.0714500248432,0.691123783588,-0.714982807636
0.747186362743,0.0314697623253,0.947738349438,0.0777343660593,-0.0714500248432,0.691123783588,-0.714982807636
0.747338414192,0.0316285900772,0.94783449173,0.0775402039289,-0.0712701007724,0.691406965256,-0.714747846127
0.747481405735,0.0317640155554,0.947889864445,0.0747341886163,-0.0696092098951,0.692028582096,-0.714608848095
0.747694075108,0.0319116935134,0.947973430157,0.0742644965649,-0.0692866593599,0.692279040813,-0.714446663857
0.74799990654,0.032201461494,0.948105216026,0.0744551420212,-0.0690700188279,0.692703545094,-0.714036166668
0.748171985149,0.0323431864381,0.948133051395,0.076149135828,-0.0705265104771,0.692530632019,-0.713882803917
0.748402893543,0.0325089171529,0.948152661324,0.0756583064795,-0.0702244564891,0.692893028259,-0.713613152504
0.74878513813,0.0328220799565,0.948232591152,0.0755949541926,-0.0694763883948,0.693762481213,-0.71284788847
0.74878513813,0.0328220799565,0.948232591152,0.0755949541926,-0.0694763883948,0.693762481213,-0.71284788847
0.748986124992,0.0328875146806,0.948267579079,0.0751954987645,-0.0691547840834,0.694129168987,-0.712564408779
0.749056339264,0.0329427085817,0.948292136192,0.0750860720873,-0.0688008591533,0.694502353668,-0.712246596813
0.749132871628,0.0330142192543,0.948298454285,0.0753661543131,-0.0680577382445,0.69483602047,-0.711962878704
0.749374985695,0.0331601426005,0.948324739933,0.073505744338,-0.0678606927395,0.695164561272,-0.711855530739
0.749553024769,0.0332421064377,0.948375940323,0.0736373588443,-0.0670702308416,0.695434272289,-0.711653232574
0.749693870544,0.0333360470831,0.948417246342,0.073436781764,-0.0664415806532,0.695661842823,-0.711510539055
0.749827802181,0.0334444753826,0.948442399502,0.0736394077539,-0.0658362433314,0.695944905281,-0.711269021034
0.749968469143,0.0335034020245,0.948501229286,0.0735108926892,-0.0649799853563,0.696233928204,-0.711078107357
0.750130593777,0.0335906594992,0.948547840118,0.0731618031859,-0.0648932605982,0.696216642857,-0.711139082909
0.750286340714,0.0337283499539,0.94858789444,0.0725979804993,-0.064476788044,0.696287155151,-0.71116566658
0.750450730324,0.0338509827852,0.94858366251,0.0719824805856,-0.0639559701085,0.696514070034,-0.711053013802
0.75050932169,0.0339850969613,0.948599517345,0.07173948735,-0.0635213032365,0.696666479111,-0.710967302322
0.750701248646,0.0341888517141,0.948691487312,0.0713683590293,-0.0628807917237,0.696843802929,-0.710887730122
0.75078445673,0.0342886894941,0.948708176613,0.0709341913462,-0.0624100081623,0.696970522404,-0.710848450661
0.750875651836,0.0344268456101,0.948774337769,0.0706283673644,-0.0620745830238,0.697185397148,-0.710697591305
0.750942051411,0.034547790885,0.948782205582,0.0700893029571,-0.0617196857929,0.697399795055,-0.710571408272
0.751022279263,0.0346397124231,0.948807954788,0.0697580203414,-0.0611314028502,0.697347521782,-0.710706174374
0.751082599163,0.0347750298679,0.948844134808,0.0684421211481,-0.061362169683,0.697796940804,-0.710373103619
0.751203894615,0.0349908173084,0.94888061285,0.0682036206126,-0.061146453023,0.698098361492,-0.710118472576
0.751243472099,0.0351037196815,0.948877155781,0.0679834336042,-0.0609417632222,0.698317468166,-0.709941625595
0.751327693462,0.0352274812758,0.948877513409,0.0677093118429,-0.0606631971896,0.698606669903,-0.709707140923
0.751354336739,0.0353312343359,0.948872089386,0.0678228586912,-0.0602881275117,0.698679029942,-0.709657132626
0.751241445541,0.0352788344026,0.948827505112,0.0683567076921,-0.0600671879947,0.698925077915,-0.709382236004
0.751265525818,0.0353838056326,0.94883787632,0.0679867565632,-0.0600519292057,0.699090301991,-0.709256291389
0.751326501369,0.0355811230838,0.948865830898,0.0674948766828,-0.0599961280823,0.699361085892,-0.709040939808
0.75134909153,0.0357157029212,0.948864340782,0.0671614781022,-0.0600516833365,0.69960641861,-0.708825945854
0.751398086548,0.0358729921281,0.948868334293,0.0654579401016,-0.059808563441,0.700056135654,-0.708561718464
0.75146406889,0.0362358428538,0.948756575584,0.064657650888,-0.0600021071732,0.700388014317,-0.708290815353
0.751419425011,0.0361807122827,0.948803663254,0.0650494918227,-0.0598681047559,0.700732052326,-0.707925856113
0.751460194588,0.0362662672997,0.948823273182,0.064468704164,-0.059678863734,0.701174378395,-0.707556962967
0.751490473747,0.0363470390439,0.948865294456,0.0644953474402,-0.0591179654002,0.701705276966,-0.707075059414
0.751429140568,0.0363919883966,0.94883364439,0.0645373985171,-0.0590723641217,0.702064096928,-0.706718862057
0.751403808594,0.0365313664079,0.948814988136,0.0642024353147,-0.0595111772418,0.702415287495,-0.706363499165
0.751405775547,0.0366790220141,0.948812484741,0.0639531165361,-0.0595715865493,0.702837228775,-0.705961048603
0.751407325268,0.0368283241987,0.948806583881,0.0637825205922,-0.0596426948905,0.70334148407,-0.705468177795
0.75139862299,0.03695615381,0.948796629906,0.0637551546097,-0.0596774555743,0.703785896301,-0.705024302006
0.751474678516,0.0371875166893,0.948780179024,0.0632015392184,-0.0598001070321,0.704196751118,-0.704653561115
0.751451253891,0.0373033322394,0.948709785938,0.0630434677005,-0.0597865320742,0.704697072506,-0.704168438911
0.751582145691,0.0375592932105,0.948699533939,0.0616756789386,-0.0600820444524,0.705048680305,-0.703912258148
0.751576125622,0.037726663053,0.948730170727,0.061274792999,-0.0602339059114,0.705592632294,-0.70338922739
0.751540660858,0.0377869606018,0.948717772961,0.0619188249111,-0.0597755946219,0.706508755684,-0.702451705933
0.751640617847,0.0381792970002,0.94862729311,0.0603637471795,-0.0599588118494,0.707318067551,-0.701756596565
0.751640617847,0.0381792970002,0.94862729311,0.0603637471795,-0.0599588118494,0.707318067551,-0.701756596565
0.751587331295,0.0381483063102,0.948656857014,0.0607231669128,-0.0602546967566,0.707542002201,-0.701474368572
0.751601874828,0.0382598116994,0.948626697063,0.0604812651873,-0.0599042661488,0.708463132381,-0.700595140457
0.751575410366,0.0383496470749,0.948575139046,0.0607625097036,-0.0600176081061,0.709302902222,-0.699710845947
0.751629412174,0.0385077781975,0.948493421078,0.0598156452179,-0.0604287311435,0.709724903107,-0.699328958988
0.751604855061,0.0386127792299,0.948425710201,0.0590672902763,-0.0607003606856,0.710292875767,-0.698792278767
0.751697003841,0.0387135185301,0.948371589184,0.0592710636556,-0.0604706294835,0.710906624794,-0.698170542717
0.751718461514,0.0388326123357,0.948270440102,0.0588493198156,-0.0605186857283,0.711464285851,-0.697633743286
0.751774132252,0.0389116220176,0.948239207268,0.0583163499832,-0.0604996606708,0.711956739426,-0.697177648544
0.751803815365,0.0389852449298,0.948195755482,0.0576467253268,-0.0609698817134,0.712055563927,-0.697091281414
0.7518902421,0.0390078686178,0.948204159737,0.0573662593961,-0.0607191473246,0.712505757809,-0.696676373482
0.752046644688,0.0391573570669,0.948218107224,0.0567155219615,-0.0606390349567,0.712908864021,-0.696324050426
0.752126574516,0.0392258316278,0.948190331459,0.0545115508139,-0.0592109449208,0.713759481907,-0.695751368999
0.752178192139,0.039264164865,0.948142647743,0.0546014457941,-0.0586223676801,0.714606523514,-0.694924235344
0.752205848694,0.0391082465649,0.948090672493,0.0548147298396,-0.0580372475088,0.715153753757,-0.694393455982
0.752268910408,0.0391216315329,0.948047339916,0.0543859526515,-0.0581688433886,0.715526163578,-0.694032430649
0.752349674702,0.0391011610627,0.948012411594,0.054125379771,-0.0580674596131,0.715936303139,-0.693638086319
0.752477228642,0.0390270315111,0.947994530201,0.0542350821197,-0.0577303394675,0.716287016869,-0.693295419216
0.752545416355,0.0389954298735,0.947941184044,0.0536625944078,-0.0575371906161,0.7167096138,-0.692919373512
0.752621948719,0.0389572642744,0.947908878326,0.0538058802485,-0.057335048914,0.71704107523,-0.692582011223
0.752684116364,0.0389114357531,0.947886109352,0.0533943921328,-0.0572271682322,0.717526495457,-0.692119836807
0.752722978592,0.0388619787991,0.947880983353,0.0532677508891,-0.0571677722037,0.717881202698,-0.691766500473
0.752923905849,0.0388695038855,0.94781690836,0.054395660758,-0.0570538453758,0.718189775944,-0.691367805004
0.752984464169,0.0387893244624,0.947791874409,0.0542118959129,-0.0572417713702,0.718489050865,-0.691055715084
0.753031730652,0.0387132428586,0.947761297226,0.0540601983666,-0.0572365820408,0.718782663345,-0.690762579441
0.753107666969,0.0386140868068,0.947706103325,0.0532074049115,-0.0571152679622,0.718808829784,-0.690811634064
0.753176450729,0.0384744368494,0.947721123695,0.053165577352,-0.0569051541388,0.71902769804,-0.690604448318
0.753262221813,0.0383510179818,0.947728514671,0.0536463670433,-0.0567500591278,0.719489693642,-0.690098643303
0.753307104111,0.0382480435073,0.947715401649,0.0533366650343,-0.0566698238254,0.719756960869,-0.689850449562
0.753344476223,0.038134932518,0.947695195675,0.0533588267863,-0.0564063638449,0.719985663891,-0.689631521702
0.753275811672,0.0379127413034,0.947631061077,0.0537844523787,-0.0563688352704,0.720136404037,-0.689444303513
0.753312408924,0.037789285183,0.947627365589,0.0539584159851,-0.0576364248991,0.720150947571,-0.689310669899
0.753343403339,0.0376607552171,0.947612047195,0.0535024702549,-0.0563924387097,0.720309317112,-0.689283549786
0.753373146057,0.0375405624509,0.947605490685,0.0536787621677,-0.0573980845511,0.720289826393,-0.689207315445
0.753452241421,0.0374066717923,0.947588443756,0.0535027645528,-0.0572102069855,0.72038847208,-0.689133584499
0.752851426601,0.0377736538649,0.947031855583,0.0531337708235,-0.0577074550092,0.720391690731,-0.689117252827
0.75356066227,0.0371245518327,0.947608828545,0.0530188046396,-0.0557657852769,0.720612227917,-0.689055383205
0.753609001637,0.0369661897421,0.947628378868,0.0525231696665,-0.0562889128923,0.720985531807,-0.688660085201
0.753634631634,0.0368404649198,0.947617411613,0.0522131584585,-0.0563088022172,0.720986902714,-0.688680708408
0.753661036491,0.0367238298059,0.947624921799,0.052139878273,-0.0561675913632,0.721028387547,-0.688654363155
0.753676593304,0.0365969911218,0.947620034218,0.0512009263039,-0.0552438274026,0.720801770687,-0.689036667347
0.753689408302,0.0364653244615,0.947619974613,0.0513801947236,-0.0549609512091,0.720747590065,-0.68910241127
0.753694534302,0.0363382808864,0.947611629963,0.0515773743391,-0.054817289114,0.720683932304,-0.689165890217
0.753715991974,0.0361352153122,0.947660624981,0.0516605749726,-0.054297760129,0.720568716526,-0.689321160316
0.753698050976,0.0359962880611,0.94766420126,0.0525173172355,-0.0541213825345,0.720584630966,-0.689253747463
0.753661036491,0.0358355492353,0.947638511658,0.0533894822001,-0.054402038455,0.720566213131,-0.68918377161
0.753589391708,0.0356723666191,0.947637498379,0.0537719912827,-0.0540066733956,0.720391571522,-0.689367651939
0.753543972969,0.035496711731,0.947616159916,0.0533649362624,-0.0531418099999,0.719858586788,-0.690022945404
0.753494620323,0.0353592559695,0.947620511055,0.0544605776668,-0.0537733882666,0.719771206379,-0.689979732037
0.753445088863,0.0352280586958,0.94762301445,0.0549176111817,-0.0534887611866,0.71947312355,-0.690276265144
0.753400862217,0.0350865125656,0.947632312775,0.0556664504111,-0.0528289116919,0.719182193279,-0.690570473671
0.753308534622,0.0350056104362,0.947619378567,0.0553556196392,-0.051754321903,0.718595266342,-0.691287398338
0.753267467022,0.035210005939,0.947268545628,0.0550104305148,-0.0522905439138,0.718116164207,-0.691772162914
0.753045558929,0.0349899791181,0.947408676147,0.0558740049601,-0.0516100227833,0.717331171036,-0.692568063736
0.7529707551,0.0349033027887,0.947411060333,0.0568563938141,-0.0523269362748,0.717100441456,-0.692673265934
0.752976000309,0.0346004962921,0.947606444359,0.0575916804373,-0.0516473539174,0.716704845428,-0.693072855473
0.752786338329,0.0345149710774,0.947571873665,0.0582385994494,-0.0520279891789,0.716148972511,-0.693564891815
0.752700805664,0.0344206020236,0.947548806667,0.0588893480599,-0.0518555156887,0.715611457825,-0.694077253342
0.752621471882,0.0343572534621,0.947525918484,0.0587786920369,-0.0506895259023,0.714794576168,-0.695014059544
0.75252276659,0.034275777638,0.947522878647,0.0591883100569,-0.0508171319962,0.714112818241,-0.695670425892
0.752501189709,0.0343609824777,0.947416067123,0.0594144947827,-0.0507779084146,0.713478147984,-0.696304917336
0.752329170704,0.0343070067465,0.947392523289,0.0610220618546,-0.0518050119281,0.712985992432,-0.696594238281
0.752237856388,0.0342802032828,0.94734442234,0.0616081394255,-0.0521335750818,0.712337493896,-0.697181284428
0.752070367336,0.0341211892664,0.947343587875,0.062635153532,-0.0520768761635,0.711717307568,-0.697727322578
0.752070844173,0.0343891680241,0.947294831276,0.0623079799116,-0.0531940199435,0.71081662178,-0.698589861393
0.751936674118,0.0344559624791,0.9472219944,0.0618373006582,-0.05235972628,0.709815442562,-0.699711799622
0.75178283453,0.0345079377294,0.947145223618,0.0623034276068,-0.0528219863772,0.709015309811,-0.700446665287
0.751578211784,0.034356713295,0.947182536125,0.0636147484183,-0.0530799739063,0.707972228527,-0.701363682747
0.751321732998,0.034278601408,0.947124302387,0.0642580240965,-0.0535092428327,0.70715534687,-0.702096104622
0.751204133034,0.0343353636563,0.947109460831,0.0652572736144,-0.0545953139663,0.706537902355,-0.702541828156
0.751369833946,0.0350085049868,0.946589231491,0.0636590197682,-0.0541376844049,0.70577609539,-0.703488886356
0.751203179359,0.0351303033531,0.946523785591,0.0647736936808,-0.0556755773723,0.70510840416,-0.703936636448
0.750620722771,0.0348533168435,0.946941792965,0.068447984755,-0.0568171963096,0.702159881592,-0.706440448761
0.750620722771,0.0348533168435,0.946941792965,0.068447984755,-0.0568171963096,0.702159881592,-0.706440448761
0.750475287437,0.0350071452558,0.946924746037,0.068595893681,-0.0579177476466,0.701240122318,-0.707249999046
0.750364363194,0.0351453311741,0.946968972683,0.0693785697222,-0.0583961382508,0.700093567371,-0.708269357681
0.750355601311,0.0355235561728,0.946931123734,0.0696449279785,-0.0588855147362,0.699094414711,-0.709188997746
0.750076174736,0.035638064146,0.946885764599,0.0702367573977,-0.0597446672618,0.69813388586,-0.7100045681
0.749845206738,0.0358321517706,0.946798920631,0.0706958696246,-0.0600824765861,0.697251677513,-0.710796892643
0.749765813351,0.0361019521952,0.946771323681,0.0702717453241,-0.0611711218953,0.696192502975,-0.711783707142
0.749618947506,0.036291975528,0.946749329567,0.0704208537936,-0.0617470368743,0.69487541914,-0.713005185127
0.749334335327,0.036402169615,0.946658492088,0.0717464163899,-0.0620343573391,0.694079637527,-0.713622927666
0.749109148979,0.0365523509681,0.946665048599,0.0715902373195,-0.0625504553318,0.692924082279,-0.714715600014
0.74888920784,0.0365164317191,0.946737170219,0.0734322592616,-0.0626667737961,0.691856741905,-0.715552091599
0.748839199543,0.0368867069483,0.946736812592,0.0729822963476,-0.0631044134498,0.690804600716,-0.716575503349
0.748678863049,0.0371146127582,0.946766793728,0.0734730958939,-0.0634799599648,0.689763605595,-0.717494308949
0.748477220535,0.037361074239,0.946807026863,0.0738068148494,-0.0640661939979,0.688766121864,-0.71836578846
0.748322427273,0.0376177355647,0.946766853333,0.0745515972376,-0.0644214376807,0.68757390976,-0.719398438931
0.748133778572,0.0378220789135,0.946766972542,0.0746720060706,-0.0646830499172,0.686494469643,-0.720392584801
0.747999310493,0.0380950793624,0.946720421314,0.0742350891232,-0.0652499198914,0.685208022594,-0.721610486507
0.747902095318,0.0384544320405,0.946717619896,0.0738931521773,-0.0659042969346,0.684264957905,-0.722480475903
0.747670948505,0.0387671813369,0.946738779545,0.0744189172983,-0.0665288493037,0.683325171471,-0.723258256912
0.747523128986,0.0390711016953,0.946624100208,0.0750591829419,-0.0666051879525,0.682336866856,-0.724117636681
0.746699631214,0.0396987125278,0.946257293224,0.0752579048276,-0.0688129663467,0.680547714233,-0.725572764874
0.746516883373,0.0398370139301,0.946219921112,0.0758975595236,-0.0690489709377,0.679547965527,-0.726420223713
0.746300935745,0.0401202328503,0.946153700352,0.0760928913951,-0.0695104524493,0.678586423397,-0.727254211903
0.746150553226,0.0404397659004,0.946077227592,0.0766511335969,-0.0698131173849,0.677484154701,-0.728193700314
0.745919287205,0.0404716953635,0.946129083633,0.0787214413285,-0.0703032836318,0.676128029823,-0.729185402393
0.745710730553,0.0407369509339,0.946088910103,0.0795914009213,-0.0704027637839,0.675390660763,-0.729764401913
0.745566189289,0.0410297811031,0.946037173271,0.0795943662524,-0.0705420002341,0.674401164055,-0.730665266514
0.74544852972,0.0412714704871,0.946053147316,0.0793860033154,-0.0711473599076,0.673361539841,-0.731587350368
0.745289683342,0.0415437892079,0.94600892067,0.079681314528,-0.0714070424438,0.672343432903,-0.732465982437
0.745110630989,0.0417859181762,0.945987045765,0.0802047327161,-0.0717744752765,0.671433925629,-0.733206808567
0.74505597353,0.0420382097363,0.945956349373,0.0800652354956,-0.071822591126,0.670316815376,-0.734238743782
0.744904518127,0.0423457026482,0.94587212801,0.0806190147996,-0.0716403797269,0.669713497162,-0.734746336937
0.744807898998,0.0425972677767,0.94584518671,0.0802441909909,-0.0720306113362,0.668728768826,-0.735645473003
0.744659125805,0.0428370907903,0.945823550224,0.0804624557495,-0.0721106156707,0.667961120605,-0.736310958862
0.744620919228,0.0430839955807,0.945825338364,0.0806072279811,-0.0720903947949,0.667251825333,-0.736940026283
0.744544267654,0.0433870963752,0.945876657963,0.0807853490114,-0.0723064690828,0.666519224644,-0.737561881542
0.744395256042,0.0436728745699,0.945820987225,0.081304192543,-0.0725036114454,0.665823161602,-0.738114058971
0.744229614735,0.0439306385815,0.945811927319,0.0818025097251,-0.0725786238909,0.665139496326,-0.738667845726
