x,y,z,q0,q1,q2,q3
-0.534012973309,0.0733787193894,1.34216678143,0.0293272249401,-0.133182123303,-0.577453315258,-0.80495351553
-0.532868146896,0.0738997831941,1.34188497066,0.0292341094464,-0.130964890122,-0.577466726303,-0.805310964584
-0.532284021378,0.0736730918288,1.34191977978,0.0291314199567,-0.131933107972,-0.577944636345,-0.804813623428
-0.531873583794,0.0733887627721,1.34194433689,0.0282563753426,-0.132712364197,-0.578577637672,-0.804261684418
-0.53112745285,0.0734287947416,1.34169626236,0.0275381896645,-0.131516113877,-0.577989637852,-0.804905712605
-0.530252277851,0.0733363553882,1.34137523174,0.0283215958625,-0.132305309176,-0.580106317997,-0.803224682808
-0.529769837856,0.073065303266,1.34132230282,0.0276562720537,-0.132734581828,-0.580918908119,-0.802589535713
-0.529168605804,0.0730728656054,1.34119904041,0.0273830201477,-0.132864207029,-0.582074224949,-0.801739871502
-0.528667509556,0.073134817183,1.34104585648,0.0258286930621,-0.132378146052,-0.58211004734,-0.801845908165
-0.528307139874,0.0728945806623,1.34098410606,0.0258181132376,-0.133951976895,-0.58304131031,-0.800907611847
-0.52779507637,0.072587557137,1.3409460783,0.0261249467731,-0.135578930378,-0.585831999779,-0.798584222794
-0.527272284031,0.0724262818694,1.34097993374,0.0246731322259,-0.136490777135,-0.586938977242,-0.797661721706
-0.52675139904,0.0723500102758,1.34090137482,0.023234449327,-0.137266501784,-0.587767243385,-0.796961545944
-0.526092112064,0.0723771601915,1.34057736397,0.02196781151,-0.137171655893,-0.589212059975,-0.795946240425
-0.526298344135,0.071877874434,1.34063482285,0.0208866577595,-0.140460401773,-0.591327726841,-0.793829977512
-0.525321185589,0.0719518065453,1.34048163891,0.0184636861086,-0.139810159802,-0.592112243176,-0.79342007637
-0.524804472923,0.0720817670226,1.34034740925,0.0184592772275,-0.140048727393,-0.592906713486,-0.792784452438
-0.52458781004,0.0719002634287,1.34030497074,0.0157565996051,-0.141457870603,-0.594295024872,-0.791552186012
-0.524114072323,0.0722353979945,1.34009373188,0.0146193578839,-0.14170178771,-0.59523922205,-0.790820598602
-0.523472070694,0.0724460035563,1.33967638016,0.0133847827092,-0.141643553972,-0.597246587276,-0.789337992668
-0.523077428341,0.072529412806,1.33962225914,0.0114724840969,-0.141870066524,-0.598311066628,-0.788520932198
-0.523049533367,0.0725261643529,1.33976769447,0.00944417808205,-0.143496274948,-0.599784314632,-0.787133038044
-0.523114919662,0.0722883939743,1.33966624737,0.00776651455089,-0.145753502846,-0.601428925991,-0.785480082035
-0.52219581604,0.0726927220821,1.33939707279,0.00675683002919,-0.144610181451,-0.602423965931,-0.784937918186
-0.521931648254,0.0728399604559,1.33931064606,0.00451879156753,-0.144846051931,-0.603591561317,-0.784013152122
-0.522047817707,0.0727776363492,1.33938455582,0.00227495096624,-0.146944567561,-0.604872584343,-0.782643854618
-0.521377027035,0.0732344835997,1.33910250664,0.00259789684787,-0.14705081284,-0.606396198273,-0.781442940235
-0.521555900574,0.0731908977032,1.33924794197,0.000854766985867,-0.148345574737,-0.60791260004,-0.780022621155
-0.520806849003,0.0736626312137,1.338991642,-0.000198252382688,-0.147381901741,-0.608610272408,-0.779661476612
-0.520599663258,0.0737656578422,1.33903646469,-0.00161096663214,-0.148268669844,-0.610140860081,-0.77829426527
-0.520081102848,0.0739472210407,1.33881556988,-0.00224907277152,-0.147977486253,-0.610571205616,-0.778010547161
-0.519615828991,0.0742011293769,1.33865880966,-0.00394458789378,-0.147899851203,-0.611674726009,-0.777151286602
-0.519494473934,0.0744200795889,1.33872663975,-0.00559109589085,-0.148366719484,-0.613090217113,-0.775935828686
-0.51912522316,0.0745626538992,1.33864307404,-0.00629410147667,-0.148695290089,-0.614672362804,-0.774614751339
-0.518910884857,0.0749266594648,1.33870100975,-0.00719957705587,-0.14914740622,-0.615602374077,-0.773781001568
-0.518576860428,0.0749636813998,1.33868265152,-0.00830196496099,-0.149403616786,-0.616556763649,-0.7729601264
-0.518227577209,0.0752240344882,1.3385668993,-0.00860824249685,-0.1495038867,-0.617906749249,-0.771858632565
-0.517962098122,0.0754274502397,1.33851075172,-0.00967598706484,-0.149875059724,-0.619287133217,-0.770666837692
-0.517762959003,0.0755553990602,1.3385477066,-0.0101145720109,-0.150617688894,-0.620507538319,-0.769533872604
-0.517420589924,0.0758194699883,1.33838438988,-0.0113851176575,-0.150479584932,-0.622152745724,-0.768213629723
-0.517148315907,0.0760176181793,1.33839714527,-0.0123086702079,-0.150518581271,-0.622896671295,-0.767588675022
-0.516914606094,0.0761822089553,1.33835506439,-0.0123631563038,-0.151245757937,-0.624240636826,-0.766352057457
-0.516684710979,0.0763639807701,1.33834600449,-0.0136051736772,-0.15157212317,-0.625557124615,-0.765192210674
-0.516314923763,0.0766248703003,1.33828389645,-0.0127112623304,-0.152701616287,-0.62828296423,-0.762745857239
-0.516240179539,0.0767290219665,1.3383384943,-0.0143359499052,-0.152610659599,-0.628197610378,-0.762805521488
-0.516067445278,0.0766945779324,1.3383910656,-0.0143888732418,-0.153621912003,-0.629664003849,-0.761391162872
-0.515915155411,0.0769006237388,1.3384193182,-0.0148343360052,-0.154272064567,-0.631072580814,-0.760083913803
-0.515659809113,0.0771906748414,1.33828604221,-0.0149547755718,-0.155399531126,-0.632120609283,-0.758980154991
-0.515663385391,0.0774729400873,1.33826041222,-0.0163194797933,-0.155403152108,-0.631052494049,-0.759839653969
-0.515497624874,0.0775734335184,1.33824884892,-0.0156119242311,-0.156095832586,-0.633495926857,-0.757676243782
-0.515563488007,0.0773816481233,1.33836555481,-0.0151908490807,-0.156320214272,-0.633244276047,-0.757848918438
-0.515243589878,0.077918946743,1.33828139305,-0.0161339659244,-0.157761290669,-0.636067986488,-0.755161345005
-0.515162706375,0.0780235826969,1.33834385872,-0.0162873249501,-0.159354075789,-0.637529850006,-0.753589212894
-0.515274941921,0.077802605927,1.33838844299,-0.0160908997059,-0.158664748073,-0.637380719185,-0.753865122795
-0.515016615391,0.078368589282,1.3383538723,-0.0167130120099,-0.160593062639,-0.640517950058,-0.75077778101
-0.515412092209,0.0781431645155,1.33837652206,-0.0163560844958,-0.161040857434,-0.644184589386,-0.747545719147
-0.515118598938,0.0783586427569,1.33842360973,-0.0162180978805,-0.161526232958,-0.640830039978,-0.750321924686
-0.515165269375,0.078833937645,1.33838868141,-0.017139095813,-0.164286509156,-0.644533813,-0.746520161629
-0.515129387379,0.0790089741349,1.33824682236,-0.0174998678267,-0.164976298809,-0.645503759384,-0.745520949364
-0.515643835068,0.0786915868521,1.33838951588,-0.0173027850688,-0.165595173836,-0.648679077625,-0.742626726627
-0.515333533287,0.0791094824672,1.33849644661,-0.0172963775694,-0.168211117387,-0.649535000324,-0.741289436817
-0.515286147594,0.0794401466846,1.33837807178,-0.0171706993133,-0.168601110578,-0.650840759277,-0.740057468414
-0.515493690968,0.0795586109161,1.33840823174,-0.0175871215761,-0.169464126229,-0.65222465992,-0.738630950451
-0.516253292561,0.0795241221786,1.33831000328,-0.0187139455229,-0.167876586318,-0.657017946243,-0.73470723629
-0.51583468914,0.0800173059106,1.3382153511,-0.0173453912139,-0.171893775463,-0.654985427856,-0.735626101494
-0.516202509403,0.0799426808953,1.33815813065,-0.0167164411396,-0.171995177865,-0.654751777649,-0.735825002193
-0.516297399998,0.080279931426,1.33798027039,-0.0165394209325,-0.172488436103,-0.655636787415,-0.734924852848
-0.516555249691,0.0805655568838,1.33791542053,-0.0170457623899,-0.173174381256,-0.657203376293,-0.733351111412
-0.51667624712,0.0811032429338,1.3379355669,-0.0180083643645,-0.17511895299,-0.659812808037,-0.730517804623
-0.517476081848,0.0811906009912,1.33787930012,-0.0191155727953,-0.172766461968,-0.664232850075,-0.727035999298
-0.517126619816,0.0817395299673,1.33776772022,-0.0173387117684,-0.176983341575,-0.662013292313,-0.728089869022
-0.517880618572,0.0819214954972,1.33763158321,-0.0182960964739,-0.17412789166,-0.666792869568,-0.724383950233
-0.517552256584,0.0823648348451,1.3375223875,-0.0174145828933,-0.177490144968,-0.664518356323,-0.725678443909
-0.518396019936,0.082490041852,1.33755421638,-0.0176433529705,-0.17581307888,-0.667627811432,-0.723223090172
-0.518300712109,0.0831636637449,1.33748054504,-0.0169552993029,-0.178213760257,-0.665464878082,-0.724643945694
-0.518531918526,0.0837527811527,1.3373042345,-0.01705487445,-0.177738413215,-0.66620028019,-0.72408246994
-0.519324064255,0.0839616060257,1.33735024929,-0.0181400272995,-0.178987890482,-0.667436778545,-0.722608089447
-0.519776046276,0.0844676420093,1.3371130228,-0.0180723015219,-0.175543114543,-0.671847939491,-0.719359695911
-0.519922792912,0.0849354341626,1.33710253239,-0.0181566271931,-0.179207444191,-0.669546246529,-0.72059905529
-0.520081102848,0.0854079350829,1.33717811108,-0.0173375178128,-0.179436013103,-0.670400321484,-0.719767689705
-0.520258545876,0.0858651474118,1.33709132671,-0.0174051541835,-0.179631948471,-0.672126233578,-0.71810567379
-0.521317720413,0.0864390581846,1.33690667152,-0.0185629930347,-0.176304653287,-0.675769329071,-0.715477347374
-0.521857440472,0.0869064182043,1.33694386482,-0.0188073180616,-0.17658175528,-0.676973283291,-0.714263617992
-0.521468639374,0.0876901075244,1.33674001694,-0.0181296560913,-0.179241091013,-0.674666762352,-0.71579939127
-0.521821975708,0.0882410556078,1.33669865131,-0.0187288913876,-0.17882655561,-0.675780951977,-0.714836061001
-0.522588968277,0.0886407196522,1.33670973778,-0.0186679810286,-0.179791435599,-0.676968634129,-0.713470458984
-0.522942781448,0.0891986787319,1.33664667606,-0.018692702055,-0.179564371705,-0.677892148495,-0.712649643421
-0.523512244225,0.089903190732,1.33662557602,-0.0193506013602,-0.179080575705,-0.677968978882,-0.712680757046
-0.523494005203,0.0906595215201,1.33647835255,-0.018690885976,-0.178264588118,-0.679384350777,-0.71155411005
-0.524395048618,0.0911675840616,1.33646523952,-0.0192088969052,-0.178686007857,-0.679977178574,-0.710868060589
-0.524975240231,0.0916249603033,1.33653903008,-0.0186937283725,-0.175867155194,-0.681263387203,-0.710353076458
-0.52488899231,0.0924895107746,1.33645164967,-0.0198237653822,-0.177895322442,-0.682280600071,-0.708839535713
-0.525430500507,0.0933540314436,1.33633244038,-0.0200215633959,-0.177038416266,-0.682325720787,-0.709005117416
-0.525957226753,0.0939307957888,1.33634996414,-0.0195127148181,-0.177231609821,-0.683314740658,-0.708017885685
-0.526371717453,0.0946242213249,1.33626699448,-0.0200793277472,-0.177094295621,-0.684127986431,-0.707250595093
-0.526760220528,0.0952252745628,1.33616685867,-0.0204811841249,-0.177250355482,-0.685714304447,-0.705661952496
-0.527260780334,0.0958955064416,1.33601403236,-0.0203282572329,-0.176907032728,-0.686748027802,-0.704746603966
-0.528213918209,0.0964181050658,1.33587503433,-0.0210725385696,-0.175027698278,-0.689193069935,-0.70280456543
-0.528590738773,0.097121424973,1.33578240871,-0.0212129503489,-0.173786625266,-0.688244879246,-0.704036355019
-0.528795063496,0.0981056243181,1.33570683002,-0.0215047169477,-0.175875410438,-0.688703238964,-0.703059971333
-0.529008805752,0.0988614708185,1.33555150032,-0.0217313226312,-0.17532582581,-0.690080940723,-0.701838314533
-0.529523134232,0.0995027199388,1.33556330204,-0.0219679288566,-0.17505839467,-0.691126227379,-0.700868487358
-0.530652940273,0.100066632032,1.33548426628,-0.0232663545758,-0.171291649342,-0.694602787495,-0.698315739632
-0.530445516109,0.101178824902,1.33525443077,-0.0229386910796,-0.172926709056,-0.691960811615,-0.700542986393
-0.530745029449,0.101849973202,1.33517372608,-0.0226815901697,-0.172904163599,-0.693811357021,-0.698724150658
-0.531839191914,0.102444559336,1.33506166935,0.0235056467354,0.169340163469,0.697548866272,0.69584274292
-0.5324229002,0.103023566306,1.33515548706,0.0243773087859,0.168992638588,0.698293805122,0.695149600506
-0.532778143883,0.103841014206,1.33489263058,0.0246670655906,0.167975217104,0.69911134243,0.69456410408
-0.532934129238,0.104838572443,1.33459794521,0.0246018916368,0.166380420327,0.699636459351,0.694421589375
-0.533413767815,0.1055868119,1.33453643322,0.024652203545,0.16581620276,0.7004814744,0.69370251894
-0.533799529076,0.10636049509,1.33443713188,0.0248804278672,0.164903447032,0.701255857944,0.693129241467
-0.533628344536,0.107413426042,1.33428990841,0.0250499509275,0.167173609138,0.698839664459,0.695016980171
-0.534033536911,0.108193129301,1.33412373066,0.0253640525043,0.166259229183,0.699472904205,0.694587826729
-0.535197019577,0.10883924365,1.33386576176,0.0267942659557,0.163243591785,0.704059958458,0.690603554249
-0.535489678383,0.109535142779,1.33378982544,0.026836482808,0.162572339177,0.70466285944,0.69014519453
-0.535284101963,0.110639676452,1.33357465267,0.0266720671207,0.164293542504,0.701587200165,0.692872047424
-0.536307394505,0.111206687987,1.33340597153,0.0280855409801,0.160972550511,0.705351233482,0.689767241478
-0.536238849163,0.112506322563,1.33293485641,0.0290880985558,0.162533223629,0.702570617199,0.692193388939
-0.536460578442,0.113277196884,1.33282995224,0.0286148507148,0.16252617538,0.70320135355,0.691573858261
-0.536876142025,0.114108078182,1.33258712292,0.0298325531185,0.161493912339,0.703435719013,0.691525876522
-0.537795901299,0.114611826837,1.33228707314,0.0312657281756,0.159023329616,0.708186268806,0.687172651291
-0.537721276283,0.115783110261,1.33207070827,0.0320814065635,0.160585537553,0.704700291157,0.690348088741
-0.538708925247,0.116373449564,1.33175778389,0.0330784320831,0.158085688949,0.708598315716,0.686879396439
-0.538531839848,0.117601960897,1.33147072792,0.0342066772282,0.159954294562,0.705951929092,0.689112842083
-0.539075553417,0.118551000953,1.33106589317,0.0358976200223,0.159278348088,0.706317842007,0.688808321953
-0.539303719997,0.119277663529,1.33083152771,0.0368616916239,0.15820838511,0.706753134727,0.688557446003
-0.539587318897,0.120336517692,1.33050906658,0.0377521701157,0.156548589468,0.707436442375,0.688186764717
-0.540902972221,0.120901979506,1.33028030396,0.0401095785201,0.154670163989,0.712492287159,0.683244526386
-0.540576756001,0.122093491256,1.33000826836,0.0413276366889,0.155982390046,0.709371268749,0.686115205288
-0.540454387665,0.123037591577,1.3298060894,0.0425396673381,0.154102921486,0.710824847221,0.6849604249
-0.540957927704,0.124034278095,1.32951617241,0.0440180450678,0.15221196413,0.710955500603,0.6851541996
-0.541922867298,0.124734833837,1.32925677299,0.0459100343287,0.149042844772,0.715071499348,0.681433200836
-0.541661381721,0.125886157155,1.32910323143,0.0472456105053,0.14963658154,0.712623596191,0.683772206306
-0.541844069958,0.12685225904,1.32890164852,0.0495326668024,0.148137390614,0.712858080864,0.683692276478
-0.543066859245,0.127306878567,1.3286908865,0.0514767244458,0.145723193884,0.71865439415,0.677975475788
-0.542608976364,0.128739625216,1.32863235474,0.0529871806502,0.143971517682,0.714593648911,0.682510495186
-0.542906165123,0.129454657435,1.32849919796,0.0527605041862,0.143862858415,0.718099892139,0.678861141205
-0.543179273605,0.130219906569,1.32843458652,0.0554955229163,0.143134698272,0.719099700451,0.677737653255
-0.544395923615,0.130924522877,1.32833862305,0.05722014606,0.139656573534,0.722863972187,0.674306809902
-0.544826567173,0.131771996617,1.32823324203,0.05856911093,0.137733489275,0.72384250164,0.673536360264
-0.544335782528,0.132851317525,1.32817089558,0.0603221729398,0.137731477618,0.722162663937,0.675183236599
-0.544860124588,0.133502572775,1.32826471329,0.0622631423175,0.137676119804,0.723645210266,0.673428714275
-0.545429348946,0.134528547525,1.32813286781,0.0646825134754,0.135914042592,0.724586129189,0.672546267509
-0.54566937685,0.135118246078,1.32804763317,0.0659230872989,0.135109037161,0.725919425488,0.671148836613
-0.546037018299,0.135836601257,1.32802438736,0.067774489522,0.134010285139,0.727239310741,0.669754445553
-0.54654443264,0.136347919703,1.32805168629,0.0693653672934,0.133708208799,0.728539943695,0.668236613274
-0.546727895737,0.136910229921,1.32798349857,0.0712538063526,0.133154824376,0.730351746082,0.666167378426
-0.546944975853,0.137632086873,1.32793176174,0.0728265792131,0.131796687841,0.731950044632,0.664511263371
-0.547212958336,0.138283759356,1.32786154747,0.074975989759,0.13027356565,0.73299497366,0.663419783115
-0.547702848911,0.138867080212,1.32788872719,0.0757619589567,0.130994051695,0.733599543571,0.662519812584
-0.547868728638,0.139245525002,1.32783234119,0.0767079815269,0.130245879292,0.735956668854,0.659939169884
-0.548076987267,0.139741629362,1.3277837038,0.0774237439036,0.129420414567,0.736808300018,0.659067213535
-0.548259139061,0.14027801156,1.32792615891,0.07829888165,0.128941401839,0.737145662308,0.658680319786
-0.54837679863,0.140748873353,1.32794106007,0.0787820294499,0.128225803375,0.73759829998,0.658255636692
-0.54844558239,0.141227275133,1.32798218727,0.0789696499705,0.127468839288,0.737905204296,0.65803617239
-0.5483751297,0.141773730516,1.32793259621,0.0787651315331,0.126309677958,0.73802614212,0.658148467541
-0.54824000597,0.14227245748,1.32795286179,0.0785944610834,0.124757036567,0.738215506077,0.65825265646
-0.548183321953,0.142729252577,1.32800364494,0.0783466622233,0.123902775347,0.737456798553,0.659293234348
-0.548331260681,0.142959102988,1.32811999321,0.0776332691312,0.123738735914,0.736756145954,0.660191118717
-0.548124909401,0.143503084779,1.32818281651,0.0770126581192,0.121705032885,0.735723733902,0.661791145802
-0.547902584076,0.143911093473,1.32828521729,0.0760205611587,0.119939476252,0.735363125801,0.662628352642
-0.547822654247,0.144218087196,1.32844400406,0.0744480118155,0.119311265647,0.734701216221,0.663654029369
-0.547757983208,0.144542664289,1.32862985134,0.0728661641479,0.117650404572,0.733799934387,0.665121495724
-0.547558903694,0.144913226366,1.32881963253,0.0714876800776,0.116153746843,0.732040047646,0.667469203472
-0.547195971012,0.14531545341,1.32894992828,0.0702971741557,0.115025378764,0.730740725994,0.669212698936
-0.547195136547,0.145511373878,1.32917308807,0.068660363555,0.113534361124,0.729588508606,0.670892238617
-0.546943187714,0.145856708288,1.32932579517,0.0671013146639,0.111680664122,0.728013575077,0.673068404198
-0.546756148338,0.146200016141,1.32948303223,0.0651842430234,0.11056150496,0.726157128811,0.675442755222
-0.546393334866,0.146447256207,1.32959997654,0.0629605203867,0.109931603074,0.725196778774,0.676787018776
-0.546479821205,0.146500453353,1.32987928391,0.0613159947097,0.109700553119,0.723144054413,0.679167747498
-0.546281158924,0.14693377912,1.32999229431,0.0604659058154,0.107342474163,0.72057390213,0.682345092297
-0.54599070549,0.147299364209,1.33001613617,0.05843135342,0.106184475124,0.719017803669,0.684342086315
-0.545977413654,0.147484347224,1.33019506931,0.0571266263723,0.105091653764,0.71696639061,0.686768889427
-0.546019256115,0.147847771645,1.33017528057,0.0560403726995,0.103863410652,0.715051293373,0.689038097858
-0.545585215092,0.148065820336,1.33034670353,0.0546368546784,0.103370979428,0.713141918182,0.691200375557
-0.545621693134,0.148152649403,1.3304669857,0.0532414391637,0.103267863393,0.711433410645,0.693082690239
-0.545470237732,0.148400232196,1.33049118519,0.0520151667297,0.102383352816,0.709737479687,0.695042967796
-0.54532790184,0.148612454534,1.33047127724,0.050955850631,0.101316533983,0.707861423492,0.697187840939
-0.545226693153,0.148860350251,1.33044564724,0.0501197017729,0.100408747792,0.706050932407,0.699212610722
-0.545129716396,0.148981019855,1.33062434196,-0.0487221218646,-0.100679308176,-0.702492296696,-0.702847361565
-0.545144855976,0.149103239179,1.33070504665,-0.0485039427876,-0.099919244647,-0.700800955296,-0.704657077789
-0.545074880123,0.14923530817,1.33063542843,-0.0468022115529,-0.0997560396791,-0.699280261993,-0.706304132938
-0.545009672642,0.149286612868,1.33065414429,-0.0462889745831,-0.0993428528309,-0.698259294033,-0.707405269146
-0.544869303703,0.149393737316,1.33056652546,-0.045175883919,-0.0988526493311,-0.696544826031,-0.709233880043
-0.544864058495,0.149474263191,1.33055627346,-0.0441996715963,-0.098645620048,-0.695051848888,-0.710787177086
-0.544818818569,0.149538204074,1.33057498932,-0.0428471006453,-0.0989195480943,-0.693735659122,-0.712116539478
-0.544859170914,0.1495744735,1.33060598373,-0.0430037789047,-0.098304733634,-0.692065179348,-0.713815569878
-0.544833540916,0.149561002851,1.33057415485,-0.0413926169276,-0.0985906794667,-0.69093644619,-0.714963853359
-0.544889271259,0.149565204978,1.3306055069,-0.0408524982631,-0.0986274406314,-0.68993127346,-0.715959787369
-0.544799089432,0.149719148874,1.33051514626,-0.0407798737288,-0.0978216901422,-0.688365459442,-0.717579841614
-0.544925153255,0.149716377258,1.33050560951,-0.0407299287617,-0.097257271409,-0.687600433826,-0.71839261055
-0.544919848442,0.149784952402,1.33049416542,-0.0399772711098,-0.0964574739337,-0.686511158943,-0.719583332539
-0.545081853867,0.149910151958,1.33057188988,-0.0392690524459,-0.0959701091051,-0.684747159481,-0.721366047859
-0.545054972172,0.149978727102,1.33072054386,-0.0390194654465,-0.0966402813792,-0.684100747108,-0.721903383732
-0.544996857643,0.150110408664,1.33070659637,-0.0392515994608,-0.095779851079,-0.682354986668,-0.723655343056
-0.544902086258,0.150340616703,1.33076536655,-0.0392140224576,-0.0953071117401,-0.680890381336,-0.725098013878
-0.544743478298,0.150537267327,1.33070647717,-0.0395792536438,-0.095274977386,-0.679420292377,-0.726460039616
-0.544546306133,0.150699689984,1.33072948456,-0.0389944054186,-0.0942358151078,-0.678612470627,-0.727381587029
-0.544444143772,0.150923624635,1.33079874516,-0.0390482805669,-0.0943792015314,-0.676995277405,-0.728865623474
-0.544470131397,0.151041701436,1.33093571663,-0.0394761823118,-0.0942034572363,-0.675452649593,-0.730295240879
-0.54428011179,0.151389688253,1.33097505569,-0.039471514523,-0.0933233126998,-0.674135386944,-0.731624424458
-0.544220626354,0.151550740004,1.33108770847,-0.039940007031,-0.0933274850249,-0.672646284103,-0.732967913151
-0.54406940937,0.151766270399,1.33108270168,-0.0402497053146,-0.0925755575299,-0.670872986317,-0.734669387341
-0.543879568577,0.152043282986,1.33108758926,-0.0403163507581,-0.092185690999,-0.669157743454,-0.736277341843
-0.54348129034,0.152522295713,1.33101201057,-0.0404728576541,-0.0907407030463,-0.667215645313,-0.73820823431
-0.543370246887,0.152791365981,1.33102464676,-0.0400153622031,-0.09318600595,-0.665508925915,-0.739467918873
-0.543206334114,0.153090208769,1.33103203773,-0.0404522307217,-0.0930890515447,-0.663754343987,-0.741031885147
-0.543082594872,0.153385534883,1.33102297783,-0.0406282693148,-0.0921035036445,-0.661738693714,-0.742945611477
-0.543449342251,0.153867855668,1.33097290993,-0.0425707921386,-0.0927843004465,-0.660194396973,-0.744125008583
-0.543469071388,0.154021665454,1.33099532127,-0.0429893545806,-0.0929026901722,-0.658130288124,-0.74591255188
-0.543332219124,0.154445827007,1.33087170124,-0.0425206236541,-0.0930094867945,-0.657141447067,-0.746797382832
-0.54245018959,0.154642850161,1.330935359,-0.0411366820335,-0.0913417637348,-0.655483365059,-0.74853593111
-0.542251825333,0.155089855194,1.33087289333,-0.0415217131376,-0.0907269716263,-0.653455197811,-0.750360429287
-0.542287707329,0.155312225223,1.33081674576,-0.0431273505092,-0.0902173370123,-0.650718271732,-0.752706229687
-0.542333781719,0.155366778374,1.33076179028,-0.0428792349994,-0.0896411240101,-0.64780497551,-0.755297541618
-0.542215108871,0.155711829662,1.33079922199,-0.0435626879334,-0.0899700000882,-0.646991312504,-0.755916714668
-0.542249083519,0.155972316861,1.33086228371,-0.0440929755569,-0.0901871323586,-0.645357429981,-0.757255494595
-0.541896283627,0.156424537301,1.33067297935,-0.0441388301551,-0.0889143869281,-0.642773807049,-0.759597241879
-0.542031168938,0.156570494175,1.33066821098,-0.0451147183776,-0.0897697508335,-0.642335057259,-0.759810328484
-0.541865587234,0.156898140907,1.3305413723,-0.04587546736,-0.089614212513,-0.640651762486,-0.761203050613
-0.541960120201,0.156888380647,1.33049547672,-0.0451743975282,-0.0899501144886,-0.637977719307,-0.763447880745
-0.54185539484,0.157126560807,1.3304104805,-0.0452158600092,-0.0896424427629,-0.636711061001,-0.764538347721
-0.541663050652,0.157477915287,1.33028924465,-0.0452134385705,-0.0899780541658,-0.637342989445,-0.76397228241
-0.541501224041,0.157694742084,1.33020222187,-0.0439027808607,-0.0896189212799,-0.635744869709,-0.76542109251
-0.541453838348,0.1579002738,1.33010554314,-0.0432412438095,-0.0891637653112,-0.635042786598,-0.766094386578
-0.541284918785,0.158026784658,1.33002328873,-0.0428202711046,-0.0885526835918,-0.634008586407,-0.767044901848
-0.541007101536,0.158292353153,1.32994151115,-0.0425806418061,-0.0876126214862,-0.634734034538,-0.766566038132
-0.540405809879,0.158698797226,1.32973837852,-0.0431654788554,-0.0854553282261,-0.63525056839,-0.766349077225
-0.540142953396,0.15878482163,1.32961368561,-0.0421298928559,-0.0844578817487,-0.635441064835,-0.766359269619
-0.539964497089,0.158743783832,1.32964646816,-0.0416939109564,-0.0842022672296,-0.634940505028,-0.766826033592
-0.539764344692,0.158792629838,1.32960534096,-0.0405764579773,-0.0833338871598,-0.634960472584,-0.766964256763
-0.540040194988,0.158701315522,1.32956302166,-0.0399560853839,-0.0836711674929,-0.634693980217,-0.767180562019
-0.539870202541,0.158713102341,1.3295532465,-0.0382852293551,-0.0833021849394,-0.635349929333,-0.766762971878
-0.539718449116,0.158719077706,1.32957017422,-0.0366883352399,-0.0821927040815,-0.635968804359,-0.766447603703
-0.539239823818,0.158744215965,1.32960569859,-0.0354400724173,-0.0805731341243,-0.636791050434,-0.765995383263
-0.539099752903,0.158620283008,1.32973623276,-0.0352274030447,-0.079000942409,-0.636115908623,-0.766729712486
-0.538787007332,0.158707678318,1.3297393322,-0.0342375487089,-0.077426508069,-0.63697552681,-0.766221284866
-0.538669526577,0.158606022596,1.32977664471,-0.0334295630455,-0.076681368053,-0.637105047703,-0.766224205494
-0.538560032845,0.1585149616,1.32983565331,-0.0333745218813,-0.0760904178023,-0.637659609318,-0.765824139118
-0.53855907917,0.158384144306,1.32991015911,-0.0323743261397,-0.0764477178454,-0.638737142086,-0.76493293047
-0.5385171175,0.158324927092,1.32993280888,-0.0316937826574,-0.075511649251,-0.639611780643,-0.764323413372
-0.53870177269,0.158412098885,1.32986390591,-0.0305448714644,-0.0744652450085,-0.640782892704,-0.76349145174
-0.538886785507,0.158187270164,1.32993972301,-0.0302640143782,-0.0744598284364,-0.641423940659,-0.76296466589
-0.538948655128,0.158057078719,1.32996022701,-0.029935291037,-0.0739039257169,-0.642446935177,-0.762170493603
-0.538662433624,0.15803386271,1.3299921751,-0.0294500552118,-0.0725197196007,-0.643498003483,-0.761435389519
-0.538775920868,0.157880663872,1.33005273342,-0.0292737502605,-0.0721993744373,-0.644348978996,-0.760752677917
-0.538960337639,0.157673820853,1.33013021946,-0.0286905001849,-0.0720923542976,-0.644629955292,-0.760547041893
-0.538898408413,0.157695740461,1.33009922504,-0.0285454038531,-0.0707954913378,-0.645505130291,-0.759931623936
-0.538677155972,0.15805028379,1.32977414131,-0.029098900035,-0.0686934813857,-0.646161317825,-0.759545981884
-0.538869798183,0.15788012743,1.32980799675,-0.0289950706065,-0.0686444416642,-0.646656274796,-0.759132862091
-0.538970589638,0.157858669758,1.32974863052,-0.0285999514163,-0.0683877915144,-0.647395968437,-0.758540451527
-0.539110124111,0.157808989286,1.32969391346,-0.0285733342171,-0.0674287304282,-0.647887527943,-0.75820761919
-0.539345026016,0.157666668296,1.32972979546,-0.0292835794389,-0.0670235827565,-0.648097217083,-0.758037090302
-0.539471030235,0.157569870353,1.32966983318,-0.0295402891934,-0.0665955021977,-0.648322463036,-0.757872223854
-0.539639413357,0.157504796982,1.32966566086,-0.0297056883574,-0.065793864429,-0.648370146751,-0.757894933224
-0.539604485035,0.157637387514,1.32943665981,-0.0298587605357,-0.0637194216251,-0.647911787033,-0.758457958698
-0.539738178253,0.157516300678,1.3294121027,-0.029848119244,-0.0636908113956,-0.64832341671,-0.758109152317
-0.539957463741,0.157290697098,1.32946300507,-0.0317649953067,-0.0610301569104,-0.647907793522,-0.758605241776
-0.540153682232,0.157219171524,1.32945787907,-0.0320416949689,-0.0603691413999,-0.647305071354,-0.759160757065
-0.54041236639,0.157192677259,1.32945394516,-0.0299403555691,-0.0627347305417,-0.647590577602,-0.758811116219
-0.540840029716,0.156920820475,1.32965528965,-0.0295628197491,-0.062976308167,-0.646649718285,-0.759607851505
-0.54063719511,0.157109990716,1.3294301033,-0.0301967989653,-0.0605644136667,-0.645318984985,-0.760909616947
-0.54090321064,0.156852170825,1.32951676846,-0.0301753878593,-0.0603374093771,-0.644997119904,-0.761201322079
-0.541320919991,0.156666740775,1.32961034775,-0.0301401056349,-0.0600836500525,-0.643795490265,-0.762239456177
-0.541316568851,0.156609863043,1.32943451405,-0.0302599072456,-0.0586230047047,-0.643452346325,-0.762637972832
-0.541896164417,0.156279161572,1.32960212231,-0.0294303186238,-0.0597737133503,-0.643327414989,-0.762686491013
-0.541854381561,0.156332314014,1.32941901684,-0.0292502269149,-0.0580437704921,-0.642640531063,-0.76340585947
-0.542082667351,0.156174555421,1.32939112186,-0.0304190497845,-0.0558518916368,-0.641526579857,-0.764459848404
-0.542584836483,0.155883252621,1.32954990864,-0.0304190609604,-0.0560248121619,-0.641038835049,-0.764856219292
-0.542466461658,0.156069725752,1.32932460308,-0.0298351421952,-0.0546315051615,-0.640813231468,-0.765168964863
-0.542722404003,0.155923590064,1.32926928997,-0.0298652350903,-0.0541929788888,-0.640733122826,-0.765266001225
-0.543497145176,0.155661791563,1.32918250561,-0.0304859541357,-0.0547497607768,-0.640382766724,-0.765495300293
-0.543744683266,0.155532762408,1.32911646366,-0.030591737479,-0.0541978552938,-0.640525996685,-0.765410423279
-0.543613374233,0.155464440584,1.32906663418,-0.0303552430123,-0.0526646524668,-0.640752673149,-0.765337228775
-0.544536113739,0.15513984859,1.32891213894,-0.0316008515656,-0.0537497326732,-0.641191065311,-0.764843940735
-0.544827222824,0.154986873269,1.3288577795,-0.031442515552,-0.0536488592625,-0.641987860203,-0.764188885689
-0.544952273369,0.154933601618,1.32872366905,-0.0315074808896,-0.0521228462458,-0.643105149269,-0.763351857662
-0.545314311981,0.154741510749,1.32866549492,-0.0323719978333,-0.0514197200537,-0.643226981163,-0.76326084137
-0.545295715332,0.154492735863,1.32886517048,-0.0321097820997,-0.050504565239,-0.644322574139,-0.762408554554
-0.545799136162,0.154071435332,1.3289244175,-0.0344336889684,-0.0490178465843,-0.64536011219,-0.761525928974
-0.54619115591,0.153969883919,1.32886791229,-0.0330340117216,-0.0511503703892,-0.647049963474,-0.76001226902
-0.546203494072,0.153937160969,1.32864522934,-0.0333763957024,-0.050092164427,-0.648743212223,-0.758623123169
-0.54644626379,0.153817474842,1.32854259014,-0.0339601151645,-0.0498387701809,-0.650066196918,-0.757480442524
-0.546970427036,0.153403997421,1.32859289646,-0.0347123332322,-0.0505633726716,-0.651644945145,-0.756040394306
-0.547700762749,0.153184652328,1.32847166061,-0.0354077555239,-0.051898162812,-0.653837919235,-0.754021763802
-0.548228859901,0.152797281742,1.3283842802,-0.0362852960825,-0.0526288151741,-0.655251502991,-0.752701163292
-0.548313200474,0.152513921261,1.32836532593,-0.0364329144359,-0.05271602422,-0.656499505043,-0.751599609852
-0.548496365547,0.152404487133,1.3282532692,-0.0365028679371,-0.0531398802996,-0.658368051052,-0.749930083752
-0.549085438251,0.151893079281,1.32822215557,-0.037351232022,-0.0547330528498,-0.659670829773,-0.748627781868
-0.54957062006,0.151638120413,1.32803761959,-0.038865800947,-0.0517778918147,-0.660255730152,-0.748245120049
-0.54999011755,0.151194661856,1.327922225,-0.0383848175406,-0.0547819510102,-0.662686049938,-0.745903909206
-0.550473690033,0.15080884099,1.32781946659,-0.0394524261355,-0.0554199293256,-0.662370502949,-0.746081471443
-0.550567924976,0.15063418448,1.32766032219,-0.0406561382115,-0.0550556257367,-0.662631332874,-0.745812058449
-0.551047563553,0.150154739618,1.3276257515,-0.0410406030715,-0.0571621917188,-0.663245022297,-0.745086729527
-0.551659405231,0.149670794606,1.32749843597,-0.0412967465818,-0.0593349263072,-0.663765013218,-0.744439303875
-0.552225828171,0.149244606495,1.32739162445,-0.0405047051609,-0.0620933361351,-0.664612948895,-0.743500769138
-0.552494287491,0.148994162679,1.32728075981,-0.0410402268171,-0.0633788332343,-0.664530277252,-0.743436813354
-0.552562773228,0.148876175284,1.32719635963,-0.0414373911917,-0.0676984265447,-0.665223181248,-0.742413699627
-0.553343057632,0.14834266901,1.32721042633,-0.0422019250691,-0.0702025443316,-0.665644884109,-0.74175965786
-0.553740680218,0.147917807102,1.32706999779,-0.0426283963025,-0.0686803162098,-0.666228532791,-0.741353750229
-0.554167509079,0.147535428405,1.32703602314,-0.0429581999779,-0.0710922256112,-0.666839301586,-0.740557670593
-0.55452221632,0.147272050381,1.32697808743,-0.0434257537127,-0.0727021768689,-0.667489886284,-0.739787697792
-0.554981291294,0.146985083818,1.32693862915,-0.0442425832152,-0.0747679620981,-0.66748458147,-0.73953807354
-0.555421769619,0.146554350853,1.3269418478,-0.0442754626274,-0.077049523592,-0.668651044369,-0.738247156143
-0.555841863155,0.146313235164,1.32698154449,-0.043749447912,-0.0813305452466,-0.668840646744,-0.737647354603
-0.556192278862,0.146059349179,1.32696557045,-0.0446588657796,-0.0842871367931,-0.668940007687,-0.737170636654
-0.55652576685,0.145784035325,1.32677662373,-0.0445076003671,-0.0849484577775,-0.669841945171,-0.736284375191
-0.557042062283,0.145319402218,1.32691884041,-0.0452270209789,-0.0846726000309,-0.670274913311,-0.735878050327
-0.557281553745,0.145428106189,1.32660841942,-0.0459096319973,-0.0856767818332,-0.671072721481,-0.734992027283
-0.557299256325,0.14518199861,1.32682836056,-0.0446816384792,-0.0869081169367,-0.671409904957,-0.734615147114
-0.557484686375,0.144965142012,1.32683730125,-0.0453014671803,-0.0881025195122,-0.671658098698,-0.734207868576
-0.557725846767,0.14477699995,1.32685887814,-0.0453785434365,-0.0891901031137,-0.671726167202,-0.734009444714
-0.557865202427,0.14449262619,1.32694673538,-0.0453532226384,-0.0909709259868,-0.672348022461,-0.733222723007
-0.55795019865,0.144377663732,1.32697677612,-0.045154556632,-0.0916550979018,-0.672617316246,-0.732902765274
-0.558066666126,0.144282191992,1.32708227634,-0.0447021313012,-0.0919236242771,-0.672883749008,-0.732652246952
-0.558101594448,0.14433914423,1.32708096504,-0.04488626495,-0.0912997946143,-0.672102987766,-0.733435153961
-0.558100581169,0.144293382764,1.32712852955,-0.0446598157287,-0.0914556235075,-0.672064960003,-0.733464479446
-0.558093249798,0.144151836634,1.32726573944,-0.0429798029363,-0.0931837409735,-0.673062741756,-0.732431590557
-0.558147907257,0.144057542086,1.3273229599,-0.043312061578,-0.0931721106172,-0.67258900404,-0.732848465443
-0.55807185173,0.144192501903,1.32738769054,-0.0438229367137,-0.0918806195259,-0.671498894691,-0.733980059624
-0.558024764061,0.144080191851,1.3275769949,-0.0427821390331,-0.0928716957569,-0.672247827053,-0.733230769634
-0.557960093021,0.144122704864,1.32762157917,-0.0419252589345,-0.0932864546776,-0.671712636948,-0.733717978001
-0.558001756668,0.144129768014,1.32774209976,-0.0423327237368,-0.0924040079117,-0.670563101768,-0.734856784344
-0.55794852972,0.144147902727,1.3278567791,-0.0420343391597,-0.09241707623,-0.669916987419,-0.735461354256
-0.557710945606,0.144338294864,1.3277837038,-0.0417807549238,-0.0914513617754,-0.669324219227,-0.73613601923
-0.55764824152,0.144373133779,1.32783651352,-0.0420131832361,-0.0909312218428,-0.668538808823,-0.736900389194
-0.557552993298,0.144381761551,1.32802116871,-0.0414273776114,-0.0908898040652,-0.668086946011,-0.737348437309
-0.557482838631,0.144411951303,1.32813298702,-0.0406287312508,-0.0909296795726,-0.667345046997,-0.738059461117
-0.557469367981,0.144363418221,1.32823884487,-0.0403468199074,-0.0908862277865,-0.666206181049,-0.739108383656
-0.557201743126,0.144487142563,1.32826590538,-0.040098477155,-0.0900258347392,-0.665017187595,-0.740297019482
-0.557175993919,0.144646316767,1.32866418362,-0.0402314700186,-0.0896400809288,-0.664171338081,-0.741095542908
-0.557100832462,0.144705250859,1.3287498951,-0.0399369932711,-0.0894342586398,-0.662904679775,-0.742269456387
-0.557110130787,0.144798457623,1.32881593704,-0.0396938584745,-0.0891350284219,-0.66136020422,-0.743694841862
-0.557033240795,0.144851475954,1.32899558544,-0.0395062938333,-0.0892750099301,-0.660328269005,-0.744604468346
-0.556756317616,0.144506841898,1.32883703709,-0.0377933233976,-0.0903712436557,-0.659537911415,-0.745261251926
-0.557023286819,0.144256964326,1.32904958725,-0.0375419817865,-0.0911688953638,-0.658664703369,-0.745948791504
-0.556712448597,0.1444619596,1.32919239998,-0.037291329354,-0.0903431251645,-0.656740486622,-0.747756183147
-0.556805253029,0.144582211971,1.32925772667,-0.0375611409545,-0.0895807221532,-0.655173540115,-0.749207615852
-0.556705594063,0.144442215562,1.3293954134,-0.0376269519329,-0.089773721993,-0.653486430645,-0.750653326511
-0.556776344776,0.144609674811,1.32940602303,-0.0371171198785,-0.0900972485542,-0.652057528496,-0.751881480217
-0.5567471385,0.144681438804,1.32953882217,-0.0370344109833,-0.0900170430541,-0.650462508202,-0.753275334835
-0.556811034679,0.144643694162,1.32977128029,-0.0370228588581,-0.0902650728822,-0.649057984352,-0.754456996918
-0.556752026081,0.14468075335,1.32967054844,-0.0367013290524,-0.090300321579,-0.647699832916,-0.755634665489
-0.55686545372,0.144631177187,1.32991707325,-0.0363890714943,-0.0910027101636,-0.64584928751,-0.757147967815
-0.556693375111,0.144758716226,1.32997751236,-0.0356799438596,-0.0924077183008,-0.644486248493,-0.758172273636
-0.556707203388,0.144708752632,1.33009266853,-0.0357630699873,-0.0907741710544,-0.642845749855,-0.759756743908
-0.556625783443,0.144894823432,1.32996082306,-0.0352545194328,-0.0926215797663,-0.641012609005,-0.761105239391
-0.556999444962,0.144683539867,1.33018481731,-0.0353540629148,-0.0939277112484,-0.639948904514,-0.761835277081
-0.556929528713,0.144747689366,1.3302885294,-0.0352258980274,-0.0936665609479,-0.638033032417,-0.763478517532
-0.557203888893,0.144578263164,1.33042526245,-0.035213124007,-0.0926808416843,-0.636249542236,-0.765086174011
-0.557203173637,0.144676610827,1.33053791523,-0.0346802845597,-0.0948165729642,-0.634629607201,-0.766193389893
-0.557267963886,0.144732326269,1.33064007759,-0.0346053987741,-0.0949426740408,-0.632910430431,-0.767601907253
-0.55738902092,0.144731268287,1.33073866367,-0.0344038046896,-0.0952471867204,-0.63134855032,-0.76885843277
-0.55750566721,0.144732013345,1.33083868027,-0.034185949713,-0.0954968556762,-0.629863321781,-0.770054519176
-0.557484924793,0.144960194826,1.33086836338,-0.0342269800603,-0.094864860177,-0.628526806831,-0.771221935749
-0.557602584362,0.144991055131,1.33102333546,-0.0339129529893,-0.0950153470039,-0.626942396164,-0.772505819798
-0.55782610178,0.144975706935,1.33104848862,-0.0335679389536,-0.0951084345579,-0.625598013401,-0.77359855175
-0.557976901531,0.144972085953,1.33114516735,-0.033308763057,-0.095050573349,-0.624066352844,-0.774852991104
-0.558279335499,0.14491713047,1.3312112093,-0.0331746563315,-0.0951345935464,-0.62216258049,-0.776377856731
-0.558316469193,0.144999235868,1.33124983311,-0.0328070558608,-0.0945053771138,-0.620649814606,-0.777680039406
-0.558692157269,0.144834190607,1.33145463467,-0.0328956581652,-0.0950784236193,-0.619174182415,-0.778782010078
-0.558751821518,0.144851267338,1.33141756058,-0.0326103754342,-0.0947245582938,-0.617279887199,-0.780339300632
-0.558978378773,0.144727945328,1.33147537708,-0.0319035723805,-0.0944567546248,-0.615620315075,-0.781710803509
-0.559136390686,0.144680485129,1.33150851727,-0.0313131026924,-0.0941738411784,-0.61400437355,-0.783038556576
-0.559182286263,0.144788831472,1.33147668839,-0.031062008813,-0.0930494368076,-0.612375319004,-0.784457445145
-0.559283494949,0.144761666656,1.33152198792,-0.0302241258323,-0.09196267277,-0.610684514046,-0.785934984684
-0.559204936028,0.144930437207,1.33150732517,-0.0296347718686,-0.0904575660825,-0.608337581158,-0.787949621677
-0.559384047985,0.14482152462,1.33151602745,-0.0293256733567,-0.0903616845608,-0.606643438339,-0.789277255535
-0.559401929379,0.144798845053,1.33140468597,-0.0285272803158,-0.0891392379999,-0.604726433754,-0.79091489315
-0.559566617012,0.144668340683,1.3313999176,-0.0277282521129,-0.088452860713,-0.602732360363,-0.792540788651
-0.559751629829,0.144589692354,1.33141326904,-0.0262328814715,-0.0882125645876,-0.601868569851,-0.793274581432
-0.559976577759,0.14439484477,1.33141589165,-0.0263901427388,-0.0868682265282,-0.598935902119,-0.795633912086
-0.560099184513,0.144306957722,1.33141469955,-0.0255435332656,-0.0856949090958,-0.597136497498,-0.797139883041
-0.56020128727,0.144363090396,1.3313215971,-0.0239805728197,-0.0832182392478,-0.595554053783,-0.798633158207
-0.56047809124,0.144147962332,1.33140981197,-0.0228948891163,-0.0837001726031,-0.594668805599,-0.799274206161
-0.560652971268,0.14395724237,1.3314691782,-0.0232093520463,-0.0819746479392,-0.592074990273,-0.801366746426
-0.560802817345,0.14392580092,1.33138179779,-0.0221194829792,-0.080313757062,-0.590346634388,-0.802839457989
-0.561519145966,0.143378660083,1.33124029636,-0.0209282170981,-0.0817653760314,-0.589764893055,-0.803152441978
-0.561673641205,0.143228173256,1.33117699623,-0.0198831222951,-0.0807796344161,-0.588214576244,-0.804414629936
-0.561323523521,0.143291309476,1.33120536804,-0.0206540580839,-0.0778785571456,-0.584790349007,-0.807173132896
-0.561553657055,0.143221378326,1.33123469353,-0.0194411203265,-0.0767100900412,-0.58397269249,-0.807906866074
-0.561773002148,0.143000453711,1.33109724522,-0.0182890221477,-0.0764206275344,-0.582576572895,-0.808968484402
-0.562414169312,0.142790615559,1.33095610142,-0.0184207838029,-0.0761438682675,-0.581914126873,-0.809468209743
-0.56270557642,0.142593950033,1.33084452152,-0.0187554880977,-0.0739334151149,-0.579755008221,-0.811212778091
-0.563077628613,0.142423152924,1.33079230785,-0.0181959997863,-0.0733255445957,-0.578595161438,-0.812108397484
-0.563529670238,0.1423394382,1.33062553406,-0.0172379035503,-0.0725170895457,-0.578226566315,-0.812464296818
-0.564014196396,0.142184734344,1.33060717583,-0.0165446791798,-0.0716944783926,-0.57763504982,-0.812972307205
-0.56380712986,0.142320260406,1.3304053545,-0.0157636348158,-0.068608365953,-0.57518029213,-0.814992010593
-0.56403273344,0.142128914595,1.33025193214,-0.0154129248112,-0.0684714913368,-0.574778735638,-0.815293550491
-0.564451873302,0.14201836288,1.33015787601,-0.0151714812964,-0.0673202425241,-0.573955237865,-0.815973818302
-0.56496065855,0.141868576407,1.33009564877,-0.0138107994571,-0.0676473528147,-0.574640274048,-0.815488576889
-0.565492391586,0.141586497426,1.32998609543,-0.0143621824682,-0.0651117563248,-0.571659505367,-0.81777715683
-0.566049218178,0.1415168643,1.32996463776,-0.0145120630041,-0.0643784999847,-0.572798490524,-0.817035257816
-0.56650519371,0.141366168857,1.32986116409,-0.0138497259468,-0.0644941478968,-0.572868585587,-0.816988646984
-0.566899657249,0.141299709678,1.32971632481,-0.0135280434042,-0.0640971884131,-0.572952866554,-0.816965937614
-0.567368507385,0.141176894307,1.32962620258,-0.0130041651428,-0.0635237917304,-0.573029518127,-0.816965639591
-0.567842900753,0.141045942903,1.32943868637,-0.0123309837654,-0.0630187913775,-0.57323205471,-0.816873013973
-0.568330228329,0.14089782536,1.32928729057,-0.011834143661,-0.0627202764153,-0.573446571827,-0.816752791405
-0.568945229053,0.140729442239,1.32922911644,-0.0112064396963,-0.0626289471984,-0.573565661907,-0.816685020924
-0.569086551666,0.140705987811,1.32890331745,-0.0107098892331,-0.0617122799158,-0.573590159416,-0.816744267941
-0.569541692734,0.14062948525,1.32872772217,-0.00966098997742,-0.0606379024684,-0.574234783649,-0.816384792328
-0.569923520088,0.140529572964,1.32859992981,-0.00933253578842,-0.0599870458245,-0.574133574963,-0.816507875919
-0.570335030556,0.140399456024,1.32845795155,-0.00884700845927,-0.0595444068313,-0.57459294796,-0.81622248888
-0.57129585743,0.139905452728,1.32857716084,-0.0089203119278,-0.0602613277733,-0.575775563717,-0.815335214138
-0.57159537077,0.139725118876,1.32839751244,-0.00793830584735,-0.0606227181852,-0.576451301575,-0.814840912819
-0.572084963322,0.139529705048,1.32834565639,-0.00739110447466,-0.0606293044984,-0.577191233635,-0.814321577549
-0.572094023228,0.139568865299,1.32809746265,-0.00610771030188,-0.0587501488626,-0.57606780529,-0.815264940262
-0.572333574295,0.139526903629,1.32800114155,-0.00581883918494,-0.0586610324681,-0.577976286411,-0.813921570778
-0.572585940361,0.13937613368,1.32793235779,-0.00534302927554,-0.057697545737,-0.579594671726,-0.81284224987
-0.572787582874,0.139297306538,1.32763969898,-0.00446930620819,-0.0570571869612,-0.580359995365,-0.812346458435
-0.573067784309,0.139155820012,1.32757532597,-0.00364904198796,-0.0572611652315,-0.580144166946,-0.812490344048
-0.573275625706,0.138980686665,1.32749187946,-0.00256471498869,-0.0570368655026,-0.581046700478,-0.811865031719
-0.573612272739,0.13874733448,1.32749330997,-0.00177757965866,-0.0569214485586,-0.582065224648,-0.811145305634
-0.573880374432,0.138541936874,1.32739961147,-0.00014201864542,-0.0560478046536,-0.581701695919,-0.81146889925
-0.574076414108,0.138304173946,1.32741069794,0.000814326456748,-0.0562859028578,-0.582919359207,-0.810577690601
-0.573994159698,0.138305664062,1.32723248005,0.000948014319874,-0.0558102950454,-0.584673166275,-0.80934637785
-0.574042797089,0.138124912977,1.32715284824,0.00195395131595,-0.0553242750466,-0.585451483727,-0.808815181255
-0.574092388153,0.1379365623,1.32714807987,0.0030080107972,-0.0558029077947,-0.586450338364,-0.808055102825
-0.574138402939,0.13785392046,1.3270843029,0.00369410286658,-0.0547813586891,-0.586915791035,-0.80778414011
-0.574152469635,0.137695506215,1.32709276676,0.00466302875429,-0.0547764599323,-0.587766468525,-0.807160675526
-0.574142575264,0.137539356947,1.32710599899,0.00753165921196,-0.0568875111639,-0.590295374393,-0.805145025253
-0.574128210545,0.137342303991,1.32718884945,0.0086667817086,-0.0571333393455,-0.590900361538,-0.804672241211
-0.573824524879,0.137315526605,1.32695949078,0.00914619583637,-0.0558083839715,-0.590301096439,-0.805199563503
-0.573853850365,0.137012258172,1.32706952095,0.0095722777769,-0.056639816612,-0.591428518295,-0.804308772087
-0.573751151562,0.137078300118,1.32713484764,0.00961551256478,-0.0556147918105,-0.592625260353,-0.803498446941
-0.573750674725,0.136961385608,1.32729637623,0.0102769508958,-0.0559630654752,-0.593378067017,-0.802910268307
-0.573653399944,0.136906355619,1.32734954357,0.0110165784135,-0.0562621504068,-0.594320595264,-0.802182197571
-0.573477804661,0.136835411191,1.32744932175,0.0115846022964,-0.0573839098215,-0.595747351646,-0.801035642624
-0.573366463184,0.136716514826,1.32751238346,0.0121930278838,-0.0580289885402,-0.595936834812,-0.800839066505
-0.573149621487,0.136799812317,1.32735514641,0.0125327361748,-0.0574009902775,-0.59714949131,-0.799975275993
-0.573061585426,0.136670202017,1.32751059532,0.0130217410624,-0.0588212534785,-0.598908901215,-0.798547804356
-0.572854161263,0.136716425419,1.32755041122,0.0129036577418,-0.0585613362491,-0.599309802055,-0.798267960548
-0.572753965855,0.136634379625,1.32742249966,0.0136371068656,-0.0595737546682,-0.600954055786,-0.796943664551
-0.57242590189,0.136780425906,1.32749652863,0.0142146581784,-0.0595636330545,-0.602047502995,-0.796108603477
-0.572078049183,0.136822685599,1.32754993439,0.0138588342816,-0.0609586760402,-0.603723824024,-0.794738590717
-0.571829855442,0.136989995837,1.32757484913,0.0146101787686,-0.0611482039094,-0.604875028133,-0.793834745884
-0.571511983871,0.137094676495,1.32753372192,0.0137658035383,-0.0612505711615,-0.604893147945,-0.793828189373
-0.571351647377,0.13726118207,1.32762444019,0.0138496002182,-0.0636462345719,-0.607042014599,-0.791995823383
-0.571210384369,0.137182950974,1.32771635056,0.0140311000869,-0.0655091926455,-0.607024788857,-0.791853904724
-0.570540964603,0.137736588717,1.32770180702,0.0134203108028,-0.064441896975,-0.607866644859,-0.791306078434
-0.570603847504,0.137755662203,1.32774615288,0.0147519549355,-0.0675656795502,-0.610744357109,-0.788802087307
-0.570177733898,0.13797980547,1.32778072357,0.0141810514033,-0.068674467504,-0.610975623131,-0.788537502289
-0.569299221039,0.138536885381,1.32774603367,0.0130426827818,-0.0671391561627,-0.610727488995,-0.788881599903
-0.569383025169,0.138576775789,1.32782864571,0.0131673002616,-0.0697554424405,-0.612775802612,-0.787061929703
-0.56872433424,0.13884010911,1.32787156105,0.012934345752,-0.0712002962828,-0.613231062889,-0.786581754684
-0.568372368813,0.139228850603,1.32790267467,0.0119638089091,-0.0714183747768,-0.613559067249,-0.786321520805
-0.568465650082,0.139278382063,1.32798647881,0.0129949245602,-0.075428083539,-0.616593360901,-0.783552348614
-0.56744748354,0.140069007874,1.327911973,0.0109799318016,-0.0735364630818,-0.616025149822,-0.784209728241
-0.566947102547,0.140315949917,1.3279364109,0.0104060051963,-0.076194293797,-0.617702662945,-0.782642662525
-0.566596388817,0.140752092004,1.32797312737,0.00985057186335,-0.0765904486179,-0.618509590626,-0.781973600388
-0.566486358643,0.140937417746,1.32811546326,0.00836201291531,-0.0796727463603,-0.619544804096,-0.780862748623
-0.566026747227,0.141564488411,1.32808160782,0.00757348909974,-0.0805268511176,-0.620718419552,-0.779850482941
-0.56550770998,0.141931429505,1.32812643051,0.00687432521954,-0.0822742655873,-0.621945202351,-0.778696238995
-0.565269291401,0.14216606319,1.32825684547,0.00514103006572,-0.0850192159414,-0.622567176819,-0.777917325497
-0.56470233202,0.142850399017,1.32796370983,0.00426681758836,-0.0864200741053,-0.62351500988,-0.777008533478
-0.564509391785,0.143081828952,1.32832968235,0.00278622703627,-0.0887148231268,-0.625489592552,-0.775167584419
-0.564056515694,0.143566980958,1.32825350761,0.00188256136607,-0.0905676484108,-0.625820696354,-0.774688661098
-0.563725292683,0.144000664353,1.32825636864,0.000209046920645,-0.0925564989448,-0.627417325974,-0.773162841797
-0.563238322735,0.144505575299,1.32828891277,-0.0013835655991,-0.0947793424129,-0.627956449986,-0.772454202175
-0.562892198563,0.145026266575,1.32824289799,-0.00289981812239,-0.0964110270143,-0.628978550434,-0.771415948868
-0.562646150589,0.145531281829,1.32834076881,-0.00320902466774,-0.099883005023,-0.631193041801,-0.769160926342
-0.56214261055,0.146120995283,1.32824385166,-0.00648748315871,-0.0986037924886,-0.631408810616,-0.769128143787
-0.561965405941,0.146597698331,1.32826304436,-0.00718070147559,-0.100758627057,-0.633118331432,-0.767435491085
-0.561511337757,0.147162944078,1.3282585144,-0.00905598606914,-0.104688800871,-0.633281350136,-0.766754865646
-0.561149895191,0.147680342197,1.32824158669,-0.0122671835124,-0.104317218065,-0.634060263634,-0.766116797924
-0.561462163925,0.147496461868,1.32768058777,-0.0132717536762,-0.107516631484,-0.636197626591,-0.763882517815
-0.561023235321,0.148823618889,1.32815027237,-0.0143097694963,-0.108391523361,-0.634861648083,-0.764851093292
-0.560772180557,0.149389207363,1.32821464539,-0.015490880236,-0.111057952046,-0.636729955673,-0.762890100479
-0.560475587845,0.15002143383,1.32816791534,-0.0182547196746,-0.111814782023,-0.636458396912,-0.762944817543
-0.560884356499,0.150506034493,1.3279569149,-0.0200017709285,-0.115175381303,-0.637985885143,-0.761123239994
-0.559916973114,0.151346310973,1.32796943188,-0.0218909587711,-0.114417023957,-0.637405455112,-0.76167178154
-0.559814155102,0.151917442679,1.32789325714,-0.0229970067739,-0.117044366896,-0.638417065144,-0.760391652584
-0.560106039047,0.152422964573,1.3277810812,-0.0254573021084,-0.118561036885,-0.644418418407,-0.754996776581
-0.559265732765,0.153229534626,1.32771992683,-0.02839406766,-0.12004737556,-0.641881644726,-0.756816029549
-0.559240698814,0.15373685956,1.32765746117,-0.0306492038071,-0.121570914984,-0.639476597309,-0.75851893425
-0.559232950211,0.154342710972,1.32788538933,-0.0316338911653,-0.120446100831,-0.639821529388,-0.758367061615
-0.559141099453,0.154830873013,1.32755184174,-0.0358155742288,-0.126320794225,-0.64270567894,-0.75477796793
-0.558702588081,0.155635282397,1.32760834694,-0.0373722203076,-0.127410292625,-0.642884910107,-0.754366457462
-0.558800876141,0.155947104096,1.32752394676,-0.0385205410421,-0.129227116704,-0.641937971115,-0.754806041718
-0.558568477631,0.15695361793,1.32730662823,-0.0422671474516,-0.130020022392,-0.643623173237,-0.753032267094
-0.558564066887,0.157461777329,1.32717216015,-0.0441487878561,-0.13219922781,-0.643983602524,-0.752236247063
-0.558207213879,0.157924279571,1.32713806629,-0.0468870960176,-0.131218910217,-0.644509613514,-0.751791536808
-0.558647632599,0.158391490579,1.32697224617,-0.0481905192137,-0.134707674384,-0.643344342709,-0.752090156078
-0.558842539787,0.158739432693,1.32691979408,-0.0499051325023,-0.135743021965,-0.649452984333,-0.746521353722
-0.558275163174,0.159411177039,1.32683360577,-0.0523134917021,-0.138264328241,-0.645292699337,-0.749495565891
-0.559012889862,0.159787818789,1.32664120197,-0.0563531778753,-0.1375246346,-0.651147902012,-0.744256496429
-0.558211684227,0.160314679146,1.32655787468,-0.0582557395101,-0.139814019203,-0.647774636745,-0.746623277664
-0.558175206184,0.160695210099,1.3264592886,-0.0607312396169,-0.145013034344,-0.649777472019,-0.743688344955
-0.558507204056,0.160985127091,1.32641875744,-0.0631220787764,-0.146128118038,-0.650737822056,-0.742430090904
-0.558589994907,0.161348432302,1.32628917694,-0.0661337375641,-0.150650247931,-0.652619957924,-0.739606618881
-0.558667838573,0.161633655429,1.32617497444,-0.0691075399518,-0.153169423342,-0.654717445374,-0.736958742142
-0.559590280056,0.162022039294,1.32594537735,-0.0732030496001,-0.154614120722,-0.660868525505,-0.730745255947
-0.559784591198,0.162297695875,1.32578241825,-0.0766071230173,-0.158328101039,-0.663166582584,-0.727512061596
-0.55984467268,0.162502095103,1.32573986053,-0.0798702687025,-0.160797312856,-0.664936542511,-0.724999606609
-0.559729039669,0.162745848298,1.32561767101,-0.0836405083537,-0.162867024541,-0.66696625948,-0.722242832184
-0.559794187546,0.163078844547,1.32553982735,-0.087522931397,-0.166123643517,-0.668663561344,-0.71946644783
-0.560028970242,0.163422733545,1.3254724741,-0.0904139503837,-0.171815991402,-0.670953154564,-0.715629994869
-0.560159385204,0.163644060493,1.32523036003,-0.0941909402609,-0.174750313163,-0.672327339649,-0.713138401508
-0.560174405575,0.16395021975,1.32519817352,-0.0976117029786,-0.17879422009,-0.674030005932,-0.710062205791
-0.56021630764,0.164213016629,1.32507348061,-0.101768292487,-0.180829882622,-0.675732493401,-0.707339584827
-0.56052750349,0.164601147175,1.32485747337,-0.105263538659,-0.185170471668,-0.67737108469,-0.704130709171
-0.560261428356,0.165068820119,1.32466077805,-0.108979143202,-0.186316683888,-0.678359985352,-0.702308654785
-0.559765577316,0.165599495173,1.32448327541,-0.111883550882,-0.187864661217,-0.679731011391,-0.70011049509
-0.559653997421,0.166003927588,1.32413887978,-0.115132771432,-0.189345106483,-0.681429386139,-0.69752907753
-0.5593791008,0.166028097272,1.32436072826,-0.116683229804,-0.19387550652,-0.679461658001,-0.697946488857
-0.559137761593,0.166368812323,1.32421171665,-0.119188845158,-0.196854308248,-0.679905593395,-0.696254789829
-0.558965027332,0.166882410645,1.32390415668,-0.122320137918,-0.193461179733,-0.683580875397,-0.693056762218
-0.558743357658,0.166990384459,1.32391703129,-0.123856648803,-0.195837318897,-0.68413490057,-0.691568374634
-0.558483183384,0.167337357998,1.32398617268,-0.125133916736,-0.19965274632,-0.68417930603,-0.690201997757
-0.558325827122,0.167472869158,1.32404255867,-0.126424074173,-0.199612766504,-0.684365987778,-0.689793348312
-0.557424068451,0.168321460485,1.32380485535,-0.128004699945,-0.202690735459,-0.683042228222,-0.689916372299
-0.557207167149,0.168735444546,1.3236259222,-0.129264265299,-0.20123308897,-0.685307025909,-0.687859356403
-0.556933999062,0.168782949448,1.32395815849,-0.129674747586,-0.203130200505,-0.684890806675,-0.687638759613
-0.556488931179,0.169159799814,1.32391798496,-0.130781233311,-0.204250380397,-0.684826016426,-0.687161922455
-0.55602055788,0.169514358044,1.32390213013,-0.130139321089,-0.205245822668,-0.685608327389,-0.68620634079
-0.555564582348,0.169873088598,1.32393145561,-0.131283119321,-0.202156603336,-0.685509085655,-0.687004208565
-0.555248737335,0.170164614916,1.32403957844,-0.130650222301,-0.205398395658,-0.685265004635,-0.686406672001
-0.554138958454,0.17058865726,1.32408797741,-0.1292309165,-0.210257604718,-0.682379901409,-0.688076138496
-0.553671181202,0.170935034752,1.32407343388,-0.130062639713,-0.210697218776,-0.681960165501,-0.688201069832
-0.553553342819,0.17097222805,1.32421207428,-0.129351362586,-0.213056236506,-0.681888639927,-0.687679588795
-0.553169369698,0.171326413751,1.32427704334,-0.12943379581,-0.21295247972,-0.681207537651,-0.68837082386
-0.552727282047,0.17171677947,1.32418894768,-0.130312785506,-0.209847390652,-0.680987298489,-0.68937587738
-0.552139222622,0.171702563763,1.32411253452,-0.1290358603,-0.210203066468,-0.680343747139,-0.690142631531
-0.551735818386,0.172107040882,1.32406008244,-0.128033459187,-0.213102176785,-0.679871082306,-0.689905941486
-0.551503896713,0.1724999547,1.32394254208,-0.128631025553,-0.213115811348,-0.680525481701,-0.689144909382
-0.551377654076,0.172863319516,1.32397830486,-0.127159938216,-0.21407905221,-0.678995609283,-0.69062691927
-0.550961136818,0.172901451588,1.32408201694,-0.126391589642,-0.214656338096,-0.677585601807,-0.691972136497
-0.550389707088,0.173622339964,1.32382035255,-0.127122372389,-0.212344527245,-0.676509857178,-0.693602263927
-0.550492227077,0.173583462834,1.32391369343,-0.127639934421,-0.214223489165,-0.676372766495,-0.693063020706
-0.550000429153,0.173701018095,1.32402455807,-0.127938911319,-0.21569994092,-0.674953103065,-0.693933367729
-0.549734532833,0.173901706934,1.32398641109,-0.126814499497,-0.21535871923,-0.674830973148,-0.694364368916
-0.549466848373,0.174042597413,1.32396006584,-0.12619407475,-0.216214597225,-0.675209105015,-0.693843722343
-0.549493908882,0.174226880074,1.32382917404,-0.126052007079,-0.218341201544,-0.674676954746,-0.693721234798
-0.549586296082,0.174204066396,1.32379126549,-0.126373276114,-0.219511836767,-0.674483776093,-0.693481266499
-0.548871278763,0.174865484238,1.32346773148,-0.126156464219,-0.217825904489,-0.673807024956,-0.694708943367
-0.548960566521,0.174489632249,1.32368052006,-0.126660570502,-0.221286118031,-0.672517478466,-0.694773316383
-0.548784911633,0.174734592438,1.32366037369,-0.126890957355,-0.221691831946,-0.672005593777,-0.695096969604
-0.548454225063,0.174662947655,1.32361912727,-0.126485019922,-0.221020564437,-0.672447323799,-0.69495767355
-0.54838180542,0.174741148949,1.32368648052,-0.12727573514,-0.221146732569,-0.671993553638,-0.695212006569
-0.548505365849,0.174824535847,1.32367968559,-0.127523526549,-0.223084151745,-0.671637892723,-0.694891154766
-0.548192858696,0.175291836262,1.32347989082,-0.128651112318,-0.220954820514,-0.671489953995,-0.695506393909
-0.548064291477,0.175392299891,1.32350039482,-0.128794997931,-0.221302136779,-0.671003460884,-0.695838749409
-0.547676086426,0.175585210323,1.32345032692,-0.12952965498,-0.220947548747,-0.67089921236,-0.6959156394
-0.547637760639,0.175664588809,1.32344615459,-0.129114583135,-0.220838665962,-0.670809388161,-0.696113884449
-0.547556757927,0.175608679652,1.32363152504,-0.128333330154,-0.222524777055,-0.670172631741,-0.696334540844
-0.547107219696,0.175876453519,1.3235629797,-0.127990230918,-0.221382081509,-0.669621229172,-0.697291791439
-0.547083735466,0.175619453192,1.32372117043,-0.127505868673,-0.222173720598,-0.669277191162,-0.697459101677
-0.547269999981,0.175361722708,1.3238196373,-0.127961367369,-0.223728910089,-0.669797241688,-0.696378469467
-0.547221601009,0.175428956747,1.32385575771,-0.128307759762,-0.223124951124,-0.669194757938,-0.697087347507
-0.546745955944,0.175650551915,1.32381021976,-0.127799272537,-0.222026988864,-0.668604552746,-0.698096930981
-0.54660564661,0.175607830286,1.32383084297,-0.127750903368,-0.221911653876,-0.668693423271,-0.698057472706
-0.54652184248,0.175555601716,1.3238350153,-0.128248646855,-0.220694258809,-0.66838657856,-0.69864565134
-0.546607971191,0.175404667854,1.32399940491,-0.129771709442,-0.22162899375,-0.667847633362,-0.698583960533
-0.546938657761,0.175655767322,1.32391047478,-0.130039215088,-0.220607817173,-0.667361497879,-0.699321448803
-0.54641264677,0.175324425101,1.32413113117,-0.128441125154,-0.220462411642,-0.666972994804,-0.700033068657
-0.546288907528,0.175322934985,1.32414364815,-0.129851847887,-0.220817133784,-0.666185557842,-0.700410723686
-0.546146035194,0.175344854593,1.32415413857,-0.129526674747,-0.221056193113,-0.665802359581,-0.700759768486
-0.545987546444,0.175421565771,1.32411515713,-0.12979157269,-0.220059156418,-0.665733039379,-0.701090276241
-0.546151280403,0.175315931439,1.32412791252,-0.129393458366,-0.218848019838,-0.665242910385,-0.702007591724
-0.545781612396,0.175748109818,1.32390749454,-0.129434481263,-0.21847076714,-0.664906382561,-0.702436089516
-0.545562744141,0.17581884563,1.32384967804,-0.130078226328,-0.216548934579,-0.664268374443,-0.703515172005
-0.545160770416,0.175771057606,1.32397532463,-0.130006819963,-0.215630963445,-0.664884746075,-0.703227937222
-0.544982671738,0.17575019598,1.32385623455,-0.130028471351,-0.214883863926,-0.66437035799,-0.703938543797
-0.54489916563,0.175569355488,1.32401704788,-0.131324514747,-0.215860068798,-0.663104593754,-0.704592466354
-0.544732689857,0.175555795431,1.32400417328,-0.131690010428,-0.215476199985,-0.662102997303,-0.705582916737
-0.544523894787,0.175500765443,1.32407355309,-0.130650281906,-0.214141994715,-0.662379443645,-0.70592302084
-0.544377624989,0.175476998091,1.32408666611,-0.131058707833,-0.213471353054,-0.661771893501,-0.706619799137
-0.544565498829,0.17511677742,1.32423245907,-0.133183822036,-0.214857056737,-0.661913096905,-0.705669760704
-0.544425308704,0.175171628594,1.324239254,-0.134117946029,-0.213748663664,-0.660165548325,-0.707463860512
-0.543891489506,0.175262182951,1.32422304153,-0.133647382259,-0.212772786617,-0.659032702446,-0.708902001381
-0.54385048151,0.175042629242,1.32432866096,-0.134021133184,-0.213132485747,-0.658899247646,-0.708847522736
-0.543685853481,0.175014778972,1.32435917854,-0.134595900774,-0.212840914726,-0.658416390419,-0.709274768829
-0.543905258179,0.174755781889,1.3245126009,-0.135579794645,-0.213648185134,-0.658094406128,-0.709143579006
-0.543775320053,0.174695581198,1.32456362247,-0.136393263936,-0.213569387794,-0.657559037209,-0.709507703781
-0.543625891209,0.174615234137,1.32462990284,-0.137002274394,-0.21347849071,-0.657358884811,-0.709603250027
-0.543469786644,0.174562439322,1.32467854023,-0.137023866177,-0.213997915387,-0.657117009163,-0.709666550159
-0.542938411236,0.174645841122,1.32467341423,-0.137733921409,-0.212413534522,-0.65695142746,-0.710158228874
-0.542925357819,0.174605816603,1.32483458519,-0.13655371964,-0.213108643889,-0.656694293022,-0.71041560173
-0.542827963829,0.174476847053,1.32488512993,-0.137802392244,-0.211573198438,-0.65618956089,-0.711099565029
-0.54266089201,0.174288973212,1.32494866848,-0.13801021874,-0.212101444602,-0.65680450201,-0.710333704948
-0.542478322983,0.174238204956,1.32487154007,-0.139897808433,-0.209880575538,-0.655772387981,-0.711576581001
-0.542450010777,0.174140661955,1.32505333424,-0.139195501804,-0.211723282933,-0.65585744381,-0.711089968681
-0.54236894846,0.173999428749,1.32508778572,-0.141478985548,-0.211247771978,-0.654798924923,-0.711755871773
-0.542206168175,0.173778802156,1.32520246506,-0.141313046217,-0.210067003965,-0.655501663685,-0.711491465569
-0.542100727558,0.173761755228,1.32514214516,-0.141366496682,-0.20969209075,-0.654750168324,-0.712282896042
-0.542060434818,0.173536300659,1.32525479794,-0.143687143922,-0.209196031094,-0.654086232185,-0.712574362755
-0.542012393475,0.173241317272,1.32537460327,-0.144051015377,-0.208970621228,-0.654144048691,-0.712513923645
-0.541935384274,0.173068895936,1.32548904419,-0.144514724612,-0.208631232381,-0.654086649418,-0.712572216988
-0.541799724102,0.172942489386,1.32559144497,-0.144896268845,-0.208273738623,-0.653984189034,-0.712693274021
-0.541766941547,0.172688215971,1.32584559917,-0.144223451614,-0.206966906786,-0.654508829117,-0.712728917599
-0.541652679443,0.172453388572,1.32595539093,-0.145225375891,-0.205718994141,-0.654862940311,-0.712561488152
-0.541487336159,0.172319427133,1.32594835758,-0.143740326166,-0.207129478455,-0.655476987362,-0.711889028549
-0.541426122189,0.17219004035,1.3260705471,-0.145635157824,-0.206393033266,-0.653875768185,-0.71318924427
-0.541391372681,0.171962440014,1.32618975639,-0.145941913128,-0.205512091517,-0.653914093971,-0.713345885277
-0.541288733482,0.171763926744,1.32629346848,-0.144839048386,-0.203826606274,-0.654401361942,-0.713607192039
-0.541209459305,0.171415910125,1.32645869255,-0.147526085377,-0.202719345689,-0.654319405556,-0.713447391987
-0.541284441948,0.171181499958,1.32668530941,-0.147369801998,-0.202704384923,-0.654245495796,-0.713551700115
-0.541211605072,0.170954823494,1.32679486275,-0.147411510348,-0.202289819717,-0.654294610023,-0.713615715504
-0.541089773178,0.170777380466,1.32698643208,-0.146499440074,-0.200357526541,-0.654791593552,-0.713892757893
-0.541372179985,0.170349448919,1.32696819305,-0.148299917579,-0.201599016786,-0.654600441456,-0.713346540928
-0.541335821152,0.170137599111,1.32708084583,-0.14766857028,-0.199584275484,-0.654915571213,-0.713754713535
-0.540935814381,0.170149162412,1.32709062099,-0.148175552487,-0.199017345905,-0.654439926147,-0.714244067669
-0.54074639082,0.170238375664,1.32711338997,-0.14966969192,-0.196861118078,-0.654963076115,-0.714050531387
-0.540913522243,0.169727116823,1.32724952698,-0.14880245924,-0.197735548019,-0.654723584652,-0.714209675789
-0.540766954422,0.169640079141,1.32755374908,-0.148972824216,-0.195918142796,-0.65530872345,-0.714138388634
-0.54071778059,0.169431865215,1.32749044895,-0.150287687778,-0.194384530187,-0.655633032322,-0.713984251022
-0.540724933147,0.16936032474,1.32758259773,-0.150743186474,-0.194120302796,-0.655517578125,-0.714066147804
-0.540927648544,0.168602228165,1.32787585258,-0.150979608297,-0.194388851523,-0.655602037907,-0.713865578175
-0.540875732899,0.168391853571,1.32798433304,-0.151323914528,-0.194546028972,-0.655796766281,-0.713570952415
-0.540833055973,0.168064683676,1.32807207108,-0.152278795838,-0.194002896547,-0.656217157841,-0.713129043579
-0.54081684351,0.16785813868,1.32813549042,-0.152413517237,-0.193768516183,-0.656556010246,-0.712851941586
-0.540886700153,0.167631268501,1.3282173872,-0.154843226075,-0.192801117897,-0.655963361263,-0.713136255741
-0.540852963924,0.167352676392,1.32830429077,-0.154806151986,-0.191991716623,-0.657043993473,-0.712367475033
-0.540858447552,0.16717466712,1.32836663723,-0.155066624284,-0.19180251658,-0.657136082649,-0.712276816368
-0.540782034397,0.166839718819,1.32837462425,-0.154507011175,-0.193056151271,-0.659673929214,-0.70970916748
-0.540784537792,0.166637077928,1.32843661308,-0.157429143786,-0.190801724792,-0.657925128937,-0.71129822731
-0.540751039982,0.16643461585,1.32846200466,-0.158089369535,-0.190604060888,-0.658612668514,-0.710568189621
-0.540794610977,0.166225790977,1.328520298,-0.160414382815,-0.190223321319,-0.658061861992,-0.710659503937
-0.540731012821,0.166044682264,1.32849311829,-0.160639420152,-0.189359396696,-0.658514261246,-0.710420429707
-0.540700793266,0.165854558349,1.32857358456,-0.160408347845,-0.189508840442,-0.659110188484,-0.709879815578
-0.540665864944,0.165661290288,1.3286241293,-0.163196638227,-0.189378544688,-0.658870637417,-0.709501445293
-0.540593743324,0.165491655469,1.32863855362,-0.161305189133,-0.189790010452,-0.661711931229,-0.707175791264
-0.540564537048,0.165342539549,1.32864713669,-0.16258816421,-0.189323842525,-0.661818027496,-0.706907689571
-0.540623426437,0.165184527636,1.3286408186,-0.16586907208,-0.188066974282,-0.659342050552,-0.708792090416
-0.54049384594,0.16518484056,1.32851099968,-0.167477369308,-0.187174767256,-0.659651875496,-0.708361804485
-0.540460526943,0.16501159966,1.32847332954,-0.168604373932,-0.186942085624,-0.659610807896,-0.708193957806
-0.540418446064,0.164848789573,1.3285176754,-0.16884817183,-0.186875760555,-0.659463644028,-0.70829051733
-0.540368676186,0.1645475775,1.32853114605,-0.170241177082,-0.187592759728,-0.659544885159,-0.707691609859
-0.540206968784,0.16455720365,1.32855951786,-0.170598566532,-0.186732068658,-0.659836053848,-0.707561790943
-0.540137112141,0.164437651634,1.32854390144,-0.172180771828,-0.18700581789,-0.659650504589,-0.707279205322
-0.54031431675,0.164276227355,1.32835531235,-0.173818603158,-0.18694011867,-0.659274399281,-0.707246601582
-0.54021191597,0.16418248415,1.32832813263,-0.174341335893,-0.187143027782,-0.659053742886,-0.707269906998
-0.540123581886,0.16401450336,1.32831072807,-0.175478234887,-0.186452656984,-0.659023106098,-0.707199692726
-0.539947092533,0.163984015584,1.32820594311,-0.176324978471,-0.185961529613,-0.658562660217,-0.70754724741
-0.539573729038,0.163887143135,1.32826066017,-0.175041273236,-0.185810163617,-0.659237325191,-0.707277476788
-0.539469063282,0.163770407438,1.32822167873,-0.175734162331,-0.185593977571,-0.659224331379,-0.707174539566
-0.539370179176,0.163646504283,1.32818651199,-0.176473945379,-0.185522034764,-0.659184217453,-0.707046449184
-0.53937214613,0.163416057825,1.32818090916,-0.178597718477,-0.185536906123,-0.65844976902,-0.707193613052
-0.539291083813,0.163322731853,1.32817399502,-0.178515851498,-0.185431450605,-0.658506929874,-0.707188725471
-0.539386093616,0.163293227553,1.32807290554,-0.179497182369,-0.185695007443,-0.658305108547,-0.707059025764
-0.539279818535,0.163092955947,1.32802534103,-0.180134683847,-0.185141041875,-0.658326983452,-0.707021832466
-0.539151787758,0.162943050265,1.32798111439,-0.180350109935,-0.185417234898,-0.658542156219,-0.70669400692
-0.539104700089,0.162867501378,1.32793807983,-0.180852547288,-0.184744298458,-0.658227801323,-0.707034707069
-0.538992226124,0.162731587887,1.32790112495,-0.181029185653,-0.184586986899,-0.658202886581,-0.707053661346
-0.538882672787,0.162663653493,1.32784819603,-0.180829644203,-0.184530347586,-0.658225536346,-0.707098424435
-0.538766205311,0.162569597363,1.32780706882,-0.180341258645,-0.184041634202,-0.658203721046,-0.707370936871
-0.538642406464,0.162462636828,1.32776010036,-0.180289059877,-0.183696568012,-0.658004999161,-0.707658708096
-0.538510382175,0.162345275283,1.32771289349,-0.181149736047,-0.182780250907,-0.657547473907,-0.708101272583
-0.538345515728,0.162280932069,1.32764732838,-0.181214854121,-0.18182772398,-0.657091379166,-0.708752989769
-0.537971913815,0.162188544869,1.32778084278,-0.179991707206,-0.181341573596,-0.657800972462,-0.708530783653
-0.537926018238,0.162268921733,1.32770609856,-0.179806783795,-0.179052501917,-0.657435953617,-0.709498286247
-0.537643253803,0.162298187613,1.32764971256,-0.17977322638,-0.178225517273,-0.656760394573,-0.710340082645
-0.537502646446,0.162389725447,1.32760691643,-0.17937630415,-0.176327899098,-0.656257033348,-0.711378574371
-0.537230432034,0.162335291505,1.32767057419,-0.177238732576,-0.176146611571,-0.658106446266,-0.710249781609
-0.537357747555,0.162617251277,1.3275346756,-0.179549515247,-0.171699032187,-0.654637753963,-0.713954329491
-0.537153422832,0.162763372064,1.32752156258,-0.178727343678,-0.169570550323,-0.654317438602,-0.714962184429
-0.537030279636,0.162937149405,1.32754290104,-0.17953543365,-0.165692448616,-0.652227461338,-0.717574000359
-0.536872804165,0.163103103638,1.32755315304,-0.179417490959,-0.16285841167,-0.650882720947,-0.719470798969
-0.537212371826,0.163317754865,1.32753992081,-0.17848713696,-0.155831828713,-0.649591386318,-0.722419559956
-0.537268161774,0.163304314017,1.32755172253,-0.17825332284,-0.152517333627,-0.650847136974,-0.722054243088
-0.536924481392,0.163528844714,1.32759058475,-0.178441151977,-0.150573328137,-0.646773517132,-0.726065039635
-0.536696314812,0.163502156734,1.32778358459,-0.177623197436,-0.149007022381,-0.647048711777,-0.72634345293
-0.53681820631,0.163789615035,1.32775735855,-0.177984938025,-0.144724696875,-0.643117308617,-0.730599999428
-0.536087930202,0.163775920868,1.32795929909,-0.176388606429,-0.146178409457,-0.641407191753,-0.732199311256
-0.535979688168,0.163884013891,1.32793462276,-0.177342668176,-0.141744360328,-0.637414991856,-0.736315310001
-0.535970926285,0.163870170712,1.3279761076,-0.175208136439,-0.139674276114,-0.637454152107,-0.737187445164
-0.535993635654,0.163751363754,1.32788836956,-0.174775734544,-0.13781607151,-0.635327398777,-0.739472270012
-0.536016464233,0.163706839085,1.32804322243,-0.176260456443,-0.134127631783,-0.631197690964,-0.743324637413
-0.536586165428,0.163445726037,1.32771980762,-0.175080433488,-0.133832424879,-0.631319403648,-0.74355328083
-0.53625202179,0.16359385848,1.32765340805,-0.175863042474,-0.129221692681,-0.626627206802,-0.74813914299
-0.536434650421,0.163287833333,1.32790791988,-0.17419628799,-0.128845021129,-0.626963555813,-0.748312413692
-0.536559581757,0.163076385856,1.32792031765,-0.174806401134,-0.125910639763,-0.623263418674,-0.75175255537
-0.536548197269,0.162741824985,1.3280646801,-0.173681229353,-0.123397886753,-0.621204316616,-0.754130601883
-0.536731719971,0.16234959662,1.32811105251,-0.173398479819,-0.121932938695,-0.619424581528,-0.755895733833
-0.53700119257,0.16213016212,1.32795965672,-0.172018155456,-0.121083244681,-0.619468331337,-0.756311774254
-0.537095069885,0.161788105965,1.3276655674,-0.172064229846,-0.118552297354,-0.615854799747,-0.759645998478
-0.537318170071,0.161443933845,1.32768201828,-0.171827465296,-0.116725236177,-0.614333331585,-0.761212944984
-0.537588298321,0.160910665989,1.32770657539,-0.169767588377,-0.116793580353,-0.614830136299,-0.761263430119
-0.537933290005,0.160442143679,1.32786309719,-0.170959964395,-0.114790275693,-0.611694216728,-0.763823330402
-0.538048326969,0.16027186811,1.32753407955,-0.171680405736,-0.111683502793,-0.609721183777,-0.765697479248
-0.538538753986,0.159509390593,1.32773351669,-0.168679744005,-0.113154709339,-0.611057400703,-0.76508295536
-0.538707375526,0.158951833844,1.32785868645,-0.168345361948,-0.111195236444,-0.609669864178,-0.766549527645
-0.539177119732,0.158355757594,1.32792425156,-0.16824889183,-0.110532902181,-0.609028398991,-0.767176091671
-0.539423823357,0.157916337252,1.3277323246,-0.16976338625,-0.1079255566,-0.605761826038,-0.769795417786
-0.539963424206,0.157457917929,1.32755827904,-0.169969767332,-0.106660790741,-0.604614019394,-0.770827949047
-0.540504276752,0.156596392393,1.32771325111,-0.169653519988,-0.106208905578,-0.604114115238,-0.771351695061
-0.541020035744,0.156132847071,1.32752513885,-0.169841974974,-0.105047360063,-0.603005468845,-0.772336184978
-0.541337013245,0.155566871166,1.32749533653,-0.169544041157,-0.103729583323,-0.601844012737,-0.773484945297
-0.541202068329,0.15528434515,1.3273870945,-0.169290229678,-0.100582025945,-0.599373519421,-0.775870800018
-0.541319787502,0.154619663954,1.32746052742,-0.168083190918,-0.0999887138605,-0.598867177963,-0.77660048008
-0.542029082775,0.153937697411,1.32750272751,-0.168398931623,-0.0988633707166,-0.597991645336,-0.77735054493
-0.542607486248,0.153364554048,1.32743024826,-0.168570235372,-0.0985941439867,-0.596810519695,-0.778254806995
-0.542505800724,0.15312898159,1.32737004757,-0.168215632439,-0.096128821373,-0.594604730606,-0.78032553196
-0.542878985405,0.152484804392,1.3274371624,-0.167847171426,-0.0952729210258,-0.593630135059,-0.781251311302
-0.543609976768,0.151750519872,1.32754981518,-0.168353796005,-0.094548150897,-0.592605292797,-0.782008051872
-0.543699204922,0.151100665331,1.3276758194,-0.167333900928,-0.0931412279606,-0.591611623764,-0.783147335052
-0.543621122837,0.150722429156,1.32764911652,-0.166942223907,-0.0904669761658,-0.589693903923,-0.784988701344
-0.544331133366,0.149866804481,1.32775998116,-0.167681142688,-0.0909014642239,-0.588828027248,-0.785430848598
-0.544647574425,0.14932961762,1.32784318924,-0.166387364268,-0.0889855995774,-0.587795376778,-0.786697745323
-0.544884204865,0.148806646466,1.32783174515,-0.166257202625,-0.0873120874166,-0.58646696806,-0.787903368473
-0.544866621494,0.148222476244,1.32797574997,-0.165836930275,-0.0858810320497,-0.584692180157,-0.789466738701
-0.545004367828,0.147777095437,1.32792258263,-0.165336564183,-0.083507835865,-0.583018541336,-0.791062295437
-0.545417666435,0.147029697895,1.32806158066,-0.163567900658,-0.0823922082782,-0.582434296608,-0.791976869106
-0.545684635639,0.146421194077,1.32810950279,-0.16325211525,-0.0812261551619,-0.581113755703,-0.793131709099
-0.545869290829,0.145841896534,1.32807123661,-0.16305243969,-0.0798571556807,-0.579281747341,-0.794650554657
-0.54628264904,0.145156428218,1.32823860645,-0.162479475141,-0.0786563307047,-0.578275203705,-0.795620203018
-0.546439230442,0.144638895988,1.32827949524,-0.162018567324,-0.0769773945212,-0.577105760574,-0.796726763248
-0.546797394753,0.143917739391,1.32832717896,-0.160578295588,-0.0812418684363,-0.576554894447,-0.796993613243
-0.547038912773,0.143388032913,1.32837128639,-0.159949660301,-0.0802998095751,-0.575454771519,-0.798009932041
-0.547306239605,0.142785727978,1.3284265995,-0.15915364027,-0.0793279707432,-0.574428677559,-0.799004971981
-0.54756206274,0.142217889428,1.32847130299,-0.158440083265,-0.0782237052917,-0.573203206062,-0.800134897232
-0.547834634781,0.141631826758,1.32850265503,-0.157734498382,-0.0769745856524,-0.572067737579,-0.80120742321
-0.54810744524,0.141058370471,1.32856810093,-0.157105728984,-0.0761125609279,-0.571028292179,-0.802154242992
-0.548383176327,0.140512570739,1.32860600948,-0.156265690923,-0.0753296092153,-0.570150494576,-0.80301618576
-0.548221647739,0.14021115005,1.32856571674,-0.155385643244,-0.0731089040637,-0.568250477314,-0.804737150669
-0.548492252827,0.139682531357,1.32856059074,-0.15458625555,-0.0723754093051,-0.567602753639,-0.805414199829
-0.548738837242,0.139158785343,1.32858169079,-0.154057994485,-0.0716016441584,-0.566661894321,-0.806246697903
-0.549023866653,0.138597562909,1.32863497734,-0.153351560235,-0.0709852948785,-0.566111683846,-0.806822180748
-0.549251616001,0.138360768557,1.32864689827,-0.15382142365,-0.0682033970952,-0.566761851311,-0.806516230106
-0.549511313438,0.137813672423,1.32868790627,-0.152729094028,-0.0685830265284,-0.566296756268,-0.807018101215
-0.55027782917,0.137006849051,1.32883441448,-0.152225166559,-0.0698842927814,-0.565251946449,-0.80773383379
-0.550543665886,0.136450409889,1.32890689373,-0.151376098394,-0.069817237556,-0.565177023411,-0.807951569557
-0.550805389881,0.136018052697,1.32897305489,-0.151087298989,-0.0685714110732,-0.564844489098,-0.808344841003
-0.551098525524,0.135560855269,1.32904171944,-0.150985971093,-0.0675592571497,-0.564720153809,-0.808535814285
-0.551375985146,0.135031536222,1.32908892632,-0.150033712387,-0.0684507936239,-0.564987301826,-0.808451473713
-0.551664292812,0.134580954909,1.3291260004,-0.149458289146,-0.0677750632167,-0.565391778946,-0.808332145214
-0.551954269409,0.134141862392,1.32921159267,-0.148672044277,-0.0668246075511,-0.565802752972,-0.808268785477
-0.552259325981,0.133730694652,1.32928097248,-0.148675635457,-0.0659803897142,-0.565840601921,-0.808310985565
-0.552138090134,0.133484587073,1.32925081253,-0.14731426537,-0.0657335147262,-0.565719783306,-0.808664739132
-0.5524751544,0.132939457893,1.32943725586,-0.146722093225,-0.066611930728,-0.566857635975,-0.807903409004
-0.552757561207,0.13254404068,1.32947301865,-0.146138012409,-0.0664804428816,-0.56749767065,-0.807570695877
-0.553116858006,0.132148340344,1.32950222492,-0.144943729043,-0.0659914016724,-0.568078815937,-0.807417452335
-0.553333699703,0.131783783436,1.32942461967,-0.144382238388,-0.0659197941422,-0.568458855152,-0.80725646019
-0.553702294827,0.13131351769,1.32947957516,-0.144674479961,-0.0663805156946,-0.569194614887,-0.806647658348
-0.554122388363,0.130862981081,1.32961666584,-0.144083887339,-0.0664779245853,-0.57019931078,-0.806035578251
-0.554722845554,0.130377024412,1.32962608337,-0.143700003624,-0.0667775943875,-0.571174442768,-0.805388689041
-0.554966807365,0.130010083318,1.32967174053,-0.14247828722,-0.0680670365691,-0.572084069252,-0.804851949215
-0.554912209511,0.12990218401,1.32972490788,-0.141582459211,-0.0670500099659,-0.572059750557,-0.805112540722
-0.555243968964,0.129575848579,1.32978343964,-0.141010269523,-0.0672638639808,-0.57247364521,-0.804901063442
-0.555655062199,0.129171997309,1.32984232903,-0.141045048833,-0.0675543472171,-0.572687089443,-0.804718732834
-0.556512713432,0.12854193151,1.3299292326,-0.139821738005,-0.0666120499372,-0.573985815048,-0.804085195065
-0.556989908218,0.128116101027,1.32999241352,-0.140192165971,-0.0652639716864,-0.574362099171,-0.803862512112
-0.556622982025,0.128367304802,1.32995200157,-0.13822709024,-0.0672203376889,-0.574275553226,-0.804103374481
-0.557241022587,0.12789952755,1.33005726337,-0.137866929173,-0.0632200613618,-0.574229121208,-0.804522812366
-0.557612001896,0.127495408058,1.33010482788,-0.137003690004,-0.0642732009292,-0.574648916721,-0.804287016392
-0.557671308517,0.12746322155,1.33014023304,-0.135257154703,-0.067541629076,-0.574662685394,-0.80430495739
-0.55825227499,0.127091467381,1.33017134666,-0.134786501527,-0.0635993033648,-0.574714839458,-0.804668009281
-0.558359324932,0.127082169056,1.33021712303,-0.133783742785,-0.0670461133122,-0.574440538883,-0.804751336575
-0.558658719063,0.126875758171,1.33025360107,-0.132810607553,-0.0669480785728,-0.574358344078,-0.80497944355
-0.559239923954,0.126423999667,1.33029687405,-0.131994500756,-0.0630748793483,-0.574602365494,-0.805252254009
-0.559501826763,0.126171499491,1.33045101166,-0.13129389286,-0.0633418112993,-0.574283778667,-0.805573046207
-0.559657335281,0.126187756658,1.3304336071,-0.130035474896,-0.0621948353946,-0.573898971081,-0.80614054203
-0.559897959232,0.126037374139,1.33049082756,-0.129136353731,-0.0619019493461,-0.573557376862,-0.806550562382
-0.560217559338,0.12579652667,1.33054685593,-0.127790853381,-0.0619143210351,-0.572877705097,-0.807246744633
-0.560543000698,0.125550851226,1.3306812048,-0.126816257834,-0.0619074776769,-0.572758972645,-0.807485044003
-0.560679793358,0.125537902117,1.33067536354,-0.126007393003,-0.0607737712562,-0.572332680225,-0.807999968529
-0.560576140881,0.125664800406,1.33059608936,-0.124309830368,-0.063848786056,-0.571681261063,-0.808486878872
-0.561500370502,0.125039234757,1.33072090149,-0.123928397894,-0.0610190965235,-0.571466326714,-0.808915734291
-0.561075627804,0.125327035785,1.3306953907,-0.121993713081,-0.0635127052665,-0.570664167404,-0.809583842754
-0.561267018318,0.125190362334,1.33083117008,-0.121045790613,-0.0632521435618,-0.570269107819,-0.810024797916
-0.561476528645,0.125101163983,1.33084261417,-0.120180673897,-0.0629452615976,-0.569727599621,-0.810558438301
-0.561815977097,0.124939695001,1.3307466507,-0.119687281549,-0.0580721199512,-0.568862497807,-0.811602115631
-0.561737954617,0.125112384558,1.33076643944,-0.118476189673,-0.0609536245465,-0.567910730839,-0.812234818935
-0.562038838863,0.12490542978,1.3308686018,-0.117296792567,-0.0606821030378,-0.567952096462,-0.812397420406
-0.56211835146,0.124900057912,1.3307543993,-0.116325072944,-0.0598728135228,-0.567215740681,-0.813111364841
-0.562240898609,0.12494289875,1.33070790768,-0.115693584085,-0.0589741170406,-0.566859960556,-0.81351518631
-0.562418341637,0.124894715846,1.33071732521,-0.114906862378,-0.0587094016373,-0.566257059574,-0.814065396786
-0.562654197216,0.124750934541,1.33072304726,-0.113806657493,-0.0585923008621,-0.565803706646,-0.814543545246
-0.562907516956,0.124662913382,1.33075928688,-0.113212779164,-0.058201789856,-0.565196275711,-0.815075814724
-0.563007414341,0.124685838819,1.33064699173,-0.112170621753,-0.057397339493,-0.564337253571,-0.81587177515
-0.56314009428,0.124670512974,1.33062756062,-0.111406080425,-0.0567650683224,-0.563792169094,-0.816397428513
-0.563350856304,0.124630853534,1.33060348034,-0.110545039177,-0.0563763193786,-0.563448250294,-0.81677877903
-0.563502371311,0.124610193074,1.33054935932,-0.109749868512,-0.056007090956,-0.563012301922,-0.817211806774
-0.563655674458,0.124577395618,1.33057010174,-0.109067246318,-0.0556482970715,-0.56266784668,-0.817565083504
-0.563804745674,0.12461951375,1.33056545258,-0.108507528901,-0.0545532219112,-0.561957418919,-0.81820166111
-0.563792228699,0.124640643597,1.33056688309,-0.107724443078,-0.0543384104967,-0.561591684818,-0.818570435047
-0.563956081867,0.124615818262,1.33063697815,-0.106865383685,-0.053899217397,-0.561464488506,-0.818799316883
-0.564060628414,0.124575942755,1.33063101768,-0.105997741222,-0.0536078885198,-0.561247050762,-0.819080233574
-0.564196884632,0.124528333545,1.33063447475,-0.10503230989,-0.0530563443899,-0.560811698437,-0.819538652897
-0.563991963863,0.12478864938,1.33057355881,-0.104576267302,-0.051009286195,-0.560725748539,-0.819785654545
-0.564146518707,0.124749593437,1.33057010174,-0.103953897953,-0.0506153516471,-0.560415923595,-0.820101082325
-0.564710617065,0.124484241009,1.33080053329,-0.103364631534,-0.0514209121466,-0.559730768204,-0.820593118668
-0.564415872097,0.124604135752,1.33065772057,-0.102319568396,-0.0499444305897,-0.560013830662,-0.820622205734
-0.56487429142,0.124311260879,1.33083057404,-0.10135871917,-0.0507595874369,-0.5593572855,-0.821139097214
-0.564969360828,0.124257005751,1.33089160919,-0.100726768374,-0.0501676052809,-0.558941602707,-0.821536123753
-0.565054535866,0.124193325639,1.33092880249,-0.099896505475,-0.0498174503446,-0.55876994133,-0.821775555611
-0.565171658993,0.124075323343,1.33101391792,-0.0987547561526,-0.049175389111,-0.558408439159,-0.822197854519
-0.565292239189,0.123995885253,1.33106458187,-0.097737133503,-0.0488672815263,-0.55824226141,-0.822450518608
-0.565188169479,0.123984113336,1.33101737499,-0.0965982675552,-0.0478264428675,-0.557424008846,-0.82320100069
-0.565250635147,0.123870305717,1.33109295368,-0.0958709269762,-0.047522585839,-0.556939661503,-0.82363140583
-0.565401911736,0.123728722334,1.3311085701,-0.094463005662,-0.0461114682257,-0.556609153748,-0.824097454548
-0.565540790558,0.123580947518,1.33134615421,-0.0937593132257,-0.0455923676491,-0.556084752083,-0.824560642242
-0.565553188324,0.123455516994,1.33143436909,-0.0925397723913,-0.0449596270919,-0.55541652441,-0.825183331966
-0.565539002419,0.123393967748,1.33151972294,-0.091660939157,-0.044049680233,-0.554580152035,-0.825892686844
-0.566031336784,0.122975379229,1.3317104578,-0.0908727273345,-0.0447054468095,-0.554491519928,-0.82600402832
-0.565961360931,0.122816331685,1.33184206486,-0.0898329168558,-0.0440878197551,-0.553716480732,-0.826670706272
-0.565524220467,0.122935533524,1.33178508282,-0.0887406766415,-0.0423374213278,-0.552528381348,-0.82767444849
-0.565401852131,0.122863993049,1.33183419704,-0.087895847857,-0.0411188155413,-0.551295697689,-0.828647494316
-0.565353810787,0.122629709542,1.33195567131,-0.0864094495773,-0.041019257158,-0.550691246986,-0.829210519791
-0.565232634544,0.122456051409,1.33199548721,-0.0853870809078,-0.0403447151184,-0.549738049507,-0.829981565475
-0.565039932728,0.12229821831,1.33197581768,-0.0842379182577,-0.0394630245864,-0.548625707626,-0.830876946449
