x,y,z,q0,q1,q2,q3
-0.585524082184,-0.251451522112,0.832483053207,0.314183175564,-0.498837947845,0.591382682323,0.550196409225
-0.585415959358,-0.251294195652,0.83191293478,0.321892529726,-0.499782532454,0.588844180107,0.547599494457
-0.585748851299,-0.251153349876,0.831317603588,0.323158711195,-0.495299786329,0.590138137341,0.549530446529
-0.585480690002,-0.25103405118,0.830755114555,0.329640179873,-0.494751900434,0.588295817375,0.54814773798
-0.585511565208,-0.250964790583,0.830191016197,0.334159642458,-0.493705123663,0.58730506897,0.547417223454
-0.585676848888,-0.25087082386,0.829685270786,0.336546838284,-0.490901589394,0.587380945683,0.54839360714
-0.58550286293,-0.250876188278,0.829111337662,0.343656301498,-0.491698473692,0.584780454636,0.546044707298
-0.585455715656,-0.250801086426,0.828558325768,0.349596917629,-0.490788966417,0.583124577999,0.544861555099
-0.585523664951,-0.250780463219,0.828154444695,0.352020949125,-0.488026499748,0.583879709244,0.544973492622
-0.585277140141,-0.250726103783,0.827535867691,0.360312640667,-0.487350404263,0.581105351448,0.543121516705
-0.585224449635,-0.250691592693,0.827096223831,0.363332897425,-0.484230846167,0.582027792931,0.542912125587
-0.584687709808,-0.250835895538,0.826549589634,0.366944938898,-0.481183052063,0.583279371262,0.541848182678
-0.584684848785,-0.250681459904,0.826024651527,0.374449789524,-0.480006814003,0.581227064133,0.539959251881
-0.58418905735,-0.250682145357,0.825439333916,0.382295072079,-0.478061050177,0.580160319805,0.537328779697
-0.583761334419,-0.250738292933,0.825035750866,0.388855278492,-0.475276440382,0.579680144787,0.535606861115
-0.583333849907,-0.250823795795,0.82456690073,0.392575204372,-0.469037890434,0.582245707512,0.535610020161
-0.582534968853,-0.250920176506,0.824005424976,0.401047676802,-0.467577129602,0.581360638142,0.531556487083
-0.581846117973,-0.251006394625,0.823652625084,0.406537592411,-0.465213268995,0.58168900013,0.529095232487
-0.581044435501,-0.251052737236,0.823296070099,0.412443876266,-0.462088882923,0.5817938447,0.52714318037
-0.580119073391,-0.251213759184,0.823234677315,0.413441032171,-0.45854845643,0.585371375084,0.525490522385
-0.57915186882,-0.251274645329,0.822841882706,0.424733370543,-0.45794570446,0.581320405006,0.521492004395
-0.578063666821,-0.251354306936,0.82262057066,0.427950620651,-0.454296886921,0.582665622234,0.520550966263
-0.576876759529,-0.251470327377,0.82240653038,0.435272336006,-0.453648746014,0.580968797207,0.516929507256
-0.575542390347,-0.251523345709,0.82219940424,0.436861097813,-0.451025396585,0.583686769009,0.51481872797
-0.573847532272,-0.251636058092,0.821978151798,0.444127380848,-0.449260979891,0.582392454147,0.511600077152
-0.572836697102,-0.251723974943,0.822010219097,0.447750806808,-0.444736927748,0.584624946117,0.509845197201
-0.571051239967,-0.251721084118,0.821668207645,0.455207556486,-0.443509548903,0.582529425621,0.506699979305
-0.569095015526,-0.251847147942,0.821952879429,0.456885397434,-0.445189654827,0.583619356155,0.502444684505
-0.567395925522,-0.251729220152,0.821989357471,0.460742115974,-0.445463269949,0.583350658417,0.498980432749
-0.565365433693,-0.251631170511,0.822125434875,0.46520370245,-0.444495022297,0.582996666431,0.496109455824
-0.563161313534,-0.251578450203,0.821893870831,0.469968855381,-0.443707555532,0.582737028599,0.492616057396
-0.561208367348,-0.251179248095,0.821773052216,0.471154153347,-0.445499062538,0.582437813282,0.490214943886
-0.558936595917,-0.250810682774,0.821477174759,0.473388999701,-0.442401647568,0.585403740406,0.487325429916
-0.556518673897,-0.250531286001,0.82196867466,0.475355267525,-0.443780392408,0.58565312624,0.483845710754
-0.554291844368,-0.250050932169,0.82220607996,0.479498356581,-0.443554311991,0.585183799267,0.480521172285
-0.551863372326,-0.249625951052,0.822027981281,0.480354011059,-0.437526196241,0.591286122799,0.477715015411
-0.549018204212,-0.249084830284,0.822068572044,0.485482037067,-0.436631768942,0.590422987938,0.474405527115
-0.546588361263,-0.248424589634,0.822527647018,0.484666317701,-0.436406284571,0.594678878784,0.470111936331
-0.543482065201,-0.247668638825,0.822497844696,0.488450020552,-0.439576566219,0.593153476715,0.465142905712
-0.540773153305,-0.246859669685,0.822882652283,0.488475322723,-0.435914188623,0.597593963146,0.462874054909
-0.538375496864,-0.245914399624,0.82275646925,0.488589406013,-0.432958453894,0.60257089138,0.459059685469
-0.535383403301,-0.244961321354,0.822733521461,0.488994479179,-0.430336385965,0.606514155865,0.455890059471
-0.532385587692,-0.243969872594,0.822911560535,0.488688796759,-0.428656518459,0.610643386841,0.452273845673
-0.529152929783,-0.242947027087,0.823567509651,0.490054517984,-0.430561959743,0.611869990826,0.447300970554
-0.526197135448,-0.241914048791,0.823424518108,0.491530478001,-0.42520275712,0.616821587086,0.443995118141
-0.523181796074,-0.240754052997,0.823626041412,0.492695897818,-0.424334824085,0.620261847973,0.438709527254
-0.520262479782,-0.239524096251,0.823943138123,0.497600227594,-0.423905819654,0.620423316956,0.433327585459
-0.517747759819,-0.240222960711,0.825006842613,0.508420288563,-0.406569629908,0.631785988808,0.420780867338
-0.51465511322,-0.238852635026,0.825400590897,0.510109603405,-0.404877126217,0.635843873024,0.414204359055
-0.512778878212,-0.23757506907,0.825506746769,0.513789772987,-0.399984329939,0.64031213522,0.40747153759
-0.508677482605,-0.235968351364,0.826131522655,0.518373548985,-0.401982992887,0.641132175922,0.398306667805
-0.505483210087,-0.234343022108,0.826211214066,0.521742045879,-0.398372203112,0.645670413971,0.390121281147
-0.502307891846,-0.232728719711,0.826655447483,0.526891887188,-0.396393328905,0.647909045219,0.381406992674
-0.499096423388,-0.230861112475,0.826847612858,0.530257225037,-0.391180276871,0.652588009834,0.37407797575
-0.496123075485,-0.229122146964,0.827335238457,0.529915869236,-0.384625762701,0.659538328648,0.369136184454
-0.492925733328,-0.227114573121,0.827899634838,0.531355798244,-0.379669487476,0.666093230247,0.360321998596
-0.489587813616,-0.225053340197,0.828391969204,0.535279452801,-0.374130189419,0.670474648476,0.352088421583
-0.48644387722,-0.22287017107,0.828802466393,0.542171180248,-0.370286613703,0.672556042671,0.341477185488
-0.482987314463,-0.220408141613,0.829192459583,0.547115445137,-0.36341291666,0.677175402641,0.331706523895
-0.479708015919,-0.217936366796,0.829652547836,0.552753925323,-0.357758790255,0.680639505386,0.321250289679
-0.47631329298,-0.215365961194,0.830136477947,0.558085024357,-0.35330042243,0.683363854885,0.311020433903
-0.474118262529,-0.212498217821,0.830625116825,0.588572800159,-0.351666122675,0.666229367256,0.293345689774
-0.469655781984,-0.209717348218,0.830960631371,0.578693330288,-0.345260679722,0.681055426598,0.286483377218
-0.46617347002,-0.206726372242,0.831582427025,0.582289874554,-0.34007576108,0.68434047699,0.277425944805
-0.462850481272,-0.203381627798,0.831983745098,0.585195302963,-0.340571403503,0.684754371643,0.269572049379
-0.45962870121,-0.200024738908,0.832385599613,0.587592363358,-0.339744567871,0.685916006565,0.262351065874
-0.456372737885,-0.196882352233,0.833175063133,0.591152250767,-0.336898773909,0.688051879406,0.252235889435
-0.452763408422,-0.193265676498,0.833291113377,0.59085637331,-0.326717108488,0.695761978626,0.245071321726
-0.45024818182,-0.190663516521,0.834666490555,0.59612840414,-0.328128695488,0.694163858891,0.234731912613
-0.447026431561,-0.187120094895,0.835437178612,0.59714859724,-0.323703914881,0.6980727911,0.226547792554
-0.444043815136,-0.183855012059,0.836074113846,0.599036753178,-0.321585565805,0.700627982616,0.216467574239
-0.441122591496,-0.180375486612,0.837091803551,0.600021421909,-0.31831613183,0.703743577003,0.208312496543
-0.438126564026,-0.177361413836,0.838510632515,0.605606019497,-0.318026691675,0.701887011528,0.198632702231
-0.435002684593,-0.173167973757,0.839098215103,0.60185945034,-0.307675868273,0.711878418922,0.190603941679
-0.432157307863,-0.169720262289,0.840124547482,0.601192593575,-0.30133703351,0.716796934605,0.184297770262
-0.42930752039,-0.165803715587,0.841069221497,0.601923465729,-0.299938976765,0.719821155071,0.171995207667
-0.426438033581,-0.1620080024,0.842158138752,0.602286398411,-0.297742694616,0.722289919853,0.164005547762
-0.424420624971,-0.158741980791,0.843448400497,0.614201009274,-0.291582435369,0.716949462891,0.154014036059
-0.420679330826,-0.154647305608,0.844431877136,0.602275013924,-0.289604634047,0.729056179523,0.147888571024
-0.417852580547,-0.150700896978,0.845536112785,0.601725637913,-0.2874763906,0.731394469738,0.142638847232
-0.415342390537,-0.146830737591,0.846620440483,0.601469755173,-0.288851857185,0.732903659344,0.132857680321
-0.412909924984,-0.143159732223,0.847693681717,0.600569248199,-0.28624984622,0.735878348351,0.125938594341
-0.410364121199,-0.139281928539,0.848921895027,0.600048959255,-0.284200370312,0.738227784634,0.119126088917
-0.407577693462,-0.135197430849,0.850065946579,0.596718549728,-0.284346193075,0.742069005966,0.11139088124
-0.405159085989,-0.131438076496,0.851179182529,0.593618094921,-0.283366918564,0.745885670185,0.104763403535
-0.402626127005,-0.127752780914,0.852599561214,0.591400563717,-0.278590470552,0.749981582165,0.100798711181
-0.400299698114,-0.123869530857,0.853784680367,0.587579846382,-0.278257668018,0.75386172533,0.0949476286769
-0.398766011,-0.120452955365,0.855067253113,0.596419990063,-0.276639729738,0.748861551285,0.0834268182516
-0.396202743053,-0.116622805595,0.856303155422,0.583883702755,-0.277661830187,0.75862622261,0.0804366022348
-0.394031316042,-0.113130688667,0.85754430294,0.579224169254,-0.277651101351,0.762584805489,0.076640561223
-0.391754508018,-0.109376043081,0.858577132225,0.574451804161,-0.279169499874,0.766036570072,0.0725095197558
-0.389872014523,-0.105946116149,0.859973490238,0.570767819881,-0.280164271593,0.768852651119,0.0678063854575
-0.388699710369,-0.102700099349,0.861079096794,0.577860116959,-0.280815929174,0.763874173164,0.0609634369612
-0.386155515909,-0.0993049070239,0.8621327281,0.564280748367,-0.283495247364,0.773077964783,0.0597344897687
-0.384436249733,-0.0970510020852,0.864102363586,0.562872886658,-0.275315433741,0.777261614799,0.0569186098874
-0.382807403803,-0.093807540834,0.865138053894,0.556125581264,-0.275824397802,0.781967163086,0.0563259869814
-0.381499767303,-0.0907825604081,0.866273641586,0.556473731995,-0.279840976,0.780598700047,0.0518820397556
-0.380019843578,-0.0878966152668,0.867264151573,0.551589310169,-0.282738238573,0.783177793026,0.0494055375457
-0.378679275513,-0.0850971415639,0.868161261082,0.550406455994,-0.284738987684,0.783377230167,0.0479235127568
-0.377518683672,-0.0824095532298,0.869023621082,0.545228481293,-0.287331491709,0.786115288734,0.0467904172838
-0.376497238874,-0.0798784345388,0.869999527931,0.543332219124,-0.289636164904,0.786795377731,0.043058026582
-0.375723510981,-0.07766020298,0.870864391327,0.540544807911,-0.293136686087,0.787459969521,0.042299631983
-0.374819636345,-0.075218655169,0.87151402235,0.539245843887,-0.295761168003,0.787464022636,0.0404954664409
-0.374146223068,-0.07317045331,0.872142910957,0.537395000458,-0.29708686471,0.788296937943,0.0391670502722
-0.373469233513,-0.071136906743,0.872866868973,0.534661769867,-0.297359287739,0.789871752262,0.0426248721778
-0.372737020254,-0.0689908489585,0.87301504612,0.530770897865,-0.302213311195,0.790777385235,0.0402546711266
-0.372438669205,-0.0675130113959,0.873208045959,0.530986487865,-0.307534277439,0.788645327091,0.0389187037945
-0.37233415246,-0.0654375776649,0.873344659805,0.529868423939,-0.312299489975,0.787521719933,0.0389641076326
-0.371970832348,-0.0647501200438,0.873772859573,0.529616951942,-0.310325026512,0.788564801216,0.0370115451515
-0.371995031834,-0.0630710124969,0.873693585396,0.528130531311,-0.31429117918,0.787919342518,0.0385012514889
-0.371662288904,-0.0626956894994,0.874029099941,0.528370797634,-0.30782443285,0.790344893932,0.0377288199961
-0.372035950422,-0.0615461841226,0.873702049255,0.528562963009,-0.31445530057,0.787550449371,0.0387724637985
-0.372163504362,-0.0610610470176,0.873668074608,0.528677642345,-0.313766121864,0.787723898888,0.0392665266991
-0.372058868408,-0.0611121356487,0.87376844883,0.52947306633,-0.307072669268,0.789828181267,0.0391923710704
-0.372642546892,-0.0609735026956,0.873506069183,0.531625568867,-0.30498611927,0.789177060127,0.0394625551999
-0.37301158905,-0.0609933286905,0.873089849949,0.533093333244,-0.304239630699,0.788374960423,0.0414103455842
-0.373590111732,-0.0613713636994,0.872758388519,0.533757090569,-0.303009450436,0.788277328014,0.0436744652689
-0.374344497919,-0.0617504194379,0.872190713882,0.535241007805,-0.301754415035,0.787756681442,0.0435985289514
-0.375129431486,-0.0622188076377,0.871452391148,0.535023272038,-0.30048379302,0.788244247437,0.046159144491
-0.375905424356,-0.0629687458277,0.870811164379,0.538988888264,-0.297141164541,0.786578595638,0.0499230958521
-0.376675665379,-0.0638150349259,0.869722962379,0.540905535221,-0.296858966351,0.785259783268,0.0516049079597
-0.377831757069,-0.0649696439505,0.868970453739,0.541941761971,-0.292648732662,0.785875201225,0.0552816689014
-0.379058808088,-0.0660376921296,0.868256688118,0.543645203114,-0.29067954421,0.785298883915,0.0571060329676
-0.380035072565,-0.0674121677876,0.867151141167,0.5486292243,-0.287692159414,0.782683074474,0.0603856369853
-0.381342947483,-0.0678129717708,0.865287661552,0.548589348793,-0.296545296907,0.77904522419,0.0648025944829
-0.38260564208,-0.070378318429,0.864989578724,0.551783084869,-0.282406628132,0.781722187996,0.0685022845864
-0.38406291604,-0.0710794180632,0.862963199615,0.552982330322,-0.291568875313,0.777230620384,0.0714893713593
-0.385507166386,-0.0729148164392,0.861671328545,0.555041790009,-0.288581669331,0.776499509811,0.0754834190011
-0.386863559484,-0.074962079525,0.860686063766,0.558256983757,-0.283627033234,0.77572530508,0.0784553512931
-0.38883921504,-0.0769598856568,0.859164953232,0.563551366329,-0.285778343678,0.770569801331,0.0834425017238
-0.390383899212,-0.0788466781378,0.85776758194,0.564201116562,-0.282818228006,0.770703732967,0.0877884179354
-0.392221182585,-0.0819879174232,0.857260406017,0.566289365292,-0.267706096172,0.773758232594,0.0945934280753
-0.393946141005,-0.0834103599191,0.854782998562,0.568954110146,-0.276886045933,0.7679246068,0.099585108459
-0.395889639854,-0.0859843194485,0.85369181633,0.571462094784,-0.271933525801,0.7672098279,0.104270070791
-0.397843956947,-0.0884179323912,0.851879715919,0.576078534126,-0.273499161005,0.762174904346,0.111450374126
-0.399781674147,-0.0911586806178,0.85061275959,0.579572618008,-0.270270228386,0.759908616543,0.116569519043
-0.402029305696,-0.0936897024512,0.84910517931,0.581501305103,-0.266464114189,0.758823812008,0.122636049986
-0.404192477465,-0.0964434444904,0.847299456596,0.584940314293,-0.269155859947,0.754184246063,0.128864362836
-0.406511157751,-0.099161490798,0.845967292786,0.587428450584,-0.266435950994,0.751963734627,0.13597933948
-0.408748596907,-0.102132543921,0.844436228275,0.59021627903,-0.263526260853,0.749241173267,0.144347906113
-0.410809487104,-0.105027332902,0.84311413765,0.592773020267,-0.263268083334,0.745741724968,0.152247443795
-0.413140714169,-0.107980132103,0.841697871685,0.594862699509,-0.260502845049,0.743455827236,0.159844532609
-0.41530841589,-0.111048154533,0.840427398682,0.597076416016,-0.255188286304,0.741785228252,0.167730733752
-0.417682111263,-0.11409316957,0.839221298695,0.599309206009,-0.254210233688,0.738637566566,0.174986332655
-0.419852912426,-0.117201261222,0.838184535503,0.602000832558,-0.25040948391,0.736076951027,0.18188175559
-0.42226845026,-0.120142906904,0.837096810341,0.603317677975,-0.247982114553,0.733829498291,0.189755663276
-0.425007671118,-0.123304791749,0.836047291756,0.604120194912,-0.246809512377,0.731313765049,0.198252514005
-0.426853179932,-0.126288533211,0.835188627243,0.605329751968,-0.244669690728,0.729042410851,0.205450579524
-0.431797742844,-0.129360079765,0.83353972435,0.614455282688,-0.22844260931,0.725366711617,0.210004404187
-0.43337932229,-0.132316738367,0.832685053349,0.587709367275,-0.218190491199,0.746083438396,0.224388182163
-0.435847491026,-0.135097637773,0.831889927387,0.584399819374,-0.209471210837,0.748703420162,0.232469454408
-0.438623934984,-0.137767225504,0.830935001373,0.579457163811,-0.19827760756,0.753072023392,0.240412190557
-0.437890589237,-0.14117911458,0.832461297512,0.606137275696,-0.239863336086,0.717785954475,0.244635656476
-0.440030366182,-0.143962055445,0.832174420357,0.606768906116,-0.2380194664,0.71551066637,0.251441448927
-0.442084908485,-0.146442979574,0.83178550005,0.609142899513,-0.241082146764,0.710173249245,0.257834017277
-0.444031625986,-0.1493948102,0.832120120525,0.605012953281,-0.23638112843,0.71270430088,0.264832228422
-0.446151793003,-0.152646481991,0.832540631294,0.610541164875,-0.246300727129,0.702619433403,0.270002663136
-0.44797500968,-0.154451161623,0.832010567188,0.60474216938,-0.236263915896,0.708706557751,0.27604585886
-0.449718981981,-0.156890496612,0.832104563713,0.603188872337,-0.23723860085,0.707694351673,0.28115811944
-0.451355189085,-0.159299120307,0.832374215126,0.603552877903,-0.235139712691,0.706205666065,0.285844683647
-0.452924668789,-0.161552235484,0.832605481148,0.602262556553,-0.235616505146,0.704997122288,0.29110789299
-0.454763829708,-0.163576573133,0.83279299736,0.600094854832,-0.236390054226,0.704464793205,0.296201616526
-0.456181168556,-0.165639936924,0.832986116409,0.598326683044,-0.239368528128,0.703298270702,0.300132185221
-0.457376480103,-0.167683899403,0.833475232124,0.598232924938,-0.238699838519,0.701829254627,0.304262369871
-0.458962440491,-0.170192912221,0.834450244904,0.601880908012,-0.249890580773,0.69327044487,0.307684957981
-0.460155844688,-0.171208053827,0.834029197693,0.594968080521,-0.243646070361,0.699585556984,0.311816722155
-0.461286991835,-0.172795400023,0.834445536137,0.594096243382,-0.246109560132,0.697597622871,0.315970540047
-0.462514191866,-0.174468234181,0.834987998009,0.592487156391,-0.245683819056,0.697084009647,0.320425480604
-0.463394016027,-0.176173061132,0.835566163063,0.582448244095,-0.245254039764,0.702895462513,0.32640850544
-0.464301854372,-0.177268594503,0.835844218731,0.580899477005,-0.246238514781,0.702600002289,0.329052776098
-0.464553594589,-0.177676796913,0.835444331169,0.586408674717,-0.244249910116,0.699648857117,0.327045083046
-0.46515968442,-0.178576871753,0.835706353188,0.585917472839,-0.246124431491,0.698585391045,0.328788667917
-0.46576783061,-0.17950232327,0.83600962162,0.58438539505,-0.246639534831,0.698669970036,0.330942749977
-0.466827362776,-0.180964305997,0.837055206299,0.575557649136,-0.249237045646,0.702186346054,0.336969673634
-0.46705031395,-0.181280612946,0.836828410625,0.571526765823,-0.243860110641,0.706478238106,0.338788866997
-0.467368930578,-0.181325525045,0.83651971817,0.578895509243,-0.250043392181,0.699787259102,0.335642755032
-0.468134790659,-0.182300105691,0.836976468563,0.571920573711,-0.248684182763,0.703807175159,0.340174466372
-0.468374937773,-0.182589590549,0.837152600288,0.570237517357,-0.24932269752,0.704427957535,0.341245740652
-0.468435674906,-0.18270380795,0.837383389473,0.568628311157,-0.250404179096,0.704295217991,0.343406260014
-0.468537479639,-0.182734683156,0.837471604347,0.567249536514,-0.251017957926,0.704908370972,0.343979775906
-0.468566268682,-0.182679444551,0.837525427341,0.566185772419,-0.251754939556,0.705370545387,0.344246476889
-0.468646287918,-0.182651981711,0.837540447712,0.564562857151,-0.252859115601,0.706685066223,0.343405842781
-0.468529343605,-0.182393103838,0.837575495243,0.564214885235,-0.253900200129,0.706902205944,0.342761665583
-0.468316346407,-0.182026594877,0.837607443333,0.563134729862,-0.254887342453,0.707609176636,0.342346221209
-0.467793136835,-0.181135863066,0.837592661381,0.558417260647,-0.257418990135,0.709649503231,0.343952327967
-0.467421352863,-0.180692732334,0.837726891041,0.560975253582,-0.254938870668,0.708807110786,0.343373626471
-0.467042326927,-0.180106922984,0.837856173515,0.556306421757,-0.255724042654,0.712432026863,0.342883139849
-0.466390490532,-0.179017260671,0.837731540203,0.554416894913,-0.260475248098,0.711842060089,0.34359228611
-0.466127723455,-0.178398057818,0.837774038315,0.556459903717,-0.259789645672,0.711400032043,0.341718971729
-0.465489596128,-0.177405118942,0.837722957134,0.551490962505,-0.261058688164,0.715523600578,0.340194106102
-0.46492895484,-0.176370993257,0.837644994259,0.548890173435,-0.260893493891,0.71797990799,0.33935084939
-0.464344084263,-0.175200030208,0.8376339674,0.545603632927,-0.260637104511,0.720888376236,0.338681578636
-0.463814020157,-0.17420643568,0.837660968304,0.543692111969,-0.263503313065,0.722314119339,0.336492627859
-0.463073790073,-0.172600716352,0.837433636189,0.538940906525,-0.265665441751,0.7249147892,0.336842954159
-0.462701201439,-0.171311676502,0.837561368942,0.5365254879,-0.275621682405,0.72334676981,0.336069375277
-0.462274610996,-0.170120000839,0.837478101254,0.532503306866,-0.279714137316,0.726083159447,0.333171755075
-0.461642414331,-0.168369591236,0.837221860886,0.52599388361,-0.284120470285,0.729157984257,0.333068847656
-0.461157977581,-0.167107209563,0.837190628052,0.522789299488,-0.28653010726,0.732312142849,0.329106211662
-0.460802823305,-0.165808513761,0.837393581867,0.519491970539,-0.294950395823,0.73239672184,0.326691627502
-0.459869354963,-0.164035916328,0.837592720985,0.517994165421,-0.30814191699,0.729494214058,0.323371231556
-0.458746880293,-0.161496222019,0.836514353752,0.502898037434,-0.284340083599,0.748903930187,0.324633896351
-0.458222299814,-0.159876480699,0.836986243725,0.502395451069,-0.298499375582,0.74541670084,0.320703953505
-0.457622289658,-0.158743947744,0.837647438049,0.505446076393,-0.314443916082,0.739750862122,0.313716471195
-0.45675560832,-0.156185209751,0.836976706982,0.49295720458,-0.303827702999,0.752135634422,0.314601629972
-0.455874502659,-0.154309153557,0.837144434452,0.49008756876,-0.305688530207,0.75450026989,0.311605662107
-0.455529689789,-0.152449905872,0.837344825268,0.480666071177,-0.308433324099,0.760335743427,0.30938410759
-0.454521328211,-0.150618135929,0.837342262268,0.484057098627,-0.310097575188,0.758073508739,0.3079816401
-0.454237312078,-0.149515688419,0.837767720222,0.482737779617,-0.311151683331,0.760818898678,0.302164673805
-0.453343808651,-0.147583037615,0.838095068932,0.482715517282,-0.326817929745,0.756410002708,0.296681344509
-0.45267367363,-0.145750880241,0.838285088539,0.479485183954,-0.33023917675,0.758853375912,0.291852235794
-0.451833486557,-0.143281430006,0.837769150734,0.47112891078,-0.319345444441,0.7689229846,0.291227698326
-0.451481759548,-0.142746865749,0.838514328003,0.469887912273,-0.309385925531,0.774680912495,0.288713157177
-0.450659483671,-0.139901906252,0.838127851486,0.46467551589,-0.323276668787,0.772718548775,0.287184625864
-0.450162678957,-0.138483971357,0.838373959064,0.463280886412,-0.32109773159,0.774962365627,0.285832971334
-0.449579060078,-0.136858120561,0.838564634323,0.460963904858,-0.322895497084,0.777385592461,0.280931413174
-0.449096590281,-0.135184049606,0.838509202003,0.463007807732,-0.324922859669,0.777111053467,0.275948017836
-0.448602706194,-0.133675903082,0.838583707809,0.461462944746,-0.32770472765,0.777916252613,0.272961288691
-0.448291093111,-0.132221668959,0.838471233845,0.464801818132,-0.328516244888,0.776539683342,0.270226925611
-0.447968363762,-0.130894750357,0.838569521904,0.460081756115,-0.330807834864,0.779288053513,0.267583668232
-0.447617888451,-0.129563763738,0.838533818722,0.459594577551,-0.330819487572,0.7805082798,0.264836013317
-0.447230488062,-0.128405123949,0.838672876358,0.460701853037,-0.330362290144,0.780990660191,0.262046098709
-0.447081267834,-0.127383485436,0.838687002659,0.459675580263,-0.328900903463,0.783024191856,0.259606838226
-0.447057873011,-0.126200854778,0.838573217392,0.459191828966,-0.330050498247,0.783453702927,0.257701277733
-0.447152376175,-0.125491350889,0.83873206377,0.460476517677,-0.327641189098,0.784714639187,0.254628360271
-0.447179347277,-0.123971246183,0.838210821152,0.458505183458,-0.332005649805,0.784043908119,0.254598766565
-0.447373449802,-0.123511277139,0.838399291039,0.460380315781,-0.32669749856,0.785719811916,0.252909451723
-0.44745144248,-0.122589997947,0.838363409042,0.46101012826,-0.326596856117,0.785788416862,0.25167581439
-0.447572171688,-0.121478050947,0.837944984436,0.459727704525,-0.327484041452,0.786061525345,0.252015739679
-0.447811365128,-0.120885685086,0.837795436382,0.461100459099,-0.326546609402,0.78588861227,0.251262456179
-0.448296576738,-0.120447009802,0.837683975697,0.463671296835,-0.32230886817,0.786666929722,0.24956177175
-0.44861727953,-0.119779534638,0.83741247654,0.466232031584,-0.321513056755,0.785999953747,0.247913822532
-0.448818176985,-0.119002923369,0.836866855621,0.467550843954,-0.323250710964,0.784675598145,0.247365012765
-0.449461817741,-0.118698403239,0.836488902569,0.47042965889,-0.321700811386,0.784243583679,0.245288580656
-0.449813038111,-0.118394583464,0.836209416389,0.472814887762,-0.317736953497,0.784790277481,0.244117960334
-0.45023676753,-0.118089467287,0.835743248463,0.474816918373,-0.315202385187,0.784911453724,0.24312672019
-0.450847119093,-0.117788337171,0.835270166397,0.477041214705,-0.312889784575,0.785005509853,0.241449952126
-0.451334118843,-0.117570698261,0.834751188755,0.479226738214,-0.312071621418,0.784313321114,0.240427970886
-0.451892465353,-0.117426246405,0.834245920181,0.481958568096,-0.309945553541,0.783784508705,0.239440143108
-0.452446252108,-0.117308199406,0.833714306355,0.484098374844,-0.308097273111,0.783442974091,0.238625571132
-0.453175187111,-0.117236942053,0.833075404167,0.490797430277,-0.306065291166,0.780098319054,0.238513246179
-0.453787058592,-0.117174401879,0.832506477833,0.491823643446,-0.304036200047,0.780102312565,0.238980948925
-0.454327881336,-0.117253705859,0.832169473171,0.491955429316,-0.301515847445,0.781260609627,0.238117828965
-0.455219686031,-0.117535889149,0.831912398338,0.488604605198,-0.300080865622,0.783934950829,0.238040372729
-0.455599874258,-0.117504894733,0.831108570099,0.494443625212,-0.298733919859,0.780080139637,0.240330293775
-0.456251084805,-0.117642916739,0.830638766289,0.496946543455,-0.29699921608,0.778954207897,0.240968748927
-0.456875890493,-0.117834918201,0.830175459385,0.502218663692,-0.296291440725,0.775220274925,0.242943108082
-0.457396924496,-0.118018731475,0.829829394817,0.502268135548,-0.295431703329,0.775341272354,0.243500947952
-0.45809674263,-0.118253439665,0.829464435577,0.504702091217,-0.29442974925,0.773661732674,0.245019346476
-0.458724886179,-0.118565946817,0.829077482224,0.507502019405,-0.294234663248,0.771208226681,0.247195675969
-0.459322631359,-0.118836000562,0.82879537344,0.508900940418,-0.2947024405,0.769231915474,0.249904885888
-0.460005104542,-0.119049072266,0.828343212605,0.510470151901,-0.298079073429,0.76596313715,0.252724558115
-0.460328221321,-0.11942474544,0.828189194202,0.512655735016,-0.297443956137,0.763816893101,0.255529075861
-0.460825443268,-0.119739770889,0.827956676483,0.513983368874,-0.299271225929,0.761174619198,0.258594691753
-0.461207658052,-0.119832463562,0.827528655529,0.514205992222,-0.30396515131,0.757919073105,0.262213975191
-0.46181923151,-0.120350643992,0.827306509018,0.517708182335,-0.304634511471,0.753766059875,0.266482442617
-0.461948990822,-0.120548419654,0.827224671841,0.515868604183,-0.305878818035,0.753817558289,0.268471390009
-0.462373912334,-0.121029481292,0.827083349228,0.521003544331,-0.306017696857,0.749448180199,0.270621597767
-0.462516874075,-0.12133257091,0.827012658119,0.518294811249,-0.306930392981,0.750299811363,0.272423148155
-0.462819725275,-0.121224403381,0.826687037945,0.51741707325,-0.310404330492,0.748579740524,0.274876773357
-0.463160723448,-0.121354833245,0.826408267021,0.520709693432,-0.309727072716,0.746326327324,0.275549679995
-0.463065266609,-0.121176302433,0.826096117496,0.527038753033,-0.309135913849,0.743632733822,0.271432459354
-0.463411927223,-0.121818989515,0.826027274132,0.527420461178,-0.303830683231,0.74628663063,0.269389659166
-0.463533997536,-0.121980339289,0.825850605965,0.526564180851,-0.301266849041,0.747994422913,0.269208163023
-0.463567823172,-0.122121907771,0.82570463419,0.526104748249,-0.299642682076,0.748940289021,0.269288867712
-0.463512420654,-0.122313424945,0.825664699078,0.521748185158,-0.298286378384,0.752789020538,0.268538057804
-0.46312430501,-0.122181691229,0.825348615646,0.5201125741,-0.29868966341,0.75222837925,0.272800207138
-0.463112801313,-0.122432418168,0.825253546238,0.519549846649,-0.298600643873,0.752594530582,0.272960156202
-0.462894499302,-0.12271784246,0.825061500072,0.518248677254,-0.298217892647,0.753290116787,0.273931801319
-0.462947964668,-0.123011998832,0.824878752232,0.521963477135,-0.29812079668,0.750566899776,0.274458736181
-0.462755322456,-0.123647905886,0.825028717518,0.522797107697,-0.29390335083,0.751933217049,0.273679673672
-0.462429434061,-0.123918347061,0.82491672039,0.517946898937,-0.292438626289,0.755719363689,0.27404204011
-0.462248384953,-0.124168172479,0.824798226357,0.516399383545,-0.291583001614,0.757010638714,0.274310022593
-0.462073922157,-0.124547258019,0.824767351151,0.515134692192,-0.289776772261,0.758453667164,0.274615705013
-0.461863279343,-0.124829508364,0.82470703125,0.513489067554,-0.289483547211,0.759583353996,0.274884611368
-0.461680263281,-0.12531517446,0.824649095535,0.51111382246,-0.288014948368,0.761769533157,0.274804294109
-0.461280465126,-0.125409036875,0.824593007565,0.509285271168,-0.288233190775,0.762476325035,0.276007592678
-0.461113154888,-0.125809252262,0.824541151524,0.507512927055,-0.288218021393,0.76343101263,0.276647895575
-0.460801482201,-0.126050770283,0.824543833733,0.5060364604,-0.288221657276,0.76413244009,0.277411371469
-0.460331857204,-0.12625926733,0.824598968029,0.504326939583,-0.288727462292,0.764548957348,0.278847187757
-0.459878563881,-0.126163333654,0.824419140816,0.50669926405,-0.291815459728,0.761229515076,0.280409067869
-0.459425777197,-0.126319244504,0.824358522892,0.506542623043,-0.292348057032,0.760286867619,0.282685399055
-0.459091991186,-0.126498401165,0.824366569519,0.506223976612,-0.292814195156,0.759919464588,0.283759981394
-0.45851072669,-0.126685738564,0.824508190155,0.501607835293,-0.293669402599,0.762310743332,0.28465795517
-0.45808878541,-0.126861914992,0.824570000172,0.502428293228,-0.295391947031,0.761081039906,0.284719377756
-0.457887321711,-0.127361059189,0.824890494347,0.503890514374,-0.293533504009,0.761678576469,0.282450467348
-0.457747668028,-0.1275216043,0.824933767319,0.507914721966,-0.294789791107,0.758791804314,0.281703412533
-0.457474052906,-0.127649411559,0.825002968311,0.508298635483,-0.295142173767,0.758579790592,0.281212031841
-0.457169473171,-0.127768695354,0.825116753578,0.509063720703,-0.295960277319,0.757988631725,0.280561804771
-0.456694543362,-0.127845063806,0.825197160244,0.505070388317,-0.296028226614,0.760637164116,0.280539274216
-0.456450402737,-0.127901911736,0.825283527374,0.505351066589,-0.297078251839,0.76027238369,0.279912352562
-0.456243127584,-0.127948537469,0.825351417065,0.505167722702,-0.297332942486,0.760458171368,0.279467254877
-0.456111550331,-0.128009736538,0.825419664383,0.504771828651,-0.297693252563,0.760662853718,0.279242277145
-0.455994427204,-0.128066509962,0.825494349003,0.50447422266,-0.298450887203,0.76059615612,0.279153108597
-0.45588940382,-0.128137081861,0.825578689575,0.504054903984,-0.299384236336,0.76044523716,0.279322147369
-0.455839574337,-0.128212884068,0.825699806213,0.504121243954,-0.301034986973,0.759914278984,0.278872549534
-0.455739587545,-0.128305658698,0.825594782829,0.503493309021,-0.305163949728,0.757669568062,0.281613945961
-0.455650478601,-0.128493592143,0.825771689415,0.503896713257,-0.308447986841,0.755956232548,0.28191870451
-0.455552399158,-0.128687024117,0.825913071632,0.503561377525,-0.311056733131,0.754845201969,0.282627552748
-0.455594688654,-0.128907561302,0.826110243797,0.503329277039,-0.314037203789,0.754003345966,0.281991571188
-0.455596625805,-0.1291462183,0.826225340366,0.50362688303,-0.316259890795,0.752765417099,0.282283365726
-0.455542862415,-0.129426255822,0.826285898685,0.503956139088,-0.318037927151,0.751067101955,0.284215241671
-0.455692917109,-0.129664316773,0.826282024384,0.503918409348,-0.322387784719,0.749230325222,0.284229427576
-0.455601125956,-0.130277484655,0.826640188694,0.506008327007,-0.318664729595,0.749677300453,0.283535391092
-0.455799788237,-0.13033747673,0.826508760452,0.512078881264,-0.322600573301,0.743980586529,0.283190667629
-0.455881595612,-0.130625098944,0.826573014259,0.513367295265,-0.324338197708,0.742399573326,0.283022463322
-0.45575594902,-0.130977153778,0.826615691185,0.509527087212,-0.324863255024,0.74435031414,0.284233152866
-0.455992668867,-0.131332486868,0.826693892479,0.511942744255,-0.327095717192,0.742271363735,0.282765597105
-0.456190794706,-0.131830409169,0.826760351658,0.51405274868,-0.327649563551,0.740605533123,0.282664299011
-0.456439346075,-0.132297500968,0.826681792736,0.516614437103,-0.328900009394,0.738076686859,0.283155918121
-0.456815898418,-0.132895082235,0.826638102531,0.518559575081,-0.330877810717,0.73602771759,0.282628774643
-0.457029938698,-0.133356526494,0.826528906822,0.519776880741,-0.332304686308,0.734261095524,0.283313035965
-0.457172393799,-0.133751362562,0.826437413692,0.521214962006,-0.333751291037,0.732515990734,0.283488035202
-0.457745045424,-0.134353458881,0.826366841793,0.527460575104,-0.336308836937,0.726834535599,0.283537596464
-0.458112865686,-0.134873300791,0.826261818409,0.528060436249,-0.337146133184,0.725797176361,0.284083306789
-0.45832529664,-0.135475307703,0.826287090778,0.524992108345,-0.33691957593,0.727851688862,0.284781426191
-0.459254175425,-0.137175485492,0.826786100864,0.529449045658,-0.331164628267,0.728478252888,0.281661808491
-0.459485709667,-0.136766627431,0.826308131218,0.528240382671,-0.340855956078,0.723482251167,0.285224467516
-0.460015624762,-0.137239649892,0.826009392738,0.526507019997,-0.343669444323,0.722994089127,0.286288827658
-0.460441440344,-0.137877941132,0.826201796532,0.52687048912,-0.34152930975,0.723257541656,0.287513196468
-0.461096644402,-0.138709753752,0.826183080673,0.526394307613,-0.341446638107,0.722684502602,0.289914816618
-0.461572438478,-0.139261007309,0.826270997524,0.52543091774,-0.341660022736,0.722926676273,0.290805459023
-0.46272149682,-0.139975547791,0.82637155056,0.5283639431,-0.3459225595,0.718914985657,0.290396809578
-0.463608264923,-0.141728043556,0.827016532421,0.526118278503,-0.337973952293,0.724489450455,0.289979964495
-0.464288622141,-0.14128087461,0.826522648335,0.525048196316,-0.346482992172,0.719058692455,0.295344829559
-0.465166926384,-0.141994148493,0.826400339603,0.522880733013,-0.351848751307,0.717023909092,0.297783464193
-0.466358751059,-0.143954217434,0.827317893505,0.523362576962,-0.343024969101,0.721690535545,0.295953243971
-0.467422246933,-0.144672557712,0.827404379845,0.521644234657,-0.346137344837,0.720298230648,0.298742085695
-0.468532025814,-0.145647183061,0.82754099369,0.518962740898,-0.347723811865,0.720409214497,0.301291167736
-0.468939423561,-0.145317867398,0.827144026756,0.510272562504,-0.359576702118,0.717875301838,0.308191001415
-0.470465630293,-0.146246537566,0.8273396492,0.507883191109,-0.363865911961,0.716463506222,0.310380935669
-0.471688657999,-0.146996736526,0.827497959137,0.509361624718,-0.36572766304,0.713468313217,0.31266105175
-0.472677469254,-0.147938475013,0.827472865582,0.502883255482,-0.36685103178,0.716192185879,0.315590769053
-0.474566429853,-0.149029940367,0.827735245228,0.505031406879,-0.370212137699,0.712183892727,0.317301958799
-0.475591868162,-0.149926736951,0.827807664871,0.502138316631,-0.369989842176,0.71278578043,0.320782214403
-0.477193444967,-0.150714039803,0.827830076218,0.499634027481,-0.37493994832,0.710734844208,0.323484063148
-0.478888213634,-0.151848018169,0.828177571297,0.499324321747,-0.376396000385,0.709639251232,0.32467469573
-0.480471014977,-0.15274733305,0.82813334465,0.499596625566,-0.379244863987,0.706677794456,0.327388435602
-0.482083946466,-0.15358927846,0.828113496304,0.49668776989,-0.38097423315,0.706848442554,0.329431802034
-0.483756393194,-0.154665023088,0.828287601471,0.496796607971,-0.379657536745,0.706086397171,0.332408219576
-0.485643804073,-0.155496120453,0.828163504601,0.494443893433,-0.383937865496,0.704300940037,0.334779649973
-0.487597256899,-0.156670764089,0.828299224377,0.495467692614,-0.385441869497,0.701706171036,0.336979329586
-0.489392578602,-0.157508730888,0.828311264515,0.494359374046,-0.384265422821,0.701410412788,0.34054723382
-0.491383731365,-0.158341601491,0.827914059162,0.492470890284,-0.386898010969,0.699944913387,0.343306958675
-0.493739247322,-0.160915583372,0.828874349594,0.498617678881,-0.372295796871,0.704076230526,0.342130064964
-0.49586519599,-0.161923110485,0.828741192818,0.498537182808,-0.372524559498,0.702439725399,0.345347136259
-0.498010635376,-0.162865906954,0.828809976578,0.499547630548,-0.375061362982,0.698852360249,0.34840580821
-0.500407934189,-0.164208859205,0.828835368156,0.50190871954,-0.380745798349,0.693855643272,0.348833292723
-0.502539932728,-0.165276780725,0.828662514687,0.501863718033,-0.382576972246,0.691306471825,0.351941913366
-0.504702150822,-0.166233971715,0.828485488892,0.502603411674,-0.383667469025,0.688710451126,0.354777544737
-0.506788849831,-0.167365550995,0.828363656998,0.502421677113,-0.388192117214,0.685240328312,0.356826454401
-0.509027421474,-0.167687237263,0.827513754368,0.496301829815,-0.373035222292,0.693899035454,0.364737212658
-0.511145889759,-0.168972939253,0.827483296394,0.498738467693,-0.380320996046,0.687553167343,0.365905195475
-0.51329511404,-0.169930517673,0.827092885971,0.497945517302,-0.381684154272,0.685570418835,0.369270354509
-0.515324413776,-0.170663818717,0.826660633087,0.496426612139,-0.379177451134,0.685905218124,0.373254835606
-0.517599821091,-0.171829387546,0.826551318169,0.496449023485,-0.38258844614,0.682316541672,0.376309007406
-0.519646286964,-0.172631695867,0.826020240784,0.494703114033,-0.380709171295,0.682513475418,0.380137950182
-0.52185857296,-0.173782363534,0.825959444046,0.495669364929,-0.385434776545,0.677440524101,0.383179336786
-0.523828625679,-0.174482628703,0.82552587986,0.493255674839,-0.382239729166,0.678337335587,0.38787907362
-0.526056885719,-0.175722181797,0.825328052044,0.494211405516,-0.388084053993,0.673409879208,0.38944196701
-0.528011500835,-0.176527783275,0.825086474419,0.493549048901,-0.388638228178,0.671071052551,0.393743008375
-0.529860556126,-0.177258968353,0.824621677399,0.489525258541,-0.385440140963,0.673660039902,0.39747107029
-0.531873106956,-0.17818839848,0.824266910553,0.490329921246,-0.386680603027,0.670581102371,0.400469452143
-0.53380548954,-0.17897336185,0.824027478695,0.490086108446,-0.388408094645,0.667831420898,0.403677999973
-0.535679101944,-0.179760888219,0.823792994022,0.489781051874,-0.389863729477,0.665424346924,0.406609594822
-0.537643909454,-0.180602669716,0.823544621468,0.488705307245,-0.390936672688,0.66419428587,0.408878445625
-0.539659023285,-0.181578949094,0.823512375355,0.489314883947,-0.396237581968,0.659301221371,0.410960525274
-0.541271328926,-0.182035684586,0.823222994804,0.485489457846,-0.391946285963,0.662269413471,0.414822191
-0.543262064457,-0.182960510254,0.823152124882,0.485581099987,-0.396948993206,0.658228695393,0.416386276484
-0.545016825199,-0.183610886335,0.823033392429,0.485129266977,-0.399297267199,0.655902862549,0.418333351612
-0.546733736992,-0.183897927403,0.82269436121,0.484480053186,-0.395048201084,0.656195044518,0.422639548779
-0.548384964466,-0.185008332133,0.823302149773,0.486312061548,-0.409597188234,0.647083461285,0.420730113983
-0.550200521946,-0.185731098056,0.822926402092,0.487080425024,-0.410497546196,0.645081460476,0.422035723925
-0.551823079586,-0.186273768544,0.82279586792,0.48675146699,-0.411901384592,0.643274784088,0.423801749945
-0.553224623203,-0.186725959182,0.822788596153,0.484542310238,-0.413303434849,0.643148303032,0.425158113241
-0.554773211479,-0.187437087297,0.822637438774,0.484845131636,-0.415745466948,0.640732526779,0.426078468561
-0.556311488152,-0.187830552459,0.822632670403,0.485832571983,-0.416474431753,0.638545691967,0.427522212267
-0.557777881622,-0.188290968537,0.822285592556,0.482358664274,-0.414522975683,0.640425622463,0.430529892445
-0.559133827686,-0.188695967197,0.82220864296,0.48166897893,-0.416976690292,0.638516008854,0.43176728487
-0.56064581871,-0.189140975475,0.822102427483,0.482860863209,-0.419612497091,0.635169148445,0.432817459106
-0.561845064163,-0.189249798656,0.821757316589,0.478034943342,-0.412298709154,0.64081799984,0.436857879162
-0.563117384911,-0.189845338464,0.822103261948,0.478805422783,-0.423311918974,0.633990108967,0.435441046953
-0.564136981964,-0.189717322588,0.821584641933,0.475239396095,-0.413718998432,0.639965415001,0.439805030823
-0.565393984318,-0.190036788583,0.821489334106,0.474347561598,-0.414873659611,0.63892185688,0.441195160151
-0.566967248917,-0.190795212984,0.821827948093,0.477686226368,-0.427975445986,0.629004836082,0.439324259758
-0.568143785,-0.191275477409,0.821460485458,0.477241575718,-0.426492542028,0.629910886288,0.439951062202
-0.569143474102,-0.191572710872,0.821598768234,0.475654274225,-0.429258048534,0.629416227341,0.439688205719
-0.570351243019,-0.191540047526,0.821437895298,0.474460154772,-0.430050700903,0.628370285034,0.441695302725
-0.570541799068,-0.189456999302,0.820066154003,0.461561888456,-0.451054096222,0.618382871151,0.448456496
-0.571731448174,-0.189569875598,0.819812357426,0.461106240749,-0.452526539564,0.617626488209,0.448484390974
-0.572616815567,-0.189718067646,0.819599807262,0.461357146502,-0.452914267778,0.616789281368,0.44898712635
-0.573509275913,-0.189952075481,0.819446265697,0.462613344193,-0.452245891094,0.616231381893,0.449134111404
-0.574287891388,-0.19025965035,0.819363594055,0.465350240469,-0.451244980097,0.615196347237,0.448732107878
-0.575025141239,-0.190390065312,0.819121301174,0.466114342213,-0.451073348522,0.615019917488,0.448353618383
-0.576641023159,-0.192730277777,0.820037484169,0.48150062561,-0.430600047112,0.622433543205,0.441947340965
-0.577199816704,-0.192936360836,0.819805026054,0.481256753206,-0.428675681353,0.624336123466,0.441399812698
-0.577742040157,-0.193337470293,0.819477498531,0.483555465937,-0.426214069128,0.625101625919,0.440186083317
-0.578253149986,-0.19351798296,0.819217205048,0.485035330057,-0.425764262676,0.624382436275,0.440013825893
-0.578773677349,-0.1934915483,0.8188996315,0.484854131937,-0.427208125591,0.623236954212,0.440437823534
-0.579160928726,-0.19363796711,0.818641126156,0.485879302025,-0.427274256945,0.622275650501,0.440603077412
-0.579492807388,-0.193794161081,0.818396389484,0.486622810364,-0.427408456802,0.62167173624,0.440504968166
-0.579927682877,-0.193890988827,0.818103253841,0.488445401192,-0.42768189311,0.619846105576,0.440795063972
-0.580195665359,-0.193903028965,0.817958474159,0.488390445709,-0.427625656128,0.618931174278,0.442193865776
-0.579781293869,-0.191810786724,0.816298663616,0.47542899847,-0.447681665421,0.610914707184,0.44758439064
-0.57972151041,-0.191984295845,0.816168010235,0.474503099918,-0.446552932262,0.61214441061,0.448014080524
-0.580049574375,-0.191957861185,0.81584751606,0.474997967482,-0.447921037674,0.61058485508,0.448252141476
-0.579967141151,-0.192041829228,0.815748929977,0.475679576397,-0.446928143501,0.610423088074,0.448740541935
-0.579960525036,-0.192007407546,0.815621733665,0.475615829229,-0.446760028601,0.610565364361,0.448781728745
-0.58060324192,-0.194175973535,0.816718995571,0.486244469881,-0.427425056696,0.620917022228,0.441968619823
-0.58058744669,-0.194062516093,0.816620111465,0.487980306149,-0.42770755291,0.619445025921,0.441847711802
-0.580245912075,-0.194201827049,0.816598415375,0.487970381975,-0.425561964512,0.621908545494,0.440467625856
-0.580076277256,-0.194090873003,0.816559076309,0.488743394613,-0.426015466452,0.622051239014,0.438968032598
-0.579934895039,-0.193876430392,0.816548407078,0.491199761629,-0.425953745842,0.620748877525,0.438129246235
-0.579716086388,-0.193531662226,0.816558837891,0.491835385561,-0.426956743002,0.620286285877,0.437093704939
-0.5793659091,-0.193376064301,0.816529929638,0.493281215429,-0.426865786314,0.620400428772,0.435387998819
-0.578923583031,-0.193150311708,0.816442370415,0.493837296963,-0.425117313862,0.622301399708,0.433752149343
-0.578377842903,-0.193012490869,0.816452920437,0.494171351194,-0.423444807529,0.624774813652,0.431446105242
-0.577750980854,-0.192333072424,0.815933763981,0.494576066732,-0.411253064871,0.631715238094,0.432667672634
-0.577293217182,-0.192210361362,0.815896332264,0.496103912592,-0.409804970026,0.632851481438,0.430627346039
-0.576699614525,-0.192187607288,0.815944731236,0.495847016573,-0.407775640488,0.635866820812,0.428402006626
-0.576092064381,-0.192176356912,0.815920591354,0.497434407473,-0.406406670809,0.636602222919,0.426767259836
-0.575556218624,-0.19231672585,0.815767586231,0.49863114953,-0.404422909021,0.63887399435,0.423850297928
-0.575039625168,-0.192326277494,0.81568980217,0.499782383442,-0.403743773699,0.639452695847,0.422266095877
-0.574409842491,-0.192429497838,0.815683364868,0.501426100731,-0.402738004923,0.639851331711,0.420671254396
-0.573846876621,-0.192445099354,0.815739810467,0.502466082573,-0.402159869671,0.639693021774,0.420224040747
-0.573242783546,-0.192586660385,0.815712511539,0.503616392612,-0.401932567358,0.639704287052,0.419045597315
-0.572770476341,-0.192708611488,0.815677642822,0.506179153919,-0.401551395655,0.638349056244,0.418389409781
-0.572331011295,-0.193353578448,0.816125869751,0.507268965244,-0.410631924868,0.633889555931,0.415022283792
-0.571784675121,-0.193521693349,0.816129207611,0.509500026703,-0.410994589329,0.632075309753,0.414697468281
-0.571183681488,-0.193744316697,0.816186487675,0.509812057018,-0.410382866859,0.632121860981,0.41484901309
-0.570606648922,-0.193915739655,0.816204965115,0.50966989994,-0.410779207945,0.632402598858,0.41420301795
-0.568894684315,-0.192727446556,0.815136790276,0.500621438026,-0.384538918734,0.651425004005,0.420896083117
-0.568177938461,-0.192950859666,0.815272331238,0.500827908516,-0.385289490223,0.651000320911,0.420620918274
-0.568549752235,-0.194537475705,0.816503584385,0.507811307907,-0.412329405546,0.633543670177,0.413200318813
-0.567881345749,-0.194679662585,0.816543757915,0.507295966148,-0.411245554686,0.634791612625,0.412998169661
-0.56617552042,-0.193555697799,0.815635144711,0.500485897064,-0.384765982628,0.652591705322,0.419038325548
-0.565456211567,-0.193779066205,0.815866589546,0.500146448612,-0.384388744831,0.653501689434,0.418371379375
-0.564859986305,-0.194227457047,0.816184401512,0.495279759169,-0.380494445562,0.657301723957,0.421753942966
-0.564189851284,-0.194428563118,0.81634247303,0.49365645647,-0.379886120558,0.658981561661,0.421584010124
-0.563443422318,-0.194640487432,0.81650185585,0.491968601942,-0.380311220884,0.660300552845,0.421109974384
-0.562602341175,-0.194825187325,0.816637098789,0.491971045732,-0.38071295619,0.660963356495,0.419701784849
-0.561197578907,-0.19446836412,0.816244482994,0.508123755455,-0.389587193727,0.650622427464,0.408316850662
-0.559770822525,-0.194596648216,0.816308498383,0.507468104362,-0.393367320299,0.652028441429,0.403233647346
-0.559438109398,-0.194835409522,0.816431164742,0.506997346878,-0.393962681293,0.651014149189,0.404879897833
-0.55877584219,-0.1950558424,0.81657063961,0.504829704762,-0.395484030247,0.65173125267,0.404951542616
-0.558007597923,-0.195213198662,0.816658854485,0.502093672752,-0.397243976593,0.652464091778,0.405450373888
-0.557258307934,-0.195360064507,0.816623628139,0.498360335827,-0.399261564016,0.653124511242,0.407008051872
-0.55651396513,-0.195578962564,0.816675305367,0.494560956955,-0.402783989906,0.652784109116,0.408714711666
-0.555691003799,-0.195753917098,0.81673002243,0.491327375174,-0.407055735588,0.651112020016,0.411042928696
-0.555985987186,-0.196597725153,0.816737890244,0.489785194397,-0.419326633215,0.644139766693,0.411532998085
-0.555280506611,-0.196860045195,0.817033648491,0.487151861191,-0.43025636673,0.637780427933,0.413277953863
-0.553772747517,-0.194914340973,0.815762460232,0.471308499575,-0.457673758268,0.62468546629,0.422103315592
-0.553888499737,-0.197123557329,0.817035853863,0.47957894206,-0.44454690814,0.628342330456,0.421388328075
-0.552421450615,-0.195092827082,0.81571829319,0.459233433008,-0.476641178131,0.615252375603,0.42823189497
-0.551639974117,-0.195200100541,0.815522074699,0.454106211662,-0.478647649288,0.61375361681,0.433578878641
-0.550748348236,-0.195379018784,0.815809726715,0.44935965538,-0.486822754145,0.609042227268,0.436058670282
-0.550255298615,-0.195884793997,0.816191673279,0.4483692348,-0.503967702389,0.596805691719,0.434516638517
-0.549266219139,-0.195927456021,0.815975308418,0.447671413422,-0.50916826725,0.591673612595,0.436188459396
-0.548574566841,-0.195749953389,0.815405964851,0.443397343159,-0.506847202778,0.593163371086,0.441205352545
-0.547884583473,-0.195948347449,0.815714657307,0.441410630941,-0.513298332691,0.587493598461,0.443320274353
-0.546902835369,-0.196251988411,0.815823256969,0.437011480331,-0.51806396246,0.585872709751,0.444279074669
-0.546033859253,-0.196565836668,0.815919399261,0.433128833771,-0.521805584431,0.582081913948,0.448663443327
-0.545106351376,-0.196741759777,0.81590628624,0.431785553694,-0.526871085167,0.57751750946,0.449935168028
-0.544732868671,-0.196514308453,0.815821826458,0.437871307135,-0.531794011593,0.567559540272,0.450932592154
-0.543665707111,-0.196554139256,0.815781831741,0.437298566103,-0.537535190582,0.561707079411,0.452007889748
-0.542333722115,-0.196665346622,0.815692901611,0.433399885893,-0.544644117355,0.560595989227,0.448619663715
-0.541403651237,-0.196642667055,0.815659999847,0.436794906855,-0.550056040287,0.552963554859,0.448196560144
-0.540188252926,-0.196778684855,0.815961778164,0.438520044088,-0.557578027248,0.546085238457,0.445643484592
-0.5390163064,-0.196733444929,0.815784931183,0.446184486151,-0.56330871582,0.536362171173,0.442626625299
-0.537824571133,-0.196569144726,0.815822780132,0.447559416294,-0.565777480602,0.533633053303,0.441386908293
-0.536859810352,-0.196181282401,0.815713763237,0.449304074049,-0.563723564148,0.534744918346,0.440896302462
-0.535298228264,-0.196215391159,0.81598341465,0.452457010746,-0.569636881351,0.530381917953,0.435306251049
-0.533943653107,-0.195832431316,0.816053390503,0.456760019064,-0.562890648842,0.534225702286,0.434888094664
-0.532610714436,-0.195727154613,0.816436707973,0.46222910285,-0.562803983688,0.534021615982,0.429438143969
-0.530907690525,-0.195730417967,0.817080140114,0.468807011843,-0.565783381462,0.532488107681,0.420197039843
-0.529509544373,-0.195620253682,0.817821741104,0.47673997283,-0.566621124744,0.532723248005,0.40971416235
-0.528400242329,-0.195662856102,0.818297803402,0.484676539898,-0.569224834442,0.533065140247,0.396123021841
-0.526284277439,-0.195545718074,0.819418072701,0.494171410799,-0.566511690617,0.536816895008,0.382997512817
-0.524338543415,-0.195508748293,0.820552945137,0.502149105072,-0.566249489784,0.541785895824,0.36561742425
-0.522896647453,-0.195244237781,0.821951389313,0.510652065277,-0.565271437168,0.547933876514,0.345646202564
-0.520348906517,-0.194832086563,0.823808372021,0.520395040512,-0.559913277626,0.555498719215,0.327272713184
-0.517902910709,-0.194089338183,0.825498461723,0.531044661999,-0.554780006409,0.563725888729,0.304013311863
-0.515446007252,-0.193362236023,0.828345417976,0.542456448078,-0.554695606232,0.56531304121,0.280133903027
-0.512599289417,-0.192353129387,0.831349849701,0.551090717316,-0.556122839451,0.567462742329,0.254975676537
-0.509173691273,-0.190162196755,0.834155201912,0.552530765533,-0.548634171486,0.580267906189,0.23874604702
-0.506086409092,-0.188286170363,0.837555348873,0.562745809555,-0.547341167927,0.580494046211,0.216244384646
-0.502919912338,-0.186042636633,0.841081976891,0.567030251026,-0.548278450966,0.583329021931,0.193893656135
-0.500050663948,-0.184416562319,0.845435023308,0.573155581951,-0.55182915926,0.580381810665,0.173592492938
-0.497352063656,-0.181663006544,0.84879142046,0.571280300617,-0.548116505146,0.589747965336,0.159387916327
-0.494387716055,-0.17985829711,0.853432536125,0.573278665543,-0.555519640446,0.585667431355,0.140510842204
-0.491638660431,-0.177009522915,0.857144296169,0.567691147327,-0.558025360107,0.592057228088,0.125709056854
-0.488907426596,-0.174701541662,0.861310839653,0.560820817947,-0.563771426678,0.595731794834,0.112896129489
-0.4867631495,-0.172279655933,0.86474275589,0.559376835823,-0.568976700306,0.594898939133,0.0972543135285
-0.484505534172,-0.170654758811,0.869199216366,0.557269692421,-0.581248879433,0.587069988251,0.0833615213633
-0.482631385326,-0.168550938368,0.872672855854,0.551217854023,-0.590713500977,0.585186064243,0.0690931603312
-0.480278611183,-0.166447371244,0.876102507114,0.546331465244,-0.597890198231,0.58373093605,0.0575104281306
-0.478199511766,-0.164226263762,0.878971099854,0.542837798595,-0.607283890247,0.577972233295,0.0498175732791
-0.476085186005,-0.162138670683,0.881616234779,0.541062057018,-0.614116311073,0.572902083397,0.0435473807156
-0.474385887384,-0.16029587388,0.883831620216,0.517507553101,-0.625704050064,0.58258253336,0.0357507877052
-0.472957998514,-0.157928034663,0.885604798794,0.515946686268,-0.63162958622,0.577948391438,0.02861549519
-0.471029728651,-0.156612500548,0.887451529503,0.505123198032,-0.645074725151,0.572945654392,0.0215068366379
-0.469442397356,-0.155177414417,0.888780593872,0.504197120667,-0.655001103878,0.56260061264,0.0154752740636
-0.467796593904,-0.153301388025,0.889682114124,0.501992106438,-0.660938501358,0.557717144489,0.0107618495822
-0.466266870499,-0.152170419693,0.890952527523,0.50063341856,-0.669601678848,0.54857391119,0.00815442577004
-0.464902788401,-0.151458382607,0.89192211628,0.502208828926,-0.672085642815,0.544064462185,0.00900066178292
-0.463309556246,-0.150481849909,0.892823517323,0.503629684448,-0.675583899021,0.538368105888,0.0101745417342
-0.462083876133,-0.149347424507,0.892823696136,0.498381346464,-0.681945443153,0.53521335125,0.0106485616416
-0.460709184408,-0.148129671812,0.892625689507,0.491927474737,-0.689234793186,0.53185069561,0.00988217908889
-0.459141612053,-0.146617025137,0.892334938049,0.49090731144,-0.694799780846,0.525428950787,0.0137068321928
-0.458104133606,-0.145598307252,0.891890823841,0.487979322672,-0.700263559818,0.520935058594,0.0115769933909
-0.45684504509,-0.144696801901,0.891214489937,0.484260112047,-0.704321503639,0.518857836723,0.0144880218431
-0.456182837486,-0.143802702427,0.890523016453,0.476550489664,-0.70774024725,0.521260619164,0.0170558691025
-0.455245763063,-0.143131390214,0.88979780674,0.473509430885,-0.7109618783,0.519527256489,0.0203369408846
-0.454406231642,-0.1422739923,0.888869822025,0.477933049202,-0.712457239628,0.513351500034,0.0213319323957
-0.454126626253,-0.142069071531,0.888231694698,0.474283874035,-0.717445671558,0.509676635265,0.0235864613205
-0.453711241484,-0.141474917531,0.887414097786,0.473252356052,-0.720214486122,0.506603002548,0.0260157100856
-0.453435748816,-0.140554487705,0.886366844177,0.469935417175,-0.725594639778,0.501871466637,0.0282542575151
-0.453296005726,-0.139780461788,0.885516047478,0.468946129084,-0.727004289627,0.500569462776,0.0313792712986
-0.453293263912,-0.139260351658,0.884663581848,0.468096464872,-0.729640245438,0.497319310904,0.0344171077013
-0.452956140041,-0.137169912457,0.882014393806,0.455147325993,-0.7433989048,0.489413559437,0.0259475409985
-0.453776061535,-0.138532489538,0.883310616016,0.465237855911,-0.736896216869,0.488797217607,0.0401883684099
-0.453710854053,-0.136149376631,0.88073515892,0.447063148022,-0.752187848091,0.483012586832,0.0323559716344
-0.454228818417,-0.135380148888,0.879977226257,0.444709479809,-0.756865024567,0.477710127831,0.0343798920512
-0.4547098279,-0.134305387735,0.879208862782,0.440306723118,-0.760815262794,0.475336492062,0.0366795063019
-0.45521402359,-0.133472293615,0.878863692284,0.441369354725,-0.764546811581,0.468191832304,0.0381807722151
-0.456392496824,-0.132663547993,0.878588318825,0.437596023083,-0.769930362701,0.462926059961,0.0376355089247
-0.45688867569,-0.131496965885,0.878224372864,0.435844928026,-0.775143027306,0.455710381269,0.0389943532646
-0.458339929581,-0.130844533443,0.878496646881,0.433396726847,-0.781486451626,0.447330743074,0.036625303328
-0.459144324064,-0.129909187555,0.878784894943,0.431188762188,-0.786362111568,0.440719664097,0.0384333580732
-0.460190147161,-0.128761932254,0.878976464272,0.430254250765,-0.790839195251,0.433667778969,0.037242680788
-0.461013644934,-0.127530351281,0.879647612572,0.433473348618,-0.794337213039,0.424164175987,0.0348433032632
-0.462348610163,-0.126291483641,0.88043487072,0.431645154953,-0.799000501633,0.417497426271,0.0312496740371
-0.463121771812,-0.124701552093,0.881200134754,0.43045553565,-0.803405702114,0.41055265069,0.0263426508754
-0.463437408209,-0.123048476875,0.882350921631,0.43194270134,-0.806499421597,0.402997285128,0.0240312945098
-0.464128911495,-0.121240653098,0.88346105814,0.429767936468,-0.809593260288,0.3994358778,0.0175909250975
-0.464479088783,-0.119768477976,0.884918689728,0.429636538029,-0.813559710979,0.391665995121,0.0114375734702
-0.46451485157,-0.117700584233,0.886245191097,0.428288578987,-0.816995739937,0.386100530624,0.00364099116996
-0.464187502861,-0.115256853402,0.887596070766,0.427013754845,-0.819448411465,0.382283091545,-0.00482635293156
-0.462602168322,-0.121646784246,0.885786116123,0.465088605881,-0.766985535622,0.441176503897,-0.0280922204256
-0.461934506893,-0.120372779667,0.887685060501,0.472272962332,-0.762528002262,0.440656006336,-0.0364931859076
-0.461510360241,-0.115837208927,0.89110827446,0.468172848225,-0.778302907944,0.416492313147,-0.039910916239
-0.4599635005,-0.112922236323,0.893343269825,0.470282256603,-0.781613409519,0.406896084547,-0.0484839454293
-0.458585500717,-0.109989076853,0.896422624588,0.472326815128,-0.786545336246,0.393462330103,-0.0586631633341
-0.458811372519,-0.109185509384,0.898465037346,0.483714520931,-0.774476826191,0.401338070631,-0.0716510564089
-0.454732686281,-0.103225424886,0.902616560459,0.472595572472,-0.795150816441,0.372064054012,-0.0771814137697
-0.454112648964,-0.102406308055,0.904574871063,0.484844565392,-0.780690193176,0.383715391159,-0.0906156823039
-0.448965877295,-0.11328882724,0.905874431133,0.52635884285,-0.698637485504,0.472200959921,-0.108988411725
-0.448803812265,-0.0965817570686,0.911512434483,0.493267089128,-0.783371269703,0.363211154938,-0.10533195734
-0.444600462914,-0.0882072001696,0.916798472404,0.475152879953,-0.813801705837,0.319648176432,-0.0989018455148
-0.442637652159,-0.0888697504997,0.917740285397,0.489960372448,-0.794682145119,0.338356047869,-0.118043892086
-0.439134031534,-0.0856301560998,0.919946432114,0.489090532064,-0.795876443386,0.33427387476,-0.12502835691
-0.435400754213,-0.0833491757512,0.92140352726,0.491122126579,-0.791356980801,0.339653730392,-0.131104424596
-0.431879758835,-0.0798879042268,0.923314332962,0.489872485399,-0.792713880539,0.337999016047,-0.131857171655
-0.427857428789,-0.0784593522549,0.923970282078,0.49390566349,-0.784595012665,0.347938746214,-0.139307811856
-0.423206448555,-0.0707862973213,0.928819417953,0.473061144352,-0.816095590591,0.307836443186,-0.124249473214
-0.419388651848,-0.0686222165823,0.929760038853,0.475989192724,-0.813114345074,0.311325311661,-0.123919129372
-0.415581822395,-0.0654814243317,0.930986106396,0.476584136486,-0.814219772816,0.309874773026,-0.117861546576
-0.412352979183,-0.0623310953379,0.933107376099,0.47426700592,-0.819436311722,0.300418287516,-0.115516759455
-0.409828960896,-0.0628697276115,0.931331694126,0.487218797207,-0.79889112711,0.331428289413,-0.120607256889
-0.404596030712,-0.0752479285002,0.930525660515,0.536601245403,-0.716506719589,0.428085505962,-0.12417909503
-0.404148846865,-0.052431806922,0.941674470901,0.477520704269,-0.840936303139,0.238944485784,-0.0877825319767
-0.400385081768,-0.0497140884399,0.94207906723,0.477493345737,-0.840520203114,0.240039616823,-0.0889209657907
-0.395651698112,-0.0445654690266,0.946204006672,0.463506102562,-0.857902288437,0.205093726516,-0.08427580446
-0.392859309912,-0.0419451892376,0.947445392609,0.465374559164,-0.85806208849,0.199551671743,-0.0856459364295
-0.389882981777,-0.0398875623941,0.947905242443,0.471047103405,-0.853479266167,0.206208407879,-0.0846510306001
-0.387397229671,-0.0364121943712,0.951697051525,0.466900408268,-0.860581159592,0.184210598469,-0.0864329338074
-0.38503497839,-0.0335991829634,0.954364538193,0.467795521021,-0.861351013184,0.177646577358,-0.0876561254263
-0.382980763912,-0.0306943655014,0.957210958004,0.469733834267,-0.861307442188,0.171903401613,-0.0891557261348
-0.381290197372,-0.0273421704769,0.961185514927,0.468602836132,-0.864600479603,0.157768845558,-0.0893669426441
-0.380168199539,-0.0251617729664,0.963655650616,0.475114136934,-0.859638035297,0.162766426802,-0.093788176775
-0.379265367985,-0.0221258550882,0.967675387859,0.475487738848,-0.861174046993,0.153022065759,-0.0942064151168
-0.378617823124,-0.0192918628454,0.971335053444,0.477318108082,-0.861141204834,0.146577358246,-0.0954900681973
-0.381628662348,-0.0367467105389,0.971746087074,0.565770089626,-0.782517373562,0.234153747559,-0.112884171307
-0.376696527004,-0.013978227973,0.99666672945,0.463688135147,-0.884400486946,-0.041513543576,-0.0332526937127
-0.374798208475,-0.0102013796568,1.0046633482,0.442256659269,-0.892167389393,-0.0909250304103,-0.0133926142007
-0.374147236347,-0.0076517611742,1.00998032093,0.432528287172,-0.894059717655,-0.116479717195,-0.00302254618146
-0.374354839325,-0.00519095361233,1.01286065578,0.433204650879,-0.893367886543,-0.119279578328,0.000262026529526
-0.375906735659,-0.00318126380444,1.0130200386,0.444420844316,-0.890848994255,-0.0940961763263,-0.00490772491321
-0.377588629723,-0.00126956403255,1.01256537437,0.455032110214,-0.88787573576,-0.0669931620359,-0.0115986261517
-0.379988282919,0.000173047184944,1.0093870163,0.472064822912,-0.881042420864,-0.0154566448182,-0.0260818488896
-0.382546424866,0.000488758087158,1.00287437439,0.495227813721,-0.864723742008,0.0661734193563,-0.0512188673019
-0.383505582809,-0.00291168689728,0.990538060665,0.523660600185,-0.822095930576,0.202803164721,-0.0938553586602
-0.380849421024,-0.0102956146002,0.977683544159,0.543289661407,-0.747633695602,0.354145079851,-0.143043249846
-0.381074011326,-0.0137956291437,0.972847938538,0.553049743176,-0.706335902214,0.411255121231,-0.161539137363
-0.377702146769,-0.0192424803972,0.967510938644,0.556404590607,-0.647841095924,0.486354351044,-0.184865579009
-0.369782418013,-0.0432469397783,0.964022517204,0.557559430599,-0.461149930954,0.651325643063,-0.228567898273
-0.352528274059,-0.0445952415466,0.964045166969,0.515812933445,-0.338102936745,0.744176208973,-0.256564557552
-0.348509669304,-0.0479975789785,0.9644510746,0.499861836433,-0.277430593967,0.777488529682,-0.262072682381
-0.347075015306,-0.0499802082777,0.963915169239,0.4941611588,-0.240674212575,0.793455600739,-0.261359602213
-0.354928851128,-0.0473887622356,0.958366811275,0.525485396385,-0.299173653126,0.756721496582,-0.248460799456
-0.35249632597,-0.0503330975771,0.957497060299,0.5198995471,-0.253981947899,0.777174949646,-0.247379794717
-0.377573341131,-0.0312180370092,0.948858857155,0.552964925766,-0.537939429283,0.618653953075,-0.148722156882
-0.377174079418,-0.0335596650839,0.94576883316,0.555108547211,-0.525195360184,0.629481375217,-0.140633270144
-0.377955943346,-0.0354936569929,0.942271530628,0.557958543301,-0.52118819952,0.632652759552,-0.129598602653
-0.37910977006,-0.0373442322016,0.938478887081,0.557200133801,-0.518117427826,0.638336718082,-0.116656512022
-0.382054120302,-0.0385664254427,0.934453129768,0.557990431786,-0.532093346119,0.628890037537,-0.100103795528
-0.383269220591,-0.0409081578255,0.930560350418,0.557704925537,-0.532197117805,0.631032824516,-0.0867703258991
-0.384766876698,-0.0435451120138,0.926703870296,0.560398995876,-0.53070640564,0.631453335285,-0.0746355131269
-0.386241167784,-0.0460917949677,0.922774255276,0.559265851974,-0.531976282597,0.633015334606,-0.059285081923
-0.387444019318,-0.0491283684969,0.91895544529,0.556639134884,-0.529332220554,0.638821899891,-0.0432077795267
-0.389325946569,-0.0520093291998,0.914959549904,0.5577455163,-0.531276464462,0.637087166309,-0.0280245710164
-0.391116142273,-0.0553073808551,0.911119639874,0.557344734669,-0.526875913143,0.641543269157,-0.0138204926625
-0.392850548029,-0.0587160512805,0.908133149147,0.557404458523,-0.523347079754,0.644430875778,0.0108165824786
-0.39519277215,-0.0621136501431,0.903328061104,0.553555250168,-0.52375036478,0.647078156471,0.0234981812537
-0.397580802441,-0.0654274597764,0.900432288647,0.552943646908,-0.521383583546,0.648189246655,0.04757328704
-0.399315714836,-0.0695913136005,0.896272659302,0.54804956913,-0.51611584425,0.655604243279,0.0587308555841
-0.402353852987,-0.073197811842,0.892432332039,0.544472157955,-0.515619874001,0.656866788864,0.0788166001439
-0.404704362154,-0.0771243721247,0.889135360718,0.542148888111,-0.510042488575,0.660688698292,0.0970653891563
-0.409087598324,-0.0795613080263,0.885904729366,0.536123752594,-0.521655797958,0.652699291706,0.120125375688
-0.412213861942,-0.0831703096628,0.881942033768,0.5301181674,-0.521132946014,0.655139744282,0.134859338403
-0.415486931801,-0.0868545025587,0.878735125065,0.528165519238,-0.519631803036,0.653915703297,0.153030559421
-0.418989002705,-0.0907274335623,0.875477671623,0.52612632513,-0.516198217869,0.654449641705,0.16860075295
-0.422698765993,-0.0950282141566,0.87232875824,0.524196624756,-0.5114158988,0.65609306097,0.182245716453
-0.426515549421,-0.0988817587495,0.86924892664,0.522940039635,-0.508859336376,0.655491709709,0.194747522473
-0.430438697338,-0.102756932378,0.866209983826,0.522652506828,-0.506757199764,0.65287655592,0.20924565196
-0.433984935284,-0.106352165341,0.863388895988,0.517155528069,-0.50345236063,0.654995918274,0.223754987121
-0.43797326088,-0.110074102879,0.860584080219,0.517397880554,-0.499983072281,0.653111219406,0.236140206456
-0.441767066717,-0.113709419966,0.857836544514,0.518046498299,-0.498644769192,0.649489164352,0.247275441885
-0.446069300175,-0.117165200412,0.85524559021,0.518145382404,-0.491219907999,0.650105774403,0.259982556105
-0.45027333498,-0.120579481125,0.852468550205,0.518959283829,-0.487705498934,0.647300064564,0.27171126008
-0.454160571098,-0.123849369586,0.849897265434,0.519359827042,-0.478113532066,0.648912191391,0.28387644887
-0.458290010691,-0.127176985145,0.847715377808,0.521727919579,-0.471027940512,0.647661745548,0.294052511454
-0.462558984756,-0.13045309484,0.845527470112,0.523817121983,-0.461434274912,0.648632884026,0.303264886141
-0.466838359833,-0.133613362908,0.843429088593,0.525714933872,-0.449262082577,0.651006877422,0.313013464212
-0.471202611923,-0.136794686317,0.841544032097,0.528817296028,-0.435529738665,0.654291212559,0.32026425004
-0.475680649281,-0.140059351921,0.840062260628,0.533783614635,-0.42471948266,0.654353678226,0.326358139515
-0.479899793863,-0.143249392509,0.83869177103,0.539205849171,-0.40912565589,0.657679617405,0.330652147532
-0.48398950696,-0.146152824163,0.837092041969,0.546765327454,-0.391920864582,0.659402549267,0.335610061884
-0.487981438637,-0.149134993553,0.835863232613,0.551673591137,-0.375900894403,0.66294926405,0.338899791241
-0.491897523403,-0.152202099562,0.834899485111,0.558828771114,-0.35944211483,0.66474288702,0.341509580612
-0.495777785778,-0.155136078596,0.834034144878,0.565386176109,-0.343466073275,0.666655540466,0.343423873186
-0.499284148216,-0.156719371676,0.832685232162,0.568403184414,-0.336335301399,0.664191067219,0.350209504366
-0.503034114838,-0.159566700459,0.832171440125,0.574255824089,-0.319625407457,0.665960609913,0.352939665318
-0.506716609001,-0.162313342094,0.831902742386,0.578157782555,-0.304648518562,0.669050276279,0.353969842196
-0.510468542576,-0.164895534515,0.831310987473,0.582749783993,-0.292292356491,0.669430613518,0.356132805347
-0.514062166214,-0.167468503118,0.831138014793,0.591383635998,-0.278769344091,0.666090488434,0.358993977308
-0.517452657223,-0.170022010803,0.831038832664,0.596410155296,-0.269027680159,0.66398704052,0.361994892359
-0.521011054516,-0.172356188297,0.830852627754,0.599363267422,-0.261015743017,0.662683129311,0.365356743336
-0.524532914162,-0.175240412354,0.831074416637,0.603888511658,-0.254000604153,0.660796523094,0.366265207529
-0.527568876743,-0.177477583289,0.831176102161,0.605347812176,-0.24928483367,0.658228933811,0.371679723263
-0.529977142811,-0.179156437516,0.830814957619,0.602079868317,-0.240747511387,0.661264061928,0.37718769908
-0.533042728901,-0.181844696403,0.831885576248,0.606303393841,-0.242950171232,0.653986692429,0.38167116046
-0.535970807076,-0.183751180768,0.832002878189,0.608783125877,-0.245544716716,0.64726126194,0.387484103441
-0.538143754005,-0.185624092817,0.832331717014,0.608169972897,-0.235411465168,0.649444937706,0.391065239906
-0.540757417679,-0.187435716391,0.833072423935,0.607787251472,-0.245742216706,0.641474604607,0.398391485214
-0.542290687561,-0.1884123981,0.832870006561,0.600627422333,-0.242296904325,0.645812273026,0.404308736324
-0.544107556343,-0.189402088523,0.833149313927,0.597165107727,-0.245220050216,0.643002867699,0.412078022957
-0.54600507021,-0.190877243876,0.833640694618,0.598780930042,-0.249833986163,0.638025045395,0.414690971375
-0.547489225864,-0.191760808229,0.8340280056,0.596032261848,-0.253978461027,0.636272311211,0.418805629015
-0.549330234528,-0.193656057119,0.835297584534,0.593057334423,-0.263606309891,0.633413314819,0.421405255795
-0.551485419273,-0.192902296782,0.834503769875,0.585133612156,-0.26657345891,0.631990253925,0.432603418827
-0.550802707672,-0.193311586976,0.835266590118,0.582164764404,-0.282479077578,0.626057446003,0.435134410858
-0.551771581173,-0.193522334099,0.835574746132,0.578396141529,-0.288700729609,0.626082003117,0.436040222645
-0.552721560001,-0.194347262383,0.836606144905,0.578352212906,-0.286421597004,0.628210306168,0.434537947178
-0.554438471794,-0.19449275732,0.836531341076,0.572009444237,-0.282541155815,0.634638309479,0.436130702496
-0.554286122322,-0.193754911423,0.836743354797,0.567841768265,-0.289638489485,0.632210433483,0.440426379442
-0.554054021835,-0.193680793047,0.837167561054,0.566324770451,-0.290704846382,0.632670223713,0.441016554832
-0.55425620079,-0.19457384944,0.838115036488,0.568685531616,-0.286210298538,0.637044787407,0.434573918581
-0.554093956947,-0.194200441241,0.838580608368,0.566954135895,-0.289535820484,0.63827329874,0.432827174664
-0.553587377071,-0.193491891026,0.838330149651,0.562176465988,-0.282916367054,0.645440399647,0.432808160782
-0.552682042122,-0.192021176219,0.838668942451,0.558963358402,-0.304918706417,0.635047018528,0.437378555536
-0.552120149136,-0.192370846868,0.839592278004,0.561409175396,-0.300503522158,0.639200508595,0.43120765686
-0.550135433674,-0.191882893443,0.840095579624,0.562695980072,-0.311564326286,0.635662376881,0.426889240742
-0.549341619015,-0.191064596176,0.840481758118,0.561153352261,-0.314925223589,0.636744618416,0.42483574152
-0.548136889935,-0.190358310938,0.840576589108,0.559775292873,-0.318419754505,0.637789487839,0.422475069761
-0.547101855278,-0.189528763294,0.840767085552,0.557496666908,-0.319234251976,0.640862762928,0.420216590166
-0.545728862286,-0.188650980592,0.841046333313,0.556318759918,-0.32321035862,0.641449093819,0.417837023735
-0.54442948103,-0.187703773379,0.841242551804,0.554617166519,-0.326027810574,0.642969369888,0.415567278862
-0.543011307716,-0.18681435287,0.841530919075,0.553572058678,-0.327315062284,0.645125865936,0.412596255541
-0.541505157948,-0.185828909278,0.841671764851,0.55454647541,-0.331290185452,0.643690288067,0.410351067781
-0.539946198463,-0.184830307961,0.841861248016,0.551125705242,-0.332665830851,0.648080468178,0.406922161579
-0.538319289684,-0.183889836073,0.842168211937,0.550387144089,-0.334498405457,0.650136768818,0.403121620417
-0.536001265049,-0.182126626372,0.841756105423,0.545768797398,-0.324487447739,0.659152448177,0.402942150831
-0.535131216049,-0.181920796633,0.842778801918,0.548260629177,-0.339676469564,0.653185665607,0.39670997858
-0.532697916031,-0.180138736963,0.842336475849,0.543384552002,-0.329277634621,0.663062870502,0.395799249411
-0.53140604496,-0.179618090391,0.843168914318,0.545401751995,-0.342790782452,0.657874643803,0.390169888735
-0.529588639736,-0.178528800607,0.843490481377,0.544552981853,-0.343635231256,0.659692049026,0.387535095215
-0.527770936489,-0.177554324269,0.843739509583,0.543579995632,-0.344807356596,0.662181138992,0.383594542742
-0.525931537151,-0.176456749439,0.843811750412,0.541544914246,-0.346668094397,0.664621055126,0.38056448102
-0.524035990238,-0.175394296646,0.843896865845,0.540306389332,-0.346429437399,0.667373239994,0.377715021372
-0.521785795689,-0.173869222403,0.843573093414,0.536515116692,-0.338491410017,0.675465583801,0.375927329063
-0.520711302757,-0.17339913547,0.844350337982,0.541169047356,-0.351536870003,0.667304515839,0.371836990118
-0.518725991249,-0.17230732739,0.844262719154,0.539568245411,-0.350343286991,0.671089410782,0.368463099003
-0.516649365425,-0.170800700784,0.843851566315,0.534814834595,-0.341914117336,0.679616093636,0.367681920528
-0.515168130398,-0.17030492425,0.844463229179,0.537881672382,-0.352276057005,0.674482762814,0.36284700036
-0.513437628746,-0.169426202774,0.844537138939,0.537090718746,-0.352322101593,0.676621496677,0.3599807024
-0.511865437031,-0.168383061886,0.844516217709,0.53626447916,-0.353789299726,0.677649915218,0.357832580805
-0.510228037834,-0.167671337724,0.844652175903,0.53720241785,-0.358039051294,0.67598938942,0.355330646038
-0.508381307125,-0.16617384553,0.844138562679,0.532436132431,-0.348096072674,0.68564170599,0.353887498379
-0.506823778152,-0.165298134089,0.844184279442,0.532524645329,-0.348557144403,0.686135947704,0.352339416742
-0.505831420422,-0.165051549673,0.844778418541,0.534353017807,-0.35780018568,0.682198941708,0.347923010588
-0.504492104053,-0.16427013278,0.844597578049,0.535463452339,-0.357855767012,0.681818962097,0.346902012825
-0.502523005009,-0.162946805358,0.844006180763,0.529965817928,-0.348882704973,0.691256165504,0.345806419849
-0.501774191856,-0.162773028016,0.844546198845,0.534155786037,-0.358820199966,0.684755802155,0.342104256153
-0.500010967255,-0.161814153194,0.844291627407,0.533195257187,-0.356422454119,0.686827123165,0.341956883669
-0.499047279358,-0.161182776093,0.844365954399,0.533019423485,-0.358023434877,0.686916232109,0.340375751257
-0.497939825058,-0.160571798682,0.844191014767,0.533403217793,-0.358492106199,0.687789976597,0.33750462532
-0.496820628643,-0.16008605063,0.84407544136,0.534476816654,-0.359618604183,0.686837792397,0.336545467377
-0.49604177475,-0.159841001034,0.844252407551,0.536299467087,-0.365018188953,0.683609187603,0.334399789572
-0.495570451021,-0.159582108259,0.844342470169,0.532677233219,-0.366577655077,0.684845149517,0.335950762033
-0.494742661715,-0.159165635705,0.84430629015,0.533238828182,-0.368579149246,0.68428426981,0.3340074718
-0.49400550127,-0.158136725426,0.843777000904,0.52872979641,-0.35669991374,0.693244874477,0.335591435432
-0.493437200785,-0.157765120268,0.843631863594,0.528484046459,-0.355837255716,0.694210469723,0.334897637367
-0.49291074276,-0.157520741224,0.843497693539,0.529800891876,-0.357295185328,0.693014919758,0.333738714457
-0.492344200611,-0.157163992524,0.843308746815,0.530169606209,-0.357119381428,0.693221688271,0.33291092515
-0.491851329803,-0.156797975302,0.843084335327,0.530427992344,-0.357432425022,0.693050265312,0.33252030611
-0.491235733032,-0.156394422054,0.842687487602,0.529752850533,-0.355680525303,0.694324612617,0.332816243172
-0.490947812796,-0.156127020717,0.842482149601,0.52950656414,-0.354791194201,0.695015132427,0.33271625638
-0.490808516741,-0.155963793397,0.84247815609,0.530167162418,-0.355935484171,0.694391906261,0.331741422415
-0.490638196468,-0.155840262771,0.84227502346,0.53028345108,-0.355861663818,0.694440305233,0.331533968449
-0.490552157164,-0.155729159713,0.842066407204,0.530578494072,-0.356187701225,0.694175124168,0.33126693964
-0.490534752607,-0.155645340681,0.841838538647,0.531245827675,-0.356398433447,0.693681240082,0.331005007029
-0.490569442511,-0.155587404966,0.84161144495,0.531316637993,-0.356447428465,0.693448662758,0.331326067448
-0.490662246943,-0.155564814806,0.84141254425,0.531397640705,-0.356337815523,0.693380355835,0.33145660162
-0.490817725658,-0.155573755503,0.84119784832,0.531622290611,-0.356635600328,0.692908465862,0.331763029099
-0.490965038538,-0.155604481697,0.840769052505,0.532109677792,-0.355026513338,0.693297743797,0.331894338131
-0.49127727747,-0.155707284808,0.840554356575,0.532463312149,-0.354764580727,0.692875146866,0.332489281893
-0.491327226162,-0.155486911535,0.840186953545,0.540552377701,-0.357535928488,0.688070952892,0.326388657093
-0.492167323828,-0.155849546194,0.840143680573,0.54533714056,-0.35953989625,0.683291375637,0.326269030571
-0.492769747972,-0.156463325024,0.840108573437,0.535049855709,-0.354956775904,0.690451443195,0.33317309618
-0.493275731802,-0.156759798527,0.839938163757,0.53540211916,-0.354236751795,0.690277516842,0.333733260632
-0.493760347366,-0.157011628151,0.839676141739,0.536779642105,-0.35423502326,0.689067065716,0.334023594856
-0.494109779596,-0.157104790211,0.839159727097,0.53634750843,-0.353307873011,0.689528286457,0.33474701643
-0.494718998671,-0.157391354442,0.838815510273,0.536217808723,-0.352159023285,0.689702689648,0.335804820061
-0.495347619057,-0.157765984535,0.838543474674,0.537573516369,-0.352461069822,0.6882853508,0.336227983236
-0.495958447456,-0.158169806004,0.838262677193,0.538411855698,-0.352470815182,0.687574088573,0.336331397295
-0.496740549803,-0.158580690622,0.837953031063,0.538702666759,-0.351626336575,0.686971008778,0.337978243828
-0.4977902174,-0.159121260047,0.837863028049,0.539303183556,-0.352797806263,0.685440897942,0.338905155659
-0.498370438814,-0.159469425678,0.837503612041,0.539051294327,-0.351997852325,0.685283184052,0.3404532969
-0.49918577075,-0.159885004163,0.837119042873,0.540366709232,-0.352267503738,0.684045732021,0.340577334166
-0.500052452087,-0.16015869379,0.836548805237,0.55189794302,-0.355161368847,0.675913691521,0.335275918245
-0.500843405724,-0.160902693868,0.836395025253,0.540744125843,-0.350701957941,0.683193981647,0.343292951584
-0.501624763012,-0.161454826593,0.835905313492,0.540933907032,-0.349395990372,0.68283867836,0.345028191805
-0.502766430378,-0.162031546235,0.835750877857,0.542016744614,-0.349652886391,0.681535720825,0.345644146204
-0.503533601761,-0.162497580051,0.83535528183,0.541654288769,-0.348827034235,0.681345403194,0.347417533398
-0.504516482353,-0.163047641516,0.834979176521,0.542378425598,-0.348856389523,0.680270850658,0.348362743855
-0.505412101746,-0.163589596748,0.83467566967,0.542745053768,-0.349185883999,0.679076850414,0.349788039923
-0.506516933441,-0.164252519608,0.834393560886,0.543855190277,-0.349799841642,0.676985502243,0.351500272751
-0.507530510426,-0.164822936058,0.834027051926,0.544399023056,-0.349598914385,0.67608487606,0.35258975625
-0.508215606213,-0.165171355009,0.833436429501,0.542905390263,-0.347181379795,0.677645802498,0.354281097651
-0.509229540825,-0.165624171495,0.833024501801,0.542545318604,-0.345630466938,0.677440643311,0.356732815504
-0.510325431824,-0.166289880872,0.832775950432,0.543754220009,-0.349170148373,0.673958539963,0.358038693666
-0.511335134506,-0.166771411896,0.83243906498,0.544327378273,-0.349716067314,0.672378063202,0.359602689743
-0.512633025646,-0.167497128248,0.83232831955,0.543859601021,-0.350642204285,0.671009898186,0.36195653677
-0.513067424297,-0.16732186079,0.831192433834,0.540945231915,-0.340028375387,0.676983058453,0.365312159061
-0.514585018158,-0.168286293745,0.831518411636,0.544305980206,-0.350371032953,0.669322252274,0.364662855864
-0.514712452888,-0.168028697371,0.8303347826,0.545300245285,-0.342502385378,0.672165811062,0.365421563387
-0.515775382519,-0.168308019638,0.83003872633,0.547061622143,-0.343738049269,0.670333087444,0.36499491334
-0.51753872633,-0.169518351555,0.830270528793,0.544152021408,-0.350303769112,0.666162312031,0.370693683624
-0.518077671528,-0.169442310929,0.829328894615,0.541639924049,-0.341909021139,0.671362161636,0.372823417187
-0.519172608852,-0.170078635216,0.829311430454,0.54955726862,-0.352187216282,0.661824762821,0.368699103594
-0.51971590519,-0.169818967581,0.828388333321,0.546820998192,-0.343159615993,0.667217373848,0.371549844742
-0.520558953285,-0.170189395547,0.828024864197,0.547129809856,-0.343265205622,0.665371954441,0.374297082424
-0.52165222168,-0.17033174634,0.827605009079,0.547752320766,-0.343769043684,0.66431838274,0.374795049429
-0.522925853729,-0.170991688967,0.827721118927,0.550143182278,-0.352286785841,0.65757226944,0.375280380249
-0.523939609528,-0.171101480722,0.827373564243,0.551581203938,-0.352451235056,0.656073272228,0.375638514757
-0.524234354496,-0.170652091503,0.826366066933,0.54897069931,-0.342906653881,0.661868274212,0.378122597933
-0.525616765022,-0.171301811934,0.826603472233,0.552679657936,-0.352646261454,0.653927505016,0.37757769227
-0.526370346546,-0.171335205436,0.826266169548,0.553358256817,-0.352649748325,0.652692914009,0.378714829683
-0.526635885239,-0.170854195952,0.825264573097,0.551029205322,-0.343570679426,0.657758414745,0.381680220366
-0.527425885201,-0.170742422342,0.824802994728,0.550873398781,-0.3444455266,0.656923055649,0.38255444169
-0.528579592705,-0.171155110002,0.825039744377,0.554536104202,-0.354264557362,0.648934841156,0.381929397583
-0.529010176659,-0.171024352312,0.824424088001,0.556719839573,-0.355496495962,0.645702898502,0.383083581924
-0.529673874378,-0.170810192823,0.824193060398,0.555459856987,-0.355892568827,0.646224856377,0.383664369583
-0.530289471149,-0.170543089509,0.823904573917,0.556667745113,-0.35686275363,0.645201146603,0.382734239101
-0.530645668507,-0.170271292329,0.823437213898,0.556844770908,-0.357295572758,0.644171178341,0.383806675673
-0.531033933163,-0.169965937734,0.823049783707,0.557305157185,-0.357613414526,0.643314123154,0.38427940011
-0.531463801861,-0.169514581561,0.822446167469,0.557029187679,-0.357936769724,0.643585026264,0.383924543858
-0.53175675869,-0.169106855989,0.821990609169,0.557175993919,-0.358290404081,0.643364906311,0.383750736713
-0.531882286072,-0.168682619929,0.82151389122,0.557700097561,-0.358460396528,0.642473101616,0.384324133396
-0.53169721365,-0.167634576559,0.820600926876,0.555534660816,-0.349736064672,0.648661136627,0.385103464127
-0.532357633114,-0.167654708028,0.820949792862,0.559556484222,-0.360842436552,0.640614211559,0.382495701313
-0.531947791576,-0.166541859508,0.819935023785,0.556811034679,-0.350353986025,0.647837281227,0.384083926678
-0.531948387623,-0.166025862098,0.81959861517,0.557293474674,-0.351410984993,0.647149145603,0.383578538895
-0.532180547714,-0.166022494435,0.819624185562,0.560008645058,-0.36026763916,0.640641629696,0.382329672575
-0.532062470913,-0.165468484163,0.819287776947,0.560149490833,-0.359642714262,0.641122877598,0.381904661655
-0.532500088215,-0.165250629187,0.819369018078,0.556686162949,-0.359534412622,0.642585575581,0.384602844715
-0.532222926617,-0.16467858851,0.819008827209,0.55652654171,-0.359950512648,0.64263188839,0.384366899729
-0.53144967556,-0.164022535086,0.818484127522,0.561026036739,-0.363203018904,0.639409303665,0.380117446184
-0.530710279942,-0.162691354752,0.81759929657,0.557609915733,-0.351373523474,0.648299753666,0.381202459335
-0.530676960945,-0.1626727283,0.81789547205,0.55989998579,-0.359987527132,0.642182588577,0.380161046982
-0.530222833157,-0.162140220404,0.817663908005,0.55958378315,-0.360073029995,0.642358362675,0.380248725414
-0.529771625996,-0.161540180445,0.817410945892,0.559185445309,-0.360298365355,0.642869532108,0.379757255316
-0.529069542885,-0.161052793264,0.816902637482,0.558939695358,-0.359873950481,0.64398753643,0.37862560153
-0.52845042944,-0.160589396954,0.816711783409,0.558938980103,-0.360478341579,0.643962085247,0.378094494343
-0.527453064919,-0.159591838717,0.816087245941,0.556292414665,-0.351096481085,0.650579154491,0.3794952631
-0.527275979519,-0.159653708339,0.816462039948,0.558981776237,-0.360127210617,0.644671499729,0.377155691385
-0.526539027691,-0.15913361311,0.816273093224,0.558954775333,-0.360102474689,0.645158708096,0.376385509968
-0.525576233864,-0.158697620034,0.815949499607,0.558612525463,-0.35921895504,0.646413326263,0.375584721565
-0.524817466736,-0.158300295472,0.815807163715,0.558569312096,-0.358315050602,0.647341072559,0.374914050102
-0.524430274963,-0.158102631569,0.815875947475,0.554810404778,-0.35574427247,0.650652766228,0.377203404903
-0.523228108883,-0.157554060221,0.815559148788,0.559010326862,-0.357066005468,0.649048805237,0.37248775363
-0.522078156471,-0.15668413043,0.814967095852,0.555986046791,-0.347577244043,0.656428039074,0.373057514429
-0.522114157677,-0.157103285193,0.815673947334,0.55445253849,-0.354584515095,0.65358543396,0.373735666275
-0.520343005657,-0.156064942479,0.814848542213,0.555957615376,-0.348935008049,0.656838476658,0.371105134487
-0.519811630249,-0.155880138278,0.814921677113,0.551659107208,-0.346434444189,0.660413682461,0.373509556055
-0.518588364124,-0.155400887132,0.81463855505,0.555208981037,-0.348434120417,0.658574283123,0.369616687298
-0.518384099007,-0.155797585845,0.815356016159,0.558866918087,-0.3603284657,0.651151537895,0.365831851959
-0.517535567284,-0.155633315444,0.815372228622,0.558377146721,-0.360541343689,0.651892066002,0.365050345659
-0.516419291496,-0.155395999551,0.815338075161,0.556879878044,-0.3596611619,0.653340697289,0.365615546703
-0.515393316746,-0.155265927315,0.815281689167,0.556386947632,-0.360676556826,0.653551757336,0.364987850189
-0.514108300209,-0.154540836811,0.814851343632,0.552195668221,-0.352573007345,0.660608351231,0.366563618183
