x,y,z,q0,q1,q2,q3
-0.596029222012,-0.159794360399,1.20642507076,0.0326000861824,-0.0119610587135,-0.63124370575,-0.774806916714
-0.596095323563,-0.159695252776,1.2062202692,0.0323936976492,-0.0111711518839,-0.630973279476,-0.775047540665
-0.596252202988,-0.159571409225,1.20631361008,0.0331999659538,-0.0109856212512,-0.630689024925,-0.775247395039
-0.596334695816,-0.159444063902,1.20620012283,0.0332464650273,-0.0105526819825,-0.630427658558,-0.775463879108
-0.596451044083,-0.159269049764,1.20588731766,0.0328978411853,-0.0099392645061,-0.630076467991,-0.77577227354
-0.596644937992,-0.159099638462,1.20584273338,0.0331477038562,-0.00959658622742,-0.629509091377,-0.776226401329
-0.59679967165,-0.158937543631,1.20587003231,0.0337529107928,-0.00928398501128,-0.628940343857,-0.776665091515
-0.596728205681,-0.158791854978,1.20599651337,0.0344690792263,-0.00955805834383,-0.629089713097,-0.776509344578
-0.596344769001,-0.158606037498,1.20597994328,0.0359364710748,-0.00743052596226,-0.629602491856,-0.776050269604
-0.59656047821,-0.158565551043,1.20598447323,0.0364663004875,-0.00699586002156,-0.628766000271,-0.776707589626
-0.596713125706,-0.158418506384,1.20593595505,0.0366788655519,-0.0067703621462,-0.627994060516,-0.777323842049
-0.596742391586,-0.158283472061,1.20590937138,0.0368604883552,-0.00679183052853,-0.627261042595,-0.77790671587
-0.596681237221,-0.158042192459,1.20591199398,0.0369316861033,-0.00698039820418,-0.627043962479,-0.778076708317
-0.596881687641,-0.158046811819,1.20570123196,0.0365908108652,-0.00626838719472,-0.625919401646,-0.779003798962
-0.596791267395,-0.157852128148,1.20563006401,0.0361034236848,-0.0064563350752,-0.625329732895,-0.779498457909
-0.59678453207,-0.157712176442,1.20553660393,0.0361895039678,-0.0063479039818,-0.62476348877,-0.779949307442
-0.596779286861,-0.157593995333,1.20553505421,0.0362915173173,-0.00639926316217,-0.62414264679,-0.780440807343
-0.596709191799,-0.157516285777,1.20552837849,0.0363118052483,-0.00658904295415,-0.623378634453,-0.781048774719
-0.596600353718,-0.157470285892,1.20550310612,0.0363894477487,-0.00661664502695,-0.622348666191,-0.781865775585
-0.596549451351,-0.157428860664,1.20548522472,0.0363709069788,-0.00678072869778,-0.621673107147,-0.782402575016
-0.596407413483,-0.157342553139,1.20545768738,0.0361279137433,-0.00703300582245,-0.620982289314,-0.782959997654
-0.596304178238,-0.157273828983,1.20541965961,0.0360130295157,-0.00728182820603,-0.620320320129,-0.783487677574
-0.596124827862,-0.157260075212,1.20546603203,0.0360012352467,-0.00808759406209,-0.619405627251,-0.784203529358
-0.595950841904,-0.157088309526,1.20549595356,0.0361769907176,-0.00796931423247,-0.618750751019,-0.784713447094
-0.595862090588,-0.156944528222,1.20567286015,0.0366489216685,-0.00836175214499,-0.617737829685,-0.785485208035
-0.595589756966,-0.156967669725,1.20558011532,0.0356825627387,-0.00886541046202,-0.616686522961,-0.786349773407
-0.595367252827,-0.157063916326,1.20556688309,0.0358117111027,-0.00926210917532,-0.616034567356,-0.786850214005
-0.59507983923,-0.156960487366,1.20560538769,0.0359508953989,-0.00922504346818,-0.615485966206,-0.787273526192
-0.594728112221,-0.156891077757,1.20564806461,0.0355458371341,-0.00975160486996,-0.614399015903,-0.788134098053
-0.594455778599,-0.156887769699,1.20570278168,0.0350099913776,-0.0102894948795,-0.613747954369,-0.788658320904
-0.594511687756,-0.156810134649,1.20570802689,0.0337229110301,-0.0118841258809,-0.612258195877,-0.789849162102
-0.594153404236,-0.156650215387,1.20556664467,0.0331463292241,-0.0120469639078,-0.611620247364,-0.790365040302
-0.593832314014,-0.156606480479,1.2055824995,0.0326651483774,-0.0122055681422,-0.610879004002,-0.790955781937
-0.593486726284,-0.156683623791,1.20562934875,0.0317428745329,-0.0128046022728,-0.609398722649,-0.792124867439
-0.593093276024,-0.156483143568,1.20564675331,0.0319341532886,-0.0125407492742,-0.609024524689,-0.792409062386
-0.592920899391,-0.156271696091,1.20571804047,0.0308932922781,-0.0143178058788,-0.608263909817,-0.793004214764
-0.592441141605,-0.15628130734,1.20577383041,0.0300693120807,-0.014523464255,-0.607007622719,-0.793994128704
-0.592140495777,-0.156240642071,1.20583283901,0.0297309309244,-0.0144881019369,-0.606504023075,-0.794392347336
-0.591570615768,-0.156343817711,1.20585155487,0.0306102465838,-0.0132474824786,-0.606691658497,-0.794237315655
-0.591260910034,-0.156225055456,1.20589900017,0.0305020809174,-0.0134799098596,-0.605858027935,-0.794873654842
-0.590863823891,-0.156082704663,1.205960989,0.0299862399697,-0.0129875764251,-0.60493516922,-0.795603871346
-0.590559482574,-0.155996873975,1.20599973202,0.0295889191329,-0.0133422575891,-0.60370361805,-0.796547830105
-0.590267181396,-0.155824914575,1.20598959923,0.0298037827015,-0.0135389454663,-0.603746175766,-0.796504259109
-0.590344667435,-0.155550718307,1.20604014397,0.0286612343043,-0.0146001297981,-0.602276027203,-0.797639608383
-0.589867353439,-0.155353412032,1.20591878891,0.0278446692973,-0.0147893251851,-0.601778209209,-0.798040688038
-0.589300572872,-0.155401706696,1.20593869686,0.0288567990065,-0.0133566474542,-0.601829230785,-0.797991573811
-0.589078903198,-0.155257433653,1.20625162125,0.0296166427433,-0.0137738762423,-0.601270616055,-0.798377633095
-0.588969349861,-0.155327141285,1.20635092258,0.0289520993829,-0.0141443563625,-0.599241137505,-0.799919962883
-0.589150249958,-0.154995039105,1.20635855198,0.0280063990504,-0.0159024875611,-0.598390698433,-0.800556898117
-0.588931083679,-0.154955774546,1.20640623569,0.0275096613914,-0.0149954650551,-0.598435759544,-0.800557911396
-0.588786244392,-0.154744639993,1.20637619495,0.0271565206349,-0.0155105842277,-0.597906410694,-0.800955653191
-0.588418126106,-0.154504209757,1.20638000965,0.0281663648784,-0.0160524044186,-0.596830785275,-0.801711916924
-0.588033676147,-0.154374375939,1.20614647865,0.0274847466499,-0.0161554217339,-0.596966266632,-0.801632702351
-0.587776839733,-0.154122129083,1.20615386963,0.0273930300027,-0.0163595173508,-0.596138000488,-0.802247822285
-0.587765276432,-0.154100835323,1.20613288879,0.0274954847991,-0.0161823891103,-0.595648646355,-0.802611351013
-0.587590157986,-0.153891086578,1.20613265038,0.0272847227752,-0.0162202958018,-0.594705820084,-0.803316533566
-0.587411105633,-0.153703957796,1.20612967014,0.0275650657713,-0.0162571091205,-0.594466805458,-0.803483128548
-0.587256371975,-0.153501287103,1.20616912842,0.0276957955211,-0.0164420157671,-0.594111979008,-0.803737282753
-0.587050378323,-0.153271496296,1.20621144772,0.0278160646558,-0.0166584830731,-0.593767285347,-0.803983449936
-0.586743414402,-0.152998313308,1.20623397827,0.0277436040342,-0.0171369276941,-0.593936979771,-0.803850412369
-0.586466550827,-0.152999937534,1.20642757416,0.0294002387673,-0.0167478397489,-0.59343200922,-0.804172635078
-0.586401879787,-0.152842283249,1.20643007755,0.0299731530249,-0.0162756685168,-0.592852592468,-0.80458855629
-0.586324632168,-0.152667373419,1.20639526844,0.0291791688651,-0.0155203612521,-0.592961490154,-0.804552316666
-0.586146771908,-0.152040839195,1.20616304874,0.0284280944616,-0.0173489190638,-0.59191018343,-0.805315613747
-0.585835456848,-0.151992827654,1.2061560154,0.0296541303396,-0.0158281791955,-0.592212200165,-0.805080711842
-0.585826396942,-0.151857405901,1.20647668839,0.0297061577439,-0.0162401851267,-0.592032194138,-0.805202960968
-0.585624575615,-0.151718646288,1.20652115345,0.0310173220932,-0.0174742694944,-0.591096758842,-0.805814743042
-0.585467457771,-0.151517406106,1.20651674271,0.0311940256506,-0.0175554770976,-0.590752065182,-0.806058824062
-0.585169434547,-0.151140660048,1.20652890205,0.0316364131868,-0.0170373879373,-0.590536296368,-0.806210756302
-0.585034608841,-0.15095564723,1.20653998852,0.0306836050004,-0.0164272896945,-0.59053337574,-0.80626231432
-0.584810972214,-0.150662824512,1.20658636093,0.0319504067302,-0.0173843633384,-0.589454054832,-0.806982696056
-0.584265768528,-0.150258168578,1.20617806911,0.0305908508599,-0.0172662846744,-0.590051829815,-0.806600987911
-0.584093511105,-0.150098100305,1.20614886284,0.0307769421488,-0.0177343301475,-0.589383423328,-0.807072103024
-0.583951234818,-0.149954289198,1.20614314079,0.0309192296118,-0.0177776254714,-0.588952839375,-0.807380080223
-0.583713293076,-0.149614214897,1.2061560154,0.0311026349664,-0.0177358500659,-0.588637113571,-0.807604074478
-0.583570897579,-0.149452894926,1.20615553856,0.0310263428837,-0.0183373242617,-0.587843298912,-0.80817168951
-0.583557724953,-0.149314731359,1.20616447926,0.0313164778054,-0.0182939581573,-0.58694589138,-0.808813452721
-0.583319723606,-0.149055525661,1.20621299744,0.0317631103098,-0.0181376580149,-0.586386680603,-0.809205114841
-0.582977235317,-0.148688703775,1.20620894432,0.031700976193,-0.0184976365417,-0.586339473724,-0.809233546257
-0.582739591599,-0.148481577635,1.20616018772,0.0319250710309,-0.0186851862818,-0.585573256016,-0.809775054455
-0.582210302353,-0.148217067122,1.20637059212,0.0334780216217,-0.0177084635943,-0.585686504841,-0.809652447701
-0.582550466061,-0.14810423553,1.20631575584,0.0315628610551,-0.0182380154729,-0.58508169651,-0.810154676437
-0.58228468895,-0.147710710764,1.20630943775,0.0326643437147,-0.0192182213068,-0.583545506001,-0.811195671558
-0.582109928131,-0.147464394569,1.20632147789,0.0329184867442,-0.0194835066795,-0.582800805569,-0.811714231968
-0.582005500793,-0.147316321731,1.20617103577,0.0331069715321,-0.0195318870246,-0.582461297512,-0.811949133873
-0.582068800926,-0.147192746401,1.20614993572,0.0331085063517,-0.0199442915618,-0.581598639488,-0.81255710125
-0.581996381283,-0.14697393775,1.20639371872,0.0339781679213,-0.0204105935991,-0.581066548824,-0.812890231609
-0.581785142422,-0.146660879254,1.20640873909,0.0343636833131,-0.0201485157013,-0.580434679985,-0.813331961632
-0.581685245037,-0.14651414752,1.20640683174,0.0343451797962,-0.0205301456153,-0.579899251461,-0.813704967499
-0.581649661064,-0.146421462297,1.20638787746,0.0336539670825,-0.0198800843209,-0.579912006855,-0.813740968704
-0.581536114216,-0.146102771163,1.20637798309,0.0341597124934,-0.0196606796235,-0.579657673836,-0.813906431198
-0.581433236599,-0.145920798182,1.20638000965,0.0344914868474,-0.0195838995278,-0.579392313957,-0.814083218575
-0.581222772598,-0.145584508777,1.20635676384,0.0354803316295,-0.0204743295908,-0.578090429306,-0.81494385004
-0.581282973289,-0.145574763417,1.20641839504,0.0356555245817,-0.0208173468709,-0.577834129333,-0.815109312534
-0.581123352051,-0.145352452993,1.20643222332,0.0361018888652,-0.0205474458635,-0.577416956425,-0.815392017365
-0.581055223942,-0.145233467221,1.20626711845,0.0357881225646,-0.0201967973262,-0.577272772789,-0.815516769886
-0.581281125546,-0.145229950547,1.20651674271,0.0364909358323,-0.02070350945,-0.576377034187,-0.816106140614
-0.581201672554,-0.145133793354,1.20624005795,0.0362141057849,-0.0196583643556,-0.576250433922,-0.816233754158
-0.581191241741,-0.145004048944,1.20623350143,0.0365067459643,-0.0196405015886,-0.576174199581,-0.816275060177
-0.580689668655,-0.14480997622,1.20629918575,0.037192132324,-0.0180234648287,-0.576498568058,-0.816052317619
-0.580682694912,-0.144686430693,1.20632767677,0.037337385118,-0.01793044433,-0.576321423054,-0.816172897816
-0.580671012402,-0.144519492984,1.206356287,0.0374584756792,-0.0178449340165,-0.576215863228,-0.816243648529
-0.580617487431,-0.144395813346,1.20636248589,0.0374149344862,-0.0177289377898,-0.576023817062,-0.816383779049
-0.580601930618,-0.144254207611,1.20636355877,0.0376746691763,-0.0176298413426,-0.576100647449,-0.816319584846
-0.580555319786,-0.144166126847,1.20636677742,0.0376362279058,-0.0175624489784,-0.576049804688,-0.816358923912
-0.580471754074,-0.143999040127,1.20639967918,0.0373061448336,-0.0174577645957,-0.575804233551,-0.816549479961
-0.580427825451,-0.143926471472,1.20643115044,0.0373223572969,-0.0174465570599,-0.575744867325,-0.81659078598
-0.580155432224,-0.143712103367,1.20645046234,0.037114944309,-0.0176097024232,-0.576306819916,-0.816200315952
-0.580071747303,-0.143634840846,1.20639741421,0.0371772162616,-0.0176424589008,-0.57629352808,-0.816206097603
-0.580050289631,-0.143636822701,1.20640957355,0.0369030162692,-0.0180370528251,-0.575974106789,-0.816435456276
-0.579975008965,-0.143584027886,1.20641469955,0.03693953529,-0.0181523580104,-0.575699090958,-0.816625118256
-0.57991707325,-0.143539264798,1.20641541481,0.0368773154914,-0.0181845352054,-0.575569748878,-0.816718399525
-0.579860091209,-0.143512696028,1.20643424988,0.0368184819818,-0.018192531541,-0.57543939352,-0.816812634468
-0.579812288284,-0.143492564559,1.2064511776,0.0367726758122,-0.0182280037552,-0.575236618519,-0.816956698895
-0.579808950424,-0.143519714475,1.20670330524,0.0373987480998,-0.018579384312,-0.575230062008,-0.816925048828
-0.579739749432,-0.143526315689,1.20654678345,0.0368849560618,-0.018327344209,-0.575126349926,-0.81702709198
-0.57971817255,-0.14349681139,1.20673131943,0.0373143702745,-0.0185853913426,-0.574873805046,-0.817179560661
-0.579595267773,-0.143465310335,1.20656967163,0.0370772667229,-0.0179820619524,-0.574837863445,-0.817229151726
-0.579555630684,-0.143455758691,1.20657372475,0.0370035618544,-0.0180931128561,-0.574585974216,-0.817407131195
-0.579476237297,-0.143464267254,1.20655620098,0.0366671048105,-0.0179718509316,-0.574287056923,-0.817634880543
-0.579453289509,-0.143464371562,1.206559062,0.0365909002721,-0.0180467981845,-0.574096441269,-0.817770600319
-0.579338431358,-0.143493458629,1.20658612251,0.0364285036922,-0.0181865040213,-0.573777973652,-0.817998230457
-0.579280436039,-0.14350707829,1.20657491684,0.0362721905112,-0.0181582067162,-0.573382258415,-0.818283200264
-0.579264044762,-0.143502667546,1.20658218861,0.0362651310861,-0.0181841962039,-0.573227584362,-0.81839132309
-0.579259634018,-0.14354839921,1.20657861233,0.0364141091704,-0.0179851409048,-0.573097169399,-0.818480551243
-0.579285264015,-0.143489405513,1.20667815208,0.0365468673408,-0.0183121785522,-0.572966694832,-0.818558692932
-0.579250454903,-0.143500268459,1.20660495758,0.0363754145801,-0.0181192047894,-0.572995126247,-0.8185505867
-0.579495489597,-0.14363309741,1.20667493343,0.0368209630251,-0.0179603025317,-0.572278022766,-0.819035828114
-0.57953196764,-0.143594697118,1.20699298382,0.0377389192581,-0.0184068530798,-0.572133243084,-0.819085240364
-0.579456627369,-0.143539980054,1.20659685135,0.0366069339216,-0.0177322234958,-0.57241743803,-0.818952977657
-0.579471647739,-0.143604025245,1.20660495758,0.0366085246205,-0.0177738945931,-0.572420537472,-0.818949699402
-0.579527020454,-0.143590763211,1.20685470104,0.0372731909156,-0.0181573387235,-0.572339594364,-0.818967998028
-0.57953619957,-0.14360883832,1.20687234402,0.0372965224087,-0.0181573126465,-0.572403728962,-0.818922042847
-0.579540014267,-0.143616378307,1.20688211918,0.0373121276498,-0.0181821137667,-0.572499990463,-0.818853437901
-0.579489052296,-0.143632262945,1.20665681362,0.0366693250835,-0.0178270302713,-0.572769641876,-0.818701803684
-0.579569518566,-0.143670022488,1.20674228668,0.036828700453,-0.0178461987525,-0.573071062565,-0.818483173847
-0.579612970352,-0.143688052893,1.20691537857,0.0372616536915,-0.018146796152,-0.57312220335,-0.818421185017
-0.579581320286,-0.143754407763,1.20667529106,0.0365910641849,-0.0177401024848,-0.573454380035,-0.81822770834
-0.579551875591,-0.14375410974,1.20666778088,0.0362829528749,-0.0176611039788,-0.573780119419,-0.818014860153
-0.579482376575,-0.143756955862,1.20668911934,0.0365382060409,-0.0179563723505,-0.574477434158,-0.817507266998
-0.579584300518,-0.143879026175,1.2066795826,0.0362715050578,-0.0183407571167,-0.574511170387,-0.817487001419
-0.579817831516,-0.144090220332,1.20667123795,0.0366572737694,-0.018165403977,-0.574256777763,-0.817652463913
-0.579862773418,-0.144178703427,1.20667290688,0.0366390831769,-0.0182236358523,-0.574391067028,-0.817557573318
-0.57991540432,-0.144282311201,1.20668637753,0.0366855822504,-0.0181328374892,-0.574465572834,-0.817505180836
-0.579816639423,-0.144248992205,1.20666861534,0.0364786088467,-0.0183402635157,-0.574630618095,-0.817393839359
-0.579861700535,-0.144330844283,1.2066835165,0.0364772230387,-0.018349416554,-0.574770092964,-0.817295670509
-0.579894721508,-0.144431233406,1.20668697357,0.0364389978349,-0.0183971486986,-0.574923932552,-0.817188084126
-0.579957485199,-0.144564121962,1.20670199394,0.0367468707263,-0.0179493501782,-0.57560479641,-0.816704750061
-0.579972505569,-0.144632309675,1.20671021938,0.0365356765687,-0.0179968867451,-0.575845181942,-0.816543757915
-0.580040156841,-0.144755616784,1.2066847086,0.0362086333334,-0.0179009363055,-0.57605946064,-0.816409230232
-0.580183088779,-0.1448790133,1.20674788952,0.0362989455462,-0.0178994387388,-0.576314806938,-0.81622505188
-0.580451190472,-0.145078077912,1.20673143864,0.0362538173795,-0.017729928717,-0.576007962227,-0.816447257996
-0.58047413826,-0.145112335682,1.20687747002,0.0364882126451,-0.0180865004659,-0.576224684715,-0.816276073456
-0.580554962158,-0.145182609558,1.2068656683,0.0363062955439,-0.018025746569,-0.576367497444,-0.816184699535
-0.580653369427,-0.145275786519,1.20687043667,0.0362891405821,-0.0180402696133,-0.576447546482,-0.816128611565
-0.580707907677,-0.145422756672,1.20668804646,0.0355573743582,-0.0177604518831,-0.576688706875,-0.815996646881
-0.580773413181,-0.145543500781,1.20680093765,0.0360223315656,-0.0178064182401,-0.576908648014,-0.815819680691
-0.581010520458,-0.145717322826,1.20681083202,0.0361609309912,-0.017773386091,-0.576700627804,-0.815961360931
-0.581174135208,-0.145843610168,1.20662379265,0.0348495021462,-0.0170462485403,-0.577472746372,-0.815487682819
-0.581680178642,-0.145855501294,1.20668613911,0.0340605974197,-0.0186626221985,-0.577377140522,-0.815553367138
-0.581876575947,-0.146135509014,1.20668911934,0.0336706899107,-0.0189921669662,-0.577117025852,-0.81574600935
-0.581999778748,-0.146073520184,1.20652008057,0.0351426079869,-0.0192060489208,-0.577676653862,-0.815282702446
-0.582226037979,-0.146195828915,1.20663940907,0.0354800783098,-0.0196752306074,-0.577768683434,-0.815191626549
-0.582362651825,-0.146152243018,1.20643615723,0.0349739938974,-0.0199609380215,-0.577712774277,-0.815246224403
-0.582541584969,-0.146247893572,1.2064384222,0.0354538634419,-0.0194326639175,-0.578636705875,-0.814582765102
-0.582702755928,-0.146374896169,1.20639407635,0.0353412292898,-0.0193802975118,-0.578982114792,-0.814343392849
-0.582866191864,-0.14644895494,1.20629382133,0.0353466048837,-0.0192397478968,-0.579373478889,-0.814068138599
-0.583082735538,-0.146498858929,1.2063434124,0.0362069271505,-0.0195466056466,-0.58004540205,-0.813544273376
-0.583195745945,-0.146526113153,1.2062997818,0.0362373739481,-0.0195839144289,-0.58070152998,-0.813073813915
-0.583444654942,-0.146629884839,1.2062766552,0.0364777483046,-0.0194615516812,-0.58164024353,-0.812394857407
-0.583820402622,-0.146869599819,1.20624470711,0.0366985276341,-0.019303644076,-0.581694483757,-0.812349736691
-0.583832800388,-0.146810263395,1.20615530014,0.0364771895111,-0.0194080397487,-0.582741081715,-0.811606705189
-0.584062755108,-0.146891057491,1.20615518093,0.0365642979741,-0.0194378402084,-0.583718061447,-0.810899853706
-0.584283769131,-0.146838724613,1.2061072588,0.0369439534843,-0.0194965880364,-0.584478020668,-0.810333549976
-0.584563314915,-0.146856561303,1.20621323586,0.0373643450439,-0.019758708775,-0.584755063057,-0.810108006001
-0.584955155849,-0.147088527679,1.20614635944,0.0376523062587,-0.0199771355838,-0.584376871586,-0.81036221981
-0.585162222385,-0.147200882435,1.20603716373,0.0376443900168,-0.0194661598653,-0.585693955421,-0.809423685074
-0.585464000702,-0.14725767076,1.20604813099,0.0382632762194,-0.0195020921528,-0.586042106152,-0.809141635895
-0.585714638233,-0.147313416004,1.2060636282,0.0388748496771,-0.0197570212185,-0.586951136589,-0.808447241783
-0.585849046707,-0.14728718996,1.20595216751,0.0385719537735,-0.0197834409773,-0.588137745857,-0.807598173618
-0.586053133011,-0.147284626961,1.20603656769,0.0389904566109,-0.0199467279017,-0.588700473309,-0.807163953781
-0.586531162262,-0.147656813264,1.20574712753,0.0385048761964,-0.0195721108466,-0.588767826557,-0.807147264481
-0.586622774601,-0.147517710924,1.20572733879,0.038418661803,-0.0196433197707,-0.589881300926,-0.806336343288
-0.586833775043,-0.14745785296,1.20602142811,0.0400402918458,-0.0197737198323,-0.590764641762,-0.805607259274
-0.586631715298,-0.147420883179,1.20585942268,0.0402411818504,-0.0189927443862,-0.592175781727,-0.80457919836
-0.586788594723,-0.147469446063,1.20571422577,0.0401682257652,-0.0189919192344,-0.592898786068,-0.804050326347
-0.586984694004,-0.14759530127,1.20573723316,0.0409214384854,-0.0183382686228,-0.593478262424,-0.803599894047
-0.587060511112,-0.147598445415,1.20571517944,0.0411903522909,-0.0186120700091,-0.594614505768,-0.802739560604
-0.587158322334,-0.147673562169,1.20570909977,0.0412283912301,-0.0191517807543,-0.59519726038,-0.802292823792
-0.587098538876,-0.147692143917,1.2056978941,0.041200298816,-0.0196757242084,-0.5960496068,-0.801648437977
-0.58712130785,-0.14785669744,1.20567309856,0.0412004701793,-0.0198614280671,-0.596617937088,-0.801221013069
-0.587413072586,-0.148239210248,1.2056145668,0.0409721136093,-0.0201971028,-0.596774756908,-0.80110758543
-0.587345480919,-0.148174256086,1.20555329323,0.0406356006861,-0.02044150047,-0.597575604916,-0.800521254539
-0.587182879448,-0.148190826178,1.20556056499,0.0406371466815,-0.0205977540463,-0.598727822304,-0.799655735493
-0.587902188301,-0.148256480694,1.20547497272,0.03855875507,-0.0232631675899,-0.597885847092,-0.800315320492
-0.587921619415,-0.148131623864,1.20540952682,0.0383826009929,-0.0235680788755,-0.598754644394,-0.799665093422
-0.587932348251,-0.148049384356,1.20563256741,0.0389755256474,-0.0240322928876,-0.599543273449,-0.799031376839
-0.587912499905,-0.148249521852,1.20534729958,0.0398139171302,-0.0216218456626,-0.600784599781,-0.798126041889
-0.588104665279,-0.148418441415,1.20526373386,0.0400823764503,-0.0216311216354,-0.601369380951,-0.797671973705
-0.588337361813,-0.148253902793,1.20512115955,0.0398166663945,-0.0210980381817,-0.60196852684,-0.797247409821
-0.588584125042,-0.148147419095,1.20505797863,0.0403977483511,-0.0205122381449,-0.603069841862,-0.796400666237
-0.589054167271,-0.1480871737,1.20504403114,0.0412896722555,-0.0208165794611,-0.603322446346,-0.796155691147
-0.588940501213,-0.147613614798,1.20511937141,0.0419306829572,-0.0207101851702,-0.605034708977,-0.79482448101
-0.589340925217,-0.147458329797,1.20513093472,0.04286435619,-0.0202952735126,-0.606022894382,-0.794032156467
-0.590236663818,-0.147222876549,1.20514118671,0.0431439578533,-0.0211422927678,-0.605974137783,-0.794032096863
-0.590674817562,-0.147215947509,1.20508396626,0.0448455698788,-0.0189566742629,-0.606217324734,-0.793807327747
-0.59106606245,-0.147171959281,1.20501768589,0.0451295301318,-0.0192519202828,-0.607536613941,-0.7927749753
-0.591529607773,-0.146792888641,1.20490038395,0.0459719337523,-0.0191987510771,-0.608137249947,-0.792267084122
-0.591907680035,-0.146720767021,1.2051409483,0.0475844629109,-0.0192005075514,-0.609463989735,-0.791151463985
-0.59227001667,-0.146639242768,1.20511937141,0.0481139011681,-0.0193761829287,-0.610270917416,-0.790492892265
-0.592680811882,-0.146507233381,1.20511686802,0.0483503341675,-0.0194512847811,-0.611485481262,-0.78953742981
-0.592924714088,-0.14634129405,1.20505702496,0.048316475004,-0.0194989833981,-0.612299978733,-0.788906872272
-0.593147754669,-0.146288335323,1.20480561256,0.0475612916052,-0.0194851383567,-0.613355994225,-0.788132369518
-0.593032121658,-0.145963475108,1.20480585098,0.0474521555007,-0.0207843147218,-0.61535435915,-0.786546468735
-0.593532025814,-0.146222725511,1.20473575592,0.0475288107991,-0.0205377247185,-0.614983737469,-0.786838233471
-0.593558847904,-0.146196737885,1.20470142365,0.0469011031091,-0.0208771154284,-0.615598976612,-0.786385655403
-0.593798995018,-0.146112918854,1.20487987995,0.0463475100696,-0.0210887957364,-0.617007493973,-0.785308122635
-0.594037175179,-0.146013110876,1.2047419548,0.0469245538116,-0.0225060544908,-0.617514252663,-0.784836113453
-0.593744218349,-0.145756244659,1.20471191406,0.0463334172964,-0.0235918238759,-0.619505345821,-0.783268749714
-0.593254983425,-0.145567938685,1.20475327969,0.0477111935616,-0.0215455405414,-0.621478378773,-0.781680285931
-0.593874812126,-0.145629674196,1.20437383652,0.0467076785862,-0.0201475266367,-0.621275126934,-0.781939685345
-0.594501137733,-0.145382285118,1.20446145535,0.046165894717,-0.0224133320153,-0.621175169945,-0.781989693642
-0.594634830952,-0.145214021206,1.20434379578,0.0456895083189,-0.022345976904,-0.621958255768,-0.781396865845
-0.594868421555,-0.144887462258,1.20463848114,0.0464653968811,-0.0226109419018,-0.62289506197,-0.780596971512
-0.594933748245,-0.144614875317,1.2046765089,0.0465705022216,-0.0227414108813,-0.624190926552,-0.779550969601
-0.595106124878,-0.144372403622,1.20457029343,0.0459306798875,-0.022449856624,-0.624891757965,-0.779035806656
-0.595335543156,-0.144062116742,1.20458471775,0.0458785630763,-0.0222800616175,-0.625758528709,-0.778347611427
-0.595645546913,-0.143654495478,1.20466125011,0.0462060645223,-0.022022632882,-0.627073645592,-0.777276396751
-0.595872700214,-0.143301621079,1.20464670658,0.0460578165948,-0.0224994234741,-0.627854883671,-0.776640713215
-0.595957100391,-0.142750456929,1.20488488674,0.0465716645122,-0.0223607160151,-0.629072368145,-0.775628268719
-0.596401512623,-0.142457664013,1.20477962494,0.0468177646399,-0.0216996148229,-0.629470467567,-0.775309145451
-0.596509873867,-0.141779363155,1.20512747765,0.0479983352125,-0.022524414584,-0.630697727203,-0.7742151618
-0.596922278404,-0.141227155924,1.2052012682,0.0470470190048,-0.0241729840636,-0.631186485291,-0.773825526237
-0.596582949162,-0.140866354108,1.20510745049,0.0491208359599,-0.0200299378484,-0.633040547371,-0.772298812866
-0.596798181534,-0.140391036868,1.20518147945,0.0496403239667,-0.0201026722789,-0.63380241394,-0.771638810635
-0.59693312645,-0.139676466584,1.2051782608,0.0494558811188,-0.020199848339,-0.634940862656,-0.770711481571
-0.597222864628,-0.139164179564,1.20543241501,0.0500774048269,-0.0202955342829,-0.635831594467,-0.769934237003
-0.597603023052,-0.138651177287,1.20546543598,0.0506618954241,-0.0204237047583,-0.636353850365,-0.769460976124
-0.597607314587,-0.137984514236,1.2053771019,0.0501698292792,-0.0204293746501,-0.637286901474,-0.768720507622
-0.597788691521,-0.137390866876,1.20540213585,0.0502230785787,-0.0207939241081,-0.638166129589,-0.767977535725
-0.598074734211,-0.136797696352,1.20547389984,0.0502710826695,-0.0206742007285,-0.639226317406,-0.767095267773
-0.598213195801,-0.136185482144,1.20536327362,0.0496069192886,-0.0212152451277,-0.640266239643,-0.766256034374
-0.598619818687,-0.135420054197,1.2053745985,0.0500090867281,-0.0203353352845,-0.639924585819,-0.766539156437
-0.598893940449,-0.134745925665,1.20562148094,0.0509399659932,-0.0206291228533,-0.640790343285,-0.765746176243
-0.599185287952,-0.134039282799,1.2054746151,0.0505247674882,-0.0210694465786,-0.641597092152,-0.765085995197
-0.5994374156,-0.133274823427,1.20538663864,0.0500111691654,-0.0209713783115,-0.641888439655,-0.764877974987
-0.599387526512,-0.132361069322,1.20550739765,0.0505465269089,-0.0216448735446,-0.643234074116,-0.763692736626
-0.599597513676,-0.13167925179,1.2055182457,0.0505974926054,-0.0211008805782,-0.643566668034,-0.763424217701
-0.599768280983,-0.130606293678,1.20557129383,0.0503226257861,-0.0210142917931,-0.644431769848,-0.762714862823
-0.599859893322,-0.129665374756,1.20560789108,0.0505855642259,-0.02143214643,-0.645624935627,-0.761676073074
-0.599825978279,-0.12867128849,1.20572781563,0.0503547564149,-0.022380663082,-0.64658254385,-0.760851264
-0.600305616856,-0.127906426787,1.20580685139,0.0510755516589,-0.0217412188649,-0.646345674992,-0.761022925377
-0.600450575352,-0.126912102103,1.20572304726,0.050392549485,-0.0219017080963,-0.646943211555,-0.760555922985
-0.600546717644,-0.125770062208,1.20575296879,0.0507719740272,-0.0218245647848,-0.648167729378,-0.759489774704
-0.600686132908,-0.124792307615,1.20562636852,0.0500051639974,-0.0212208516896,-0.648811459541,-0.759007871151
-0.600693106651,-0.12366387248,1.20585882664,0.050334956497,-0.0218987632543,-0.649533390999,-0.758349180222
-0.600654602051,-0.122533366084,1.20585644245,0.0503895953298,-0.0221167430282,-0.650755822659,-0.757290422916
-0.600452721119,-0.121239334345,1.20598053932,0.0500952601433,-0.0229161716998,-0.652324616909,-0.755935132504
-0.601068198681,-0.120257467031,1.20612990856,0.0507277697325,-0.02242625691,-0.651129901409,-0.756936967373
-0.601019382477,-0.119106128812,1.20610451698,0.0506543144584,-0.0228872001171,-0.652413487434,-0.755822062492
-0.600914955139,-0.117882043123,1.20599114895,0.0492311567068,-0.022001568228,-0.653883159161,-0.75467145443
-0.600942015648,-0.116603970528,1.20595741272,0.0499233417213,-0.0226944405586,-0.653931498528,-0.754563689232
-0.600893437862,-0.115351237357,1.20637917519,0.0508063361049,-0.0238523930311,-0.654549241066,-0.753933191299
-0.600891172886,-0.114109918475,1.2061175108,0.0500407479703,-0.023471865803,-0.655009031296,-0.753596842289
-0.600946068764,-0.11273548007,1.20622777939,0.0506634302437,-0.0233645774424,-0.655173361301,-0.753415763378
-0.601034224033,-0.111428514123,1.20648646355,0.0514587312937,-0.0235661398619,-0.655350625515,-0.753201425076
-0.601004302502,-0.109985470772,1.20625472069,0.0508977361023,-0.0234550498426,-0.655616104603,-0.753012001514
-0.600637495518,-0.108415186405,1.20639777184,0.0508020743728,-0.0243546552956,-0.656751334667,-0.751999795437
-0.600957512856,-0.106959983706,1.20631182194,0.0510175190866,-0.0237671211362,-0.655669271946,-0.752947747707
-0.601105332375,-0.105550333858,1.20670151711,0.0518584027886,-0.024203389883,-0.654920220375,-0.75352793932
-0.600911915302,-0.103973940015,1.20656239986,0.0516904853284,-0.0245290938765,-0.655370950699,-0.753137111664
-0.600935697556,-0.102401666343,1.20650708675,0.0513461455703,-0.0242515616119,-0.655340611935,-0.753196001053
-0.600915133953,-0.100751630962,1.2065833807,0.0515374839306,-0.0246988404542,-0.654830574989,-0.753611862659
-0.601113796234,-0.0992203205824,1.20677268505,0.0514161661267,-0.0239818226546,-0.654603719711,-0.753840327263
-0.600973904133,-0.0974941328168,1.20665419102,0.0517732016742,-0.0244202744216,-0.654032468796,-0.754297494888
-0.600888490677,-0.0957228541374,1.20680713654,0.0523612089455,-0.0250459834933,-0.653735876083,-0.75449359417
-0.600899517536,-0.0939804911613,1.20685315132,0.0525786392391,-0.0252103023231,-0.653138697147,-0.754989862442
-0.601038217545,-0.092175245285,1.20705938339,0.0532887242734,-0.025148563087,-0.652431070805,-0.755553841591
-0.601357102394,-0.0905157029629,1.20733642578,0.0533042512834,-0.024344606325,-0.653507888317,-0.754648029804
-0.601288974285,-0.088607929647,1.20724129677,0.05419293046,-0.0249211061746,-0.650879979134,-0.756833791733
-0.601377367973,-0.0866933092475,1.20734214783,0.0545009076595,-0.0249396469444,-0.650587081909,-0.757062852383
-0.60138553381,-0.0848323553801,1.20772004128,0.0557110756636,-0.0254974327981,-0.650146603584,-0.757334589958
-0.601574718952,-0.0827952027321,1.2078088522,0.0563750453293,-0.0255201980472,-0.649509251118,-0.757831394672
-0.601774692535,-0.0808750092983,1.20779883862,0.0567575804889,-0.0250820480287,-0.64897954464,-0.758271157742
-0.601833641529,-0.0787914097309,1.20806884766,0.0577719435096,-0.0251879878342,-0.648522436619,-0.758582055569
-0.601929008961,-0.0766401067376,1.20820021629,0.0582585372031,-0.0251540597528,-0.648647487164,-0.758438944817
-0.602169334888,-0.0745429694653,1.20842075348,0.0591993518174,-0.0253872573376,-0.648007273674,-0.758905589581
-0.602406203747,-0.0722938552499,1.20846533775,0.0595146492124,-0.0251805018634,-0.647380828857,-0.759422183037
-0.602476775646,-0.0702699124813,1.20854258537,0.0606146156788,-0.0255930777639,-0.646823763847,-0.75979590416
-0.602785229683,-0.0681199282408,1.2086340189,0.0610771179199,-0.0254384689033,-0.646979153156,-0.759631872177
-0.602619707584,-0.0658186376095,1.208568573,0.0605406165123,-0.025571456179,-0.647469878197,-0.759252071381
-0.60321611166,-0.0637939721346,1.20843553543,0.0618818365037,-0.0248035117984,-0.646695971489,-0.759828805923
-0.603575527668,-0.061473056674,1.20851659775,0.0625936836004,-0.0252013765275,-0.646655142307,-0.759792208672
-0.603418707848,-0.0591325424612,1.20869541168,0.0634614899755,-0.0259297769517,-0.647421300411,-0.759042799473
-0.60401982069,-0.0570920966566,1.20863032341,0.0644355267286,-0.0250301230699,-0.646402239799,-0.759859025478
-0.604372322559,-0.0548071563244,1.2086224556,0.0647797361016,-0.0258208364248,-0.646228730679,-0.759950816631
-0.604751646519,-0.0525409840047,1.20880937576,0.0664554014802,-0.0253814645112,-0.645643591881,-0.760318398476
-0.605018913746,-0.0502687804401,1.20860946178,0.0670159086585,-0.0252026114613,-0.646041572094,-0.759936928749
-0.605367064476,-0.0479490160942,1.2084710598,0.0674907341599,-0.0248704738915,-0.645874381065,-0.760047852993
-0.605663478374,-0.0457358621061,1.20864057541,0.0688543692231,-0.0254036355764,-0.64626032114,-0.759579777718
-0.606167376041,-0.0433100275695,1.2086468935,0.0697825625539,-0.0252699609846,-0.64547264576,-0.760168969631
-0.60652166605,-0.0409872196615,1.20849776268,0.0705674365163,-0.0250787455589,-0.645699679852,-0.759910106659
-0.606905519962,-0.0386367067695,1.20856654644,0.0714908316731,-0.0255609899759,-0.645875394344,-0.759658277035
-0.607111632824,-0.036243006587,1.20836257935,0.071572355926,-0.0256943758577,-0.646496772766,-0.759117424488
-0.608099758625,-0.034268297255,1.20830488205,0.07115252316,-0.0236605573446,-0.648674190044,-0.757363498211
-0.608428537846,-0.0315130986273,1.20828008652,0.0717734545469,-0.0274500846863,-0.645712435246,-0.759704351425
-0.608842670918,-0.0292195565999,1.20804750919,0.0725033208728,-0.0270018577576,-0.646167457104,-0.759264051914
-0.609254479408,-0.0268693678081,1.20809197426,0.0734282806516,-0.0275463853031,-0.646139740944,-0.759179115295
-0.60966026783,-0.0244790241122,1.20806372166,0.0740711390972,-0.0273925606161,-0.646471858025,-0.758839428425
-0.610225439072,-0.021910417825,1.20823776722,0.0750257670879,-0.0293086636811,-0.647124826908,-0.758117198944
-0.610287547112,-0.0196762941778,1.20811498165,0.0756145268679,-0.0287507679313,-0.648250102997,-0.757118046284
-0.610794901848,-0.0174014046788,1.20801687241,0.076644167304,-0.0279552061111,-0.647962391376,-0.757290661335
-0.611069500446,-0.0150394365191,1.20792651176,0.0771066993475,-0.0292627178133,-0.649221420288,-0.756114959717
-0.611450076103,-0.0127223469317,1.20792758465,0.0779656693339,-0.0294781625271,-0.649717628956,-0.755592226982
-0.611989676952,-0.0104863345623,1.20733141899,0.077486589551,-0.0285794902593,-0.650139451027,-0.75531321764
-0.612526714802,-0.00826923921704,1.2075959444,0.0783506035805,-0.0287763047963,-0.649834156036,-0.755479216576
-0.613058567047,-0.00602643191814,1.20710098743,0.0771602615714,-0.0270078796893,-0.654081106186,-0.751993894577
-0.613159120083,-0.0034842826426,1.20739972591,0.0797686353326,-0.0291165839881,-0.651605188847,-0.75379049778
-0.613687634468,-0.00129153579473,1.20723009109,0.0800656378269,-0.0287651885301,-0.651883065701,-0.753532111645
-0.613572716713,0.000835001468658,1.20728206635,0.0820182338357,-0.027713989839,-0.653666436672,-0.75181466341
-0.614405989647,0.00319768488407,1.20723676682,0.0837493911386,-0.026100743562,-0.65920740366,-0.746826946735
-0.614222407341,0.00557567179203,1.20710325241,0.0836617797613,-0.027509406209,-0.655537068844,-0.750010073185
-0.614657878876,0.00777193531394,1.20709788799,0.0847355797887,-0.0278358198702,-0.656172692776,-0.749321460724
-0.614942252636,0.0101583264768,1.20698606968,0.0860115736723,-0.0284196082503,-0.65794724226,-0.747596025467
-0.616072893143,0.0121638551354,1.2067207098,0.084393337369,-0.0301347859204,-0.656375110149,-0.749093770981
-0.616217136383,0.0144014488906,1.20663785934,0.085965283215,-0.0307796318084,-0.658314585686,-0.747184455395
-0.617089748383,0.0163957178593,1.20663261414,0.0859621688724,-0.0291394200176,-0.660997331142,-0.744878590107
-0.617095053196,0.0187059491873,1.20605909824,0.0848825052381,-0.0293094981462,-0.662549376488,-0.743615686893
-0.617331147194,0.021004313603,1.206335783,0.0882193222642,-0.0315603278577,-0.659959375858,-0.74543607235
-0.617625653744,0.0230545625091,1.20613908768,0.0881797000766,-0.0325955711305,-0.660895824432,-0.744566082954
-0.61787468195,0.0252930950373,1.20601272583,0.0893312618136,-0.0320319831371,-0.661892533302,-0.743567287922
-0.618363380432,0.0275109689683,1.20596396923,0.0894092619419,-0.0336156152189,-0.662356257439,-0.743074953556
-0.618520855904,0.0295087881386,1.20584440231,0.0904865637422,-0.0328904762864,-0.663074851036,-0.742335677147
-0.618394374847,0.0314458236098,1.20579969883,0.0923775359988,-0.0311614219099,-0.664653837681,-0.740763545036
-0.618466615677,0.0335219651461,1.20539879799,0.091706700623,-0.0311565343291,-0.666041731834,-0.739599704742
-0.619093000889,0.0354069620371,1.20569109917,0.0916600897908,-0.0303367245942,-0.669160842896,-0.736818790436
-0.618991076946,0.0377002991736,1.20494997501,0.0920458957553,-0.0313214510679,-0.667547821999,-0.738191366196
-0.619277834892,0.0396629422903,1.20507371426,0.0931223034859,-0.0317653529346,-0.667947649956,-0.7376755476
-0.619867622852,0.0415084436536,1.20518732071,0.0922073200345,-0.0306545365602,-0.671218752861,-0.734862983227
-0.619706988335,0.0439090877771,1.20558547974,0.0955294296145,-0.0336515791714,-0.66975659132,-0.73564106226
-0.620416641235,0.0456919036806,1.20544266701,0.0941548272967,-0.0323959700763,-0.672412872314,-0.733448326588
-0.620420753956,0.0477072820067,1.20556282997,0.095157533884,-0.0329375825822,-0.672354161739,-0.733348548412
-0.620897889137,0.0496277436614,1.20541369915,0.0954407900572,-0.0327893681824,-0.671798825264,-0.73382717371
-0.621206521988,0.0513785891235,1.20510661602,0.0954262763262,-0.0324405580759,-0.672999083996,-0.732743918896
-0.62135463953,0.0535346455872,1.20512485504,0.0959083810449,-0.0330821573734,-0.673470795155,-0.732218742371
-0.621556937695,0.0554809160531,1.20492172241,0.0958908349276,-0.0330113098025,-0.674040436745,-0.731699824333
-0.621737897396,0.0574260875583,1.20471155643,0.0959378108382,-0.0330530107021,-0.675197303295,-0.730624496937
-0.621881365776,0.0594418011606,1.20457994938,0.0974566563964,-0.0339018777013,-0.675002157688,-0.730564773083
-0.622054159641,0.0613350719213,1.20430886745,0.0972563028336,-0.0340202748775,-0.675765931606,-0.729879677296
-0.622624516487,0.0632184818387,1.20491611958,0.0982813164592,-0.0339868403971,-0.677173316479,-0.728438079357
-0.622400581837,0.0653081461787,1.20476830006,0.0980424359441,-0.034595772624,-0.679247558117,-0.726507842541
-0.622655749321,0.0672015473247,1.20472621918,0.0982175841928,-0.0346350744367,-0.680173635483,-0.72561532259
-0.622643649578,0.0691800266504,1.20429706573,0.0988979786634,-0.0353452265263,-0.680054366589,-0.725600540638
-0.623525440693,0.0707428976893,1.20405817032,0.097918651998,-0.0331928580999,-0.683873832226,-0.72223752737
-0.623352825642,0.0726584270597,1.20400834084,0.0979625359178,-0.0339081957936,-0.682470202446,-0.723524749279
-0.623371481895,0.074699729681,1.20328211784,0.0963413640857,-0.0334327220917,-0.686952769756,-0.719511449337
-0.623504221439,0.0765803009272,1.20362746716,0.0968524739146,-0.0343639962375,-0.686927556992,-0.719422996044
-0.623846054077,0.0784238651395,1.20368361473,0.0983121171594,-0.0343241877854,-0.68851852417,-0.717703819275
-0.623649716377,0.080298140645,1.20303177834,0.0964346379042,-0.0341456159949,-0.687883794308,-0.718575298786
-0.623958289623,0.0821472853422,1.20362901688,0.0982160717249,-0.0349958837032,-0.688029408455,-0.718153595924
-0.624406456947,0.0836832672358,1.20351207256,0.0984675884247,-0.0346224978566,-0.688267767429,-0.717908740044
-0.624393701553,0.0856788828969,1.20304989815,0.0986969396472,-0.0353886820376,-0.687992990017,-0.718103289604
-0.624489605427,0.0873600766063,1.2029582262,0.0988831147552,-0.0352543219924,-0.688886642456,-0.717227041721
-0.624813377857,0.089098714292,1.20337462425,0.10021057725,-0.0357218645513,-0.689171075821,-0.716746151447
-0.624442815781,0.0910755470395,1.20326864719,0.0997619330883,-0.0365957915783,-0.690982103348,-0.715018928051
-0.624468326569,0.0926732420921,1.20270764828,0.0965478122234,-0.0356837548316,-0.692464351654,-0.714071631432
-0.625149667263,0.0941325575113,1.20309591293,0.0982511416078,-0.0355796553195,-0.691379547119,-0.714895129204
-0.625180006027,0.095910847187,1.20279586315,0.0991921871901,-0.0365480668843,-0.6915615201,-0.714540362358
-0.625176370144,0.0975417643785,1.20258414745,0.0989121198654,-0.0367291606963,-0.691992402077,-0.714152574539
-0.625354886055,0.0991069823503,1.20217716694,0.0976887643337,-0.0362190939486,-0.692299306393,-0.714049577713
-0.625406563282,0.10080254823,1.20239186287,0.0984898284078,-0.0374017134309,-0.692626714706,-0.713560938835
-0.625123977661,0.102579578757,1.20226430893,0.0983332395554,-0.0385748594999,-0.694033503532,-0.712151885033
-0.625212311745,0.10415443778,1.20207118988,0.0977413058281,-0.038417968899,-0.694533467293,-0.711754024029
-0.625244915485,0.105677589774,1.20163679123,0.0969251990318,-0.0382450483739,-0.695277750492,-0.71114808321
-0.62548738718,0.107184320688,1.20191788673,0.0983866080642,-0.0388703681529,-0.695256769657,-0.710934102535
-0.625579416752,0.108590245247,1.20173120499,0.0982355475426,-0.0389969535172,-0.695559263229,-0.710652112961
-0.625951528549,0.109880939126,1.2013771534,0.0978598594666,-0.0385582223535,-0.695145845413,-0.711132228374
-0.626246213913,0.111187905073,1.20136404037,0.0982880443335,-0.0390998721123,-0.6949390769,-0.711245656013
-0.626373708248,0.112580001354,1.20134401321,0.0972786620259,-0.0383019782603,-0.695997655392,-0.7103921175
-0.626358091831,0.113961696625,1.20112061501,0.0985962972045,-0.0391586571932,-0.695548057556,-0.710604250431
-0.62655210495,0.115214377642,1.20098137856,0.0988930240273,-0.0390581376851,-0.695603132248,-0.710514545441
-0.626573443413,0.116567566991,1.20090425014,0.098900385201,-0.0394176542759,-0.695824027061,-0.710277438164
-0.626318275928,0.118104077876,1.20075976849,0.0988690406084,-0.040277056396,-0.696945905685,-0.709132552147
-0.626691818237,0.11909442395,1.20061564445,0.0991099029779,-0.0394947603345,-0.696170985699,-0.70990383625
-0.626467704773,0.120472997427,1.20050144196,0.0989607572556,-0.0404195375741,-0.69709020853,-0.708969891071
-0.626528441906,0.12169316411,1.20050513744,0.0992208719254,-0.0405012145638,-0.697268903255,-0.708753168583
-0.626865386963,0.122577548027,1.20027589798,0.0990494266152,-0.0397874750197,-0.696463823318,-0.709608495235
-0.626557409763,0.123944856226,1.20023775101,0.0989081412554,-0.0404077544808,-0.697547495365,-0.708528161049
-0.626499712467,0.125169783831,1.2001619339,0.0988602042198,-0.0408455021679,-0.697687149048,-0.708372056484
-0.626899898052,0.125986546278,1.20001792908,0.0990311950445,-0.0401549674571,-0.696713387966,-0.709345459938
-0.626908481121,0.127078905702,1.19994044304,0.0990381985903,-0.0400949157774,-0.696502864361,-0.709554493427
-0.62682890892,0.128098785877,1.19983160496,0.0986747741699,-0.0401805266738,-0.696634173393,-0.709471344948
-0.6268055439,0.129100561142,1.19980561733,0.0990110784769,-0.0406515710056,-0.696451663971,-0.709576964378
-0.626388132572,0.13041369617,1.19973039627,0.0984541028738,-0.0414806045592,-0.697558760643,-0.708518147469
-0.626585423946,0.131133019924,1.19960081577,0.0983480289578,-0.0407274439931,-0.696578145027,-0.709540426731
-0.62652772665,0.132046252489,1.19958591461,0.0983566716313,-0.0408710949123,-0.69655841589,-0.709550440311
-0.626410245895,0.132991477847,1.19948577881,0.0978424623609,-0.0408741496503,-0.696590781212,-0.709589719772
-0.625834167004,0.134061843157,1.19927489758,0.0968375653028,-0.0412060841918,-0.697810530663,-0.708508968353
-0.626123726368,0.134661540389,1.19919633865,0.0969117805362,-0.0405108444393,-0.696640014648,-0.709689855576
-0.625700294971,0.135805085301,1.1995357275,0.097509123385,-0.0417671948671,-0.697481989861,-0.708707630634
-0.62557965517,0.136600255966,1.1994279623,0.0969646200538,-0.0417997725308,-0.697360217571,-0.708900272846
-0.625399708748,0.137397915125,1.19946992397,0.0970529615879,-0.0418418832123,-0.697263121605,-0.70898103714
-0.625564694405,0.137923464179,1.19937050343,0.0966968908906,-0.0413312092423,-0.696557283401,-0.709753096104
-0.625044047832,0.138949871063,1.19941091537,0.0961804762483,-0.041897226125,-0.697713315487,-0.708653688431
-0.624931514263,0.139609932899,1.19939744473,0.096197463572,-0.0418627820909,-0.69767922163,-0.708687186241
-0.624658882618,0.140340641141,1.1994549036,0.0961675792933,-0.0421112366021,-0.697943389416,-0.708416104317
-0.624819397926,0.14073087275,1.19925379753,0.0957906246185,-0.041232407093,-0.697054386139,-0.709393560886
-0.624671876431,0.141379058361,1.1992431879,0.0951614901423,-0.0411784872413,-0.696831643581,-0.709700107574
-0.624498724937,0.141962736845,1.1991417408,0.0945716649294,-0.0414248853922,-0.696601986885,-0.709990084171
-0.624276041985,0.142666995525,1.19916534424,0.0949636474252,-0.041193626821,-0.696632266045,-0.709921419621
-0.624102592468,0.143270730972,1.19922482967,0.0948393717408,-0.041106980294,-0.696709513664,-0.709867298603
-0.623907387257,0.143919169903,1.19920885563,0.0947762131691,-0.0408348329365,-0.696756660938,-0.709845125675
-0.623776733875,0.1445132792,1.19919216633,0.0946866497397,-0.0405989959836,-0.696742355824,-0.70988458395
-0.623618125916,0.145165145397,1.19914090633,0.0944081395864,-0.0406070537865,-0.696590006351,-0.710070729256
-0.623125135899,0.145876973867,1.19914221764,0.0940728262067,-0.0411482639611,-0.696981191635,-0.70970004797
-0.623047590256,0.14641533792,1.19910228252,0.0939036756754,-0.0409582927823,-0.696689724922,-0.71001970768
-0.623241305351,0.146623849869,1.19896364212,0.0937592163682,-0.0403479039669,-0.695512235165,-0.711227118969
-0.622679829597,0.147420972586,1.19898247719,0.0934917032719,-0.0404554083943,-0.696385145187,-0.710401713848
-0.622538328171,0.14794267714,1.19897210598,0.0938598513603,-0.040303952992,-0.695918858051,-0.710818469524
-0.622387647629,0.148509144783,1.19891893864,0.0936522558331,-0.0402466356754,-0.695502758026,-0.71125626564
-0.622681796551,0.148684516549,1.19880521297,0.0922486782074,-0.0385520458221,-0.694921433926,-0.712101101875
-0.62254846096,0.149129286408,1.19872045517,0.0919383466244,-0.0382421910763,-0.694648206234,-0.712424457073
-0.621982872486,0.149870425463,1.19854986668,0.0927566811442,-0.0394002757967,-0.694583535194,-0.712318360806
-0.621822953224,0.150340110064,1.19839119911,0.0923097729683,-0.0395885743201,-0.694120168686,-0.71281760931
-0.621650516987,0.150750458241,1.19791805744,0.0910231396556,-0.0388983264565,-0.694078147411,-0.71306180954
-0.621810734272,0.150941342115,1.19778478146,0.0910823568702,-0.0379230678082,-0.693154811859,-0.714004337788
-0.621699392796,0.151383057237,1.19769358635,0.0909419059753,-0.0373574458063,-0.692972421646,-0.714229106903
-0.62122875452,0.151948362589,1.19765615463,0.0909015834332,-0.0378415882587,-0.693594396114,-0.71360450983
-0.621495902538,0.152020826936,1.1975402832,0.0897120013833,-0.0362137705088,-0.6931681633,-0.714253544807
-0.621194899082,0.152503833175,1.19741547108,0.0911988466978,-0.0370916128159,-0.691476583481,-0.715658426285
-0.621141195297,0.152762934566,1.19729447365,0.0908786505461,-0.0367275588214,-0.691181361675,-0.716003060341
-0.621348977089,0.153051763773,1.19789171219,0.0913436636329,-0.0362379252911,-0.692132651806,-0.715049147606
-0.621195018291,0.153324887156,1.19786071777,0.0915043056011,-0.036158118397,-0.692127943039,-0.715037405491
-0.62112647295,0.153606176376,1.19787633419,0.0917997285724,-0.0359776318073,-0.691969156265,-0.715162277222
-0.620791614056,0.154089108109,1.19738543034,0.0924504473805,-0.0366658493876,-0.690568983555,-0.716395974159
-0.620710909367,0.1543815732,1.19734716415,0.0926646515727,-0.0365946255624,-0.69020730257,-0.716720342636
-0.620523095131,0.154590427876,1.19731116295,0.0926419347525,-0.03626595065,-0.689989924431,-0.716949045658
-0.620465874672,0.154957741499,1.19715368748,0.0922655835748,-0.0360623821616,-0.68987351656,-0.71711987257
-0.620456278324,0.15524686873,1.19696819782,0.0918876975775,-0.0356204509735,-0.690334737301,-0.71674656868
-0.620396196842,0.155525684357,1.19701993465,0.0922185406089,-0.0354957096279,-0.69014942646,-0.716888725758
-0.620081543922,0.155952692032,1.19703662395,0.0919452384114,-0.0364111885428,-0.690717279911,-0.716330826283
-0.619795978069,0.156345188618,1.19704496861,0.0923802554607,-0.036331307143,-0.690032482147,-0.716938734055
-0.619750797749,0.156573310494,1.19726336002,0.0931897610426,-0.0364449173212,-0.689461708069,-0.717377126217
-0.61963570118,0.156875282526,1.19727241993,0.0932044237852,-0.0363390557468,-0.689126312733,-0.717702746391
-0.619505405426,0.157207101583,1.19721198082,0.0928925722837,-0.036054816097,-0.68884152174,-0.718030810356
-0.619270384312,0.157411515713,1.19667518139,0.0910933241248,-0.0353331267834,-0.689008712769,-0.718136906624
-0.619250893593,0.157636061311,1.19726657867,0.0927469357848,-0.035867869854,-0.688458919525,-0.718425810337
-0.619476854801,0.15762335062,1.19722187519,0.0926244333386,-0.034929279238,-0.687176167965,-0.71971487999
-0.619764626026,0.157796621323,1.19719779491,0.0910103693604,-0.0332804843783,-0.690258920193,-0.717044055462
-0.619611442089,0.157985448837,1.1971321106,0.0907849371433,-0.0329672843218,-0.69007062912,-0.717268228531
-0.618912577629,0.158319756389,1.19638836384,0.0901451185346,-0.0338029935956,-0.686597824097,-0.720634877682
-0.619222760201,0.158448114991,1.19708275795,0.0902744308114,-0.0329440645874,-0.688491106033,-0.718849897385
-0.618548929691,0.158649906516,1.19579493999,0.0882401019335,-0.0328295864165,-0.686221778393,-0.721273481846
-0.6186196208,0.158760339022,1.19576239586,0.0868461802602,-0.0311904568225,-0.687381803989,-0.72041028738
-0.618322968483,0.158948838711,1.19574964046,0.0881260335445,-0.0326594412327,-0.685404777527,-0.722071707249
-0.617852985859,0.159256011248,1.19585263729,0.0862192362547,-0.0323545895517,-0.687229990959,-0.720579147339
-0.618042051792,0.159175351262,1.19615089893,0.0873209759593,-0.0319438539445,-0.685988783836,-0.721646666527
-0.6175391078,0.159600421786,1.19631397724,0.087783433497,-0.0320564731956,-0.68678021431,-0.720832526684
-0.617327332497,0.159707248211,1.1959862709,0.0869265794754,-0.0313128568232,-0.686894834042,-0.720859766006
-0.617121040821,0.159842476249,1.19633197784,0.0894401222467,-0.0322897955775,-0.685550808907,-0.721788048744
-0.616943717003,0.159910663962,1.19635415077,0.0897002592683,-0.0319622009993,-0.685311079025,-0.721997976303
-0.616703391075,0.160094350576,1.19629335403,0.0894721448421,-0.0318645350635,-0.685222685337,-0.722114264965
-0.616870343685,0.160013079643,1.19617927074,0.0894357934594,-0.0308601520956,-0.684254825115,-0.723079681396
-0.616601586342,0.160047337413,1.19602680206,0.088915169239,-0.0304699148983,-0.684387147427,-0.723035335541
-0.616392433643,0.160126194358,1.1956089735,0.0876095592976,-0.0296351816505,-0.684433043003,-0.723185837269
-0.616202294827,0.160024836659,1.19575834274,0.0879468843341,-0.0294275674969,-0.684163212776,-0.723408639431
-0.615909099579,0.160046935081,1.19569838047,0.0874947234988,-0.0292875673622,-0.68390750885,-0.723711073399
-0.615766406059,0.160034552217,1.1957577467,0.0858103558421,-0.0281926393509,-0.68458211422,-0.723318099976
-0.615604162216,0.16009619832,1.19584679604,0.0861082673073,-0.0279381070286,-0.684841930866,-0.723046660423
-0.615454852581,0.160021185875,1.19587552547,0.0859357267618,-0.028060240671,-0.684410750866,-0.723470509052
-0.615177989006,0.160057768226,1.19590425491,0.0858732461929,-0.0279952846467,-0.684189081192,-0.723690152168
-0.61503046751,0.160119473934,1.19623756409,0.0868249982595,-0.0275260340422,-0.685000479221,-0.722826480865
-0.614465892315,0.160195335746,1.19618189335,0.0860304608941,-0.0279110763222,-0.683020174503,-0.72477799654
-0.614130437374,0.160172373056,1.19608414173,0.085619866848,-0.0276722703129,-0.682839274406,-0.725006341934
-0.613873541355,0.160178765655,1.1960927248,0.0856714993715,-0.0277203768492,-0.683104753494,-0.724748075008
-0.613713741302,0.160065531731,1.19633471966,0.0858277976513,-0.0287536978722,-0.682503938675,-0.72525537014
-0.613409340382,0.160015895963,1.19647789001,0.0861244425178,-0.0287440754473,-0.682249724865,-0.725459754467
-0.612976968288,0.159982427955,1.1965007782,0.085622087121,-0.0288467463106,-0.681452453136,-0.72626388073
-0.612663388252,0.159843936563,1.19651639462,0.0853173211217,-0.0293143168092,-0.680947363377,-0.72675460577
-0.612360477448,0.159903153777,1.19654119015,0.0856457054615,-0.0287829227746,-0.681337594986,-0.726371467113
-0.612491309643,0.159962296486,1.19657421112,0.0845655947924,-0.0306705012918,-0.680351734161,-0.727344036102
-0.612390816212,0.159924671054,1.19652533531,0.0844430103898,-0.0302899200469,-0.681787073612,-0.726029038429
-0.611617326736,0.160000398755,1.19657695293,0.0837614834309,-0.0307152513415,-0.67919844389,-0.728512227535
-0.611340582371,0.15996709466,1.19640398026,0.0831591188908,-0.030461281538,-0.679519414902,-0.72829246521
-0.61118710041,0.159920871258,1.19639956951,0.0829090178013,-0.0300588905811,-0.680162668228,-0.727737188339
-0.61045306921,0.159830331802,1.19600963593,0.0814885869622,-0.0299295019358,-0.678324699402,-0.729615867138
-0.610117256641,0.159806132317,1.19599807262,0.0810469016433,-0.0299822837114,-0.677886068821,-0.730070531368
-0.609633386135,0.159834370017,1.19595754147,0.0817794203758,-0.0310333482921,-0.676152586937,-0.731550931931
-0.609436094761,0.159758597612,1.1959246397,0.0816292390227,-0.0309081766754,-0.675428628922,-0.73224157095
-0.609324991703,0.15972815454,1.19604039192,0.0809890925884,-0.0323646478355,-0.674750506878,-0.732874512672
-0.608825564384,0.159581780434,1.19600951672,0.0809701606631,-0.0315149500966,-0.67442637682,-0.733211994171
-0.608597993851,0.15954105556,1.19621062279,0.0795270204544,-0.0307453107089,-0.674845337868,-0.733017146587
-0.608214914799,0.159560039639,1.19609165192,0.0787998512387,-0.0307903662324,-0.674495220184,-0.733415722847
-0.607755362988,0.159737542272,1.1961119175,0.0782031714916,-0.0313437767327,-0.674524307251,-0.733429431915
-0.607449710369,0.159719467163,1.19604992867,0.0777376741171,-0.0313347354531,-0.67412006855,-0.733850836754
-0.607016086578,0.159729987383,1.19606351852,0.0771774575114,-0.031655523926,-0.673604786396,-0.73436909914
-0.60674071312,0.159724146128,1.1960041523,0.0766369402409,-0.0316930115223,-0.673130273819,-0.734859287739
-0.606491148472,0.159790337086,1.19599103928,0.0761706084013,-0.0318843387067,-0.672685027122,-0.735306918621
-0.606218934059,0.159774750471,1.19599854946,0.0759439915419,-0.0320350527763,-0.672049641609,-0.735904633999
-0.605970203876,0.1597571522,1.19603776932,0.0756857842207,-0.0321131162345,-0.671543002129,-0.736390054226
-0.606097698212,0.159572139382,1.19598078728,0.0755745396018,-0.0314300246537,-0.670156240463,-0.737693250179
-0.605840146542,0.159570619464,1.19594347477,0.0753808617592,-0.031504381448,-0.669845163822,-0.737992286682
-0.605566859245,0.159491360188,1.19591403008,0.075050406158,-0.0315773822367,-0.669537186623,-0.738302230835
-0.605162620544,0.159779891372,1.19592547417,0.0739551335573,-0.0334249474108,-0.67003762722,-0.737877488136
-0.604941368103,0.159933507442,1.1958823204,0.0736786350608,-0.0333684384823,-0.669899106026,-0.738033354282
-0.604790985584,0.159865051508,1.19590067863,0.0734052881598,-0.0337769724429,-0.669602394104,-0.738311171532
-0.604624390602,0.159870117903,1.19594061375,0.0734188333154,-0.0339550077915,-0.669282317162,-0.738591849804
-0.604410409927,0.15986828506,1.19594907761,0.0730549842119,-0.0340575128794,-0.66891503334,-0.738956034184
-0.60400146246,0.159822434187,1.19595599174,0.0737055242062,-0.0327411144972,-0.669122040272,-0.738763332367
-0.603965699673,0.159683063626,1.19598829746,0.0734875649214,-0.0323480777442,-0.670089244843,-0.737925231457
-0.603826165199,0.159733086824,1.19591915607,0.0754290148616,-0.0330560132861,-0.666811227798,-0.740662276745
-0.603649377823,0.159735009074,1.19584548473,0.075112618506,-0.0330016538501,-0.666682898998,-0.740812301636
-0.602983117104,0.159684062004,1.19585931301,0.0761280059814,-0.0312294326723,-0.667164564133,-0.740351855755
-0.602825939655,0.1596429497,1.19585502148,0.0759984254837,-0.0311851091683,-0.667029976845,-0.740488111973
-0.602668881416,0.159556612372,1.19586110115,0.0760091692209,-0.0310164000839,-0.666873455048,-0.740635216236
-0.602500617504,0.159641772509,1.19591462612,0.076075643301,-0.0309841111302,-0.666844069958,-0.740656077862
-0.60257089138,0.159355908632,1.1959104538,0.076227851212,-0.0301914401352,-0.665957450867,-0.741470634937
-0.602149069309,0.159488737583,1.19594013691,0.0758244767785,-0.0308530069888,-0.666646778584,-0.740864992142
-0.601979970932,0.159428656101,1.19594836235,0.0756131187081,-0.0307031720877,-0.666470468044,-0.741051495075
-0.601827502251,0.159337297082,1.19595909119,0.0755706056952,-0.0306377336383,-0.666388988495,-0.741131782532
-0.601674973965,0.159150853753,1.19591236115,0.0752139240503,-0.0305564086884,-0.666185677052,-0.741354167461
-0.601549327374,0.159083902836,1.19593584538,0.0751479268074,-0.0305593553931,-0.666149616241,-0.74139291048
-0.601418614388,0.15901812911,1.19596457481,0.0750745385885,-0.0305787120014,-0.666135430336,-0.741412401199
-0.601296663284,0.158908620477,1.19600844383,0.0750553235412,-0.0305320136249,-0.666067302227,-0.741477549076
-0.601264357567,0.15878406167,1.19605529308,0.0748350396752,-0.0308958478272,-0.665846943855,-0.741682589054
-0.601148366928,0.158698707819,1.19611239433,0.0748331770301,-0.0308495052159,-0.665758550167,-0.741764068604
-0.601166665554,0.158604711294,1.1962928772,0.0735944658518,-0.0302490498871,-0.666898608208,-0.740888178349
-0.601033747196,0.158419728279,1.19636547565,0.07366335392,-0.0298818796873,-0.66667085886,-0.741101145744
-0.600790023804,0.158417567611,1.19630968571,0.0735822245479,-0.0293948296458,-0.666806221008,-0.741006731987
-0.600458323956,0.158396795392,1.1961619854,0.0743844360113,-0.0300131104887,-0.66567671299,-0.741916894913
-0.60030579567,0.158306792378,1.19618082047,0.0742832571268,-0.0299419630319,-0.665522098541,-0.742068707943
-0.600110173225,0.158122256398,1.19621384144,0.0744178891182,-0.0295381564647,-0.665600180626,-0.74200129509
-0.600142776966,0.157723426819,1.19628310204,0.0731199458241,-0.0283770747483,-0.666596412659,-0.741280972958
-0.599886417389,0.157697588205,1.19640159607,0.0746953338385,-0.0293567683548,-0.665460824966,-0.742105662823
-0.599863946438,0.157533988357,1.19646048546,0.0733114629984,-0.0284377634525,-0.666576445103,-0.741277575493
-0.599771857262,0.157530754805,1.19645130634,0.07325771451,-0.0282238889486,-0.666510939598,-0.741350054741
-0.599461078644,0.157574683428,1.19654619694,0.0731673762202,-0.0286473408341,-0.667065024376,-0.740844249725
-0.599305212498,0.157477796078,1.1965430975,0.0729551315308,-0.0286752693355,-0.667150139809,-0.740787446499
-0.599245727062,0.157143771648,1.19654083252,0.072711057961,-0.0289847869426,-0.666894316673,-0.74102973938
-0.599058330059,0.157075300813,1.19657874107,0.0730502977967,-0.0285596139729,-0.666923701763,-0.740986287594
-0.598884284496,0.156995713711,1.19648170471,0.072701305151,-0.0283547267318,-0.66706854105,-0.740898132324
-0.59874778986,0.156845256686,1.19643592834,0.0722460150719,-0.0285362638533,-0.667044043541,-0.740957856178
-0.598442137241,0.156851187348,1.19642996788,0.0733311399817,-0.0294677689672,-0.665823400021,-0.741912007332
-0.598419964314,0.156649544835,1.19647037983,0.073685310781,-0.0290433578193,-0.665561914444,-0.742128133774
-0.598104774952,0.156727597117,1.19640409946,0.0734246447682,-0.028746213764,-0.666106462479,-0.741676986217
-0.597588002682,0.15686956048,1.19642341137,0.072844594717,-0.0294643398374,-0.667234480381,-0.740691363811
-0.597508728504,0.156867697835,1.19637024403,0.0726175382733,-0.0292450375855,-0.667214512825,-0.740740299225
-0.597402095795,0.156649827957,1.19646155834,0.0713114216924,-0.0285473503172,-0.668729126453,-0.739527642727
-0.597275912762,0.156555712223,1.19650387764,0.0712692067027,-0.0285264737904,-0.668857336044,-0.739416539669
-0.597310721874,0.15630415082,1.1965072155,0.071323685348,-0.0280634388328,-0.668353736401,-0.739884257317
-0.596849858761,0.1564322263,1.19661986828,0.0711995139718,-0.0287969857454,-0.669365882874,-0.738952577114
-0.596777617931,0.156360298395,1.19662809372,0.0711227878928,-0.0285817831755,-0.669939100742,-0.738448560238
-0.596973776817,0.15624679625,1.19658946991,0.0710923448205,-0.02770980075,-0.669965207577,-0.738461017609
-0.596872985363,0.156024605036,1.19665753841,0.0712858065963,-0.0277001839131,-0.669898808002,-0.738502979279
-0.59676784277,0.15601208806,1.19679188728,0.0719219520688,-0.0276229530573,-0.670572280884,-0.737832605839
-0.596610605717,0.155896484852,1.19662773609,0.0713729634881,-0.0274555645883,-0.670714974403,-0.737762451172
-0.596188724041,0.156004026532,1.19667184353,0.0711935907602,-0.0280601736158,-0.672200679779,-0.73640370369
-0.596003890038,0.156125620008,1.19666028023,0.0710175484419,-0.0281875748187,-0.672505557537,-0.736137390137
-0.595876455307,0.156050652266,1.1966766119,0.0710074305534,-0.0282103642821,-0.672635257244,-0.736019134521
-0.595788061619,0.155791580677,1.19674181938,0.0712096989155,-0.0281587801874,-0.672538280487,-0.736090123653
-0.595997691154,0.155546963215,1.1967227459,0.0713929235935,-0.0276325847954,-0.671740114689,-0.736820697784
-0.595545828342,0.155696228147,1.19679069519,0.0712362602353,-0.0283268578351,-0.67277264595,-0.735866844654
-0.59552782774,0.155619233847,1.19678747654,0.0713065713644,-0.0281228162348,-0.672610521317,-0.736015975475
-0.595386326313,0.155564337969,1.196808815,0.0713142007589,-0.0280942469835,-0.672727525234,-0.73590940237
-0.595491111279,0.155321717262,1.19692802429,0.0718840584159,-0.0279020853341,-0.672125279903,-0.736411333084
-0.595377266407,0.155266433954,1.19692337513,0.0718167424202,-0.0278879385442,-0.672207415104,-0.736343562603
-0.59505289793,0.155389592052,1.19690871239,0.0714846402407,-0.0282166339457,-0.672915041447,-0.735716700554
-0.594779670238,0.155340865254,1.19694125652,0.0714415460825,-0.0284193437546,-0.673343718052,-0.735320866108
-0.594624519348,0.155308902264,1.19694542885,0.0714430883527,-0.0283071175218,-0.673421978951,-0.735253334045
-0.59450095892,0.155259653926,1.1969679594,0.0714072287083,-0.028393054381,-0.673462986946,-0.735216081142
-0.594384014606,0.155202746391,1.19697368145,0.0713252201676,-0.0284078177065,-0.673479795456,-0.735207915306
-0.59426087141,0.155157104135,1.19697797298,0.0712512806058,-0.0283763166517,-0.673550546169,-0.735151410103
-0.593852818012,0.155337810516,1.19697248936,0.0707641541958,-0.0290100742131,-0.671926319599,-0.736658632755
-0.593819856644,0.155289560556,1.1968896389,0.0705073624849,-0.0287329033017,-0.6718121171,-0.736798167229
-0.59392362833,0.155180498958,1.19702768326,0.0710320919752,-0.028385354206,-0.673321664333,-0.735382020473
-0.593809366226,0.154816508293,1.19693255424,0.0707213208079,-0.0282878894359,-0.67111492157,-0.737430095673
-0.593770802021,0.154866009951,1.19706845284,0.0707581490278,-0.0280491393059,-0.672397136688,-0.736266672611
-0.593660593033,0.154825791717,1.19706821442,0.0706111490726,-0.0281270015985,-0.672473669052,-0.736207902431
-0.593566060066,0.154771178961,1.19707465172,0.0707827657461,-0.028225839138,-0.672534942627,-0.7361317873
-0.59347307682,0.154724851251,1.19708883762,0.0707133486867,-0.0282315127552,-0.672605574131,-0.736073553562
-0.593392014503,0.154684394598,1.19708251953,0.0706641301513,-0.028217099607,-0.672675788403,-0.736014664173
-0.593192994595,0.15472240746,1.19707083702,0.0707500353456,-0.028610419482,-0.671729028225,-0.736855506897
-0.593251049519,0.154561713338,1.19711720943,0.0706924051046,-0.0281497519463,-0.672704219818,-0.735988557339
-0.593062400818,0.154577553272,1.19710445404,0.0708392634988,-0.0285583157092,-0.671750962734,-0.736828923225
-0.593005597591,0.154531523585,1.19711863995,0.070836737752,-0.0285396855325,-0.671798050404,-0.736786961555
-0.592913389206,0.154489398003,1.19706821442,0.0706771612167,-0.0284130498767,-0.671896159649,-0.736717700958
-0.592828392982,0.154412195086,1.19709944725,0.0707568377256,-0.0284683424979,-0.671939194202,-0.73666870594
-0.592706739902,0.154461354017,1.19710385799,0.0706039369106,-0.0285661350936,-0.67224752903,-0.736398160458
-0.592829167843,0.154238909483,1.19712197781,0.0705610886216,-0.0280433986336,-0.672956347466,-0.735774874687
-0.592695713043,0.154287055135,1.19714581966,0.070441365242,-0.0281987581402,-0.67329531908,-0.735470116138
-0.592635452747,0.154225021601,1.19716346264,0.0704670771956,-0.0280582383275,-0.673329532146,-0.735441803932
-0.592579424381,0.154202505946,1.19717812538,0.0704094916582,-0.0280722212046,-0.673408925533,-0.735374093056
-0.592489719391,0.154144689441,1.19719743729,0.0702444165945,-0.0281480737031,-0.673155426979,-0.735618889332
-0.592461109161,0.154049649835,1.19727730751,0.0704279914498,-0.0282268226147,-0.673074126244,-0.735672652721
-0.592400193214,0.154004439712,1.19728159904,0.0704056769609,-0.0282770078629,-0.673056483269,-0.735689103603
-0.592364490032,0.1539388448,1.19728350639,0.0703114494681,-0.028289468959,-0.673049747944,-0.735703885555
-0.592378735542,0.153805017471,1.19726490974,0.0699170604348,-0.0286239292473,-0.672883272171,-0.735880613327
-0.592458844185,0.153744727373,1.19726014137,0.0699403360486,-0.0285698156804,-0.67257463932,-0.736162662506
-0.592485189438,0.153519496322,1.19727599621,0.0701366961002,-0.0282879918814,-0.672223985195,-0.736475110054
-0.592376768589,0.1535192132,1.19730639458,0.070277184248,-0.0279389359057,-0.672319531441,-0.736387848854
-0.592329978943,0.153436169028,1.19731044769,0.070179887116,-0.0279411897063,-0.672254264355,-0.736456751823
-0.592319846153,0.153431370854,1.19733262062,0.0701006874442,-0.0281254723668,-0.672193229198,-0.736512720585
-0.592287480831,0.153328984976,1.19730472565,0.0700144022703,-0.0280064605176,-0.672100007534,-0.736610651016
-0.592262208462,0.153274819255,1.19730889797,0.0699801445007,-0.0280617978424,-0.672014951706,-0.736689448357
-0.592249512672,0.153072625399,1.19735395908,0.069757565856,-0.02803517133,-0.672091603279,-0.736641466618
-0.592078089714,0.153073772788,1.19733703136,0.0696428716183,-0.0285915210843,-0.672259390354,-0.736477971077
-0.592152059078,0.153042346239,1.19731485844,0.069820612669,-0.0284578874707,-0.673000574112,-0.735789060593
-0.592141330242,0.152936756611,1.1973143816,0.0697720199823,-0.0284840203822,-0.672927975655,-0.735858976841
-0.592132270336,0.152868062258,1.19731223583,0.0697345733643,-0.0285112075508,-0.672853767872,-0.735929369926
-0.59212988615,0.152778998017,1.19730091095,0.0696894675493,-0.0284182354808,-0.672805964947,-0.735980987549
-0.591795623302,0.152957499027,1.19736909866,0.0698934197426,-0.0291557461023,-0.673422276974,-0.735368728638
-0.591582298279,0.152698248625,1.19737482071,0.0706748440862,-0.0303984265774,-0.670543015003,-0.737870752811
-0.591907262802,0.152564510703,1.19743478298,0.0700183063745,-0.0293901637197,-0.673046588898,-0.735691487789
-0.591897428036,0.152419224381,1.19739949703,0.0700640976429,-0.0290419142693,-0.672986268997,-0.735756278038
-0.591915667057,0.152353659272,1.19740259647,0.0700575709343,-0.0290543437004,-0.67294049263,-0.735798180103
-0.592067182064,0.152226954699,1.19735467434,0.0698604360223,-0.0288813114166,-0.670470714569,-0.738074719906
-0.592088758945,0.152165994048,1.19735610485,0.0698203667998,-0.0289131756872,-0.670454621315,-0.738092005253
-0.59205442667,0.152058690786,1.1973798275,0.0698196142912,-0.0290449056774,-0.670577704906,-0.73797506094
-0.592111945152,0.152087882161,1.19736731052,0.0697611346841,-0.0290383473039,-0.670524537563,-0.738029181957
-0.592142701149,0.152014166117,1.1973644495,0.0697256103158,-0.0290478300303,-0.670491397381,-0.73806232214
-0.592381417751,0.151840865612,1.19737434387,0.0700322315097,-0.028681339696,-0.669852435589,-0.738627433777
-0.592621564865,0.151744738221,1.19738197327,0.0703686624765,-0.0282418504357,-0.671450793743,-0.737159848213
-0.592491567135,0.151658788323,1.19738090038,0.0701318606734,-0.0285697672516,-0.669613599777,-0.73883908987
-0.592608511448,0.151700764894,1.1973824501,0.070183172822,-0.0284913759679,-0.671676337719,-0.736962497234
-0.592660844326,0.151770055294,1.19742560387,0.0701965987682,-0.0285968128592,-0.671657681465,-0.736973941326
-0.592720508575,0.151489675045,1.19745135307,0.0704052373767,-0.0285395383835,-0.671416699886,-0.737175881863
-0.592843413353,0.151583492756,1.19736742973,0.0701528117061,-0.0283330194652,-0.671210289001,-0.737395882607
-0.592901647091,0.151294782758,1.19739508629,0.0702791064978,-0.0282274819911,-0.670984983444,-0.737592935562
-0.592911422253,0.151429831982,1.19730365276,0.0699413046241,-0.0281631015241,-0.671172082424,-0.737457215786
-0.592851996422,0.151163861156,1.19726157188,0.0697953402996,-0.0282043423504,-0.671340763569,-0.737315893173
-0.592733025551,0.151274263859,1.1972849369,0.0696126744151,-0.0285399705172,-0.671804070473,-0.736898183823
-0.593146026134,0.150869503617,1.19725513458,0.0700433701277,-0.0276585407555,-0.670707702637,-0.737888991833
-0.593084156513,0.150659129024,1.19727253914,0.0696309357882,-0.0276726558805,-0.670116424561,-0.738464355469
-0.593078792095,0.150642335415,1.19727051258,0.0695492327213,-0.0277748461813,-0.670240342617,-0.738355815411
-0.593045473099,0.150773823261,1.19729650021,0.0696370303631,-0.0281997900456,-0.669798433781,-0.738732397556
-0.593127310276,0.150511667132,1.19730210304,0.0696569308639,-0.028131891042,-0.669619143009,-0.738895654678
-0.593180298805,0.150591701269,1.19727563858,0.069486156106,-0.028116075322,-0.669691681862,-0.738846600056
-0.593182861805,0.150547221303,1.19727027416,0.0693568438292,-0.028182707727,-0.669414877892,-0.739106893539
-0.593250334263,0.150469809771,1.19725418091,0.0692440196872,-0.028253544122,-0.669357478619,-0.739166796207
-0.593379259109,0.150307312608,1.1972515583,0.0693054273725,-0.0281150750816,-0.669108688831,-0.739391505718
-0.593253791332,0.150379627943,1.19729924202,0.0691087543964,-0.0286273881793,-0.669694840908,-0.738859474659
-0.593297839165,0.150319114327,1.19728696346,0.069034807384,-0.0286348611116,-0.669744610786,-0.738820970058
-0.593333125114,0.150201737881,1.19730377197,0.0691616758704,-0.0285244155675,-0.669746160507,-0.738811969757
-0.593387663364,0.150143906474,1.19731450081,0.0692108869553,-0.028538800776,-0.669753611088,-0.738800168037
-0.593566894531,0.150004804134,1.19731473923,0.0690568685532,-0.0280892178416,-0.670754134655,-0.737923502922
-0.593624174595,0.149932920933,1.19732749462,0.0691362097859,-0.0281641595066,-0.670782625675,-0.737887382507
-0.593691825867,0.149884402752,1.19733393192,0.0691402032971,-0.0281258616596,-0.670847535133,-0.737829387188
-0.593791604042,0.149860054255,1.19733023643,0.0690968185663,-0.0281640440226,-0.670802652836,-0.737872719765
-0.593868494034,0.149800345302,1.19732379913,0.0691185593605,-0.0281025189906,-0.670873522758,-0.737808585167
-0.594063997269,0.149785429239,1.19730246067,0.0697122886777,-0.0280217658728,-0.671840846539,-0.73687505722
-0.594212949276,0.149637341499,1.19727432728,0.0694316625595,-0.0283510871232,-0.671635568142,-0.737076222897
-0.594274878502,0.149585813284,1.19727313519,0.0694126859307,-0.0283339004964,-0.67165517807,-0.73706060648
-0.594247341156,0.149777308106,1.19727289677,0.0694575384259,-0.0280570164323,-0.672070264816,-0.736688494682
-0.594119668007,0.149718746543,1.19716215134,0.0688290372491,-0.0283196866512,-0.670920789242,-0.737784385681
-0.594352662563,0.149667710066,1.19713330269,0.068989880383,-0.0279217455536,-0.672192633152,-0.736626088619
-0.594411373138,0.14962734282,1.19711756706,0.0688614696264,-0.0278834719211,-0.67225921154,-0.736578643322
-0.594481289387,0.14957998693,1.19711387157,0.068913474679,-0.0278725717217,-0.67233723402,-0.736502945423
-0.59434145689,0.149579823017,1.19711351395,0.0686565712094,-0.0282866340131,-0.670960903168,-0.737765312195
-0.594339609146,0.149608522654,1.19711339474,0.0685583427548,-0.0283955410123,-0.671223163605,-0.737531542778
-0.594434440136,0.149379149079,1.19713616371,0.0687350779772,-0.02834126167,-0.671162009239,-0.737573087215
-0.594488024712,0.149358704686,1.19713115692,0.0687065050006,-0.0283500403166,-0.67128688097,-0.73746162653
-0.594581186771,0.149286612868,1.19715428352,0.0688449218869,-0.0282995495945,-0.67126840353,-0.73746740818
-0.59477353096,0.149179294705,1.19717144966,0.0685528963804,-0.0277720782906,-0.672316253185,-0.736559689045
-0.594846487045,0.149131894112,1.19718313217,0.0688451677561,-0.0277886465192,-0.672418475151,-0.736438453197
-0.595166504383,0.14891923964,1.19718813896,0.0692431032658,-0.0271860957146,-0.671818912029,-0.736970722675
-0.594953358173,0.149113923311,1.19718062878,0.0691653713584,-0.0281423535198,-0.671462059021,-0.737267017365
-0.595112204552,0.149048283696,1.1971629858,0.0704534947872,-0.0284687317908,-0.670136451721,-0.738337934017
-0.595207095146,0.14894233644,1.19720768929,0.0687547028065,-0.0275179762393,-0.672761917114,-0.73614346981
-0.59545981884,0.148796230555,1.19721388817,0.069012850523,-0.0270823780447,-0.672299325466,-0.736557841301
-0.595520913601,0.148771673441,1.19721412659,0.0690458863974,-0.0270340163261,-0.672385752201,-0.736477613449
-0.595596075058,0.148753643036,1.19730186462,0.0692861899734,-0.027119776234,-0.672389745712,-0.736448287964
-0.595653355122,0.148738101125,1.19728863239,0.0692436397076,-0.0270879063755,-0.672489523888,-0.736362278461
-0.595700800419,0.148873567581,1.19726800919,0.0690876543522,-0.0271587409079,-0.672698736191,-0.736183226109
-0.595621287823,0.148984581232,1.19724607468,0.0687718093395,-0.0275793578476,-0.673199057579,-0.735739827156
-0.595707058907,0.148963913321,1.19731152058,0.0690121874213,-0.027656827122,-0.673217535019,-0.73569726944
-0.59577190876,0.148945719004,1.19729280472,0.0690180063248,-0.0276091657579,-0.673263370991,-0.735656678677
-0.595873057842,0.148762837052,1.19731032848,0.0691980496049,-0.0275436379015,-0.673101961613,-0.735789895058
-0.595929741859,0.148696511984,1.19731152058,0.069194406271,-0.0275405328721,-0.673147320747,-0.735748767853
-0.59580552578,0.1489058882,1.19726157188,0.0707488879561,-0.0288777928799,-0.671172678471,-0.737351953983
-0.596085906029,0.148697435856,1.19730162621,0.0692696869373,-0.0275427494198,-0.673188626766,-0.735704004765
-0.596168398857,0.148680657148,1.19729709625,0.069314211607,-0.0275085121393,-0.673164248466,-0.735723257065
-0.596268177032,0.14862409234,1.19730091095,0.0695121586323,-0.0274445619434,-0.673492252827,-0.735406816006
-0.596355199814,0.148606956005,1.19736361504,0.0697599872947,-0.027526864782,-0.673466861248,-0.735403478146
-0.596420884132,0.14859290421,1.19738423824,0.0698577612638,-0.0275514554232,-0.673495292664,-0.735367238522
-0.596379339695,0.148723065853,1.19731616974,0.0699134245515,-0.0278886146843,-0.673170149326,-0.735647022724
-0.596507608891,0.148656874895,1.19730436802,0.0696550384164,-0.0275418814272,-0.673743724823,-0.735159218311
-0.596544504166,0.148838669062,1.19727838039,0.0695567205548,-0.0275871735066,-0.673980474472,-0.73494976759
-0.596643149853,0.148617997766,1.19730257988,0.0697772577405,-0.0274422727525,-0.673765778542,-0.735131144524
-0.596703708172,0.148588865995,1.19726884365,0.0697520822287,-0.0273810904473,-0.673830270767,-0.735076725483
-0.596765697002,0.148575156927,1.19726133347,0.0697556734085,-0.0273778643459,-0.673818051815,-0.735087692738
-0.596915602684,0.148488730192,1.19725120068,0.0698731020093,-0.0271912142634,-0.673622846603,-0.735262334347
-0.596971929073,0.148481816053,1.19723820686,0.0698851570487,-0.0271832030267,-0.673643171787,-0.735242843628
-0.597031533718,0.148469179869,1.19722604752,0.0698970109224,-0.0271603949368,-0.673628270626,-0.735256314278
-0.597128808498,0.148467078805,1.19723474979,0.0699049755931,-0.0272812955081,-0.673566043377,-0.735308051109
-0.597001135349,0.14860868454,1.19723284245,0.0697637498379,-0.0276372265071,-0.674090385437,-0.734827518463
-0.597257614136,0.148503452539,1.19722664356,0.0699211359024,-0.0272316019982,-0.673530995846,-0.735340356827
-0.597317874432,0.148497089744,1.19721007347,0.0699482709169,-0.0272311121225,-0.673521161079,-0.735346913338
-0.597226977348,0.14861574769,1.19715774059,0.069585159421,-0.0275100935251,-0.67394554615,-0.734981954098
-0.597294390202,0.148616537452,1.19716250896,0.0696192383766,-0.0274856835604,-0.673863530159,-0.735054850578
-0.597359538078,0.148613452911,1.19718647003,0.0697547867894,-0.0274960026145,-0.673845231533,-0.735058486462
-0.59743052721,0.148595482111,1.19717001915,0.069741807878,-0.0274504385889,-0.673775434494,-0.735125362873
-0.597461819649,0.148784041405,1.19713521004,0.0694892928004,-0.0275444202125,-0.67392039299,-0.735012888908
-0.597726106644,0.148372232914,1.19713616371,0.0698741450906,-0.0270565450191,-0.673096597195,-0.735749065876
-0.597600281239,0.148591905832,1.19714379311,0.069684073329,-0.0274045076221,-0.673668682575,-0.735230445862
-0.597529053688,0.14865745604,1.19713437557,0.0699427351356,-0.0278035420924,-0.67282307148,-0.735964715481
-0.597565293312,0.148868963122,1.19709587097,0.0697660893202,-0.0278168208897,-0.67292112112,-0.735891342163
-0.597513198853,0.148892521858,1.19711112976,0.0696442350745,-0.0280351024121,-0.67310333252,-0.735728025436
-0.597640037537,0.14878359437,1.19711399078,0.0693963766098,-0.0274261478335,-0.673898935318,-0.735045671463
-0.597687482834,0.148785963655,1.19711244106,0.0693547055125,-0.0273631196469,-0.673858523369,-0.73508900404
-0.59775441885,0.148774161935,1.19711041451,0.0693700313568,-0.0273145530373,-0.673712968826,-0.735222816467
-0.59825360775,0.148545071483,1.19704174995,0.0697559863329,-0.0264034811407,-0.672765374184,-0.736086785793
-0.598297655582,0.14857712388,1.19703829288,0.0697314813733,-0.0263942629099,-0.672769486904,-0.73608571291
-0.598343491554,0.148565024137,1.19704020023,0.0697911307216,-0.0263006463647,-0.672677218914,-0.736167728901
-0.598416090012,0.148587554693,1.19703996181,0.0698356628418,-0.0262515582144,-0.672615230083,-0.736221969128
-0.598469078541,0.148595228791,1.19704842567,0.0698899254203,-0.0262208413333,-0.672533035278,-0.736292779446
-0.598417818546,0.148655682802,1.19708108902,0.0698936954141,-0.0263742916286,-0.672739565372,-0.73609828949
-0.598576188087,0.148617982864,1.19705832005,0.069919846952,-0.0260916594416,-0.672440648079,-0.736378967762
-0.598533153534,0.148673385382,1.19708383083,0.0699011385441,-0.0262205582112,-0.672663450241,-0.736172676086
-0.598695099354,0.148641809821,1.1970692873,0.0699633657932,-0.0259389802814,-0.672371327877,-0.736443579197
-0.598665237427,0.148681238294,1.19707632065,0.0699355974793,-0.0260804425925,-0.672548055649,-0.736279904842
-0.598722398281,0.148691117764,1.19708573818,0.0699281990528,-0.0259793642908,-0.672481060028,-0.736345112324
-0.598882615566,0.148652419448,1.19706833363,0.0700071677566,-0.0256966296583,-0.672147870064,-0.73665189743
-0.598854780197,0.148705735803,1.1970872879,0.0700559020042,-0.0258524026722,-0.67242193222,-0.736391603947
-0.599018037319,0.148655772209,1.19707214832,0.0701063126326,-0.0255770348012,-0.672081410885,-0.736707210541
-0.598969519138,0.148704186082,1.19709765911,0.0700524672866,-0.0257077254355,-0.672303557396,-0.736505031586
-0.599032700062,0.148706614971,1.19709873199,0.070023983717,-0.0257030520588,-0.672228753567,-0.736576259136
-0.599144458771,0.148733466864,1.19709658623,0.0699630081654,-0.0256323199719,-0.672082185745,-0.736718177795
-0.599159777164,0.14847971499,1.19714677334,0.0699233263731,-0.0254127271473,-0.671889007092,-0.736905872822
-0.59924775362,0.148506611586,1.19713103771,0.0697823911905,-0.0253530237824,-0.671745538712,-0.737051963806
-0.599303722382,0.148508533835,1.19713044167,0.0697941482067,-0.0252953357995,-0.67171227932,-0.737083256245
-0.599331974983,0.148512840271,1.19701945782,0.0694339945912,-0.0250695943832,-0.671727955341,-0.737110614777
-0.599422514439,0.148526236415,1.19720840454,0.0699263513088,-0.0252561084926,-0.671579062939,-0.737193346024
-0.599555194378,0.148568272591,1.19718277454,0.0703191533685,-0.0251355823129,-0.672150552273,-0.736638963223
-0.599523246288,0.148506492376,1.19718873501,0.0697769224644,-0.0250010211021,-0.67154186964,-0.737250089645
-0.5995439291,0.148517638445,1.19711852074,0.0695290863514,-0.0248661413789,-0.671559214592,-0.737262308598
-0.599570274353,0.148757860065,1.19708287716,0.069318599999,-0.0248420406133,-0.671706736088,-0.737148463726
-0.599604725838,0.148760691285,1.1970564127,0.0692375972867,-0.0247804950923,-0.671658039093,-0.737202584743
-0.599800527096,0.148566007614,1.19706118107,0.0695126131177,-0.0241985861212,-0.671115338802,-0.737690091133
-0.599831998348,0.148567229509,1.19706225395,0.0695219188929,-0.0241760555655,-0.671061873436,-0.737738549709
-0.599836111069,0.148515552282,1.19705104828,0.0698150768876,-0.0244481209666,-0.671928882599,-0.736912369728
-0.599858283997,0.148717820644,1.19703483582,0.0696710497141,-0.0244539566338,-0.672083795071,-0.73678445816
-0.599930405617,0.148520171642,1.19706201553,0.0697954446077,-0.0243215374649,-0.671838521957,-0.737000763416
-0.599970221519,0.148520335555,1.19705224037,0.0697684064507,-0.0242415312678,-0.671817004681,-0.737025499344
-0.600019335747,0.148530751467,1.19704067707,0.06976223737,-0.024177160114,-0.671788871288,-0.737053930759
-0.600130796432,0.148573502898,1.19704449177,0.0699621886015,-0.0240871459246,-0.672194182873,-0.736668288708
-0.600195944309,0.148559063673,1.19703662395,0.069935053587,-0.0240062940866,-0.672110795975,-0.736749529839
-0.600417733192,0.148448348045,1.1970500946,0.0701877325773,-0.0234840177,-0.671666800976,-0.737147212029
-0.600446641445,0.148633003235,1.19702744484,0.0700752958655,-0.0235101655126,-0.671836495399,-0.737002372742
-0.60048866272,0.148651972413,1.19702088833,0.0700298622251,-0.0234260205179,-0.671855151653,-0.736992359161
-0.600545227528,0.148673802614,1.19705474377,0.0701441392303,-0.0234244354069,-0.671885251999,-0.736954152584
-0.600618064404,0.148661985993,1.19705414772,0.070102289319,-0.0233740992844,-0.671848833561,-0.736992955208
-0.600510120392,0.148762136698,1.19705688953,0.0699020698667,-0.0237002037466,-0.6723498106,-0.736544549465
-0.600564301014,0.148772522807,1.19706344604,0.0698957070708,-0.02363226749,-0.672346591949,-0.736550271511
-0.600710630417,0.148622483015,1.19707620144,0.0700095146894,-0.0234499592334,-0.672078192234,-0.736790239811
-0.600775182247,0.148620247841,1.19708824158,0.0700150802732,-0.0233997199684,-0.672098815441,-0.736772537231
-0.600796997547,0.148613154888,1.19709932804,0.0699543878436,-0.0234677698463,-0.672196924686,-0.736686587334
-0.60092318058,0.14862306416,1.19709467888,0.0699868127704,-0.0232814513147,-0.672094941139,-0.736782312393
-0.60098195076,0.148622393608,1.19709312916,0.0699674263597,-0.0232493076473,-0.672103941441,-0.73677700758
-0.601048707962,0.148616909981,1.19709706306,0.0700081586838,-0.0231974981725,-0.672155559063,-0.736727654934
-0.601029574871,0.148790627718,1.19710361958,0.0698497891426,-0.0232966598123,-0.672485589981,-0.736438512802
-0.601101994514,0.148766934872,1.19710290432,0.0698993057013,-0.0232239700854,-0.672575652599,-0.736353695393
-0.601158738136,0.1487724334,1.19711244106,0.0699051097035,-0.0232018511742,-0.672582089901,-0.736347973347
-0.601267457008,0.148774549365,1.19706165791,0.0698002651334,-0.0230200123042,-0.672514379025,-0.73642551899
-0.601285815239,0.148768171668,1.19708013535,0.0698402449489,-0.0230694878846,-0.672688007355,-0.736261546612
-0.601374745369,0.148769631982,1.19708168507,0.0698806717992,-0.023001017049,-0.672643482685,-0.736300528049
-0.601412892342,0.148762017488,1.19702768326,0.0697114467621,-0.022914333269,-0.672767579556,-0.736205935478
-0.601560175419,0.148741364479,1.1970397234,0.069396622479,-0.0236313529313,-0.672603905201,-0.736362457275
-0.60150206089,0.148460641503,1.19712436199,0.0692344009876,-0.0236404892057,-0.672066092491,-0.736868262291
-0.601533770561,0.148540914059,1.19709610939,0.0694123506546,-0.024006029591,-0.670958697796,-0.737848222256
-0.601601421833,0.148528128862,1.19709527493,0.0694166123867,-0.02397396788,-0.670974075794,-0.737834990025
-0.601786971092,0.148455172777,1.19707977772,0.0690643116832,-0.0234340168536,-0.671958804131,-0.736988663673
-0.601821064949,0.148404672742,1.19707143307,0.069089576602,-0.0234158542007,-0.671951770782,-0.736993312836
-0.601862967014,0.148602440953,1.19704222679,0.0688796266913,-0.0234184619039,-0.672176063061,-0.736808359623
-0.601759135723,0.148832157254,1.19706892967,0.0692835524678,-0.0238682627678,-0.674007058144,-0.73508143425
-0.601934909821,0.148829638958,1.19704556465,0.0693054497242,-0.0235732272267,-0.673719167709,-0.735352635384
-0.60200959444,0.148588210344,1.19706392288,0.0694765076041,-0.023461882025,-0.673572599888,-0.735474288464
-0.602068781853,0.148587137461,1.19705605507,0.0694576278329,-0.0234029721469,-0.673590242863,-0.735462009907
-0.602185547352,0.148432523012,1.19703292847,0.0690333545208,-0.0230590179563,-0.672647535801,-0.736374855042
-0.602259933949,0.148471921682,1.19702732563,0.069020524621,-0.0229923613369,-0.672654688358,-0.736371636391
-0.602336764336,0.148455202579,1.19703316689,0.0690827071667,-0.0229447949678,-0.672658860683,-0.736363589764
-0.602402329445,0.148449495435,1.19703722,0.0690785869956,-0.0228607114404,-0.672696352005,-0.73633223772
-0.602400004864,0.148524984717,1.19705700874,0.0693935081363,-0.0224874764681,-0.672871232033,-0.736154317856
-0.60245770216,0.148518815637,1.19705247879,0.0693578571081,-0.0224308818579,-0.672870099545,-0.73616039753
-0.602590799332,0.148441076279,1.19703054428,0.0691386014223,-0.0227610934526,-0.672718048096,-0.736310005188
-0.602575004101,0.148424342275,1.19699311256,0.0694470107555,-0.0219978503883,-0.672779321671,-0.736248075962
-0.602677941322,0.148492574692,1.19704210758,0.0694709196687,-0.0224501006305,-0.672762453556,-0.736247479916
-0.602742791176,0.148419886827,1.19706273079,0.0697365179658,-0.0221516527236,-0.672665834427,-0.736319720745
-0.602821707726,0.148422837257,1.1969717741,0.0695981904864,-0.0220668446273,-0.672678649426,-0.736323773861
-0.602944493294,0.148348152637,1.19696581364,0.0696786791086,-0.0218963697553,-0.672493815422,-0.736490011215
-0.602996647358,0.148341417313,1.19695830345,0.0696558207273,-0.0218488015234,-0.672503769398,-0.736484467983
-0.603051185608,0.148345261812,1.19695413113,0.0697708651423,-0.0218607764691,-0.672471344471,-0.736502945423
-0.60311293602,0.148348972201,1.19693207741,0.0697092190385,-0.0217475071549,-0.672517776489,-0.736469626427
-0.603151977062,0.148351639509,1.19692385197,0.0698045566678,-0.0216787420213,-0.672580182552,-0.736405670643
-0.603218197823,0.148345381021,1.19692873955,0.069896556437,-0.0216030627489,-0.672537505627,-0.73643809557
-0.603230535984,0.148509040475,1.19689261913,0.0697151571512,-0.0216188877821,-0.672759711742,-0.736251890659
-0.603280305862,0.148506164551,1.19690740108,0.0697653740644,-0.0215911064297,-0.672817528248,-0.736195087433
-0.60332685709,0.148506805301,1.19690513611,0.069842338562,-0.0215658582747,-0.672794818878,-0.736209213734
-0.603373944759,0.148496419191,1.1968985796,0.0697974413633,-0.0214982442558,-0.672838807106,-0.736175358295
-0.603441417217,0.148405000567,1.19690108299,0.0698639824986,-0.0215234290808,-0.672786712646,-0.736215889454
-0.603492796421,0.14841490984,1.19690775871,0.0699781551957,-0.0215007308871,-0.672813773155,-0.736180961132
-0.603502810001,0.148611605167,1.19688653946,0.0698382109404,-0.0215476304293,-0.67304956913,-0.735977351665
