Fx,Fy,Fz,Tx,Ty,Tz
-0.0251040892675508,-0.20670414865055,-1.1429511517313,-0.012857587484624,-0.0348495382039658,0.134348296063613
-0.0740876780822508,-0.30445585548905,-0.8794465571673,-0.027362034132724,-0.0339093522323658,0.135051504212113
-0.0495958836749508,-0.25558000206955,-0.6159419626023,-0.036427312007224,-0.0320289821519158,0.134348296063613
-0.0740876780822508,-0.18226621449055,-0.6159419626023,-0.038240369817224,-0.0329691671921658,0.137161136108113
-0.0985794724896508,-0.15782828032955,-0.3524373978403,-0.044586062839324,-0.0310887961803558,0.135754716085912
-0.147563061304551,-0.0356386542325501,-0.4841896504193,-0.048212174734124,-0.0292084256342258,0.135051504212113
-0.0495958836749508,0.13542688488945,-0.4841896504193,-0.046399120649324,-0.0357897232441658,0.135754716085912
-0.0740876780822508,0.23317856192545,-0.3524373978403,-0.048212174734124,-0.0320289821519158,0.132941876041412
-0.123071266897051,0.28205443024645,-0.3524373978403,-0.053651344439024,-0.0320289821519158,0.129425824123113
-0.0251040892675508,0.45311993956545,-0.4841896504193,-0.061810095271124,-0.0339093522323658,0.125909772204813
-0.0740876780822508,0.47755784392345,-0.4841896504193,-0.069062319060824,-0.0301486111401158,0.122393724011913
-0.172054855711551,-0.86652820706355,0.1745718508887,-0.042773008754524,0.0112195446000342,0.0429309797163125
-0.123071266897051,-0.42664550021315,-0.0889327734712999,-0.020109810343024,0.0065186193989341,0.0527759198720125
-0.123071266897051,-0.32889378592395,-0.2206850856573,-0.048212174734124,0.0083989894793341,0.0703561729441125
-0.0006122948601508,0.0865509867664498,-0.2206850856573,-0.040053423902024,-0.0010028646482658,0.0766850639755425
-0.0251040892675508,-0.0112007200715502,-0.0889327734712999,-0.040053423902024,0.0018176923350341,0.0682465419794125
0.0238794995471492,0.0865509867664498,-0.2206850856573,-0.040053423902024,-0.0057037917120658,0.0675433319683125
-0.0985794724896508,0.13542688488945,-0.4841896504193,-0.037333842774824,-0.0066439767523658,0.0724658039088125
-0.172054855711551,0.81968886256145,-0.8794465571673,-0.044586062839324,-0.0179262009604458,0.120284092115813
-0.0495958836749508,0.99075431228145,-0.7476942747863,-0.052744817396624,-0.0207467572453058,0.117471252071313
-0.0251040892675508,0.86856467128145,-0.6159419626023,-0.040959954669724,-0.0179262009604458,0.104110259997313
-0.0006122948601508,0.0621130824084499,-0.2206850856573,-0.044586062839324,-0.0094645328043658,0.0773882739866725
-0.0006122948601508,0.0132372140884499,-0.0889327734712999,-0.040053423902024,-0.0066439767523658,0.0703561729441125
0.0483712939545492,0.15986478924745,-0.2206850856573,-0.029175090080124,-0.0075841617925658,0.0703561729441125
-0.0740876780822508,-0.15782828032955,-0.0889327734712999,-0.023735922237924,-0.0010028646482658,0.0605112318570125
-0.0740876780822508,-0.42664550021315,0.0428194791087,-0.023735922237924,0.0083989894793341,0.0471502397830125
-0.0985794724896508,-0.52439721822755,0.3063241034687,-0.015577171405824,0.0074588044391341,0.0387117159242125
-0.0495958836749508,-0.42664550021315,0.3063241034687,-0.018296754395624,0.0074588044391341,0.0415245596940125
0.0483712939545492,-0.10895242691055,0.3063241034687,-0.019203283300624,0.0074588044391341,0.0436341878647125
-0.0251040892675508,-0.0112007200715502,0.1745718508887,-0.019203283300624,0.0083989894793341,0.0457438197608125
-0.0251040892675508,0.40424407124545,-0.0889327734712999,-0.017390227353224,-0.0028832347287658,0.0619176518793125
0.0728630883619492,0.40424407124545,-0.0889327734712999,-0.014670643432124,-0.0028832347287658,0.0752786439533125
0.293289230577449,0.77081305384145,-0.3524373978403,0.001646859046986,-0.0057037917120658,0.0401181359465125
0.268797443620449,0.59974748492245,-0.2206850856573,0.005272970592586,-0.0075841617925658,0.0316796158130125
0.268797443620449,0.64862341285145,-0.3524373978403,0.006179498566296,-0.0141654598681758,0.0316796158130125
0.268797443620449,0.57530958056445,-0.3524373978403,0.003459914877996,-0.0085243468327658,0.0344924558575125
0.244305656664449,0.47755784392345,-0.3524373978403,-0.0001661967840239,-0.0057037917120658,0.0358988758797125
0.146338479034449,0.40424407124545,-0.4841896504193,0.005272970592586,0.0008775072948341,0.0260539357240125
0.0728630883619492,0.37980616688745,-0.2206850856573,0.005272970592586,0.0008775072948341,0.0323828276867125
-0.0006122948601508,0.28205443024645,0.1745718508887,-0.012857587484624,-6.26796080658229e-05,0.0605112318570125
0.146338479034449,0.42868197560245,0.3063241034687,-0.0010727246995279,0.0046382474558341,0.0408213478202125
0.219813854806449,0.42868197560245,-0.0889327734712999,0.009805609995476,0.0055784343586341,0.0246475157017125
0.170830265991449,0.52643371224345,0.0428194791087,0.005272970592586,0.0027578773753341,0.0351956677312125
0.0483712939545492,0.28205443024645,0.1745718508887,-0.0037923084460439,0.0065186193989341,0.0485566598053125
0.121846677176449,0.25761652588845,0.3063241034687,-0.0001661967840239,0.0036980624155341,0.0464470279092125
0.0973548827694492,0.28205443024645,0.3063241034687,0.003459914877996,0.0065186193989341,0.0373052959020125
0.0973548827694492,0.35536820292445,0.1745718508887,0.009805609995476,-0.0019430496884658,0.0337892477090125
-0.0006122948601508,0.13542688488945,0.4380763560487,0.007992554048056,-0.0057037917120658,0.0366020877535125
-0.123071266897051,0.23317856192545,0.1745718508887,0.003459914877996,-6.26796080658229e-05,0.0450406078870125
-0.0985794724896508,0.0621130824084499,0.4380763560487,0.006179498566296,0.0008775072948341,0.0373052959020125
-0.123071266897051,0.0376751482484499,0.3063241034687,0.005272970592586,0.0036980624155341,0.0358988758797125
-0.172054855711551,0.0132372140884499,0.4380763560487,0.006179498566296,0.0027578773753341,0.0380085077757125
-0.123071266897051,0.0621130824084499,0.4380763560487,0.004366442618876,-0.0019430496884658,0.0422277678425125
-0.0985794724896508,0.0865509867664498,0.5698287278387,0.004366442618876,-6.26796080658229e-05,0.0401181359465125
-0.0495958836749508,0.13542688488945,0.5698287278387,0.007086026540006,-6.26796080658229e-05,0.0380085077757125
-0.0495958836749508,0.18430269360545,0.4380763560487,0.005272970592586,0.0018176923350341,0.0380085077757125
-0.0495958836749508,0.15986478924745,0.5698287278387,0.005272970592586,-0.0010028646482658,0.0401181359465125
-0.0740876780822508,0.18430269360545,0.4380763560487,0.005272970592586,0.0027578773753341,0.0373052959020125
0.0238794995471492,0.25761652588845,0.4380763560487,0.007086026540006,-0.0010028646482658,0.0373052959020125
0.0483712939545492,0.18430269360545,0.4380763560487,0.007992554048056,-0.0038234197689658,0.0373052959020125
-0.0740876780822508,0.25761652588845,0.1745718508887,0.004366442618876,-0.0010028646482658,0.0436341878647125
-0.123071266897051,0.11098892092645,0.5698287278387,0.004366442618876,0.0018176923350341,0.0401181359465125
-0.0740876780822508,0.0621130824084499,0.5698287278387,0.007086026540006,0.0027578773753341,0.0380085077757125
-0.0495958836749508,0.0865509867664498,0.5698287278387,0.005272970592586,0.0008775072948341,0.0387117159242125
-0.172054855711551,0.0376751482484499,0.4380763560487,0.003459914877996,0.0018176923350341,0.0422277678425125
-0.0495958836749508,0.11098892092645,0.5698287278387,0.004366442618876,0.0008775072948341,0.0394149277980125
-0.0740876780822508,0.23317856192545,0.4380763560487,0.006179498566296,0.0008775072948341,0.0394149277980125
-0.0495958836749508,0.15986478924745,0.5698287278387,0.004366442618876,0.0018176923350341,0.0394149277980125
-0.0495958836749508,0.18430269360545,0.4380763560487,0.006179498566296,0.0008775072948341,0.0387117159242125
-0.0251040892675508,0.20874065756745,0.5698287278387,0.006179498566296,0.0018176923350341,0.0373052959020125
0.0238794995471492,0.20874065756745,0.5698287278387,0.007086026540006,-0.0019430496884658,0.0373052959020125
-0.0740876780822508,0.20874065756745,0.4380763560487,0.005272970592586,0.0018176923350341,0.0387117159242125
-0.0251040892675508,0.18430269360545,0.4380763560487,0.004366442618876,-6.26796080658229e-05,0.0422277678425125
-0.0740876780822508,0.13542688488945,0.5698287278387,0.006179498566296,0.0008775072948341,0.0401181359465125
-0.123071266897051,0.11098892092645,0.5698287278387,0.004366442618876,0.0027578773753341,0.0415245596940125
-0.0985794724896508,0.0621130824084499,0.5698287278387,0.004366442618876,0.0008775072948341,0.0415245596940125
-0.0985794724896508,0.0865509867664498,0.7015809804187,0.006179498566296,0.0027578773753341,0.0401181359465125
-0.0740876780822508,0.13542688488945,0.5698287278387,0.004366442618876,0.0018176923350341,0.0408213478202125
-0.0495958836749508,0.18430269360545,0.5698287278387,0.005272970592586,0.0008775072948341,0.0401181359465125
-0.0006122948601508,0.20874065756745,0.4380763560487,0.006179498566296,-0.0019430496884658,0.0387117159242125
-0.0006122948601508,0.23317856192545,0.5698287278387,0.005272970592586,-0.0019430496884658,0.0401181359465125
-0.0251040892675508,0.20874065756745,0.5698287278387,0.005272970592586,-0.0019430496884658,0.0394149277980125
-0.0251040892675508,0.18430269360545,0.7015809804187,0.005272970592586,-0.0010028646482658,0.0394149277980125
-0.0740876780822508,0.15986478924745,0.5698287278387,0.005272970592586,0.0018176923350341,0.0387117159242125
-0.0740876780822508,0.20874065756745,0.5698287278387,0.004366442618876,-6.26796080658229e-05,0.0394149277980125
-0.0740876780822508,0.13542688488945,0.7015809804187,0.005272970592586,0.0008775072948341,0.0401181359465125
-0.0495958836749508,0.11098892092645,0.7015809804187,0.004366442618876,-6.26796080658229e-05,0.0394149277980125
-0.0740876780822508,0.0621130824084499,0.7015809804187,0.004366442618876,0.0027578773753341,0.0394149277980125
-0.0740876780822508,0.0621130824084499,0.8333333522087,0.004366442618876,0.0018176923350341,0.0401181359465125
-0.0495958836749508,0.0865509867664498,0.4380763560487,0.004366442618876,0.0008775072948341,0.0422277678425125
-0.0251040892675508,0.20874065756745,0.7015809804187,0.005272970592586,-0.0010028646482658,0.0408213478202125
-0.0740876780822508,0.25761652588845,0.5698287278387,0.005272970592586,-0.0019430496884658,0.0408213478202125
-0.0006122948601508,0.23317856192545,0.7015809804187,0.005272970592586,-0.0019430496884658,0.0415245596940125
-0.0251040892675508,0.25761652588845,0.7015809804187,0.006179498566296,-6.26796080658229e-05,0.0415245596940125
-0.0495958836749508,0.20874065756745,0.5698287278387,0.004366442618876,0.0008775072948341,0.0394149277980125
-0.0251040892675508,0.18430269360545,0.5698287278387,0.006179498566296,-0.0010028646482658,0.0387117159242125
0.0238794995471492,0.18430269360545,0.5698287278387,0.003459914877996,0.0008775072948341,0.0422277678425125
-0.0495958836749508,0.13542688488945,0.8333333522087,0.005272970592586,0.0008775072948341,0.0415245596940125
-0.0740876780822508,0.13542688488945,0.7015809804187,0.003459914877996,0.0018176923350341,0.0408213478202125
-0.0740876780822508,0.0376751482484499,0.7015809804187,0.004366442618876,0.0027578773753341,0.0401181359465125
-0.0740876780822508,0.0865509867664498,0.7015809804187,0.004366442618876,0.0018176923350341,0.0401181359465125
-0.0740876780822508,0.11098892092645,0.7015809804187,0.004366442618876,0.0008775072948341,0.0401181359465125
-0.0495958836749508,0.18430269360545,0.5698287278387,0.003459914877996,0.0008775072948341,0.0422277678425125
0.0238794995471492,0.25761652588845,0.3063241034687,0.005272970592586,-6.26796080658229e-05,0.0394149277980125
-0.0006122948601508,0.33093029856645,0.4380763560487,0.005272970592586,-0.0019430496884658,0.0394149277980125
-0.0251040892675508,0.33093029856645,0.5698287278387,0.004366442618876,-0.0019430496884658,0.0415245596940125
-0.0006122948601508,0.35536820292445,0.5698287278387,0.004366442618876,-0.0019430496884658,0.0380085077757125
-0.0006122948601508,0.30649233460445,0.4380763560487,0.005272970592586,-0.0019430496884658,0.0380085077757125
0.0483712939545492,0.33093029856645,0.3063241034687,0.004366442618876,-0.0010028646482658,0.0415245596940125
-0.0251040892675508,0.25761652588845,0.3063241034687,0.003459914877996,0.0008775072948341,0.0401181359465125
-0.0006122948601508,0.28205443024645,0.3063241034687,0.004366442618876,-0.0010028646482658,0.0394149277980125
-0.0251040892675508,0.25761652588845,0.4380763560487,0.004366442618876,0.0008775072948341,0.0380085077757125
-0.0251040892675508,0.18430269360545,0.4380763560487,0.004366442618876,-0.0010028646482658,0.0394149277980125
0.0238794995471492,0.20874065756745,0.4380763560487,0.005272970592586,-0.0028832347287658,0.0401181359465125
-0.0495958836749508,0.25761652588845,0.5698287278387,0.003459914877996,0.0008775072948341,0.0387117159242125
-0.0251040892675508,0.28205443024645,0.5698287278387,0.005272970592586,-6.26796080658229e-05,0.0387117159242125
0.0238794995471492,0.30649233460445,0.7015809804187,0.006179498566296,-0.0038234197689658,0.0394149277980125
-0.0006122948601508,0.23317856192545,0.5698287278387,0.003459914877996,-6.26796080658229e-05,0.0387117159242125
0.0483712939545492,0.23317856192545,0.5698287278387,0.003459914877996,-0.0028832347287658,0.0387117159242125
-0.0006122948601508,0.15986478924745,0.5698287278387,0.005272970592586,-6.26796080658229e-05,0.0387117159242125
-0.0251040892675508,0.13542688488945,0.3063241034687,0.002553386904276,0.0027578773753341,0.0436341878647125
-0.0740876780822508,0.0865509867664498,0.5698287278387,0.005272970592586,0.0027578773753341,0.0422277678425125
-0.0740876780822508,0.0865509867664498,0.9650856047887,0.005272970592586,-0.0010028646482658,0.0408213478202125
-0.0251040892675508,0.11098892092645,0.8333333522087,0.005272970592586,0.0008775072948341,0.0415245596940125
-0.0985794724896508,0.11098892092645,0.7015809804187,0.004366442618876,0.0027578773753341,0.0408213478202125
-0.0251040892675508,0.13542688488945,0.5698287278387,0.003459914877996,0.0008775072948341,0.0415245596940125
-0.0006122948601508,0.15986478924745,0.7015809804187,0.005272970592586,-0.0019430496884658,0.0408213478202125
0.0238794995471492,0.18430269360545,0.7015809804187,0.005272970592586,-0.0010028646482658,0.0401181359465125
-0.0006122948601508,0.20874065756745,0.7015809804187,0.006179498566296,-6.26796080658229e-05,0.0408213478202125
-0.0006122948601508,0.18430269360545,0.7015809804187,0.005272970592586,-6.26796080658229e-05,0.0408213478202125
-0.0495958836749508,0.13542688488945,0.7015809804187,0.006179498566296,0.0036980624155341,0.0394149277980125
-0.0006122948601508,0.11098892092645,0.7015809804187,0.007086026540006,0.0008775072948341,0.0401181359465125
-0.0740876780822508,0.15986478924745,0.5698287278387,0.004366442618876,0.0027578773753341,0.0436341878647125
-0.0985794724896508,0.0621130824084499,0.5698287278387,0.003459914877996,0.0046382474558341,0.0415245596940125
-0.0251040892675508,0.13542688488945,0.5698287278387,0.005272970592586,0.0018176923350341,0.0415245596940125
-0.0495958836749508,0.13542688488945,0.7015809804187,0.005272970592586,0.0027578773753341,0.0408213478202125
0.0238794995471492,0.20874065756745,0.4380763560487,0.004366442618876,-6.26796080658229e-05,0.0401181359465125
0.0728630883619492,0.25761652588845,0.5698287278387,0.006179498566296,-0.0010028646482658,0.0401181359465125
0.121846677176449,0.28205443024645,0.4380763560487,0.005272970592586,0.0008775072948341,0.0408213478202125
0.195322052948449,0.40424407124545,0.4380763560487,0.004366442618876,0.0018176923350341,0.0387117159242125
0.195322052948449,0.42868197560245,0.3063241034687,0.006179498566296,0.0046382474558341,0.0401181359465125
0.268797443620449,0.42868197560245,0.0428194791087,0.013431721890276,0.0027578773753341,0.0401181359465125
0.293289230577449,0.42868197560245,-0.0889327734712999,0.017964360827576,-0.0028832347287658,0.0457438197608125
0.293289230577449,0.40424407124545,-0.0889327734712999,0.018870889732576,-0.0057037917120658,0.0485566598053125
0.268797443620449,0.33093029856645,-0.2206850856573,0.015244777837776,-6.26796080658229e-05,0.0499630798275125
0.244305656664449,0.28205443024645,-0.0889327734712999,0.016151304880176,-6.26796080658229e-05,0.0499630798275125
0.268797443620449,0.25761652588845,0.0428194791087,0.015244777837776,-0.0038234197689658,0.0534791317458125
0.195322052948449,0.18430269360545,0.1745718508887,0.014338249864076,-6.26796080658229e-05,0.0534791317458125
0.170830265991449,0.23317856192545,0.1745718508887,0.015244777837776,0.0018176923350341,0.0499630798275125
0.268797443620449,0.33093029856645,0.0428194791087,0.015244777837776,-0.0010028646482658,0.0485566598053125
0.342272834293449,0.47755784392345,-0.0889327734712999,0.011618665942876,-0.0010028646482658,0.0471502397830125
0.391256408207449,0.59974748492245,-0.0889327734712999,0.010712137969176,-0.0038234197689658,0.0429309797163125
0.391256408207449,0.74637503028145,0.3063241034687,0.004366442618876,-0.0019430496884658,0.0401181359465125
0.317781047336449,0.79525095820145,-0.0889327734712999,0.003459914877996,-0.0057037917120658,0.0351956677312125
0.268797443620449,0.77081305384145,-0.2206850856573,0.004366442618876,-0.0075841617925658,0.0309764076645125
0.219813854806449,0.77081305384145,-0.3524373978403,0.008899082021766,-0.0141654598681758,0.0288667757685125
0.121846677176449,0.74637503028145,-0.6159419626023,0.010712137969176,-0.0169860159202058,0.0281635638947125
0.0483712939545492,0.69749922156145,-0.4841896504193,0.014338249864076,-0.0207467572453058,0.0246475157017125
0.0238794995471492,0.59974748492245,-0.0889327734712999,0.010712137969176,-0.0207467572453058,0.0302731957907125
0.0728630883619492,0.45311993956545,-0.0889327734712999,0.004366442618876,-0.0169860159202058,0.0401181359465125
-0.0006122948601508,0.20874065756745,0.1745718508887,0.002553386904276,-0.0113449038161658,0.0422277678425125
-0.0495958836749508,-0.0600765585905502,0.3063241034687,-0.0010727246995279,-0.0066439767523658,0.0464470279092125
-0.0495958836749508,-0.28001792877935,0.4380763560487,-0.0028857804723239,-0.0057037917120658,0.0513694998498125
-0.0495958836749508,-0.52439721822755,0.4380763560487,-0.0028857804723239,-0.0066439767523658,0.0555887599165125
0.0238794995471492,-0.64658685922655,0.0428194791087,-0.0001661967840239,-0.0028832347287658,0.0717625938977125
0.0728630883619492,-0.79321443438555,0.0428194791087,-0.0001661967840239,-0.0038234197689658,0.0830139554726525
0.0483712939545492,-0.98871784806255,-0.0889327734712999,-0.0028857804723239,-0.0010028646482658,0.102703839975113
0.0973548827694492,-0.47552135735775,-0.2206850856573,0.010712137969176,-0.0038234197689658,0.155444596397413
0.146338479034449,-0.81765236854555,-0.3524373978403,0.00074033113148,-0.0038234197689658,0.154741388248913
0.0728630883619492,-1.01315581202555,-0.2206850856573,0.007086026540006,-0.0010028646482658,0.163179908382413
0.0973548827694492,-1.15978335738255,-0.3524373978403,0.006179498566296,-0.0010028646482658,0.162476700233913
0.121846677176449,-1.47747641205855,-0.0889327734712999,0.024310057574876,0.0018176923350341,0.160367068337913
0.195322052948449,-1.79516952633855,-0.2206850856573,0.033375337311976,0.0036980624155341,0.156147811996413
0.195322052948449,-2.13730054497855,-0.2206850856573,0.047879781166076,0.0093391745196341,0.156147811996413
0.244305656664449,-2.40611761212855,-0.3524373978403,0.062384228745476,0.0055784343586341,0.160367068337913
0.244305656664449,-2.69937294125855,-0.2206850856573,0.085047427156876,0.0046382474558341,0.165289540278413
0.244305656664449,-3.11481755375855,0.0428194791087,0.106804098525976,-0.0010028646482658,0.172321644114913
0.121846677176449,-3.33475893139855,0.0428194791087,0.121308546104976,-0.0028832347287658,0.175837692307913
0.0483712939545492,-3.62801426052855,0.1745718508887,0.133999939599976,-0.0113449038161658,0.182166580545413
0.0238794995471492,-3.89683144688855,0.1745718508887,0.149410914221976,-0.0169860159202058,0.177244116055512
0.0238794995471492,-4.09233468174855,0.0428194791087,0.163008834758976,-0.0151056449084158,0.173728060411913
-0.0740876780822508,-4.41002767681855,0.1745718508887,0.178419809380976,-0.0151056449084158,0.161773492085413
-0.0251040892675508,-4.58109348415855,0.3063241034687,0.192017715015976,-0.0245074988032258,0.159663860189413
-0.147563061304551,-4.70328300594855,0.3063241034687,0.200176473298976,-0.0245074988032258,0.167399172174413
-0.294513835199551,-4.92322414517855,0.4380763560487,0.220120083132976,-0.0395504643364658,0.187792268084813
-0.270022033341551,-4.94766204952855,0.4380763560487,0.225559260287976,-0.0498925035043658,0.195527572619813
-0.319005622155551,-4.94766204952855,0.5698287278387,0.224652733245976,-0.0527130604876658,0.203262884604813
-0.319005622155551,-4.87434833645855,0.4380763560487,0.216493974962976,-0.0564738006485658,0.208185356544813
-0.319005622155551,-4.87434833645855,0.3063241034687,0.214680920877976,-0.0489523184640658,0.208185356544813
-0.294513835199551,-5.04541414379855,0.4380763560487,0.223746191301976,-0.0442513914002658,0.204669308351813
-0.343497409112551,-5.16760366558855,0.4380763560487,0.235531057754976,-0.0470719483835658,0.204669308351813
-0.319005622155551,-5.28979318737855,0.4380763560487,0.245502870121976,-0.0498925035043658,0.206778940247813
-0.319005622155551,-5.36310690045855,0.5698287278387,0.250035505333976,-0.0545934305681658,0.208888564693813
-0.490448190458551,-5.36310690045855,0.4380763560487,0.247315924206976,-0.0592943594945658,0.213107835935813
-0.539431794173551,-5.31423109173855,0.5698287278387,0.241876761951976,-0.0621149146153658,0.213107835935813
-0.588415368087551,-5.26535528301855,0.5698287278387,0.235531057754976,-0.0696363986624658,0.212404620336813
-0.539431794173551,-5.24091737866855,0.4380763560487,0.234624530711976,-0.0677560248567658,0.203966100203813
-0.490448190458551,-5.33866899609855,0.4380763560487,0.236437584796976,-0.0574139856888658,0.199746836411813
-0.465956373698551,-5.38754480480855,0.3063241034687,0.240970234909976,-0.0555336156083658,0.199043628262813
-0.367989225871551,-5.50973480343855,0.3063241034687,0.252755086460976,-0.0498925035043658,0.196933996366813
-0.392481012828551,-5.58304851650855,0.3063241034687,0.259100775757976,-0.0442513914002658,0.199043628262813
-0.392481012828551,-5.63192432522855,0.3063241034687,0.264539967813976,-0.0489523184640658,0.204669308351813
-0.465956373698551,-5.60748642086855,0.4380763560487,0.264539967813976,-0.0602345445348658,0.210294988440813
-0.514939977414551,-5.55861061215855,0.4380763560487,0.263633440771976,-0.0639952846957658,0.210998204039813
-0.563923581130551,-5.53417270779855,0.1745718508887,0.256381194630976,-0.0630550996555658,0.218030300425813
-0.612907155044551,-5.55861061215855,0.3063241034687,0.252755086460976,-0.0630550996555658,0.214514252232813
-0.637398942001551,-5.65636222958855,0.3063241034687,0.263633440771976,-0.0677560248567658,0.215920668529813
-0.637398942001551,-5.77855175137855,0.4380763560487,0.275418292322976,-0.0733971388234658,0.214514252232813
-0.612907155044551,-5.90074127316855,0.5698287278387,0.282670508661976,-0.0724569537831658,0.215920668529813
-0.686382515914551,-5.97405546307855,0.4380763560487,0.286296616831976,-0.0696363986624658,0.215217452930813
-0.637398942001551,-5.92517965435855,0.3063241034687,0.286296616831976,-0.0733971388234658,0.215920668529813
-0.637398942001551,-5.92517965435855,0.4380763560487,0.283577035704976,-0.0762176939441658,0.219436716722813
-0.686382515914551,-5.85186546444855,0.3063241034687,0.279044400492976,-0.0743373238636658,0.220139932321813
-0.637398942001551,-5.80298965572855,0.3063241034687,0.271792184153976,-0.0743373238636658,0.220843147920812
-0.612907155044551,-5.63192432522855,0.0428194791087,0.260007302799976,-0.0668158398164658,0.219436716722813
-0.563923581130551,-5.58304851650855,0.1745718508887,0.253661613502976,-0.0677560248567658,0.218030300425813
-0.465956373698551,-5.55861061215855,0.0428194791087,0.253661613502976,-0.0658756547762658,0.219436716722813
-0.588415368087551,-5.68080013394855,-0.0889327734712999,0.258194248714976,-0.0592943594945658,0.220139932321813
-0.539431794173551,-5.65636222958855,-0.0889327734712999,0.261820356884976,-0.0630550996555658,0.219436716722813
-0.514939977414551,-5.70523803829855,-0.0889327734712999,0.266353021898976,-0.0639952846957658,0.223655980514813
-0.490448190458551,-5.68080013394855,-0.0889327734712999,0.264539967813976,-0.0649354697360658,0.225062396811813
-0.465956373698551,-5.63192432522855,-0.0889327734712999,0.261820356884976,-0.0630550996555658,0.222952764915813
-0.416972799785551,-5.60748642086855,-0.0889327734712999,0.259100775757976,-0.0621149146153658,0.220139932321813
-0.441464586742551,-5.55861061215855,0.0428194791087,0.256381194630976,-0.0602345445348658,0.217327084826813
-0.392481012828551,-5.58304851650855,-0.0889327734712999,0.257287721672976,-0.0564738006485658,0.218733516024813
-0.319005622155551,-5.60748642086855,-0.2206850856573,0.260913829842976,-0.0555336156083658,0.218030300425813
-0.392481012828551,-5.65636222958855,-0.2206850856573,0.263633440771976,-0.0564738006485658,0.217327084826813
-0.392481012828551,-5.65636222958855,-0.0889327734712999,0.266353021898976,-0.0602345445348658,0.217327084826813
-0.441464586742551,-5.68080013394855,-0.3524373978403,0.267259548941976,-0.0583541744543658,0.220139932321813
-0.441464586742551,-5.60748642086855,-0.0889327734712999,0.263633440771976,-0.0583541744543658,0.215920668529813
-0.343497409112551,-5.48529689907855,-0.0889327734712999,0.256381194630976,-0.0611747295750658,0.213811036633813
-0.319005622155551,-5.33866899609855,-0.0889327734712999,0.244596343079976,-0.0574139856888658,0.212404620336813
-0.294513835199551,-5.19204156994855,-0.2206850856573,0.232811476626976,-0.0508326904071658,0.215920668529813
-0.294513835199551,-5.19204156994855,-0.2206850856573,0.229185368457976,-0.0517728754474658,0.215920668529813
-0.367989225871551,-5.21647947430855,-0.4841896504193,0.237344111838976,-0.0574139856888658,0.222952764915813
-0.367989225871551,-5.28979318737855,-0.2206850856573,0.242783288994976,-0.0592943594945658,0.222249564217813
-0.392481012828551,-5.28979318737855,-0.2206850856573,0.246409397163976,-0.0611747295750658,0.227172028707813
-0.416972799785551,-5.21647947430855,-0.2206850856573,0.240063707867976,-0.0639952846957658,0.227875244306812
-0.392481012828551,-5.14316576122855,-0.2206850856573,0.233718003669976,-0.0621149146153658,0.227172028707813
-0.319005622155551,-5.11872785687855,-0.2206850856573,0.229185368457976,-0.0630550996555658,0.225062396811813
-0.367989225871551,-4.99653833508855,-0.4841896504193,0.219213556089976,-0.0564738006485658,0.226468828009813
-0.319005622155551,-4.99653833508855,-0.4841896504193,0.216493974962976,-0.0555336156083658,0.222249564217813
-0.343497409112551,-5.04541414379855,-0.3524373978403,0.221933137217976,-0.0583541744543658,0.218030300425813
-0.319005622155551,-5.11872785687855,-0.0889327734712999,0.232811476626976,-0.0592943594945658,0.218733516024813
-0.319005622155551,-5.21647947430855,-0.0889327734712999,0.242783288994976,-0.0592943594945658,0.216623884128813
-0.294513835199551,-5.21647947430855,-0.0889327734712999,0.244596343079976,-0.0574139856888658,0.216623884128813
-0.245530231483551,-5.16760366558855,0.0428194791087,0.244596343079976,-0.0583541744543658,0.215920668529813
-0.196546657569551,-5.11872785687855,-0.2206850856573,0.233718003669976,-0.0527130604876658,0.212404620336813
-0.270022033341551,-5.14316576122855,-0.3524373978403,0.230998422542976,-0.0508326904071658,0.210294988440813
-0.172054855711551,-5.09428995251855,-0.2206850856573,0.229185368457976,-0.0480121334238658,0.208888564693813
-0.221038444526551,-5.09428995251855,-0.2206850856573,0.230091895499976,-0.0489523184640658,0.208888564693813
-0.221038444526551,-5.09428995251855,-0.2206850856573,0.231904949584976,-0.0498925035043658,0.211701404737813
-0.294513835199551,-5.09428995251855,-0.6159419626023,0.229185368457976,-0.0527130604876658,0.218030300425813
-0.319005622155551,-5.04541414379855,-0.3524373978403,0.230091895499976,-0.0583541744543658,0.218733516024813
-0.343497409112551,-5.04541414379855,-0.2206850856573,0.227372314372976,-0.0602345445348658,0.219436716722813
-0.270022033341551,-4.99653833508855,-0.2206850856573,0.227372314372976,-0.0649354697360658,0.218733516024813
-0.319005622155551,-4.99653833508855,-0.3524373978403,0.228278841414976,-0.0639952846957658,0.219436716722813
-0.245530231483551,-5.02097623943855,-0.2206850856573,0.226465787330976,-0.0630550996555658,0.215920668529813
-0.245530231483551,-4.97210043072855,-0.3524373978403,0.222839664259976,-0.0574139856888658,0.215920668529813
-0.221038444526551,-4.97210043072855,-0.4841896504193,0.223746191301976,-0.0555336156083658,0.215217452930813
-0.221038444526551,-4.97210043072855,-0.4841896504193,0.225559260287976,-0.0592943594945658,0.217327084826813
-0.294513835199551,-5.02097623943855,-0.4841896504193,0.227372314372976,-0.0611747295750658,0.216623884128813
-0.319005622155551,-4.97210043072855,-0.3524373978403,0.226465787330976,-0.0668158398164658,0.220139932321813
-0.343497409112551,-4.94766204952855,-0.4841896504193,0.226465787330976,-0.0668158398164658,0.218030300425813
-0.319005622155551,-4.97210043072855,-0.7476942747863,0.225559260287976,-0.0592943594945658,0.220139932321813
-0.221038444526551,-4.99653833508855,-0.4841896504193,0.226465787330976,-0.0545934305681658,0.215217452930813
-0.196546657569551,-4.97210043072855,-0.3524373978403,0.226465787330976,-0.0527130604876658,0.212404620336813
-0.147563061304551,-4.94766204952855,-0.4841896504193,0.224652733245976,-0.0508326904071658,0.210294988440813
-0.147563061304551,-4.94766204952855,-0.4841896504193,0.223746191301976,-0.0470719483835658,0.209591780292813
-0.123071266897051,-4.89878624081855,-0.6159419626023,0.222839664259976,-0.0527130604876658,0.210294988440813
-0.172054855711551,-4.92322414517855,-0.4841896504193,0.221026610174976,-0.0527130604876658,0.210294988440813
-0.147563061304551,-4.92322414517855,-0.4841896504193,0.219213556089976,-0.0527130604876658,0.209591780292813
-0.172054855711551,-4.87434833645855,-0.4841896504193,0.221026610174976,-0.0517728754474658,0.209591780292813
-0.196546657569551,-4.92322414517855,-0.4841896504193,0.216493974962976,-0.0498925035043658,0.206778940247813
-0.147563061304551,-4.92322414517855,-0.4841896504193,0.218307029047976,-0.0517728754474658,0.203966100203813
-0.172054855711551,-4.97210043072855,-0.4841896504193,0.221933137217976,-0.0480121334238658,0.200450044559813
-0.270022033341551,-4.94766204952855,-0.6159419626023,0.221933137217976,-0.0461317633433658,0.200450044559813
-0.221038444526551,-4.97210043072855,-0.3524373978403,0.218307029047976,-0.0451915764404658,0.199043628262813
-0.172054855711551,-4.87434833645855,-0.4841896504193,0.216493974962976,-0.0498925035043658,0.198340412663813
-0.245530231483551,-4.84991043209855,-0.4841896504193,0.212867866793976,-0.0527130604876658,0.201153260158813
-0.270022033341551,-4.87434833645855,-0.6159419626023,0.212867866793976,-0.0564738006485658,0.206778940247813
-0.270022033341551,-4.87434833645855,-0.4841896504193,0.218307029047976,-0.0592943594945658,0.208888564693813
-0.245530231483551,-4.92322414517855,-0.3524373978403,0.222839664259976,-0.0545934305681658,0.210294988440813
-0.172054855711551,-4.92322414517855,-0.4841896504193,0.226465787330976,-0.0574139856888658,0.209591780292813
-0.172054855711551,-4.87434833645855,-0.6159419626023,0.221933137217976,-0.0498925035043658,0.209591780292813
-0.147563061304551,-4.82547252773855,-0.6159419626023,0.214680920877976,-0.0461317633433658,0.206075724648813
-0.172054855711551,-4.82547252773855,-0.7476942747863,0.211054812708976,-0.0498925035043658,0.206075724648813
-0.294513835199551,-4.84991043209855,-0.7476942747863,0.212867866793976,-0.0574139856888658,0.209591780292813
-0.343497409112551,-4.92322414517855,-0.6159419626023,0.216493974962976,-0.0611747295750658,0.207482148396813
-0.367989225871551,-4.94766204952855,-0.4841896504193,0.226465787330976,-0.0686962136222658,0.210294988440813
-0.392481012828551,-5.02097623943855,-0.3524373978403,0.228278841414976,-0.0696363986624658,0.210998204039813
-0.416972799785551,-5.02097623943855,-0.3524373978403,0.225559260287976,-0.0668158398164658,0.205372516500813
-0.392481012828551,-5.02097623943855,-0.4841896504193,0.220120083132976,-0.0621149146153658,0.201856468307813
-0.294513835199551,-4.97210043072855,-0.3524373978403,0.214680920877976,-0.0564738006485658,0.198340412663813
-0.196546657569551,-4.92322414517855,-0.6159419626023,0.212867866793976,-0.0498925035043658,0.196230788218813
-0.0985794724896508,-4.92322414517855,-0.6159419626023,0.217400502005976,-0.0451915764404658,0.197637204515813
-0.172054855711551,-4.99653833508855,-0.6159419626023,0.224652733245976,-0.0442513914002658,0.203262884604813
-0.270022033341551,-5.14316576122855,-0.6159419626023,0.229185368457976,-0.0451915764404658,0.208888564693813
-0.270022033341551,-5.11872785687855,-0.4841896504193,0.232811476626976,-0.0574139856888658,0.213811036633813
-0.343497409112551,-5.09428995251855,-0.4841896504193,0.232811476626976,-0.0583541744543658,0.215920668529813
-0.441464586742551,-5.06985204815855,-0.7476942747863,0.229185368457976,-0.0677560248567658,0.219436716722813
-0.416972799785551,-5.09428995251855,-0.6159419626023,0.230091895499976,-0.0724569537831658,0.216623884128813
-0.367989225871551,-5.02097623943855,-0.4841896504193,0.230091895499976,-0.0724569537831658,0.213107835935813
-0.441464586742551,-5.09428995251855,-0.6159419626023,0.228278841414976,-0.0724569537831658,0.215217452930813
-0.465956373698551,-5.09428995251855,-0.6159419626023,0.228278841414976,-0.0733971388234658,0.215920668529813
-0.465956373698551,-5.09428995251855,-0.6159419626023,0.231904949584976,-0.0762176939441658,0.216623884128813
-0.465956373698551,-5.11872785687855,-0.4841896504193,0.230091895499976,-0.0705765837027658,0.218030300425813
-0.441464586742551,-5.14316576122855,-0.4841896504193,0.230998422542976,-0.0677560248567658,0.213811036633813
-0.416972799785551,-5.14316576122855,-0.3524373978403,0.235531057754976,-0.0705765837027658,0.211701404737813
-0.343497409112551,-5.16760366558855,-0.3524373978403,0.235531057754976,-0.0686962136222658,0.210294988440813
-0.319005622155551,-5.11872785687855,-0.4841896504193,0.234624530711976,-0.0649354697360658,0.209591780292813
-0.343497409112551,-5.09428995251855,-0.4841896504193,0.234624530711976,-0.0630550996555658,0.209591780292813
-0.392481012828551,-4.97210043072855,-0.7476942747863,0.233718003669976,-0.0611747295750658,0.215217452930813
-0.367989225871551,-4.99653833508855,-0.7476942747863,0.230998422542976,-0.0611747295750658,0.215217452930813
-0.416972799785551,-5.02097623943855,-0.4841896504193,0.230091895499976,-0.0724569537831658,0.214514252232813
-0.465956373698551,-4.99653833508855,-0.3524373978403,0.227372314372976,-0.0799784378303658,0.215217452930813
-0.416972799785551,-4.99653833508855,-0.3524373978403,0.228278841414976,-0.0818588079108658,0.215217452930813
-0.416972799785551,-5.04541414379855,-0.4841896504193,0.228278841414976,-0.0780980677498658,0.213811036633813
-0.392481012828551,-5.02097623943855,-0.4841896504193,0.230091895499976,-0.0733971388234658,0.213107835935813
-0.367989225871551,-5.06985204815855,-0.4841896504193,0.230998422542976,-0.0752775089038658,0.214514252232813
-0.514939977414551,-5.06985204815855,-0.4841896504193,0.230998422542976,-0.0724569537831658,0.216623884128813
-0.539431794173551,-5.02097623943855,-0.4841896504193,0.230091895499976,-0.0790382527901658,0.218030300425813
-0.637398942001551,-4.99653833508855,-0.2206850856573,0.229185368457976,-0.0856195517970658,0.219436716722813
-0.637398942001551,-4.94766204952855,-0.2206850856573,0.228278841414976,-0.0903204732729658,0.218733516024813
-0.686382515914551,-4.92322414517855,-0.4841896504193,0.221933137217976,-0.0912606620384658,0.217327084826813
-0.686382515914551,-4.82547252773855,-0.3524373978403,0.217400502005976,-0.0846793630315658,0.210294988440813
-0.637398942001551,-4.80103462338855,-0.3524373978403,0.210148285665976,-0.0865597331120658,0.206778940247813
-0.612907155044551,-4.70328300594855,-0.3524373978403,0.205615635552976,-0.0874999218775658,0.209591780292813
-0.637398942001551,-4.75215881466855,-0.0889327734712999,0.201989527383976,-0.0827989929510658,0.206778940247813
-0.637398942001551,-4.70328300594855,-0.3524373978403,0.201989527383976,-0.0837391779913658,0.206075724648813
-0.588415368087551,-4.72772091030855,-0.3524373978403,0.205615635552976,-0.0818588079108658,0.208185356544813
-0.539431794173551,-4.75215881466855,-0.3524373978403,0.208335216680976,-0.0762176939441658,0.206778940247813
-0.490448190458551,-4.77659671902855,-0.2206850856573,0.210148285665976,-0.0752775089038658,0.206075724648813
-0.416972799785551,-4.80103462338855,-0.3524373978403,0.211054812708976,-0.0743373238636658,0.206075724648813
-0.465956373698551,-4.84991043209855,-0.2206850856573,0.219213556089976,-0.0715167687429658,0.205372516500813
-0.465956373698551,-4.94766204952855,-0.2206850856573,0.223746191301976,-0.0780980677498658,0.207482148396813
-0.441464586742551,-4.99653833508855,-0.2206850856573,0.225559260287976,-0.0752775089038658,0.208185356544813
-0.465956373698551,-5.09428995251855,-0.2206850856573,0.238250638881976,-0.0724569537831658,0.206778940247813
-0.416972799785551,-5.14316576122855,-0.2206850856573,0.240970234909976,-0.0752775089038658,0.207482148396813
-0.416972799785551,-5.21647947430855,-0.2206850856573,0.243689816036976,-0.0743373238636658,0.210294988440813
-0.416972799785551,-5.16760366558855,-0.2206850856573,0.244596343079976,-0.0762176939441658,0.214514252232813
-0.441464586742551,-5.21647947430855,-0.3524373978403,0.241876761951976,-0.0790382527901658,0.216623884128813
-0.490448190458551,-5.19204156994855,-0.2206850856573,0.242783288994976,-0.0837391779913658,0.218733516024813
-0.514939977414551,-5.19204156994855,-0.3524373978403,0.242783288994976,-0.0893802919580658,0.217327084826813
-0.563923581130551,-5.19204156994855,-0.0889327734712999,0.246409397163976,-0.0978419610454658,0.218030300425813
-0.661890728957551,-5.21647947430855,-0.0889327734712999,0.246409397163976,-0.0997223311258658,0.218030300425813
-0.686382515914551,-5.21647947430855,0.1745718508887,0.244596343079976,-0.103483071286866,0.218733516024813
-0.637398942001551,-5.16760366558855,-0.0889327734712999,0.242783288994976,-0.105363441367266,0.217327084826813
-0.612907155044551,-5.24091737866855,0.1745718508887,0.242783288994976,-0.101602701206366,0.214514252232813
-0.465956373698551,-5.19204156994855,-0.0889327734712999,0.239157165923976,-0.0922008433534658,0.209591780292813
-0.392481012828551,-5.21647947430855,-0.0889327734712999,0.240970234909976,-0.0837391779913658,0.206075724648813
-0.294513835199551,-5.26535528301855,-0.0889327734712999,0.244596343079976,-0.0733971388234658,0.202559676455813
-0.319005622155551,-5.43642109036855,0.0428194791087,0.249128978291976,-0.0715167687429658,0.204669308351813
-0.416972799785551,-5.50973480343855,-0.0889327734712999,0.259100775757976,-0.0827989929510658,0.206778940247813
-0.539431794173551,-5.53417270779855,-0.2206850856573,0.262726883926976,-0.0912606620384658,0.210294988440813
-0.612907155044551,-5.60748642086855,-0.2206850856573,0.256381194630976,-0.101602701206366,0.215920668529813
-0.661890728957551,-5.53417270779855,-0.0889327734712999,0.254568140545976,-0.111944740374266,0.216623884128813
-0.686382515914551,-5.48529689907855,-0.2206850856573,0.251848559418976,-0.112884921689166,0.218733516024813
-0.710874362476551,-5.41198270916855,-0.0889327734712999,0.248222451248976,-0.112884921689166,0.219436716722813
-0.735366149432551,-5.36310690045855,-0.2206850856573,0.243689816036976,-0.112884921689166,0.219436716722813
-0.759857936389551,-5.16760366558855,-0.2206850856573,0.234624530711976,-0.112884921689166,0.220139932321813
-0.784349723346551,-5.14316576122855,-0.3524373978403,0.229185368457976,-0.115705480535166,0.220139932321813
-0.833333297260551,-5.09428995251855,-0.2206850856573,0.229185368457976,-0.117585850615666,0.218030300425813
-0.906808658130551,-5.04541414379855,-0.3524373978403,0.224652733245976,-0.113825110454766,0.216623884128813
-0.833333297260551,-4.94766204952855,-0.2206850856573,0.223746191301976,-0.120406409461666,0.213107835935813
-0.833333297260551,-4.97210043072855,-0.3524373978403,0.221026610174976,-0.118526039381166,0.213107835935813
-0.808841510303551,-4.94766204952855,-0.3524373978403,0.220120083132976,-0.119466220696166,0.212404620336813
-0.759857936389551,-4.97210043072855,-0.3524373978403,0.223746191301976,-0.116645669300766,0.210998204039813
-0.735366149432551,-4.94766204952855,-0.3524373978403,0.230998422542976,-0.117585850615666,0.212404620336813
-0.735366149432551,-4.99653833508855,-0.4841896504193,0.235531057754976,-0.122286779542166,0.214514252232813
-0.808841510303551,-5.04541414379855,-0.6159419626023,0.239157165923976,-0.124167149622266,0.215217452930813
-0.833333297260551,-5.04541414379855,-0.7476942747863,0.237344111838976,-0.125107338388266,0.213811036633813
-0.808841510303551,-4.94766204952855,-0.8794465571673,0.240063707867976,-0.141090487797266,0.208888564693813
-0.833333297260551,-4.92322414517855,-1.2747034490133,0.242783288994976,-0.155193267126266,0.203966100203813
-0.906808658130551,-4.84991043209855,-1.2747034490133,0.240970234909976,-0.160834384818266,0.193417948173813
-0.906808658130551,-4.80103462338855,-1.2747034490133,0.235531057754976,-0.152372715731266,0.188495476233813
-1.00477586556255,-4.72772091030855,-1.5382080286763,0.227372314372976,-0.139210117717266,0.190605108129813
-0.931300504691551,-4.67884510159855,-1.5382080286763,0.218307029047976,-0.131688629944266,0.192011524426813
-0.955792291648551,-4.65440719723855,-1.6699603408603,0.213774393835976,-0.131688629944266,0.195527572619813
-0.955792291648551,-4.60553138851855,-1.6699603408603,0.207428689637976,-0.127927889783266,0.194121156322813
-0.931300504691551,-4.55665557980855,-1.6699603408603,0.201083000340976,-0.124167149622266,0.194121156322813
-0.882316871173551,-4.41002767681855,-1.6699603408603,0.184765498676976,-0.118526039381166,0.192011524426813
-0.833333297260551,-4.26340025066855,-1.5382080286763,0.170261051097976,-0.109124181528266,0.189901892530813
-0.735366149432551,-4.14121072888855,-1.8017126530433,0.159382711687976,-0.0950214021994658,0.183573004292913
-0.686382515914551,-4.04345887303855,-1.9334649056223,0.140345628896976,-0.0837391779913658,0.182869796144413
-0.661890728957551,-3.87239354252855,-2.0652172178053,0.114056322315976,-0.0696363986624658,0.180056956099913
-0.661890728957551,-3.75020378231855,-2.1969695299913,0.092299650946576,-0.0555336156083658,0.182869796144413
-0.588415368087551,-3.65245216488855,-2.4604741543513,0.070542979577576,-0.0442513914002658,0.187792268084813
-0.490448190458551,-3.53026240467855,-2.4604741543513,0.053318950870976,-0.0357897232441658,0.194121156322813
-0.465956373698551,-3.50582450031855,-2.5922264069313,0.045160200038876,-0.0310887961803558,0.194824364470813
-0.416972799785551,-3.40807288288855,-2.5922264069313,0.020683945679976,-0.0160458304143058,0.195527572619813
-0.441464586742551,-3.31032102703855,-2.5922264069313,-0.0010727246995279,-0.0038234197689658,0.199043628262813
-0.319005622155551,-3.23700731396855,-2.5922264069313,-0.022829395195524,0.0046382474558341,0.203262884604813
-0.319005622155551,-3.06594174503855,-2.5922264069313,-0.044586062839324,0.0149802884863342,0.204669308351813
-0.270022033341551,-2.79712455868855,-2.3287217825713,-0.062716622313524,0.0215615837679342,0.208185356544813
-0.221038444526551,-2.50386946797855,-2.1969695299913,-0.078127596935324,0.0225017688082342,0.209591780292813
-0.294513835199551,-2.25949018597855,-2.0652172178053,-0.087192874809724,0.0253223276542342,0.208888564693813
-0.270022033341551,-1.81960743069855,-1.9334649056223,-0.102603849431024,0.0319036229358342,0.208888564693813
-0.245530231483551,-1.55079024433855,-1.9334649056223,-0.110762600264024,0.0328438117013342,0.206778940247813
-0.221038444526551,-1.28197299838055,-1.8017126530433,-0.115295242926024,0.0366045518623342,0.205372516500813
-0.196546657569551,-1.06203162074155,-1.5382080286763,-0.115295242926024,0.0413054770635342,0.202559676455813
-0.0495958836749508,-0.67102479338655,-1.1429511517313,-0.109856073221024,0.0431858471439342,0.199746836411813
0.0483712939545492,-0.42664550021315,-1.1429511517313,-0.104416903516024,0.0450662172244342,0.196230788218813
0.219813854806449,-0.13339036107055,-0.6159419626023,-0.091725517472224,0.0375447369025342,0.192011524426813
0.195322052948449,0.0376751482484499,-0.4841896504193,-0.082660239597824,0.0413054770635342,0.192011524426813
0.146338479034449,0.25761652588845,-0.4841896504193,-0.068155792018424,0.0375447369025342,0.192011524426813
0.170830265991449,0.45311993956545,-0.3524373978403,-0.050931759586624,0.0356643668220342,0.188495476233813
0.0973548827694492,0.59974748492245,-0.3524373978403,-0.028268563037724,0.0394251069830342,0.184979420589913
0.0728630883619492,0.89300269484145,-0.4841896504193,-0.010138003563524,0.0441260359095342,0.182869796144413
-0.0006122948601508,1.03963024020145,-0.6159419626023,0.005272970592586,0.0422456658290342,0.180760164248413
-0.0985794724896508,1.45507497191145,-0.6159419626023,0.005272970592586,0.0328438117013342,0.175134484159413
-0.0006122948601508,1.69945437312145,-1.1429511517313,-0.011951059510924,0.0243821426139342,0.173024852263413
-0.0251040892675508,1.94383365512145,-1.1429511517313,-0.0074184201080539,0.0234419575737342,0.166695964025913
0.0483712939545492,2.04158527255145,-1.0111988544493,-0.0046988361869239,0.0206213987277342,0.163883116530913
-0.0251040892675508,2.43259221911145,-0.6159419626023,0.008899082021766,0.0187410286472342,0.159663860189413
-0.0006122948601508,2.65253359675145,-0.2206850856573,0.021590472722376,0.0187410286472342,0.158257436441913
0.0728630883619492,2.92135078311145,0.0428194791087,0.034281864354376,0.0159204735265342,0.154741388248913
0.0728630883619492,3.21460587382145,0.3063241034687,0.048786311933776,0.0206213987277342,0.151225340055913
0.146338479034449,3.45898515582145,0.4380763560487,0.067823398450376,0.0187410286472342,0.148412500011413
0.146338479034449,3.77667838931145,0.4380763560487,0.084140900114576,0.0243821426139342,0.146302868115413
0.195322052948449,3.92330581546145,0.4380763560487,0.098645347693876,0.0262625126944342,0.143490028070913
0.268797443620449,4.21656114459145,0.7015809804187,0.117682430484976,0.0272026977346342,0.139973976152613
0.391256408207449,4.43650228381145,0.9650856047887,0.128560762444976,0.0300232528553342,0.138567556130412
0.391256408207449,4.55869180560145,1.4920948535187,0.143971737065976,0.0206213987277342,0.129425824123113
0.513715402595449,4.82750923037145,1.2285901099387,0.163915361800976,0.0149802884863342,0.128722612249313
0.611682550422449,5.07188827395145,1.3603426009387,0.178419809380976,0.0027578773753341,0.123096932160313
0.660666183941449,5.16964036822145,1.4920948535187,0.195643838086976,-0.0057037917120658,0.121690512138113
0.734141544811449,5.43845731616145,1.3603426009387,0.210148285665976,-0.0188663864663358,0.118877672093613
0.709649757854449,5.46289522052145,1.0968378573587,0.225559260287976,-0.0254476840762958,0.116064832049113
0.709649757854449,5.65839893222145,0.9650856047887,0.237344111838976,-0.0376700942559658,0.117471252071313
0.685157970897449,5.78058845401145,0.5698287278387,0.247315924206976,-0.0329691671921658,0.118877672093613
0.709649757854449,5.85390216708145,0.5698287278387,0.253661613502976,-0.0395504643364658,0.116768042060213
0.832108692638449,5.90277797580145,0.5698287278387,0.258194248714976,-0.0433112063600658,0.115361622038013
0.881092326156449,6.07384330630145,0.7015809804187,0.264539967813976,-0.0470719483835658,0.113251990142013
0.856600479595449,6.09828121066145,0.8333333522087,0.272698711195976,-0.0498925035043658,0.108329520064113
0.856600479595449,6.14715749621145,0.8333333522087,0.276324819365976,-0.0489523184640658,0.106923100041813
0.881092326156449,6.24490911364145,0.8333333522087,0.281763981619976,-0.0480121334238658,0.106923100041813
0.881092326156449,6.17159540057145,0.8333333522087,0.276324819365976,-0.0489523184640658,0.109735940086313
0.930075900070449,6.14715749621145,0.7015809804187,0.269979130068976,-0.0480121334238658,0.112548780130813
0.881092326156449,5.97609168887145,0.7015809804187,0.264539967813976,-0.0461317633433658,0.113955200153113
0.930075900070449,5.90277797580145,0.4380763560487,0.256381194630976,-0.0480121334238658,0.113955200153113
0.905584113113449,5.80502635836145,0.4380763560487,0.251848559418976,-0.0470719483835658,0.112548780130813
0.930075900070449,5.80502635836145,0.5698287278387,0.254568140545976,-0.0489523184640658,0.109032730075213
0.905584113113449,5.82946426272145,0.4380763560487,0.252755086460976,-0.0480121334238658,0.106219890030713
0.930075900070449,5.78058845401145,0.7015809804187,0.251848559418976,-0.0489523184640658,0.104813470008513
0.881092326156449,5.73171264529145,0.4380763560487,0.247315924206976,-0.0489523184640658,0.102703839975113
0.881092326156449,5.68283683657145,0.4380763560487,0.244596343079976,-0.0470719483835658,0.104110259997313
0.856600479595449,5.53620893359145,0.3063241034687,0.238250638881976,-0.0461317633433658,0.105516680019613
0.734141544811449,5.31626779437145,0.1745718508887,0.228278841414976,-0.0395504643364658,0.106923100041813
0.734141544811449,5.12076408267145,0.1745718508887,0.215587447920976,-0.0376700942559658,0.109032730075213
0.636174337379449,4.99857456088145,0.0428194791087,0.208335216680976,-0.0320289821519158,0.111845570119713
0.636174337379449,4.97413665652145,0.0428194791087,0.208335216680976,-0.0292084256342258,0.113251990142013
0.660666183941449,4.92526084781145,0.0428194791087,0.204709108510976,-0.0301486111401158,0.113955200153113
0.685157970897449,4.85194713473145,0.0428194791087,0.201989527383976,-0.0310887961803558,0.116064832049113
0.611682550422449,4.75419551730145,-0.2206850856573,0.196550365128976,-0.0292084256342258,0.115361622038013
0.709649757854449,4.77863342166145,0.0428194791087,0.198363419213976,-0.0339093522323658,0.113955200153113
0.734141544811449,4.77863342166145,-0.3524373978403,0.196550365128976,-0.0348495382039658,0.112548780130813
0.832108692638449,4.75419551730145,-0.2206850856573,0.194737311044976,-0.0395504643364658,0.107626310053013
0.807616905681449,4.63200551867145,-0.0889327734712999,0.189298133888976,-0.0470719483835658,0.102703839975113
0.856600479595449,4.58312970996145,-0.0889327734712999,0.186578552761976,-0.0442513914002658,0.0998909980679125
0.832108692638449,4.58312970996145,-0.2206850856573,0.188391606846976,-0.0470719483835658,0.0998909980679125
0.807616905681449,4.60756761432145,-0.0889327734712999,0.187485079803976,-0.0442513914002658,0.100594209010413
0.807616905681449,4.68088180423145,-0.0889327734712999,0.192017715015976,-0.0480121334238658,0.102703839975113
0.807616905681449,4.70531970858145,-0.2206850856573,0.192924242058976,-0.0489523184640658,0.104813470008513
0.832108692638449,4.70531970858145,-0.3524373978403,0.192924242058976,-0.0480121334238658,0.109032730075213
0.832108692638449,4.68088180423145,-0.4841896504193,0.192017715015976,-0.0498925035043658,0.108329520064113
0.954567687027449,4.72975761294145,-0.3524373978403,0.192017715015976,-0.0574139856888658,0.106923100041813
0.979059533592449,4.72975761294145,-0.3524373978403,0.192924242058976,-0.0621149146153658,0.103407049986213
0.905584113113449,4.80307132602145,-0.4841896504193,0.193830784001976,-0.0592943594945658,0.103407049986213
0.881092326156449,4.87638503909145,-0.3524373978403,0.199269946256976,-0.0508326904071658,0.101297419021513
0.881092326156449,4.92526084781145,-0.0889327734712999,0.201989527383976,-0.0498925035043658,0.102000628101313
0.709649757854449,5.04745036959145,-0.3524373978403,0.211054812708976,-0.0329691671921658,0.104110259997313
0.611682550422449,5.26739198565145,-0.3524373978403,0.221026610174976,-0.0329691671921658,0.106219890030713
0.538207189552449,5.31626779437145,-0.3524373978403,0.228278841414976,-0.0292084256342258,0.111142360108613
0.587190763466449,5.34070569873145,-0.2206850856573,0.226465787330976,-0.0320289821519158,0.113251990142013
0.587190763466449,5.26739198565145,-0.2206850856573,0.222839664259976,-0.0339093522323658,0.111845570119713
0.587190763466449,5.16964036822145,-0.2206850856573,0.219213556089976,-0.0348495382039658,0.109032730075213
0.611682550422449,5.14520198703145,-0.2206850856573,0.212867866793976,-0.0376700942559658,0.107626310053013
0.513715402595449,5.04745036959145,-0.2206850856573,0.211961339750976,-0.0357897232441658,0.104813470008513
0.538207189552449,5.12076408267145,-0.2206850856573,0.213774393835976,-0.0310887961803558,0.104813470008513
0.464731798879449,5.34070569873145,-0.4841896504193,0.223746191301976,-0.0273280550880858,0.108329520064113
0.415748195163449,5.26739198565145,-0.3524373978403,0.227372314372976,-0.0254476840762958,0.109735940086313
0.317781047336449,5.36514360308145,-0.3524373978403,0.235531057754976,-0.0141654598681758,0.110439150097513
0.317781047336449,5.43845731616145,-0.3524373978403,0.234624530711976,-0.0179262009604458,0.112548780130813
0.268797443620449,5.29182989001145,-0.4841896504193,0.224652733245976,-0.0141654598681758,0.117471252071313
0.244305656664449,5.16964036822145,-0.4841896504193,0.218307029047976,-0.0151056449084158,0.113251990142013
0.317781047336449,5.12076408267145,-0.4841896504193,0.211961339750976,-0.0160458304143058,0.115361622038013
0.317781047336449,4.92526084781145,-0.4841896504193,0.201083000340976,-0.0160458304143058,0.110439150097513
0.391256408207449,4.85194713473145,-0.6159419626023,0.197456892171976,-0.0179262009604458,0.109735940086313
0.391256408207449,4.85194713473145,-0.3524373978403,0.198363419213976,-0.0226271280242658,0.108329520064113
0.342272834293449,4.87638503909145,-0.3524373978403,0.200176473298976,-0.0216869426347848,0.109735940086313
0.317781047336449,4.82750923037145,-0.4841896504193,0.200176473298976,-0.0216869426347848,0.110439150097513
0.268797443620449,4.97413665652145,-0.6159419626023,0.201083000340976,-0.0122850888563658,0.112548780130813
0.268797443620449,4.92526084781145,-0.6159419626023,0.200176473298976,-0.0132252738966158,0.114658412026813
0.219813854806449,4.90082294345145,-0.4841896504193,0.198363419213976,-0.0132252738966158,0.116064832049113
0.317781047336449,4.87638503909145,-0.4841896504193,0.196550365128976,-0.0188663864663358,0.113955200153113
0.268797443620449,4.82750923037145,-0.4841896504193,0.195643838086976,-0.0169860159202058,0.111845570119713
0.170830265991449,4.80307132602145,-0.3524373978403,0.195643838086976,-0.0094645328043658,0.111142360108613
0.146338479034449,4.82750923037145,-0.2206850856573,0.194737311044976,-0.0122850888563658,0.111142360108613
-0.0251040892675508,4.85194713473145,-0.3524373978403,0.197456892171976,0.0008775072948341,0.114658412026813
-0.0495958836749508,4.87638503909145,-0.0889327734712999,0.198363419213976,0.0055784343586341,0.119580883967413
-0.147563061304551,4.99857456088145,-0.2206850856573,0.204709108510976,0.0149802884863342,0.121690512138113
-0.245530231483551,5.09632617831145,-0.2206850856573,0.214680920877976,0.0187410286472342,0.122393724011913
-0.392481012828551,5.24295408130145,-0.3524373978403,0.221026610174976,0.0272026977346342,0.121690512138113
-0.392481012828551,5.31626779437145,-0.4841896504193,0.221933137217976,0.0262625126944342,0.120284092115813
-0.367989225871551,5.26739198565145,-0.0889327734712999,0.222839664259976,0.0206213987277342,0.114658412026813
-0.319005622155551,5.31626779437145,-0.0889327734712999,0.223746191301976,0.0168606585668342,0.111142360108613
-0.245530231483551,5.34070569873145,-0.0889327734712999,0.224652733245976,0.0102793595598342,0.109735940086313
-0.245530231483551,5.34070569873145,0.1745718508887,0.227372314372976,0.0121597296403342,0.111142360108613
-0.245530231483551,5.36514360308145,0.0428194791087,0.226465787330976,0.0093391745196341,0.115361622038013
-0.245530231483551,5.41401941180145,-0.0889327734712999,0.227372314372976,0.0130999184058342,0.122393724011913
-0.294513835199551,5.41401941180145,0.0428194791087,0.227372314372976,0.0149802884863342,0.129425824123113
-0.343497409112551,5.46289522052145,-0.0889327734712999,0.231904949584976,0.0196812136875342,0.134348296063613
-0.465956373698551,5.43845731616145,-0.2206850856573,0.227372314372976,0.0272026977346342,0.135754716085912
-0.514939977414551,5.36514360308145,-0.0889327734712999,0.222839664259976,0.0319036229358342,0.133645084189912
-0.514939977414551,5.36514360308145,0.1745718508887,0.223746191301976,0.0309634378956342,0.130129032271613
-0.588415368087551,5.43845731616145,0.1745718508887,0.222839664259976,0.0337839967416342,0.126612984078613
-0.637398942001551,5.56064683795145,0.1745718508887,0.232811476626976,0.0403652957485342,0.119580883967413
-0.710874362476551,5.70727474093145,0.1745718508887,0.242783288994976,0.0422456658290342,0.116768042060213
-0.612907155044551,5.82946426272145,0.5698287278387,0.250942032375976,0.0384849219428342,0.118174460219813
-0.686382515914551,6.02496749759145,0.3063241034687,0.263633440771976,0.0441260359095342,0.120284092115813
-0.637398942001551,6.24490911364145,0.4380763560487,0.278137873449976,0.0384849219428342,0.125909772204813
-0.563923581130551,6.36709863543145,0.4380763560487,0.280857454576976,0.0328438117013342,0.130129032271613
-0.465956373698551,6.31822282672145,0.5698287278387,0.280857454576976,0.0281428827749342,0.133645084189912
-0.319005622155551,6.29378492236145,0.5698287278387,0.277231346407976,0.0187410286472342,0.135051504212113
-0.270022033341551,6.26934701800145,0.5698287278387,0.270885657110976,0.0149802884863342,0.133645084189912
-0.294513835199551,6.17159540057145,0.7015809804187,0.264539967813976,0.0178008436070342,0.131535456019113
-0.294513835199551,6.24490911364145,0.7015809804187,0.267259548941976,0.0196812136875342,0.128722612249313
-0.270022033341551,6.34266073108145,0.8333333522087,0.272698711195976,0.0206213987277342,0.125909772204813
-0.270022033341551,6.56260187030145,0.7015809804187,0.284483562746976,0.0281428827749342,0.127316192227113
-0.319005622155551,6.68479186892145,0.7015809804187,0.289016197958976,0.0375447369025342,0.136457924234412
-0.490448190458551,6.85585719943145,0.9650856047887,0.304427187481976,0.0450662172244342,0.133645084189912
-0.465956373698551,6.97804672122145,1.0968378573587,0.317118566074976,0.0441260359095342,0.128722612249313
-0.245530231483551,7.10023671985145,1.2285901099387,0.318931620159976,0.0290830678151342,0.125909772204813
-0.147563061304551,7.12467462420145,1.2285901099387,0.320744674244976,0.0272026977346342,0.128019404100913
-0.147563061304551,7.14911252856145,1.0968378573587,0.318025093117976,0.0253223276542342,0.128722612249313
-0.0985794724896508,7.14911252856145,0.8333333522087,0.322557728329976,0.0112195446000342,0.128019404100913
0.0238794995471492,7.12467462420145,0.9650856047887,0.319838147202976,-6.26796080658229e-05,0.131535456019113
-0.0006122948601508,6.97804672122145,1.0968378573587,0.312585930862976,-0.0028832347287658,0.136457924234412
-0.0740876780822508,6.83141929507145,0.9650856047887,0.306240241566976,0.0018176923350341,0.140677184301113
-0.0740876780822508,6.83141929507145,0.9650856047887,0.304427187481976,0.0027578773753341,0.140677184301113
-0.294513835199551,6.56260187030145,0.5698287278387,0.285390089788976,0.0102793595598342,0.147709288137613
-0.245530231483551,6.48928815722145,0.5698287278387,0.279950927534976,0.0093391745196341,0.149818916308413
-0.196546657569551,6.29378492236145,0.7015809804187,0.269979130068976,0.0112195446000342,0.149115708159913
-0.0985794724896508,6.22047120929145,0.8333333522087,0.265446494856976,0.0102793595598342,0.147709288137613
-0.0006122948601508,6.22047120929145,0.7015809804187,0.261820356884976,0.0083989894793341,0.143490028070913
-0.0985794724896508,6.22047120929145,0.5698287278387,0.265446494856976,0.0130999184058342,0.139973976152613
-0.0495958836749508,6.29378492236145,0.5698287278387,0.270885657110976,0.0112195446000342,0.136457924234412
-0.147563061304551,6.31822282672145,0.5698287278387,0.276324819365976,0.0159204735265342,0.134348296063613
-0.0740876780822508,6.31822282672145,0.7015809804187,0.278137873449976,0.0140401034460342,0.134348296063613
-0.147563061304551,6.26934701800145,0.8333333522087,0.273605238237976,0.0187410286472342,0.141380396174912
-0.0985794724896508,6.26934701800145,0.7015809804187,0.272698711195976,0.0121597296403342,0.147709288137613
-0.0006122948601508,6.24490911364145,0.3063241034687,0.269072603025976,0.0018176923350341,0.154038180100413
0.0483712939545492,6.14715749621145,0.4380763560487,0.265446494856976,-6.26796080658229e-05,0.154741388248913
0.0728630883619492,6.19603330493145,0.5698287278387,0.264539967813976,-6.26796080658229e-05,0.154038180100413
0.195322052948449,6.09828121066145,0.5698287278387,0.267259548941976,-0.0104047178445658,0.152631756352913
0.170830265991449,6.04940540194145,0.5698287278387,0.262726883926976,-0.0113449038161658,0.151225340055913
0.195322052948449,6.07384330630145,0.7015809804187,0.260913829842976,-0.0113449038161658,0.151225340055913
0.0728630883619492,5.97609168887145,0.7015809804187,0.260007302799976,-0.0047636048091658,0.152631756352913
0.0728630883619492,5.95165378451145,0.7015809804187,0.258194248714976,-0.0010028646482658,0.152631756352913
0.0483712939545492,5.87834007144145,0.5698287278387,0.254568140545976,0.0055784343586341,0.151225340055913
0.121846677176449,5.85390216708145,0.5698287278387,0.249128978291976,-6.26796080658229e-05,0.151928548204413
0.195322052948449,5.75615054965145,0.7015809804187,0.246409397163976,-0.0104047178445658,0.153334971951913
0.317781047336449,5.82946426272145,0.4380763560487,0.249128978291976,-0.0198065719722358,0.152631756352913
0.366764621250449,5.87834007144145,0.3063241034687,0.250035505333976,-0.0254476840762958,0.155444596397413
0.440240011923449,5.87834007144145,0.5698287278387,0.251848559418976,-0.0357897232441658,0.158257436441913
0.489223615638449,5.92721588015145,0.7015809804187,0.257287721672976,-0.0404906512393658,0.159663860189413
0.513715402595449,5.95165378451145,0.8333333522087,0.261820356884976,-0.0461317633433658,0.161070276486413
0.489223615638449,6.04940540194145,0.7015809804187,0.266353021898976,-0.0461317633433658,0.162476700233913
0.440240011923449,6.07384330630145,0.8333333522087,0.273605238237976,-0.0423710213197658,0.164586332129913
0.391256408207449,6.09828121066145,0.8333333522087,0.276324819365976,-0.0414308362795658,0.169508804070413
0.391256408207449,6.04940540194145,0.8333333522087,0.271792184153976,-0.0386102792961658,0.175837692307913
0.391256408207449,6.12271959185145,0.7015809804187,0.274511765280976,-0.0423710213197658,0.175837692307913
0.366764621250449,6.12271959185145,0.9650856047887,0.276324819365976,-0.0404906512393658,0.173728060411913
0.391256408207449,6.04940540194145,0.8333333522087,0.271792184153976,-0.0442513914002658,0.171618428515913
0.391256408207449,6.04940540194145,0.9650856047887,0.269072603025976,-0.0470719483835658,0.168805588471413
0.366764621250449,6.09828121066145,0.7015809804187,0.271792184153976,-0.0442513914002658,0.173728060411913
0.293289230577449,6.12271959185145,0.4380763560487,0.273605238237976,-0.0376700942559658,0.174431268560413
0.244305656664449,6.12271959185145,0.9650856047887,0.281763981619976,-0.0376700942559658,0.173024852263413
0.219813854806449,6.12271959185145,0.9650856047887,0.279950927534976,-0.0348495382039658,0.173728060411913
0.121846677176449,6.02496749759145,0.9650856047887,0.276324819365976,-0.0263878695821958,0.174431268560413
0.146338479034449,5.92721588015145,0.9650856047887,0.267259548941976,-0.0282682401283258,0.176540900456413
0.146338479034449,5.80502635836145,0.8333333522087,0.262726883926976,-0.0282682401283258,0.177244116055512
0.244305656664449,5.53620893359145,0.8333333522087,0.242783288994976,-0.0367299092157658,0.180056956099913
0.268797443620449,5.48733312487145,0.7015809804187,0.236437584796976,-0.0423710213197658,0.180056956099913
0.268797443620449,5.29182989001145,0.7015809804187,0.229185368457976,-0.0433112063600658,0.175837692307913
0.244305656664449,5.29182989001145,0.8333333522087,0.228278841414976,-0.0451915764404658,0.172321644114913
0.170830265991449,5.34070569873145,0.7015809804187,0.234624530711976,-0.0386102792961658,0.173024852263413
0.0483712939545492,5.46289522052145,0.4380763560487,0.241876761951976,-0.0273280550880858,0.175837692307913
0.0238794995471492,5.60952264666145,0.7015809804187,0.249128978291976,-0.0273280550880858,0.176540900456413
-0.0251040892675508,5.68283683657145,0.8333333522087,0.255474667587976,-0.0273280550880858,0.177947324203913
0.0238794995471492,5.75615054965145,0.9650856047887,0.263633440771976,-0.0310887961803558,0.180760164248413
-0.0006122948601508,5.78058845401145,0.7015809804187,0.266353021898976,-0.0292084256342258,0.184276212441413
0.0238794995471492,5.75615054965145,0.8333333522087,0.265446494856976,-0.0357897232441658,0.186385844337813
0.0728630883619492,5.78058845401145,0.8333333522087,0.263633440771976,-0.0386102792961658,0.187792268084813
0.121846677176449,5.82946426272145,0.8333333522087,0.265446494856976,-0.0414308362795658,0.183573004292913
0.0973548827694492,5.85390216708145,0.9650856047887,0.268166075983976,-0.0442513914002658,0.183573004292913
-0.0251040892675508,5.95165378451145,1.0968378573587,0.278137873449976,-0.0320289821519158,0.179353740500913
-0.0740876780822508,6.00052959323145,1.2285901099387,0.278137873449976,-0.0263878695821958,0.179353740500913
-0.221038444526551,5.87834007144145,0.9650856047887,0.269979130068976,-0.0179262009604458,0.182869796144413
-0.221038444526551,5.73171264529145,0.5698287278387,0.260007302799976,-0.0122850888563658,0.188495476233813
-0.196546657569551,5.60952264666145,0.5698287278387,0.251848559418976,-0.0141654598681758,0.192714732574813
-0.0985794724896508,5.46289522052145,0.5698287278387,0.246409397163976,-0.0245074988032258,0.192714732574813
-0.0251040892675508,5.43845731616145,0.5698287278387,0.240063707867976,-0.0310887961803558,0.192011524426813
0.121846677176449,5.29182989001145,0.8333333522087,0.233718003669976,-0.0442513914002658,0.187089052485813
0.268797443620449,5.31626779437145,0.8333333522087,0.233718003669976,-0.0498925035043658,0.184276212441413
0.293289230577449,5.38958150744145,0.9650856047887,0.239157165923976,-0.0536532455278658,0.183573004292913
0.244305656664449,5.53620893359145,0.9650856047887,0.250942032375976,-0.0461317633433658,0.182869796144413
0.146338479034449,5.80502635836145,1.0968378573587,0.268166075983976,-0.0433112063600658,0.182869796144413
0.0728630883619492,5.92721588015145,0.9650856047887,0.277231346407976,-0.0367299092157658,0.186385844337813
-0.0006122948601508,6.02496749759145,1.0968378573587,0.288109670916976,-0.0329691671921658,0.189901892530813
-0.0006122948601508,6.09828121066145,1.2285901099387,0.294455390015976,-0.0367299092157658,0.192011524426813
0.0483712939545492,6.02496749759145,1.0968378573587,0.289016197958976,-0.0348495382039658,0.195527572619813
0.0483712939545492,5.80502635836145,0.9650856047887,0.274511765280976,-0.0367299092157658,0.196230788218813
0.0973548827694492,5.65839893222145,0.9650856047887,0.265446494856976,-0.0423710213197658,0.196230788218813
0.0973548827694492,5.46289522052145,1.2285901099387,0.251848559418976,-0.0442513914002658,0.196230788218813
0.0483712939545492,5.34070569873145,0.9650856047887,0.246409397163976,-0.0395504643364658,0.196933996366813
0.0483712939545492,5.24295408130145,1.0968378573587,0.243689816036976,-0.0414308362795658,0.195527572619813
-0.0006122948601508,5.09632617831145,0.9650856047887,0.237344111838976,-0.0329691671921658,0.197637204515813
0.0238794995471492,4.99857456088145,0.8333333522087,0.225559260287976,-0.0376700942559658,0.196933996366813
0.0483712939545492,4.85194713473145,0.8333333522087,0.217400502005976,-0.0404906512393658,0.199043628262813
0.170830265991449,4.77863342166145,0.7015809804187,0.212867866793976,-0.0470719483835658,0.201856468307813
0.293289230577449,4.75419551730145,0.7015809804187,0.210148285665976,-0.0555336156083658,0.201153260158813
0.268797443620449,4.68088180423145,0.5698287278387,0.202896054425976,-0.0564738006485658,0.208888564693813
0.244305656664449,3.63005048632145,0.3063241034687,0.244596343079976,-0.0508326904071658,0.286241677092813
0.342272834293449,4.50981599688145,0.4380763560487,0.168447997012976,-0.0639952846957658,0.226468828009813
0.366764621250449,4.50981599688145,0.5698287278387,0.230091895499976,-0.0621149146153658,0.228578445004813
0.268797443620449,4.68088180423145,0.9650856047887,0.216493974962976,-0.0545934305681658,0.232094508098813
0.268797443620449,4.48537809253145,0.7015809804187,0.212867866793976,-0.0545934305681658,0.237720188187813
0.146338479034449,4.50981599688145,0.5698287278387,0.209241758623976,-0.0470719483835658,0.227172028707813
0.170830265991449,4.33875066638145,0.5698287278387,0.203802581468976,-0.0517728754474658,0.223655980514813
0.170830265991449,4.24099904895145,0.4380763560487,0.200176473298976,-0.0470719483835658,0.227875244306812
0.244305656664449,3.94774371981145,0.3063241034687,0.179326336422976,-0.0545934305681658,0.229984876202813
0.268797443620449,3.63005048632145,0.7015809804187,0.171167578139976,-0.0611747295750658,0.243345868276813
0.317781047336449,3.58117467761145,0.4380763560487,0.148504387178976,-0.0611747295750658,0.229281660603812
0.293289230577449,3.23904377818145,0.4380763560487,0.151223968306976,-0.0592943594945658,0.249674749063813
0.195322052948449,2.99466449618145,0.1745718508887,0.146691318192976,-0.0630550996555658,0.246158700870813
0.268797443620449,3.09241611361145,0.0428194791087,0.132186885514976,-0.0564738006485658,0.240533020781813
0.146338479034449,2.75028521418145,0.1745718508887,0.132186885514976,-0.0583541744543658,0.252487596558812
0.146338479034449,2.43259221911145,-0.2206850856573,0.132186885514976,-0.0724569537831658,0.263035741137812
0.268797443620449,2.33484036326145,-0.2206850856573,0.113149795272976,-0.0649354697360658,0.272177484320813
0.195322052948449,2.06602317691145,-0.2206850856573,0.114056322315976,-0.0696363986624658,0.285538476394813
0.268797443620449,1.84608179927145,-0.3524373978403,0.106804098525976,-0.0724569537831658,0.293976989077813
0.293289230577449,1.65057832599145,-0.3524373978403,0.089580069819476,-0.0733971388234658,0.296789836572813
0.513715402595449,3.23904377818145,0.1745718508887,0.098645347693876,-0.0686962136222658,0.215920668529813
0.538207189552449,3.33679539561145,-0.0889327734712999,0.116775903442976,-0.0564738006485658,0.182869796144413
0.391256408207449,2.28596455455145,0.1745718508887,0.106804098525976,-0.0357897232441658,0.171618428515913
0.293289230577449,2.75028521418145,-0.0889327734712999,0.089580069819476,-0.0442513914002658,0.126612984078613
0.244305656664449,2.35927826762145,-0.4841896504193,0.088673535326476,-0.0310887961803558,0.134348296063613
0.195322052948449,2.21265084147145,-0.3524373978403,0.106804098525976,-0.0216869426347848,0.116064832049113
0.170830265991449,2.16377503276145,-0.2206850856573,0.104991044440976,-0.0169860159202058,0.108329520064113
0.219813854806449,1.84608179927145,-0.6159419626023,0.116775903442976,-0.0179262009604458,0.103407049986213
0.244305656664449,1.74833018184145,-0.8794465571673,0.110430206695976,-0.0160458304143058,0.0844203757277325
0.219813854806449,1.52838880420145,-0.4841896504193,0.128560762444976,-0.0094645328043658,0.0661369119460125
0.219813854806449,1.57726461291145,-0.7476942747863,0.118588957527976,-0.0160458304143058,0.0661369119460125
0.219813854806449,1.06406814456145,-0.4841896504193,0.119495484569976,-0.0085243468327658,0.0534791317458125
0.195322052948449,0.99075431228145,-0.3524373978403,0.122215073147976,-0.0075841617925658,0.0492598679537125
0.146338479034449,0.84412676692145,-0.7476942747863,0.113149795272976,-0.0019430496884658,0.0492598679537125
0.146338479034449,0.81968886256145,-0.7476942747863,0.109523679652976,-0.0028832347287658,0.0689497519905125
0.195322052948449,0.84412676692145,-0.6159419626023,0.112243268230976,-0.0047636048091658,0.0591048118348125
0.170830265991449,0.47755784392345,-1.1429511517313,0.113149795272976,0.0036980624155341,0.0408213478202125
-0.0006122948601508,0.35536820292445,-0.8794465571673,0.104991044440976,0.0083989894793341,0.0281635638947125
0.0483712939545492,0.0865509867664498,-1.0111988544493,0.099551874736276,0.0083989894793341,0.0239443038280125
0.0483712939545492,-0.15782828032955,-1.0111988544493,0.094112705031376,0.0130999184058342,0.0239443038280125
0.0483712939545492,-0.30445585548905,-1.0111988544493,0.082327846029776,0.0112195446000342,0.0190218356127125
-0.0006122948601508,-0.57327307164655,-1.0111988544493,0.086860481241676,0.0149802884863342,0.0084736835832125
0.0483712939545492,-0.62214892506655,-1.0111988544493,0.079608257451976,0.0121597296403342,0.0049576279397125
-0.0006122948601508,-0.69546272754655,-0.8794465571673,0.075982149282476,0.0083989894793341,0.0042544197912125
-0.0740876780822508,-0.89096617102655,-1.0111988544493,0.076888676324876,0.0168606585668342,-0.0027776765947874
-0.0740876780822508,-0.84209027290355,-0.8794465571673,0.069636452535176,0.0149802884863342,-0.0041841003422874
-0.0495958836749508,-0.93984197974255,-1.0111988544493,0.070542979577576,0.0149802884863342,-0.0069969403867874
-0.0495958836749508,-0.96427994370455,-1.0111988544493,0.070542979577576,0.0187410286472342,-0.0077001485352874
0.0238794995471492,-0.86652820706355,-0.8794465571673,0.057851589808176,0.0083989894793341,0.0042544197912125
0.0728630883619492,-0.91540407538455,-0.6159419626023,0.062384228745476,0.0046382474558341,-0.0013712602977874
0.170830265991449,-0.86652820706355,-0.6159419626023,0.056945062765876,-0.0047636048091658,0.0035512116427125
0.244305656664449,-0.84209027290355,-0.7476942747863,0.051505893060876,-0.0057037917120658,0.0133961555237125
0.268797443620449,-0.86652820706355,-0.6159419626023,0.055132004955776,-0.0085243468327658,0.0105833154792125
0.268797443620449,-0.76877650022555,-0.6159419626023,0.053318950870976,-0.0094645328043658,0.0140993636722125
0.268797443620449,-0.81765236854555,-0.4841896504193,0.050599366018576,-0.0075841617925658,0.0133961555237125
0.293289230577449,-0.74433856606555,-0.6159419626023,0.054225477913376,-0.0104047178445658,0.0098800998802125
0.244305656664449,-0.67102479338655,-0.4841896504193,0.046973254123676,-0.0151056449084158,0.0126929399247125
0.219813854806449,-0.69546272754655,-0.2206850856573,0.049692838976176,-0.0151056449084158,0.0035512116427125
0.170830265991449,-0.67102479338655,-0.2206850856573,0.040627561101676,-0.0160458304143058,0.0077704754347125
0.0973548827694492,-0.62214892506655,-0.0889327734712999,0.038814503291576,-0.0179262009604458,0.0056608435387125
0.146338479034449,-0.69546272754655,0.0428194791087,0.036094918439176,-0.0198065719722358,0.0084736835832125
0.0483712939545492,-0.64658685922655,0.0428194791087,0.031562279501876,-0.0207467572453058,0.0098800998802125
0.0728630883619492,-0.76877650022555,0.1745718508887,0.033375337311976,-0.0198065719722358,0.0091768917317125
0.121846677176449,-0.81765236854555,0.3063241034687,0.027936169469676,-0.0179262009604458,0.0126929399247125
0.0973548827694492,-0.81765236854555,0.3063241034687,0.028842696512076,-0.0207467572453058,0.0126929399247125
0.121846677176449,-0.79321443438555,0.3063241034687,0.027029640564676,-0.0198065719722358,0.0140993636722125
0.121846677176449,-0.71990063190455,0.1745718508887,0.026123113522276,-0.0235673134137468,0.0148025718207125
0.121846677176449,-0.59771100580755,0.3063241034687,0.023403528669876,-0.0235673134137468,0.0162089955682125
0.170830265991449,-0.45108343064805,0.5698287278387,0.019777416774976,-0.0254476840762958,0.0183186200137125
0.0973548827694492,-0.23114206790955,0.4380763560487,0.017057833785176,-0.0292084256342258,0.0169122037167125
0.0973548827694492,-0.18226621449055,0.4380763560487,0.011618665942876,-0.0292084256342258,0.0190218356127125
-0.0006122948601508,-0.0845144927505502,0.4380763560487,0.008899082021766,-0.0282682401283258,0.0204282519097125
-0.0251040892675508,-0.10895242691055,0.4380763560487,0.008899082021766,-0.0282682401283258,0.0197250437612125
0.0483712939545492,-0.10895242691055,0.4380763560487,0.006179498566296,-0.0292084256342258,0.0211314675088125
0.0238794995471492,-0.15782828032955,0.5698287278387,0.007992554048056,-0.0301486111401158,0.0197250437612125
0.121846677176449,-0.15782828032955,0.5698287278387,0.009805609995476,-0.0301486111401158,0.0197250437612125
0.0728630883619492,-0.18226621449055,0.4380763560487,0.009805609995476,-0.0292084256342258,0.0183186200137125
0.0483712939545492,-0.18226621449055,0.4380763560487,0.010712137969176,-0.0273280550880858,0.0190218356127125
0.0728630883619492,-0.15782828032955,0.4380763560487,0.010712137969176,-0.0273280550880858,0.0190218356127125
0.0238794995471492,-0.13339036107055,0.4380763560487,0.011618665942876,-0.0263878695821958,0.0197250437612125
0.0728630883619492,-0.13339036107055,0.4380763560487,0.012525193916576,-0.0282682401283258,0.0190218356127125
-0.0251040892675508,-0.0356386542325501,0.5698287278387,0.009805609995476,-0.0292084256342258,0.0183186200137125
-0.0251040892675508,-0.0356386542325501,0.4380763560487,0.008899082021766,-0.0282682401283258,0.0176154118652125
-0.0251040892675508,-0.0112007200715502,0.7015809804187,0.007086026540006,-0.0310887961803558,0.0197250437612125
0.0238794995471492,0.0132372140884499,0.5698287278387,0.007992554048056,-0.0329691671921658,0.0148025718207125
-0.0006122948601508,-0.0112007200715502,0.4380763560487,0.009805609995476,-0.0292084256342258,0.0183186200137125
-0.0006122948601508,-0.0356386542325501,0.5698287278387,0.007992554048056,-0.0292084256342258,0.0183186200137125
-0.0006122948601508,0.0132372140884499,0.5698287278387,0.009805609995476,-0.0301486111401158,0.0183186200137125
0.0728630883619492,-0.0356386542325501,0.5698287278387,0.012525193916576,-0.0301486111401158,0.0183186200137125
0.0728630883619492,-0.0600765585905502,0.4380763560487,0.012525193916576,-0.0320289821519158,0.0176154118652125
0.0238794995471492,-0.0356386542325501,0.4380763560487,0.012525193916576,-0.0292084256342258,0.0197250437612125
-0.0251040892675508,-0.0600765585905502,0.4380763560487,0.010712137969176,-0.0273280550880858,0.0197250437612125
0.0238794995471492,-0.0600765585905502,0.5698287278387,0.010712137969176,-0.0301486111401158,0.0176154118652125
-0.0251040892675508,-0.0356386542325501,0.5698287278387,0.009805609995476,-0.0301486111401158,0.0162089955682125
0.0728630883619492,0.0376751482484499,0.5698287278387,0.008899082021766,-0.0348495382039658,0.0169122037167125
0.0483712939545492,0.0376751482484499,0.4380763560487,0.008899082021766,-0.0320289821519158,0.0155057799692125
-0.0251040892675508,-0.0112007200715502,0.4380763560487,0.007086026540006,-0.0320289821519158,0.0197250437612125
-0.0251040892675508,0.0132372140884499,0.5698287278387,0.008899082021766,-0.0320289821519158,0.0148025718207125
-0.0006122948601508,-0.0112007200715502,0.5698287278387,0.009805609995476,-0.0301486111401158,0.0155057799692125
-0.0740876780822508,-0.10895242691055,0.5698287278387,0.009805609995476,-0.0292084256342258,0.0148025718207125
-0.0495958836749508,-0.13339036107055,0.5698287278387,0.010712137969176,-0.0301486111401158,0.0140993636722125
-0.0251040892675508,-0.13339036107055,0.5698287278387,0.007992554048056,-0.0310887961803558,0.0183186200137125
-0.0251040892675508,-0.13339036107055,0.7015809804187,0.010712137969176,-0.0292084256342258,0.0155057799692125
-0.0495958836749508,-0.13339036107055,0.5698287278387,0.009805609995476,-0.0320289821519158,0.0162089955682125
-0.0251040892675508,-0.0356386542325501,0.5698287278387,0.009805609995476,-0.0310887961803558,0.0140993636722125
-0.0251040892675508,-0.0600765585905502,0.4380763560487,0.008899082021766,-0.0329691671921658,0.0169122037167125
-0.0251040892675508,-0.0112007200715502,0.5698287278387,0.008899082021766,-0.0357897232441658,0.0162089955682125
-0.0251040892675508,-0.0112007200715502,0.5698287278387,0.007992554048056,-0.0339093522323658,0.0155057799692125
-0.0251040892675508,0.0621130824084499,0.5698287278387,0.005272970592586,-0.0357897232441658,0.0190218356127125
-0.0740876780822508,-0.0356386542325501,0.7015809804187,0.006179498566296,-0.0329691671921658,0.0155057799692125
-0.0495958836749508,-0.0845144927505502,0.5698287278387,0.007086026540006,-0.0329691671921658,0.0133961555237125
-0.0985794724896508,-0.0845144927505502,0.5698287278387,0.007992554048056,-0.0292084256342258,0.0140993636722125
-0.0985794724896508,-0.15782828032955,0.4380763560487,0.007086026540006,-0.0310887961803558,0.0162089955682125
-0.0251040892675508,-0.13339036107055,0.4380763560487,0.007992554048056,-0.0301486111401158,0.0162089955682125
-0.0006122948601508,-0.0845144927505502,0.5698287278387,0.007086026540006,-0.0329691671921658,0.0183186200137125
-0.0985794724896508,-0.0845144927505502,0.4380763560487,0.008899082021766,-0.0339093522323658,0.0190218356127125
-0.0740876780822508,-0.0845144927505502,0.4380763560487,0.007992554048056,-0.0301486111401158,0.0169122037167125
-0.0495958836749508,-0.0112007200715502,0.5698287278387,0.005272970592586,-0.0395504643364658,0.0197250437612125
-0.0251040892675508,-0.0600765585905502,0.5698287278387,0.004366442618876,-0.0339093522323658,0.0155057799692125
-0.0006122948601508,-0.0356386542325501,0.5698287278387,0.004366442618876,-0.0357897232441658,0.0162089955682125
-0.0495958836749508,-0.0600765585905502,0.7015809804187,0.004366442618876,-0.0367299092157658,0.0155057799692125
-0.0985794724896508,-0.10895242691055,0.5698287278387,0.004366442618876,-0.0310887961803558,0.0155057799692125
-0.0740876780822508,-0.10895242691055,0.5698287278387,0.005272970592586,-0.0329691671921658,0.0140993636722125
-0.0495958836749508,-0.10895242691055,0.4380763560487,0.004366442618876,-0.0329691671921658,0.0148025718207125
-0.0985794724896508,-0.10895242691055,0.5698287278387,0.003459914877996,-0.0310887961803558,0.0176154118652125
-0.0985794724896508,-0.15782828032955,0.5698287278387,0.002553386904276,-0.0339093522323658,0.0176154118652125
-0.0740876780822508,-0.10895242691055,0.5698287278387,0.002553386904276,-0.0329691671921658,0.0176154118652125
-0.0495958836749508,-0.0600765585905502,0.5698287278387,0.002553386904276,-0.0367299092157658,0.0176154118652125
-0.0251040892675508,-0.0845144927505502,0.7015809804187,0.003459914877996,-0.0386102792961658,0.0176154118652125
-0.0985794724896508,-0.0845144927505502,0.5698287278387,0.003459914877996,-0.0357897232441658,0.0169122037167125
-0.0985794724896508,-0.0845144927505502,0.5698287278387,0.004366442618876,-0.0386102792961658,0.0148025718207125
-0.0740876780822508,-0.0845144927505502,0.7015809804187,0.005272970592586,-0.0395504643364658,0.0140993636722125
-0.0251040892675508,-0.0600765585905502,0.4380763560487,0.003459914877996,-0.0357897232441658,0.0148025718207125
-0.0740876780822508,-0.10895242691055,0.5698287278387,0.003459914877996,-0.0367299092157658,0.0140993636722125
-0.0740876780822508,-0.10895242691055,0.5698287278387,0.005272970592586,-0.0348495382039658,0.0119897317762125
-0.0985794724896508,-0.13339036107055,0.4380763560487,0.005272970592586,-0.0348495382039658,0.0155057799692125
-0.0495958836749508,-0.13339036107055,0.5698287278387,0.006179498566296,-0.0376700942559658,0.0169122037167125
-0.123071266897051,-0.13339036107055,0.4380763560487,0.007086026540006,-0.0348495382039658,0.0148025718207125
-0.0740876780822508,-0.10895242691055,0.4380763560487,0.005272970592586,-0.0339093522323658,0.0183186200137125
-0.0985794724896508,-0.10895242691055,0.5698287278387,0.007086026540006,-0.0339093522323658,0.0190218356127125
-0.0251040892675508,-0.0845144927505502,0.5698287278387,0.007086026540006,-0.0348495382039658,0.0197250437612125
-0.0251040892675508,-0.0356386542325501,0.7015809804187,0.006179498566296,-0.0376700942559658,0.0190218356127125
-0.0251040892675508,-0.0600765585905502,0.7015809804187,0.006179498566296,-0.0357897232441658,0.0190218356127125
-0.0740876780822508,-0.0845144927505502,0.7015809804187,0.006179498566296,-0.0348495382039658,0.0176154118652125
-0.0495958836749508,-0.10895242691055,0.5698287278387,0.007086026540006,-0.0367299092157658,0.0169122037167125
-0.0495958836749508,-0.10895242691055,0.5698287278387,0.005272970592586,-0.0339093522323658,0.0183186200137125
-0.0251040892675508,-0.15782828032955,0.5698287278387,0.006179498566296,-0.0348495382039658,0.0155057799692125
-0.0985794724896508,-0.13339036107055,0.5698287278387,0.006179498566296,-0.0339093522323658,0.0176154118652125
-0.123071266897051,-0.18226621449055,0.5698287278387,0.006179498566296,-0.0320289821519158,0.0183186200137125
-0.0251040892675508,-0.18226621449055,0.5698287278387,0.008899082021766,-0.0348495382039658,0.0190218356127125
-0.0251040892675508,-0.13339036107055,0.4380763560487,0.009805609995476,-0.0329691671921658,0.0190218356127125
-0.0251040892675508,-0.13339036107055,0.5698287278387,0.007086026540006,-0.0339093522323658,0.0197250437612125
-0.0251040892675508,-0.13339036107055,0.4380763560487,0.006179498566296,-0.0329691671921658,0.0183186200137125
-0.0740876780822508,-0.0845144927505502,0.5698287278387,0.005272970592586,-0.0329691671921658,0.0204282519097125
-0.0985794724896508,-0.10895242691055,0.5698287278387,0.007086026540006,-0.0329691671921658,0.0169122037167125
-0.0495958836749508,-0.0845144927505502,0.5698287278387,0.007086026540006,-0.0367299092157658,0.0183186200137125
-0.0251040892675508,-0.0600765585905502,0.4380763560487,0.006179498566296,-0.0357897232441658,0.0190218356127125
-0.0251040892675508,-0.0845144927505502,0.5698287278387,0.007992554048056,-0.0357897232441658,0.0169122037167125
-0.0740876780822508,-0.0845144927505502,0.5698287278387,0.007992554048056,-0.0329691671921658,0.0162089955682125
-0.123071266897051,-0.15782828032955,0.5698287278387,0.007086026540006,-0.0310887961803558,0.0133961555237125
-0.0740876780822508,-0.15782828032955,0.5698287278387,0.005272970592586,-0.0320289821519158,0.0169122037167125
-0.0251040892675508,-0.13339036107055,0.4380763560487,0.005272970592586,-0.0320289821519158,0.0169122037167125
-0.0985794724896508,-0.0845144927505502,0.5698287278387,0.004366442618876,-0.0329691671921658,0.0190218356127125
-0.0985794724896508,-0.0845144927505502,0.5698287278387,0.006179498566296,-0.0329691671921658,0.0183186200137125
-0.0495958836749508,-0.0600765585905502,0.7015809804187,0.006179498566296,-0.0329691671921658,0.0155057799692125
-0.0006122948601508,-0.0112007200715502,0.5698287278387,0.005272970592586,-0.0376700942559658,0.0169122037167125
-0.0740876780822508,-0.10895242691055,0.5698287278387,0.005272970592586,-0.0329691671921658,0.0148025718207125
-0.123071266897051,-0.0600765585905502,0.5698287278387,0.006179498566296,-0.0339093522323658,0.0162089955682125
-0.0740876780822508,-0.0845144927505502,0.4380763560487,0.005272970592586,-0.0348495382039658,0.0169122037167125
-0.0251040892675508,-0.0845144927505502,0.4380763560487,0.006179498566296,-0.0357897232441658,0.0169122037167125
-0.0495958836749508,-0.0845144927505502,0.5698287278387,0.003459914877996,-0.0339093522323658,0.0176154118652125
-0.0985794724896508,-0.10895242691055,0.5698287278387,0.004366442618876,-0.0320289821519158,0.0183186200137125
-0.0495958836749508,-0.10895242691055,0.5698287278387,0.004366442618876,-0.0329691671921658,0.0176154118652125
-0.0985794724896508,-0.15782828032955,0.5698287278387,0.004366442618876,-0.0310887961803558,0.0162089955682125
-0.0740876780822508,-0.10895242691055,0.5698287278387,0.004366442618876,-0.0339093522323658,0.0169122037167125
-0.0740876780822508,-0.0845144927505502,0.5698287278387,0.004366442618876,-0.0339093522323658,0.0176154118652125
-0.0740876780822508,-0.0600765585905502,0.5698287278387,0.006179498566296,-0.0357897232441658,0.0162089955682125
