x,y,z,q0,q1,q2,q3
0.736425280571,0.242750152946,1.34337306023,0.342220067978,0.438090890646,0.467091709375,-0.687595188618
0.736513912678,0.242677286267,1.34324085712,0.341992646456,0.438075274229,0.465837299824,-0.688568651676
0.736420154572,0.243634134531,1.34293937683,0.342461228371,0.438704252243,0.464229792356,-0.689020752907
0.736284375191,0.244140520692,1.34271728992,0.342717975378,0.439040362835,0.463064789772,-0.689462840557
0.736441850662,0.24379914999,1.34260118008,0.341103941202,0.439533233643,0.461631894112,-0.690908610821
0.73623585701,0.244768813252,1.3423371315,0.341859996319,0.439900666475,0.460361301899,-0.691148877144
0.736064553261,0.245525032282,1.3420675993,0.341985434294,0.440575569868,0.459099560976,-0.6914960742
0.735984265804,0.245670720935,1.34185087681,0.342107981443,0.440375566483,0.458366900682,-0.692048549652
0.735763907433,0.246365532279,1.34155142307,0.342269331217,0.440751194954,0.457225441933,-0.692484676838
0.735669791698,0.246653914452,1.34138262272,0.342140167952,0.440955460072,0.456702172756,-0.692763745785
0.735401749611,0.247299492359,1.3410974741,0.342682927847,0.441323757172,0.455469489098,-0.693072378635
0.735402107239,0.247466027737,1.34105348587,0.342128872871,0.441875129938,0.45439773798,-0.693697988987
0.735271751881,0.247543603182,1.3407626152,0.342876315117,0.441239446402,0.453943699598,-0.694030880928
0.734994113445,0.24850897491,1.34045255184,0.342992663383,0.442278146744,0.452647417784,-0.694158792496
0.734771728516,0.248900562525,1.34022915363,0.344188064337,0.441846489906,0.452529579401,-0.693918764591
0.73495554924,0.248757988214,1.34009742737,0.342811644077,0.442500025034,0.451281696558,-0.694995462894
0.734772026539,0.249500274658,1.33989787102,0.343377441168,0.44292896986,0.450037330389,-0.695249795914
0.734730303288,0.249653294683,1.3398270607,0.342702209949,0.443555235863,0.449011445045,-0.695846676826
0.734605491161,0.250239431858,1.33948886395,0.343518853188,0.443325847387,0.448776423931,-0.695741891861
0.734348535538,0.25065433979,1.3392367363,0.344617664814,0.442860305309,0.449231505394,-0.69520097971
0.73432970047,0.251025915146,1.33901762962,0.343734920025,0.443773031235,0.447836309671,-0.695955872536
0.73417776823,0.251323580742,1.33881008625,0.343842029572,0.444059103727,0.447104126215,-0.696191191673
0.733925819397,0.251963734627,1.33850705624,0.344019502401,0.444559305906,0.446506023407,-0.696168065071
0.733908176422,0.251991271973,1.33836746216,0.34387922287,0.444462925196,0.446152150631,-0.69652569294
0.733776152134,0.252414792776,1.33817493916,0.343983232975,0.444673985243,0.445491880178,-0.69676220417
0.733578383923,0.252883791924,1.33799600601,0.343629598618,0.445289105177,0.44467523694,-0.697065591812
0.733294725418,0.253055602312,1.33777046204,0.34511038661,0.444184184074,0.445585072041,-0.696457624435
0.73308801651,0.253672719002,1.33766198158,0.344133883715,0.445440620184,0.444291979074,-0.696964383125
0.733021378517,0.254075348377,1.33743345737,0.343944042921,0.445536464453,0.443391501904,-0.697569847107
0.732782781124,0.25454223156,1.33718645573,0.344547659159,0.445392459631,0.443253725767,-0.697451591492
0.732709228992,0.254633009434,1.33702170849,0.344261080027,0.445395469666,0.442989379168,-0.69775891304
0.73262834549,0.254687279463,1.33688747883,0.34404823184,0.445358753204,0.442672997713,-0.698088109493
0.732537388802,0.254747480154,1.33666467667,0.343620598316,0.44547945261,0.441866636276,-0.698732316494
0.732398986816,0.254811763763,1.33650612831,0.343736052513,0.44520637393,0.442058026791,-0.698728501797
0.732316613197,0.255135476589,1.33632707596,0.343784332275,0.445291936398,0.441596329212,-0.698942124844
0.732093632221,0.255725622177,1.33622539043,0.3437897861,0.445943534374,0.440911501646,-0.698956549168
0.731964707375,0.255748331547,1.33606100082,0.343895167112,0.445696264505,0.440932750702,-0.699048936367
0.731777191162,0.256245732307,1.33588981628,0.342433542013,0.447197645903,0.439118206501,-0.699949204922
0.731703877449,0.256074458361,1.3357694149,0.342455267906,0.446802675724,0.439158052206,-0.700165688992
0.731426656246,0.256467342377,1.33557915688,0.341854065657,0.44769385457,0.438438475132,-0.70034122467
0.731352508068,0.256693452597,1.33546459675,0.342943787575,0.447043150663,0.438586175442,-0.700131475925
0.731210768223,0.256730616093,1.33519124985,0.341976255178,0.447573155165,0.438332289457,-0.700425088406
0.730911433697,0.257150381804,1.33499991894,0.34214001894,0.447908014059,0.438358813524,-0.700114488602
0.730805754662,0.257293522358,1.33489429951,0.342035502195,0.448047816753,0.438107281923,-0.700233399868
0.730588018894,0.257753580809,1.33473157883,0.34194907546,0.448645502329,0.4374319911,-0.700315117836
0.730390310287,0.257952213287,1.33460104465,0.342041820288,0.448793441057,0.437385052443,-0.700204491615
0.730281829834,0.258013963699,1.33449959755,0.341854244471,0.448908120394,0.437346369028,-0.700246572495
0.730105042458,0.258049786091,1.33441960812,0.341294854879,0.449367791414,0.437075644732,-0.700393617153
0.729840397835,0.258240580559,1.33425867558,0.341227531433,0.44969689846,0.437042564154,-0.700235843658
0.729659974575,0.258206307888,1.33410716057,0.341438740492,0.449476242065,0.43731841445,-0.700102388859
0.729565620422,0.258635818958,1.33398461342,0.341281145811,0.450191646814,0.436941236258,-0.699954986572
0.729306697845,0.25854319334,1.3337842226,0.342455655336,0.449220955372,0.438057541847,-0.699307084084
0.729180455208,0.258773773909,1.33358085155,0.342352718115,0.449568390846,0.437807559967,-0.699290633202
0.729034304619,0.258751690388,1.33344745636,0.3421844244,0.449613571167,0.43780747056,-0.699344098568
0.728934586048,0.258924365044,1.33332562447,0.342157900333,0.44983831048,0.437774568796,-0.699233114719
0.728895008564,0.259088426828,1.33309435844,0.341929405928,0.450127214193,0.437314778566,-0.699446618557
0.728749215603,0.259275406599,1.33298313618,0.3419059515,0.450451344252,0.437018692493,-0.699434399605
0.728600144386,0.259570449591,1.33284342289,0.342719167471,0.450262635946,0.4369173944,-0.699221253395
0.728509426117,0.259803384542,1.33270943165,0.342835873365,0.450518131256,0.436548799276,-0.699229717255
0.728439211845,0.259739398956,1.33260428905,0.34273570776,0.450482666492,0.43636995554,-0.699413239956
0.728201627731,0.260057330132,1.33248460293,0.342737466097,0.451009571552,0.435987621546,-0.699311375618
0.727901101112,0.260211110115,1.33232533932,0.343239337206,0.45098695159,0.43619337678,-0.698951303959
0.727743029594,0.260132044554,1.33222925663,0.343059420586,0.451107650995,0.436074584723,-0.699035823345
0.72754663229,0.260324448347,1.33203697205,0.34216094017,0.45208594203,0.435358911753,-0.699290215969
0.727521598339,0.260481923819,1.33196616173,0.341033875942,0.453092992306,0.434285908937,-0.699856042862
0.727322995663,0.26071998477,1.33183836937,0.3410166502,0.453484982252,0.433934599161,-0.699828386307
0.727208316326,0.260787010193,1.33175313473,0.34095492959,0.45368924737,0.433482944965,-0.700005948544
0.727007985115,0.261174947023,1.3316026926,0.340867072344,0.454351782799,0.432988464832,-0.69992518425
0.726918339729,0.261218249798,1.33152627945,0.340831309557,0.454559326172,0.432794481516,-0.699927687645
0.726771533489,0.261447906494,1.33140051365,0.341260552406,0.454665124416,0.432712703943,-0.699700415134
0.726661682129,0.26131939888,1.3313344717,0.341465801001,0.454400360584,0.432946920395,-0.69962733984
0.726434648037,0.261458516121,1.33124709129,0.34144321084,0.454691082239,0.432969033718,-0.699435770512
0.726315557957,0.26151996851,1.33121287823,0.341645598412,0.454691559076,0.432746112347,-0.69947463274
0.72631329298,0.261284738779,1.33130192757,0.341129511595,0.454805463552,0.432639956474,-0.699717998505
0.726169109344,0.261119872332,1.33125817776,0.342319577932,0.45374545455,0.433355599642,-0.699382126331
0.725971460342,0.261486709118,1.33120906353,0.342656522989,0.454019427299,0.433075010777,-0.699213206768
0.725868999958,0.261617809534,1.33121299744,0.342781603336,0.454078704119,0.432814598083,-0.699274480343
0.725814342499,0.261797964573,1.33117437363,0.342425197363,0.454422324896,0.432154327631,-0.699634134769
0.725784182549,0.261829376221,1.33122706413,0.342620193958,0.454258084297,0.431809514761,-0.699858248234
0.725719153881,0.261965066195,1.33122098446,0.343565374613,0.45371556282,0.431567758322,-0.699895918369
0.725557565689,0.262341499329,1.33124184608,0.343877524137,0.45384863019,0.43109357357,-0.699948608875
0.725597441196,0.262356877327,1.33138644695,0.343753218651,0.453819155693,0.430093228817,-0.700643777847
0.725491702557,0.262491703033,1.33153927326,0.343934476376,0.453804194927,0.429593652487,-0.700871050358
0.725691318512,0.262293994427,1.33185112476,0.342861890793,0.454232394695,0.428355097771,-0.701876521111
0.725735902786,0.262256383896,1.33197247982,0.342927604914,0.453830122948,0.428258001804,-0.702163815498
0.725641727448,0.262368142605,1.33204627037,0.34362578392,0.453210473061,0.428209722042,-0.702252149582
0.725762605667,0.26224693656,1.33222067356,0.343593686819,0.452666074038,0.427972018719,-0.702763676643
0.725791752338,0.262365430593,1.33241629601,0.34375205636,0.452361941338,0.427617251873,-0.703097939491
0.72576880455,0.262784123421,1.33255064487,0.344091355801,0.452157706022,0.427073985338,-0.703393399715
0.725727856159,0.262905657291,1.33278679848,0.345095455647,0.451181322336,0.427112460136,-0.703505158424
0.725837409496,0.262737512589,1.33308756351,0.344568431377,0.450910508633,0.426604300737,-0.704245090485
0.725871026516,0.262695431709,1.33329463005,0.344696372747,0.450134366751,0.426722556353,-0.704607248306
0.725900173187,0.262374013662,1.33352577686,0.344813495874,0.449123799801,0.42715972662,-0.704929888248
0.725892543793,0.262375533581,1.33378839493,0.34415474534,0.44903498888,0.426541268826,-0.705682456493
0.725924789906,0.26233369112,1.33408021927,0.344018489122,0.448510110378,0.426765620708,-0.705946981907
0.725940585136,0.262266635895,1.33437919617,0.343902736902,0.447995990515,0.426726073027,-0.706353545189
0.726010918617,0.262322723866,1.33461558819,0.344140529633,0.447394251823,0.426904290915,-0.706511437893
0.726079285145,0.26226913929,1.33487296104,0.344104766846,0.446893125772,0.427053868771,-0.706755578518
0.725901067257,0.262122750282,1.33525323868,0.343802124262,0.446724385023,0.427616208792,-0.706669569016
0.725867509842,0.26221549511,1.33546686172,0.343888968229,0.446593463421,0.427487999201,-0.706787586212
0.726097941399,0.261623293161,1.33587062359,0.343064814806,0.446146428585,0.427635014057,-0.707381248474
0.726344525814,0.261114299297,1.33617722988,0.342560499907,0.445834338665,0.428017169237,-0.707591295242
0.726308763027,0.261108309031,1.33636271954,0.342829555273,0.445750713348,0.428231209517,-0.707384169102
0.725915014744,0.261577486992,1.33666944504,0.343383193016,0.446355968714,0.428656369448,-0.706475913525
0.725931107998,0.261346071959,1.33690941334,0.344657689333,0.445453435183,0.429971367121,-0.70562517643
0.726147890091,0.261207640171,1.33720183372,0.343809306622,0.446130812168,0.429836988449,-0.705693125725
0.726118385792,0.261219680309,1.33739757538,0.34342905879,0.446874260902,0.43022787571,-0.70516949892
0.726063013077,0.261063277721,1.33769214153,0.343495160341,0.447093784809,0.431244432926,-0.70437669754
0.726095497608,0.2608114779,1.33793962002,0.344038903713,0.447073668242,0.432642191648,-0.703266084194
0.726130485535,0.260266661644,1.33837544918,0.345096349716,0.446195691824,0.434727817774,-0.70201832056
0.725962162018,0.260564744473,1.3385835886,0.345688819885,0.44674244523,0.436307519674,-0.700397312641
0.725920796394,0.260217785835,1.33887577057,0.345845788717,0.446865469217,0.438032001257,-0.699163794518
0.725868999958,0.259824097157,1.3392072916,0.346797406673,0.446509093046,0.440460652113,-0.697391986847
0.726204156876,0.259437859058,1.33955454826,0.345852136612,0.447186976671,0.44141292572,-0.696824729443
0.725898861885,0.259040057659,1.33970010281,0.346311926842,0.447260856628,0.444216638803,-0.694764256477
0.725557565689,0.259649306536,1.33981537819,0.347768604755,0.44768050313,0.446529209614,-0.692279517651
0.725511074066,0.259179115295,1.33998179436,0.348270475864,0.44755461812,0.449354588985,-0.690277457237
0.725618839264,0.258900821209,1.34018146992,0.347203850746,0.448629200459,0.450972437859,-0.689061105251
0.725671589375,0.258907914162,1.3403737545,0.347788453102,0.449141174555,0.453172981739,-0.686985909939
0.725584685802,0.258947849274,1.34053981304,0.348421066999,0.449656605721,0.455512017012,-0.684777796268
0.725578486919,0.258787631989,1.34078526497,0.348917812109,0.450014859438,0.458257615566,-0.68245357275
0.725492656231,0.258681178093,1.34102249146,0.349425166845,0.450629204512,0.460745155811,-0.680109739304
0.725523173809,0.258415281773,1.34124910831,0.349631279707,0.451120495796,0.462917417288,-0.678200483322
0.725706934929,0.257800400257,1.3414658308,0.350982367992,0.450312912464,0.465927094221,-0.675974607468
0.725741326809,0.257733881474,1.34165370464,0.351577103138,0.450623452663,0.468108683825,-0.673948347569
0.725922465324,0.257376402617,1.34180259705,0.352594524622,0.450436383486,0.470423489809,-0.67192709446
0.72592318058,0.257517248392,1.34194755554,0.353126347065,0.451332449913,0.471877425909,-0.67002427578
0.72589969635,0.257644444704,1.34207487106,0.354391753674,0.451683372259,0.473584085703,-0.667912244797
0.726105809212,0.257204651833,1.3421587944,0.354179531336,0.45205783844,0.474898189306,-0.666837573051
0.725916266441,0.257537782192,1.34211754799,0.356008559465,0.452197611332,0.476775795221,-0.664424598217
0.725933074951,0.257455945015,1.34223663807,0.35784059763,0.451639860868,0.478657335043,-0.662464022636
0.726169645786,0.257090568542,1.3423268795,0.357759356499,0.452104985714,0.479084432125,-0.661881685257
0.726087033749,0.257455021143,1.34230136871,0.359430581331,0.452323168516,0.48018270731,-0.660028755665
0.726182341576,0.257339775562,1.3423422575,0.359846115112,0.452560961246,0.48063018918,-0.6593131423
0.726518750191,0.256881594658,1.34247791767,0.357829868793,0.454154849052,0.479806303978,-0.659914493561
0.72637116909,0.25720000267,1.342441082,0.358870387077,0.454417437315,0.480359643698,-0.658765077591
0.726433575153,0.257134616375,1.34241068363,0.358437180519,0.455199062824,0.479776978493,-0.65888607502
0.726452827454,0.25703728199,1.34240138531,0.358766168356,0.455393254757,0.479775756598,-0.658573508263
0.726652085781,0.256410002708,1.34250509739,0.35823866725,0.455401092768,0.479556202888,-0.659014999866
0.726503789425,0.256511449814,1.3425142765,0.359415590763,0.454970091581,0.47994607687,-0.65838778019
0.726517498493,0.256376773119,1.34252858162,0.359488576651,0.454991877079,0.479461580515,-0.658685803413
0.726526260376,0.256287574768,1.3425501585,0.359474092722,0.455069065094,0.479170918465,-0.658851861954
0.726607620716,0.255992949009,1.34263753891,0.360451757908,0.4540823102,0.479471981525,-0.658779621124
0.726613581181,0.255768358707,1.34263503551,0.359680980444,0.454477965832,0.478495955467,-0.659636974335
0.726627886295,0.255668640137,1.34264969826,0.359760731459,0.454447478056,0.477901518345,-0.660045385361
0.726545870304,0.255742758512,1.3426836729,0.360463112593,0.454204887152,0.477407723665,-0.66018652916
0.726519882679,0.255641579628,1.34273433685,0.360575526953,0.454053878784,0.476787626743,-0.660677015781
0.726520061493,0.255589842796,1.34285151958,0.359759658575,0.454823553562,0.475438475609,-0.661563932896
0.726364254951,0.255448102951,1.34292197227,0.359538286924,0.454806834459,0.474806427956,-0.662149548531
0.726315796375,0.255342334509,1.34293735027,0.359623223543,0.454681873322,0.473920971155,-0.662823140621
0.726330697536,0.254901707172,1.34294903278,0.359690397978,0.454764783382,0.473336458206,-0.663147389889
0.726348340511,0.25474601984,1.34294199944,0.358243972063,0.455701678991,0.471769243479,-0.664402902126
0.726249694824,0.254535198212,1.34290802479,0.358560144901,0.455148309469,0.471427887678,-0.664853692055
0.726190030575,0.254310667515,1.34296107292,0.358768373728,0.45402276516,0.47100892663,-0.665807187557
0.725968599319,0.254134714603,1.34291422367,0.359862476587,0.452846378088,0.47128751874,-0.665820717812
0.725871443748,0.253995120525,1.34287881851,0.359781354666,0.452705621719,0.470572143793,-0.666465938091
0.725781917572,0.253888905048,1.34285199642,0.359611272812,0.452719599009,0.469762861729,-0.667118787766
0.725731611252,0.253861486912,1.3427400589,0.358883589506,0.453145414591,0.468197822571,-0.668320834637
0.725585460663,0.254070580006,1.34256160259,0.358602553606,0.453587472439,0.467076331377,-0.668956160545
0.725466966629,0.254152089357,1.34253752232,0.358241707087,0.453919351101,0.465932756662,-0.66972142458
0.725396633148,0.253987461329,1.34249186516,0.358473360538,0.454121261835,0.464981347322,-0.670121729374
0.725328922272,0.25379756093,1.34246468544,0.358216762543,0.453933447599,0.463982909918,-0.671077609062
0.725388765335,0.252880394459,1.34249615669,0.356760263443,0.453221976757,0.463409006596,-0.672728955746
0.725319325924,0.252683281898,1.34246611595,0.356632322073,0.452996194363,0.46254953742,-0.673539757729
0.725307404995,0.252120256424,1.34248125553,0.357122689486,0.45174831152,0.462482243776,-0.674163937569
0.725064396858,0.252590298653,1.34234631062,0.357852458954,0.451644390821,0.461733371019,-0.674359917641
0.724978804588,0.252367049456,1.34231173992,0.357754766941,0.451454460621,0.460779249668,-0.675191104412
0.724990844727,0.25189524889,1.34232342243,0.356876522303,0.45153182745,0.459792256355,-0.676276028156
0.724905490875,0.251439988613,1.34233880043,0.357894927263,0.45084682107,0.459834992886,-0.676165878773
0.724788844585,0.251108258963,1.34232461452,0.357242703438,0.450202941895,0.459232449532,-0.677348136902
0.724846422672,0.250221610069,1.34239244461,0.3559268713,0.4500259161,0.458551824093,-0.678618431091
0.724708735943,0.249928310513,1.34234583378,0.35575196147,0.449778199196,0.458150207996,-0.679145514965
0.724615514278,0.249569118023,1.34231698513,0.355478703976,0.449549287558,0.457804501057,-0.679672956467
0.724143087864,0.250253528357,1.34208846092,0.356777340174,0.45020660758,0.45746549964,-0.678785264492
0.724021017551,0.249531581998,1.34213626385,0.354976832867,0.450168192387,0.456812769175,-0.680192708969
0.723816812038,0.249175220728,1.34212970734,0.354634135962,0.450186282396,0.456747561693,-0.68040317297
0.723832905293,0.248554095626,1.34228169918,0.353737354279,0.450325042009,0.456144422293,-0.681182384491
0.723683178425,0.248096376657,1.34236443043,0.35385209322,0.449964344501,0.456502407789,-0.681121408939
0.723689496517,0.247692987323,1.34229695797,0.35319045186,0.450084596872,0.456244826317,-0.681557774544
0.723258674145,0.247712209821,1.34217643738,0.353234171867,0.450456321239,0.456469595432,-0.681139111519
0.72298169136,0.247249647975,1.34218072891,0.355623811483,0.44905552268,0.458148658276,-0.679691553116
0.723056674004,0.246176049113,1.34232532978,0.35514447093,0.447758734226,0.458689570427,-0.680432498455
0.723108887672,0.245747059584,1.34246647358,0.354024261236,0.448359876871,0.458085477352,-0.681027114391
0.723040521145,0.245463103056,1.34244310856,0.353024631739,0.449127167463,0.457523047924,-0.681418418884
0.72298759222,0.244799166918,1.34251523018,0.352840989828,0.448967069387,0.457557082176,-0.681596279144
0.722749829292,0.244160011411,1.34259092808,0.353794008493,0.448108524084,0.458558648825,-0.680993795395
0.722783148289,0.24369814992,1.34264755249,0.352577894926,0.449133813381,0.457762271166,-0.681484699249
0.722710192204,0.24323014915,1.34271526337,0.352743446827,0.449324011803,0.458048373461,-0.681081235409
0.72253715992,0.242623627186,1.34273004532,0.352635860443,0.449593424797,0.458467870951,-0.680676758289
0.722419440746,0.241962984204,1.342903018,0.35269895196,0.449858218431,0.458573013544,-0.680398344994
0.722358047962,0.241184860468,1.34302079678,0.353760004044,0.449252158403,0.459708034992,-0.679481327534
0.722357809544,0.240318104625,1.34321844578,0.354131579399,0.449682116508,0.460129380226,-0.678717792034
0.722190141678,0.240349650383,1.34320306778,0.353984326124,0.45018196106,0.460213124752,-0.678406476974
0.722063183784,0.239390432835,1.34338498116,0.356000810862,0.449233710766,0.462099045515,-0.676695764065
0.722086429596,0.239040136337,1.34343647957,0.355586081743,0.450010716915,0.461817741394,-0.676589548588
0.722102463245,0.238440603018,1.34353888035,0.355750590563,0.450012177229,0.46258059144,-0.675980567932
0.722426056862,0.237479627132,1.3437256813,0.354795128107,0.449626743793,0.462831288576,-0.676567316055
0.72238278389,0.237034589052,1.34390497208,0.355025708675,0.449842661619,0.463279038668,-0.675996184349
0.722624063492,0.235767200589,1.34408390522,0.354953050613,0.448921918869,0.46431645751,-0.675934791565
0.722656488419,0.235373288393,1.34422123432,0.355659484863,0.448683381081,0.464962095022,-0.675277650356
0.7223995924,0.234830230474,1.34440839291,0.356557309628,0.448239088058,0.466030091047,-0.67436248064
0.722509264946,0.234042778611,1.34459447861,0.356668740511,0.447958827019,0.46667098999,-0.674046397209
0.722666025162,0.23350264132,1.34495592117,0.357200086117,0.447807729244,0.466853111982,-0.673739314079
0.722885012627,0.232528433204,1.34510755539,0.355774372816,0.448271751404,0.466610252857,-0.674353122711
0.72287607193,0.231557145715,1.34529912472,0.35699519515,0.446497350931,0.468505442142,-0.673570454121
0.722953438759,0.230958819389,1.34559416771,0.356724590063,0.446534276009,0.468730539083,-0.67353284359
0.723263978958,0.229861408472,1.34590053558,0.356496036053,0.445986568928,0.46886241436,-0.673924863338
0.723203837872,0.229387670755,1.34614109993,0.357419461012,0.445345580578,0.469773977995,-0.673224449158
0.723413825035,0.228490769863,1.34650349617,0.357504576445,0.444634705782,0.470236420631,-0.673326253891
0.723653256893,0.227741479874,1.34677541256,0.356278419495,0.445090860128,0.469897598028,-0.673911094666
0.723765909672,0.226620301604,1.34709405899,0.357020527124,0.44332164526,0.470978617668,-0.673929750919
0.723980665207,0.225797832012,1.34743118286,0.357050567865,0.442631751299,0.471088349819,-0.674290716648
0.723950922489,0.22519685328,1.34763550758,0.357463985682,0.44191044569,0.471106946468,-0.674531638622
0.72429049015,0.223919048905,1.34794616699,0.356831103563,0.441033244133,0.471137881279,-0.675418794155
0.724524319172,0.222956240177,1.34829390049,0.355275452137,0.441195428371,0.470366597176,-0.676669180393
0.724531590939,0.22228230536,1.34849381447,0.355129390955,0.440840482712,0.469884335995,-0.677312135696
0.724622547626,0.221367135644,1.34873330593,0.354986876249,0.440095871687,0.469695746899,-0.678001523018
0.724890947342,0.220043569803,1.34911513329,0.355330556631,0.438509374857,0.470203578472,-0.678497195244
0.724890947342,0.220043569803,1.34911513329,0.355330556631,0.438509374857,0.470203578472,-0.678497195244
0.724926948547,0.218072935939,1.34958195686,0.354667931795,0.437571585178,0.470432072878,-0.679290413857
0.724741101265,0.217846617103,1.34980976582,0.3554251194,0.437336117029,0.470837920904,-0.678764879704
0.724974989891,0.216259002686,1.35007870197,0.354879170656,0.436371654272,0.471116870642,-0.679477393627
0.725092470646,0.215386852622,1.35029351711,0.354814350605,0.436116963625,0.471175342798,-0.679634153843
0.725264370441,0.214018091559,1.35055530071,0.353875100613,0.435965359211,0.471191376448,-0.680209696293
0.725190639496,0.213428854942,1.35079205036,0.354622453451,0.435584247112,0.47177273035,-0.679661631584
0.725097477436,0.212776213884,1.35098814964,0.354921877384,0.435537219048,0.472078472376,-0.679323136806
0.725126862526,0.21177379787,1.3512160778,0.354798674583,0.435259789228,0.472443550825,-0.679311275482
0.725410699844,0.21075579524,1.35162341595,0.353381693363,0.435948431492,0.472121596336,-0.679832160473
0.725367307663,0.209726080298,1.35188937187,0.354818701744,0.434736579657,0.473414540291,-0.678959906101
0.72559762001,0.208855986595,1.35207021236,0.354662299156,0.434799939394,0.472076386213,-0.679931998253
0.725752055645,0.207878112793,1.35232555866,0.353961706161,0.43513584137,0.472083866596,-0.680077016354
0.725653529167,0.206796586514,1.35248804092,0.35515588522,0.433829396963,0.473518401384,-0.679291427135
0.725785970688,0.205738976598,1.35280752182,0.354903429747,0.433521091938,0.473883956671,-0.679365158081
0.726009726524,0.20475718379,1.35302472115,0.355202585459,0.433265447617,0.474265277386,-0.679105937481
0.72605240345,0.203967913985,1.35329651833,0.353337585926,0.434802263975,0.47491133213,-0.678644895554
0.726290464401,0.202544733882,1.35356318951,0.354311853647,0.433298736811,0.476017087698,-0.678323686123
0.726553857327,0.201524138451,1.3537569046,0.353194236755,0.433834522963,0.475330799818,-0.679045021534
0.726447939873,0.200738653541,1.35396397114,0.354619324207,0.432824760675,0.476224929094,-0.678319811821
0.72664129734,0.19987270236,1.35412347317,0.354714781046,0.432714134455,0.476211935282,-0.678349673748
0.727032542229,0.198856860399,1.35449290276,0.352722495794,0.43408203125,0.47465378046,-0.679605484009
0.72720259428,0.197613298893,1.3547257185,0.353378564119,0.432908117771,0.475606441498,-0.679347336292
0.727175712585,0.196923747659,1.35496532917,0.353210955858,0.433426648378,0.475582361221,-0.679120838642
0.72753483057,0.195851922035,1.35526502132,0.353371500969,0.432779580355,0.474885493517,-0.679936945438
0.727485537529,0.194661736488,1.35552704334,0.354135245085,0.431519418955,0.476073086262,-0.679509878159
0.727936863899,0.193466857076,1.3558062315,0.352877825499,0.431914061308,0.474889785051,-0.680740237236
0.728021979332,0.192566633224,1.35601401329,0.352708488703,0.43174290657,0.474366486073,-0.681301355362
0.728182971478,0.19135402143,1.35632824898,0.353013157845,0.430646121502,0.474701792002,-0.681603968143
0.728262364864,0.19069480896,1.35668945312,0.353653311729,0.430370599031,0.47400945425,-0.681927859783
0.728510022163,0.189052313566,1.35694420338,0.35189473629,0.430200219154,0.47335729003,-0.68339651823
0.728776872158,0.187679633498,1.3573321104,0.351352721453,0.429698109627,0.472603917122,-0.684511780739
0.728614389896,0.187196269631,1.35759162903,0.352589398623,0.429872721434,0.472100377083,-0.684113681316
0.729001998901,0.185827836394,1.35796272755,0.350430965424,0.429503947496,0.47079962492,-0.686347067356
0.729074597359,0.184580713511,1.35820066929,0.350469022989,0.428892612457,0.47021868825,-0.687107741833
0.729148328304,0.18350109458,1.358548522,0.349894434214,0.428552389145,0.46923866868,-0.688281774521
0.729253590107,0.182298183441,1.3589630127,0.350019395351,0.427998304367,0.468398928642,-0.689134478569
0.729418575764,0.181292623281,1.35926020145,0.348290532827,0.428909689188,0.46630012989,-0.690864980221
0.729481875896,0.180536061525,1.359582901,0.349249452353,0.428288817406,0.465336114168,-0.691415905952
0.729457199574,0.179382711649,1.3598498106,0.348465889692,0.428279846907,0.464186698198,-0.692588448524
0.729495167732,0.178218215704,1.36013007164,0.34919527173,0.427139520645,0.463350981474,-0.693484246731
0.729497373104,0.17705231905,1.36052167416,0.347299069166,0.428259164095,0.461079061031,-0.69525796175
0.729751825333,0.175759613514,1.36070525646,0.346131265163,0.428203582764,0.4592448771,-0.697086215019
0.729744613171,0.174913018942,1.36105763912,0.346980988979,0.427740573883,0.457981944084,-0.697778522968
0.729709088802,0.173734694719,1.36134314537,0.346319466829,0.427801221609,0.456339269876,-0.699144780636
0.729802727699,0.172664269805,1.36163508892,0.345736503601,0.427966952324,0.454540014267,-0.700502753258
0.729883730412,0.171592950821,1.36187446117,0.345052361488,0.427972376347,0.45235568285,-0.702248454094
0.730044364929,0.169800370932,1.36228656769,0.343315064907,0.428095579147,0.450349420309,-0.704311311245
0.72992759943,0.169000864029,1.3624651432,0.343648642302,0.427922904491,0.448947846889,-0.705147922039
0.730035126209,0.167697787285,1.36274886131,0.34228593111,0.428203135729,0.446634918451,-0.707106530666
0.729853391647,0.166502743959,1.36298322678,0.344620049,0.426097214222,0.446814537048,-0.707131505013
0.729843020439,0.165313512087,1.36326754093,0.343837589025,0.426224023104,0.444567203522,-0.708850443363
0.729664206505,0.164389580488,1.36358594894,0.343551158905,0.426216244698,0.442618519068,-0.710212111473
0.729899764061,0.162934795022,1.36384797096,0.342959195375,0.425558269024,0.441050946712,-0.711866021156
0.729779422283,0.162072867155,1.36408507824,0.342200636864,0.426129966974,0.438262313604,-0.713609278202
0.729980170727,0.16022489965,1.36438751221,0.340090036392,0.42581269145,0.435874462128,-0.716265141964
0.729673981667,0.159832343459,1.36472702026,0.34059509635,0.426152676344,0.433579295874,-0.717215418816
0.729687452316,0.158442482352,1.36499679089,0.340118318796,0.425522297621,0.431815445423,-0.718878149986
0.729621350765,0.157045185566,1.36527812481,0.338886708021,0.425445407629,0.429513782263,-0.720881342888
0.729364097118,0.156163796782,1.36541688442,0.33907905221,0.425069540739,0.427385300398,-0.722276389599
0.72959959507,0.154520660639,1.36579096317,0.336457014084,0.425431758165,0.424037009478,-0.725256621838
0.729297995567,0.153702482581,1.36610245705,0.336190640926,0.425398170948,0.42163169384,-0.726800501347
0.729165434837,0.152338087559,1.36636519432,0.336045444012,0.424475550652,0.419677913189,-0.728535830975
0.729029774666,0.151356741786,1.3666292429,0.335576236248,0.424687623978,0.417225599289,-0.730035483837
0.729036331177,0.149896532297,1.36693120003,0.332646161318,0.425354778767,0.41340893507,-0.733152747154
0.728720903397,0.148934438825,1.36715424061,0.332905679941,0.424720972776,0.411254227161,-0.734612762928
0.728889226913,0.147068753839,1.36752772331,0.331562250853,0.424010068178,0.408525764942,-0.737149000168
0.728709042072,0.146296173334,1.36774790287,0.32988846302,0.424874454737,0.404809325933,-0.7394490242
0.728520393372,0.14495383203,1.36803042889,0.3276001513,0.425385832787,0.401651382446,-0.741890370846
0.728166818619,0.14395621419,1.36832010746,0.328562796116,0.424432754517,0.399677693844,-0.743075430393
0.728052020073,0.142896801233,1.36859619617,0.326016902924,0.425278395414,0.395675510168,-0.745850086212
0.727873027325,0.141690313816,1.36876285076,0.325098901987,0.424983799458,0.392721772194,-0.747976660728
0.727491497993,0.140406876802,1.36910796165,0.325199842453,0.424377799034,0.390800386667,-0.749282121658
0.727360188961,0.139248639345,1.36934280396,0.322709590197,0.425027489662,0.387149661779,-0.751881361008
0.727291047573,0.137800484896,1.36964976788,0.321059077978,0.424740552902,0.383874177933,-0.754425227642
0.726881325245,0.136613160372,1.37000834942,0.321486204863,0.423978805542,0.381698220968,-0.755774497986
0.726647436619,0.135518655181,1.37010920048,0.318969994783,0.424700081348,0.377707749605,-0.758435845375
0.72649461031,0.133873552084,1.37035298347,0.317513495684,0.424195408821,0.374883830547,-0.76072704792
0.726000964642,0.132908582687,1.37071359158,0.317322432995,0.42399585247,0.372638911009,-0.762019872665
0.725998401642,0.131631866097,1.37101483345,0.314221054316,0.424827218056,0.368240356445,-0.764974653721
0.725410223007,0.130660831928,1.37112426758,0.313772827387,0.424561262131,0.365804105997,-0.766473591328
0.725347697735,0.128944724798,1.37151396275,0.311185628176,0.424650847912,0.362483799458,-0.769051909447
0.72497600317,0.128126084805,1.3717148304,0.310405492783,0.424792319536,0.359327763319,-0.770768225193
0.724456012249,0.126847043633,1.3718662262,0.309057891369,0.424932897091,0.356163352728,-0.772698462009
0.724110722542,0.125645458698,1.37212347984,0.307600468397,0.425081461668,0.353077530861,-0.774612247944
0.723750293255,0.124523252249,1.37235581875,0.305979967117,0.425307750702,0.350289016962,-0.776393651962
0.723444461823,0.123390115798,1.3725785017,0.30494299531,0.425126165152,0.346871703863,-0.778432786465
0.723044276237,0.122203826904,1.37266778946,0.30361109972,0.425152301788,0.344130754471,-0.780153751373
0.722696423531,0.120998993516,1.37289750576,0.302618801594,0.425116181374,0.341635107994,-0.781654417515
0.722339272499,0.119659498334,1.37312960625,0.301058501005,0.425416022539,0.338404685259,-0.783496797085
0.721781015396,0.118856459856,1.37338078022,0.299886643887,0.426052242517,0.335142821074,-0.785001158714
0.721384525299,0.117644123733,1.37352347374,0.298549026251,0.42600056529,0.331863135099,-0.786930084229
0.720945596695,0.1165792346,1.37368142605,0.297241151333,0.426332235336,0.329179406166,-0.788371443748
0.72058069706,0.115479499102,1.37391138077,0.296010345221,0.426393717527,0.326087206602,-0.790084540844
0.720209300518,0.114338584244,1.37397193909,0.295511364937,0.42611014843,0.323385983706,-0.791533112526
0.719559729099,0.113257482648,1.3742120266,0.294710725546,0.426170349121,0.321129232645,-0.792717218399
0.71922570467,0.112148046494,1.3742890358,0.292172670364,0.426578849554,0.317004323006,-0.795093774796
0.718789756298,0.111060932279,1.37440752983,0.292301505804,0.425922065973,0.314875900745,-0.796243309975
0.718191504478,0.109961457551,1.37460839748,0.290872097015,0.426120102406,0.311988562346,-0.797795951366
0.717935502529,0.108676463366,1.37486219406,0.287945985794,0.426717996597,0.308266848326,-0.799981534481
0.717599272728,0.107576519251,1.37494397163,0.286489248276,0.426490336657,0.304995924234,-0.801877379417
0.717146277428,0.106543555856,1.37505233288,0.286625385284,0.425741523504,0.302593261003,-0.803135991096
0.717146277428,0.106543555856,1.37505233288,0.286625385284,0.425741523504,0.302593261003,-0.803135991096
0.715831339359,0.104616805911,1.37529051304,0.285167753696,0.425417363644,0.297562807798,-0.805702149868
0.715684235096,0.10360493511,1.37542140484,0.282680898905,0.425816863775,0.293608188629,-0.807815492153
0.715470194817,0.102594777942,1.37562215328,0.279354602098,0.426262766123,0.289401501417,-0.810251712799
0.715879261494,0.102456927299,1.37464642525,0.279201686382,0.424567103386,0.285230398178,-0.812670230865
0.715286135674,0.10120986402,1.37481057644,0.279126793146,0.423576444387,0.283375799656,-0.813860833645
0.714741230011,0.100448846817,1.37490868568,0.277568936348,0.423424333334,0.280235558748,-0.815558373928
0.714287698269,0.0994080007076,1.37510585785,0.275915265083,0.423113137484,0.27709004283,-0.817353785038
0.713150501251,0.0978768467903,1.37655472755,0.271856814623,0.425033628941,0.274306237698,-0.818655312061
0.712745547295,0.0968163311481,1.37659668922,0.270404845476,0.424599200487,0.271785974503,-0.820200741291
0.712016224861,0.0959272831678,1.37672495842,0.270467400551,0.423888295889,0.269875973463,-0.821177899837
0.711419641972,0.0949851050973,1.37697350979,0.269726634026,0.423346817493,0.267508715391,-0.822474360466
0.711292803288,0.0942211896181,1.37732374668,0.265422999859,0.424071490765,0.263050556183,-0.824935436249
0.710467338562,0.093365766108,1.3773355484,0.265534996986,0.423096805811,0.261449813843,-0.825908184052
0.710184812546,0.0923660695553,1.37766849995,0.262524455786,0.423411339521,0.258225947618,-0.827721655369
0.709599196911,0.091490611434,1.37770831585,0.262675821781,0.422350555658,0.256224215031,-0.828836917877
0.709857523441,0.0911448970437,1.37670743465,0.263935893774,0.419695079327,0.253909468651,-0.830496191978
0.709501683712,0.0903105437756,1.37681984901,0.260637819767,0.420090347528,0.250502884388,-0.832370400429
0.709161281586,0.0893042385578,1.37711906433,0.257807344198,0.420365989208,0.247381135821,-0.834044575691
0.708615243435,0.0885438919067,1.37731456757,0.257981479168,0.419536799192,0.245810553432,-0.834872186184
0.708238303661,0.0875861346722,1.3774408102,0.25568446517,0.419381260872,0.242850527167,-0.836521744728
0.707442879677,0.0868895798922,1.37744736671,0.255382567644,0.418815732002,0.241145133972,-0.837390124798
0.706239819527,0.0853426530957,1.37876975536,0.25096988678,0.420781105757,0.238704904914,-0.838437497616
0.705399513245,0.0845743268728,1.37889182568,0.25077226758,0.420398592949,0.237131252885,-0.839134812355
0.704880237579,0.0834992676973,1.37886428833,0.250791937113,0.419377446175,0.235955938697,-0.839970707893
0.70428365469,0.0825209021568,1.37907648087,0.249544635415,0.41923725605,0.234160333872,-0.840914189816
0.704074442387,0.081769734621,1.37924301624,0.246879637241,0.419394522905,0.231050983071,-0.842481017113
0.703465759754,0.0810928940773,1.37931334972,0.246114388108,0.419292390347,0.229359820485,-0.843217551708
0.702699124813,0.0803019851446,1.37937104702,0.24626994133,0.418665647507,0.228003621101,-0.843851089478
0.702131211758,0.0796787589788,1.37952148914,0.245810747147,0.418585956097,0.226195991039,-0.844510674477
0.701295614243,0.0787663012743,1.37957251072,0.244090795517,0.418772578239,0.224850818515,-0.845275938511
0.700926303864,0.0782433003187,1.37946975231,0.241805911064,0.419175773859,0.222115457058,-0.846455156803
0.700286328793,0.0772010833025,1.37938570976,0.242105260491,0.418183475733,0.221599593759,-0.846995413303
0.699564695358,0.0763788670301,1.37950110435,0.241003707051,0.418802320957,0.22054721415,-0.847278475761
0.699278593063,0.075425490737,1.3796800375,0.23951973021,0.418506532907,0.219298809767,-0.848169028759
0.698697686195,0.0748600065708,1.37953329086,0.239408820868,0.418446987867,0.217946946621,-0.848578095436
0.697947621346,0.0742720365524,1.3795222044,0.238457813859,0.418843537569,0.217026472092,-0.848886072636
0.697947621346,0.0742720365524,1.3795222044,0.238457813859,0.418843537569,0.217026472092,-0.848886072636
0.697193622589,0.0732303112745,1.37961566448,0.235750734806,0.419299095869,0.21338263154,-0.850339829922
0.696614682674,0.0726502388716,1.37961113453,0.233986005187,0.419888466597,0.211853399873,-0.850918531418
0.696355104446,0.0719754695892,1.37968063354,0.232007279992,0.420018196106,0.209420755506,-0.851997852325
0.695634126663,0.0714476779103,1.37962651253,0.233453810215,0.419621676207,0.20881678164,-0.851946353912
0.695271253586,0.070833966136,1.37961566448,0.232959315181,0.419872552156,0.208522677422,-0.852030158043
0.694930553436,0.0703936368227,1.37958228588,0.23266607523,0.420015156269,0.207615613937,-0.852261483669
0.694434702396,0.0698132365942,1.37957561016,0.232141405344,0.420092135668,0.20637473464,-0.852667868137
0.694229722023,0.0693179666996,1.37954163551,0.229347512126,0.420992702246,0.20431868732,-0.8534745574
0.693448781967,0.0685346126556,1.37960994244,0.230412006378,0.420934677124,0.203520834446,-0.853407025337
0.69427472353,0.0690993219614,1.37823653221,0.232099875808,0.419016212225,0.202109158039,-0.854228854179
0.693809688091,0.0687595978379,1.37816309929,0.233544632792,0.418577045202,0.201212510467,-0.854262113571
0.693567335606,0.0682048723102,1.37881147861,0.231782391667,0.419705212116,0.199255660176,-0.854647159576
0.693333685398,0.0679303109646,1.37875401974,0.231382265687,0.41951751709,0.197787165642,-0.855188667774
0.693425357342,0.0675225034356,1.37878406048,0.229436308146,0.419806718826,0.195664197206,-0.856058955193
0.693425357342,0.0675225034356,1.37878406048,0.229436308146,0.419806718826,0.195664197206,-0.856058955193
0.692467987537,0.0673956945539,1.37789833546,0.232441440225,0.421053469181,0.196215540171,-0.854508280754
0.692513048649,0.0667378157377,1.37865483761,0.230967655778,0.421622335911,0.195021033287,-0.85490077734
0.692221879959,0.0665781199932,1.3785623312,0.230463415384,0.41934633255,0.191675007343,-0.856910765171
0.692050457001,0.0663967803121,1.37847590446,0.230283647776,0.419242471457,0.190643996,-0.857239842415
0.691928386688,0.0662737041712,1.37837123871,0.230083301663,0.419118911028,0.188762024045,-0.857770323753
0.69164532423,0.0662519037724,1.37758862972,0.229899600148,0.418423205614,0.188030302525,-0.858319759369
0.691674530506,0.0660526752472,1.37750959396,0.227871894836,0.418194800615,0.186055451632,-0.859401524067
0.691163301468,0.0660989582539,1.37729537487,0.228291377425,0.418251186609,0.184324294329,-0.859635770321
0.691036760807,0.0659683048725,1.37722420692,0.228195235133,0.417961627245,0.184072673321,-0.859856009483
0.690686166286,0.0657683163881,1.37687397003,0.227428734303,0.417367696762,0.183147311211,-0.860544919968
0.690606951714,0.0657040774822,1.37680852413,0.227123513818,0.416878044605,0.181323945522,-0.861248672009
0.690606951714,0.0657040774822,1.37680852413,0.227123513818,0.416878044605,0.181323945522,-0.861248672009
0.689832985401,0.0649950578809,1.37821280956,0.225630149245,0.417947620153,0.180501550436,-0.861295580864
0.689807236195,0.0649995133281,1.37820398808,0.22520019114,0.417305231094,0.179293274879,-0.861971616745
0.689807415009,0.0649635791779,1.37816023827,0.225096285343,0.416780143976,0.178571373224,-0.862402617931
0.69009500742,0.0648941397667,1.37812924385,0.222998693585,0.416282564402,0.176829084754,-0.863546133041
0.689867258072,0.0649872124195,1.37797379494,0.224078342319,0.41523617506,0.176268309355,-0.863885045052
0.689905405045,0.0649853944778,1.37788534164,0.223698288202,0.414648681879,0.175212144852,-0.864480257034
0.689983665943,0.0650200396776,1.37783312798,0.223308414221,0.413777053356,0.173804461956,-0.865282654762
0.690070033073,0.0650613903999,1.37777757645,0.22252343595,0.413042217493,0.171802610159,-0.866235256195
0.690196990967,0.0651101991534,1.37774503231,0.222496941686,0.411899030209,0.170549303293,-0.867033541203
0.690387010574,0.0651935115457,1.37769246101,0.222045347095,0.411042392254,0.169285595417,-0.867803215981
0.690594553947,0.0653205811977,1.37757110596,0.221636399627,0.410102754831,0.167690515518,-0.868661701679
0.690594553947,0.0653205811977,1.37757110596,0.221636399627,0.410102754831,0.167690515518,-0.868661701679
0.690882205963,0.0654776096344,1.37749695778,0.220506235957,0.408284634352,0.164698913693,-0.870376348495
0.691086053848,0.0656009986997,1.37746572495,0.220076426864,0.407519251108,0.163355559111,-0.871096670628
0.691339075565,0.065305352211,1.37744951248,0.220616176724,0.405705213547,0.16216185689,-0.872029423714
0.691523194313,0.0653962343931,1.37745511532,0.220282509923,0.404917597771,0.160489648581,-0.872788965702
0.691663324833,0.0655483081937,1.37739551067,0.219603076577,0.403966605663,0.159527778625,-0.873576819897
0.691691279411,0.0656737834215,1.3773753643,0.22001580894,0.402582019567,0.158438995481,-0.874309957027
0.691940963268,0.0657594949007,1.3773651123,0.21950481832,0.401578426361,0.157208219171,-0.875121712685
0.692154169083,0.0660796836019,1.37738871574,0.218801364303,0.400174826384,0.155189350247,-0.876300394535
0.692617297173,0.0661790668964,1.37733244896,0.216883093119,0.39888882637,0.152781814337,-0.877785384655
0.693145573139,0.0662302672863,1.37745535374,0.21444696188,0.397848695517,0.150442257524,-0.879258811474
0.69317728281,0.0665902644396,1.37728869915,0.215326413512,0.396144002676,0.149421200156,-0.879987418652
0.693449676037,0.0667466968298,1.37730336189,0.2145421803,0.394685685635,0.147876575589,-0.881094455719
0.693826138973,0.0669761747122,1.37737524509,0.213559702039,0.393053233624,0.14556221664,-0.882447302341
0.694186031818,0.0672073662281,1.37745940685,0.212494090199,0.391190946102,0.144019693136,-0.88378405571
0.694868266582,0.0673324689269,1.37774312496,0.210209935904,0.38989892602,0.14271377027,-0.8851121068
0.695189535618,0.0675471797585,1.37787687778,0.209180250764,0.387832403183,0.141645982862,-0.886434495449
0.696442008018,0.068254455924,1.3775523901,0.209645345807,0.384645938873,0.139641627669,-0.888029694557
0.69655919075,0.0685993731022,1.37754547596,0.210151448846,0.38240852952,0.139321923256,-0.88892608881
0.696901321411,0.0690340548754,1.37704706192,0.210840880871,0.379839122295,0.13896048069,-0.889920473099
0.697399377823,0.0692371577024,1.37723338604,0.2097723037,0.377715557814,0.138001561165,-0.891225099564
0.697828710079,0.0692545473576,1.37811517715,0.20692846179,0.376651704311,0.136524215341,-0.892566680908
0.698239862919,0.0695213079453,1.37854635715,0.205943793058,0.374818056822,0.136475935578,-0.89357316494
0.698170483112,0.0694021880627,1.37898635864,0.204216569662,0.37390011549,0.137105956674,-0.894257426262
0.698170483112,0.0694021880627,1.37898635864,0.204216569662,0.37390011549,0.137105956674,-0.894257426262
0.700133740902,0.0705315768719,1.37837445736,0.204238116741,0.368499010801,0.136708170176,-0.8965523839
0.70061647892,0.0707498341799,1.37850618362,0.203120648861,0.366928160191,0.13688826561,-0.897422671318
0.701182544231,0.0711213648319,1.37886047363,0.203264728189,0.365870296955,0.138729602098,-0.897539079189
0.700350284576,0.0706282034516,1.38000440598,0.202417701483,0.366665035486,0.140804439783,-0.897083044052
0.701121807098,0.0708626806736,1.38017892838,0.201112121344,0.364952176809,0.14170512557,-0.897932946682
0.70161485672,0.0710802078247,1.38033306599,0.20080076158,0.364137232304,0.14274816215,-0.898168206215
0.702165365219,0.0716026946902,1.38068401814,0.200800701976,0.363745957613,0.144025817513,-0.89812284708
0.703062534332,0.0716932788491,1.38090133667,0.199653729796,0.362982720137,0.145534947515,-0.898443996906
0.70348316431,0.0721062868834,1.38113105297,0.201066732407,0.362256348133,0.147027701139,-0.898178935051
0.704055011272,0.0724844634533,1.38103890419,0.201956450939,0.361826062202,0.149911373854,-0.897675991058
0.704924702644,0.072546556592,1.38125038147,0.200799226761,0.36191868782,0.152358904481,-0.897486150265
0.705459535122,0.0729948282242,1.38128399849,0.201248899102,0.361580789089,0.154025197029,-0.897237122059
0.705994725227,0.0734840482473,1.38112938404,0.204316228628,0.361175000668,0.157570317388,-0.896091043949
0.706619739532,0.0738554596901,1.381254673,0.205542907119,0.36100757122,0.158615544438,-0.895693540573
0.708332419395,0.0749425366521,1.38010859489,0.208801671863,0.359287947416,0.161286011338,-0.895154118538
0.708311796188,0.0744678080082,1.38145089149,0.207081064582,0.36160877347,0.164219707251,-0.894085228443
0.709179580212,0.0750259906054,1.38137471676,0.210049301386,0.361550271511,0.166797608137,-0.892938613892
0.709787666798,0.0754557847977,1.38120162487,0.212244674563,0.362022697926,0.17028772831,-0.891568243504
0.710647344589,0.075752556324,1.38101935387,0.21363723278,0.362460911274,0.17333099246,-0.890470445156
0.710647344589,0.075752556324,1.38101935387,0.21363723278,0.362460911274,0.17333099246,-0.890470445156
0.712039589882,0.07653619349,1.3808618784,0.218749076128,0.363810420036,0.18007299304,-0.887335717678
0.712738573551,0.0766951814294,1.38073539734,0.219433411956,0.364994734526,0.183074638247,-0.88606518507
0.713239371777,0.076858356595,1.38077008724,0.221304133534,0.366255760193,0.186796471477,-0.884301066399
0.713239371777,0.076858356595,1.38077008724,0.221304133534,0.366255760193,0.186796471477,-0.884301066399
0.714743077755,0.0773076117039,1.38053917885,0.225685715675,0.368417441845,0.194317474961,-0.880667507648
0.715706706047,0.0777460485697,1.38045394421,0.226556494832,0.370280861855,0.197374433279,-0.878980994225
0.716053426266,0.0780189633369,1.38024604321,0.230165109038,0.371384978294,0.202173903584,-0.876483261585
0.716975867748,0.0783034712076,1.38015890121,0.230958804488,0.373496949673,0.205518558621,-0.874597191811
0.717290103436,0.0786162614822,1.37994551659,0.23506771028,0.374797523022,0.210467800498,-0.871764540672
0.717841565609,0.0789527893066,1.37978053093,0.237594425678,0.376847356558,0.215142115951,-0.869050621986
0.718701958656,0.0792189985514,1.37979745865,0.238529890776,0.379049837589,0.218604147434,-0.866970002651
0.719416081905,0.0793025195599,1.37953794003,0.241499871016,0.380558669567,0.223634690046,-0.864199340343
0.719478011131,0.0797982290387,1.3792797327,0.245460405946,0.382655203342,0.229241684079,-0.860681414604
0.720281362534,0.0799709632993,1.3791655302,0.246426358819,0.385284483433,0.23322533071,-0.858158349991
0.720703303814,0.0803707540035,1.37887775898,0.250290244818,0.387101471424,0.239915236831,-0.854369938374
0.721104502678,0.0807437449694,1.37867176533,0.254807919264,0.388755202293,0.245262771845,-0.850757598877
0.721637308598,0.0810893326998,1.37850522995,0.257674872875,0.390841692686,0.249037921429,-0.847836434841
0.722409427166,0.0813181102276,1.37849581242,0.259062767029,0.393257111311,0.254208624363,-0.844756424427
0.723151028156,0.0816361531615,1.37834095955,0.260772943497,0.395659327507,0.258743911982,-0.841726064682
0.723774433136,0.0820675641298,1.37820327282,0.263462454081,0.397766441107,0.26483219862,-0.837993621826
0.724134743214,0.0825415700674,1.3778963089,0.268484592438,0.398877859116,0.270584821701,-0.834024250507
0.724724650383,0.0828179568052,1.37777662277,0.271370172501,0.400605261326,0.276100993156,-0.830446779728
0.72515630722,0.0832923427224,1.37748348713,0.275478124619,0.401759088039,0.282209634781,-0.82647395134
0.725963711739,0.0837361067533,1.37732732296,0.277094513178,0.403715491295,0.286957740784,-0.823339402676
0.726571500301,0.0839305520058,1.37722921371,0.279904693365,0.405311495066,0.292583972216,-0.81961619854
0.727212190628,0.0843564271927,1.37705469131,0.282915502787,0.406636744738,0.298228293657,-0.815883159637
0.728073239326,0.0847578123212,1.37700068951,0.284192353487,0.408648580313,0.302990227938,-0.812673389912
0.72825729847,0.0855091065168,1.37674260139,0.288597255945,0.409814715385,0.309127539396,-0.808210253716
0.728859901428,0.0863060504198,1.37656795979,0.289833068848,0.411733388901,0.313623070717,-0.805054664612
0.729651093483,0.0865501314402,1.37651193142,0.293299823999,0.412297457457,0.31950712204,-0.801187396049
0.730071663857,0.0869672894478,1.37637996674,0.296940594912,0.413307964802,0.32476079464,-0.797203421593
0.730071663857,0.0869672894478,1.37637996674,0.296940594912,0.413307964802,0.32476079464,-0.797203421593
0.732690095901,0.0890143811703,1.37548923492,0.301375091076,0.41524463892,0.332064151764,-0.791503965855
0.733122050762,0.0891136527061,1.37512862682,0.304318964481,0.415628701448,0.337539494038,-0.787851452827
0.733446955681,0.0901377871633,1.37496435642,0.309005111456,0.417441159487,0.344034850597,-0.782239675522
0.733786165714,0.0906956195831,1.37454521656,0.309861809015,0.41785877943,0.346737921238,-0.780482232571
0.734353661537,0.0911959409714,1.3744148016,0.312047868967,0.418929725885,0.351249277592,-0.777012228966
0.735068261623,0.0915403142571,1.37436592579,0.314888238907,0.419472455978,0.355484873056,-0.773639917374
0.735696852207,0.0921964794397,1.37420904636,0.317633748055,0.420232534409,0.360058397055,-0.769981443882
0.736273765564,0.0927837640047,1.37412977219,0.320012807846,0.421109050512,0.363248020411,-0.767013669014
0.736661851406,0.0935878157616,1.37389695644,0.321569949389,0.423017203808,0.366330057383,-0.763840079308
0.737206816673,0.0943212881684,1.37382042408,0.32290455699,0.423214584589,0.371402472258,-0.760711729527
0.737870395184,0.0946340858936,1.37369740009,0.32568565011,0.423701047897,0.37840154767,-0.755789995193
0.738183677197,0.0954701453447,1.37365925312,0.328732639551,0.425761461258,0.377666950226,-0.753677427769
0.737967014313,0.0955936610699,1.37488293648,0.330755859613,0.428319662809,0.382068008184,-0.749110817909
0.738635003567,0.0960622578859,1.37461102009,0.329785913229,0.430844962597,0.384433329105,-0.746876895428
0.738558113575,0.0966747105122,1.37431800365,0.334792882204,0.430699139833,0.39014801383,-0.741752326488
0.738558113575,0.0966747105122,1.37431800365,0.334792882204,0.430699139833,0.39014801383,-0.741752326488
0.739388585091,0.0977625176311,1.37409031391,0.337837278843,0.433606594801,0.397822529078,-0.734566986561
0.739670217037,0.0982896089554,1.3740414381,0.340487718582,0.434976190329,0.40474832058,-0.728726685047
0.740302503109,0.0988197475672,1.373960495,0.340035647154,0.436567127705,0.405706733465,-0.727452397346
0.740320444107,0.0994320735335,1.37383902073,0.342944562435,0.436507672071,0.411866694689,-0.722645163536
0.740616202354,0.0999600663781,1.37380099297,0.344623237848,0.437484234571,0.416819810867,-0.718403637409
0.740930020809,0.10037894547,1.37386417389,0.346473872662,0.437658429146,0.422696352005,-0.713959932327
0.741317629814,0.100873455405,1.37377727032,0.348057061434,0.437825024128,0.428053885698,-0.709884107113
0.741824865341,0.101453050971,1.37385499477,0.348916649818,0.438123971224,0.43343526125,-0.706001698971
0.742243051529,0.101909011602,1.37377250195,0.350066661835,0.438086658716,0.43915233016,-0.701910793781
0.742523550987,0.102464690804,1.37379980087,0.35236787796,0.436963528395,0.445812642574,-0.697245180607
0.742964446545,0.103023134172,1.37388050556,0.35365703702,0.436440974474,0.451646983624,-0.69315290451
0.743433356285,0.103598706424,1.3739336729,0.354760199785,0.43568944931,0.457508414984,-0.689206838608
0.743987321854,0.104076437652,1.3740323782,0.354565173388,0.435891896486,0.462300986052,-0.685973584652
0.744552075863,0.104419872165,1.37417078018,0.355498820543,0.434516191483,0.468074858189,-0.68243843317
0.745039701462,0.104870229959,1.37415957451,0.357212156057,0.432582229376,0.474349021912,-0.678428471088
0.745599687099,0.10536377877,1.37416744232,0.356402248144,0.432585716248,0.478946208954,-0.675616621971
0.746217906475,0.106243297458,1.37436115742,0.358212471008,0.431205332279,0.48404943943,-0.671894311905
0.746614158154,0.10683388263,1.37440800667,0.358968228102,0.429774671793,0.489503890276,-0.668447136879
0.747555196285,0.106960073113,1.37451469898,0.358492463827,0.42860430479,0.493691653013,-0.666370868683
0.747946023941,0.107589580119,1.37455928326,0.359871208668,0.426597297192,0.498842835426,-0.663071215153
0.748894572258,0.108118221164,1.37454545498,0.359453737736,0.426103562117,0.502101778984,-0.661152541637
0.749617516994,0.108573257923,1.37462890148,0.359873771667,0.424744337797,0.505689620972,-0.659060835838
0.750486791134,0.108920797706,1.37473714352,0.36035746336,0.423086553812,0.509272158146,-0.657101333141
0.751204609871,0.109551474452,1.37474131584,0.360505223274,0.422027736902,0.512232661247,-0.655397832394
0.751768648624,0.110404610634,1.3748281002,0.361926496029,0.420566678047,0.515317738056,-0.653131425381
0.752890646458,0.110954940319,1.37485587597,0.361557871103,0.420037090778,0.516827106476,-0.652483344078
0.753479003906,0.11157964915,1.37482428551,0.365042537451,0.416546881199,0.52083748579,-0.649585187435
0.75452876091,0.111670225859,1.37482953072,0.363765329123,0.416399776936,0.521597743034,-0.649786114693
0.755488038063,0.112658686936,1.37473750114,0.364405870438,0.4161644876,0.522514402866,-0.648840606213
0.756171703339,0.113143570721,1.37471759319,0.366221129894,0.414279222488,0.524265706539,-0.647611320019
0.757274150848,0.113186560571,1.3747023344,0.366099655628,0.413633555174,0.524762809277,-0.647690057755
0.758209764957,0.113958492875,1.37462639809,0.367057353258,0.412688553333,0.525188744068,-0.647405683994
0.759554028511,0.113791137934,1.37458777428,0.365489810705,0.413246244192,0.523973941803,-0.64891910553
0.759882628918,0.114899620414,1.37440264225,0.369225651026,0.410963743925,0.525463283062,-0.647046923637
0.760805785656,0.115542203188,1.37433362007,0.370195150375,0.410733610392,0.524978578091,-0.647032678127
0.760805785656,0.115542203188,1.37433362007,0.370195150375,0.410733610392,0.524978578091,-0.647032678127
0.762660682201,0.116422846913,1.37416303158,0.370762526989,0.41101911664,0.52263957262,-0.648418307304
0.763452649117,0.11669793725,1.37401330471,0.371654748917,0.410305887461,0.521935164928,-0.648926377296
0.76406788826,0.117500156164,1.3737500906,0.374245584011,0.408998131752,0.521589457989,-0.648540854454
0.764855444431,0.117710366845,1.37374782562,0.374844133854,0.408776640892,0.520166993141,-0.649476587772
0.765890538692,0.118059694767,1.37365972996,0.374106645584,0.409896552563,0.517676889896,-0.651183307171
0.766472697258,0.118405975401,1.37348306179,0.375662475824,0.408934444189,0.516970157623,-0.651453971863
0.767231285572,0.118847310543,1.3733625412,0.376137703657,0.409134030342,0.51514005661,-0.652503371239
0.767753005028,0.119172587991,1.37327492237,0.376797497272,0.408889472485,0.513589799404,-0.653497219086
0.768598139286,0.119555801153,1.3732060194,0.377256244421,0.409191310406,0.511332571507,-0.654812455177
0.769179880619,0.119891121984,1.373082757,0.378066539764,0.409205585718,0.509649097919,-0.655648112297
0.769986510277,0.120113261044,1.37301838398,0.378825366497,0.408797979355,0.507811844349,-0.656888723373
0.769986510277,0.120113261044,1.37301838398,0.378825366497,0.408797979355,0.507811844349,-0.656888723373
0.770719408989,0.120631247759,1.372833848,0.381422877312,0.407518059015,0.505599617958,-0.657886505127
0.771261394024,0.120981365442,1.37271416187,0.381972402334,0.407589823008,0.503541350365,-0.65910077095
0.771789968014,0.121464148164,1.37270355225,0.381971657276,0.408358991146,0.501205742359,-0.660404205322
0.77230232954,0.121757492423,1.37269091606,0.382484197617,0.408382415771,0.500159323215,-0.660885989666
0.772858381271,0.121841028333,1.37267506123,0.382693529129,0.408337295055,0.497042357922,-0.66314047575
0.773311138153,0.122130706906,1.37264347076,0.3818564713,0.40947753191,0.494303911924,-0.66496437788
0.773746013641,0.122422114015,1.37261104584,0.382298409939,0.409511893988,0.492486387491,-0.666036903858
0.774217903614,0.122688397765,1.3725386858,0.38284316659,0.409393668175,0.490473479033,-0.667280972004
0.774311840534,0.12293484807,1.37251293659,0.383590638638,0.409082889557,0.489094495773,-0.668054044247
0.774719834328,0.123292133212,1.37259972095,0.383313894272,0.409836262465,0.486591815948,-0.669576883316
0.774993658066,0.123723074794,1.3725464344,0.383713304996,0.410123676062,0.484751313925,-0.670506477356
0.775359332561,0.123792037368,1.37254905701,0.383785843849,0.410081356764,0.482886880636,-0.671834766865
0.775359332561,0.123792037368,1.37254905701,0.383785843849,0.410081356764,0.482886880636,-0.671834766865
0.775704681873,0.124497376382,1.37249350548,0.384207695723,0.41074219346,0.478841573,-0.674081802368
0.775870800018,0.124814912677,1.37248516083,0.384336739779,0.411065220833,0.477052360773,-0.67507904768
0.775948345661,0.124784618616,1.37247467041,0.385008782148,0.410324364901,0.475928753614,-0.675939321518
0.776264190674,0.124962255359,1.37246274948,0.384157568216,0.411178946495,0.473530471325,-0.6775867939
0.776332676411,0.125209212303,1.37247216702,0.384097129107,0.411554276943,0.471982240677,-0.678472816944
0.776455760002,0.125448644161,1.3724578619,0.383491903543,0.412275969982,0.470502912998,-0.679403960705
0.776459872723,0.125860661268,1.37245559692,0.383423030376,0.412746399641,0.468046873808,-0.680851995945
0.776528656483,0.126050561666,1.37253284454,0.383791655302,0.412720859051,0.466666460037,-0.68160700798
0.776559054852,0.126229286194,1.37256145477,0.383749455214,0.413069248199,0.465003341436,-0.682555675507
0.776624441147,0.126226514578,1.37264716625,0.383438766003,0.413209795952,0.463422745466,-0.683719098568
0.776714384556,0.12644675374,1.37271642685,0.38262373209,0.414193689823,0.461428314447,-0.684928297997
0.776637613773,0.126579076052,1.37273097038,0.383051097393,0.414030790329,0.460482299328,-0.685424387455
0.776567220688,0.127028107643,1.37273478508,0.383165746927,0.41468089819,0.458799809217,-0.686095058918
0.776397585869,0.126773402095,1.37279725075,0.384282469749,0.413347929716,0.458796620369,-0.686277031898
0.776331782341,0.126949548721,1.37284696102,0.384154617786,0.413670897484,0.457625329494,-0.686935663223
0.776209890842,0.127321302891,1.37285625935,0.384159892797,0.414245814085,0.456151068211,-0.687566697598
0.77607780695,0.127624958754,1.3728890419,0.383286088705,0.415262192488,0.45450502634,-0.688530564308
0.77603495121,0.12781521678,1.37301158905,0.38177639246,0.416555970907,0.452841728926,-0.689682900906
0.775932252407,0.127798110247,1.37308824062,0.381761878729,0.416820734739,0.452571749687,-0.689708054066
0.775733351707,0.128086596727,1.37309360504,0.381381750107,0.417351454496,0.450210243464,-0.691141426563
0.775630533695,0.128399044275,1.37311398983,0.381531745195,0.417748600245,0.449302703142,-0.691409349442
0.775682091713,0.128290578723,1.37323856354,0.380288481712,0.418310672045,0.447795569897,-0.69273096323
0.775246441364,0.128651753068,1.3732612133,0.380974054337,0.418518841267,0.447476774454,-0.692434489727
0.775213837624,0.128388121724,1.37334311008,0.38045707345,0.418766379356,0.447735726833,-0.692401587963
0.774905204773,0.128702417016,1.37337827682,0.380172252655,0.419536054134,0.445694208145,-0.693408429623
0.774883449078,0.12860456109,1.37345540524,0.379727512598,0.41976967454,0.445016264915,-0.693945884705
0.774495363235,0.1289075315,1.37350857258,0.380943626165,0.419462889433,0.445220589638,-0.693333566189
0.774419665337,0.128838270903,1.37355947495,0.380773931742,0.419620633125,0.444756001234,-0.69362950325
0.77419424057,0.129015743732,1.3735781908,0.380098134279,0.420312285423,0.44367608428,-0.694272696972
0.773980617523,0.12947703898,1.37352788448,0.380620092154,0.42054694891,0.443344295025,-0.694056630135
0.773815631866,0.128963619471,1.37363195419,0.380256056786,0.420097887516,0.443833738565,-0.694215238094
0.773733198643,0.129372522235,1.37365543842,0.379791975021,0.421015799046,0.442922353745,-0.694495201111
0.773584485054,0.129412472248,1.37373840809,0.379519939423,0.421532601118,0.442492246628,-0.694604635239
0.773454129696,0.12955725193,1.37374377251,0.378946363926,0.422254890203,0.44197332859,-0.694809496403
0.773454129696,0.12955725193,1.37374377251,0.378946363926,0.422254890203,0.44197332859,-0.694809496403
0.77314054966,0.129769593477,1.37379562855,0.37908577919,0.422434806824,0.442152827978,-0.694509804249
0.772864699364,0.130009770393,1.3738322258,0.378944694996,0.422974079847,0.442138165236,-0.694267868996
0.772821187973,0.130033120513,1.37386846542,0.378029972315,0.423706352711,0.44166123867,-0.694623470306
0.77284091711,0.129917755723,1.37393820286,0.377754956484,0.423770189285,0.441730171442,-0.694690227509
0.772676110268,0.130221828818,1.37393569946,0.377850532532,0.424071162939,0.441785782576,-0.694419205189
0.772683918476,0.130333900452,1.37399566174,0.376967340708,0.424858540297,0.441317528486,-0.694715440273
0.772467911243,0.130448162556,1.37400877476,0.376693427563,0.425118774176,0.441657483578,-0.694488942623
0.772459208965,0.130528301001,1.37405323982,0.376600891352,0.425212115049,0.441828370094,-0.694373250008
0.772468626499,0.13038982451,1.37412023544,0.376204848289,0.425243705511,0.442100167274,-0.694395601749
0.772266089916,0.13061901927,1.37417078018,0.376461923122,0.425320923328,0.442607343197,-0.693885743618
0.772067666054,0.131024375558,1.37417817116,0.376987248659,0.425305485725,0.443165898323,-0.693253219128
0.772018432617,0.130868807435,1.37425923347,0.376386702061,0.425415873528,0.443607866764,-0.693229019642
0.771969199181,0.130945146084,1.37432467937,0.376601874828,0.425651758909,0.445104897022,-0.692006766796
0.77192980051,0.131083905697,1.37437570095,0.3759367764,0.425554424524,0.444866508245,-0.692581295967
0.771865129471,0.13104391098,1.37443757057,0.375564157963,0.425469100475,0.445527851582,-0.692410707474
0.771774709225,0.131148919463,1.37444198132,0.375178128481,0.425603270531,0.446076840162,-0.692184150219
0.771619081497,0.131332963705,1.37447357178,0.375688642263,0.425172120333,0.447121798992,-0.69149762392
0.771582424641,0.13138371706,1.37451994419,0.375417262316,0.42507904768,0.447790652514,-0.69126945734
0.77167981863,0.13149830699,1.37459099293,0.374394029379,0.425547063351,0.448042929173,-0.691372931004
0.771628022194,0.131518155336,1.37463355064,0.374116778374,0.425303995609,0.449070543051,-0.691005766392
0.77160102129,0.131601005793,1.37464988232,0.373314589262,0.425293177366,0.449737340212,-0.691012442112
0.771599531174,0.131637021899,1.37467646599,0.373559862375,0.425196707249,0.452715724707,-0.688991546631
0.771613717079,0.131679564714,1.37473392487,0.373326987028,0.425255656242,0.452198415995,-0.689420938492
0.771597266197,0.131706893444,1.37479293346,0.373023957014,0.425134897232,0.452856779099,-0.689227342606
0.771615564823,0.131765544415,1.37484896183,0.372227787971,0.424468696117,0.452887654305,-0.690047621727
0.771681070328,0.131821870804,1.37488090992,0.371947050095,0.424118816853,0.453698694706,-0.689881265163
0.771660923958,0.131870269775,1.37493121624,0.372668892145,0.423013389111,0.455155789852,-0.689210295677
0.771687507629,0.131787240505,1.37504315376,0.372429341078,0.422542929649,0.456101894379,-0.689002931118
0.771744310856,0.131843045354,1.37506759167,0.372900396585,0.421693235636,0.457212418318,-0.688532590866
0.771840214729,0.131964638829,1.37512147427,0.372414201498,0.421513348818,0.457967102528,-0.688404202461
0.772010982037,0.13197106123,1.3751860857,0.371638804674,0.421526998281,0.458252876997,-0.688624799252
0.772186517715,0.131844222546,1.37527751923,0.371319890022,0.421157687902,0.459086120129,-0.688467741013
0.772311449051,0.13172878325,1.37536942959,0.370827704668,0.420828133821,0.45981785655,-0.688446223736
0.772369205952,0.131879478693,1.37537360191,0.37069272995,0.420373082161,0.461471766233,-0.687689781189
0.772548794746,0.131742835045,1.37546813488,0.37022870779,0.419978499413,0.461520135403,-0.688148200512
0.77269411087,0.131742507219,1.37554299831,0.370023339987,0.419567227364,0.462198257446,-0.688054442406
0.772820234299,0.131739720702,1.37559151649,0.369756311178,0.41916307807,0.462822943926,-0.688024461269
0.772956073284,0.131743147969,1.37562072277,0.369366705418,0.418749451637,0.46354585886,-0.687998831272
0.773005723953,0.131901085377,1.37561964989,0.369286388159,0.41840839386,0.464398503304,-0.687674343586
0.773164987564,0.131944999099,1.37570571899,0.369121700525,0.418108165264,0.464865505695,-0.687629878521
0.773472011089,0.131770938635,1.3757866621,0.36892169714,0.417506277561,0.465325564146,-0.687791824341
0.773563325405,0.131722807884,1.37580287457,0.369451612234,0.416458398104,0.466405898333,-0.687410712242
0.77371942997,0.13182580471,1.37582159042,0.36876398325,0.416636347771,0.466362208128,-0.687701761723
0.774003207684,0.132003873587,1.37588369846,0.368242144585,0.416805416346,0.466116309166,-0.688045620918
0.774080097675,0.132008209825,1.37590706348,0.368683129549,0.415950268507,0.467151194811,-0.687624812126
0.774243056774,0.131794571877,1.37597572803,0.368104934692,0.415743976831,0.467467099428,-0.687844753265
0.774392008781,0.131765827537,1.37601602077,0.367988973856,0.415441483259,0.468229919672,-0.687570631504
0.774560570717,0.131707474589,1.37606680393,0.367714524269,0.415328770876,0.467804074287,-0.688075244427
0.774782896042,0.131703108549,1.37609541416,0.367598474026,0.415168046951,0.467763781548,-0.688261508942
0.774952054024,0.13167321682,1.37612462044,0.367468744516,0.414950340986,0.467810302973,-0.68843048811
0.7751288414,0.131674706936,1.37616920471,0.367387801409,0.414828598499,0.467818558216,-0.688541531563
0.775339722633,0.131847724319,1.37622559071,0.367958158255,0.414497226477,0.467776477337,-0.688464939594
0.775578022003,0.131548568606,1.37630808353,0.367407411337,0.414480745792,0.467574506998,-0.688906133175
0.77564316988,0.13165101409,1.3763256073,0.36755502224,0.414480894804,0.467474639416,-0.688895106316
0.775831699371,0.131631225348,1.37640118599,0.36713975668,0.414848297834,0.467087835073,-0.68915772438
0.776042282581,0.131606638432,1.37643682957,0.367228835821,0.4147580266,0.466852605343,-0.68932390213
0.776199281216,0.131567895412,1.37647640705,0.367320895195,0.414772540331,0.466572642326,-0.68945556879
0.776363730431,0.131523489952,1.37650847435,0.367443978786,0.414848327637,0.466267496347,-0.689550817013
0.776628851891,0.131513237953,1.37651360035,0.36771440506,0.414769023657,0.46563693881,-0.689880430698
0.776801228523,0.131251826882,1.37656581402,0.367354482412,0.414971739054,0.465198785067,-0.690245866776
0.776901781559,0.131170317531,1.37655353546,0.368030458689,0.414613962173,0.465227007866,-0.690081655979
0.777017235756,0.131157100201,1.37656283379,0.368179947138,0.414746701717,0.464876443148,-0.690158426762
0.777161717415,0.131104707718,1.37658834457,0.368410915136,0.414986759424,0.4645165205,-0.690133273602
0.777326762676,0.131015136838,1.37667250633,0.368514031172,0.415099650621,0.464090436697,-0.690296828747
0.777470946312,0.130960553885,1.37667810917,0.36871907115,0.415264934301,0.463598012924,-0.690418899059
0.777652144432,0.130933105946,1.37664973736,0.368997246027,0.415325284004,0.46317088604,-0.690520584583
0.777680397034,0.130958631635,1.37666988373,0.369703561068,0.415350139141,0.462779045105,-0.690390527248
0.777862250805,0.130812048912,1.37660825253,0.370495647192,0.414869397879,0.462736517191,-0.690283477306
0.777891337872,0.130719959736,1.37664163113,0.370519518852,0.415170788765,0.462360709906,-0.690341234207
0.77801656723,0.130642041564,1.37664568424,0.370717525482,0.415430128574,0.461974710226,-0.690337479115
0.778154790401,0.130586966872,1.37663626671,0.369861185551,0.416509568691,0.460662901402,-0.69102281332
0.778230309486,0.130485892296,1.37664949894,0.369834035635,0.416873186827,0.460134625435,-0.691169917583
0.778328537941,0.130438417196,1.37664926052,0.370240718126,0.41694137454,0.459813475609,-0.691124618053
0.778505921364,0.130400538445,1.37665450573,0.37057954073,0.41700053215,0.459329992533,-0.691228866577
0.778608202934,0.130341246724,1.37664985657,0.370797514915,0.417136281729,0.458981126547,-0.69126188755
0.778726279736,0.130318805575,1.3766336441,0.371118038893,0.417514503002,0.458265781403,-0.691336095333
0.778782844543,0.130215421319,1.37663245201,0.371432334185,0.417655438185,0.457880169153,-0.691337585449
0.778867781162,0.130122095346,1.37661027908,0.371705561876,0.417899519205,0.457396805286,-0.691363334656
0.778930127621,0.130055353045,1.37660121918,0.371877759695,0.418013095856,0.457033246756,-0.691442549229
0.778976261616,0.1300239712,1.37659823895,0.372101724148,0.418269842863,0.4566591084,-0.691413938999
0.778944551945,0.12995749712,1.37654852867,0.37301453948,0.41797965765,0.456755489111,-0.691033661366
0.779016792774,0.129851326346,1.37647294998,0.3732406497,0.418181300163,0.456279426813,-0.691104114056
0.779011309147,0.12974306941,1.37647533417,0.373407036066,0.418446391821,0.455926805735,-0.691086530685
0.779031455517,0.129656240344,1.37644529343,0.373549193144,0.418700844049,0.455578625202,-0.691085219383
0.779229044914,0.129503265023,1.37645173073,0.371860951185,0.420243859291,0.454025745392,-0.692080318928
0.779201686382,0.129628837109,1.37640082836,0.372634679079,0.420311778784,0.453773409128,-0.691788434982
0.779179632664,0.129533201456,1.37636172771,0.37265625596,0.420574873686,0.45344504714,-0.691832125187
0.779149949551,0.129406303167,1.37631547451,0.372865200043,0.420845121145,0.453061163425,-0.691806674004
0.779081106186,0.129331737757,1.37628030777,0.373015344143,0.421086966991,0.452779144049,-0.691763401031
0.779063522816,0.128856197,1.37626862526,0.374016165733,0.420086532831,0.453437566757,-0.691399931908
0.779031336308,0.128552228212,1.37626338005,0.373720258474,0.420326530933,0.453152090311,-0.691601037979
0.779008924961,0.12867410481,1.37623727322,0.374287307262,0.420385450125,0.452895611525,-0.691426455975
0.778953075409,0.128785133362,1.37621092796,0.372959136963,0.421848148108,0.451622366905,-0.692085921764
0.778853237629,0.128919750452,1.37618899345,0.373638808727,0.421860545874,0.451467305422,-0.691812992096
0.778637886047,0.128798782825,1.37618458271,0.37358212471,0.42215514183,0.451303958893,-0.691770374775
0.778495907784,0.128685534,1.37613940239,0.374686032534,0.421666681767,0.451523452997,-0.691327929497
0.778424143791,0.128431066871,1.37614393234,0.37422606349,0.421932011843,0.45122101903,-0.691612660885
0.778296291828,0.128553599119,1.37611162663,0.37470266223,0.421963691711,0.451064646244,-0.691437125206
0.778062105179,0.12842670083,1.37610590458,0.374667108059,0.42204529047,0.450914472342,-0.691504538059
0.777915239334,0.128320127726,1.37612986565,0.374574691057,0.422198385,0.450745254755,-0.691571295261
0.777771651745,0.128225713968,1.37611567974,0.374570339918,0.422245949507,0.450619518757,-0.691626787186
0.777668714523,0.12790286541,1.37614440918,0.373511850834,0.422839850187,0.449874460697,-0.692321062088
0.777520000935,0.127813324332,1.37614786625,0.37345007062,0.422880709171,0.449749946594,-0.692410230637
0.777115821838,0.12770819664,1.37611508369,0.374586254358,0.422054052353,0.450576424599,-0.691763281822
0.776907980442,0.127609178424,1.37610757351,0.374429702759,0.422114431858,0.45056822896,-0.69181650877
0.776667714119,0.127455383539,1.37614488602,0.374148190022,0.422232657671,0.450591623783,-0.691881477833
0.776493370533,0.127323463559,1.37621235847,0.372384637594,0.42322152853,0.449569493532,-0.692892789841
0.776228308678,0.127384543419,1.37620067596,0.372466593981,0.423226624727,0.449564307928,-0.692849099636
0.775904595852,0.127177044749,1.37624788284,0.372553646564,0.42291367054,0.449891626835,-0.692780911922
0.775683045387,0.126816928387,1.37631893158,0.372319370508,0.422614991665,0.450266093016,-0.692845821381
0.775381505489,0.126882717013,1.37628614902,0.372470289469,0.422614097595,0.450173139572,-0.692825555801
0.775063335896,0.126728355885,1.37626326084,0.371872633696,0.422841161489,0.450192034245,-0.692995846272
0.774824559689,0.126534357667,1.37626540661,0.371844887733,0.422487020493,0.450372427702,-0.693109631538
0.77459436655,0.126418024302,1.37627506256,0.371559172869,0.422412276268,0.450479388237,-0.693238914013
0.774196445942,0.126483306289,1.37627732754,0.370137155056,0.423334300518,0.449886381626,-0.693821966648
0.773897945881,0.126194253564,1.37632107735,0.369505494833,0.423398017883,0.449983119965,-0.694056868553
0.773565351963,0.126033723354,1.37633895874,0.369219869375,0.423381537199,0.45015874505,-0.69410520792
0.773262739182,0.125916957855,1.37639737129,0.369086325169,0.423298597336,0.450413286686,-0.694061636925
0.77296859026,0.125795036554,1.37635779381,0.369351297617,0.422853648663,0.450490951538,-0.694141447544
0.772548317909,0.125804573298,1.37635600567,0.369326651096,0.422867238522,0.450747698545,-0.693979561329
0.772132813931,0.125651359558,1.37635338306,0.368992596865,0.422954708338,0.450998336077,-0.693941116333
0.771900475025,0.125480741262,1.37638747692,0.368024230003,0.423144698143,0.450738102198,-0.694508492947
0.771497428417,0.125347852707,1.37637138367,0.369053900242,0.422198146582,0.451722502708,-0.693898320198
0.771497428417,0.125347852707,1.37637138367,0.369053900242,0.422198146582,0.451722502708,-0.693898320198
0.770817995071,0.124780282378,1.37642276287,0.368429362774,0.421922594309,0.45215716958,-0.694114625454
0.77054721117,0.124616667628,1.37644767761,0.367018282413,0.422696173191,0.451622247696,-0.694739460945
0.770253539085,0.12448784709,1.37647736073,0.366792827845,0.422681093216,0.451660633087,-0.694842815399
0.769947052002,0.12453109026,1.3764257431,0.366848170757,0.422605186701,0.451830506325,-0.694749236107
0.769528925419,0.124387003481,1.37638044357,0.366356730461,0.422658830881,0.451802968979,-0.694993793964
0.769170939922,0.124240383506,1.37636137009,0.366038769484,0.422685950994,0.451793819666,-0.695150852203
0.768868029118,0.123930439353,1.37635469437,0.365558564663,0.422621190548,0.451946228743,-0.695343732834
0.76845741272,0.123904310167,1.37637341022,0.365499168634,0.422641783953,0.45216652751,-0.695219397545
0.768261790276,0.123244561255,1.37637555599,0.363975852728,0.422946542501,0.451997101307,-0.695942938328
0.767767310143,0.123091056943,1.37638616562,0.363585710526,0.423107385635,0.452279925346,-0.695865154266
0.767158389091,0.123349964619,1.37634837627,0.364216327667,0.423080801964,0.452646195889,-0.69531327486
0.766937851906,0.122821070254,1.37635016441,0.364268183708,0.422435432673,0.454408675432,-0.694528460503
0.766418218613,0.123067870736,1.37633478642,0.364634275436,0.422276437283,0.453281253576,-0.695169508457
0.766203522682,0.12251393497,1.37629401684,0.363440424204,0.422270894051,0.453428506851,-0.69570183754
0.765878915787,0.122348077595,1.3763948679,0.363706886768,0.422106206417,0.453590214252,-0.695557057858
0.76560485363,0.122190490365,1.37640619278,0.363508492708,0.422131866217,0.45362636447,-0.695621669292
0.765331566334,0.122050389647,1.37646067142,0.361911952496,0.4233327806,0.452593415976,-0.696396648884
0.7651039958,0.12174025178,1.37649083138,0.36109957099,0.423547059298,0.452437102795,-0.696789562702
0.764600932598,0.121750727296,1.37648713589,0.36179241538,0.423206299543,0.452981323004,-0.696283578873
0.764380395412,0.121419861913,1.37654805183,0.360650241375,0.423519939184,0.452484339476,-0.697008013725
0.763825833797,0.121790736914,1.37659931183,0.361879140139,0.423254132271,0.453016191721,-0.696186721325
0.763562619686,0.121662802994,1.37664878368,0.361717969179,0.42323628068,0.452907323837,-0.69635206461
0.763341128826,0.120992459357,1.37665915489,0.360117733479,0.423487961292,0.452773541212,-0.697115063667
0.763076722622,0.120894938707,1.37670326233,0.360119313002,0.42345225811,0.452787607908,-0.697126686573
0.762723147869,0.120776176453,1.37669539452,0.360010236502,0.423469156027,0.452886104584,-0.69710880518
0.762323498726,0.120625510812,1.37665271759,0.359363526106,0.423854708672,0.452758014202,-0.697291493416
0.761931359768,0.120626986027,1.37669718266,0.360666155815,0.423177450895,0.454382002354,-0.695972681046
0.761711001396,0.120305657387,1.37670278549,0.359485417604,0.423597842455,0.452561974525,-0.697511851788
0.761309504509,0.120293587446,1.37667930126,0.360265284777,0.423147022724,0.452950507402,-0.697130739689
0.761164724827,0.120019927621,1.37668383121,0.359520018101,0.423494249582,0.452423483133,-0.697646737099
0.760638594627,0.119854435325,1.37664985657,0.360428363085,0.423004180193,0.45296216011,-0.697125673294
0.760374903679,0.119696885347,1.37663030624,0.358853489161,0.424185007811,0.451668471098,-0.698059439659
0.759863376617,0.119751706719,1.3765887022,0.359493851662,0.424105018377,0.451859474182,-0.697654902935
0.759347558022,0.119916699827,1.37660801411,0.360916703939,0.423568814993,0.452386289835,-0.696904063225
0.759267151356,0.119245022535,1.37653112411,0.359711378813,0.423768728971,0.451961517334,-0.697680950165
0.758871495724,0.119276449084,1.37647914886,0.360199600458,0.423600584269,0.451791614294,-0.697641134262
0.758619606495,0.119110934436,1.37649893761,0.36071190238,0.423381626606,0.451761126518,-0.69752907753
0.758286833763,0.118972107768,1.37646794319,0.360693961382,0.423686563969,0.451296418905,-0.697654128075
0.758050262928,0.118860207498,1.37646830082,0.360144466162,0.424358516932,0.45047083497,-0.698062956333
0.757848322392,0.118753634393,1.37642717361,0.360384196043,0.424530863762,0.449576616287,-0.698410928249
0.757469654083,0.118620738387,1.37637329102,0.360369324684,0.424663424492,0.449347347021,-0.698485553265
0.757089793682,0.118313662708,1.37639319897,0.361247062683,0.423985600471,0.449778139591,-0.698166489601
0.756732165813,0.118376687169,1.37628471851,0.361101001501,0.42458704114,0.450231462717,-0.697584152222
0.756526887417,0.118235975504,1.3763076067,0.360637396574,0.425214141607,0.450413107872,-0.697324693203
0.756147921085,0.118535511196,1.37625002861,0.361214399338,0.425469130278,0.449974358082,-0.697153627872
0.755922198296,0.118033327162,1.37621021271,0.359664171934,0.425973564386,0.447107255459,-0.69948810339
0.755603790283,0.117906019092,1.37616109848,0.35965359211,0.42618906498,0.446612775326,-0.699678063393
0.755253076553,0.117769539356,1.37611961365,0.359652459621,0.426307737827,0.446262776852,-0.6998295784
0.754851162434,0.117640122771,1.37607741356,0.361096918583,0.425520241261,0.446805417538,-0.699218630791
0.754583537579,0.117514804006,1.37603461742,0.361083596945,0.42555770278,0.446526676416,-0.699380576611
0.754338264465,0.117233619094,1.37597417831,0.360156983137,0.425923734903,0.445948451757,-0.700004339218
0.753942489624,0.117159411311,1.3759444952,0.360188871622,0.426083683968,0.445707112551,-0.70004427433
0.753667593002,0.117045238614,1.37590706348,0.360224723816,0.426095992327,0.445395380259,-0.700216650963
0.753257274628,0.116941668093,1.37586820126,0.359806835651,0.426561325788,0.444992959499,-0.700403988361
0.752762198448,0.117031276226,1.37584745884,0.36059319973,0.426467001438,0.444939702749,-0.700090885162
0.752461075783,0.116920083761,1.37581133842,0.360525161028,0.42664706707,0.444468647242,-0.700315237045
0.752262532711,0.116600498557,1.37583780289,0.360218793154,0.426795363426,0.444168061018,-0.700573384762
0.751890838146,0.116468586028,1.37582957745,0.360394865274,0.426934480667,0.445124000311,-0.699790835381
0.751600205898,0.116387322545,1.3757815361,0.36006847024,0.426961064339,0.443572312593,-0.700927078724
0.751600205898,0.116387322545,1.3757815361,0.36006847024,0.426961064339,0.443572312593,-0.700927078724
0.751029014587,0.116161629558,1.37566351891,0.36037427187,0.427328467369,0.445312619209,-0.699440896511
0.75055617094,0.115913450718,1.37557637691,0.361710011959,0.426516145468,0.44502478838,-0.699430465698
0.75047904253,0.115873575211,1.37548947334,0.359144419432,0.428168267012,0.444450497627,-0.700107872486
0.75014424324,0.115783162415,1.3754042387,0.359933376312,0.427154332399,0.442561328411,-0.701517403126
0.749472677708,0.116557955742,1.3752143383,0.361594319344,0.427072972059,0.442767560482,-0.70058208704
0.7492172122,0.11631437391,1.37510943413,0.361343830824,0.42695710063,0.442725777626,-0.700808286667
0.74882620573,0.116464428604,1.3749704361,0.361490905285,0.427152812481,0.442492127419,-0.70076084137
0.748684942722,0.116029158235,1.37482523918,0.359199792147,0.428191661835,0.441476047039,-0.70194464922
0.74827849865,0.115907788277,1.37479364872,0.35905918479,0.428130179644,0.441507250071,-0.702034592628
0.747939884663,0.116026803851,1.37476193905,0.359046131372,0.428228706121,0.441105693579,-0.702233433723
0.747567594051,0.116003260016,1.3746638298,0.359686851501,0.427693545818,0.441326230764,-0.70209312439
0.747567594051,0.116003260016,1.3746638298,0.359686851501,0.427693545818,0.441326230764,-0.70209312439
0.747082710266,0.115362629294,1.37454724312,0.358963012695,0.427253305912,0.440999209881,-0.702936649323
0.746786177158,0.115337982774,1.37447226048,0.35745677352,0.428194046021,0.440016657114,-0.703747034073
0.746082603931,0.115717090666,1.37434589863,0.359242796898,0.427524030209,0.440757721663,-0.702780544758
0.745788753033,0.115677677095,1.37432515621,0.359174817801,0.427235692739,0.440715640783,-0.703017055988
0.745540618896,0.11547614634,1.37431526184,0.358910828829,0.42698019743,0.440497159958,-0.70344376564
0.745102405548,0.115502387285,1.37426233292,0.358414530754,0.42730602622,0.440016120672,-0.703799962997
0.744724154472,0.115460366011,1.37426030636,0.358317106962,0.427177965641,0.44000980258,-0.703931391239
0.744282245636,0.11562808603,1.37426054478,0.358041375875,0.42742562294,0.439558297396,-0.704203248024
0.744026184082,0.115463338792,1.37430500984,0.357649117708,0.42708837986,0.439317077398,-0.70475757122
0.743485033512,0.115626245737,1.37429738045,0.357439190149,0.42734926939,0.439047574997,-0.704873859882
0.743100941181,0.115668192506,1.3742865324,0.357126861811,0.42743358016,0.438270807266,-0.705464184284
0.742755115032,0.115334898233,1.37425911427,0.357184767723,0.426665663719,0.43883472681,-0.705549061298
0.742505252361,0.115535631776,1.37428307533,0.355547904968,0.427539527416,0.437544971704,-0.706647157669
0.742240130901,0.115333914757,1.37427353859,0.35514831543,0.427305489779,0.43645837903,-0.707660794258
0.741772592068,0.11562474072,1.37421035767,0.354975879192,0.427587121725,0.435733884573,-0.708023488522
0.741320014,0.115888275206,1.37413752079,0.355428487062,0.427286148071,0.435310602188,-0.708238601685
0.741043508053,0.115909077227,1.37415111065,0.35386005044,0.428389012814,0.434743821621,-0.708705604076
0.740655422211,0.11575550586,1.374127388,0.352892190218,0.428541362286,0.432753801346,-0.710312247276
0.740461289883,0.115659102798,1.37414526939,0.351844489574,0.429003059864,0.431331455708,-0.711417734623
0.740108311176,0.115751445293,1.37409281731,0.35152605176,0.428977519274,0.430364191532,-0.712175905704
