x,y,z,q0,q1,q2,q3
-0.686533808708,-0.373084962368,1.15334761143,0.170917928219,-0.621766626835,0.725251793861,0.241253599524
-0.687422215939,-0.375132501125,1.15202331543,0.177079841495,-0.608155250549,0.733195543289,0.247415482998
-0.687969326973,-0.376876056194,1.15135061741,0.180213063955,-0.609222412109,0.729850232601,0.252369046211
-0.688388168812,-0.378935992718,1.14993166924,0.179255232215,-0.622688233852,0.71824914217,0.253466367722
-0.688924014568,-0.380495131016,1.14895904064,0.182401672006,-0.620746314526,0.717592656612,0.257806956768
-0.689281046391,-0.38238877058,1.14757227898,0.189021363854,-0.608506858349,0.724073171616,0.264023333788
-0.689776301384,-0.384059786797,1.1467666626,0.188212171197,-0.617854475975,0.715453505516,0.266380310059
-0.690081954002,-0.386057376862,1.14530980587,0.191048651934,-0.618542730808,0.712922632694,0.269530087709
-0.690061926842,-0.387669086456,1.14438152313,0.194617703557,-0.619196474552,0.709527373314,0.274391263723
-0.690052986145,-0.38929182291,1.14328336716,0.197323322296,-0.619524598122,0.707177639008,0.277763932943
-0.690028369427,-0.390874624252,1.14184975624,0.19979993999,-0.620227456093,0.704539775848,0.281107634306
-0.690002918243,-0.392318248749,1.14059340954,0.202270463109,-0.621211946011,0.701577067375,0.284556150436
-0.689954578876,-0.393828123808,1.13925123215,0.205231204629,-0.621952831745,0.698679566383,0.287926852703
-0.689882099628,-0.395342826843,1.1376491785,0.207491621375,-0.622321784496,0.696759223938,0.290154159069
-0.689610362053,-0.396612644196,1.1363338232,0.209983795881,-0.622936248779,0.694040775299,0.293538331985
-0.689423680305,-0.398009717464,1.13462436199,0.212585359812,-0.622922956944,0.692324817181,0.295737862587
-0.689006149769,-0.399259328842,1.13374984264,0.215161159635,-0.624368727207,0.688611626625,0.299472212791
-0.688624799252,-0.400624155998,1.13176524639,0.217570737004,-0.624504864216,0.686886191368,0.301403403282
-0.68808555603,-0.401625037193,1.13053798676,0.220347911119,-0.624313890934,0.68489664793,0.304295480251
-0.688009917736,-0.402656525373,1.12890517712,0.222334325314,-0.624893963337,0.682799935341,0.306364715099
-0.687125563622,-0.4038862288,1.12735378742,0.225106149912,-0.6251116395,0.68056845665,0.308851480484
-0.68659222126,-0.40490141511,1.12564373016,0.228476852179,-0.624709069729,0.678928911686,0.310793340206
-0.686091840267,-0.405845820904,1.12433826923,0.230014830828,-0.624234974384,0.678065121174,0.312492847443
-0.685507535934,-0.407106339931,1.12234759331,0.232783362269,-0.625067651272,0.675571322441,0.314174860716
-0.684940099716,-0.40803539753,1.12102818489,0.234728768468,-0.625259578228,0.67407810688,0.315549999475
-0.68401914835,-0.408963769674,1.11991286278,0.237689733505,-0.625611007214,0.671292364597,0.318560779095
-0.683377325535,-0.410034447908,1.11796951294,0.239938944578,-0.624993741512,0.670645654202,0.319447129965
-0.682574927807,-0.41098177433,1.11652374268,0.242033869028,-0.624514698982,0.669655501842,0.320877701044
-0.68173032999,-0.411940217018,1.11493730545,0.244309961796,-0.624251842499,0.668323516846,0.3224375844
-0.680887818336,-0.41256403923,1.11348068714,0.246942192316,-0.623688697815,0.666940569878,0.324379891157
-0.679935514927,-0.413393765688,1.11232113838,0.248724400997,-0.623870015144,0.665041744709,0.326560676098
-0.679072082043,-0.414282202721,1.11036729813,0.251414358616,-0.622924625874,0.664603888988,0.327196419239
-0.678018152714,-0.415318369865,1.10948097706,0.252442151308,-0.624230027199,0.662031948566,0.329125285149
-0.677138924599,-0.416203975677,1.10821425915,0.254591792822,-0.623711526394,0.661091029644,0.33034157753
-0.676269769669,-0.417157202959,1.10667133331,0.25619828701,-0.623685717583,0.660030782223,0.33126732707
-0.675363659859,-0.417898178101,1.10579907894,0.258382976055,-0.623526275158,0.658305585384,0.333296865225
-0.674409866333,-0.418905377388,1.10470461845,0.26067891717,-0.623441398144,0.656925678253,0.334388971329
-0.673744380474,-0.420059114695,1.10295724869,0.262712776661,-0.622286736965,0.657561123371,0.333698600531
-0.672812283039,-0.421125352383,1.10178518295,0.264853388071,-0.621759414673,0.656890451908,0.334309577942
-0.672213733196,-0.421942353249,1.10111892223,0.265509009361,-0.622103512287,0.655980825424,0.334935098886
-0.67140007019,-0.422922551632,1.09978985786,0.267530798912,-0.620621740818,0.656573653221,0.334913522005
-0.670278966427,-0.424148380756,1.09837090969,0.269967496395,-0.619593560696,0.656550347805,0.334907770157
-0.669111430645,-0.425131767988,1.09766662121,0.271711319685,-0.619701325893,0.655039012432,0.336254537106
-0.66843944788,-0.42593306303,1.0965423584,0.273483484983,-0.618447959423,0.655273795128,0.33666780591
-0.666861653328,-0.427188277245,1.0957968235,0.275989353657,-0.617679655552,0.654306948185,0.337911576033
-0.66584956646,-0.428138852119,1.09501719475,0.278330862522,-0.616349518299,0.65409052372,0.338837563992
-0.664874911308,-0.428921163082,1.09379148483,0.279954940081,-0.614949226379,0.654470682144,0.339309513569
-0.663776993752,-0.429815232754,1.09279298782,0.281912833452,-0.613894402981,0.654246211052,0.340030670166
-0.662909388542,-0.430633842945,1.0920394659,0.283927321434,-0.613596498966,0.653029918671,0.341227948666
-0.662205696106,-0.431669712067,1.09064435959,0.285299032927,-0.612789809704,0.653148889542,0.341305851936
-0.661250770092,-0.432283341885,1.09016215801,0.286389827728,-0.612094819546,0.653305113316,0.341340571642
-0.66073679924,-0.433678805828,1.08917665482,0.289140403271,-0.611676633358,0.652505755424,0.341300100088
-0.65980130434,-0.434021681547,1.08837628365,0.289313495159,-0.611657321453,0.651914894581,0.342316120863
-0.659212648869,-0.434871554375,1.08703076839,0.290473073721,-0.611324727535,0.651899933815,0.341955959797
-0.658375740051,-0.435898303986,1.08633077145,0.292062968016,-0.612146615982,0.650159716606,0.342444330454
-0.657685101032,-0.43637445569,1.08536577225,0.293685883284,-0.61065030098,0.650815784931,0.342481970787
-0.657303571701,-0.436544775963,1.08472859859,0.293891906738,-0.611676812172,0.64929664135,0.343355447054
-0.656540870667,-0.436976701021,1.08409810066,0.296088725328,-0.61077940464,0.648781359196,0.344039201736
-0.655417501926,-0.437834143639,1.08336436749,0.297255456448,-0.611183702946,0.647537112236,0.344658464193
-0.654547512531,-0.438550889492,1.08280920982,0.298861175776,-0.61152368784,0.646210551262,0.345156133175
-0.654023349285,-0.438714325428,1.0822480917,0.299836665392,-0.611532211304,0.645376086235,0.3458558321
-0.653153657913,-0.43904659152,1.08160209656,0.301224380732,-0.61097741127,0.644820868969,0.34666493535
-0.652300357819,-0.439623892307,1.08100032806,0.30281034112,-0.61120891571,0.643582999706,0.347175002098
-0.651484668255,-0.44004535675,1.08047032356,0.304939389229,-0.610929250717,0.642442822456,0.347914963961
-0.650546312332,-0.440755367279,1.07983016968,0.305807650089,-0.61170655489,0.640972197056,0.348499089479
-0.649676978588,-0.441171169281,1.07942807674,0.307504892349,-0.611033439636,0.640327453613,0.349370330572
-0.648812532425,-0.44131052494,1.07867360115,0.309719204903,-0.609875440598,0.639986693859,0.350061446428
-0.647783517838,-0.441974699497,1.07791376114,0.310253739357,-0.610735118389,0.638502955437,0.350797921419
-0.646799087524,-0.442254990339,1.07763838768,0.312152564526,-0.609528005123,0.638115644455,0.351916074753
-0.645741760731,-0.442559808493,1.07736003399,0.314170300961,-0.609575510025,0.636151611805,0.353590101004
-0.644810318947,-0.442739963531,1.07675790787,0.314930856228,-0.60830104351,0.636732578278,0.354062438011
-0.643785178661,-0.443244963884,1.0758433342,0.316487729549,-0.607621967793,0.636235773563,0.354732364416
-0.642747879028,-0.443792164326,1.07514965534,0.318169683218,-0.607592046261,0.634643495083,0.356128692627
-0.641817629337,-0.444003224373,1.07490897179,0.318575531244,-0.607704401016,0.633638620377,0.35736143589
-0.641059458256,-0.444170743227,1.07459354401,0.320053607225,-0.606024801731,0.634124696255,0.358030319214
-0.640434801579,-0.44467574358,1.07386577129,0.321369916201,-0.605164825916,0.634077548981,0.358389019966
-0.639640688896,-0.445031255484,1.07367897034,0.322378903627,-0.605222463608,0.632962942123,0.359354496002
-0.638970315456,-0.445689201355,1.07335448265,0.323080271482,-0.605750322342,0.631777226925,0.359921634197
-0.638492941856,-0.446254760027,1.07253670692,0.32352116704,-0.605669975281,0.631698548794,0.359798699617
-0.637822329998,-0.44650888443,1.07233703136,0.324171513319,-0.605394542217,0.631239891052,0.360480755568
-0.637611329556,-0.447249531746,1.07172310352,0.324961990118,-0.605247855186,0.631383597851,0.35976305604
-0.636815488338,-0.447641521692,1.07129311562,0.326100856066,-0.604302406311,0.631879925728,0.359450399876
-0.636287331581,-0.448218464851,1.07092559338,0.326904594898,-0.60375392437,0.632066130638,0.359314888716
-0.635941803455,-0.448712050915,1.070499897,0.327498406172,-0.603020131588,0.632434427738,0.359357982874
-0.635134160519,-0.449278652668,1.07061958313,0.328280836344,-0.603154122829,0.63160353899,0.35988047719
-0.634434342384,-0.449926048517,1.07058489323,0.3292940557,-0.602957963943,0.630886614323,0.360540270805
-0.633728802204,-0.450523883104,1.07031297684,0.330164164305,-0.602543532848,0.630665540695,0.360823959112
-0.633085072041,-0.4510884583,1.07004404068,0.331168830395,-0.601824820042,0.630665481091,0.361102879047
-0.632552862167,-0.451769113541,1.0696554184,0.332252055407,-0.600945591927,0.631052911282,0.360895037651
-0.631907880306,-0.452396124601,1.06920719147,0.3330501616,-0.60019749403,0.631552040577,0.360530912876
-0.631264448166,-0.453025758266,1.06928026676,0.333902597427,-0.599843621254,0.630866885185,0.361529558897
-0.630536079407,-0.45362958312,1.06917309761,0.335132032633,-0.598705530167,0.631375014782,0.361391633749
-0.629865765572,-0.454185754061,1.06902694702,0.336121827364,-0.597861409187,0.631466567516,0.361709713936
-0.629367113113,-0.454815775156,1.06886565685,0.337308138609,-0.596674621105,0.631800830364,0.361981451511
-0.628759145737,-0.455328822136,1.06909191608,0.338195592165,-0.595854997635,0.631607353687,0.362840086222
-0.628222703934,-0.456013858318,1.06876218319,0.339389503002,-0.594541251659,0.632264196873,0.36273625493
-0.627691030502,-0.456599354744,1.06894075871,0.340579330921,-0.593568444252,0.632486402988,0.362826615572
-0.627003133297,-0.457111865282,1.06893515587,0.341690540314,-0.592584788799,0.632173120975,0.363934248686
-0.62668210268,-0.457625836134,1.06860733032,0.343027740717,-0.590548813343,0.633472979069,0.363725572824
-0.625904619694,-0.458194196224,1.06892323494,0.344100862741,-0.590128540993,0.632482349873,0.365115046501
-0.625430762768,-0.458755373955,1.06891512871,0.345088899136,-0.58930003643,0.632381677628,0.365694612265
-0.625205874443,-0.459138631821,1.06876993179,0.346031308174,-0.588032066822,0.632979094982,0.365812033415
-0.624378561974,-0.459819972515,1.06866574287,0.347522825003,-0.587428927422,0.63225799799,0.36661285162
-0.623966753483,-0.460260570049,1.06861400604,0.348923623562,-0.585781991482,0.632805883884,0.366972327232
-0.623545706272,-0.460344612598,1.06869578362,0.350201487541,-0.583715736866,0.633621692657,0.3676392138
-0.622971892357,-0.460886210203,1.06882214546,0.35114967823,-0.583685398102,0.632467031479,0.368769496679
-0.622587919235,-0.461292803288,1.06851065159,0.352175801992,-0.582804918289,0.632364273071,0.36935916543
-0.622248828411,-0.461638212204,1.0684658289,0.353679895401,-0.581098079681,0.632985472679,0.369546800852
-0.621901273727,-0.462024688721,1.06878459454,0.355086803436,-0.579959094524,0.632708251476,0.370460689068
-0.62137401104,-0.462332338095,1.06881284714,0.355968356133,-0.578093767166,0.633431375027,0.371293276548
-0.621077775955,-0.462668776512,1.06883573532,0.35734000802,-0.578373253345,0.631613075733,0.372636109591
-0.621114015579,-0.463187664747,1.06860232353,0.358567237854,-0.577216148376,0.631782472134,0.372964143753
-0.6208152771,-0.463404357433,1.06887841225,0.359286159277,-0.576779425144,0.630603969097,0.374936908484
-0.620077073574,-0.463481426239,1.06907021999,0.360875040293,-0.575245022774,0.630152821541,0.376523524523
-0.619757771492,-0.463727295399,1.06910336018,0.362694054842,-0.573846399784,0.629301846027,0.378328919411
-0.619664490223,-0.463810503483,1.06897652149,0.363360494375,-0.572194159031,0.630155563354,0.378770291805
-0.619310259819,-0.463920027018,1.06892895699,0.364265441895,-0.571020662785,0.629579305649,0.380625963211
-0.618987083435,-0.464275121689,1.06852352619,0.364596456289,-0.570634067059,0.629314005375,0.381326645613
-0.618875324726,-0.464366942644,1.06859564781,0.365174919367,-0.56940639019,0.629320800304,0.382595211267
-0.618844628334,-0.46449843049,1.06861507893,0.365460008383,-0.569135069847,0.627979755402,0.384923160076
-0.618873953819,-0.464725315571,1.06865251064,0.365790247917,-0.569436788559,0.62664359808,0.386337727308
-0.618913471699,-0.464970082045,1.06874763966,0.366034626961,-0.569486856461,0.625546216965,0.387808322906
-0.619007706642,-0.46512979269,1.06914353371,0.366572827101,-0.569859087467,0.623409688473,0.390186488628
-0.619291782379,-0.465080678463,1.06948065758,0.36657628417,-0.569046854973,0.623603820801,0.391057521105
-0.619431912899,-0.465324252844,1.06953430176,0.367186456919,-0.56840544939,0.622923791409,0.392498791218
-0.619389295578,-0.465776473284,1.06935763359,0.368111073971,-0.568245410919,0.621438324451,0.394215613604
-0.619553565979,-0.46587985754,1.06951701641,0.368774980307,-0.567520856857,0.620362639427,0.396327495575
-0.619897663593,-0.465911865234,1.06963455677,0.370110660791,-0.565459132195,0.620669007301,0.39754769206
-0.620096087456,-0.46609044075,1.0695066452,0.371006727219,-0.564777553082,0.619144499302,0.400050789118
-0.620199620724,-0.466653466225,1.06892776489,0.371661573648,-0.564708948135,0.617383480072,0.402255237103
-0.62080013752,-0.466421186924,1.06935858727,0.372184425592,-0.563168644905,0.617037653923,0.404455900192
-0.621058404446,-0.466790616512,1.06911039352,0.373100608587,-0.56297069788,0.61494487524,0.407066106796
-0.621572911739,-0.466893345118,1.06851696968,0.37402009964,-0.561818480492,0.614166080952,0.408985465765
-0.621835768223,-0.467005193233,1.06864416599,0.374417841434,-0.561555564404,0.61201184988,0.412199318409
-0.622447788715,-0.467115193605,1.06851792336,0.374932974577,-0.561236143112,0.610296308994,0.414702296257
-0.622931480408,-0.467172145844,1.06860148907,0.375224411488,-0.56112164259,0.607949495316,0.418027341366
-0.623549640179,-0.46730825305,1.06846451759,0.37631675601,-0.561134040356,0.60492181778,0.421407222748
-0.624047040939,-0.467420965433,1.06833720207,0.376835733652,-0.56109058857,0.602507948875,0.424448221922
-0.624702215195,-0.467534422874,1.06819403172,0.376926451921,-0.561120688915,0.600361824036,0.427358925343
-0.625344336033,-0.467609256506,1.0682413578,0.37753418088,-0.561042428017,0.597457230091,0.430980592966
-0.625899493694,-0.467659711838,1.06806373596,0.378052741289,-0.56088167429,0.594958603382,0.434179872274
-0.626661300659,-0.467678457499,1.06784892082,0.378305733204,-0.56111073494,0.59141933918,0.438477635384
-0.627270758152,-0.467760443687,1.0676599741,0.378346979618,-0.561733603477,0.587896585464,0.4423648417
-0.628169059753,-0.467928886414,1.06687307358,0.378238469362,-0.561777532101,0.585706830025,0.445296823978
-0.628885447979,-0.468072324991,1.06644499302,0.378395318985,-0.562747955322,0.581374406815,0.449594944715
-0.629724502563,-0.468138128519,1.06622052193,0.377995163202,-0.563941597939,0.577759861946,0.453081816435
-0.630651712418,-0.467973679304,1.06656825542,0.376718759537,-0.566158950329,0.572759747505,0.457704395056
-0.631535232067,-0.46805202961,1.06638360023,0.375623166561,-0.568420648575,0.568545639515,0.461043655872
-0.63281917572,-0.468327015638,1.06611776352,0.378843605518,-0.559098601341,0.573845863342,0.463235497475
-0.634115755558,-0.468315124512,1.06539642811,0.378127753735,-0.56037735939,0.571503043175,0.465167880058
-0.634982466698,-0.468257188797,1.06508791447,0.369351476431,-0.578006267548,0.554729580879,0.470917671919
-0.636207163334,-0.468341708183,1.06480288506,0.366771370173,-0.581899702549,0.549873352051,0.473825871944
-0.637375056744,-0.468453735113,1.06453943253,0.364544570446,-0.585204303265,0.54559636116,0.476411521435
-0.638642191887,-0.468607187271,1.06396329403,0.361971139908,-0.588738203049,0.54158449173,0.478592157364
-0.639807224274,-0.46873998642,1.06373429298,0.362930953503,-0.586865186691,0.541543722153,0.480209261179
-0.641002058983,-0.468828827143,1.06342577934,0.360344946384,-0.589939415455,0.538157463074,0.482192605734
-0.642431914806,-0.469206243753,1.06327021122,0.365894526243,-0.575677812099,0.55036252737,0.481474250555
-0.643219709396,-0.469250798225,1.06310963631,0.312270104885,-0.62970250845,0.480904906988,0.524111390114
-0.644118726254,-0.469295680523,1.06317329407,0.355029165745,-0.595750749111,0.532287120819,0.485495656729
-0.645174086094,-0.469616085291,1.06262230873,0.35342258215,-0.597920000553,0.530553221703,0.485898703337
-0.646248698235,-0.469903051853,1.06245994568,0.351724237204,-0.599384009838,0.5287976861,0.487239152193
-0.647604763508,-0.470020145178,1.06234109402,0.349948346615,-0.600799620152,0.528490722179,0.487107515335
-0.648444056511,-0.470141172409,1.06270325184,0.348537147045,-0.601865887642,0.527808010578,0.487542778254
-0.649249017239,-0.470393717289,1.06269514561,0.347920805216,-0.602057099342,0.529097735882,0.486347615719
-0.650155723095,-0.470666468143,1.06269598007,0.346715480089,-0.602859020233,0.529720008373,0.485537141562
-0.650600135326,-0.471058368683,1.0627707243,0.345924377441,-0.603384196758,0.53031629324,0.484797537327
-0.651267588139,-0.471372634172,1.06291460991,0.345128774643,-0.603751838207,0.532049894333,0.483003944159
-0.65200394392,-0.471835106611,1.06291723251,0.343784928322,-0.60457020998,0.532903373241,0.481996774673
-0.652985453606,-0.472127974033,1.06294155121,0.341790646315,-0.606248140335,0.534157991409,0.479914397001
-0.653137981892,-0.472698152065,1.06309735775,0.341189682484,-0.606329500675,0.535744130611,0.478468626738
-0.653637468815,-0.47310975194,1.06325960159,0.340998500586,-0.606083869934,0.539619684219,0.474545121193
-0.654509723186,-0.473520815372,1.06340026855,0.339934974909,-0.606437206268,0.542688727379,0.47134616971
-0.654921472073,-0.473905086517,1.06354308128,0.339847326279,-0.60571449995,0.546028792858,0.468472480774
-0.655473768711,-0.474521517754,1.06372237206,0.347167164087,-0.587471365929,0.565670669079,0.463000297546
-0.655923128128,-0.475161641836,1.06384134293,0.347218304873,-0.586570858955,0.57027733326,0.458429694176
-0.656067788601,-0.475396484137,1.06452739239,0.347581654787,-0.58529818058,0.574646055698,0.454307109118
-0.656222701073,-0.475783467293,1.06479871273,0.348112851381,-0.583855271339,0.579697549343,0.449311941862
-0.656429708004,-0.476270765066,1.06483769417,0.348070532084,-0.582618117332,0.584745466709,0.444382369518
-0.656444489956,-0.476621538401,1.06537771225,0.34796410799,-0.582285344601,0.587672352791,0.44102832675
-0.656480908394,-0.477036833763,1.0654706955,0.347902834415,-0.581800401211,0.591949045658,0.435968548059
-0.655893325806,-0.477719068527,1.06602871418,0.347812920809,-0.582249462605,0.593724906445,0.433015942574
-0.656050086021,-0.477984875441,1.0666217804,0.346862405539,-0.582780361176,0.596571862698,0.429133623838
-0.655947446823,-0.478295624256,1.06703162193,0.346959859133,-0.582491338253,0.599474728107,0.425385773182
-0.655644536018,-0.478572577238,1.067091465,0.346368670464,-0.582582294941,0.602828979492,0.420979887247
-0.655690789223,-0.478774368763,1.06750106812,0.34585750103,-0.582450807095,0.606014788151,0.416989177465
-0.65495467186,-0.478785097599,1.06796240807,0.345391780138,-0.581784009933,0.609673440456,0.41295298934
-0.654001712799,-0.478807330132,1.0683965683,0.345431804657,-0.581410765648,0.611483216286,0.410763949156
-0.653847634792,-0.478560805321,1.06859624386,0.344051420689,-0.580620348454,0.615544676781,0.406956493855
-0.652809679508,-0.478439152241,1.06889629364,0.34404283762,-0.580397069454,0.617547810078,0.404238015413
-0.652248382568,-0.478178471327,1.06863939762,0.343647956848,-0.579401254654,0.620779812336,0.401039719582
-0.651494860649,-0.477407753468,1.06895422935,0.339583516121,-0.589980602264,0.61370652914,0.399962902069
-0.65062558651,-0.477019876242,1.06919229031,0.338616549969,-0.589450716972,0.616599440575,0.397104561329
-0.649681329727,-0.476387053728,1.06948554516,0.33807682991,-0.589020252228,0.618443548679,0.395331293344
-0.648678779602,-0.475854992867,1.06980669498,0.337368667126,-0.588756978512,0.62010127306,0.39372870326
-0.647591412067,-0.475409239531,1.07048177719,0.336557269096,-0.589264929295,0.620775222778,0.392599314451
-0.646455049515,-0.474834114313,1.07036602497,0.336178302765,-0.58901900053,0.622225224972,0.390994489193
-0.645422697067,-0.474103778601,1.07061862946,0.335610449314,-0.588878571987,0.623214781284,0.390117019415
-0.644326269627,-0.473315238953,1.07055783272,0.335529029369,-0.587306261063,0.626270413399,0.3876555264
-0.643183588982,-0.472632527351,1.0704665184,0.33504229784,-0.587066471577,0.627185702324,0.386959552765
-0.641748547554,-0.471856117249,1.07065439224,0.335142970085,-0.586106836796,0.628223538399,0.386643469334
-0.640475511551,-0.471158146858,1.07097029686,0.335019171238,-0.58593249321,0.628694295883,0.386249870062
-0.639061629772,-0.470307588577,1.07112598419,0.334828674793,-0.585725307465,0.629003822803,0.386225223541
-0.637847959995,-0.469216018915,1.07114684582,0.335084289312,-0.584098219872,0.630419015884,0.386160284281
-0.636666595936,-0.468508422375,1.07140123844,0.334931850433,-0.584039986134,0.630424082279,0.386372357607
-0.635013878345,-0.467258214951,1.07187390327,0.335472226143,-0.582913577557,0.63089299202,0.386838853359
-0.633713424206,-0.4662155509,1.07195973396,0.335707813501,-0.581884026527,0.631172120571,0.387728244066
-0.632550597191,-0.465270996094,1.07215023041,0.335852354765,-0.581508874893,0.631443321705,0.387724101543
-0.630986511707,-0.464640080929,1.07259917259,0.337288409472,-0.580477654934,0.631211817265,0.388399094343
-0.629888296127,-0.46377569437,1.07286524773,0.336970835924,-0.581415712833,0.630045294762,0.38916516304
-0.628534793854,-0.462220221758,1.0728982687,0.336569339037,-0.580566883087,0.629907131195,0.390998840332
-0.627662360668,-0.460797667503,1.0730022192,0.336020648479,-0.580190002918,0.629558503628,0.392588734627
-0.627083718777,-0.46011325717,1.07322216034,0.335919737816,-0.580718874931,0.628772556782,0.393152177334
-0.626245200634,-0.459168702364,1.07330989838,0.335301190615,-0.58115708828,0.627705395222,0.394734710455
-0.625562608242,-0.457971692085,1.07365727425,0.335719764233,-0.580729782581,0.626959562302,0.396190464497
-0.624932408333,-0.457003772259,1.07325935364,0.335238575935,-0.580039858818,0.628135859966,0.3957452178
-0.624472618103,-0.455906867981,1.07357299328,0.335175216198,-0.579314053059,0.628311038017,0.396582961082
-0.62379026413,-0.453985571861,1.07389783859,0.334671080112,-0.577576398849,0.628908038139,0.398592084646
-0.623347580433,-0.452973008156,1.0738850832,0.334806233644,-0.576568007469,0.629516899586,0.398977279663
-0.623003542423,-0.452053904533,1.07376241684,0.334487855434,-0.57645881176,0.629412412643,0.399566501379
-0.623150289059,-0.450940012932,1.07374644279,0.332965344191,-0.577332437038,0.628953337669,0.400298804045
-0.622738420963,-0.450203686953,1.07409203053,0.33232820034,-0.578239321709,0.628078222275,0.400892943144
-0.622697651386,-0.44919320941,1.07431173325,0.331761270761,-0.577831149101,0.628662109375,0.40103572607
-0.622492909431,-0.448610007763,1.07452368736,0.331198364496,-0.578318715096,0.628276705742,0.401401937008
-0.622405707836,-0.447662979364,1.07474398613,0.331602066755,-0.577000498772,0.629013299942,0.401812016964
-0.621684193611,-0.447275042534,1.07533538342,0.331761956215,-0.576676547527,0.629220187664,0.401821225882
-0.621911942959,-0.446367561817,1.0755751133,0.331283718348,-0.575244486332,0.631672203541,0.400418698788
-0.622139334679,-0.445510447025,1.07575631142,0.330921649933,-0.575507819653,0.631737112999,0.40023714304
-0.622627019882,-0.444959640503,1.07588553429,0.330260008574,-0.576187193394,0.632620632648,0.39840644598
-0.622599959373,-0.444615006447,1.07655477524,0.329812347889,-0.5778632164,0.631573855877,0.398010700941
-0.62333881855,-0.443955868483,1.07624864578,0.329295784235,-0.578069388866,0.633442401886,0.395159304142
-0.624443590641,-0.443699419498,1.07663226128,0.326988905668,-0.582031607628,0.631960093975,0.393629252911
-0.625204801559,-0.443242967129,1.07725012302,0.325858980417,-0.584096193314,0.632420420647,0.390758156776
-0.626234173775,-0.442893981934,1.07704424858,0.323572158813,-0.586471557617,0.633239388466,0.387763023376
-0.627469956875,-0.442234694958,1.07748901844,0.322572022676,-0.588107585907,0.634166240692,0.384590625763
-0.628679871559,-0.442215919495,1.07780492306,0.320668697357,-0.591591179371,0.633867144585,0.381318897009
-0.630016684532,-0.441647201777,1.07787930965,0.318255066872,-0.594376325607,0.63473367691,0.377549737692
-0.630967319012,-0.440881490707,1.07861471176,0.316835433245,-0.595508575439,0.636280119419,0.374342739582
-0.631937801838,-0.440292179585,1.07931852341,0.314154714346,-0.598905622959,0.636492192745,0.370805382729
-0.632503628731,-0.439670920372,1.08043766022,0.313277870417,-0.600725471973,0.636417269707,0.368726491928
-0.632495522499,-0.439395070076,1.08110451698,0.313088029623,-0.603314161301,0.635668158531,0.365942686796
-0.633284032345,-0.438403069973,1.08248233795,0.310421943665,-0.604512572289,0.637590944767,0.36287805438
-0.633615612984,-0.437730014324,1.08335733414,0.309940725565,-0.606433391571,0.637527167797,0.360186606646
-0.633547902107,-0.437091886997,1.08439064026,0.309638023376,-0.607631623745,0.637392520905,0.358662694693
-0.633365571499,-0.43619209528,1.08535885811,0.309106349945,-0.607679367065,0.63874322176,0.356631726027
-0.633208632469,-0.435255736113,1.08691048622,0.308714777231,-0.608446002007,0.639092564583,0.355034530163
-0.632869839668,-0.434705227613,1.08784580231,0.310933053493,-0.598185181618,0.649079501629,0.352407604456
-0.632674455643,-0.433930397034,1.08920395374,0.310759305954,-0.599016606808,0.649136185646,0.351041227579
-0.63211607933,-0.432809531689,1.0903583765,0.310229212046,-0.59663105011,0.652782559395,0.348803669214
-0.632200300694,-0.431737661362,1.0917224884,0.308358073235,-0.598888099194,0.652493834496,0.347131341696
-0.631777822971,-0.430688351393,1.09241008759,0.305626422167,-0.60945802927,0.645018041134,0.345116198063
-0.631607174873,-0.429690569639,1.09345126152,0.303757250309,-0.610122144222,0.646682679653,0.342467606068
-0.631431221962,-0.428523987532,1.09495651722,0.302205353975,-0.610903143883,0.647738456726,0.340447276831
-0.63084590435,-0.427660524845,1.09564876556,0.301733255386,-0.610714137554,0.650007784367,0.33686080575
-0.631040513515,-0.426197886467,1.09717714787,0.298840939999,-0.610053598881,0.653694570065,0.333485156298
-0.630817353725,-0.425256341696,1.09816980362,0.29764482379,-0.610692024231,0.655229747295,0.330358862877
-0.630435943604,-0.424712955952,1.09926438332,0.295546233654,-0.612901389599,0.655698359013,0.327206403017
-0.630427181721,-0.423208355904,1.10077905655,0.293511450291,-0.612228989601,0.65908998251,0.323461383581
-0.630119144917,-0.422040611506,1.10198390484,0.291398465633,-0.613626360893,0.660419404507,0.319993585348
-0.629420280457,-0.421290904284,1.10291051865,0.289776533842,-0.613476634026,0.663360834122,0.315639644861
-0.629410624504,-0.419870913029,1.10423052311,0.287465691566,-0.614652633667,0.664940655231,0.31212118268
-0.62910759449,-0.418671190739,1.10577750206,0.284711927176,-0.61521166563,0.66790086031,0.307183861732
-0.628616571426,-0.41739910841,1.10670900345,0.282786667347,-0.614869832993,0.671185016632,0.302452683449
-0.62778878212,-0.416318148375,1.10791301727,0.282041668892,-0.615320086479,0.672897100449,0.298401236534
-0.627518713474,-0.414782464504,1.10936594009,0.278991758823,-0.614855468273,0.676607131958,0.293801367283
-0.62650179863,-0.413804262877,1.11078965664,0.277583271265,-0.616365075111,0.677693486214,0.289436101913
-0.626258194447,-0.412353873253,1.11212575436,0.274571686983,-0.615538358688,0.682057797909,0.283760935068
-0.625598311424,-0.411017894745,1.11326289177,0.27261197567,-0.615185976028,0.685338020325,0.278461784124
-0.624932289124,-0.409486114979,1.11463356018,0.270153939724,-0.616376399994,0.687331914902,0.273261874914
-0.624128103256,-0.407941579819,1.11591410637,0.268432974815,-0.616038143635,0.690332531929,0.268107771873
-0.623082697392,-0.406259417534,1.11748576164,0.266243219376,-0.615927278996,0.693350493908,0.262703686953
-0.622316658497,-0.404739767313,1.11833000183,0.264459460974,-0.616133272648,0.696269750595,0.256221592426
-0.621437907219,-0.403351247311,1.11951684952,0.261634409428,-0.618136167526,0.697887122631,0.24981738627
-0.620607495308,-0.401696562767,1.1210770607,0.258950799704,-0.619466543198,0.699804842472,0.243883118033
-0.619858384132,-0.399832934141,1.12192177773,0.256210923195,-0.619395673275,0.703599512577,0.23590824008
-0.619250237942,-0.397704958916,1.12363493443,0.253058463335,-0.622455716133,0.704016566277,0.229937016964
-0.618735790253,-0.3956618011,1.1243532896,0.249676525593,-0.623183012009,0.707251131535,0.221585988998
-0.617892086506,-0.393999189138,1.12502348423,0.246946394444,-0.62606215477,0.708276629448,0.213091552258
-0.617139875889,-0.391761392355,1.1262819767,0.243530496955,-0.628505527973,0.709630727768,0.205177664757
-0.616172194481,-0.38975545764,1.12732839584,0.240327909589,-0.630097985268,0.711777091026,0.196449488401
-0.615146100521,-0.387756168842,1.12865126133,0.237379044294,-0.632954120636,0.71243673563,0.188293144107
-0.614051759243,-0.385434985161,1.1300214529,0.234509810805,-0.635211348534,0.713495016098,0.180101558566
-0.612612962723,-0.38384526968,1.13074922562,0.232635274529,-0.637318611145,0.714538574219,0.170705601573
-0.611488819122,-0.380613952875,1.13160169125,0.228079751134,-0.638941884041,0.716478586197,0.162454754114
-0.610042095184,-0.378620564938,1.13283264637,0.225892558694,-0.639932692051,0.718314230442,0.15324267745
-0.608550667763,-0.375802278519,1.13339138031,0.222451075912,-0.639987945557,0.721138358116,0.144535779953
-0.606999576092,-0.373163640499,1.13437747955,0.220217987895,-0.640613853931,0.722987413406,0.135673135519
-0.605372488499,-0.370894104242,1.13585150242,0.218632146716,-0.644174933434,0.721956133842,0.126562610269
-0.603367447853,-0.368332743645,1.13681435585,0.215608492494,-0.642694354057,0.725636303425,0.117936015129
-0.601871490479,-0.365406095982,1.1383742094,0.215269520879,-0.640113890171,0.729232609272,0.11015035212
-0.600154161453,-0.362393856049,1.1383548975,0.210677683353,-0.640908777714,0.731270313263,0.10047274828
-0.598096191883,-0.359478861094,1.14011633396,0.206448093057,-0.647287964821,0.727990806103,0.091798350215
-0.596276879311,-0.356193482876,1.14046084881,0.202149420977,-0.647696018219,0.729907214642,0.0828310102224
-0.594308078289,-0.353224098682,1.14162504673,0.198835790157,-0.648722648621,0.730803251266,0.0744973868132
-0.592218220234,-0.350427985191,1.14266896248,0.196047633886,-0.65060377121,0.730681836605,0.066212259233
-0.589915633202,-0.347986400127,1.14385938644,0.19408044219,-0.65130931139,0.731356978416,0.0569734536111
-0.587829828262,-0.344256401062,1.14486706257,0.189970463514,-0.651123464108,0.733128726482,0.0497159957886
-0.585533261299,-0.34145796299,1.14651072025,0.188237726688,-0.650420427322,0.734693169594,0.0417821146548
-0.583125531673,-0.338480651379,1.14748418331,0.18513135612,-0.650310218334,0.735997676849,0.033621750772
-0.580507874489,-0.334758520126,1.14910697937,0.182631701231,-0.651258707047,0.736032664776,0.0276339482516
-0.578404903412,-0.331563770771,1.14970493317,0.179028242826,-0.64976143837,0.738496720791,0.0195371787995
-0.575689911842,-0.328489780426,1.15175414085,0.177937656641,-0.649679541588,0.738964259624,0.0136556439102
-0.57304084301,-0.325496137142,1.15278816223,0.175491839647,-0.649086296558,0.740168571472,0.00633844640106
-0.570509374142,-0.321793168783,1.15379810333,0.172063201666,-0.648988902569,0.741085588932,2.97033711831e-05
-0.567690312862,-0.319880276918,1.15641522408,0.173025295138,-0.649546146393,0.740347802639,-0.00610074354336
-0.564841210842,-0.315758317709,1.15760195255,0.169936016202,-0.648401498795,0.742004692554,-0.0112442150712
-0.562740206718,-0.313594192266,1.15985608101,0.16983127594,-0.648944139481,0.741436481476,-0.0173502769321
-0.559842824936,-0.310611963272,1.16063702106,0.167365908623,-0.647620499134,0.742936789989,-0.0249260216951
-0.556960225105,-0.306024253368,1.16260540485,0.164806619287,-0.647812664509,0.743224442005,-0.0281967334449
-0.554229736328,-0.302974849939,1.16376781464,0.162529036403,-0.646805882454,0.744315385818,-0.0349451676011
-0.552101969719,-0.300724744797,1.16568112373,0.162219420075,-0.646986663342,0.743903815746,-0.0412346422672
-0.548772454262,-0.296661585569,1.16716241837,0.160020932555,-0.648116409779,0.743145227432,-0.0455355904996
-0.546379446983,-0.29329636693,1.16806435585,0.157259702682,-0.645808279514,0.745323061943,-0.0519097931683
-0.544370114803,-0.290656685829,1.17059457302,0.157184571028,-0.64665132761,0.744300127029,-0.0561462566257
-0.541623771191,-0.287799537182,1.17131614685,0.154564827681,-0.644959449768,0.745776414871,-0.0628875270486
-0.539411365986,-0.283959001303,1.17332386971,0.153573572636,-0.64521330595,0.745494365692,-0.0659803003073
-0.536650776863,-0.279803693295,1.17389774323,0.150094687939,-0.644395053387,0.746456682682,-0.0709148496389
-0.534775733948,-0.27686420083,1.17491269112,0.147731423378,-0.643699705601,0.747029483318,-0.0759817436337
-0.532217025757,-0.272828698158,1.17594909668,0.145696431398,-0.644189417362,0.746614575386,-0.0797460451722
-0.529803752899,-0.269673764706,1.17722523212,0.144411921501,-0.642502486706,0.747841835022,-0.0840732753277
-0.527785897255,-0.266040056944,1.17897295952,0.143037885427,-0.641761600971,0.748395264149,-0.0871022120118
-0.524860918522,-0.263217508793,1.179926157,0.142087697983,-0.640282928944,0.749201178551,-0.0924463942647
-0.522860169411,-0.259896725416,1.18091011047,0.140044748783,-0.639354765415,0.749921917915,-0.0960732474923
-0.520293235779,-0.257835149765,1.18283545971,0.141378879547,-0.640910089016,0.7477850914,-0.100318320096
-0.518113732338,-0.253634870052,1.18372380733,0.138388320804,-0.638039052486,0.750355899334,-0.103542089462
-0.516318082809,-0.250189006329,1.18491256237,0.136850595474,-0.637371778488,0.750771224499,-0.106639035046
-0.513854205608,-0.247292727232,1.18642807007,0.136343449354,-0.635388314724,0.752038180828,-0.110139347613
-0.511565625668,-0.244258165359,1.18761098385,0.135322481394,-0.635245203972,0.751806080341,-0.113750442863
-0.509976267815,-0.241893082857,1.18867623806,0.134802520275,-0.635176181793,0.751332700253,-0.117807939649
-0.507366776466,-0.238221168518,1.1900510788,0.133492678404,-0.633248567581,0.752831995487,-0.12008408457
-0.50527215004,-0.234800755978,1.19093036652,0.130948767066,-0.631156682968,0.754506766796,-0.123341597617
-0.503266215324,-0.23275873065,1.19207119942,0.131488293409,-0.63168746233,0.753336250782,-0.127147525549
-0.501867651939,-0.229005530477,1.19332051277,0.129110202193,-0.630704939365,0.75422668457,-0.129166588187
-0.499800741673,-0.226222291589,1.19388103485,0.128378778696,-0.630255460739,0.754169106483,-0.132385537028
-0.498372554779,-0.224375635386,1.19491076469,0.127894029021,-0.622813165188,0.75974881649,-0.136119678617
-0.495700657368,-0.22081913054,1.19633567333,0.127394780517,-0.629721820354,0.753723978996,-0.138279929757
-0.493805885315,-0.218118414283,1.19704210758,0.125179365277,-0.627020895481,0.755607247353,-0.142240852118
-0.49245852232,-0.21584880352,1.1979367733,0.125172242522,-0.628093838692,0.75413954258,-0.1452716887
-0.490274071693,-0.212607651949,1.1989941597,0.124078176916,-0.627068042755,0.754739940166,-0.147505283356
-0.488460361958,-0.210192978382,1.20013153553,0.123429827392,-0.626068353653,0.755129098892,-0.150278776884
-0.486727982759,-0.207566931844,1.20090353489,0.12193608284,-0.626478254795,0.754416584969,-0.153336718678
-0.485255509615,-0.204353928566,1.20129978657,0.119165338576,-0.624890625477,0.755728125572,-0.155519604683
-0.483338475227,-0.202350735664,1.20309245586,0.120608814061,-0.626798570156,0.753499507904,-0.157529771328
-0.481514811516,-0.199759572744,1.20337045193,0.118703715503,-0.623966395855,0.755344092846,-0.161340966821
-0.479846835136,-0.197229117155,1.20370519161,0.116224229336,-0.624547600746,0.754546999931,-0.16459402442
-0.478596568108,-0.194440200925,1.20515584946,0.115517549217,-0.62362408638,0.755127847195,-0.165924265981
-0.47592997551,-0.192775517702,1.20489096642,0.114805296063,-0.624338150024,0.753571212292,-0.170740053058
-0.474572896957,-0.190083041787,1.2053539753,0.112537816167,-0.62173885107,0.755427539349,-0.173509269953
-0.473245501518,-0.18766734004,1.20575129986,0.110061213374,-0.622123241425,0.754805266857,-0.176403880119
-0.471453696489,-0.18602347374,1.20682287216,0.110489010811,-0.621146917343,0.754796683788,-0.179584890604
-0.469761103392,-0.183005750179,1.20754516125,0.108600333333,-0.620173990726,0.755532085896,-0.181001394987
-0.468072235584,-0.180623263121,1.20821249485,0.108023069799,-0.618544578552,0.756394386292,-0.183306574821
-0.466778755188,-0.178829312325,1.20889616013,0.106948919594,-0.617736876011,0.756610572338,-0.185751467943
-0.465556919575,-0.176281541586,1.20898103714,0.104555204511,-0.611552536488,0.761649131775,-0.186982229352
-0.463996291161,-0.174435943365,1.20980393887,0.104304723442,-0.615586578846,0.75772690773,-0.189799144864
-0.462173581123,-0.171723246574,1.21052336693,0.103079773486,-0.615074455738,0.758039772511,-0.190876036882
-0.460780292749,-0.169638440013,1.21116411686,0.102704748511,-0.615070223808,0.757621705532,-0.192743062973
-0.459735780954,-0.167968153954,1.21134150028,0.101952150464,-0.614199221134,0.757917404175,-0.194747000933
-0.458161622286,-0.165250092745,1.21203517914,0.101028375328,-0.613160312176,0.758740842342,-0.195294901729
-0.457037389278,-0.163852468133,1.21245539188,0.101115368307,-0.612951636314,0.758333086967,-0.197476238012
-0.456529557705,-0.161113500595,1.21413266659,0.101248398423,-0.613114476204,0.758746802807,-0.195301502943
-0.454847335815,-0.160006284714,1.21290564537,0.098999813199,-0.6112190485,0.759486973286,-0.19947399199
-0.453269839287,-0.15772408247,1.21361100674,0.0994078218937,-0.611676871777,0.758902609348,-0.200091063976
-0.452467918396,-0.155557751656,1.21351563931,0.0977973714471,-0.611262857914,0.759345948696,-0.200467363
-0.451220750809,-0.154750034213,1.21428394318,0.0988612473011,-0.60957056284,0.760181307793,-0.20192758739
-0.450262695551,-0.153100132942,1.2143702507,0.0988040566444,-0.610667347908,0.759173214436,-0.202433332801
-0.448949426413,-0.150813132524,1.21499216557,0.0984222665429,-0.610096812248,0.759648382664,-0.202557206154
-0.448111385107,-0.149011999369,1.21509325504,0.0973388403654,-0.608057558537,0.761345088482,-0.202842056751
-0.447306513786,-0.148285105824,1.21542143822,0.0979137793183,-0.606905579567,0.7618714571,-0.204035848379
-0.446172535419,-0.1462893188,1.2157022953,0.0979887768626,-0.606943368912,0.761875092983,-0.203873366117
-0.44541913271,-0.144818529487,1.21600317955,0.0982163622975,-0.606667935848,0.761950910091,-0.204299986362
-0.444979578257,-0.143884181976,1.21579039097,0.0977887436748,-0.605217933655,0.7628428936,-0.205473169684
-0.443763792515,-0.141948029399,1.21621119976,0.0981813147664,-0.605274021626,0.762836396694,-0.205144762993
-0.442856013775,-0.141173422337,1.21666526794,0.0991187170148,-0.603386938572,0.7639721632,-0.206024765968
-0.442289352417,-0.140197128057,1.2167211771,0.0994966477156,-0.602603793144,0.76441514492,-0.206490948796
-0.441359460354,-0.138723731041,1.21699213982,0.100250639021,-0.602584958076,0.764369428158,-0.206351056695
-0.440734744072,-0.137498691678,1.21702325344,0.100031323731,-0.601186037064,0.765486359596,-0.206396862864
-0.440404415131,-0.136835291982,1.21695291996,0.100975342095,-0.599747717381,0.766282498837,-0.207165837288
-0.439798891544,-0.136437982321,1.21716570854,0.102682076395,-0.598891377449,0.766540706158,-0.207848459482
-0.439139693975,-0.134187191725,1.21677708626,0.101371951401,-0.597888171673,0.767708182335,-0.20706897974
-0.438633859158,-0.133162170649,1.2168636322,0.102358691394,-0.596322834492,0.768865644932,-0.206803247333
-0.438228458166,-0.132711723447,1.21690630913,0.104147568345,-0.597209870815,0.767896413803,-0.206951335073
-0.437857627869,-0.13177922368,1.21662640572,0.10428660363,-0.59475505352,0.769672930241,-0.20735116303
-0.43729364872,-0.130411550403,1.21655619144,0.104658342898,-0.593552589417,0.770716309547,-0.206732675433
-0.436920642853,-0.129583492875,1.2162951231,0.105275690556,-0.591974139214,0.77183842659,-0.206758514047
-0.436661720276,-0.128760248423,1.21624231339,0.10655400902,-0.592052996159,0.771704912186,-0.206375747919
-0.436386942863,-0.129206374288,1.21620595455,0.108771152794,-0.59079182148,0.771961688995,-0.207868084311
-0.436140298843,-0.127500280738,1.21556591988,0.108234427869,-0.589749038219,0.773085057735,-0.206932291389
-0.435776948929,-0.126709714532,1.21558535099,0.109924584627,-0.59048140049,0.772379457951,-0.20658762753
-0.435418188572,-0.125371187925,1.21539628506,0.110358320177,-0.590452730656,0.772544205189,-0.205820575356
-0.436236947775,-0.123955905437,1.21636652946,0.11250513047,-0.591067016125,0.772535264492,-0.20290902257
-0.435111224651,-0.124145396054,1.21495580673,0.113144882023,-0.58987903595,0.772619903088,-0.205669000745
-0.434842288494,-0.123156413436,1.21464061737,0.113732680678,-0.589471340179,0.772999584675,-0.205086365342
-0.434660196304,-0.122369028628,1.2144844532,0.115007720888,-0.589638054371,0.772785544395,-0.204701736569
-0.434263348579,-0.120987802744,1.21429693699,0.115702971816,-0.588995158672,0.77355825901,-0.203236952424
-0.433998227119,-0.119985111058,1.21405124664,0.116442196071,-0.589200913906,0.773376643658,-0.202909082174
-0.433646738529,-0.11926817894,1.21381568909,0.11671487242,-0.588675618172,0.773818314075,-0.202592939138
-0.433459222317,-0.118704006076,1.21329498291,0.116651885211,-0.586733102798,0.775205910206,-0.202959492803
-0.433082461357,-0.117941394448,1.21306765079,0.117551088333,-0.586195647717,0.775579690933,-0.202565357089
-0.432653993368,-0.116500623524,1.21284639835,0.117426797748,-0.585801959038,0.776121795177,-0.201697915792
-0.432209670544,-0.115640677512,1.21268892288,0.117946051061,-0.584915399551,0.776760458946,-0.201509177685
-0.43175560236,-0.11473993957,1.21264529228,0.118519626558,-0.583735466003,0.777652323246,-0.201154053211
-0.431448400021,-0.114394679666,1.21243131161,0.119287066162,-0.582599818707,0.778270661831,-0.201601043344
-0.43169772625,-0.113247148693,1.21347212791,0.12106834352,-0.582409203053,0.778731882572,-0.199295058846
-0.430177688599,-0.112314075232,1.21249496937,0.120138391852,-0.580530941486,0.779868304729,-0.200887858868
-0.429605782032,-0.111500568688,1.21249377728,0.120607204735,-0.578888893127,0.781079113483,-0.200641140342
-0.429186999798,-0.111144989729,1.21253037453,0.121325284243,-0.578156530857,0.781465172768,-0.200817167759
-0.42841809988,-0.110334388912,1.21270823479,0.121906585991,-0.577359497547,0.782060265541,-0.200441285968
-0.427711248398,-0.108986593783,1.21303272247,0.122052192688,-0.576596677303,0.782962918282,-0.199019536376
-0.427967041731,-0.107667662203,1.21422493458,0.123119056225,-0.576501250267,0.783591866493,-0.196141958237
-0.426366001368,-0.10737337172,1.21351408958,0.122745633125,-0.574137806892,0.784975647926,-0.197769284248
-0.425823807716,-0.10712711513,1.21372926235,0.123476192355,-0.57334113121,0.78543305397,-0.197809234262
-0.425129979849,-0.106409482658,1.21399629116,0.123644270003,-0.571712315083,0.786730408669,-0.197262078524
-0.424199104309,-0.105154886842,1.21434986591,0.122756697237,-0.570145249367,0.788221478462,-0.196398019791
-0.423469483852,-0.10437207669,1.21482098103,0.122888617218,-0.569292783737,0.788960933685,-0.195818394423
-0.422745943069,-0.10352037847,1.2153377533,0.122784711421,-0.56788533926,0.790223777294,-0.194875791669
-0.421982169151,-0.103412173688,1.21581411362,0.123544543982,-0.566092967987,0.791378378868,-0.194925189018
-0.421174943447,-0.102649822831,1.21624624729,0.123195782304,-0.564647018909,0.792530238628,-0.194659635425
-0.420223146677,-0.101164601743,1.21688294411,0.122765727341,-0.562670946121,0.794385194778,-0.19308552146
-0.419288307428,-0.102090507746,1.21790194511,0.125337332487,-0.561061441898,0.79492944479,-0.193876102567
-0.418397694826,-0.100295253098,1.21840238571,0.124381296337,-0.560359299183,0.795976042747,-0.192221224308
-0.417353063822,-0.098855227232,1.21938180923,0.124726422131,-0.559198260307,0.797186374664,-0.190353751183
-0.416406810284,-0.0982356742024,1.22039711475,0.126371696591,-0.558218717575,0.797777354717,-0.189666390419
-0.414929151535,-0.0975878685713,1.22143733501,0.127909079194,-0.558503091335,0.79750341177,-0.188949376345
-0.414962351322,-0.0968195572495,1.22339224815,0.12919703126,-0.557061374187,0.798924386501,-0.1863078475
-0.4141908288,-0.0953537523746,1.22426712513,0.128694668412,-0.55357927084,0.801715910435,-0.185038849711
-0.413070499897,-0.0945766940713,1.22529518604,0.130558058619,-0.552975058556,0.801943182945,-0.184555396438
-0.411142230034,-0.0948209241033,1.22555589676,0.132067903876,-0.550321757793,0.803042590618,-0.186618953943
-0.411045253277,-0.0936055481434,1.2276674509,0.133793711662,-0.549309790134,0.804118514061,-0.183716371655
-0.408908545971,-0.0927681326866,1.22780704498,0.13389351964,-0.546461522579,0.805760204792,-0.184940397739
-0.407749474049,-0.0919262096286,1.22923099995,0.136386245489,-0.544185757637,0.807127892971,-0.183862492442
-0.406857073307,-0.0918815135956,1.23046469688,0.138798356056,-0.542148947716,0.808129012585,-0.183676719666
-0.405719727278,-0.0906282886863,1.23191940784,0.141116425395,-0.540146410465,0.809452295303,-0.181975975633
-0.404547333717,-0.0902046188712,1.23367834091,0.144140809774,-0.537669360638,0.810766041279,-0.18108959496
-0.403905689716,-0.0902308821678,1.23445630074,0.145311608911,-0.538453757763,0.809819042683,-0.182058095932
-0.403025925159,-0.090070001781,1.23578178883,0.148328870535,-0.541402995586,0.806770861149,-0.184396743774
-0.401958942413,-0.0887660235167,1.23726820946,0.148448958993,-0.527172863483,0.817473769188,-0.178293377161
-0.401170432568,-0.0885859280825,1.238519907,0.151100799441,-0.525671303272,0.818144619465,-0.177419707179
-0.400652289391,-0.0883143246174,1.23978090286,0.154598921537,-0.526737272739,0.816970050335,-0.176655083895
-0.401097685099,-0.0879937782884,1.24185931683,0.157876431942,-0.52354156971,0.818970382214,-0.173973351717
-0.399712741375,-0.0883293971419,1.24177157879,0.158642873168,-0.519685268402,0.820804536343,-0.176181226969
-0.399256646633,-0.0884785428643,1.24270510674,0.161938995123,-0.519559204578,0.820149958134,-0.176601320505
-0.399020493031,-0.088667139411,1.24358081818,0.162570789456,-0.51367431879,0.823794901371,-0.176271215081
-0.398849189281,-0.0889739096165,1.24456572533,0.165603846312,-0.511575818062,0.824548184872,-0.176028460264
-0.398742228746,-0.0892830789089,1.24534881115,0.168132260442,-0.509883701801,0.825089097023,-0.176006197929
-0.398787766695,-0.0898408517241,1.24594569206,0.17101290822,-0.507861793041,0.825697600842,-0.176223024726
-0.39990478754,-0.0899583473802,1.24735617638,0.175712868571,-0.507062733173,0.825617492199,-0.174264699221
-0.399279624224,-0.0915657430887,1.24690008163,0.180633381009,-0.508276641369,0.823116660118,-0.177497670054
-0.399646878242,-0.0920401886106,1.24744677544,0.184661015868,-0.504220724106,0.82485461235,-0.17685264349
-0.40012472868,-0.0929745137691,1.24753606319,0.189273402095,-0.500884056091,0.825602173805,-0.177965685725
-0.400673419237,-0.0942691937089,1.24770104885,0.194808736444,-0.497591078281,0.826039671898,-0.179195746779
-0.401270896196,-0.0960133224726,1.24772942066,0.201596647501,-0.495342433453,0.825346887112,-0.181099936366
-0.40191078186,-0.097146242857,1.24741375446,0.201852828264,-0.482619643211,0.832804977894,-0.181023865938
-0.402916967869,-0.0988621264696,1.24714672565,0.213435679674,-0.486297488213,0.827020585537,-0.18438282609
-0.405027270317,-0.0998566821218,1.24773228168,0.219083860517,-0.478471815586,0.830390751362,-0.183079645038
-0.405062049627,-0.101982749999,1.24598431587,0.224724322557,-0.471293210983,0.832091331482,-0.18709859252
-0.407598614693,-0.103178977966,1.24646246433,0.231714993715,-0.466072887182,0.833467364311,-0.185516521335
-0.407906711102,-0.105303823948,1.24432265759,0.236757382751,-0.453086525202,0.838607311249,-0.188139289618
-0.409669876099,-0.107446543872,1.24312806129,0.244175225496,-0.452029883862,0.83672529459,-0.189574196935
-0.41139087081,-0.109500750899,1.24148571491,0.250546872616,-0.446761310101,0.837456822395,-0.190516859293
-0.414099246264,-0.111184604466,1.24063873291,0.25830951333,-0.446690618992,0.835424900055,-0.189232885838
-0.415784716606,-0.113708019257,1.23906433582,0.261894077063,-0.434955626726,0.840608000755,-0.188688337803
-0.418193519115,-0.116189643741,1.23703014851,0.268907874823,-0.43052777648,0.84071290493,-0.188510581851
-0.420545041561,-0.118804827332,1.23497843742,0.276754409075,-0.427016168833,0.840138077736,-0.187702447176
-0.423276036978,-0.121353536844,1.23283922672,0.284213632345,-0.422745198011,0.840109407902,-0.186347663403
-0.424943119287,-0.124712459743,1.22942316532,0.301028192043,-0.437391638756,0.826728820801,-0.185984089971
-0.427560925484,-0.127577379346,1.22711586952,0.311076372862,-0.435811012983,0.824689149857,-0.182175993919
-0.43061453104,-0.130031898618,1.22439408302,0.309889316559,-0.414957404137,0.836234271526,-0.180253759027
-0.433578670025,-0.132914960384,1.22165167332,0.319350838661,-0.413471966982,0.834251761436,-0.176295354962
-0.436727792025,-0.135720849037,1.21874248981,0.328612059355,-0.411782413721,0.832447707653,-0.171698302031
-0.439837217331,-0.138727352023,1.21592307091,0.33802062273,-0.411076933146,0.830035328865,-0.166731253266
-0.443819999695,-0.141246914864,1.2137979269,0.348156422377,-0.411116838455,0.827329516411,-0.159047663212
-0.446960985661,-0.144418314099,1.21055757999,0.358683139086,-0.411241948605,0.823949456215,-0.152754157782
-0.450378000736,-0.147473365068,1.20753490925,0.369411855936,-0.41233843565,0.820019125938,-0.145191639662
-0.4538641572,-0.150350451469,1.20472657681,0.380645662546,-0.413695842028,0.815717577934,-0.136269718409
-0.45726314187,-0.153648242354,1.20160961151,0.391902655363,-0.415467649698,0.810922384262,-0.127294242382
-0.46109059453,-0.156290203333,1.19892334938,0.402858197689,-0.414507299662,0.80753827095,-0.117349684238
-0.4645845294,-0.159480392933,1.1953510046,0.413562864065,-0.415414065123,0.802932143211,-0.108152344823
-0.468546897173,-0.162412047386,1.19208288193,0.423192590475,-0.41223526001,0.800641298294,-0.099718362093
-0.472422689199,-0.16520807147,1.18904197216,0.434656739235,-0.412810623646,0.79551923275,-0.0883747637272
-0.476229608059,-0.168148949742,1.18610560894,0.445623964071,-0.409243971109,0.792299509048,-0.0787409767509
-0.480619609356,-0.170676678419,1.18263316154,0.454810410738,-0.407692909241,0.78887206316,-0.0679328888655
-0.484120219946,-0.173746541142,1.17995285988,0.466197609901,-0.403889536858,0.784975886345,-0.0578434318304
-0.488594353199,-0.177117660642,1.17678546906,0.476098448038,-0.402380019426,0.780502915382,-0.0472865365446
-0.492886304855,-0.179454416037,1.17428064346,0.485404908657,-0.397215515375,0.778019845486,-0.0358789265156
-0.49646538496,-0.181702375412,1.17098522186,0.494824051857,-0.391556471586,0.775343179703,-0.0259917657822
-0.500536084175,-0.184883564711,1.16825485229,0.503579735756,-0.385563224554,0.772943377495,-0.0175177324563
-0.50500702858,-0.187952071428,1.16599440575,0.512932181358,-0.3819629848,0.768744409084,-0.0060724299401
-0.50925630331,-0.191482052207,1.16280603409,0.521460771561,-0.376865774393,0.765535712242,0.00247229007073
-0.5131726861,-0.193894535303,1.16029798985,0.53061324358,-0.371935755014,0.761535942554,0.0132769830525
-0.517364561558,-0.19699510932,1.15780854225,0.539155125618,-0.367134302855,0.75761038065,0.0234678778797
-0.521155714989,-0.200359925628,1.15559256077,0.548138022423,-0.362006545067,0.753266274929,0.0329540595412
-0.525698304176,-0.203430294991,1.15312886238,0.555674850941,-0.357222557068,0.749514937401,0.0429531373084
-0.52979516983,-0.20629966259,1.15108811855,0.563271701336,-0.351328581572,0.745998263359,0.0527248755097
-0.533907115459,-0.209414348006,1.14914882183,0.570893168449,-0.34498617053,0.742472529411,0.0616453774273
-0.537582278252,-0.212460294366,1.14749920368,0.578739583492,-0.339066565037,0.73820734024,0.0717239007354
-0.542026400566,-0.215094521642,1.14550161362,0.584972918034,-0.332812100649,0.735063493252,0.0820035114884
-0.546224474907,-0.217744871974,1.14452457428,0.594259023666,-0.321305990219,0.731821298599,0.0897569358349
-0.550143361092,-0.220843419433,1.14256763458,0.598427832127,-0.318883597851,0.727867364883,0.102012529969
-0.553629219532,-0.224067568779,1.14119112492,0.607104122639,-0.311019390821,0.722691357136,0.111395090818
-0.557796895504,-0.226716339588,1.14048814774,0.610546886921,-0.309352576733,0.718152165413,0.125662565231
-0.561632812023,-0.229877561331,1.13839459419,0.617555737495,-0.301975309849,0.713494539261,0.135504573584
-0.56557315588,-0.232743293047,1.13751590252,0.62177079916,-0.299899339676,0.70777285099,0.150064513087
-0.569629251957,-0.235827863216,1.13682126999,0.623473763466,-0.300866097212,0.702237784863,0.166200250387
-0.573699474335,-0.238972529769,1.1349375248,0.62829375267,-0.296723425388,0.696478128433,0.179222360253
-0.577499270439,-0.242047294974,1.13470470905,0.630851984024,-0.295974314213,0.690248370171,0.194890171289
-0.581540644169,-0.245286822319,1.13286805153,0.629890024662,-0.298750400543,0.684910356998,0.211860045791
-0.585372447968,-0.248986199498,1.13222455978,0.630755960941,-0.300700843334,0.678100407124,0.227828681469
-0.589464724064,-0.252237379551,1.13198065758,0.632477462292,-0.299481213093,0.671601235867,0.243382483721
-0.593214154243,-0.256329238415,1.13075613976,0.632034361362,-0.303861916065,0.663824856281,0.259878993034
-0.597087860107,-0.260191470385,1.13028931618,0.630954682827,-0.304996401072,0.65816795826,0.275115311146
-0.600732624531,-0.264342457056,1.13084673882,0.628808140755,-0.30945828557,0.650692641735,0.292292803526
-0.604537308216,-0.268653422594,1.13020193577,0.626006603241,-0.315391749144,0.643164217472,0.308194100857
-0.609971642494,-0.273845791817,1.13013601303,0.621802985668,-0.319901645184,0.638654470444,0.321161210537
-0.612000584602,-0.277357369661,1.13011837006,0.620034992695,-0.321172714233,0.632420480251,0.335334151983
-0.617224872112,-0.282801806927,1.13101971149,0.616058707237,-0.324611842632,0.629332244396,0.345021605492
-0.620658218861,-0.287081569433,1.13134431839,0.612566292286,-0.328460037708,0.623981356621,0.357104957104
-0.62379193306,-0.291679531336,1.13130056858,0.61042624712,-0.330180764198,0.619665026665,0.366573154926
-0.627033412457,-0.295879125595,1.13236927986,0.607946872711,-0.331225275993,0.616392612457,0.375167369843
-0.629708111286,-0.300103008747,1.13272130489,0.606334090233,-0.331364661455,0.613423347473,0.38245049119
-0.632850110531,-0.304604798555,1.13342380524,0.604646265507,-0.331094384193,0.61182653904,0.387875884771
-0.635393083096,-0.30888402462,1.1345897913,0.603068709373,-0.33209425211,0.609161257744,0.393629580736
-0.638066768646,-0.313142955303,1.13517785072,0.602185964584,-0.331537812948,0.608170151711,0.396968275309
-0.640310049057,-0.317272305489,1.13603997231,0.601818621159,-0.330344229937,0.606921494007,0.400416254997
-0.643105983734,-0.321430146694,1.13692164421,0.599958896637,-0.330977708101,0.606503903866,0.403306603432
-0.642430067062,-0.324133694172,1.13759422302,0.601801216602,-0.326389193535,0.6044921875,0.407301664352
-0.644561052322,-0.327915519476,1.13880479336,0.60071927309,-0.32616943121,0.604366838932,0.409256279469
-0.646457612514,-0.331913799047,1.13947057724,0.600260317326,-0.326043009758,0.604196429253,0.410280823708
-0.648259401321,-0.335707247257,1.14090323448,0.59855479002,-0.327342152596,0.60383695364,0.412262260914
-0.650818288326,-0.33948302269,1.14172768593,0.598368525505,-0.327201038599,0.604385495186,0.411840617657
-0.651473701,-0.342883110046,1.14264416695,0.601105213165,-0.324487805367,0.604048788548,0.410494029522
-0.653173565865,-0.346177518368,1.14335632324,-0.605437040329,0.320121735334,-0.604556918144,-0.406791180372
-0.655005931854,-0.34953379631,1.14410400391,0.598947405815,-0.326014369726,0.605100393295,0.410889714956
-0.656224012375,-0.352562755346,1.14470493793,0.598204553127,-0.327071666718,0.604991257191,0.411291927099
-0.657137453556,-0.355450510979,1.14499759674,0.599062025547,-0.325538963079,0.605849802494,0.409994244576
-0.658101677895,-0.358177632093,1.14581084251,0.59875357151,-0.326193094254,0.605350852013,0.410661309958
-0.658816874027,-0.360597461462,1.14612078667,0.597126305103,-0.328789949417,0.6054225564,0.410854130983
-0.659420192242,-0.36289870739,1.14632248878,0.597318530083,-0.329191416502,0.605483591557,0.410162657499
-0.659948348999,-0.365064024925,1.146453619,0.596465170383,-0.330685764551,0.605553984642,0.410098314285
-0.660245001316,-0.367075741291,1.14620375633,0.59551101923,-0.33244279027,0.605656921864,0.409912467003
-0.660595357418,-0.36885124445,1.14624524117,0.595885932446,-0.333143979311,0.605561077595,0.408938884735
-0.660757064819,-0.370641559362,1.14610993862,0.589114427567,-0.340901166201,0.605829834938,0.41194742918
-0.66081649065,-0.372245788574,1.14551901817,0.588837683201,-0.342670619488,0.606017231941,0.410597652197
-0.661135554314,-0.373564958572,1.14536190033,0.588033616543,-0.34515145421,0.605441272259,0.410521388054
-0.661072254181,-0.37490260601,1.14462566376,0.587996184826,-0.346569985151,0.605520009995,0.40926194191
-0.661166727543,-0.375861346722,1.1441321373,0.5872169137,-0.348561167717,0.605953276157,0.408046603203
-0.661047339439,-0.376995712519,1.14314854145,0.585836827755,-0.352112948895,0.604751527309,0.408763229847
-0.66099780798,-0.37774553895,1.14232230186,0.585645854473,-0.354235470295,0.604326605797,0.407830506563
-0.660827577114,-0.378504872322,1.14171338081,0.583424210548,-0.357873529196,0.603401362896,0.409206032753
-0.660732448101,-0.378961533308,1.14031219482,0.591230690479,-0.353183597326,0.604662537575,0.400113582611
-0.660461425781,-0.379360854626,1.13919305801,0.589351475239,-0.357857406139,0.603736162186,0.400132000446
-0.660266578197,-0.379589855671,1.1383510828,0.589691400528,-0.360199302435,0.603574693203,0.397766411304
-0.660055875778,-0.379857331514,1.13722264767,0.585959851742,-0.37074816227,0.599460661411,0.399804741144
-0.659603118896,-0.380379348993,1.13627433777,0.585201978683,-0.375715136528,0.597899496555,0.398613870144
-0.659635663033,-0.38037699461,1.13467991352,0.583374977112,-0.380858123302,0.596987068653,0.397777795792
-0.658965826035,-0.380070209503,1.13358390331,0.584405422211,-0.382772743702,0.596692979336,0.39485809207
-0.658522725105,-0.380473047495,1.13252747059,0.582793831825,-0.388432860374,0.595468461514,0.393559068441
-0.657980024815,-0.380371689796,1.13099110126,0.58301949501,-0.392855405807,0.593830525875,0.391303211451
-0.65762925148,-0.379731982946,1.12985789776,0.581823408604,-0.39671882987,0.593758940697,0.389289230108
-0.657118022442,-0.379601955414,1.12833619118,0.581188321114,-0.4017329216,0.592115700245,0.387594968081
-0.656664609909,-0.379423290491,1.127176404,0.581957519054,-0.404295295477,0.592351078987,0.383394032717
-0.656388163567,-0.379539132118,1.12641060352,0.574040353298,-0.416059702635,0.589762508869,0.386719703674
-0.655827224255,-0.379268527031,1.12517011166,0.583644211292,-0.4074678123,0.594084203243,0.374691009521
-0.654820084572,-0.378922700882,1.12359917164,0.577343821526,-0.420660614967,0.589854896069,0.376550197601
-0.654614388943,-0.378980219364,1.12307274342,0.579430878162,-0.419038921595,0.593621551991,0.369160801172
-0.653977513313,-0.378690540791,1.1215826273,0.582534313202,-0.424391925335,0.589144408703,0.365313827991
-0.652783691883,-0.378412038088,1.12105870247,0.585033297539,-0.421045124531,0.593589007854,0.357923567295
-0.652107417583,-0.378224790096,1.12001824379,0.582994997501,-0.4313775599,0.588805139065,0.356845974922
-0.651127576828,-0.378698796034,1.11900091171,0.582200407982,-0.43176433444,0.593461692333,0.349893689156
-0.650501847267,-0.378941446543,1.11824703217,0.580935359001,-0.440882951021,0.589703142643,0.346967577934
-0.649502635002,-0.379022479057,1.11785793304,0.587973356247,-0.433577120304,0.594483852386,0.335987120867
-0.648302555084,-0.379008114338,1.11676025391,0.587340831757,-0.441465526819,0.590864181519,0.333194226027
-0.646953523159,-0.379255175591,1.11668252945,0.584937036037,-0.445955693722,0.593051671982,0.32750877738
-0.645532011986,-0.379673957825,1.11624097824,0.586822748184,-0.447046399117,0.593336224556,0.322088062763
-0.64393132925,-0.379917472601,1.11574029922,0.589145839214,-0.44796526432,0.594234764576,0.314832210541
-0.642275393009,-0.380636572838,1.11513388157,0.592218279839,-0.447474956512,0.596042454243,0.306230336428
-0.640510082245,-0.381369411945,1.1148648262,0.595234632492,-0.44603267312,0.598670601845,0.29722738266
-0.638976931572,-0.382084131241,1.1146607399,0.598234176636,-0.444709092379,0.600862562656,0.288641422987
-0.637298285961,-0.382995218039,1.11475658417,0.601468086243,-0.442691653967,0.603419065475,0.279545754194
-0.635734140873,-0.384123325348,1.11462605,0.604657888412,-0.440175801516,0.606334507465,0.270171761513
-0.634175777435,-0.385255426168,1.11504602432,0.607642173767,-0.437328457832,0.609760761261,0.260204792023
-0.632913053036,-0.386546909809,1.11511945724,0.610566020012,-0.434943497181,0.612036883831,0.25188139081
-0.631219089031,-0.388067305088,1.11538434029,0.61349594593,-0.432458281517,0.614350914955,0.243260324001
-0.630412817001,-0.389302134514,1.11537504196,0.614657223225,-0.431413173676,0.617113351822,0.235054403543
-0.62896668911,-0.391068905592,1.1152908802,0.616740167141,-0.430248826742,0.618424713612,0.228184998035
-0.628312051296,-0.392619729042,1.11542713642,0.617737114429,-0.426925480366,0.622431993484,0.220712199807
-0.627471506596,-0.394023537636,1.11589169502,0.618016421795,-0.429986566305,0.620809674263,0.218546748161
-0.626437187195,-0.395825088024,1.11623883247,0.618846178055,-0.428223669529,0.622870326042,0.213744372129
-0.626000583172,-0.397152870893,1.11599242687,0.618174016476,-0.431778073311,0.621302008629,0.213101789355
-0.624969184399,-0.398606985807,1.11601436138,0.618532478809,-0.431684374809,0.621717751026,0.211029469967
-0.624601781368,-0.399734139442,1.11595380306,0.617738246918,-0.432777404785,0.622062027454,0.210100129247
-0.623785734177,-0.401047199965,1.1164829731,0.617435216904,-0.431186258793,0.624059081078,0.208332434297
-0.623600423336,-0.401757031679,1.1162686348,0.615435183048,-0.434980154037,0.622449755669,0.211159065366
-0.623098373413,-0.402498543262,1.11602377892,0.614292681217,-0.43542394042,0.623099029064,0.211655929685
-0.622054219246,-0.403450012207,1.11565434933,0.613674640656,-0.435845762491,0.62293702364,0.213052615523
-0.621856927872,-0.403893858194,1.1153113842,0.611712813377,-0.43696013093,0.623179614544,0.215685725212
-0.621128320694,-0.404675751925,1.11560177803,0.610500991344,-0.437517732382,0.622969567776,0.218576177955
-0.620659351349,-0.405193567276,1.1152368784,0.608641386032,-0.438119471073,0.623164236546,0.221976444125
-0.620232105255,-0.40556743741,1.11476492882,0.606954574585,-0.439133226871,0.62277674675,0.22564868629
-0.619870603085,-0.406108260155,1.11436927319,0.605270564556,-0.440196692944,0.622184514999,0.229697361588
-0.619501709938,-0.406497806311,1.11354839802,0.603341937065,-0.441158235073,0.621626734734,0.234388828278
-0.619660496712,-0.406774967909,1.11303389072,0.600822269917,-0.442388236523,0.621598303318,0.238580718637
-0.619476556778,-0.40734115243,1.11261475086,0.598886311054,-0.44322553277,0.621204316616,0.242881923914
-0.619280517101,-0.407550364733,1.11254799366,0.596710503101,-0.444900929928,0.619536936283,0.249346345663
-0.619044244289,-0.407894939184,1.11202287674,0.594889760017,-0.445670068264,0.618615567684,0.254556626081
-0.618851304054,-0.408235222101,1.11152672768,0.593138992786,-0.446519464254,0.617431879044,0.259970039129
-0.618512749672,-0.408812582493,1.1112203598,0.591713428497,-0.447140723467,0.616077959538,0.265308201313
-0.618466734886,-0.409078270197,1.11077773571,0.589713573456,-0.447823703289,0.615141034126,0.270727843046
-0.61875718832,-0.40932071209,1.11023807526,0.587279677391,-0.448930025101,0.614125192165,0.27643224597
-0.618628501892,-0.409707814455,1.1094635725,0.585898160934,-0.449090182781,0.613030016422,0.281488209963
-0.618560433388,-0.410044401884,1.10909295082,0.584571242332,-0.448800116777,0.611969292164,0.286964684725
-0.618420362473,-0.41053044796,1.10871076584,0.583436489105,-0.448697030544,0.61085742712,0.291763901711
-0.618431687355,-0.410923600197,1.10831952095,0.5821839571,-0.448546856642,0.609802365303,0.296662539244
-0.618144273758,-0.41137355566,1.10855066776,0.581547856331,-0.447646200657,0.608688831329,0.301517903805
-0.618078589439,-0.412154495716,1.1079133749,0.581148266792,-0.446349024773,0.608303248882,0.304969727993
-0.618537306786,-0.412431627512,1.10754966736,0.579857766628,-0.445776045322,0.607714831829,0.309404790401
-0.618689835072,-0.412874996662,1.10771560669,0.579153478146,-0.445352762938,0.606299757957,0.314074456692
-0.618718624115,-0.413093775511,1.10731375217,0.57953953743,-0.441517710686,0.607672393322,0.316117584705
-0.619138002396,-0.414077192545,1.10724687576,0.579398810863,-0.440508365631,0.607053995132,0.318958997726
-0.619167923927,-0.415085196495,1.10705530643,0.579148650169,-0.440701544285,0.604944527149,0.323127448559
-0.619312882423,-0.415773689747,1.10698676109,0.579396724701,-0.438835024834,0.604599952698,0.325856089592
-0.619542002678,-0.416539609432,1.10691928864,0.580131530762,-0.436222493649,0.604580163956,0.328085511923
-0.619574606419,-0.417583048344,1.10707235336,0.581126332283,-0.433943688869,0.604251682758,0.329946964979
-0.61991328001,-0.41832023859,1.10694015026,0.581832766533,-0.431554883718,0.60421872139,0.331889539957
-0.620239675045,-0.419306814671,1.10707747936,0.582630515099,-0.429333627224,0.604187011719,0.333425521851
-0.620964348316,-0.419571131468,1.10727405548,0.582282602787,-0.427470982075,0.604614198208,0.335644811392
-0.621865332127,-0.420690923929,1.10734081268,0.583259224892,-0.424800246954,0.605626344681,0.33551466465
-0.622125267982,-0.421909123659,1.10776340961,0.58516907692,-0.419665545225,0.607566595078,0.335143327713
-0.622830152512,-0.422987997532,1.10789418221,0.586584985256,-0.415425688028,0.609227955341,0.334934204817
-0.623441636562,-0.423693180084,1.10789132118,0.58476805687,-0.420510977507,0.604689121246,0.3399528265
-0.623764753342,-0.425005525351,1.10822689533,0.588302254677,-0.411878287792,0.608878612518,0.336932480335
-0.624206244946,-0.425712734461,1.1079171896,0.58685028553,-0.416739344597,0.604499936104,0.341342687607
-0.625302731991,-0.426571011543,1.10789108276,0.5933624506,-0.404548048973,0.609593153,0.335645526648
-0.625991046429,-0.427259683609,1.10798144341,0.591736078262,-0.409384012222,0.605595946312,0.339862883091
-0.626358270645,-0.427929073572,1.10804545879,0.59468382597,-0.401268094778,0.609324753284,0.337725311518
-0.627107441425,-0.428821474314,1.10826408863,0.59190505743,-0.408394873142,0.604523718357,0.342656224966
-0.627644121647,-0.429773539305,1.10847401619,0.590182483196,-0.406552672386,0.607366979122,0.342789918184
-0.628343760967,-0.430232316256,1.10850071907,0.593101024628,-0.405670583248,0.604460299015,0.343933492899
-0.628645002842,-0.431062042713,1.10870301723,0.591458201408,-0.402684926987,0.608317136765,0.343471199274
-0.628803253174,-0.431522399187,1.10886585712,0.590116798878,-0.406817674637,0.604876935482,0.346966087818
-0.629440486431,-0.432201951742,1.10938990116,0.592023909092,-0.400813817978,0.608235776424,0.344826728106
-0.62991642952,-0.432404279709,1.10937333107,0.58977407217,-0.406460314989,0.60421615839,0.349112570286
-0.630736351013,-0.43278491497,1.10938966274,0.591427147388,-0.399636626244,0.608887672424,0.34606385231
-0.631142258644,-0.432886630297,1.10936617851,0.589149177074,-0.405074208975,0.605416059494,0.349699229002
-0.631641447544,-0.433273792267,1.10948097706,0.591351807117,-0.398173511028,0.60967952013,0.346484869719
-0.632082521915,-0.43324354291,1.10943961143,0.58872795105,-0.404586672783,0.605536997318,0.350762099028
-0.63217651844,-0.433559209108,1.10954022408,0.595690250397,-0.392809450626,0.610042572021,0.344531714916
-0.632909536362,-0.43329924345,1.1093531847,0.592057645321,-0.399987816811,0.606098890305,0.349459141493
-0.63327807188,-0.43363648653,1.10945379734,0.589390099049,-0.398395001888,0.609794259071,0.349359244108
-0.633545160294,-0.433142930269,1.10887670517,0.590849936008,-0.399980634451,0.606692016125,0.350480735302
-0.633841693401,-0.43319234252,1.10892474651,0.592586457729,-0.394309818745,0.610231220722,0.347820550203
-0.634184598923,-0.432931363583,1.10884988308,0.589723944664,-0.400695174932,0.606759488583,0.351442754269
-0.634808719158,-0.433304488659,1.10891079903,0.591098248959,-0.395947277546,0.610368490219,0.34825116396
-0.635014533997,-0.432664304972,1.10865199566,0.588085651398,-0.402290821075,0.606864750385,0.352182656527
-0.635168850422,-0.432961761951,1.10880506039,0.589865744114,-0.397499233484,0.610073626041,0.349088519812
-0.635656952858,-0.432555288076,1.10874450207,0.586547851562,-0.404797941446,0.606496095657,0.352509826422
-0.636038422585,-0.43249130249,1.10871255398,0.588137030602,-0.399735063314,0.610279977322,0.349091947079
-0.636468708515,-0.43212300539,1.10902059078,0.581135571003,-0.410726010799,0.606544435024,0.354527205229
-0.636828064919,-0.431895285845,1.10898244381,0.587088286877,-0.401693433523,0.609987020493,0.349121272564
-0.637478649616,-0.431119531393,1.10824179649,0.583755135536,-0.409647464752,0.605944633484,0.352491170168
-0.637604951859,-0.430800974369,1.10824394226,0.580560922623,-0.408678591251,0.610355854034,0.351278573275
-0.638217806816,-0.430618226528,1.10815930367,0.577535033226,-0.417292237282,0.605830669403,0.353962898254
-0.638195931911,-0.430395156145,1.10822081566,0.577679991722,-0.41769233346,0.606313467026,0.352424412966
-0.638839185238,-0.429872334003,1.10804271698,0.578578412533,-0.413315087557,0.610565006733,0.348752170801
-0.639331459999,-0.429345607758,1.10790538788,0.575428187847,-0.422015994787,0.60581099987,0.351820856333
-0.639942824841,-0.428874731064,1.10824656487,0.580628335476,-0.413204967976,0.61098831892,0.344711184502
-0.640257179737,-0.428081005812,1.10805022717,0.577644348145,-0.42148271203,0.606475889683,0.347658336163
-0.640619695187,-0.427664160728,1.10798728466,0.578014910221,-0.421899527311,0.607018053532,0.345584630966
-0.641055941582,-0.427092194557,1.1078993082,0.576513648033,-0.424947559834,0.60658621788,0.345115929842
-0.641330182552,-0.42658701539,1.10782790184,0.572326719761,-0.430319488049,0.606388926506,0.345774143934
-0.641633033752,-0.425768643618,1.10768580437,0.571665465832,-0.432044625282,0.606226801872,0.345000088215
-0.642297625542,-0.42543309927,1.1076952219,0.571405231953,-0.43288397789,0.607540667057,0.34205570817
-0.64271992445,-0.424761742353,1.10754525661,0.574417889118,-0.43217086792,0.606585502625,0.339597463608
-0.643231213093,-0.424158096313,1.10739994049,0.574270129204,-0.433667093515,0.60667437315,0.337776273489
-0.643423974514,-0.423354685307,1.1068687439,0.570080757141,-0.43872487545,0.606733262539,0.338235527277
-0.64413356781,-0.422994017601,1.10715866089,0.569289267063,-0.440978825092,0.606669187546,0.336748927832
-0.644385278225,-0.421937823296,1.10694098473,0.569276869297,-0.44137814641,0.607512176037,0.334721177816
-0.644914209843,-0.421322673559,1.10680556297,0.56909507513,-0.44293564558,0.607508003712,0.332976013422
-0.645383656025,-0.420522719622,1.10665738583,0.568656861782,-0.444580376148,0.607430994511,0.33167091012
-0.645919799805,-0.419875085354,1.10649216175,0.568362832069,-0.446351379156,0.607316792011,0.33000099659
-0.646405100822,-0.418988883495,1.10628008842,0.567989468575,-0.448480308056,0.606359362602,0.329517453909
-0.647033631802,-0.418317377567,1.10613059998,0.567616641521,-0.450207263231,0.606393396854,0.327737361193
-0.647432029247,-0.417952299118,1.10609412193,0.567788600922,-0.451925575733,0.605897009373,0.325988054276
-0.647932171822,-0.417200088501,1.1059589386,0.567907094955,-0.452593684196,0.606278300285,0.324140459299
-0.648710548878,-0.415904462337,1.10556077957,0.566968798637,-0.454068869352,0.606426298618,0.323442429304
-0.649102509022,-0.415601581335,1.10565280914,0.56734007597,-0.455752968788,0.605623066425,0.32192414999
-0.649992763996,-0.414512336254,1.1053006649,0.566619336605,-0.457072168589,0.60600143671,0.320608973503
-0.650309205055,-0.413193643093,1.1046359539,0.56987452507,-0.454737007618,0.605879426003,0.318382531404
-0.651084542274,-0.412795484066,1.10455322266,0.570286393166,-0.456004828215,0.60541421175,0.316712349653
-0.651803076267,-0.411822140217,1.1047141552,0.566200375557,-0.46153613925,0.604111909866,0.318512916565
-0.652031242847,-0.410729914904,1.10412657261,0.566416025162,-0.462254106998,0.603709876537,0.317849636078
-0.652945756912,-0.410205721855,1.10397219658,0.566149771214,-0.463917732239,0.603252708912,0.316766440868
-0.653479218483,-0.409309387207,1.10382497311,0.566266477108,-0.464901059866,0.602655827999,0.3162522614
-0.653888106346,-0.4081363976,1.10354042053,0.566328287125,-0.4654969275,0.602209985256,0.316114246845
-0.654633760452,-0.407386511564,1.10351204872,0.566484093666,-0.466165363789,0.601980805397,0.31528544426
-0.655295789242,-0.406503736973,1.10335743427,0.566539824009,-0.467200547457,0.601231634617,0.31508231163
-0.6559933424,-0.405585765839,1.10313344002,0.566477179527,-0.468105226755,0.600730359554,0.314808040857
-0.656449973583,-0.404514342546,1.1029458046,0.570066034794,-0.465316563845,0.600213944912,0.31344628334
-0.657268583775,-0.403573781252,1.10312902927,0.57035779953,-0.466045290232,0.599188268185,0.313795030117
-0.657686650753,-0.402739465237,1.10303711891,0.567180752754,-0.469343185425,0.599057853222,0.314885348082
-0.658419966698,-0.401870876551,1.10284781456,0.570131838322,-0.467326134443,0.598403394222,0.313798427582
-0.658940136433,-0.400902271271,1.10269010067,0.567526757717,-0.470417052507,0.597671031952,0.315294355154
-0.659741401672,-0.400061100721,1.10246813297,0.567695558071,-0.470040351152,0.598115086555,0.314709663391
-0.660236895084,-0.399237155914,1.10232615471,0.568045735359,-0.470978587866,0.596505403519,0.315728843212
-0.660817205906,-0.398223519325,1.10212481022,0.56846767664,-0.470479786396,0.596466958523,0.315785288811
-0.661356508732,-0.397510766983,1.10162973404,0.568911015987,-0.470991373062,0.595444440842,0.31615447998
-0.661915957928,-0.396654874086,1.10157036781,0.56933003664,-0.470144867897,0.595786213875,0.316015809774
-0.662535429001,-0.395770728588,1.10141980648,0.569576442242,-0.47076562047,0.594441652298,0.317177593708
-0.663045048714,-0.394864141941,1.10118544102,0.570223212242,-0.469599634409,0.594674170017,0.317307949066
-0.663774371147,-0.393838346004,1.10143184662,0.569822609425,-0.470590353012,0.593357861042,0.319019794464
-0.664269208908,-0.393098831177,1.10139584541,0.570405125618,-0.470038294792,0.592932879925,0.319581866264
-0.664501905441,-0.391668826342,1.10119915009,0.574628353119,-0.465371221304,0.592536568642,0.319581329823
-0.665416419506,-0.391249477863,1.10119509697,0.574620783329,-0.465388178825,0.592557609081,0.319531589746
-0.665818929672,-0.390433520079,1.10075211525,0.57157599926,-0.468521267176,0.591686189175,0.322019010782
-0.665941119194,-0.389322936535,1.10072529316,0.572238028049,-0.466716378927,0.592067778111,0.322761982679
-0.666429400444,-0.388799369335,1.10076999664,0.572579562664,-0.467254698277,0.590548694134,0.32415753603
-0.66725641489,-0.387768179178,1.10096931458,0.572577953339,-0.466164529324,0.590887248516,0.325111418962
-0.667442381382,-0.386462986469,1.10085570812,0.57272040844,-0.465438455343,0.590240776539,0.327068924904
-0.668307900429,-0.385811060667,1.1008118391,0.572969019413,-0.464314907789,0.590813398361,0.327196776867
-0.668586194515,-0.385073423386,1.10048604012,0.573487043381,-0.463496297598,0.590483129025,0.328045070171
-0.669031977654,-0.384044528008,1.10078144073,0.573553800583,-0.462721198797,0.590096473694,0.329714298248
-0.669541597366,-0.383258581161,1.1003767252,0.573726177216,-0.462396293879,0.589484453201,0.330962240696
-0.669937252998,-0.382258862257,1.10033011436,0.573840796947,-0.461261212826,0.589725792408,0.33191627264
-0.670190632343,-0.381030797958,1.10071611404,0.573929429054,-0.460289776325,0.589261889458,0.333929389715
-0.670953571796,-0.380380094051,1.1007540226,0.573731303215,-0.459971785545,0.589029848576,0.335115432739
-0.671303451061,-0.37936514616,1.10074913502,0.5736951828,-0.460098206997,0.587656736374,0.337406277657
-0.671548128128,-0.378615736961,1.10041737556,0.574095189571,-0.458611160517,0.588304340839,0.337622046471
-0.671967327595,-0.37757101655,1.1004679203,0.57400482893,-0.458403259516,0.587380707264,0.339660137892
-0.672496199608,-0.376790344715,1.10088610649,0.572322010994,-0.458600282669,0.587044894695,0.342799752951
-0.672801971436,-0.375660270452,1.10087025166,0.573886990547,-0.457020878792,0.587036907673,0.342305660248
-0.673115670681,-0.374782472849,1.10099434853,0.574018120766,-0.455606549978,0.587660908699,0.342900395393
-0.673318445683,-0.373602062464,1.10059893131,0.574028015137,-0.454855918884,0.587498962879,0.344155520201
-0.673859357834,-0.372881650925,1.10073792934,0.573708474636,-0.454778790474,0.587184548378,0.345324724913
-0.674122571945,-0.372000783682,1.10087156296,0.573550403118,-0.454640686512,0.586781561375,0.346452444792
-0.674141526222,-0.370532989502,1.10121774673,0.573576569557,-0.453022837639,0.587153315544,0.347895413637
-0.674782156944,-0.370032280684,1.1010017395,0.577736079693,-0.4483332932,0.588221669197,0.345273077488
-0.675177454948,-0.368878960609,1.10146141052,0.576907873154,-0.44905102253,0.587162435055,0.347520887852
-0.674875736237,-0.368273645639,1.10140061378,0.573547661304,-0.451778203249,0.587012827396,0.349793493748
-0.675562083721,-0.367052078247,1.10138165951,0.577178835869,-0.44654417038,0.589122891426,0.346983104944
-0.675770878792,-0.366011887789,1.1018679142,0.573386251926,-0.449641138315,0.587785959244,0.351509332657
-0.676031351089,-0.36517572403,1.102024436,0.571784079075,-0.450718551874,0.588476359844,0.351584225893
-0.67632740736,-0.364123046398,1.10217034817,0.571092069149,-0.450930476189,0.588461458683,0.352460801601
-0.676487505436,-0.363292098045,1.10164439678,0.571183860302,-0.449758857489,0.589652955532,0.351817578077
-0.676691353321,-0.362236976624,1.10187101364,0.570986092091,-0.449152350426,0.590244114399,0.35192155838
-0.676940023899,-0.361022591591,1.10260128975,0.570131719112,-0.449406087399,0.590258598328,0.352957367897
-0.677128791809,-0.360041171312,1.10278892517,0.569716095924,-0.449194818735,0.590717613697,0.353129208088
-0.677013814449,-0.358834296465,1.10229635239,0.569350481033,-0.449322938919,0.589583873749,0.355443358421
-0.67753559351,-0.358099579811,1.10253274441,0.568068444729,-0.451618522406,0.587960839272,0.35726878047
-0.677749693394,-0.356903284788,1.10324072838,0.567465543747,-0.450934022665,0.58916836977,0.357102572918
-0.67782741785,-0.355762541294,1.10342133045,0.566426515579,-0.452242255211,0.588505625725,0.358188539743
-0.677780330181,-0.354899227619,1.10309958458,0.566455543041,-0.451341688633,0.589846670628,0.357071042061
-0.678053438663,-0.353683739901,1.10318994522,0.565452039242,-0.451962649822,0.590176284313,0.357331395149
-0.678055822849,-0.352438032627,1.10342097282,0.564967572689,-0.45188459754,0.590699791908,0.357331424952
-0.677833139896,-0.351315289736,1.10433912277,0.564439237118,-0.452819466591,0.589954376221,0.358213603497
-0.678377628326,-0.350032269955,1.10406851768,0.563456058502,-0.452379584312,0.591921269894,0.357070297003
-0.678441464901,-0.348785996437,1.10400605202,0.562354326248,-0.453813493252,0.5916249156,0.357478648424
-0.67821598053,-0.347220540047,1.10413753986,0.561956167221,-0.453336387873,0.592476904392,0.35729894042
-0.678618609905,-0.346047282219,1.10492730141,0.560868859291,-0.453782230616,0.593449890614,0.356826394796
-0.678656160831,-0.344875216484,1.10517573357,0.560030758381,-0.454621523619,0.593673467636,0.356702387333
-0.678653359413,-0.343570381403,1.10499000549,0.559181332588,-0.455591201782,0.59384572506,0.356511205435
-0.678648948669,-0.342295825481,1.10495638847,0.55848890543,-0.456075340509,0.594450712204,0.355968654156
-0.678799927235,-0.340752750635,1.10561299324,0.557155787945,-0.457568824291,0.594237446785,0.356497019529
-0.678744077682,-0.339451342821,1.10586595535,0.556502461433,-0.45794865489,0.595019698143,0.355724006891
-0.678730905056,-0.338148474693,1.10571408272,0.555901527405,-0.458405524492,0.595644116402,0.355029404163
-0.678711533546,-0.33677905798,1.10557866096,0.55560028553,-0.457546412945,0.598667085171,0.351507127285
-0.678957641125,-0.335212230682,1.10640799999,0.554347217083,-0.458263784647,0.599492311478,0.351144373417
-0.679008424282,-0.333776563406,1.10656511784,0.5536865592,-0.458531916142,0.600253880024,0.350535362959
-0.678648412228,-0.332203835249,1.10609567165,0.553426742554,-0.459134250879,0.599636018276,0.351213902235
-0.678827702999,-0.331270992756,1.10632812977,0.55261182785,-0.460331469774,0.600463271141,0.349512636662
-0.679003715515,-0.329614400864,1.10704231262,0.551861584187,-0.460756272078,0.601135969162,0.348981499672
-0.6790137887,-0.328164309263,1.10724473,0.551291644573,-0.461156457663,0.601762890816,0.348272591829
-0.678960680962,-0.326722770929,1.10707426071,0.551136016846,-0.460313767195,0.60376304388,0.346165567636
-0.678922951221,-0.325239211321,1.10702943802,0.550316989422,-0.461949765682,0.60318416357,0.346298515797
-0.678646862507,-0.323407292366,1.10713362694,0.549496769905,-0.462705403566,0.603392720222,0.34622874856
-0.678623974323,-0.321690440178,1.10747718811,0.548846304417,-0.463093072176,0.60398375988,0.345711141825
-0.67853230238,-0.320192337036,1.10747754574,0.548579216003,-0.463933438063,0.604045748711,0.344898998737
-0.678564071655,-0.3184633255,1.10825121403,0.547606825829,-0.464864552021,0.604117751122,0.345064848661
-0.678926110268,-0.317300736904,1.10842907429,0.547266602516,-0.465553730726,0.604903101921,0.34329482913
-0.678543925285,-0.315572023392,1.10796999931,0.54721736908,-0.465584605932,0.605363428593,0.342519044876
-0.678693234921,-0.314179599285,1.10880231857,0.547169268131,-0.46511644125,0.606729745865,0.340809941292
-0.678670048714,-0.312707930803,1.10836839676,0.546897411346,-0.465571582317,0.607236862183,0.339720219374
-0.678476631641,-0.31072717905,1.10844624043,0.546393632889,-0.466145664454,0.60722142458,0.339770913124
-0.678441107273,-0.309137851,1.1086486578,0.546475410461,-0.465317606926,0.608740329742,0.338052451611
-0.67878061533,-0.307642817497,1.10945653915,0.545990824699,-0.465690523386,0.609321177006,0.33727440238
-0.678520679474,-0.305771529675,1.10916960239,0.545938611031,-0.465558320284,0.609779775143,0.336712270975
-0.678793549538,-0.304638445377,1.1090798378,0.545654892921,-0.466308116913,0.610241830349,0.335294306278
-0.678598761559,-0.302515387535,1.10941517353,0.545336604118,-0.466605812311,0.610000729561,0.33583638072
-0.679050981998,-0.301163494587,1.10994040966,0.544882297516,-0.466884404421,0.610899269581,0.334551334381
-0.679263114929,-0.299538880587,1.11000227928,0.544245302677,-0.468133866787,0.610501885414,0.334567040205
-0.679343283176,-0.298116564751,1.1094865799,0.544375479221,-0.468152970076,0.61126023531,0.332940220833
-0.67959612608,-0.296445697546,1.11011862755,0.543748855591,-0.468228876591,0.611785173416,0.332893013954
-0.679776906967,-0.294857680798,1.11015892029,0.543453633785,-0.468719571829,0.611896574497,0.332479923964
-0.679939627647,-0.293376594782,1.10989677906,0.543155729771,-0.469852626324,0.611212968826,0.332624793053
-0.680264770985,-0.291841447353,1.10989236832,0.542592346668,-0.470584571362,0.611341834068,0.332272589207
-0.680599033833,-0.290281295776,1.11014461517,0.542215704918,-0.470879673958,0.61159735918,0.331998884678
-0.680882930756,-0.288639068604,1.1104221344,0.541693925858,-0.471470475197,0.611452817917,0.332278102636
-0.68130749464,-0.287306666374,1.10979890823,0.541411936283,-0.472153902054,0.611605525017,0.331485331059
-0.681625306606,-0.285924524069,1.10986936092,0.541092216969,-0.472955226898,0.61122071743,0.331574887037
-0.682019531727,-0.284304231405,1.11045968533,0.540644407272,-0.473583102226,0.610933661461,0.331937819719
-0.682467639446,-0.282822221518,1.11044549942,0.540368497372,-0.474098861217,0.610729217529,0.332027554512
-0.68285548687,-0.28152346611,1.1100769043,0.540297806263,-0.474690079689,0.61060154438,0.331531852484
-0.683211028576,-0.280145168304,1.10990309715,0.540054738522,-0.475167453289,0.610390365124,0.331633090973
