Fx,Fy,Fz,Tx,Ty,Tz
0.428198184569258,4.34954377425653,-0.67523056120255,-0.156708462982423,0.066964705319465,-0.218575291149276
0.526165392001258,4.34954377425653,-0.67523056120255,-0.153988881855423,0.072605815560865,-0.221388131194276
0.526165392001258,4.27623006117653,-0.67523056120255,-0.150362758784423,0.070725445480365,-0.220684915595276
0.550657178958258,4.20291634810653,-0.93873506635255,-0.141297488360423,0.066964705319465,-0.218575291149276
0.477181818087258,4.17847844374652,-0.80698281378255,-0.140390961318423,0.062263776392965,-0.216465659253276
0.452690031131258,4.20291634810653,-1.07048731893255,-0.150362758784423,0.073546000601065,-0.219981707446276
0.477181818087258,4.25179215681653,-0.93873506635255,-0.154895408897423,0.074486185641365,-0.216465659253276
0.526165392001258,4.32510586989653,-1.07048731893255,-0.160334571152423,0.081067484648265,-0.218575291149276
0.575148965915258,4.32510586989653,-0.93873506635255,-0.159428044109423,0.091409523816165,-0.215059235506276
0.722099747260258,4.49617167723652,-0.54347818941255,-0.145830123572423,0.123375830085365,-0.210839979164276
0.844558741652258,4.64279910338653,-0.0164690598825499,-0.128606094866423,0.142179538340865,-0.199588611535876
1.11396839817226,4.49617167723652,0.77404475360845,-0.115914701371423,0.132777680487865,-0.193259723298376
1.18744387825226,4.39842005980652,1.03754934817345,-0.125886506288423,0.133717869252865,-0.194666147045976
1.38337817391226,4.27623006117653,1.03754934817345,-0.125886506288423,0.133717869252865,-0.196072563342876
1.38337817391226,4.12960263502652,1.16930164545545,-0.119540816991423,0.145940278501865,-0.193962931446876
1.50583710869226,4.10516473067652,1.30105394273745,-0.106849423497423,0.151581388742865,-0.196775771491376
1.57931258877226,4.12960263502652,1.03754934817345,-0.0959710915379228,0.154401947588865,-0.200995035283376
1.57931258877226,4.03185101759652,1.03754934817345,-0.0932515029601228,0.151581388742865,-0.202401451580376
1.55482080181226,3.95853730452653,0.77404475360845,-0.0932515029601228,0.151581388742865,-0.199588611535876
1.55482080181226,3.86078521025652,0.90579706579245,-0.0932515029601228,0.147820648581865,-0.197478987090376
1.48134532173226,3.73859568846652,1.03754934817345,-0.0859992791704228,0.145940278501865,-0.205917507224276
1.45685353478226,3.61640616667652,0.90579706579245,-0.0823731710009228,0.147820648581865,-0.210839979164276
1.16295209129226,3.32315107596652,0.64229244142545,-0.0669621963791228,0.145000089735865,-0.226310595684276
0.967017676432258,3.10320969832652,0.64229244142545,-0.0606164996318228,0.149701018662865,-0.231936283223276
0.648624326785258,2.95658203375652,0.11528331189745,-0.0524577487997228,0.160983239144865,-0.238968379609276
0.403706397612258,2.83439251196652,-0.27997356504255,-0.0442989979676228,0.175086025924865,-0.246703691594276
0.0363295038542583,2.68776484740652,-0.93873506635255,-0.0415794131152228,0.190128986568865,-0.247406907193276
-0.208588447670342,2.46782346976652,-1.86100107282255,-0.0488316369049228,0.208932702273865,-0.247406907193276
-0.502489988009742,2.22344418776652,-2.78326707929255,-0.0606164996318228,0.225856040448865,-0.241781227104276
-0.722916130224742,1.93018909705652,-3.83728557676255,-0.0769340012960228,0.244659741253865,-0.241078011505276
-0.820883307854742,1.85687538397653,-4.49604707807255,-0.0841862250857228,0.247480292648865,-0.241078011505276
-0.967834089199742,1.53918215048652,-5.41831308454255,-0.0905319218330228,0.241839189858865,-0.248813323490276
-1.13927665750174,1.24592705977652,-5.81357008070255,-0.0869058062128228,0.234317709536865,-0.253032587282276
-1.09029302398374,0.928233945496525,-5.81357008070255,-0.0805601169161228,0.231497143239865,-0.255142219178276
-1.13927665750174,0.586102986460525,-5.81357008070255,-0.0805601169161228,0.244659741253865,-0.253735787980276
-1.18826023141574,0.121782356624525,-5.41831308454255,-0.0923449759177228,0.256882150501865,-0.243890859000276
-1.16376844445874,-0.195910727853475,-5.41831308454255,-0.115008174329423,0.265343819589865,-0.225607387535276
-1.13927665750174,-0.489165878171475,-5.55006557554255,-0.137671365290423,0.272865299911865,-0.210136763565276
-1.16376844445874,-0.880172705526475,-5.55006557554255,-0.179371653943423,0.273805488676865,-0.184117995016376
-1.16376844445874,-1.17342785584448,-5.55006557554255,-0.202941386847423,0.269104559750865,-0.172866627387876
-1.18826023141574,-1.41780713784348,-5.68181758970255,-0.224698050766423,0.261583079428865,-0.165834531001876
-1.31071922580774,-1.75993815648348,-6.07707458585255,-0.241015552430423,0.249360670179865,-0.163021687232076
-1.35970279971774,-1.88212779748348,-6.07707458585255,-0.244641660600423,0.242779378623865,-0.162318479083576
-1.45766994754774,-2.39532426583348,-6.20882707685255,-0.262772216349423,0.224915851683865,-0.160912059061376
-1.60462078849774,-2.90852073418348,-5.68181758970255,-0.255520000010423,0.213633631200865,-0.163724899105876
-1.70258793631774,-3.39727929818348,-5.55006557554255,-0.262772216349423,0.198590655655865,-0.155989587120876
-1.87403044501774,-3.71497253167348,-5.81357008070255,-0.282715841084423,0.190128986568865,-0.146144643239776
-2.06996485988774,-3.98378971802348,-5.68181758970255,-0.279996259956423,0.179786954850865,-0.134893283061776
-2.11894843379774,-4.10597923981348,-5.41831308454255,-0.279996259956423,0.167564545602865,-0.130674021132476
-2.14344022075774,-4.22816876160347,-5.41831308454255,-0.269117905645423,0.157222498984865,-0.131377231143576
-2.16793200770774,-4.30148295151348,-5.02305608839255,-0.243735133557423,0.139358979494865,-0.140518963150776
-2.11894843379774,-4.32592085587348,-4.75955158323255,-0.223791523724423,0.127136570246265,-0.145441435091376
-2.09445664683774,-4.44811037766347,-4.49604707807255,-0.190249993353423,0.113973972232365,-0.152473535202576
-1.99648937980774,-4.47254828202347,-3.96903806776255,-0.176652072816423,0.105512303144965,-0.147551063262076
-1.97199759284774,-4.49698618638347,-3.44202858061255,-0.172119437604423,0.098931004138065,-0.134893283061776
-1.97199759284774,-4.61917570817347,-2.91501957029255,-0.159428044109423,0.096110452742665,-0.124345131032276
-1.99648937980774,-4.71692732560347,-2.51976257414255,-0.155801935940423,0.097990822823065,-0.117313029058376
-1.97199759284774,-4.71692732560347,-2.25625806898255,-0.148549704700423,0.094230082662165,-0.110280928015846
-1.94750580588774,-4.74136522996347,-2.12450581640255,-0.149456231742423,0.094230082662165,-0.109577718004716
-1.89852223197774,-4.86355522858347,-1.72924882025255,-0.159428044109423,0.086708598614965,-0.102545616845736
-1.89852223197774,-4.96130684601347,-1.72924882025255,-0.170306383519423,0.084828228534465,-0.0983263559640858
-1.94750580588774,-5.13237217652348,-1.46574431509255,-0.181184708028423,0.085768413574765,-0.0905910449103758
-2.14344022075774,-5.25456217515347,-1.33399206251255,-0.189343466310423,0.096110452742665,-0.0856685729698758
-2.19242379466774,-5.25456217515347,-1.20223980993255,-0.192063047438423,0.102691751749565,-0.0842621529475758
-2.38835820952774,-5.32787588822347,-1.33399206251255,-0.192969574480423,0.114914160997865,-0.0807461028919758
-2.43734178344774,-5.42562750565348,-1.33399206251255,-0.194782628565423,0.121495460004865,-0.0821525229142758
-2.51081714431774,-5.45006541001348,-1.20223980993255,-0.199315263777423,0.129016940326765,-0.0849653629587758
-2.46183357039774,-5.42562750565348,-1.07048731893255,-0.195689155607423,0.129016940326765,-0.0905910449103758
-2.36386642257774,-5.49894121873348,-0.80698281378255,-0.193876101522423,0.114914160997865,-0.0983263559640858
-2.24140748778774,-5.52337912308348,-0.93873506635255,-0.195689155607423,0.109273043305965,-0.100435986463116
-2.24140748778774,-5.57225493180347,-0.80698281378255,-0.200221805720423,0.109273043305965,-0.102545616845736
-2.19242379466774,-5.62113074051347,-0.67523056120255,-0.202941386847423,0.107392673225465,-0.0983263559640858
-2.21691558162774,-5.64556864487347,-0.67523056120255,-0.202941386847423,0.109273043305965,-0.0969199359418358
-2.33937463561774,-5.67000654923347,-0.80698281378255,-0.205660967975423,0.116794531078365,-0.0891846248881758
-2.31488284865774,-5.67000654923347,-0.80698281378255,-0.202941386847423,0.116794531078365,-0.0884814139456758
-2.24140748778774,-5.71888235795347,-0.67523056120255,-0.205660967975423,0.113973972232365,-0.0856685729698758
-2.09445664683774,-5.71888235795347,-0.80698281378255,-0.205660967975423,0.105512303144965,-0.0898878348992758
-1.89852223197774,-5.76775864350348,-0.93873506635255,-0.210193603187423,0.089529153735665,-0.0948103049771358
-1.80055508414774,-5.84107235657348,-0.80698281378255,-0.215632780342423,0.082007669688465,-0.0997327764519958
-1.72707972327774,-5.91438606965347,-0.80698281378255,-0.223791523724423,0.076366559447065,-0.101842406718196
-1.70258793631774,-6.03657559144347,-0.54347818941255,-0.231950282006423,0.076366559447065,-0.100435986463116
-1.67809614936774,-6.03657559144347,-0.41172593683255,-0.230137213020423,0.079187114567765,-0.0976231459529558
-1.67809614936774,-5.96326187836347,-0.67523056120255,-0.225604577808423,0.085768413574765,-0.0962167259307058
-1.62911257544774,-5.91438606965347,-0.80698281378255,-0.222884996681423,0.082947854728765,-0.0948103049771358
-1.58012888232774,-5.93882397400347,-0.80698281378255,-0.220165415554423,0.080127299608065,-0.0955135154539258
-1.33521101275774,-5.81663445222348,-0.80698281378255,-0.214726238399423,0.071665630520665,-0.0990295659752058
-1.23724386493774,-5.76775864350348,-0.93873506635255,-0.213819711356423,0.068845075399965,-0.108171297982466
-1.06580123702674,-5.71888235795347,-0.93873506635255,-0.209287076144423,0.057562851191765,-0.118719450011976
-0.918850515286742,-5.71888235795347,-0.93873506635255,-0.210193603187423,0.048160997064165,-0.125751551054576
-0.992325876156742,-5.81663445222348,-0.93873506635255,-0.214726238399423,0.050981552184865,-0.127861181087976
-0.845375094811742,-5.84107235657348,-0.80698281378255,-0.215632780342423,0.050041367144665,-0.123641921021176
-0.845375094811742,-5.91438606965347,-0.80698281378255,-0.219258888512423,0.050981552184865,-0.122235500998976
-0.820883307854742,-5.98769978272347,-0.93873506635255,-0.225604577808423,0.049101182104365,-0.120125870965576
-0.722916130224742,-6.03657559144347,-1.07048731893255,-0.232856809049423,0.049101182104365,-0.115203399025076
-0.698424343268742,-6.08545140015347,-1.20223980993255,-0.240109025388423,0.049101182104365,-0.113796979002776
-0.453506384293742,-6.10988930451347,-1.20223980993255,-0.241015552430423,0.035938586418825,-0.118016240000876
-0.380031008521742,-6.13432720887347,-1.33399206251255,-0.241922079473423,0.029357288808865,-0.125048341043476
-0.257572036485142,-6.15876511323347,-1.46574431509255,-0.247361256628423,0.021835805693015,-0.133486863039576
-0.233080242077742,-6.23207930314347,-1.20223980993255,-0.248267783670423,0.018075064600765,-0.134190073050676
-0.282063830892442,-6.25651720749347,-1.20223980993255,-0.246454729586423,0.021835805693015,-0.132783653028476
-0.404522810379742,-6.25651720749347,-1.33399206251255,-0.247361256628423,0.036878771924715,-0.130674021132476
-0.477998186151742,-6.20764092194347,-1.33399206251255,-0.245548187642423,0.045340440080765,-0.125751551054576
-0.404522810379742,-6.15876511323347,-1.46574431509255,-0.243735133557423,0.050041367144665,-0.124345131032276
-0.282063830892442,-6.13432720887347,-1.33399206251255,-0.242828606515423,0.039699327976765,-0.123641921021176
-0.184096653263042,-6.13432720887347,-1.46574431509255,-0.241015552430423,0.034998400912925,-0.132080443017276
-0.0616376737757417,-6.10988930451347,-1.59749656767255,-0.238295971303423,0.028417103419384,-0.138409334980076
0.0363295038542583,-6.13432720887347,-1.33399206251255,-0.237389444261423,0.019955434681215,-0.151067115180376
0.207772042353258,-6.20764092194347,-1.46574431509255,-0.238295971303423,0.014314322577165,-0.159505635313776
0.281247462828258,-6.30539301621347,-1.33399206251255,-0.246454729586423,0.0096133955133649,-0.163021687232076
0.305739249785258,-6.47645834672347,-1.33399206251255,-0.253706945925423,0.0086732104730649,-0.161615267209876
0.330231036742258,-6.54977205979347,-1.46574431509255,-0.258239581137423,0.0067928403926649,-0.160208847187576
0.452690031131258,-6.76971367585347,-1.59749656767255,-0.274557097702423,-0.000728643654535,-0.151067115180376
0.501673605044258,-6.84302738892347,-1.72924882025255,-0.281809314041423,-0.007309942661435,-0.146847855113576
0.575148965915258,-7.01409271943348,-1.86100107282255,-0.289061530380423,-0.008250127701735,-0.145441435091376
0.550657178958258,-7.08740643250347,-1.99275356382255,-0.292687638550423,-0.009190312741935,-0.146144643239776
0.599640752871258,-7.18515852677347,-2.12450581640255,-0.300846411734423,-0.009190312741935,-0.149660695158076
0.501673605044258,-7.30734804856348,-1.86100107282255,-0.301752938776423,-0.010130497782235,-0.151770327054076
0.403706397612258,-7.35622385728348,-1.86100107282255,-0.300846411734423,0.0020919133287649,-0.153879955224876
0.330231036742258,-7.45397547471347,-2.12450581640255,-0.309005155115423,0.0058526534897649,-0.153176747076376
0.232263859113258,-7.50285128342347,-2.12450581640255,-0.310818209200423,0.013374137536965,-0.153879955224876
0.183280255397258,-7.57616499650347,-2.12450581640255,-0.316257371454423,0.015254507617365,-0.153176747076376
0.183280255397258,-7.60060290085347,-2.25625806898255,-0.317163898497423,0.017134878629165,-0.154583167098576
0.134296681483258,-7.69835499512347,-2.12450581640255,-0.320790006666423,0.018075064600765,-0.155286375247076
0.0853130777672584,-7.72279289948347,-2.25625806898255,-0.326229168921423,0.023716176704805,-0.154583167098576
0.0608212908102584,-7.79610661255347,-2.38801032156255,-0.328042223005423,0.023716176704805,-0.155989587120876
0.109804894526258,-7.77166870820347,-2.25625806898255,-0.327135695963423,0.019955434681215,-0.156692795269376
0.0853130777672584,-7.77166870820347,-2.38801032156255,-0.327135695963423,0.023716176704805,-0.155989587120876
-0.110621270040742,-7.89385822999347,-2.12450581640255,-0.329855277090423,0.031237659587825,-0.158099215291576
-0.233080242077742,-8.04048565613347,-2.12450581640255,-0.335294469147423,0.042519884028765,-0.158802427165376
-0.331047419707242,-8.13823775040347,-2.38801032156255,-0.343453212528423,0.051921737225065,-0.154583167098576
-0.502489988009742,-8.33374050843348,-2.65151506513255,-0.356144591122423,0.061323591352765,-0.153176747076376
-0.575965378681742,-8.55368260132347,-2.78326707929255,-0.367022945433423,0.064144146473465,-0.149660695158076
-0.649440739552742,-8.60255841004347,-2.78326707929255,-0.370649053602423,0.067904890359665,-0.148254275135876
-0.673932526508742,-8.60255841004347,-2.65151506513255,-0.369742526560423,0.068845075399965,-0.148957487009576
-0.820883307854742,-8.52924469697347,-2.51976257414255,-0.359770699291423,0.076366559447065,-0.148254275135876
-0.894358668724742,-8.40705517518347,-2.51976257414255,-0.353425009995423,0.079187114567765,-0.147551063262076
-1.04130945007074,-8.35817841279347,-2.38801032156255,-0.350705428867423,0.092349712581665,-0.146847855113576
-1.21275201837274,-8.23598889100347,-2.65151506513255,-0.345266266613423,0.086708598614965,-0.144738223217576
-1.28622743884774,-8.16267565476348,-2.51976257414255,-0.342546685486423,0.096110452742665,-0.140518963150776
-1.28622743884774,-8.01604775178347,-2.38801032156255,-0.335294469147423,0.098931004138065,-0.139815755002376
-1.31071922580774,-7.89385822999347,-2.25625806898255,-0.322603060751423,0.101751562984065,-0.143331803195276
-1.31071922580774,-7.67391709077348,-2.38801032156255,-0.312631263285423,0.104572121830065,-0.142628595046876
-1.26173565188774,-7.57616499650347,-2.38801032156255,-0.304472519903423,0.105512303144965,-0.144035015069076
-1.09029302398374,-7.23403433549348,-2.25625806898255,-0.288155003338423,0.089529153735665,-0.146847855113576
-1.04130945007074,-7.13628224122347,-2.12450581640255,-0.280902786999423,0.085768413574765,-0.151770327054076
-0.918850515286742,-6.96521691071348,-1.86100107282255,-0.271837516575423,0.071665630520665,-0.153176747076376
-0.869866881767742,-6.86746529328347,-1.86100107282255,-0.268211378603423,0.065084335238965,-0.155286375247076
-0.918850515286742,-6.84302738892347,-1.86100107282255,-0.263678743391423,0.066024520279165,-0.159505635313776
-0.918850515286742,-6.69639996277347,-1.72924882025255,-0.260959162264423,0.067904890359665,-0.158802427165376
-0.992325876156742,-6.64752367722348,-1.72924882025255,-0.257333054094423,0.073546000601065,-0.155989587120876
-1.09029302398374,-6.64752367722348,-2.25625806898255,-0.257333054094423,0.083888039768965,-0.154583167098576
-1.11478481094074,-6.59864786851348,-2.25625806898255,-0.258239581137423,0.086708598614965,-0.154583167098576
-1.16376844445874,-6.62308577286348,-2.12450581640255,-0.254613472967423,0.086708598614965,-0.155286375247076
-1.09029302398374,-6.64752367722348,-2.38801032156255,-0.258239581137423,0.083888039768965,-0.153879955224876
-1.01681766311374,-6.72083786713347,-1.99275356382255,-0.262772216349423,0.076366559447065,-0.158802427165376
-1.01681766311374,-6.81858948456347,-2.12450581640255,-0.270930989532423,0.075426374406865,-0.158802427165376
-1.09029302398374,-6.94077900635348,-1.99275356382255,-0.276370151787423,0.076366559447065,-0.157396007143076
-1.04130945007074,-6.98965481507348,-2.12450581640255,-0.280902786999423,0.072605815560865,-0.156692795269376
-1.06580123702674,-7.01409271943348,-1.99275356382255,-0.283622368126423,0.074486185641365,-0.155286375247076
-1.16376844445874,-7.06296852814347,-2.25625806898255,-0.285435422211423,0.078246929527565,-0.151067115180376
-1.18826023141574,-7.03853062379348,-2.25625806898255,-0.281809314041423,0.080127299608065,-0.149660695158076
-1.26173565188774,-6.98965481507348,-2.38801032156255,-0.279089732914423,0.081067484648265,-0.150363907031876
-1.28622743884774,-6.94077900635348,-2.51976257414255,-0.278183205872423,0.082007669688465,-0.151770327054076
-1.31071922580774,-6.96521691071348,-2.38801032156255,-0.281809314041423,0.086708598614965,-0.150363907031876
-1.26173565188774,-6.98965481507348,-2.25625806898255,-0.279089732914423,0.086708598614965,-0.153879955224876
-1.26173565188774,-6.91634110200348,-2.38801032156255,-0.277276678829423,0.087648783655165,-0.153879955224876
-1.18826023141574,-6.74527577149347,-2.25625806898255,-0.270024462490423,0.078246929527565,-0.155989587120876
-1.04130945007074,-6.62308577286348,-2.12450581640255,-0.260052635221423,0.068845075399965,-0.159505635313776
-0.943342302242742,-6.42758253800347,-1.86100107282255,-0.244641660600423,0.058503036232065,-0.163021687232076
-0.894358668724742,-6.35426882493347,-1.72924882025255,-0.240109025388423,0.054742294208465,-0.161615267209876
-0.918850515286742,-4.49698618638347,-1.20223980993255,-0.285435422211423,0.091409523816165,-0.239671595208276
-0.796391520897742,-5.64556864487347,-0.54347818941255,-0.164867206364423,0.073546000601065,-0.202401451580376
-1.01681766311374,-5.86551026093348,-0.67523056120255,-0.165773733406423,0.065084335238965,-0.160208847187576
-0.869866881767742,-6.10988930451347,-1.46574431509255,-0.224698050766423,0.058503036232065,-0.151770327054076
-0.992325876156742,-5.76775864350348,-1.20223980993255,-0.179371653943423,0.062263776392965,-0.153879955224876
-0.967834089199742,-5.67000654923347,-1.33399206251255,-0.218352361469423,0.066024520279165,-0.177085891179876
-0.967834089199742,-5.69444445359347,-1.20223980993255,-0.206567495017423,0.076366559447065,-0.182711571268876
-1.01681766311374,-5.74332073914348,-1.07048731893255,-0.207474022059423,0.073546000601065,-0.167240947298876
-0.967834089199742,-5.57225493180347,-1.33399206251255,-0.214726238399423,0.072605815560865,-0.167240947298876
-0.943342302242742,-5.30343798386347,-1.20223980993255,-0.207474022059423,0.082007669688465,-0.186227619461876
-0.894358668724742,-5.49894121873348,-1.46574431509255,-0.195689155607423,0.070725445480365,-0.177085891179876
-0.796391520897742,-5.05905846345347,-0.93873506635255,-0.195689155607423,0.069785260440165,-0.191853299550876
-0.624948952595742,-4.69248942124347,-0.93873506635255,-0.183904289155423,0.068845075399965,-0.198182195238876
-0.600457165638742,-4.74136522996347,-0.80698281378255,-0.157614990025423,0.059443221272265,-0.191150091402376
-0.526981774965742,-4.30148295151348,-0.67523056120255,-0.169399856477423,0.061323591352765,-0.203807875328276
-0.526981774965742,-4.03266552674348,-0.67523056120255,-0.146736650615423,0.056622664288965,-0.208027139120276
-0.404522810379742,-3.69053462731348,-0.41172593683255,-0.125886506288423,0.054742294208465,-0.208730347268276
-0.355539214114742,-3.47059324967348,-0.67523056120255,-0.132232203035423,0.054742294208465,-0.216465659253276
-0.257572036485142,-2.93295863854348,-0.41172593683255,-0.0905319218330228,0.047220812023965,-0.226310595684276
-0.257572036485142,-2.63970354783348,-0.54347818941255,-0.0769340012960228,0.043460070000365,-0.235452331416276
-0.502489988009742,-1.83325198876348,-0.14822131246255,-0.0334206622831228,0.025596547250935,-0.205214299075276
-0.380031008521742,-2.10206917512348,-0.41172593683255,-0.0470185828201228,0.034998400912925,-0.224200971238276
-0.331047419707242,-1.75993815648348,-0.0164690598825499,-0.0171031596876228,0.035938586418825,-0.215762443654276
-0.257572036485142,-1.61331061112348,-0.54347818941255,-0.0062248249344228,0.028417103419384,-0.223497755639276
-0.282063830892442,-1.41780713784348,-0.14822131246255,0.0082796217136771,0.031237659587825,-0.215059235506276
-0.257572036485142,-1.22230378377348,-0.27997356504255,0.0209710124142772,0.020895620652775,-0.209433555417276
-0.208588447670342,-1.07567617880748,-0.27997356504255,0.0209710124142772,0.026536732756835,-0.212246395461276
-0.233080242077742,-1.02680031048748,-0.41172593683255,0.0236905954040772,0.021835805693015,-0.212949603610276
-0.282063830892442,-2.05319324719348,-0.27997356504255,-0.0152901037402128,0.0086732104730649,-0.0976231459529558
-0.0126540998617417,-2.05319324719348,-0.54347818941255,-0.0914384488753228,-0.005429568855735,-0.0209732426331758
-0.0371458868187417,-2.12650707947348,0.24703556447745,-0.0624295574419228,-0.010130497782235,-0.0441791748629758
-0.0616376737757417,-1.75993815648348,0.11528331189745,-0.0642426115266228,-0.015771608023635,-0.0505080668256758
0.183280255397258,-1.49112097012348,-0.14822131246255,-0.0479251098625228,-0.014831422983335,-0.0540241187439758
0.0608212908102584,-1.44224504220348,-0.27997356504255,-0.0297945503883228,-0.010130497782235,-0.0638690588996758
0.0608212908102584,-1.00236234652448,-0.14822131246255,-0.0152901037402128,-0.008250127701735,-0.104655247228356
-0.135113064448242,-0.977924442167475,-0.27997356504255,0.0091861496873771,0.0067928403926649,-0.132783653028476
-0.135113064448242,-0.880172705526475,-0.27997356504255,0.0037469818450771,0.0096133955133649,-0.139112543128576
-0.233080242077742,-1.02680031048748,-0.41172593683255,0.0028404538713671,0.012433952496665,-0.126454761065676
-0.257572036485142,-1.27117959248348,-0.41172593683255,-0.0025987132724028,0.012433952496665,-0.118719450011976
-0.257572036485142,-0.904610669488475,-0.54347818941255,-0.0053182970189188,0.0086732104730649,-0.113093768991666
-0.257572036485142,-0.929048573846475,-0.54347818941255,-0.0062248249344228,0.0058526534897649,-0.108874507993596
-0.477998186151742,-1.22230378377348,-0.14822131246255,-0.0143835757665028,0.011493765593765,-0.0898878348992758
-0.380031008521742,-0.880172705526475,-0.0164690598825499,-0.0180096876613228,0.0067928403926649,-0.0828557329253758
-0.429014597336742,-1.12455198752348,-0.14822131246255,-0.0225423265986228,0.0049124684495649,-0.0737140009180758
-0.502489988009742,-1.22230378377348,0.11528331189745,-0.0297945503883228,0.010553580553565,-0.0575401669369758
-0.429014597336742,-0.806858932847475,0.24703556447745,-0.0334206622831228,0.0011517264259649,-0.0483984386549758
-0.502489988009742,-0.953486537809475,-0.0164690598825499,-0.0343271911881228,0.0039722834092649,-0.0427727548406758
-0.551473561922742,-0.880172705526475,-0.0164690598825499,-0.0442989979676228,0.0020919133287649,-0.0230828745291758
-0.502489988009742,-0.806858932847475,0.11528331189745,-0.0397663590304228,0.0011517264259649,-0.0153475625441758
-0.380031008521742,-0.904610669488475,-0.14822131246255,-0.0334206622831228,0.0039722834092649,-0.0223796589301758
-0.331047419707242,-0.635793453330475,0.11528331189745,-0.0288880233459228,0.0002115413856649,-0.0251925064251758
-0.404522810379742,-0.611355519170475,0.24703556447745,-0.0270749673984228,0.0020919133287649,-0.0251925064251758
-0.453506384293742,-0.855734801168475,-0.14822131246255,-0.0198227436087228,0.012433952496665,-0.0343342347071758
-0.453506384293742,-0.660231357688475,-0.27997356504255,-0.0180096876613228,0.013374137536965,-0.0399599147961758
-0.477998186151742,-0.684669291848475,-0.27997356504255,-0.0152901037402128,0.017134878629165,-0.0420695466921758
-0.551473561922742,-0.904610669488475,-0.41172593683255,-0.0261684384934228,0.016194693588965,-0.0315213946626758
-0.526981774965742,-0.855734801168475,-0.41172593683255,-0.0279814944408228,0.0086732104730649,-0.0230828745291758
-0.551473561922742,-0.880172705526475,-0.54347818941255,-0.0270749673984228,0.017134878629165,-0.0280053464696758
-0.453506384293742,-0.782421028489475,-0.27997356504255,-0.0225423265986228,0.013374137536965,-0.0308181865141758
-0.477998186151742,-0.782421028489475,-0.41172593683255,-0.0207292715825228,0.015254507617365,-0.0350374428556758
-0.477998186151742,-0.782421028489475,-0.41172593683255,-0.0189162156350228,0.015254507617365,-0.0357406510041758
-0.575965378681742,-0.855734801168475,-0.67523056120255,-0.0252619114510228,0.016194693588965,-0.0265989227221758
-0.600457165638742,-0.880172705526475,-0.54347818941255,-0.0261684384934228,0.014314322577165,-0.0251925064251758
-0.404522810379742,-0.757983064527475,-0.41172593683255,-0.0234488555036228,0.013374137536965,-0.0287085546181758
-0.477998186151742,-0.806858932847475,-0.41172593683255,-0.0216357995562228,0.015254507617365,-0.0322246028111758
-0.453506384293742,-0.782421028489475,-0.41172593683255,-0.0207292715825228,0.012433952496665,-0.0301149709151758
-0.526981774965742,-0.757983064527475,-0.41172593683255,-0.0243553825460228,0.0096133955133649,-0.0251925064251758
-0.453506384293742,-0.782421028489475,-0.41172593683255,-0.0234488555036228,0.014314322577165,-0.0301149709151758
-0.502489988009742,-0.733545160169475,-0.41172593683255,-0.0207292715825228,0.015254507617365,-0.0308181865141758
-0.575965378681742,-0.929048573846475,-0.54347818941255,-0.0243553825460228,0.019955434681215,-0.0287085546181758
-0.502489988009742,-0.733545160169475,-0.27997356504255,-0.0216357995562228,0.015254507617365,-0.0301149709151758
-0.429014597336742,-0.782421028489475,-0.54347818941255,-0.0216357995562228,0.016194693588965,-0.0343342347071758
-0.502489988009742,-0.855734801168475,-0.41172593683255,-0.0198227436087228,0.015254507617365,-0.0322246028111758
-0.502489988009742,-0.684669291848475,-0.41172593683255,-0.0234488555036228,0.013374137536965,-0.0280053464696758
-0.551473561922742,-0.782421028489475,-0.41172593683255,-0.0216357995562228,0.017134878629165,-0.0315213946626758
-0.551473561922742,-0.806858932847475,-0.54347818941255,-0.0234488555036228,0.017134878629165,-0.0294117627666758
-0.551473561922742,-0.709107255811475,-0.27997356504255,-0.0234488555036228,0.012433952496665,-0.0273021308706758
-0.526981774965742,-0.831296896810475,-0.54347818941255,-0.0225423265986228,0.015254507617365,-0.0308181865141758
-0.477998186151742,-0.660231357688475,-0.41172593683255,-0.0216357995562228,0.013374137536965,-0.0322246028111758
-0.502489988009742,-0.831296896810475,-0.54347818941255,-0.0234488555036228,0.016194693588965,-0.0301149709151758
-0.526981774965742,-0.880172705526475,-0.67523056120255,-0.0207292715825228,0.013374137536965,-0.0287085546181758
-0.502489988009742,-0.782421028489475,-0.54347818941255,-0.0216357995562228,0.021835805693015,-0.0329278109596758
-0.551473561922742,-0.660231357688475,-0.67523056120255,-0.0007856575578128,0.046280625121065,-0.0434759667144758
-0.257572036485142,-0.391414156431475,-0.67523056120255,0.0218775413192772,0.050041367144665,-0.0343342347071758
-0.0861294756337417,-0.538041716689475,-0.67523056120255,0.0137187886245772,0.044400255040565,-0.0350374428556758
0.0363295038542583,-0.464727944011475,-0.54347818941255,0.0091861496873771,0.029357288808865,-0.0294117627666758
-0.0371458868187417,-0.611355519170475,-0.14822131246255,0.0046535098187771,0.029357288808865,-0.0547273268924758
0.0853130777672584,-0.171472799281175,0.77404475360845,0.0300362902887772,0.023716176704805,-0.0997327764519958
0.109804894526258,0.243971997623525,1.03754934817345,0.0554190735526772,0.025596547250935,-0.141222175024576
0.207772042353258,0.659416759138525,1.16930164545545,0.0672039325542772,0.027476918029905,-0.174976259283876
0.207772042353258,0.903796041136525,1.56455853730145,0.0853344957537772,0.034998400912925,-0.211543187313276
0.256755646069258,1.29480286848652,1.16930164545545,0.0835214416690772,0.050041367144665,-0.263580731861276
0.330231036742258,1.53918215048652,0.77404475360845,0.0943997736285772,0.057562851191765,-0.321243963949276
0.256755646069258,1.71024771941652,0.37878787666345,0.0916801925011772,0.069785260440165,-0.364843003265276
0.256755646069258,1.58805807841653,0.24703556447745,0.0907736654587772,0.072605815560865,-0.372578315250276
0.281247462828258,1.24592705977652,0.11528331189745,0.0853344957537772,0.074486185641365,-0.352185211889276
0.452690031131258,0.659416759138525,0.37878787666345,0.0672039325542772,0.058503036232065,-0.317024700157276
0.501673605044258,-0.0004072992754751,-0.0164690598825499,0.0653908784694772,0.037818956964955,-0.278348155133276
0.501673605044258,-0.513603812331475,-0.54347818941255,0.0590451817221772,0.019015249640965,-0.257955051772276
0.795575167732258,-1.22230378377348,-0.27997356504255,0.0336624021835772,-0.007309942661435,-0.236155547015276
1.06498482426226,-1.71106234776347,-0.0164690598825499,0.0010273983896071,-0.026113650916735,-0.218575291149276
1.23642745216226,-2.15094498383348,-0.27997356504255,-0.0171031596876228,-0.044917355446735,-0.210136763565276
1.26091923912226,-2.73745540368348,-0.54347818941255,-0.0506446909897228,-0.056199583380135,-0.204511083476276
1.16295209129226,-3.29952768075348,-0.93873506635255,-0.0778405283383228,-0.052438843219235,-0.192556515149876
0.967017676432258,-3.95935181367348,-1.46574431509255,-0.114101647286423,-0.047737914292735,-0.181305147521376
0.722099747260258,-4.66805151688347,-1.59749656767255,-0.154895408897423,-0.032694946198435,-0.166537739150376
0.354722823699258,-5.52337912308348,-1.86100107282255,-0.203847913890423,-0.011070682822435,-0.156692795269376
0.134296681483258,-6.03657559144347,-2.25625806898255,-0.239202498345423,0.0039722834092649,-0.151770327054076
-0.159604858855642,-6.86746529328347,-2.65151506513255,-0.289061530380423,0.033118030366795,-0.158099215291576
-0.233080242077742,-7.38066176163347,-3.04677206129255,-0.319883479624423,0.044400255040565,-0.163724899105876
-0.159604858855642,-7.86942032563347,-3.17852407545255,-0.348892374783423,0.046280625121065,-0.165834531001876
-0.135113064448242,-8.33374050843348,-3.57378107160255,-0.373368634729423,0.040639513016965,-0.164428107254376
-0.0126540998617417,-8.62699631440347,-3.83728557676255,-0.396938367634423,0.033118030366795,-0.160208847187576
0.183280255397258,-8.82249954926347,-3.44202858061255,-0.405097111015423,0.018075064600765,-0.158802427165376
0.281247462828258,-8.96912697541348,-3.57378107160255,-0.412349327354423,0.0096133955133649,-0.157396007143076
0.403706397612258,-8.92025116669348,-3.44202858061255,-0.408723219185423,0.0039722834092649,-0.160912059061376
0.305739249785258,-8.96912697541348,-3.83728557676255,-0.412349327354423,0.0049124684495649,-0.150363907031876
0.281247462828258,-8.99356487977347,-4.10079008192255,-0.415975435524423,0.0067928403926649,-0.147551063262076
0.354722823699258,-8.82249954926347,-3.44202858061255,-0.388779594450423,-0.003549198775235,-0.154583167098576
0.403706397612258,-8.70031002747347,-3.83728557676255,-0.395125313549423,-0.001668828694735,-0.145441435091376
0.354722823699258,-8.72474793183348,-3.70553356260255,-0.385153486280423,0.0002115413856649,-0.144035015069076
0.379214610656258,-8.48036888825347,-3.44202858061255,-0.365209891348423,-0.002609013735035,-0.147551063262076
0.501673605044258,-8.35817841279347,-3.31027656645255,-0.361583753376423,-0.011070682822435,-0.147551063262076
0.575148965915258,-8.30930260407347,-3.17852407545255,-0.357051118164423,-0.013891237943135,-0.148957487009576
0.599640752871258,-8.26042679535347,-3.04677206129255,-0.350705428867423,-0.019532351909835,-0.151067115180376
0.648624326785258,-8.21155098664348,-2.65151506513255,-0.353425009995423,-0.022352907030535,-0.152473535202576
0.575148965915258,-8.21155098664348,-2.51976257414255,-0.349798901825423,-0.019532351909835,-0.146144643239776
0.477181818087258,-8.16267565476348,-2.51976257414255,-0.345266266613423,-0.012951052902935,-0.141222175024576
0.379214610656258,-8.06492356049348,-2.65151506513255,-0.340733631401423,-0.006369757621235,-0.137706123106276
0.256755646069258,-7.99160984742347,-2.51976257414255,-0.332574888020423,0.0020919133287649,-0.134893283061776
0.158788468440258,-7.91829613434347,-2.51976257414255,-0.327135695963423,0.0077330254328649,-0.132783653028476
0.134296681483258,-7.82054451691347,-2.38801032156255,-0.322603060751423,0.011493765593765,-0.129970811121276
0.109804894526258,-7.72279289948347,-2.38801032156255,-0.319883479624423,0.0096133955133649,-0.127861181087976
0.134296681483258,-7.69835499512347,-2.25625806898255,-0.318070425539423,0.0067928403926649,-0.128564391099076
0.232263859113258,-7.67391709077348,-2.25625806898255,-0.314444317369423,0.0002115413856649,-0.129267601110176
0.256755646069258,-7.62504080521347,-1.99275356382255,-0.311724736242423,-0.004489383815435,-0.132080443017276
0.207772042353258,-7.57616499650347,-2.12450581640255,-0.310818209200423,-0.002609013735035,-0.130674021132476
0.0853130777672584,-7.55172709214347,-1.99275356382255,-0.308098628073423,0.0030320983690649,-0.127861181087976
-0.0616376737757417,-7.50285128342347,-1.86100107282255,-0.304472519903423,0.0096133955133649,-0.124345131032276
-0.0616376737757417,-7.30734804856348,-1.99275356382255,-0.298126800804423,0.0077330254328649,-0.123641921021176
-0.110621270040742,-7.25847223984348,-1.99275356382255,-0.290874584465423,0.017134878629165,-0.119422659091776
-0.184096653263042,-7.28291014420348,-2.12450581640255,-0.295407219677423,0.021835805693015,-0.118719450011976
-0.135113064448242,-7.28291014420348,-2.12450581640255,-0.294500692635423,0.016194693588965,-0.118016240000876
-0.135113064448242,-7.33178595292348,-1.99275356382255,-0.295407219677423,0.018075064600765,-0.120125870965576
-0.135113064448242,-7.33178595292348,-1.72924882025255,-0.297220273762423,0.010553580553565,-0.122938711010076
-0.159604858855642,-7.33178595292348,-1.72924882025255,-0.299939854889423,0.013374137536965,-0.121532290987776
-0.135113064448242,-7.28291014420348,-1.72924882025255,-0.295407219677423,0.014314322577165,-0.119422659091776
-0.306555625299842,-7.08740643250347,-1.72924882025255,-0.284528895168423,0.027476918029905,-0.117313029058376
-0.429014597336742,-6.84302738892347,-1.33399206251255,-0.277276678829423,0.034058215872685,-0.116609819047276
-0.551473561922742,-6.69639996277347,-1.59749656767255,-0.265491797476423,0.042519884028765,-0.114500189013876
-0.526981774965742,-6.59864786851348,-1.46574431509255,-0.250080837755423,0.041579698988565,-0.117313029058376
-0.526981774965742,-6.52533415543347,-1.46574431509255,-0.253706945925423,0.043460070000365,-0.113796979002776
-0.526981774965742,-6.45202044236347,-1.33399206251255,-0.250080837755423,0.038759142936515,-0.113796979002776
-0.453506384293742,-6.47645834672347,-1.46574431509255,-0.246454729586423,0.040639513016965,-0.117313029058376
-0.404522810379742,-6.40314463364347,-1.33399206251255,-0.250080837755423,0.029357288808865,-0.117313029058376
-0.355539214114742,-6.40314463364347,-1.20223980993255,-0.246454729586423,0.024656361745045,-0.117313029058376
-0.257572036485142,-6.32983092057347,-1.07048731893255,-0.243735133557423,0.020895620652775,-0.120125870965576
-0.257572036485142,-6.23207930314347,-0.93873506635255,-0.235576390176423,0.016194693588965,-0.120125870965576
-0.257572036485142,-6.08545140015347,-0.93873506635255,-0.226511104851423,0.019955434681215,-0.120125870965576
-0.282063830892442,-5.91438606965347,-0.80698281378255,-0.216539307384423,0.020895620652775,-0.117313029058376
-0.355539214114742,-5.91438606965347,-0.80698281378255,-0.213819711356423,0.025596547250935,-0.114500189013876
-0.429014597336742,-5.96326187836347,-0.93873506635255,-0.221978469639423,0.029357288808865,-0.110280928015846
-0.306555625299842,-6.03657559144347,-0.80698281378255,-0.218352361469423,0.022775991198905,-0.110280928015846
-0.306555625299842,-5.96326187836347,-1.20223980993255,-0.227417631893423,0.020895620652775,-0.105358457472316
-0.331047419707242,-6.03657559144347,-1.20223980993255,-0.228324158936423,0.023716176704805,-0.107468087971346
-0.208588447670342,-5.91438606965347,-0.93873506635255,-0.221978469639423,0.017134878629165,-0.113796979002776
-0.208588447670342,-5.79219654786348,-0.93873506635255,-0.217445834427423,0.016194693588965,-0.115906609036176
-0.184096653263042,-5.71888235795347,-0.67523056120255,-0.207474022059423,0.013374137536965,-0.117313029058376
-0.233080242077742,-5.74332073914348,-0.80698281378255,-0.212913184314423,0.016194693588965,-0.110280928015846
-0.257572036485142,-5.64556864487347,-0.67523056120255,-0.210193603187423,0.018075064600765,-0.103952037100816
-0.331047419707242,-5.57225493180347,-0.67523056120255,-0.193876101522423,0.023716176704805,-0.102545616845736
-0.477998186151742,-5.59669283616347,-1.20223980993255,-0.211100130229423,0.034058215872685,-0.0948103049771358
-0.502489988009742,-5.59669283616347,-0.80698281378255,-0.199315263777423,0.034058215872685,-0.0905910449103758
-0.551473561922742,-5.64556864487347,-0.93873506635255,-0.204754440932423,0.040639513016965,-0.0905910449103758
-0.502489988009742,-5.47450331437348,-0.80698281378255,-0.192969574480423,0.034058215872685,-0.0983263559640858
-0.526981774965742,-5.45006541001348,-0.80698281378255,-0.197502209692423,0.035938586418825,-0.0990295659752058
-0.502489988009742,-5.30343798386347,-0.93873506635255,-0.184810831099423,0.039699327976765,-0.106764877494556
-0.526981774965742,-5.27900007950347,-0.80698281378255,-0.176652072816423,0.036878771924715,-0.112390558980546
-0.477998186151742,-5.49894121873348,-0.93873506635255,-0.201128332763423,0.032177844860895,-0.103952037100816
-0.429014597336742,-5.67000654923347,-0.80698281378255,-0.204754440932423,0.034998400912925,-0.106061667483436
-0.453506384293742,-5.76775864350348,-0.93873506635255,-0.219258888512423,0.029357288808865,-0.100435986463116
-0.526981774965742,-6.01213768708347,-1.33399206251255,-0.231950282006423,0.036878771924715,-0.0962167259307058
-0.526981774965742,-5.98769978272347,-1.33399206251255,-0.235576390176423,0.030297474198346,-0.0983263559640858
-0.429014597336742,-6.13432720887347,-1.33399206251255,-0.243735133557423,0.026536732756835,-0.0983263559640858
-0.306555625299842,-6.13432720887347,-1.20223980993255,-0.239202498345423,0.023716176704805,-0.103248826973276
-0.257572036485142,-5.93882397400347,-0.93873506635255,-0.225604577808423,0.019955434681215,-0.106764877494556
-0.306555625299842,-5.76775864350348,-0.80698281378255,-0.210193603187423,0.025596547250935,-0.113093768991666
-0.380031008521742,-5.79219654786348,-1.07048731893255,-0.212913184314423,0.037818956964955,-0.108874507993596
-0.453506384293742,-5.93882397400347,-1.33399206251255,-0.225604577808423,0.039699327976765,-0.104655247228356
-0.282063830892442,-6.03657559144347,-1.33399206251255,-0.232856809049423,0.033118030366795,-0.103248826973276
-0.233080242077742,-6.08545140015347,-1.46574431509255,-0.240109025388423,0.027476918029905,-0.102545616845736
-0.159604858855642,-6.15876511323347,-1.59749656767255,-0.251893891840423,0.028417103419384,-0.103248826973276
-0.110621270040742,-6.15876511323347,-1.46574431509255,-0.243735133557423,0.023716176704805,-0.106061667483436
-0.0616376737757417,-6.08545140015347,-1.33399206251255,-0.238295971303423,0.021835805693015,-0.110984138492626
-0.0126540998617417,-5.88994816529347,-1.46574431509255,-0.227417631893423,0.023716176704805,-0.115203399025076
-0.0126540998617417,-5.84107235657348,-1.59749656767255,-0.221978469639423,0.023716176704805,-0.120125870965576
-0.0126540998617417,-5.86551026093348,-1.59749656767255,-0.220165415554423,0.023716176704805,-0.122235500998976
0.0363295038542583,-5.91438606965347,-1.72924882025255,-0.226511104851423,0.019015249640965,-0.125751551054576
0.134296681483258,-6.08545140015347,-1.46574431509255,-0.235576390176423,0.0077330254328649,-0.127861181087976
0.232263859113258,-6.25651720749347,-1.72924882025255,-0.250987364798423,0.0030320983690649,-0.123641921021176
0.281247462828258,-6.25651720749347,-1.86100107282255,-0.248267783670423,0.0002115413856649,-0.125048341043476
0.379214610656258,-6.18320301758347,-2.12450581640255,-0.254613472967423,-0.005429568855735,-0.124345131032276
0.428198184569258,-6.08545140015347,-1.86100107282255,-0.243735133557423,-0.008250127701735,-0.124345131032276
0.428198184569258,-5.96326187836347,-1.72924882025255,-0.232856809049423,-0.006369757621235,-0.127157971076776
0.403706397612258,-5.76775864350348,-1.46574431509255,-0.194782628565423,-0.002609013735035,-0.125048341043476
0.281247462828258,-5.42562750565348,-1.07048731893255,-0.167586787491423,0.0067928403926649,-0.134190073050676
0.379214610656258,-5.13237217652348,-1.07048731893255,-0.147643177657423,0.012433952496665,-0.134190073050676
0.428198184569258,-4.93686894166347,-0.93873506635255,-0.138577907233423,0.013374137536965,-0.129970811121276
0.648624326785258,-4.79024151551347,-0.54347818941255,-0.134045257120423,0.0049124684495649,-0.127157971076776
0.771083380782258,-4.74136522996347,-0.41172593683255,-0.138577907233423,0.0030320983690649,-0.124345131032276
1.08947661121226,-4.64361361252347,-0.27997356504255,-0.139484434276423,-0.000728643654535,-0.125048341043476
1.43236174782226,-4.57029989945347,0.37878787666345,-0.145830123572423,-0.001668828694735,-0.116609819047276
1.53032889565226,-4.54586199509347,0.64229244142545,-0.152175812869423,-0.012010867862635,-0.107468087971346
1.30990281303226,-4.54586199509347,0.24703556447745,-0.154895408897423,-0.037395875124935,-0.108874507993596
1.11396839817226,-4.61917570817347,0.37878787666345,-0.159428044109423,-0.060900504856035,-0.0983263559640858
0.967017676432258,-4.79024151551347,0.51054018884645,-0.165773733406423,-0.086285512118135,-0.0835589429364758
1.11396839817226,-5.01018265473347,1.03754934817345,-0.169399856477423,-0.109790141849135,-0.0751204228029758
1.45685353478226,-5.01018265473347,1.43280624001945,-0.156708462982423,-0.098507921367135,-0.0807461028919758
1.60380437573226,-4.91243103730347,1.56455853730145,-0.147643177657423,-0.085345330803135,-0.0877782039345758
1.57931258877226,-4.81467941987347,1.69631081968245,-0.131325675993423,-0.083464960723135,-0.0962167259307058
1.38337817391226,-4.47254828202347,0.90579706579245,-0.113195120244423,-0.081584590642135,-0.106764877494556
1.16295209129226,-4.08154133545348,0.37878787666345,-0.0932515029601228,-0.080644401877135,-0.119422659091776
0.820066954692258,-3.61722067582348,-0.14822131246255,-0.0742144201688228,-0.079704213111135,-0.134190073050676
0.575148965915258,-3.15290001618348,-0.67523056120255,-0.0678687234215228,-0.073122921555135,-0.135596491210276
0.403706397612258,-2.88408282982348,-0.80698281378255,-0.0669621963791228,-0.067481803863035,-0.136299703084076
0.158788468440258,-2.27313474404348,-1.46574431509255,-0.0660556656114228,-0.042096804051335,-0.141925383173076
-0.0371458868187417,-2.02875534283348,-1.72924882025255,-0.0678687234215228,-0.027994020997235,-0.142628595046876
-0.257572036485142,-1.78437606083348,-2.38801032156255,-0.0724013660840228,-0.009190312741935,-0.139112543128576
-0.404522810379742,-1.56443468320348,-2.65151506513255,-0.0814666439585228,0.0002115413856649,-0.133486863039576
-0.551473561922742,-1.34449342476347,-3.04677206129255,-0.0887188677482228,0.0086732104730649,-0.132080443017276
-0.575965378681742,-1.05123821484548,-3.17852407545255,-0.101410253792223,0.0096133955133649,-0.129970811121276
-0.673932526508742,-0.611355519170475,-2.91501957029255,-0.110475531666423,0.012433952496665,-0.131377231143576
-0.771899733940742,-0.244786584998075,-2.78326707929255,-0.122260398118423,0.0096133955133649,-0.131377231143576
-0.698424343268742,0.0729064883045249,-2.51976257414255,-0.132232203035423,0.0096133955133649,-0.129267601110176
-0.771899733940742,0.586102986460525,-2.25625806898255,-0.143110542445423,0.013374137536965,-0.132080443017276
-0.796391520897742,1.05042358649653,-2.25625806898255,-0.153988881855423,0.013374137536965,-0.129267601110176
-0.796391520897742,1.56362017405652,-2.25625806898255,-0.154895408897423,0.020895620652775,-0.131377231143576
-0.600457165638742,2.00350281012652,-2.25625806898255,-0.167586787491423,0.017134878629165,-0.134190073050676
-0.575965378681742,2.22344418776652,-2.51976257414255,-0.176652072816423,0.029357288808865,-0.132080443017276
-0.453506384293742,2.46782346976652,-2.38801032156255,-0.185717358141423,0.034998400912925,-0.131377231143576
-0.355539214114742,2.63888903868652,-2.51976257414255,-0.192063047438423,0.043460070000365,-0.132080443017276
-0.257572036485142,2.73664065611652,-2.51976257414255,-0.200221805720423,0.053802109168165,-0.130674021132476
-0.233080242077742,2.80995436919652,-2.51976257414255,-0.203847913890423,0.060383406312465,-0.129970811121276
-0.184096653263042,2.98101993811652,-2.65151506513255,-0.199315263777423,0.065084335238965,-0.134190073050676
-0.233080242077742,3.07877179396652,-2.51976257414255,-0.183904289155423,0.066024520279165,-0.139112543128576
-0.159604858855642,3.12764760268652,-2.38801032156255,-0.176652072816423,0.067904890359665,-0.143331803195276
-0.208588447670342,3.22539922011652,-2.25625806898255,-0.173025964646423,0.063203961433165,-0.149660695158076
-0.208588447670342,3.32315107596652,-2.51976257414255,-0.175745545774423,0.063203961433165,-0.149660695158076
-0.233080242077742,3.39646478903652,-2.51976257414255,-0.174839018731423,0.054742294208465,-0.150363907031876
-0.282063830892442,3.46977850211652,-2.51976257414255,-0.173932491689423,0.049101182104365,-0.153176747076376
-0.331047419707242,3.46977850211652,-2.51976257414255,-0.173932491689423,0.047220812023965,-0.153879955224876
-0.453506384293742,3.54309245360652,-2.25625806898255,-0.172119437604423,0.032177844860895,-0.155286375247076
-0.453506384293742,3.64084407103652,-1.99275356382255,-0.173025964646423,0.024656361745045,-0.158099215291576
-0.355539214114742,3.76303359282652,-1.46574431509255,-0.168493314533423,0.0096133955133649,-0.160912059061376
-0.404522810379742,3.83634730589652,-1.07048731893255,-0.164867206364423,0.0011517264259649,-0.164428107254376
-0.306555625299842,3.88522311461652,-0.93873506635255,-0.162147625237423,-0.005429568855735,-0.170757002942376
-0.306555625299842,3.95853730452653,-1.33399206251255,-0.158521517067423,-0.010130497782235,-0.174273051135376
-0.331047419707242,3.98297520888653,-1.20223980993255,-0.158521517067423,-0.010130497782235,-0.176382683031376
-0.306555625299842,4.05628892195652,-0.80698281378255,-0.153988881855423,-0.016711796789135,-0.185524411313376
-0.331047419707242,4.00741311323652,-0.80698281378255,-0.153988881855423,-0.016711796789135,-0.187634043209376
-0.306555625299842,3.95853730452653,-0.54347818941255,-0.149456231742423,-0.011070682822435,-0.190446883253876
-0.233080242077742,3.98297520888653,-0.41172593683255,-0.143110542445423,-0.007309942661435,-0.192556515149876
-0.159604858855642,3.93409940016653,-0.14822131246255,-0.136764838247423,-0.004489383815435,-0.194666147045976
-0.159604858855642,3.90966149580653,-0.0164690598825499,-0.127699567823423,0.0002115413856649,-0.198182195238876
-0.110621270040742,3.83634730589652,-0.0164690598825499,-0.119540816991423,0.0020919133287649,-0.199588611535876
-0.0371458868187417,3.83634730589652,0.24703556447745,-0.111382066159423,0.0020919133287649,-0.202401451580376
0.0363295038542583,3.73859568846652,0.11528331189745,-0.104129842370023,0.0096133955133649,-0.204511083476276
0.109804894526258,3.66528197539652,0.37878787666345,-0.0968776185803228,0.017134878629165,-0.205917507224276
0.183280255397258,3.61640616667652,0.64229244142545,-0.0977841456226228,0.029357288808865,-0.204511083476276
0.232263859113258,3.49421640646652,0.64229244142545,-0.0950645570449228,0.036878771924715,-0.204511083476276
0.330231036742258,3.42090269339652,0.90579706579245,-0.0896253947906228,0.034058215872685,-0.205917507224276
0.305739249785258,3.37202688467652,0.77404475360845,-0.0869058062128228,0.039699327976765,-0.205917507224276
0.305739249785258,3.39646478903652,0.77404475360845,-0.0859992791704228,0.037818956964955,-0.203807875328276
0.305739249785258,3.29871317160652,0.64229244142545,-0.0878123407058228,0.038759142936515,-0.202401451580376
0.305739249785258,3.37202688467652,0.77404475360845,-0.0869058062128228,0.036878771924715,-0.203104667179376
0.281247462828258,3.44534059775652,0.64229244142545,-0.0878123407058228,0.036878771924715,-0.203807875328276
0.379214610656258,3.44534059775652,0.90579706579245,-0.0905319218330228,0.036878771924715,-0.205917507224276
0.354722823699258,3.51865431082652,0.77404475360845,-0.0941580300025228,0.040639513016965,-0.207323923521276
0.428198184569258,3.64084407103652,0.51054018884645,-0.100503726749823,0.038759142936515,-0.205214299075276
0.452690031131258,3.78747173560652,0.51054018884645,-0.109569004624423,0.037818956964955,-0.204511083476276
0.452690031131258,3.83634730589652,0.51054018884645,-0.115008174329423,0.039699327976765,-0.203807875328276
0.501673605044258,4.03185101759652,0.37878787666345,-0.124979979246423,0.045340440080765,-0.205214299075276
0.526165392001258,4.05628892195652,0.51054018884645,-0.130419148951423,0.048160997064165,-0.206620715372276
0.624132539828258,4.17847844374652,0.37878787666345,-0.137671365290423,0.053802109168165,-0.206620715372276
0.648624326785258,4.30066796553653,0.37878787666345,-0.144017069488423,0.052861924127965,-0.205214299075276
0.648624326785258,4.42285796416652,0.24703556447745,-0.150362758784423,0.054742294208465,-0.205214299075276
0.648624326785258,4.47173377287652,0.11528331189745,-0.155801935940423,0.055682479248665,-0.206620715372276
0.673116173346258,4.52060958159653,0.11528331189745,-0.157614990025423,0.057562851191765,-0.208730347268276
0.648624326785258,4.56948539030653,0.24703556447745,-0.155801935940423,0.054742294208465,-0.212949603610276
0.648624326785258,4.56948539030653,0.11528331189745,-0.157614990025423,0.055682479248665,-0.214356027357276
0.599640752871258,4.66723700774653,0.24703556447745,-0.159428044109423,0.050981552184865,-0.212949603610276
0.648624326785258,4.76498862517653,0.11528331189745,-0.167586787491423,0.052861924127965,-0.211543187313276
0.673116173346258,4.78942652953653,-0.27997356504255,-0.169399856477423,0.049101182104365,-0.207323923521276
0.673116173346258,4.86274071944653,-0.14822131246255,-0.170306383519423,0.048160997064165,-0.204511083476276
0.624132539828258,4.86274071944653,-0.0164690598825499,-0.170306383519423,0.050041367144665,-0.203104667179376
0.673116173346258,4.93605443251653,-0.27997356504255,-0.173932491689423,0.045340440080765,-0.198182195238876
0.624132539828258,4.98493024123653,-0.27997356504255,-0.175745545774423,0.046280625121065,-0.193962931446876
0.673116173346258,5.08268185866653,-0.27997356504255,-0.181184708028423,0.044400255040565,-0.193259723298376
0.575148965915258,5.08268185866653,-0.41172593683255,-0.183904289155423,0.046280625121065,-0.193259723298376
0.648624326785258,5.22930928480652,-0.41172593683255,-0.187530412226423,0.043460070000365,-0.193962931446876
0.648624326785258,5.27818509352652,-0.54347818941255,-0.193876101522423,0.044400255040565,-0.195369355194376
0.599640752871258,5.44925090086653,-0.67523056120255,-0.203847913890423,0.043460070000365,-0.194666147045976
0.599640752871258,5.54700251829652,-0.67523056120255,-0.214726238399423,0.045340440080765,-0.195369355194376
0.697607960303258,5.64475413573652,-0.80698281378255,-0.219258888512423,0.045340440080765,-0.196072563342876
0.697607960303258,5.69362994444653,-0.67523056120255,-0.226511104851423,0.050981552184865,-0.199588611535876
0.771083380782258,5.84025784743652,-0.80698281378255,-0.232856809049423,0.054742294208465,-0.198885403387376
0.820066954692258,5.86469575178652,-0.80698281378255,-0.236482917218423,0.058503036232065,-0.203104667179376
0.869050528602258,5.96244736922652,-1.07048731893255,-0.240109025388423,0.062263776392965,-0.203104667179376
0.869050528602258,5.96244736922652,-0.93873506635255,-0.246454729586423,0.066964705319465,-0.203104667179376
0.918034102522258,5.98688527357653,-0.93873506635255,-0.245548187642423,0.068845075399965,-0.203104667179376
0.967017676432258,5.96244736922652,-0.93873506635255,-0.244641660600423,0.069785260440165,-0.205917507224276
0.942525889472258,5.91357156050652,-1.07048731893255,-0.237389444261423,0.074486185641365,-0.204511083476276
0.942525889472258,5.86469575178652,-1.07048731893255,-0.232856809049423,0.076366559447065,-0.203807875328276
0.991509463392258,5.79138156187653,-0.93873506635255,-0.227417631893423,0.073546000601065,-0.202401451580376
0.967017676432258,5.74250575316653,-1.07048731893255,-0.221071942596423,0.072605815560865,-0.200291827134876
0.942525889472258,5.64475413573652,-1.20223980993255,-0.216539307384423,0.074486185641365,-0.203104667179376
1.01600125034226,5.66919204008652,-1.07048731893255,-0.214726238399423,0.073546000601065,-0.198885403387376
1.04049303730226,5.64475413573652,-1.07048731893255,-0.213819711356423,0.075426374406865,-0.199588611535876
1.04049303730226,5.62031623137652,-0.93873506635255,-0.212006657271423,0.073546000601065,-0.200995035283376
1.01600125034226,5.69362994444653,-1.07048731893255,-0.215632780342423,0.080127299608065,-0.198885403387376
0.942525889472258,5.69362994444653,-1.20223980993255,-0.219258888512423,0.079187114567765,-0.196775771491376
0.918034102522258,5.71806784880653,-1.33399206251255,-0.221978469639423,0.074486185641365,-0.194666147045976
0.918034102522258,5.76694365752653,-1.33399206251255,-0.224698050766423,0.070725445480365,-0.195369355194376
0.820066954692258,5.76694365752653,-1.33399206251255,-0.227417631893423,0.070725445480365,-0.193962931446876
0.869050528602258,5.76694365752653,-1.33399206251255,-0.228324158936423,0.070725445480365,-0.194666147045976
0.820066954692258,5.76694365752653,-1.46574431509255,-0.228324158936423,0.076366559447065,-0.196072563342876
0.844558741652258,5.76694365752653,-1.46574431509255,-0.231043754964423,0.079187114567765,-0.197478987090376
0.844558741652258,5.84025784743652,-1.46574431509255,-0.234669863133423,0.075426374406865,-0.198182195238876
0.844558741652258,5.84025784743652,-1.59749656767255,-0.239202498345423,0.078246929527565,-0.203807875328276
0.869050528602258,5.86469575178652,-1.46574431509255,-0.237389444261423,0.074486185641365,-0.204511083476276
0.771083380782258,5.88913365614652,-1.33399206251255,-0.235576390176423,0.066024520279165,-0.206620715372276
0.697607960303258,5.93800946486652,-1.59749656767255,-0.240109025388423,0.065084335238965,-0.203104667179376
0.722099747260258,5.98688527357653,-1.59749656767255,-0.241015552430423,0.061323591352765,-0.198182195238876
0.771083380782258,6.03576108229653,-1.72924882025255,-0.245548187642423,0.058503036232065,-0.191150091402376
0.673116173346258,6.03576108229653,-1.86100107282255,-0.244641660600423,0.062263776392965,-0.190446883253876
0.722099747260258,6.03576108229653,-1.86100107282255,-0.242828606515423,0.059443221272265,-0.189743675105376
0.722099747260258,6.06019898665653,-1.86100107282255,-0.244641660600423,0.056622664288965,-0.186930835060876
0.673116173346258,6.01132317793653,-1.86100107282255,-0.241922079473423,0.055682479248665,-0.187634043209376
0.624132539828258,5.98688527357653,-1.86100107282255,-0.239202498345423,0.057562851191765,-0.186930835060876
0.575148965915258,5.98688527357653,-1.86100107282255,-0.241015552430423,0.056622664288965,-0.184821203164876
0.550657178958258,5.96244736922652,-1.72924882025255,-0.240109025388423,0.054742294208465,-0.184821203164876
0.526165392001258,5.86469575178652,-1.86100107282255,-0.234669863133423,0.050981552184865,-0.183414779417376
0.501673605044258,5.79138156187653,-1.33399206251255,-0.229230685978423,0.043460070000365,-0.184821203164876
0.452690031131258,5.74250575316653,-1.72924882025255,-0.226511104851423,0.046280625121065,-0.184821203164876
0.477181818087258,5.69362994444653,-1.59749656767255,-0.223791523724423,0.044400255040565,-0.186930835060876
0.477181818087258,5.66919204008652,-1.59749656767255,-0.223791523724423,0.045340440080765,-0.180601939372876
0.550657178958258,5.69362994444653,-1.59749656767255,-0.223791523724423,0.045340440080765,-0.181305147521376
0.575148965915258,5.47368880522653,-1.33399206251255,-0.197502209692423,0.047220812023965,-0.177085891179876
0.256755646069258,1.44143053305652,0.51054018884645,-0.358864172249423,0.049101182104365,-0.244594059698276
0.109804894526258,4.66723700774653,1.16930164545545,-0.0569903877370228,0.020895620652775,-0.202401451580376
0.256755646069258,4.47173377287652,-1.46574431509255,-0.166680260448423,-0.014831422983335,-0.207323923521276
0.379214610656258,4.12960263502652,-0.14822131246255,-0.0733078931264228,0.091409523816165,-0.160912059061376
0.403706397612258,3.39646478903652,-0.80698281378255,-0.121353871076423,0.057562851191765,-0.169350579194876
0.354722823699258,3.54309245360652,0.11528331189745,-0.0470185828201228,0.019955434681215,-0.168647371046376
0.256755646069258,3.56753035796652,-0.27997356504255,-0.0859992791704228,0.026536732756835,-0.184821203164876
0.232263859113258,3.54309245360652,-0.14822131246255,-0.0651491385690228,0.043460070000365,-0.176382683031376
0.256755646069258,2.02794071448652,-0.27997356504255,-0.115914701371423,0.034998400912925,-0.262877531163276
0.207772042353258,2.27231999647652,-0.27997356504255,-0.0143835757665028,0.022775991198905,-0.248813323490276
0.403706397612258,1.66137179148652,-0.14822131246255,-0.0415794131152228,0.028417103419384,-0.204511083476276
0.207772042353258,2.00350281012652,0.24703556447745,-0.0560838606946228,0.038759142936515,-0.218575291149276
0.330231036742258,1.78356143248652,-0.14822131246255,-0.0705883045487228,0.021835805693015,-0.215059235506276
0.183280255397258,1.95462700140652,0.37878787666345,-0.0143835757665028,0.018075064600765,-0.194666147045976
0.256755646069258,0.317285800104525,0.77404475360845,-0.0597099725894228,0.020895620652775,-0.218575291149276
0.232263859113258,1.05042358649653,0.37878787666345,-0.0161966317139228,0.025596547250935,-0.211543187313276
0.0363295038542583,0.121782356624525,0.90579706579245,-0.0007856575578128,0.024656361745045,-0.222794547491276
0.158788468440258,0.146220260982525,0.64229244142545,-0.0207292715825228,0.014314322577165,-0.228420235030276
0.158788468440258,-0.366976222271475,0.77404475360845,0.0164383734770772,0.020895620652775,-0.227013811283276
0.0363295038542583,-0.195910727853475,0.77404475360845,0.0119057326771772,0.013374137536965,-0.234749115817276
0.0853130777672584,-0.513603812331475,0.90579706579245,0.0327558751411772,0.011493765593765,-0.241078011505276
0.0118377019962583,-1.00236234652448,0.77404475360845,0.0318493480987772,0.019955434681215,-0.246703691594276
0.0363295038542583,-1.14898995148648,0.90579706579245,0.0463537956781772,0.019955434681215,-0.253735787980276
-0.0371458868187417,-1.27117959248348,0.51054018884645,0.0381950411208772,0.017134878629165,-0.261471099965276
-0.135113064448242,-0.782421028489475,0.51054018884645,0.0925867195434772,0.021835805693015,-0.269206411950276
-0.159604858855642,-1.49112097012348,0.37878787666345,0.0626712973423772,0.020895620652775,-0.269909627549276
-0.184096653263042,-1.49112097012348,0.24703556447745,0.0563256005950772,0.020895620652775,-0.264283947460276
-0.110621270040742,-0.684669291848475,0.24703556447745,0.0980258817975772,0.020895620652775,-0.262877531163276
-0.159604858855642,-1.49112097012348,0.37878787666345,0.0907736654587772,0.022775991198905,-0.266393579356276
-0.135113064448242,-1.27117959248348,-0.0164690598825499,0.0681104670472772,0.015254507617365,-0.258658267371276
-0.233080242077742,-1.02680031048748,-0.14822131246255,0.110717275292577,0.028417103419384,-0.274128891341276
-0.233080242077742,-1.44224504220348,-0.41172593683255,0.0962128277125772,0.031237659587825,-0.283270619623276
-0.233080242077742,-1.24674168812347,-0.54347818941255,0.107997694165577,0.024656361745045,-0.291709147207276
0.158788468440258,3.51865431082652,0.11528331189745,-0.0497381639473228,-0.042096804051335,-0.0758236328140758
0.477181818087258,2.39450975668652,-0.0164690598825499,0.0091861496873771,0.020895620652775,-0.181305147521376
0.232263859113258,1.73468562376652,1.82806313186645,0.104371578545577,-0.016711796789135,-0.144035015069076
-0.0371458868187417,0.512789213781525,-1.07048731893255,-0.0107574643373228,0.0020919133287649,-0.124345131032276
-0.0371458868187417,0.806044304496525,0.37878787666345,0.0327558751411772,0.0030320983690649,-0.0441791748629758
-0.0126540998617417,0.537227118139525,-0.54347818941255,0.0264101783938772,0.0049124684495649,-0.112390558980546
0.0363295038542583,0.586102986460525,0.11528331189745,0.0563256005950772,-0.017651981829335,-0.0596497988329758
-0.0371458868187417,0.732730531816525,-0.54347818941255,-0.0071313528499268,-0.031754761158235,-0.0406631229446758
0.0118377019962583,0.317285800104525,-0.0164690598825499,0.0554190735526772,0.0058526534897649,-0.0779332628474758
-0.233080242077742,0.268409901981525,-0.41172593683255,0.0046535098187771,-0.014831422983335,-0.0265989227221758
-0.0371458868187417,0.512789213781525,-0.14822131246255,0.0010273983896071,-0.007309942661435,-0.0357406510041758
-0.0371458868187417,-0.122596940273975,0.11528331189745,0.0309428210563772,0.0058526534897649,-0.0505080668256758
-0.159604858855642,0.219534063463525,-0.0164690598825499,-0.0198227436087228,0.0020919133287649,0.0050455333667241
0.0363295038542583,0.512789213781525,-0.14822131246255,0.0028404538713671,-0.006369757621235,-0.0160507706926758
-0.0126540998617417,0.121782356624525,-0.41172593683255,0.0191579564668772,0.0077330254328649,-0.0512112786994758
0.134296681483258,0.781606400137525,-0.27997356504255,0.0100926767297772,-0.002609013735035,-0.0427727548406758
-0.135113064448242,0.610540890817525,0.11528331189745,-0.0080378807654328,-0.008250127701735,-0.0265989227221758
-0.135113064448242,0.0484685541445249,-0.0164690598825499,0.0073730937398771,0.017134878629165,-0.0483984386549758
0.134296681483258,1.05042358649653,-0.41172593683255,-0.0007856575578128,-0.011070682822435,-0.0336310265586758
-0.135113064448242,0.390599572782525,-0.14822131246255,-0.0080378807654328,0.0002115413856649,-0.0237860826776758
-0.0616376737757417,0.121782356624525,-0.27997356504255,0.0010273983896071,0.013374137536965,-0.0315213946626758
0.109804894526258,0.854920232416525,-0.80698281378255,-0.0044117691034128,-0.007309942661435,-0.0195668188856758
0.0608212908102584,0.757168495779525,-0.41172593683255,-0.0062248249344228,-0.005429568855735,-0.0139411387966758
-0.0371458868187417,-0.0004072992754751,-0.41172593683255,0.0055600377924771,0.019015249640965,-0.0301149709151758
0.109804894526258,0.732730531816525,-0.67523056120255,-0.0025987132724028,-0.001668828694735,-0.0216764507816758
-0.0126540998617417,0.634978854780525,-0.14822131246255,-0.0007856575578128,0.0011517264259649,-0.0294117627666758
0.109804894526258,0.390599572782525,-0.27997356504255,0.0001208704158971,0.0039722834092649,-0.0322246028111758
0.207772042353258,1.07486161005652,-0.14822131246255,0.0001208704158971,-0.004489383815435,-0.0329278109596758
0.0608212908102584,0.610540890817525,-0.27997356504255,0.0037469818450771,0.0049124684495649,-0.0392567066476758
0.0608212908102584,0.708292627458525,-0.14822131246255,-0.0016921855315228,-0.001668828694735,-0.0301149709151758
-0.0616376737757417,0.659416759138525,-0.27997356504255,-0.0035052412461228,-0.001668828694735,-0.0287085546181758
-0.0126540998617417,0.415037477140525,-0.27997356504255,-0.0007856575578128,0.0039722834092649,-0.0315213946626758
-0.0861294756337417,0.415037477140525,-0.27997356504255,-0.0007856575578128,0.0086732104730649,-0.0308181865141758
-0.0616376737757417,0.439475441103525,-0.14822131246255,-0.0044117691034128,-0.000728643654535,-0.0230828745291758
-0.0861294756337417,0.0484685541445249,-0.27997356504255,-0.0035052412461228,0.011493765593765,-0.0237860826776758
-0.110621270040742,0.366161608820525,-0.41172593683255,0.0019339258976571,0.0077330254328649,-0.0244892908261758
0.0118377019962583,0.683854723100525,-0.54347818941255,-0.0053182970189188,-0.000728643654535,-0.0195668188856758
-0.0371458868187417,0.439475441103525,-0.14822131246255,0.0001208704158971,0.0049124684495649,-0.0237860826776758
0.0853130777672584,0.610540890817525,-0.41172593683255,0.0037469818450771,0.0049124684495649,-0.0343342347071758
0.134296681483258,0.879358136776525,-0.14822131246255,0.0010273983896071,-0.005429568855735,-0.0308181865141758
0.0118377019962583,0.610540890817525,-0.27997356504255,0.0001208704158971,-0.001668828694735,-0.0280053464696758
0.0363295038542583,0.757168495779525,-0.0164690598825499,0.0010273983896071,-0.001668828694735,-0.0301149709151758
0.134296681483258,0.708292627458525,-0.41172593683255,0.0037469818450771,0.0020919133287649,-0.0357406510041758
-0.110621270040742,0.366161608820525,-0.27997356504255,-0.0007856575578128,0.0049124684495649,-0.0251925064251758
-0.135113064448242,0.317285800104525,-0.41172593683255,-0.0071313528499268,0.0067928403926649,-0.0195668188856758
-0.110621270040742,0.243971997623525,-0.27997356504255,-0.0025987132724028,0.0020919133287649,-0.0251925064251758
-0.282063830892442,0.121782356624525,-0.27997356504255,0.0100926767297772,-0.005429568855735,-0.0357406510041758
-0.355539214114742,0.0729064883045249,-0.27997356504255,0.0182514294244772,-0.012951052902935,-0.0420695466921758
-0.282063830892442,0.243971997623525,-0.41172593683255,0.0273167091615772,-0.036455686359335,-0.0329278109596758
-0.257572036485142,0.415037477140525,-0.54347818941255,0.0354754599936772,-0.042096804051335,-0.0385534984992758
-0.331047419707242,0.292847836141525,-0.67523056120255,0.0436342108257772,-0.037395875124935,-0.0357406510041758
-0.233080242077742,0.0729064883045249,-0.27997356504255,0.0780822719641772,-0.036455686359335,-0.0554305387661758
0.0608212908102584,-1.51555887448348,-0.27997356504255,0.107997694165577,-0.023293092070735,-0.137706123106276
0.305739249785258,-2.17538288819348,-0.0164690598825499,0.105278105587577,-0.020472536950035,-0.176382683031376
0.232263859113258,-2.17538288819348,0.11528331189745,0.144258813113577,-0.016711796789135,-0.156692795269376
0.256755646069258,-1.68662432419348,-0.41172593683255,0.117062972039577,-0.014831422983335,-0.158099215291576
0.256755646069258,-1.71106234776347,-0.27997356504255,0.129754365534577,-0.013891237943135,-0.148254275135876
0.330231036742258,-1.80881396519348,0.11528331189745,0.162389368862577,-0.007309942661435,-0.147551063262076
0.379214610656258,-1.95544162976348,0.24703556447745,0.164202422947577,0.0030320983690649,-0.151770327054076
0.477181818087258,-1.83325198876348,0.37878787666345,0.186865613908577,-0.002609013735035,-0.148957487009576
0.428198184569258,-1.75993815648348,0.37878787666345,0.182332978696577,0.0049124684495649,-0.144738223217576
0.428198184569258,-1.39336923348348,0.64229244142545,0.172361181230577,0.0020919133287649,-0.127861181087976
0.477181818087258,-1.10011408316548,0.37878787666345,0.145165340156577,0.0030320983690649,-0.115906609036176
0.428198184569258,-0.489165878171475,0.11528331189745,0.119782553166577,0.0077330254328649,-0.0990295659752058
0.403706397612258,-0.244786584998075,0.11528331189745,0.0998389433335772,0.010553580553565,-0.0863717829809758
0.428198184569258,-0.0981590135642751,-0.0164690598825499,0.0925867195434772,0.016194693588965,-0.0856685729698758
0.330231036742258,0.806044304496525,-0.14822131246255,0.0554190735526772,0.015254507617365,-0.0758236328140758
0.305739249785258,0.903796041136525,-0.0164690598825499,0.0391015718884772,0.016194693588965,-0.0723075808958758
0.305739249785258,1.41699250948652,-0.14822131246255,-0.0007856575578128,0.019955434681215,-0.0694947389886758
0.281247462828258,1.97906490576652,-0.27997356504255,-0.0316076063357228,0.019955434681215,-0.0701979508624758
0.256755646069258,2.46782346976652,-0.67523056120255,-0.0705883045487228,0.030297474198346,-0.0701979508624758
0.428198184569258,2.90770622504652,-0.67523056120255,-0.0923449759177228,0.029357288808865,-0.0821525229142758
0.477181818087258,3.46977850211652,-0.80698281378255,-0.118634289949423,0.044400255040565,-0.102545616845736
0.452690031131258,3.86078521025652,-1.20223980993255,-0.132232203035423,0.053802109168165,-0.120829080976676
0.575148965915258,4.08072682631652,-1.33399206251255,-0.140390961318423,0.050981552184865,-0.133486863039576
0.550657178958258,4.81386443388653,-1.59749656767255,-0.170306383519423,0.050041367144665,-0.164428107254376
0.575148965915258,5.00936814558653,-1.72924882025255,-0.183904289155423,0.047220812023965,-0.169350579194876
0.550657178958258,5.52256461394652,-2.12450581640255,-0.218352361469423,0.049101182104365,-0.175679467432376
0.550657178958258,5.91357156050652,-2.51976257414255,-0.242828606515423,0.049101182104365,-0.177085891179876
0.550657178958258,6.13351269972653,-2.38801032156255,-0.258239581137423,0.055682479248665,-0.181305147521376
0.673116173346258,6.35345431578653,-2.51976257414255,-0.270930989532423,0.055682479248665,-0.179898731224376
0.746591534217258,6.62227126372653,-2.65151506513255,-0.290874584465423,0.061323591352765,-0.182711571268876
0.795575167732258,6.79333707106653,-2.78326707929255,-0.299939854889423,0.068845075399965,-0.183414779417376
0.844558741652258,6.86665078413653,-2.78326707929255,-0.305379046946423,0.071665630520665,-0.184117995016376
0.942525889472258,7.06215401900652,-2.78326707929255,-0.311724736242423,0.077306744487365,-0.185524411313376
0.942525889472258,7.11102982771652,-3.04677206129255,-0.317163898497423,0.079187114567765,-0.188337251357876
0.991509463392258,7.18434354079653,-3.04677206129255,-0.319883479624423,0.082947854728765,-0.190446883253876
1.04049303730226,7.20878144514653,-3.04677206129255,-0.318976952581423,0.085768413574765,-0.191150091402376
1.11396839817226,7.25765725386653,-2.51976257414255,-0.318976952581423,0.082947854728765,-0.193259723298376
1.08947661121226,7.18434354079653,-2.65151506513255,-0.314444317369423,0.080127299608065,-0.193962931446876
1.04049303730226,7.08659192335652,-2.78326707929255,-0.303565992861423,0.080127299608065,-0.195369355194376
1.04049303730226,6.93996449721653,-2.65151506513255,-0.296313746719423,0.078246929527565,-0.198182195238876
0.991509463392258,6.84221287978653,-2.51976257414255,-0.289061530380423,0.079187114567765,-0.198885403387376
0.967017676432258,6.67114707243652,-1.99275356382255,-0.275463624744423,0.077306744487365,-0.205917507224276
1.01600125034226,6.62227126372653,-1.99275356382255,-0.271837516575423,0.081067484648265,-0.203104667179376
1.06498482426226,6.59783335936653,-1.99275356382255,-0.270024462490423,0.082007669688465,-0.203807875328276
1.08947661121226,6.54895755064653,-1.86100107282255,-0.268211378603423,0.082947854728765,-0.209433555417276
1.08947661121226,6.42676802885653,-1.59749656767255,-0.266398324518423,0.090469338775965,-0.213652819209276
1.16295209129226,6.47564383757653,-1.46574431509255,-0.263678743391423,0.089529153735665,-0.212949603610276
1.18744387825226,6.37789222014653,-1.20223980993255,-0.258239581137423,0.095170263977065,-0.214356027357276
1.26091923912226,6.32901641142653,-1.07048731893255,-0.252800418882423,0.095170263977065,-0.215762443654276
1.26091923912226,6.28014012587653,-1.07048731893255,-0.247361256628423,0.099871192903565,-0.216465659253276
1.23642745216226,6.23126431715653,-1.07048731893255,-0.243735133557423,0.100811381669065,-0.215762443654276
1.23642745216226,6.18238850844653,-0.93873506635255,-0.242828606515423,0.101751562984065,-0.215762443654276
1.26091923912226,6.18238850844653,-1.07048731893255,-0.242828606515423,0.100811381669065,-0.215762443654276
1.28541102608226,6.10907479536653,-0.80698281378255,-0.240109025388423,0.098931004138065,-0.218575291149276
1.26091923912226,6.10907479536653,-0.80698281378255,-0.240109025388423,0.101751562984065,-0.217168867402276
1.23642745216226,6.06019898665653,-0.93873506635255,-0.241922079473423,0.101751562984065,-0.222794547491276
1.21193566521226,6.03576108229653,-0.80698281378255,-0.239202498345423,0.103631933064465,-0.224200971238276
1.23642745216226,5.98688527357653,-0.67523056120255,-0.236482917218423,0.099871192903565,-0.228420235030276
1.18744387825226,5.96244736922652,-0.80698281378255,-0.233763336091423,0.103631933064465,-0.229826651327276
1.16295209129226,5.91357156050652,-0.80698281378255,-0.235576390176423,0.102691751749565,-0.230529866926276
1.16295209129226,5.98688527357653,-0.80698281378255,-0.239202498345423,0.097990822823065,-0.228420235030276
1.11396839817226,5.93800946486652,-0.80698281378255,-0.238295971303423,0.097050634057565,-0.227717019431276
1.04049303730226,5.88913365614652,-0.80698281378255,-0.239202498345423,0.099871192903565,-0.229123435728276
1.04049303730226,5.86469575178652,-0.93873506635255,-0.235576390176423,0.097990822823065,-0.228420235030276
1.04049303730226,5.79138156187653,-0.93873506635255,-0.231043754964423,0.098931004138065,-0.228420235030276
1.04049303730226,5.79138156187653,-0.54347818941255,-0.228324158936423,0.097050634057565,-0.231936283223276
1.01600125034226,5.74250575316653,-0.93873506635255,-0.228324158936423,0.102691751749565,-0.231233067624276
1.01600125034226,5.74250575316653,-0.93873506635255,-0.229230685978423,0.098931004138065,-0.228420235030276
1.04049303730226,5.66919204008652,-0.93873506635255,-0.223791523724423,0.098931004138065,-0.228420235030276
0.967017676432258,5.69362994444653,-0.93873506635255,-0.223791523724423,0.096110452742665,-0.229123435728276
0.942525889472258,5.69362994444653,-0.93873506635255,-0.223791523724423,0.090469338775965,-0.229123435728276
0.918034102522258,5.74250575316653,-0.93873506635255,-0.228324158936423,0.083888039768965,-0.224200971238276
0.893542315562258,5.71806784880653,-0.93873506635255,-0.229230685978423,0.081067484648265,-0.222794547491276
0.844558741652258,5.64475413573652,-0.80698281378255,-0.225604577808423,0.082007669688465,-0.222091339342276
0.795575167732258,5.59587832701652,-0.80698281378255,-0.221978469639423,0.080127299608065,-0.223497755639276
0.820066954692258,5.57144042265652,-0.80698281378255,-0.222884996681423,0.077306744487365,-0.222794547491276
0.820066954692258,5.52256461394652,-0.67523056120255,-0.221071942596423,0.080127299608065,-0.229123435728276
0.844558741652258,5.57144042265652,-0.54347818941255,-0.216539307384423,0.078246929527565,-0.229123435728276
0.820066954692258,5.49812670958652,-0.80698281378255,-0.221071942596423,0.084828228534465,-0.228420235030276
0.820066954692258,5.42481299651653,-0.80698281378255,-0.216539307384423,0.088588968695465,-0.231233067624276
0.795575167732258,5.27818509352652,-0.67523056120255,-0.203847913890423,0.090469338775965,-0.233342699520276
0.795575167732258,5.08268185866653,-0.67523056120255,-0.193876101522423,0.091409523816165,-0.234045915119276
0.771083380782258,4.96049233687653,-0.54347818941255,-0.184810831099423,0.091409523816165,-0.233342699520276
0.820066954692258,4.88717862379653,-0.41172593683255,-0.177558599858423,0.084828228534465,-0.236155547015276
0.795575167732258,4.93605443251653,-0.41172593683255,-0.179371653943423,0.086708598614965,-0.236858747713276
0.746591534217258,4.86274071944653,-0.54347818941255,-0.181184708028423,0.088588968695465,-0.237561963312276
0.722099747260258,4.91161652815653,-0.54347818941255,-0.184810831099423,0.090469338775965,-0.236155547015276
0.722099747260258,4.91161652815653,-0.54347818941255,-0.186623885183423,0.090469338775965,-0.236155547015276
0.746591534217258,4.91161652815653,-0.27997356504255,-0.187530412226423,0.086708598614965,-0.236858747713276
0.746591534217258,4.78942652953653,-0.14822131246255,-0.180278180985423,0.082007669688465,-0.239671595208276
0.648624326785258,4.71611281645653,-0.0164690598825499,-0.174839018731423,0.079187114567765,-0.235452331416276
0.550657178958258,4.59392329466653,-0.14822131246255,-0.166680260448423,0.072605815560865,-0.231936283223276
0.526165392001258,4.52060958159653,-0.14822131246255,-0.156708462982423,0.064144146473465,-0.229826651327276
0.477181818087258,4.44729586851652,-0.14822131246255,-0.158521517067423,0.063203961433165,-0.229123435728276
0.501673605044258,4.54504748595653,-0.0164690598825499,-0.162147625237423,0.060383406312465,-0.229123435728276
0.526165392001258,4.64279910338653,-0.27997356504255,-0.172119437604423,0.067904890359665,-0.231233067624276
0.648624326785258,4.71611281645653,-0.14822131246255,-0.177558599858423,0.068845075399965,-0.234749115817276
0.722099747260258,4.74055072081653,-0.27997356504255,-0.177558599858423,0.077306744487365,-0.236155547015276
0.746591534217258,4.64279910338653,-0.14822131246255,-0.176652072816423,0.078246929527565,-0.238968379609276
0.795575167732258,4.64279910338653,-0.27997356504255,-0.173025964646423,0.081067484648265,-0.238265178911276
0.771083380782258,4.49617167723652,-0.27997356504255,-0.165773733406423,0.088588968695465,-0.240374795906276
0.844558741652258,4.37398167860653,-0.14822131246255,-0.154895408897423,0.088588968695465,-0.243890859000276
0.795575167732258,4.27623006117653,-0.41172593683255,-0.148549704700423,0.089529153735665,-0.235452331416276
0.844558741652258,4.27623006117653,-0.41172593683255,-0.145830123572423,0.086708598614965,-0.233342699520276
0.844558741652258,4.32510586989653,-0.27997356504255,-0.147643177657423,0.087648783655165,-0.235452331416276
0.844558741652258,4.30066796553653,-0.54347818941255,-0.153082339911423,0.089529153735665,-0.235452331416276
0.893542315562258,4.30066796553653,-0.54347818941255,-0.153082339911423,0.089529153735665,-0.234045915119276
0.893542315562258,4.27623006117653,-0.54347818941255,-0.151269285827423,0.088588968695465,-0.235452331416276
0.893542315562258,4.17847844374652,-0.54347818941255,-0.150362758784423,0.096110452742665,-0.241078011505276
0.893542315562258,4.10516473067652,-0.67523056120255,-0.142204015403423,0.103631933064465,-0.240374795906276
0.918034102522258,4.05628892195652,-0.67523056120255,-0.138577907233423,0.097990822823065,-0.241078011505276
0.893542315562258,3.98297520888653,-0.67523056120255,-0.132232203035423,0.091409523816165,-0.241078011505276
0.918034102522258,3.95853730452653,-0.80698281378255,-0.132232203035423,0.087648783655165,-0.238265178911276
0.844558741652258,4.03185101759652,-0.67523056120255,-0.134951784163423,0.086708598614965,-0.238265178911276
0.918034102522258,4.08072682631652,-0.80698281378255,-0.140390961318423,0.086708598614965,-0.235452331416276
1.01600125034226,3.93409940016653,-0.80698281378255,-0.146736650615423,0.086708598614965,-0.233342699520276
1.13846030434226,3.90966149580653,-0.67523056120255,-0.163054152279423,0.086708598614965,-0.218575291149276
1.13846030434226,3.49421640646652,-0.41172593683255,-0.164867206364423,0.077306744487365,-0.212949603610276
1.30990281303226,3.22539922011652,0.11528331189745,-0.167586787491423,0.073546000601065,-0.213652819209276
1.50583710869226,3.07877179396652,0.11528331189745,-0.173932491689423,0.062263776392965,-0.211543187313276
1.57931258877226,3.07877179396652,0.24703556447745,-0.153082339911423,0.061323591352765,-0.204511083476276
2.26508274277226,2.80995436919652,0.90579706579245,-0.153082339911423,0.039699327976765,-0.243890859000276
2.36304989060226,2.73664065611652,1.43280624001945,-0.144923596530423,0.041579698988565,-0.231233067624276
2.24059095581226,2.37007185232652,2.22332000881145,-0.159428044109423,0.044400255040565,-0.212949603610276
2.02016487320226,2.41894766104652,2.22332000881145,-0.170306383519423,0.051921737225065,-0.200995035283376
1.87321415146226,2.66332694304652,2.09156769662845,-0.185717358141423,0.055682479248665,-0.209433555417276
1.77524700363226,2.78551646483652,1.82806313186645,-0.200221805720423,0.065084335238965,-0.214356027357276
1.75075509747226,2.98101993811652,1.56455853730145,-0.200221805720423,0.066964705319465,-0.221388131194276
1.62829616268226,2.90770622504652,1.69631081968245,-0.199315263777423,0.073546000601065,-0.235452331416276
1.50583710869226,2.49226137411652,1.69631081968245,-0.209287076144423,0.082007669688465,-0.255845419876276
1.40786996086226,1.97906490576652,1.43280624001945,-0.218352361469423,0.088588968695465,-0.275535307638276
1.28541102608226,1.71024771941652,1.56455853730145,-0.221978469639423,0.095170263977065,-0.283270619623276
0.967017676432258,1.49030634177652,1.03754934817345,-0.217445834427423,0.114914160997865,-0.279051355831276
0.893542315562258,1.49030634177652,0.77404475360845,-0.209287076144423,0.116794531078365,-0.273425675742276
0.844558741652258,1.49030634177652,0.64229244142545,-0.194782628565423,0.120555271239365,-0.268503211252276
0.795575167732258,1.53918215048652,0.37878787666345,-0.179371653943423,0.121495460004865,-0.266393579356276
0.820066954692258,1.51474424612653,0.37878787666345,-0.167586787491423,0.126196381480765,-0.266393579356276
0.697607960303258,1.46586843741652,0.37878787666345,-0.128606094866423,0.119615082473765,-0.263580731861276
0.795575167732258,1.36811670077652,0.11528331189745,-0.105942896454723,0.121495460004865,-0.260064683668276
0.795575167732258,1.22148915541653,-0.27997356504255,-0.0896253947906228,0.121495460004865,-0.244594059698276
0.844558741652258,1.09929951441652,-0.54347818941255,-0.0823731710009228,0.118674901158865,-0.225607387535276
0.918034102522258,1.05042358649653,-0.41172593683255,-0.0787470553807228,0.117734712393365,-0.216465659253276
1.13846030434226,0.757168495779525,-0.54347818941255,-0.0769340012960228,0.114914160997865,-0.200995035283376
1.18744387825226,0.463913345461525,-0.14822131246255,-0.0751209472112228,0.107392673225465,-0.185524411313376
1.38337817391226,0.0973444224645249,0.37878787666345,-0.0787470553807228,0.096110452742665,-0.162318479083576
1.30990281303226,0.0973444224645249,0.51054018884645,-0.0814666439585228,0.097990822823065,-0.144035015069076
1.26091923912226,0.170658195143525,0.64229244142545,-0.0678687234215228,0.104572121830065,-0.135596491210276
1.18744387825226,0.243971997623525,0.51054018884645,-0.0597099725894228,0.111153420836965,-0.131377231143576
1.11396839817226,0.341723704462525,0.51054018884645,-0.0524577487997228,0.118674901158865,-0.127157971076776
1.26091923912226,0.757168495779525,1.43280624001945,-0.0189162156350228,0.117734712393365,-0.119422659091776
1.67727973660226,1.02598568213652,2.09156769662845,0.0109992056347772,0.107392673225465,-0.120125870965576
1.99567308624226,1.09929951441652,3.01383382230745,0.0436342108257772,0.088588968695465,-0.129970811121276
2.19160738190226,1.02598568213652,3.80434769540745,0.0681104670472772,0.072605815560865,-0.145441435091376
2.09364023407226,0.708292627458525,3.93609994798745,0.0808018530912772,0.064144146473465,-0.159505635313776
1.92219772537226,0.317285800104525,3.80434769540745,0.0817083801336772,0.056622664288965,-0.167944155447276
1.92219772537226,0.0973444224645249,3.80434769540745,0.0753626908369772,0.059443221272265,-0.175679467432376
1.55482080181226,-0.831296896810475,3.40909069925745,0.0490733768053772,0.072605815560865,-0.171460211090876
1.30990281303226,-1.49112097012348,3.01383382230745,0.0019339258976571,0.078246929527565,-0.158802427165376
1.11396839817226,-2.05319324719348,2.48682457357745,-0.0325141352407228,0.096110452742665,-0.151770327054076
0.991509463392258,-2.51751402604348,1.69631081968245,-0.0760274742536228,0.099871192903565,-0.148957487009576
0.795575167732258,-2.76189330803348,0.90579706579245,-0.100503726749823,0.103631933064465,-0.144738223217576
0.354722823699258,-2.98183468567348,-0.41172593683255,-0.127699567823423,0.111153420836965,-0.141222175024576
0.232263859113258,-3.07958630311348,-1.07048731893255,-0.138577907233423,0.119615082473765,-0.141925383173076
0.0118377019962583,-3.05514839875348,-1.86100107282255,-0.147643177657423,0.140299168259865,-0.148254275135876
-0.0371458868187417,-2.71301726090348,-2.38801032156255,-0.122260398118423,0.150641207427865,-0.162318479083576
0.134296681483258,-2.59082773911348,-5.15480857939255,-0.0569903877370228,0.123375830085365,-0.178492307476876
0.109804894526258,-2.54195193040348,-5.68181758970255,-0.0796535824231228,0.106452491910465,-0.196072563342876
0.305739249785258,-2.46863797890348,-5.55006557554255,-0.0560838606946228,0.075426374406865,-0.185524411313376
0.354722823699258,-2.61526564347348,-5.55006557554255,-0.0823731710009228,0.072605815560865,-0.205214299075276
0.428198184569258,-2.81076911675348,-5.41831308454255,-0.0814666439585228,0.060383406312465,-0.203807875328276
0.501673605044258,-3.17733792054348,-5.55006557554255,-0.119540816991423,0.034998400912925,-0.201698243431876
0.452690031131258,-3.29952768075348,-5.94532257169255,-0.138577907233423,0.019015249640965,-0.196072563342876
0.379214610656258,-3.34840348946348,-6.07707458585255,-0.147643177657423,0.015254507617365,-0.194666147045976
0.232263859113258,-3.61722067582348,-6.73583608717255,-0.197502209692423,-0.004489383815435,-0.184821203164876
0.0853130777672584,-3.66609648453348,-7.26284509748255,-0.218352361469423,-0.010130497782235,-0.179195523075876
-0.159604858855642,-3.71497253167348,-8.05335908979255,-0.253706945925423,-0.017651981829335,-0.164428107254376
-0.355539214114742,-3.73941043603348,-8.44861608595255,-0.271837516575423,-0.017651981829335,-0.160912059061376
-0.526981774965742,-3.76384834038348,-8.84387308206255,-0.281809314041423,-0.016711796789135,-0.156692795269376
-0.673932526508742,-3.86159995782348,-9.10737711046255,-0.282715841084423,-0.007309942661435,-0.155286375247076
-0.820883307854742,-3.93491390931348,-9.23913007826255,-0.278183205872423,0.0077330254328649,-0.153879955224876
-0.918850515286742,-4.03266552674348,-9.63438707446255,-0.275463624744423,0.030297474198346,-0.153879955224876
-0.894358668724742,-4.10597923981348,-9.50263410656255,-0.271837516575423,0.039699327976765,-0.151770327054076
-1.11478481094074,-4.47254828202347,-10.0296440705625,-0.274557097702423,0.067904890359665,-0.146144643239776
-1.18826023141574,-4.69248942124347,-10.4249001130626,-0.275463624744423,0.075426374406865,-0.141222175024576
-1.18826023141574,-4.98574475037347,-10.5566530808625,-0.279089732914423,0.082947854728765,-0.139112543128576
-1.23724386493774,-5.37675169694347,-11.2154141053625,-0.286341949253423,0.074486185641365,-0.138409334980076
-1.18826023141574,-5.76775864350348,-12.0059280976625,-0.299939854889423,0.067904890359665,-0.139112543128576
-1.21275201837274,-5.91438606965347,-12.4011850938625,-0.312631263285423,0.050041367144665,-0.134190073050676
-1.26173565188774,-6.08545140015347,-13.0599461182626,-0.324416114836423,0.048160997064165,-0.130674021132476
-1.38419458667774,-6.20764092194347,-14.1139650925625,-0.346172793655423,0.045340440080765,-0.124345131032276
-1.50665352145774,-6.25651720749347,-14.5092220887626,-0.357051118164423,0.049101182104365,-0.115906609036176
-1.62911257544774,-6.32983092057347,-14.9044781312626,-0.366116418390423,0.062263776392965,-0.109577718004716
-1.62911257544774,-6.35426882493347,-15.2997360810625,-0.368835999517423,0.063203961433165,-0.106061667483436
-1.62911257544774,-6.42758253800347,-15.5632401093625,-0.367022945433423,0.066964705319465,-0.106061667483436
-1.53114530841774,-7.16072014557347,-13.9822121247625,-0.259146108179423,0.045340440080765,-0.124345131032276
-1.48216173449774,-7.30734804856348,-14.9044781312626,-0.316257371454423,0.030297474198346,-0.129267601110176
-1.53114530841774,-7.11184433686347,-14.5092220887626,-0.302659465818423,0.030297474198346,-0.127157971076776
-1.80055508414774,-7.06296852814347,-14.5092220887626,-0.291781111507423,0.033118030366795,-0.113093768991666
