x,y,z,q0,q1,q2,q3
-0.567160487175,-0.157664850354,1.48322308064,0.0595604479313,0.077424697578,0.870164811611,0.482981532812
-0.56681227684,-0.157935485244,1.4834125042,0.0597768165171,0.0780787169933,0.870986044407,0.481366664171
-0.566527843475,-0.158232942224,1.48353564739,0.0603715293109,0.0788063555956,0.871805667877,0.479687154293
-0.56631064415,-0.158198460937,1.48356866837,0.0627099499106,0.0775980204344,0.87211984396,0.479012668133
-0.566386818886,-0.15879663825,1.48371970654,0.064050398767,0.0790667831898,0.872617721558,0.477686405182
-0.566023647785,-0.159009382129,1.48378133774,0.0643748566508,0.079178892076,0.873224258423,0.476514339447
-0.565187513828,-0.159001499414,1.48366427422,0.0636927634478,0.0782177373767,0.874092340469,0.4751714468
-0.564823269844,-0.159100547433,1.48383069038,0.0645012259483,0.0774807929993,0.875215053558,0.473112165928
-0.564610540867,-0.159201323986,1.48392724991,0.0660125240684,0.0776589512825,0.876418232918,0.470640689135
-0.564026832581,-0.159667253494,1.48391532898,0.0654916614294,0.0775242224336,0.876372635365,0.470820635557
-0.564033985138,-0.16033436358,1.48411619663,0.0670340806246,0.0789599567652,0.876707494259,0.469740211964
-0.5632994771,-0.160237044096,1.48402345181,0.0671115741134,0.0777453780174,0.877338409424,0.468752801418
-0.563398301601,-0.160638451576,1.48409819603,0.0692559033632,0.0774683281779,0.878310441971,0.466661483049
-0.562940359116,-0.160395845771,1.48403906822,0.070576518774,0.0765538737178,0.879735589027,0.463922142982
-0.562633574009,-0.160737842321,1.48417448997,0.0716995745897,0.0769690796733,0.879956305027,0.463262081146
-0.56216531992,-0.161467537284,1.48414838314,0.0714145898819,0.0783429518342,0.879160225391,0.464585512877
-0.561834037304,-0.16172978282,1.48434841633,0.0724679604173,0.0783880054951,0.879667699337,0.463452905416
-0.561534523964,-0.161986738443,1.48443067074,0.0735352560878,0.0782748609781,0.880061089993,0.462556242943
-0.561244189739,-0.162566304207,1.48467111588,0.0746873021126,0.0799408331513,0.879689455032,0.46279335022
-0.560913443565,-0.162198752165,1.48468255997,0.0764424875379,0.0768195092678,0.881295025349,0.459972321987
-0.560548067093,-0.162415578961,1.48477637768,0.077328927815,0.0765641853213,0.881537377834,0.459401994944
-0.560268938541,-0.163277372718,1.48492980003,0.077377833426,0.080053396523,0.8809877038,0.459853023291
-0.560057759285,-0.163430809975,1.48501515388,0.0788798704743,0.0800176411867,0.881076097488,0.459434479475
-0.55974316597,-0.163498312235,1.4851129055,0.0803771466017,0.0794225633144,0.881087422371,0.459256440401
-0.559541463852,-0.16358064115,1.48519814014,0.0818585455418,0.0794335156679,0.881544113159,0.45811522007
-0.559077560902,-0.163888350129,1.4852193594,0.08169734478,0.0794179663062,0.881368160248,0.458485096693
-0.559104681015,-0.163938939571,1.4853271246,0.0835060477257,0.0802976936102,0.882137835026,0.45652154088
-0.559353590012,-0.164146214724,1.48549067974,0.0863494053483,0.0807722955942,0.881826937199,0.456509381533
-0.55871373415,-0.163843363523,1.48535776138,0.0863073840737,0.0797977894545,0.882227122784,0.455915272236
-0.558868944645,-0.164214462042,1.48548817635,0.0877916961908,0.0810900256038,0.882347047329,0.455171227455
-0.558716952801,-0.164319381118,1.48551011086,0.0885499566793,0.0818989127874,0.882270395756,0.455028086901
-0.558491766453,-0.164318546653,1.48547255993,0.0889623388648,0.0822696909308,0.882474720478,0.454484134912
-0.557769954205,-0.164007142186,1.48528635502,0.0881794244051,0.0816283151507,0.882653355598,0.454405456781
-0.557570457458,-0.164008200169,1.48523700237,0.0883981958032,0.0821642205119,0.882866084576,0.453852802515
-0.557353496552,-0.164083346725,1.48526191711,0.0883492082357,0.0831865891814,0.882985770702,0.453443050385
-0.557346045971,-0.163923710585,1.48518848419,0.0894066467881,0.0841942727566,0.883607983589,0.451835036278
-0.55701392889,-0.164151549339,1.48509705067,0.0884178131819,0.0850878432393,0.883139133453,0.452777594328
-0.557213842869,-0.164467990398,1.48515379429,0.089211396873,0.0872085765004,0.883270442486,0.451961815357
-0.556500315666,-0.16417978704,1.48497498035,0.087767355144,0.0869624689221,0.883630156517,0.451588362455
-0.556357800961,-0.164200127125,1.48491859436,0.0877619385719,0.0881815701723,0.883916497231,0.450791984797
-0.556172013283,-0.164238929749,1.48480665684,0.0876184329391,0.0894301086664,0.883853554726,0.450697392225
-0.556047558784,-0.164357870817,1.4847124815,0.0874562188983,0.090817078948,0.883805274963,0.450546354055
-0.556202411652,-0.164685383439,1.48479783535,0.0880637466908,0.0928010120988,0.883798778057,0.450036108494
-0.556074678898,-0.16470079124,1.4847048521,0.0881304815412,0.0938303545117,0.88412976265,0.449158906937
-0.555473685265,-0.164477258921,1.48434829712,0.0868702307343,0.0938205495477,0.884389817715,0.448894143105
-0.555636286736,-0.164920151234,1.48448622227,0.0863747224212,0.0975298732519,0.885447978973,0.446104705334
-0.555336236954,-0.16511182487,1.48432981968,0.0854722559452,0.0982406660914,0.885159850121,0.446693629026
-0.555273532867,-0.165216863155,1.48456954956,0.0878868475556,0.0990784242749,0.883856475353,0.44861677289
-0.554806947708,-0.164954811335,1.48397922516,0.087024256587,0.0983773246408,0.884147524834,0.44836589694
-0.554959893227,-0.16541904211,1.48406350613,0.0875337570906,0.10027975589,0.884199440479,0.44774222374
-0.554668664932,-0.165485531092,1.48401796818,0.0865946263075,0.100333698094,0.885287463665,0.445758342743
-0.554322361946,-0.165704637766,1.48421370983,0.0860787406564,0.101172223687,0.885517418385,0.445211946964
-0.553665220737,-0.165547341108,1.48403000832,0.0849590823054,0.100597158074,0.885935783386,0.444724589586
-0.553870499134,-0.165839016438,1.48413646221,0.0863167047501,0.101980745792,0.886436641216,0.443147182465
-0.553553700447,-0.166079312563,1.48403537273,0.0859745442867,0.102531962097,0.886604309082,0.442750990391
-0.553241074085,-0.166497588158,1.48421216011,0.0862334743142,0.10399453342,0.885600090027,0.444366514683
-0.552946329117,-0.166728764772,1.48425042629,0.0862010270357,0.104383066297,0.88574552536,0.443991482258
-0.552587509155,-0.166928991675,1.48426198959,0.0849570631981,0.104553945363,0.887188136578,0.441302508116
-0.551849663258,-0.166847974062,1.48408186436,0.0852872803807,0.103673279285,0.886283278465,0.443260610104
-0.551464319229,-0.167048722506,1.48427534103,0.0853987783194,0.103874623775,0.886524796486,0.442708671093
-0.550674200058,-0.167646095157,1.48415613174,0.0830569267273,0.103810749948,0.885314583778,0.445581644773
-0.550388276577,-0.167766362429,1.483689785,0.0832954123616,0.103492505848,0.885488390923,0.445265650749
-0.549788355827,-0.168034955859,1.48380208015,0.0823132246733,0.103273198009,0.886473715305,0.443535327911
-0.549750804901,-0.167886257172,1.48377418518,0.0847682803869,0.103389136493,0.88756364584,0.440858244896
-0.549443423748,-0.168271288276,1.48364543915,0.0857731476426,0.104452095926,0.886544108391,0.442461550236
-0.549327015877,-0.168945848942,1.48385107517,0.0854521915317,0.105982579291,0.887559473515,0.440118044615
-0.548407137394,-0.168751776218,1.48392617702,0.085509262979,0.104675583541,0.887487530708,0.44056469202
-0.547983586788,-0.169230744243,1.48374855518,0.0864569619298,0.105731360614,0.88628923893,0.442535251379
-0.547379851341,-0.169377937913,1.48369169235,0.0860141664743,0.105363987386,0.887004256248,0.441274702549
-0.546830832958,-0.170083329082,1.48368453979,0.0850287526846,0.106642022729,0.88668179512,0.441806674004
-0.546119093895,-0.170442804694,1.48363101482,0.0851702466607,0.106399819255,0.885299026966,0.444601923227
-0.545983970165,-0.170449092984,1.48349368572,0.0877247452736,0.10696207732,0.886004030704,0.442561209202
-0.5455904603,-0.171541020274,1.48333597183,0.0879953205585,0.108740366995,0.883339881897,0.447373628616
-0.544603586197,-0.17152133584,1.48318552971,0.0866321325302,0.108021594584,0.884502470493,0.445512652397
-0.543884694576,-0.171411335468,1.48351323605,0.0889197736979,0.108114518225,0.884690582752,0.444665282965
-0.543799877167,-0.17197085917,1.48355281353,0.091452807188,0.109967038035,0.882757663727,0.447529375553
-0.543011426926,-0.172441631556,1.48338317871,0.0903005823493,0.110157415271,0.883236885071,0.446770429611
-0.54241758585,-0.172615632415,1.48327815533,0.0921242758632,0.109855569899,0.882215559483,0.448486983776
-0.541721999645,-0.17303070426,1.48313832283,0.0920382887125,0.110650785267,0.881940662861,0.448849618435
-0.541711032391,-0.173499435186,1.48314702511,0.0963651239872,0.112285457551,0.880129754543,0.451084792614
-0.5407589674,-0.173455536366,1.48294591904,0.0963866710663,0.111453734338,0.880314946175,0.450925052166
-0.540228843689,-0.173817157745,1.48273003101,0.0985298231244,0.112457841635,0.878390789032,0.453954607248
-0.53960776329,-0.174413457513,1.4827491045,0.0993356853724,0.113390058279,0.877175271511,0.455893337727
-0.539140224457,-0.1747045964,1.48267233372,0.101250857115,0.114059388638,0.87612259388,0.457326889038
-0.538700819016,-0.174929901958,1.48247098923,0.103339925408,0.114412970841,0.874940097332,0.459031879902
-0.53763115406,-0.175237551332,1.48222196102,0.102935858071,0.114074341953,0.873600721359,0.461750090122
-0.537963688374,-0.17536392808,1.48232400417,0.105935536325,0.115934289992,0.875055909157,0.45783624053
-0.537648499012,-0.176086813211,1.48238670826,0.108818545938,0.117193154991,0.87177926302,0.463060736656
-0.537084460258,-0.176348239183,1.4822883606,0.108057960868,0.117318809032,0.871838867664,0.463094770908
-0.536979079247,-0.176301822066,1.48194527626,0.110822290182,0.117145009339,0.871126413345,0.463825762272
-0.537118196487,-0.176870822906,1.48215293884,0.115637771785,0.118614919484,0.867752790451,0.468576043844
-0.536624312401,-0.176781207323,1.48210012913,0.114663608372,0.117979481816,0.869450628757,0.465820491314
-0.537209689617,-0.177532836795,1.4822306633,0.119902469218,0.119878821075,0.865683138371,0.471004426479
-0.536004424095,-0.177585586905,1.48192918301,0.115065813065,0.117833077908,0.866248905659,0.471686512232
-0.536148667336,-0.177955061197,1.48203825951,0.11845561862,0.1183905527,0.863286316395,0.476118355989
-0.53608584404,-0.178161650896,1.48210883141,0.11947555095,0.118308112025,0.862276136875,0.477711975574
-0.535978555679,-0.17799565196,1.48204350471,0.119598262012,0.116917803884,0.862831890583,0.477019578218
-0.535846114159,-0.178114533424,1.48203361034,0.119330950081,0.1169885993,0.86224848032,0.478122770786
-0.535878658295,-0.178339496255,1.48223161697,0.120120674372,0.117103032768,0.861133694649,0.479902714491
-0.536305963993,-0.178094044328,1.48223781586,0.122879713774,0.11671679467,0.861302435398,0.478994578123
-0.536399304867,-0.178177908063,1.48229408264,0.123512275517,0.116059541702,0.860622823238,0.480211675167
-0.536462843418,-0.178303331137,1.48245561123,0.123909518123,0.115575805306,0.859839856625,0.481626451015
-0.536351978779,-0.178528428078,1.48243308067,0.122916981578,0.114569053054,0.858751893044,0.484056532383
-0.536852300167,-0.179154127836,1.48258900642,0.124378807843,0.114183470607,0.857116043568,0.486666440964
-0.536606609821,-0.178994134068,1.48245823383,0.123011954129,0.112906187773,0.8572909832,0.487003535032
-0.536867856979,-0.179147437215,1.48244702816,0.123362764716,0.112274944782,0.856889307499,0.487767159939
-0.537141919136,-0.179192483425,1.48238825798,0.123846508563,0.11114204675,0.856588125229,0.488432645798
-0.537434756756,-0.179185286164,1.48244762421,0.124379895627,0.109773337841,0.856683731079,0.488438755274
-0.537934660912,-0.179247558117,1.48250007629,0.126082926989,0.108663037419,0.856061518192,0.489340424538
-0.538283705711,-0.179330423474,1.48260235786,0.12674947083,0.107550032437,0.85607278347,0.489394515753
-0.538683116436,-0.179369211197,1.48260986805,0.127390980721,0.106758125126,0.856103241444,0.489347964525
-0.539046406746,-0.179417669773,1.4826259613,0.127615094185,0.105693377554,0.856233596802,0.489292740822
-0.539513111115,-0.179400727153,1.48258149624,0.128208383918,0.10434217751,0.856321811676,0.489273250103
-0.540224194527,-0.178992986679,1.48271203041,0.131004616618,0.103600755334,0.858074724674,0.48560538888
-0.540296316147,-0.179588064551,1.48256480694,0.128377720714,0.10268522054,0.856498539448,0.489270150661
-0.540828108788,-0.179598897696,1.48259186745,0.128960907459,0.101718910038,0.856566309929,0.489199876785
-0.541091501713,-0.179815039039,1.48250722885,0.127666682005,0.100727930665,0.85565084219,0.4913418293
-0.541668355465,-0.179594144225,1.48254513741,0.128909796476,0.099799208343,0.856842458248,0.489125072956
-0.542106986046,-0.179806917906,1.48250341415,0.128020748496,0.0991939529777,0.85587978363,0.491162985563
-0.542491018772,-0.179732635617,1.48243105412,0.127649247646,0.097854167223,0.855848610401,0.49158257246
-0.543167352676,-0.179397523403,1.48247659206,0.128929063678,0.0970518141985,0.857053458691,0.489303231239
-0.544069588184,-0.179064154625,1.48257744312,0.131126120687,0.0967992991209,0.858079195023,0.48696616292
-0.544530332088,-0.179041042924,1.4825552702,0.130669206381,0.096088796854,0.858200848103,0.487015217543
-0.545059800148,-0.179000690579,1.48264491558,0.13066676259,0.0954533666372,0.858225524426,0.487097233534
-0.545612335205,-0.178923606873,1.48264026642,0.130794033408,0.0950196832418,0.859219491482,0.485392898321
-0.546030521393,-0.179077610373,1.48265635967,0.129551380873,0.0947556719184,0.858278155327,0.487438678741
-0.546628534794,-0.179070234299,1.48275494576,0.129475146532,0.0946511104703,0.858326077461,0.487394928932
-0.547050654888,-0.179088309407,1.48277330399,0.128603458405,0.0943043828011,0.858283519745,0.487767726183
-0.54800838232,-0.179239794612,1.48296499252,0.12942995131,0.0947876870632,0.85804772377,0.487870424986
-0.547720313072,-0.1791587919,1.48275411129,0.125964984298,0.0924680680037,0.856051743031,0.492704749107
-0.548612117767,-0.178735539317,1.48293316364,0.127754688263,0.0927494168282,0.858226418495,0.488388985395
-0.549142301083,-0.178749531507,1.48303163052,0.127282217145,0.0928454399109,0.858179628849,0.488576412201
-0.549603223801,-0.178668409586,1.48308444023,0.126683369279,0.09244813025,0.858461380005,0.488312184811
-0.550045907497,-0.178606420755,1.48305475712,0.125994697213,0.0920289084315,0.858176112175,0.489070355892
-0.55047249794,-0.17841501534,1.48328256607,0.126118704677,0.0912788212299,0.857871353626,0.489713311195
-0.550870120525,-0.178260430694,1.48328769207,0.125387787819,0.0906523838639,0.858184874058,0.489467829466
-0.551264584064,-0.178156390786,1.48337388039,0.124853953719,0.0903424993157,0.858130991459,0.489755988121
-0.551671802998,-0.178139448166,1.48356378078,0.124198287725,0.0904826819897,0.858368515968,0.489480465651
-0.552075445652,-0.178108885884,1.48366224766,0.123493716121,0.0902980640531,0.858679115772,0.489148139954
-0.552364647388,-0.178067043424,1.48365676403,0.122600145638,0.0900331735611,0.858617782593,0.489529281855
-0.552752912045,-0.177874863148,1.48370432854,0.122276857495,0.089488312602,0.858946859837,0.489132523537
-0.553149998188,-0.177704781294,1.48382043839,0.122018203139,0.0892665013671,0.859407365322,0.488428145647
-0.553469538689,-0.177740320563,1.48400890827,0.121329881251,0.0896125435829,0.859455823898,0.488451123238
-0.553846478462,-0.177598401904,1.4839912653,0.120989248157,0.0894139409065,0.859782159328,0.487997472286
-0.554148495197,-0.177468270063,1.48401033878,0.120509922504,0.0890480428934,0.860300064087,0.487269699574
-0.554444909096,-0.177411049604,1.484120965,0.12023807317,0.0890874937177,0.860524713993,0.486932605505
-0.554823875427,-0.177325934172,1.48413300514,0.120155625045,0.089099265635,0.860837161541,0.486398518085
-0.555052399635,-0.177244782448,1.48404467106,0.119285300374,0.0888088196516,0.861404895782,0.485659956932
-0.555219233036,-0.177198797464,1.48412466049,0.118661291897,0.0888063982129,0.861806213856,0.48510107398
-0.555442512035,-0.177203223109,1.48411083221,0.118155576289,0.0889540836215,0.862184107304,0.484525471926
-0.556074559689,-0.177459657192,1.48424780369,0.11862911284,0.089893206954,0.862576007843,0.483538091183
-0.555895388126,-0.177134037018,1.48417842388,0.117349252105,0.0887202546,0.863414645195,0.48256918788
-0.556070029736,-0.177076280117,1.484167099,0.116967797279,0.088706150651,0.863938987255,0.481725335121
-0.556214511395,-0.177089750767,1.48423027992,0.116501003504,0.0887773856521,0.864483237267,0.480848163366
-0.556424677372,-0.177037701011,1.48421025276,0.11625085026,0.0886432006955,0.865128397942,0.479771852493
-0.5564879179,-0.177173987031,1.48417568207,0.114926733077,0.0889578834176,0.866250157356,0.478005290031
-0.556535065174,-0.176982164383,1.48413598537,0.115083575249,0.0879910960793,0.866384148598,0.477903544903
-0.556653380394,-0.176896467805,1.48415219784,0.115085490048,0.0878469794989,0.867056012154,0.476709932089
-0.556653261185,-0.176869541407,1.48418915272,0.114481076598,0.0873873159289,0.867551147938,0.476038515568
-0.557187438011,-0.177178323269,1.48425710201,0.115180119872,0.0884950086474,0.867804706097,0.475202172995
-0.556892096996,-0.176823303103,1.48409581184,0.114167436957,0.0871663838625,0.868622720242,0.47419655323
-0.556783914566,-0.17699432373,1.48402476311,0.113025769591,0.0871909037232,0.868548750877,0.47460091114
-0.556802332401,-0.176988258958,1.48394107819,0.112809933722,0.0870576947927,0.868967354298,0.473910033703
-0.556780695915,-0.176888182759,1.48391568661,0.112710945308,0.0866149291396,0.869469642639,0.473092764616
-0.556789636612,-0.176911443472,1.48393583298,0.112706288695,0.0868455767632,0.870024561882,0.472029983997
-0.556760728359,-0.176889762282,1.48392570019,0.112505853176,0.086718685925,0.870540857315,0.471148759127
-0.556703090668,-0.176863729954,1.48391497135,0.112363390625,0.0866116285324,0.870932281017,0.470478385687
-0.556822896004,-0.17664578557,1.48392903805,0.113268837333,0.08660479635,0.871848106384,0.468562364578
-0.556819796562,-0.176585227251,1.48390257359,0.113413028419,0.0865654721856,0.872207701206,0.467865109444
-0.556753754616,-0.176599800587,1.48393774033,0.113360986114,0.0866617783904,0.872439622879,0.467427223921
-0.55671107769,-0.176513761282,1.48370170593,0.113372422755,0.0864287391305,0.872667968273,0.467041224241
-0.556611299515,-0.176463648677,1.48367261887,0.113374873996,0.0863653942943,0.872880876064,0.466654211283
-0.556497216225,-0.176412478089,1.48363900185,0.113399654627,0.0863403975964,0.873038172722,0.46635851264
-0.556394934654,-0.176397100091,1.48367142677,0.113510757685,0.086509168148,0.873163461685,0.466065526009
-0.556307971478,-0.176310658455,1.48353004456,0.113724216819,0.0864267647266,0.873274028301,0.465821743011
-0.556217610836,-0.176244094968,1.48348975182,0.114067405462,0.0866492688656,0.873427152634,0.465409129858
-0.556416511536,-0.176508426666,1.48354697227,0.11498440057,0.0877996608615,0.873268425465,0.46526569128
-0.556320428848,-0.176510244608,1.48352193832,0.115267835557,0.0881974324584,0.873190224171,0.465267270803
-0.555295705795,-0.17602352798,1.48323464394,0.113427661359,0.086587972939,0.873522043228,0.465398639441
-0.555609285831,-0.176123455167,1.48336422443,0.11491151154,0.0878600403666,0.873122632504,0.465545743704
-0.555483579636,-0.176116839051,1.48335170746,0.115157984197,0.088401183486,0.872996687889,0.465618669987
-0.555431187153,-0.175957888365,1.48332178593,0.116087123752,0.0885968506336,0.873083889484,0.465187042952
-0.555245816708,-0.176693633199,1.4833509922,0.11431965977,0.0906100869179,0.872045040131,0.467181175947
-0.554603636265,-0.176210731268,1.48319876194,0.114339873195,0.0895639061928,0.871491670609,0.468409001827
-0.554667949677,-0.176049336791,1.4832983017,0.115960903466,0.090449154377,0.871773481369,0.467314630747
-0.554491817951,-0.176015198231,1.48326909542,0.116259507835,0.0909728705883,0.871664881706,0.467341661453
-0.554401814938,-0.175915330648,1.48326635361,0.117050863802,0.0915519297123,0.871748268604,0.466875076294
-0.55454659462,-0.176158368587,1.48335838318,0.118231721222,0.0931778773665,0.8711348176,0.467400789261
-0.55387622118,-0.175860121846,1.48323512077,0.117491647601,0.0929201021791,0.870969355106,0.467946588993
-0.553704619408,-0.175814554095,1.48317706585,0.117897450924,0.0935442745686,0.870708882809,0.46820500493
-0.553931355476,-0.176251098514,1.48328018188,0.118490517139,0.0958965718746,0.870657265186,0.467674940825
-0.553526997566,-0.175521075726,1.48309218884,0.119829498231,0.0948164761066,0.87086468935,0.467167437077
-0.553276896477,-0.175442799926,1.48298621178,0.120019495487,0.0952803045511,0.870598435402,0.467520445585
-0.55297088623,-0.175765782595,1.48288834095,0.118857890368,0.0966093465686,0.870103418827,0.468464940786
-0.552677571774,-0.175885751843,1.48274755478,0.118199102581,0.097054451704,0.869437754154,0.469773620367
-0.552526414394,-0.175845548511,1.48264181614,0.118657268584,0.0976318344474,0.869108378887,0.470147907734
-0.552562117577,-0.17560505867,1.48273515701,0.120374053717,0.0982729047537,0.869661033154,0.468553453684
-0.552407681942,-0.175538182259,1.48254323006,0.120681963861,0.098636880517,0.869439303875,0.468809038401
-0.552272975445,-0.17555449903,1.48248016834,0.120956078172,0.0993084684014,0.869203448296,0.469034165144
-0.552176594734,-0.175620943308,1.482437253,0.121342271566,0.100138917565,0.868779540062,0.469542503357
-0.552065968513,-0.175592124462,1.48236060143,0.121649771929,0.100440047681,0.868670403957,0.469600766897
-0.55192643404,-0.175534367561,1.48229122162,0.121932946146,0.100628629327,0.86871868372,0.46939766407
-0.551848769188,-0.175524398685,1.48222720623,0.122229635715,0.10087877512,0.868594229221,0.469497144222
-0.551759660244,-0.175597637892,1.48232555389,0.122473150492,0.101441837847,0.868472278118,0.469537764788
-0.551851868629,-0.175332337618,1.48216295242,0.123738765717,0.101415529847,0.868936896324,0.468350797892
-0.551810801029,-0.175334081054,1.48206400871,0.124071441591,0.101616695523,0.868627548218,0.468792647123
-0.551746606827,-0.175333946943,1.4819984436,0.12423080951,0.101719044149,0.86854583025,0.468879520893
-0.551707625389,-0.175320863724,1.48194766045,0.124545134604,0.101676821709,0.868431150913,0.469017773867
-0.551680982113,-0.175375431776,1.48199605942,0.124749220908,0.10197391361,0.86824631691,0.469241261482
-0.55167722702,-0.175396069884,1.48193585873,0.124927192926,0.102053649724,0.868146538734,0.469361305237
-0.551619529724,-0.175378918648,1.48179018497,0.124920934439,0.101859018207,0.868068218231,0.469549894333
-0.551593899727,-0.175431340933,1.48173165321,0.124831624329,0.101869933307,0.867885351181,0.469909310341
-0.551612615585,-0.175449594855,1.48171555996,0.124981969595,0.101925775409,0.867786288261,0.470039993525
-0.551635563374,-0.17548006773,1.48169183731,0.125087812543,0.101957455277,0.867644131184,0.470267385244
-0.551686346531,-0.175501152873,1.48166894913,0.125282242894,0.101962864399,0.867500841618,0.470478773117
-0.551700294018,-0.175550058484,1.48168802261,0.125254541636,0.102005280554,0.8673350811,0.470782548189
-0.551784276962,-0.175587669015,1.48172152042,0.125436514616,0.102127447724,0.867141485214,0.471064031124
-0.551730215549,-0.175773978233,1.48162639141,0.124739490449,0.102045506239,0.866436958313,0.472560942173
-0.551802277565,-0.175795793533,1.48159468174,0.12482252717,0.102010577917,0.866286337376,0.472822755575
-0.551857471466,-0.175849020481,1.48161792755,0.124806143343,0.102052897215,0.866080105305,0.473195403814
-0.551917850971,-0.175895601511,1.4816211462,0.12478107214,0.102041102946,0.865918457508,0.473500192165
-0.552048265934,-0.17595680058,1.48173666,0.124936558306,0.102270103991,0.865715444088,0.473781079054
-0.552095472813,-0.176017984748,1.48171770573,0.124740302563,0.102228693664,0.865521132946,0.474196583033
-0.552300095558,-0.175900906324,1.48175096512,0.125537633896,0.10227201879,0.865829646587,0.473412871361
-0.552379310131,-0.175952732563,1.4817404747,0.12543040514,0.10224724561,0.865660190582,0.473756581545
-0.552545249462,-0.176047220826,1.48172473907,0.125518321991,0.102360270917,0.865445137024,0.474101662636
-0.552618503571,-0.17618188262,1.48186969757,0.125186547637,0.102578379214,0.865119576454,0.474735856056
-0.552762746811,-0.176239773631,1.48187828064,0.125247821212,0.102558836341,0.864986479282,0.474966496229
-0.552865028381,-0.176324933767,1.4819008112,0.125172033906,0.102545574307,0.864823043346,0.475286900997
-0.552986860275,-0.17633767426,1.48182225227,0.125153571367,0.102252312005,0.864735007286,0.475515037775
-0.553132593632,-0.176391631365,1.48173236847,0.125112518668,0.10205078125,0.864628732204,0.475762307644
-0.553257107735,-0.176449820399,1.48173964024,0.125169530511,0.10180477798,0.864482522011,0.476065635681
-0.55335599184,-0.176456391811,1.48174893856,0.125015214086,0.101293958724,0.864648163319,0.475914239883
-0.553422093391,-0.176507860422,1.48175084591,0.124758422375,0.10098246485,0.864593088627,0.476147800684
-0.553510904312,-0.17654389143,1.48174905777,0.124626263976,0.100719675422,0.864483118057,0.476437658072
-0.553441822529,-0.176865801215,1.48174655437,0.123322173953,0.100525505841,0.863675475121,0.47827911377
-0.553488433361,-0.176969885826,1.48200774193,0.123131468892,0.100453302264,0.863569796085,0.478534281254
-0.553492486477,-0.177000954747,1.48182296753,0.122687965631,0.0997434258461,0.863340258598,0.479210287333
-0.553612589836,-0.177166312933,1.48199796677,0.122637070715,0.0996944382787,0.863160908222,0.479556411505
-0.553684651852,-0.177198782563,1.48196947575,0.122468657792,0.099314764142,0.86294567585,0.480065435171
-0.553756833076,-0.177208632231,1.48183166981,0.122353263199,0.0988103821874,0.862687349319,0.480662792921
-0.553903877735,-0.177129402757,1.48190367222,0.122907541692,0.0985478833318,0.862980246544,0.480049043894
-0.553931415081,-0.17716960609,1.48185944557,0.122651465237,0.0981434434652,0.862625539303,0.480834454298
-0.554306209087,-0.177550464869,1.48205602169,0.123271331191,0.0988680496812,0.862320780754,0.481074154377
-0.554278850555,-0.177578106523,1.48201024532,0.122332654893,0.0988883376122,0.862393736839,0.481178760529
-0.554156124592,-0.177275761962,1.48193526268,0.122988477349,0.0971319377422,0.861968636513,0.482130110264
-0.554246544838,-0.177286192775,1.48193705082,0.123161174357,0.0967046916485,0.861736357212,0.482586890459
-0.554323792458,-0.177288785577,1.48195827007,0.123316802084,0.0963826924562,0.861489593983,0.483051925898
-0.554358541965,-0.177266925573,1.48195898533,0.123365983367,0.0958108231425,0.861360967159,0.483382105827
-0.554411292076,-0.177287951112,1.48198020458,0.123417124152,0.0955664217472,0.861149132252,0.483794718981
-0.554503083229,-0.177283734083,1.48201131821,0.123457886279,0.095277108252,0.861143350601,0.483851999044
-0.55460947752,-0.177212134004,1.48192131519,0.12367528677,0.0948881283402,0.860925495625,0.48426041007
-0.55456507206,-0.177440866828,1.48188698292,0.122747220099,0.0946738570929,0.860096037388,0.486009180546
-0.554645597935,-0.177407443523,1.48188376427,0.122796028852,0.0944112837315,0.85990101099,0.486392647028
-0.55469506979,-0.177414238453,1.48188400269,0.122721292078,0.0941509380937,0.859789729118,0.486658751965
-0.554748058319,-0.177355691791,1.48187947273,0.122626885772,0.0937942415476,0.85963511467,0.487024396658
-0.554923653603,-0.177092775702,1.48191583157,0.123732887208,0.0935200229287,0.860681951046,0.484944105148
-0.554974079132,-0.177093029022,1.48195791245,0.123312674463,0.0931571274996,0.860055446625,0.486230790615
-0.555010855198,-0.17704719305,1.48195135593,0.123116925359,0.0927989631891,0.860008716583,0.486431568861
-0.555003225803,-0.177026227117,1.48191642761,0.122625149786,0.0923845693469,0.859877049923,0.48686721921
-0.55514973402,-0.177006781101,1.48195385933,0.122672021389,0.0923121795058,0.859875738621,0.486871540546
-0.555192828178,-0.176928058267,1.48196184635,0.122493803501,0.0919357016683,0.85987508297,0.486988604069
-0.555278301239,-0.176800191402,1.48195719719,0.122455343604,0.0915679112077,0.859853863716,0.487105339766
-0.554972112179,-0.177096754313,1.48183584213,0.119982004166,0.0911149606109,0.858689308167,0.489852160215
-0.55530756712,-0.176674902439,1.48189938068,0.121650665998,0.0908903554082,0.859583795071,0.487909585238
-0.555360972881,-0.176625773311,1.48193085194,0.121416121721,0.0907610803843,0.85952103138,0.488102734089
-0.5549929142,-0.176987573504,1.48178708553,0.11821847409,0.0902538150549,0.857587337494,0.49236446619
-0.555500626564,-0.176369830966,1.48189008236,0.121104799211,0.0901506394148,0.859672009945,0.488027274609
-0.55556845665,-0.17626491189,1.48186981678,0.120981484652,0.0899663865566,0.859697043896,0.488047748804
-0.555637300014,-0.176146954298,1.4818136692,0.120813250542,0.0897945314646,0.859734296799,0.488055557013
-0.55569845438,-0.176014840603,1.48175442219,0.120677143335,0.0895721688867,0.859787225723,0.488036811352
-0.555703103542,-0.175915703177,1.48173773289,0.120177656412,0.0895187333226,0.859904408455,0.487963527441
-0.55573785305,-0.175810739398,1.48176062107,0.119924910367,0.0893950909376,0.859949171543,0.487969249487
-0.555827617645,-0.175675347447,1.48175418377,0.119724571705,0.0893315598369,0.860116064548,0.487736016512
-0.555862426758,-0.175517380238,1.48169457912,0.119477905333,0.0890785157681,0.860139429569,0.487801492214
-0.555978059769,-0.17528437078,1.48174917698,0.120037257671,0.0885140225291,0.859806597233,0.488353341818
-0.555910110474,-0.175484344363,1.48169434071,0.118311904371,0.0889851972461,0.859530687332,0.489173799753
-0.555918097496,-0.175219118595,1.48162901402,0.118439629674,0.0880584344268,0.859110295773,0.490048229694
-0.556029379368,-0.175049141049,1.48165524006,0.118395872414,0.087916597724,0.859132409096,0.490045577288
-0.556064665318,-0.174901455641,1.48165404797,0.11816432327,0.0877260267735,0.859161138535,0.490085273981
-0.555857002735,-0.175076156855,1.48162996769,0.116397805512,0.0875231698155,0.858909606934,0.490984231234
-0.555922865868,-0.175117313862,1.48170399666,0.115480430424,0.0883045420051,0.859350085258,0.490289777517
-0.555989861488,-0.174995869398,1.48172831535,0.115223906934,0.0882899463177,0.859388947487,0.490284711123
-0.556100726128,-0.174865156412,1.48179483414,0.115121372044,0.0883487910032,0.859471976757,0.490152657032
-0.556174337864,-0.174743503332,1.48186922073,0.115000486374,0.0883591771126,0.85950165987,0.490127265453
-0.556264400482,-0.174617931247,1.48187410831,0.114895455539,0.0883044824004,0.859466195107,0.490223824978
-0.55633020401,-0.174464613199,1.48182725906,0.114754319191,0.0881446897984,0.859439969063,0.490331411362
-0.556422293186,-0.17435438931,1.48184251785,0.114599123597,0.0881116986275,0.859324038029,0.49057674408
-0.556703448296,-0.174053177238,1.48187339306,0.115639135242,0.0880819559097,0.859708487988,0.489663660526
-0.556869328022,-0.173902094364,1.48188316822,0.11566966027,0.0879659056664,0.859664857388,0.489754080772
-0.556659817696,-0.174079045653,1.48182320595,0.113667815924,0.0879173129797,0.859094321728,0.491230219603
-0.557016074657,-0.174103230238,1.4819278717,0.114533931017,0.0880076661706,0.858676791191,0.491742759943
-0.556722760201,-0.173709660769,1.48181295395,0.113393396139,0.0868724659085,0.85882204771,0.491955280304
-0.556797921658,-0.173679247499,1.48186159134,0.113065935671,0.0869191065431,0.858882904053,0.491916000843
-0.557106971741,-0.173390224576,1.48195374012,0.114058032632,0.0868740528822,0.859479367733,0.490651667118
-0.557130217552,-0.173314422369,1.48186278343,0.113697849214,0.0866324454546,0.859457969666,0.490815162659
-0.557234406471,-0.173397108912,1.48186802864,0.113081000745,0.0872153863311,0.859643101692,0.490530371666
-0.557327270508,-0.173289269209,1.48186790943,0.113053202629,0.087191671133,0.859534084797,0.490731775761
-0.557424843311,-0.173236399889,1.48186826706,0.113070718944,0.087179876864,0.859368264675,0.491020321846
-0.557585895061,-0.172873228788,1.4819201231,0.114364773035,0.0865453705192,0.859441637993,0.490704327822
-0.557711839676,-0.172922611237,1.48177576065,0.113940544426,0.0870042964816,0.859530508518,0.49056610465
-0.55778169632,-0.17292432487,1.48189628124,0.114017218351,0.0871799141169,0.859323382378,0.490879833698
-0.557880520821,-0.172749891877,1.4818969965,0.114796586335,0.0865652412176,0.858779430389,0.491758108139
-0.557951331139,-0.172924980521,1.48184788227,0.114130146801,0.0872134566307,0.858583331108,0.492141157389
-0.558094441891,-0.172776550055,1.48186695576,0.115085467696,0.0865881294012,0.857994437218,0.493055194616
-0.558213174343,-0.172745659947,1.4817186594,0.115344107151,0.0864460915327,0.857675969601,0.493573576212
-0.558336734772,-0.17273363471,1.48169648647,0.115697689354,0.0864439457655,0.857261836529,0.494210124016
-0.558452486992,-0.172763004899,1.48168134689,0.115963876247,0.0865123867989,0.856849908829,0.494849711657
-0.558571279049,-0.172701686621,1.4816224575,0.116351224482,0.086334079504,0.856379985809,0.495602875948
-0.558643698692,-0.172701463103,1.48158192635,0.116563357413,0.0861683040857,0.855888783932,0.496429771185
-0.558711946011,-0.172750711441,1.48165988922,0.116915166378,0.0861133560538,0.855238616467,0.497476011515
-0.558872520924,-0.172904029489,1.48163866997,0.116752840579,0.0866172611713,0.85503590107,0.497774779797
-0.559036254883,-0.17290148139,1.48161971569,0.117656946182,0.0866719186306,0.855126202106,0.497397392988
-0.558816194534,-0.173534587026,1.48144650459,0.114811651409,0.0863869637251,0.851888239384,0.503629088402
-0.558995783329,-0.17356672883,1.48142707348,0.115415401757,0.086377568543,0.85141825676,0.504286885262
-0.559435009956,-0.173347309232,1.48145759106,0.117602400482,0.0863986089826,0.851575493813,0.503511786461
-0.559582471848,-0.173377722502,1.48147082329,0.118341781199,0.0863677859306,0.851604938507,0.503294050694
-0.559491276741,-0.173687458038,1.48136484623,0.117005445063,0.0859244540334,0.849701285362,0.506887197495
-0.560256838799,-0.173349261284,1.48155522346,0.120856180787,0.0862565785646,0.850918292999,0.503876686096
-0.560432434082,-0.173373267055,1.48153102398,0.12144973129,0.0861244052649,0.850251078606,0.50488191843
-0.560669779778,-0.173443928361,1.48159646988,0.122238665819,0.0862260088325,0.849531292915,0.505884885788
-0.560120165348,-0.173751875758,1.48137640953,0.119592778385,0.0845813378692,0.846254527569,0.512246906757
-0.560876250267,-0.173292726278,1.4814428091,0.123766832054,0.0853438079357,0.848847091198,0.506810545921
-0.561063349247,-0.173286706209,1.48145866394,0.124333336949,0.0845592916012,0.846540808678,0.51064646244
-0.560748457909,-0.17406514287,1.48130428791,0.120928645134,0.0847183912992,0.844161510468,0.515354692936
-0.560928225517,-0.17410954833,1.4812732935,0.121380373836,0.0844385176897,0.843461453915,0.516439497471
-0.561119675636,-0.174052834511,1.48119425774,0.122058436275,0.0838405862451,0.842824935913,0.51741540432
-0.561271190643,-0.174163177609,1.48126137257,0.122445344925,0.0837023407221,0.842070758343,0.518573045731
-0.561360299587,-0.174318805337,1.48136544228,0.122374340892,0.0836310312152,0.841029882431,0.520287573338
-0.561521410942,-0.17438493669,1.48152983189,0.12303583324,0.0834913775325,0.840150713921,0.521572768688
-0.561632156372,-0.174335449934,1.48144435883,0.123169735074,0.0830506831408,0.839247643948,0.523063361645
-0.561816394329,-0.174496471882,1.48142552376,0.123791895807,0.08319889009,0.838348805904,0.524332761765
-0.562029898167,-0.174675583839,1.48157131672,0.124386787415,0.0835371538997,0.837485909462,0.525515794754
-0.562156975269,-0.174530148506,1.48144626617,0.125154972076,0.0825314819813,0.836378872395,0.527252674103
-0.562390327454,-0.174718737602,1.48150622845,0.125313684344,0.0831486806273,0.83587872982,0.527910649776
-0.562499284744,-0.174539417028,1.48153030872,0.126286059618,0.0821168720722,0.834984958172,0.529253005981
-0.562737166882,-0.17466135323,1.48155522346,0.126613765955,0.0824403017759,0.83445930481,0.529953241348
-0.562774956226,-0.174710512161,1.48153018951,0.12610039115,0.0825642421842,0.834182560444,0.5304915905
-0.562884807587,-0.174824088812,1.48156130314,0.126025885344,0.0825082287192,0.833124816418,0.532177627087
-0.563049077988,-0.17482277751,1.48161649704,0.126559078693,0.0824278369546,0.832421600819,0.533162951469
-0.563180148602,-0.174879521132,1.4816583395,0.126933500171,0.0824134349823,0.831646382809,0.534284770489
-0.563378214836,-0.174964398146,1.48169696331,0.127734586596,0.0826083794236,0.830493807793,0.5358543396
-0.563473105431,-0.1749702245,1.48174536228,0.128103017807,0.0825666412711,0.829693138599,0.537011802197
-0.563667058945,-0.174963772297,1.48172879219,0.12874160707,0.0825340524316,0.82887417078,0.538127779961
-0.563702046871,-0.174176946282,1.48168337345,0.131051763892,0.0787157714367,0.828204810619,0.539171755314
-0.56385654211,-0.174142301083,1.4817057848,0.131762474775,0.078712515533,0.827389597893,0.540249288082
-0.56433904171,-0.17434887588,1.48182117939,0.133284181356,0.0796536132693,0.826157510281,0.541621983051
-0.564534842968,-0.174348697066,1.48188138008,0.134087786078,0.0797876417637,0.825239658356,0.542802035809
-0.564666450024,-0.174263611436,1.48203778267,0.135207563639,0.0796048566699,0.824221372604,0.544096529484
-0.564470291138,-0.174035310745,1.48193132877,0.135034784675,0.0791819393635,0.823255300522,0.545661568642
-0.564546823502,-0.174010381103,1.48190450668,0.135584712029,0.079141266644,0.822282969952,0.546995580196
-0.564817607403,-0.174226224422,1.48191392422,0.136170193553,0.0804934054613,0.821172952652,0.548318743706
-0.564761698246,-0.173895969987,1.48196792603,0.136836126447,0.0792531147599,0.820354282856,0.549557805061
-0.56483912468,-0.173990011215,1.48217654228,0.137140437961,0.0798089578748,0.819295465946,0.550979137421
-0.564985990524,-0.173874035478,1.48184227943,0.137915253639,0.0796136260033,0.818109750748,0.552573621273
-0.565516829491,-0.174454748631,1.48204445839,0.138889893889,0.0830369666219,0.816584229469,0.55408012867
-0.565846383572,-0.174161761999,1.48207497597,0.140967234969,0.0830742269754,0.816374719143,0.5538585186
-0.565670609474,-0.174243286252,1.48201191425,0.14006061852,0.082869976759,0.815008103848,0.556127011776
-0.565704703331,-0.174227565527,1.48215413094,0.140348628163,0.0830128714442,0.814125239849,0.557325005531
-0.565793037415,-0.174068510532,1.48214197159,0.141058564186,0.0826887264848,0.813133478165,0.558640360832
-0.565842270851,-0.173968359828,1.48209142685,0.141497537494,0.0825806036592,0.811826705933,0.560442864895
-0.565901637077,-0.17399521172,1.48249197006,0.142055228353,0.083142362535,0.810903906822,0.561553657055
-0.565972566605,-0.173893675208,1.4825668335,0.142490625381,0.0829608738422,0.809990406036,0.562787353992
-0.566080093384,-0.173855289817,1.48258340359,0.142604440451,0.0828483849764,0.809802353382,0.563045620918
-0.56609249115,-0.173786342144,1.48261415958,0.142747282982,0.082611553371,0.808878898621,0.564369976521
-0.566092193127,-0.173655629158,1.48256492615,0.14288637042,0.0821305587888,0.808209300041,0.565363526344
-0.566143631935,-0.173571124673,1.48261249065,0.143423959613,0.0818864479661,0.807820498943,0.56581813097
-0.566169917583,-0.173489451408,1.48265600204,0.143542900681,0.0815441906452,0.807019114494,0.566979885101
-0.566049396992,-0.173178613186,1.48269569874,0.143698364496,0.0806253030896,0.806393027306,0.567961931229
-0.566275894642,-0.173237457871,1.48279631138,0.144128680229,0.0808359757066,0.805787801743,0.56868159771
-0.566078960896,-0.172879204154,1.48287677765,0.144170731306,0.079775236547,0.805160582066,0.569707870483
-0.56614869833,-0.17263610661,1.48286890984,0.14412227273,0.0781917497516,0.805844604969,0.568972289562
-0.56642305851,-0.172210782766,1.4829723835,0.14591191709,0.0777941271663,0.806065738201,0.568256914616
-0.566789567471,-0.172317281365,1.4831058979,0.146683573723,0.0782642886043,0.805484116077,0.568818330765
-0.566345572472,-0.172289118171,1.48297393322,0.144704818726,0.0771710127592,0.803989470005,0.571582257748
-0.566375136375,-0.171894431114,1.48303580284,0.146608352661,0.0777604654431,0.801911830902,0.57393103838
-0.566011786461,-0.171874389052,1.48296570778,0.143707498908,0.0758256688714,0.802662074566,0.573874771595
-0.566099703312,-0.172026604414,1.48303723335,0.144382640719,0.0771956369281,0.800000727177,0.57722902298
-0.566294133663,-0.171852856874,1.48303282261,0.143728539348,0.0759840458632,0.801699101925,0.575193047523
-0.566810846329,-0.170893236995,1.4831058979,0.147376909852,0.0751966685057,0.803198516369,0.572274148464
-0.566857278347,-0.170777335763,1.48315727711,0.147283673286,0.0750019475818,0.802695035934,0.573029398918
-0.56696331501,-0.170941010118,1.48327624798,0.1479575634,0.0767331346869,0.8000202775,0.576357603073
-0.566990852356,-0.170806258917,1.4832328558,0.147643581033,0.0763510242105,0.799486577511,0.57722890377
-0.566135525703,-0.171527251601,1.483086586,0.140653714538,0.0759573206306,0.793302953243,0.587466955185
-0.566752433777,-0.170382499695,1.48328518867,0.146537959576,0.0755561590195,0.798070132732,0.579570353031
-0.56672501564,-0.170287266374,1.48318982124,0.146010294557,0.0754525735974,0.797516524792,0.580478429794
-0.566502332687,-0.170715153217,1.48328220844,0.143672466278,0.076020412147,0.795739114285,0.583419561386
-0.566521763802,-0.170625478029,1.48314857483,0.143282353878,0.0760109201074,0.795124411583,0.584354162216
-0.566532313824,-0.170583799481,1.48297858238,0.142755150795,0.0761354714632,0.794510185719,0.585301697254
-0.566543638706,-0.1705327034,1.48316657543,0.142492488027,0.0766884833574,0.793864071369,0.586169540882
-0.56655305624,-0.170522287488,1.48312199116,0.142116501927,0.0771739780903,0.793160974979,0.587147891521
-0.566786527634,-0.170746341348,1.48312616348,0.14205904305,0.0784277021885,0.792441666126,0.587966442108
-0.566843986511,-0.170681491494,1.48291599751,0.141981333494,0.0787642896175,0.791540265083,0.589153289795
-0.566906750202,-0.170762136579,1.48282504082,0.141266852617,0.0794352889061,0.791318178177,0.589533030987
-0.566905081272,-0.170866638422,1.48287904263,0.141764134169,0.080883204937,0.788709640503,0.592703998089
-0.566941976547,-0.170616671443,1.48282182217,0.141463324428,0.0799004361033,0.789589881897,0.591736376286
-0.566973209381,-0.170602247119,1.48265421391,0.141764521599,0.0804346874356,0.788295567036,0.59331548214
-0.566750824451,-0.170347601175,1.48243713379,0.141880914569,0.0801207050681,0.786907672882,0.59516954422
-0.566870570183,-0.170367822051,1.48218715191,0.142681762576,0.0809780061245,0.785023212433,0.597346782684
-0.566563367844,-0.170994371176,1.48180389404,0.138862162828,0.0815428867936,0.779183208942,0.605757176876
-0.566945016384,-0.170488834381,1.48190367222,0.143923357129,0.082238510251,0.782045304775,0.600772917271
-0.566985726357,-0.170560076833,1.4819778204,0.145360350609,0.0831609144807,0.779764533043,0.603259503841
-0.567562818527,-0.171105086803,1.48208034039,0.146886527538,0.085454441607,0.778383433819,0.604351818562
-0.567194759846,-0.17175270617,1.48184370995,0.143420904875,0.086024954915,0.772635400295,0.612425386906
-0.566968560219,-0.171328395605,1.48170173168,0.146762028337,0.0853019654751,0.77289044857,0.611412286758
-0.566852807999,-0.171345770359,1.48157000542,0.147729128599,0.0852839276195,0.771242916584,0.613259613514
-0.567738115788,-0.170664340258,1.48170626163,0.154921963811,0.0850255414844,0.772579193115,0.60982888937
-0.567259073257,-0.17181956768,1.48159718513,0.15207837522,0.0875808596611,0.768380999565,0.615461170673
-0.567178010941,-0.171216472983,1.48133349419,0.155537649989,0.0855319201946,0.76767963171,0.615760028362
-0.567095458508,-0.171613618731,1.4814183712,0.156609132886,0.0876327082515,0.765173017979,0.618307709694
-0.566986918449,-0.171540632844,1.48136103153,0.159997195005,0.0891052260995,0.761838614941,0.621339797974
-0.56640201807,-0.171122714877,1.48114728928,0.160637542605,0.0866373553872,0.762062013149,0.621249616146
-0.566190779209,-0.171495094895,1.48092603683,0.162922292948,0.0888618603349,0.757238030434,0.626219332218
-0.565400362015,-0.171993374825,1.48059654236,0.160538554192,0.0872449874878,0.75618571043,0.628330230713
-0.565498173237,-0.17163233459,1.48068213463,0.166350603104,0.0891209766269,0.75335162878,0.629957377911
-0.56525105238,-0.17134873569,1.48078560829,0.168719649315,0.0867922976613,0.753778636456,0.629141032696
-0.56453192234,-0.17278970778,1.48034763336,0.163860455155,0.0897643938661,0.745911121368,0.639303326607
-0.5642182827,-0.172301337123,1.48027074337,0.170560896397,0.0910901874304,0.745463609695,0.637883722782
-0.564218223095,-0.172637045383,1.48033475876,0.173162132502,0.0929552316666,0.743116021156,0.639650523663
-0.563709974289,-0.17212459445,1.48018157482,0.176390632987,0.0916853323579,0.742787778378,0.639332711697
-0.563500583172,-0.172537073493,1.48010933399,0.177808910608,0.0915758609772,0.741392314434,0.640574216843
-0.563170433044,-0.172693401575,1.48018419743,0.18118289113,0.0946398302913,0.73804885149,0.643039703369
-0.562859594822,-0.17315967381,1.48011398315,0.183455467224,0.097657084465,0.734682440758,0.645793318748
-0.562267780304,-0.172982975841,1.47988247871,0.185509756207,0.0965699851513,0.733701765537,0.646484494209
-0.560977041721,-0.172540947795,1.47940790653,0.18669052422,0.0952245816588,0.731334090233,0.649021863937
-0.560379624367,-0.17320472002,1.47923922539,0.186930447817,0.0968631207943,0.728195011616,0.6522321105
-0.560103297234,-0.173026949167,1.47918343544,0.190835803747,0.0979462936521,0.726844847202,0.652445435524
-0.56013327837,-0.173689931631,1.47906589508,0.19338580966,0.10076906532,0.724771261215,0.653570413589
-0.55956441164,-0.173508524895,1.47903740406,0.195520475507,0.0993469282985,0.724917769432,0.652990043163
-0.559167385101,-0.174546182156,1.47890067101,0.195834830403,0.10388571769,0.720079183578,0.657527565956
-0.558595538139,-0.174782529473,1.47853755951,0.197357445955,0.104635290802,0.717825829983,0.65941464901
-0.558049857616,-0.175032541156,1.47844898701,0.19914919138,0.105764187872,0.715697944164,0.661006987095
-0.557765781879,-0.174792632461,1.47822189331,0.202370375395,0.106236822903,0.714912176132,0.660803079605
-0.557262897491,-0.175138562918,1.4782435894,0.203938707709,0.107496000826,0.712977468967,0.662205994129
-0.556171774864,-0.17494045198,1.47783875465,0.204393208027,0.105658575892,0.709922552109,0.665634870529
-0.556170165539,-0.175787210464,1.47780930996,0.206256315112,0.109248444438,0.706775486469,0.667825937271
-0.55563813448,-0.175681650639,1.47766137123,0.208924233913,0.109253711998,0.706353366375,0.667442321777
-0.554961800575,-0.175883471966,1.4774736166,0.209748774767,0.109788022935,0.704445421696,0.669110357761
-0.555289626122,-0.177087530494,1.477388978,0.209316700697,0.113344497979,0.704735338688,0.66834706068
-0.554689228535,-0.177041321993,1.47717940807,0.210697323084,0.113312453032,0.702748417854,0.670008957386
-0.554481863976,-0.177592903376,1.47732675076,0.212319418788,0.115042448044,0.701113343239,0.670914173126
-0.553926050663,-0.178064286709,1.47722041607,0.213900849223,0.116529457271,0.697246670723,0.674176752567
-0.553631782532,-0.177837312222,1.47710764408,0.216225326061,0.115761786699,0.698814511299,0.671940624714
-0.553260147572,-0.17812871933,1.47691690922,0.217777341604,0.116584338248,0.69684278965,0.673343300819
-0.553126752377,-0.178322911263,1.47691190243,0.219957977533,0.117237091064,0.69512629509,0.674294888973
-0.552514910698,-0.178845494986,1.47671449184,0.220819503069,0.118393473327,0.691694140434,0.677333772182
-0.552724003792,-0.178864777088,1.47695732117,0.223739847541,0.118953742087,0.691590428352,0.676382482052
-0.552386343479,-0.179122537374,1.47677159309,0.225155338645,0.119337633252,0.689832568169,0.677639067173
-0.552056193352,-0.179515302181,1.476821661,0.22645264864,0.120275318623,0.688108801842,0.678792476654
-0.551927804947,-0.180317699909,1.47674381733,0.226721569896,0.121744796634,0.685549974442,0.681026339531
-0.551648378372,-0.18067073822,1.47667396069,0.227996885777,0.122604459524,0.683532655239,0.682472467422
-0.550879657269,-0.181072756648,1.47639381886,-0.227923899889,-0.122260898352,-0.682637631893,-0.683453679085
-0.550943672657,-0.180346429348,1.47652769089,-0.232335045934,-0.121302291751,-0.681022882462,-0.683750212193
-0.550670742989,-0.180735573173,1.47639298439,-0.233300164342,-0.12192954123,-0.679073691368,-0.685246765614
-0.550683200359,-0.181175857782,1.47633910179,-0.235885605216,-0.121933847666,-0.675789117813,-0.6876039505
-0.550083994865,-0.181485056877,1.47619569302,-0.235385030508,-0.122366212308,-0.676385462284,-0.687112271786
-0.550545871258,-0.182173714042,1.47633934021,-0.236988276243,-0.124236486852,-0.674405097961,-0.688171267509
-0.550231456757,-0.182519629598,1.47611606121,-0.240696206689,-0.124041080475,-0.667447030544,-0.693681180477
-0.550110936165,-0.183145269752,1.47617149353,-0.237717196345,-0.125056892633,-0.670241475105,-0.691829264164
-0.548874855042,-0.182764604688,1.47572803497,-0.23782555759,-0.122473731637,-0.66858869791,-0.693850398064
-0.549252510071,-0.183029949665,1.47577142715,-0.240867167711,-0.123571500182,-0.667808711529,-0.693357467651
-0.549039840698,-0.183320224285,1.47562325001,-0.241631388664,-0.123518384993,-0.666573941708,-0.694288671017
-0.548951566219,-0.1834923774,1.47574365139,-0.242939457297,-0.123486734927,-0.66501891613,-0.695328354836
-0.548678338528,-0.184288397431,1.47555422783,-0.242169782519,-0.124010227621,-0.663019001484,-0.697410285473
-0.548516988754,-0.184132039547,1.47549653053,-0.244291141629,-0.123417466879,-0.662269532681,-0.697487711906
-0.548345208168,-0.184336736798,1.47546136379,-0.245217069983,-0.123348072171,-0.660681068897,-0.698680460453
-0.548172175884,-0.185036107898,1.47539150715,-0.244811445475,-0.123916447163,-0.658405780792,-0.700866520405
-0.548020482063,-0.185377597809,1.47531330585,-0.245926946402,-0.124683350325,-0.654989302158,-0.703536093235
-0.548266291618,-0.185262188315,1.47547650337,-0.250932753086,-0.123995892704,-0.650919437408,-0.705664157867
-0.548082470894,-0.185688331723,1.47541797161,-0.251775860786,-0.124091759324,-0.64994341135,-0.706246316433
-0.548012733459,-0.185972645879,1.47530567646,-0.252310723066,-0.124246276915,-0.648686170578,-0.707183539867
-0.548129439354,-0.186549171805,1.47547328472,-0.253684699535,-0.125342696905,-0.647477626801,-0.707605957985
-0.54714512825,-0.18638163805,1.47508943081,-0.250690817833,-0.122740350664,-0.652830183506,-0.704202890396
-0.547304391861,-0.186855852604,1.47525238991,-0.251936912537,-0.123573236167,-0.651995241642,-0.704386174679
-0.547214388847,-0.187542796135,1.47525727749,-0.251326471567,-0.12430126965,-0.650431394577,-0.705920159817
-0.546867370605,-0.187457695603,1.47516787052,-0.255779653788,-0.121701046824,-0.642903745174,-0.711646258831
-0.546426594257,-0.18716365099,1.47509527206,-0.254029929638,-0.122187517583,-0.649166345596,-0.706485807896
-0.54689770937,-0.188214197755,1.475289464,-0.257584273815,-0.123054757714,-0.642021715641,-0.711558878422
-0.546683132648,-0.188590630889,1.47525751591,-0.259204506874,-0.123051375151,-0.641692996025,-0.711267650127
-0.546455264091,-0.189003109932,1.47519946098,-0.2593498528,-0.123520717025,-0.64099240303,-0.71176469326
-0.546363830566,-0.189385280013,1.47534489632,-0.260202676058,-0.124095238745,-0.640745818615,-0.711575806141
-0.546163976192,-0.189475178719,1.47526586056,-0.261535197496,-0.123748920858,-0.640689492226,-0.711198031902
-0.546312570572,-0.190255343914,1.47537994385,-0.262263149023,-0.12670750916,-0.639631092548,-0.711361587048
-0.546102583408,-0.190643787384,1.47536802292,-0.262948393822,-0.126974225044,-0.639356613159,-0.711307883263
-0.544727861881,-0.190203621984,1.47497212887,-0.262503534555,-0.123525425792,-0.63807117939,-0.713231146336
-0.545294106007,-0.191248193383,1.47531783581,-0.263974606991,-0.126638963819,-0.637661933899,-0.712507784367
-0.54502093792,-0.191572263837,1.47516810894,-0.264679282904,-0.126404747367,-0.637667417526,-0.712283074856
-0.544681310654,-0.192382931709,1.47500920296,-0.261219471693,-0.127113193274,-0.643409311771,-0.708259224892
-0.544155061245,-0.19186116755,1.47493171692,-0.266979157925,-0.123726941645,-0.637291431427,-0.712231457233
-0.54395711422,-0.192643851042,1.4749083519,-0.266392767429,-0.124548114836,-0.636266291142,-0.71322363615
-0.543609082699,-0.193001911044,1.4748404026,-0.266929984093,-0.124527223408,-0.636392533779,-0.712913632393
-0.543202936649,-0.19385266304,1.47475659847,-0.266742914915,-0.124935634434,-0.636839389801,-0.71251308918
-0.543355405331,-0.193955644965,1.47493171692,-0.269142717123,-0.127262219787,-0.636969506741,-0.711081206799
-0.54278832674,-0.194190695882,1.47489988804,-0.26971411705,-0.126426130533,-0.636659026146,-0.711292147636
-0.541695654392,-0.195322930813,1.47447896004,-0.267372578382,-0.125098019838,-0.63656771183,-0.712491333485
-0.5418151021,-0.195737600327,1.47460949421,-0.269473254681,-0.127553135157,-0.637473285198,-0.710452079773
-0.541672945023,-0.19606281817,1.47471821308,-0.271044701338,-0.127585619688,-0.637317299843,-0.709988236427
-0.540686607361,-0.196256250143,1.47453093529,-0.271196693182,-0.124808713794,-0.637622952461,-0.710149407387
-0.540239691734,-0.196700662374,1.47436356544,-0.271714389324,-0.124418117106,-0.637259662151,-0.710346162319
-0.540337026119,-0.196820676327,1.47454488277,-0.274021834135,-0.124473206699,-0.63728415966,-0.709427535534
-0.53997194767,-0.197211652994,1.47449553013,-0.274988412857,-0.124334655702,-0.637375593185,-0.708995580673
-0.539783835411,-0.197474136949,1.47458469868,-0.276375561953,-0.125502943993,-0.636761784554,-0.708801686764
-0.539469778538,-0.198285281658,1.47456228733,-0.276928603649,-0.125764042139,-0.637436509132,-0.707932770252
-0.538938879967,-0.198966145515,1.47442173958,-0.276592165232,-0.12450517714,-0.636636972427,-0.709005534649
-0.537624299526,-0.198596403003,1.47397303581,-0.276560872793,-0.121059857309,-0.636262536049,-0.709949791431
-0.538219034672,-0.199765488505,1.47429525852,-0.278431385756,-0.123949587345,-0.636474728584,-0.708528459072
-0.537374556065,-0.199774906039,1.47409200668,-0.278855234385,-0.12185100466,-0.635966837406,-0.709181427956
-0.537096202374,-0.200714722276,1.47401273251,-0.278875529766,-0.122332006693,-0.636947333813,-0.708209991455
-0.536665380001,-0.200582563877,1.47399067879,-0.280073136091,-0.121002472937,-0.636865139008,-0.708039700985
-0.536362886429,-0.200895965099,1.47405230999,-0.281721174717,-0.120120897889,-0.638243556023,-0.706292808056
-0.536129653454,-0.201645955443,1.47403872013,-0.281975597143,-0.12056530267,-0.638486921787,-0.705895483494
-0.535813093185,-0.201755061746,1.47407412529,-0.282919347286,-0.119950115681,-0.638430416584,-0.705673754215
-0.535140454769,-0.201753392816,1.47390067577,-0.282876849174,-0.11836002022,-0.638848662376,-0.705580711365
-0.534669458866,-0.202230125666,1.47377514839,-0.282427936792,-0.117816820741,-0.640152156353,-0.704669296741
-0.533917307854,-0.201931744814,1.47365832329,-0.282521665096,-0.115544199944,-0.640887498856,-0.704339742661
-0.534124970436,-0.203088507056,1.47379827499,-0.282229393721,-0.117067277431,-0.64342969656,-0.701883375645
-0.533853650093,-0.203399315476,1.47383594513,-0.281780451536,-0.116626091301,-0.645297169685,-0.700421094894
-0.533564805984,-0.20365986228,1.47379601002,-0.281312674284,-0.115643180907,-0.647432744503,-0.698799669743
-0.533873915672,-0.204591989517,1.47403287888,-0.28092867136,-0.117069125175,-0.650108397007,-0.696227729321
-0.533427715302,-0.204842597246,1.47378516197,-0.278845757246,-0.115690082312,-0.651461005211,-0.696031153202
-0.5331813097,-0.205322831869,1.47376835346,-0.277493149042,-0.115458153188,-0.654342472553,-0.693904280663
-0.532044351101,-0.204733401537,1.47357797623,-0.275785118341,-0.112226992846,-0.656012952328,-0.693537831306
-0.532221674919,-0.206163391471,1.47366821766,-0.272742450237,-0.114560715854,-0.657834351063,-0.692633509636
-0.532898843288,-0.207954466343,1.47396743298,-0.268710434437,-0.124210193753,-0.660207211971,-0.690284848213
-0.532644867897,-0.206511437893,1.47418928146,-0.27048048377,-0.116548061371,-0.670587956905,-0.680858850479
-0.532228946686,-0.207687795162,1.47399652004,-0.265486240387,-0.117497831583,-0.671094894409,-0.682160675526
-0.531930327415,-0.206496536732,1.47414803505,-0.267926871777,-0.114680431783,-0.674447476864,-0.678369045258
-0.531748354435,-0.206734091043,1.47420334816,-0.266616761684,-0.11459929496,-0.67624104023,-0.677111923695
-0.53157043457,-0.206905245781,1.47417092323,0.265383452177,0.114392071962,0.67808675766,0.675784468651
-0.531384885311,-0.207050532103,1.47423923016,0.264582484961,0.11419545114,0.67961370945,0.67459666729
-0.531249701977,-0.207621902227,1.47414851189,0.262172281742,0.114998906851,0.680113554001,0.674897551537
-0.531129062176,-0.207596406341,1.47418141365,0.261895626783,0.114752620459,0.68148547411,0.673661649227
-0.530984163284,-0.207738831639,1.47415089607,0.261175900698,0.114821210504,0.682376861572,0.673026800156
-0.531155288219,-0.207792952657,1.47422242165,0.264065027237,0.115075536072,0.678194105625,0.676076889038
-0.53110408783,-0.207956403494,1.47424459457,0.263592243195,0.115442506969,0.678820133209,0.675570368767
-0.530988335609,-0.208050519228,1.47422802448,0.263110488653,0.115663707256,0.679375827312,0.675161659718
-0.53091019392,-0.208124145865,1.47427821159,0.262916713953,0.115932829678,0.680000424385,0.674561917782
-0.530855536461,-0.208247900009,1.47427082062,0.262515723705,0.116279631853,0.680542588234,0.674111485481
-0.530764997005,-0.208320274949,1.47425711155,0.262105345726,0.116467632353,0.681192159653,0.673582553864
-0.530710816383,-0.208389356732,1.47422683239,0.261678367853,0.116663180292,0.681831002235,0.673068165779
-0.530685722828,-0.208487525582,1.47418475151,0.261058866978,0.116866670549,0.68268173933,0.672410786152
-0.530301332474,-0.208574205637,1.47413945198,0.256817758083,0.116738289595,0.689168870449,0.667430102825
-0.530234992504,-0.208626970649,1.47408735752,0.256087243557,0.116643756628,0.690689682961,0.66615408659
-0.5300989151,-0.209133252501,1.47389423847,0.252747952938,0.117272973061,0.690657794476,0.667350828648
-0.530158936977,-0.208673611283,1.47386181355,0.25366923213,0.116109795868,0.693583786488,0.664162635803
-0.530095815659,-0.208622321486,1.47376537323,0.252277463675,0.115588873625,0.695370614529,0.662914156914
-0.530048012733,-0.209172487259,1.4734647274,0.246920794249,0.11603564769,0.693211317062,0.667101144791
-0.530059039593,-0.208871677518,1.47370147705,0.248136907816,0.114771999419,0.699537694454,0.660229027271
-0.53009223938,-0.208926603198,1.47381973267,0.246378287673,0.114411555231,0.701832532883,0.658512592316
-0.529979944229,-0.209414213896,1.47358584404,0.240378305316,0.114092804492,0.700470149517,0.662225604057
-0.530072271824,-0.209526970983,1.47360980511,0.23819090426,0.113468363881,0.702999711037,0.660440444946
-0.53010982275,-0.209517255425,1.47362995148,0.235823303461,0.112312786281,0.706224143505,0.658042967319
-0.530163109303,-0.208535730839,1.47384262085,0.238182902336,0.109195865691,0.714190602303,0.649058461189
-0.530145227909,-0.208854228258,1.4737380743,0.23417173326,0.108145788312,0.71659642458,0.648041367531
-0.530321657658,-0.208475843072,1.47388231754,0.232980504632,0.106125377119,0.720970511436,0.643940210342
-0.530309438705,-0.208753436804,1.47391533852,0.229429647326,0.103820703924,0.723091483116,0.643212497234
-0.530042529106,-0.20861852169,1.47394680977,0.225966438651,0.101571209729,0.726765453815,0.640651643276
-0.530435442924,-0.208964183927,1.47415649891,0.223576575518,0.101152278483,0.730006337166,0.637865722179
-0.529427528381,-0.20872451365,1.47382414341,0.217257797718,0.0975112318993,0.731822252274,0.638534843922
-0.529704272747,-0.209461897612,1.47382950783,0.211558923125,0.0985104814172,0.731979250908,0.640113174915
-0.529828727245,-0.209166020155,1.47402346134,0.211171209812,0.0961543917656,0.738873541355,0.632634937763
-0.529924809933,-0.209222078323,1.4741910696,0.208566471934,0.0950073376298,0.741749644279,0.630302369595
-0.530423045158,-0.209199309349,1.47448897362,0.207300886512,0.0937688946724,0.746294260025,0.625522494316
-0.530620217323,-0.20872195065,1.47469985485,0.206969693303,0.0920690670609,0.749075949192,0.622552990913
-0.530700325966,-0.210047274828,1.47460722923,0.197791725397,0.0922882705927,0.747717618942,0.627120018005
-0.530976235867,-0.209970697761,1.4748467207,0.198978677392,0.0922772437334,0.752008855343,0.621590793133
-0.531232476234,-0.209330409765,1.47504401207,0.197423398495,0.0883425846696,0.758077025414,0.61525529623
-0.531302809715,-0.209331542253,1.47515714169,0.195578992367,0.0872814506292,0.759531855583,0.614200413227
-0.531022012234,-0.209108114243,1.4751380682,0.19257363677,0.0858395323157,0.759792208672,0.615030646324
-0.53060144186,-0.209562793374,1.47504007816,0.186293289065,0.0843069031835,0.760502398014,0.616298139095
-0.530879020691,-0.209123194218,1.47521495819,0.185094416142,0.0812096819282,0.766642093658,0.609430193901
-0.531044006348,-0.20924423635,1.47533011436,0.183679431677,0.0816016718745,0.766046822071,0.610553383827
-0.531533777714,-0.208147019148,1.47565853596,0.18456800282,0.0780859142542,0.772685050964,0.602324664593
-0.531651854515,-0.208517432213,1.4755512476,0.181506454945,0.0779546573758,0.770568788052,0.60597217083
-0.531777322292,-0.208450272679,1.47575950623,0.180045574903,0.077025577426,0.772904634476,0.603547215462
-0.531782865524,-0.208741277456,1.47570085526,0.175665080547,0.0760624408722,0.77558618784,0.601516723633
-0.531880378723,-0.209370076656,1.47563624382,0.17169329524,0.0775334835052,0.770756959915,0.6086409688
-0.532096982002,-0.208857834339,1.47584700584,0.172200143337,0.0753886178136,0.776387751102,0.601569473743
-0.53239107132,-0.209035530686,1.47592067719,0.171038746834,0.0761613994837,0.776477634907,0.601687252522
-0.533051609993,-0.208203449845,1.47625875473,0.173728480935,0.0751576647162,0.779504716396,0.597111344337
-0.532711744308,-0.208992302418,1.4760658741,0.167902767658,0.0747997388244,0.778048157692,0.600711762905
-0.533002257347,-0.208861589432,1.47622382641,0.167215585709,0.0744809955359,0.779823422432,0.598637700081
-0.533209204674,-0.208690091968,1.47621667385,0.166354045272,0.0737615227699,0.780627727509,0.597917973995
-0.533195912838,-0.207633599639,1.47630286217,0.16772082448,0.0715731307864,0.783411622047,0.594149053097
-0.533678174019,-0.208092808723,1.47651529312,0.166377857327,0.0723556056619,0.782729625702,0.595329582691
-0.533461987972,-0.208523899317,1.47634828091,0.160879150033,0.0720384940505,0.779616653919,0.600937843323
-0.533614695072,-0.208254635334,1.47644996643,0.161802530289,0.0715913027525,0.782889246941,0.596472144127
-0.533822417259,-0.208128765225,1.47659766674,0.161205530167,0.0713972523808,0.783464252949,0.59590190649
-0.53399503231,-0.207986369729,1.47671043873,0.160791382194,0.0712902843952,0.783801853657,0.595582425594
-0.534591853619,-0.207060351968,1.47702336311,0.163980454206,0.070962138474,0.786779344082,0.590807199478
-0.534131586552,-0.207540035248,1.476760149,0.158493667841,0.0699009969831,0.785186946392,0.594537854195
-0.534444928169,-0.207508832216,1.47686827183,0.158502757549,0.0711575597525,0.784587919712,0.595176696777
-0.534569084644,-0.207002133131,1.47699034214,0.158486500382,0.0699072703719,0.786352276802,0.592996716499
-0.534340083599,-0.206752151251,1.47690594196,0.156812772155,0.0696169063449,0.78690892458,0.592737436295
-0.534959197044,-0.207023650408,1.47704839706,0.157031863928,0.0722779855132,0.786323010921,0.593138337135
-0.53479385376,-0.205995649099,1.4771437645,0.157738417387,0.0706335678697,0.787474751472,0.591619074345
-0.535076797009,-0.205761611462,1.47728252411,0.157480731606,0.0712058469653,0.787951290607,0.590984225273
-0.535258471966,-0.205526292324,1.477414608,0.157056927681,0.0716164559126,0.788184762001,0.590735852718
-0.535416066647,-0.205785945058,1.47740995884,0.155223011971,0.0726761072874,0.787506818771,0.591994166374
-0.535575509071,-0.205494791269,1.47751510143,0.154589727521,0.0729832798243,0.787872672081,0.591635167599
-0.53584843874,-0.20532001555,1.47758615017,0.153735399246,0.0738050192595,0.788217246532,0.59129679203
-0.535971701145,-0.205147072673,1.47767078876,0.152775257826,0.0742372199893,0.787982702255,0.591803908348
-0.537305474281,-0.204460948706,1.47813642025,0.157287850976,0.0762653946877,0.790574908257,0.586886405945
-0.53684258461,-0.204822212458,1.47784566879,0.149380877614,0.0748908892274,0.787871658802,0.592735350132
-0.537173092365,-0.204336747527,1.47802090645,0.151165112853,0.0754198357463,0.79111123085,0.587880969048
-0.537090599537,-0.202796429396,1.47811353207,0.153690338135,0.073917247355,0.792174696922,0.58598190546
-0.536864280701,-0.203167289495,1.47801852226,0.149398893118,0.0745116993785,0.790642917156,0.58907699585
-0.537408053875,-0.202437445521,1.47816491127,0.150078997016,0.0744607299566,0.792144179344,0.5868896842
-0.537559390068,-0.202064141631,1.47815513611,0.150140553713,0.0756766721606,0.790305197239,0.589193165302
-0.537333250046,-0.201778769493,1.47811627388,0.147420987487,0.0746513456106,0.791865170002,0.587914824486
-0.537790596485,-0.201071232557,1.4782128334,0.14777007699,0.0745679289103,0.794437170029,0.584357142448
-0.538076162338,-0.201217696071,1.47829782963,0.145820200443,0.07607319206,0.7937322855,0.585609436035
-0.538551449776,-0.200893759727,1.47841501236,0.146817624569,0.0783019587398,0.792953252792,0.586121678352
-0.539311647415,-0.200456142426,1.47864425182,0.147990599275,0.0796316117048,0.795018017292,0.582841396332
-0.539030313492,-0.200467944145,1.4784475565,0.143125325441,0.0785902217031,0.795083045959,0.58410769701
-0.538730621338,-0.199549242854,1.47821378708,0.141935557127,0.0771012082696,0.795300960541,0.584299623966
-0.539187967777,-0.199378445745,1.47827994823,0.141528308392,0.0784202814102,0.79585391283,0.583469569683
-0.539517700672,-0.198958903551,1.47836887836,0.141183510423,0.0792950540781,0.796175658703,0.582995653152
-0.539855599403,-0.198643043637,1.47838032246,0.141450762749,0.0810042545199,0.795248508453,0.583960533142
-0.53996527195,-0.197932168841,1.47833776474,0.140373319387,0.0799344554543,0.797034800053,0.581928908825
-0.54047191143,-0.197200551629,1.4784719944,0.141464680433,0.0802707374096,0.798573374748,0.579504013062
-0.541192293167,-0.196673363447,1.47864639759,0.142801687121,0.0817288607359,0.800151228905,0.576789438725
-0.541269540787,-0.197352990508,1.47854340076,0.13917042315,0.0846712738276,0.797140777111,0.581402719021
-0.541456103325,-0.196674048901,1.47857058048,0.138333186507,0.0837230980396,0.799019813538,0.57915610075
-0.542092561722,-0.195970535278,1.47873604298,0.139970317483,0.0843455195427,0.799680292606,0.57775914669
-0.542331576347,-0.195575878024,1.47868716717,0.138777568936,0.0847358927131,0.800760388374,0.57649242878
-0.542559206486,-0.195176437497,1.47861480713,0.137843340635,0.0851152464747,0.800936043262,0.576416492462
-0.542706310749,-0.195192664862,1.47853302956,0.135328352451,0.0861487388611,0.800385892391,0.577621817589
-0.542972385883,-0.194855079055,1.47854268551,0.134357467294,0.0867992863059,0.800568282604,0.577498555183
-0.543272972107,-0.194533377886,1.4784784317,0.133298575878,0.087369799614,0.800998687744,0.577060818672
-0.543317556381,-0.194024071097,1.47833585739,0.129981517792,0.0866236314178,0.798334598541,0.581603765488
-0.544648110867,-0.194208234549,1.47869670391,0.13259126246,0.0902124643326,0.801761686802,0.575725317001
-0.544617176056,-0.193071618676,1.4785271883,0.132697463036,0.088943772018,0.802744925022,0.574526786804
-0.544935762882,-0.192664936185,1.47851133347,0.131536647677,0.0890654325485,0.803309619427,0.573985397816
-0.545676112175,-0.192482188344,1.47865176201,0.132987126708,0.0900209546089,0.802712082863,0.57433784008
-0.545680105686,-0.192052036524,1.47859823704,0.129853188992,0.0904861018062,0.804095625877,0.57304507494
-0.545614778996,-0.191729426384,1.47845947742,0.127167776227,0.0900820046663,0.803562343121,0.574457406998
-0.546274900436,-0.191603735089,1.47849869728,0.128587901592,0.0903534367681,0.802282869816,0.575885057449
-0.546636462212,-0.191888988018,1.47856748104,0.125709280372,0.0921147018671,0.803157925606,0.575021147728
-0.546812772751,-0.190736740828,1.47863447666,0.126258552074,0.0918509885669,0.806679487228,0.569991648197
-0.547280371189,-0.190545916557,1.47870314121,0.124849535525,0.0927605107427,0.807308375835,0.569263875484
-0.547610640526,-0.190218374133,1.4786567688,0.124009355903,0.0929782986641,0.807552397251,0.56906580925
-0.548028230667,-0.191002964973,1.47858667374,0.119925916195,0.0956843346357,0.804693639278,0.573524653912
-0.548669219017,-0.19047601521,1.47870242596,0.120829842985,0.0947225689888,0.805330097675,0.572600483894
-0.548760175705,-0.189973801374,1.47859632969,0.117937862873,0.0948523283005,0.806935966015,0.570918619633
-0.549247980118,-0.190151542425,1.47877514362,0.117170572281,0.0972456037998,0.80598539114,0.572015702724
-0.549516916275,-0.189573034644,1.47878754139,0.115774326026,0.0958601012826,0.808358132839,0.569178640842
-0.549816846848,-0.189344465733,1.47880709171,0.114730991423,0.0960927605629,0.808802783489,0.568718850613
-0.550186693668,-0.18908020854,1.47881960869,0.113498874009,0.0963144227862,0.809740900993,0.567592442036
-0.550749659538,-0.189276412129,1.47892379761,0.112739957869,0.0987660065293,0.808934509754,0.568471550941
-0.551093697548,-0.189059317112,1.47893667221,0.112053304911,0.0989958643913,0.809218764305,0.568162679672
-0.551640927792,-0.18882188201,1.47900545597,0.111902430654,0.0979783535004,0.810462594032,0.566593945026
-0.551659524441,-0.18874168396,1.47899961472,0.109133407474,0.0993653014302,0.810542523861,0.566777944565
-0.552160322666,-0.18837594986,1.47906219959,0.108424849808,0.0984579026699,0.812649548054,0.564048707485
-0.552302837372,-0.188334077597,1.47913718224,0.107137352228,0.0998120456934,0.812132537365,0.564800858498
-0.552563309669,-0.188061103225,1.47908306122,0.106235131621,0.0997493341565,0.81231200695,0.56472414732
-0.552776813507,-0.187561497092,1.47919237614,0.104778036475,0.0984722524881,0.814751923084,0.561697602272
-0.553184390068,-0.187760695815,1.47920262814,0.104076847434,0.100606545806,0.813889026642,0.562699794769
-0.553321242332,-0.187653228641,1.47910237312,0.102165356278,0.100608438253,0.814199566841,0.562600433826
-0.553553402424,-0.187350451946,1.47913312912,0.101277247071,0.100364670157,0.815108716488,0.561486959457
-0.554379105568,-0.186141893268,1.47937202454,0.105118185282,0.100358709693,0.817919790745,0.556673705578
-0.554631769657,-0.185923397541,1.47936689854,0.104289092124,0.100710749626,0.818810284138,0.555455565453
-0.555010557175,-0.185849189758,1.47940504551,0.103878945112,0.0993674620986,0.818431675434,0.556331574917
-0.554679870605,-0.186020195484,1.47933471203,0.0993204861879,0.100847616792,0.818499088287,0.556798517704
-0.55450463295,-0.184132024646,1.47930240631,0.101902067661,0.0966699719429,0.819487929344,0.555617213249
-0.555556178093,-0.185041606426,1.47948050499,0.10122191906,0.101735115051,0.82112133503,0.552416324615
-0.555764198303,-0.184717923403,1.47945666313,0.100329048932,0.101686879992,0.822382152081,0.55070990324
-0.555333673954,-0.183497533202,1.47947371006,0.100085072219,0.0982765629888,0.821586787701,0.552557587624
-0.556253612041,-0.184215351939,1.47955286503,0.099322848022,0.10261631012,0.823527991772,0.549005031586
-0.556565642357,-0.184003710747,1.47961568832,0.0990601629019,0.10319507122,0.824017047882,0.548209607601
-0.557028532028,-0.183532342315,1.47961294651,0.100424684584,0.102053299546,0.825009703636,0.546679973602
-0.557074248791,-0.183477297425,1.47962200642,0.0980688780546,0.104232378304,0.825555205345,0.54587250948
-0.557520866394,-0.183113768697,1.47983002663,0.0994014590979,0.103636145592,0.826416432858,0.544439792633
-0.557691395283,-0.183088064194,1.47991609573,0.0983550921082,0.10416700691,0.826293766499,0.544714748859
-0.557768523693,-0.18269687891,1.47995245457,0.0968502685428,0.105585210025,0.827408313751,0.543016731739
-0.557837128639,-0.182595357299,1.47995138168,0.0956346765161,0.105759873986,0.827274024487,0.543402791023
-0.557978153229,-0.182359486818,1.48007774353,0.0948614776134,0.106245242059,0.827898979187,0.542491018772
-0.558300316334,-0.181887254119,1.48027443886,0.0954536870122,0.106696300209,0.82884401083,0.540853202343
-0.558771848679,-0.181817784905,1.48040890694,0.0957579910755,0.107544198632,0.829042494297,0.540326833725
-0.558531939983,-0.181319534779,1.48031616211,0.0937313735485,0.106800451875,0.829849541187,0.539590418339
-0.558642268181,-0.18100041151,1.48035025597,0.0931999832392,0.106722801924,0.830040335655,0.539404392242
-0.558811962605,-0.180731162429,1.48047053814,0.0929559543729,0.106903299689,0.830283164978,0.539036989212
-0.559161067009,-0.180211752653,1.48057734966,0.0949587449431,0.105106309056,0.830603957176,0.538546860218
-0.559262871742,-0.180584251881,1.48055720329,0.0924509614706,0.105752147734,0.829248487949,0.54094016552
-0.559399366379,-0.180150792003,1.48065745831,0.092215128243,0.10573989898,0.829744458199,0.540221810341
-0.559591650963,-0.179809644818,1.48078656197,0.0917770415545,0.105917721987,0.830346643925,0.539335668087
-0.559778928757,-0.179406911135,1.48091876507,0.0917217880487,0.106072694063,0.830528736115,0.539033889771
-0.559918105602,-0.179066732526,1.4809974432,0.0914795249701,0.106215760112,0.830744862556,0.538714051247
-0.560112595558,-0.178625702858,1.48098802567,0.0914026647806,0.106274820864,0.83089530468,0.538483262062
-0.559960305691,-0.178587004542,1.48104262352,0.086883969605,0.108995698392,0.83252620697,0.536163568497
-0.559984385967,-0.178082659841,1.4810475111,0.0870838835835,0.108704343438,0.831980586052,0.53703635931
-0.560351729393,-0.178086221218,1.48130893707,0.0869723409414,0.109746314585,0.830802857876,0.538663506508
-0.560281872749,-0.177427366376,1.48122644424,0.086576551199,0.109153978527,0.830642879009,0.539094090462
-0.560742795467,-0.176944687963,1.48131465912,0.0889247432351,0.108016215265,0.830341696739,0.53940486908
-0.560867905617,-0.176515638828,1.48137903214,0.0885909870267,0.108195744455,0.830356657505,0.539400994778
-0.561079859734,-0.176077514887,1.48152661324,0.0888614505529,0.108725078404,0.83112424612,0.538066029549
-0.561231791973,-0.17585618794,1.48159813881,0.0872887894511,0.109889566898,0.831980705261,0.536761701107
-0.561332046986,-0.175585031509,1.48175656796,0.086699411273,0.110419817269,0.831978678703,0.536751508713
-0.561359941959,-0.175103962421,1.48176848888,0.0865353047848,0.110052078962,0.831236898899,0.538001298904
-0.561420023441,-0.174436241388,1.48179495335,0.0868432745337,0.108615338802,0.831526458263,0.537796199322
-0.561603784561,-0.174519643188,1.48186182976,0.0855052769184,0.111169822514,0.831265747547,0.537891507149
-0.561784446239,-0.174169167876,1.4819355011,0.0853604078293,0.111624315381,0.831251621246,0.537842512131
-0.56242275238,-0.174339205027,1.48216319084,0.0856454819441,0.113869465888,0.831253945827,0.537322700024
-0.561818957329,-0.17383658886,1.48208320141,0.0818859115243,0.114932700992,0.831686258316,0.537013173103
-0.561866223812,-0.173474863172,1.48215091228,0.0814815610647,0.115242660046,0.831773102283,0.536873698235
-0.562036216259,-0.173391267657,1.48223137856,0.0816478803754,0.116455458105,0.830920696259,0.537905812263
-0.562005698681,-0.172932267189,1.48225402832,0.0805839970708,0.116506911814,0.831881701946,0.536567986012
-0.562540531158,-0.172668427229,1.48242807388,0.0821868926287,0.117882572114,0.832399249077,0.535220146179
-0.562483549118,-0.172329887748,1.48248529434,0.0823856070638,0.118506886065,0.831569969654,0.536339700222
-0.562179386616,-0.17180749774,1.48245787621,0.080818451941,0.118372656405,0.832520186901,0.535132288933
-0.562319040298,-0.171971321106,1.48276293278,0.0801031067967,0.120019435883,0.83207321167,0.535567939281
-0.562417447567,-0.171681627631,1.48284029961,0.0802608430386,0.120594978333,0.831973433495,0.535570144653
-0.562340259552,-0.171315670013,1.48285877705,0.0807370692492,0.120915427804,0.831139147282,0.536720454693
-0.562575757504,-0.17109490931,1.48293316364,0.0805362164974,0.121816158295,0.83157658577,0.53586858511
-0.562777161598,-0.170667275786,1.48299348354,0.0814200639725,0.122426874936,0.832001507282,0.534935534
-0.562908172607,-0.170479908586,1.48313188553,0.0816761106253,0.12345919013,0.831742227077,0.53506231308
-0.562695384026,-0.169981598854,1.48310601711,0.0814325213432,0.123116150498,0.831503331661,0.535549581051
-0.563123583794,-0.169964596629,1.48328614235,0.0822453796864,0.124749049544,0.830758273602,0.536203503609
-0.563142120838,-0.169899612665,1.48327326775,0.0815765038133,0.125508159399,0.829647600651,0.537845611572
-0.563420891762,-0.169521033764,1.48339700699,0.0826512500644,0.126148641109,0.82989025116,0.537156879902
-0.563351213932,-0.169087529182,1.48337507248,0.0825799331069,0.125890448689,0.829449892044,0.537908196449
-0.563559353352,-0.168865457177,1.48346209526,0.0828288197517,0.126460880041,0.828940391541,0.538520991802
-0.563737571239,-0.168642699718,1.48352110386,0.0829179286957,0.127048030496,0.828334152699,0.539301514626
-0.563916444778,-0.168388858438,1.48351168633,0.0830030217767,0.127330288291,0.82770460844,0.540187716484
-0.564158737659,-0.168161451817,1.48350274563,0.0831068903208,0.127804622054,0.826985836029,0.541159451008
-0.564230680466,-0.168039336801,1.48346340656,0.0822266787291,0.127857744694,0.826021134853,0.542752504349
-0.564610123634,-0.167656436563,1.48352324963,0.083202265203,0.128107726574,0.825693786144,0.543042957783
-0.564814567566,-0.167390450835,1.48356389999,0.082988679409,0.128230303526,0.82526665926,0.543695569038
-0.565095841885,-0.167174577713,1.48363256454,0.0829926505685,0.128490373492,0.824552893639,0.544715464115
-0.565377116203,-0.166966333985,1.48367536068,0.0829172953963,0.128707781434,0.823945045471,0.54559481144
-0.565600275993,-0.166705220938,1.4836179018,0.0826996564865,0.128634095192,0.823302865028,0.546613752842
-0.565831899643,-0.166483566165,1.48388159275,0.0825493261218,0.128877386451,0.822738051414,0.547428965569
-0.566110253334,-0.166256248951,1.48391664028,0.0823822021484,0.128869563341,0.822215855122,0.548239946365
-0.566300451756,-0.166183635592,1.48393821716,0.0810619667172,0.128739237785,0.821492195129,0.54955047369
-0.566770017147,-0.165727719665,1.48402905464,0.0819398909807,0.12875905633,0.821655869484,0.549171030521
-0.566993832588,-0.165644928813,1.48399531841,0.0808281898499,0.128810152411,0.820727348328,0.550709962845
-0.567285656929,-0.165356814861,1.48397946358,0.0807624384761,0.128716886044,0.820293366909,0.551387608051
-0.567621707916,-0.165070429444,1.48393499851,0.0807378590107,0.128619477153,0.819874286652,0.552036821842
-0.567900061607,-0.164759621024,1.48396956921,0.0803072303534,0.128521978855,0.819670557976,0.55242472887
-0.568105459213,-0.164583399892,1.48395681381,0.0796528384089,0.128775045276,0.819186508656,0.55317813158
-0.568466663361,-0.164282098413,1.48399281502,0.0795939937234,0.128492340446,0.819172620773,0.55327296257
-0.568912386894,-0.163870379329,1.48392105103,0.0801685675979,0.128337860107,0.81943488121,0.552837252617
-0.569146037102,-0.163635224104,1.48392355442,0.0797162204981,0.128311902285,0.819206893444,0.553246319294
-0.56930232048,-0.16352981329,1.48398208618,0.0788729637861,0.128373280168,0.819149911404,0.553437292576
-0.569556772709,-0.16331897676,1.48402392864,0.0787092670798,0.128390341997,0.819182097912,0.553408920765
-0.569648742676,-0.163081884384,1.48394036293,0.0780211910605,0.127874732018,0.819430053234,0.55325871706
-0.569886624813,-0.162995070219,1.48407876492,0.0776767283678,0.128168940544,0.819479942322,0.553165197372
-0.570010662079,-0.162748381495,1.48397529125,0.0772458463907,0.127904489636,0.819610953331,0.55309253931
-0.570144355297,-0.162592276931,1.48392403126,0.0767961293459,0.127850398421,0.81990903616,0.552725791931
-0.570326447487,-0.162403330207,1.48378360271,0.0766816139221,0.127719789743,0.819944441319,0.552719652653
-0.570467352867,-0.162254065275,1.48372364044,0.0766158178449,0.127707406878,0.82005238533,0.552571177483
-0.570605039597,-0.162274837494,1.48383975029,0.0764224156737,0.128479391336,0.820093929768,0.552357375622
-0.570652484894,-0.162102639675,1.48375833035,0.0761723667383,0.128174856305,0.820491790771,0.551871538162
-0.571086168289,-0.162065118551,1.48387694359,0.0776608213782,0.127711862326,0.821079432964,0.550896644592
-0.57120847702,-0.162329211831,1.48376309872,0.0762726068497,0.129437625408,0.821190595627,0.550521969795
-0.571018576622,-0.162033081055,1.48377156258,0.0759487077594,0.128980621696,0.821526348591,0.550173103809
-0.571210026741,-0.161905243993,1.4836101532,0.0761423557997,0.128975495696,0.821753323078,0.549808323383
-0.57128071785,-0.16186657548,1.48358511925,0.0760832428932,0.129074767232,0.822015464306,0.549401283264
-0.571406006813,-0.161817938089,1.48352360725,0.0763031318784,0.129151076078,0.822369813919,0.548822104931
-0.571501553059,-0.161822125316,1.48369860649,0.0764729753137,0.129509583116,0.822725653648,0.548180341721
-0.57179492712,-0.16180498898,1.4838103056,0.077861726284,0.128752052784,0.823610782623,0.546832501888
-0.571833074093,-0.16183796525,1.48392105103,0.0778578966856,0.128875255585,0.823980152607,0.546247303486
-0.571939826012,-0.161791279912,1.48379266262,0.0780175402761,0.128473877907,0.824564039707,0.545437335968
-0.571741580963,-0.16197706759,1.48385965824,0.0763967111707,0.129658207297,0.824393153191,0.545644879341
-0.571759104729,-0.162056803703,1.48403072357,0.0762041658163,0.129702791572,0.825051546097,0.54466509819
-0.571731448174,-0.162098541856,1.48400521278,0.0757482796907,0.129439562559,0.825768768787,0.543703556061
-0.571729004383,-0.162213310599,1.48416018486,0.0755592733622,0.12946498394,0.826212286949,0.543049514294
-0.571698904037,-0.162323325872,1.48430788517,0.075237609446,0.129421249032,0.826707363129,0.542350769043
-0.571631968021,-0.162462770939,1.48448753357,0.0748631134629,0.129357621074,0.827288210392,0.54153162241
-0.57165312767,-0.162424519658,1.48435282707,0.0747138261795,0.128547176719,0.828099787235,0.540503740311
-0.571584582329,-0.1625739187,1.48454785347,0.0742092579603,0.128351405263,0.829003274441,0.539233326912
-0.571455299854,-0.162737637758,1.48467409611,0.0737123712897,0.128119334579,0.829742789268,0.538218379021
-0.571294367313,-0.16282145679,1.48466849327,0.0732872337103,0.127538070083,0.830484509468,0.53726965189
-0.571191012859,-0.162922590971,1.48465132713,0.0728386193514,0.12713252008,0.831127822399,0.536431074142
-0.571029603481,-0.16305321455,1.48460662365,0.0723241195083,0.126685634255,0.831913590431,0.535387396812
-0.570950329304,-0.163171470165,1.48475027084,0.0719544067979,0.126316249371,0.83323931694,0.533459424973
-0.570745527744,-0.163324847817,1.48479759693,0.0715254992247,0.125802204013,0.834158182144,0.532201290131
-0.570602416992,-0.163505062461,1.48490428925,0.0712147653103,0.125745937228,0.834952890873,0.531008601189
-0.570366084576,-0.163665801287,1.48487687111,0.0708046555519,0.125367984176,0.83583265543,0.529767155647
-0.570042967796,-0.164073362947,1.48498034477,0.0701126679778,0.12536637485,0.836588978767,0.528664827347
-0.569713830948,-0.16426602006,1.48494970798,0.0691272988915,0.124969698489,0.837312340736,0.527742564678
-0.569417774677,-0.164390325546,1.4848088026,0.0688203945756,0.124381542206,0.83828163147,0.526381075382
-0.569070458412,-0.16449187696,1.48472762108,0.0685318335891,0.123650245368,0.839538872242,0.524584174156
-0.568716526031,-0.164803147316,1.48505866528,0.0681460648775,0.1238758564,0.840495228767,0.523047506809
-0.568375885487,-0.164916366339,1.48502850533,0.0679738894105,0.123371496797,0.8414670825,0.52162450552
-0.568375885487,-0.164916366339,1.48502850533,0.0679738894105,0.123371496797,0.8414670825,0.52162450552
-0.567955136299,-0.164891064167,1.48499250412,0.0695555657148,0.12292651087,0.844290435314,0.516937971115
-0.567409753799,-0.165459647775,1.4850383997,0.0680706873536,0.122827470303,0.844323754311,0.517104625702
-0.567105531693,-0.165625631809,1.4850525856,0.0686301290989,0.122583329678,0.845113873482,0.515796363354
-0.566849827766,-0.165842041373,1.48544096947,0.0699203237891,0.121724784374,0.846594691277,0.513392448425
-0.566453278065,-0.165987282991,1.48519957066,0.0699903145432,0.121196769178,0.847303271294,0.512337625027
-0.565735280514,-0.166280150414,1.48509550095,0.0684028863907,0.121929362416,0.847293198109,0.5123950243
-0.565392434597,-0.16628792882,1.48512613773,0.0694316998124,0.120210632682,0.848823428154,0.510124921799
-0.564894378185,-0.16658398509,1.48542046547,0.0694388076663,0.120526701212,0.849739611149,0.50852149725
-0.564811766148,-0.166161522269,1.48542881012,0.0720889940858,0.120476312935,0.851961314678,0.504431128502
-0.564392924309,-0.16637685895,1.48543047905,0.0722490102053,0.120506159961,0.852608799934,0.503305613995
-0.563937962055,-0.166520386934,1.48548531532,0.0728004723787,0.120545312762,0.853196263313,0.50221991539
-0.563635349274,-0.167158514261,1.48559510708,0.072382196784,0.122791938484,0.852816581726,0.502381324768
-0.56316703558,-0.1670370996,1.48556399345,0.0737443342805,0.121085949242,0.854166567326,0.50029951334
-0.56232380867,-0.167704299092,1.48541164398,0.0715114548802,0.120759949088,0.853198051453,0.502350866795
-0.561697900295,-0.168091237545,1.48563885689,0.0706146135926,0.122298233211,0.85273617506,0.502889335155
