x,y,z,q0,q1,q2,q3
0.59994751215,0.00954769551754,1.3781400919,0.401812762022,0.299907296896,0.478229701519,-0.721039891243
0.600145041943,0.00734910368919,1.37826287746,0.401470512152,0.297918021679,0.474165558815,-0.724729895592
0.600301206112,0.00510132312775,1.37827551365,0.40129545331,0.296070218086,0.4696829319,-0.728493154049
0.600859224796,0.00314530730247,1.37814259529,0.398953378201,0.296231895685,0.462931334972,-0.734014630318
0.600968182087,0.000825449824333,1.3781131506,0.400998294353,0.292616516352,0.459724575281,-0.736362218857
0.601318001747,-0.00108763575554,1.37781083584,0.399826139212,0.291876584291,0.453982889652,-0.740841925144
0.601966023445,-0.00303947925568,1.37746977806,0.399375796318,0.291459769011,0.449923545122,-0.743719816208
0.602278530598,-0.00513601303101,1.37708747387,0.399247080088,0.289843887091,0.444788247347,-0.747499704361
0.602708876133,-0.0070987790823,1.37655377388,0.398606777191,0.287481963634,0.43704521656,-0.753298282623
0.601013541222,-0.00924047827721,1.37503254414,0.394794523716,0.288219094276,0.43323585391,-0.757214426994
0.603331506252,-0.010938808322,1.37555658817,0.398237407207,0.284624189138,0.426714032888,-0.76046782732
0.603518903255,-0.0130200982094,1.3749576807,0.39759773016,0.283163279295,0.421724528074,-0.76412242651
0.603605806828,-0.0149766653776,1.37445211411,0.397111386061,0.28200134635,0.417067617178,-0.767354309559
0.603459239006,-0.017040297389,1.37381923199,0.395856678486,0.281455159187,0.412348717451,-0.770745754242
0.6031883955,-0.0189953446388,1.37341701984,0.395333647728,0.280529588461,0.408194690943,-0.773557782173
0.602840840816,-0.0210967063904,1.37307345867,0.394168257713,0.279982954264,0.404220789671,-0.776431977749
0.60215651989,-0.0230507999659,1.37270784378,0.394514471292,0.278691738844,0.401615649462,-0.778070807457
0.601742327213,-0.0253360271454,1.37253725529,0.391672104597,0.27946600318,0.397257119417,-0.781459271908
0.601034104824,-0.0275214463472,1.37236905098,0.390382528305,0.279328435659,0.394203752279,-0.783696770668
0.600333690643,-0.0295429825783,1.37228786945,0.3893879354,0.279513120651,0.390974104404,-0.785740971565
0.599610865116,-0.031627073884,1.37235379219,0.388387143612,0.27934011817,0.388179600239,-0.787680923939
0.598707020283,-0.0334618538618,1.37245547771,0.390673667192,0.27734798193,0.386899977922,-0.78788369894
0.598252356052,-0.0358349531889,1.37272262573,0.386194944382,0.279285877943,0.382261842489,-0.791662096977
0.597280859947,-0.0375806391239,1.37295341492,0.387133091688,0.278696328402,0.380546867847,-0.792237579823
0.596831023693,-0.0397955179214,1.37325322628,0.384714365005,0.279479086399,0.377127975225,-0.794770896435
0.596193253994,-0.0416950285435,1.37354254723,0.384189933538,0.279503583908,0.374550700188,-0.796233415604
0.595111608505,-0.0432438254356,1.3737860918,0.38704547286,0.278224915266,0.374552875757,-0.795296788216
0.594760119915,-0.0454038232565,1.37407886982,0.383027374744,0.279970854521,0.370545148849,-0.798500299454
0.594004929066,-0.0470758974552,1.37432813644,0.382834345102,0.280398011208,0.368785053492,-0.799257397652
0.593314409256,-0.0488193482161,1.37446284294,0.382605701685,0.280699580908,0.367193073034,-0.799993693829
0.592650830746,-0.0504989027977,1.37463009357,0.381901681423,0.281180560589,0.365293264389,-0.801030278206
0.591137588024,-0.0523276329041,1.37430727482,0.379891842604,0.282400995493,0.364724069834,-0.801815629005
0.591602087021,-0.0535715967417,1.37471306324,0.38159018755,0.281771600246,0.362408936024,-0.802280187607
0.591113686562,-0.055034071207,1.37471437454,0.382239043713,0.282268583775,0.360750764608,-0.802543878555
0.590710520744,-0.0564684122801,1.37468218803,0.382851928473,0.28231549263,0.359972238541,-0.802584767342
0.590052485466,-0.0576235949993,1.37466585636,0.384354323149,0.281984359026,0.360010743141,-0.801965713501
0.589991509914,-0.0592607408762,1.37459552288,0.382910966873,0.283068478107,0.358796089888,-0.802818119526
0.589699566364,-0.0603761523962,1.37447571754,0.382759839296,0.283506542444,0.359299689531,-0.80251032114
0.589523911476,-0.0615292936563,1.3743237257,0.382041096687,0.284317731857,0.358625769615,-0.802867174149
0.587348878384,-0.0628564506769,1.37308824062,0.379237920046,0.285830497742,0.360738784075,-0.802712380886
0.589147150517,-0.0634176880121,1.37402188778,0.383467942476,0.284289836884,0.359040915966,-0.802010774612
0.589228332043,-0.0643811225891,1.37380492687,0.383869826794,0.28379997611,0.359269917011,-0.80188947916
0.589244484901,-0.0652818232775,1.3737487793,0.384253680706,0.283955037594,0.359779804945,-0.801421999931
0.58927989006,-0.066143065691,1.37372231483,0.384608507156,0.283545076847,0.360325813293,-0.801151633263
0.588476419449,-0.0672169178724,1.37324118614,0.38371655345,0.284460484982,0.360715389252,-0.801079511642
0.589695870876,-0.0675949007273,1.37364459038,0.386223971844,0.283283650875,0.360628604889,-0.800330221653
0.590006351471,-0.0682617872953,1.37368559837,0.386206865311,0.282896846533,0.362432837486,-0.799660027027
0.589542508125,-0.0691469162703,1.37352371216,0.385701388121,0.283209860325,0.363940984011,-0.799108088017
0.589897930622,-0.0696425288916,1.37350654602,0.386467188597,0.282761454582,0.364961177111,-0.79843133688
0.590981900692,-0.0696692317724,1.37369036674,0.387965142727,0.281442731619,0.365612953901,-0.797872304916
0.591185212135,-0.0699948519468,1.3736550808,0.390636622906,0.280152827501,0.366423994303,-0.796649813652
0.591676354408,-0.0703306496143,1.3737360239,0.389476299286,0.281112909317,0.366449385881,-0.796867907047
0.592091262341,-0.070465862751,1.37367844582,0.392079591751,0.279445797205,0.36829417944,-0.795325815678
0.592266082764,-0.0704729259014,1.37361431122,0.393850386143,0.278265088797,0.370644599199,-0.793771445751
0.592853069305,-0.0708265453577,1.37367045879,0.390856236219,0.279172003269,0.370526760817,-0.794987022877
0.593265414238,-0.0709361582994,1.37369418144,0.391302257776,0.278470247984,0.372490793467,-0.794095396996
0.593677759171,-0.0709325969219,1.37364959717,0.391498476267,0.277879744768,0.3740645051,-0.793465614319
0.593970000744,-0.0708211958408,1.37365722656,0.391774266958,0.277595996857,0.375679850578,-0.79266512394
0.594310104847,-0.0707417875528,1.37359642982,0.392100036144,0.277089834213,0.377575069666,-0.791780173779
0.594642817974,-0.0705660581589,1.37356948853,0.392422139645,0.276496618986,0.379609853029,-0.79085457325
0.594868481159,-0.0703281462193,1.37348043919,0.394415169954,0.275343120098,0.382839173079,-0.788705945015
0.59514182806,-0.0700700581074,1.37333226204,0.394877165556,0.275326937437,0.385024815798,-0.787415444851
0.594631016254,-0.0700554251671,1.372854352,0.390961766243,0.278104841709,0.386824280024,-0.787511050701
0.595944464207,-0.0694432705641,1.37307178974,0.393329709768,0.277207195759,0.388465493917,-0.785838663578
0.596297025681,-0.0690614581108,1.37289905548,0.394255697727,0.277335613966,0.391120105982,-0.784010529518
0.596575498581,-0.0684776902199,1.37268328667,0.394995838404,0.277725487947,0.394117623568,-0.781996309757
0.59686768055,-0.0680351704359,1.37245035172,0.39584878087,0.278478235006,0.396472394466,-0.780104696751
0.596935033798,-0.0673418045044,1.37217175961,0.398592829704,0.278022229671,0.400364816189,-0.776875495911
0.597048342228,-0.0665021389723,1.37190973759,0.400910675526,0.277811914682,0.403942644596,-0.773900270462
0.596431195736,-0.0662854462862,1.37126874924,0.398759752512,0.279992312193,0.407639473677,-0.772285580635
0.597754061222,-0.0651966929436,1.37135243416,0.401743710041,0.279596567154,0.409525066614,-0.769881248474
0.598006725311,-0.0644998252392,1.3711783886,0.401181548834,0.281421691179,0.411827266216,-0.768279671669
0.598126113415,-0.0636269599199,1.37092852592,0.402292281389,0.282216817141,0.41550719738,-0.765420436859
0.59834253788,-0.0628102421761,1.37071204185,0.40327334404,0.282705456018,0.4191198349,-0.762749552727
0.59830391407,-0.0616630315781,1.37049126625,0.40604776144,0.283067137003,0.424140095711,-0.758355736732
0.598523914814,-0.0609019994736,1.37029969692,0.405904144049,0.284730285406,0.427248448133,-0.756061673164
0.598379433155,-0.059772118926,1.37011885643,0.408630609512,0.284739673138,0.432502359152,-0.751589179039
0.598435401917,-0.05861094594,1.36992609501,0.41119107604,0.287091612816,0.438446044922,-0.745832085609
0.598580777645,-0.0577953159809,1.36979615688,0.409104913473,0.287646383047,0.440895617008,-0.745321273804
0.598423957825,-0.056697010994,1.36960172653,0.41144707799,0.287526667118,0.446454048157,-0.7407553792
0.598263978958,-0.0556200742722,1.3695371151,0.412817537785,0.287864774466,0.452135771513,-0.736402690411
0.598097026348,-0.0542100071907,1.36932468414,0.413223534822,0.289833962917,0.456743627787,-0.732548952103
0.597971618176,-0.0531153231859,1.36926019192,0.414557397366,0.29002353549,0.462573617697,-0.728048205376
0.597786545753,-0.0517362356186,1.36904501915,0.416634827852,0.292331218719,0.469105392694,-0.721732735634
0.597615301609,-0.0502795279026,1.36892282963,0.416937112808,0.292961776257,0.47343736887,-0.718466341496
0.597419679165,-0.0485916435719,1.36869192123,0.418953865767,0.293651074171,0.480904370546,-0.712023735046
0.597306847572,-0.0471317470074,1.3685836792,0.418534427881,0.294251322746,0.485659211874,-0.708787858486
0.596992731094,-0.0454698503017,1.36845684052,0.419143736362,0.295181781054,0.491984158754,-0.703660488129
0.597062110901,-0.0437115728855,1.36819696426,0.418234288692,0.296693235636,0.496945559978,-0.700070202351
0.596996128559,-0.0419006943703,1.36810219288,0.418857574463,0.297493070364,0.503360450268,-0.694755136967
0.596756339073,-0.0400310456753,1.36800599098,0.419120550156,0.298003971577,0.50945264101,-0.689920067787
0.596816122532,-0.0384673178196,1.36793100834,0.418467998505,0.298942744732,0.515524506569,-0.685384809971
0.596795737743,-0.0365400016308,1.3678599596,0.418407082558,0.299196511507,0.521401643753,-0.680850446224
0.596581757069,-0.0348030775785,1.36781191826,0.419386714697,0.297921717167,0.529219269753,-0.674747645855
0.596623957157,-0.032696813345,1.36778283119,0.419407844543,0.297726660967,0.535103023052,-0.670164823532
0.596617817879,-0.0308062285185,1.36764550209,0.419229209423,0.297208666801,0.541597545147,-0.66527146101
0.596723854542,-0.0283720642328,1.36767947674,0.418034166098,0.299283862114,0.54720133543,-0.660490274429
0.596817612648,-0.0261812210083,1.36769044399,0.417502343655,0.298529237509,0.552586257458,-0.656674027443
0.596956551075,-0.0240449756384,1.36770141125,0.417010247707,0.298315823078,0.558283925056,-0.652249157429
0.597105622292,-0.0218516141176,1.36787474155,0.416798681021,0.297545015812,0.564356446266,-0.647493481636
0.597110569477,-0.019625723362,1.36794447899,0.416315972805,0.296889960766,0.57103562355,-0.642227053642
0.597318232059,-0.0173455923796,1.36804962158,0.415363788605,0.296578913927,0.57580024004,-0.638723731041
0.597449123859,-0.015077188611,1.36831355095,0.415155053139,0.295457601547,0.581723630428,-0.633994400501
0.597592353821,-0.0129304677248,1.36838841438,0.41422444582,0.294374078512,0.587609171867,-0.6296646595
0.597812414169,-0.0105639994144,1.36852240562,0.414724647999,0.294305324554,0.591404736042,-0.625802159309
0.597920954227,-0.00820295512676,1.36872839928,0.41247099638,0.29271748662,0.598267734051,-0.621498048306
0.598042547703,-0.00591377913952,1.36892807484,0.412662476301,0.29062461853,0.604559838772,-0.616242229939
0.598212003708,-0.00357142090797,1.36897349358,0.411778450012,0.289642125368,0.610520601273,-0.611400485039
0.598215758801,-0.000984564423561,1.36901295185,0.410934567451,0.289836227894,0.616662323475,-0.605685949326
0.598484098911,0.00153687596321,1.36894834042,0.409683436155,0.290161281824,0.620349347591,-0.602604985237
0.598400592804,0.00392563641071,1.36894762516,0.409648090601,0.288700580597,0.626173317432,-0.597283422947
0.598580896854,0.00662763416767,1.36876296997,0.407611608505,0.288814753294,0.63211029768,-0.592347562313
0.59866309166,0.00914481282234,1.36856091022,0.406620532274,0.288854718208,0.636867463589,-0.587896764278
0.598772585392,0.0118393003941,1.36835539341,0.40719127655,0.288813531399,0.64205634594,-0.581846833229
0.598847866058,0.0145207792521,1.36807596684,0.406715750694,0.28862157464,0.647157669067,-0.576599538326
0.598974645138,0.0173176974058,1.36785924435,0.40639770031,0.288615375757,0.651769936085,-0.571610152721
0.59910184145,0.0200864821672,1.36758637428,0.407337039709,0.287785589695,0.657388627529,-0.564886212349
0.599341988564,0.0227527171373,1.3672772646,0.406842887402,0.287229657173,0.660202682018,-0.562236964703
0.599608063698,0.0254753679037,1.36686480045,0.406566739082,0.286549806595,0.664810299873,-0.557332932949
0.599956512451,0.0284608751535,1.36638987064,0.406731754541,0.286922603846,0.668968617916,-0.552019715309
0.600239634514,0.0313319712877,1.36582756042,0.407815307379,0.286166936159,0.675569832325,-0.543507635593
0.60074108839,0.0338769853115,1.36541032791,0.40695130825,0.286034464836,0.678792417049,-0.540199816227
0.601097285748,0.0367933958769,1.3648942709,0.407961457968,0.284459173679,0.681862413883,-0.536390006542
0.601705491543,0.0396477133036,1.36438345909,0.408151298761,0.284170001745,0.687328875065,-0.529375910759
0.602183520794,0.0424735769629,1.36386716366,0.408889353275,0.283189475536,0.689605593681,-0.526362538338
0.602600932121,0.0453101396561,1.36353302002,0.409577965736,0.281986743212,0.694025456905,-0.520632266998
0.603102624416,0.0482827052474,1.36296725273,0.411208063364,0.280588239431,0.697636783123,-0.515248596668
0.603496432304,0.0510533750057,1.36252069473,0.411510199308,0.280301690102,0.703796267509,-0.506716191769
0.604089677334,0.0539233237505,1.36212825775,0.411848008633,0.279631733894,0.704433381557,-0.505926072598
0.604614436626,0.05677369982,1.36180067062,0.412688165903,0.279240846634,0.707684397697,-0.50089520216
0.605240464211,0.0596857145429,1.36141991615,0.413492500782,0.27889958024,0.710596680641,-0.496277719736
0.60365909338,0.0625091567636,1.360221982,0.410768032074,0.280949324369,0.714564681053,-0.491665095091
0.606101751328,0.0655551254749,1.3606903553,0.414740592241,0.278372019529,0.71534705162,-0.488649129868
0.606335520744,0.0682150945067,1.36033046246,0.415270537138,0.277273952961,0.718768239021,-0.483778685331
0.606747627258,0.0714314132929,1.35986983776,0.415764510632,0.278679966927,0.719837963581,-0.48094779253
0.60701239109,0.0744198486209,1.35945641994,0.415158569813,0.277792453766,0.72365540266,-0.476232796907
0.60714417696,0.0773966312408,1.3590310812,0.417939960957,0.279032677412,0.724252641201,-0.472149431705
0.607298135757,0.0803066566586,1.35855317116,0.416289627552,0.279629647732,0.725560665131,-0.471245080233
0.606088101864,0.0833909660578,1.35692620277,0.41268453002,0.281496822834,0.729457080364,-0.467272311449
0.606092870235,0.0863897800446,1.35629856586,0.415508717299,0.283009052277,0.727594196796,-0.46676030755
0.606148540974,0.0892876833677,1.35584795475,0.415574997663,0.28358322382,0.728455305099,-0.465006500483
0.607509374619,0.091926291585,1.35657143593,0.419374763966,0.280065745115,0.729217588902,-0.462525486946
0.607624828815,0.0949040800333,1.3558921814,0.416245818138,0.27927261591,0.73374247551,-0.458659231663
0.607595741749,0.0978907495737,1.3553082943,0.416431337595,0.279740393162,0.733810305595,-0.458096951246
0.607525229454,0.100941300392,1.3545935154,0.416710585356,0.281669020653,0.733916282654,-0.456488519907
0.607449948788,0.103607103229,1.35409677029,0.416622489691,0.281264603138,0.735080420971,-0.454942375422
0.607291936874,0.106701731682,1.3534142971,0.416637778282,0.282680124044,0.73516947031,-0.453906238079
0.607291996479,0.109617844224,1.35281193256,0.417231410742,0.28372874856,0.73490267992,-0.453137993813
0.60727506876,0.112463138998,1.35222148895,0.417228221893,0.284384727478,0.734811365604,-0.452877640724
0.607125282288,0.115120351315,1.35158216953,0.418013036251,0.284729063511,0.734510302544,-0.452425926924
0.607076704502,0.11791023612,1.35095131397,0.418209969997,0.285843580961,0.73416185379,-0.45210647583
0.606941640377,0.120635800064,1.35037755966,0.419003456831,0.286524713039,0.733474910259,-0.452055722475
0.606969594955,0.123327411711,1.34977447987,0.418974548578,0.287354946136,0.732799232006,-0.452650904655
0.606949210167,0.126061826944,1.34925663471,0.419725656509,0.287850499153,0.732244670391,-0.452537506819
0.606761991978,0.128769397736,1.34871602058,0.420362383127,0.289476513863,0.730951428413,-0.452999740839
0.606715083122,0.131124302745,1.34826123714,0.420834898949,0.289313971996,0.730347394943,-0.453638881445
0.606700778008,0.133980482817,1.34776675701,0.421614319086,0.290859341621,0.728821575642,-0.454380333424
0.606542766094,0.136265829206,1.34746718407,0.422437399626,0.290578454733,0.727840363979,-0.455367058516
0.606527864933,0.138873249292,1.34703314304,0.42383813858,0.291630685329,0.725849747658,-0.456568598747
0.606388390064,0.141269862652,1.34663701057,0.423934370279,0.292086541653,0.724680662155,-0.45804259181
0.606277167797,0.143527984619,1.34626471996,0.424259483814,0.292161345482,0.723765552044,-0.459139406681
0.606251955032,0.145972788334,1.34587132931,0.42544439435,0.29266038537,0.721777617931,-0.460851579905
0.606093168259,0.148332357407,1.34548079967,0.425763428211,0.293832153082,0.720101773739,-0.462430149317
0.60606276989,0.150541841984,1.34518432617,0.426276415586,0.293702423573,0.718773603439,-0.464103370905
0.605750024319,0.152746260166,1.34482717514,0.425440609455,0.294196128845,0.718480587006,-0.465010404587
0.605771064758,0.155205130577,1.34440612793,0.42601954937,0.295328468084,0.716395795345,-0.466974794865
0.605535387993,0.157241821289,1.34398603439,0.427166491747,0.295297384262,0.71507948637,-0.467963248491
0.605530977249,0.159412562847,1.34361422062,0.42753714323,0.296339720488,0.713271021843,-0.469722568989
0.605463325977,0.161524683237,1.34336221218,0.426506280899,0.296131044626,0.713123202324,-0.471013993025
0.605372667313,0.163545116782,1.34304690361,0.427730083466,0.297919154167,0.710281550884,-0.473065704107
0.605345547199,0.165641248226,1.34271800518,0.428977072239,0.29720684886,0.709457933903,-0.47362023592
0.605353295803,0.167385697365,1.34235155582,0.428345501423,0.296680271626,0.709181666374,-0.474934130907
0.605296552181,0.169397830963,1.34204173088,0.429795473814,0.297870606184,0.706829071045,-0.476383984089
0.605210363865,0.171173363924,1.34170138836,0.431134849787,0.298284888268,0.704631984234,-0.478165924549
0.605329751968,0.173098817468,1.34140515327,0.430858701468,0.298226296902,0.704911410809,-0.4780395329
0.605448901653,0.174902945757,1.34108233452,0.432981669903,0.299556016922,0.70195710659,-0.479634582996
0.605511128902,0.176804900169,1.34066390991,0.434155613184,0.299844950438,0.700666308403,-0.48027998209
0.605515360832,0.178338959813,1.34030759335,0.434931784868,0.299967229366,0.699638903141,-0.48099860549
0.605581700802,0.180120900273,1.33998799324,0.436217844486,0.301299035549,0.697657883167,-0.48187816143
0.605751276016,0.181635022163,1.3398630619,0.438023656607,0.300899207592,0.696551501751,-0.482090234756
0.605925261974,0.183254674077,1.3395305872,0.439355313778,0.301122277975,0.695219695568,-0.482661426067
0.605851531029,0.184762328863,1.33891153336,0.439638286829,0.30195197463,0.694024384022,-0.483604490757
0.605912685394,0.186602830887,1.33844149113,0.440937131643,0.30334341526,0.692360818386,-0.48393574357
0.606070399284,0.187982141972,1.33834922314,0.442412823439,0.302914351225,0.691557943821,-0.484005600214
0.605919778347,0.189536124468,1.33758497238,0.442796826363,0.304254263639,0.690139174461,-0.484838455915
0.605812251568,0.190773129463,1.3372272253,0.443719565868,0.304378956556,0.689526259899,-0.484788775444
0.606164336205,0.192268356681,1.33727681637,0.445279657841,0.304840862751,0.688046395779,-0.485170394182
0.606151521206,0.193719998002,1.33685231209,0.446567684412,0.305661708117,0.687053859234,-0.484876483679
0.605892181396,0.194938421249,1.33610343933,0.446704894304,0.306188762188,0.68670719862,-0.48490858078
0.605975091457,0.196374386549,1.33575689793,0.44790288806,0.307220488787,0.685503423214,-0.484854519367
0.605708479881,0.197536498308,1.33527839184,0.447894096375,0.307991564274,0.685178160667,-0.48483300209
0.606138885021,0.198820799589,1.33557498455,0.450171709061,0.307779580355,0.684193193913,-0.484248787165
0.606031477451,0.200004741549,1.33484423161,0.45125234127,0.308309286833,0.683499157429,-0.483886092901
0.606269538403,0.201094150543,1.33497297764,0.45248144865,0.308356612921,0.682717382908,-0.483811855316
0.606365919113,0.202091261744,1.33476424217,0.454128563404,0.308490902185,0.681899726391,-0.483335673809
0.606360375881,0.203547120094,1.33437883854,0.455045372248,0.30968990922,0.681249082088,-0.482623904943
0.606318771839,0.204557523131,1.33417487144,0.455826342106,0.309796184301,0.680811405182,-0.482436031103
0.606238901615,0.205574765801,1.3335711956,0.456419676542,0.310642540455,0.680275022984,-0.48208746314
0.60617429018,0.206543624401,1.33289861679,0.457027733326,0.3113463521,0.679738879204,-0.481813371181
0.604601144791,0.207657396793,1.33164143562,0.455176234245,0.314574509859,0.679788887501,-0.481398582458
0.604623556137,0.208701938391,1.3314063549,0.456236541271,0.314955741167,0.679626584053,-0.480373591185
0.60617262125,0.209500432014,1.33214712143,0.459696948528,0.312604635954,0.678592681885,-0.480072051287
0.606213152409,0.21049696207,1.33171498775,0.460644900799,0.313246876001,0.677966952324,-0.479628533125
0.606240868568,0.211265474558,1.33155071735,0.461627721786,0.313354045153,0.677599310875,-0.479133009911
0.606274247169,0.212071627378,1.33127367496,0.462276220322,0.314051628113,0.677087247372,-0.478774577379
0.606175482273,0.213144719601,1.3309687376,0.463068366051,0.314532309771,0.677154123783,-0.477597922087
0.604581296444,0.214130222797,1.32961010933,0.460815429688,0.317823708057,0.677818953991,-0.476653754711
0.604488968849,0.214631855488,1.32936453819,0.460913002491,0.317536711693,0.678102135658,-0.476347923279
0.606028139591,0.215467378497,1.33003902435,0.464277178049,0.315262883902,0.677444934845,-0.475525557995
0.605942070484,0.216143906116,1.3298740387,0.464646965265,0.315678536892,0.677447557449,-0.474884241819
0.605780005455,0.216674059629,1.32960236073,0.464801281691,0.315657109022,0.677999258041,-0.473959296942
0.605734348297,0.217620521784,1.32941937447,0.465300559998,0.316327899694,0.677912414074,-0.473145663738
0.606414318085,0.218259483576,1.32789731026,0.465464323759,0.316475301981,0.677545309067,-0.47341170907
0.605592131615,0.218910366297,1.32911193371,0.46629473567,0.316568702459,0.678108215332,-0.471723258495
0.605421900749,0.219414129853,1.32899522781,0.466134428978,0.316681116819,0.678385913372,-0.471406787634
0.6038402915,0.22005417943,1.32780408859,0.463214218616,0.319864809513,0.679022789001,-0.471219033003
0.60527586937,0.2206941396,1.32875585556,0.466492146254,0.317378282547,0.678418457508,-0.470536440611
0.605184853077,0.221118807793,1.32870137691,0.466885000467,0.317436635494,0.678107082844,-0.470556259155
0.603462100029,0.221471488476,1.32760798931,0.464091569185,0.319996148348,0.678842067719,-0.470526397228
0.604907929897,0.22181199491,1.32867705822,0.46721470356,0.316741943359,0.678296506405,-0.470424383879
0.604851424694,0.222168847919,1.32868146896,0.467613279819,0.316949248314,0.677603602409,-0.470886766911
0.604817330837,0.222682058811,1.32872211933,0.467855036259,0.316892296076,0.67748773098,-0.470851719379
0.604669868946,0.222920238972,1.32876873016,0.468164205551,0.316602557898,0.676910698414,-0.47156855464
0.604548633099,0.223179489374,1.32884812355,0.467925876379,0.316296100616,0.676758408546,-0.472229033709
0.604336559772,0.223344802856,1.32889354229,0.468093812466,0.316316366196,0.675983250141,-0.473158329725
0.604135990143,0.223319590092,1.32900381088,0.468367218971,0.315761595964,0.675350248814,-0.474161177874
0.60406678915,0.223612487316,1.32908821106,0.468028515577,0.315439879894,0.67505967617,-0.475122570992
0.603757679462,0.223677486181,1.32921493053,0.467861741781,0.315152585506,0.674521505833,-0.476240456104
0.603613197803,0.223892882466,1.32932007313,0.467731535435,0.31502187252,0.673690319061,-0.477629482746
0.603406608105,0.22385391593,1.32942056656,0.467727154493,0.314744442701,0.672894060612,-0.478937089443
0.603876531124,0.223822042346,1.32827448845,0.467105776072,0.314249128103,0.672306060791,-0.480691432953
0.603599667549,0.22388254106,1.32838404179,0.466325610876,0.313736498356,0.671802699566,-0.482484281063
0.602609634399,0.223852619529,1.32985770702,0.465324014425,0.31375336647,0.672803223133,-0.482046067715
0.602282345295,0.223583608866,1.3300306797,0.465017080307,0.313168495893,0.672514379025,-0.48312446475
0.602061390877,0.223431676626,1.33018672466,0.46395739913,0.312467068434,0.672684490681,-0.484358727932
0.602502286434,0.223104417324,1.32904756069,0.462837994099,0.311742246151,0.672415971756,-0.486266076565
0.602201700211,0.222967416048,1.32925605774,0.462432742119,0.311604589224,0.671930968761,-0.487408876419
0.601131677628,0.222611233592,1.33085882664,0.461568325758,0.311324864626,0.671911776066,-0.488432586193
0.600913524628,0.222132146358,1.33111381531,0.46087795496,0.310493290424,0.671782374382,-0.489789634943
0.600392460823,0.221840679646,1.33096945286,0.459475278854,0.310754239559,0.672263681889,-0.490281492472
0.600452184677,0.22142995894,1.33171367645,0.459127426147,0.309812694788,0.672014951706,-0.491542547941
0.600326955318,0.220959633589,1.33204758167,0.459001988173,0.309375554323,0.671323180199,-0.492878556252
0.600092411041,0.22046482563,1.33229529858,0.458038389683,0.308643102646,0.671604394913,-0.493850201368
0.599920272827,0.219606891274,1.33257162571,0.457100272179,0.307357043028,0.672084569931,-0.494867056608
0.600385904312,0.219247490168,1.33148574829,0.456203728914,0.306611061096,0.671801865101,-0.496538043022
0.599457681179,0.218631833792,1.3331091404,0.455258190632,0.30637806654,0.672191619873,-0.497022032738
0.599251508713,0.21776509285,1.33336043358,0.45441159606,0.305575579405,0.671703636646,-0.498946815729
0.598825335503,0.217083454132,1.3332875967,0.452525138855,0.305278897285,0.672529757023,-0.49972948432
0.598913431168,0.216460615396,1.33395373821,0.452655553818,0.304342776537,0.671503305435,-0.501559376717
0.598758220673,0.21546882391,1.33433830738,0.451214104891,0.303770542145,0.671517908573,-0.503182828426
0.598598361015,0.214689522982,1.33461296558,0.45014950633,0.302722722292,0.672110378742,-0.503976404667
0.598428487778,0.213653415442,1.33494985104,0.449016809464,0.301781415939,0.672202110291,-0.505426824093
0.598664581776,0.212899148464,1.33595442772,0.448836356401,0.300425976515,0.671867370605,-0.506837725639
0.598257422447,0.211797937751,1.33589410782,0.447130054235,0.299856960773,0.67180866003,-0.508757054806
0.598265230656,0.210677340627,1.33652675152,0.446928292513,0.298896163702,0.670962512493,-0.510613143444
0.597974300385,0.20944596827,1.33695662022,0.44532251358,0.298096328974,0.67089432478,-0.512569367886
0.598274171352,0.208382770419,1.3353689909,0.443247079849,0.297562390566,0.670471727848,-0.515224635601
0.597627699375,0.207264751196,1.33727955818,0.443185210228,0.29704990983,0.670033812523,-0.516142427921
0.597393929958,0.205824524164,1.33763790131,0.442477434874,0.296219080687,0.669182479382,-0.518326997757
0.597140491009,0.204615309834,1.3380408287,0.441844105721,0.295709311962,0.66799980402,-0.520678460598
0.597045958042,0.203251481056,1.33836221695,0.440899163485,0.294675707817,0.667493462563,-0.522710978985
0.59686589241,0.201811268926,1.33869361877,0.439828783274,0.294319570065,0.666649580002,-0.524886071682
0.596501290798,0.20040255785,1.3390609026,0.438497543335,0.293758243322,0.666187345982,-0.526896953583
0.596480488777,0.198885634542,1.33963894844,0.437661230564,0.292990386486,0.665422141552,-0.528982698917
0.596143305302,0.197475045919,1.33972966671,0.43594878912,0.292758196592,0.665011107922,-0.531038463116
0.595832824707,0.195738196373,1.34012448788,0.435400873423,0.291764050722,0.664060592651,-0.533219993114
0.595626115799,0.194275036454,1.34043073654,0.433409333229,0.291889280081,0.663158178329,-0.53589040041
0.595275759697,0.192483067513,1.34087753296,0.433156609535,0.291276544333,0.662137508392,-0.537687063217
0.594945311546,0.190960347652,1.34122693539,0.431685179472,0.291377663612,0.662441849709,-0.538440287113
0.594551324844,0.1891695261,1.341583848,0.431085586548,0.291301488876,0.662498891354,-0.538891553879
0.59407377243,0.187421023846,1.34195423126,0.429634720087,0.291584014893,0.662563085556,-0.539817690849
0.593617320061,0.185685157776,1.34230768681,0.428191125393,0.291870594025,0.663906157017,-0.539159238338
0.593060433865,0.184010386467,1.34273087978,0.426980853081,0.292033880949,0.665118038654,-0.538536608219
0.592660188675,0.181910544634,1.3430980444,0.425564616919,0.292019724846,0.665959835052,-0.538624882698
0.592271268368,0.179908245802,1.34360611439,0.424313724041,0.29204505682,0.667104840279,-0.538180828094
0.592001259327,0.178144067526,1.34407222271,0.423188686371,0.291980773211,0.668920993805,-0.536845624447
0.591582775116,0.175985842943,1.3445674181,0.422462522984,0.291758567095,0.669927954674,-0.536282598972
0.591496288776,0.173966541886,1.34513628483,0.421975046396,0.291798204184,0.671464264393,-0.534721314907
0.591279745102,0.171610832214,1.34565865993,0.421016573906,0.291871100664,0.672291278839,-0.534397602081
0.591093063354,0.169524312019,1.34635412693,0.420776516199,0.2916495502,0.673321187496,-0.533410012722
0.591287910938,0.16726025939,1.34695184231,0.420286267996,0.290669202805,0.674044251442,-0.533418655396
0.59132283926,0.164821952581,1.34763598442,0.420502871275,0.290448188782,0.673375189304,-0.534212708473
0.591299653053,0.16244110465,1.3482401371,0.420220911503,0.289570391178,0.673989892006,-0.534135758877
0.591259241104,0.160176515579,1.34885120392,0.419227510691,0.289033025503,0.674802899361,-0.534180939198
0.591366946697,0.158007368445,1.34948027134,0.419701635838,0.289150059223,0.673488259315,-0.535403013229
0.591295838356,0.15572988987,1.3500328064,0.419321209192,0.288785248995,0.673795640469,-0.535511136055
0.590990006924,0.15310755372,1.35073041916,0.418589919806,0.288284897804,0.673836529255,-0.536300957203
0.590885698795,0.150967657566,1.35126888752,0.417968273163,0.288503676653,0.673287451267,-0.537356853485
0.590482592583,0.14840272069,1.35185050964,0.417093604803,0.288244873285,0.673390090466,-0.538046419621
0.590154349804,0.145979419351,1.3524916172,0.416459649801,0.28832757473,0.672750771046,-0.539291322231
0.589714348316,0.143211692572,1.35307264328,0.415191113949,0.288076132536,0.672921836376,-0.540189564228
0.589277684689,0.140911787748,1.35369408131,0.414485484362,0.288321852684,0.672668457031,-0.540915489197
0.588928937912,0.138325616717,1.35441017151,0.413616150618,0.287893891335,0.672718524933,-0.541745841503
0.588559448719,0.135609835386,1.35508918762,0.412864506245,0.28781658411,0.672553241253,-0.542564928532
0.588144540787,0.132658451796,1.35574948788,0.411276429892,0.286992639303,0.673144817352,-0.543473243713
0.58774459362,0.130237922072,1.35641217232,0.41094943881,0.287186563015,0.672383189201,-0.544559836388
0.587551057339,0.127170145512,1.35715937614,0.40912771225,0.288217425346,0.671344399452,-0.54666441679
0.5871489048,0.124777883291,1.35776948929,0.409519255161,0.286690741777,0.6721342206,-0.546203255653
0.586798429489,0.12154994905,1.35846400261,0.409287124872,0.284145951271,0.673570156097,-0.545938134193
0.586900830269,0.118753552437,1.35916769505,0.407085686922,0.287563204765,0.670243144035,-0.549875259399
0.586865186691,0.115996643901,1.35976839066,0.406372785568,0.286892741919,0.669733822346,-0.551371335983
0.586684823036,0.113489717245,1.36048340797,0.405925840139,0.284990251064,0.670868873596,-0.551307499409
0.586661696434,0.110465154052,1.36104094982,0.407342731953,0.284336894751,0.66862821579,-0.553317964077
0.586987733841,0.10775475949,1.36172103882,0.405093282461,0.285625994205,0.666690349579,-0.556633889675
0.587013363838,0.105216287076,1.36231720448,0.405029833317,0.283768981695,0.666901111603,-0.557376861572
0.587361097336,0.101861253381,1.3627948761,0.40414378047,0.283401042223,0.664643108845,-0.560893297195
0.587515950203,0.0992182642221,1.36369931698,0.404339373112,0.28261423111,0.663504123688,-0.562495470047
0.587771713734,0.0960323289037,1.36423134804,0.40524277091,0.280426114798,0.661546647549,-0.565239369869
0.587916493416,0.0933214426041,1.36474406719,0.405488044024,0.28032925725,0.659166276455,-0.567886352539
0.586163401604,0.0902748852968,1.36406540871,0.401504486799,0.282312482595,0.658378362656,-0.570641756058
0.588420569897,0.0876424312592,1.36531329155,0.406357258558,0.279945105314,0.653804063797,-0.573624312878
0.588747680187,0.0847284495831,1.36563301086,0.407272934914,0.279514342546,0.651825904846,-0.575433373451
0.588988184929,0.0817147344351,1.36598837376,0.406909644604,0.278449475765,0.648670077324,-0.579756736755
0.589386820793,0.0789057910442,1.36626601219,0.406566619873,0.278364241123,0.645450353622,-0.583618819714
0.589624106884,0.0760126262903,1.36662149429,0.406330406666,0.277644574642,0.642475903034,-0.587395787239
0.590087413788,0.0734881907701,1.36680364609,0.405866593122,0.278040021658,0.638281702995,-0.592083156109
0.590448796749,0.0706382840872,1.36718690395,0.40595766902,0.276252508163,0.635259628296,-0.596094071865
0.590768873692,0.0678030773997,1.36737799644,0.405595421791,0.275988966227,0.631471633911,-0.600471615791
0.591209113598,0.0650596916676,1.36766755581,0.406027078629,0.275760233402,0.627280592918,-0.604662895203
0.591491222382,0.0623124390841,1.36793637276,0.406069457531,0.275341391563,0.623948454857,-0.608262479305
0.59192854166,0.0593606978655,1.36817991734,0.406606793404,0.274445146322,0.618375897408,-0.613972306252
0.592298030853,0.0564778968692,1.36845040321,0.407153278589,0.274569481611,0.613771140575,-0.618160843849
0.592594861984,0.0536864697933,1.36864745617,0.406890183687,0.273457407951,0.609512746334,-0.623021364212
0.593020737171,0.0510224178433,1.36885869503,0.407390087843,0.273091256618,0.604864597321,-0.627370297909
0.593285501003,0.0481622666121,1.36906504631,0.407916724682,0.27270835638,0.600519061089,-0.631356537342
0.59359395504,0.0454880744219,1.3691958189,0.408478349447,0.272652685642,0.596086025238,-0.635206520557
0.593876361847,0.0427748039365,1.36941850185,0.408184528351,0.27215602994,0.590103387833,-0.641166508198
0.59405708313,0.0399863496423,1.36953485012,0.408078223467,0.27141007781,0.585746645927,-0.645530462265
0.594158232212,0.0373376458883,1.36985242367,0.408438026905,0.270829796791,0.581130683422,-0.64970511198
0.59418118,0.0344359204173,1.36996161938,0.408140361309,0.271208316088,0.575187385082,-0.65500164032
0.594028532505,0.0319070070982,1.37030518055,0.408411443233,0.270641922951,0.570494651794,-0.659157812595
0.594034731388,0.0289772078395,1.37035036087,0.406410217285,0.270547330379,0.565419435501,-0.664782643318
0.593782007694,0.026283852756,1.37051868439,0.406908512115,0.271485507488,0.56041187048,-0.66832613945
0.593449234962,0.0236981064081,1.37070333958,0.406073302031,0.271537512541,0.555424630642,-0.672960281372
0.592957794666,0.020856782794,1.37099313736,0.405499100685,0.270940452814,0.551302969456,-0.676924705505
0.592534244061,0.0179996043444,1.37114906311,0.40353807807,0.271644622087,0.546114504337,-0.682001054287
0.592021584511,0.015445381403,1.37128806114,0.402962207794,0.272234737873,0.541611254215,-0.685687363148
0.591369748116,0.0125373005867,1.37153887749,0.401790350676,0.272791177034,0.536754131317,-0.689959764481
0.590773940086,0.00963395833969,1.37165760994,0.40047827363,0.273380339146,0.531732797623,-0.694363474846
0.590011119843,0.00698898732662,1.3719997406,0.400449186563,0.272924989462,0.527641832829,-0.697672247887
0.589414596558,0.00428831577301,1.37209641933,0.398580849171,0.274278044701,0.522651076317,-0.701955020428
0.588848114014,0.00147794187069,1.37239348888,0.397565186024,0.27469047904,0.517697095871,-0.706028997898
0.588067114353,-0.00138577818871,1.3725322485,0.396493703127,0.275024145842,0.513048112392,-0.70988458395
0.587301850319,-0.00415922701359,1.3727824688,0.3961340487,0.274207681417,0.509378969669,-0.713036596775
0.586719036102,-0.00681526958942,1.37285709381,0.394298732281,0.275797009468,0.503956019878,-0.717281639576
0.586043536663,-0.00944149494171,1.37299859524,0.393550425768,0.276081115007,0.499010831118,-0.721030950546
0.585331380367,-0.0120941251516,1.37307870388,0.392189055681,0.276390910149,0.494012176991,-0.725084781647
0.584384560585,-0.0151871740818,1.37321150303,0.392810553312,0.275275796652,0.491122692823,-0.727132499218
0.583773732185,-0.0179665833712,1.37328076363,0.391504585743,0.275446087122,0.486485391855,-0.730880141258
0.582999050617,-0.0203785896301,1.37340629101,0.390754193068,0.275657683611,0.48121213913,-0.73468285799
0.582281470299,-0.0231550633907,1.37345027924,0.389380514622,0.276061564684,0.47650668025,-0.738318443298
0.581576526165,-0.0255738794804,1.37360191345,0.388907760382,0.276635468006,0.471908330917,-0.741300344467
0.580776453018,-0.0281256139278,1.37369632721,0.388154447079,0.27697250247,0.467385292053,-0.74442833662
0.579958498478,-0.0307775735855,1.37364566326,0.387294381857,0.277989149094,0.465066820383,-0.74594771862
0.579238653183,-0.0332991331816,1.37367498875,0.38725322485,0.278022825718,0.459842741489,-0.749188125134
0.578655481339,-0.0354830026627,1.3736205101,0.383467376232,0.280137062073,0.454447448254,-0.75362688303
0.57784229517,-0.0380207747221,1.37369441986,0.382841795683,0.280999809504,0.448948949575,-0.756912231445
0.576999008656,-0.0403980314732,1.37370097637,0.382003128529,0.281244754791,0.444704085588,-0.759745597839
0.576231718063,-0.0428427606821,1.37374567986,0.380193442106,0.281368970871,0.437373310328,-0.764845848083
0.575191915035,-0.0449284315109,1.3736641407,0.380505263805,0.281162023544,0.433640003204,-0.766889870167
0.574557602406,-0.0473916977644,1.37361335754,0.378152787685,0.282449543476,0.42824536562,-0.770602822304
0.573842942715,-0.0496919453144,1.37362599373,0.376931875944,0.283172339201,0.423489928246,-0.773558080196
0.572937965393,-0.0518893748522,1.37350034714,0.377714514732,0.282680332661,0.420191198587,-0.775153458118
0.572267353535,-0.0541399419308,1.37344884872,0.376328378916,0.283359318972,0.415501624346,-0.7781021595
0.5715752244,-0.0564046055079,1.3733934164,0.375368326902,0.283481806517,0.411065757275,-0.780872404575
0.570700824261,-0.0584871023893,1.37337946892,0.373927175999,0.284397900105,0.40637755394,-0.783679544926
0.569885671139,-0.0605166107416,1.37333166599,0.373724669218,0.284482806921,0.402392923832,-0.785798609257
0.569201290607,-0.0626278668642,1.37328708172,0.372462689877,0.285497397184,0.397984564304,-0.788271009922
0.568147540092,-0.0643984377384,1.37331438065,0.37256115675,0.285480797291,0.39545249939,-0.789503872395
0.567368209362,-0.0663567632437,1.37326419353,0.371315270662,0.286141574383,0.390974581242,-0.792077660561
0.566721379757,-0.068651586771,1.37323927879,0.368553847075,0.287510156631,0.386622220278,-0.795002758503
0.56557059288,-0.0706179141998,1.37327313423,0.367199629545,0.2887583673,0.382764577866,-0.797040939331
0.564597129822,-0.0724633932114,1.37323713303,0.365965336561,0.289956539869,0.379018038511,-0.798961818218
0.563250660896,-0.0742541402578,1.37328541279,0.366143286228,0.290477126837,0.376798599958,-0.799740612507
0.561967849731,-0.0762620419264,1.37343966961,0.364015638828,0.292025387287,0.373750239611,-0.801576316357
0.560960829258,-0.0783834457397,1.37362623215,0.360489219427,0.294530153275,0.369890242815,-0.804040312767
0.559434354305,-0.0801469683647,1.37381207943,0.359640747309,0.29585403204,0.368393480778,-0.804621100426
0.558005094528,-0.0821488052607,1.37398159504,0.357978075743,0.297721803188,0.366669565439,-0.805460572243
0.556628644466,-0.0843271166086,1.3741723299,0.354573965073,0.300057262182,0.364545762539,-0.807062268257
0.555140435696,-0.0861346572638,1.37454283237,0.353707283735,0.302061319351,0.363720834255,-0.807067036629
0.553811132908,-0.0880939811468,1.37473154068,0.352396517992,0.303835093975,0.362955719233,-0.807319104671
0.552228808403,-0.0899301469326,1.37499773502,0.353008210659,0.304891347885,0.363579273224,-0.806372523308
0.550910949707,-0.0917592048645,1.37526297569,0.350719243288,0.306954860687,0.36255261302,-0.807050406933
0.549750387669,-0.0935633182526,1.37548220158,0.348708033562,0.309388935566,0.361883074045,-0.807292878628
0.548556029797,-0.0953239798546,1.37570333481,0.347767084837,0.31118658185,0.361299574375,-0.807269215584
0.547124862671,-0.0969344079494,1.37578749657,0.349300056696,0.311131328344,0.362572431564,-0.806057095528
0.546190142632,-0.0985660851002,1.37603151798,0.346725165844,0.313694179058,0.360632479191,-0.807045161724
0.54484808445,-0.0998811274767,1.37614107132,0.347172647715,0.314748376608,0.360559403896,-0.806474745274
0.543995141983,-0.101700693369,1.37627589703,0.344552785158,0.316467761993,0.359191447496,-0.807535171509
0.543075859547,-0.103047028184,1.37638568878,0.343847304583,0.317659914494,0.358602851629,-0.807629466057
0.542271673679,-0.104400768876,1.37646222115,0.342813402414,0.318561047316,0.357256829739,-0.8083101511
0.5413646698,-0.105785265565,1.37662732601,0.342036575079,0.319465756416,0.355873763561,-0.808892250061
0.540670633316,-0.106996238232,1.37670063972,0.340989798307,0.320285558701,0.354239314795,-0.809726893902
0.539827823639,-0.108428686857,1.37673974037,0.339546620846,0.321190983057,0.352499306202,-0.810733437538
0.539089620113,-0.109606161714,1.37682771683,0.338284224272,0.321771085262,0.350766777992,-0.811781942844
0.538410246372,-0.11071267724,1.37684631348,0.337354511023,0.32230168581,0.348915487528,-0.812755644321
0.537617146969,-0.111788481474,1.37685370445,0.336172729731,0.322883576155,0.346779197454,-0.813927710056
0.536778867245,-0.112415283918,1.37698030472,0.336576521397,0.322874218225,0.345739543438,-0.814206838608
0.536405861378,-0.113789409399,1.37705147266,0.333983838558,0.323868632317,0.342467278242,-0.816259860992
0.534877955914,-0.115001559258,1.3769390583,0.332261234522,0.325092852116,0.341933786869,-0.816699743271
0.535107374191,-0.115465223789,1.37716519833,0.332516163588,0.325309664011,0.338148355484,-0.818084537983
0.534288465977,-0.11585201323,1.37718474865,0.333112537861,0.325411081314,0.336879700422,-0.818325042725
0.533667683601,-0.116679817438,1.37723648548,0.33149805665,0.326726198196,0.334138989449,-0.819579303265
0.533039033413,-0.117427632213,1.37725639343,0.331127375364,0.327265739441,0.331728994846,-0.820492327213
0.531741261482,-0.119069159031,1.37705183029,0.329267531633,0.328183412552,0.330973774195,-0.821179032326
0.530814647675,-0.119467243552,1.37672734261,0.328346848488,0.329582184553,0.327712774277,-0.822294533253
0.529401600361,-0.120109573007,1.37632274628,0.323319345713,0.332916021347,0.324161887169,-0.824348628521
0.529941916466,-0.120650008321,1.37713563442,0.325019150972,0.332571804523,0.320022463799,-0.825435817242
0.529357075691,-0.12129509449,1.37706243992,0.326838731766,0.331416100264,0.318141222,-0.82590919733
0.528703272343,-0.121617436409,1.37710082531,0.32706156373,0.331977516413,0.315407365561,-0.826643764973
0.527804136276,-0.122013881803,1.37687408924,0.326353937387,0.333148926497,0.311775386333,-0.827829182148
0.52752238512,-0.122772395611,1.37691116333,0.323980569839,0.333919912577,0.306652694941,-0.830360352993
0.527395248413,-0.12330968678,1.37735486031,0.324078381062,0.334198892117,0.301256328821,-0.832183301449
0.526925563812,-0.123384520411,1.37745332718,0.324261575937,0.334224641323,0.297060400248,-0.833608746529
0.526205897331,-0.123758777976,1.37729406357,0.322597920895,0.334894627333,0.292240291834,-0.835686564445
0.526024639606,-0.1242736727,1.377430439,0.320404946804,0.3353536129,0.286073863506,-0.838475048542
0.525570213795,-0.124597206712,1.37759399414,0.319809406996,0.335063874722,0.281119316816,-0.840491533279
0.525458157063,-0.124998092651,1.37812960148,0.319278389215,0.334696859121,0.275831818581,-0.84258890152
0.525028347969,-0.125001132488,1.37828159332,0.319493919611,0.334381818771,0.269929677248,-0.844541549683
0.524355709553,-0.125114798546,1.37822520733,0.318416774273,0.334033042192,0.265066772699,-0.846624135971
0.524262368679,-0.125051498413,1.378434062,0.3175085783,0.333281964064,0.258902639151,-0.849164783955
0.524322867393,-0.125322803855,1.37891089916,0.316499561071,0.332157462835,0.253887087107,-0.851493358612
0.524295210838,-0.125608429313,1.379103899,0.314099729061,0.331923395395,0.247727066278,-0.854283094406
0.523786008358,-0.125537455082,1.37935125828,0.314285874367,0.331098735332,0.243283107877,-0.855810344219
0.523804247379,-0.125687375665,1.3794926405,0.311832010746,0.329833090305,0.236784756184,-0.859013319016
0.523624002934,-0.1255492419,1.37971878052,0.311312198639,0.329744011164,0.233888968825,-0.860028803349
0.523313641548,-0.125610858202,1.3798866272,0.310606688261,0.329385638237,0.228998482227,-0.861735701561
0.523165464401,-0.125549614429,1.38010346889,0.310014396906,0.329085916281,0.225347414613,-0.863025009632
0.523105084896,-0.125488311052,1.38021636009,0.309000074863,0.328371733427,0.222018912435,-0.8645221591
0.522962927818,-0.125269129872,1.38040828705,0.30879431963,0.328353255987,0.218496575952,-0.865499615669
0.522913694382,-0.125207990408,1.38048052788,0.308808892965,0.327733159065,0.216533750296,-0.866222441196
0.522912204266,-0.125032052398,1.38056850433,0.308628559113,0.327528834343,0.21315330267,-0.867201864719
0.522966504097,-0.124668881297,1.38072037697,0.308297783136,0.32749530673,0.211298629642,-0.867785811424
0.523043096066,-0.124417066574,1.38073170185,0.308397769928,0.327419191599,0.20954066515,-0.86820524931
0.523174881935,-0.124265924096,1.38081908226,0.307544976473,0.327633798122,0.207762673497,-0.868853807449
0.522988557816,-0.123633891344,1.38088476658,0.309467613697,0.327597856522,0.207481712103,-0.868251681328
0.523136436939,-0.123287156224,1.3809492588,0.309701561928,0.327697098255,0.206893846393,-0.868270993233
0.523466646671,-0.122864574194,1.38070511818,0.309484899044,0.327410459518,0.206536754966,-0.868541359901
0.523539245129,-0.122326567769,1.38094711304,0.310302704573,0.327955961227,0.206714704633,-0.868001282215
0.523793399334,-0.121801763773,1.38089859486,0.310808569193,0.32781213522,0.207266539335,-0.867743015289
0.524241685867,-0.121375739574,1.3805782795,0.310838639736,0.327616244555,0.207877114415,-0.867660164833
0.524603486061,-0.120846971869,1.38062691689,0.312648236752,0.327479362488,0.210976839066,-0.866312325001
0.524916529655,-0.120129927993,1.38062548637,0.314445883036,0.327333301306,0.212011754513,-0.865463972092
0.525479376316,-0.119913160801,1.38070940971,0.313501119614,0.327782839537,0.213826492429,-0.865190029144
0.52575469017,-0.118971914053,1.38071775436,0.315591841936,0.327601730824,0.216872677207,-0.863739073277
0.526382565498,-0.118357732892,1.38054513931,0.315943092108,0.327468246222,0.219359368086,-0.86303293705
0.526909172535,-0.117580443621,1.38043749332,0.316931813955,0.327463924885,0.22180095315,-0.862047553062
0.527326285839,-0.116742759943,1.38035941124,0.318647414446,0.32716357708,0.226490139961,-0.860308110714
0.528002619743,-0.11594671011,1.38038468361,0.318591207266,0.327373415232,0.228107482195,-0.859821677208
0.528492331505,-0.11484362185,1.3802832365,0.320539921522,0.327162593603,0.232288450003,-0.858056485653
0.529375731945,-0.114100590348,1.3800868988,0.320012390614,0.327146232128,0.236192211509,-0.857193470001
0.529810607433,-0.112862929702,1.37999427319,0.32336255908,0.327244728804,0.239719703794,-0.854916393757
0.530355215073,-0.111651882529,1.38001692295,0.324721008539,0.326548904181,0.244430601597,-0.853332221508
0.531277298927,-0.110764965415,1.37979900837,0.323877334595,0.326518446207,0.248377606273,-0.852524340153
0.53174674511,-0.109870314598,1.37969267368,0.32453840971,0.326486200094,0.25356695056,-0.850755870342
0.532322943211,-0.108300328255,1.37957346439,0.327640265226,0.326592981815,0.256808787584,-0.848550617695
0.532808423042,-0.106949806213,1.37894797325,0.327784597874,0.325874656439,0.26138523221,-0.847372829914
0.533710241318,-0.105484694242,1.37871932983,0.328405737877,0.326024591923,0.265017300844,-0.845945298672
0.534388184547,-0.103796795011,1.3785238266,0.330177009106,0.325892239809,0.268928974867,-0.844070315361
0.535364091396,-0.102260798216,1.37830066681,0.328579872847,0.326541364193,0.271342426538,-0.843670189381
0.535233438015,-0.100545525551,1.3774061203,0.328520536423,0.327253013849,0.276125311852,-0.841863751411
0.53799957037,-0.0980251580477,1.37804150581,0.333664923906,0.325220406055,0.279488444328,-0.839515089989
0.538829028606,-0.096004575491,1.3776614666,0.335112065077,0.324856609106,0.284039437771,-0.837549805641
0.538550615311,-0.0943187773228,1.37691235542,0.334833413363,0.325608432293,0.288573533297,-0.835817575455
0.540549755096,-0.0915479212999,1.37696957588,0.338510900736,0.324316263199,0.291482716799,-0.833826780319
0.541437923908,-0.0894852429628,1.37650847435,0.340175509453,0.323816001415,0.295721203089,-0.831849038601
0.542271614075,-0.0868951827288,1.37611413002,0.343575328588,0.322793424129,0.300056636333,-0.829292714596
0.543369293213,-0.084606602788,1.37560248375,0.343976855278,0.322577118874,0.302916020155,-0.828170180321
0.543074369431,-0.0824845582247,1.37487149239,0.345158576965,0.322743177414,0.30751016736,-0.825917541981
0.545381784439,-0.0796632170677,1.37485647202,0.346632301807,0.321433037519,0.308040589094,-0.825613558292
0.546244621277,-0.0771681368351,1.37444221973,0.34780228138,0.320376992226,0.310902774334,-0.824458360672
0.546090304852,-0.0748210847378,1.37365198135,0.348218768835,0.319684326649,0.314870268106,-0.823044598103
0.548032522202,-0.0718282461166,1.37368524075,0.350228965282,0.316557258368,0.316205739975,-0.822888314724
0.54910415411,-0.069606974721,1.37337303162,0.34936234355,0.316083163023,0.317177861929,-0.823064684868
0.550071537495,-0.0670986771584,1.37306725979,0.349047124386,0.314472258091,0.31921762228,-0.823026955128
0.550850093365,-0.064669534564,1.37291097641,0.347666680813,0.313290208578,0.320390820503,-0.823606073856
0.551670968533,-0.0622937530279,1.37280118465,0.346711456776,0.311776518822,0.321874499321,-0.824004471302
0.552261352539,-0.0598851293325,1.37267816067,0.347584456205,0.308990806341,0.3242841959,-0.823741197586
0.553167402744,-0.0575645118952,1.37278175354,0.344878911972,0.30794608593,0.325446784496,-0.824810385704
0.553722977638,-0.0552714169025,1.37288451195,0.344822347164,0.305272489786,0.33152487874,-0.823406040668
0.554326355457,-0.0527700036764,1.37295818329,0.342594712973,0.303967386484,0.33107739687,-0.824997246265
0.554173946381,-0.0511339902878,1.37263250351,0.338865399361,0.30379575491,0.334465354681,-0.825234115124
0.555721819401,-0.0484109073877,1.37324881554,0.342854499817,0.299951851368,0.333540737629,-0.825366795063
0.556498885155,-0.046240478754,1.37349057198,0.339291810989,0.300000727177,0.337311953306,-0.825288653374
0.557068288326,-0.0437031537294,1.37376785278,0.338430702686,0.297734051943,0.339304000139,-0.825646340847
0.557721376419,-0.041408225894,1.37395358086,0.338576763868,0.295675247908,0.34183499217,-0.825282335281
0.558407962322,-0.0390655249357,1.37415134907,0.337990581989,0.293743491173,0.344643563032,-0.825044214725
0.559150993824,-0.0369671434164,1.37434566021,0.3376557827,0.292077809572,0.346451640129,-0.825015485287
0.559428572655,-0.0349232405424,1.37407243252,0.336846083403,0.290480732918,0.348970174789,-0.824848771095
0.561183989048,-0.031987965107,1.37436187267,0.339170277119,0.287925720215,0.349557310343,-0.824543535709
0.562831223011,-0.0293633192778,1.37340784073,0.338511258364,0.285826683044,0.348976552486,-0.825789690018
0.563753545284,-0.0268406569958,1.37355816364,0.339513152838,0.284419238567,0.350142478943,-0.82537060976
0.564949989319,-0.0242682695389,1.37354695797,0.341107398272,0.282538741827,0.348928570747,-0.825873196125
0.565681874752,-0.0218107402325,1.37328732014,0.340325385332,0.281741201878,0.351065784693,-0.825562417507
0.566631197929,-0.0190577656031,1.37322461605,0.343347400427,0.279495894909,0.351752579212,-0.824781596661
0.568021059036,-0.0167410671711,1.37315964699,0.339904040098,0.280153393745,0.349300324917,-0.827023983002
0.569167137146,-0.0141829699278,1.3733625412,0.341597557068,0.278436303139,0.348343998194,-0.827309370041
0.569454073906,-0.0123560130596,1.37435913086,0.345340013504,0.276111006737,0.350872963667,-0.825464248657
0.571448326111,-0.00918537378311,1.37325584888,0.347441464663,0.273618847132,0.347109615803,-0.827001810074
0.571529448032,-0.00708974897861,1.37436974049,0.351043969393,0.272246301174,0.34818893671,-0.825478434563
0.572735846043,-0.00473070144653,1.37423050404,0.351438492537,0.270802944899,0.346223771572,-0.826611101627
0.574064254761,-0.00166806578636,1.37400484085,0.350205659866,0.272256076336,0.341569393873,-0.828590929508
0.574996590614,0.000818938016891,1.3738130331,0.352058380842,0.271362394094,0.338385790586,-0.829404950142
0.57590597868,0.00370214879513,1.37370312214,0.352942287922,0.271308630705,0.337146490812,-0.829551458359
0.576668262482,0.00603978335857,1.37348771095,0.353949934244,0.270352572203,0.336472034454,-0.82970815897
0.57710069418,0.00848557054996,1.37343192101,0.35461011529,0.270788431168,0.336131483316,-0.829422175884
0.577517092228,0.0111628174782,1.37332582474,0.355762690306,0.271279662848,0.335991472006,-0.828824520111
0.577551603317,0.0138299018145,1.37326872349,0.357819974422,0.271269917488,0.336973279715,-0.827542424202
0.578043997288,0.0160591006279,1.3731957674,0.357333004475,0.272330462933,0.337107390165,-0.827349960804
0.578111767769,0.0188766866922,1.37312364578,0.360349267721,0.272394299507,0.33852738142,-0.825438737869
0.579037070274,0.0214886069298,1.37154698372,0.360679477453,0.272144556046,0.337910115719,-0.825629711151
0.579416692257,0.0239978730679,1.37127423286,0.361294299364,0.272408246994,0.339570313692,-0.824592113495
0.579691886902,0.0264374017715,1.37106204033,0.363242030144,0.273263633251,0.340113908052,-0.823228240013
0.580029964447,0.0289398729801,1.37089192867,0.364412486553,0.27378487587,0.341677188873,-0.821889400482
0.580384612083,0.0313012823462,1.37057578564,0.365580022335,0.274126201868,0.343127846718,-0.820651769638
0.580645859241,0.0338149890304,1.3703738451,0.366758674383,0.274847567081,0.344175964594,-0.819444894791
0.580939948559,0.0361969694495,1.37012720108,0.367981046438,0.275038838387,0.345679610968,-0.818198740482
0.581350922585,0.0386793538928,1.36978912354,0.369077384472,0.275103777647,0.346361935139,-0.817394196987
0.581589460373,0.0408044606447,1.36956036091,0.370071142912,0.274842530489,0.347501546144,-0.816548645496
0.582298636436,0.0432348698378,1.37000203133,0.373782277107,0.273969501257,0.348716944456,-0.814631283283
0.582254171371,0.0455827862024,1.36911547184,0.37266394496,0.274926543236,0.348485052586,-0.814920425415
0.582772791386,0.0481434836984,1.36925506592,0.373980253935,0.275089859962,0.347518652678,-0.814674854279
0.582880318165,0.05016964674,1.36912238598,0.376000642776,0.274112761021,0.349222272635,-0.813344657421
0.583318054676,0.0527214929461,1.36882710457,0.375631392002,0.274749547243,0.347501218319,-0.814037203789
0.583380818367,0.0550422817469,1.36837553978,0.376192301512,0.274468779564,0.346434444189,-0.814327597618
0.583795249462,0.0572559684515,1.36855614185,0.377040296793,0.274207442999,0.346273422241,-0.814091861248
0.583975434303,0.0595536753535,1.36842083931,0.378095179796,0.273901730776,0.345366954803,-0.81409060955
0.583898484707,0.0617151036859,1.36798489094,0.378101080656,0.273677438498,0.345295280218,-0.814193785191
0.583976447582,0.0638595297933,1.36781835556,0.378500372171,0.273543119431,0.344840943813,-0.814245998859
0.583971679211,0.0659966245294,1.36773478985,0.378718584776,0.27341735363,0.344870358706,-0.814174234867
0.583698511124,0.0678212195635,1.36764848232,0.379977524281,0.272222727537,0.345867872238,-0.813564658165
0.583650648594,0.0699766725302,1.36743783951,0.379397422075,0.272854596376,0.345116823912,-0.813942492008
0.583513319492,0.0720570832491,1.36736536026,0.379226446152,0.27289685607,0.345315933228,-0.813923537731
0.583196818829,0.0739754885435,1.36728608608,0.379044175148,0.27285322547,0.345647156239,-0.813882529736
0.582891047001,0.0759412869811,1.36726522446,0.379574716091,0.272906512022,0.34623286128,-0.81336826086
0.582490324974,0.0778855159879,1.36729168892,0.380812168121,0.272712677717,0.347863227129,-0.812158286572
0.58210515976,0.0796102955937,1.3671836853,0.379862397909,0.273453295231,0.34844070673,-0.812106490135
0.581736981869,0.0814398601651,1.36707496643,0.379079788923,0.272725850344,0.348251640797,-0.812797605991
0.5812754035,0.0832098349929,1.36706101894,0.380781710148,0.272907823324,0.350203841925,-0.811100482941
0.580947697163,0.0849759876728,1.36692559719,0.382766008377,0.275496035814,0.354096114635,-0.807594060898
0.580433130264,0.0865759402514,1.36692416668,0.382509917021,0.273361682892,0.353626221418,-0.80864584446
0.57929712534,0.0878793746233,1.36836469173,0.383838802576,0.277201861143,0.358906209469,-0.804371297359
0.579006135464,0.0894868001342,1.36829018593,0.381910771132,0.276914089918,0.357289373875,-0.80610615015
0.578475236893,0.0911088585854,1.36831128597,0.382600784302,0.276551604271,0.361627131701,-0.803966224194
0.578125476837,0.0924144387245,1.36820340157,0.383403807878,0.276520192623,0.363748133183,-0.802636504173
0.577664971352,0.0937780737877,1.36815333366,0.386321395636,0.278193622828,0.36730247736,-0.799032628536
0.57728934288,0.0952180922031,1.36810731888,0.385019659996,0.27737480402,0.367146670818,-0.800016582012
0.576763212681,0.0965991839767,1.3680562973,0.385757446289,0.278089821339,0.368872523308,-0.798617780209
0.576414465904,0.0977680981159,1.36793875694,0.386232405901,0.279431581497,0.369623154402,-0.797572135925
0.574724674225,0.0988924652338,1.36705100536,0.388098448515,0.279277652502,0.373271673918,-0.795016884804
0.575333416462,0.1000354141,1.3678330183,0.388877093792,0.27946922183,0.373216480017,-0.794594943523
0.574826538563,0.101174980402,1.36767327785,0.388542801142,0.281803965569,0.375281989574,-0.792959213257
0.574222326279,0.102107785642,1.36765730381,0.390988171101,0.281880408525,0.37763941288,-0.790607511997
0.573685228825,0.102884918451,1.36738228798,0.390583336353,0.283371537924,0.379230618477,-0.789512217045
0.573058724403,0.10408052057,1.36727833748,0.391829013824,0.284562587738,0.380771517754,-0.787722826004
0.572253465652,0.104789733887,1.36727309227,0.393900841475,0.285162359476,0.383470982313,-0.785158991814
0.571418046951,0.105873964727,1.36712396145,0.394982546568,0.287186354399,0.385239362717,-0.783009290695
0.570667982101,0.106430798769,1.36685931683,0.394004583359,0.289349943399,0.386628121138,-0.782020390034
0.569761931896,0.10704061389,1.36674654484,0.396655857563,0.29025632143,0.389643609524,-0.778841018677
0.56892067194,0.107445031404,1.36660945415,0.397347509861,0.291934192181,0.392241597176,-0.776553869247
0.568094432354,0.108228579164,1.36643159389,0.398881316185,0.294109791517,0.394105345011,-0.773998856544
0.567129313946,0.108798056841,1.36620306969,0.398156702518,0.297249019146,0.396064609289,-0.772170543671
0.566232919693,0.109253786504,1.36598336697,0.399318277836,0.299407064915,0.398322045803,-0.769571244717
0.565454483032,0.109695620835,1.36585879326,0.40070065856,0.301420390606,0.400852590799,-0.766747653484
0.56456810236,0.110206820071,1.36581552029,0.401546984911,0.303948223591,0.402887880802,-0.764236211777
0.561763823032,0.110282205045,1.36451327801,0.399148732424,0.308130741119,0.406327158213,-0.761993467808
0.562857687473,0.110548138618,1.36556077003,0.403173297644,0.308123707771,0.406861037016,-0.759588897228
0.562050700188,0.110602833331,1.36542153358,0.404321074486,0.309960693121,0.409109324217,-0.757019400597
0.561185479164,0.110650479794,1.36534547806,0.405412644148,0.312003016472,0.411165356636,-0.754478514194
0.560424149036,0.110593721271,1.36524820328,0.406508952379,0.314334779978,0.412941366434,-0.751946568489
0.559549689293,0.110736496747,1.36507892609,0.406882226467,0.316615819931,0.414424866438,-0.74996894598
0.558802187443,0.110613264143,1.36490869522,0.407781749964,0.318563491106,0.41598957777,-0.747786104679
0.558842539787,0.110721230507,1.36359965801,0.409247398376,0.319170206785,0.417344242334,-0.745969772339
0.5570307374,0.110121622682,1.36460053921,0.40855962038,0.32229372859,0.420699745417,-0.743113517761
0.556528627872,0.109712153673,1.36437392235,0.406923085451,0.32480058074,0.421833723783,-0.742276549339
0.555693626404,0.109279438853,1.36420345306,0.406324833632,0.326339423656,0.423901259899,-0.740749955177
0.555001378059,0.108769416809,1.36404156685,0.407296985388,0.328098654747,0.425298631191,-0.738634884357
0.552315235138,0.108063384891,1.36293268204,0.403339773417,0.33153411746,0.42859300971,-0.737367093563
0.553585648537,0.107755094767,1.363945961,0.407312661409,0.331476837397,0.432095259428,-0.733152925968
0.552885472775,0.107211746275,1.3639138937,0.407722085714,0.332316696644,0.434081673622,-0.731369614601
0.552219808102,0.106317609549,1.36388993263,0.407031029463,0.332894593477,0.433653891087,-0.731745362282
0.551718771458,0.105470575392,1.36390638351,0.406709551811,0.333457678556,0.435273617506,-0.730705320835
0.551079034805,0.104523949325,1.36404550076,0.406912207603,0.334799736738,0.439331799746,-0.727543234825
0.550544977188,0.103550828993,1.36416113377,0.405895531178,0.33515354991,0.438256651163,-0.728595972061
0.550074279308,0.102590709925,1.36431741714,0.406236082315,0.336283922195,0.441467583179,-0.725941956043
0.549654960632,0.101546525955,1.36449861526,0.405867755413,0.336026102304,0.440717965364,-0.726722478867
0.549180090427,0.100517883897,1.3648660183,0.405982553959,0.336437761784,0.441598802805,-0.725932776928
0.548712968826,0.0993273258209,1.36512899399,0.405443668365,0.336971580982,0.442471206188,-0.725454926491
0.548179268837,0.0981053039432,1.36552143097,0.404880553484,0.337271332741,0.443462252617,-0.725024878979
0.547449946404,0.0972656458616,1.36592078209,0.405972599983,0.33750602603,0.444454491138,-0.723696172237
0.547093212605,0.0956372320652,1.36641609669,0.404179275036,0.338137060404,0.444541454315,-0.724351763725
0.546588301659,0.0940114036202,1.36702275276,0.403548717499,0.338644742966,0.445031046867,-0.724165439606
0.546178519726,0.0925066024065,1.36755645275,0.402773886919,0.338950753212,0.44536331296,-0.724249362946
0.545507848263,0.0910509973764,1.36827754974,0.403190672398,0.338541388512,0.446848392487,-0.723293542862
0.544992148876,0.0894715338945,1.36896312237,0.402999848127,0.33917543292,0.447025418282,-0.722993433475
0.545101463795,0.0876613482833,1.36811244488,0.386848658323,0.349821716547,0.436910152435,-0.732859015465
0.544574081898,0.0858462303877,1.36888098717,0.385980606079,0.350231766701,0.436957478523,-0.733092665672
0.544258773327,0.0840803310275,1.36966657639,0.385457217693,0.350603252649,0.436686187983,-0.733352124691
0.543298065662,0.0823171660304,1.37199914455,0.401016294956,0.341007322073,0.44944190979,-0.721735417843
0.543541431427,0.080271653831,1.37123048306,0.384935170412,0.350866764784,0.436501532793,-0.733610212803
0.543232262135,0.0783741101623,1.3720896244,0.38457390666,0.351154983044,0.43623572588,-0.733819842339
0.542557299137,0.0766495540738,1.37424778938,0.399371027946,0.341386765242,0.445923686028,-0.724644780159
0.542395830154,0.074360050261,1.37483012676,0.398666977882,0.341430902481,0.445956557989,-0.724991321564
0.542259454727,0.0723165944219,1.37531805038,0.398990035057,0.341080486774,0.446061968803,-0.724913597107
0.542673587799,0.0701808035374,1.37423968315,0.384358584881,0.350742697716,0.436358064413,-0.734057068825
0.542440891266,0.0680278763175,1.37590694427,0.395622223616,0.343089848757,0.443550854921,-0.727348089218
0.542172551155,0.0658683851361,1.37642300129,0.398902595043,0.340565681458,0.445927381516,-0.725286722183
0.542192220688,0.0636020004749,1.376542449,0.398459225893,0.340466320515,0.445776641369,-0.725669503212
0.542294919491,0.0614575147629,1.37671530247,0.399214208126,0.339785456657,0.446143835783,-0.725347757339
0.542238473892,0.0591808930039,1.37676048279,0.398546814919,0.340024590492,0.445327758789,-0.726104080677
0.542120277882,0.0571038946509,1.37681686878,0.399876952171,0.339166164398,0.445894151926,-0.725426256657
0.542272031307,0.0543515086174,1.37685716152,0.398238360882,0.33926564455,0.444933056831,-0.726869761944
0.542237758636,0.0520946383476,1.37693047523,0.398134291172,0.339496701956,0.444357573986,-0.727170884609
0.542249917984,0.0496103465557,1.37689590454,0.39736944437,0.33940950036,0.443736851215,-0.728008568287
0.542229712009,0.0471844673157,1.37695145607,0.397036075592,0.339223772287,0.443207293749,-0.728599309921
0.542029321194,0.0447570234537,1.37711691856,0.399349749088,0.337280660868,0.444522559643,-0.727434754372
0.541952669621,0.042447462678,1.37716555595,0.400357306004,0.336329847574,0.444661617279,-0.727236032486
0.542127788067,0.0396909415722,1.37723910809,0.39877346158,0.336864024401,0.442935377359,-0.728910505772
0.542112231255,0.0372866168618,1.37726545334,0.399548858404,0.336044043303,0.442720800638,-0.728994846344
0.542717456818,0.0343569815159,1.37723445892,0.395166128874,0.338076889515,0.439061611891,-0.732647776604
0.542906999588,0.0317227840424,1.37728762627,0.394648015499,0.337732374668,0.438260495663,-0.733564913273
0.542864859104,0.029369816184,1.37751471996,0.397908598185,0.335335701704,0.439619958401,-0.732088267803
0.543167114258,0.0267255157232,1.37748730183,0.397774040699,0.334839224815,0.438649624586,-0.732970058918
0.543296456337,0.0242224186659,1.37758493423,0.397708147764,0.33469080925,0.437959998846,-0.7334856987
0.54333370924,0.0218724384904,1.37770223618,0.399016141891,0.333690196276,0.4380877316,-0.733154892921
0.543865680695,0.0190166532993,1.37765491009,0.394661694765,0.335847049952,0.434559464455,-0.736618757248
0.543997883797,0.0164524018764,1.37780714035,0.39494740963,0.335632324219,0.433680832386,-0.737081110477
0.544005095959,0.0141794532537,1.37790489197,0.396050065756,0.334790587425,0.433411896229,-0.737030446529
0.54423469305,0.0114023536444,1.37797784805,0.394759744406,0.33520424366,0.43214532733,-0.738277316093
0.543922305107,0.00891596078873,1.37796080112,0.39904153347,0.331807047129,0.434932142496,-0.735869586468
0.544439315796,0.00638276338577,1.37789309025,0.394264101982,0.33494913578,0.43133354187,-0.7391320467
0.544481635094,0.00377726554871,1.37784898281,0.39330342412,0.33493193984,0.430638968945,-0.740056097507
0.54460144043,0.0012883991003,1.37779116631,0.393186539412,0.334671258926,0.430386304855,-0.740383148193
0.54460811615,-0.00122977793217,1.37771487236,0.393435388803,0.335174292326,0.429890781641,-0.740311324596
0.544606804848,-0.00359067320824,1.37763094902,0.394325584173,0.333987414837,0.430594056845,-0.739965200424
0.544633626938,-0.00602999329567,1.37747812271,0.394067883492,0.333646148443,0.430652111769,-0.740222632885
0.544903159142,-0.00874161720276,1.37747597694,0.392614901066,0.334232062101,0.429245978594,-0.741545915604
0.545043706894,-0.0112155377865,1.37729620934,0.392477661371,0.334245711565,0.429069548845,-0.741714596748
0.545095026493,-0.0136928111315,1.37701773643,0.391932785511,0.333808064461,0.428711086512,-0.742406725883
0.545242190361,-0.0160053819418,1.37683188915,0.39191403985,0.333888351917,0.427849590778,-0.742877423763
0.545266091824,-0.0183684825897,1.37668669224,0.391801506281,0.333414256573,0.427561044693,-0.743315637112
0.545206606388,-0.020504295826,1.37652337551,0.392577588558,0.332959026098,0.427318900824,-0.743249475956
0.545493483543,-0.023082703352,1.37640726566,0.39117026329,0.333203345537,0.426481574774,-0.74436211586
0.545648872852,-0.025309830904,1.37625062466,0.391229391098,0.333387255669,0.42523124814,-0.744963765144
0.545562386513,-0.0272794514894,1.37609350681,0.39216119051,0.332642644644,0.425213575363,-0.744816720486
0.545815825462,-0.0296097099781,1.37598073483,0.39207816124,0.332344889641,0.42432948947,-0.74549716711
0.545856714249,-0.0317078232765,1.3758302927,0.391894668341,0.332391649485,0.422957092524,-0.746352314949
0.546113193035,-0.03396679461,1.37583184242,0.390084087849,0.332724153996,0.4214374125,-0.748010456562
0.546308040619,-0.0359886586666,1.37583208084,0.389675557613,0.332812935114,0.419532626867,-0.749253630638
0.54652518034,-0.0379256010056,1.37588214874,0.389690428972,0.332293391228,0.417314112186,-0.75071400404
0.546832382679,-0.0398026257753,1.37593984604,0.389952152967,0.331904649734,0.414949983358,-0.752059280872
0.546163678169,-0.0419408529997,1.37554776669,0.387724161148,0.333109974861,0.412250757217,-0.754159808159
0.547416388988,-0.0434761196375,1.37603378296,0.389702528715,0.331200569868,0.409262001514,-0.755607545376
0.545770823956,-0.0454885363579,1.37502753735,0.385284811258,0.332582235336,0.407742261887,-0.758083701134
0.548122465611,-0.0469666570425,1.37610948086,0.388374894857,0.329426020384,0.403569668531,-0.760115146637
0.546239078045,-0.0486629903316,1.37509548664,0.384988456964,0.330089300871,0.402332633734,-0.762203037739
0.548679471016,-0.0500168800354,1.3761844635,0.386055350304,0.327942818403,0.396846830845,-0.765459060669
0.549143373966,-0.0517064929008,1.37632405758,0.383981972933,0.327382355928,0.392833143473,-0.768804848194
0.549171447754,-0.0529972314835,1.37635278702,0.383841663599,0.32564869523,0.390511542559,-0.770791351795
0.549684643745,-0.0545331686735,1.37657821178,0.38130775094,0.325199395418,0.386108219624,-0.774448335171
0.549764275551,-0.0558164864779,1.37667191029,0.381256371737,0.323118120432,0.38384282589,-0.776468336582
0.549976348877,-0.0571484863758,1.37694394588,0.379838943481,0.322116136551,0.380287051201,-0.779323637486
0.550279319286,-0.0583095699549,1.37715673447,0.378005176783,0.321165770292,0.376473486423,-0.782452940941
0.550480365753,-0.059610158205,1.37744343281,0.376254111528,0.319873213768,0.373224943876,-0.785377085209
0.550579071045,-0.0607589185238,1.37767755985,0.374375194311,0.318949878216,0.369452983141,-0.788428127766
0.550736904144,-0.0618491768837,1.37801039219,0.372777342796,0.31793859601,0.366193890572,-0.791109502316
0.550811588764,-0.0626775175333,1.37824249268,0.372279256582,0.316235780716,0.363098204136,-0.793449997902
0.550933539867,-0.0636850148439,1.37861299515,0.370273470879,0.315209001303,0.359248608351,-0.796543300152
0.551021099091,-0.0645661652088,1.37889659405,0.369069010019,0.314195811749,0.354945957661,-0.799426436424
0.551316261292,-0.0657993406057,1.37923169136,0.365825235844,0.313466131687,0.350825607777,-0.803014576435
0.551507055759,-0.0665360838175,1.37954092026,0.364090055227,0.312308222055,0.346866488457,-0.805968761444
0.551672101021,-0.0672560036182,1.37985515594,0.362736612558,0.311275690794,0.343573600054,-0.808385312557
0.551755964756,-0.0678883343935,1.38006639481,0.360816389322,0.310337454081,0.340412706137,-0.810938715935
0.551732063293,-0.0685214698315,1.38032400608,0.359595030546,0.309585094452,0.337179750204,-0.813116431236
0.551778495312,-0.0692670494318,1.38054800034,0.357608824968,0.309263467789,0.333860427141,-0.815481007099
0.551695346832,-0.0697522461414,1.38079082966,0.35655272007,0.308630079031,0.331438869238,-0.817169547081
0.551682412624,-0.0702268928289,1.38097012043,0.35516628623,0.307928353548,0.328973919153,-0.819031894207
0.551585018635,-0.070706769824,1.3811750412,0.353771835566,0.307369172573,0.326557487249,-0.820810556412
0.551617383957,-0.0711948573589,1.38146686554,0.35097849369,0.307771116495,0.323031514883,-0.823250770569
0.55156815052,-0.0715834796429,1.38162136078,0.349638432264,0.307106494904,0.321523338556,-0.82465839386
0.551498770714,-0.0719268023968,1.38170897961,0.34814453125,0.306619286537,0.319878637791,-0.826110064983
0.551401138306,-0.072197675705,1.38185894489,0.346771538258,0.306204020977,0.318349421024,-0.82743114233
0.551195859909,-0.0722570121288,1.38188004494,0.347037643194,0.304889559746,0.318077683449,-0.827909290791
0.550997257233,-0.0724581032991,1.38203239441,0.345566540956,0.304329752922,0.31764870882,-0.828894793987
0.551024734974,-0.0726527273655,1.38202476501,0.343707889318,0.303747624159,0.317030847073,-0.83011674881
0.550966799259,-0.0728602558374,1.38206315041,0.342943400145,0.303190886974,0.317621678114,-0.830410480499
0.550878286362,-0.0727127939463,1.38222157955,0.342379152775,0.302786678076,0.318271696568,-0.830541908741
0.551240324974,-0.0720863640308,1.38099932671,0.343112468719,0.300269037485,0.318885117769,-0.830917954445
0.5509365201,-0.0724357962608,1.38228499889,0.342102915049,0.301075637341,0.320016086102,-0.830607533455
0.55102699995,-0.0722434669733,1.38242089748,0.341696441174,0.300766706467,0.321133852005,-0.830455362797
0.551124572754,-0.0722111910582,1.38251101971,0.341124176979,0.300270646811,0.322750091553,-0.830243527889
0.55129224062,-0.0719826072454,1.38258934021,0.340617626905,0.299889326096,0.323837935925,-0.830165743828
0.552178025246,-0.071238592267,1.38178098202,0.340743988752,0.298023760319,0.324545174837,-0.830509364605
0.551817953587,-0.0713513940573,1.38306248188,0.338456630707,0.300068795681,0.325587153435,-0.83030039072
0.552153289318,-0.0710243284702,1.38321828842,0.338189959526,0.299365311861,0.32686278224,-0.830161809921
0.552328884602,-0.0700224041939,1.38341200352,0.340168207884,0.298749685287,0.328463375568,-0.828942775726
0.552805602551,-0.0694459229708,1.38346529007,0.339275747538,0.298869937658,0.32878267765,-0.829138636589
0.553094685078,-0.0687088519335,1.38353836536,0.33944684267,0.298887401819,0.329890608788,-0.828621983528
0.553435146809,-0.0678937286139,1.3836350441,0.339380681515,0.298721373081,0.330589354038,-0.8284304142
0.553777813911,-0.0670554935932,1.38370835781,0.339549452066,0.298550188541,0.331525087357,-0.828049063683
0.554114282131,-0.0661808699369,1.38381803036,0.340257287025,0.298199057579,0.332535296679,-0.827479720116
0.554420173168,-0.0649300664663,1.38384592533,0.342107594013,0.297754734755,0.33320069313,-0.826608717442
0.555000185966,-0.0640402287245,1.38399112225,0.34120503068,0.298238307238,0.33300152421,-0.826887667179
0.555642306805,-0.0629705637693,1.38404750824,0.341297358274,0.298519343138,0.332704871893,-0.826867520809
0.555932939053,-0.0614883154631,1.38411986828,0.343870431185,0.298082411289,0.333579689264,-0.825605630875
0.556568741798,-0.0604514628649,1.38427948952,0.343611091375,0.299162060022,0.332807451487,-0.825634777546
0.556934535503,-0.0589906722307,1.38432836533,0.346270948648,0.299361944199,0.332983136177,-0.824379265308
0.557689428329,-0.0577542930841,1.38427519798,0.346401721239,0.300581276417,0.331170350313,-0.824610829353
0.558764576912,-0.0557977408171,1.38276457787,0.348521918058,0.300153017044,0.329224795103,-0.824652552605
0.559362411499,-0.0542353391647,1.38260507584,0.350527733564,0.301071017981,0.328176349401,-0.823885321617
0.559281110764,-0.0528963059187,1.38366961479,0.353166520596,0.30285102129,0.328086316586,-0.822139918804
0.560137033463,-0.0514141321182,1.38337516785,0.353510558605,0.304115980864,0.325492292643,-0.822556138039
0.560752570629,-0.0496324151754,1.38312542439,0.355627834797,0.305049479008,0.323848813772,-0.821946203709
0.561395406723,-0.0478671193123,1.38267886639,0.357432156801,0.305918127298,0.321774572134,-0.821655392647
0.561915874481,-0.0457938164473,1.38220083714,0.360630512238,0.306611329317,0.320394337177,-0.820537984371
0.562565743923,-0.0439275056124,1.38177442551,0.362611234188,0.307480961084,0.31814712286,-0.820213973522
0.56347566843,-0.0421408712864,1.38137471676,0.363623321056,0.308673202991,0.316378980875,-0.820002019405
0.564059436321,-0.0399796515703,1.38085436821,0.366708338261,0.309005856514,0.315482974052,-0.818847239017
0.56472915411,-0.0378137081861,1.38048529625,0.36933606863,0.309944093227,0.313954293728,-0.81789880991
0.565591216087,-0.0360577553511,1.38003778458,0.368869364262,0.311397761106,0.312119066715,-0.81825953722
0.566425681114,-0.0341209322214,1.37961494923,0.368639528751,0.313537716866,0.309963256121,-0.818365335464
0.56514787674,-0.0318678766489,1.37839150429,0.368198215961,0.316371738911,0.310084164143,-0.817426979542
0.565736830235,-0.0295951813459,1.37801921368,0.372042864561,0.316209346056,0.310676962137,-0.815521717072
0.568438887596,-0.0272543132305,1.37879407406,0.375309884548,0.316000431776,0.308579385281,-0.814901888371
0.569129765034,-0.025240406394,1.37851262093,0.377129912376,0.316746026278,0.308232486248,-0.813902914524
0.569806396961,-0.0228322595358,1.37834429741,0.378871113062,0.31813248992,0.307954579592,-0.81265771389
0.570342719555,-0.0204584002495,1.37812852859,0.380798250437,0.319410204887,0.308264344931,-0.811136841774
0.570843994617,-0.0181771963835,1.37793421745,0.384143978357,0.319549888372,0.309523612261,-0.809021949768
0.570497214794,-0.0160618573427,1.37735974789,0.384518712759,0.321175426245,0.311129748821,-0.80758279562
0.571901917458,-0.0131282955408,1.37768089771,0.390432655811,0.320701777935,0.311235636473,-0.804888308048
0.572647511959,-0.0107299238443,1.37755823135,0.390542626381,0.322229802608,0.310744136572,-0.804414391518
0.573261201382,-0.00836133956909,1.37737929821,0.392774194479,0.323505431414,0.310256063938,-0.803002953529
0.573604047298,-0.00567042827606,1.37726581097,0.395854651928,0.323413133621,0.312879532576,-0.800505697727
0.574273228645,-0.00340157747269,1.37721467018,0.396112054586,0.324773937464,0.313021212816,-0.799771845341
0.574565470219,-0.000792801380157,1.37708699703,0.399417638779,0.324798315763,0.315277218819,-0.797227621078
0.573012411594,0.00137168169022,1.37584102154,0.397244304419,0.327739387751,0.316697150469,-0.796546816826
0.575203716755,0.00405703485012,1.37693297863,0.402627468109,0.325249999762,0.320148140192,-0.793478786945
0.575983047485,0.00655572116375,1.37660717964,0.401172816753,0.326805382967,0.320632398129,-0.793381094933
0.576366961002,0.0088084936142,1.37635350227,0.401935875416,0.327189922333,0.323564946651,-0.791643917561
0.576584935188,0.0115566402674,1.37612771988,0.403938114643,0.327042728662,0.327047109604,-0.789251208305
0.577175557613,0.0137964189053,1.37601363659,0.401637166739,0.328622549772,0.328853189945,-0.789018750191
0.577463626862,0.0162076801062,1.37576651573,0.402186393738,0.329132914543,0.332473933697,-0.787006318569
0.577584505081,0.0188418775797,1.37556111813,0.404185384512,0.328314304352,0.337489575148,-0.784184157848
0.577977120876,0.0211435109377,1.3753234148,0.403130322695,0.329030275345,0.341024309397,-0.78289681673
0.578295588493,0.023288808763,1.37509787083,0.403323203325,0.328817814589,0.345793962479,-0.7807918787
0.578452467918,0.0260922387242,1.37494266033,0.403524011374,0.32933345437,0.350181728601,-0.778511822224
0.578794896603,0.0285405367613,1.37472331524,0.403827667236,0.329108089209,0.355209290981,-0.77616840601
0.578948020935,0.0309828817844,1.37447178364,0.404127120972,0.329061746597,0.360858261585,-0.773421704769
0.579100847244,0.0334631204605,1.37435460091,0.404249042273,0.329289913177,0.366383641958,-0.770658075809
0.579379022121,0.0358673408628,1.3740748167,0.404135107994,0.329024136066,0.372660011053,-0.767816781998
0.579553365707,0.0382762849331,1.37391519547,0.404013365507,0.329293012619,0.379413366318,-0.764450550079
0.579524099827,0.0408044978976,1.37373042107,0.403650313616,0.329472154379,0.386293053627,-0.761112511158
0.579752027988,0.0432779937983,1.3736038208,0.403613120317,0.329445332289,0.393798500299,-0.757288098335
0.579941272736,0.045706987381,1.37331140041,0.403333693743,0.329146027565,0.401369869709,-0.753582835197
0.580095887184,0.048213750124,1.3731559515,0.403302431107,0.328745126724,0.40942054987,-0.749432265759
0.580217540264,0.0506937876344,1.37304401398,0.402870237827,0.328486591578,0.417550623417,-0.745280981064
0.580278158188,0.0533244758844,1.37295436859,0.402274489403,0.328562915325,0.425570249557,-0.741020739079
0.580494999886,0.0557985752821,1.37275660038,0.401556581259,0.327777475119,0.433868139982,-0.736934781075
0.580419480801,0.0584106966853,1.37260150909,0.402330756187,0.326953232288,0.442136615515,-0.731947302818
0.58083319664,0.0606623366475,1.37240040302,0.400158435106,0.32673600316,0.449412316084,-0.728797197342
0.581079006195,0.0631677061319,1.37219619751,0.401547193527,0.327218830585,0.454749912024,-0.724493145943
0.581375896931,0.0657256096601,1.37205731869,0.400326758623,0.326140880585,0.463063955307,-0.720376610756
0.581625759602,0.0682902187109,1.37189674377,0.399828702211,0.324856251478,0.471683949232,-0.715625405312
0.579997956753,0.0706783384085,1.37074005604,0.395020723343,0.326500415802,0.480652093887,-0.711568593979
0.582388162613,0.073354691267,1.37152266502,0.397347062826,0.32226896286,0.488109737635,-0.707111656666
0.58281904459,0.0759888887405,1.37125742435,0.396012485027,0.320996791124,0.495697677135,-0.703149318695
0.58315217495,0.0786680430174,1.37113058567,0.395523309708,0.320086956024,0.506333947182,-0.696226596832
0.583650708199,0.0813962891698,1.37099146843,0.393972784281,0.317706346512,0.51450753212,-0.69219237566
0.584213614464,0.0839389637113,1.37077403069,0.392539441586,0.315332531929,0.520357310772,-0.6897149086
0.584712922573,0.0865997746587,1.37060832977,0.391807079315,0.313720494509,0.528262257576,-0.684839963913
0.585232079029,0.0889988839626,1.37048113346,0.390698254108,0.31151714921,0.535698354244,-0.680690348148
0.585861027241,0.0918584987521,1.37024331093,0.390151828527,0.310214519501,0.543182909489,-0.675648450851
0.586357295513,0.0942784994841,1.36993861198,0.388791173697,0.307992488146,0.550510525703,-0.671506047249
0.586676478386,0.0969911441207,1.36976242065,0.388684153557,0.305561423302,0.558463811874,-0.666089355946
0.587372004986,0.099725946784,1.36947917938,0.385185033083,0.304423391819,0.566627264023,-0.661734461784
0.587786257267,0.102324284613,1.36920523643,0.385272115469,0.301818311214,0.574169933796,-0.656353533268
0.588376224041,0.104585766792,1.36899256706,0.38486173749,0.299782156944,0.580847263336,-0.651635408401
0.58904671669,0.107431218028,1.36864340305,0.384769052267,0.299048691988,0.586695969105,-0.646769285202
0.589914381504,0.110333219171,1.36822807789,0.384424567223,0.297629892826,0.592579066753,-0.642249405384
0.590537190437,0.112519688904,1.36790716648,0.384131789207,0.295169621706,0.599492073059,-0.63712400198
0.591423392296,0.115355364978,1.36742782593,0.381603509188,0.29474902153,0.605558037758,-0.633088588715
0.592094898224,0.118107184768,1.36705207825,0.383194029331,0.294515252113,0.608994781971,-0.628926455975
0.593101501465,0.120705738664,1.36646807194,0.383367598057,0.293383032084,0.613709211349,-0.62475335598
0.593965291977,0.122998908162,1.36584413052,0.383303672075,0.293004304171,0.61769258976,-0.621033608913
0.594957709312,0.126184314489,1.36531949043,0.383086293936,0.294338285923,0.620865046978,-0.617362618446
0.595840990543,0.128590553999,1.36452269554,0.383235782385,0.293715417385,0.624040007591,-0.614357948303
0.596657037735,0.130861893296,1.36374926567,0.383524268866,0.293306708336,0.62961435318,-0.608659446239
0.597731769085,0.133688747883,1.36298847198,0.384362131357,0.293311208487,0.63279736042,-0.604815483093
0.598466277122,0.135930925608,1.36230051517,0.385368853807,0.291907787323,0.637180626392,-0.600234627724
0.599455714226,0.138563960791,1.36139261723,0.385719150305,0.291985601187,0.640635609627,-0.596281170845
0.600182950497,0.140571683645,1.3605684042,0.386590749025,0.290686815977,0.645035743713,-0.591589152813
0.601114988327,0.143705487251,1.35972225666,0.386945277452,0.292051762342,0.647638678551,-0.58782941103
0.602053999901,0.145464763045,1.35879874229,0.387600153685,0.291811078787,0.650725185871,-0.584097146988
0.602993667126,0.148317039013,1.35795927048,0.388521462679,0.292096614838,0.653475701809,-0.580258786678
0.603965520859,0.150930091739,1.35700249672,0.389043986797,0.292793422937,0.656732976437,-0.575863420963
0.605031430721,0.153150558472,1.35608816147,0.390025258064,0.292863726616,0.658967077732,-0.572602391243
0.606114923954,0.155415534973,1.3551697731,0.39108479023,0.293155789375,0.661006093025,-0.569371044636
0.607216536999,0.157656341791,1.35424721241,0.392638981342,0.293311625719,0.663168251514,-0.565695106983
0.608231842518,0.15985225141,1.35329496861,0.393620401621,0.294010549784,0.664880633354,-0.562631905079
0.609322786331,0.162178263068,1.35230445862,0.395051211119,0.294758498669,0.66667932272,-0.559098064899
0.610222816467,0.164588585496,1.35120737553,0.398537755013,0.292301088572,0.670016646385,-0.553900122643
