x,y,z,q0,q1,q2,q3
0.709586977959,-0.0228789560497,1.38523328304,0.0178129710257,0.0706897377968,0.693976223469,-0.716297864914
0.709343910217,-0.0236742608249,1.3853136301,0.017322011292,0.0697231963277,0.694142818451,-0.716243267059
0.709137737751,-0.0246973801404,1.38533997536,0.0164586342871,0.0689274445176,0.693423092365,-0.717037439346
0.708815515041,-0.0255869440734,1.38525867462,0.0159397106618,0.0681886821985,0.693745970726,-0.716807365417
0.708753049374,-0.0266393050551,1.38530671597,0.0168168954551,0.0689112469554,0.700233817101,-0.710381090641
0.708715856075,-0.0269323512912,1.38537085056,0.0141973821446,0.066755130887,0.693821191788,-0.716906130314
0.708262979984,-0.0279964916408,1.38535189629,0.0142478281632,0.0661490038037,0.694784879684,-0.716027438641
0.708157479763,-0.0287325046957,1.38524150848,0.0135895991698,0.0656069144607,0.694876372814,-0.716001331806
0.707884073257,-0.0297232232988,1.3854329586,0.0132438698784,0.0646793544292,0.695392608643,-0.715590894222
0.707657933235,-0.0308656189591,1.3854227066,0.0134679153562,0.0646033585072,0.696048259735,-0.714955806732
0.707621395588,-0.0315996333957,1.38559913635,0.0122447898611,0.0641687959433,0.696253299713,-0.714817464352
0.707708656788,-0.0322237685323,1.38560557365,0.0113289318979,0.0637848079205,0.700447976589,-0.71075719595
0.707310736179,-0.0333152338862,1.38561451435,0.0109434956685,0.0628169625998,0.696818232536,-0.714407861233
0.707255065441,-0.0338236950338,1.38560140133,0.0100288996473,0.0618029199541,0.696714401245,-0.714611172676
0.707279860973,-0.0347334593534,1.38559949398,0.00945217255503,0.0618560127914,0.701631128788,-0.709787428379
0.707124829292,-0.0359657630324,1.38561463356,0.00947996880859,0.0621101185679,0.702083349228,-0.709317624569
0.706580519676,-0.0363545790315,1.38539791107,0.00811778567731,0.0600117892027,0.698584258556,-0.712960600853
0.706728100777,-0.0374918021262,1.38553822041,0.00786731392145,0.0609768852592,0.698731541634,-0.712737262249
0.706634879112,-0.0383840203285,1.38551235199,0.00697945337743,0.0605395622551,0.699257910252,-0.712267279625
0.706591784954,-0.0389432944357,1.38552188873,0.00577022181824,0.0599301196635,0.699289500713,-0.712298810482
0.706490457058,-0.0397051535547,1.38553369045,0.0055007468909,0.061452627182,0.703369498253,-0.708141803741
0.706227362156,-0.0407010242343,1.38537824154,0.00509379245341,0.0593632310629,0.700410723686,-0.711248993874
0.706306636333,-0.0414909757674,1.38533568382,0.00414277147502,0.0590287968516,0.704712629318,-0.707020998001
0.706127285957,-0.0425603613257,1.38535284996,0.00419012643397,0.0588410235941,0.705451965332,-0.706298589706
0.705803096294,-0.0433550849557,1.38535141945,0.00402731215581,0.0585767701268,0.702021598816,-0.709731221199
0.705913245678,-0.0441622585058,1.38536715508,0.00308550917543,0.0582652501762,0.706276357174,-0.705527663231
0.705639302731,-0.0449121370912,1.38537657261,0.0027585492935,0.0576380081475,0.702630639076,-0.709211170673
0.705864965916,-0.0456131510437,1.38554251194,0.0017228826182,0.0575676336884,0.706719279289,-0.70514601469
0.705762565136,-0.0463590212166,1.3855779171,0.00143156491686,0.0572976842523,0.707642912865,-0.704241812229
0.705460965633,-0.0470742583275,1.3855509758,0.000530858931597,0.0564417466521,0.703486740589,-0.708463430405
0.705072700977,-0.0479130446911,1.38513672352,0.00184709508903,0.0561808347702,0.705916166306,-0.706061422825
0.705333530903,-0.0486476756632,1.38534927368,0.000593156262767,0.0557388439775,0.708504259586,-0.703501701355
0.705127120018,-0.0492980852723,1.3854765892,-2.27147484111e-05,0.0553102008998,0.704865276814,-0.707181632519
0.704990386963,-0.0499736666679,1.38549828529,-0.000449314567959,0.0547482147813,0.705337464809,-0.706754088402
0.704763710499,-0.0507067926228,1.38539946079,-0.000565756694414,0.0542542003095,0.705854594707,-0.706275761127
0.704655170441,-0.0513683073223,1.38537693024,-0.000998954521492,0.053799983114,0.705992400646,-0.706172287464
0.704649746418,-0.0520288720727,1.38552975655,-0.000936126918532,0.0540442988276,0.707605719566,-0.704537093639
0.704537451267,-0.0528619214892,1.3855932951,-0.000952782982495,0.0540987811983,0.7081990242,-0.703936576843
0.704518020153,-0.0532612018287,1.38554477692,-0.00246628234163,0.0528878457844,0.707127451897,-0.705101191998
0.704412460327,-0.054004304111,1.38553154469,-0.002444738755,0.0529075860977,0.707738339901,-0.704486548901
0.704258143902,-0.0543419793248,1.38530313969,-0.00239863363095,0.0538996681571,0.711762607098,-0.700345039368
0.704083383083,-0.055122692138,1.38530218601,-0.00254230597056,0.0524663254619,0.709992647171,-0.702247440815
0.703998863697,-0.05565886572,1.3852751255,-0.00315451575443,0.052007034421,0.710162341595,-0.702107429504
0.704163789749,-0.0560218095779,1.38542592525,-0.00431855255738,0.0514142550528,0.709209918976,-0.703106880188
0.704070150852,-0.0565442852676,1.38541269302,-0.00495218858123,0.0507209450006,0.709352314472,-0.703009426594
0.703833341599,-0.0571311488748,1.38538694382,-0.0100587299094,0.0523599646986,0.709369003773,-0.702817738056
0.703766167164,-0.0575524382293,1.38538467884,-0.00965437479317,0.0538796260953,0.713587760925,-0.698424220085
0.703589856625,-0.0580488070846,1.38527989388,-0.00959545653313,0.0540158003569,0.715509951115,-0.696445047855
0.703455805779,-0.0587399862707,1.38517653942,-0.00982747413218,0.051934890449,0.712207615376,-0.699976146221
0.703473329544,-0.0590690858662,1.38516712189,-0.0109940003604,0.0514074489474,0.711021900177,-0.70120203495
0.703509449959,-0.0595393180847,1.38536262512,-0.0111590018496,0.0536046922207,0.715013623238,-0.696963071823
0.703424036503,-0.0598183572292,1.38529253006,-0.0116015076637,0.0529355108738,0.715257048607,-0.696757316589
0.703209996223,-0.0603572800756,1.38512289524,-0.0120203290135,0.050948228687,0.711949884892,-0.700276494026
0.703100204468,-0.0608140043914,1.38511288166,-0.0114069329575,0.05103430897,0.713629841805,-0.698568463326
0.703159749508,-0.0612718611956,1.38527262211,-0.0112615339458,0.0530821941793,0.717551410198,-0.694388568401
0.702992975712,-0.0614758767188,1.38506805897,-0.0113586923108,0.0526536926627,0.717848479748,-0.694112539291
0.702737689018,-0.0615482591093,1.38478136063,-0.0116868466139,0.0516420789063,0.718690931797,-0.693310797215
0.702806711197,-0.0620270930231,1.38495790958,-0.0116849550977,0.0519178994,0.718628823757,-0.693354785442
0.702595412731,-0.0624679774046,1.38474845886,-0.0120774349198,0.0498418137431,0.715199530125,-0.697036325932
0.702555954456,-0.0626977086067,1.38471877575,-0.0130508756265,0.0493281371891,0.714064776897,-0.698217868805
0.702468693256,-0.062995582819,1.38468003273,-0.0130480471998,0.049170397222,0.714170873165,-0.69812053442
0.702368557453,-0.0632709860802,1.38467478752,-0.0131898382679,0.0489214360714,0.714128613472,-0.69817841053
0.702566862106,-0.0636808797717,1.38487303257,-0.0128619419411,0.049233071506,0.718034982681,-0.694144546986
0.702281177044,-0.0639149025083,1.38484871387,-0.0118655432016,0.0507094077766,0.718108355999,-0.693979918957
0.702076613903,-0.064148388803,1.38457620144,-0.0116187362,0.0503290630877,0.718276321888,-0.693837821484
0.702000081539,-0.0643876343966,1.38457989693,-0.0111443223432,0.0501930788159,0.718439519405,-0.693686723709
0.701903283596,-0.0647024959326,1.38455998898,-0.0113489683717,0.0493952594697,0.718186974525,-0.694002091885
0.701807141304,-0.0650293380022,1.38480913639,-0.0113003877923,0.0485199615359,0.715253055096,-0.697087585926
0.701498329639,-0.0652290657163,1.38458323479,-0.00997054204345,0.048293299973,0.716787159443,-0.695546269417
0.701610088348,-0.0653574690223,1.3846976757,-0.00975376274437,0.0492015779018,0.719677090645,-0.692494869232
0.701513290405,-0.0657366961241,1.38472807407,-0.00945114623755,0.0479209795594,0.716492295265,-0.695882916451
0.701472699642,-0.0658588185906,1.38471770287,-0.0100407237187,0.047238510102,0.715093076229,-0.697359025478
0.701492965221,-0.0660511255264,1.38487684727,-0.00967662036419,0.0472215227783,0.714817225933,-0.697648048401
0.701478004456,-0.0661633089185,1.38488507271,-0.00945575814694,0.0468847863376,0.714662790298,-0.697832047939
0.70138835907,-0.0663870573044,1.38486325741,-0.00892660487443,0.0467288196087,0.714783906937,-0.697725296021
0.70138579607,-0.0665080472827,1.3848631382,-0.0086132613942,0.0465636067092,0.714781105518,-0.697743356228
0.701343894005,-0.0666845068336,1.38485014439,-0.00817762035877,0.0463455840945,0.714767038822,-0.697777330875
0.701310038567,-0.0668389424682,1.38483309746,-0.00777427572757,0.0462085902691,0.71478843689,-0.697769105434
0.701266884804,-0.066987991333,1.38480877876,-0.00749199604616,0.0460482984781,0.714733183384,-0.69783949852
0.701257169247,-0.067117549479,1.38479399681,-0.0074436836876,0.0459143519402,0.714624524117,-0.697959959507
0.701254546642,-0.0672744289041,1.38477015495,-0.00715171173215,0.0459090545774,0.714647471905,-0.697939991951
0.700954735279,-0.0673797428608,1.38433218002,-0.00641700997949,0.0451986640692,0.715038061142,-0.697593390942
0.700963914394,-0.0674888417125,1.38430345058,-0.00635145930573,0.045102301985,0.714846372604,-0.69779664278
0.701101183891,-0.0675361678004,1.38449430466,-0.00660242931917,0.045178283006,0.714517056942,-0.698126673698
0.701135516167,-0.0676369071007,1.38446962833,-0.00662769889459,0.0451443195343,0.714195430279,-0.698457598686
0.701163709164,-0.0677309185266,1.38444471359,-0.00666557252407,0.0452846065164,0.714057087898,-0.698589622974
0.701209127903,-0.0678242668509,1.38442873955,-0.00669925194234,0.0454162247479,0.71384203434,-0.698800623417
0.70124822855,-0.0678523406386,1.38440215588,-0.00595703395084,0.047325450927,0.716948091984,-0.695492982864
0.701301932335,-0.0679363757372,1.38436985016,-0.00599804427475,0.0477101020515,0.716748058796,-0.69567245245
0.701335549355,-0.0680423900485,1.38434505463,-0.00612617470324,0.0484082102776,0.716563105583,-0.695813596249
0.701384723186,-0.0681858062744,1.38423550129,-0.00690271705389,0.0467600002885,0.712579190731,-0.699997842312
0.70144289732,-0.0682745873928,1.38418245316,-0.00701606553048,0.0471353456378,0.712301909924,-0.700253725052
0.701493620872,-0.0683441609144,1.38413453102,-0.0071446984075,0.0475522652268,0.71206510067,-0.700465083122
0.701614141464,-0.0685103312135,1.38433039188,-0.00722955632955,0.0482150502503,0.711404561996,-0.701089560986
0.70160484314,-0.0685051083565,1.3842792511,-0.00653842929751,0.0504853650928,0.714914798737,-0.697355985641
0.701608240604,-0.0685738325119,1.38422822952,-0.00664595933631,0.0510323680937,0.714827358723,-0.697404801846
0.701595664024,-0.0686909407377,1.38416957855,-0.00727353058755,0.0490431077778,0.710738837719,-0.701706767082
0.701541006565,-0.0687220096588,1.38413059711,-0.00720099639148,0.049008499831,0.710679292679,-0.70177012682
0.701487183571,-0.0687651634216,1.38409233093,-0.00707300845534,0.0489786937833,0.710636496544,-0.70181697607
0.701428353786,-0.0687334164977,1.38405609131,-0.0061307917349,0.0507553070784,0.714640200138,-0.697621524334
0.701354563236,-0.0687823444605,1.38401019573,-0.00638222647831,0.0509275235236,0.714650928974,-0.697595596313
0.701310396194,-0.0688069015741,1.38398230076,-0.00616513937712,0.0504587590694,0.714850902557,-0.697426915169
0.701257705688,-0.06881377846,1.38396573067,-0.00604564975947,0.050223223865,0.715081036091,-0.697208881378
0.701193988323,-0.0688318759203,1.38393867016,-0.00592072540894,0.0499458014965,0.7153236866,-0.696980893612
0.701135993004,-0.0688989460468,1.38391780853,-0.00650848494843,0.0477576926351,0.712073147297,-0.700448811054
0.701084196568,-0.0689015761018,1.38389289379,-0.00633415998891,0.0475848540664,0.712604761124,-0.699921548367
0.701020896435,-0.068895816803,1.38388049603,-0.00622473517433,0.0472142249346,0.712926268578,-0.699620068073
0.700960218906,-0.0688988640904,1.3838750124,-0.00601507350802,0.0466200150549,0.713387489319,-0.699191570282
0.700850486755,-0.0689583271742,1.38386273384,-0.00510670663789,0.0466367453337,0.714965999126,-0.697583377361
0.700800657272,-0.0689496770501,1.38390719891,-0.0049926918,0.0463401563466,0.715404868126,-0.697153925896
0.700750946999,-0.0689093619585,1.3839006424,-0.00492608128116,0.0459213741124,0.715815484524,-0.69676053524
0.700460553169,-0.0687871798873,1.38345611095,-0.00507418904454,0.0445886440575,0.715624928474,-0.697041630745
0.700643360615,-0.0688278079033,1.3837044239,-0.00502245314419,0.0446408241987,0.719339728355,-0.693204462528
0.700433969498,-0.0688178539276,1.38372397423,-0.00492928456515,0.0437710806727,0.716033875942,-0.696674525738
0.700331926346,-0.068790063262,1.38372516632,-0.00471754278988,0.0432079210877,0.716337382793,-0.69639903307
0.700247585773,-0.0687739998102,1.38372123241,-0.00452416203916,0.0428851954639,0.716862380505,-0.695879876614
0.700241088867,-0.0687448382378,1.38368415833,-0.00430436339229,0.0422079898417,0.717270553112,-0.69550204277
0.70017105341,-0.0686803907156,1.38368558884,-0.00426813960075,0.0415882766247,0.717587649822,-0.695212423801
0.700020670891,-0.0687132179737,1.38368988037,-0.00303703662939,0.0417088791728,0.719504058361,-0.693228006363
0.699934482574,-0.0685801357031,1.38371264935,-0.00365297030658,0.0406834110618,0.718705892563,-0.694113433361
0.699867546558,-0.0684064030647,1.38349556923,-0.00335411867127,0.0402337945998,0.72308665514,-0.689576506615
0.699760496616,-0.0684958100319,1.38372218609,-0.00305513688363,0.0393727310002,0.719421625137,-0.693450093269
0.69969856739,-0.0684349238873,1.38371801376,-0.00299731991254,0.0388163216412,0.719675183296,-0.693218529224
0.699627697468,-0.0683806762099,1.38371741772,-0.00296090333723,0.0382009372115,0.71977263689,-0.693151831627
0.699278235435,-0.0679880902171,1.38359761238,-0.00308951223269,0.0364304296672,0.720322608948,-0.692674994469
0.699437737465,-0.068253621459,1.38370990753,-0.00263962824829,0.036869391799,0.720564484596,-0.692402005196
0.699345111847,-0.0682213008404,1.38370108604,-0.00217451271601,0.0364639610052,0.721178650856,-0.691785395145
0.699198246002,-0.0681509301066,1.38367092609,-0.0019386021886,0.0358891859651,0.721480190754,-0.691501677036
0.699084997177,-0.0680731609464,1.38366794586,-0.00177580118179,0.0351625420153,0.721705794334,-0.691304028034
0.698977231979,-0.0679654031992,1.38366115093,-0.00175394047983,0.0342476293445,0.721680045128,-0.69137686491
0.699000239372,-0.0677376687527,1.38371384144,-0.00215287716128,0.0330752208829,0.721821367741,-0.691285431385
0.698929190636,-0.0676921010017,1.38380920887,-0.001836717478,0.0327691994607,0.722258687019,-0.690843820572
0.698643326759,-0.0675060451031,1.38355612755,-0.00136903300881,0.0320714525878,0.72308409214,-0.690013647079
0.69837975502,-0.0674364492297,1.38338565826,-0.000660634541418,0.0307048596442,0.723496615887,-0.689644515514
0.698236048222,-0.0673251599073,1.38335466385,-0.000393376190914,0.029949400574,0.723793148994,-0.689366579056
0.698134660721,-0.0672011002898,1.38333034515,-0.000320295803249,0.0289229173213,0.724021971226,-0.689170241356
0.697913408279,-0.0670329853892,1.38328683376,6.23813320999e-05,0.0282216966152,0.72388702631,-0.689341247082
0.697812616825,-0.0668893903494,1.38326919079,4.80861745018e-05,0.0268867816776,0.723967730999,-0.68930965662
0.697702646255,-0.0666758045554,1.3832616806,0.000336496334057,0.0262493900955,0.724349915981,-0.688932597637
0.697568058968,-0.0664682686329,1.38321781158,0.00109815201722,0.0263206101954,0.727237701416,-0.685880184174
0.697452545166,-0.0662122964859,1.38336277008,0.000547108298633,0.0246267076582,0.724675834179,-0.688649535179
0.697291493416,-0.0659122020006,1.38334834576,0.00129854632542,0.0257550682873,0.72811549902,-0.684969186783
0.696995675564,-0.065768353641,1.3832359314,0.00178493908606,0.0248666387051,0.728298783302,-0.684806168079
0.696795403957,-0.0655464231968,1.3832321167,0.0021107532084,0.024084744975,0.728406727314,-0.684718251228
0.696731865406,-0.0652479678392,1.38333773613,0.00215882225893,0.0229880623519,0.72832095623,-0.684847056866
0.696708500385,-0.0650929436088,1.38355517387,0.00235939328559,0.0226497296244,0.727971494198,-0.685229182243
0.696565568447,-0.0648422166705,1.38360548019,0.00252489140257,0.0219233669341,0.727650225163,-0.685593247414
0.696431577206,-0.0647007003427,1.38358962536,0.00202661263756,0.0192284286022,0.72462105751,-0.688876330853
0.696202397346,-0.0643252134323,1.38361692429,0.00300136813894,0.0205053631216,0.72759193182,-0.685697197914
0.696012198925,-0.0640607103705,1.38362312317,0.00333545985632,0.0196752157062,0.72732436657,-0.686003625393
0.695683181286,-0.0637995675206,1.38348925114,0.00411888258532,0.0186701063067,0.727241635323,-0.686115145683
0.695686459541,-0.0635863021016,1.38373720646,0.00420032721013,0.0185549147427,0.726954996586,-0.686421453953
0.695302844048,-0.0632100626826,1.3835504055,0.00498967710882,0.0171803683043,0.727022647858,-0.686380445957
0.695057332516,-0.0629508495331,1.38355123997,0.00657476019114,0.0168419163674,0.728088736534,-0.685244441032
0.694759488106,-0.0625255033374,1.38332557678,0.00665363995358,0.0152572290972,0.726879477501,-0.686563432217
0.694579422474,-0.0622027255595,1.38333284855,0.00715917022899,0.0145095270127,0.726668000221,-0.686798155308
0.694420397282,-0.0618546418846,1.38333749771,0.00768175488338,0.0134989246726,0.726248443127,-0.687256872654
0.694259107113,-0.0615026578307,1.38340365887,0.00802963133901,0.0129983089864,0.726134896278,-0.687382638454
0.694044351578,-0.0611981339753,1.38340890408,0.00861553195864,0.0119029479101,0.725699722767,-0.687854588032
0.693854391575,-0.0608689747751,1.38337385654,0.00930270366371,0.0109283039346,0.725380718708,-0.688198328018
0.693608760834,-0.0606199502945,1.38335454464,0.0103360200301,0.00975242815912,0.725228309631,-0.688361823559
0.693513393402,-0.0602353028953,1.38333511353,0.0111064100638,0.00878911465406,0.724925339222,-0.688681960106
0.69341647625,-0.0598893091083,1.38329041004,0.0117219863459,0.00779807614163,0.724629580975,-0.688994824886
0.693220973015,-0.0595405325294,1.38334465027,0.0124828787521,0.00642639026046,0.724333941936,-0.68930631876
0.693060874939,-0.0591440014541,1.3833117485,0.0127189392224,0.00511326780543,0.723956406116,-0.689709544182
0.693072915077,-0.0587659813464,1.38340687752,0.0130165973678,0.00411007460207,0.723462283611,-0.690228998661
0.692854762077,-0.0585323087871,1.38327741623,0.014083692804,0.00284675764851,0.7234197855,-0.690259039402
0.692760467529,-0.0582402199507,1.38326370716,0.0147403329611,0.00162685080431,0.723096907139,-0.69058740139
0.692673623562,-0.0579657629132,1.38323807716,0.0153835397214,0.000799106957857,0.723090350628,-0.690581679344
0.692592859268,-0.0576076880097,1.38325715065,0.0158978942782,-0.000437782960944,0.722873151302,-0.690797746181
0.692560076714,-0.0572934150696,1.3832552433,0.0166544560343,-0.00142724404577,0.722631692886,-0.691031038761
0.69249111414,-0.0570236705244,1.383253932,0.0170668885112,-0.00222518621013,0.72235429287,-0.691308915615
0.692454338074,-0.0567431673408,1.38322746754,0.0177037790418,-0.00291615538299,0.722181916237,-0.691470503807
0.692390501499,-0.0564498715103,1.38321197033,0.0179294757545,-0.00352812651545,0.721989035606,-0.691663265228
0.692375361919,-0.0561987310648,1.38317501545,0.0185307506472,-0.00421531498432,0.721825242043,-0.691814422607
0.692374169827,-0.0559787899256,1.38318729401,0.0191718749702,-0.00468023819849,0.721846818924,-0.691771388054
0.692588925362,-0.0558068826795,1.38352167606,0.0202674530447,-0.00435846392065,0.722574412823,-0.690982341766
0.692526638508,-0.0556168556213,1.38341009617,0.020202929154,-0.00547919096425,0.721233069897,-0.692376077175
0.692695200443,-0.0553451888263,1.38351297379,0.0203389562666,-0.00589921046048,0.720903337002,-0.692711949348
0.69269746542,-0.0552085787058,1.38339591026,0.0203815810382,-0.00759968021885,0.720856845379,-0.692742705345
0.692663192749,-0.0550593063235,1.3833848238,0.0212439484894,-0.00687803979963,0.720832765102,-0.692749202251
0.692696928978,-0.0548473149538,1.38337135315,0.0216429121792,-0.00676355278119,0.721075952053,-0.692485034466
0.692726016045,-0.0547225996852,1.38333535194,0.0229983814061,-0.00657521374524,0.722418725491,-0.691041946411
0.692817151546,-0.0545133091509,1.38329148293,0.0229424349964,-0.00676401890814,0.722523093224,-0.690932929516
0.692984163761,-0.0542932860553,1.38324725628,0.0218397397548,-0.00766090769321,0.721147716045,-0.69239461422
0.693050444126,-0.0541006401181,1.38318037987,0.0219907127321,-0.00786903407425,0.721206724644,-0.692326128483
0.693224310875,-0.0539398416877,1.38313174248,0.0218007136136,-0.00867664068937,0.721530675888,-0.691984772682
0.693246662617,-0.0537888407707,1.3830589056,0.0225176084787,-0.00825999863446,0.721521437168,-0.691976547241
0.693293094635,-0.0537078678608,1.38300931454,0.0242577251047,-0.0080954907462,0.723051905632,-0.690320193768
0.693305313587,-0.0535153150558,1.38283443451,0.0242507886142,-0.00812117569149,0.72379732132,-0.689538657665
0.693405032158,-0.0534516014159,1.38287937641,0.0247019287199,-0.00801352784038,0.723859250546,-0.689458727837
0.693535983562,-0.0532743819058,1.38279485703,0.0248821489513,-0.00829385966063,0.723803937435,-0.689507186413
0.693667292595,-0.0530772320926,1.38273596764,0.0241491887718,-0.00891712959856,0.722665548325,-0.69071829319
0.693722367287,-0.0528848618269,1.38267123699,0.0244627147913,-0.00873054563999,0.723017930984,-0.690340936184
0.693784296513,-0.0527643598616,1.38263392448,0.0246663987637,-0.00862225703895,0.723244905472,-0.690097212791
0.693834066391,-0.0526314899325,1.3825930357,0.0248753186315,-0.00867514591664,0.723404467106,-0.689921855927
0.693910956383,-0.0525821000338,1.38255357742,0.0260262042284,-0.00934793706983,0.725015163422,-0.688177645206
0.69405323267,-0.0523905158043,1.38259613514,0.0261312443763,-0.00902060512453,0.725002527237,-0.688191175461
0.69380146265,-0.0518985539675,1.38240623474,0.0263364948332,-0.0101580675691,0.72524946928,-0.687907397747
0.694038391113,-0.0521030649543,1.3823851347,0.025989446789,-0.00964409857988,0.724053740501,-0.68918633461
0.694081008434,-0.0519683808088,1.38233947754,0.0266783367842,-0.0094473073259,0.724513351917,-0.688679635525
0.694153308868,-0.0517842136323,1.38229525089,0.0267525222152,-0.0099996579811,0.724399805069,-0.688788175583
0.694161295891,-0.0516798347235,1.38227391243,0.0272123608738,-0.0102612646297,0.724544167519,-0.688614547253
0.694193422794,-0.0515776872635,1.38225436211,0.0276828724891,-0.0106539661065,0.724514067173,-0.688621461391
0.694205641747,-0.0514581762254,1.38224053383,0.0282400324941,-0.0110176345333,0.7246530056,-0.688446938992
0.69420260191,-0.0513876080513,1.38225090504,0.0290479641408,-0.0111640784889,0.724866330624,-0.688186347485
0.693979620934,-0.0510433018208,1.38210594654,0.0294224414974,-0.0129418093711,0.725046694279,-0.687949419022
0.693924546242,-0.0510169304907,1.38213074207,0.031102988869,-0.0129491528496,0.726303517818,-0.686548113823
0.693934500217,-0.0508656427264,1.38215386868,0.0301349256188,-0.013948357664,0.724971055984,-0.687978565693
0.693970561028,-0.0507889203727,1.38215255737,0.0301959626377,-0.0150809986517,0.724981427193,-0.687940955162
0.693948149681,-0.0507710874081,1.38214707375,0.0314514413476,-0.0150092504919,0.726157128811,-0.686644971371
0.693916261196,-0.0506869852543,1.38215827942,0.0312289763242,-0.0153342075646,0.724765181541,-0.688117146492
0.693951129913,-0.0506317578256,1.38217258453,0.0310035962611,-0.0162480864674,0.724686861038,-0.688188910484
0.693888485432,-0.0506440624595,1.38217949867,0.0326141454279,-0.0163633935153,0.725730895996,-0.687010407448
0.693884432316,-0.0505534745753,1.38220524788,0.0319000892341,-0.0174160078168,0.724370658398,-0.688452124596
0.694222152233,-0.0508223846555,1.38246405125,0.0325522236526,-0.0160773992538,0.723994076252,-0.688850164413
0.694214940071,-0.0508270561695,1.38246798515,0.0338804461062,-0.0164763331413,0.725021183491,-0.687695503235
0.694065093994,-0.0508926287293,1.38236904144,0.0348859317601,-0.0171048548073,0.724979221821,-0.687674045563
0.694187700748,-0.0507754199207,1.38245582581,0.0340754874051,-0.0176845267415,0.723330140114,-0.689434230328
0.694178521633,-0.0507677160203,1.38244843483,0.0354558825493,-0.0181910246611,0.72427302599,-0.688360691071
0.694225370884,-0.0506754107773,1.38243114948,0.0345176160336,-0.0192072167993,0.722622931004,-0.690112769604
0.694213688374,-0.0506777837873,1.38243365288,0.0351600386202,-0.0196867380291,0.722489356995,-0.690206825733
0.694090723991,-0.0507397316396,1.38232040405,0.0359149985015,-0.0202094055712,0.722277760506,-0.69037425518
0.6939676404,-0.0511615537107,1.38233602047,0.0399822965264,-0.0172327905893,0.723381280899,-0.68907469511
0.694040715694,-0.0510969460011,1.38233041763,0.0391573086381,-0.0178737379611,0.7218490839,-0.690710604191
0.694184720516,-0.0510387793183,1.38241386414,0.0393864735961,-0.0181148611009,0.721333622932,-0.691229581833
0.694107532501,-0.0510806962848,1.38229393959,0.0401504039764,-0.0184473786503,0.721072137356,-0.691449701786
0.694108486176,-0.0511138401926,1.38226783276,0.0417898334563,-0.0181206278503,0.721862435341,-0.690536022186
0.694182097912,-0.051053378731,1.38225769997,0.0407733805478,-0.018607750535,0.720064938068,-0.692457854748
0.694233357906,-0.0510574579239,1.38225114346,0.0415048003197,-0.0188801772892,0.719587385654,-0.692903399467
0.694267272949,-0.0511221140623,1.38226270676,0.0435078814626,-0.0186620503664,0.720244050026,-0.692103683949
0.694314002991,-0.0511830337346,1.3822748661,0.0442638844252,-0.0187594722956,0.719698965549,-0.692619860172
0.694476246834,-0.0509457886219,1.3822697401,0.0420268699527,-0.0217518880963,0.717319130898,-0.695136010647
0.694579064846,-0.050998929888,1.38227772713,0.0427554994822,-0.0218652151525,0.716743409634,-0.695681631565
0.694410562515,-0.0508492961526,1.38215827942,0.0443348996341,-0.0220217872411,0.717606186867,-0.694687664509
0.694489955902,-0.0508021600544,1.38218486309,0.0440228655934,-0.0245011392981,0.71451228857,-0.697806537151
0.694610357285,-0.0508505031466,1.38219475746,0.0448183752596,-0.0246928129345,0.713901758194,-0.698373675346
0.695130228996,-0.0510969944298,1.38245344162,0.04389077425,-0.0239338222891,0.71165907383,-0.700743973255
0.69512206316,-0.0512942485511,1.38236272335,0.0459134317935,-0.023358464241,0.712346017361,-0.699935376644
0.695268034935,-0.0513060353696,1.38240563869,0.044959448278,-0.0237457547337,0.71030408144,-0.702056288719
0.695527970791,-0.0513127706945,1.3824275732,0.050166066736,-0.0249445438385,0.709677219391,-0.7022960186
0.695662140846,-0.0514200553298,1.3824557066,0.0505657605827,-0.0249362252653,0.708970785141,-0.70298063755
0.69582259655,-0.0515669025481,1.38250005245,0.0510160885751,-0.0247147660702,0.708437979221,-0.703492999077
0.696017861366,-0.0517734289169,1.38250291348,0.0523278303444,-0.0237094908953,0.709268093109,-0.702594220638
0.696153283119,-0.0519433058798,1.38254165649,0.0527953766286,-0.023421254009,0.708894491196,-0.702945768833
0.696360290051,-0.0519865863025,1.38256514072,0.050965230912,-0.0242082383484,0.705599308014,-0.706361293793
0.696469783783,-0.0522845722735,1.38261282444,0.0534366108477,-0.0234758555889,0.707862734795,-0.703934431076
0.696666657925,-0.0524783618748,1.382625103,0.0536108836532,-0.0234243199229,0.707353234291,-0.704434931278
0.696910142899,-0.0529172122478,1.3826186657,0.0549093782902,-0.0195978861302,0.70833915472,-0.703460395336
0.697117984295,-0.0531124472618,1.38262116909,0.0550775751472,-0.0196115989238,0.707897186279,-0.703891694546
0.697357177734,-0.0533472448587,1.38261306286,0.0563422366977,-0.0189998801798,0.708721756935,-0.702977955341
0.697544395924,-0.0535281449556,1.38264298439,0.0564117357135,-0.0191592443734,0.708434164524,-0.703258037567
0.697785198689,-0.0534896217287,1.38261640072,0.0539221912622,-0.0236251018941,0.705280542374,-0.706479847431
0.697815477848,-0.0533829294145,1.38246667385,0.0535103715956,-0.0245988983661,0.705316781998,-0.706441700459
0.69834446907,-0.0540101677179,1.38258230686,0.0536706224084,-0.0231101904064,0.704950273037,-0.706845521927
0.698658823967,-0.0542365051806,1.38257133961,0.0532290264964,-0.0228897705674,0.704774558544,-0.707061290741
0.698978304863,-0.0545326396823,1.38257038593,0.0528614521027,-0.0226212758571,0.704709887505,-0.707161843777
0.699388027191,-0.0548708327115,1.38257467747,0.053058244288,-0.0208145771176,0.706728935242,-0.705184936523
0.699678122997,-0.0551325418055,1.38257789612,0.0524075292051,-0.0206757243723,0.706788480282,-0.705178022385
0.699996948242,-0.0554047226906,1.38259124756,0.0517374426126,-0.020554702729,0.706847667694,-0.705171763897
0.700316369534,-0.0556836798787,1.38260185719,0.051044806838,-0.0204454790801,0.706969380379,-0.705103337765
0.700605452061,-0.0558524280787,1.38259351254,0.0503769777715,-0.020109763369,0.708369851112,-0.703754127026
0.700782001019,-0.0558108016849,1.38255989552,0.0496034063399,-0.0217036213726,0.707179665565,-0.704957842827
0.70134717226,-0.0563602223992,1.38265955448,0.0488711670041,-0.0205556582659,0.707074284554,-0.705148994923
0.70157366991,-0.0568477287889,1.38252007961,0.0489865504205,-0.0181972719729,0.706825435162,-0.705455303192
0.701807618141,-0.0567241683602,1.38252866268,0.0459765456617,-0.0232472736388,0.704167068005,-0.708162844181
0.702149748802,-0.0572102926672,1.38254463673,0.0479204282165,-0.0200106240809,0.707742393017,-0.704559385777
0.702476620674,-0.0573204681277,1.38255822659,0.0460637137294,-0.0224236957729,0.706090211868,-0.70626616478
0.702845096588,-0.0575670562685,1.38253927231,0.0449145697057,-0.0213234107941,0.707581222057,-0.704880714417
0.703298568726,-0.0578363798559,1.38252830505,0.0440731458366,-0.0211911685765,0.707882106304,-0.704635739326
0.703646123409,-0.0581335425377,1.38252425194,0.0432659350336,-0.0214306954294,0.708066403866,-0.704493284225
0.703889906406,-0.0588472187519,1.38254666328,0.0459827668965,-0.0185023304075,0.70994758606,-0.702508151531
0.704157710075,-0.0590770840645,1.38259863853,0.0453831069171,-0.0192074477673,0.710451483727,-0.702018737793
0.704404830933,-0.0594301111996,1.3825930357,0.03985087201,-0.0181770641357,0.710668921471,-0.70216178894
0.704766571522,-0.0596536137164,1.38258850574,0.03903959319,-0.0188435874879,0.710915982723,-0.701939761639
0.705133259296,-0.0598672106862,1.38260269165,0.0371234305203,-0.0193082597107,0.709963977337,-0.702993690968
0.705487728119,-0.0601140223444,1.38261592388,0.0363614819944,-0.0199257861823,0.710282325745,-0.70269459486
0.70595985651,-0.0600519105792,1.38262379169,0.0337159000337,-0.0229323301464,0.710709989071,-0.702302515507
0.706411123276,-0.0604983083904,1.38257849216,0.0334493741393,-0.0241385437548,0.709572315216,-0.703424334526
0.706759274006,-0.0607807263732,1.38257837296,0.0330437682569,-0.0235726162791,0.710826277733,-0.702195644379
0.707115828991,-0.0609932914376,1.382584095,0.0340250581503,-0.0268862117082,0.712308526039,-0.700525641441
0.707330286503,-0.0617123544216,1.3825827837,0.0343126542866,-0.0210489276797,0.712877511978,-0.700132191181
0.70788615942,-0.0618424937129,1.38252007961,0.0330705530941,-0.0215499792248,0.713642060757,-0.699397623539
0.708336472511,-0.0621371679008,1.38260746002,0.0321733281016,-0.0213981829584,0.7142983675,-0.698773860931
0.708894789219,-0.0621269978583,1.38265681267,0.0293873660266,-0.0247866194695,0.714647114277,-0.698427855968
0.709069430828,-0.0621882155538,1.38253700733,0.0287873521447,-0.0258975885808,0.715676426888,-0.697357714176
0.709778726101,-0.0628283396363,1.38265562057,0.0284624863416,-0.025069899857,0.716285705566,-0.69677567482
0.710116446018,-0.063627935946,1.38267469406,0.0315711759031,-0.0215310677886,0.718612849712,-0.694359660149
0.710675477982,-0.0636469200253,1.38268733025,0.0286527499557,-0.0246189460158,0.719346761703,-0.693623304367
0.711183905602,-0.0641482844949,1.3826611042,0.0281872972846,-0.0250848941505,0.719192624092,-0.69378554821
0.711799502373,-0.0642332285643,1.38267612457,0.0256085228175,-0.0258643403649,0.719680905342,-0.693350315094
0.712171554565,-0.0647317320108,1.38254606724,0.0253621917218,-0.0258472468704,0.720957994461,-0.692032039165
0.7125852108,-0.065237544477,1.38246679306,0.0253449529409,-0.0260776616633,0.720987379551,-0.691993534565
0.71309453249,-0.0656045898795,1.38252973557,0.024336900562,-0.0273995213211,0.720229506493,-0.692767322063
0.713514089584,-0.0659988224506,1.38245511055,0.0239623822272,-0.0278112739325,0.721286296844,-0.691663503647
0.71359539032,-0.0662081241608,1.3821721077,0.0238912254572,-0.0291562452912,0.722464025021,-0.690380275249
0.714624464512,-0.06683768332,1.38225471973,0.0227429065853,-0.0280683934689,0.723519146442,-0.689358413219
0.715144693851,-0.0672233700752,1.38222825527,0.0227822866291,-0.0270706899464,0.727433085442,-0.685265898705
0.715334236622,-0.067340195179,1.38200902939,0.0223355032504,-0.0289940331131,0.728674829006,-0.683881282806
0.715870201588,-0.0682111755013,1.38213026524,0.0229137707502,-0.0282223895192,0.729158163071,-0.68337905407
0.71665430069,-0.0685836076736,1.38208913803,0.0220360867679,-0.0280477162451,0.730540573597,-0.681937098503
0.717085540295,-0.06903924793,1.38204717636,0.0218490492553,-0.0289226658642,0.731384396553,-0.681001424789
0.717289149761,-0.0692154020071,1.38184666634,0.0218361876905,-0.0307641997933,0.731519699097,-0.680775761604
0.717712759972,-0.0698582604527,1.3817909956,0.0235130079091,-0.0279130656272,0.733480930328,-0.678729534149
0.717904746532,-0.0703979358077,1.38179290295,0.024099541828,-0.0287781041116,0.734070420265,-0.678035140038
0.718777358532,-0.0712134987116,1.3819026947,0.0242480076849,-0.0278928969055,0.734502077103,-0.677599310875
0.719276130199,-0.0713875442743,1.38195216656,0.0237087514251,-0.0290577746928,0.735326051712,-0.676675140858
0.719715714455,-0.0717641711235,1.38190758228,0.023600615561,-0.0295010730624,0.736135601997,-0.675778865814
0.720314264297,-0.0715783014894,1.38172268867,0.0208471342921,-0.0338564328849,0.735612034798,-0.676235318184
0.720982253551,-0.0725727975368,1.38197135925,0.0211701449007,-0.0329613611102,0.736319482327,-0.675499200821
0.721632421017,-0.0729408115149,1.38194262981,0.0271363127977,-0.0349717363715,0.73694396019,-0.674503087997
0.721626758575,-0.073248937726,1.38174676895,0.0220870096236,-0.0351122617722,0.737001121044,-0.674617469311
0.722228229046,-0.0739759728312,1.38191115856,0.0226729195565,-0.0333923399448,0.736990332603,-0.674697041512
0.722442269325,-0.0740512311459,1.38173878193,0.0222310815006,-0.0367411635816,0.736996054649,-0.674531400204
0.723117768764,-0.0744468346238,1.38183259964,0.0282103214413,-0.0388687476516,0.736108899117,-0.675157189369
0.723650217056,-0.0750765874982,1.38181257248,0.0286821834743,-0.0385185554624,0.735867202282,-0.675420701504
0.72407746315,-0.0755405947566,1.38179433346,0.0295794904232,-0.0388070531189,0.736030757427,-0.675187289715
0.723997294903,-0.0761896371841,1.38172626495,0.0264722201973,-0.0360126420856,0.736748754978,-0.674687802792
0.724542677402,-0.0761998295784,1.38175570965,0.0241916310042,-0.0396112017334,0.735943257809,-0.675450384617
0.725164711475,-0.0772153586149,1.38181352615,0.0268884301186,-0.0365556813776,0.73569303751,-0.675793290138
0.72559940815,-0.0774848237634,1.38197827339,0.0266709197313,-0.0374757573009,0.734752416611,-0.676774084568
0.725691616535,-0.0773900896311,1.38171195984,0.0254150461406,-0.0427119731903,0.733483970165,-0.677887260914
0.726147472858,-0.077649846673,1.38183510303,0.0250668823719,-0.0436217524111,0.732390224934,-0.679023981094
0.726443171501,-0.0781914591789,1.38177347183,0.0256447270513,-0.0439461320639,0.73133790493,-0.680114626884
0.726686954498,-0.0785257965326,1.38171696663,0.0265307668597,-0.0453707650304,0.730492115021,-0.68089568615
0.727041602135,-0.0787782296538,1.38172638416,0.0264926329255,-0.0456509962678,0.730360269547,-0.681019842625
0.727322876453,-0.0794584453106,1.38175773621,0.029130609706,-0.0436606481671,0.729764401913,-0.681681096554
0.727744996548,-0.0795807987452,1.38175725937,0.0268347095698,-0.0479059889913,0.726566255093,-0.684898972511
0.728249549866,-0.0798745155334,1.38184452057,0.0270572118461,-0.0478202663362,0.727427780628,-0.683981060982
0.728462696075,-0.0802562683821,1.38188064098,0.0274966899306,-0.0484203360975,0.726747632027,-0.684644043446
0.729038238525,-0.0811935588717,1.38203334808,0.0297314375639,-0.0446773208678,0.725933969021,-0.685667395592
0.72937309742,-0.0816039294004,1.38193714619,0.0300614573061,-0.0452156998217,0.724728107452,-0.686892449856
0.729727566242,-0.0817046537995,1.38198781013,0.0282643791288,-0.0480063296854,0.723188817501,-0.688400030136
0.729705691338,-0.0818821266294,1.38187766075,0.0299997348338,-0.0474159605801,0.723427414894,-0.688116729259
0.730319619179,-0.0816588997841,1.38190484047,0.0267763677984,-0.0511909201741,0.722625017166,-0.688821971416
0.730862140656,-0.0826761126518,1.38204920292,0.0288667287678,-0.047155931592,0.721958041191,-0.689724385738
0.731214284897,-0.0828548595309,1.38186371326,0.0267690420151,-0.0500765964389,0.720337033272,-0.691296041012
0.731621742249,-0.0831889659166,1.38208162785,0.0258732233196,-0.0510591864586,0.718546628952,-0.693119227886
0.73162817955,-0.083395421505,1.38196873665,0.0280175637454,-0.0488202497363,0.720659852028,-0.691000103951
0.732393026352,-0.0837827846408,1.38208341599,0.0255528595299,-0.0514259599149,0.718068003654,-0.693599820137
0.732702076435,-0.0840962082148,1.38200592995,0.0270114280283,-0.0479076318443,0.720251858234,-0.691529095173
0.733249485493,-0.0841682553291,1.38207364082,0.0246777776629,-0.0501251369715,0.719536840916,-0.692203223705
0.733682751656,-0.0844250097871,1.3820707798,0.0240585915744,-0.0498046055436,0.71934223175,-0.692450284958
0.734082996845,-0.0847682803869,1.38204836845,0.0241033509374,-0.0504518263042,0.718396604061,-0.693383038044
0.734514176846,-0.0849991291761,1.38202226162,0.0236434675753,-0.04993147403,0.718226134777,-0.693613111973
0.734807550907,-0.0848016738892,1.38174021244,0.0228410698473,-0.0505210831761,0.717006862164,-0.694857656956
0.735262095928,-0.0850152820349,1.3817024231,0.0222131554037,-0.0502136833966,0.716649413109,-0.695268750191
0.735807836056,-0.0855671837926,1.38201999664,0.0220091342926,-0.0492602027953,0.717111706734,-0.694866836071
0.735973656178,-0.0861019715667,1.38190877438,0.0244386475533,-0.046050850302,0.717938601971,-0.694151639938
0.73646569252,-0.0860198736191,1.38188195229,0.0217449776828,-0.0489740818739,0.716397106647,-0.695631980896
0.736905872822,-0.0860697925091,1.38187456131,0.0208481624722,-0.0483776181936,0.716606318951,-0.695485711098
0.737120866776,-0.0863555073738,1.38180160522,0.0227497834712,-0.0456273294985,0.716526925564,-0.695693671703
0.737664401531,-0.086098305881,1.38179957867,0.0197487678379,-0.0483519472182,0.715520322323,-0.696636855602
0.738048434258,-0.0864387825131,1.38180100918,0.0203091800213,-0.0472315959632,0.714866399765,-0.697368502617
0.738385498524,-0.0865953713655,1.38176643848,0.0200202185661,-0.0470566079021,0.714027643204,-0.698247492313
0.738669633865,-0.0866538956761,1.38179647923,0.0198781359941,-0.0470601730049,0.713154733181,-0.699142754078
0.739040672779,-0.0867639482021,1.38176131248,0.0198164153844,-0.0468228235841,0.712407886982,-0.699921369553
0.739392399788,-0.0868372991681,1.38172245026,0.0194602459669,-0.0470354780555,0.711508691311,-0.70083117485
0.739727973938,-0.0869757458568,1.38171553612,0.0194756928831,-0.0467474423349,0.710717320442,-0.701652526855
0.740044593811,-0.0870845243335,1.38172662258,0.0194584261626,-0.0465453341603,0.710068225861,-0.702323317528
0.740284264088,-0.0872453004122,1.38133025169,0.0200000293553,-0.0455308184028,0.709342420101,-0.703107714653
0.740557849407,-0.0873050168157,1.38170468807,0.0197811871767,-0.0458769835532,0.708163380623,-0.704278945923
0.740840017796,-0.0873507559299,1.38168132305,0.0197004098445,-0.0457929186523,0.707265973091,-0.705187857151
0.741093754768,-0.0874251648784,1.38167786598,0.0198037810624,-0.0456612929702,0.706452846527,-0.706008017063
0.741362929344,-0.0874866619706,1.38165056705,0.0197951197624,-0.0455855801702,0.705667197704,-0.706798434258
0.741589188576,-0.08756814152,1.38164770603,0.0199048221111,-0.0456465408206,0.704774737358,-0.707681179047
0.741759717464,-0.0876640230417,1.38164913654,0.0202007107437,-0.0458449237049,0.703703939915,-0.708724856377
0.74199962616,-0.0877041816711,1.38157451153,0.020140344277,-0.0459346808493,0.702811479568,-0.709605753422
0.742142319679,-0.0877805501223,1.38155734539,0.0200697053224,-0.0466181859374,0.701702296734,-0.710660278797
0.742271244526,-0.0878514498472,1.38151955605,0.0203684605658,-0.0467338785529,0.700756072998,-0.711577177048
0.742272436619,-0.0882707089186,1.38150787354,0.0231606177986,-0.0442146994174,0.700125098228,-0.712273597717
0.742492616177,-0.0879700779915,1.38149511814,0.0209263246506,-0.046731363982,0.699095904827,-0.713192224503
0.742581784725,-0.0879700109363,1.38152217865,0.0207828953862,-0.0478446595371,0.697905063629,-0.714288115501
0.742546856403,-0.0880402848125,1.38149666786,0.0214071515948,-0.047795265913,0.696872413158,-0.715280592442
0.742560982704,-0.088009275496,1.38146710396,0.0214779861271,-0.0483205057681,0.695754230022,-0.716330826283
0.742559492588,-0.0880512595177,1.38150286674,0.0215770248324,-0.0492402277887,0.694626390934,-0.717359304428
0.74259853363,-0.0880434960127,1.38148725033,0.021869558841,-0.0496134571731,0.693697035313,-0.718223214149
0.742658674717,-0.0878192186356,1.38129878044,0.0215170793235,-0.0501877628267,0.692314445972,-0.719527006149
0.74229824543,-0.0878855735064,1.38132345676,0.0223127100617,-0.0514053739607,0.691776633263,-0.719934046268
0.742365121841,-0.0881344974041,1.38152885437,0.0229858141392,-0.0503323450685,0.69044905901,-0.721261799335
0.742354094982,-0.0881551504135,1.38154459,0.0233010649681,-0.050979539752,0.68987184763,-0.721758306026
0.742276728153,-0.0882074162364,1.38157916069,0.0236553121358,-0.0514107532799,0.688906013966,-0.722638189793
0.74224627018,-0.0881214737892,1.38157534599,0.023392541334,-0.0523626916111,0.687736988068,-0.723691225052
0.741872489452,-0.0878984779119,1.38152396679,0.0239038038999,-0.0531221367419,0.687156975269,-0.724169909954
0.741758167744,-0.0879007279873,1.38156032562,0.0240703579038,-0.0534890182316,0.686270475388,-0.724977612495
0.741842746735,-0.0879448652267,1.38165271282,0.0240934286267,-0.0533190891147,0.685394108295,-0.725817859173
0.741793513298,-0.0881376489997,1.38179659843,0.024749469012,-0.0531234666705,0.684478700161,-0.726673543453
0.74167829752,-0.0881487950683,1.3818551302,0.0249915216118,-0.0531411580741,0.683864831924,-0.727241635323
0.741559267044,-0.0881366431713,1.38191390038,0.0251431968063,-0.0533223561943,0.683188855648,-0.727858185768
0.741498470306,-0.088019579649,1.38192749023,0.0249996799976,-0.0534438677132,0.682423710823,-0.728571653366
0.741262078285,-0.0880920737982,1.38198375702,0.0256780851632,-0.0536706224084,0.681907355785,-0.729014694691
0.74111199379,-0.0880735293031,1.38205742836,0.0259420052171,-0.0537979640067,0.681237816811,-0.729621708393
0.741197824478,-0.0878809094429,1.3822414875,0.0254075806588,-0.0539344511926,0.680460870266,-0.730355143547
0.741005897522,-0.0878704786301,1.38220715523,0.0255968794227,-0.0540559254587,0.680024981499,-0.730745434761
0.740837931633,-0.0878536775708,1.38225698471,0.0259243827313,-0.0541932247579,0.679570257664,-0.731146514416
0.740604639053,-0.0878144428134,1.38228321075,0.0261272341013,-0.0544470176101,0.678916335106,-0.731727719307
0.740452528,-0.0877531692386,1.38230884075,0.0260774828494,-0.054254129529,0.678536236286,-0.732096374035
0.740312099457,-0.0876699537039,1.38234257698,0.0259089134634,-0.0546711310744,0.677975356579,-0.732590794563
0.740148484707,-0.0875657126307,1.3823581934,0.0258697513491,-0.0546755455434,0.67758089304,-0.732956647873
0.739989101887,-0.0874184817076,1.38238453865,0.0257745031267,-0.0548987053335,0.677100658417,-0.733386993408
0.739751458168,-0.0873453244567,1.38243567944,0.0259993281215,-0.0550309382379,0.676653146744,-0.733782112598
0.739591538906,-0.0871890038252,1.38251698017,0.0259117055684,-0.0552399195731,0.676244974136,-0.734145700932
0.739438414574,-0.0870457291603,1.38258075714,0.025715071708,-0.0552947595716,0.675933778286,-0.734435141087
0.739278316498,-0.086918219924,1.38265216351,0.0255986731499,-0.0552785694599,0.675342082977,-0.734984517097
0.73910933733,-0.0867661982775,1.38271462917,0.025647925213,-0.0553930178285,0.675043642521,-0.735248208046
0.738911211491,-0.0866307020187,1.38275206089,0.0257755443454,-0.0554422400892,0.674678444862,-0.735575079918
0.738766610622,-0.0865167975426,1.38279891014,0.025947490707,-0.0553193427622,0.674432635307,-0.73580378294
0.738625943661,-0.086363516748,1.38284468651,0.0258151292801,-0.0549518801272,0.674190402031,-0.736057817936
0.738333761692,-0.0863945484161,1.382843256,0.0279216673225,-0.0521248355508,0.674069046974,-0.736297667027
0.738180160522,-0.0862392634153,1.38291072845,0.0279498901218,-0.051945913583,0.673987090588,-0.736384272575
0.738080322742,-0.0862098038197,1.3830344677,0.0280229300261,-0.0513418465853,0.673762023449,-0.736629843712
0.737999081612,-0.0855588912964,1.38303089142,0.0251357592642,-0.0540249422193,0.673821747303,-0.73648750782
0.73783904314,-0.0853999629617,1.3830691576,0.0251599475741,-0.053926423192,0.673806548119,-0.736507713795
0.737708747387,-0.0852217376232,1.3831307888,0.0252439156175,-0.0537390634418,0.67379963398,-0.736524939537
0.73757815361,-0.0852005630732,1.38323783875,0.0254993401468,-0.0532256513834,0.673310041428,-0.737000882626
0.737370431423,-0.0850756391883,1.38328909874,0.0258829798549,-0.0519242212176,0.673247873783,-0.737137258053
0.737162590027,-0.0852572023869,1.38333237171,0.0280159395188,-0.0495944842696,0.673511922359,-0.73697835207
0.736979424953,-0.0851301029325,1.38336658478,0.0283977426589,-0.0492972359061,0.673664987087,-0.736843883991
0.736687779427,-0.0850155875087,1.38344430923,0.0286352857947,-0.0491919629276,0.673473536968,-0.737016737461
0.736480116844,-0.0848865881562,1.38349080086,0.0289478506893,-0.0488292053342,0.673528492451,-0.73697835207
0.736408054829,-0.084192097187,1.38353025913,0.026398267597,-0.0521871447563,0.673747718334,-0.736643612385
0.736279904842,-0.0843222811818,1.38386511803,0.0270363688469,-0.0511546693742,0.673420131207,-0.736992359161
0.735888659954,-0.0841580629349,1.38370072842,0.0276756435633,-0.0512088797987,0.673507153988,-0.736885249615
0.735563099384,-0.084384188056,1.38375282288,0.0305678956211,-0.0482180155814,0.673412740231,-0.737058997154
0.735274672508,-0.0843887552619,1.38365507126,0.0300874896348,-0.0495689697564,0.673407554626,-0.736993849277
0.735035002232,-0.0843118056655,1.38372480869,0.0306376665831,-0.0493637733161,0.673393428326,-0.736997961998
0.734914720058,-0.0837906450033,1.38400816917,0.0299766082317,-0.0501867942512,0.673261702061,-0.73708987236
0.734536349773,-0.0841302126646,1.38388037682,0.0315625742078,-0.048873372376,0.673160493374,-0.737204372883
0.73424077034,-0.0841197445989,1.38399446011,0.0324672274292,-0.0495868436992,0.672037303448,-0.738141536713
0.734014868736,-0.0840166658163,1.38407492638,0.0344120189548,-0.0477522574365,0.674593389034,-0.735839188099
0.73382884264,-0.0838222205639,1.38432145119,0.0355584472418,-0.0462050586939,0.674359917641,-0.73609739542
0.733588039875,-0.0836712419987,1.38442969322,0.0347524881363,-0.0467880181968,0.672900259495,-0.737433791161
0.733240664005,-0.0837156549096,1.38455057144,0.0368067510426,-0.0456196069717,0.674198746681,-0.736220240593
0.732869267464,-0.0840624496341,1.38449597359,0.0374692231417,-0.0454114712775,0.672718882561,-0.737552285194
0.732549309731,-0.0839896276593,1.38458025455,0.0379281193018,-0.0454609468579,0.672605216503,-0.737629413605
0.732203960419,-0.0840314477682,1.38467097282,0.0387657210231,-0.0450030304492,0.672662973404,-0.737561285496
0.732072174549,-0.0831367075443,1.38502562046,0.0353792347014,-0.0492277704179,0.672562837601,-0.737552881241
0.731797575951,-0.0830530822277,1.38516700268,0.0357132442296,-0.0493370331824,0.672607779503,-0.737488508224
0.731315791607,-0.0833057239652,1.38519358635,0.0385476499796,-0.0466659516096,0.672458291054,-0.737655937672
0.730920910835,-0.0828926935792,1.3851017952,0.0384182631969,-0.0470011606812,0.671807825565,-0.738233923912
0.730729401112,-0.0832521319389,1.38537359238,0.0393654517829,-0.0464287698269,0.67287427187,-0.737248241901
0.730432033539,-0.0824013203382,1.38523924351,0.0364998802543,-0.050387725234,0.67206799984,-0.737870931625
0.73008275032,-0.0831717699766,1.38547492027,0.0413553602993,-0.0461856350303,0.674555957317,-0.735616028309
0.729805588722,-0.0829713568091,1.3854777813,0.0399117544293,-0.0471144095063,0.673258721828,-0.736824274063
0.729615151882,-0.0826176777482,1.38552212715,0.0387776009738,-0.0497640892863,0.674939334393,-0.735171318054
0.729083299637,-0.083334825933,1.38528823853,0.0423960089684,-0.0458582825959,0.674968004227,-0.735199213028
0.728757858276,-0.0831865668297,1.38527607918,0.0406709834933,-0.0465621091425,0.673739790916,-0.736378014088
0.728494465351,-0.0830442383885,1.38521027565,0.0403304286301,-0.0468196757138,0.673823475838,-0.736303925514
0.728230476379,-0.0829405039549,1.3851647377,0.0399796999991,-0.0468228384852,0.673963069916,-0.736194968224
0.727541565895,-0.0823988318443,1.38508582115,0.0395194925368,-0.0485566817224,0.673581302166,-0.736456930637
0.727735221386,-0.0822264477611,1.38529574871,0.0380426123738,-0.0480769574642,0.674014151096,-0.736169993877
0.727440416813,-0.081902474165,1.38514578342,0.0373319089413,-0.048697669059,0.674173891544,-0.736019313335
0.727188408375,-0.0818059593439,1.38509404659,0.0370811633766,-0.0486357025802,0.674358427525,-0.735867083073
0.726963877678,-0.08193603158,1.38509094715,0.0381777696311,-0.0473145879805,0.67560595274,-0.734751880169
0.726794779301,-0.0815274119377,1.38496255875,0.0354221947491,-0.050097566098,0.675339341164,-0.73495054245
0.725972235203,-0.081453204155,1.38473081589,0.0360310971737,-0.0509621761739,0.67470228672,-0.735446453094
0.726060569286,-0.0812292769551,1.38476884365,0.0323681645095,-0.0524908490479,0.670628130436,-0.73922586441
0.72598439455,-0.0811485648155,1.38488769531,0.0317852422595,-0.0508881285787,0.671404957771,-0.73865801096
0.725783348083,-0.0812612995505,1.38480830193,0.0332322269678,-0.0470957644284,0.673091888428,-0.737309336662
0.725521981716,-0.0812521204352,1.38478720188,0.0330497398973,-0.0465949065983,0.672761678696,-0.737650692463
0.725377976894,-0.080727994442,1.38474392891,0.029934970662,-0.048223298043,0.672613203526,-0.737814426422
0.724920749664,-0.0814219862223,1.3845051527,0.0336755849421,-0.0444232150912,0.67358237505,-0.737007021904
0.724768996239,-0.0813316181302,1.38449311256,0.0317223705351,-0.0444460846484,0.672084569931,-0.7384583354
0.724614560604,-0.0812360346317,1.38446640968,0.0306751336902,-0.0440072156489,0.671631872654,-0.738940536976
0.724488317966,-0.0809173807502,1.38443827629,0.0289626978338,-0.0461989343166,0.671753764153,-0.738764941692
0.724313616753,-0.0810224562883,1.38440823555,0.028798090294,-0.0425500646234,0.671380698681,-0.739329576492
0.724150121212,-0.0809896290302,1.38435089588,0.0291683264077,-0.0410870909691,0.672720313072,-0.738179206848
0.72380232811,-0.0802093073726,1.38429808617,0.025661835447,-0.0446447841823,0.672077655792,-0.738688051701
0.724002599716,-0.0803570970893,1.38431048393,0.0231561250985,-0.0433999076486,0.670861124992,-0.739949703217
0.723808169365,-0.0806208103895,1.38427066803,0.0243747252971,-0.0396988540888,0.670548260212,-0.740401864052
0.723672389984,-0.0805407315493,1.38422834873,0.0233733635396,-0.0388865619898,0.670579254627,-0.74044919014
0.723488211632,-0.0803084820509,1.38413119316,0.0223468355834,-0.0383829511702,0.670686483383,-0.740410149097
0.723380744457,-0.0802716165781,1.38406085968,0.0214179158211,-0.0375077724457,0.670692265034,-0.740477085114
0.723487198353,-0.0794515162706,1.38416969776,0.0168338101357,-0.0402224399149,0.670557975769,-0.740574657917
0.722727298737,-0.0797736644745,1.38385260105,0.0189553052187,-0.0373293049634,0.669910788536,-0.741260409355
0.722689807415,-0.0794498175383,1.38379883766,0.0158677250147,-0.0393071882427,0.669824004173,-0.741308927536
0.722439050674,-0.0798501223326,1.38370990753,0.0182956214994,-0.0349918752909,0.670988500118,-0.740415513515
0.722653448582,-0.0801232606173,1.38366043568,0.0160290151834,-0.0334394872189,0.669692158699,-0.741712450981
0.722477316856,-0.0802584141493,1.38359498978,0.0167319178581,-0.0318388193846,0.671023249626,-0.740563392639
0.722352862358,-0.0801388844848,1.38351082802,0.0143534047529,-0.0318087898195,0.669126152992,-0.742329061031
0.722454786301,-0.0793725848198,1.38360095024,0.00958965811878,-0.0346022583544,0.668733716011,-0.742634475231
0.72232824564,-0.0795604139566,1.38360309601,0.00905433110893,-0.0334779024124,0.668187320232,-0.743184328079
0.72212600708,-0.0795265883207,1.38352024555,0.00786903407425,-0.0327877737582,0.667661070824,-0.743701457977
0.721946895123,-0.0794897377491,1.38344955444,0.00677009765059,-0.0320333279669,0.667159557343,-0.744194984436
0.721263945103,-0.079506456852,1.38316047192,0.00693246396258,-0.0319492332637,0.666032552719,-0.745205938816
0.721017181873,-0.0795885622501,1.38306844234,0.00699587631971,-0.0303070228547,0.666922390461,-0.744477689266
0.72135746479,-0.0796379297972,1.38319373131,0.00505856703967,-0.0289943888783,0.665771007538,-0.745575428009
0.721072256565,-0.0794892460108,1.38312423229,0.00231770123355,-0.0290102493018,0.662517011166,-0.748481273651
0.721018671989,-0.0793841183186,1.38307476044,0.00177147192881,-0.0311045534909,0.662912070751,-0.748048663139
0.720675230026,-0.0794467702508,1.38302111626,-0.000725409365259,-0.0277861598879,0.660652160645,-0.750177443027
0.720395088196,-0.0793714523315,1.38299703598,-0.00241941679269,-0.0280648134649,0.658533811569,-0.752023696899
0.720158338547,-0.079383470118,1.38295853138,-0.00328969908878,-0.0263138543814,0.658762156963,-0.751883864403
0.720001220703,-0.0792834311724,1.38304626942,-0.00459062075242,-0.0256498977542,0.657959401608,-0.752602517605
0.719713151455,-0.0792321488261,1.38304281235,-0.00573537917808,-0.025142615661,0.656905174255,-0.753532171249
0.719409704208,-0.0791968852282,1.38296639919,-0.00684723583981,-0.0242126490921,0.655966520309,-0.754370510578
0.718585550785,-0.0791213214397,1.38273787498,-0.00717002199963,-0.0241121333092,0.654419124126,-0.75571346283
0.718302607536,-0.0790818557143,1.38277089596,-0.00863531511277,-0.0232690945268,0.653341293335,-0.756656646729
0.718555450439,-0.0789923667908,1.38295245171,-0.0111480243504,-0.0216005183756,0.65288066864,-0.757070660591
0.718248963356,-0.0788403451443,1.3829215765,-0.0141152525321,-0.0219371374696,0.650365054607,-0.759173810482
0.717888712883,-0.078882060945,1.38289570808,-0.0137680815533,-0.0192112587392,0.650769174099,-0.758907735348
0.717705190182,-0.0787757411599,1.38286590576,-0.0140817202628,-0.0208358522505,0.649807333946,-0.759682953358
0.717114448547,-0.0784088224173,1.38266932964,-0.0170076936483,-0.0180064793676,0.648503184319,-0.760808944702
0.716808855534,-0.0783577635884,1.38264226913,-0.0183576904237,-0.0162881147116,0.647518098354,-0.761654734612
0.716548681259,-0.0782476514578,1.38255500793,-0.0156630575657,-0.0158380437642,0.646411657333,-0.762663602829
0.716298818588,-0.078033208847,1.38259983063,-0.0179115328938,-0.0144849689677,0.64518725872,-0.763677179813
0.715987622738,-0.0778898894787,1.38257277012,-0.0196106396616,-0.0129457833245,0.644260287285,-0.764445245266
0.715774297714,-0.0777061805129,1.38257873058,-0.0217773839831,-0.0112517867237,0.644226193428,-0.764442145824
0.715443015099,-0.0778823718429,1.38263356686,-0.0248863976449,-0.0070014866069,0.645453453064,-0.763362050056
0.715232670307,-0.0774313807487,1.38261365891,-0.0253702867776,-0.00822146330029,0.642151117325,-0.76611405611
0.714968323708,-0.0773133859038,1.38266396523,-0.0271234158427,-0.00596948480234,0.641530811787,-0.766594409943
0.714656829834,-0.0772032290697,1.38273143768,-0.0319497473538,-0.00293921725824,0.640908539295,-0.766946554184
0.7144562006,-0.0771252438426,1.38279676437,-0.0334497988224,-0.000687954132445,0.641003370285,-0.766808509827
0.714131951332,-0.0768988877535,1.38268566132,-0.0357843637466,0.000501619710121,0.639568567276,-0.767900645733
0.714078366756,-0.0766892582178,1.38290023804,-0.0377923101187,0.0025097434409,0.639072597027,-0.768213391304
0.714120209217,-0.0766444802284,1.38306963444,-0.0395802110434,0.00553016550839,0.638899147511,-0.768251776695
0.714007079601,-0.0765413120389,1.38315618038,-0.0406591258943,0.00739073567092,0.639104425907,-0.768009006977
0.713841736317,-0.0762725621462,1.38324141502,-0.0437321178615,0.00904324743897,0.636394202709,-0.770070254803
0.713805794716,-0.076394110918,1.38340163231,-0.0448318943381,0.0128293298185,0.638511478901,-0.768198370934
0.713757872581,-0.0763009041548,1.38346099854,-0.0432827323675,0.0135100400075,0.63862323761,-0.768182575703
0.713624119759,-0.0760938674212,1.38347935677,-0.0457461774349,0.0152403227985,0.638671457767,-0.767967402935
0.713476419449,-0.0757884681225,1.38344931602,-0.0476561263204,0.0166528150439,0.638869702816,-0.767656803131
0.713326931,-0.0758634731174,1.38337790966,-0.0492892414331,0.0203744862229,0.637553453445,-0.768557846546
0.713235795498,-0.0756464675069,1.38360667229,-0.0518087595701,0.0230123586953,0.638946533203,-0.76715952158
0.71304744482,-0.0753911584616,1.38340461254,-0.0515640303493,0.023154579103,0.639784872532,-0.766472756863
0.713048636913,-0.0752387493849,1.38342356682,-0.0505429692566,0.0246340595186,0.639870524406,-0.766423165798
0.712895214558,-0.0752755478024,1.38348650932,-0.053038045764,0.0273107588291,0.639924347401,-0.766118824482
0.712861478329,-0.0750929191709,1.38349950314,-0.0532817356288,0.0280848667026,0.640021204948,-0.765992999077
0.712730705738,-0.0750097930431,1.38346672058,-0.0542826019228,0.0310434401035,0.640218019485,-0.765644013882
0.712648451328,-0.0747865960002,1.38355398178,-0.053309738636,0.0317926630378,0.641420602798,-0.764674305916
0.712518155575,-0.0746544376016,1.38358879089,-0.0536951720715,0.0334598496556,0.641246080399,-0.764722704887
0.712420523167,-0.0745266973972,1.38361859322,-0.0537008233368,0.0355217568576,0.642674505711,-0.763429105282
0.712229609489,-0.0743623077869,1.38373291492,-0.0551971383393,0.0377489998937,0.64265948534,-0.76322799921
0.712172448635,-0.0742532610893,1.38377356529,-0.0542237088084,0.0384765677154,0.643202245235,-0.762804269791
0.712031304836,-0.0741374194622,1.38385772705,-0.0540702603757,0.0397647246718,0.643919706345,-0.762143433094
0.711933135986,-0.0741116628051,1.38392496109,-0.0540373139083,0.041738435626,0.645586013794,-0.760629117489
0.711767852306,-0.0740457177162,1.38402020931,-0.0539100505412,0.0430147312582,0.645765483379,-0.760414659977
0.71166062355,-0.0739591270685,1.38413572311,-0.0548565946519,0.045898810029,0.646684527397,-0.759396731853
0.711506843567,-0.074011772871,1.38427579403,-0.0533717982471,0.0461545176804,0.648015797138,-0.758351325989
0.711401343346,-0.0739369615912,1.38441169262,-0.0543034784496,0.0485452376306,0.648748219013,-0.757509171963
0.711281776428,-0.0739610865712,1.384521842,-0.0528616346419,0.0489230826497,0.650106906891,-0.756421327591
0.711258590221,-0.0739637836814,1.38467144966,-0.0526146739721,0.0502441823483,0.65135371685,-0.755278468132
0.711103379726,-0.073962688446,1.38476645947,-0.0531918928027,0.0518998205662,0.652358472347,-0.754258334637
0.71093159914,-0.0738425403833,1.38461148739,-0.0529110245407,0.051585547626,0.65370029211,-0.753136992455
0.710798919201,-0.073998093605,1.38473045826,-0.0524982661009,0.0539149902761,0.656151592731,-0.750867545605
0.710696160793,-0.0739949420094,1.38482689857,-0.052456881851,0.0538999550045,0.657474815845,-0.749713182449
0.71073693037,-0.074047267437,1.38491940498,-0.0492834374309,0.0557674393058,0.659036755562,-0.748419523239
0.710675537586,-0.0740373730659,1.38498580456,-0.0503428913653,0.0568021647632,0.660739839077,-0.746767759323
0.71056252718,-0.0741693302989,1.38505840302,-0.0495138354599,0.058178011328,0.662050068378,-0.745555877686
0.710437119007,-0.0742056369781,1.38511514664,-0.0499052479863,0.0594484582543,0.663932442665,-0.743753433228
0.710539221764,-0.0742811262608,1.38511562347,-0.049005959183,0.0608884431422,0.664679706097,-0.743028879166
0.710531532764,-0.0745047554374,1.38523614407,-0.0504205934703,0.0593410134315,0.665999054909,-0.741877138615
0.710484147072,-0.0744778290391,1.3852673769,-0.046954780817,0.0615535229445,0.667918980122,-0.740196466446
0.710587620735,-0.0746625363827,1.38526558876,-0.0457511730492,0.0639161318541,0.673699259758,-0.734813392162
0.710542082787,-0.074660718441,1.38528859615,-0.0463777333498,0.0650815591216,0.674996495247,-0.733480274677
0.710755169392,-0.0745238661766,1.38532149792,-0.0475889444351,0.0628729313612,0.671284258366,-0.736993789673
0.710572242737,-0.0748719424009,1.38535308838,-0.0488678738475,0.063302628696,0.676630496979,-0.73196709156
0.710524380207,-0.0751029029489,1.38543498516,-0.0471377037466,0.0651378631592,0.679250180721,-0.729489028454
0.710538744926,-0.0751301795244,1.38541913033,-0.0470022782683,0.0656881183386,0.680743396282,-0.728055238724
0.710568368435,-0.0749654620886,1.38528692722,-0.0472076646984,0.066082790494,0.681504905224,-0.72729331255
0.710560500622,-0.0753280594945,1.38543272018,-0.0467393770814,0.0667007863522,0.683224201202,-0.725652217865
0.710626959801,-0.0752935707569,1.3854637146,-0.0473335646093,0.0661506131291,0.683615446091,-0.725295424461
0.710714221001,-0.0753637477756,1.3854123354,-0.0471276454628,0.0665720179677,0.684720933437,-0.724226772785
0.710737347603,-0.0756023079157,1.38564622402,-0.04657259956,0.0711764246225,0.686409950256,-0.722223341465
0.710612535477,-0.0757428184152,1.38572180271,-0.0455282665789,0.0715240091085,0.68787586689,-0.720859527588
0.710661768913,-0.075769469142,1.38572871685,-0.0452455431223,0.0717476904392,0.688845932484,-0.719928026199
0.710805416107,-0.075839266181,1.38573384285,-0.044064681977,0.0691760703921,0.689615905285,-0.719515800476
0.710793435574,-0.0754193142056,1.38560092449,-0.0449611134827,0.0715065523982,0.689572453499,-0.719274103642
0.710871338844,-0.0759016498923,1.38587021828,-0.0441277436912,0.0723758637905,0.69150775671,-0.7173781991
0.710875570774,-0.0759301632643,1.38593542576,-0.0437612757087,0.0725120827556,0.692058563232,-0.71685564518
0.710801482201,-0.0756525918841,1.38571643829,-0.043741479516,0.072143048048,0.691397428513,-0.717531681061
0.710534155369,-0.0753736048937,1.38563001156,-0.0430299304426,0.0712307989597,0.692598521709,-0.716506719589
0.710560441017,-0.0754263699055,1.38566970825,-0.0425528809428,0.0713005363941,0.692952156067,-0.716186344624
0.710503637791,-0.0759258568287,1.38590967655,-0.0415991656482,0.0717292204499,0.694067180157,-0.715119183064
0.710672557354,-0.0754903182387,1.38572192192,-0.0420315787196,0.0714093819261,0.693346858025,-0.715824246407
0.710742413998,-0.0758588686585,1.38589334488,-0.0414331555367,0.0717985332012,0.694575130939,-0.714628398418
0.71072101593,-0.0758876949549,1.38596200943,-0.0409092269838,0.0717462301254,0.694801092148,-0.714444160461
0.710990488529,-0.0757797881961,1.38582539558,-0.0411746539176,0.0719435289502,0.694599509239,-0.714605093002
0.710983216763,-0.0757956951857,1.38587987423,-0.0408348217607,0.0717709586024,0.694604456425,-0.714637219906
0.711110115051,-0.0757544338703,1.38593912125,-0.0408795401454,0.0718415826559,0.694550275803,-0.71468013525
0.71110355854,-0.075775437057,1.38593757153,-0.0406516939402,0.0716452077031,0.694367408752,-0.714890480042
0.711226046085,-0.0757770091295,1.38605606556,-0.0405693948269,0.0718699023128,0.694055974483,-0.715174853802
0.710926949978,-0.0760355889797,1.38623332977,-0.0393513180315,0.0716096833348,0.693811357021,-0.715506494045
0.710901558399,-0.076075322926,1.38622367382,-0.0390613973141,0.0715039074421,0.693542122841,-0.715793848038
0.710800886154,-0.0761851817369,1.3861759901,-0.038344450295,0.0714939832687,0.693043410778,-0.716316521168
0.71086025238,-0.0761481672525,1.38617324829,-0.0386078879237,0.071343511343,0.692696154118,-0.716653168201
0.710888981819,-0.0765029639006,1.38601493835,-0.0377344340086,0.0719616338611,0.692199587822,-0.71711742878
0.711020231247,-0.076660066843,1.3862118721,-0.0375485420227,0.0722805857658,0.691435933113,-0.717831492424
0.71085947752,-0.0767804756761,1.38605237007,-0.0370509624481,0.0721186995506,0.69113266468,-0.718165576458
0.710782468319,-0.0768141523004,1.38602292538,-0.0369172655046,0.0718883648515,0.690587997437,-0.718719422817
0.710744440556,-0.0768607184291,1.38599967957,-0.0368300154805,0.071822822094,0.690085947514,-0.719212532043
0.710760951042,-0.0769529566169,1.38596761227,-0.0359202474356,0.0689466446638,0.689630031586,-0.719976782799
0.710643827915,-0.0769680887461,1.38590061665,-0.0365895703435,0.0714950039983,0.689077019691,-0.720224022865
0.710635602474,-0.07699521631,1.385851264,-0.0367628186941,0.0714344084263,0.688591063023,-0.720685839653
0.710641026497,-0.0770582333207,1.38582670689,-0.0368062630296,0.07129368186,0.688043415546,-0.721220314503
0.710604608059,-0.0770859792829,1.38579881191,-0.0370960906148,0.0709917619824,0.687373638153,-0.721873641014
0.710536301136,-0.0771233588457,1.38574075699,-0.0371588729322,0.0705927610397,0.687116444111,-0.722154378891
0.71053558588,-0.0771890357137,1.38571047783,-0.0374852865934,0.0703310742974,0.686593651772,-0.722660064697
0.710527062416,-0.077287979424,1.38572311401,-0.0375149659812,0.0699239224195,0.686106264591,-0.723160803318
0.710504055023,-0.0773521661758,1.3856805563,-0.037798691541,0.0697112306952,0.685874521732,-0.723386466503
0.710438847542,-0.0773956850171,1.38556194305,-0.0380328521132,0.0696211457253,0.685900807381,-0.723357915878
0.710375964642,-0.0774551928043,1.38551163673,-0.0381732322276,0.0693999603391,0.685831665993,-0.723437190056
0.710372924805,-0.0775002837181,1.38544726372,-0.0383946225047,0.0686813667417,0.685696661472,-0.723622083664
0.710348665714,-0.0775600001216,1.38542211056,-0.0390258803964,0.0683976262808,0.685343444347,-0.723949670792
0.710463762283,-0.0775841325521,1.38553011417,-0.0398146398365,0.0683812275529,0.684918642044,-0.724310219288
0.710371077061,-0.0776249840856,1.38539147377,-0.0400450788438,0.0677033811808,0.684839010239,-0.724436461926
0.710234344006,-0.0774574652314,1.38524758816,-0.0415648557246,0.0676496177912,0.684796631336,-0.724395930767
0.71011954546,-0.0776180103421,1.38512444496,-0.0407096967101,0.0670401230454,0.68498980999,-0.724318563938
0.710060119629,-0.077599182725,1.38501787186,-0.0413524396718,0.066089861095,0.684783935547,-0.724564135075
0.709990859032,-0.0776192322373,1.38494896889,-0.0417262502015,0.0657071471214,0.684500455856,-0.724845290184
0.709755063057,-0.0775281265378,1.38481080532,-0.0417898930609,0.0650198310614,0.684473156929,-0.724929392338
0.709933817387,-0.0778704509139,1.38490831852,-0.0420312136412,0.0656902566552,0.68408113718,-0.725225031376
0.709936022758,-0.0778978019953,1.38493311405,-0.0426185689867,0.0654875338078,0.68352329731,-0.725734829903
0.709893405437,-0.077947743237,1.38490855694,-0.0430935397744,0.0652501657605,0.682956457138,-0.726261615753
0.709831118584,-0.0780074670911,1.38486230373,-0.0433374792337,0.0651521533728,0.682576417923,-0.726613044739
0.709738194942,-0.0778524205089,1.38474798203,-0.0439171902835,0.0642687380314,0.682193279266,-0.727016568184
0.709728777409,-0.0780066996813,1.38476204872,-0.0440668277442,0.0644909143448,0.681334853172,-0.72779250145
0.709660351276,-0.0779871344566,1.38465285301,-0.04422814399,0.064311362803,0.680899262428,-0.728206157684
0.709604084492,-0.0779528096318,1.3845154047,-0.0444901920855,0.0638800635934,0.680014491081,-0.729054450989
0.709557890892,-0.0779484659433,1.38447570801,-0.0447270683944,0.063716635108,0.679081201553,-0.729923665524
0.709454894066,-0.0778756737709,1.38434135914,-0.0451675951481,0.0631373003125,0.678151130676,-0.73081099987
0.709427475929,-0.0777563378215,1.38427436352,-0.045253790915,0.0595962032676,0.674929857254,-0.734077751637
0.709408462048,-0.0777215212584,1.38423871994,-0.0454320721328,0.0595142357051,0.67391037941,-0.735009491444
0.709285318851,-0.077686958015,1.3842124939,-0.0464872382581,0.0624239221215,0.672678649426,-0.735829949379
0.709248304367,-0.0776391476393,1.38420236111,-0.0470323935151,0.0620657913387,0.671066761017,-0.737295866013
0.709180176258,-0.0776196047664,1.38417303562,-0.0469967909157,0.061934158206,0.66992020607,-0.738351225853
0.709196925163,-0.0776228606701,1.38415598869,-0.046222306788,0.0592449679971,0.668950140476,-0.739499390125
0.70906072855,-0.0776059627533,1.38411521912,-0.0471640303731,0.0620242916048,0.667858123779,-0.740198671818
0.70909678936,-0.0776499956846,1.38412594795,-0.0477817207575,0.0621378682554,0.668238699436,-0.739806056023
0.708991229534,-0.0777122303843,1.38411641121,-0.0469113625586,0.0631644353271,0.668066442013,-0.739930272102
0.709003984928,-0.0777162238955,1.38410973549,-0.0460180565715,0.0604141913354,0.667173147202,-0.74102127552
0.708857893944,-0.0776399448514,1.38410651684,-0.0468578822911,0.0632269755006,0.666421711445,-0.741410076618
0.708921432495,-0.0777067169547,1.38423490524,-0.0461431071162,0.0609875060618,0.665585935116,-0.742392539978
0.708834469318,-0.077682428062,1.38423585892,-0.0461691580713,0.060946021229,0.66501134634,-0.742909133434
0.708834946156,-0.0776164010167,1.3843421936,-0.046318423003,0.0611616633832,0.664475440979,-0.743361473083
0.708741486073,-0.0775945484638,1.38435232639,-0.0462489239872,0.0612222962081,0.664256870747,-0.743556141853
0.708574831486,-0.077556848526,1.38436770439,-0.0469164699316,0.0640309080482,0.6642152071,-0.743314981461
0.708481252193,-0.0775380879641,1.38437604904,-0.0468094795942,0.0639263391495,0.664253950119,-0.743296205997
0.708401381969,-0.0775167867541,1.38438475132,-0.0467077717185,0.0638349205256,0.664435565472,-0.743147969246
0.708360850811,-0.0775122419,1.38438224792,-0.0458135940135,0.0606459155679,0.664707183838,-0.743227899075
0.708208143711,-0.0773267894983,1.38432788849,-0.0459520369768,0.0599915497005,0.665295779705,-0.742745578289
0.70809584856,-0.0773144438863,1.3843433857,-0.0456430874765,0.0599532611668,0.666046500206,-0.742094635963
0.708014845848,-0.0772845521569,1.38435864449,-0.0455002449453,0.0595799349248,0.666709125042,-0.741538286209
0.707904875278,-0.0774344429374,1.38447952271,-0.0457662567496,0.0630317628384,0.667633652687,-0.7404037714
0.707816004753,-0.0774300247431,1.38449656963,-0.0455903969705,0.0630868673325,0.668708026409,-0.739439725876
0.707721889019,-0.077388599515,1.38451707363,-0.0455776192248,0.0627947300673,0.669665455818,-0.738598525524
0.707742333412,-0.0773710906506,1.38451337814,-0.0446083247662,0.0598009265959,0.67068362236,-0.737982094288
0.707543969154,-0.0773978307843,1.38436686993,-0.0442843288183,0.059345651418,0.671875834465,-0.7369530797
0.70735090971,-0.0773280113935,1.38436031342,-0.0458750836551,0.0627380013466,0.67304712534,-0.735504627228
0.707258045673,-0.0771807655692,1.38430380821,-0.0449841916561,0.0617944002151,0.674656927586,-0.734163463116
0.707279980183,-0.0771867483854,1.38430404663,-0.0441597476602,0.0588023327291,0.67591971159,-0.733297228813
0.707309246063,-0.0770956873894,1.38450860977,-0.0453752316535,0.0616247840226,0.676831483841,-0.732149481773
0.707318603992,-0.0773890465498,1.3845808506,-0.044902049005,0.0623090602458,0.677784204483,-0.731238722801
0.707281053066,-0.0773624032736,1.38457667828,-0.0449389107525,0.0624453537166,0.678821563721,-0.730261802673
0.70710080862,-0.0771715566516,1.384360075,-0.0457171276212,0.061323300004,0.679290771484,-0.72987228632
0.707061290741,-0.0771396309137,1.38436484337,-0.0457561984658,0.0614130459726,0.680283308029,-0.728937149048
0.707074046135,-0.0771184191108,1.38438820839,-0.0457593165338,0.061560690403,0.681151628494,-0.728113293648
0.70703291893,-0.0770212560892,1.3844192028,-0.0458463542163,0.0612674206495,0.681437075138,-0.727865457535
0.707020640373,-0.0770768225193,1.38440752029,-0.044240385294,0.0633132979274,0.683697462082,-0.725666582584
0.707223236561,-0.077166467905,1.3846322298,-0.0442960932851,0.0639260262251,0.684453189373,-0.724896669388
0.707096576691,-0.0770339742303,1.38440382481,-0.0441001020372,0.0636611878872,0.684862852097,-0.724544942379
0.707257568836,-0.0769194439054,1.38425910473,-0.0443345569074,0.0642094761133,0.685467004776,-0.723910689354
0.70725440979,-0.0768445953727,1.38425970078,-0.0440658032894,0.064739972353,0.68598395586,-0.723389923573
0.707289278507,-0.0767568200827,1.38423895836,-0.0443012751639,0.0653657242656,0.685962617397,-0.723339498043
0.707348823547,-0.0767039582133,1.38423919678,-0.0440438687801,0.0658910050988,0.686259448528,-0.723025858402
0.70738363266,-0.0766441449523,1.38423299789,-0.0438042469323,0.066283673048,0.686381757259,-0.722888529301
0.707412004471,-0.0765796154737,1.38424932957,-0.0436262711883,0.0667558759451,0.686284720898,-0.722947955132
0.707471370697,-0.0765183642507,1.3842394352,-0.043695602566,0.0673772245646,0.685918629169,-0.723233640194
0.707523345947,-0.0764449834824,1.38424813747,-0.0435278192163,0.0677542313933,0.685756146908,-0.723362505436
0.707494497299,-0.0764828398824,1.38424968719,-0.0423507727683,0.0692509263754,0.687391042709,-0.721737086773
0.707641422749,-0.0762731656432,1.38425457478,-0.0429252125323,0.0690189301968,0.685725152493,-0.723308205605
0.707644164562,-0.0762411653996,1.3842638731,-0.0431290157139,0.0692794397473,0.685345172882,-0.723631322384
0.70777451992,-0.0762237533927,1.38425290585,-0.0423418395221,0.0672751963139,0.685278475285,-0.723930120468
0.707699716091,-0.0761727765203,1.38442277908,-0.0429006405175,0.0706063657999,0.685231149197,-0.723624646664
0.707740187645,-0.0760993435979,1.38440036774,-0.0427889637649,0.0712992697954,0.685288786888,-0.72350871563
0.70786178112,-0.0760271623731,1.38441872597,-0.0419871844351,0.0687770023942,0.685278713703,-0.723809301853
0.707904577255,-0.0759352967143,1.38440692425,-0.0420756712556,0.0689565613866,0.685334861279,-0.723733961582
0.707823038101,-0.0759215652943,1.38429117203,-0.0414699092507,0.0693057253957,0.685137569904,-0.723922371864
0.707892298698,-0.0756936520338,1.38412225246,-0.0428739078343,0.0725578516722,0.685605049133,-0.723078846931
0.707995712757,-0.0756512135267,1.384116292,-0.0418781191111,0.0698899850249,0.685918152332,-0.723103046417
0.708043277264,-0.075576633215,1.38409519196,-0.0419023558497,0.0700408667326,0.68611317873,-0.722901940346
0.708093583584,-0.0755113586783,1.38407540321,-0.0419873446226,0.0701883584261,0.686312198639,-0.722693681717
0.708097040653,-0.0754347667098,1.38401937485,-0.0429736226797,0.0733714923263,0.686508953571,-0.722132623196
0.708104431629,-0.0753407031298,1.38404047489,-0.043011598289,0.0732511207461,0.686807274818,-0.721858739853
0.708160936832,-0.0752602890134,1.38401567936,-0.0430650785565,0.073354229331,0.687176346779,-0.721493721008
0.708266377449,-0.0752027779818,1.38395273685,-0.0430477522314,0.0736104696989,0.687495231628,-0.721164822578
0.708308398724,-0.0751266852021,1.38393771648,-0.0431336760521,0.0735878422856,0.687804818153,-0.720866858959
0.708349466324,-0.0750558301806,1.38392674923,-0.0431340895593,0.0736378058791,0.688156962395,-0.720525443554
0.708387434483,-0.0750068128109,1.38391458988,-0.0431182198226,0.0737072974443,0.68852186203,-0.720170557499
0.708419919014,-0.0749164819717,1.38388800621,-0.0431260131299,0.0737762227654,0.689064025879,-0.719644367695
0.708408772945,-0.0746781751513,1.38380813599,-0.0435494966805,0.0731558203697,0.689385414124,-0.719374358654
0.708263993263,-0.074691452086,1.3839840889,-0.0430832616985,0.0729649886489,0.689317345619,-0.719486951828
0.708287775517,-0.0746316611767,1.38396954536,-0.043232370168,0.0729472860694,0.689485132694,-0.719319105148
0.708353459835,-0.074559867382,1.38390910625,-0.0433864220977,0.0730033367872,0.689548254013,-0.719243526459
0.708389282227,-0.0745033919811,1.38389194012,-0.0434691235423,0.0729918330908,0.689629733562,-0.719161748886
0.708386421204,-0.074420966208,1.3839277029,-0.0434477999806,0.0724746435881,0.689684689045,-0.71916270256
0.708448410034,-0.0743897259235,1.38387441635,-0.0435256026685,0.072616994381,0.689629197121,-0.719196736813
0.708480477333,-0.0745083466172,1.38397789001,-0.0432466231287,0.073023699224,0.689492285252,-0.719303667545
0.708495438099,-0.0742962583899,1.38385939598,-0.0436274446547,0.0727385729551,0.689447700977,-0.719352304935
0.708442807198,-0.0742290839553,1.38389217854,-0.043680369854,0.0729329884052,0.689211070538,-0.719556093216
0.70846170187,-0.074191942811,1.38389611244,-0.0436365120113,0.0730615705252,0.688900649548,-0.719842851162
0.70848095417,-0.074115999043,1.38389968872,-0.0437590554357,0.0731087476015,0.688337922096,-0.720368742943
0.708498239517,-0.0740651935339,1.3839058876,-0.0437499694526,0.073238439858,0.687856197357,-0.720816195011
0.708519995213,-0.0740276575089,1.38388693333,-0.0436766222119,0.0733433812857,0.687341928482,-0.721300303936
0.708515405655,-0.0740003734827,1.38389360905,-0.0434757359326,0.0735141485929,0.686813890934,-0.721797883511
0.708511829376,-0.0739951655269,1.38390016556,-0.043323609978,0.0736245065928,0.68623226881,-0.722348928452
0.708516895771,-0.0739798843861,1.38389801979,-0.043102838099,0.0737514272332,0.685644865036,-0.722906589508
0.708531796932,-0.0739639699459,1.38387644291,-0.0431065559387,0.0741870179772,0.684882044792,-0.723584771156
0.708520829678,-0.0739380866289,1.38388204575,-0.0431011840701,0.0741458386183,0.683919787407,-0.724498748779
0.708594322205,-0.0740923061967,1.38396430016,-0.042968288064,0.0745678544044,0.682655513287,-0.725654780865
0.708600521088,-0.0740449726582,1.38395142555,-0.0430420599878,0.0745971649885,0.681767165661,-0.72648203373
0.708613932133,-0.0740433707833,1.38393950462,-0.0430091060698,0.0746788084507,0.68099629879,-0.727198243141
0.708589732647,-0.0739866346121,1.38394927979,-0.0438750274479,0.0756529644132,0.680116355419,-0.727869212627
0.708638429642,-0.0739709436893,1.38392865658,-0.0430401749909,0.0751228183508,0.67936527729,-0.728674888611
0.708655774593,-0.073953576386,1.38391685486,-0.0431257113814,0.0751153975725,0.678526163101,-0.729452013969
0.708657681942,-0.0739298388362,1.383908391,-0.043097615242,0.0750999599695,0.677759468555,-0.730167686939
0.708679199219,-0.0739031136036,1.38391399384,-0.043102260679,0.0749967321754,0.676919639111,-0.730956614017
0.708860993385,-0.0738435611129,1.38402438164,-0.0427911169827,0.0723954662681,0.675745129585,-0.732322692871
0.708793699741,-0.0736646279693,1.3839673996,-0.0431162267923,0.0718166008592,0.675121247768,-0.732935667038
0.708886921406,-0.0738188251853,1.3840392828,-0.0428622812033,0.0722784176469,0.674213111401,-0.733740568161
0.708865880966,-0.0738471522927,1.38403558731,-0.0428048931062,0.0723288580775,0.673500359058,-0.734393358231
0.708771407604,-0.0738951265812,1.38393187523,-0.0425230488181,0.0721185803413,0.673130393028,-0.734769523144
0.708904445171,-0.0737419575453,1.38405871391,-0.0399421565235,0.0735113993287,0.672776341438,-0.735100507736
0.708926975727,-0.0737373530865,1.3840919733,-0.0404228083789,0.0732592567801,0.672149419785,-0.735672652721
0.708870172501,-0.0738278776407,1.38410127163,-0.0438497029245,0.0717727020383,0.671229839325,-0.736462175846
0.708693683147,-0.0738943889737,1.38396048546,-0.0443822667003,0.0740662887692,0.670968830585,-0.736440896988
0.708693742752,-0.0739189535379,1.38395559788,-0.0445259660482,0.0739819705486,0.670627593994,-0.736751496792
0.708678424358,-0.0739291384816,1.38393759727,-0.0448918789625,0.0736850872636,0.670252203941,-0.737100601196
0.708536148071,-0.0738033652306,1.3839097023,-0.0458794757724,0.0721533223987,0.666832387447,-0.740286171436
0.708533406258,-0.0738853439689,1.38388609886,-0.0459207110107,0.0723414793611,0.666709542274,-0.740375936031
0.708786904812,-0.0738993361592,1.38403749466,-0.0463199801743,0.0725689232349,0.669683158398,-0.737640082836
0.708766758442,-0.0739212185144,1.38403522968,-0.046755976975,0.0723355337977,0.669602572918,-0.737708568573
0.708787083626,-0.0739377513528,1.38403964043,-0.0471490249038,0.0719739869237,0.66969537735,-0.737634599209
0.708892524242,-0.0739343613386,1.38413536549,-0.0475351400673,0.0717346519232,0.670547842979,-0.73685836792
0.70881408453,-0.0737362578511,1.38414895535,-0.0490764379501,0.0701319128275,0.668056488037,-0.739170968533
0.708766520023,-0.0738126114011,1.38404023647,-0.0494613237679,0.0698558688164,0.668164491653,-0.739073693752
0.708683907986,-0.0738891363144,1.38386464119,-0.0497525185347,0.0690774917603,0.668570160866,-0.738760411739
0.708711087704,-0.0739144459367,1.38386118412,-0.0502925440669,0.0687719136477,0.668960034847,-0.738399326801
0.708689153194,-0.0737619176507,1.38380885124,-0.0509355403483,0.0676668435335,0.669575631618,-0.737899363041
0.708756685257,-0.0739687681198,1.38387238979,-0.0510662347078,0.0677679032087,0.670213699341,-0.737301468849
0.708746731281,-0.0738105997443,1.38379335403,-0.0519355013967,0.0666135773063,0.670637726784,-0.736960351467
0.708944618702,-0.0741789788008,1.38390147686,-0.0518767684698,0.0677422210574,0.67263263464,-0.735041022301
0.708894908428,-0.0741562098265,1.38388705254,-0.0525900237262,0.0674268975854,0.672454237938,-0.735182523727
0.709036290646,-0.0739345103502,1.38399481773,-0.0538560040295,0.0663581266999,0.672515451908,-0.735131978989
0.708879590034,-0.0741583704948,1.38389754295,-0.0542846210301,0.0654619634151,0.671628832817,-0.735991060734
0.708925545216,-0.0742232725024,1.38389730453,-0.0543786622584,0.0648732855916,0.672188222408,-0.735525250435
0.709010004997,-0.0743040814996,1.38387989998,-0.054978068918,0.0654588416219,0.673463582993,-0.734261095524
0.709030985832,-0.0743448212743,1.38386321068,-0.0556553155184,0.0652963668108,0.673470616341,-0.734218120575
0.709032773972,-0.0741809457541,1.38378798962,-0.0566947236657,0.0640423446894,0.673332512379,-0.734375655651
0.709055840969,-0.074263446033,1.38377428055,-0.0570868067443,0.0638307407498,0.673338711262,-0.734358012676
0.709131360054,-0.0742570832372,1.38375997543,-0.0574271269143,0.0636620596051,0.673161387444,-0.734508693218
0.709169447422,-0.0742990672588,1.38376355171,-0.0581665039062,0.0634845346212,0.672939956188,-0.734668850899
0.709318399429,-0.0743260979652,1.38391494751,-0.0587698295712,0.0634834766388,0.672355234623,-0.73515599966
0.709420800209,-0.0744811072946,1.38396704197,-0.0588498301804,0.0632273629308,0.671975016594,-0.735519230366
0.709459841251,-0.0745266452432,1.38395738602,-0.05914452672,0.0629973709583,0.67147654295,-0.735970616341
0.709528565407,-0.0746152997017,1.38400053978,-0.059297028929,0.0630788803101,0.670888543129,-0.736487388611
0.709621429443,-0.0744522511959,1.38393259048,-0.0593092404306,0.0591847710311,0.669012486935,-0.738513231277
0.709461688995,-0.0745691508055,1.38375103474,-0.0599495247006,0.0619504898787,0.668632268906,-0.738579154015
0.709505081177,-0.0746268779039,1.38374173641,-0.0600373744965,0.0618563108146,0.667639195919,-0.73947763443
0.709649384022,-0.0746217817068,1.38390445709,-0.0605913065374,0.0621953979135,0.666681945324,-0.740267276764
0.709708273411,-0.0746751353145,1.38388514519,-0.0606996230781,0.0619174726307,0.665842533112,-0.741036891937
0.709810137749,-0.0749887004495,1.38392865658,-0.0602936930954,0.0624114945531,0.665126144886,-0.74167150259
0.709827005863,-0.0748721957207,1.38384532928,-0.0605961345136,0.0619200505316,0.664637565613,-0.742125988007
0.709937632084,-0.0751261413097,1.38390314579,-0.0601822920144,0.0624431893229,0.663847148418,-0.742823004723
0.709933698177,-0.0753071308136,1.38389730453,-0.0593018606305,0.0631369128823,0.66467833519,-0.742091417313
0.710077345371,-0.0752160996199,1.38393211365,-0.061039429158,0.0630963593721,0.662423253059,-0.743968069553
0.710143685341,-0.0752972662449,1.38391113281,-0.0603450834751,0.0618499591947,0.661629676819,-0.744835019112
0.710203170776,-0.0753506869078,1.38390398026,-0.0606447048485,0.0613165199757,0.660834133625,-0.745560765266
0.710263907909,-0.0754010379314,1.3838994503,-0.0606762543321,0.0610060431063,0.660200178623,-0.746145129204
0.710367143154,-0.0754550620914,1.38389229774,-0.0608060956001,0.058426477015,0.659481465816,-0.746976077557
0.710353136063,-0.0755911320448,1.38387274742,-0.0604529567063,0.0603237599134,0.65935587883,-0.746964812279
0.710374712944,-0.0757088065147,1.38385987282,-0.0602292306721,0.060072209686,0.6591989398,-0.747141540051
0.710463523865,-0.0757280215621,1.38386929035,-0.0604028962553,0.0598805807531,0.658897995949,-0.747408390045
0.710538864136,-0.0757844150066,1.38385570049,-0.0602704957128,0.0594853870571,0.658703744411,-0.747621834278
0.710699737072,-0.0758748576045,1.38384115696,-0.0595582537353,0.0568890310824,0.658403158188,-0.748145520687
0.71079736948,-0.0759447738528,1.38382947445,-0.0597588792443,0.0564896203578,0.658218801022,-0.748322069645
0.710881531239,-0.0760644152761,1.38382101059,-0.0596638731658,0.0561186373234,0.658070683479,-0.748487770557
0.710781574249,-0.0761855095625,1.38366723061,-0.0602172985673,0.0578063502908,0.65830296278,-0.748110711575
0.710875332355,-0.0762693583965,1.38363778591,-0.0601560585201,0.0577811561525,0.658727943897,-0.747743368149
0.710962712765,-0.0762633979321,1.38364005089,-0.0610936246812,0.056511759758,0.658011317253,-0.74839502573
0.711038768291,-0.0764102712274,1.38362431526,-0.0603864267468,0.0573062188923,0.658982634544,-0.747536838055
0.711108148098,-0.076476290822,1.38361394405,-0.0602974183857,0.0567120052874,0.65911513567,-0.747472524643
0.711204767227,-0.0765416324139,1.38360440731,-0.060339923948,0.0564357303083,0.659194588661,-0.747420012951
0.711283385754,-0.0765805542469,1.38360702991,-0.0605590157211,0.0558648444712,0.658945083618,-0.747665166855
0.711371123791,-0.07663205266,1.38361489773,-0.060690049082,0.0553974248469,0.658980846405,-0.747657835484
0.711442232132,-0.0766828358173,1.38363289833,-0.0607352443039,0.055073145777,0.658994555473,-0.74766600132
0.711598098278,-0.0767356157303,1.38366103172,-0.0601486898959,0.051581274718,0.658654391766,-0.748261928558
0.711713433266,-0.0767349004745,1.38384187222,-0.0614146664739,0.0541448295116,0.658533811569,-0.748084187508
0.711782634258,-0.0768009573221,1.3838737011,-0.0615230873227,0.0539025068283,0.65853947401,-0.748087704182
0.711857676506,-0.0768870860338,1.38390564919,-0.0615409463644,0.0536346770823,0.658664464951,-0.747995495796
0.711948275566,-0.0768840834498,1.38395345211,-0.0626235604286,0.0522994287312,0.657726287842,-0.748825192451
0.712081193924,-0.0770487189293,1.38400566578,-0.0611166283488,0.0497307479382,0.658460080624,-0.748479783535
0.712160170078,-0.0771246179938,1.38405036926,-0.0612860955298,0.0494583509862,0.658424973488,-0.748514771461
0.712214410305,-0.0772210806608,1.38411998749,-0.0613019280136,0.0491966344416,0.658464789391,-0.748495876789
0.712069809437,-0.0773697942495,1.38404011726,-0.0618211515248,0.0515325628221,0.658837854862,-0.747967362404
0.712148368359,-0.0774738788605,1.38411104679,-0.0621979534626,0.0513703636825,0.658773481846,-0.74800413847
0.712244272232,-0.0775802433491,1.38417649269,-0.0625236779451,0.051104478538,0.65869396925,-0.748065054417
0.712360620499,-0.0776901915669,1.38425910473,-0.0626109912992,0.0505454279482,0.658751964569,-0.748044729233
0.712470054626,-0.0777843743563,1.38433039188,-0.062964707613,0.0503845140338,0.658821225166,-0.747964799404
0.712572753429,-0.0778858587146,1.38440597057,-0.0631343275309,0.0502547323704,0.658980607986,-0.747818887234
0.712673246861,-0.0779879912734,1.38446998596,-0.0634385347366,0.0500280447304,0.659019887447,-0.747773647308
0.712770462036,-0.0780728459358,1.38454055786,-0.0650997161865,0.050237622112,0.658695399761,-0.747902870178
