x,y,z,q0,q1,q2,q3
0.650388419628,0.239767730236,1.09164857864,-0.413984328508,-0.539240658283,-0.518942773342,0.518203496933
0.651855826378,0.239452332258,1.09167933464,-0.415087491274,-0.534196734428,-0.524305343628,0.517146229744
0.653288304806,0.239424288273,1.0916904211,0.418992012739,0.524971783161,0.532872736454,-0.514681458473
0.654944598675,0.239279836416,1.09158313274,0.422014147043,0.519451200962,0.536996126175,-0.513526856899
0.656485319138,0.239197507501,1.09160840511,0.425022214651,0.514614701271,0.541132450104,-0.511569857597
0.65799510479,0.23899756372,1.0916800499,0.429373145103,0.508460700512,0.545096337795,-0.50987893343
0.659577488899,0.239090591669,1.09166300297,0.434361934662,0.502907216549,0.54791611433,-0.508135914803
0.659577488899,0.239090591669,1.09166300297,0.434361934662,0.502907216549,0.54791611433,-0.508135914803
0.662358105183,0.238744229078,1.09184765816,0.445361495018,0.490590363741,0.55361944437,-0.504459679127
0.663634419441,0.238718524575,1.09182202816,0.446691066027,0.488366156816,0.554524421692,-0.504448533058
0.664651870728,0.238528162241,1.09198844433,0.457489192486,0.478519499302,0.557465016842,-0.500954568386
0.665772378445,0.238348454237,1.0918892622,0.463465094566,0.472977459431,0.557991862297,-0.50013756752
0.665772378445,0.238348454237,1.0918892622,0.463465094566,0.472977459431,0.557991862297,-0.50013756752
0.667283654213,0.237958401442,1.09220588207,0.475366801023,0.462941050529,0.557808339596,-0.498559951782
0.667691707611,0.237618237734,1.09192347527,0.475657075644,0.462860167027,0.555246829987,-0.50121062994
0.667935371399,0.237220138311,1.09209036827,0.485086798668,0.455866873264,0.554785847664,-0.49908810854
0.668109595776,0.236976161599,1.09204339981,0.489343941212,0.453651160002,0.551672518253,-0.500400602818
0.668298959732,0.236543521285,1.09198594093,0.493572354317,0.451563864946,0.548419654369,-0.501709461212
0.66814571619,0.235810488462,1.09167730808,0.497245132923,0.449626773596,0.545015454292,-0.503529071808
0.668036878109,0.235480189323,1.0915261507,0.500731408596,0.44898596406,0.539965331554,-0.506080269814
0.667811393738,0.235401704907,1.09157919884,0.504500210285,0.448956400156,0.534350097179,-0.508318483829
0.667545378208,0.234974175692,1.09115147591,0.50693655014,0.449515014887,0.528085649014,-0.511934518814
0.666968524456,0.234466925263,1.09103810787,0.509650230408,0.450191557407,0.521953642368,-0.514925956726
0.667023956776,0.233895346522,1.09077203274,0.508190751076,0.453612148762,0.513935983181,-0.521390736103
0.666496515274,0.233433037996,1.09045958519,0.510635256767,0.454526305199,0.507046580315,-0.524939239025
0.665827035904,0.232880622149,1.09028160572,0.513416290283,0.456400990486,0.498493731022,-0.528777837753
0.663273990154,0.232607960701,1.0899939537,0.514483630657,0.457704693079,0.495470255613,-0.529454708099
0.662293672562,0.231822729111,1.08965051174,0.516987681389,0.458290487528,0.488853096962,-0.53265017271
0.661752104759,0.231077179313,1.08919978142,0.522880315781,0.456710427999,0.482534170151,-0.534015536308
0.660041689873,0.230130821466,1.08900952339,0.520690381527,0.461002409458,0.475529968739,-0.538729727268
0.658982336521,0.229374587536,1.08870244026,0.522156238556,0.46218469739,0.467959702015,-0.542910695076
0.658485651016,0.228585898876,1.08842849731,0.524540185928,0.462556511164,0.460648566484,-0.546536445618
0.656765818596,0.227615490556,1.08807003498,0.529975116253,0.462105631828,0.456651598215,-0.545026898384
0.656765818596,0.227615490556,1.08807003498,0.529975116253,0.462105631828,0.456651598215,-0.545026898384
0.654625475407,0.225967913866,1.08751654625,0.534115433693,0.463776022196,0.443083703518,-0.550735354424
0.653560459614,0.225370183587,1.08736789227,0.536579489708,0.464612394571,0.436246842146,-0.553088188171
0.652496635914,0.22478954494,1.08717525005,0.538935959339,0.465325891972,0.429897457361,-0.555165171623
0.650864243507,0.223543331027,1.08689558506,0.540347397327,0.465706467628,0.424921363592,-0.557300806046
0.648833930492,0.222413867712,1.08664250374,0.539845764637,0.466850489378,0.419440418482,-0.560969769955
0.648445546627,0.221971839666,1.08655261993,0.54436981678,0.466939240694,0.413204461336,-0.56115180254
0.646827638149,0.220759823918,1.08614659309,0.545498549938,0.467573702335,0.408003211021,-0.563329219818
0.645729899406,0.219981774688,1.08595061302,0.545682907104,0.468212544918,0.401499509811,-0.56727874279
0.644601285458,0.219193786383,1.08565402031,0.547093629837,0.468937039375,0.395549088717,-0.569497704506
0.643273115158,0.218398019671,1.08549952507,0.549047827721,0.471477478743,0.387948334217,-0.570746600628
0.643273115158,0.218398019671,1.08549952507,0.549047827721,0.471477478743,0.387948334217,-0.570746600628
0.641717374325,0.217552989721,1.08532381058,0.547743678093,0.473182499409,0.381844073534,-0.574691593647
0.639554440975,0.21678443253,1.0851984024,0.548427939415,0.475227445364,0.371320724487,-0.579229354858
0.637938380241,0.215530917048,1.08496260643,0.549463808537,0.475552141666,0.367392003536,-0.580484867096
0.637053012848,0.215278089046,1.0850045681,0.550459384918,0.476754456758,0.36182513833,-0.582050085068
0.636035621166,0.214736670256,1.08494544029,0.551881670952,0.477679431438,0.358467966318,-0.582022130489
0.634799659252,0.214837968349,1.08441364765,0.551768481731,0.480497956276,0.35152682662,-0.584039747715
0.634799659252,0.214837968349,1.08441364765,0.551768481731,0.480497956276,0.35152682662,-0.584039747715
0.63212454319,0.213475823402,1.08426976204,0.5506747365,0.483569651842,0.344054549932,-0.586978971958
0.631367981434,0.212635114789,1.08504652977,0.55016285181,0.483993887901,0.341647595167,-0.588513255119
0.630351424217,0.212329089642,1.0850892067,0.548903346062,0.486522376537,0.336585789919,-0.590517759323
0.628681242466,0.211730569601,1.08541798592,0.548539936543,0.488240510225,0.334990888834,-0.590344250202
0.627811014652,0.211418479681,1.08548641205,0.547293305397,0.489937484264,0.331222593784,-0.592218875885
0.626145303249,0.210919201374,1.0856102705,0.545749723911,0.492580264807,0.329121917486,-0.592621982098
0.625751912594,0.210760563612,1.08566188812,0.54499566555,0.493731528521,0.325413525105,-0.594403207302
0.624946653843,0.210535719991,1.08575081825,0.543740808964,0.49534291029,0.323453783989,-0.595280647278
0.624286949635,0.210656106472,1.08599376678,0.542945384979,0.497105926275,0.320924580097,-0.595905542374
0.623443603516,0.210535317659,1.08619379997,0.541416823864,0.498867362738,0.319102466106,-0.596802175045
0.622637569904,0.210445851088,1.08643221855,0.540408194065,0.500862658024,0.317642122507,-0.596824228764
0.621758460999,0.210302814841,1.08658993244,0.538646697998,0.502910196781,0.316630274057,-0.597232282162
0.621758460999,0.210302814841,1.08658993244,0.538646697998,0.502910196781,0.316630274057,-0.597232282162
0.620207548141,0.210253491998,1.08695781231,0.535332262516,0.506692767143,0.315416038036,-0.597657501698
0.619374454021,0.209869980812,1.08697319031,0.533105015755,0.508394479752,0.315476059914,-0.598171412945
0.618683815002,0.209793865681,1.08712458611,0.530317246914,0.51055341959,0.315015912056,-0.599052369595
0.617316186428,0.209642633796,1.08736526966,0.527502954006,0.513431370258,0.31595441699,-0.598583102226
0.617316186428,0.209642633796,1.08736526966,0.527502954006,0.513431370258,0.31595441699,-0.598583102226
0.616758465767,0.209603518248,1.08749389648,0.523351550102,0.516529619694,0.316291898489,-0.599383056164
0.616227924824,0.209492087364,1.08757710457,0.521306037903,0.518186926842,0.317607849836,-0.599039018154
0.61573189497,0.209890186787,1.08797502518,0.519211709499,0.520213782787,0.318619221449,-0.59856402874
0.615373015404,0.209974378347,1.0880959034,0.51690363884,0.521861732006,0.319860875607,-0.598464846611
0.614932894707,0.209902182221,1.08812642097,0.515042662621,0.523299157619,0.322101742029,-0.597611784935
0.614932894707,0.209902182221,1.08812642097,0.515042662621,0.523299157619,0.322101742029,-0.597611784935
0.614572167397,0.209922492504,1.08818650246,0.51176905632,0.525347232819,0.32316660881,-0.598051846027
0.613930165768,0.209521740675,1.08813726902,0.505705475807,0.528333067894,0.327295184135,-0.598334431648
0.613561093807,0.209430977702,1.08817327023,0.50311422348,0.529846012592,0.329711139202,-0.597854435444
0.61332577467,0.209529191256,1.08824694157,0.501212656498,0.531131982803,0.332426190376,-0.59680634737
0.61305218935,0.209788382053,1.08839702606,0.498864352703,0.532640397549,0.3350905478,-0.595938682556
0.612899720669,0.209889829159,1.08842206001,0.496857315302,0.533570110798,0.337939590216,-0.595174312592
0.612773239613,0.209977313876,1.08841848373,0.494008332491,0.534888088703,0.340569406748,-0.594863772392
0.612678825855,0.210089981556,1.08838999271,0.491307258606,0.536121308804,0.343459129333,-0.594329178333
0.612607002258,0.21021810174,1.08838188648,0.489715009928,0.536831855774,0.34681224823,-0.593053162098
0.61253118515,0.210313931108,1.08848631382,0.486221075058,0.538199961185,0.348341137171,-0.593791604042
0.612484693527,0.210161209106,1.08825170994,0.484929680824,0.538245022297,0.353274315596,-0.591889381409
0.612517416477,0.210178405046,1.08810973167,0.482068985701,0.538855075836,0.355318784714,-0.592447042465
0.6124984622,0.210199028254,1.0881755352,0.480517327785,0.53922611475,0.359361976385,-0.590929031372
0.612597465515,0.210369944572,1.08814156055,0.478051513433,0.540090203285,0.362861931324,-0.59000068903
0.612679481506,0.210505515337,1.08810603619,0.475954502821,0.540385067463,0.365231782198,-0.589963674545
0.612790167332,0.210681974888,1.08799982071,0.47429355979,0.540844738483,0.368399858475,-0.588909566402
0.612910747528,0.210782662034,1.08798873425,0.471730172634,0.541328430176,0.371204972267,-0.58876234293
0.613065123558,0.210930943489,1.08791565895,0.469885796309,0.542050421238,0.374285966158,-0.58762127161
0.613239943981,0.211003601551,1.0878200531,0.46841186285,0.541566729546,0.377437531948,-0.587228178978
0.613397121429,0.21120788157,1.08772587776,0.466854929924,0.541876077652,0.380306482315,-0.586330890656
0.61380136013,0.211389094591,1.08758568764,0.465126663446,0.541959285736,0.383116513491,-0.585797786713
0.613579154015,0.211184903979,1.08745372295,0.465682327747,0.541225552559,0.387950241566,-0.582845985889
0.613836467266,0.21132427454,1.08732151985,0.463423252106,0.540676653385,0.390007764101,-0.583782196045
0.613836467266,0.21132427454,1.08732151985,0.463423252106,0.540676653385,0.390007764101,-0.583782196045
0.614555537701,0.212050616741,1.08733987808,0.463960677385,0.540330052376,0.395968466997,-0.579649031162
0.614931285381,0.212667405605,1.08746159077,0.462150096893,0.540634512901,0.397070884705,-0.58005720377
0.615644216537,0.21283107996,1.08734023571,0.460959047079,0.539229750633,0.398520022631,-0.581317484379
0.615922272205,0.21312224865,1.08727669716,0.460269331932,0.539059102535,0.400663495064,-0.580548167229
0.616320967674,0.212795361876,1.08702242374,0.46149969101,0.538080692291,0.404372483492,-0.577901422977
0.616567671299,0.213033020496,1.08697605133,0.460824936628,0.53771930933,0.406013667583,-0.577625513077
0.617163062096,0.213474690914,1.08708453178,0.459058761597,0.537022233009,0.406129091978,-0.579595804214
0.61755669117,0.213731005788,1.08706736565,0.458835452795,0.536726534367,0.407444357872,-0.579123437405
0.617828547955,0.213987439871,1.0871193409,0.458425670862,0.536231100559,0.408448457718,-0.579199433327
0.617351174355,0.214541479945,1.08733570576,0.457844257355,0.53704059124,0.409802317619,-0.577951550484
0.617937743664,0.214795321226,1.08731639385,0.460318386555,0.536203682423,0.411896139383,-0.575268745422
0.618123471737,0.215020895004,1.0873016119,0.460443139076,0.535730063915,0.412712335587,-0.575025379658
0.618123471737,0.215020895004,1.0873016119,0.460443139076,0.535730063915,0.412712335587,-0.575025379658
0.61841571331,0.215229570866,1.08714878559,0.457171410322,0.535017669201,0.412711888552,-0.578289985657
0.618407547474,0.214787513018,1.08685016632,0.456571191549,0.534342706203,0.413777291775,-0.578626811504
0.618498325348,0.215003460646,1.08662319183,0.456578493118,0.534309566021,0.41364812851,-0.578744053841
0.61854404211,0.215094909072,1.08656287193,0.456575542688,0.534150481224,0.413627922535,-0.578907668591
0.618580639362,0.215158909559,1.08645951748,0.456191271544,0.533778131008,0.415574610233,-0.578159332275
0.619185864925,0.215511605144,1.08645367622,0.457146435976,0.533198535442,0.41455617547,-0.578670501709
0.619153380394,0.215586841106,1.08641314507,0.45778414607,0.533429563046,0.412010163069,-0.579770803452
0.618774831295,0.215777128935,1.08650636673,0.457741647959,0.533946216106,0.411479830742,-0.579705476761
0.618961334229,0.215460389853,1.086399436,0.458218067884,0.53303450346,0.411262989044,-0.580321609974
0.618577182293,0.215752780437,1.08651936054,0.461473345757,0.533367991447,0.411906421185,-0.57696980238
0.618181943893,0.215109378099,1.08617603779,0.460858315229,0.533260285854,0.411907225847,-0.577560126781
0.618462979794,0.215001881123,1.08580875397,0.461264193058,0.532914936543,0.410302072763,-0.578696131706
0.618353247643,0.21483926475,1.08563375473,0.459890931845,0.53296238184,0.410465449095,-0.579628825188
0.618229627609,0.214575529099,1.08552086353,0.459298163652,0.532743275166,0.406946510077,-0.582773149014
0.61765474081,0.214261949062,1.08538722992,0.459273129702,0.533062338829,0.406209766865,-0.583014965057
0.617510676384,0.214191019535,1.08527719975,0.462936252356,0.532945811749,0.406061977148,-0.580321013927
0.617854356766,0.21468514204,1.08531463146,0.46504765749,0.532838761806,0.40359249711,-0.580453932285
0.617725789547,0.214433819056,1.08511793613,0.463751941919,0.532745420933,0.401049464941,-0.583331525326
0.617514550686,0.214121818542,1.08496713638,0.46348580718,0.532793223858,0.399387270212,-0.584638595581
0.617346286774,0.213904440403,1.08483529091,0.465604364872,0.53247654438,0.398250162601,-0.584018886089
0.617100417614,0.213552251458,1.08466100693,0.468288958073,0.532406449318,0.397839695215,-0.582213461399
0.616379618645,0.213156789541,1.0845580101,0.468073606491,0.532821297646,0.396937131882,-0.582622945309
0.616237163544,0.212799653411,1.08435153961,0.468273967505,0.532335281372,0.394604712725,-0.58448767662
0.616054058075,0.212500035763,1.08418393135,0.468755155802,0.532171487808,0.394871383905,-0.584070920944
0.615844130516,0.212209999561,1.08405411243,0.470582127571,0.532277345657,0.391462624073,-0.584799408913
0.615679264069,0.211978495121,1.08384895325,0.470927864313,0.532286763191,0.389243364334,-0.585992693901
0.615583300591,0.211798667908,1.08370757103,0.473129153252,0.532331287861,0.387366473675,-0.58542239666
0.615495979786,0.211376518011,1.08352279663,0.473697990179,0.532534956932,0.385178774595,-0.586220264435
0.615393877029,0.211061805487,1.08326387405,0.47320830822,0.532618820667,0.38569688797,-0.586198866367
0.615223705769,0.210720747709,1.08327186108,0.474949836731,0.532744944096,0.381150662899,-0.587647736073
0.615773439407,0.210822597146,1.08313632011,0.478206992149,0.53178948164,0.381059587002,-0.585928022861
0.615074694157,0.210242167115,1.08302223682,0.479191213846,0.532138764858,0.3775216043,-0.587095916271
0.615018367767,0.210014730692,1.08287405968,0.480244934559,0.532490432262,0.375427991152,-0.587258517742
0.614936709404,0.209846109152,1.08270335197,0.481183707714,0.533200502396,0.373141348362,-0.587303340435
0.614903450012,0.209513664246,1.08252751827,0.481661319733,0.533110380173,0.373357653618,-0.586856007576
0.614871323109,0.209350258112,1.08244037628,0.483233511448,0.533656597137,0.368872433901,-0.587902247906
0.614964663982,0.209169700742,1.08232474327,0.483382284641,0.534488677979,0.366242617369,-0.588667869568
0.615102648735,0.209032967687,1.08219218254,0.484966278076,0.534283280373,0.364058583975,-0.588906109333
0.615102648735,0.209032967687,1.08219218254,0.484966278076,0.534283280373,0.364058583975,-0.588906109333
0.614951252937,0.208631128073,1.08196687698,0.487305343151,0.534833133221,0.360374093056,-0.588742434978
0.615448355675,0.208640158176,1.08183920383,0.488656014204,0.534053146839,0.359918296337,-0.588609755039
0.615479230881,0.208549827337,1.08178019524,0.489945799112,0.534811973572,0.355678796768,-0.58942502737
0.615500926971,0.208311915398,1.08162391186,0.489699721336,0.535502254963,0.355949223042,-0.588839411736
0.615526795387,0.208189412951,1.08152329922,0.491151839495,0.535711944103,0.352007120848,-0.589808046818
0.615552604198,0.208068817854,1.08140039444,0.492124795914,0.535894930363,0.352947592735,-0.588266909122
0.61559689045,0.208078503609,1.08139872551,0.492993235588,0.536433815956,0.349071234465,-0.589360535145
0.615625500679,0.207738012075,1.08123171329,0.49426600337,0.535742342472,0.350987970829,-0.587783098221
0.615678608418,0.207911521196,1.08129143715,0.49480125308,0.537099838257,0.346737056971,-0.588616132736
0.615513980389,0.207536190748,1.08114719391,0.494899064302,0.537078022957,0.347140073776,-0.588316321373
0.615567922592,0.207408905029,1.0810765028,0.494221419096,0.538803458214,0.346712529659,-0.587559938431
0.615617036819,0.207288563251,1.08101010323,0.495150864124,0.539141476154,0.344305366278,-0.587882637978
0.615617036819,0.207288563251,1.08101010323,0.495150864124,0.539141476154,0.344305366278,-0.587882637978
0.615847706795,0.20685762167,1.08075284958,0.49821805954,0.539004266262,0.346015751362,-0.584402740002
0.61590641737,0.206841439009,1.08069169521,0.498174458742,0.5395206213,0.345488995314,-0.584275007248
0.615966260433,0.206542149186,1.0805516243,0.497735053301,0.539858937263,0.345384955406,-0.584398508072
0.616031706333,0.206510871649,1.08052110672,0.497259765863,0.54048204422,0.345060139894,-0.584418714046
0.616274833679,0.206754565239,1.08058655262,0.497404247522,0.541093885899,0.344337075949,-0.584156095982
0.616260826588,0.206930041313,1.08070540428,0.495819270611,0.542119979858,0.341451197863,-0.586242496967
0.616597056389,0.207241684198,1.08076512814,0.496127516031,0.542434096336,0.34097635746,-0.585967540741
0.616679668427,0.207176446915,1.08072471619,0.49555426836,0.543035387993,0.340830147266,-0.585980653763
0.616755962372,0.20718036592,1.08070683479,0.495242208242,0.543500363827,0.341207534075,-0.585593819618
0.616840541363,0.207061737776,1.08063292503,0.494836598635,0.543867588043,0.341954290867,-0.585159957409
0.616927206516,0.207174018025,1.0806593895,0.494513869286,0.544333398342,0.342322021723,-0.584784448147
0.617033243179,0.207110226154,1.08059203625,0.494120955467,0.544400632381,0.343209654093,-0.584533631802
0.617132663727,0.207182794809,1.08061337471,0.493697106838,0.544725418091,0.343905359507,-0.584180355072
0.617226839066,0.207215830684,1.08060050011,0.493245989084,0.545040905476,0.345019936562,-0.583609580994
0.617364346981,0.207352116704,1.08058464527,0.492203325033,0.545424222946,0.345651686192,-0.583758115768
0.617476582527,0.207440629601,1.08058857918,0.491692960262,0.545501887798,0.34674590826,-0.583466351032
0.617586731911,0.207538932562,1.08061981201,0.490919917822,0.545820057392,0.347801059484,-0.583191692829
0.617742300034,0.207629546523,1.08064222336,0.490683794022,0.545715808868,0.349554598331,-0.582439184189
0.617325007915,0.207469761372,1.08065629005,0.489426195621,0.546202719212,0.351506888866,-0.581865489483
0.61744838953,0.207644313574,1.08072566986,0.48820695281,0.546404361725,0.352448910475,-0.582130551338
0.617550671101,0.207774192095,1.08077871799,0.487612903118,0.546441018581,0.354355484247,-0.581436395645
0.617641568184,0.207893311977,1.0808608532,0.487101972103,0.546332716942,0.35588607192,-0.581031441689
0.617756843567,0.208078682423,1.08093464375,0.485823333263,0.546343386173,0.357230782509,-0.581266403198
0.617865085602,0.208264291286,1.08104944229,0.485062628984,0.546344280243,0.358804404736,-0.580931842327
0.617972433567,0.208455100656,1.08110117912,0.484738230705,0.546077489853,0.360833793879,-0.580195844173
0.618198394775,0.208800986409,1.08127272129,0.483740746975,0.545909523964,0.362148314714,-0.580367326736
0.618297874928,0.208965599537,1.08136355877,0.482964009047,0.545401632786,0.363085597754,-0.580905914307
0.618833005428,0.20933008194,1.08144426346,0.48222759366,0.54511231184,0.365004211664,-0.580586850643
0.619073688984,0.20987907052,1.08161067963,0.482335746288,0.544890105724,0.366369366646,-0.579845249653
0.619196534157,0.21010568738,1.08168148994,0.48102492094,0.544462442398,0.366942495108,-0.58097243309
0.619196534157,0.21010568738,1.08168148994,0.48102492094,0.544462442398,0.366942495108,-0.58097243309
0.619433522224,0.210616886616,1.08187735081,0.478893727064,0.54408288002,0.370360583067,-0.580919623375
0.619554460049,0.210799828172,1.08192813396,0.478816390038,0.543194532394,0.372159391642,-0.580665051937
0.619653820992,0.211134493351,1.08203482628,0.478245407343,0.543026804924,0.373931467533,-0.580153763294
0.619843006134,0.211481958628,1.08210384846,0.477131515741,0.542780697346,0.374936640263,-0.580652356148
0.620018064976,0.211732983589,1.08222317696,0.476459413767,0.542344272137,0.376415669918,-0.580655157566
0.620137691498,0.211891263723,1.08222484589,0.479232281446,0.540834188461,0.379783421755,-0.577580630779
0.620205938816,0.21208396554,1.08229494095,0.47546890378,0.540295481682,0.379967719316,-0.581063449383
0.62029671669,0.212286531925,1.08236193657,0.474624067545,0.539580106735,0.381584644318,-0.581359326839
0.619940280914,0.212249055505,1.08240151405,0.474406450987,0.53937792778,0.383866608143,-0.580220997334
0.619874000549,0.212488740683,1.08252632618,0.473753958941,0.538770198822,0.385242789984,-0.580406606197
0.619978427887,0.212670654058,1.08261823654,0.472055673599,0.538575768471,0.386178463697,-0.581348419189
0.620788633823,0.21340161562,1.08284652233,0.473962575197,0.537427246571,0.386749237776,-0.580479741096
0.620788633823,0.21340161562,1.08284652233,0.473962575197,0.537427246571,0.386749237776,-0.580479741096
0.621000647545,0.213894963264,1.08310747147,0.475540220737,0.535872459412,0.390542387962,-0.578082084656
0.62110543251,0.21395227313,1.08314847946,0.472245514393,0.534835398197,0.390753060579,-0.581590473652
0.620670795441,0.213823288679,1.08319425583,0.471053510904,0.53474766016,0.392332166433,-0.581574678421
0.620753407478,0.213966310024,1.08327388763,0.471333235502,0.533825278282,0.393665969372,-0.581294059753
0.621437966824,0.214475527406,1.08341050148,0.472917675972,0.532823204994,0.393854945898,-0.580798268318
0.621536970139,0.214701265097,1.08350515366,0.47477248311,0.532050788403,0.395698726177,-0.578736364841
0.621050715446,0.2145575881,1.08354234695,0.47397890687,0.531807899475,0.397182554007,-0.578593432903
0.621126174927,0.214698418975,1.08359694481,0.474052816629,0.531119406223,0.397855252028,-0.578703284264
0.621413707733,0.214891672134,1.08360934258,0.474602729082,0.530265033245,0.398280084133,-0.578743755817
0.621669113636,0.215005800128,1.08360922337,0.471677184105,0.529544889927,0.397346228361,-0.582424879074
0.621669113636,0.215005800128,1.08360922337,0.471677184105,0.529544889927,0.397346228361,-0.582424879074
0.621860146523,0.215245246887,1.08368122578,0.472176760435,0.528336584568,0.397935479879,-0.582715272903
0.621930301189,0.215350925922,1.08368802071,0.472459256649,0.527789115906,0.398192852736,-0.582806527615
0.622009038925,0.215437024832,1.0837072134,0.472908139229,0.527070939541,0.398585826159,-0.582823574543
0.622095525265,0.215521812439,1.08372306824,0.473289787769,0.526579558849,0.398619890213,-0.58293479681
0.622210800648,0.215631633997,1.08374619484,0.473699867725,0.526155531406,0.398501604795,-0.583065569401
0.622266709805,0.215685427189,1.08375310898,0.474070847034,0.525773704052,0.398468226194,-0.58313113451
0.622317612171,0.215709418058,1.08374905586,0.474455982447,0.525430142879,0.398331612349,-0.583220899105
0.62235814333,0.215733379126,1.08376765251,0.474785298109,0.525217831135,0.398147553205,-0.583269894123
0.622402131557,0.215710967779,1.08376657963,0.47504389286,0.525033652782,0.397785246372,-0.583472311497
0.622428119183,0.215690493584,1.08376252651,0.475467473269,0.524870216846,0.39717450738,-0.583690345287
0.62241435051,0.215669959784,1.08377599716,0.476701855659,0.524599254131,0.396936506033,-0.583088755608
0.622438013554,0.215654522181,1.08375787735,0.477046042681,0.524538457394,0.396389216185,-0.58323431015
0.622438013554,0.215654522181,1.08375787735,0.477046042681,0.524538457394,0.396389216185,-0.58323431015
0.622456252575,0.215523347259,1.08373010159,0.478062748909,0.524536013603,0.395479202271,-0.583021581173
0.622386395931,0.215332686901,1.08367025852,0.47831556201,0.524605572224,0.394787192345,-0.583220720291
0.622409284115,0.215243905783,1.08364856243,0.47894975543,0.523955643177,0.39519739151,-0.583006501198
0.622398734093,0.215152740479,1.08362221718,0.479413449764,0.523952662945,0.39476159215,-0.582923531532
0.622389435768,0.215018138289,1.08358335495,0.47978118062,0.522875487804,0.395323246717,-0.583207428455
0.622416198254,0.214893192053,1.08352994919,0.480077773333,0.524822294712,0.394499540329,-0.581770598888
0.622396111488,0.214785605669,1.0834851265,0.480092704296,0.525466918945,0.393251508474,-0.582021057606
0.622364103794,0.214707762003,1.08345746994,0.480829596519,0.525967478752,0.390244871378,-0.582983851433
0.622481882572,0.214576393366,1.08319854736,0.481814086437,0.526744782925,0.389275878668,-0.582116365433
0.622474789619,0.214427724481,1.08313536644,0.48359015584,0.526737451553,0.388968586922,-0.580854356289
0.62242937088,0.214184254408,1.08306050301,0.481916248798,0.52683365345,0.387246191502,-0.583303868771
0.622411310673,0.214037686586,1.08300149441,0.48245960474,0.527017891407,0.386587947607,-0.583124935627
0.622259795666,0.213823258877,1.08293008804,0.48341986537,0.527244091034,0.38617670536,-0.58239710331
0.622180104256,0.213616654277,1.0828461647,0.483704775572,0.52757614851,0.385296791792,-0.582442760468
0.622166156769,0.213477507234,1.08279812336,0.48370474577,0.528239786625,0.384250968695,-0.582532167435
0.622110128403,0.21341702342,1.08279705048,0.486405074596,0.529080510139,0.384139657021,-0.579586684704
0.6220677495,0.213269174099,1.08270335197,0.486755013466,0.529572486877,0.383231788874,-0.579444468021
0.622016251087,0.213021680713,1.08259153366,0.484885364771,0.529841601849,0.381374150515,-0.581986188889
0.621966719627,0.21289665997,1.08256161213,0.485708653927,0.530329704285,0.380654960871,-0.581325531006
0.621906816959,0.212770909071,1.08246529102,0.485872805119,0.530847907066,0.379701077938,-0.581339240074
0.621841371059,0.212629288435,1.08240747452,0.485832065344,0.531524002552,0.378755509853,-0.581372380257
0.621657907963,0.212683826685,1.08258986473,0.488158583641,0.531947314739,0.379246592522,-0.578710079193
0.621621727943,0.212568327785,1.08251976967,0.489504605532,0.532611608505,0.378578871489,-0.577397942543
0.621621727943,0.212568327785,1.08251976967,0.489504605532,0.532611608505,0.378578871489,-0.577397942543
0.621529042721,0.212134897709,1.08238768578,0.487888246775,0.533769845963,0.376647144556,-0.578957676888
0.621485233307,0.212058037519,1.08230614662,0.488213151693,0.534371912479,0.375671744347,-0.578761935234
0.6214184165,0.211925551295,1.08225262165,0.48838993907,0.534829854965,0.374962449074,-0.578649878502
0.6214184165,0.211925551295,1.08225262165,0.48838993907,0.534829854965,0.374962449074,-0.578649878502
0.62111634016,0.211566448212,1.08209121227,0.487757652998,0.536093533039,0.373699128628,-0.578830778599
0.621051967144,0.211418375373,1.08204901218,0.488120347261,0.536050856113,0.373186796904,-0.57889521122
0.620983242989,0.211325749755,1.08200013638,0.488251745701,0.536547780037,0.372360110283,-0.578856408596
0.620912671089,0.211233794689,1.08199870586,0.487762242556,0.537483394146,0.371785104275,-0.578770756721
0.620811223984,0.2111338377,1.08195614815,0.487828612328,0.537600755692,0.371204823256,-0.578978300095
0.620726644993,0.211095184088,1.08191382885,0.487934291363,0.537929534912,0.370869576931,-0.578798592091
0.620644807816,0.210966810584,1.08192336559,0.487793773413,0.538191020489,0.370588392019,-0.57885402441
0.620583534241,0.210956096649,1.08191418648,0.487471282482,0.53891146183,0.370233893394,-0.578682303429
0.62046277523,0.21089309454,1.08186435699,0.487920761108,0.538787305355,0.369999140501,-0.578569114208
0.62040913105,0.210854947567,1.08187294006,0.487814992666,0.539136826992,0.369455873966,-0.578679978848
0.620346963406,0.210845723748,1.08186435699,0.487851917744,0.53935199976,0.369088560343,-0.578682780266
0.620346963406,0.210845723748,1.08186435699,0.487851917744,0.53935199976,0.369088560343,-0.578682780266
0.620271682739,0.210959672928,1.08187961578,0.488072872162,0.539761841297,0.368175983429,-0.578695714474
0.620251595974,0.211089491844,1.08191084862,0.488459318876,0.539860904217,0.367702186108,-0.578578233719
0.620244920254,0.211212992668,1.08196282387,0.488792002201,0.539920926094,0.367015987635,-0.578677117825
0.620207130909,0.21143886447,1.0820659399,0.489284485579,0.54004573822,0.366285592318,-0.578607022762
0.620496332645,0.212015837431,1.08227300644,0.49044123292,0.540116429329,0.364639639854,-0.578601360321
0.620528280735,0.21233433485,1.0824161768,0.491938233376,0.539772689342,0.363514572382,-0.578359246254
0.62055337429,0.212567999959,1.08255577087,0.492678195238,0.539825975895,0.362237393856,-0.578481137753
0.620593845844,0.213035732508,1.08274817467,0.492843270302,0.541064560413,0.361145883799,-0.577865302563
0.620677769184,0.213267698884,1.08284974098,0.495468556881,0.539605379105,0.35900965333,-0.578315615654
0.621329426765,0.213734120131,1.08305954933,0.497323870659,0.539008617401,0.356511294842,-0.578824996948
0.62143778801,0.21424895525,1.0833388567,0.498787909746,0.538943827152,0.354002833366,-0.579165160656
0.621563374996,0.214778274298,1.08356761932,0.501708328724,0.53834092617,0.352026849985,-0.578407287598
0.621750235558,0.215543419123,1.08397531509,0.503484606743,0.538378536701,0.348693221807,-0.578848063946
0.621814608574,0.215948462486,1.08418738842,0.505373477936,0.538079619408,0.345755159855,-0.579242169857
0.621857881546,0.216398909688,1.08448386192,0.508376479149,0.537827849388,0.343842983246,-0.577985167503
0.621912240982,0.216797232628,1.08480763435,0.510259747505,0.537500083447,0.340337961912,-0.578704416752
0.621836602688,0.217399537563,1.08519160748,0.513486802578,0.537072241306,0.336793541908,-0.578320860863
0.621885180473,0.217818900943,1.08562326431,0.51601344347,0.536370277405,0.332751870155,-0.579062402248
0.621771275997,0.218248724937,1.08601236343,0.519316196442,0.535570859909,0.328780710697,-0.579118132591
0.621773600578,0.218988388777,1.08654606342,0.522846341133,0.534955978394,0.323598831892,-0.579428792
0.621773600578,0.218988388777,1.08654606342,0.522846341133,0.534955978394,0.323598831892,-0.579428792
0.621561348438,0.220047518611,1.08730721474,0.529697477818,0.533423304558,0.313331156969,-0.580261826515
0.621413528919,0.220598906279,1.08773958683,0.534204959869,0.531890153885,0.307558387518,-0.580625414848
0.621215879917,0.221084266901,1.08817434311,0.538422465324,0.530667185783,0.302186697721,-0.580669403076
0.620903670788,0.221513360739,1.08860480785,0.543059170246,0.528653681278,0.297740191221,-0.580485284328
0.620444238186,0.221945762634,1.08906006813,0.547250211239,0.527278184891,0.291059583426,-0.581187903881
0.61992430687,0.22236546874,1.08949911594,0.5510212183,0.526450455189,0.2831184268,-0.582296788692
0.619309484959,0.222716584802,1.08989417553,0.555276155472,0.524914443493,0.275715410709,-0.583193302155
0.618658661842,0.222977176309,1.09025466442,0.559725165367,0.523281931877,0.268751591444,-0.583657860756
0.618141055107,0.223234266043,1.09058880806,0.564358949661,0.520971059799,0.260980010033,-0.584788739681
0.617225110531,0.223455429077,1.09098351002,0.568620979786,0.519299447536,0.25309279561,-0.585612773895
0.616459131241,0.223606646061,1.09134542942,0.573249936104,0.516995847225,0.245087131858,-0.586542546749
0.615552008152,0.223834618926,1.09174728394,0.577867329121,0.514534473419,0.235867351294,-0.587954282761
0.614645779133,0.223914027214,1.09206521511,0.582533895969,0.511642098427,0.226540669799,-0.589538931847
0.613659322262,0.223843157291,1.09240794182,0.588475823402,0.508471190929,0.218439400196,-0.589438199997
0.612248003483,0.223451405764,1.09260654449,-0.591914057732,-0.506001293659,-0.21037787199,0.591051518917
0.61122494936,0.223379924893,1.09290468693,-0.596704185009,-0.502617895603,-0.200083613396,0.592693865299
0.610011219978,0.223233163357,1.09319972992,-0.602905213833,-0.498897045851,-0.190308257937,0.592781543732
0.608654737473,0.223031535745,1.09351229668,-0.607681512833,-0.495468020439,-0.179922670126,0.594022333622
0.608654737473,0.223031535745,1.09351229668,-0.607681512833,-0.495468020439,-0.179922670126,0.594022333622
0.605725705624,0.22194956243,1.09389185905,-0.619647920132,-0.486830234528,-0.159586951137,0.594613313675
0.603930711746,0.221193447709,1.09405517578,-0.624836623669,-0.482744336128,-0.149569362402,0.595118701458
0.603930711746,0.221193447709,1.09405517578,-0.624836623669,-0.482744336128,-0.149569362402,0.595118701458
0.602253258228,0.22055400908,1.09431970119,-0.629505634308,-0.478561997414,-0.138026952744,0.596363604069
0.598732292652,0.219522029161,1.09505367279,-0.697668969631,-0.466222077608,-0.119998730719,0.530561387539
0.596660256386,0.218521252275,1.09522008896,-0.705890357494,-0.46164599061,-0.106883205473,0.526476800442
0.594402849674,0.217363715172,1.09545600414,-0.712079167366,-0.456130176783,-0.0944279134274,0.525330305099
0.594402849674,0.217363715172,1.09545600414,-0.712079167366,-0.456130176783,-0.0944279134274,0.525330305099
0.589561700821,0.214946806431,1.09598755836,-0.726813435555,-0.445166170597,-0.0685299262404,0.518529653549
0.587087213993,0.213537931442,1.09620010853,-0.734807372093,-0.439072579145,-0.0549546889961,0.514055788517
0.584475040436,0.212051779032,1.09641289711,-0.741353750229,-0.432767093182,-0.0414485372603,0.51126241684
0.581780314445,0.210603907704,1.09675550461,-0.747106432915,-0.426403075457,-0.0275634210557,0.509168624878
0.579037189484,0.209413304925,1.09708106518,-0.748126745224,-0.421399116516,-0.0179893374443,0.512255311012
0.575849890709,0.207411766052,1.0973533392,-0.760620713234,-0.41311788559,0.000491327256896,0.500788807869
0.572849452496,0.205976739526,1.09788680077,-0.759693205357,-0.407997429371,0.00908946618438,0.506282389164
0.572849452496,0.205976739526,1.09788680077,-0.759693205357,-0.407997429371,0.00908946618438,0.506282389164
0.567889809608,0.204376488924,1.09926474094,-0.71899741888,-0.389735460281,0.0429932996631,0.573847174644
0.564899921417,0.203171551228,1.10002279282,-0.7197727561,-0.380102694035,0.0600274950266,0.577794253826
0.561489462852,0.201144978404,1.10059726238,-0.720085680485,-0.368844002485,0.0758162289858,0.582822978497
0.558291554451,0.199681729078,1.10138309002,-0.72017967701,-0.358382761478,0.0925732031465,0.586799323559
0.554988205433,0.197858780622,1.1021989584,-0.719712138176,-0.347376078367,0.107657432556,0.591400146484
0.551878988743,0.19618844986,1.10301351547,-0.719208180904,-0.336025565863,0.123657286167,0.59542876482
0.548757314682,0.194321870804,1.10379314423,-0.717975795269,-0.323251903057,0.139381036162,0.600493192673
0.545348346233,0.192372173071,1.10470318794,-0.716918826103,-0.311265468597,0.154308095574,0.604425549507
0.542095065117,0.190665960312,1.10574603081,-0.715535163879,-0.300110310316,0.167921602726,0.608067214489
0.538744688034,0.188444823027,1.10679686069,-0.71418350935,-0.285664141178,0.186781674623,0.611106216908
0.538744688034,0.188444823027,1.10679686069,-0.71418350935,-0.285664141178,0.186781674623,0.611106216908
0.528793871403,0.183378651738,1.11034929752,0.641827404499,0.289564907551,-0.1830689013,-0.686072587967
0.528793871403,0.183378651738,1.11034929752,0.641827404499,0.289564907551,-0.1830689013,-0.686072587967
0.510649800301,0.1665558815,1.11535918713,-0.28275847435,-0.0498114153743,-0.347892075777,-0.892489612103
0.507019340992,0.16461366415,1.11726915836,-0.28555431962,-0.0553104020655,-0.354173839092,-0.888797163963
0.503543317318,0.162502408028,1.11916387081,-0.288070857525,-0.0609316490591,-0.360497534275,-0.885067284107
0.500055491924,0.160593628883,1.1212669611,-0.290678828955,-0.0665243044496,-0.365881234407,-0.881595909595
0.496715724468,0.15891367197,1.12328767776,-0.293299555779,-0.0718130916357,-0.371501594782,-0.877954959869
0.493387281895,0.156957402825,1.12519681454,-0.295654088259,-0.0773329585791,-0.377104580402,-0.874300062656
0.490172386169,0.155194073915,1.12735199928,-0.298378020525,-0.0839807167649,-0.382449179888,-0.870431184769
0.490172386169,0.155194073915,1.12735199928,-0.298378020525,-0.0839807167649,-0.382449179888,-0.870431184769
0.483975857496,0.150717496872,1.13136446476,-0.302838087082,-0.0946540534496,-0.393195211887,-0.862975895405
0.48116800189,0.149108946323,1.13363218307,-0.306164085865,-0.0991862043738,-0.398304671049,-0.858940780163
0.478232860565,0.147324800491,1.13538372517,-0.309176325798,-0.101930640638,-0.404633194208,-0.854571342468
0.475538879633,0.145887926221,1.13777852058,-0.312193512917,-0.107948116958,-0.407953590155,-0.851150035858
0.472867786884,0.144399136305,1.13979935646,-0.315131813288,-0.112224891782,-0.412400513887,-0.84736263752
0.470273137093,0.14291742444,1.14186537266,-0.31828558445,-0.116349287331,-0.416667163372,-0.843531727791
0.467569291592,0.140326559544,1.14342784882,-0.320231497288,-0.119109071791,-0.42398956418,-0.838747799397
0.467074930668,0.140501603484,1.14430570602,-0.321444869041,-0.120696112514,-0.42334702611,-0.838381230831
0.464156776667,0.138478279114,1.14650583267,0.0295827966183,-0.106809690595,-0.202458068728,-0.972999155521
0.463160216808,0.137971192598,1.14737045765,0.0316500030458,-0.111063987017,-0.202047333121,-0.972543001175
0.46005153656,0.135863542557,1.14974379539,-0.00920207612216,-0.122482419014,-0.193832471967,-0.973315119743
0.46005153656,0.135863542557,1.14974379539,-0.00920207612216,-0.122482419014,-0.193832471967,-0.973315119743
0.456840127707,0.134854257107,1.15321147442,0.0231219120324,-0.121197581291,-0.199463218451,-0.972106516361
0.455126851797,0.133676022291,1.15472769737,0.0195218212903,-0.125041201711,-0.1984346807,-0.971909105778
0.453078746796,0.132545560598,1.15611207485,0.0203812234104,-0.129016324878,-0.199948474765,-0.971061348915
0.451473295689,0.131675034761,1.15761232376,0.0196117833257,-0.133281081915,-0.202112317085,-0.970052659512
0.450444936752,0.130998700857,1.15909564495,0.0135533791035,-0.134336486459,-0.197334066033,-0.970993995667
0.449086010456,0.129461795092,1.15964949131,0.00562841864303,-0.14248766005,-0.196699500084,-0.97003865242
0.44782602787,0.129076212645,1.16095840931,0.00752636929974,-0.143581002951,-0.197714224458,-0.969658136368
0.447046726942,0.128016471863,1.16151988506,0.00640781130642,-0.144010826945,-0.20172868669,-0.96877515316
0.446146845818,0.127788946033,1.16261231899,0.000484653719468,-0.148114174604,-0.195949792862,-0.969363570213
0.445475757122,0.126974329352,1.16335129738,-0.0021360963583,-0.149560764432,-0.194506570697,-0.969429910183
0.444693446159,0.126207903028,1.16410398483,-0.00374943763018,-0.150291085243,-0.192970469594,-0.969618976116
0.444033026695,0.126177698374,1.16499304771,-0.00545876054093,-0.151260882616,-0.194244280457,-0.9692055583
0.443417787552,0.125858575106,1.16567277908,-0.00530827883631,-0.150069653988,-0.191962271929,-0.969846069813
0.44278511405,0.125365167856,1.16638076305,-0.00663597416133,-0.149489685893,-0.190635129809,-0.970189273357
0.44199025631,0.124416291714,1.16712892056,-0.00463372701779,-0.146105512977,-0.18818205595,-0.97119474411
0.441594719887,0.123918153346,1.16759335995,-0.0051911608316,-0.146797582507,-0.189613208175,-0.970809161663
0.441069155931,0.123516708612,1.16825270653,-0.00812222529203,-0.144438236952,-0.185043632984,-0.972023963928
0.44058945775,0.12362601608,1.16906929016,-0.00610915198922,-0.141166299582,-0.184220895171,-0.972675383091
0.44015237689,0.123288400471,1.16953921318,-0.00478029018268,-0.139823004603,-0.182909443974,-0.973124325275
0.439911484718,0.122739225626,1.17006444931,-0.00529603799805,-0.140736192465,-0.183696419001,-0.97284168005
0.439616560936,0.122240006924,1.17046952248,-0.00538210943341,-0.13797301054,-0.178086847067,-0.974278986454
0.439565718174,0.121635586023,1.17052686214,-0.00517452321947,-0.137440606952,-0.175229251385,-0.974873363972
0.439308047295,0.121519878507,1.17081260681,-0.00553057994694,-0.136511594057,-0.172932982445,-0.975411832333
0.43930888176,0.121923938394,1.1711537838,-0.00602763937786,-0.136911123991,-0.172709017992,-0.975392580032
0.439427047968,0.121869251132,1.17127692699,-0.00165115343407,-0.133028835058,-0.168867215514,-0.976619005203
0.439427047968,0.121869251132,1.17127692699,-0.00165115343407,-0.133028835058,-0.168867215514,-0.976619005203
0.43981936574,0.121916487813,1.17141902447,0.00123246572912,-0.129919394851,-0.166193500161,-0.977496504784
0.44011080265,0.121985211968,1.17154812813,0.0010150593007,-0.130289778113,-0.166178762913,-0.977449893951
0.44033780694,0.122195363045,1.17164433002,-0.00316309020855,-0.127737998962,-0.164167806506,-0.978121697903
0.440635561943,0.122409664094,1.17178237438,-0.00436214916408,-0.126618415117,-0.162823557854,-0.978487253189
0.441044807434,0.122675411403,1.1717300415,-0.0077499509789,-0.126843884587,-0.162372514606,-0.978512108326
0.441613852978,0.123195454478,1.17152774334,-0.00768256280571,-0.126520633698,-0.160974770784,-0.978785395622
0.44233122468,0.123629748821,1.17140448093,-0.0114172603935,-0.128212884068,-0.161738604307,-0.978402674198
0.443167984486,0.124112740159,1.17095971107,-0.0110616562888,-0.128273591399,-0.161108478904,-0.978502690792
0.443610310555,0.125170081854,1.17083406448,-0.0111260069534,-0.12811948359,-0.161619886756,-0.978437900543
0.444177389145,0.125769868493,1.17065942287,-0.0101438071579,-0.128296926618,-0.158842176199,-0.978880107403
0.444979280233,0.125951766968,1.17028963566,-0.0108768614009,-0.127792939544,-0.158542141318,-0.978986740112
0.445662945509,0.126371771097,1.16992723942,-0.0123389167711,-0.128561511636,-0.158200383186,-0.978924095631
0.445662945509,0.126371771097,1.16992723942,-0.0123389167711,-0.128561511636,-0.158200383186,-0.978924095631
0.447027564049,0.12760925293,1.16951680183,-0.0136544872075,-0.128251850605,-0.155456110835,-0.979386806488
0.447862863541,0.128403753042,1.169231534,-0.0133487693965,-0.128961354494,-0.15768660605,-0.978941082954
0.448579251766,0.128701984882,1.16888451576,-0.0138326957822,-0.129212230444,-0.156263500452,-0.979129552841
0.449497520924,0.129550039768,1.16854667664,-0.0211920775473,-0.134836003184,-0.157107412815,-0.978103995323
0.451761364937,0.130579456687,1.16684162617,-0.0183436088264,-0.131954923272,-0.151785627007,-0.979393959045
0.451603055,0.131221562624,1.16752278805,-0.0197660122067,-0.134921267629,-0.155825093389,-0.978327214718
0.45270165801,0.13131479919,1.16684532166,-0.0210456065834,-0.136622145772,-0.154447153211,-0.978282988071
0.453857600689,0.132156163454,1.16621911526,-0.0207507833838,-0.137738794088,-0.153730526567,-0.978245615959
0.454190731049,0.13243162632,1.16638934612,-0.0204795021564,-0.138483420014,-0.152274936438,-0.97837382555
0.455875098705,0.134121313691,1.16536712646,-0.0281286016107,-0.141179054976,-0.153166219592,-0.977659165859
0.455875098705,0.134121313691,1.16536712646,-0.0281286016107,-0.141179054976,-0.153166219592,-0.977659165859
0.457999229431,0.135845690966,1.16444563866,-0.0305969994515,-0.144739180803,-0.152795597911,-0.977122247219
0.458303034306,0.136235162616,1.16466200352,-0.0293426569551,-0.145775392652,-0.151544868946,-0.977201521397
0.460308492184,0.137535408139,1.16327428818,-0.0280589908361,-0.146879017353,-0.152258947492,-0.976962864399
0.461575627327,0.138655349612,1.16291892529,-0.0195511318743,-0.146817162633,-0.153190433979,-0.977033853531
0.462699264288,0.139781937003,1.16241180897,-0.0258512850851,-0.148899450898,-0.151533678174,-0.976830780506
0.462805151939,0.140105098486,1.16268312931,-0.0249342452735,-0.150250628591,-0.149698317051,-0.976930677891
0.465265989304,0.141730055213,1.16119885445,-0.0201006364077,-0.1508885324,-0.148389473557,-0.977143466473
0.466663897038,0.142928391695,1.16046571732,-0.0222467388958,-0.153801158071,-0.14819124341,-0.976672708988
0.468013107777,0.144023522735,1.16002464294,-0.0212543569505,-0.154455572367,-0.146827578545,-0.976797521114
0.467938244343,0.14424431324,1.16060197353,-0.0204069539905,-0.156518787146,-0.145142659545,-0.976738989353
0.470714181662,0.146336734295,1.15881276131,-0.0182065404952,-0.156298324466,-0.143997550011,-0.976987302303
0.470714181662,0.146336734295,1.15881276131,-0.0182065404952,-0.156298324466,-0.143997550011,-0.976987302303
0.472383916378,0.14750637114,1.15794730186,-0.0134552363306,-0.157600998878,-0.14108812809,-0.977279484272
0.47347509861,0.148901730776,1.15808451176,-0.0081102186814,-0.161105886102,-0.137988194823,-0.977209448814
0.476763427258,0.151339948177,1.15609180927,-0.00837121251971,-0.161393642426,-0.13654306531,-0.977362811565
0.478303879499,0.152410551906,1.1553850174,-0.00746412063017,-0.165223136544,-0.135104268789,-0.976930141449
0.478303879499,0.152410551906,1.1553850174,-0.00746412063017,-0.165223136544,-0.135104268789,-0.976930141449
0.479261577129,0.154015213251,1.15555119514,-0.00750910304487,-0.168625056744,-0.131278827786,-0.976870000362
0.482714056969,0.156051307917,1.15334761143,-0.00677410699427,-0.169985637069,-0.129348531365,-0.97689718008
0.484172463417,0.157518357038,1.152759552,-0.00917252060026,-0.172213941813,-0.127689808607,-0.976705372334
0.485596776009,0.158692091703,1.15208411217,-0.00595092587173,-0.173993706703,-0.125862643123,-0.976652145386
0.484970152378,0.159120410681,1.15310513973,-0.00592209631577,-0.177013352513,-0.124060869217,-0.976340174675
0.488568723202,0.161107927561,1.15086996555,-0.00460769562051,-0.178691506386,-0.123687192798,-0.976088941097
0.488568723202,0.161107927561,1.15086996555,-0.00460769562051,-0.178691506386,-0.123687192798,-0.976088941097
0.491616666317,0.164041429758,1.1497823,-0.00487228250131,-0.18276925385,-0.120835915208,-0.975689709187
0.490557670593,0.164467528462,1.15102171898,-0.00467778742313,-0.18643437326,-0.119505316019,-0.975161075592
0.494711905718,0.166791632771,1.14853048325,-0.00629152730107,-0.187326595187,-0.11773455888,-0.975196301937
0.494711905718,0.166791632771,1.14853048325,-0.00629152730107,-0.187326595187,-0.11773455888,-0.975196301937
0.497989654541,0.16977070272,1.14733242989,-0.00611341977492,-0.191073164344,-0.115605525672,-0.97472512722
0.496916234493,0.170082211494,1.14852833748,-0.00607420084998,-0.194798931479,-0.113947495818,-0.974182963371
0.501297771931,0.172879338264,1.14601409435,-0.00631294026971,-0.194539874792,-0.113011561334,-0.974342286587
0.503013908863,0.17427021265,1.14529371262,-0.00623592268676,-0.196485742927,-0.111560083926,-0.974119603634
0.504862070084,0.175882846117,1.1446813345,-0.00667877541855,-0.19805637002,-0.110247187316,-0.973948061466
0.503373920918,0.175897985697,1.1459608078,-0.00636380119249,-0.202487647533,-0.108895108104,-0.973190784454
0.508535265923,0.178467035294,1.14301931858,-0.00585453025997,-0.201930239797,-0.10623510927,-0.973603665829
0.510471642017,0.179978519678,1.14209234715,-0.00697036227211,-0.204177305102,-0.103525295854,-0.973419547081
0.512472033501,0.181669309735,1.14138102531,-0.00691264215857,-0.20565725863,-0.101839691401,-0.973286151886
0.510753035545,0.181713417172,1.14268243313,-0.00656870659441,-0.210425272584,-0.100134260952,-0.972446024418
0.516483962536,0.184496790171,1.13946020603,-0.00589772034436,-0.209727182984,-0.0976244285703,-0.972856163979
0.518683433533,0.186385393143,1.1388771534,-0.00628565903753,-0.211007475853,-0.0960039049387,-0.972738146782
0.520884633064,0.18806707859,1.13801074028,-0.00763065926731,-0.213414698839,-0.0935517773032,-0.972442209721
0.518848836422,0.188730895519,1.13973355293,-0.00851311348379,-0.219232559204,-0.0915618166327,-0.971329510212
0.5252161026,0.191745758057,1.13666498661,-0.00699666002765,-0.215429902077,-0.0904281288385,-0.972298204899
0.527484059334,0.192999660969,1.13562548161,-0.0104813445359,-0.218987733126,-0.0864247083664,-0.971836030483
0.529592633247,0.194669932127,1.13510966301,-0.0110755488276,-0.219271317124,-0.0846116542816,-0.971925020218
0.527370631695,0.195349767804,1.13680779934,-0.011239329353,-0.225594758987,-0.0824493989348,-0.970660924911
0.534323453903,0.198371842504,1.13357424736,-0.0121986623853,-0.221484929323,-0.0806072279811,-0.971750080585
0.534323453903,0.198371842504,1.13357424736,-0.0121986623853,-0.221484929323,-0.0806072279811,-0.971750080585
0.537019431591,0.200452759862,1.13286137581,-0.015479689464,-0.224880307913,-0.0788663551211,-0.971066176891
0.536640763283,0.203472703695,1.13456559181,-0.0148747190833,-0.227516055107,-0.0773178711534,-0.970585942268
0.544372081757,0.205844551325,1.13105738163,-0.0175333935767,-0.223534539342,-0.0716362670064,-0.971901893616
0.546964466572,0.207783505321,1.13046395779,-0.0185367241502,-0.223372459412,-0.0696351006627,-0.972065925598
0.546964466572,0.207783505321,1.13046395779,-0.0185367241502,-0.223372459412,-0.0696351006627,-0.972065925598
0.546746909618,0.210956275463,1.13225400448,-0.0218845549971,-0.230363488197,-0.0673431754112,-0.970525026321
0.555077314377,0.213743492961,1.12886381149,-0.0220302063972,-0.222137585282,-0.0637742429972,-0.972677946091
0.557922542095,0.215687990189,1.12815928459,-0.0234120413661,-0.222289919853,-0.0621014945209,-0.9727191329
0.557922542095,0.215687990189,1.12815928459,-0.0234120413661,-0.222289919853,-0.0621014945209,-0.9727191329
0.557355642319,0.218690752983,1.12987625599,-0.0260175950825,-0.229480713606,-0.0599568150938,-0.971116304398
0.566516458988,0.221304059029,1.1263409853,-0.0268106609583,-0.219894200563,-0.0563576184213,-0.973525345325
0.569221973419,0.223112300038,1.12587201595,-0.026296146214,-0.217830643058,-0.0542318075895,-0.974123775959
0.572410106659,0.224848270416,1.12518584728,-0.0286753680557,-0.217564374208,-0.0519306138158,-0.974241614342
0.568288803101,0.225686624646,1.12733483315,-0.0302828997374,-0.226287588477,-0.0518692582846,-0.972207009792
0.578264474869,0.228095859289,1.12380731106,-0.0312032047659,-0.213999062777,-0.0465982034802,-0.975222766399
0.581269919872,0.229663208127,1.12325751781,-0.0331627503037,-0.21193370223,-0.0442315153778,-0.975719213486
0.584393382072,0.2312502563,1.12288188934,-0.0340444371104,-0.209087610245,-0.0422912202775,-0.976388692856
0.579918384552,0.232514217496,1.12514948845,-0.0358857288957,-0.218501254916,-0.0423885323107,-0.974254965782
0.59029686451,0.234611392021,1.12188744545,-0.0369693525136,-0.201669499278,-0.0374393537641,-0.978039383888
0.593743085861,0.236479580402,1.12123394012,-0.0384069941938,-0.199676647782,-0.0350483097136,-0.978481411934
0.596741676331,0.237955957651,1.12070608139,-0.0390065349638,-0.195080861449,-0.0322737246752,-0.979479730129
0.591987192631,0.239002197981,1.12295866013,-0.041817612946,-0.204551979899,-0.0333984680474,-0.977391600609
0.603043913841,0.241057381034,1.11980473995,-0.042435862124,-0.185461699963,-0.027045706287,-0.981362223625
0.603043913841,0.241057381034,1.11980473995,-0.042435862124,-0.185461699963,-0.027045706287,-0.981362223625
0.609348833561,0.244078248739,1.11897242069,-0.0462373308837,-0.175067931414,-0.0206313170493,-0.983253717422
0.604593575001,0.245579153299,1.12117016315,-0.0491929501295,-0.185044780374,-0.0210089664906,-0.981273233891
0.615702331066,0.247190475464,1.11842250824,-0.0511592775583,-0.162818938494,-0.014211258851,-0.985226273537
0.618895709515,0.248678937554,1.11820888519,-0.0528968982399,-0.155981451273,-0.0111581580713,-0.98627948761
0.622056543827,0.250146627426,1.11806881428,-0.054850757122,-0.148617297411,-0.0087409876287,-0.987333834171
0.617010712624,0.251515179873,1.12001609802,-0.0574876703322,-0.158646315336,-0.010278464295,-0.985606849194
0.628256559372,0.253260314465,1.11768126488,-0.0549428761005,-0.133051067591,-0.00285255955532,-0.989581048489
0.631290912628,0.254552155733,1.11748623848,-0.0568451844156,-0.124691866338,0.000452826847322,-0.99056571722
0.634373307228,0.25588914752,1.11735677719,-0.058531910181,-0.116143070161,0.00391423841938,-0.991498708725
0.629377126694,0.257198214531,1.11899888515,-0.0608760938048,-0.125905767083,0.00229637138546,-0.990170001984
0.640344917774,0.257886767387,1.11705827713,-0.0645815879107,-0.0982864424586,0.0119284586981,-0.992988705635
0.643376648426,0.259069740772,1.11687839031,-0.0654572024941,-0.0890612900257,0.0154050253332,-0.993753492832
0.643376648426,0.259069740772,1.11687839031,-0.0654572024941,-0.0890612900257,0.0154050253332,-0.993753492832
0.641400396824,0.261908143759,1.11802959442,-0.0782917812467,-0.0890660881996,0.0198606103659,-0.99274533987
0.651264607906,0.262876093388,1.11663603783,-0.0728758201003,-0.0592314749956,0.0212871078402,-0.995352983475
0.653950572014,0.26355099678,1.11605548859,-0.0747622251511,-0.0498204082251,0.0253882762045,-0.995632529259
0.656659960747,0.264214932919,1.11615347862,-0.0764418616891,-0.0392246581614,0.0287819169462,-0.995886325836
0.652512788773,0.26510939002,1.11686182022,-0.0774732753634,-0.0469754561782,0.0275591947138,-0.995505750179
0.662514865398,0.265677511692,1.11565792561,-0.0762471556664,-0.0147794475779,0.0334827937186,-0.996417045593
0.664991080761,0.266450703144,1.11544966698,-0.076118119061,-0.00484343804419,0.0365416817367,-0.996417284012
0.667330861092,0.267058759928,1.11514508724,-0.0761959552765,0.0054637612775,0.0399121493101,-0.996278822422
0.662886917591,0.267596572638,1.11538028717,-0.0764019191265,-0.00254867225885,0.0378009937704,-0.996357142925
0.671953439713,0.26825428009,1.11457180977,-0.0785832032561,0.0266392398626,0.0475776679814,-0.995415270329
0.67404705286,0.268644928932,1.11428642273,-0.0785986706614,0.0365370512009,0.0511853806674,-0.994920790195
0.67404705286,0.268644928932,1.11428642273,-0.0785986706614,0.0365370512009,0.0511853806674,-0.994920790195
0.672130048275,0.2695094347,1.11390972137,-0.0789919272065,0.0389202944934,0.0533420965075,-0.99468588829
0.677018642426,0.272281914949,1.1151920557,-0.78204280138,0.050681386143,-0.10730137676,0.611822724342
0.681250691414,0.269743442535,1.11277639866,0.485447585583,-0.016442598775,0.120479106903,-0.865768492222
0.683043837547,0.269890099764,1.11234402657,0.483763694763,-0.0109907276928,0.129758343101,-0.865456461906
0.680516302586,0.270496368408,1.11220145226,0.484217911959,-0.0143620995805,0.126419201493,-0.865647137165
0.686263084412,0.270856559277,1.11158239841,0.482896715403,-0.00205522612669,0.14347819984,-0.863840579987
0.687809765339,0.271089851856,1.11095523834,0.482836693525,0.00329067092389,0.151720628142,-0.862460911274
0.689579427242,0.270895332098,1.11044347286,0.480597198009,0.0085386056453,0.160877123475,-0.862016260624
0.687703609467,0.271450817585,1.11015510559,0.481150448322,0.00554989464581,0.158541932702,-0.862164676189
0.692667484283,0.271296232939,1.10939800739,0.478678941727,0.0197197198868,0.17787887156,-0.859556078911
0.694132506847,0.271370887756,1.10870850086,0.477999120951,0.0255716834217,0.186102464795,-0.858037829399
0.695528388023,0.271465808153,1.10822248459,0.477346301079,0.0315878540277,0.19435185194,-0.856370449066
0.694373965263,0.271770507097,1.10760235786,0.478493571281,0.0307805240154,0.191769331694,-0.856341600418
0.697973132133,0.271690160036,1.10712909698,0.476102024317,0.0433647222817,0.209769025445,-0.852902948856
0.69672113657,0.271890550852,1.10660719872,0.38015589118,0.0632212683558,0.240440040827,-0.89088344574
0.698416948318,0.271968305111,1.10620307922,0.391647160053,0.0665563344955,0.240853250027,-0.885535120964
0.699782967567,0.271940857172,1.10557496548,0.392532080412,0.0673795491457,0.242159038782,-0.8847245574
0.699736893177,0.272339344025,1.10517024994,0.393127739429,0.0772907584906,0.251619726419,-0.881001830101
0.70064240694,0.272585213184,1.10471558571,0.39371407032,0.0825909823179,0.257176846266,-0.878651380539
0.701696455479,0.272793322802,1.10401368141,0.394273400307,0.087478749454,0.262024581432,-0.876492500305
0.704299390316,0.272774219513,1.10324883461,0.395250886679,0.0897497236729,0.264980465174,-0.874932706356
0.703486144543,0.273118644953,1.102840662,0.39537730813,0.096357293427,0.271903336048,-0.872044026852
0.704257071018,0.273216724396,1.10229837894,0.395887881517,0.101034633815,0.276480317116,-0.869841039181
0.704771161079,0.273384988308,1.10190701485,0.395996063948,0.105854898691,0.281679362059,-0.86754745245
0.707742989063,0.273059546947,1.10142958164,0.396955102682,0.107482492924,0.285971492529,-0.865502357483
0.721102356911,0.275016665459,1.1034361124,-0.67427778244,-0.154409140348,-0.281564086676,0.665003120899
0.721102356911,0.275016665459,1.1034361124,-0.67427778244,-0.154409140348,-0.281564086676,0.665003120899
0.721308887005,0.275151610374,1.10183262825,-0.675372600555,-0.157056689262,-0.294583141804,0.657590925694
0.721188247204,0.275044202805,1.10129022598,-0.674889683723,-0.159548953176,-0.301371008158,0.654403269291
0.721147239208,0.275278031826,1.10067605972,-0.675035178661,-0.162070244551,-0.306966692209,0.651023983955
0.721248149872,0.275427550077,1.10008025169,-0.675220668316,-0.164357557893,-0.312661647797,0.647538721561
0.721300363541,0.275515824556,1.09947264194,-0.675033509731,-0.166445910931,-0.317968517542,0.644609689713
0.721194803715,0.275251656771,1.09862518311,-0.67390203476,-0.167812377214,-0.32379502058,0.642535507679
0.721052706242,0.275257647038,1.09800863266,-0.673143982887,-0.169650316238,-0.329418241978,0.639984190464
0.720699846745,0.274982988834,1.09725856781,-0.670092821121,-0.171405076981,-0.336022168398,0.639284908772
0.720713078976,0.274890124798,1.09638798237,-0.669754505157,-0.172142773867,-0.340529441833,0.637052118778
0.720299839973,0.274668246508,1.09559619427,-0.668409883976,-0.173785164952,-0.346576839685,0.634753167629
0.720076441765,0.274791747332,1.09481024742,-0.667264699936,-0.175786554813,-0.351107060909,0.632914483547
0.719718515873,0.274631530046,1.09412837029,-0.666833102703,-0.177354812622,-0.356659263372,0.629819869995
0.719718515873,0.274631530046,1.09412837029,-0.666833102703,-0.177354812622,-0.356659263372,0.629819869995
0.719173550606,0.274888902903,1.09268951416,-0.664953708649,-0.181379690766,-0.365775674582,0.625416874886
0.719147562981,0.274713516235,1.09198212624,-0.665605187416,-0.182592570782,-0.369896680117,0.621937394142
0.7189848423,0.274577736855,1.09140300751,-0.664532899857,-0.184350028634,-0.374228060246,0.619971394539
0.7189848423,0.274577736855,1.09140300751,-0.664532899857,-0.184350028634,-0.374228060246,0.619971394539
0.719061255455,0.274549901485,1.08987021446,-0.663028001785,-0.186414450407,-0.382008731365,0.616208553314
0.718855798244,0.274427205324,1.08909523487,-0.661873757839,-0.187571957707,-0.386101216078,0.614545166492
0.718855798244,0.274427205324,1.08909523487,-0.661873757839,-0.187571957707,-0.386101216078,0.614545166492
0.718656003475,0.27461591363,1.08810520172,-0.660410821438,-0.189815074205,-0.394477337599,0.610094666481
0.718851089478,0.274824798107,1.08708393574,-0.6593708992,-0.190822988749,-0.397038787603,0.609242856503
0.718683958054,0.274201214314,1.08641183376,-0.658414721489,-0.190887883306,-0.401839286089,0.607105612755
0.718734562397,0.274549424648,1.08566200733,-0.658035159111,-0.192003339529,-0.405069589615,0.605015039444
0.718546450138,0.274768322706,1.08542525768,-0.657301604748,-0.193940401077,-0.408983528614,0.602556347847
0.718549072742,0.275002777576,1.08497524261,-0.656465470791,-0.195128038526,-0.412387579679,0.600761771202
0.718746066093,0.274997025728,1.08406305313,-0.654935777187,-0.196136251092,-0.415535360575,0.599933445454
0.718702614307,0.275031268597,1.08339715004,-0.65355271101,-0.197131812572,-0.418969064951,0.59872597456
0.718701541424,0.275059789419,1.08277368546,-0.652233123779,-0.198012724519,-0.422376453876,0.597478985786
0.718552291393,0.275029122829,1.08235287666,-0.650750517845,-0.198861256242,-0.425970584154,0.59626096487
0.71870803833,0.275027424097,1.08168983459,-0.64947527647,-0.199342772365,-0.428888767958,0.595398068428
0.718827426434,0.275279343128,1.0811444521,-0.648891687393,-0.200412124395,-0.431592971087,0.593719005585
0.718956708908,0.275494515896,1.08045256138,-0.648172795773,-0.201010718942,-0.434147506952,0.592437982559
0.719030320644,0.275559663773,1.07994365692,-0.647441267967,-0.201096087694,-0.43731662631,0.590876102448
0.719045817852,0.275500923395,1.07939553261,-0.645727515221,-0.20156981051,-0.439968496561,0.590621113777
0.71913009882,0.275779366493,1.07871317863,-0.644866466522,-0.201846346259,-0.442337542772,0.589697301388
0.719278514385,0.275706470013,1.07810366154,-0.643133282661,-0.201893776655,-0.444698542356,0.589797973633
0.719299614429,0.275880336761,1.07767081261,-0.642090916634,-0.202211678028,-0.447447270155,0.588744878769
0.719220995903,0.276142835617,1.0771381855,-0.640857279301,-0.202924236655,-0.449852347374,0.588010668755
0.719213485718,0.276389658451,1.07635116577,-0.639528095722,-0.203073933721,-0.451828747988,0.587890744209
0.719173848629,0.276631057262,1.07607746124,-0.638438344002,-0.203236952424,-0.454360842705,0.587066829205
0.718989908695,0.276994466782,1.07565593719,-0.636945903301,-0.204187959433,-0.456677913666,0.586559891701
0.718801319599,0.27721208334,1.07523477077,-0.635810315609,-0.203634679317,-0.458897829056,0.586251735687
0.718853831291,0.277296960354,1.07480359077,-0.634018480778,-0.204926282167,-0.460733294487,0.586302697659
0.718662202358,0.277476400137,1.07428491116,-0.632881164551,-0.203905001283,-0.462667495012,0.586364448071
0.718468308449,0.277921199799,1.07378053665,-0.628428757191,-0.205538675189,-0.46463111043,0.589023947716
0.718107521534,0.278071135283,1.07324743271,-0.626473903656,-0.206257119775,-0.466382414103,0.589470922947
0.718107521534,0.278071135283,1.07324743271,-0.626473903656,-0.206257119775,-0.466382414103,0.589470922947
0.714072585106,0.277009129524,1.07125020027,-0.620392918587,-0.206399604678,-0.476025104523,0.588142812252
0.717507064342,0.279446303844,1.07217514515,-0.622807681561,-0.207020178437,-0.470520168543,0.589800000191
0.717100799084,0.279737055302,1.07184004784,-0.621907234192,-0.207609131932,-0.472749918699,0.588759183884
0.716779530048,0.280083924532,1.0712788105,-0.620915293694,-0.208865687251,-0.474289596081,0.58812302351
0.716299772263,0.280253946781,1.07059884071,-0.619639337063,-0.208948895335,-0.476088702679,0.58798545599
0.715985417366,0.280537009239,1.07029533386,-0.618584990501,-0.209853991866,-0.477342188358,0.587757110596
0.715837240219,0.280825674534,1.06990504265,-0.618257045746,-0.210491061211,-0.478888332844,0.586615502834
0.711665868759,0.278989613056,1.06843686104,-0.611956000328,-0.210476696491,-0.486500889063,0.586963653564
0.714883863926,0.281057357788,1.06903874874,-0.615886271,-0.211476460099,-0.481836110353,0.586341023445
0.714548170567,0.28127142787,1.06855607033,-0.615101277828,-0.212182879448,-0.482778191566,0.586134910583
0.714195966721,0.281591743231,1.06815314293,-0.614712297916,-0.212896510959,-0.484034687281,0.585247218609
0.713852524757,0.281710237265,1.06769096851,-0.614265322685,-0.213320508599,-0.485137552023,0.584648728371
0.713852524757,0.281710237265,1.06769096851,-0.614265322685,-0.213320508599,-0.485137552023,0.584648728371
0.713201105595,0.281761527061,1.06645512581,-0.613191306591,-0.213337644935,-0.487379312515,0.583904981613
0.712998867035,0.281792283058,1.06588160992,-0.613195776939,-0.213251322508,-0.488513529301,0.582983016968
0.712880134583,0.281899034977,1.06532716751,-0.613265633583,-0.213935226202,-0.489230424166,0.582057237625
0.712735712528,0.281866729259,1.06484079361,-0.613210201263,-0.21380828321,-0.489969462156,0.581540465355
0.712618231773,0.281832396984,1.06399106979,-0.612820625305,-0.214065387845,-0.490552961826,0.581364810467
0.712236642838,0.281782835722,1.06375670433,-0.612775027752,-0.214306995273,-0.491675883532,0.580374121666
0.712208747864,0.281827777624,1.0631775856,-0.612818777561,-0.214684575796,-0.492314070463,0.579646945
0.712143778801,0.281729876995,1.06271064281,-0.612097084522,-0.215482488275,-0.492338567972,0.580092430115
0.711849331856,0.281698942184,1.06227958202,-0.612448334694,-0.215275734663,-0.493893921375,0.578474164009
0.711542367935,0.281505644321,1.06173992157,-0.611956119537,-0.215554133058,-0.494590312243,0.578296303749
0.711384057999,0.281574606895,1.06125891209,-0.612043380737,-0.215896621346,-0.49505841732,0.577675104141
0.711180210114,0.281659692526,1.060759902,-0.612232804298,-0.216421544552,-0.49574020505,0.576692819595
0.711158871651,0.281636297703,1.06033205986,-0.612132608891,-0.216887831688,-0.4959230721,0.576466441154
0.711035370827,0.281582802534,1.05985414982,-0.612217962742,-0.216873347759,-0.49638620019,0.575982689857
0.711035370827,0.281582802534,1.05985414982,-0.612217962742,-0.216873347759,-0.49638620019,0.575982689857
0.710510909557,0.281556248665,1.05902028084,-0.611874699593,-0.218059614301,-0.497757762671,0.574714362621
0.710328042507,0.281557798386,1.05863761902,-0.611695110798,-0.218534886837,-0.498481720686,0.574097275734
0.710064291954,0.281849205494,1.05825352669,-0.61199349165,-0.219177380204,-0.498819947243,0.573239982128
0.709884941578,0.281938135624,1.0578430891,-0.612214028835,-0.219800725579,-0.499582231045,0.572100818157
0.70952129364,0.281964659691,1.05755496025,-0.612210094929,-0.219910621643,-0.500741302967,0.571048438549
0.709423005581,0.281988322735,1.05691087246,-0.611949622631,-0.220190882683,-0.500952243805,0.571034491062
0.709218263626,0.282069325447,1.0565340519,-0.612339735031,-0.220454230905,-0.50168132782,0.569873631001
0.709085762501,0.281857073307,1.05635976791,-0.612119972706,-0.220744505525,-0.50243896246,0.569329440594
0.709013104439,0.281930923462,1.05601382256,-0.612566232681,-0.22083415091,-0.50243639946,0.568817019463
0.708888232708,0.282024979591,1.05577731133,-0.612640857697,-0.22135977447,-0.502764761448,0.568241834641
0.708644628525,0.282180935144,1.05548977852,-0.612578988075,-0.22197727859,-0.503216743469,0.56766718626
0.708402574062,0.282249420881,1.05545210838,-0.612692117691,-0.222303524613,-0.504042983055,0.566683530807
0.704430341721,0.280450552702,1.05419075489,-0.607336938381,-0.222447782755,-0.510848283768,0.566297709942
0.704315006733,0.280482888222,1.05390274525,-0.606830120087,-0.222956612706,-0.511043548584,0.566464424133
0.704102993011,0.280620574951,1.05370664597,-0.606615960598,-0.22356595099,-0.511402785778,0.566129386425
0.704102993011,0.280620574951,1.05370664597,-0.606615960598,-0.22356595099,-0.511402785778,0.566129386425
0.7036652565,0.281022369862,1.05330884457,-0.606063723564,-0.224976450205,-0.51221716404,0.56542557478
0.707134246826,0.283186107874,1.05431091785,-0.610720992088,-0.226159989834,-0.506330907345,0.565243840218
0.706912696362,0.283431380987,1.05397903919,-0.610389769077,-0.226916238666,-0.506570518017,0.565083682537
0.706912696362,0.283431380987,1.05397903919,-0.610389769077,-0.226916238666,-0.506570518017,0.565083682537
0.70645159483,0.283860325813,1.05363547802,-0.609482169151,-0.228974640369,-0.507148981094,0.564714193344
0.70617967844,0.284017235041,1.05329835415,-0.609044969082,-0.228913158178,-0.50797688961,0.56446647644
0.705877065659,0.284168273211,1.05309534073,-0.60840344429,-0.22945946455,-0.508676528931,0.564306557178
0.70570909977,0.284381300211,1.05278301239,-0.607442498207,-0.230362966657,-0.509020209312,0.564663529396
0.70570909977,0.284381300211,1.05278301239,-0.607442498207,-0.230362966657,-0.509020209312,0.564663529396
0.705117464066,0.284579306841,1.05250692368,-0.60585308075,-0.23078648746,-0.510808825493,0.56458312273
0.704968035221,0.284826874733,1.05225014687,-0.605775654316,-0.23059989512,-0.511301875114,0.56429618597
0.701364338398,0.283060789108,1.05085062981,-0.59976452589,-0.23139706254,-0.517340540886,0.564886450768
0.701364338398,0.283060789108,1.05085062981,-0.59976452589,-0.23139706254,-0.517340540886,0.564886450768
0.704707503319,0.285424590111,1.0515319109,-0.605342626572,-0.231417283416,-0.512868225574,0.56300330162
0.704753041267,0.285577237606,1.05136179924,-0.605505883694,-0.231529518962,-0.513034820557,0.562629580498
0.704671740532,0.285698384047,1.05121052265,-0.605494558811,-0.231649458408,-0.513269424438,0.562378525734
0.704601168633,0.28571498394,1.05105268955,-0.605112373829,-0.231928244233,-0.513450622559,0.562509417534
0.704564511776,0.285825937986,1.05083918571,-0.605128586292,-0.232014417648,-0.513598442078,0.562321424484
0.70432305336,0.285834491253,1.05068004131,-0.605139017105,-0.231982931495,-0.51452678442,0.561473727226
0.704200685024,0.285789608955,1.05061197281,-0.604869484901,-0.232251137495,-0.515076935291,0.561149001122
0.704200685024,0.285789608955,1.05061197281,-0.604869484901,-0.232251137495,-0.515076935291,0.561149001122
0.703836858273,0.28571292758,1.05041623116,-0.604200720787,-0.232736080885,-0.516069054604,0.56075668335
0.703626155853,0.285676211119,1.05026972294,-0.603984236717,-0.232959032059,-0.516655802727,0.560357093811
0.703286468983,0.285713136196,1.05036365986,-0.603946208954,-0.233343169093,-0.51770734787,0.559266626835
0.703080058098,0.285724133253,1.05037844181,-0.60363894701,-0.234000191092,-0.518141269684,0.558921813965
0.702849328518,0.285809367895,1.0503757,-0.603498160839,-0.234849438071,-0.518640041351,0.558254599571
0.702511012554,0.285864710808,1.05035984516,-0.603156328201,-0.235778033733,-0.519234538078,0.557679712772
0.702201068401,0.285946071148,1.05032646656,-0.602908551693,-0.236529901624,-0.519868910313,0.557038009167
0.701837003231,0.285994917154,1.0503218174,-0.602352321148,-0.237362474203,-0.520767390728,0.556446075439
0.701558828354,0.286009639502,1.05031764507,-0.601960420609,-0.238258764148,-0.521374881268,0.555917918682
0.701124489307,0.286062240601,1.05032062531,-0.601403772831,-0.239528432488,-0.522123217583,0.555272161961
0.700757205486,0.286161452532,1.05018007755,-0.601011931896,-0.24066644907,-0.522920310497,0.554453670979
0.696521818638,0.284230858088,1.04943287373,-0.594883918762,-0.241825908422,-0.530238091946,0.553607285023
0.699880897999,0.286003023386,1.05041956902,-0.599582791328,-0.24272954464,-0.525164246559,0.552978634834
0.699438214302,0.285935997963,1.05040836334,-0.598953008652,-0.243424072862,-0.526463091373,0.552120268345
0.69906681776,0.285938024521,1.05039691925,-0.598531484604,-0.243953883648,-0.527414381504,0.551435053349
0.698834359646,0.28585678339,1.05037498474,-0.598247110844,-0.244229570031,-0.527985036373,0.551075398922
0.698831319809,0.285749137402,1.05036759377,-0.598151803017,-0.244258582592,-0.528082430363,0.551072716713
0.698796570301,0.285544455051,1.05031919479,-0.597942113876,-0.244084119797,-0.528169453144,0.551294386387
0.698723375797,0.285437405109,1.05037176609,-0.597665548325,-0.244129315019,-0.528156816959,0.551586031914
0.698635756969,0.285296440125,1.05049073696,-0.597161412239,-0.244212806225,-0.528230428696,0.55202460289
0.69858789444,0.285250425339,1.05042481422,-0.596363186836,-0.244583874941,-0.527838528156,0.553097009659
0.698546290398,0.285170465708,1.0505695343,-0.595615804195,-0.244783103466,-0.527733564377,0.553913652897
0.698484182358,0.285085469484,1.05071020126,-0.594661712646,-0.244680091739,-0.527574360371,0.555134654045
0.698502063751,0.285107553005,1.05082082748,-0.593487858772,-0.245248049498,-0.527449309826,0.556257963181
0.698438107967,0.285174548626,1.05103886127,-0.592746496201,-0.245594322681,-0.527164936066,0.557164609432
0.698157012463,0.285179555416,1.05138874054,-0.592084527016,-0.24591229856,-0.527375161648,0.557528913021
0.698157012463,0.285179555416,1.05138874054,-0.592084527016,-0.24591229856,-0.527375161648,0.557528913021
0.697937488556,0.285358518362,1.05172753334,-0.590462744236,-0.246696546674,-0.527032077312,0.559224247932
0.697696149349,0.285424351692,1.05200338364,-0.58981436491,-0.247088894248,-0.527086436749,0.559683740139
0.69379389286,0.28355923295,1.0513780117,-0.582916736603,-0.247691497207,-0.533304929733,0.560752332211
0.69379389286,0.28355923295,1.0513780117,-0.582916736603,-0.247691497207,-0.533304929733,0.560752332211
0.697254359722,0.285882115364,1.05303514004,-0.587452292442,-0.248684480786,-0.5266456604,0.561872184277
0.697007000446,0.285953074694,1.05333995819,-0.586481630802,-0.249275252223,-0.526460945606,0.562796771526
0.696652710438,0.286005735397,1.0539059639,-0.585739314556,-0.249554887414,-0.526585817337,0.563328802586
0.696511745453,0.286207139492,1.05412483215,-0.585172891617,-0.250072181225,-0.526101469994,0.564139842987
0.696270167828,0.285989791155,1.05452203751,-0.583443880081,-0.250506460667,-0.526196718216,0.565647184849
0.696143627167,0.286013275385,1.05484926701,-0.582794308662,-0.251242309809,-0.526055037975,0.566122233868
0.695900201797,0.286080420017,1.055321455,-0.58234000206,-0.251756638288,-0.526008784771,0.566404104233
0.695668816566,0.286094605923,1.05568778515,-0.581880986691,-0.252154558897,-0.526090025902,0.566623330116
0.695668816566,0.286094605923,1.05568778515,-0.581880986691,-0.252154558897,-0.526090025902,0.566623330116
0.695251584053,0.286242038012,1.05657947063,-0.580992758274,-0.253185391426,-0.526341438293,0.566841423512
0.695102274418,0.286272764206,1.0569434166,-0.580253243446,-0.253773599863,-0.526442706585,0.567241609097
0.694977521896,0.28623509407,1.05725347996,-0.579054534435,-0.254707068205,-0.52655428648,0.567944407463
0.694977521896,0.28623509407,1.05725347996,-0.579054534435,-0.254707068205,-0.52655428648,0.567944407463
0.694435894489,0.286167412996,1.05804049969,-0.576167166233,-0.257131069899,-0.527811944485,0.568620860577
0.694167017937,0.286074191332,1.0584871769,-0.575007200241,-0.257942050695,-0.52904009819,0.568286299706
0.693899214268,0.286206841469,1.05893445015,-0.574509382248,-0.258457541466,-0.530796408653,0.566916167736
0.693899214268,0.286206841469,1.05893445015,-0.574509382248,-0.258457541466,-0.530796408653,0.566916167736
0.693440616131,0.28585767746,1.05989849567,-0.574982881546,-0.257077157497,-0.536471366882,0.561697900295
0.693161249161,0.285639971495,1.06030094624,-0.575358748436,-0.255907863379,-0.540049731731,0.558408439159
0.693044662476,0.285389244556,1.06066870689,-0.576353013515,-0.254031866789,-0.543882489204,0.554505944252
0.693044662476,0.285389244556,1.06066870689,-0.576353013515,-0.254031866789,-0.543882489204,0.554505944252
0.689344465733,0.282477855682,1.06056952477,-0.571892380714,-0.249726250768,-0.558392047882,0.546602606773
0.693102478981,0.284323483706,1.06187725067,-0.578915178776,-0.248082280159,-0.556028902531,0.542350828648
0.693178594112,0.284123212099,1.06212365627,-0.579973399639,-0.246018618345,-0.560602962971,0.537429094315
0.693178594112,0.284123212099,1.06212365627,-0.579973399639,-0.246018618345,-0.560602962971,0.537429094315
0.69297593832,0.283136934042,1.06286728382,-0.581094920635,-0.241937354207,-0.569824039936,0.528294980526
0.692987799644,0.282985925674,1.06310927868,-0.581835746765,-0.240596070886,-0.573953568935,0.52360111475
0.692792773247,0.282745093107,1.0636909008,-0.582745313644,-0.239208936691,-0.578358471394,0.518351733685
0.689016819,0.280500233173,1.06339526176,0.577806711197,0.237126722932,0.588950812817,-0.512881278992
0.688967227936,0.280460834503,1.06379127502,0.579166948795,0.235544785857,0.593283176422,-0.507049798965
0.692722082138,0.282378107309,1.06539797783,0.585619688034,0.234775960445,0.591419219971,-0.502148449421
0.692647576332,0.282349526882,1.06573867798,0.586234748363,0.233813345432,0.595542788506,-0.496980041265
0.692651927471,0.282202392817,1.06637942791,0.588520348072,0.232996717095,0.59962284565,-0.489702671766
0.692562043667,0.282131135464,1.06693100929,0.588289737701,0.232428863645,0.603658795357,-0.485271394253
0.688588023186,0.279815226793,1.06642949581,0.581297338009,0.23146264255,0.613795995712,-0.481427967548
0.68877607584,0.279841542244,1.0670337677,0.580708026886,0.23170812428,0.617145657539,-0.477724552155
0.688942492008,0.279849439859,1.06756877899,0.579717218876,0.231406927109,0.62035292387,-0.474911659956
0.69280320406,0.281687796116,1.06913423538,0.584212839603,0.23211863637,0.617696464062,-0.472511917353
0.692950963974,0.281827926636,1.06956017017,0.582974791527,0.23274859786,0.620680689812,-0.469812840223
0.693337619305,0.282232165337,1.07050848007,0.581255972385,0.234583035111,0.622628211975,-0.468451201916
0.693648457527,0.282592713833,1.07116150856,0.579020559788,0.236734971404,0.624530553818,-0.467603772879
0.69401627779,0.282738268375,1.0718228817,0.575832664967,0.23936149478,0.626489937305,-0.46758249402
0.694260060787,0.282959669828,1.07248878479,0.572654485703,0.242481678724,0.628305971622,-0.467441111803
0.694681823254,0.283261656761,1.07318270206,0.568891108036,0.24660231173,0.629664242268,-0.468052566051
0.695081353188,0.283569902182,1.07377123833,0.564910233021,0.251312702894,0.631029367447,-0.468530148268
0.695357561111,0.283777952194,1.07440769672,0.560632646084,0.255959361792,0.632597625256,-0.469037562609
0.695357561111,0.283777952194,1.07440769672,0.560632646084,0.255959361792,0.632597625256,-0.469037562609
0.696221351624,0.284487336874,1.07580494881,0.55109423399,0.267411261797,0.634612500668,-0.471225500107
0.696677744389,0.284745454788,1.07632052898,0.545933485031,0.273665726185,0.635624825954,-0.472276240587
0.697181463242,0.284985005856,1.07690238953,0.540431857109,0.279670506716,0.636308252811,-0.47416216135
0.697807610035,0.285137236118,1.07743263245,0.534253060818,0.286096423864,0.636534869671,-0.477017879486
0.698223531246,0.285117983818,1.07800233364,0.5296921134,0.291831225157,0.637747347355,-0.477010726929
0.69894528389,0.284999877214,1.07856309414,0.525778710842,0.296068608761,0.638480365276,-0.477747917175
0.699704229832,0.285165309906,1.0790104866,0.52236944437,0.301558375359,0.639065206051,-0.477272033691
0.700367450714,0.285092025995,1.07933390141,0.519708693027,0.305351644754,0.640092134476,-0.476387739182
0.700984656811,0.284907907248,1.07969212532,0.520435094833,0.306941837072,0.641685009003,-0.472413480282
0.701773524284,0.284760862589,1.08003544807,0.514546871185,0.312368869781,0.64212012291,-0.474709421396
0.702711939812,0.284563332796,1.08027100563,0.513671278954,0.314350396395,0.643036901951,-0.47310590744
0.703442275524,0.284222245216,1.0804400444,0.512157082558,0.316575676203,0.644372284412,-0.471443980932
0.704022228718,0.283790916204,1.08060824871,0.511606752872,0.317656189203,0.646057903767,-0.469001322985
0.704996228218,0.283445477486,1.08082103729,0.511641860008,0.318470805883,0.646932780743,-0.467201262712
0.705605745316,0.282990068197,1.08098900318,0.511028766632,0.32020175457,0.648252129555,-0.464854568243
0.706409275532,0.282697498798,1.08106720448,0.510966718197,0.321252137423,0.649331092834,-0.462686896324
0.707056045532,0.282124221325,1.08112859726,0.511215806007,0.321655601263,0.650369167328,-0.46066904068
0.707682013512,0.281496226788,1.08117961884,0.511286318302,0.322149276733,0.651506245136,-0.458634644747
0.708213210106,0.280897676945,1.08116793633,0.51163393259,0.32237419486,0.652429103851,-0.45677319169
0.708836555481,0.280401110649,1.08125495911,0.512009501457,0.323150247335,0.653124153614,-0.454806536436
0.708836555481,0.280401110649,1.08125495911,0.512009501457,0.323150247335,0.653124153614,-0.454806536436
0.709882438183,0.279378533363,1.08119928837,0.512419104576,0.324905246496,0.653638482094,-0.452349603176
0.710311293602,0.278882354498,1.08124065399,0.512857794762,0.325702279806,0.653987824917,-0.450771719217
0.71068996191,0.278325021267,1.08125126362,0.512257277966,0.327731758356,0.653853714466,-0.450177550316
0.710972905159,0.277656018734,1.08120238781,0.512351453304,0.328890413046,0.653948545456,-0.44908618927
0.711520969868,0.277133345604,1.08120775223,0.512562215328,0.329511880875,0.653477668762,-0.449075490236
0.711859107018,0.276585161686,1.08112573624,0.512580931187,0.331044435501,0.653243422508,-0.448267191648
0.71231085062,0.275974720716,1.08111071587,0.513396441936,0.331333696842,0.652721107006,-0.447880864143
0.712782740593,0.275410830975,1.08112120628,0.513984799385,0.332080543041,0.652015089989,-0.447681248188
0.713185727596,0.274930566549,1.08095240593,0.514928042889,0.332545936108,0.651347279549,-0.447223633528
0.7137196064,0.274098515511,1.08084154129,0.514590322971,0.333075463772,0.650499463081,-0.44845071435
0.714349448681,0.273626625538,1.08054935932,0.517317950726,0.332138568163,0.649549841881,-0.44738265872
0.714824736118,0.273139238358,1.08040618896,0.518683075905,0.33210709691,0.648736000061,-0.447006076574
0.715220987797,0.272501170635,1.08041393757,0.520047545433,0.331843227148,0.647633850574,-0.447214782238
0.715658664703,0.271884262562,1.08025145531,0.521646499634,0.330872684717,0.646765649319,-0.447328001261
0.715996682644,0.271239221096,1.08012461662,0.523203969002,0.330381989479,0.646012723446,-0.446959763765
0.716274380684,0.270747035742,1.08010387421,0.524343430996,0.330125719309,0.644845724106,-0.447498619556
0.71662735939,0.270290851593,1.08002758026,0.526366949081,0.329249292612,0.643718421459,-0.447391957045
0.716862380505,0.269726753235,1.07975459099,0.527253985405,0.329305380583,0.642239034176,-0.448430806398
0.716873824596,0.269161880016,1.0796391964,0.528476476669,0.329324215651,0.641636908054,-0.447839796543
0.716973304749,0.268718898296,1.07954692841,0.52974241972,0.328953057528,0.640427052975,-0.44834831357
0.716953933239,0.268373608589,1.07957839966,0.526888072491,0.331332355738,0.638385951519,-0.45284807682
0.713037312031,0.265939116478,1.07832098007,0.520723998547,0.332021921873,0.64257133007,-0.453552782536
0.713037312031,0.265939116478,1.07832098007,0.520723998547,0.332021921873,0.64257133007,-0.453552782536
0.717043757439,0.267991065979,1.07952809334,0.52901828289,0.331521123648,0.635539114475,-0.454228401184
0.713060557842,0.265092611313,1.07838833332,0.52280163765,0.332775652409,0.638217329979,-0.456746667624
0.712953090668,0.264853715897,1.07838129997,0.523113191128,0.33310097456,0.636763691902,-0.458179265261
0.716488003731,0.266538709402,1.07973074913,0.530290782452,0.332532137632,0.630281209946,-0.45930364728
0.716347277164,0.266366928816,1.07979893684,0.530545294285,0.332959622145,0.628879606724,-0.460619479418
0.716210484505,0.266117215157,1.07988464832,0.530644953251,0.333042085171,0.627421617508,-0.462429493666
0.716072261333,0.265938282013,1.07998239994,0.530895888805,0.333720415831,0.626342952251,-0.463114231825
0.715878665447,0.265896350145,1.08000993729,0.531031250954,0.334192484617,0.625199079514,-0.464163094759
0.715793848038,0.265753686428,1.07990992069,0.531227529049,0.33446598053,0.623775184155,-0.465654671192
0.715660512447,0.265600919724,1.07995784283,0.530844092369,0.334814608097,0.622514843941,-0.467524558306
0.715548217297,0.265485525131,1.08004450798,0.531632006168,0.334650695324,0.621675670147,-0.467862993479
0.71546381712,0.265380322933,1.080114007,0.531466901302,0.334906190634,0.620529592037,-0.469386637211
0.715350687504,0.265209943056,1.08012223244,0.532190561295,0.334192365408,0.619946718216,-0.469845831394
0.711164534092,0.26300662756,1.07930803299,0.525569856167,0.334508538246,0.62495303154,-0.470440387726
0.711140751839,0.26292976737,1.07942914963,0.525149643421,0.334908336401,0.624094963074,-0.471762508154
0.715074896812,0.265061557293,1.08079361916,0.532984375954,0.332849919796,0.617764055729,-0.472764521837
0.711059451103,0.262837797403,1.07937479019,0.525945007801,0.333901017904,0.622770309448,-0.473338127136
0.711059451103,0.262837797403,1.07937479019,0.525945007801,0.333901017904,0.622770309448,-0.473338127136
0.71102398634,0.262757509947,1.07956016064,0.526633024216,0.333001285791,0.621897637844,-0.474353373051
0.710989773273,0.262690484524,1.07967495918,0.526831805706,0.332372039557,0.62151825428,-0.475070863962
0.711008489132,0.262699365616,1.0797368288,0.526948928833,0.331997811794,0.62112480402,-0.475716650486
0.71101295948,0.262670874596,1.07989263535,0.527029454708,0.331866502762,0.620819151402,-0.476117968559
0.711017847061,0.262664467096,1.07999825478,0.52762389183,0.331068873405,0.620554506779,-0.476359724998
0.710995018482,0.26273560524,1.08021211624,0.527903914452,0.3306414783,0.62027657032,-0.476707994938
0.711034059525,0.262847065926,1.08029007912,0.527933478355,0.330201685429,0.619726657867,-0.477694630623
0.715115666389,0.264718651772,1.08154118061,0.535100460052,0.328766256571,0.61389285326,-0.478242576122
0.715175569057,0.264730274677,1.0815397501,0.535297453403,0.328384697437,0.613525092602,-0.478755742311
0.715214014053,0.264670014381,1.08162617683,0.535888195038,0.327466011047,0.613253772259,-0.479071736336
0.715270638466,0.264681756496,1.08169722557,0.536231100559,0.327248841524,0.612789034843,-0.479431122541
0.715417444706,0.2650000453,1.08196878433,0.536839842796,0.327277958393,0.612014532089,-0.479718953371
