x,y,z,q0,q1,q2,q3
0.804620981216,0.261198759079,1.30739319324,0.408388197422,0.346630901098,0.47286465764,-0.699617743492
0.804079473019,0.262021094561,1.3077044487,0.407599717379,0.347651660442,0.472124546766,-0.700070858002
0.803397655487,0.263163268566,1.30785942078,0.407994568348,0.347915381193,0.472074240446,-0.699743747711
0.8027972579,0.263930737972,1.30816471577,0.407049834728,0.348916858435,0.471662223339,-0.700073063374
0.802078306675,0.264930725098,1.30831575394,0.407157570124,0.349327892065,0.471657782793,-0.699808239937
0.801449179649,0.266099631786,1.30850088596,0.405624836683,0.348176836967,0.466641187668,-0.704618692398
0.800785779953,0.266475349665,1.30893099308,0.404638588428,0.349560499191,0.466581463814,-0.704540193081
0.800022780895,0.267459988594,1.30910933018,0.404184997082,0.350527137518,0.466591447592,-0.704313457012
0.799454808235,0.268203139305,1.30924129486,0.404861629009,0.351822406054,0.46775868535,-0.702502548695
0.798695147038,0.269082546234,1.30947601795,0.404557466507,0.35302144289,0.467625558376,-0.702164888382
0.797989666462,0.270033806562,1.30957424641,0.404489934444,0.354469031096,0.469811737537,-0.700011849403
0.797296583652,0.270577639341,1.30969619751,0.403803378344,0.355184167624,0.469798982143,-0.70005428791
0.796401321888,0.271527320147,1.30982542038,0.402996271849,0.356500774622,0.469712048769,-0.699908435345
0.795964241028,0.272018313408,1.30984425545,0.40250685811,0.356812030077,0.469516903162,-0.700162291527
0.795196056366,0.272910058498,1.30987453461,0.402102351189,0.357938021421,0.469148159027,-0.700067222118
0.794728040695,0.273297667503,1.30987131596,0.401394367218,0.35838291049,0.468906670809,-0.700407683849
0.794050395489,0.273866504431,1.30979382992,0.400547504425,0.35906201601,0.469102561474,-0.700413405895
0.793459951878,0.27441367507,1.30982601643,0.399651825428,0.360074430704,0.468754559755,-0.70063829422
0.792824923992,0.275144487619,1.30963492393,0.399343192577,0.360774189234,0.468697339296,-0.700492560863
0.792312145233,0.275591790676,1.30953407288,0.399202823639,0.360976308584,0.468763232231,-0.700424253941
0.791757583618,0.276145040989,1.3093072176,0.398702859879,0.361708551645,0.468627512455,-0.700422227383
0.791244983673,0.276642382145,1.30916368961,0.398284941912,0.362360835075,0.46840518713,-0.700471580029
0.790646195412,0.277015924454,1.30901694298,0.397430032492,0.362881243229,0.466137439013,-0.702198326588
0.79018419981,0.277936041355,1.30878973007,0.397695481777,0.363649815321,0.465923041105,-0.701792657375
0.789593100548,0.278420895338,1.30858385563,0.396886378527,0.36442860961,0.466136753559,-0.70170468092
0.789106249809,0.278957009315,1.30836129189,0.396125048399,0.364938050508,0.465589076281,-0.702233731747
0.788708269596,0.278909444809,1.30828750134,0.394976496696,0.365630835295,0.465486973524,-0.702587723732
0.78824454546,0.279469847679,1.30801928043,0.39534085989,0.365753442049,0.465833872557,-0.702088832855
0.787748575211,0.280011415482,1.30794298649,0.395279705524,0.36633849144,0.465950220823,-0.701741099358
0.787124097347,0.279987066984,1.30791664124,0.395117670298,0.36655318737,0.466824769974,-0.701138615608
0.786771833897,0.280375242233,1.30781924725,0.394877523184,0.366571635008,0.466755867004,-0.701310217381
0.786420583725,0.280771970749,1.30778598785,0.394359529018,0.367452442646,0.466824412346,-0.701094925404
0.786005616188,0.281064450741,1.3077814579,0.394192874432,0.367835760117,0.466279357672,-0.701350390911
0.785648286343,0.281420558691,1.3077532053,0.394144177437,0.368220478296,0.466324687004,-0.701145708561
0.785314500332,0.28165858984,1.30774891376,0.39374178648,0.36869391799,0.466318964958,-0.701126754284
0.784828186035,0.282040953636,1.30770993233,0.393678843975,0.369120776653,0.466580659151,-0.700763404369
0.784277439117,0.282673895359,1.30784749985,0.39371496439,0.369768172503,0.466737508774,-0.700297057629
0.783925116062,0.282982289791,1.30789101124,0.393621385098,0.37019726634,0.466683626175,-0.700158953667
0.783506929874,0.282798826694,1.30786240101,0.393021404743,0.370380461216,0.467398941517,-0.699921965599
0.783229649067,0.283139646053,1.30792200565,0.393287062645,0.370552480221,0.46752551198,-0.699597120285
0.782880842686,0.28356730938,1.30797529221,0.393419116735,0.371037334204,0.467117786407,-0.699538171291
0.782427310944,0.283977866173,1.30803406239,0.392958402634,0.3712900877,0.467402637005,-0.699472665787
0.782110631466,0.283984184265,1.30814266205,0.392275422812,0.371747404337,0.467388749123,-0.699622571468
0.781716644764,0.283938378096,1.30818140507,0.391989469528,0.371720641851,0.467883080244,-0.699466526508
0.781277835369,0.284069120884,1.30819547176,0.39207521081,0.371599912643,0.468358933926,-0.699164092541
0.780969083309,0.284296572208,1.30818629265,0.392050534487,0.371812880039,0.468512922525,-0.698961555958
0.780627310276,0.284818172455,1.30804073811,0.392529636621,0.371901750565,0.468785047531,-0.698462724686
0.780413687229,0.28475433588,1.30800497532,0.391905277967,0.372176289558,0.468776464462,-0.698672831059
0.780076026917,0.285027444363,1.30797064304,0.392080962658,0.372323781252,0.469042420387,-0.698317110538
0.779775798321,0.28520694375,1.30792701244,0.391696751118,0.372725814581,0.468788415194,-0.69848883152
0.779516160488,0.285127848387,1.30799603462,0.391142100096,0.3729352355,0.469047129154,-0.698514223099
0.779262721539,0.285230696201,1.3079161644,0.39094081521,0.373091250658,0.469270378351,-0.698393464088
0.778736054897,0.285611450672,1.30790996552,0.390631079674,0.373710930347,0.469455212355,-0.6981112957
0.778461277485,0.285883843899,1.30778455734,0.39126726985,0.373413920403,0.470093816519,-0.697483897209
0.778244078159,0.285990893841,1.30767607689,0.390920221806,0.373730897903,0.470193088055,-0.697441756725
0.778102993965,0.286221444607,1.3076133728,0.390913188457,0.374072492123,0.470146298409,-0.697294235229
0.777850091457,0.28617477417,1.30749690533,0.39077436924,0.374094188213,0.470532238483,-0.697100043297
0.777592301369,0.286415278912,1.30752289295,0.390657186508,0.374683588743,0.470486044884,-0.696880221367
0.777383387089,0.286505490541,1.30745017529,0.390569925308,0.374938458204,0.470654934645,-0.696677982807
0.777233839035,0.286092638969,1.30735611916,0.390350848436,0.374567985535,0.471263736486,-0.696588516235
0.777051389217,0.286119103432,1.3073091507,0.390310764313,0.374756515026,0.471468359232,-0.696371018887
0.77689486742,0.286077201366,1.30730640888,0.389986604452,0.375143826008,0.471479684114,-0.696336448193
0.776760458946,0.286097586155,1.30728471279,0.389944493771,0.375418454409,0.471956282854,-0.695889055729
0.77652233839,0.286079436541,1.30724263191,0.389756590128,0.375839710236,0.472079902887,-0.695683062077
0.776373565197,0.286118209362,1.30720508099,0.389659762383,0.37610951066,0.472307562828,-0.695437014103
0.776236832142,0.286116063595,1.30717122555,0.389863908291,0.37654581666,0.472304701805,-0.695088267326
0.776099205017,0.286076247692,1.30720484257,0.389620304108,0.377051472664,0.472289413214,-0.694961071014
0.775936484337,0.286266744137,1.30709636211,0.390206873417,0.377006143332,0.472795218229,-0.69431245327
0.775813758373,0.286260306835,1.30704593658,0.390378594398,0.377399712801,0.472971558571,-0.693881750107
0.775710225105,0.286249488592,1.30699539185,0.390444278717,0.377720236778,0.47296372056,-0.693675637245
0.775476276875,0.28620237112,1.30702579021,0.39048075676,0.378100335598,0.473114132881,-0.693345427513
0.775260388851,0.286178469658,1.30694615841,0.390270590782,0.378512978554,0.473266422749,-0.693134665489
0.775140047073,0.286136269569,1.30690705776,0.39031919837,0.378709435463,0.47338950634,-0.692915916443
0.775019288063,0.286094725132,1.30684065819,0.390247374773,0.378993481398,0.473459213972,-0.692753374577
0.774891376495,0.286025643349,1.30677652359,0.390349894762,0.379122197628,0.47395581007,-0.692285478115
0.774795353413,0.28597587347,1.30671620369,0.390330612659,0.379347980022,0.474100112915,-0.692073881626
0.77469676733,0.285901725292,1.306645751,0.390451788902,0.379679232836,0.474195510149,-0.691758453846
0.774640917778,0.285809636116,1.30656981468,0.390460193157,0.379874497652,0.47429651022,-0.691577255726
0.774600088596,0.285694301128,1.30651390553,0.390435218811,0.380105525255,0.474329948425,-0.69144141674
0.77450054884,0.285628974438,1.30642080307,0.390341758728,0.380437970161,0.474355131388,-0.691294133663
0.774454593658,0.285456836224,1.30633044243,0.390391469002,0.380765467882,0.474488943815,-0.690993785858
0.774377346039,0.285276263952,1.3063185215,0.390233427286,0.380962491035,0.474671125412,-0.690849244595
0.774363338947,0.285138189793,1.30626356602,0.390186846256,0.381169468164,0.47476786375,-0.690694987774
0.774252414703,0.284961521626,1.30619847775,0.390186548233,0.38140463829,0.475279688835,-0.69021320343
0.774245738983,0.284789323807,1.30613577366,0.390154540539,0.381617665291,0.475387871265,-0.690038919449
0.774245977402,0.284622907639,1.30609285831,0.390218198299,0.381945848465,0.475625187159,-0.68965780735
0.774309098721,0.284466207027,1.3060349226,0.390021681786,0.382358253002,0.475534528494,-0.689602971077
0.77436876297,0.284136027098,1.30601716042,0.389738678932,0.38265055418,0.475560098886,-0.68958312273
0.774439036846,0.283965170383,1.30596232414,0.389991164207,0.382960766554,0.476014763117,-0.688954174519
0.774418711662,0.284154117107,1.30593276024,0.39016354084,0.383497595787,0.47597566247,-0.688584923744
0.774418830872,0.283792257309,1.30584275723,0.390070736408,0.383389085531,0.476400732994,-0.688403964043
0.774539351463,0.283321917057,1.3058719635,0.390053570271,0.383412212133,0.476571530104,-0.688282549381
0.77458947897,0.28319889307,1.30579590797,0.390638738871,0.38378354907,0.476538658142,-0.687766313553
0.774588763714,0.28321737051,1.30573701859,0.390521764755,0.383867681026,0.476950973272,-0.687500059605
0.774643182755,0.283007502556,1.30570209026,0.390537768602,0.384007036686,0.476953744888,-0.687411129475
0.774726986885,0.282770007849,1.30561387539,0.390741795301,0.384177237749,0.476998209953,-0.687169194221
0.774876713753,0.282194495201,1.305565238,0.390537530184,0.384230583906,0.477440744638,-0.68694794178
0.774843811989,0.281849235296,1.30552685261,0.390939116478,0.384519159794,0.477776885033,-0.686324179173
0.774908006191,0.281557738781,1.30549275875,0.390706837177,0.384562402964,0.47852692008,-0.685909628868
0.774990260601,0.281253755093,1.30545139313,0.390486240387,0.384614259005,0.478854745626,-0.685777306557
0.775041282177,0.281038045883,1.3054151535,0.390500158072,0.384758204222,0.479051977396,-0.685550808907
0.775225162506,0.280784845352,1.30531466007,0.390463203192,0.384567946196,0.479422479868,-0.685419738293
0.775323271751,0.280412644148,1.30540645123,0.39055532217,0.384622901678,0.48012149334,-0.684846878052
0.775424718857,0.279981970787,1.30547297001,0.390430659056,0.385045528412,0.480250507593,-0.684589862823
0.775544047356,0.279801666737,1.30545663834,0.390839934349,0.384926319122,0.480684429407,-0.684118747711
0.775704443455,0.279625207186,1.30542337894,0.390866011381,0.385096848011,0.481134653091,-0.683691322803
0.775851845741,0.279350101948,1.30547511578,0.390932381153,0.385047405958,0.481484591961,-0.683434724808
0.776079595089,0.278999775648,1.30544614792,0.391042172909,0.384946525097,0.481854379177,-0.683168113232
0.776220083237,0.278399765491,1.30552756786,0.390380531549,0.385149240494,0.482321500778,-0.683102548122
0.77637720108,0.278097689152,1.30557346344,0.390385836363,0.385121881962,0.482650697231,-0.682882428169
0.77646535635,0.277899503708,1.30546796322,0.390885949135,0.384887844324,0.483405292034,-0.682194232941
0.77664732933,0.277519583702,1.30545294285,0.390768051147,0.384836554527,0.484042555094,-0.68183863163
0.776797235012,0.277198821306,1.30546247959,0.391043663025,0.385165274143,0.48456543684,-0.681123197079
0.77690923214,0.276745080948,1.30553019047,0.39108723402,0.38512045145,0.484906554222,-0.680880784988
0.777161836624,0.276430547237,1.30551958084,0.390664100647,0.385111510754,0.485796958208,-0.680494010448
0.777343392372,0.276051402092,1.3055485487,0.390721559525,0.384932518005,0.485942035913,-0.680458605289
0.777544796467,0.275621175766,1.30556225777,0.390614837408,0.38475933671,0.486848622561,-0.679969668388
0.777745842934,0.274995714426,1.30565977097,0.390523165464,0.384955465794,0.487397581339,-0.67951798439
0.777994155884,0.275009810925,1.30573892593,0.390829086304,0.385107457638,0.487775117159,-0.678984820843
0.778417408466,0.274231672287,1.3056460619,0.391310334206,0.384360700846,0.489116221666,-0.678165614605
0.778684616089,0.274032235146,1.3056665659,0.391740381718,0.384506285191,0.489483684301,-0.677569210529
0.778910756111,0.273497372866,1.3056871891,0.392265707254,0.384323775768,0.490456074476,-0.676665186882
0.779354870319,0.272923409939,1.30562269688,0.392401993275,0.383721232414,0.491129457951,-0.676439642906
0.77959048748,0.272459417582,1.30564117432,0.392164081335,0.383526742458,0.491940528154,-0.676098465919
0.779799342155,0.271891891956,1.30559778214,0.392462491989,0.38331541419,0.49271851778,-0.675478339195
0.780097007751,0.271394014359,1.30560958385,0.392772495747,0.383536875248,0.493822038174,-0.674365699291
0.780316650867,0.270831346512,1.3055665493,0.392708867788,0.383188664913,0.494663029909,-0.673984229565
0.780534982681,0.270219862461,1.30562961102,0.39258402586,0.383269101381,0.495658636093,-0.67327940464
0.780733406544,0.269596040249,1.30566859245,0.392037302256,0.382953584194,0.496428281069,-0.673210382462
0.780978024006,0.26883199811,1.30571508408,0.391900807619,0.382938891649,0.497445315123,-0.672547340393
0.781008899212,0.268060147762,1.30589056015,0.391659170389,0.382979989052,0.498412013054,-0.671948611736
0.781251251698,0.267614722252,1.30582225323,0.391646653414,0.383264869452,0.499502211809,-0.670983195305
0.781405329704,0.266623854637,1.30596399307,0.390523433685,0.382882624865,0.500597000122,-0.671040296555
0.781505942345,0.265841543674,1.30615699291,0.390993595123,0.382696866989,0.502431511879,-0.669499576092
0.781501114368,0.265338420868,1.30620348454,0.390976548195,0.38284906745,0.504001796246,-0.668241262436
0.781530976295,0.264509052038,1.30641222,0.390158951283,0.382362633944,0.505411982536,-0.667932391167
0.781407654285,0.263789594173,1.30665934086,0.390099585056,0.382368326187,0.507312238216,-0.666521728039
0.781452536583,0.263260155916,1.30692410469,0.389746159315,0.382645756006,0.508776187897,-0.665452361107
0.781553149223,0.261850595474,1.30715548992,0.38838326931,0.381442457438,0.511648416519,-0.664737522602
0.781636595726,0.260867595673,1.30747294426,0.389030009508,0.381456434727,0.512842714787,-0.663429737091
0.781649470329,0.259888321161,1.30780172348,0.38844192028,0.380766957998,0.514995515347,-0.662502229214
0.781623482704,0.25867831707,1.3082536459,0.38758867979,0.380378961563,0.517452657223,-0.66130900383
0.781567931175,0.257679730654,1.30871236324,0.387764900923,0.379373371601,0.519667863846,-0.660045146942
0.781737089157,0.25630146265,1.30923247337,0.386734545231,0.37912234664,0.521295070648,-0.659510493279
0.781678855419,0.255263060331,1.30971157551,0.386942327023,0.378771305084,0.523422181606,-0.65790361166
0.781726241112,0.25408628583,1.31022405624,0.386406838894,0.377660542727,0.525180876255,-0.657455384731
0.781880319118,0.252692401409,1.31081104279,0.385964393616,0.377268344164,0.526760697365,-0.656675994396
0.781843364239,0.251369208097,1.31138253212,0.385718971491,0.376195907593,0.529317438602,-0.655378162861
0.782083034515,0.250292092562,1.31182956696,0.386226445436,0.375144869089,0.531048119068,-0.654280841351
0.782095909119,0.249341726303,1.31230509281,0.386085510254,0.374540567398,0.532737195492,-0.653336465359
0.782392442226,0.247472643852,1.31309902668,0.385041505098,0.37322345376,0.535052895546,-0.652813732624
0.782550752163,0.246553331614,1.31363201141,0.384976059198,0.372324466705,0.537209928036,-0.651592969894
0.782785534859,0.245011091232,1.3140411377,0.385089099407,0.370488286018,0.539609134197,-0.650589644909
0.783151209354,0.243595644832,1.31456613541,0.385083913803,0.369176536798,0.54164737463,-0.649643957615
0.783502995968,0.24179892242,1.31517696381,0.384262531996,0.368070036173,0.54316008091,-0.649495184422
0.783800244331,0.240562662482,1.31569898129,0.384927272797,0.366768956184,0.544843435287,-0.648426711559
0.784057915211,0.239231437445,1.31614100933,0.3853777349,0.365142732859,0.547115445137,-0.647162675858
0.784637272358,0.237697005272,1.31663942337,0.385370999575,0.363536536694,0.548384666443,-0.646996617317
0.785060584545,0.236119866371,1.31710398197,0.385157465935,0.362571597099,0.549876153469,-0.646399259567
0.785423398018,0.234640598297,1.31764221191,0.385339349508,0.360901683569,0.551808357239,-0.64557826519
0.785876572132,0.233225375414,1.3180770874,0.385451644659,0.359675556421,0.553301930428,-0.644916653633
0.786526799202,0.23142541945,1.31852507591,0.38541662693,0.358234941959,0.554447114468,-0.644755780697
0.787004768848,0.229743123055,1.3189201355,0.38544806838,0.356530606747,0.556057095528,-0.644295275211
0.78759342432,0.228234499693,1.31932556629,0.385619997978,0.355619728565,0.557108104229,-0.643787562847
0.788068175316,0.226691812277,1.3196605444,0.386253148317,0.353529334068,0.558856487274,-0.643043577671
0.78869587183,0.225154429674,1.3200224638,0.386386722326,0.352587670088,0.559853315353,-0.642613112926
0.789223670959,0.223480015993,1.32033443451,0.386823832989,0.351145476103,0.560959041119,-0.642175316811
0.789748311043,0.222035259008,1.32076215744,0.387173831463,0.350067734718,0.562165677547,-0.641497373581
0.790376484394,0.220252946019,1.32107496262,0.387439221144,0.348487228155,0.563164412975,-0.641321599483
0.791073322296,0.218068748713,1.32138621807,0.387371093035,0.346881389618,0.563755273819,-0.641714096069
0.79160118103,0.216333195567,1.32173061371,0.387403726578,0.345875054598,0.564588963985,-0.641504526138
0.792261779308,0.214580237865,1.32201182842,0.3876285851,0.344776600599,0.565222322941,-0.641402423382
0.792943179607,0.212453126907,1.32228648663,0.387998104095,0.342796295881,0.566307246685,-0.641283392906
0.793493509293,0.210849732161,1.32245731354,0.388907760382,0.341119259596,0.567577779293,-0.640502810478
0.794166326523,0.208810344338,1.32274091244,0.388470619917,0.340286940336,0.56799274683,-0.640842914581
0.794773817062,0.206927925348,1.32282364368,0.389280319214,0.338615685701,0.56891721487,-0.640416622162
0.795478701591,0.205067276955,1.32292866707,0.389503240585,0.336985379457,0.569904386997,-0.640263319016
0.796037912369,0.203297376633,1.32297968864,0.390493005514,0.335547089577,0.570448458195,-0.639931321144
0.796713709831,0.201316937804,1.32316255569,0.390360116959,0.334600567818,0.571145832539,-0.639885962009
0.797426581383,0.199348345399,1.32327377796,0.390812814236,0.333421230316,0.571389913559,-0.640007138252
0.798109650612,0.197245046496,1.32325613499,0.390453636646,0.331503540277,0.573310911655,-0.639504432678
0.798918962479,0.19494381547,1.32351636887,0.391092568636,0.33040073514,0.572814822197,-0.640128910542
0.79958319664,0.192874610424,1.32361018658,0.391198158264,0.328734397888,0.573884367943,-0.639964461327
0.800304949284,0.191251054406,1.32393562794,0.392464876175,0.327966272831,0.57386803627,-0.639597594738
0.801122963428,0.188799768686,1.32423996925,0.392745792866,0.326937049627,0.573407232761,-0.640364825726
0.801780939102,0.186749428511,1.32454621792,0.393703460693,0.325019985437,0.575406193733,-0.6389580369
0.802455484867,0.185391068459,1.32497394085,0.395339369774,0.324418157339,0.573808133602,-0.639690577984
0.80311435461,0.183390647173,1.32527697086,0.395942598581,0.323401123285,0.575235903263,-0.638549149036
0.803811907768,0.181078195572,1.32562422752,0.39638030529,0.321993529797,0.573794126511,-0.640283703804
0.804428696632,0.17913967371,1.32595908642,0.396738111973,0.320947080851,0.573985815048,-0.640415608883
0.805008649826,0.177129581571,1.3263822794,0.397627323866,0.320355653763,0.573485851288,-0.640608310699
0.805470049381,0.174873322248,1.32679283619,0.397258520126,0.319723159075,0.573512017727,-0.641129374504
0.8060374856,0.172635138035,1.32707226276,0.398422688246,0.317981898785,0.57284617424,-0.641867935658
0.806326985359,0.171127796173,1.32736468315,0.398155540228,0.317921102047,0.572931230068,-0.641987800598
0.806621074677,0.169305935502,1.32769167423,0.400013267994,0.315548837185,0.57371532917,-0.641302645206
0.80688226223,0.167117536068,1.32807517052,0.400265783072,0.315573006868,0.573554992676,-0.641276657581
0.807206630707,0.16531740129,1.32839024067,0.398593991995,0.314304381609,0.574144661427,-0.642412185669
0.807470142841,0.163197606802,1.32860803604,0.3998028934,0.313743293285,0.572156667709,-0.643707513809
0.807714521885,0.16133543849,1.32884383202,0.398999303579,0.312412858009,0.57333189249,-0.643807768822
0.807920455933,0.159063696861,1.32914352417,0.398878693581,0.311677187681,0.572212636471,-0.645233154297
0.808093190193,0.157107844949,1.3293800354,0.400313943624,0.311383455992,0.569869220257,-0.646558701992
0.808226585388,0.15510840714,1.32960212231,0.399158388376,0.311386942863,0.568931818008,-0.64809525013
0.808392941952,0.153127402067,1.3297688961,0.400720536709,0.30991050601,0.568444013596,-0.648266971111
0.808554291725,0.150807797909,1.33002722263,0.400188356638,0.309284061193,0.567497909069,-0.649721980095
0.808647751808,0.149157032371,1.33023548126,0.400009781122,0.309451431036,0.566262066364,-0.650829613209
0.808747887611,0.14715282619,1.33040809631,0.399999111891,0.30873811245,0.566014230251,-0.651390433311
0.809034228325,0.145581260324,1.33063948154,0.400337547064,0.309219330549,0.563570857048,-0.653070509434
0.809248268604,0.143776476383,1.33067715168,0.400637000799,0.309246361256,0.561984777451,-0.654239952564
0.809219717979,0.14184948802,1.33097708225,0.401469618082,0.308371692896,0.561111330986,-0.65489178896
0.809416472912,0.13971452415,1.33109629154,0.401597768068,0.307867705822,0.560041248798,-0.655965387821
0.80957531929,0.13807657361,1.33133935928,0.401543021202,0.308179080486,0.558065950871,-0.657534360886
0.809743463993,0.136092826724,1.33145070076,0.402019500732,0.307477116585,0.557036042213,-0.658444344997
0.809803903103,0.134719416499,1.33167219162,0.40247425437,0.307821571827,0.555251002312,-0.659512519836
0.809891283512,0.132771477103,1.33188247681,0.40252071619,0.308047741652,0.55369669199,-0.660684227943
0.810044467449,0.131275013089,1.33203101158,0.403582423925,0.30790323019,0.552110552788,-0.661430776119
0.810165643692,0.129554122686,1.33215510845,0.403717428446,0.307824015617,0.550442159176,-0.662774443626
0.81034642458,0.127799034119,1.33234250546,0.40321162343,0.308892577887,0.548332452774,-0.664332091808
0.810246765614,0.126295670867,1.3325060606,0.404233425856,0.308192849159,0.547042250633,-0.66509950161
0.810194432735,0.12465929985,1.33262419701,0.404855281115,0.308241337538,0.545635461807,-0.665853917599
0.810254275799,0.12297154963,1.33268725872,0.404263406992,0.308542668819,0.543697118759,-0.667656958103
0.81032794714,0.121639147401,1.3327537775,0.404924690723,0.309064775705,0.541401386261,-0.668879151344
0.810129642487,0.119764924049,1.33302044868,0.404791325331,0.308860331774,0.539939880371,-0.670234441757
0.810173869133,0.118426769972,1.33308446407,0.405211150646,0.308838546276,0.538676977158,-0.67100661993
0.80999815464,0.116873905063,1.33324635029,0.404442101717,0.309801012278,0.53635597229,-0.672883629799
0.809875607491,0.115194320679,1.33344995975,0.403496593237,0.310137569904,0.53517472744,-0.674235224724
0.809655964375,0.113663896918,1.33358609676,0.403713315725,0.309840410948,0.533764183521,-0.675359427929
0.809421300888,0.112287983298,1.33381485939,0.40351447463,0.310552030802,0.532123565674,-0.676445186138
0.809097349644,0.110726006329,1.33401322365,0.403150469065,0.310568541288,0.530813336372,-0.677682876587
0.808819711208,0.109145633876,1.33417451382,0.402942508459,0.310735493898,0.529396116734,-0.678837716579
0.808548688889,0.107833296061,1.3343462944,0.401708126068,0.310529947281,0.52818185091,-0.680606782436
0.808283209801,0.106445834041,1.33454596996,0.402501523495,0.310827493668,0.52531015873,-0.68222284317
0.807803034782,0.10493299365,1.33478057384,0.401693820953,0.31126666069,0.524943053722,-0.682781040668
0.80743688345,0.103461489081,1.33508813381,0.400451004505,0.311748474836,0.523302674294,-0.684548258781
0.807176113129,0.102025419474,1.33527612686,0.398926466703,0.312035471201,0.522051393986,-0.686260640621
0.806675076485,0.100747965276,1.33550572395,0.40032735467,0.311475783587,0.519695460796,-0.687486290932
0.806438744068,0.0992464870214,1.33581614494,0.398515254259,0.312536150217,0.518201172352,-0.689183831215
0.805764317513,0.0978770107031,1.3361338377,0.398617357016,0.312375724316,0.517445683479,-0.689764797688
0.805523753166,0.096472941339,1.33632361889,0.39677131176,0.31220176816,0.515835940838,-0.692109644413
0.805162012577,0.0950659811497,1.33655524254,0.397007167339,0.312507659197,0.513572275639,-0.693518340588
0.804758250713,0.0938038527966,1.33687341213,0.397297501564,0.312026649714,0.512277901173,-0.694525301456
0.804315567017,0.092501103878,1.33711493015,0.395910471678,0.313019275665,0.509949564934,-0.696581184864
0.803768455982,0.0913842022419,1.33744335175,0.396259248257,0.312425106764,0.508811533451,-0.697481274605
0.803516089916,0.0900848433375,1.33763802052,0.39515119791,0.313524901867,0.505189299583,-0.700243830681
0.803154706955,0.0884125083685,1.33800566196,0.395514845848,0.312140136957,0.504087269306,-0.7014503479
0.80271178484,0.0874111801386,1.33819627762,0.396205723286,0.311782091856,0.502740979195,-0.702185511589
0.802439153194,0.086098998785,1.33839273453,0.395389437675,0.311567008495,0.500689327717,-0.704204022884
0.802109360695,0.0851358622313,1.3385207653,0.394051074982,0.312262892723,0.498061865568,-0.706505417824
0.801915585995,0.0836073160172,1.33867192268,0.392715543509,0.312378227711,0.495597749949,-0.708926796913
0.801606893539,0.0824056044221,1.33900439739,0.392449080944,0.310751855373,0.494343310595,-0.710662782192
0.801176249981,0.0814099237323,1.33911001682,0.393412172794,0.311205387115,0.491986662149,-0.71156668663
0.80087018013,0.0803305283189,1.33922719955,0.391410440207,0.310747534037,0.48998221755,-0.71424883604
0.800621807575,0.079071059823,1.33944916725,0.391024976969,0.310499608517,0.487740129232,-0.716099798679
0.800179541111,0.0781881064177,1.33953511715,0.390894979239,0.312074869871,0.483301430941,-0.718491613865
0.799625575542,0.0770955979824,1.33968245983,0.390897989273,0.311237245798,0.481771945953,-0.719878971577
0.799408614635,0.076004371047,1.33985924721,0.389843076468,0.311045885086,0.480235278606,-0.721558690071
0.798975348473,0.0752586647868,1.33989310265,0.3893892169,0.31142398715,0.477757424116,-0.723283469677
0.798432052135,0.0740871354938,1.34006905556,0.387628644705,0.311801224947,0.47569540143,-0.725422501564
0.79799169302,0.0731597170234,1.34026885033,0.387961834669,0.311855435371,0.473259478807,-0.726813137531
0.797694265842,0.0720457807183,1.34045290947,0.386602073908,0.312603890896,0.470415890217,-0.729058682919
0.797137200832,0.0710609704256,1.34062469006,0.385927259922,0.313091486692,0.467876672745,-0.730838894844
0.796467959881,0.0702610984445,1.34072101116,0.386216014624,0.312988877296,0.4660769701,-0.731879472733
0.796114444733,0.0693561658263,1.34083878994,0.385154992342,0.313708096743,0.463093727827,-0.734021186829
0.795442521572,0.0685485750437,1.34095692635,0.383817613125,0.315052449703,0.460156142712,-0.735990643501
0.794904232025,0.0675188452005,1.34118044376,0.384478241205,0.314362376928,0.458624660969,-0.736896336079
0.794487297535,0.0667305216193,1.34120929241,0.384184956551,0.314810633659,0.45568343997,-0.738680481911
0.794007778168,0.0655539929867,1.34131491184,0.38305619359,0.316103607416,0.451905399561,-0.741031706333
0.793530583382,0.0646091550589,1.34144496918,0.382187992334,0.316297471523,0.449273854494,-0.742994785309
0.792959332466,0.0637677162886,1.34155154228,0.381999105215,0.316165924072,0.447684645653,-0.744106352329
0.792442142963,0.0628160834312,1.34164786339,0.379605919123,0.316760331392,0.445895850658,-0.746149599552
0.792009115219,0.0618762224913,1.34172821045,0.379539757967,0.317481100559,0.441906809807,-0.748247146606
0.791458308697,0.0610501840711,1.34188771248,0.378699272871,0.317238092422,0.440457612276,-0.7496291399
0.791042804718,0.0599462985992,1.34196996689,0.377031028271,0.31800326705,0.437231689692,-0.752030551434
0.790393292904,0.0593299046159,1.34209060669,0.377337276936,0.319059431553,0.433271855116,-0.753719568253
0.789944350719,0.0584519803524,1.34209871292,0.375962048769,0.319920420647,0.429885029793,-0.755977809429
0.789264082909,0.057818569243,1.34222614765,0.375941753387,0.320215344429,0.426982343197,-0.757506489754
0.788957417011,0.0567819923162,1.34239351749,0.374333143234,0.321159303188,0.423457175493,-0.759878575802
0.788275241852,0.0562795773149,1.34244167805,0.373819738626,0.321875602007,0.420469939709,-0.76148545742
0.787803053856,0.0554508641362,1.34256100655,0.373131006956,0.32235199213,0.417597591877,-0.763200342655
0.787177979946,0.0548497587442,1.34272158146,0.373639166355,0.323100566864,0.413666069508,-0.764774680138
0.786603689194,0.0540957152843,1.34275364876,0.372507423162,0.323174029589,0.410895884037,-0.766786396503
0.786296784878,0.0530477613211,1.34290409088,0.370757907629,0.323282629251,0.408375114202,-0.76893222332
0.785660922527,0.0523087531328,1.34304428101,0.369716286659,0.323737740517,0.40580162406,-0.770602941513
0.78512108326,0.0515890046954,1.34315955639,0.368919163942,0.324158072472,0.402646750212,-0.772460997105
0.784617900848,0.0509468391538,1.34323585033,0.368149220943,0.324407219887,0.399436563253,-0.774387836456
0.783996582031,0.0502739623189,1.3434330225,0.367101669312,0.325199902058,0.396420627832,-0.776100575924
0.783423662186,0.0494937971234,1.34356129169,0.366345047951,0.32533171773,0.393356770277,-0.777959525585
0.782789111137,0.049029737711,1.34366488457,0.365478485823,0.32579818368,0.390054583549,-0.779832303524
0.782110273838,0.0483332797885,1.34388208389,0.364024490118,0.326452314854,0.386928081512,-0.781793951988
0.781611740589,0.0477384999394,1.34399986267,0.363282650709,0.326747655869,0.383673578501,-0.783617377281
0.7810562253,0.0467217341065,1.34407293797,0.362239360809,0.326887071133,0.380746304989,-0.785467803478
0.780466675758,0.0460514724255,1.34424829483,0.360470443964,0.32779955864,0.378851622343,-0.786816358566
0.779673218727,0.0457225739956,1.34429812431,0.359629333019,0.328438848257,0.375784009695,-0.788404107094
0.779068112373,0.0450458005071,1.34445798397,0.35877224803,0.328789710999,0.372708261013,-0.790106594563
0.778329193592,0.0443467199802,1.34455406666,0.357747614384,0.329313695431,0.369643419981,-0.791791021824
0.777761459351,0.0437243208289,1.3446406126,0.356522500515,0.329234331846,0.367117673159,-0.793549716473
0.777192354202,0.0431627556682,1.34480595589,0.356175422668,0.330272674561,0.362961798906,-0.795184195042
0.776617348194,0.0422940924764,1.34495210648,0.354685246944,0.330662220716,0.359959691763,-0.797050833702
0.776081323624,0.0417449623346,1.34500801563,0.353768259287,0.33112680912,0.356588840485,-0.798778712749
0.775423288345,0.0411301255226,1.34515142441,0.352469742298,0.331675767899,0.354012995958,-0.800269424915
0.774777650833,0.04062089324,1.34524452686,0.351601332426,0.332174509764,0.351340830326,-0.80162101984
0.774157702923,0.0400598719716,1.345246315,0.35056835413,0.332738757133,0.348308563232,-0.803161203861
0.773569941521,0.0395652651787,1.34529018402,0.349969685078,0.333002597094,0.345186144114,-0.804659664631
0.773036897182,0.0390371158719,1.34538424015,0.349622249603,0.33317142725,0.341764748096,-0.806199789047
0.77240383625,0.0384372621775,1.3454502821,0.348213165998,0.33360055089,0.339487761259,-0.807592988014
0.771889269352,0.0379404574633,1.34546864033,0.34738484025,0.333956301212,0.336500644684,-0.809051513672
0.771440327168,0.0371405854821,1.34553229809,0.346504747868,0.33410641551,0.332875907421,-0.810864329338
0.77082067728,0.036639586091,1.34559071064,0.34508228302,0.334414362907,0.330554276705,-0.812292516232
0.770247578621,0.0360824540257,1.34563553333,0.344213455915,0.334983170033,0.327861458063,-0.813517212868
0.769588828087,0.0355789586902,1.34562349319,0.343159615993,0.33528020978,0.324856609106,-0.815044164658
0.769058465958,0.0351147204638,1.34568345547,0.342185348272,0.335550814867,0.321886897087,-0.816519320011
0.768240213394,0.0345226749778,1.34577906132,0.340763539076,0.336492776871,0.319411218166,-0.817697525024
0.767559111118,0.0343220680952,1.34575998783,0.340366631746,0.337101340294,0.315835297108,-0.819000184536
0.76703619957,0.033878646791,1.34576296806,0.339065998793,0.337158888578,0.313580781221,-0.820381224155
0.766327083111,0.0333782881498,1.34583032131,0.338022232056,0.33795362711,0.3109190166,-0.821497261524
0.765694379807,0.0329226106405,1.34592986107,0.336862653494,0.338235348463,0.308478206396,-0.822776734829
0.764987170696,0.0324324890971,1.34592568874,0.336073607206,0.338592201471,0.305301725864,-0.824136435986
0.76442861557,0.0320310741663,1.34591698647,0.335227698088,0.338871449232,0.303659319878,-0.824972510338
0.763686299324,0.03155811131,1.34603238106,0.333937585354,0.339466780424,0.300910055637,-0.826257348061
0.763105273247,0.0311284735799,1.34611439705,0.33288654685,0.339608639479,0.298754811287,-0.827404439449
0.762395083904,0.0306269600987,1.34619963169,0.331788808107,0.340055704117,0.296770751476,-0.828375160694
0.761831045151,0.0302472040057,1.34627950191,0.330904811621,0.340303897858,0.294172495604,-0.829552769661
0.761198401451,0.0297994464636,1.34642922878,0.329780220985,0.340672761202,0.292597770691,-0.830405652523
0.760556697845,0.0294021070004,1.34647798538,0.328565150499,0.340692520142,0.290442347527,-0.831635057926
0.760004460812,0.029016546905,1.34649801254,0.32798948884,0.34099277854,0.288060665131,-0.832567095757
0.759294688702,0.028584972024,1.34661579132,0.326886326075,0.341146081686,0.286355167627,-0.833525896072
0.7586363554,0.0281965956092,1.34678483009,0.325925469398,0.341525614262,0.284750878811,-0.834295988083
0.758068680763,0.027820341289,1.34679639339,0.325117439032,0.341727107763,0.282702922821,-0.835224747658
0.757525086403,0.0274963378906,1.34685206413,0.324151873589,0.341982960701,0.281583070755,-0.835873425007
0.756940126419,0.0271564126015,1.34696865082,0.323334038258,0.342199087143,0.280204027891,-0.836564779282
0.756492972374,0.026798389852,1.34705626965,0.322646170855,0.342717289925,0.278781980276,-0.837093174458
0.755973756313,0.0264349505305,1.34722602367,0.322486668825,0.34353402257,0.277394920588,-0.837280631065
0.755544304848,0.0261865034699,1.34728741646,0.322139084339,0.343981027603,0.277346730232,-0.837246894836
0.755079388618,0.0259194895625,1.34734165668,0.321933925152,0.344498366117,0.277681529522,-0.83700209856
0.754627764225,0.0256933271885,1.34742498398,0.321804523468,0.345337480307,0.276531487703,-0.837086856365
0.754355669022,0.0254745185375,1.34741747379,0.321719944477,0.345653176308,0.276370078325,-0.837042212486
0.754113018513,0.0252930670977,1.34745061398,0.321861118078,0.34633487463,0.274308472872,-0.837384283543
0.753862500191,0.0250936374068,1.34746158123,0.321987897158,0.347010970116,0.273608475924,-0.837284624577
0.753616333008,0.0248590782285,1.34748589993,0.321474194527,0.347505241632,0.273617357016,-0.837274193764
0.75337356329,0.0247243270278,1.34746444225,0.321188926697,0.347973048687,0.272947639227,-0.837407946587
0.753108620644,0.0245260000229,1.34750258923,0.321342110634,0.348084002733,0.272773116827,-0.837359964848
0.752939581871,0.0242697671056,1.34748351574,0.32110235095,0.348289966583,0.27202180028,-0.837610602379
0.752766013145,0.0238668471575,1.3476626873,0.32118883729,0.348282694817,0.271211147308,-0.837843298912
0.752350866795,0.0237520262599,1.34773623943,0.32087662816,0.34852284193,0.270773380995,-0.83800470829
0.752293467522,0.0232983753085,1.34782600403,0.32004070282,0.348104298115,0.270132601261,-0.838704764843
0.752042174339,0.0231860429049,1.34791064262,0.319580852985,0.348168581724,0.27015414834,-0.838846504688
0.75168043375,0.0228880792856,1.34800636768,0.319016039371,0.348332554102,0.270032703876,-0.83903247118
0.751327633858,0.0227915942669,1.34806835651,0.31997397542,0.34952840209,0.273268312216,-0.837120711803
0.751082420349,0.02257912606,1.34816431999,0.318091899157,0.348342180252,0.268328875303,-0.839925587177
0.750900089741,0.0221701711416,1.34835422039,0.317608088255,0.348504275084,0.267708539963,-0.840239346027
0.750519871712,0.0220483392477,1.34840619564,0.317488372326,0.348760515451,0.267193436623,-0.84034216404
0.750411689281,0.0216078609228,1.34847104549,0.317056298256,0.348608702421,0.266601026058,-0.840756237507
0.750110566616,0.0213030129671,1.34858798981,0.316477477551,0.348858118057,0.26586574316,-0.841103732586
0.74979352951,0.0211007520556,1.34864592552,0.315843403339,0.348751246929,0.265912055969,-0.841371715069
0.749472856522,0.0210793763399,1.34861564636,0.315725028515,0.349487274885,0.264198422432,-0.841650485992
0.749176025391,0.0208506584167,1.34867656231,0.315789729357,0.349833190441,0.262797743082,-0.841921031475
0.748832464218,0.020617082715,1.34873580933,0.315575093031,0.350236684084,0.262296706438,-0.841989994049
0.748494625092,0.0204084068537,1.34877300262,0.315273344517,0.350423336029,0.2624348104,-0.84198230505
0.748134434223,0.0201762914658,1.34878349304,0.315077930689,0.351280480623,0.260496586561,-0.84230017662
0.747797429562,0.019932307303,1.3488008976,0.314642250538,0.351681768894,0.260330826044,-0.842346727848
0.747486531734,0.0197606682777,1.34879076481,0.315905213356,0.353341758251,0.263338565826,-0.840241789818
0.74703502655,0.0195044949651,1.34883201122,0.31420186162,0.352644562721,0.258456677198,-0.842685759068
0.746595740318,0.0192641913891,1.3488099575,0.314050585032,0.35341912508,0.257258027792,-0.842784404755
0.746216475964,0.0190288498998,1.34881401062,0.313437819481,0.353844285011,0.256973534822,-0.842920839787
0.74580270052,0.0188021287322,1.34884285927,0.313136518002,0.354508817196,0.256291776896,-0.842961192131
0.745352268219,0.0185994282365,1.34882867336,0.312835752964,0.355311363935,0.255320519209,-0.843029677868
0.744944512844,0.0183835029602,1.34877610207,0.312899380922,0.355871558189,0.254097938538,-0.8431391716
0.744570374489,0.0181993842125,1.34875655174,0.312402456999,0.356344282627,0.254464685917,-0.843013226986
0.744183301926,0.0180239006877,1.34873652458,0.312174052,0.357033133507,0.253342479467,-0.8431442976
0.743727385998,0.0178059339523,1.34871125221,0.312053978443,0.357609212399,0.252020478249,-0.843340814114
0.743307828903,0.0176089033484,1.34874558449,0.31171900034,0.358346253633,0.251256674528,-0.843379676342
0.742841720581,0.0174241289496,1.34874558449,0.311404079199,0.358864843845,0.25137335062,-0.843240737915
0.74229991436,0.0172115936875,1.34875965118,0.310978472233,0.359751224518,0.252215713263,-0.842768549919
0.741886377335,0.0170583426952,1.34870481491,0.310852259398,0.360251843929,0.251820713282,-0.842719316483
0.741461038589,0.0168875828385,1.34866154194,0.310820609331,0.360766321421,0.249775648117,-0.843119442463
0.740954995155,0.0167064964771,1.34859621525,0.31050401926,0.361514151096,0.24918153882,-0.843091547489
0.740507721901,0.0165533646941,1.34857451916,0.309918224812,0.361648112535,0.248481184244,-0.843456208706
0.740044116974,0.0163713470101,1.34859740734,0.309552252293,0.362282425165,0.247663483024,-0.843558907509
0.739604234695,0.0161553770304,1.3486083746,0.309144288301,0.362919062376,0.24654455483,-0.843762636185
0.739062011242,0.0160475820303,1.34851145744,0.3088991642,0.3635635674,0.245496869087,-0.843880474567
0.738765180111,0.015666179359,1.34849476814,0.308432370424,0.363570868969,0.24517083168,-0.844142794609
0.7381772995,0.0158191397786,1.34847259521,0.30850943923,0.364230304956,0.24415525794,-0.844124674797
0.737566530704,0.0156099572778,1.34849023819,0.30780979991,0.364694267511,0.242519244552,-0.844651222229
0.737127125263,0.0155026912689,1.34846389294,0.307510584593,0.365067899227,0.240883022547,-0.845066964626
0.736667752266,0.0153876841068,1.34843242168,0.307169705629,0.365364730358,0.240397915244,-0.845200717449
0.736110210419,0.0151934474707,1.34846794605,0.306616574526,0.365878671408,0.239428877831,-0.845454275608
0.735649645329,0.0151042118669,1.34842956066,0.306269884109,0.365985751152,0.237378060818,-0.846111655235
0.735226154327,0.0150455832481,1.34833109379,0.306154429913,0.366388589144,0.235286012292,-0.846563339233
0.734808921814,0.0146085172892,1.34840345383,0.305364847183,0.366513460875,0.234095215797,-0.847124397755
0.73434907198,0.0144979953766,1.34838569164,0.304648131132,0.366534918547,0.233025208116,-0.847667992115
0.733732104301,0.0146275758743,1.34827208519,0.304563105106,0.366789132357,0.231431365013,-0.848025143147
0.733194828033,0.0144379064441,1.34838473797,0.304313004017,0.367261528969,0.229981213808,-0.848304867744
0.732731342316,0.01432659477,1.3483376503,0.303634464741,0.367150694132,0.228328242898,-0.849042236805
0.732312381268,0.0142393261194,1.34833490849,0.303320586681,0.367172896862,0.226663410664,-0.849590718746
0.731821775436,0.0140966847539,1.34832084179,0.303061485291,0.367177277803,0.225761115551,-0.849921524525
0.731392025948,0.0140124186873,1.348336339,0.302938342094,0.36688503623,0.22313579917,-0.850784540176
0.731024205685,0.0138883963227,1.34836387634,0.30234375596,0.36675041914,0.222040951252,-0.85134023428
0.730545520782,0.013629719615,1.34850132465,0.301337361336,0.366640090942,0.220277696848,-0.852202236652
0.730151176453,0.0134804546833,1.34853732586,0.300977617502,0.366564005613,0.218387722969,-0.852848231792
0.729712843895,0.0132774114609,1.34865140915,0.300247102976,0.366244405508,0.216528058052,-0.853716790676
0.729251742363,0.0131617039442,1.34868609905,0.300018012524,0.366063594818,0.214467376471,-0.85439479351
0.728455424309,0.0127211362123,1.34853959084,0.298172742128,0.365948081017,0.213074669242,-0.855437994003
0.728057324886,0.0124989002943,1.34888267517,0.297715872526,0.365535140038,0.210974127054,-0.856293916702
0.727998077869,0.0123785883188,1.3491486311,0.297800064087,0.364847153425,0.208434686065,-0.857179522514
0.727656960487,0.0121091604233,1.34930121899,0.297023564577,0.364164322615,0.206281766295,-0.858259320259
0.727215409279,0.0118263214827,1.34942698479,0.296223580837,0.363442152739,0.204287365079,-0.859318435192
0.726701855659,0.0114384070039,1.34964418411,0.294934391975,0.362783521414,0.202033534646,-0.860572099686
0.726329147816,0.0110259279609,1.34982788563,0.29409751296,0.362121760845,0.199960201979,-0.86162084341
0.725920379162,0.0106645002961,1.35006046295,0.293123066425,0.36175724864,0.195836231112,-0.863052070141
0.725468993187,0.0102701857686,1.35028159618,0.291931390762,0.360660791397,0.195187076926,-0.864061295986
0.724990606308,0.00988139212132,1.35047543049,0.290789961815,0.360281527042,0.191155821085,-0.86550450325
0.724604964256,0.00951258093119,1.35060834885,0.28961700201,0.358869254589,0.1897380054,-0.866795539856
0.724205970764,0.00911045819521,1.35076665878,0.288541913033,0.3582637012,0.185757264495,-0.868265450001
0.723362445831,0.00849712640047,1.35094439983,0.286651134491,0.357791364193,0.183314457536,-0.86960464716
0.722755610943,0.00809380412102,1.35090863705,0.285179823637,0.35663318634,0.182076483965,-0.870823383331
0.722434937954,0.0075404420495,1.35107266903,0.283961743116,0.355598002672,0.179246976972,-0.872230648994
0.721879839897,0.00722093880177,1.3512083292,0.282590568066,0.354986995459,0.176454484463,-0.873493313789
0.72155636549,0.00682900846004,1.35156559944,0.281457483768,0.354055315256,0.173245102167,-0.874878704548
0.720982134342,0.00640632212162,1.35148704052,0.279970169067,0.35291954875,0.170314401388,-0.876389026642
0.720538318157,0.00596657395363,1.35165846348,0.278910130262,0.35177642107,0.167375206947,-0.877751767635
0.719950735569,0.00550390034914,1.35188734531,0.277421832085,0.350900143385,0.164296850562,-0.87915456295
0.719464898109,0.00509065389633,1.3520834446,0.275758087635,0.350060224533,0.160339564085,-0.880742013454
0.71904528141,0.00470305979252,1.3522349596,0.274802148342,0.348764240742,0.157223805785,-0.882115602493
0.718725025654,0.00426797568798,1.3525582552,0.272849977016,0.347919285297,0.153486803174,-0.883711993694
0.718519806862,0.00398822873831,1.3526763916,0.272045701742,0.346599668264,0.150928288698,-0.8849183321
0.718034446239,0.00344243645668,1.35281229019,0.270553469658,0.345568418503,0.147787079215,-0.886308252811
0.717543959618,0.00305710732937,1.35290753841,0.2691206038,0.344473689795,0.144618406892,-0.887692272663
0.717001318932,0.00257038325071,1.35310781002,0.267498016357,0.343646407127,0.14144179225,-0.889014184475
0.716435670853,0.00207570195198,1.35324442387,0.266139894724,0.342695087194,0.137689992785,-0.890376925468
0.715927064419,0.00165873765945,1.35331296921,0.264122545719,0.341840147972,0.134970009327,-0.891721844673
0.715400755405,0.00118817389011,1.35350394249,0.263151466846,0.340943157673,0.131478413939,-0.892873167992
0.714776575565,0.00066826492548,1.35365653038,0.261248141527,0.340394318104,0.129051730037,-0.893994808197
0.714297831059,0.000249683856964,1.35373425484,0.260082274675,0.339397609234,0.124516099691,-0.895355939865
0.713789701462,-0.000175267457962,1.35381054878,0.25840947032,0.338909715414,0.122186362743,-0.896345496178
0.713144898415,-0.000730507075787,1.35397589207,0.257254481316,0.338183552027,0.118065841496,-0.897503495216
0.71267592907,-0.00120805948973,1.35409593582,0.255529850721,0.337334364653,0.115292944014,-0.898675441742
0.712069272995,-0.00162667036057,1.35415077209,0.254247546196,0.336604654789,0.111962892115,-0.899733245373
0.711501419544,-0.00210677832365,1.35431826115,0.2523907125,0.336060136557,0.110496684909,-0.900640368462
0.711007535458,-0.00259208679199,1.35433197021,0.251508980989,0.335474342108,0.106475435197,-0.901589274406
0.71044999361,-0.00305335223675,1.35439026356,0.249858081341,0.334831804037,0.104644060135,-0.902501165867
0.710031569004,-0.00348387658596,1.35447049141,0.249155774713,0.334127426147,0.10143045336,-0.9033228755
0.709512233734,-0.00391303747892,1.35453760624,0.247866436839,0.333747684956,0.0985318273306,-0.904138445854
0.708934009075,-0.00428813695908,1.35462844372,0.24668481946,0.333359152079,0.0962428301573,-0.904851138592
0.708460569382,-0.00470319390297,1.35472798347,0.245606124401,0.33303669095,0.0935822427273,-0.905542135239
0.707970678806,-0.00507309287786,1.35476088524,0.245018750429,0.333137601614,0.0917334333062,-0.905853271484
0.70750528574,-0.00545951724052,1.35489046574,0.24554464221,0.334757715464,0.0912784859538,-0.90515935421
0.707074999809,-0.00581441819668,1.35490572453,0.244516074657,0.334102332592,0.0883030816913,-0.905974686146
0.706614673138,-0.00624004751444,1.35502064228,0.243704274297,0.334018468857,0.0871078521013,-0.906339943409
0.706376492977,-0.00671137869358,1.35511445999,0.243031710386,0.333588093519,0.0850906297565,-0.906870603561
0.70597666502,-0.00706147402525,1.35517549515,0.241984754801,0.333049982786,0.0826335549355,-0.907575249672
0.70545488596,-0.00734686851501,1.35518682003,0.240977242589,0.332842588425,0.0806340277195,-0.9080991745
0.705141961575,-0.00762705504894,1.35521149635,0.24094247818,0.333102047443,0.0798212960362,-0.908084988594
0.704774081707,-0.00795895606279,1.35523343086,0.240348652005,0.333156555891,0.0784111022949,-0.908345282078
0.704435110092,-0.00824289768934,1.35530781746,0.239903941751,0.333171486855,0.0773560553789,-0.908547759056
0.7041695714,-0.00848468393087,1.35535621643,0.239608049393,0.333177059889,0.076161801815,-0.908724665642
0.703880310059,-0.00873207300901,1.35540044308,0.239383995533,0.333112746477,0.0752706825733,-0.908881485462
0.703545093536,-0.00899382680655,1.35544574261,0.239173620939,0.333199411631,0.0748111158609,-0.908943116665
0.703320205212,-0.00921887159348,1.35545182228,0.239249259233,0.332960814238,0.0734831914306,-0.909118890762
0.703079819679,-0.00935942679644,1.3554495573,0.239168033004,0.333109676838,0.073247089982,-0.909104824066
0.70291697979,-0.00956532359123,1.35546088219,0.239155367017,0.333227515221,0.073144339025,-0.909073174
0.702883899212,-0.0100371316075,1.35549426079,0.239188179374,0.333179086447,0.0737050250173,-0.90903699398
0.702749967575,-0.0101580768824,1.35551202297,0.239405468106,0.333527863026,0.0739753842354,-0.908829927444
0.702470779419,-0.0100498497486,1.35551905632,0.240072488785,0.334401220083,0.0738960430026,-0.908339440823
0.702398955822,-0.0101408958435,1.35551512241,0.240405097604,0.334820628166,0.0752708390355,-0.907983958721
0.702304661274,-0.0102276206017,1.3554930687,0.240930125117,0.335218369961,0.0762772858143,-0.907613992691
0.702292263508,-0.0102699846029,1.35546314716,0.241270050406,0.335422068834,0.0788192823529,-0.907231152058
0.702254891396,-0.0102606266737,1.35542988777,0.242111414671,0.335993796587,0.0799618139863,-0.906695306301
0.702310681343,-0.0103021040559,1.35540723801,0.243053942919,0.336766451597,0.081835784018,-0.905988991261
0.702534675598,-0.0104945152998,1.35535347462,0.244014039636,0.337134897709,0.0841732472181,-0.905379593372
0.702453553677,-0.0102240592241,1.35532152653,0.245024308562,0.338021278381,0.0858457460999,-0.904618859291
0.702560126781,-0.0101530626416,1.35525476933,0.246512010694,0.338758081198,0.0870283767581,-0.903825700283
0.70264685154,-0.0100456774235,1.35523283482,0.247587323189,0.33981475234,0.0905914753675,-0.902784347534
0.702820599079,-0.00998015701771,1.35515987873,0.248830974102,0.340661406517,0.0932821556926,-0.901848912239
0.702919602394,-0.00984148681164,1.3551017046,0.24938583374,0.339867413044,0.09519533813,-0.901795327663
0.703090667725,-0.00971484184265,1.35506057739,0.250533401966,0.340546071529,0.0967040359974,-0.901060402393
0.703383922577,-0.00956742465496,1.35499513149,0.252167284489,0.341255456209,0.101024121046,-0.899861395359
0.703611433506,-0.00945439189672,1.35492098331,0.253807485104,0.342379420996,0.105021797121,-0.89851462841
0.703877210617,-0.00927451252937,1.35483682156,0.255697011948,0.343511253595,0.109140515327,-0.89705491066
0.704140901566,-0.00909375399351,1.35478520393,0.257596999407,0.344788342714,0.113029412925,-0.895538508892
0.704397797585,-0.00892085582018,1.35472393036,0.259249866009,0.346130251884,0.117497384548,-0.893967449665
0.704733729362,-0.00872199237347,1.35463654995,0.261528879404,0.347412675619,0.122257851064,-0.892166018486
0.705154299736,-0.00844529271126,1.35456871986,0.263776838779,0.348425328732,0.126956433058,-0.890451431274
0.705534100533,-0.00822319090366,1.35452139378,0.265875428915,0.349563062191,0.131609216332,-0.888704061508
0.706050336361,-0.00790426880121,1.35440564156,0.268247634172,0.350451260805,0.136532112956,-0.886896908283
0.706572115421,-0.00759363174438,1.35429811478,0.270524203777,0.35135447979,0.141765356064,-0.885025084019
0.707022070885,-0.00728705525398,1.35421681404,0.272485077381,0.352254152298,0.146842896938,-0.883236169815
0.707544803619,-0.00699381530285,1.35417032242,0.27476477623,0.353395789862,0.151843473315,-0.881226062775
0.708221197128,-0.00673005729914,1.35407698154,0.277114868164,0.353936940432,0.157157942653,-0.879339158535
0.708754897118,-0.00638688355684,1.35394906998,0.279326677322,0.354771524668,0.162611082196,-0.877309203148
0.709392666817,-0.00595147907734,1.35384845734,0.281913995743,0.355550199747,0.168224215508,-0.875105261803
0.709951281548,-0.00556752085686,1.35369515419,0.284575730562,0.356329798698,0.173940941691,-0.87280601263
0.710541725159,-0.00525771826506,1.35360574722,0.286803752184,0.357128590345,0.179607585073,-0.870599746704
0.711106181145,-0.00488971918821,1.35347390175,0.289053380489,0.357809066772,0.185355111957,-0.86836874485
0.711977601051,-0.00458656996489,1.35335326195,0.291114956141,0.358141303062,0.190592646599,-0.866407215595
0.712657809258,-0.00419596582651,1.35324072838,0.292800277472,0.358716279268,0.194851845503,-0.864652216434
0.713308274746,-0.0038291066885,1.35313642025,0.295043379068,0.359064072371,0.201745286584,-0.862160801888
0.714093863964,-0.00335008651018,1.35298442841,0.297130793333,0.359179258347,0.206696555018,-0.860220968723
0.714802503586,-0.00303094089031,1.35291206837,0.298807173967,0.359362214804,0.211883530021,-0.858299732208
0.715594291687,-0.00253555178642,1.35280966759,0.301007032394,0.359580636024,0.216875374317,-0.856190264225
0.716363608837,-0.00199931114912,1.35258746147,0.30303761363,0.359550267458,0.221937552094,-0.854187011719
0.717190444469,-0.00175918638706,1.35258865356,0.304847002029,0.359653711319,0.227380976081,-0.852065443993
0.718115270138,-0.00131092220545,1.3525352478,0.306651204824,0.359482616186,0.232667565346,-0.85006070137
0.718882679939,-0.000846430659294,1.3524723053,0.308586388826,0.359389215708,0.237861692905,-0.847959756851
0.719688475132,-0.000286489725113,1.35250759125,0.310562908649,0.359526962042,0.243023559451,-0.84571313858
0.720506668091,0.000323325395584,1.35242760181,0.312656164169,0.359602510929,0.247740119696,-0.843538343906
0.721472680569,0.000675909221172,1.35247218609,0.314314424992,0.3595662117,0.252299100161,-0.841584086418
0.722324252129,0.00110146403313,1.35248076916,0.316239476204,0.359828919172,0.256837278605,-0.839375019073
0.723156929016,0.0015702098608,1.35239362717,0.318168908358,0.359669566154,0.261565506458,-0.837251365185
0.724141359329,0.00206296145916,1.35233080387,0.319879621267,0.359304428101,0.26611122489,-0.83532166481
0.725005149841,0.00250428169966,1.35232639313,0.321291565895,0.359293997288,0.27074405551,-0.833293020725
0.725923061371,0.00297537446022,1.35228300095,0.323108792305,0.359183877707,0.275305837393,-0.831140398979
0.726709723473,0.00362091511488,1.35221529007,0.324845433235,0.359011769295,0.279215246439,-0.82923156023
0.727741241455,0.00412090867758,1.35215103626,0.326291292906,0.358384847641,0.283747404814,-0.827394545078
0.728636801243,0.00466108322144,1.35209572315,0.327958703041,0.358010858297,0.288592427969,-0.825218617916
0.729635834694,0.00518253445625,1.35214245319,0.329587191343,0.357791155577,0.292598724365,-0.823251962662
0.730751156807,0.00573056191206,1.35212790966,0.331244945526,0.357818007469,0.295809864998,-0.821425378323
0.731739103794,0.00605018436909,1.35223174095,0.33212941885,0.357218205929,0.300600469112,-0.819588124752
0.732754051685,0.00660286098719,1.35219430923,0.333438903093,0.356401532888,0.304947942495,-0.817803919315
0.733785808086,0.00701955705881,1.35211420059,0.334915369749,0.355623751879,0.309057414532,-0.815994441509
0.734733581543,0.00753841549158,1.35211598873,0.335963845253,0.355457782745,0.31267234683,-0.814256846905
0.735819876194,0.00818757712841,1.35208725929,0.3373914361,0.355229109526,0.316468834877,-0.812297165394
0.736574888229,0.00886141508818,1.35198557377,0.338691681623,0.355073451996,0.320228517056,-0.810348331928
0.737646222115,0.00921210646629,1.3518460989,0.340804725885,0.355480164289,0.328032672405,-0.806151628494
0.738606333733,0.0099851116538,1.35176455975,0.339935839176,0.354018121958,0.328725606203,-0.806879401207
0.740065157413,0.00975324213505,1.35168731213,0.338831633329,0.353717923164,0.332043677568,-0.806116402149
0.741024315357,0.0102804005146,1.35155057907,0.340241074562,0.353361696005,0.335461527109,-0.804261863232
0.741971135139,0.0110254064202,1.35150003433,0.341274619102,0.353086084127,0.339387238026,-0.802295565605
0.743052005768,0.0113832950592,1.35136342049,0.342362135649,0.352463513613,0.343368947506,-0.800409495831
0.744028568268,0.0119020119309,1.35132741928,0.342215150595,0.351001739502,0.347878396511,-0.799166560173
0.745130896568,0.0124397426844,1.35123467445,0.343175113201,0.35039973259,0.351303905249,-0.797518968582
0.746041953564,0.0129194185138,1.35113918781,0.344234317541,0.350296080112,0.354480594397,-0.795700311661
0.7470048666,0.0135013759136,1.35100054741,0.345279544592,0.349968582392,0.357991278172,-0.793817579746
0.747934937477,0.0140258222818,1.35093963146,0.346085399389,0.349510580301,0.361200660467,-0.792212963104
0.748820185661,0.0144729614258,1.35094165802,0.346684634686,0.34942060709,0.364541858435,-0.790458202362
0.749639987946,0.0154081285,1.35081577301,0.348562151194,0.348996520042,0.36784952879,-0.788284659386
0.750688970089,0.0157835260034,1.35082876682,0.349111497402,0.348750293255,0.3708525002,-0.78674185276
0.751460075378,0.0163874849677,1.35065042973,0.350368946791,0.348635971546,0.373983353376,-0.784749090672
0.752787411213,0.0162096470594,1.35060596466,0.350042611361,0.34829172492,0.377102285624,-0.783554017544
0.753420472145,0.0170341655612,1.35065996647,0.351915836334,0.348090350628,0.380359143019,-0.781226754189
0.754416465759,0.0175522789359,1.35065376759,0.353269606829,0.355523496866,0.382136523724,-0.776386141777
0.755450427532,0.0180251896381,1.35087502003,0.354744672775,0.350142627954,0.384550690651,-0.776966631413
0.756335556507,0.0185981616378,1.3509376049,0.354775041342,0.350414723158,0.386811435223,-0.775706768036
0.757276296616,0.0190656483173,1.35101497173,0.356768399477,0.349793851376,0.389521330595,-0.773714363575
0.758251368999,0.0195249840617,1.35114848614,0.357939809561,0.349710315466,0.392081320286,-0.771915853024
0.759201824665,0.0199023038149,1.35130178928,0.357908546925,0.350265771151,0.3944029212,-0.770494520664
0.760158121586,0.0203710123897,1.35142421722,0.358851611614,0.350301504135,0.39663207531,-0.76889359951
0.760945558548,0.0207725018263,1.35143196583,0.360820412636,0.349388957024,0.399521946907,-0.766888678074
0.761893928051,0.0211739391088,1.35145401955,0.361904323101,0.349177956581,0.401858955622,-0.765251278877
0.762897610664,0.0215079784393,1.35152065754,0.362690836191,0.349088013172,0.40393319726,-0.763826489449
0.763781130314,0.0219078212976,1.35141789913,0.363591253757,0.348804414272,0.406127929688,-0.762362718582
0.764674663544,0.0222553834319,1.35136973858,0.36016613245,0.341211825609,0.4121491611,-0.764191031456
0.765457093716,0.0228323787451,1.35114228725,0.366081386805,0.348624885082,0.409966886044,-0.759191870689
0.766367256641,0.0230129510164,1.35107958317,0.366471529007,0.348142445087,0.411884844303,-0.758186221123
0.767191410065,0.0233536213636,1.3510299921,0.363022685051,0.340407371521,0.417456060648,-0.760307788849
0.767835378647,0.0237591490149,1.35083544254,0.369569033384,0.349376648664,0.413869231939,-0.755027770996
0.768683731556,0.023496568203,1.35080754757,0.370388656855,0.348392784595,0.41629961133,-0.753743588924
0.769181728363,0.0243208631873,1.35087275505,0.370616644621,0.34948939085,0.417246192694,-0.752599656582
0.769949495792,0.0246536061168,1.35099160671,0.370273560286,0.350008219481,0.418494910002,-0.751833617687
0.770378768444,0.0247178897262,1.35106277466,0.371912419796,0.349145203829,0.421172231436,-0.749928474426
0.770883917809,0.0249767675996,1.3512377739,0.371670693159,0.349505364895,0.422994792461,-0.748854100704
0.771482586861,0.0251467749476,1.35149359703,0.371796816587,0.349658221006,0.424715310335,-0.747745394707
0.771943688393,0.0254894867539,1.35167872906,0.371306031942,0.350151747465,0.426218479872,-0.74690246582
0.77242064476,0.0255979076028,1.35196483135,0.370661824942,0.350703507662,0.427559167147,-0.746197104454
0.772868573666,0.025997556746,1.35214221478,0.369299054146,0.351799309254,0.428858935833,-0.745610833168
0.773265361786,0.0260745584965,1.35235154629,0.369610548019,0.351462066174,0.431208193302,-0.744259417057
0.773858964443,0.026306681335,1.35254967213,0.369056999683,0.351667523384,0.432864040136,-0.743475496769
0.77448117733,0.0261567980051,1.35271322727,0.366035848856,0.349578559399,0.435982435942,-0.744131743908
0.774881899357,0.0269132554531,1.35278081894,0.367159307003,0.352547258139,0.436333864927,-0.74196857214
0.775639235973,0.0266563519835,1.35280561447,0.366706520319,0.351541310549,0.438749879599,-0.741244614124
0.776036143303,0.0274073779583,1.35283339024,0.367417544127,0.351018488407,0.441376358271,-0.739579200745
0.776539444923,0.0278063118458,1.35277271271,0.367928922176,0.350096344948,0.444051384926,-0.738159358501
0.77748644352,0.0274054557085,1.35264503956,0.365743070841,0.349703609943,0.445988386869,-0.738264024258
0.778089821339,0.0280530527234,1.35262012482,0.366646021605,0.348481506109,0.449045449495,-0.736539006233
0.778902113438,0.0279142409563,1.35257077217,0.364995360374,0.347573190928,0.452190637589,-0.735863387585
0.77965426445,0.0281446427107,1.35250890255,0.364849179983,0.346693187952,0.454972893,-0.734634935856
0.780130267143,0.0281618908048,1.35247349739,0.366278767586,0.344011932611,0.460527807474,-0.731717050076
0.780869722366,0.0284178629518,1.35236215591,0.366003394127,0.342796862125,0.464371800423,-0.729993641376
0.781477332115,0.0285883843899,1.3523234129,0.365583896637,0.341577023268,0.468923360109,-0.727863013744
0.782281279564,0.0287945121527,1.35226130486,0.365015476942,0.339670389891,0.47374907136,-0.725912868977
0.782970428467,0.0289246067405,1.35226154327,0.364329040051,0.338515549898,0.478702455759,-0.723543703556
0.783643424511,0.0290669649839,1.3521733284,0.363844126463,0.337154179811,0.483907878399,-0.720956087112
0.784347176552,0.0293816998601,1.35207653046,0.363785088062,0.335579752922,0.489463061094,-0.717964231968
0.785097360611,0.0296125411987,1.35201907158,0.363748669624,0.334115415812,0.495075404644,-0.714810669422
0.785559415817,0.0299270823598,1.35212850571,0.363584280014,0.333084195852,0.501089572906,-0.711175620556
0.786428034306,0.0300738885999,1.35194957256,0.363431930542,0.331160783768,0.50676715374,-0.708122134209
0.787092804909,0.0302877947688,1.35194325447,0.363052815199,0.329937160015,0.512666642666,-0.70463258028
0.787843704224,0.0305327549577,1.3518948555,0.363361269236,0.328436255455,0.518712460995,-0.700739324093
0.788542807102,0.0308672264218,1.35182797909,0.363354533911,0.327014118433,0.524351716042,-0.697202026844
0.789377510548,0.0309665054083,1.35187482834,0.363273054361,0.326119601727,0.529307126999,-0.693911135197
0.790165305138,0.0311356708407,1.35192000866,0.363403618336,0.325294464827,0.533826231956,-0.690761089325
0.790883898735,0.0312930941582,1.35192847252,0.363254904747,0.324185967445,0.538707315922,-0.687563717365
0.791577637196,0.0320077836514,1.35200309753,0.365057528019,0.32327106595,0.542498767376,-0.684049725533
0.792558431625,0.0318754389882,1.35201358795,0.365817725658,0.323730766773,0.544369101524,-0.681936979294
0.793197154999,0.0323890894651,1.35198462009,0.367602407932,0.323095589876,0.546961188316,-0.679198980331
0.794227659702,0.0328250080347,1.35201966763,0.367204546928,0.319747567177,0.547497868538,-0.680564820766
0.795175135136,0.0325950607657,1.35203838348,0.363827437162,0.322908192873,0.551284611225,-0.677824020386
0.796058654785,0.032837472856,1.35200119019,0.363693326712,0.322292357683,0.553354740143,-0.676500797272
0.796775758266,0.0333813279867,1.35203361511,0.369938611984,0.322134226561,0.54859817028,-0.677063524723
0.797482132912,0.033694639802,1.35190677643,0.36333155632,0.319999158382,0.556826174259,-0.674933612347
0.798419415951,0.0336391180754,1.35188734531,0.370301872492,0.32009357214,0.547478318214,-0.678737223148
0.799140095711,0.0336885526776,1.35193872452,0.370881557465,0.317693650723,0.545551717281,-0.681095480919
0.799843490124,0.0337634757161,1.35195767879,0.361119240522,0.317382186651,0.556751191616,-0.677414000034
0.800694227219,0.0339852795005,1.35197150707,0.359772831202,0.317666321993,0.554821491241,-0.679576873779
0.801240682602,0.0341661199927,1.35211014748,0.356453835964,0.315443634987,0.557887911797,-0.679850816727
0.801930427551,0.0342543721199,1.35213458538,0.360772401094,0.314765185118,0.552881300449,-0.681973934174
0.80274027586,0.0341598913074,1.35228943825,0.356369227171,0.312268912792,0.553933620453,-0.684577643871
0.803501725197,0.0342413932085,1.352435112,0.355920612812,0.310266464949,0.551632702351,-0.687572956085
0.804077804089,0.0342797338963,1.35264229774,0.354020118713,0.308868736029,0.550550818443,-0.690046131611
0.804774880409,0.0345866903663,1.35279881954,0.351665079594,0.308066606522,0.547782480717,-0.693801879883
0.805292367935,0.0346292257309,1.35305356979,0.350025892258,0.306596845388,0.546349823475,-0.696406602859
0.805900752544,0.0347126498818,1.35330057144,0.346184283495,0.30800139904,0.550697863102,-0.694279134274
0.806396245956,0.0347913950682,1.35359311104,0.348695516586,0.307980179787,0.544650554657,-0.697793245316
0.806985735893,0.0348712652922,1.35386705399,0.347992271185,0.305845469236,0.541993558407,-0.701144039631
0.807438254356,0.0348585471511,1.35411262512,0.346850305796,0.304254055023,0.540172696114,-0.703802347183
0.807805597782,0.0349079445004,1.354347229,0.345715761185,0.302768558264,0.538452625275,-0.706314861774
0.808227777481,0.0349404588342,1.35460805893,0.345267474651,0.301367878914,0.537473261356,-0.707877337933
0.808527767658,0.0349614843726,1.35484206676,0.343733996153,0.300028860569,0.53529715538,-0.71083521843
0.808893680573,0.0349999666214,1.35502552986,0.341728240252,0.307274073362,0.530176103115,-0.712543070316
0.809165537357,0.0350107252598,1.35515677929,0.346584230661,0.282113790512,0.512012422085,-0.733576476574
0.809332847595,0.0350357592106,1.35528850555,0.336139112711,0.291399687529,0.53776884079,-0.716171443462
0.809695601463,0.0351090803742,1.35541808605,0.334307849407,0.290178567171,0.536630690098,-0.718374669552
0.809813559055,0.035337433219,1.35548210144,0.333887398243,0.289112240076,0.536195576191,-0.719324469566
0.810063898563,0.0353199020028,1.35555231571,0.33255559206,0.287929326296,0.536535024643,-0.720162272453
0.810277283192,0.0353546887636,1.3556073904,0.331815093756,0.286581367254,0.53578543663,-0.721598088741
0.810494720936,0.0353801250458,1.35565435886,0.330906838179,0.285664081573,0.535572588444,-0.72253626585
0.81073319912,0.0353851914406,1.35569822788,0.330462038517,0.2851344347,0.535503566265,-0.723000109196
0.81108379364,0.0354143604636,1.35574877262,0.329575777054,0.28392380476,0.535735249519,-0.72370916605
0.811498582363,0.0352663546801,1.35576796532,0.327934980392,0.284233093262,0.534758269787,-0.725054442883
0.811715483665,0.0352671146393,1.3558049202,0.327572971582,0.283871084452,0.534732997417,-0.725378513336
0.811937868595,0.0352541729808,1.3558037281,0.327068954706,0.283200144768,0.534961521626,-0.725699603558
0.812080383301,0.0352773591876,1.35578596592,0.326846420765,0.282244622707,0.535504996777,-0.725771188736
0.812282383442,0.0352590084076,1.35577940941,0.326576650143,0.281996756792,0.535547971725,-0.725957214832
0.812576055527,0.0352420210838,1.35578227043,0.326363533735,0.281524837017,0.535623848438,-0.726180255413
0.812752902508,0.0353128761053,1.35569882393,0.326354146004,0.281472504139,0.535844027996,-0.72604238987
0.812887132168,0.0352776050568,1.35566556454,0.326244086027,0.281509339809,0.53598433733,-0.725973963737
0.813066065311,0.0351614654064,1.35563540459,0.326125323772,0.281469911337,0.536126196384,-0.725937724113
0.813189387321,0.0351375639439,1.35561394691,0.326121807098,0.2815566957,0.536320269108,-0.725762426853
0.813286185265,0.0351619422436,1.35557925701,0.326475530863,0.281977236271,0.53657156229,-0.725254118443
0.813402593136,0.0351148024201,1.35555791855,0.326497167349,0.28213468194,0.536736905575,-0.725060760975
0.813595056534,0.0349365696311,1.35556578636,0.325996845961,0.282657623291,0.536665797234,-0.725134909153
0.81370651722,0.0348588228226,1.35556340218,0.326194852591,0.282700181007,0.537048220634,-0.72474604845
0.813802242279,0.0348202809691,1.35556173325,0.326286017895,0.28290694952,0.53730905056,-0.724430859089
0.813947021961,0.0346668511629,1.35555565357,0.326300293207,0.283080339432,0.537433624268,-0.724264323711
0.814014554024,0.0345822423697,1.35562372208,0.326398521662,0.283379256725,0.537717342377,-0.723892509937
0.814183950424,0.0344613492489,1.35559272766,0.326531708241,0.283453911543,0.537792801857,-0.723747074604
0.814254581928,0.0344019532204,1.35560536385,0.327036619186,0.284023404121,0.538026332855,-0.723122119904
0.814405679703,0.0343463048339,1.35566401482,0.327232599258,0.284321755171,0.537982106209,-0.72294908762
0.814488947392,0.0342918857932,1.35569262505,0.327506393194,0.284716248512,0.538003802299,-0.722653508186
0.814528167248,0.0342225506902,1.35574257374,0.327718853951,0.285196304321,0.537873029709,-0.722465217113
0.814634919167,0.0341586992145,1.35575675964,0.327845990658,0.285245388746,0.538028776646,-0.722272276878
0.814682006836,0.0342593640089,1.35580337048,0.328063547611,0.285537242889,0.538062870502,-0.722032606602
0.814760386944,0.0341858118773,1.35579764843,0.327933371067,0.285912305117,0.537854969501,-0.72209829092
0.814878106117,0.0340268313885,1.3558139801,0.32809099555,0.285931378603,0.53803563118,-0.721884548664
0.814873874187,0.0341319739819,1.35583674908,0.328719079494,0.285660713911,0.538316488266,-0.721496462822
0.814974725246,0.0340757966042,1.35586619377,0.32871389389,0.285719662905,0.538300395012,-0.721487343311
0.815051853657,0.0341371968389,1.35592794418,0.329041600227,0.285638391972,0.538377642632,-0.721312642097
0.815149128437,0.034102037549,1.35596978664,0.32879498601,0.285277426243,0.538658559322,-0.721358180046
0.815239012241,0.0340725854039,1.35603511333,0.328818202019,0.285165727139,0.538757681847,-0.721317708492
0.815448045731,0.0340486168861,1.35607266426,0.328755319118,0.285057336092,0.538600862026,-0.721506416798
0.815533220768,0.0340289920568,1.35611867905,0.328676074743,0.284945309162,0.538666903973,-0.721537470818
0.815620183945,0.0340308919549,1.35617208481,0.328796803951,0.284647971392,0.538849711418,-0.72146320343
0.815741240978,0.0339335501194,1.35622835159,0.328613907099,0.284420162439,0.538932085037,-0.721574962139
0.815873324871,0.0338702723384,1.35630178452,0.328067451715,0.284705400467,0.538765132427,-0.72183573246
0.815941751003,0.0338444635272,1.35635232925,0.327935516834,0.284592688084,0.538919568062,-0.721824944019
0.815994918346,0.0338832885027,1.35643064976,0.327841192484,0.284492611885,0.539106786251,-0.721767246723
0.815961539745,0.0339018553495,1.35645449162,0.32798230648,0.28378868103,0.539807200432,-0.721456766129
0.815965473652,0.0338525846601,1.35654246807,0.327426224947,0.283629119396,0.540462076664,-0.721281707287
0.816158533096,0.0336729288101,1.35661399364,0.32665771246,0.283895790577,0.540304303169,-0.721643447876
0.816194951534,0.0336652472615,1.35668957233,0.326544970274,0.283725321293,0.540484368801,-0.721626698971
0.816168487072,0.0336341261864,1.3568110466,0.326177090406,0.283317893744,0.54131257534,-0.721332252026
0.816226184368,0.0335403382778,1.35688483715,0.325949877501,0.283242642879,0.541476786137,-0.721341311932
0.816274881363,0.0335432738066,1.3569393158,0.325904369354,0.282953649759,0.54193353653,-0.721132218838
0.816232025623,0.0336729958653,1.35701537132,0.325786650181,0.282973766327,0.542171180248,-0.720998823643
0.816468775272,0.0335321575403,1.35725104809,0.324068963528,0.284328460693,0.541371583939,-0.721840262413
0.816498339176,0.0335358381271,1.35734808445,0.324013799429,0.284201472998,0.541612029076,-0.721734702587
0.816528618336,0.0335301011801,1.35747349262,0.324107170105,0.283942341805,0.541959941387,-0.72153365612
0.816422224045,0.0335971713066,1.35757851601,0.32410427928,0.283887416124,0.542428970337,-0.72120398283
0.816383302212,0.0335665121675,1.35764014721,0.324181586504,0.28353908658,0.542841255665,-0.720996022224
0.816358029842,0.0335688441992,1.35769236088,0.324020713568,0.283449411392,0.54306435585,-0.720935583115
0.816348731518,0.0335002169013,1.3577426672,0.323819160461,0.283356845379,0.543354094028,-0.720844268799
0.816330611706,0.0335229113698,1.35780060291,0.323545217514,0.28310033679,0.543623626232,-0.720864772797
0.816319346428,0.033546179533,1.35785734653,0.323503762484,0.283034771681,0.54374974966,-0.720814168453
0.816253900528,0.0335626751184,1.3579775095,0.323310166597,0.282759666443,0.544169425964,-0.720692157745
0.816194355488,0.0337081328034,1.35803592205,0.323368281126,0.282980322838,0.544122576714,-0.720614910126
0.816176772118,0.0337811857462,1.35809206963,0.323192864656,0.282501548529,0.544742465019,-0.720413029194
0.816167593002,0.0338567718863,1.35814154148,0.323192000389,0.28245395422,0.54483127594,-0.720364868641
0.816153764725,0.0339476019144,1.35819888115,0.323177665472,0.282438784838,0.544948995113,-0.720288217068
0.816118478775,0.034046664834,1.35825788975,0.323282629251,0.282674193382,0.544944763184,-0.72015184164
0.815900743008,0.0341457873583,1.35814845562,0.325289875269,0.280100494623,0.546808838844,-0.718839645386
0.816177725792,0.03433573246,1.35832726955,0.323292702436,0.282863080502,0.544900000095,-0.720107257366
0.816182732582,0.0344772338867,1.35837495327,0.323193639517,0.282599806786,0.545186281204,-0.720038294792
0.816335082054,0.0342088267207,1.35841429234,0.322061389685,0.283045202494,0.544824004173,-0.720644712448
0.816319823265,0.0343138128519,1.35843861103,0.321994721889,0.282773345709,0.54505610466,-0.72060573101
0.816298663616,0.0344719588757,1.35845243931,0.321793377399,0.282954722643,0.545099198818,-0.720591783524
0.816255927086,0.0346173495054,1.35848677158,0.32160165906,0.282874375582,0.545204758644,-0.720629036427
0.816058516502,0.0351989343762,1.3585832119,0.322807043791,0.282404929399,0.545792937279,-0.719828665257
0.815969586372,0.0353569015861,1.35861051083,0.322546988726,0.282597482204,0.545948088169,-0.719751894474
0.815920829773,0.0355714410543,1.35866987705,0.322224080563,0.282273948193,0.546358883381,-0.719711720943
0.815858125687,0.0357555001974,1.3587757349,0.322020858526,0.282319277525,0.546540915966,-0.719646751881
0.815593600273,0.0361633449793,1.35868728161,0.323334366083,0.280871421099,0.547657132149,-0.718775272369
0.815469443798,0.036358974874,1.35873520374,0.323228776455,0.280701190233,0.548095464706,-0.718555092812
0.815443694592,0.036579631269,1.35873401165,0.323022216558,0.280682682991,0.548162579536,-0.718603909016
0.815358281136,0.036793410778,1.35880434513,0.322745382786,0.280471801758,0.548423409462,-0.718611717224
0.815400421619,0.0369670763612,1.35908019543,0.321347236633,0.281836479902,0.547719180584,-0.719241261482
0.815288603306,0.0372279584408,1.35915958881,0.320603847504,0.281053334475,0.548467338085,-0.719309151173
0.815200388432,0.037539459765,1.35924577713,0.320476382971,0.280836164951,0.548861026764,-0.719150543213
0.814755320549,0.0379269123077,1.35915470123,0.322113931179,0.279004216194,0.550473093987,-0.717898786068
0.814641475677,0.0381771624088,1.35923838615,0.321826159954,0.278946131468,0.550726413727,-0.717856049538
0.814604103565,0.0384458601475,1.35928404331,0.32084736228,0.279177963734,0.550610840321,-0.718292593956
0.814473688602,0.0387539118528,1.35936403275,0.32078769803,0.279232770205,0.550748229027,-0.718192815781
0.814292371273,0.0390619561076,1.35949635506,0.32044300437,0.278786897659,0.55136013031,-0.718050181866
0.814186632633,0.0393183082342,1.35954904556,0.320195823908,0.278598189354,0.551587343216,-0.718059241772
0.81418377161,0.0396248102188,1.35975801945,0.318614959717,0.280003935099,0.550729930401,-0.718873202801
0.813765645027,0.0400713011622,1.35969507694,0.32046353817,0.277830034494,0.55244332552,-0.717579245567
0.813654243946,0.0404365807772,1.35973405838,0.320493757725,0.277729421854,0.552578926086,-0.717500209808
0.813695847988,0.0407088398933,1.35991096497,0.317750662565,0.279331177473,0.551501691341,-0.718926072121
0.81363350153,0.0411037579179,1.35992777348,0.31768733263,0.27896630764,0.551734030247,-0.718917250633
0.813550412655,0.0414446517825,1.35994684696,0.317595630884,0.279214322567,0.551483929157,-0.719053447247
0.813256382942,0.0419401824474,1.35982966423,0.31891053915,0.277733027935,0.552530944347,-0.718240916729
0.813181936741,0.0422995910048,1.35988175869,0.318814337254,0.277509957552,0.55265212059,-0.718276679516
0.81305283308,0.0428492873907,1.35991036892,0.319646954536,0.27679169178,0.5530346632,-0.717889130116
0.812945008278,0.0432341173291,1.35987555981,0.319703400135,0.275786548853,0.553691506386,-0.717744529247
0.813086628914,0.0434009134769,1.35982322693,0.317767053843,0.27733707428,0.552295923233,-0.719081044197
0.813045561314,0.0438837260008,1.35980939865,0.317861407995,0.27691334486,0.552585721016,-0.718980014324
0.812992572784,0.0443802401423,1.35982167721,0.318083375692,0.276863247156,0.552545905113,-0.718931674957
0.812902450562,0.0448471903801,1.35986602306,0.317644476891,0.276419073343,0.552685081959,-0.719189524651
0.812948942184,0.0451944991946,1.36001932621,0.317230254412,0.277056515217,0.552087664604,-0.719585955143
0.812836945057,0.0457702353597,1.36001360416,0.318542599678,0.276842921972,0.553485155106,-0.718013048172
0.812680065632,0.046176970005,1.35993683338,0.31609749794,0.27729216218,0.552194178104,-0.719911873341
0.81251090765,0.0468111857772,1.35977041721,0.317487865686,0.275295525789,0.55307841301,-0.719387412071
0.8123498559,0.0471803992987,1.35984683037,0.318139016628,0.274505257607,0.553581833839,-0.7190143466
0.812497973442,0.0476639270782,1.35997378826,0.316178292036,0.275853216648,0.552561938763,-0.720147073269
0.812365889549,0.048194155097,1.35998666286,0.316312432289,0.275626957417,0.552673041821,-0.720089435577
0.812183201313,0.0488112941384,1.35981535912,0.317254394293,0.274757087231,0.553217232227,-0.719589412212
0.81211578846,0.0493534654379,1.3597728014,0.317019015551,0.274421691895,0.553223133087,-0.719816505909
0.812102377415,0.0498815104365,1.35970950127,0.31699514389,0.274297088385,0.552998304367,-0.720047295094
0.81200170517,0.0502904728055,1.3597612381,0.317481011152,0.273361891508,0.55354654789,-0.719767570496
0.811916053295,0.0508155375719,1.35972380638,0.317310482264,0.272859483957,0.553727924824,-0.719893932343
0.811864972115,0.0514325201511,1.35964953899,0.316659033298,0.273457825184,0.553231298923,-0.720335245132
0.812013030052,0.0517665669322,1.35976147652,0.315261095762,0.274684309959,0.552195489407,-0.721275925636
0.811969220638,0.0523333251476,1.35978889465,0.315819710493,0.273995786905,0.552382051945,-0.721150755882
0.81175994873,0.0528261438012,1.35966587067,0.31442502141,0.27429163456,0.552341639996,-0.721678555012
0.811412453651,0.0535756573081,1.35951423645,0.315797030926,0.272333502769,0.553843975067,-0.720668792725
0.811344206333,0.0541164726019,1.35951566696,0.315793395042,0.272313266993,0.553849935532,-0.720673501492
0.81148982048,0.0545176267624,1.3597009182,0.314256846905,0.273488998413,0.55298358202,-0.721564769745
0.81148982048,0.0545176267624,1.3597009182,0.314256846905,0.273488998413,0.55298358202,-0.721564769745
0.811322152615,0.0557003244758,1.35977292061,0.314416617155,0.272549450397,0.553297102451,-0.721610248089
0.811322152615,0.0557003244758,1.35977292061,0.314416617155,0.272549450397,0.553297102451,-0.721610248089
0.811215877533,0.056851066649,1.35966622829,0.314136862755,0.271621584892,0.553522348404,-0.721908986568
0.810942530632,0.0574956536293,1.35960972309,0.316156089306,0.269278258085,0.554936826229,-0.72081887722
0.810918092728,0.0580444186926,1.35959744453,0.315940886736,0.268508225679,0.554930746555,-0.721204936504
0.810947656631,0.0586341619492,1.35956227779,0.315324932337,0.26880043745,0.554402172565,-0.72177195549
0.810867786407,0.0590824633837,1.35959923267,0.315516471863,0.267734289169,0.555301368237,-0.721393227577
0.810923993587,0.0596611499786,1.35972583294,0.314412117004,0.268870174885,0.554513454437,-0.722058773041
0.810721218586,0.060225918889,1.35949981213,0.314847320318,0.267524898052,0.555330991745,-0.721740365028
0.810958743095,0.0606543123722,1.35955929756,0.31328484416,0.268205285072,0.554553985596,-0.722764313221
0.810697138309,0.0614318177104,1.35941839218,0.315407454967,0.265748143196,0.555989027023,-0.721645534039
0.810778975487,0.0620580017567,1.35941684246,0.314785480499,0.265912383795,0.555876016617,-0.721943616867
0.810792207718,0.0625591054559,1.35941720009,0.314133793116,0.264894574881,0.556015849113,-0.722493767738
0.810722589493,0.0632048994303,1.35951817036,0.315166592598,0.263699501753,0.557110786438,-0.721637248993
0.810760498047,0.0638009682298,1.35942721367,0.315113335848,0.26325532794,0.557273566723,-0.721696972847
0.81112152338,0.064345933497,1.35944509506,0.312800616026,0.264905184507,0.55599719286,-0.723082363605
0.811074614525,0.0650035217404,1.35929203033,0.31286457181,0.263529151678,0.556573390961,-0.723114132881
0.811219990253,0.0655104517937,1.35939586163,0.311967134476,0.263890951872,0.556531608105,-0.723402202129
0.811068058014,0.0661369338632,1.35925471783,0.3132417202,0.262212634087,0.557641327381,-0.722606599331
0.811374664307,0.0665604621172,1.35938191414,0.311182320118,0.263134151697,0.556943714619,-0.723698675632
0.811115860939,0.0674895197153,1.35928606987,0.313260555267,0.261010438204,0.558403134346,-0.722445428371
0.811115860939,0.0674895197153,1.35928606987,0.313260555267,0.261010438204,0.558403134346,-0.722445428371
0.811221659184,0.0685250759125,1.35914444923,0.312463402748,0.259083330631,0.559444010258,-0.72267895937
0.811221659184,0.0685250759125,1.35914444923,0.312463402748,0.259083330631,0.559444010258,-0.72267895937
0.811279773712,0.0695011019707,1.35913777351,0.313120901585,0.257315188646,0.560857415199,-0.721930325031
0.811279773712,0.0695011019707,1.35913777351,0.313120901585,0.257315188646,0.560857415199,-0.721930325031
0.811441540718,0.0704918131232,1.35897147655,0.312097817659,0.256171166897,0.561597824097,-0.722204446793
0.811400294304,0.0710011422634,1.35912847519,0.311740666628,0.256482750177,0.562523782253,-0.721527218819
0.811423361301,0.0715012997389,1.35904145241,0.311780661345,0.255653500557,0.562266170979,-0.722004830837
0.811561644077,0.0719366520643,1.35893416405,0.310820370913,0.255238860846,0.562631189823,-0.722281098366
0.811563551426,0.0723612159491,1.35894179344,0.311095267534,0.254166096449,0.563317894936,-0.722005724907
0.811599493027,0.0725528076291,1.3588385582,0.3110691607,0.252970814705,0.56396317482,-0.721933186054
0.811926484108,0.0729678869247,1.35882341862,0.309883028269,0.253542631865,0.563332915306,-0.722734153271
0.811963319778,0.0733826309443,1.35881638527,0.309646993876,0.252659201622,0.5638692379,-0.722726464272
0.811738014221,0.0741500705481,1.35867512226,0.312328726053,0.249646529555,0.565872728825,-0.721051692963
0.811910271645,0.0744040682912,1.35888266563,0.310957223177,0.250579923391,0.565382659435,-0.721704781055
0.811910271645,0.0744040682912,1.35888266563,0.310957223177,0.250579923391,0.565382659435,-0.721704781055
0.812023878098,0.0750641822815,1.35870635509,0.310136139393,0.249260321259,0.566086351871,-0.721963524818
0.812063038349,0.0756329223514,1.35864150524,0.311202257872,0.247641995549,0.567080557346,-0.72128111124
0.812095046043,0.0759162679315,1.35864746571,0.311305552721,0.247109353542,0.567495048046,-0.721093058586
0.812096774578,0.0762709975243,1.35852813721,0.310752302408,0.247363209724,0.567407250404,-0.721313714981
0.812148332596,0.0765962600708,1.35860943794,0.310333848,0.245938330889,0.56839376688,-0.721204459667
0.812240540981,0.0766503587365,1.3585613966,0.309269756079,0.246101304889,0.568497538567,-0.721524059772
0.812139987946,0.0769416689873,1.35864913464,0.309992223978,0.245168581605,0.569367468357,-0.720845222473
0.812265813351,0.0772056505084,1.358517766,0.309092909098,0.24519507587,0.569190919399,-0.72136169672
0.812166929245,0.0777416005731,1.3585665226,0.310171753168,0.243859678507,0.570244431496,-0.720518767834
0.812166929245,0.0777416005731,1.3585665226,0.310171753168,0.243859678507,0.570244431496,-0.720518767834
0.812369465828,0.0778466314077,1.35845255852,0.309042274952,0.243353366852,0.570682048798,-0.720828711987
0.812405347824,0.0780552625656,1.35846030712,0.308820098639,0.242959171534,0.571106791496,-0.720720529556
0.812303543091,0.0782636478543,1.35853827,0.309723615646,0.241934046149,0.571865737438,-0.720075488091
0.812324523926,0.0785066708922,1.35852897167,0.310162812471,0.241489186883,0.572026491165,-0.719908177853
0.812308549881,0.0786480680108,1.35847747326,0.310325235128,0.240980342031,0.572483241558,-0.719645500183
0.812315762043,0.078840225935,1.35844504833,0.310493826866,0.240722283721,0.572704076767,-0.719483375549
0.812329769135,0.0789669901133,1.35839390755,0.309655338526,0.240823894739,0.572695314884,-0.719817698002
0.812333703041,0.0791065692902,1.3583458662,0.309546709061,0.240378886461,0.57289659977,-0.719852983952
0.812372982502,0.0792194753885,1.35832595825,0.30965206027,0.240192964673,0.572947204113,-0.719829559326
