x,y,z,q0,q1,q2,q3
0.53684002161,0.161581337452,0.827419281006,0.422741949558,0.486217468977,0.303075045347,-0.702159047127
0.536936104298,0.162285402417,0.827492892742,0.422572225332,0.486260175705,0.305229336023,-0.701297938824
0.536248981953,0.162581861019,0.827947974205,0.4208727777,0.48554161191,0.305936396122,-0.702508747578
0.53712195158,0.16379237175,0.82743370533,0.421043872833,0.485101819038,0.307354032993,-0.702091097832
0.537560343742,0.164558842778,0.827583253384,0.420779019594,0.484948337078,0.308617264032,-0.701801598072
0.536880135536,0.16483682394,0.827944874763,0.4193123281,0.484128862619,0.309522122145,-0.702846169472
0.537815034389,0.166079640388,0.827525138855,0.419803828001,0.484384715557,0.310983002186,-0.701730549335
0.538793802261,0.166028767824,0.828209221363,0.422883689404,0.4834215343,0.318756788969,-0.69704169035
0.538269877434,0.166093856096,0.828673243523,0.421963512897,0.4823346138,0.320351064205,-0.697621226311
0.539368867874,0.167397007346,0.828321993351,0.421912699938,0.4819047153,0.32204502821,-0.697169005871
0.539300680161,0.168019041419,0.828170239925,0.421624481678,0.482084006071,0.323663413525,-0.696469426155
0.538854598999,0.168571725488,0.828488111496,0.417509436607,0.481873303652,0.323135048151,-0.699333846569
0.539891839027,0.169714555144,0.827970445156,0.417223542929,0.481928825378,0.324179679155,-0.698982775211
0.539921343327,0.170789062977,0.827103972435,0.416781961918,0.481445610523,0.319782197475,-0.701599776745
0.541017830372,0.1705365628,0.827871441841,0.420055598021,0.480333000422,0.328264504671,-0.696473956108
0.541108846664,0.171501368284,0.827730536461,0.415949076414,0.481165468693,0.327885508537,-0.698539376259
0.54151570797,0.171632170677,0.827605366707,0.418689310551,0.479747116566,0.330628931522,-0.696582078934
0.541165292263,0.171623170376,0.828059315681,0.417489469051,0.4794459939,0.331617921591,-0.697039246559
0.541566967964,0.172104984522,0.828049778938,0.416669726372,0.479711532593,0.332484096289,-0.696934342384
0.542177021503,0.173908412457,0.82665348053,0.415127813816,0.480420202017,0.327079772949,-0.699917435646
0.542593419552,0.174283176661,0.826581120491,0.414695471525,0.480565607548,0.328407049179,-0.699452102184
0.542807936668,0.173719167709,0.82779943943,0.41380444169,0.481062680483,0.333712726831,-0.697122991085
0.543262004852,0.174045115709,0.827767252922,0.412960797548,0.481216788292,0.33449998498,-0.697139620781
0.543832659721,0.173939049244,0.827697753906,0.415783315897,0.479749023914,0.337183117867,-0.695178151131
0.54493200779,0.174670040607,0.827180206776,0.416383057833,0.479762911797,0.337887585163,-0.694467306137
0.544793248177,0.17585785687,0.826195895672,0.41306117177,0.48074093461,0.33099001646,-0.699081003666
0.545256257057,0.176050916314,0.82613503933,0.412805140018,0.480922192335,0.331645697355,-0.69879680872
0.546045184135,0.176223605871,0.826249837875,0.412100195885,0.480845272541,0.33224388957,-0.698981642723
0.545630991459,0.175753518939,0.826634645462,0.411154478788,0.481881082058,0.33242675662,-0.698738217354
0.546030938625,0.17579805851,0.826578617096,0.410857647657,0.481904149055,0.33273729682,-0.698749184608
0.54641699791,0.175795644522,0.826479077339,0.410497188568,0.481746286154,0.333048433065,-0.69892168045
0.547543048859,0.176404476166,0.825659513474,0.411950588226,0.481485873461,0.333468347788,-0.698045134544
0.54779869318,0.176329866052,0.825491905212,0.411605328321,0.481174409389,0.334019511938,-0.698200047016
0.548881828785,0.175412505865,0.826185822487,0.415495127439,0.48014074564,0.340910077095,-0.693259656429
0.549161553383,0.175651699305,0.826182663441,0.412317425013,0.481759667397,0.339359521866,-0.694792807102
0.549701273441,0.175126791,0.826093435287,0.415473252535,0.480483651161,0.341405540705,-0.692791283131
0.550064444542,0.174972504377,0.826038599014,0.415668964386,0.480795055628,0.341112345457,-0.692602217197
0.550428688526,0.174788072705,0.825908780098,0.416580468416,0.480777651072,0.340759307146,-0.692240417004
0.550751507282,0.174557834864,0.825875461102,0.416936933994,0.481281608343,0.340806573629,-0.691652059555
0.550514519215,0.173692494631,0.826515734196,0.416407674551,0.481415480375,0.340773701668,-0.691893935204
0.550852119923,0.174832627177,0.825239896774,0.413573890924,0.483476042747,0.333805948496,-0.695543766022
0.551874995232,0.17363448441,0.826038002968,0.417477011681,0.482778429985,0.340805709362,-0.6902821064
0.551472783089,0.172763764858,0.82644712925,0.416485905647,0.482641607523,0.340710431337,-0.691023170948
0.551752269268,0.172347813845,0.82638156414,0.416101068258,0.482564598322,0.340150147676,-0.691584706306
0.551506757736,0.172802194953,0.825648248196,0.412728875875,0.48456043005,0.332640141249,-0.695849657059
0.552582323551,0.173008799553,0.825091302395,0.414051502943,0.485400378704,0.331585913897,-0.69498115778
0.553604602814,0.17212793231,0.825907826424,0.415474742651,0.484661966562,0.336648136377,-0.692207753658
0.553908228874,0.17140930891,0.825842499733,0.41910302639,0.484015852213,0.33776640892,-0.689924120903
0.554125130177,0.171023249626,0.825819551945,0.419274270535,0.48448702693,0.33747279644,-0.689632833004
0.553547978401,0.16997154057,0.826349616051,0.418444514275,0.484263420105,0.337780624628,-0.690143108368
0.553090572357,0.170432955027,0.825547993183,0.415566444397,0.485425233841,0.330418944359,-0.694615185261
0.554020226002,0.169064611197,0.826399564743,0.419545203447,0.484243005514,0.336913913488,-0.689912736416
0.554765462875,0.169242411852,0.825784265995,0.420951038599,0.485262811184,0.335818618536,-0.688873052597
0.554294407368,0.168232917786,0.826381325722,0.419339805841,0.485508918762,0.335206449032,-0.689979732037
0.554411053658,0.167732536793,0.826370596886,0.419709384441,0.485654830933,0.334984451532,-0.689759969711
0.554506421089,0.167216986418,0.826422572136,0.420158714056,0.485978901386,0.33533591032,-0.689087092876
0.554581820965,0.166787937284,0.826438784599,0.419706791639,0.486387878656,0.334723711014,-0.689371645451
0.554643988609,0.166424036026,0.826465606689,0.420071721077,0.486712127924,0.333876997232,-0.689331054688
0.554746747017,0.16606169939,0.826489746571,0.420149236917,0.486964702606,0.33303296566,-0.689513742924
0.554870963097,0.165631681681,0.826535105705,0.421693861485,0.486715078354,0.332722067833,-0.68889683485
0.554850578308,0.165197148919,0.826566815376,0.422038644552,0.487025439739,0.332417041063,-0.688613593578
0.55419588089,0.165663614869,0.825962305069,0.418853402138,0.489107578993,0.324681729078,-0.692760765553
0.553949475288,0.165658593178,0.825444757938,0.418129891157,0.489047318697,0.32022857666,-0.69530838728
0.554210305214,0.164979875088,0.82607793808,0.418492794037,0.489954590797,0.323350042105,-0.693002998829
0.554179906845,0.164672747254,0.826091527939,0.418766885996,0.490125000477,0.322746038437,-0.692998468876
0.554126858711,0.164363265038,0.826086699963,0.418662875891,0.490274101496,0.321994900703,-0.693305134773
0.554137349129,0.16399230063,0.826210260391,0.419269800186,0.490199953318,0.322332084179,-0.692834019661
0.55400288105,0.163668617606,0.826241493225,0.41918104887,0.489638984203,0.321440368891,-0.693698227406
0.553926467896,0.163433492184,0.826301693916,0.419201284647,0.489818662405,0.320743083954,-0.693881750107
0.553848326206,0.163233801723,0.826353907585,0.419149667025,0.489762097597,0.320343285799,-0.694137513638
0.553763926029,0.163062721491,0.826398849487,0.419174015522,0.489855974913,0.319905340672,-0.694258570671
0.553653717041,0.162913680077,0.826442062855,0.419228434563,0.489856421947,0.319478392601,-0.694421947002
0.553550541401,0.162797629833,0.826489925385,0.419746667147,0.489933699369,0.31885010004,-0.694343209267
0.553430557251,0.162687376142,0.826522231102,0.419827640057,0.489725738764,0.318755090237,-0.694484531879
0.55392062664,0.161743432283,0.827359378338,0.423859715462,0.488595306873,0.325142264366,-0.689855158329
0.553785085678,0.161672726274,0.827409267426,0.423867166042,0.488272339106,0.325197339058,-0.690053284168
0.553662598133,0.161626517773,0.827480435371,0.424176633358,0.488007873297,0.325054883957,-0.690117299557
0.553514182568,0.161575108767,0.8275167346,0.424138128757,0.487673699856,0.324983298779,-0.690410852432
0.553322792053,0.16156822443,0.827680826187,0.423990309238,0.487768828869,0.324990659952,-0.690430939198
0.553179144859,0.161591917276,0.827753245831,0.424385428429,0.487562447786,0.324521034956,-0.690554857254
0.553048551083,0.161629229784,0.827821433544,0.424554586411,0.487437039614,0.324565976858,-0.690518319607
0.552205920219,0.162570595741,0.827123761177,0.420676529408,0.488753288984,0.317583799362,-0.695191979408
0.552084386349,0.16264949739,0.827178776264,0.420736938715,0.488654494286,0.31769657135,-0.695173382759
0.55257332325,0.161934897304,0.827980518341,0.424490779638,0.487448215485,0.324387788773,-0.69063347578
0.55243396759,0.16206087172,0.82804530859,0.424571216106,0.487409085035,0.324446350336,-0.69058406353
0.552296817303,0.162233904004,0.828095436096,0.424887269735,0.487311154604,0.324589371681,-0.690391600132
0.552184998989,0.162376359105,0.828140258789,0.424753695726,0.487106621265,0.324716210365,-0.690558493137
0.552114129066,0.162560120225,0.828215003014,0.425008714199,0.486718207598,0.324914067984,-0.690582215786
0.551912248135,0.163096055388,0.828312218189,0.421998202801,0.487848430872,0.323075264692,-0.692491054535
0.551820397377,0.162909418344,0.828276991844,0.424807697535,0.485790014267,0.325620144606,-0.691026866436
0.551713705063,0.163059234619,0.828298568726,0.424597561359,0.485408306122,0.325863569975,-0.691309392452
0.550948143005,0.164135456085,0.827479839325,0.420474618673,0.486219376326,0.318719536066,-0.696569979191
0.550856351852,0.164327383041,0.827496409416,0.420372366905,0.486073642969,0.318907797337,-0.69664734602
0.551441073418,0.163607642055,0.82836663723,0.423907637596,0.484802186489,0.326785385609,-0.691722869873
0.550651371479,0.164702415466,0.827565789223,0.419385045767,0.485769122839,0.319849252701,-0.6970230937
0.551247954369,0.164115101099,0.828388035297,0.422705441713,0.484831750393,0.326593399048,-0.692528069019
0.551053643227,0.164731293917,0.828431129456,0.419639289379,0.486298620701,0.324728816748,-0.694238901138
0.551026284695,0.164944171906,0.828440070152,0.419536590576,0.486228942871,0.324961990118,-0.694240629673
0.55099606514,0.165207415819,0.828429937363,0.419691950083,0.486191958189,0.325332194567,-0.693999409676
0.551073253155,0.165115088224,0.828397154808,0.422264784575,0.484824389219,0.327290147543,-0.692473173141
0.551055788994,0.16529455781,0.828403949738,0.422168731689,0.48458263278,0.32767495513,-0.692519009113
0.551069617271,0.165517002344,0.828399598598,0.422366201878,0.484362781048,0.328068822622,-0.692365825176
0.551078259945,0.165692791343,0.828403830528,0.422418236732,0.484058201313,0.328548818827,-0.692319452763
0.55108076334,0.165859609842,0.828369617462,0.421781688929,0.483610272408,0.329665899277,-0.692489564419
0.551100313663,0.166004061699,0.828340232372,0.421589493752,0.483356714249,0.330062001944,-0.692594885826
0.55115121603,0.166222587228,0.828335881233,0.421383976936,0.483374625444,0.330244839191,-0.692620396614
0.551170647144,0.166371881962,0.828298807144,0.421107113361,0.483265608549,0.330525547266,-0.69273096323
0.551240265369,0.166499167681,0.828193902969,0.421561449766,0.482764780521,0.330621093512,-0.692758202553
0.551204621792,0.167025357485,0.82813847065,0.418606638908,0.484072029591,0.328625351191,-0.694584965706
0.5512611866,0.167198881507,0.828061401844,0.418730378151,0.484159827232,0.328666388988,-0.69442987442
0.551317572594,0.167297512293,0.828022658825,0.41835385561,0.484145462513,0.328857928514,-0.694575846195
0.551350414753,0.167401343584,0.828006267548,0.417795687914,0.484477937222,0.329048395157,-0.694589912891
0.551396787167,0.16746480763,0.82794213295,0.417595297098,0.484464049339,0.329241216183,-0.694628715515
0.55160599947,0.16718968749,0.82778441906,0.420516580343,0.482914924622,0.330944359303,-0.693134069443
0.551753938198,0.167192474008,0.827764511108,0.420681744814,0.482989698648,0.331402003765,-0.692762970924
0.551129937172,0.168082162738,0.826885223389,0.416647166014,0.484257042408,0.324519634247,-0.697558104992
0.551227986813,0.168104767799,0.826831817627,0.416634351015,0.484356969595,0.32467725873,-0.697423040867
0.551309943199,0.168096616864,0.826751589775,0.416350275278,0.484613597393,0.324801325798,-0.697356581688
0.551386773586,0.168073818088,0.826687455177,0.416133582592,0.484846055508,0.324882179499,-0.697286784649
0.552148640156,0.167168557644,0.827396094799,0.419725239277,0.483828306198,0.331894546747,-0.692522168159
0.552226006985,0.167121127248,0.827333033085,0.419504880905,0.484071582556,0.331920176744,-0.69247341156
0.55229473114,0.167055159807,0.827246546745,0.419264823198,0.48436614871,0.33197081089,-0.692388534546
0.551715552807,0.167842954397,0.826401591301,0.415165543556,0.486516445875,0.324949145317,-0.696668803692
0.552375972271,0.167245447636,0.827183246613,0.416111856699,0.487045258284,0.33007568121,-0.69331663847
0.552439808846,0.167142271996,0.827096283436,0.415859878063,0.487233370543,0.330073237419,-0.693336844444
0.552509486675,0.167032673955,0.827028870583,0.415788203478,0.487568706274,0.329947918653,-0.693203628063
0.552563607693,0.166926160455,0.826955020428,0.41584444046,0.487761110067,0.329873651266,-0.693069934845
0.552766978741,0.166406407952,0.826742768288,0.418545365334,0.486153274775,0.33148124814,-0.69180560112
0.552813470364,0.166262239218,0.826671421528,0.418456166983,0.486340850592,0.331417769194,-0.691758155823
0.552242040634,0.166881680489,0.825876951218,0.415041595697,0.487473875284,0.324955135584,-0.696070313454
0.552293896675,0.166714757681,0.825746297836,0.415387868881,0.487270355225,0.324537336826,-0.696201264858
0.552261769772,0.166560158134,0.825622200966,0.415672242641,0.487362653017,0.323951363564,-0.696239769459
0.55226880312,0.166394203901,0.825564026833,0.415671229362,0.487442791462,0.323747962713,-0.696278870106
0.552266597748,0.166240870953,0.825514435768,0.415899753571,0.487674117088,0.323349654675,-0.696165502071
0.552234351635,0.166065454483,0.825480818748,0.416012704372,0.487948924303,0.323066204786,-0.696037054062
0.552241444588,0.165823563933,0.825559258461,0.416326910257,0.488532572985,0.323543608189,-0.695217490196
0.552248597145,0.165652677417,0.825537800789,0.416400551796,0.489025354385,0.322775751352,-0.695183992386
0.552263081074,0.165447294712,0.825476825237,0.41713103652,0.489250361919,0.322627991438,-0.694656074047
0.552228331566,0.165205866098,0.825437903404,0.416694432497,0.489374399185,0.322344571352,-0.694962263107
0.552164673805,0.165035128593,0.825379490852,0.416904717684,0.489724636078,0.321891635656,-0.694799304008
0.552072644234,0.164833784103,0.825301110744,0.416731864214,0.489843815565,0.321351706982,-0.695068895817
0.551960468292,0.164640069008,0.825213313103,0.417087733746,0.489611327648,0.320477068424,-0.695422947407
0.551878929138,0.164488792419,0.825191378593,0.417361527681,0.489884674549,0.320010989904,-0.695280730724
0.551795840263,0.164308637381,0.825157284737,0.417241215706,0.48995450139,0.319562792778,-0.695509970188
0.551700592041,0.16414360702,0.82513999939,0.417539000511,0.489885807037,0.319158345461,-0.695565462112
0.551618754864,0.163981243968,0.825136899948,0.417832612991,0.489992797375,0.318766623735,-0.695493280888
0.552131533623,0.162962466478,0.825915455818,0.421712577343,0.48881071806,0.325397342443,-0.690897464752
0.552034318447,0.162727400661,0.825850605965,0.421321451664,0.488465517759,0.325257778168,-0.691445767879
0.551913321018,0.162557825446,0.82585811615,0.421416223049,0.488290399313,0.32494699955,-0.691657721996
0.551785171032,0.162429362535,0.82590508461,0.421296685934,0.4885443151,0.324918776751,-0.691564559937
0.551663815975,0.16227710247,0.825909256935,0.42188462615,0.488440603018,0.324880927801,-0.691297054291
0.551556587219,0.162145376205,0.825942754745,0.421801835299,0.488312333822,0.324707061052,-0.691519916058
0.551408112049,0.162060111761,0.825980246067,0.422391444445,0.48834836483,0.324373155832,-0.691291093826
0.551293849945,0.161969006062,0.826007843018,0.422440618277,0.488356530666,0.324197083712,-0.691337943077
0.551182329655,0.161893576384,0.826054930687,0.422627806664,0.48828676343,0.324062913656,-0.69133579731
0.551032006741,0.161804094911,0.826090276241,0.422732025385,0.488325536251,0.323947787285,-0.691298604012
0.550909221172,0.161749094725,0.826118171215,0.422876089811,0.488227307796,0.323755770922,-0.691369831562
0.550809264183,0.161718562245,0.82616686821,0.423518896103,0.488293021917,0.322874218225,-0.691342115402
0.550563335419,0.162075772882,0.826220154762,0.420626848936,0.489676684141,0.320655733347,-0.693159401417
0.550459325314,0.162155613303,0.826292872429,0.421945869923,0.489903360605,0.320371627808,-0.692328333855
0.550451636314,0.161733448505,0.826311707497,0.424831688404,0.488365292549,0.322584807873,-0.690620362759
0.550253510475,0.162169918418,0.826324820518,0.422220975161,0.489756166935,0.320143431425,-0.692370295525
0.550169348717,0.162168160081,0.826328098774,0.422075301409,0.489428192377,0.320107251406,-0.692707717419
0.550078451633,0.162242084742,0.826349079609,0.422589331865,0.489384621382,0.320003122091,-0.692473053932
0.55000436306,0.162311136723,0.826364517212,0.422877967358,0.489208966494,0.31995755434,-0.692442059517
0.549927830696,0.162352010608,0.826345205307,0.422528147697,0.488491356373,0.320644378662,-0.692844450474
0.549871861935,0.162441045046,0.826316535473,0.422682970762,0.488297790289,0.320557892323,-0.692926466465
0.549817740917,0.162522822618,0.826297223568,0.422692865133,0.488135576248,0.32068285346,-0.692976891994
0.549875199795,0.162280827761,0.826214790344,0.425718903542,0.486501455307,0.322427898645,-0.691462278366
0.549848020077,0.162383690476,0.826194882393,0.425749003887,0.486456304789,0.322519272566,-0.691432833672
0.549821853638,0.162502855062,0.826182484627,0.425912827253,0.486306428909,0.322698920965,-0.691353738308
0.549813628197,0.162628009915,0.826151013374,0.425932258368,0.486292868853,0.322941362858,-0.691237926483
0.549113094807,0.16363966465,0.825323939323,0.421951562166,0.487383008003,0.31602782011,-0.696089863777
0.547863483429,0.16513453424,0.825597524643,0.440618634224,0.492373108864,0.314758956432,-0.681432962418
0.547947108746,0.165257066488,0.825528025627,0.439750790596,0.49231210351,0.315327435732,-0.681774735451
0.548097372055,0.165366277099,0.825472950935,0.438548982143,0.492049634457,0.31563782692,-0.682594239712
0.548260867596,0.165466427803,0.825407862663,0.437559187412,0.491966247559,0.316002845764,-0.683120429516
0.550645828247,0.16404157877,0.825444698334,0.425435274839,0.486475080252,0.324456423521,-0.690706074238
0.5500690341,0.165046572685,0.824623405933,0.42120090127,0.48757520318,0.317772477865,-0.695615410805
0.550741732121,0.164391547441,0.825372934341,0.424678057432,0.486752957106,0.324881434441,-0.690776467323
0.550693690777,0.164956226945,0.825297474861,0.421439528465,0.487993776798,0.322801470757,-0.692856550217
0.550652146339,0.165288031101,0.825160384178,0.423423647881,0.488469034433,0.322770237923,-0.691324651241
0.550843954086,0.165076076984,0.825003147125,0.425894171,0.487030804157,0.324713021517,-0.689910650253
0.550272345543,0.166026249528,0.824157476425,0.421321868896,0.48817679286,0.318176090717,-0.694935560226
0.549559116364,0.166314810514,0.823927402496,0.422518223524,0.488140255213,0.314748734236,-0.695795178413
0.549688339233,0.166433304548,0.823849022388,0.422270923853,0.48794978857,0.315033376217,-0.695949912071
0.550494015217,0.16676966846,0.823315858841,0.420016616583,0.487378686666,0.315521597862,-0.697491407394
0.550727128983,0.166896104813,0.823172867298,0.420577257872,0.486940950155,0.315620988607,-0.697414278984
0.550887703896,0.167040988803,0.823084771633,0.420363545418,0.486950904131,0.315847069025,-0.697433948517
0.551065206528,0.16716684401,0.823020637035,0.420283347368,0.487464815378,0.316381752491,-0.696880638599
0.551463484764,0.166911274195,0.823512196541,0.420509070158,0.487890273333,0.320511251688,-0.69455575943
0.551591098309,0.167009964585,0.823439240456,0.420399993658,0.488029420376,0.32073906064,-0.69441896677
0.552342236042,0.166280984879,0.824127078056,0.424046278,0.487077653408,0.327641904354,-0.689630925655
0.552492022514,0.166359424591,0.824049472809,0.423786610365,0.487140327692,0.327763497829,-0.689688682556
0.552630782127,0.166447386146,0.823946833611,0.423388719559,0.487131118774,0.328087061644,-0.689785599709
0.552756130695,0.166501998901,0.823872387409,0.423136591911,0.487373620272,0.328171223402,-0.689729094505
0.552900791168,0.166535019875,0.823771595955,0.422625213861,0.487618267536,0.328335791826,-0.689791202545
0.55302208662,0.166575431824,0.823709368706,0.422493338585,0.48792591691,0.328393876553,-0.68962675333
0.552569150925,0.166047543287,0.824243247509,0.421167343855,0.487941265106,0.328537464142,-0.69035834074
0.552685976028,0.166045427322,0.824128746986,0.420781880617,0.488148957491,0.328582853079,-0.690424978733
0.552835345268,0.166048258543,0.823995113373,0.421135127544,0.488053739071,0.328486800194,-0.690322577953
0.552958190441,0.166044816375,0.823923945427,0.421095699072,0.48832026124,0.328498333693,-0.690152704716
0.553070902824,0.166019871831,0.823832392693,0.420778691769,0.488363176584,0.328560560942,-0.690285980701
0.552582681179,0.166790410876,0.823009967804,0.416991174221,0.489593476057,0.322071313858,-0.694756686687
0.55329477787,0.167369425297,0.822341442108,0.418264657259,0.4898609519,0.322075933218,-0.693799674511
0.553355038166,0.167363524437,0.822294712067,0.418544590473,0.490124076605,0.322107106447,-0.693430662155
0.553433418274,0.167358249426,0.822251498699,0.418912738562,0.490222752094,0.322159767151,-0.693113923073
0.55348443985,0.167354851961,0.822232961655,0.419465392828,0.490547001362,0.321991324425,-0.692628443241
0.553553938866,0.167343258858,0.822221398354,0.419931322336,0.490732699633,0.322092950344,-0.692167103291
0.553745388985,0.167077153921,0.822214007378,0.417340904474,0.489963710308,0.322281002998,-0.694188117981
0.55384105444,0.16699129343,0.822170495987,0.416930258274,0.489877432585,0.322372674942,-0.694453120232
0.553850889206,0.166932567954,0.822177946568,0.417227625847,0.490101218224,0.322277069092,-0.694160938263
0.553901731968,0.166852429509,0.822190880775,0.417270421982,0.490060180426,0.322229623795,-0.694186151028
0.553921818733,0.166769012809,0.822194814682,0.417372494936,0.490062206984,0.322059094906,-0.69420260191
0.553951859474,0.166685074568,0.822241663933,0.417560100555,0.490089893341,0.321901530027,-0.694143295288
0.554629743099,0.165769517422,0.823013544083,0.421739637852,0.488798767328,0.328366696835,-0.689483106136
0.553848266602,0.165122181177,0.823615550995,0.421204000711,0.488633483648,0.328197479248,-0.690007925034
0.553832650185,0.16496360302,0.823690593243,0.420923739672,0.488505125046,0.328051567078,-0.69033908844
0.553816139698,0.164867416024,0.823809981346,0.421294122934,0.488570690155,0.327930152416,-0.690124571323
0.553710520267,0.165135219693,0.823995351791,0.419001072645,0.489984571934,0.326027840376,-0.691418290138
0.55379742384,0.16466717422,0.824113607407,0.422355771065,0.488717794418,0.328019380569,-0.689328491688
0.553761601448,0.164563074708,0.824218153954,0.422384053469,0.488586872816,0.327809393406,-0.689503908157
0.553729534149,0.16451767087,0.824353337288,0.422861278057,0.488669991493,0.327484369278,-0.689306914806
0.55366641283,0.164473697543,0.824467778206,0.423150569201,0.488725543022,0.327160298824,-0.689243853092
0.553624033928,0.164491474628,0.824641466141,0.424171090126,0.488905251026,0.326811611652,-0.688654363155
0.55356657505,0.164486587048,0.824773430824,0.424569249153,0.488947480917,0.326525062323,-0.688514888287
0.553531765938,0.164458677173,0.824929833412,0.425080269575,0.489108651876,0.325536102057,-0.688553333282
0.553449571133,0.164477571845,0.825096547604,0.424918889999,0.489252716303,0.325329780579,-0.688648104668
0.553381085396,0.164482697845,0.825218677521,0.424817681313,0.489166408777,0.325057566166,-0.688900411129
0.553312122822,0.164473354816,0.825388431549,0.424564957619,0.489118397236,0.324910610914,-0.689159572124
0.553211629391,0.164518401027,0.82550239563,0.424231648445,0.488574624062,0.32521378994,-0.689607441425
0.553139209747,0.164591908455,0.825650572777,0.424282878637,0.488502860069,0.325043946505,-0.689706802368
0.552890598774,0.165070846677,0.825829029083,0.42153942585,0.489828050137,0.322638064623,-0.691576302052
0.552827656269,0.165152847767,0.825961887836,0.421497285366,0.489586085081,0.322643697262,-0.691770672798
0.552876472473,0.16491432488,0.826028466225,0.423601090908,0.487769216299,0.324415028095,-0.690940082073
0.552807271481,0.165056541562,0.826117217541,0.423804581165,0.487604826689,0.324489325285,-0.690896391869
0.55213290453,0.1660194695,0.825497031212,0.419851273298,0.488340765238,0.317850708961,-0.695858538151
0.552075266838,0.166167512536,0.825608730316,0.419535756111,0.488087296486,0.318013817072,-0.696152150631
0.552018284798,0.166342452168,0.825731933117,0.41942948103,0.487965941429,0.318135857582,-0.696245491505
0.551875591278,0.166511803865,0.825955629349,0.418396413326,0.488342255354,0.318821936846,-0.696289300919
0.551872849464,0.166721627116,0.826152205467,0.418132692575,0.488362014294,0.318998008966,-0.696353316307
0.551771700382,0.16689401865,0.826311469078,0.41797888279,0.48828330636,0.319497317076,-0.696271836758
0.552349686623,0.166367173195,0.827185153961,0.421806544065,0.487183690071,0.325924605131,-0.69174015522
0.552185952663,0.16700951755,0.827432274818,0.418712109327,0.488729089499,0.324345052242,-0.693270862103
0.552233397961,0.166954830289,0.82748067379,0.421957790852,0.487182468176,0.326207965612,-0.691515207291
0.551467955112,0.168108671904,0.826808929443,0.418259292841,0.488199353218,0.319300591946,-0.696252703667
0.551404714584,0.168372258544,0.826923429966,0.418162703514,0.487847417593,0.319519549608,-0.69645690918
0.55193567276,0.167802125216,0.827837467194,0.421311676502,0.48655757308,0.326597332954,-0.692164957523
0.551862537861,0.168121427298,0.827981710434,0.421151429415,0.486304610968,0.326761335135,-0.692362964153
0.551242351532,0.169204115868,0.827394485474,0.417720615864,0.487205862999,0.320649296045,-0.696652054787
0.551192045212,0.169471874833,0.827532112598,0.41724050045,0.486928671598,0.321093350649,-0.696929037571
0.55163538456,0.169024527073,0.828295230865,0.419812947512,0.485775977373,0.327515780926,-0.693189918995
0.551524937153,0.169347688556,0.828465282917,0.419338583946,0.486187785864,0.327819049358,-0.693045079708
0.551412165165,0.169692903757,0.828584671021,0.419840991497,0.486010104418,0.327877759933,-0.692837655544
0.551363289356,0.170041739941,0.828723728657,0.419767290354,0.48586204648,0.32790440321,-0.692973673344
0.551305115223,0.170349210501,0.82886993885,0.4195137918,0.485533356667,0.328055381775,-0.693285942078
0.551145851612,0.171062111855,0.829125881195,0.416764706373,0.486983776093,0.326576113701,-0.69462376833
0.551188588142,0.170968919992,0.829144179821,0.419303148985,0.485239028931,0.328565299511,-0.693377912045
0.55043643713,0.172111064196,0.828415513039,0.41495859623,0.486187279224,0.32213523984,-0.698326766491
0.550387144089,0.172418996692,0.828460693359,0.415075540543,0.486022591591,0.322402209044,-0.698248744011
0.550955235958,0.171856462955,0.829347133636,0.418032974005,0.484679102898,0.329556107521,-0.694065928459
0.550339102745,0.172928526998,0.828711032867,0.414073735476,0.485548853874,0.323491632938,-0.698669195175
0.550314664841,0.173158511519,0.828819274902,0.413729131222,0.484964638948,0.32406437397,-0.699013531208
0.550272405148,0.17342223227,0.828922748566,0.413764953613,0.48505499959,0.324445068836,-0.698752939701
0.550107955933,0.173796519637,0.828848183155,0.413051664829,0.484832495451,0.323874443769,-0.699593484402
0.550060391426,0.174044325948,0.828943252563,0.413308143616,0.48484608531,0.324090868235,-0.699332416058
0.549973905087,0.174282565713,0.829003691673,0.413334399462,0.484642446041,0.324438512325,-0.699296832085
0.549924194813,0.174521923065,0.8290797472,0.413875102997,0.484764635563,0.324567466974,-0.698832452297
0.550500392914,0.173918828368,0.829999685287,0.416580975056,0.484163999557,0.331486910582,-0.694378852844
0.550474882126,0.174101382494,0.830037117004,0.416279137135,0.483980208635,0.331310421228,-0.69477212429
0.550415754318,0.174246370792,0.830102801323,0.415852487087,0.484221190214,0.331076711416,-0.694971084595
0.550208508968,0.174681812525,0.830309689045,0.411591857672,0.486039698124,0.328792542219,-0.697318434715
0.550063192844,0.174730196595,0.830455780029,0.410459697247,0.486637175083,0.327660262585,-0.698101639748
0.549887537956,0.174413949251,0.830502271652,0.411307960749,0.486245036125,0.327416986227,-0.697989761829
0.549633741379,0.174276337028,0.83071231842,0.408790796995,0.487438797951,0.324951589108,-0.699785709381
0.549216508865,0.174056649208,0.831193864346,0.405477762222,0.48996847868,0.321297764778,-0.701631367207
0.548586606979,0.174161329865,0.831661880016,0.399893641472,0.494727194309,0.314975708723,-0.704358160496
0.548088133335,0.173288166523,0.832315564156,0.398938000202,0.497481048107,0.31200709939,-0.704281747341
0.547305047512,0.173175305128,0.832979738712,0.393682420254,0.502486586571,0.303320258856,-0.707473218441
0.545548737049,0.173328071833,0.832395851612,0.388316810131,0.505742907524,0.287839472294,-0.714550614357
0.544636785984,0.172486677766,0.833421468735,0.385555565357,0.510395228863,0.280920177698,-0.715491056442
0.54354673624,0.171462222934,0.834574580193,0.382795959711,0.514871895313,0.27307459712,-0.716801643372
0.542783498764,0.169901072979,0.836398839951,0.381632655859,0.518727004528,0.269484490156,-0.71600073576
0.542147397995,0.167897760868,0.838681697845,0.381833195686,0.523269176483,0.267560273409,-0.713305294514
0.54106092453,0.166035473347,0.840329051018,0.384569823742,0.525550782681,0.261292725801,-0.712480545044
0.539891958237,0.164068683982,0.842330574989,0.38601782918,0.528331100941,0.254466414452,-0.712112009525
0.538664877415,0.162574052811,0.844479084015,0.384522169828,0.535476744175,0.242693766952,-0.711693108082
0.537386655807,0.16055354476,0.84666788578,0.38746291399,0.537390947342,0.233556956053,-0.711712479591
0.5361353755,0.15833812952,0.849036455154,0.391560316086,0.538884699345,0.224412038922,-0.711282730103
0.534269034863,0.155695199966,0.851911842823,0.396893471479,0.535135686398,0.209013804793,-0.715834200382
0.532992660999,0.153581053019,0.853326022625,0.404990553856,0.531704545021,0.19161888957,-0.718717634678
0.531622886658,0.151036307216,0.856041550636,0.409940242767,0.531553447247,0.181814596057,-0.718570411205
0.529375910759,0.148528978229,0.859593033791,0.407897621393,0.534231126308,0.172371119261,-0.720072925091
0.529167294502,0.146159052849,0.862889587879,0.416891008615,0.531276524067,0.161869332194,-0.719545245171
0.527039885521,0.14326518774,0.866285085678,0.420346409082,0.530882418156,0.151384979486,-0.720107853413
0.524763822556,0.139547348022,0.870948731899,0.420064300299,0.533510506153,0.150196135044,-0.718577682972
0.522917032242,0.136539071798,0.874597251415,0.426644235849,0.531649231911,0.141018971801,-0.717939734459
0.520933866501,0.133717924356,0.878168582916,0.432573437691,0.530848026276,0.130957871675,-0.716889500618
0.518665194511,0.130027025938,0.882043063641,0.43602335453,0.527384757996,0.122347325087,-0.718874156475
0.517063260078,0.127355873585,0.884171783924,0.449729263783,0.517826735973,0.104884937406,-0.72013759613
0.514170050621,0.123261712492,0.889676690102,0.449891239405,0.518947124481,0.104613371193,-0.719268918037
0.512380361557,0.121148586273,0.892140507698,0.461549013853,0.512059748173,0.086458362639,-0.719230413437
0.510026991367,0.117607459426,0.896169900894,0.468661367893,0.506783366203,0.0786155164242,-0.719268202782
0.507173061371,0.113707840443,0.900553882122,0.473442077637,0.500216543674,0.0691680237651,-0.721700668335
0.504712879658,0.110204696655,0.904806494713,0.47900184989,0.492345273495,0.0614331029356,-0.72414046526
0.50197416544,0.106946155429,0.909031867981,0.487996697426,0.486967384815,0.0524306893349,-0.722477078438
0.498317778111,0.10212238133,0.911829352379,0.50223171711,0.470574051142,0.0376374050975,-0.72450453043
0.495880275965,0.0987867116928,0.916146278381,0.51237398386,0.461049169302,0.0306185018271,-0.723857104778
0.49293410778,0.0949166715145,0.920565843582,0.523481011391,0.452972143888,0.022899903357,-0.721290171146
0.490538567305,0.0904998257756,0.924595832825,0.534638464451,0.437188178301,0.017945934087,-0.722984194756
0.487666159868,0.0867726802826,0.929390728474,0.548845410347,0.426146328449,0.0119713079184,-0.719044327736
0.484880954027,0.0827391892672,0.934259235859,0.562377512455,0.414855748415,0.00726414332166,-0.715243637562
0.481221944094,0.0811591297388,0.941506206989,0.551852881908,0.415260702372,0.00702859181911,-0.723164916039
0.478232562542,0.0779546350241,0.946228921413,0.560404479504,0.400333106518,0.0100619615987,-0.724968194962
0.476348102093,0.0679098516703,0.954453587532,0.617073476315,0.395985484123,0.0316075272858,-0.679276645184
0.47332495451,0.067016556859,0.958294570446,0.616370677948,0.382199525833,0.0270705074072,-0.687952041626
0.469622820616,0.0598018169403,0.965724468231,0.649350762367,0.374076902866,0.0305241625756,-0.661421537399
0.466662913561,0.0582926571369,0.969912350178,0.653573036194,0.359263032675,0.0305076558143,-0.665463447571
0.461992263794,0.0554619878531,0.975015640259,-0.662089645863,-0.35206875205,-0.0121256299317,0.661466479301
0.459495395422,0.0495871454477,0.982121050358,-0.689749956131,-0.335562348366,-0.033933840692,0.640696167946
0.455122947693,0.0460189431906,0.988114953041,-0.70424592495,-0.327280163765,-0.0203677676618,0.62969070673
0.451192498207,0.0389209240675,0.996659636497,-0.730057895184,-0.304113179445,-0.0472959466279,0.610158860683
0.450237035751,0.0351747125387,1.00301766396,-0.754397749901,-0.300203204155,-0.0494487546384,0.581650257111
0.445802867413,0.0277062803507,1.01200091839,-0.778833985329,-0.281909137964,-0.0655534639955,0.556459844112
0.446785330772,0.0489279776812,1.01672649384,0.638479053974,0.318218976259,0.0158432181925,-0.700592756271
0.434330105782,0.0426176786423,1.0205821991,0.659186780453,0.299339205027,0.0131473233923,-0.689707219601
0.430018365383,0.0377866923809,1.02704513073,-0.684374272823,-0.286577492952,-0.0151298418641,0.670280814171
0.426827192307,0.0310445725918,1.03498876095,-0.707993328571,-0.269374638796,-0.0310193430632,0.652089357376
0.423594295979,0.0282780230045,1.04134082794,-0.729212760925,-0.263142704964,-0.0263601560146,0.63111782074
0.4193328619,0.0247728973627,1.04771971703,-0.745826005936,-0.250346928835,-0.0254917945713,0.61678224802
0.415328264236,0.0208196341991,1.05488359928,-0.762743294239,-0.237872838974,-0.0269698835909,0.600759387016
0.410658419132,0.0162215232849,1.06265687943,-0.781538128853,-0.224284246564,-0.0324536934495,0.581241369247
0.407341867685,0.0125438570976,1.07009577751,-0.795090854168,-0.212107777596,-0.0351715572178,0.567101120949
0.402813524008,0.00707851350307,1.07884931564,-0.807999551296,-0.195397511125,-0.0476805791259,0.553789675236
0.395415365696,0.013466835022,1.0774679184,-0.764256417751,-0.177449211478,-0.00160601199605,0.62001734972
0.390271782875,0.0113718658686,1.08400571346,-0.7713509202,-0.170825347304,0.00235935882665,0.613050639629
0.386267602444,0.00984232127666,1.09043121338,-0.773412823677,-0.16207806766,0.00493405899033,0.61281234026
0.381864130497,0.00830841064453,1.09672808647,-0.779072225094,-0.156672105193,0.01031675376,0.606954574585
0.377476662397,0.00697965919971,1.10142850876,-0.779556512833,-0.144083783031,0.023652870208,0.609074652195
0.372530311346,0.00490362942219,1.10776138306,-0.777470707893,-0.134367227554,0.0214777179062,0.614022195339
0.368220329285,0.0034567117691,1.11371767521,-0.78024148941,-0.130470752716,0.0239408891648,0.611250698566
0.364046990871,0.0021633207798,1.11952352524,-0.782061636448,-0.125322282314,0.0255568511784,0.609935104847
0.35990935564,0.00186736881733,1.12463092804,-0.788814306259,-0.125002369285,0.034719709307,0.600783646107
0.361742794514,-0.00524441897869,1.13910102844,-0.838748395443,-0.154213428497,-0.00860780198127,0.522154569626
0.357689648867,-0.00886750221252,1.14580047131,-0.846587598324,-0.145699501038,-0.0186415724456,0.511579573154
0.354682534933,-0.00932611525059,1.15110528469,-0.862710475922,-0.150803849101,-0.00854015909135,0.482613563538
0.349935054779,-0.0110544264317,1.15567195415,-0.869292497635,-0.143686041236,-0.00634725904092,0.472910821438
0.338689446449,-0.00243718922138,1.1479498148,-0.798148751259,-0.111276507378,0.0428751260042,0.590540349483
0.340495824814,-0.00826860964298,1.16001665592,-0.841489434242,-0.138931035995,0.00227949908003,0.522100150585
0.330332875252,-0.00388710200787,1.15561163425,-0.80107486248,-0.104333773255,0.0396774634719,0.588063955307
0.326263695955,-0.00445766746998,1.15890288353,-0.802652716637,-0.0992775335908,0.0378729514778,0.58690571785
0.328674554825,-0.00990799069405,1.1706507206,-0.845098435879,-0.128809645772,-0.00554900430143,0.518831431866
0.325294524431,-0.0112863183022,1.17444837093,-0.85236543417,-0.121406488121,-0.0106564452872,0.508546829224
0.320949524641,-0.0128737092018,1.17790865898,-0.860081613064,-0.117570444942,-0.0162689182907,0.496157497168
0.317278504372,-0.0138223469257,1.18079221249,-0.865087866783,-0.108337253332,-0.0172705128789,0.489477068186
0.313346743584,-0.0149359405041,1.18365323544,-0.871360659599,-0.102415673435,-0.0203767064959,0.479402273893
0.309469252825,-0.0160484910011,1.18620860577,-0.876159906387,-0.0950564816594,-0.0246813520789,0.471909970045
0.305221736431,-0.0171905905008,1.18873465061,-0.882385313511,-0.0917449891567,-0.0294109396636,0.460558444262
0.301813066006,-0.0178488194942,1.19071614742,-0.885350227356,-0.0822093561292,-0.0340060703456,0.456333428621
0.294101059437,-0.00900311768055,1.18232321739,-0.823886096478,-0.0628075301647,-0.0068811327219,0.563222587109
0.290403187275,-0.00862176716328,1.18376541138,-0.823081314564,-0.0699091926217,0.000176506087882,0.563604176044
0.287269473076,-0.00868283212185,1.18481910229,-0.82343685627,-0.0650548934937,-0.00782535877079,0.563612043858
0.284325957298,-0.00841239094734,1.18581724167,-0.824803888798,-0.0585528984666,-0.0135087296367,0.562216579914
0.294014662504,0.00569237023592,1.17972195148,-0.73146623373,-0.101686961949,-0.0198273770511,0.673961281776
0.278637468815,-0.0079897493124,1.18675971031,-0.824569404125,-0.0529649071395,-0.0266198068857,0.56264680624
0.276048183441,-0.00757651031017,1.18736326694,-0.825300753117,-0.0451721027493,-0.0328004471958,0.561927378178
0.273794829845,-0.00700323283672,1.18762981892,-0.823201775551,-0.038668397814,-0.0387944616377,0.565100371838
0.271640717983,-0.00693219900131,1.18805956841,-0.823942005634,-0.0317743644118,-0.0450871549547,0.563983261585
0.269479095936,-0.00750164687634,1.1893529892,-0.819151461124,-0.0322436727583,-0.065596871078,0.568900823593
0.267825841904,-0.00465562939644,1.18825948238,-0.820091307163,-0.0309859775007,-0.0540704019368,0.568829059601
0.266171276569,-0.00537148118019,1.189037323,-0.808303892612,-0.00704185431823,-0.0660154893994,0.58501046896
0.265711247921,-0.00335399806499,1.18855786324,-0.817188978195,-0.02155495435,-0.0521426387131,0.573601603508
0.263938724995,-0.00242817401886,1.18906259537,-0.817081868649,-0.0250647831708,-0.065164424479,0.572278320789
0.2626118958,-0.00235989689827,1.19041478634,-0.809038758278,-0.0218645837158,-0.0748918503523,0.582554399967
0.261921137571,-0.00197291374207,1.1908454895,-0.806638062,-0.0200236365199,-0.0805926024914,0.585182964802
0.261473894119,-0.0016605257988,1.19108569622,-0.803958058357,-0.0170938204974,-0.0840623155236,0.588466584682
0.261445641518,-0.00123950839043,1.19157195091,-0.801052451134,0.00560656189919,-0.0783754214644,0.593414485455
0.261395663023,-0.000573970377445,1.19180369377,-0.800241291523,0.0138310249895,-0.0773976743221,0.594501674175
0.261249959469,-0.000154390931129,1.1918721199,-0.797559857368,0.016990441829,-0.0797152295709,0.597708165646
0.259974956512,0.00123354047537,1.19038748741,-0.78988802433,0.0275209881365,-0.0714404582977,0.608453452587
0.259815633297,0.00219587236643,1.19003117085,-0.785548329353,0.0321322977543,-0.0701265186071,0.613973557949
0.259912788868,0.00274976342916,1.1902487278,-0.784480750561,0.034784656018,-0.0705826729536,0.615140676498
0.260298728943,0.00357582420111,1.19099986553,-0.786568760872,0.0340880379081,-0.0697813853621,0.612599372864
0.260632991791,0.00484403967857,1.19125127792,-0.789651155472,0.0332712866366,-0.0653588026762,0.609156966209
0.260609060526,0.00537452101707,1.19143819809,-0.787447094917,0.0331560149789,-0.0710000395775,0.61138099432
0.26085293293,0.00630529969931,1.19162631035,-0.78745085001,0.032745026052,-0.0716201812029,0.611326217651
0.261031329632,0.00726687163115,1.19162237644,-0.788132309914,0.0327956266701,-0.0708066299558,0.610539317131
0.261218905449,0.00806633383036,1.1916384697,-0.788763284683,0.0333159901202,-0.0692138448358,0.609878599644
0.261360704899,0.00866213440895,1.19158422947,-0.787900209427,0.0338897071779,-0.0724738463759,0.610583662987
0.262941658497,0.00805243849754,1.19359743595,-0.798607707024,0.0228153225034,-0.0778649225831,0.596357524395
0.261871188879,0.0109979584813,1.19112670422,-0.791676998138,0.0321592278779,-0.064378105104,0.606686711311
0.262504518032,0.0116489902139,1.19128036499,-0.788712263107,0.0315158963203,-0.0684615820646,0.610125184059
0.26256775856,0.0126409232616,1.1907030344,-0.791689634323,0.0332783833146,-0.0622449144721,0.606832325459
0.264230906963,0.0116765201092,1.19278156757,-0.799301564693,0.0245258975774,-0.0708668455482,0.596232712269
0.263406634331,0.0138510391116,1.19071507454,-0.789765357971,0.0354099348187,-0.0634747073054,0.609087705612
0.265202045441,0.0130987614393,1.1925239563,-0.797759354115,0.0268239472061,-0.0698413774371,0.59831649065
0.26440423727,0.0153382718563,1.19065368176,-0.78805565834,0.038564927876,-0.0597828440368,0.611479461193
0.265169322491,0.0164739266038,1.19073545933,-0.78859770298,0.0369653403759,-0.058339163661,0.611018717289
0.265754371881,0.0172692239285,1.19069600105,-0.789871871471,0.036248229444,-0.0560206249356,0.609631180763
0.266407012939,0.0180224850774,1.19065976143,-0.788236260414,0.0427088476717,-0.0561933778226,0.611311614513
0.267108261585,0.019065566361,1.19065856934,-0.791737437248,0.0398058779538,-0.0505827777088,0.607460856438
0.267759203911,0.0194204226136,1.19084882736,-0.789058864117,0.0463310703635,-0.0545924529433,0.610130548477
0.268171310425,0.0197018012404,1.1907222271,-0.789167284966,0.0516151860356,-0.052917893976,0.609713673592
0.268838942051,0.0206772834063,1.19090199471,-0.790630936623,0.0530796460807,-0.0498880334198,0.607944369316
0.269895851612,0.0218119174242,1.19114947319,-0.788636267185,0.0538507811725,-0.0501400344074,0.610441625118
0.270709455013,0.0229884982109,1.19128763676,-0.79122620821,0.0536140650511,-0.0444147177041,0.607547521591
0.271399736404,0.0234914496541,1.19160676003,-0.789377748966,0.0575250647962,-0.0459513664246,0.609476983547
0.272188305855,0.0242664217949,1.1919273138,-0.790433585644,0.0574548654258,-0.0466258898377,0.608062267303
0.272691607475,0.0251163244247,1.19199717045,-0.789719223976,0.0501917004585,-0.0499810948968,0.609365582466
0.273830354214,0.0262913554907,1.19202721119,-0.789081990719,0.0607600770891,-0.0430283620954,0.609759390354
0.274713337421,0.0272462666035,1.19217300415,-0.788981199265,0.062955789268,-0.042001824826,0.609738588333
0.275568664074,0.0281844437122,1.19225871563,-0.788461089134,0.0653110668063,-0.0407600216568,0.610247790813
0.276625931263,0.0293079465628,1.19232833385,-0.789150297642,0.0656542032957,-0.0396958068013,0.609389603138
0.277764946222,0.0308187305927,1.19228470325,-0.79112559557,0.0665863528848,-0.0349217876792,0.607014834881
0.278510093689,0.0316960439086,1.19202840328,-0.788255810738,0.0699079781771,-0.0372541025281,0.610227644444
0.279439032078,0.032975487411,1.1917283535,-0.789411842823,0.0702892541885,-0.0358010567725,0.608774721622
0.280567705631,0.0343938469887,1.19142961502,-0.791687607765,0.0709199681878,-0.0326188839972,0.605918526649
0.281541407108,0.0356087908149,1.19106900692,-0.790076434612,0.0732844248414,-0.0341939218342,0.607650876045
0.282532960176,0.036935813725,1.19058310986,-0.789768815041,0.0754101499915,-0.0341439731419,0.607793331146
0.283702909946,0.0384626835585,1.19013357162,-0.792343318462,0.0754493325949,-0.0311014540493,0.604592502117
0.284764200449,0.040015399456,1.18953740597,-0.792296171188,0.0745997652411,-0.0325723551214,0.604682326317
0.28582161665,0.0411935970187,1.18915987015,-0.792001903057,0.0794302001595,-0.0326580256224,0.604447960854
0.286957681179,0.0425237119198,1.18874561787,-0.79296875,0.0810368210077,-0.0330195203424,0.602945566177
0.287777841091,0.0441129058599,1.18836021423,-0.794904589653,0.0666289031506,-0.038055639714,0.601863086224
0.289045095444,0.0457105413079,1.18800234795,-0.798888266087,0.0664087235928,-0.0350890532136,0.596771478653
0.290378421545,0.0472975149751,1.187458992,-0.798923552036,0.0681752562523,-0.0342433936894,0.596574306488
0.291891664267,0.0491033792496,1.18712711334,-0.798624455929,0.066854968667,-0.0339173898101,0.597142457962
0.293378353119,0.0506741181016,1.18675017357,-0.800016641617,0.0683916509151,-0.0327490344644,0.595166623592
0.294824719429,0.0517562106252,1.18656277657,-0.800117135048,0.0698296874762,-0.0349935777485,0.594736874104
0.296140313148,0.0533096194267,1.18568730354,-0.800765931606,0.0734087750316,-0.0339106209576,0.59349411726
0.297496855259,0.0544730722904,1.18545544147,-0.804036796093,0.0706528574228,-0.0340517833829,0.589384078979
0.299085617065,0.0557660982013,1.18491888046,-0.804813921452,0.0734003409743,-0.0347648561001,0.587944090366
0.300541996956,0.0567053407431,1.18466281891,-0.804830670357,0.0743422433734,-0.0383009761572,0.587582945824
0.302074164152,0.0584279894829,1.18387436867,-0.807886719704,0.0731334611773,-0.0342601723969,0.58377790451
0.303537786007,0.0597816482186,1.18325471878,-0.808364391327,0.0733574405313,-0.0349270440638,0.583048701286
0.305103182793,0.0609296932817,1.18270337582,-0.810202419758,0.0724932476878,-0.0347089581192,0.580613493919
0.306755959988,0.0619494020939,1.1819242239,-0.808740258217,0.0767207890749,-0.0339475348592,0.582151830196
0.307977706194,0.0632410943508,1.18127477169,-0.809326887131,0.0730889588594,-0.0366091616452,0.581642210484
0.309570789337,0.0645171627402,1.18051791191,-0.80944699049,0.0750578269362,-0.036108341068,0.581255853176
0.311332166195,0.0657914578915,1.17975950241,-0.812668800354,0.0712567940354,-0.0342552140355,0.57733720541
0.312558472157,0.0667128711939,1.17867970467,-0.811222374439,0.0733436122537,-0.0363444313407,0.578980207443
0.314014077187,0.0678899362683,1.1778267622,-0.811383426189,0.0731512233615,-0.0359334386885,0.57880449295
0.315469920635,0.0690198093653,1.17695939541,-0.811315774918,0.072803273797,-0.0352494232357,0.578985452652
0.316921889782,0.0704805329442,1.17627716064,-0.812805056572,0.0725688710809,-0.0311748683453,0.57715678215
0.318339943886,0.0714645981789,1.17535829544,-0.814972877502,0.0717642009258,-0.0292623657733,0.574293315411
0.31953150034,0.0724389404058,1.17450046539,-0.815430402756,0.0721543654799,-0.0295144841075,0.573581576347
0.320923030376,0.0735294371843,1.17396259308,-0.813734829426,0.0729914084077,-0.0301373973489,0.575846910477
0.322222441435,0.0744965225458,1.17334163189,-0.816902577877,0.0722163915634,-0.0271958801895,0.571590185165
0.323188304901,0.0752938315272,1.1726013422,-0.813764035702,0.0743173137307,-0.0306308101863,0.575609862804
0.32441675663,0.0765090659261,1.17196047306,-0.816462635994,0.0729834139347,-0.0268109254539,0.572139203548
0.325521886349,0.0773228183389,1.17145383358,-0.81570994854,0.0741144120693,-0.0281942430884,0.573000371456
0.326623618603,0.0781052187085,1.17107105255,-0.815816700459,0.0751434713602,-0.0280517023057,0.572721362114
0.327749282122,0.079435005784,1.17051970959,-0.8181027174,0.0738490000367,-0.0247375816107,0.569773733616
0.328682273626,0.0801815837622,1.17019081116,-0.817985892296,0.0745046883821,-0.0253105144948,0.569831073284
0.329934298992,0.0813915356994,1.16990816593,-0.820314526558,0.0734404250979,-0.0222185086459,0.566742241383
0.330810815096,0.082353644073,1.16935992241,-0.818036973476,0.0759286507964,-0.0223023332655,0.569695591927
0.33171248436,0.0829944089055,1.16926133633,-0.819618999958,0.0751883983612,-0.0243528243154,0.567431271076
0.332715988159,0.0840638577938,1.16902148724,-0.819630742073,0.0745616182685,-0.0238397102803,0.567518830299
0.333689689636,0.0852019190788,1.16871380806,-0.821643531322,0.0741447284818,-0.0200694594532,0.564802587032
0.334571361542,0.0863305479288,1.16838431358,-0.819535017014,0.0765254423022,-0.019064463675,0.567576348782
0.335316985846,0.0871054679155,1.1678814888,-0.819610059261,0.078371681273,-0.0187482386827,0.567226409912
0.336646795273,0.088177241385,1.16802752018,-0.819199025631,0.0783950984478,-0.0182099249214,0.567834019661
0.337312340736,0.08933365345,1.16796815395,-0.819839477539,0.0776346847415,-0.0190608110279,0.566985785961
0.338252484798,0.0908366590738,1.1675696373,-0.819311320782,0.077037319541,-0.0174252446741,0.56788277626
0.339116752148,0.0918298065662,1.16758215427,-0.819956660271,0.0775212422013,-0.0179811567068,0.566867053509
0.339977949858,0.0932934805751,1.16710293293,-0.820265471935,0.0776278525591,-0.0162305030972,0.566458404064
0.340884685516,0.0946255475283,1.16626811028,-0.818291008472,0.0851989015937,-0.0106221744791,0.568355798721
0.341756761074,0.0962909460068,1.16638243198,-0.820376336575,0.077785871923,-0.0133572742343,0.566351234913
0.343019068241,0.0977190062404,1.16602385044,-0.820047616959,0.0821362659335,-0.0106826424599,0.566269755363
0.343755960464,0.099469602108,1.16556191444,-0.820899546146,0.0781638771296,-0.0125850969926,0.565558135509
0.344492793083,0.100983411074,1.16472363472,-0.820439517498,0.0808608904481,-0.0117030050606,0.565865337849
0.345764577389,0.102613575757,1.16402065754,-0.820608437061,0.084626339376,-0.00806530471891,0.565132856369
0.346995174885,0.104548387229,1.16368210316,-0.821205914021,0.0817113667727,-0.00978621747345,0.564666748047
0.34773927927,0.106525175273,1.16307520866,-0.823759257793,0.0760384052992,-0.0134993288666,0.561655342579
0.349114984274,0.108220361173,1.16208314896,-0.823042631149,0.0811536163092,-0.00920107588172,0.562076866627
0.349938482046,0.109828181565,1.16088032722,-0.823872923851,0.0839843451977,-0.00822879001498,0.560457348824
0.351134389639,0.111577734351,1.15995657444,-0.824250340462,0.0844728127122,-0.00915580429137,0.559814214706
0.352552473545,0.113741278648,1.15931379795,-0.824223577976,0.0817971602082,-0.0112744439393,0.560212314129
0.353756248951,0.115634180605,1.15836119652,-0.824880599976,0.081497900188,-0.0115441931412,0.559282422066
0.354439854622,0.117643706501,1.15696489811,-0.826041936874,0.0793713480234,-0.0133160641417,0.557832956314
0.356367409229,0.119687475264,1.15608263016,-0.824672877789,0.0816583484411,-0.0116741824895,0.559562623501
0.357450127602,0.121431604028,1.15456044674,-0.825071394444,0.0849891752005,-0.0103875650093,0.558503389359
0.359282910824,0.124121971428,1.15375375748,-0.825255870819,0.0808338746428,-0.0104091651738,0.558847486973
0.360668301582,0.126228511333,1.15251541138,-0.825214505196,0.0813827067614,-0.011078950949,0.558815717697
0.36190032959,0.12812808156,1.15088689327,-0.825590968132,0.0837250873446,-0.0104108471423,0.557925820351
0.36294978857,0.129615619779,1.14871370792,-0.824059724808,0.0890369191766,-0.0112437838688,0.559349238873
0.364878565073,0.132735043764,1.14816224575,-0.821937739849,0.0823896229267,-0.015694482252,0.563368558884
0.365851581097,0.134589359164,1.14613258839,-0.825862050056,0.083257265389,-0.014619499445,0.557500243187
0.367677420378,0.137042969465,1.14430558681,-0.823342263699,0.0868364796042,-0.0111556062475,0.560751676559
0.369800627232,0.140362560749,1.14350903034,-0.821228325367,0.080586515367,-0.0152953872457,0.564673125744
0.370515406132,0.142043605447,1.14086043835,-0.821879982948,0.0835806876421,-0.0179040469229,0.56321144104
0.372221827507,0.144748046994,1.13910925388,-0.821301817894,0.0825638696551,-0.0193485170603,0.564156293869
0.374044120312,0.147548884153,1.13732874393,-0.820613741875,0.0808533132076,-0.0203793011606,0.565367698669
0.375825047493,0.150379508734,1.13545334339,-0.820232689381,0.0803321823478,-0.0222217384726,0.565925121307
0.378504157066,0.153057798743,1.13597488403,-0.826843202114,0.069338336587,-0.0305307805538,0.557306528091
0.380306720734,0.156109213829,1.13403785229,-0.826855361462,0.0683168917894,-0.0317546240985,0.557346224785
0.381855607033,0.16020488739,1.13051688671,-0.817855656147,0.0714229419827,-0.0292236953974,0.570225358009
0.384182751179,0.162342727184,1.13004779816,-0.826782405376,0.0663237944245,-0.0341068319976,0.557556152344
0.386308789253,0.166506230831,1.12666797638,-0.818705677986,0.0706533640623,-0.0275428555906,0.569184303284
0.388636827469,0.168624520302,1.1260869503,-0.826936542988,0.0663081854582,-0.0328325256705,0.557405769825
0.39056289196,0.172787576914,1.12249183655,-0.818364858627,0.0682120397687,-0.0312985144556,0.569777667522
0.392905771732,0.174778923392,1.12177419662,-0.82589751482,0.0642649307847,-0.0381878130138,0.558842658997
0.394947648048,0.179019361734,1.11817085743,-0.817788183689,0.0661381781101,-0.0364641062915,0.570542514324
0.397660791874,0.181779906154,1.11752068996,-0.826400876045,0.0608326345682,-0.0388757660985,0.55843514204
0.400019347668,0.185221850872,1.11533021927,-0.826024055481,0.059066478163,-0.0410671122372,0.55902493
0.40232026577,0.188758343458,1.1128371954,-0.82382774353,0.0573454871774,-0.0444500595331,0.562177360058
0.40457379818,0.193290665746,1.109156847,-0.815933227539,0.0588400922716,-0.0434578917921,0.573499977589
0.407140016556,0.196915373206,1.10682380199,-0.814658582211,0.058359220624,-0.0455671474338,0.575194954872
0.409977674484,0.200682342052,1.10470616817,-0.814232647419,0.0587244741619,-0.0438565127552,0.575893461704
0.412152290344,0.203471690416,1.10114872456,-0.814346790314,0.0631840229034,-0.0449519269168,0.57517516613
0.414795219898,0.206837877631,1.09883284569,-0.812814295292,0.0617851540446,-0.0499182008207,0.57708209753
0.417518526316,0.210473060608,1.09639418125,-0.810187101364,0.0619172863662,-0.0522510372102,0.580545425415
0.420549631119,0.214489519596,1.09411275387,-0.809250771999,0.0600522048771,-0.0532168149948,0.581957757473
0.424637138844,0.219348549843,1.09414875507,-0.807566940784,0.0437973551452,-0.0653388351202,0.584506869316
0.427455335855,0.223256096244,1.0916762352,-0.807002484798,0.0423821210861,-0.0658886283636,0.585328578949
0.430484235287,0.22695338726,1.08918440342,-0.803078949451,0.0415382795036,-0.0700588822365,0.59027993679
0.433378458023,0.230328679085,1.08642649651,-0.797622978687,0.0416508056223,-0.0777005851269,0.596678674221
0.436432540417,0.234414681792,1.08404743671,-0.798579871655,0.0404906719923,-0.0771077349782,0.595554471016
0.439021110535,0.237305685878,1.08107542992,-0.800941944122,0.043221462518,-0.0761199593544,0.592308759689
0.442433595657,0.2411365062,1.07860374451,-0.798902392387,0.0408990681171,-0.0800709202886,0.594702363014
0.44362872839,0.242330729961,1.07598972321,-0.804762303829,0.0582721196115,-0.080559335649,0.585211277008
0.444295465946,0.233100861311,1.08381986618,-0.889999508858,0.0684819221497,-0.0834511741996,0.442997813225
0.446436911821,0.235019102693,1.08133816719,-0.892998933792,0.0748036131263,-0.0876808166504,0.435051262379
0.448521494865,0.235510662198,1.08207809925,-0.911907017231,0.082044929266,-0.0855611562729,0.392904043198
0.45095717907,0.238267034292,1.0779812336,-0.906253516674,0.0867921635509,-0.0902777165174,0.403759330511
0.453004777431,0.239124879241,1.07909476757,-0.924418509007,0.0959624573588,-0.0846285969019,0.359276264906
0.465502202511,0.262317538261,1.06055128574,-0.792309880257,0.0318998992443,-0.113891273737,0.598545074463
0.468789845705,0.265181481838,1.05761170387,-0.791267633438,0.0298467371613,-0.11731941998,0.599367082119
0.472160100937,0.268000423908,1.05452620983,-0.793090820312,0.0275878161192,-0.119656920433,0.596597254276
0.475515544415,0.270449876785,1.05193507671,-0.79153072834,0.0246774926782,-0.128156289458,0.597031056881
0.478666007519,0.272704929113,1.04858231544,-0.791901171207,0.0241118427366,-0.131693005562,0.595792114735
0.482230961323,0.275125205517,1.04555869102,-0.791527569294,0.0217004101723,-0.136782795191,0.59523421526
0.485589683056,0.277553200722,1.04270803928,-0.790701031685,0.0181567370892,-0.144391685724,0.594653904438
0.488944530487,0.27999150753,1.03935158253,-0.790827572346,0.0149146597832,-0.147283837199,0.593865990639
0.492372810841,0.282439976931,1.03645062447,-0.791412770748,0.0111012374982,-0.152685061097,0.591802179813
0.495652318001,0.285249650478,1.03297877312,-0.792408049107,0.00609857775271,-0.153974607587,0.590206861496
0.498632371426,0.286843538284,1.02914857864,-0.792123198509,0.00791486911476,-0.157906368375,0.589528560638
0.501953184605,0.289226204157,1.02608370781,-0.792793989182,0.0031995261088,-0.162631958723,0.587382495403
0.505293428898,0.291165173054,1.02324724197,-0.792533755302,-0.000697382201906,-0.169723451138,0.58573359251
0.50825214386,0.292448192835,1.02012479305,-0.790553033352,-0.00130453694146,-0.178802073002,0.585708200932
0.511313140392,0.293909460306,1.01685285568,-0.791057765484,-0.00157697778195,-0.183416441083,0.583595395088
0.514375984669,0.295690476894,1.01379287243,-0.793074905872,-0.00352190807462,-0.186350703239,0.579908072948
0.517067551613,0.296646714211,1.01100754738,-0.793786585331,-0.00269865663722,-0.193047374487,0.576739311218
0.519909262657,0.298155605793,1.0080935955,-0.792839050293,-0.00417921459302,-0.198792621493,0.576081812382
0.522933185101,0.300302416086,1.00483989716,-0.791886270046,-0.00567078124732,-0.199616029859,0.57709389925
0.525628328323,0.301990538836,1.00196433067,-0.790431976318,-0.00766113307327,-0.204615131021,0.57731372118
0.528263151646,0.30355706811,0.999032557011,-0.789311766624,-0.00880579371005,-0.209588721395,0.577045917511
0.530611753464,0.304813027382,0.996331453323,-0.790750324726,-0.00886619184166,-0.213902667165,0.573481321335
0.53303617239,0.306010901928,0.993420541286,-0.788942217827,-0.00849450100213,-0.218916356564,0.574084937572
0.535353302956,0.307348549366,0.990722358227,-0.78804898262,-0.00854509137571,-0.223862394691,0.573403418064
0.537659466267,0.308557629585,0.988000273705,-0.787052154541,-0.00920841190964,-0.229832783341,0.572399318218
0.539812743664,0.309594750404,0.985328793526,-0.784057855606,-0.00877421721816,-0.237112045288,0.573545336723
0.542176485062,0.311279982328,0.982609689236,-0.784687101841,-0.00962160434574,-0.239158213139,0.571819007397
0.544174671173,0.312951892614,0.979991674423,-0.782902657986,-0.0115320105106,-0.242590889335,0.572782695293
0.546056270599,0.314463496208,0.977371573448,-0.778232753277,-0.0134935714304,-0.248850390315,0.576407253742
0.548109531403,0.316265493631,0.974540293217,-0.776917219162,-0.0164199136198,-0.251424610615,0.576988756657
0.550104677677,0.318326741457,0.971829771996,-0.777433812618,-0.0190288797021,-0.252715051174,0.575647294521
0.551860153675,0.319858312607,0.969051241875,-0.775770664215,-0.0204576402903,-0.257424890995,0.575755000114
0.553553581238,0.320922106504,0.9663387537,-0.775428295135,-0.0199524536729,-0.262341707945,0.574011862278
0.555233120918,0.322080612183,0.963776290417,-0.774304449558,-0.0206147134304,-0.267817050219,0.572976231575
0.557037830353,0.323014140129,0.961359262466,-0.774584054947,-0.0219926126301,-0.272194325924,0.570478916168
0.558575749397,0.32395786047,0.958900034428,-0.772766172886,-0.0221098233014,-0.277633458376,0.570318520069
0.560272455215,0.325119376183,0.956556916237,-0.772672355175,-0.0234483368695,-0.280870676041,0.568805158138
0.56172221899,0.326016277075,0.954540133476,-0.769747436047,-0.0256395787001,-0.285611838102,0.570313334465
0.563288271427,0.327418416739,0.952323436737,-0.769544661045,-0.0279559958726,-0.287365168333,0.569596946239
0.564599990845,0.328194797039,0.950224101543,-0.766094863415,-0.0291251577437,-0.292670309544,0.57148462534
0.566119492054,0.329374164343,0.948121905327,-0.766863942146,-0.0310121756047,-0.294385433197,0.569469332695
0.56741052866,0.33020016551,0.946152448654,-0.764967381954,-0.0327351354063,-0.298213034868,0.569931864738
0.568725466728,0.330946803093,0.944065570831,-0.763483345509,-0.0332430414855,-0.302282601595,0.569748580456
0.570012331009,0.331449151039,0.94200283289,-0.762599825859,-0.0335517823696,-0.306359946728,0.568734884262
0.571129262447,0.331952303648,0.939928770065,-0.761366844177,-0.0337113551795,-0.310392767191,0.568190574646
0.572377324104,0.33250772953,0.937949061394,-0.760597646236,-0.0349029637873,-0.314226567745,0.567040264606
0.573458850384,0.333076179028,0.935947179794,-0.759079635143,-0.0361133664846,-0.318199574947,0.566783070564
0.574598312378,0.333515614271,0.933834969997,-0.758201956749,-0.0367804579437,-0.321113437414,0.566271364689
0.575745046139,0.334092348814,0.931819736958,-0.757134854794,-0.0389506816864,-0.324612677097,0.565558552742
0.576810061932,0.334713876247,0.92962372303,-0.756160259247,-0.0402425043285,-0.327321112156,0.56521075964
0.577866911888,0.335100650787,0.927434206009,-0.755575656891,-0.0415111109614,-0.330933570862,0.563795506954
0.578907549381,0.335435509682,0.92538100481,-0.754847288132,-0.0427218824625,-0.333945065737,0.562904179096
0.579793512821,0.335348427296,0.923156201839,-0.754069149494,-0.0425640828907,-0.338544756174,0.561209022999
0.580806970596,0.33537787199,0.921135783195,-0.75362443924,-0.0438979193568,-0.342565625906,0.559260189533
0.581699252129,0.335281729698,0.91896545887,-0.753913700581,-0.0427886992693,-0.345804929733,0.556958019733
0.582571804523,0.335337162018,0.916952311993,-0.754503548145,-0.0444409400225,-0.347782403231,0.554794430733
0.583459079266,0.335341632366,0.915016233921,-0.753522157669,-0.0453682802618,-0.351024478674,0.554010689259
0.584300041199,0.33549657464,0.913161575794,-0.753198087215,-0.0476991906762,-0.352897763252,0.553064703941
0.585071921349,0.335601389408,0.911333560944,-0.752135753632,-0.0484799519181,-0.354647815228,0.553323149681
0.585877656937,0.335681080818,0.909546673298,-0.751549720764,-0.0503891706467,-0.356349945068,0.552855014801
0.586514294147,0.335692942142,0.907833218575,-0.750410020351,-0.0515669696033,-0.359128594398,0.552496433258
0.587020277977,0.334625959396,0.904622972012,-0.754950582981,-0.0402344353497,-0.353974312544,0.550575256348
0.587552428246,0.334560096264,0.902826428413,-0.754297077656,-0.0412126742303,-0.357276111841,0.549264252186
0.588251292706,0.334410339594,0.901219725609,-0.754362225533,-0.0415572598577,-0.359290808439,0.547832846642
0.589587330818,0.336235880852,0.901589512825,-0.743956029415,-0.0598124973476,-0.368937909603,0.553928434849
0.590201318264,0.336296617985,0.900095880032,-0.744171440601,-0.0617663003504,-0.369865804911,0.552804887295
0.590115368366,0.334447294474,0.896599173546,-0.753571093082,-0.0441581979394,-0.363514602184,0.545928299427
0.591418981552,0.336466610432,0.897368788719,-0.743785560131,-0.064540758729,-0.372345596552,0.551340401173
0.59125828743,0.334547370672,0.89369559288,-0.754171788692,-0.046242620796,-0.365520745516,0.543581843376
0.592577695847,0.336485266685,0.894399106503,-0.745479404926,-0.0658745020628,-0.374360203743,0.547517478466
0.593112587929,0.336840718985,0.894323289394,-0.74437725544,-0.073657296598,-0.380308419466,0.54391425848
0.593804240227,0.336790204048,0.89309245348,-0.744514286518,-0.0755400508642,-0.381232261658,0.542820632458
0.594267070293,0.336784392595,0.891523778439,-0.745490908623,-0.0755320265889,-0.382568985224,0.540536046028
0.594953656197,0.336683094501,0.890402257442,-0.745579302311,-0.0768533945084,-0.383705854416,0.539420962334
0.595336079597,0.336739093065,0.888922631741,-0.746105313301,-0.0772041529417,-0.385263234377,0.537530124187
0.595789372921,0.336726248264,0.887672901154,-0.746752798557,-0.078465461731,-0.385414689779,0.536338686943
0.596259713173,0.336785495281,0.886500179768,-0.746930897236,-0.0795166641474,-0.386416763067,0.535213708878
0.596689522266,0.336825966835,0.885355055332,-0.747042536736,-0.0797087624669,-0.387584924698,0.534183442593
0.597082734108,0.33694306016,0.88435781002,-0.748425781727,-0.0819373950362,-0.387223690748,0.532168030739
0.597512125969,0.337023854256,0.883257031441,-0.748987615108,-0.0825512930751,-0.387642979622,0.530976295471
0.597813010216,0.337083429098,0.882392466068,-0.749034166336,-0.0832720696926,-0.389070630074,0.529752552509
0.598196446896,0.337129175663,0.881410956383,-0.750874996185,-0.0832925736904,-0.388136953115,0.527824580669
0.598468840122,0.337213069201,0.880535364151,-0.750894069672,-0.0836513638496,-0.388709336519,0.5273193717
0.598696351051,0.337338626385,0.87974858284,-0.751495480537,-0.0843470022082,-0.389359146357,0.525870382786
0.598962903023,0.337450802326,0.879052996635,-0.75135654211,-0.085748180747,-0.390513092279,0.524986028671
0.599120020866,0.337548345327,0.878379881382,-0.751728594303,-0.0860813260078,-0.39079272747,0.524189949036
0.599306702614,0.33769506216,0.877651333809,-0.752132773399,-0.0859679430723,-0.390573382378,0.523792207241
0.59944576025,0.337847024202,0.876985549927,-0.751574218273,-0.0869459435344,-0.391813933849,0.523506045341
0.599518299103,0.338041961193,0.876377820969,-0.751766204834,-0.0873757824302,-0.391507774591,0.523387730122
0.599631726742,0.338402748108,0.875779926777,-0.752388954163,-0.0893220081925,-0.391016960144,0.52253061533
0.599749088287,0.338684529066,0.875185608864,-0.752287149429,-0.0905022919178,-0.392010509968,0.521729052067
0.599767684937,0.338862478733,0.874431490898,-0.752571284771,-0.0901798978448,-0.391355454922,0.52186691761
0.599896192551,0.339113652706,0.873914599419,-0.751719594002,-0.0917894616723,-0.392267882824,0.522128880024
0.600042819977,0.339387565851,0.87339502573,-0.75142967701,-0.0934579819441,-0.393377095461,0.521414875984
0.600084602833,0.339509129524,0.872772037983,-0.751343488693,-0.093826726079,-0.393684148788,0.521241128445
0.600077569485,0.339586496353,0.872086942196,-0.750703454018,-0.0935494974256,-0.394408762455,0.521665215492
0.600083053112,0.339687347412,0.871514439583,-0.74992865324,-0.0943317189813,-0.396788448095,0.520833551884
0.600160241127,0.339819788933,0.871015310287,-0.750403940678,-0.0956439226866,-0.396954298019,0.51978212595
0.600179374218,0.339869171381,0.870545983315,-0.749732196331,-0.0963509827852,-0.398170739412,0.519690454006
0.600268363953,0.339946806431,0.869898021221,-0.749956190586,-0.0962643995881,-0.398575246334,0.519072949886
0.600348174572,0.340053915977,0.869343996048,-0.75031131506,-0.0973661988974,-0.398369669914,0.518511652946
0.600433051586,0.340198934078,0.86882185936,-0.750481843948,-0.0988155975938,-0.39876255393,0.517688035965
0.600549995899,0.340262681246,0.868163585663,-0.747172892094,-0.10101544857,-0.409018486738,0.514035642147
0.600557863712,0.340327173471,0.867646574974,-0.749812483788,-0.101488634944,-0.400730520487,0.516620218754
0.600706934929,0.340407580137,0.866978645325,-0.750052988529,-0.102441251278,-0.401571124792,0.515429019928
0.600751399994,0.340379625559,0.866385579109,-0.749703168869,-0.103220812976,-0.402502715588,0.515055596828
0.600870013237,0.340328425169,0.865825176239,-0.749314248562,-0.103641144931,-0.403625369072,0.514658391476
0.601007521152,0.340221881866,0.865131020546,-0.749234735966,-0.103507943451,-0.40487369895,0.513819754124
0.601138949394,0.340190142393,0.864524722099,-0.750101029873,-0.104546532035,-0.404764682055,0.512429594994
0.601208388805,0.340131223202,0.863937973976,-0.749301791191,-0.105697736144,-0.40713223815,0.51148635149
0.601327419281,0.340058743954,0.863230824471,-0.749093472958,-0.106143042445,-0.407452642918,0.511444032192
0.601656258106,0.340061336756,0.862363934517,-0.746531426907,-0.108120568097,-0.41744735837,0.506693720818
0.602099359035,0.340007066727,0.861687481403,-0.752830505371,-0.106797195971,-0.407215386629,0.505980551243
0.602405667305,0.340032398701,0.86087667942,-0.75354295969,-0.107541136444,-0.409103095531,0.503232300282
0.60264980793,0.339965939522,0.86013931036,-0.754540979862,-0.108002558351,-0.408670723438,0.501987755299
0.602939784527,0.339884757996,0.859600126743,-0.755703926086,-0.109036758542,-0.408836305141,0.499875485897
0.603047609329,0.339799940586,0.859101653099,-0.755650997162,-0.10959777236,-0.409297287464,0.499455422163
0.603178024292,0.339656293392,0.858629763126,-0.755278706551,-0.109711900353,-0.410434246063,0.499060243368
0.603382349014,0.339511275291,0.858010292053,-0.755174815655,-0.108934663236,-0.411934405565,0.498151034117
0.603532195091,0.339449286461,0.857484340668,-0.755953371525,-0.108919888735,-0.41201749444,0.496903032064
0.603645503521,0.339399039745,0.857087612152,-0.75606495142,-0.109269738197,-0.412695139647,0.496093422174
0.603679001331,0.339341878891,0.856658697128,-0.756954431534,-0.109223328531,-0.413164675236,0.494353294373
0.60372197628,0.339414000511,0.856368660927,-0.757409453392,-0.110745765269,-0.413041979074,0.493419408798
0.603751420975,0.339629411697,0.856111347675,-0.757294178009,-0.113107845187,-0.413261175156,0.492876768112
0.603911221027,0.33984914422,0.855770170689,-0.758304059505,-0.1144618541,-0.412648260593,0.491522967815
0.603986978531,0.340020239353,0.855293214321,-0.758235514164,-0.115321412683,-0.413361102343,0.490828543901
0.604072868824,0.340355724096,0.854897558689,-0.758096396923,-0.118026658893,-0.413635075092,0.490169107914
0.604178905487,0.340568691492,0.854478478432,-0.756812930107,-0.120717354119,-0.415645599365,0.489796131849
0.604409635067,0.34125906229,0.853837072849,-0.75965899229,-0.122597016394,-0.414859265089,0.48557177186
0.604468762875,0.341594040394,0.853039443493,-0.759633123875,-0.123943969607,-0.415006786585,0.485144257545
0.604557454586,0.342082589865,0.852545022964,-0.758227884769,-0.127060860395,-0.416770219803,0.485024273396
0.604683041573,0.342556536198,0.851904690266,-0.758286952972,-0.128368780017,-0.416984647512,0.484402835369
0.604920268059,0.342944562435,0.85135871172,-0.758152782917,-0.128321126103,-0.417940586805,0.483801364899
0.604740440845,0.343448221684,0.850510716438,-0.758619189262,-0.131710290909,-0.419637590647,0.480680435896
0.604988098145,0.343728899956,0.849792838097,-0.758231163025,-0.132704973221,-0.421673893929,0.479234814644
0.605174005032,0.344098865986,0.84897762537,-0.755027770996,-0.136222019792,-0.432339936495,0.473770946264
0.605149388313,0.344587802887,0.848337829113,-0.759477317333,-0.137257471681,-0.424778968096,0.473198980093
0.60540574789,0.344873845577,0.847735702991,-0.75981014967,-0.13824737072,-0.427132636309,0.470248878002
0.605773508549,0.344877272844,0.847341835499,-0.759355127811,-0.135616734624,-0.428750395775,0.470277756453
0.605719685555,0.345196008682,0.846572399139,-0.761026918888,-0.138409659266,-0.430447399616,0.465183764696
0.605762720108,0.345381230116,0.846105098724,-0.762554526329,-0.138647705317,-0.430822491646,0.46225464344
0.605817258358,0.345378816128,0.845533251762,-0.762339770794,-0.138077780604,-0.433617174625,0.460161715746
0.606109082699,0.345184504986,0.845232009888,-0.761754691601,-0.134758681059,-0.435205668211,0.460614740849
0.606189131737,0.345191955566,0.844785273075,-0.76213657856,-0.134659260511,-0.437113791704,0.45819914341
0.606248021126,0.345242112875,0.844461560249,-0.76198810339,-0.133779764175,-0.439350277185,0.456561744213
0.606041669846,0.345475316048,0.844109475613,-0.762325167656,-0.137482821941,-0.440767377615,0.453522771597
0.606229782104,0.345298707485,0.843773066998,-0.758125305176,-0.13694858551,-0.451448559761,0.450205862522
0.605973184109,0.345393151045,0.843657255173,-0.761540949345,-0.136949300766,-0.444968551397,0.45089173317
0.6058126688,0.345095604658,0.843536257744,-0.759514212608,-0.136548966169,-0.448233783245,0.451197236776
0.605748057365,0.344787210226,0.843276619911,-0.759133398533,-0.134573757648,-0.451581835747,0.449088305235
0.605711638927,0.3446367383,0.843220353127,-0.759059846401,-0.134196296334,-0.453368097544,0.447522938251
0.606079101562,0.344498872757,0.843150377274,-0.761018872261,-0.130008682609,-0.453064590693,0.445736080408
0.606099486351,0.344314962626,0.843035817146,-0.760733366013,-0.129190519452,-0.455092281103,0.444393485785
0.606078207493,0.344002425671,0.842762470245,-0.755716502666,-0.130918845534,-0.466927319765,0.440149635077
0.606266319752,0.343799114227,0.842946112156,-0.758084654808,-0.128246948123,-0.460686475039,0.443427801132
0.606352448463,0.343521207571,0.84283131361,-0.758086442947,-0.126830369234,-0.462310254574,0.442140668631
0.606452524662,0.343537926674,0.842483699322,-0.755274772644,-0.128979042172,-0.472880601883,0.43509593606
0.606688737869,0.343283772469,0.842748522758,-0.757578015327,-0.126673489809,-0.466715812683,0.438412696123
0.606555700302,0.34328097105,0.842607617378,-0.757087647915,-0.130043447018,-0.468306511641,0.436573177576
0.60674983263,0.343017101288,0.842582941055,-0.754873275757,-0.130363732576,-0.472125828266,0.436198145151
0.606958627701,0.342775762081,0.842684149742,-0.752423942089,-0.131769329309,-0.474718540907,0.437192678452
0.607215940952,0.342507630587,0.842744708061,-0.750490248203,-0.133093684912,-0.476511210203,0.43816396594
0.607827067375,0.341879934072,0.842777013779,-0.748755991459,-0.129976823926,-0.479010820389,0.439339309931
0.608192503452,0.341909348965,0.842583835125,-0.750425875187,-0.132402211428,-0.478389084339,0.436434090137
0.608725786209,0.341841220856,0.842767238617,-0.750580251217,-0.133216783404,-0.478115051985,0.436220765114
0.609204769135,0.341823160648,0.84304702282,-0.750224292278,-0.134773060679,-0.478090286255,0.436382204294
0.609722018242,0.341819643974,0.843384742737,-0.749501764774,-0.136373236775,-0.47858273983,0.43658682704
0.610175609589,0.34180778265,0.843674302101,-0.749661922455,-0.136913880706,-0.478900700808,0.435793280602
0.610914647579,0.341591149569,0.844185233116,-0.74890178442,-0.134298965335,-0.4800978899,0.436596006155
0.611106514931,0.341793864965,0.84441447258,-0.749209523201,-0.137726381421,-0.481415301561,0.433538973331
0.61156386137,0.34187027812,0.844895064831,-0.748322963715,-0.138630330563,-0.482589483261,0.433476448059
0.612099826336,0.341908186674,0.845463752747,-0.748087048531,-0.138715043664,-0.483448892832,0.432898581028
0.612594544888,0.341948658228,0.845930993557,-0.747728228569,-0.137942925096,-0.48453655839,0.432548969984
0.613205194473,0.342046380043,0.846450090408,-0.747308731079,-0.137941509485,-0.485750466585,0.431912213564
0.613850951195,0.342151284218,0.846979379654,-0.747564077377,-0.137078106403,-0.486921817064,0.430423885584
0.614672601223,0.342179059982,0.847463011742,-0.748102247715,-0.134287178516,-0.489334702492,0.427623182535
0.615850150585,0.342319875956,0.848356962204,-0.748336911201,-0.131604894996,-0.491026103497,0.426105201244
0.616583168507,0.342769026756,0.848835587502,-0.749461889267,-0.131852507591,-0.493340104818,0.421351909637
0.617630720139,0.343034952879,0.84960258007,-0.749549269676,-0.130093425512,-0.495945453644,0.418676108122
0.618653953075,0.343294978142,0.850308179855,-0.749596238136,-0.128798007965,-0.498547047377,0.415893524885
0.619999110699,0.343446552753,0.850975453854,-0.748778283596,-0.126079425216,-0.503079414368,0.412730187178
0.62120950222,0.34324836731,0.851449549198,-0.741447508335,-0.121883668005,-0.518569529057,0.408026635647
0.622454702854,0.34253385663,0.851260960102,-0.749502241611,-0.10853921622,-0.512437045574,0.404813438654
0.623970091343,0.342423170805,0.85146343708,-0.743455588818,-0.102840237319,-0.526576042175,0.399268448353
0.625294804573,0.342430353165,0.851834118366,-0.747885644436,-0.0962352007627,-0.524553418159,0.395284205675
0.627256572247,0.341912806034,0.852367579937,-0.745604455471,-0.0882213786244,-0.532628059387,0.390638619661
0.628805041313,0.341698497534,0.852858364582,-0.740937054157,-0.0847324728966,-0.54196870327,0.387430757284
0.630468606949,0.341755241156,0.853473365307,-0.736291468143,-0.0823678150773,-0.550472140312,0.384799748659
0.632199525833,0.341933786869,0.853837192059,-0.73294043541,-0.0791434124112,-0.557335972786,0.381983309984
0.633776307106,0.342103123665,0.85434961319,-0.727388679981,-0.0769329294562,-0.565372943878,0.381235480309
0.635508418083,0.34210434556,0.854852318764,-0.719915211201,-0.0756231546402,-0.574597239494,0.381891787052
0.63719189167,0.342339366674,0.855225741863,-0.712607145309,-0.0766156166792,-0.583420038223,0.382023781538
0.639188468456,0.341984599829,0.855586409569,-0.704888641834,-0.0750992372632,-0.591873526573,0.383637756109
0.641065061092,0.341718733311,0.855815827847,-0.696041941643,-0.0749094635248,-0.60093998909,0.385726988316
0.642829060555,0.341588824987,0.856118440628,-0.685863256454,-0.0762722864747,-0.610714197159,0.388332724571
0.645482540131,0.341554641724,0.85584038496,-0.68233281374,-0.076542802155,-0.615450918674,0.387018501759
0.646806836128,0.340564996004,0.856377005577,-0.664728879929,-0.0795590728521,-0.628764867783,0.395550906658
0.649417817593,0.340455293655,0.85591262579,-0.659832119942,-0.0795881077647,-0.633449733257,0.396268665791
0.650912225246,0.33955514431,0.85643196106,0.643935501575,0.0848150476813,0.644528388977,-0.403406351805
0.653081297874,0.339659839869,0.857439994812,0.628408432007,0.0983477458358,0.654627025127,-0.408526867628
0.655428409576,0.339108198881,0.857300281525,0.618906736374,0.102987095714,0.660185158253,-0.412920862436
0.657715976238,0.338198393583,0.857166469097,0.608539938927,0.106531083584,0.665897011757,-0.418224215508
0.66022926569,0.337389320135,0.857143163681,0.597944617271,0.113845854998,0.670628488064,-0.423979759216
0.66271841526,0.336458981037,0.856955111027,0.588360965252,0.119196221232,0.674310684204,-0.430033862591
0.665268301964,0.335530906916,0.856758117676,0.579964160919,0.126054480672,0.676688194275,-0.435711950064
0.668350636959,0.334901064634,0.856144428253,0.573812961578,0.132634133101,0.677824854851,-0.440114110708
0.670808970928,0.333829700947,0.855894327164,0.56688195467,0.13948354125,0.67897850275,-0.445171326399
0.673659741879,0.332894861698,0.855855584145,0.562244832516,0.147788703442,0.678254723549,-0.449455142021
0.675643086433,0.331466376781,0.855791866779,0.552429616451,0.156297311187,0.679580807686,-0.456686675549
0.678419589996,0.330262541771,0.855700850487,0.548412680626,0.164528682828,0.678212761879,-0.46065312624
0.680982649326,0.329358160496,0.855021595955,0.541280329227,0.177286207676,0.682011544704,-0.458743602037
0.683573722839,0.328031420708,0.854950845242,0.541651844978,0.18390737474,0.674722373486,-0.466412961483
0.685966253281,0.326563775539,0.854498267174,0.537956535816,0.190734520555,0.673754811287,-0.469337314367
0.688554406166,0.325283974409,0.85401725769,0.531532108784,0.200283482671,0.677515149117,-0.467261701822
0.689476788044,0.323213994503,0.852106451988,0.537774682045,0.191909834743,0.678143322468,-0.462699264288
0.693096578121,0.322440952063,0.853343486786,0.526627242565,0.215445175767,0.669787883759,-0.477107167244
0.695378005505,0.320940792561,0.852941632271,0.52114623785,0.224274918437,0.674442410469,-0.472477287054
0.69757515192,0.319600343704,0.852614879608,0.517590939999,0.232743039727,0.672322630882,-0.475302577019
0.699462771416,0.318025618792,0.852156043053,0.518739819527,0.236802771688,0.666154742241,-0.480698943138
0.700463891029,0.315495848656,0.850383043289,0.525226891041,0.225504115224,0.6688118577,-0.475368529558
0.703681051731,0.314583927393,0.851447701454,0.513122618198,0.246980339289,0.665427267551,-0.482610046864
0.705434262753,0.31330743432,0.851185500622,0.511159420013,0.254480540752,0.664296925068,-0.482354044914
0.707151532173,0.311802357435,0.850562095642,0.510225653648,0.25820967555,0.663801848888,-0.482042342424
0.707433521748,0.309719860554,0.848625183105,0.518267631531,0.247832506895,0.666439414024,-0.475222349167
0.708925426006,0.308278769255,0.848253786564,0.515120625496,0.252399653196,0.667098999023,-0.475314676762
0.711424946785,0.307689130306,0.848644018173,0.501659870148,0.268678545952,0.670644283295,-0.475799769163
0.712825417519,0.306137621403,0.848551809788,0.504645168781,0.27177888155,0.663368880749,-0.481052130461
0.712700247765,0.304205000401,0.84677875042,0.511800706387,0.261371999979,0.66683369875,-0.474423527718
0.71482527256,0.303615123034,0.847486138344,0.502080619335,0.273309797049,0.664448261261,-0.4813785851
0.715718150139,0.302632778883,0.847083568573,0.502392113209,0.275296866894,0.664402365685,-0.47998264432
0.716700494289,0.301252007484,0.846757650375,0.50335752964,0.276110082865,0.663956999779,-0.479119569063
0.717408359051,0.30031183362,0.846016526222,0.500753521919,0.276768893003,0.670042097569,-0.472957164049
0.718256175518,0.299277812243,0.846281826496,0.50558423996,0.277739584446,0.662138819695,-0.478348761797
0.71864426136,0.298427283764,0.845585882664,0.507642805576,0.274335116148,0.663091301918,-0.476811170578
0.719367265701,0.297676950693,0.845452547073,0.510286808014,0.274597674608,0.660678803921,-0.477186709642
0.719578266144,0.296965539455,0.844847917557,0.507109165192,0.273968309164,0.667579829693,-0.471295028925
0.719843327999,0.29642611742,0.844651937485,0.509476423264,0.273293584585,0.666541278362,-0.470602989197
0.719983577728,0.295615524054,0.844489753246,0.518149077892,0.268349915743,0.659196913242,-0.474309235811
0.719994485378,0.295457720757,0.843942403793,0.51754117012,0.267756491899,0.66408520937,-0.468453258276
0.719875991344,0.295201510191,0.843894064426,0.523259282112,0.268496215343,0.660174787045,-0.467203378677
0.719759762287,0.294369131327,0.844111561775,0.52904856205,0.263078868389,0.653632283211,-0.472929388285
0.719295203686,0.294412285089,0.843549668789,0.529063284397,0.2625631392,0.658789515495,-0.465992420912
0.718662023544,0.294062703848,0.843721628189,0.538357019424,0.256718546152,0.650395512581,-0.470375359058
0.718202531338,0.293684750795,0.843838572502,0.542036950588,0.254413604736,0.648891746998,-0.469477653503
0.717488229275,0.293667852879,0.843901336193,0.547152519226,0.251928955317,0.646425127983,-0.468284666538
0.716763496399,0.29384303093,0.843835473061,0.553478360176,0.248087897897,0.643823981285,-0.466481328011
0.715982913971,0.293812632561,0.843961894512,0.559888124466,0.243530735373,0.641291439533,-0.464718729258
0.715250611305,0.294202446938,0.844036400318,0.568004727364,0.237911060452,0.638249516487,-0.461959630251
0.714241087437,0.294484674931,0.844282507896,0.574444174767,0.232543677092,0.635737478733,-0.460190296173
0.713325619698,0.294759213924,0.844398617744,0.582968533039,0.223520770669,0.632727980614,-0.45808455348
0.712320268154,0.295003950596,0.84463763237,0.59121799469,0.214529037476,0.630091428757,-0.455437660217
0.711066424847,0.295586287975,0.844575881958,0.604574143887,0.211004003882,0.624326229095,-0.4474196136
0.709894299507,0.295836985111,0.844837069511,0.614450335503,0.202744781971,0.620558977127,-0.443003326654
0.708541333675,0.296300202608,0.845006108284,-0.624700546265,-0.194082349539,-0.616163492203,0.438661575317
0.707411587238,0.296561419964,0.845366477966,-0.635102748871,-0.186063915491,-0.611545205116,0.433632552624
0.706150352955,0.296958506107,0.845603883266,-0.646320819855,-0.17689986527,-0.606153547764,0.428431928158
0.704768776894,0.297417372465,0.845922350883,-0.656926870346,-0.168755784631,-0.600915431976,0.422929286957
0.70341193676,0.298049867153,0.846357345581,-0.667035281658,-0.162397459149,-0.595204174519,0.417639702559
0.702051579952,0.298892766237,0.846786260605,-0.67730230093,-0.156450033188,-0.589640319347,0.411229044199
0.700253903866,0.298340201378,0.845869898796,-0.691858172417,-0.136147081852,-0.582272231579,0.404667139053
0.698785722256,0.298994660378,0.846050143242,-0.700632452965,-0.129684045911,-0.577575027943,0.398375928402
0.6971565485,0.299438595772,0.846454024315,-0.70930737257,-0.121563263237,-0.572276949883,0.393197834492
0.695210933685,0.300294786692,0.846753656864,-0.715868771076,-0.116206012666,-0.568762600422,0.387991249561
0.693434774876,0.300605684519,0.846985518932,-0.722411572933,-0.107966400683,-0.564241468906,0.384832888842
0.691559791565,0.301032006741,0.847111403942,-0.727329075336,-0.101649232209,-0.560912966728,0.382147192955
0.689667880535,0.30152118206,0.847203850746,-0.730849027634,-0.0967029556632,-0.557762026787,0.381326466799
0.687341690063,0.302275270224,0.847223043442,-0.73338919878,-0.0925792902708,-0.556008040905,0.380032360554
0.685438156128,0.302790224552,0.847338974476,-0.735594511032,-0.0894476547837,-0.553301513195,0.380470007658
0.683324456215,0.303272306919,0.847316503525,-0.738035142422,-0.0847123786807,-0.550277352333,0.381212294102
0.681340277195,0.303774982691,0.847531318665,-0.739895224571,-0.0804288461804,-0.547451674938,0.382600158453
0.679454624653,0.3042293787,0.847410321236,-0.741140365601,-0.0770084187388,-0.544967651367,0.384436160326
0.677255630493,0.304759025574,0.847354769707,-0.742939889431,-0.0742702335119,-0.542214512825,0.385392814875
0.675086975098,0.305382728577,0.847379386425,-0.744616031647,-0.0719482675195,-0.539280474186,0.386713027954
0.673076868057,0.305678099394,0.847296953201,-0.74599802494,-0.0689537897706,-0.536669969559,0.388223826885
0.670850276947,0.30606725812,0.84728294611,-0.747204959393,-0.0664748623967,-0.53418982029,0.389752745628
