x,y,z,q0,q1,q2,q3
0.65574657917,-0.096584752202,1.36237311363,-0.0717618092895,-0.00842162035406,0.662776172161,-0.745323479176
0.655738890171,-0.0967330187559,1.36233484745,-0.071087770164,-0.00914139486849,0.66303563118,-0.745148718357
0.655737638474,-0.0970486849546,1.36226332188,-0.0710864067078,-0.00917451828718,0.663655698299,-0.744596302509
0.65585231781,-0.0972592756152,1.36226093769,-0.0707835480571,-0.00952738244087,0.663886189461,-0.744415283203
0.655940413475,-0.0974619612098,1.36225616932,-0.0705299377441,-0.00979841034859,0.664121806622,-0.744225621223
0.656040132046,-0.0976846963167,1.36224484444,-0.0702733844519,-0.00992258638144,0.664595842361,-0.743825018406
0.656144142151,-0.0978963300586,1.36222910881,-0.0699838399887,-0.0101255448535,0.665063083172,-0.743431866169
0.656259834766,-0.0981185287237,1.36221635342,-0.0696930363774,-0.0102625424042,0.665651857853,-0.742930173874
0.656353533268,-0.0983998849988,1.36232602596,-0.0690773874521,-0.0104174884036,0.66626983881,-0.742431461811
0.656394004822,-0.0986887142062,1.36230885983,-0.0688393190503,-0.0105510866269,0.667033195496,-0.741765856743
0.656507611275,-0.0989537835121,1.36231219769,-0.0685380250216,-0.010739040561,0.667781829834,-0.741117179394
0.656678795815,-0.0993136763573,1.36238217354,-0.0685816630721,-0.0105230594054,0.668519616127,-0.740450799465
0.656715512276,-0.099622413516,1.36239612103,-0.0683063343167,-0.0107015641406,0.669408082962,-0.739670693874
0.656823217869,-0.0999862104654,1.36238062382,-0.0681795850396,-0.0110317291692,0.670817255974,-0.738399744034
0.656696557999,-0.100355528295,1.36232376099,-0.0679895579815,-0.0117518119514,0.672110199928,-0.737229406834
0.657027721405,-0.101074330509,1.36254131794,-0.0688860341907,-0.0106044402346,0.672994911671,-0.736355900764
0.656995296478,-0.101470500231,1.36254227161,-0.0691217631102,-0.0109665431082,0.674254834652,-0.735175073147
0.656701028347,-0.101656958461,1.36237108707,-0.0686604976654,-0.0124412737787,0.675853669643,-0.733725309372
0.656644821167,-0.102162346244,1.36235761642,-0.0691521540284,-0.0127543117851,0.677125871181,-0.732499778271
0.657075583935,-0.103021346033,1.36253988743,-0.0699798464775,-0.0116946483031,0.677849173546,-0.731769561768
0.656971156597,-0.103570282459,1.36251115799,-0.0704661756754,-0.0121150398627,0.679091572762,-0.730562984943
0.656903028488,-0.104153990746,1.36250138283,-0.0710284113884,-0.012187005952,0.680228888988,-0.729448616505
0.656814992428,-0.104692511261,1.36245429516,-0.0715283080935,-0.0124399242923,0.681558072567,-0.728153586388
0.65646469593,-0.104967653751,1.36224722862,-0.0715149194002,-0.0139176845551,0.682923734188,-0.726847290993
0.656493186951,-0.105912424624,1.36227858067,-0.0732053741813,-0.0127809587866,0.683876752853,-0.725803256035
0.655998766422,-0.106183536351,1.36205613613,-0.0733022838831,-0.0141895068809,0.685438394547,-0.724292397499
0.656071424484,-0.107128351927,1.36216413975,-0.0748638510704,-0.0128707392141,0.686036229134,-0.723591029644
0.655856668949,-0.107638828456,1.36210465431,-0.0755441710353,-0.0130436122417,0.686948597431,-0.722651124001
0.655596196651,-0.108286231756,1.36207687855,-0.0763996094465,-0.0128168091178,0.68811404705,-0.721455454826
0.655353426933,-0.108827918768,1.36196792126,-0.07730101794,-0.0131137631834,0.68915772438,-0.720357120037
0.655080616474,-0.109393626451,1.36190783978,-0.0781135559082,-0.0127653060481,0.690161705017,-0.719313681126
0.654842913151,-0.109916970134,1.36180341244,-0.0789306014776,-0.012741743587,0.691206037998,-0.718221306801
0.654327988625,-0.110199607909,1.36165010929,-0.0789206326008,-0.0137454941869,0.692649245262,-0.716812074184
0.654403448105,-0.11096791923,1.36175370216,-0.0801087915897,-0.0121110929176,0.693358361721,-0.716023802757
0.654114246368,-0.111506417394,1.36173701286,-0.0808052867651,-0.0115157263353,0.694526791573,-0.7148219347
0.653779387474,-0.111952118576,1.36161482334,-0.0816756784916,-0.0113635733724,0.695684850216,-0.713598370552
0.653374910355,-0.112361036241,1.3614628315,-0.0824743062258,-0.0111576728523,0.69718080759,-0.712048113346
0.653076589108,-0.112769015133,1.36154150963,-0.0830517932773,-0.0104627953842,0.698327660561,-0.710866630077
0.652743458748,-0.113118320704,1.36149537563,-0.0836775526404,-0.0103081399575,0.699531018734,-0.709611356258
0.652440786362,-0.113502889872,1.36145746708,-0.0843986496329,-0.00995172280818,0.700765669346,-0.708311736584
0.652156472206,-0.113818317652,1.36150050163,-0.084668122232,-0.00943724066019,0.702151179314,-0.70691293478
0.651715278625,-0.11410715431,1.3613512516,-0.0856107845902,-0.00922459363937,0.703688085079,-0.705272078514
0.651418685913,-0.1143630445,1.36129784584,-0.0865351036191,-0.00886178947985,0.705137908459,-0.703714251518
0.651060223579,-0.114589512348,1.36125254631,-0.087130188942,-0.0087118903175,0.706858813763,-0.701913893223
0.650670588017,-0.114804804325,1.3611946106,-0.0878053829074,-0.00858105160296,0.708495259285,-0.700179338455
0.65052574873,-0.114981301129,1.36133170128,-0.0881759747863,-0.00828712247312,0.709822297096,-0.69879090786
0.650124251842,-0.115129508078,1.36123907566,-0.0889356061816,-0.00851086620241,0.711893558502,-0.696581363678
0.649789631367,-0.115287587047,1.36128413677,-0.0894246846437,-0.00871154200286,0.713607251644,-0.694760501385
0.649580359459,-0.115462809801,1.36119902134,-0.0905554592609,-0.00882353167981,0.715730726719,-0.692424356937
0.649308085442,-0.11560818553,1.36122512817,-0.0907879024744,-0.00890798773617,0.717638969421,-0.69041466713
0.649051368237,-0.115744590759,1.3613088131,-0.091121070087,-0.00886710453779,0.719595789909,-0.688331484795
0.648841798306,-0.115896299481,1.36140108109,-0.0914901867509,-0.00865373108536,0.721385419369,-0.68640935421
0.648613393307,-0.116000086069,1.36139214039,-0.0918508917093,-0.00872186850756,0.723290145397,-0.684352695942
0.648312628269,-0.116188921034,1.3614127636,-0.092286862433,-0.00863231159747,0.725198984146,-0.682271957397
0.648088276386,-0.11626650393,1.36138248444,-0.0926726460457,-0.00884723383933,0.727070510387,-0.680222034454
0.647494316101,-0.116278499365,1.36136436462,-0.0929616168141,-0.00902716908604,0.731070518494,-0.675879299641
0.647494316101,-0.116278499365,1.36136436462,-0.0929616168141,-0.00902716908604,0.731070518494,-0.675879299641
0.647383391857,-0.116391301155,1.36134958267,-0.0930410176516,-0.0090582864359,0.732675790787,-0.674127221107
0.647177517414,-0.116523832083,1.36141693592,-0.093015961349,-0.00874472875148,0.734217226505,-0.672455847263
0.646992921829,-0.116592623293,1.36138021946,-0.0935091301799,-0.00820183474571,0.735945641994,-0.670502007008
0.646798193455,-0.11662606895,1.36176967621,-0.0922374725342,-0.008007010445,0.737392961979,-0.669088840485
0.646619856358,-0.11667009443,1.36170649529,-0.0922951698303,-0.00753231626004,0.739200174809,-0.667089223862
0.646323204041,-0.116815552115,1.36174058914,-0.0922136679292,-0.00700296415016,0.740851938725,-0.665271222591
0.646396875381,-0.116862013936,1.36174035072,-0.0919418334961,-0.00687575666234,0.742202579975,-0.6638032794
0.64643651247,-0.117025189102,1.3616257906,-0.092376165092,-0.00606747670099,0.743583738804,-0.662203252316
0.646345257759,-0.117072448134,1.36155748367,-0.0925362184644,-0.00529175903648,0.745293021202,-0.660263240337
0.646409392357,-0.11716401577,1.36175501347,-0.0918365418911,-0.00475503830239,0.746445000172,-0.659062564373
0.645966053009,-0.117239691317,1.36130464077,-0.0919765681028,-0.00537735037506,0.748595297337,-0.656594634056
0.645948708057,-0.117336042225,1.36133944988,-0.091583058238,-0.00481112208217,0.750176310539,-0.654847383499
0.645890176296,-0.117411606014,1.36128342152,-0.0913710296154,-0.00450305268168,0.7518491745,-0.652957856655
0.645925164223,-0.117517352104,1.36128127575,-0.09102229774,-0.0039160689339,0.753440022469,-0.651174247265
0.645967185497,-0.117654427886,1.36132371426,-0.0906224995852,-0.00360070820898,0.754917085171,-0.649518966675
0.646104335785,-0.117755249143,1.36133420467,-0.0903121456504,-0.00336223212071,0.756254315376,-0.648005843163
0.646147370338,-0.117889411747,1.36132514477,-0.0900936126709,-0.00311594177037,0.757602632046,-0.646460831165
0.646236300468,-0.118006229401,1.36133038998,-0.0897895991802,-0.00281632668339,0.759093284607,-0.644753754139
0.646338641644,-0.118118405342,1.36138105392,-0.0896678417921,-0.00265011982992,0.760512411594,-0.643096864223
0.6463586092,-0.118230238557,1.36141657829,-0.0896491035819,-0.00245676469058,0.761734843254,-0.64165186882
0.646434903145,-0.118320293725,1.36135327816,-0.0897224098444,-0.0023590803612,0.763205230236,-0.639892220497
0.646521687508,-0.11845882237,1.3613768816,-0.0898529216647,-0.0023978180252,0.764236569405,-0.63864159584
0.646542727947,-0.118550151587,1.36128377914,-0.089384816587,-0.00328705878928,0.765509665012,-0.637176990509
0.646813333035,-0.118693932891,1.36135447025,-0.0898870825768,-0.00270935148001,0.766288638115,-0.636171996593
0.646874368191,-0.118891447783,1.36134600639,-0.089998356998,-0.00282723060809,0.767505288124,-0.634687244892
0.646999180317,-0.119039565325,1.36135041714,-0.0899770110846,-0.00293561280705,0.768594741821,-0.633370101452
0.647143661976,-0.119197770953,1.36137533188,-0.090114325285,-0.0037289194297,0.769904434681,-0.631753563881
0.647240877151,-0.119330853224,1.361348629,-0.0901094153523,-0.00389370252378,0.770866274834,-0.630579411983
0.647376716137,-0.119492404163,1.36133885384,-0.0902276337147,-0.00412250356749,0.771747946739,-0.629481613636
0.647552967072,-0.119704596698,1.36139333248,-0.0901415124536,-0.00437678815797,0.772343158722,-0.628761947155
0.647607386112,-0.119867071509,1.36129176617,-0.0903892442584,-0.00462815444916,0.773512840271,-0.627284944057
0.64762198925,-0.120119981468,1.36127591133,-0.0906716957688,-0.00475933495909,0.774450480938,-0.626085102558
0.647843897343,-0.1202872172,1.36121213436,-0.0905851796269,-0.00496479542926,0.775181949139,-0.625190258026
0.648019552231,-0.120461158454,1.36115574837,-0.0907588899136,-0.00507830921561,0.776128172874,-0.623988926411
0.648069858551,-0.12068349123,1.36117076874,-0.0908804386854,-0.00483719352633,0.777181386948,-0.622660696507
0.648095965385,-0.120953157544,1.36107635498,-0.0911168307066,-0.00491119781509,0.778275191784,-0.621257901192
0.648242950439,-0.121178746223,1.36105036736,-0.0910982042551,-0.00499092740938,0.779177308083,-0.620128214359
0.648293316364,-0.12142829597,1.36110401154,-0.0906923040748,-0.00520659144968,0.779994726181,-0.619157552719
0.64831250906,-0.121740713716,1.36096668243,-0.0909523591399,-0.00508950743824,0.781301140785,-0.617470800877
0.648473083973,-0.121981687844,1.3608853817,-0.0909174308181,-0.00540893245488,0.782105863094,-0.616453707218
0.648580908775,-0.122250050306,1.36083698273,-0.0910646170378,-0.00562886707485,0.782921731472,-0.615393459797
0.64861369133,-0.122566536069,1.36081600189,-0.0905421227217,-0.00513588357717,0.783817827702,-0.614333212376
0.648678600788,-0.122848898172,1.36069107056,-0.0906554162502,-0.00492305122316,0.784930050373,-0.612896442413
0.64876127243,-0.123141616583,1.36072945595,-0.0905267894268,-0.00498027447611,0.785745322704,-0.611869633198
0.648690342903,-0.123461559415,1.36061787605,-0.0909192860126,-0.00498265959322,0.786845445633,-0.610395908356
0.648846209049,-0.123709693551,1.36059951782,-0.0904955118895,-0.00475312490016,0.787286818027,-0.609891235828
0.648928165436,-0.123954534531,1.36054730415,-0.0905155092478,-0.00603252230212,0.788090348244,-0.608838319778
0.649005889893,-0.124415293336,1.36056494713,-0.0915047153831,-0.00551782082766,0.789138734341,-0.607335567474
0.649066746235,-0.124772131443,1.36053705215,-0.0916298627853,-0.00562251219526,0.789723038673,-0.606555759907
0.649139344692,-0.125106230378,1.36042666435,-0.0913807451725,-0.00515467301011,0.790158867836,-0.606029629707
0.649060964584,-0.125442951918,1.36036431789,-0.0911840498447,-0.00452317483723,0.790609776974,-0.605475962162
0.649186730385,-0.12575648725,1.36034750938,-0.0912431553006,-0.00472998432815,0.790954589844,-0.605015039444
0.649255812168,-0.126161932945,1.36035609245,-0.0913862138987,-0.0047955699265,0.791317999363,-0.604517519474
0.649217903614,-0.126489460468,1.36036276817,-0.091556198895,-0.00485939811915,0.791742920876,-0.603934645653
0.649240970612,-0.126862794161,1.3603644371,-0.0917399004102,-0.00502234371379,0.792112231255,-0.603420913219
0.649227917194,-0.1272149086,1.3603618145,-0.0918598473072,-0.00515827070922,0.79248470068,-0.602912127972
0.649300217628,-0.127640321851,1.36038386822,-0.0923948660493,-0.00574385607615,0.792927801609,-0.602242171764
0.649421334267,-0.127958536148,1.3603760004,-0.0925326049328,-0.00591721851379,0.792983472347,-0.602145969868
0.649393379688,-0.128296509385,1.36028027534,-0.0924210548401,-0.00571073917672,0.792912483215,-0.602258563042
0.649384737015,-0.12865896523,1.36026334763,-0.0927526727319,-0.00596846127883,0.793144643307,-0.601899385452
0.649428665638,-0.129057705402,1.36029934883,-0.0933753848076,-0.00644385023043,0.79352003336,-0.601303100586
0.649442613125,-0.129416495562,1.36025607586,-0.0935884341598,-0.00642878329381,0.793714642525,-0.601013243198
0.649366438389,-0.129806339741,1.36017537117,-0.0939299464226,-0.00658874353394,0.793989300728,-0.600595235825
0.649327337742,-0.130217805505,1.36005115509,-0.0939310416579,-0.00616477942094,0.793919801712,-0.600691497326
0.649384915829,-0.13054484129,1.35999548435,-0.0942170843482,-0.00626908289269,0.793971657753,-0.600577056408
0.649484992027,-0.130841001868,1.35999810696,-0.0943137556314,-0.00621676631272,0.794079661369,-0.600419700146
0.649361729622,-0.131178811193,1.35978019238,-0.0946270823479,-0.00592554733157,0.794031560421,-0.600436866283
0.649362206459,-0.131583318114,1.3597574234,-0.0953027978539,-0.00647180201486,0.794550359249,-0.599637687206
0.649363279343,-0.131941393018,1.35970616341,-0.0955047160387,-0.00655123684555,0.794688999653,-0.599420726299
0.649322867393,-0.132352024317,1.35960888863,-0.0957249403,-0.00653913803399,0.794955551624,-0.599032223225
0.649323999882,-0.132706701756,1.35952854156,-0.0958869382739,-0.0066322251223,0.795086026192,-0.598832130432
0.64942085743,-0.133049339056,1.35947418213,-0.095972828567,-0.00687173381448,0.795297324657,-0.598535120487
0.649584949017,-0.133372619748,1.35952186584,-0.0970964282751,-0.00802185200155,0.796151340008,-0.597202658653
0.649560749531,-0.133731633425,1.35940670967,-0.0970667004585,-0.00772978877649,0.795881807804,-0.597570419312
0.64955830574,-0.134451344609,1.359588027,-0.0960688143969,-0.00808287132531,0.795862913132,-0.597752273083
0.649757862091,-0.134704917669,1.35955321789,-0.0962420925498,-0.0086961099878,0.796196579933,-0.597271203995
0.649751901627,-0.135024517775,1.35951828957,-0.0961726680398,-0.0085639860481,0.796413898468,-0.596994459629
0.649798572063,-0.135316818953,1.35936570168,-0.0951048508286,-0.00730195315555,0.795605123043,-0.598259270191
0.649820685387,-0.135419338942,1.35903847218,-0.0961813256145,-0.0069888192229,0.795875132084,-0.597731649876
0.649845540524,-0.135822936893,1.35899758339,-0.0957320183516,-0.00695071974769,0.796166479588,-0.597416043282
0.649939119816,-0.136121302843,1.35886406898,-0.0968081131577,-0.00860076677054,0.797217965126,-0.595817029476
0.649883747101,-0.136457905173,1.35863661766,-0.0959165766835,-0.00741970865056,0.79642277956,-0.597039163113
0.650063276291,-0.136972025037,1.35883843899,-0.0946304127574,-0.00774070434272,0.796228587627,-0.597499072552
0.650177419186,-0.137304529548,1.35875248909,-0.0943694412708,-0.0076730363071,0.796309411526,-0.597433328629
0.650270223618,-0.137633085251,1.35867786407,-0.0942069217563,-0.00784764438868,0.796414196491,-0.597317159176
0.650427758694,-0.137691184878,1.35849881172,-0.0959339663386,-0.00895341672003,0.797408282757,-0.595698297024
0.650527179241,-0.137990728021,1.35843467712,-0.0957587733865,-0.00895621906966,0.797484219074,-0.595624744892
0.650601029396,-0.138352289796,1.35823130608,-0.0950131043792,-0.00835318118334,0.797063291073,-0.596316218376
0.650697827339,-0.138662815094,1.3581829071,-0.0948615819216,-0.00839373189956,0.797089576721,-0.59630459547
0.650799036026,-0.138964265585,1.35814905167,-0.0945643484592,-0.00867531169206,0.797127425671,-0.596297085285
0.65098285675,-0.13925729692,1.35827744007,-0.0943518951535,-0.00909581035376,0.797331571579,-0.596051335335
0.651193261147,-0.139795422554,1.3584458828,-0.0928688272834,-0.00973785296082,0.797128498554,-0.596545517445
0.651089429855,-0.140179872513,1.35819470882,-0.092183560133,-0.00887197162956,0.797023832798,-0.596805334091
0.651165485382,-0.140177235007,1.3578761816,-0.0931165963411,-0.00876421481371,0.797242939472,-0.596369087696
0.651306390762,-0.140448883176,1.357817173,-0.0929033905268,-0.00894790887833,0.797216892242,-0.596434354782
0.651362299919,-0.140817821026,1.35778748989,-0.09301327914,-0.00955666322261,0.797677576542,-0.595791637897
0.651629209518,-0.141087725759,1.35787892342,-0.0925292447209,-0.00968070607632,0.797382414341,-0.596259951591
0.651689350605,-0.141346350312,1.35778081417,-0.0918650701642,-0.00959001947194,0.797190666199,-0.59662014246
0.65193593502,-0.141545638442,1.35775589943,-0.0926330983639,-0.0112758344039,0.797987163067,-0.59540605545
0.651872694492,-0.141838610172,1.35754299164,-0.0912077128887,-0.00971907563508,0.796915054321,-0.597087204456
0.65198880434,-0.142260357738,1.35763370991,-0.0919123962522,-0.0113052083179,0.797821164131,-0.595739483833
0.652168929577,-0.142456442118,1.35747146606,-0.0907362997532,-0.0106667177752,0.797400832176,-0.596494019032
0.652356624603,-0.142957940698,1.35770487785,-0.0891830697656,-0.0110887307674,0.797232627869,-0.596945285797
0.652509629726,-0.143203541636,1.35763895512,-0.0888536497951,-0.0114294951782,0.797255158424,-0.596957981586
0.652616977692,-0.143432915211,1.35759150982,-0.0885917395353,-0.0116878040135,0.797210037708,-0.597052037716
0.652649879456,-0.143746599555,1.35756623745,-0.0883877873421,-0.0116938352585,0.797238826752,-0.59704375267
0.652797818184,-0.143691331148,1.35729765892,-0.0891690254211,-0.0117673454806,0.797277510166,-0.596874415874
0.652843534946,-0.144231677055,1.35756659508,-0.0877900570631,-0.0122416131198,0.797304093838,-0.597033560276
0.653041779995,-0.144296526909,1.35748076439,-0.0880143791437,-0.0123206246644,0.79723072052,-0.597096979618
0.653268873692,-0.144485622644,1.35757160187,-0.0875773355365,-0.0124385254458,0.797058224678,-0.597389161587
0.653350830078,-0.144732490182,1.35741996765,-0.0874480083585,-0.0129453539848,0.797176539898,-0.59723931551
0.653422236443,-0.144951343536,1.35735630989,-0.0873987227678,-0.0131677603349,0.797193408012,-0.597219347954
0.653506875038,-0.145154222846,1.35734272003,-0.0875004902482,-0.0137563031167,0.797577440739,-0.59667801857
0.653619945049,-0.14543877542,1.35733747482,-0.0873414203525,-0.0140687571838,0.797549545765,-0.596731185913
0.653581857681,-0.145881846547,1.35764026642,-0.0855418518186,-0.0148834967986,0.797581374645,-0.596929550171
0.65368783474,-0.146095871925,1.35763931274,-0.0852960944176,-0.0152423651889,0.79754370451,-0.597006082535
0.653749346733,-0.146337658167,1.35768651962,-0.0845277234912,-0.0148378508165,0.79731541872,-0.597430467606
0.653870582581,-0.146566927433,1.35768127441,-0.0842921286821,-0.0150816757232,0.797209858894,-0.59759837389
0.653948247433,-0.146802574396,1.35772585869,-0.083849363029,-0.0153466509655,0.797253191471,-0.597596168518
0.654111087322,-0.147000834346,1.35767269135,-0.0836042016745,-0.015832753852,0.797061026096,-0.597873985767
0.654140114784,-0.147247612476,1.35761678219,-0.0834214612842,-0.0162577293813,0.797016203403,-0.597948014736
0.654324293137,-0.147511914372,1.35766851902,-0.0828434824944,-0.0167269203812,0.796771764755,-0.598340988159
0.654576838017,-0.147682145238,1.35781884193,-0.0834210887551,-0.0183463785797,0.797195076942,-0.597648978233
0.654606878757,-0.147890925407,1.35767281055,-0.0822709798813,-0.0175120700151,0.796308398247,-0.599013984203
0.654834389687,-0.148045226932,1.35766780376,-0.0819784253836,-0.0180241484195,0.795905649662,-0.599574029446
0.65499329567,-0.148239254951,1.35767829418,-0.0817713662982,-0.0183063037694,0.795600473881,-0.599998533726
0.655079901218,-0.148501485586,1.35765266418,-0.0819729119539,-0.0193182397634,0.795572698116,-0.599976062775
0.655042409897,-0.148731976748,1.3575848341,-0.0816986337304,-0.019257010892,0.79517519474,-0.600542187691
0.655202567577,-0.148987025023,1.35755324364,-0.081563487649,-0.0196882486343,0.794762849808,-0.601092040539
0.655411243439,-0.149137958884,1.35759615898,-0.0813097506762,-0.0200503766537,0.794304311275,-0.60172021389
0.655481874943,-0.149374961853,1.35755062103,-0.0813179016113,-0.0205272007734,0.793877243996,-0.602266430855
0.655568063259,-0.149543330073,1.35750031471,-0.0813017562032,-0.0209503788501,0.793643951416,-0.602561414242
0.655586063862,-0.14977298677,1.35749197006,-0.0812528580427,-0.021207196638,0.793441951275,-0.602825164795
0.655655920506,-0.150015801191,1.35743522644,-0.0820273980498,-0.0227101612836,0.793660283089,-0.602377772331
0.655616879463,-0.150177180767,1.35731720924,-0.0813192650676,-0.0220676194876,0.792895972729,-0.603503227234
0.655595839024,-0.150417745113,1.35730218887,-0.0811949968338,-0.0223467312753,0.792768418789,-0.603677272797
0.6557071805,-0.150599122047,1.35729777813,-0.0809506326914,-0.0225001834333,0.792569041252,-0.603965997696
0.655772507191,-0.150731027126,1.35742580891,-0.0807080864906,-0.0224702488631,0.792407870293,-0.6042111516
0.655840396881,-0.150933653116,1.35742557049,-0.0806162506342,-0.0227570608258,0.792223930359,-0.604453742504
0.655905485153,-0.151119858027,1.35744464397,-0.0805206671357,-0.0229953136295,0.79212719202,-0.604584276676
0.655966103077,-0.15133599937,1.35747599602,-0.0803782790899,-0.0232438798994,0.792024791241,-0.604727804661
0.656063139439,-0.151526510715,1.35749173164,-0.0802021026611,-0.0234747137874,0.791827142239,-0.605001151562
0.656134843826,-0.151728957891,1.35749912262,-0.0800080746412,-0.0237282868475,0.79168087244,-0.605208218098
0.656209945679,-0.151899248362,1.35752046108,-0.079875446856,-0.0238386690617,0.791564881802,-0.60537314415
0.656275272369,-0.152082443237,1.35753643513,-0.0796799436212,-0.0240221265703,0.791468501091,-0.605517625809
0.656357049942,-0.15227214992,1.35751104355,-0.0795126706362,-0.0242777876556,0.791345953941,-0.605689644814
0.656413257122,-0.152460664511,1.35751855373,-0.0793486833572,-0.024366652593,0.79126983881,-0.605806946754
0.656341135502,-0.152613922954,1.35751879215,-0.079389616847,-0.0242376159877,0.791400969028,-0.605635464191
0.656285524368,-0.152755528688,1.35739433765,-0.0795163065195,-0.0246222410351,0.791486620903,-0.60549145937
0.656293272972,-0.152889326215,1.35736465454,-0.0790102481842,-0.0243429280818,0.791181445122,-0.605967581272
0.656484305859,-0.153061464429,1.35755777359,-0.0800939649343,-0.0264244191349,0.792062342167,-0.604585766792
0.65640771389,-0.153212875128,1.35741686821,-0.0790743455291,-0.0252980329096,0.791318655014,-0.605740785599
0.656444787979,-0.153366535902,1.35742366314,-0.078922174871,-0.0254621822387,0.791267335415,-0.605820894241
0.656463444233,-0.153504401445,1.357432127,-0.0787780955434,-0.0255910865963,0.791210711002,-0.605908155441
0.656599402428,-0.153634265065,1.3574860096,-0.0784535184503,-0.0258342195302,0.790968954563,-0.606255471706
0.656768858433,-0.153715655208,1.35764181614,-0.0791619196534,-0.0273494757712,0.791513323784,-0.605385959148
0.656863093376,-0.15393280983,1.3577773571,-0.0787686705589,-0.0272782370448,0.791318774223,-0.60569447279
0.656745672226,-0.15400095284,1.35763025284,-0.0787085965276,-0.0271657891572,0.791072070599,-0.606029748917
0.6569237113,-0.154143854976,1.35770738125,-0.0783635824919,-0.0272831302136,0.790716588497,-0.606532812119
0.65694797039,-0.154243409634,1.35769343376,-0.0782434046268,-0.0273724086583,0.790597677231,-0.606699347496
0.656983554363,-0.154338523746,1.35769760609,-0.0781025514007,-0.027464389801,0.790436565876,-0.606923043728
0.65690022707,-0.154407829046,1.35756659508,-0.0782583802938,-0.0277291536331,0.790455400944,-0.60686647892
0.65692704916,-0.154498904943,1.35756540298,-0.0781404748559,-0.027821149677,0.790313005447,-0.60706281662
0.656901657581,-0.154599577188,1.35754585266,-0.0780909135938,-0.0278508793563,0.790215492249,-0.607194721699
0.656819581985,-0.154728502035,1.35744547844,-0.0773319229484,-0.0269917473197,0.789671957493,-0.608037352562
0.656856775284,-0.154795989394,1.35750257969,-0.0776232033968,-0.027554390952,0.789710223675,-0.607925236225
0.656922221184,-0.154807329178,1.35746979713,-0.0771855115891,-0.0272600091994,0.789223372936,-0.608626246452
0.657064557076,-0.154821425676,1.35751736164,-0.0774457976222,-0.0279804784805,0.789126396179,-0.608685970306
0.657054364681,-0.15486510098,1.35750770569,-0.0773850753903,-0.0280157011002,0.788968384266,-0.608896911144
0.657057881355,-0.154910847545,1.35752356052,-0.077247954905,-0.028123613447,0.78879982233,-0.609127640724
0.657074689865,-0.154946029186,1.35752105713,-0.0772040635347,-0.0282152723521,0.788524806499,-0.609484910965
0.657031834126,-0.154965236783,1.35747408867,-0.0772732272744,-0.0281655229628,0.788314521313,-0.609750509262
0.657042384148,-0.154990941286,1.35748112202,-0.0771706551313,-0.0282289460301,0.788102030754,-0.610035181046
0.657109379768,-0.155057027936,1.35753655434,-0.0768747851253,-0.0283464603126,0.787760555744,-0.610508024693
0.657106935978,-0.155047819018,1.35752725601,-0.0767765715718,-0.0284484215081,0.787549138069,-0.610788226128
0.657176434994,-0.155020058155,1.35751700401,-0.0766396895051,-0.0286042895168,0.787223756313,-0.611217617989
0.657100141048,-0.15495634079,1.35746490955,-0.0768965408206,-0.0286727044731,0.787055313587,-0.611398875713
0.657099127769,-0.154949009418,1.35745728016,-0.0767741501331,-0.0286077614874,0.786729156971,-0.611836910248
0.657162308693,-0.154977962375,1.35748970509,-0.0764833837748,-0.0287222675979,0.786352872849,-0.612351477146
0.65715944767,-0.154989004135,1.35746979713,-0.0764234811068,-0.0288438554853,0.785977721214,-0.612834870815
0.657138645649,-0.154974281788,1.35744976997,-0.0764752402902,-0.0288750585169,0.78562361002,-0.613280892372
0.657126545906,-0.154962465167,1.35743391514,-0.0764067843556,-0.0288837421685,0.785355865955,-0.613631606102
0.657109081745,-0.154944956303,1.35741376877,-0.0763893872499,-0.0288727320731,0.784958183765,-0.614143013954
0.657108902931,-0.154930070043,1.35738062859,-0.0763489305973,-0.0287233665586,0.784593582153,-0.614620804787
0.657067596912,-0.154883205891,1.35734522343,-0.0762891694903,-0.0286214537919,0.784254491329,-0.615065574646
0.656977176666,-0.154898583889,1.35731458664,-0.0762883350253,-0.0285273138434,0.784099400043,-0.615267753601
0.657055020332,-0.154869422317,1.35733282566,-0.0765028372407,-0.0290830973536,0.783869922161,-0.615507543087
0.656939446926,-0.154868543148,1.35731732845,-0.0766063928604,-0.0290053039789,0.783660054207,-0.61576539278
0.656943202019,-0.154840707779,1.35730028152,-0.0765801891685,-0.0290955230594,0.783255875111,-0.616278409958
0.656921744347,-0.154797911644,1.35729110241,-0.0765757709742,-0.0290548279881,0.782962322235,-0.61665391922
0.656902730465,-0.154748290777,1.35728561878,-0.0765420794487,-0.029012484476,0.782687902451,-0.617008268833
0.656840026379,-0.154668956995,1.35728955269,-0.0765427872539,-0.0288893841207,0.782295644283,-0.617511332035
0.656898379326,-0.154574617743,1.35731947422,-0.0765991732478,-0.0291152577847,0.782461285591,-0.617283821106
0.656883001328,-0.154516279697,1.35732078552,-0.076554261148,-0.0290314033628,0.782215237617,-0.617605090141
0.656799852848,-0.154379621148,1.35721254349,-0.0760413110256,-0.0283072087914,0.781208515167,-0.618974685669
0.656773328781,-0.154314145446,1.35720944405,-0.0759520754218,-0.0282629206777,0.780987858772,-0.619265973568
0.65674841404,-0.154252901673,1.35720014572,-0.0758792757988,-0.0282681770623,0.780763804913,-0.619557321072
0.656719267368,-0.154175832868,1.35718917847,-0.0757752880454,-0.0282520521432,0.780519664288,-0.619878172874
0.656665384769,-0.154121220112,1.35718941689,-0.0758368968964,-0.0283116642386,0.780162036419,-0.620317995548
0.656635046005,-0.154039174318,1.35718846321,-0.075769007206,-0.0282265543938,0.779960513115,-0.620583415031
0.656483113766,-0.154040798545,1.35719704628,-0.0757088139653,-0.0280692689121,0.779926121235,-0.620641052723
0.656469106674,-0.153964072466,1.357188344,-0.0757218003273,-0.0280287135392,0.779674828053,-0.620957255363
0.656414926052,-0.153910800815,1.35718345642,-0.0758251622319,-0.0279437992722,0.779164254665,-0.621589004993
0.656375110149,-0.153841197491,1.3571716547,-0.0758209228516,-0.0279958304018,0.778908312321,-0.621907830238
0.656353712082,-0.153763264418,1.35715103149,-0.0758086442947,-0.0279544889927,0.778595507145,-0.622302651405
0.656349897385,-0.153733640909,1.35713505745,-0.0757133737206,-0.0279205739498,0.778193354607,-0.622818648815
0.656261622906,-0.153685599566,1.35712361336,-0.0758120566607,-0.0278514195234,0.778028547764,-0.623015582561
0.656232535839,-0.153544649482,1.35715484619,-0.0758790746331,-0.0277779325843,0.777776479721,-0.623325407505
0.656287610531,-0.153464302421,1.35713744164,-0.0759608969092,-0.0279478728771,0.777236938477,-0.623980283737
0.656289756298,-0.153358638287,1.35712528229,-0.076017677784,-0.0280025806278,0.776919126511,-0.624366819859
0.65627348423,-0.153292894363,1.3571447134,-0.0763575434685,-0.02850077115,0.776802122593,-0.624448180199
0.656192421913,-0.153218954802,1.3571356535,-0.0765140801668,-0.0284630376846,0.776232361794,-0.625138998032
0.656094253063,-0.153203383088,1.35711193085,-0.0765186473727,-0.028507290408,0.776044428349,-0.625369668007
0.65596985817,-0.15315489471,1.35712778568,-0.0766138732433,-0.0283351298422,0.775909125805,-0.625533699989
0.65586990118,-0.153038829565,1.35712349415,-0.0768903493881,-0.028354447335,0.775558590889,-0.625933587551
0.655801236629,-0.15298165381,1.35710263252,-0.0769228637218,-0.0282335616648,0.775284588337,-0.626274287701
0.655767142773,-0.152923345566,1.35707569122,-0.0770249739289,-0.0283120684326,0.774923622608,-0.626704871655
0.655705988407,-0.152870714664,1.35704398155,-0.077005520463,-0.0283092614263,0.774616122246,-0.62708735466
0.655765533447,-0.152788326144,1.357016325,-0.0769900083542,-0.028428485617,0.774239361286,-0.627548992634
0.655736446381,-0.152745380998,1.35700047016,-0.0770263671875,-0.0284238420427,0.774014294147,-0.627822339535
0.655645549297,-0.152678534389,1.35698449612,-0.0771096125245,-0.0284023974091,0.773715674877,-0.628180980682
0.655593514442,-0.152636349201,1.35695242882,-0.0771702006459,-0.0284603666514,0.773432791233,-0.628519296646
0.655587255955,-0.152586758137,1.35695648193,-0.077158562839,-0.0284152813256,0.773193478584,-0.628817141056
0.655549287796,-0.152521803975,1.3569521904,-0.0771956890821,-0.0283275488764,0.773031830788,-0.629015147686
0.65549492836,-0.152458533645,1.35694992542,-0.0771839469671,-0.0282961856574,0.772930264473,-0.62914288044
0.655438423157,-0.152409985662,1.35694229603,-0.0771922245622,-0.0282013975084,0.772721767426,-0.629402041435
0.655387759209,-0.152342349291,1.35694599152,-0.0771308764815,-0.0281379036605,0.77273017168,-0.629402220249
0.655294418335,-0.152312576771,1.35692620277,-0.0771470218897,-0.0279972553253,0.772672116756,-0.629477918148
0.655192315578,-0.152249455452,1.35693359375,-0.0772587582469,-0.0280231367797,0.772642731667,-0.629498898983
0.65514677763,-0.152184098959,1.35692763329,-0.0772534310818,-0.0280526094139,0.772583067417,-0.62957161665
0.65514677763,-0.152184098959,1.35692763329,-0.0772534310818,-0.0280526094139,0.772583067417,-0.62957161665
0.6550604105,-0.152092128992,1.35691523552,-0.0772859230638,-0.0281024370342,0.772436380386,-0.629745364189
0.654981136322,-0.152023538947,1.35691142082,-0.0773050114512,-0.0281190015376,0.772283554077,-0.62992978096
0.654931366444,-0.151973739266,1.35690331459,-0.0773426145315,-0.0281353350729,0.772220492363,-0.630001604557
0.654931366444,-0.151973739266,1.35690331459,-0.0773426145315,-0.0281353350729,0.772220492363,-0.630001604557
0.654790043831,-0.151833876967,1.35685610771,-0.0769843608141,-0.0277511756867,0.771914720535,-0.630437016487
0.654740035534,-0.151753813028,1.35686147213,-0.0770028010011,-0.0278193429112,0.771861255169,-0.630497336388
0.654660820961,-0.151694372296,1.35686683655,-0.0772271081805,-0.0279106758535,0.771492362022,-0.630917131901
0.654606342316,-0.151608854532,1.35687339306,-0.0772955343127,-0.0279791187495,0.771419048309,-0.630995392799
0.654557406902,-0.15153388679,1.35687470436,-0.07735388726,-0.0280358158052,0.771329462528,-0.631095349789
0.654560267925,-0.151495993137,1.35693597794,-0.0776414945722,-0.0285638105124,0.771337628365,-0.631026148796
0.654452860355,-0.151377305388,1.35693383217,-0.0777910649776,-0.0285854544491,0.771367311478,-0.630970656872
0.654437661171,-0.151236146688,1.35696530342,-0.077782265842,-0.0285930633545,0.771225512028,-0.631144583225
0.654368400574,-0.151113092899,1.35694253445,-0.0778699070215,-0.028786636889,0.771197021008,-0.63115978241
0.654284715652,-0.151011645794,1.35690414906,-0.0776533484459,-0.0283801015466,0.770849585533,-0.631629109383
0.654270768166,-0.150929614902,1.35685908794,-0.077339425683,-0.0280389077961,0.77044904232,-0.632171392441
0.654238641262,-0.150807455182,1.35695505142,-0.0781174972653,-0.0289768353105,0.770953953266,-0.63141733408
0.654248654842,-0.150746628642,1.35696649551,-0.0781256705523,-0.0289524327964,0.770879209042,-0.631508648396
0.654081523418,-0.150624394417,1.35687577724,-0.0777043104172,-0.0297635309398,0.771020770073,-0.63135021925
0.653950929642,-0.150535658002,1.35689115524,-0.0778376087546,-0.0294576343149,0.7712200284,-0.631104826927
0.653931617737,-0.150397256017,1.35685443878,-0.0779063478112,-0.0294186789542,0.771276473999,-0.631029069424
0.65400826931,-0.15030606091,1.35689377785,-0.0785236060619,-0.0284216944128,0.771292924881,-0.630978167057
0.65381360054,-0.150159791112,1.35678243637,-0.0781605541706,-0.0290458798409,0.771564424038,-0.630662858486
0.653910040855,-0.150013536215,1.35688567162,-0.0786322727799,-0.0279709901661,0.771604180336,-0.630604147911
0.653771162033,-0.149892628193,1.3567250967,-0.0778797715902,-0.0282102245837,0.771634340286,-0.630649983883
0.653793513775,-0.149800106883,1.35675120354,-0.0781417638063,-0.0284707341343,0.771922528744,-0.630253195763
0.653787732124,-0.14970420301,1.35673868656,-0.078087605536,-0.0283580645919,0.772096276283,-0.630051970482
0.65391510725,-0.149616405368,1.35681521893,-0.0784005299211,-0.0273290742189,0.772250890732,-0.629869103432
0.65388828516,-0.149523064494,1.35676956177,-0.0776466429234,-0.0280884616077,0.772416710854,-0.629725754261
0.654035747051,-0.149426132441,1.35679507256,-0.0774332731962,-0.026412172243,0.772721767426,-0.629450261593
0.65400415659,-0.149391263723,1.35677862167,-0.0773579850793,-0.026139549911,0.773047149181,-0.629071235657
0.654031813145,-0.149306684732,1.35677206516,-0.0772618278861,-0.025910275057,0.77332764864,-0.62874776125
0.654052317142,-0.149228021502,1.35676074028,-0.077089548111,-0.0256401598454,0.773725926876,-0.628289699554
0.654137790203,-0.149136513472,1.35676527023,-0.0769071057439,-0.0254394114017,0.774010956287,-0.627969145775
0.654137670994,-0.149120286107,1.35676026344,-0.0768471211195,-0.0251897890121,0.774462997913,-0.627428948879
0.65428674221,-0.149029880762,1.35680699348,-0.076851606369,-0.0254074726254,0.775126934052,-0.626599311829
0.654323518276,-0.14891988039,1.35674476624,-0.0763782635331,-0.0247374288738,0.775348961353,-0.626409232616
0.654440879822,-0.148860752583,1.35680830479,-0.0765841975808,-0.0249512977898,0.775767982006,-0.625856518745
0.654486060143,-0.14880669117,1.35680425167,-0.0764563977718,-0.0248252619058,0.776089608669,-0.62547826767
0.654734373093,-0.148532614112,1.35650599003,-0.0779385566711,-0.0239651482552,0.776175260544,-0.625222444534
0.654848575592,-0.148401975632,1.35651147366,-0.077759809792,-0.0238591264933,0.776382386684,-0.62499153614
0.654902994633,-0.148345664144,1.35652017593,-0.0776061937213,-0.0236084125936,0.776632368565,-0.624709606171
0.654977619648,-0.148300468922,1.35652410984,-0.0774129703641,-0.0233884248883,0.776972532272,-0.624318659306
0.655055522919,-0.148286104202,1.35650372505,-0.0773047730327,-0.0232309196144,0.777014136314,-0.624286174774
0.655110239983,-0.148215562105,1.35649240017,-0.0771680623293,-0.0230485592037,0.777077019215,-0.624231636524
0.655162334442,-0.148126780987,1.35647952557,-0.0769645273685,-0.0227787271142,0.777189731598,-0.624126374722
0.655260682106,-0.147931471467,1.35648083687,-0.0768752172589,-0.0226917322725,0.777160704136,-0.624176681042
0.655320167542,-0.147829458117,1.35649204254,-0.0767924040556,-0.0225534904748,0.77718269825,-0.624164521694
0.655319333076,-0.147735849023,1.35649716854,-0.0767539814115,-0.0223045945168,0.77715831995,-0.624208509922
0.655325949192,-0.147619009018,1.35659146309,-0.076762124896,-0.0219257064164,0.777248680592,-0.624108374119
0.655344247818,-0.147528395057,1.35648429394,-0.0768947675824,-0.0222204253078,0.777263939381,-0.624062657356
0.655423641205,-0.147404789925,1.35652077198,-0.0769068151712,-0.0222243312746,0.77720272541,-0.624137163162
0.655475974083,-0.147303789854,1.35655605793,-0.0768932551146,-0.0222679655999,0.777173221111,-0.624173998833
0.655634641647,-0.147175371647,1.35668802261,-0.0767141506076,-0.0221953205764,0.776993155479,-0.624422848225
0.65563762188,-0.147075027227,1.35662019253,-0.0768827423453,-0.0223680157214,0.777008473873,-0.624376893044
0.655786395073,-0.146942913532,1.35674893856,-0.0766699165106,-0.0222554858774,0.776911795139,-0.624527454376
0.655757129192,-0.146858602762,1.35668075085,-0.0768191590905,-0.0223822426051,0.776941418648,-0.624467790127
0.65590763092,-0.146762013435,1.35673475266,-0.0768051370978,-0.022523811087,0.776745915413,-0.624707520008
0.655946731567,-0.146607235074,1.35675823689,-0.0769294947386,-0.0225533563644,0.776674509048,-0.624779880047
0.656005442142,-0.146536841989,1.35682785511,-0.0767033174634,-0.0224885717034,0.776476562023,-0.625056028366
0.65621972084,-0.146432638168,1.35685110092,-0.0766373500228,-0.0228095985949,0.776036441326,-0.625598847866
0.656295955181,-0.146341279149,1.35684812069,-0.0766772329807,-0.0228127576411,0.775582551956,-0.626156389713
0.656332910061,-0.146184444427,1.3568636179,-0.0767462700605,-0.0228368137032,0.775358736515,-0.626424312592
0.656329870224,-0.146048903465,1.35691428185,-0.076871715486,-0.0229152496904,0.774939715862,-0.626924276352
0.656431794167,-0.145951405168,1.35687685013,-0.0769855678082,-0.0231475625187,0.774452745914,-0.627503216267
0.656388103962,-0.145869314671,1.35691404343,-0.0771270766854,-0.023238716647,0.774081766605,-0.627940118313
0.656597793102,-0.145776554942,1.35689818859,-0.0770984515548,-0.0236518122256,0.773195683956,-0.629018902779
0.656635046005,-0.145549491048,1.35693907738,-0.0772206559777,-0.0237954594195,0.772764027119,-0.629528820515
0.656592905521,-0.145449370146,1.35686016083,-0.0776710733771,-0.0239002835006,0.772225558758,-0.630129992962
0.656463742256,-0.145434901118,1.35675537586,-0.0773659944534,-0.0249382313341,0.771802246571,-0.630645751953
0.656706809998,-0.145299419761,1.3568072319,-0.0769133493304,-0.024836262688,0.771019816399,-0.631661176682
0.656889438629,-0.145116984844,1.35693824291,-0.0779611691833,-0.0246949177235,0.770050644875,-0.632719695568
0.656840503216,-0.145036563277,1.35680031776,-0.0783543810248,-0.0250367801636,0.769549190998,-0.633267402649
0.656904995441,-0.144884571433,1.35679399967,-0.0784763246775,-0.025257864967,0.768989622593,-0.633923113346
0.656962275505,-0.144733458757,1.35678756237,-0.0786264762282,-0.0255003497005,0.768404245377,-0.634604334831
0.657003223896,-0.144589275122,1.35677099228,-0.0784721150994,-0.0252015069127,0.767662882805,-0.635531723499
0.657049119473,-0.144443690777,1.35679066181,-0.0785712376237,-0.0253602843732,0.767136633396,-0.636148393154
0.657029092312,-0.144271895289,1.35679984093,-0.0786657854915,-0.0256751161069,0.766540229321,-0.636842548847
0.656944155693,-0.144100621343,1.35670828819,-0.0783485397696,-0.0269002001733,0.765959739685,-0.63752925396
0.657116293907,-0.143905103207,1.35691404343,-0.0784851163626,-0.0261192340404,0.765136182308,-0.638533115387
0.657232224941,-0.143682360649,1.35696494579,-0.0784673392773,-0.0262609776109,0.764495134354,-0.639296710491
0.657221436501,-0.143461704254,1.3569149971,-0.0787629783154,-0.0263898130506,0.763776004314,-0.64011412859
0.657195568085,-0.1432518363,1.35703706741,-0.0786005035043,-0.0263358056545,0.76323735714,-0.640778541565
0.657266676426,-0.143020927906,1.35709607601,-0.0786115601659,-0.0262335110456,0.762454509735,-0.641712605953
0.657293736935,-0.142773777246,1.35710847378,-0.0786897614598,-0.0263108033687,0.761660397053,-0.642642199993
0.657294929028,-0.142540082335,1.35712409019,-0.078676328063,-0.0263077877462,0.760931372643,-0.643507122993
0.657176554203,-0.142310008407,1.35703349113,-0.0782499089837,-0.0270531922579,0.760339856148,-0.644227087498
0.657229423523,-0.142004206777,1.35709023476,-0.0786191672087,-0.0265188161284,0.759678065777,-0.644984543324
0.657290160656,-0.141810849309,1.3571792841,-0.0787308961153,-0.0261287093163,0.758734941483,-0.64609593153
0.657104432583,-0.141499057412,1.35695397854,-0.078533783555,-0.0271055661142,0.758217275143,-0.646687209606
0.65716958046,-0.14129345119,1.35715770721,-0.0789051949978,-0.0259949881583,0.757433950901,-0.647604823112
0.657001137733,-0.140980362892,1.35710692406,-0.0793445184827,-0.0258038789034,0.756764173508,-0.648341417313
0.656889438629,-0.140629068017,1.35711169243,-0.0790083259344,-0.0264686271548,0.755951106548,-0.649303495884
0.656859397888,-0.140363246202,1.35720777512,-0.0798179805279,-0.0253525152802,0.755139648914,-0.650192677975
0.656668305397,-0.140061512589,1.35702109337,-0.0803987905383,-0.0255557857454,0.754588127136,-0.650753259659
0.656350910664,-0.139733895659,1.35691761971,-0.0802929848433,-0.026018768549,0.754218459129,-0.651176333427
0.656417787075,-0.139404475689,1.35695290565,-0.0813356265426,-0.0251414906234,0.753291070461,-0.652154147625
0.656317949295,-0.139024794102,1.35693144798,-0.0816894546151,-0.0248887147754,0.752727150917,-0.652770519257
0.656225085258,-0.138688147068,1.35687494278,-0.0822636336088,-0.0247830562294,0.752068042755,-0.653461754322
0.655956208706,-0.138299182057,1.35679209232,-0.0824351534247,-0.0248146560043,0.751764118671,-0.653788566589
0.656270086765,-0.137985527515,1.35690760612,-0.0825842469931,-0.0241175852716,0.750663220882,-0.655059635639
0.656224012375,-0.137666612864,1.35686612129,-0.0827246308327,-0.0239227246493,0.750247895718,-0.655524611473
0.656175553799,-0.137322127819,1.35682117939,-0.0827510207891,-0.023641679436,0.749932229519,-0.655892491341
0.656177937984,-0.136977851391,1.35685861111,-0.0826114937663,-0.0233051162213,0.749372720718,-0.656561374664
0.656031012535,-0.136587500572,1.35674107075,-0.0822816863656,-0.0234527979046,0.749196827412,-0.656798243523
0.6561409235,-0.136195272207,1.35677230358,-0.0818523690104,-0.0228595715016,0.74881786108,-0.657304704189
0.656146168709,-0.135772496462,1.35668039322,-0.081714399159,-0.0223918873817,0.748510539532,-0.657687783241
0.656126260757,-0.135345876217,1.35660493374,-0.081500954926,-0.0215631984174,0.74835985899,-0.657913446426
0.6562910676,-0.134939163923,1.35658442974,-0.0816061869264,-0.0200286377221,0.748322188854,-0.657991886139
0.656299233437,-0.134483456612,1.35647630692,-0.0814305469394,-0.0194085240364,0.748282134533,-0.658077597618
0.656117558479,-0.133974850178,1.35618793964,-0.0817624554038,-0.0188878253102,0.748386144638,-0.657933413982
0.656087994576,-0.133501127362,1.35606026649,-0.0815350562334,-0.0180504992604,0.748550057411,-0.657798647881
0.656138658524,-0.132983312011,1.3560115099,-0.0813698768616,-0.0174346808344,0.748595058918,-0.65778452158
0.656041145325,-0.132450148463,1.35594141483,-0.0807207003236,-0.0166199840605,0.748794913292,-0.657657980919
0.656036794186,-0.131876558065,1.35585069656,-0.0804766044021,-0.0160470623523,0.748930752277,-0.657547414303
0.656022369862,-0.131290435791,1.35573196411,-0.0805236026645,-0.0153452642262,0.749079942703,-0.657388627529
0.655901908875,-0.130705937743,1.35571599007,-0.080430239439,-0.0142791327089,0.749264359474,-0.657213866711
0.655647516251,-0.130239859223,1.35604846478,-0.0787496939301,-0.0138615816832,0.749619543552,-0.657021224499
0.655856966972,-0.129441812634,1.35582351685,-0.0796668976545,-0.0130049781874,0.749331593513,-0.657256662846
0.655767142773,-0.128808513284,1.35583055019,-0.0794093683362,-0.0121605955064,0.749515593052,-0.657094061375
0.655575454235,-0.128119274974,1.35566186905,-0.0790538489819,-0.0121554136276,0.749950349331,-0.656640946865
0.655526041985,-0.127486154437,1.35578012466,-0.0784493908286,-0.0114139094949,0.749936521053,-0.65674251318
0.655464053154,-0.126809045672,1.35583782196,-0.0779719278216,-0.0105967652053,0.750347614288,-0.656343221664
0.655248224735,-0.12626940012,1.35616743565,-0.0761866122484,-0.0100638372824,0.750640749931,-0.656226277351
0.655239701271,-0.125531449914,1.35587739944,-0.0774740278721,-0.00848017539829,0.751115858555,-0.655553996563
0.655301034451,-0.124812036753,1.35587060452,-0.0768417641521,-0.00763037241995,0.751360952854,-0.655357897282
0.655111968517,-0.124132186174,1.35583662987,-0.0764916613698,-0.00634741410613,0.751876413822,-0.654820978642
0.654931664467,-0.123428426683,1.35610890388,-0.0747431367636,-0.00539874844253,0.752188682556,-0.654672920704
0.654989719391,-0.122703313828,1.35614013672,-0.0748563408852,-0.00314494618215,0.752294123173,-0.654553413391
0.654810607433,-0.121975928545,1.3560359478,-0.073712207377,-0.0023353153374,0.752608835697,-0.654324889183
0.654885053635,-0.121268197894,1.35574817657,-0.0742463395,-0.000884841312654,0.752683579922,-0.654182076454
0.654872894287,-0.120504975319,1.35584712029,-0.0740497484803,0.00114464387298,0.752781867981,-0.654090881348
0.65483212471,-0.119734756649,1.35561716557,-0.0739034712315,0.00250478321686,0.753106176853,-0.653730213642
0.654573142529,-0.118977457285,1.35551095009,-0.0730870142579,0.00296712107956,0.75336933136,-0.653516829014
0.654435038567,-0.118283815682,1.35559380054,-0.0731889456511,0.00535712437704,0.753797829151,-0.652995824814
0.654443562031,-0.117432035506,1.35562956333,-0.0725200846791,0.00622445205227,0.753858983517,-0.65299230814
0.654195666313,-0.116652518511,1.35532534122,-0.0720166787505,0.00662327092141,0.754467844963,-0.652340471745
0.654135107994,-0.115840271115,1.35527586937,-0.0719046965241,0.00753423245624,0.754765093327,-0.651998996735
0.65397131443,-0.115001216531,1.35571599007,-0.0700955688953,0.00855636224151,0.755076885223,-0.651822268963
0.653958439827,-0.114160627127,1.35543203354,-0.0718141198158,0.0104583473876,0.755285143852,-0.651365935802
0.653695225716,-0.113268136978,1.35532402992,-0.0719480440021,0.0115743065253,0.755841493607,-0.650686681271
0.653540432453,-0.112388566136,1.35531055927,-0.0716193839908,0.0123652173206,0.756080806255,-0.650430381298
0.653296649456,-0.111496865749,1.3553237915,-0.0716260075569,0.0132307838649,0.756561815739,-0.649853050709
0.653195142746,-0.110529869795,1.35532784462,-0.0719375535846,0.013932434842,0.756679058075,-0.64966738224
0.652783274651,-0.109617471695,1.35527658463,-0.0715673938394,0.0138835320249,0.757247149944,-0.649047076702
0.65262567997,-0.108635917306,1.35543751717,-0.0720513835549,0.0153022464365,0.757723450661,-0.64840555191
0.652361750603,-0.107677832246,1.35545909405,-0.0722670629621,0.0159462913871,0.757905781269,-0.648152887821
0.65216511488,-0.106665924191,1.3555649519,-0.0722593292594,0.0164018385112,0.758281052113,-0.64770334959
0.651841104031,-0.105671927333,1.35559010506,-0.0725788325071,0.0172987021506,0.758880317211,-0.646942019463
0.651683211327,-0.104640677571,1.35567843914,-0.0726695656776,0.0175097696483,0.75923615694,-0.646508276463
0.651357650757,-0.103624045849,1.35583126545,-0.0724160820246,0.0181322842836,0.759945094585,-0.645686209202
0.651247322559,-0.102560132742,1.35591459274,-0.0728705003858,0.018679715693,0.760330796242,-0.645165085793
0.650812268257,-0.101456135511,1.35641181469,-0.0714964047074,0.0188939012587,0.761120676994,-0.644380807877
0.650814056396,-0.100361019373,1.35632252693,-0.0725570097566,0.019815819338,0.761458933353,-0.643834769726
0.650482594967,-0.0993037968874,1.35639095306,-0.0724197402596,0.0196057092398,0.762288272381,-0.642874598503
0.650357544422,-0.0982352644205,1.35665249825,-0.0725938603282,0.0205829963088,0.762804329395,-0.642211794853
0.650140821934,-0.0971915274858,1.35688066483,-0.0726314485073,0.0211223512888,0.763420522213,-0.641457498074
0.649824142456,-0.096091248095,1.35706579685,-0.0727820470929,0.0216984078288,0.764337182045,-0.640328645706
0.649535655975,-0.0950533896685,1.35722053051,-0.0730827897787,0.0222742408514,0.765182435513,-0.639264285564
0.649507939816,-0.0939148366451,1.3575501442,-0.0727895051241,0.0225471835583,0.765652775764,-0.638724625111
0.649527072906,-0.0927804484963,1.35778582096,-0.0728467032313,0.0228342227638,0.766149640083,-0.638111889362
0.649376690388,-0.0917067080736,1.35808861256,-0.0729377493262,0.0234784148633,0.766871869564,-0.637209951878
0.649169027805,-0.0905734226108,1.35829257965,-0.0731690824032,0.0240952707827,0.767691016197,-0.636173069477
0.649113118649,-0.0894749909639,1.35862898827,-0.0730782821774,0.0244447458535,0.768171370029,-0.635590136051
0.649046003819,-0.0883700698614,1.35883998871,-0.0733077302575,0.0251892097294,0.76879799366,-0.634776353836
0.648962914944,-0.0874058753252,1.3592274189,-0.0730580762029,0.0259428136051,0.769340634346,-0.634117245674
0.64909607172,-0.0862590223551,1.35943520069,-0.0730771869421,0.0262196920812,0.769592046738,-0.633798360825
0.648677825928,-0.0853260904551,1.35983395576,-0.0713120773435,0.0257626362145,0.770613491535,-0.632776319981
0.649005651474,-0.0841204971075,1.3598921299,-0.0722208470106,0.0265075862408,0.770755887032,-0.632468879223
0.64889472723,-0.0831405073404,1.36034870148,-0.0718453899026,0.0278462488204,0.771236717701,-0.63186776638
0.648913919926,-0.0819664597511,1.36016011238,-0.0725269690156,0.0279315356165,0.77180236578,-0.631094932556
0.648950099945,-0.0808944106102,1.36025726795,-0.0727723762393,0.0285548884422,0.772243797779,-0.630498588085
0.649016559124,-0.0798461139202,1.36042582989,-0.0725502744317,0.0287795737386,0.772576391697,-0.630106389523
0.649196684361,-0.0787581801414,1.36058402061,-0.0729272514582,0.0304951258004,0.772864162922,-0.629629075527
0.649308919907,-0.0776782184839,1.3607339859,-0.0726106539369,0.0308956131339,0.773166656494,-0.629274606705
0.649396538734,-0.0767450779676,1.36093270779,-0.0720487609506,0.0313669368625,0.77332597971,-0.629119932652
0.649242699146,-0.0754917412996,1.36069691181,-0.0725755989552,0.0313508138061,0.774057328701,-0.628160059452
0.649563074112,-0.0743171274662,1.36080157757,-0.0732611268759,0.0323923900723,0.773962140083,-0.628145158291
0.649710059166,-0.0731810182333,1.36089718342,-0.0727997496724,0.0328242890537,0.774206280708,-0.627875387669
0.649651110172,-0.0721091479063,1.36085963249,-0.0725736916065,0.0326906815171,0.774620771408,-0.627397119999
0.649887740612,-0.0708962008357,1.36085367203,-0.0721449032426,0.0331352092326,0.774882733822,-0.627099514008
0.65024715662,-0.0697717890143,1.36105203629,-0.0720976814628,0.0342962183058,0.774684965611,-0.62728703022
0.650272846222,-0.0686611831188,1.36089909077,-0.0724437311292,0.0351868793368,0.775104224682,-0.626679480076
0.650524735451,-0.0673971921206,1.36083352566,-0.0722407773137,0.0355551093817,0.775154352188,-0.626620173454
0.650442361832,-0.0664615109563,1.3609739542,-0.0707577392459,0.0360547937453,0.775642454624,-0.626156806946
0.650696218014,-0.0650855898857,1.360637784,-0.070817604661,0.0363597981632,0.775973796844,-0.625721633434
0.650926113129,-0.0640009939671,1.36071288586,-0.0693729221821,0.0363168269396,0.775881111622,-0.626000642776
0.651280224323,-0.0626644939184,1.36038041115,-0.0708417743444,0.0384777113795,0.775739967823,-0.625882208347
0.651428282261,-0.0615578629076,1.3604849577,-0.0684574022889,0.0380959585309,0.776049256325,-0.625787377357
0.651430726051,-0.0603213682771,1.36016917229,-0.0683712288737,0.0385383702815,0.776429474354,-0.62529784441
0.651866674423,-0.0589384846389,1.35968911648,-0.0686659887433,0.0388631075621,0.776292800903,-0.625415205956
0.652067780495,-0.057616289705,1.35936760902,-0.0680534243584,0.0397366210818,0.776419520378,-0.625270009041
0.652502536774,-0.0563212968409,1.35920810699,-0.067874841392,0.0409889519215,0.77620446682,-0.625475585461
0.652427494526,-0.0554760098457,1.35929751396,-0.0644405782223,0.0400674268603,0.776599645615,-0.625407755375
0.652955532074,-0.0538483001292,1.3587706089,-0.0661937817931,0.0422542802989,0.776261985302,-0.62550008297
0.65288567543,-0.0527589805424,1.35857963562,-0.0638800635934,0.041826415807,0.776551663876,-0.625409841537
0.652988553047,-0.0512731485069,1.3578453064,-0.0647062584758,0.0424716323614,0.776625037193,-0.625190317631
0.653452515602,-0.0502067841589,1.35806930065,-0.0621300265193,0.0426745712757,0.775865733624,-0.626379489899
0.653784453869,-0.0491369776428,1.35795390606,-0.0617584399879,0.0445211306214,0.775317430496,-0.626966416836
0.654058754444,-0.0476456396282,1.35739254951,-0.0625184029341,0.0455359220505,0.774866461754,-0.627375483513
0.654146492481,-0.0464332923293,1.35699880123,-0.0614640936255,0.045406665653,0.774204969406,-0.628304958344
0.654481709003,-0.0449540056288,1.35653960705,-0.0612938292325,0.0461709089577,0.773725509644,-0.628856420517
0.654752492905,-0.044024810195,1.3563555479,-0.0606674253941,0.0472412370145,0.773018300533,-0.629706799984
0.654688239098,-0.0427712276578,1.35599672794,-0.0600798279047,0.0471233986318,0.772950172424,-0.629855453968
0.654657721519,-0.041488584131,1.35544598103,-0.0600658170879,0.047623988241,0.773048698902,-0.62969815731
0.655173778534,-0.0404521897435,1.35537493229,-0.0592553243041,0.0482917502522,0.771851122379,-0.631191432476
0.655394256115,-0.0392949022353,1.35511541367,-0.0586127638817,0.0484941601753,0.771436214447,-0.631742954254
0.65571051836,-0.0379499047995,1.35469305515,-0.0585928373039,0.0484921336174,0.770911693573,-0.632385015488
0.656097590923,-0.0370182991028,1.35471975803,-0.0575027875602,0.0499185584486,0.770273566246,-0.633151113987
0.656309664249,-0.035928118974,1.35422861576,-0.057688664645,0.0502246543765,0.769955813885,-0.633496165276
0.656293213367,-0.0348949432373,1.35404002666,-0.0555955842137,0.0491125918925,0.770035564899,-0.633673667908
0.656864583492,-0.0337294973433,1.35381746292,-0.0551681146026,0.0496393293142,0.769267559052,-0.634602069855
0.657293260098,-0.0324647910893,1.3532730341,-0.0560441724956,0.0504169985652,0.768667042255,-0.635191500187
0.65743625164,-0.0315538942814,1.35322546959,-0.0543012619019,0.0500326417387,0.76852363348,-0.63554662466
0.65745306015,-0.0308088473976,1.35297679901,-0.0528031401336,0.0490025505424,0.768285512924,-0.63604092598
0.658100426197,-0.0295891053975,1.35245215893,-0.0533764772117,0.049610439688,0.767651557922,-0.636711120605
0.658077716827,-0.0287499427795,1.35234725475,-0.0522647164762,0.0491675212979,0.767843484879,-0.636606276035
0.658382594585,-0.0277846679091,1.3521437645,-0.0516116693616,0.0489707924426,0.767763674259,-0.636770904064
0.65869385004,-0.0266698487103,1.35154485703,-0.052483189851,0.0490236468613,0.767849564552,-0.636591911316
0.658933758736,-0.0259163044393,1.35152196884,-0.0507704019547,0.0482774972916,0.76787084341,-0.636762142181
0.659142196178,-0.0250348299742,1.35130882263,-0.0497029013932,0.0474883578718,0.767948687077,-0.63681191206
0.659996271133,-0.0244006030262,1.35147416592,-0.0494104884565,0.0485465154052,0.766837537289,-0.638092577457
0.660333275795,-0.0233321785927,1.35084688663,-0.0504081510007,0.0485666282475,0.766975581646,-0.637847006321
0.660497486591,-0.0225519090891,1.35057532787,-0.049263112247,0.047598335892,0.767037987709,-0.63793438673
0.660803973675,-0.0219385251403,1.35075592995,-0.0471649765968,0.0468716211617,0.766778171062,-0.638458967209
0.661138117313,-0.0211623869836,1.35048341751,-0.0475398302078,0.0476106889546,0.766480565071,-0.638733744621
0.661342322826,-0.0204095728695,1.35022306442,-0.0464680679142,0.0465461350977,0.766365110874,-0.639029443264
0.661658108234,-0.0196772702038,1.35004651546,-0.0456559881568,0.0466803535819,0.766220331192,-0.639252007008
0.661812484264,-0.0190280638635,1.34983372688,-0.0450983867049,0.0463767871261,0.766135394573,-0.63941526413
0.662325263023,-0.018644746393,1.35000550747,-0.0434153713286,0.0463332422078,0.765396177769,-0.640419483185
0.662597894669,-0.0176038891077,1.34975552559,-0.0434924177825,0.0461643747985,0.765218734741,-0.640638411045
0.662745296955,-0.0169484019279,1.34951853752,-0.0441778376698,0.0469322688878,0.765123963356,-0.640649020672
0.663082003593,-0.0164383687079,1.34950447083,-0.042381349951,0.0462661497295,0.764845967293,-0.641150653362
0.663521170616,-0.0156108736992,1.34934806824,-0.0419023297727,0.0457825288177,0.764303922653,-0.641862809658
0.66346603632,-0.0150949172676,1.34919679165,-0.0417104959488,0.0460886061192,0.764427006245,-0.641706705093
0.663512051105,-0.0142697095871,1.34898161888,-0.0416808649898,0.0457404516637,0.764642834663,-0.641476511955
0.66360938549,-0.0137741751969,1.34908366203,-0.0408646613359,0.0457382388413,0.764561533928,-0.641625881195
0.663652837276,-0.013052046299,1.34893918037,-0.0402229912579,0.0454916991293,0.764652073383,-0.641576111317
0.664003014565,-0.0125554315746,1.34899270535,-0.0399060212076,0.045725248754,0.764150440693,-0.642176747322
0.664449453354,-0.011854570359,1.34894979,-0.0393911935389,0.0458151847124,0.763592720032,-0.642865121365
0.66487300396,-0.0111203938723,1.34895539284,-0.0394020751119,0.0465858876705,0.762882351875,-0.643651902676
0.664565742016,-0.0106164254248,1.34866881371,-0.0390111580491,0.0457659699023,0.763212561607,-0.643343150616
0.664713740349,-0.0100225023925,1.34861433506,-0.0389739722013,0.0457865223289,0.762705624104,-0.643944740295
0.664940476418,-0.00937906652689,1.34858286381,-0.038637842983,0.0459003411233,0.762082695961,-0.64469397068
0.66486954689,-0.00886829569936,1.34847450256,-0.0384556539357,0.0459338128567,0.761893570423,-0.644926071167
0.665211200714,-0.00850180536509,1.34871196747,-0.0372573770583,0.0459516346455,0.761011064053,-0.646036148071
0.665273249149,-0.00773315876722,1.34854280949,-0.0376101210713,0.0461147651076,0.760656833649,-0.646420955658
0.665150463581,-0.00713431835175,1.34821271896,-0.0380484163761,0.0460697636008,0.76052993536,-0.646547853947
0.665177166462,-0.00655096396804,1.34812700748,-0.0379106663167,0.0461859032512,0.760181903839,-0.646956920624
0.665207266808,-0.00600426644087,1.34805226326,-0.0379421077669,0.0463193394244,0.759500324726,-0.647745609283
0.66511118412,-0.00531881675124,1.34789669514,-0.0376939103007,0.0461024753749,0.759280979633,-0.648032546043
0.665012717247,-0.00488371402025,1.34796345234,-0.0371583998203,0.0463497415185,0.759160578251,-0.648186862469
0.665355265141,-0.00448715686798,1.34802007675,-0.0366359911859,0.0462739206851,0.75823611021,-0.649303257465
0.665428757668,-0.00367452576756,1.34777367115,-0.0373420156538,0.0465869903564,0.757731735706,-0.649829089642
0.665428161621,-0.0030887760222,1.34759306908,-0.0377001054585,0.0469088032842,0.757295489311,-0.650293707848
0.665605485439,-0.00287394970655,1.34779644012,-0.0378553904593,0.0480879954994,0.756604909897,-0.651002049446
0.665332496166,-0.00216369703412,1.34746587276,-0.0378678180277,0.0474507808685,0.75689470768,-0.650711119175
0.665186345577,-0.00157242640853,1.34731197357,-0.0378169044852,0.0472848936915,0.756915450096,-0.650701999664
0.665302693844,-0.00123613327742,1.34757685661,-0.0366024449468,0.0475926585495,0.75626295805,-0.651507139206
0.665242493153,-0.000543523579836,1.3471865654,-0.0374938175082,0.0477517172694,0.756245613098,-0.651464939117
0.665186464787,-5.47952950001e-05,1.34711802006,-0.0374103114009,0.0479473620653,0.755929172039,-0.651822626591
0.66526889801,0.000363450497389,1.34715223312,-0.0373721458018,0.0487785562873,0.755624890327,-0.652115821838
0.665234684944,0.000817164778709,1.34709727764,-0.0372189171612,0.0492172762752,0.755568981171,-0.652156412601
0.665252327919,0.00135335698724,1.34705650806,-0.0370707884431,0.0494603179395,0.755380392075,-0.652364909649
0.665104866028,0.0015628747642,1.34714341164,-0.0359250865877,0.0508405007422,0.754200398922,-0.653686881065
0.664982557297,0.00198559835553,1.3470968008,-0.0358043499291,0.0514743737876,0.754272758961,-0.6535602808
0.664766788483,0.00275363400578,1.34682679176,-0.0363607704639,0.0510400012136,0.755023121834,-0.652696728706
0.664693534374,0.00319723039865,1.34681200981,-0.0359256118536,0.0513104759157,0.755060613155,-0.652656257153
0.664513170719,0.00365403294563,1.34669542313,-0.0359195098281,0.0515267588198,0.755262494087,-0.65240585804
0.664357304573,0.00401926413178,1.34664678574,-0.035774346441,0.0518914051354,0.755388200283,-0.652239382267
0.664252519608,0.00432659685612,1.3466899395,-0.035302951932,0.0518908016384,0.755439579487,-0.652205646038
0.664189934731,0.0047010704875,1.34672307968,-0.0351115651429,0.0520445890725,0.755465149879,-0.652173995972
0.664356172085,0.00512181967497,1.34683096409,-0.0351545624435,0.0525679700077,0.755044519901,-0.652616739273
0.664406836033,0.00559552758932,1.34687054157,-0.0349594205618,0.0526639446616,0.755680322647,-0.651883304119
0.664392769337,0.00588802993298,1.34699845314,-0.0343171693385,0.0522793121636,0.755618691444,-0.652019679546
0.664455592632,0.00635098293424,1.34719443321,-0.0340974479914,0.0523208342493,0.755441844463,-0.652232825756
0.664412260056,0.00678518041968,1.34724140167,-0.0343342386186,0.0520490966737,0.75545912981,-0.652222156525
0.6642999053,0.00703367963433,1.34726011753,-0.034355096519,0.0515270084143,0.755540668964,-0.652167975903
0.664260625839,0.00734198465943,1.34732508659,-0.0342090651393,0.0510737858713,0.755784749985,-0.651928544044
0.664234697819,0.00762024521828,1.34739327431,-0.0342264212668,0.0503956191242,0.75602209568,-0.651704967022
0.664413869381,0.00773500651121,1.34760546684,-0.0345708839595,0.0505349822342,0.755930244923,-0.651782631874
0.664405524731,0.00794707611203,1.34769785404,-0.0347841233015,0.0495954304934,0.756075263023,-0.651675224304
0.664270997047,0.00811924412847,1.34769284725,-0.0343831516802,0.0494412817061,0.755395293236,-0.652496278286
0.664395689964,0.00837159901857,1.34784889221,-0.034974142909,0.047718077898,0.75659018755,-0.651207566261
0.664076864719,0.00872924551368,1.34761583805,-0.0351049005985,0.0456892438233,0.757560610771,-0.65021699667
0.66434520483,0.00872656330466,1.34788548946,-0.0347201153636,0.044894259423,0.757306337357,-0.650589227676
0.664388298988,0.00887447595596,1.34792435169,-0.0347274318337,0.0438186042011,0.757503330708,-0.650432765484
0.664414465427,0.00901858136058,1.34798276424,-0.0346960052848,0.0428007356822,0.757836520672,-0.650113999844
0.664481163025,0.00914750620723,1.3479950428,-0.0348094590008,0.0417698062956,0.757962882519,-0.650027692318
0.664548575878,0.00926091521978,1.34803831577,-0.0348865278065,0.0408845245838,0.75810945034,-0.649908781052
0.664631605148,0.00939067080617,1.34805226326,-0.0349286161363,0.0399924106896,0.758206248283,-0.649849295616
0.664790034294,0.0094307102263,1.34812676907,-0.0355109497905,0.0402025729418,0.758030235767,-0.650009930134
0.664868056774,0.0095484033227,1.34812688828,-0.035472843796,0.039654430002,0.75797355175,-0.650111734867
0.664771258831,0.00970055535436,1.34809708595,-0.0350058488548,0.0386253744364,0.758135080338,-0.650010824203
0.664872646332,0.00978867709637,1.34807276726,-0.0348032787442,0.0382606424391,0.758019506931,-0.650177896023
0.664978861809,0.00996313244104,1.34789681435,-0.0351257920265,0.037944752723,0.758110404015,-0.650073170662
0.665067195892,0.0101826973259,1.3478051424,-0.0353121906519,0.0378367267549,0.75810366869,-0.650077223778
0.665169537067,0.0101531744003,1.34783267975,-0.0344636589289,0.0372766293585,0.758027613163,-0.65024381876
0.665283322334,0.0102206468582,1.34778821468,-0.0340655297041,0.0369434282184,0.758022844791,-0.650289356709
0.665363371372,0.0102350227535,1.34774553776,-0.0336710475385,0.0367619656026,0.758097112179,-0.650233507156
0.665494084358,0.0103231742978,1.34769868851,-0.0329868979752,0.0367182418704,0.758227825165,-0.650118649006
0.66560292244,0.010365433991,1.34763526917,-0.0327230617404,0.0366093367338,0.758253574371,-0.650108098984
0.665844857693,0.0105156227946,1.34792554379,-0.0309385154396,0.0361062660813,0.757942259312,-0.650586605072
0.66546946764,0.0105611942708,1.34766077995,-0.0300811063498,0.0346956886351,0.758606851101,-0.649928569794
0.665480673313,0.0105991251767,1.34759640694,-0.0298373736441,0.034484218806,0.758560538292,-0.650005042553
0.665536224842,0.0106712728739,1.34754276276,-0.0295588336885,0.0343964397907,0.758433401585,-0.65017080307
0.665738523006,0.0107316672802,1.34764575958,-0.0289953872561,0.0344257242978,0.758115947247,-0.650564730167
0.665631949902,0.0108268074691,1.34747183323,-0.0291309431195,0.0342313088477,0.758297860622,-0.650356829166
0.66565823555,0.0108898058534,1.34742951393,-0.0290317181498,0.0340063683689,0.758204758167,-0.650481581688
0.665945529938,0.0108555555344,1.34763669968,-0.0287876948714,0.0343766771257,0.757693588734,-0.65106844902
0.665890395641,0.0110028348863,1.34752202034,-0.0286291409284,0.0336670093238,0.757845163345,-0.650936126709
0.665920197964,0.0110490731895,1.34751188755,-0.0286275874823,0.03344810009,0.757847607136,-0.650944590569
0.665917038918,0.0110574737191,1.34747648239,-0.0286740530282,0.0331769585609,0.757930874825,-0.650859296322
0.666000127792,0.0111856870353,1.34747600555,-0.0285723134875,0.0327676013112,0.757957756519,-0.650853335857
0.666193604469,0.011148430407,1.34756803513,-0.0286313276738,0.0329699851573,0.757767915726,-0.651061475277
0.666092813015,0.0112535916269,1.34746479988,-0.028597753495,0.032280664891,0.758144915104,-0.650658428669
0.666295707226,0.0112328976393,1.34755444527,-0.0286469515413,0.0323677510023,0.758168339729,-0.650624752045
0.666426181793,0.0111446306109,1.34756731987,-0.0286697801203,0.032168392092,0.758144915104,-0.650660932064
0.666310012341,0.0113648511469,1.34735774994,-0.0291279386729,0.0316037759185,0.758754312992,-0.649957537651
0.666428089142,0.0114082656801,1.34710109234,-0.0303681623191,0.0316680856049,0.758662581444,-0.65000462532
0.666469156742,0.0115381255746,1.34706068039,-0.0306780859828,0.031648427248,0.758824169636,-0.649802327156
0.666489005089,0.0115690901875,1.34704494476,-0.0307376403362,0.0314666479826,0.758986711502,-0.649618685246
0.666349887848,0.011410035193,1.34733390808,-0.0293867420405,0.0309725347906,0.759317278862,-0.649318397045
0.666368663311,0.0114510431886,1.34730923176,-0.0295152775943,0.0308707654476,0.759482979774,-0.649123728275
0.666417777538,0.0116209313273,1.34731388092,-0.0296786706895,0.0309273302555,0.759651482105,-0.648916244507
0.666435182095,0.0116507261992,1.34723961353,-0.0298868324608,0.0308312345296,0.75985121727,-0.648677408695
0.666573524475,0.0116506069899,1.34739494324,-0.0296008493751,0.0309983566403,0.759809851646,-0.648730993271
0.666588306427,0.0116613581777,1.3473764658,-0.0295824799687,0.0309952367097,0.760118663311,-0.648370146751
0.666566967964,0.0116833858192,1.34734177589,-0.0295748654753,0.0310781113803,0.760375678539,-0.648065149784
0.666562616825,0.0116785541177,1.34731972218,-0.0296434536576,0.0310905631632,0.760634064674,-0.647757947445
0.666540086269,0.0116751864552,1.34728825092,-0.0296446364373,0.0312222000211,0.760791301727,-0.647567093372
0.666363954544,0.0117066279054,1.34716367722,-0.0295334439725,0.030990825966,0.761200547218,-0.647102117538
0.666323363781,0.0117079205811,1.34712016582,-0.0295110289007,0.0313025265932,0.761458456516,-0.6467846632
0.666251838207,0.011696241796,1.34707200527,-0.0295787863433,0.0315320789814,0.761654794216,-0.646539032459
0.666304051876,0.0116327442229,1.34709823132,-0.0304733142257,0.0329852513969,0.76168602705,-0.646388351917
0.666045188904,0.0115737244487,1.34699356556,-0.0302708409727,0.0328117087483,0.762152910233,-0.645856082439
0.665974736214,0.0115646235645,1.34697031975,-0.0302565954626,0.0330817215145,0.762404382229,-0.645546019077
0.666263639927,0.0117547884583,1.34674572945,-0.0320216678083,0.0344728603959,0.762177944183,-0.645655572414
0.665983974934,0.0117096081376,1.34689474106,-0.0306723341346,0.0338866710663,0.762660801411,-0.645181775093
0.665938317776,0.0117297060788,1.34685182571,-0.0306320860982,0.0341225229204,0.762957811356,-0.644820034504
0.66604757309,0.0115230493248,1.34697234631,-0.030360488221,0.0345647074282,0.762878239155,-0.644903481007
0.665677428246,0.0117146968842,1.34666466713,-0.0305743999779,0.0338140837848,0.763805925846,-0.643834173679
0.66561383009,0.0117016248405,1.3466398716,-0.0306950267404,0.0340544469655,0.764213681221,-0.643331468105
0.665611922741,0.0117257870734,1.34664368629,-0.0307826865464,0.0342582203448,0.764645695686,-0.642803132534
0.665506184101,0.0117052905262,1.34664559364,-0.0309541281313,0.0346145182848,0.76508718729,-0.642250239849
0.665470957756,0.0116055160761,1.34671521187,-0.0309303551912,0.0349990986288,0.765358567238,-0.641907095909
0.66530662775,0.0116419009864,1.34661507607,-0.0313020981848,0.035348765552,0.765970051289,-0.64114010334
0.665310323238,0.0116146840155,1.34640598297,-0.0325849018991,0.0359995365143,0.766235411167,-0.640722811222
0.665309071541,0.0117677897215,1.34634959698,-0.0329881645739,0.0362144373357,0.766564309597,-0.640296459198
0.665193796158,0.0116246044636,1.34659516811,-0.0318466760218,0.035695631057,0.766888856888,-0.639994680882
0.665350317955,0.0117912553251,1.34611916542,-0.0345610976219,0.0367782302201,0.767120361328,-0.639514803886
0.665105640888,0.01157361269,1.34643387794,-0.0334320366383,0.0364897027612,0.767656326294,-0.638948023319
0.665112555027,0.0117109492421,1.34642255306,-0.0339243412018,0.0365534424782,0.768081367016,-0.6384075284
0.665053486824,0.0116263926029,1.34629499912,-0.0348818190396,0.0368207842112,0.768429517746,-0.637921333313
0.665008604527,0.0115733556449,1.34633553028,-0.0351562462747,0.0369184873998,0.768742322922,-0.637523531914
0.66507679224,0.0112890079618,1.34662914276,-0.034675873816,0.0371669642627,0.768785297871,-0.637483716011
0.665006816387,0.0110893510282,1.34684431553,-0.0341677516699,0.037069324404,0.769049406052,-0.637198209763
0.664888203144,0.0111556276679,1.34678852558,-0.0345571227372,0.0371079593897,0.769413650036,-0.636735081673
0.664819180965,0.0108493901789,1.34686601162,-0.0343769267201,0.0371567346156,0.769553720951,-0.636572599411
0.66455167532,0.0109201148152,1.34666860104,-0.0351925306022,0.0371450521052,0.770054340363,-0.635922908783
0.66448956728,0.0108573064208,1.34665966034,-0.0353899933398,0.0373012535274,0.77018815279,-0.635740816593
0.664462566376,0.0107927508652,1.34661376476,-0.0355551205575,0.0373538695276,0.770189106464,-0.635727286339
0.66436290741,0.0107222050428,1.3465975523,-0.0358162522316,0.0374525412917,0.770203649998,-0.63568931818
0.664438664913,0.0109336525202,1.34625399113,-0.0377338416874,0.0382747873664,0.770127654076,-0.635621488094
0.664339244366,0.0108690448105,1.34621536732,-0.0378366187215,0.0386289209127,0.770124614239,-0.635597586632
0.664379000664,0.010583460331,1.3463755846,-0.0374837480485,0.0393791310489,0.769872844219,-0.635877370834
0.664111077785,0.0107228644192,1.34615492821,-0.0380565002561,0.0396063476801,0.770269036293,-0.635349333286
0.664009332657,0.0106454193592,1.34612333775,-0.0380309261382,0.040094319731,0.770370721817,-0.63519692421
0.663914561272,0.01063721627,1.34605169296,-0.038163356483,0.0404819399118,0.770503401756,-0.635003328323
0.663649082184,0.0102758854628,1.34630191326,-0.0364721529186,0.0402568802238,0.770708978176,-0.634867727757
0.663572192192,0.0102037787437,1.34625720978,-0.0364562161267,0.0406033806503,0.770792484283,-0.634745001793
0.663660764694,0.0101192444563,1.34637129307,-0.0361015759408,0.0412513278425,0.770685851574,-0.634853065014
0.663596093655,0.0100438892841,1.34632658958,-0.0360964126885,0.0415848828852,0.770797669888,-0.634695708752
0.663529753685,0.00994699448347,1.34629833698,-0.0360795855522,0.0419554077089,0.770871698856,-0.634582459927
0.663449466228,0.00982932001352,1.34627306461,-0.0360660143197,0.0423325709999,0.770998895168,-0.634403705597
0.663220822811,0.00978984683752,1.34615564346,-0.0360120311379,0.0423488281667,0.771378159523,-0.633944451809
0.663425564766,0.00955904275179,1.34625756741,-0.0360406078398,0.0431878976524,0.771033108234,-0.634305715561
0.663473963737,0.00961071997881,1.34596538544,-0.0373766869307,0.0440278984606,0.771052777767,-0.634146869183
0.663195014,0.00966442376375,1.34569847584,-0.0378866195679,0.044213462621,0.771623969078,-0.633408546448
0.663151681423,0.00955883041024,1.34564816952,-0.0378636866808,0.0446545146406,0.771776497364,-0.633193016052
0.663014292717,0.00944248214364,1.34559297562,-0.0379525832832,0.0451427288353,0.771925806999,-0.632971048355
0.662811815739,0.00933149829507,1.34543645382,-0.0379613526165,0.0450254380703,0.772196829319,-0.632648169994
0.662675082684,0.00928643718362,1.34542953968,-0.0379745438695,0.0454134047031,0.77233928442,-0.632445812225
0.662514030933,0.00913928076625,1.3453810215,-0.0381433777511,0.0458539910614,0.772367477417,-0.632369458675
0.662652671337,0.00892741978168,1.34555971622,-0.0387136600912,0.0475273877382,0.771983861923,-0.632679641247
0.662508845329,0.00881455466151,1.34550595284,-0.0387149639428,0.0478589832783,0.772034823895,-0.632592260838
0.662633597851,0.00826826691628,1.34592008591,-0.037043005228,0.0480243787169,0.771463036537,-0.633377015591
0.66222602129,0.00805089622736,1.34601402283,-0.0352507904172,0.0468785613775,0.771773219109,-0.633187055588
0.661815583706,0.00828009843826,1.34556365013,-0.0365288481116,0.0473166741431,0.772274017334,-0.632471084595
0.66181999445,0.00822115316987,1.34537088871,-0.0374753586948,0.0480449311435,0.771757125854,-0.632991671562
0.661609113216,0.00816832110286,1.34533202648,-0.0373158715665,0.0477629341185,0.771413385868,-0.633441209793
0.661445140839,0.00805174931884,1.34535503387,-0.0372532755136,0.0477898232639,0.771037697792,-0.633899986744
0.661410033703,0.00787112861872,1.34550881386,-0.0375654511154,0.0479716323316,0.770179271698,-0.634910523891
0.66116476059,0.00773882865906,1.34558463097,-0.0378122515976,0.0479931011796,0.769450008869,-0.635777890682
0.660981893539,0.00761207938194,1.345662117,-0.0380682721734,0.0477556809783,0.768901824951,-0.636443436146
0.660707116127,0.0074216350913,1.34578967094,-0.0386773683131,0.0471710041165,0.767952919006,-0.637595117092
0.660288870335,0.00696575269103,1.3462921381,-0.0370068401098,0.046089258045,0.767688393593,-0.638091504574
0.66013199091,0.00692188367248,1.34636569023,-0.037573646754,0.0457875579596,0.767048358917,-0.638849496841
0.659903228283,0.00675972923636,1.34639394283,-0.0385145545006,0.0450153313577,0.766314506531,-0.639728367329
0.659719288349,0.00654298067093,1.34650230408,-0.0389202386141,0.0445544607937,0.765996158123,-0.640117228031
0.65982145071,0.0061565451324,1.34654736519,-0.0401628129184,0.0445111840963,0.764896214008,-0.641357660294
0.659485936165,0.00614960119128,1.34646451473,-0.0410279892385,0.0438185147941,0.764757335186,-0.641516149044
0.65918302536,0.00571697950363,1.34680175781,-0.0402176715434,0.0427301153541,0.764599204063,-0.641829311848
0.658967018127,0.00561815872788,1.34662818909,-0.0415976382792,0.0420129150152,0.764318287373,-0.642123162746
0.658793747425,0.00513306260109,1.34705281258,-0.0408755913377,0.0411927774549,0.763882517815,-0.642741084099
0.658383786678,0.00488602370024,1.34706330299,-0.0418889336288,0.0406415499747,0.763781309128,-0.642831146717
0.658529877663,0.00454346835613,1.34723448753,-0.0428801253438,0.0404485873878,0.762708485126,-0.644050598145
0.658214330673,0.0042568333447,1.34717774391,-0.0430835597217,0.039060857147,0.762258946896,-0.644654512405
0.657893180847,0.00396481901407,1.34722912312,-0.0438166595995,0.0386830829084,0.761761367321,-0.645215809345
0.657700836658,0.00357705354691,1.34722971916,-0.0445442460477,0.0379236377776,0.760963499546,-0.646151840687
0.6574395895,0.00313046574593,1.3472994566,-0.0448302328587,0.036991328001,0.75999891758,-0.647320389748
0.657216727734,0.00291761383414,1.3473110199,-0.0457946769893,0.0364342480898,0.759278476238,-0.648129284382
0.656850636005,0.00264654308558,1.34728753567,-0.0460112765431,0.035384926945,0.758509337902,-0.649072110653
0.65690600872,0.00195962935686,1.34754276276,-0.0466383323073,0.0350880287588,0.757148504257,-0.650630354881
0.65671813488,0.0014591217041,1.34757483006,-0.046848744154,0.0344594083726,0.756073772907,-0.65189743042
0.656342506409,0.00148068368435,1.34715425968,-0.0488828793168,0.0341197252274,0.755828380585,-0.652050673962
0.656243681908,0.000864628702402,1.34732151031,-0.0493076592684,0.033577747643,0.754495799541,-0.653588175774
0.656092822552,0.000463079661131,1.34731888771,-0.0497676581144,0.0331134647131,0.753833174706,-0.654341042042
0.655729115009,-3.81171703339e-05,1.34725701809,-0.0499123521149,0.0320175252855,0.753452718258,-0.654822587967
0.655748426914,-0.000380743294954,1.34733080864,-0.0509537644684,0.0320011489093,0.752149343491,-0.656240105629
0.655630886555,-0.000805698335171,1.34731006622,-0.0513045191765,0.0316192694008,0.751546740532,-0.656921267509
0.655441045761,-0.00132456049323,1.34726202488,-0.0516938008368,0.0312635377049,0.750933229923,-0.657609164715
0.655381441116,-0.00178056210279,1.34733557701,-0.0522476732731,0.0305954460055,0.749922454357,-0.658749103546
0.65525072813,-0.00229996070266,1.34735298157,-0.0526153929532,0.0302638076246,0.749410390854,-0.659317672253
0.655113935471,-0.00287308171391,1.34738743305,-0.0524698197842,0.029808588326,0.748920500278,-0.659906446934
0.65463745594,-0.00307020545006,1.34709489346,-0.0536558032036,0.0290446411818,0.74868452549,-0.660112857819
0.654501080513,-0.00356406718493,1.34710025787,-0.0540704093874,0.0286080799997,0.748117804527,-0.660740375519
0.654551386833,-0.00416190177202,1.34719872475,-0.054433517158,0.028521116823,0.747261583805,-0.661682426929
0.654422283173,-0.00484542548656,1.34728729725,-0.0542594492435,0.028106642887,0.746610045433,-0.662449598312
0.654331326485,-0.00526898726821,1.34725034237,-0.0548805817962,0.0279936846346,0.745872080326,-0.663234055042
0.654424548149,-0.00582556053996,1.34761023521,-0.0541071072221,0.0275490228087,0.744825541973,-0.664491117001
0.654343664646,-0.00647275149822,1.34762680531,-0.0544059313834,0.0270462352782,0.744186460972,-0.665203094482
0.654286444187,-0.00709460303187,1.34731221199,-0.0557970069349,0.0270053017884,0.743373990059,-0.665997445583
0.653789997101,-0.00781951844692,1.34748601913,-0.0546891726553,0.0261075571179,0.743221282959,-0.666295468807
0.653784811497,-0.00833693146706,1.3474509716,-0.0554153770208,0.025474216789,0.742333471775,-0.667249023914
0.65387481451,-0.00918567925692,1.3476485014,-0.0550595335662,0.0253569670022,0.741334915161,-0.668392181396
0.654036998749,-0.00973924994469,1.34736871719,-0.0567000284791,0.0255631450564,0.740104019642,-0.669610202312
0.653675079346,-0.0103685669601,1.34752774239,-0.0558417961001,0.0244305208325,0.739838421345,-0.670017838478
0.653621971607,-0.0111605599523,1.34757316113,-0.0560304038227,0.0239467546344,0.738945543766,-0.671004354954
0.653722643852,-0.011848103255,1.3473316431,-0.0571585781872,0.0237787012011,0.737834811211,-0.672136306763
0.653956592083,-0.0127777270973,1.34789907932,-0.0557347498834,0.0235801078379,0.73639947176,-0.67383491993
0.653674662113,-0.013476382941,1.34772932529,-0.0562687516212,0.0229949876666,0.736076235771,-0.674163818359
0.653808057308,-0.0142564326525,1.34789061546,-0.0563218854368,0.0223042331636,0.734798789024,-0.675574660301
0.653710901737,-0.0149997510016,1.34782195091,-0.0564871169627,0.0217064321041,0.733884453773,-0.676573514938
0.653764545918,-0.0157269276679,1.34783184528,-0.0566877350211,0.0212078597397,0.732930541039,-0.677605807781
0.653705775738,-0.0166101120412,1.34796202183,-0.0569115951657,0.0204938165843,0.732052087784,-0.678557932377
0.653964102268,-0.0175604335964,1.34822154045,-0.0567064061761,0.0203353445977,0.730628728867,-0.680112242699
0.65382117033,-0.0182101726532,1.34808719158,-0.057464774698,0.0192148052156,0.729794979095,-0.680975675583
0.653858244419,-0.0191130153835,1.34824693203,-0.0575215816498,0.0187055747956,0.728766798973,-0.68208527565
0.653745174408,-0.0198666639626,1.34826278687,-0.0577205754817,0.0175488255918,0.728027999401,-0.682887673378
0.653921246529,-0.0208530053496,1.34851622581,-0.0572674870491,0.0171906016767,0.726584076881,-0.684471070766
0.654082596302,-0.0217515751719,1.34859979153,-0.0579796619713,0.0163252539933,0.725216209888,-0.685881495476
0.654318988323,-0.0225754529238,1.34857773781,-0.0591160953045,0.0160378329456,0.724004328251,-0.68707048893
0.654124855995,-0.0238166972995,1.34904682636,-0.0568224750459,0.0145078692585,0.723228216171,-0.688114583492
0.654323935509,-0.0243873037398,1.348934412,-0.0589695684612,0.0140529507771,0.721524238586,-0.689730465412
0.654229104519,-0.025712903589,1.3494695425,-0.0569807738066,0.0127531923354,0.720492184162,-0.691000461578
0.65411221981,-0.0264590419829,1.34953761101,-0.0576250217855,0.0115686338395,0.719485342503,-0.69201618433
0.654640495777,-0.0274282246828,1.34980773926,-0.0587843097746,0.0118764592335,0.717010498047,-0.694477856159
0.654430747032,-0.0283251591027,1.34994506836,-0.0586251057684,0.0112650012597,0.714782714844,-0.69679415226
0.654423177242,-0.0292678326368,1.35013973713,-0.0590191669762,0.00946483761072,0.714371442795,-0.697209179401
0.654735505581,-0.0301685295999,1.35021603107,-0.0605396740139,0.00898822583258,0.712400555611,-0.699099183083
0.654211401939,-0.0312310755253,1.35104727745,-0.0577394776046,0.00704185478389,0.711364746094,-0.700411915779
0.654179334641,-0.0323306061327,1.35136723518,-0.0579982548952,0.00644753687084,0.709973335266,-0.701806724072
0.654092490673,-0.0333127714694,1.35169732571,-0.057643443346,0.00494117802009,0.708212375641,-0.70362496376
0.65379846096,-0.0342720039189,1.35183703899,-0.0581156276166,0.00320227444172,0.706935405731,-0.704879105091
0.654383838177,-0.0350325554609,1.35176336765,-0.0571012273431,0.0058115455322,0.706009924412,-0.705872178078
0.6537348032,-0.0364794619381,1.35251832008,-0.0598738864064,-6.84223268763e-05,0.701902627945,-0.70975202322
0.653698444366,-0.0373095571995,1.3529227972,-0.0597557574511,-0.000985329505056,0.69987821579,-0.711757481098
0.653976023197,-0.0380541011691,1.35301017761,-0.0574596934021,0.00158374232706,0.700984954834,-0.710855841637
0.653980612755,-0.0391009673476,1.35356807709,-0.0576418638229,0.000209865916986,0.698694169521,-0.713094472885
0.653928399086,-0.0402629002929,1.35398733616,-0.0620852671564,-0.00384100829251,0.694674313068,-0.716629981995
0.653958797455,-0.0411287732422,1.35421228409,-0.0593873299658,-0.0026480879169,0.694509506226,-0.717023491859
0.653694450855,-0.04239269346,1.35491871834,-0.062912337482,-0.00703839119524,0.690567016602,-0.720492660999
0.653631865978,-0.043359965086,1.35536313057,-0.0634393543005,-0.00857750885189,0.688777863979,-0.722140491009
0.653724551201,-0.0442741438746,1.35566174984,-0.0607393421233,-0.0068825786002,0.688290476799,-0.722855329514
0.653531372547,-0.0451697036624,1.35597145557,-0.0618934258819,-0.0096314959228,0.686811625957,-0.724131345749
0.653319895267,-0.0461680069566,1.35643935204,-0.062548674643,-0.0109378471971,0.684806406498,-0.72595334053
0.653377652168,-0.0475053451955,1.35701870918,-0.062989577651,-0.0106035368517,0.682108700275,-0.728455662727
0.653209865093,-0.0484174117446,1.3573987484,-0.0635787174106,-0.0121099036187,0.680142402649,-0.730217456818
0.652930319309,-0.0494403317571,1.35787200928,-0.063775934279,-0.0133661245927,0.678397059441,-0.731800198555
0.652825593948,-0.0503108128905,1.35829544067,-0.0643205493689,-0.0148099027574,0.676314175129,-0.733650267124
0.652843356133,-0.0514025911689,1.35893833637,-0.0654686763883,-0.0143795516342,0.674417674541,-0.735301315784
0.652589142323,-0.052331507206,1.35931444168,-0.0656287893653,-0.0155079551041,0.672596096992,-0.736930727959
0.652370035648,-0.0533417537808,1.3596688509,-0.0659196972847,-0.0164726097137,0.67116522789,-0.738187372684
0.652170240879,-0.0541935414076,1.36003112793,-0.06593516469,-0.0173026267439,0.669519662857,-0.73965972662
0.651865243912,-0.0548615045846,1.36023128033,-0.0659007877111,-0.0189987514168,0.668018102646,-0.74097776413
0.651639640331,-0.0560835599899,1.36090314388,-0.0688023492694,-0.0221120323986,0.664883315563,-0.743443012238
0.651484310627,-0.0569588840008,1.36122298241,-0.0688530802727,-0.0227671507746,0.663631498814,-0.744536221027
0.651245296001,-0.0578570961952,1.36150896549,-0.0686536207795,-0.0233092252165,0.662545919418,-0.745504081249
0.650936424732,-0.0587655082345,1.36173415184,-0.0688036382198,-0.02394817397,0.661419510841,-0.746469557285
0.650771915913,-0.0596519708633,1.36195862293,-0.0685564130545,-0.0245800483972,0.660397291183,-0.747376322746
0.650650978088,-0.0603247098625,1.36214327812,-0.0686014592648,-0.0251891519874,0.65901440382,-0.748571634293
0.650150239468,-0.0611471310258,1.36231672764,-0.0680155530572,-0.0264105517417,0.658478498459,-0.749054372311
0.650118410587,-0.0621320083737,1.36255526543,-0.0683420598507,-0.0259095709771,0.657623052597,-0.749793350697
0.650037884712,-0.0628585889935,1.36271166801,-0.0681410357356,-0.0266708079726,0.656466841698,-0.750797510147
0.649733543396,-0.0638134256005,1.36284005642,-0.068293556571,-0.0268797986209,0.655582606792,-0.751548469067
0.649725735188,-0.0645496696234,1.36301863194,-0.0680719539523,-0.0273409634829,0.654492199421,-0.752501606941
0.649411439896,-0.0655252411962,1.36327457428,-0.0677092075348,-0.0272701922804,0.654120445251,-0.75286012888
0.649104058743,-0.0662097558379,1.36327290535,-0.0679100081325,-0.0278390254825,0.653542757034,-0.753322780132
0.648952722549,-0.0668555349112,1.36340880394,-0.0677646026015,-0.0285044200718,0.652438879013,-0.754267215729
0.648754000664,-0.0677560269833,1.36355149746,-0.0676145777106,-0.0284546725452,0.652076721191,-0.754595637321
0.648643493652,-0.0684018880129,1.3636649847,-0.0674575865269,-0.0288698133081,0.651498556137,-0.755093276501
0.648394584656,-0.0691600516438,1.36378085613,-0.0673999711871,-0.0288293100893,0.651213765144,-0.755345582962
0.648155868053,-0.0699053704739,1.36387372017,-0.0671392828226,-0.0289140082896,0.651039838791,-0.7555154562
0.647815823555,-0.070554330945,1.36389541626,-0.0670939460397,-0.0292790383101,0.650849640369,-0.755669176579
0.647652804852,-0.0712960064411,1.36405074596,-0.0668171346188,-0.0292457230389,0.650622308254,-0.755890846252
0.64731502533,-0.0721660107374,1.36414909363,-0.066694714129,-0.0289102848619,0.650630712509,-0.75590723753
0.647181689739,-0.0726795122027,1.3642166853,-0.0663208588958,-0.0290547180921,0.650440096855,-0.756098687649
0.64699536562,-0.0733431503177,1.3642565012,-0.0662972480059,-0.0290906913579,0.6502841115,-0.756233394146
0.646705627441,-0.07412289083,1.36431026459,-0.0661133676767,-0.0288205686957,0.650582611561,-0.756003141403
0.646540880203,-0.0746772959828,1.36436271667,-0.0658923760056,-0.0286707822233,0.650617003441,-0.755998551846
0.646158218384,-0.0750727057457,1.36432230473,-0.0651289820671,-0.0294708907604,0.650776147842,-0.755896925926
0.645845472813,-0.0758905634284,1.36435544491,-0.06504470855,-0.0289688631892,0.651167035103,-0.755586981773
0.64566719532,-0.07634858042,1.36437427998,-0.064860753715,-0.0291721634567,0.650993168354,-0.755744576454
