x,y,z,q0,q1,q2,q3
0.704038023949,-0.0164247006178,1.34558677673,0.0440177433193,0.0198658779263,0.668053269386,-0.742544710636
0.704028189182,-0.0167493931949,1.34554314613,0.0435000658035,0.0193381439894,0.668051362038,-0.742590904236
0.703943014145,-0.0171719826758,1.34549307823,0.0428990200162,0.0188116151839,0.667903482914,-0.742772459984
0.703824579716,-0.0175651982427,1.34542119503,0.0419706553221,0.0181915313005,0.668384194374,-0.742408394814
0.703690707684,-0.0179307423532,1.34542405605,0.0416925176978,0.0180915929377,0.667656242847,-0.743081271648
0.703690707684,-0.0179307423532,1.34542405605,0.0416925176978,0.0180915929377,0.667656242847,-0.743081271648
0.703805208206,-0.01862007007,1.34534502029,0.040924936533,0.01707697846,0.667972683907,-0.742863535881
0.703709661961,-0.0189629793167,1.34529256821,0.0402574203908,0.0164672415704,0.667799532413,-0.743069350719
0.703482151031,-0.0193134173751,1.34497046471,0.0386938303709,0.0153311965987,0.66881197691,-0.742265701294
0.703517615795,-0.0198091194034,1.34511578083,0.0381362661719,0.0144058065489,0.669141113758,-0.742016375065
0.703496396542,-0.0201552212238,1.34505677223,0.0374328158796,0.0135708944872,0.669302165508,-0.741922676563
0.703668892384,-0.0204985383898,1.34527778625,0.0387367755175,0.0142771974206,0.668014585972,-0.743002235889
0.703618526459,-0.0208815149963,1.3452334404,0.037917342037,0.0133417965844,0.66834551096,-0.742764055729
0.703550755978,-0.021313784644,1.34524333477,0.0374043881893,0.0127465687692,0.668380737305,-0.742768764496
0.703484117985,-0.0216955691576,1.34520173073,0.0365740060806,0.0118475165218,0.668838799,-0.742412865162
0.703506827354,-0.0220384187996,1.34522712231,0.0363078899682,0.0112172039226,0.668580293655,-0.742668449879
0.703709185123,-0.0219851061702,1.34506845474,0.0362068451941,0.0104971118271,0.669335067272,-0.742003560066
0.703350007534,-0.0224752761424,1.34507071972,0.0336805544794,0.00905283819884,0.669953346252,-0.741583645344
0.703271627426,-0.0231262855232,1.34502804279,0.0332706011832,0.00817626342177,0.670206785202,-0.741383254528
0.703239738941,-0.0234818384051,1.34502458572,0.032811678946,0.00762708904222,0.670315980911,-0.741310834885
0.703384637833,-0.0239552892745,1.34526264668,0.0340553298593,0.00839344598353,0.669086694717,-0.742356240749
0.703348457813,-0.0242838319391,1.34525191784,0.0335875675082,0.0079513899982,0.669111132622,-0.742360413074
0.703108608723,-0.0245469883084,1.34495520592,0.0310876723379,0.00619203457609,0.671262681484,-0.740541398525
0.70309650898,-0.0248723216355,1.34494864941,0.0306650158018,0.00570935755968,0.670471608639,-0.741279304028
0.703066110611,-0.0252536311746,1.34493207932,0.0301512014121,0.00537883583456,0.670661866665,-0.741130650043
0.703091263771,-0.0256588123739,1.34488594532,0.0298267565668,0.00523370038718,0.67074650526,-0.74106824398
0.703214943409,-0.0259449593723,1.345023036,0.0304653253406,0.0056223589927,0.669677257538,-0.742005825043
0.703166604042,-0.0263766720891,1.34496545792,0.029916997999,0.00537643162534,0.669705569744,-0.742004454136
0.703227460384,-0.026403196156,1.34493660927,0.029091252014,0.00517621589825,0.670062422752,-0.741716563702
0.703172326088,-0.0267773699015,1.34489369392,0.0286504160613,0.00497740926221,0.670106947422,-0.741694688797
0.703119575977,-0.0271256174892,1.34485590458,0.0282061249018,0.00479544093832,0.670132637024,-0.741689801216
0.702738761902,-0.0278345756233,1.3445930481,0.0262065064162,0.00363873736933,0.67205029726,-0.740032851696
0.70290774107,-0.028103929013,1.34475874901,0.0276232808828,0.00465128896758,0.670216143131,-0.74163711071
0.702715396881,-0.0284470319748,1.34454619884,0.0255413670093,0.00344994850457,0.671683311462,-0.740390002728
0.70266354084,-0.0288417302072,1.34449696541,0.0252362843603,0.00355149898678,0.67178273201,-0.74030983448
0.702600181103,-0.0291899219155,1.34447395802,0.0249021630734,0.00357719440944,0.672071695328,-0.740058660507
0.702555060387,-0.029507489875,1.3444699049,0.0246919542551,0.00357978511602,0.672146260738,-0.73999786377
0.702490270138,-0.0298091731966,1.34449410439,0.0243379659951,0.00352230784483,0.672222793102,-0.739940404892
0.70237249136,-0.0301157459617,1.34448456764,0.0240267571062,0.00357099855319,0.672245383263,-0.739929914474
0.702404975891,-0.0303850620985,1.34448361397,0.0238259881735,0.00347218057141,0.672686219215,-0.739535987377
0.702098846436,-0.0306417010725,1.34451985359,0.023113405332,0.00340633559972,0.672568798065,-0.739665746689
0.702165842056,-0.0309677533805,1.34468591213,0.0241515617818,0.00440417276695,0.671526908875,-0.740573525429
0.701944887638,-0.0310235396028,1.34474563599,0.0235837157816,0.00444996496662,0.671432375908,-0.740677177906
0.701716125011,-0.0312320236117,1.34446883202,0.0234569124877,0.00489658303559,0.671841800213,-0.740306973457
0.702034592628,-0.0316772833467,1.34444224834,0.0233497656882,0.00507967686281,0.672817468643,-0.739422619343
0.702063798904,-0.0319332927465,1.34446930885,0.0233426969498,0.00520558608696,0.672796607018,-0.739440977573
0.702036976814,-0.0322158187628,1.34447431564,0.0231338776648,0.005264157895,0.673150420189,-0.739124894142
0.701765537262,-0.0321875996888,1.34453427792,0.0222972929478,0.00523280492052,0.673076033592,-0.739218652248
0.701604127884,-0.0325212329626,1.34432065487,0.0205905567855,0.00422426732257,0.674726784229,-0.737768173218
0.701447367668,-0.0331133641303,1.34425795078,0.0205815639347,0.00402765488252,0.674916327,-0.737596154213
0.701487481594,-0.0331818498671,1.34425377846,0.0201065223664,0.004053727258,0.675599455833,-0.736983656883
0.70149576664,-0.0338789969683,1.34449005127,0.0218809898943,0.00543826259673,0.674237132072,-0.738170564175
0.701309204102,-0.0340507812798,1.34420883656,0.0198315046728,0.00418660184368,0.676063835621,-0.736564278603
0.701044142246,-0.0340771116316,1.34410595894,0.0190905854106,0.0046269078739,0.676083087921,-0.736563622952
0.70131790638,-0.034361038357,1.34406960011,0.0187394469976,0.0046767690219,0.677334904671,-0.735421359539
0.701337456703,-0.0350415334105,1.34435904026,0.0181580986828,0.00396771915257,0.677888691425,-0.73492950201
0.701306164265,-0.0352955535054,1.34433209896,0.0177407879382,0.0038834779989,0.678450524807,-0.734421610832
0.701334834099,-0.0355803817511,1.34431064129,0.0175009313971,0.00387332797982,0.678944289684,-0.733970940113
0.701060116291,-0.0354653485119,1.34435594082,0.0168588422239,0.00407239049673,0.679144501686,-0.733799695969
0.700991690159,-0.0357679538429,1.34433853626,0.0164983011782,0.00417480664328,0.679562330246,-0.733420491219
0.701102256775,-0.035999648273,1.34448754787,0.0170266106725,0.00479209981859,0.678927004337,-0.733992755413
0.701101183891,-0.0362324565649,1.34447705746,0.0167667493224,0.00485207885504,0.679394245148,-0.733565866947
0.701269567013,-0.0361920185387,1.34434437752,0.0168794710189,0.00481123756617,0.680265545845,-0.732755601406
0.701011359692,-0.0366986766458,1.34433841705,0.0151816112921,0.00416645174846,0.681486546993,-0.731661379337
0.701235830784,-0.0372639670968,1.34440302849,0.0152109293267,0.00369247235358,0.682716846466,-0.730515420437
0.701220333576,-0.0374831780791,1.34440171719,0.0148653592914,0.0035851506982,0.683214902878,-0.730057299137
0.70114761591,-0.0377587676048,1.34435915947,0.0143746277317,0.00342907919548,0.684322357178,-0.729029893875
0.701173782349,-0.0379189886153,1.34436845779,0.014092091471,0.00344794429839,0.684863507748,-0.728527009487
0.701279401779,-0.0382286757231,1.34442472458,0.0142040774226,0.00370656861924,0.684517681599,-0.728848516941
0.700989603996,-0.0383121147752,1.34434819221,0.0132339913398,0.00411805417389,0.685170412064,-0.728250980377
0.701223015785,-0.0386394038796,1.34438896179,0.0133332023397,0.00381019338965,0.68593454361,-0.727531135082
0.701272368431,-0.0388812869787,1.344394207,0.0131285469979,0.00381753081456,0.686424136162,-0.727072834969
0.701310813427,-0.0391176119447,1.34439253807,0.0129948668182,0.00382900820114,0.686827301979,-0.726694345474
0.701335608959,-0.039376206696,1.34441661835,0.0128153869882,0.00377950328402,0.687183916569,-0.726360678673
0.701409101486,-0.0396130084991,1.3443877697,0.0126953935251,0.00382105493918,0.687635242939,-0.725935339928
0.701460599899,-0.0398341417313,1.3443903923,0.0125053441152,0.00382776209153,0.688059806824,-0.725536227226
0.70151001215,-0.0401061661541,1.34440886974,0.0122005166486,0.0038689521607,0.688345611095,-0.725270032883
0.701849341393,-0.0405491963029,1.34444999695,0.0126651357859,0.00365441688336,0.688433527946,-0.725179672241
0.701925873756,-0.0408976003528,1.3444211483,0.0125698084012,0.00370388291776,0.688737630844,-0.724892258644
0.701972186565,-0.0410996973515,1.34440398216,0.0122591918334,0.00363380671479,0.689031362534,-0.724618852139
0.701935052872,-0.0413246899843,1.34442353249,0.0120211383328,0.00372588238679,0.688990354538,-0.724661290646
0.702120602131,-0.0415806397796,1.34441053867,0.0120080094784,0.00364430248737,0.689436018467,-0.724237859249
0.702262461185,-0.0417970120907,1.34440767765,0.0118636675179,0.00365603365935,0.689852654934,-0.723843514919
0.702464461327,-0.04199103266,1.3445776701,0.0125524038449,0.0042777932249,0.68893045187,-0.724706113338
0.702510654926,-0.0421729534864,1.34461593628,0.0122045241296,0.00427703885362,0.689181029797,-0.724473834038
0.702452003956,-0.0424069836736,1.3445070982,0.0111010111868,0.00356212025508,0.69045060873,-0.723285615444
0.702585697174,-0.042608153075,1.3445584774,0.0108550181612,0.00349809625186,0.690718352795,-0.723033964634
0.702641606331,-0.0428333207965,1.34458768368,0.010699890554,0.00346153019927,0.690793156624,-0.722965121269
0.702846944332,-0.0429764688015,1.34461545944,0.0105631584302,0.0033066875767,0.691164374352,-0.722612857819
0.702928125858,-0.0431580133736,1.34467971325,0.0103045478463,0.00336812390015,0.691161394119,-0.722619235516
0.702958106995,-0.043295007199,1.34472966194,0.00999819673598,0.00341131584719,0.69121080637,-0.722576022148
0.703094244003,-0.0434548258781,1.34477210045,0.00980194564909,0.00330826337449,0.691246449947,-0.722545087337
0.703430354595,-0.0432088710368,1.34482800961,0.010434538126,0.00425908667967,0.690371394157,-0.723367393017
0.703593671322,-0.0433604046702,1.34485661983,0.0102398702875,0.00410510133952,0.690335690975,-0.723405122757
0.703961074352,-0.0436492748559,1.34502029419,0.0100852679461,0.00359488395043,0.690804421902,-0.722962498665
0.703898191452,-0.044115241617,1.34491419792,0.00920682493597,0.00275200372562,0.691711306572,-0.722110271454
0.70426261425,-0.0440238602459,1.34509992599,0.00987173058093,0.00330795999616,0.690704107285,-0.723062694073
0.704304754734,-0.0441960766912,1.34504961967,0.00881521962583,0.00239801872522,0.691840231419,-0.721992909908
0.704493522644,-0.0443150550127,1.34510242939,0.00879692006856,0.00207476550713,0.691915035248,-0.721922457218
0.704696893692,-0.0444446392357,1.34514629841,0.00878808833659,0.00179186486639,0.691785216331,-0.722047686577
0.704900205135,-0.0445778742433,1.34521520138,0.00860432907939,0.00139306206256,0.691601932049,-0.722226381302
0.705112934113,-0.0446765944362,1.34527254105,0.00864318199456,0.00105970643926,0.691567003727,-0.722259879112
0.705080151558,-0.0450127981603,1.34535872936,0.00855707749724,0.00063241441967,0.691018939018,-0.722785711288
0.705433130264,-0.0451201871037,1.34554815292,0.00959662161767,0.000934085517656,0.689795851707,-0.723939776421
0.705506265163,-0.0452682487667,1.34550356865,0.00864454638213,-1.41903019539e-05,0.690855681896,-0.722940981388
0.705708146095,-0.0454216748476,1.34558641911,0.00867955479771,-0.000161228439538,0.690785229206,-0.723008036613
0.705959320068,-0.0454881303012,1.34564447403,0.00865398254246,-0.000370040739654,0.690877437592,-0.722920000553
0.706170976162,-0.0455549508333,1.34572720528,0.00860011857003,-0.000590903742705,0.690770685673,-0.723022639751
0.706370651722,-0.0456323884428,1.34580922127,0.00861695967615,-0.000844534195494,0.690684556961,-0.723104357719
0.706716418266,-0.0458020791411,1.34584450722,0.00883318670094,-0.00107169651892,0.690947175026,-0.722850561142
0.706967592239,-0.0458299890161,1.34598553181,0.00945549458265,-0.000861299398821,0.69017624855,-0.723579108715
0.707098841667,-0.0459355711937,1.34598600864,0.00897011905909,-0.00131017691456,0.690689623356,-0.723094582558
0.707245409489,-0.0459801740944,1.34603583813,0.00896317977458,-0.00143015442882,0.690668642521,-0.723114430904
0.707390904427,-0.0460430830717,1.34607231617,0.00886982772499,-0.0015719961375,0.690713346004,-0.723072588444
0.707556962967,-0.0460906475782,1.34613847733,0.00875642243773,-0.00164140982088,0.690772652626,-0.723017215729
0.707672297955,-0.0461283996701,1.34619688988,0.0087266266346,-0.00174994475674,0.690717458725,-0.723070025444
0.707842171192,-0.0461808666587,1.34625506401,0.00875631906092,-0.00171622924972,0.69067132473,-0.723113894463
0.707977175713,-0.0462075918913,1.34629702568,0.0087660709396,-0.00180535693653,0.690714895725,-0.723071813583
0.708088636398,-0.0462281480432,1.34632730484,0.0087012918666,-0.00191513507161,0.690675735474,-0.723109662533
0.708205699921,-0.0462414845824,1.34635066986,0.00875397119671,-0.00198832456954,0.690678656101,-0.723106026649
0.708340704441,-0.0462660416961,1.34638023376,0.00889843516052,-0.00200062920339,0.690642595291,-0.723138928413
0.708473682404,-0.0462822206318,1.34641396999,0.00904897786677,-0.00204243557528,0.690652012825,-0.723127901554
0.708572924137,-0.0462785027921,1.34642601013,0.00904477294534,-0.00218691001646,0.690709769726,-0.723072290421
0.708682239056,-0.0459088161588,1.34647929668,0.00875891279429,-0.00210640020669,0.690678417683,-0.723105847836
0.708989620209,-0.04598909989,1.3464730978,0.00903869699687,-0.00220720679499,0.690831542015,-0.722956001759
0.709130227566,-0.0459634996951,1.34644532204,0.00889963842928,-0.00212905067019,0.690929591656,-0.72286427021
0.709270179272,-0.0459295362234,1.34643280506,0.0088322237134,-0.00202617002651,0.691102564335,-0.722700059414
0.709376454353,-0.0459022112191,1.34641230106,0.0087420232594,-0.00184398295823,0.691172599792,-0.722634553909
0.709443926811,-0.0458489507437,1.34637463093,0.00859610456973,-0.00163322931621,0.691251516342,-0.722561240196
0.709541022778,-0.0458065718412,1.34632706642,0.00850302632898,-0.00141744373832,0.691334426403,-0.722483515739
0.709634184837,-0.0457587465644,1.34627830982,0.00838939938694,-0.00118296442088,0.691410422325,-0.722412586212
0.709741055965,-0.0457089543343,1.34620940685,0.00826812628657,-0.000884202483576,0.691494524479,-0.722333848476
0.709838926792,-0.0456466376781,1.34615087509,0.00819258950651,-0.000706213933881,0.691590189934,-0.72224342823
0.709708929062,-0.0457712262869,1.34608912468,0.00820555817336,-0.000450757215731,0.691183447838,-0.72263276577
0.709856212139,-0.0456854142249,1.34603989124,0.00810454413295,-0.000276090198895,0.691394209862,-0.722432255745
0.709879696369,-0.0454239249229,1.34588778019,0.00784776452929,0.000328609836288,0.691349208355,-0.722478210926
0.710260152817,-0.0455718412995,1.34591627121,0.00818496197462,-0.000211289923755,0.692094147205,-0.721760928631
0.710218667984,-0.0453316904604,1.34577178955,0.00817129481584,0.000311181443976,0.691829264164,-0.722014844418
0.710418581963,-0.0452129989862,1.34577298164,0.00831664539874,0.000294355268124,0.692076385021,-0.721776366234
0.710515201092,-0.0450739823282,1.34565258026,0.00859827641398,0.000633451447356,0.692026734352,-0.721820354462
0.71069920063,-0.044972743839,1.34565353394,0.00885640177876,0.000638584548142,0.691994547844,-0.721848249435
0.710897326469,-0.044861998409,1.34567260742,0.00908828340471,0.000593212782405,0.692108273506,-0.721736311913
0.711183190346,-0.0444747619331,1.34571290016,0.00913263298571,0.000657223979943,0.692233562469,-0.721615433693
0.711378753185,-0.0443696677685,1.34574759007,0.00933273416013,0.000636382726952,0.692337930202,-0.721512854099
0.71159774065,-0.044253539294,1.34579193592,0.00954398885369,0.000612551986706,0.692467093468,-0.72138607502
0.711771070957,-0.0441264659166,1.34584331512,0.00974908471107,0.000589893374126,0.692495167255,-0.721356451511
0.711960017681,-0.0440044477582,1.34587132931,0.00996690616012,0.00065633788472,0.692423045635,-0.721422612667
0.712071835995,-0.0439150743186,1.34592473507,0.00981326028705,0.000674009439535,0.693025350571,-0.720845997334
0.712341427803,-0.0437233373523,1.34601998329,0.0103587862104,0.000696600531228,0.692238748074,-0.721593976021
0.712527632713,-0.0435594469309,1.34608364105,0.0106417350471,0.000753442524001,0.691986918449,-0.721831321716
0.712601900101,-0.043669834733,1.34609007835,0.0112094385549,0.000719966832548,0.691748261452,-0.722051441669
0.712803900242,-0.0434889085591,1.34612369537,0.0114133944735,0.000743315322325,0.691726207733,-0.722069263458
0.71312302351,-0.0430282205343,1.34620404243,0.0113880811259,0.00100388436113,0.691767036915,-0.722030222416
0.713325917721,-0.0428695008159,1.34623014927,0.0117674898356,0.00114179996308,0.691609025002,-0.722175300121
0.71352481842,-0.0426999777555,1.34623503685,0.0120160318911,0.00112308410462,0.691285133362,-0.722481310368
0.713700175285,-0.0425061136484,1.34623456001,0.0122238239273,0.00115853024181,0.691070139408,-0.722683429718
0.713932156563,-0.0427231118083,1.34651887417,0.0123546207324,0.000507319520693,0.690929412842,-0.722816586494
0.714033722878,-0.0425861403346,1.34650504589,0.0122115211561,0.000548352894839,0.691450893879,-0.722320199013
0.71422457695,-0.042421400547,1.34652197361,0.0123452264816,0.000665123923682,0.691148221493,-0.722607374191
0.714414715767,-0.0422557480633,1.34652161598,0.0126127423719,0.000789086800069,0.69085931778,-0.722878813744
0.714640557766,-0.0418210141361,1.34652733803,0.0131630813703,0.0010666224407,0.689564824104,-0.724103748798
0.71467345953,-0.0415515042841,1.3464474678,0.0130975544453,0.00147309189197,0.688942968845,-0.72469574213
0.715061783791,-0.041635863483,1.34652328491,0.0136811872944,0.00107235752512,0.68917876482,-0.724461555481
0.715271830559,-0.0412073582411,1.34647858143,0.0135597009212,0.00113897735719,0.689725995064,-0.723942697048
0.715451955795,-0.0410216525197,1.34647035599,0.0138540426269,0.00130546337459,0.689334928989,-0.724309265614
0.715763807297,-0.0407739765942,1.34650349617,0.0144765414298,0.00150260177907,0.688169598579,-0.725404024124
0.716102659702,-0.04046132043,1.34640574455,0.0154260881245,0.00163213885389,0.688007891178,-0.725537538528
0.716243386269,-0.0403581410646,1.3465461731,0.0151044782251,0.0018404063303,0.687375247478,-0.726143181324
0.716442108154,-0.0401642993093,1.34654307365,0.0153221199289,0.00183620885946,0.686828970909,-0.726655304432
0.716581225395,-0.0402626506984,1.34656441212,0.0160996615887,0.00203587417491,0.686061918736,-0.727362155914
0.716785490513,-0.0400487706065,1.34654068947,0.0164050403982,0.00209946418181,0.68563824892,-0.727754592896
0.716939747334,-0.0398187637329,1.34655547142,0.0165996719152,0.00226205680519,0.685076117516,-0.728278875351
0.717169046402,-0.0395968519151,1.34657275677,0.0169544126838,0.00240010279231,0.684570014477,-0.728745996952
0.717463135719,-0.0394580811262,1.34651553631,0.0170912686735,0.0022522835061,0.685277700424,-0.728077888489
0.717733323574,-0.0391707234085,1.34655272961,0.0176863390952,0.00242586177774,0.684125542641,-0.729145765305
0.717754840851,-0.0389134511352,1.34658479691,0.0177735928446,0.0026696214918,0.683377087116,-0.729844391346
0.718039691448,-0.0387178361416,1.34662175179,0.018291676417,0.00290112197399,0.68290835619,-0.730269372463
0.718107402325,-0.0384423620999,1.34663629532,0.0185520015657,0.00329860928468,0.682282090187,-0.730846345425
0.718305885792,-0.0381447449327,1.34669029713,0.0188425593078,0.00363387074322,0.681665420532,-0.731412410736
0.718575298786,-0.0378384068608,1.34655499458,0.0194880161434,0.00404536258429,0.681463956833,-0.731580972672
0.718785941601,-0.0376877039671,1.34670686722,0.019796423614,0.00391245400533,0.68101388216,-0.731992483139
0.718956112862,-0.0370223149657,1.34661185741,0.0201972275972,0.00415609311312,0.680752813816,-0.732223033905
0.71879696846,-0.0369449406862,1.34646129608,0.0205452274531,0.00509620271623,0.67939299345,-0.733469307423
0.718930184841,-0.0366728194058,1.3464846611,0.020858829841,0.00533389719203,0.678927779198,-0.733889400959
0.719081819057,-0.0363836698234,1.34651124477,0.0211544260383,0.00544895324856,0.678324997425,-0.734437346458
0.719415485859,-0.0361284539104,1.34656012058,0.0219119731337,0.00577949173748,0.678110837936,-0.734610319138
0.719415545464,-0.0358117558062,1.34662222862,0.0221787150949,0.00621778843924,0.677133083344,-0.735500097275
0.719534814358,-0.0355200245976,1.34664857388,0.0225608348846,0.00656277313828,0.676597177982,-0.735978484154
0.71980625391,-0.0349416136742,1.34666919708,0.022727522999,0.00693794619292,0.676353335381,-0.736193954945
0.719853281975,-0.0346746370196,1.34669971466,0.0230156388134,0.00730564957485,0.675673007965,-0.736805915833
0.719935178757,-0.0346729233861,1.34672665596,0.0237313732505,0.00760896876454,0.675051987171,-0.73734921217
0.719981729984,-0.0342830643058,1.34673750401,0.0238141249865,0.00788640975952,0.675272285938,-0.737141907215
0.720210313797,-0.0339835584164,1.3468067646,0.0244855433702,0.00828168075532,0.674083709717,-0.738202691078
0.720323860645,-0.0336086750031,1.34684801102,0.024846162647,0.00861456803977,0.673567712307,-0.738657593727
0.720588207245,-0.0334250554442,1.34714913368,0.0249428227544,0.00833399500698,0.673209667206,-0.738983869553
0.720741629601,-0.0332105048001,1.34717273712,0.025582678616,0.00870125833899,0.672758698463,-0.739368319511
0.720805644989,-0.0327962189913,1.3473058939,0.0264091491699,0.00939208362252,0.671195805073,-0.740750074387
0.720968902111,-0.0325073413551,1.34722280502,0.0261240042746,0.00915853865445,0.67239934206,-0.739670813084
0.721010327339,-0.0320393741131,1.34725117683,0.0265714935958,0.00963566917926,0.671106994152,-0.74082159996
0.72109401226,-0.0317377075553,1.34727358818,0.0269683282822,0.0100121162832,0.670380234718,-0.741459965706
0.721174955368,-0.0313798710704,1.34729886055,0.0271986983716,0.0102786067873,0.669950246811,-0.741836488247
0.721487879753,-0.0309274755418,1.34759283066,0.0295739099383,0.0119259273633,0.667587637901,-0.743848025799
0.72126942873,-0.0302445888519,1.34735226631,0.0279195122421,0.01085339766,0.668524801731,-0.743086338043
0.721366584301,-0.0298327170312,1.34738636017,0.028572332114,0.0112908706069,0.667804956436,-0.743702054024
0.721421003342,-0.0294863209128,1.3474085331,0.0289535261691,0.0116668865085,0.667176365852,-0.74424546957
0.721651911736,-0.0294066220522,1.34742903709,0.0298115536571,0.0121627906337,0.666569828987,-0.744747042656
0.721822917461,-0.0286509357393,1.34746360779,0.0297095514834,0.0126025909558,0.666394412518,-0.744900584221
0.721955835819,-0.0281885452569,1.34747838974,0.0302237570286,0.0128696262836,0.665815293789,-0.74539321661
0.722183942795,-0.027802048251,1.34746992588,0.0307197403163,0.0130028836429,0.665715277195,-0.745459854603
0.722119033337,-0.0273399539292,1.34748184681,0.0309477299452,0.013417892158,0.664789557457,-0.746268808842
0.722331166267,-0.0269189290702,1.34770691395,0.0329004712403,0.0148271219805,0.662912249565,-0.747826874256
0.72219824791,-0.026235114783,1.34775543213,0.0330669991672,0.0151801938191,0.661955177784,-0.748659789562
0.722287297249,-0.0256840586662,1.34780573845,0.0334658995271,0.0154952304438,0.661545813084,-0.74899750948
0.722398757935,-0.0252078138292,1.34786510468,0.0339469648898,0.015849372372,0.66105556488,-0.749401032925
0.722388386726,-0.0251461882144,1.34792971611,0.0349199846387,0.0163767002523,0.660455107689,-0.749874413013
0.722494959831,-0.025012768805,1.3477241993,0.0342412889004,0.0157499890774,0.661715805531,-0.74880695343
0.722686946392,-0.0245590806007,1.34794974327,0.0360667482018,0.0171566084027,0.66004884243,-0.75016027689
0.722371518612,-0.023790422827,1.3478064537,0.0348494648933,0.0165418274701,0.660565376282,-0.749776899815
0.722793161869,-0.0237973090261,1.34782850742,0.03576445207,0.016986951232,0.660996377468,-0.749343931675
0.722959518433,-0.0232629030943,1.34811067581,0.0374296307564,0.0182450413704,0.659201741219,-0.750812351704
0.722959518433,-0.0232629030943,1.34811067581,0.0374296307564,0.0182450413704,0.659201741219,-0.750812351704
0.723088383675,-0.0225810259581,1.34820568562,0.0383025221527,0.0190421156585,0.658642709255,-0.75123912096
0.723139822483,-0.0221603177488,1.34823727608,0.0388520881534,0.019555574283,0.658369481564,-0.751437187195
0.723120808601,-0.0217741429806,1.34826409817,0.0391759127378,0.0200457945466,0.657970905304,-0.751756429672
0.723134696484,-0.0214089378715,1.34829449654,0.0395224653184,0.0205365549773,0.657682597637,-0.751977324486
0.723182380199,-0.0210333615541,1.34831690788,0.0398844480515,0.0210015922785,0.657473087311,-0.75212854147
0.723263680935,-0.0208719559014,1.34838116169,0.0405067354441,0.0216072835028,0.657359659672,-0.752177357674
0.723419129848,-0.0202134773135,1.34853565693,0.0420239008963,0.0230120904744,0.656309247017,-0.752969205379
0.723505973816,-0.0196695774794,1.34844779968,0.0415676906705,0.0229832921177,0.656886041164,-0.752492368221
0.723505675793,-0.0194359794259,1.34840846062,0.0415350198746,0.0230254046619,0.656733393669,-0.75262606144
0.723459839821,-0.0190992951393,1.34839105606,0.0414570346475,0.0231578610837,0.656687617302,-0.75266623497
0.72350281477,-0.0187803395092,1.3484057188,0.041780397296,0.0235439669341,0.656489014626,-0.752809584141
0.72350281477,-0.0187803395092,1.3484057188,0.041780397296,0.0235439669341,0.656489014626,-0.752809584141
0.723452329636,-0.0184305403382,1.3482670784,0.0415642485023,0.0231037661433,0.657149374485,-0.752258718014
0.72347086668,-0.0181094035506,1.34826540947,0.0418376326561,0.0234846249223,0.656894028187,-0.752454936504
0.723597884178,-0.0180228278041,1.34848046303,0.0434639044106,0.0248299147934,0.655446171761,-0.753581345081
0.723641514778,-0.0175693053752,1.34839475155,0.0434049852192,0.0247822608799,0.655810534954,-0.753269135952
0.723719775677,-0.0172664877027,1.34842264652,0.0440453141928,0.025246091187,0.655284166336,-0.75367462635
0.72358328104,-0.0170538835227,1.34824466705,0.0430134683847,0.0245135966688,0.656067550182,-0.753076612949
0.723679959774,-0.0168552137911,1.34826695919,0.0435389839113,0.0248394012451,0.656021595001,-0.753075838089
0.723697781563,-0.0166200138628,1.34825098515,0.0437739901245,0.0250356532633,0.656234502792,-0.752870082855
0.723875105381,-0.0163793005049,1.34844624996,0.0454454272985,0.0261569991708,0.655079126358,-0.753738641739
0.723909199238,-0.016337338835,1.34849429131,0.0459035858512,0.0264626387507,0.655109882355,-0.753673553467
0.723991036415,-0.0161647237837,1.3484916687,0.0462829135358,0.0265993755311,0.65534812212,-0.753438234329
0.724025130272,-0.0159823596478,1.34849774837,0.0464872829616,0.0267510320991,0.655366420746,-0.7534044981
0.724037945271,-0.0156994499266,1.34841763973,0.0466365590692,0.0266932286322,0.65553098917,-0.753253996372
0.724050462246,-0.0155451437458,1.34842956066,0.0468129254878,0.0267061088234,0.655633032322,-0.753153920174
0.724107325077,-0.0154585400596,1.34842824936,0.0469986945391,0.0267826933414,0.655814647675,-0.752981305122
0.724113285542,-0.015342024155,1.34842264652,0.0471020005643,0.0268663577735,0.65595382452,-0.752850711346
0.724183619022,-0.0152997039258,1.3484146595,0.0472431778908,0.0269163809717,0.656239926815,-0.75259077549
0.724207699299,-0.0152317946777,1.34839510918,0.0472709611058,0.0269793029875,0.656487464905,-0.752370834351
0.724222660065,-0.0151725979522,1.3483697176,0.0473192371428,0.0269903056324,0.656737923622,-0.752148747444
0.724022090435,-0.0151661839336,1.34813272953,0.0458277016878,0.0260864011943,0.658236265182,-0.750962376595
0.723958194256,-0.0148904649541,1.34809863567,0.0451200790703,0.0264196489006,0.658443927765,-0.750811457634
0.723958194256,-0.0148904649541,1.34809863567,0.0451200790703,0.0264196489006,0.658443927765,-0.750811457634
0.72400790453,-0.0153993945569,1.34812784195,0.0469290614128,0.0278930999339,0.657771229744,-0.751236796379
0.72400790453,-0.0153993945569,1.34812784195,0.0469290614128,0.0278930999339,0.657771229744,-0.751236796379
0.723755836487,-0.0153214540333,1.34768748283,0.0450204350054,0.0271708760411,0.659865915775,-0.749541282654
0.723705112934,-0.0154114020988,1.3475612402,0.0449374355376,0.0275069642812,0.660117447376,-0.749312222004
0.723639070988,-0.015417676419,1.34744215012,0.0448037423193,0.0277845766395,0.660326063633,-0.749126255512
0.723521411419,-0.0155009236187,1.34733629227,0.0445751212537,0.0280356165022,0.66058242321,-0.748904585838
0.723470628262,-0.0155729241669,1.34727323055,0.0443290174007,0.0282216332853,0.660828173161,-0.74869543314
0.723146855831,-0.0155830569565,1.34718859196,0.0439109764993,0.0285673178732,0.660496890545,-0.74899917841
0.723228216171,-0.0157054848969,1.34710550308,0.0438104569912,0.0287337750196,0.661069095135,-0.748493611813
0.723116934299,-0.01580863446,1.34715545177,0.0444519333541,0.0298373028636,0.659856379032,-0.749481976032
0.722942054272,-0.0159223880619,1.34697806835,0.0435239411891,0.0296458620578,0.660906255245,-0.748618602753
0.722878575325,-0.0159509405494,1.34702372551,0.044191043824,0.030458047986,0.659772753716,-0.749546229839
0.722756028175,-0.0160560850054,1.34695184231,0.0439563430846,0.0306399073452,0.659849047661,-0.749485373497
0.722447216511,-0.0162643063813,1.34675109386,0.0424811132252,0.0299067012966,0.661514520645,-0.748130679131
0.722336471081,-0.0164159499109,1.34669005871,0.0422113165259,0.0298164188862,0.661659359932,-0.748021483421
0.722195208073,-0.0164366140962,1.34663057327,0.0419602878392,0.0296897757798,0.661722481251,-0.747984826565
0.722098112106,-0.0165841057897,1.34659159184,0.041689876467,0.0293838810176,0.661941051483,-0.747818589211
0.721975624561,-0.016730055213,1.34658312798,0.0414659827948,0.0291177928448,0.662186920643,-0.747623622417
0.721995711327,-0.01669655554,1.34656500816,0.0411233156919,0.0288824737072,0.662598192692,-0.747287392616
0.721975743771,-0.0167962536216,1.34655213356,0.0410433933139,0.0284130312502,0.662952899933,-0.746995151043
0.721906781197,-0.0170278400183,1.34655094147,0.0409495197237,0.0280564911664,0.663123428822,-0.746862471104
0.721789479256,-0.017257982865,1.34655499458,0.0407466851175,0.0276018660516,0.663408339024,-0.74663734436
0.721633911133,-0.0175050534308,1.34655416012,0.0404186025262,0.0272037107497,0.663619101048,-0.746482312679
0.721597015858,-0.0179837811738,1.34656953812,0.0402356386185,0.0266765262932,0.663732051849,-0.746410965919
0.721329331398,-0.018223863095,1.34657001495,0.039829313755,0.0263662301004,0.663521111012,-0.746631145477
0.721329331398,-0.018223863095,1.34657001495,0.039829313755,0.0263662301004,0.663521111012,-0.746631145477
0.721200823784,-0.0188377574086,1.34658479691,0.0400430038571,0.0262738857418,0.662858784199,-0.747211277485
0.721135795116,-0.0191620662808,1.34654092789,0.0397450737655,0.0258533842862,0.663175165653,-0.746961057186
0.720785737038,-0.019531711936,1.34634113312,0.0381290912628,0.0248001478612,0.664555549622,-0.745853185654
0.720538854599,-0.0200976412743,1.34629273415,0.0381151400506,0.0243430826813,0.664486169815,-0.745930850506
0.720198214054,-0.0202932693064,1.34619319439,0.0373916514218,0.0245705302805,0.66424882412,-0.746171414852
0.720067441463,-0.020641118288,1.3461356163,0.0370664075017,0.0242438782007,0.664447546005,-0.746021330357
0.719949662685,-0.0209463946521,1.34610390663,0.0365802310407,0.0236344989389,0.664769113064,-0.745778441429
0.720052182674,-0.021735675633,1.34618651867,0.036668304354,0.0227542370558,0.665509164333,-0.745141088963
0.719952881336,-0.0221864618361,1.3461483717,0.0362453944981,0.0223799087107,0.665856540203,-0.744862794876
0.719913244247,-0.0223457291722,1.34616363049,0.0355029702187,0.0217923354357,0.666332542896,-0.744490265846
0.719566643238,-0.0226988568902,1.34615671635,0.0351580455899,0.0210349969566,0.666242063046,-0.744609355927
0.719506919384,-0.0229792483151,1.346129179,0.034286364913,0.0204234253615,0.666707158089,-0.74425059557
0.719442248344,-0.0234527587891,1.34614229202,0.0337390862405,0.0197362173349,0.667020916939,-0.744012951851
0.719485163689,-0.0238585360348,1.34600102901,0.0339512191713,0.0189827661961,0.667575061321,-0.743525862694
0.719262003899,-0.02469984442,1.34610974789,0.0333497859538,0.0182993672788,0.667665481567,-0.743488907814
0.719206690788,-0.0252975933254,1.34609246254,0.0330203697085,0.0176379270852,0.668015182018,-0.743205368519
0.719179272652,-0.0259483233094,1.34603714943,0.0327083952725,0.0167921576649,0.668221235275,-0.743053436279
0.719046354294,-0.0265895240009,1.34597933292,0.0318957306445,0.0159589406103,0.669377565384,-0.742065727711
0.719141066074,-0.0271032974124,1.34596192837,0.0318381227553,0.015024010092,0.669094085693,-0.742343425751
0.719163358212,-0.0277562364936,1.3458994627,0.0314448662102,0.0142859881744,0.66956949234,-0.741946101189
0.719168961048,-0.0283691175282,1.34586238861,0.0309976376593,0.0133317494765,0.669913768768,-0.741671681404
0.719140052795,-0.0290993712842,1.34580039978,0.0307373069227,0.0125062102452,0.670271575451,-0.741373717785
0.71915525198,-0.0296764262021,1.34575998783,0.0304971411824,0.0116622531787,0.67070877552,-0.741001844406
0.719013214111,-0.0302194543183,1.34543371201,0.0305538587272,0.0113821486011,0.670996487141,-0.740743339062
0.71925252676,-0.0307084042579,1.34570431709,0.029765304178,0.00983783602715,0.671964108944,-0.739920020103
0.719247996807,-0.0315537340939,1.3455722332,0.0291293840855,0.00905804056674,0.672702908516,-0.739283680916
0.719195067883,-0.0323097221553,1.34552204609,0.0287208091468,0.00846275500953,0.673504412174,-0.73857665062
0.719189167023,-0.0330696925521,1.34548664093,0.0282840840518,0.00776731781662,0.67412096262,-0.738038361073
0.719133138657,-0.0339084491134,1.34544587135,0.0277482066303,0.0071478751488,0.674819290638,-0.737426459789
0.71899920702,-0.0349234640598,1.3454169035,0.027780579403,0.00642023002729,0.675273835659,-0.737015962601
0.718856930733,-0.0354727730155,1.34507536888,0.0277652125806,0.00632232520729,0.6756721735,-0.736652076244
0.718987584114,-0.0364140123129,1.34529352188,0.0269440095872,0.00508325360715,0.676669299603,-0.735776424408
0.718942940235,-0.037272028625,1.34524667263,0.0264264512807,0.00442800438032,0.677138209343,-0.735367834568
0.71901345253,-0.0381554216146,1.34514629841,0.0261164922267,0.0037615171168,0.677769005299,-0.734801411629
0.719047009945,-0.0385508164763,1.34511733055,0.0249157678336,0.00303829670884,0.67902803421,-0.733683109283
0.719202518463,-0.0395320802927,1.34508824348,0.0248462986201,0.00249775336124,0.678788900375,-0.733908772469
0.719337582588,-0.0402829572558,1.34508419037,0.0243263859302,0.00157692690846,0.679291307926,-0.733463823795
0.719316363335,-0.0414570234716,1.34505617619,0.0243156161159,0.0008932990022,0.679357290268,-0.733404040337
0.719567477703,-0.0422605350614,1.3449652195,0.0239778738469,-0.000118400203064,0.679816186428,-0.732990503311
0.719567477703,-0.0422605350614,1.3449652195,0.0239778738469,-0.000118400203064,0.679816186428,-0.732990503311
0.719656646252,-0.0435305200517,1.34488844872,0.0225797854364,-0.00177125073969,0.679995596409,-0.732866287231
0.719755172729,-0.0443459674716,1.34482502937,0.0219001434743,-0.00266794371419,0.680189073086,-0.732704520226
0.719880700111,-0.0451652854681,1.34477424622,0.0212921779603,-0.00355006381869,0.680001437664,-0.732892990112
0.719799399376,-0.045842949301,1.34442543983,0.0209816209972,-0.00381005648524,0.679529547691,-0.733338356018
0.720100283623,-0.0466916412115,1.34429812431,0.0199623480439,-0.00396976387128,0.679363310337,-0.733519852161
0.719947636127,-0.0475478470325,1.34419989586,0.0196260623634,-0.00579988630489,0.679379463196,-0.733501732349
0.720382332802,-0.0483866482973,1.34418725967,0.0189791303128,-0.00621655955911,0.678759396076,-0.734089195728
0.720252156258,-0.0492261201143,1.3440220356,0.0189602579921,-0.00816941726953,0.678210914135,-0.734577298164
0.720367312431,-0.0501524880528,1.34398138523,0.0187780298293,-0.00932191405445,0.677627623081,-0.735106348991
0.720457196236,-0.0509091615677,1.34389770031,0.0183405503631,-0.0107948482037,0.677383363247,-0.735322356224
0.720274746418,-0.0518056452274,1.34373939037,0.0180167723447,-0.0112737230957,0.675926446915,-0.736662626266
0.720650613308,-0.0526812076569,1.34376704693,0.0174750033766,-0.0132606308907,0.676937580109,-0.735713541508
0.720970511436,-0.0533829517663,1.34364783764,0.0180023554713,-0.0142463576049,0.675965964794,-0.736575186253
0.720953524113,-0.0543236881495,1.34371173382,0.0168002024293,-0.0152408024296,0.675137579441,-0.737343072891
0.721062898636,-0.055155210197,1.34371316433,0.0164858140051,-0.0161796044558,0.674321949482,-0.738076210022
0.721300721169,-0.0561157800257,1.34395086765,0.0157845374197,-0.0176191087812,0.673935830593,-0.738411128521
0.721395075321,-0.056923866272,1.34391498566,0.0153344012797,-0.0184776131064,0.672948658466,-0.739299476147
0.721647977829,-0.0576518252492,1.34402728081,0.0157615486532,-0.0187661331147,0.671022772789,-0.741031646729
0.721612334251,-0.0584937855601,1.34384965897,0.0142740001902,-0.0203790273517,0.671199858189,-0.740858852863
0.721646785736,-0.0595230087638,1.34384608269,0.0140238683671,-0.0212788712233,0.669964134693,-0.741955935955
0.721782386303,-0.0603095218539,1.34384834766,0.0138386720791,-0.0220038294792,0.668611586094,-0.743157505989
0.721708536148,-0.0608536116779,1.34371566772,0.0129588572308,-0.022429285571,0.667084038258,-0.744531989098
0.722135901451,-0.0613007247448,1.34390473366,0.0137791596353,-0.0221325885504,0.664565265179,-0.746775269508
0.722177743912,-0.0620716288686,1.34369003773,0.0120584014803,-0.0240323487669,0.664728760719,-0.746600925922
0.72250854969,-0.0630742162466,1.34373760223,0.0118016330525,-0.0256217308342,0.663625240326,-0.747533261776
0.722786843777,-0.0637065321207,1.34385681152,0.0128837274387,-0.0252659078687,0.660830199718,-0.749999463558
0.722769379616,-0.0645097047091,1.34362971783,0.0109686665237,-0.0274474788457,0.660424232483,-0.750310838223
0.723133683205,-0.0652036219835,1.34365236759,0.012541314587,-0.0268162172288,0.657758593559,-0.752646803856
0.723166406155,-0.0659700855613,1.34365820885,0.0112400185317,-0.0278071202338,0.655529558659,-0.754573762417
0.723272383213,-0.0665195435286,1.34355652332,0.010535412468,-0.0287704002112,0.65347892046,-0.756324470043
0.723326146603,-0.0671422630548,1.3434907198,0.00975541397929,-0.0298193562776,0.65145611763,-0.75803732872
0.723392248154,-0.0678011998534,1.34341549873,0.00901832897216,-0.0307233557105,0.649282872677,-0.759872734547
0.723450362682,-0.0684487521648,1.34334862232,0.00827316567302,-0.0317027419806,0.64726960659,-0.761556625366
0.723522007465,-0.0690008699894,1.34325444698,0.00739604886621,-0.0328704789281,0.644994676113,-0.763444006443
0.723474740982,-0.0699583292007,1.34315681458,0.0071270884946,-0.0337460413575,0.642494440079,-0.765513837337
0.723661363125,-0.0702467560768,1.34309518337,0.00602513551712,-0.0347772166133,0.640607476234,-0.767057001591
0.723623991013,-0.070807248354,1.34264671803,0.00447195768356,-0.0370824746788,0.640086352825,-0.767394542694
0.723877072334,-0.0713471397758,1.34277999401,0.00534171611071,-0.0369891673326,0.636946976185,-0.770001173019
0.723825991154,-0.0720877870917,1.34286880493,0.00385851925239,-0.0380024723709,0.634554088116,-0.77193403244
0.723815202713,-0.0730644315481,1.3428684473,0.00350702786818,-0.0388414822519,0.632379889488,-0.773676216602
0.723875284195,-0.0733853429556,1.34290325642,0.00250328634866,-0.0395695120096,0.630449533463,-0.775217115879
0.723803758621,-0.0738409608603,1.34292912483,0.00170756806619,-0.0404304675758,0.628527283669,-0.776734054089
0.72374778986,-0.0745181441307,1.34296309948,0.00129677995574,-0.0410824343562,0.626447975636,-0.778378844261
0.72374778986,-0.0745181441307,1.34296309948,0.00129677995574,-0.0410824343562,0.626447975636,-0.778378844261
0.723708868027,-0.0756481736898,1.34312355518,0.000358777760994,-0.041814878583,0.622990608215,-0.781110882759
0.723323881626,-0.0761844813824,1.3428889513,-0.00190775992814,-0.0440122485161,0.622182607651,-0.78163176775
0.723377645016,-0.0764760822058,1.34297978878,-0.00228460109793,-0.0447595790029,0.620812535286,-0.782677054405
0.723603487015,-0.0769082605839,1.34310376644,-0.000293042859994,-0.0436551719904,0.619044601917,-0.784141540527
0.723253369331,-0.077392667532,1.34332513809,-0.00163159309886,-0.0440093874931,0.616965174675,-0.785757362843
0.723122954369,-0.0778204575181,1.34340953827,-0.00254728971049,-0.0451609119773,0.615597724915,-0.786761462688
0.722860217094,-0.0780745968223,1.34337723255,-0.00285652722232,-0.0453562401235,0.614274263382,-0.787782847881
0.722791433334,-0.0785408243537,1.34352934361,-0.00313002266921,-0.0458584167063,0.613091170788,-0.788673937321
0.722693681717,-0.0786768645048,1.34307014942,-0.00281878048554,-0.0449123121798,0.612404108047,-0.789263010025
0.722481369972,-0.0790749788284,1.34315812588,-0.00316274049692,-0.0452326610684,0.611409187317,-0.790014505386
0.722110390663,-0.0795242041349,1.34310364723,-0.00501491362229,-0.0469157397747,0.611628711224,-0.789736747742
0.722066998482,-0.0798265486956,1.34338474274,-0.00424422835931,-0.0460321046412,0.609404623508,-0.79151070118
0.721645712852,-0.0803498849273,1.34334301949,-0.00621319375932,-0.0476099029183,0.609585404396,-0.791265070438
0.721637845039,-0.0808322131634,1.34366941452,-0.00490851560608,-0.0462145805359,0.60758048296,-0.792897284031
0.721465170383,-0.0811311304569,1.34373247623,-0.00527088483796,-0.0463660955429,0.606826722622,-0.793463170528
0.72133821249,-0.081305116415,1.34358990192,-0.00481892703101,-0.0464219599962,0.606336951256,-0.793837070465
0.721087217331,-0.0815038830042,1.34363508224,-0.00531501788646,-0.0470426939428,0.605246782303,-0.794628858566
0.720921993256,-0.0817243233323,1.34373474121,-0.00556320650503,-0.0473676472902,0.604662775993,-0.795052468777
0.720587313175,-0.0821502953768,1.34402167797,-0.0068649398163,-0.0474786609411,0.603590846062,-0.795849740505
0.720385849476,-0.0824092030525,1.34408986568,-0.00700093340129,-0.0475814566016,0.602924764156,-0.796347141266
0.720385849476,-0.0824092030525,1.34408986568,-0.00700093340129,-0.0475814566016,0.602924764156,-0.796347141266
0.719919323921,-0.0829122960567,1.34424996376,-0.00760342460126,-0.0479661338031,0.601501107216,-0.797394454479
0.719716608524,-0.0832826346159,1.34435200691,-0.00750238634646,-0.0478139519691,0.601180255413,-0.797646403313
0.71958231926,-0.0833117365837,1.3442299366,-0.00683786673471,-0.0479415915906,0.600908994675,-0.79784911871
0.719383776188,-0.0835849046707,1.34430074692,-0.00721288472414,-0.048123203218,0.600302100182,-0.798291742802
0.719146847725,-0.0836351588368,1.34429502487,-0.00754505209625,-0.048459969461,0.599451601505,-0.79890704155
0.718853533268,-0.0839217752218,1.34434711933,-0.00758394645527,-0.0480478480458,0.59898006916,-0.799285233021
0.718631505966,-0.0839563757181,1.34442067146,-0.00800346024334,-0.0485481582582,0.598205029964,-0.799831092358
0.71826839447,-0.0842674970627,1.34468734264,-0.00907741487026,-0.0485780984163,0.59732824564,-0.800472795963
0.71826839447,-0.0842674970627,1.34468734264,-0.00907741487026,-0.0485780984163,0.59732824564,-0.800472795963
0.717782199383,-0.0844252854586,1.34479188919,-0.00929274410009,-0.0486396290362,0.596487402916,-0.801093459129
0.717644929886,-0.0844733715057,1.3446969986,-0.00843730848283,-0.0480358637869,0.596821308136,-0.800890684128
0.717439889908,-0.0844264030457,1.3447201252,-0.00885741878301,-0.048365380615,0.59632474184,-0.80123603344
0.71699988842,-0.0847069174051,1.34496247768,-0.00973956659436,-0.0483064502478,0.595336377621,-0.801963925362
0.716737508774,-0.0848069190979,1.34519433975,-0.0103586381301,-0.0478494241834,0.595136582851,-0.802131950855
0.716737508774,-0.0848069190979,1.34519433975,-0.0103586381301,-0.0478494241834,0.595136582851,-0.802131950855
0.716391742229,-0.0847241133451,1.34506106377,-0.00922052562237,-0.047635640949,0.59510153532,-0.802184522152
0.715989410877,-0.0847974196076,1.34529256821,-0.0106184827164,-0.0479170270264,0.594052970409,-0.802927315235
0.715801775455,-0.0848036184907,1.3453772068,-0.0106969326735,-0.047818724066,0.593932986259,-0.803020834923
0.715531826019,-0.0848011523485,1.34541475773,-0.0105392038822,-0.0476743541658,0.593527793884,-0.803331136703
0.715219974518,-0.0847487598658,1.34548592567,-0.0104102287441,-0.047152902931,0.593283712864,-0.803543925285
0.715055942535,-0.0847506821156,1.34559595585,-0.0104609755799,-0.0475811250508,0.59277588129,-0.803892672062
0.71485888958,-0.0846187919378,1.34578418732,-0.0110763562843,-0.0474139675498,0.592458665371,-0.804128050804
0.714641094208,-0.0844849646091,1.34558057785,-0.00985058676451,-0.0472296439111,0.592396140099,-0.804201006889
0.714302718639,-0.0844577401876,1.34597849846,-0.0112801874056,-0.0470816753805,0.591552197933,-0.804811775684
0.7141071558,-0.0844245702028,1.34599280357,-0.0110076889396,-0.0470039658248,0.591183900833,-0.805090725422
0.714119970798,-0.0841841772199,1.34587872028,-0.0102441804484,-0.0468726083636,0.59134042263,-0.804993510246
0.713520884514,-0.0841523483396,1.34606158733,-0.0128361387178,-0.0481008626521,0.591746747494,-0.80458521843
0.713500618935,-0.0840772613883,1.34620642662,-0.0109997810796,-0.0466255918145,0.589844226837,-0.806094884872
0.713436365128,-0.0838890522718,1.34604465961,-0.00985979195684,-0.0465952381492,0.589856147766,-0.806102633476
0.713212370872,-0.0838051065803,1.34614145756,-0.00995734147727,-0.0465941242874,0.589310824871,-0.806500196457
0.713077008724,-0.0836184695363,1.34622979164,-0.0100878393278,-0.046582762152,0.588785707951,-0.806882679462
0.712774932384,-0.083562746644,1.34628582001,-0.0103942919523,-0.0463202595711,0.588027060032,-0.807446956635
0.712672173977,-0.0835966542363,1.34636759758,-0.0100652687252,-0.0460918322206,0.587959170341,-0.807513654232
0.712608158588,-0.0832293182611,1.34643602371,-0.0103086354211,-0.0464123114944,0.587378978729,-0.807914316654
0.712488055229,-0.0831502079964,1.3464268446,-0.0101461997256,-0.0463431738317,0.587038099766,-0.808168113232
0.712443232536,-0.0832028537989,1.34647572041,-0.00978970807046,-0.0459497123957,0.587437808514,-0.807904422283
0.712352931499,-0.0829047262669,1.34653842449,-0.00974303204566,-0.0461044870317,0.587285459042,-0.808006942272
0.712206304073,-0.0827721133828,1.34656786919,-0.00963217485696,-0.0461974143982,0.586872458458,-0.808303058147
0.712206304073,-0.0827721133828,1.34656786919,-0.00963217485696,-0.0461974143982,0.586872458458,-0.808303058147
0.711993098259,-0.0822117254138,1.34664916992,-0.00912425853312,-0.0467138215899,0.585783839226,-0.809068500996
0.711849272251,-0.0819969773293,1.34676802158,-0.00884854327887,-0.046624802053,0.585852026939,-0.809027373791
0.711738586426,-0.081724666059,1.34709048271,-0.0102810394019,-0.0473862178624,0.584942281246,-0.809624195099
0.711808800697,-0.0815543085337,1.34684312344,-0.00865981262177,-0.0471584200859,0.585483312607,-0.809265375137
0.711799919605,-0.081287689507,1.34687781334,-0.00858821440488,-0.0473532825708,0.585376858711,-0.809331715107
0.711591541767,-0.0810662060976,1.34712135792,-0.00976057071239,-0.0477999225259,0.584232151508,-0.810118913651
0.711635529995,-0.0807421207428,1.3468503952,-0.00856865569949,-0.0477347336709,0.58431917429,-0.81007361412
0.711462259293,-0.0809230953455,1.34662592411,-0.00841185543686,-0.0471976064146,0.583892524242,-0.810414195061
0.711302280426,-0.0807984545827,1.34694218636,-0.00907694175839,-0.047104395926,0.583188772202,-0.810919046402
0.711336433887,-0.0804925337434,1.34699463844,-0.00916797947139,-0.0472498610616,0.583084583282,-0.810984611511
0.711475014687,-0.0801104232669,1.34665179253,-0.00795634929091,-0.0473338738084,0.583201527596,-0.810908198357
0.711448609829,-0.0797210931778,1.34661507607,-0.00799400825053,-0.0476105101407,0.582552075386,-0.811358392239
0.711447358131,-0.0794212073088,1.34660708904,-0.00776094337925,-0.0476036146283,0.582311034203,-0.811534106731
0.711450874805,-0.0791317149997,1.34660208225,-0.00754870986566,-0.0475542880595,0.582032561302,-0.811738729477
0.71153819561,-0.0786250308156,1.34679472446,-0.007205048576,-0.0479072071612,0.582629323006,-0.811292827129
0.711567699909,-0.0781702548265,1.34675955772,-0.00716970488429,-0.0480819828808,0.582055091858,-0.811694920063
0.711588859558,-0.0779897123575,1.34673988819,-0.00664962502196,-0.047737531364,0.582262575626,-0.811570823193
0.711597084999,-0.0777323693037,1.34669983387,-0.00636662356555,-0.0475943684578,0.582017719746,-0.811757087708
0.711642086506,-0.0774541795254,1.34666883945,-0.0058802771382,-0.0472548566759,0.581725656986,-0.811989963055
0.711665630341,-0.0772268548608,1.3466616869,-0.00551431579515,-0.047115970403,0.581434547901,-0.812209129333
0.711665630341,-0.0772268548608,1.3466616869,-0.00551431579515,-0.047115970403,0.581434547901,-0.812209129333
0.711678683758,-0.0767370760441,1.34660160542,-0.00490476517007,-0.0467490032315,0.580763697624,-0.812714040279
0.711519002914,-0.0765633806586,1.34681653976,-0.00561492796987,-0.0465975627303,0.579977750778,-0.813279092312
0.711518526077,-0.0763012319803,1.34675145149,-0.00535766966641,-0.0462807044387,0.579588830471,-0.813576221466
0.71152973175,-0.0760116875172,1.3466925621,-0.00506925070658,-0.0459674298763,0.579580187798,-0.813601911068
0.711620628834,-0.0757022500038,1.34638309479,-0.00397679954767,-0.0453158095479,0.579895615578,-0.813419818878
0.711549699306,-0.0754438191652,1.34633100033,-0.00373992579989,-0.0449013784528,0.57988858223,-0.813448965549
0.711465001106,-0.0751261115074,1.34630894661,-0.00344755058177,-0.0443520918489,0.579906225204,-0.813467741013
0.711245715618,-0.0749826431274,1.3465167284,-0.00406167376786,-0.0439466051757,0.579683423042,-0.813645720482
0.711107075214,-0.0748504549265,1.34645664692,-0.00384665559977,-0.04331009835,0.57961422205,-0.813730180264
0.711163461208,-0.0744880735874,1.34612095356,-0.00225392682478,-0.0425850749016,0.580172240734,-0.81337672472
0.710982501507,-0.0741263628006,1.34601640701,-0.00207600276917,-0.0423030667007,0.580207884312,-0.81336659193
0.71108686924,-0.0738529115915,1.3458429575,-0.00128325691912,-0.0417530797422,0.581023097038,-0.812814354897
0.710991084576,-0.0735579803586,1.34582078457,-0.000945509877056,-0.0412924140692,0.581397294998,-0.812570691109
0.710529863834,-0.0736482739449,1.34616482258,-0.00237807119265,-0.040725197643,0.580507814884,-0.813232123852
0.71058511734,-0.0733550563455,1.34586513042,-0.000614358927123,-0.0399378947914,0.582128882408,-0.812114834785
0.710706710815,-0.0728750228882,1.34580206871,0.000191543294932,-0.0392666347325,0.583394408226,-0.811239302158
0.71049028635,-0.0727253630757,1.34580409527,0.00033984365291,-0.0386035218835,0.583692550659,-0.811056375504
0.710280060768,-0.0726136565208,1.34573996067,0.000602535321377,-0.0379246436059,0.584052622318,-0.810829162598
0.709962666035,-0.0723866820335,1.34576356411,0.000450586318038,-0.0375637076795,0.583783268929,-0.811040043831
0.709895789623,-0.0723332539201,1.34593033791,0.00052349519683,-0.0364989638329,0.584967374802,-0.810234963894
0.709742665291,-0.0719683617353,1.34598660469,-0.000422498065745,-0.0361978188157,0.585417091846,-0.809923648834
0.709714710712,-0.0718211308122,1.34565901756,0.00116210523993,-0.035620149225,0.586339116096,-0.809281349182
0.709476828575,-0.0717797204852,1.34587883949,0.000533618673217,-0.0351435095072,0.586693584919,-0.809045910835
0.709249377251,-0.0716534405947,1.34589445591,0.000717154995073,-0.0344780869782,0.587343275547,-0.808602869511
0.708824157715,-0.0717573165894,1.34597826004,0.000585901376326,-0.0333935543895,0.587652385235,-0.808423995972
0.708616256714,-0.0713554099202,1.34596431255,0.000440343370428,-0.0332516878843,0.588253736496,-0.807992398739
0.708968997002,-0.0711533129215,1.34581696987,8.5717656475e-05,-0.031770478934,0.59018933773,-0.806639492512
0.708625733852,-0.0710110589862,1.34560883045,-0.000997878261842,-0.0324940867722,0.592399001122,-0.804988563061
0.708528220654,-0.0709422007203,1.34590601921,0.000119838841783,-0.0307226292789,0.591698169708,-0.805573880672
0.708528220654,-0.0709422007203,1.34590601921,0.000119838841783,-0.0307226292789,0.591698169708,-0.805573880672
0.707699179649,-0.0708519294858,1.34585440159,0.00096921576187,-0.0298476945609,0.592601597309,-0.804941892624
0.707846879959,-0.0706050097942,1.34589445591,6.87443662173e-06,-0.0286769494414,0.594234704971,-0.803780317307
0.707756459713,-0.070498727262,1.34595108032,-8.06805837783e-05,-0.0283266492188,0.595476508141,-0.802873194218
0.707231760025,-0.0706307888031,1.34603178501,-0.000386621279176,-0.0269066505134,0.595996379852,-0.802536129951
0.706746637821,-0.0705012455583,1.34591722488,0.000726140511688,-0.0267471279949,0.59663194418,-0.802068829536
0.706323742867,-0.0705903321505,1.34604418278,0.000310248346068,-0.0262805800885,0.597078561783,-0.801752150059
0.70607060194,-0.0705634951591,1.34604525566,0.000334113632562,-0.0256104562432,0.597924590111,-0.801143050194
0.705817222595,-0.0703412294388,1.34600615501,1.37109611842e-06,-0.0252315700054,0.598800241947,-0.800500869751
0.705886006355,-0.070150397718,1.34604477882,-0.00109065545257,-0.02397425659,0.600256860256,-0.799447178841
0.705592274666,-0.0700947195292,1.34613263607,-0.00135084986687,-0.0232322439551,0.601168572903,-0.798783361912
0.704928159714,-0.070148780942,1.3461471796,-0.00058297108626,-0.0231354441494,0.601363062859,-0.798640668392
0.704716324806,-0.0701442360878,1.346165061,-0.000484430813231,-0.0224538333714,0.602264642715,-0.797980546951
0.70414853096,-0.0701012387872,1.34598088264,-0.00203754450195,-0.0229011587799,0.604402601719,-0.796347260475
0.704008579254,-0.0700413286686,1.34620165825,-0.000972835870925,-0.0208373442292,0.603865981102,-0.79681289196
0.704189300537,-0.069971114397,1.34636676311,-0.00232926476747,-0.0195827260613,0.605565547943,-0.795551121235
0.703796446323,-0.0699337869883,1.34630668163,-0.00246144831181,-0.0187975876033,0.60623306036,-0.795061051846
0.70335817337,-0.0703321248293,1.34634828568,-0.00212024594657,-0.0179233290255,0.606806278229,-0.794644892216
0.703023135662,-0.069863140583,1.34615266323,-0.00379549642093,-0.0187430977821,0.60940092802,-0.792631566525
0.70250916481,-0.070069372654,1.34642255306,-0.00187640613876,-0.0169919673353,0.608174681664,-0.793619096279
0.702100753784,-0.0697863399982,1.3464628458,-0.00218555168249,-0.0167257636786,0.608802974224,-0.793142080307
0.701802909374,-0.0698828697205,1.34644877911,-0.00249657616951,-0.0159475728869,0.60980784893,-0.792385041714
0.701394915581,-0.0699019134045,1.34645676613,-0.00270922901109,-0.0151070579886,0.610360860825,-0.791974782944
0.701032578945,-0.0698199272156,1.34650886059,-0.00275899097323,-0.0145304230973,0.611658275127,-0.790983915329
0.700659692287,-0.0696045532823,1.34656703472,-0.00305344443768,-0.0140131525695,0.612648665905,-0.790225327015
0.700119435787,-0.0696953684092,1.34643268585,-0.0045556393452,-0.0142563926056,0.614786267281,-0.788551867008
0.699845790863,-0.0696214288473,1.3466656208,-0.00342141767032,-0.0125008756295,0.614554524422,-0.788767874241
0.699437916279,-0.0695958510041,1.34673070908,-0.00362637126818,-0.0120055321604,0.615597486496,-0.787961065769
0.699024736881,-0.0695698261261,1.34681844711,-0.00384802254848,-0.0114731779322,0.616651415825,-0.787143349648
0.698668837547,-0.0696469917893,1.34719645977,-0.00411194935441,-0.0119015546516,0.617797553539,-0.786236405373
0.698252856731,-0.069598428905,1.34723472595,-0.00430649798363,-0.0113407801837,0.618854045868,-0.785412251949
0.697924911976,-0.069461196661,1.34732246399,-0.00422748550773,-0.0107773467898,0.620256602764,-0.784313619137
0.697284340858,-0.0694227218628,1.34711420536,-0.0056899623014,-0.0112536372617,0.622691452503,-0.782365977764
0.696858108044,-0.0693280994892,1.34717547894,-0.00591239193454,-0.0109784649685,0.624032855034,-0.781298696995
0.696657776833,-0.0692638754845,1.34749352932,-0.00462503591552,-0.00928684230894,0.623841106892,-0.781482458115
0.696244955063,-0.0691827610135,1.34753143787,-0.00485978415236,-0.00849840696901,0.625265300274,-0.780350863934
0.695815742016,-0.069143012166,1.34759867191,-0.00519954971969,-0.00798519700766,0.626440286636,-0.779411196709
0.695493817329,-0.0690437704325,1.34764325619,-0.00532508129254,-0.00743394158781,0.627797663212,-0.778322935104
0.695044100285,-0.0690101385117,1.34747350216,-0.00668865721673,-0.00799691397697,0.630836904049,-0.77584540844
0.694658219814,-0.0689562708139,1.34755957127,-0.0068867392838,-0.00744328368455,0.632251322269,-0.774697005749
0.694248259068,-0.0686989873648,1.34774899483,-0.00600770069286,-0.00499065732583,0.631973206997,-0.774950802326
0.694229006767,-0.0687547102571,1.34786343575,-0.00596738513559,-0.00552484765649,0.633864164352,-0.773401737213
0.693907499313,-0.0686850994825,1.34789669514,-0.00609682081267,-0.00504781585187,0.635356903076,-0.772177994251
0.693631887436,-0.0685919523239,1.34797143936,-0.00624878145754,-0.00486141629517,0.637118220329,-0.770725488663
0.693397879601,-0.0686341151595,1.34802472591,-0.00627620657906,-0.00453650020063,0.638575017452,-0.769520699978
0.693103373051,-0.0687815696001,1.34806835651,-0.00608737627044,-0.00451371120289,0.640143930912,-0.768217623234
0.692734658718,-0.0686662644148,1.34790325165,-0.00734199909493,-0.00535832950845,0.643092036247,-0.765734910965
0.692793726921,-0.0685491263866,1.34819436073,-0.00619626697153,-0.00371933821589,0.643637776375,-0.765296220779
0.692560315132,-0.0685932189226,1.34824180603,-0.00618933234364,-0.00347460457124,0.645027160645,-0.764126718044
0.692157804966,-0.0683837682009,1.34818470478,-0.00669573713094,-0.00278936885297,0.646138370037,-0.763185918331
0.692179083824,-0.0688132494688,1.34831094742,-0.00600612349808,-0.0034859762527,0.648003816605,-0.761605381966
0.692105293274,-0.068648532033,1.34825325012,-0.00633253436536,-0.00362361478619,0.649749100208,-0.76011377573
0.691987276077,-0.068633839488,1.34827637672,-0.00643796753138,-0.00364834186621,0.651272892952,-0.758807599545
0.691998362541,-0.0685242712498,1.34807395935,-0.00693749403581,-0.00246038637124,0.652992844582,-0.757328391075
0.691963672638,-0.0684502273798,1.3480527401,-0.00689081009477,-0.00243907002732,0.65443199873,-0.756085515022
0.691999137402,-0.0685577243567,1.34805738926,-0.00660238321871,-0.00256454758346,0.655995249748,-0.754731893539
0.692103028297,-0.0687616169453,1.34803700447,-0.00610615452752,-0.00273208343424,0.657888710499,-0.753085553646
0.692187547684,-0.0688181519508,1.3480052948,-0.00576192187145,-0.00301016843878,0.659219682217,-0.751922428608
0.692313611507,-0.0688985809684,1.34797644615,-0.00559166260064,-0.00312355812639,0.66059076786,-0.750718951225
0.6921210289,-0.0686862766743,1.34761464596,-0.0070254909806,-0.00361052388325,0.662761330605,-0.748789131641
0.692438721657,-0.0686714500189,1.34776484966,-0.00535000301898,-0.00284317974001,0.662817001343,-0.748756945133
0.692591071129,-0.0687564611435,1.34770727158,-0.00499900570139,-0.003057457041,0.663922309875,-0.747778594494
0.693078100681,-0.0689276605844,1.34774637222,-0.00470681861043,-0.00393407279626,0.666209936142,-0.745739102364
0.693098008633,-0.0691745132208,1.34775447845,-0.0043587833643,-0.00373938749544,0.66693353653,-0.745095074177
0.69301456213,-0.0693866685033,1.34742844105,-0.00528145441785,-0.00500196497887,0.669372498989,-0.742891252041
0.693039536476,-0.0696665421128,1.34764015675,-0.00455508800223,-0.00654327077791,0.670033991337,-0.742287695408
0.693421065807,-0.0698495954275,1.34780311584,-0.00276164175011,-0.00556002464145,0.66933453083,-0.742935359478
0.693558931351,-0.0696903392673,1.34768378735,-0.00257134041749,-0.00555338198319,0.669727146626,-0.742582023144
0.69384598732,-0.0694851875305,1.3476318121,-0.00251359841786,-0.00564551446587,0.670775294304,-0.741634845734
0.693890690804,-0.0698093026876,1.34754109383,-0.00208893092349,-0.0057711424306,0.671281456947,-0.741177141666
0.694147527218,-0.0696854740381,1.34757256508,-0.00219001458026,-0.00606751954183,0.67241358757,-0.740147531033
0.69415217638,-0.0699354410172,1.34741282463,-0.00162437022664,-0.00597005710006,0.672813117504,-0.739786565304
0.694328904152,-0.0700947120786,1.34748220444,-0.00164328224491,-0.00614374643192,0.673596739769,-0.739071786404
0.694326043129,-0.0701742321253,1.34730386734,-0.00278331199661,-0.00706488126889,0.675378859043,-0.737431943417
0.694330513477,-0.0697943866253,1.34695243835,-0.0033682580106,-0.00532777560875,0.675750672817,-0.73710334301
0.694802463055,-0.0701224729419,1.34721791744,-0.00157862575725,-0.00520626781508,0.675764024258,-0.737098038197
0.694505095482,-0.0699983537197,1.34716415405,-0.00127472565509,-0.00522217340767,0.675554633141,-0.737290322781
0.694798707962,-0.0703542903066,1.34725260735,-0.000549736607354,-0.00586606096476,0.676658034325,-0.736274003983
0.694903433323,-0.0704279243946,1.34722876549,-0.000283604196738,-0.0059096547775,0.677325487137,-0.735659658909
0.695016026497,-0.0705103427172,1.34722185135,-6.39920253889e-05,-0.00592983048409,0.677883684635,-0.735145270824
0.69511038065,-0.0705945491791,1.34722161293,0.000144658901263,-0.00602533994243,0.678400397301,-0.73466783762
0.69511038065,-0.0705945491791,1.34722161293,0.000144658901263,-0.00602533994243,0.678400397301,-0.73466783762
0.695298373699,-0.070471778512,1.34709501266,-7.86090749898e-05,-0.0051632784307,0.679343044758,-0.73380279541
0.695640325546,-0.0708083286881,1.34718203545,0.000557697028853,-0.00586721394211,0.680584549904,-0.732645988464
0.695803701878,-0.070895165205,1.34719562531,0.000863706460223,-0.00595321040601,0.681226611137,-0.732047975063
0.696004986763,-0.0710346102715,1.34716618061,0.000763175601605,-0.00639363145456,0.682061433792,-0.73126655817
0.695927858353,-0.07126095891,1.3473482132,0.00125748675782,-0.00742490589619,0.6822270751,-0.731101691723
0.69589138031,-0.0711348429322,1.34727287292,0.00106197386049,-0.00699098408222,0.682342171669,-0.730998754501
0.696246087551,-0.0714933872223,1.34740316868,0.00199969508685,-0.00751996366307,0.683468937874,-0.729938149452
0.696388423443,-0.0715952962637,1.34737825394,0.00228505535051,-0.00769026810303,0.683930397034,-0.729503154755
0.696571588516,-0.0716857612133,1.3473597765,0.00257910881191,-0.00790913030505,0.684442818165,-0.72901904583
0.696750164032,-0.0717631429434,1.34732758999,0.002920930041,-0.00812204368412,0.684926509857,-0.728561103344
0.697001159191,-0.0716369450092,1.3472918272,0.00292365066707,-0.00883307121694,0.685578167439,-0.727939665318
0.697184681892,-0.0718557909131,1.34724354744,0.00329624093138,-0.00897331256419,0.685983121395,-0.727554857731
0.69710701704,-0.0717373341322,1.34707772732,0.00319417309947,-0.00833627767861,0.685889661312,-0.727650940418
0.697570323944,-0.0720352381468,1.34718763828,0.00393366022035,-0.00946812983602,0.686874747276,-0.72670352459
0.697937428951,-0.0721079781651,1.3471288681,0.00444242637604,-0.0098074702546,0.687541782856,-0.72606498003
0.697955667973,-0.0721289515495,1.34710597992,0.00449383305386,-0.00979167316109,0.6874781847,-0.726125180721
0.698125898838,-0.0721722245216,1.34707331657,0.00476543651894,-0.00997953489423,0.687711596489,-0.725899755955
0.698266267776,-0.0723197311163,1.34700524807,0.00507625332102,-0.00993442069739,0.687857687473,-0.725759923458
0.698491930962,-0.0722942203283,1.34700667858,0.00524383597076,-0.010095519945,0.688160121441,-0.725469708443
0.699020683765,-0.0721864253283,1.34673917294,0.00535498838872,-0.00918154139072,0.688981175423,-0.724701344967
0.698602259159,-0.0719540715218,1.34668600559,0.00567729165778,-0.00924794655293,0.687784790993,-0.725833535194
0.698624551296,-0.0720174759626,1.34651720524,0.00508143939078,-0.00990205537528,0.688903570175,-0.724767565727
0.699021160603,-0.0723294317722,1.34657764435,0.00584558211267,-0.010591619648,0.689522743225,-0.724163115025
0.698845028877,-0.0720341205597,1.34650290012,0.00563197676092,-0.0100276041776,0.688852131367,-0.724810540676
0.699189662933,-0.0720840096474,1.34647548199,0.00615129200742,-0.0101385014132,0.689262211323,-0.724414944649
0.699150085449,-0.072046071291,1.34648406506,0.00636813929304,-0.00992817990482,0.688807189465,-0.724848687649
0.699612021446,-0.0723063349724,1.34653460979,0.00727978814393,-0.0105994008482,0.68946647644,-0.724203526974
0.699612021446,-0.0723063349724,1.34653460979,0.00727978814393,-0.0105994008482,0.68946647644,-0.724203526974
0.700055360794,-0.0723802596331,1.34677243233,0.00979014020413,-0.00916543230414,0.687485694885,-0.726074159145
0.700055360794,-0.0723802596331,1.34677243233,0.00979014020413,-0.00916543230414,0.687485694885,-0.726074159145
0.700057029724,-0.0721373260021,1.34635806084,0.00902580469847,-0.0102588050067,0.687859773636,-0.72571516037
0.700131654739,-0.0720907524228,1.34641373158,0.00967429671437,-0.00973763875663,0.687992691994,-0.725587844849
0.700308084488,-0.0720605328679,1.34635710716,0.00987990014255,-0.00993527378887,0.687212347984,-0.726321458817
0.700415253639,-0.072012655437,1.34640884399,0.0105672283098,-0.00933372974396,0.687360823154,-0.726179361343
0.700602293015,-0.0720223039389,1.34653925896,0.0107631133869,-0.00952322501689,0.68722563982,-0.726301968098
0.700957357883,-0.0721295326948,1.34666478634,0.0112202158198,-0.00982788950205,0.687215864658,-0.726300179958
0.701044380665,-0.0719582512975,1.34655535221,0.0130894631147,-0.0080553367734,0.685389459133,-0.728014469147
0.701141119003,-0.0719349831343,1.34656226635,0.0133901489899,-0.00792502984405,0.685033917427,-0.728345155716
0.701052606106,-0.0718278437853,1.34655761719,0.0134390043095,-0.00770961958915,0.684282898903,-0.729052066803
0.701183199883,-0.0717829912901,1.34660160542,0.0140820648521,-0.00733756134287,0.683612704277,-0.729672133923
0.701109230518,-0.0717384368181,1.34632205963,0.0125981802121,-0.00863912142813,0.684757888317,-0.728610634804
0.701211452484,-0.07170329988,1.34630095959,0.0128369480371,-0.00862991996109,0.684271037579,-0.729063808918
0.701498568058,-0.071631886065,1.34654736519,0.0147241773084,-0.00744324270636,0.682440042496,-0.730755329132
0.701498568058,-0.071631886065,1.34654736519,0.0147241773084,-0.00744324270636,0.682440042496,-0.730755329132
0.701478242874,-0.0716187357903,1.34625077248,0.0132157746702,-0.00896166823804,0.68303591013,-0.730210185051
0.701705634594,-0.0715854018927,1.34640550613,0.0148541610688,-0.00793072022498,0.681470453739,-0.731651842594
0.701837539673,-0.0716780275106,1.34619069099,0.0138294678181,-0.0090874414891,0.682509183884,-0.730689585209
0.702035009861,-0.0717554241419,1.34630894661,0.0136873079464,-0.00939811579883,0.682177841663,-0.730997800827
0.701986253262,-0.0718003064394,1.34643185139,0.0134583106264,-0.00974267348647,0.681492328644,-0.731636703014
0.702261567116,-0.0718666538596,1.34637880325,0.0137817841023,-0.00989445764571,0.681533277035,-0.731590509415
0.702441513538,-0.0718714594841,1.34649038315,0.014898262918,-0.00918574258685,0.680292904377,-0.73273140192
0.702491700649,-0.0718870460987,1.34642982483,0.0147101031616,-0.00947400275618,0.679645001888,-0.733332335949
0.702392578125,-0.0718043893576,1.34641599655,0.0147695550695,-0.00923913531005,0.678191959858,-0.734678387642
0.702438592911,-0.0718223825097,1.34637641907,0.0147868441418,-0.00937792751938,0.677553892136,-0.735264718533
0.70267188549,-0.0718911588192,1.34632956982,0.0148781780154,-0.00965204462409,0.677267253399,-0.735523402691
0.70267188549,-0.0718911588192,1.34632956982,0.0148781780154,-0.00965204462409,0.677267253399,-0.735523402691
0.702769041061,-0.0718628019094,1.34623503685,0.0148136382923,-0.00985991582274,0.675985276699,-0.736700177193
0.702639698982,-0.0717794597149,1.34619963169,0.01442943234,-0.0100468592718,0.674786686897,-0.737803280354
0.702326059341,-0.071565836668,1.34590733051,0.0124915065244,-0.0106501840055,0.674741208553,-0.737871825695
0.702489078045,-0.0715975612402,1.34608221054,0.0136527782306,-0.00996022298932,0.672776520252,-0.739652752876
0.702679634094,-0.071936994791,1.34613466263,0.013866729103,-0.0106619028375,0.672464132309,-0.739922940731
0.702830076218,-0.0717813074589,1.34609746933,0.0137991392985,-0.0109287165105,0.671990156174,-0.740350842476
0.702848315239,-0.0718013644218,1.34605371952,0.013282620348,-0.0114138526842,0.671541273594,-0.740760207176
0.702767848969,-0.0717594474554,1.34582853317,0.0120823513716,-0.012618759647,0.671675562859,-0.740639567375
0.702898740768,-0.0717504918575,1.3459353447,0.0129805253819,-0.0120639344677,0.670096039772,-0.742062985897
0.702914059162,-0.0717576369643,1.34589242935,0.0127653134987,-0.0122449407354,0.669450342655,-0.742646098137
0.703054130077,-0.0716341882944,1.34590709209,0.0132326940075,-0.0121968835592,0.668075978756,-0.743875443935
0.702891588211,-0.0716213881969,1.34561264515,0.0112894326448,-0.0138338580728,0.66888743639,-0.743149340153
0.702896356583,-0.0715497583151,1.34554541111,0.0109902163967,-0.0141706187278,0.668188154697,-0.743776082993
0.703061342239,-0.071519471705,1.34576582909,0.0124564040452,-0.0130135621876,0.665867269039,-0.745852768421
0.703087985516,-0.0714944750071,1.34569585323,0.0123312501237,-0.0131681943312,0.665246546268,-0.74640583992
0.703077793121,-0.0714245513082,1.34557282925,0.0117041310295,-0.0137783298269,0.664758563042,-0.746839702129
0.703057527542,-0.0713856816292,1.34551942348,0.0113763595,-0.0138949071988,0.664081096649,-0.747444868088
0.702832818031,-0.0713978260756,1.34526264668,0.00948141887784,-0.0152681712061,0.664450883865,-0.747115850449
0.702857077122,-0.0713225603104,1.34522771835,0.00916429888457,-0.015434785746,0.663969874382,-0.747543811798
0.702899515629,-0.0714250653982,1.34537923336,0.0102972332388,-0.0142721477896,0.661659300327,-0.74959808588
0.702897965908,-0.0714160650969,1.34532094002,0.0098484903574,-0.0145074417815,0.661009252071,-0.75017285347
0.702833771706,-0.0713753402233,1.34531068802,0.00948087871075,-0.0146699603647,0.660430252552,-0.750684201717
0.702788949013,-0.0713791772723,1.34526240826,0.00898477248847,-0.014804776758,0.65989780426,-0.751155853271
0.702726244926,-0.0713758468628,1.34522473812,0.00856394693255,-0.015021556057,0.659324705601,-0.751659452915
0.702674984932,-0.0713526308537,1.34516227245,0.00815785024315,-0.0152648240328,0.658935725689,-0.75200009346
0.702623009682,-0.0713111758232,1.3451448679,0.00773526867852,-0.0154298134148,0.658494532108,-0.752387523651
0.702441394329,-0.0713590085506,1.34493780136,0.00605465192348,-0.0166308227926,0.659074485302,-0.751869440079
0.70235991478,-0.0713655054569,1.34491300583,0.00565330637619,-0.0168243572116,0.658689022064,-0.752205967903
0.702255547047,-0.0713199079037,1.34489691257,0.00528412265703,-0.0169310215861,0.658218920231,-0.752617657185
0.702325880527,-0.0713475048542,1.3450769186,0.00618779426441,-0.0160491038114,0.65656888485,-0.754070103168
0.70232707262,-0.0711867809296,1.34514534473,0.00586696015671,-0.0165405105799,0.656265258789,-0.754326224327
0.702208995819,-0.0713766217232,1.34504628181,0.00539148040116,-0.016323665157,0.655687332153,-0.754836916924
0.702102184296,-0.0714354589581,1.34503209591,0.00501373875886,-0.0163513310254,0.655277907848,-0.755194306374
0.702026724815,-0.0714806765318,1.3450448513,0.00452860910445,-0.0164415538311,0.654973268509,-0.755459725857
0.701937675476,-0.0715195685625,1.34504806995,0.00416190875694,-0.0164864156395,0.654737472534,-0.755665063858
0.701823294163,-0.0715832561255,1.34504234791,0.00375982443802,-0.0164822656661,0.654454469681,-0.755912423134
0.701722860336,-0.0716370791197,1.34504175186,0.00338092655875,-0.0165445823222,0.654240846634,-0.756097733974
0.70159381628,-0.0717305168509,1.34503269196,0.00300196069293,-0.0164952259511,0.653961241245,-0.756342232227
0.701520144939,-0.0717995390296,1.34509181976,0.00303809926845,-0.0162113700062,0.653653264046,-0.75661444664
0.701520144939,-0.0717995390296,1.34509181976,0.00303809926845,-0.0162113700062,0.653653264046,-0.75661444664
0.70121973753,-0.0718420296907,1.34506654739,0.00193586898968,-0.0166757032275,0.653376221657,-0.756847262383
0.701153457165,-0.0718893706799,1.34514319897,0.00197981554084,-0.0163884870708,0.653053283691,-0.75713211298
0.701040863991,-0.0719164013863,1.34508907795,0.00130000535864,-0.0168219096959,0.653371810913,-0.756849110126
0.700948536396,-0.0720690339804,1.34509623051,0.00115300063044,-0.0168219916523,0.6532548666,-0.756950378418
0.700843095779,-0.0720506161451,1.34512412548,0.000877366226632,-0.0168710388243,0.653146624565,-0.757042944431
0.700734376907,-0.0720698088408,1.34515225887,0.000665310071781,-0.0168963093311,0.652968943119,-0.757195949554
0.700668513775,-0.072124376893,1.34520983696,0.000379672506824,-0.0169792100787,0.652903735638,-0.757250487804
0.70060557127,-0.0721431002021,1.34523582458,0.000208342753467,-0.0170341208577,0.652812898159,-0.757327735424
0.700552105904,-0.0721645280719,1.34526264668,0.000153418717673,-0.0170762613416,0.652791857719,-0.757344841957
0.700514674187,-0.0721817016602,1.34529149532,3.72942340618e-05,-0.0171151701361,0.652744710445,-0.757384717464
0.700453281403,-0.0722018033266,1.34531199932,-7.36671863706e-05,-0.0171449985355,0.652630567551,-0.757482290268
0.700432598591,-0.0722189247608,1.34532940388,-0.000121044307889,-0.0171999372542,0.652604222298,-0.757503628731
0.700406551361,-0.0722147226334,1.34534347057,-0.000158951414051,-0.0172569938004,0.652597784996,-0.75750797987
0.700384259224,-0.0722291022539,1.34535551071,-0.000184367512702,-0.0172711052001,0.652568936348,-0.757532536983
0.700372219086,-0.0722362101078,1.34536159039,-0.000200733367819,-0.0172846522182,0.652567982674,-0.757533013821
0.700348138809,-0.0722260847688,1.34537339211,-0.00022212244221,-0.0173099618405,0.652580738068,-0.75752145052
0.700363814831,-0.0722009241581,1.34540903568,-0.000336244149366,-0.0172781255096,0.65263324976,-0.757476866245
0.700313866138,-0.0722377002239,1.34542226791,-0.000221481765038,-0.0172569323331,0.652632832527,-0.757477760315
0.700342178345,-0.072165697813,1.34544122219,-0.000285704765702,-0.0172415617853,0.652713894844,-0.757408201694
0.70038998127,-0.072143882513,1.34541976452,-0.000185783152119,-0.0171986669302,0.652800321579,-0.757334709167
0.700411498547,-0.0721223801374,1.34542155266,-0.000196925902856,-0.0173236653209,0.652718067169,-0.757402896881
0.700511813164,-0.0719005018473,1.34544122219,-0.000256508588791,-0.0173540581018,0.652914822102,-0.757232487202
0.700556099415,-0.0718755796552,1.345443964,-0.000136779242894,-0.01739426516,0.652952551842,-0.757199168205
0.700611174107,-0.0718476474285,1.34543633461,2.91799460683e-05,-0.0174732413143,0.652926564217,-0.757219672203
0.700667142868,-0.0718170925975,1.34544074535,0.000162539858138,-0.0175339840353,0.652954220772,-0.757194399834
0.700722932816,-0.0717795565724,1.34541475773,0.000465874007205,-0.0175477638841,0.652987658978,-0.757165074348
0.700787365437,-0.071762830019,1.34541833401,0.000684440659825,-0.0175563208759,0.65300565958,-0.757149219513
0.700787365437,-0.071762830019,1.34541833401,0.000684440659825,-0.0175563208759,0.65300565958,-0.757149219513
0.70090842247,-0.0717359930277,1.34542763233,0.00120261567645,-0.0174981374294,0.653140604496,-0.757033586502
0.70090842247,-0.0717359930277,1.34542763233,0.00120261567645,-0.0174981374294,0.653140604496,-0.757033586502
0.70109885931,-0.0717395320535,1.34543669224,0.00183800945524,-0.0174274835736,0.65319365263,-0.756988048553
0.701266825199,-0.0717558413744,1.34544146061,0.00210343371145,-0.0174166616052,0.653458118439,-0.756759405136
0.701279580593,-0.0717372596264,1.34543788433,0.00227702385746,-0.0173309594393,0.653398275375,-0.756812572479
0.701349020004,-0.0717632174492,1.34542548656,0.00259916181676,-0.0171764492989,0.653409302235,-0.756805479527
0.701609373093,-0.0717232376337,1.34518444538,0.00242816912942,-0.0158075410873,0.653752326965,-0.756539702415
0.70167016983,-0.0717482715845,1.34518146515,0.00270365853794,-0.0156459398568,0.653768897057,-0.756527662277
0.70172816515,-0.0717511028051,1.34518098831,0.00284023606218,-0.0155029362068,0.653768002987,-0.756530940533
0.701770186424,-0.071762830019,1.34518456459,0.0030320759397,-0.0153760137036,0.653739869595,-0.756557106972
0.701777338982,-0.0717631131411,1.34519433975,0.00318572600372,-0.0151694109663,0.653572738171,-0.756704866886
0.701821804047,-0.0717584043741,1.34518778324,0.00337941199541,-0.0149333272129,0.653525769711,-0.75674945116
0.701819062233,-0.0717338323593,1.34520328045,0.00351641746238,-0.0146949291229,0.653355181217,-0.756900727749
0.701812982559,-0.071713462472,1.34521532059,0.00366428447887,-0.0143870031461,0.653185248375,-0.757052659988
0.701796889305,-0.0716877356172,1.34521925449,0.00387887377292,-0.0140726799145,0.653018712997,-0.757201194763
0.70191013813,-0.0717743486166,1.34525299072,0.00417278893292,-0.0135717187077,0.653051555157,-0.757180392742
0.701764762402,-0.0716034173965,1.34527373314,0.0043054074049,-0.0132059929892,0.652741253376,-0.757453620434
0.701832354069,-0.0715817809105,1.34529566765,0.00458879256621,-0.0129710221663,0.652827084064,-0.757382154465
0.7017121315,-0.0715053975582,1.34533762932,0.00466236099601,-0.0126825645566,0.652592778206,-0.75758844614
0.701602578163,-0.0715184509754,1.34540534019,0.00489959074184,-0.0124321188778,0.652425348759,-0.75773525238
0.701562047005,-0.0714843273163,1.34544885159,0.00508028874174,-0.0122235771269,0.652449727058,-0.757716417313
0.701422154903,-0.0715910643339,1.34568965435,0.0056992424652,-0.0130940983072,0.652361690998,-0.757773339748
0.701351881027,-0.0716132223606,1.34573566914,0.0060898931697,-0.0129593703896,0.65246295929,-0.757685422897
0.701372027397,-0.071585714817,1.34578108788,0.00638083973899,-0.0129455653951,0.65270191431,-0.757477462292
0.701396882534,-0.0715689063072,1.34582579136,0.00667351763695,-0.0128972604871,0.652900457382,-0.757304549217
0.701466977596,-0.0716416314244,1.34585464001,0.0071196644567,-0.0128968488425,0.653229176998,-0.757016897202
0.701498031616,-0.0715969055891,1.34591698647,0.00733087817207,-0.0130725689232,0.653463840485,-0.756809294224
0.701598525047,-0.0716298818588,1.34591650963,0.00763035239652,-0.0131214037538,0.653772592545,-0.75653886795
0.701699256897,-0.0716762542725,1.34593915939,0.0078474516049,-0.0132831493393,0.654073417187,-0.75627374649
0.701800882816,-0.0717312768102,1.34593963623,0.0080530392006,-0.0134287141263,0.654284000397,-0.75608676672
0.701957583427,-0.0718810856342,1.34590673447,0.0084501542151,-0.0135181676596,0.654600083828,-0.755807220936
0.702077925205,-0.0719755142927,1.34586501122,0.00872854888439,-0.0137680862099,0.654722511768,-0.755693614483
0.702191531658,-0.0720504894853,1.34585237503,0.00884681660682,-0.0139886550605,0.654781222343,-0.755637288094
0.702276587486,-0.0720570459962,1.34582984447,0.00884239003062,-0.0141189163551,0.654816806316,-0.755604088306
0.702367007732,-0.072157278657,1.34579002857,0.00894946232438,-0.014226260595,0.654830515385,-0.755588829517
0.702447235584,-0.0722693651915,1.34575438499,0.00898743327707,-0.0143249044195,0.654833734035,-0.755583763123
0.702513158321,-0.0723785459995,1.345723629,0.00899591203779,-0.0143840573728,0.654893577099,-0.755530774593
0.702584087849,-0.0724945515394,1.34566438198,0.00891683902591,-0.0144304214045,0.654888749123,-0.755534946918
0.70248913765,-0.072612144053,1.34543836117,0.00748146930709,-0.0156816542149,0.656200885773,-0.754386246204
0.702533602715,-0.072711288929,1.34540426731,0.00736409472302,-0.015737241134,0.656232595444,-0.754358649254
0.70258307457,-0.0728433281183,1.34537124634,0.00716127036139,-0.0158796608448,0.656144440174,-0.754434227943
0.702627599239,-0.0730427205563,1.34533500671,0.00698271207511,-0.0160308461636,0.656282901764,-0.75431227684
0.702647686005,-0.0731307715178,1.34533178806,0.00690763629973,-0.0160497669131,0.656324267387,-0.754276633263
0.702816307545,-0.0732090622187,1.345520854,0.00809420831501,-0.01493635308,0.655349850655,-0.755134344101
0.702715337276,-0.0732494220138,1.34533047676,0.00659210048616,-0.0161886624992,0.656868934631,-0.753802120686
0.702690839767,-0.0733428746462,1.34533321857,0.00641151564196,-0.016184380278,0.657006919384,-0.753683567047
0.70270806551,-0.073410615325,1.34533643723,0.00625926349312,-0.0162165854126,0.657295882702,-0.75343221426
0.702858924866,-0.0734526067972,1.34556245804,0.00745405396447,-0.0152348130941,0.656436026096,-0.754191040993
0.702672541142,-0.0735578089952,1.34538984299,0.00593078089878,-0.0164158120751,0.658200144768,-0.752640724182
0.702518761158,-0.0734891593456,1.34512495995,0.00603762594983,-0.0157559514046,0.65827357769,-0.752589702606
0.702568590641,-0.0736655667424,1.34531390667,0.00686699012294,-0.0150583144277,0.657795369625,-0.753014922142
0.702911674976,-0.0736297145486,1.34528374672,0.00610712030903,-0.0140682533383,0.65838932991,-0.752521336079
0.702800631523,-0.0737278312445,1.34510779381,0.00469971401617,-0.0152537720278,0.660051822662,-0.751050531864
0.702907443047,-0.0739074498415,1.34514200687,0.00436891149729,-0.0152777666226,0.660546660423,-0.750616908073
0.702571570873,-0.0740067511797,1.34522426128,0.0051767504774,-0.0165639556944,0.660211622715,-0.75087916851
0.702807068825,-0.0740935951471,1.3453783989,0.00633657677099,-0.0158093348145,0.659640431404,-0.751388430595
0.702838122845,-0.0741238445044,1.34536647797,0.00604447023943,-0.0159354656935,0.659940540791,-0.751124560833
0.702890813351,-0.07422965765,1.34534227848,0.00588685693219,-0.0160911437124,0.660386860371,-0.750730037689
0.702919483185,-0.0744358450174,1.34529948235,0.00582726299763,-0.01626563631,0.660598635674,-0.75054037571
0.702802717686,-0.0745870023966,1.34509158134,0.0041456441395,-0.0174139533192,0.662730753422,-0.748643755913
0.702859222889,-0.0747023075819,1.34505832195,0.00395113090053,-0.0175536088645,0.663069188595,-0.748341858387
0.702992200851,-0.0747614055872,1.34500980377,0.00377001287416,-0.0177137646824,0.663472115993,-0.747981786728
0.703135550022,-0.0748846679926,1.34497129917,0.00365793355741,-0.0179821308702,0.66293990612,-0.748447775841
0.703230857849,-0.075001180172,1.34496307373,0.00349968695082,-0.0181142576039,0.663090646267,-0.748311817646
0.703402459621,-0.0750703364611,1.34494030476,0.00335880625062,-0.0182361863554,0.663394212723,-0.748040318489
0.703715384007,-0.0752017498016,1.34519135952,0.00491136591882,-0.0168954506516,0.662051200867,-0.749252080917
0.703884840012,-0.0753176957369,1.3451911211,0.00480681564659,-0.0169938411564,0.662283182144,-0.749045550823
0.704124748707,-0.0751774907112,1.34522342682,0.00441536772996,-0.0170632842928,0.662696063519,-0.74868106842
0.70417034626,-0.0755184739828,1.34517168999,0.00422629294917,-0.0174605585635,0.662898302078,-0.748494029045
0.70436412096,-0.0756564438343,1.34518551826,0.00417616590858,-0.0175767578185,0.663125455379,-0.748290240765
0.704543232918,-0.0757790356874,1.34523069859,0.00414831051603,-0.0176629219204,0.663201749325,-0.748220801353
0.704770565033,-0.0759007036686,1.34530818462,0.00439953105524,-0.0174671262503,0.66321259737,-0.748214244843
0.705031991005,-0.0760016143322,1.34532320499,0.00438671605662,-0.0175321213901,0.663487970829,-0.747968554497
0.705031991005,-0.0760016143322,1.34532320499,0.00438671605662,-0.0175321213901,0.663487970829,-0.747968554497
0.705455541611,-0.076292283833,1.34537172318,0.00409726286307,-0.017766200006,0.664359033108,-0.747191250324
0.705455541611,-0.076292283833,1.34537172318,0.00409726286307,-0.017766200006,0.664359033108,-0.747191250324
0.705887496471,-0.0763666778803,1.34541082382,0.00351974088699,-0.0183955691755,0.665002644062,-0.746606171131
0.706155776978,-0.0764743462205,1.34547114372,0.00332873919979,-0.0184773113579,0.665419638157,-0.746233463287
0.70638436079,-0.0766127407551,1.34549236298,0.00322442315519,-0.0185685735196,0.665678739548,-0.746000528336
0.706682920456,-0.076733738184,1.34549117088,0.00312523101456,-0.0186047907919,0.66609364748,-0.745629549026
0.706955134869,-0.0768414586782,1.34549081326,0.00311745353974,-0.0187778659165,0.666396796703,-0.745354175568
0.707228600979,-0.0769482403994,1.34548532963,0.00313304271549,-0.0189539398998,0.666722536087,-0.745058298111
0.707587480545,-0.0770319402218,1.34553873539,0.00345497671515,-0.0187928061932,0.666881203651,-0.744919121265
0.707673311234,-0.0772630274296,1.34527230263,0.00167415768374,-0.0206069331616,0.668427944183,-0.743489563465
0.707992851734,-0.0773447602987,1.34531545639,0.00155975914095,-0.0208720359951,0.668642282486,-0.743289589882
0.708297133446,-0.0774477273226,1.34530067444,0.00141727563459,-0.0209645275027,0.6688169837,-0.743130028248
0.708885252476,-0.077413238585,1.34565842152,0.00402432540432,-0.0189846809953,0.666625440121,-0.745140254498
0.709170877934,-0.0776217505336,1.34548103809,0.00296537554823,-0.0203308071941,0.667520523071,-0.744307935238
0.709540963173,-0.0777760818601,1.34550642967,0.00292466697283,-0.020575877279,0.667390406132,-0.744417965412
0.709856987,-0.0779062286019,1.3455016613,0.00287804380059,-0.0208694562316,0.667365670204,-0.744432210922
0.710259616375,-0.0779761373997,1.34549927711,0.0028083845973,-0.021266521886,0.667394578457,-0.744395256042
0.710563123226,-0.0781116932631,1.34548211098,0.00263380096294,-0.0213840920478,0.667023181915,-0.74472540617
0.710735321045,-0.0782751217484,1.34529161453,0.00123388925567,-0.0225849542767,0.668124616146,-0.743705511093
0.711276471615,-0.0783584490418,1.34525966644,0.000266827410087,-0.022160243243,0.668128013611,-0.743716299534
0.711610674858,-0.0784693807364,1.34528541565,7.61466071708e-05,-0.0223954897374,0.667876243591,-0.743935465813
0.712087988853,-0.0785682499409,1.34548854828,0.00122081337031,-0.0216928813607,0.66611045599,-0.745536625385
0.712384939194,-0.0786237195134,1.34546911716,0.000802270951681,-0.0224058330059,0.665964007378,-0.745646893978
0.713017463684,-0.0782968103886,1.34546625614,0.00125578674488,-0.02343294397,0.666347384453,-0.745272040367
0.712808668613,-0.0786623805761,1.34562551975,0.00148158706725,-0.0238384548575,0.664394497871,-0.747000277042
0.7131986022,-0.0788952484727,1.34572696686,-0.000337242759997,-0.0259727537632,0.665468156338,-0.745974302292
0.713472723961,-0.0789757445455,1.34572660923,-0.000572579272557,-0.0263797026128,0.664975225925,-0.746399223804
0.713749110699,-0.0790467113256,1.34572029114,-0.000798577559181,-0.0265847742558,0.664437711239,-0.746870338917
0.714212834835,-0.0791727602482,1.34593987465,0.000308032409521,-0.0258379541337,0.66237950325,-0.748722732067
0.714198708534,-0.0790079236031,1.34563708305,-0.00167279597372,-0.0265905093402,0.662559270859,-0.748535633087
0.714874386787,-0.0794094800949,1.34591901302,7.53586427891e-05,-0.0265414081514,0.660930395126,-0.749977767467
0.715008735657,-0.0795047730207,1.34575974941,-0.00131642632186,-0.0279894489795,0.661520779133,-0.749403238297
0.715318858624,-0.0795859694481,1.34572696686,-0.00154808058869,-0.0284815076739,0.660459339619,-0.750319957733
0.715854465961,-0.0796083435416,1.34591341019,-0.000481233379105,-0.0276510678232,0.658533513546,-0.752043068409
0.71603512764,-0.079755589366,1.3457159996,-0.00188980356324,-0.0292234383523,0.658980965614,-0.751589417458
0.716419219971,-0.0798239484429,1.34565973282,-0.0019433577545,-0.0297900885344,0.657864272594,-0.752544522285
0.716812968254,-0.0800277069211,1.34576654434,-0.000734868866857,-0.0290550049394,0.655707836151,-0.754455208778
0.716912209988,-0.0804521292448,1.34555518627,-0.00207154662348,-0.0307327788323,0.655801355839,-0.754304885864
0.717463374138,-0.0805374383926,1.34572947025,-0.000909673050046,-0.0301261134446,0.653343260288,-0.756461679935
0.717936873436,-0.080334842205,1.34568166733,-0.00113667105325,-0.0304831825197,0.652622520924,-0.757068991661
0.718368947506,-0.080386146903,1.34565019608,-0.00126138527412,-0.0311100073159,0.6517598629,-0.757786035538
0.718605995178,-0.0805149078369,1.34540092945,-0.00287450593896,-0.0329987704754,0.651999115944,-0.757495939732
0.71916025877,-0.0806189924479,1.3455837965,-0.00159376719967,-0.0323503725231,0.649499773979,-0.75967168808
0.719326376915,-0.0807261765003,1.34530520439,-0.00337990233675,-0.0344634242356,0.64959448576,-0.759491801262
0.71979868412,-0.0810324251652,1.34551334381,-0.00190882536117,-0.0339687988162,0.646921396255,-0.761797368526
0.720211863518,-0.0811640769243,1.34547531605,-0.00216840556823,-0.0346719063818,0.645673394203,-0.762823104858
