x,y,z,q0,q1,q2,q3
0.617324650288,-0.142174229026,1.36472082138,-0.0487742647529,-0.0540617257357,0.773905694485,-0.629101216793
0.617213785648,-0.141900315881,1.36471199989,-0.0487092211843,-0.054623067379,0.774072170258,-0.628852963448
0.617083370686,-0.141643106937,1.36470198631,-0.0486095026135,-0.0540518946946,0.774229109287,-0.628716766834
0.616982400417,-0.141268312931,1.36468374729,-0.0486712269485,-0.054114792496,0.774503946304,-0.628368079662
0.617004096508,-0.141063183546,1.36463630199,-0.0488418005407,-0.0538314506412,0.774898946285,-0.627892017365
0.616777837276,-0.140890166163,1.36457490921,-0.0491099394858,-0.0536070130765,0.774760901928,-0.6280605793
0.616615951061,-0.140689983964,1.36454463005,-0.0493031032383,-0.053419239819,0.774947464466,-0.627831220627
0.61652380228,-0.140280157328,1.36455821991,-0.0492087677121,-0.0535963997245,0.775520265102,-0.627115786076
0.616311609745,-0.140073880553,1.36454963684,-0.0493046827614,-0.0534290671349,0.775627553463,-0.626989841461
0.616070866585,-0.139838203788,1.36470460892,-0.0490727573633,-0.0540394634008,0.775939881802,-0.626569092274
0.615754246712,-0.13959133625,1.36455118656,-0.0493840686977,-0.0532537773252,0.77609705925,-0.626417338848
0.615599930286,-0.139391973615,1.36470127106,-0.0496316067874,-0.0532355196774,0.776244163513,-0.626217007637
0.61524271965,-0.139032572508,1.36458802223,-0.0500356256962,-0.0525892339647,0.776332080364,-0.626130461693
0.614944934845,-0.138814479113,1.36456108093,-0.0505915656686,-0.052545722574,0.776662111282,-0.625680088997
0.614660024643,-0.138613447547,1.36469721794,-0.050976280123,-0.0516726970673,0.776947438717,-0.625367343426
0.614183962345,-0.138403832912,1.36412286758,-0.0505231693387,-0.0495304204524,0.776852309704,-0.625695288181
0.613867580891,-0.138177856803,1.36418092251,-0.0509344004095,-0.0490700155497,0.777021050453,-0.625488758087
0.61354392767,-0.137960284948,1.36419403553,-0.0515464171767,-0.0484319105744,0.77732026577,-0.625116467476
0.613357067108,-0.13765758276,1.36430907249,-0.0522224158049,-0.047782484442,0.77783626318,-0.624468207359
0.61284071207,-0.137315526605,1.36438894272,-0.0523656308651,-0.0474359802902,0.777795255184,-0.624533772469
0.612469494343,-0.137067466974,1.36449456215,-0.0524588860571,-0.047214243561,0.777918100357,-0.624389648438
0.612153053284,-0.13687735796,1.36434698105,-0.0538974367082,-0.0473636351526,0.779457688332,-0.622332334518
0.611914813519,-0.136672049761,1.36455130577,-0.053526557982,-0.0459780357778,0.778734743595,-0.62337243557
0.611559450626,-0.136286318302,1.36468100548,-0.0538528896868,-0.0454991459846,0.779165744781,-0.622840702534
0.61132222414,-0.136184066534,1.36478090286,-0.0540644228458,-0.0444790162146,0.779657781124,-0.62228012085
0.610894680023,-0.135802000761,1.36481237411,-0.0544810555875,-0.0444507077336,0.780103206635,-0.621687293053
0.610621094704,-0.135784938931,1.36482000351,-0.0551119297743,-0.0434861220419,0.780434727669,-0.621283531189
0.610268473625,-0.135417670012,1.36492669582,-0.0552936121821,-0.0426538437605,0.781128704548,-0.620452523232
0.609936356544,-0.135158643126,1.36500608921,-0.0553385615349,-0.0421690642834,0.781684815884,-0.61978083849
0.609574794769,-0.134980604053,1.36509299278,-0.055435564369,-0.0417640693486,0.782241165638,-0.619097232819
0.609262943268,-0.13482002914,1.36515629292,-0.0556543692946,-0.0411800704896,0.783000946045,-0.618155658245
0.609011650085,-0.13457146287,1.36519622803,-0.0559419691563,-0.0405308641493,0.783688127995,-0.617301166058
0.608879208565,-0.134391203523,1.36540782452,-0.0568961650133,-0.0408133231103,0.784653306007,-0.615967810154
0.608446478844,-0.134237319231,1.36538124084,-0.0579375550151,-0.0412866920233,0.786542713642,-0.613424241543
0.608092010021,-0.134054869413,1.36543512344,-0.0581074841321,-0.0410479009151,0.787172973156,-0.612615168095
0.607738912106,-0.133687019348,1.36548316479,-0.0564481988549,-0.039141304791,0.787085533142,-0.613007307053
0.607407152653,-0.133565202355,1.36533713341,-0.0579677373171,-0.039757926017,0.789036095142,-0.610312342644
0.60729777813,-0.133607879281,1.36550748348,-0.0585820227861,-0.0403329133987,0.789437830448,-0.609696209431
0.607148885727,-0.133487001061,1.36555755138,-0.0586607940495,-0.040062636137,0.790542125702,-0.608273863792
0.606748878956,-0.13347889483,1.36572146416,-0.0573597475886,-0.037347227335,0.790904223919,-0.608100056648
0.606545388699,-0.133261799812,1.36576068401,-0.0574601069093,-0.0370252504945,0.791773378849,-0.60697811842
0.606315433979,-0.133088767529,1.36569571495,-0.0595917850733,-0.0382179245353,0.794011414051,-0.603766679764
0.606005728245,-0.132932350039,1.36560058594,-0.0586134418845,-0.0373183563352,0.794014453888,-0.603914618492
0.605916202068,-0.132804185152,1.36564421654,-0.0587324164808,-0.0368390604854,0.795216441154,-0.602348983288
0.6057087183,-0.132695376873,1.365665555,-0.0587794706225,-0.0364896245301,0.795993089676,-0.601338982582
0.605382621288,-0.13253390789,1.36572921276,-0.0589020103216,-0.0364276356995,0.796422243118,-0.600762188435
0.605469942093,-0.132415875793,1.36587464809,-0.058381985873,-0.0351105704904,0.796315014362,-0.601033389568
0.605294585228,-0.132187351584,1.36593055725,-0.0584485791624,-0.0343148931861,0.797208547592,-0.599887251854
0.605289876461,-0.132105633616,1.36588656902,-0.0587639994919,-0.0341675803065,0.798195838928,-0.598550617695
0.604932904243,-0.131929427385,1.36592292786,-0.0590283386409,-0.0340780057013,0.798381447792,-0.59828209877
0.60476744175,-0.132021903992,1.36579751968,-0.0601382963359,-0.0343890115619,0.800032436848,-0.595943748951
0.604665160179,-0.131970882416,1.36599397659,-0.0612186938524,-0.0343668460846,0.800543248653,-0.595148444176
0.604495704174,-0.13172544539,1.3658427,-0.0605668984354,-0.0339430682361,0.801336944103,-0.594170749187
0.604320168495,-0.131664067507,1.36586654186,-0.0607812963426,-0.0335759371519,0.801734268665,-0.59363335371
0.604498684406,-0.131628617644,1.36616027355,-0.0609446316957,-0.0328663997352,0.801546871662,-0.593909442425
0.604438185692,-0.131584972143,1.36618447304,-0.0610046088696,-0.0326593779027,0.802204430103,-0.593026161194
0.604223608971,-0.131505578756,1.36608409882,-0.0620560012758,-0.0332059711218,0.803871929646,-0.590623915195
0.604368686676,-0.131675556302,1.36606156826,-0.0620893165469,-0.0327268354595,0.804677307606,-0.589549422264
0.604286372662,-0.131575763226,1.36618685722,-0.0613613761961,-0.0317879244685,0.804012656212,-0.590582728386
0.604033708572,-0.131553083658,1.36607050896,-0.0624256022274,-0.0322367474437,0.805702805519,-0.588138580322
0.603972911835,-0.131361380219,1.36614000797,-0.0625400915742,-0.0323159880936,0.806589186192,-0.586905896664
0.603998541832,-0.131521329284,1.3661493063,-0.0626277327538,-0.0319239459932,0.807308733463,-0.585927784443
0.603979468346,-0.13154360652,1.36600351334,-0.0617506764829,-0.0315529406071,0.808107256889,-0.584939479828
0.604072153568,-0.131560504436,1.36611998081,-0.0626826584339,-0.0323827788234,0.808530092239,-0.584209918976
0.604100644588,-0.131476923823,1.36611068249,-0.0629281774163,-0.0323138870299,0.809374809265,-0.583016514778
0.603741943836,-0.131463214755,1.36592304707,-0.0628734529018,-0.031373180449,0.810860276222,-0.581006407738
0.604014754295,-0.131448447704,1.36589562893,-0.0623818486929,-0.0314817354083,0.811004817486,-0.580851614475
0.604023039341,-0.131503254175,1.36612427235,-0.0634223520756,-0.0310113038868,0.812142014503,-0.579173028469
0.60403829813,-0.131511107087,1.36613893509,-0.0635030642152,-0.0309334676713,0.81290191412,-0.578101158142
0.60385286808,-0.13141232729,1.3659529686,-0.0632898434997,-0.0308871790767,0.814278721809,-0.576186239719
0.603757798672,-0.131422072649,1.36593604088,-0.062882848084,-0.0305127166212,0.814117968082,-0.576477944851
0.603721141815,-0.131431519985,1.36587452888,-0.0635251700878,-0.0307628680021,0.815405368805,-0.574571430683
0.603826642036,-0.131430223584,1.36592638493,-0.0632397606969,-0.0305526405573,0.815671980381,-0.57423555851
0.603852987289,-0.13146057725,1.36591339111,-0.0632643029094,-0.0304961837828,0.816405713558,-0.573192298412
0.603962242603,-0.131437197328,1.36589956284,-0.0632445663214,-0.0306292045861,0.817222893238,-0.572021603584
0.604173779488,-0.13141296804,1.366065979,-0.0640655010939,-0.0308984164149,0.817935585976,-0.570896208286
0.604245305061,-0.131355628371,1.36609435081,-0.0640545040369,-0.0309465806931,0.818580567837,-0.569969475269
0.604448735714,-0.131238296628,1.36606538296,-0.0640659034252,-0.03192364797,0.819168746471,-0.569068610668
0.604483425617,-0.131303101778,1.36609888077,-0.0642158985138,-0.0308744255453,0.820052742958,-0.567834973335
0.604557216167,-0.13125872612,1.3660800457,-0.0643222182989,-0.030857404694,0.820560097694,-0.567090511322
0.604495763779,-0.131218835711,1.36592936516,-0.0640413016081,-0.0308631770313,0.821575760841,-0.565649449825
0.604878842831,-0.13118095696,1.36611962318,-0.0644529908895,-0.0309147890657,0.821692168713,-0.565430819988
0.60505002737,-0.131223663688,1.36608767509,-0.0644324794412,-0.0307916756719,0.822204828262,-0.564694285393
0.605220615864,-0.131203770638,1.36608660221,-0.0643418952823,-0.0307752490044,0.82269346714,-0.563993215561
0.605394542217,-0.131174191833,1.36606752872,-0.0642223581672,-0.0307619404048,0.823179543018,-0.563297986984
0.605467498302,-0.131173580885,1.36596012115,-0.0645594745874,-0.0306882597506,0.824051439762,-0.561987221241
0.605659306049,-0.13114669919,1.36593282223,-0.0645114704967,-0.0305668730289,0.824460089207,-0.561399698257
0.605771481991,-0.13111795485,1.36583995819,-0.0645702034235,-0.03024966456,0.824629604816,-0.561161220074
0.606047093868,-0.131117865443,1.3657720089,-0.0644940808415,-0.0299891997129,0.825089752674,-0.560507118702
0.606129765511,-0.131068855524,1.36560249329,-0.0636611133814,-0.0297190453857,0.825381219387,-0.560187518597
0.60659301281,-0.131179586053,1.36582517624,-0.0643389672041,-0.0299620870501,0.825927317142,-0.559291481972
0.606764256954,-0.131179988384,1.36582624912,-0.0642088726163,-0.0298478417099,0.826058089733,-0.559119403362
0.607001125813,-0.131082445383,1.36584615707,-0.0640746280551,-0.029897717759,0.826295316219,-0.558781445026
0.607381641865,-0.131186038256,1.36591339111,-0.0635486543179,-0.0294817574322,0.82601994276,-0.559270560741
0.607639372349,-0.131222873926,1.36592686176,-0.0634383484721,-0.0293531306088,0.826140642166,-0.559111475945
0.607755839825,-0.131217554212,1.36593818665,-0.0633412748575,-0.0292455721647,0.825964212418,-0.559388697147
0.608203470707,-0.131273522973,1.36591315269,-0.0614656247199,-0.0280875880271,0.825217425823,-0.560757756233
0.608513832092,-0.131313443184,1.36586546898,-0.0614319331944,-0.0278412941843,0.825285255909,-0.560674011707
0.60880279541,-0.13124088943,1.3658721447,-0.0613744966686,-0.0278101768345,0.825478851795,-0.5603967309
0.60899412632,-0.131254032254,1.36580204964,-0.0630796700716,-0.0285072438419,0.826382756233,-0.558838009834
0.609215915203,-0.131407275796,1.36577010155,-0.0630013495684,-0.0281887091696,0.826253414154,-0.559054195881
0.609520435333,-0.131326690316,1.36579573154,-0.0630263239145,-0.0283267889172,0.826405405998,-0.558819711208
0.609803199768,-0.131498470902,1.36574077606,-0.0630379021168,-0.0280684903264,0.826339662075,-0.558928668499
0.610145807266,-0.131542101502,1.36571216583,-0.0630291998386,-0.0279540512711,0.82627093792,-0.559036910534
0.61043292284,-0.131621539593,1.36565625668,-0.0630503445864,-0.0278341621161,0.826324224472,-0.558961689472
0.610670924187,-0.131623864174,1.36550915241,-0.0629529505968,-0.0277566574514,0.82627671957,-0.55904686451
0.610911607742,-0.13169978559,1.36542582512,-0.0628983229399,-0.027616571635,0.826263904572,-0.559078633785
0.611178994179,-0.13175432384,1.36533629894,-0.0628907233477,-0.0275666974485,0.826318323612,-0.559001624584
0.611371338367,-0.131869256496,1.3651856184,-0.0634316131473,-0.0279812198132,0.826800942421,-0.558205902576
0.611722230911,-0.131924629211,1.36511993408,-0.0633844733238,-0.0280560925603,0.826947331429,-0.557990670204
0.612242043018,-0.132026955485,1.36510801315,-0.0628061443567,-0.0288001913577,0.826221048832,-0.559092760086
0.612293958664,-0.132094636559,1.36496126652,-0.0634203702211,-0.0280417576432,0.826920092106,-0.55802744627
0.612420201302,-0.132170245051,1.36471533775,-0.0626140534878,-0.0279178284109,0.826794922352,-0.5583101511
0.612747728825,-0.132116809487,1.36479949951,-0.0634016171098,-0.0284229367971,0.826753258705,-0.558257639408
0.6130823493,-0.132345795631,1.36469495296,-0.0633504763246,-0.0284848026931,0.826664924622,-0.558391094208
0.613326489925,-0.132456809282,1.36463594437,-0.0633135065436,-0.0287979990244,0.826458632946,-0.558684468269
0.613618314266,-0.132566303015,1.36452960968,-0.0631995946169,-0.0295069422573,0.825910508633,-0.559470236301
0.613778054714,-0.132656827569,1.36432862282,-0.0624400787055,-0.0296351332217,0.825691401958,-0.559872031212
0.614002525806,-0.13274140656,1.36433506012,-0.0624440200627,-0.029354268685,0.825802862644,-0.559722065926
0.614302873611,-0.132845416665,1.36429429054,-0.0624049380422,-0.0295720547438,0.825611054897,-0.559997856617
0.614619612694,-0.132952675223,1.36427426338,-0.0623417384923,-0.0298623610288,0.825413405895,-0.560280680656
0.615123391151,-0.133071988821,1.36440527439,-0.0631363764405,-0.0303577035666,0.825442552567,-0.560122132301
0.615514695644,-0.133106589317,1.36444616318,-0.0630991309881,-0.0308139976114,0.82548135519,-0.56004434824
0.61582159996,-0.133230179548,1.36441528797,-0.0630160570145,-0.0309285577387,0.825214147568,-0.560441076756
0.616136789322,-0.133364960551,1.36438953876,-0.062951952219,-0.0309603437781,0.824874818325,-0.560945630074
0.616557776928,-0.133457809687,1.3643540144,-0.0623997636139,-0.0316031724215,0.823766708374,-0.562597513199
0.616686344147,-0.133625760674,1.36436343193,-0.0627845823765,-0.0311359781772,0.824326872826,-0.561759531498
0.616872906685,-0.133726373315,1.364184618,-0.062859416008,-0.0316223092377,0.823593974113,-0.562798023224
0.617327868938,-0.133978560567,1.36427044868,-0.062811113894,-0.0319109037519,0.82364910841,-0.56270647049
0.617567002773,-0.134126543999,1.36426532269,-0.0626380965114,-0.0320881158113,0.823307514191,-0.563215374947
0.617729663849,-0.134247303009,1.36430370808,-0.0625478327274,-0.0316980145872,0.823308944702,-0.563245475292
0.618064165115,-0.134430959821,1.36424434185,-0.0623372383416,-0.0323858112097,0.822882115841,-0.563853025436
0.618299663067,-0.134601250291,1.36419200897,-0.0623645298183,-0.032344199717,0.822675943375,-0.564153194427
0.618553638458,-0.134640872478,1.36416304111,-0.0622567385435,-0.0325018167496,0.822576403618,-0.564301252365
0.618700385094,-0.134777024388,1.3639922142,-0.0609185136855,-0.0325067043304,0.821618616581,-0.565840184689
0.619013011456,-0.134943574667,1.36411738396,-0.0616146661341,-0.032761413604,0.821509897709,-0.565907895565
0.61918336153,-0.135135188699,1.36409306526,-0.0615291260183,-0.0327896289527,0.821279287338,-0.566250383854
0.61934453249,-0.135356023908,1.36406493187,-0.0615235082805,-0.0328613296151,0.820879161358,-0.566826581955
0.619552433491,-0.135531708598,1.36404705048,-0.06147178635,-0.0329157486558,0.820662736893,-0.567142367363
0.619768977165,-0.135732144117,1.36402130127,-0.0613959170878,-0.032893024385,0.820448279381,-0.567462146282
0.619914054871,-0.135966300964,1.36398327351,-0.061351582408,-0.0328702963889,0.820007383823,-0.568105101585
0.620063662529,-0.13615386188,1.36379754543,-0.060446575284,-0.0327043160796,0.81990391016,-0.568360865116
0.620199739933,-0.136329844594,1.36377477646,-0.0603248029947,-0.0327527970076,0.819689810276,-0.568679988384
0.620291531086,-0.136497572064,1.36381685734,-0.060320943594,-0.032109182328,0.819849133492,-0.568487465382
0.62039077282,-0.136681884527,1.36379289627,-0.0602245852351,-0.0323029756546,0.819473683834,-0.569027662277
0.620652973652,-0.136826902628,1.36397373676,-0.0608883462846,-0.0328717641532,0.819438397884,-0.568975269794
0.620790302753,-0.137016430497,1.36397218704,-0.060775488615,-0.0329345874488,0.819262504578,-0.569236934185
0.621033191681,-0.137290865183,1.36396920681,-0.060550712049,-0.0328949354589,0.819099128246,-0.569498300552
0.621110677719,-0.137481465936,1.36396026611,-0.0604773983359,-0.0330652445555,0.818841099739,-0.56986707449
0.621325135231,-0.137717723846,1.36387252808,-0.0604629404843,-0.0337840430439,0.818515062332,-0.570294737816
0.621471643448,-0.137937426567,1.36384034157,-0.0604237951338,-0.0338716097176,0.818446934223,-0.570391356945
0.621553957462,-0.137984007597,1.3639074564,-0.0604349039495,-0.033396191895,0.818784058094,-0.56993407011
0.621711134911,-0.138334810734,1.36386108398,-0.0603583715856,-0.033275667578,0.818506777287,-0.57034766674
0.621850907803,-0.138523668051,1.36384093761,-0.0602021478117,-0.033368177712,0.818449914455,-0.570440113544
0.622075080872,-0.138649210334,1.36384689808,-0.0603332407773,-0.0334081053734,0.818531453609,-0.570307195187
0.622142553329,-0.13884806633,1.36375164986,-0.0601185820997,-0.0333193764091,0.818392157555,-0.570534646511
0.622264266014,-0.139065682888,1.36367928982,-0.0599644295871,-0.0334784016013,0.818282604218,-0.570698738098
0.622408151627,-0.139314547181,1.36357748508,-0.0598925389349,-0.0343580171466,0.817944526672,-0.571138560772
0.622522413731,-0.139615371823,1.36352539062,-0.0598592236638,-0.0343077480793,0.81786429882,-0.571260035038
0.622332692146,-0.139710888267,1.36349487305,-0.0597212053835,-0.0345664322376,0.817218840122,-0.57218170166
0.622611939907,-0.140090420842,1.36339819431,-0.060041565448,-0.0346144624054,0.818257570267,-0.570658862591
0.622417211533,-0.140183478594,1.36336290836,-0.0599948205054,-0.0349069349468,0.817749261856,-0.571373999119
0.62286311388,-0.140300154686,1.36334466934,-0.0593668632209,-0.0349636524916,0.817674875259,-0.571542739868
0.622960567474,-0.140481814742,1.36332964897,-0.0592806302011,-0.0342874638736,0.818033874035,-0.571078598499
0.623056530952,-0.140766322613,1.3632516861,-0.0591806136072,-0.0342889167368,0.817894279957,-0.571289002895
0.623005151749,-0.140951469541,1.36300492287,-0.0582494139671,-0.0340459421277,0.817757964134,-0.571594059467
0.622993588448,-0.141143590212,1.36294233799,-0.0581600219011,-0.0341299697757,0.817570328712,-0.571866571903
0.623037517071,-0.141344323754,1.36288285255,-0.0580674521625,-0.0341771803796,0.817481994629,-0.571999371052
0.623371183872,-0.141615241766,1.3631169796,-0.0580003112555,-0.0336505435407,0.816567420959,-0.573342263699
0.623462080956,-0.141793251038,1.36307704449,-0.0579201243818,-0.0337128192186,0.816636919975,-0.573247790337
0.623509645462,-0.141982987523,1.36306393147,-0.0577637366951,-0.0338219068944,0.816594719887,-0.573317050934
0.623571693897,-0.142163664103,1.36303889751,-0.0576123893261,-0.0340090543032,0.816520273685,-0.573427379131
0.623504519463,-0.142417579889,1.36280453205,-0.0588653609157,-0.035516731441,0.817656993866,-0.571585953236
0.623441934586,-0.142602011561,1.36268138885,-0.0579559132457,-0.0354237817228,0.817588567734,-0.571782529354
0.623433887959,-0.14277100563,1.3627307415,-0.0579352751374,-0.0349743515253,0.817849934101,-0.571438193321
0.623166203499,-0.142687737942,1.36274409294,-0.0578112080693,-0.0353396683931,0.817422807217,-0.572039306164
0.623259961605,-0.142856419086,1.3627218008,-0.0575565993786,-0.0359634011984,0.817155718803,-0.572407543659
0.623389184475,-0.142972365022,1.3627525568,-0.0570112653077,-0.0361094996333,0.816689610481,-0.573117673397
0.623449265957,-0.143282160163,1.36279284954,-0.0569041855633,-0.0360327772796,0.816632628441,-0.573214411736
0.623554348946,-0.143425196409,1.36282193661,-0.056757427752,-0.0361224897206,0.816768586636,-0.573029458523
0.623486876488,-0.143542453647,1.36281061172,-0.0566183887422,-0.0361440330744,0.816614747047,-0.573261320591
0.62347215414,-0.143684446812,1.36289024353,-0.0565775074065,-0.0355987213552,0.816981852055,-0.572776138783
0.623481452465,-0.143833473325,1.36292099953,-0.0564448311925,-0.0357150025666,0.81699436903,-0.572764158249
0.623322963715,-0.144033551216,1.36292934418,-0.0571868009865,-0.0356665328145,0.816508591175,-0.573386013508
0.623320877552,-0.144186079502,1.36293399334,-0.0570955835283,-0.0357037819922,0.816494941711,-0.573412120342
0.623204290867,-0.144350990653,1.36278641224,-0.0562062636018,-0.0355595313013,0.816387355328,-0.573661863804
0.623370110989,-0.144396811724,1.36298203468,-0.0567423179746,-0.0360815264285,0.816633701324,-0.573225975037
0.623309075832,-0.144644007087,1.3629720211,-0.0566384382546,-0.036063529551,0.816447734833,-0.573502123356
0.623302817345,-0.144661590457,1.3629847765,-0.0564906410873,-0.0363704189658,0.816472411156,-0.573462128639
0.623448550701,-0.14493471384,1.36309337616,-0.0556303113699,-0.0354225300252,0.815504252911,-0.574981153011
0.623430132866,-0.14505712688,1.36309051514,-0.0555422008038,-0.0355377420783,0.815456569195,-0.575050115585
0.623689174652,-0.144950509071,1.36328959465,-0.055434461683,-0.0363825000823,0.816104471684,-0.574087917805
0.623839616776,-0.145218297839,1.36313593388,-0.0561583936214,-0.0371219590306,0.817459404469,-0.572038710117
0.623821496964,-0.145480751991,1.36309802532,-0.056189507246,-0.0370994731784,0.817327141762,-0.572226166725
0.623800218105,-0.145612865686,1.36308813095,-0.0562049485743,-0.0371965318918,0.81722933054,-0.572358012199
0.623793721199,-0.145727708936,1.36307239532,-0.0561350509524,-0.0372635051608,0.817156493664,-0.57246440649
0.623796820641,-0.145847827196,1.36305391788,-0.0561248920858,-0.0373602546751,0.817088603973,-0.572556078434
0.623784065247,-0.145976603031,1.363022089,-0.0560819916427,-0.0374759547412,0.816948652267,-0.572752296925
0.623772740364,-0.146083414555,1.36300897598,-0.0560582689941,-0.0376168526709,0.816857159138,-0.572875916958
0.623747169971,-0.146067619324,1.36300957203,-0.055978924036,-0.0379173606634,0.816849350929,-0.572874963284
0.623730838299,-0.146168783307,1.3629963398,-0.0559331588447,-0.0380894169211,0.816746234894,-0.573015093803
0.623717427254,-0.146411836147,1.36295211315,-0.0559604726732,-0.0380394347012,0.816542565823,-0.57330596447
0.623705029488,-0.146529078484,1.36293625832,-0.0558938086033,-0.0382262393832,0.816455483437,-0.573424041271
0.623762190342,-0.146543577313,1.36284983158,-0.0558295100927,-0.0391589254141,0.8161444664,-0.573810040951
0.62375664711,-0.146665304899,1.36280488968,-0.0557817295194,-0.0392341800034,0.816003501415,-0.574009895325
0.623748242855,-0.146908566356,1.36275827885,-0.0557638704777,-0.0392357446253,0.815778374672,-0.574331521988
0.623742520809,-0.146903857589,1.36272335052,-0.0557679198682,-0.0394120775163,0.815694570541,-0.574438095093
0.623783528805,-0.147052451968,1.36270046234,-0.0556378439069,-0.0395517013967,0.815590977669,-0.574588000774
0.623583912849,-0.147221267223,1.362601161,-0.0560791380703,-0.0399665795267,0.815726101398,-0.574324667454
0.623809337616,-0.147408515215,1.36258971691,-0.0557425320148,-0.03908713907,0.815357804298,-0.574940502644
0.623604059219,-0.147534057498,1.3623534441,-0.0548713058233,-0.0389240011573,0.814868032932,-0.575729131699
0.623638808727,-0.147807538509,1.36226785183,-0.0548712424934,-0.0389038771391,0.814560651779,-0.576165556908
0.62365347147,-0.148077785969,1.36219346523,-0.0548751465976,-0.0389255546033,0.814173579216,-0.576710343361
0.623732626438,-0.148155719042,1.36211895943,-0.0548622235656,-0.0394064001739,0.813948392868,-0.576996803284
0.623933911324,-0.148198962212,1.36222195625,-0.0556553453207,-0.0399461947381,0.813909769058,-0.576938390732
0.623903274536,-0.148590251803,1.36211943626,-0.0556525737047,-0.0399197675288,0.813315868378,-0.577777266502
0.623941004276,-0.148784086108,1.3620262146,-0.0556357689202,-0.0402230732143,0.812902450562,-0.578339397907
0.624052405357,-0.14877268672,1.36198699474,-0.0555431097746,-0.0406387969851,0.812888264656,-0.578339219093
0.624080479145,-0.14891795814,1.36192131042,-0.0554805770516,-0.0409224592149,0.812650084496,-0.578659713268
0.624079287052,-0.149104714394,1.36184704304,-0.0554727837443,-0.0413117595017,0.812339246273,-0.579069197178
0.624098598957,-0.149298653007,1.36179673672,-0.0553545765579,-0.0414491891861,0.812008202076,-0.579534888268
0.624077498913,-0.149474143982,1.36171793938,-0.055356670171,-0.0416623391211,0.811698198318,-0.579953432083
0.624052107334,-0.149646967649,1.36162924767,-0.0553601272404,-0.041898008436,0.811403095722,-0.580348968506
0.623929560184,-0.149791285396,1.36139321327,-0.0545403882861,-0.0417777970433,0.811197400093,-0.580722749233
0.623850882053,-0.149958133698,1.36133134365,-0.054456371814,-0.0419651605189,0.810985326767,-0.581013083458
0.623802304268,-0.150129437447,1.36124897003,-0.0545106939971,-0.0419960096478,0.810838937759,-0.581210076809
0.623704969883,-0.150294274092,1.36119067669,-0.0544846244156,-0.0420670025051,0.810669064522,-0.581444382668
0.62376499176,-0.15040139854,1.36123347282,-0.0536522120237,-0.0413456112146,0.809750974178,-0.582851111889
0.623645424843,-0.150586530566,1.36114859581,-0.0537490770221,-0.0414786115289,0.80955094099,-0.583110570908
0.623380422592,-0.150725141168,1.36096930504,-0.0547283515334,-0.0424107089639,0.810552477837,-0.581559002399
0.623247742653,-0.150893226266,1.36082005501,-0.0552420802414,-0.0432575829327,0.810830712318,-0.581059992313
0.623102366924,-0.15105304122,1.36075806618,-0.0553329028189,-0.0433376729488,0.810718297958,-0.581202149391
0.622908771038,-0.151205495,1.36073827744,-0.0555528402328,-0.042864151299,0.810900449753,-0.580962121487
0.622814416885,-0.151308834553,1.3606928587,-0.0557725206017,-0.0430099517107,0.810939371586,-0.58087605238
0.622647225857,-0.151482254267,1.36063444614,-0.0560439638793,-0.0431588925421,0.810837686062,-0.580980837345
0.62252920866,-0.151611819863,1.36057806015,-0.0562650077045,-0.0433086678386,0.810843110085,-0.580940723419
0.622432768345,-0.151731446385,1.36053907871,-0.0564965605736,-0.043450307101,0.810852050781,-0.580895125866
0.622343361378,-0.151850312948,1.36050748825,-0.0566820241511,-0.0436093024909,0.810920894146,-0.580769181252
0.622342526913,-0.151946768165,1.36045861244,-0.0563323609531,-0.0442923791707,0.809919118881,-0.582147657871
0.622220873833,-0.152092367411,1.36043155193,-0.0564566366374,-0.044457975775,0.809840738773,-0.582231998444
0.622275352478,-0.152204111218,1.36056888103,-0.0574457831681,-0.0450025461614,0.810052990913,-0.581798017025
0.622131764889,-0.152349233627,1.36052370071,-0.057744346559,-0.045264467597,0.810172140598,-0.581582129002
0.622035622597,-0.152505397797,1.36050403118,-0.0579120703042,-0.045547530055,0.810189723969,-0.581519007683
0.621915757656,-0.152642965317,1.36048746109,-0.0580187477171,-0.0457557179034,0.810130536556,-0.581574380398
0.621841549873,-0.152798801661,1.36048257351,-0.0581821650267,-0.0459573194385,0.810180068016,-0.581473350525
0.621764957905,-0.152938276529,1.3604722023,-0.0583032555878,-0.0461646355689,0.810259699821,-0.581333577633
0.621653437614,-0.153100371361,1.36045694351,-0.0585054568946,-0.0463809482753,0.810321748257,-0.581209599972
0.621568918228,-0.153259783983,1.36043214798,-0.0585600547493,-0.0466443113983,0.810323357582,-0.581180870533
0.621413826942,-0.15346981585,1.36040377617,-0.0591448657215,-0.0470763146877,0.810944318771,-0.580219805241
0.621332406998,-0.153645962477,1.36037802696,-0.0592413321137,-0.0473094433546,0.810961008072,-0.580167710781
0.62126147747,-0.153795391321,1.3603566885,-0.0593578256667,-0.0475507341325,0.810985684395,-0.58010160923
0.62123554945,-0.153876438737,1.3604118824,-0.059162914753,-0.0470430627465,0.810838997364,-0.580367803574
0.620927751064,-0.154100418091,1.3601732254,-0.0588939227164,-0.0474171862006,0.81126332283,-0.579771399498
0.620884239674,-0.154218152165,1.36013185978,-0.0590537637472,-0.0477124452591,0.811393380165,-0.579548954964
0.620802223682,-0.154412597418,1.36008620262,-0.0591363683343,-0.0479046143591,0.811357855797,-0.579574346542
0.620843708515,-0.154546275735,1.36008584499,-0.0587629973888,-0.0480327568948,0.810711145401,-0.58050596714
0.620805740356,-0.154712066054,1.36003279686,-0.0589753054082,-0.0483091250062,0.810723781586,-0.5804438591
0.62078744173,-0.154888108373,1.35997951031,-0.0591496154666,-0.0485743768513,0.810663759708,-0.580487966537
0.620773434639,-0.155035734177,1.35992610455,-0.0592755191028,-0.0488661937416,0.810662567616,-0.580452084541
0.620768129826,-0.155182123184,1.35986232758,-0.0594420060515,-0.0490555055439,0.810619592667,-0.580479204655
0.620835959911,-0.155345678329,1.35974800587,-0.0595423281193,-0.0500328652561,0.810299813747,-0.580831766129
0.620847165585,-0.155488103628,1.35967695713,-0.0596662797034,-0.0503443107009,0.810148477554,-0.581003248692
0.620720148087,-0.155646905303,1.3596214056,-0.0603951886296,-0.0500988066196,0.81105953455,-0.579676687717
0.620823442936,-0.155716076493,1.35960102081,-0.0601310357451,-0.0502993799746,0.810521483421,-0.580438911915
0.62083619833,-0.155860513449,1.35952842236,-0.0603206828237,-0.0505717210472,0.810455441475,-0.58048760891
0.620783865452,-0.156027108431,1.35941767693,-0.0609669163823,-0.0509654432535,0.81096804142,-0.579669237137
0.620791196823,-0.156176775694,1.35933601856,-0.0611604750156,-0.0513137727976,0.810826420784,-0.579816281796
0.620808124542,-0.15634675324,1.35927200317,-0.0614401102066,-0.0516808703542,0.810692489147,-0.579941272736
0.620788156986,-0.156506314874,1.35922157764,-0.0615265853703,-0.0520107522607,0.810490369797,-0.580185115337
0.620859503746,-0.156599357724,1.35919332504,-0.0611253231764,-0.0519723296165,0.809666156769,-0.581380426884
0.620873630047,-0.156729161739,1.35914647579,-0.061147544533,-0.0523185320199,0.80943185091,-0.581673383713
0.620944261551,-0.15683144331,1.35923063755,-0.0609330609441,-0.0532797500491,0.809325516224,-0.581756472588
0.621025323868,-0.15697067976,1.35912132263,-0.0609552375972,-0.0542763099074,0.80869948864,-0.582532227039
0.621030509472,-0.157085031271,1.35909116268,-0.0610872544348,-0.0545647479594,0.808530926704,-0.582725465298
0.620901703835,-0.157290428877,1.35902476311,-0.0620152875781,-0.0541707277298,0.80931019783,-0.581581115723
0.620901703835,-0.157393693924,1.35899043083,-0.0622432753444,-0.0543712973595,0.809175908566,-0.58172494173
0.620907962322,-0.157483994961,1.35894346237,-0.0625007599592,-0.0547484830022,0.809152722359,-0.581694185734
0.62090587616,-0.157578915358,1.35889911652,-0.0627229511738,-0.0550340041518,0.809041559696,-0.58179807663
0.620916962624,-0.1576705724,1.35885512829,-0.0629662126303,-0.055376149714,0.809066712856,-0.581704318523
0.620904684067,-0.157764852047,1.3588193655,-0.0632110536098,-0.0556354410946,0.80899477005,-0.581753075123
0.620929419994,-0.157850310206,1.35880565643,-0.063120983541,-0.0556899830699,0.808343827724,-0.582661747932
0.620846986771,-0.157987445593,1.35877096653,-0.0633421391249,-0.0558697916567,0.808176934719,-0.582851946354
0.62086379528,-0.158129274845,1.35871982574,-0.0631711259484,-0.0545628741384,0.807017743587,-0.584597826004
0.620853245258,-0.158187404275,1.35868668556,-0.0633660182357,-0.0546754524112,0.807033240795,-0.584544897079
0.620797634125,-0.158315017819,1.35864210129,-0.0635890588164,-0.0546786859632,0.806952118874,-0.584632277489
0.620773494244,-0.158387944102,1.35861563683,-0.0637756511569,-0.0547624714673,0.806996166706,-0.584543406963
0.620938897133,-0.158431082964,1.35875296593,-0.0647829920053,-0.0551392324269,0.80727648735,-0.584009826183
0.620728254318,-0.158564060926,1.35852968693,-0.0642756968737,-0.0548471100628,0.807230591774,-0.584156811237
0.620740830898,-0.158657893538,1.35852539539,-0.0661758109927,-0.0564564466476,0.808417618275,-0.582146406174
0.620695590973,-0.158783048391,1.35849845409,-0.0664036348462,-0.056310813874,0.808462381363,-0.582072377205
0.62068104744,-0.158882975578,1.35845422745,-0.0666129142046,-0.0565831512213,0.808559477329,-0.581887185574
0.620661377907,-0.158967748284,1.35844027996,-0.066753923893,-0.0564558804035,0.808754622936,-0.581612110138
0.62065756321,-0.159050524235,1.35842347145,-0.0668404400349,-0.0567098818719,0.808837473392,-0.581462204456
0.620643556118,-0.15913823247,1.35838067532,-0.0668503195047,-0.0567517802119,0.809033095837,-0.581184864044
0.620580255985,-0.159222334623,1.3583163023,-0.0672774985433,-0.0568419843912,0.809861063957,-0.579972147942
0.620585441589,-0.159308642149,1.35828864574,-0.0672464519739,-0.0568831712008,0.810115993023,-0.579615652561
0.620606720448,-0.159379005432,1.35826003551,-0.0672316551208,-0.0569966472685,0.810421705246,-0.579178631306
0.620463788509,-0.159451931715,1.35806977749,-0.0663870796561,-0.0568249151111,0.810576856136,-0.579075813293
0.620688676834,-0.159516379237,1.35826635361,-0.0668550059199,-0.0569922253489,0.810464978218,-0.579162299633
0.620583713055,-0.159558326006,1.35811197758,-0.0659534707665,-0.0569159053266,0.810709536076,-0.578930854797
0.62065166235,-0.15966309607,1.35823094845,-0.0673003718257,-0.0576243959367,0.811824381351,-0.577140569687
0.620284259319,-0.159804731607,1.35784983635,-0.0665071457624,-0.0568064637482,0.811502933502,-0.577765405178
0.620625734329,-0.159749016166,1.35805284977,-0.0662894397974,-0.0575813353062,0.81252849102,-0.576270461082
0.620707273483,-0.159797564149,1.3580840826,-0.0658137127757,-0.0573949031532,0.812285900116,-0.576685369015
0.620938241482,-0.15981683135,1.35827100277,-0.0665638819337,-0.0577620044351,0.812788009644,-0.575854480267
0.621057569981,-0.159831553698,1.3582675457,-0.0664405524731,-0.0579610839486,0.813244223595,-0.575204312801
0.621158897877,-0.159893348813,1.35826778412,-0.0662463381886,-0.0580160468817,0.813588440418,-0.574734270573
0.621276438236,-0.159924715757,1.35826539993,-0.0661296844482,-0.058064378798,0.813933074474,-0.574254631996
0.621373713017,-0.159955412149,1.35827064514,-0.0660443454981,-0.0580558851361,0.81431800127,-0.573719501495
0.621591687202,-0.159967213869,1.35841059685,-0.0655533000827,-0.0586333759129,0.814840197563,-0.572975039482
0.621628880501,-0.160002693534,1.35824358463,-0.0646051168442,-0.0584444180131,0.815046131611,-0.57280921936
0.621934175491,-0.160080775619,1.35829043388,-0.0656091794372,-0.0583425350487,0.815215945244,-0.572463572025
0.621977031231,-0.160125046968,1.35813355446,-0.0646822601557,-0.058243598789,0.815394461155,-0.572324812412
0.622229158878,-0.160175159574,1.35818529129,-0.0645215064287,-0.0585106648505,0.815639317036,-0.571966707706
0.622447609901,-0.16018588841,1.35816729069,-0.064382404089,-0.0585768483579,0.815812051296,-0.571729242802
0.622656226158,-0.160292044282,1.3581045866,-0.0646701455116,-0.0589611642063,0.816453099251,-0.570741415024
0.622889816761,-0.160356193781,1.35809540749,-0.064503274858,-0.0590283870697,0.816505491734,-0.57067835331
0.623256921768,-0.160367280245,1.35812962055,-0.0638828799129,-0.0589826516807,0.81593644619,-0.571566104889
0.62359893322,-0.160430878401,1.35824203491,-0.0649604648352,-0.059481497854,0.816618084908,-0.570418357849
0.623903572559,-0.16046731174,1.35824334621,-0.0648995712399,-0.0595460347831,0.816630959511,-0.570399940014
0.624229967594,-0.160509556532,1.3582303524,-0.0647370889783,-0.0597144626081,0.816465735435,-0.570637404919
0.624592661858,-0.160554677248,1.35826516151,-0.0645686239004,-0.0600018799305,0.816340565681,-0.570805311203
0.62504863739,-0.160551905632,1.35831546783,-0.0639874786139,-0.0600387938321,0.81560587883,-0.571916103363
0.625334978104,-0.160633027554,1.35826849937,-0.0642639100552,-0.0605123527348,0.815848708153,-0.571488618851
0.625697493553,-0.160664021969,1.35827434063,-0.064036488533,-0.0607131756842,0.815522193909,-0.571958780289
0.626153826714,-0.160650014877,1.35832166672,-0.0634981542826,-0.0607203505933,0.81471735239,-0.573163807392
0.626563847065,-0.160712331533,1.35832321644,-0.0634092539549,-0.0610884577036,0.814397573471,-0.573588728905
0.626973330975,-0.160744845867,1.35831916332,-0.0634275525808,-0.0614393129945,0.814117968082,-0.573946118355
0.627381086349,-0.160771369934,1.35828876495,-0.0632457882166,-0.0617171265185,0.813614904881,-0.574649333954
0.627590894699,-0.160747662187,1.35808122158,-0.0621761418879,-0.0616710968316,0.812976658344,-0.575673401356
0.628035187721,-0.160774067044,1.35804796219,-0.0619258582592,-0.0617644712329,0.812468767166,-0.576406955719
0.628644883633,-0.160798355937,1.35828721523,-0.062423966825,-0.0624762885273,0.812045753002,-0.576872467995
0.628981351852,-0.160865366459,1.35820555687,-0.0626530125737,-0.0628625750542,0.81190353632,-0.57700574398
0.62942302227,-0.16084960103,1.35823321342,-0.0625460669398,-0.0630807355046,0.811332583427,-0.57779610157
0.629884958267,-0.160835683346,1.35828888416,-0.061761111021,-0.0633903592825,0.809923112392,-0.579820513725
0.630306243896,-0.16086679697,1.3579968214,-0.0611436255276,-0.0631437897682,0.809024214745,-0.581166267395
0.630590796471,-0.160972878337,1.35848474503,-0.059639390558,-0.0653698891401,0.808155953884,-0.582283437252
0.631216168404,-0.160871475935,1.35812449455,-0.0602383352816,-0.0650569424033,0.806974411011,-0.583893179893
0.631660401821,-0.160914927721,1.35810303688,-0.0601054206491,-0.0655778869987,0.80580675602,-0.585459053516
0.632026791573,-0.160932004452,1.35804283619,-0.0602718666196,-0.0647253990173,0.805154144764,-0.586433887482
0.63262617588,-0.160976350307,1.3581982851,-0.0607867315412,-0.0654475390911,0.804098367691,-0.587747633457
0.633124291897,-0.160959884524,1.35816144943,-0.0605202801526,-0.0659985393286,0.80317479372,-0.588975310326
0.63336378336,-0.16092479229,1.3583240509,-0.0585206598043,-0.0675754770637,0.80208915472,-0.590475976467
0.633911967278,-0.160962238908,1.35835289955,-0.0584339722991,-0.0678413510323,0.800884902477,-0.592086315155
0.634524166584,-0.160962045193,1.35791635513,-0.0593259967864,-0.0666692703962,0.79985243082,-0.593524873257
0.634986579418,-0.160993471742,1.35787320137,-0.0595590919256,-0.0672147721052,0.799216508865,-0.594296216965
0.635537624359,-0.160961121321,1.35788154602,-0.0589986518025,-0.0675801709294,0.797386586666,-0.596763670444
0.63618683815,-0.160867258906,1.35802304745,-0.0578345544636,-0.0670367479324,0.795344650745,-0.599656701088
0.636806845665,-0.160915911198,1.35813522339,-0.0586475357413,-0.0676087066531,0.793991804123,-0.601304113865
0.637017965317,-0.160935074091,1.35777378082,-0.0584638565779,-0.0686160102487,0.793473482132,-0.601891756058
0.637504994869,-0.160809069872,1.35776090622,-0.0578669272363,-0.0692056939006,0.792340457439,-0.603372752666
0.638214766979,-0.16079236567,1.3579993248,-0.0569997355342,-0.0691196545959,0.790148854256,-0.606331944466
0.638541281223,-0.160794734955,1.35782814026,-0.0577586330473,-0.0702488943934,0.789708912373,-0.606703281403
0.639190196991,-0.160723030567,1.35798311234,-0.0584261901677,-0.070952527225,0.788642823696,-0.607943177223
0.639682650566,-0.160694047809,1.35787630081,-0.0567267946899,-0.0697206184268,0.786213099957,-0.611383855343
0.639943301678,-0.160667151213,1.35753977299,-0.0576501823962,-0.0705279409885,0.785889446735,-0.611620903015
0.640487015247,-0.160552769899,1.3576489687,-0.0564492754638,-0.0698017477989,0.783873021603,-0.614397525787
0.640891551971,-0.160493820906,1.35758388042,-0.0562568232417,-0.0700308978558,0.782726049423,-0.615849792957
0.641352295876,-0.160460680723,1.35751771927,-0.0565558262169,-0.070038035512,0.781617939472,-0.617227315903
0.64170640707,-0.160320818424,1.35741734505,-0.0560121610761,-0.0702728927135,0.780339062214,-0.618866205215
0.642047464848,-0.160251438618,1.35738325119,-0.0559433922172,-0.0704173818231,0.77940350771,-0.620033860207
0.64249330759,-0.1601331532,1.35736560822,-0.0558065921068,-0.0707159116864,0.778415679932,-0.621251881123
0.64295989275,-0.160040989518,1.3573321104,-0.0560284666717,-0.0708204805851,0.777790427208,-0.622002720833
0.64336502552,-0.159940719604,1.3572974205,-0.0558329299092,-0.0710745826364,0.776718974113,-0.623328864574
0.643517792225,-0.159868210554,1.35702097416,-0.0568499974906,-0.072608076036,0.777168929577,-0.622498631477
0.643870353699,-0.159751802683,1.35696482658,-0.0567669570446,-0.0725864693522,0.776433587074,-0.623425662518
0.64427113533,-0.15958032012,1.35695719719,-0.0563818402588,-0.0725685432553,0.775068759918,-0.625158667564
0.64465045929,-0.159420385957,1.3571511507,-0.0557064600289,-0.0707748606801,0.773940980434,-0.626819908619
0.644947946072,-0.159262344241,1.35710525513,-0.0556630790234,-0.0707115232944,0.773428797722,-0.627462804317
0.645379722118,-0.159085944295,1.35724473,-0.0562107563019,-0.0709915906191,0.773072063923,-0.627821743488
0.64565050602,-0.15880548954,1.35718846321,-0.0557936690748,-0.0708700194955,0.772903859615,-0.628079712391
0.645798921585,-0.158647611737,1.35697138309,-0.0562085956335,-0.0724412053823,0.773115634918,-0.627602696419
0.646115601063,-0.158339768648,1.35701298714,-0.05599681288,-0.0715299919248,0.773425459862,-0.627344369888
0.646363437176,-0.15820145607,1.35693371296,-0.0544297210872,-0.0698393434286,0.772138237953,-0.629255533218
0.646554350853,-0.15804849565,1.35681903362,-0.0553096868098,-0.0705343708396,0.772974073887,-0.62807404995
0.646908581257,-0.157836437225,1.35695207119,-0.0545101091266,-0.0694997608662,0.772123217583,-0.629304647446
0.64712792635,-0.157561004162,1.35691654682,-0.0546222552657,-0.069732606411,0.772606372833,-0.628675937653
0.64746594429,-0.157257214189,1.35700333118,-0.0541581772268,-0.0691466480494,0.772419989109,-0.629009664059
0.647693932056,-0.156933009624,1.35702288151,-0.053598061204,-0.0690167248249,0.772393167019,-0.629104614258
0.648101747036,-0.156728863716,1.35724544525,-0.054477173835,-0.0689893364906,0.772694289684,-0.628662347794
0.648157596588,-0.156524896622,1.3570946455,-0.053645927459,-0.0682767778635,0.77285772562,-0.628610670567
0.648208856583,-0.156299412251,1.35694432259,-0.0542826429009,-0.0689582750201,0.7740021348,-0.627071678638
0.648570120335,-0.156005293131,1.35712409019,-0.0533123910427,-0.0676506385207,0.773389399052,-0.628052592278
0.648693680763,-0.155710399151,1.35713744164,-0.0528215765953,-0.0674181506038,0.773737668991,-0.627689957619
0.648886680603,-0.155439794064,1.35715818405,-0.052718039602,-0.0669863000512,0.774124205112,-0.627268135548
0.649035930634,-0.155185207725,1.35716795921,-0.0527415014803,-0.0665315464139,0.774370133877,-0.62701100111
0.6492421031,-0.154992192984,1.35720932484,-0.0530762597919,-0.0660949125886,0.774641871452,-0.626693248749
0.649417340755,-0.154666721821,1.35724854469,-0.0530663430691,-0.0657528936863,0.77509701252,-0.626167237759
0.649537324905,-0.154374837875,1.35731935501,-0.0529710389674,-0.0654833465815,0.775403618813,-0.625823557377
0.649608552456,-0.154102176428,1.3572191,-0.05359615013,-0.0668526217341,0.776403605938,-0.624384343624
0.649547576904,-0.153675481677,1.35726940632,-0.0533153899014,-0.0654958635569,0.776916563511,-0.623913943768
0.649701476097,-0.153372883797,1.35724687576,-0.0533711835742,-0.065736502409,0.776983916759,-0.623799800873
0.649780392647,-0.153088465333,1.35728049278,-0.0534918047488,-0.0652198493481,0.777399420738,-0.623325884342
0.649917423725,-0.152811467648,1.35736715794,-0.0538682453334,-0.0646151676774,0.77788066864,-0.622755944729
0.649916172028,-0.152475193143,1.35743176937,-0.0539198629558,-0.0641391500831,0.778404831886,-0.622145295143
0.649835109711,-0.152162328362,1.35743772984,-0.0537380725145,-0.0635130405426,0.778618335724,-0.621958136559
0.649869799614,-0.151701629162,1.35749924183,-0.0538437627256,-0.0630113705993,0.779389858246,-0.621032953262
0.649861693382,-0.151339516044,1.35754048824,-0.0541317462921,-0.062469098717,0.78018039465,-0.620069384575
0.650009334087,-0.150987699628,1.35796749592,-0.0537201873958,-0.0605070590973,0.780481934547,-0.619920313358
0.649979054928,-0.150575220585,1.35798025131,-0.0539073459804,-0.059861138463,0.781208872795,-0.619050383568
0.649769186974,-0.150122821331,1.35810256004,-0.0537306182086,-0.059638723731,0.78191781044,-0.618191599846
0.649759411812,-0.14975361526,1.35809981823,-0.0541376695037,-0.0587090887129,0.782590031624,-0.61739397049
0.649535775185,-0.149367645383,1.35812294483,-0.0541516207159,-0.0581114664674,0.783292531967,-0.616557836533
0.649275243282,-0.149047926068,1.35794007778,-0.0556068755686,-0.0579173229635,0.784720599651,-0.614627659321
0.649074375629,-0.148455664515,1.35808098316,-0.0556139498949,-0.058063916862,0.786359131336,-0.61251527071
0.649026274681,-0.147970810533,1.35818076134,-0.0553723201156,-0.0571864284575,0.786370754242,-0.612604737282
0.648879826069,-0.147537082434,1.35830533504,-0.0554893016815,-0.0575594119728,0.786872923374,-0.611914217472
0.648577868938,-0.147124364972,1.35818731785,-0.056427679956,-0.0565072000027,0.788012206554,-0.610458672047
0.648437321186,-0.146647080779,1.35830140114,-0.0565298497677,-0.054905384779,0.788522720337,-0.609935879707
0.648198008537,-0.146112039685,1.35837209225,-0.0571150891483,-0.0545885637403,0.790067493916,-0.607907295227
0.648037135601,-0.145602345467,1.35848546028,-0.057303480804,-0.0539974011481,0.790901184082,-0.606857419014
0.647984147072,-0.145021408796,1.35852122307,-0.0571282953024,-0.0538831278682,0.790784955025,-0.607035517693
0.647603034973,-0.144493922591,1.35873126984,-0.0572139434516,-0.0527671985328,0.791898787022,-0.605671823025
0.647390663624,-0.143947824836,1.3588385582,-0.057306215167,-0.0523479431868,0.792707562447,-0.604640841484
0.64716976881,-0.143396243453,1.35890984535,-0.0576184615493,-0.0515338033438,0.793455302715,-0.603699564934
0.647125422955,-0.142843514681,1.3591940403,-0.0570204108953,-0.0501610562205,0.793328344822,-0.604038774967
0.646712720394,-0.142256945372,1.35913455486,-0.0580660104752,-0.050212867558,0.795138180256,-0.60154992342
0.646450042725,-0.141609579325,1.3592543602,-0.0581957288086,-0.0496351420879,0.795867502689,-0.600620210171
0.646249771118,-0.141024470329,1.35932075977,-0.0581081695855,-0.0497768633068,0.796073973179,-0.600343227386
0.646074771881,-0.14053016901,1.35968852043,-0.0589142553508,-0.0487631633878,0.797393321991,-0.598594307899
0.645881474018,-0.139721274376,1.35977900028,-0.0590404197574,-0.0479194670916,0.798153162003,-0.597636580467
0.645833909512,-0.139095276594,1.36008417606,-0.0585430786014,-0.0463546141982,0.797779738903,-0.598307132721
0.64545083046,-0.138536766171,1.36010837555,-0.0595513992012,-0.0464813970029,0.799414098263,-0.596012055874
0.645252943039,-0.137742131948,1.36016941071,-0.0595934204757,-0.0456300005317,0.800122439861,-0.595122456551
0.644986212254,-0.137169793248,1.36033082008,-0.0595361925662,-0.0451537184417,0.800563156605,-0.594571471214
0.644635736942,-0.136342465878,1.36031293869,-0.0587612576783,-0.0440087616444,0.801197469234,-0.593879640102
0.64440715313,-0.13559576869,1.36036801338,-0.0586944818497,-0.0431272909045,0.801565766335,-0.593453764915
0.644131660461,-0.134972080588,1.36053156853,-0.0587858334184,-0.0426502972841,0.802117466927,-0.592733323574
0.64395737648,-0.134135603905,1.36069631577,-0.058767799288,-0.0418443307281,0.80271589756,-0.591981947422
0.643724024296,-0.133319705725,1.36081027985,-0.0588681474328,-0.041164688766,0.803267538548,-0.591270923615
0.643537342548,-0.132575914264,1.36095416546,-0.0588086210191,-0.0406056940556,0.803734958172,-0.590680062771
0.643293380737,-0.131626576185,1.36105585098,-0.0589269176126,-0.0396977700293,0.804367542267,-0.589868485928
0.643018722534,-0.130778104067,1.36119365692,-0.058683488518,-0.0393283702433,0.804740667343,-0.589408278465
0.642962992191,-0.129990920424,1.36147379875,-0.059580270201,-0.0390557274222,0.805183172226,-0.588731646538
0.642527401447,-0.129069134593,1.36179769039,-0.0576010532677,-0.0396593809128,0.805565834045,-0.588364720345
0.642543137074,-0.128326281905,1.36142957211,-0.0587528385222,-0.0375428237021,0.805649340153,-0.588275253773
0.642343401909,-0.127475470304,1.36167550087,-0.0589876510203,-0.0369952693582,0.807201802731,-0.586154460907
0.642105340958,-0.126666724682,1.36171221733,-0.0584692433476,-0.0356828011572,0.806509613991,-0.587239742279
0.641939759254,-0.12569335103,1.36181867123,-0.0589472055435,-0.0353418253362,0.807806253433,-0.58542740345
0.641894161701,-0.124812155962,1.36210715771,-0.0599103830755,-0.0349372848868,0.808188915253,-0.584825456142
0.641908884048,-0.123852930963,1.36229264736,-0.059305716306,-0.0338908806443,0.807920336723,-0.585319578648
0.641907811165,-0.12297295779,1.3624997139,-0.058905210346,-0.0344765037298,0.807972788811,-0.585253357887
0.641536355019,-0.122129119933,1.36243760586,-0.0583153441548,-0.0324784703553,0.80821698904,-0.585089623928
0.641335964203,-0.121280014515,1.36259424686,-0.058130428195,-0.0318519622087,0.808101058006,-0.585302531719
0.641248881817,-0.120284698904,1.36275136471,-0.0582528561354,-0.0316142290831,0.808938086033,-0.584145843983
0.641236960888,-0.119551829994,1.36305260658,-0.0591828115284,-0.0311076790094,0.808755159378,-0.584332823753
0.641011118889,-0.118564411998,1.36348617077,-0.0570388250053,-0.0322009734809,0.808968365192,-0.584191739559
0.641210019588,-0.117596492171,1.36332070827,-0.0575971193612,-0.029787549749,0.808501839638,-0.584910392761
0.641422569752,-0.116355702281,1.36366188526,-0.0570497363806,-0.0301352385432,0.809226930141,-0.583942770958
0.64106374979,-0.115685597062,1.36367344856,-0.0574472434819,-0.0291385222226,0.808950126171,-0.58433765173
0.641134679317,-0.114352345467,1.36425542831,-0.0556987673044,-0.030132394284,0.808889210224,-0.584540903568
0.641357302666,-0.113476842642,1.36456179619,-0.0566493459046,-0.0304907523096,0.808583080769,-0.584854424
0.641230523586,-0.112491175532,1.36472296715,-0.0571277625859,-0.0294671971351,0.809402644634,-0.583725571632
0.641242086887,-0.111472152174,1.36431801319,-0.0572564229369,-0.0268492419273,0.809040606022,-0.584340751171
0.64131885767,-0.110456414521,1.36448991299,-0.0564709044993,-0.0267743971199,0.80806851387,-0.585763931274
0.641354799271,-0.109440624714,1.36469972134,-0.0567477047443,-0.0249827392399,0.808273375034,-0.585533678532
0.641213774681,-0.108479335904,1.36507868767,-0.0575242489576,-0.0253963042051,0.808503866196,-0.585121691227
0.641217172146,-0.10744048655,1.36508858204,-0.0558572970331,-0.0249569825828,0.807172119617,-0.587137460709
0.641159117222,-0.106372721493,1.36529815197,-0.055829051882,-0.0235788077116,0.807308971882,-0.587008953094
0.641271054745,-0.105386734009,1.36567640305,-0.0549437254667,-0.0221473220736,0.80650472641,-0.588252365589
0.641233086586,-0.104210548103,1.36619234085,-0.0557477325201,-0.0239829868078,0.807812392712,-0.586307346821
0.641220986843,-0.103103712201,1.36640977859,-0.0535612255335,-0.0221338346601,0.806356370449,-0.588583767414
0.641221404076,-0.102178782225,1.36667430401,-0.0530480481684,-0.021092960611,0.805934071541,-0.58924639225
0.641349852085,-0.100887238979,1.36643195152,-0.0568422265351,-0.0205283742398,0.806923389435,-0.587556123734
0.641044080257,-0.0997996628284,1.36700630188,-0.0546514242887,-0.021723004058,0.806530833244,-0.58825969696
0.640955150127,-0.0987278744578,1.36702978611,-0.0532714240253,-0.021169917658,0.805172622204,-0.590263605118
0.641088843346,-0.0974361076951,1.3670476675,-0.0530657246709,-0.0168499108404,0.804196596146,-0.591749966145
0.640780627728,-0.0964664891362,1.36708176136,-0.0545382685959,-0.0173647925258,0.805209636688,-0.590221524239
0.641084134579,-0.0953992009163,1.36772251129,-0.0539571121335,-0.0155617976561,0.803901135921,-0.592106044292
0.640768170357,-0.0940854474902,1.36756491661,-0.0549697093666,-0.0168193057179,0.804554998875,-0.591089367867
0.640532374382,-0.0928539782763,1.3677046299,-0.0535260252655,-0.0151487197727,0.803778588772,-0.592322230339
0.640452504158,-0.0916120857,1.36785149574,-0.0537305250764,-0.0142497858033,0.803673267365,-0.592468798161
0.640498936176,-0.0905190110207,1.36883401871,-0.0522853732109,-0.0141292745247,0.803093194962,-0.593386769295
0.640243172646,-0.089283965528,1.36860227585,-0.0531145222485,-0.0125080235302,0.802900373936,-0.593610465527
0.639656841755,-0.0878949463367,1.36839604378,-0.0533539876342,-0.0125064849854,0.803198993206,-0.593184888363
0.639534831047,-0.0865389704704,1.36854410172,-0.0526647418737,-0.0115841729566,0.802573442459,-0.594111323357
0.639427602291,-0.0853958278894,1.36898994446,-0.0536626316607,-0.0116967605427,0.803178310394,-0.593201577663
0.639385282993,-0.084097713232,1.36893665791,-0.0527379922569,-0.00924639683217,0.802398622036,-0.594381988049
0.639243662357,-0.0830404907465,1.36920249462,-0.0523868016899,-0.00889118481427,0.802293539047,-0.594560086727
0.638937532902,-0.081452190876,1.36902701855,-0.0531053803861,-0.008525445126,0.802349925041,-0.594425618649
0.638843238354,-0.0801496505737,1.36918115616,-0.054654750973,-0.00792021863163,0.803046703339,-0.593351721764
0.63880109787,-0.0790355727077,1.36958861351,-0.0534544847906,-0.00672200927511,0.802403688431,-0.594344973564
0.638612627983,-0.0775913372636,1.3695152998,-0.0535816922784,-0.00526447687298,0.801792562008,-0.595172345638
0.638115465641,-0.0763546898961,1.3693151474,-0.0536597333848,-0.00596046727151,0.802916646004,-0.593641221523
0.638077497482,-0.0750726759434,1.36944031715,-0.0545251406729,-0.00541642168537,0.802910983562,-0.593575358391
0.638141334057,-0.0740402415395,1.36963999271,-0.0538379624486,-0.0040677562356,0.802220404148,-0.594581663609
0.638032734394,-0.0725525170565,1.36955440044,-0.0535692423582,-0.00300661893561,0.802061140537,-0.594827234745
0.637700676918,-0.0713056474924,1.36925005913,-0.0548907183111,-0.00357106165029,0.803315579891,-0.593007922173
0.637777745724,-0.0698649734259,1.36916482449,-0.0543199591339,-0.00283997296356,0.803187787533,-0.593237519264
0.637695014477,-0.0686391592026,1.36895871162,-0.0549599863589,-0.00237483275123,0.804080545902,-0.591969907284
0.637622117996,-0.0677211284637,1.36892223358,-0.0542492009699,-0.000918765028473,0.803120970726,-0.593340575695
0.637468576431,-0.0662475377321,1.36852324009,-0.053048286587,0.000332697702106,0.802930474281,-0.593707382679
0.637184381485,-0.0649557113647,1.36810493469,-0.0542906261981,-0.000551248551346,0.804495871067,-0.591471731663
0.636945188046,-0.0637600421906,1.36770188808,-0.0542600639164,-0.00043809611816,0.803890883923,-0.592296421528
0.637001037598,-0.0625457763672,1.36777579784,-0.0546711869538,-0.000372565962607,0.804675221443,-0.591192722321
0.637074172497,-0.0612271428108,1.3674633503,-0.0533670410514,0.0021498107817,0.803119778633,-0.593418836594
0.637203931808,-0.0602957680821,1.36736488342,-0.0536766052246,0.00214542681351,0.804099798203,-0.592062294483
0.636985123158,-0.0591251701117,1.36671078205,-0.0534312576056,0.0026824073866,0.804425895214,-0.59163916111
0.636634230614,-0.0577330514789,1.36610257626,-0.0544741228223,0.0024588117376,0.805180370808,-0.590517699718
0.637033462524,-0.0567641742527,1.36611795425,-0.0545836053789,0.00317092332989,0.805034577847,-0.590702950954
0.636765241623,-0.0555806569755,1.36557257175,-0.0535043478012,0.00380185083486,0.804997563362,-0.590848386288
0.636783480644,-0.0542032718658,1.36499774456,-0.0544014014304,0.00303172552958,0.806207954884,-0.589118123055
0.636745631695,-0.0529576689005,1.3645004034,-0.054853413254,0.00457366369665,0.806676268578,-0.588424623013
0.63678753376,-0.0517484769225,1.36409425735,-0.054821241647,0.00498008634895,0.807018876076,-0.587954521179
0.636967003345,-0.050857745111,1.36388540268,-0.0539269000292,0.0058944770135,0.806464195251,-0.588789284229
0.637053132057,-0.0497533902526,1.36377358437,-0.0541939325631,0.00636183889583,0.80623114109,-0.589078843594
0.637032866478,-0.0485058650374,1.36340522766,-0.0540131814778,0.0064597656019,0.806656241417,-0.58851224184
0.63725477457,-0.0475312545896,1.36310243607,-0.0537120848894,0.00676555326208,0.80712634325,-0.587891280651
0.63719689846,-0.0466264933348,1.36286866665,-0.0535496883094,0.00639495812356,0.807609915733,-0.587246000767
0.636916875839,-0.0454259328544,1.36206495762,-0.0538674704731,0.0062020807527,0.808505535126,-0.585985124111
0.636976242065,-0.0443067252636,1.3617926836,-0.0530660785735,0.00659528188407,0.808285355568,-0.58635777235
0.637413859367,-0.0432390645146,1.36183524132,-0.0526975765824,0.00728931976482,0.808460712433,-0.586140930653
0.63757109642,-0.0426032692194,1.36159610748,-0.0532273761928,0.00714993523434,0.808826744556,-0.585589647293
0.637545228004,-0.0415700860322,1.36115145683,-0.0520668998361,0.00754524022341,0.808848083019,-0.585659503937
0.637547552586,-0.040437348187,1.36075019836,-0.0526422411203,0.00690290657803,0.809934675694,-0.584112167358
0.637902438641,-0.0396114885807,1.36068224907,-0.0508511476219,0.00843548867851,0.808916449547,-0.585659742355
0.638214707375,-0.0386561267078,1.36063826084,-0.0512904822826,0.00809655617923,0.809206902981,-0.585224807262
0.638204336166,-0.0374493822455,1.36023390293,-0.049554772675,0.00870215333998,0.808797478676,-0.585931003094
0.638210535049,-0.0366909913719,1.35974097252,-0.0509819090366,0.00703462772071,0.810481011868,-0.583499789238
0.638210535049,-0.0366909913719,1.35974097252,-0.0509819090366,0.00703462772071,0.810481011868,-0.583499789238
0.638904392719,-0.0350385904312,1.35948526859,-0.0488518252969,0.0082774143666,0.809720575809,-0.58472019434
0.639019191265,-0.0340005233884,1.35920858383,-0.0481142885983,0.00797078199685,0.809684872627,-0.58483505249
0.639631688595,-0.0330120921135,1.35933983326,-0.0484433397651,0.00806320738047,0.80959135294,-0.584935963154
0.639559864998,-0.0323159433901,1.35874557495,-0.0495364479721,0.00643193162978,0.811001062393,-0.582908272743
0.639813840389,-0.0315258838236,1.35853600502,-0.0491383932531,0.00626550475135,0.811074852943,-0.582841217518
0.640206575394,-0.0310340374708,1.35854125023,-0.045896794647,0.00712568871677,0.809863269329,-0.584777057171
0.640492260456,-0.0302343741059,1.35799133778,-0.0462371185422,0.00675505539402,0.810030579567,-0.584522902966
0.641217708588,-0.0291614569724,1.35790812969,-0.0449594780803,0.00575252948329,0.811358273029,-0.582789361477
0.641094386578,-0.0285223573446,1.3575553894,-0.0448269732296,0.00669026514515,0.809847295284,-0.584887444973
0.641432762146,-0.0277803763747,1.35733520985,-0.0443034097552,0.00619115447626,0.8099386096,-0.584806203842
0.641877889633,-0.0269523821771,1.35710513592,-0.0452620275319,0.00457210978493,0.810919702053,-0.583386480808
0.642200410366,-0.0263299755752,1.35698246956,-0.0447076931596,0.0035932296887,0.811563968658,-0.582539439201
0.642172276974,-0.0256843417883,1.35650289059,-0.043564260006,0.0037836174015,0.810961425304,-0.5834633708
0.642372250557,-0.0250276997685,1.35621142387,-0.0430407300591,0.00356891052797,0.810807943344,-0.58371669054
0.643008112907,-0.0244626067579,1.35629487038,-0.0411439500749,0.00429073954001,0.809743583202,-0.585323870182
0.643476128578,-0.0238241571933,1.35626685619,-0.0417539589107,0.0031617495697,0.810210824013,-0.584640979767
0.6437266469,-0.0234267022461,1.35642421246,-0.0394453033805,0.00188672658987,0.810233771801,-0.584774971008
0.644388377666,-0.0221705194563,1.35604226589,-0.0400567650795,0.000672081077937,0.812361717224,-0.581776082516
0.644907474518,-0.0216765068471,1.35594129562,-0.0382055900991,0.00232607172802,0.810803830624,-0.584065079689
0.645175635815,-0.0209630541503,1.35577344894,-0.0377631895244,0.00188231782522,0.810977697372,-0.583854138851
0.645317912102,-0.0204102993011,1.35557210445,-0.0381701141596,-3.00127940136e-05,0.812232553959,-0.582083761692
0.64560174942,-0.0198776870966,1.355499506,-0.0375395976007,-0.000292918382911,0.812206029892,-0.582161664963
0.645925521851,-0.0193174891174,1.35544192791,-0.0369899980724,-0.000746373436414,0.812111198902,-0.582328498363
0.64626544714,-0.018696533516,1.35539531708,-0.0365270152688,-0.0012285815319,0.812216281891,-0.582210540771
0.646616280079,-0.0183495227247,1.35551810265,-0.0343848951161,-5.80732739763e-06,0.810832023621,-0.584268033504
0.646574795246,-0.0177144818008,1.35525739193,-0.0351100564003,-0.00184435816482,0.811940431595,-0.582680583
0.646824538708,-0.0171776656061,1.35522425175,-0.0343438908458,-0.00221229344606,0.811838030815,-0.582867562771
0.646961152554,-0.0165897794068,1.35514986515,-0.0336968526244,-0.00257912627421,0.811750650406,-0.583025515079
0.647414088249,-0.0163596067578,1.35528659821,-0.0322960577905,-0.00174283108208,0.810822427273,-0.584398031235
0.647412240505,-0.0156215513125,1.3550440073,-0.032689768821,-0.00292482669465,0.811636984348,-0.58323943615
0.647813796997,-0.0153148286045,1.35522973537,-0.0310868825763,-0.00234452961013,0.810766398907,-0.584539294243
0.648008406162,-0.0148053234443,1.35523581505,-0.0305588021874,-0.00269947154447,0.810650408268,-0.584726214409
0.648136198521,-0.0142347607762,1.35526835918,-0.0299281794578,-0.00308859534562,0.81064414978,-0.584765791893
0.648410260677,-0.0135621270165,1.35543859005,-0.0300162136555,-0.00329282740131,0.810455620289,-0.58502137661
0.648518145084,-0.0131727540866,1.35561180115,-0.0291319899261,-0.00415381137282,0.810531079769,-0.584956049919
0.648655772209,-0.0125655326992,1.35541558266,-0.0291677508503,-0.00368014117703,0.810527026653,-0.584963023663
0.648738384247,-0.0123030487448,1.35529863834,-0.0281789973378,-0.00408316962421,0.810729205608,-0.584728598595
0.648803293705,-0.0118398619816,1.35527634621,-0.0277105085552,-0.00430427817628,0.810708284378,-0.584778308868
0.648866474628,-0.0114163951948,1.35528349876,-0.0273001324385,-0.00444045197219,0.810649931431,-0.584877550602
0.648872256279,-0.0110944267362,1.35545420647,-0.0264305844903,-0.00516877230257,0.810569882393,-0.585022449493
0.648936331272,-0.0107165528461,1.35557126999,-0.0258537493646,-0.00563194323331,0.810550868511,-0.585070192814
0.649008274078,-0.00999506283551,1.35522341728,-0.0263023842126,-0.00448479410261,0.810557186604,-0.58505153656
0.649031043053,-0.00954580679536,1.35520911217,-0.0260439887643,-0.00452692667022,0.810481011868,-0.585168302059
0.649042844772,-0.00909655541182,1.35520648956,-0.0259139575064,-0.00455212034285,0.810431361198,-0.585242629051
0.648954570293,-0.00880253314972,1.35534882545,-0.0251040384173,-0.00502032460645,0.81024980545,-0.585525214672
0.648946225643,-0.00822393409908,1.35515594482,-0.0253870282322,-0.00450279004872,0.810131490231,-0.585681021214
0.64887034893,-0.00782554969192,1.3551568985,-0.0251184254885,-0.00452955858782,0.809887945652,-0.586029112339
0.648970246315,-0.00741095934063,1.35530948639,-0.0256622284651,-0.00471197860315,0.809814155102,-0.586106061935
0.648909687996,-0.00696076732129,1.35529351234,-0.0253627691418,-0.00465963687748,0.809615910053,-0.586393415928
0.648866653442,-0.00665041338652,1.35548686981,-0.0247320923954,-0.0051415078342,0.809573292732,-0.586475074291
0.648634195328,-0.00616867654026,1.35510587692,-0.0242212954909,-0.00399812497199,0.80918854475,-0.587036013603
0.648550868034,-0.00577222369611,1.35506153107,-0.0241834577173,-0.00378759484738,0.809023082256,-0.587266981602
0.648469030857,-0.00541087519377,1.35503828526,-0.0241093095392,-0.00363004999235,0.808829069138,-0.58753824234
0.648415267467,-0.00507259182632,1.35507488251,-0.0239473003894,-0.00365355564281,0.808736622334,-0.587671935558
0.648465394974,-0.00460008438677,1.35509848595,-0.0234117489308,-0.00312769599259,0.80837816,-0.588189423084
0.64835447073,-0.00422338210046,1.35510659218,-0.0233339890838,-0.00279683666304,0.808069527149,-0.588618218899
0.648154735565,-0.00390594080091,1.3551248312,-0.0234175175428,-0.00256067723967,0.807622432709,-0.589229166508
0.648076832294,-0.00327095482498,1.35507178307,-0.0230459086597,-0.00202028593048,0.807130992413,-0.589919090271
0.647607624531,-0.00313531793654,1.35501015186,-0.0238368138671,-0.00377206713893,0.808027863503,-0.588649809361
0.64752471447,-0.00263625942171,1.35486030579,-0.0242295600474,-0.00295646861196,0.807733952999,-0.589041650295
0.647379159927,-0.00229733251035,1.3548643589,-0.0243397410959,-0.00268435012549,0.807401001453,-0.589494764805
0.646901249886,-0.00207004416734,1.35486137867,-0.0247063152492,-0.00228275288828,0.806168556213,-0.591165542603
0.646928906441,-0.00191098172218,1.35509741306,-0.023505654186,-0.000575716898311,0.804356336594,-0.593681752682
0.646734893322,-0.00168959610164,1.35528242588,-0.0229370705783,-0.000705932558049,0.804023861885,-0.594154119492
0.646662652493,-0.00126205384731,1.3553968668,-0.0232755932957,-0.00059398583835,0.803857922554,-0.594365537167
0.64660435915,-0.000820278190076,1.35522627831,-0.0242003202438,6.47522902e-05,0.804303407669,-0.593725860119
0.646406590939,-0.000517164357007,1.35525763035,-0.0241032410413,0.000366261403542,0.804032444954,-0.594096601009
0.645826339722,-8.60849395394e-05,1.35509836674,-0.0234142094851,0.00144731928594,0.802727520466,-0.59588432312
0.645770907402,0.000178933143616,1.35531449318,-0.0235026385635,0.00146918464452,0.802905201912,-0.595641493797
0.645489573479,0.000415502116084,1.35532295704,-0.0238784328103,0.00158987252507,0.803164899349,-0.595275998116
0.645357549191,0.00055793300271,1.35535430908,-0.023775992915,0.00192111684009,0.802943646908,-0.595577538013
0.645150184631,0.000843812711537,1.35538768768,-0.0239517372102,0.00205043982714,0.802870333195,-0.595668792725
0.645063996315,0.00118272472173,1.35545110703,-0.0240371245891,0.00205135485157,0.803151726723,-0.595286071301
0.64453792572,0.001529160887,1.35527777672,-0.0249504521489,0.0015841134591,0.803593575954,-0.594653129578
0.64452368021,0.0015709195286,1.35548138618,-0.0243512522429,0.00239692139439,0.803020238876,-0.595449268818
0.644310414791,0.00177975278348,1.35549712181,-0.0244611464441,0.00248798215762,0.803135037422,-0.595289587975
0.644083559513,0.00194205809385,1.35554432869,-0.0245067048818,0.00255676708184,0.803283154964,-0.595087587833
0.643835008144,0.00227713957429,1.35554504395,-0.024235252291,0.00292082689703,0.803138136864,-0.595292627811
0.643377482891,0.00238475482911,1.35539937019,-0.0254226736724,0.00186715496238,0.80443751812,-0.593490242958
0.64339619875,0.00236727017909,1.35561740398,-0.0244506690651,0.00284171616659,0.80362612009,-0.594625353813
0.643413722515,0.00282950047404,1.35562837124,-0.0241299942136,0.00239469809458,0.804749011993,-0.5931199193
0.643259823322,0.00278385728598,1.35566914082,-0.0242331381887,0.00229486636817,0.805084526539,-0.592660665512
0.643161118031,0.00291293486953,1.35566902161,-0.0243651717901,0.00203788257204,0.805651009083,-0.591885626316
0.64259326458,0.0029980968684,1.3554110527,-0.0259140208364,0.00040535768494,0.806931376457,-0.590076446533
0.642746269703,0.00295543856919,1.35578131676,-0.0256103426218,0.00111830979586,0.806226491928,-0.591051340103
0.64238858223,0.00287440512329,1.3557369709,-0.0247314814478,0.000737856200431,0.806355655193,-0.59091335535
0.641933977604,0.00316745135933,1.35526442528,-0.026712635532,-0.0001105807969,0.807797372341,-0.588854730129
0.641646564007,0.00324349664152,1.35512542725,-0.0269862096757,-7.52130144974e-05,0.807844460011,-0.588777720928
0.641469657421,0.0032704481855,1.35504579544,-0.0272440463305,-0.000112874942715,0.808029472828,-0.588511824608
0.641086041927,0.003168287687,1.35501194,-0.0282526090741,-0.000150399442646,0.807659089565,-0.588972508907
0.641367137432,0.00318895466626,1.35515284538,-0.0266169626266,0.00101064459886,0.807402014732,-0.589400231838
0.641218423843,0.0032280953601,1.35507643223,-0.0268810428679,0.000755665241741,0.807684361935,-0.589001536369
0.640615344048,0.00325071904808,1.35479950905,-0.0291579514742,-0.000550549128093,0.808584809303,-0.587656438351
0.640705704689,0.00311808846891,1.35495483875,-0.0282106194645,0.00045145326294,0.807648539543,-0.588988959789
0.64029699564,0.00325335003436,1.35468113422,-0.0296740494668,-0.000921677565202,0.80908614397,-0.586939692497
0.64023578167,0.00318509992212,1.35475933552,-0.0285159815103,0.000123180274386,0.808036625385,-0.588441729546
0.640235126019,0.00320388935506,1.35493838787,-0.0286797657609,-0.000822912028525,0.808579623699,-0.587686955929
0.640122711658,0.00293284934014,1.35509443283,-0.0283656474203,-0.00144642789382,0.808673560619,-0.587571501732
0.63997143507,0.00290579721332,1.35487401485,-0.0291587840766,-0.00148146250285,0.809124529362,-0.58691161871
0.639776468277,0.00292183365673,1.35473024845,-0.0295058395714,-0.00148702540901,0.80923473835,-0.586742281914
0.639809787273,0.00307497195899,1.35457217693,-0.0300692021847,-0.00121674337424,0.809612512589,-0.586192786694
0.639724075794,0.00308024417609,1.35450363159,-0.0301975235343,-0.00122288241982,0.809688031673,-0.586081802845
0.639505207539,0.00343721266836,1.35419392586,-0.0304084718227,-0.00209059729241,0.810956895351,-0.584311485291
0.639109730721,0.00322904251516,1.35409235954,-0.0309344083071,-0.00181753223296,0.810177385807,-0.585365116596
0.639004826546,0.00325929932296,1.35404264927,-0.0309839006513,-0.00188203866128,0.810202300549,-0.585327863693
0.638936161995,0.00327931996435,1.35398077965,-0.0310805048794,-0.0018616814632,0.810292720795,-0.585197806358
0.638936758041,0.00326247140765,1.35399162769,-0.0311661809683,-0.00199917075224,0.810505628586,-0.584897696972
0.638838648796,0.00324368476868,1.35393595695,-0.0312377084047,-0.00195379299112,0.810454726219,-0.584964513779
0.638914525509,0.00326819717884,1.35406446457,-0.0301484148949,-0.000828766496852,0.809364199638,-0.586532235146
0.638798654079,0.00320917833596,1.35405039787,-0.0305653233081,-0.00128801795654,0.809671759605,-0.5860850811
0.638632595539,0.00310193281621,1.35414350033,-0.030230935663,-0.00167759356555,0.809519827366,-0.586311340332
0.638747990131,0.00351156573743,1.3539172411,-0.0304631888866,-0.000777816749178,0.8095459342,-0.586265146732
0.638439238071,0.00352660566568,1.35387289524,-0.0305811725557,-0.000595444696955,0.809058964252,-0.586931109428
0.638108670712,0.0035858200863,1.35365831852,-0.0319037139416,-0.00161726516671,0.809984207153,-0.585581123829
0.637952387333,0.00363993365318,1.35362589359,-0.0320352129638,-0.00149996043183,0.809785842896,-0.585848450661
0.637825012207,0.00370497256517,1.35359108448,-0.032223276794,-0.00140011624899,0.80979424715,-0.58582675457
0.637694656849,0.00377916172147,1.35358846188,-0.0324374996126,-0.0013247228926,0.809776127338,-0.585840165615
0.637639939785,0.00390901882201,1.35362911224,-0.0328409299254,-0.00130952498876,0.809866726398,-0.585692405701
0.637448728085,0.00386332534254,1.35379219055,-0.0323821492493,-0.00184109550901,0.809839844704,-0.585753798485
0.637327730656,0.00408919900656,1.35361766815,-0.0329632535577,-0.00109468156006,0.809933364391,-0.585593879223
0.637558460236,0.00430029258132,1.35381293297,-0.0311509296298,-2.80970543827e-05,0.809506952763,-0.586283326149
0.637415409088,0.00438025314361,1.35382866859,-0.0312296263874,3.92826550524e-05,0.809612691402,-0.586133122444
0.636952936649,0.0042788926512,1.35379505157,-0.0317717753351,0.000366949418094,0.808913171291,-0.587068855762
0.636864125729,0.00413421727717,1.35400080681,-0.0316531285644,6.22596489848e-05,0.809115409851,-0.586796700954
0.636643230915,0.00431224796921,1.35388755798,-0.0317866839468,0.000517723558005,0.80917942524,-0.586700975895
0.636179089546,0.00453102495521,1.35369622707,-0.0332329832017,-0.000904505955987,0.81072306633,-0.584485173225
0.635993361473,0.0045906631276,1.35371828079,-0.0332687012851,-0.000791899336036,0.81083458662,-0.584328591824
0.635810554028,0.00467406585813,1.35374939442,-0.0333925113082,-0.000610720890108,0.811153173447,-0.583879470825
0.635853528976,0.00454567465931,1.35397994518,-0.0325193703175,0.000391494511859,0.810506999493,-0.584825456142
0.635668098927,0.00459887366742,1.35401976109,-0.0327161289752,0.000572016579099,0.810700953007,-0.584545433521
0.635470986366,0.00466937758029,1.35405421257,-0.0328761339188,0.000645607477054,0.810920655727,-0.584231615067
0.635569274426,0.00490768812597,1.35410106182,-0.0325907319784,7.00128512108e-05,0.811977505684,-0.582778155804
0.63515740633,0.00517478492111,1.35394847393,-0.0337564460933,-0.000958664459176,0.812984347343,-0.581305623055
0.635156989098,0.00499177537858,1.35413110256,-0.0330440439284,-0.00023688703368,0.812304019928,-0.582297503948
0.634961485863,0.00506228581071,1.35416698456,-0.033239454031,-0.000469613441965,0.812478363514,-0.582042872906
0.634536027908,0.00523773487657,1.35401654243,-0.0343747735023,-0.00144842651207,0.813405096531,-0.580679297447
0.634097576141,0.00503524020314,1.35405051708,-0.0353543795645,-0.00138990045525,0.812846243382,-0.58140283823
0.633945822716,0.00499105546623,1.35418617725,-0.0341832004488,-0.000351600232534,0.811842024326,-0.582875609398
0.633760869503,0.00500761065632,1.35424304008,-0.0344576239586,-0.000669224536978,0.812036991119,-0.58258754015
0.633575379848,0.00497333332896,1.35427439213,-0.0348538793623,-0.000887639529537,0.812289893627,-0.582211017609
0.633270382881,0.00499758310616,1.35425138474,-0.0351011231542,-0.00105053419247,0.812295138836,-0.582188487053
0.633275449276,0.00467035733163,1.35454237461,-0.0352058634162,-0.00176657189149,0.812693357468,-0.581624388695
0.632897734642,0.00468199141324,1.35438764095,-0.0367153771222,-0.00301280175336,0.813982188702,-0.579720497131
0.632685661316,0.0045992936939,1.35438787937,-0.0370507203043,-0.00317701837048,0.814153850079,-0.579457402229
0.632500171661,0.00459047593176,1.3543998003,-0.0373459085822,-0.003299187636,0.814353048801,-0.579157531261
0.6323107481,0.00455577857792,1.35444021225,-0.0376615151763,-0.00352347479202,0.814464628696,-0.578979074955
0.63212698698,0.00459035299718,1.35433876514,-0.0372499786317,-0.00226796092466,0.813505768776,-0.58035826683
0.631733238697,0.00472261570394,1.35414254665,-0.0384671762586,-0.00320979999378,0.814476668835,-0.578910887241
0.631515681744,0.00463036447763,1.35413146019,-0.0388293974102,-0.00325557938777,0.814560234547,-0.578768730164
0.631322085857,0.00460861623287,1.35412144661,-0.0392559170723,-0.00330185121857,0.81483232975,-0.578356683254
0.631375849247,0.00437482260168,1.35432493687,-0.0382187701762,-0.00197687325999,0.813626289368,-0.580127298832
0.63114708662,0.00450542941689,1.35426139832,-0.0385720729828,-0.00213151518255,0.813777863979,-0.579890847206
0.630999922752,0.00425838492811,1.35426819324,-0.0386694334447,-0.00200243247673,0.8136536479,-0.580059111118
0.630954325199,0.00422056019306,1.35439252853,-0.0396986305714,-0.00221420661546,0.813755273819,-0.579845964909
0.63092982769,0.00417746044695,1.35460591316,-0.039898917079,-0.00292424135841,0.814092516899,-0.579355537891
0.630761742592,0.00410627946258,1.35456049442,-0.0401324145496,-0.0028436772991,0.814056813717,-0.579390048981
0.630358397961,0.00418047048151,1.35415744781,-0.0419521257281,-0.00359792355448,0.815104961395,-0.5777810812
0.630078613758,0.00414458289742,1.35404932499,-0.042299490422,-0.00334994797595,0.814903199673,-0.578041851521
0.629974782467,0.00391260907054,1.35426139832,-0.0421207547188,-0.00401681428775,0.81494307518,-0.577994406223
0.629799544811,0.00382507778704,1.35420966148,-0.042408823967,-0.00387652986683,0.814818680286,-0.578149676323
0.630122542381,0.00376460142434,1.35417032242,-0.0401750989258,-0.00275859143585,0.814947962761,-0.578133404255
0.629783809185,0.00384061224759,1.35395002365,-0.0412494540215,-0.00352073367685,0.815630972385,-0.577089548111
0.629533350468,0.00341269187629,1.35425555706,-0.0421957857907,-0.00268211774528,0.813767313957,-0.579650819302
0.629238426685,0.00334402732551,1.35403525829,-0.0415797047317,-0.00230465852655,0.813540875912,-0.580014705658
0.629132270813,0.00346378050745,1.35384249687,-0.0421849451959,-0.00172965577804,0.81348747015,-0.580047905445
0.628903567791,0.00329264812171,1.35379457474,-0.0421410016716,-0.00163408101071,0.813248813152,-0.580385923386
0.628719091415,0.00324250943959,1.35371446609,-0.042347304523,-0.00163617276121,0.813165962696,-0.580487072468
0.628556549549,0.00318813323975,1.35370314121,-0.042428214103,-0.00167031981982,0.813096940517,-0.580577790737
0.628557622433,0.00326487608254,1.35379695892,-0.0424868166447,-0.00139209267218,0.812908232212,-0.580838382244
0.628410518169,0.00320229120553,1.35375809669,-0.0426875464618,-0.00130214623641,0.812958359718,-0.580753803253
0.628252208233,0.00282096676528,1.35387849808,-0.0424260012805,-0.00139277789276,0.812860667706,-0.580909252167
0.627851188183,0.00318595953286,1.35347747803,-0.0435854159296,-0.00220368965529,0.813410997391,-0.580050051212
0.627866864204,0.00319582596421,1.35343635082,-0.0441999919713,-0.00232634972781,0.81448251009,-0.578497350216
0.627762794495,0.00295393355191,1.35363614559,-0.0431657731533,-0.00113753520418,0.812871694565,-0.580840051174
0.627642452717,0.0029238127172,1.35363841057,-0.0433119982481,-0.00118307198863,0.81292116642,-0.580759704113
0.627444565296,0.0026872176677,1.35375189781,-0.043386105448,-0.00217811227776,0.813344299793,-0.58015859127
0.627320885658,0.00264801457524,1.35374140739,-0.0434924252331,-0.00220440328121,0.813371121883,-0.580112934113
0.62720233202,0.00260694511235,1.35373997688,-0.0436170324683,-0.00223620724864,0.813436090946,-0.580012440681
0.62709414959,0.00258517824113,1.35372829437,-0.0437540076673,-0.00223289290443,0.813536584377,-0.579861044884
0.626970410347,0.00248541869223,1.35372591019,-0.0438844896853,-0.00223323702812,0.813580095768,-0.579790055752
0.626643836498,0.00264419615269,1.35354983807,-0.0449316091835,-0.00302524026483,0.81461840868,-0.578246474266
0.626550137997,0.0027504209429,1.35336768627,-0.0455454438925,-0.00249661575072,0.814743161201,-0.578025102615
0.626462757587,0.00271103344858,1.35339152813,-0.0456277057528,-0.00264401268214,0.814888596535,-0.577813029289
0.626569151878,0.0024735443294,1.35353696346,-0.0448487661779,-0.00189982505981,0.814267575741,-0.578751564026
0.626477241516,0.00242755748332,1.35354053974,-0.0449003130198,-0.00203849049285,0.814418792725,-0.578534245491
0.626389682293,0.00241407379508,1.35353779793,-0.0449450612068,-0.00215363991447,0.814624488354,-0.57824075222
0.626282513142,0.00233173556626,1.35352706909,-0.0449108481407,-0.00221774494275,0.814697384834,-0.578140437603
0.62631046772,0.00251417048275,1.35358536243,-0.044981572777,-0.00213968404569,0.814821720123,-0.577959895134
0.626454472542,0.00233169645071,1.35378968716,-0.0457046069205,-0.00225514220074,0.815049529076,-0.577581465244
0.626282334328,0.00218079797924,1.35371422768,-0.0454575195909,-0.00218711863272,0.814970731735,-0.577712416649
0.626314461231,0.00218650698662,1.35375058651,-0.0458680130541,-0.00230710953474,0.815378427505,-0.57710391283
0.626171290874,0.00216156803071,1.35366141796,-0.0458729043603,-0.00221433257684,0.815341293812,-0.577156305313
0.626129686832,0.00209411419928,1.35364580154,-0.0459207929671,-0.00222192285582,0.81548511982,-0.576949238777
0.626056611538,0.00197275355458,1.35358786583,-0.0463597662747,-0.00262716505677,0.81601524353,-0.576162219048
0.626017689705,0.00190889649093,1.35357487202,-0.0463285669684,-0.00273700524122,0.816095232964,-0.57605111599
0.625862777233,0.00183324329555,1.35339820385,-0.0455872155726,-0.0025737285614,0.816078007221,-0.576135396957
0.625988304615,0.00177160091698,1.35354316235,-0.0463974922895,-0.00294241076335,0.816271305084,-0.575795054436
0.625817358494,0.00166760571301,1.35340690613,-0.0455445721745,-0.0030606079381,0.816235840321,-0.575912773609
0.625801444054,0.00147203914821,1.35355198383,-0.0452051535249,-0.00368406064808,0.816314816475,-0.575823783875
0.626024127007,0.00158606655896,1.35339570045,-0.0454738289118,-0.00327948667109,0.816756010056,-0.575179219246
0.625829339027,0.00170066580176,1.35320866108,-0.0463663190603,-0.00422776769847,0.817645013332,-0.57383710146
0.62614095211,0.00141030363739,1.35345816612,-0.0453986823559,-0.00365333422087,0.816985309124,-0.574857056141
0.626142382622,0.00131148658693,1.35344219208,-0.0454045645893,-0.00384603091516,0.816962122917,-0.574888348579
0.625955283642,0.00111972726882,1.35342276096,-0.0453877486289,-0.00385847268626,0.816483080387,-0.575569689274
0.62600505352,0.00128716602921,1.3532627821,-0.046222537756,-0.00480478862301,0.817739367485,-0.573709666729
0.626010000706,0.001020912081,1.35340237617,-0.0451968088746,-0.004160432145,0.816405713558,-0.575692415237
0.626046836376,0.000883642584085,1.35340285301,-0.0451591089368,-0.00417659291998,0.816312551498,-0.575827240944
0.626097619534,0.000881679356098,1.35340678692,-0.0451149456203,-0.00427352357656,0.816317856312,-0.575822472572
0.62634396553,0.000866828486323,1.35342860222,-0.044998601079,-0.00439164834097,0.816673219204,-0.575326561928
0.626160025597,0.00066264718771,1.35341668129,-0.0450298935175,-0.00433876411989,0.816073775291,-0.576174497604
0.626156926155,0.000744016841054,1.35348474979,-0.0449743196368,-0.00465717772022,0.816219747066,-0.57596963644
0.626181840897,0.00067781470716,1.35348892212,-0.0448913425207,-0.0047267600894,0.81609416008,-0.576153457165
0.626281321049,0.00021567940712,1.35371184349,-0.0442901067436,-0.00531481625512,0.815786004066,-0.576631069183
0.626158237457,0.000198591500521,1.35364210606,-0.0440871790051,-0.00521774962544,0.815641343594,-0.576852202415
0.626200795174,0.000242849811912,1.35355496407,-0.0442060679197,-0.00494095822796,0.815469801426,-0.57708799839
0.62622576952,0.0001628883183,1.35357284546,-0.0441771931946,-0.00496994191781,0.815357744694,-0.577248215675
0.626285374165,0.000234298408031,1.3534052372,-0.0445546321571,-0.00440061604604,0.815271615982,-0.577345430851
0.626323521137,0.00017013028264,1.35341608524,-0.0444925352931,-0.00438297912478,0.815205156803,-0.577444016933
0.626488983631,-5.1211565733e-05,1.35385715961,-0.0435802266002,-0.00528546795249,0.814869105816,-0.577980339527
0.626416385174,-9.10982489586e-05,1.35368382931,-0.0434888936579,-0.00478430325165,0.81462085247,-0.57834148407
0.626281201839,-0.000139703974128,1.35350680351,-0.0446083880961,-0.00584294227883,0.815715909004,-0.576700627804
0.626280367374,-0.000189086422324,1.35351443291,-0.0445309095085,-0.00585633236915,0.815649926662,-0.576799690723
0.626301527023,-0.000260658562183,1.35354506969,-0.0445499718189,-0.00593172106892,0.815602183342,-0.576865136623
0.626371264458,-0.000191075727344,1.35335254669,-0.0449921526015,-0.00525760743767,0.815590500832,-0.576853692532
0.626545906067,-0.000268971547484,1.35353517532,-0.0457567125559,-0.00551785156131,0.815671801567,-0.576676249504
0.626450777054,-0.000354407355189,1.35335612297,-0.0449693724513,-0.00523083936423,0.815545499325,-0.576919436455
0.626496255398,-0.000411907210946,1.3533616066,-0.044971588999,-0.00535075180233,0.81547921896,-0.57701176405
0.626540541649,-0.000498183071613,1.35335981846,-0.0449547991157,-0.00530924694613,0.815412759781,-0.577107489109
0.626556873322,-0.000584706664085,1.35337162018,-0.0449746027589,-0.00536400126293,0.815332949162,-0.57721811533
0.626632273197,-0.000701097771525,1.35338425636,-0.0449209474027,-0.00534639973193,0.815310835838,-0.577253580093
0.626892089844,-0.000702396035194,1.3537466526,-0.0458498671651,-0.00622602272779,0.815548121929,-0.576836526394
0.627105593681,-0.000914515927434,1.35376012325,-0.0441055372357,-0.0051149725914,0.81470990181,-0.578166365623
0.627174854279,-0.00107591785491,1.35395729542,-0.0448243618011,-0.00553775206208,0.814415454865,-0.57852190733
0.627097547054,-0.00112425163388,1.35368967056,-0.0442138537765,-0.00489717628807,0.814105272293,-0.579011201859
0.626945137978,-0.00100114941597,1.35351932049,-0.0450667180121,-0.00586741231382,0.814794480801,-0.577965855598
0.627382993698,-0.00122543983161,1.35418915749,-0.0441606156528,-0.00653543323278,0.814236700535,-0.578814029694
0.627239644527,-0.00110095925629,1.3540148735,-0.0449892319739,-0.00753723783419,0.814846456051,-0.577879369259
0.62760925293,-0.00139802694321,1.35376751423,-0.0448824241757,-0.00509855337441,0.813754200935,-0.579451203346
0.62736839056,-0.00135648436844,1.35358798504,-0.0456765964627,-0.00598786724731,0.813929259777,-0.579134821892
0.627817332745,-0.00150985457003,1.35382378101,-0.0442841872573,-0.00483008567244,0.81285315752,-0.58076274395
0.627980232239,-0.00151176936924,1.35387420654,-0.0444696284831,-0.00514192506671,0.812732577324,-0.58091455698
0.627901792526,-0.00165857560933,1.35381698608,-0.0441012009978,-0.00505392532796,0.812283098698,-0.581571817398
0.627795815468,-0.0017944611609,1.35415780544,-0.0432812124491,-0.00703963171691,0.812568902969,-0.581213355064
0.627842962742,-0.00191982276738,1.3541611433,-0.0433131679893,-0.00699396664277,0.81228530407,-0.581607878208
0.627902388573,-0.00200499407947,1.35416996479,-0.0432163961232,-0.00706139579415,0.812093853951,-0.581881523132
0.627947032452,-0.0021222345531,1.35420465469,-0.0430508367717,-0.00718766869977,0.811832368374,-0.582257091999
0.628000497818,-0.00224126689136,1.35418212414,-0.0429381541908,-0.00710925646126,0.811562240124,-0.582642793655
0.628043174744,-0.00249878503382,1.35437870026,-0.0423515476286,-0.00764272455126,0.811205327511,-0.583175718784
0.628270149231,-0.00250558741391,1.35383808613,-0.0437855385244,-0.00545239122584,0.810754597187,-0.583720982075
0.628234684467,-0.00255868583918,1.35364878178,-0.0429414920509,-0.00527216959745,0.810382664204,-0.58430147171
0.628277778625,-0.00268218293786,1.35362648964,-0.0429266057909,-0.00527694029734,0.810059845448,-0.584749937057
0.628334283829,-0.0027971714735,1.35360181332,-0.0429156199098,-0.00520901521668,0.809749782085,-0.585180640221
0.628124058247,-0.0028198286891,1.35395383835,-0.0414905063808,-0.00690382346511,0.809433341026,-0.585703372955
0.62847173214,-0.00294075720012,1.3539801836,-0.0416490323842,-0.00677829934284,0.809619247913,-0.585436582565
0.62854552269,-0.00304313376546,1.35394179821,-0.0417351834476,-0.00676221260801,0.809349656105,-0.585803389549
0.628858745098,-0.0029985178262,1.35398483276,-0.0413128882647,-0.00701347645372,0.80977088213,-0.585248053074
0.628425598145,-0.00310423597693,1.3538043499,-0.0425738282502,-0.0075767217204,0.80946290493,-0.585576593876
0.628461718559,-0.00316099449992,1.3537838459,-0.0425033904612,-0.00739530893043,0.809090971947,-0.586097896099
0.628854095936,-0.00326649658382,1.35413753986,-0.0421506129205,-0.00639022933319,0.80789488554,-0.587782502174
0.628915071487,-0.00336652621627,1.35413599014,-0.0421501472592,-0.00646294886246,0.807494461536,-0.588331818581
0.629112899303,-0.00348892994225,1.35372447968,-0.043529111892,-0.00465624500066,0.807110488415,-0.588775277138
0.629131495953,-0.00354785472155,1.3537170887,-0.0435780659318,-0.004678664729,0.806877911091,-0.589089989662
0.62916713953,-0.00366574898362,1.35369300842,-0.043644413352,-0.00475910073146,0.806702554226,-0.589324712753
0.629055142403,-0.00382490456104,1.3540943861,-0.0425452739,-0.00648445589468,0.806556522846,-0.589588522911
0.629089832306,-0.00392688624561,1.35408222675,-0.0425762683153,-0.00657963287085,0.806391954422,-0.58981013298
0.629181623459,-0.00404345057905,1.35412144661,-0.0427409671247,-0.00675097852945,0.806336164474,-0.589872539043
0.629191040993,-0.00419565103948,1.35411739349,-0.0427192151546,-0.00685946783051,0.806139230728,-0.590142011642
0.629215717316,-0.00436097942293,1.35410761833,-0.0428422056139,-0.00689164316282,0.805968046188,-0.590366482735
0.629229307175,-0.00445379503071,1.35410475731,-0.0428869612515,-0.00709828082472,0.805791735649,-0.590601503849
0.629086017609,-0.00465795956552,1.35393047333,-0.0422459729016,-0.00683852285147,0.805468559265,-0.59109133482
0.629142403603,-0.00492124073207,1.35392975807,-0.04257280007,-0.00711552426219,0.805684268475,-0.590770602226
0.629123389721,-0.00504766590893,1.35393285751,-0.04257632792,-0.00722538959235,0.805480837822,-0.591046273708
0.629131674767,-0.00513927452266,1.35392951965,-0.0426579676569,-0.00733701745048,0.805319309235,-0.59125906229
0.629101574421,-0.00558326393366,1.35415673256,-0.0419422499835,-0.00828854646534,0.804936945438,-0.591818213463
0.629157781601,-0.00579343736172,1.354205966,-0.0420940667391,-0.00857457891107,0.804765105247,-0.592037022114
0.629311740398,-0.00557933934033,1.35356044769,-0.0440218187869,-0.00633922824636,0.804541766644,-0.592228353024
0.62924683094,-0.00568489730358,1.35395205021,-0.0429517924786,-0.00810409709811,0.804602026939,-0.592203557491
0.629254281521,-0.00584119930863,1.35395026207,-0.0430047810078,-0.00838618539274,0.804419636726,-0.592443585396
0.629534482956,-0.00580192171037,1.35392260551,-0.0424854643643,-0.00873171724379,0.805093407631,-0.591560125351
0.629331767559,-0.00599000789225,1.35390293598,-0.0426226966083,-0.00901666004211,0.80463206768,-0.592173397541
0.629349350929,-0.00621286034584,1.35389077663,-0.0426956564188,-0.00935947522521,0.804547071457,-0.592278182507
