x,y,z,q0,q1,q2,q3
0.628393888474,-0.179396033287,1.3964509964,0.0686788484454,-0.0222076270729,0.682583510876,-0.727234423161
0.628663301468,-0.181679293513,1.39621567726,0.0680280402303,-0.022407092154,0.682522416115,-0.727346837521
0.628866910934,-0.184361934662,1.39553892612,0.0689320787787,-0.0217254329473,0.682312786579,-0.727479040623
0.629174113274,-0.186738312244,1.39588725567,0.0682029724121,-0.021796695888,0.682340800762,-0.727519333363
0.629398703575,-0.189046949148,1.39573502541,0.067763723433,-0.0220405310392,0.681949794292,-0.727919459343
0.629541516304,-0.191579267383,1.39560258389,0.0678207352757,-0.0217643901706,0.681684851646,-0.728170633316
0.629317641258,-0.193989470601,1.3952819109,0.0684753358364,-0.0223927758634,0.680710196495,-0.729001700878
0.62988036871,-0.196368217468,1.39493370056,0.0669431164861,-0.0215059183538,0.680124938488,-0.729716598988
0.630146861076,-0.198528110981,1.39531064034,0.0658165514469,-0.0220820307732,0.679555177689,-0.730332314968
0.630331516266,-0.200796559453,1.39527344704,0.064865000546,-0.0225174799562,0.679092645645,-0.730834364891
0.630464732647,-0.203323304653,1.39528083801,0.0667915195227,-0.0208767857403,0.681385338306,-0.728571951389
0.630704045296,-0.205158233643,1.39527595043,0.0629053339362,-0.0231357030571,0.677566945553,-0.732400596142
0.630291283131,-0.207675948739,1.39521551132,0.0641883090138,-0.0238563735038,0.677025079727,-0.732767224312
0.630948007107,-0.209412232041,1.39521944523,0.0611334517598,-0.024089274928,0.676749050617,-0.733275651932
0.630881369114,-0.210927158594,1.39509391785,0.0593414716423,-0.0258187595755,0.674936592579,-0.735032439232
0.631125032902,-0.213340416551,1.39530563354,0.0585531070828,-0.0255168210715,0.675025999546,-0.735024094582
0.631167531013,-0.215344116092,1.39532017708,0.0575077719986,-0.0265618562698,0.674209356308,-0.735818684101
0.631009161472,-0.216744408011,1.39522778988,0.055417638272,-0.0281733684242,0.672240257263,-0.737718224525
0.631081402302,-0.219060584903,1.39540159702,0.0548159666359,-0.0282259788364,0.672021925449,-0.737960040569
0.630959093571,-0.220995247364,1.3954423666,0.0539289042354,-0.0284719392657,0.671056747437,-0.73889362812
0.630778670311,-0.222859829664,1.39549314976,0.0529160387814,-0.029431572184,0.6697447896,-0.740118682384
0.630559384823,-0.224803268909,1.39540064335,0.0524100773036,-0.0304592680186,0.668603539467,-0.741144239902
0.630198776722,-0.226576924324,1.3956142664,0.0519701689482,-0.0316625759006,0.667494893074,-0.742123425007
0.629791498184,-0.22800809145,1.39566230774,0.0506832450628,-0.0341469235718,0.66496270895,-0.744372069836
0.629494428635,-0.230425804853,1.39583468437,0.0514688752592,-0.0333033055067,0.664993226528,-0.744329094887
0.629011929035,-0.231893509626,1.39555573463,0.0508463904262,-0.0346979238093,0.662522315979,-0.746508598328
0.628578364849,-0.234391689301,1.39621210098,0.0522064231336,-0.0347373075783,0.662031471729,-0.746848225594
0.628325581551,-0.236280918121,1.39607000351,0.0522353053093,-0.034104026854,0.660418987274,-0.748301625252
0.627675056458,-0.238186091185,1.39658617973,0.0528402738273,-0.0353826582432,0.658887505531,-0.74954867363
0.627058267593,-0.240113630891,1.39682340622,0.053484197706,-0.0358168072999,0.657153964043,-0.751002907753
0.626534759998,-0.241934970021,1.39714181423,0.0539107769728,-0.0362758412957,0.655553400517,-0.752348065376
0.625957965851,-0.243876218796,1.3971773386,0.0549110099673,-0.0363844968379,0.653909265995,-0.753699958324
0.625408768654,-0.245145142078,1.39691209793,0.0546425171196,-0.037348985672,0.651301980019,-0.755926668644
0.625165581703,-0.247356891632,1.39755356312,0.0548496991396,-0.0365445353091,0.649985015392,-0.757083654404
0.624708175659,-0.249113097787,1.39778220654,0.0550855956972,-0.039857532829,0.646658480167,-0.759743213654
0.624458193779,-0.250814259052,1.39795172215,0.0562414005399,-0.0373748727143,0.647039473057,-0.759460330009
0.623732030392,-0.251870006323,1.39800190926,0.0559410192072,-0.0388562679291,0.644326865673,-0.761711061001
0.623656272888,-0.253851145506,1.39811217785,0.0558004453778,-0.0390444658697,0.642547905445,-0.76321297884
0.623250246048,-0.255322575569,1.39824354649,0.0561913251877,-0.0389877967536,0.641100823879,-0.764403223991
0.622907400131,-0.256607890129,1.39821588993,0.0558717250824,-0.0390993952751,0.639149367809,-0.766053378582
0.622564733028,-0.258007317781,1.39833533764,0.0562873929739,-0.0388735942543,0.638287901878,-0.766752362251
0.622413337231,-0.259259223938,1.39838790894,0.0567178316414,-0.0363942421973,0.638317942619,-0.766817271709
0.621669590473,-0.259883821011,1.39839112759,0.0555396750569,-0.0406019426882,0.634823679924,-0.769588112831
0.621614277363,-0.261452972889,1.39787137508,0.0563771761954,-0.038387671113,0.634521067142,-0.76989030838
0.621364414692,-0.262562066317,1.39760994911,0.0569084174931,-0.0379355512559,0.633416056633,-0.770783007145
0.621106922626,-0.263590693474,1.39807200432,0.0568127818406,-0.0383988618851,0.632705926895,-0.77135014534
0.620663404465,-0.264013409615,1.39793384075,0.0567862503231,-0.0377469547093,0.631356418133,-0.772489130497
0.620628237724,-0.26542288065,1.39794588089,0.0569927506149,-0.0379883088171,0.630465805531,-0.773189306259
0.620480597019,-0.266175687313,1.39786481857,0.0567971207201,-0.0376370735466,0.629317581654,-0.77415561676
0.62023794651,-0.26696228981,1.39780080318,0.0572238452733,-0.0375585332513,0.627692222595,-0.775446593761
0.619806945324,-0.267174303532,1.39769160748,0.0570122227073,-0.0386262722313,0.62567538023,-0.777037978172
0.619672894478,-0.267820596695,1.39763724804,0.0571946725249,-0.0382339544594,0.624567806721,-0.77793443203
0.619530200958,-0.268986642361,1.39759659767,0.058576464653,-0.0373224653304,0.623909831047,-0.778403699398
0.619379222393,-0.269474029541,1.39754772186,0.0590153038502,-0.0368425771594,0.623319506645,-0.778866291046
0.619015991688,-0.269609749317,1.39747321606,0.059168945998,-0.0373727306724,0.621359586716,-0.780393838882
0.618976831436,-0.270730316639,1.39738154411,0.0612931475043,-0.0353524237871,0.621379196644,-0.780308485031
0.618846237659,-0.27104344964,1.39740180969,0.0616990625858,-0.0348504334688,0.620374262333,-0.781098246574
0.618431270123,-0.27095413208,1.39736640453,0.0617701373994,-0.0354161038995,0.61832511425,-0.782690405846
0.618442356586,-0.271266251802,1.39695298672,0.062579780817,-0.0328481607139,0.618214130402,-0.782825648785
0.618384122849,-0.272165447474,1.3968527317,0.0642859712243,-0.0312006715685,0.617958188057,-0.782956898212
0.618191897869,-0.272447556257,1.39723062515,0.0649716332555,-0.0301944743842,0.617131948471,-0.783591210842
0.618141710758,-0.272604197264,1.39699220657,0.0652427896857,-0.0285638365895,0.616266310215,-0.784310817719
0.618154346943,-0.272768855095,1.39734685421,0.0643026009202,-0.0273647960275,0.614725470543,-0.785639166832
0.617933928967,-0.272527784109,1.39737069607,0.0641511827707,-0.0266158282757,0.613422811031,-0.786694824696
0.617956995964,-0.272978901863,1.39745950699,0.0647086203098,-0.0239413585514,0.61305731535,-0.787019908428
0.617932260036,-0.272860586643,1.39750015736,0.0649871379137,-0.0222884640098,0.612389743328,-0.787565112114
0.617945551872,-0.272611439228,1.39758992195,0.064503736794,-0.0201130006462,0.611655056477,-0.788233995438
0.618060052395,-0.272363930941,1.3977240324,0.0640342459083,-0.0176269542426,0.611246287823,-0.788648843765
0.618016719818,-0.272093623877,1.39789927006,0.0636839792132,-0.0155638689175,0.610063314438,-0.789636015892
0.617975473404,-0.271221369505,1.39813137054,0.0621779859066,-0.0144599108025,0.608108401299,-0.791283071041
0.618046402931,-0.270841389894,1.39834797382,0.0620873831213,-0.0117664569989,0.607901215553,-0.791494011879
0.618221700191,-0.270173847675,1.39857518673,0.0611238777637,-0.00993329379708,0.606891810894,-0.792368352413
0.618257761002,-0.270085573196,1.39880919456,0.0619272440672,-0.00614714249969,0.606695652008,-0.792494595051
0.618219673634,-0.269549161196,1.39914095402,0.0621076412499,-0.00376948155463,0.60594856739,-0.793066740036
0.618031084538,-0.268210172653,1.39861226082,0.0613550804555,-0.00244251801632,0.603975474834,-0.794633984566
0.618189513683,-0.268148839474,1.3991549015,0.0626331567764,0.00116163899656,0.604296505451,-0.794293045998
0.617987155914,-0.267536818981,1.39962291718,0.063275180757,0.00291741243564,0.60267752409,-0.795466899872
0.61795604229,-0.266832828522,1.39988565445,0.0643507987261,0.0058817891404,0.602855741978,-0.795229136944
0.617806017399,-0.265529215336,1.40009391308,0.0639910250902,0.00747620733455,0.601580440998,-0.796209931374
0.617676019669,-0.265041619539,1.39972770214,0.065500728786,0.0105314180255,0.600733399391,-0.796691954136
0.617551863194,-0.264236569405,1.3998966217,0.06694958359,0.0128616169095,0.601437389851,-0.796005904675
0.61747187376,-0.263195306063,1.40016126633,0.0678634420037,0.0155549822375,0.601440489292,-0.795878112316
0.617214620113,-0.26169103384,1.40035617352,0.0674096569419,0.0166540648788,0.599174618721,-0.797601640224
0.616992413998,-0.260941833258,1.40094065666,0.0698765069246,0.0197143722326,0.5995683074,-0.797023534775
0.616944134235,-0.259786486626,1.40049564838,0.0710815787315,0.0229350645095,0.599800348282,-0.796656131744
0.616578698158,-0.258771955967,1.40068840981,0.0727338716388,0.0250696521252,0.599463820457,-0.796696007252
0.616398513317,-0.258047252893,1.40085887909,0.0746787786484,0.0285082347691,0.599098443985,-0.796675205231
0.616247534752,-0.256850272417,1.40100848675,0.0758444592357,0.0315339937806,0.599708020687,-0.795992136002
0.615956842899,-0.255699545145,1.40122020245,0.0772773399949,0.0339504703879,0.600586175919,-0.795092344284
0.615612149239,-0.253439366817,1.40114617348,0.07647652179,0.0351959504187,0.599589765072,-0.795867264271
0.615331113338,-0.252178877592,1.4016045332,0.0775562375784,0.0375310443342,0.600732028484,-0.794794023037
0.61527633667,-0.251557081938,1.40176558495,0.0798601210117,0.0430034324527,0.602866113186,-0.792669892311
0.614799141884,-0.249783352017,1.40195417404,0.0796107724309,0.044533342123,0.602220654488,-0.793101012707
0.614481151104,-0.248754501343,1.40182518959,0.0817933082581,0.0482062995434,0.603684604168,-0.791549623013
0.613944351673,-0.24684804678,1.40202438831,0.0815723463893,0.0496649518609,0.604111850262,-0.791156291962
0.613745510578,-0.245509445667,1.40258085728,0.0825501456857,0.0537771135569,0.606408238411,-0.789026379585
0.613489449024,-0.244178891182,1.40289437771,0.0827990844846,0.0571588128805,0.607408344746,-0.787992537022
0.613146722317,-0.242403417826,1.40298259258,0.082815811038,0.0600010976195,0.607926428318,-0.787379801273
0.612778902054,-0.241106569767,1.40342140198,0.0829867199063,0.0636035874486,0.609915196896,-0.785538911819
0.612484335899,-0.239554613829,1.40362536907,0.0827313736081,0.0671432241797,0.611330747604,-0.78416967392
0.612204492092,-0.238079607487,1.40392768383,0.0822577401996,0.0711758881807,0.612854361534,-0.782673120499
0.611651480198,-0.236089736223,1.40405440331,0.081571392715,0.0745505690575,0.614877521992,-0.780841827393
0.611461639404,-0.234898671508,1.40407383442,0.0812873542309,0.077759578824,0.616008400917,-0.779666304588
0.611123859882,-0.232918098569,1.40425205231,0.0791987478733,0.0807690024376,0.617100298405,-0.778711259365
0.610738277435,-0.231520310044,1.40462529659,0.0792603343725,0.0846119374037,0.618948936462,-0.776827454567
0.610428392887,-0.230186745524,1.40453851223,0.0783308148384,0.0913154408336,0.622471511364,-0.77334022522
0.610133707523,-0.228248044848,1.40449893475,0.0753511562943,0.0917661711574,0.621818423271,-0.774107992649
0.609437286854,-0.226568296552,1.40468406677,0.0743536353111,0.096691146493,0.625517547131,-0.770616829395
0.609265744686,-0.225398123264,1.40474510193,0.0731164142489,0.100077547133,0.628061652184,-0.768229722977
0.608995676041,-0.223093375564,1.40489280224,0.0685518607497,0.100142091513,0.626902759075,-0.769587695599
0.608384728432,-0.221776679158,1.40486383438,0.0695196390152,0.106984704733,0.634014308453,-0.762723445892
0.608130455017,-0.221018984914,1.40529060364,0.0688816681504,0.111615724862,0.636257231236,-0.760245978832
0.607702374458,-0.219139516354,1.40512084961,0.0638042911887,0.109447412193,0.63223940134,-0.764345228672
0.607583761215,-0.216772511601,1.40517497063,0.0593945942819,0.111101098359,0.633257448673,-0.763618886471
0.606855750084,-0.215026423335,1.40503013134,0.0570789501071,0.11194178462,0.634114980698,-0.762960791588
0.60665178299,-0.214132145047,1.405123353,0.0555981397629,0.115625061095,0.636522650719,-0.760512053967
0.606424033642,-0.212409585714,1.40513336658,0.0528112985194,0.117466524243,0.637681424618,-0.759457051754
0.60563325882,-0.210528597236,1.4047935009,0.0508084408939,0.117503777146,0.637719511986,-0.75955593586
0.605567336082,-0.209316894412,1.40486240387,0.0484383329749,0.119649283588,0.639969885349,-0.75748026371
0.605038046837,-0.20767454803,1.40470051765,0.046604771167,0.120216220617,0.640591084957,-0.75698029995
0.604711174965,-0.206121757627,1.40460860729,0.0446793735027,0.121212475002,0.641767680645,-0.755940198898
0.604074776173,-0.203976035118,1.40442824364,0.0426030494273,0.121798038483,0.642838001251,-0.755056083202
0.603765010834,-0.202836081386,1.40443646908,0.0411555841565,0.121685005724,0.643162786961,-0.754877865314
0.60329169035,-0.201427549124,1.40416431427,0.0405327118933,0.12197573483,0.643912255764,-0.754225432873
0.602933228016,-0.199842214584,1.40403079987,0.0394913740456,0.122203014791,0.644643306732,-0.753619253635
0.602504134178,-0.198307648301,1.40382838249,0.0383755490184,0.122126176953,0.645299136639,-0.753127872944
0.602154254913,-0.196841612458,1.40369570255,0.0379413217306,0.123772650957,0.64760518074,-0.750898301601
0.601376235485,-0.195060282946,1.40316009521,0.039432130754,0.122131258249,0.64933514595,-0.749595105648
0.601235866547,-0.193790897727,1.4030122757,0.0366554185748,0.121649570763,0.647419571877,-0.751469016075
0.600933134556,-0.192533701658,1.40327501297,0.0381407365203,0.123747877777,0.652534604073,-0.746612548828
0.600608170033,-0.190953984857,1.40320336819,0.0373678021133,0.123650297523,0.652496159077,-0.746701478958
0.600214183331,-0.189457386732,1.40303850174,0.0368415266275,0.123099647462,0.653194248676,-0.746208071709
0.599681794643,-0.187351986766,1.40287292004,0.0358297377825,0.12171254307,0.653299033642,-0.746393144131
0.599589109421,-0.186301082373,1.40273499489,0.0364894717932,0.121688224375,0.654659509659,-0.745172142982
0.59932410717,-0.184694349766,1.40275120735,0.035967823118,0.120912767947,0.654676914215,-0.7453083992
0.598923504353,-0.183222100139,1.40263557434,0.0365650691092,0.123285263777,0.658410787582,-0.741592288017
0.598253250122,-0.181232944131,1.40254294872,0.0355755873024,0.119602784514,0.657917916775,-0.74268001318
0.598057806492,-0.179790571332,1.40247523785,0.0358650237322,0.120906725526,0.660712122917,-0.739969491959
0.597886383533,-0.178646206856,1.40253329277,0.036279514432,0.120019860566,0.660760939121,-0.740050137043
0.59755718708,-0.176526859403,1.40255188942,0.0342028476298,0.120717667043,0.662900447845,-0.738119542599
0.597481250763,-0.175532504916,1.40251123905,0.0345878638327,0.122425086796,0.66546523571,-0.735507845879
0.597126603127,-0.173668056726,1.40249800682,0.0352897644043,0.121729023755,0.667154252529,-0.734058499336
0.597102105618,-0.172004580498,1.40251553059,0.0347617343068,0.122246816754,0.668747663498,-0.732546269894
0.59706056118,-0.170224115252,1.40254938602,0.0337436012924,0.121382690966,0.669515073299,-0.732036292553
0.596843004227,-0.168494030833,1.40259671211,0.0320759862661,0.123616680503,0.671297490597,-0.730102598667
0.596874415874,-0.166739672422,1.40259075165,0.0313374884427,0.124779611826,0.672305464745,-0.729008555412
0.596608459949,-0.164949804544,1.4024605751,0.0315538756549,0.12490618974,0.673411309719,-0.727956056595
0.596615970135,-0.163245037198,1.40254342556,0.031504124403,0.125753715634,0.673613250256,-0.72762542963
0.596648097038,-0.161169707775,1.402561903,0.0304694864899,0.124332606792,0.672596752644,-0.728853106499
0.596329152584,-0.159758985043,1.40254664421,0.0336410291493,0.126635059714,0.676697850227,-0.724508106709
0.596330940723,-0.158030599356,1.40255379677,0.0336253978312,0.126040279865,0.674042463303,-0.727083206177
0.596024751663,-0.156174793839,1.40262794495,0.0356371663511,0.128430634737,0.678613364697,-0.722301542759
0.596048891544,-0.154201701283,1.40259730816,0.0363353379071,0.126743748784,0.677009224892,-0.724067986012
0.595554292202,-0.152439445257,1.4026081562,0.0389199368656,0.127445608377,0.67903470993,-0.721910536289
0.595335781574,-0.15087993443,1.40261459351,0.0417114570737,0.127121016383,0.680422365665,-0.720503866673
0.594939529896,-0.148771852255,1.40280973911,0.0443998500705,0.129392191768,0.681518256664,-0.718901336193
0.594743430614,-0.147001489997,1.40290498734,0.0470884591341,0.127083063126,0.68399065733,-0.716791033745
0.593713760376,-0.145417302847,1.40286397934,0.052872531116,0.127116158605,0.684071958065,-0.716304183006
0.594115436077,-0.143301531672,1.40305733681,0.0545994006097,0.128356590867,0.687213420868,-0.71293848753
0.593811392784,-0.141327828169,1.4032087326,0.0573710650206,0.126283079386,0.688645422459,-0.711708426476
0.593597352505,-0.139157652855,1.403429389,0.0613353103399,0.125162556767,0.691388487816,-0.708910763264
0.593467950821,-0.136996090412,1.40363574028,0.0626506432891,0.123807191849,0.693054616451,-0.707405269146
0.593466937542,-0.134795501828,1.40391778946,0.0650999397039,0.122244223952,0.695135951042,-0.705410778522
0.593419790268,-0.132632985711,1.40421521664,0.0679816007614,0.121856927872,0.6978495121,-0.702520787716
0.593406736851,-0.130272716284,1.40430939198,0.0697666332126,0.118794634938,0.70051163435,-0.700217068195
0.593124985695,-0.127803459764,1.40483880043,0.0718412846327,0.118091985583,0.702820837498,-0.697808146477
0.593662798405,-0.125518143177,1.40495824814,0.0732105150819,0.117163583636,0.70417368412,-0.696457028389
0.593673825264,-0.123086668551,1.40541052818,0.0753053426743,0.115932539105,0.705891191959,-0.694698870182
0.594121754169,-0.120667390525,1.4052438736,0.0761069878936,0.115216314793,0.707275867462,-0.693320870399
0.594464361668,-0.11819203943,1.4053914547,0.0774179250002,0.111947156489,0.709337115288,-0.691603302956
0.594699859619,-0.115919724107,1.40613412857,0.0779906287789,0.112350486219,0.710932314396,-0.689833581448
0.595069825649,-0.113407082856,1.40623784065,0.0784163624048,0.111531347036,0.711813032627,-0.68900936842
0.595402598381,-0.110757097602,1.40592503548,0.0790266171098,0.11289729923,0.712253391743,-0.688261687756
0.595931589603,-0.108439072967,1.40597033501,0.079051181674,0.111560054123,0.714182078838,-0.686475992203
0.595762908459,-0.105957046151,1.40563690662,0.0808417648077,0.110204301775,0.714940726757,-0.685696303844
0.596692025661,-0.103713773191,1.40573763847,0.0798977017403,0.113470964134,0.715754628181,-0.684423923492
0.597046196461,-0.100969597697,1.40568971634,0.0791038200259,0.108226537704,0.71729195118,-0.683755636215
0.597134053707,-0.0988062769175,1.40556943417,0.0802505612373,0.11064516753,0.718984901905,-0.681453049183
0.597513496876,-0.0966872274876,1.40554368496,0.0803173780441,0.11277038604,0.719183981419,-0.680886626244
0.597788691521,-0.0943439677358,1.4052875042,0.0808164924383,0.112264148891,0.720267772675,-0.679764509201
0.598132550716,-0.0921465680003,1.40516114235,0.0808018520474,0.11079929024,0.722287535667,-0.677860796452
0.598050773144,-0.0897911712527,1.40475177765,0.0813711509109,0.108789093792,0.723162055016,-0.677185773849
0.597894668579,-0.0875575989485,1.40461909771,0.0824242457747,0.109387218952,0.725132465363,-0.674850940704
0.598046898842,-0.0854358077049,1.40457606316,0.0828136876225,0.108809307218,0.726264178753,-0.673678517342
0.598292350769,-0.0833479687572,1.40472328663,0.0835773870349,0.108328536153,0.727622509003,-0.672194480896
0.598289430141,-0.0810679942369,1.40446352959,0.0832372829318,0.108012460172,0.727723538876,-0.672178089619
0.59833496809,-0.079203531146,1.40444970131,0.0844268500805,0.106250248849,0.730280458927,-0.669532358646
0.598513960838,-0.0771234333515,1.4045933485,0.0857860073447,0.105200849473,0.731850385666,-0.667808949947
0.598653793335,-0.0749621763825,1.40439033508,0.0847919136286,0.103563256562,0.732373833656,-0.667617917061
0.598630070686,-0.0730735436082,1.4044573307,0.0850094258785,0.104054279625,0.734391689301,-0.665293157101
0.598602294922,-0.0710221007466,1.40451622009,0.0857903584838,0.104640707374,0.735250234604,-0.664151787758
0.598817229271,-0.0687907189131,1.4045265913,0.0887778624892,0.100735582411,0.737507879734,-0.661855638027
0.599212884903,-0.0668310746551,1.40476179123,0.0881949961185,0.0999590903521,0.738884150982,-0.660515010357
0.59916049242,-0.0649541467428,1.40462625027,0.0874043554068,0.0988534763455,0.7399122715,-0.659635126591
0.599393665791,-0.063019067049,1.4047870636,0.086058087647,0.0976526513696,0.74022090435,-0.659644544125
0.599633932114,-0.0608283877373,1.40490734577,0.0845073089004,0.0964843407273,0.741172492504,-0.658948242664
0.600296318531,-0.0592774562538,1.40515303612,0.0831448435783,0.0964883193374,0.74226218462,-0.65789359808
0.600437879562,-0.0570585988462,1.40479969978,0.0805321261287,0.0942075103521,0.742855131626,-0.657879710197
0.600881397724,-0.0551792941988,1.40507793427,0.0773382857442,0.0948437452316,0.74270606041,-0.658339858055
0.601298093796,-0.053153000772,1.40498316288,0.0739140585065,0.0943619981408,0.742607295513,-0.658913373947
0.601582348347,-0.0515807159245,1.40492367744,0.0757381170988,0.0985456034541,0.744475901127,-0.655978798866
0.601611614227,-0.0497023761272,1.40491509438,0.073574014008,0.0981000214815,0.745021343231,-0.655672490597
0.601968467236,-0.047751288861,1.40479433537,0.0711239427328,0.0973960161209,0.744323015213,-0.656839966774
0.602441370487,-0.0458517447114,1.40470957756,0.0680054575205,0.0966930612922,0.742835819721,-0.658954143524
0.603663504124,-0.0439901538193,1.40485608578,0.0642134621739,0.0962389856577,0.741602241993,-0.66078799963
0.604194641113,-0.0423027947545,1.40438866615,0.061766397208,0.0959235355258,0.740240871906,-0.662591218948
0.604799687862,-0.0401804074645,1.40431153774,0.0525014735758,0.0963745936751,0.734534084797,-0.669638216496
0.604951858521,-0.0387311838567,1.40413713455,0.054502312094,0.0967451632023,0.736318469048,-0.667461693287
0.605614066124,-0.0371107012033,1.40371525288,0.0485482476652,0.0995309278369,0.734067082405,-0.669986724854
0.606254577637,-0.0351117327809,1.40366530418,0.0439179167151,0.0972654670477,0.729291021824,-0.675829470158
0.606702387333,-0.0335170254111,1.40316319466,0.0413896888494,0.0968329906464,0.727463543415,-0.67801707983
0.60713994503,-0.0321436077356,1.40345859528,0.0394756831229,0.0984788537025,0.725404858589,-0.680096685886
0.607291519642,-0.0305715799332,1.40277647972,0.0375174246728,0.0981768518686,0.724345326424,-0.681379139423
0.608049809933,-0.0293760746717,1.40283787251,0.0352759733796,0.100368097425,0.722141742706,-0.683515369892
0.608000993729,-0.027560967952,1.4021821022,0.0331102013588,0.0988449975848,0.720974087715,-0.685076475143
0.608699142933,-0.0266282036901,1.40245234966,0.0321065075696,0.100738838315,0.719101727009,-0.686814188957
0.609151542187,-0.0254520811141,1.40225982666,0.0308311227709,0.10163307935,0.717692494392,-0.688213407993
0.609270811081,-0.0240378323942,1.40199875832,0.0296402294189,0.100429773331,0.715720593929,-0.690492153168
0.609808087349,-0.0230300165713,1.40218126774,0.02873085998,0.101631321013,0.715912759304,-0.690155386925
0.60979360342,-0.0216364022344,1.401907444,0.0276993140578,0.100436016917,0.713835775852,-0.692519843578
0.610318481922,-0.0207770429552,1.40198993683,0.0267121624202,0.101881831884,0.71311378479,-0.693091034889
0.61040699482,-0.0198280848563,1.40182900429,0.02659214288,0.103680275381,0.713280558586,-0.69265717268
0.610944271088,-0.0188115388155,1.40152561665,0.0275647100061,0.09848074615,0.712166845798,-0.694521427155
0.611074924469,-0.0180110670626,1.40195453167,0.0261924769729,0.102557465434,0.710569918156,-0.695619523525
0.611288189888,-0.0172295048833,1.40175116062,0.0259329434484,0.102793991566,0.709947884083,-0.696229040623
0.61156052351,-0.0162871107459,1.40162980556,0.0272169820964,0.0989171415567,0.710007369518,-0.69668084383
0.611671805382,-0.0153536116704,1.40151488781,0.0271227564663,0.0982756391168,0.708946824074,-0.697854280472
0.612151622772,-0.0149081302807,1.40161156654,0.025645038113,0.10294726491,0.708038568497,-0.698158800602
0.612163543701,-0.0144226914272,1.40146541595,0.0260837171227,0.103049188852,0.708815455437,-0.69733864069
0.612440168858,-0.0133936479688,1.40141499043,0.0256332270801,0.102007456124,0.706359982491,-0.699995040894
0.61265027523,-0.0129224769771,1.40136623383,0.0258000381291,0.102281242609,0.705590546131,-0.700724601746
0.612904906273,-0.0122704543173,1.40143692493,0.025657363236,0.102026432753,0.704720437527,-0.701642036438
0.613035857677,-0.0117601705715,1.40118896961,0.0262166857719,0.101482205093,0.703986048698,-0.702437102795
0.613176107407,-0.0111472159624,1.40101850033,0.026361271739,0.10088724643,0.702952980995,-0.703550994396
0.61346322298,-0.0107231475413,1.40103840828,0.0284776408225,0.0977379307151,0.702823162079,-0.704042673111
0.613601028919,-0.010447432287,1.40074431896,0.0290933065116,0.097197137773,0.702282607555,-0.704631567001
0.613890349865,-0.0100767305121,1.40067517757,0.0294799469411,0.0967008471489,0.701184034348,-0.705776751041
0.614033222198,-0.00958022475243,1.40065574646,0.0296547822654,0.0957013964653,0.700270354748,-0.70681220293
0.61411690712,-0.0094277812168,1.40034580231,0.0304523967206,0.0950935781002,0.699078857899,-0.708038568497
0.614245176315,-0.00916263274848,1.4002147913,0.029272230342,0.0978007018566,0.697525441647,-0.709250688553
0.614562094212,-0.00910931732506,1.4002597332,0.029412643984,0.0978297069669,0.696521997452,-0.710226356983
0.615008950233,-0.009063096717,1.40033102036,0.0307459831238,0.0945710018277,0.69573444128,-0.71138215065
0.615174651146,-0.00882465112954,1.40019738674,0.0287506394088,0.0975083485246,0.693968892097,-0.712792336941
0.615441739559,-0.00879086740315,1.4001224041,0.0288070160896,0.0971349477768,0.69237524271,-0.714388847351
0.615561902523,-0.00884873792529,1.40005505085,0.0292700286955,0.0966634526849,0.690202355385,-0.716533482075
0.61594581604,-0.00890733115375,1.39989352226,0.0300012677908,0.0930574312806,0.689723849297,-0.717440843582
0.616252839565,-0.00920287612826,1.39991164207,0.0299697257578,0.0934517532587,0.687974214554,-0.71906888485
0.616440713406,-0.00899309851229,1.39980900288,0.0290673226118,0.0923453122377,0.686010718346,-0.721121788025
0.616800427437,-0.00937077961862,1.40023887157,0.0272829402238,0.0965266153216,0.683396220207,-0.723123669624
0.617187023163,-0.010090040043,1.4003739357,0.0271846204996,0.0972171500325,0.682078540325,-0.72427803278
0.617583870888,-0.00997596792877,1.40053606033,0.0253990460187,0.0972242951393,0.679450690746,-0.72680747509
0.617945432663,-0.0110337836668,1.40017485619,0.0259532928467,0.0984255000949,0.67790210247,-0.728071212769
0.618407785892,-0.011464016512,1.40055954456,0.0250807963312,0.0987680256367,0.67559492588,-0.730196833611
0.61891913414,-0.0119234630838,1.40075612068,0.0236084070057,0.0980717167258,0.674207866192,-0.731620311737
0.61942845583,-0.0123553788289,1.40087556839,0.0222749821842,0.0983030125499,0.671674847603,-0.733957350254
0.620157361031,-0.0129898320884,1.4009706974,0.0207111798227,0.101386480033,0.668203115463,-0.736747264862
0.620833873749,-0.0137415574864,1.40063011646,0.0197497736663,0.101965405047,0.665668070316,-0.738985180855
0.621458113194,-0.0143515858799,1.40072894096,0.0179332271218,0.101881355047,0.662712872028,-0.74169421196
0.622191846371,-0.0149488784373,1.40079939365,0.0160902775824,0.103124015033,0.66094070673,-0.743144631386
0.622759819031,-0.0158971250057,1.40094447136,0.0142052425072,0.103900685906,0.659013271332,-0.74478495121
0.623700141907,-0.0166829265654,1.40096855164,0.0142146609724,0.101496636868,0.655183315277,-0.748485922813
0.624337732792,-0.0177960265428,1.40099298954,0.0132842641324,0.102648094296,0.652563810349,-0.750631392002
0.624557673931,-0.0188863482326,1.4012004137,0.0115320682526,0.106830120087,0.65108782053,-0.75135821104
0.625351071358,-0.0197745654732,1.40116095543,0.0109276417643,0.103074207902,0.647699713707,-0.754812240601
0.625905454159,-0.0207486376166,1.4012093544,0.00808432046324,0.107898443937,0.645486712456,-0.756068468094
0.627125859261,-0.0218700990081,1.40046727657,0.0083731347695,0.104690223932,0.643611609936,-0.758112251759
0.627690732479,-0.0230137761682,1.40050637722,0.00696410890669,0.104385793209,0.639685034752,-0.761484205723
0.62809920311,-0.0243070535362,1.40034580231,0.00503246532753,0.107898600399,0.637103676796,-0.763171970844
0.628713309765,-0.0245807394385,1.40039587021,0.00235271872953,0.106168374419,0.633142113686,-0.766716182232
0.629580438137,-0.0268286056817,1.40031337738,0.00461638066918,0.104495123029,0.633658826351,-0.766508877277
0.629729866982,-0.0274308696389,1.40004301071,0.00150936527643,0.105420537293,0.628709733486,-0.770459771156
0.630488693714,-0.0290969759226,1.40006971359,0.000390644039726,0.106028161943,0.627374112606,-0.771465837955
0.63108754158,-0.0308564603329,1.39994430542,0.00183759164065,0.104014933109,0.625267982483,-0.773445188999
0.631485104561,-0.031585175544,1.39991140366,0.000167096324731,0.0993755012751,0.622150361538,-0.776565134525
0.632170498371,-0.0335632860661,1.39986562729,-0.00136053550523,0.102900698781,0.620983242989,-0.777038872242
0.632826328278,-0.0350588038564,1.39979171753,-0.00253833318129,0.102113939822,0.618681192398,-0.778973698616
0.633414745331,-0.0366374850273,1.39977645874,-0.00330427335575,0.101067356765,0.616904854774,-0.780514538288
0.633885383606,-0.0383078604937,1.39980435371,-0.00353200058453,0.099259480834,0.615081608295,-0.782182693481
0.634342312813,-0.039586506784,1.39987778664,-0.00529945176095,0.0971634909511,0.613001763821,-0.784066319466
0.634679615498,-0.0408782102168,1.39964437485,-0.00596273178235,0.0947037935257,0.610631525517,-0.786209106445
0.635289907455,-0.0426064990461,1.39962410927,-0.00654172478244,0.0934389978647,0.609300494194,-0.787387609482
0.636010289192,-0.0448862463236,1.39962852001,-0.00634451815858,0.092135079205,0.608749449253,-0.787969052792
0.636701822281,-0.0469146668911,1.39960241318,-0.0121907778084,0.0916151478887,0.606630980968,-0.789592921734
0.637194335461,-0.0486796870828,1.39951992035,-0.0120792770758,0.09081338346,0.605678498745,-0.790417909622
0.637495040894,-0.050044875592,1.39944887161,-0.0122120110318,0.0864180624485,0.604575753212,-0.791751861572
0.638269066811,-0.0520108602941,1.39941632748,-0.0128793567419,0.0854352936149,0.603034496307,-0.793022274971
0.638756871223,-0.0540677271783,1.39938044548,-0.00870558060706,0.083003886044,0.602931201458,-0.793415725231
0.639500677586,-0.0560846328735,1.39931643009,-0.00685318186879,0.0778668895364,0.602210462093,-0.794501304626
0.639692366123,-0.0578083097935,1.39921355247,-0.0120962588117,0.0787497833371,0.60018414259,-0.795883893967
0.640470921993,-0.0604490786791,1.39914703369,-0.00947383139282,0.0764074698091,0.600839495659,-0.795653223991
0.64063668251,-0.0616729035974,1.39903926849,-0.0068463399075,0.0726865679026,0.599345982075,-0.797153770924
0.64130204916,-0.0642707198858,1.39858138561,-0.0050757532008,0.0731378346682,0.600309252739,-0.796400606632
0.641920208931,-0.0664840042591,1.39840292931,-0.00774191366509,0.0715876817703,0.599436581135,-0.79717695713
0.642386555672,-0.0691832974553,1.39838933945,-0.00188621261623,0.0693734511733,0.600434064865,-0.796657204628
0.642766952515,-0.0706911236048,1.39829182625,-0.00261220592074,0.0667091086507,0.599092721939,-0.797891557217
0.64349937439,-0.0735227316618,1.39824712276,-0.00427978718653,0.0662713721395,0.600555479527,-0.79682046175
0.644025743008,-0.0758268684149,1.39815235138,-0.00156419363339,0.0592417865992,0.60055565834,-0.797383785248
0.644610822201,-0.0779356136918,1.39813387394,-0.00193584279623,0.0618757307529,0.600455164909,-0.797258555889
0.645152926445,-0.0801957324147,1.39807200432,-0.000893699878361,0.0613491460681,0.600347936153,-0.797381877899
0.645722925663,-0.0825106427073,1.39797210693,5.57954153919e-05,0.0593588575721,0.600704729557,-0.797264277935
0.646254718304,-0.0847081914544,1.39782500267,0.000787401397247,0.0571399442852,0.601868748665,-0.796547830105
0.646737754345,-0.0865714550018,1.39781153202,0.00185171538033,0.0540680587292,0.601510643959,-0.797030866146
0.647408306599,-0.0894335731864,1.39782953262,0.00218438031152,0.0540821738541,0.603403151035,-0.79559725523
0.648022651672,-0.0920336544514,1.39770841599,0.00609907787293,0.0544215962291,0.60814255476,-0.791936695576
0.648257315159,-0.0937329605222,1.3975045681,0.00485367281362,0.0518494546413,0.608221232891,-0.792057454586
0.648936510086,-0.0967643558979,1.3973852396,0.00756982760504,0.0500555559993,0.610983490944,-0.790022969246
0.649421393871,-0.0991057381034,1.39732384682,0.00837355386466,0.0473067648709,0.612424910069,-0.789067625999
0.649818599224,-0.101382620633,1.39716696739,0.00617270963266,0.0429420173168,0.610258996487,-0.791013121605
0.650440037251,-0.103927344084,1.39702999592,0.00985132157803,0.043505102396,0.616447210312,-0.786131799221
0.650784015656,-0.106353826821,1.39683973789,0.00969092268497,0.0409869141877,0.61820012331,-0.784891545773
0.650858819485,-0.108189299703,1.39669799805,0.00994700193405,0.0385876409709,0.620204389095,-0.783427536488
0.651643455029,-0.111175894737,1.39667272568,0.0123081123456,0.0360743068159,0.623514950275,-0.780881762505
0.6519292593,-0.113318018615,1.39651274681,0.0096275433898,0.0336569286883,0.622813880444,-0.78158646822
0.652267932892,-0.116002596915,1.39636933804,0.0141325760633,0.0317383632064,0.628152251244,-0.77731436491
0.652812182903,-0.118514999747,1.39625883102,0.0148723442107,0.02937778458,0.630698502064,-0.775328993797
0.653212726116,-0.12065667659,1.39623951912,0.0125570353121,0.0261310432106,0.630433082581,-0.775702059269
0.653595507145,-0.123123124242,1.39618372917,0.013374007307,0.0234914105386,0.631996810436,-0.774499356747
0.654021859169,-0.125672653317,1.39610266685,0.0151130510494,0.0240403562784,0.637378394604,-0.770027577877
0.654357016087,-0.127303794026,1.39594662189,0.017825556919,0.0154177621007,0.634349405766,-0.772687077522
0.655029416084,-0.130589112639,1.39595687389,0.0210732370615,0.0173944775015,0.639871358871,-0.767996072769
0.655191481113,-0.132161080837,1.3957901001,0.0128296986222,0.015083367005,0.638570904732,-0.769308269024
0.655706822872,-0.135151877999,1.39569985867,0.0157455094159,0.0168830547482,0.643659174442,-0.764964044094
0.656270027161,-0.137809589505,1.39553642273,0.0147367408499,0.0130012072623,0.642655193806,-0.7659034729
0.656554639339,-0.139894604683,1.39533090591,0.015037513338,0.0114888213575,0.643529355526,-0.765187442303
0.65706461668,-0.14299030602,1.39518392086,0.0178517047316,0.0127055291086,0.647508621216,-0.761743068695
0.657574415207,-0.144845366478,1.39537060261,0.0152120897546,0.00901201646775,0.645773470402,-0.763324260712
0.658069849014,-0.147347062826,1.39530050755,0.015506664291,0.00788220949471,0.646749198437,-0.762504339218
0.658210873604,-0.15047313273,1.39456140995,0.0182382073253,0.00759533233941,0.648416936398,-0.761028945446
0.658490538597,-0.152674347162,1.39478337765,0.0179181341082,0.00555342715234,0.648530006409,-0.760957956314
0.658924818039,-0.155317142606,1.39456725121,0.0189297366887,0.00399062177166,0.649123489857,-0.760437011719
0.659168243408,-0.157827749848,1.39445507526,0.0199575610459,0.00332445208915,0.650492370129,-0.759243190289
0.659424126148,-0.160679876804,1.39416372776,0.0215346571058,0.00326636200771,0.651700556278,-0.758163511753
0.659712195396,-0.162776231766,1.39384114742,0.0215156264603,0.00166497402824,0.652283549309,-0.757667899132
0.659869372845,-0.165465369821,1.39390254021,0.0226128976792,0.000509334495291,0.653309524059,-0.756753027439
0.659914791584,-0.167731761932,1.39368271828,0.0234659649432,-0.000829866039567,0.654031991959,-0.756102383137
0.659560620785,-0.170253768563,1.39333832264,0.0255806781352,-0.00253754178993,0.654658734798,-0.755487501621
0.660296559334,-0.173611745238,1.39322209358,0.0271443240345,-0.000367893633666,0.657042980194,-0.753364145756
0.660348951817,-0.175287500024,1.39335441589,0.0262687169015,-0.00281259207986,0.657851040363,-0.752684533596
0.660005807877,-0.177669405937,1.39265978336,0.0282109025866,-0.00424578925595,0.658453524113,-0.752080500126
0.659921646118,-0.180152654648,1.39275217056,0.0291894748807,-0.00510372919962,0.659464120865,-0.75115185976
0.660411894321,-0.182393804193,1.39325618744,0.0281743891537,-0.00524457450956,0.661190092564,-0.749670982361
0.660357534885,-0.185040086508,1.39324355125,0.0295631922781,-0.00527677405626,0.66291642189,-0.748090922832
0.660432219505,-0.187273904681,1.39321172237,0.0294655822217,-0.00611316226423,0.664011597633,-0.747116446495
0.660187363625,-0.189145520329,1.39324605465,0.0295779518783,-0.00724386936054,0.664071440697,-0.747048854828
0.660179018974,-0.191093698144,1.39281070232,0.0292792841792,-0.00827149581164,0.664756476879,-0.7464402318
0.659998893738,-0.193840026855,1.39319550991,0.0307253375649,-0.00812773965299,0.666962683201,-0.744413077831
0.659833669662,-0.195801496506,1.39322340488,0.0325655713677,-0.00775749981403,0.670684218407,-0.740987122059
0.659689486027,-0.197636380792,1.39281606674,0.032320279628,-0.00834209471941,0.671256542206,-0.740473091602
0.659462034702,-0.199826836586,1.39324212074,0.0325958952308,-0.00861628353596,0.672887682915,-0.738975942135
0.659404158592,-0.201782643795,1.3931851387,0.0319622904062,-0.00928587373346,0.67357724905,-0.738367140293
0.658803224564,-0.2043402493,1.39306032658,0.0339482352138,-0.00897957291454,0.67516887188,-0.736826896667
0.658822774887,-0.20608240366,1.3931760788,0.0330895632505,-0.010037981905,0.676106572151,-0.735992014408
0.658606767654,-0.207935035229,1.39272248745,0.0325022675097,-0.00938015989959,0.677071511745,-0.73513931036
0.658420145512,-0.209767520428,1.39307618141,0.0316880308092,-0.00958881340921,0.677896559238,-0.734411418438
0.658049464226,-0.211546421051,1.39298522472,0.0300843194127,-0.0112726083025,0.677349090576,-0.734959900379
0.657843410969,-0.21307528019,1.39250349998,0.0285839457065,-0.0109380688518,0.677820622921,-0.734590053558
0.65756046772,-0.214660972357,1.39282226562,0.027341062203,-0.0112585630268,0.678627490997,-0.733887195587
0.657509982586,-0.216316118836,1.39221286774,0.026337262243,-0.00979174673557,0.679220736027,-0.73339599371
0.657304883003,-0.217759311199,1.39267361164,0.0240982007235,-0.01022124663,0.68017989397,-0.732577681541
0.656987428665,-0.219295278192,1.39253473282,0.0232945717871,-0.0096500357613,0.681280195713,-0.731588363647
0.65665781498,-0.220677807927,1.39242935181,0.0216006990522,-0.00939521938562,0.682152748108,-0.730830192566
0.656203567982,-0.222129553556,1.39244425297,0.0202844701707,-0.0098322769627,0.682827174664,-0.73023223877
0.65602183342,-0.223321676254,1.39239180088,0.0187402646989,-0.00878367293626,0.683821856976,-0.729355454445
0.655492663383,-0.224582761526,1.39227890968,0.0176062062383,-0.00880593806505,0.684722602367,-0.728537917137
0.652369976044,-0.224943429232,1.3922110796,0.019520085305,-0.0184744931757,0.687843739986,-0.725361049175
0.65190577507,-0.225849956274,1.39221584797,0.024355340749,-0.0201105736196,0.688909113407,-0.724159300327
0.653012037277,-0.227627813816,1.39282798767,0.0216822177172,-0.0153864445165,0.688199400902,-0.725034356117
0.653766572475,-0.228833764791,1.3919608593,0.0192260742188,-0.0115657011047,0.687707304955,-0.72564125061
0.651718437672,-0.229073345661,1.3926833868,0.0195898115635,-0.0178042761981,0.68842279911,-0.724826395512
0.652517735958,-0.230826333165,1.39175152779,0.0188095681369,-0.0125925075263,0.688922941685,-0.724481165409
0.648109197617,-0.233674108982,1.38443410397,0.0348568856716,-0.0141248591244,0.689117133617,-0.723673343658
0.651372969151,-0.232565119863,1.3917787075,0.0183035563678,-0.0134194940329,0.689560115337,-0.723872900009
0.64700627327,-0.234845682979,1.38445627689,0.0344319678843,-0.0152182094753,0.68915450573,-0.723635792732
0.650163352489,-0.233884304762,1.39164125919,0.0197061188519,-0.0141757614911,0.690933585167,-0.722510576248
0.645917952061,-0.236168339849,1.38460898399,0.0354244150221,-0.017228435725,0.689086139202,-0.723608016968
0.649060726166,-0.235221236944,1.39174199104,0.021033551544,-0.0158423557878,0.691270530224,-0.722116231918
0.648265063763,-0.235191613436,1.39178442955,0.0215437114239,-0.0165393389761,0.691162765026,-0.722188711166
0.647724092007,-0.235631033778,1.39185488224,0.0227324906737,-0.0175599977374,0.69155395031,-0.721753537655
0.647289395332,-0.236507430673,1.39197909832,0.0247042868286,-0.0163666624576,0.692914783955,-0.720410227776
0.646748900414,-0.236777245998,1.3920340538,0.0259763393551,-0.0175599977374,0.692885875702,-0.720365226269
0.646417021751,-0.237084060907,1.39212596416,0.0272387135774,-0.017509771511,0.693284809589,-0.719935894012
0.646030724049,-0.237143844366,1.39224362373,0.0284938719124,-0.0174221564084,0.693857371807,-0.719337642193
0.645540058613,-0.236659824848,1.39229393005,0.0289792343974,-0.0189364869148,0.693179309368,-0.719933390617
0.64533084631,-0.236666470766,1.39241182804,0.0302280876786,-0.019456172362,0.693183839321,-0.719863831997
0.645311534405,-0.236977994442,1.39255285263,0.032146550715,-0.0190638508648,0.694364547729,-0.718652248383
0.645051956177,-0.236096605659,1.39260911942,0.0312493760139,-0.0192507393658,0.694063544273,-0.718977510929
0.644961535931,-0.235788866878,1.39272964001,0.0321306809783,-0.0190615858883,0.694364607334,-0.718652963638
0.645010352135,-0.235847473145,1.39282524586,0.0332389771938,-0.0178015325218,0.694976389408,-0.718043208122
0.645124495029,-0.235346272588,1.39295041561,0.0336998663843,-0.017351699993,0.695664465427,-0.717366218567
0.645197093487,-0.234711781144,1.39307272434,0.0336936712265,-0.0177386086434,0.695604145527,-0.717415511608
0.645192921162,-0.234036818147,1.393196702,0.0346000082791,-0.0169403068721,0.696289002895,-0.716726958752
0.645249247551,-0.2327709198,1.39332556725,0.0339482463896,-0.0177275799215,0.695540249348,-0.717465698719
0.645543634892,-0.232493847609,1.39341080189,0.0348250456154,-0.0165073126554,0.696665346622,-0.716360449791
0.645609617233,-0.231577053666,1.39345753193,0.0357629470527,-0.0158121027052,0.697229921818,-0.715780317783
0.645907223225,-0.230469450355,1.39350771904,0.0353760123253,-0.0153340781108,0.697352349758,-0.715690732002
0.645809233189,-0.229486912489,1.39366316795,0.0365721024573,-0.0154404034838,0.697750449181,-0.715240299702
0.646163582802,-0.228487789631,1.3936457634,0.0298754274845,-0.0131192672998,0.69783526659,-0.715514838696
0.646396160126,-0.22701883316,1.39378726482,0.0365428030491,-0.0144617231563,0.698271751404,-0.714753210545
0.646721601486,-0.225985646248,1.39373826981,0.0305971037596,-0.0120297856629,0.698240578175,-0.715107679367
0.646940410137,-0.224552631378,1.39388656616,0.030947227031,-0.0121843190864,0.698483765125,-0.714852690697
0.647103369236,-0.222783029079,1.39380168915,0.0311665311456,-0.0124575067312,0.697798013687,-0.715507745743
0.647493243217,-0.221727848053,1.39394021034,0.0322829969227,-0.0107436357066,0.698765814304,-0.714540958405
0.647881031036,-0.220327451825,1.39391851425,0.0329966470599,-0.0102501986548,0.698941707611,-0.714343428612
0.648147702217,-0.218915566802,1.39395189285,0.0345403887331,-0.00936775375158,0.699752449989,-0.713488459587
0.6483694911,-0.217354744673,1.39398312569,0.0351721569896,-0.00910410378128,0.699361145496,-0.713844656944
0.648806273937,-0.215403109789,1.39396739006,0.0352560281754,-0.00875999499112,0.698413312435,-0.714772224426
0.649072647095,-0.21440769732,1.394110322,0.0392517074943,-0.00571804028004,0.702069163322,-0.711003303528
0.649298548698,-0.212285414338,1.39403629303,0.0395038798451,-0.0060037788935,0.700783014297,-0.712254583836
0.649729967117,-0.210440218449,1.39418947697,0.0385894551873,-0.00637924438342,0.698089241982,-0.714941740036
0.650195240974,-0.20908613503,1.39429283142,0.0401322543621,-0.00497234705836,0.699109911919,-0.7138697505
0.650529325008,-0.207480400801,1.39427363873,0.0417643934488,-0.00400861026719,0.699553310871,-0.713347673416
0.650881886482,-0.205569028854,1.39428460598,0.0427547618747,-0.00347269675694,0.699510157108,-0.713334143162
0.651055037975,-0.2033482939,1.39427661896,0.0429293848574,-0.00654742727056,0.69644254446,-0.716297507286
0.651448011398,-0.202027365565,1.39440846443,0.0449808947742,-0.00489127775654,0.697355568409,-0.715295672417
0.65181517601,-0.200054705143,1.39443588257,0.0461398325861,-0.00478329788893,0.69714140892,-0.715431451797
0.652084767818,-0.198226466775,1.39448487759,0.0476987548172,-0.00380301009864,0.697107553482,-0.715367972851
0.651922285557,-0.196611121297,1.39484608173,0.0505493916571,-0.00350776663981,0.696586847305,-0.715680897236
0.652633190155,-0.194019436836,1.39471268654,0.0497175753117,-0.00350937340409,0.696952164173,-0.715383470058
0.652987778187,-0.19223921001,1.39467775822,0.0517931878567,-0.0025704165455,0.697397828102,-0.714805781841
0.65304929018,-0.190112292767,1.39481770992,0.053219884634,-0.00276618031785,0.696499705315,-0.715575456619
0.653242468834,-0.187981754541,1.39489340782,0.0551809072495,-0.00197512726299,0.697420835495,-0.714531600475
0.653254151344,-0.185762733221,1.39484095573,0.0564900487661,-0.0028061773628,0.696470856667,-0.715352594852
0.653498411179,-0.183583706617,1.39492404461,0.0581130869687,-0.00305603491142,0.696142375469,-0.715541303158
0.653498589993,-0.181485816836,1.39493751526,0.0622549392283,-0.00172607158311,0.698024809361,-0.713360249996
0.653509378433,-0.178982079029,1.39493024349,0.063767939806,-0.002741453005,0.69714063406,-0.71408778429
0.653583168983,-0.176979884505,1.39500057697,0.0665759220719,-0.002824309282,0.697412312031,-0.713565587997
0.653610229492,-0.174446582794,1.39504384995,0.0669631958008,-0.00549236591905,0.695449769497,-0.71542686224
0.653725326061,-0.172036588192,1.39512431622,0.068655744195,-0.00681058969349,0.693948149681,-0.716711938381
0.653529703617,-0.169209167361,1.39507353306,0.0705497264862,-0.00828266236931,0.693195044994,-0.717241168022
0.653666615486,-0.167658120394,1.3951177597,0.0759400725365,-0.00598034914583,0.695512831211,-0.714464306831
0.653302252293,-0.16523617506,1.39489674568,0.0793683975935,-0.00721652340144,0.695308685303,-0.714279055595
0.653880119324,-0.162609890103,1.39521372318,0.07870683074,-0.00844826549292,0.69378477335,-0.715818822384
0.653881311417,-0.160100698471,1.39532387257,0.0824313685298,-0.00813817139715,0.694762408733,-0.714453816414
0.653847455978,-0.157980501652,1.39538884163,0.0858225673437,-0.00820536911488,0.694262564182,-0.714539587498
0.653681755066,-0.155324205756,1.39534640312,0.0882367566228,-0.00957158673555,0.693995177746,-0.714488148689
0.653704822063,-0.152986258268,1.3954154253,0.0910201892257,-0.00965794920921,0.694031059742,-0.714102864265
0.653683423996,-0.150512695312,1.39539921284,0.0937921255827,-0.00953157339245,0.694442152977,-0.713345885277
0.65379691124,-0.147733211517,1.3954693079,0.0957087650895,-0.00919105950743,0.694999992847,-0.712552130222
0.653934657574,-0.145050108433,1.39556360245,0.0960772037506,-0.0110942237079,0.692804813385,-0.714610040188
0.653842449188,-0.142373412848,1.39547777176,0.0999291390181,-0.0120079554617,0.693312108517,-0.713574290276
0.654034614563,-0.139723271132,1.39554274082,0.100230716169,-0.0138442479074,0.691326498985,-0.715422928333
0.65395796299,-0.136890903115,1.39545285702,0.101509541273,-0.0147271547467,0.690975904465,-0.71556353569
0.654179692268,-0.1343395859,1.39543485641,0.10354192555,-0.0131923565641,0.690866887569,-0.71540749073
0.654304802418,-0.131589695811,1.39544606209,0.105722904205,-0.0126496972516,0.691200375557,-0.714776039124
0.654387950897,-0.128855571151,1.39540731907,0.10730624944,-0.0122769661248,0.69063949585,-0.715088665485
0.654472768307,-0.126152664423,1.39490973949,0.109381593764,-0.0116704693064,0.69047242403,-0.714945733547
0.654636025429,-0.123160749674,1.39489936829,0.110393851995,-0.0115714166313,0.690541684628,-0.714724898338
0.654777884483,-0.120485410094,1.3952832222,0.112006746233,-0.0108717624098,0.690615594387,-0.71441334486
0.654950320721,-0.117832906544,1.39503455162,0.115442030132,-0.00801691971719,0.69249355793,-0.71208268404
0.655177891254,-0.114775247872,1.39492154121,0.114814482629,-0.00756970234215,0.690721869469,-0.713907361031
0.65511906147,-0.111547358334,1.3953602314,0.11667843163,-0.00585726369172,0.692893326283,-0.71151304245
0.655299603939,-0.108544148505,1.39527201653,0.115933187306,-0.00561040593311,0.691354811192,-0.713131606579
0.65536993742,-0.10586143285,1.39484667778,0.118573285639,-0.0032466200646,0.692231714725,-0.71186041832
0.655491173267,-0.103263251483,1.39424932003,0.121390454471,0.00100674945861,0.692804515362,-0.710834264755
0.655273258686,-0.10028898716,1.39415359497,0.122668720782,0.00226572155952,0.692777633667,-0.71063798666
0.65538829565,-0.0969355255365,1.3942964077,0.121147200465,0.00372325791977,0.691569209099,-0.71206843853
0.655034422874,-0.0942918434739,1.39414966106,0.124550074339,0.0061108963564,0.692911505699,-0.710157454014
0.65439003706,-0.0912970229983,1.39448535442,0.128282770514,0.00566688040271,0.693112075329,-0.709300518036
0.65430533886,-0.0876183733344,1.39384782314,0.12687651813,0.00780105218291,0.693362474442,-0.709288418293
0.654193460941,-0.0845347121358,1.3934481144,0.132937476039,0.0101501774043,0.693624734879,-0.707890748978
0.653597295284,-0.0812708064914,1.39328038692,0.135966092348,0.00996492709965,0.693822264671,-0.70712429285
0.65312564373,-0.0784204825759,1.39343214035,0.13811211288,0.0117563325912,0.694027602673,-0.706479012966
0.652862131596,-0.0750422030687,1.39330434799,0.139013826847,0.0130751123652,0.694620728493,-0.705695569515
0.652370333672,-0.0718242228031,1.39330375195,0.139329642057,0.0155926095322,0.695300638676,-0.704912185669
0.651964604855,-0.0687283948064,1.39363574982,0.141204863787,0.0175336543471,0.695297181606,-0.7044968009
0.651772797108,-0.0654828473926,1.3936150074,0.143089815974,0.0185395628214,0.696826756001,-0.702576756477
0.651263177395,-0.0621995925903,1.39369642735,0.143282994628,0.0211248863488,0.697181761265,-0.702112138271
0.650945901871,-0.0587679035962,1.39374005795,0.144061133265,0.0229951720685,0.697938203812,-0.701141893864
0.650680422783,-0.0555246174335,1.3940333128,0.146364659071,0.0278302263469,0.700077176094,-0.698351502419
0.650230705738,-0.0521295182407,1.39465284348,0.146909341216,0.0310489442199,0.700998425484,-0.697176396847
0.650026381016,-0.0491116940975,1.39458978176,0.147863924503,0.0327828116715,0.701507687569,-0.696382462978
0.649619758129,-0.0458654388785,1.39455413818,0.150230243802,0.0336219109595,0.701810657978,-0.695530235767
0.649042308331,-0.0425730086863,1.39470744133,0.150585174561,0.0363771803677,0.702397406101,-0.694721996784
0.648742496967,-0.0393063686788,1.39496016502,0.151613220572,0.0384557247162,0.703137397766,-0.693637132645
0.648107051849,-0.0360477492213,1.39494621754,0.153886586428,0.0406777858734,0.703580260277,-0.692560017109
0.647590458393,-0.032846480608,1.39493691921,0.155186325312,0.0426233261824,0.704395830631,-0.691322624683
0.647244095802,-0.0296055190265,1.39522504807,0.15625551343,0.0434499084949,0.703891694546,-0.691543877125
0.646776378155,-0.0262241698802,1.39505767822,0.157243937254,0.0450170785189,0.704326748848,-0.690776050091
0.646228969097,-0.0230998471379,1.39551949501,0.15899258852,0.0481553152204,0.705242753029,-0.689228057861
0.645797014236,-0.019886251539,1.39558446407,0.1600818187,0.048845179379,0.704413175583,-0.68977534771
0.645161747932,-0.0166607704014,1.39535868168,0.159433975816,0.0501487776637,0.705344557762,-0.688879489899
0.644607126713,-0.0135977752507,1.39553356171,0.161503627896,0.0521710664034,0.704940974712,-0.68866032362
0.643865466118,-0.0105915572494,1.39536440372,0.164637804031,0.055306699127,0.705533921719,-0.687064349651
0.643356621265,-0.00755271688104,1.39545941353,0.166326552629,0.0570059046149,0.705597817898,-0.686452805996
0.642842650414,-0.00440355204046,1.39542126656,0.167533293366,0.0584467798471,0.705106675625,-0.686542868614
0.642303049564,-0.00139416754246,1.39553439617,0.169437602162,0.060664087534,0.705237030983,-0.68574899435
0.641969203949,0.00164734758437,1.39566159248,0.169020846486,0.060240354389,0.703290224075,-0.687885284424
0.641487121582,0.00475089997053,1.39560413361,0.1707457304,0.0605871900916,0.703638613224,-0.687072038651
0.640943586826,0.00768973492086,1.39560770988,0.172291040421,0.0625994801521,0.703574240208,-0.686571538448
0.639998137951,0.0103856492788,1.39555799961,0.175682932138,0.0666692703962,0.704558253288,-0.68431609869
0.639573037624,0.0135708283633,1.39545059204,0.176520213485,0.0686672925949,0.703318536282,-0.68517780304
0.638979256153,0.0165244229138,1.3953564167,0.176803737879,0.0685064941645,0.701601028442,-0.686879277229
0.639106810093,0.0189598910511,1.39590287209,0.180601328611,0.0689965486526,0.70070374012,-0.68675839901
0.638583660126,0.0215747766197,1.3959249258,0.182225719094,0.0717504322529,0.699672400951,-0.687098562717
0.637744605541,0.0247088093311,1.39538240433,0.183328449726,0.0717734321952,0.699666619301,-0.686808586121
0.637923419476,0.0271388087422,1.39602577686,0.183576405048,0.0761126056314,0.699397802353,-0.686548888683
0.637530446053,0.029505321756,1.39612627029,0.186348557472,0.0820078104734,0.701166689396,-0.683311343193
0.636893749237,0.0321570709348,1.39606237411,0.185121133924,0.0799859464169,0.697861373425,-0.687256753445
0.63583946228,0.0342313423753,1.39614260197,0.191066578031,0.0854067578912,0.700002670288,-0.682785093784
0.634081125259,0.0362962372601,1.38980734348,0.190900534391,0.0831545293331,0.698180854321,-0.684971511364
0.634436428547,0.0391393750906,1.38976383209,0.187662795186,0.0830517932773,0.694703400135,-0.689400017262
0.635948777199,0.0418824851513,1.39631462097,0.190773665905,0.0938195064664,0.698187172413,-0.683621168137
0.635105311871,0.0441661328077,1.39625680447,0.190103948116,0.0912216901779,0.695264935493,-0.687128722668
0.634911179543,0.0466620437801,1.39616239071,0.189927890897,0.0930706262589,0.69518238306,-0.687012970448
0.634561598301,0.0491558015347,1.39585411549,0.190350517631,0.0944037884474,0.694152653217,-0.687754929066
0.634076118469,0.0509268566966,1.39624238014,0.192377269268,0.0972034558654,0.694024264812,-0.686930060387
0.633757412434,0.053133521229,1.39618837833,0.192841053009,0.0991306975484,0.693710267544,-0.686841845512
0.633895039558,0.0555725768209,1.39604866505,0.192314103246,0.101139649749,0.692980587482,-0.68743288517
0.633571028709,0.0576934739947,1.39596366882,0.192685574293,0.103285863996,0.692640721798,-0.68735229969
0.632862210274,0.059481240809,1.39598608017,0.194518655539,0.104754157364,0.692538738251,-0.68671631813
0.632472395897,0.0614430978894,1.39578938484,0.195279493928,0.106371589005,0.692111492157,-0.686682343483
0.632648348808,0.0636260509491,1.39545059204,0.194567292929,0.108585946262,0.691469371319,-0.687184691429
0.632278561592,0.0655487924814,1.39532756805,0.194931164384,0.110318288207,0.691173970699,-0.687102854252
0.631849169731,0.0673890188336,1.39529693127,0.195923939347,0.111715316772,0.690992534161,-0.686777174473
0.631110012531,0.0689389184117,1.39520549774,0.197502598166,0.113249659538,0.69099855423,-0.686067283154
0.630994200706,0.0707091316581,1.39499783516,0.19774736464,0.115310229361,0.690721154213,-0.685932934284
0.630849659443,0.0726359337568,1.3947520256,0.197438448668,0.116426311433,0.690387964249,-0.686168551445
0.630675494671,0.07427495718,1.39462137222,0.197752714157,0.118498548865,0.690258800983,-0.685853481293
0.630251049995,0.0758985430002,1.39457309246,0.198237538338,0.120197832584,0.690447390079,-0.685227453709
0.629666864872,0.0773091390729,1.39469480515,0.199966683984,0.121066771448,0.690693438053,-0.68432366848
0.629253923893,0.0791312679648,1.39409339428,0.199365600944,0.121777668595,0.690254986286,-0.684814989567
0.62891626358,0.0804854929447,1.3939896822,0.200338751078,0.123739987612,0.690219938755,-0.684214353561
0.628642201424,0.0820208787918,1.39382195473,0.200003042817,0.125160828233,0.690333247185,-0.683939695358
0.628285109997,0.0833413973451,1.39383459091,0.200846686959,0.126491770148,0.690121293068,-0.683661520481
0.6281478405,0.0845208317041,1.39414477348,0.201469093561,0.128740757704,0.690638244152,-0.682535588741
0.628216862679,0.0861340016127,1.39373850822,0.200306251645,0.130003377795,0.690111458302,-0.683171093464
0.627785503864,0.0872869044542,1.39374804497,0.200894355774,0.131139233708,0.689760625362,-0.683135688305
0.6272777915,0.0885815992951,1.39358186722,0.201121777296,0.132141634822,0.690032303333,-0.682600855827
0.627201795578,0.0895781740546,1.3934994936,0.201420381665,0.13380882144,0.689295172691,-0.682932794094
0.6261754632,0.0907368287444,1.39326059818,0.203001499176,0.132838398218,0.689591348171,-0.682354986668
0.626202940941,0.0920554846525,1.3930555582,0.202084109187,0.134286418557,0.689083814621,-0.682856380939
0.6258507967,0.0930613428354,1.39307332039,0.202667549253,0.135104596615,0.688602089882,-0.683007955551
0.625495731831,0.0941695049405,1.39304339886,0.202387645841,0.135483697057,0.688209950924,-0.683410942554
0.624918758869,0.0950965881348,1.39296746254,0.202937155962,0.135987237096,0.688375413418,-0.68298125267
0.624579071999,0.0959824472666,1.39282155037,0.203512728214,0.136547505856,0.688209831715,-0.682865023613
0.624410271645,0.0970847979188,1.39282679558,0.20315387845,0.13774690032,0.688003778458,-0.682938635349
0.624430060387,0.0981773436069,1.39267516136,0.202016755939,0.137934982777,0.68727773428,-0.683968365192
0.624110519886,0.0989776849747,1.39259362221,0.202739432454,0.139443069696,0.687222719193,-0.683503746986
0.623943686485,0.0999017655849,1.39255928993,0.20253148675,0.140115484595,0.686884880066,-0.683767318726
0.623721837997,0.100654348731,1.39257633686,0.201850667596,0.13925729692,0.685933053493,-0.685098290443
0.623407125473,0.101478219032,1.3925101757,0.201125994325,0.1401347965,0.685836493969,-0.685229241848
0.62287735939,0.102120190859,1.39273810387,0.202289074659,0.139296904206,0.685677886009,-0.685216367245
0.622833609581,0.1028932482,1.39241683483,0.201074689627,0.140437349677,0.684856116772,-0.686162173748
0.622614562511,0.103504151106,1.39238727093,0.201164066792,0.140320539474,0.684478163719,-0.686536967754
0.622346222401,0.103944964707,1.39250314236,0.201379269361,0.141182810068,0.683668315411,-0.687103629112
0.621758043766,0.104490488768,1.39250338078,0.202877506614,0.141472607851,0.684371232986,-0.685902535915
0.621862471104,0.105088837445,1.39244067669,0.201825991273,0.142347157001,0.683313250542,-0.687085568905
0.621544778347,0.105792097747,1.3923689127,0.201609954238,0.14148811996,0.683205246925,-0.687433719635
0.620915532112,0.106097765267,1.39251315594,0.202320128679,0.14125405252,0.683253407478,-0.687225341797
0.620932161808,0.106816142797,1.39238071442,0.201224029064,0.140826001763,0.682507097721,-0.688375711441
0.620651602745,0.107295244932,1.39233875275,0.20128904283,0.140105187893,0.682032048702,-0.688974320889
0.620700657368,0.107707291842,1.3925101757,0.20073607564,0.140399932861,0.681979835033,-0.689127206802
0.620066583157,0.108183145523,1.3924741745,0.201163738966,0.138756886125,0.681359767914,-0.689948320389
0.617615163326,0.10718101263,1.38593673706,0.203439250588,0.131876826286,0.679726362228,-0.692237734795
0.617453873158,0.107540644705,1.3860373497,0.203175663948,0.131271138787,0.67913800478,-0.693007290363
0.616814851761,0.107614636421,1.38613641262,0.204195976257,0.130437329412,0.679352879524,-0.692654132843
0.616948366165,0.108065791428,1.38627839088,0.20333057642,0.130276277661,0.678475677967,-0.693797945976
0.619023084641,0.109666615725,1.39282345772,0.201103970408,0.135487034917,0.680076062679,-0.691879332066
0.618300139904,0.109663695097,1.39278721809,0.202596485615,0.134516909719,0.679159700871,-0.692533135414
0.617763161659,0.109923221171,1.39297997952,0.203376948833,0.13302706182,0.678986251354,-0.692762136459
0.617235541344,0.109792791307,1.39321553707,0.204543799162,0.132189840078,0.67895001173,-0.69261431694
0.616986691952,0.109925985336,1.39332556725,0.204443410039,0.131223320961,0.678653240204,-0.693118393421
0.617380440235,0.110397964716,1.39331746101,0.20255151391,0.130793482065,0.678214907646,-0.694183290005
0.616771280766,0.110407814384,1.39345431328,0.203522905707,0.129078626633,0.677749097347,-0.694675087929
0.61688375473,0.110492154956,1.39360773563,0.203007057309,0.128479138017,0.677559375763,-0.69512206316
0.616701185703,0.110485628247,1.39376306534,0.203158631921,0.127505257726,0.677329063416,-0.695481419563
0.616264402866,0.110258579254,1.39430403709,0.204518541694,0.126642048359,0.677430987358,-0.695141196251
0.616053700447,0.110134907067,1.39431762695,0.20481339097,0.125916153193,0.677263975143,-0.695349037647
0.615834951401,0.110136754811,1.39455926418,0.205144867301,0.124450720847,0.676441133022,-0.696315348148
0.615998327732,0.110092364252,1.3948212862,0.203646227717,0.12317584455,0.675885260105,-0.69752073288
0.615744292736,0.110079243779,1.39493846893,0.203658461571,0.121402181685,0.675951123238,-0.697764158249
0.615891695023,0.109810225666,1.39535903931,0.203222244978,0.121248796582,0.676123857498,-0.697750687599
0.615367174149,0.109292045236,1.39571046829,0.204169780016,0.120449140668,0.67640298605,-0.697341918945
0.6151227355,0.109146386385,1.39575254917,0.203910842538,0.119140118361,0.676434457302,-0.697611927986
0.614963293076,0.108873933554,1.39599251747,0.204143464565,0.117236666381,0.676443874836,-0.697857379913
0.614878356457,0.108493216336,1.39624750614,0.205317765474,0.117908060551,0.676811277866,-0.697043061256
0.615103900433,0.108301177621,1.39646434784,0.204310953617,0.116788439453,0.676362156868,-0.697962582111
0.614978194237,0.107975423336,1.39670538902,0.20320379734,0.114964552224,0.676104664803,-0.698837637901
0.614837408066,0.107518404722,1.39692378044,0.202699869871,0.114091694355,0.676288306713,-0.69894939661
0.614726066589,0.107150748372,1.3971555233,0.202694490552,0.112320415676,0.676462829113,-0.699068844318
0.613944590092,0.106418661773,1.3970477581,0.20350061357,0.110568374395,0.675868809223,-0.699688196182
0.613879024982,0.105862796307,1.3973031044,0.20339281857,0.109189979732,0.675882935524,-0.699922442436
0.614061355591,0.105403497815,1.39755570889,0.201846837997,0.108907729387,0.676825344563,-0.699503004551
0.613698124886,0.104823306203,1.39773476124,0.20269779861,0.10653501749,0.676351904869,-0.700079977512
0.613675653934,0.104164242744,1.39795708656,0.201694086194,0.106121204793,0.676441550255,-0.700345993042
0.614132404327,0.103475250304,1.39847695827,0.20055167377,0.10609613359,0.676532447338,-0.700590133667
0.61401695013,0.102826014161,1.39861130714,0.199517458677,0.105062410235,0.676768481731,-0.700813293457
0.613955199718,0.102029532194,1.39882850647,0.198966041207,0.10405279696,0.676888883114,-0.701004385948
0.613321006298,0.100966334343,1.39899277687,0.199921011925,0.102206587791,0.677593886852,-0.700322628021
0.613885879517,0.100445136428,1.39920222759,0.197855055332,0.101666554809,0.677282869816,-0.701288342476
0.613224387169,0.0993065088987,1.39929044247,0.198221758008,0.100048750639,0.677778661251,-0.700938344002
0.613804101944,0.0988068506122,1.3993486166,0.194833025336,0.0996340289712,0.677548825741,-0.702168643475
0.613765656948,0.0979153439403,1.39938735962,0.194042369723,0.0981419607997,0.677714943886,-0.702437400818
0.613428473473,0.0969221442938,1.39944434166,0.193884283304,0.0961314067245,0.678134322166,-0.702354192734
0.613663315773,0.0960999056697,1.39955937862,0.191869109869,0.0953824594617,0.678207278252,-0.702939212322
0.61363863945,0.0950771570206,1.39969468117,0.190799161792,0.0939833894372,0.678370058537,-0.703261613846
0.613638341427,0.0940795689821,1.39963579178,0.189755424857,0.0927633345127,0.678664445877,-0.70342195034
0.613783836365,0.0930504873395,1.39958226681,0.187534123659,0.0915660113096,0.678775727749,-0.704066932201
0.613281488419,0.091893106699,1.3995051384,0.187241449952,0.0895123705268,0.679640948772,-0.703574061394
0.612979650497,0.0905374139547,1.39959669113,0.186788931489,0.087838254869,0.679946601391,-0.703609883785
0.613453745842,0.0897543877363,1.39955222607,0.183242350817,0.0861975550652,0.67992067337,-0.704769611359
0.613154172897,0.0883303582668,1.39963233471,0.183053597808,0.0841903015971,0.680539667606,-0.704463720322
0.61320823431,0.0873572304845,1.39933824539,0.179977014661,0.0818535909057,0.680590808392,-0.705481827259
0.613427519798,0.0860734283924,1.39942371845,0.177951186895,0.0804751440883,0.680774390697,-0.705976903439
0.613055944443,0.0846358686686,1.39940643311,0.176985442638,0.0779974162579,0.681474745274,-0.705821990967
0.613213896751,0.0832645520568,1.39950430393,0.174864053726,0.0765938460827,0.681640863419,-0.706343889236
0.613205850124,0.0818810611963,1.39932608604,0.173301190138,0.0741249248385,0.682171583176,-0.706480145454
0.613436818123,0.0808456689119,1.39919412136,0.170255422592,0.0714232027531,0.682404756546,-0.707273423672
0.61375015974,0.0793930664659,1.39925813675,0.167805746198,0.07040258497,0.682303667068,-0.708058238029
0.613177716732,0.0774127990007,1.39930653572,0.170106485486,0.0709188580513,0.685573160648,-0.70428943634
0.613892674446,0.0763229057193,1.39925014973,0.167769387364,0.0691482573748,0.685811758041,-0.704793572426
0.613674402237,0.0747362449765,1.39925265312,0.166283100843,0.0661244913936,0.685786187649,-0.705460846424
0.613329410553,0.0730108916759,1.39918553829,0.165377944708,0.0635113865137,0.686454415321,-0.705263614655
0.613162219524,0.0712776631117,1.39933621883,0.163895204663,0.0625272318721,0.687058627605,-0.705109298229
0.613585472107,0.0700773447752,1.39912045002,0.160016357899,0.0597982853651,0.687049329281,-0.706245064735
0.612997412682,0.0681498795748,1.39916789532,0.159590288997,0.0561798661947,0.686809539795,-0.706871688366
0.613496184349,0.066827274859,1.39901697636,0.156019553542,0.0545965097845,0.686841249466,-0.707761526108
0.613034904003,0.0649218335748,1.39921700954,0.155472680926,0.0515375994146,0.686968386173,-0.707987844944
0.612803161144,0.0632592141628,1.39913928509,0.154029026628,0.0487845987082,0.687112033367,-0.708358764648
0.612755298615,0.0614821463823,1.39911818504,0.152390137315,0.0471340604126,0.687518775463,-0.708430528641
0.613211810589,0.0601082183421,1.39919316769,0.148942962289,0.044830404222,0.686962962151,-0.709850788116
0.612355649471,0.0580009333789,1.39904546738,0.14961707592,0.0416909381747,0.687372922897,-0.709503293037
0.612450480461,0.0560231097043,1.39914953709,0.147998958826,0.0407597385347,0.68841445446,-0.708886861801
0.61236590147,0.0541841089725,1.39916729927,0.146710440516,0.0387638807297,0.688395917416,-0.709284543991
0.612517595291,0.052450209856,1.39898002148,0.14256362617,0.0361448638141,0.68868458271,-0.709987878799
0.612194776535,0.0502601526678,1.39903831482,0.141619190574,0.0323952510953,0.688398838043,-0.710634589195
0.611978769302,0.0481575280428,1.39900302887,0.142059400678,0.0305002946407,0.688818216324,-0.710224270821
0.612462341785,0.046331718564,1.39899408817,0.13929772377,0.0293915644288,0.688975453377,-0.710665285587
0.611968278885,0.043816305697,1.39907705784,0.140512749553,0.0286767166108,0.690261125565,-0.709206342697
0.612319886684,0.0422598049045,1.39893841743,0.135337680578,0.0232864823192,0.688028514385,-0.712571561337
0.612129449844,0.0400142893195,1.39885520935,0.134290441871,0.0213474817574,0.688566029072,-0.712311148643
0.611463844776,0.0372668281198,1.39897811413,0.135420963168,0.0267592240125,0.691046118736,-0.709507167339
0.612115442753,0.0354443006217,1.39898753166,0.131522923708,0.0244637615979,0.690229415894,-0.711116492748
0.612095713615,0.033381704241,1.39905583858,0.128714308143,0.0201614312828,0.688835680485,-0.713114023209
0.611757159233,0.0307920612395,1.39915776253,0.128394022584,0.0185281205922,0.689147770405,-0.712914526463
0.611990571022,0.0287367403507,1.39900195599,0.125004187226,0.0170159079134,0.688461959362,-0.714216172695
0.611524581909,0.0259992405772,1.39912927151,0.126074016094,0.0153190447018,0.689799487591,-0.712774395943
0.611762046814,0.0239249505103,1.3990547657,0.122728176415,0.0136552313343,0.688823997974,-0.714333772659
0.611351788044,0.0210870001465,1.39930737019,0.123846009374,0.0124861206859,0.69027531147,-0.712759673595
0.611230909824,0.0186716280878,1.3992395401,0.122169278562,0.0105742281303,0.689324200153,-0.713999509811
0.611081242561,0.0162496939301,1.3992497921,0.121652849019,0.00915366597474,0.690311670303,-0.713152527809
0.610956132412,0.0135305756703,1.39933633804,0.121113710105,0.00791132077575,0.690690934658,-0.712892115116
0.610868752003,0.011014890857,1.39935660362,0.121533058584,0.00379603356123,0.690717816353,-0.712828397751
0.610869884491,0.00830311700702,1.39944314957,0.120192177594,0.00595247047022,0.69089192152,-0.712872326374
0.610663592815,0.00597857218236,1.39954161644,0.117325410247,0.004907223396,0.690614044666,-0.713626682758
0.610371947289,0.00332481134683,1.39950335026,0.11609596014,0.00173127185553,0.691638708115,-0.712849676609
0.610368311405,0.00069191493094,1.3996078968,0.114733636379,0.000786549120676,0.691733181477,-0.712980270386
0.610297381878,-0.00219089630991,1.39968073368,0.116209045053,0.000726015830878,0.691659271717,-0.712813138962
0.609989523888,-0.00484886858612,1.39960730076,0.114809527993,-0.00335747515783,0.69011425972,-0.714527606964
0.61011838913,-0.00769057590514,1.39992654324,0.116065591574,-0.000841758563183,0.693524241447,-0.711022019386
0.610146105289,-0.0104017751291,1.39980220795,0.114513203502,-0.00142366613727,0.693850755692,-0.710954189301
0.61015111208,-0.0135754067451,1.39978909492,0.114075526595,-0.00126952072605,0.694292962551,-0.710592985153
0.610150456429,-0.0161390081048,1.39973783493,0.109309203923,-0.00444865087047,0.691994726658,-0.713565051556
0.610195875168,-0.0190932285041,1.39983034134,0.10852393508,-0.0052222837694,0.692429184914,-0.71325802803
0.609857738018,-0.0221358928829,1.40011310577,0.111090816557,-0.00364606361836,0.695666670799,-0.709713637829
0.610221982002,-0.0254046916962,1.40031039715,0.1096630916,-0.00244495505467,0.696465194225,-0.709157466888
0.610210239887,-0.0283075682819,1.40044593811,0.108818739653,-0.00374552072026,0.696690618992,-0.709060430527
0.610020339489,-0.0312832072377,1.40032935143,0.107837967575,-0.00439721671864,0.697033941746,-0.708869099617
0.610126852989,-0.0345670431852,1.40053248405,0.106881268322,-0.00414188345894,0.697836875916,-0.708225309849
0.610051751137,-0.0378500521183,1.40058255196,0.106222003698,-0.00407751370221,0.697729766369,-0.708430469036
0.61009645462,-0.0409623757005,1.40066719055,0.105241306126,-0.00415677390993,0.698259472847,-0.708054244518
0.610519349575,-0.0444014072418,1.40045750141,0.103178739548,-0.0029056633357,0.699016809464,-0.707616686821
0.610350549221,-0.0475242286921,1.40036475658,0.1039840132,-0.00432374933735,0.69961053133,-0.706904470921
0.610495626926,-0.050910025835,1.40049123764,0.101349540055,-0.00284667662345,0.700353682041,-0.706558644772
0.6106300354,-0.0542274489999,1.40033757687,0.094462543726,-0.00204413384199,0.700339198112,-0.707529246807
0.610552251339,-0.0573664158583,1.40070664883,0.0935317352414,-0.00317484722473,0.701453864574,-0.706543803215
0.610627293587,-0.0607689917088,1.40066814423,0.0935611054301,-0.00421152031049,0.70186829567,-0.706122815609
0.610393404961,-0.0640333294868,1.40059137344,0.0905994027853,-0.00103897217195,0.702789247036,-0.705604672432
0.610659003258,-0.0677356719971,1.4006664753,0.091741502285,-0.00282305688597,0.703258931637,-0.704984128475
0.61090606451,-0.0707213878632,1.40036702156,0.0884471088648,-0.00151360593736,0.70396065712,-0.704708635807
0.611052036285,-0.0744007229805,1.40031433105,0.0894434526563,-0.00413598073646,0.703394591808,-0.705137431622
0.610878765583,-0.0775702372193,1.40037095547,0.0863575041294,-0.00105864519719,0.704958021641,-0.703971207142
0.610902070999,-0.0811302363873,1.40047121048,0.0856982767582,-0.00826329737902,0.701083421707,-0.70786267519
0.610960185528,-0.0843658745289,1.40047323704,0.0854256600142,-0.00344755011611,0.705747723579,-0.703285694122
0.611098587513,-0.0877024382353,1.40044677258,0.08546756953,-0.00435532862321,0.705907225609,-0.703115522861
0.610851466656,-0.0911605358124,1.40037930012,0.0852994918823,-0.00550953065977,0.70647662878,-0.702555656433
0.610707879066,-0.0945626422763,1.40055990219,0.0823523625731,-0.00902302656323,0.703998208046,-0.70535337925
0.610644698143,-0.0979190990329,1.40011191368,0.0845470204949,-0.007831947878,0.707070171833,-0.702027261257
0.610614776611,-0.101406432688,1.4004573822,0.084201194346,-0.0086729619652,0.707897365093,-0.701224923134
0.610769212246,-0.10512880981,1.40034258366,0.0843541547656,-0.00858150050044,0.708365797997,-0.700734376907
0.610630333424,-0.108489438891,1.40026628971,0.0844415053725,-0.0102844303474,0.708036005497,-0.701034247875
0.610872268677,-0.111536130309,1.3999222517,0.0812197700143,-0.0135595360771,0.706840574741,-0.702563941479
0.610953509808,-0.115077249706,1.40008282661,0.0828935578465,-0.0123008964583,0.709267377853,-0.699940800667
0.610993206501,-0.118083357811,1.40039849281,0.0817281454802,-0.013693774119,0.709308981895,-0.70000988245
0.611454486847,-0.121334522963,1.4004856348,0.0786176100373,-0.0159707535058,0.707846581936,-0.701795816422
0.611316800117,-0.124506369233,1.40062379837,0.078757815063,-0.0172351840883,0.708270072937,-0.701322734356
0.610754668713,-0.128264531493,1.39992427826,0.0822116434574,-0.0166098009795,0.710159122944,-0.699027657509
0.610884785652,-0.131329968572,1.39988410473,0.0795648619533,-0.0193539597094,0.708605468273,-0.700837492943
0.611450135708,-0.134389206767,1.39983654022,0.077538497746,-0.0193648710847,0.708954691887,-0.700711131096
0.611715972424,-0.13738463819,1.39970719814,0.0758598968387,-0.0206169616431,0.7093064785,-0.70050317049
0.61186593771,-0.141129329801,1.39976334572,0.0765704661608,-0.0194838102907,0.710026741028,-0.699728250504
0.611898183823,-0.1440294981,1.39973688126,0.0753271579742,-0.0208562165499,0.709977388382,-0.699873507023
0.611663997173,-0.146968871355,1.39949762821,0.0749980732799,-0.0225887205452,0.710091531277,-0.699739336967
0.611762225628,-0.150352746248,1.39942777157,0.0767018795013,-0.0212230943143,0.71265399456,-0.696986913681
0.611819088459,-0.153362452984,1.39933085442,0.0744681581855,-0.0231472048908,0.711621284485,-0.698221921921
0.611944496632,-0.156174480915,1.39932334423,0.0727664977312,-0.0252920370549,0.710329651833,-0.69964081049
0.612123906612,-0.15959726274,1.39937114716,0.0723538920283,-0.0239813830703,0.711473941803,-0.698566138744
0.611984610558,-0.162181124091,1.39890825748,0.0711216852069,-0.0258711222559,0.710662961006,-0.699450194836
0.612071335316,-0.165175303817,1.3988931179,0.0703722834587,-0.0260804984719,0.711296141148,-0.698874413967
0.612042665482,-0.167887538671,1.39934456348,0.0692383795977,-0.0276398770511,0.710974037647,-0.699255406857
0.612150490284,-0.17123298347,1.39889156818,0.0687258392572,-0.0268608424813,0.711926996708,-0.698366165161
0.612322032452,-0.174110412598,1.39887070656,0.0676315501332,-0.0273917969316,0.711565613747,-0.698820590973
0.612332284451,-0.176611125469,1.3991740942,0.0655182600021,-0.0278861559927,0.710962951183,-0.699615120888
0.61271995306,-0.179590940475,1.39907205105,0.0635337308049,-0.0264974776655,0.711418509483,-0.699389100075
0.612743139267,-0.182568222284,1.39939260483,0.0624620094895,-0.0258602835238,0.711155176163,-0.699777245522
0.612858176231,-0.185111641884,1.39910054207,0.0600644350052,-0.0257029719651,0.711175143719,-0.699972569942
0.612973511219,-0.187807902694,1.39923489094,0.0581580735743,-0.0252352282405,0.710824072361,-0.700506925583
0.613057136536,-0.190495550632,1.39922356606,0.0564332865179,-0.0248197559267,0.710463285446,-0.701028704643
0.613103449345,-0.193507909775,1.39926826954,0.0554333291948,-0.0233570691198,0.710009694099,-0.701618015766
0.61318308115,-0.195883631706,1.39920938015,0.0533900633454,-0.0231962129474,0.710134506226,-0.701655626297
0.613435089588,-0.198296651244,1.39895057678,0.0509729161859,-0.0227706879377,0.709797859192,-0.70218962431
0.613520264626,-0.200855836272,1.39897179604,0.0488698445261,-0.0223179850727,0.709528803825,-0.702625274658
0.613753437996,-0.203424945474,1.39863395691,0.0467440448701,-0.0220477879047,0.708532273769,-0.703783392906
0.613929986954,-0.206042647362,1.39847993851,0.0449592098594,-0.0204701088369,0.708168923855,-0.704312860966
0.613732159138,-0.208629027009,1.39873731136,0.0443444438279,-0.020667867735,0.708461403847,-0.704051852226
0.613770365715,-0.210992082953,1.39870035648,0.0426136665046,-0.0202087238431,0.707822740078,-0.704813957214
0.613793134689,-0.213612496853,1.39818787575,0.0492453798652,-0.0201914347708,0.70737695694,-0.704829752445
0.613694548607,-0.216168120503,1.39807248116,0.0481248497963,-0.0198102705181,0.706398904324,-0.705898106098
0.613854646683,-0.218952834606,1.39835476875,0.0474788695574,-0.0182019732893,0.705658495426,-0.706725120544
0.613522410393,-0.221174687147,1.39839589596,0.0467334575951,-0.0186392273754,0.705669641495,-0.706752359867
0.613556146622,-0.223246902227,1.39784312248,0.044937748462,-0.0188709069043,0.704153954983,-0.708372652531
0.613252699375,-0.225793540478,1.39762794971,0.0454706847668,-0.018267152831,0.70343118906,-0.709072232246
0.613121509552,-0.228040441871,1.39752721786,0.0445108823478,-0.0180792268366,0.70227432251,-0.710283696651
0.61297929287,-0.230217292905,1.39741766453,0.043827328831,-0.017934076488,0.701201319695,-0.71138894558
0.612714588642,-0.232526272535,1.39727091789,0.0439146012068,-0.0176579039544,0.699940085411,-0.712631583214
0.61242800951,-0.234811842442,1.39720487595,0.0440000034869,-0.0172372162342,0.6989133358,-0.713643670082
0.612290978432,-0.236873984337,1.39711081982,0.0435123220086,-0.01698654145,0.697404205799,-0.715154290199
0.612275063992,-0.239232510328,1.39744889736,0.0434181950986,-0.0163181126118,0.695581436157,-0.716948449612
0.612290263176,-0.240718215704,1.39735984802,0.0420309118927,-0.0163721591234,0.694162607193,-0.718403637409
0.611866116524,-0.242936730385,1.39727687836,0.0428012274206,-0.016464592889,0.692257881165,-0.720191657543
0.611763596535,-0.245234683156,1.39692866802,0.0363468825817,-0.0146079557016,0.691838264465,-0.72098916769
0.611480593681,-0.246662959456,1.39683711529,0.0363009162247,-0.0159562602639,0.689448356628,-0.723248779774
0.611427605152,-0.248522117734,1.39691996574,0.0349553376436,-0.0157069396228,0.686977982521,-0.725667119026
0.611488282681,-0.250840544701,1.39699029922,0.0359197147191,-0.0140407383442,0.686712861061,-0.725905060768
0.611492991447,-0.252467423677,1.39696419239,0.0350719206035,-0.0132033284754,0.68476831913,-0.727796733379
0.611340880394,-0.254065543413,1.39702856541,0.0350171364844,-0.0145941153169,0.682324111462,-0.730064868927
0.61138522625,-0.255780935287,1.39695215225,0.0354469493032,-0.0132025154307,0.681499779224,-0.730840146542
0.611383497715,-0.257369160652,1.39704728127,0.0352685712278,-0.0139839807525,0.678988873959,-0.733167648315
0.611227273941,-0.258269816637,1.39699578285,0.0341831855476,-0.0149661712348,0.675922870636,-0.736027121544
0.611350119114,-0.260165095329,1.39713680744,0.0351566486061,-0.0141949914396,0.674899280071,-0.736935257912
0.61139267683,-0.261536359787,1.39718484879,0.0347273051739,-0.0135863265023,0.672664701939,-0.739007234573
0.611325144768,-0.262768805027,1.39725601673,0.0352241285145,-0.0136422635987,0.670882165432,-0.740601360798
0.61145824194,-0.264075398445,1.39748835564,0.0346328653395,-0.0142427869141,0.667820394039,-0.743379950523
0.611363172531,-0.265348404646,1.39765691757,0.0363168977201,-0.0146950408816,0.6662530303,-0.744695842266
0.611382305622,-0.266354560852,1.39751362801,0.0420333184302,-0.0159672442824,0.66312879324,-0.747153580189
0.611407697201,-0.267431020737,1.39770948887,0.0364105142653,-0.0141218099743,0.661596596241,-0.74884223938
0.611227989197,-0.267975956202,1.39756417274,0.0418318323791,-0.0151905976236,0.658077955246,-0.75163346529
0.61153537035,-0.268856793642,1.39757275581,0.0404804944992,-0.0137133048847,0.655812144279,-0.75371325016
0.611462771893,-0.270347505808,1.39770770073,0.0418357662857,-0.0143883954734,0.652799367905,-0.756237864494
0.611309111118,-0.270773231983,1.3976893425,0.0413345471025,-0.0150020765141,0.649302124977,-0.759258329868
0.611635804176,-0.27198433876,1.39770436287,0.0416886247694,-0.0132484752685,0.647238612175,-0.761031508446
0.611617445946,-0.272628605366,1.39778649807,0.0419883094728,-0.013200414367,0.644624948502,-0.763230919838
0.611783385277,-0.273369371891,1.39736664295,0.0424830764532,-0.0118735386059,0.642051696777,-0.765391409397
0.611738085747,-0.274015963078,1.39771091938,0.0376787558198,-0.0114052481949,0.638684153557,-0.768461287022
0.611479580402,-0.2739366889,1.39773011208,0.0377599224448,-0.0115491682664,0.635199189186,-0.771338284016
0.6117836833,-0.274892091751,1.39766490459,0.0393368005753,-0.00928670354187,0.633921980858,-0.77234017849
0.611834764481,-0.27491402626,1.39761781693,0.0383068472147,-0.00957466010004,0.629198074341,-0.776241362095
0.61197912693,-0.275411367416,1.39752399921,0.0394743978977,-0.00930776447058,0.626632392406,-0.778258919716
0.612107157707,-0.275762140751,1.39739918709,0.0395221672952,-0.00843209773302,0.623153865337,-0.781054496765
0.612366437912,-0.276417434216,1.39671874046,0.0402761027217,-0.00584286032245,0.621391534805,-0.782442569733
0.61224424839,-0.276849210262,1.39715445042,0.0414138026536,-0.00452206516638,0.618661999702,-0.784551978111
0.612283051014,-0.276975959539,1.39652478695,0.0432887077332,-0.0038747175131,0.614701032639,-0.787561953068
0.612431764603,-0.27757242322,1.39676773548,0.0438926406205,-0.00196247478016,0.612581253052,-0.789185583591
0.612715363503,-0.276965886354,1.39682996273,0.0428373813629,-0.00383382756263,0.608220875263,-0.792601883411
0.612950325012,-0.277790218592,1.39667904377,0.0450120791793,-0.00194584496785,0.605670154095,-0.794439315796
0.612958610058,-0.277288675308,1.39664983749,0.0441607646644,-0.00275445217267,0.603205323219,-0.796357691288
0.613181471825,-0.277446091175,1.39618611336,0.0451230816543,-0.0015423912555,0.600141704082,-0.798618495464
0.613329231739,-0.277336776257,1.39613389969,0.0461484342813,-0.000327235873556,0.598022639751,-0.80014950037
0.613483071327,-0.277223348618,1.39647126198,0.0477829761803,-8.10940618976e-05,0.595787286758,-0.801719605923
0.613705873489,-0.27706900239,1.39643847942,0.0482553392649,0.00164127361495,0.592345058918,-0.804236352444
0.614039123058,-0.276847779751,1.39610052109,0.0491618327796,0.00342424446717,0.589671730995,-0.80613809824
0.614101648331,-0.27658188343,1.39599347115,0.0520194359124,0.00250445725396,0.586998820305,-0.807910919189
0.614092111588,-0.276348948479,1.39598965645,0.0522288605571,0.00372620509006,0.583929300308,-0.81011402607
0.614139199257,-0.27625721693,1.39593827724,0.0554804690182,0.00693021109328,0.582471013069,-0.810926258564
0.614678859711,-0.275630027056,1.39651298523,0.0556200072169,0.00848932564259,0.581324458122,-0.811724305153
0.614694476128,-0.275441676378,1.39647614956,0.0589940361679,0.00942486710846,0.579246222973,-0.812960445881
0.615033209324,-0.274681895971,1.39623236656,0.057180095464,0.011609503068,0.575443387032,-0.81575769186
0.615249335766,-0.27439981699,1.39677643776,0.0598019361496,0.0121295740828,0.573752164841,-0.8167527318
0.615542113781,-0.274323999882,1.39679408073,0.0622416287661,0.0147894285619,0.573305606842,-0.816840231419
0.615548312664,-0.273241072893,1.39686620235,0.0606986619532,0.0148931462318,0.570458054543,-0.818945348263
0.615706086159,-0.272729247808,1.39703214169,0.0625717565417,0.0159479286522,0.56890887022,-0.819861650467
0.616165041924,-0.272587150335,1.39716160297,0.0630225762725,0.0180912781507,0.567254364491,-0.82092833519
0.616149067879,-0.271571308374,1.39676558971,0.0623224712908,0.0195039585233,0.56456631422,-0.822800397873
0.61665982008,-0.271331727505,1.39736819267,0.0619944110513,0.0212917551398,0.564028203487,-0.823149800301
0.616857349873,-0.270950734615,1.39745354652,0.0625248327851,0.0225564725697,0.562101662159,-0.824392855167
0.617304801941,-0.269799917936,1.39758634567,0.065379448235,0.0243806429207,0.561337649822,-0.824640095234
0.617336690426,-0.269418209791,1.39731097221,0.0673173964024,0.0261060260236,0.560232579708,-0.825182616711
0.617628335953,-0.268415123224,1.39770305157,0.0639900714159,0.0275217443705,0.558343470097,-0.826680362225
0.617793440819,-0.268152177334,1.39761042595,0.0664071664214,0.0283157676458,0.557437121868,-0.827074468136
0.617989838123,-0.2668646276,1.39761829376,0.0649871602654,0.0308455377817,0.556264996529,-0.827885568142
0.618035435677,-0.266415983438,1.39797723293,0.0678707137704,0.0313893668354,0.555325031281,-0.828264713287
0.618423819542,-0.265467196703,1.3979165554,0.0684315487742,0.0329533517361,0.554508268833,-0.828704893589
0.618423223495,-0.264769822359,1.39794576168,0.0689287632704,0.0350597649813,0.553449094296,-0.829285144806
0.618692338467,-0.264333575964,1.39795219898,0.0712339878082,0.037086006254,0.553601980209,-0.828899979591
0.618879199028,-0.26300573349,1.39745938778,0.0707440599799,0.0379692204297,0.551943540573,-0.830007195473
0.619035601616,-0.262073397636,1.39765524864,0.0705210715532,0.040269035846,0.551696658134,-0.830081939697
0.619154810905,-0.261205971241,1.39700746536,0.0719770640135,0.0415641628206,0.550781607628,-0.830500662327
0.618993461132,-0.260652422905,1.39738798141,0.0728336498141,0.0439397841692,0.550081789494,-0.830767452717
0.619292616844,-0.260036706924,1.39767813683,0.0746045932174,0.0454718060791,0.550598978996,-0.830185055733
0.619367480278,-0.259308338165,1.39710450172,0.0746249482036,0.0481951124966,0.550682723522,-0.82997405529
0.619422316551,-0.257735610008,1.39698278904,0.0743374675512,0.0484033413231,0.549360454082,-0.830863535404
