x,y,z,q0,q1,q2,q3
-0.501910865307,0.225111275911,1.29586279392,0.413569301367,-0.360134184361,-0.556371331215,-0.624271512032
-0.502726435661,0.225824058056,1.29556047916,0.414197683334,-0.359719753265,-0.559739768505,-0.62107437849
-0.50417214632,0.225899547338,1.29547441006,0.415628612041,-0.358055174351,-0.565011560917,-0.616288363934
-0.50530564785,0.226533830166,1.2953773737,0.417640268803,-0.356938481331,-0.568419933319,-0.612429916859
-0.506743133068,0.226920872927,1.2954839468,0.418717682362,-0.3556830585,-0.572501182556,-0.608610987663
-0.507565498352,0.227371513844,1.29515790939,0.420352309942,-0.355326712132,-0.574744403362,-0.605570554733
-0.508983433247,0.227675154805,1.29537820816,0.422302544117,-0.354043275118,-0.576883077621,-0.602926075459
-0.509969770908,0.228062182665,1.29508411884,0.423104941845,-0.353312730789,-0.579887032509,-0.599903047085
-0.511295199394,0.228366225958,1.2949860096,0.424817949533,-0.35237506032,-0.579632461071,-0.599489569664
-0.51222717762,0.228780299425,1.29475164413,0.425720602274,-0.351575255394,-0.583567798138,-0.595487535
-0.513469517231,0.229072093964,1.29472148418,0.427269876003,-0.350784868002,-0.584722280502,-0.5937089324
-0.514851152897,0.229282438755,1.29490494728,0.429100304842,-0.349546343088,-0.586056768894,-0.591800570488
-0.515947043896,0.229589208961,1.29478740692,0.429960310459,-0.349127709866,-0.585898458958,-0.591580152512
-0.51658064127,0.230082020164,1.29447054863,0.431022316217,-0.348743319511,-0.588282585144,-0.58866071701
-0.517706811428,0.230463057756,1.29432702065,0.432156920433,-0.348139166832,-0.588089346886,-0.588379502296
-0.518718242645,0.230581313372,1.29424035549,-0.433040887117,0.347395598888,0.589362084866,0.586893975735
-0.519919574261,0.23069190979,1.29419696331,-0.4343714118,0.346333146095,0.589337527752,0.586563050747
-0.52073019743,0.23102670908,1.29409503937,-0.435227245092,0.345990389585,0.589546501637,0.585920512676
-0.521910369396,0.231150209904,1.2942699194,-0.436684757471,0.345018684864,0.589211940765,0.585745692253
-0.522825360298,0.231339424849,1.29413795471,-0.437510937452,0.344407320023,0.588921666145,0.585780739784
-0.523643136024,0.231582030654,1.29407024384,-0.438335418701,0.343977630138,0.58856356144,0.585776805878
-0.524154901505,0.231878757477,1.29377901554,-0.438636958599,0.344061672688,0.587489545345,0.58657938242
-0.525136530399,0.232183098793,1.29374098778,0.439731925726,-0.343648523092,-0.586311638355,-0.587179899216
-0.525838136673,0.232284814119,1.29373025894,-0.440526157618,0.342684924603,0.587245285511,0.586214005947
-0.526515364647,0.232535392046,1.2936822176,-0.440825611353,0.3425758183,0.58689057827,0.586407780647
-0.527264297009,0.232634037733,1.29357242584,0.44156140089,-0.341926276684,-0.586273491383,-0.586850643158
-0.527973353863,0.232788592577,1.29348993301,0.442955046892,-0.341865569353,-0.583747506142,-0.588351547718
-0.528525769711,0.232964396477,1.29339051247,0.442617863417,-0.34145912528,-0.584857106209,-0.587739348412
-0.529103219509,0.233160227537,1.29328918457,0.44320166111,-0.341333121061,-0.584153354168,-0.588072180748
-0.529727220535,0.233345627785,1.2931548357,0.44348654151,-0.341638088226,-0.583066284657,-0.588758826256
-0.53059476614,0.233350485563,1.2932690382,0.444293707609,-0.341856360435,-0.5798817873,-0.591163814068
-0.530988276005,0.233717963099,1.29314851761,0.444916784763,-0.341986060143,-0.579593777657,-0.590902507305
-0.531497359276,0.233978152275,1.29296028614,0.446029305458,-0.341581851244,-0.578865945339,-0.591011047363
-0.531834483147,0.234284073114,1.29257059097,0.446619480848,-0.341767847538,-0.578207552433,-0.591102302074
-0.532067537308,0.234408527613,1.29238605499,0.446394175291,-0.342277556658,-0.578093826771,-0.591088831425
-0.532733261585,0.234571233392,1.29220438004,0.44734737277,-0.341897875071,-0.577220737934,-0.591440975666
-0.533079564571,0.234769150615,1.29197847843,0.448186099529,-0.342100709677,-0.575958371162,-0.591919124126
-0.533506333828,0.235110133886,1.29178965092,0.448529243469,-0.342211306095,-0.577389240265,-0.590198993683
-0.533930718899,0.235182017088,1.29164111614,0.448927491903,-0.342714756727,-0.576364934444,-0.590604960918
-0.53443557024,0.235268324614,1.29152560234,0.449528574944,-0.342860162258,-0.575486242771,-0.59092015028
-0.534954786301,0.235478371382,1.2913891077,0.449811279774,-0.343345433474,-0.574900269508,-0.590993583202
-0.535259962082,0.235952317715,1.29132568836,0.45112195611,-0.343382030725,-0.574442863464,-0.590418040752
-0.535814344883,0.235889315605,1.29123902321,0.450818657875,-0.344255715609,-0.572758734226,-0.591775298119
-0.536101818085,0.236198753119,1.29116642475,0.451652437449,-0.344459861517,-0.572414755821,-0.591353356838
-0.536497831345,0.236407846212,1.2911169529,0.452162712812,-0.344455718994,-0.572751402855,-0.590639412403
-0.536876618862,0.236673370004,1.29108917713,0.45272487402,-0.344953149557,-0.572076797485,-0.590572297573
-0.537279367447,0.236707389355,1.29108297825,0.454495161772,-0.345156162977,-0.569329082966,-0.59174823761
-0.537669897079,0.236977726221,1.29104435444,0.453583180904,-0.346137315035,-0.570354044437,-0.590887248516
-0.537973642349,0.237183839083,1.29104661942,0.455055087805,-0.346159219742,-0.569429218769,-0.590634584427
-0.538439869881,0.237561106682,1.2912863493,0.456057935953,-0.346437454224,-0.568896472454,-0.590211033821
-0.538682699203,0.237821429968,1.29126644135,0.457027286291,-0.346329718828,-0.568750321865,-0.589665174484
-0.539041876793,0.238084167242,1.29126548767,0.457464396954,-0.347364604473,-0.5663215518,-0.59105348587
-0.53918659687,0.238521203399,1.29123234749,0.45793390274,-0.347823292017,-0.566304087639,-0.590436458588
-0.539053559303,0.238821461797,1.29096364975,0.457248747349,-0.348673552275,-0.567030370235,-0.589768588543
-0.539431035519,0.238916665316,1.29105162621,0.457757592201,-0.348609954119,-0.566825449467,-0.589608430862
-0.539618015289,0.239143401384,1.29106509686,0.457774847746,-0.348550289869,-0.569094121456,-0.587440848351
-0.539806246758,0.239396721125,1.29110562801,0.458183854818,-0.349427849054,-0.566706955433,-0.588906705379
-0.539975523949,0.239636421204,1.29111266136,0.458271205425,-0.349707782269,-0.566796839237,-0.588585793972
-0.540372788906,0.239982664585,1.29111909866,0.456869542599,-0.351994335651,-0.565181314945,-0.58986467123
-0.540555417538,0.240032911301,1.29137659073,0.458198904991,-0.350669890642,-0.565931797028,-0.588902115822
-0.540629267693,0.240111216903,1.29116666317,0.457291185856,-0.351343125105,-0.565854787827,-0.589280247688
-0.54068416357,0.240248143673,1.29116940498,0.457320451736,-0.35123154521,-0.566120743752,-0.589068651199
-0.54065155983,0.24065002799,1.29120004177,0.457533210516,-0.351310074329,-0.566472649574,-0.588517725468
-0.540925443172,0.240760296583,1.29125988483,0.456920236349,-0.351226210594,-0.568451285362,-0.5871347785
-0.541080653667,0.241029456258,1.29129242897,0.456712126732,-0.351389497519,-0.56845510006,-0.587195277214
-0.54108440876,0.241304606199,1.29131901264,0.456553429365,-0.352221250534,-0.566139042377,-0.589055120945
-0.541219174862,0.241575151682,1.29134070873,0.45649343729,-0.352471202612,-0.565948963165,-0.58913475275
-0.541027903557,0.242182016373,1.29129195213,0.456339895725,-0.352763026953,-0.566507697105,-0.588541805744
-0.541232407093,0.242186486721,1.29136228561,0.456003844738,-0.352438062429,-0.566466271877,-0.589036524296
-0.541487455368,0.242393404245,1.2913839817,0.455588489771,-0.35264223814,-0.566141068935,-0.589548051357
-0.541482686996,0.242783665657,1.29145371914,0.455624103546,-0.352486997843,-0.566604495049,-0.589168071747
-0.541623353958,0.242981776595,1.29153394699,0.455286353827,-0.352029979229,-0.568830609322,-0.587555289268
-0.541935026646,0.243169233203,1.29167056084,0.45547658205,-0.35174793005,-0.56819319725,-0.588192939758
-0.542066633701,0.243467986584,1.29175817966,0.455070853233,-0.351661801338,-0.568363130093,-0.588394463062
-0.542131721973,0.243735194206,1.2918279171,0.454660713673,-0.351560980082,-0.568798005581,-0.588351309299
-0.542206406593,0.243861734867,1.29185664654,0.453840374947,-0.35175383091,-0.568779349327,-0.588887393475
-0.541984379292,0.244216829538,1.29185461998,0.453342080116,-0.351991415024,-0.56921005249,-0.588712990284
-0.541998803616,0.244463175535,1.29185473919,0.452754855156,-0.351776689291,-0.570068180561,-0.588462889194
-0.542070627213,0.244609564543,1.2919318676,0.451553910971,-0.351965785027,-0.570176899433,-0.589166820049
-0.542108356953,0.244860216975,1.2919728756,0.452043712139,-0.351562708616,-0.569561779499,-0.589626729488
-0.542312920094,0.245162710547,1.29207420349,0.452049195766,-0.351338386536,-0.569546163082,-0.589771389961
-0.542385101318,0.245399743319,1.29212629795,0.45191398263,-0.35129982233,-0.568684458733,-0.590728700161
-0.542190372944,0.245754495263,1.29209470749,0.451428085566,-0.351510763168,-0.568899452686,-0.590767562389
-0.542435646057,0.2458666116,1.29217708111,0.450996518135,-0.350959062576,-0.569300174713,-0.591039061546
-0.542646944523,0.246007740498,1.29244065285,0.451012462378,-0.350537627935,-0.569323837757,-0.591254413128
-0.542724728584,0.246207207441,1.29244613647,0.450852811337,-0.349957555532,-0.569691002369,-0.591365933418
-0.542775392532,0.246411889791,1.29246854782,0.450621634722,-0.349785417318,-0.569713115692,-0.591622769833
-0.542678117752,0.246750161052,1.29225194454,0.450049638748,-0.349809318781,-0.569716393948,-0.592040717602
-0.542728185654,0.246885865927,1.29226076603,0.449513167143,-0.349432349205,-0.570477604866,-0.591937661171
-0.542768716812,0.247158497572,1.29223430157,0.448986202478,-0.349593669176,-0.570922017097,-0.591813862324
-0.542881608009,0.247219890356,1.2922065258,0.44837936759,-0.349558353424,-0.570523142815,-0.592679023743
-0.542659163475,0.247741699219,1.29213905334,0.448090165854,-0.349632352591,-0.57114470005,-0.592255294323
-0.54276227951,0.247820079327,1.29215788841,0.447960019112,-0.349576920271,-0.570581257343,-0.592929184437
-0.54293191433,0.247982546687,1.29219353199,0.44789364934,-0.349391043186,-0.570245325565,-0.593411624432
-0.543092429638,0.248002588749,1.29219925404,0.447653263807,-0.348898291588,-0.570244967937,-0.593883275986
-0.543313682079,0.248147934675,1.29218566418,0.447788029909,-0.348915934563,-0.568038225174,-0.595882892609
-0.543482005596,0.248280093074,1.2921923399,0.448052227497,-0.348595231771,-0.567701637745,-0.596192479134
-0.543854475021,0.248365387321,1.29221534729,0.448039472103,-0.348066389561,-0.567698538303,-0.596513807774
-0.544165611267,0.24831995368,1.29219067097,0.447982728481,-0.348236352205,-0.566522777081,-0.597574234009
-0.544336080551,0.248434990644,1.29216849804,0.448116928339,-0.3480668962,-0.566140651703,-0.597934246063
-0.544362545013,0.248753294349,1.2921782732,0.44861549139,-0.347121655941,-0.568604886532,-0.595767736435
-0.544524133205,0.248827546835,1.29213619232,0.448741942644,-0.346933275461,-0.568359792233,-0.596016228199
-0.545014441013,0.24900816381,1.29232180119,0.449659794569,-0.346537083387,-0.567397475243,-0.596471488476
-0.545264840126,0.249117583036,1.29229295254,0.449950248003,-0.346503198147,-0.566694438457,-0.596940279007
-0.545621991158,0.249048620462,1.2922116518,0.449830800295,-0.346461862326,-0.565976262093,-0.597735404968
-0.545497775078,0.249095141888,1.29187786579,0.449412375689,-0.346801072359,-0.565756142139,-0.598061621189
-0.545764625072,0.249110549688,1.29180324078,0.449906259775,-0.347081542015,-0.562893152237,-0.600225150585
-0.546410858631,0.248775586486,1.29175901413,0.450107455254,-0.346394509077,-0.5619353652,-0.601367533207
-0.546729147434,0.248833522201,1.29169631004,0.450316160917,-0.345910042524,-0.563374042511,-0.600142776966
-0.546730399132,0.249099448323,1.29161024094,0.450883507729,-0.346002608538,-0.563084185123,-0.599935472012
-0.547021925449,0.249149441719,1.29154503345,0.451349645853,-0.345920920372,-0.56242442131,-0.600250780582
-0.547756433487,0.249020218849,1.29175567627,0.452501922846,-0.345057696104,-0.56153678894,-0.600710868835
-0.547990679741,0.248698294163,1.29137527943,0.451827764511,-0.344996869564,-0.561510264874,-0.601277887821
-0.548349916935,0.248691603541,1.2912671566,0.452418208122,-0.344818860292,-0.56084138155,-0.601560294628
-0.548390746117,0.248988687992,1.2911657095,0.45378690958,-0.34488594532,-0.558408737183,-0.602752804756
-0.548638641834,0.248988062143,1.2910823822,0.454214036465,-0.34490686655,-0.557956933975,-0.602837324142
-0.54896903038,0.24867990613,1.29109966755,0.454519540071,-0.344435632229,-0.557747900486,-0.603070020676
-0.549142599106,0.248755306005,1.29099535942,0.454375624657,-0.344859331846,-0.557459831238,-0.603202700615
-0.549355447292,0.248638391495,1.29094707966,0.455073803663,-0.344471722841,-0.557284474373,-0.603059887886
-0.549735844135,0.248279184103,1.29088699818,0.454907417297,-0.345007926226,-0.55593174696,-0.604126513004
-0.549768447876,0.24838295579,1.29086208344,0.455750018358,-0.344884991646,-0.555841207504,-0.603644549847
-0.549966275692,0.248118311167,1.29088246822,0.455967754126,-0.344643384218,-0.555549740791,-0.6038864851
-0.550096273422,0.247884258628,1.29086697102,0.456250756979,-0.344462037086,-0.555188536644,-0.604108452797
-0.550312042236,0.247704178095,1.29079890251,0.456726580858,-0.344057291746,-0.554856598377,-0.604284286499
-0.550577640533,0.247700363398,1.29073011875,0.457127392292,-0.343907266855,-0.554471611977,-0.604420125484
-0.55047762394,0.247795701027,1.29063272476,0.457415282726,-0.344145059586,-0.554369151592,-0.604160904884
-0.550885021687,0.247406497598,1.29063284397,0.457511812449,-0.343867450953,-0.553635835648,-0.604917943478
-0.551142156124,0.247175127268,1.29062175751,0.457868337631,-0.343726456165,-0.553059995174,-0.60525482893
-0.551232337952,0.247324675322,1.2905921936,0.458639234304,-0.343589633703,-0.552815318108,-0.604972362518
-0.551612317562,0.247015565634,1.2905882597,0.458449333906,-0.34370085597,-0.552000820637,-0.605796396732
-0.551913619041,0.246967017651,1.29051303864,0.459029018879,-0.343387335539,-0.551615178585,-0.605886280537
-0.552473664284,0.246840775013,1.29056799412,0.459866255522,-0.342805027962,-0.551061272621,-0.60608536005
-0.552840352058,0.246749699116,1.29045069218,0.460478007793,-0.342524886131,-0.550789892673,-0.60602581501
-0.553013086319,0.246558472514,1.29033887386,0.460823237896,-0.342405825853,-0.550720214844,-0.60589402914
-0.553388595581,0.246337354183,1.29025483131,0.461445271969,-0.34185385704,-0.550679802895,-0.605768978596
-0.553668558598,0.246261268854,1.29009723663,0.462175071239,-0.341553807259,-0.550602436066,-0.605452179909
-0.554191231728,0.245858445764,1.29001140594,0.462517082691,-0.34100368619,-0.550342679024,-0.605737268925
-0.554651141167,0.245698839426,1.2898658514,0.463405549526,-0.340280294418,-0.550332486629,-0.605474114418
-0.555125951767,0.245739817619,1.28986978531,0.464736640453,-0.339153021574,-0.551116704941,-0.60437220335
-0.555585443974,0.245377868414,1.28983402252,0.46564668417,-0.338668704033,-0.550863683224,-0.604173839092
-0.555994331837,0.245204240084,1.28977286816,0.466575026512,-0.337814003229,-0.553206086159,-0.601791203022
-0.556437373161,0.24503274262,1.28967440128,0.467404425144,-0.33724796772,-0.553250133991,-0.601424336433
-0.556618094444,0.244979992509,1.28955066204,0.467998534441,-0.337060719728,-0.553565680981,-0.600776731968
-0.557017207146,0.244809538126,1.28954577446,0.468764603138,-0.337077260017,-0.551736354828,-0.601852059364
-0.557799458504,0.244521379471,1.28975236416,0.470040023327,-0.335749864578,-0.552523255348,-0.600876450539
-0.558136880398,0.244273841381,1.28967809677,0.470848321915,-0.335010290146,-0.553803861141,-0.5994759202
-0.558587729931,0.244004786015,1.28957867622,0.471006333828,-0.33481490612,-0.55317902565,-0.600037693977
-0.558687090874,0.24391540885,1.28925168514,0.471040457487,-0.3346593678,-0.553730010986,-0.599589109421
-0.559010624886,0.243792831898,1.28919064999,0.471745014191,-0.33443659544,-0.553057253361,-0.599780619144
-0.559328556061,0.243716835976,1.2891343832,0.472167313099,-0.334086984396,-0.553155303001,-0.599552452564
-0.559606671333,0.243588149548,1.28909170628,0.472506016493,-0.333537489176,-0.553513884544,-0.599260509014
-0.559892117977,0.243402302265,1.28904879093,0.472973793745,-0.332926094532,-0.553952038288,-0.598826467991
-0.560059905052,0.243506044149,1.28902232647,0.473722696304,-0.332426816225,-0.55442994833,-0.598069310188
-0.560092687607,0.243614017963,1.28879642487,0.473536908627,-0.332651406527,-0.554639935493,-0.597896754742
-0.560804545879,0.243255510926,1.28881943226,0.473839640617,-0.331728368998,-0.554377436638,-0.598412871361
-0.560979127884,0.243374675512,1.28878057003,0.474449247122,-0.331211745739,-0.554712176323,-0.597905695438
-0.561465919018,0.243322074413,1.28894662857,0.475023299456,-0.330566465855,-0.55477553606,-0.597748339176
-0.561886668205,0.243099868298,1.28883945942,0.474845319986,-0.33020183444,-0.554755210876,-0.598109900951
-0.562037229538,0.243265867233,1.28876233101,0.475388914347,-0.329723984003,-0.55520927906,-0.597520112991
-0.562130689621,0.243293464184,1.2884427309,0.475441008806,-0.329662382603,-0.555438876152,-0.597299098969
-0.562453567982,0.243397057056,1.28831005096,0.476028501987,-0.328513026237,-0.557931065559,-0.59513771534
-0.562849998474,0.243318170309,1.28815257549,0.476038366556,-0.328333199024,-0.557802379131,-0.595349669456
-0.563109099865,0.243222236633,1.28809201717,0.476280808449,-0.328189313412,-0.556891798973,-0.596087217331
-0.563485503197,0.243115574121,1.28801906109,0.476802587509,-0.327952921391,-0.556070506573,-0.596566557884
-0.563822388649,0.243022412062,1.28796458244,0.476643979549,-0.327715367079,-0.556912541389,-0.596038401127
-0.563823401928,0.243049055338,1.28783023357,0.476634144783,-0.327691972256,-0.558589398861,-0.594488084316
-0.564014554024,0.243117302656,1.28776443005,0.476966440678,-0.327908486128,-0.557703495026,-0.594933688641
-0.564193248749,0.243219897151,1.28772187233,0.477829664946,-0.327580899,-0.557764053345,-0.594364285469
-0.564454257488,0.242974728346,1.2876521349,0.477376490831,-0.327612400055,-0.558229625225,-0.594274103642
-0.564882218838,0.242795094848,1.28776276112,0.477886885405,-0.32705077529,-0.559236347675,-0.593225717545
-0.564863443375,0.242784172297,1.28779423237,0.478210777044,-0.327026963234,-0.559043109417,-0.593160033226
-0.565072774887,0.242692187428,1.2877907753,0.478119283915,-0.327313989401,-0.560478389263,-0.591718971729
-0.565222918987,0.242393672466,1.28784584999,0.477956265211,-0.32749196887,-0.559908688068,-0.592291414738
-0.565145432949,0.242378622293,1.28788542747,0.47796407342,-0.32707414031,-0.563295722008,-0.589296877384
-0.565185725689,0.242257550359,1.28795182705,0.477988690138,-0.327349066734,-0.563561797142,-0.588869929314
-0.565213382244,0.242171496153,1.28800582886,0.477839022875,-0.32723519206,-0.566073298454,-0.58664137125
-0.565364360809,0.242218136787,1.28811013699,0.477151036263,-0.329441070557,-0.56409651041,-0.587869524956
-0.56539618969,0.242103010416,1.28817749023,0.477050602436,-0.32926183939,-0.566066205502,-0.586155533791
-0.565442800522,0.241953015327,1.28825819492,0.47719219327,-0.329082906246,-0.569243848324,-0.583055377007
-0.565511763096,0.241852298379,1.28835237026,0.477503031492,-0.329591929913,-0.568499803543,-0.583239495754
-0.565560817719,0.241483837366,1.28847241402,0.478291422129,-0.328143209219,-0.570851624012,-0.58110922575
-0.565863668919,0.241478890181,1.28856146336,0.477015733719,-0.329113692045,-0.573308706284,-0.579186856747
-0.565886497498,0.241258874536,1.28897452354,0.479067265987,-0.32731154561,-0.574366748333,-0.577464044094
-0.565923094749,0.241059064865,1.28880691528,-0.478723406792,0.327311933041,0.576161801815,0.57595872879
-0.566224813461,0.240938812494,1.2889020443,0.47774079442,-0.328727066517,-0.575328350067,-0.57680118084
-0.566337704659,0.240780264139,1.28895890713,0.477925688028,-0.328535139561,-0.575930476189,-0.576156139374
-0.566479861736,0.24073317647,1.2890073061,-0.477972775698,0.328162193298,0.57794803381,0.574306607246
-0.566657543182,0.240723341703,1.28905153275,-0.478157281876,0.328370124102,0.576906561852,0.57508033514
-0.56660169363,0.240658536553,1.28902864456,-0.477932631969,0.328543454409,0.577414214611,0.574658572674
-0.56708753109,0.24057161808,1.28912377357,-0.478568136692,0.327475398779,0.579275369644,0.572863399982
-0.567140102386,0.240242227912,1.2892074585,-0.479414463043,0.32572633028,0.580644667149,0.57176566124
-0.567350506783,0.240107119083,1.28927826881,-0.479786455631,0.325661659241,0.579941511154,0.572203934193
-0.567383468151,0.240019142628,1.28933668137,-0.479916810989,0.325236082077,0.580445885658,0.571825027466
-0.56754052639,0.239832043648,1.2893819809,-0.479931354523,0.324943214655,0.580393314362,0.572032809258
-0.567799270153,0.239488467574,1.28945410252,-0.479668498039,0.32469406724,0.580111980438,0.572679758072
-0.567552983761,0.23950587213,1.2894654274,-0.479813992977,0.324677228928,0.58013099432,0.572548091412
-0.567636191845,0.239331275225,1.28952407837,-0.479513972998,0.324430316687,0.580165326595,0.572904467583
-0.568015575409,0.239014774561,1.2897156477,-0.479806661606,0.323665857315,0.579853951931,0.573406934738
-0.568132400513,0.23879237473,1.28983283043,-0.479768663645,0.323502540588,0.579359412193,0.574030399323
-0.568159937859,0.238656744361,1.28993427753,-0.479701519012,0.323386967182,0.578959882259,0.574554562569
-0.568189024925,0.238307490945,1.29008316994,-0.47940787673,0.32316917181,0.578718006611,0.575165390968
-0.568274736404,0.237938657403,1.29019260406,0.478741914034,-0.323385477066,-0.577120840549,-0.577199935913
-0.568190038204,0.237707942724,1.29032707214,-0.478443920612,0.323255360126,0.57739931345,0.577241122723
-0.568130671978,0.237498745322,1.29037833214,-0.47825101018,0.323164343834,0.577700972557,0.577150285244
-0.56801199913,0.237299352884,1.29055142403,-0.477855056524,0.323163628578,0.577664375305,0.57751506567
-0.567845344543,0.237194120884,1.29063212872,0.477540493011,-0.323366671801,-0.577362954617,-0.57796305418
-0.567493975163,0.23714491725,1.29076850414,0.477138161659,-0.323510587215,-0.577533245087,-0.578044593334
-0.567350924015,0.236933708191,1.29085111618,0.476810783148,-0.323636740446,-0.576428055763,-0.579345703125
-0.567176878452,0.236721113324,1.29093968868,0.476393461227,-0.323775291443,-0.576162576675,-0.579875409603
-0.567201197147,0.236306011677,1.29102396965,0.475232720375,-0.323883414268,-0.576098799706,-0.580830097198
-0.566991209984,0.23611536622,1.29118430614,0.474843263626,-0.32331135869,-0.577484667301,-0.580090761185
-0.566876351833,0.235948905349,1.29128265381,0.474402785301,-0.323531627655,-0.576897680759,-0.580911755562
-0.566608905792,0.235756024718,1.29129683971,0.473627656698,-0.324282258749,-0.575841784477,-0.582171916962
-0.566631376743,0.235241621733,1.29151856899,0.473191201687,-0.323844790459,-0.575003087521,-0.583597540855
-0.566524863243,0.235255777836,1.29160892963,0.472894221544,-0.324152320623,-0.574538350105,-0.584125161171
-0.566449761391,0.235269233584,1.29172456264,0.472666889429,-0.324445188046,-0.573904037476,-0.584769666195
-0.566338002682,0.234956681728,1.29188632965,0.471847057343,-0.324036598206,-0.575180768967,-0.584403574467
-0.566240847111,0.234863996506,1.29202497005,0.471372961998,-0.324583262205,-0.573414564133,-0.586215913296
-0.566196501255,0.234922468662,1.2923579216,0.471979230642,-0.324391067028,-0.572956562042,-0.586282432079
-0.565963566303,0.235013529658,1.29249227047,0.47156649828,-0.324529409409,-0.573292732239,-0.586209177971
-0.565841138363,0.23473225534,1.29264843464,0.470754683018,-0.324887603521,-0.572864115238,-0.587081730366
-0.565556108952,0.234609127045,1.29278862476,0.470415562391,-0.324560672045,-0.574122846127,-0.586304306984
-0.56538528204,0.234403163195,1.29289877415,0.469877541065,-0.324649959803,-0.573956906796,-0.586848378181
-0.565205812454,0.234287381172,1.29303610325,0.46949955821,-0.325453281403,-0.571293354034,-0.589299917221
-0.565086245537,0.234101772308,1.29313409328,0.468727260828,-0.326050549746,-0.570596814156,-0.590258538723
-0.5650177598,0.233977109194,1.29323089123,0.467905014753,-0.326641529799,-0.569929301739,-0.591228365898
-0.564556539059,0.233788654208,1.29312694073,0.466579824686,-0.326473087072,-0.572323322296,-0.590054750443
-0.564245045185,0.233809903264,1.29323065281,0.466429114342,-0.326827853918,-0.570425212383,-0.591813027859
-0.564127922058,0.233792245388,1.29352843761,0.466518819332,-0.327257573605,-0.569317996502,-0.59257042408
-0.564027190208,0.23338380456,1.29363763332,0.465397924185,-0.327453047037,-0.568784415722,-0.593854904175
-0.563412904739,0.233562082052,1.29358386993,0.465023547411,-0.327754408121,-0.568836808205,-0.593931794167
-0.564166784286,0.233191877604,1.2940864563,0.465886026621,-0.326524317265,-0.567765116692,-0.594957947731
-0.562945067883,0.233300954103,1.29399704933,0.463795989752,-0.327981770039,-0.568587005138,-0.595004320145
-0.562639474869,0.233163014054,1.29405808449,0.462830364704,-0.328535467386,-0.56947517395,-0.594601273537
-0.561995506287,0.233194470406,1.29386138916,0.461903333664,-0.32983186841,-0.567211806774,-0.596763670444
-0.561791658401,0.233074694872,1.29419398308,0.461464315653,-0.329851478338,-0.567707419395,-0.596621394157
-0.561551272869,0.232810378075,1.29426348209,0.460502564907,-0.330680668354,-0.566606640816,-0.597950279713
-0.56103104353,0.232678309083,1.29438149929,0.459918051958,-0.330954611301,-0.567093372345,-0.597787201405
-0.560453951359,0.232554584742,1.29417252541,0.458772659302,-0.33173853159,-0.566848397255,-0.598464787006
-0.560111939907,0.232464700937,1.29416620731,0.458096653223,-0.332241028547,-0.566382944584,-0.599144160748
-0.559882044792,0.232331424952,1.29449605942,0.458016335964,-0.332693308592,-0.565408468246,-0.59987449646
-0.559495031834,0.232201695442,1.29456102848,0.457919090986,-0.33254379034,-0.565307617188,-0.600126743317
-0.558869898319,0.232199400663,1.29439973831,0.456417769194,-0.33391854167,-0.563331902027,-0.602360785007
-0.558542847633,0.231959909201,1.29443514347,0.455406308174,-0.334445536137,-0.564367055893,-0.601864755154
-0.558178246021,0.23182952404,1.29446959496,0.454432845116,-0.335309386253,-0.562461435795,-0.603900432587
-0.557798206806,0.231704801321,1.29448866844,0.453978151083,-0.335946261883,-0.563157260418,-0.60323959589
-0.557434976101,0.231696233153,1.29453039169,0.45341911912,-0.336827278137,-0.562300443649,-0.603967487812
-0.557107210159,0.231584593654,1.29459381104,0.452783077955,-0.337482094765,-0.561105430126,-0.605189323425
-0.556801438332,0.2314709723,1.29462110996,0.452408343554,-0.338108181953,-0.560418605804,-0.605756282806
-0.556237816811,0.23140616715,1.29454362392,0.452054381371,-0.338522523642,-0.561413526535,-0.60486716032
-0.5561196208,0.231237620115,1.29459476471,0.451905846596,-0.339099675417,-0.56010979414,-0.605862557888
-0.555912852287,0.230930745602,1.29456043243,0.450942248106,-0.339848726988,-0.558663845062,-0.607493698597
-0.555679619312,0.230722546577,1.29455792904,0.45022970438,-0.340651214123,-0.557714402676,-0.608444571495
-0.555235624313,0.230771094561,1.29460799694,0.450238078833,-0.340931326151,-0.558711826801,-0.607365489006
-0.555166959763,0.230607405305,1.29482352734,0.450408279896,-0.341511160135,-0.557238519192,-0.608266413212
-0.554901540279,0.23058950901,1.29485404491,0.450229376554,-0.342338413,-0.555798411369,-0.609250664711
-0.554684996605,0.230461031199,1.29483485222,0.449892610312,-0.342747807503,-0.556200325489,-0.608902096748
-0.554332137108,0.23039726913,1.29493677616,0.44971549511,-0.343808293343,-0.555057942867,-0.609477519989
-0.553855895996,0.230292290449,1.2946305275,0.44910299778,-0.344224363565,-0.555289268494,-0.609483420849
-0.553994119167,0.229864865541,1.29483366013,0.44883531332,-0.344798266888,-0.552627205849,-0.611771583557
-0.553770899773,0.229698985815,1.29485297203,0.448538601398,-0.345132738352,-0.553071320057,-0.611399054527
-0.553171515465,0.229680031538,1.29456841946,0.447837978601,-0.346310257912,-0.55236697197,-0.611883223057
-0.552896022797,0.229543074965,1.29450261593,0.447420299053,-0.346872866154,-0.55182248354,-0.612361311913
-0.552692592144,0.229347094893,1.29449164867,0.447262316942,-0.347580224276,-0.550716876984,-0.613070428371
-0.552440941334,0.229182273149,1.29446518421,0.446893155575,-0.348149895668,-0.550035595894,-0.613627791405
-0.552205145359,0.229006484151,1.29447853565,0.446605682373,-0.348754227161,-0.548262536526,-0.615078985691
-0.55196595192,0.229049146175,1.29451668262,0.446344017982,-0.349419414997,-0.548439025879,-0.614734053612
-0.551768481731,0.228876084089,1.29450011253,0.446177482605,-0.349933087826,-0.547477066517,-0.615419685841
-0.55156904459,0.228701204062,1.29451203346,0.445772558451,-0.350376307964,-0.546815216541,-0.616049051285
-0.551406264305,0.228448003531,1.29454958439,0.445845276117,-0.350803732872,-0.54638260603,-0.61613702774
-0.551173627377,0.228216513991,1.29459309578,0.445278227329,-0.351043611765,-0.546112656593,-0.616649568081
-0.551288068295,0.228036373854,1.29489445686,0.445468097925,-0.351020872593,-0.54523563385,-0.617301225662
-0.550941646099,0.227981925011,1.29495823383,0.445094615221,-0.351984798908,-0.544113636017,-0.618011236191
-0.550742924213,0.227676406503,1.29501664639,0.444984912872,-0.352102786303,-0.54314917326,-0.618870854378
-0.550498127937,0.227622538805,1.29509675503,0.444279640913,-0.352605432272,-0.542488157749,-0.619670629501
-0.550216078758,0.227484941483,1.29517102242,0.443919062614,-0.353084445,-0.541559457779,-0.620468139648
-0.54955381155,0.227387815714,1.29493069649,0.442737817764,-0.35413774848,-0.540937542915,-0.621253788471
-0.549276947975,0.227205201983,1.29496860504,0.442104786634,-0.354452639818,-0.539952039719,-0.622381269932
-0.548921406269,0.227018684149,1.29498445988,0.441871702671,-0.355011045933,-0.538559854031,-0.623434245586
-0.548650681973,0.226827770472,1.2950335741,0.441176146269,-0.355521678925,-0.537590801716,-0.624471187592
-0.548224508762,0.226638659835,1.29500210285,0.440539240837,-0.35613951087,-0.535938501358,-0.625986874104
-0.547776341438,0.226438447833,1.29505109787,0.439623475075,-0.356772243977,-0.534931719303,-0.627130746841
-0.547412693501,0.226272776723,1.29510474205,0.438770651817,-0.357313394547,-0.533642292023,-0.62851691246
-0.54695558548,0.226070135832,1.29516935349,0.438077270985,-0.357957601547,-0.531823992729,-0.630173027515
-0.54656124115,0.225880607963,1.29524195194,0.437444835901,-0.358449369669,-0.530325055122,-0.631594359875
-0.546143651009,0.225582361221,1.29534065723,0.43679228425,-0.359093874693,-0.529906749725,-0.632030904293
-0.54566013813,0.225204467773,1.29546678066,0.435971140862,-0.35970428586,-0.528117895126,-0.633745551109
-0.545130193233,0.22490991652,1.29550230503,0.435023128986,-0.360423505306,-0.525953650475,-0.63578504324
-0.544979810715,0.224539369345,1.29581773281,0.435003012419,-0.360593706369,-0.523322105408,-0.637870430946
-0.544478178024,0.224289298058,1.29586148262,0.434086352587,-0.361328333616,-0.520772695541,-0.640161573887
-0.543972611427,0.224036931992,1.29590678215,0.433286428452,-0.361974895,-0.518296599388,-0.642343938351
-0.543104112148,0.223796874285,1.29577898979,0.43164473772,-0.362931281328,-0.516192376614,-0.644599974155
-0.542521059513,0.223484992981,1.2957880497,0.430400371552,-0.363680541515,-0.513516664505,-0.64714205265
-0.541938781738,0.223165214062,1.29581809044,0.429261386395,-0.364331960678,-0.510720849037,-0.649739325047
-0.541401565075,0.222816824913,1.29585051537,0.428291112185,-0.364893496037,-0.507523357868,-0.652563750744
-0.540856182575,0.222476094961,1.29595947266,0.424986243248,-0.364415258169,-0.49839630723,-0.661958813667
-0.54038310051,0.221814215183,1.29598140717,0.423184096813,-0.364845812321,-0.495239853859,-0.665237128735
-0.539790332317,0.221994131804,1.2961397171,0.425406575203,-0.367077887058,-0.491663187742,-0.66524463892
-0.539048016071,0.221703991294,1.29612004757,0.421999663115,-0.366146564484,-0.488096892834,-0.670533061028
-0.538817584515,0.220916122198,1.29646658897,0.420567572117,-0.366194248199,-0.484103739262,-0.674291014671
-0.538221001625,0.220925062895,1.29655313492,0.42453494668,-0.368342339993,-0.481863588095,-0.672236263752
-0.537295043468,0.22059866786,1.29629266262,0.420219510794,-0.367579698563,-0.474029898643,-0.680879175663
-0.537107408047,0.219701811671,1.2966324091,0.41873472929,-0.367521286011,-0.469536811113,-0.684926688671
-0.536385893822,0.21957436204,1.2968711853,0.417944937944,-0.368429988623,-0.465037882328,-0.687983393669
-0.53589785099,0.219187930226,1.29696977139,0.416907250881,-0.368741750717,-0.460233598948,-0.691666781902
-0.534989714622,0.218812704086,1.296646595,0.415116161108,-0.369523525238,-0.455729186535,-0.695299804211
-0.534448683262,0.218344569206,1.29681539536,0.414024800062,-0.369940936565,-0.450593203306,-0.699065744877
-0.533893585205,0.217941403389,1.29685282707,0.412636399269,-0.370408713818,-0.445639431477,-0.70280444622
-0.533466279507,0.217331767082,1.29691040516,0.411328405142,-0.370568841696,-0.440328985453,-0.706822633743
-0.532744526863,0.217094480991,1.29688870907,0.40999481082,-0.371142059565,-0.435197591782,-0.710465312004
-0.532396972179,0.216548621655,1.29730737209,0.407470613718,-0.371342986822,-0.432063937187,-0.713717699051
-0.531761884689,0.216050565243,1.29733109474,0.405888915062,-0.371745169163,-0.426646858454,-0.717657506466
-0.531132102013,0.215580657125,1.29736793041,0.4043148458,-0.372042924166,-0.421776145697,-0.721261739731
-0.53055614233,0.214868873358,1.29746735096,0.402743011713,-0.372320830822,-0.415940970182,-0.725374698639
-0.530006229877,0.214468970895,1.29761731625,0.401420623064,-0.372538894415,-0.410076707602,-0.729323863983
-0.52934640646,0.214030712843,1.29792547226,0.400077611208,-0.373006671667,-0.404284209013,-0.733047127724
-0.52873903513,0.213530570269,1.29767715931,0.398630827665,-0.372990936041,-0.398269087076,-0.737124800682
-0.52806609869,0.212669998407,1.29703330994,0.396143704653,-0.37260517478,-0.393076777458,-0.741435289383
-0.527564644814,0.212201014161,1.29807817936,0.395203471184,-0.373514682055,-0.386912643909,-0.74471449852
-0.526810884476,0.211899846792,1.29811882973,0.393595546484,-0.374004870653,-0.380999684334,-0.748359680176
-0.52609783411,0.211078509688,1.29780459404,0.391735762358,-0.373715311289,-0.375528752804,-0.752235472202
-0.526762247086,0.210741221905,1.29761958122,0.391917943954,-0.372148841619,-0.368638932705,-0.756314098835
-0.526381492615,0.210174992681,1.29788815975,0.391017079353,-0.371927767992,-0.362151771784,-0.760014176369
-0.525635242462,0.209954977036,1.29799580574,0.389829128981,-0.372217237949,-0.356464624405,-0.763164877892
-0.524750649929,0.209285289049,1.29781126976,0.387766808271,-0.372378498316,-0.350647687912,-0.766822993755
-0.523968279362,0.208893597126,1.29795861244,0.386082947254,-0.372583150864,-0.344732552767,-0.770247519016
-0.523501694202,0.208227977157,1.29806637764,0.384300202131,-0.37214577198,-0.338926404715,-0.773918569088
-0.522805333138,0.207678407431,1.29821944237,0.382573872805,-0.371989220381,-0.333103090525,-0.77736967802
-0.520668506622,0.207183554769,1.29814314842,0.378998488188,-0.373661309481,-0.328061878681,-0.780456721783
-0.521566152573,0.206652656198,1.29854905605,0.378934383392,-0.371387273073,-0.321233391762,-0.784403860569
-0.520946502686,0.205937579274,1.29877209663,0.37703704834,-0.37065577507,-0.314793556929,-0.788265407085
-0.518861949444,0.205587595701,1.2987408638,0.373373657465,-0.372282445431,-0.309254258871,-0.791428983212
-0.519374608994,0.205743104219,1.2991989851,0.372610867023,-0.37106308341,-0.3009121418,-0.795566022396
-0.517596960068,0.20437143743,1.29924547672,0.368643373251,-0.370399832726,-0.297039061785,-0.799170672894
-0.516918063164,0.203835949302,1.29943442345,0.366271942854,-0.36991044879,-0.290495038033,-0.802884697914
-0.51770734787,0.203408390284,1.30010211468,0.365425884724,-0.367517441511,-0.282643258572,-0.807160258293
-0.515414595604,0.202596202493,1.29973173141,0.360731095076,-0.368283033371,-0.277066707611,-0.810848236084
-0.514820337296,0.202192634344,1.30005645752,0.358663409948,-0.367208331823,-0.270205646753,-0.81455975771
-0.514550983906,0.201734796166,1.30085945129,0.356143444777,-0.366262793541,-0.263373494148,-0.818320214748
-0.515171468258,0.201645463705,1.30151069164,0.354906141758,-0.36357486248,-0.255673617125,-0.822487652302
-0.514698565006,0.200499862432,1.30192136765,0.35258436203,-0.361369490623,-0.250390768051,-0.826075613499
-0.514020323753,0.200047194958,1.30233371258,0.349957317114,-0.360614895821,-0.243375182152,-0.829611539841
-0.513272583485,0.199510037899,1.30275952816,0.347104936838,-0.359262049198,-0.238090053201,-0.832923769951
-0.512741804123,0.198871195316,1.30319464207,0.344691455364,-0.357568740845,-0.231868252158,-0.836402773857
-0.511863231659,0.198360696435,1.3037122488,0.341475844383,-0.356385648251,-0.226280733943,-0.839750349522
-0.511387526989,0.198272883892,1.30440068245,0.338707536459,-0.355741173029,-0.219861209393,-0.842844247818
-0.510670781136,0.197665065527,1.30489063263,0.335709214211,-0.354467570782,-0.214183628559,-0.846036374569
-0.509960889816,0.197197705507,1.30536031723,0.333276480436,-0.353181034327,-0.208720773458,-0.848896741867
-0.509334087372,0.196489304304,1.30583155155,0.330459058285,-0.351785898209,-0.204142674804,-0.851686179638
-0.508808374405,0.19606372714,1.30627465248,0.328236699104,-0.350127279758,-0.199212536216,-0.854392111301
-0.508129894733,0.195256099105,1.30682086945,0.326162517071,-0.348755180836,-0.194552689791,-0.856817960739
-0.507561564445,0.194968953729,1.30723512173,0.32377243042,-0.347915291786,-0.189558163285,-0.859182238579
-0.506827175617,0.194533497095,1.30739951134,0.321428000927,-0.346603184938,-0.185055449605,-0.861571073532
-0.506461262703,0.194003641605,1.30813479424,0.319520264864,-0.34518635273,-0.181943491101,-0.863510131836
-0.504076659679,0.193540140986,1.30747842789,0.315728783607,-0.345586299896,-0.178569957614,-0.865446805954
-0.503479063511,0.192950129509,1.30784165859,0.313687324524,-0.344519793987,-0.175416454673,-0.867257416248
-0.503370940685,0.192198649049,1.30862891674,0.312712430954,-0.34301930666,-0.172626793385,-0.868762731552
-0.504388809204,0.191581398249,1.30969309807,0.312941163778,-0.340432375669,-0.169939815998,-0.870226502419
-0.501487970352,0.191182076931,1.30851197243,0.308182537556,-0.34129178524,-0.167206913233,-0.872115373611
-0.501531124115,0.190720230341,1.30938267708,0.307172596455,-0.340255558491,-0.164402738214,-0.873408854008
-0.501214385033,0.190320968628,1.3097165823,0.306357473135,-0.339751303196,-0.161502078176,-0.87443202734
-0.500801026821,0.189786285162,1.30994772911,0.305393457413,-0.339059442282,-0.159858226776,-0.875339329243
-0.50035816431,0.18937125802,1.31029379368,0.305260807276,-0.338761001825,-0.157927721739,-0.875851452351
-0.500106990337,0.188991189003,1.31060242653,0.304747074842,-0.338373869658,-0.156350523233,-0.876462697983
-0.499781906605,0.188578039408,1.31078708172,0.304039955139,-0.33819437027,-0.154808670282,-0.877051115036
-0.499603033066,0.188099116087,1.31094658375,0.30387917161,-0.337706923485,-0.153683528304,-0.877492368221
-0.498815923929,0.187903523445,1.3107354641,0.302954077721,-0.338184058666,-0.15236787498,-0.877857863903
-0.498525500298,0.187513798475,1.31093156338,0.303214132786,-0.338387697935,-0.152063146234,-0.877742409706
-0.499123185873,0.187290415168,1.31183505058,0.303803473711,-0.338391005993,-0.150697723031,-0.87777286768
-0.498736202717,0.186900764704,1.31143534184,0.303552955389,-0.338338464499,-0.149713516235,-0.878048181534
-0.498654395342,0.186523780227,1.31142759323,0.303752750158,-0.338373750448,-0.149292960763,-0.878037154675
-0.498540610075,0.186490118504,1.31141400337,0.303799301386,-0.338743299246,-0.14865000546,-0.877987623215
-0.498589217663,0.186158716679,1.31141960621,0.30453568697,-0.33888027072,-0.148471042514,-0.87770986557
-0.498190999031,0.185707822442,1.31102728844,0.305204242468,-0.338787138462,-0.148622140288,-0.877487957478
-0.498245060444,0.185495465994,1.31098568439,0.305804669857,-0.338945180178,-0.148571044207,-0.877226471901
-0.499005317688,0.185276180506,1.31142270565,0.307209074497,-0.338533371687,-0.148556768894,-0.876897215843
-0.499551892281,0.185255050659,1.31184244156,0.308142721653,-0.338800013065,-0.148825034499,-0.876420974731
-0.498941123486,0.185053065419,1.31089878082,0.307936131954,-0.338569462299,-0.149461016059,-0.876474559307
-0.499664247036,0.184820130467,1.31125247478,0.309236377478,-0.338025033474,-0.149908408523,-0.876150369644
-0.499930769205,0.184714287519,1.31122553349,0.309471666813,-0.337920039892,-0.149709582329,-0.876141786575
-0.500155568123,0.18460445106,1.31121385098,0.309938132763,-0.337788790464,-0.150130823255,-0.875955402851
-0.502120494843,0.184551134706,1.31233513355,0.312067270279,-0.336764752865,-0.150025621057,-0.875611722469
-0.500136733055,0.184270888567,1.31077420712,0.310450494289,-0.337856978178,-0.152024000883,-0.875420987606
-0.500813066959,0.18415056169,1.31113541126,0.310998350382,-0.338099956512,-0.153178781271,-0.874931275845
-0.50103110075,0.183917343616,1.31109845638,0.311406701803,-0.338189065456,-0.15450823307,-0.874517738819
-0.501191735268,0.183794379234,1.31105303764,0.312016367912,-0.338499009609,-0.156211063266,-0.873877763748
-0.501428067684,0.183596283197,1.31101477146,0.312892407179,-0.339054644108,-0.158032238483,-0.873021245003
-0.50156968832,0.183507174253,1.31089174747,0.313686192036,-0.33946377039,-0.160184964538,-0.872184693813
-0.501717805862,0.183287352324,1.31077730656,0.314870268106,-0.340303480625,-0.162980943918,-0.870911836624
-0.501869559288,0.183103352785,1.31062626839,0.316200047731,-0.341166198254,-0.166128337383,-0.869496762753
-0.502007365227,0.182835519314,1.31047320366,0.317044377327,-0.341775119305,-0.168911114335,-0.86841326952
-0.502122104168,0.182678326964,1.3103158474,0.318537771702,-0.342849105597,-0.172123253345,-0.866811335087
-0.502244591713,0.182566523552,1.3101798296,0.320154994726,-0.34402012825,-0.176149845123,-0.864940524101
-0.502382576466,0.182177588344,1.31009566784,0.321667909622,-0.345125615597,-0.180289462209,-0.863083899021
-0.501980245113,0.182152941823,1.30952632427,0.322834432125,-0.346343874931,-0.184669822454,-0.861232280731
-0.504583716393,0.182052195072,1.31084775925,0.326710253954,-0.345765680075,-0.187533929944,-0.859382092953
-0.503284573555,0.181972026825,1.30994641781,0.326310217381,-0.347645044327,-0.192330658436,-0.857714116573
-0.503445148468,0.182120859623,1.30978953838,0.326948583126,-0.348928332329,-0.195980370045,-0.856122195721
-0.503819048405,0.181903898716,1.30972445011,0.329302221537,-0.348774373531,-0.201244920492,-0.854059159756
-0.504125833511,0.182149648666,1.30960810184,0.329665929079,-0.350020945072,-0.204689085484,-0.852589070797
-0.504411518574,0.182069540024,1.30957973003,0.331001520157,-0.350514054298,-0.209774002433,-0.850630879402
-0.504808545113,0.181913539767,1.30961036682,0.332805454731,-0.350728005171,-0.214929103851,-0.848549306393
-0.505231022835,0.182064026594,1.30961787701,0.33390468359,-0.351340770721,-0.219458967447,-0.846702516079
-0.505411684513,0.182092875242,1.30930268764,0.334941864014,-0.351726084948,-0.224661678076,-0.844766139984
-0.505782425404,0.182132422924,1.30937254429,0.336217463017,-0.352091699839,-0.229856595397,-0.842707157135
-0.506210207939,0.182264685631,1.30943739414,0.337544292212,-0.352612018585,-0.234998196363,-0.840538263321
-0.506548941135,0.182371675968,1.30950260162,0.338888823986,-0.353171676397,-0.240449219942,-0.838217377663
-0.507035374641,0.182346478105,1.30958795547,0.340310275555,-0.353322088718,-0.246097698808,-0.835935592651
-0.507646203041,0.182434156537,1.30966866016,0.341818571091,-0.353184551001,-0.251057386398,-0.833901107311
-0.508167743683,0.182572335005,1.30964553356,0.342815607786,-0.353617578745,-0.256317436695,-0.831705212593
-0.508714795113,0.182842820883,1.30963003635,0.344353407621,-0.35371363163,-0.261570751667,-0.829390227795
-0.509031414986,0.183149814606,1.30956482887,0.345854520798,-0.353988230228,-0.267123907804,-0.826874792576
-0.50950294733,0.183362931013,1.30950605869,0.3474214077,-0.354048758745,-0.272561967373,-0.824413597584
-0.51007694006,0.183368057013,1.30937027931,0.348602086306,-0.353820383549,-0.278208851814,-0.822123885155
-0.510527968407,0.183331310749,1.30919182301,0.349333018064,-0.353890508413,-0.283540517092,-0.819959044456
-0.510884284973,0.183623462915,1.3090865612,0.350620359182,-0.354173719883,-0.289034724236,-0.817364871502
-0.511763036251,0.18388427794,1.30953717232,0.352555334568,-0.354191929102,-0.294787526131,-0.814465045929
-0.512235641479,0.184214681387,1.30944275856,0.353896290064,-0.354286760092,-0.3003937006,-0.811789393425
-0.512661397457,0.184623882174,1.30927455425,0.355615675449,-0.354696661234,-0.30570858717,-0.808869600296
-0.513203620911,0.184705674648,1.3101041317,0.357025325298,-0.355483293533,-0.312170863152,-0.805427789688
-0.513730823994,0.184735894203,1.30993592739,0.358209639788,-0.355340927839,-0.318453192711,-0.802500009537
-0.515861332417,0.185297518969,1.30891871452,0.36164483428,-0.352647989988,-0.322879582644,-0.800375640392
-0.516133368015,0.185685455799,1.30883049965,0.363035947084,-0.353020846844,-0.329395532608,-0.796918988228
-0.516479492188,0.186058729887,1.30864918232,0.364031195641,-0.353290379047,-0.335686534643,-0.793713927269
-0.517255008221,0.186567902565,1.30833375454,0.366019070148,-0.353037536144,-0.341486692429,-0.790431201458
-0.515493273735,0.186315089464,1.30935668945,0.36408251524,-0.356914162636,-0.349628061056,-0.786013007164
-0.515999794006,0.186784908175,1.30924391747,0.365697622299,-0.356794863939,-0.355671554804,-0.782598555088
-0.516529202461,0.187207594514,1.30911302567,0.366822242737,-0.357063472271,-0.36187633872,-0.779097378254
-0.516942441463,0.187634766102,1.30903470516,0.368271350861,-0.357423961163,-0.36783733964,-0.775448381901
-0.517562747002,0.187716841698,1.30888104439,0.369360297918,-0.357079595327,-0.374107986689,-0.772081911564
-0.51802611351,0.188170671463,1.30871713161,0.3702647686,-0.357241660357,-0.380571126938,-0.76840621233
-0.518459022045,0.188916295767,1.30849778652,0.371626228094,-0.357760101557,-0.386235445738,-0.764672458172
-0.520765185356,0.189497113228,1.30780351162,0.375003129244,-0.35490244627,-0.391163796186,-0.761845052242
-0.519488215446,0.190205544233,1.30784344673,0.373788058758,-0.357847392559,-0.39849615097,-0.757250726223
-0.520038723946,0.190731555223,1.30669486523,0.373784512281,-0.357576042414,-0.404542773962,-0.754168212414
-0.520799100399,0.191082924604,1.30699026585,0.375228643417,-0.357291400433,-0.410705387592,-0.75024497509
-0.521075606346,0.19171898067,1.30699503422,0.375852227211,-0.357731074095,-0.417105704546,-0.746181368828
-0.521460354328,0.192491590977,1.30672812462,0.37667298317,-0.357774317265,-0.42325013876,-0.74227643013
-0.523577868938,0.192937999964,1.30621778965,0.379597991705,-0.354692310095,-0.428492575884,-0.739251613617
-0.523936450481,0.19373190403,1.30563855171,0.380165994167,-0.354410380125,-0.434956967831,-0.735309243202
-0.522700667381,0.194122731686,1.30608594418,0.378969073296,-0.356575280428,-0.442190676928,-0.730550527573
-0.524797320366,0.194991827011,1.30540001392,0.381274670362,-0.353500723839,-0.446831613779,-0.728016853333
-0.523333787918,0.195611968637,1.30566751957,0.37910965085,-0.355837851763,-0.454512625933,-0.723238348961
-0.523653745651,0.196543514729,1.30533659458,0.379396349192,-0.355627685785,-0.460005789995,-0.71970975399
-0.523880243301,0.197272390127,1.30510950089,0.379173308611,-0.355206221342,-0.46590846777,-0.716230154037
-0.524168491364,0.198144078255,1.30491888523,0.379264056683,-0.354485809803,-0.47165364027,-0.712770283222
-0.524470865726,0.199009954929,1.304464221,0.379198551178,-0.35396116972,-0.47762709856,-0.709078550339
-0.524470627308,0.199707955122,1.30456316471,0.379194408655,-0.353612154722,-0.483476310968,-0.705280542374
-0.5261926651,0.200797393918,1.30376601219,0.380820393562,-0.350997835398,-0.487687051296,-0.702807128429
-0.526204109192,0.201654627919,1.30362546444,0.380529850721,-0.350660353899,-0.493421137333,-0.699120938778
-0.524752080441,0.202506572008,1.30402839184,0.37878036499,-0.352395683527,-0.500195920467,-0.694367825985
-0.524911761284,0.203563854098,1.30355739594,0.378317207098,-0.351761668921,-0.50571846962,-0.690933346748
-0.524949848652,0.20454403758,1.30342340469,0.378002405167,-0.351148843765,-0.511386930943,-0.687235176563
-0.524900972843,0.205614715815,1.30316865444,0.377829670906,-0.350704282522,-0.516531407833,-0.683700621128
-0.524691164494,0.206708341837,1.30261814594,0.376931935549,-0.350400954485,-0.522234261036,-0.680009543896
-0.524874210358,0.207714557648,1.30275094509,0.376989841461,-0.349659115076,-0.527192413807,-0.676524460316
-0.52473282814,0.208599954844,1.30261600018,0.376796513796,-0.348985224962,-0.532577157021,-0.672752082348
-0.524551987648,0.209853649139,1.30206501484,0.375850111246,-0.349114447832,-0.537424564362,-0.669350981712
-0.524802863598,0.210788443685,1.30217266083,0.376017719507,-0.348359853029,-0.541679263115,-0.666212975979
-0.524799048901,0.212037354708,1.30187702179,0.375648081303,-0.34813272953,-0.546281754971,-0.662773370743
-0.524648308754,0.213119149208,1.30150926113,0.375327706337,-0.347789824009,-0.550772547722,-0.65940964222
-0.524541854858,0.214227646589,1.30128741264,0.374963730574,-0.347618877888,-0.554864883423,-0.656268596649
-0.524614036083,0.215421795845,1.30098986626,0.375025987625,-0.34718888998,-0.558597385883,-0.653287470341
-0.524574160576,0.216505110264,1.30067515373,0.374361127615,-0.347155541182,-0.562837898731,-0.650038719177
-0.524540483952,0.217817932367,1.30005574226,0.372581094503,-0.34883248806,-0.565860390663,-0.64753484726
-0.524570405483,0.218983575702,1.30004680157,0.375415474176,-0.346127569675,-0.570751309395,-0.643041193485
-0.524872303009,0.219966202974,1.29924106598,0.368992030621,-0.351719111204,-0.570768237114,-0.643709778786
-0.524679362774,0.221629023552,1.29920387268,0.372209727764,-0.34898725152,-0.575999140739,-0.638665020466
-0.524998724461,0.222551390529,1.29913234711,0.37271758914,-0.348706245422,-0.578360319138,-0.636384248734
-0.525209188461,0.223618239164,1.29868412018,0.372456073761,-0.348942041397,-0.58079212904,-0.634189784527
-0.52527654171,0.224791407585,1.29827916622,0.373213648796,-0.349205702543,-0.582612812519,-0.631925225258
-0.525396168232,0.226060882211,1.29797279835,0.372358739376,-0.34947270155,-0.586244821548,-0.628915727139
-0.525307655334,0.227302968502,1.29724943638,0.372570008039,-0.349763423204,-0.588426589966,-0.626587152481
-0.525406837463,0.228479534388,1.29687678814,0.372772455215,-0.35042026639,-0.589638829231,-0.62495803833
-0.525498390198,0.229532644153,1.29651510715,0.374199360609,-0.35157135129,-0.595074951649,-0.618270456791
-0.525946080685,0.230835855007,1.29638171196,0.375024974346,-0.351814627647,-0.596350908279,-0.616399645805
-0.526060581207,0.232015371323,1.29606437683,0.375584959984,-0.35209196806,-0.59777545929,-0.614517390728
-0.526218116283,0.233214795589,1.29567337036,0.37581166625,-0.352836251259,-0.598704755306,-0.613045692444
-0.52619177103,0.234431490302,1.29492795467,0.375845015049,-0.353065609932,-0.600584447384,-0.611051261425
-0.526504456997,0.235547930002,1.29491233826,0.377210468054,-0.353076934814,-0.601050853729,-0.609743237495
-0.526710629463,0.236560419202,1.29455184937,0.377731978893,-0.35325345397,-0.601916432381,-0.608463048935
-0.526800513268,0.237774088979,1.29415023327,0.377922832966,-0.353627890348,-0.603311657906,-0.606742799282
-0.526893734932,0.238929629326,1.29367887974,0.379185438156,-0.353658735752,-0.603378593922,-0.60586977005
-0.52715075016,0.240247935057,1.29337227345,0.379726886749,-0.354523777962,-0.60365062952,-0.60475307703
-0.527177214622,0.241400241852,1.2929970026,-0.380302011967,0.354928344488,0.60444355011,0.603360891342
-0.527339279652,0.242577716708,1.29251372814,-0.380608946085,0.355237871408,0.605294525623,0.602130889893
-0.527064979076,0.243439614773,1.29182267189,-0.382262080908,0.353903084993,0.606662929058,0.600490152836
-0.527483165264,0.244597807527,1.29185295105,-0.383479803801,0.354083508253,0.606527984142,0.599743127823
-0.527343153954,0.245546191931,1.29108190536,-0.383181005716,0.354654401541,0.607168138027,0.598948717117
-0.527517855167,0.246471375227,1.29092681408,-0.383844166994,0.354852408171,0.605492413044,0.600102066994
-0.52758795023,0.247935861349,1.29054868221,-0.384416073561,0.355672955513,0.605641961098,0.599098443985
-0.527628064156,0.248866081238,1.29015779495,-0.384722560644,0.355560451746,0.608370006084,0.596197366714
-0.527592599392,0.249965369701,1.28971421719,-0.385180652142,0.356216281652,0.607137560844,0.596765995026
-0.527151763439,0.25099170208,1.28858280182,-0.384624868631,0.35698902607,0.609497666359,0.594251990318
-0.527396500111,0.2522123456,1.28887069225,-0.386170685291,0.357672393322,0.607714653015,0.594664275646
-0.527303278446,0.253379166126,1.28848707676,-0.386413365602,0.357941120863,0.610619008541,0.59136068821
-0.527511537075,0.254429489374,1.28811812401,-0.387057870626,0.358316928148,0.610630631447,0.590699315071
-0.527637898922,0.255936294794,1.28802478313,-0.386953353882,0.361051052809,0.609241485596,0.590537130833
-0.527196526527,0.256884008646,1.28671061993,-0.385874807835,0.362050771713,0.610051691532,0.589793860912
-0.527278065681,0.257723063231,1.28738307953,-0.388827681541,0.360968202353,0.608935952187,0.589671373367
-0.526993870735,0.258782655001,1.28605699539,-0.388074666262,0.361255347729,0.611445188522,0.587390422821
-0.526963472366,0.259792208672,1.28564989567,-0.388316243887,0.361513912678,0.611896634102,0.586600899696
-0.528448224068,0.260476768017,1.28568816185,-0.390744805336,0.359576553106,0.610900580883,0.587216854095
-0.526903986931,0.261608242989,1.28510785103,-0.389357835054,0.362074196339,0.611910581589,0.585549533367
-0.52676743269,0.262655794621,1.28487145901,-0.389617323875,0.362525701523,0.612212657928,0.584781229496
-0.526758432388,0.263646960258,1.2846146822,-0.390080332756,0.36303421855,0.611930847168,0.584452092648
-0.526946485043,0.264670312405,1.28544592857,-0.392009794712,0.363337785006,0.611217737198,0.583718061447
-0.527055501938,0.265533059835,1.28444743156,-0.391802221537,0.363579541445,0.611934661865,0.582955479622
-0.528177976608,0.266307592392,1.28400063515,-0.393381178379,0.362377762794,0.61114770174,0.583465695381
-0.528288960457,0.267429947853,1.28373396397,-0.392728239298,0.36472427845,0.609657824039,0.584001898766
-0.526455283165,0.268265962601,1.28326487541,-0.392259597778,0.365503847599,0.611708164215,0.581680774689
-0.526415407658,0.269135653973,1.28301024437,-0.392805457115,0.366097897291,0.610772311687,0.581922292709
-0.526476442814,0.270176500082,1.28272926807,-0.393103659153,0.367064535618,0.610064089298,0.581854939461
-0.526301145554,0.270831376314,1.28249597549,-0.393551170826,0.367309838533,0.60981297493,0.581660628319
-0.526240825653,0.271626085043,1.28220784664,-0.394060492516,0.367727607489,0.609400987625,0.581483840942
-0.527704358101,0.272191733122,1.28207993507,-0.396218240261,0.366123408079,0.607904553413,0.58259510994
-0.526277124882,0.273226797581,1.28199744225,-0.395177066326,0.368867695332,0.607946038246,0.581526875496
-0.527417600155,0.27371609211,1.28155493736,-0.396570026875,0.367375731468,0.607000887394,0.582509458065
-0.526037037373,0.274683564901,1.28147602081,-0.395586252213,0.36977443099,0.607281625271,0.581367015839
-0.52557528019,0.275461405516,1.28071701527,-0.395013898611,0.37087905407,0.607142865658,0.581197440624
-0.525587201118,0.276514530182,1.28041601181,-0.393973499537,0.373588263988,0.605826318264,0.581542015076
-0.527066528797,0.277040839195,1.28017878532,-0.396061867476,0.371922552586,0.604267954826,0.582811415195
-0.525370657444,0.277733415365,1.27999591827,-0.396226644516,0.372675806284,0.605322480202,0.581121325493
-0.526485264301,0.278304547071,1.27941036224,-0.397723138332,0.371571689844,0.604217708111,0.581955254078
-0.526438713074,0.279031336308,1.27904462814,-0.398209482431,0.372382968664,0.60337895155,0.58197426796
-0.525046646595,0.27994197607,1.27892827988,-0.397363454103,0.375195980072,0.603190720081,0.580940067768
-0.524873435497,0.280451595783,1.27839279175,-0.397298455238,0.375807881355,0.602673590183,0.581125617027
-0.524481356144,0.281370013952,1.27769052982,-0.397192507982,0.377025038004,0.602206289768,0.580893933773
-0.52435952425,0.282233864069,1.27714025974,-0.397314757109,0.378126561642,0.601230561733,0.581105172634
-0.524063527584,0.282687187195,1.27692210674,-0.397850602865,0.378370583057,0.601290881634,0.580516993999
-0.524049639702,0.283418148756,1.27654004097,-0.398364394903,0.379386633635,0.600192248821,0.580638349056
-0.525416135788,0.283809453249,1.27624452114,-0.400694727898,0.377939760685,0.598051130772,0.58218562603
-0.523771286011,0.284600943327,1.27577781677,-0.399278849363,0.3810338974,0.597804903984,0.581394135952
-0.523961782455,0.285314321518,1.27577733994,-0.400698214769,0.381492048502,0.596464037895,0.581494450569
-0.52330416441,0.28593057394,1.2751096487,-0.400362700224,0.383027076721,0.595950067043,0.581243038177
-0.523236870766,0.286534249783,1.27487945557,-0.400978654623,0.383805602789,0.595281898975,0.580989539623
-0.523396849632,0.287038564682,1.27490711212,-0.402116119862,0.384282708168,0.593866229057,0.581336855888
-0.524509608746,0.287582337856,1.27435994148,-0.404187917709,0.383281052113,0.591694653034,0.582773685455
-0.523038685322,0.28821593523,1.27445888519,-0.403350919485,0.386103838682,0.590220808983,0.582985043526
-0.52247428894,0.288754075766,1.27363562584,-0.402738600969,0.387613743544,0.589387595654,0.583249032497
-0.522223353386,0.289365172386,1.27337622643,-0.40287309885,0.389085292816,0.588987469673,0.582580208778
-0.522197782993,0.289718896151,1.27318382263,-0.403860002756,0.389140546322,0.588123679161,0.582732796669
-0.523571848869,0.289982885122,1.27309906483,-0.40625873208,0.387591719627,0.585121273994,0.585115075111
-0.521996736526,0.290865898132,1.27313005924,-0.405483275652,0.390729546547,0.585326552391,0.583357989788
-0.521808624268,0.29133823514,1.27295553684,-0.406012326479,0.39143845439,0.584203779697,0.583640158176
-0.521599173546,0.291748702526,1.2727060318,0.406371474266,-0.392081201077,-0.583169519901,-0.583993256092
-0.521050274372,0.292183220387,1.27231097221,0.406178414822,-0.393237233162,-0.582238137722,-0.584279477596
-0.520874559879,0.292635470629,1.27218031883,0.406636178493,-0.393917411566,-0.580985307693,-0.584749698639
-0.520579695702,0.292970478535,1.27199852467,0.40676510334,-0.394634574652,-0.579910576344,-0.585242986679
-0.520307421684,0.293305844069,1.27187240124,0.407114744186,-0.3952511549,-0.578951001167,-0.585533857346
-0.520037353039,0.293688952923,1.27174806595,0.407259374857,-0.395878702402,-0.578459382057,-0.585495114326
-0.520074486732,0.293929487467,1.27192091942,0.408786416054,-0.396252274513,-0.57585054636,-0.58674877882
-0.519767224789,0.294307947159,1.27170813084,0.408995509148,-0.397111922503,-0.574813961983,-0.587038218975
-0.519182384014,0.294691354036,1.27112483978,0.408051669598,-0.398286223412,-0.574817836285,-0.586895823479
-0.518944501877,0.294912695885,1.27090859413,0.408871799707,-0.398883402348,-0.573306679726,-0.587397038937
-0.518716275692,0.295082390308,1.27069985867,0.408357858658,-0.399433225393,-0.572331547737,-0.588331282139
-0.518722593784,0.295393645763,1.27087879181,0.40979680419,-0.399718344212,-0.570771336555,-0.588652610779
-0.519808471203,0.295460700989,1.27030873299,0.411232680082,-0.398224562407,-0.570659160614,-0.588772594929
-0.518170058727,0.295816153288,1.27039587498,0.409922450781,-0.400861501694,-0.570724606514,-0.587832689285
-0.518012821674,0.296013653278,1.27020812035,0.410094201565,-0.401374518871,-0.568987131119,-0.589045882225
-0.517782688141,0.296198666096,1.26999855042,0.410289615393,-0.401710271835,-0.568606197834,-0.589048683643
-0.517620623112,0.296360582113,1.26985085011,0.410273820162,-0.402122050524,-0.569397330284,-0.588013708591
-0.518698811531,0.296371310949,1.26934909821,0.411820322275,-0.400601476431,-0.567280471325,-0.5900131464
-0.51693290472,0.296629905701,1.26908409595,0.409942030907,-0.403187453747,-0.568688988686,-0.588200867176
-0.516777217388,0.29676002264,1.26895642281,0.410303533077,-0.403397828341,-0.567287147045,-0.58915746212
-0.516986727715,0.296901017427,1.26923298836,0.41126832366,-0.403204619884,-0.567832350731,-0.588090896606
-0.516443908215,0.297052919865,1.26873373985,0.410798609257,-0.404027849436,-0.567043364048,-0.588615238667
-0.516588270664,0.297192513943,1.2689781189,0.411465227604,-0.403850078583,-0.566797554493,-0.588508486748
-0.516410708427,0.297273695469,1.2688639164,0.411442637444,-0.404095321894,-0.566792368889,-0.588360726833
-0.516348600388,0.297370702028,1.26877236366,0.411653876305,-0.404213279486,-0.566760897636,-0.588162183762
-0.516300678253,0.297446846962,1.26872110367,0.411819010973,-0.404236674309,-0.566824316978,-0.587969362736
-0.516263663769,0.297525316477,1.26866543293,0.411985486746,-0.40423977375,-0.566842734814,-0.587833106518
-0.516234695911,0.297608464956,1.26863706112,0.412199616432,-0.404197633266,-0.567774653435,-0.586811482906
-0.516116201878,0.297754019499,1.26858484745,0.41242057085,-0.404277801514,-0.567777752876,-0.586598098278
-0.516224384308,0.297814935446,1.26844525337,0.412774652243,-0.403958380222,-0.566770017147,-0.587542831898
-0.516088604927,0.297900825739,1.26838624477,0.412881821394,-0.404048651457,-0.566763520241,-0.587411761284
-0.516076624393,0.297971248627,1.26836538315,0.413105040789,-0.404021024704,-0.566621422768,-0.587410867214
-0.516044080257,0.298011124134,1.26833593845,0.413453787565,-0.403759330511,-0.566672742367,-0.587296068668
-0.516001880169,0.298007816076,1.26830744743,0.413813471794,-0.403488069773,-0.56672668457,-0.587176978588
-0.516063690186,0.298026889563,1.26830613613,0.414148509502,-0.40335175395,-0.566452980042,-0.587298512459
-0.516101241112,0.298088163137,1.26826477051,0.41433763504,-0.403470695019,-0.566908180714,-0.586643695831
-0.516079485416,0.29804584384,1.26828157902,0.414825469255,-0.403140872717,-0.566814601421,-0.586616277695
-0.516112625599,0.298045068979,1.26826930046,0.415165573359,-0.402993708849,-0.566473424435,-0.586806058884
-0.516263484955,0.298024982214,1.26819753647,0.415640234947,-0.402674764395,-0.5649933815,-0.58811467886
-0.51634567976,0.29800593853,1.26819181442,0.416055232286,-0.402451366186,-0.564462065697,-0.588484168053
-0.516425073147,0.297990202904,1.26819622517,0.416381955147,-0.402195543051,-0.564998686314,-0.587912797928
-0.516464412212,0.297938942909,1.26827728748,0.416780978441,-0.40188986063,-0.564544975758,-0.588274538517
-0.516538500786,0.297867268324,1.26829457283,0.417690545321,-0.401684165001,-0.563156187534,-0.589100718498
-0.516619265079,0.297792255878,1.26833963394,0.418229222298,-0.401456475258,-0.562264680862,-0.589724898338
-0.516840219498,0.297482162714,1.26838409901,0.418729096651,-0.400808215141,-0.561609566212,-0.590434908867
-0.516913235188,0.297376394272,1.26841402054,0.419264703989,-0.400396347046,-0.561213731766,-0.590710580349
-0.51704031229,0.297273099422,1.26841044426,0.419601500034,-0.400036811829,-0.560085475445,-0.591784954071
-0.517098665237,0.29715642333,1.26839995384,0.419201433659,-0.39963388443,-0.560681819916,-0.591776013374
-0.517189860344,0.29701256752,1.26839673519,0.419243752956,-0.399204343557,-0.560680985451,-0.592036664486
-0.517090082169,0.296481609344,1.26843690872,0.41967946291,-0.398149520159,-0.560902297497,-0.592228531837
-0.517211794853,0.296279430389,1.26852118969,0.419896781445,-0.397494703531,-0.561077535152,-0.592348396778
-0.518623530865,0.295937925577,1.26834607124,0.421525031328,-0.395012557507,-0.560478329659,-0.593418717384
-0.518814265728,0.295815289021,1.26843285561,0.421744287014,-0.394401520491,-0.561653733253,-0.592557489872
-0.518967092037,0.295646697283,1.2685213089,0.422263294458,-0.393929719925,-0.561312258244,-0.592825353146
-0.517845511436,0.2955968678,1.26888895035,0.421399950981,-0.395413786173,-0.561370313168,-0.592396497726
-0.51800185442,0.29536280036,1.26900601387,0.421826064587,-0.395005643368,-0.56093943119,-0.592773258686
-0.518095374107,0.295156240463,1.26909959316,0.422242790461,-0.394660919905,-0.560491621494,-0.593129754066
-0.518173933029,0.294786661863,1.26923108101,0.422180891037,-0.394254297018,-0.560572147369,-0.59336823225
-0.518315434456,0.294545769691,1.26930105686,0.422334671021,-0.393873721361,-0.559388816357,-0.594626903534
-0.518363177776,0.294258743525,1.26953804493,0.422555625439,-0.393708646297,-0.55901914835,-0.594926834106
-0.518394589424,0.293924033642,1.26970398426,0.422937035561,-0.393406897783,-0.559724450111,-0.594191610813
-0.518167734146,0.293610870838,1.26955068111,0.422629505396,-0.39360716939,-0.559343457222,-0.594636559486
-0.518554568291,0.29307487607,1.26981508732,0.422844707966,-0.393187016249,-0.557588458061,-0.596407175064
-0.518657982349,0.292922586203,1.2699764967,0.423331260681,-0.392992347479,-0.557110369205,-0.596637070179
-0.519171774387,0.292553782463,1.27066075802,0.424210369587,-0.392184466124,-0.556544721127,-0.597072064877
-0.519079625607,0.292268425226,1.27095925808,0.424709320068,-0.392053306103,-0.556217730045,-0.597108185291
-0.519211888313,0.291970610619,1.27116668224,0.425139814615,-0.391905486584,-0.556447982788,-0.596684217453
-0.519324541092,0.291550308466,1.27141654491,0.425354540348,-0.391698539257,-0.556010127068,-0.597075045109
-0.520883142948,0.290949046612,1.2713726759,0.426911979914,-0.389281898737,-0.553954720497,-0.599449753761
-0.521037459373,0.290683299303,1.27168893814,0.427114844322,-0.389062911272,-0.553576946259,-0.599796175957
-0.519512116909,0.290419220924,1.27175068855,0.425104677677,-0.391062796116,-0.555356144905,-0.598277151585
-0.519607961178,0.290022373199,1.27198684216,0.425093412399,-0.390890657902,-0.553911566734,-0.599735081196
-0.519712328911,0.289714813232,1.27218949795,0.425152868032,-0.390659183264,-0.553751707077,-0.599991261959
-0.520163357258,0.289301037788,1.27281844616,0.42576482892,-0.389864474535,-0.553549170494,-0.600260913372
-0.520219087601,0.288838624954,1.27300047874,0.42546543479,-0.389571070671,-0.553831160069,-0.600403666496
-0.520204663277,0.288565307856,1.27326655388,0.425372928381,-0.389428049326,-0.554199039936,-0.600222706795
-0.520014345646,0.288205474615,1.27294993401,0.424565672874,-0.389408558607,-0.555039644241,-0.600030064583
-0.521795928478,0.287660062313,1.27329683304,0.426612466574,-0.386555582285,-0.554643929005,-0.600788593292
-0.520258545876,0.287389993668,1.27335703373,0.424230545759,-0.388615220785,-0.556616127491,-0.599320530891
-0.520340919495,0.287165433168,1.27348053455,0.424008965492,-0.388506323099,-0.557515501976,-0.59871172905
-0.520421683788,0.286727160215,1.2735979557,0.423831701279,-0.388146013021,-0.558776676655,-0.597894847393
-0.522123575211,0.286386549473,1.27383208275,0.425727754831,-0.385546952486,-0.560247480869,-0.596851944923
-0.520754218102,0.286467432976,1.2737455368,0.423526614904,-0.388071030378,-0.561142444611,-0.595940768719
-0.521111130714,0.286156654358,1.27431058884,0.423703014851,-0.387276023626,-0.562284350395,-0.595255672932
-0.522303462029,0.285567224026,1.27416324615,0.4245660007,-0.384707987309,-0.564103007317,-0.594585001469
-0.522412121296,0.285300701857,1.27426755428,0.424115478992,-0.384361416101,-0.565985918045,-0.593340098858
-0.520841240883,0.285285621881,1.2741651535,0.421750098467,-0.386995226145,-0.568896591663,-0.590523719788
-0.522587835789,0.284769773483,1.27440965176,0.423756271601,-0.384258836508,-0.570692360401,-0.589140236378
-0.521395206451,0.284659355879,1.27473080158,0.422077536583,-0.386098235846,-0.572245359421,-0.587634205818
-0.521496355534,0.284409761429,1.27481937408,0.422070294619,-0.385856598616,-0.573846936226,-0.586234688759
-0.521630704403,0.283900409937,1.27492761612,0.421755939722,-0.385408818722,-0.575404703617,-0.585227668285
-0.521431326866,0.283736735582,1.27462947369,0.421239316463,-0.385453045368,-0.577393651009,-0.583609700203
-0.523564338684,0.282862991095,1.27518558502,0.423371106386,-0.381938576698,-0.578029632568,-0.583748042583
-0.521783590317,0.282771170139,1.27485227585,0.420773476362,-0.384453982115,-0.580847501755,-0.581172227859
-0.522062242031,0.282566040754,1.27495360374,-0.420624434948,0.383884966373,0.583338737488,0.579157531261
-0.52223855257,0.282252460718,1.27502608299,-0.420448482037,0.383403420448,0.584207475185,0.578728437424
-0.522375762463,0.281849831343,1.27512180805,-0.419941753149,0.382777750492,0.585871338844,0.577827870846
-0.524182796478,0.281431525946,1.27544629574,-0.421564668417,0.37963950634,0.586355507374,0.578225195408
-0.523131430149,0.281151324511,1.27562737465,-0.419725656509,0.380929529667,0.588736772537,0.57629185915
-0.523328304291,0.280972480774,1.27640497684,-0.420020967722,0.380396008492,0.589857339859,0.575282275677
-0.523516058922,0.280665695667,1.27653217316,-0.419557273388,0.379841804504,0.591275811195,0.574530243874
-0.523849487305,0.280598342419,1.27664077282,-0.417839854956,0.381060689688,0.592184841633,0.574038207531
-0.524030208588,0.280483365059,1.27663731575,-0.417683333158,0.380474030972,0.592610538006,0.574101924896
-0.524315476418,0.280044823885,1.27693378925,-0.417352169752,0.379535168409,0.594856619835,0.572639524937
-0.524395644665,0.279786020517,1.27695608139,-0.41687977314,0.379100888968,0.594998776913,0.573123276234
-0.524691164494,0.279338896275,1.27688753605,-0.416163831949,0.378080487251,0.597130179405,0.572100162506
-0.524880349636,0.278992414474,1.276953578,-0.415753573179,0.377326637506,0.597929120064,0.572061479092
-0.525005698204,0.278673827648,1.27711689472,-0.415336310863,0.3768697083,0.597773492336,0.572827935219
-0.525135576725,0.27833506465,1.27718651295,-0.414913654327,0.376177668571,0.598644018173,0.572679936886
-0.525290429592,0.27800616622,1.2772808075,-0.414308339357,0.375497877598,0.599508345127,0.572660148144
-0.525299072266,0.277850270271,1.27726960182,-0.415190517902,0.373133987188,0.60167992115,0.571287274361
-0.525390625,0.277503162622,1.27738118172,-0.414482831955,0.372587919235,0.602522909641,0.571268975735
-0.525466680527,0.2771910429,1.27745676041,-0.413902312517,0.372070938349,0.603143155575,0.571372568607
-0.525528728962,0.276876270771,1.27753019333,-0.413291811943,0.371561020613,0.603784799576,0.571468412876
-0.525411069393,0.276643455029,1.27736639977,-0.412255257368,0.371328741312,0.605365037918,0.570695877075
-0.525557279587,0.276301264763,1.27739834785,-0.411728411913,0.370710909367,0.605699241161,0.571123301983
-0.525676429272,0.276021063328,1.27755618095,-0.411322444677,0.370245933533,0.605892837048,0.571511924267
-0.52605932951,0.275726437569,1.27797973156,-0.411490112543,0.3695140481,0.605742096901,0.572024464607
-0.526222765446,0.275349080563,1.27796649933,-0.411034315825,0.368854761124,0.60587054491,0.572641015053
-0.525977492332,0.275183737278,1.27787792683,-0.410235792398,0.368970066309,0.605971515179,0.573032617569
-0.526061713696,0.274917989969,1.27798569202,-0.409829169512,0.36844715476,0.604534089565,0.575174331665
-0.526547729969,0.274577647448,1.27832448483,-0.410245120525,0.367637097836,0.604114890099,0.575836122036
-0.526630222797,0.274517536163,1.27845442295,-0.41020411253,0.367547214031,0.604134202003,0.57590252161
-0.526585638523,0.27432268858,1.27862215042,-0.410043478012,0.367559313774,0.603482663631,0.576691746712
-0.526654601097,0.274070709944,1.27873563766,-0.410106390715,0.367502480745,0.601750314236,0.578490495682
-0.526775360107,0.273793101311,1.27885878086,-0.410080939531,0.367319703102,0.601352930069,0.579037725925
-0.52682363987,0.273607313633,1.27892112732,-0.410516053438,0.367513924837,0.599269390106,0.580763697624
-0.526848495007,0.272892951965,1.27910280228,-0.410395741463,0.367107599974,0.598114848137,0.582293748856
-0.526905119419,0.272610127926,1.27917873859,-0.410518050194,0.367079019547,0.597736656666,0.582613766193
-0.526923060417,0.272359549999,1.27923357487,-0.410675764084,0.367422789335,0.595962584019,0.584101378918
-0.526885330677,0.27211779356,1.27922976017,-0.410888522863,0.367807090282,0.594008862972,0.585698068142
-0.52681350708,0.271871685982,1.27920949459,-0.411115825176,0.368170261383,0.592099130154,0.587242126465
-0.526745796204,0.271658599377,1.27918827534,-0.411243438721,0.368522047997,0.590897321701,0.588141858578
-0.526687085629,0.271756917238,1.27933597565,0.410176992416,-0.371496260166,-0.587045609951,-0.590866148472
-0.526584029198,0.271169096231,1.27912557125,0.41182923317,-0.369594246149,-0.585590600967,-0.592351555824
-0.526465177536,0.27092730999,1.27908301353,0.412168890238,-0.370203107595,-0.582121253014,-0.595148205757
-0.526217341423,0.270683765411,1.27925717831,0.412425041199,-0.37106436491,-0.579685270786,-0.59680968523
-0.525976121426,0.270431607962,1.27923774719,0.412478804588,-0.37166684866,-0.578847527504,-0.597210943699
-0.525785803795,0.270226031542,1.27918100357,0.412920773029,-0.37250739336,-0.575751543045,-0.599370539188
-0.525810718536,0.270319491625,1.27914965153,0.41228634119,-0.375042319298,-0.571788489819,-0.602014124393
-0.52546697855,0.27013233304,1.27899432182,0.412586778402,-0.375891566277,-0.56947606802,-0.603468835354
-0.525147378445,0.269679695368,1.27897417545,0.414338767529,-0.374839454889,-0.56790047884,-0.604406833649
-0.524991095066,0.269503802061,1.27897274494,0.414708793163,-0.375461101532,-0.565559089184,-0.605960786343
-0.525119245052,0.269122093916,1.27899229527,0.415315181017,-0.376053601503,-0.56268197298,-0.607853651047
-0.524791538715,0.268895298243,1.27901780605,0.415460646152,-0.376891374588,-0.559903681278,-0.609797716141
-0.524535357952,0.268726587296,1.27901244164,0.415665566921,-0.37757396698,-0.557445824146,-0.611485362053
-0.524127662182,0.26845356822,1.27901136875,0.415554314852,-0.378382235765,-0.555586516857,-0.612752199173
-0.523757636547,0.268110066652,1.27848696709,0.414920717478,-0.378878206015,-0.554678201675,-0.613697171211
-0.52334189415,0.268011122942,1.27900648117,0.415241390467,-0.379844665527,-0.551824629307,-0.615452945232
-0.522744774818,0.267644912004,1.27815854549,0.413946807384,-0.380444914103,-0.552941560745,-0.614951550961
-0.522338747978,0.267352879047,1.27821016312,0.413578033447,-0.380900621414,-0.55252045393,-0.615296065807
-0.522273361683,0.266928374767,1.27868914604,0.41374334693,-0.380756855011,-0.552080631256,-0.615668475628
-0.521975755692,0.266608178616,1.27870392799,0.4132822752,-0.381028085947,-0.550969302654,-0.61680495739
-0.521581470966,0.266555786133,1.2787181139,0.412721812725,-0.381431847811,-0.550900518894,-0.616991996765
-0.522616863251,0.26593324542,1.27855992317,0.413218021393,-0.379461139441,-0.550330340862,-0.618382334709
-0.522314667702,0.265638142824,1.27859985828,0.412478208542,-0.379552423954,-0.550397634506,-0.618760168552
-0.522002279758,0.265354841948,1.27867817879,0.411741614342,-0.379813224077,-0.550313353539,-0.619165718555
-0.521622598171,0.265093505383,1.27876937389,0.411006480455,-0.380230009556,-0.550279974937,-0.619427800179
-0.521286427975,0.264786809683,1.27887046337,0.410387039185,-0.380420535803,-0.55283164978,-0.617446303368
-0.520967662334,0.264653801918,1.27894282341,0.409624934196,-0.381055951118,-0.553028225899,-0.617384552956
-0.520769834518,0.264220446348,1.27901792526,0.408303469419,-0.380913555622,-0.54979711771,-0.621221601963
-0.520466148853,0.264019757509,1.27907109261,0.40769508481,-0.381231933832,-0.550200879574,-0.621068418026
-0.520139813423,0.263700038195,1.27919602394,0.407237648964,-0.38193655014,-0.549989700317,-0.621122539043
-0.519844472408,0.26336607337,1.27930092812,0.406088531017,-0.382061511278,-0.550559401512,-0.621293306351
-0.519582748413,0.263003706932,1.2794302702,0.405335098505,-0.382276654243,-0.551536798477,-0.620786070824
-0.519599199295,0.262657791376,1.27953290939,0.404433131218,-0.382211863995,-0.551719248295,-0.621252000332
-0.519374191761,0.262362152338,1.27965581417,0.40491849184,-0.383038818836,-0.552811324596,-0.619452953339
-0.519356310368,0.262012332678,1.27975404263,0.403296262026,-0.382463604212,-0.552655160427,-0.621003985405
-0.519260883331,0.2616340518,1.27984297276,0.402999192476,-0.382650643587,-0.552046656609,-0.621622681618
-0.519062280655,0.261170953512,1.27996397018,0.403658747673,-0.383655011654,-0.552994012833,-0.619730651379
-0.519078850746,0.260794967413,1.28005826473,0.402524411678,-0.383800804615,-0.551064252853,-0.622092664242
-0.518959581852,0.260354697704,1.28010940552,0.403477907181,-0.384667664766,-0.553335487843,-0.618915319443
-0.518652796745,0.259857058525,1.28010797501,0.403178185225,-0.385056734085,-0.550882935524,-0.621053040028
-0.518523752689,0.259475231171,1.28009402752,0.402099460363,-0.38474303484,-0.548886537552,-0.623708546162
-0.516810953617,0.259103864431,1.27971756458,0.399621933699,-0.387295782566,-0.548539578915,-0.624026238918
-0.518299221992,0.25861209631,1.28023087978,0.402031689882,-0.3856754601,-0.546488523483,-0.62528014183
-0.516424536705,0.258209079504,1.27960848808,0.399528086185,-0.38951677084,-0.550071954727,-0.621349215508
-0.517692446709,0.257691711187,1.27981877327,0.401402771473,-0.388583034277,-0.541256010532,-0.628427386284
-0.516323804855,0.257354229689,1.27993440628,0.400391340256,-0.390929043293,-0.549996197224,-0.619972169399
-0.516180992126,0.256830632687,1.27986955643,0.400312840939,-0.391462385654,-0.549529314041,-0.620100319386
-0.515563368797,0.256368428469,1.27942681313,0.398428112268,-0.391201674938,-0.54572057724,-0.624824285507
-0.515486717224,0.255957245827,1.27936005592,0.399046361446,-0.39199385047,-0.544331371784,-0.625145077705
-0.515473663807,0.255502194166,1.27939474583,0.399436950684,-0.39266037941,-0.543343663216,-0.625336527824
-0.515778183937,0.254999816418,1.27977693081,0.400162965059,-0.392687678337,-0.541357338428,-0.626576602459
-0.515789747238,0.254526406527,1.27983379364,0.400075793266,-0.392975836992,-0.539932072163,-0.62768048048
-0.51582634449,0.254025757313,1.27988398075,0.402019292116,-0.395037204027,-0.538162767887,-0.626663386822
-0.515539526939,0.25356900692,1.27948749065,0.401294469833,-0.395754247904,-0.53724360466,-0.627463757992
-0.515666604042,0.253100693226,1.27956962585,0.401820600033,-0.396208792925,-0.535328447819,-0.628476321697
-0.515761494637,0.252657026052,1.27963685989,0.400337100029,-0.395252764225,-0.533865332603,-0.631263315678
-0.517188549042,0.252251088619,1.27988708019,0.402624964714,-0.393857628107,-0.530921578407,-0.633160173893
-0.517295479774,0.251926332712,1.27995800972,0.403436750174,-0.394161492586,-0.528924882412,-0.634124577045
-0.517353475094,0.251177072525,1.28007435799,0.403451830149,-0.394593983889,-0.52678412199,-0.635626316071
-0.51743799448,0.250662505627,1.28014421463,0.403588354588,-0.395121008158,-0.524276733398,-0.637283205986
-0.517549574375,0.250233262777,1.28016161919,0.40386107564,-0.395553648472,-0.521732032299,-0.638928294182
-0.516208648682,0.249791994691,1.28003299236,0.402437359095,-0.397665947676,-0.52018237114,-0.639778375626
-0.516280114651,0.249259918928,1.28009331226,0.402713686228,-0.398128479719,-0.517165124416,-0.641759872437
-0.517788469791,0.248563557863,1.28047811985,0.404797643423,-0.396502554417,-0.512994349003,-0.644795835018
-0.517921030521,0.248003140092,1.28057980537,0.405081927776,-0.396798938513,-0.509814798832,-0.646953046322
-0.517973661423,0.247497543693,1.2806763649,0.405325740576,-0.39725035429,-0.506381452084,-0.649215757847
-0.518247961998,0.246992707253,1.28104412556,0.406499475241,-0.397409588099,-0.502163589001,-0.651656150818
-0.516599476337,0.246611699462,1.28065991402,0.404128193855,-0.400212526321,-0.499552577734,-0.653419911861
-0.518051147461,0.245988130569,1.28096807003,0.406077861786,-0.398632407188,-0.494789779186,-0.656792163849
-0.518098056316,0.245299711823,1.28110527992,0.406125187874,-0.398906767368,-0.490586787462,-0.659742593765
-0.518007397652,0.244775772095,1.28123986721,0.406111121178,-0.399336159229,-0.486605882645,-0.662434220314
-0.518027067184,0.244289264083,1.28133559227,0.40622523427,-0.39960449934,-0.482831001282,-0.664959907532
-0.51788765192,0.243548691273,1.28150248528,0.405988007784,-0.399863570929,-0.478582859039,-0.668012917042
-0.518110871315,0.243117213249,1.281904459,0.406760782003,-0.399902701378,-0.473886549473,-0.67086148262
-0.516293942928,0.242595076561,1.28149282932,0.404199004173,-0.402687162161,-0.470582515001,-0.67306637764
-0.516081929207,0.241979390383,1.28163588047,0.403735786676,-0.403180450201,-0.466006696224,-0.676225304604
-0.515968263149,0.241208136082,1.28184366226,0.403447121382,-0.403454750776,-0.461323589087,-0.67943751812
-0.515790104866,0.240622311831,1.28197646141,0.403221458197,-0.403915971518,-0.456289201975,-0.68268930912
-0.516962528229,0.240139096975,1.28240442276,0.404836565256,-0.402406215668,-0.450333505869,-0.686568558216
-0.515362381935,0.239502370358,1.28242731094,0.402572602034,-0.404884159565,-0.446029931307,-0.689247012138
-0.514918684959,0.238905802369,1.2826577425,0.40205770731,-0.405491530895,-0.440977603197,-0.692434072495
-0.51627266407,0.238450929523,1.28345549107,0.404133707285,-0.403659015894,-0.434494316578,-0.696383655071
-0.515859007835,0.237759947777,1.28378796577,0.403501957655,-0.404352903366,-0.42911875248,-0.699672818184
-0.513871192932,0.236997142434,1.28362774849,0.400486201048,-0.406912118196,-0.425009191036,-0.702424705029
-0.514889538288,0.236369758844,1.28421187401,0.401773035526,-0.405352562666,-0.418689489365,-0.706375777721
-0.513468444347,0.235852271318,1.28474569321,0.39985486865,-0.407349586487,-0.41393238306,-0.709113895893
-0.512831449509,0.235220998526,1.2846262455,0.398733049631,-0.407764285803,-0.408328771591,-0.712746739388
-0.513803899288,0.234583929181,1.28514790535,0.399683237076,-0.405932456255,-0.401988536119,-0.716852486134
-0.512371659279,0.234099537134,1.28563857079,0.397842377424,-0.407934844494,-0.396473407745,-0.719805121422
-0.511746585369,0.233506500721,1.28560352325,0.396501332521,-0.408240944147,-0.390834391117,-0.723446369171
-0.512656331062,0.232789769769,1.28610181808,0.397667080164,-0.406928211451,-0.383121818304,-0.727659285069
-0.511310875416,0.232127815485,1.28666114807,0.395249187946,-0.407778948545,-0.379428863525,-0.730430066586
-0.511932075024,0.231663703918,1.28671371937,0.395423948765,-0.406156420708,-0.372898042202,-0.734591007233
-0.511519730091,0.231013715267,1.28703165054,0.394111782312,-0.40602144599,-0.365665614605,-0.738993346691
-0.509853959084,0.230433419347,1.28720283508,0.391502767801,-0.407545417547,-0.362080663443,-0.741302847862
-0.510728776455,0.22991257906,1.28765320778,0.392024636269,-0.40539970994,-0.355454623699,-0.74539911747
-0.510311067104,0.229277536273,1.28796052933,0.390441060066,-0.404709279537,-0.350679010153,-0.748859405518
-0.508574664593,0.228716105223,1.2881282568,0.387354910374,-0.406286895275,-0.344782710075,-0.752337753773
-0.509517908096,0.228216946125,1.28894793987,0.38795119524,-0.403739124537,-0.339177519083,-0.755941271782
-0.507558166981,0.227590441704,1.28888034821,0.38428786397,-0.405527353287,-0.333684116602,-0.759292662144
-0.508421480656,0.22717346251,1.28969490528,0.384643137455,-0.403466910124,-0.327248126268,-0.763002514839
-0.506571352482,0.226308837533,1.28969705105,0.380622893572,-0.404291629791,-0.322931557894,-0.766413509846
-0.506060957909,0.225777447224,1.29000353813,0.378655165434,-0.403491526842,-0.317620307207,-0.770021021366
-0.505544066429,0.225134551525,1.29053366184,0.376771450043,-0.402842849493,-0.312479555607,-0.773380458355
-0.504975259304,0.22451248765,1.29080021381,0.374380946159,-0.401880532503,-0.307014167309,-0.777221381664
-0.504441797733,0.223943829536,1.29133117199,0.372086703777,-0.401114374399,-0.302289903164,-0.780563652515
-0.503894150257,0.223409667611,1.29171478748,0.36971527338,-0.400246232748,-0.296790212393,-0.784237980843
-0.503143668175,0.223064094782,1.29214143753,0.367445975542,-0.399935603142,-0.291967868805,-0.787267208099
-0.502599716187,0.222453430295,1.29257452488,0.364845871925,-0.399054676294,-0.286940544844,-0.790764153004
-0.501929283142,0.221777647734,1.29296123981,0.36249601841,-0.398206233978,-0.282333821058,-0.793924450874
-0.50138181448,0.221036672592,1.2933485508,0.359892815351,-0.397147148848,-0.278509676456,-0.796984136105
-0.500599503517,0.220522582531,1.29375660419,0.357275635004,-0.396683543921,-0.27329736948,-0.80019056797
-0.500097870827,0.219688221812,1.29403829575,0.354788303375,-0.395366281271,-0.269676238298,-0.803172171116
-0.499350607395,0.219072788954,1.29440748692,0.352760642767,-0.395129084587,-0.264899611473,-0.805767476559
-0.49858301878,0.218576908112,1.29458785057,0.35011947155,-0.394250154495,-0.260958403349,-0.808630883694
-0.497898161411,0.217875689268,1.29500365257,0.34814208746,-0.393034785986,-0.25716021657,-0.8112885952
-0.497192025185,0.21726500988,1.2951592207,0.345408111811,-0.392309606075,-0.253344804049,-0.81400424242
-0.496519744396,0.216597765684,1.29540371895,0.343215405941,-0.391110599041,-0.250200808048,-0.816477417946
-0.495573043823,0.216232523322,1.29565548897,0.34012067318,-0.391098827124,-0.245988577604,-0.819053947926
-0.494940906763,0.215642720461,1.29587125778,0.337503939867,-0.390236616135,-0.242602407932,-0.821553766727
-0.494281560183,0.214583158493,1.29616332054,0.335659474134,-0.388651877642,-0.240141585469,-0.823780655861
-0.493614852428,0.214037135243,1.2963783741,0.333545893431,-0.387820243835,-0.237058341503,-0.825921237469
-0.494102269411,0.213346332312,1.29714310169,0.332831710577,-0.385726988316,-0.233844548464,-0.828102946281
