x,y,z,q0,q1,q2,q3
-0.558490991592,0.0240217931569,0.807197630405,0.00693836156279,-0.0283537562937,0.745992124081,0.665314733982
-0.558617115021,0.0240307319909,0.807185053825,0.00705079408363,-0.0282234996557,0.746007442474,0.665301918983
-0.558719933033,0.0240398924798,0.807191967964,0.00703878747299,-0.0281739607453,0.746019661427,0.665290415287
-0.558834254742,0.0240385625511,0.807213187218,0.0035471636802,-0.0299356039613,0.746387660503,0.66482847929
-0.558943808079,0.0240467302501,0.807218313217,0.00721498252824,-0.0283312872052,0.746009409428,0.665293395519
-0.559052824974,0.0240650158376,0.807219028473,0.00727496808395,-0.0282841585577,0.746010482311,0.665293514729
-0.559108614922,0.0242359321564,0.80720859766,0.0076338457875,-0.0285886507481,0.745859146118,0.66544598341
-0.559187352657,0.0242754109204,0.807170510292,0.00741037540138,-0.0283857695758,0.745941281319,0.665365278721
-0.559322714806,0.0242862813175,0.807164371014,0.00750125292689,-0.0282635837793,0.745971083641,0.66533613205
-0.559464216232,0.0243013966829,0.80714982748,0.00767599791288,-0.0282656922936,0.746068894863,0.665224254131
-0.559585988522,0.0243275780231,0.807141065598,0.00763327861205,-0.0270196367055,0.74629342556,0.66502481699
-0.55969107151,0.024347120896,0.807133197784,0.00760361785069,-0.0270177721977,0.746309101582,0.665007531643
-0.559797585011,0.0243676826358,0.807126760483,0.00783371552825,-0.0271477513015,0.746155560017,0.665171802044
-0.559934854507,0.0244218334556,0.807117521763,0.00803614780307,-0.0271425228566,0.746150910854,0.665174841881
-0.560078799725,0.0244441181421,0.807101368904,0.00807708501816,-0.0269793327898,0.746216356754,0.665107548237
-0.56018871069,0.0244601648301,0.807116806507,0.00809644721448,-0.0268877893686,0.746237516403,0.665087223053
-0.560327410698,0.0244958847761,0.807090580463,0.00827533472329,-0.0268305875361,0.746178746223,0.665153384209
-0.560435950756,0.0245393197984,0.807060956955,0.00829738751054,-0.0273053813726,0.745735287666,0.665630817413
-0.560514688492,0.0245618429035,0.807081699371,0.00822774879634,-0.0273247305304,0.745702564716,0.665667533875
-0.560607373714,0.0246219970286,0.807055234909,0.00828905683011,-0.0273152776062,0.745689451694,0.665681958199
-0.560690104961,0.0246581248939,0.807052671909,0.00831621047109,-0.0272700674832,0.745640158653,0.665738761425
-0.560756981373,0.0246931426227,0.807050347328,0.00834969524294,-0.0273012630641,0.745603919029,0.665777564049
-0.560819447041,0.0247351452708,0.807060182095,0.00819329638034,-0.0278065577149,0.745778143406,0.66556340456
-0.560879349709,0.0247709453106,0.807058513165,0.00810367055237,-0.0278037097305,0.745783567429,0.665558576584
-0.560937285423,0.0248098671436,0.807057857513,0.00806978903711,-0.0277916491032,0.745716273785,0.665634810925
-0.560990452766,0.024848844856,0.807050943375,0.00800961442292,-0.0278377961367,0.745653092861,0.66570442915
-0.561038434505,0.02487966232,0.807156145573,0.00809479877353,-0.0279177576303,0.745665371418,0.665686428547
-0.56108725071,0.0249328929931,0.80715405941,0.00802916195244,-0.0278302524239,0.745478570461,0.665899932384
-0.56112998724,0.0249612461776,0.807148575783,0.00375323952176,-0.0299780778587,0.746096134186,0.665152490139
-0.561168849468,0.0249974057078,0.807144284248,0.00377520662732,-0.0299856681377,0.746054828167,0.665198266506
-0.56121301651,0.0250274538994,0.807142436504,0.00780493905768,-0.0280709862709,0.745547771454,0.66581505537
-0.561251819134,0.025061711669,0.807141900063,0.00362302619033,-0.0290269032121,0.746267795563,0.665002882481
-0.561309099197,0.0250940117985,0.80714648962,0.00364107196219,-0.0289414674044,0.746140658855,0.665149092674
-0.561363279819,0.0251307561994,0.80713391304,0.0035732043907,-0.0289584957063,0.746106207371,0.665187239647
-0.561403870583,0.0251644607633,0.807128548622,0.00359977129847,-0.0290075894445,0.746076345444,0.66521859169
-0.561437785625,0.0251942276955,0.807120323181,0.00349566456862,-0.0291261300445,0.746125459671,0.665158748627
-0.561460196972,0.0252222456038,0.807112932205,0.00329568260349,-0.0291076563299,0.745999336243,0.665302097797
-0.561491549015,0.0252498239279,0.807102739811,0.00677770283073,-0.0272988714278,0.745585441589,0.665816187859
-0.561521351337,0.0252789743245,0.807097494602,0.00673671066761,-0.0272936727852,0.74553245306,0.665876209736
-0.561552107334,0.0253336131573,0.807099342346,0.00671065459028,-0.0273706950247,0.745477497578,0.665934681892
-0.561579048634,0.0253666695207,0.807100892067,0.00626216037199,-0.027109503746,0.74566835165,0.665736198425
-0.561608850956,0.0253889653832,0.807101547718,0.00626487703994,-0.027108842507,0.745629370213,0.66577988863
-0.561632454395,0.0254218298942,0.807099699974,0.00622894568369,-0.0272716246545,0.745620191097,0.665783762932
-0.561658740044,0.025443052873,0.807089209557,0.00600002193823,-0.0272746495903,0.745532691479,0.665883719921
-0.561690151691,0.0254689846188,0.807085752487,0.00606816541404,-0.0274579524994,0.745481729507,0.665932476521
-0.561711370945,0.0254807267338,0.807105362415,0.00637835403904,-0.0279448013753,0.745202064514,0.666222512722
-0.56172734499,0.0254995562136,0.807104349136,0.00630053458735,-0.0280190967023,0.745147764683,0.666280865669
-0.561706244946,0.0255365036428,0.807074010372,0.00616629468277,-0.0282373316586,0.745087742805,0.666339933872
-0.561716139317,0.0255874153227,0.807052254677,0.00558373052627,-0.028511909768,0.744761109352,0.666698515415
-0.561733603477,0.0255933105946,0.807052135468,0.00597233930603,-0.0278038084507,0.744826972485,0.666651546955
-0.56179869175,0.0255991350859,0.807042717934,0.00560386665165,-0.0284839980304,0.744669079781,0.666802167892
-0.561955571175,0.0250003151596,0.807427883148,0.0051684519276,-0.0274493526667,0.744269907475,0.667294621468
-0.561985313892,0.0250052493066,0.807421088219,0.00468316022307,-0.0271435733885,0.744403004646,0.667162358761
-0.561997056007,0.0250182375312,0.807384490967,0.00450794445351,-0.0271549206227,0.744330525398,0.667243778706
-0.562027812004,0.0250044092536,0.807387173176,0.00468251435086,-0.0264046043158,0.744378268719,0.667219460011
-0.561902165413,0.0256377402693,0.806970655918,0.00540124578401,-0.0276765245944,0.744516968727,0.667007803917
-0.562216103077,0.0249413028359,0.807321846485,0.00469393702224,-0.0259599834681,0.744277894497,0.667348921299
-0.562100768089,0.0255578104407,0.80690997839,0.00535893440247,-0.0286621022969,0.744225502014,0.66729170084
-0.562120616436,0.0255614407361,0.806906282902,0.00530762830749,-0.0287195779383,0.744204282761,0.667313396931
-0.562140882015,0.0255627967417,0.806905865669,0.00526627525687,-0.0286529380828,0.744112253189,0.667419195175
-0.562164902687,0.0255717523396,0.806906282902,0.0052010146901,-0.027558716014,0.744418859482,0.66712385416
-0.562186419964,0.0255720000714,0.806905150414,0.00506573962048,-0.0274621080607,0.744339704514,0.667216956615
-0.562201857567,0.0255699809641,0.806909382343,0.00499630253762,-0.0275022387505,0.744365930557,0.667186677456
-0.562220990658,0.0255730543286,0.806905865669,0.00503044296056,-0.027606151998,0.744281113148,0.667276620865
-0.562118589878,0.0256715323776,0.806943893433,0.00498768733814,-0.0293532386422,0.743990957737,0.667526066303
-0.562260270119,0.0255743768066,0.806911826134,0.00497917924076,-0.0291078817099,0.743965446949,0.667565226555
-0.562155306339,0.0256738904864,0.806938230991,0.00491122342646,-0.0295473374426,0.743958115578,0.667554616928
-0.562297105789,0.0255746468902,0.806901872158,0.00491015287116,-0.0291758701205,0.743934929371,0.667596757412
-0.562185525894,0.0256740376353,0.806930840015,0.00477165775374,-0.029635284096,0.743933200836,0.66757941246
-0.562207579613,0.0256700050086,0.806921124458,0.00472271069884,-0.0296722352505,0.743954956532,0.667553901672
-0.562370717525,0.0250161234289,0.807359814644,0.00392383756116,-0.0282024629414,0.743682146072,0.667926847935
-0.562246024609,0.0256759431213,0.806905627251,0.00474158255383,-0.0295938309282,0.743866205215,0.667656183243
-0.562260329723,0.0256760530174,0.806898593903,0.00470830500126,-0.0296727921814,0.743853271008,0.667667329311
-0.562425434589,0.0250193215907,0.807335734367,0.00380320404656,-0.0282117910683,0.743662655354,0.667948722839
-0.562295436859,0.0256568491459,0.806914269924,0.00456698145717,-0.0296447332948,0.743845105171,0.667678773403
-0.562449216843,0.0250245071948,0.807332098484,0.0036698600743,-0.0282412134111,0.743643522263,0.667969465256
-0.56232124567,0.0256634540856,0.80690908432,0.00406322116032,-0.0292703863233,0.744129359722,0.667381763458
-0.562467515469,0.0250322204083,0.807324767113,0.0033209528774,-0.0279766172171,0.744074761868,0.667502045631
-0.56233716011,0.0256632119417,0.80691331625,0.00432727485895,-0.0297467149794,0.743818640709,0.66770529747
-0.562348604202,0.025664454326,0.80691576004,0.0038443764206,-0.0293450914323,0.744179844856,0.667323410511
-0.562355697155,0.0256671123207,0.806917130947,0.00375508866273,-0.0295020695776,0.744337320328,0.667141377926
-0.56236410141,0.025669163093,0.806922733784,0.00392960011959,-0.0294184293598,0.744160950184,0.667340576649
-0.562373936176,0.0256724357605,0.806926608086,0.0038660899736,-0.0294557530433,0.7441816926,0.667316317558
-0.562385201454,0.0256735365838,0.806927740574,0.00380886229686,-0.0294960271567,0.744202315807,0.667291879654
-0.562402307987,0.0256700105965,0.806927740574,0.00378421181813,-0.0295220445842,0.744225144386,0.667265534401
-0.562418758869,0.0256674941629,0.806929528713,0.00371735286899,-0.0295745916665,0.744256019592,0.667228937149
-0.56246972084,0.0256605204195,0.80693757534,0.00366981630214,-0.0282448865473,0.744435310364,0.667086839676
-0.562495291233,0.0256554968655,0.806936383247,0.00359748653136,-0.0282884128392,0.744467973709,0.667049109936
-0.562514185905,0.0256482586265,0.806930303574,0.00357111659832,-0.0283064227551,0.744498848915,0.667013943195
-0.562538444996,0.0256390757859,0.806928634644,0.00351979862899,-0.0283048152924,0.744537651539,0.666971027851
-0.562567770481,0.0256134942174,0.806937456131,0.00344237056561,-0.0283117648214,0.744556844234,0.666949748993
-0.562587022781,0.0256072618067,0.806936681271,0.00382825196721,-0.0287097673863,0.744197487831,0.667331516743
-0.562607884407,0.0255884695798,0.806930184364,0.00384244858287,-0.0286504402757,0.744231343269,0.667296171188
-0.562628507614,0.0255764946342,0.806934595108,0.00338314962573,-0.0283404123038,0.744668662548,0.666823804379
-0.562652885914,0.0255778841674,0.806929469109,0.00370537210256,-0.0287993885577,0.744338810444,0.66717082262
-0.562705218792,0.0255922526121,0.806902289391,0.00377320265397,-0.0288203340024,0.74440073967,0.667100250721
-0.562720239162,0.0255880411714,0.806905388832,0.00369863514788,-0.0288838800043,0.744454741478,0.667037665844
-0.562746524811,0.0255841612816,0.806896626949,0.0036630302202,-0.0289867464453,0.744472205639,0.667013823986
-0.562766373158,0.0255775079131,0.806900143623,0.00362544530071,-0.0290688723326,0.744532704353,0.666942954063
-0.562784671783,0.0255676712841,0.806900680065,0.00365043967031,-0.0291093159467,0.744557321072,0.666913628578
-0.562806010246,0.0255700889975,0.806897163391,0.00367447920144,-0.0291875228286,0.744565248489,0.666901290417
-0.562821626663,0.0255621187389,0.806897938251,0.0037166965194,-0.0293555743992,0.744619250298,0.666833221912
-0.562843024731,0.0255632400513,0.806896388531,0.00370104494505,-0.0294479820877,0.74473297596,0.666702330112
-0.56286329031,0.0255608446896,0.806889235973,0.0035771119874,-0.029536863789,0.744845151901,0.666573822498
-0.562880277634,0.0255526546389,0.806892633438,0.0037125966046,-0.0295690223575,0.744803667068,0.666618049145
-0.56289935112,0.0255513004959,0.806890487671,0.00356109440327,-0.0302192140371,0.74512565136,0.666229665279
-0.562913894653,0.0255387797952,0.806884407997,0.00363133102655,-0.0302671734244,0.745067596436,0.666292011738
-0.562927901745,0.0255401302129,0.806883215904,0.00368912657723,-0.031598623842,0.744857549667,0.666464745998
-0.562942564487,0.0255309231579,0.806881010532,0.00366017455235,-0.031703427434,0.744922280312,0.666387498379
-0.5629555583,0.0255262441933,0.80687558651,0.00365273328498,-0.0305866338313,0.7451800704,0.666151642799
-0.562968313694,0.0255156401545,0.806881010532,0.00361000862904,-0.0318264514208,0.744951546192,0.666349291801
-0.562977969646,0.0255063325167,0.806883513927,0.00358668272384,-0.0307009927928,0.745247066021,0.666071712971
-0.562978506088,0.0255029741675,0.806876242161,0.00346670835279,-0.0319832712412,0.74498128891,0.66630923748
-0.562991559505,0.0254900306463,0.806880056858,0.00341292610392,-0.0319322049618,0.745094895363,0.666184782982
-0.562998116016,0.0254773888737,0.8068831563,0.00332880904898,-0.0319899693131,0.745140552521,0.666131556034
-0.563002943993,0.0254662930965,0.806883573532,0.00331283849664,-0.0320652574301,0.745133161545,0.666136205196
-0.56305873394,0.0254717506468,0.806838870049,0.00339572574012,-0.032041605562,0.745130836964,0.666139543056
-0.563022911549,0.0254506077617,0.806884527206,0.00320830591954,-0.0320746861398,0.745170772076,0.666094183922
-0.56307810545,0.0254464484751,0.806842088699,0.00323521788232,-0.0320700630546,0.745221734047,0.666037201881
-0.563024222851,0.02541128546,0.806892216206,0.00314738671295,-0.0321581251919,0.745165348053,0.666096448898
-0.563040137291,0.0253987777978,0.80689060688,0.00311350775883,-0.0322167426348,0.74514144659,0.666120588779
-0.563061833382,0.0253715962172,0.8068998456,0.00293136411346,-0.032138235867,0.745359778404,0.665880799294
-0.563084185123,0.0253627877682,0.806898713112,0.00299576949328,-0.0304790697992,0.745474457741,0.665830373764
-0.563101351261,0.0253486968577,0.806898117065,0.00298776850104,-0.0306285433471,0.745431900024,0.665871143341
-0.563142120838,0.025331011042,0.806885361671,0.00299228075892,-0.0306947343051,0.745476186275,0.665818452835
-0.563163816929,0.0253148265183,0.806886196136,0.00297471066006,-0.0312239490449,0.74572879076,0.665510952473
-0.563185691833,0.0253036767244,0.806882858276,0.00302021112293,-0.0306938048452,0.745524942875,0.665763735771
-0.563204467297,0.0252897460014,0.806878864765,0.0030020060949,-0.0307112410665,0.74555015564,0.665734767914
-0.563227117062,0.0252768062055,0.806880235672,0.00293458113447,-0.0307772736996,0.745586812496,0.6656909585
-0.563251435757,0.0252721272409,0.806874871254,0.00287084863521,-0.031409997493,0.745842516422,0.665375173092
-0.563275098801,0.0252600051463,0.806869149208,0.00284302560613,-0.0314419083297,0.745863437653,0.66535037756
-0.56329369545,0.0252449586987,0.806872785091,0.00279444013722,-0.0314606167376,0.745893836021,0.665315747261
-0.563315212727,0.0252368543297,0.80686801672,0.00277941673994,-0.031506113708,0.74590665102,0.66529917717
-0.563337981701,0.0252322182059,0.806865572929,0.00273665133864,-0.0315593406558,0.745918691158,0.665283203125
-0.563352286816,0.0251901578158,0.806834161282,0.00266496441327,-0.0315253287554,0.745941698551,0.665259420872
-0.563375174999,0.025206649676,0.806852161884,0.00264640222304,-0.0315818302333,0.745939671993,0.665259063244
-0.563406586647,0.0252057928592,0.806848704815,0.00260219280608,-0.0316344127059,0.745963811874,0.665229618549
-0.56343203783,0.0251932777464,0.80685031414,0.00263612787239,-0.0311051756144,0.745742619038,0.665502369404
-0.563471615314,0.0251897424459,0.806855082512,0.00248966948129,-0.031074501574,0.745668709278,0.665587246418
-0.563498258591,0.0251923818141,0.806856811047,0.00260206963867,-0.0311669837683,0.745765089989,0.665474414825
-0.563522517681,0.0251849088818,0.806858599186,0.00254748435691,-0.0311885513365,0.74575906992,0.665480554104
-0.563550174236,0.02517259866,0.806860923767,0.00230518728495,-0.0311546809971,0.745673894882,0.665578424931
-0.563578486443,0.0251809693873,0.806860327721,0.00227955472656,-0.0311771705747,0.745686113834,0.665563762188
-0.563603937626,0.025178629905,0.80686467886,0.00228672078811,-0.0312593542039,0.745636165142,0.665615856647
-0.563679277897,0.0251859985292,0.806858837605,0.00235488265753,-0.0312285069376,0.745593130589,0.665665328503
-0.563703477383,0.0251767262816,0.80685788393,0.002272115089,-0.0313206799328,0.745562195778,0.665695905685
-0.563731849194,0.025183904916,0.806857526302,0.00224115536548,-0.0314039774239,0.745541632175,0.665715098381
-0.563761234283,0.0251821856946,0.806860506535,0.00219234055839,-0.031440846622,0.745483934879,0.665777981281
-0.563779950142,0.0251792892814,0.80683106184,0.00216778903268,-0.0314257442951,0.745438635349,0.665829658508
-0.563843607903,0.0252035297453,0.806805372238,0.00212379638106,-0.0314768478274,0.745438635349,0.665827333927
-0.563879370689,0.0252100937068,0.806806862354,0.00215329695493,-0.0315176770091,0.745380103588,0.665890753269
-0.563911020756,0.0252102874219,0.806806623936,0.00172568205744,-0.0310959964991,0.745724797249,0.665525913239
-0.563961744308,0.0252372492105,0.806812047958,0.00191545241978,-0.0315350033343,0.745482563972,0.665776014328
-0.563994765282,0.0252365916967,0.80680847168,0.00190160830971,-0.0315752625465,0.7454226017,0.665841162205
-0.564048111439,0.0252296701074,0.806821107864,0.00183584401384,-0.0315893180668,0.745368421078,0.665901362896
-0.564087092876,0.0252415146679,0.806812107563,0.00178551825229,-0.0316493175924,0.745309650898,0.665964365005
-0.56412011385,0.0252498015761,0.80680835247,0.00187061948236,-0.0318097732961,0.745300233364,0.665967226028
-0.564155876637,0.0252630505711,0.806809067726,0.00184045883361,-0.0318832807243,0.745255410671,0.66601395607
-0.564197063446,0.0252720471472,0.806813001633,0.00182831555139,-0.0320624224842,0.745028793812,0.66625893116
-0.56423407793,0.0252870135009,0.806816101074,0.00179408118129,-0.0321570076048,0.745064795017,0.666214048862
-0.564268887043,0.0252870470285,0.806813836098,0.00158827763516,-0.0322956927121,0.745023965836,0.666253566742
-0.564490795135,0.0247147865593,0.807160973549,-0.00268419575877,-0.0326828435063,0.745145976543,0.666094720364
-0.564401984215,0.0253174137324,0.806766152382,-0.00207139458507,-0.0339730121195,0.745249271393,0.665916740894
-0.564445793629,0.0253227837384,0.80677485466,0.00148999609519,-0.0321404337883,0.744764983654,0.666550934315
-0.564631342888,0.0247473884374,0.807157218456,-0.00276277260855,-0.0338718034327,0.744626879692,0.666615307331
-0.564539551735,0.0253533832729,0.806790530682,0.00152849324513,-0.0323043614626,0.744627535343,0.666696310043
-0.564579725266,0.0253562033176,0.806789219379,0.00136475870386,-0.0324126929045,0.744656145573,0.666659414768
-0.564620554447,0.025355771184,0.806777775288,0.00112501881085,-0.0329660624266,0.744807243347,0.666463971138
-0.56466293335,0.0253641158342,0.806777119637,-0.00284125329927,-0.0347961820662,0.745125055313,0.666010260582
-0.564702749252,0.0253622103482,0.806768119335,-0.00286234240048,-0.0347842052579,0.745098412037,0.66604077816
-0.564880728722,0.0247772671282,0.807149589062,-0.00371446879581,-0.0335798598826,0.744916439056,0.666301965714
-0.56492382288,0.0247973054647,0.80713480711,-0.00365117331967,-0.0330737158656,0.744695663452,0.666574299335
-0.564977884293,0.0247960835695,0.807150125504,-0.00367852882482,-0.0330776572227,0.744643568993,0.666632115841
-0.565022528172,0.024799965322,0.807158768177,-0.00374765554443,-0.0331155695021,0.744614601135,0.666662156582
-0.565062642097,0.0247877649963,0.807156205177,-0.00371226645075,-0.033043473959,0.744555294514,0.666732311249
-0.565138816833,0.0247859191149,0.807165980339,-0.00376627035439,-0.0330262854695,0.744535982609,0.666754186153
-0.565190911293,0.0247844997793,0.807165563107,-0.00381147535518,-0.0330468676984,0.744451522827,0.666847407818
-0.565248012543,0.0247808750719,0.807176589966,-0.00386908138171,-0.0329843573272,0.744356632233,0.66695612669
-0.565307617188,0.024771489203,0.80719268322,-0.00378377060406,-0.0328593216836,0.744304478168,0.667020797729
-0.565360844135,0.0247641820461,0.807205080986,-0.00373723590747,-0.0327912569046,0.744320511818,0.667006552219
-0.565444290638,0.02473770082,0.807234406471,-0.0037479295861,-0.0340119116008,0.744052529335,0.667244434357
-0.565527558327,0.0247244276106,0.807234764099,-0.00389280053787,-0.0326130576432,0.744274675846,0.667065620422
-0.565583467484,0.0246971435845,0.807257950306,-0.00379758514464,-0.0325973965228,0.744252681732,0.667091488838
-0.565642237663,0.0246807467192,0.807265281677,-0.00377375911921,-0.0338262356818,0.743959248066,0.667357563972
-0.565562784672,0.0252257045358,0.806918144226,-0.0030919178389,-0.0350298807025,0.744123578072,0.667115807533
-0.565762102604,0.0246298406273,0.807294726372,-0.00398666784167,-0.033726029098,0.744051098824,0.667259156704
-0.56568813324,0.0251674409956,0.806939780712,-0.0032214790117,-0.0348815247416,0.744130849838,0.667114913464
-0.565889716148,0.0245332214981,0.807321190834,-0.00408350909129,-0.0334283150733,0.744045555592,0.667279601097
-0.565764009953,0.0250788331032,0.806982517242,-0.00343322777189,-0.0335030332208,0.744385302067,0.666900575161
-0.565855324268,0.0250155366957,0.806997954845,-0.00332184578292,-0.0332208015025,0.744359493256,0.666944086552
-0.566082239151,0.0243759471923,0.807346940041,-0.00421081110835,-0.0319490395486,0.744334816933,0.667028784752
-0.566122949123,0.0243220813572,0.807323753834,-0.00441876333207,-0.0318442471325,0.744363903999,0.666999936104
-0.566041111946,0.0248584579676,0.806949436665,-0.00365666276775,-0.0331370681524,0.744524419308,0.666762292385
-0.566236257553,0.0241957325488,0.807336270809,-0.00446404516697,-0.0317246094346,0.744474291801,0.66688221693
-0.56617718935,0.0247331596911,0.806955993176,-0.00382625684142,-0.0329480953515,0.744636118412,0.666646063328
-0.566229045391,0.0246802438051,0.806956231594,-0.00385322840884,-0.0328893922269,0.744693636894,0.66658449173
-0.566281676292,0.0246263872832,0.806964099407,-0.00384171982296,-0.0329477861524,0.744831681252,0.666427433491
-0.566333651543,0.0245820712298,0.806967675686,-0.00391324050725,-0.0334708727896,0.745129823685,0.666067540646
-0.566384494305,0.0245306491852,0.806977331638,-0.00396840367466,-0.0335100106895,0.745195150375,0.665992259979
-0.566417217255,0.0244800709188,0.806985676289,-0.00401875935495,-0.0335567183793,0.745247066021,0.665931463242
-0.566603958607,0.0238255001605,0.807363629341,-0.00161115161609,-0.0306169204414,0.744881033897,0.666492462158
-0.566656827927,0.023778706789,0.807370662689,-0.00182801880874,-0.030469417572,0.744980573654,0.666387438774
-0.566747426987,0.0237479843199,0.807344377041,-0.00150840787683,-0.030630948022,0.744968354702,0.666394472122
-0.566809952259,0.0237070638686,0.807364821434,-0.001526427106,-0.0306456163526,0.744963049889,0.666399717331
-0.566880345345,0.0236510932446,0.807331562042,-0.00158931908663,-0.0305747576058,0.745089590549,0.666261434555
-0.566943407059,0.0235881339759,0.807375907898,-0.00159854313824,-0.0306118372828,0.745162069798,0.666178524494
-0.56700026989,0.0235449522734,0.807372033596,-0.00160625518765,-0.0306347664446,0.745216846466,0.666116297245
-0.567062735558,0.0235001798719,0.807376682758,-0.00161252077669,-0.0306696277112,0.745311260223,0.66600894928
-0.567219853401,0.0233002956957,0.807405650616,-0.00165650399867,-0.0296811964363,0.745238423347,0.666135072708
-0.567284286022,0.0232463888824,0.80740827322,-0.00175619393121,-0.0297265481204,0.745350182056,0.666007757187
-0.56736022234,0.0231831111014,0.807420790195,-0.00174346915446,-0.0296720862389,0.745428085327,0.665922939777
-0.56736779213,0.0232443455607,0.807407200336,-0.00163707253523,-0.0299391578883,0.745458543301,0.665877282619
-0.567471206188,0.0231662224978,0.807431221008,-0.00158401415683,-0.0297929830849,0.745558798313,0.665771603584
-0.567565202713,0.0230653844774,0.807456314564,-0.00161987519823,-0.0296316333115,0.745620250702,0.665710031986
-0.567645609379,0.0229774508625,0.807389616966,-0.00158383289818,-0.0295240134001,0.745688259602,0.665638685226
-0.567725658417,0.0229014977813,0.807401835918,-0.00148479547352,-0.029388204217,0.745733976364,0.66559368372
-0.567793250084,0.0228157769889,0.807419002056,-0.00141112715937,-0.0291797108948,0.745624482632,0.665725588799
-0.567845880985,0.0227321404964,0.8074401021,-0.0017287459923,-0.0303496532142,0.745814561844,0.665459811687
-0.567919254303,0.0225950870663,0.807445764542,-0.00153391016647,-0.0295649506152,0.745941996574,0.665352582932
-0.568000078201,0.0224998053163,0.807464659214,-0.00147974619176,-0.0295512340963,0.746020436287,0.665265381336
-0.568062901497,0.0224210303277,0.80747616291,-0.00148624344729,-0.0295487362891,0.746031343937,0.665253281593
-0.568121910095,0.022319983691,0.807483434677,-0.00159695080947,-0.0306555069983,0.745864808559,0.665389657021
-0.568061351776,0.0228367373347,0.807111978531,-0.000657942844555,-0.0320765599608,0.746102273464,0.665057897568
-0.568122208118,0.0227272529155,0.80711722374,-0.000719564035535,-0.032048959285,0.746166944504,0.664986729622
-0.568196117878,0.0225997790694,0.80713891983,-0.0009152914281,-0.0302521642298,0.746301293373,0.664919793606
-0.568258047104,0.0224537476897,0.807144165039,-0.000982211204246,-0.0301077608019,0.746376991272,0.664841353893
-0.56833833456,0.0222731605172,0.80716073513,-0.0010823700577,-0.0299216415733,0.746448516846,0.664769351482
-0.568420708179,0.0221320632845,0.807146906853,-0.00106107559986,-0.029927123338,0.746619999409,0.664576470852
-0.568494617939,0.0219826567918,0.807164788246,-0.00112280366011,-0.0297920443118,0.7467187047,0.664471566677
-0.568591892719,0.021823734045,0.807215809822,-0.00120196468197,-0.0298364087939,0.746943414211,0.664216756821
-0.568644106388,0.0216751713306,0.807222962379,-0.00133371306583,-0.0303757805377,0.747303426266,0.663787066936
-0.568767905235,0.0213451962918,0.807385981083,-0.00138543336652,-0.0313003621995,0.747162997723,0.663901865482
-0.568820893764,0.0211879611015,0.80739659071,-0.0014585320605,-0.0312632359564,0.747144341469,0.663924634457
-0.568944334984,0.0210260581225,0.807371199131,-0.00109008955769,-0.0310282353312,0.746959328651,0.664144396782
-0.568994879723,0.0208381153643,0.807379245758,-0.00130562670529,-0.0311757326126,0.747142791748,0.663930654526
-0.569049298763,0.0206735786051,0.807402074337,-0.00138152763247,-0.0298953279853,0.747416734695,0.663681149483
-0.569067955017,0.020600957796,0.807413756847,-0.00127926527057,-0.0301276966929,0.747499644756,0.663577497005
-0.569087862968,0.0204026661813,0.807444989681,-0.00143308623228,-0.029943857342,0.747610151768,0.663460969925
-0.569187641144,0.020081486553,0.807464838028,-0.00134295597672,-0.0294127482921,0.747535407543,0.663569331169
-0.569217562675,0.0198857765645,0.807469964027,-0.00145183375571,-0.0295897852629,0.7475451231,0.663550019264
-0.56911689043,0.0197976566851,0.807511687279,-0.00161764619406,-0.0302836187184,0.747738063335,0.663300871849
-0.569156110287,0.0195992421359,0.807522237301,-0.00127717084251,-0.0302246827632,0.747681319714,0.663368284702
-0.569229543209,0.0193844847381,0.807571589947,-0.00117532233708,-0.0302428938448,0.747727751732,0.663315474987
-0.569278776646,0.0191636253148,0.807602763176,-0.00116071570665,-0.0303514208645,0.74779856205,0.663230597973
-0.569324910641,0.0189188346267,0.807644963264,-0.00129410915542,-0.0305959582329,0.747940838337,0.663058698177
-0.569524168968,0.0180680826306,0.808051168919,-0.00206381920725,-0.0291485078633,0.747783541679,0.663299262524
-0.569534480572,0.0178255941719,0.808082282543,-0.0021452868823,-0.0292032342404,0.747717738152,0.663370907307
-0.569608986378,0.0174213834107,0.808085501194,-0.00234647840261,-0.0288557950407,0.74769359827,0.663412451744
-0.569586336613,0.0172889772803,0.808092594147,-0.00232670153491,-0.0286089107394,0.747575283051,0.663556575775
-0.56961786747,0.0170390736312,0.808121025562,-0.0022658072412,-0.0286709386855,0.747642278671,0.66347849369
-0.569657921791,0.0167858339846,0.8081381917,-0.00592329259962,-0.0304510165006,0.747937381268,0.66304397583
-0.569713771343,0.0165299773216,0.808181941509,-0.00563358189538,-0.0304322987795,0.748007357121,0.662968337536
-0.56977981329,0.0162524413317,0.808260381222,-0.00555605720729,-0.0304738748819,0.748222649097,0.662724077702
-0.569789767265,0.0159261990339,0.80830770731,-0.00593520933762,-0.0311328265816,0.748398602009,0.662491500378
-0.569859683514,0.0156375095248,0.808346986771,-0.00605752319098,-0.0302589014173,0.74840015173,0.662529230118
-0.569958925247,0.0153484679759,0.808397948742,-0.00601107440889,-0.0303033590317,0.748537778854,0.66237205267
-0.569977641106,0.0150407534093,0.808368504047,-0.00615019025281,-0.0303040575236,0.748683035374,0.662206590176
-0.570027410984,0.0147826392204,0.808392524719,-0.00263635837473,-0.0306152850389,0.748344898224,0.662597715855
-0.570060014725,0.0144927408546,0.808370888233,-0.00269528408535,-0.0301617402583,0.748222410679,0.662756621838
-0.570140898228,0.0141716189682,0.808432877064,-0.00574254477397,-0.030777964741,0.748682677746,0.662188768387
-0.570062041283,0.014497840777,0.808051228523,-0.00506037613377,-0.0322622545063,0.749081432819,0.661672651768
-0.570097446442,0.0141708841547,0.808107197285,-0.00193716876674,-0.0311993807554,0.749182999134,0.661625146866
-0.570174813271,0.0138359842822,0.808156132698,-0.00209255679511,-0.0313572920859,0.749453365803,0.661310911179
-0.570404112339,0.0128885982558,0.808595299721,-0.0029786801897,-0.0304692238569,0.749064445496,0.661789536476
-0.570481061935,0.0125329950824,0.808724761009,-0.00140688277315,-0.0280424878001,0.749293208122,0.66164290905
-0.570528626442,0.0122133791447,0.80872130394,-0.00128180568572,-0.0279813557863,0.749457001686,0.661460280418
-0.57075971365,0.0121099259704,0.808718562126,-0.000177500129212,-0.0287576895207,0.749554097652,0.661318063736
-0.570815503597,0.0118043329567,0.808735251427,-0.000185463635717,-0.0288515351713,0.749713540077,0.661133289337
-0.570847690105,0.0114694228396,0.808728337288,-0.000712439767085,-0.0285798553377,0.75005197525,0.660760879517
-0.570715665817,0.0114051550627,0.808612823486,-0.000503704359289,-0.0293491762131,0.750237882137,0.660516023636
-0.57079911232,0.0110266013071,0.808660566807,-0.000514264160302,-0.0292527396232,0.750421583652,0.660311639309
-0.570900022984,0.0106713529676,0.808714807034,-0.000152417414938,-0.0293110050261,0.750673890114,0.660022318363
-0.571085572243,0.0103086866438,0.808764696121,0.000482985400595,-0.029196433723,0.750793993473,0.659890651703
-0.571184039116,0.00997960753739,0.808810412884,0.000751995947212,-0.0290667451918,0.750958383083,0.659708976746
-0.571169614792,0.0095967464149,0.808849394321,0.000902743020561,-0.0291005186737,0.751119673252,0.65952372551
-0.571477711201,0.00884407199919,0.809041798115,0.000895489298273,-0.0281226206571,0.75116455555,0.659515082836
-0.57159024477,0.00841890834272,0.809063613415,0.000839214946609,-0.0277030356228,0.75135487318,0.659316182137
-0.5717228055,0.00795716140419,0.809090971947,0.000727397506125,-0.027193505317,0.751619815826,0.659035503864
-0.571797311306,0.00760993594304,0.809148728848,0.000708408711944,-0.0268261674792,0.752358436584,0.658207178116
-0.571881771088,0.00715146493167,0.809207141399,0.00119100592565,-0.0270983111113,0.752240598202,0.658330082893
-0.571939051151,0.00675284303725,0.809337496758,0.00121136242524,-0.026974150911,0.752604067326,0.657919466496
-0.572092652321,0.00639330502599,0.809421420097,0.00176179711707,-0.0266684219241,0.752790331841,0.657717645168
-0.572303771973,0.00597980059683,0.809445738792,0.00229584798217,-0.026215378195,0.753126382828,0.657349467278
-0.572361052036,0.00570515636355,0.809498429298,0.00263740983792,-0.0266441870481,0.753345489502,0.657079696655
-0.572449445724,0.00533415935934,0.809549152851,0.00277075078338,-0.0265126172453,0.753513753414,0.656891524792
-0.572567343712,0.00498019903898,0.8095484972,0.00331212463789,-0.0265111885965,0.753912091255,0.656431794167
-0.572773396969,0.00459840195253,0.809560537338,0.00384347280487,-0.0262601487339,0.754150569439,0.656165003777
-0.572945713997,0.00422537093982,0.809604227543,0.00421732384712,-0.0261921938509,0.75443315506,0.655840575695
-0.573051393032,0.00384779507294,0.809639394283,0.00465422216803,-0.0259335972369,0.754706263542,0.655533611774
-0.573209643364,0.00351463258266,0.809752643108,0.00510395970196,-0.025811387226,0.754999160767,0.655197739601
-0.573395967484,0.00307923415676,0.809804141521,0.00551165500656,-0.0249799229205,0.754922151566,0.655315518379
-0.573512434959,0.00266149640083,0.8098782897,0.00582550792024,-0.0253525618464,0.755412936211,0.654732525349
-0.573794901371,0.00220516370609,0.809910833836,0.00635744351894,-0.0243032407016,0.755355775356,0.654833376408
-0.573992013931,0.00182549818419,0.8100014925,0.00712239649147,-0.0241413358599,0.755424499512,0.654752254486
-0.574047684669,0.00150096369907,0.809786498547,0.00705761136487,-0.0238511320204,0.75599449873,0.654105186462
-0.574190557003,0.00141238118522,0.810396611691,0.00830624997616,-0.0246815960854,0.75579470396,0.654290676117
-0.575732827187,0.00185389001854,0.808778584003,0.0122307259589,-0.0229869764298,0.757356584072,0.652482151985
-0.574505209923,0.000983462203294,0.809349834919,0.00932122673839,-0.0247393976897,0.756033301353,0.653998970985
-0.574634492397,0.000585583504289,0.8093714118,0.00987103953958,-0.0244634021074,0.756042420864,0.653990864754
-0.576426804066,0.000698299845681,0.808731257915,0.0140455337241,-0.0222741290927,0.757241725922,0.652603566647
-0.576627016068,0.000302120577544,0.80877405405,0.0140319466591,-0.0212107282132,0.757589221001,0.652235865593
-0.576768159866,-4.93039842695e-05,0.808783531189,0.0145666720346,-0.0215177629143,0.757171988487,0.65269857645
-0.5768866539,-0.00044307205826,0.808822035789,0.0149092515931,-0.0215526055545,0.757230937481,0.652621269226
-0.575410187244,-0.00124594243243,0.809459388256,0.0113515947014,-0.0237248111516,0.756146073341,0.653874218464
-0.575582265854,-0.001656901557,0.809518098831,0.0106427026913,-0.0236435011029,0.756400346756,0.653594911098
-0.575702369213,-0.00205204659142,0.809534907341,0.0115530313924,-0.0230295360088,0.756407439709,0.653593242168
-0.575786590576,-0.00248030107468,0.809610545635,0.0113812992349,-0.0229790192097,0.756477057934,0.653517365456
-0.575875401497,-0.00286413077265,0.809623360634,0.011575342156,-0.0223360862583,0.75634098053,0.65369361639
-0.576167225838,-0.00345614319667,0.809692203999,0.0125121483579,-0.0214240122586,0.756095647812,0.653990745544
-0.576243638992,-0.00374638941139,0.809634387493,0.0118728857487,-0.0218905732036,0.756467401981,0.653557121754
-0.576332390308,-0.00411036703736,0.809635639191,0.0124059114605,-0.0219118651003,0.756187796593,0.653870165348
-0.576388180256,-0.00449488684535,0.809668123722,0.0121989659965,-0.0213950555772,0.756577014923,0.653440713882
-0.576488673687,-0.00498871225864,0.80967271328,0.0125330407172,-0.0210619904101,0.756075620651,0.654025375843
-0.576562523842,-0.00540234567598,0.809699296951,0.012878251262,-0.020915100351,0.7559633255,0.654153048992
-0.57667607069,-0.00593201350421,0.809747874737,0.0127427661791,-0.0203357096761,0.756097078323,0.654019296169
-0.576718747616,-0.0063996091485,0.809753775597,0.0126569410786,-0.0198247302324,0.756322085857,0.653776586056
-0.57674151659,-0.00670314952731,0.80978935957,0.0128886578605,-0.0196611117572,0.756280899048,0.653824567795
-0.576840281487,-0.00714660901576,0.809795022011,0.0121053028852,-0.0201502479613,0.75625193119,0.653858184814
-0.576874792576,-0.00754198338836,0.8098564744,0.0125363264233,-0.0204820781946,0.755989074707,0.654143571854
-0.577028572559,-0.00806198827922,0.809910774231,0.0130342114717,-0.0199458114803,0.756102859974,0.654018998146
-0.577198266983,-0.00853766687214,0.809912025928,0.0136752324179,-0.0184925626963,0.755642831326,0.654579997063
-0.577208042145,-0.00892958976328,0.809896290302,0.0135801797733,-0.0177064836025,0.756010353565,0.654179096222
-0.577135741711,-0.00926524493843,0.809883475304,0.0136513402686,-0.0186432152987,0.756168246269,0.653969109058
-0.57705616951,-0.00923130661249,0.810668706894,0.0144809959456,-0.019870903343,0.756113946438,0.653978049755
-0.576925337315,-0.00996185466647,0.809960722923,0.0141056543216,-0.0191091727465,0.755979239941,0.654164671898
-0.576929748058,-0.0103739378974,0.809961974621,0.0143603924662,-0.0188906118274,0.755872011185,0.654289424419
-0.576902925968,-0.0107993334532,0.80995029211,0.0147937778383,-0.0188491437584,0.755804538727,0.654358744621
-0.576909005642,-0.0111679816619,0.809988021851,0.0151049047709,-0.018891910091,0.755662679672,0.654514312744
-0.576804578304,-0.0114186219871,0.810033321381,0.0157879181206,-0.019819047302,0.755048394203,0.655179262161
-0.576743781567,-0.0117813078687,0.810079932213,0.0159915462136,-0.0198104698211,0.754838109016,0.655416965485
-0.576695680618,-0.0121160186827,0.810070753098,0.0158984810114,-0.0196180846542,0.755015432835,0.655220627785
-0.576632320881,-0.0124494899064,0.810086607933,0.015817405656,-0.0196031723171,0.755070984364,0.655159115791
-0.57653439045,-0.012838434428,0.810049712658,0.0162594597787,-0.0196031238884,0.754748821259,0.655519366264
-0.576434910297,-0.0131573872641,0.810109734535,0.0164788533002,-0.019646378234,0.754559755325,0.655730128288
-0.576360762119,-0.0135105578229,0.810100793839,0.0165227502584,-0.0190834216774,0.754133105278,0.656236350536
-0.577317655087,-0.0139102423564,0.810376405716,0.0184878762811,-0.0172544308007,0.754717111588,0.655562877655
-0.577193319798,-0.0142628327012,0.810382783413,0.018407035619,-0.0180353447795,0.754617869854,0.655658364296
-0.577056407928,-0.0146780051291,0.810464739799,0.0183709636331,-0.0178504325449,0.754678845406,0.655594289303
-0.577020227909,-0.0151977883652,0.810445547104,0.0183536689728,-0.0172934532166,0.754686713219,0.655600547791
-0.576902806759,-0.0155121926218,0.810402154922,0.0185266081244,-0.0167884621769,0.754591107368,0.65571886301
-0.576712965965,-0.0158738959581,0.810453772545,0.0183489918709,-0.0168737079948,0.754611551762,0.655698299408
-0.576569437981,-0.0162282250822,0.810476958752,0.0183051377535,-0.0168179813772,0.754655838013,0.655649900436
-0.576333105564,-0.0164113920182,0.81045114994,0.0182032454759,-0.0178537797183,0.754805266857,0.655453205109
-0.576135754585,-0.0167942643166,0.810436964035,0.0180447362363,-0.0182803552598,0.755010843277,0.655208945274
-0.575961470604,-0.0171786863357,0.810475647449,0.0177983101457,-0.018176978454,0.755145967007,0.655062913895
-0.575991690159,-0.0175535492599,0.810434103012,0.0178583227098,-0.0173304192722,0.754813909531,0.655466854572
-0.576011478901,-0.0179275237024,0.810476005077,0.0179424285889,-0.0166330914944,0.755123019218,0.655126512051
-0.574358940125,-0.0182412341237,0.810431063175,0.0150440651923,-0.0188905205578,0.754260540009,0.656131029129
-0.575359284878,-0.0186623353511,0.810646653175,0.0171191301197,-0.0166333019733,0.755035102367,0.655249834061
-0.574105620384,-0.0192793942988,0.810491263866,0.014542337507,-0.0180138703436,0.754447996616,0.65595126152
-0.573827207088,-0.0196386277676,0.810486078262,0.0138403121382,-0.0180777013302,0.754581212997,0.655811667442
-0.573531150818,-0.0198749881238,0.810496628284,0.0135244270787,-0.0189075507224,0.754701495171,0.655656397343
-0.573213398457,-0.0200591478497,0.81054764986,0.0133419092745,-0.0185641217977,0.754264771938,0.656172215939
-0.572987318039,-0.0204481910914,0.810521185398,0.012860766612,-0.018692407757,0.754213094711,0.656237721443
-0.574014306068,-0.0211346726865,0.810819804668,0.0143984919414,-0.0160680580884,0.754780292511,0.655622780323
-0.573785007,-0.0220906957984,0.811409056187,0.0131914187223,-0.0150788323954,0.754431009293,0.656073451042
-0.573446214199,-0.0221281647682,0.811302363873,0.0134982597083,-0.0164487324655,0.753802537918,0.656756460667
-0.5732640028,-0.0225797109306,0.811348617077,0.0125511726364,-0.0158712267876,0.753963708878,0.656604349613
-0.573033094406,-0.0229062717408,0.811375439167,0.0123974867165,-0.0160973928869,0.753722786903,0.65687841177
-0.572833359241,-0.0233001150191,0.81142783165,0.012159621343,-0.0159907974303,0.753414332867,0.657239198685
-0.572505176067,-0.0228772126138,0.810730040073,0.0129294516519,-0.0178976207972,0.753197669983,0.657423615456
-0.572312295437,-0.0230755135417,0.81059718132,0.0129029955715,-0.0189863182604,0.753421247005,0.657137334347
-0.572161197662,-0.0233957711607,0.810419976711,0.0127371726558,-0.0189739018679,0.753191590309,0.657404065132
-0.571840405464,-0.0242087692022,0.810058772564,0.0114783486351,-0.017884394154,0.752483844757,0.65826779604
-0.571751356125,-0.0246566962451,0.80999147892,0.0112391710281,-0.0180803146213,0.752458333969,0.658295750618
-0.57041311264,-0.0244035609066,0.810571610928,0.00990035850555,-0.020746178925,0.751284003258,0.659578621387
-0.57028222084,-0.0247720759362,0.81062912941,0.0125035010278,-0.0199126210064,0.750278294086,0.66070407629
-0.570140421391,-0.0250960271806,0.81063336134,0.0119797559455,-0.0196865778416,0.750514864922,0.660451769829
-0.569989740849,-0.0253994092345,0.810696363449,0.0108107561246,-0.0202000085264,0.750133991241,0.660888969898
-0.569857180119,-0.0257413797081,0.81068778038,0.0107742371038,-0.020177712664,0.749813139439,0.661254227161
-0.569654166698,-0.0260840523988,0.810725033283,0.0116121955216,-0.0202597994357,0.749560475349,0.66152381897
-0.569494664669,-0.0264292024076,0.810760438442,0.0115944277495,-0.0204091221094,0.749157369137,0.661976099014
-0.569358468056,-0.0267729405314,0.810782134533,0.01153771393,-0.0207981206477,0.748584747314,0.662612318993
-0.569195210934,-0.0271525681019,0.810771942139,0.0113018034026,-0.0205557346344,0.747990071774,0.663295269012
-0.569044172764,-0.0274735763669,0.810795724392,0.0111376829445,-0.0205510538071,0.747949838638,0.663343548775
-0.568912386894,-0.0278329364955,0.810780584812,0.0109536247328,-0.0205135028809,0.747712671757,0.663615167141
-0.568869113922,-0.028355371207,0.810796618462,0.0105493729934,-0.0203653015196,0.747465491295,0.663904607296
-0.568737745285,-0.0286873355508,0.81084215641,0.0105161275715,-0.02047111094,0.746954083443,0.664477229118
-0.568542778492,-0.0290009398013,0.811018943787,0.0102415755391,-0.0214050281793,0.746590137482,0.664860963821
-0.568440973759,-0.0293538235128,0.811060130596,0.00990003068,-0.0213631391525,0.746396362782,0.665085017681
-0.568295180798,-0.0297861751169,0.811128377914,0.00954754464328,-0.0213448293507,0.746016800404,0.6655164361
-0.568173646927,-0.0308768879622,0.81174904108,0.00804942380637,-0.01999251917,0.745360970497,0.66631269455
-0.568091452122,-0.0312341805547,0.811750769615,0.00795747153461,-0.0203603357077,0.745047867298,0.666652619839
-0.567822396755,-0.0312321260571,0.811418354511,0.007906912826,-0.0207848213613,0.744724333286,0.667001724243
-0.567874968052,-0.0312532484531,0.811087727547,0.00823211949319,-0.0218299534172,0.744358003139,0.667373239994
-0.567814350128,-0.0316317826509,0.811109721661,0.00827954243869,-0.0213652476668,0.743680715561,0.668142139912
-0.567622244358,-0.0322550982237,0.81141769886,0.00715735927224,-0.0210222247988,0.743239700794,0.668656647205
-0.567807197571,-0.0324246883392,0.811156749725,0.00781052932143,-0.0212379656732,0.742993235588,0.668916225433
-0.567823886871,-0.033653177321,0.811872065067,0.00624568806961,-0.0203219410032,0.742671012878,0.669318974018
-0.567726016045,-0.0334668084979,0.811548769474,0.00688167661428,-0.0213686898351,0.741962254047,0.670065760612
-0.567669868469,-0.0339654684067,0.811589002609,0.00674867071211,-0.0215877760202,0.74119836092,0.670905053616
-0.567650735378,-0.0344061553478,0.811464309692,0.00566215952858,-0.0210054069757,0.741172432899,0.670962154865
-0.567743659019,-0.035473626107,0.811863303185,0.00488018430769,-0.0196792948991,0.740477263927,0.671775400639
-0.567452788353,-0.035418856889,0.811750054359,0.00525762839243,-0.0208350084722,0.739640593529,0.672659039497
-0.567458570004,-0.0359023362398,0.811830341816,0.00519053358585,-0.0208806525916,0.738993525505,0.673369050026
-0.567469835281,-0.0363777764142,0.811699271202,0.00516795413569,-0.0208003465086,0.73829972744,0.674132049084
-0.567465186119,-0.0375593751669,0.812268853188,0.0031708185561,-0.0193406585604,0.737833380699,0.674698293209
-0.567528486252,-0.0382116809487,0.812345683575,0.00252390583046,-0.018806245178,0.737106442451,0.675510287285
-0.567401587963,-0.0386270135641,0.812352836132,0.00167675607372,-0.0194713510573,0.737056851387,0.67554807663
-0.567339420319,-0.0391688384116,0.81243699789,0.00201710429974,-0.0201413426548,0.735533714294,0.677185714245
-0.567251801491,-0.0397161394358,0.812517523766,0.00140593748074,-0.0202685445547,0.73486238718,0.677911937237
-0.567201495171,-0.0403178371489,0.8125461936,-0.000167323174537,-0.0199170410633,0.734557569027,0.678254008293
-0.567127585411,-0.0408733636141,0.812567591667,-0.000685392937157,-0.0202142875642,0.733659148216,0.679216563702
-0.56706571579,-0.0414032265544,0.812542080879,-0.000442139978986,-0.0208587236702,0.732660889626,0.680274128914
-0.566744208336,-0.0414302535355,0.812219500542,-0.000355577649316,-0.0211755987257,0.731851816177,0.681134641171
-0.566923677921,-0.04259981215,0.812566459179,-0.00122471060604,-0.0198665522039,0.730505526066,0.682616651058
-0.566858589649,-0.0432676412165,0.812671661377,-0.00169012881815,-0.0200155768543,0.729468882084,0.683718979359
-0.566923320293,-0.0439836345613,0.812684893608,-0.00143469625618,-0.0190085433424,0.728186488152,0.685113847256
-0.566793620586,-0.0444798655808,0.812693476677,-0.0013553313911,-0.0203804057091,0.726841151714,0.686501741409
-0.56681150198,-0.0451653003693,0.812724351883,-0.0016428027302,-0.0201365575194,0.725699067116,0.68771559
-0.566671967506,-0.0456147156656,0.812745928764,-0.00189252174459,-0.0205559935421,0.724945485592,0.688496887684
-0.566630125046,-0.0462314672768,0.812857329845,-0.00171561038587,-0.0211319513619,0.723455369473,0.690045535564
-0.566590249538,-0.046875,0.812807381153,-0.00234641018324,-0.0205199234188,0.722549021244,0.691011071205
-0.566613435745,-0.0473751351237,0.813197851181,-0.00188597210217,-0.0214945618063,0.720918536186,0.692683815956
-0.566519200802,-0.047994159162,0.813272833824,-0.00215339497663,-0.0215741321445,0.719621360302,0.694028139114
-0.566473960876,-0.0485423058271,0.813370287418,-0.00172394921537,-0.0218231771141,0.718288064003,0.695401310921
-0.566109359264,-0.0493107587099,0.813846826553,-0.00356373609975,-0.0216609258205,0.717258870602,0.6964610219
-0.566048502922,-0.0500905998051,0.813930213451,-0.0039856210351,-0.0231705829501,0.715394794941,0.698324859142
-0.565521240234,-0.0499036237597,0.813499689102,-0.00292094354518,-0.0247514154762,0.714025139809,0.699676394463
-0.565308332443,-0.0504865162075,0.813489437103,-0.00328369508497,-0.0258538741618,0.713003575802,0.700675964355
-0.565414071083,-0.0513332001865,0.813492774963,-0.00346501753666,-0.0259329862893,0.711462080479,0.702237308025
-0.564942955971,-0.0531988404691,0.814790010452,-0.00644577620551,-0.0248587746173,0.709693670273,0.704042315483
-0.564894020557,-0.0535738579929,0.814534723759,-0.00627439562231,-0.0254551656544,0.708969473839,0.70475178957
-0.564805030823,-0.0544435977936,0.814499378204,-0.00640409672633,-0.0253059174865,0.70733332634,0.706398129463
-0.564993202686,-0.0553471334279,0.814347326756,0.00640080077574,0.0245708283037,-0.705634117126,-0.708121538162
-0.564943194389,-0.0559652373195,0.814558267593,0.00602110847831,0.0255210194737,-0.704279303551,-0.709438621998
-0.564660549164,-0.054922554642,0.813405394554,0.00381198315881,0.0291368756443,-0.704196155071,-0.709397017956
-0.564465761185,-0.0556631721556,0.813200235367,0.00368323829025,0.0295552853495,-0.702455401421,-0.711104333401
-0.565103530884,-0.0569301471114,0.812800705433,0.00437431409955,0.0268105845898,-0.701244354248,-0.712403357029
-0.564863562584,-0.0592320673168,0.813999295235,0.00711912056431,0.0254318024963,-0.698676764965,-0.714949786663
-0.565051138401,-0.0601053871214,0.81372821331,0.00728118093684,0.0245647896081,-0.69790905714,-0.715727984905
-0.565128743649,-0.0606102272868,0.813513994217,0.00674591539428,0.0252555105835,-0.696310579777,-0.717264473438
-0.565244615078,-0.061374746263,0.813311040401,0.00668893009424,0.0256556235254,-0.695021927357,-0.718499541283
-0.5652987957,-0.0622371807694,0.813201844692,0.0069946795702,0.0249687302858,-0.693759143353,-0.719740152359
-0.565462172031,-0.0631052479148,0.813107013702,0.00654957024381,0.0254668276757,-0.69178879261,-0.721620857716
-0.565352082253,-0.0638749599457,0.812983632088,0.00694464147091,0.0252375621349,-0.690369606018,-0.722983121872
-0.565186142921,-0.0649447441101,0.813082396984,0.00773648731411,0.0252589397132,-0.688402533531,-0.724847555161
-0.565239787102,-0.0655964687467,0.812872648239,0.00814231857657,0.0249200165272,-0.687097489834,-0.726092100143
-0.565283417702,-0.0665426552296,0.812865614891,0.00864604767412,0.0248664710671,-0.685582697392,-0.727518558502
-0.565460443497,-0.0672193989158,0.812848806381,0.00771901058033,0.0253303665668,-0.684091329575,-0.728915333748
-0.565447032452,-0.0682027712464,0.812724113464,0.00829917192459,0.0258141942322,-0.68227994442,-0.730588018894
-0.565381646156,-0.0693063512444,0.812845349312,0.00851551536471,0.0254405215383,-0.680283427238,-0.732457995415
-0.565281689167,-0.0702262967825,0.812960386276,0.0095196980983,0.026243923232,-0.678623497486,-0.733955562115
-0.565256416798,-0.0710844919086,0.812908530235,0.00952463969588,0.0265353191644,-0.676982820034,-0.735458552837
-0.565449893475,-0.071977943182,0.813050508499,0.00966044142842,0.0262679960579,-0.675185799599,-0.737116575241
-0.565514743328,-0.0727889686823,0.812940776348,0.00945194531232,0.0270663797855,-0.67385071516,-0.738311171532
-0.565553307533,-0.0737912356853,0.81288921833,0.00997563079,0.0267698913813,-0.671856820583,-0.740129947662
-0.565638005733,-0.0746517181396,0.812802970409,0.0102687580511,0.0264833755791,-0.670401632786,-0.741454660892
-0.565728247166,-0.0755942165852,0.812857925892,0.0100715383887,0.026435341686,-0.668474912643,-0.743196547031
-0.565871298313,-0.0764915198088,0.812757909298,0.010537546128,0.0264503378421,-0.666789352894,-0.744702100754
-0.566200971603,-0.077659919858,0.812728404999,0.0103837689385,0.0251872912049,-0.664882600307,-0.746450901031
-0.566148102283,-0.0784263759851,0.812775909901,0.0108731184155,0.0257028713822,-0.663132965565,-0.747981131077
-0.566039800644,-0.0792504921556,0.812646567822,0.0116571020335,0.0264631230384,-0.661386370659,-0.749487698078
-0.56621581316,-0.0802152976394,0.812671124935,0.0110289538279,0.0272652506828,-0.659462034702,-0.751162350178
-0.566391348839,-0.0813030153513,0.812791705132,0.0117701580748,0.026006758213,-0.657883346081,-0.752578616142
-0.566802144051,-0.0825513973832,0.812871575356,0.0118008442223,0.025107678026,-0.656389653683,-0.753911852837
-0.566895723343,-0.0837878808379,0.813151657581,0.0124322483316,0.0243577044457,-0.654488265514,-0.755577325821
-0.566976666451,-0.0846496745944,0.812950074673,0.0122755840421,0.024666570127,-0.652790606022,-0.757037162781
-0.566899895668,-0.0850060656667,0.812742710114,0.0115763135254,0.0259306207299,-0.651197969913,-0.758376419544
-0.567101240158,-0.0858599767089,0.81269210577,0.00958858337253,0.0257010981441,-0.649579703808,-0.759798407555
-0.567492723465,-0.0872996300459,0.813070893288,0.011308950372,0.0249681547284,-0.648181438446,-0.760992407799
-0.567530572414,-0.0881175845861,0.812919318676,0.0155698796734,0.0286188777536,-0.646413385868,-0.762291371822
-0.567661345005,-0.0889207422733,0.812944531441,0.0154649205506,0.0291955582798,-0.644789099693,-0.763646125793
-0.56778293848,-0.0898054689169,0.812929809093,0.0117899114266,0.0263562183827,-0.643360972404,-0.765018224716
-0.567954361439,-0.090707115829,0.812862932682,0.0147264944389,0.0285722650588,-0.641875088215,-0.766135275364
-0.568191230297,-0.0916488021612,0.812882959843,0.0144538339227,0.0284452661872,-0.640367031097,-0.767406046391
-0.568146586418,-0.0918202996254,0.812438905239,0.00903161801398,0.0269684586674,-0.638894021511,-0.768768846989
-0.569748044014,-0.0931149199605,0.812189757824,0.0110211418942,0.026695266366,-0.638543426991,-0.769043684006
-0.568943440914,-0.0942957773805,0.81254607439,0.0133002251387,0.0283068902791,-0.636492490768,-0.770648539066
-0.56893324852,-0.0952118560672,0.812551736832,0.0121138384566,0.0285863541067,-0.634705662727,-0.772130012512
-0.568237781525,-0.094657048583,0.811702430248,0.0106864320114,0.0322763174772,-0.63355755806,-0.772948265076
-0.56846755743,-0.0956620424986,0.811773955822,0.00988724082708,0.0320000685751,-0.632374823093,-0.773938238621
-0.56960350275,-0.0980352088809,0.812181413174,0.010498765856,0.0278512127697,-0.630599915981,-0.775537192822
-0.569053590298,-0.0974994748831,0.811589121819,0.00805955287069,0.0311141610146,-0.629758656025,-0.776125609875
-0.569370388985,-0.098449356854,0.811629712582,0.00758474646136,0.0315249934793,-0.62820649147,-0.777370750904
-0.569685339928,-0.0993077903986,0.811601221561,0.0033365227282,0.0283377896994,-0.62744808197,-0.778135418892
-0.569999039173,-0.100182451308,0.811492621899,0.00587969552726,0.0311172362417,-0.626228272915,-0.778996288776
-0.572010576725,-0.100661560893,0.810579419136,0.0021047743503,0.0280960407108,-0.626560926437,-0.778862953186
-0.570523917675,-0.101931154728,0.811299443245,0.00120204524137,0.0280137732625,-0.623976826668,-0.780939638615
-0.572225451469,-0.101648956537,0.809827923775,-0.000648321700282,0.029403526336,-0.624238193035,-0.780680239201
-0.572643816471,-0.102271743119,0.809564590454,-0.00200733076781,0.0298071522266,-0.623507082462,-0.781246721745
-0.571151673794,-0.104310519993,0.811364412308,0.00256740814075,0.0316614471376,-0.620918869972,-0.783230960369
-0.571428894997,-0.105050861835,0.810931682587,0.00113010231871,0.0318741723895,-0.619839370251,-0.784080326557
-0.571759879589,-0.105931960046,0.810874640942,0.000407328101574,0.032059006393,-0.619296610355,-0.784502267838
-0.5718973279,-0.106525346637,0.810824155807,9.94282745523e-05,0.0323728248477,-0.618290662766,-0.785282552242
-0.571990013123,-0.107297413051,0.810927927494,-0.001404738985,0.0333986729383,-0.617280721664,-0.786032497883
-0.572100281715,-0.108122102916,0.810887157917,-0.00195561209694,0.0327122956514,-0.616833984852,-0.786410748959
-0.57223367691,-0.108867533505,0.810883581638,-0.00259964400902,0.0340998880565,-0.615787744522,-0.787169575691
-0.572549939156,-0.109616696835,0.810825943947,-0.0032668733038,0.0337809138,-0.615567922592,-0.787352740765
-0.572839021683,-0.11032731086,0.810832202435,-0.00411236612126,0.033864621073,-0.614338219166,-0.78830498457
-0.57312887907,-0.111364215612,0.811270833015,-0.00410924432799,0.0333351232111,-0.614206492901,-0.788430213928
-0.573247492313,-0.11197899282,0.81114757061,-0.00450387364253,0.0340139605105,-0.613668203354,-0.788818240166
-0.574998557568,-0.111433677375,0.80946457386,-0.0103479539976,0.0329390987754,-0.614596128464,-0.788085997105
-0.575347781181,-0.11210475862,0.809423089027,-0.0116670140997,0.0330918654799,-0.614037930965,-0.78849619627
-0.575594723225,-0.112811200321,0.809342622757,-0.0128886485472,0.032526999712,-0.613974571228,-0.788550078869
-0.574015915394,-0.114903599024,0.8112642169,-0.00659334938973,0.035135217011,-0.612012088299,-0.790040075779
-0.57575404644,-0.114428661764,0.809827327728,-0.0127882137895,0.0336664393544,-0.613288521767,-0.789037525654
-0.574432015419,-0.116167768836,0.81111651659,-0.00912261661142,0.0360155254602,-0.611682593822,-0.79023039341
-0.574586391449,-0.11694893986,0.811369180679,-0.00980638153851,0.035216126591,-0.611357212067,-0.790510058403
-0.57628852129,-0.116584688425,0.809893608093,-0.0148016754538,0.0335906259716,-0.612652003765,-0.789499819279
-0.57493185997,-0.118383526802,0.811219751835,-0.014170743525,0.0346665866673,-0.61053776741,-0.791101157665
-0.575064539909,-0.118950851262,0.81116181612,-0.0117296241224,0.0361371450126,-0.611049771309,-0.790679991245
-0.57529258728,-0.1196199283,0.811089634895,-0.0118549810722,0.03633935377,-0.611114799976,-0.790618479252
-0.575447440147,-0.12032302469,0.811265587807,-0.0175508912653,0.0324761867523,-0.611293196678,-0.790542781353
-0.575633943081,-0.120945096016,0.811239480972,-0.0180538948625,0.0326375961304,-0.611395418644,-0.790445744991
-0.575809061527,-0.121567197144,0.811209082603,-0.0190035644919,0.0332306586206,-0.610949635506,-0.790743410587
-0.575944185257,-0.122120551765,0.8108689785,-0.0157827846706,0.0370225161314,-0.611133217812,-0.790503978729
-0.576711893082,-0.122857995331,0.810889422894,-0.0169270448387,0.0356040596962,-0.610727548599,-0.790858864784
-0.577292501926,-0.123430013657,0.810780704021,-0.0188504140824,0.034771040082,-0.610547244549,-0.790991663933
-0.577275753021,-0.124267809093,0.811097919941,-0.0221917908639,0.0316957905889,-0.611151635647,-0.790567278862
-0.577362000942,-0.125029355288,0.811205565929,-0.0227008592337,0.0315186530352,-0.611058652401,-0.790631771088
-0.577880084515,-0.125539049506,0.810903251171,-0.0250173565,0.0316428132355,-0.610519647598,-0.790973305702
-0.578041434288,-0.126065611839,0.810746967793,-0.0251517295837,0.0314242988825,-0.610810339451,-0.790753185749
-0.578367233276,-0.126533225179,0.81056791544,-0.0264779087156,0.0313430801034,-0.610945940018,-0.790608406067
-0.578607857227,-0.127165704966,0.810477793217,-0.0277463849634,0.0311144497246,-0.61080121994,-0.790685713291
-0.578697443008,-0.127798601985,0.810292363167,-0.0287473592907,0.0313317254186,-0.61059242487,-0.790802598
-0.578807830811,-0.128431513906,0.810327768326,-0.0285697393119,0.031199362129,-0.61105465889,-0.790457248688
-0.578937113285,-0.12905985117,0.810386419296,-0.0251410119236,0.0348632261157,-0.610803484917,-0.790614724159
-0.578991830349,-0.129688441753,0.810366272926,-0.0253188386559,0.0355451442301,-0.6111805439,-0.790287196636
-0.579184949398,-0.130284398794,0.810310423374,-0.0299868043512,0.0312629565597,-0.611287415028,-0.790222227573
-0.577772974968,-0.131912976503,0.811329066753,-0.0222454052418,0.0367087498307,-0.611792683601,-0.78985273838
-0.577880978584,-0.132551297545,0.811302781105,-0.0261920504272,0.0331024713814,-0.612526774406,-0.789322018623
-0.577925443649,-0.133174240589,0.811268031597,-0.0268485210836,0.0333846323192,-0.612839519978,-0.789045214653
-0.577955305576,-0.133745864034,0.811389446259,-0.0270616095513,0.0337173976004,-0.612526416779,-0.789266884327
-0.578026711941,-0.134314700961,0.811357617378,-0.0273431111127,0.0338547416031,-0.61279386282,-0.789043664932
-0.578063845634,-0.134841442108,0.811326026917,-0.028490293771,0.0336822383106,-0.612492263317,-0.789244651794
-0.579119980335,-0.135564953089,0.8112642169,-0.0293872281909,0.0308181513101,-0.613673746586,-0.788410544395
-0.578220963478,-0.136039078236,0.811289072037,-0.028357218951,0.0340170785785,-0.61340713501,-0.788524091244
-0.578237891197,-0.136554941535,0.811240017414,-0.0289396997541,0.034245532006,-0.613438844681,-0.78846848011
-0.578111052513,-0.136422112584,0.810707688332,-0.0261344239116,0.038651868701,-0.613352358341,-0.788430035114
-0.578151702881,-0.136974975467,0.810714244843,-0.0264557525516,0.0381119027734,-0.613200247288,-0.788563966751
-0.57841694355,-0.138260304928,0.811085045338,-0.02665261738,0.0368296541274,-0.613563299179,-0.788335800171
-0.578565657139,-0.138863950968,0.811016499996,-0.0266052503139,0.0364069230855,-0.614043295383,-0.787983238697
-0.57844465971,-0.139123097062,0.810982465744,-0.0313191376626,0.034255053848,-0.613966345787,-0.787966370583
-0.578317344189,-0.139651671052,0.810985326767,-0.030871398747,0.0336259528995,-0.614569723606,-0.787540733814
-0.578296244144,-0.14011028409,0.810836195946,-0.0261212028563,0.0381768904626,-0.614324450493,-0.787696480751
-0.578233957291,-0.140608072281,0.810832083225,-0.0276088118553,0.037793468684,-0.614443421364,-0.787571370602
-0.578067541122,-0.140487015247,0.810498952866,-0.0323207266629,0.0359870791435,-0.614944517612,-0.787085533142
-0.578019857407,-0.140873432159,0.810330748558,-0.0325463525951,0.0358478203416,-0.615138292313,-0.786931037903
-0.57808637619,-0.14202067256,0.810825109482,-0.0315925329924,0.0346170291305,-0.615217447281,-0.786963224411
-0.577871203423,-0.141724839807,0.810288310051,-0.0335131287575,0.0365629717708,-0.614890873432,-0.787050962448
-0.578118801117,-0.142935246229,0.810838937759,-0.0328026264906,0.0354086495936,-0.615449845791,-0.786696732044
-0.577882945538,-0.143276363611,0.810847342014,-0.0327896177769,0.035140670836,-0.61532753706,-0.786804974079
-0.577827036381,-0.143643826246,0.810879588127,-0.0328264199197,0.0351757667959,-0.6154063344,-0.786740124226
-0.577763557434,-0.144031658769,0.810885429382,-0.0338208712637,0.0357042476535,-0.615184366703,-0.786847889423
-0.577674269676,-0.144440069795,0.810859203339,-0.0333902351558,0.0354530252516,-0.61532253027,-0.78676956892
-0.577559888363,-0.144822850823,0.81087076664,-0.0337037444115,0.0353183224797,-0.615495502949,-0.786626875401
-0.577479362488,-0.145199775696,0.810900807381,-0.0339422598481,0.0354897081852,-0.615483999252,-0.786617934704
-0.577508926392,-0.14565217495,0.810904204845,-0.0340450666845,0.0349514335394,-0.615532934666,-0.786599338055
-0.577417016029,-0.146015956998,0.810893118382,-0.0345160625875,0.0350107625127,-0.615319013596,-0.78674352169
-0.577337384224,-0.146316736937,0.810892045498,-0.0347298979759,0.0346556305885,-0.61516726017,-0.78686851263
-0.577221989632,-0.146587505937,0.811019897461,-0.0350992083549,0.035223852843,-0.615290462971,-0.786730647087
-0.577141284943,-0.146865800023,0.811008930206,-0.0357989482582,0.0349946431816,-0.61487275362,-0.787035763264
-0.57688254118,-0.147056624293,0.811013817787,-0.0365814007819,0.0350273400545,-0.614901423454,-0.7869759202
-0.576805770397,-0.147354349494,0.810976326466,-0.0363305285573,0.0353791899979,-0.615007340908,-0.786889076233
-0.576756358147,-0.147595405579,0.810815572739,-0.0329448133707,0.038839738816,-0.61436021328,-0.787380278111
-0.576677083969,-0.147851333022,0.810815513134,-0.0361951962113,0.0355235002935,-0.615011632442,-0.78688544035
-0.576533436775,-0.148210853338,0.811064124107,-0.0366955287755,0.0355589129031,-0.61422508955,-0.787474870682
-0.576402068138,-0.148479193449,0.8110049963,-0.0330155901611,0.0386740639806,-0.614401102066,-0.78735357523
-0.57630610466,-0.148730874062,0.811003565788,-0.0359496064484,0.0370089039207,-0.613791644573,-0.787780344486
-0.576127648354,-0.148403003812,0.810502827168,-0.0369638986886,0.0386742018163,-0.613972425461,-0.787512421608
-0.576035261154,-0.148618549109,0.810504555702,-0.0369260273874,0.0387348756194,-0.613944888115,-0.787532746792
-0.577877759933,-0.148380860686,0.809613883495,-0.0409646332264,0.0350415669382,-0.615378081799,-0.786386489868
-0.577836513519,-0.149174168706,0.810100197792,-0.0400398634374,0.03371726349,-0.615259766579,-0.786584556103
-0.577749311924,-0.149401575327,0.810103178024,-0.0371858030558,0.0347928032279,-0.615174591541,-0.78674441576
-0.577582478523,-0.149654373527,0.81014752388,-0.037177734077,0.0353642404079,-0.614959955215,-0.786887168884
-0.577507734299,-0.149830296636,0.81015753746,-0.0371277965605,0.0348607413471,-0.614922344685,-0.786941468716
-0.57740932703,-0.149999886751,0.810161411762,-0.041913613677,0.0311556141824,-0.614701628685,-0.787028849125
-0.577363014221,-0.150150358677,0.810132265091,-0.0423336327076,0.0319354943931,-0.614632606506,-0.787029027939
-0.577363193035,-0.150401711464,0.81014418602,-0.0413827672601,0.0306678116322,-0.61472004652,-0.787061750889
-0.577355563641,-0.150546953082,0.810166656971,-0.0416200645268,0.0306828357279,-0.614502489567,-0.787218511105
-0.577116847038,-0.150019198656,0.809646368027,-0.0428388901055,0.0316986329854,-0.614537656307,-0.787085473537
-0.576953887939,-0.150004148483,0.809660434723,-0.0431404337287,0.0321234241128,-0.6141076684,-0.787387251854
-0.577088415623,-0.150778859854,0.810162067413,-0.0423939973116,0.0307729933411,-0.613861441612,-0.787673711777
-0.576956272125,-0.150912120938,0.810183048248,-0.0427487231791,0.0312333591282,-0.613487005234,-0.787928104401
-0.576871991158,-0.150993481278,0.810178279877,-0.0421929657459,0.0306062884629,-0.613620877266,-0.787878394127
-0.576831221581,-0.151072502136,0.810171246529,-0.0426559783518,0.0308702047914,-0.613515138626,-0.787925601006
-0.576733529568,-0.151131436229,0.810148239136,-0.0426897183061,0.0302806459367,-0.613347291946,-0.788077235222
-0.576622724533,-0.151188626885,0.810135781765,-0.0428146123886,0.0301694329828,-0.613059818745,-0.788298308849
-0.576542794704,-0.151246920228,0.810147762299,-0.0433176793158,0.0295342002064,-0.612969994545,-0.788364768028
-0.576452434063,-0.15130455792,0.810136675835,-0.043635264039,0.0295624192804,-0.612608075142,-0.788627505302
-0.576336622238,-0.151383727789,0.81012570858,-0.0433824919164,0.0297819171101,-0.612321257591,-0.788855969906
-0.576138436794,-0.151483863592,0.810176730156,-0.0431857854128,0.0299580525607,-0.611896216869,-0.789189755917
-0.575314879417,-0.152018785477,0.810878574848,-0.0410306565464,0.0304680652916,-0.611054420471,-0.789937138557
-0.575223982334,-0.152046471834,0.810868740082,-0.0411630868912,0.0304235499352,-0.610801696777,-0.790127456188
-0.575125217438,-0.152066230774,0.810872137547,-0.0415297411382,0.0306756924838,-0.610309243202,-0.790479063988
-0.575053989887,-0.152084976435,0.810871779919,-0.0416938811541,0.0305843353271,-0.610045969486,-0.790677011013
-0.573832273483,-0.151901572943,0.810815513134,-0.0403067953885,0.0334419608116,-0.608750879765,-0.791630804539
-0.573745429516,-0.151870787144,0.810845851898,-0.0398128628731,0.0345182232559,-0.608437418938,-0.791850626469
-0.573656201363,-0.151869937778,0.810863435268,-0.0399791300297,0.0344188064337,-0.608188390732,-0.792037844658
-0.573545098305,-0.151853382587,0.810866892338,-0.0398643985391,0.0341086238623,-0.60806542635,-0.792151331902
-0.573454856873,-0.151839822531,0.810881018639,-0.0401161015034,0.0342961475253,-0.60766774416,-0.792435646057
-0.573372125626,-0.151818275452,0.810886740685,-0.0403307490051,0.0339739210904,-0.607269585133,-0.792743861675
-0.573296010494,-0.151807323098,0.810896575451,-0.0401930958033,0.0335819125175,-0.607229411602,-0.792798399925
-0.573224008083,-0.151787877083,0.810896337032,-0.0403721034527,0.0335011482239,-0.607001721859,-0.792967140675
-0.573141813278,-0.151789113879,0.810941457748,-0.0404197461903,0.0333567000926,-0.606795191765,-0.793128788471
-0.573058009148,-0.151798456907,0.810944736004,-0.0404387563467,0.0332091078162,-0.606614053249,-0.793272554874
-0.572991907597,-0.151775479317,0.81093531847,-0.0405090227723,0.0330134630203,-0.606431543827,-0.793416678905
-0.572926282883,-0.151749879122,0.810922503471,-0.0405699014664,0.0328657142818,-0.606225669384,-0.793576955795
-0.57286220789,-0.151715442538,0.810909152031,-0.0407572761178,0.0332305505872,-0.606019496918,-0.793709635735
-0.572896420956,-0.151857227087,0.811014592648,-0.0407336689532,0.0328963808715,-0.605662822723,-0.793996989727
-0.57297796011,-0.151857867837,0.810912251472,-0.0407369732857,0.0321982204914,-0.60583794117,-0.793891787529
-0.572642743587,-0.151779413223,0.810967624187,-0.0417723655701,0.0318287424743,-0.604365289211,-0.794974565506
-0.57241165638,-0.151650249958,0.810989320278,-0.0402397103608,0.0325807966292,-0.605088233948,-0.794473171234
-0.572355628014,-0.15157623589,0.811005949974,-0.0417965315282,0.0316795818508,-0.604073703289,-0.795200884342
-0.572294831276,-0.151526004076,0.811001598835,-0.0417001284659,0.0317058973014,-0.603857040405,-0.795369446278
-0.572236597538,-0.151484400034,0.81099742651,-0.0416953824461,0.0315868258476,-0.603812932968,-0.795407891273
-0.572169244289,-0.151403859258,0.811002492905,-0.0416021682322,0.0315009281039,-0.603663265705,-0.795529723167
-0.572119534016,-0.151349171996,0.811007976532,-0.0416114367545,0.0314942747355,-0.603577017784,-0.795594990253
-0.572053670883,-0.151283472776,0.811002612114,-0.0413082651794,0.0305119324476,-0.603850960732,-0.79544121027
-0.572016537189,-0.151224210858,0.811010241508,-0.041231457144,0.0308698862791,-0.603915393353,-0.79538244009
-0.57196354866,-0.151173815131,0.81098729372,-0.0416840724647,0.0303271058947,-0.602624595165,-0.796358168125
-0.571927189827,-0.151096343994,0.81099152565,-0.0417182929814,0.0303450673819,-0.602473318577,-0.796470224857
-0.571856021881,-0.151022017002,0.810998022556,-0.0416813604534,0.0303429905325,-0.602290630341,-0.796610355377
-0.571824550629,-0.150927945971,0.811014771461,-0.0417011640966,0.0308592971414,-0.602333843708,-0.796556770802
-0.571770787239,-0.150842711329,0.811009168625,-0.0422272719443,0.0309428665787,-0.601734817028,-0.796978414059
-0.571723937988,-0.150767192245,0.811003446579,-0.0422445870936,0.0309485401958,-0.601565957069,-0.79710483551
-0.571752786636,-0.150660470128,0.810956478119,-0.0418995879591,0.0307241380215,-0.601640760899,-0.797075271606
-0.571712195873,-0.150570333004,0.810944676399,-0.0420968681574,0.030891219154,-0.601377546787,-0.797257006168
-0.571677029133,-0.150479316711,0.81092441082,-0.0421415530145,0.0308459419757,-0.601221382618,-0.797374129295
-0.571600615978,-0.150385990739,0.810883879662,-0.0421029962599,0.0308496113867,-0.600927531719,-0.797597467899
-0.571510434151,-0.150253757834,0.810941755772,-0.042087610811,0.031018473208,-0.60067397356,-0.797782719135
-0.571477890015,-0.150178983808,0.810931563377,-0.04195779562,0.0310000870377,-0.600462079048,-0.797949790955
-0.57140737772,-0.150112703443,0.810929775238,-0.0418029241264,0.0310813970864,-0.600300610065,-0.798076272011
-0.571370065212,-0.150028392673,0.81092107296,-0.0415731407702,0.0310567449778,-0.599939346313,-0.798360824585
-0.571324050426,-0.149907514453,0.810934007168,-0.0415834896266,0.031057709828,-0.599801599979,-0.798463761806
-0.571297228336,-0.149810284376,0.810941278934,-0.0414368547499,0.0315432287753,-0.599520564079,-0.798663258553
-0.571245551109,-0.149722665548,0.810911297798,-0.0398001968861,0.0319713503122,-0.600168883801,-0.79824256897
-0.571205079556,-0.149648144841,0.81091016531,-0.0397727750242,0.0318788662553,-0.60004991293,-0.798336982727
-0.571169674397,-0.149560168386,0.810902714729,-0.0397401452065,0.0318541899323,-0.599779963493,-0.798542499542
-0.571131885052,-0.149470448494,0.810897469521,-0.0395844765007,0.0318658910692,-0.599552214146,-0.79872071743
-0.573198616505,-0.148982569575,0.810011029243,-0.0451649390161,0.0272750910372,-0.599965155125,-0.798284471035
-0.57317262888,-0.148906201124,0.810003876686,-0.0436739958823,0.0282268505543,-0.600632667542,-0.79783219099
-0.573133289814,-0.148842617869,0.809990644455,-0.0435471720994,0.0282390359789,-0.600399851799,-0.798013865948
-0.573079407215,-0.148775309324,0.810000002384,-0.0433920845389,0.0282779186964,-0.600157558918,-0.798203229904
-0.573058366776,-0.148697480559,0.809947192669,-0.043544895947,0.0281902793795,-0.600369989872,-0.798038184643
-0.573044896126,-0.148639932275,0.809939861298,-0.0434411391616,0.0278221964836,-0.600202143192,-0.79818302393
-0.572989046574,-0.148574203253,0.809919536114,-0.0432847328484,0.0275145024061,-0.59990978241,-0.798421919346
-0.572881758213,-0.148515924811,0.809927880764,-0.0440508238971,0.0279796402901,-0.598597228527,-0.799348533154
-0.572933912277,-0.14858686924,0.809900283813,-0.0437979064882,0.0269088298082,-0.598243832588,-0.799663722515
-0.572916328907,-0.14851334691,0.809864878654,-0.0409781485796,0.0303308777511,-0.597777307034,-0.800039410591
-0.572857260704,-0.148454159498,0.809920012951,-0.0408670902252,0.0296348091215,-0.597108960152,-0.800570070744
-0.572826981544,-0.148387566209,0.809875249863,-0.0407928675413,0.0292536206543,-0.59687691927,-0.800760924816
-0.572658002377,-0.14818122983,0.809837758541,-0.0406269580126,0.0302258115262,-0.59678041935,-0.800805151463
-0.572591006756,-0.148139387369,0.809814691544,-0.0403244420886,0.0303587485105,-0.596616864204,-0.80093729496
-0.572555422783,-0.148103877902,0.809796214104,-0.0408855602145,0.0301894322038,-0.596032440662,-0.801350295544
-0.572515666485,-0.148040413857,0.8097833395,-0.0431020967662,0.0279720555991,-0.596583604813,-0.800904333591
-0.572464823723,-0.148018926382,0.809786200523,-0.0426885634661,0.0276289638132,-0.59644973278,-0.801038086414
-0.572322249413,-0.148073151708,0.809828341007,-0.0422125644982,0.0275315660983,-0.59619051218,-0.801259577274
-0.572283804417,-0.148057639599,0.809805691242,-0.0416433550417,0.0273237228394,-0.595982849598,-0.801451027393
-0.572219491005,-0.148045778275,0.809788107872,-0.0415537320077,0.0274344757199,-0.595623135567,-0.801719129086
-0.572126626968,-0.148057565093,0.80981117487,-0.0411142930388,0.0268142446876,-0.595174610615,-0.802095890045
-0.572167932987,-0.148114725947,0.809751868248,-0.0409132838249,0.0270721744746,-0.595003843307,-0.802224218845
-0.571984350681,-0.148017778993,0.809766888618,-0.0408273823559,0.0281478017569,-0.594924330711,-0.802250504494
-0.572079718113,-0.147938713431,0.809680342674,-0.0406956933439,0.0275279115885,-0.594763457775,-0.802397966385
-0.571227490902,-0.148474857211,0.810402154922,-0.0381692238152,0.0278926976025,-0.593637287617,-0.803342938423
-0.571195304394,-0.148479983211,0.810389399529,-0.038112513721,0.0283463448286,-0.593487858772,-0.803440213203
-0.57114481926,-0.148487970233,0.810414910316,-0.035943608731,0.0294217765331,-0.594819843769,-0.802515983582
-0.571119964123,-0.148479685187,0.810369729996,-0.0360330231488,0.0287845525891,-0.5945789814,-0.80271345377
-0.571084618568,-0.148476421833,0.810357093811,-0.0369880758226,0.0278576202691,-0.593624889851,-0.803408503532
-0.571058392525,-0.148480519652,0.810329258442,-0.0367197468877,0.0279127545655,-0.593591451645,-0.803443610668
-0.571008384228,-0.148495927453,0.810325086117,-0.0363100580871,0.0279054362327,-0.593360960484,-0.803632795811
-0.571002662182,-0.148511275649,0.810326159,-0.0360154807568,0.0277810972184,-0.593276143074,-0.803712964058
-0.570968151093,-0.148512110114,0.810315072536,-0.0358012728393,0.0276717022061,-0.593122363091,-0.803839802742
-0.570942640305,-0.148513272405,0.810312390327,-0.0353790335357,0.0276323370636,-0.593139946461,-0.80384683609
-0.57091486454,-0.148514375091,0.810299396515,-0.0350711047649,0.0281797647476,-0.592777967453,-0.804108321667
-0.570903420448,-0.148525878787,0.810294687748,-0.0350966826081,0.0277104657143,-0.592773079872,-0.804127156734
-0.57087635994,-0.148511752486,0.810279428959,-0.034867040813,0.0273506138474,-0.5923640728,-0.804450809956
-0.570838093758,-0.148495674133,0.810244262218,-0.0347248539329,0.027203284204,-0.59230607748,-0.804504573345
-0.570790290833,-0.148487940431,0.810219883919,-0.0343951396644,0.027989897877,-0.59220457077,-0.804566562176
-0.57079833746,-0.148467391729,0.810234427452,-0.0342434607446,0.0275328028947,-0.592108488083,-0.804659426212
-0.570771813393,-0.148447006941,0.810231328011,-0.0342572070658,0.0280532129109,-0.592067241669,-0.804671287537
-0.570755779743,-0.148425623775,0.810241341591,-0.0342120341957,0.0281254090369,-0.592031002045,-0.804697275162
-0.570687413216,-0.148415580392,0.810231268406,-0.0341209471226,0.0282163061202,-0.59200078249,-0.804720282555
-0.570697486401,-0.148377716541,0.810248613358,-0.034197948873,0.0282435715199,-0.591990351677,-0.804723739624
-0.571519553661,-0.147791236639,0.809502005577,-0.0364494845271,0.0269244089723,-0.592829108238,-0.804052293301
-0.570693910122,-0.148312449455,0.8102440238,-0.0341617129743,0.0284343976527,-0.592190563679,-0.804571151733
-0.571486413479,-0.147735238075,0.809506654739,-0.0364904478192,0.0275813303888,-0.593015313148,-0.803890824318
-0.571490883827,-0.147688060999,0.809491276741,-0.0364361405373,0.0276113785803,-0.593144893646,-0.803796708584
-0.571465969086,-0.147663027048,0.809495985508,-0.0365076549351,0.0277228467166,-0.593148946762,-0.803786575794
-0.570612251759,-0.148202002048,0.810261905193,-0.0338318683207,0.0293408930302,-0.592204332352,-0.804542481899
-0.570589244366,-0.148171722889,0.810267806053,-0.0339740514755,0.0289566572756,-0.59200656414,-0.80469596386
-0.57056427002,-0.148149088025,0.810284912586,-0.0340595506132,0.0290715564042,-0.592056572437,-0.804651260376
-0.570564329624,-0.148137614131,0.810286104679,-0.0342232994735,0.0290753096342,-0.592103779316,-0.804609537125
-0.57054066658,-0.148114383221,0.810296952724,-0.0344284288585,0.029340038076,-0.592079997063,-0.804608643055
-0.571401536465,-0.147523537278,0.809533059597,-0.0369565673172,0.0283658877015,-0.593054413795,-0.803813397884
-0.571379125118,-0.147508919239,0.809542894363,-0.0370869152248,0.0284986849874,-0.593118667603,-0.80375534296
-0.571388483047,-0.147493451834,0.809535682201,-0.0372781530023,0.0291805546731,-0.59339261055,-0.803519785404
-0.571351468563,-0.147489577532,0.809552013874,-0.0373491607606,0.0292814876884,-0.593456685543,-0.803465366364
-0.571329951286,-0.147488817573,0.809552431107,-0.0374091900885,0.0293581802398,-0.593545615673,-0.803394138813
-0.5713352561,-0.147494167089,0.80958712101,-0.0374995097518,0.0293420255184,-0.593653559685,-0.80331081152
-0.571278631687,-0.147485017776,0.80957198143,-0.0375854484737,0.0295226424932,-0.593729734421,-0.803243875504
-0.571407675743,-0.147616416216,0.809622883797,-0.03758501634,0.0291088763624,-0.593850791454,-0.803169548512
-0.571396887302,-0.147616967559,0.809626936913,-0.0376558043063,0.0291637927294,-0.59396225214,-0.803081810474
-0.571406245232,-0.147625476122,0.809619665146,-0.0378352738917,0.0291818715632,-0.594070076942,-0.802992939949
-0.571393013,-0.147628903389,0.809623241425,-0.0379336886108,0.0292259566486,-0.594178557396,-0.802906453609
-0.571361243725,-0.147664368153,0.809647917747,-0.0381741784513,0.0294152274728,-0.594363451004,-0.802751243114
-0.570393145084,-0.148112744093,0.810378491879,-0.0360585860908,0.0309771616012,-0.593548476696,-0.803393006325
-0.570305168629,-0.14816814661,0.810406506062,-0.0359533950686,0.0311041772366,-0.593688070774,-0.803289651871
-0.571192383766,-0.147614061832,0.809627175331,-0.0352477729321,0.0337020456791,-0.594023764133,-0.802967965603
-0.570278584957,-0.148252367973,0.810438036919,-0.0317934863269,0.0347116850317,-0.59427934885,-0.802879989147
-0.571137785912,-0.147738695145,0.809670984745,-0.0343608185649,0.0336512476206,-0.595508515835,-0.801908016205
-0.571053624153,-0.147870659828,0.809684097767,-0.0372267439961,0.0304603539407,-0.596290290356,-0.801326572895
-0.570151090622,-0.148455500603,0.810363829136,-0.0349514260888,0.0316255539656,-0.595591008663,-0.80190372467
-0.570120930672,-0.148515686393,0.810363590717,-0.0350083112717,0.0316375605762,-0.595846891403,-0.801710665226
-0.570063173771,-0.1485632658,0.810350120068,-0.034924980253,0.0315904207528,-0.596098959446,-0.80152875185
-0.570853233337,-0.148106232285,0.809599518776,-0.0334814935923,0.0344535559416,-0.596575498581,-0.80111771822
-0.570003151894,-0.148735761642,0.810357391834,-0.0320945456624,0.0343023352325,-0.596033811569,-0.80158406496
-0.569984197617,-0.148811846972,0.810357451439,-0.0324237979949,0.0348495729268,-0.596230208874,-0.801401138306
-0.569991409779,-0.148883104324,0.810368716717,-0.0315111652017,0.0348260737956,-0.596182525158,-0.801473975182
-0.570810258389,-0.148402437568,0.809619367123,-0.0341228842735,0.0343558676541,-0.597492814064,-0.800410926342
-0.570807278156,-0.148490414023,0.809625685215,-0.0343089587986,0.0345646589994,-0.597624897957,-0.800295293331
-0.570769846439,-0.148593455553,0.809672951698,-0.0343527942896,0.0340422615409,-0.597606360912,-0.800329625607
-0.570760190487,-0.14869107306,0.809668421745,-0.0344076454639,0.0346388071775,-0.598093748093,-0.799937605858
-0.570777535439,-0.148794174194,0.809693694115,-0.0345735475421,0.035013306886,-0.598367512226,-0.799709379673
-0.570739209652,-0.148902803659,0.809717476368,-0.0345435850322,0.0350957401097,-0.598608136177,-0.799526870251
-0.570737540722,-0.149036496878,0.809698045254,-0.0351014845073,0.0357368253171,-0.598431229591,-0.79960668087
-0.570759356022,-0.149154245853,0.809709966183,-0.0347057320178,0.0356316678226,-0.599269390106,-0.799000680447
-0.570731520653,-0.149247989058,0.809700369835,-0.0357386507094,0.0349995680153,-0.599694013596,-0.798664450645
-0.570856690407,-0.14944806695,0.809664011002,-0.0357153117657,0.0341901779175,-0.599957644939,-0.798502445221
-0.57084351778,-0.149545893073,0.809661269188,-0.0358295105398,0.0343139283359,-0.600092291832,-0.798390984535
-0.570781826973,-0.149673819542,0.809672355652,-0.0357706993818,0.0346262864769,-0.600412130356,-0.798139512539
-0.570730090141,-0.14979249239,0.809637725353,-0.0356915257871,0.0347655788064,-0.600673615932,-0.797940373421
-0.570739150047,-0.149890065193,0.809628725052,-0.0358133390546,0.0341600216925,-0.600699305534,-0.797941625118
-0.570746243,-0.149981334805,0.809608578682,-0.0359124578536,0.0343266502023,-0.60102212429,-0.797686815262
-0.57053142786,-0.149511739612,0.80928170681,-0.0368913039565,0.0358478240669,-0.601289212704,-0.797373950481
-0.570655465126,-0.150217354298,0.809650301933,-0.0361280702055,0.0348328836262,-0.601463258266,-0.797322630882
-0.57114982605,-0.150026008487,0.809430658817,-0.0375362858176,0.0344506651163,-0.601520717144,-0.797230780125
-0.570980131626,-0.150109887123,0.809472501278,-0.0372601933777,0.0355364531279,-0.602036893368,-0.796806395054
-0.570671141148,-0.150314703584,0.809519410133,-0.0367239527404,0.036117579788,-0.602620720863,-0.796363651752
-0.570619940758,-0.150431111455,0.809561550617,-0.036791190505,0.0362934321165,-0.602880954742,-0.796155571938
-0.570637106895,-0.150503650308,0.809532046318,-0.0409134961665,0.032632611692,-0.603728413582,-0.795470356941
-0.570636928082,-0.150645628572,0.809575438499,-0.0370306670666,0.0372475422919,-0.603547275066,-0.795595347881
-0.570647835732,-0.150740265846,0.809576869011,-0.0412182472646,0.0330964773893,-0.604437828064,-0.794896483421
-0.570682883263,-0.150851175189,0.809569299221,-0.0411407053471,0.0330030396581,-0.604728221893,-0.79468357563
-0.570793449879,-0.151082605124,0.809638917446,-0.04107991606,0.0327315852046,-0.604970753193,-0.794513344765
-0.570705592632,-0.151088744402,0.809579610825,-0.0411253236234,0.033118698746,-0.605402290821,-0.794166207314
-0.570807635784,-0.151200398803,0.809589326382,-0.0413463637233,0.0334903337061,-0.605768799782,-0.793859541416
-0.570860922337,-0.151294887066,0.809582948685,-0.0413931235671,0.0335596241057,-0.606058776379,-0.793632745743
-0.570892095566,-0.151374340057,0.809581398964,-0.0411924570799,0.0338059775531,-0.605898082256,-0.793755531311
-0.57093089819,-0.151448726654,0.809594035149,-0.0411751046777,0.034225102514,-0.606420218945,-0.7933396101
-0.57095426321,-0.151510387659,0.80959290266,-0.0409951917827,0.03417166695,-0.606741249561,-0.793105661869
-0.571055114269,-0.151577547193,0.809572994709,-0.0414777956903,0.0346111431718,-0.606809854507,-0.793009102345
-0.571110606194,-0.151645392179,0.809585809708,-0.0417160913348,0.0346859507263,-0.607092618942,-0.792776823044
-0.569353401661,-0.152164340019,0.810363948345,-0.0382585562766,0.0378733761609,-0.605760276318,-0.793823957443
-0.569413542747,-0.152227312326,0.810378730297,-0.0383788198233,0.0378509759903,-0.606175899506,-0.793501794338
-0.569466114044,-0.152275666595,0.810383975506,-0.0385616235435,0.0379847027361,-0.606336176395,-0.793364167213
-0.569531142712,-0.152317941189,0.810400307178,-0.0390484072268,0.038097742945,-0.60649305582,-0.793214976788
-0.569608032703,-0.152364522219,0.810415923595,-0.0391600430012,0.0374349206686,-0.606857657433,-0.79296207428
-0.569669544697,-0.152403265238,0.810437262058,-0.0393887758255,0.038055036217,-0.607425749302,-0.792486131191
-0.569760620594,-0.152429252863,0.810440063477,-0.0394042544067,0.0380791425705,-0.607851266861,-0.792157888412
-0.569820344448,-0.15245179832,0.810455143452,-0.0396333374083,0.0381729751825,-0.608153223991,-0.791910171509
-0.56985026598,-0.152480989695,0.810451328754,-0.0396548584104,0.0384759902954,-0.608415424824,-0.791693031788
-0.570035338402,-0.152484104037,0.810325860977,-0.0405475273728,0.0385429337621,-0.608823955059,-0.791330397129
-0.570109426975,-0.152508512139,0.810345232487,-0.0407706946135,0.0386238023639,-0.609155774117,-0.791059553623
-0.570204377174,-0.152529597282,0.810365498066,-0.0408166572452,0.0384765677154,-0.609743475914,-0.790611505508
-0.57030081749,-0.152546361089,0.810385644436,-0.0410851463675,0.0383953414857,-0.609968543053,-0.790427863598
-0.570375323296,-0.152581229806,0.810408353806,-0.0412223562598,0.0384431891143,-0.610124588013,-0.790297865868
-0.570508420467,-0.152619630098,0.810466825962,-0.0414476208389,0.0383714921772,-0.610423028469,-0.790059149265
-0.570589601994,-0.152658835053,0.810469508171,-0.038657348603,0.0406579785049,-0.61015278101,-0.79029494524
-0.570666849613,-0.152687489986,0.810495495796,-0.0417001768947,0.0379371531308,-0.610879302025,-0.789714038372
-0.570765316486,-0.152704566717,0.810508608818,-0.0420085862279,0.0381305254996,-0.611058831215,-0.789549589157
-0.570892810822,-0.152712777257,0.810504674911,-0.0390096530318,0.0417155995965,-0.6113473773,-0.789298653603
-0.571055591106,-0.152738720179,0.810492634773,-0.0394593663514,0.0417639277875,-0.611851513386,-0.788883090019
-0.571180820465,-0.152751579881,0.810517609119,-0.0425466746092,0.0387348718941,-0.612526118755,-0.78835350275
-0.571319401264,-0.152725532651,0.810510754585,-0.0393528789282,0.0419489964843,-0.612425208092,-0.788433253765
-0.571563661098,-0.15282894671,0.810504257679,-0.0426343455911,0.0383644737303,-0.613242447376,-0.787809669971
-0.571707010269,-0.152832314372,0.810503721237,-0.0388841703534,0.041335247457,-0.613010346889,-0.788034141064
-0.57173371315,-0.151916205883,0.809855341911,-0.0403063632548,0.0430059172213,-0.613274753094,-0.787667453289
-0.571964681149,-0.152494087815,0.810384869576,-0.0396191701293,0.0424179248512,-0.613379120827,-0.78765296936
-0.571966230869,-0.15182094276,0.809830129147,-0.0412601903081,0.0439943484962,-0.613456726074,-0.787421703339
-0.572334289551,-0.152513697743,0.810335993767,-0.0401814058423,0.0419394746423,-0.613748371601,-0.787362337112
-0.572510302067,-0.152536705136,0.810313940048,-0.0402992106974,0.0411112606525,-0.613810896873,-0.787351250648
-0.572724282742,-0.152517750859,0.810298323631,-0.0405345112085,0.0409480705857,-0.614041030407,-0.787168264389
-0.572900593281,-0.152518242598,0.81031024456,-0.0405998565257,0.0413244254887,-0.614604175091,-0.786705553532
-0.573071360588,-0.152514800429,0.810304164886,-0.040753506124,0.0414089560509,-0.61500364542,-0.786380946636
-0.573226809502,-0.1525131464,0.810300290585,-0.0407531671226,0.0413623303175,-0.615331172943,-0.786127150059
-0.57341003418,-0.152513727546,0.81029510498,-0.0407739952207,0.0413764826953,-0.615544199944,-0.785958528519
-0.573427677155,-0.151856601238,0.809888482094,-0.0418346635997,0.0425313860178,-0.615951955318,-0.785521566868
-0.573849260807,-0.152510523796,0.810243189335,-0.0410595051944,0.0403086096048,-0.615975081921,-0.785661578178
-0.574044704437,-0.152504444122,0.810373783112,-0.0412295423448,0.0401636064053,-0.616313695908,-0.785394489765
-0.574116885662,-0.151820674539,0.809861660004,-0.0424214787781,0.0412884578109,-0.616528868675,-0.785103797913
-0.574459433556,-0.152479097247,0.810386359692,-0.0416057705879,0.0397540293634,-0.616883933544,-0.784947693348
-0.574517548084,-0.151772350073,0.809880793095,-0.0461025983095,0.0379027500749,-0.617507815361,-0.784297168255
-0.574752509594,-0.151708394289,0.809731602669,-0.046256698668,0.038155503571,-0.618073165417,-0.783830404282
-0.575115203857,-0.15176320076,0.809702932835,-0.0463978871703,0.0376595258713,-0.618405103683,-0.783584177494
-0.576246201992,-0.151773259044,0.809838652611,-0.0479069538414,0.0355753973126,-0.61945438385,-0.782761454582
-0.57550573349,-0.151566252112,0.809693872929,-0.0468437448144,0.0376153737307,-0.618932902813,-0.783142864704
-0.575731813908,-0.151555970311,0.80986738205,-0.0467442646623,0.0382333323359,-0.619184672832,-0.782919943333
-0.575932860374,-0.151515200734,0.809861540794,-0.042947884649,0.0411419570446,-0.619065225124,-0.783084392548
-0.57613915205,-0.151462286711,0.809863448143,-0.042794238776,0.0403221622109,-0.61913651228,-0.783079087734
-0.576344609261,-0.151406660676,0.809872627258,-0.0429621301591,0.0401669964194,-0.619351863861,-0.782907545567
-0.576537370682,-0.151350528002,0.809881448746,-0.0423720926046,0.0412031821907,-0.61997449398,-0.782392859459
-0.577818751335,-0.151425406337,0.809811532497,-0.0452039428055,0.0376170277596,-0.620967507362,-0.781627118587
-0.577098548412,-0.151176452637,0.809793591499,-0.0444624014199,0.0391529276967,-0.620053946972,-0.782319188118
-0.577447235584,-0.151211470366,0.809840798378,-0.0479485355318,0.0375155471265,-0.620422720909,-0.781901061535
-0.577845752239,-0.151805892587,0.810319066048,-0.0476307049394,0.0361068286002,-0.620253920555,-0.782120645046
-0.578129827976,-0.151640325785,0.810344576836,-0.0483402572572,0.0360714495182,-0.620444834232,-0.781927347183
-0.578308284283,-0.15157109499,0.810361087322,-0.0491111837327,0.0339567512274,-0.621273815632,-0.781315505505
-0.57837331295,-0.151398807764,0.810385406017,-0.0494488030672,0.034389089793,-0.621313035488,-0.78124409914
-0.578549146652,-0.151336729527,0.810407161713,-0.0486533641815,0.0347944125533,-0.621649265289,-0.781008541584
