x,y,z,q0,q1,q2,q3
-0.576118707657,-0.139476209879,1.48898005486,0.0230465680361,0.127789214253,0.8628282547,0.488534599543
-0.576347351074,-0.139045387506,1.48909342289,0.0232099052519,0.127987891436,0.863234162331,0.487757384777
-0.576678097248,-0.139215707779,1.48933970928,0.0231363177299,0.130422741175,0.86288446188,0.487734615803
-0.576398015022,-0.138324260712,1.48921120167,0.0220482256263,0.127428725362,0.863833725452,0.486895471811
-0.576619267464,-0.138166815042,1.48927545547,0.0220069345087,0.128166168928,0.86407995224,0.48626640439
-0.576678395271,-0.137384876609,1.48876392841,0.0223764069378,0.125778988004,0.864740967751,0.485697507858
-0.57693374157,-0.137584462762,1.48892307281,0.0224992427975,0.127744540572,0.864224433899,0.486098021269
-0.576743364334,-0.136641964316,1.48886966705,0.0225496906787,0.124845996499,0.865296244621,0.484940856695
-0.576879441738,-0.136575877666,1.48874604702,0.0226174071431,0.12503528595,0.86561435461,0.484320551157
-0.577008247375,-0.136309206486,1.4888395071,0.0230621863157,0.124748244882,0.865818560123,0.484008550644
-0.576847016811,-0.13575848937,1.48881137371,0.0231226515025,0.123128890991,0.866027355194,0.484046876431
-0.576776146889,-0.135481461883,1.48877716064,0.0232445970178,0.122254610062,0.866258561611,0.483848839998
-0.576638400555,-0.135221764445,1.48896634579,0.0232337862253,0.121645607054,0.866427481174,0.483700484037
-0.576747059822,-0.134815633297,1.48890423775,0.0245118383318,0.120866090059,0.866908669472,0.482970118523
-0.57642775774,-0.134691596031,1.48920512199,0.023650849238,0.120110921562,0.866780042648,0.483431965113
-0.57631611824,-0.134495764971,1.48915505409,0.0238732043654,0.119298785925,0.866807043552,0.483573704958
-0.576086580753,-0.134320512414,1.48914361,0.0237317122519,0.118355304003,0.866792917252,0.483837753534
-0.576180875301,-0.134001716971,1.48901855946,0.0253955610096,0.11743902415,0.86717402935,0.483293354511
-0.576061785221,-0.133824527264,1.48889541626,0.025929659605,0.116659887135,0.867198288441,0.483410269022
-0.575939834118,-0.133718520403,1.48896801472,0.0264408160001,0.116128914058,0.867125988007,0.483639895916
-0.575838387012,-0.133669912815,1.48893821239,0.0271340124309,0.115753881633,0.866712927818,0.484431058168
-0.575687289238,-0.133615672588,1.48879623413,0.0277508385479,0.115109339356,0.866510033607,0.484912693501
-0.575473964214,-0.133628129959,1.48882675171,0.0282090026885,0.114661857486,0.866250932217,0.485454678535
-0.575214862823,-0.133609443903,1.48892116547,0.0287812743336,0.11402425915,0.865872383118,0.486246109009
-0.574779689312,-0.133691892028,1.48894655704,0.028529971838,0.11323544383,0.865109324455,0.487800985575
-0.574577867985,-0.133733674884,1.48896455765,0.0293002333492,0.112707532942,0.864678800106,0.488640129566
-0.574389457703,-0.13375389576,1.48886811733,0.0302063561976,0.112043209374,0.86441296339,0.489207744598
-0.573991119862,-0.133830785751,1.48884642124,0.0305883940309,0.1112864241,0.864011526108,0.490065187216
-0.573735237122,-0.133939832449,1.48907840252,0.0316145122051,0.111148923635,0.86348682642,0.490955382586
-0.573504209518,-0.134581014514,1.48925483227,0.0321426764131,0.112450495362,0.862436175346,0.492469072342
-0.573089540005,-0.13464936614,1.48926734924,0.0329651236534,0.111327312887,0.862160742283,0.493151515722
-0.572659611702,-0.134895429015,1.48933517933,0.0336235575378,0.110838770866,0.861329257488,0.494667738676
-0.572321116924,-0.135093420744,1.48935234547,0.0347365252674,0.11001753062,0.860747933388,0.495784938335
-0.571801662445,-0.135429576039,1.48931384087,0.0351739190519,0.108988851309,0.859589934349,0.497985452414
-0.571591556072,-0.135636910796,1.489361763,0.0372279845178,0.108398452401,0.859445810318,0.498213589191
-0.57098710537,-0.135833621025,1.48939466476,0.0380926802754,0.107467874885,0.858869493008,0.499342471361
-0.570632398129,-0.136146217585,1.48947012424,0.0396185517311,0.106760114431,0.858340919018,0.5002835989
-0.570123910904,-0.136342167854,1.48941719532,0.0409895032644,0.105264365673,0.857565760612,0.501817107201
-0.569715619087,-0.136645644903,1.48946380615,0.0426673144102,0.103976324201,0.857015728951,0.502884209156
-0.569067955017,-0.137190252542,1.48945832253,0.0437057949603,0.10235568881,0.855940639973,0.504954397678
-0.568727612495,-0.13720227778,1.48942303658,0.0457749255002,0.100487805903,0.855641484261,0.505652606487
-0.568178832531,-0.13717597723,1.48937416077,0.0474656485021,0.0978108868003,0.855116248131,0.506908595562
-0.567761063576,-0.137849077582,1.48967289925,0.0491683445871,0.0969198271632,0.854189097881,0.508478045464
-0.567227840424,-0.138205453753,1.48978066444,0.0507752411067,0.0948148295283,0.85374557972,0.509461164474
-0.566462576389,-0.138000592589,1.4897005558,0.052073828876,0.0910861566663,0.854337871075,0.509016990662
-0.566178619862,-0.138786375523,1.49002170563,0.0545453205705,0.0905579030514,0.85347443819,0.510299563408
-0.56539195776,-0.13900244236,1.4895118475,0.0552639141679,0.0871170833707,0.853079378605,0.51148045063
-0.565090715885,-0.139536589384,1.48964452744,0.0575326569378,0.085298910737,0.852460205555,0.512567579746
-0.564507722855,-0.139900863171,1.48968589306,0.0588837377727,0.0828039050102,0.852674245834,0.512467622757
-0.564341962337,-0.140748336911,1.49002814293,0.0615643560886,0.0821480825543,0.851376950741,0.514411211014
-0.564033150673,-0.141270816326,1.49015426636,0.0634970217943,0.0805829837918,0.851519882679,0.514187157154
-0.563437044621,-0.141309946775,1.49022805691,0.0648005828261,0.0769136697054,0.852134048939,0.513568818569
-0.563070356846,-0.141963765025,1.49045467377,0.0665424391627,0.0759237110615,0.851840317249,0.513980507851
-0.562631607056,-0.142694100738,1.4907335043,0.0673258304596,0.0746943801641,0.851340055466,0.514886438847
-0.562467038631,-0.142976269126,1.49086689949,0.069969587028,0.0731918215752,0.85203230381,0.513603270054
-0.562243282795,-0.143515497446,1.4905962944,0.071467295289,0.071868725121,0.852258682251,0.513208210468
-0.561996221542,-0.143947169185,1.49070048332,0.0730281248689,0.070476680994,0.852517724037,0.512750923634
-0.561793386936,-0.144523859024,1.49080395699,0.0742724537849,0.0698864683509,0.852810978889,0.512164950371
-0.561298370361,-0.144954174757,1.49088001251,0.0747667625546,0.0679748430848,0.852747440338,0.512456119061
-0.561280786991,-0.145318344235,1.49081242085,0.0766575857997,0.0675526335835,0.85337471962,0.51118683815
-0.561038374901,-0.145713537931,1.49130225182,0.0777166038752,0.0671681389213,0.853992938995,0.510043740273
-0.560765564442,-0.146054163575,1.49140787125,0.0784305259585,0.0662383213639,0.854457259178,0.509277880192
-0.560603499413,-0.146350368857,1.49140548706,0.0794702172279,0.0653767287731,0.854595422745,0.50899630785
-0.560407698154,-0.146708533168,1.49140369892,0.0800245478749,0.0648848712444,0.85464066267,0.508896172047
-0.560153126717,-0.147015228868,1.49139070511,0.080334328115,0.064178429544,0.85467505455,0.508879423141
-0.55996465683,-0.147135555744,1.49131202698,0.0809098035097,0.0633010938764,0.854784429073,0.508714258671
-0.559772908688,-0.147342041135,1.49122416973,0.0812557563186,0.0630215555429,0.854865074158,0.50855833292
-0.559588193893,-0.147633731365,1.49145102501,0.0813499540091,0.0634333267808,0.854419827461,0.509239792824
-0.559506177902,-0.147871673107,1.49136543274,0.0816567465663,0.063694216311,0.853826105595,0.51015329361
-0.559362113476,-0.148156628013,1.49128854275,0.0815363153815,0.0640218257904,0.853234767914,0.511119842529
-0.559239685535,-0.14843288064,1.49121189117,0.0814788341522,0.0644570216537,0.852679491043,0.512000322342
-0.55913567543,-0.148701399565,1.49111819267,0.0812997296453,0.0651596188545,0.852225005627,0.512695968151
-0.558905899525,-0.148911654949,1.49068593979,0.0807843357325,0.0653496161103,0.851633429527,0.513735353947
-0.558694124222,-0.149242639542,1.49100077152,0.0803795531392,0.0667279362679,0.85096848011,0.514722287655
-0.55861312151,-0.149608135223,1.49091649055,0.0800942629576,0.0680693760514,0.850362241268,0.515592455864
-0.558483362198,-0.149937704206,1.49060082436,0.0796625167131,0.0688150599599,0.849917709827,0.516292929649
-0.558331489563,-0.150261133909,1.49049019814,0.0794189125299,0.0699459686875,0.849685847759,0.516559898853
-0.55808120966,-0.150599256158,1.49038159847,0.0789940953255,0.0710421577096,0.849464416504,0.516839683056
-0.558013439178,-0.150916203856,1.49030923843,0.0792933478951,0.0723584592342,0.849669396877,0.516273856163
-0.557863354683,-0.151312351227,1.4902356863,0.0792063623667,0.0737580135465,0.849810063839,0.515857577324
-0.557743430138,-0.151727706194,1.49031376839,0.0793715417385,0.075278185308,0.850315570831,0.51477843523
-0.557572424412,-0.152164936066,1.49022066593,0.079453535378,0.0766147226095,0.850832521915,0.513713419437
-0.557589948177,-0.152604728937,1.49018931389,0.080122821033,0.0782814696431,0.851765811443,0.511807918549
-0.5574670434,-0.153151527047,1.49010705948,0.0804342702031,0.0800352171063,0.852659404278,0.509996712208
-0.557369470596,-0.153619766235,1.49011814594,0.0811628699303,0.0817137509584,0.854039132595,0.507299363613
-0.557228505611,-0.154250994325,1.48960828781,0.0811584591866,0.0829345732927,0.854563951492,0.506217002869
-0.557014763355,-0.154554784298,1.48971843719,0.0821469724178,0.0846086591482,0.857020616531,0.501606285572
-0.557204842567,-0.155693799257,1.48969089985,0.083472892642,0.0879724174738,0.856413185596,0.501846373081
-0.556845784187,-0.15616093576,1.48952019215,0.0837286710739,0.0893093124032,0.858110666275,0.498657763004
-0.556693792343,-0.156616508961,1.48937106133,0.0845572575927,0.0911001861095,0.860466897488,0.494113057852
-0.556571900845,-0.157293334603,1.48931956291,0.0851196944714,0.0928226932883,0.861225366592,0.492371231318
-0.556361138821,-0.157956004143,1.48945951462,0.0857087299228,0.095196172595,0.862766861916,0.489106476307
-0.556202769279,-0.158389076591,1.48892343044,0.0862419009209,0.096367135644,0.864100575447,0.486421525478
-0.555972337723,-0.159033641219,1.48935866356,0.0870574936271,0.0990022718906,0.865595579147,0.483077794313
-0.55577558279,-0.159467071295,1.48860800266,0.087540820241,0.100015550852,0.866683423519,0.480825781822
-0.555407762527,-0.159860149026,1.48864340782,0.0874083414674,0.101315230131,0.86793422699,0.47831517458
-0.555257260799,-0.160639509559,1.48857390881,0.0879691168666,0.104072012007,0.868714332581,0.476199477911
-0.554799497128,-0.161189243197,1.48833668232,0.0878855288029,0.10579624027,0.86935210228,0.474668622017
-0.554486274719,-0.161771178246,1.4882376194,0.0879857987165,0.108000233769,0.870001077652,0.472961395979
-0.554188966751,-0.162395298481,1.4884403944,0.0882137194276,0.110648699105,0.870478272438,0.471426486969
-0.553871154785,-0.163059815764,1.48839700222,0.0884836018085,0.112916506827,0.870953321457,0.469958335161
-0.553495705128,-0.163682714105,1.48828589916,0.0887619256973,0.115189142525,0.871040642262,0.469191908836
-0.553181350231,-0.164251670241,1.48794174194,0.0890482515097,0.116879180074,0.871288955212,0.468257725239
-0.552881658077,-0.164960578084,1.48787975311,0.0894247293472,0.119269669056,0.87144702673,0.467288017273
-0.55241727829,-0.165529549122,1.48778378963,0.0896038413048,0.121080130339,0.871393918991,0.466887146235
-0.552130818367,-0.166181489825,1.48806679249,0.090172059834,0.123590037227,0.871511042118,0.465900301933
-0.551739990711,-0.16685692966,1.488088727,0.09087254107,0.125878319144,0.871334254742,0.465482056141
-0.551571130753,-0.16748714447,1.48779416084,0.0918604955077,0.127877801657,0.871180057526,0.465031653643
-0.551303088665,-0.168146148324,1.48762369156,0.0925913527608,0.129714474082,0.871050417423,0.464620560408
-0.550879478455,-0.168864637613,1.48811602592,0.093296982348,0.132325008512,0.870900809765,0.464023202658
-0.550547122955,-0.169648706913,1.48839104176,0.093989931047,0.134724766016,0.87067347765,0.463619410992
-0.550189375877,-0.170344024897,1.48826575279,0.0950122326612,0.136403754354,0.870137095451,0.463926851749
-0.549909472466,-0.170941099524,1.48796522617,0.0957682654262,0.137562677264,0.870060324669,0.46357318759
-0.549657821655,-0.171632751822,1.48820436001,0.0967863947153,0.139384895563,0.870003342628,0.462923705578
-0.549288332462,-0.172193095088,1.4879206419,0.0977387800813,0.140191301703,0.869627177715,0.463186919689
-0.548966944218,-0.172857671976,1.48801314831,0.0984104275703,0.141434311867,0.869450986385,0.462997674942
-0.548684597015,-0.173543319106,1.48799693584,0.0998162403703,0.142844185233,0.869149744511,0.462829560041
-0.548399865627,-0.174039423466,1.48782038689,0.100657850504,0.143263250589,0.868799448013,0.463175028563
-0.548196613789,-0.174794390798,1.48786354065,0.101703025401,0.144234254956,0.868464648724,0.463273525238
-0.547785103321,-0.175335511565,1.48800563812,0.102508835495,0.144780561328,0.868190824986,0.463438630104
-0.547553539276,-0.175935700536,1.48775076866,0.103517137468,0.144943252206,0.86799120903,0.463537395
-0.547318816185,-0.176623165607,1.4878115654,0.104224100709,0.145673930645,0.867750287056,0.46360117197
-0.547154545784,-0.177248567343,1.48751163483,0.105396643281,0.145743504167,0.867065310478,0.464594632387
-0.546757400036,-0.177842766047,1.48741924763,0.105571180582,0.145757302642,0.866549968719,0.465511232615
-0.54632294178,-0.178049698472,1.48725998402,0.105709910393,0.14413434267,0.867278516293,0.464627623558
-0.546097874641,-0.178677335382,1.48746049404,0.106616102159,0.144540011883,0.866740703583,0.465297579765
-0.545933127403,-0.17944817245,1.48739373684,0.107900105417,0.14557005465,0.865101575851,0.467724680901
-0.545662999153,-0.179594576359,1.4869800806,0.108491353691,0.143489971757,0.865751206875,0.467028021812
-0.545609533787,-0.180090874434,1.48690581322,0.109628163278,0.143553122878,0.865164101124,0.467830359936
-0.545641839504,-0.181049138308,1.48686468601,0.111076153815,0.14517660439,0.863123774529,0.470747679472
-0.545388877392,-0.181516870856,1.48699295521,0.111649669707,0.145405858755,0.862609863281,0.471482515335
-0.545288860798,-0.182015031576,1.4868915081,0.112608850002,0.14546084404,0.861869990826,0.472589313984
-0.545167922974,-0.182191580534,1.48645830154,0.113130308688,0.14403885603,0.861857891083,0.472922086716
-0.545087277889,-0.182572722435,1.48619186878,0.11402041465,0.143747970462,0.861127614975,0.474125802517
-0.544977843761,-0.182965472341,1.48608887196,0.114804834127,0.143777430058,0.860894978046,0.474349886179
-0.544954240322,-0.183404400945,1.48601269722,0.115670621395,0.143974602222,0.860147595406,0.475434273481
-0.545020103455,-0.183859050274,1.48611402512,0.116616137326,0.144462779164,0.858849823475,0.477397292852
-0.545264601707,-0.184504017234,1.48566770554,0.117879241705,0.145616650581,0.856961190701,0.480122834444
-0.545913338661,-0.185354873538,1.48590350151,0.119558773935,0.147893890738,0.85585552454,0.480982810259
-0.545035302639,-0.185334354639,1.48546731472,0.117787674069,0.146131128073,0.855848610401,0.481969743967
-0.545072972775,-0.185367420316,1.4852309227,0.118250988424,0.144985198975,0.856231033802,0.481523185968
-0.54521971941,-0.185715526342,1.48511564732,0.118769593537,0.14531186223,0.855700433254,0.482239633799
-0.54531788826,-0.186144322157,1.48515975475,0.118973098695,0.145790532231,0.855136215687,0.483045339584
-0.545520246029,-0.186455175281,1.48481881618,0.119291417301,0.145783737302,0.854632496834,0.483859449625
-0.54557788372,-0.186896041036,1.48488724232,0.119204908609,0.146124601364,0.853963375092,0.484958022833
-0.545804738998,-0.187132701278,1.48440957069,0.11937725544,0.145686969161,0.853570461273,0.485738575459
-0.546653032303,-0.187870100141,1.48454642296,0.120665811002,0.147460013628,0.853031873703,0.485831171274
-0.546788275242,-0.188187271357,1.48442661762,0.120629437268,0.147308290005,0.852889239788,0.486136674881
-0.546157777309,-0.18820849061,1.48442685604,0.119365744293,0.145853072405,0.852910339832,0.486849725246
-0.546300768852,-0.188546597958,1.48434555531,0.119317278266,0.145833134651,0.852754831314,0.487139880657
-0.546795845032,-0.188892826438,1.48400378227,0.120162442327,0.145542934537,0.852160453796,0.488058358431
-0.547063469887,-0.189190387726,1.48392820358,0.120230548084,0.145276933908,0.85214805603,0.488142192364
-0.547154068947,-0.189495041966,1.48387217522,0.119969896972,0.144716277719,0.85227483511,0.488151550293
-0.547204434872,-0.18971529603,1.48378193378,0.119772814214,0.143935546279,0.852880716324,0.48737218976
-0.547350764275,-0.190039515495,1.48373293877,0.119298435748,0.14319883287,0.85271692276,0.487991690636
-0.547365009785,-0.190348342061,1.48363316059,0.118458710611,0.142203167081,0.85269844532,0.488519400358
-0.547486305237,-0.190657764673,1.48365998268,0.117801077664,0.141481712461,0.853071570396,0.488236427307
-0.547650873661,-0.19091181457,1.48369407654,0.117591805756,0.140826314688,0.853350937366,0.487988084555
-0.547815203667,-0.191167324781,1.48375618458,0.117569640279,0.140316694975,0.853464365005,0.487941920757
-0.547967910767,-0.191415905952,1.48378491402,0.117284037173,0.139999255538,0.853510439396,0.488021165133
-0.548322319984,-0.192031756043,1.48390865326,0.117564111948,0.141168415546,0.852243542671,0.489827632904
-0.548438727856,-0.192411467433,1.48394799232,0.116590283811,0.140663251281,0.852268576622,0.490162163973
-0.54866039753,-0.192525431514,1.48402476311,0.116681076586,0.140289664268,0.852808654308,0.489307373762
-0.548686563969,-0.192707449198,1.48414063454,0.11538399756,0.139936476946,0.85324883461,0.48894867301
-0.548823356628,-0.192861735821,1.48414134979,0.114787496626,0.139058992267,0.853294432163,0.489259690046
-0.54910582304,-0.192995369434,1.48419106007,0.114499911666,0.138446837664,0.853675246239,0.488836228848
-0.549275636673,-0.19313518703,1.48419642448,0.114151194692,0.138058871031,0.854188084602,0.488131165504
-0.549586832523,-0.193364784122,1.48425590992,0.1145901829,0.137898534536,0.853555440903,0.489179253578
-0.549821913242,-0.193634837866,1.48450350761,0.113757565618,0.137900754809,0.853247821331,0.489908874035
-0.550144791603,-0.193809270859,1.48454213142,0.113509424031,0.137826681137,0.853213906288,0.490046560764
-0.550401687622,-0.193964973092,1.48452949524,0.113191589713,0.137639835477,0.853223860264,0.490155190229
-0.550680875778,-0.194117367268,1.48452329636,0.112871982157,0.137589693069,0.853155016899,0.490362823009
-0.550913751125,-0.194374024868,1.48451411724,0.112051151693,0.137606531382,0.853099882603,0.490642011166
-0.551268398762,-0.194521486759,1.48450255394,0.111879847944,0.137669816613,0.853090703487,0.490679442883
-0.551616609097,-0.19462531805,1.48444390297,0.111728362739,0.137580797076,0.853116452694,0.490694135427
-0.551858305931,-0.194711953402,1.48440253735,0.111459322274,0.137340903282,0.853132069111,0.49079528451
-0.552139520645,-0.194754064083,1.48404145241,0.110969945788,0.136531949043,0.852971732616,0.49141022563
-0.552394509315,-0.194852173328,1.48400902748,0.110683217645,0.136278674006,0.853184223175,0.491176307201
-0.552740573883,-0.194962784648,1.4839925766,0.110709786415,0.136304467916,0.853163301945,0.491199404001
-0.552939772606,-0.195106595755,1.48423421383,0.110522352159,0.136547327042,0.853303670883,0.490930199623
-0.553262412548,-0.195129290223,1.48388719559,0.110545299947,0.135994270444,0.853257596493,0.491158664227
-0.55348110199,-0.195212006569,1.48381876945,0.110391013324,0.135815277696,0.853166341782,0.491401344538
-0.55370414257,-0.195271775126,1.48371839523,0.110257402062,0.135510772467,0.853251695633,0.491367161274
-0.553913712502,-0.1954100281,1.48395884037,0.110349088907,0.135929405689,0.853340268135,0.491077184677
-0.55415314436,-0.195473641157,1.48389446735,0.110398121178,0.13588707149,0.853578031063,0.490664482117
-0.554358184338,-0.195506647229,1.48381686211,0.110540531576,0.1357883811,0.853731215,0.490393221378
-0.554541409016,-0.1955203861,1.48372447491,0.110688589513,0.135625720024,0.853880643845,0.490144520998
-0.554720461369,-0.195542261004,1.48364782333,0.110881499946,0.135590687394,0.854074954987,0.489772051573
-0.554890930653,-0.195586755872,1.48354816437,0.111057884991,0.135651782155,0.85429173708,0.489336818457
-0.555032074451,-0.195637151599,1.48346209526,0.111002385616,0.135810017586,0.854783296585,0.488446205854
-0.555176377296,-0.195642217994,1.48336029053,0.111292228103,0.135931059718,0.855049967766,0.48787945509
-0.555209338665,-0.195556506515,1.48320019245,0.110832676291,0.135979786515,0.856017351151,0.486271470785
-0.555292665958,-0.195550143719,1.48309624195,0.111145466566,0.136051595211,0.856380462646,0.485540151596
-0.555439114571,-0.195580109954,1.48302400112,0.111708007753,0.1363812536,0.856701314449,0.484751909971
-0.555480659008,-0.195577800274,1.48293077946,0.112097069621,0.13666331768,0.857095777988,0.483884602785
-0.555609464645,-0.195569872856,1.4828261137,0.113365374506,0.136965528131,0.857050836086,0.48358309269
-0.555609345436,-0.19552308321,1.48273897171,0.113351337612,0.137588337064,0.857808589935,0.482063859701
-0.555534899235,-0.195458576083,1.48264241219,0.113786429167,0.137891516089,0.858270645142,0.481051027775
-0.555584907532,-0.195432290435,1.48261582851,0.114520967007,0.138622373343,0.858599066734,0.480079770088
-0.555520474911,-0.195114865899,1.48248028755,0.115158557892,0.13774317503,0.859601020813,0.478384196758
-0.555456876755,-0.195045292377,1.48239612579,0.115532822907,0.13818576932,0.859821557999,0.477769672871
-0.555484652519,-0.19491289556,1.48212969303,0.116192765534,0.138429298997,0.860087692738,0.477059692144
-0.555514276028,-0.194816291332,1.48206460476,0.116988554597,0.139278516173,0.860305190086,0.476224839687
-0.555457115173,-0.194781601429,1.48222136497,0.117419488728,0.140301615,0.860422432423,0.4756064713
-0.555606245995,-0.195023030043,1.48218023777,0.118595942855,0.142559140921,0.859222888947,0.476810216904
-0.555542528629,-0.19490724802,1.48207724094,0.118800297379,0.143034428358,0.859256923199,0.476555526257
-0.55547952652,-0.194730192423,1.48196256161,0.118858769536,0.14344869554,0.859352886677,0.476243406534
-0.555380523205,-0.194619938731,1.48183369637,0.118853077292,0.143884539604,0.859204769135,0.476380676031
-0.555108487606,-0.194064632058,1.48163247108,0.118342556059,0.142513886094,0.860351979733,0.474846512079
-0.555008769035,-0.193910598755,1.48153591156,0.118295677006,0.142885968089,0.86028444767,0.474868804216
-0.554972290993,-0.193800091743,1.4814478159,0.118422850966,0.143447756767,0.859935164452,0.475300341845
-0.554933071136,-0.19360601902,1.48135745525,0.118581831455,0.143682539463,0.8598331213,0.475374191999
-0.555015265942,-0.193328291178,1.48096477985,0.119043655694,0.143533110619,0.859779834747,0.475400418043
-0.555011689663,-0.193182587624,1.48087835312,0.119187235832,0.143981844187,0.859609127045,0.475537478924
-0.555036127567,-0.19298350811,1.48080635071,0.119562707841,0.144342601299,0.859464347363,0.475595593452
-0.554944634438,-0.1929243505,1.4810346365,0.119430422783,0.145242527127,0.859435558319,0.475406676531
-0.555005967617,-0.192693889141,1.48063337803,0.119695067406,0.14506238699,0.859300971031,0.475638329983
-0.555025696754,-0.192542657256,1.48058438301,0.119919881225,0.145414084196,0.85916519165,0.475719630718
-0.555144667625,-0.192746281624,1.48055577278,0.120441041887,0.147440984845,0.857745230198,0.47752314806
-0.555095493793,-0.192495837808,1.48044610023,0.120525561273,0.147457838058,0.857696831226,0.47758346796
-0.555083930492,-0.192286893725,1.48035943508,0.120678931475,0.147462517023,0.857795357704,0.477366268635
-0.555058836937,-0.19212269783,1.48035037518,0.120737694204,0.147647917271,0.857662975788,0.477531939745
-0.555067121983,-0.191932111979,1.48037397861,0.120776630938,0.147716030478,0.857725560665,0.477388709784
-0.554978072643,-0.191712200642,1.48032164574,0.119941078126,0.147825017571,0.858322441578,0.476491928101
-0.554879307747,-0.191566124558,1.48060047626,0.119664624333,0.148058384657,0.858713448048,0.475783854723
-0.554839849472,-0.191090375185,1.4805034399,0.119779855013,0.146608293056,0.859626829624,0.474552989006
-0.554880738258,-0.190893799067,1.48043000698,0.119765862823,0.146593615413,0.859788715839,0.474267631769
-0.555027604103,-0.190932065248,1.48022973537,0.119900040329,0.147841125727,0.859123051167,0.475052267313
-0.555216789246,-0.190773144364,1.48028373718,0.120807506144,0.148049250245,0.858992636204,0.474993258715
-0.555182158947,-0.190669879317,1.48058056831,0.120725922287,0.148661136627,0.859248578548,0.474359750748
-0.555121541023,-0.190492510796,1.4805740118,0.11971321702,0.149009436369,0.860024690628,0.473098814487
-0.55516564846,-0.190027266741,1.48054432869,0.120080463588,0.147762224078,0.861021101475,0.471582055092
-0.555366814137,-0.189728409052,1.48025429249,0.120468206704,0.147601917386,0.861166119576,0.471268624067
-0.555453717709,-0.189820691943,1.48020613194,0.120218321681,0.149205252528,0.860589027405,0.471881240606
-0.555402576923,-0.189436972141,1.48047828674,0.120238929987,0.148539796472,0.861644983292,0.470155894756
-0.555524289608,-0.189229145646,1.48046112061,0.120387166739,0.148890510201,0.862083435059,0.469202280045
-0.555616676807,-0.189045578241,1.48045158386,0.120435073972,0.149204820395,0.862324297428,0.468647152185
-0.555814504623,-0.188806295395,1.48010849953,0.120626538992,0.149155199528,0.862589299679,0.468125700951
-0.555978178978,-0.189077630639,1.48019814491,0.120853081346,0.151401862502,0.861680209637,0.469019562006
-0.555985629559,-0.18899217248,1.48053145409,0.120677597821,0.152533024549,0.861973524094,0.468158394098
-0.555959999561,-0.188498318195,1.48044872284,0.119915835559,0.151698336005,0.863502383232,0.465802013874
-0.556086301804,-0.188183739781,1.48042631149,0.119938872755,0.151877820492,0.864086091518,0.464653819799
-0.556223213673,-0.187941968441,1.48039507866,0.120067194104,0.152219414711,0.864544689655,0.463654577732
-0.556549906731,-0.18803422153,1.48042321205,0.120694689453,0.154101580381,0.863805294037,0.464247882366
-0.556569695473,-0.187506705523,1.48039698601,0.120088562369,0.153259009123,0.865543186665,0.46143835783
-0.556652903557,-0.187293976545,1.48037326336,0.119713768363,0.153822422028,0.866009831429,0.460471779108
-0.55684363842,-0.187468409538,1.48039412498,0.119819901884,0.155840545893,0.865397751331,0.460916101933
-0.55689573288,-0.186907738447,1.48032152653,0.118925884366,0.155105978251,0.867274105549,0.457858592272
-0.557124495506,-0.187026023865,1.48035049438,0.118915200233,0.156933799386,0.866919875145,0.457909464836
-0.557349741459,-0.186533153057,1.4803994894,0.118718348444,0.156447380781,0.868469655514,0.455182105303
-0.5574259758,-0.186332583427,1.48037457466,0.117956355214,0.15689855814,0.869171917439,0.453882604837
-0.557511389256,-0.186097085476,1.48033809662,0.11752589047,0.15713840723,0.870169997215,0.451994776726
-0.55777990818,-0.185919553041,1.48035931587,0.11726693064,0.157564222813,0.870688736439,0.450913459063
-0.557859182358,-0.18564607203,1.48026430607,0.116639211774,0.157755717635,0.871905982494,0.448651939631
-0.558035433292,-0.185562506318,1.48033022881,0.116060033441,0.158617958426,0.872456669807,0.447425812483
-0.558104813099,-0.185267180204,1.48028469086,0.114976637065,0.158634006977,0.873110711575,0.44642290473
-0.558421611786,-0.185002490878,1.47993946075,0.114566422999,0.158573836088,0.873612999916,0.445565998554
-0.558642148972,-0.184791758657,1.4799374342,0.114212729037,0.158874601126,0.874098241329,0.444597125053
-0.558930635452,-0.184594586492,1.47993922234,0.113865680993,0.159217312932,0.874348104,0.444071799517
-0.559260964394,-0.184462994337,1.4800093174,0.11383228749,0.159898892045,0.874887168407,0.442771852016
-0.559367895126,-0.18420471251,1.47996091843,0.112974189222,0.159749940038,0.875304758549,0.44222009182
-0.559587001801,-0.183992370963,1.47996497154,0.112311854959,0.159892916679,0.8751065135,0.442729115486
-0.559801280499,-0.183828487992,1.4803173542,0.11195101589,0.160718381405,0.875166654587,0.442402511835
-0.560068964958,-0.183617308736,1.48032653332,0.111593388021,0.161153793335,0.875278890133,0.442112326622
-0.56029266119,-0.183378592134,1.48028242588,0.111106202006,0.161144807935,0.87545633316,0.441886991262
-0.560536146164,-0.183151245117,1.48028445244,0.110745966434,0.161348491907,0.875142812729,0.442523568869
-0.56072884798,-0.182877883315,1.48030281067,0.110450595617,0.16147147119,0.875300049782,0.44224151969
-0.560933113098,-0.182718291879,1.48030459881,0.109830647707,0.161712169647,0.874956190586,0.442987680435
-0.561217486858,-0.182554334402,1.48028743267,0.109354689717,0.161996483803,0.87412416935,0.444641172886
-0.561433196068,-0.182307571173,1.4802685976,0.108915053308,0.162001132965,0.873610794544,0.445754855871
-0.561736524105,-0.18214635551,1.48029458523,0.108738824725,0.162464007735,0.873422324657,0.445998638868
-0.562105000019,-0.181966483593,1.4803096056,0.108540393412,0.162693396211,0.872421443462,0.447918206453
-0.562383770943,-0.181709975004,1.47996079922,0.108183443546,0.162278056145,0.871783673763,0.449394524097
-0.562641322613,-0.18144968152,1.47994291782,0.107956290245,0.162374332547,0.871215641499,0.45051458478
-0.562816441059,-0.181264311075,1.47988986969,0.107337996364,0.162570491433,0.87065321207,0.451677471399
-0.56301599741,-0.181071385741,1.47988891602,0.106983140111,0.162799552083,0.869974672794,0.452984571457
-0.563291251659,-0.180860817432,1.47987937927,0.106853567064,0.163059562445,0.869255542755,0.45430034399
-0.563557207584,-0.180711790919,1.47989010811,0.106596060097,0.163584649563,0.868448317051,0.455713540316
-0.563797593117,-0.180560201406,1.47988831997,0.10636741668,0.163973867893,0.867696642876,0.457057118416
-0.564021527767,-0.180314868689,1.47982990742,0.106315396726,0.164203971624,0.867321431637,0.457698345184
-0.564314186573,-0.180478528142,1.47992134094,0.10639860481,0.166010499001,0.865608751774,0.460262268782
-0.564616560936,-0.180297538638,1.47995638847,0.10637742281,0.166341513395,0.86448776722,0.46225041151
-0.564750850201,-0.179823338985,1.47992086411,0.105902276933,0.165364935994,0.864931464195,0.461879551411
-0.56492972374,-0.179638490081,1.47994077206,0.105698302388,0.165604144335,0.864269077778,0.463078826666
-0.565123617649,-0.179467231035,1.47996163368,0.105632506311,0.165865078568,0.863664627075,0.464127033949
-0.565292954445,-0.179330140352,1.48005104065,0.105444841087,0.166212230921,0.862994015217,0.465291708708
-0.565433263779,-0.17913775146,1.4801261425,0.105241924524,0.16623108089,0.862378418446,0.466470718384
-0.565585613251,-0.178894072771,1.48016083241,0.105083502829,0.166012957692,0.861754715443,0.467734903097
-0.5658172369,-0.178733184934,1.48025023937,0.10515268147,0.166058897972,0.861166477203,0.468785375357
-0.565989732742,-0.17861007154,1.48034715652,0.105111278594,0.166020974517,0.860472977161,0.470079869032
-0.566208839417,-0.178480058908,1.48049068451,0.105330362916,0.165989905596,0.859875321388,0.471134215593
-0.566223800182,-0.178264915943,1.4804879427,0.104866333306,0.165438935161,0.859546601772,0.472030431032
-0.566623330116,-0.178174763918,1.48064613342,0.105642803013,0.165396898985,0.858464479446,0.473837733269
-0.566830933094,-0.178095877171,1.48077869415,0.105830438435,0.16513261199,0.857838213444,0.475020855665
-0.567107260227,-0.177995964885,1.48092770576,0.106366924942,0.164873704314,0.85708963871,0.476340383291
-0.567341387272,-0.177914634347,1.48105812073,0.10674764961,0.164423361421,0.856402397156,0.477645337582
-0.567536950111,-0.177836582065,1.48114824295,0.106810696423,0.163748249412,0.855511724949,0.479455709457
-0.567754685879,-0.17776709795,1.48124170303,0.106959238648,0.163075089455,0.854521989822,0.481413036585
-0.568068146706,-0.177606120706,1.48134994507,0.107787683606,0.162136510015,0.853744924068,0.482921600342
-0.568312585354,-0.177492558956,1.48143792152,0.108162932098,0.161195009947,0.852801084518,0.484816819429
-0.568535864353,-0.1773840487,1.48150551319,0.108386464417,0.16005218029,0.851857423782,0.486800372601
-0.568764269352,-0.177295863628,1.48155224323,0.108635313809,0.159130766988,0.85092407465,0.488675713539
-0.569017648697,-0.177271708846,1.48167049885,0.108842171729,0.158437654376,0.849807620049,0.490793287754
-0.569351792336,-0.177522659302,1.4817687273,0.109279483557,0.158611491323,0.847582399845,0.494474112988
-0.569526433945,-0.1774417907,1.48181474209,0.109445400536,0.157398968935,0.846602797508,0.496498823166
-0.569737315178,-0.177360132337,1.48185217381,0.109521247447,0.156228899956,0.845621347427,0.49852013588
-0.569999039173,-0.177295833826,1.48187041283,0.109692499042,0.155098244548,0.844534397125,0.500673472881
-0.570109069347,-0.177216649055,1.48206460476,0.109117589891,0.154047340155,0.843974530697,0.502065479755
-0.5702278018,-0.176856666803,1.48202419281,0.109234705567,0.151140525937,0.844069063663,0.502764165401
-0.570455789566,-0.176787018776,1.48202872276,0.109776213765,0.149936422706,0.843240916729,0.504393815994
-0.570624709129,-0.176777347922,1.4819920063,0.109888784587,0.1489020437,0.842543065548,0.505839884281
-0.57089728117,-0.176849454641,1.48199057579,0.110148645937,0.14796154201,0.841219842434,0.508255839348
-0.571927547455,-0.177258729935,1.48230528831,0.112170189619,0.148925408721,0.840235471725,0.509159684181
-0.571382522583,-0.176791802049,1.48205494881,0.111491017044,0.145797878504,0.839611768723,0.511238753796
-0.571767807007,-0.176718145609,1.48216700554,0.113101050258,0.144985049963,0.838998198509,0.512122631073
-0.571974217892,-0.176674887538,1.48218524456,0.11392492801,0.14377309382,0.838369011879,0.513310670853
-0.572373270988,-0.176946848631,1.48228693008,0.115768611431,0.144231796265,0.836899876595,0.51516354084
-0.572716355324,-0.177012220025,1.48234891891,0.116489514709,0.143241643906,0.835511386395,0.517525553703
-0.573005199432,-0.176989108324,1.48234808445,0.117424562573,0.142085850239,0.834952712059,0.51853364706
-0.573297739029,-0.177021324635,1.4824090004,0.118419013917,0.141039356589,0.834433138371,0.519428789616
-0.573812961578,-0.177247077227,1.48250865936,0.119830444455,0.140665873885,0.83356064558,0.520605921745
-0.573811471462,-0.177105247974,1.48244512081,0.120210833848,0.138698935509,0.832962214947,0.52200204134
-0.573861896992,-0.176690399647,1.48213624954,0.120357319713,0.135311692953,0.833745360374,0.521606683731
-0.574014782906,-0.177036881447,1.48214554787,0.119804315269,0.134311765432,0.831616103649,0.52537804842
-0.574457168579,-0.176792278886,1.48224389553,0.122536666691,0.133399099112,0.832340180874,0.523831248283
-0.574635267258,-0.176815629005,1.48224973679,0.123083882034,0.131937563419,0.831791818142,0.524943172932
-0.574809491634,-0.177179455757,1.48224294186,0.122561015189,0.131040289998,0.829735934734,0.528531491756
-0.575025141239,-0.177242308855,1.48225307465,0.12328094244,0.129995793104,0.828921556473,0.529898107052
-0.575273931026,-0.177282899618,1.48224568367,0.124066367745,0.129020616412,0.828142821789,0.531169176102
-0.575420379639,-0.177372977138,1.48250877857,0.124616742134,0.128233790398,0.827409148216,0.532373011112
-0.575792849064,-0.177673503757,1.48255705833,0.126150399446,0.12845569849,0.825209081173,0.535364449024
-0.57602673769,-0.17767560482,1.48257482052,0.127029255033,0.127597048879,0.82450646162,0.536443591118
-0.576217114925,-0.177713513374,1.48261237144,0.127731591463,0.126942798495,0.823798775673,0.537518322468
-0.5763027668,-0.177481517196,1.48258650303,0.127871245146,0.124985612929,0.824426174164,0.536981403828
-0.576511383057,-0.177434340119,1.4825476408,0.129141107202,0.124076813459,0.823391973972,0.538472950459
-0.576862156391,-0.177180305123,1.48258543015,0.131396368146,0.123616889119,0.823480844498,0.537897050381
-0.577128052711,-0.177179932594,1.48257052898,0.132721975446,0.123328894377,0.822709321976,0.53881752491
-0.577020227909,-0.177623227239,1.48251724243,0.131854176521,0.123287431896,0.820895135403,0.541798710823
-0.57740187645,-0.177321404219,1.48254561424,0.134845361114,0.123191356659,0.820648550987,0.541457951069
-0.577525854111,-0.17735914886,1.48256421089,0.135875850916,0.123134039342,0.819710075855,0.542633652687
-0.577585935593,-0.177318245173,1.48258721828,0.137259960175,0.122988417745,0.818497240543,0.544146895409
-0.577719151974,-0.177321642637,1.48249542713,0.138500392437,0.122827291489,0.817448794842,0.545443594456
-0.577600240707,-0.177532702684,1.48238897324,0.138198629022,0.1224783957,0.815407514572,0.548644542694
-0.577708005905,-0.177543446422,1.48255586624,0.139564692974,0.122774556279,0.814379692078,0.549758017063
-0.577861011028,-0.177475854754,1.48254680634,0.141187861562,0.122811816633,0.81299328804,0.551384806633
-0.578117311001,-0.177297785878,1.48228788376,0.14332318306,0.122384555638,0.811864733696,0.552590489388
-0.578406512737,-0.176850885153,1.48219394684,0.146427646279,0.121928855777,0.811762630939,0.552027106285
-0.578500807285,-0.176805764437,1.48219144344,0.148072689772,0.122179806232,0.810335040092,0.553627789021
-0.578326523304,-0.176753282547,1.48205411434,0.148794367909,0.121785365045,0.809446513653,0.554819703102
-0.577791929245,-0.177801579237,1.48189342022,0.145752355456,0.122303061187,0.80637806654,0.5599578619
-0.577819466591,-0.177688643336,1.4818956852,0.147360801697,0.122294694185,0.804786086082,0.561825633049
-0.577794134617,-0.177629858255,1.48213219643,0.148784697056,0.122517675161,0.803710997105,0.562939763069
-0.578077733517,-0.177337422967,1.4819047451,0.150932967663,0.122107446194,0.802459537983,0.564240932465
-0.578639566898,-0.176472917199,1.48203897476,0.156469613314,0.12181840837,0.803395390511,0.561456501484
-0.578708648682,-0.176367849112,1.48201370239,0.158313944936,0.12199074775,0.802778601646,0.561784267426
-0.578598082066,-0.176763817668,1.48192310333,0.157235607505,0.122125536203,0.800203859806,0.565717458725
-0.578664422035,-0.176736518741,1.48206579685,0.158501729369,0.122242331505,0.79939687252,0.566479027271
-0.578691601753,-0.176694586873,1.48209309578,0.159953221679,0.122102789581,0.7984983325,0.567367970943
-0.578552186489,-0.176429629326,1.48206448555,0.161185055971,0.121350452304,0.797475457191,0.568618059158
-0.57855463028,-0.176387444139,1.48203957081,0.162254080176,0.121140316129,0.796801269054,0.569303572178
-0.578783690929,-0.176333427429,1.48170113564,0.163494393229,0.120732620358,0.796109497547,0.570002615452
-0.579006910324,-0.176586523652,1.48212814331,0.165396437049,0.121969237924,0.795518279076,0.570016086102
-0.579635798931,-0.176130875945,1.48228633404,0.169623315334,0.12233889848,0.795687019825,0.568457007408
-0.579745471478,-0.176125764847,1.4822934866,0.171019747853,0.122554637492,0.795222222805,0.568642437458
-0.579817652702,-0.176413446665,1.48216366768,0.171181336045,0.12304892391,0.793489694595,0.57090306282
-0.580097794533,-0.176003530622,1.48205852509,0.174149930477,0.122758172452,0.794073164463,0.569253921509
-0.580148875713,-0.17595924437,1.48211336136,0.175590291619,0.12272401154,0.793554365635,0.56954228878
-0.580164432526,-0.17632098496,1.48212897778,0.17531517148,0.123202092946,0.792162239552,0.571458637714
-0.580399870872,-0.176247373223,1.48215389252,0.177155286074,0.12333304435,0.792024195194,0.571054041386
-0.580538749695,-0.176173225045,1.48213267326,0.178487420082,0.123276337981,0.791759610176,0.571018397808
-0.580668210983,-0.176088169217,1.48193347454,0.179668471217,0.12293715775,0.791503727436,0.57107591629
-0.580835044384,-0.175741240382,1.48190546036,0.181842580438,0.122633375227,0.791743516922,0.570119917393
-0.580828785896,-0.175656720996,1.48189592361,0.182732462883,0.12233119458,0.791353523731,0.570441544056
-0.581091821194,-0.175680115819,1.4818546772,0.183866113424,0.122472546995,0.790945410728,0.570613086224
-0.581294536591,-0.175612360239,1.48173201084,0.184671446681,0.122377999127,0.790524840355,0.570955753326
-0.581283271313,-0.175979956985,1.48165786266,0.183846473694,0.122917063534,0.789015650749,0.573189556599
-0.581436216831,-0.175929754972,1.48161673546,0.184502899647,0.12308216095,0.788397014141,0.573794186115
-0.581622838974,-0.175881445408,1.48152625561,0.185159608722,0.123263865709,0.787758529186,0.574420273304
-0.581717550755,-0.175711259246,1.48130321503,0.185527905822,0.123146064579,0.786999642849,0.575366079807
-0.582042455673,-0.175811454654,1.48144435883,0.186380967498,0.124130509794,0.786096096039,0.576113641262
-0.582231223583,-0.175791114569,1.48132634163,0.186784043908,0.124631129205,0.785019278526,0.577341794968
-0.582174241543,-0.175662741065,1.48119056225,0.186642974615,0.124534234405,0.783866047859,0.578972995281
-0.58233743906,-0.175675302744,1.48106646538,0.186741814017,0.125052288175,0.782289206982,0.580958783627
-0.582589566708,-0.175642862916,1.48082756996,0.186918243766,0.125189244747,0.781091809273,0.582481622696
-0.582631647587,-0.175075486302,1.4805778265,0.188024461269,0.124232344329,0.780733644962,0.582810461521
-0.583086431026,-0.175839811563,1.48061656952,0.187318280339,0.126236408949,0.778480648994,0.585614383221
-0.583313286304,-0.175937861204,1.48040294647,0.187473744154,0.126618042588,0.777160286903,0.587233781815
-0.583194792271,-0.17580626905,1.48015606403,0.187432765961,0.126067772508,0.77565318346,0.589354097843
-0.583405792713,-0.176624730229,1.48012733459,0.185201495886,0.12793648243,0.772650063038,0.593586206436
-0.584138453007,-0.175905480981,1.47994172573,0.190437212586,0.12738737464,0.774426519871,0.589720129967
-0.584325015545,-0.176437467337,1.47975313663,0.189770430326,0.128051146865,0.772348821163,0.592509329319
-0.584291338921,-0.176629930735,1.47981357574,0.190170407295,0.128237634897,0.77132999897,0.59366697073
-0.584659337997,-0.176846161485,1.47933208942,0.191243797541,0.128008782864,0.770518183708,0.59442538023
-0.585604131222,-0.177419036627,1.47947621346,0.194467529655,0.129819557071,0.770644962788,0.592820167542
-0.585555195808,-0.177959769964,1.47954940796,0.193787619472,0.129891112447,0.76841956377,0.595907986164
-0.58580738306,-0.177958577871,1.47919678688,0.196097820997,0.129037708044,0.768181085587,0.595644831657
-0.585886895657,-0.178602263331,1.47897958755,0.196733102202,0.129098951817,0.767159998417,0.596736967564
-0.586160123348,-0.178634271026,1.47894465923,0.199543356895,0.128337845206,0.767135441303,0.59599930048
-0.585566163063,-0.17872159183,1.47845554352,0.199416071177,0.125967293978,0.766066372395,0.597919583321
-0.585509538651,-0.178883716464,1.47821867466,0.201309353113,0.124688535929,0.766478300095,0.597024738789
-0.585415244102,-0.179371938109,1.47827506065,0.20212700963,0.124104194343,0.765442430973,0.598197937012
-0.585659086704,-0.179632201791,1.47815978527,0.205234736204,0.122917488217,0.765267908573,0.597607791424
-0.585682749748,-0.180257856846,1.47799265385,0.206525444984,0.12274184823,0.765125334263,0.597381591797
-0.586200714111,-0.18103890121,1.47812139988,0.209181144834,0.123492747545,0.764582335949,0.596997976303
-0.586554765701,-0.1815007478,1.47794389725,0.211419269443,0.123091392219,0.763867259026,0.597207963467
-0.585610330105,-0.181492596865,1.47743022442,0.210935533047,0.120243251324,0.763177394867,0.598838984966
-0.585299611092,-0.182241037488,1.47720813751,0.210188671947,0.119943320751,0.760757625103,0.602230966091
-0.585289478302,-0.182552993298,1.47708022594,0.211789309978,0.119519039989,0.759373962879,0.603499770164
-0.584916710854,-0.182713091373,1.47673726082,0.21277654171,0.117993012071,0.758836746216,0.604127824306
-0.584950089455,-0.182650178671,1.476760149,0.216151043773,0.11737883836,0.759225428104,0.602559328079
-0.585116803646,-0.183403536677,1.47666740417,0.217391461134,0.118517488241,0.757333576679,0.604268431664
-0.584995150566,-0.184062615037,1.47656774521,0.217596098781,0.119042590261,0.754470407963,0.607663691044
-0.58500868082,-0.184184640646,1.47664940357,0.219854325056,0.119058541954,0.753346025944,0.608242630959
-0.585237145424,-0.185400590301,1.47666800022,0.219946458936,0.121288925409,0.75035327673,0.611459434032
-0.585098147392,-0.185650020838,1.47671067715,0.221659839153,0.121369294822,0.748695015907,0.612855732441
-0.584915876389,-0.186382174492,1.47653687,0.221287414432,0.121911630034,0.745732665062,0.616483867168
-0.584010064602,-0.185888171196,1.47629201412,0.222387462854,0.11963018775,0.743703424931,0.618981301785
-0.583887696266,-0.186697199941,1.47626495361,0.222986117005,0.120469965041,0.74156743288,0.621161818504
-0.58366972208,-0.187416866422,1.47619271278,0.222894892097,0.120801493526,0.7388843894,0.624319553375
-0.583548605442,-0.188329949975,1.47610902786,0.221508428454,0.12204734236,0.732631742954,0.631893396378
-0.583400130272,-0.188454061747,1.47607421875,0.224254757166,0.121046081185,0.73254942894,0.63121253252
-0.582915067673,-0.188615202904,1.47586095333,0.225132346153,0.119528532028,0.730942487717,0.633049368858
-0.583583831787,-0.189645692706,1.47624504566,0.230104953051,0.122248455882,0.731566011906,0.630014538765
-0.58258497715,-0.18992574513,1.47553837299,0.228526234627,0.119829513133,0.728295445442,0.634824812412
-0.582269787788,-0.190250948071,1.47550415993,0.230182677507,0.118913188577,0.727485597134,0.635327041149
-0.581988275051,-0.190637350082,1.47566080093,0.231766194105,0.118275992572,0.726028978825,0.636535286903
-0.58186173439,-0.190949708223,1.47566044331,0.234436765313,0.117093205452,0.725778698921,0.636061310768
-0.582032978535,-0.192411378026,1.47573232651,0.234105363488,0.119148746133,0.719857990742,0.642497479916
-0.581458985806,-0.192795559764,1.47553646564,0.235255539417,0.117273509502,0.722607791424,0.639327585697
-0.582244873047,-0.193380832672,1.47572612762,0.240918323398,0.118205226958,0.72195148468,0.63778668642
-0.580584943295,-0.193758577108,1.47503066063,0.23747394979,0.114603899419,0.721336781979,0.640426039696
-0.581490397453,-0.194992989302,1.47536230087,0.240774124861,0.11719854176,0.71911585331,0.641221284866
-0.581152737141,-0.195650264621,1.4755371809,0.243247747421,0.117107018828,0.719454944134,0.639922738075
-0.580424427986,-0.196084082127,1.47535133362,0.243015795946,0.115255706012,0.71840852499,0.641520738602
-0.580409944057,-0.196280106902,1.47531807423,0.246412858367,0.114499136806,0.717400491238,0.641488313675
-0.580199301243,-0.196924269199,1.47524702549,0.247477307916,0.114194713533,0.717338442802,0.64120221138
-0.579871296883,-0.197296157479,1.47520685196,0.25005954504,0.113316088915,0.716411471367,0.641392529011
-0.579975187778,-0.198480248451,1.47529375553,0.250295579433,0.114868856966,0.7134937644,0.644270181656
-0.579546689987,-0.199109241366,1.47509992123,0.250188291073,0.11465780437,0.713405191898,0.644447386265
-0.579558551311,-0.199987232685,1.47505354881,0.251499086618,0.115699030459,0.710551381111,0.646899461746
-0.579325795174,-0.200142145157,1.47506284714,0.253710091114,0.115017287433,0.71117579937,0.645469963551
-0.57872480154,-0.20024125278,1.47486531734,0.254765480757,0.113594911993,0.708792388439,0.647923111916
-0.578467428684,-0.200743079185,1.47474312782,0.255570858717,0.113491818309,0.707466065884,0.649072289467
-0.57800757885,-0.201616510749,1.47445213795,0.254346966743,0.113924346864,0.70599591732,0.651075124741
-0.577912688255,-0.202150523663,1.4744951725,0.255724072456,0.114509955049,0.704216957092,0.652358472347
-0.577721178532,-0.202433466911,1.47444033623,0.257457882166,0.114398129284,0.703242361546,0.652747154236
-0.577733635902,-0.203167811036,1.47408664227,0.257533192635,0.114985205233,0.698324561119,0.657873690128
-0.577679216862,-0.203756794333,1.47442114353,0.260181754827,0.116110064089,0.699862241745,0.654993891716
-0.57732886076,-0.204334259033,1.47424328327,0.26056060195,0.115273244679,0.697409749031,0.657601714134
-0.576720654964,-0.20419883728,1.47396397591,0.26094096899,0.114401564002,0.697423160076,0.657588839531
-0.576569497585,-0.204979494214,1.47394895554,0.261437892914,0.115525059402,0.694048643112,0.660757601261
-0.576624810696,-0.205842465162,1.47392702103,0.26179048419,0.116645388305,0.693763673306,0.660720646381
-0.57644367218,-0.206133842468,1.47387266159,0.263610422611,0.116665683687,0.691941916943,0.661902666092
-0.57614672184,-0.206389963627,1.47337031364,0.264525920153,0.115086749196,0.690342664719,0.66348195076
-0.57588070631,-0.207016527653,1.47334110737,0.264155298471,0.116184651852,0.689785599709,0.664017498493
-0.575620651245,-0.207462951541,1.47332644463,0.265121877193,0.11649402231,0.688012838364,0.665415525436
-0.575344622135,-0.207871645689,1.4734044075,0.266009241343,0.115696206689,0.684771537781,0.66853672266
-0.574802041054,-0.208049401641,1.47325396538,0.267374306917,0.115022338927,0.681274473667,0.671674191952
-0.574480116367,-0.208187788725,1.47323012352,0.268214702606,0.114096149802,0.682145297527,0.67061239481
-0.57415086031,-0.208705186844,1.47310686111,0.268533915281,0.11413513869,0.680578887463,0.672067821026
-0.573916614056,-0.209274321795,1.47303128242,0.268551290035,0.115338236094,0.679625570774,0.672819852829
-0.574235379696,-0.21025788784,1.47312915325,0.269835472107,0.117212049663,0.678564965725,0.673052728176
-0.573921978474,-0.210712209344,1.4730066061,-0.271599918604,-0.116846628487,-0.673725008965,-0.677255451679
-0.573577404022,-0.210833027959,1.47289550304,-0.272938519716,-0.115844666958,-0.67314273119,-0.677468419075
-0.573236823082,-0.211172729731,1.47279894352,-0.273292988539,-0.115276843309,-0.673095881939,-0.677469015121
-0.572605550289,-0.211251407862,1.47256839275,-0.274391382933,-0.114261873066,-0.669783294201,-0.680473387241
-0.572627425194,-0.212197929621,1.47260940075,-0.273923814297,-0.116079643369,-0.671039938927,-0.679114699364
-0.572343468666,-0.212573498487,1.47252750397,-0.276192694902,-0.115435905755,-0.667205154896,-0.682077467442
-0.571883141994,-0.213136985898,1.47231578827,-0.276280999184,-0.114241167903,-0.665202856064,-0.68419522047
-0.571112632751,-0.213036462665,1.47199273109,-0.277013540268,-0.11221434921,-0.663843512535,-0.685553312302
-0.570769190788,-0.213515400887,1.47196388245,-0.278045654297,-0.112371481955,-0.662354230881,-0.686549425125
-0.570479512215,-0.213559985161,1.47192120552,-0.279891043901,-0.112295143306,-0.664021849632,-0.684197306633
-0.570037841797,-0.214434146881,1.47175216675,-0.278573483229,-0.113792434335,-0.663078606129,-0.685401201248
-0.569783627987,-0.214889705181,1.47167515755,-0.281029284,-0.113669864833,-0.65939950943,-0.687963724136
-0.569368839264,-0.215377315879,1.47146785259,-0.2819224298,-0.113575331867,-0.658287107944,-0.688678860664
-0.568811774254,-0.215581461787,1.47132647038,-0.283527851105,-0.111872337759,-0.656776547432,-0.689739882946
-0.568428397179,-0.216431081295,1.47120833397,-0.282329440117,-0.114542506635,-0.657972037792,-0.688653171062
-0.568225324154,-0.216409757733,1.47123074532,-0.287329077721,-0.112701691687,-0.65521979332,-0.689512431622
-0.567789256573,-0.21740873158,1.47082853317,-0.286267578602,-0.113643273711,-0.652584433556,-0.692293226719
-0.567254185677,-0.217598393559,1.47066342831,-0.287856817245,-0.113510712981,-0.651763141155,-0.692429602146
-0.567270278931,-0.21854634583,1.47068977356,-0.289237052202,-0.115449875593,-0.651140630245,-0.692119479179
-0.566855251789,-0.218983560801,1.47052109241,-0.290227562189,-0.115459598601,-0.649767696857,-0.692992866039
-0.56611675024,-0.2187397331,1.4702835083,-0.292365729809,-0.113710545003,-0.649284362793,-0.692836344242
-0.565773069859,-0.219533666968,1.4701833725,-0.292537480593,-0.114842988551,-0.647494733334,-0.694250464439
-0.565312445164,-0.22011834383,1.47004771233,-0.293318599463,-0.115309715271,-0.646074414253,-0.695166110992
-0.564941227436,-0.221035972238,1.46993482113,-0.291534692049,-0.117930784822,-0.647297143936,-0.694338798523
-0.564809083939,-0.221413061023,1.46997952461,-0.295675754547,-0.117214232683,-0.644330203533,-0.69546765089
-0.564580440521,-0.222277417779,1.46991229057,-0.295762091875,-0.119393996894,-0.643156349659,-0.69614636898
-0.564277052879,-0.222903251648,1.47015309334,-0.297141730785,-0.120458908379,-0.641663312912,-0.696753144264
-0.563784599304,-0.222735792398,1.46976745129,-0.299960970879,-0.118137061596,-0.64192533493,-0.695700526237
-0.563323676586,-0.223468646407,1.46964216232,-0.299518913031,-0.119075194001,-0.639787912369,-0.69769692421
-0.56287676096,-0.224010571837,1.46984374523,-0.300618678331,-0.119845531881,-0.638427436352,-0.698338031769
-0.562542259693,-0.224589347839,1.4697715044,-0.30144521594,-0.120582431555,-0.637187063694,-0.698987424374
-0.562039136887,-0.225166112185,1.46959745884,-0.301868230104,-0.120787486434,-0.636205732822,-0.699662983418
-0.561767339706,-0.225980520248,1.46951937675,-0.30225777626,-0.12171754241,-0.634489893913,-0.700890719891
-0.561418354511,-0.226414844394,1.46946322918,-0.303724914789,-0.121670596302,-0.633945822716,-0.700756967068
-0.561045646667,-0.227032527328,1.46932482719,-0.304113924503,-0.123013392091,-0.632750451565,-0.701433718204
-0.560381948948,-0.227335169911,1.46910512447,-0.304560929537,-0.121883288026,-0.630880057812,-0.703119874001
-0.559936344624,-0.227725014091,1.46901786327,-0.30554497242,-0.121946103871,-0.62880051136,-0.704543411732
-0.559612393379,-0.228234454989,1.46893239021,-0.306555777788,-0.121941432357,-0.627381563187,-0.705369532108
-0.559182167053,-0.229018181562,1.46880173683,-0.306674480438,-0.122330106795,-0.62489259243,-0.707456946373
-0.558651506901,-0.229343444109,1.46867084503,-0.307848393917,-0.122100152075,-0.623929321766,-0.707836985588
-0.558253526688,-0.230613783002,1.46850395203,-0.306793987751,-0.123321354389,-0.621264159679,-0.710422635078
-0.557809352875,-0.230834811926,1.46840274334,-0.307895302773,-0.122945226729,-0.61874550581,-0.712207138538
-0.557371377945,-0.230295091867,1.46842777729,-0.312432676554,-0.120792105794,-0.618193924427,-0.711077570915
-0.556809604168,-0.231059864163,1.46827185154,-0.312117785215,-0.120903536677,-0.615406692028,-0.713610291481
-0.556362628937,-0.231621146202,1.4681622982,-0.312900334597,-0.120991587639,-0.612974345684,-0.715344011784
-0.555819272995,-0.232100114226,1.46794331074,-0.313441187143,-0.120411150157,-0.611095786095,-0.716810941696
-0.555406808853,-0.232708096504,1.46747112274,-0.31373795867,-0.120112255216,-0.609292805195,-0.718264400959
-0.555233597755,-0.23319016397,1.46756291389,-0.315632015467,-0.120654806495,-0.607002437115,-0.719282209873
-0.554534614086,-0.233748182654,1.46729683876,-0.315831929445,-0.119914717972,-0.605126619339,-0.720897018909
-0.554045557976,-0.233884602785,1.46727347374,-0.318314343691,-0.118452787399,-0.604256391525,-0.720776796341
-0.553500950336,-0.234462544322,1.46730077267,-0.319212853909,-0.118240773678,-0.602591872215,-0.721807003021
-0.552894890308,-0.235361650586,1.46733415127,-0.318961620331,-0.118582375348,-0.600763499737,-0.72338449955
-0.552601516247,-0.235860496759,1.46718394756,-0.320125043392,-0.118252985179,-0.598916232586,-0.724455356598
-0.552151322365,-0.236347079277,1.46698844433,-0.321007758379,-0.117711812258,-0.597841143608,-0.725040793419
-0.551532685757,-0.236959651113,1.4669880867,-0.321759670973,-0.117298260331,-0.596762359142,-0.725662887096
-0.551219701767,-0.237433284521,1.46702253819,-0.323325902224,-0.117522910237,-0.595421373844,-0.726031839848
-0.550690233707,-0.237665116787,1.46678709984,-0.325440764427,-0.116168856621,-0.595541417599,-0.72520583868
-0.55010420084,-0.238483443856,1.46664988995,-0.324980437756,-0.116395391524,-0.593843460083,-0.726766645908
-0.549595892429,-0.238929525018,1.46649158001,-0.32576033473,-0.115949183702,-0.593070864677,-0.727119743824
-0.549153923988,-0.239603787661,1.46639573574,-0.326096057892,-0.117097854614,-0.592626929283,-0.727147161961
-0.548454940319,-0.239932611585,1.46623647213,-0.327224075794,-0.115513764322,-0.591192245483,-0.728061020374
-0.547873139381,-0.240313112736,1.46634721756,-0.328085571527,-0.115070387721,-0.591055572033,-0.72785449028
-0.547332823277,-0.240628197789,1.46621656418,-0.329112768173,-0.114695824683,-0.590198516846,-0.728145301342
-0.546810686588,-0.240962937474,1.46607899666,-0.329984217882,-0.114615835249,-0.589318811893,-0.728475749493
-0.546307206154,-0.241392448545,1.46603834629,-0.330687612295,-0.114859417081,-0.58843588829,-0.728832125664
-0.54586237669,-0.241803511977,1.46592307091,-0.331338346004,-0.115491785109,-0.587340354919,-0.7293202281
-0.545404851437,-0.241959735751,1.46580374241,-0.33229470253,-0.115690015256,-0.586110115051,-0.729843199253
-0.544910728931,-0.242141604424,1.46571171284,-0.333930820227,-0.11565618962,-0.586414277554,-0.728856742382
-0.544424593449,-0.242674231529,1.4655328989,-0.33338406682,-0.116799026728,-0.584212601185,-0.730690658092
-0.544009208679,-0.242945343256,1.46542310715,-0.333995252848,-0.117714844644,-0.582944691181,-0.731276869774
-0.543594837189,-0.243198901415,1.46536827087,-0.334776967764,-0.118707150221,-0.581380784512,-0.732003688812
-0.543075978756,-0.243374243379,1.46531939507,-0.335334658623,-0.119441390038,-0.580075085163,-0.732664644718
-0.542773246765,-0.243488356471,1.46530008316,-0.336232751608,-0.120637491345,-0.578250050545,-0.733499228954
-0.542373657227,-0.243780121207,1.4650812149,-0.336272627115,-0.121756896377,-0.576715052128,-0.734503746033
-0.542023301125,-0.243605896831,1.46513175964,-0.338151782751,-0.121875926852,-0.576019763947,-0.734166920185
-0.541594684124,-0.243735462427,1.46506166458,-0.338632583618,-0.122653104365,-0.57445782423,-0.735039174557
-0.541318058968,-0.243737563491,1.46501588821,-0.339364051819,-0.123475566506,-0.572771072388,-0.735879957676
-0.54101973772,-0.243814304471,1.46482610703,-0.339471161366,-0.124349653721,-0.571339190006,-0.736795961857
-0.540789306164,-0.24384328723,1.46448791027,-0.339592307806,-0.124770246446,-0.570025026798,-0.737686097622
-0.540330171585,-0.243969380856,1.46432435513,-0.339334815741,-0.12531016767,-0.568546295166,-0.738853573799
-0.539989888668,-0.244080215693,1.46430897713,-0.33942642808,-0.126048758626,-0.567644000053,-0.739379346371
-0.539744794369,-0.244278565049,1.46426057816,-0.338463634253,-0.127069205046,-0.565818488598,-0.741043388844
-0.539511144161,-0.244227841496,1.46426618099,-0.33854675293,-0.127276331186,-0.564907133579,-0.741664886475
-0.539171099663,-0.244244545698,1.46431100368,-0.338595598936,-0.12762235105,-0.56416529417,-0.742147684097
-0.538831949234,-0.244111374021,1.4643266201,-0.33834078908,-0.127466529608,-0.563582777977,-0.742732942104
-0.53850632906,-0.24390783906,1.4643163681,-0.339165270329,-0.127199277282,-0.564249396324,-0.741896152496
-0.538299441338,-0.244119033217,1.46426486969,-0.337835669518,-0.127930626273,-0.563257694244,-0.743129551411
-0.5380641222,-0.244015663862,1.46430134773,-0.337763130665,-0.127829760313,-0.563193976879,-0.743228316307
-0.537864327431,-0.243906959891,1.46438193321,-0.337704598904,-0.127872392535,-0.563304007053,-0.743164122105
-0.537676215172,-0.243760883808,1.46447503567,-0.337648719549,-0.127901673317,-0.563468873501,-0.743059337139
-0.537539839745,-0.243609845638,1.46461951733,-0.33776023984,-0.127976372838,-0.563671827316,-0.742841959
-0.537286400795,-0.243351846933,1.46463990211,-0.337425768375,-0.127762943506,-0.564105987549,-0.742701292038
-0.537207007408,-0.243026524782,1.46482348442,-0.337436228991,-0.127807244658,-0.564515531063,-0.742377579212
-0.537071168423,-0.242816597223,1.46494603157,-0.337106287479,-0.128281369805,-0.565134704113,-0.741974413395
-0.53693395853,-0.242745131254,1.46502518654,-0.336449205875,-0.128696367145,-0.566029429436,-0.741518616676
-0.536594986916,-0.242126792669,1.46507751942,-0.337135076523,-0.127830401063,-0.567722082138,-0.740061581135
-0.536420226097,-0.242085516453,1.46508204937,-0.335168510675,-0.128775015473,-0.567864120007,-0.740681767464
-0.536330699921,-0.24164827168,1.46522271633,-0.335023462772,-0.128916397691,-0.568672180176,-0.740102648735
-0.536093175411,-0.241315484047,1.46524989605,-0.334199786186,-0.128735989332,-0.570265471935,-0.739279866219
-0.535914897919,-0.241049900651,1.4653031826,-0.333224415779,-0.12916430831,-0.57192915678,-0.738359749317
-0.53582161665,-0.240693151951,1.4654096365,-0.332458287477,-0.129873022437,-0.573544561863,-0.737327039242
-0.535826027393,-0.23991265893,1.46563899517,-0.333341479301,-0.129523098469,-0.576194167137,-0.734920144081
-0.535742044449,-0.239812031388,1.46572375298,-0.331170767546,-0.130962714553,-0.577323198318,-0.734760165215
-0.535649418831,-0.239679515362,1.46586167812,-0.329398870468,-0.132654413581,-0.580244660378,-0.732949733734
-0.535521626472,-0.238681346178,1.46607446671,-0.330408751965,-0.131249651313,-0.582670867443,-0.730820417404
-0.535386741161,-0.238262414932,1.46620202065,-0.329061627388,-0.131626054645,-0.585519552231,-0.729081630707
-0.535319983959,-0.237795099616,1.46635818481,-0.327840149403,-0.132006257772,-0.587841689587,-0.727693200111
-0.535238444805,-0.237183749676,1.46648669243,-0.32648140192,-0.132097348571,-0.590885519981,-0.725819885731
-0.535308122635,-0.236716374755,1.46667432785,-0.32507404685,-0.132982373238,-0.594072520733,-0.723685383797
-0.535237193108,-0.2365218997,1.4666877985,-0.322032928467,-0.133960798383,-0.59607642889,-0.723216712475
-0.535355687141,-0.236114352942,1.46684086323,-0.319756031036,-0.13581636548,-0.600126266479,-0.720526635647
-0.535428643227,-0.235338538885,1.46704173088,-0.318536788225,-0.135383307934,-0.603320837021,-0.718477427959
-0.535374462605,-0.234887257218,1.46717810631,-0.316172093153,-0.136058390141,-0.607523322105,-0.715848326683
-0.535173416138,-0.233966141939,1.46719062328,-0.313954263926,-0.135295644403,-0.611647129059,-0.713453352451
-0.535238981247,-0.233319967985,1.46731042862,-0.311501324177,-0.135705024004,-0.616582453251,-0.710195362568
-0.535406768322,-0.232410922647,1.46750760078,-0.310195565224,-0.13569869101,-0.622155249119,-0.705894887447
-0.535638868809,-0.231783658266,1.46772193909,-0.307529956102,-0.13657695055,-0.627203524113,-0.702415704727
-0.535375595093,-0.231304481626,1.46757352352,-0.301719367504,-0.136972919106,-0.631212413311,-0.701266586781
-0.535539209843,-0.23047812283,1.46778035164,-0.29868465662,-0.138536274433,-0.637374520302,-0.696670114994
-0.535788238049,-0.229798644781,1.46798145771,-0.295319199562,-0.138545751572,-0.642571985722,-0.693320155144
-0.53638613224,-0.229551136494,1.46833479404,-0.29092001915,-0.141331911087,-0.650470376015,-0.687225699425
-0.536580979824,-0.228673323989,1.46852862835,-0.287284404039,-0.142494618893,-0.657424151897,-0.68187713623
-0.536948025227,-0.228189796209,1.46917355061,-0.282095611095,-0.143921479583,-0.666429817677,-0.674966812134
-0.536782264709,-0.226683363318,1.46925711632,0.278412044048,0.142700657248,0.6731133461,0.670105695724
-0.537498414516,-0.226270064712,1.46966683865,0.274478763342,0.144768178463,0.679860174656,0.664449810982
-0.537839710712,-0.225769788027,1.46992504597,0.269195884466,0.146408781409,0.685636818409,0.660302996635
-0.537951588631,-0.224152311683,1.47009253502,0.267395913601,0.144821450114,0.689167797565,0.657703578472
-0.538421690464,-0.223897829652,1.47036337852,0.259618788958,0.147325694561,0.698770523071,0.650086939335
-0.538408696651,-0.222507327795,1.47043156624,0.255483657122,0.146386653185,0.706121742725,0.643965125084
-0.538600802422,-0.221655651927,1.47060585022,0.250337570906,0.147006139159,0.712536156178,0.638758540154
-0.539343953133,-0.22130972147,1.47098064423,0.245220556855,0.149508625269,0.717652320862,0.634420514107
-0.53890478611,-0.219661071897,1.47033011913,0.239368021488,0.147066652775,0.723990857601,0.630009353161
-0.539430201054,-0.219403937459,1.47061491013,0.233435675502,0.149406209588,0.729393899441,0.625435888767
-0.540607452393,-0.218457117677,1.47125792503,0.232738032937,0.15181837976,0.735983967781,0.617342591286
-0.540953218937,-0.217304110527,1.47154521942,0.229405120015,0.15245385468,0.742534816265,0.610551714897
-0.540693104267,-0.216108202934,1.47143423557,0.224519878626,0.151911854744,0.748326420784,0.605409920216
-0.54116153717,-0.215364396572,1.47165334225,0.220612749457,0.153536736965,0.752575099468,0.60115480423
-0.542256712914,-0.214854806662,1.47209644318,0.216394647956,0.156333789229,0.755151927471,0.598731040955
-0.542741537094,-0.213715672493,1.47236275673,0.215207546949,0.157248273492,0.762130260468,0.590013742447
-0.542760789394,-0.212126687169,1.47231578827,0.21251732111,0.156808272004,0.766349613667,0.585624277592
-0.543197691441,-0.211575508118,1.47289848328,0.208541691303,0.159133419394,0.769422352314,0.582388341427
-0.543724894524,-0.210349604487,1.4730206728,0.206939995289,0.159945338964,0.774371266365,0.576144635677
-0.545032382011,-0.210020691156,1.47325050831,0.204356595874,0.162637487054,0.776036024094,0.574069440365
-0.544928610325,-0.208843886852,1.47313416004,0.200136318803,0.16241812706,0.778727412224,0.571969747543
-0.545295238495,-0.207869902253,1.47327125072,0.197436317801,0.16280657053,0.78157377243,0.568907260895
-0.545753657818,-0.206903502345,1.47341668606,0.194736465812,0.16319924593,0.783955872059,0.56644231081
-0.546078979969,-0.206149369478,1.47359490395,0.191523820162,0.163950845599,0.786300599575,0.5640655756
-0.546461939812,-0.205230996013,1.473767519,0.189042598009,0.164212048054,0.788346767426,0.561966955662
-0.546731472015,-0.20439465344,1.47430086136,0.186847507954,0.164770677686,0.790469944477,0.559549689293
-0.547071516514,-0.203394144773,1.47435450554,0.184690237045,0.164560168982,0.792334675789,0.557687580585
-0.547475516796,-0.202513962984,1.47453248501,0.18286536634,0.16483476758,0.794284284115,0.555429935455
-0.548552572727,-0.202123194933,1.4747402668,0.181929916143,0.166800945997,0.79515260458,0.553905665874
-0.548389434814,-0.200456336141,1.47463810444,0.180890053511,0.164913788438,0.798041164875,0.550647437572
-0.548703789711,-0.199643105268,1.4746992588,0.178906187415,0.16518497467,0.799415290356,0.549219429493
-0.548913180828,-0.199048057199,1.47476041317,0.176332861185,0.165539726615,0.799885213375,0.549260437489
-0.549268603325,-0.19823615253,1.47488427162,0.174743369222,0.165811762214,0.801304519176,0.547615289688
-0.549565553665,-0.197476550937,1.4750084877,0.173329889774,0.166251286864,0.801943898201,0.546994924545
-0.549974262714,-0.196350246668,1.4754114151,0.173621252179,0.166459470987,0.803805172443,0.544099450111
-0.550406694412,-0.195534810424,1.47561919689,0.172775268555,0.166916206479,0.804356634617,0.543413221836
-0.550695359707,-0.194983318448,1.47572255135,0.170689374208,0.167481824756,0.804154574871,0.544196903706
-0.551097273827,-0.194202929735,1.47586369514,0.169755652547,0.168189540505,0.804582238197,0.543638527393
-0.5515858531,-0.193352907896,1.47587609291,0.168833896518,0.168181598186,0.804968893528,0.54335552454
-0.551549494267,-0.192587316036,1.47600781918,0.166784867644,0.168042525649,0.805614352226,0.543074667454
-0.551889836788,-0.191757634282,1.47615480423,0.165594667196,0.168242454529,0.805548131466,0.543474972248
-0.552417814732,-0.190664112568,1.47619926929,0.165581658483,0.167874142528,0.806787908077,0.541751265526
-0.55272680521,-0.189867824316,1.47633492947,0.164161100984,0.167980670929,0.806961834431,0.541891396046
-0.552921593189,-0.189350098372,1.47636580467,0.161403954029,0.16813261807,0.806140422821,0.543891429901
-0.553308844566,-0.188621774316,1.47654342651,0.160139575601,0.168357089162,0.806301593781,0.543956816196
-0.553689002991,-0.187858581543,1.47696578503,0.159155324101,0.168654218316,0.806623399258,0.543676495552
-0.553756356239,-0.187183380127,1.47704994678,0.156885117292,0.168416529894,0.806832909584,0.544099032879
-0.554279863834,-0.186174839735,1.47722768784,0.157006219029,0.168355166912,0.807903707027,0.542491853237
-0.554138302803,-0.185845121741,1.47717428207,0.152903676033,0.167971387506,0.807618200779,0.544204890728
-0.554364562035,-0.185154989362,1.47731113434,0.151421457529,0.167706608772,0.808469831944,0.543436050415
-0.554795145988,-0.18438282609,1.47752130032,0.150851935148,0.167924061418,0.808806598186,0.543025970459
-0.554718673229,-0.183873534203,1.47750794888,0.148341923952,0.167286738753,0.809932649136,0.542235195637
-0.554959058762,-0.183138996363,1.47759103775,0.147190406919,0.166898816824,0.810652375221,0.54159283638
-0.555064678192,-0.182573437691,1.47766542435,0.145654127002,0.166510522366,0.811507701874,0.540845990181
-0.555284738541,-0.181735232472,1.47775864601,0.145165711641,0.165964990854,0.812970459461,0.538944900036
-0.555317342281,-0.181078851223,1.47787857056,0.144548639655,0.165482699871,0.815385997295,0.535599529743
-0.555349946022,-0.180983513594,1.47792267799,0.141086265445,0.165413975716,0.813763320446,0.539001226425
-0.555489003658,-0.179978042841,1.47798252106,0.141989052296,0.164566472173,0.816833853722,0.534358978271
-0.555693149567,-0.179858908057,1.47804439068,0.139445379376,0.164702415466,0.815466761589,0.537068009377
-0.555895090103,-0.179018363357,1.47821509838,0.140639007092,0.164360836148,0.817939937115,0.533085942268
-0.55606263876,-0.178907677531,1.47835302353,0.138378664851,0.164598315954,0.816426455975,0.535916566849
-0.556325733662,-0.178498104215,1.47847986221,0.13819013536,0.16465704143,0.816591441631,0.53569573164
-0.556668102741,-0.178007110953,1.47868454456,0.137640818954,0.164563074708,0.81730312109,0.534780144691
-0.556816577911,-0.177612230182,1.47886633873,0.136939242482,0.164233461022,0.817357480526,0.534978270531
-0.556781113148,-0.176886424422,1.47881102562,0.137105301023,0.16307194531,0.819427967072,0.532115995884
-0.557008385658,-0.176483541727,1.47891926765,0.136406421661,0.162577331066,0.819852590561,0.531792879105
-0.557259738445,-0.176067173481,1.47902429104,0.135885924101,0.161972716451,0.819758176804,0.53225594759
-0.557526409626,-0.175736308098,1.4791687727,0.135285779834,0.161647796631,0.819480895996,0.532934129238
-0.55773884058,-0.175393283367,1.47924697399,0.134394943714,0.161182031035,0.818811535835,0.534327626228
-0.557948410511,-0.175066828728,1.47939062119,0.133497461677,0.160514742136,0.818752229214,0.534844219685
-0.558328449726,-0.174964159727,1.47921669483,0.131790444255,0.159678950906,0.816783308983,0.53851544857
-0.558663666248,-0.174729287624,1.47956740856,0.131482288241,0.159702479839,0.816169321537,0.539513885975
-0.558960437775,-0.174104273319,1.47975718975,0.132698118687,0.15913066268,0.817642450333,0.537149488926
-0.559227824211,-0.174085661769,1.47985482216,0.130728513002,0.15855653584,0.815140783787,0.54158616066
-0.559539139271,-0.173506945372,1.47996115685,0.131587177515,0.157817989588,0.816596269608,0.539396762848
-0.559883892536,-0.173480391502,1.47980725765,0.129653707147,0.156807467341,0.814111351967,0.543897211552
-0.560333132744,-0.172753319144,1.4799888134,0.131342887878,0.155659988523,0.816270470619,0.540575265884
-0.5606585145,-0.172412499785,1.48013412952,0.130975484848,0.154638364911,0.815887451172,0.541535019875
-0.560978651047,-0.172140747309,1.48051321507,0.130795314908,0.154247626662,0.815482139587,0.542299926281
-0.561452150345,-0.172191232443,1.48073923588,0.129189893603,0.153841480613,0.812725007534,0.54691952467
-0.561690032482,-0.171855553985,1.48079907894,0.128644242883,0.152684479952,0.812722444534,0.547375977039
-0.562154829502,-0.171468406916,1.48091697693,0.128744512796,0.151863574982,0.812397658825,0.548062443733
-0.562493860722,-0.171084463596,1.48105859756,0.128530144691,0.150739043951,0.812191545963,0.548728346825
-0.562905430794,-0.170672476292,1.48118424416,0.128342285752,0.149483323097,0.812120199203,0.549221217632
-0.563310801983,-0.170267418027,1.48132276535,0.128234609962,0.148173749447,0.811760306358,0.550132393837
-0.56370049715,-0.169881463051,1.48142039776,0.127991840243,0.146883279085,0.811374306679,0.551103532314
-0.564073860645,-0.169434577227,1.48148238659,0.127464443445,0.145221307874,0.811302304268,0.551771879196
-0.564480543137,-0.169067680836,1.48160886765,0.126913309097,0.144011095166,0.811302304268,0.5522159338
-0.56481719017,-0.168706387281,1.48172032833,0.126289322972,0.142741277814,0.810753941536,0.553492724895
-0.565447330475,-0.167790576816,1.48179471493,0.127757683396,0.14099752903,0.812025427818,0.551735699177
-0.565842628479,-0.167341575027,1.48190939426,0.127317324281,0.139391109347,0.811770141125,0.552620708942
-0.566352844238,-0.167223125696,1.48201477528,0.127164617181,0.139390930533,0.810122668743,0.555068254471
-0.56655061245,-0.166710346937,1.48176836967,0.124579630792,0.136133462191,0.810882568359,0.555353164673
-0.567077219486,-0.16594171524,1.48189914227,0.125487536192,0.134661152959,0.811433315277,0.554702877998
-0.567331016064,-0.165801942348,1.48216474056,0.123719409108,0.133438661695,0.810561597347,0.556666433811
-0.567804992199,-0.165262430906,1.48201656342,0.123476840556,0.131693467498,0.810390651226,0.557384371758
-0.568373143673,-0.165098905563,1.4821035862,0.123346306384,0.1317165941,0.808655917645,0.559921741486
-0.568698823452,-0.164295732975,1.48239862919,0.122801288962,0.129026204348,0.810150027275,0.558506071568
-0.56942653656,-0.163793712854,1.48245084286,0.123500302434,0.128185793757,0.809510529041,0.559471905231
-0.569762408733,-0.163333520293,1.48252606392,0.123100250959,0.127003446221,0.809200584888,0.560277402401
-0.570384442806,-0.162555813789,1.48275709152,0.124625787139,0.125938728452,0.809697628021,0.559461891651
-0.571015954018,-0.162047743797,1.48293328285,0.124855384231,0.12510637939,0.809577167034,0.55977165699
-0.571377873421,-0.161862775683,1.48302781582,0.123701229692,0.124294482172,0.808008015156,0.562469661236
-0.571827590466,-0.161235630512,1.48320603371,0.12657803297,0.123872213066,0.812064111233,0.556044697762
-0.57225048542,-0.161461472511,1.48322439194,0.122676722705,0.122971735895,0.806620895863,0.564970016479
-0.572947442532,-0.16019718349,1.48335576057,0.127295538783,0.122103214264,0.81109213829,0.557688355446
-0.57330095768,-0.160356491804,1.48346483707,0.123476944864,0.121415965259,0.805383622646,0.566893994808
-0.573810875416,-0.159810647368,1.48354399204,0.123910047114,0.120672650635,0.804964244366,0.567553639412
-0.574367582798,-0.159140959382,1.48363411427,0.124405905604,0.119389593601,0.80507004261,0.567566454411
-0.574789226055,-0.158559978008,1.48379790783,0.124757736921,0.118732362986,0.804735422134,0.568101346493
-0.575259447098,-0.157986193895,1.48385190964,0.1247683689,0.118115186691,0.804371297359,0.568742871284
-0.575721561909,-0.157358840108,1.48397004604,0.125281244516,0.117585331202,0.804089426994,0.569138526917
-0.576173841953,-0.156701490283,1.4840285778,0.125455915928,0.11683844775,0.804005622864,0.569372177124
-0.576621413231,-0.156181424856,1.48423337936,0.125632852316,0.116807259619,0.804119110107,0.569179296494
-0.576943278313,-0.155647054315,1.48397898674,0.125188469887,0.116347700357,0.803702831268,0.569958627224
-0.577196061611,-0.155086815357,1.48431479931,0.124865598977,0.116359047592,0.803863286972,0.569800913334
-0.577731847763,-0.153642222285,1.48439896107,0.129019573331,0.115757800639,0.809478998184,0.560979485512
-0.577933728695,-0.153865098953,1.48452544212,0.124706670642,0.116235733032,0.804684817791,0.568700313568
-0.578172504902,-0.153243407607,1.48460125923,0.124450087547,0.11620555073,0.80518257618,0.568057715893
-0.578481137753,-0.15258076787,1.48468124866,0.124770849943,0.116423897445,0.805596649647,0.56735509634
-0.578708052635,-0.152026459575,1.48481428623,0.124748155475,0.116900719702,0.805702209473,0.567112147808
-0.57892292738,-0.151428610086,1.48491120338,0.124641120434,0.117288656533,0.806313574314,0.566185891628
-0.579187989235,-0.150882080197,1.48492538929,0.124523572624,0.118036352098,0.80627900362,0.566105663776
-0.579460501671,-0.15027230978,1.48507595062,0.125116243958,0.118626371026,0.807080924511,0.564706981182
-0.580047190189,-0.149091437459,1.485206604,0.127029851079,0.118914857507,0.807618677616,0.563448905945
-0.580235481262,-0.148313581944,1.48520100117,0.127155080438,0.118994049728,0.808256804943,0.56248819828
-0.580176711082,-0.1479472965,1.48523437977,0.125741377473,0.119715869427,0.809220314026,0.561266243458
-0.58039355278,-0.147409394383,1.48510634899,0.125481158495,0.120543062687,0.809543430805,0.56068110466
-0.580536603928,-0.146722793579,1.48518931866,0.125396892428,0.121124960482,0.81023812294,0.559570014477
-0.580752313137,-0.145864829421,1.48514986038,0.126285851002,0.121696159244,0.811625659466,0.557230532169
-0.580823421478,-0.145614400506,1.48502326012,0.124819278717,0.122437104583,0.811390757561,0.557740330696
-0.581372499466,-0.145510271192,1.4853451252,0.125716894865,0.125871762633,0.810351788998,0.558284401894
-0.581216394901,-0.144360184669,1.48510754108,0.12513409555,0.124485097826,0.81347233057,0.554173231125
-0.58127194643,-0.14389103651,1.48530268669,0.124420128763,0.125511109829,0.814122378826,0.553146839142
-0.581261396408,-0.143449693918,1.48570287228,0.123584285378,0.126859202981,0.814778506756,0.552059650421
-0.581203281879,-0.143228709698,1.48537552357,0.121436946094,0.127197042108,0.814492762089,0.552879452705
-0.581156849861,-0.142764687538,1.48532783985,0.120469845831,0.127634242177,0.815312683582,0.55178052187
-0.581206917763,-0.14185038209,1.48534917831,0.120895721018,0.127741992474,0.817352771759,0.548635363579
-0.580984652042,-0.141849055886,1.48535811901,0.118085987866,0.128717437387,0.81734597683,0.549029290676
-0.581063389778,-0.141483217478,1.4853297472,0.117137402296,0.129723295569,0.81826543808,0.547624409199
-0.581134796143,-0.140951946378,1.48535585403,0.116816475987,0.130272746086,0.819426059723,0.545824110508
-0.580963730812,-0.14063462615,1.48530268669,0.115341819823,0.131118655205,0.820200681686,0.544770777225
-0.580854773521,-0.140293523669,1.48529565334,0.114143416286,0.132015779614,0.82113212347,0.543401479721
-0.581025123596,-0.139609783888,1.48529171944,0.114886283875,0.132987692952,0.822974741459,0.540211141109
-0.580803513527,-0.139235347509,1.4853066206,0.113684095442,0.13355255127,0.824678599834,0.537721812725
-0.580949902534,-0.139395013452,1.48532485962,0.113032877445,0.136376827955,0.824206292629,0.53787457943
-0.580816030502,-0.138740956783,1.48540818691,0.111469246447,0.135803982615,0.82636731863,0.535022616386
-0.580605208874,-0.138417690992,1.48535299301,0.110141247511,0.136424571276,0.827995061874,0.532617628574
-0.580495357513,-0.138411387801,1.48534154892,0.108988240361,0.138750344515,0.82766443491,0.532767832279
-0.580586075783,-0.138108581305,1.48546648026,0.108324795961,0.138819426298,0.829539418221,0.529961705208
-0.580437660217,-0.137865141034,1.48521637917,0.106892377138,0.139327943325,0.830514431,0.528590083122
-0.580229997635,-0.137758269906,1.48520743847,0.106324829161,0.140947058797,0.830220639706,0.528736948967
-0.580006480217,-0.137691110373,1.48514938354,0.104383088648,0.14190235734,0.831151843071,0.527403652668
-0.579527914524,-0.138158470392,1.48514556885,0.100345462561,0.143068060279,0.83015859127,0.52943277359
-0.579674720764,-0.137698918581,1.48511397839,0.101731225848,0.144206061959,0.83237606287,0.525362312794
-0.57937091589,-0.137958437204,1.48503541946,0.0988586321473,0.145704329014,0.832010567188,0.526075780392
-0.579596877098,-0.13723424077,1.48498272896,0.100991249084,0.147116273642,0.835415303707,0.519845128059
-0.57936501503,-0.137481838465,1.48491191864,0.0999425724149,0.148685142398,0.835505545139,0.519456386566
-0.5792735219,-0.137680754066,1.48486554623,0.0990447700024,0.150796994567,0.83604413271,0.518151164055
-0.579046428204,-0.137736991048,1.48482441902,0.0982714444399,0.152462214231,0.837130129337,0.516053438187
-0.578932762146,-0.137815207243,1.48476171494,0.0979885831475,0.154284134507,0.838116466999,0.513960778713
-0.578714489937,-0.137931108475,1.48450171947,0.0970397591591,0.155550628901,0.838618159294,0.512939453125
-0.57848238945,-0.138289675117,1.48452925682,0.0958342403173,0.157297551632,0.839264512062,0.511574447155
-0.578359305859,-0.138597220182,1.48443353176,0.0954218953848,0.159566953778,0.840297400951,0.509248077869
-0.578466415405,-0.138554185629,1.48438632488,0.0973522216082,0.161437466741,0.842367112637,0.504854500294
-0.578065633774,-0.13897562027,1.48426914215,0.095743663609,0.162753686309,0.84259814024,0.504353880882
-0.577866375446,-0.139381378889,1.48430788517,0.0957423374057,0.164662644267,0.843593239784,0.502065896988
-0.577586114407,-0.139496907592,1.48410642147,0.0954795852304,0.165199041367,0.845754444599,0.498289525509
-0.577487468719,-0.139807060361,1.48411381245,0.0962776020169,0.166957452893,0.846890091896,0.4956138134
-0.577392458916,-0.140197426081,1.48416936398,0.0971054360271,0.168743118644,0.84801787138,0.492911666632
-0.57725507021,-0.140628963709,1.48417246342,0.0978229343891,0.170367389917,0.84914624691,0.490261435509
-0.577170789242,-0.141113504767,1.48407638073,0.0986053645611,0.172081038356,0.85008341074,0.487876415253
-0.577129900455,-0.141811341047,1.48390102386,0.0997636914253,0.17384044826,0.851193368435,0.485073804855
-0.577130615711,-0.142684444785,1.48467111588,0.101676590741,0.178113028407,0.851174771786,0.483155488968
-0.576923191547,-0.142882093787,1.48461139202,0.102605998516,0.178060442209,0.853309929371,0.479195892811
-0.576869606972,-0.143295168877,1.48469603062,0.104254193604,0.179321497679,0.8545768857,0.476102143526
-0.577172279358,-0.143090486526,1.48474180698,0.108687788248,0.180287033319,0.857311248779,0.469788402319
-0.577181577682,-0.143556267023,1.48489975929,0.110725365579,0.181318238378,0.858100533485,0.467469066381
-0.577000439167,-0.143890142441,1.48498785496,0.112035416067,0.181765049696,0.859607338905,0.46420353651
-0.576857566833,-0.144244715571,1.4849807024,0.113311678171,0.182073190808,0.860768258572,0.461614459753
-0.576902925968,-0.144644394517,1.4845995903,0.114868089557,0.18196503818,0.861856341362,0.459236085415
-0.576360523701,-0.144900292158,1.48450028896,0.11481320858,0.181418091059,0.863512694836,0.456345438957
-0.576517045498,-0.145309954882,1.48452997208,0.117320902646,0.18167886138,0.863978028297,0.454720407724
-0.576159417629,-0.145425200462,1.48470520973,0.118001528084,0.181109860539,0.865427851677,0.452006042004
-0.575753927231,-0.145665854216,1.4846701622,0.117934212089,0.180745795369,0.866861641407,0.449414521456
-0.575878798962,-0.14586289227,1.48473858833,0.120041713119,0.180826097727,0.867460608482,0.447665065527
-0.575644671917,-0.1459877491,1.48485267162,0.120859958231,0.180561706424,0.868672788143,0.445194274187
-0.575555443764,-0.146209985018,1.48474168777,0.121337093413,0.180268958211,0.86954408884,0.443478703499
-0.575216591358,-0.146291792393,1.48477256298,0.121516101062,0.180035799742,0.870949983597,0.44075730443
-0.575016617775,-0.14639018476,1.48467719555,0.12116856873,0.179789304733,0.871758162975,0.439353883266
-0.574932575226,-0.146483898163,1.48444998264,0.121073812246,0.17962539196,0.872792601585,0.437388777733
-0.574854314327,-0.146667122841,1.48426997662,0.120511181653,0.17972278595,0.873956203461,0.435175091028
-0.574738800526,-0.146811917424,1.4843454361,0.119876809418,0.180292576551,0.874816358089,0.433382630348
-0.574660360813,-0.146960496902,1.484151721,0.119076475501,0.180824398994,0.875729382038,0.431533843279
-0.574508428574,-0.147109851241,1.48417890072,0.117774911225,0.181468293071,0.876782357693,0.429477721453
-0.574434041977,-0.147263050079,1.48407363892,0.116403251886,0.181980192661,0.877930641174,0.427283793688
-0.574394762516,-0.147459998727,1.48397898674,0.115195892751,0.182900726795,0.878814101219,0.425397574902
-0.574335753918,-0.147607207298,1.48398756981,0.114000536501,0.184034913778,0.879909276962,0.422959566116
-0.574396133423,-0.147813275456,1.48372995853,0.112457089126,0.184831693769,0.881026506424,0.420693457127
-0.574564039707,-0.147959768772,1.48363232613,0.111628338695,0.185846149921,0.881685554981,0.419083625078
-0.574596226215,-0.148193657398,1.48332941532,0.110005915165,0.186354294419,0.882882714272,0.416760057211
-0.574477672577,-0.148512750864,1.48351824284,0.108353465796,0.187726274133,0.883765161037,0.414701789618
-0.574177742004,-0.148693740368,1.48328244686,0.105482965708,0.188101023436,0.885339200497,0.411905229092
-0.574000597,-0.149058938026,1.48358476162,0.103542812169,0.189414158463,0.88625818491,0.409814208746
-0.574001431465,-0.149273216724,1.48360526562,0.101924024522,0.190186962485,0.887306928635,0.407586663961
-0.57383531332,-0.149487107992,1.48352313042,0.100071512163,0.19062744081,0.888541817665,0.405142426491
-0.573700010777,-0.149854198098,1.48346662521,0.0981988832355,0.19134119153,0.889457464218,0.403250604868
-0.573707640171,-0.150050029159,1.48297023773,0.0968764424324,0.191351071,0.890588402748,0.401063621044
-0.573593258858,-0.150355920196,1.48278927803,0.0954427272081,0.192069411278,0.891432285309,0.399184733629
-0.5734847188,-0.150679439306,1.48267602921,0.0944443047047,0.192776575685,0.892252802849,0.397243648767
-0.573344826698,-0.150946348906,1.48255085945,0.0936177745461,0.193352416158,0.89328712225,0.394827723503
-0.573223114014,-0.151601076126,1.48258399963,0.0930712521076,0.195696845651,0.893028557301,0.394386380911
-0.573046565056,-0.151655346155,1.48251724243,0.0929063409567,0.195657938719,0.894359946251,0.391416430473
-0.572770059109,-0.152060389519,1.48268592358,0.0923479348421,0.196975886822,0.894885480404,0.389682292938
-0.572699427605,-0.152403533459,1.48260104656,0.092481456697,0.197945415974,0.895256280899,0.388305306435
-0.572468161583,-0.152665019035,1.48227906227,0.0923898592591,0.198441192508,0.895467996597,0.387585222721
