x,y,z,q0,q1,q2,q3
0.774679005146,-0.0560484007001,0.990963995457,0.0100533608347,-0.0127178542316,0.679880619049,-0.733143746853
0.7748041749,-0.0558750443161,0.990989923477,0.0098681896925,-0.0155884381384,0.681015193462,-0.732036948204
0.774983465672,-0.0555846579373,0.991007626057,0.00817211996764,-0.0143292248249,0.681766211987,-0.73138409853
0.77527487278,-0.055044285953,0.990926861763,0.00890455115587,-0.013682465069,0.6837195158,-0.729562342167
0.775402188301,-0.0548684634268,0.991017341614,0.0109618809074,-0.0113854706287,0.684411108494,-0.7289249897
0.775610148907,-0.0544796846807,0.991052091122,0.0108881723136,-0.0151688829064,0.686067938805,-0.727297902107
0.775801956654,-0.0541563518345,0.991103649139,0.00949656963348,-0.0149567518383,0.687082111835,-0.726363837719
0.776155114174,-0.0536367855966,0.99109518528,0.00877511501312,-0.0149512775242,0.688213050365,-0.72530156374
0.776208758354,-0.0533230751753,0.991247653961,0.00976303871721,-0.0111322943121,0.688996493816,-0.724613428116
0.776395499706,-0.0529394745827,0.991260826588,0.0107334069908,-0.0141800679266,0.689250171185,-0.724305212498
0.776513636112,-0.0526322722435,0.991263628006,0.010517555289,-0.0125830965117,0.691389381886,-0.72229629755
0.776767075062,-0.0520879998803,0.991136133671,0.00997487828135,-0.01278615091,0.692422807217,-0.721309661865
0.776819050312,-0.051908005029,0.991209208965,0.0111364675686,-0.0122217703611,0.692455530167,-0.721271038055
0.777039825916,-0.0515356957912,0.991194784641,0.0106546627358,-0.013159991242,0.693046927452,-0.720693707466
0.777272641659,-0.0509811900556,0.991155028343,0.00871515274048,-0.0127699375153,0.69397765398,-0.71983063221
0.777377128601,-0.0505913943052,0.991167247295,0.00879681389779,-0.0127956978977,0.694992423058,-0.718849420547
0.777489483356,-0.0502507537603,0.991201102734,0.0109344040975,-0.0132592758164,0.695953249931,-0.717881441116
0.778291046619,-0.0503856875002,0.991620659828,0.0105395549908,-0.0133295878768,0.696786522865,-0.717077314854
0.778356730938,-0.0500233024359,0.991616785526,0.00961395632476,-0.0112267825752,0.697102725506,-0.716818928719
0.778562366962,-0.0495647117496,0.991734266281,0.00887258630246,-0.0105667775497,0.698481738567,-0.715494930744
0.778588414192,-0.0492608845234,0.991757690907,0.00802834983915,-0.0105448197573,0.698913991451,-0.715082943439
0.778655409813,-0.0489397197962,0.991790771484,0.00915022194386,-0.0107929538935,0.699467539787,-0.714524269104
0.779058933258,-0.0482085645199,0.991312384605,0.00728876329958,-0.0106523521245,0.700514495373,-0.713521420956
0.778703033924,-0.0478624179959,0.991618812084,0.00794351659715,-0.0121857514605,0.700184941292,-0.71381342411
0.77823728323,-0.0470766536891,0.991356909275,0.00984692852944,-0.0153441494331,0.700224280357,-0.713690280914
0.778354585171,-0.0467241294682,0.991428434849,0.00794622581452,-0.0149126071483,0.700539648533,-0.713413476944
0.778431952,-0.0463928170502,0.99146682024,0.00930368341506,-0.0144872087985,0.701638817787,-0.712324798107
0.778444468975,-0.0462189391255,0.991423487663,0.0097828283906,-0.0145554495975,0.701947331429,-0.712012946606
0.778683722019,-0.0456287153065,0.991517841816,0.00906535889953,-0.0149507382885,0.702468156815,-0.711500525475
0.778748989105,-0.045299269259,0.991582214832,0.00881487876177,-0.0159858129919,0.702623128891,-0.711328029633
0.778741598129,-0.0450866520405,0.991610527039,0.0092511633411,-0.0164294429123,0.702861011028,-0.711077392101
0.77879679203,-0.0447836369276,0.99170345068,0.00933983922005,-0.0165769644082,0.703182220459,-0.710755228996
0.779899895191,-0.0444221831858,0.991335570812,0.00914822332561,-0.0151671329513,0.703721106052,-0.710255503654
0.780017018318,-0.0440502613783,0.991326332092,0.00802976451814,-0.0151621019468,0.703304767609,-0.710681557655
0.780045211315,-0.0437003187835,0.991317212582,0.00930490996689,-0.0156034436077,0.704018414021,-0.709949374199
0.780065476894,-0.0433784462512,0.991350114346,0.0091938842088,-0.016785947606,0.70392781496,-0.710013568401
0.780183494091,-0.0431115143001,0.991463720798,0.00751427933574,-0.0157901421189,0.703952729702,-0.710031569004
0.780340969563,-0.0428621210158,0.991540789604,0.00738678220659,-0.0156565215439,0.703801572323,-0.71018576622
0.780093669891,-0.0425025857985,0.99142152071,0.00772609375417,-0.0163983609527,0.703581094742,-0.710383832455
0.780340969563,-0.042170766741,0.991437911987,0.00886832829565,-0.0174266342074,0.703433573246,-0.71049207449
0.780471503735,-0.0418860465288,0.991478204727,0.00895170029253,-0.0173810590059,0.703326880932,-0.71059769392
0.780611753464,-0.0415981635451,0.991471230984,0.00914668757468,-0.0162483584136,0.703608930111,-0.710342824459
0.780718207359,-0.0413173884153,0.99146848917,0.00889535900205,-0.0161969531327,0.70341026783,-0.710543930531
0.780838251114,-0.0410159528255,0.991533815861,0.00767767708749,-0.0170802604407,0.702743053436,-0.711197257042
0.780773699284,-0.0408060476184,0.991515815258,0.00818833336234,-0.0162224527448,0.702788054943,-0.711167156696
0.780818641186,-0.0405560433865,0.99150210619,0.00892748404294,-0.0175413265824,0.702179014683,-0.711728334427
0.781467974186,-0.040674418211,0.9918653965,0.00891211442649,-0.0148510765284,0.702529072762,-0.71144425869
0.780847966671,-0.0400707013905,0.991472303867,0.00921838730574,-0.0178129021078,0.701453387737,-0.712433159351
0.780759871006,-0.0398157462478,0.991533041,0.00936408992857,-0.0181461237371,0.70096796751,-0.712900400162
0.78088760376,-0.0396002903581,0.991554498672,0.00965945981443,-0.0168794430792,0.700646936893,-0.713243126869
0.780864715576,-0.0393534973264,0.991572499275,0.0100885778666,-0.0171511545777,0.699929654598,-0.713934600353
0.78091275692,-0.0391962304711,0.991550564766,0.0106031876057,-0.0174119547009,0.699526011944,-0.714316487312
0.780869364738,-0.0389431677759,0.991492092609,0.010558645241,-0.0175642669201,0.698973298073,-0.714854180813
0.781684160233,-0.0390629805624,0.991890251637,0.00949106737971,-0.0152330677956,0.699175834656,-0.71472454071
0.780972898006,-0.0385339930654,0.991538703442,0.0102914050221,-0.0172468814999,0.69827401638,-0.715548753738
0.781726181507,-0.0386175140738,0.991900205612,0.00914237834513,-0.0162334572524,0.697937846184,-0.715915977955
0.781726181507,-0.0384681522846,0.991913199425,0.00909671280533,-0.016187146306,0.697361052036,-0.716479599476
0.781722724438,-0.0383056886494,0.991922259331,0.00866451300681,-0.015558116138,0.696783006191,-0.717060863972
0.781654477119,-0.0382312834263,0.991932153702,0.00923529081047,-0.0146611891687,0.696400225163,-0.717444360256
0.781924128532,-0.0381014943123,0.992003977299,0.00865640025586,-0.0141139524058,0.695851624012,-0.717994868755
0.781232118607,-0.0375394895673,0.991800963879,0.00914512015879,-0.0161941945553,0.694753885269,-0.719007074833
0.78123831749,-0.0372876562178,0.991805613041,0.00909761525691,-0.0159425027668,0.694168865681,-0.719578206539
0.781151115894,-0.0371382273734,0.991698265076,0.00923603773117,-0.0161572061479,0.693570971489,-0.720147967339
0.781034946442,-0.0371069982648,0.991688013077,0.00981208309531,-0.0174454171211,0.692999064922,-0.720660686493
0.779006958008,-0.0374065637589,0.992313086987,0.013967464678,-0.0201486628503,0.690818309784,-0.722612798214
0.77892357111,-0.0373058542609,0.992301940918,0.0132724484429,-0.018858473748,0.690188646317,-0.723262071609
0.778996109962,-0.0371983796358,0.992265641689,0.0132971163839,-0.0188878905028,0.689623177052,-0.723800003529
0.778863132,-0.037062138319,0.992257773876,0.0133729055524,-0.0191731564701,0.689122319221,-0.72426789999
0.778794825077,-0.0369811058044,0.992271542549,0.0134628619999,-0.0193421468139,0.688570141792,-0.724786758423
0.780732095242,-0.0365237444639,0.991680383682,0.00923563633114,-0.0158033818007,0.689239025116,-0.724302828312
0.780604243279,-0.0364236272871,0.991703689098,0.00926106050611,-0.0171857234091,0.688233852386,-0.725226283073
0.780515730381,-0.0363762974739,0.991696238518,0.00989059638232,-0.0168881379068,0.686466991901,-0.726897597313
0.780392110348,-0.0363330617547,0.991697609425,0.00999374873936,-0.0170461535454,0.686036109924,-0.727299153805
0.78030192852,-0.0362476557493,0.991714179516,0.0118899997324,-0.017030371353,0.687014639378,-0.726346671581
0.78020709753,-0.0361928604543,0.99169999361,0.0118343699723,-0.0171859189868,0.68697565794,-0.726380884647
0.780145704746,-0.0361827388406,0.99180150032,0.0118957748637,-0.0170071292669,0.686695218086,-0.726649045944
0.780070483685,-0.0361539721489,0.991800010204,0.012116859667,-0.0172167476267,0.686211168766,-0.727097809315
0.779912948608,-0.0361008495092,0.99179238081,0.0119117973372,-0.0187032297254,0.684566676617,-0.72861289978
0.779815971851,-0.0360720530152,0.991783976555,0.0131664955989,-0.0187183581293,0.684443771839,-0.728706419468
0.77970290184,-0.0360557511449,0.991775393486,0.013228205964,-0.0188693366945,0.684525966644,-0.728624224663
0.779642224312,-0.0360247679055,0.991759300232,0.0133539922535,-0.0188071206212,0.684077441692,-0.729044675827
0.779445111752,-0.035963408649,0.991761744022,0.0136086978018,-0.0192028358579,0.683644711971,-0.729435384274
0.77935987711,-0.0359525196254,0.991756498814,0.0135061107576,-0.0192358475178,0.683185577393,-0.729866564274
0.779314279556,-0.0359633713961,0.991709768772,0.0134497098625,-0.0191134735942,0.682682156563,-0.730341613293
0.77912992239,-0.0359297506511,0.991690516472,0.0119715891778,-0.0180540736765,0.682327747345,-0.730725347996
0.779022037983,-0.035928953439,0.991702258587,0.0120664313436,-0.0181284993887,0.68193513155,-0.731088399887
0.778935015202,-0.0359363816679,0.991692245007,0.0123190954328,-0.0178216211498,0.681103467941,-0.731866598129
0.778808414936,-0.0359729230404,0.99171179533,0.0125484913588,-0.0178911369294,0.680766224861,-0.732174754143
0.778688907623,-0.0360324718058,0.99173104763,0.0120585039258,-0.0204849708825,0.681290030479,-0.731627643108
0.778554141521,-0.036101154983,0.991724967957,0.0125056440011,-0.0205195210874,0.681023180485,-0.731867611408
0.778402149677,-0.0361176133156,0.991625010967,0.0127449734136,-0.0171475093812,0.680293083191,-0.732628822327
0.778372645378,-0.0361631959677,0.991727948189,0.0126594817266,-0.0204688403755,0.680419147015,-0.732427895069
0.778267502785,-0.0361916013062,0.991730511189,0.0127168791369,-0.0205792076886,0.680182814598,-0.732643246651
0.778134167194,-0.0362135842443,0.991619884968,0.0127947507426,-0.0207383204252,0.679908394814,-0.732892155647
0.778055012226,-0.0362535789609,0.99162197113,0.0129300281405,-0.0204152874649,0.679183542728,-0.733570575714
0.77797293663,-0.0362916588783,0.991615772247,0.0128843672574,-0.0208083856851,0.679548978806,-0.733221769333
0.777881622314,-0.0363356955349,0.991616249084,0.0131065780297,-0.02048513107,0.678806364536,-0.733914494514
0.777812421322,-0.0363704971969,0.991616308689,0.0135106835514,-0.0180794894695,0.678455770016,-0.734294474125
0.777726471424,-0.0364205129445,0.991613984108,0.013775119558,-0.0182962547988,0.678449928761,-0.734289586544
0.777653753757,-0.0364631488919,0.991617918015,0.0136024607345,-0.0182240381837,0.678233504295,-0.734494686127
0.777564227581,-0.0365272425115,0.991610825062,0.0136264208704,-0.0187890511006,0.678425133228,-0.73430287838
0.777487516403,-0.0365706197917,0.991613447666,0.0136290518567,-0.0188874881715,0.678366661072,-0.734354376793
0.7773630023,-0.0366411246359,0.991610765457,0.0138201871887,-0.0190776437521,0.678333997726,-0.734376072884
0.777294635773,-0.0366951301694,0.991606473923,0.0132554573938,-0.0211683679372,0.678659915924,-0.734027922153
0.777209997177,-0.0367507822812,0.991616785526,0.0135349873453,-0.0209638681263,0.678134143353,-0.734514534473
0.777142107487,-0.0368028506637,0.991616904736,0.0136026311666,-0.0211210437119,0.678095877171,-0.734544038773
0.777077376842,-0.0368669256568,0.991617321968,0.0135462731123,-0.0212368313223,0.678125977516,-0.734513998032
0.776990532875,-0.0369424521923,0.991631507874,0.0139017896727,-0.018028723076,0.677733719349,-0.734954953194
0.776916623116,-0.0370036736131,0.991631507874,0.0151706114411,-0.0227375328541,0.678097248077,-0.734463810921
0.776863157749,-0.0370714478195,0.991634070873,0.0136462179944,-0.0217005200684,0.678141236305,-0.734484374523
0.776790440083,-0.037140276283,0.991643309593,0.01355495397,-0.0221852492541,0.678628802299,-0.734021127224
0.776733934879,-0.0372147299349,0.991646647453,0.0137002272531,-0.0223598629236,0.678537547588,-0.734097540379
0.776625335217,-0.0373039357364,0.991681337357,0.0141720017418,-0.0224883574992,0.678637385368,-0.733992397785
0.776539742947,-0.0374036021531,0.991700768471,0.0141630060971,-0.022554975003,0.678773224354,-0.733864963055
0.776478409767,-0.0374918952584,0.99171847105,0.0139919323847,-0.0226569324732,0.678759276867,-0.733877956867
0.776368737221,-0.0375849492848,0.991727352142,0.0143159534782,-0.0228447541595,0.678813993931,-0.733815252781
0.776379048824,-0.0377142690122,0.991830945015,0.0142991244793,-0.0228055305779,0.678920149803,-0.733718574047
0.776253581047,-0.0378168076277,0.991750240326,0.0156836677343,-0.0242361165583,0.678839027882,-0.733719408512
0.776194691658,-0.0379292853177,0.991765022278,0.0157949049026,-0.0243968628347,0.67880231142,-0.73374569416
0.776218175888,-0.0380510948598,0.991857290268,0.0159767158329,-0.0239939223975,0.678333163261,-0.73418879509
0.776172876358,-0.0381562039256,0.991851568222,0.0161479208618,-0.0205333195627,0.678007006645,-0.734591245651
0.776129245758,-0.0382684320211,0.991844534874,0.0144761977717,-0.0197579450905,0.678679466248,-0.734026074409
0.776172578335,-0.0382965244353,0.991851866245,0.0161756426096,-0.0224111266434,0.678662478924,-0.733930170536
0.776071190834,-0.0385173484683,0.991793572903,0.0159546174109,-0.0245017148554,0.679120600224,-0.733444273472
0.776048898697,-0.0386409722269,0.991761505604,0.0158375166357,-0.0245431456715,0.679233014584,-0.733341276646
0.776064395905,-0.0387708954513,0.991700708866,0.0160485897213,-0.0244738049805,0.67918908596,-0.733379602432
0.776046812534,-0.0388822481036,0.991671442986,0.0158404670656,-0.0255156252533,0.679259538651,-0.733283400536
0.77606844902,-0.0390040427446,0.991657137871,0.0159839875996,-0.0251013375819,0.678820610046,-0.733701050282
0.776074886322,-0.0391363799572,0.991628646851,0.0158772729337,-0.0249519664794,0.67888122797,-0.733652293682
0.775993525982,-0.0393070578575,0.991626441479,0.0161249190569,-0.0225331038237,0.678524196148,-0.734055399895
0.776006340981,-0.0394371338189,0.991611123085,0.0139546310529,-0.0214844960719,0.679123461246,-0.733576893806
0.775989174843,-0.0395688079298,0.991486907005,0.0141199743375,-0.020521402359,0.679279506207,-0.733456850052
0.776002764702,-0.0397194698453,0.991484642029,0.0139190908521,-0.0203496273607,0.679328978062,-0.733419716358
0.776020288467,-0.0398604162037,0.991486132145,0.0138221587986,-0.0203383974731,0.679509043694,-0.73325496912
0.776050508022,-0.0400281660259,0.991520524025,0.0139607321471,-0.0203116629273,0.679583907127,-0.73318362236
0.776062726974,-0.0401774905622,0.991521775723,0.0135145634413,-0.0201059579849,0.679466247559,-0.733306705952
0.776096642017,-0.0403455421329,0.991566300392,0.0132277021185,-0.0199022814631,0.679494440556,-0.733291387558
0.776043355465,-0.0405189953744,0.991574108601,0.0125696687028,-0.0206277519464,0.679428219795,-0.733344376087
0.776033699512,-0.0406867042184,0.991576731205,0.0147533044219,-0.0210315529257,0.679496765137,-0.733228743076
0.775981068611,-0.0408921465278,0.991592168808,0.0143269272521,-0.0206216871738,0.679511725903,-0.733234941959
0.77600890398,-0.0410923697054,0.991563916206,0.0130825601518,-0.0200834199786,0.678573727608,-0.734141230583
0.77586877346,-0.0412692800164,0.991464555264,0.0134057626128,-0.020009053871,0.67853140831,-0.734176456928
0.775866031647,-0.041465446353,0.991444408894,0.0138588799164,-0.019724112004,0.678769946098,-0.733955264091
0.775968909264,-0.0416785180569,0.991369724274,0.0126496367157,-0.0192258004099,0.678479075432,-0.734259307384
0.776091575623,-0.0418753102422,0.991436958313,0.0116929076612,-0.0184659510851,0.679275929928,-0.733557522297
0.77604919672,-0.0420600175858,0.991442501545,0.0103395180777,-0.021316587925,0.679411768913,-0.733374595642
0.776058971882,-0.0422399267554,0.991429924965,0.0109788160771,-0.0202501323074,0.679495096207,-0.733318388462
0.776026785374,-0.0424206219614,0.99140638113,0.0113926967606,-0.0180374756455,0.679004728794,-0.733823955059
0.775970637798,-0.0426059402525,0.991399943829,0.0111863799393,-0.0178351961076,0.678706943989,-0.73410731554
0.775822103024,-0.0428218692541,0.991359591484,0.0124787790701,-0.018941020593,0.678455770016,-0.734291195869
0.775704920292,-0.0430265218019,0.991356253624,0.0125777544454,-0.0190665628761,0.678257703781,-0.734468996525
0.775608360767,-0.0432480946183,0.991346776485,0.0120520051569,-0.0190078578889,0.676987171173,-0.735650599003
0.775505721569,-0.0434539318085,0.991331100464,0.0119433226064,-0.0197507124394,0.677791178226,-0.734892129898
0.775447368622,-0.0436855219305,0.991320252419,0.0115459039807,-0.0173874646425,0.677980422974,-0.734783768654
0.775390625,-0.0439273826778,0.991328716278,0.0104228397831,-0.0162608791143,0.677781105042,-0.73501008749
0.775351285934,-0.0441400110722,0.991282463074,0.0104032838717,-0.0161004401743,0.677528917789,-0.735246360302
0.77528232336,-0.0443586334586,0.991284072399,0.01042443607,-0.0160078722984,0.677263081074,-0.735493004322
0.775145769119,-0.0446052066982,0.991418123245,0.010648210533,-0.0159860793501,0.676933526993,-0.73579365015
0.775104165077,-0.0447543039918,0.991433739662,0.0119518218562,-0.0173101313412,0.676527559757,-0.736117005348
0.775038719177,-0.0449725612998,0.991430819035,0.012643574737,-0.0185920074582,0.676057219505,-0.736506044865
0.774942338467,-0.0452158078551,0.991448879242,0.0113905481994,-0.0172732695937,0.675835430622,-0.736762225628
0.774897813797,-0.0454666055739,0.991475045681,0.011447831057,-0.0172171201557,0.675547599792,-0.737026453018
0.774845182896,-0.0457136631012,0.991468906403,0.0116266291589,-0.0173000264913,0.675222039223,-0.737320065498
0.774726212025,-0.0459508672357,0.991515517235,0.011908819899,-0.0174654573202,0.674819648266,-0.737679958344
0.774497687817,-0.0463122017682,0.991539299488,0.0127678103745,-0.017553659156,0.674391686916,-0.738054692745
0.774435222149,-0.0465849153697,0.991522610188,0.0129911284894,-0.018490569666,0.673146784306,-0.739163577557
0.774413645267,-0.0468309856951,0.991483926773,0.0134009113535,-0.0205245148391,0.674038946629,-0.738289058208
0.774305343628,-0.0470769107342,0.991439461708,0.0134468087927,-0.0205411668867,0.673741340637,-0.738559424877
0.774313747883,-0.0472664423287,0.991423726082,0.0133612761274,-0.0206835921854,0.673175573349,-0.739072680473
0.774224340916,-0.0475352928042,0.991422533989,0.0137183917686,-0.0207728911191,0.672914147377,-0.739301562309
0.77409696579,-0.0478403419256,0.991475582123,0.0138534223661,-0.0207996014506,0.672395944595,-0.739769697189
0.773940205574,-0.0480847805738,0.99119925499,0.0142920929939,-0.0176621731371,0.671709299088,-0.740466415882
0.773769319057,-0.0483926869929,0.991168141365,0.0149196432903,-0.0187673736364,0.671272754669,-0.740822613239
0.773778736591,-0.0486363954842,0.991118371487,0.0150321014225,-0.0188496615738,0.670788943768,-0.741256356239
0.773726522923,-0.0488660559058,0.991097867489,0.0149621693417,-0.0188197251409,0.670379638672,-0.74162876606
0.773592054844,-0.0491068921983,0.991141140461,0.0136788403615,-0.0176794305444,0.670044124126,-0.741984724998
0.773761093616,-0.0494346655905,0.991170763969,0.0146961826831,-0.0193557403982,0.669810831547,-0.742134034634
0.773709595203,-0.0497233606875,0.991143286228,0.0153376581147,-0.018347421661,0.669313132763,-0.742595553398
0.773683547974,-0.0499910227954,0.991114795208,0.013992623426,-0.0171990804374,0.668953597546,-0.742973506451
0.773715734482,-0.0502534322441,0.991116046906,0.0153832063079,-0.0181297343224,0.668503880501,-0.74332857132
0.773714125156,-0.0505097694695,0.99112033844,0.0153457047418,-0.0182485505939,0.668013334274,-0.743767261505
0.773693442345,-0.0507623553276,0.991105496883,0.0154566513374,-0.0181877072901,0.66757774353,-0.744157493114
0.773641467094,-0.05103944242,0.991121947765,0.0142680574208,-0.0186553616077,0.666096031666,-0.745496153831
0.773613274097,-0.051334451884,0.991126775742,0.0143795851618,-0.0185526106507,0.665611505508,-0.745929181576
0.773667752743,-0.0516220107675,0.991072416306,0.0142595218495,-0.0163585413247,0.665164768696,-0.746381223202
0.773677706718,-0.0519322305918,0.990994215012,0.0134407589212,-0.0151076614857,0.665429711342,-0.746186673641
0.773673474789,-0.0521699115634,0.990979194641,0.0132282236591,-0.0185510963202,0.665288031101,-0.746239125729
0.773610174656,-0.0524176470935,0.990964412689,0.0146716320887,-0.0198263693601,0.664574384689,-0.746814966202
0.773569881916,-0.0526713095605,0.990964531898,0.0145616568625,-0.019840599969,0.664070367813,-0.747265040874
0.773376703262,-0.0529098585248,0.990889191628,0.01467613969,-0.0194049291313,0.662298500538,-0.748844981194
0.773997843266,-0.0531966052949,0.990603506565,0.0117884250358,-0.0168246161193,0.662182509899,-0.749061048031
0.773943185806,-0.0534691810608,0.990594983101,0.0121334725991,-0.0169660877436,0.662157297134,-0.749074459076
0.773806273937,-0.0537487827241,0.990603864193,0.0125561133027,-0.0170966070145,0.661447107792,-0.749691724777
0.773684740067,-0.054007511586,0.99064707756,0.0109275458381,-0.0165525954217,0.661109030247,-0.75002771616
0.773626804352,-0.0542418882251,0.990656912327,0.0128566026688,-0.0194675885141,0.660272419453,-0.750663757324
0.773484349251,-0.0545184575021,0.990718841553,0.0126707162708,-0.019560681656,0.659655869007,-0.75120639801
0.773397922516,-0.0547801740468,0.990739405155,0.0129192499444,-0.0185744892806,0.65912348032,-0.751694381237
0.773286819458,-0.0550802275538,0.990751743317,0.0129580264911,-0.0185968577862,0.658555805683,-0.752190470695
0.773155391216,-0.0553555227816,0.990782260895,0.0128873866051,-0.018590701744,0.657990515232,-0.75268638134
0.77303570509,-0.0556099303067,0.990795731544,0.0125876124948,-0.0180375743657,0.657405436039,-0.753216087818
0.77292662859,-0.0558684766293,0.990776836872,0.0114945331588,-0.0169882047921,0.657129228115,-0.753498911858
0.772824406624,-0.0561402998865,0.990784406662,0.0122640794143,-0.0180143713951,0.655985593796,-0.754458844662
0.772674679756,-0.0564069151878,0.990765452385,0.0118084037676,-0.0146751524881,0.65413826704,-0.756140530109
0.772517561913,-0.0566880851984,0.990737915039,0.0115569066256,-0.0147413183004,0.653452336788,-0.756735980511
0.772372961044,-0.0570028834045,0.990740180016,0.0118408240378,-0.0150307118893,0.652814388275,-0.757276296616
0.772212445736,-0.057293433696,0.990727782249,0.0107143893838,-0.0137983942404,0.652301430702,-0.757758378983
0.772102594376,-0.0575782321393,0.99074614048,0.0122897773981,-0.0152091728523,0.651640832424,-0.75827562809
0.771957099438,-0.0578899607062,0.990689575672,0.0123556461185,-0.015123333782,0.650964677334,-0.758856773376
0.77180659771,-0.0582152344286,0.990683853626,0.0123261269182,-0.0149913532659,0.650442540646,-0.7593075037
0.771668076515,-0.0584919676185,0.99068570137,0.0124087985605,-0.0150794265792,0.649857163429,-0.759805560112
0.771534085274,-0.0587786957622,0.990698635578,0.0125585636124,-0.0151380822062,0.649324715137,-0.760256946087
0.77141135931,-0.0590541437268,0.990713059902,0.0115982824937,-0.0148557834327,0.64859354496,-0.76090157032
0.771161317825,-0.0593890808523,0.990750610828,0.0123132010922,-0.0150740984827,0.648087203503,-0.761317431927
0.771018147469,-0.059689745307,0.990760326385,0.012015029788,-0.0149441566318,0.647399306297,-0.761909723282
0.770902454853,-0.0599830411375,0.990756869316,0.0133339799941,-0.0155484024435,0.646900713444,-0.762299060822
0.770762324333,-0.0602881275117,0.990747153759,0.0138078518212,-0.0156324952841,0.646455526352,-0.762666463852
0.770646572113,-0.0605947934091,0.990725636482,0.0135485986248,-0.0156788788736,0.645653665066,-0.763349175453
0.770541250706,-0.060908190906,0.990701556206,0.0138311842456,-0.016798723489,0.64524936676,-0.763662099838
0.770417571068,-0.0612624622881,0.990658462048,0.0155398771167,-0.0156845375896,0.645250856876,-0.76365172863
0.770296752453,-0.0615823753178,0.990646958351,0.0157952159643,-0.0155265536159,0.644751191139,-0.764071643353
0.7702023983,-0.0618775933981,0.990650355816,0.015844207257,-0.0154865058139,0.644443273544,-0.764331161976
0.770126223564,-0.0621915310621,0.990649819374,0.0160124059767,-0.0154821369797,0.643983900547,-0.76471477747
0.770073831081,-0.0625374391675,0.990660905838,0.0164990760386,-0.015416267328,0.643387079239,-0.765208005905
0.770012974739,-0.062840372324,0.990650832653,0.0167760234326,-0.0155491800979,0.642871618271,-0.765632450581
0.769944250584,-0.063156068325,0.990654587746,0.0168910250068,-0.0153344040737,0.64245980978,-0.765979766846
0.769840836525,-0.0634912922978,0.990647792816,0.0169061608613,-0.0153069635853,0.641949415207,-0.766407847404
0.769776582718,-0.0637707933784,0.990636527538,0.0169671308249,-0.0152531238273,0.64145898819,-0.766817986965
0.769707560539,-0.0640585422516,0.990615487099,0.0169977080077,-0.0152308372781,0.641154229641,-0.767072618008
0.769663572311,-0.0644068270922,0.990613281727,0.01704454422,-0.014975335449,0.64076089859,-0.767405152321
0.769583702087,-0.0647205412388,0.990559637547,0.0168468765914,-0.0148073509336,0.640269458294,-0.767822861671
0.769555270672,-0.0650028660893,0.990522027016,0.0169293656945,-0.0147415362298,0.639816880226,-0.768199503422
0.769526064396,-0.0652895495296,0.990453362465,0.0165339633822,-0.0143304904923,0.639311015606,-0.76863694191
0.769456505775,-0.0656065493822,0.990428209305,0.0165842287242,-0.0142056886107,0.638917565346,-0.768965244293
0.769397437572,-0.0659097805619,0.990421235561,0.0149839157239,-0.0139274680987,0.638461351395,-0.769382059574
0.769361376762,-0.0662551373243,0.990429639816,0.0164654310793,-0.0140356924385,0.638029634953,-0.769707798958
0.769342660904,-0.0665650516748,0.990412294865,0.016229134053,-0.0136810950935,0.637602627277,-0.770073056221
0.769323885441,-0.0668525919318,0.990426540375,0.0152606200427,-0.0124346772209,0.637524843216,-0.770178258419
0.769281446934,-0.0671340599656,0.990433692932,0.0159147195518,-0.0135475844145,0.637070834637,-0.770521938801
0.769238233566,-0.0674704611301,0.990387678146,0.0150198154151,-0.0129545684904,0.636592507362,-0.770945310593
0.769161760807,-0.0677875727415,0.990400493145,0.0155963608995,-0.013074953109,0.63613396883,-0.771310210228
0.769039213657,-0.068146429956,0.990393280983,0.0152769908309,-0.0129072647542,0.635729134083,-0.771653175354
0.768951654434,-0.0684396997094,0.990399956703,0.0148721849546,-0.0126723591238,0.635479092598,-0.771870791912
0.768883466721,-0.0687832310796,0.990435481071,0.0146863032132,-0.012335752137,0.635169267654,-0.772134840488
0.768800675869,-0.0690918639302,0.990439355373,0.0145623283461,-0.0121269216761,0.634913444519,-0.772350847721
0.768029630184,-0.0689078345895,0.989960670471,0.0145562607795,-0.0141374012455,0.634725451469,-0.772471308708
0.768522262573,-0.0696820244193,0.990386128426,0.0142220994458,-0.0121935121715,0.634590625763,-0.772621393204
0.768371045589,-0.0699813216925,0.990373313427,0.0144583759829,-0.012607332319,0.633996784687,-0.773097753525
0.768171608448,-0.0703014656901,0.990399539471,0.0144255068153,-0.0127458646894,0.6337043643,-0.773335754871
0.768038392067,-0.0706003308296,0.990387439728,0.013885455206,-0.0126415556297,0.63350045681,-0.773514449596
0.767896533012,-0.0709222182631,0.990362048149,0.0137203037739,-0.0135156521574,0.633488237858,-0.773512661457
0.768225491047,-0.071376375854,0.990354955196,0.0136888073757,-0.0121320793405,0.63336789608,-0.773634672165
0.767968118191,-0.0716731101274,0.99029648304,0.0130110951141,-0.0100969802588,0.633450806141,-0.773607730865
0.76781719923,-0.0719774067402,0.990253686905,0.0128669403493,-0.0101314010099,0.633339941502,-0.773700416088
0.767598807812,-0.0723352879286,0.990287542343,0.0140606546775,-0.0112253800035,0.633063793182,-0.773890554905
0.767052710056,-0.0726185813546,0.990171551704,0.0137702245265,-0.0121601158753,0.632811069489,-0.774088323116
0.766863465309,-0.0729206651449,0.990150153637,0.0138821704313,-0.0122977057472,0.632676482201,-0.774194121361
0.766661465168,-0.0732648298144,0.990141451359,0.0132775241509,-0.0120070436969,0.632735848427,-0.77416074276
0.766531825066,-0.0735901966691,0.990136384964,0.0139940232038,-0.0126329334453,0.6325340271,-0.774303138256
0.766371965408,-0.0739027634263,0.990093827248,0.0133442543447,-0.0125616956502,0.631951272488,-0.774791479111
0.766551494598,-0.0743631869555,0.99010270834,0.0119597427547,-0.0100465994328,0.632894456387,-0.774080574512
0.76627188921,-0.074728243053,0.990098714828,0.0131478616968,-0.0105650909245,0.632736623287,-0.774183452129
0.76600664854,-0.0750455707312,0.990102469921,0.01378937345,-0.010673857294,0.632681131363,-0.77421605587
0.765505492687,-0.0753008127213,0.990018367767,0.0154961198568,-0.0128569453955,0.632532298565,-0.77427226305
0.765301883221,-0.0756835788488,0.989983379841,0.0158725492656,-0.0128087634221,0.632582187653,-0.774224638939
0.765089452267,-0.0760387852788,0.98993742466,0.0162186957896,-0.0127369333059,0.632653355598,-0.774160504341
0.76492190361,-0.0764045864344,0.989929080009,0.016118824482,-0.0125231463462,0.632749736309,-0.774087250233
0.764677464962,-0.0767703801394,0.989868044853,0.0157757177949,-0.0127461571246,0.632933497429,-0.773940563202
0.764499843121,-0.0770866051316,0.989834904671,0.0156023856252,-0.0137751419097,0.632921159267,-0.773936510086
0.76425921917,-0.0774695798755,0.9898416996,0.0159404780716,-0.0143497940153,0.633661985397,-0.773312747478
0.763741791248,-0.077481508255,0.989571452141,0.015941767022,-0.0155007811263,0.633651018143,-0.773299455643
0.763250410557,-0.0777618959546,0.989338755608,0.0164991021156,-0.0161793231964,0.633504807949,-0.773393630981
0.76366341114,-0.0785271376371,0.989767491817,0.016543071717,-0.0142589565367,0.633725404739,-0.773249804974
0.76398897171,-0.0789717584848,0.989819526672,0.0169350467622,-0.0122595559806,0.634045481682,-0.773013055325
0.763744056225,-0.079303175211,0.989714801311,0.017081592232,-0.0122496569529,0.634293675423,-0.772806406021
0.763619184494,-0.0796989053488,0.989664793015,0.0172557476908,-0.0120819034055,0.63440489769,-0.772713899612
0.763473927975,-0.0800159499049,0.98961275816,0.0169223695993,-0.0117896609008,0.634362220764,-0.772760868073
0.763256490231,-0.0804112628102,0.989575624466,0.0174579974264,-0.0118761723861,0.634469926357,-0.772659122944
0.763042986393,-0.0807405114174,0.989551305771,0.0159598197788,-0.0115864910185,0.633421361446,-0.773555755615
0.762877821922,-0.0810421854258,0.989495337009,0.0159479174763,-0.011534133926,0.633459687233,-0.773525357246
0.762709856033,-0.0813422054052,0.989350676537,0.0167756490409,-0.0117049254477,0.634095907211,-0.772983849049
0.762610018253,-0.0816656127572,0.989287912846,0.0166544467211,-0.011399214156,0.634121000767,-0.772970497608
0.762443780899,-0.0819793716073,0.989237725735,0.0168526116759,-0.0110826613382,0.634682834148,-0.772509455681
0.762288570404,-0.0823018029332,0.989180743694,0.0174662973732,-0.0109601495788,0.634550094604,-0.772606611252
0.762100756168,-0.0826264768839,0.989114403725,0.0158013831824,-0.0103434072807,0.633250117302,-0.773716807365
0.761511623859,-0.0828214660287,0.988994538784,0.0173903815448,-0.012247546576,0.634307920933,-0.772787928581
0.761301100254,-0.083078995347,0.988901615143,0.0178244952112,-0.0119919702411,0.634042263031,-0.772999942303
0.761083126068,-0.0833454355597,0.988843917847,0.0158881135285,-0.0107208574191,0.634141087532,-0.772979795933
0.76083034277,-0.0835887417197,0.98880392313,0.0170210115612,-0.0114579992369,0.633940219879,-0.773109793663
0.760615825653,-0.0838469341397,0.988766372204,0.0173595547676,-0.0112928468734,0.6339392066,-0.773105680943
0.760870873928,-0.0841882973909,0.988850176334,0.0154029522091,-0.00962522812188,0.632767856121,-0.774128556252
0.760645210743,-0.0844423770905,0.988827168941,0.0164627488703,-0.00983691681176,0.633550107479,-0.773464024067
0.760313093662,-0.0847406685352,0.988703072071,0.0164249837399,-0.00968920439482,0.633327007294,-0.773649334908
0.759961783886,-0.0850971266627,0.988710522652,0.0168544687331,-0.00950447190553,0.633157551289,-0.773781120777
0.759051382542,-0.0848944336176,0.988274991512,0.0169157013297,-0.0113893374801,0.632651090622,-0.774168431759
0.759350776672,-0.0856056958437,0.988640666008,0.0168831720948,-0.00934175867587,0.632452845573,-0.774358510971
0.75899630785,-0.0858145654202,0.9886302948,0.0171599704772,-0.00957352574915,0.632127165794,-0.774615526199
0.758741855621,-0.0860425159335,0.988627135754,0.0150429224595,-0.00982256233692,0.630515813828,-0.775968492031
0.758451998234,-0.0862372815609,0.988613247871,0.0170292668045,-0.00916273891926,0.63140463829,-0.775212407112
0.757537782192,-0.0860114991665,0.988275766373,0.0169207695872,-0.0109945461154,0.630957603455,-0.775554895401
0.757114112377,-0.0862396284938,0.988237857819,0.015344706364,-0.0105919567868,0.629339694977,-0.77690666914
0.75690561533,-0.0867842063308,0.988469779491,0.0159634482116,-0.00954542122781,0.628711283207,-0.777416408062
0.756948173046,-0.0870535522699,0.988598942757,0.0155602870509,-0.00870088674128,0.628361403942,-0.777717292309
0.756600618362,-0.0872755125165,0.988592803478,0.0160539261997,-0.0086274491623,0.627542734146,-0.77836894989
0.756201326847,-0.0874686315656,0.988543212414,0.0146729014814,-0.00723318615928,0.626953184605,-0.778885185719
0.755819320679,-0.0876287743449,0.988549530506,0.0162701867521,-0.00857077445835,0.626139998436,-0.779493749142
0.755489170551,-0.0877653285861,0.988392472267,0.0162268541753,-0.00853683799505,0.625510036945,-0.780000805855
0.755162656307,-0.0878840386868,0.988339304924,0.016117349267,-0.00823154114187,0.624861240387,-0.780526101589
0.754760622978,-0.0880472511053,0.988321065903,0.0166578367352,-0.00840642303228,0.623937368393,-0.781251549721
0.754410028458,-0.0881623327732,0.988296568394,0.0167880486697,-0.00834856647998,0.623188614845,-0.781846821308
0.754061341286,-0.0883005261421,0.988279461861,0.0164019614458,-0.0092842746526,0.622324287891,-0.782532513142
0.753380775452,-0.088070012629,0.988112390041,0.0155391171575,-0.00830042827874,0.621679842472,-0.783073365688
0.753353536129,-0.0885885506868,0.988363027573,0.0169229693711,-0.00923531409353,0.62078922987,-0.783740460873
0.752464294434,-0.0882344394922,0.987899422646,0.015845419839,-0.00920556951314,0.620025455952,-0.784367740154
0.752677023411,-0.0887280777097,0.988166749477,0.0168964080513,-0.0079999724403,0.61901652813,-0.78515547514
0.752368867397,-0.0887728333473,0.988116681576,0.0169514138252,-0.00796044711024,0.61819255352,-0.785803616047
0.752069652081,-0.088844075799,0.988086938858,0.0167651958764,-0.00765939569101,0.617130041122,-0.78664535284
0.75176680088,-0.0889211520553,0.988049268723,0.0178636331111,-0.00774077791721,0.616298735142,-0.787271857262
0.751524031162,-0.0889842584729,0.988028466702,0.0179525855929,-0.00749416137114,0.615455031395,-0.787931919098
0.751255631447,-0.0890092328191,0.988013863564,0.0146270738915,-0.00616822578013,0.614263951778,-0.788941025734
0.750993192196,-0.0890310481191,0.987882196903,0.0164559967816,-0.00722060166299,0.613430380821,-0.789544343948
0.750930905342,-0.0890223160386,0.987905144691,0.0171214081347,-0.00698968116194,0.612682521343,-0.790112793446
0.750831484795,-0.0890138223767,0.987948060036,0.0171798951924,-0.00542866066098,0.611536324024,-0.791011273861
0.750673532486,-0.0889842137694,0.987924993038,0.0167457386851,-0.00479569938034,0.610492765903,-0.79183024168
0.750462412834,-0.0889379233122,0.987757623196,0.0164467971772,-0.00443472294137,0.609552323818,-0.792562842369
0.750258624554,-0.0889673829079,0.987910687923,0.0147699015215,-0.00336645916104,0.608505964279,-0.793404817581
0.750057220459,-0.0890107527375,0.987915277481,0.0149291688576,-0.00201532244682,0.607513010502,-0.794166862965
0.749733090401,-0.0891182348132,0.988029718399,0.0148242050782,-0.00250190705992,0.605551600456,-0.795664072037
0.749444127083,-0.0891071632504,0.988073885441,0.0147974593565,-0.00196004775353,0.604360461235,-0.796571195126
0.749149501324,-0.0891715213656,0.988211870193,0.0148512013257,-0.00162034633104,0.603076696396,-0.797543346882
0.749247431755,-0.0889845788479,0.988005876541,0.0132485888898,-0.00147895526607,0.601875066757,-0.798479020596
0.749166369438,-0.0889083072543,0.988012075424,0.0125693986192,0.000677327276208,0.601601064205,-0.798697590828
0.749051809311,-0.0888320654631,0.988072693348,0.0137858530506,0.000918387435377,0.600347578526,-0.799619913101
0.748962581158,-0.0887597575784,0.988092005253,0.0132005708292,0.00158933619969,0.599032700062,-0.800614178181
0.748838365078,-0.088654525578,0.988118052483,0.0123853674158,0.00160548987333,0.597173988819,-0.8020144701
0.748493373394,-0.0882000252604,0.987886726856,0.0113110467792,0.00250433105975,0.596278309822,-0.802694320679
0.748737215996,-0.0884103104472,0.988178908825,0.0111429803073,0.00455757603049,0.5955722332,-0.803211569786
0.748692631721,-0.0883069559932,0.988237679005,0.0106304837391,0.00459880195558,0.59353530407,-0.804724633694
0.74863255024,-0.0882364809513,0.988239228725,0.0100328112021,0.00659409165382,0.592383682728,-0.805566608906
0.748576998711,-0.0880987346172,0.988243401051,0.00893692485988,0.00679034274071,0.591320633888,-0.806358516216
0.748173177242,-0.08760201931,0.987980246544,0.00723105901852,0.00881009548903,0.589897096157,-0.807398021221
0.747852802277,-0.0874116718769,0.987856566906,0.00659294240177,0.00925847515464,0.588543772697,-0.808385491371
0.74778598547,-0.0873245224357,0.987884402275,0.00798636674881,0.00775631936267,0.586470842361,-0.809893846512
0.747745633125,-0.0872064307332,0.987885951996,0.00747309718281,0.00895136687905,0.584781944752,-0.811106741428
0.747674643993,-0.0870025828481,0.987874984741,0.00701902201399,0.0100617045537,0.583165228367,-0.812260985374
0.747946023941,-0.0869207307696,0.988095343113,0.00579751329497,0.0121499160305,0.582076072693,-0.813022911549
0.747995376587,-0.0867527425289,0.988135278225,0.00426579685882,0.0148056168109,0.579838216305,-0.814585864544
0.748307108879,-0.0868926569819,0.988439917564,0.00515991682187,0.0158546641469,0.578707754612,-0.815364539623
0.748299658298,-0.0867423191667,0.988495111465,0.0051353960298,0.0171428844333,0.57667773962,-0.816775679588
0.748262226582,-0.0865286812186,0.98844820261,0.00480653252453,0.0181830767542,0.574803173542,-0.818075537682
0.748404204845,-0.0863381251693,0.988537549973,0.00382913625799,0.0198019854724,0.573214769363,-0.819156944752
0.747794747353,-0.085705511272,0.988184988499,0.00347544299439,0.019162338227,0.571064174175,-0.820674419403
0.747904539108,-0.0855249762535,0.988183140755,0.00226648035459,0.0220178831369,0.568837225437,-0.822152256966
0.748574078083,-0.0857592523098,0.988674759865,0.00329272891395,0.023681499064,0.566766798496,-0.823531210423
0.748804032803,-0.0856641978025,0.988670766354,0.00328098144382,0.0253839250654,0.564241588116,-0.825212955475
0.748931229115,-0.0854833722115,0.988655209541,0.0029749663081,0.027221146971,0.562354147434,-0.826443076134
0.749175071716,-0.0853205546737,0.98870319128,0.00210234965198,0.0288416948169,0.560425281525,-0.827700018883
0.749361217022,-0.0850951522589,0.98871421814,0.00211805524305,0.0301041901112,0.557580173016,-0.829574406147
0.749631881714,-0.0848009809852,0.988725304604,0.00152918614913,0.0313625410199,0.555190742016,-0.83113014698
0.749852240086,-0.0846003815532,0.988752961159,0.00115640845615,0.033075094223,0.55289876461,-0.832590997219
0.750217616558,-0.0843698382378,0.988862276077,-0.000439589697635,0.0374390259385,0.550723195076,-0.83384770155
0.750476300716,-0.0841102227569,0.988919973373,6.03503867751e-05,0.0370796471834,0.547861754894,-0.835746765137
0.750890016556,-0.083857640624,0.988985776901,-0.000271687807981,0.038657490164,0.545424222946,-0.837268173695
0.751122117043,-0.0836051926017,0.988993704319,-0.000839720189106,0.040149576962,0.542922258377,-0.838822305202
0.750804007053,-0.0828615948558,0.988578796387,-0.00204811966978,0.0400715842843,0.540478050709,-0.840400874615
0.751123785973,-0.0826894342899,0.988532066345,-0.00219336524606,0.0418181084096,0.537280917168,-0.842363119125
0.751507163048,-0.0824714973569,0.988603115082,-0.00276960153133,0.0439565889537,0.534892320633,-0.843771576881
0.751790642738,-0.0821972489357,0.98860180378,-0.00327016785741,0.0448987670243,0.532076001167,-0.845498979092
0.752100050449,-0.0819667503238,0.988583445549,-0.00376280630007,0.0466431453824,0.529319167137,-0.847131371498
0.752427816391,-0.0816578343511,0.988601028919,-0.00490253185853,0.0484878085554,0.526654541492,-0.848681330681
0.752710580826,-0.0813409686089,0.988608598709,-0.00575333368033,0.0501963607967,0.52414393425,-0.850129663944
0.752893328667,-0.0810719877481,0.988662540913,-0.00594473304227,0.0515107773244,0.521551012993,-0.851643025875
0.753216266632,-0.0807771086693,0.988717317581,-0.0072377724573,0.0534868016839,0.518670082092,-0.853269100189
0.753377795219,-0.0805559828877,0.988692760468,-0.00725624989718,0.0546947307885,0.516320586205,-0.854616224766
0.753563225269,-0.0802086666226,0.98868060112,-0.00800479669124,0.0560491681099,0.513645112514,-0.856132686138
0.753814399242,-0.0799192041159,0.988743007183,-0.00833249278367,0.0573061667383,0.510908544064,-0.857682406902
0.753989219666,-0.0796767026186,0.988827705383,-0.00883163139224,0.0584442876279,0.508133888245,-0.85924744606
0.754218757153,-0.0794427022338,0.988890528679,-0.00935991667211,0.0599148571491,0.505667209625,-0.860594749451
0.754273891449,-0.0791337788105,0.988916635513,-0.00941035710275,0.0607984811068,0.503191232681,-0.861982405186
0.754521727562,-0.0788304582238,0.989044249058,-0.0103653436527,0.0611020065844,0.500830113888,-0.863323926926
0.754612505436,-0.0785975083709,0.989046692848,-0.0103914691135,0.0623326227069,0.498264700174,-0.864719033241
0.754744946957,-0.0783529356122,0.989053249359,-0.0104243131354,0.0634131729603,0.495918780565,-0.865987658501
0.754690647125,-0.0781525969505,0.989097595215,-0.0101310322061,0.0636764466763,0.493613868952,-0.867287755013
0.754750669003,-0.0779165923595,0.989155769348,-0.0100395223126,0.0644704177976,0.491294294596,-0.868546307087
0.754791259766,-0.0776277780533,0.989199817181,-0.0102196093649,0.0649834126234,0.489291489124,-0.869635879993
0.754829823971,-0.0773957893252,0.989292740822,-0.0105769857764,0.0656853094697,0.487155973911,-0.870777010918
0.754879653454,-0.0770514830947,0.989318609238,-0.0107812173665,0.0660746470094,0.485343664885,-0.871756494045
0.754853904247,-0.0767925009131,0.989410877228,-0.0108790602535,0.0667287185788,0.483657956123,-0.872641921043
0.754891455173,-0.0764969289303,0.989432752132,-0.0110106142238,0.0670860260725,0.481995999813,-0.873531997204
0.754897534847,-0.0762489140034,0.989489614964,-0.0110027296469,0.0673704966903,0.480444997549,-0.874364197254
0.754858672619,-0.0759720206261,0.989535450935,-0.010782356374,0.067611142993,0.479143679142,-0.875062167645
0.75487190485,-0.0757243335247,0.989602804184,-0.0101557243615,0.0677651688457,0.478905618191,-0.875188052654
0.754852414131,-0.075456134975,0.989595532417,-0.0106488643214,0.0682156160474,0.476708292961,-0.876346051693
0.754820048809,-0.0752088949084,0.989629685879,-0.0102057298645,0.0683550238609,0.47550880909,-0.876991927624
0.754807054996,-0.0749719068408,0.989683747292,-0.0103516662493,0.0686731338501,0.474846929312,-0.877323925495
0.754801154137,-0.0747051239014,0.989752411842,-0.0102998604998,0.0689035952091,0.474190682173,-0.877661287785
0.754670083523,-0.0744286254048,0.989852309227,-0.0100247338414,0.0689181014895,0.473500907421,-0.878035783768
0.754652738571,-0.074142806232,0.989909112453,-0.00983447395265,0.0691084861755,0.472925871611,-0.878332734108
0.754617750645,-0.0738613829017,0.989924550056,-0.00967590138316,0.0690128803253,0.472557574511,-0.878540277481
0.754723906517,-0.0736836791039,0.990063548088,-0.00946361757815,0.069477416575,0.472101122141,-0.878751337528
0.754564940929,-0.0732807219028,0.989987850189,-0.00947031844407,0.0689844563603,0.471933603287,-0.878880083561
0.754539728165,-0.0729492083192,0.990007519722,-0.0095263235271,0.0690270811319,0.471708774567,-0.878996789455
0.754453122616,-0.0726688355207,0.990013360977,-0.0103631960228,0.0686399489641,0.470184087753,-0.879834115505
0.754369080067,-0.0724045708776,0.990028858185,-0.010135807097,0.0685092583299,0.470301061869,-0.879784464836
0.754211485386,-0.0721345841885,0.990010559559,-0.00900583900511,0.0676907077432,0.472022205591,-0.878937959671
0.75409424305,-0.0718515738845,0.98999196291,-0.0085109975189,0.0680410936475,0.472299963236,-0.878766596317
0.753913342953,-0.0715654715896,0.989985585213,-0.00818088185042,0.0674325302243,0.472699850798,-0.878601551056
0.753766298294,-0.0712154731154,0.989997506142,-0.00776106165722,0.0665369555354,0.473230630159,-0.878387928009
0.753532171249,-0.0709215924144,0.989956736565,-0.00851400382817,0.065686263144,0.472192674875,-0.879003345966
0.753426909447,-0.070597872138,0.989952743053,-0.00853405985981,0.0655236318707,0.47275236249,-0.878714442253
0.753318846226,-0.070295445621,0.989963769913,-0.00750306388363,0.0651841089129,0.47510945797,-0.877476930618
0.753163993359,-0.070014834404,0.990005135536,-0.00720501039177,0.0649001374841,0.476039707661,-0.876996159554
0.75300437212,-0.0697675570846,0.990016222,-0.00765719544142,0.0653781667352,0.47712033987,-0.876369357109
0.752810060978,-0.06949429214,0.990056395531,-0.00616133678705,0.0632824003696,0.477896869183,-0.876111865044
0.752635538578,-0.069198705256,0.990087807178,-0.00518280500546,0.0622153282166,0.479877561331,-0.875111401081
0.752342045307,-0.0688868612051,0.99006652832,-0.00652600126341,0.062753893435,0.480214685202,-0.874879002571
0.752187728882,-0.0686231702566,0.990095794201,-0.00612889137119,0.0621094107628,0.481323868036,-0.874318122864
0.752089321613,-0.068332016468,0.990236878395,-0.00431417208165,0.0601705871522,0.481599777937,-0.874312698841
0.751813292503,-0.0679946839809,0.990130364895,-0.00266508106142,0.0591598525643,0.48455837369,-0.872752070427
0.751663565636,-0.0676756799221,0.990095615387,-0.003266625572,0.0594666339457,0.486108750105,-0.871866583824
0.751469254494,-0.0673906430602,0.990086495876,-0.00252533215098,0.0585834980011,0.487400978804,-0.871207118034
0.7513281703,-0.0671307370067,0.990041613579,-0.000877859478351,0.0560512393713,0.48869612813,-0.870651245117
0.751106619835,-0.0668652653694,0.989987909794,-0.00116414844524,0.0564320497215,0.490231364965,-0.869762778282
0.750997245312,-0.0665206164122,0.98994743824,-0.00085598602891,0.0557579956949,0.49159219861,-0.86903822422
0.750958502293,-0.0661793723702,0.989882647991,0.000325327506289,0.053692959249,0.493062376976,-0.868335485458
0.750798642635,-0.0658624395728,0.989861965179,-0.00100456469227,0.0524780191481,0.493495881557,-0.868162930012
0.750685572624,-0.065584667027,0.989840507507,-0.000380453013349,0.0515323244035,0.494927793741,-0.867404639721
0.750630795956,-0.0653266534209,0.98982334137,0.000202390787308,0.0505001880229,0.496518492699,-0.866555929184
0.750595390797,-0.06500505656,0.989778161049,0.000945180770941,0.0488922931254,0.497921705246,-0.865842163563
0.750599622726,-0.0646113231778,0.989733695984,0.0010248911567,0.0486935302615,0.499834001064,-0.864750802517
0.750538706779,-0.0641979947686,0.989666461945,0.00126226700377,0.0475446470082,0.501382112503,-0.863917768002
0.750505387783,-0.0639095231891,0.989602208138,0.000556975312065,0.0488730967045,0.503270506859,-0.862745583057
0.750464737415,-0.0635735616088,0.989583909512,0.00135453161784,0.0475954860449,0.504974126816,-0.861820161343
0.750502645969,-0.0632544159889,0.989507615566,0.00295733450912,0.0452800169587,0.506469905376,-0.861062884331
0.750427365303,-0.0629789084196,0.989468038082,0.00232889037579,0.0460068657994,0.50845092535,-0.859857916832
0.750445008278,-0.0626209154725,0.989438414574,0.00266672228463,0.0449455007911,0.510239422321,-0.858853042126
0.750454485416,-0.0622947327793,0.989423692226,0.00433348165825,0.0417731925845,0.511526584625,-0.858240544796
0.750529110432,-0.0619327761233,0.989504516125,0.00346447550692,0.0426239259541,0.513545334339,-0.856996178627
0.750591278076,-0.0614747218788,0.98954552412,0.00370141398162,0.041183013469,0.515322864056,-0.855998039246
0.750672221184,-0.061110522598,0.989511847496,0.00508729321882,0.0385544002056,0.517059504986,-0.855065584183
0.750777959824,-0.0607253313065,0.989485502243,0.00391366239637,0.0396083667874,0.519000887871,-0.853846549988
0.750889956951,-0.0603144392371,0.989425301552,0.00433101505041,0.0385868698359,0.521032989025,-0.852652847767
0.750980257988,-0.0599691271782,0.989428937435,0.0054842652753,0.0362739562988,0.522539675236,-0.851825356483
0.75106549263,-0.0595589093864,0.98937779665,0.00446911947802,0.0369644612074,0.524845838547,-0.850382566452
0.751104295254,-0.0591538920999,0.989315152168,0.00549647305161,0.0343745164573,0.526366949081,-0.849544644356
0.751269876957,-0.0587146282196,0.989294171333,0.00561729073524,0.033271946013,0.528253495693,-0.848416030407
0.751497507095,-0.0581694282591,0.989349722862,0.00483264308423,0.0329418517649,0.531068205833,-0.84667468071
0.751671075821,-0.0577695332468,0.98930990696,0.00502210948616,0.0322320684791,0.532333433628,-0.845906019211
0.751858830452,-0.0572983548045,0.989282488823,0.00407131388783,0.0335638187826,0.534892380238,-0.844243466854
0.75199431181,-0.0568961016834,0.989269554615,0.00498301815242,0.030310433358,0.537002205849,-0.843021452427
0.752082049847,-0.0564540103078,0.989219963551,0.00521534215659,0.0290830861777,0.538918852806,-0.841839313507
0.752210438251,-0.0560062974691,0.989187002182,0.00360597297549,0.0296722948551,0.541297078133,-0.840299963951
0.752393364906,-0.0555783249438,0.989178657532,0.00453199073672,0.0283125173301,0.542564213276,-0.83952486515
0.752613663673,-0.0550702773035,0.989212810993,0.00412081414834,0.0273021329194,0.544238507748,-0.838476002216
0.752866506577,-0.0544954054058,0.989281594753,0.0031249509193,0.0268549211323,0.546837866306,-0.836801826954
0.753031671047,-0.0539531446993,0.989389121532,0.00397504959255,0.0260613448918,0.548880517483,-0.835485041142
0.753171622753,-0.0535224974155,0.98939037323,0.00403169589117,0.025479817763,0.550999343395,-0.83410692215
0.753402471542,-0.053020209074,0.989396929741,0.00225756713189,0.0261640902609,0.553090631962,-0.832707166672
0.753577589989,-0.0525739975274,0.989471554756,0.00374628254212,0.0236290935427,0.555119752884,-0.83142632246
0.753865242004,-0.0520857982337,0.989476919174,0.00315604731441,0.0240729060024,0.557711064816,-0.829679965973
0.754197597504,-0.0515534356236,0.989495337009,0.00310444110073,0.0230743065476,0.559939980507,-0.828206062317
0.754405081272,-0.0509598739445,0.989525437355,0.00157340965234,0.0227863769978,0.561738550663,-0.826999485493
0.754667818546,-0.0503722131252,0.989574551582,0.00236708461307,0.0207963958383,0.563764452934,-0.825670421124
0.754877150059,-0.0498915053904,0.989510953426,0.00134008820169,0.022435311228,0.566541016102,-0.823727011681
0.755082428455,-0.049347769469,0.98946249485,0.00166707544122,0.0203591883183,0.56697678566,-0.823480427265
0.755926370621,-0.0492243021727,0.989807069302,0.00174376240466,0.0209645703435,0.569295704365,-0.821863651276
0.756251990795,-0.0485088042915,0.989698529243,-0.000196970679099,0.0213378760964,0.571955084801,-0.820007324219
0.756593823433,-0.0479191914201,0.989633977413,0.00115905096754,0.0190307144076,0.573822081089,-0.818758070469
0.756821155548,-0.0474977046251,0.989803671837,0.00236644200049,0.0179318133742,0.577065050602,-0.816497921944
0.757190108299,-0.0469486564398,0.989968836308,0.00274191889912,0.0171716827899,0.579371869564,-0.814877867699
0.757417857647,-0.046354457736,0.989863276482,0.00501604098827,0.016310416162,0.582559883595,-0.812608659267
0.757768332958,-0.0455911569297,0.9897377491,0.00324691645801,0.0168125368655,0.584778547287,-0.811012268066
0.75814396143,-0.0449672788382,0.989790558815,0.00232066772878,0.0149013213813,0.586190760136,-0.810032784939
0.758298039436,-0.0446009524167,0.989803850651,0.00314706424251,0.0138702951372,0.588242411613,-0.808559536934
0.758581936359,-0.0440584309399,0.989772439003,0.00414071092382,0.0150159690529,0.591262638569,-0.806328713894
0.758953988552,-0.043373785913,0.98975610733,0.00359275867231,0.0131850549951,0.592472851276,-0.805474579334
0.759271979332,-0.0426475927234,0.989868938923,0.00546208582819,0.0123721733689,0.595872819424,-0.802964985371
0.75942414999,-0.0415898710489,0.989503026009,0.00261744181626,0.0105576915666,0.596676528454,-0.802408218384
0.759762704372,-0.0409069284797,0.989491283894,0.00506295869127,0.00883055105805,0.59943240881,-0.800360679626
0.76032525301,-0.0408312380314,0.989851057529,0.00473663257435,0.0111198918894,0.601811766624,-0.798546552658
0.760699272156,-0.0402163341641,0.989800751209,0.00580580485985,0.00911162048578,0.604046881199,-0.796875536442
0.761003255844,-0.0395109020174,0.989808738232,0.00342630036175,0.00823756959289,0.60486716032,-0.796276450157
0.761526525021,-0.0386347174644,0.98983168602,0.00526003818959,0.007239039056,0.607794702053,-0.794043838978
0.761781454086,-0.0381565354764,0.989892482758,0.00571716250852,0.00666917301714,0.609817743301,-0.79249304533
0.762016475201,-0.0374137312174,0.989778161049,0.0058900336735,0.00555224902928,0.611427664757,-0.791258990765
0.762637019157,-0.036525644362,0.98961353302,0.00520588643849,0.00502280332148,0.613739430904,-0.789475560188
0.76332038641,-0.0357720255852,0.989445745945,0.00251975702122,0.00473679928109,0.614900946617,-0.788586139679
0.76407790184,-0.0349801667035,0.989231169224,0.000833942962345,0.0067351157777,0.616903364658,-0.787009656429
0.763417601585,-0.0338569618762,0.989010035992,0.00306998938322,0.00127729226369,0.61769837141,-0.786408007145
0.763717532158,-0.0331038869917,0.989037156105,0.00107020395808,0.001513189869,0.619837462902,-0.784728109837
0.764683365822,-0.0327743068337,0.989298939705,0.00124829763081,0.00119549629744,0.620778620243,-0.783984065056
0.764965713024,-0.0320339724422,0.989308655262,0.00285411556251,-0.000214916202822,0.623081147671,-0.782152056694
0.765327453613,-0.0311874933541,0.989308178425,0.00423320708796,-0.00134702539071,0.625747263432,-0.780013263226
0.765659511089,-0.0304528456181,0.989425957203,0.00437599653378,-0.00129051692784,0.627601087093,-0.778521716595
0.766091108322,-0.0297425724566,0.989492297173,0.00457088695839,-0.00197402131744,0.628953278065,-0.777427196503
0.766407907009,-0.0288686528802,0.989470660686,0.0029487083666,-0.00163778231945,0.630646944046,-0.776062607765
0.76609903574,-0.0279413312674,0.989466249943,0.00395520916209,-0.00512326043099,0.631731569767,-0.775160193443
0.766916871071,-0.0271871741861,0.989362180233,0.00177601876203,-0.00349557190202,0.633584737778,-0.773663401604
0.767514407635,-0.0263913795352,0.989531040192,0.00266496441327,-0.00507019553334,0.6348772645,-0.772591769695
0.767947077751,-0.02547522448,0.989557981491,0.00225226953626,-0.00539522105828,0.636511564255,-0.771245121956
0.768473088741,-0.0246932562441,0.989763021469,0.00167697621509,-0.00649184780195,0.638291656971,-0.769765436649
0.768988728523,-0.0238276664168,0.989743411541,0.00112741452176,-0.00670212088153,0.639825999737,-0.768489837646
0.768765151501,-0.0225189216435,0.989403069019,0.00125713821035,-0.00869654677808,0.641105294228,-0.767402648926
0.769309043884,-0.0216301903129,0.989147722721,0.000957290700171,-0.00897501036525,0.642546117306,-0.76619386673
0.770055711269,-0.0211253389716,0.989741802216,0.000612333591562,-0.00896533951163,0.643977046013,-0.764992058277
0.771051287651,-0.0203412696719,0.989579975605,8.19868655526e-05,-0.0118560781702,0.646989524364,-0.762406826019
0.771679699421,-0.0195211656392,0.989661455154,-0.000119816955703,-0.0108363842592,0.6482899189,-0.761316478252
0.772439956665,-0.0186490640044,0.989609897137,-0.00125161476899,-0.0115203671157,0.649439811707,-0.760324776173
0.773041427135,-0.017796497792,0.989548802376,-0.00217839260586,-0.0102786738425,0.650091171265,-0.759783565998
0.77377986908,-0.0169516410679,0.98945581913,-0.0024244801607,-0.00758209824562,0.651296794415,-0.758781373501
0.774360895157,-0.0161740519106,0.989418029785,-0.00335777015425,-0.00619817944244,0.652903079987,-0.757408678532
0.775101900101,-0.0152598470449,0.989393532276,-0.00419437186792,-0.00757076358423,0.653979957104,-0.756462395191
0.775687932968,-0.0144845489413,0.989355385303,-0.00519184721634,-0.00632735993713,0.655574202538,-0.755086481571
0.775856375694,-0.0135647198185,0.989327549934,-0.00537461601198,-0.00765563221648,0.657106459141,-0.753739833832
0.776517450809,-0.012746617198,0.989299118519,-0.00587455648929,-0.00643406808376,0.658569335938,-0.752469599247
0.777730166912,-0.0120470738038,0.989443421364,-0.00624873349443,-0.00620716204867,0.659923493862,-0.751281142235
0.77788990736,-0.0111863873899,0.989332735538,-0.0062655559741,-0.00784179382026,0.660961270332,-0.750352919102
0.778457343578,-0.0103765297681,0.989288628101,-0.00866911467165,-0.00824027042836,0.662748336792,-0.748746752739
0.778958797455,-0.00968399178237,0.989267587662,-0.00713902246207,-0.00878828950226,0.664086401463,-0.747570216656
0.779603660107,-0.00883413013071,0.989265978336,-0.00834399089217,-0.00935646612197,0.665341317654,-0.746434092522
0.780141115189,-0.00810401607305,0.98924189806,-0.0087172659114,-0.00804730318487,0.667031764984,-0.744934916496
0.780688405037,-0.00738293025643,0.989236831665,-0.00953994318843,-0.00738557707518,0.667424201965,-0.744580030441
0.78126168251,-0.00663154758513,0.9892578125,-0.010433986783,-0.00812218617648,0.66811811924,-0.743937730789
0.781838417053,-0.00594343105331,0.989252984524,-0.00932935811579,-0.00733821932226,0.67034637928,-0.741953492165
0.782354295254,-0.00518466439098,0.989150762558,-0.010656346567,-0.00750082544982,0.671693384647,-0.740714669228
0.782799124718,-0.00444972002879,0.989021420479,-0.0102075124159,-0.00696966145188,0.673063576221,-0.739481329918
0.783342421055,-0.00375447003171,0.988953471184,-0.0105671947822,-0.00732770329341,0.674052596092,-0.738571465015
0.784000456333,-0.00303852907382,0.988834619522,-0.0113428058103,-0.00430289283395,0.674202084541,-0.738447248936
0.784666597843,-0.00221762154251,0.9886277318,-0.0118410168216,-0.00415568519384,0.675948262215,-0.736842274666
0.785121440887,-0.00190082751215,0.988619148731,-0.0112892501056,-0.00559116713703,0.677481293678,-0.735432207584
0.784514307976,-0.000987094128504,0.988988339901,-0.0114551056176,-0.00566767621785,0.678442955017,-0.73454195261
0.784812450409,-0.000342812680174,0.988906383514,-0.00888671167195,-0.00698945298791,0.678695142269,-0.734333217144
0.785136044025,0.000280853128061,0.988924205303,-0.00984541419894,-0.00656149862334,0.679246544838,-0.733814895153
0.785529494286,0.000980525743216,0.988985955715,-0.0090957749635,-0.00674464087933,0.680834233761,-0.732350111008
0.7857888937,0.0016000730684,0.988974332809,-0.00847477931529,-0.00701549602672,0.681767702103,-0.731486082077
0.785974144936,0.00224422849715,0.988972485065,-0.00913439970464,-0.00674826465547,0.681567907333,-0.731666862965
0.787090599537,0.00263362354599,0.989270031452,-0.00938321091235,-0.00561555614695,0.682612836361,-0.730698525906
0.787145614624,0.00332037149929,0.989133238792,-0.00842743553221,-0.00563143985346,0.684290230274,-0.729139506817
0.787379980087,0.0039488999173,0.989077448845,-0.00805705692619,-0.00650491006672,0.68446880579,-0.728968560696
0.787971615791,0.00458405492827,0.989054203033,-0.0095086786896,-0.00417119823396,0.68563246727,-0.727873802185
0.788236320019,0.00521440943703,0.989040911198,-0.007688309066,-0.00532753020525,0.685750007629,-0.727777123451
0.788535833359,0.00587498676032,0.989020705223,-0.00820906739682,-0.0053882021457,0.685522258282,-0.727985501289
0.788819909096,0.00650667678565,0.988963484764,-0.00815076939762,-0.00553555227816,0.686322629452,-0.727230489254
0.789090931416,0.00704693887383,0.988917052746,-0.00731952022761,-0.0057892841287,0.686434447765,-0.727131843567
0.789336323738,0.0076927896589,0.98892557621,-0.00693075032905,-0.00601918902248,0.686926782131,-0.726668715477
0.788860201836,0.00826922152191,0.989078581333,-0.00523546524346,-0.00718436762691,0.686654746532,-0.726929366589
0.788576900959,0.00925364438444,0.988701879978,-0.00512454612181,-0.00947887729853,0.687251031399,-0.726340174675
0.789021492004,0.00986714102328,0.988691985607,-0.00581977609545,-0.00745686050504,0.686788678169,-0.72679567337
0.790072917938,0.0102412858978,0.989034235477,-0.00529263168573,-0.00690397247672,0.688023149967,-0.725636720657
0.790303826332,0.0108120124787,0.989021897316,-0.00510695204139,-0.0072324629873,0.688055992126,-0.725603580475
0.7906717062,0.0114446915686,0.988935410976,-0.00233591930009,-0.00477213878185,0.68798148632,-0.725708901882
0.790388166904,0.0123848430812,0.988486170769,-0.00565947731957,-0.00828725472093,0.688707351685,-0.724970042706
0.791470825672,0.0127963852137,0.988794803619,-0.00603191042319,-0.00720604322851,0.688557207584,-0.72512114048
0.791121244431,0.0137398764491,0.988370537758,-0.00685325916857,-0.00797517411411,0.688366651535,-0.725286841393
0.79208022356,0.0140309315175,0.988677918911,-0.00700954766944,-0.00643334677443,0.68905800581,-0.72464376688
0.793432295322,0.0146424239501,0.988259732723,-0.00569354649633,-0.00515956850722,0.690284311771,-0.723497509956
0.793288469315,0.0156320314854,0.987880170345,-0.00745513057336,-0.00514399493113,0.69002956152,-0.723724544048
0.793748915195,0.016257064417,0.987815737724,-0.00714165344834,-0.00552913360298,0.688580811024,-0.725103318691
0.794417500496,0.0168457441032,0.988063335419,-0.00696504162624,-0.00621512904763,0.690423309803,-0.723345279694
0.794492185116,0.0175410322845,0.987949192524,-0.0076752724126,-0.00437667081133,0.690137267113,-0.723624587059
0.794742643833,0.018138518557,0.987744092941,-0.00793117564172,-0.00516372034326,0.690211117268,-0.723546266556
0.795797765255,0.0183628499508,0.988056302071,-0.00701042450964,-0.00422497326508,0.69050937891,-0.723277270794
0.796335637569,0.0190559383482,0.988076448441,-0.00763473752886,-0.0037563520018,0.690648436546,-0.723140656948
0.796034216881,0.0199494883418,0.987655580044,-0.00775454333052,-0.00480773532763,0.689599394798,-0.724133551121
0.79664337635,0.0204868204892,0.987883508205,-0.00918846018612,-0.00270545808598,0.689731240273,-0.724002182484
0.797059118748,0.0211010500789,0.987851679325,-0.00937782693654,-0.002002553083,0.689765632153,-0.723969399929
0.79733890295,0.0216696951538,0.987779796124,-0.00846044253558,-0.00189714704175,0.689919650555,-0.72383415699
0.797516167164,0.0223606545478,0.98761510849,-0.00893200654536,-0.00227578612976,0.690114855766,-0.723641216755
0.797726750374,0.0229170806706,0.987571060658,-0.00688813021407,-0.00343662453815,0.690067946911,-0.723703801632
0.798391520977,0.0234683826566,0.987640440464,-0.00837192405015,-0.00180471979547,0.689217686653,-0.724503815174
0.798733592033,0.024042930454,0.987678229809,-0.00826770439744,-0.00135251693428,0.689004123211,-0.724708974361
0.799019932747,0.0245840400457,0.987812519073,-0.00729710189626,-0.000771479681134,0.69013607502,-0.723642528057
0.799397230148,0.0252158176154,0.98777705431,-0.00662141991779,0.000224766539759,0.688074886799,-0.725609540939
0.799572348595,0.0258008502424,0.987688183784,-0.00699609005824,-0.0011164676398,0.689291298389,-0.724449634552
0.799840331078,0.0262779630721,0.987633109093,-0.00715069053695,-0.000195559870917,0.688547968864,-0.72515553236
0.800249814987,0.0268523413688,0.98765873909,-0.00661296676844,0.00053702481091,0.688632667065,-0.725080013275
0.800171077251,0.0274304728955,0.987399280071,-0.00673571089283,-0.000159322516993,0.688559949398,-0.725148141384
0.800672709942,0.027886191383,0.987539827824,-0.00459806900471,0.00290831341408,0.687430679798,-0.726229608059
0.800704836845,0.0285888537765,0.987096726894,-0.00612380029634,0.00132937193848,0.688568532467,-0.725144267082
0.800853610039,0.0290651358664,0.987051784992,-0.00408738292754,0.00391414947808,0.687161684036,-0.726482450962
0.801269769669,0.0295765325427,0.987199306488,-0.00450549228117,0.0018786652945,0.68764680624,-0.72602891922
0.801153182983,0.0301906317472,0.98697334528,-0.00231304159388,0.00158332649153,0.686231195927,-0.727378249168
0.801921308041,0.0304022543132,0.98736256361,-0.00496179237962,0.00222498970106,0.687234163284,-0.726415574551
0.802148640156,0.0308988317847,0.987299799919,-0.00700192758814,0.00418185628951,0.686063230038,-0.72749620676
0.801834225655,0.0317949838936,0.986940920353,-0.00411325925961,0.00147105799988,0.686147153378,-0.727449655533
0.8020362854,0.0322810634971,0.986922264099,-0.00378661300056,0.00272198184393,0.684926867485,-0.728596866131
0.802231907845,0.0327834971249,0.986901164055,-0.00216019689105,0.00535116298124,0.684057891369,-0.729404985905
0.802489459515,0.0333102941513,0.986779510975,-0.00290908687748,0.00440118229017,0.684120953083,-0.729349553585
0.802960813046,0.0337720699608,0.986926198006,-0.00553697161376,0.00545266922563,0.684103488922,-0.729343533516
0.803454101086,0.0340632051229,0.987050890923,-0.00598846469074,0.00657702889293,0.683683335781,-0.72972458601
0.803656578064,0.0345857851207,0.987130045891,-0.00374058494344,0.00487054605037,0.683091640472,-0.730306863785
0.803908884525,0.0349477156997,0.987143814564,-0.00293080764823,0.00531493453309,0.683004140854,-0.730389356613
0.804134845734,0.0355372279882,0.986993908882,-0.00351752340794,0.00499367853627,0.682939350605,-0.730449795723
0.804312884808,0.0359738282859,0.986955583096,-0.00357891293243,0.00623350590467,0.681432247162,-0.731845855713
0.804388701916,0.0368577465415,0.986570358276,-0.00428313203156,0.00485888682306,0.681456208229,-0.731830179691
0.804600954056,0.0369236581028,0.986822128296,-0.00334502896294,0.0056726494804,0.680596351624,-0.732629060745
0.804698705673,0.0378179773688,0.986505806446,-0.00385111570358,0.00808291044086,0.679448306561,-0.733668804169
0.804760694504,0.0382294915617,0.986834347248,-0.00495029613376,0.00718894228339,0.679616630077,-0.733515679836
0.80493336916,0.0387319214642,0.986427307129,-0.00391030311584,0.00838484801352,0.678178489208,-0.734838962555
0.805145740509,0.0387832559645,0.986681461334,-0.00389762176201,0.00772938271984,0.678323626518,-0.734712302685
0.805145382881,0.0394771955907,0.986695826054,-0.00334926112555,0.00922014843673,0.676944255829,-0.735969007015
0.805294573307,0.0402444638312,0.986980438232,-0.00525892758742,0.00655395025387,0.676809072495,-0.736110568047
0.80541408062,0.0406432710588,0.987032055855,-0.00110553950071,0.00633940147236,0.676500856876,-0.736413836479
0.805564165115,0.0410536378622,0.9870210886,-0.00226723751985,0.0058857682161,0.676355719566,-0.736548304558
0.80558937788,0.0412675701082,0.986190795898,-0.0024024839513,0.0098779797554,0.676111876965,-0.736728966236
0.805634915829,0.0416711904109,0.986172199249,-0.000916524790227,0.00775804044679,0.675013124943,-0.737764358521
0.806035876274,0.0419355519116,0.98618042469,5.95149504079e-05,0.00971350166947,0.675003349781,-0.737750768661
0.806167960167,0.0426003150642,0.986916720867,-0.00202327780426,0.00738058099523,0.674599587917,-0.738144218922
0.806220293045,0.0427420325577,0.98603451252,-0.00207072985359,0.0100637767464,0.672929286957,-0.739635646343
0.806292891502,0.0431164242327,0.986007630825,-0.0011254666606,0.00984101928771,0.673295795918,-0.739306926727
0.806283891201,0.0436588712037,0.986706376076,-0.00268329749815,0.00797459483147,0.673261344433,-0.739356815815
0.806442201138,0.0440183393657,0.986786305904,-0.00226199184544,0.00861526932567,0.672422587872,-0.740113854408
0.806436419487,0.0442731678486,0.986665010452,-0.000585408823099,0.00935750175267,0.672021448612,-0.740472257137
0.80646944046,0.044622797519,0.986660838127,0.0011743636569,0.00919758901,0.671495378017,-0.740950763226
0.806495308876,0.0450409241021,0.986625671387,-0.00158507237211,0.00852560251951,0.671466469765,-0.740984261036
0.806500673294,0.0453246459365,0.986537098885,0.000674347160384,0.0073139294982,0.671256780624,-0.741188645363
0.806511282921,0.0455771163106,0.986438930035,0.000996803632006,0.00750487949699,0.670810699463,-0.741590023041
0.80654412508,0.0458667464554,0.986414253712,0.000423748773756,0.00936566758901,0.671090424061,-0.741316258907
0.806550502777,0.0462380461395,0.98630219698,0.00238866382279,0.00951806176454,0.669657409191,-0.742605388165
0.806605637074,0.0464959740639,0.986235380173,0.00234713219106,0.0103273000568,0.670159578323,-0.742141485214
0.806637048721,0.046803034842,0.986160516739,0.00263416627422,0.00955014117062,0.669638693333,-0.742621004581
0.805909574032,0.0467165596783,0.985376358032,0.00312488269992,0.00885203946382,0.669437468052,-0.742809057236
0.806732356548,0.0473753325641,0.986037969589,0.000735514273401,0.00972652435303,0.668443977833,-0.74369853735
0.806771695614,0.0476711206138,0.986028313637,0.00422358559445,0.00831617508084,0.669434010983,-0.742812991142
0.806899309158,0.0479598678648,0.986088991165,0.00463024200872,0.00935961212963,0.668101429939,-0.743996918201
0.806870281696,0.0482139401138,0.985951960087,0.00495206564665,0.00940503925085,0.667849183083,-0.744220852852
0.806572794914,0.0488821193576,0.985741436481,0.00613752566278,0.00823182519525,0.668031215668,-0.744062423706
0.806905865669,0.048836376518,0.985986053944,0.00397580768913,0.00799546483904,0.667622745037,-0.744446158409
0.806923389435,0.0490691773593,0.985912144184,0.0059791454114,0.00877494458109,0.66689902544,-0.745072543621
0.806949496269,0.0493023581803,0.985870480537,0.00530061777681,0.00904371589422,0.666688799858,-0.745262563229
0.806965231895,0.0495059862733,0.985853135586,0.00347655941732,0.00937989167869,0.666900277138,-0.745079934597
0.806960463524,0.0497892349958,0.985789656639,0.00650501670316,0.0102273495868,0.666494965553,-0.745411098003
0.806973457336,0.0500301681459,0.985783576965,0.00665588723496,0.00996409449726,0.666499555111,-0.74540913105
0.80702483654,0.0503275729716,0.985791146755,0.00602782936767,0.00989460851997,0.665970206261,-0.745888411999
0.807102322578,0.0505674108863,0.985743045807,0.0057302666828,0.00991341937333,0.665748238564,-0.746088564396
0.807131648064,0.0507856719196,0.985670506954,0.00614824565127,0.0103161325678,0.665717065334,-0.746107578278
0.807180762291,0.0510271415114,0.985632121563,0.00724304001778,0.00914469081908,0.665443599224,-0.746357023716
0.807215452194,0.0512420348823,0.985611140728,0.00788442604244,0.00916854199022,0.665709495544,-0.746113061905
0.806620717049,0.0519715622067,0.985141158104,0.00765692349523,0.00751776900142,0.665097653866,-0.746679365635
0.806658804417,0.0521829389036,0.985125482082,0.0079396488145,0.00764160137624,0.665517747402,-0.746300697327
0.806403934956,0.0515960678458,0.984745085239,0.00927181262523,0.0083870915696,0.665254116058,-0.74651235342
0.806354761124,0.0517830625176,0.984756469727,0.00951925013214,0.00826048851013,0.665295958519,-0.746473371983
0.806349098682,0.0519613586366,0.984768152237,0.00942180398852,0.00842116307467,0.665295481682,-0.746473312378
0.805759429932,0.0525874085724,0.984349310398,0.00957313459367,0.00664340984076,0.665307283401,-0.746478796005
0.805757522583,0.052758526057,0.984330177307,0.00823965482414,0.00608423771337,0.666019618511,-0.745863974094
0.807169497013,0.052895590663,0.985524117947,0.00713403290138,0.00907571148127,0.666621565819,-0.745306968689
0.807108402252,0.0530413687229,0.985502839088,0.00753857381642,0.00892417225987,0.666667044163,-0.745264112949
0.806467652321,0.0536765940487,0.985031366348,0.00664429506287,0.00703274551779,0.66625803709,-0.745658576488
0.806469202042,0.0538478903472,0.984990656376,0.00838682241738,0.00773321790621,0.665650308132,-0.746176600456
0.806486427784,0.0540787614882,0.985015451908,0.00689192628488,0.00934519805014,0.665601968765,-0.746216714382
0.806473910809,0.0542374961078,0.984982669353,0.00747989770025,0.00914776977152,0.665871202946,-0.745973169804
0.807002663612,0.0539211109281,0.985436558723,0.00688187871128,0.00973132997751,0.666791081429,-0.745149374008
0.806872963905,0.0540381111205,0.985359847546,0.00715104490519,0.00968499016017,0.66697371006,-0.744983971119
0.806797325611,0.0542010962963,0.985343277454,0.00831361114979,0.00970257539302,0.667611241341,-0.744400322437
0.805920779705,0.0539551116526,0.984553575516,0.011102813296,0.00968368723989,0.666752040386,-0.74513399601
0.806615769863,0.0544772036374,0.985323488712,0.00943953357637,0.0101883625612,0.667074859142,-0.744861245155
0.805732488632,0.0542155615985,0.984543383121,0.0116319311783,0.00925650540739,0.667267978191,-0.744669497013
0.80563801527,0.0543392971158,0.984509170055,0.0116305835545,0.00943917036057,0.667467534542,-0.744488358498
0.805528759956,0.0544626712799,0.984481692314,0.0118989124894,0.00928700715303,0.667773783207,-0.744211256504
0.805478453636,0.054590947926,0.984444379807,0.0129287829623,0.00961580872536,0.668601989746,-0.74344587326
0.805214166641,0.0547643601894,0.984309673309,0.0123613895848,0.00935453269631,0.668447852135,-0.743597447872
0.805161178112,0.0548800416291,0.984268903732,0.0108993863687,0.0100164972246,0.668644785881,-0.743434667587
0.805070340633,0.0550076439977,0.98422908783,0.0094905840233,0.00927662383765,0.669628739357,-0.742577552795
0.804941654205,0.0551274679601,0.984202861786,0.0114230029285,0.00968397594988,0.66929936409,-0.742841959
0.804839015007,0.0552185215056,0.984136641026,0.0100426739082,0.00876637082547,0.670295357704,-0.741974651814
0.804631769657,0.0553756579757,0.984163880348,0.0118857119232,0.00740497978404,0.670514941216,-0.741763830185
0.804493188858,0.0555151104927,0.98412168026,0.012162190862,0.006836255081,0.670851767063,-0.741460323334
0.80511790514,0.0559825822711,0.984812378883,0.0116274422035,0.00741765880957,0.671646237373,-0.740743637085
0.805119037628,0.0561511404812,0.984837174416,0.00988791417331,0.00827322341502,0.672165393829,-0.74028891325
0.804998397827,0.0562727153301,0.984788417816,0.0101384967566,0.00788817182183,0.672394633293,-0.740081429482
0.804910540581,0.0564213357866,0.984747409821,0.0105593157932,0.00770523911342,0.672845125198,-0.739667952061
0.804663479328,0.0564940050244,0.984649538994,0.0110962456092,0.00717506697401,0.67316454649,-0.739374697208
0.803478658199,0.056391749531,0.983981430531,0.0126284379512,0.00571148563176,0.673239350319,-0.73929476738
0.804145276546,0.0568804964423,0.984654068947,0.0116982320324,0.00595451565459,0.673815608025,-0.7387830019
0.804030537605,0.0570184029639,0.984639585018,0.0123241785914,0.00427670124918,0.67452287674,-0.738138735294
0.80440980196,0.0570781081915,0.984760165215,0.0111354701221,0.00480317184702,0.674110472202,-0.738531053066
0.804296970367,0.0572102367878,0.984714329243,0.0117930555716,0.00428754417226,0.674472153187,-0.738193631172
0.803436636925,0.0569759495556,0.983956933022,0.013809193857,0.0030349935405,0.674703478813,-0.737953484058
0.804063141346,0.0575633607805,0.984673500061,0.0119206951931,0.00322788581252,0.674929738045,-0.73777872324
0.80395591259,0.0576718151569,0.98463010788,0.0122659131885,0.00271520786919,0.675195455551,-0.737531840801
0.803404808044,0.0579231493175,0.98444467783,0.0136383539066,0.00131446984597,0.67555731535,-0.737180113792
0.803239405155,0.0580535270274,0.98436331749,0.0137362545356,0.000736680987757,0.675707042217,-0.737041890621
0.803132474422,0.0581686832011,0.984321653843,0.013904937543,0.00028451619437,0.675670206547,-0.737072885036
0.803028285503,0.0582879409194,0.984285891056,0.013146057725,0.000137077659019,0.675309658051,-0.737417221069
0.802907645702,0.058407034725,0.9842466712,0.0147691750899,0.000501248345245,0.675745904446,-0.736986577511
0.802792310715,0.0585217028856,0.984207868576,0.0141228977591,-0.00110146543011,0.676230549812,-0.73655384779
0.801801502705,0.0582709684968,0.983377814293,0.0161104593426,-0.00255413912237,0.676379263401,-0.736372947693
0.802497148514,0.0587669275701,0.984091579914,0.0139778442681,-0.00233443221077,0.676577210426,-0.736235320568
0.802366316319,0.0588677376509,0.984034061432,0.0139816096053,-0.00275792251341,0.67663115263,-0.736184239388
0.802240550518,0.058945775032,0.98399668932,0.0161972437054,-0.00109431950841,0.675800144672,-0.736906170845
0.800672054291,0.0591322109103,0.982770085335,0.0167519021779,-0.00296686636284,0.675700068474,-0.736980438232
0.801113963127,0.0587234161794,0.983185768127,0.0168341882527,-0.00150194007438,0.675804376602,-0.736887276173
0.801779210567,0.0592287555337,0.983851075172,0.0127075696364,-0.00312633928843,0.676791489124,-0.736058473587
0.801673650742,0.0592734739184,0.983832359314,0.0140299871564,-0.00244954414666,0.67583745718,-0.736913144588
0.801621854305,0.0593154877424,0.98378610611,0.0117029743269,-0.00323796598241,0.676663994789,-0.736191809177
0.80076611042,0.0589883513749,0.982940375805,0.015564577654,-0.00533174537122,0.676744043827,-0.73603451252
0.801457762718,0.0593454129994,0.983576118946,0.0134270228446,-0.00461625354365,0.676908493042,-0.735930263996
0.801404714584,0.0594143867493,0.983547091484,0.0119043812156,-0.00368127925321,0.676938056946,-0.735934555531
0.801458775997,0.0594677142799,0.983464002609,0.0149097489193,-0.00274899601936,0.676769435406,-0.736038923264
0.801513671875,0.0594044998288,0.983505189419,0.0138781554997,-0.00442434148863,0.677502572536,-0.735376119614
0.800727069378,0.0595284029841,0.983920574188,0.013959813863,-0.00625250907615,0.676890134811,-0.735925197601
0.800605595112,0.0595786720514,0.983944475651,0.0125252595171,-0.00554141728207,0.676954030991,-0.735897779465
0.800503075123,0.0595778375864,0.983907222748,0.0142779340968,-0.00691455602646,0.67709082365,-0.735728442669
0.800394177437,0.0595723353326,0.983905732632,0.0154787879437,-0.00721642421558,0.677535414696,-0.735291838646
0.80029886961,0.0595816522837,0.983912706375,0.0141347246245,-0.00650971569121,0.677611351013,-0.735255539417
0.800249695778,0.0595753639936,0.983898997307,0.0142325051129,-0.00676395557821,0.677728712559,-0.735143125057
0.800203442574,0.0595691055059,0.98389172554,0.0135763222352,-0.00700218603015,0.677528202534,-0.735338270664
0.800150096416,0.0595779418945,0.98387414217,0.0153327584267,-0.00856217369437,0.67777889967,-0.735056042671
0.800190806389,0.0595411621034,0.983868062496,0.0138027435169,-0.00764721538872,0.677991271019,-0.734900653362
0.800163924694,0.0595364607871,0.983845233917,0.0147263947874,-0.00804776791483,0.678514003754,-0.734395802021
0.800220429897,0.0594780668616,0.983841359615,0.0148856276646,-0.00814231019467,0.678698480129,-0.734221041203
0.800276458263,0.0594434812665,0.983828961849,0.0150862848386,-0.00821000430733,0.678891301155,-0.734038054943
0.800353765488,0.0593962408602,0.983827054501,0.0149540416896,-0.00802940595895,0.679082036018,-0.733866155148
0.800445973873,0.0593365207314,0.983818769455,0.0145179145038,-0.00766935013235,0.679281175137,-0.733694553375
0.800553441048,0.0592818297446,0.983789265156,0.0136421164498,-0.00748709961772,0.6791883111,-0.733799159527
0.800658762455,0.0592237487435,0.983804404736,0.0143830999732,-0.00736615387723,0.679793179035,-0.733225941658
0.800807595253,0.0591323561966,0.983768165112,0.0134625490755,-0.00712008308619,0.679737687111,-0.733297169209
0.80094909668,0.0590937696397,0.983770132065,0.0140919648111,-0.00703381188214,0.680354237556,-0.732714116573
0.801158428192,0.0590216368437,0.983713269234,0.0129715949297,-0.00699249189347,0.680077016354,-0.732992529869
0.801219642162,0.0589133054018,0.983630120754,0.0128314876929,-0.00658397795632,0.680340886116,-0.732753992081
0.801390588284,0.0588442869484,0.983626842499,0.0149922212586,-0.0078320465982,0.681297302246,-0.731811404228
0.801523089409,0.0587592311203,0.983644843102,0.0144399954006,-0.0078212050721,0.681972324848,-0.731193602085
0.801984965801,0.0587218217552,0.983761429787,0.0113839739934,-0.00572109315544,0.68166655302,-0.731552124023
0.802149295807,0.0586263611913,0.983767032623,0.0110779237002,-0.00523759284988,0.681906700134,-0.731336534023
0.801221847534,0.0581020563841,0.982905864716,0.0153468558565,-0.00656828796491,0.681656777859,-0.731481671333
0.80166131258,0.0580166019499,0.982950627804,0.0155166434124,-0.00607094960287,0.682710945606,-0.730498611927
0.801838159561,0.0578740499914,0.982989788055,0.0154001088813,-0.00551677402109,0.682966351509,-0.73026663065
0.802035689354,0.0577435269952,0.983026564121,0.0157899614424,-0.00391274830326,0.682829976082,-0.730396211147
0.802154898643,0.0576283559203,0.983057498932,0.0156832877547,-0.00355740753002,0.683063685894,-0.73018181324
0.802275121212,0.0575186125934,0.983076095581,0.0156785082072,-0.00335007882677,0.683230936527,-0.730026423931
0.802409350872,0.0573781952262,0.983153879642,0.0146696139127,-0.0040455237031,0.683879256248,-0.729436635971
0.803392469883,0.0577088035643,0.984043955803,0.0109342886135,-0.00165341841057,0.684050619602,-0.729350686073
0.803253591061,0.0566211007535,0.983447492123,0.0142869418487,-0.000982721801847,0.684512495995,-0.728860557079
0.802758991718,0.0569831728935,0.983259379864,0.0142621183768,-0.00244604214095,0.684109628201,-0.729235649109
0.802863299847,0.0568611174822,0.98327755928,0.0141439335421,-0.00196142937057,0.68411141634,-0.729237854481
0.802945077419,0.0567476116121,0.983295440674,0.0141014596447,-0.00159449526109,0.684091031551,-0.729258716106
0.803063750267,0.0566259175539,0.983300864697,0.0149643523619,0.000755780842155,0.683474302292,-0.729820907116
0.802802741528,0.0566250495613,0.983254373074,0.0154380630702,0.000163705975865,0.683305740356,-0.729969263077
0.803825438023,0.0558820813894,0.983602821827,0.0147984065115,0.00356105389073,0.683674931526,-0.729628026485
0.803887724876,0.0557856634259,0.983599305153,0.0148786054924,0.0037579133641,0.683472633362,-0.729814887047
0.803951203823,0.0556877553463,0.98360055685,0.0141071993858,0.00407514022663,0.682899832726,-0.730364441872
0.8039752841,0.0555750578642,0.983616828918,0.0151181258261,0.00458966614679,0.682356595993,-0.730848789215
0.804037630558,0.0554757006466,0.983604431152,0.0149482851848,0.00464944634587,0.682033598423,-0.73115336895
0.80403649807,0.0553481578827,0.983611762524,0.0154818715528,0.00345443678088,0.682194054127,-0.730999171734
0.803542733192,0.0557528696954,0.983442366123,0.013830752112,0.00301543646492,0.681395530701,-0.731778502464
0.803587079048,0.0556547418237,0.983443975449,0.0135750239715,0.00323090027086,0.68098294735,-0.732166230679
0.803636670113,0.055560387671,0.983430087566,0.0134463356808,0.00321697210893,0.6805768013,-0.732546269894
0.803675949574,0.0554705634713,0.983420491219,0.0133610665798,0.00341169699095,0.680167555809,-0.73292696476
0.803735017776,0.0553656667471,0.983405828476,0.0129799582064,0.00247629825026,0.678466558456,-0.734512507915
0.803792536259,0.0552827566862,0.983386099339,0.0112328212708,0.00191346334759,0.678591012955,-0.734427988529
0.803892970085,0.0552219115198,0.983382642269,0.0117788324133,0.00177499256097,0.678739011288,-0.734282970428
0.803933978081,0.0551162287593,0.983374476433,0.0116482162848,0.00189366028644,0.678023993969,-0.734945058823
0.803942501545,0.0549840182066,0.983386456966,0.0117773870006,0.00440928619355,0.676869392395,-0.735995769501
0.803921937943,0.0548497661948,0.983375310898,0.0114026311785,0.00434098672122,0.676078557968,-0.736728489399
0.804725766182,0.0551254674792,0.984266996384,0.00952532142401,0.00532588688657,0.675492346287,-0.737286269665
0.804401934147,0.0551099479198,0.984044611454,0.00975648127496,0.00357358087786,0.674820184708,-0.737909138203
0.803532540798,0.0545738972723,0.983190238476,0.0134780127555,0.00199669087306,0.674086511135,-0.738526761532
0.804353535175,0.0548073500395,0.983947992325,0.00964162591845,0.00234678713605,0.674030065536,-0.738637328148
0.803537964821,0.0542832240462,0.983170390129,0.0114964572713,0.00157929561101,0.673341214657,-0.739240944386
0.804652273655,0.054402500391,0.983888626099,0.0100805535913,0.00291074137203,0.673229515553,-0.739359259605
0.804581999779,0.0542300008237,0.983907699585,0.00924623943865,0.00289806583896,0.672095179558,-0.74040132761
0.804524064064,0.0540628805757,0.983976364136,0.0080215157941,0.00411153957248,0.671403169632,-0.741037487984
0.804471075535,0.0538685061038,0.983982622623,0.00927231274545,0.0049356110394,0.6700065732,-0.742280840874
0.804419457912,0.0536953173578,0.984031975269,0.0107079148293,0.00383632653393,0.669420659542,-0.74279654026
0.804362535477,0.0534709692001,0.984068930149,0.00898542348295,0.00340892421082,0.669384181499,-0.742854297161
0.804289758205,0.0532615818083,0.984100461006,0.00882608536631,0.00327905570157,0.668685257435,-0.743485987186
0.804289162159,0.0530004985631,0.984197735786,0.00926547404379,0.00365712516941,0.668261647224,-0.7438595891
0.804084300995,0.0527357682586,0.984170138836,0.00929398275912,0.00337005709298,0.667556345463,-0.744493722916
0.803992390633,0.0525047667325,0.984189391136,0.00952317286283,0.00341049139388,0.667102873325,-0.744897007942
0.803357362747,0.052739456296,0.983838915825,0.0114938467741,0.0020810875576,0.666079461575,-0.745789289474
0.802399754524,0.0520959198475,0.983100116253,0.0131190149114,0.000847157789394,0.664933383465,-0.746787071228
0.802205443382,0.0517734065652,0.98312574625,0.0126211754978,0.00202406058088,0.664620399475,-0.747071802616
0.802570700645,0.0510246567428,0.98356294632,0.0133420592174,0.00255392165855,0.663515806198,-0.748038887978
0.802486002445,0.0507223494351,0.983659029007,0.0134304706007,0.00296994624659,0.662891447544,-0.748589158058
0.803099274635,0.0508491098881,0.984370470047,0.0102393459529,0.00448526116088,0.662261724472,-0.749189138412
0.803002417088,0.0504887513816,0.984536111355,0.011913661845,0.00336498185061,0.661628365517,-0.749729752541
0.801908910275,0.0497190579772,0.983758270741,0.0129554066807,0.00340446317568,0.660878062248,-0.750373721123
0.802405416965,0.0498004183173,0.984480440617,0.010941259563,0.00323517806828,0.660083532333,-0.751105606556
0.802236199379,0.0495001785457,0.984552621841,0.0112735899165,0.00332917342894,0.659465074539,-0.751643359661
0.802260518074,0.0490952283144,0.984536647797,0.0129168964922,0.00191280583385,0.658818244934,-0.752188920975
0.801270961761,0.0482913553715,0.983800888062,0.0152678024024,0.00094187859213,0.658222019672,-0.752668440342
0.801119208336,0.0478632301092,0.983957767487,0.0153822544962,0.00178943807259,0.657953977585,-0.752898991108
0.800945162773,0.0474622771144,0.983982563019,0.0154972998425,0.000643543957267,0.657073438168,-0.753667116165
0.800535261631,0.047126647085,0.983806371689,0.0157816410065,-6.88335421728e-05,0.656361997128,-0.754281044006
0.800202131271,0.0466637946665,0.983832478523,0.015225992538,0.000846520648338,0.656267344952,-0.754374325275
0.800861299038,0.0465837232769,0.984714865685,0.0122819608077,0.00154884310905,0.65539675951,-0.755183398724
0.80086606741,0.0461699962616,0.984924376011,0.0122123099864,0.00114021496847,0.654891133308,-0.755623698235
0.799825847149,0.0452609844506,0.984141051769,0.0145704206079,0.000450307008578,0.654502928257,-0.75591892004
0.799478411674,0.0447942242026,0.983980357647,0.0161874294281,-0.00142841623165,0.653923869133,-0.756385862827
0.79944562912,0.0442925542593,0.984194815159,0.0159248169512,-0.00176340318285,0.653635680676,-0.756639838219
0.799243092537,0.043816819787,0.984196782112,0.0159845799208,-0.00196406501345,0.653057813644,-0.757136881351
0.799916088581,0.0437297821045,0.985044836998,0.0142563292757,-0.000961893354543,0.652867019176,-0.757337808609
0.798834860325,0.0427241101861,0.984185695648,0.0142368609086,0.000485328200739,0.652744889259,-0.757443845272
0.799381554127,0.0425880365074,0.985045731068,0.0127046462148,0.00176290643867,0.652578294277,-0.757612764835
0.799235284328,0.0420196130872,0.985045313835,0.0117591982707,0.00310780387372,0.652263820171,-0.757894456387
0.798164308071,0.0410596095026,0.984208881855,0.014253760688,0.00100509135518,0.651594340801,-0.758433043957
0.797348976135,0.0409262143075,0.983846247196,0.0152761638165,-0.00231838109903,0.651112437248,-0.758823990822
0.797514736652,0.0398945175111,0.984136760235,0.0151052772999,-0.000871736730915,0.650746405125,-0.759144425392
0.797265410423,0.0393362529576,0.984106898308,0.0141131589189,-0.000239139029873,0.650035858154,-0.759772479534
0.797914922237,0.0390805564821,0.984941244125,0.0130064133555,-0.000554118189029,0.649918854237,-0.759892106056
0.796855986118,0.0380415283144,0.984326064587,0.0135135985911,-1.93789619516e-05,0.649646639824,-0.760116219521
0.796573758125,0.0374120250344,0.984236001968,0.0145379975438,-0.00151899841148,0.649159193039,-0.760512173176
