Fx,Fy,Fz,Tx,Ty,Tz
0.115315529082854,-5.32665382184874,-0.328282852961832,0.22184247945704,0.01103150490672,0.2605217731245
0.409217061971854,-5.30221591748874,0.725735644498169,0.21640331720304,-0.00213108938188,0.249973621095
0.531676056359854,-5.74209867276874,1.38449714581817,0.24541221236204,-0.01811423879118,0.235909413422
0.311249884341854,-5.79097448147874,1.38449714581817,0.25357095574304,-0.00965256970378,0.2647410294659
0.409217061971854,-5.79097448147874,1.38449714581817,0.23634694193804,-0.01623386871068,0.24223830911
0.311249884341854,-5.52215705670874,1.25274465481817,0.22909472559904,-0.01811423879118,0.2506768292435
-0.0806188261756459,-4.66682992733874,1.38449714581817,0.23453388785304,-0.03127683494238,0.3252171090489
0.139807316039854,-4.98452268399874,0.725735644498169,0.19011401807304,-0.02751609291878,0.2731795495999
0.213282706712854,-4.91120897091874,0.330478648348168,0.17742262457804,-0.02845627795908,0.2654442450649
0.115315529082854,-4.88677106656874,0.857488135498168,0.19374012624204,-0.01999460887168,0.2788052371389
0.164299132798854,-4.78901944912874,0.462231139348169,0.20008581553904,-0.01811423879118,0.2781020215399
0.237774493669854,-4.42245040692874,0.593983153508169,0.21912289833004,-0.02187498267738,0.3132625332719
0.286758097385854,-4.81345735348874,0.330478648348168,0.18558136796004,-0.01341331358998,0.2738827651989
0.188790919755854,-4.10475717343874,0.330478648348168,0.19917928849704,-0.00871238466348,0.3090432694799
0.115315529082854,-3.37161956585875,-0.591787358121831,0.19827276145404,-0.00119090061638,0.3048240056879
-0.0071434355031458,-3.29830585278874,-0.723539610701831,0.18195525979004,-0.00025071557608,0.2999015411979
0.531676056359854,-1.73427830494875,-0.460035105541832,0.16563775812604,-0.02187498267738,0.2316901570805
0.580659630273854,-2.68735752858875,-0.987044354281831,0.11577872609104,-0.01247312854978,0.2120002730437
0.776593985532854,-1.66096459187875,-1.51405336459183,0.10761996780804,-0.00871238466348,0.2731795495999
0.507184269403854,-1.95421968258875,-0.723539610701831,0.08495677684704,-0.00589182954278,0.2949790618069
0.752102198575854,-1.26995764531875,-1.38230111201183,0.07226538335304,-0.00495164450258,0.249973621095
0.507184269403854,-1.92978177823874,-1.11879660685183,0.07861108010004,-0.00025071557608,0.2738827651989
0.458200635884854,-1.07445429123874,-1.51405336459183,0.07407843743804,-0.00307127442208,0.2823212853319
0.482692422841854,-1.51433692730875,-1.38230111201183,0.05594788168864,-0.00777219962328,0.2548960930356
0.580659630273854,-0.830074949639745,-1.64580561717183,0.04869565789894,-0.01341331358998,0.259115349377
0.629643204187854,-0.414630188125745,-1.64580561717183,0.04325648819404,-0.01341331358998,0.253489669288
0.703118565057854,-0.414630188125745,-1.51405336459183,0.01062148486574,-0.00871238466348,0.2450511491545
0.727610411618854,0.196318031770255,-1.64580561717183,0.00246273403364,-0.00025071557608,0.253489669288
0.825577619054854,0.489573196989255,-1.77755810817183,-0.0066025457034599,0.0063305834308199,0.2471607810505
0.801085772489854,0.098566310030255,-1.77755810817183,-0.02020046437776,0.0091511348262199,0.2429415172585
0.801085772489854,0.514011101347255,-1.77755810817183,-0.01657435248296,0.0035100245848199,0.2394254690655
0.850069406004854,0.758390383345255,-1.77755810817183,-0.01566782357796,-0.00871238466348,0.2352062052735
0.580659630273854,0.636200742346255,-1.64580561717183,-0.02745268723617,-0.01153294350948,0.235909413422
0.654134991143854,1.00276972495126,-1.64580561717183,-0.02926574271793,-0.01717405375088,0.2330965733775
0.580659630273854,1.10052134238125,-2.04106261332183,-0.04014407770398,-0.01153294350948,0.2330965733775
0.482692422841854,1.54040409766125,-2.04106261332183,-0.05918116445346,-0.00683201458308,0.2281741014369
0.654134991143854,1.71146954737125,-2.43631949027183,-0.07187255422276,-0.00871238466348,0.2218452131995
0.556167843316854,1.73590757094126,-2.04106261332183,-0.09272269854946,-0.00495164450258,0.2232516332217
0.580659630273854,1.98028673373125,-2.30456723769183,-0.09544227967656,-0.00401145946238,0.2239548450955
0.605151417230854,1.80922128401125,-2.04106261332183,-0.09634880671896,-0.00119090061638,0.2183291612812
0.531676056359854,1.76034547530126,-1.90931036075183,-0.09362922559186,-0.00683201458308,0.2084842211255
0.507184269403854,1.98028673373125,-2.17281486590183,-0.08093783209726,-0.01717405375088,0.2063745892294
0.384725275014854,2.07803858958125,-2.04106261332183,-0.07459213907516,-0.02281516771768,0.2120002730437
0.360233488057854,2.05360068522126,-2.04106261332183,-0.08003130505486,-0.02751609291878,0.2105938530215
0.409217061971854,2.05360068522126,-2.17281486590183,-0.09090964073936,-0.02375535275788,0.2063745892294
0.433708848928854,2.34685577593125,-2.17281486590183,-0.09362922559186,-0.02187498267738,0.2070778011032
0.433708848928854,2.39573158465126,-2.17281486590183,-0.11266631210846,-0.01435349863018,0.2042649610587
0.384725275014854,2.39573158465126,-2.04106261332183,-0.12535769815246,-0.01247312854978,0.2007489091404
0.384725275014854,2.54235924921126,-1.90931036075183,-0.13804909164696,-0.01341331358998,0.205671381081
0.335741701100854,2.46904529772126,-1.64580561717183,-0.15255353922596,-0.01999460887168,0.2084842211255
0.262266280625854,2.49348320208126,-1.51405336459183,-0.15617964739596,-0.02939646486188,0.2148131130882
0.188790919755854,2.51792134486125,-1.38230111201183,-0.15436659331096,-0.03691794704648,0.2176259531327
0.188790919755854,2.59123505793126,-1.51405336459183,-0.14983395809896,-0.03973850402978,0.2183291612812
0.213282706712854,2.83561433993125,-1.51405336459183,-0.14802089656396,-0.03785813208668,0.2218452131995
0.213282706712854,2.66454877100125,-1.51405336459183,-0.15889923597396,-0.02845627795908,0.221142005051
0.384725275014854,3.00667990885125,-1.90931036075183,-0.17159062946796,-0.02563572283838,0.2155163212367
0.384725275014854,2.93336595736125,-1.77755810817183,-0.17884284580796,-0.01623386871068,0.2148131130882
0.531676056359854,2.93336595736125,-1.77755810817183,-0.18337548101896,-0.01811423879118,0.2091874329992
0.580659630273854,3.05555571757125,-2.04106261332183,-0.18609507704796,-0.01247312854978,0.205671381081
0.556167843316854,3.05555571757125,-2.04106261332183,-0.19244076634496,-0.01247312854978,0.2070778011032
0.654134991143854,3.03111781321125,-1.64580561717183,-0.19969299758496,-0.00401145946238,0.2049681692072
0.654134991143854,2.93336595736125,-1.51405336459183,-0.19878645564096,-0.00213108938188,0.2014521210142
0.703118565057854,2.93336595736125,-1.51405336459183,-0.19787992859896,-0.00495164450258,0.1993424891182
0.605151417230854,3.07999362193125,-1.51405336459183,-0.19697340155596,-0.00401145946238,0.2014521210142
0.531676056359854,3.17774523936126,-1.51405336459183,-0.19425382042896,-0.00307127442208,0.1979360690959
0.482692422841854,3.15330733500126,-1.51405336459183,-0.19969299758496,-0.00495164450258,0.1958264371999
0.360233488057854,3.20218314372126,-1.51405336459183,-0.20422563279696,0.0044502096251199,0.1951232290514
0.262266280625854,3.00667990885125,-1.25054885943183,-0.21601049924896,0.0072707647458199,0.1965296490737
0.188790919755854,2.90892805300125,-1.25054885943183,-0.22779535079996,0.01855299267922,0.1937168090292
0.188790919755854,3.12886943064126,-1.11879660685183,-0.21963660741796,0.01667262259872,0.1894975470998
0.286758097385854,2.98224176608126,-1.38230111201183,-0.20694521392396,0.0035100245848199,0.1796526050814
0.311249884341854,3.10443152628125,-1.51405336459183,-0.19334729338696,-0.00965256970378,0.1810590269663
0.115315529082854,3.22662128649125,-1.25054885943183,-0.19969299758496,-0.01247312854978,0.1859814970442
0.115315529082854,3.07999362193125,-0.987044354281831,-0.21419743026296,-0.00683201458308,0.1873879170664
0.0663319402688541,3.17774523936126,-1.11879660685183,-0.20603868688196,-0.01059275474398,0.1873879170664
0.115315529082854,3.05555571757125,-0.987044354281831,-0.19697340155596,-0.01717405375088,0.1747301350035
0.115315529082854,0.294069753509255,-0.196530361971831,-0.14076867277396,0.03077540192752,0.0432298442969
0.0908237421268542,0.562886969667255,0.198726634188168,-0.10813366944586,0.02983521316202,0.0319784841189
0.262266280625854,0.782828287702255,-0.591787358121831,-0.11901200885576,0.02043336275962,0.0425266286979
0.286758097385854,0.856142119985255,-0.196530361971831,-0.12807728673016,0.01855299267922,0.0594036764149
0.286758097385854,0.758390383345255,-0.196530361971831,-0.11901200885576,0.02325391415512,0.0432298442969
0.237774493669854,1.14939727030125,-0.591787358121831,-0.10541408831876,0.0053903946653199,0.0347913167129
-0.0316352373611458,1.51596619330125,-0.987044354281831,-0.11175978506606,0.0025698395446199,0.0551844126229
0.0418401384108541,1.68703164301126,-1.11879660685183,-0.13260992194216,-0.01435349863018,0.0903449169048
-0.0561270317681459,1.68703164301126,-0.723539610701831,-0.13351645643516,-0.01811423879118,0.0959705969938
0.0173483514538541,1.71146954737125,-0.855291863281832,-0.12354464406766,-0.01717405375088,0.0812031886228
0.115315529082854,1.46709026537125,-0.591787358121831,-0.10813366944586,-0.02375535275788,0.0579972526679
0.0908237421268542,1.17383517466125,-0.460035105541832,-0.09544227967656,-0.01247312854978,0.0397137886529
0.0908237421268542,0.733952478987255,-0.328282852961832,-0.08365741694966,-0.00683201458308,0.0242431721339
-0.129602414990446,0.269631819349255,-0.196530361971831,-0.06915296937026,-0.01059275474398,0.0115853807579
-0.154094209397746,0.196318031770255,-0.0647783478118313,-0.06280727634826,-0.00589182954278,0.0017404368769
-0.203077798212546,0.025252526175855,0.066974143188169,-0.04558324484775,0.0053903946653199,-0.0193558671821
-0.350028572107146,0.294069753509255,0.198726634188168,-0.04558324484775,0.01103150490672,-0.0116205551971
-0.325536770249146,0.098566310030255,-0.0647783478118313,-0.04286366139228,0.0025698395446199,0.0882352924593
-0.178586003805146,0.123004244190255,-0.591787358121831,-0.03470491021095,-0.01529368367048,0.1128476447113
0.188790919755854,0.611762837988255,-0.196530361971831,-0.01566782357796,-0.01153294350948,0.0748743003853
0.531676056359854,0.391821460348255,-0.855291863281832,-0.0056960167984599,0.0025698395446199,0.0383073649059
0.458200635884854,0.294069753509255,-0.723539610701831,0.00064967994884,0.0082109535113199,0.0263528040299
0.311249884341854,0.416259394508255,-0.723539610701831,-0.0047894897560599,-0.00119090061638,0.0354945323119
0.0663319402688541,0.367383526188255,-0.0647783478118313,-0.01022865573566,-0.00025071557608,0.0558876207719
0.0173483514538541,0.000814597603555,-0.0647783478118313,-0.01566782357796,-0.00213108938188,0.0615133008609
0.0418401384108541,-0.048061259541045,0.198726634188168,-0.0084155997882599,0.0072707647458199,0.0523715725789
0.139807316039854,-0.243564693707745,-0.0647783478118313,-0.0020699049035599,0.01291187498722,0.0347913167129
0.188790919755854,0.367383526188255,-0.460035105541832,-0.0038829627136599,0.0006894694641199,0.0404170042519
0.213282706712854,0.391821460348255,0.066974143188169,-0.0066025457034599,-0.00401145946238,0.0467458924899
0.0418401384108541,-0.170250906127745,-0.196530361971831,-0.01294824058806,0.0025698395446199,0.0523715725789
0.0908237421268542,0.342945592028255,-0.328282852961832,-0.0093221286932599,-0.00213108938188,0.0558876207719
0.188790919755854,0.025252526175855,-0.328282852961832,-0.0084155997882599,0.0025698395446199,0.0460426843409
0.115315529082854,0.098566310030255,-0.0647783478118313,-0.0047894897560599,0.0044502096251199,0.0425266286979
0.213282706712854,0.196318031770255,-0.328282852961832,-0.0047894897560599,0.0006894694641199,0.0425266286979
0.115315529082854,0.342945592028255,-0.328282852961832,-0.0047894897560599,0.0016296545043199,0.0460426843409
0.139807316039854,0.294069753509255,-0.460035105541832,-0.0066025457034599,0.0016296545043199,0.0460426843409
0.213282706712854,0.416259394508255,-0.0647783478118313,-0.0020699049035599,-0.00401145946238,0.0411202124009
0.213282706712854,0.269631819349255,-0.328282852961832,-0.0056960167984599,-0.00307127442208,0.0411202124009
0.0908237421268542,0.147442163449255,-0.328282852961832,-0.0047894897560599,0.0016296545043199,0.0432298442969
0.0663319402688541,0.025252526175855,-0.196530361971831,-0.01022865573566,0.0006894694641199,0.0495587325339
0.0663319402688541,0.025252526175855,-0.0647783478118313,-0.0075090727458599,-0.00119090061638,0.0495587325339
0.115315529082854,0.000814597603555,-0.328282852961832,-0.0075090727458599,0.0006894694641199,0.0460426843409
0.139807316039854,0.171880097609255,-0.328282852961832,-0.0093221286932599,-0.00119090061638,0.0495587325339
0.0908237421268542,0.147442163449255,-0.460035105541832,-0.0084155997882599,0.0016296545043199,0.0474491006379
0.139807316039854,0.171880097609255,-0.328282852961832,-0.0056960167984599,-0.00025071557608,0.0453394687419
0.164299132798854,0.196318031770255,-0.328282852961832,-0.0047894897560599,-0.00213108938188,0.0446362605939
0.188790919755854,0.147442163449255,-0.196530361971831,-0.0029764319459599,-0.00025071557608,0.0404170042519
0.213282706712854,0.220755951029255,-0.196530361971831,-0.0020699049035599,-0.00119090061638,0.0397137886529
0.213282706712854,0.391821460348255,-0.196530361971831,-0.0038829627136599,-0.00495164450258,0.0453394687419
0.139807316039854,0.342945592028255,-0.196530361971831,-0.0066025457034599,-0.00401145946238,0.0488555243859
0.0908237421268542,0.147442163449255,-0.196530361971831,-0.0084155997882599,-0.00025071557608,0.0474491006379
0.115315529082854,0.123004244190255,-0.196530361971831,-0.0084155997882599,0.0006894694641199,0.0474491006379
0.0908237421268542,0.000814597603555,-0.328282852961832,-0.0093221286932599,0.0006894694641199,0.0460426843409
0.0418401384108541,-0.048061259541045,-0.196530361971831,-0.0084155997882599,0.0016296545043199,0.0467458924899
0.0663319402688541,0.049690456610755,-0.196530361971831,-0.0084155997882599,-0.00025071557608,0.0467458924899
0.164299132798854,0.220755951029255,-0.328282852961832,-0.0075090727458599,0.0016296545043199,0.0439330524449
0.164299132798854,0.245193885189255,-0.328282852961832,-0.0066025457034599,-0.00025071557608,0.0432298442969
0.164299132798854,0.196318031770255,-0.196530361971831,-0.0066025457034599,-0.00025071557608,0.0432298442969
0.213282706712854,0.196318031770255,-0.328282852961832,-0.0056960167984599,-0.00025071557608,0.0432298442969
0.188790919755854,0.391821460348255,-0.328282852961832,-0.0056960167984599,-0.00213108938188,0.0453394687419
0.213282706712854,0.367383526188255,-0.196530361971831,-0.0038829627136599,-0.00495164450258,0.0432298442969
0.164299132798854,0.342945592028255,-0.328282852961832,-0.0038829627136599,-0.00307127442208,0.0439330524449
0.115315529082854,0.416259394508255,-0.328282852961832,-0.0056960167984599,-0.00307127442208,0.0481523087869
0.115315529082854,0.269631819349255,-0.460035105541832,-0.0075090727458599,-0.00307127442208,0.0460426843409
0.115315529082854,0.049690456610755,-0.328282852961832,-0.0075090727458599,0.0035100245848199,0.0432298442969
0.115315529082854,-0.048061259541045,-0.460035105541832,-0.0075090727458599,0.0035100245848199,0.0418234205489
0.139807316039854,-0.023623330968745,-0.460035105541832,-0.0066025457034599,0.0025698395446199,0.0404170042519
0.115315529082854,0.147442163449255,-0.460035105541832,-0.0066025457034599,-0.00025071557608,0.0446362605939
0.164299132798854,0.220755951029255,-0.328282852961832,-0.0047894897560599,-0.00119090061638,0.0460426843409
0.139807316039854,0.318507657867255,-0.328282852961832,-0.0056960167984599,0.0006894694641199,0.0439330524449
0.213282706712854,0.318507657867255,-0.328282852961832,-0.0047894897560599,-0.00119090061638,0.0432298442969
0.139807316039854,0.245193885189255,-0.328282852961832,-0.0066025457034599,0.0006894694641199,0.0453394687419
0.115315529082854,0.269631819349255,-0.328282852961832,-0.0056960167984599,0.0006894694641199,0.0446362605939
0.164299132798854,0.245193885189255,-0.196530361971831,-0.0056960167984599,-0.00119090061638,0.0453394687419
0.115315529082854,0.269631819349255,-0.328282852961832,-0.0066025457034599,0.0006894694641199,0.0439330524449
0.115315529082854,0.171880097609255,-0.328282852961832,-0.0056960167984599,0.0053903946653199,0.0418234205489
0.139807316039854,0.123004244190255,-0.460035105541832,-0.0066025457034599,0.0025698395446199,0.0418234205489
0.164299132798854,0.025252526175855,-0.460035105541832,-0.0066025457034599,0.0025698395446199,0.0432298442969
0.139807316039854,-0.023623330968745,-0.328282852961832,-0.0075090727458599,0.0016296545043199,0.0425266286979
0.188790919755854,0.123004244190255,-0.460035105541832,-0.0056960167984599,0.0016296545043199,0.0425266286979
0.139807316039854,0.220755951029255,-0.328282852961832,-0.0066025457034599,0.0016296545043199,0.0425266286979
0.115315529082854,0.294069753509255,-0.328282852961832,-0.0056960167984599,-0.00213108938188,0.0453394687419
0.115315529082854,0.318507657867255,-0.328282852961832,-0.0056960167984599,-0.00213108938188,0.0460426843409
0.139807316039854,0.294069753509255,-0.196530361971831,-0.0056960167984599,-0.00119090061638,0.0446362605939
0.139807316039854,0.196318031770255,-0.196530361971831,-0.0066025457034599,-0.00025071557608,0.0411202124009
0.164299132798854,0.171880097609255,-0.328282852961832,-0.0056960167984599,-0.00025071557608,0.0411202124009
0.139807316039854,0.147442163449255,-0.328282852961832,-0.0056960167984599,-0.00025071557608,0.0404170042519
0.139807316039854,0.220755951029255,-0.328282852961832,-0.0047894897560599,-0.00213108938188,0.0418234205489
0.0663319402688541,0.220755951029255,-0.723539610701831,-0.0038829627136599,-0.00495164450258,0.0397137886529
0.115315529082854,0.269631819349255,-0.987044354281831,-0.0002568508187599,-0.00965256970378,0.0347913167129
0.115315529082854,0.465135233026255,-1.38230111201183,0.00608884592854,-0.02281516771768,0.0291656366239
0.115315529082854,0.660638646704255,-1.51405336459183,0.01152801190814,-0.03315720502288,0.0214303246389
0.0908237421268542,0.856142119985255,-1.51405336459183,0.01334106971824,-0.03785813208668,0.0179142764459
-0.0561270317681459,0.831704156023255,-1.11879660685183,0.00518231888614,-0.04161887411028,0.0172110608469
-0.0561270317681459,0.831704156023255,-1.11879660685183,0.00790190001334,-0.04067868907008,0.0165078601489
-0.0316352373611458,0.733952478987255,-0.987044354281831,0.01243454267584,-0.03785813208668,0.0151014289509
-0.0806188261756459,0.440697298866255,-0.987044354281831,0.01152801190814,-0.03409739192578,0.0129918119559
-0.203077798212546,0.318507657867255,-0.855291863281832,0.01152801190814,-0.02939646486188,0.0143982282529
-0.227569592619846,0.171880097609255,-0.855291863281832,0.00790190001334,-0.02375535275788,0.0207271239409
-0.227569592619846,0.025252526175855,-0.591787358121831,0.00608884592854,-0.01999460887168,0.0242431721339
-0.252061387027246,-0.096937118548245,-0.591787358121831,0.00608884592854,-0.01905442383138,0.0270560047279
-0.325536770249146,-0.121375045257945,-0.591787358121831,0.00246273403364,-0.01247312854978,0.0298688522229
-0.350028572107146,-0.121375045257945,-0.591787358121831,0.00336926107604,-0.01341331358998,0.0319784841189
-0.0561270317681459,0.049690456610755,-0.723539610701831,-0.0029764319459599,-0.00965256970378,0.0354945323119
0.0173483514538541,0.220755951029255,-0.723539610701831,-0.0002568508187599,-0.00965256970378,0.0333849004159
0.0418401384108541,0.342945592028255,-0.723539610701831,-0.0002568508187599,-0.01247312854978,0.0319784841189
0.0663319402688541,0.465135233026255,-0.460035105541832,0.00246273403364,-0.01529368367048,0.0319784841189
0.115315529082854,0.562886969667255,-0.591787358121831,0.00155620699124,-0.01435349863018,0.0298688522229
0.164299132798854,0.587324874025255,-0.723539610701831,0.00246273403364,-0.01341331358998,0.0270560047279
0.188790919755854,0.538449005705255,-0.855291863281832,0.00246273403364,-0.00683201458308,0.0256495884309
0.213282706712854,0.587324874025255,-0.855291863281832,0.00155620699124,-0.01059275474398,0.0277592203269
0.188790919755854,0.611762837988255,-0.855291863281832,0.00155620699124,-0.01059275474398,0.0277592203269
0.237774493669854,0.733952478987255,-0.987044354281831,-0.0038829627136599,-0.01529368367048,0.0326816848169
0.262266280625854,0.807266251665255,-1.11879660685183,-0.0047894897560599,-0.01717405375088,0.0326816848169
0.311249884341854,0.880580024343255,-1.38230111201183,-0.0056960167984599,-0.01905442383138,0.0319784841189
0.384725275014854,1.02720762930125,-1.51405336459183,-0.0066025457034599,-0.02093479391188,0.0312752685199
0.409217061971854,1.12495936594125,-1.25054885943183,-0.01838740843036,-0.01999460887168,0.0326816848169
0.384725275014854,1.17383517466125,-0.855291863281832,-0.03833102187297,-0.01247312854978,0.0361977330099
0.409217061971854,1.07608343802125,-0.987044354281831,-0.05918116445346,-0.00777219962328,0.0509651562819
0.384725275014854,0.782828287702255,-0.987044354281831,-0.08275088990726,0.01197169367222,0.0657325646528
0.507184269403854,0.880580024343255,-0.987044354281831,-0.09544227967656,0.01573243383322,0.0769839248308
0.213282706712854,2.17579020701125,-1.77755810817183,-0.13351645643516,0.0053903946653199,0.2028585410365
0.262266280625854,2.12691439829125,-1.38230111201183,-0.16343187118596,0.0035100245848199,0.2049681692072
0.115315529082854,1.78478337965125,-1.25054885943183,-0.17521673763796,0.0082109535113199,0.2295805251845
0.0908237421268542,1.73590757094126,-1.11879660685183,-0.17884284580796,0.0063305834308199,0.236612629021
0.0908237421268542,1.49152828894125,-0.987044354281831,-0.18156242693496,0.01479225251822,0.2387222534665
0.115315529082854,1.34490062438125,-1.11879660685183,-0.17431021059596,0.01855299267922,0.2429415172585
0.115315529082854,1.24714900694125,-1.25054885943183,-0.17340368355296,0.01573243383322,0.244347941006
0.0663319402688541,0.929455892664255,-0.987044354281831,-0.15436659331096,0.01009132359182,0.2450511491545
0.0663319402688541,0.636200742346255,-0.987044354281831,-0.14348826135196,0.0025698395446199,0.249270405496
-0.0806188261756459,0.318507657867255,-0.987044354281831,-0.11447936619326,-0.00965256970378,0.257005717481
-0.0561270317681459,0.049690456610755,-0.855291863281832,-0.09453575263416,-0.01717405375088,0.2541928774365
-0.105110620583046,-0.439068122285745,-1.25054885943183,-0.06552685933806,-0.01717405375088,0.245754357303
-0.203077798212546,-0.732323272603745,-1.11879660685183,-0.04377018936599,-0.02187498267738,0.240128677214
-0.227569592619846,-0.927826686280745,-1.11879660685183,-0.01748087952536,-0.02845627795908,0.247863989199
-0.252061387027246,-1.26995764531875,-1.25054885943183,0.01062148486574,-0.03221701998268,0.255599301184
-0.203077798212546,-1.61208866394875,-1.38230111201183,0.02965857510764,-0.03221701998268,0.2598185575255
-0.105110620583046,-1.75871620930874,-1.38230111201183,0.05322830056154,-0.02657590787858,0.2696635014069
-0.0561270317681459,-2.00309549130874,-1.25054885943183,0.06591968660504,-0.01999460887168,0.2795084452879
0.0663319402688541,-2.49185405529875,-0.987044354281831,0.08676983093204,-0.02187498267738,0.2907598129159
-0.0316352373611458,-2.90729890622874,-0.723539610701831,0.11033954893504,-0.02469553779808,0.2970886937029
-0.129602414990446,-3.37161956585875,-0.328282852961832,0.13662886296704,-0.02751609291878,0.3006047418959
-0.178586003805146,-3.66487465657874,-0.591787358121831,0.15475941871604,-0.02845627795908,0.3006047418959
-0.178586003805146,-3.88481603421874,-0.196530361971831,0.16926386629504,-0.03315720502288,0.3055272212869
-0.252061387027246,-4.25138507641874,-0.196530361971831,0.17651609753604,-0.03785813208668,0.3076368531829
-0.301044975842146,-4.61795411862874,-0.196530361971831,0.19736623441204,-0.04443943016228,0.3041208049899
-0.374520359064146,-4.93564687527874,0.330478648348168,0.21730984424504,-0.04914035722613,0.2970886937029
-0.399012146021146,-5.57103334225874,0.462231139348169,0.23272083376804,-0.05384128428995,0.2809148615849
-0.301044975842146,-5.86428819455874,0.593983153508169,0.24994484757404,-0.055721654952499,0.2738827651989
-0.276553181434646,-5.96203981198874,0.725735644498169,0.25629053687104,-0.05102072823792,0.2717731333029
-0.129602414990446,-6.13310561932874,0.725735644498169,0.24813179348904,-0.04161887411028,0.26263139757
-0.178586003805146,-6.25529514111874,0.857488135498168,0.24722526644704,-0.03785813208668,0.2605217731245
-0.154094209397746,-6.45079837597874,0.989240149658168,0.25447748278604,-0.04537961613388,0.2541928774365
-0.227569592619846,-6.71961580075874,1.12099264065817,0.27170152639304,-0.05478146956302,0.2485671973475
-0.276553181434646,-7.01287112988874,1.25274465481817,0.29345820521304,-0.0613627674058,0.2429415172585
-0.252061387027246,-7.23281226910874,1.38449714581817,0.30886916493404,-0.05290109878405,0.2337997889765
-0.105110620583046,-7.42831550396874,1.51624963680817,0.31521485423004,-0.04537961613388,0.2239548450955
-0.0806188261756459,-7.50162969388875,1.38449714581817,0.32246710037204,-0.04631980117408,0.219032373155
-0.129602414990446,-7.55050550259874,1.38449714581817,0.32246710037204,-0.04631980117408,0.2183291612812
-0.227569592619846,-7.59938131131874,1.25274465481817,0.32246710037204,-0.05008054273202,0.221142005051
-0.325536770249146,-7.64825712002874,1.38449714581817,0.32609320854104,-0.05196091327816,0.224658053244
-0.447995749737146,-7.81932245053874,1.25274465481817,0.33697153305004,-0.06324313795194,0.232393365229
-0.496979323650146,-7.91707406796874,1.38449714581817,0.34422374938904,-0.06606369446963,0.235909413422
-0.496979323650146,-8.03926358975874,1.51624963680817,0.35782168482704,-0.06888425052168,0.24223830911
-0.496979323650146,-8.08813939846874,1.64800165096817,0.36688695525104,-0.07170480657368,0.243644725407
-0.521471140409146,-8.03926358975874,1.51624963680817,0.35963473891204,-0.06418332345783,0.2464575654515
-0.594946501280146,-7.99038825787874,1.38449714581817,0.34875638460104,-0.06230295244604,0.2506768292435
-0.594946501280146,-7.96595035351874,1.38449714581817,0.34331722234704,-0.06512350849807,0.255599301184
-0.717405495668146,-7.81932245053874,0.989240149658168,0.33878458713504,-0.07734591867778,0.2717731333029
-0.717405495668146,-7.69713292874874,1.12099264065817,0.33425195192304,-0.08016647566108,0.2781020215399
-0.668421891952146,-7.55050550259874,1.12099264065817,0.32337362741404,-0.08110666070128,0.2872437572729
-0.790880856539146,-7.52606759823874,0.989240149658168,0.31974751924504,-0.08204684574158,0.2921662292129
-0.692913708711146,-7.57494340695874,0.989240149658168,0.32881278966904,-0.07922628875818,0.2809148615849
-0.619438288236146,-7.57494340695874,0.989240149658168,0.33243889783804,-0.08016647566108,0.2703667095549
-0.570454714323146,-7.52606759823874,0.989240149658168,0.32428015445704,-0.07640573363748,0.26263139757
-0.521471140409146,-7.37943969525874,0.593983153508169,0.30796263789104,-0.07358517665418,0.25770893308
-0.521471140409146,-7.25725017346874,0.593983153508169,0.29617778634004,-0.07358517665418,0.2541928774365
-0.643930104996146,-7.20837436474874,0.725735644498169,0.28983209704404,-0.07922628875818,0.255599301184
-0.619438288236146,-7.13506065167874,0.593983153508169,0.28529943202904,-0.08392721582208,0.2605217731245
-0.301044975842146,-7.11062274731874,0.593983153508169,0.28892557000104,-0.06512350849807,0.2541928774365
-0.0806188261756459,-7.06174693860874,0.462231139348169,0.29073862408604,-0.05196091327816,0.2464575654515
-0.129602414990446,-7.08618484295874,0.330478648348168,0.28529943202904,-0.04443943016228,0.245754357303
-0.0316352373611458,-7.01287112988874,0.330478648348168,0.27895374273304,-0.04537961613388,0.2429415172585
-0.0316352373611458,-6.93955693997874,0.198726634188168,0.27351458047804,-0.04349924512208,0.240128677214
-0.154094209397746,-6.86624322690875,0.198726634188168,0.26898194526604,-0.04820017218589,0.243644725407
-0.276553181434646,-6.86624322690875,0.066974143188169,0.26626236413904,-0.05290109878405,0.2485671973475
-0.325536770249146,-6.76849160946874,0.066974143188169,0.26626236413904,-0.06418332345783,0.2619281894215
-0.227569592619846,-6.74405370511874,-0.0647783478118313,0.26444931005404,-0.05008054273202,0.2675538695109
-0.0806188261756459,-6.74405370511874,0.066974143188169,0.26716889118204,-0.04255905915048,0.2654442450649
-0.0071434355031458,-6.71961580075874,0.066974143188169,0.26898194526604,-0.04067868907008,0.26263139757
0.0173483514538541,-6.64630208767874,-0.0647783478118313,0.26354278301204,-0.03409739192578,0.2598185575255
0.0418401384108541,-6.52411256588874,-0.328282852961832,0.25538400982804,-0.03691794704648,0.2584121412285
-0.105110620583046,-6.42636047162874,-0.328282852961832,0.24994484757404,-0.04820017218589,0.257005717481
-0.154094209397746,-6.27973304547874,-0.328282852961832,0.24178610419204,-0.05102072823792,0.2548960930356
-0.154094209397746,-6.08422981060874,-0.591787358121831,0.22274900650004,-0.05290109878405,0.259115349377
0.0173483514538541,-5.96203981198874,-0.723539610701831,0.20915110086404,-0.04255905915048,0.261224981273
0.139807316039854,-5.83985029019874,-0.591787358121831,0.20915110086404,-0.03409739192578,0.257005717481
0.188790919755854,-5.96203981198874,-0.460035105541832,0.21187068199104,-0.02657590787858,0.2520832455405
0.237774493669854,-5.98647771634874,-0.460035105541832,0.22093595241504,-0.02281516771768,0.247863989199
0.384725275014854,-5.91316400326874,-0.987044354281831,0.21730984424504,-0.02281516771768,0.2541928774365
0.360233488057854,-5.86428819455874,-0.723539610701831,0.21368373607604,-0.02939646486188,0.2464575654515
0.311249884341854,-5.79097448147874,-0.855291863281832,0.20643151973704,-0.03597776200618,0.247863989199
0.311249884341854,-5.74209867276874,-0.855291863281832,0.19464665328504,-0.03973850402978,0.24223830911
0.262266280625854,-5.79097448147874,-0.855291863281832,0.19736623441204,-0.03785813208668,0.243644725407
0.164299132798854,-5.88872609890874,-0.591787358121831,0.20733804677904,-0.03409739192578,0.2450511491545
0.115315529082854,-5.96203981198874,-0.591787358121831,0.22274900650004,-0.03691794704648,0.2471607810505
0.213282706712854,-6.13310561932874,-0.460035105541832,0.23906652306504,-0.04161887411028,0.2506768292435
0.213282706712854,-6.25529514111874,-0.460035105541832,0.25085137461604,-0.03691794704648,0.2485671973475
0.213282706712854,-6.27973304547874,-0.328282852961832,0.25266442870104,-0.03597776200618,0.249270405496
0.188790919755854,-6.20641933239874,-0.460035105541832,0.24178610419204,-0.03973850402978,0.249973621095
0.213282706712854,-6.10866771496874,-0.460035105541832,0.23272083376804,-0.04161887411028,0.2464575654515
0.188790919755854,-6.05979190625874,-0.591787358121831,0.22728167151404,-0.04161887411028,0.2520832455405
0.188790919755854,-6.10866771496874,-0.328282852961832,0.23362736081104,-0.04820017218589,0.2520832455405
0.115315529082854,-6.15754352368874,-0.196530361971831,0.24450568531904,-0.05196091327816,0.253489669288
0.115315529082854,-6.27973304547874,0.066974143188169,0.25447748278604,-0.05948239639401,0.2541928774365
0.0663319402688541,-6.30417094983874,0.066974143188169,0.25538400982804,-0.05478146956302,0.255599301184
0.0418401384108541,-6.27973304547874,0.066974143188169,0.24994484757404,-0.06418332345783,0.2520832455405
-0.0316352373611458,-6.25529514111874,-0.0647783478118313,0.24813179348904,-0.06230295244604,0.247863989199
0.0663319402688541,-6.23085723675874,-0.196530361971831,0.23815999602304,-0.05948239639401,0.241535093511
0.0418401384108541,-6.25529514111874,-0.196530361971831,0.23362736081104,-0.05478146956302,0.236612629021
0.0663319402688541,-6.27973304547874,-0.196530361971831,0.24269263123504,-0.05854221112094,0.2330965733775
0.0173483514538541,-6.40192256726874,0.066974143188169,0.25175790165904,-0.06418332345783,0.2337997889765
-0.0316352373611458,-6.45079837597874,-0.0647783478118313,0.25357095574304,-0.06324313795194,0.2352062052735
0.0173483514538541,-6.47523628033874,0.198726634188168,0.26172972892704,-0.06606369446963,0.238019045318
-0.0071434355031458,-6.45079837597874,0.066974143188169,0.26082320188504,-0.06324313795194,0.236612629021
0.0908237421268542,-6.37748466290874,-0.0647783478118313,0.25175790165904,-0.05008054273202,0.2330965733775
0.115315529082854,-6.35304675854874,-0.196530361971831,0.24631873940404,-0.04631980117408,0.228877317036
0.188790919755854,-6.30417094983874,-0.460035105541832,0.23544041489604,-0.03785813208668,0.230986948932
0.188790919755854,-6.35304675854874,-0.0647783478118313,0.23997305010804,-0.03785813208668,0.2330965733775
0.139807316039854,-6.40192256726874,-0.0647783478118313,0.25266442870104,-0.04161887411028,0.2352062052735
0.0908237421268542,-6.47523628033874,0.066974143188169,0.26082320188504,-0.04537961613388,0.24223830911
0.0908237421268542,-6.52411256588874,0.066974143188169,0.26444931005404,-0.04443943016228,0.243644725407
0.0663319402688541,-6.57298837460874,0.198726634188168,0.26807541822404,-0.04820017218589,0.24223830911
0.0173483514538541,-6.54855047024874,0.198726634188168,0.26535583709704,-0.05008054273202,0.241535093511
-0.0316352373611458,-6.42636047162874,-0.0647783478118313,0.25629053687104,-0.05384128428995,0.24223830911
-0.0806188261756459,-6.37748466290874,-0.196530361971831,0.25085137461604,-0.05290109878405,0.2429415172585
-0.0561270317681459,-6.30417094983874,-0.0647783478118313,0.24178610419204,-0.055721654952499,0.2394254690655
-0.129602414990446,-6.27973304547874,-0.0647783478118313,0.23815999602304,-0.05478146956302,0.241535093511
-0.154094209397746,-6.27973304547874,0.198726634188168,0.24359915827704,-0.06230295244604,0.238019045318
-0.154094209397746,-6.32860885418874,0.198726634188168,0.24813179348904,-0.06418332345783,0.2373158371695
-0.178586003805146,-6.37748466290874,0.330478648348168,0.24903832053104,-0.06230295244604,0.2352062052735
-0.0806188261756459,-6.40192256726874,0.066974143188169,0.25085137461604,-0.05854221112094,0.230283733333
-0.0561270317681459,-6.42636047162874,0.066974143188169,0.24994484757404,-0.05290109878405,0.2281741014369
0.0173483514538541,-6.45079837597874,0.066974143188169,0.25175790165904,-0.05008054273202,0.224658053244
0.0173483514538541,-6.45079837597874,-0.0647783478118313,0.25266442870104,-0.04537961613388,0.2239548450955
-0.0071434355031458,-6.40192256726874,0.066974143188169,0.24994484757404,-0.04255905915048,0.2253612651177
0.0663319402688541,-6.35304675854874,0.066974143188169,0.24631873940404,-0.04255905915048,0.22676768514
0.0663319402688541,-6.27973304547874,-0.328282852961832,0.24359915827704,-0.03785813208668,0.230283733333
0.188790919755854,-6.40192256726874,-0.196530361971831,0.24813179348904,-0.02845627795908,0.2232516332217
0.237774493669854,-6.47523628033874,0.066974143188169,0.25538400982804,-0.01999460887168,0.2197355813034
0.286758097385854,-6.49967418469874,0.066974143188169,0.26082320188504,-0.01529368367048,0.219032373155
0.213282706712854,-6.47523628033874,0.066974143188169,0.25991667484204,-0.01529368367048,0.2204387931772
0.164299132798854,-6.35304675854874,0.066974143188169,0.24994484757404,-0.02187498267738,0.221142005051
0.164299132798854,-6.23085723675874,-0.196530361971831,0.23906652306504,-0.02563572283838,0.2232516332217
0.115315529082854,-6.10866771496874,-0.196530361971831,0.22818819855604,-0.03033664990218,0.2260644769915
0.0908237421268542,-6.05979190625874,-0.328282852961832,0.22365553354204,-0.03409739192578,0.22676768514
0.0663319402688541,-6.08422981060874,-0.196530361971831,0.22274900650004,-0.03503757696598,0.22676768514
0.139807316039854,-6.15754352368874,-0.328282852961832,0.23544041489604,-0.03503757696598,0.2239548450955
0.164299132798854,-6.25529514111874,-0.196530361971831,0.24631873940404,-0.03315720502288,0.221142005051
0.115315529082854,-6.32860885418874,0.066974143188169,0.24903832053104,-0.03315720502288,0.2218452131995
0.115315529082854,-6.27973304547874,-0.0647783478118313,0.24722526644704,-0.03879831712688,0.221142005051
0.0418401384108541,-6.25529514111874,-0.0647783478118313,0.24087957715004,-0.04725998621433,0.2225484250732
-0.0071434355031458,-6.27973304547874,-0.0647783478118313,0.23997305010804,-0.04631980117408,0.2239548450955
0.0418401384108541,-6.30417094983874,-0.196530361971831,0.24450568531904,-0.04631980117408,0.2253612651177
0.115315529082854,-6.35304675854874,0.066974143188169,0.24722526644704,-0.03691794704648,0.2225484250732
0.164299132798854,-6.45079837597874,-0.0647783478118313,0.25538400982804,-0.02939646486188,0.2225484250732
0.164299132798854,-6.54855047024874,0.066974143188169,0.26172972892704,-0.02845627795908,0.2225484250732
0.164299132798854,-6.54855047024874,0.198726634188168,0.26716889118204,-0.02939646486188,0.221142005051
0.0908237421268542,-6.54855047024874,0.198726634188168,0.26444931005404,-0.03597776200618,0.221142005051
0.0908237421268542,-6.52411256588874,0.198726634188168,0.25901014780004,-0.03973850402978,0.221142005051
0.0173483514538541,-6.42636047162874,0.198726634188168,0.25175790165904,-0.04067868907008,0.2232516332217
0.0173483514538541,-6.35304675854874,-0.0647783478118313,0.24631873940404,-0.04161887411028,0.2274708932885
-0.0071434355031458,-6.37748466290874,0.066974143188169,0.24722526644704,-0.04537961613388,0.2253612651177
-0.0806188261756459,-6.47523628033874,0.330478648348168,0.25357095574304,-0.04725998621433,0.224658053244
-0.105110620583046,-6.52411256588874,0.198726634188168,0.26082320188504,-0.05008054273202,0.2253612651177
-0.105110620583046,-6.54855047024874,0.462231139348169,0.26716889118204,-0.05290109878405,0.2232516332217
-0.105110620583046,-6.62186418332874,0.462231139348169,0.26807541822404,-0.05478146956302,0.221142005051
-0.154094209397746,-6.59742627896874,0.593983153508169,0.26626236413904,-0.057602025731461,0.2232516332217
-0.252061387027246,-6.59742627896874,0.593983153508169,0.26716889118204,-0.06230295244604,0.2253612651177
-0.350028572107146,-6.52411256588874,0.462231139348169,0.26354278301204,-0.06794406455008,0.2274708932885
-0.447995749737146,-6.40192256726874,0.462231139348169,0.25538400982804,-0.07076462153348,0.2316901570805
-0.521471140409146,-6.35304675854874,0.462231139348169,0.25357095574304,-0.07358517665418,0.2337997889765
-0.496979323650146,-6.23085723675874,0.593983153508169,0.24269263123504,-0.07828610371798,0.2352062052735
-0.472487536693146,-6.18198142804874,0.198726634188168,0.22818819855604,-0.08956832792608,0.2330965733775
-0.472487536693146,-6.13310561932874,0.198726634188168,0.22546858762704,-0.09050851296628,0.230986948932
-0.570454714323146,-6.13310561932874,0.198726634188168,0.22184247945704,-0.10085055213418,0.2281741014369
-0.643930104996146,-6.08422981060874,0.330478648348168,0.21549679016104,-0.10743185114118,0.2281741014369
-0.668421891952146,-6.08422981060874,0.066974143188169,0.19736623441204,-0.11683370526878,0.2176259531327
-0.766389069582146,-5.96203981198874,0.066974143188169,0.19192707215704,-0.11495333518828,0.2218452131995
-0.864356277014146,-6.01091562069874,0.066974143188169,0.18739442204404,-0.11683370526878,0.2176259531327
-0.888848063970146,-5.83985029019874,-0.0647783478118313,0.18286178683204,-0.11495333518828,0.2162195331105
-0.839864430452146,-5.86428819455874,-0.196530361971831,0.18286178683204,-0.11119259130208,0.2098906411477
-0.790880856539146,-5.83985029019874,-0.0647783478118313,0.18558136796004,-0.11213278006758,0.2049681692072
-0.741897282625146,-5.86428819455874,-0.196530361971831,0.19011401807304,-0.10179073717448,0.2028585410365
-0.668421891952146,-5.81541238583874,-0.196530361971831,0.19192707215704,-0.09050851296628,0.2021553291627
-0.692913708711146,-5.81541238583874,-0.460035105541832,0.20461846565204,-0.08392721582208,0.2084842211255
-0.692913708711146,-5.76653657711874,-0.460035105541832,0.20733804677904,-0.08486740272488,0.2077810092517
-0.741897282625146,-5.74209867276874,-0.460035105541832,0.21096415494904,-0.08110666070128,0.2120002730437
-0.692913708711146,-5.71766076840874,-0.460035105541832,0.20733804677904,-0.08110666070128,0.2127034811922
-0.741897282625146,-5.66878495968874,-0.460035105541832,0.19645970736904,-0.06982443556188,0.2155163212367
-0.692913708711146,-5.64434705533874,-0.723539610701831,0.18830096398804,-0.0613627674058,0.2176259531327
-0.643930104996146,-5.76653657711874,-0.591787358121831,0.17107692038004,-0.05948239639401,0.2127034811922
-0.692913708711146,-5.66878495968874,-0.855291863281832,0.15022678350404,-0.0613627674058,0.2148131130882
-0.717405495668146,-5.61990915097874,-0.855291863281832,0.14116149817904,-0.06230295244604,0.2176259531327
-0.790880856539146,-5.52215705670874,-0.987044354281831,0.11033954893504,-0.06982443556188,0.2176259531327
-0.888848063970146,-5.42440543927874,-1.25054885943183,0.09130246614404,-0.07358517665418,0.2225484250732
-1.06029057266815,-5.25334010876874,-1.64580561717183,0.06320010547834,-0.07358517665418,0.2281741014369
-1.08478241922915,-5.00896058835874,-1.64580561717183,0.02784551357234,-0.07170480657368,0.235909413422
-1.15825778010015,-4.93564687527874,-1.51405336459183,0.00427579184374,-0.06324313795194,0.2408318853625
-1.15825778010015,-4.74014364041874,-1.90931036075183,-0.03923754973026,-0.03785813208668,0.247863989199
-1.10927420618615,-4.61795411862874,-1.77755810817183,-0.05011588471626,-0.02657590787858,0.251380037392
-0.986815211798146,-4.44688831128874,-1.38230111201183,-0.06552685933806,-0.01341331358998,0.257005717481
-0.864356277014146,-4.32469878949874,-1.25054885943183,-0.07459213907516,-0.00401145946238,0.2598185575255
-0.668421891952146,-4.03144346035874,-1.11879660685183,-0.07277908126516,-0.00213108938188,0.2563025093325
-0.496979323650146,-3.86037812985874,-0.987044354281831,-0.07277908126516,-0.00307127442208,0.2506768292435
-0.423503947879146,-3.73818836964875,-0.723539610701831,-0.07368561203276,-0.00495164450258,0.2471607810505
-0.203077798212546,-3.49380908764874,0.066974143188169,-0.08365741694966,-0.00401145946238,0.2429415172585
0.0173483514538541,-3.27386794842874,0.462231139348169,-0.09997491861386,0.0063305834308199,0.2352062052735
0.115315529082854,-3.02948842801875,0.593983153508169,-0.11175978506606,0.01573243383322,0.2274708932885
0.139807316039854,-2.68735752858875,0.593983153508169,-0.12173158998286,0.02325391415512,0.2197355813034
0.139807316039854,-2.41854034222875,0.462231139348169,-0.12354464406766,0.02889503184702,0.2176259531327
0.0663319402688541,-2.10084734715875,0.066974143188169,-0.11629242027796,0.03923707101492,0.2120002730437
-0.0561270317681459,-1.97865758694875,-0.0647783478118313,-0.11085325802366,0.04487818125602,0.21129706117
-0.203077798212546,-1.56321285523874,-0.460035105541832,-0.09725533748666,0.03923707101492,0.2098906411477
-0.276553181434646,-1.22108183659875,-0.723539610701831,-0.08003130505486,0.02795484308152,0.2063745892294
-0.276553181434646,-0.854512913602745,-0.591787358121831,-0.05374199661116,0.01667262259872,0.2007489091404
-0.325536770249146,-0.512381894963745,-0.855291863281832,-0.02926574271793,0.01291187498722,0.1937168090292
-0.227569592619846,-0.072499188113345,-0.591787358121831,-0.0056960167984599,-0.00025071557608,0.1887943370887
-0.105110620583046,0.269631819349255,-0.328282852961832,0.00790190001334,-0.00119090061638,0.1824654469886
0.0418401384108541,0.587324874025255,-0.328282852961832,0.01515412380294,0.0035100245848199,0.1796526050814
0.213282706712854,1.05164553366125,0.198726634188168,0.00971495782334,0.01291187498722,0.1817622369774
0.360233488057854,1.36933864794126,0.330478648348168,-0.0002568508187599,0.01761280391362,0.1902007571109
0.360233488057854,1.56484200201126,0.462231139348169,-0.0056960167984599,0.01667262259872,0.1880911270776
0.458200635884854,1.78478337965125,0.462231139348169,-0.0011633778611599,0.01761280391362,0.1873879170664
0.531676056359854,2.02916278086126,0.462231139348169,0.01062148486574,0.01855299267922,0.1866847070553
0.482692422841854,2.32241787158125,0.330478648348168,0.02331287463504,0.01855299267922,0.1845750770219
0.482692422841854,2.51792134486125,0.462231139348169,0.03600426440434,0.01855299267922,0.1831686569997
0.433708848928854,2.95780386172125,0.198726634188168,0.06501315956304,0.01667262259872,0.1761365550258
0.531676056359854,3.22662128649125,0.462231139348169,0.07861108010004,0.01573243383322,0.17051087400547
0.678626778100854,3.51987637721126,1.12099264065817,0.08586330389004,0.01479225251822,0.16910445398322
0.703118565057854,3.69094170771125,1.38449714581817,0.08767635797504,0.02043336275962,0.16840124397209
0.874561192964854,3.83756937228125,1.64800165096817,0.08676983093204,0.02043336275962,0.16840124397209
0.874561192964854,3.93532098971126,1.91150615612817,0.08948941205904,0.02701466176662,0.16769803396097
0.997020127744854,4.17970051012125,2.04325864712817,0.09674164330004,0.02795484308152,0.16699482348418
0.923544766874854,4.30189003191126,2.30676315228817,0.10943302189304,0.03547633085402,0.16277556283536
1.04600370166485,4.49739326678126,2.30676315228817,0.12121788834504,0.02889503184702,0.15925951196483
1.07049548861485,4.91283811770126,1.51624963680817,0.13753539000904,0.03171558324252,0.16629161347306
0.923544766874854,4.96171392642126,1.12099264065817,0.07861108010004,0.02419410292062,0.1747301350035
0.948036553834854,5.05946602068126,1.12099264065817,0.10399385963904,0.01479225251822,0.177542975048
1.07049548861485,5.27940715991126,1.25274465481817,0.10761996780804,0.0063305834308199,0.16136914246386
1.02151191470485,5.54822458468126,1.51624963680817,0.13028317367004,-0.00495164450258,0.16558840346194
1.11947906253485,5.71928991518126,1.64800165096817,0.13844191705204,-0.00965256970378,0.15996272244162
1.02151191470485,5.74372781954126,1.51624963680817,0.14206804012304,-0.01153294350948,0.15996272244162
1.02151191470485,6.06142105303126,2.17501066128817,0.15747901474404,-0.02187498267738,0.16840124397209
1.04600370166485,6.25692428790126,2.04325864712817,0.16291817699904,-0.02563572283838,0.17051087400547
1.02151191470485,6.50130380831126,2.17501066128817,0.17470304345104,-0.02563572283838,0.1754333450147
1.07049548861485,6.62349333010126,2.30676315228817,0.18558136796004,-0.03409739192578,0.1747301350035
0.997020127744854,6.77012075625126,2.57026765743817,0.19736623441204,-0.04161887411028,0.1789493960016
1.09498727557485,6.96562446795126,2.70202014843817,0.20733804677904,-0.04914035722613,0.1817622369774
1.07049548861485,7.16112770281125,2.96552465359817,0.20733804677904,-0.04820017218589,0.1838718670108
1.09498727557485,7.16112770281125,2.70202014843817,0.21640331720304,-0.05384128428995,0.1831686569997
0.997020127744854,7.23444141589126,2.17501066128817,0.23181430672604,-0.05948239639401,0.1782461859905
0.972528340794854,7.33219303332126,1.64800165096817,0.24722526644704,-0.05854221112094,0.17121408448225
0.899052979924854,7.35663093768126,1.51624963680817,0.24994484757404,-0.06230295244604,0.17191729495904
0.850069406004854,7.45438303195126,1.25274465481817,0.25538400982804,-0.05948239639401,0.17332371498129
0.801085772489854,7.45438303195126,1.25274465481817,0.25810362075804,-0.055721654952499,0.17191729495904
0.825577619054854,7.52769674502126,1.38449714581817,0.26354278301204,-0.05290109878405,0.17051087400547
0.752102198575854,7.67432417117126,0.857488135498168,0.26716889118204,-0.04443943016228,0.16980766399434
0.678626778100854,7.82095159731126,1.12099264065817,0.27895374273304,-0.04255905915048,0.16840124397209
0.654134991143854,7.86982740603126,1.12099264065817,0.28439290498704,-0.04443943016228,0.16769803396097
0.654134991143854,7.99201692782126,0.857488135498168,0.29255167817104,-0.04349924512208,0.16699482348418
0.678626778100854,8.04089273653126,0.857488135498168,0.29980389451004,-0.04161887411028,0.16910445398322
0.703118565057854,8.06533064089126,0.725735644498169,0.30252347563704,-0.04443943016228,0.16769803396097
0.727610411618854,8.16308321200126,0.725735644498169,0.30343000267904,-0.04914035722613,0.17051087400547
0.727610411618854,8.21195902071126,0.725735644498169,0.30433652972204,-0.05196091327816,0.17262050497017
0.776593985532854,8.26083482943126,0.725735644498169,0.30614958380704,-0.05102072823792,0.17332371498129
0.727610411618854,8.30971063815126,0.725735644498169,0.31068221901904,-0.04914035722613,0.17191729495904
0.727610411618854,8.48077596865125,0.725735644498169,0.31884096240004,-0.04725998621433,0.17262050497017
0.678626778100854,8.57852758608126,0.857488135498168,0.32518668149904,-0.04631980117408,0.17121408448225
0.678626778100854,8.65184129916125,0.593983153508169,0.32428015445704,-0.03973850402978,0.16910445398322
0.703118565057854,8.67627920351126,0.593983153508169,0.32699973558404,-0.04349924512208,0.16699482348418
0.801085772489854,8.67627920351126,0.593983153508169,0.32337362741404,-0.04631980117408,0.1634787729629
0.874561192964854,8.65184129916125,0.593983153508169,0.32065404628704,-0.055721654952499,0.16136914246386
0.997020127744854,8.57852758608126,0.593983153508169,0.31430832718804,-0.05854221112094,0.15996272244162
1.04600370166485,8.60296549044125,0.725735644498169,0.31521485423004,-0.0613627674058,0.15925951196483
1.07049548861485,8.65184129916125,0.725735644498169,0.31702790831504,-0.06324313795194,0.15925951196483
1.04600370166485,8.74959291659126,0.725735644498169,0.32246710037204,-0.06324313795194,0.15996272244162
1.02151191470485,8.77403082095126,0.857488135498168,0.32971931671104,-0.0613627674058,0.15855630195371
0.972528340794854,9.04284776888126,0.725735644498169,0.34513027643204,-0.057602025731461,0.16136914246386
0.972528340794854,9.09172357760126,0.725735644498169,0.35056946848804,-0.055721654952499,0.16207235270782
0.948036553834854,9.09172357760126,0.725735644498169,0.34875638460104,-0.05666184034198,0.16558840346194
0.972528340794854,8.99397196017125,0.593983153508169,0.33969111417704,-0.055721654952499,0.16629161347306
1.02151191470485,8.89622034274126,0.725735644498169,0.33425195192304,-0.06418332345783,0.16277556283536
1.09498727557485,8.74959291659126,0.593983153508169,0.32337362741404,-0.07076462153348,0.15644667192033
1.09498727557485,8.65184129916125,0.462231139348169,0.31702790831504,-0.07170480657368,0.15433704095563
0.972528340794854,8.55408968173126,0.462231139348169,0.31340180014604,-0.06982443556188,0.1529306209334
0.948036553834854,8.57852758608126,0.462231139348169,0.31068221901904,-0.06700387950988,0.15363383094451
0.874561192964854,8.70071710787126,0.462231139348169,0.31884096240004,-0.05854221112094,0.16207235270782
0.850069406004854,8.74959291659126,0.462231139348169,0.32246710037204,-0.05854221112094,0.16629161347306
0.874561192964854,8.84734453402126,0.462231139348169,0.33153237079604,-0.05854221112094,0.17121408448225
0.899052979924854,8.94509615145125,0.593983153508169,0.33697153305004,-0.06324313795194,0.17332371498129
0.899052979924854,8.92065824709126,0.330478648348168,0.33425195192304,-0.06606369446963,0.1747301350035
0.948036553834854,8.84734453402126,0.330478648348168,0.33153237079604,-0.06700387950988,0.17262050497017
0.874561192964854,8.82290662966126,0.066974143188169,0.32881278966904,-0.06230295244604,0.16980766399434
0.776593985532854,8.72515501223126,0.330478648348168,0.32790626262604,-0.055721654952499,0.16558840346194
0.703118565057854,8.67627920351126,0.198726634188168,0.31884096240004,-0.05102072823792,0.16207235270782
0.556167843316854,8.62740339480126,0.198726634188168,0.31521485423004,-0.04161887411028,0.16277556283536
0.482692422841854,8.50521387301126,0.198726634188168,0.31521485423004,-0.03597776200618,0.16488519321798
0.458200635884854,8.45633806429126,0.066974143188169,0.30524305676404,-0.03033664990218,0.16910445398322
0.531676056359854,8.45633806429126,0.066974143188169,0.30433652972204,-0.03409739192578,0.17332371498129
0.678626778100854,8.45633806429126,0.198726634188168,0.30161694859504,-0.04255905915048,0.1761365550258
0.752102198575854,8.43190015994126,0.198726634188168,0.30071042155204,-0.05008054273202,0.1768397650369
0.874561192964854,8.45633806429126,0.066974143188169,0.30343000267904,-0.055721654952499,0.17121408448225
0.923544766874854,8.48077596865125,-0.0647783478118313,0.30433652972204,-0.0613627674058,0.16910445398322
0.923544766874854,8.50521387301126,-0.0647783478118313,0.30343000267904,-0.06700387950988,0.16629161347306
0.801085772489854,8.43190015994126,-0.196530361971831,0.30071042155204,-0.06230295244604,0.16699482348418
0.801085772489854,8.38302435122126,-0.0647783478118313,0.30252347563704,-0.06418332345783,0.16558840346194
0.801085772489854,8.40746225558125,-0.328282852961832,0.29980389451004,-0.06324313795194,0.16980766399434
0.776593985532854,8.33414854250126,-0.0647783478118313,0.29799084042504,-0.06230295244604,0.17332371498129
0.874561192964854,8.33414854250126,-0.0647783478118313,0.29617778634004,-0.06794406455008,0.1740269249924
0.923544766874854,8.38302435122126,0.066974143188169,0.29799084042504,-0.06700387950988,0.17051087400547
0.997020127744854,8.43190015994126,0.198726634188168,0.30071042155204,-0.06794406455008,0.16488519321798
1.02151191470485,8.45633806429126,0.330478648348168,0.30977569197604,-0.07358517665418,0.15996272244162
0.997020127744854,8.52965177737125,0.198726634188168,0.31430832718804,-0.07358517665418,0.15504025096676
0.948036553834854,8.55408968173126,0.462231139348169,0.31612138127304,-0.07170480657368,0.15504025096676
0.899052979924854,8.60296549044125,0.462231139348169,0.31793443535804,-0.06794406455008,0.15644667192033
0.899052979924854,8.65184129916125,0.462231139348169,0.31974751924504,-0.06700387950988,0.15925951196483
0.899052979924854,8.67627920351126,0.198726634188168,0.31793443535804,-0.0613627674058,0.16629161347306
0.874561192964854,8.67627920351126,0.330478648348168,0.32065404628704,-0.06418332345783,0.16699482348418
0.899052979924854,8.65184129916125,0.593983153508169,0.32246710037204,-0.06888425052168,0.16558840346194
0.899052979924854,8.62740339480126,0.725735644498169,0.32156057332904,-0.06888425052168,0.16488519321798
0.923544766874854,8.67627920351126,0.462231139348169,0.32065404628704,-0.06888425052168,0.16910445398322
0.899052979924854,8.70071710787126,0.593983153508169,0.32156057332904,-0.06888425052168,0.17121408448225
0.850069406004854,8.74959291659126,0.330478648348168,0.32699973558404,-0.06794406455008,0.1740269249924
0.850069406004854,8.77403082095126,0.462231139348169,0.33062584375304,-0.06888425052168,0.1747301350035
0.825577619054854,8.82290662966126,0.462231139348169,0.33515847896504,-0.06512350849807,0.1761365550258
0.776593985532854,8.79846872530126,0.593983153508169,0.33062584375304,-0.06794406455008,0.1768397650369
0.703118565057854,8.72515501223126,0.593983153508169,0.32428015445704,-0.06324313795194,0.1782461859905
0.629643204187854,8.67627920351126,0.462231139348169,0.32156057332904,-0.0613627674058,0.1803558169552
0.654134991143854,8.60296549044125,0.198726634188168,0.31521485423004,-0.05948239639401,0.1824654469886
0.752102198575854,8.55408968173126,0.330478648348168,0.31340180014604,-0.06888425052168,0.1803558169552
0.825577619054854,8.48077596865125,0.462231139348169,0.30886916493404,-0.07170480657368,0.1782461859905
0.874561192964854,8.45633806429126,0.198726634188168,0.30796263789104,-0.07358517665418,0.1754333450147
0.923544766874854,8.43190015994126,0.198726634188168,0.30524305676404,-0.07734591867778,0.1740269249924
0.874561192964854,8.43190015994126,0.066974143188169,0.30433652972204,-0.07452536355708,0.17332371498129
0.874561192964854,8.45633806429126,0.198726634188168,0.30343000267904,-0.07358517665418,0.1740269249924
0.874561192964854,8.43190015994126,0.198726634188168,0.30524305676404,-0.06700387950988,0.1754333450147
0.948036553834854,8.45633806429126,0.198726634188168,0.30343000267904,-0.07452536355708,0.1768397650369
0.874561192964854,8.38302435122126,0.198726634188168,0.30161694859504,-0.07452536355708,0.1768397650369
0.948036553834854,8.30971063815126,0.198726634188168,0.30071042155204,-0.07546554859728,0.1768397650369
0.899052979924854,8.38302435122126,0.066974143188169,0.29708431338304,-0.07358517665418,0.177542975048
0.972528340794854,8.38302435122126,-0.0647783478118313,0.29527125929804,-0.07734591867778,0.177542975048
1.07049548861485,8.30971063815126,0.198726634188168,0.29617778634004,-0.08110666070128,0.17332371498129
0.997020127744854,8.30971063815126,0.198726634188168,0.29708431338304,-0.08204684574158,0.17332371498129
0.997020127744854,8.30971063815126,0.198726634188168,0.29799084042504,-0.08110666070128,0.1740269249924
0.923544766874854,8.30971063815126,0.198726634188168,0.30071042155204,-0.07828610371798,0.17332371498129
0.899052979924854,8.33414854250126,0.066974143188169,0.29889736746704,-0.07452536355708,0.1740269249924
0.923544766874854,8.35858644686126,0.066974143188169,0.29889736746704,-0.07076462153348,0.1747301350035
0.899052979924854,8.43190015994126,-0.0647783478118313,0.29980389451004,-0.06982443556188,0.1747301350035
0.923544766874854,8.60296549044125,0.066974143188169,0.31068221901904,-0.06606369446963,0.1754333450147
0.850069406004854,8.60296549044125,0.330478648348168,0.31430832718804,-0.06700387950988,0.177542975048
0.899052979924854,8.70071710787126,0.330478648348168,0.32065404628704,-0.07734591867778,0.177542975048
0.972528340794854,8.67627920351126,0.330478648348168,0.31884096240004,-0.07922628875818,0.1782461859905
1.04600370166485,8.62740339480126,0.066974143188169,0.31249527310304,-0.07828610371798,0.1782461859905
0.972528340794854,8.62740339480126,0.330478648348168,0.31158874606104,-0.08204684574158,0.1768397650369
0.899052979924854,8.60296549044125,0.198726634188168,0.30886916493404,-0.07922628875818,0.1761365550258
0.923544766874854,8.65184129916125,0.330478648348168,0.30796263789104,-0.07546554859728,0.177542975048
0.850069406004854,8.65184129916125,0.198726634188168,0.30886916493404,-0.07546554859728,0.177542975048
0.825577619054854,8.74959291659126,0.330478648348168,0.31340180014604,-0.06982443556188,0.1803558169552
0.850069406004854,8.84734453402126,0.462231139348169,0.31884096240004,-0.06982443556188,0.1803558169552
0.850069406004854,9.04284776888126,0.330478648348168,0.32881278966904,-0.06512350849807,0.1782461859905
0.874561192964854,9.28722776614126,0.330478648348168,0.34694333051604,-0.06888425052168,0.1754333450147
0.899052979924854,9.48273100100126,0.593983153508169,0.36235432003904,-0.07170480657368,0.17121408448225
0.923544766874854,9.62935842715125,0.857488135498168,0.37413917159004,-0.07358517665418,0.16840124397209
0.874561192964854,9.70267214022125,0.989240149658168,0.38411099885904,-0.07264499161388,0.16840124397209
0.948036553834854,9.84929956637126,0.989240149658168,0.39226974224004,-0.07922628875818,0.17262050497017
0.801085772489854,9.89817537508126,0.857488135498168,0.39498932336804,-0.07546554859728,0.1747301350035
0.752102198575854,9.89817537508126,0.857488135498168,0.39589585041004,-0.07264499161388,0.1796526050814
0.727610411618854,9.89817537508126,0.857488135498168,0.39861543153704,-0.07546554859728,0.1831686569997
0.629643204187854,9.82486166201125,0.857488135498168,0.38864363407104,-0.07452536355708,0.1902007571109
0.703118565057854,9.65379633151126,0.725735644498169,0.37413917159004,-0.07358517665418,0.1972328609475
0.678626778100854,9.43385519228126,0.593983153508169,0.35510210370004,-0.07358517665418,0.200045700992
0.654134991143854,9.23835195742125,0.593983153508169,0.34784985755904,-0.07452536355708,0.1979360690959
0.629643204187854,9.06728567324125,0.593983153508169,0.33515847896504,-0.07264499161388,0.1923103890069
0.605151417230854,9.01840986453126,0.593983153508169,0.33515847896504,-0.06982443556188,0.1873879170664
0.556167843316854,9.01840986453126,0.593983153508169,0.33515847896504,-0.06418332345783,0.1866847070553
0.482692422841854,8.96953405581126,0.330478648348168,0.33243889783804,-0.057602025731461,0.1852782870331
0.458200635884854,8.92065824709126,0.330478648348168,0.32971931671104,-0.05290109878405,0.1887943370887
0.384725275014854,8.89622034274126,0.593983153508169,0.32881278966904,-0.04725998621433,0.1887943370887
0.409217061971854,8.87178243838126,0.725735644498169,0.32790626262604,-0.04725998621433,0.1916071771332
0.482692422841854,8.87178243838126,0.462231139348169,0.32337362741404,-0.05478146956302,0.1902007571109
0.654134991143854,8.82290662966126,0.857488135498168,0.32428015445704,-0.06324313795194,0.1887943370887
0.727610411618854,8.84734453402126,0.857488135498168,0.32881278966904,-0.07170480657368,0.1866847070553
0.850069406004854,8.99397196017125,0.989240149658168,0.33697153305004,-0.08674777280538,0.1866847070553
0.874561192964854,9.06728567324125,1.12099264065817,0.34513027643204,-0.08956832792608,0.1859814970442
0.801085772489854,9.33610357485126,1.38449714581817,0.36326084708204,-0.08298703078178,0.1852782870331
0.678626778100854,9.43385519228126,1.51624963680817,0.37776527976004,-0.07734591867778,0.1838718670108
0.507184269403854,9.53160680972126,1.38449714581817,0.38501752590104,-0.06700387950988,0.1923103890069
0.360233488057854,9.50716890536126,1.38449714581817,0.38411099885904,-0.05948239639401,0.1986392809697
0.360233488057854,9.38497938357126,1.12099264065817,0.37323264454804,-0.05666184034198,0.205671381081
0.409217061971854,9.31166567049126,0.989240149658168,0.36507390116604,-0.06042258189991,0.2070778011032
0.458200635884854,9.18947614871126,0.989240149658168,0.35328904961504,-0.06324313795194,0.2084842211255
0.507184269403854,8.94509615145125,1.12099264065817,0.33787806009204,-0.06794406455008,0.2049681692072
0.556167843316854,8.82290662966126,1.12099264065817,0.33334542488104,-0.07358517665418,0.1993424891182
0.507184269403854,8.82290662966126,1.25274465481817,0.33243889783804,-0.06794406455008,0.1923103890069
0.409217061971854,8.84734453402126,1.25274465481817,0.33697153305004,-0.05854221112094,0.1894975470998
0.286758097385854,8.89622034274126,1.12099264065817,0.34513027643204,-0.05196091327816,0.1909039671221
0.213282706712854,8.84734453402126,1.25274465481817,0.34331722234704,-0.04537961613388,0.1951232290514
0.213282706712854,8.82290662966126,0.989240149658168,0.33878458713504,-0.04349924512208,0.2021553291627
0.237774493669854,8.74959291659126,0.989240149658168,0.32971931671104,-0.04820017218589,0.2120002730437
0.360233488057854,8.65184129916125,0.857488135498168,0.31974751924504,-0.06230295244604,0.216922741259
0.482692422841854,8.67627920351126,0.593983153508169,0.31612138127304,-0.06606369446963,0.2155163212367
0.531676056359854,8.72515501223126,0.989240149658168,0.32065404628704,-0.07264499161388,0.2077810092517
0.531676056359854,8.70071710787126,1.12099264065817,0.32518668149904,-0.07170480657368,0.2021553291627
0.654134991143854,8.89622034274126,1.25274465481817,0.33515847896504,-0.07170480657368,0.1902007571109
0.654134991143854,8.92065824709126,1.25274465481817,0.34241069530404,-0.07264499161388,0.1894975470998
0.556167843316854,9.01840986453126,1.38449714581817,0.35238252257304,-0.06700387950988,0.1902007571109
0.507184269403854,9.09172357760126,1.25274465481817,0.35328904961504,-0.06418332345783,0.1986392809697
0.482692422841854,9.09172357760126,1.25274465481817,0.35056946848804,-0.06324313795194,0.2035617491849
0.507184269403854,9.14060033999126,1.25274465481817,0.35056946848804,-0.06512350849807,0.2077810092517
0.507184269403854,9.09172357760126,1.25274465481817,0.34875638460104,-0.06418332345783,0.2077810092517
0.654134991143854,9.14060033999126,1.12099264065817,0.34875638460104,-0.07358517665418,0.2049681692072
0.678626778100854,9.01840986453126,1.12099264065817,0.34513027643204,-0.07828610371798,0.2028585410365
0.850069406004854,8.92065824709126,1.25274465481817,0.33697153305004,-0.08392721582208,0.200045700992
0.850069406004854,8.94509615145125,1.38449714581817,0.33515847896504,-0.08580758776518,0.200045700992
0.948036553834854,9.04284776888126,1.38449714581817,0.33878458713504,-0.09050851296628,0.1979360690959
0.948036553834854,9.04284776888126,1.51624963680817,0.34784985755904,-0.08956832792608,0.200045700992
0.899052979924854,9.06728567324125,1.25274465481817,0.34875638460104,-0.08486740272488,0.2042649610587
0.899052979924854,9.28722776614126,1.25274465481817,0.35510210370004,-0.08674777280538,0.2042649610587
0.874561192964854,9.38497938357126,1.12099264065817,0.36507390116604,-0.08768795784558,0.2070778011032
1.02151191470485,9.50716890536126,1.25274465481817,0.37323264454804,-0.09050851296628,0.2049681692072
1.11947906253485,9.50716890536126,1.38449714581817,0.37867180680204,-0.09991036709398,0.1986392809697
1.11947906253485,9.36054147921126,1.51624963680817,0.36870000933604,-0.09991036709398,0.2007489091404
1.14397084948485,9.26278986178126,1.51624963680817,0.35510210370004,-0.09802999701348,0.200045700992
1.14397084948485,9.16503824435125,1.38449714581817,0.34694333051604,-0.09426925685258,0.1979360690959
1.04600370166485,9.14060033999126,1.12099264065817,0.34694333051604,-0.08486740272488,0.1979360690959
0.972528340794854,9.06728567324125,1.25274465481817,0.34513027643204,-0.07734591867778,0.1944200190403
0.997020127744854,8.96953405581126,1.38449714581817,0.33969111417704,-0.08016647566108,0.1902007571109
1.04600370166485,8.84734453402126,1.38449714581817,0.32971931671104,-0.07828610371798,0.1902007571109
1.04600370166485,8.65184129916125,1.25274465481817,0.31884096240004,-0.07734591867778,0.1824654469886
1.19295454261485,8.60296549044125,1.12099264065817,0.31249527310304,-0.08204684574158,0.1803558169552
1.24193811652485,8.50521387301126,0.989240149658168,0.30614958380704,-0.08204684574158,0.177542975048
1.31541347739485,8.35858644686126,1.12099264065817,0.29527125929804,-0.08768795784558,0.1789493960016
1.38888883826485,8.35858644686126,1.12099264065817,0.29345820521304,-0.09238888677208,0.1789493960016
1.38888883826485,8.33414854250126,1.12099264065817,0.30252347563704,-0.09238888677208,0.1838718670108
1.31541347739485,8.43190015994126,1.12099264065817,0.30796263789104,-0.09050851296628,0.1845750770219
1.26642990348485,8.72515501223126,1.12099264065817,0.32518668149904,-0.08956832792608,0.1909039671221
1.24193811652485,8.89622034274126,0.989240149658168,0.34059764122004,-0.08486740272488,0.1951232290514
1.24193811652485,9.01840986453126,1.25274465481817,0.35147599553104,-0.08862814288588,0.1979360690959
1.21744632956485,9.06728567324125,1.25274465481817,0.35328904961504,-0.09238888677208,0.2042649610587
1.29092169043485,9.01840986453126,1.25274465481817,0.35238252257304,-0.10085055213418,0.2063745892294
1.33990526435485,8.89622034274126,1.38449714581817,0.34241069530404,-0.10461129602048,0.2028585410365
1.33990526435485,8.79846872530126,1.64800165096817,0.33515847896504,-0.10649166610088,0.2035617491849
1.24193811652485,8.67627920351126,1.38449714581817,0.33062584375304,-0.09802999701348,0.1965296490737
1.21744632956485,8.62740339480126,1.51624963680817,0.32881278966904,-0.09238888677208,0.1923103890069
1.19295454261485,8.55408968173126,1.38449714581817,0.32337362741404,-0.08674777280538,0.1902007571109
1.11947906253485,8.35858644686126,1.25274465481817,0.30614958380704,-0.07922628875818,0.1880911270776
1.04600370166485,8.21195902071126,1.12099264065817,0.29527125929804,-0.07358517665418,0.1887943370887
1.14397084948485,8.18752111636126,0.989240149658168,0.28892557000104,-0.07734591867778,0.1866847070553
1.24193811652485,8.16308321200126,0.989240149658168,0.28529943202904,-0.08016647566108,0.1887943370887
1.24193811652485,8.21195902071126,1.12099264065817,0.28711248611404,-0.08486740272488,0.1887943370887
1.31541347739485,8.28527273379126,1.12099264065817,0.29617778634004,-0.09144869800658,0.1859814970442
1.33990526435485,8.33414854250126,1.25274465481817,0.30343000267904,-0.09614962693308,0.1873879170664
1.33990526435485,8.67627920351126,1.64800165096817,0.31974751924504,-0.09426925685258,0.1944200190403
1.21744632956485,8.96953405581126,1.77975414196817,0.34966291164404,-0.09050851296628,0.1972328609475
1.09498727557485,9.28722776614126,1.77975414196817,0.37232611750604,-0.08298703078178,0.2028585410365
0.923544766874854,9.60492052279126,1.77975414196817,0.39317626928304,-0.08110666070128,0.2098906411477
0.997020127744854,9.75154794894125,1.91150615612817,0.39952195858004,-0.08580758776518,0.2127034811922
0.997020127744854,9.94705118380126,2.17501066128817,0.41221336697504,-0.09238888677208,0.2197355813034
1.07049548861485,9.94705118380126,1.91150615612817,0.41130681013104,-0.09708981197328,0.2197355813034
1.09498727557485,9.77598585330126,1.91150615612817,0.39861543153704,-0.10085055213418,0.219032373155
1.16846263644485,9.48273100100126,1.91150615612817,0.37867180680204,-0.10555148106068,0.2155163212367
1.09498727557485,9.31166567049126,1.91150615612817,0.36688695525104,-0.09991036709398,0.2120002730437
0.899052979924854,9.18947614871126,1.77975414196817,0.36326084708204,-0.08674777280538,0.2070778011032
0.850069406004854,9.16503824435125,1.77975414196817,0.35963473891204,-0.07828610371798,0.2042649610587
0.752102198575854,9.06728567324125,1.64800165096817,0.34875638460104,-0.06606369446963,0.1986392809697
0.727610411618854,9.06728567324125,1.51624963680817,0.34331722234704,-0.06512350849807,0.200045700992
0.801085772489854,8.92065824709126,1.51624963680817,0.33515847896504,-0.06418332345783,0.200045700992
0.801085772489854,8.70071710787126,1.25274465481817,0.31702790831504,-0.06700387950988,0.1993424891182
0.899052979924854,8.55408968173126,0.989240149658168,0.30343000267904,-0.08392721582208,0.2042649610587
0.948036553834854,8.45633806429126,1.12099264065817,0.29527125929804,-0.08486740272488,0.2028585410365
0.948036553834854,8.33414854250126,1.12099264065817,0.29255167817104,-0.08016647566108,0.1993424891182
0.850069406004854,8.40746225558125,1.12099264065817,0.30071042155204,-0.07734591867778,0.2014521210142
0.899052979924854,8.50521387301126,0.857488135498168,0.30343000267904,-0.07076462153348,0.2077810092517
0.776593985532854,8.77403082095126,1.25274465481817,0.31974751924504,-0.07828610371798,0.2105938530215
0.703118565057854,8.99397196017125,1.25274465481817,0.34150416826204,-0.07452536355708,0.2155163212367
0.703118565057854,9.18947614871126,1.38449714581817,0.36326084708204,-0.07452536355708,0.2176259531327
0.678626778100854,9.33610357485126,1.51624963680817,0.37504569863304,-0.07452536355708,0.2232516332217
0.629643204187854,9.31166567049126,1.51624963680817,0.37323264454804,-0.07452536355708,0.228877317036
0.654134991143854,9.11616148196125,1.12099264065817,0.35782168482704,-0.07640573363748,0.235909413422
0.654134991143854,9.01840986453126,1.38449714581817,0.34603680347404,-0.07828610371798,0.2373158371695
0.703118565057854,8.77403082095126,0.989240149658168,0.32518668149904,-0.08016647566108,0.236612629021
0.776593985532854,8.70071710787126,1.25274465481817,0.32065404628704,-0.08298703078178,0.2274708932885
0.752102198575854,8.60296549044125,1.25274465481817,0.31521485423004,-0.08016647566108,0.2176259531327
0.703118565057854,8.48077596865125,1.12099264065817,0.30705611084904,-0.07452536355708,0.21129706117
0.654134991143854,8.38302435122126,0.725735644498169,0.29527125929804,-0.06700387950988,0.2063745892294
0.629643204187854,8.35858644686126,0.989240149658168,0.29980389451004,-0.06888425052168,0.205671381081
0.605151417230854,8.30971063815126,0.989240149658168,0.29980389451004,-0.06888425052168,0.2063745892294
0.703118565057854,8.21195902071126,0.857488135498168,0.28529943202904,-0.07452536355708,0.213406693066
0.776593985532854,8.18752111636126,0.725735644498169,0.28257985090204,-0.08204684574158,0.2176259531327
0.776593985532854,8.13864435397126,0.857488135498168,0.27895374273304,-0.08768795784558,0.2239548450955
0.850069406004854,8.33414854250126,0.989240149658168,0.28892557000104,-0.09614962693308,0.2295805251845
0.899052979924854,8.60296549044125,1.25274465481817,0.31793443535804,-0.09802999701348,0.2330965733775
0.825577619054854,8.87178243838126,1.64800165096817,0.33787806009204,-0.09614962693308,0.2373158371695
0.727610411618854,9.01840986453126,1.64800165096817,0.34784985755904,-0.09050851296628,0.240128677214
0.580659630273854,9.45829309664126,2.04325864712817,0.38229794477404,-0.08392721582208,0.2394254690655
0.507184269403854,9.58048261843125,1.91150615612817,0.39317626928304,-0.07640573363748,0.236612629021
0.335741701100854,6.81899656497126,0.725735644498169,0.41674600218704,-0.07076462153348,0.2527864611395
0.213282706712854,9.01840986453126,0.857488135498168,0.31430832718804,-0.07170480657368,0.2394254690655
0.384725275014854,8.26083482943126,1.51624963680817,0.34059764122004,-0.06794406455008,0.24223830911
0.482692422841854,8.18752111636126,1.25274465481817,0.30433652972204,-0.07358517665418,0.2330965733775
0.605151417230854,7.84538950167126,0.593983153508169,0.25629053687104,-0.08298703078178,0.2225484250732
0.531676056359854,7.50325884066126,0.857488135498168,0.25901014780004,-0.07828610371798,0.232393365229
0.507184269403854,7.42994465075126,0.462231139348169,0.23544041489604,-0.07546554859728,0.2260644769915
0.409217061971854,7.25887932024126,0.462231139348169,0.23453388785304,-0.07170480657368,0.2281741014369
0.384725275014854,7.16112770281125,0.462231139348169,0.22909472559904,-0.06700387950988,0.2204387931772
0.335741701100854,7.13668979846126,0.725735644498169,0.23634694193804,-0.06230295244604,0.2218452131995
0.360233488057854,4.74177278719126,-0.328282852961832,0.23000125264104,-0.04255905915048,0.1859814970442
0.237774493669854,6.74568285189126,0.725735644498169,0.28439290498704,-0.04161887411028,0.1789493960016
0.237774493669854,6.33023800097126,0.066974143188169,0.21549679016104,-0.02187498267738,0.1803558169552
0.164299132798854,6.42798961840126,0.725735644498169,0.23997305010804,-0.04537961613388,0.2028585410365
0.262266280625854,5.86591734133126,0.593983153508169,0.23725346898004,-0.02093479391188,0.1522274109223
0.164299132798854,5.84147943697126,0.725735644498169,0.25085137461604,-0.01905442383138,0.16066593245274
0.0418401384108541,5.18165554247126,0.066974143188169,0.20008581553904,-0.01247312854978,0.1782461859905
0.0908237421268542,5.08390392504126,0.198726634188168,0.18648789500204,-0.01999460887168,0.1894975470998
0.213282706712854,4.17970051012125,-0.0647783478118313,0.15294636463104,-0.01811423879118,0.1740269249924
-0.105110620583046,2.90892805300125,-0.723539610701831,0.12031136130304,-0.04914035722613,0.2584121412285
0.164299132798854,3.56875218592125,-0.0647783478118313,0.09492857431404,-0.05384128428995,0.2759923896439
0.213282706712854,2.29797996722125,-0.855291863281832,0.01243454267584,-0.057602025731461,0.2738827651989
0.237774493669854,1.66259373866126,-1.25054885943183,0.03056510215004,-0.07546554859728,0.259115349377
0.335741701100854,1.78478337965125,-1.77755810817183,-0.01022865573566,-0.06512350849807,0.2485671973475
0.556167843316854,1.71146954737125,-1.51405336459183,-0.01929393547276,-0.05290109878405,0.2337997889765
0.531676056359854,0.489573196989255,-1.38230111201183,0.00155620699124,-0.04443943016228,0.2408318853625
0.213282706712854,0.391821460348255,-1.25054885943183,0.01878023569784,-0.06982443556188,0.2563025093325
0.139807316039854,0.294069753509255,-1.38230111201183,0.00790190001334,-0.06794406455008,0.243644725407
0.213282706712854,-0.292440547126745,-1.25054885943183,-0.01929393547276,-0.05666184034198,0.2260644769915
0.605151417230854,-0.414630188125745,-1.25054885943183,0.02421940540274,-0.05384128428995,0.219032373155
0.213282706712854,0.905017928701255,-0.328282852961832,0.01878023569784,-0.04161887411028,0.15996272244162
-0.0561270317681459,1.63815583430125,-0.196530361971831,0.00155620699124,-0.04631980117408,0.1163636929043
-0.0316352373611458,0.489573196989255,-0.460035105541832,0.01606065457064,-0.02375535275788,0.1093315927931
0.0908237421268542,-0.194688825386745,-0.987044354281831,0.03691079144674,-0.00495164450258,0.0959705969938
0.0173483514538541,-0.145812971967745,-0.987044354281831,0.04234996115164,-0.01529368367048,0.0994866526373
-0.105110620583046,-0.878950817960745,-1.64580561717183,0.01606065457064,-0.01999460887168,0.1437888889261
-0.0806188261756459,-1.00114045895975,-1.38230111201183,0.01878023569784,-0.03691794704648,0.1515242009111
-0.129602414990446,-1.14776800431875,-1.38230111201183,0.01787370865544,-0.04443943016228,0.1480081499242
-0.129602414990446,-1.19664393223874,-1.51405336459183,-0.01657435248296,-0.05478146956302,0.1831686569997
-0.178586003805146,-1.07445429123874,-0.723539610701831,-0.01838740843036,-0.06700387950988,0.15996272244162
-0.105110620583046,-1.12333009995874,-0.591787358121831,-0.02201351939386,-0.06418332345783,0.16840124397209
-0.0806188261756459,-1.36770938195874,-0.855291863281832,-0.04105060544486,-0.06230295244604,0.1902007571109
-0.0316352373611458,-1.51433692730875,-0.591787358121831,-0.03198532663906,-0.06512350849807,0.17121408448225
-0.105110620583046,-1.58765075959875,-0.723539610701831,-0.03017227069164,-0.06230295244604,0.16136914246386
-0.0071434355031458,-1.51433692730875,-0.723539610701831,-0.03651796604196,-0.06042258189991,0.16558840346194
0.0173483514538541,-1.39214728631874,-0.460035105541832,-0.035611438126456,-0.06700387950988,0.1508209909
-0.0316352373611458,-1.19664393223874,-0.460035105541832,-0.03923754973026,-0.06230295244604,0.1388664188482
-0.0561270317681459,-1.24551974095875,-0.196530361971831,-0.04648977282146,-0.057602025731461,0.1233957967409
-0.0071434355031458,-1.17220602787874,-0.196530361971831,-0.03923754973026,-0.06606369446963,0.1177701129266
-0.105110620583046,-1.34327147759875,-0.0647783478118313,-0.03470491021095,-0.06418332345783,0.1142540647336
-0.0806188261756459,-1.44102321423875,-0.196530361971831,-0.03017227069164,-0.06512350849807,0.1135508528598
-0.0806188261756459,-1.34327147759875,-0.328282852961832,-0.02563963128876,-0.07170480657368,0.1121444328376
-0.0316352373611458,-1.29439566887875,-0.196530361971831,-0.03289185437994,-0.06794406455008,0.1205829566964
-0.0806188261756459,-1.39214728631874,-0.196530361971831,-0.03470491021095,-0.06982443556188,0.1135508528598
0.0173483514538541,-1.34327147759875,0.066974143188169,-0.03017227069164,-0.07170480657368,0.1058155408748
-0.0806188261756459,-1.48989902295874,-0.196530361971831,-0.03379838235366,-0.07170480657368,0.1100348046668
-0.154094209397746,-1.53877495087874,-0.328282852961832,-0.03289185437994,-0.07076462153348,0.1170669047781
-0.105110620583046,-1.51433692730875,-0.0647783478118313,-0.02563963128876,-0.07264499161388,0.1051123327263
-0.105110620583046,-1.44102321423875,-0.328282852961832,-0.02563963128876,-0.07076462153348,0.1008930689343
-0.105110620583046,-1.17220602787874,-0.196530361971831,-0.02563963128876,-0.07264499161388,0.0903449169048
0.0173483514538541,-1.09889219559874,-0.591787358121831,-0.02563963128876,-0.06606369446963,0.0868288687118
-0.227569592619846,-1.34327147759875,-0.0647783478118313,-0.02020046437776,-0.0613627674058,0.0720614528902
-0.203077798212546,-1.36770938195874,-0.0647783478118313,-0.01929393547276,-0.06606369446963,0.0790935567268
-0.227569592619846,-1.44102321423875,-0.328282852961832,-0.01929393547276,-0.06700387950988,0.0875320768603
-0.227569592619846,-1.44102321423875,-0.460035105541832,-0.01748087952536,-0.06606369446963,0.0875320768603
-0.301044975842146,-1.56321285523874,-0.328282852961832,-0.01022865573566,-0.06606369446963,0.0776871404298
-0.178586003805146,-1.48989902295874,-0.460035105541832,-0.01294824058806,-0.06700387950988,0.0840160286673
-0.129602414990446,-1.44102321423875,-0.460035105541832,-0.01294824058806,-0.06888425052168,0.0833128205188
-0.178586003805146,-1.44102321423875,-0.328282852961832,-0.01022865573566,-0.06700387950988,0.0783903485783
-0.154094209397746,-1.41658530987875,-0.460035105541832,-0.0093221286932599,-0.06982443556188,0.0797967648753
-0.0806188261756459,-1.19664393223874,-0.460035105541832,-0.01022865573566,-0.07546554859728,0.0847192368158
-0.105110620583046,-1.24551974095875,-0.591787358121831,-0.01113518464066,-0.07452536355708,0.0826096049198
-0.105110620583046,-1.24551974095875,-0.591787358121831,-0.01022865573566,-0.07170480657368,0.0826096049198
-0.154094209397746,-1.34327147759875,-0.328282852961832,-0.0093221286932599,-0.07264499161388,0.0769839248308
-0.154094209397746,-1.44102321423875,-0.196530361971831,-0.01022865573566,-0.07170480657368,0.0783903485783
-0.203077798212546,-1.39214728631874,-0.460035105541832,-0.01113518464066,-0.06982443556188,0.0804999804743
-0.227569592619846,-1.46546111859874,-0.460035105541832,-0.0093221286932599,-0.06982443556188,0.0790935567268
-0.227569592619846,-1.48989902295874,-0.328282852961832,-0.01022865573566,-0.06794406455008,0.0797967648753
-0.178586003805146,-1.48989902295874,-0.460035105541832,-0.01294824058806,-0.06794406455008,0.0812031886228
-0.203077798212546,-1.46546111859874,-0.196530361971831,-0.01022865573566,-0.06888425052168,0.0797967648753
-0.203077798212546,-1.46546111859874,-0.460035105541832,-0.01113518464066,-0.06324313795194,0.0776871404298
-0.203077798212546,-1.48989902295874,-0.196530361971831,-0.01204171168306,-0.06418332345783,0.0776871404298
-0.203077798212546,-1.26995764531875,-0.460035105541832,-0.01113518464066,-0.06606369446963,0.0797967648753
-0.129602414990446,-1.29439566887875,-0.328282852961832,-0.01022865573566,-0.06700387950988,0.0790935567268
-0.105110620583046,-1.26995764531875,-0.591787358121831,-0.01022865573566,-0.06606369446963,0.0776871404298
-0.154094209397746,-1.29439566887875,-0.460035105541832,-0.01113518464066,-0.06888425052168,0.0790935567268
-0.105110620583046,-1.44102321423875,-0.460035105541832,-0.01113518464066,-0.06888425052168,0.0762807166823
-0.154094209397746,-1.44102321423875,-0.196530361971831,-0.01113518464066,-0.06606369446963,0.0769839248308
-0.178586003805146,-1.53877495087874,-0.328282852961832,-0.01204171168306,-0.06418332345783,0.0762807166823
-0.178586003805146,-1.46546111859874,-0.328282852961832,-0.01204171168306,-0.07076462153348,0.0833128205188
-0.203077798212546,-1.48989902295874,-0.460035105541832,-0.01476129653556,-0.06794406455008,0.0847192368158
-0.227569592619846,-1.58765075959875,-0.328282852961832,-0.01476129653556,-0.06700387950988,0.0819063967713
-0.129602414990446,-1.46546111859874,-0.196530361971831,-0.01204171168306,-0.06888425052168,0.0812031886228
-0.154094209397746,-1.44102321423875,-0.328282852961832,-0.01385476763046,-0.06794406455008,0.0833128205188
-0.0806188261756459,-1.31883357323875,-0.328282852961832,-0.01294824058806,-0.06982443556188,0.0812031886228
-0.0561270317681459,-1.24551974095875,-0.328282852961832,-0.01113518464066,-0.07076462153348,0.0783903485783
0.0418401384108541,-1.26995764531875,-0.460035105541832,-0.01022865573566,-0.06982443556188,0.0769839248308
-0.0561270317681459,-1.24551974095875,-0.328282852961832,-0.0093221286932599,-0.07076462153348,0.0762807166823
-0.0806188261756459,-1.41658530987875,-0.460035105541832,-0.01113518464066,-0.06700387950988,0.0741710847863
-0.154094209397746,-1.48989902295874,-0.196530361971831,-0.0093221286932599,-0.06794406455008,0.0748743003853
-0.178586003805146,-1.51433692730875,-0.196530361971831,-0.01022865573566,-0.06418332345783,0.0769839248308
-0.203077798212546,-1.48989902295874,-0.328282852961832,-0.01294824058806,-0.06700387950988,0.0826096049198
-0.203077798212546,-1.51433692730875,-0.460035105541832,-0.01476129653556,-0.06700387950988,0.0840160286673
-0.227569592619846,-1.51433692730875,-0.460035105541832,-0.01385476763046,-0.06606369446963,0.0833128205188
-0.227569592619846,-1.48989902295874,-0.460035105541832,-0.01385476763046,-0.06606369446963,0.0812031886228
-0.129602414990446,-1.44102321423875,-0.460035105541832,-0.01294824058806,-0.06794406455008,0.0804999804743
-0.105110620583046,-1.36770938195874,-0.328282852961832,-0.01113518464066,-0.07076462153348,0.0797967648753
-0.105110620583046,-1.39214728631874,-0.328282852961832,-0.01294824058806,-0.06794406455008,0.0769839248308
0.0418401384108541,-1.26995764531875,-0.460035105541832,-0.0093221286932599,-0.06888425052168,0.0762807166823
-0.0316352373611458,-1.26995764531875,-0.328282852961832,-0.01022865573566,-0.06794406455008,0.0741710847863
-0.129602414990446,-1.44102321423875,-0.460035105541832,-0.01022865573566,-0.06418332345783,0.0748743003853
-0.129602414990446,-1.48989902295874,-0.328282852961832,-0.01022865573566,-0.06606369446963,0.0748743003853
-0.178586003805146,-1.51433692730875,-0.460035105541832,-0.01385476763046,-0.06418332345783,0.0790935567268
-0.252061387027246,-1.51433692730875,-0.460035105541832,-0.01566782357796,-0.06700387950988,0.0847192368158
-0.252061387027246,-1.51433692730875,-0.460035105541832,-0.01566782357796,-0.06888425052168,0.0854224524148
-0.227569592619846,-1.51433692730875,-0.460035105541832,-0.01476129653556,-0.06888425052168,0.0833128205188
-0.227569592619846,-1.51433692730875,-0.328282852961832,-0.01385476763046,-0.06512350849807,0.0819063967713
-0.129602414990446,-1.48989902295874,-0.460035105541832,-0.01294824058806,-0.06794406455008,0.0797967648753
