x,y,z,q0,q1,q2,q3
0.672497034073,0.0670894086361,1.34770143032,0.308991521597,0.371432870626,0.433875709772,-0.760469436646
0.672447800636,0.0672488212585,1.34733045101,0.311106532812,0.371786147356,0.440998315811,-0.755320012569
0.672356247902,0.0673742517829,1.34706044197,0.312664091587,0.371830582619,0.449046880007,-0.749893605709
0.672335803509,0.0674925819039,1.34671735764,0.314570128918,0.372007548809,0.456861883402,-0.744266986847
0.672163903713,0.0675514042377,1.34650087357,0.316313922405,0.371860980988,0.464779287577,-0.738678097725
0.672147274017,0.0675949454308,1.34623932838,0.318052589893,0.37183880806,0.472090959549,-0.733286201954
0.672098278999,0.0677618607879,1.34593260288,0.319648087025,0.371991455555,0.479636996984,-0.727595984936
0.672040164471,0.068103402853,1.34572315216,0.321762025356,0.372532367706,0.488434642553,-0.720500230789
0.672131538391,0.0683389976621,1.34538471699,0.323638111353,0.372290611267,0.495228022337,-0.715127527714
0.672123253345,0.068570971489,1.34516870975,0.323913514614,0.374166250229,0.503098011017,-0.708499908447
0.672169446945,0.0687294304371,1.34497237206,0.325481235981,0.372400522232,0.509640157223,-0.704021811485
0.672289788723,0.0689260736108,1.34475791454,0.326900333166,0.372460901737,0.515796720982,-0.698829710484
0.672637999058,0.0693247765303,1.34441971779,0.328447461128,0.372597247362,0.521146297455,-0.694046199322
0.672677755356,0.0694887712598,1.34423589706,0.330582469702,0.372094750404,0.527402579784,-0.688554465771
0.672914028168,0.0696490779519,1.34410071373,0.33237528801,0.372590839863,0.532108068466,-0.683786392212
0.673072457314,0.0698657408357,1.34398424625,0.334145218134,0.372486501932,0.537563979626,-0.678694367409
0.673523128033,0.0701510980725,1.3437589407,0.338737487793,0.372562021017,0.539123892784,-0.675129592419
0.67380797863,0.0701579526067,1.34366607666,0.340486109257,0.372849166393,0.543036818504,-0.670942664146
0.67403447628,0.0705731213093,1.3435819149,0.342178165913,0.372990012169,0.54534381628,-0.668126344681
0.674438774586,0.070876121521,1.34353029728,0.34440767765,0.373037517071,0.548764169216,-0.664141774178
0.674756765366,0.0711100175977,1.34345376492,0.346610188484,0.373427480459,0.553778231144,-0.658591747284
0.675011813641,0.0712874084711,1.34334135056,0.348333477974,0.373400270939,0.555406868458,-0.656322598457
0.675447821617,0.0715737268329,1.34322869778,0.350269794464,0.373352140188,0.557557106018,-0.653490245342
0.675704538822,0.0716490149498,1.34314358234,0.352486640215,0.37398520112,0.562071681023,-0.648046195507
0.676006555557,0.0719611942768,1.34300422668,0.354213327169,0.374120175838,0.563110351562,-0.646122276783
0.676495969296,0.0721793547273,1.34289443493,0.356045365334,0.373458921909,0.566577851772,-0.642455995083
0.676768600941,0.072373971343,1.34284484386,0.35780325532,0.373979836702,0.568237364292,-0.639704823494
0.677032291889,0.0724160000682,1.34283804893,0.359229952097,0.374290883541,0.569817960262,-0.637312889099
0.677462518215,0.0727541968226,1.34263014793,0.361141949892,0.37477812171,0.570918142796,-0.634956896305
0.677736103535,0.0728912055492,1.34256017208,0.362793445587,0.375266462564,0.57173115015,-0.632992625237
0.67803555727,0.07300632447,1.34247815609,0.363996297121,0.375479906797,0.573002815247,-0.631022632122
0.67830902338,0.0731019452214,1.34243512154,0.365035802126,0.375302970409,0.574175655842,-0.62945920229
0.67856502533,0.0730661675334,1.34236371517,0.366872161627,0.375126391649,0.57500398159,-0.627738416195
0.678809404373,0.0731551647186,1.34227597713,0.368041455746,0.375408947468,0.57549405098,-0.6264346838
0.6790599823,0.0732831805944,1.34212839603,0.369198650122,0.375558495522,0.576105952263,-0.625100135803
0.67943829298,0.073340088129,1.34202158451,0.370339900255,0.375400424004,0.576476335526,-0.624177694321
0.679682016373,0.0734012424946,1.3418353796,0.371452838182,0.375805586576,0.576435565948,-0.623309671879
0.679857671261,0.0734292715788,1.3417429924,0.372324049473,0.375999957323,0.577166676521,-0.621994972229
0.680079936981,0.0734528005123,1.34161508083,0.373134255409,0.376042932272,0.577408611774,-0.621258378029
0.680463969707,0.0735100954771,1.34145343304,0.373970150948,0.37573993206,0.577727019787,-0.620642781258
0.680599212646,0.0737023130059,1.34126079082,0.374334186316,0.375888586044,0.578433215618,-0.619674623013
0.680773794651,0.0736391246319,1.34116101265,0.374835014343,0.375816076994,0.579293310642,-0.618611752987
0.680912733078,0.0738670676947,1.34107303619,0.375382184982,0.375852257013,0.580257475376,-0.617353081703
0.68119341135,0.0737238898873,1.34098553658,0.375633627176,0.375535070896,0.581036627293,-0.616659939289
0.681482434273,0.0738773047924,1.3409050703,0.376249074936,0.375341147184,0.582109570503,-0.615389585495
0.681733727455,0.073863953352,1.34079086781,0.376654744148,0.374849528074,0.583048045635,-0.614551961422
0.681967616081,0.0737999528646,1.34077501297,0.376771867275,0.374855667353,0.58396166563,-0.613608241081
0.682175993919,0.0738324448466,1.34072637558,0.377169370651,0.374409884214,0.584876954556,-0.612763881683
0.682481884956,0.0739033073187,1.34071242809,0.378136783838,0.37398904562,0.585208177567,-0.612107932568
0.682777702808,0.0739507824183,1.34078252316,0.378212273121,0.373457282782,0.587078511715,-0.610593140125
0.683012008667,0.0738553106785,1.34078931808,0.377907752991,0.372518837452,0.588891923428,-0.609607875347
0.683486878872,0.0737286508083,1.34073615074,0.378254711628,0.371604710817,0.590091943741,-0.608789682388
0.683811247349,0.0735934972763,1.34080088139,0.378770917654,0.371003389359,0.590396165848,-0.608540594578
0.684030056,0.0736898779869,1.34082424641,0.378929972649,0.370443999767,0.591438889503,-0.607769191265
0.684386730194,0.0736760050058,1.34084522724,0.379124730825,0.369698852301,0.592101633549,-0.607456088066
0.684805512428,0.0735042393208,1.3408446312,0.37906768918,0.368749201298,0.592889070511,-0.607300758362
0.685117125511,0.0734682306647,1.34085965157,0.379097342491,0.368197858334,0.59371316433,-0.606811463833
0.685592532158,0.0734296888113,1.34084045887,0.379411578178,0.367217093706,0.594145298004,-0.606786549091
0.685939908028,0.0733540356159,1.34082114697,0.379431843758,0.366715669632,0.594278872013,-0.606946349144
0.68626588583,0.0733006894588,1.34081029892,0.379565864801,0.366141080856,0.594346523285,-0.607142984867
0.686734974384,0.0732473433018,1.34080529213,0.379959523678,0.365361124277,0.594239890575,-0.607471048832
0.687010347843,0.0731456726789,1.34084498882,0.380073130131,0.364953607321,0.594031333923,-0.607848823071
0.687676370144,0.0731658190489,1.34089946747,0.380643218756,0.363666564226,0.594210803509,-0.608087897301
0.687995970249,0.0730997025967,1.34090900421,0.380961149931,0.363222211599,0.593745827675,-0.608608365059
0.68828523159,0.0729482620955,1.34087276459,0.381159573793,0.362881302834,0.59315508604,-0.609263122082
0.688599646091,0.0728463828564,1.34076440334,0.381729125977,0.362817198038,0.591554403305,-0.610499858856
0.688817918301,0.0727191418409,1.34077000618,0.381976306438,0.362717360258,0.590339183807,-0.611579954624
0.689132332802,0.0726418197155,1.34076225758,0.382486760616,0.362478584051,0.589317679405,-0.612387180328
0.689325094223,0.0725378990173,1.34075558186,0.382771849632,0.36246946454,0.588030934334,-0.613450229168
0.689533352852,0.0725336372852,1.34075844288,0.382819503546,0.362264186144,0.587534844875,-0.614016830921
0.689775168896,0.0724498555064,1.34075069427,0.383125692606,0.362085461617,0.585974276066,-0.615421175957
0.690044820309,0.0723715648055,1.3407330513,0.383567720652,0.361839711666,0.584722995758,-0.616479575634
0.690178692341,0.0722164213657,1.34071040154,0.384423196316,0.36217674613,0.582403182983,-0.617942869663
0.690330088139,0.0720970779657,1.34068000317,0.384737163782,0.362217664719,0.58034068346,-0.619661509991
0.6904322505,0.0719988793135,1.34066963196,0.384815037251,0.362103193998,0.579761266708,-0.620222210884
0.690569698811,0.0722180530429,1.3405687809,0.384848058224,0.363063573837,0.577560067177,-0.621692240238
0.690707027912,0.0720670372248,1.34052968025,0.385739803314,0.363593995571,0.574368059635,-0.623783230782
0.690792679787,0.0721349045634,1.34047830105,0.385963708162,0.364135533571,0.572793602943,-0.62477594614
0.690861165524,0.0720407664776,1.34045648575,0.385807812214,0.364010244608,0.571711242199,-0.625935435295
0.690932452679,0.0719553157687,1.34044623375,0.386081725359,0.364353626966,0.569468259811,-0.627609312534
0.690969884396,0.0718681514263,1.34040975571,0.386861413717,0.365112453699,0.566109061241,-0.629723668098
0.691018760204,0.0717948526144,1.34042263031,0.387182563543,0.365572601557,0.564146995544,-0.631018698215
0.691003441811,0.0716354548931,1.3403917551,0.387146115303,0.365393936634,0.563495993614,-0.63172596693
0.691004395485,0.0715317800641,1.34038746357,0.387257009745,0.365612149239,0.561521351337,-0.633287966251
0.691030621529,0.0714230015874,1.34034132957,0.387744605541,0.366296201944,0.558418691158,-0.635334551334
0.690991640091,0.0713010877371,1.34034848213,0.387912392616,0.366460114717,0.556893229485,-0.636475503445
0.690966248512,0.0711976736784,1.34034955502,0.387718349695,0.366422235966,0.555478751659,-0.637850046158
0.690914690495,0.070799857378,1.34044253826,0.388225764036,0.365997284651,0.553950786591,-0.639112949371
0.690837085247,0.0707014575601,1.34048819542,0.388481378555,0.36656370759,0.551310896873,-0.640913128853
0.690753638744,0.070429712534,1.34055125713,0.388679683208,0.366571396589,0.549378097057,-0.642446517944
0.690240502357,0.0702581703663,1.3405315876,0.388081252575,0.367527157068,0.548029124737,-0.643413543701
0.69011092186,0.0701655447483,1.34057295322,0.387325525284,0.367415398359,0.547017753124,-0.644791901112
0.689906537533,0.0703844502568,1.34052920341,0.387293606997,0.368957221508,0.545842766762,-0.644926309586
0.689702153206,0.0699732303619,1.34062612057,0.387174397707,0.368622511625,0.541980743408,-0.648436963558
0.6895403862,0.0699052140117,1.34066927433,0.387166172266,0.369002223015,0.540519535542,-0.649444639683
0.689356446266,0.0701096355915,1.34068071842,0.386755406857,0.370019972324,0.539077937603,-0.650308132172
0.689162492752,0.0697184726596,1.34076976776,0.386782407761,0.369596719742,0.538107097149,-0.651335954666
0.688893556595,0.0696215480566,1.34079158306,0.386496305466,0.370174944401,0.536875724792,-0.652193009853
0.688598692417,0.0697046369314,1.34085738659,0.385893553495,0.371086239815,0.535004556179,-0.653568208218
0.688365399837,0.0696461796761,1.34091484547,0.385569065809,0.371488332748,0.533765614033,-0.65454351902
0.688139200211,0.069582760334,1.34092628956,0.385167092085,0.371896624565,0.531368851662,-0.65649574995
0.687887907028,0.0695591270924,1.34096455574,0.384998768568,0.372175633907,0.531035482883,-0.656706035137
0.687516570091,0.0694663971663,1.34097921848,0.384237825871,0.372545182705,0.529799282551,-0.657939314842
0.687268257141,0.0694211497903,1.34097158909,0.383767813444,0.372620880604,0.529218494892,-0.658637702465
0.686995327473,0.0693477243185,1.34102749825,0.383156269789,0.372698992491,0.529077470303,-0.659062922001
0.68664675951,0.0692471563816,1.3410422802,0.382316291332,0.372892260551,0.528322517872,-0.660046219826
0.686341047287,0.0692405998707,1.34109151363,0.381828635931,0.373332500458,0.527582526207,-0.660671234131
0.686045467854,0.0691659748554,1.34111571312,0.381418764591,0.373314529657,0.526495695114,-0.661784291267
0.685741364956,0.0693107172847,1.34114694595,0.381271123886,0.373462200165,0.525904655457,-0.662255764008
0.685384511948,0.0691726058722,1.34116518497,0.380835950375,0.374190211296,0.524215638638,-0.66343331337
0.685114383698,0.0691724568605,1.34119594097,0.380425810814,0.374341279268,0.523462891579,-0.664177238941
0.684797346592,0.0691554397345,1.34126675129,0.379978120327,0.374703884125,0.522627353668,-0.664886832237
0.684373855591,0.0691222250462,1.34132647514,0.379292458296,0.375263720751,0.522098302841,-0.665377855301
0.684050798416,0.0691382288933,1.34137654305,0.378903210163,0.375563025475,0.521633088589,-0.665795624256
0.683773100376,0.0691312998533,1.34136378765,0.378374874592,0.375782907009,0.520753145218,-0.666660308838
0.683231532574,0.06919939816,1.34144794941,0.37781855464,0.37658777833,0.520586788654,-0.66665148735
0.682793259621,0.0691464468837,1.34149515629,0.37738186121,0.376877367496,0.520082890987,-0.667128384113
0.682407617569,0.0691596344113,1.34150600433,0.376888483763,0.377376377583,0.519656479359,-0.667457520962
0.681919455528,0.068929463625,1.34158921242,0.376167416573,0.377500146627,0.519715249538,-0.667748332024
0.681590199471,0.0688904374838,1.3415864706,0.375561505556,0.377749800682,0.518824875355,-0.668640136719
0.681215941906,0.068927437067,1.34160172939,0.374618053436,0.378859788179,0.5180747509,-0.669122755527
0.68074965477,0.0689441710711,1.34164083004,0.374025911093,0.379558086395,0.517792999744,-0.669276416302
0.680355072021,0.0688106417656,1.34165179729,0.373766303062,0.379578173161,0.51789700985,-0.66932952404
0.679833292961,0.0686810612679,1.34162521362,0.37350833416,0.380400002003,0.516796410084,-0.669857382774
0.679527282715,0.0686863809824,1.3415967226,0.372656822205,0.380778580904,0.51554787159,-0.671077489853
0.679147779942,0.0685956403613,1.34159100056,0.372252106667,0.381065696478,0.515507876873,-0.671169817448
0.678705692291,0.068501085043,1.34158957005,0.371929943562,0.381919205189,0.515161633492,-0.671129226685
0.678403615952,0.0684644877911,1.34158539772,0.371506124735,0.382269948721,0.514521420002,-0.67165517807
0.678061783314,0.0684555917978,1.34153950214,0.371331483126,0.382582604885,0.514505982399,-0.671585440636
0.677640259266,0.068433098495,1.34153652191,0.3709448874,0.383121192455,0.514462172985,-0.671525597572
0.677415728569,0.068471878767,1.3415299654,0.370841622353,0.383544415236,0.514167487621,-0.671566784382
0.677213728428,0.0685158744454,1.34156477451,0.370650649071,0.383969575167,0.513941705227,-0.671602129936
0.676957964897,0.0684904977679,1.34157693386,0.370391428471,0.384173035622,0.513987541199,-0.671593844891
0.676635086536,0.0684854760766,1.34158682823,0.370044261217,0.384685456753,0.513897299767,-0.671560883522
0.676447987556,0.0686507821083,1.34154260159,0.369898766279,0.385483771563,0.513345181942,-0.671605467796
0.676223158836,0.0686542093754,1.34147250652,0.369766592979,0.385540962219,0.513509690762,-0.671519696712
0.675977051258,0.0684958845377,1.34152019024,0.369943261147,0.385509490967,0.51372641325,-0.671274662018
0.675816178322,0.0684117674828,1.34154212475,0.369564950466,0.385737895966,0.513691723347,-0.6713783741
0.675592839718,0.0686203986406,1.34145498276,0.369142323732,0.386801749468,0.513244748116,-0.671340763569
0.675356209278,0.0686236023903,1.34137630463,0.368782222271,0.387081205845,0.513363599777,-0.671286582947
0.67514526844,0.068575873971,1.34129106998,0.369194865227,0.386787563562,0.513892948627,-0.670823931694
0.675032317638,0.0687613934278,1.3411949873,0.368720293045,0.387371689081,0.513730168343,-0.670872449875
0.67488604784,0.0688292384148,1.34111785889,0.368560492992,0.387569308281,0.513937652111,-0.670687317848
0.674769699574,0.0688166543841,1.34103775024,0.368570238352,0.387745380402,0.514093577862,-0.670460700989
0.674557626247,0.068849183619,1.34095418453,0.368341475725,0.388072192669,0.514843523502,-0.669821441174
0.674385786057,0.0688852667809,1.34090828896,0.368077844381,0.388363301754,0.515065729618,-0.669626772404
0.674303174019,0.0689772963524,1.34079539776,0.367923676968,0.388309329748,0.51544380188,-0.669451832771
0.674216389656,0.0690698772669,1.34075284004,0.36789008975,0.388545542955,0.515658974648,-0.66916757822
0.674118816853,0.0691210627556,1.34069871902,0.367802768946,0.388528734446,0.516085267067,-0.668896436691
0.674054741859,0.0692209228873,1.34063982964,0.367547333241,0.388743013144,0.516260385513,-0.668777167797
0.674045562744,0.0693004280329,1.34066212177,0.367438644171,0.388888508081,0.516397833824,-0.668646335602
0.673921525478,0.0694086849689,1.34059691429,0.367389172316,0.38883921504,0.516818284988,-0.668377220631
0.673886060715,0.0694960281253,1.34056472778,0.367342531681,0.388873338699,0.517077028751,-0.668183028698
0.673867583275,0.0695966035128,1.34054064751,0.367184489965,0.388761639595,0.517472326756,-0.668028712273
0.673859477043,0.0696961060166,1.34051668644,0.367207944393,0.388814151287,0.517733693123,-0.667782723904
0.673837006092,0.0697730332613,1.34047675133,0.3672080338,0.388740539551,0.518333673477,-0.667359948158
0.673849999905,0.0699195414782,1.34046721458,0.367185115814,0.388872146606,0.518647551537,-0.667051970959
0.673865139484,0.070055745542,1.34041678905,0.367289632559,0.388821303844,0.518834650517,-0.666878521442
0.673885047436,0.0701469182968,1.3403955698,0.367214083672,0.388834804296,0.518979132175,-0.666799962521
0.673903226852,0.0702572390437,1.34037744999,0.367291718721,0.388767421246,0.519190609455,-0.666631877422
0.673961281776,0.0703758373857,1.3403608799,0.367265790701,0.388847649097,0.519213676453,-0.666581392288
0.673991203308,0.0702798217535,1.3403583765,0.367510735989,0.388309687376,0.519680321217,-0.666396319866
0.674053907394,0.070369489491,1.34033989906,0.367618083954,0.388257354498,0.519758522511,-0.666306436062
0.674153149128,0.0704860836267,1.34026527405,0.367785543203,0.38809555769,0.519841909409,-0.666243195534
0.674262404442,0.0706292390823,1.34021151066,0.368037492037,0.387986451387,0.519899785519,-0.666122496128
0.674347639084,0.0707315355539,1.34019732475,0.368175446987,0.387875676155,0.519963204861,-0.666061282158
0.674447119236,0.0709842443466,1.34013819695,0.368144780397,0.388288140297,0.51963955164,-0.666090548038
0.674556195736,0.071084074676,1.34008312225,0.368383526802,0.388190060854,0.519642591476,-0.666013360023
0.674646675587,0.0711704939604,1.34005987644,0.368561476469,0.388125032187,0.51960504055,-0.66598212719
0.67479467392,0.0712594762444,1.34004986286,0.36882930994,0.388070642948,0.519503414631,-0.665944755077
0.674969613552,0.0713537633419,1.3400028944,0.369249284267,0.387984037399,0.519563376904,-0.665715634823
0.675061166286,0.0712974593043,1.3400067091,0.36970603466,0.387553453445,0.519966840744,-0.665398001671
0.675145745277,0.0715745389462,1.33987915516,0.369820922613,0.387851715088,0.519667029381,-0.665394484997
0.675257027149,0.0716509521008,1.33984220028,0.37003582716,0.387858361006,0.519497573376,-0.665403485298
0.675373852253,0.0717314332724,1.33981215954,0.370299130678,0.387937992811,0.51933991909,-0.665333688259
0.675518393517,0.0717811360955,1.33974552155,0.370472729206,0.387831628323,0.519233286381,-0.665382266045
0.675691664219,0.0718673095107,1.33969473839,0.370811134577,0.387743890285,0.519022762775,-0.665409088135
0.675836265087,0.0717867538333,1.33967256546,0.371272087097,0.387052148581,0.519328832626,-0.66531586647
0.67599773407,0.0718601867557,1.33961677551,0.371611148119,0.386979281902,0.519144117832,-0.665313184261
0.676198005676,0.0719277188182,1.33958601952,0.372058182955,0.386864334345,0.518970012665,-0.665266156197
0.676304578781,0.0719803497195,1.3395601511,0.372480303049,0.386912256479,0.518791794777,-0.665140926838
0.67641043663,0.0720034390688,1.33952236176,0.372737973928,0.387002468109,0.518493294716,-0.665176808834
0.676527261734,0.0720442906022,1.33949697018,0.373249292374,0.387143105268,0.518903851509,-0.664487838745
0.676644384861,0.0720886290073,1.33945631981,0.373452067375,0.387154310942,0.518789231777,-0.66445684433
0.676826715469,0.072148874402,1.3395165205,0.373585939407,0.387200325727,0.518553435802,-0.664538741112
0.676927745342,0.072204247117,1.33950257301,0.373891532421,0.387197464705,0.518406689167,-0.664483129978
0.677134275436,0.0723976418376,1.33941090107,0.37406796217,0.387645542622,0.517836809158,-0.664566874504
0.677312612534,0.0724242031574,1.33938145638,0.374422073364,0.387486159801,0.517727613449,-0.664545536041
0.677421748638,0.0724440291524,1.33935940266,0.374693632126,0.387447237968,0.517982602119,-0.664216399193
0.677597820759,0.0724938511848,1.33934056759,0.375301301479,0.387416213751,0.520419001579,-0.661983251572
0.677663743496,0.07248711586,1.33929538727,0.375465720892,0.387438714504,0.520322799683,-0.661952376366
0.677699863911,0.0724681019783,1.33922338486,0.375528395176,0.387207210064,0.518005371094,-0.663867115974
0.67776376009,0.0723110362887,1.33925426006,0.376042991877,0.386811703444,0.518816888332,-0.66317242384
0.677866876125,0.0724607259035,1.33920073509,0.37602430582,0.387206941843,0.518457770348,-0.663233101368
0.677959024906,0.0724682062864,1.3392355442,0.376315534115,0.38717597723,0.518369972706,-0.663154661655
0.67803555727,0.0724486485124,1.33923923969,0.376491218805,0.387145191431,0.518300235271,-0.663127422333
0.678165853024,0.0722919851542,1.33919429779,0.376665681601,0.387054115534,0.518182098866,-0.663173913956
0.678248465061,0.0722867175937,1.33922052383,0.376905858517,0.387038826942,0.518095016479,-0.663114309311
0.678381443024,0.0722876489162,1.33923983574,0.377129256725,0.386819124222,0.518074572086,-0.663131356239
0.678425073624,0.072270616889,1.33924257755,0.377316147089,0.386839866638,0.518019497395,-0.663056015968
0.678464353085,0.0722514241934,1.33924365044,0.377437829971,0.386876374483,0.517973065376,-0.663001894951
0.678508162498,0.0722005143762,1.33924257755,0.377568274736,0.387073993683,0.517783641815,-0.662960112095
0.678532600403,0.0723203346133,1.33930337429,0.37776067853,0.387329846621,0.517597675323,-0.662846386433
0.678550422192,0.0722733363509,1.33931005001,0.377909272909,0.387439757586,0.51752358675,-0.662755131721
0.678567767143,0.072233453393,1.33931469917,0.378003299236,0.387449502945,0.517498075962,-0.662715733051
0.67857837677,0.0721931010485,1.33931779861,0.377951174974,0.387377649546,0.517575800419,-0.662726759911
0.678577363491,0.072113737464,1.33930683136,0.37803915143,0.387310296297,0.51761341095,-0.662686645985
0.678547561169,0.0721020027995,1.33927667141,0.37786000967,0.387116372585,0.516534328461,-0.663743197918
0.678570449352,0.0720496624708,1.33932328224,0.377811044455,0.387259960175,0.51641279459,-0.663781881332
0.67857336998,0.0720058009028,1.33932125568,0.377811133862,0.387337446213,0.516365647316,-0.663773298264
0.678533792496,0.0720710158348,1.3392572403,0.377636343241,0.387710154057,0.516190230846,-0.663791656494
0.678454637527,0.0717284232378,1.33928966522,0.378110796213,0.38678753376,0.516909122467,-0.6635004282
0.678482055664,0.0719261094928,1.33926236629,0.377782553434,0.387780487537,0.516190111637,-0.663667440414
0.67839550972,0.0715710744262,1.33928155899,0.378222256899,0.386853843927,0.516931414604,-0.663380682468
0.678358852863,0.0714956745505,1.33927094936,0.378168940544,0.386878967285,0.516954779625,-0.663378357887
0.678311944008,0.0714238137007,1.3392649889,0.378118783236,0.386948674917,0.516967892647,-0.663355946541
0.678272902966,0.0713431611657,1.33925867081,0.378149569035,0.387052565813,0.517017424107,-0.663239300251
0.678223311901,0.0712720230222,1.33926439285,0.378061771393,0.387084364891,0.51705789566,-0.663239181042
0.678071737289,0.0711590573192,1.33929157257,0.37771371007,0.38734087348,0.517092525959,-0.663260698318
0.678021430969,0.0711233764887,1.33930337429,0.377609223127,0.387463659048,0.51713848114,-0.663212656975
0.677911400795,0.0710318684578,1.33931839466,0.377382963896,0.387449622154,0.51722496748,-0.663282155991
0.677835047245,0.0709254741669,1.33933770657,0.377348184586,0.387522310019,0.517365157604,-0.663150072098
0.677793622017,0.0708354264498,1.33933734894,0.37715831399,0.387423068285,0.517419815063,-0.663273572922
0.677704334259,0.0707122683525,1.33940315247,0.376810818911,0.387434512377,0.517521977425,-0.663384795189
0.677670896053,0.0707767754793,1.33938443661,0.376488804817,0.387852698565,0.517360806465,-0.663448870182
0.677652657032,0.0706861540675,1.33945143223,0.376394212246,0.388068109751,0.517203092575,-0.663499593735
0.677562892437,0.0705858394504,1.33950734138,0.376092910767,0.388057619333,0.517345607281,-0.663565397263
0.677509069443,0.0705038458109,1.33953464031,0.376067787409,0.388126701117,0.517318367958,-0.663560450077
0.6774289608,0.0703700184822,1.33954524994,0.375941604376,0.388151466846,0.517399311066,-0.663554370403
0.677367925644,0.0702837109566,1.33955526352,0.375761210918,0.38813406229,0.517464280128,-0.663616061211
0.677280128002,0.0701825469732,1.33959650993,0.375432729721,0.38794991374,0.517692744732,-0.663731455803
0.677238345146,0.0701291635633,1.33962833881,0.375236690044,0.388018786907,0.517690658569,-0.663803696632
0.677226960659,0.0699051618576,1.33964455128,0.374963462353,0.387882173061,0.517802298069,-0.663950920105
0.677168011665,0.0698613226414,1.33968532085,0.374815374613,0.387870073318,0.51786583662,-0.663991868496
0.677106142044,0.0697847902775,1.33969819546,0.374587148428,0.387805461884,0.517469286919,-0.664467453957
0.677068948746,0.0696957632899,1.33972620964,0.374446421862,0.387717843056,0.517543256283,-0.664540350437
0.677022576332,0.0696116015315,1.33974504471,0.374275118113,0.387654662132,0.517642378807,-0.664596557617
0.677013278008,0.069493047893,1.33976733685,0.374154984951,0.38773047924,0.517536580563,-0.664702355862
0.676931381226,0.0694579556584,1.33978843689,0.37401175499,0.387659102678,0.517615497112,-0.66476303339
0.67686778307,0.0692189335823,1.33985936642,0.374053448439,0.387166202068,0.518017232418,-0.664713859558
0.676719248295,0.0690894052386,1.33992099762,0.373559445143,0.387146413326,0.518344461918,-0.664748132229
0.676624655724,0.0690083131194,1.33997094631,0.373302429914,0.387206673622,0.518408119678,-0.664807856083
0.676564872265,0.0688626617193,1.3399823904,0.372990638018,0.387126624584,0.518524169922,-0.664938926697
0.676493823528,0.0688006803393,1.34006392956,0.372747927904,0.387165158987,0.518593907356,-0.664998054504
0.676465809345,0.0688222050667,1.34009969234,0.372716873884,0.387098699808,0.518644213676,-0.665014982224
0.676377296448,0.0687269493937,1.3401414156,0.37266510725,0.386853575706,0.518861591816,-0.665017127991
0.676355838776,0.0687928944826,1.34014379978,0.372359544039,0.387310624123,0.518521368504,-0.66518753767
0.676259815693,0.0687118917704,1.34021985531,0.372122347355,0.38733574748,0.518605649471,-0.665239989758
0.676192998886,0.0686387419701,1.34028208256,0.371930003166,0.387271612883,0.518693029881,-0.665316700935
0.676146030426,0.0685789585114,1.34033751488,0.371765434742,0.387190014124,0.518746197224,-0.665414690971
0.676112651825,0.0685035958886,1.34037923813,0.371487647295,0.387122631073,0.518554389477,-0.665758550167
0.676077008247,0.0684664994478,1.34043765068,0.371202915907,0.387036293745,0.518409430981,-0.666080355644
0.676041960716,0.0683936923742,1.34049034119,0.371027827263,0.386949390173,0.518463134766,-0.666186571121
0.675968289375,0.0682892948389,1.3405534029,0.370773047209,0.386948496103,0.518508851528,-0.666293382645
0.675925016403,0.0682014301419,1.34065294266,0.370581805706,0.386839926243,0.520376503468,-0.665005505085
0.675890803337,0.0681423395872,1.34068799019,0.370336443186,0.386710375547,0.520362257957,-0.66522872448
0.675871670246,0.0681001842022,1.34073102474,0.370167523623,0.386679410934,0.520343244076,-0.665355682373
0.675868391991,0.0680415481329,1.3407791853,0.370060831308,0.386624217033,0.520286560059,-0.66549128294
0.675845384598,0.067969635129,1.34081876278,0.369914978743,0.386558175087,0.520292103291,-0.665606498718
0.675816774368,0.0679087042809,1.34086060524,0.369935303926,0.386744439602,0.519078731537,-0.666433751583
0.675780773163,0.0676838755608,1.34093523026,0.370030909777,0.386247247458,0.519388914108,-0.666427433491
0.675766944885,0.0676115453243,1.34097659588,0.369875013828,0.386200964451,0.519426226616,-0.666511774063
0.675749599934,0.0675512328744,1.34102761745,0.36992430687,0.386280030012,0.519385933876,-0.666469812393
0.675680220127,0.0674401447177,1.34110879898,0.369508713484,0.386041074991,0.519648432732,-0.66663402319
0.675669491291,0.067395195365,1.34116566181,0.369407683611,0.386121094227,0.519638955593,-0.666651189327
0.675663411617,0.0674839541316,1.3411962986,0.368876606226,0.38638266921,0.519604086876,-0.66682100296
0.675599396229,0.0672396570444,1.34129548073,0.368854701519,0.385932922363,0.520103693008,-0.666703999043
0.675553500652,0.067177079618,1.34141528606,0.368416815996,0.385727703571,0.520495176315,-0.666759371758
0.675493597984,0.0670907646418,1.34154605865,0.368016272783,0.38565915823,0.52084505558,-0.666746973991
0.675452530384,0.0670177489519,1.34163975716,0.367464929819,0.38529381156,0.522024333477,-0.666339874268
0.675419151783,0.0669626668096,1.34175384045,0.366267174482,0.384405225515,0.523236513138,-0.666561722755
0.675325214863,0.0669490695,1.34186530113,0.365442961454,0.384246557951,0.52377641201,-0.666681647301
0.675315916538,0.0668435543776,1.34203875065,0.364910781384,0.383762538433,0.524423539639,-0.666743159294
0.675329983234,0.0667978748679,1.34221673012,0.364453852177,0.383460998535,0.52436119318,-0.667215585709
0.675287842751,0.0667274147272,1.34244000912,0.363668441772,0.383070796728,0.52492171526,-0.667427361012
0.675312161446,0.0665209516883,1.34268569946,0.362454622984,0.382301926613,0.525372743607,-0.668173193932
0.675321221352,0.0664856061339,1.34284985065,0.361720383167,0.381377786398,0.527088403702,-0.667747974396
0.675476014614,0.06646476686,1.34308874607,0.361065626144,0.380480766296,0.527750849724,-0.668090522289
0.675589263439,0.0664087459445,1.34336555004,0.360185980797,0.379636377096,0.528083264828,-0.668782651424
0.675697445869,0.0663883388042,1.34360003471,0.359732836485,0.379217684269,0.527098655701,-0.670039653778
0.675820350647,0.0665124803782,1.34381759167,0.358853369951,0.379106372595,0.526955783367,-0.670686483383
0.67590880394,0.0664645284414,1.34404695034,0.358014464378,0.37848752737,0.526327073574,-0.671976745129
0.676021933556,0.0664192587137,1.34421229362,0.357529878616,0.377887517214,0.52685880661,-0.672155737877
0.676072001457,0.066245496273,1.34445858002,0.356795281172,0.376548796892,0.527593255043,-0.672721087933
0.676211953163,0.0662169829011,1.34459638596,0.356069415808,0.375934153795,0.526794731617,-0.674073755741
0.676331460476,0.0662151798606,1.34475338459,0.355498194695,0.375459969044,0.526301085949,-0.675024569035
0.676509618759,0.0662546753883,1.34487223625,0.354927837849,0.374920994043,0.52513563633,-0.676530122757
0.676710486412,0.066252194345,1.34506714344,0.354523956776,0.374493092299,0.523974895477,-0.677877664566
0.676878631115,0.0663360953331,1.34517526627,0.353814899921,0.374283313751,0.522585749626,-0.679434537888
0.67704886198,0.0662545114756,1.34525430202,0.353133618832,0.37396851182,0.520681083202,-0.68142169714
0.677181720734,0.0662129968405,1.34532463551,0.352692961693,0.373860925436,0.518762469292,-0.68317002058
0.677307069302,0.0661962106824,1.34540462494,0.352667093277,0.373998641968,0.515917539597,-0.68525916338
0.677440583706,0.066361695528,1.34539806843,0.351974308491,0.374404221773,0.51279270649,-0.687734901905
0.677529931068,0.0663500279188,1.34548342228,0.35183095932,0.374444842339,0.509667992592,-0.690104901791
0.677650809288,0.0662843436003,1.34555160999,0.351086825132,0.374163687229,0.507350385189,-0.692340493202
0.677820265293,0.0662197768688,1.34560883045,0.350823998451,0.373981893063,0.504323780537,-0.69477891922
0.67803812027,0.0662014111876,1.34571135044,0.350628942251,0.374063581228,0.50058567524,-0.697531402111
0.678223073483,0.0661552995443,1.34582901001,0.349894821644,0.374150663614,0.496864885092,-0.700507164001
0.67833262682,0.066120699048,1.34592998028,0.349338203669,0.374158322811,0.492974847555,-0.703522861004
0.678455352783,0.0660324767232,1.34606897831,0.349052190781,0.374792188406,0.488151967525,-0.706683158875
0.678615927696,0.0659558922052,1.34618198872,0.348380178213,0.374902456999,0.48371642828,-0.709998607635
0.678760290146,0.065883718431,1.34636950493,0.347242444754,0.375115275383,0.478826850653,-0.71374797821
0.678896307945,0.0658006370068,1.3465154171,0.346957206726,0.375602215528,0.472763925791,-0.717661559582
0.679088532925,0.0658318474889,1.34668016434,0.346399873495,0.375784367323,0.467183619738,-0.721479654312
0.679232358932,0.0656786039472,1.34682750702,0.345083683729,0.376360863447,0.46232649684,-0.724930346012
0.679340541363,0.065482839942,1.3470864296,0.344017893076,0.375369518995,0.457324773073,-0.729111552238
0.679446697235,0.06538952142,1.3472110033,0.343410998583,0.375270187855,0.451304942369,-0.733188271523
0.679477751255,0.0652219057083,1.34743750095,0.342540293932,0.375831156969,0.444299280643,-0.737573862076
0.679593622684,0.0650940462947,1.34764826298,0.34050488472,0.377981960773,0.438763856888,-0.74072432518
0.679621934891,0.0649164170027,1.34782040119,0.338330119848,0.376023352146,0.434329032898,-0.745317041874
0.679654061794,0.0648052096367,1.3480027914,0.337309718132,0.37590020895,0.427214831114,-0.749939262867
0.679705500603,0.0648192614317,1.34814178944,0.335886090994,0.376488655806,0.41971513629,-0.754503786564
0.679627835751,0.0646256133914,1.34835410118,0.334906637669,0.376281946898,0.411807179451,-0.759384274483
0.679593324661,0.0645431280136,1.34859752655,0.333090007305,0.376310318708,0.404500514269,-0.764081776142
0.679487943649,0.0641688406467,1.34888863564,0.331058114767,0.375505030155,0.397868901491,-0.76882815361
0.679394960403,0.0640335232019,1.34911084175,0.328695952892,0.374916672707,0.391718775034,-0.773274064064
0.679330229759,0.0638395473361,1.34939515591,0.326636373997,0.374474734068,0.38412386179,-0.778155565262
0.679277837276,0.0636351183057,1.34961664677,0.32413572073,0.373676151037,0.376979410648,-0.783063709736
0.679206311703,0.0635067597032,1.34982979298,0.321503192186,0.372676759958,0.369790017605,-0.788037598133
0.679063081741,0.0631339401007,1.35022699833,0.318611741066,0.372224241495,0.362072974443,-0.792993605137
0.678980469704,0.0630776137114,1.35041677952,0.315779685974,0.370923370123,0.355130910873,-0.797860383987
0.67891728878,0.0628465488553,1.35064649582,0.312833398581,0.369489461184,0.347822934389,-0.802889823914
0.67876458168,0.0625875815749,1.35094869137,0.309766769409,0.368647307158,0.340282648802,-0.807682693005
0.678689062595,0.062333445996,1.35124230385,0.30661419034,0.36728322506,0.333020508289,-0.812519609928
0.67857080698,0.0622421614826,1.3514688015,0.302861571312,0.365790605545,0.326093107462,-0.817395567894
0.678351104259,0.0620175153017,1.35173261166,0.299474984407,0.364516496658,0.318703174591,-0.822113573551
0.678009867668,0.0614332519472,1.35215592384,0.29633128643,0.363025486469,0.312482684851,-0.826289772987
0.678002595901,0.0612834617496,1.35234105587,0.293184638023,0.360966980457,0.305227100849,-0.831012666225
0.678612291813,0.0613805130124,1.35230410099,0.291694760323,0.357401937246,0.297791481018,-0.835762143135
0.678499341011,0.0611756592989,1.35263288021,0.288498699665,0.355798780918,0.290499269962,-0.840110719204
0.677470088005,0.0605956688523,1.35325610638,0.283248782158,0.356007069349,0.284719944,-0.843779444695
0.677907586098,0.0605802163482,1.35329091549,0.281363427639,0.352871268988,0.27743139863,-0.848144054413
0.677729010582,0.0604086592793,1.35357177258,0.278161615133,0.350851297379,0.270497381687,-0.852267980576
0.677491009235,0.060099683702,1.35377562046,0.274285763502,0.3488727808,0.265381932259,-0.855936765671
0.677160680294,0.0598019212484,1.35414612293,0.269492089748,0.347773820162,0.259089440107,-0.859825611115
0.676309168339,0.0592267028987,1.3547450304,0.264714419842,0.3471352458,0.252191990614,-0.863610208035
0.676965296268,0.0592233166099,1.35470914841,0.263484835625,0.343384712934,0.245824813843,-0.867313623428
0.676781952381,0.0590097531676,1.35462927818,0.260938853025,0.34124532342,0.240181416273,-0.870503008366
0.675559461117,0.0586384311318,1.35565006733,0.255805552006,0.342165917158,0.234051972628,-0.873330175877
0.676191449165,0.0584580302238,1.35526657104,0.25380602479,0.338854432106,0.228282719851,-0.876725256443
0.676041662693,0.0582833737135,1.35549128056,0.251003682613,0.336597770452,0.222175300121,-0.879964292049
0.67579638958,0.0578638166189,1.35616970062,0.247168406844,0.335188537836,0.215906560421,-0.883142530918
0.674534440041,0.057344019413,1.35685908794,0.241723388433,0.335936754942,0.211069181561,-0.885531544685
0.675210475922,0.0574292317033,1.3567250967,0.240602001548,0.332040846348,0.204249605536,-0.888899207115
0.6749792099,0.0571916997433,1.35700452328,0.237163081765,0.329889982939,0.19813336432,-0.892003118992
0.674771487713,0.0569323822856,1.35727322102,0.233921691775,0.328103363514,0.192941069603,-0.894652187824
0.673685371876,0.0563241094351,1.35791969299,0.228976786137,0.328159987926,0.18808029592,-0.896942794323
0.673586428165,0.0561212673783,1.35809528828,0.225942775607,0.326037734747,0.183454602957,-0.899440765381
0.673255681992,0.055824354291,1.35844659805,0.222496703267,0.324718922377,0.179208964109,-0.901630163193
0.673002958298,0.0556076280773,1.35872876644,0.219910740852,0.32322371006,0.17398776114,-0.90382194519
0.672780275345,0.0553638525307,1.35891449451,0.217097342014,0.321330755949,0.169879719615,-0.905955970287
0.672595620155,0.0551548339427,1.35917007923,0.213672146201,0.318902254105,0.166417792439,-0.908267974854
0.672484755516,0.0549351647496,1.35943436623,0.21071152389,0.31674104929,0.162513405085,-0.910420298576
0.670419454575,0.054052323103,1.35835516453,0.205612391233,0.316699802876,0.159790173173,-0.912081122398
0.670324683189,0.0538331493735,1.35862159729,0.202385336161,0.31409367919,0.157154336572,-0.914159655571
0.672092199326,0.0543705709279,1.36014056206,0.202707454562,0.312051862478,0.150313869119,-0.915936172009
0.67204195261,0.0543614849448,1.36028766632,0.198463022709,0.31052467227,0.146510332823,-0.917998731136
0.672026872635,0.0541917644441,1.36045730114,0.196071341634,0.308257818222,0.143476009369,-0.919754207134
0.671965420246,0.0538634769619,1.36071205139,0.193582177162,0.306294232607,0.141212567687,-0.921286523342
0.671969652176,0.0536205396056,1.36100411415,0.192283198237,0.303841680288,0.138640597463,-0.922760128975
0.670997798443,0.0528012886643,1.36073768139,0.187605395913,0.302332788706,0.137564301491,-0.924378216267
0.672071218491,0.0534978359938,1.36146724224,0.190560474992,0.301662325859,0.136096388102,-0.924210071564
0.672144711018,0.0533644035459,1.36160409451,0.186570435762,0.300016820431,0.133256867528,-0.925971984863
0.67215526104,0.053222540766,1.36189222336,0.184079796076,0.298087984324,0.130801424384,-0.927442312241
0.672221601009,0.0532421022654,1.36220610142,0.181840792298,0.296992063522,0.128184914589,-0.92860019207
0.671097517014,0.0526621565223,1.36202478409,0.179065972567,0.294887185097,0.128724515438,-0.929734885693
0.670398414135,0.0522969588637,1.36146485806,0.171547353268,0.291503846645,0.124420620501,-0.932800352573
0.670533359051,0.0522634275258,1.361723423,0.169305384159,0.289758592844,0.122436642647,-0.934015452862
0.671425759792,0.0524465292692,1.36285448074,0.16977404058,0.287764877081,0.120315715671,-0.93482208252
0.670802354813,0.0520761013031,1.36222136021,0.16535782814,0.285941451788,0.11960440129,-0.936263382435
0.67310333252,0.0527869015932,1.36380457878,0.166556105018,0.283573299646,0.115438655019,-0.93729352951
0.673228800297,0.0526631325483,1.36403369904,0.169101372361,0.285627514124,0.11624328047,-0.936113834381
0.673429787159,0.0526356212795,1.36423397064,0.163341015577,0.280299127102,0.114197827876,-0.938994705677
0.673648715019,0.0526011958718,1.36442828178,0.162237644196,0.278988748789,0.11337839067,-0.939675211906
0.673974633217,0.0525937229395,1.36462044716,0.165940374136,0.281682699919,0.113636128604,-0.938192665577
0.674259960651,0.0525226145983,1.36491107941,0.165228918195,0.281058311462,0.113546557724,-0.938516378403
0.674532055855,0.0524602085352,1.36509561539,0.160238936543,0.276046186686,0.113271214068,-0.940899431705
0.673055589199,0.0516323596239,1.36410546303,0.158768981695,0.27489066124,0.116863526404,-0.941047549248
0.674434244633,0.0515787266195,1.36508929729,0.164509534836,0.27929598093,0.117279417813,-0.93870973587
0.674792647362,0.0515609644353,1.36518228054,0.164770305157,0.279086440802,0.11866414547,-0.938552260399
0.676147162914,0.052327029407,1.36575591564,0.166973754764,0.278515040874,0.118520721793,-0.93835067749
0.676588773727,0.0522993206978,1.36579716206,0.167320862412,0.278205305338,0.120363354683,-0.938146173954
0.677071392536,0.0521141625941,1.36577916145,0.168046429753,0.278021365404,0.122717998922,-0.937765836716
0.677755892277,0.0522017963231,1.3656924963,0.169085711241,0.277480185032,0.124421544373,-0.937514841557
0.676378846169,0.0518726669252,1.36429810524,0.16658782959,0.278479129076,0.128359541297,-0.937134861946
0.676916182041,0.0519166439772,1.36422896385,0.167361810803,0.278332531452,0.1302228719,-0.936783373356
0.679535806179,0.0526118315756,1.36541438103,0.170954316854,0.277646839619,0.130083426833,-0.93635737896
0.678065598011,0.0517761595547,1.36397778988,0.170500040054,0.277479350567,0.135040640831,-0.935787916183
0.680700540543,0.0525833889842,1.36523675919,0.174766346812,0.277365535498,0.134996414185,-0.935040652752
0.681126892567,0.0527277290821,1.3651689291,0.175712004304,0.277504473925,0.136901080608,-0.93454515934
0.679775953293,0.0522202178836,1.36377120018,0.174799740314,0.27853551507,0.141554072499,-0.933715939522
0.680293381214,0.052352078259,1.36369979382,0.176057562232,0.279150247574,0.143751397729,-0.932960093021
0.68281430006,0.0531479492784,1.36499536037,0.179713502526,0.279322236776,0.143524169922,-0.932246148586
0.683430969715,0.0532160922885,1.36487209797,0.181315213442,0.279908329248,0.146053999662,-0.931366920471
0.683923602104,0.0533152557909,1.36475300789,0.182609662414,0.280164241791,0.148606792092,-0.930633068085
0.684629142284,0.0534434765577,1.36464226246,0.184477284551,0.280583649874,0.151070713997,-0.92974114418
0.683136105537,0.0528642311692,1.36327075958,0.182878151536,0.281666517258,0.155766263604,-0.928954482079
0.683695077896,0.0529727339745,1.36315274239,0.184307590127,0.282152950764,0.158154338598,-0.928120493889
0.686189234257,0.053702890873,1.36428368092,0.188920274377,0.282480180264,0.158719033003,-0.926996469498
0.686621785164,0.0537295043468,1.36415731907,0.190403372049,0.283062458038,0.161444470286,-0.926044225693
0.687209486961,0.0538803003728,1.36401951313,0.192255288363,0.284110724926,0.164073005319,-0.924877882004
0.687667310238,0.0539073124528,1.3638446331,0.194255039096,0.284595936537,0.167020991445,-0.923782467842
0.68811917305,0.0539954826236,1.36364519596,0.196351215243,0.285630822182,0.17007650435,-0.922461509705
0.688580870628,0.0540554895997,1.36352801323,0.198081001639,0.286596477032,0.172919839621,-0.921262800694
0.687117576599,0.0534849241376,1.36213636398,0.197585850954,0.288165718317,0.178196236491,-0.919873058796
0.687489211559,0.0534818582237,1.36199820042,0.196591168642,0.287409037352,0.180084630847,-0.919955193996
0.689869761467,0.0541843399405,1.36307990551,0.201093643904,0.287871688604,0.18117338419,-0.918622553349
0.690254151821,0.0542787276208,1.36290490627,0.203478395939,0.289086639881,0.18503369391,-0.916944861412
0.690682947636,0.0542264282703,1.36275732517,0.208257600665,0.291993558407,0.189930975437,-0.913944661617
0.690970897675,0.054234713316,1.36260390282,0.207069933414,0.291561871767,0.192134797573,-0.913891613483
0.691194534302,0.0543478056788,1.36247992516,0.209542527795,0.293361842632,0.195920869708,-0.911946177483
0.691631674767,0.0544352605939,1.36225605011,0.212700545788,0.295059978962,0.199855789542,-0.909810841084
0.691961288452,0.0544782206416,1.36210358143,0.215159103274,0.296075105667,0.205712914467,-0.907594799995
0.692220926285,0.0544960983098,1.36193406582,0.217890828848,0.298068940639,0.210124388337,-0.905276954174
0.692396044731,0.0544667169452,1.36176931858,0.220283687115,0.299536436796,0.215734213591,-0.90289080143
0.692580580711,0.0544210225344,1.36155819893,0.223282873631,0.301765561104,0.221545889974,-0.899999856949
0.692764163017,0.0544034019113,1.36138641834,0.225648745894,0.303351849318,0.227159827948,-0.89747351408
0.693017780781,0.0544216521084,1.36116409302,0.228581532836,0.305145800114,0.232790410519,-0.894676029682
0.693266808987,0.0544434078038,1.36098694801,0.231417775154,0.306563287973,0.239354103804,-0.891725540161
0.693388462067,0.0544218569994,1.36084747314,0.233982816339,0.308508455753,0.245220929384,-0.888786435127
0.693546354771,0.0544149205089,1.36067569256,0.236804291606,0.310463637114,0.251715153456,-0.885536909103
0.693768978119,0.0543435961008,1.36046469212,0.238971158862,0.311648100615,0.258361399174,-0.882619857788
0.693953871727,0.0544793382287,1.36026787758,0.242271363735,0.312923878431,0.265061467886,-0.879275619984
0.694078207016,0.0545010343194,1.36010348797,0.244819059968,0.314956992865,0.27128174901,-0.875940620899
0.694229602814,0.0545660406351,1.35991430283,0.246746972203,0.315853148699,0.278721481562,-0.872735381126
0.694376289845,0.0546572580934,1.35970175266,0.249421864748,0.317883223295,0.284837692976,-0.869256317616
0.694474220276,0.0547510012984,1.35957956314,0.251067101955,0.318421602249,0.292317062616,-0.86609685421
0.694646537304,0.0548809319735,1.35932898521,0.253736287355,0.320162832737,0.29863396287,-0.862514615059
0.694851398468,0.0550285503268,1.35920846462,0.255530118942,0.320672541857,0.30657735467,-0.859001755714
0.695005655289,0.0551827698946,1.35907113552,0.257388979197,0.321665406227,0.313590884209,-0.8555367589
0.695208013058,0.0553981997073,1.35894024372,0.259123265743,0.322931021452,0.319961488247,-0.852170944214
0.695395112038,0.0557012483478,1.35879456997,0.261440455914,0.324106127024,0.326737135649,-0.848437964916
0.695629179478,0.0559845119715,1.35859763622,0.263308137655,0.325045436621,0.333039790392,-0.84504365921
0.695749878883,0.0561672002077,1.3584369421,0.265172660351,0.326111763716,0.339840501547,-0.841334044933
0.696004390717,0.0562724098563,1.35828578472,0.266987323761,0.326987981796,0.346681535244,-0.837620735168
0.696098327637,0.0565313175321,1.35813581944,0.268232405186,0.327532589436,0.353390902281,-0.834199428558
0.696326076984,0.0568390265107,1.35792696476,0.270307689905,0.327881962061,0.359739929438,-0.830671072006
0.696552634239,0.0571751892567,1.3577119112,0.271412223577,0.327640503645,0.3669898808,-0.827227771282
0.696721255779,0.0575170442462,1.35757052898,0.273115307093,0.328964591026,0.372863084078,-0.823506772518
0.696948051453,0.0578466579318,1.35741078854,0.27448964119,0.329135894775,0.379470169544,-0.819955706596
0.697234153748,0.0581865645945,1.35721814632,0.276005417109,0.329060554504,0.386351794004,-0.816255152225
0.697395980358,0.0585314184427,1.35710847378,0.276976764202,0.329453110695,0.393144786358,-0.812515676022
0.697590529919,0.0588604584336,1.35695779324,0.278191119432,0.32972317934,0.399474978447,-0.808895647526
0.697976887226,0.0595337450504,1.35667455196,0.279188096523,0.32991823554,0.405460059643,-0.805487573147
0.69832265377,0.0599585957825,1.35653948784,0.28054651618,0.329869925976,0.411872208118,-0.801773488522
0.698518097401,0.0602752417326,1.35641610622,0.281158447266,0.329319894314,0.41853427887,-0.798327922821
0.698729395866,0.0606894902885,1.35626113415,0.282383352518,0.329684942961,0.424486428499,-0.794593513012
0.699073553085,0.06112921983,1.35601592064,0.283088296652,0.329174786806,0.431377917528,-0.790833830833
0.699302256107,0.0617143511772,1.35586988926,0.284631222486,0.329351007938,0.437051326036,-0.787082672119
0.699602246284,0.0620259419084,1.35570120811,0.284929603338,0.328619152308,0.442942947149,-0.783981025219
0.699878573418,0.0624358132482,1.35545277596,0.286242246628,0.328742325306,0.449344038963,-0.779797375202
0.700065732002,0.0628958046436,1.3552583456,0.286583930254,0.32774913311,0.455361932516,-0.776592373848
0.70026242733,0.063344322145,1.35502851009,0.287158846855,0.327516704798,0.461424767971,-0.77289056778
0.700571715832,0.0637580752373,1.35479462147,0.287975847721,0.326724290848,0.467379510403,-0.769335865974
0.700912475586,0.0642840489745,1.35463273525,0.288351774216,0.326313883066,0.473011821508,-0.765919208527
0.70110809803,0.0647612437606,1.35439276695,0.289031267166,0.325975656509,0.479115575552,-0.76200324297
0.701387822628,0.0652095302939,1.35414409637,0.28916272521,0.324970066547,0.484971642494,-0.758671164513
0.701570630074,0.0656395405531,1.35400247574,0.289193123579,0.323762089014,0.490704834461,-0.755482792854
0.701913118362,0.0660982877016,1.35377657413,0.289557725191,0.323290258646,0.496497005224,-0.751751661301
0.702269673347,0.0665737241507,1.35351872444,0.289685428143,0.321587353945,0.502366602421,-0.748526453972
0.702442765236,0.0670040920377,1.35337328911,0.289990097284,0.32099378109,0.508075892925,-0.744800329208
0.702644526958,0.0674932077527,1.35322296619,0.290127456188,0.319941878319,0.513774573803,-0.741282045841
0.703050076962,0.0682858154178,1.35296607018,0.289879113436,0.31965342164,0.518531501293,-0.738184928894
0.703389286995,0.0685887634754,1.35283827782,0.290440350771,0.317971885204,0.524435698986,-0.734510421753
0.703612804413,0.0690505132079,1.35272073746,0.290400475264,0.316898196936,0.529832065105,-0.731109499931
0.703849971294,0.0691659897566,1.35258316994,0.291121274233,0.314449518919,0.535547554493,-0.727707982063
0.704139947891,0.0696597099304,1.35243189335,0.291024118662,0.313317358494,0.540653467178,-0.724452257156
0.70447063446,0.0704382434487,1.35222506523,0.290438592434,0.313051044941,0.545498847961,-0.721162557602
0.704739570618,0.0709243789315,1.35208106041,0.290582329035,0.311712801456,0.550421118736,-0.717936992645
0.705083549023,0.071341201663,1.3518807888,0.290875464678,0.310365378857,0.555266976357,-0.714663207531
0.705400884151,0.0718004256487,1.35168433189,0.290533810854,0.309026509523,0.560343146324,-0.711413025856
0.705728650093,0.0722765177488,1.35152316093,0.29057726264,0.307753115892,0.565062642097,-0.708207070827
0.706060290337,0.0727834105492,1.3513405323,0.290633380413,0.306355029345,0.569130659103,-0.705527603626
0.706334114075,0.073359400034,1.35115742683,0.290970861912,0.305221229792,0.573864877224,-0.702036380768
0.706649422646,0.0738405808806,1.35096514225,0.290787756443,0.303882867098,0.577978134155,-0.699313223362
0.707099318504,0.0743356347084,1.35077226162,0.290630459785,0.301848888397,0.582548141479,-0.696461737156
0.707349300385,0.0747377425432,1.35060894489,0.290456801653,0.30089700222,0.586767613888,-0.693397283554
0.707629978657,0.0752481073141,1.35041296482,0.290219694376,0.299002349377,0.591162264347,-0.690577626228
0.707873523235,0.075753107667,1.35018599033,0.289557337761,0.297120630741,0.595836520195,-0.687644481659
0.708196043968,0.0760814622045,1.3500379324,0.289473056793,0.295962631702,0.599663197994,-0.68484711647
0.708532810211,0.0766295194626,1.34987866879,0.289577037096,0.294720381498,0.603378534317,-0.68207013607
0.708791315556,0.0771278291941,1.34957611561,0.28973954916,0.293616324663,0.606920182705,-0.67932933569
0.709036588669,0.0777169317007,1.3494604826,0.289117604494,0.292566508055,0.61058485508,-0.676758468151
0.709138810635,0.0779535770416,1.34939742088,0.289385914803,0.290910124779,0.61446082592,-0.673843622208
0.709373652935,0.0783634632826,1.34916126728,0.289465725422,0.288501620293,0.618310213089,-0.67131882906
0.710783421993,0.0796600207686,1.3478372097,0.290140300989,0.285639613867,0.620456159115,-0.670270621777
0.710905313492,0.0800908133388,1.34769141674,0.289917320013,0.284583568573,0.623835384846,-0.667674779892
0.711162984371,0.0806798487902,1.34754192829,0.289720356464,0.283087849617,0.626564621925,-0.665838062763
0.710687220097,0.0809819698334,1.34820842743,0.287391871214,0.285598486662,0.628536224365,-0.663913846016
0.711661934853,0.0820488631725,1.34716272354,0.28907802701,0.281666755676,0.631230294704,-0.662303566933
0.711294233799,0.0823994502425,1.34782743454,0.288740098476,0.281817644835,0.633530378342,-0.660187423229
0.711495280266,0.0829753875732,1.34766304493,0.288095265627,0.281481087208,0.636867165565,-0.657396376133
0.711693942547,0.0834809020162,1.34748196602,0.288019299507,0.281292259693,0.639374732971,-0.655072212219
0.711697757244,0.0839951112866,1.34724533558,0.288472354412,0.280805498362,0.641846716404,-0.652659893036
0.71187800169,0.0846101641655,1.34703087807,0.289094746113,0.280429303646,0.643854618073,-0.6505651474
0.711956262589,0.0852278620005,1.34690952301,0.289858967066,0.280093044043,0.645629525185,-0.648607909679
0.712031185627,0.0859108418226,1.34653735161,0.291697174311,0.277256458998,0.6424087286,-0.652190864086
0.712044298649,0.0865615308285,1.34635710716,0.29275944829,0.277069926262,0.643885791302,-0.650334715843
0.712079048157,0.0872585624456,1.34609377384,0.294158101082,0.276639908552,0.645246505737,-0.648535728455
0.71204328537,0.0876072496176,1.34597313404,0.295637577772,0.275351077318,0.646770238876,-0.646891474724
0.712132871151,0.0882226899266,1.34573543072,0.296439826488,0.275716394186,0.647422432899,-0.645715236664
0.712121784687,0.0887676477432,1.34570205212,0.310376107693,0.270791232586,0.628093600273,-0.660179853439
0.712312698364,0.0893277749419,1.34551513195,0.29924082756,0.277263820171,0.648624122143,-0.642546892166
0.712363004684,0.0901079699397,1.34518229961,0.299774855375,0.282694131136,0.648929715157,-0.63961660862
0.712369322777,0.0907935798168,1.34497439861,0.298391461372,0.278226345778,0.654324948788,-0.63671952486
0.712329745293,0.09172052145,1.34458315372,0.2986356318,0.279373914003,0.654611229897,-0.635807454586
0.712014973164,0.092381156981,1.34424602985,0.30130636692,0.278679937124,0.655142009258,-0.634303629398
0.712000191212,0.0931343361735,1.34410011768,0.302333146334,0.279299467802,0.655062675476,-0.633624136448
0.711793839931,0.0937922000885,1.34377932549,0.303014755249,0.279586821795,0.65552175045,-0.632696449757
0.711898803711,0.0945720225573,1.34342932701,0.302688211203,0.282285600901,0.65438657999,-0.63282930851
0.711819291115,0.0952874496579,1.34317493439,0.303328186274,0.283500820398,0.654199123383,-0.632173061371
0.71141064167,0.0959827899933,1.34298157692,0.305248230696,0.282092869282,0.655091643333,-0.630953252316
0.711386919022,0.0966445356607,1.34258532524,0.30518874526,0.283458083868,0.654750883579,-0.630724072456
0.711078226566,0.097576238215,1.34235835075,0.305982738733,0.284256726503,0.654912650585,-0.629811227322
0.71102142334,0.0981484949589,1.34197556973,0.306605011225,0.284858673811,0.654589831829,-0.629572212696
0.710835397243,0.0990441292524,1.34174740314,0.307284682989,0.286596506834,0.653960704803,-0.629105627537
0.710577666759,0.0999493002892,1.34142816067,0.308600872755,0.286821871996,0.654044091702,-0.628271698952
0.710338950157,0.100472487509,1.34090852737,0.307932347059,0.289383769035,0.653220891953,-0.6282812953
0.709953546524,0.101387105882,1.34068703651,0.310258358717,0.288096427917,0.653829693794,-0.62709414959
0.709916710854,0.102069765329,1.34030497074,0.310440540314,0.290024280548,0.652544260025,-0.627454102039
0.70936357975,0.102942362428,1.3400131464,0.311922818422,0.290081083775,0.652922749519,-0.626298010349
0.709218561649,0.10362996906,1.33957850933,0.311768293381,0.291886776686,0.651921510696,-0.626578807831
0.708962202072,0.104514956474,1.33919596672,0.312957912683,0.293134659529,0.651230454445,-0.626121640205
0.708544075489,0.105316646397,1.33877718449,0.313570290804,0.294349014759,0.650903761387,-0.625585019588
0.708204329014,0.106107860804,1.33836305141,0.314450263977,0.29535612464,0.650530040264,-0.625057280064
0.707796037197,0.107027582824,1.33792209625,0.315344035625,0.296740055084,0.650011479855,-0.624490857124
0.707403540611,0.107894748449,1.33749306202,0.316179692745,0.298223316669,0.649443924427,-0.623951792717
0.707144677639,0.108872078359,1.33705341816,0.316902160645,0.299494087696,0.649069607258,-0.623366057873
0.706633627415,0.109998047352,1.33669114113,0.318102568388,0.301244586706,0.648447155952,-0.622558355331
0.706166446209,0.110745221376,1.33634972572,0.318911314011,0.302228242159,0.648100137711,-0.622029066086
0.705849289894,0.111627675593,1.3358168602,0.319872647524,0.303376585245,0.64768320322,-0.621410429478
0.70543473959,0.112239785492,1.33548152447,0.320988297462,0.303745627403,0.647384405136,-0.620965838432
0.705160737038,0.113564372063,1.33486616611,0.321915566921,0.305492788553,0.646771013737,-0.620267570019
0.704708039761,0.114406734705,1.33452141285,0.322222441435,0.307599067688,0.64603883028,-0.619830369949
0.704413771629,0.114790797234,1.33404648304,0.323411911726,0.307940721512,0.645599126816,-0.619499146938
0.704022049904,0.115642800927,1.3335725069,0.324141770601,0.309011995792,0.645182430744,-0.61901807785
0.703707575798,0.116985961795,1.33300554752,0.32478299737,0.31196564436,0.64392220974,-0.618512392044
0.703407227993,0.117592036724,1.3326228857,0.32568398118,0.312677174807,0.643346965313,-0.618278086185
0.703132033348,0.11893042922,1.33189821243,0.326329618692,0.314907222986,0.642520308495,-0.617665231228
0.70267945528,0.119751758873,1.33161997795,0.328239560127,0.31495821476,0.642173647881,-0.616987228394
0.702450454235,0.120797581971,1.33108556271,0.329408794641,0.315616935492,0.641791939735,-0.616424381733
0.702140569687,0.121550157666,1.33067977428,0.329702883959,0.317575842142,0.640515208244,-0.616588950157
0.701989710331,0.122697152197,1.33003270626,0.330379933119,0.319170027971,0.639602541924,-0.616350650787
0.70173728466,0.123652711511,1.32966673374,0.331402480602,0.320578932762,0.638734400272,-0.615970909595
0.701341629028,0.124318137765,1.32890176773,0.331895083189,0.321459770203,0.638141334057,-0.61586111784
0.701117694378,0.125122636557,1.32843267918,0.332919359207,0.322396576405,0.637657463551,-0.615319550037
0.701014757156,0.126549899578,1.32791090012,0.333630621433,0.325239986181,0.635678291321,-0.615485608578
0.70087236166,0.127029970288,1.32753586769,0.334738135338,0.324918746948,0.635293662548,-0.615451276302
0.700655043125,0.128295704722,1.32709443569,0.335994392633,0.326744645834,0.634238004684,-0.61488866806
0.70048135519,0.128980740905,1.32647192478,0.336587160826,0.327836453915,0.63306081295,-0.615196228027
0.70037484169,0.129917994142,1.32586157322,0.337378561497,0.328865498304,0.631988108158,-0.615316390991
0.700312376022,0.131120458245,1.32539403439,0.338360190392,0.330957591534,0.630583226681,-0.615097105503
0.700075566769,0.131923288107,1.32484781742,0.339313983917,0.33136433363,0.629901587963,-0.615050911903
0.699974119663,0.132513076067,1.32443749905,0.340218067169,0.33173379302,0.628877162933,-0.615400671959
0.699822425842,0.133802756667,1.32403326035,0.341331720352,0.333367794752,0.627743661404,-0.61505818367
0.699691474438,0.134553834796,1.32358193398,0.342152386904,0.334071487188,0.626940369606,-0.615039646626
0.699571728706,0.135111019015,1.32295620441,0.342893004417,0.33440887928,0.625956356525,-0.615446150303
0.699488759041,0.136160090566,1.32261550426,0.343558728695,0.335672676563,0.62473231554,-0.615630567074
0.69942855835,0.136818960309,1.32212817669,0.343895763159,0.336632877588,0.623467922211,-0.616199553013
0.699290752411,0.137569636106,1.32170236111,0.344596862793,0.337307989597,0.622393727303,-0.616524577141
0.699231445789,0.138564839959,1.32126069069,0.345360666513,0.338147073984,0.621186256409,-0.616855144501
0.699196696281,0.139600306749,1.32088553905,0.346593677998,0.338770806789,0.619901001453,-0.617114365101
0.699123501778,0.140436142683,1.32055187225,0.347051680088,0.339437901974,0.618697404861,-0.617697834969
0.699034154415,0.140778422356,1.32016122341,0.347563922405,0.339232325554,0.618093252182,-0.618127524853
0.699043571949,0.141867727041,1.31974029541,0.348343789577,0.340142011642,0.616593658924,-0.618686258793
0.698810338974,0.142297208309,1.31933355331,0.348357766867,0.340670257807,0.615830421448,-0.619147539139
0.698674499989,0.14304086566,1.31896066666,0.34876704216,0.340866208076,0.61494576931,-0.619688272476
0.698677420616,0.143870323896,1.31853604317,0.349094361067,0.341994732618,0.613459229469,-0.620355129242
0.698563218117,0.144574925303,1.3180167675,0.349470078945,0.342550575733,0.612672388554,-0.620614469051
0.698453366756,0.145351156592,1.31794559956,0.350067585707,0.343037396669,0.611600697041,-0.621065795422
0.698490202427,0.146086454391,1.3174932003,0.35034006834,0.343699395657,0.610681474209,-0.621450603008
0.698299825191,0.14678299427,1.31719684601,0.350868046284,0.344510436058,0.609516978264,-0.621846795082
0.698058724403,0.147380769253,1.31674671173,0.350908905268,0.345073610544,0.609002172947,-0.622015833855
0.697942912579,0.147854298353,1.3165448904,0.3512198627,0.34518378973,0.608443140984,-0.622326016426
0.697883069515,0.148421853781,1.31615436077,0.35130879283,0.345762968063,0.608222603798,-0.622170090675
0.697687864304,0.148980081081,1.31585812569,0.351554900408,0.346483916044,0.607695698738,-0.622144818306
0.69736880064,0.149475798011,1.31555783749,0.351729899645,0.347329139709,0.607244431973,-0.622015118599
0.697251617908,0.149931564927,1.31511664391,0.351669311523,0.347909599543,0.606772005558,-0.622185945511
0.697097480297,0.150579750538,1.31485152245,0.352067381144,0.348445296288,0.606305360794,-0.622116267681
0.697047650814,0.151361703873,1.3145070076,0.352139264345,0.349285721779,0.605524420738,-0.622364521027
0.696858108044,0.151749223471,1.31430673599,0.352526247501,0.349499732256,0.605314731598,-0.622229158878
0.696615755558,0.151774272323,1.31399810314,0.35237506032,0.349771201611,0.605178952217,-0.622294425964
0.696454048157,0.152287021279,1.31369066238,0.352568864822,0.350314050913,0.604974865913,-0.622077703476
0.696308135986,0.153069764376,1.31347811222,0.352716803551,0.3514277637,0.604417800903,-0.621907114983
0.696057856083,0.153472170234,1.31323575974,0.353129416704,0.351470023394,0.604511260986,-0.621558368206
0.695811331272,0.153832912445,1.312946558,0.353391498327,0.351703733206,0.604299664497,-0.621482670307
0.695638537407,0.154256939888,1.31269836426,0.353524535894,0.352105408907,0.603946805,-0.621522665024
0.695542275906,0.155153796077,1.31233787537,0.353600054979,0.353528141975,0.603175699711,-0.621421098709
0.695385754108,0.155369788408,1.31225609779,0.354007869959,0.353532612324,0.603043198586,-0.621314823627
0.695212423801,0.155866056681,1.31202733517,0.354505211115,0.354024171829,0.602911770344,-0.620878517628
0.695107698441,0.156117558479,1.31183552742,0.354534655809,0.354515552521,0.602467834949,-0.621012508869
0.694799363613,0.156671613455,1.31155824661,0.354621917009,0.355271071196,0.602291047573,-0.620702266693
0.694563984871,0.157288640738,1.31137943268,0.354904741049,0.356002926826,0.60205745697,-0.620347857475
0.694409132004,0.157551765442,1.31117534637,0.355078965425,0.356129556894,0.602015316486,-0.62021625042
0.694318711758,0.157988607883,1.31092405319,0.35520118475,0.356743901968,0.601547122002,-0.620247483253
0.694105386734,0.158417403698,1.31071019173,0.355235874653,0.357391387224,0.601296544075,-0.620097696781
0.69376540184,0.158875390887,1.31054198742,0.354967683554,0.358412444592,0.600946307182,-0.620001912117
0.693563520908,0.159254297614,1.31032705307,0.354798644781,0.358847081661,0.600691735744,-0.620093762875
0.693365573883,0.159648090601,1.30995893478,0.354921191931,0.359111279249,0.600613117218,-0.619946837425
0.693189442158,0.159819707274,1.30974948406,0.355111211538,0.359330654144,0.600344181061,-0.619971334934
0.693104803562,0.160290151834,1.30952250957,0.355144590139,0.360138267279,0.599699437618,-0.620107471943
0.692943334579,0.160561829805,1.30931901932,0.355241060257,0.360589683056,0.599306404591,-0.620170116425
0.692747712135,0.160846978426,1.30914640427,0.355324059725,0.361087977886,0.59891718626,-0.62020856142
0.692567288876,0.160943478346,1.30896115303,0.355342328548,0.361258745193,0.598546802998,-0.62045609951
0.692500531673,0.161304101348,1.30873954296,0.35554420948,0.361702919006,0.598029136658,-0.620580613613
0.692443132401,0.161765009165,1.30851483345,0.355634838343,0.36245661974,0.597253024578,-0.620836436749
0.692209243774,0.161837846041,1.30831325054,0.355907380581,0.362303525209,0.597242712975,-0.620779812336
0.6922493577,0.16213363409,1.3080599308,0.356207609177,0.36244136095,0.596860647202,-0.620894491673
0.692172467709,0.162389814854,1.30783605576,0.356370061636,0.362786591053,0.59650015831,-0.62094604969
0.692029893398,0.162619650364,1.30763435364,0.356228649616,0.363143891096,0.596005797386,-0.621293008327
0.691969752312,0.162717908621,1.30745279789,0.356463849545,0.363139748573,0.59543377161,-0.621708750725
0.691903352737,0.163110911846,1.3072347641,0.356721699238,0.363511323929,0.594850897789,-0.621901750565
0.691874027252,0.163306206465,1.30703437328,0.356753528118,0.363738447428,0.594545781612,-0.622042417526
0.69179224968,0.163492664695,1.30688512325,0.356837421656,0.364022493362,0.59411585331,-0.622238814831
0.691785335541,0.163833111525,1.30669987202,0.356684982777,0.364837437868,0.593318521976,-0.622609615326
0.691753864288,0.164036676288,1.30637025833,0.356817483902,0.36504945159,0.592653334141,-0.62304276228
0.69173258543,0.164163142443,1.30617511272,0.356834977865,0.365162163973,0.592078208923,-0.623513400555
0.691686987877,0.164362668991,1.3060863018,0.35691383481,0.365446776152,0.591621875763,-0.623734652996
0.691736400127,0.164547026157,1.30586719513,0.357038080692,0.365468651056,0.591169714928,-0.624079346657
0.691731929779,0.164841502905,1.30568563938,0.357016265392,0.365986764431,0.590312123299,-0.62459975481
0.691594362259,0.164674639702,1.30561459064,0.357184112072,0.365152180195,0.590282857418,-0.625019550323
0.691555261612,0.164798572659,1.30550396442,0.35719576478,0.365177601576,0.589978098869,-0.625285863876
0.691472887993,0.164897978306,1.30536007881,0.357169628143,0.365452617407,0.58940923214,-0.625676333904
0.691503226757,0.165005266666,1.3052123785,0.357268899679,0.365418404341,0.588740170002,-0.62626928091
0.691464662552,0.165224447846,1.30504858494,0.357121884823,0.365830689669,0.588013529778,-0.626795172691
0.691405653954,0.165370434523,1.30493283272,0.357069224119,0.36596095562,0.587679743767,-0.627062082291
0.6913818717,0.165294989944,1.30479061604,0.357257127762,0.365608215332,0.587463736534,-0.627363026142
0.691231191158,0.165356829762,1.30465817451,0.357166022062,0.365956813097,0.587023496628,-0.627623736858
0.691076874733,0.16547639668,1.30451452732,0.357174992561,0.366402089596,0.586436212063,-0.6279078722
0.690961897373,0.165515035391,1.30434143543,0.357216745615,0.366559058428,0.58627820015,-0.627940118313
0.690876185894,0.165697693825,1.30420184135,0.357325792313,0.366862893105,0.586133241653,-0.627835869789
0.690799772739,0.165906384587,1.30403602123,0.357233583927,0.367466509342,0.585883975029,-0.627767920494
0.690802514553,0.165870428085,1.30389714241,0.357634693384,0.367129474878,0.585905611515,-0.627716600895
0.69073754549,0.165949612856,1.30380320549,0.357825517654,0.36722445488,0.585583269596,-0.627853035927
0.690695106983,0.166020914912,1.30370974541,0.357874274254,0.367317736149,0.585473775864,-0.62787270546
0.690745592117,0.166535317898,1.30350673199,0.357312262058,0.36859703064,0.584832191467,-0.628041088581
0.690713167191,0.16630898416,1.30354201794,0.357699900866,0.367881029844,0.584905207157,-0.62817209959
0.690662562847,0.166380643845,1.30340373516,0.357736855745,0.367820888758,0.584900796413,-0.628190398216
0.690694749355,0.166453540325,1.30327808857,0.357665538788,0.367842435837,0.58479899168,-0.628313362598
0.69070571661,0.166499987245,1.30322885513,0.35781532526,0.367761164904,0.58448278904,-0.62856990099
0.69077193737,0.166688799858,1.30317747593,0.357973128557,0.367942392826,0.583780825138,-0.629026055336
0.690892159939,0.166716948152,1.30320096016,0.358073323965,0.36794167757,0.583295464516,-0.629419624805
0.690877497196,0.166598021984,1.30318725109,0.358076035976,0.367577105761,0.583045482635,-0.629862427711
0.691039979458,0.166621133685,1.30310583115,0.358263194561,0.367255687714,0.582536816597,-0.630413889885
0.691022932529,0.166593417525,1.30319488049,0.358110934496,0.367112517357,0.581836760044,-0.631229758263
0.69115871191,0.166612133384,1.30315041542,0.358125954866,0.36700373888,0.581435143948,-0.631654441357
0.691234946251,0.166599005461,1.30319547653,0.358197331429,0.366857498884,0.581040859222,-0.63206166029
0.691343784332,0.166578501463,1.30326390266,0.358302175999,0.366550177336,0.580354511738,-0.632810592651
0.691390812397,0.166511639953,1.30329740047,0.358305633068,0.366276979446,0.579999446869,-0.63329231739
0.691461086273,0.166599929333,1.30350041389,0.358147919178,0.366606831551,0.579137921333,-0.633978545666
0.691473245621,0.166483744979,1.30348110199,0.358094185591,0.366146475077,0.579006195068,-0.634395062923
0.691561639309,0.166095018387,1.30356371403,0.357658773661,0.365583479404,0.57851588726,-0.635412037373
0.691644728184,0.165964379907,1.30367410183,0.357601046562,0.365220308304,0.578053057194,-0.636074364185
0.691689610481,0.165557384491,1.30384385586,0.35734680295,0.364644497633,0.577964007854,-0.636628091335
0.69182819128,0.165697187185,1.30392050743,0.356895923615,0.365155547857,0.577356398106,-0.637139260769
0.691932022572,0.165536269546,1.30418109894,0.356699287891,0.364712178707,0.576878547668,-0.637935698032
0.692066669464,0.165085494518,1.30441832542,0.356884181499,0.363377422094,0.576968848705,-0.638512015343
0.69219315052,0.164885118604,1.30456423759,0.356528013945,0.363027840853,0.576757252216,-0.639100909233
0.692273795605,0.16499209404,1.30484127998,0.356559187174,0.362842172384,0.576576948166,-0.63935136795
0.692351400852,0.164746522903,1.30505287647,0.355939954519,0.362342357635,0.576609551907,-0.63995039463
0.692542910576,0.164667576551,1.30519592762,0.355719506741,0.361935585737,0.576497018337,-0.640404045582
0.692522168159,0.164238601923,1.30538856983,0.355242848396,0.361229002476,0.577028214931,-0.640589356422
0.69253385067,0.163782775402,1.30567622185,0.354591846466,0.360806763172,0.577453792095,-0.640804469585
0.692576229572,0.163388222456,1.30590069294,0.354001402855,0.360367953777,0.577772438526,-0.641090452671
0.692682802677,0.1634208709,1.30617547035,0.354022711515,0.360229790211,0.577948451042,-0.640997767448
0.692752063274,0.163172677159,1.30639600754,0.356230944395,0.361549317837,0.572172641754,-0.644204974174
0.69286185503,0.163053631783,1.30658483505,0.353271126747,0.35999584198,0.578542411327,-0.641008019447
0.693008244038,0.162772238255,1.30684280396,0.353007853031,0.359531879425,0.579074978828,-0.640932500362
0.69306397438,0.162484109402,1.30709755421,0.352662742138,0.359314501286,0.579564630985,-0.640801668167
0.693179130554,0.161974161863,1.30723798275,0.352200686932,0.359003722668,0.580035686493,-0.640803992748
0.693203985691,0.161346375942,1.30756878853,0.352096229792,0.357978612185,0.581170201302,-0.640406906605
0.693343341351,0.160973072052,1.30788600445,0.351939409971,0.357728540897,0.581647455692,-0.640199422836
0.693468511105,0.16080108285,1.30812370777,0.351846009493,0.357657045126,0.582268416882,-0.639726161957
0.693457484245,0.160593405366,1.30846142769,0.351811051369,0.357991307974,0.582618534565,-0.639239370823
0.69361448288,0.160257995129,1.30862390995,0.351784735918,0.357806891203,0.583235323429,-0.638794541359
0.693724751472,0.159859865904,1.30884027481,0.351685464382,0.357625424862,0.58399450779,-0.638257026672
0.693686783314,0.159221380949,1.30917334557,0.351242959499,0.357709169388,0.584619283676,-0.637881696224
0.693830013275,0.159125521779,1.30942738056,0.351662367582,0.357985705137,0.585262358189,-0.636904895306
0.693972229958,0.158781543374,1.30977964401,0.351839631796,0.358182996511,0.585765063763,-0.636233627796
0.694139957428,0.15848377347,1.31014037132,0.352211833,0.358361840248,0.586754500866,-0.635014116764
0.694249272346,0.158065855503,1.31043195724,0.352311909199,0.358220249414,0.587858200073,-0.634016871452
0.69422107935,0.157668381929,1.31074178219,0.352669775486,0.358458518982,0.589129924774,-0.632501065731
0.694305241108,0.157024353743,1.31115150452,0.352718085051,0.358691841364,0.590289831161,-0.631259143353
0.694347560406,0.156484127045,1.3115209341,0.352700382471,0.358883529902,0.59169781208,-0.629840314388
0.694446444511,0.156103253365,1.31197416782,0.352917820215,0.359158366919,0.592838227749,-0.628488004208
0.694463253021,0.15611961484,1.31237375736,0.353663504124,0.359906345606,0.594048321247,-0.626495063305
0.694546699524,0.155814960599,1.3127758503,0.35419857502,0.360265165567,0.595185041428,-0.624905943871
0.694571495056,0.155073687434,1.31319141388,0.354082673788,0.360361367464,0.596553146839,-0.623610258102
0.694719970226,0.154847055674,1.31351542473,0.354265004396,0.360810935497,0.597708880901,-0.6221383214
0.694755911827,0.154422387481,1.31398177147,0.354726463556,0.36130130291,0.598874390125,-0.620467603207
0.694888412952,0.154038637877,1.31439459324,0.354966193438,0.361672759056,0.599849879742,-0.619170486927
0.694997727871,0.153608858585,1.31484651566,0.355380535126,0.362012177706,0.600800156593,-0.61781167984
0.695077598095,0.152978241444,1.3152538538,0.355793595314,0.361837536097,0.60226380825,-0.616249084473
0.695034205914,0.15287360549,1.31574416161,0.356543451548,0.362552762032,0.603036522865,-0.614637494087
0.695179402828,0.152516067028,1.31605958939,0.356965333223,0.362870633602,0.604094147682,-0.613164782524
0.695124864578,0.152139440179,1.31647992134,0.357161223888,0.363330245018,0.605135023594,-0.611750543118
0.695119976997,0.151507467031,1.31690704823,0.357382744551,0.363620728254,0.606367468834,-0.610226273537
0.695274412632,0.150792360306,1.31734263897,0.357627004385,0.363864630461,0.607161223888,-0.609147429466
0.695295631886,0.150406628847,1.31783163548,0.357689827681,0.364082038403,0.60807543993,-0.608067989349
0.695421040058,0.15019223094,1.31806147099,0.357823848724,0.364849746227,0.609022557735,-0.606579303741
0.695439815521,0.149790391326,1.31851828098,0.357982158661,0.36524450779,0.609761893749,-0.605504333973
0.695509374142,0.148954123259,1.31891667843,0.357918173075,0.364311099052,0.611215174198,-0.60463899374
0.695622324944,0.148571237922,1.31927478313,0.357957988977,0.364559024572,0.611696541309,-0.603978872299
0.695854485035,0.148125976324,1.3195990324,0.357923388481,0.364316046238,0.612455427647,-0.603376328945
0.695898234844,0.147617667913,1.32011806965,0.360719561577,0.366421461105,0.606405317783,-0.606539070606
0.696003735065,0.147093176842,1.32048594952,0.35816347599,0.364265948534,0.613176584244,-0.602531194687
0.695929169655,0.14633539319,1.32098150253,0.358249813318,0.363728523254,0.613933622837,-0.602033436298
0.696223974228,0.145619139075,1.32146155834,0.358655840158,0.36303293705,0.614335358143,-0.601801633835
0.696344256401,0.145431816578,1.32194161415,0.359001338482,0.363150089979,0.614525258541,-0.60133099556
0.696487247944,0.14498847723,1.32225656509,0.359560012817,0.362794518471,0.615147352219,-0.600575208664
0.69659268856,0.144165664911,1.32262551785,0.359398812056,0.362449616194,0.615621328354,-0.600394368172
0.696679830551,0.143881842494,1.32304513454,0.359702467918,0.362396001816,0.616202414036,-0.599648118019
0.696752607822,0.143372863531,1.32352375984,0.359746336937,0.362642943859,0.61674362421,-0.598915874958
0.696855068207,0.142776891589,1.32382321358,0.359795480967,0.36242967844,0.617218911648,-0.598525643349
0.696971893311,0.142178952694,1.32414889336,0.359989672899,0.362328410149,0.617979288101,-0.597685039043
0.697010219097,0.14153765142,1.32452023029,0.359879672527,0.362289190292,0.618673563004,-0.59705632925
0.697202682495,0.141002997756,1.32477533817,0.360098063946,0.361886292696,0.619642674923,-0.596163451672
0.697215735912,0.140566498041,1.32503128052,0.360548824072,0.361903339624,0.62056517601,-0.594919800758
0.697354674339,0.139846503735,1.32519745827,0.360401213169,0.36204457283,0.621056139469,-0.594410479069
0.697496891022,0.139432564378,1.32544732094,0.360497623682,0.363184124231,0.621123552322,-0.593586027622
0.697578012943,0.138906136155,1.32563924789,0.36070805788,0.363254129887,0.621767997742,-0.592740118504
0.697671890259,0.138721331954,1.32586407661,0.361534714699,0.363505125046,0.622560739517,-0.591248512268
0.69779497385,0.137643739581,1.32614767551,0.362046480179,0.363217562437,0.623275279999,-0.590358555317
0.697893857956,0.137148290873,1.32638013363,0.362691402435,0.363637179136,0.623834609985,-0.589112281799
0.698189020157,0.136718660593,1.32656884193,0.363980621099,0.363885223866,0.624127864838,-0.587852239609
0.698366522789,0.136224761605,1.32682585716,0.364796310663,0.364399433136,0.624503731728,-0.586627602577
0.698500394821,0.135844111443,1.32702422142,0.365772634745,0.3651022017,0.624874889851,-0.585185527802
0.698790252209,0.13537171483,1.32713663578,0.367015600204,0.365618407726,0.625113606453,-0.583828568459
0.699079990387,0.134594783187,1.32717716694,0.367793351412,0.365765213966,0.625556826591,-0.582771658897
0.699301719666,0.134356796741,1.32742798328,0.369312435389,0.366507232189,0.625678837299,-0.581211447716
0.699659943581,0.133886784315,1.3275386095,0.3704456985,0.366749286652,0.625898241997,-0.580100417137
0.700071334839,0.133383899927,1.32754969597,0.371278941631,0.367992639542,0.62558311224,-0.579119205475
0.700270295143,0.132963597775,1.32775187492,0.372512429953,0.368602842093,0.625697851181,-0.57781368494
0.700533866882,0.132498428226,1.32791805267,0.373751223087,0.36942845583,0.625585377216,-0.576606988907
0.700875937939,0.131689056754,1.32806289196,0.375290572643,0.368900924921,0.626127183437,-0.575355529785
0.701210737228,0.131225675344,1.32818329334,0.376682758331,0.369399398565,0.626015484333,-0.574246346951
0.701426506042,0.130695879459,1.32828652859,0.378017216921,0.370037704706,0.626214385033,-0.572739779949
0.701758027077,0.130031362176,1.32841873169,0.378701537848,0.370398759842,0.625754356384,-0.572556972504
0.70213252306,0.129548788071,1.32847416401,0.37995493412,0.370771855116,0.625607907772,-0.571644484997
0.702384591103,0.129630252719,1.32834112644,0.381067156792,0.372247934341,0.625054121017,-0.570549607277
0.702601134777,0.129125088453,1.32857775688,0.382501631975,0.372088670731,0.625176072121,-0.569558918476
0.70292443037,0.128979355097,1.32852637768,0.383536249399,0.37316301465,0.624405026436,-0.569005846977
0.703193187714,0.127973482013,1.32855629921,0.38443633914,0.372327506542,0.624971210957,-0.568323731422
0.703351318836,0.12781727314,1.32871067524,0.38583445549,0.37309923768,0.624631464481,-0.567242920399
0.70357966423,0.12737646699,1.32877874374,0.386603593826,0.373444437981,0.624359488487,-0.566791236401
0.703871965408,0.12695787847,1.3288577795,0.387622326612,0.373646497726,0.62416768074,-0.566173195839
0.704170465469,0.126517593861,1.32891130447,0.388691663742,0.373844653368,0.623826384544,-0.565685212612
0.704462051392,0.125913873315,1.32888543606,0.388853996992,0.374231904745,0.623459458351,-0.565721988678
0.704631209373,0.125614821911,1.32897019386,0.389568209648,0.374708384275,0.623287260532,-0.565104782581
0.704847872257,0.124884687364,1.32913267612,0.390613168478,0.373807400465,0.623528659344,-0.564713537693
0.70504540205,0.124603398144,1.32918477058,0.391202658415,0.373879790306,0.623437702656,-0.564357995987
0.705249786377,0.124241881073,1.32913208008,0.391609758139,0.374089896679,0.623460650444,-0.563910961151
0.705522894859,0.124177731574,1.32914531231,0.391852140427,0.375221014023,0.622924387455,-0.563583552837
0.705634713173,0.123802512884,1.32920217514,0.392442852259,0.375221908092,0.623192310333,-0.56287509203
0.705917954445,0.123418703675,1.32929301262,0.39300134778,0.374764025211,0.62343865633,-0.56251758337
0.70612347126,0.123336046934,1.32944595814,0.393649846315,0.374751150608,0.623726665974,-0.561752974987
0.70627784729,0.122969999909,1.32949268818,0.39390322566,0.374795228243,0.624222874641,-0.560994446278
0.706381261349,0.12261210382,1.3296200037,0.394072949886,0.374858915806,0.624576449394,-0.560439050198
0.706612408161,0.122211903334,1.32965683937,0.394584625959,0.374708116055,0.62523317337,-0.559446394444
0.70683580637,0.121548786759,1.32991206646,0.395237237215,0.373568058014,0.626111924648,-0.558765172958
0.707040965557,0.121553100646,1.32986557484,0.395283639431,0.374377667904,0.626376867294,-0.557892680168
0.707193911076,0.12115766108,1.32998216152,0.395618647337,0.373873025179,0.627365887165,-0.556881427765
0.7074187994,0.12058955431,1.32997643948,0.395321458578,0.373981565237,0.62796497345,-0.556344211102
0.707630395889,0.120221108198,1.33008635044,0.395922660828,0.37357956171,0.628781199455,-0.55526381731
0.707912445068,0.120266899467,1.33018362522,0.396724671125,0.373210221529,0.629752278328,-0.553837358952
0.708066344261,0.119745075703,1.33025848866,0.396779030561,0.373339742422,0.630341231823,-0.55304068327
0.708256363869,0.119378566742,1.33031666279,0.396895557642,0.373047918081,0.631464898586,-0.551870822906
0.70839959383,0.119082942605,1.33035707474,0.397108882666,0.372946977615,0.63219332695,-0.550950706005
0.708642840385,0.118805035949,1.33036780357,0.397563457489,0.372888505459,0.632948637009,-0.549794137478
0.708891987801,0.118567317724,1.33040845394,0.397928744555,0.372690707445,0.633631587029,-0.548876583576
0.709078192711,0.118309848011,1.3304297924,0.398244947195,0.372584939003,0.634205043316,-0.548056125641
0.709248960018,0.118034608662,1.33048558235,0.398638427258,0.372470587492,0.634792327881,-0.547167122364
0.709427654743,0.117806144059,1.33051478863,0.398894250393,0.372282326221,0.63528752327,-0.546533703804
0.709769666195,0.117605134845,1.33047795296,0.399295061827,0.372019946575,0.635379374027,-0.5463129282
0.710073292255,0.117482468486,1.33049321175,0.399585127831,0.372045278549,0.635573148727,-0.545857787132
0.710127234459,0.117228075862,1.33066511154,0.399940788746,0.372176229954,0.635465145111,-0.5456340909
0.710382461548,0.117425650358,1.33072316647,0.400813430548,0.372555851936,0.634936332703,-0.545350015163
0.71053057909,0.117114305496,1.33070313931,0.401190638542,0.372273445129,0.63465565443,-0.54559224844
0.710912406445,0.116957269609,1.33070790768,0.401920944452,0.372113138437,0.634049832821,-0.545868396759
0.711066663265,0.116799131036,1.33073222637,0.402299970388,0.372103780508,0.633459329605,-0.546281039715
0.711208879948,0.116613276303,1.33078193665,0.402209967375,0.371884137392,0.633087456226,-0.546927630901
0.711353182793,0.116482175887,1.33081448078,0.402364730835,0.371812582016,0.632298469543,-0.547774255276
0.711501538754,0.116386711597,1.33084928989,0.402448683977,0.371769309044,0.631610572338,-0.548535108566
0.711590588093,0.116252765059,1.33087229729,0.402511447668,0.371758431196,0.630434036255,-0.5498483181
0.711815237999,0.116205409169,1.33080875874,0.402425855398,0.372454494238,0.628873050213,-0.551225721836
0.71190994978,0.116142094135,1.33081507683,0.402663856745,0.372613817453,0.627569377422,-0.552428841591
0.711989998817,0.115755200386,1.33080196381,0.402369111776,0.372754633427,0.626627445221,-0.553616344929
0.711896240711,0.115384966135,1.33089864254,0.402709186077,0.371688604355,0.626104652882,-0.554676532745
0.712119162083,0.115619689226,1.33074188232,0.402488857508,0.372779488564,0.624553024769,-0.555852353573
0.712040245533,0.115559965372,1.33071267605,0.402631342411,0.373280525208,0.623135745525,-0.557002127171
0.712010622025,0.115523353219,1.33066678047,0.402654081583,0.373500406742,0.622087597847,-0.558009266853
0.711942970753,0.115517035127,1.33061492443,0.402662605047,0.373596817255,0.621007502079,-0.559140324593
0.711877167225,0.115341544151,1.33058917522,0.402577966452,0.373621881008,0.619920909405,-0.560389041901
0.711751461029,0.115349128842,1.33053159714,0.402404606342,0.373766332865,0.619034171104,-0.561396420002
0.711669743061,0.115317359567,1.33049333096,0.402535676956,0.374083310366,0.617541909218,-0.562733411789
0.711550056934,0.115362331271,1.33049607277,0.402859002352,0.374149084091,0.616377353668,-0.563734173775
0.711421430111,0.115353927016,1.33041727543,0.402935028076,0.374394088984,0.615295886993,-0.564697623253
0.711150884628,0.115056529641,1.33054459095,0.403779476881,0.373279124498,0.614951193333,-0.565207898617
0.711061298847,0.115333989263,1.33054506779,0.404196918011,0.374026596546,0.613278627396,-0.566231846809
0.710906267166,0.115370683372,1.33049249649,0.404160499573,0.37422055006,0.611932516098,-0.567584335804
0.710613191128,0.115379713476,1.33041596413,0.404103040695,0.374716311693,0.610704362392,-0.568619966507
