x,y,z,q0,q1,q2,q3
-0.629963219166,-0.108599230647,1.54910731316,-0.137544408441,-0.0958116948605,-0.684150159359,-0.709817051888
-0.630039155483,-0.107920326293,1.54913043976,-0.137994587421,-0.0960777252913,-0.684755325317,-0.709109723568
-0.630137562752,-0.107159152627,1.54915809631,-0.138074621558,-0.0959571301937,-0.684937298298,-0.708934664726
-0.630226910114,-0.106428071856,1.54917263985,-0.137125506997,-0.0956670567393,-0.684923350811,-0.709171593189
-0.630316913128,-0.105702377856,1.5493131876,-0.136935457587,-0.0957890972495,-0.68512648344,-0.708995819092
-0.630448877811,-0.105034686625,1.54935967922,-0.137035787106,-0.0960589572787,-0.6856803298,-0.708404064178
-0.630592405796,-0.104225933552,1.54939997196,-0.1360681355,-0.0961097031832,-0.685629665852,-0.70863288641
-0.630699217319,-0.1033366099,1.5493710041,-0.136110112071,-0.0955769047141,-0.685793161392,-0.708538651466
-0.630723178387,-0.102432668209,1.54934489727,-0.135724946856,-0.0950257331133,-0.68582701683,-0.708653748035
-0.630884230137,-0.101696737111,1.54940807819,-0.135338440537,-0.0952028185129,-0.686179459095,-0.708362877369
-0.631006479263,-0.100877016783,1.54948699474,-0.134947955608,-0.0953808128834,-0.686314642429,-0.708282351494
-0.631184577942,-0.100071378052,1.54961061478,-0.134541198611,-0.0956779122353,-0.686341226101,-0.708293914795
-0.631275236607,-0.0991315022111,1.54955554008,-0.133842945099,-0.0952882319689,-0.686292886734,-0.708525598049
-0.631359577179,-0.0982783213258,1.54959917068,-0.133783981204,-0.095071926713,-0.686707079411,-0.708164393902
-0.631551504135,-0.097493827343,1.54968869686,-0.133264482021,-0.0949607044458,-0.687248051167,-0.707752346992
-0.631623864174,-0.0964215099812,1.54967653751,-0.132567584515,-0.0945339649916,-0.686861753464,-0.708314955235
-0.631731271744,-0.09548792243,1.54960012436,-0.132306456566,-0.094287738204,-0.686949789524,-0.708311259747
-0.631898462772,-0.0946172624826,1.5497995615,-0.13152128458,-0.0945495814085,-0.686925590038,-0.708446025848
-0.632020235062,-0.0936797708273,1.54992485046,-0.13169400394,-0.0947439819574,-0.687297165394,-0.708027422428
-0.632101535797,-0.0926346555352,1.54990458488,-0.130740791559,-0.0944543406367,-0.687085330486,-0.708448290825
-0.632110595703,-0.0915827974677,1.5498098135,-0.13028742373,-0.0938751101494,-0.687126219273,-0.70856910944
-0.63227647543,-0.0907475501299,1.54990124702,-0.129943966866,-0.0943514481187,-0.687276601791,-0.70842307806
-0.632334053516,-0.089687846601,1.54990744591,-0.129417017102,-0.0939784198999,-0.687420964241,-0.708429038525
-0.632471382618,-0.0885237902403,1.55003321171,-0.130569517612,-0.0946958810091,-0.688122630119,-0.707440197468
-0.632608294487,-0.0878204628825,1.5500446558,-0.128918215632,-0.095094487071,-0.687719583511,-0.708081185818
-0.632659256458,-0.0867690965533,1.55006814003,-0.129061490297,-0.094989605248,-0.687709748745,-0.708078861237
-0.632708191872,-0.0857786610723,1.55000412464,-0.128500372171,-0.0949883833528,-0.687901496887,-0.707994699478
-0.632773220539,-0.0845688804984,1.55003738403,-0.129448398948,-0.0952829271555,-0.688683748245,-0.707021355629
-0.632906973362,-0.0835255011916,1.55011510849,-0.130437225103,-0.0957891121507,-0.689269900322,-0.706199467182
-0.632948219776,-0.0827343091369,1.55012607574,-0.128009617329,-0.0955775976181,-0.688503563404,-0.70741891861
-0.633002698421,-0.0817106515169,1.5501101017,-0.128271907568,-0.0958760976791,-0.688695669174,-0.707143843174
-0.633030653,-0.0806515514851,1.5500562191,-0.12751442194,-0.0956079661846,-0.68855959177,-0.707449674606
-0.632926821709,-0.0795763880014,1.55005657673,-0.127239882946,-0.0956245809793,-0.689017593861,-0.707050681114
-0.632945656776,-0.0785197690129,1.55004191399,-0.126916766167,-0.0956780686975,-0.689174592495,-0.706948399544
-0.633754312992,-0.0775374919176,1.5502140522,-0.126518070698,-0.0970313102007,-0.694980740547,-0.701127648354
-0.633874177933,-0.076600946486,1.55024909973,-0.126675933599,-0.0975977182388,-0.695630609989,-0.70037561655
-0.633913874626,-0.0755535960197,1.55026721954,-0.126118794084,-0.0978498458862,-0.696402668953,-0.699673473835
-0.633951723576,-0.0744920298457,1.55017912388,-0.125968411565,-0.0975696966052,-0.696417629719,-0.699724555016
-0.634178459644,-0.0735160559416,1.55024445057,-0.126119688153,-0.0984948202968,-0.696258485317,-0.699726164341
-0.633957207203,-0.0721749812365,1.55021870136,-0.125300765038,-0.0975626707077,-0.695645749569,-0.700612902641
-0.63408601284,-0.0713032782078,1.55025136471,-0.124931409955,-0.0984029993415,-0.696657598019,-0.69955509901
-0.634150922298,-0.0702506303787,1.55028820038,-0.124704696238,-0.098348043859,-0.696789860725,-0.699471533298
-0.634254217148,-0.0688050761819,1.55017066002,0.125803425908,0.0983528271317,0.698156833649,0.697909295559
-0.634231328964,-0.0680587738752,1.55020356178,-0.12383145839,-0.0980217605829,-0.696325004101,-0.700134992599
-0.6344409585,-0.0671040639281,1.5503013134,-0.123865917325,-0.09897993505,-0.697049438953,-0.699272692204
-0.634395718575,-0.0659365057945,1.55027139187,-0.122852042317,-0.0984104350209,-0.696555197239,-0.700024187565
-0.633578896523,-0.0643244311213,1.55003118515,-0.123850665987,-0.0963470190763,-0.690927922726,-0.705689013004
-0.633729934692,-0.0636274591088,1.5500934124,-0.122065663338,-0.0971173048019,-0.690685629845,-0.706131398678
-0.633827924728,-0.0625047907233,1.55006182194,-0.121966220438,-0.0968789085746,-0.690755426884,-0.706113040447
-0.633916854858,-0.0614024288952,1.55001306534,-0.121432378888,-0.0966720506549,-0.690959274769,-0.706034123898
-0.634010195732,-0.0603902004659,1.5500472784,-0.120835833251,-0.0970428660512,-0.691005766392,-0.706039965153
-0.634293079376,-0.059482857585,1.55020701885,-0.120925702155,-0.0981116518378,-0.691627383232,-0.705267846584
-0.634216964245,-0.0582530461252,1.55009448528,-0.119734562933,-0.0970425084233,-0.691407442093,-0.705834507942
-0.634511291981,-0.0572282634676,1.55016624928,-0.120067022741,-0.098036646843,-0.691945672035,-0.705112755299
-0.634653508663,-0.0562712736428,1.55016195774,-0.119598656893,-0.0982283353806,-0.692137300968,-0.704977452755
-0.63465410471,-0.0550950206816,1.5501049757,-0.118481934071,-0.097680747509,-0.69269400835,-0.704695463181
-0.63474303484,-0.053968116641,1.55001497269,-0.117281407118,-0.0972867384553,-0.692310929298,-0.705326914787
-0.635026216507,-0.0530035831034,1.55014300346,-0.116757296026,-0.0977846458554,-0.693180501461,-0.704490423203
-0.635296940804,-0.0520145408809,1.55019903183,-0.116542696953,-0.0981764122844,-0.693575322628,-0.704082727432
-0.635492384434,-0.0510109476745,1.55018854141,-0.115994893014,-0.0981037691236,-0.694300174713,-0.703468620777
-0.635618984699,-0.0496522411704,1.55010163784,-0.116162508726,-0.0971109345555,-0.695223391056,-0.702666521072
-0.635802924633,-0.0488621890545,1.55013000965,-0.11411909759,-0.0967912971973,-0.694970011711,-0.703296065331
-0.635916769505,-0.0476856827736,1.55009460449,-0.113462716341,-0.0960703417659,-0.695587038994,-0.702890753746
-0.636266827583,-0.046818960458,1.55019259453,-0.112941525877,-0.0963308364153,-0.696026325226,-0.702504038811
-0.63640499115,-0.0458158999681,1.55019962788,-0.112427905202,-0.0959836766124,-0.697212398052,-0.701457202435
-0.636597573757,-0.044779419899,1.55020785332,-0.111657649279,-0.0954770967364,-0.69736301899,-0.701499581337
-0.637042880058,-0.0439781323075,1.55035746098,-0.111442565918,-0.0962156429887,-0.697944998741,-0.700853765011
-0.637084007263,-0.042905703187,1.55025279522,-0.110110469162,-0.0951592177153,-0.698032200336,-0.701121687889
-0.637143373489,-0.041769258678,1.5501537323,-0.109694622457,-0.0944231525064,-0.698859632015,-0.700461804867
-0.637610912323,-0.0409349948168,1.55025827885,-0.109463624656,-0.0945355817676,-0.698850512505,-0.700491845608
-0.637730717659,-0.0399635434151,1.55025410652,-0.108633384109,-0.0941340327263,-0.698970377445,-0.700555622578
-0.637935936451,-0.0391525477171,1.5503064394,-0.108177699149,-0.0944920033216,-0.699760138988,-0.699788928032
-0.638120114803,-0.0381807610393,1.55029225349,-0.107658408582,-0.094027094543,-0.699478805065,-0.700212955475
-0.638419747353,-0.0372611768544,1.55034255981,-0.108191497624,-0.0944525897503,-0.699772715569,-0.699779689312
-0.638403773308,-0.0361989624798,1.55028712749,-0.107175976038,-0.0936774238944,-0.699571967125,-0.70024061203
-0.638624608517,-0.0354835614562,1.55026066303,-0.10708450526,-0.0937153920531,-0.699410021305,-0.700411319733
-0.638741612434,-0.0346290394664,1.55023396015,-0.10698017478,-0.0939423888922,-0.699669599533,-0.700137495995
-0.638932824135,-0.0333185046911,1.55017900467,0.109346501529,0.0938462689519,0.70029270649,0.699161410332
-0.639027357101,-0.0328129790723,1.5501806736,-0.106938309968,-0.0935517176986,-0.698770284653,-0.701093733311
-0.639252245426,-0.0321045853198,1.55033171177,-0.107294291258,-0.0944372713566,-0.699135601521,-0.700556278229
-0.639506220818,-0.0312716364861,1.5503436327,-0.107971459627,-0.0949773266912,-0.698826670647,-0.700687289238
-0.639607191086,-0.030129507184,1.55016553402,-0.108119025826,-0.0939853787422,-0.697928547859,-0.701692759991
-0.639708936214,-0.0295960456133,1.55023539066,-0.10770804435,-0.0945973619819,-0.698505938053,-0.701098918915
-0.639859080315,-0.0287592653185,1.55019462109,-0.1080987975,-0.0945764631033,-0.698105156422,-0.701440811157
-0.639844715595,-0.0275885798037,1.55006957054,-0.108119025826,-0.0939372554421,-0.697556614876,-0.702068984509
-0.640021264553,-0.0270841941237,1.55009388924,-0.107661888003,-0.0941844731569,-0.697648227215,-0.702015161514
-0.640420615673,-0.0264816377312,1.55014586449,-0.107922539115,-0.0949648693204,-0.697181463242,-0.702333748341
-0.640488684177,-0.0255502127111,1.55011224747,-0.108059920371,-0.0945318415761,-0.696846485138,-0.702703237534
-0.640606403351,-0.0247102826834,1.55008721352,-0.107913568616,-0.0948802903295,-0.696707189083,-0.702816903591
-0.640632033348,-0.0235004499555,1.54988861084,-0.108162008226,-0.0938325226307,-0.696300566196,-0.703322172165
-0.640762329102,-0.0227277353406,1.54995644093,-0.107948057353,-0.0942368581891,-0.696006417274,-0.703592121601
-0.640841603279,-0.0222137346864,1.54994487762,-0.107057951391,-0.0943318903446,-0.696192324162,-0.703531444073
-0.641038894653,-0.0214399322867,1.54992246628,-0.106963306665,-0.094958640635,-0.695970058441,-0.703681230545
-0.641083180904,-0.0202976521105,1.54979884624,-0.10721924156,-0.0943659245968,-0.695501387119,-0.704185128212
-0.641156196594,-0.0197995081544,1.54984927177,-0.106274098158,-0.0949817076325,-0.695896923542,-0.70385491848
-0.641369879246,-0.019042711705,1.54984092712,-0.106296621263,-0.0953335464001,-0.695748209953,-0.703950941563
-0.641545653343,-0.0183027535677,1.5499202013,-0.106041349471,-0.0961524024606,-0.695536494255,-0.704087376595
-0.641663491726,-0.0174558311701,1.54987668991,-0.105832584202,-0.096401616931,-0.695564508438,-0.704057097435
-0.641759216785,-0.0167370513082,1.54982554913,-0.10529012233,-0.0968219265342,-0.695643186569,-0.704002976418
-0.64168214798,-0.0160057228059,1.54975545406,-0.104568652809,-0.0969683229923,-0.695606708527,-0.704126358032
-0.641765475273,-0.0152206029743,1.54972076416,-0.103913128376,-0.0971999242902,-0.695612072945,-0.704186081886
-0.64188605547,-0.0144904078916,1.54970133305,-0.103631936014,-0.097426481545,-0.695597410202,-0.704210758209
-0.641819536686,-0.0132570667192,1.54953086376,-0.102919362485,-0.0966840386391,-0.694848418236,-0.705156505108
-0.642122983932,-0.0130740469322,1.54967308044,-0.102774567902,-0.0982121825218,-0.695585906506,-0.704238474369
-0.642201304436,-0.0124009540305,1.5496032238,-0.102063328028,-0.0982755795121,-0.695749163628,-0.704172134399
-0.642176508904,-0.011619400233,1.5496301651,-0.100922986865,-0.098079405725,-0.695390045643,-0.704718053341
-0.64237934351,-0.0110161695629,1.5495814085,-0.100568726659,-0.0986187681556,-0.695070266724,-0.705008924007
-0.642508089542,-0.0104333944619,1.54954779148,-0.10042386502,-0.0990511551499,-0.695440232754,-0.704604029655
-0.642459869385,-0.00971008744091,1.54944431782,-0.0995708853006,-0.0985918566585,-0.695604383945,-0.704627513885
-0.642576932907,-0.00913547538221,1.5494607687,-0.0989846587181,-0.0989099368453,-0.695729792118,-0.704541623592
-0.642810404301,-0.00864336732775,1.54945003986,-0.0988957583904,-0.0994985550642,-0.695534050465,-0.704664468765
-0.642917811871,-0.00811560824513,1.54948616028,-0.0983050391078,-0.100072339177,-0.695626378059,-0.704574763775
-0.642993211746,-0.00757356733084,1.5494787693,-0.0977983996272,-0.100273214281,-0.695623278618,-0.704619586468
-0.643030226231,-0.00672337505966,1.54934000969,-0.0977765768766,-0.0998530760407,-0.69529658556,-0.705004990101
-0.643157958984,-0.00644587539136,1.54934215546,-0.0971051156521,-0.100551962852,-0.695332109928,-0.704963207245
-0.643266379833,-0.00609030947089,1.54943883419,-0.0962486043572,-0.101337298751,-0.695316791534,-0.704983413219
-0.643123805523,-0.00532147102058,1.54925477505,-0.0952739045024,-0.10058709234,-0.695182740688,-0.705355405807
-0.643175423145,-0.00482938252389,1.54913568497,-0.0946995913982,-0.100486069918,-0.694839596748,-0.705785036087
-0.643251299858,-0.00444432161748,1.54906582832,-0.0941878631711,-0.100919939578,-0.694589078426,-0.706038177013
-0.643537044525,-0.00447851978242,1.54920911789,-0.0938890352845,-0.102134369314,-0.694557070732,-0.705934643745
-0.643476188183,-0.00395372789353,1.54911291599,-0.0933614596725,-0.101734861732,-0.694495797157,-0.706122636795
-0.643437922001,-0.00361453555524,1.54908847809,-0.0924459770322,-0.101839095354,-0.694471359253,-0.706252217293
-0.643521904945,-0.00287180673331,1.54902660847,-0.0929561331868,-0.101600132883,-0.693873822689,-0.706806778908
-0.643559396267,-0.00250277575105,1.54895937443,-0.092814616859,-0.101205870509,-0.693579912186,-0.707170307636
-0.643461227417,-0.00209738500416,1.54886317253,-0.0917612835765,-0.100380904973,-0.693208575249,-0.707789123058
-0.643483817577,-0.00198303256184,1.54882156849,-0.0911305770278,-0.100511357188,-0.693121492863,-0.707937479019
-0.64369571209,-0.00181528087705,1.54888522625,-0.0918087214231,-0.10125310719,-0.693064510822,-0.707799851894
-0.643549621105,-0.00115770101547,1.54871356487,-0.0913468375802,-0.100421391428,-0.692951381207,-0.708088934422
-0.64358317852,-0.000868008472025,1.54865729809,-0.0912493765354,-0.100171811879,-0.692799389362,-0.70828551054
-0.643582701683,-0.000552326440811,1.54855751991,-0.0911469310522,-0.0996625721455,-0.692534029484,-0.708629786968
-0.643734574318,-0.000556071288884,1.54859054089,-0.0909569486976,-0.0999826416373,-0.692486107349,-0.708656072617
-0.643724441528,-0.000294633209705,1.54858934879,-0.0908416733146,-0.0998428091407,-0.692407548428,-0.708767175674
-0.64385330677,0.000217631459236,1.54855692387,-0.0911955907941,-0.0995161160827,-0.691489636898,-0.709663450718
-0.643705785275,0.000594164244831,1.54842233658,-0.0907538235188,-0.0986820980906,-0.691529273987,-0.709797799587
-0.643746852875,0.000802099704742,1.54846537113,-0.0908792540431,-0.0989084541798,-0.691182672977,-0.710087716579
-0.643780469894,0.0010236511007,1.54847049713,-0.0910160765052,-0.0989504009485,-0.691042840481,-0.710200428963
-0.643905460835,0.00101165380329,1.54851043224,-0.0910707190633,-0.0993827581406,-0.691023051739,-0.710152387619
-0.643953919411,0.00122422166169,1.5484944582,-0.0911559611559,-0.0994528308511,-0.690860748291,-0.710289537907
-0.643980383873,0.00160642061383,1.54845774174,-0.0922216624022,-0.0998711287975,-0.691448569298,-0.709520876408
-0.644062101841,0.00160275120288,1.54844892025,-0.0912187173963,-0.100026980042,-0.690483272076,-0.710567951202
-0.644130349159,0.00206851307303,1.54839658737,-0.0918730348349,-0.099987462163,-0.689973473549,-0.710984110832
-0.644169688225,0.00225234683603,1.54835879803,-0.0918771997094,-0.100080236793,-0.689822256565,-0.711117327213
-0.644154191017,0.00236094277352,1.54834198952,-0.0914580821991,-0.100072227418,-0.689775884151,-0.711217403412
-0.644364714622,0.0024528959766,1.54838776588,-0.0919176638126,-0.100652500987,-0.689428031445,-0.711413562298
-0.644233644009,0.00273583550006,1.54823672771,-0.0914871618152,-0.0999499186873,-0.689306378365,-0.711686015129
-0.644279181957,0.00289612170309,1.54822218418,-0.0913279950619,-0.100031048059,-0.68903118372,-0.711961388588
-0.644462049007,0.0031236037612,1.54790651798,-0.0914918109775,-0.0993080958724,-0.6885445714,-0.712512135506
-0.644614160061,0.00301533844322,1.54798400402,-0.0912567749619,-0.0999770388007,-0.688551783562,-0.712441921234
-0.64468061924,0.0031433776021,1.54794895649,-0.0910339877009,-0.100114807487,-0.6883482337,-0.712647616863
-0.644755721092,0.0032752873376,1.54794180393,-0.0909151360393,-0.100286707282,-0.688224375248,-0.712758362293
-0.644812822342,0.00356478057802,1.54794549942,-0.0917662456632,-0.100753583014,-0.688857793808,-0.711971104145
-0.644921123981,0.0036954479292,1.54794073105,-0.0916057378054,-0.100887611508,-0.688714742661,-0.712111055851
-0.645033657551,0.00377450417727,1.54799807072,-0.0914428010583,-0.101221375167,-0.688702702522,-0.712096333504
-0.645121872425,0.00435084756464,1.54752731323,-0.0924073979259,-0.0997567921877,-0.688955008984,-0.711934387684
-0.645157396793,0.00438717659563,1.54785060883,-0.0919685661793,-0.100733011961,-0.68907225132,-0.711740076542
-0.645261287689,0.0044497391209,1.54787230492,-0.0916078016162,-0.10088647902,-0.689049422741,-0.711787164211
-0.645353555679,0.00453925691545,1.54788613319,-0.0912274718285,-0.100777760148,-0.68897485733,-0.711923539639
-0.645438492298,0.00458930898458,1.54789674282,-0.0907708853483,-0.100664846599,-0.688818156719,-0.712149322033
-0.645639657974,0.00435696635395,1.54799377918,-0.0900688841939,-0.101022824645,-0.688802421093,-0.712203085423
-0.645689129829,0.0046276319772,1.54795491695,-0.0898901075125,-0.100663624704,-0.688543140888,-0.712527275085
-0.646583557129,0.00446036737412,1.54815673828,-0.0889528095722,-0.102647259831,-0.694983303547,-0.706080198288
-0.646695792675,0.00415780395269,1.54823613167,-0.0863532572985,-0.102309316397,-0.693674564362,-0.707737088203
-0.646839141846,0.0041586291045,1.54825806618,-0.0860551148653,-0.102254420519,-0.693529546261,-0.707923173904
-0.646998167038,0.00420095678419,1.54797494411,-0.0857753008604,-0.101184241474,-0.693268656731,-0.708366453648
-0.647137105465,0.00416456628591,1.54808270931,-0.0854429677129,-0.101345047355,-0.693201601505,-0.708449184895
-0.646491229534,0.0043034395203,1.54795467854,-0.0855741947889,-0.0993713513017,-0.686636269093,-0.715075492859
-0.646593272686,0.00428240280598,1.54798662663,-0.0852191895247,-0.0993030145764,-0.686556220055,-0.715204358101
-0.646726846695,0.0042168861255,1.54801547527,-0.0848192870617,-0.0992328003049,-0.686437785625,-0.715375423431
-0.646869063377,0.00412968080491,1.54804849625,-0.0842879936099,-0.0992137417197,-0.686310529709,-0.715562820435
-0.647012829781,0.00406640674919,1.54809474945,-0.0843649730086,-0.0993794873357,-0.686432182789,-0.715414047241
-0.647100508213,0.00393099524081,1.54821908474,-0.0830975919962,-0.0993687286973,-0.68599653244,-0.715981483459
-0.647248029709,0.00388977210969,1.54826068878,-0.0832585766912,-0.0995763242245,-0.686240851879,-0.715699791908
-0.647351503372,0.00380727276206,1.54827225208,-0.0827064961195,-0.0994545742869,-0.686117649078,-0.715898811817
-0.64746260643,0.00373913813382,1.54829788208,-0.0820651203394,-0.0993537455797,-0.685959637165,-0.716137945652
-0.647735178471,0.00332139339298,1.54846477509,-0.0805692374706,-0.0998648107052,-0.685853302479,-0.716338574886
-0.64783769846,0.00326403323561,1.54839265347,-0.0797811076045,-0.0994363948703,-0.685757875443,-0.71657782793
-0.648017346859,0.00335533544421,1.54848194122,-0.0795357897878,-0.0996532142162,-0.685333609581,-0.71698063612
-0.648152172565,0.00321404170245,1.5485073328,-0.0784267112613,-0.0998119562864,-0.68520116806,-0.717207312584
-0.64838552475,0.00270661059767,1.54888439178,-0.0771193280816,-0.101468294859,-0.685361981392,-0.716962993145
-0.648469865322,0.00257001072168,1.54856264591,-0.0756946280599,-0.100631736219,-0.685307860374,-0.717284321785
-0.648504078388,0.00267663784325,1.54854118824,-0.0747429206967,-0.100482650101,-0.685180187225,-0.717526853085
-0.648830294609,0.00252702273428,1.54863715172,-0.074254244566,-0.101274691522,-0.685327708721,-0.717325270176
-0.648999750614,0.00238940026611,1.54877460003,-0.0731381103396,-0.101915560663,-0.68540263176,-0.717277765274
-0.649129390717,0.00221054814756,1.54883003235,-0.0719872936606,-0.102438934147,-0.68544793129,-0.717276155949
-0.649206638336,0.00196476466954,1.54908645153,-0.0704571455717,-0.103714317083,-0.685805022717,-0.716903567314
-0.649391651154,0.0016882289201,1.54921519756,-0.0689506605268,-0.104952871799,-0.685889542103,-0.716788887978
-0.649683713913,0.00130312889814,1.54906475544,-0.0675180777907,-0.105118528008,-0.68626087904,-0.716545522213
-0.649791657925,0.0011051883921,1.54911351204,-0.066204816103,-0.105852246284,-0.686495959759,-0.716334819794
-0.649840891361,0.00114262104034,1.5489345789,-0.0652499496937,-0.105914965272,-0.686519861221,-0.716390371323
-0.649836421013,0.000854035839438,1.54949557781,-0.0636485517025,-0.108434304595,-0.68719625473,-0.715508282185
-0.649986326694,0.0006303191185,1.54955756664,-0.0623727217317,-0.109451621771,-0.687793374062,-0.714891850948
-0.65011626482,0.000377871096134,1.54956746101,-0.0612138733268,-0.110530093312,-0.688005805016,-0.714621603489
-0.650287568569,0.000199892558157,1.54954195023,-0.0605922117829,-0.1115058586,-0.688338339329,-0.714202642441
-0.650425493717,-0.000152440741658,1.54970705509,-0.0593350157142,-0.113109692931,-0.688976705074,-0.71344012022
-0.650635302067,-0.000679436139762,1.5498008728,-0.0583753027022,-0.114647381008,-0.689521253109,-0.712747454643
-0.650778353214,-0.000885786488652,1.54973518848,-0.0580205768347,-0.115420497954,-0.689731478691,-0.712448060513
-0.650915920734,-0.00118799507618,1.54969525337,-0.0573124997318,-0.116239219904,-0.690462946892,-0.711663305759
-0.651028990746,-0.00149806030095,1.54961836338,-0.0567625164986,-0.117029853165,-0.690815329552,-0.711235642433
-0.651149570942,-0.00188056565821,1.54960227013,-0.0560560114682,-0.118366591632,-0.691302657127,-0.710596859455
-0.65131008625,-0.00231448747218,1.54961395264,-0.0558525845408,-0.119442768395,-0.691685736179,-0.710059762001
-0.651416540146,-0.00269081816077,1.54962861538,-0.0553815551102,-0.120293974876,-0.6921839118,-0.709467172623
-0.651553809643,-0.00306531973183,1.54960656166,-0.0549864023924,-0.120915234089,-0.692924439907,-0.708669066429
-0.651588916779,-0.00322982482612,1.54946470261,-0.0546800941229,-0.120981656015,-0.693353652954,-0.708261430264
-0.651870906353,-0.00375075638294,1.54958462715,-0.0548883490264,-0.122225597501,-0.693716704845,-0.707676053047
-0.652023792267,-0.00442986935377,1.54963004589,-0.0543229468167,-0.122811764479,-0.6943577528,-0.706989169121
-0.652098834515,-0.00490144081414,1.54961276054,-0.0539606101811,-0.122949250042,-0.694740891457,-0.706616461277
-0.652115821838,-0.00513502396643,1.54948747158,-0.0540857464075,-0.122420594096,-0.695025920868,-0.706418395042
-0.652393579483,-0.00605611689389,1.54968547821,-0.0540793389082,-0.123418696225,-0.695467174053,-0.705810546875
-0.65240496397,-0.00615571439266,1.54956579208,-0.0553398318589,-0.123113945127,-0.696389317513,-0.704856336117
-0.652588307858,-0.00658240914345,1.54968464375,-0.0565734729171,-0.123980425298,-0.697318196297,-0.703687250614
-0.652843296528,-0.0075253341347,1.54980230331,-0.0566456615925,-0.124857187271,-0.697581171989,-0.703265666962
-0.652943730354,-0.00831020064652,1.54981589317,-0.0555370226502,-0.124811418355,-0.697218775749,-0.70372146368
-0.653086900711,-0.00913963839412,1.54989111423,-0.0545093640685,-0.125047013164,-0.69700294733,-0.703973650932
-0.653115332127,-0.00954094156623,1.54991424084,-0.054816570133,-0.125174447894,-0.697218477726,-0.703713774681
-0.653274178505,-0.0103595033288,1.55000340939,-0.0547459609807,-0.125643014908,-0.697524607182,-0.703332304955
-0.653431952,-0.0111631620675,1.55016541481,-0.054848048836,-0.12653580308,-0.697582066059,-0.703107297421
-0.653449475765,-0.0115512367338,1.55008780956,-0.0550073049963,-0.126423418522,-0.697524607182,-0.703172087669
-0.653639018536,-0.0122556034476,1.55024421215,-0.0558301247656,-0.12752430141,-0.698565363884,-0.701873958111
-0.653846263885,-0.0131626557559,1.55048382282,-0.0546094998717,-0.128785997629,-0.698331177235,-0.701972544193
-0.654095351696,-0.0138995293528,1.55059397221,-0.0546784996986,-0.129857361317,-0.698322176933,-0.701778769493
-0.654151976109,-0.0143228322268,1.55059659481,-0.0547368302941,-0.130095884204,-0.698290407658,-0.701761722565
-0.654166281223,-0.0147231370211,1.55059087276,-0.0555048882961,-0.130421474576,-0.699336946011,-0.700597882271
-0.654289901257,-0.0156254209578,1.55070304871,-0.0539813563228,-0.131252601743,-0.698780834675,-0.70111644268
-0.654530882835,-0.0165261588991,1.55087482929,-0.0534756816924,-0.132259443402,-0.699262261391,-0.700485706329
-0.654664754868,-0.0171750467271,1.55092263222,-0.0528968945146,-0.132820501924,-0.699802160263,-0.69988411665
-0.654688775539,-0.0178477615118,1.55095982552,0.0521302372217,0.133388593793,0.700252115726,0.69938325882
-0.654870629311,-0.0184974297881,1.5510519743,0.0525533109903,0.134640708566,0.700940907001,0.698421061039
-0.655025482178,-0.0187517721206,1.55101466179,0.0541419610381,0.135464414954,0.702016711235,0.697058498859
-0.655216753483,-0.019658440724,1.55109322071,0.053466591984,0.136319473386,0.702672362328,0.696283042431
-0.655363380909,-0.0203455779701,1.55118024349,0.0528834089637,0.137070178986,0.703295171261,0.695551037788
-0.655352950096,-0.021328067407,1.55116868019,0.0494021214545,0.136849865317,0.702586233616,0.696566045284
-0.655460238457,-0.0220628939569,1.55119979382,0.0488355755806,0.1373809129,0.703015506268,0.696068227291
-0.655614733696,-0.0222486350685,1.55116868019,0.0509583167732,0.138459175825,0.704598486423,0.694098889828
-0.655729472637,-0.0236067585647,1.55133080482,0.0479518994689,0.138957679272,0.704737961292,0.694072008133
-0.655850231647,-0.0243388358504,1.55136191845,0.0472898557782,0.139125972986,0.70527523756,0.693537712097
-0.656056821346,-0.0251964163035,1.55144107342,0.0466627962887,0.139630243182,0.705705106258,0.693041503429
-0.656183004379,-0.0258162785321,1.5513406992,0.0465499833226,0.139072433114,0.705871224403,0.69299197197
-0.656352698803,-0.0265746880323,1.55143022537,0.0458536930382,0.139132007957,0.706525743008,0.692359149456
-0.656384468079,-0.0272190198302,1.55137467384,0.0450441129506,0.138580441475,0.707177519798,0.691857397556
-0.656486034393,-0.0278935544193,1.5513985157,0.0439425967634,0.137986972928,0.707611203194,0.691603302956
-0.656700193882,-0.02876531519,1.55144155025,0.044779509306,0.138613060117,0.708187520504,0.690834105015
-0.656671643257,-0.0294180437922,1.55138480663,0.0442789942026,0.137567475438,0.709157705307,0.690079748631
-0.656985998154,-0.0302394852042,1.55114591122,0.0445722043514,0.136927530169,0.709595024586,0.689738512039
-0.656897544861,-0.0308340378106,1.55135965347,0.0439004302025,0.136718392372,0.710008323193,0.689397513866
-0.657019495964,-0.0316291600466,1.55142295361,0.0445190407336,0.136939406395,0.710521876812,0.688784837723
-0.65732395649,-0.0323820635676,1.55112373829,0.0453319065273,0.135834053159,0.710842609406,0.688619554043
-0.657360613346,-0.033118724823,1.55117940903,0.0450514778495,0.135623648763,0.711263179779,0.688245117664
-0.657408475876,-0.0338292643428,1.55115950108,0.045338395983,0.135242909193,0.711589396,0.687963962555
-0.657574594021,-0.0346435233951,1.55122363567,0.0460686534643,0.135535091162,0.711784422398,0.687656104565
-0.657635390759,-0.0353139415383,1.55123913288,0.046503894031,0.135144785047,0.712254166603,0.687217116356
-0.657791256905,-0.0360586047173,1.55124378204,0.0472553484142,0.13523440063,0.712546765804,0.68684476614
-0.657860219479,-0.0367802157998,1.55129992962,0.0478303693235,0.13537068665,0.712707102299,0.686611831188
-0.657993257046,-0.0375365540385,1.55126464367,0.0484586246312,0.13548605144,0.712766170502,0.686483681202
-0.65814357996,-0.0381884202361,1.55130684376,0.049515876919,0.135501176119,0.713340401649,0.685808360577
-0.658363878727,-0.03899654001,1.55142450333,0.0505369305611,0.136315092444,0.713724076748,0.685173213482
-0.658410489559,-0.0395474806428,1.55127882957,0.0515026710927,0.135958775878,0.713917016983,0.684970974922
-0.658587515354,-0.0401698164642,1.55136597157,0.0525729134679,0.136496037245,0.714178144932,0.684510409832
-0.658764660358,-0.0407986789942,1.55138385296,0.0534950681031,0.136819958687,0.714585006237,0.683949410915
-0.658969938755,-0.0413810536265,1.55133569241,0.0541132502258,0.136585637927,0.714559316635,0.683974504471
-0.659105658531,-0.0419005975127,1.55124783516,0.0547439642251,0.136344030499,0.715086460114,0.683421254158
-0.659344255924,-0.0424293428659,1.55127978325,0.0559187419713,0.136610418558,0.715627610683,0.682706296444
-0.659746527672,-0.043188020587,1.55141532421,0.057786360383,0.137676939368,0.716193675995,0.681742250919
-0.660557687283,-0.0438467115164,1.55151069164,0.0577741526067,0.139415711164,0.722255349159,0.674961328506
-0.660882771015,-0.0442095845938,1.55145525932,0.058975558728,0.139321178198,0.72312951088,0.673940122128
-0.661102592945,-0.0446417964995,1.5515089035,0.0599401257932,0.138706430793,0.724222719669,0.672807097435
-0.661451399326,-0.0451731272042,1.55156326294,0.061224732548,0.138108506799,0.725134968758,0.671831011772
-0.661717116833,-0.045458689332,1.55150866508,0.0625446811318,0.136450335383,0.726412057877,0.670667648315
-0.662093102932,-0.0459355935454,1.55154979229,0.0640267729759,0.134579196572,0.727242708206,0.670005261898
-0.662392854691,-0.0462826490402,1.55156731606,0.0654092878103,0.132340952754,0.728368163109,0.669094443321
-0.662645459175,-0.0466155000031,1.55157828331,0.066223487258,0.129524379969,0.729874789715,0.667922735214
-0.662997722626,-0.0469124428928,1.55157911777,0.0686126574874,0.125990748405,0.7309705019,0.667158663273
-0.663429737091,-0.0474053025246,1.55169558525,0.0711350813508,0.122370526195,0.732450604439,0.665944039822
-0.663591623306,-0.0476184934378,1.55182778835,0.0737336501479,0.117675542831,0.733740568161,0.66508692503
-0.66400372982,-0.0480871796608,1.55196905136,0.0775240138173,0.112902872264,0.734148204327,0.665033519268
-0.664521694183,-0.0485033690929,1.55162072182,0.0810838937759,0.106015399098,0.734369575977,0.665497899055
-0.664762318134,-0.0489530004561,1.55172789097,0.0857814252377,0.100285857916,0.735190093517,0.664890885353
-0.665045559406,-0.0497480966151,1.5523058176,0.0892063826323,0.0965008512139,0.736141860485,0.663946628571
-0.665217578411,-0.0501930229366,1.55234849453,0.0939027518034,0.0899411588907,0.735833704472,0.664561271667
-0.665532946587,-0.0509123578668,1.5524982214,0.0988542512059,0.0850440338254,0.735399544239,0.664968311787
-0.665763020515,-0.0514971613884,1.55252528191,0.102839156985,0.0799462199211,0.735568761826,0.664809346199
-0.666072309017,-0.052198804915,1.552698493,0.107724040747,0.0753670185804,0.734871506691,0.665341556072
-0.666396737099,-0.0529928766191,1.5527857542,0.112961500883,0.0714151635766,0.733202934265,0.66674810648
-0.666636288166,-0.0535722374916,1.55254995823,0.117895707488,0.0675196051598,0.732273757458,0.667320728302
-0.667020797729,-0.0544296689332,1.55308818817,0.122421786189,0.0666233226657,0.731142580509,0.667835831642
-0.667224049568,-0.0550827942789,1.55337774754,0.127174183726,0.0650503858924,0.72967851162,0.668703556061
-0.667471766472,-0.0555103607476,1.5533182621,0.131915301085,0.0631062462926,0.729099214077,0.668603360653
-0.66756862402,-0.0557711645961,1.55324912071,0.136432290077,0.0606349445879,0.726304769516,0.670962929726
-0.668033957481,-0.0564856044948,1.55336427689,0.140984758735,0.0608565211296,0.724441409111,0.672015249729
-0.667873680592,-0.0566366016865,1.55323636532,0.144934162498,0.0588449239731,0.722798168659,0.673122823238
-0.667400956154,-0.0568186417222,1.5531463623,0.149665638804,0.0577218905091,0.714384019375,0.681119561195
-0.667544066906,-0.0572174675763,1.55307686329,0.152933105826,0.0568808093667,0.712548196316,0.682386279106
-0.667942106724,-0.0576958842576,1.55315411091,0.156618461013,0.0569066181779,0.711093783379,0.68306517601
-0.667941510677,-0.0576705560088,1.55297994614,0.159136712551,0.0543050132692,0.70891392231,0.684958219528
-0.668378651142,-0.0580487176776,1.55305564404,0.162175789475,0.0537524074316,0.707692861557,0.685551345348
-0.668433070183,-0.0580362156034,1.55319917202,0.164331659675,0.0517281927168,0.706504106522,0.686419069767
-0.668651878834,-0.058159776032,1.55322408676,0.166063770652,0.0493488684297,0.705222666264,0.687494218349
-0.668984830379,-0.0581975877285,1.55279648304,0.167327016592,0.0454637371004,0.704071164131,0.688635408878
-0.669570803642,-0.0584052875638,1.55303215981,0.169085010886,0.0437011569738,0.703324913979,0.689082443714
-0.669929206371,-0.0584305934608,1.55314970016,0.170055940747,0.0404441505671,0.702845215797,0.689531683922
-0.66997885704,-0.0583121627569,1.55367362499,0.170622318983,0.0379291810095,0.702357172966,0.690031826496
-0.670468568802,-0.0581884123385,1.55367517471,0.171389341354,0.0340311601758,0.701684892178,0.690728604794
-0.670926332474,-0.0580396652222,1.55355346203,0.17156727612,0.0301241260022,0.700880289078,0.691681981087
-0.671360075474,-0.0581645295024,1.55401551723,0.171796023846,0.0284699313343,0.700839102268,0.691737115383
-0.67188334465,-0.057658482343,1.55434656143,0.174178853631,0.0260717067868,0.701283216476,0.690784990788
-0.672213494778,-0.0577093958855,1.55439603329,0.171655625105,0.0229616891593,0.699570059776,0.693259596825
-0.672460079193,-0.057278521359,1.55452370644,0.171473711729,0.0200440790504,0.698856770992,0.694114148617
-0.67285323143,-0.0569979287684,1.55482029915,0.171356499195,0.0183386094868,0.698304355145,0.694745779037
-0.674223721027,-0.0565589442849,1.55513644218,0.171609520912,0.0153364725411,0.704670548439,0.688298165798
-0.674704730511,-0.0563496351242,1.55526769161,0.171416580677,0.0156362503767,0.703603565693,0.689430177212
-0.675085365772,-0.0558583065867,1.55531787872,0.171457320452,0.0144398240373,0.702688097954,0.690379202366
-0.675530731678,-0.0554977692664,1.55545043945,0.171679154038,0.0141366859898,0.701699078083,0.691335558891
-0.676002442837,-0.0549758113921,1.55525326729,0.171813100576,0.0132434526458,0.700787723064,0.692243874073
-0.675721228123,-0.0548583678901,1.55534946918,-0.175093308091,-0.0140083990991,-0.691423475742,-0.700770795345
-0.676692545414,-0.0540995039046,1.55595672131,0.17142483592,0.0150872226804,0.70031952858,0.692775964737
-0.676929414272,-0.0533715225756,1.5560092926,0.171517297626,0.0146931083873,0.699433922768,0.693655729294
-0.67764878273,-0.0529628656805,1.55580377579,0.172084346414,0.0149091035128,0.6983320117,0.694620192051
-0.678089857101,-0.0524796769023,1.55577766895,0.172182545066,0.0148517247289,0.697614908218,0.695317149162
-0.678521037102,-0.0520105287433,1.55627906322,0.172503888607,0.0164516288787,0.697870492935,0.694945037365
-0.678653120995,-0.0508694499731,1.5558642149,0.171866491437,0.013675657101,0.697226941586,0.695808529854
-0.679053902626,-0.0501301959157,1.5559669733,-0.171742960811,-0.013127929531,-0.696294426918,-0.696782588959
-0.679740428925,-0.0499388836324,1.55662965775,0.172645762563,0.0156098911539,0.697005271912,0.695797145367
-0.680150389671,-0.0491624325514,1.55662238598,0.172382995486,0.0151516860351,0.696985960007,0.695891678333
-0.680392563343,-0.0479213669896,1.55658483505,0.172135293484,0.0114901857451,0.697377324104,0.695630788803
-0.679939627647,-0.0473311543465,1.55657076836,-0.172428354621,-0.0131662720814,-0.689643979073,-0.703197240829
-0.680290102959,-0.0464713908732,1.55656385422,-0.172315731645,-0.0125877372921,-0.689273834229,-0.70359826088
-0.680715203285,-0.0454582646489,1.55623173714,-0.172071203589,-0.0110965119675,-0.688547611237,-0.704393863678
-0.680805921555,-0.0444913059473,1.55692660809,-0.172125428915,-0.0116350408643,-0.688676178455,-0.704246103764
-0.681141853333,-0.0434039756656,1.55676543713,-0.172003209591,-0.010276301764,-0.687852084637,-0.705102145672
-0.681649625301,-0.0427145063877,1.55690658092,-0.171800807118,-0.0107529237866,-0.687991499901,-0.70500844717
-0.681856274605,-0.0413757897913,1.55684614182,-0.172184169292,-0.00913416687399,-0.687581717968,-0.705337405205
-0.682451248169,-0.0404170155525,1.55651557446,-0.171903654933,-0.00829687248915,-0.686728358269,-0.70624679327
-0.682377755642,-0.0390401035547,1.55684244633,-0.171578645706,-0.00738632446155,-0.686380445957,-0.706674098969
-0.682954549789,-0.0383644737303,1.55705749989,-0.171492815018,-0.00855547469109,-0.68622481823,-0.706832766533
-0.683568179607,-0.0371374003589,1.55686211586,-0.171997219324,-0.0078550549224,-0.685345947742,-0.70757073164
-0.683655917645,-0.0360939949751,1.55726051331,-0.17119474709,-0.00833822321147,-0.685125350952,-0.707973361015
-0.684273123741,-0.0349342301488,1.5574246645,-0.171516314149,-0.00920545961708,-0.684433877468,-0.708553314209
-0.684479117393,-0.0334188863635,1.55696153641,-0.171211481094,-0.00711439736187,-0.683284342289,-0.70975959301
-0.684901237488,-0.0322279073298,1.55728673935,-0.171353384852,-0.00815116520971,-0.682909309864,-0.710075080395
-0.685918807983,-0.0305362083018,1.55708909035,-0.171153530478,-0.00587676512077,-0.688145697117,-0.705072820187
-0.686393260956,-0.0296043902636,1.55729067326,-0.170929610729,-0.00749766547233,-0.68846142292,-0.704803407192
-0.686489403248,-0.0279672872275,1.55741965771,-0.170849964023,-0.0066469986923,-0.687505066395,-0.705764114857
-0.687089085579,-0.0268867947161,1.55756962299,-0.170719251037,-0.00780563475564,-0.68781042099,-0.705486357212
-0.687153100967,-0.0249102879316,1.55754780769,-0.170927211642,-0.00441058818251,-0.687412917614,-0.70585256815
-0.687751889229,-0.0240945369005,1.55746519566,-0.170284599066,-0.00753432139754,-0.685789346695,-0.707558870316
-0.687852263451,-0.022290866822,1.55740642548,-0.169795185328,-0.00629405723885,-0.684975326061,-0.708476424217
-0.688438296318,-0.0212982967496,1.55746126175,-0.16975915432,-0.00717796292156,-0.684612154961,-0.70882755518
-0.688780665398,-0.0197303537279,1.55787420273,-0.169158920646,-0.00643082056195,-0.68582379818,-0.707806348801
-0.689182460308,-0.018405187875,1.55734717846,-0.16935351491,-0.00696255639195,-0.683744609356,-0.709763586521
-0.689660072327,-0.0172519162297,1.55733442307,-0.168607071042,-0.00765409274027,-0.683632910252,-0.710041761398
-0.689918279648,-0.0151970982552,1.55716049671,-0.170604795218,-0.00624761451036,-0.683512270451,-0.709694325924
-0.690157830715,-0.0139102842659,1.5574491024,-0.169716909528,-0.00728809833527,-0.68388992548,-0.709533512592
-0.69074010849,-0.0126384105533,1.55692923069,-0.168067902327,-0.00628625880927,-0.682619690895,-0.711156845093
-0.691068887711,-0.0112401656806,1.55693435669,-0.1682574898,-0.00667130248621,-0.681308031082,-0.71236538887
-0.691506743431,-0.00996308773756,1.55730605125,-0.167790919542,-0.00820554606616,-0.681402206421,-0.712369322777
-0.691854476929,-0.00812434311956,1.55683302879,-0.16987028718,-0.00715970061719,-0.681613504887,-0.711685121059
-0.691532969475,-0.00702749146149,1.55602288246,-0.167227894068,-0.00675848731771,-0.673385858536,-0.720097720623
-0.691732108593,-0.00579507090151,1.55631923676,-0.166923880577,-0.00811876915395,-0.673591136932,-0.71996229887
-0.692377686501,-0.00454637408257,1.55622053146,-0.167479991913,-0.00902382005006,-0.673222124577,-0.720167338848
-0.692359983921,-0.00291119143367,1.55600237846,-0.166465893388,-0.0078201610595,-0.672563195229,-0.721031785011
-0.692949175835,-0.00185828702524,1.55587601662,-0.16663146019,-0.008854130283,-0.67215436697,-0.721362769604
-0.694032669067,-0.000304503832012,1.55596530437,-0.166319668293,-0.0081218117848,-0.678809821606,-0.715184688568
-0.693648159504,0.000604589469731,1.55616521835,-0.166760504246,-0.0109593011439,-0.671523571014,-0.721891343594
-0.694067656994,0.00184926064685,1.55610144138,-0.166720479727,-0.0114390654489,-0.670963585377,-0.722413659096
-0.694595992565,0.00301955081522,1.55569791794,-0.166908696294,-0.0110092284158,-0.670174896717,-0.723108530045
-0.694769442081,0.00459445081651,1.55546450615,-0.166639089584,-0.0101045519114,-0.669209480286,-0.724077403545
-0.696128249168,0.00551171367988,1.55557215214,-0.166274681687,-0.0103975813836,-0.676248311996,-0.717588305473
-0.696457087994,0.00722427479923,1.55562126637,-0.168740570545,-0.0100566018373,-0.67642468214,-0.716850996017
-0.696830570698,0.00796873494983,1.55592918396,-0.166886210442,-0.0115839568898,-0.67487347126,-0.718721568584
-0.697187423706,0.0091537758708,1.55537497997,-0.165980711579,-0.00983048882335,-0.673253715038,-0.720474302769
-0.697796225548,0.0101122800261,1.55539691448,-0.166080906987,-0.0107504734769,-0.673282325268,-0.720411360264
-0.698304474354,0.0109336785972,1.555377841,-0.165890723467,-0.0111715486273,-0.672771215439,-0.720926165581
-0.698526144028,0.0123389400542,1.55522882938,-0.165110498667,-0.00991790369153,-0.672232270241,-0.72162592411
-0.698945820332,0.0135802291334,1.55561828613,-0.167209520936,-0.0109351910651,-0.673876404762,-0.719591498375
-0.699626505375,0.0142255472019,1.55562543869,-0.167086735368,-0.0119391977787,-0.673297643661,-0.720145761967
-0.699748754501,0.0155322896317,1.55558693409,-0.166180729866,-0.0107893748209,-0.67301607132,-0.720636487007
-0.700533628464,0.0163175836205,1.55497837067,-0.166302755475,-0.0100140990689,-0.671823143959,-0.721731960773
-0.700388908386,0.0172705277801,1.55519652367,-0.162551611662,-0.00901118386537,-0.670418202877,-0.723902881145
-0.701258838177,0.018332991749,1.55530416965,-0.165698587894,-0.0102580552921,-0.671361386776,-0.722296774387
-0.701434969902,0.0192700587213,1.55484521389,-0.162118181586,-0.00809063669294,-0.669424176216,-0.724930047989
-0.701714515686,0.0200498998165,1.55525052547,-0.160904496908,-0.00921350158751,-0.670121490955,-0.724542677402
-0.702105879784,0.0211047735065,1.55518853664,-0.161454647779,-0.00899781472981,-0.669241070747,-0.725236415863
-0.702370226383,0.0219622030854,1.55511319637,-0.159333825111,-0.00869602989405,-0.668708741665,-0.726199507713
-0.703025400639,0.0229071378708,1.55530786514,-0.16161698103,-0.0101661989465,-0.669291377068,-0.725138485432
-0.703097045422,0.0240645594895,1.55518352985,-0.160766705871,-0.0089958710596,-0.668008565903,-0.726524412632
-0.703739404678,0.0246306918561,1.55532383919,-0.160013243556,-0.0106291249394,-0.667849838734,-0.726814568043
-0.703249335289,0.0254993587732,1.55514252186,-0.159324705601,-0.0108583737165,-0.660308897495,-0.73381882906
-0.703465461731,0.0261289998889,1.55503058434,-0.15635818243,-0.0106022488326,-0.658331274986,-0.736233532429
-0.704447746277,0.0272120162845,1.55510187149,-0.155217975378,-0.00924585107714,-0.66423201561,-0.731175541878
-0.704261064529,0.0277595873922,1.55470168591,-0.155307248235,-0.0103529607877,-0.656450390816,-0.738136351109
-0.704537391663,0.0285293590277,1.55499267578,-0.1542840451,-0.010927609168,-0.655073046684,-0.739565074444
-0.705367207527,0.0292833037674,1.55521953106,-0.154692009091,-0.012033322826,-0.653982639313,-0.740427136421
-0.705024003983,0.029982380569,1.55510866642,-0.153181418777,-0.0116792842746,-0.653675854206,-0.741017460823
-0.705299139023,0.0308003183454,1.55506837368,-0.152253821492,-0.0113720390946,-0.651809751987,-0.742855072021
-0.70544564724,0.0315159037709,1.5549942255,-0.151765629649,-0.0113370241597,-0.651280522346,-0.743419408798
-0.705662727356,0.0324919521809,1.55502212048,-0.153098642826,-0.0116503061727,-0.651176154613,-0.743232488632
-0.705795168877,0.0329467914999,1.55484259129,-0.150750845671,-0.0112665584311,-0.648590087891,-0.745974719524
-0.705872893333,0.034034576267,1.55481290817,-0.15210480988,-0.0108626689762,-0.647975027561,-0.746240317822
-0.706120073795,0.0344564951956,1.554905653,-0.152163907886,-0.0119706783444,-0.646369934082,-0.747601926327
-0.705974876881,0.0352614186704,1.55474460125,-0.15094563365,-0.0112158060074,-0.644797921181,-0.74921643734
-0.706802070141,0.0360376052558,1.55485284328,-0.151780426502,-0.0107990866527,-0.649671912193,-0.744830608368
-0.70659828186,0.0366468988359,1.55478262901,-0.151188790798,-0.0105938762426,-0.648180186749,-0.746252179146
-0.706648528576,0.0370578058064,1.55468082428,-0.151218295097,-0.0110658388585,-0.646525204182,-0.74767357111
-0.706815481186,0.0373416952789,1.55463707447,-0.151386469603,-0.0122791249305,-0.64512348175,-0.748830616474
-0.70660251379,0.0379948280752,1.55451190472,-0.15134909749,-0.0121272094548,-0.643105983734,-0.75057387352
-0.706717789173,0.0377104580402,1.55449044704,-0.149100676179,-0.0139494268224,-0.640339374542,-0.75335252285
-0.706452786922,0.0380261875689,1.55462729931,-0.14880977571,-0.0147800780833,-0.639120697975,-0.754428267479
-0.70638614893,0.0383378453553,1.55444824696,-0.149512082338,-0.0155993802473,-0.637329638004,-0.755786836147
-0.706196606159,0.0384610779583,1.5545822382,-0.149893552065,-0.0173969436437,-0.635632634163,-0.757099986076
-0.705940783024,0.0386842489243,1.55443787575,-0.150202170014,-0.0182352680713,-0.633981645107,-0.758402347565
-0.705711245537,0.0388612784445,1.55436944962,-0.151198863983,-0.019496511668,-0.632977187634,-0.759011626244
-0.705330431461,0.0390175580978,1.55422031879,-0.15167298913,-0.0203989706933,-0.630879998207,-0.760637640953
-0.703871846199,0.0393568463624,1.55375504494,-0.150637969375,-0.0204410813749,-0.623104274273,-0.767223417759
-0.703789234161,0.0391633175313,1.55374324322,-0.151481509209,-0.0224385149777,-0.622362852097,-0.767603039742
-0.703225493431,0.0392456576228,1.55355298519,-0.151215165854,-0.0228852070868,-0.620457530022,-0.769183158875
-0.702937245369,0.0391775332391,1.55339753628,-0.15227663517,-0.0243119541556,-0.619011282921,-0.770094752312
-0.702453136444,0.0391083732247,1.55347263813,-0.152913570404,-0.0260000042617,-0.618241608143,-0.770531475544
-0.702564239502,0.0395356528461,1.5532118082,-0.154823482037,-0.0230930987746,-0.624388158321,-0.765268623829
-0.701285898685,0.0388912297785,1.55334675312,-0.154240906239,-0.0288021545857,-0.61637789011,-0.771659612656
-0.700811445713,0.0386974923313,1.55302774906,-0.155045062304,-0.0299948137254,-0.615119338036,-0.77245682478
-0.700166463852,0.0387753285468,1.5528396368,-0.15843346715,-0.031987272203,-0.615298449993,-0.771546185017
-0.699537158012,0.0385612845421,1.55223107338,-0.159489020705,-0.0328942760825,-0.613813400269,-0.772472977638
-0.698842465878,0.0380345098674,1.55196404457,-0.1591078192,-0.034565705806,-0.612135529518,-0.773808717728
-0.698108434677,0.0376562699676,1.55156028271,-0.159882500768,-0.0364368446171,-0.609978377819,-0.775265336037
-0.697329103947,0.0372359156609,1.55121421814,-0.161344885826,-0.0388748496771,-0.608633756638,-0.775900483131
-0.696445047855,0.0367838852108,1.55078673363,-0.162545874715,-0.0409880578518,-0.606511354446,-0.777201890945
-0.695723295212,0.0363133959472,1.55094456673,-0.166195422411,-0.0450455136597,-0.605662167072,-0.776867568493
-0.694818675518,0.0354154147208,1.55081534386,-0.166770741343,-0.0489231869578,-0.603080451488,-0.778516590595
-0.693983316422,0.0347070172429,1.55050051212,-0.168450191617,-0.0516083948314,-0.600466668606,-0.780000567436
-0.69288277626,0.0341601632535,1.55003285408,-0.169588580728,-0.0534844398499,-0.598018348217,-0.781507015228
-0.692308187485,0.0332001447678,1.54916024208,-0.171380728483,-0.0558452643454,-0.594398736954,-0.783709228039
-0.692284703255,0.0323159210384,1.54916083813,-0.174660101533,-0.0592504777014,-0.597630441189,-0.780269920826
-0.690288007259,0.0312455724925,1.54900944233,-0.174508839846,-0.0626396983862,-0.588783383369,-0.786738216877
-0.689318537712,0.0305297933519,1.5487575531,-0.178312376142,-0.0651431381702,-0.587051153183,-0.786976516247
-0.68823993206,0.0295515470207,1.54778265953,-0.177742943168,-0.0656661838293,-0.582709908485,-0.790281355381
-0.687247157097,0.0281883887947,1.54730844498,-0.1781437397,-0.0684107095003,-0.578340172768,-0.793162941933
-0.686261236668,0.0269776619971,1.54732120037,-0.180233776569,-0.0719086751342,-0.575036227703,-0.794782042503
-0.685183048248,0.025538790971,1.54694247246,-0.181391462684,-0.0743729323149,-0.571124076843,-0.797109246254
-0.684150457382,0.0243988335133,1.54659640789,-0.184328109026,-0.0767771676183,-0.567559182644,-0.798752248287
-0.683109164238,0.0231582000852,1.54617238045,-0.187043905258,-0.0792678147554,-0.564618468285,-0.799960672855
-0.682172954082,0.0212367363274,1.54585850239,-0.186321556568,-0.082102060318,-0.55933880806,-0.803544402122
-0.681185603142,0.0196592770517,1.54558956623,-0.188481599092,-0.0848725214601,-0.555375576019,-0.805499434471
-0.680029630661,0.0183093547821,1.5449026823,-0.190255120397,-0.0858799219131,-0.551951766014,-0.807327032089
-0.67986369133,0.016524862498,1.5448038578,-0.193838715553,-0.0879610031843,-0.551372230053,-0.806646287441
-0.678531289101,0.0146667491645,1.54484844208,-0.194983109832,-0.0908939614892,-0.547900080681,-0.80840921402
-0.6778216362,0.0130803771317,1.5441480875,-0.198174193501,-0.0925273895264,-0.542622148991,-0.811003625393
-0.677017748356,0.0107052829117,1.54454195499,-0.199073120952,-0.0974097773433,-0.540520131588,-0.811615228653
-0.675657331944,0.00951817072928,1.54378664494,-0.202142700553,-0.0969255566597,-0.535807549953,-0.814035713673
-0.67437261343,0.00727408565581,1.54301309586,-0.201890811324,-0.0982328876853,-0.533601462841,-0.81538939476
-0.673742830753,0.00509100966156,1.54323506355,-0.203650042415,-0.102179333568,-0.529696404934,-0.817011475563
-0.672534644604,0.00315197836608,1.54285812378,-0.205189183354,-0.103775821626,-0.526647686958,-0.818394899368
-0.67136913538,0.00129025802016,1.54245913029,-0.207527384162,-0.105597138405,-0.523809313774,-0.819393396378
-0.670186758041,-0.00064998678863,1.54178965092,-0.209038734436,-0.106087259948,-0.520769774914,-0.820882022381
-0.669101715088,-0.00290489569306,1.54136574268,-0.209789484739,-0.108226940036,-0.517555117607,-0.8224427104
-0.667721748352,-0.00491214357316,1.54108846188,-0.212132200599,-0.110166378319,-0.514996886253,-0.823189854622
-0.666610121727,-0.00696111936122,1.5405882597,-0.213914349675,-0.111247673631,-0.512625277042,-0.824063062668
-0.665544867516,-0.00945328082889,1.54035103321,-0.214900761843,-0.114406250417,-0.5098336339,-0.825105249882
-0.664191603661,-0.0116012953222,1.5402276516,-0.21698705852,-0.116684168577,-0.5074467659,-0.82571130991
-0.662489116192,-0.013348415494,1.53963768482,-0.219842419028,-0.117220006883,-0.504735648632,-0.826541423798
-0.661451458931,-0.0157608278096,1.53920543194,-0.22085416317,-0.119357436895,-0.502385258675,-0.827397286892
-0.660610735416,-0.018175188452,1.53910589218,-0.223585247993,-0.122049421072,-0.501159608364,-0.827014267445
-0.658921003342,-0.0201516803354,1.53811991215,-0.224701717496,-0.121385775506,-0.49769833684,-0.828897535801
-0.658094406128,-0.0228176768869,1.5378831625,-0.226211369038,-0.12433398515,-0.496673196554,-0.828664779663
-0.656543731689,-0.0247722622007,1.53728294373,-0.228537932038,-0.124577313662,-0.494249939919,-0.829438328743
-0.65521645546,-0.0272305756807,1.53720498085,-0.23054035008,-0.127073854208,-0.492509275675,-0.829540967941
-0.653989315033,-0.029741063714,1.53675878048,-0.231370434165,-0.129116773605,-0.489958614111,-0.830504179001
-0.652878820896,-0.0321017168462,1.53640556335,-0.233985885978,-0.130248963833,-0.489472478628,-0.829881072044
-0.651587367058,-0.0347306057811,1.53590130806,-0.234485507011,-0.131856024265,-0.487193614244,-0.830826640129
-0.650436162949,-0.0373246148229,1.53561937809,-0.236145198345,-0.133842349052,-0.485205203295,-0.831202566624
-0.649230062962,-0.0399368740618,1.53479921818,-0.236225038767,-0.133808419108,-0.484843611717,-0.831396281719
-0.648089468479,-0.0424336791039,1.53441548347,-0.238287702203,-0.135196805,-0.482105344534,-0.832175135612
-0.646875858307,-0.0449946187437,1.53405809402,-0.239784881473,-0.136474460363,-0.479292422533,-0.833160698414
-0.645847737789,-0.0480806678534,1.53398525715,-0.239664241672,-0.139003187418,-0.478425323963,-0.833275675774
-0.644559681416,-0.0506776347756,1.53357255459,-0.241024717689,-0.13997516036,-0.475866854191,-0.834185183048
-0.643383622169,-0.0534340068698,1.533172369,-0.241086497903,-0.140931710601,-0.472930788994,-0.835674643517
-0.642312288284,-0.056301318109,1.53294944763,-0.242204874754,-0.142604202032,-0.469947844744,-0.836749613285
-0.640804171562,-0.0594870857894,1.53179383278,-0.240203335881,-0.144464194775,-0.460907757282,-0.842019319534
-0.640237808228,-0.0618981197476,1.53182554245,-0.242710530758,-0.143849521875,-0.464087605476,-0.839655637741
-0.639027357101,-0.064789660275,1.53178143501,-0.244142651558,-0.145642101765,-0.461563885212,-0.840322315693
-0.638088107109,-0.0679062157869,1.53149724007,-0.24426600337,-0.147151470184,-0.458479493856,-0.841710746288
-0.637070953846,-0.0708817243576,1.53121030331,-0.244878694415,-0.148212537169,-0.455155700445,-0.84314930439
-0.635979235172,-0.073815099895,1.53081130981,-0.245200753212,-0.148796990514,-0.452798783779,-0.844221115112
-0.634925663471,-0.0767724439502,1.53042817116,-0.245504170656,-0.149934232235,-0.449619501829,-0.845629811287
-0.634088635445,-0.0796439349651,1.52990365028,-0.246660411358,-0.150386035442,-0.447524189949,-0.846324324608
-0.632561802864,-0.0831047296524,1.52928495407,-0.244906112552,-0.153536051512,-0.439347743988,-0.850541770458
-0.631959319115,-0.0855560079217,1.52951836586,-0.248692587018,-0.152924016118,-0.442971676588,-0.84766882658
-0.630844175816,-0.0883426293731,1.52907109261,-0.249420776963,-0.153105169535,-0.441039592028,-0.848429381847
-0.630087971687,-0.0913566201925,1.52892494202,-0.251157313585,-0.154817387462,-0.439434528351,-0.848439097404
-0.62927877903,-0.0943926200271,1.52868938446,-0.252215862274,-0.156376883388,-0.437616884708,-0.848778545856
-0.628172159195,-0.0971507132053,1.52780258656,-0.252289026976,-0.15545541048,-0.435960918665,-0.849777579308
-0.627240478992,-0.100059166551,1.52737903595,-0.253016322851,-0.156185492873,-0.435014307499,-0.849912583828
-0.626304447651,-0.102959387004,1.52711486816,-0.254043579102,-0.157232552767,-0.434036642313,-0.84991300106
-0.625317692757,-0.105821065605,1.52695631981,-0.255400061607,-0.158491238952,-0.433572947979,-0.849509239197
-0.623872756958,-0.108810454607,1.52637672424,-0.254378885031,-0.159578844905,-0.430449277163,-0.851198852062
-0.623640239239,-0.111555024981,1.52638494968,-0.25789603591,-0.160197094083,-0.43310841918,-0.848671734333
-0.622726678848,-0.11437574029,1.52589797974,-0.25835287571,-0.160448148847,-0.43295609951,-0.848563015461
-0.622078418732,-0.117153085768,1.52529597282,-0.259219646454,-0.160646781325,-0.432800292969,-0.848340570927
-0.621121287346,-0.119884029031,1.52493238449,-0.260235667229,-0.1609852314,-0.433089792728,-0.847817480564
-0.620528101921,-0.122692644596,1.52456557751,-0.26144772768,-0.161799520254,-0.433117449284,-0.847275257111
-0.619718313217,-0.125578805804,1.52483689785,-0.26371717453,-0.163938552141,-0.434219509363,-0.845595002174
-0.618847429752,-0.128447145224,1.52447736263,-0.264321923256,-0.164982542396,-0.434296965599,-0.845163285732
-0.61813467741,-0.131170079112,1.52420449257,-0.265606462955,-0.165743485093,-0.435075521469,-0.844210624695
-0.617312073708,-0.133929163218,1.52390301228,-0.266529619694,-0.166441723704,-0.435714870691,-0.843452334404
-0.616104125977,-0.136367216706,1.52333176136,-0.26699385047,-0.165589913726,-0.436502993107,-0.843065500259
-0.615645289421,-0.139320388436,1.5232115984,-0.268172025681,-0.16733340919,-0.437181442976,-0.841995120049
-0.614530801773,-0.141788184643,1.52251660824,-0.268106222153,-0.166737675667,-0.437466293573,-0.841986238956
-0.614166975021,-0.144654199481,1.52236938477,-0.269501894712,-0.168105348945,-0.438555389643,-0.840701282024
-0.612883687019,-0.147091135383,1.52194726467,-0.269638955593,-0.167733386159,-0.439084738493,-0.840455234051
-0.612233161926,-0.149972707033,1.52186131477,-0.270818710327,-0.169649392366,-0.440379351377,-0.839012742043
-0.611285328865,-0.152420729399,1.52130067348,-0.271369993687,-0.169555619359,-0.440708041191,-0.838680922985
-0.610414683819,-0.155024006963,1.52091526985,-0.271708637476,-0.170141071081,-0.441719383001,-0.837920308113
-0.609851241112,-0.157579660416,1.52070379257,-0.274133890867,-0.171414941549,-0.442082375288,-0.83667832613
-0.608769357204,-0.160098657012,1.52009940147,-0.273550897837,-0.171538099647,-0.442741543055,-0.836495399475
-0.607908129692,-0.162819713354,1.51968407631,-0.273000091314,-0.172647282481,-0.443848133087,-0.835860490799
-0.607477545738,-0.165454417467,1.51957130432,-0.274950265884,-0.174694597721,-0.444034487009,-0.834696114063
-0.606260895729,-0.167826473713,1.51889145374,-0.274267524481,-0.174944385886,-0.443902134895,-0.834938764572
-0.605352520943,-0.170488506556,1.51826632023,-0.272493749857,-0.175683066249,-0.444776892662,-0.834898889065
-0.604512393475,-0.173052921891,1.5176500082,-0.271339952946,-0.176884606481,-0.444833874702,-0.834990680218
-0.602981984615,-0.175539106131,1.51674902439,-0.268762558699,-0.177829295397,-0.441517144442,-0.837380468845
-0.602803111076,-0.178053572774,1.51665818691,-0.270305454731,-0.18024533987,-0.444270014763,-0.834907770157
-0.602151691914,-0.180555984378,1.51589822769,-0.269666165113,-0.181536629796,-0.443562030792,-0.835210978985
-0.601313233376,-0.182997316122,1.51555657387,-0.269480317831,-0.18402813375,-0.44341814518,-0.834802031517
-0.600647985935,-0.185614109039,1.5153220892,-0.270096600056,-0.187056660652,-0.443552494049,-0.833857893944
-0.599954128265,-0.188117593527,1.51475358009,-0.269278138876,-0.189192041755,-0.443508446217,-0.833664178848
-0.599030077457,-0.190373584628,1.51431179047,-0.270124137402,-0.191015735269,-0.444093048573,-0.832662820816
-0.597205400467,-0.192554831505,1.51306056976,-0.267519533634,-0.190929591656,-0.441380560398,-0.834962487221
-0.597321093082,-0.194954633713,1.51299870014,-0.270282328129,-0.193956926465,-0.444663435221,-0.831626534462
-0.59656226635,-0.197205781937,1.51244115829,-0.27099442482,-0.195306435227,-0.445206969976,-0.830787599087
-0.595862984657,-0.199457257986,1.51160359383,-0.270716845989,-0.196563899517,-0.445243537426,-0.830562055111
-0.594472110271,-0.201606675982,1.51067185402,-0.269257158041,-0.196242108941,-0.443745195866,-0.831913292408
-0.593770086765,-0.203824475408,1.51048207283,-0.2708081007,-0.198319643736,-0.445143043995,-0.830168604851
-0.593266367912,-0.20585885644,1.50969672203,-0.271254360676,-0.19862177968,-0.445821732283,-0.829586267471
-0.592494785786,-0.208033889532,1.50944936275,-0.272577255964,-0.200300231576,-0.447371155024,-0.827913343906
-0.592111468315,-0.210091158748,1.50894391537,-0.273090541363,-0.201323583722,-0.448488354683,-0.826890945435
-0.591533362865,-0.212167784572,1.50852525234,-0.273982316256,-0.202648207545,-0.449823588133,-0.825545966625
-0.590977609158,-0.214246660471,1.50826609135,-0.275314807892,-0.204266577959,-0.451076030731,-0.824019014835
-0.590436518192,-0.216054111719,1.50743031502,-0.275488942862,-0.204061180353,-0.452238231897,-0.823374390602
-0.589923977852,-0.217965781689,1.50690042973,-0.276167690754,-0.204949900508,-0.453618615866,-0.822166085243
-0.58927077055,-0.219958469272,1.50677490234,-0.277385234833,-0.206781715155,-0.455195575953,-0.8204241395
-0.589173436165,-0.221788793802,1.50621259212,-0.278499931097,-0.20732203126,-0.456677019596,-0.819085776806
-0.588595688343,-0.223523542285,1.50557041168,-0.278761982918,-0.207711398602,-0.45808956027,-0.818108558655
-0.58925807476,-0.226248696446,1.50607633591,-0.28068447113,-0.221818804741,-0.460422545671,-0.812418401241
-0.589139938354,-0.227847903967,1.50549280643,-0.281491905451,-0.22168405354,-0.46292039752,-0.810754656792
-0.588737845421,-0.229491382837,1.50499773026,-0.282095074654,-0.221899583936,-0.465484082699,-0.809016406536
-0.589146494865,-0.231395408511,1.50535321236,-0.284103631973,-0.227851480246,-0.472775578499,-0.802403986454
-0.587553739548,-0.23246794939,1.50429177284,-0.284900397062,-0.218350619078,-0.469645053148,-0.806590676308
-0.587476491928,-0.234572291374,1.50377655029,-0.283585637808,-0.217028215528,-0.474391102791,-0.804631054401
-0.58713722229,-0.236204013228,1.50345528126,-0.284400045872,-0.217800095677,-0.477021962404,-0.802576959133
-0.585998177528,-0.237517490983,1.50263595581,-0.283267199993,-0.216455638409,-0.476642906666,-0.803565919399
-0.586521863937,-0.239188864827,1.50267767906,-0.286109507084,-0.219346269965,-0.483215034008,-0.797829508781
-0.585998177528,-0.240692585707,1.50238358974,-0.286496192217,-0.220529213548,-0.486788511276,-0.79518789053
-0.585658431053,-0.242096915841,1.50195264816,-0.287582337856,-0.221333801746,-0.490514159203,-0.79227745533
-0.585158228874,-0.24262329936,1.50132060051,-0.291190207005,-0.220855355263,-0.49191018939,-0.790225028992
-0.584809720516,-0.243968948722,1.50086438656,-0.292366057634,-0.221416056156,-0.496403425932,-0.786816835403
-0.584708452225,-0.245537400246,1.50054168701,-0.293148577213,-0.2229180336,-0.500289678574,-0.783633649349
-0.583269894123,-0.246557444334,1.49974441528,-0.293355733156,-0.220990106463,-0.50150513649,-0.783325254917
-0.583045005798,-0.24799066782,1.49919342995,-0.293861359358,-0.221494972706,-0.50497931242,-0.780756890774
-0.582701027393,-0.249275505543,1.49880862236,-0.295457005501,-0.222165361047,-0.508374929428,-0.777754962444
-0.582412362099,-0.250363469124,1.49810862541,-0.296837508678,-0.221807286143,-0.5119972229,-0.77495020628
-0.582076072693,-0.251634955406,1.49757158756,-0.297322422266,-0.222135737538,-0.514978706837,-0.772691369057
-0.581749379635,-0.252979874611,1.49713003635,-0.298203408718,-0.223312854767,-0.517505586147,-0.770320832729
-0.581603169441,-0.253993093967,1.49655067921,-0.297800689936,-0.223570108414,-0.522631943226,-0.766933560371
-0.581325232983,-0.255590468645,1.49631881714,-0.2998919487,-0.225603118539,-0.521862745285,-0.766046524048
-0.580992996693,-0.256650090218,1.49587857723,-0.299371361732,-0.226296320558,-0.526642799377,-0.76276743412
-0.580888152122,-0.25842410326,1.4957909584,-0.301269769669,-0.229002103209,-0.525330960751,-0.762116789818
-0.580468297005,-0.259384393692,1.49536955357,-0.301212280989,-0.229350700974,-0.530065357685,-0.758749008179
-0.58041113615,-0.260917127132,1.49507963657,-0.303496152163,-0.230638459325,-0.528738617897,-0.758374214172
-0.580145120621,-0.26198810339,1.49481201172,-0.303009212017,-0.231079399586,-0.532625675201,-0.755710065365
-0.580009281635,-0.263330757618,1.49456465244,-0.303741306067,-0.231788650155,-0.533782124519,-0.754381835461
-0.579987585545,-0.264748841524,1.49442195892,-0.306444108486,-0.23252761364,-0.531676948071,-0.754547894001
-0.579683840275,-0.265856832266,1.49410831928,-0.305548757315,-0.232378557324,-0.535604000092,-0.752175748348
-0.579532265663,-0.267124682665,1.49394822121,-0.306039333344,-0.232492223382,-0.536160826683,-0.751544296741
-0.57952940464,-0.268860340118,1.49378561974,-0.30608189106,-0.233197003603,-0.537785947323,-0.75014603138
-0.579294800758,-0.269694387913,1.49370825291,-0.30722078681,-0.232618734241,-0.537763476372,-0.749876201153
-0.579337477684,-0.27104306221,1.49353313446,-0.307458132505,-0.232800453901,-0.538270413876,-0.749358713627
-0.57911580801,-0.272110015154,1.49331605434,-0.308809399605,-0.231907382607,-0.539257228374,-0.748369932175
-0.579011797905,-0.273320138454,1.49319577217,-0.309572577477,-0.231516584754,-0.54036206007,-0.747377991676
-0.579116821289,-0.274276673794,1.49341678619,-0.311706870794,-0.231856271625,-0.540023744106,-0.74662977457
-0.578907966614,-0.275588750839,1.49305593967,-0.311627328396,-0.231213003397,-0.541172266006,-0.746030569077
-0.578802525997,-0.276752203703,1.49294793606,-0.3126539886,-0.230862855911,-0.54154753685,-0.745436787605
-0.578681409359,-0.27791261673,1.49279856682,-0.313539922237,-0.230435743928,-0.542380571365,-0.744590699673
-0.578581035137,-0.279095351696,1.49264240265,-0.314307451248,-0.230300650001,-0.542475581169,-0.744239628315
-0.578607678413,-0.280259668827,1.49263203144,-0.315647989511,-0.230448827147,-0.542672336102,-0.743482589722
-0.578639745712,-0.281307905912,1.4923030138,-0.315864264965,-0.229781195521,-0.542629480362,-0.743628621101
-0.578395009041,-0.282506972551,1.49231731892,-0.316663742065,-0.23027408123,-0.542781591415,-0.743024885654
-0.578386366367,-0.283730298281,1.49232244492,-0.317747324705,-0.230969369411,-0.542696833611,-0.742408216
-0.578317761421,-0.284814447165,1.4922170639,-0.318807154894,-0.231047749519,-0.542643845081,-0.741968095303
-0.578243017197,-0.285822182894,1.49202775955,-0.319412738085,-0.230880662799,-0.542734265327,-0.741693496704
-0.578336119652,-0.287032544613,1.49186050892,-0.319587886333,-0.231144502759,-0.542294800282,-0.741857290268
-0.578209221363,-0.287906199694,1.49177908897,-0.321124017239,-0.230901524425,-0.542847275734,-0.740864813328
-0.578250825405,-0.288998186588,1.49171149731,-0.322015851736,-0.231161788106,-0.542727410793,-0.740484297276
-0.578143358231,-0.290035814047,1.49159479141,-0.322716772556,-0.231155753136,-0.54292345047,-0.74003726244
-0.57815527916,-0.290947794914,1.49150705338,-0.323903203011,-0.231229826808,-0.542684197426,-0.739671051502
-0.578257322311,-0.292005717754,1.49141871929,-0.32492646575,-0.231530338526,-0.542337357998,-0.739382624626
-0.578309595585,-0.292976170778,1.49129629135,-0.325611561537,-0.231703415513,-0.542012155056,-0.739265441895
-0.578351914883,-0.294010132551,1.49114894867,-0.327526301146,-0.231514245272,-0.539087057114,-0.740616500378
-0.578428924084,-0.294975757599,1.49106287956,-0.326326847076,-0.232068583369,-0.540813624859,-0.739713132381
-0.578575670719,-0.295910924673,1.4910248518,-0.327439725399,-0.232408329844,-0.540371656418,-0.739437699318
-0.578510284424,-0.29689142108,1.49075365067,-0.327117353678,-0.232048630714,-0.540536940098,-0.739572525024
-0.578722178936,-0.297690570354,1.49090945721,-0.330605208874,-0.232494801283,-0.537492871284,-0.740099906921
-0.578509271145,-0.298412322998,1.49048733711,-0.328604787588,-0.231495574117,-0.540661633015,-0.738995075226
-0.578801691532,-0.299448668957,1.49059450626,-0.331175416708,-0.232313081622,-0.537292897701,-0.740047216415
-0.578938663006,-0.300120949745,1.49054253101,-0.330360293388,-0.232567623258,-0.5391086936,-0.739010214806
-0.578872382641,-0.301014006138,1.4902381897,-0.332067072392,-0.231737673283,-0.536999821663,-0.740040779114
-0.578865289688,-0.3016230762,1.4902228117,-0.331382572651,-0.23195207119,-0.539389908314,-0.738540709019
-0.578870594501,-0.302233338356,1.49021792412,-0.33217382431,-0.231887727976,-0.539060473442,-0.738445997238
-0.578979969025,-0.303209364414,1.49012589455,-0.333906501532,-0.231884419918,-0.53611022234,-0.739812016487
-0.578913927078,-0.303804785013,1.48998844624,-0.332639276981,-0.231929704547,-0.538678646088,-0.73850184679
-0.578979492188,-0.304616481066,1.48989224434,-0.332694172859,-0.232119768858,-0.538738667965,-0.738373637199
-0.579147577286,-0.305514216423,1.48994994164,-0.334865897894,-0.232551813126,-0.535807490349,-0.739388108253
-0.579184889793,-0.306297153234,1.48980712891,-0.335318893194,-0.232482433319,-0.535904109478,-0.739134609699
-0.579210758209,-0.306957870722,1.4894015789,-0.335061252117,-0.23150767386,-0.535987794399,-0.739496529102
-0.579017460346,-0.307842880487,1.48943865299,-0.335768967867,-0.232086911798,-0.536281228065,-0.738780856133
-0.57903110981,-0.308400511742,1.4890062809,-0.333737105131,-0.230939000845,-0.53872525692,-0.73828291893
-0.578858137131,-0.309539735317,1.48902630806,-0.335681796074,-0.231513872743,-0.536529004574,-0.738820433617
-0.578426480293,-0.309876948595,1.48867332935,-0.334811776876,-0.230226710439,-0.540085494518,-0.737024009228
-0.578401327133,-0.310997515917,1.48852419853,-0.336536258459,-0.230832189322,-0.537685155869,-0.737803757191
-0.578345477581,-0.311685085297,1.48788285255,-0.336618870497,-0.229650557041,-0.537554502487,-0.738229930401
-0.5781057477,-0.312659412622,1.48738574982,-0.333382248878,-0.230004817247,-0.540189146996,-0.737665057182
-0.577635467052,-0.313443273306,1.4872199297,-0.337403744459,-0.230224385858,-0.538534462452,-0.736977636814
-0.577593266964,-0.314575821161,1.48690593243,-0.337700515985,-0.23158544302,-0.537904024124,-0.736875712872
-0.577332079411,-0.315347194672,1.48644793034,-0.336740165949,-0.232208415866,-0.540708601475,-0.735064387321
-0.577280938625,-0.316603690386,1.48610687256,-0.338805258274,-0.233551427722,-0.537156641483,-0.736293077469
-0.576802551746,-0.317237198353,1.48554861546,-0.339143335819,-0.233539313078,-0.540397763252,-0.733765244484
-0.576499223709,-0.317935913801,1.48483085632,-0.339913934469,-0.233365759254,-0.540461599827,-0.733416795731
-0.57641273737,-0.31935557723,1.48481321335,-0.340286195278,-0.235861748457,-0.539373099804,-0.733247041702
-0.576127171516,-0.319841474295,1.48400175571,-0.342607319355,-0.234239086509,-0.539848387241,-0.732336044312
-0.576224446297,-0.321037501097,1.483710289,-0.343694299459,-0.235592588782,-0.538682699203,-0.732250809669
-0.576096475124,-0.322015851736,1.48339724541,-0.345272153616,-0.236225455999,-0.538088142872,-0.731741547585
-0.575809776783,-0.322744011879,1.48294746876,-0.346482932568,-0.235647812486,-0.538211464882,-0.731264770031
-0.575661838055,-0.323730558157,1.4825745821,-0.347568482161,-0.235506087542,-0.537569105625,-0.731267631054
-0.57575917244,-0.325001478195,1.48253309727,-0.35037907958,-0.236349180341,-0.533899307251,-0.73234218359
-0.575488090515,-0.325908660889,1.48211526871,-0.349124312401,-0.235882267356,-0.536496460438,-0.731193244457
-0.575379192829,-0.326991200447,1.48208189011,-0.350134670734,-0.236327409744,-0.535727143288,-0.731130361557
-0.575472891331,-0.328089654446,1.48198223114,-0.352629005909,-0.235901713371,-0.531972467899,-0.732808589935
-0.575736939907,-0.329175293446,1.48155069351,-0.351355880499,-0.235046386719,-0.534282147884,-0.732014238834
-0.575775027275,-0.329668700695,1.48160457611,-0.352783828974,-0.234100282192,-0.532460749149,-0.732957184315
-0.575781643391,-0.330543011427,1.48147141933,-0.353301256895,-0.233213856816,-0.531743168831,-0.733511328697
-0.575829327106,-0.331545501947,1.48144626617,-0.353747427464,-0.232247143984,-0.530823588371,-0.7342684865
-0.576046347618,-0.332843691111,1.48136913776,-0.353956520557,-0.231860160828,-0.530707895756,-0.734373807907
-0.576172709465,-0.333404779434,1.48138916492,-0.356016099453,-0.230368897319,-0.526271343231,-0.737035512924
-0.576383471489,-0.334163576365,1.48130178452,-0.356465101242,-0.229040369391,-0.525245964527,-0.737963318825
-0.576594948769,-0.334897875786,1.48144173622,-0.357301384211,-0.228049904108,-0.524277567863,-0.738554239273
-0.576817214489,-0.336137384176,1.48126041889,-0.357064664364,-0.22736106813,-0.524007201195,-0.739072561264
-0.577021598816,-0.336884915829,1.48134183884,-0.35776668787,-0.226495608687,-0.523057878017,-0.739671051502
-0.577189981937,-0.33753696084,1.481320858,-0.358131796122,-0.225275158882,-0.52191311121,-0.740675032139
-0.577438652515,-0.338269203901,1.48141980171,-0.358853936195,-0.224891543388,-0.520726382732,-0.741277039051
-0.577719926834,-0.338866621256,1.48146831989,-0.359311431646,-0.224046304822,-0.519699752331,-0.74203145504
-0.57805198431,-0.339458972216,1.48143911362,-0.35972943902,-0.222947716713,-0.518514454365,-0.742988407612
-0.578457951546,-0.340076208115,1.48168110847,-0.360788047314,-0.222823292017,-0.517190873623,-0.743434965611
-0.578736662865,-0.340610742569,1.48171794415,-0.361075282097,-0.222219347954,-0.515883505344,-0.744383871555
-0.579042077065,-0.341214954853,1.48212313652,-0.361906319857,-0.222202390432,-0.514590978622,-0.744879961014
-0.579533278942,-0.341663777828,1.48248660564,-0.363005101681,-0.221921101213,-0.512976229191,-0.745542526245
-0.579928457737,-0.342038422823,1.482604146,-0.363521575928,-0.221025303006,-0.511329650879,-0.746687352657
-0.580475926399,-0.34227386117,1.48279380798,-0.364174425602,-0.219787359238,-0.509601473808,-0.747914910316
-0.580957829952,-0.34248816967,1.48317945004,-0.364828288555,-0.218806818128,-0.508141040802,-0.748876869678
-0.581450581551,-0.342736214399,1.48367118835,-0.365099310875,-0.218337461352,-0.506393492222,-0.750064492226
-0.582001566887,-0.342932462692,1.48414874077,-0.365209341049,-0.217621892691,-0.504902422428,-0.751223325729
-0.582461059093,-0.343054205179,1.48472845554,-0.365258455276,-0.216808348894,-0.503698289394,-0.752242445946
-0.583415150642,-0.342893004417,1.48536264896,-0.365569859743,-0.216033384204,-0.501687288284,-0.753656387329
-0.583891272545,-0.343095719814,1.48615336418,-0.365346670151,-0.215627580881,-0.501223623753,-0.754189252853
-0.584257602692,-0.342918395996,1.48658275604,-0.363998055458,-0.214365884662,-0.500380754471,-0.755759119987
-0.584812164307,-0.342770189047,1.48729610443,-0.363508403301,-0.21338570118,-0.499529868364,-0.75683426857
-0.585663020611,-0.342594027519,1.48795592785,-0.362663537264,-0.212528914213,-0.49889588356,-0.757898271084
-0.586268484592,-0.342307090759,1.48858463764,-0.361881911755,-0.211349442601,-0.498401522636,-0.758926153183
-0.586785674095,-0.341752558947,1.48880672455,-0.360236316919,-0.209063664079,-0.497848451138,-0.760703027248
-0.587437391281,-0.34136480093,1.48943543434,-0.359357893467,-0.20806799829,-0.497552096844,-0.761584997177
-0.587873578072,-0.340448498726,1.49009156227,-0.35892495513,-0.206168428063,-0.497142761946,-0.762572288513
-0.58855676651,-0.340457171202,1.49058949947,-0.357325494289,-0.205864131451,-0.497628778219,-0.763088524342
-0.589208424091,-0.339928299189,1.49115848541,-0.356648445129,-0.204939514399,-0.497554063797,-0.763702511787
-0.589828431606,-0.339434891939,1.49166357517,-0.355548232794,-0.204233065248,-0.497587651014,-0.764382660389
-0.590361356735,-0.338868439198,1.49211907387,-0.354488760233,-0.20302978158,-0.497770160437,-0.765076160431
-0.590864539146,-0.338449895382,1.49294149876,-0.354125648737,-0.203360676765,-0.49802967906,-0.764987528324
-0.591310441494,-0.337941557169,1.49335622787,-0.352757245302,-0.202906876802,-0.497954368591,-0.765788793564
-0.592049717903,-0.337166160345,1.49336111546,-0.351087927818,-0.200842425227,-0.497642725706,-0.767301261425
-0.592558681965,-0.336645841599,1.49408471584,-0.350921630859,-0.201016008854,-0.497541308403,-0.767397642136
-0.593022763729,-0.336058974266,1.49441921711,-0.349446564913,-0.200337275863,-0.497632175684,-0.768189013004
-0.593683242798,-0.335370540619,1.49469351768,-0.348544836044,-0.19943484664,-0.497471302748,-0.768937349319
-0.594309747219,-0.334328174591,1.4953981638,-0.348982661963,-0.199040964246,-0.496828943491,-0.769256055355
-0.594808459282,-0.33410692215,1.49547481537,-0.346940010786,-0.198612287641,-0.497597843409,-0.769793629646
-0.595344483852,-0.333432406187,1.49584531784,-0.34636464715,-0.198164656758,-0.497696995735,-0.770103871822
-0.59585249424,-0.332678049803,1.49620831013,-0.345842480659,-0.197536677122,-0.498052150011,-0.770270228386
-0.596347868443,-0.332045197487,1.4966660738,-0.345394819975,-0.197443455458,-0.498243510723,-0.770371317863
-0.59664785862,-0.331513732672,1.49721348286,-0.344619363546,-0.197957530618,-0.498694270849,-0.770294845104
-0.597208797932,-0.330722212791,1.49755847454,-0.344419836998,-0.197722673416,-0.498793005943,-0.770380556583
-0.597883820534,-0.329936683178,1.49785375595,-0.344271659851,-0.197332799435,-0.498917102814,-0.770466446877
-0.598443925381,-0.329177886248,1.49820530415,-0.343810588121,-0.197290226817,-0.499262541533,-0.770459473133
-0.599057078362,-0.328423947096,1.49872148037,-0.343941897154,-0.197820574045,-0.499192595482,-0.770310163498
-0.599495351315,-0.327712237835,1.49913764,-0.343669503927,-0.198333188891,-0.499584168196,-0.770046055317
-0.600068569183,-0.32691937685,1.4995855093,-0.343680918217,-0.198476418853,-0.500303328037,-0.769536972046
-0.600403010845,-0.326101779938,1.50013828278,-0.343745619059,-0.198611170053,-0.500804126263,-0.769147455692
-0.601154029369,-0.325093328953,1.50037956238,-0.343341559172,-0.197912409902,-0.500984251499,-0.769390642643
-0.601766049862,-0.324241101742,1.50086224079,-0.342983394861,-0.197900012136,-0.501653909683,-0.769117355347
-0.602238178253,-0.323301404715,1.50140142441,-0.342516303062,-0.197359830141,-0.502592325211,-0.768851459026
-0.602619886398,-0.322408288717,1.50207853317,-0.341800332069,-0.197541534901,-0.503413558006,-0.768586158752
-0.603341639042,-0.321452409029,1.50278365612,-0.341360777617,-0.197666764259,-0.50378549099,-0.768505573273
-0.60398542881,-0.320255428553,1.50293600559,-0.339801609516,-0.195798590779,-0.504577577114,-0.769154965878
-0.604319214821,-0.318866789341,1.50383591652,-0.338985085487,-0.195457652211,-0.504825592041,-0.769439101219
-0.604837954044,-0.317767620087,1.50451886654,-0.337790876627,-0.194959759712,-0.505815267563,-0.769440710545
-0.605191230774,-0.316719412804,1.50527596474,-0.336598932743,-0.194553747773,-0.507041394711,-0.769258737564
-0.605811834335,-0.315490096807,1.50562167168,-0.334411233664,-0.192666709423,-0.508067250252,-0.770010709763
-0.6065325737,-0.314179480076,1.50607216358,-0.333008915186,-0.191136777401,-0.508732140064,-0.770560503006
-0.606926560402,-0.313050180674,1.50707221031,-0.332132130861,-0.191281855106,-0.509828090668,-0.770178496838
-0.607733011246,-0.311811745167,1.50761818886,-0.330846488476,-0.189990952611,-0.510887026787,-0.770349621773
-0.60812163353,-0.310602337122,1.50808346272,-0.328785687685,-0.188460573554,-0.512331068516,-0.77064871788
-0.60841947794,-0.309507012367,1.50887584686,-0.327247023582,-0.187916055322,-0.51408714056,-0.770267188549
-0.608661293983,-0.308285415173,1.50947225094,-0.325873821974,-0.186835691333,-0.51572740078,-0.770015597343
-0.609253585339,-0.307009130716,1.5098824501,-0.324191659689,-0.185419395566,-0.517175376415,-0.77009677887
-0.609566628933,-0.305624842644,1.51027822495,-0.320885449648,-0.184322983027,-0.521421790123,-0.768880426884
-0.61006706953,-0.30454108119,1.51094341278,-0.321442127228,-0.183560103178,-0.520274400711,-0.769607245922
-0.610173583031,-0.303332448006,1.51165449619,-0.318491011858,-0.183486238122,-0.524728000164,-0.767826080322
-0.610702097416,-0.302182763815,1.51207578182,-0.31887075305,-0.182188987732,-0.523556351662,-0.768776595592
-0.611363589764,-0.300811767578,1.51220750809,-0.317458063364,-0.180348619819,-0.524645924568,-0.769052326679
-0.611633658409,-0.29944601655,1.51264381409,-0.314415514469,-0.179547011852,-0.528896570206,-0.767576873302
-0.611900091171,-0.29838052392,1.51310348511,-0.314182788134,-0.178494557738,-0.528162240982,-0.768422842026
-0.612127423286,-0.297012388706,1.51382708549,-0.311878532171,-0.178257375956,-0.532666444778,-0.76630449295
-0.612595975399,-0.295795440674,1.51443326473,-0.311200886965,-0.178041875362,-0.534283876419,-0.765503764153
-0.613175868988,-0.294405221939,1.51455450058,-0.309672176838,-0.176315709949,-0.535477280617,-0.765689253807
-0.61356562376,-0.293141901493,1.51506817341,-0.3086335361,-0.175652250648,-0.53729313612,-0.764988780022
-0.613808274269,-0.292044848204,1.51557350159,-0.308747857809,-0.174384817481,-0.537189126015,-0.765305519104
-0.614160001278,-0.290564596653,1.51579213142,-0.305738419294,-0.173150882125,-0.541386246681,-0.763834953308
-0.614644885063,-0.289545506239,1.51656162739,-0.305156886578,-0.173625290394,-0.543734431267,-0.762290179729
-0.61525285244,-0.28823825717,1.51680386066,-0.305988252163,-0.171601638198,-0.543340981007,-0.762695729733
-0.615183055401,-0.286565065384,1.51719164848,-0.303200095892,-0.170150592923,-0.548264920712,-0.760607779026
-0.615686774254,-0.28547385335,1.51772546768,-0.302526980639,-0.170068472624,-0.551250755787,-0.758733689785
-0.616123139858,-0.284119516611,1.51811313629,-0.301737636328,-0.169235855341,-0.553922116756,-0.757287204266
-0.616563379765,-0.282883256674,1.51862537861,-0.300668925047,-0.168541774154,-0.556108355522,-0.756264090538
-0.616934835911,-0.281214684248,1.51887965202,-0.300909042358,-0.166840448976,-0.559208333492,-0.754257261753
-0.617364168167,-0.279767483473,1.51921510696,-0.300083041191,-0.16593746841,-0.561800181866,-0.752858281136
-0.617700815201,-0.27856105566,1.51982343197,-0.298670202494,-0.165791198611,-0.564477145672,-0.751448512077
-0.61794424057,-0.276842474937,1.52032542229,-0.298834085464,-0.164479762316,-0.567567229271,-0.749341070652
-0.618290185928,-0.275430589914,1.52086007595,-0.297625601292,-0.16410690546,-0.570093512535,-0.747984886169
-0.618804872036,-0.274125128984,1.52129101753,-0.29561984539,-0.163798555732,-0.571787416935,-0.747554838657
-0.619113564491,-0.272416174412,1.52170813084,-0.295211523771,-0.162646651268,-0.5743060112,-0.746035456657
-0.619534313679,-0.270801693201,1.52226150036,-0.29418310523,-0.16189751029,-0.576466619968,-0.744937419891
-0.619958221912,-0.269288957119,1.52252173424,-0.292259007692,-0.160750061274,-0.578810930252,-0.744125068188
-0.620319247246,-0.267727196217,1.52288043499,-0.290506243706,-0.159729287028,-0.581038057804,-0.743295013905
-0.620737612247,-0.266250014305,1.523468256,-0.288983315229,-0.159443482757,-0.583433330059,-0.742072701454
-0.621131777763,-0.264611721039,1.52397060394,-0.287394672632,-0.158289015293,-0.585908412933,-0.740985989571
-0.621589481831,-0.263091981411,1.52482438087,-0.286178380251,-0.158758699894,-0.588262319565,-0.739489674568
-0.622029423714,-0.261491119862,1.52532601357,-0.284511685371,-0.157792374492,-0.590712547302,-0.738385617733
-0.622221767902,-0.259635537863,1.52563166618,-0.281934857368,-0.155642479658,-0.592724919319,-0.738217651844
-0.622881054878,-0.258252829313,1.52602410316,-0.279961764812,-0.154547631741,-0.595021545887,-0.737350583076
-0.623546302319,-0.256767064333,1.52655160427,-0.277322977781,-0.153828799725,-0.596113264561,-0.737616121769
-0.623837172985,-0.255046576262,1.52701973915,-0.275609612465,-0.152221366763,-0.599078893661,-0.736187815666
-0.62433975935,-0.253346443176,1.52753138542,-0.273749172688,-0.150737985969,-0.601069509983,-0.735564470291
-0.62500411272,-0.251835078001,1.52790892124,-0.271017640829,-0.149403899908,-0.6018024683,-0.736248373985
-0.62528771162,-0.250050723553,1.52861082554,-0.26999053359,-0.148333311081,-0.604583799839,-0.734561622143
-0.626968502998,-0.249002873898,1.52938807011,-0.268067032099,-0.148154765368,-0.609940946102,-0.730864048004
-0.627627551556,-0.247124448419,1.52980196476,-0.26734316349,-0.146304234862,-0.612169027328,-0.729638159275
-0.628050029278,-0.245153158903,1.53026390076,-0.266606628895,-0.144289135933,-0.6145581007,-0.728299379349
-0.628688871861,-0.243622660637,1.5306378603,-0.263815432787,-0.142879337072,-0.616190195084,-0.728214740753
-0.629291594028,-0.241866752505,1.53116440773,-0.262321203947,-0.141456872225,-0.618109166622,-0.727405309677
-0.629765450954,-0.239744946361,1.53118610382,-0.261226117611,-0.138012573123,-0.619828283787,-0.726998209953
-0.630444705486,-0.23822876811,1.53184390068,-0.258477002382,-0.137584149837,-0.620786190033,-0.727244615555
-0.631059169769,-0.236598849297,1.53259062767,-0.256638109684,-0.13716724515,-0.623052179813,-0.726035892963
-0.631713688374,-0.234285473824,1.53312587738,-0.257010400295,-0.135038346052,-0.624676585197,-0.72490644455
-0.632420897484,-0.233074709773,1.53358578682,-0.253734499216,-0.136295825243,-0.6237449646,-0.7266253829
-0.63306671381,-0.231214374304,1.53419911861,-0.252194702625,-0.133755519986,-0.625572443008,-0.726062297821
-0.633671402931,-0.229172289371,1.53473782539,-0.251538783312,-0.131757214665,-0.627926826477,-0.724621474743
-0.634484946728,-0.227736830711,1.5351279974,-0.247989758849,-0.133337900043,-0.627073466778,-0.726292788982
-0.635073304176,-0.22584195435,1.53566396236,-0.246108844876,-0.131913006306,-0.627853155136,-0.726519048214
-0.635860919952,-0.223879665136,1.53621721268,-0.244740307331,-0.129611894488,-0.629383325577,-0.726071476936
-0.636580646038,-0.221896648407,1.53663599491,-0.242872133851,-0.127833276987,-0.630469083786,-0.726072072983
-0.63727003336,-0.219917148352,1.53684270382,-0.24082788825,-0.126356363297,-0.630601346493,-0.726896047592
-0.638026952744,-0.217913791537,1.5373095274,-0.239055320621,-0.125252470374,-0.631067931652,-0.727267324924
-0.638734698296,-0.216106787324,1.53820347786,-0.237051323056,-0.125170916319,-0.632732272148,-0.726490855217
-0.6394790411,-0.214123144746,1.53880095482,-0.235272154212,-0.124661788344,-0.633791685104,-0.726233303547
-0.640152335167,-0.212030977011,1.53923249245,-0.233277186751,-0.123558320105,-0.633649647236,-0.727188646793
-0.640975117683,-0.209989085793,1.53974461555,-0.23138666153,-0.122956767678,-0.634795546532,-0.726895153522
-0.641778945923,-0.207833141088,1.54023313522,-0.229499697685,-0.121660001576,-0.635906457901,-0.726740598679
-0.642550587654,-0.205824792385,1.54087233543,-0.227525323629,-0.121923059225,-0.636227846146,-0.727035880089
-0.642362773418,-0.203372597694,1.54088330269,-0.224188745022,-0.120113752782,-0.631404161453,-0.73255777359
-0.644162893295,-0.201199188828,1.5412068367,-0.22365014255,-0.118101395667,-0.637391209602,-0.727849662304
-0.644975543022,-0.199147686362,1.54233431816,-0.222839698195,-0.121071025729,-0.638680636883,-0.726478815079
-0.645700633526,-0.19696071744,1.54274940491,-0.220149964094,-0.118405535817,-0.63898819685,-0.727467179298
-0.646507740021,-0.194432750344,1.54324662685,-0.21958617866,-0.117199495435,-0.640832662582,-0.726209104061
-0.647436618805,-0.192353636026,1.54377734661,-0.21745146811,-0.118650712073,-0.640597581863,-0.726822912693
-0.648228287697,-0.190003812313,1.54423058033,-0.215193629265,-0.116140022874,-0.641218185425,-0.727352976799
-0.6490701437,-0.187335446477,1.54429101944,-0.214187145233,-0.113445334136,-0.642336010933,-0.727089166641
-0.649952352047,-0.185201257467,1.54491233826,-0.212276294827,-0.115303605795,-0.642190337181,-0.727485656738
-0.650760471821,-0.18272729218,1.54518568516,-0.209474310279,-0.111846126616,-0.642920255661,-0.728192687035
-0.651641845703,-0.18035300076,1.54634463787,-0.209081023932,-0.113139212132,-0.645307719707,-0.725990831852
-0.652515888214,-0.178194701672,1.54667544365,-0.205603480339,-0.113733433187,-0.64396905899,-0.728076815605
-0.653414428234,-0.175508275628,1.54716837406,-0.204248338938,-0.110829055309,-0.645872354507,-0.727219700813
-0.653302907944,-0.172934919596,1.54753553867,-0.200953006744,-0.110659584403,-0.640563189983,-0.732837855816
-0.65436321497,-0.170290201902,1.54745519161,-0.198923572898,-0.10840985924,-0.641156792641,-0.733208477497
-0.65530526638,-0.167797729373,1.54795491695,-0.197015434504,-0.107714809477,-0.641948878765,-0.733133018017
-0.6560972929,-0.165368974209,1.54893553257,-0.195089682937,-0.108081668615,-0.643186688423,-0.732508778572
-0.657142758369,-0.162693321705,1.5493260622,-0.194035023451,-0.107057929039,-0.644735217094,-0.731577396393
-0.658107638359,-0.160255730152,1.54972231388,-0.191029563546,-0.106337092817,-0.644790291786,-0.732424497604
-0.659027338028,-0.157482892275,1.5501730442,-0.190156087279,-0.104931309819,-0.646640360355,-0.731222510338
-0.66093736887,-0.155432000756,1.55076360703,-0.187123775482,-0.105603501201,-0.652699768543,-0.726509273052
-0.661935329437,-0.152542680502,1.55075788498,-0.185605317354,-0.10136590153,-0.65460640192,-0.72578650713
-0.662741839886,-0.150026202202,1.55177783966,-0.184193238616,-0.103360742331,-0.655068993568,-0.725447595119
-0.663840413094,-0.147617354989,1.55201840401,-0.181214034557,-0.101719893515,-0.655412435532,-0.726119279861
-0.664774000645,-0.144849300385,1.55238318443,-0.179251641035,-0.0984547734261,-0.657185316086,-0.725453615189
-0.665670454502,-0.142342045903,1.55272436142,-0.177027955651,-0.0987070426345,-0.657033979893,-0.726102173328
-0.666600346565,-0.139594584703,1.55304825306,-0.175022155046,-0.0949228107929,-0.659090161324,-0.725228965282
-0.667478263378,-0.137124806643,1.55353784561,-0.173145636916,-0.0954913944006,-0.65924757719,-0.725461661816
-0.668382287025,-0.134346202016,1.55332148075,-0.171142816544,-0.0921723991632,-0.658884644508,-0.726694881916
-0.66910725832,-0.13168258965,1.55412995815,-0.169734254479,-0.089940726757,-0.660863220692,-0.725507378578
