x,y,z,q0,q1,q2,q3
0.630194485188,-0.271688550711,0.810228824615,-0.467595696449,-0.384036898613,0.737687468529,-0.299478381872
0.629951715469,-0.271768122911,0.809913158417,-0.468163669109,-0.383750885725,0.737729370594,-0.298853367567
0.629903614521,-0.271800398827,0.809635102749,-0.467467665672,-0.384565383196,0.737861037254,-0.298570841551
0.629667937756,-0.271935433149,0.809271931648,-0.467936038971,-0.384479284286,0.738088011742,-0.297384798527
0.62940710783,-0.272011727095,0.80885964632,-0.46847563982,-0.383625507355,0.738443493843,-0.296754539013
0.628896892071,-0.272191613913,0.808394908905,-0.469898968935,-0.3826148808,0.738489985466,-0.295691728592
0.628210783005,-0.272334903479,0.80809700489,-0.470993667841,-0.382652908564,0.736874699593,-0.297921925783
0.628157556057,-0.272375673056,0.807886362076,-0.471285402775,-0.382070839405,0.73781555891,-0.295871943235
0.628243207932,-0.272527456284,0.807755351067,-0.470637351274,-0.383802086115,0.738178133965,-0.293750822544
0.627959787846,-0.272591471672,0.807436704636,-0.471268594265,-0.383532553911,0.738215684891,-0.292995780706
0.627452552319,-0.272743076086,0.807077229023,-0.472950637341,-0.382440686226,0.738107025623,-0.291984319687
0.627345085144,-0.272734254599,0.806757807732,-0.472050786018,-0.382768273354,0.73863953352,-0.291664868593
0.626913905144,-0.272704392672,0.806233525276,-0.472853809595,-0.380947083235,0.738737881184,-0.292497932911
0.626214623451,-0.272791206837,0.805969953537,-0.473962843418,-0.381518125534,0.7367811203,-0.294884264469
0.625942587852,-0.272996395826,0.805790424347,-0.476002305746,-0.380187153816,0.737512767315,-0.291469633579
0.625611841679,-0.273068994284,0.80551892519,-0.476695030928,-0.37993812561,0.737544894218,-0.290579468012
0.625266671181,-0.273148298264,0.805268645287,-0.477384179831,-0.379692852497,0.73749935627,-0.289883643389
0.624948561192,-0.273202002048,0.804975509644,-0.477527230978,-0.379434347153,0.737851142883,-0.289090007544
0.624871850014,-0.273430943489,0.804856181145,-0.477255374193,-0.380938947201,0.73828035593,-0.286452353001
0.624594569206,-0.273477852345,0.804624021053,-0.477441161871,-0.380673468113,0.738498210907,-0.285933703184
0.623811244965,-0.273381054401,0.804327130318,-0.478770077229,-0.379799306393,0.737179636955,-0.288267016411
0.623440384865,-0.273443102837,0.804019093513,-0.479006111622,-0.380154728889,0.737177431583,-0.287410795689
0.623142540455,-0.273556083441,0.803769886494,-0.479059278965,-0.380131244659,0.737628281116,-0.286193728447
0.622869491577,-0.273665457964,0.803493022919,-0.479380607605,-0.379960298538,0.737876594067,-0.285241514444
0.622550010681,-0.273774176836,0.803282737732,-0.479716449976,-0.379530072212,0.738180100918,-0.284463107586
0.622234523296,-0.273895442486,0.803050458431,-0.480359435081,-0.379192322493,0.738269686699,-0.283594697714
0.621649503708,-0.273962438107,0.802899241447,-0.480598777533,-0.380113005638,0.737465381622,-0.284049004316
0.621123671532,-0.274075329304,0.802602410316,-0.48139294982,-0.379970699549,0.736627161503,-0.285067588091
0.62098300457,-0.274203211069,0.80243241787,-0.480908960104,-0.380331665277,0.737856328487,-0.282210201025
0.620688080788,-0.274322777987,0.802262723446,-0.481004714966,-0.380305469036,0.738055348396,-0.281560689211
0.62056428194,-0.274343878031,0.802116692066,-0.479716002941,-0.380908578634,0.738591790199,-0.281537622213
0.620035588741,-0.274621933699,0.801872491837,-0.481251329184,-0.380133330822,0.738527417183,-0.280130296946
0.619522690773,-0.274806290865,0.801817238331,-0.48221719265,-0.380589514971,0.737501084805,-0.280553907156
0.619426012039,-0.275119662285,0.801757931709,-0.481453746557,-0.381921559572,0.738318681717,-0.277891397476
0.619336545467,-0.275153845549,0.80165874958,-0.480287641287,-0.382659733295,0.738636732101,-0.278048932552
0.618667125702,-0.275192975998,0.801274359226,-0.481889396906,-0.380208283663,0.7379347682,-0.280493289232
0.618345022202,-0.275489002466,0.801095724106,-0.482003986835,-0.379906088114,0.739038407803,-0.277787446976
0.617898583412,-0.275621056557,0.800841629505,-0.482674896717,-0.379321545362,0.738446891308,-0.278991937637
0.617883563042,-0.275880515575,0.800881803036,-0.482329785824,-0.380081802607,0.739324629307,-0.276215553284
0.617258667946,-0.276063382626,0.800744175911,-0.483488619328,-0.38028126955,0.737566888332,-0.278603702784
0.617306113243,-0.27627658844,0.800775647163,-0.482775986195,-0.38115170598,0.738296329975,-0.276711553335
0.617166042328,-0.276466786861,0.800693154335,-0.482571721077,-0.381437987089,0.738386631012,-0.276432514191
0.617069363594,-0.276657938957,0.800618052483,-0.482445478439,-0.381770372391,0.738378584385,-0.276215225458
0.616792976856,-0.276932507753,0.800454974174,-0.482645869255,-0.382318645716,0.737440943718,-0.277608156204
0.617131590843,-0.277045726776,0.8005464077,-0.480859339237,-0.383608043194,0.738290309906,-0.276670485735
0.616847574711,-0.277403086424,0.800332188606,-0.481787145138,-0.383404761553,0.737903058529,-0.276371121407
0.616838216782,-0.277718424797,0.80012178421,-0.481281191111,-0.383531659842,0.738214254379,-0.276245772839
0.616807460785,-0.278011769056,0.800047397614,-0.481449246407,-0.383803844452,0.737864553928,-0.276508808136
0.616836965084,-0.27833789587,0.800016403198,-0.481594920158,-0.384106069803,0.737482190132,-0.276855796576
0.616842448711,-0.278607159853,0.799971461296,-0.481539666653,-0.384489655495,0.737126350403,-0.277366429567
0.616867959499,-0.278882950544,0.799892067909,-0.480978697538,-0.385321110487,0.736743509769,-0.278201818466
0.616879940033,-0.279287904501,0.799847662449,-0.480902791023,-0.386419594288,0.736158668995,-0.27835726738
0.616780877113,-0.279620826244,0.799757301807,-0.480386435986,-0.38728633523,0.735681474209,-0.279304504395
0.616717278957,-0.279960662127,0.799712657928,-0.480308294296,-0.388126671314,0.734873592854,-0.280396968126
0.616653263569,-0.280355006456,0.799613714218,-0.48010635376,-0.388465434313,0.734634697437,-0.280899256468
0.616573095322,-0.280706584454,0.799560844898,-0.480289906263,-0.38869574666,0.734200060368,-0.281402885914
0.616551339626,-0.281055688858,0.799552202225,-0.480405181646,-0.388788610697,0.733909368515,-0.281836181879
0.616493701935,-0.281403720379,0.799515485764,-0.480325013399,-0.389291495085,0.733599543571,-0.282084703445
0.616827011108,-0.281839370728,0.799599766731,-0.478049337864,-0.392470449209,0.733826041222,-0.280954062939
0.616581320763,-0.282066017389,0.799383044243,-0.478533357382,-0.390784025192,0.733692228794,-0.282824158669
0.616430222988,-0.282426148653,0.799309790134,-0.478552609682,-0.390782743692,0.733710348606,-0.282746195793
0.616303563118,-0.282755762339,0.799266219139,-0.478678166866,-0.391044944525,0.733532547951,-0.28263258934
0.615961492062,-0.283126831055,0.799118995667,-0.479362845421,-0.390665501356,0.733416318893,-0.282298207283
0.615627944469,-0.283380419016,0.799139916897,-0.479240626097,-0.391606122255,0.732496201992,-0.283588588238
0.615677058697,-0.283549517393,0.799168288708,-0.478158593178,-0.392318814993,0.732618868351,-0.284112423658
0.615315079689,-0.283952027559,0.799143612385,-0.479436635971,-0.391233175993,0.732611000538,-0.283475488424
0.615132629871,-0.28426656127,0.79908156395,-0.479398816824,-0.391520023346,0.732676625252,-0.282972961664
0.614933848381,-0.284566581249,0.79904294014,-0.479949742556,-0.391144573689,0.732892990112,-0.281996667385
0.61477971077,-0.284777075052,0.798990249634,-0.480005383492,-0.391319066286,0.732769012451,-0.281982153654
0.614452838898,-0.284991532564,0.798779368401,-0.479939490557,-0.391031801701,0.73265850544,-0.282778769732
0.614705622196,-0.285060048103,0.798878788948,-0.477854162455,-0.391967207193,0.734020829201,-0.281479299068
0.614565610886,-0.285224705935,0.798832595348,-0.477900773287,-0.392063677311,0.734040558338,-0.281214416027
0.613799393177,-0.285519063473,0.79865193367,-0.479588925838,-0.392286688089,0.732085227966,-0.283119887114
0.613675653934,-0.285666704178,0.798629164696,-0.480001181364,-0.391796797514,0.732214689255,-0.28276476264
0.613552570343,-0.285815775394,0.798587322235,-0.480103731155,-0.391775161028,0.732270956039,-0.28247487545
0.613639354706,-0.285939872265,0.79864346981,-0.479299426079,-0.391630679369,0.733462870121,-0.280944406986
0.613500356674,-0.286026835442,0.798560857773,-0.479082584381,-0.391692847013,0.733532309532,-0.281045943499
0.613404333591,-0.28613498807,0.798510193825,-0.479031383991,-0.39182856679,0.733472764492,-0.281099885702
0.613319218159,-0.28623482585,0.798438072205,-0.478918224573,-0.3919942379,0.733431577682,-0.281168967485
0.613230645657,-0.286343276501,0.798360288143,-0.478619158268,-0.392145723104,0.733653306961,-0.280888319016
0.613165259361,-0.286443918943,0.7982827425,-0.47846403718,-0.392337888479,0.733638167381,-0.280923724174
0.61309081316,-0.286545395851,0.798212170601,-0.478405565023,-0.392494112253,0.733515202999,-0.28112629056
0.61302870512,-0.286662131548,0.798127412796,-0.478290468454,-0.392719566822,0.733456492424,-0.28116029501
0.612975895405,-0.286788225174,0.798021912575,-0.478235006332,-0.392787903547,0.733456075191,-0.281160324812
0.612905681133,-0.286907732487,0.797926425934,-0.478359669447,-0.392993867397,0.733359694481,-0.280911624432
0.612925708294,-0.287081420422,0.797832489014,-0.478464335203,-0.392707079649,0.733488619328,-0.280797988176
0.613079190254,-0.287371903658,0.797859311104,-0.47793456912,-0.394348531961,0.733578920364,-0.279159188271
0.612997949123,-0.287539035082,0.797765493393,-0.477709621191,-0.394913196564,0.733419656754,-0.279164493084
0.612923145294,-0.287656068802,0.797717928886,-0.477915287018,-0.39469859004,0.733399152756,-0.279169589281
0.612246274948,-0.287630885839,0.797508478165,-0.479151338339,-0.393605798483,0.731305956841,-0.284042328596
0.612170517445,-0.287769496441,0.797486305237,-0.479387372732,-0.393534272909,0.731232821941,-0.283931821585
0.61255222559,-0.288053274155,0.797691941261,-0.478161871433,-0.39556774497,0.732320129871,-0.280347317457
0.612474679947,-0.288158655167,0.797659993172,-0.478177666664,-0.395659655333,0.732250213623,-0.280373394489
0.612406313419,-0.288238912821,0.797642588615,-0.477628499269,-0.395621359348,0.732574284077,-0.280516952276
0.61232572794,-0.288338273764,0.797630786896,-0.477611511946,-0.395758926868,0.732503116131,-0.280537813902
0.61224681139,-0.288418769836,0.797607004642,-0.477583736181,-0.39573314786,0.732542932034,-0.280517399311
0.612160980701,-0.288502842188,0.797570347786,-0.477471262217,-0.395765513182,0.73260307312,-0.280505985022
0.612049460411,-0.288610517979,0.797567546368,-0.477939516306,-0.395444571972,0.732571125031,-0.280244827271
0.611969530582,-0.288682341576,0.797549366951,-0.477823227644,-0.395584613085,0.732576310635,-0.280231744051
0.611452758312,-0.28857010603,0.797296285629,-0.478987038136,-0.393698811531,0.731446444988,-0.283828943968
0.611813306808,-0.288802206516,0.797515451908,-0.477557867765,-0.395883619785,0.732563197613,-0.280295729637
0.611727118492,-0.28885230422,0.797506213188,-0.477468520403,-0.395907074213,0.732576131821,-0.2803812325
0.611652076244,-0.288910090923,0.797469973564,-0.476986199617,-0.396013528109,0.732984185219,-0.279985338449
0.61157733202,-0.288952231407,0.797460734844,-0.476838856936,-0.396128982306,0.733028650284,-0.279956430197
0.611520886421,-0.288990020752,0.79745721817,-0.476646780968,-0.396218895912,0.733110845089,-0.279940783978
0.611465215683,-0.28901964426,0.797454059124,-0.476484417915,-0.396307080984,0.733164489269,-0.279952138662
0.61141628027,-0.2890394032,0.797453939915,-0.47636410594,-0.396348029375,0.733238458633,-0.279905378819
0.611392617226,-0.289052158594,0.797464370728,-0.476140350103,-0.396462082863,0.733280181885,-0.280015051365
0.61135751009,-0.289059937,0.797470569611,-0.47603186965,-0.396500617266,0.733278274536,-0.280149966478
0.611360192299,-0.289070576429,0.797481417656,-0.475862950087,-0.396592259407,0.73335403204,-0.280108839273
0.611344337463,-0.289070725441,0.797493219376,-0.475676834583,-0.396759212017,0.733339369297,-0.280227005482
0.611343979836,-0.28907123208,0.797511577606,-0.475567638874,-0.396763801575,0.733334422112,-0.280418664217
0.611350953579,-0.289071083069,0.797530889511,-0.47546043992,-0.39680981636,0.73332130909,-0.28056961298
0.611380636692,-0.289080739021,0.797551751137,-0.475288510323,-0.396922498941,0.733303725719,-0.280747562647
0.611395835876,-0.289083689451,0.797570586205,-0.475226700306,-0.396932005882,0.733251571655,-0.280974656343
0.611417770386,-0.289092808962,0.797600626945,-0.475142210722,-0.397010862827,0.733156204224,-0.281254798174
0.611442923546,-0.289114058018,0.797618448734,-0.474988490343,-0.397053003311,0.733122169971,-0.281543672085
0.611466646194,-0.28914758563,0.797652721405,-0.474877268076,-0.397211611271,0.733047544956,-0.281701803207
0.611483812332,-0.28919416666,0.797671437263,-0.474757313728,-0.397318840027,0.732995271683,-0.281888663769
0.611490726471,-0.289232194424,0.797692120075,-0.474244266748,-0.39719375968,0.733179628849,-0.282448679209
0.611497044563,-0.289291709661,0.797718644142,-0.474101930857,-0.397239416838,0.733180165291,-0.28262206912
0.610887885094,-0.289182513952,0.797564744949,-0.475404888391,-0.395825564861,0.731278061867,-0.28730610013
0.610868513584,-0.289275377989,0.797550559044,-0.475260049105,-0.395799964666,0.73138576746,-0.287306725979
0.610839724541,-0.289356023073,0.797572731972,-0.475079029799,-0.395888388157,0.73144364357,-0.287336975336
0.611002922058,-0.289510428905,0.797732830048,-0.474849194288,-0.396343439817,0.73202508688,-0.285603612661
0.610750615597,-0.289567887783,0.797648012638,-0.475321352482,-0.395673274994,0.731323421001,-0.287538468838
0.610922157764,-0.28968334198,0.797789812088,-0.474668860435,-0.396231710911,0.732088327408,-0.285896271467
0.610673487186,-0.289872825146,0.797684311867,-0.475226312876,-0.396184146404,0.731199681759,-0.287306904793
0.610632061958,-0.289959847927,0.797704100609,-0.475102603436,-0.396156102419,0.731310009956,-0.287268996239
0.610587716103,-0.290072023869,0.797730863094,-0.475314736366,-0.395893156528,0.731439590454,-0.286950707436
0.610554695129,-0.290145486593,0.797750592232,-0.475225061178,-0.395887941122,0.731530427933,-0.286874741316
0.610528290272,-0.290209561586,0.797761797905,-0.474628359079,-0.395770400763,0.731904387474,-0.287070780993
0.610508203506,-0.290267109871,0.797780156136,-0.47455573082,-0.395791292191,0.731937766075,-0.287076979876
0.61052775383,-0.290361940861,0.797837555408,-0.474851369858,-0.395708113909,0.731887280941,-0.286831587553
0.610530972481,-0.290389031172,0.79785490036,-0.47474732995,-0.395576775074,0.731964766979,-0.286987066269
0.610538363457,-0.290424972773,0.797876596451,-0.474500507116,-0.395739048719,0.731960296631,-0.287182986736
0.610560238361,-0.290450274944,0.797894120216,-0.474464058876,-0.395739614964,0.731931388378,-0.287316262722
0.610599815845,-0.290466636419,0.797909140587,-0.474208116531,-0.395809650421,0.731956124306,-0.287578821182
0.610634684563,-0.290471434593,0.79794216156,-0.474090695381,-0.395924121141,0.731851816177,-0.287880212069
0.610692501068,-0.29047909379,0.797975182533,-0.473931580782,-0.395955890417,0.731783986092,-0.288270801306
0.610748827457,-0.29048743844,0.798019886017,-0.473741024733,-0.396173983812,0.731646537781,-0.288632839918
0.61080288887,-0.290482252836,0.798050522804,-0.473547637463,-0.396282345057,0.731561779976,-0.289016276598
0.610862791538,-0.290474563837,0.798097848892,-0.473360985518,-0.396273314953,0.731498420238,-0.28949406743
0.610922455788,-0.290477365255,0.798139572144,-0.473181039095,-0.396379619837,0.731434106827,-0.289805352688
0.61101937294,-0.290454357862,0.798172652721,-0.472488045692,-0.396647453308,0.731455564499,-0.290514737368
0.611088991165,-0.290451347828,0.798219501972,-0.472272664309,-0.396709263325,0.731428802013,-0.290847182274
0.611160039902,-0.290452361107,0.798271417618,-0.472006291151,-0.396757096052,0.731461942196,-0.291130930185
0.611260950565,-0.290489315987,0.798364877701,-0.471660733223,-0.397058665752,0.731492221355,-0.291203796864
0.611336290836,-0.290510505438,0.798428893089,-0.471357017756,-0.397301375866,0.731442809105,-0.291488945484
0.611409127712,-0.290518134832,0.798495531082,-0.470989823341,-0.397498518229,0.73143029213,-0.291845053434
0.611480772495,-0.290541768074,0.79855465889,-0.470802396536,-0.397504657507,0.731461763382,-0.292059898376
0.611596703529,-0.290576219559,0.798672914505,-0.470924645662,-0.397526115179,0.731096565723,-0.292747437954
0.611671388149,-0.29059150815,0.798750281334,-0.470722943544,-0.397545427084,0.731130957603,-0.292959302664
0.612172961235,-0.290597349405,0.798805117607,-0.469740718603,-0.396682322025,0.733189463615,-0.290551245213
0.612146854401,-0.290628671646,0.798915982246,-0.469769567251,-0.396966844797,0.732725858688,-0.291284948587
0.612196087837,-0.290662229061,0.798995494843,-0.469568997622,-0.396978825331,0.732710659504,-0.29162979126
0.612269937992,-0.290742218494,0.799125671387,-0.469778776169,-0.396690964699,0.732634186745,-0.291875749826
0.612325072289,-0.290784686804,0.799220442772,-0.469564139843,-0.39664375782,0.732660472393,-0.292219102383
0.612159490585,-0.290835112333,0.79923760891,-0.470008045435,-0.396175354719,0.731854259968,-0.294154554605
0.612465620041,-0.290841519833,0.799463152885,-0.469154775143,-0.396116644144,0.733039557934,-0.292640686035
0.612518727779,-0.290882974863,0.799579977989,-0.468898922205,-0.396103709936,0.733100295067,-0.292915940285
0.612563550472,-0.290921151638,0.799713730812,-0.468600720167,-0.395960241556,0.733247160912,-0.293219268322
0.612585425377,-0.290975630283,0.799860358238,-0.468519568443,-0.395768254995,0.733308851719,-0.293453782797
0.612649321556,-0.290975928307,0.800013780594,-0.467799395323,-0.395663917065,0.733473956585,-0.29432964325
0.612688183784,-0.291022956371,0.80020403862,-0.467228502035,-0.395045757294,0.734091818333,-0.294526189566
0.612972199917,-0.290909290314,0.80051279068,-0.465837031603,-0.395799875259,0.734126746655,-0.295628786087
0.613045871258,-0.290956258774,0.800698041916,-0.465530693531,-0.395766735077,0.734220743179,-0.295922249556
0.612949252129,-0.291143864393,0.800888419151,-0.466798037291,-0.394816786051,0.734103083611,-0.29548612237
0.613012909889,-0.291223347187,0.801100730896,-0.466803103685,-0.394823729992,0.734072029591,-0.295545846224
0.613150715828,-0.291285395622,0.801340043545,-0.466461122036,-0.394967019558,0.734089970589,-0.295849680901
0.613248646259,-0.29132437706,0.801554679871,-0.466231226921,-0.394941866398,0.734090209007,-0.296244829893
0.61333668232,-0.291367441416,0.801774501801,-0.466099560261,-0.394772559404,0.734053015709,-0.296769350767
0.613427042961,-0.291424810886,0.801987171173,-0.466071337461,-0.394655019045,0.734038472176,-0.297005832195
0.613527297974,-0.291487842798,0.802217781544,-0.466056793928,-0.394583523273,0.733965396881,-0.297304332256
0.61362683773,-0.291522324085,0.802431941032,-0.465845733881,-0.394206881523,0.734050095081,-0.297924816608
0.613721251488,-0.291614741087,0.802687883377,-0.46582916379,-0.393463253975,0.734331727028,-0.298239558935
0.613802015781,-0.291677385569,0.80290555954,-0.465832352638,-0.393281191587,0.734349668026,-0.298430651426
0.613661050797,-0.291732043028,0.803015708923,-0.466386526823,-0.392678171396,0.733547687531,-0.300325274467
0.61366379261,-0.291845411062,0.8032964468,-0.467003405094,-0.39235112071,0.733254313469,-0.300510585308
0.614290118217,-0.293057799339,0.804738283157,-0.480445683002,-0.384423643351,0.732134759426,-0.292180091143
0.614575624466,-0.293316036463,0.805089592934,-0.47982648015,-0.385669052601,0.732577323914,-0.290441989899
0.614561975002,-0.293416708708,0.805355250835,-0.480222046375,-0.384803265333,0.732821583748,-0.290320247412
0.61405903101,-0.292151421309,0.804430186749,-0.466887146235,-0.390866667032,0.734679281712,-0.299142301083
0.614289283752,-0.292435914278,0.804757356644,-0.465880542994,-0.392229706049,0.735295653343,-0.297407984734
0.614077985287,-0.29234495759,0.804897069931,-0.466766744852,-0.390100181103,0.735164284706,-0.299139022827
0.614058375359,-0.292387545109,0.805185675621,-0.467112421989,-0.389251321554,0.735264003277,-0.299459725618
0.614040076733,-0.292440354824,0.805411100388,-0.467190653086,-0.38874155283,0.73549669981,-0.299428880215
0.613998293877,-0.29253411293,0.805684924126,-0.468106478453,-0.387786120176,0.735594987869,-0.298995494843
0.613943576813,-0.292568236589,0.805898308754,-0.468173205853,-0.387398779392,0.735787570477,-0.298919409513
0.613878130913,-0.292583227158,0.806145429611,-0.469024777412,-0.385987102985,0.736047208309,-0.298771053553
0.613831341267,-0.292588621378,0.806381165981,-0.468745738268,-0.38514059782,0.73676276207,-0.298537909985
0.613771438599,-0.292587667704,0.806579351425,-0.468858629465,-0.384554862976,0.737070679665,-0.298355609179
0.613676428795,-0.292564421892,0.806850135326,-0.468912780285,-0.384317934513,0.737128615379,-0.298432588577
0.613824009895,-0.29241836071,0.807140469551,-0.467987209558,-0.384369164705,0.73756480217,-0.298741549253
0.613555014133,-0.292528778315,0.807332754135,-0.469636678696,-0.382931023836,0.737657487392,-0.297769248486
0.613461136818,-0.292497903109,0.807546496391,-0.469987571239,-0.382290810347,0.737918555737,-0.297391742468
0.613391816616,-0.292463749647,0.807750105858,-0.47028902173,-0.381539195776,0.738368034363,-0.29676386714
0.613345265388,-0.292428314686,0.808032989502,-0.471125364304,-0.380789846182,0.738365471363,-0.296406149864
0.61346501112,-0.292507231236,0.808358192444,-0.47006046772,-0.38162407279,0.739430963993,-0.294360697269
0.61365801096,-0.29361051321,0.809571146965,-0.483940303326,-0.372789472342,0.737852454185,-0.287060290575
0.613173007965,-0.29341506958,0.809762835503,-0.485726028681,-0.370932787657,0.736791670322,-0.289166420698
0.613388001919,-0.293480753899,0.810051679611,-0.485877811909,-0.371332466602,0.737747907639,-0.285942405462
0.613293647766,-0.293401151896,0.810237288475,-0.486282706261,-0.370665669441,0.737996220589,-0.285478264093
0.613206267357,-0.293283313513,0.810427188873,-0.486082702875,-0.36988940835,0.738608777523,-0.285241425037
0.613100409508,-0.293202638626,0.810599505901,-0.486595720053,-0.369186580181,0.738887250423,-0.284554809332
0.612989664078,-0.293065428734,0.810781776905,-0.487191677094,-0.368330419064,0.739052116871,-0.28421625495
0.612652182579,-0.292787194252,0.81085050106,-0.488020628691,-0.366219937801,0.739205598831,-0.285121232271
0.612505674362,-0.292605340481,0.810954391956,-0.48824930191,-0.365244865417,0.739663898945,-0.284791320562
0.612389683723,-0.292500495911,0.811078548431,-0.48855650425,-0.364453226328,0.740109980106,-0.284119278193
0.611916959286,-0.291213303804,0.810246169567,-0.475568562746,-0.372134685516,0.742430448532,-0.290081888437
0.611775040627,-0.29227244854,0.811443984509,-0.489763319492,-0.364417165518,0.739255785942,-0.284311413765
0.61160838604,-0.292153537273,0.811518073082,-0.489485621452,-0.364096820354,0.739900708199,-0.283520996571
0.611448347569,-0.292058497667,0.81161737442,-0.48996964097,-0.363537430763,0.740198969841,-0.282623231411
0.611365139484,-0.291719555855,0.811946213245,-0.48606222868,-0.359731674194,0.741748213768,-0.290079891682
0.610883831978,-0.290707886219,0.810845136642,-0.477300554514,-0.37020072341,0.743236780167,-0.28763666749
0.610998630524,-0.291660964489,0.811850428581,-0.489959329367,-0.362157076597,0.741506457329,-0.280981063843
0.610821008682,-0.290339887142,0.811026275158,-0.476648300886,-0.370257407427,0.74401640892,-0.286628007889
0.610477209091,-0.290359348059,0.811065375805,-0.478549569845,-0.368737637997,0.744081497192,-0.285246819258
0.610343039036,-0.290245890617,0.811112761497,-0.478228718042,-0.368047744036,0.744816839695,-0.284756273031
0.610047519207,-0.290108382702,0.811183333397,-0.478762298822,-0.36786532402,0.744666099548,-0.284489244223
0.609861075878,-0.289971470833,0.81121969223,-0.479235649109,-0.366826057434,0.74520277977,-0.283628076315
0.609748721123,-0.289876073599,0.811255455017,-0.47950527072,-0.366400152445,0.745436787605,-0.28310739994
0.609653890133,-0.289778113365,0.811309337616,-0.480219036341,-0.366163849831,0.745383381844,-0.282342791557
0.609769701958,-0.290673822165,0.812313079834,-0.491728335619,-0.358333915472,0.744056284428,-0.276007801294
0.609678387642,-0.290602236986,0.812360644341,-0.491933256388,-0.3578171134,0.744436442852,-0.275287359953
0.609588384628,-0.290521562099,0.812400817871,-0.492287904024,-0.357349127531,0.744748651981,-0.274415224791
0.609502315521,-0.290413498878,0.812479496002,-0.492532730103,-0.356759786606,0.744939565659,-0.274224549532
0.609416306019,-0.290346741676,0.812512636185,-0.492791831493,-0.35637140274,0.745277822018,-0.27334356308
0.609334588051,-0.290275126696,0.812555670738,-0.49306806922,-0.355958998203,0.745613992214,-0.27246466279
0.609264552593,-0.290230751038,0.812619268894,-0.493384063244,-0.355544239283,0.745918750763,-0.271598577499
0.610085487366,-0.2903906703,0.812851727009,-0.492014408112,-0.35566008091,0.749502360821,-0.263958364725
0.610018610954,-0.290324002504,0.812923669815,-0.49221137166,-0.355185389519,0.749828457832,-0.263303101063
0.609658002853,-0.289259672165,0.81204354763,-0.480676263571,-0.362268924713,0.752164125443,-0.268255084753
0.609600067139,-0.289229869843,0.812101125717,-0.480714052916,-0.361743211746,0.752773463726,-0.267185240984
0.609810054302,-0.290241271257,0.813171863556,-0.49294808507,-0.353726297617,0.750881791115,-0.260876625776
0.609765648842,-0.290198981762,0.81328368187,-0.492511540651,-0.353266745806,0.751577496529,-0.260319560766
0.609456717968,-0.289159685373,0.812479376793,-0.481330752373,-0.360886991024,0.753539979458,-0.265064030886
0.609682798386,-0.290164262056,0.813563883305,-0.493337273598,-0.352876543999,0.751725137234,-0.258855164051
0.60965770483,-0.290135771036,0.81370818615,-0.493638217449,-0.352627187967,0.7518222332,-0.258338779211
0.609586000443,-0.290089040995,0.813892424107,-0.493988513947,-0.352645725012,0.751664221287,-0.258103221655
0.609538495541,-0.290103435516,0.814032316208,-0.494392871857,-0.352502256632,0.751652300358,-0.257559269667
0.609486579895,-0.290101915598,0.814164638519,-0.494686901569,-0.352329105139,0.75170558691,-0.257075548172
0.60928195715,-0.289968580008,0.814146161079,-0.495086044073,-0.350319981575,0.752010166645,-0.258159667253
0.609206855297,-0.290004134178,0.814284563065,-0.495590418577,-0.35023111105,0.751889884472,-0.257662385702
0.609183549881,-0.290028363466,0.814381122589,-0.495773434639,-0.350017875433,0.752098858356,-0.256989330053
0.609149038792,-0.290056169033,0.81447583437,-0.495923101902,-0.350013226271,0.752218484879,-0.256355792284
0.60910654068,-0.29009193182,0.814575314522,-0.496187150478,-0.349893510342,0.752285122871,-0.255812376738
0.609061360359,-0.290150403976,0.814682602882,-0.496446758509,-0.349921256304,0.75226444006,-0.255331546068
0.608985245228,-0.28907006979,0.813913464546,-0.483970582485,-0.358016490936,0.754759252071,-0.260643988848
0.608983457088,-0.290245771408,0.814811348915,-0.496399223804,-0.349935919046,0.75264185667,-0.254289150238
0.608637928963,-0.289349287748,0.813939094543,-0.485505670309,-0.357274234295,0.754643678665,-0.25913771987
0.608814358711,-0.290445417166,0.814925432205,-0.497163146734,-0.349958688021,0.752446472645,-0.253342151642
0.608786940575,-0.290546417236,0.814968705177,-0.497316688299,-0.350056797266,0.752401530743,-0.25303837657
0.608677148819,-0.29068005085,0.815022230148,-0.497337192297,-0.351034700871,0.751859486103,-0.253254622221
0.608688116074,-0.29079207778,0.814971327782,-0.496688902378,-0.35131624341,0.752397358418,-0.252538055182
0.608671188354,-0.290927112103,0.814925849438,-0.4966571033,-0.351603150368,0.752317130566,-0.252440005541
0.608602821827,-0.291061937809,0.814922809601,-0.496634811163,-0.35235914588,0.751928567886,-0.25258731842
0.608565330505,-0.291174709797,0.814893126488,-0.496517509222,-0.352942794561,0.751680314541,-0.252741932869
0.608327269554,-0.290372103453,0.813987135887,-0.485393434763,-0.360193490982,0.753661572933,-0.258163094521
0.60830026865,-0.290486603975,0.813948631287,-0.485231637955,-0.360670745373,0.753503859043,-0.258261412382
0.608524620533,-0.291532486677,0.814760923386,-0.495608568192,-0.354257792234,0.751517355442,-0.253170698881
0.60830271244,-0.290724217892,0.81384396553,-0.484771698713,-0.361631929874,0.753320395947,-0.258316546679
0.608289718628,-0.290856003761,0.813769698143,-0.484643667936,-0.362236469984,0.753140151501,-0.258235186338
0.608321666718,-0.290951550007,0.813664913177,-0.483931392431,-0.362887084484,0.753198862076,-0.258486002684
0.608322799206,-0.291122466326,0.81356215477,-0.4842903018,-0.363741397858,0.752520680428,-0.258588075638
0.608315706253,-0.291246235371,0.813482642174,-0.484139800072,-0.364377677441,0.752116560936,-0.259149134159
0.60835403204,-0.291389614344,0.813376307487,-0.483778744936,-0.365005105734,0.751935184002,-0.259466618299
0.608369350433,-0.29151275754,0.813282728195,-0.482979506254,-0.365630686283,0.751861870289,-0.26028624177
0.608429729939,-0.291669219732,0.813177168369,-0.48245704174,-0.366484165192,0.751661896706,-0.260632157326
0.608822524548,-0.292870879173,0.814015269279,-0.49445605278,-0.359098732471,0.749262154102,-0.255279302597
0.608862042427,-0.293009072542,0.813891172409,-0.494920283556,-0.359941333532,0.748506188393,-0.255410641432
0.608891963959,-0.293158352375,0.813792943954,-0.494868695736,-0.360705047846,0.748055100441,-0.255754888058
0.609090745449,-0.293197602034,0.81407892704,-0.490888416767,-0.359605610371,0.748648226261,-0.263131827116
0.607992112637,-0.293355226517,0.813629508018,-0.495773732662,-0.363664448261,0.7436606884,-0.262536257505
0.607969224453,-0.293429642916,0.813460111618,-0.496011942625,-0.363967180252,0.743075013161,-0.263324290514
0.607940495014,-0.293520063162,0.813294053078,-0.495985955,-0.364458620548,0.742765426636,-0.263566792011
0.607623100281,-0.292555361986,0.812092065811,-0.484450370073,-0.372639864683,0.744133234024,-0.269653588533
0.607615709305,-0.292669355869,0.811960577965,-0.484955072403,-0.372537314892,0.74389564991,-0.269543558359
0.607218921185,-0.292741149664,0.811692595482,-0.485696166754,-0.373174875975,0.742234826088,-0.271895766258
0.607815802097,-0.293919295073,0.812385082245,-0.497201532125,-0.364834934473,0.742085397243,-0.262669920921
0.607415735722,-0.292885959148,0.811134576797,-0.484868615866,-0.37284937501,0.744135975838,-0.268602520227
0.607298970222,-0.292928993702,0.810869574547,-0.485135287046,-0.372901916504,0.74413216114,-0.268058568239
0.607415258884,-0.294043213129,0.811568617821,-0.497454941273,-0.365176677704,0.742092311382,-0.261693716049
0.607450246811,-0.294265061617,0.811346173286,-0.496507793665,-0.36663132906,0.743019163609,-0.258812725544
0.607002437115,-0.293221533298,0.810106635094,-0.484450101852,-0.374534696341,0.745061337948,-0.264415681362
0.606501817703,-0.292923390865,0.809825539589,-0.484087914228,-0.374978274107,0.743612408638,-0.268497169018
0.606276988983,-0.292932838202,0.809551358223,-0.484595388174,-0.374638706446,0.743669867516,-0.267896354198
0.605797529221,-0.293115913868,0.809205293655,-0.486487597227,-0.373315274715,0.74359536171,-0.266517311335
0.605640232563,-0.293176800013,0.808825850487,-0.486699730158,-0.372823596001,0.744355857372,-0.264689058065
0.605072855949,-0.293175637722,0.808638095856,-0.487481147051,-0.373613059521,0.743188977242,-0.265415340662
0.605064749718,-0.293228209019,0.808187365532,-0.486843794584,-0.372534692287,0.745201289654,-0.262442708015
0.604809641838,-0.293212801218,0.807888388634,-0.486894994974,-0.372344523668,0.745576381683,-0.261550873518
0.604513406754,-0.293128967285,0.807513475418,-0.486538797617,-0.372163653374,0.746042788029,-0.261140525341
0.603877425194,-0.292914420366,0.80728328228,-0.485551774502,-0.373509019613,0.744568526745,-0.265232533216
0.603316903114,-0.292968630791,0.806883335114,-0.486525923014,-0.373253315687,0.74453574419,-0.263896048069
0.603240668774,-0.29292550683,0.806683301926,-0.486111611128,-0.374058485031,0.745460450649,-0.26089155674
0.602935016155,-0.292858242989,0.806315302849,-0.485616803169,-0.374619781971,0.745732009411,-0.26023119688
0.602693140507,-0.292828887701,0.806020915508,-0.485494285822,-0.375062078238,0.745963454247,-0.259156733751
0.602458119392,-0.292753666639,0.805755734444,-0.485556602478,-0.375338226557,0.745931982994,-0.258730649948
0.602259099483,-0.292671084404,0.805483937263,-0.485273689032,-0.375854492188,0.746065616608,-0.25812625885
0.602031469345,-0.292495548725,0.805094361305,-0.484340190887,-0.376586645842,0.746288001537,-0.25816899538
0.601840376854,-0.292393684387,0.804793715477,-0.483999818563,-0.377419561148,0.746258556843,-0.257675975561
0.60154736042,-0.293342649937,0.805428087711,-0.496238678694,-0.37103497982,0.742586195469,-0.25425568223
0.60144340992,-0.29324567318,0.805109858513,-0.495094835758,-0.372391581535,0.74283272028,-0.25378164649
0.601374924183,-0.29313364625,0.804736375809,-0.494246989489,-0.373528718948,0.742929816246,-0.253478705883
0.601345598698,-0.293034642935,0.80445432663,-0.493525803089,-0.374732255936,0.742846906185,-0.253350824118
0.601650893688,-0.291941195726,0.803451180458,-0.480754822493,-0.383394986391,0.745290696621,-0.257730275393
0.601233839989,-0.29183319211,0.80305737257,-0.480670183897,-0.384297519922,0.744939923286,-0.257557779551
0.601256847382,-0.291775733232,0.802792429924,-0.480196595192,-0.385422766209,0.744663655758,-0.257558912039
0.601285159588,-0.291677981615,0.802444696426,-0.479346126318,-0.387438267469,0.744001209736,-0.258033216
0.601376533508,-0.291638791561,0.802185177803,-0.478863358498,-0.388926178217,0.743371367455,-0.258506178856
0.60146522522,-0.291641682386,0.801927149296,-0.478310525417,-0.390106767416,0.742950677872,-0.258959591389
0.601597070694,-0.291747480631,0.801661491394,-0.477893829346,-0.391055703163,0.742709636688,-0.258989334106
0.601515412331,-0.291797012091,0.801268458366,-0.478313326836,-0.391563922167,0.741280436516,-0.261529296637
0.601669311523,-0.291814655066,0.800874948502,-0.476875394583,-0.393141448498,0.740970849991,-0.262663155794
0.601927697659,-0.291985630989,0.800684452057,-0.476890563965,-0.394706010818,0.739931762218,-0.263217717409
0.602326691151,-0.291993409395,0.800475955009,-0.474641650915,-0.397386193275,0.7393450737,-0.264893472195
0.602304279804,-0.292377412319,0.800131201744,-0.474687218666,-0.399451613426,0.738149344921,-0.265039861202
0.602502822876,-0.292528539896,0.799761652946,-0.472822546959,-0.401967525482,0.737413942814,-0.266611456871
0.602769672871,-0.292765796185,0.799457192421,-0.472695201635,-0.403482019901,0.736127257347,-0.268101036549
0.603010475636,-0.292924314737,0.799160778522,-0.470725387335,-0.405169546604,0.735775053501,-0.269982248545
0.603503108025,-0.293113738298,0.799028098583,-0.469612509012,-0.407415866852,0.73537760973,-0.269622713327
0.603798627853,-0.293411821127,0.798654437065,-0.467733860016,-0.410275280476,0.734465301037,-0.271034866571
0.604220092297,-0.293719530106,0.798173844814,-0.465972393751,-0.412213146687,0.734253585339,-0.271701782942
0.604455888271,-0.293948918581,0.797921180725,-0.464853018522,-0.414306640625,0.733093500137,-0.273560851812
0.604795217514,-0.294172972441,0.79762762785,-0.462961226702,-0.416796863079,0.732136726379,-0.275541752577
0.605044841766,-0.294498711824,0.797285497189,-0.461367487907,-0.419470071793,0.730803728104,-0.277688384056
0.60540241003,-0.294820845127,0.796973466873,-0.459647923708,-0.421496987343,0.73012149334,-0.279261142015
0.605882763863,-0.295224130154,0.796835303307,-0.457348644733,-0.425007998943,0.729575037956,-0.279142737389
0.606158196926,-0.295493781567,0.796529650688,-0.455896496773,-0.427449196577,0.72815144062,-0.281497836113
0.606515288353,-0.295925825834,0.796287417412,-0.45408859849,-0.430874854326,0.726736009121,-0.282851874828
0.606909632683,-0.296567320824,0.796413600445,-0.451453983784,-0.437307775021,0.72455227375,-0.28279915452
0.607296645641,-0.296716094017,0.796485424042,-0.444258213043,-0.437642008066,0.724716484547,-0.293070226908
0.607108294964,-0.296476632357,0.795308470726,-0.449322134256,-0.434491544962,0.724366605282,-0.290894836187
0.607487201691,-0.296846389771,0.795180737972,-0.447061806917,-0.438392013311,0.722312569618,-0.293620377779
0.607608675957,-0.297316223383,0.79497551918,-0.446501076221,-0.440560400486,0.720762073994,-0.29503467679
0.608481049538,-0.297933667898,0.795200407505,-0.441717594862,-0.447833836079,0.720549166203,-0.291786640882
0.608382225037,-0.298152595758,0.794784426689,-0.440705507994,-0.449092149734,0.71838092804,-0.296688169241
0.608582854271,-0.298199653625,0.794340729713,-0.439807206392,-0.447713792324,0.718478441238,-0.299851417542
0.609319448471,-0.29821819067,0.794128417969,-0.43666395545,-0.448822706938,0.719202458858,-0.301049381495
0.609469652176,-0.298707038164,0.794030666351,-0.434036016464,-0.454214632511,0.716075956821,-0.304198980331
0.610371410847,-0.299427866936,0.794308423996,-0.429361820221,-0.461993962526,0.715170264244,-0.301233559847
0.611441850662,-0.299600154161,0.793995738029,-0.426579326391,-0.46202519536,0.717807710171,-0.29885622859
0.61119300127,-0.300029873848,0.793959677219,-0.424657672644,-0.467133522034,0.713109076023,-0.3048402071
0.61096996069,-0.300043284893,0.793273806572,-0.42530605197,-0.465030997992,0.711001813412,-0.311989277601
0.61118721962,-0.300501257181,0.793093681335,-0.424131512642,-0.467119127512,0.709741830826,-0.313334941864
0.6113499403,-0.300710886717,0.792618751526,-0.420018047094,-0.469689697027,0.709427714348,-0.315735399723
0.611742258072,-0.301051020622,0.792398154736,-0.416725605726,-0.473375558853,0.70768392086,-0.318494617939
0.61278963089,-0.301399230957,0.792599439621,-0.415599256754,-0.475264579058,0.706204533577,-0.320430994034
0.613143324852,-0.301838815212,0.792510032654,-0.414474874735,-0.477272689342,0.704497098923,-0.322653442621
0.613096833229,-0.302314192057,0.79209625721,-0.411156386137,-0.480423212051,0.703254640102,-0.324925839901
0.614529848099,-0.303545296192,0.793027460575,-0.406123757362,-0.493012338877,0.698434829712,-0.322786688805
0.61454474926,-0.303164631128,0.792226791382,-0.40866881609,-0.48389518261,0.70057696104,-0.32867500186
0.61443734169,-0.303604930639,0.791760921478,-0.40544244647,-0.485988199711,0.699825286865,-0.331174492836
0.614875912666,-0.304030001163,0.791706800461,-0.40272808075,-0.487932294607,0.699011147022,-0.333340227604
0.615156233311,-0.304402410984,0.791421592236,-0.400270104408,-0.48963907361,0.697582840919,-0.336772471666
0.616520047188,-0.304923504591,0.791801631451,-0.400153368711,-0.490278720856,0.697523057461,-0.336103618145
0.616537332535,-0.305453181267,0.791393399239,-0.396939456463,-0.492514252663,0.696883618832,-0.337967455387
0.618194282055,-0.305847346783,0.791168451309,-0.392251104116,-0.493201822042,0.701626420021,-0.332583159208
0.617504537106,-0.306315749884,0.791232407093,-0.393467873335,-0.494726210833,0.694959521294,-0.342724919319
0.618076145649,-0.306760281324,0.791205525398,-0.392238944769,-0.495303630829,0.694448828697,-0.34433093667
0.618676543236,-0.30728751421,0.791182100773,-0.391302853823,-0.496415823698,0.693516016006,-0.345671892166
0.61978828907,-0.307806611061,0.791425824165,-0.392323285341,-0.495486795902,0.693615913391,-0.345647782087
0.620323419571,-0.30824264884,0.79134708643,-0.390754401684,-0.496546566486,0.692332446575,-0.348465770483
0.620573043823,-0.308580130339,0.79101228714,-0.387455433607,-0.498316526413,0.691578984261,-0.351109176874
0.621190547943,-0.309001803398,0.790998458862,-0.386068850756,-0.499414265156,0.690561056137,-0.353074610233
0.622550606728,-0.309456110001,0.791366875172,-0.387792319059,-0.498503804207,0.690376102924,-0.352834165096
0.622603416443,-0.309884995222,0.790952205658,-0.38456428051,-0.50017863512,0.689441740513,-0.3558113873
0.623884677887,-0.310272365808,0.791365623474,-0.385939270258,-0.499654740095,0.688674449921,-0.356544077396
0.623975157738,-0.310798108578,0.791011810303,-0.383358359337,-0.501255631447,0.687760591507,-0.35883769393
0.624792933464,-0.311143815517,0.791019201279,-0.38275334239,-0.500796020031,0.688235640526,-0.359214603901
0.626258254051,-0.311769664288,0.791463911533,-0.386666327715,-0.499118179083,0.687663018703,-0.358454763889
0.626109182835,-0.311929613352,0.791018009186,-0.381688058376,-0.501417934895,0.686634361744,-0.362529367208
0.627204179764,-0.31322157383,0.79192006588,-0.377720057964,-0.512378096581,0.681805431843,-0.360468953848
0.628093123436,-0.312808603048,0.79142922163,-0.383577138186,-0.500011384487,0.686231672764,-0.363240033388
0.628358662128,-0.313070833683,0.79120349884,-0.380137711763,-0.501496553421,0.685553610325,-0.366077810526
0.628975987434,-0.313417226076,0.791199445724,-0.379446387291,-0.502062439919,0.684460401535,-0.368059366941
0.630212545395,-0.313924640417,0.791636586189,-0.382768779993,-0.500475525856,0.684444069862,-0.366808831692
0.630494654179,-0.314150571823,0.791440963745,-0.380024790764,-0.501479685307,0.683626949787,-0.369802057743
0.631136417389,-0.314524680376,0.791545033455,-0.379692196846,-0.501824855804,0.682842731476,-0.371122062206
0.63251709938,-0.31503123045,0.791898131371,-0.382825493813,-0.500169336796,0.682455658913,-0.370849847794
0.632575213909,-0.315152138472,0.791607141495,-0.37930226326,-0.500556230545,0.682866871357,-0.373183757067
0.633166193962,-0.315537452698,0.791676342487,-0.379155486822,-0.50051856041,0.682339608669,-0.374346166849
0.633645236492,-0.315860807896,0.79171693325,-0.379225820303,-0.500487208366,0.681640744209,-0.375587761402
0.63423705101,-0.316221088171,0.791821360588,-0.380498170853,-0.499788999557,0.680821537971,-0.376715093851
0.635148823261,-0.317485690117,0.792759776115,-0.37810882926,-0.509219646454,0.677277863026,-0.372858852148
0.636268794537,-0.317034900188,0.792303860188,-0.384242713451,-0.497270852327,0.681158185005,-0.375636458397
0.636607408524,-0.317590326071,0.792531371117,-0.387308299541,-0.495835125446,0.680485486984,-0.375605463982
0.636437892914,-0.31745865941,0.792080760002,-0.380609571934,-0.497767329216,0.680224657059,-0.380340248346
0.63686811924,-0.317712366581,0.792121112347,-0.380314558744,-0.497494310141,0.680220425129,-0.380999654531
0.638184845448,-0.318216621876,0.792591333389,-0.385731637478,-0.494549393654,0.680665552616,-0.378584891558
0.638774394989,-0.318663835526,0.792811155319,-0.3840097785,-0.497565716505,0.679717063904,-0.378086924553
0.638019680977,-0.318437457085,0.792270362377,-0.382069081068,-0.494771897793,0.680365800858,-0.382526487112
0.638391017914,-0.318707227707,0.792365729809,-0.383527368307,-0.493853896856,0.680102348328,-0.382721692324
0.638721585274,-0.318905889988,0.792370557785,-0.384214043617,-0.493306189775,0.679676771164,-0.383494585752
0.639039814472,-0.319084703922,0.792410314083,-0.384747952223,-0.49287623167,0.679254591465,-0.384259432554
0.640159130096,-0.31925997138,0.792486310005,-0.385822296143,-0.492189317942,0.678957641125,-0.384587138891
0.640553951263,-0.319302082062,0.792429745197,-0.38544100523,-0.491121858358,0.679819881916,-0.384811133146
0.640746116638,-0.319383561611,0.792418599129,-0.385676860809,-0.490735530853,0.679551780224,-0.385540515184
0.640264689922,-0.31937289238,0.792202234268,-0.383868247271,-0.491129606962,0.679479658604,-0.386968135834
0.640322685242,-0.319464713335,0.792167365551,-0.384047687054,-0.490822345018,0.678972482681,-0.388068467379
0.64039516449,-0.319483906031,0.792133450508,-0.384691208601,-0.490728974342,0.678375005722,-0.388594001532
0.640456259251,-0.319509893656,0.792097449303,-0.38522157073,-0.490339845419,0.678053975105,-0.38911947608
0.640450716019,-0.319488525391,0.792059540749,-0.385640949011,-0.490027844906,0.677634000778,-0.389828115702
0.640372097492,-0.319445252419,0.792012453079,-0.385940402746,-0.489665001631,0.677463948727,-0.390283048153
0.64099496603,-0.319524914026,0.792256474495,-0.389051169157,-0.488459348679,0.677221477032,-0.38912448287
0.640824437141,-0.319454044104,0.792213618755,-0.38910523057,-0.488267183304,0.677356779575,-0.389076322317
0.640404462814,-0.319503724575,0.792240560055,-0.390984535217,-0.487503737211,0.677161753178,-0.388488531113
0.640187859535,-0.319186478853,0.792172908783,-0.388983219862,-0.488446325064,0.676830768585,-0.389887720346
0.639884471893,-0.319057613611,0.792123258114,-0.389823526144,-0.487993746996,0.67697930336,-0.389356940985
0.639517366886,-0.318840742111,0.792122840881,-0.390549778938,-0.487241357565,0.677096307278,-0.389367938042
0.639199197292,-0.318619728088,0.79208612442,-0.390843838453,-0.486521333456,0.677936315536,-0.388510644436
0.637905240059,-0.318245559931,0.791616082191,-0.386584669352,-0.487878531218,0.678803324699,-0.389554917812
0.638189136982,-0.318300753832,0.792001605034,-0.39175966382,-0.485705822706,0.679149448872,-0.386484503746
0.637496948242,-0.318118661642,0.792052865028,-0.392256736755,-0.48550465703,0.679112493992,-0.386298060417
0.636026024818,-0.317843437195,0.79172873497,-0.390435606241,-0.485696226358,0.680330634117,-0.385758459568
0.636311590672,-0.317593187094,0.791822195053,-0.391314059496,-0.484681755304,0.681327521801,-0.38438218832
0.634938895702,-0.317310363054,0.791523098946,-0.389417439699,-0.484880298376,0.682222247124,-0.384471058846
0.634437143803,-0.317325174809,0.791727423668,-0.387857437134,-0.487992107868,0.6827018857,-0.381246179342
0.634532392025,-0.317164689302,0.791970014572,-0.390979498625,-0.485702127218,0.683895289898,-0.37883490324
0.632984638214,-0.316835463047,0.791782259941,-0.38970848918,-0.485914587975,0.68486815691,-0.378113478422
0.632393062115,-0.316542416811,0.791656494141,-0.388451844454,-0.486119389534,0.68550568819,-0.377988398075
0.631913542747,-0.316081464291,0.791639685631,-0.392943292856,-0.480486154556,0.687097132206,-0.377658843994
0.630926012993,-0.315619111061,0.791264295578,-0.390086531639,-0.480763167143,0.688449800014,-0.377804368734
0.630241572857,-0.315292388201,0.791334748268,-0.390661209822,-0.479575693607,0.690005123615,-0.375877678394
0.630799591541,-0.315307527781,0.791741073132,-0.390363037586,-0.482382267714,0.690175116062,-0.372266530991
0.629342734814,-0.314906358719,0.791526317596,-0.387989640236,-0.483527749777,0.689972281456,-0.373635321856
0.628875553608,-0.314598143101,0.791517853737,-0.388167500496,-0.483188897371,0.690524697304,-0.372867614031
0.62841963768,-0.314283430576,0.791482806206,-0.387437671423,-0.483332306147,0.691315174103,-0.371974766254
0.628557741642,-0.313846558332,0.791614532471,-0.392990022898,-0.477499574423,0.692746758461,-0.371018618345
0.628273487091,-0.313530951738,0.79158270359,-0.393279492855,-0.476871490479,0.693551421165,-0.370015501976
0.626812934875,-0.313166052103,0.791232943535,-0.390961587429,-0.478431671858,0.692687571049,-0.372070223093
0.626647233963,-0.312783479691,0.791002988815,-0.388449221849,-0.479744762182,0.692679703236,-0.373024106026
0.626397013664,-0.312518626451,0.790932536125,-0.388118207455,-0.479902535677,0.692795276642,-0.37295126915
0.626157104969,-0.312260568142,0.790842652321,-0.387639462948,-0.480374515057,0.692732572556,-0.37295794487
0.625976860523,-0.312052875757,0.790744185448,-0.38796928525,-0.480847924948,0.692061185837,-0.373251199722
0.625862300396,-0.311919093132,0.790614187717,-0.388424992561,-0.481382578611,0.691670835018,-0.372811377048
0.625850558281,-0.312162399292,0.790848195553,-0.38851198554,-0.484635233879,0.690670013428,-0.370354086161
0.625580489635,-0.311805784702,0.790432035923,-0.389858454466,-0.481797575951,0.690720438957,-0.372540980577
0.625748515129,-0.312005698681,0.790568351746,-0.388234257698,-0.486142367125,0.68919724226,-0.371412247419
0.625506877899,-0.311705261469,0.790134191513,-0.389563560486,-0.48336571455,0.689038336277,-0.373930573463
0.625867187977,-0.311829596758,0.790096759796,-0.38558998704,-0.488969236612,0.687372267246,-0.373830109835
0.625594973564,-0.311615735292,0.789655387402,-0.387268662453,-0.486252337694,0.686748683453,-0.376773148775
0.625628113747,-0.311656445265,0.789486169815,-0.387614488602,-0.487123936415,0.685599505901,-0.377384215593
0.625535905361,-0.311737477779,0.789463281631,-0.388935625553,-0.48717674613,0.684680461884,-0.377624899149
0.625683367252,-0.31171771884,0.789202094078,-0.387706845999,-0.488499432802,0.683770358562,-0.378826916218
0.625687420368,-0.311733424664,0.789016127586,-0.38782402873,-0.488758474588,0.683106064796,-0.379570841789
0.625786542892,-0.311554700136,0.789074659348,-0.38279286027,-0.48474240303,0.68364328146,-0.388749718666
0.625851154327,-0.311585277319,0.788968920708,-0.38486418128,-0.486281812191,0.681471824646,-0.388594567776
0.625865578651,-0.31182706356,0.788581132889,-0.387762188911,-0.489878177643,0.681491613388,-0.381089448929
0.626698791981,-0.312061846256,0.788917064667,-0.392118632793,-0.488298863173,0.68120855093,-0.379159748554
0.626654565334,-0.312031507492,0.788767397404,-0.391537636518,-0.489158719778,0.680323064327,-0.380240410566
0.626713812351,-0.311949580908,0.788546681404,-0.389720439911,-0.489803761244,0.680480182171,-0.380994826555
0.626776695251,-0.311894565821,0.788447499275,-0.389115124941,-0.489639818668,0.680588304996,-0.38163086772
0.626842617989,-0.311822235584,0.788398563862,-0.388072341681,-0.488831371069,0.680831551552,-0.383291482925
0.626937747002,-0.311660975218,0.78857254982,-0.386948078871,-0.487423986197,0.679379999638,-0.388756811619
0.627264797688,-0.311997711658,0.78888553381,-0.382263481617,-0.490948855877,0.679596841335,-0.388577014208
0.62739109993,-0.312086105347,0.788959741592,-0.381031274796,-0.492316663265,0.678896546364,-0.389280050993
0.627517044544,-0.312259614468,0.78902721405,-0.383621931076,-0.496132552624,0.675894975662,-0.387108296156
0.62776517868,-0.312629908323,0.78896099329,-0.385828226805,-0.499807357788,0.675655603409,-0.380550533533
0.627953052521,-0.312487751245,0.789354920387,-0.385573983192,-0.49873316288,0.671606063843,-0.389285475016
0.628071367741,-0.312576413155,0.789242386818,-0.381228089333,-0.498321026564,0.674475967884,-0.389131724834
0.631123781204,-0.312272280455,0.787797272205,-0.376748174429,-0.491895645857,0.690221369267,-0.373756766319
0.631301879883,-0.312301427126,0.787738442421,-0.376624524593,-0.492511540651,0.689560055733,-0.374290347099
0.631351411343,-0.312543153763,0.787779867649,-0.378867685795,-0.491737306118,0.689170181751,-0.373762220144
0.631600856781,-0.312261015177,0.787692546844,-0.379635125399,-0.494434267282,0.684744894505,-0.377540022135
0.631530761719,-0.312306284904,0.78754901886,-0.378472656012,-0.493875682354,0.685926616192,-0.377293050289
0.631518244743,-0.312271535397,0.787471413612,-0.378930181265,-0.492650091648,0.685515224934,-0.37917894125
0.631547927856,-0.312292575836,0.787410497665,-0.379200130701,-0.491857290268,0.685197114944,-0.38051122427
0.629731357098,-0.312541782856,0.788476228714,-0.383471310139,-0.494919329882,0.674140036106,-0.391841679811
0.630034983158,-0.312852054834,0.788596153259,-0.383068412542,-0.497347056866,0.673807263374,-0.389728397131
0.630107402802,-0.31287881732,0.788494229317,-0.380700349808,-0.4935734272,0.675627529621,-0.393675088882
0.630269229412,-0.31305706501,0.788503527641,-0.380502343178,-0.493747293949,0.675428926945,-0.393989086151
0.630377650261,-0.31325289607,0.788331508636,-0.381661772728,-0.495960384607,0.67374587059,-0.392968535423
0.630568146706,-0.313454091549,0.788300156593,-0.381899356842,-0.496575802565,0.673481106758,-0.392413824797
0.630748033524,-0.31378787756,0.788084745407,-0.382378131151,-0.498077362776,0.674642384052,-0.388025403023
0.633055746555,-0.313859552145,0.786979079247,-0.379414200783,-0.494607239962,0.685801148415,-0.375613152981
0.63325470686,-0.314030855894,0.786956071854,-0.379454135895,-0.494805693626,0.685773074627,-0.375362962484
0.633514046669,-0.31427782774,0.786998152733,-0.379845708609,-0.494153797626,0.685866236687,-0.375655174255
0.633780956268,-0.314450114965,0.786966741085,-0.379338294268,-0.494306325912,0.685738503933,-0.376200079918
0.634096682072,-0.314631223679,0.787212610245,-0.380951344967,-0.493666946888,0.685257911682,-0.376285463572
0.634399950504,-0.314900159836,0.787269949913,-0.382298648357,-0.493166923523,0.685065507889,-0.375924915075
0.634679198265,-0.315059691668,0.787263631821,-0.382571160793,-0.493027627468,0.684730291367,-0.376440405846
0.634803414345,-0.315434008837,0.787311911583,-0.385322988033,-0.492233783007,0.684036135674,-0.375934660435
0.635087132454,-0.315642982721,0.787276268005,-0.385374367237,-0.492211967707,0.68375056982,-0.376429736614
0.635441184044,-0.315897315741,0.787108540535,-0.38527533412,-0.492338240147,0.68328922987,-0.377202600241
0.635738372803,-0.316096931696,0.787352442741,-0.387279719114,-0.491417497396,0.682770967484,-0.37728908658
0.636002421379,-0.316297769547,0.787275075912,-0.386964470148,-0.491426765919,0.682423889637,-0.378227323294
0.634643256664,-0.316404551268,0.787793278694,-0.385264903307,-0.496431171894,0.672679364681,-0.390678435564
0.636891663074,-0.316485822201,0.787087619305,-0.38203895092,-0.494303435087,0.682108104229,-0.380051225424
0.637106776237,-0.316649109125,0.787083566189,-0.382196426392,-0.494047164917,0.681740999222,-0.380884110928
0.63730764389,-0.316838800907,0.787093997002,-0.382526487112,-0.493885606527,0.681113779545,-0.381883084774
0.63748550415,-0.31700900197,0.787090182304,-0.382755815983,-0.493579655886,0.680811822414,-0.382586359978
0.637698888779,-0.317343235016,0.787133097649,-0.384050130844,-0.4929946661,0.68067830801,-0.382281064987
0.637938797474,-0.317600905895,0.787243425846,-0.385810315609,-0.491998225451,0.680414736271,-0.382261604071
0.638088047504,-0.317885190248,0.787345468998,-0.387774854898,-0.491047292948,0.680244386196,-0.381799250841
0.638177335262,-0.318050503731,0.787352144718,-0.38798481226,-0.490688174963,0.680109977722,-0.382286965847
0.638206481934,-0.318204164505,0.787372469902,-0.38852506876,-0.490113645792,0.679909527302,-0.38283136487
0.638217926025,-0.318340867758,0.78740465641,-0.388721227646,-0.489588648081,0.679748177528,-0.383589953184
0.638197243214,-0.318485558033,0.787434458733,-0.389060825109,-0.48930850625,0.67947435379,-0.384088069201
0.63816088438,-0.318610608578,0.787445664406,-0.389131814241,-0.488621175289,0.679610013962,-0.384650796652
0.637075901031,-0.318159371614,0.786583006382,-0.378840446472,-0.492215424776,0.679562926292,-0.390381962061
0.636945128441,-0.318258374929,0.786594986916,-0.379160225391,-0.491957575083,0.679391026497,-0.390695810318
0.637684941292,-0.31882339716,0.787430524826,-0.388949781656,-0.487913012505,0.679121792316,-0.386591076851
0.637471795082,-0.319028496742,0.787554979324,-0.391166687012,-0.486877769232,0.678805410862,-0.386214911938
0.637237429619,-0.319245785475,0.787674188614,-0.393480747938,-0.485815703869,0.678587257862,-0.385584533215
0.636804878712,-0.319611400366,0.787976384163,-0.398428499699,-0.483767062426,0.678281545639,-0.383612304926
0.635684669018,-0.319214195013,0.787547051907,-0.392364531755,-0.486131936312,0.677921950817,-0.387489020824
0.635269939899,-0.319236904383,0.787590026855,-0.392995923758,-0.485297173262,0.678343594074,-0.387157529593
0.634642422199,-0.319340735674,0.78781068325,-0.396795898676,-0.482751876116,0.67858082056,-0.386046379805
0.634815692902,-0.319216072559,0.787917256355,-0.398745834827,-0.479879081249,0.678988575935,-0.386900871992
0.63224196434,-0.319049030542,0.787752330303,-0.400330305099,-0.478607207537,0.674040198326,-0.395399332047
0.632139027119,-0.319157212973,0.788009464741,-0.399731636047,-0.479657232761,0.676264584064,-0.390909105539
0.631767034531,-0.319314956665,0.788341283798,-0.408050328493,-0.474233865738,0.674963533878,-0.391179829836
0.630253493786,-0.319073230028,0.788107395172,-0.406259506941,-0.473759233952,0.676426291466,-0.391092002392
0.62973177433,-0.318872213364,0.788029074669,-0.405944049358,-0.472559481859,0.677905499935,-0.390309125185
0.629820942879,-0.318999171257,0.788538396358,-0.411677420139,-0.469224631786,0.678815901279,-0.386728852987
0.629067122936,-0.318800628185,0.788686156273,-0.412850916386,-0.467203646898,0.680245757103,-0.38540956378
0.628120422363,-0.318555146456,0.788685679436,-0.4135453403,-0.465800642967,0.681656420231,-0.383867889643
0.626700401306,-0.318428695202,0.788357496262,-0.413006126881,-0.464459329844,0.683469772339,-0.382847964764
0.626368999481,-0.31830021739,0.788863897324,-0.417663276196,-0.461314320564,0.684120714664,-0.380427867174
0.62499588728,-0.318150132895,0.788504838943,-0.417627155781,-0.460172265768,0.685774981976,-0.378869146109
0.624924004078,-0.317921996117,0.788941442966,-0.421614944935,-0.455640912056,0.688116669655,-0.375669807196
0.623080670834,-0.317641705275,0.788631081581,-0.421155691147,-0.454844474792,0.689016640186,-0.375500410795
0.623014390469,-0.317607343197,0.789246559143,-0.426825582981,-0.451042115688,0.690551042557,-0.370837241411
0.621799945831,-0.317270129919,0.789028406143,-0.42408645153,-0.451701104641,0.694421172142,-0.365918129683
0.620193243027,-0.31682908535,0.788880288601,-0.426719933748,-0.44734326005,0.694594025612,-0.367877006531
0.619224786758,-0.316554039717,0.788961112499,-0.428828239441,-0.444933146238,0.696375072002,-0.364969551563
0.618643820286,-0.316245347261,0.789265275002,-0.428821086884,-0.443527758121,0.700077056885,-0.359566181898
0.617595970631,-0.315935522318,0.789468050003,-0.432042270899,-0.440164506435,0.701590299606,-0.356883704662
0.61606323719,-0.31556943059,0.78935277462,-0.436222076416,-0.435571879148,0.702257215977,-0.356121212244
0.615480184555,-0.315342158079,0.789808034897,-0.437323182821,-0.434236317873,0.705707192421,-0.349520742893
0.614374220371,-0.314933866262,0.789962410927,-0.43972158432,-0.430884927511,0.707728624344,-0.346559554338
0.613348484039,-0.314600199461,0.790205597878,-0.441526681185,-0.427674293518,0.710333108902,-0.342893242836
0.612014472485,-0.314121425152,0.790486454964,-0.446602344513,-0.421466886997,0.712249696255,-0.340018153191
0.610679090023,-0.313662528992,0.790426015854,-0.446574926376,-0.41953805089,0.713558316231,-0.339695960283
0.609630167484,-0.313388794661,0.790729999542,-0.44970485568,-0.415851712227,0.715620994568,-0.335737675428
0.609678983688,-0.313104480505,0.791540145874,-0.454233705997,-0.410670608282,0.719056248665,-0.328602313995
0.607809364796,-0.31274420023,0.791609406471,-0.456993669271,-0.408079773188,0.719351530075,-0.327354848385
0.606794476509,-0.312388718128,0.791835784912,-0.457925647497,-0.406031519175,0.721822738647,-0.323132395744
0.60584461689,-0.312006443739,0.792079329491,-0.459815561771,-0.403364777565,0.723886966705,-0.319146066904
0.604782164097,-0.311405897141,0.792338848114,-0.459264338017,-0.402471572161,0.725547790527,-0.317290663719
0.603588044643,-0.311250060797,0.792532444,-0.462517917156,-0.40012010932,0.727118611336,-0.31189674139
0.603097498417,-0.31065222621,0.79289317131,-0.46209526062,-0.398799091578,0.730039536953,-0.307359158993
0.601677298546,-0.310331344604,0.793143510818,-0.465107768774,-0.397017002106,0.730236709118,-0.304641753435
0.601102173328,-0.309793055058,0.793275356293,-0.463050931692,-0.397359073162,0.732275307178,-0.302427917719
0.599379837513,-0.309539556503,0.793493270874,-0.466985374689,-0.396642744541,0.730637848377,-0.301276803017
0.598945021629,-0.308786481619,0.793911159039,-0.465798527002,-0.396355032921,0.733053684235,-0.297601819038
0.598000109196,-0.308520674706,0.794077634811,-0.466386646032,-0.397515207529,0.733769714832,-0.293337881565
0.596808493137,-0.30788487196,0.794226050377,-0.467380940914,-0.396418213844,0.733682513237,-0.293458282948
0.595953226089,-0.307277739048,0.794303655624,-0.467102229595,-0.397133141756,0.734087228775,-0.29191917181
0.595380246639,-0.306472927332,0.794596254826,-0.465681165457,-0.397773295641,0.735155045986,-0.290628165007
0.594411849976,-0.306105613708,0.794818282127,-0.466106504202,-0.400232762098,0.734597802162,-0.287966221571
0.59367865324,-0.305420845747,0.794955134392,-0.466178268194,-0.401144146919,0.73468130827,-0.28636443615
0.593040168285,-0.304814577103,0.795104026794,-0.466307938099,-0.400816440582,0.735621511936,-0.284190416336
0.592102825642,-0.303803682327,0.795045495033,-0.465937942266,-0.400638848543,0.735579311848,-0.2851549685
0.591148912907,-0.30322432518,0.795211672783,-0.467727780342,-0.4015186131,0.733725428581,-0.285763263702
0.590988397598,-0.302553057671,0.795433402061,-0.465577065945,-0.403615653515,0.73578619957,-0.280982375145
0.590498805046,-0.301886081696,0.795585513115,-0.466591626406,-0.403143048286,0.736224770546,-0.278820902109
0.589837908745,-0.300932496786,0.795500278473,-0.466691643,-0.40217512846,0.736454725266,-0.279443562031
0.589378356934,-0.300151079893,0.795537590981,-0.467525392771,-0.402259588242,0.7365706563,-0.277616679668
0.589058935642,-0.299562543631,0.795690000057,-0.469552129507,-0.401206254959,0.736840367317,-0.274992018938
0.589076638222,-0.300136476755,0.796658635139,-0.483242839575,-0.392609775066,0.735941946507,-0.265939086676
0.588854372501,-0.29954007268,0.796600401402,-0.483491063118,-0.392478317022,0.736527502537,-0.264054268599
0.588711500168,-0.297623038292,0.795667648315,-0.469689786434,-0.400722831488,0.738758921623,-0.270274192095
0.5881549716,-0.297296524048,0.795660495758,-0.473136812449,-0.398418694735,0.738848090172,-0.267409294844
0.588115215302,-0.296962857246,0.795621037483,-0.474378794432,-0.397452920675,0.739245176315,-0.265542328358
0.588092684746,-0.296667695045,0.795566797256,-0.47539126873,-0.396678090096,0.739622890949,-0.26383292675
0.588111579418,-0.296414375305,0.795499444008,-0.476331263781,-0.395711123943,0.739870071411,-0.262894630432
0.588152229786,-0.296176552773,0.795426189899,-0.47715947032,-0.394507735968,0.740092337132,-0.262575238943
0.588257908821,-0.296063393354,0.795323133469,-0.478069454432,-0.394437521696,0.739560246468,-0.262525111437
0.588471412659,-0.296018987894,0.795295238495,-0.478746712208,-0.394364476204,0.739097833633,-0.262702405453
0.588646292686,-0.2960280478,0.795222818851,-0.479108422995,-0.394729912281,0.738452613354,-0.263308405876
0.588883876801,-0.296117275953,0.795125842094,-0.479252457619,-0.395858347416,0.737261354923,-0.264686971903
0.589268326759,-0.296159356833,0.794956922531,-0.478218704462,-0.396368682384,0.737414360046,-0.265365719795
0.589506268501,-0.296274542809,0.794880390167,-0.478345751762,-0.397709995508,0.736087799072,-0.266809374094
0.589790642262,-0.296476572752,0.794839084148,-0.478685706854,-0.398313641548,0.73500752449,-0.268272697926
0.590238809586,-0.296640068293,0.794728159904,-0.478317052126,-0.399505466223,0.733861029148,-0.270289152861
0.590536296368,-0.296767324209,0.794691443443,-0.477778255939,-0.40042719245,0.733022272587,-0.272147685289
0.590827226639,-0.296946376562,0.794651985168,-0.477482765913,-0.401512295008,0.732070326805,-0.273625999689
0.591173708439,-0.297095775604,0.794577598572,-0.476240009069,-0.403182774782,0.731268525124,-0.275473505259
0.591621279716,-0.297316402197,0.794587731361,-0.475732475519,-0.404893994331,0.730061650276,-0.277036905289
0.591988325119,-0.297470271587,0.794525027275,-0.475214451551,-0.406454533339,0.728855967522,-0.278810143471
0.592340767384,-0.29761967063,0.794450104237,-0.474393755198,-0.407543450594,0.728265285492,-0.280157983303
0.592499494553,-0.297809690237,0.794248700142,-0.474172145128,-0.408652275801,0.726638734341,-0.283126115799
0.593358874321,-0.297896385193,0.794254899025,-0.472551286221,-0.409474432468,0.727646827698,-0.282056987286
0.593750536442,-0.298025488853,0.794220209122,-0.472437739372,-0.410777419806,0.726530611515,-0.283227592707
0.594165444374,-0.298147857189,0.794209063053,-0.47142469883,-0.41253131628,0.7258207798,-0.284184902906
0.594619989395,-0.298237353563,0.794232785702,-0.471155226231,-0.413590401411,0.724809288979,-0.285669595003
0.59503364563,-0.298359334469,0.794194638729,-0.470506966114,-0.415094196796,0.724008619785,-0.286586225033
0.595442652702,-0.298358827829,0.794076919556,-0.469139963388,-0.416587233543,0.723382115364,-0.288237899542
0.596236824989,-0.298560231924,0.794066786766,-0.467414349318,-0.418621271849,0.723903000355,-0.286783307791
0.596897780895,-0.298495829105,0.794041991234,-0.465900272131,-0.420542806387,0.723107457161,-0.28843793273
0.596956789494,-0.298543006182,0.793810129166,-0.467821985483,-0.418865561485,0.721987962723,-0.290564626455
0.597326397896,-0.298519819975,0.793633460999,-0.466565400362,-0.420135945082,0.721462786198,-0.292051434517
0.59783166647,-0.298592686653,0.793582201004,-0.467248141766,-0.42071646452,0.720245718956,-0.293126106262
0.598048448563,-0.298630267382,0.793390393257,-0.466663211584,-0.421616584063,0.718971788883,-0.295879304409
0.598839700222,-0.298611372709,0.793321728706,-0.465680629015,-0.421565145254,0.720287263393,-0.294297099113
0.599273204803,-0.298626571894,0.793210029602,-0.465220302343,-0.422226011753,0.719741761684,-0.295410305262
0.59980982542,-0.298655539751,0.793068349361,-0.464952409267,-0.423341065645,0.718667984009,-0.296846777201
0.600257098675,-0.298690110445,0.792913556099,-0.463947892189,-0.424371987581,0.718139231205,-0.298222899437
0.600520372391,-0.298862367868,0.79266422987,-0.463443309069,-0.425891548395,0.716441631317,-0.300912171602
0.601437747478,-0.29873213172,0.792466819286,-0.460893362761,-0.427199184895,0.716664910316,-0.302439361811
0.601768374443,-0.298922032118,0.792278528214,-0.46087282896,-0.427896738052,0.715697705746,-0.30377215147
0.602262914181,-0.298961192369,0.792132556438,-0.460243821144,-0.429007560015,0.714677810669,-0.305555254221
0.603152155876,-0.298976719379,0.792105078697,-0.458905130625,-0.430399984121,0.713594555855,-0.308131337166
0.60349291563,-0.298969715834,0.791999280453,-0.457735955715,-0.431578427553,0.712748110294,-0.310174465179
0.603934526443,-0.299211859703,0.791810810566,-0.457971423864,-0.43200135231,0.712037265301,-0.310869842768
0.604933738708,-0.29938942194,0.79184627533,-0.457539916039,-0.432794749737,0.711156129837,-0.312414765358
0.605043113232,-0.299584299326,0.791754245758,-0.457001239061,-0.434497326612,0.709621489048,-0.3143235147
0.605484604836,-0.2996494174,0.791638255119,-0.455574393272,-0.435516148806,0.708722054958,-0.317002803087
0.606247425079,-0.299777030945,0.791729331017,-0.453956544399,-0.43708088994,0.707982718945,-0.318817049265
0.607274770737,-0.300104290247,0.791943669319,-0.452589303255,-0.438978224993,0.709210813046,-0.315406113863
0.607247650623,-0.300221592188,0.791797220707,-0.454230189323,-0.437757909298,0.707778394222,-0.317950934172
0.607312500477,-0.300404399633,0.791721582413,-0.454303026199,-0.438418090343,0.705694079399,-0.321549773216
0.608100354671,-0.300599128008,0.791858553886,-0.453697144985,-0.438954234123,0.705250680447,-0.322644680738
0.607624292374,-0.300647169352,0.791369736195,-0.449932008982,-0.441713273525,0.705040216446,-0.324605941772
0.608278512955,-0.300873249769,0.79164236784,-0.450497329235,-0.441588789225,0.704810857773,-0.324489325285
0.60857385397,-0.30104637146,0.791627168655,-0.449795246124,-0.44202414155,0.704826951027,-0.324835270643
0.608797371387,-0.301195412874,0.791658818722,-0.44915252924,-0.442427068949,0.704644382,-0.32557117939
0.60901671648,-0.301298946142,0.791667521,-0.448426693678,-0.442732095718,0.704747021198,-0.325934737921
0.609005868435,-0.30128005147,0.791378259659,-0.446254491806,-0.44333255291,0.705512225628,-0.326444119215
0.609160244465,-0.301356941462,0.791396379471,-0.445540249348,-0.443826347589,0.705445587635,-0.326892614365
0.609331607819,-0.301405191422,0.791407227516,-0.44468781352,-0.444187670946,0.705519556999,-0.327402174473
0.609523773193,-0.301445007324,0.791430830956,-0.443965673447,-0.44498822093,0.705253839493,-0.32786744833
0.609697639942,-0.301480561495,0.791447520256,-0.443263202906,-0.445657938719,0.705149352551,-0.328133016825
0.609888911247,-0.301503002644,0.791469812393,-0.442457228899,-0.446354776621,0.705068767071,-0.328446298838
0.610841870308,-0.301612734795,0.791829526424,-0.443014532328,-0.446504116058,0.704793870449,-0.328081995249
0.611062884331,-0.301509767771,0.791704058647,-0.440383195877,-0.448190242052,0.704796373844,-0.329317837954
0.611395597458,-0.301606625319,0.7918176651,-0.440359503031,-0.448903471231,0.70449411869,-0.32902482152
0.611616492271,-0.301646113396,0.791856348515,-0.439997076988,-0.449639797211,0.704068958759,-0.32941403985
0.611849784851,-0.301634550095,0.791827440262,-0.440043121576,-0.450450748205,0.703157544136,-0.330190688372
0.611737847328,-0.301619768143,0.791747927666,-0.438580811024,-0.452390223742,0.702451825142,-0.330985754728
0.611992359161,-0.301621288061,0.791705489159,-0.437849313021,-0.453268975019,0.702031910419,-0.331642061472
0.612322092056,-0.301606148481,0.791642069817,-0.436971515417,-0.454169034958,0.701593697071,-0.332494854927
0.612714469433,-0.301599651575,0.791535198689,-0.435710191727,-0.455318927765,0.701077759266,-0.333663076162
0.61318731308,-0.301467120647,0.791515111923,-0.433336317539,-0.457087159157,0.700672149658,-0.335185736418
0.613466024399,-0.301453649998,0.791464745998,-0.433002769947,-0.458389133215,0.699385583401,-0.336523264647
0.613588213921,-0.30158996582,0.791351854801,-0.433363467455,-0.458678156137,0.698833703995,-0.336811631918
0.613842368126,-0.301636099815,0.791308522224,-0.432730704546,-0.459588766098,0.698041975498,-0.338023275137
0.613767981529,-0.301608920097,0.790995776653,-0.430415034294,-0.46107634902,0.697408914566,-0.340253382921
0.613989233971,-0.301633477211,0.790874838829,-0.428820669651,-0.462363809347,0.696743011475,-0.341879814863
0.614627718925,-0.301751792431,0.791114449501,-0.429811626673,-0.462135225534,0.696023464203,-0.342409580946
0.615018725395,-0.301746755838,0.791120707989,-0.429033517838,-0.462917566299,0.695321381092,-0.343752563
0.615197181702,-0.30183121562,0.791074097157,-0.428139954805,-0.463265001774,0.695086956024,-0.344870746136
0.61536949873,-0.301921844482,0.79095697403,-0.426876246929,-0.464350998402,0.69469499588,-0.345765560865
0.615735888481,-0.302246123552,0.791002750397,-0.428990453482,-0.463259875774,0.694495677948,-0.345011800528
0.615096628666,-0.302079766989,0.790483117104,-0.424993187189,-0.465047121048,0.69470012188,-0.3471365273
0.615231454372,-0.302131891251,0.790419578552,-0.424658685923,-0.464835882187,0.694871902466,-0.347484976053
0.615363001823,-0.302205443382,0.790352106094,-0.425045669079,-0.46481654048,0.694636166096,-0.347508698702
0.615454733372,-0.302236258984,0.790300250053,-0.425084203482,-0.464485913515,0.694810092449,-0.347556531429
0.615565419197,-0.302291035652,0.7903034091,-0.425828188658,-0.463887244463,0.694980621338,-0.347103834152
0.615749061108,-0.302333503962,0.790266096592,-0.426629275084,-0.46311545372,0.695228099823,-0.346654653549
0.615797162056,-0.302315622568,0.790211796761,-0.426771134138,-0.462843567133,0.695346653461,-0.346605479717
0.615847766399,-0.302279174328,0.790169239044,-0.427085787058,-0.462424486876,0.695510089397,-0.346449136734
0.615856766701,-0.302230834961,0.790116667747,-0.427183806896,-0.462267637253,0.695571422577,-0.346414655447
0.61585599184,-0.302168279886,0.79007434845,-0.427301883698,-0.462178230286,0.695615470409,-0.346299767494
0.615795612335,-0.302040368319,0.790003061295,-0.426903486252,-0.462271928787,0.695763707161,-0.346368432045
0.615717113018,-0.301845669746,0.789938211441,-0.426939696074,-0.46192201972,0.695866823196,-0.346583485603
0.615677654743,-0.301734954119,0.789914011955,-0.427266120911,-0.461667239666,0.696016967297,-0.346219062805
0.615626394749,-0.301612824202,0.78988802433,-0.427264928818,-0.461463600397,0.696492791176,-0.345534384251
0.61555480957,-0.301483184099,0.789906084538,-0.42756959796,-0.461304813623,0.696674764156,-0.345002174377
0.615483462811,-0.301355928183,0.789907574654,-0.427907556295,-0.461030840874,0.696939110756,-0.344414830208
0.615460813046,-0.301205486059,0.789922773838,-0.428127884865,-0.460648775101,0.697583436966,-0.343346327543
0.615370988846,-0.301055014133,0.789941966534,-0.428397625685,-0.460183858871,0.698125720024,-0.342530041933
0.615650832653,-0.301022231579,0.790264129639,-0.430527806282,-0.459017932415,0.698352456093,-0.340957909822
0.615549981594,-0.300899326801,0.790289998055,-0.430877685547,-0.458687067032,0.698680460453,-0.340288698673
0.615436732769,-0.300767362118,0.79029417038,-0.431125551462,-0.45826998353,0.699139237404,-0.339593440294
0.615505754948,-0.300543308258,0.790377676487,-0.430665254593,-0.45850789547,0.699448764324,-0.339219003916
0.615237474442,-0.300541371107,0.790354132652,-0.432006567717,-0.457524508238,0.699858903885,-0.337992995977
0.615309715271,-0.30034032464,0.790401339531,-0.43122664094,-0.457595229149,0.700316011906,-0.337946563959
0.615155220032,-0.300265491009,0.790436625481,-0.431530803442,-0.457534193993,0.700321912766,-0.337628662586
0.614875912666,-0.300218731165,0.790390729904,-0.432962924242,-0.455969929695,0.7009075284,-0.336694628
0.614946365356,-0.300045162439,0.790422141552,-0.432131618261,-0.456177800894,0.701505303383,-0.336235761642
0.614841938019,-0.299997389317,0.790442585945,-0.432512134314,-0.455926269293,0.701659858227,-0.335764765739
0.61474776268,-0.299943119287,0.790453374386,-0.432751387358,-0.455685436726,0.701890230179,-0.335301995277
0.614652991295,-0.299893945456,0.79048126936,-0.433036327362,-0.455377101898,0.70210725069,-0.334898203611
0.614673495293,-0.299882650375,0.790548622608,-0.433070093393,-0.454447865486,0.704082548618,-0.331956654787
0.614556968212,-0.299873292446,0.790607631207,-0.433779686689,-0.453945308924,0.704278349876,-0.331301808357
0.614433646202,-0.299822032452,0.790592312813,-0.433789789677,-0.453728288412,0.704539775848,-0.331030011177
0.614354491234,-0.299783170223,0.790611803532,-0.434091985226,-0.453337579966,0.704814136028,-0.330584973097
0.614273369312,-0.299755901098,0.790628314018,-0.434363484383,-0.453049331903,0.705076515675,-0.330063462257
0.61421340704,-0.299721598625,0.790642082691,-0.434657394886,-0.452625215054,0.705427885056,-0.329506903887
0.613924980164,-0.299737095833,0.79060536623,-0.435758411884,-0.452606081963,0.704369962215,-0.330341398716
0.613877058029,-0.299703776836,0.790618777275,-0.436108231544,-0.452190637589,0.70469558239,-0.329753518105
0.614294886589,-0.299760699272,0.790806412697,-0.434922873974,-0.453419983387,0.706428349018,-0.325900912285
0.614257395267,-0.299716979265,0.790818691254,-0.435233265162,-0.452915281057,0.706761300564,-0.325466305017
0.614224553108,-0.299676507711,0.790837049484,-0.43510133028,-0.452427893877,0.707349359989,-0.325042784214
0.614198863506,-0.299632430077,0.790848195553,-0.435275673866,-0.452103674412,0.70756727457,-0.324786037207
0.614359974861,-0.299494475126,0.790907382965,-0.434386521578,-0.452297657728,0.708046019077,-0.324663221836
0.614176213741,-0.299568772316,0.790877699852,-0.435622692108,-0.451566278934,0.708186686039,-0.323716461658
0.614348173141,-0.299413025379,0.790945053101,-0.434864640236,-0.451739668846,0.70848685503,-0.323837041855
0.614366292953,-0.299388945103,0.790954113007,-0.434973329306,-0.45157366991,0.708676934242,-0.323506683111
0.614383220673,-0.299385547638,0.790964663029,-0.435187011957,-0.45135730505,0.70883244276,-0.323180437088
0.614406466484,-0.299364477396,0.790959000587,-0.435187220573,-0.451218724251,0.709028542042,-0.322943121195
0.614448785782,-0.299374997616,0.790971636772,-0.435336887836,-0.451080322266,0.709173321724,-0.32261672616
0.614320397377,-0.299481719732,0.790957093239,-0.436655402184,-0.450462847948,0.708897173405,-0.322304397821
0.614366769791,-0.29950901866,0.790946543217,-0.436334609985,-0.450518399477,0.709325969219,-0.321717262268
0.613974094391,-0.299444586039,0.790793418884,-0.437918007374,-0.449009805918,0.707678973675,-0.325282454491
0.614025175571,-0.299497663975,0.790814876556,-0.437883853912,-0.449059933424,0.707675099373,-0.325267523527
0.614087462425,-0.299547255039,0.790825843811,-0.437763720751,-0.449106246233,0.707708179951,-0.325293242931
0.614151358604,-0.299617707729,0.790839076042,-0.437668681145,-0.449289262295,0.707667052746,-0.325257748365
0.614235281944,-0.299740582705,0.790910243988,-0.438168346882,-0.449160784483,0.707545042038,-0.325027793646
0.614328682423,-0.299840539694,0.79087305069,-0.437731832266,-0.449323922396,0.707827985287,-0.324774473906
0.614423811436,-0.299926131964,0.790894687176,-0.437478542328,-0.449532985687,0.70776617527,-0.324961006641
0.614531517029,-0.300019204617,0.79091155529,-0.437341928482,-0.449873715639,0.707515060902,-0.325220257044
0.614647746086,-0.300117820501,0.790896475315,-0.43723410368,-0.44998767972,0.70741713047,-0.325420349836
0.61476457119,-0.300202876329,0.790897250175,-0.436931788921,-0.450251311064,0.707368075848,-0.325568497181
0.614869654179,-0.300232559443,0.790851414204,-0.435954302549,-0.450726538897,0.707351207733,-0.326257318258
0.615433752537,-0.300342589617,0.7909309268,-0.435660511255,-0.451062232256,0.707240581512,-0.326425522566
0.615565955639,-0.300426125526,0.790938258171,-0.435431003571,-0.451261073351,0.707143545151,-0.326666861773
0.61555325985,-0.300377845764,0.790954232216,-0.434170365334,-0.451976656914,0.707144320011,-0.32735350728
0.61571252346,-0.300536096096,0.791006922722,-0.434737563133,-0.45189550519,0.706967711449,-0.327093988657
0.616218745708,-0.300575375557,0.791092157364,-0.433661788702,-0.451996594667,0.708481967449,-0.325099885464
0.616386055946,-0.300653725863,0.791118979454,-0.433337330818,-0.452196627855,0.708378553391,-0.325479537249
0.616799116135,-0.30093935132,0.791243374348,-0.432278603315,-0.454508543015,0.708373785019,-0.323672443628
0.616995334625,-0.30104508996,0.791258811951,-0.432826220989,-0.454971343279,0.707565307617,-0.324058324099
0.617009878159,-0.301231175661,0.791271805763,-0.433595061302,-0.454864323139,0.707371175289,-0.323604613543
0.617204606533,-0.301337510347,0.79129755497,-0.433419972658,-0.45539394021,0.707106411457,-0.323672503233
0.617359101772,-0.30141851306,0.79131102562,-0.433284372091,-0.455780923367,0.706792593002,-0.32399481535
0.617961466312,-0.301596075296,0.791500091553,-0.43428888917,-0.455539375544,0.706522524357,-0.323578715324
0.617409288883,-0.301533341408,0.791145861149,-0.432153612375,-0.456765860319,0.706489741802,-0.324777573347
0.618404090405,-0.301784902811,0.791560709476,-0.434345573187,-0.455816447735,0.7062946558,-0.32360970974
0.618621468544,-0.301800578833,0.791499078274,-0.433354884386,-0.456451058388,0.706285893917,-0.324062138796
0.618660867214,-0.301654696465,0.791408717632,-0.431017428637,-0.457643687725,0.706497132778,-0.325035363436
0.618873119354,-0.301727920771,0.791411995888,-0.430995106697,-0.457641273737,0.706472575665,-0.325122058392
0.619068682194,-0.301783263683,0.791420698166,-0.430851221085,-0.457941919565,0.70609498024,-0.325709074736
0.619254946709,-0.301835805178,0.791421055794,-0.430606752634,-0.458113104105,0.706013560295,-0.325968116522
0.619044840336,-0.30180850625,0.791218936443,-0.431741565466,-0.456596553326,0.704857945442,-0.329080998898
0.619302988052,-0.301936119795,0.791212975979,-0.432505935431,-0.456648141146,0.704340934753,-0.329112678766
0.619473814964,-0.302004754543,0.791220426559,-0.432383477688,-0.456853836775,0.704097867012,-0.329507559538
0.619661986828,-0.302090167999,0.79119437933,-0.432244241238,-0.456925094128,0.704119682312,-0.329544991255
0.619667828083,-0.302260220051,0.791126847267,-0.432991743088,-0.456601828337,0.704031169415,-0.329200774431
0.61982101202,-0.302317678928,0.79109621048,-0.432860136032,-0.456737548113,0.703925073147,-0.32941237092
0.619984209538,-0.302388995886,0.791079998016,-0.432823002338,-0.456902474165,0.703769922256,-0.329563736916
0.620135545731,-0.302455127239,0.79105091095,-0.432601839304,-0.457164138556,0.70361918211,-0.329813033342
0.620303332806,-0.302508533001,0.791006922722,-0.432447910309,-0.457423061132,0.703299999237,-0.330336511135
0.620591282845,-0.302557229996,0.790949821472,-0.431875526905,-0.457360506058,0.703966021538,-0.329752743244
0.621232092381,-0.302848577499,0.791157722473,-0.430314064026,-0.459941118956,0.704871833324,-0.326251119375
0.620916068554,-0.302812486887,0.790928900242,-0.4316855371,-0.4582695961,0.703450322151,-0.329839587212
0.621288895607,-0.302773267031,0.790954828262,-0.430678963661,-0.458752572536,0.703499138355,-0.330379754305
0.621432781219,-0.302844554186,0.790928959846,-0.430551946163,-0.458983868361,0.703355848789,-0.330529093742
0.621517777443,-0.302941471338,0.790883183479,-0.430516064167,-0.459301501513,0.702763736248,-0.33139282465
0.621648490429,-0.302990168333,0.790867090225,-0.430038154125,-0.459335118532,0.702735185623,-0.332026869059
0.621771037579,-0.303044945002,0.790818452835,-0.430223286152,-0.459590494633,0.702608406544,-0.331701666117
0.621890127659,-0.303077667952,0.790796279907,-0.429785996675,-0.459702938795,0.702500939369,-0.332339704037
0.62218183279,-0.303288280964,0.790817022324,-0.431266784668,-0.458943068981,0.702366292477,-0.331755757332
0.622291684151,-0.303326636553,0.790783405304,-0.43109562993,-0.459166973829,0.702233076096,-0.331950545311
0.622069597244,-0.303276628256,0.790637075901,-0.430506676435,-0.45991563797,0.701874434948,-0.332436382771
0.622192144394,-0.303293347359,0.790623188019,-0.43047952652,-0.4601316154,0.70146381855,-0.333038896322
0.622665345669,-0.303329646587,0.790634274483,-0.430096566677,-0.460518181324,0.701343417168,-0.333252966404
0.622605085373,-0.303153455257,0.79056084156,-0.428300917149,-0.461457878351,0.701351761818,-0.334246873856
0.622717618942,-0.303161770105,0.790533900261,-0.42802631855,-0.461639195681,0.701329708099,-0.334394425154
0.622826159,-0.303127348423,0.790526509285,-0.427453488111,-0.462096810341,0.701189517975,-0.334788620472
0.623139023781,-0.303282439709,0.790593802929,-0.428726226091,-0.461605846882,0.701002418995,-0.334229767323
0.623206317425,-0.303115278482,0.790543675423,-0.427282959223,-0.461953401566,0.7017827034,-0.333960205317
0.623275279999,-0.303120136261,0.790565490723,-0.427138090134,-0.462176799774,0.701679348946,-0.334053695202
0.623341739178,-0.303132891655,0.790596485138,-0.427016198635,-0.462377458811,0.701609432697,-0.334078729153
0.623412251472,-0.303138583899,0.790630340576,-0.426903009415,-0.462501019239,0.701579272747,-0.334115236998
0.623486340046,-0.30316400528,0.790683031082,-0.426652163267,-0.46292924881,0.701527833939,-0.333950996399
0.623545765877,-0.303173393011,0.790718913078,-0.4264754951,-0.462979525328,0.701560556889,-0.334038317204
0.623609125614,-0.303207278252,0.790759325027,-0.426419734955,-0.463129162788,0.701513588428,-0.334000587463
0.623674869537,-0.303224474192,0.790801405907,-0.42618688941,-0.46322953701,0.701530218124,-0.334123641253
0.623665034771,-0.303256779909,0.790887236595,-0.426124304533,-0.463573724031,0.701100707054,-0.334627240896
0.623798072338,-0.303281992674,0.790895700455,-0.425921589136,-0.46344897151,0.701463460922,-0.334297686815
0.623788118362,-0.303307265043,0.790983080864,-0.425826132298,-0.463699758053,0.701033234596,-0.334973424673
0.623922228813,-0.303334742785,0.791016280651,-0.42567884922,-0.463499009609,0.701319932938,-0.334838330746
0.624001145363,-0.303409516811,0.791097044945,-0.42566087842,-0.463190108538,0.701434910297,-0.33504742384
0.623999655247,-0.303437203169,0.791199564934,-0.425691604614,-0.463279187679,0.70104020834,-0.335710734129
0.624064981937,-0.303464323282,0.791288793087,-0.425670325756,-0.463015794754,0.701100766659,-0.335974782705
0.624135553837,-0.303495615721,0.791383624077,-0.425695478916,-0.462884753942,0.70114928484,-0.336022019386
0.624181032181,-0.303522527218,0.791469693184,-0.425712764263,-0.462633162737,0.701220333576,-0.336198329926
0.624232232571,-0.303556650877,0.791575133801,-0.425812900066,-0.462452560663,0.701292932034,-0.336168795824
0.624278724194,-0.303591400385,0.791671037674,-0.425807625055,-0.462236762047,0.701485335827,-0.336070686579
0.624312400818,-0.30363625288,0.791796922684,-0.426129728556,-0.461884975433,0.701617896557,-0.335869520903
0.624347925186,-0.303680121899,0.791885495186,-0.426369160414,-0.461529672146,0.701857149601,-0.335553526878
0.624362707138,-0.303769528866,0.791991591454,-0.427083164454,-0.460946500301,0.702050209045,-0.335043042898
0.624383926392,-0.303838789463,0.792066752911,-0.427604019642,-0.460536748171,0.702240884304,-0.33454233408
0.624411284924,-0.303904026747,0.79213321209,-0.427879750729,-0.460344672203,0.702442169189,-0.334031045437
0.624270915985,-0.304116338491,0.792202115059,-0.429924726486,-0.45919111371,0.702518820763,-0.332829833031
0.624307692051,-0.304155528545,0.792246580124,-0.429984211922,-0.458930283785,0.702691018581,-0.332749098539
0.624331712723,-0.304199129343,0.792261600494,-0.430214673281,-0.458768099546,0.702717959881,-0.332617938519
0.624367535114,-0.304247528315,0.792253017426,-0.430385142565,-0.458719015121,0.70273655653,-0.332425385714
0.624402761459,-0.304283708334,0.792239427567,-0.43055087328,-0.458629488945,0.702709317207,-0.332392454147
0.62443447113,-0.304286926985,0.792186915874,-0.430418282747,-0.458686858416,0.702614367008,-0.332685559988
0.624832332134,-0.304410517216,0.7922539711,-0.431697428226,-0.45822134614,0.702181816101,-0.332582563162
0.624506235123,-0.30432882905,0.79210293293,-0.430847525597,-0.458640933037,0.702157199383,-0.333158046007
0.624701023102,-0.304244607687,0.792039275169,-0.430207878351,-0.45907074213,0.702154278755,-0.333398878574
0.624551415443,-0.304350048304,0.791932702065,-0.431420594454,-0.458402007818,0.702124774456,-0.332813382149
0.624725341797,-0.304252564907,0.791878819466,-0.430612742901,-0.458816587925,0.702171266079,-0.333189815283
0.624742090702,-0.304253190756,0.791785001755,-0.431012362242,-0.458522558212,0.702236652374,-0.332939952612
0.62474489212,-0.304241478443,0.791664242744,-0.431183516979,-0.45836904645,0.702396988869,-0.332591563463
0.624737381935,-0.30421552062,0.79157358408,-0.431445449591,-0.458145499229,0.702500462532,-0.332341253757
0.624724924564,-0.304190188646,0.791476607323,-0.432140469551,-0.458125025034,0.702201783657,-0.332097619772
0.624696791172,-0.304140865803,0.791407346725,-0.432426303625,-0.458028912544,0.702205717564,-0.33184966445
0.624675512314,-0.304084032774,0.791348278522,-0.432518810034,-0.457925528288,0.702299654484,-0.33167308569
0.624642729759,-0.304027467966,0.791316390038,-0.432793498039,-0.45788410306,0.702255487442,-0.331465363503
0.624604225159,-0.303970485926,0.791266441345,-0.432638198137,-0.458007127047,0.702631950378,-0.33069935441
0.624557137489,-0.303891986609,0.791295409203,-0.432591348886,-0.458143442869,0.702838897705,-0.330131351948
0.624527573586,-0.303837060928,0.791321277618,-0.432646602392,-0.458271622658,0.702928841114,-0.329689502716
0.624489784241,-0.30376881361,0.791361272335,-0.432752281427,-0.458191752434,0.703049302101,-0.329404681921
