x,y,z,q0,q1,q2,q3
0.787642121315,0.0278766471893,0.883435964584,-0.0232213083655,0.00637274002656,0.672187745571,-0.739989161491
0.787627339363,0.0279663000256,0.883429646492,-0.0234195552766,0.00625121220946,0.672738611698,-0.739483118057
0.787627339363,0.0279663000256,0.883429646492,-0.0234195552766,0.00625121220946,0.672738611698,-0.739483118057
0.787951946259,0.0284304264933,0.883324563503,-0.0241202637553,0.00676085380837,0.674061536789,-0.738250494003
0.78798854351,0.0285578928888,0.883304297924,-0.0243906117976,0.00661736400798,0.674519360065,-0.737824499607
0.78798854351,0.0285578928888,0.883304297924,-0.0243906117976,0.00661736400798,0.674519360065,-0.737824499607
0.787958145142,0.0285864025354,0.883258938789,-0.0245387479663,0.00655498309061,0.675020694733,-0.737361609936
0.788041055202,0.02875665389,0.883300423622,-0.025339609012,0.00580157293007,0.675782740116,-0.736642360687
0.788196623325,0.02894773148,0.883257687092,-0.0257856342942,0.00576524995267,0.676412463188,-0.736049056053
0.788284361362,0.029098412022,0.883252263069,-0.0261165481061,0.00569030828774,0.676861703396,-0.735624790192
0.78837621212,0.0292337797582,0.883249104023,-0.0265121106058,0.0056862779893,0.677296578884,-0.735210359097
0.788623690605,0.0295587126166,0.883175492287,-0.0270568747073,0.00625107530504,0.678128540516,-0.7344186306
0.788024127483,0.0296578891575,0.882850050926,-0.0244535859674,0.00727412989363,0.67707067728,-0.735475718975
0.788146078587,0.0298402830958,0.882894814014,-0.0248720496893,0.00721151474863,0.677524149418,-0.73504447937
0.788146078587,0.0298402830958,0.882894814014,-0.0248720496893,0.00721151474863,0.677524149418,-0.73504447937
0.788986682892,0.030056739226,0.883255004883,-0.0283869374543,0.00608546985313,0.679454863071,-0.733142733574
0.788545548916,0.0303100142628,0.882890164852,-0.0258797835559,0.00706264050677,0.678854107857,-0.733782947063
0.789420962334,0.0304895956069,0.883352220058,-0.0294834654778,0.00540919043124,0.680596828461,-0.732044696808
0.789420962334,0.0304895956069,0.883352220058,-0.0294834654778,0.00540919043124,0.680596828461,-0.732044696808
0.789567947388,0.0307249464095,0.883306384087,-0.0299007706344,0.00533934449777,0.681524097919,-0.731165111065
0.789567947388,0.0307249464095,0.883306384087,-0.0299007706344,0.00533934449777,0.681524097919,-0.731165111065
0.789943635464,0.0311925318092,0.883201003075,-0.0304713062942,0.00576923415065,0.68282699585,-0.729921579361
0.790057182312,0.0313167273998,0.883187949657,-0.0306846033782,0.00576340826228,0.683252930641,-0.729514062405
0.790197253227,0.0314690582454,0.883182764053,-0.0309109706432,0.00567300524563,0.683788239956,-0.729003429413
0.789913952351,0.0315963253379,0.88309442997,-0.0295660533011,0.00557507202029,0.6833152771,-0.729503273964
0.790380954742,0.0316613689065,0.883273184299,-0.0315100550652,0.00488489959389,0.684731006622,-0.728097975254
0.790380954742,0.0316613689065,0.883273184299,-0.0315100550652,0.00488489959389,0.684731006622,-0.728097975254
0.790456950665,0.0318067781627,0.88321095705,-0.0318790785968,0.00445101084188,0.685252070427,-0.727594435215
0.790680229664,0.0320247262716,0.883201241493,-0.0321854874492,0.00442205555737,0.686383843422,-0.726513504982
0.79101318121,0.0322514399886,0.883081138134,-0.0325150378048,0.00522025628015,0.687381207943,-0.725549936295
0.79101318121,0.0322514399886,0.883081138134,-0.0325150378048,0.00522025628015,0.687381207943,-0.725549936295
0.790605545044,0.032419025898,0.882742643356,-0.0302218776196,0.00619890727103,0.687118649483,-0.725889921188
0.791454136372,0.0325533300638,0.883066773415,-0.0334001220763,0.00516545632854,0.689226031303,-0.723757743835
0.791454136372,0.0325533300638,0.883066773415,-0.0334001220763,0.00516545632854,0.689226031303,-0.723757743835
0.790638744831,0.0333703532815,0.882618308067,-0.0342926122248,0.00168290454894,0.689441025257,-0.723527610302
0.791978120804,0.0327166691422,0.88318169117,-0.0342968441546,0.00489945663139,0.691133737564,-0.721896111965
0.791978120804,0.0327166691422,0.88318169117,-0.0342968441546,0.00489945663139,0.691133737564,-0.721896111965
0.791515111923,0.0327981561422,0.882673382759,-0.0313778780401,0.00648248707876,0.691370069981,-0.721790015697
0.791515111923,0.0327981561422,0.882673382759,-0.0313778780401,0.00648248707876,0.691370069981,-0.721790015697
0.791772842407,0.0329479500651,0.88265401125,-0.0318133495748,0.00632094498724,0.692714929581,-0.720481872559
0.791772842407,0.0329479500651,0.88265401125,-0.0318133495748,0.00632094498724,0.692714929581,-0.720481872559
0.792943060398,0.0332924351096,0.883030176163,-0.0356011539698,0.00517094368115,0.695503354073,-0.717621803284
0.792231321335,0.033105995506,0.882769942284,-0.0325680151582,0.00575628504157,0.694655716419,-0.718581736088
0.793222427368,0.0333337932825,0.883195221424,-0.0361670739949,0.00470787473023,0.696688294411,-0.716446280479
0.793333172798,0.0332966223359,0.883150100708,-0.0359548516572,0.00476350355893,0.69751304388,-0.715653657913
0.793615758419,0.0334598012269,0.883039414883,-0.0361123159528,0.00547360815108,0.698432445526,-0.714743375778
0.793694972992,0.0334656462073,0.882972836494,-0.0366225279868,0.00495308591053,0.699213683605,-0.713956832886
0.792541861534,0.0343766920269,0.882246375084,-0.0353478863835,0.00210637878627,0.698440134525,-0.714791953564
0.793611466885,0.0334637910128,0.882771909237,-0.034654378891,0.00542098423466,0.699104189873,-0.714159011841
0.793818354607,0.033484145999,0.882718265057,-0.0347435474396,0.00545734539628,0.699711978436,-0.713558852673
0.793967068195,0.0335198752582,0.88266479969,-0.0347245335579,0.00530701084062,0.700227439404,-0.713055074215
0.794394731522,0.0334809944034,0.882782399654,-0.0367435328662,0.0041062454693,0.701747536659,-0.711465656757
0.794526934624,0.0335128195584,0.882732510567,-0.0367343537509,0.00396503601223,0.702111959457,-0.711107313633
0.79464840889,0.0335180237889,0.882663369179,-0.036667201668,0.00387230725028,0.702444970608,-0.710782289505
0.794760406017,0.0335075743496,0.882590591908,-0.0364770069718,0.00382516440004,0.702758908272,-0.710482120514
0.794996023178,0.0335928723216,0.882497012615,-0.0364917479455,0.00400811107829,0.703255414963,-0.709988832474
0.794996023178,0.0335928723216,0.882497012615,-0.0364917479455,0.00400811107829,0.703255414963,-0.709988832474
0.795170545578,0.0336229354143,0.882395625114,-0.03610644117,0.00383694306947,0.703567445278,-0.709700167179
0.794370889664,0.0345509275794,0.881807863712,-0.0368198119104,0.000330694310833,0.703548133373,-0.709693014622
0.795586168766,0.0337922126055,0.882291197777,-0.0358621887863,0.00443900935352,0.703814208508,-0.709464490414
0.795656919479,0.0338218510151,0.8822671175,-0.035801295191,0.00433891173452,0.703837692738,-0.709444880486
0.795725226402,0.0338463708758,0.882247030735,-0.0357462652028,0.0042501767166,0.70381128788,-0.709474384785
0.795779287815,0.0338708981872,0.882242500782,-0.0356600098312,0.00417994102463,0.70378112793,-0.709508955479
0.795837521553,0.0338983051479,0.882234930992,-0.0356161333621,0.00412421580404,0.703720211983,-0.709571957588
0.795959115028,0.0339519828558,0.882223308086,-0.0358192548156,0.00402869144455,0.703640043736,-0.709641695023
0.795933365822,0.0339238457382,0.882206261158,-0.0357926338911,0.00390244345181,0.703665971756,-0.709618210793
0.795933365822,0.0339238457382,0.882206261158,-0.0357926338911,0.00390244345181,0.703665971756,-0.709618210793
0.796039283276,0.0340191349387,0.882203757763,-0.0357452780008,0.00371728022583,0.703455269337,-0.709830284119
0.796086013317,0.0340418927372,0.882207810879,-0.035704459995,0.00368483900093,0.703369498253,-0.709917664528
0.79613494873,0.0340744778514,0.882212162018,-0.0356937237084,0.00363967660815,0.703265845776,-0.710021018982
0.79613494873,0.0340744778514,0.882212162018,-0.0356937237084,0.00363967660815,0.703265845776,-0.710021018982
0.796225428581,0.0341251827776,0.882229149342,-0.035583846271,0.00350371492095,0.703086793423,-0.710204541683
0.796274781227,0.0341564156115,0.882219314575,-0.0355516634881,0.00352255883627,0.703006088734,-0.710285961628
0.796274781227,0.0341564156115,0.882219314575,-0.0355516634881,0.00352255883627,0.703006088734,-0.710285961628
0.796369254589,0.0341864004731,0.882224798203,-0.0354845523834,0.00346503104083,0.702873289585,-0.710421025753
0.795729279518,0.0341685824096,0.881833612919,-0.0321682281792,0.00434562889859,0.701372563839,-0.712055385113
0.795784115791,0.034170538187,0.881847262383,-0.0320356786251,0.00426426017657,0.701298058033,-0.712135255337
0.796589970589,0.0342878587544,0.88219588995,-0.0349781662226,0.00330225098878,0.702530384064,-0.710785984993
0.796652674675,0.0343190059066,0.882193267345,-0.0348751731217,0.00323417480104,0.702450990677,-0.710870027542
0.796769976616,0.0343163236976,0.882208526134,-0.0347677320242,0.00319909583777,0.702326834202,-0.71099793911
0.796908378601,0.0343075767159,0.882213234901,-0.0346133448184,0.00328512489796,0.70229023695,-0.711041331291
0.796908378601,0.0343075767159,0.882213234901,-0.0346133448184,0.00328512489796,0.70229023695,-0.711041331291
0.797079861164,0.0344591736794,0.882178544998,-0.0343470089138,0.00304376031272,0.701962292194,-0.711379051208
0.797177016735,0.0344576947391,0.882159411907,-0.0342914685607,0.00296618486755,0.701788544655,-0.71155333519
0.797246456146,0.0344544500113,0.882135331631,-0.0339817926288,0.00298685231246,0.701666414738,-0.71168845892
0.797343850136,0.0344621799886,0.882115542889,-0.0338055603206,0.00303375371732,0.701614677906,-0.711747825146
0.797436475754,0.0344494841993,0.882108509541,-0.0336094535887,0.00305256899446,0.701542615891,-0.711827993393
0.797518849373,0.0344419665635,0.882103323936,-0.0334080085158,0.00301547325216,0.701452434063,-0.711926519871
0.797612786293,0.0344377532601,0.882094323635,-0.0332275591791,0.00301583460532,0.701374471188,-0.712011694908
0.797706365585,0.0344434082508,0.882090330124,-0.033090595156,0.00304234446958,0.701334178448,-0.712057828903
0.79784309864,0.0344686470926,0.882085204124,-0.0329764299095,0.00302328774706,0.701159775257,-0.712234735489
0.797897577286,0.0344232097268,0.88208758831,-0.0329146385193,0.0029645380564,0.701271235943,-0.712128221989
0.797897577286,0.0344232097268,0.88208758831,-0.0329146385193,0.0029645380564,0.701271235943,-0.712128221989
0.79807549715,0.0344595164061,0.882112503052,-0.0326801277697,0.00305674201809,0.701115548611,-0.712291896343
0.798148155212,0.0344820916653,0.882131278515,-0.0325138680637,0.00306936143897,0.7010409832,-0.712372660637
0.798148155212,0.0344820916653,0.882131278515,-0.0325138680637,0.00306936143897,0.7010409832,-0.712372660637
0.798452079296,0.0344963669777,0.88221269846,-0.032484266907,0.00328458356671,0.700860023499,-0.712551236153
0.79856055975,0.0345417223871,0.882223129272,-0.0324814096093,0.00334183708765,0.700664043427,-0.712743937969
0.798629641533,0.0345772430301,0.88225620985,-0.0323841236532,0.0033877545502,0.700516164303,-0.712893307209
0.798695683479,0.0346239320934,0.882278800011,-0.0322497263551,0.00335224275477,0.700334489346,-0.713078022003
0.798784255981,0.0346551202238,0.882300257683,-0.0321769714355,0.00341776222922,0.700153768063,-0.713258564472
0.798801958561,0.0346842817962,0.88229739666,-0.0316198095679,0.00356519478373,0.699849903584,-0.713580846786
0.798885643482,0.0347131043673,0.882342517376,-0.0314940810204,0.00370828504674,0.699611544609,-0.71381944418
0.798946499825,0.034769937396,0.882377266884,-0.0313415266573,0.00370102934539,0.699365317822,-0.714067399502
0.799068689346,0.0348442532122,0.882393360138,-0.0312931127846,0.00365311419591,0.698959469795,-0.71446698904
0.799111902714,0.0349451974034,0.882440626621,-0.0311353188008,0.00354063487612,0.698633849621,-0.714792907238
0.799111902714,0.0349451974034,0.882440626621,-0.0311353188008,0.00354063487612,0.698633849621,-0.714792907238
0.799312591553,0.0351333729923,0.882569134235,-0.0307575240731,0.00383744761348,0.697750687599,-0.715669810772
0.798815131187,0.0352799370885,0.882350504398,-0.0288200266659,0.00412403978407,0.696372151375,-0.717090189457
0.798910498619,0.0353495404124,0.882403850555,-0.0287507176399,0.00439352402464,0.695821583271,-0.717625498772
0.799462556839,0.0353630781174,0.882674694061,-0.0304679702967,0.00396052887663,0.696165680885,-0.717223465443
0.799380362034,0.0353719815612,0.882782101631,-0.0303449910134,0.00329441274516,0.695221781731,-0.718146920204
0.79945987463,0.0354662537575,0.882816195488,-0.0302975177765,0.00337422732264,0.694586455822,-0.718763113022
0.798701345921,0.0354487970471,0.882459998131,-0.0266263317317,0.0044439798221,0.692134857178,-0.721263289452
0.798701345921,0.0354487970471,0.882459998131,-0.0266263317317,0.0044439798221,0.692134857178,-0.721263289452
0.799528002739,0.0357697345316,0.882863640785,-0.0295299012214,0.0033927350305,0.692053198814,-0.721234321594
0.799604654312,0.0358436182141,0.882879972458,-0.0295180045068,0.00344385579228,0.691254734993,-0.721999943256
0.799711406231,0.0360675305128,0.882919073105,-0.0295609533787,0.00333339162171,0.690365552902,-0.722848832607
0.799711406231,0.0360675305128,0.882919073105,-0.0295609533787,0.00333339162171,0.690365552902,-0.722848832607
0.799431681633,0.0363294072449,0.88266736269,-0.0273902844638,0.00473107071593,0.687642455101,-0.725517272949
0.799488186836,0.0363963618875,0.882727026939,-0.0272267144173,0.00479540787637,0.68664765358,-0.726464569569
0.799884736538,0.0364756882191,0.882947444916,-0.0288617014885,0.00408715941012,0.686663389206,-0.726390957832
0.799884736538,0.0364756882191,0.882947444916,-0.0288617014885,0.00408715941012,0.686663389206,-0.726390957832
0.800003528595,0.0365450754762,0.882932543755,-0.0285209454596,0.00435636239126,0.684723198414,-0.728231966496
0.799831628799,0.0364841111004,0.883001625538,-0.0282124616206,0.00351747940294,0.683486044407,-0.729409754276
0.799924075603,0.0365667492151,0.883005976677,-0.0280633922666,0.00343893328682,0.68243932724,-0.730395257473
0.799378752708,0.036785364151,0.882626235485,-0.0247563850135,0.0050163702108,0.680013239384,-0.732764542103
0.800097286701,0.0368846356869,0.882923126221,-0.0274281296879,0.0039237299934,0.680553972721,-0.732173860073
0.800189971924,0.0368028692901,0.882918596268,-0.0272309929132,0.00430521601811,0.679684817791,-0.732986092567
0.800252318382,0.0368385389447,0.882909953594,-0.0269579421729,0.00437771063298,0.678802549839,-0.733812749386
0.800236225128,0.0369136817753,0.882855117321,-0.0265047233552,0.00427941279486,0.677767574787,-0.734785914421
0.80035585165,0.0369283445179,0.882872402668,-0.0262013059109,0.00435231393203,0.676757752895,-0.735726475716
0.800441920757,0.0369649976492,0.882876753807,-0.0259697549045,0.00441918848082,0.675879359245,-0.736541390419
0.80050945282,0.0368856340647,0.882959723473,-0.0257521849126,0.00394107261673,0.674403309822,-0.737903475761
0.80060005188,0.037050627172,0.882975578308,-0.0255054011941,0.00388019368984,0.673238933086,-0.738974750042
0.80070078373,0.037102740258,0.882987082005,-0.0254000853747,0.0038701700978,0.672334551811,-0.739801466465
0.800879836082,0.0370517447591,0.883084058762,-0.0251194760203,0.00451728748158,0.671458184719,-0.740602850914
0.80104470253,0.037275262177,0.882986545563,-0.02512896806,0.0048989946954,0.670881032944,-0.74112290144
0.801153659821,0.037318572402,0.883005678654,-0.024969227612,0.00498683517799,0.670020282269,-0.741906046867
0.801301062107,0.0373467206955,0.882988452911,-0.0250297840685,0.00506895594299,0.669149279594,-0.74268913269
0.801408171654,0.0373974442482,0.883005082607,-0.0249196905643,0.00510194944218,0.66832280159,-0.743436396122
0.801483631134,0.0373980812728,0.882988572121,-0.0242754463106,0.00541215436533,0.667377948761,-0.744303762913
0.801587224007,0.0374282114208,0.883008122444,-0.0241061616689,0.00549371540546,0.666590154171,-0.745014250278
0.800805807114,0.037405051291,0.882643640041,-0.0207513384521,0.00657035643235,0.663853228092,-0.747546076775
0.801817059517,0.0374853610992,0.883024930954,-0.0239684283733,0.00591471232474,0.664794266224,-0.746618509293
0.80118393898,0.0372994244099,0.882757008076,-0.0206823647022,0.00778318429366,0.662326335907,-0.748889565468
0.801088094711,0.0371876433492,0.882871508598,-0.0202664360404,0.00735885743052,0.661165297031,-0.74993044138
0.801146030426,0.0372823402286,0.882841706276,-0.0202638320625,0.00724739953876,0.66043394804,-0.750575721264
0.801302134991,0.0373185537755,0.882861673832,-0.0201989039779,0.00741407135502,0.659709990025,-0.751212239265
0.801410615444,0.0373945459723,0.882883787155,-0.0202020648867,0.00752988131717,0.659122645855,-0.751726448536
0.801410615444,0.0373945459723,0.882883787155,-0.0202020648867,0.00752988131717,0.659122645855,-0.751726448536
0.801682472229,0.0374694466591,0.882907152176,-0.0202835947275,0.0080307200551,0.657958865166,-0.752737820148
0.801829695702,0.0375419408083,0.882948756218,-0.020304042846,0.00822309684008,0.65743625164,-0.753191769123
0.802010059357,0.0375610738993,0.882982313633,-0.0203460287303,0.00857358798385,0.656934201717,-0.753624558449
0.802010059357,0.0375610738993,0.882982313633,-0.0203460287303,0.00857358798385,0.656934201717,-0.753624558449
0.802197694778,0.0377769134939,0.882982730865,-0.0199682563543,0.00875944271684,0.655782997608,-0.754634618759
0.802197694778,0.0377769134939,0.882982730865,-0.0199682563543,0.00875944271684,0.655782997608,-0.754634618759
0.803515017033,0.0378261804581,0.882574260235,-0.0206154752523,0.0135297887027,0.656243264675,-0.754146277905
0.803515017033,0.0378261804581,0.882574260235,-0.0206154752523,0.0135297887027,0.656243264675,-0.754146277905
0.803723275661,0.0380150824785,0.882654905319,-0.020872136578,0.0135930553079,0.65534055233,-0.754922747612
0.803757250309,0.0381243266165,0.882715880871,-0.0207137614489,0.0136189805344,0.654906451702,-0.755303323269
0.803808808327,0.0382018499076,0.882753551006,-0.0206714179367,0.0136692347005,0.654460072517,-0.755690336227
0.803877830505,0.0382639020681,0.882777094841,-0.0206230357289,0.013791680336,0.654104650021,-0.755997061729
0.80394256115,0.038325086236,0.882789611816,-0.0202697254717,0.0140152964741,0.653523921967,-0.75650459528
0.803946137428,0.0384586527944,0.88276219368,-0.0202334560454,0.0138618387282,0.653120219707,-0.756857037544
0.804030120373,0.0385330878198,0.88278055191,-0.0202788691968,0.0139695527032,0.652773618698,-0.757152795792
0.804030120373,0.0385330878198,0.88278055191,-0.0202788691968,0.0139695527032,0.652773618698,-0.757152795792
0.804237067699,0.038641769439,0.88283187151,-0.0202836990356,0.0143803143874,0.652156710625,-0.757676362991
0.804350435734,0.0386993661523,0.882823944092,-0.0203644242138,0.0144731402397,0.65171456337,-0.758052825928
0.804471552372,0.038757443428,0.882874011993,-0.0202978309244,0.0148663586006,0.651411354542,-0.758307516575
0.804471552372,0.038757443428,0.882874011993,-0.0202978309244,0.0148663586006,0.651411354542,-0.758307516575
0.804699897766,0.0388934798539,0.882924973965,-0.0204248260707,0.0153146032244,0.650723516941,-0.758885502815
0.804793059826,0.0389707870781,0.882943868637,-0.0205204039812,0.0154599593952,0.650397539139,-0.759159445763
0.804807186127,0.0390698239207,0.882920503616,-0.020344292745,0.0156115265563,0.649946630001,-0.759547173977
0.804807186127,0.0390698239207,0.882920503616,-0.020344292745,0.0156115265563,0.649946630001,-0.759547173977
0.804973840714,0.0392153859138,0.882949471474,-0.0203487090766,0.0159298349172,0.649226784706,-0.760155797005
0.805037140846,0.0392970889807,0.882963716984,-0.0205004997551,0.0160200744867,0.648955702782,-0.760381221771
0.805082380772,0.0393638536334,0.882949888706,-0.0204639304429,0.0160827878863,0.648646354675,-0.760644853115
0.805082380772,0.0393638536334,0.882949888706,-0.0204639304429,0.0160827878863,0.648646354675,-0.760644853115
0.805144369602,0.0394752323627,0.882947087288,-0.0204992201179,0.016278969124,0.648067951202,-0.761132597923
0.805159270763,0.039521291852,0.88292747736,-0.0203521363437,0.0164096411318,0.647805988789,-0.761356592178
0.805222272873,0.0396408289671,0.882911860943,-0.0208115279675,0.0163709186018,0.647434473038,-0.761661052704
0.805227279663,0.0396762378514,0.882912039757,-0.0207297243178,0.0164671763778,0.64718157053,-0.761876106262
0.804328501225,0.0405959710479,0.882348060608,-0.0213418994099,0.013275870122,0.646757006645,-0.762281894684
0.804328501225,0.0405959710479,0.882348060608,-0.0213418994099,0.013275870122,0.646757006645,-0.762281894684
0.806280314922,0.0410686507821,0.883526921272,-0.0264989566058,0.0143787944689,0.647175610065,-0.761744499207
0.806364178658,0.0411069169641,0.883566617966,-0.0264302678406,0.0147590739653,0.647059857845,-0.761838018894
0.806379199028,0.0411136969924,0.883550047874,-0.026387302205,0.0149001460522,0.646930575371,-0.761946439743
0.806422710419,0.0411368906498,0.883517861366,-0.0265433024615,0.0150414761156,0.646787166595,-0.762059986591
0.806367516518,0.0410420224071,0.88346683979,-0.026156751439,0.015338730067,0.646625816822,-0.76220446825
0.806451797485,0.0410294607282,0.883441984653,-0.0262013655156,0.0156376622617,0.646661281586,-0.76216673851
0.80647367239,0.0410190299153,0.883431971073,-0.0262271389365,0.0157299470156,0.646620035172,-0.762198984623
0.80647367239,0.0410190299153,0.883431971073,-0.0262271389365,0.0157299470156,0.646620035172,-0.762198984623
0.806559562683,0.0410228818655,0.883379220963,-0.0263877417892,0.0160843711346,0.646610677242,-0.762193977833
0.806559562683,0.0410228818655,0.883379220963,-0.0263877417892,0.0160843711346,0.646610677242,-0.762193977833
0.805503189564,0.0399821698666,0.882841825485,-0.0207083895802,0.017182867974,0.646166265011,-0.76272213459
0.806830465794,0.0409613102674,0.883253872395,-0.0266989953816,0.0172465536743,0.646825730801,-0.761975169182
0.804120063782,0.0398828685284,0.883246243,-0.0200118348002,0.0140193924308,0.643579959869,-0.764988839626
0.804046213627,0.0398969128728,0.88324213028,-0.0200672466308,0.0139324078336,0.643484532833,-0.765069246292
0.803986012936,0.0398906990886,0.88323289156,-0.0201326142997,0.0139450589195,0.643366873264,-0.765166163445
0.803986012936,0.0398906990886,0.88323289156,-0.0201326142997,0.0139450589195,0.643366873264,-0.765166163445
0.803816497326,0.039847034961,0.883196771145,-0.0201157554984,0.0138973742723,0.643167078495,-0.765335440636
0.803816497326,0.039847034961,0.883196771145,-0.0201157554984,0.0138973742723,0.643167078495,-0.765335440636
0.803704857826,0.0398375615478,0.883212089539,-0.0200973674655,0.0138320960104,0.643180787563,-0.765325665474
0.802596151829,0.0406795665622,0.882614076138,-0.0208724569529,0.0102185979486,0.642832934856,-0.765653789043
0.802511870861,0.0406633764505,0.882600307465,-0.0209406353533,0.0101403864101,0.642792999744,-0.765686511993
0.802511870861,0.0406633764505,0.882600307465,-0.0209406353533,0.0101403864101,0.642792999744,-0.765686511993
0.804408609867,0.0409122332931,0.883853495121,-0.0262932367623,0.0113924751058,0.64374756813,-0.764701187611
0.804369747639,0.0409857258201,0.883877396584,-0.0267611481249,0.0111431069672,0.643677413464,-0.764747679234
0.803417444229,0.0418758504093,0.88335955143,-0.0279165934771,0.00739530380815,0.643415868282,-0.764971911907
0.803417444229,0.0418758504093,0.88335955143,-0.0279165934771,0.00739530380815,0.643415868282,-0.764971911907
0.804166793823,0.0410371609032,0.883884847164,-0.0277435611933,0.0103491982445,0.643504440784,-0.764869451523
0.804098248482,0.0410093441606,0.883888721466,-0.027854282409,0.0101419016719,0.643412709236,-0.764945328236
0.804016470909,0.0409674495459,0.883894443512,-0.0279287397861,0.00993602443486,0.643311262131,-0.765030682087
0.804016470909,0.0409674495459,0.883894443512,-0.0279287397861,0.00993602443486,0.643311262131,-0.765030682087
0.803840875626,0.040844283998,0.883881270885,-0.0280420500785,0.00957495905459,0.643087029457,-0.765219509602
0.803840875626,0.040844283998,0.883881270885,-0.0280420500785,0.00957495905459,0.643087029457,-0.765219509602
0.802455961704,0.0395029336214,0.883163392544,-0.0221599023789,0.0110600311309,0.64179199934,-0.766478717327
0.802455961704,0.0395029336214,0.883163392544,-0.0221599023789,0.0110600311309,0.64179199934,-0.766478717327
0.801395773888,0.0401780158281,0.882581830025,-0.0230796560645,0.00741949863732,0.641293406487,-0.76691275835
0.801283240318,0.0401100739837,0.882562935352,-0.0231713186949,0.00720345787704,0.641052544117,-0.76711332798
0.801183342934,0.0400313064456,0.882535040379,-0.0232723914087,0.00706606032327,0.640812218189,-0.767312288284
0.801183342934,0.0400313064456,0.882535040379,-0.0232723914087,0.00706606032327,0.640812218189,-0.767312288284
0.801074385643,0.040043272078,0.882453024387,-0.0236364137381,0.00706334551796,0.640681147575,-0.767410755157
0.801074385643,0.040043272078,0.882453024387,-0.0236364137381,0.00706334551796,0.640681147575,-0.767410755157
0.800763487816,0.0398870632052,0.882431507111,-0.0238196216524,0.00660129217431,0.640168726444,-0.76783657074
0.80044901371,0.0396445542574,0.882498502731,-0.023693414405,0.00578296091408,0.639522075653,-0.768385767937
0.80115377903,0.0387470126152,0.882994234562,-0.0232241731137,0.00867327675223,0.639543831348,-0.768354892731
0.80115377903,0.0387470126152,0.882994234562,-0.0232241731137,0.00867327675223,0.639543831348,-0.768354892731
0.80076622963,0.0385036468506,0.882927596569,-0.0231242440641,0.0082039758563,0.638927102089,-0.768875956535
0.8006285429,0.03834926337,0.882871568203,-0.0231657233089,0.00819146167487,0.63864338398,-0.769110500813
0.800422847271,0.0382124334574,0.88290309906,-0.0230222735554,0.00790811050683,0.638530790806,-0.769211173058
0.800365269184,0.0382270365953,0.88283854723,-0.0232478119433,0.00797753408551,0.638641536236,-0.76911175251
0.800204515457,0.0381073392928,0.882835865021,-0.0233445763588,0.00766277033836,0.63836401701,-0.769342422485
0.800058245659,0.0379509553313,0.882808804512,-0.0235445126891,0.00714880041778,0.638016879559,-0.769629240036
0.799872279167,0.0378487706184,0.882820725441,-0.023770943284,0.00677457870916,0.637828528881,-0.769781649113
0.799708783627,0.0377455875278,0.882813096046,-0.0239951126277,0.00627401005477,0.637671887875,-0.769908726215
0.799523591995,0.037624143064,0.882813334465,-0.0240822657943,0.00590685848147,0.637387871742,-0.770144164562
0.799408912659,0.0374870486557,0.882813811302,-0.0242331549525,0.00564369000494,0.637204229832,-0.770293295383
0.799408912659,0.0374870486557,0.882813811302,-0.0242331549525,0.00564369000494,0.637204229832,-0.770293295383
0.798964738846,0.0370062552392,0.882823944092,-0.0243881009519,0.0042230989784,0.636237323284,-0.771096289158
0.798820614815,0.0368601754308,0.882817924023,-0.0244285631925,0.00383609859273,0.636058926582,-0.771244168282
0.797853708267,0.0376156307757,0.882234096527,-0.0250462274998,0.00068532692967,0.636018037796,-0.771267294884
0.798606693745,0.036631859839,0.882710576057,-0.0246022585779,0.00353649095632,0.636161625385,-0.771155357361
0.797546386719,0.03725393489,0.882157683372,-0.0249858535826,-0.000134952439112,0.635650515556,-0.77157253027
0.79747569561,0.0370566248894,0.88215970993,-0.025077778846,-0.000440842064563,0.635510206223,-0.77168494463
0.798112630844,0.0358670465648,0.882766008377,-0.0245590731502,0.00191041082144,0.635123968124,-0.772017359734
0.798112630844,0.0358670465648,0.882766008377,-0.0245590731502,0.00191041082144,0.635123968124,-0.772017359734
0.79796642065,0.0355027131736,0.882831096649,-0.0247987378389,0.00102264573798,0.635158777237,-0.77198278904
0.797936856747,0.0353936329484,0.882735133171,-0.0249261949211,0.000919891404919,0.635436654091,-0.771750032902
0.797798752785,0.035192027688,0.882785379887,-0.0248318575323,0.000429475068813,0.635406434536,-0.771778345108
0.797798752785,0.035192027688,0.882785379887,-0.0248318575323,0.000429475068813,0.635406434536,-0.771778345108
0.797463655472,0.034644395113,0.882926762104,-0.0246788822114,-0.00109795364551,0.635153353214,-0.771990895271
0.796491384506,0.0351612567902,0.882430195808,-0.025161921978,-0.00455090589821,0.634958803654,-0.772122681141
0.796491384506,0.0351612567902,0.882430195808,-0.025161921978,-0.00455090589821,0.634958803654,-0.772122681141
0.797381639481,0.0338298752904,0.88301384449,-0.0249836556613,-0.00180620723404,0.635592937469,-0.771617949009
0.797381639481,0.0338298752904,0.88301384449,-0.0249836556613,-0.00180620723404,0.635592937469,-0.771617949009
0.797299861908,0.033345784992,0.883045077324,-0.0250957962126,-0.00228757131845,0.635742247105,-0.771489918232
0.797253251076,0.0332824401557,0.882837712765,-0.0253955367953,-0.00148808967788,0.635956943035,-0.771305203438
0.797276258469,0.0330600738525,0.882897257805,-0.0257490817457,-0.00169946439564,0.636152684689,-0.771131575108
0.797276258469,0.0330600738525,0.882897257805,-0.0257490817457,-0.00169946439564,0.636152684689,-0.771131575108
0.797137022018,0.0324038118124,0.883166968822,-0.0257669463754,-0.00322664086707,0.636027157307,-0.771229565144
0.797086238861,0.0321444645524,0.883194386959,-0.0256097428501,-0.00316467508674,0.636043906212,-0.771221280098
0.796315908432,0.0328694358468,0.882666110992,-0.0262917727232,-0.00599364005029,0.636079132557,-0.771152496338
0.796709537506,0.0324287265539,0.882908165455,-0.0260864347219,-0.00475162267685,0.636097669601,-0.771152794361
0.796802699566,0.0322135165334,0.88297688961,-0.026426050812,-0.00484342500567,0.636237919331,-0.771025002003
0.796830415726,0.0320036001503,0.883011937141,-0.0264918487519,-0.00491636293009,0.636225640774,-0.771032333374
0.796830415726,0.0320036001503,0.883011937141,-0.0264918487519,-0.00491636293009,0.636225640774,-0.771032333374
0.796894133091,0.0315572917461,0.883049190044,-0.0264333281666,-0.005066415295,0.636153697968,-0.771092832088
0.796894133091,0.0315572917461,0.883049190044,-0.0264333281666,-0.005066415295,0.636153697968,-0.771092832088
0.797344565392,0.0303998403251,0.883397102356,-0.0258749723434,-0.00384744047187,0.635999679565,-0.771245777607
0.796464323997,0.0310639329255,0.882867395878,-0.0264153666794,-0.00749101769179,0.635575830936,-0.771549999714
0.797491431236,0.0299561414868,0.883433222771,-0.025689125061,-0.00391809688881,0.635733485222,-0.771471142769
0.797520279884,0.0297482125461,0.883423149586,-0.0259921010584,-0.00479258224368,0.635484337807,-0.771661281586
0.798318386078,0.0296321045607,0.882934212685,-0.0265816710889,-0.00163184781559,0.636346638203,-0.770943343639
0.798397183418,0.0294222887605,0.882951021194,-0.0263568740338,-0.00176760856993,0.636155188084,-0.771108806133
0.798681139946,0.0293077658862,0.883063435555,-0.0263648647815,-0.00281612365507,0.636425495148,-0.770882308483
0.798808097839,0.0291120056063,0.883034586906,-0.0262064207345,-0.0029027715791,0.636220097542,-0.771056950092
0.798976123333,0.028905954212,0.883031129837,-0.0260697547346,-0.00293174060062,0.636046648026,-0.771204590797
0.799109756947,0.0287362411618,0.883034110069,-0.0259317867458,-0.00311388238333,0.635792791843,-0.771417796612
0.799109756947,0.0287362411618,0.883034110069,-0.0259317867458,-0.00311388238333,0.635792791843,-0.771417796612
0.799482345581,0.0284379031509,0.882885813713,-0.0257233101875,-0.00287176691927,0.634925067425,-0.772140085697
0.798550903797,0.0290850009769,0.882395148277,-0.0261192787439,-0.0063144848682,0.634260594845,-0.772652208805
0.798599421978,0.0288896225393,0.882423400879,-0.0259131602943,-0.00665076449513,0.633788228035,-0.773043870926
0.798713684082,0.0286710560322,0.882485032082,-0.0256845969707,-0.00669123418629,0.63332682848,-0.773429214954
0.798862636089,0.0284828916192,0.882450640202,-0.0257276669145,-0.00678660208359,0.632872521877,-0.773798644543
0.799036860466,0.0283030457795,0.882409572601,-0.0257003996521,-0.00683567579836,0.632396936417,-0.774187922478
0.799240112305,0.0281274002045,0.882406353951,-0.0256406832486,-0.00683430070058,0.632036745548,-0.774483919144
0.799351930618,0.0279986932874,0.882362604141,-0.0256350189447,-0.00718440162018,0.631649792194,-0.77479660511
0.799722850323,0.0278797950596,0.88236105442,-0.0259239207953,-0.00718123372644,0.631672859192,-0.774768233299
0.799957633018,0.0277371462435,0.882359027863,-0.0258668214083,-0.00742026697844,0.631162285805,-0.775183856487
0.799957633018,0.0277371462435,0.882359027863,-0.0258668214083,-0.00742026697844,0.631162285805,-0.775183856487
0.799684286118,0.0272236391902,0.882358670235,-0.0255719069391,-0.0077301915735,0.628682553768,-0.777203023434
0.799862146378,0.027000259608,0.882402658463,-0.0254244860262,-0.00785128027201,0.628224909306,-0.777576565742
0.800031661987,0.026790143922,0.882442057133,-0.0252925343812,-0.00806692056358,0.627793669701,-0.777926981449
0.800199210644,0.0265172384679,0.882502496243,-0.0250145383179,-0.0081592425704,0.627397298813,-0.778254747391
0.800199210644,0.0265172384679,0.882502496243,-0.0250145383179,-0.0081592425704,0.627397298813,-0.778254747391
0.800555706024,0.0260846186429,0.882550418377,-0.0245516691357,-0.00877033360302,0.626606881618,-0.77889919281
0.80069065094,0.0258124340326,0.88254481554,-0.0242047440261,-0.00900727324188,0.626320004463,-0.779138088226
0.800817370415,0.0255492758006,0.882536530495,-0.0238346196711,-0.00960838887841,0.625993609428,-0.779404640198
0.801023125648,0.0251999646425,0.882583022118,-0.0234671551734,-0.0100720217451,0.626039743423,-0.779372870922
0.80121254921,0.0247998945415,0.882641732693,-0.022952336818,-0.0102578112856,0.626049518585,-0.779377877712
0.801387906075,0.0243998970836,0.882721424103,-0.0224527884275,-0.0103270690888,0.626041471958,-0.779398024082
0.802441120148,0.0240550339222,0.882748484612,-0.0220425277948,-0.00970969721675,0.627997100353,-0.777842819691
0.802599132061,0.0237516239285,0.882812142372,-0.0216786600649,-0.0100867133588,0.627983748913,-0.777859091759
0.802743673325,0.0234224516898,0.88291311264,-0.0215057730675,-0.010528633371,0.627740979195,-0.778053939342
0.802743673325,0.0234224516898,0.88291311264,-0.0215057730675,-0.010528633371,0.627740979195,-0.778053939342
0.802992284298,0.0226193964481,0.883034825325,-0.0207012090832,-0.0105555886403,0.627182364464,-0.778525650501
0.803093314171,0.0223373863846,0.883026480675,-0.0204732790589,-0.0107752243057,0.626758873463,-0.778869748116
0.803180813789,0.022036710754,0.883092403412,-0.0200796257704,-0.0108031053096,0.6262601614,-0.779280602932
0.803357720375,0.0217917561531,0.883096277714,-0.0198469497263,-0.0106053641066,0.625806510448,-0.779653668404
0.803534448147,0.0215780567378,0.883099317551,-0.0196382086724,-0.0105754211545,0.625159323215,-0.780178427696
0.80291724205,0.0212315190583,0.883171021938,-0.0189479999244,-0.0108413761482,0.62249237299,-0.782321333885
0.802919387817,0.0209620445967,0.883239150047,-0.0185746829957,-0.0109551977366,0.621408760548,-0.78318965435
0.802919387817,0.0209620445967,0.883239150047,-0.0185746829957,-0.0109551977366,0.621408760548,-0.78318965435
0.803146183491,0.0204752702266,0.883207559586,-0.0186266414821,-0.0106151308864,0.618975698948,-0.785117447376
0.804194867611,0.02036123164,0.88319671154,-0.0189452320337,-0.0100528392941,0.619621992111,-0.784607350826
0.803419470787,0.0201426874846,0.883251070976,-0.0188631843776,-0.0106707355008,0.616441071033,-0.787102758884
0.803419470787,0.0201426874846,0.883251070976,-0.0188631843776,-0.0106707355008,0.616441071033,-0.787102758884
0.80436950922,0.0197533313185,0.883282601833,-0.0189653616399,-0.0101779205725,0.615002989769,-0.788231015205
0.803383409977,0.01937687397,0.883759140968,-0.0179940536618,-0.0133203500882,0.61128526926,-0.791093707085
0.80347430706,0.0191226229072,0.883710861206,-0.0178154129535,-0.0130860507488,0.609662473202,-0.792352855206
0.80347430706,0.0191226229072,0.883710861206,-0.0178154129535,-0.0130860507488,0.609662473202,-0.792352855206
0.803588926792,0.0187751110643,0.883709430695,-0.0176814422011,-0.0132123949006,0.606564164162,-0.794728040695
0.803732514381,0.0185912661254,0.883673191071,-0.0176348946989,-0.0131086977199,0.60492926836,-0.795975983143
0.803780674934,0.0184560343623,0.883595228195,-0.0176094081253,-0.0132258459926,0.603479743004,-0.797074139118
0.803783416748,0.0183268804103,0.883546471596,-0.0175662692636,-0.0135320872068,0.601909279823,-0.798256516457
0.803924798965,0.018143106252,0.883482396603,-0.0175768267363,-0.0133553212509,0.6003947258,-0.799399077892
0.804060816765,0.0179432742298,0.883479356766,-0.0169941503555,-0.0128508135676,0.598710536957,-0.800682008266
0.804060816765,0.0176713895053,0.883518517017,-0.0167293176055,-0.0128420107067,0.597103357315,-0.801886975765
0.804153561592,0.0175089184195,0.883483827114,-0.0167229454964,-0.0127040138468,0.595708429813,-0.802926123142
0.803944706917,0.0165202245116,0.883866488934,-0.014314099215,-0.0125901745632,0.594075798988,-0.804183065891
0.803944706917,0.0165202245116,0.883866488934,-0.014314099215,-0.0125901745632,0.594075798988,-0.804183065891
0.804177761078,0.016208037734,0.883751153946,-0.0144447889179,-0.0121282730252,0.591103792191,-0.806374907494
0.804220438004,0.016033384949,0.883722662926,-0.0144466375932,-0.0120618138462,0.589666068554,-0.807427883148
0.804264962673,0.0158636495471,0.883692800999,-0.0143500389531,-0.0119971260428,0.588491916656,-0.808286726475
0.804458141327,0.0155352018774,0.88364982605,-0.013994297944,-0.0116786062717,0.586564123631,-0.809697687626
0.80447602272,0.0155113395303,0.883623480797,-0.0140221631154,-0.0115405740216,0.585745573044,-0.810291528702
0.80447602272,0.0155113395303,0.883623480797,-0.0140221631154,-0.0115405740216,0.585745573044,-0.810291528702
0.804939389229,0.0161442905664,0.883179664612,-0.0167394150048,-0.0117095559835,0.583468794823,-0.811878561974
0.805013537407,0.0159839335829,0.883172214031,-0.016724107787,-0.0116263916716,0.582025706768,-0.81291526556
0.804606735706,0.0155915161595,0.883192300797,-0.0168003533036,-0.0115684969351,0.582586109638,-0.812512934208
0.804711103439,0.0154698379338,0.883183658123,-0.0168062951416,-0.0114493174478,0.581558048725,-0.813250660896
0.805010557175,0.015240249224,0.883243322372,-0.0164547618479,-0.0112905297428,0.579732000828,-0.814562797546
0.805450320244,0.0153787890449,0.883229494095,-0.0166173987091,-0.0110086351633,0.577834129333,-0.815910756588
0.805498480797,0.0152060780674,0.883260369301,-0.0164039861411,-0.0109318224713,0.576632142067,-0.816765964031
0.805520117283,0.0150327011943,0.883224308491,-0.0162386447191,-0.010711136274,0.575673401356,-0.8174482584
0.805566310883,0.0148088932037,0.883177042007,-0.0161221381277,-0.0102912252769,0.574704408646,-0.818137586117
0.805360376835,0.013789517805,0.883500277996,-0.0138526298106,-0.0098219094798,0.573607325554,-0.818954348564
0.805356621742,0.0136198401451,0.883460402489,-0.0137157775462,-0.00971753522754,0.572569966316,-0.819683551788
0.805370092392,0.0134283630177,0.88342833519,-0.0136150736362,-0.00955377984792,0.571509420872,-0.820426940918
0.805587053299,0.0140340663493,0.883022427559,-0.0154953943565,-0.00961492117494,0.570166349411,-0.821326851845
0.805553197861,0.0138731263578,0.88298779726,-0.0154135413468,-0.00951508618891,0.569093048573,-0.822073638439
0.805373370647,0.0135303065181,0.883006572723,-0.0148409390822,-0.00927593093365,0.568127453327,-0.822754502296
0.805373370647,0.0135303065181,0.883006572723,-0.0148409390822,-0.00927593093365,0.568127453327,-0.822754502296
0.805241167545,0.0124462870881,0.883259415627,-0.0127651011571,-0.00867877528071,0.565579533577,-0.824549257755
0.805303156376,0.0128445681185,0.882912516594,-0.0146337654442,-0.0087029254064,0.564842700958,-0.825022935867
0.805317282677,0.0122140329331,0.883227527142,-0.0127284387127,-0.00829246640205,0.562568306923,-0.826611220837
0.805208086967,0.0119859967381,0.883218050003,-0.0127983288839,-0.00820043310523,0.561530530453,-0.827316403389
0.805125415325,0.0118611231446,0.883194625378,-0.012710781768,-0.00794470962137,0.560189068317,-0.828229129314
0.805131554604,0.0116987647489,0.883153796196,-0.0129982940853,-0.00739891408011,0.558666646481,-0.829257428646
0.805092930794,0.011538057588,0.883085012436,-0.0127926636487,-0.00685794651508,0.557256639004,-0.830213427544
0.805134415627,0.0114394146949,0.883089900017,-0.0126985330135,-0.00659012561664,0.555452346802,-0.831425249577
0.805135011673,0.011702622287,0.882892072201,-0.0141367735341,-0.00660660676658,0.554320693016,-0.832156836987
0.804980397224,0.0111446771771,0.8830524683,-0.0131501350552,-0.00622783880681,0.552962899208,-0.833078801632
0.804887533188,0.0110525414348,0.883038163185,-0.0132496850565,-0.00609902106225,0.551555633545,-0.834010541439
0.804822564125,0.0109015991911,0.883045732975,-0.0132837314159,-0.00578903360292,0.550130486488,-0.834952950478
0.80459022522,0.0111887883395,0.882696986198,-0.0146780041978,-0.00573380384594,0.549621164799,-0.835265398026
0.804735004902,0.0112086031586,0.882691919804,-0.01457710471,-0.00549772335216,0.547602772713,-0.836593389511
0.804712891579,0.0111194355413,0.882622480392,-0.0144818667322,-0.00509190000594,0.545993328094,-0.837648868561
0.804623842239,0.0103095462546,0.882805228233,-0.0129912067205,-0.00432285992429,0.543973207474,-0.838990867138
0.804568231106,0.0104050738737,0.882620930672,-0.0139204002917,-0.00390501134098,0.543093204498,-0.839547872543
0.804391145706,0.010439818725,0.882453918457,-0.0148109253496,-0.00387157872319,0.54194611311,-0.840273797512
0.804331302643,0.0103437360376,0.882417440414,-0.0149598317221,-0.00364007637836,0.540634274483,-0.841116845608
0.804357051849,0.0100445458665,0.882542133331,-0.0141453240067,-0.00321225333028,0.538908541203,-0.842239379883
0.804357051849,0.0100445458665,0.882542133331,-0.0141453240067,-0.00321225333028,0.538908541203,-0.842239379883
0.804414153099,0.010098666884,0.88243997097,-0.0144945532084,-0.00297059095465,0.535983800888,-0.844098567963
0.80434525013,0.0100302603096,0.882418334484,-0.0143416123465,-0.00246843532659,0.534801483154,-0.844852387905
0.804232120514,0.0100709116086,0.882316112518,-0.0148292947561,-0.00228890101425,0.534119427204,-0.845275819302
0.804224312305,0.0099171269685,0.882430195808,-0.0148763302714,-0.00217619305477,0.532602071762,-0.846232235432
0.803912520409,0.0095353834331,0.88240814209,-0.0142298750579,-0.0018445540918,0.531826257706,-0.846731960773
0.804000377655,0.00969211291522,0.882291018963,-0.0146094989032,-0.00199583545327,0.530203700066,-0.847742080688
0.803999185562,0.00955355912447,0.882263064384,-0.0147690856829,-0.00145835534204,0.529037117958,-0.848468899727
0.803983926773,0.00946911424398,0.882251620293,-0.0148797985166,-0.0011553959921,0.528107643127,-0.849046289921
0.804033815861,0.00937881879508,0.882220387459,-0.0150443054736,-0.000707472790964,0.527118742466,-0.849658191204
0.803959727287,0.00940617732704,0.882098197937,-0.015744138509,-0.000469402817544,0.526585042477,-0.849976539612
0.803868591785,0.00931739248335,0.882092773914,-0.0158456452191,-0.000401137134759,0.525579869747,-0.850596606731
0.803654968739,0.00915582943708,0.882026672363,-0.0160907432437,-0.000303517677821,0.525264978409,-0.850786566734
0.803531348705,0.00910372007638,0.881976723671,-0.0161668192595,-0.00030823412817,0.524364054203,-0.851340651512
0.803565502167,0.00918632373214,0.881963849068,-0.0159132219851,-0.000206984987017,0.522600829601,-0.852428913116
0.803565502167,0.00918632373214,0.881963849068,-0.0159132219851,-0.000206984987017,0.522600829601,-0.852428913116
0.803440213203,0.00905374437571,0.881930649281,-0.0158581119031,-7.99287154223e-05,0.521495699883,-0.853106558323
0.8034902215,0.00892218668014,0.881867527962,-0.0162503886968,0.00117693236098,0.51965123415,-0.854223072529
0.803524315357,0.00869146175683,0.88195681572,-0.0158664397895,0.00150016264524,0.518392443657,-0.854994297028
0.803407788277,0.00867860671133,0.881876528263,-0.0163783300668,0.00169403199106,0.517523884773,-0.855510294437
0.803284049034,0.0085741141811,0.88185274601,-0.0164151284844,0.00184548075777,0.516500115395,-0.856127798557
0.803128480911,0.00845916103572,0.881834805012,-0.0164473261684,0.00178203813266,0.515284359455,-0.856859564781
0.80295586586,0.00835364777595,0.881804049015,-0.0164948031306,0.00172434456181,0.514249742031,-0.857480108738
0.80295586586,0.00835364777595,0.881804049015,-0.0164948031306,0.00172434456181,0.514249742031,-0.857480108738
0.802814126015,0.00819378253073,0.881901144981,-0.0164686087519,0.0022295396775,0.512295246124,-0.858648657799
0.802907347679,0.00834589451551,0.881885588169,-0.0169395599514,0.00264761340804,0.512043058872,-0.858788669109
0.802868366241,0.00827228371054,0.881937026978,-0.0171091686934,0.00304875872098,0.511180222034,-0.859297811985
0.802868366241,0.00827228371054,0.881937026978,-0.0171091686934,0.00304875872098,0.511180222034,-0.859297811985
0.802456736565,0.00784495845437,0.881964385509,-0.0169259477407,0.00341587513685,0.508802056313,-0.860710382462
0.802298545837,0.00776722095907,0.881940841675,-0.0170277915895,0.00338989193551,0.508015394211,-0.86117297411
0.802188277245,0.00767008773983,0.881944954395,-0.0171365123242,0.00346901919693,0.50733345747,-0.861572444439
0.802060842514,0.00754169095308,0.881943523884,-0.0171647351235,0.00346598634496,0.50665307045,-0.861972212791
0.801966428757,0.00743396580219,0.881946444511,-0.0172656420618,0.00360774155706,0.506083011627,-0.862304389477
0.80180978775,0.00734225101769,0.881963670254,-0.0174227263778,0.00366161414422,0.505411565304,-0.862694740295
0.801689505577,0.00721935834736,0.881956994534,-0.0175018552691,0.00379350967705,0.504901349545,-0.862991273403
0.801689505577,0.00721935834736,0.881956994534,-0.0175018552691,0.00379350967705,0.504901349545,-0.862991273403
0.801427960396,0.00696395058185,0.881987810135,-0.0177736934274,0.00408466579393,0.50395399332,-0.8635379076
0.801325380802,0.00673945061862,0.881893157959,-0.0178511030972,0.00462510343641,0.503289997578,-0.863920807838
0.801325380802,0.00673945061862,0.881893157959,-0.0178511030972,0.00462510343641,0.503289997578,-0.863920807838
0.801036477089,0.00640303827822,0.881886303425,-0.0178871192038,0.00506052793935,0.502675294876,-0.86427539587
0.800792336464,0.00625472329557,0.881842911243,-0.0179370511323,0.00496151624247,0.502404272556,-0.864432573318
0.800633251667,0.00610193610191,0.881852388382,-0.0180082153529,0.00502542359754,0.502086997032,-0.864614963531
0.800478935242,0.00592916738242,0.881843924522,-0.0179712586105,0.00523935584351,0.501889407635,-0.864729225636
0.800178408623,0.00589318573475,0.881780743599,-0.0187179334462,0.00505020376295,0.502205312252,-0.864531040192
0.800029039383,0.0057586170733,0.881778001785,-0.0187499150634,0.00519698252901,0.502082288265,-0.864600896835
0.799877941608,0.00565262138844,0.881799995899,-0.0190274007618,0.00525351753458,0.50192540884,-0.86468565464
0.799723625183,0.00550005119294,0.881801247597,-0.0190772414207,0.00549748260528,0.501851737499,-0.864725768566
0.799723625183,0.00550005119294,0.881801247597,-0.0190772414207,0.00549748260528,0.501851737499,-0.864725768566
0.799402594566,0.00520613603294,0.88179397583,-0.0192532613873,0.00553260045126,0.501855909824,-0.86471927166
0.799227297306,0.0050190826878,0.881797909737,-0.0192667394876,0.0055583124049,0.501755535603,-0.864777028561
0.798921346664,0.00482939556241,0.881776630878,-0.0192611012608,0.0053498162888,0.501648485661,-0.864840567112
0.799057900906,0.00476735271513,0.88196349144,-0.0214934479445,0.00410844711587,0.502888739109,-0.86407405138
0.798900723457,0.0046020662412,0.882016658783,-0.0216221641749,0.00429333792999,0.502832114697,-0.864102959633
0.798449039459,0.00432026386261,0.882040858269,-0.0216512996703,0.00424022460356,0.503616511822,-0.863645553589
0.797874629498,0.00411678757519,0.881791234016,-0.0196374133229,0.00560044590384,0.502157211304,-0.864535212517
0.79765188694,0.00396270025522,0.881784856319,-0.0196273773909,0.00557550322264,0.502212464809,-0.864503502846
0.797418236732,0.0037626279518,0.881791353226,-0.0195432193577,0.00552109256387,0.502223134041,-0.864499568939
0.797335207462,0.00368328951299,0.881779968739,-0.0193938147277,0.00559340510517,0.501650810242,-0.864834666252
0.797165513039,0.00354109145701,0.88177716732,-0.019403975457,0.00562559533864,0.501772105694,-0.864763915539
0.797028243542,0.00338900275528,0.881821036339,-0.0196179505438,0.00567193562165,0.502011179924,-0.864620029926
0.796878993511,0.00324818771333,0.881825327873,-0.0196682214737,0.00571522628888,0.502145111561,-0.864540755749
0.796681165695,0.00311230123043,0.881799578667,-0.0197305288166,0.00561913661659,0.502415180206,-0.864383101463
0.796589434147,0.00294162053615,0.881815552711,-0.0197686627507,0.0057541760616,0.502586305141,-0.864281833172
0.796432256699,0.00273851957172,0.881812810898,-0.019787510857,0.00591191276908,0.502768516541,-0.864174365997
0.796320080757,0.00259666051716,0.8818333745,-0.0199525430799,0.00595386326313,0.502898991108,-0.864094376564
0.795990109444,0.00225491076708,0.881753444672,-0.0198281053454,0.0062397653237,0.503628611565,-0.863670170307
0.796037197113,0.00222712475806,0.881771326065,-0.0198291987181,0.00632282206789,0.503036081791,-0.864014804363
0.795827865601,0.0020381771028,0.881789445877,-0.0198012609035,0.00631844298914,0.503084182739,-0.863987445831
0.795684635639,0.00188480317593,0.881790578365,-0.0199066903442,0.00630157766864,0.503157913685,-0.863942205906
0.795438766479,0.00174612831324,0.88176381588,-0.0202061347663,0.00616417266428,0.503372073174,-0.86381149292
0.795200526714,0.00142940320075,0.881791055202,-0.0205330364406,0.00613302085549,0.504123568535,-0.863365590572
0.795200526714,0.00142940320075,0.881791055202,-0.0205330364406,0.00613302085549,0.504123568535,-0.863365590572
0.795094311237,0.000815046951175,0.88197183609,-0.0201422274113,0.00685133645311,0.503716647625,-0.863606929779
0.795127809048,0.000934226438403,0.881873309612,-0.0210213381797,0.00714014377445,0.503601193428,-0.863650918007
0.795014500618,0.000773375853896,0.881857097149,-0.0212191753089,0.0071311458014,0.503610789776,-0.863640606403
0.794895648956,0.000628033652902,0.881831407547,-0.0214545242488,0.00720880553126,0.503705918789,-0.863578677177
0.794683277607,0.000500765629113,0.881756842136,-0.021743837744,0.00696337409317,0.503842115402,-0.863493978977
0.794573366642,0.000351470895112,0.881750822067,-0.021905168891,0.00700667640194,0.503921151161,-0.863443434238
0.79444861412,0.000128025189042,0.881737172604,-0.0219042953104,0.0071655837819,0.503893435001,-0.8634583354
0.794164061546,-0.000151298008859,0.881688296795,-0.0224175527692,0.0071592181921,0.504991531372,-0.862803399563
0.794237315655,-0.000900962390006,0.881977558136,-0.020663516596,0.0079142684117,0.504186570644,-0.863311231136
0.79413485527,-0.000510021112859,0.88165128231,-0.0227661151439,0.00762872071937,0.504911541939,-0.862837016582
0.794024586678,-0.000720295123756,0.881664514542,-0.0225810427219,0.00779209751636,0.504826843739,-0.862890005112
0.793922901154,-0.00088107585907,0.88165640831,-0.0227569006383,0.00781883392483,0.505083858967,-0.862734735012
0.793810248375,-0.00104537792504,0.881651818752,-0.0229439549148,0.00800349283963,0.505412995815,-0.862535297871
0.79370200634,-0.00123210716993,0.881641745567,-0.0231111645699,0.00814314186573,0.505687832832,-0.862368404865
0.793535470963,-0.00140621606261,0.881578087807,-0.0233242493123,0.00797648914158,0.505990326405,-0.862186849117
0.793166041374,-0.00184469856322,0.881572246552,-0.0235342066735,0.00781366787851,0.507256150246,-0.861438512802
0.793100059032,-0.00206781923771,0.881604194641,-0.0238021984696,0.00814121682197,0.507555544376,-0.861251711845
0.792900502682,-0.0022707413882,0.881576538086,-0.0239681452513,0.00814054347575,0.507754802704,-0.861129641533
0.792688965797,-0.00245270691812,0.881507873535,-0.0241458453238,0.00796635542065,0.508043646812,-0.860955953598
0.792501270771,-0.00248587690294,0.881345272064,-0.0248047988862,0.0076104812324,0.508140861988,-0.860883057117
0.792169213295,-0.00281793810427,0.881341099739,-0.0247919876128,0.00782545749098,0.509032547474,-0.860354542732
0.792169213295,-0.00359534006566,0.881652474403,-0.0229600910097,0.00877029076219,0.508415222168,-0.860761225224
0.792113304138,-0.00374553259462,0.881661057472,-0.0233413502574,0.00893753021955,0.508560955524,-0.860663115978
0.791780471802,-0.00361188035458,0.881391048431,-0.0244895294309,0.00860814098269,0.509133636951,-0.860295891762
0.791780471802,-0.00361188035458,0.881391048431,-0.0244895294309,0.00860814098269,0.509133636951,-0.860295891762
0.791106343269,-0.00454029254615,0.881557404995,-0.0234842393547,0.00886663794518,0.510052025318,-0.859777212143
0.79079246521,-0.00477905478328,0.881539106369,-0.0234308782965,0.00873165857047,0.510357141495,-0.85959893465
0.790473103523,-0.00439190492034,0.881219804287,-0.0252531971782,0.00820645224303,0.510884523392,-0.859239161015
0.791910886765,-0.00422619655728,0.880532681942,-0.0276303514838,0.0132780680433,0.515313088894,-0.856453537941
0.789805114269,-0.00493493210524,0.881159365177,-0.0260301847011,0.008395280689,0.512392282486,-0.858315885067
0.789475679398,-0.00518826767802,0.881123960018,-0.0260302890092,0.00814987532794,0.512582600117,-0.858204543591
0.789049506187,-0.0054496563971,0.881000101566,-0.0258152689785,0.00797054544091,0.512690424919,-0.858148336411
0.788933396339,-0.00558819063008,0.880976557732,-0.026067301631,0.0078980056569,0.512306153774,-0.858370780945
0.788755357265,-0.00571036431938,0.880977451801,-0.0261195041239,0.00781691353768,0.512192189693,-0.858437955379
0.788594961166,-0.00600419659168,0.881009757519,-0.0259993430227,0.00786165613681,0.512036383152,-0.858534216881
0.78816640377,-0.00640607625246,0.881035327911,-0.0260776542127,0.00766689283773,0.51291435957,-0.858009338379
0.787801623344,-0.00662245973945,0.881033241749,-0.0263507887721,0.00738099263981,0.512886345387,-0.858020246029
0.787650942802,-0.00642613880336,0.880870938301,-0.0281791687012,0.00706159649417,0.513257861137,-0.857742607594
0.787423312664,-0.00655425898731,0.880854189396,-0.0286503154784,0.00690355477855,0.513447642326,-0.857614696026
0.787334799767,-0.0072551574558,0.881225526333,-0.0270849522203,0.00733640417457,0.51274484396,-0.858082354069
0.786778450012,-0.00697090569884,0.880836009979,-0.0293028373271,0.00638739345595,0.51437574625,-0.857040345669
0.786458313465,-0.00714462250471,0.88073605299,-0.0294376686215,0.00607556989416,0.514586031437,-0.85691177845
0.786457180977,-0.00716977845877,0.880703806877,-0.0297125373036,0.00609526736662,0.514210104942,-0.857127726078
0.786314845085,-0.00738801714033,0.88071668148,-0.0298305116594,0.00628698570654,0.514591991901,-0.856893062592
0.786314845085,-0.00738801714033,0.88071668148,-0.0298305116594,0.00628698570654,0.514591991901,-0.856893062592
0.785712778568,-0.00779317971319,0.880551159382,-0.0310307014734,0.00562156364322,0.516530573368,-0.85568779707
0.785727143288,-0.00849336478859,0.880854010582,-0.0295335520059,0.00603330228478,0.516093313694,-0.856001794338
0.785727143288,-0.00849336478859,0.880854010582,-0.0295335520059,0.00603330228478,0.516093313694,-0.856001794338
0.785601735115,-0.00862123351544,0.880821943283,-0.0299694351852,0.00585610838607,0.516641616821,-0.855657041073
0.785789430141,-0.00822550710291,0.880376636982,-0.032821431756,0.00599416671321,0.519181847572,-0.854012310505
0.78667396307,-0.00883423443884,0.88026791811,-0.0329235456884,0.00921318959445,0.521535396576,-0.852544426918
0.786626875401,-0.00892850384116,0.880209207535,-0.0334271676838,0.00912232138216,0.52244001627,-0.851971745491
0.786597490311,-0.00852833408862,0.87986934185,-0.0354449488223,0.00856446009129,0.52370429039,-0.851119339466
0.786721765995,-0.00876151118428,0.879964411259,-0.0358997620642,0.00930330250412,0.524712622166,-0.850471198559
0.786448359489,-0.00903373677284,0.879908382893,-0.036673463881,0.00879134889692,0.526459813118,-0.849363148212
0.786464810371,-0.00930687319487,0.879905581474,-0.0369654223323,0.00888223666698,0.52759295702,-0.84864616394
0.786593735218,-0.0100493058562,0.880238234997,-0.0354852341115,0.00931403692812,0.527554750443,-0.84872841835
0.786555349827,-0.00962349958718,0.879882335663,-0.0375183261931,0.00864645093679,0.529071986675,-0.847702980042
0.786582112312,-0.0105109307915,0.880165874958,-0.0363957323134,0.00884296838194,0.530083358288,-0.847117900848
0.786582112312,-0.0105109307915,0.880165874958,-0.0363957323134,0.00884296838194,0.530083358288,-0.847117900848
0.786254644394,-0.011187242344,0.880265772343,-0.0363844893873,0.00775263132527,0.532222747803,-0.845786631107
0.786449193954,-0.0109773967415,0.879985570908,-0.0387761667371,0.00770141836256,0.534187674522,-0.844441056252
0.78659671545,-0.0117766801268,0.880314946175,-0.0371956154704,0.00809099338949,0.534688174725,-0.844191670418
0.786675214767,-0.0122482981533,0.88035517931,-0.0377552658319,0.0083317970857,0.536662340164,-0.842910826206
0.786693334579,-0.0125497803092,0.880277991295,-0.0380596555769,0.00809517782182,0.53803384304,-0.842024624348
0.786787867546,-0.0125312944874,0.880056023598,-0.0402443930507,0.00812047347426,0.540615141392,-0.840267598629
0.787279009819,-0.0125909531489,0.879944860935,-0.04106098786,0.00877509173006,0.54112970829,-0.839890241623
0.787175536156,-0.0134031595662,0.879995346069,-0.040928799659,0.00923395622522,0.543485462666,-0.838369369507
0.787452459335,-0.014435229823,0.880283415318,-0.0392943508923,0.00996898300946,0.544153153896,-0.838005900383
0.787694633007,-0.0148509377614,0.880288958549,-0.0394267179072,0.0103082200512,0.545387864113,-0.8371925354
0.787895321846,-0.0153933344409,0.880242586136,-0.0396934300661,0.0104471193627,0.547023952007,-0.836110115051
0.787823319435,-0.0159633550793,0.880076169968,-0.0398015975952,0.0108131114393,0.548745214939,-0.834971666336
0.788041293621,-0.0166343301535,0.880157411098,-0.0398062579334,0.0110715283081,0.550527751446,-0.833793818951
0.78827726841,-0.0171286743134,0.880135178566,-0.0399945825338,0.0109995706007,0.552063584328,-0.832769632339
0.788519561291,-0.0176414065063,0.880320608616,-0.0400177203119,0.00993560627103,0.554093658924,-0.831432521343
0.788808584213,-0.0182918533683,0.880359351635,-0.0401777513325,0.0101997954771,0.555869221687,-0.830235600471
0.788916409016,-0.0189055912197,0.880302190781,-0.0403491780162,0.0101496316493,0.557646036148,-0.829035520554
0.789293169975,-0.0199397616088,0.880454421043,-0.0396096371114,0.0103623112664,0.558646559715,-0.828394711018
0.789818882942,-0.0192781165242,0.879897236824,-0.0429154224694,0.0104443989694,0.561136484146,-0.826544046402
0.79019844532,-0.0199882313609,0.879941821098,-0.0430481992662,0.0108833275735,0.563042163849,-0.825234472752
0.790499448776,-0.0206909477711,0.879836678505,-0.0433918386698,0.0115332724527,0.564878165722,-0.82395195961
0.790753602982,-0.0213991682976,0.879771351814,-0.0434611998498,0.0117394551635,0.566700339317,-0.822693169117
0.791161119938,-0.0221375506371,0.879748702049,-0.0436048321426,0.0120129557326,0.568735420704,-0.821276009083
0.791509270668,-0.0228344835341,0.87970918417,-0.044088948518,0.0120313791558,0.570499181747,-0.820025682449
0.791710555553,-0.0236351415515,0.879660069942,-0.0437464006245,0.0122109679505,0.572064578533,-0.818950116634
0.791966855526,-0.0244738440961,0.879653275013,-0.0435630753636,0.012414701283,0.574006378651,-0.817596971989
0.792221546173,-0.0252790600061,0.8796210289,-0.0437251739204,0.0124461567029,0.575935721397,-0.816229879856
0.792561531067,-0.026052551344,0.879791617393,-0.0437871664762,0.012137898244,0.577942192554,-0.814811766148
0.792935848236,-0.0269081667066,0.879790902138,-0.0436130166054,0.0125917745754,0.579766988754,-0.81351685524
0.793294429779,-0.0278101619333,0.879734992981,-0.0433643124998,0.013002040796,0.5817694664,-0.812092840672
0.793596744537,-0.0287292581052,0.879559338093,-0.0434733070433,0.0135348886251,0.583603441715,-0.810761332512
0.793880701065,-0.0296282377094,0.879535615444,-0.0432952716947,0.0137121630833,0.585483014584,-0.809411585331
0.794311523438,-0.0305412504822,0.879492521286,-0.0431763380766,0.013976925984,0.587321162224,-0.808080673218
0.794697225094,-0.0314466878772,0.879529893398,-0.0431219413877,0.0142603321001,0.589113771915,-0.806772649288
0.793976843357,-0.0323796570301,0.879713118076,-0.0420200936496,0.0125763257965,0.58973890543,-0.806402087212
0.793976843357,-0.0323796570301,0.879713118076,-0.0420200936496,0.0125763257965,0.58973890543,-0.806402087212
0.794876992702,-0.0341891273856,0.879823863506,-0.0420315079391,0.0120325600728,0.594196915627,-0.803130507469
0.794876992702,-0.0341891273856,0.879823863506,-0.0420315079391,0.0120325600728,0.594196915627,-0.803130507469
0.796341359615,-0.0361037254333,0.879492938519,-0.0422894470394,0.014151324518,0.598837912083,-0.79962772131
0.79672652483,-0.0372328944504,0.879185497761,-0.0423050001264,0.0155606530607,0.600675940514,-0.798220872879
0.797245383263,-0.0382314398885,0.879269957542,-0.0420884825289,0.0157091170549,0.602844059467,-0.796593308449
0.79763507843,-0.0392304956913,0.87929546833,-0.0419970303774,0.0158248376101,0.604606211185,-0.795259296894
0.798022210598,-0.0402182489634,0.879286468029,-0.0420305766165,0.0159378387034,0.606347620487,-0.793928265572
0.798332512379,-0.0413115657866,0.879284620285,-0.0412988103926,0.0158442873508,0.60819965601,-0.792550742626
0.798740744591,-0.04239724949,0.879181742668,-0.0408592447639,0.0160035882145,0.60998570919,-0.791196405888
0.799248218536,-0.0434526875615,0.879127264023,-0.0408948473632,0.0164548996836,0.611950755119,-0.789666473866
0.799505770206,-0.0445229560137,0.879110455513,-0.0406160354614,0.0164157953113,0.613404452801,-0.788552999496
0.799841940403,-0.0456845983863,0.878938674927,-0.0402075238526,0.0171127188951,0.614953100681,-0.787352085114
0.800248980522,-0.0467833392322,0.878877341747,-0.0400167703629,0.0173652172089,0.616510152817,-0.786137640476
0.800796687603,-0.0479016900063,0.878861427307,-0.0399862192571,0.0179916620255,0.618233323097,-0.784770727158
0.800796687603,-0.0479016900063,0.878861427307,-0.0399862192571,0.0179916620255,0.618233323097,-0.784770727158
0.801682114601,-0.0501113086939,0.878736019135,-0.0396530330181,0.0182149596512,0.62167018652,-0.782062649727
0.802104055882,-0.0513453260064,0.878643035889,-0.0391143858433,0.0186824221164,0.623170554638,-0.780883848667
0.802409410477,-0.0524788796902,0.878697931767,-0.0384595766664,0.0185772366822,0.624846339226,-0.779578566551
0.802884936333,-0.0536184310913,0.878680109978,-0.0384024493396,0.0189144071192,0.626373946667,-0.778346478939
0.803195595741,-0.054933462292,0.878593444824,-0.0377195738256,0.0191383957863,0.627778172493,-0.777242302895
0.803683638573,-0.0561599135399,0.878451943398,-0.0373090356588,0.0194476675242,0.629216372967,-0.776090681553
0.80420255661,-0.0573487952352,0.878283917904,-0.03724078089,0.0202881712466,0.630399763584,-0.775111436844
0.804662108421,-0.0586171709001,0.878231883049,-0.0368184261024,0.0207261405885,0.631827116013,-0.773957014084
0.804662108421,-0.0586171709001,0.878231883049,-0.0368184261024,0.0207261405885,0.631827116013,-0.773957014084
0.805445253849,-0.0610855892301,0.878082573414,-0.0360012836754,0.0213205385953,0.634523808956,-0.771770000458
0.805882811546,-0.0623515360057,0.87800514698,-0.0357407517731,0.0217038094997,0.635608375072,-0.770878553391
0.806220471859,-0.063606031239,0.877903282642,-0.0353016108274,0.0217881333083,0.636665999889,-0.770023107529
0.806574463844,-0.0648359358311,0.877771496773,-0.0347943939269,0.0220799501985,0.63772469759,-0.769161224365
0.806918799877,-0.0661458000541,0.8777359128,-0.0342247076333,0.0218549724668,0.639151453972,-0.768008172512
0.807385146618,-0.0675268024206,0.877672493458,-0.0337660387158,0.0223651733249,0.640199244022,-0.767140567303
0.808681070805,-0.0695401355624,0.878156304359,-0.0329712666571,0.0255860444158,0.641370773315,-0.766095161438
0.808249115944,-0.0699972957373,0.877534985542,-0.0334637612104,0.022856939584,0.642266213894,-0.765409588814
0.808249115944,-0.0699972957373,0.877534985542,-0.0334637612104,0.022856939584,0.642266213894,-0.765409588814
0.808995246887,-0.0727473497391,0.877222061157,-0.0320512056351,0.0235764477402,0.644091486931,-0.763912916183
0.810227572918,-0.074818469584,0.877728164196,-0.0312592945993,0.026756471023,0.645105957985,-0.762984454632
0.810613751411,-0.0760981738567,0.877584218979,-0.0312008392066,0.0267602037638,0.645884692669,-0.762327671051
0.810020148754,-0.0766022354364,0.876996219158,-0.0312702357769,0.0241206772625,0.646375119686,-0.7619972229
0.81155872345,-0.0788645893335,0.877355337143,-0.0302933361381,0.0279650203884,0.64774107933,-0.760744214058
0.811077833176,-0.0793360248208,0.876670598984,-0.0306056383997,0.0252177082002,0.648115336895,-0.760508954525
0.812266349792,-0.0814666748047,0.877035737038,-0.0297605767846,0.0291255470365,0.648810088634,-0.759810209274
0.812266349792,-0.0814666748047,0.877035737038,-0.0297605767846,0.0291255470365,0.648810088634,-0.759810209274
0.813232421875,-0.0842608064413,0.876777350903,-0.0289135687053,0.0304581243545,0.650358915329,-0.75846529007
0.813410520554,-0.085509121418,0.876643538475,-0.0284391455352,0.0302880052477,0.650780320168,-0.758128523827
0.813859641552,-0.0868542939425,0.876563847065,-0.0282987188548,0.030719473958,0.651337563992,-0.757637739182
0.813859641552,-0.0868542939425,0.876563847065,-0.0282987188548,0.030719473958,0.651337563992,-0.757637739182
0.813713371754,-0.0886674895883,0.875703036785,-0.0282839145511,0.0281689930707,0.652531564236,-0.756709456444
0.814920902252,-0.0908017903566,0.876139640808,-0.0272344704717,0.031436637044,0.653075873852,-0.756149411201
0.814920902252,-0.0908017903566,0.876139640808,-0.0272344704717,0.031436637044,0.653075873852,-0.756149411201
0.814741373062,-0.0925434827805,0.8753734231,-0.0270980447531,0.0291194617748,0.65399646759,-0.755451142788
0.816078186035,-0.0944957584143,0.87586414814,-0.0266049727798,0.0317552722991,0.654882192612,-0.754594624043
0.816447973251,-0.0957303270698,0.875804901123,-0.0263573620468,0.0320983603597,0.655438482761,-0.754105746746
0.816743195057,-0.0971365198493,0.87552690506,-0.025889698416,0.0334103778005,0.655550479889,-0.753967523575
0.817069470882,-0.0983203798532,0.875357627869,-0.0256222262979,0.0337051413953,0.655726313591,-0.75381064415
0.817511081696,-0.0995749235153,0.875213384628,-0.0253273881972,0.0342485457659,0.656457304955,-0.753159582615
0.817867279053,-0.10068770498,0.875319600105,-0.0251176804304,0.0336024984717,0.657434403896,-0.752343058586
0.817393541336,-0.101048067212,0.874504268169,-0.0259423274547,0.0311195868999,0.657420873642,-0.752433657646
0.817681193352,-0.102175623178,0.874431014061,-0.0252688229084,0.0309058371931,0.658120155334,-0.751853883266
0.819042682648,-0.104217886925,0.874844253063,-0.024399375543,0.035293687135,0.6589012146,-0.751004874706
0.819042682648,-0.104217886925,0.874844253063,-0.024399375543,0.035293687135,0.6589012146,-0.751004874706
0.819570541382,-0.106468401849,0.874658584595,-0.0241112802178,0.0355294905603,0.659633100033,-0.750360310078
0.819822967052,-0.107457756996,0.874590933323,-0.0238088387996,0.034878000617,0.660344183445,-0.749774873257
0.82041913271,-0.108520910144,0.874363064766,-0.0237828362733,0.0358381308615,0.660664916039,-0.749447762966
0.819775879383,-0.109824560583,0.874737858772,-0.0228697080165,0.0333266817033,0.659841954708,-0.750316560268
0.820050120354,-0.110704019666,0.874596953392,-0.0227143876255,0.0331172682345,0.660563290119,-0.749695539474
0.82037115097,-0.111674174666,0.87452507019,-0.0226791314781,0.0332558117807,0.661119878292,-0.749199807644
0.820833623409,-0.112648971379,0.874487042427,-0.0228447224945,0.0337096005678,0.661785840988,-0.748586297035
0.821013748646,-0.113556832075,0.874374747276,-0.0224122982472,0.0335937775671,0.662382125854,-0.748077094555
0.821297645569,-0.114387243986,0.874316453934,-0.0220672301948,0.0337326265872,0.662998199463,-0.747534990311
0.821648180485,-0.115367986262,0.874207854271,-0.0216939542443,0.0340859256685,0.663678705692,-0.746925771236
0.821908533573,-0.116190753877,0.87412416935,-0.0217797569931,0.0339033789933,0.664001047611,-0.746645152569
0.822174668312,-0.116957187653,0.874083220959,-0.0217151697725,0.0339189469814,0.664586484432,-0.746125102043
0.822174668312,-0.116957187653,0.874083220959,-0.0217151697725,0.0339189469814,0.664586484432,-0.746125102043
0.822723984718,-0.118398934603,0.873973071575,-0.0216582901776,0.0335046425462,0.665866374969,-0.745003581047
0.822075009346,-0.118267357349,0.873362839222,-0.0221546050161,0.0303672403097,0.666108906269,-0.744906723499
0.823508560658,-0.119753926992,0.873910903931,-0.0215399805456,0.0344937220216,0.666927218437,-0.744012415409
0.823590993881,-0.120525032282,0.873828291893,-0.021223211661,0.0337175503373,0.667068302631,-0.743930518627
0.823968648911,-0.1209384799,0.8737667799,-0.0213271584362,0.0340024158359,0.667881250381,-0.743184804916
0.823968648911,-0.1209384799,0.8737667799,-0.0213271584362,0.0340024158359,0.667881250381,-0.743184804916
0.824415683746,-0.12218940258,0.873757243156,-0.0207970142365,0.0340713001788,0.668555378914,-0.742590367794
0.824617087841,-0.122723251581,0.873669624329,-0.0207079071552,0.033679716289,0.668923854828,-0.742278814316
0.823927998543,-0.122326053679,0.873023271561,-0.0214403588325,0.0302680134773,0.668984413147,-0.74235033989
0.825045049191,-0.123690590262,0.873725950718,-0.0205784738064,0.0328892357647,0.669076859951,-0.74217993021
0.825199127197,-0.124132633209,0.873725175858,-0.0204521957785,0.0327130183578,0.669130682945,-0.742142677307
0.825409412384,-0.124547496438,0.873682618141,-0.0202526636422,0.0324776135385,0.669321835041,-0.741986215115
0.825409412384,-0.124547496438,0.873682618141,-0.0202526636422,0.0324776135385,0.669321835041,-0.741986215115
0.824971556664,-0.124495834112,0.873001813889,-0.0208139680326,0.0291295107454,0.669666588306,-0.741798520088
0.826136887074,-0.125642165542,0.873619556427,-0.0198811348528,0.0321977958083,0.669817566872,-0.741560935974
0.825295865536,-0.125092715025,0.872978210449,-0.0206521619111,0.0287976749241,0.669897258282,-0.741607606411
0.826619803905,-0.126186579466,0.873637139797,-0.0202505066991,0.0320185571909,0.669981658459,-0.741410315037
0.826812505722,-0.126314669847,0.873589754105,-0.0203147642314,0.0322288535535,0.670532763004,-0.740901172161
0.827063024044,-0.126485913992,0.873568236828,-0.0204598475248,0.0322922319174,0.670770943165,-0.740678787231
0.827063024044,-0.126485913992,0.873568236828,-0.0204598475248,0.0322922319174,0.670770943165,-0.740678787231
0.82732886076,-0.126773267984,0.873584091663,-0.0204715952277,0.0314900875092,0.670943081379,-0.740557134151
0.827472805977,-0.126878380775,0.873618960381,-0.0205111484975,0.0312755964696,0.671041429043,-0.740475952625
0.827653586864,-0.126961678267,0.873640060425,-0.0206431057304,0.0310779809952,0.671227991581,-0.740311563015
0.827719271183,-0.127158075571,0.873734116554,-0.0207091197371,0.0304446853697,0.671133160591,-0.740421950817
0.827924668789,-0.127199992537,0.873732507229,-0.0208602380008,0.0302711464465,0.671394765377,-0.740187644958
0.827175021172,-0.126369684935,0.873206198215,-0.0216683801264,0.0270337406546,0.671521246433,-0.740174889565
0.827334940434,-0.126322925091,0.873268902302,-0.0218152794987,0.0267217643559,0.671749055386,-0.739975273609
0.827334940434,-0.126322925091,0.873268902302,-0.0218152794987,0.0267217643559,0.671749055386,-0.739975273609
0.827771544456,-0.126299321651,0.873412251472,-0.0217588804662,0.0264839585871,0.671632766724,-0.740091085434
0.828741312027,-0.125929012895,0.873737573624,-0.0253574512899,0.0252134650946,0.673688411713,-0.738149821758
0.829870402813,-0.126788333058,0.874455392361,-0.024338344112,0.0282892305404,0.673776745796,-0.737992048264
0.83009916544,-0.126418307424,0.874307990074,-0.0250944271684,0.0285504218191,0.674501955509,-0.737293839455
0.830124974251,-0.126417472959,0.874379992485,-0.0250847227871,0.0280271619558,0.674352824688,-0.737450659275
0.830303013325,-0.126250356436,0.874385237694,-0.0251726675779,0.0280101839453,0.674649298191,-0.737177193165
0.830435454845,-0.126074254513,0.874391019344,-0.0252250973135,0.0279058944434,0.674818754196,-0.737024247646
0.830797672272,-0.125764757395,0.874381422997,-0.0253903474659,0.0286585502326,0.675426840782,-0.736432433128
0.830881118774,-0.125566631556,0.874424278736,-0.0251611508429,0.0286225508898,0.675690174103,-0.736200034618
0.831017911434,-0.125457078218,0.874541282654,-0.0246400386095,0.0285932645202,0.675588607788,-0.736311972141
0.831017911434,-0.125457078218,0.874541282654,-0.0246400386095,0.0285932645202,0.675588607788,-0.736311972141
0.831118583679,-0.124939247966,0.874580740929,-0.0251076407731,0.0280556436628,0.675961971283,-0.735974192619
0.831248104572,-0.12463696301,0.874624967575,-0.0251251775771,0.0280775651336,0.67623436451,-0.735722541809
0.830387473106,-0.123317860067,0.873987674713,-0.0262825861573,0.0242680571973,0.676330268383,-0.735729396343
0.830387473106,-0.123317860067,0.873987674713,-0.0262825861573,0.0242680571973,0.676330268383,-0.735729396343
0.830495893955,-0.122698903084,0.874049186707,-0.0264514554292,0.0241249930114,0.676653265953,-0.735430955887
0.831749260426,-0.122941821814,0.874666571617,-0.0261077210307,0.0277456548065,0.677388429642,-0.734638392925
0.83161342144,-0.122628428042,0.874743998051,-0.0254899058491,0.0270540118217,0.677327215672,-0.734742343426
0.831867218018,-0.122025057673,0.874703705311,-0.0257646311074,0.0274306517094,0.678027927876,-0.7340721488
0.832070708275,-0.121458634734,0.874852955341,-0.025711145252,0.0273795556277,0.678014695644,-0.734088122845
0.832070708275,-0.121458634734,0.874852955341,-0.025711145252,0.0273795556277,0.678014695644,-0.734088122845
0.832078099251,-0.120585307479,0.874933302402,-0.0259497147053,0.0272174179554,0.678494513035,-0.733642399311
0.832132160664,-0.120084837079,0.874975264072,-0.0259892530739,0.027095682919,0.678684830666,-0.733469367027
0.832132160664,-0.120084837079,0.874975264072,-0.0259892530739,0.027095682919,0.678684830666,-0.733469367027
0.831288278103,-0.118116177619,0.87443780899,-0.0270496346056,0.0235797744244,0.679131746292,-0.733138740063
0.831309020519,-0.117535576224,0.874443054199,-0.0267887916416,0.0236052535474,0.679151773453,-0.733128905296
0.832307100296,-0.117714293301,0.875098586082,-0.0261671468616,0.026581145823,0.679276227951,-0.732934296131
0.831125557423,-0.116439431906,0.874635696411,-0.0267694704235,0.0228574033827,0.679284632206,-0.733030259609
0.831204652786,-0.115681178868,0.874737918377,-0.026978475973,0.0227227453142,0.679424643517,-0.732897043228
0.831430196762,-0.11486851424,0.874707341194,-0.0273519903421,0.0232050977647,0.679923295975,-0.732405483723
0.831428408623,-0.114130876958,0.874766349792,-0.0275865606964,0.022801220417,0.680039286613,-0.732301712036
0.832179248333,-0.114426389337,0.875459015369,-0.0262568276376,0.0255240332335,0.679938912392,-0.7323538661
0.832026004791,-0.113797150552,0.875529587269,-0.0262428857386,0.0254611037672,0.680174291134,-0.732137978077
0.831307649612,-0.111972101033,0.874877214432,-0.027474462986,0.0225102454424,0.68045938015,-0.731924533844
0.831125617027,-0.11129552871,0.87506455183,-0.0277196336538,0.0214341431856,0.680229067802,-0.732161581516
0.831067800522,-0.110274046659,0.875146985054,-0.0277216732502,0.0207884367555,0.680580258369,-0.731853723526
0.831067800522,-0.110274046659,0.875146985054,-0.0277216732502,0.0207884367555,0.680580258369,-0.731853723526
0.831954479218,-0.10953438282,0.875851154327,-0.0268306098878,0.0240411162376,0.680625021458,-0.731745660305
0.832026660442,-0.108711346984,0.875918805599,-0.0273041427135,0.023985626176,0.680770516396,-0.73159468174
0.831110715866,-0.106840714812,0.87532055378,-0.0280082244426,0.0209425166249,0.681125342846,-0.731331050396
0.831110715866,-0.106840714812,0.87532055378,-0.0280082244426,0.0209425166249,0.681125342846,-0.731331050396
0.831953942776,-0.10582254827,0.876029133797,-0.0273129362613,0.0239665843546,0.681068122387,-0.731317937374
0.831953942776,-0.10582254827,0.876029133797,-0.0273129362613,0.0239665843546,0.681068122387,-0.731317937374
0.831940174103,-0.104935802519,0.876160264015,-0.0274496637285,0.0238594580442,0.681332468987,-0.731070041656
0.831665575504,-0.103069454432,0.876230657101,-0.0274981129915,0.0235718656331,0.681341350079,-0.731069207191
0.831619024277,-0.102040432394,0.876337647438,-0.0278747603297,0.0230950787663,0.681386113167,-0.731028437614
0.83153885603,-0.101063460112,0.876424372196,-0.0279376097023,0.0227884911001,0.681402266026,-0.731020629406
0.83153885603,-0.101063460112,0.876424372196,-0.0279376097023,0.0227884911001,0.681402266026,-0.731020629406
0.831109523773,-0.0990859717131,0.876614451408,-0.0278802253306,0.0218065585941,0.680916547775,-0.731505274773
0.831227958202,-0.0978266894817,0.876649320126,-0.0284059774131,0.021957796067,0.68129581213,-0.731127202511
0.830850362778,-0.0969892591238,0.876752197742,-0.0277858860791,0.021598033607,0.68092995882,-0.731502473354
0.830675840378,-0.0959087237716,0.876830518246,-0.0280896499753,0.0210622549057,0.680916786194,-0.731518864632
0.830696582794,-0.0945526883006,0.876962900162,-0.02871157974,0.0204502530396,0.680631041527,-0.731777966022
0.830604076385,-0.0934474542737,0.87706387043,-0.0289183203131,0.0205579027534,0.680578589439,-0.731815516949
0.83038443327,-0.0923576205969,0.877113282681,-0.0289571546018,0.020235164091,0.680623471737,-0.731781303883
0.829419851303,-0.0901516228914,0.876546859741,-0.0300069414079,0.0169078446925,0.68068510294,-0.731766045094
0.8300973773,-0.0899799987674,0.87715190649,-0.0293297208846,0.0201609097421,0.68075299263,-0.731648027897
0.828994452953,-0.0877275690436,0.876665472984,-0.0302202515304,0.0161762852222,0.680420339108,-0.732020020485
0.82879114151,-0.0864878222346,0.87678360939,-0.0305558741093,0.015633771196,0.680237054825,-0.732188224792
0.82951849699,-0.0861726179719,0.8774959445,-0.0297078285366,0.0186867974699,0.680071055889,-0.732305765152
0.829415202141,-0.0849128514528,0.877619624138,-0.0300890803337,0.0183820687234,0.680249750614,-0.732131898403
0.829146802425,-0.0837318599224,0.877801656723,-0.0302619244903,0.0182090010494,0.680042564869,-0.732321619987
0.829012393951,-0.0822149217129,0.877826452255,-0.0305010937154,0.0171484835446,0.679513990879,-0.732827663422
0.828875124454,-0.0811231732368,0.877968788147,-0.0306255873293,0.0172913596034,0.679748892784,-0.732601225376
0.828651070595,-0.0797110497952,0.878064870834,-0.0311498455703,0.0167986191809,0.679412484169,-0.73290258646
0.82746732235,-0.0774604529142,0.87753111124,-0.0319327265024,0.012845906429,0.679036438465,-0.733297228813
0.827107071877,-0.0762642547488,0.877661347389,-0.0321583487093,0.011911698617,0.678480327129,-0.733817756176
0.827193021774,-0.0748279616237,0.877702057362,-0.0328622423112,0.0126058096066,0.67859429121,-0.733669519424
0.827877044678,-0.0744198933244,0.878511965275,-0.0316426716745,0.015369689092,0.678658902645,-0.733610749245
0.827498435974,-0.0730289816856,0.878665149212,-0.0322705768049,0.0140435509384,0.678021967411,-0.734198629856
0.827247142792,-0.0714593753219,0.878641247749,-0.032050922513,0.0137542430311,0.678090035915,-0.734150886536
0.82704359293,-0.070118367672,0.878897428513,-0.0325581878424,0.0127383517101,0.677477180958,-0.734712421894
0.82704359293,-0.070118367672,0.878897428513,-0.0325581878424,0.0127383517101,0.677477180958,-0.734712421894
0.826761901379,-0.0671948045492,0.879031479359,-0.0329190008342,0.0125912148505,0.677332818508,-0.734832048416
0.825429737568,-0.0648974329233,0.878516197205,-0.0342495180666,0.00779016781598,0.676548540592,-0.735559940338
0.825086295605,-0.0635270401835,0.878619253635,-0.03375223279,0.00754950102419,0.676105082035,-0.735993027687
0.825956463814,-0.0628581121564,0.879140377045,-0.0335096083581,0.0115811536089,0.67630648613,-0.735766589642
0.825572431087,-0.061389952898,0.879245519638,-0.0336277335882,0.0104339048266,0.675944745541,-0.736110687256
0.825219869614,-0.0599128305912,0.879486203194,-0.0338141210377,0.00940507929772,0.675274014473,-0.736731410027
0.82376408577,-0.0575197264552,0.878711640835,-0.0342526733875,0.00607836060226,0.674825012684,-0.737157404423
0.824541211128,-0.0568946115673,0.879632413387,-0.0341829992831,0.0081101031974,0.674641251564,-0.737309396267
0.823314785957,-0.0542956292629,0.879018783569,-0.0351319126785,0.00427330285311,0.674461364746,-0.737461447716
0.822043657303,-0.053090184927,0.878664135933,-0.0317947156727,0.00518779410049,0.672616004944,-0.739290177822
0.822690784931,-0.0523712001741,0.87940466404,-0.0315833464265,0.00799188856035,0.672422766685,-0.73944991827
0.821395874023,-0.0498672425747,0.878966808319,-0.0328795947134,0.00379173178226,0.67189180851,-0.739909529686
0.822012603283,-0.0492185167968,0.879597663879,-0.0321958847344,0.00697261979803,0.671874821186,-0.739931702614
0.820508599281,-0.0466960705817,0.879050254822,-0.0332655496895,0.00225786096416,0.671248972416,-0.740481674671
0.821009635925,-0.0461912639439,0.879833579063,-0.0325457789004,0.00498628476635,0.670842826366,-0.740868270397
0.821009635925,-0.0461912639439,0.879833579063,-0.0325457789004,0.00498628476635,0.670842826366,-0.740868270397
0.820287466049,-0.0428396090865,0.880181908607,-0.0338867120445,0.00329313939437,0.670346438885,-0.741266846657
0.820072293282,-0.0410446636379,0.880167067051,-0.0343312993646,0.00283074984327,0.670168161392,-0.741409480572
0.8193795681,-0.0395576283336,0.880305707455,-0.0345467627048,0.00127075484488,0.669567584991,-0.741946280003
0.8193795681,-0.0395576283336,0.880305707455,-0.0345467627048,0.00127075484488,0.669567584991,-0.741946280003
0.818573892117,-0.0362804532051,0.880564033985,-0.0361065156758,-0.000420388474595,0.668562412262,-0.74277895689
0.818379938602,-0.0345256626606,0.880594968796,-0.0362093932927,-1.35851114464e-05,0.66846883297,-0.742858171463
0.817787587643,-0.0330479964614,0.880591154099,-0.0365302339196,-0.00102372525726,0.667888224125,-0.743363976479
0.817234814167,-0.0315567404032,0.880742430687,-0.0367385856807,-0.00195267959498,0.667171001434,-0.743995547295
0.81699770689,-0.0297782979906,0.880695939064,-0.0376551523805,-0.00230370066129,0.666989088058,-0.744111835957
0.815484881401,-0.0273279175162,0.880265831947,-0.0390041656792,-0.00724551873282,0.665888249874,-0.744996011257
0.816070795059,-0.0265590883791,0.880783319473,-0.0383460335433,-0.00391083350405,0.665996670723,-0.744958281517
0.814639091492,-0.0240695271641,0.880250692368,-0.0394856892526,-0.00837198924273,0.665090858936,-0.745670855045
0.814958274364,-0.0236131213605,0.880943775177,-0.038707729429,-0.00583958346397,0.664547622204,-0.746219933033
0.813661515713,-0.0209098346531,0.880356371403,-0.0404358357191,-0.0102162677795,0.663936972618,-0.746624648571
0.813290119171,-0.0194484908134,0.880507171154,-0.0412021204829,-0.0112525671721,0.66325455904,-0.747174203396
0.813686966896,-0.0189383905381,0.881150007248,-0.0404468253255,-0.00834705680609,0.662721633911,-0.747726202011
0.812301337719,-0.0165367908776,0.880610644817,-0.0415165275335,-0.012627415359,0.661849081516,-0.748380064964
0.812301337719,-0.0165367908776,0.880610644817,-0.0415165275335,-0.012627415359,0.661849081516,-0.748380064964
0.812829732895,-0.015967419371,0.881113052368,-0.0410982333124,-0.00967468228191,0.661539137363,-0.748721122742
0.811933636665,-0.0130241671577,0.881253659725,-0.0422067530453,-0.0113726621494,0.66010081768,-0.749904155731
0.811430335045,-0.0116813518107,0.881195425987,-0.0422123447061,-0.0119384704158,0.659351110458,-0.750554323196
0.810100078583,-0.00927380286157,0.8805809021,-0.0430792868137,-0.0156182534993,0.658706486225,-0.75100338459
0.810445249081,-0.00909240730107,0.881236791611,-0.0422272533178,-0.0129051832482,0.657734036446,-0.751954972744
0.809017419815,-0.00686681922525,0.880689799786,-0.0434450097382,-0.017326047644,0.656654596329,-0.752739846706
0.809669673443,-0.0063327588141,0.881088614464,-0.0430283807218,-0.0138630932197,0.656466722488,-0.752999305725
0.80921459198,-0.00515835452825,0.881139993668,-0.0427898839116,-0.014063809067,0.655685901642,-0.753689110279
0.808567762375,-0.00409289263189,0.881127953529,-0.0428352952003,-0.015299571678,0.654370069504,-0.754805266857
0.808218121529,-0.00297161564231,0.881144225597,-0.0429439879954,-0.0152903841808,0.653469204903,-0.75557923317
0.80659532547,-0.000802551396191,0.880596518517,-0.0436528064311,-0.0199631936848,0.652091920376,-0.756618797779
0.806344687939,0.000475352630019,0.880430698395,-0.0439999252558,-0.0191168356687,0.651495814323,-0.757133960724
0.806826353073,0.000653315335512,0.880941390991,-0.0435405410826,-0.0160768646747,0.650785505772,-0.757841706276
0.805459141731,0.00264204852283,0.880406975746,-0.0442986413836,-0.0197919141501,0.649501085281,-0.758811056614
0.80469417572,0.00351151823997,0.880553126335,-0.0439565889537,-0.0212153214961,0.647983670235,-0.760088801384
0.805150389671,0.00371036399156,0.881108343601,-0.0432626195252,-0.017916219309,0.64733672142,-0.760764420033
0.804803967476,0.00494508538395,0.881022334099,-0.0436726361513,-0.0179898180068,0.646602392197,-0.761363506317
0.803431153297,0.00691169407219,0.880526959896,-0.0447660796344,-0.0220190491527,0.645182013512,-0.76239836216
0.802894711494,0.00788992736489,0.880522012711,-0.0448351055384,-0.0224000643939,0.644061088562,-0.763330459595
0.802302360535,0.00866675097495,0.880552887917,-0.0446433350444,-0.0229561645538,0.642648100853,-0.76451510191
0.801732420921,0.00956870801747,0.880608677864,-0.0444379262626,-0.0230192132294,0.641560852528,-0.765437841415
0.802321314812,0.00974222365767,0.881217360497,-0.0445971414447,-0.0197614617646,0.640793263912,-0.766162276268
0.80080807209,0.0115235028788,0.880694806576,-0.0452095791698,-0.023657636717,0.639233052731,-0.767318308353
0.801386296749,0.0116403568536,0.881021022797,-0.0445661991835,-0.0196615960449,0.63902503252,-0.767642021179
0.800874590874,0.0124884843826,0.881048679352,-0.0445536710322,-0.019660403952,0.637849330902,-0.768620014191
0.799429178238,0.0142558012158,0.880581557751,-0.0453853048384,-0.0235897544771,0.636656165123,-0.769449591637
0.798899233341,0.0150539716706,0.880560576916,-0.0452749580145,-0.0237468108535,0.635521113873,-0.770388960838
0.799262344837,0.0148570686579,0.881158649921,-0.0447120964527,-0.0205413606018,0.634490311146,-0.771363079548
0.798752486706,0.0156035255641,0.881170928478,-0.0447712540627,-0.0207770522684,0.633497536182,-0.772168815136
0.798312544823,0.0163239724934,0.881142199039,-0.0446151196957,-0.0209341943264,0.632572829723,-0.772931337357
0.797878503799,0.0170575231314,0.881125807762,-0.0444475710392,-0.0208715796471,0.631591916084,-0.773744404316
0.797435879707,0.0180166475475,0.881018340588,-0.044599596411,-0.0206205528229,0.631129086018,-0.774119973183
0.796397686005,0.0193956829607,0.880692005157,-0.0449156239629,-0.0230722650886,0.629738271236,-0.775164544582
0.795550346375,0.0203354358673,0.880518853664,-0.0452538877726,-0.024659357965,0.628803253174,-0.775854706764
0.79597145319,0.0201772991568,0.88095498085,-0.0444975160062,-0.0212416667491,0.628256797791,-0.776441991329
0.795387268066,0.0206909123808,0.880972921848,-0.0443460717797,-0.0218642540276,0.626868605614,-0.777554631233
0.793997466564,0.0222452003509,0.880450725555,-0.0450262986124,-0.0256391502917,0.625631809235,-0.778395831585
0.793997466564,0.0222452003509,0.880450725555,-0.0450262986124,-0.0256391502917,0.625631809235,-0.778395831585
0.794533729553,0.0220378357917,0.880872488022,-0.0440459549427,-0.0221328213811,0.625193834305,-0.778911292553
0.793590545654,0.0231754574925,0.880814015865,-0.0438075214624,-0.0219649132341,0.623462557793,-0.780315935612
0.792181491852,0.0247471407056,0.880321621895,-0.0444476604462,-0.0255417861044,0.622258722782,-0.781131267548
0.791773796082,0.0255674701184,0.880159854889,-0.0445153005421,-0.0255184918642,0.621696054935,-0.781576156616
0.791339159012,0.0261506177485,0.880125641823,-0.0445551685989,-0.0259391330183,0.620813071728,-0.782261610031
0.790870904922,0.0267422199249,0.880032658577,-0.0443193390965,-0.0260820854455,0.61993342638,-0.782967448235
0.790480494499,0.0273247361183,0.87998342514,-0.0443755686283,-0.0263527873904,0.619103431702,-0.78361171484
0.789838194847,0.0277600120753,0.87996160984,-0.0439176596701,-0.0271127466112,0.617681741714,-0.784732699394
0.789574921131,0.0284416042268,0.879828691483,-0.0440289676189,-0.0268698073924,0.617323756218,-0.785016417503
0.78898113966,0.0288449712098,0.879822254181,-0.0434853583574,-0.0273798033595,0.616111278534,-0.785981059074
0.78866481781,0.0295271072537,0.87973934412,-0.0436703264713,-0.0271854382008,0.615653574467,-0.786336123943
0.788282096386,0.0300021953881,0.87971508503,-0.0435211844742,-0.0270310807973,0.614832162857,-0.786992132664
0.787769913673,0.0304252952337,0.879791021347,-0.0436442531645,-0.027972413227,0.613508403301,-0.787984907627
