x,y,z,q0,q1,q2,q3
0.623055160046,-0.331044882536,0.833489775658,-0.503332972527,-0.324544370174,0.673979878426,-0.432525098324
0.6236718297,-0.329129487276,0.832490801811,-0.49814748764,-0.336513489485,0.670300960541,-0.4350913167
0.624760627747,-0.328436881304,0.832458019257,-0.497767567635,-0.334476351738,0.670430898666,-0.436893045902
0.626185595989,-0.327486306429,0.832284092903,-0.501638233662,-0.335593938828,0.668774485588,-0.434139043093
0.628162205219,-0.327805042267,0.83311355114,-0.512513458729,-0.324170678854,0.669686257839,-0.428676426411
0.629369080067,-0.32708004117,0.832906842232,-0.512452185154,-0.322198152542,0.670177042484,-0.429469287395
0.630975663662,-0.326125234365,0.832730233669,-0.516725122929,-0.321755617857,0.668146908283,-0.427841454744
0.632340431213,-0.325280278921,0.832537055016,-0.517256498337,-0.318911612034,0.668633162975,-0.42856836319
0.633286893368,-0.3233936131,0.831390976906,-0.51103001833,-0.327186048031,0.667007684708,-0.432317435741
0.634872555733,-0.322325855494,0.831141471863,-0.515679955482,-0.326475799084,0.665343105793,-0.429890960455
0.636988043785,-0.322449445724,0.831955552101,-0.526064395905,-0.314751893282,0.665965557098,-0.425061672926
0.638391494751,-0.321500301361,0.83176279068,-0.528352737427,-0.313778758049,0.665157198906,-0.424207925797
0.639212906361,-0.31941178441,0.830683350563,-0.523433685303,-0.322901338339,0.662254750729,-0.427984476089
0.640625178814,-0.318455576897,0.830555975437,-0.525443196297,-0.321624159813,0.661430537701,-0.427758157253
0.641809344292,-0.317579656839,0.83041113615,-0.525259673595,-0.320539563894,0.661814630032,-0.42820340395
0.643945336342,-0.316878408194,0.831047773361,-0.533125817776,-0.31567299366,0.659908771515,-0.425026714802
0.644457280636,-0.315434336662,0.830373466015,-0.530440032482,-0.321483463049,0.658711612225,-0.425888210535
0.645702362061,-0.314407289028,0.830437660217,-0.53202354908,-0.320177853107,0.658086597919,-0.425862908363
0.646664500237,-0.313481032848,0.830451726913,-0.531665325165,-0.31865644455,0.658892869949,-0.426204532385
0.647804200649,-0.312436699867,0.830556035042,-0.53489792347,-0.320745319128,0.656491875648,-0.424293667078
0.648618102074,-0.311545461416,0.830633640289,-0.5340051651,-0.320067971945,0.656704068184,-0.425599396229
0.649489104748,-0.310692608356,0.830763936043,-0.535807013512,-0.320299386978,0.656451702118,-0.42354491353
0.650758683681,-0.310019850731,0.831219434738,-0.533128738403,-0.318546354771,0.658641517162,-0.424845099449
0.651199042797,-0.308917462826,0.831042647362,-0.539559006691,-0.321469128132,0.654102683067,-0.421525150537
0.652002155781,-0.308593064547,0.831386566162,-0.532814800739,-0.316764682531,0.65935510397,-0.425463795662
0.652444422245,-0.307457208633,0.831269443035,-0.54119348526,-0.320705443621,0.654039800167,-0.420106709003
0.652750134468,-0.306957632303,0.831460118294,-0.541131079197,-0.320000916719,0.654309153557,-0.420304596424
0.653166353703,-0.306365162134,0.831635117531,-0.542094111443,-0.319146126509,0.654357790947,-0.419637620449
0.653497874737,-0.305847257376,0.831821918488,-0.542616069317,-0.318729907274,0.654567539692,-0.418951481581
0.653706431389,-0.305445492268,0.83206820488,-0.543670415878,-0.318576157093,0.654284000397,-0.418143630028
0.653966009617,-0.304911106825,0.832404613495,-0.546699166298,-0.319878697395,0.652412056923,-0.416120380163
0.654009640217,-0.304570615292,0.832664847374,-0.54678362608,-0.319627344608,0.652271509171,-0.416422992945
0.653915524483,-0.304159760475,0.832926213741,-0.546112298965,-0.319509744644,0.65289670229,-0.416414231062
0.653837323189,-0.30394089222,0.833256602287,-0.54547804594,-0.318945795298,0.653459131718,-0.41679546237
0.653792977333,-0.303982943296,0.833827376366,-0.540085792542,-0.316056221724,0.657668948174,-0.41938918829
0.653410673141,-0.303665667772,0.834132313728,-0.539866030216,-0.317291736603,0.65717124939,-0.419519782066
0.652778208256,-0.303569167852,0.834368348122,-0.537147819996,-0.316685050726,0.658568620682,-0.421272158623
0.652359545231,-0.303265064955,0.834610581398,-0.545630216599,-0.31913498044,0.654947578907,-0.414106547832
0.651600897312,-0.302963525057,0.834894239902,-0.537617623806,-0.31848859787,0.658485770226,-0.419438779354
0.650363922119,-0.302535623312,0.834817886353,-0.539873421192,-0.320918768644,0.656510710716,-0.417781859636
0.649547278881,-0.302084445953,0.835172653198,-0.541222989559,-0.323330789804,0.654697179794,-0.417021155357
0.648358225822,-0.301884412766,0.835394382477,-0.537482380867,-0.323065787554,0.657030701637,-0.418392181396
0.647376775742,-0.301458239555,0.835676729679,-0.537823557854,-0.326738148928,0.655877649784,-0.416908413172
0.644494473934,-0.300627082586,0.835132956505,-0.532940864563,-0.320666372776,0.661548435688,-0.418928176165
0.644660592079,-0.300828397274,0.836166143417,-0.532306313515,-0.329758107662,0.658501684666,-0.417474985123
0.643897116184,-0.301362335682,0.837333083153,-0.539467930794,-0.323871940374,0.659028351307,-0.412022978067
0.642362356186,-0.300669640303,0.837380647659,-0.532681882381,-0.328717559576,0.660251617432,-0.41504535079
0.640289306641,-0.299507528543,0.836989462376,-0.525412380695,-0.337352633476,0.66023427248,-0.41740372777
0.638829112053,-0.298978298903,0.837267577648,-0.525361359119,-0.340469628572,0.660079836845,-0.415175527334
0.637208640575,-0.298382073641,0.837455511093,-0.523012578487,-0.344069808722,0.660492241383,-0.414516478777
0.635738313198,-0.297980010509,0.837881803513,-0.521086156368,-0.345253944397,0.661850273609,-0.413791209459
0.633130192757,-0.298222839832,0.83836299181,-0.523988366127,-0.328614205122,0.669688165188,-0.411055713892
0.631378233433,-0.29781255126,0.838652193546,-0.519545197487,-0.329152524471,0.67281037569,-0.411166131496
0.631500124931,-0.297412157059,0.839490771294,-0.518396317959,-0.343926012516,0.667821526527,-0.408649712801
0.629612922668,-0.2961769104,0.839232742786,-0.513428509235,-0.353587299585,0.666305661201,-0.409150242805
0.628216862679,-0.295733839273,0.839585065842,-0.510949254036,-0.356522768736,0.667325913906,-0.40804246068
0.626905858517,-0.295332401991,0.840000748634,-0.50866651535,-0.357420027256,0.668878495693,-0.407567232847
0.625712811947,-0.295013874769,0.840419173241,-0.506032586098,-0.359495908022,0.670477569103,-0.406390815973
0.625514686108,-0.295248746872,0.841495573521,-0.509905993938,-0.35492554307,0.671243190765,-0.404297381639
0.624168932438,-0.295658916235,0.842156887054,-0.50952142477,-0.350834190845,0.674845039845,-0.402352690697
0.622997641563,-0.29431900382,0.841694176197,-0.502252221107,-0.36368727684,0.672399878502,-0.404169291258
0.622868180275,-0.295356869698,0.84303021431,-0.508142352104,-0.35309022665,0.675562977791,-0.400915920734
0.622262358665,-0.295278847218,0.843499779701,-0.507391035557,-0.354633420706,0.675372183323,-0.400826603174
0.621682941914,-0.295293480158,0.843935370445,-0.50574696064,-0.356140136719,0.675963640213,-0.400571316481
0.621304392815,-0.295321464539,0.844325184822,-0.505116522312,-0.356857270002,0.676287949085,-0.400181055069
0.621026456356,-0.295412629843,0.844715237617,-0.503952980042,-0.356838226318,0.676773309708,-0.400844097137
0.620937466621,-0.295876860619,0.84533393383,-0.496016204357,-0.353910595179,0.681843936443,-0.404727399349
0.620212197304,-0.294887840748,0.844716191292,-0.486247062683,-0.365185379982,0.680436015129,-0.408913552761
0.620111525059,-0.2950489223,0.84512680769,-0.485763043165,-0.36626970768,0.680290222168,-0.408761590719
0.619962275028,-0.294925510883,0.845286667347,-0.492604970932,-0.36988940835,0.675182938576,-0.405771076679
0.620082855225,-0.295199245214,0.845725178719,-0.491955697536,-0.369959712029,0.675265312195,-0.406357437372
0.620188772678,-0.295459717512,0.846082806587,-0.48984092474,-0.370038062334,0.676211535931,-0.407266438007
0.620381891727,-0.295686691999,0.846389949322,-0.48880442977,-0.370942473412,0.676039218903,-0.407974332571
0.620682120323,-0.295910179615,0.846784830093,-0.488474786282,-0.372327774763,0.675134897232,-0.40860414505
0.620996832848,-0.296214908361,0.847094655037,-0.487461060286,-0.372776955366,0.674883246422,-0.409819245338
0.621642708778,-0.296816170216,0.84764367342,-0.479102611542,-0.369842708111,0.679706335068,-0.414338558912
0.622093915939,-0.297013133764,0.847893118858,-0.479226559401,-0.370362073183,0.679023861885,-0.414850026369
0.622875511646,-0.297134280205,0.848166227341,-0.480034947395,-0.371256560087,0.677332878113,-0.415878891945
0.623221516609,-0.297046422958,0.848069310188,-0.485937595367,-0.373584508896,0.673085093498,-0.413830697536
0.62385392189,-0.297284990549,0.848247408867,-0.486493319273,-0.372768312693,0.672677516937,-0.414575725794
0.624360442162,-0.297631442547,0.848320662975,-0.487998634577,-0.371255636215,0.67265188694,-0.414205223322
0.624885797501,-0.297872871161,0.848422408104,-0.489112019539,-0.370617806911,0.672137916088,-0.414297819138
0.625605463982,-0.298086613417,0.848431289196,-0.490660816431,-0.368939548731,0.671591877937,-0.414849251509
0.626278340816,-0.298391520977,0.848550617695,-0.491981416941,-0.36810567975,0.671235561371,-0.414602637291
0.626833736897,-0.298683702946,0.848568081856,-0.492806971073,-0.366737961769,0.670949399471,-0.415296733379
0.627514600754,-0.298972994089,0.848522305489,-0.493254631758,-0.364755272865,0.671591758728,-0.415473341942
0.628349661827,-0.299519479275,0.848691821098,-0.487374335527,-0.360827445984,0.675298392773,-0.419811874628
0.628757715225,-0.299498021603,0.848527431488,-0.494316697121,-0.361904025078,0.6706584692,-0.418203175068
0.629125416279,-0.299795240164,0.848581969738,-0.492884665728,-0.360585570335,0.67131960392,-0.419967472553
0.629758775234,-0.299972206354,0.848616957664,-0.493950217962,-0.360276073217,0.669959008694,-0.421152353287
0.630338847637,-0.30011677742,0.848662257195,-0.494117438793,-0.359001725912,0.669698655605,-0.42245644331
0.630804598331,-0.300224006176,0.848756432533,-0.494734853506,-0.35879996419,0.668755114079,-0.42339900136
0.630753457546,-0.300248652697,0.848490715027,-0.493647992611,-0.360526114702,0.668525457382,-0.423563808203
0.631746649742,-0.30033659935,0.848958730698,-0.49763455987,-0.359321922064,0.666272580624,-0.423472076654
0.632053852081,-0.30037471652,0.849016904831,-0.497458606958,-0.359483659267,0.665922284126,-0.424091815948
0.632336318493,-0.30039653182,0.849121570587,-0.496977835894,-0.359641134739,0.665746033192,-0.424798160791
0.632437467575,-0.300515770912,0.84926199913,-0.495305687189,-0.35899746418,0.666328728199,-0.426379203796
0.632745265961,-0.300385326147,0.84942817688,-0.497813105583,-0.360456645489,0.664205491543,-0.425540059805
0.632794559002,-0.300361961126,0.84956485033,-0.49699729681,-0.360711783171,0.664577484131,-0.425696611404
0.632839798927,-0.30030927062,0.849693417549,-0.496815621853,-0.361166656017,0.664381921291,-0.425828188658
0.632834434509,-0.300244837999,0.849817633629,-0.496503561735,-0.361621260643,0.664310216904,-0.425918072462
0.632779836655,-0.300164222717,0.849970817566,-0.496355444193,-0.361823230982,0.664088189602,-0.42626529932
0.632736742496,-0.3000651896,0.850118875504,-0.495891481638,-0.361934304237,0.664444684982,-0.426155596972
0.632091104984,-0.299875766039,0.849904179573,-0.494177788496,-0.364836812019,0.664328217506,-0.425852686167
0.632359087467,-0.299875944853,0.850342035294,-0.495376050472,-0.363746732473,0.663807451725,-0.426204919815
0.632355868816,-0.300173074007,0.850720524788,-0.488641023636,-0.360751777887,0.668385326862,-0.429359138012
0.632108807564,-0.300096392632,0.850863218307,-0.488533705473,-0.361127763987,0.668230116367,-0.429406881332
0.631747066975,-0.300231456757,0.851222455502,-0.486843854189,-0.36434546113,0.667657494545,-0.429498493671
0.631291270256,-0.29982894659,0.851146221161,-0.493159115314,-0.366761058569,0.664132237434,-0.425686508417
0.630944609642,-0.299611359835,0.851037561893,-0.493208348751,-0.3643681705,0.665138959885,-0.426112145185
0.630514681339,-0.299559444189,0.851189017296,-0.493479669094,-0.364614129066,0.664674520493,-0.426312297583
0.63012778759,-0.299532830715,0.851257443428,-0.492844939232,-0.364554017782,0.665254712105,-0.426193028688
0.629545509815,-0.299614071846,0.851310133934,-0.489854604006,-0.363351106644,0.667533278465,-0.427103757858
0.629159271717,-0.299564510584,0.851362645626,-0.48935598135,-0.36307451129,0.668281257153,-0.426741093397
0.628693044186,-0.299501031637,0.851449429989,-0.489335268736,-0.363666921854,0.668140292168,-0.426480948925
0.628164231777,-0.29942163825,0.851502180099,-0.489395231009,-0.364316791296,0.667820930481,-0.426357746124
0.627744913101,-0.299270778894,0.851557374001,-0.49110725522,-0.36457118392,0.666933059692,-0.425560623407
0.627201974392,-0.299238651991,0.851620316505,-0.49069198966,-0.36441257596,0.667628407478,-0.425085037947
0.626959741116,-0.299530535936,0.851903915405,-0.484772115946,-0.361282020807,0.672148048878,-0.427420735359
0.626427948475,-0.299214094877,0.851909637451,-0.492959916592,-0.36840569973,0.665266275406,-0.42271566391
0.625886261463,-0.299406647682,0.851883888245,-0.483968675137,-0.361477375031,0.672868788242,-0.42703178525
0.625164985657,-0.298986166716,0.851706445217,-0.491354763508,-0.363665014505,0.668333292007,-0.423850238323
0.624908864498,-0.299292057753,0.852044463158,-0.482734620571,-0.359043478966,0.67469060421,-0.427606999874
0.624378025532,-0.299198329449,0.852044224739,-0.482743382454,-0.359534859657,0.674806535244,-0.427000939846
0.623641133308,-0.298718750477,0.851769566536,-0.490763932467,-0.363262236118,0.669787049294,-0.422583162785
0.62316262722,-0.298573106527,0.851760983467,-0.490481048822,-0.363118052483,0.669973492622,-0.422740340233
0.622774541378,-0.298457056284,0.85178732872,-0.490290939808,-0.36206522584,0.670687139034,-0.422732114792
0.622141361237,-0.298415750265,0.851770401001,-0.487421810627,-0.360583364964,0.672871947289,-0.423843175173
0.621534883976,-0.298157095909,0.851763010025,-0.48722371459,-0.361139208078,0.672515451908,-0.424163401127
0.621188104153,-0.297784209251,0.851736307144,-0.489906042814,-0.363030076027,0.671130001545,-0.421646535397
0.62075906992,-0.297497779131,0.851643323898,-0.489937573671,-0.363844722509,0.670854985714,-0.421345442533
0.62036973238,-0.29727807641,0.851617157459,-0.490366578102,-0.364262402058,0.670546352863,-0.420976638794
0.619964003563,-0.297002583742,0.851535558701,-0.490597546101,-0.364898175001,0.670620620251,-0.420037358999
0.619527697563,-0.29663041234,0.851375699043,-0.489524453878,-0.365302085876,0.671169340611,-0.420061826706
0.619318604469,-0.296709805727,0.851556777954,-0.480211347342,-0.362033426762,0.677198290825,-0.423947423697
0.618960142136,-0.296325713396,0.85145509243,-0.480393111706,-0.363174378872,0.676763355732,-0.423459976912
0.618702054024,-0.295962542295,0.851323843002,-0.480911791325,-0.363586992025,0.67630815506,-0.423244327307
0.618282854557,-0.295197844505,0.850933432579,-0.487890511751,-0.366988807917,0.67167031765,-0.419691592455
0.61808526516,-0.294835537672,0.850663363934,-0.487918198109,-0.366929829121,0.671957850456,-0.419250398874
0.618073046207,-0.294771671295,0.850643515587,-0.481825947762,-0.364430129528,0.676137208939,-0.421749770641
0.61793255806,-0.294468224049,0.850456833839,-0.482484698296,-0.364198744297,0.675866484642,-0.421630620956
0.617850482464,-0.294065803289,0.850128293037,-0.483296960592,-0.364369302988,0.675135195255,-0.421724528074
0.617757201195,-0.29368853569,0.849804282188,-0.483014166355,-0.363975048065,0.675199508667,-0.422285556793
0.617497622967,-0.292893022299,0.849214673042,-0.490211397409,-0.367408663034,0.670443296432,-0.418580293655
0.617478907108,-0.292594075203,0.848906636238,-0.489853620529,-0.367516577244,0.670438766479,-0.418911397457
0.617496728897,-0.292285591364,0.848593473434,-0.489678800106,-0.367849051952,0.670177578926,-0.419241994619
0.617544710636,-0.291966795921,0.848183572292,-0.489117145538,-0.367786347866,0.67034804821,-0.419680118561
0.61760777235,-0.291601330042,0.847739756107,-0.487931072712,-0.368398994207,0.670321881771,-0.420563846827
0.617785990238,-0.291188031435,0.84726023674,-0.487776488066,-0.370177567005,0.668531060219,-0.422029703856
0.618007898331,-0.290844380856,0.846767544746,-0.487833768129,-0.371151596308,0.667727351189,-0.422380298376
0.618220388889,-0.290645897388,0.846546888351,-0.487274229527,-0.375803917646,0.665525197983,-0.422387778759
0.618577063084,-0.29006844759,0.84574341774,-0.487153351307,-0.373332619667,0.665778398514,-0.424315392971
0.618871569633,-0.289575189352,0.845162034035,-0.48664444685,-0.374664753675,0.665433883667,-0.424265682697
0.619279980659,-0.28920301795,0.844669342041,-0.485985845327,-0.375578403473,0.664975404739,-0.424931019545
0.619824171066,-0.288766115904,0.844137072563,-0.486097276211,-0.376911848783,0.663634538651,-0.425718426704
0.620332241058,-0.288273125887,0.843531012535,-0.484706282616,-0.377111762762,0.663634598255,-0.427125185728
0.620880007744,-0.287849456072,0.842963457108,-0.485162615776,-0.377528011799,0.662507176399,-0.427988618612
0.620816767216,-0.287301152945,0.842083454132,-0.48279234767,-0.379342615604,0.662911057472,-0.428438663483
0.622048139572,-0.286685943604,0.841775476933,-0.486494004726,-0.379287928343,0.660355687141,-0.428246170282
0.622025489807,-0.286155819893,0.84081608057,-0.482940524817,-0.381427198648,0.660971641541,-0.429416418076
0.623354673386,-0.286028444767,0.840831100941,-0.479022294283,-0.377302378416,0.663681387901,-0.433252513409
0.624035179615,-0.284879565239,0.840022563934,-0.488535761833,-0.381810814142,0.657372713089,-0.428269267082
0.624607622623,-0.284465819597,0.83954334259,-0.48723077774,-0.380486100912,0.658104002476,-0.429809004068
0.625509977341,-0.283774554729,0.838990271091,-0.489346921444,-0.381743192673,0.656289994717,-0.429063260555
0.626200377941,-0.283086538315,0.838453531265,-0.489529401064,-0.382317662239,0.655697703362,-0.429249048233
0.62692040205,-0.282547235489,0.837948977947,-0.491311311722,-0.382843494415,0.654912114143,-0.427942067385
0.627875864506,-0.282238095999,0.837669372559,-0.483961880207,-0.379098266363,0.65943390131,-0.432680547237
0.628257930279,-0.281389355659,0.836966574192,-0.490690737963,-0.382750034332,0.654459416866,-0.429427295923
0.629076659679,-0.280704170465,0.836537241936,-0.4924441576,-0.383838802576,0.652852237225,-0.428894519806
0.629846155643,-0.280139029026,0.836114168167,-0.493202745914,-0.383298367262,0.652338564396,-0.429287701845
0.630462348461,-0.279533267021,0.835678517818,-0.494204223156,-0.384625017643,0.65109038353,-0.428843945265
0.63118326664,-0.278959512711,0.835270404816,-0.495011031628,-0.383639752865,0.650902032852,-0.429081767797
0.631685733795,-0.278496265411,0.834802508354,-0.493472218513,-0.383915960789,0.651288688183,-0.430019646883
0.63236361742,-0.277829408646,0.834425508976,-0.496147602797,-0.385796517134,0.648802161217,-0.429015576839
0.632978022099,-0.277371555567,0.834077298641,-0.496809482574,-0.385170757771,0.648565113544,-0.429170459509
0.633447945118,-0.277050822973,0.833772361279,-0.496197521687,-0.384971559048,0.648773729801,-0.429741203785
0.634020626545,-0.276463419199,0.833441674709,-0.49841055274,-0.385709404945,0.647128999233,-0.428998053074
0.63434869051,-0.276113450527,0.833178877831,-0.497356444597,-0.384325146675,0.648183405399,-0.429871082306
0.634634435177,-0.275533109903,0.832726836205,-0.499110162258,-0.385699957609,0.647255301476,-0.428001582623
0.635405123234,-0.275264680386,0.832780480385,-0.500837087631,-0.384191989899,0.647046744823,-0.42765545845
0.635746359825,-0.274916023016,0.832580208778,-0.501506865025,-0.384382903576,0.646718382835,-0.427195459604
0.636027038097,-0.274600684643,0.832423329353,-0.502147138119,-0.384088903666,0.646446108818,-0.427119940519
0.636346697807,-0.274386316538,0.832282662392,-0.502639710903,-0.383148878813,0.646531462669,-0.427255600691
0.636617898941,-0.274158716202,0.832221269608,-0.503525495529,-0.383093178272,0.64601457119,-0.42704436183
0.636774539948,-0.273990988731,0.832125067711,-0.50392305851,-0.382592171431,0.646081924438,-0.426922768354
0.636874616146,-0.273823142052,0.832035064697,-0.504203259945,-0.381211340427,0.646572351456,-0.427084594965
0.636924147606,-0.273703217506,0.831979990005,-0.504540085793,-0.380764633417,0.646712243557,-0.426873475313
0.636811673641,-0.273701757193,0.831918776035,-0.503452003002,-0.379332482815,0.647773623466,-0.4278229177
0.636333823204,-0.273531109095,0.831591665745,-0.502885103226,-0.380183130503,0.648137748241,-0.427182495594
0.636809408665,-0.273462325335,0.831886053085,-0.506313204765,-0.378996968269,0.647048592567,-0.425836205482
0.636681556702,-0.273414373398,0.831886410713,-0.506906747818,-0.378387540579,0.647364258766,-0.425191789865
0.63649559021,-0.273430585861,0.831906795502,-0.50747191906,-0.377525478601,0.647767901421,-0.424668848515
0.636273264885,-0.273429393768,0.831951856613,-0.5078753829,-0.37670558691,0.648002386093,-0.424556881189
0.635954856873,-0.273448944092,0.831982374191,-0.507877230644,-0.375768780708,0.648706376553,-0.424309432507
0.635573267937,-0.273460060358,0.832130789757,-0.508681178093,-0.375615388155,0.64847779274,-0.423831671476
0.635099470615,-0.273504704237,0.832224607468,-0.508660018444,-0.374912679195,0.648923635483,-0.423796743155
0.6346758008,-0.273537784815,0.832304179668,-0.508900821209,-0.373859107494,0.649453163147,-0.423627227545
0.634224116802,-0.273603141308,0.832468509674,-0.508884370327,-0.372295498848,0.650796055794,-0.422962456942
0.63371694088,-0.27364730835,0.832654237747,-0.509038805962,-0.370914280415,0.651731193066,-0.422550141811
0.633113324642,-0.273599922657,0.832871317863,-0.508696138859,-0.37056812644,0.651904821396,-0.42299836874
0.632574737072,-0.273558676243,0.833113431931,-0.508798778057,-0.370170742273,0.652414977551,-0.422436028719
0.631965577602,-0.273540526628,0.83337020874,-0.50854742527,-0.369178920984,0.653375029564,-0.422122836113
0.631201863289,-0.273582935333,0.833640813828,-0.506945431232,-0.367684066296,0.654657304287,-0.423365831375
0.6304063797,-0.273465484381,0.83394318819,-0.50714468956,-0.368353694677,0.655046403408,-0.421940863132
0.629648029804,-0.273334652185,0.834288954735,-0.507293283939,-0.367623537779,0.655722379684,-0.421348541975
0.629051029682,-0.273036003113,0.834564566612,-0.508647799492,-0.367803812027,0.655607879162,-0.419733434916
0.628224790096,-0.272921860218,0.835021495819,-0.509318768978,-0.367785483599,0.6557264328,-0.418749421835
0.627425014973,-0.272765308619,0.835343599319,-0.509224653244,-0.367194980383,0.656625509262,-0.417972654104
0.626564145088,-0.272589385509,0.835660338402,-0.508462309837,-0.367052286863,0.658011138439,-0.416845709085
0.625657498837,-0.272432595491,0.836009740829,-0.508574128151,-0.367136567831,0.658297836781,-0.416181385517
0.624809324741,-0.272270441055,0.836266994476,-0.508190989494,-0.367018967867,0.659104585648,-0.415475994349
0.623821973801,-0.272095173597,0.836643815041,-0.50823956728,-0.367485791445,0.659354388714,-0.414606451988
0.622961938381,-0.271874815226,0.836971282959,-0.507500171661,-0.367380470037,0.660287082195,-0.414121359587
0.622123241425,-0.271681249142,0.837261974812,-0.507182896137,-0.366921544075,0.661262631416,-0.413359344006
0.621265292168,-0.272025197744,0.837824642658,-0.49804520607,-0.363608747721,0.667291104794,-0.417686879635
0.620152652264,-0.271470993757,0.837808907032,-0.504455983639,-0.366993248463,0.663816273212,-0.412538766861
0.619647264481,-0.271572738886,0.838362932205,-0.498495936394,-0.365346997976,0.668411910534,-0.413822710514
0.618591606617,-0.271076411009,0.83838057518,-0.504887163639,-0.368702828884,0.663909733295,-0.410330474377
0.618056297302,-0.270863175392,0.838666319847,-0.503663778305,-0.369315057993,0.664090096951,-0.410991072655
0.617066800594,-0.270870268345,0.838881134987,-0.503097474575,-0.368888378143,0.665721356869,-0.409425854683
0.616378009319,-0.270746618509,0.83920788765,-0.502790987492,-0.369188696146,0.666197299957,-0.408756822348
0.616126537323,-0.270885020494,0.839732825756,-0.494410842657,-0.366882711649,0.671482145786,-0.412391602993
0.615593135357,-0.270756393671,0.839946091175,-0.493943452835,-0.366885304451,0.671855509281,-0.412341207266
0.614593625069,-0.270950496197,0.840133368969,-0.492220550776,-0.366329014301,0.673239767551,-0.412638098001
0.614120483398,-0.270932972431,0.840370535851,-0.491038024426,-0.366397380829,0.674346745014,-0.412178337574
0.614018797874,-0.2707644701,0.840400993824,-0.48842176795,-0.369018852711,0.675274550915,-0.411428779364
0.613472223282,-0.270638048649,0.840881109238,-0.49215477705,-0.368854612112,0.67346996069,-0.410083293915
0.612986862659,-0.270756363869,0.841176629066,-0.489993214607,-0.36788854003,0.674434304237,-0.411950320005
0.612650871277,-0.270763963461,0.84147387743,-0.489346772432,-0.36804151535,0.674765586853,-0.412039637566
0.612448334694,-0.270751982927,0.841800928116,-0.489160239697,-0.368687570095,0.674530982971,-0.41206780076
0.612271666527,-0.270802617073,0.84205365181,-0.48809954524,-0.368871331215,0.675205588341,-0.412056148052
0.612074911594,-0.270769864321,0.842151641846,-0.489923357964,-0.369889110327,0.67335319519,-0.41201043129
0.612033486366,-0.270393937826,0.84225833416,-0.496309012175,-0.373432040215,0.669832229614,-0.406879276037
0.611959517002,-0.270418554544,0.842466473579,-0.495720684528,-0.373736858368,0.669906675816,-0.407194077969
0.611897706985,-0.270508050919,0.84272223711,-0.494608521461,-0.373950362206,0.67066937685,-0.407094925642
0.612104177475,-0.270915240049,0.843258798122,-0.487497985363,-0.372113496065,0.675209403038,-0.409841001034
0.612188279629,-0.271028995514,0.843485236168,-0.487376362085,-0.37240844965,0.675089716911,-0.409914880991
0.612332105637,-0.271212548018,0.843739032745,-0.487417787313,-0.372281223536,0.675115764141,-0.409938275814
0.612298488617,-0.271063625813,0.843749940395,-0.494418472052,-0.375580668449,0.669847369194,-0.407178282738
0.612466454506,-0.271250218153,0.843974113464,-0.494228124619,-0.375555127859,0.669862926006,-0.40740737319
0.612679064274,-0.27146884799,0.844214260578,-0.493927270174,-0.375346571207,0.67013001442,-0.407524883747
0.612945735455,-0.271785020828,0.84450930357,-0.493962615728,-0.375571340322,0.66999822855,-0.407491713762
0.61324429512,-0.272087663412,0.844774663448,-0.493964374065,-0.375499993563,0.669995427132,-0.407559990883
0.613609969616,-0.272881925106,0.845234155655,-0.485263884068,-0.370697766542,0.675283551216,-0.413635492325
0.613920390606,-0.273206681013,0.845465004444,-0.485012441874,-0.370271921158,0.675192177296,-0.414460301399
0.614265561104,-0.273592352867,0.845712721348,-0.484868496656,-0.370522499084,0.675073981285,-0.414597213268
0.614535868168,-0.273534953594,0.845741569996,-0.493224740028,-0.374326199293,0.669252634048,-0.410743683577
0.614894688129,-0.273954570293,0.845962405205,-0.492856025696,-0.37407541275,0.669354081154,-0.411249011755
0.61524271965,-0.274403184652,0.846215069294,-0.492103695869,-0.374461919069,0.669353246689,-0.411799222231
0.615751326084,-0.2752648592,0.846727609634,-0.484093636274,-0.371768295765,0.673869252205,-0.416343569756
0.615909636021,-0.275390982628,0.846718668938,-0.491257488728,-0.374647945166,0.669025182724,-0.41317114234
0.616303682327,-0.275950610638,0.846981465816,-0.490517318249,-0.374464064837,0.669209480286,-0.413918107748
0.61664634943,-0.276449948549,0.847203850746,-0.490039497614,-0.374932616949,0.668943345547,-0.414489895105
0.617221772671,-0.277393966913,0.847731292248,-0.480615019798,-0.371561825275,0.674185574055,-0.420029580593
0.617423295975,-0.277602851391,0.847755789757,-0.488531917334,-0.374200552702,0.669024050236,-0.416794210672
0.617803156376,-0.278210282326,0.848054647446,-0.487799793482,-0.374910026789,0.668538451195,-0.417792081833
0.618386864662,-0.279185295105,0.848520040512,-0.47976359725,-0.371621638536,0.673272252083,-0.422408282757
0.618844270706,-0.279840618372,0.848793625832,-0.479402303696,-0.372387677431,0.672997772694,-0.422581255436
0.618924260139,-0.280193299055,0.848796725273,-0.483676046133,-0.374955177307,0.669153034687,-0.42154532671
0.619536101818,-0.28121522069,0.849260628223,-0.474878162146,-0.372630745173,0.67325592041,-0.427040249109
0.620055913925,-0.281444191933,0.849239170551,-0.483766704798,-0.37707144022,0.667249143124,-0.422569960356
0.620664775372,-0.282064080238,0.84941893816,-0.483721375465,-0.376613378525,0.667086541653,-0.423286497593
0.621211767197,-0.282714933157,0.849504232407,-0.481438100338,-0.377402126789,0.666649699211,-0.42586761713
0.621778011322,-0.283264279366,0.849564790726,-0.480919212103,-0.377277076244,0.6667714715,-0.426373749971
0.622302174568,-0.283771336079,0.849630951881,-0.480568885803,-0.378038555384,0.665960073471,-0.427361220121
0.622931063175,-0.284446388483,0.849683046341,-0.48066803813,-0.377916097641,0.665448844433,-0.428153663874
0.623795688152,-0.285288363695,0.849841356277,-0.473727881908,-0.374196439981,0.669346928596,-0.433051526546
0.624403059483,-0.285667717457,0.849731147289,-0.47736492753,-0.374760359526,0.66755926609,-0.431326001883
0.625105082989,-0.286357879639,0.849791526794,-0.473977327347,-0.37392270565,0.668728470802,-0.433969706297
0.625528514385,-0.286527603865,0.849501132965,-0.48076120019,-0.376812696457,0.663885176182,-0.431436628103
0.626209616661,-0.287000358105,0.849374890327,-0.480400979519,-0.375656634569,0.663428425789,-0.433543115854
0.626898050308,-0.287893980742,0.849401116371,-0.471986562014,-0.371786206961,0.668426156044,-0.438418030739
0.627730965614,-0.288236916065,0.849328160286,-0.47371250391,-0.373325586319,0.667215108871,-0.437091112137
0.628188669682,-0.288294643164,0.848960995674,-0.481373757124,-0.377803474665,0.660975635052,-0.434344410896
0.628618717194,-0.288830637932,0.848809480667,-0.477655023336,-0.376157492399,0.662698090076,-0.437244325876
0.629817008972,-0.289393246174,0.848890900612,-0.472244739532,-0.374062418938,0.665470898151,-0.440693199635
0.630278646946,-0.289371907711,0.848532915115,-0.47944316268,-0.378827124834,0.659397304058,-0.437972128391
0.630906462669,-0.289669394493,0.848333358765,-0.478925257921,-0.379720032215,0.658600211143,-0.438963592052
0.631697356701,-0.289916753769,0.84808665514,-0.477703809738,-0.379880487919,0.658558130264,-0.440217018127
0.63237786293,-0.290076524019,0.847835183144,-0.477388978004,-0.380427747965,0.657971918583,-0.440961927176
0.632943809032,-0.290338784456,0.847598910332,-0.475746393204,-0.38020029664,0.658012568951,-0.442868828773
0.633746862411,-0.290509134531,0.847332954407,-0.475653260946,-0.38027215004,0.657637834549,-0.443463265896
0.634574532509,-0.290489017963,0.847092747688,-0.47821867466,-0.381335556507,0.65546476841,-0.443007946014
0.635314285755,-0.290543347597,0.846861362457,-0.478713333607,-0.381327062845,0.654740989208,-0.443551003933
0.636097490788,-0.290546953678,0.846457183361,-0.479373604059,-0.381821483374,0.653784751892,-0.443823158741
0.636796236038,-0.290577232838,0.846093118191,-0.479398012161,-0.381139576435,0.653671562672,-0.444548845291
0.637508034706,-0.290544599295,0.845729827881,-0.481128692627,-0.382178455591,0.651540994644,-0.444914728403
0.638141989708,-0.290523171425,0.845311522484,-0.48079174757,-0.382291465998,0.651568174362,-0.445142149925
0.638753414154,-0.290461301804,0.844955503941,-0.481261700392,-0.382175683975,0.650928080082,-0.445669800043
0.639429688454,-0.290403544903,0.844507277012,-0.482311159372,-0.381914466619,0.649780452251,-0.446433484554
0.639834344387,-0.290413558483,0.844087839127,-0.481046259403,-0.381609559059,0.650009095669,-0.447724193335
0.640413582325,-0.290330380201,0.84368121624,-0.481809079647,-0.38153553009,0.648734807968,-0.448813915253
0.641098797321,-0.290120542049,0.843268871307,-0.483267575502,-0.382724761963,0.647413253784,-0.44814106822
0.641544938087,-0.28999504447,0.842834591866,-0.482945710421,-0.383360564709,0.647120893002,-0.448366701603
0.641910195351,-0.289790272713,0.842405855656,-0.483044505119,-0.384019315243,0.645948827267,-0.449385613203
0.642391502857,-0.289560765028,0.841985523701,-0.482889413834,-0.384051561356,0.64545828104,-0.45022881031
0.642239570618,-0.289164364338,0.841248869896,-0.480631679296,-0.386622428894,0.644861638546,-0.451297849417
0.643143296242,-0.289041370153,0.84121966362,-0.482872664928,-0.384300410748,0.644345223904,-0.451626360416
0.643361985683,-0.288706958294,0.840903937817,-0.482854127884,-0.385221421719,0.643507957458,-0.45205539465
0.643565416336,-0.288351714611,0.840557575226,-0.482709944248,-0.386709034443,0.642867147923,-0.451850742102
0.643849134445,-0.288006067276,0.840294361115,-0.483273506165,-0.387165188789,0.642089307308,-0.451963812113
0.644019126892,-0.287633270025,0.840010285378,-0.48341780901,-0.387485355139,0.641717135906,-0.452063530684
0.644103765488,-0.287247955799,0.839713811874,-0.483728319407,-0.387696921825,0.641532361507,-0.451812177896
0.644190788269,-0.286839336157,0.839513540268,-0.484378099442,-0.387578338385,0.641386508942,-0.451424747705
0.644859671593,-0.287579774857,0.840276837349,-0.495381593704,-0.378031939268,0.642817974091,-0.445504248142
0.644813001156,-0.287205189466,0.840091824532,-0.495221883059,-0.379029124975,0.642736315727,-0.444952040911
0.644761383533,-0.286772042513,0.839939713478,-0.494951099157,-0.379450440407,0.6425999403,-0.445091277361
0.644671678543,-0.286388814449,0.839772462845,-0.494345366955,-0.380100131035,0.6426820755,-0.445091426373
0.644526839256,-0.285996168852,0.839610695839,-0.493345081806,-0.381268471479,0.642737209797,-0.44512245059
0.644394338131,-0.285602003336,0.839495420456,-0.492464780807,-0.382386118174,0.64296233654,-0.444813251495
0.644193828106,-0.285208046436,0.839384198189,-0.491714119911,-0.383725970984,0.642931520939,-0.444534271955
0.643995046616,-0.284857928753,0.839331746101,-0.491054177284,-0.385019421577,0.642774999142,-0.444371759892
0.643757522106,-0.284486293793,0.839280486107,-0.490665525198,-0.386705726385,0.642484009266,-0.443757146597
0.643392205238,-0.284173727036,0.839293718338,-0.490190207958,-0.388393729925,0.642066121101,-0.443412810564
0.643081784248,-0.283891379833,0.839362740517,-0.48926666379,-0.389155268669,0.642328798771,-0.443384885788
0.6427718997,-0.283634930849,0.839371085167,-0.488237798214,-0.390317350626,0.642451107502,-0.443320244551
0.641719341278,-0.282052844763,0.83824557066,-0.475091427565,-0.403689444065,0.64044046402,-0.448507577181
0.641472935677,-0.281844288111,0.838305473328,-0.474369704723,-0.404667675495,0.640560805798,-0.448218017817
0.641062736511,-0.281605392694,0.838335037231,-0.473048895597,-0.407027244568,0.64021229744,-0.447975248098
0.640768766403,-0.281459957361,0.838370680809,-0.472046375275,-0.408283352852,0.640289485455,-0.447779119015
0.64041942358,-0.281350642443,0.838422060013,-0.470567256212,-0.409225523472,0.640903830528,-0.447597056627
0.639746725559,-0.281149595976,0.838198900223,-0.467761486769,-0.412194371223,0.640998244286,-0.4476788342
0.639909982681,-0.28117364645,0.838583767414,-0.468677729368,-0.411913454533,0.640678048134,-0.447437256575
0.63966023922,-0.281132280827,0.838657736778,-0.467420369387,-0.41311404109,0.640943586826,-0.447265446186
0.639441311359,-0.281067699194,0.838725984097,-0.465823143721,-0.414146780968,0.641334712505,-0.447416186333
0.639225900173,-0.28098076582,0.838772118092,-0.464012056589,-0.416348069906,0.640995323658,-0.447741150856
0.638923943043,-0.281100958586,0.838866591454,-0.460914492607,-0.417083442211,0.642234385014,-0.448479950428
0.638824880123,-0.28112629056,0.838954567909,-0.459790825844,-0.418589830399,0.642053127289,-0.448489636183
0.638746440411,-0.281157106161,0.839041471481,-0.4584389925,-0.419990628958,0.642077922821,-0.448528409004
0.638645768166,-0.281214892864,0.839161992073,-0.457211583853,-0.421999692917,0.64167290926,-0.44847497344
0.638657391071,-0.281285434961,0.839266180992,-0.455694764853,-0.423490703106,0.641584455967,-0.448739856482
0.638844847679,-0.28139808774,0.839377045631,-0.453953385353,-0.424473166466,0.641778230667,-0.449298858643
0.638970792294,-0.281481236219,0.839499115944,-0.452143669128,-0.426060825586,0.641657948494,-0.449792653322
0.638869404793,-0.281392782927,0.839329600334,-0.449850201607,-0.429908573627,0.64098495245,-0.449390232563
0.639387309551,-0.281743645668,0.839727461338,-0.448399066925,-0.428530961275,0.641944944859,-0.450784116983
0.639674723148,-0.281883567572,0.839844584465,-0.446996361017,-0.430529117584,0.641038239002,-0.451562851667
0.640009224415,-0.282030135393,0.840012550354,-0.445574223995,-0.432407796383,0.640349507332,-0.452150225639
0.639946520329,-0.282064199448,0.839811384678,-0.442197352648,-0.436050057411,0.639892160892,-0.452614367008
0.640428781509,-0.282223343849,0.839887738228,-0.440746068954,-0.437602758408,0.639762341976,-0.452715247869
0.641578614712,-0.282556563616,0.840384840965,-0.441313564777,-0.435764044523,0.639897048473,-0.45374417305
0.64227437973,-0.282580912113,0.84049487114,-0.441121637821,-0.438327372074,0.638564586639,-0.453338742256
0.642252922058,-0.282892644405,0.841156005859,-0.443155437708,-0.461951136589,0.626349925995,-0.444859832525
0.643538713455,-0.283121645451,0.841550648212,-0.444075077772,-0.461000412703,0.625258505344,-0.446461379528
0.644344866276,-0.283309340477,0.84164327383,-0.44225949049,-0.462018847466,0.624869346619,-0.447753697634
0.645194768906,-0.283510237932,0.841733336449,-0.440259188414,-0.463311880827,0.624566674232,-0.448810219765
0.645710229874,-0.283589601517,0.841425895691,-0.436256289482,-0.465993076563,0.624553918839,-0.449959427118
0.647126615047,-0.283765256405,0.841741800308,-0.437573283911,-0.465097904205,0.623625874519,-0.450892865658
0.647732675076,-0.283891111612,0.841435849667,-0.434269875288,-0.468464374542,0.622763991356,-0.451791852713
0.649103045464,-0.28429749608,0.841788828373,-0.434305876493,-0.466649919748,0.622204661369,-0.454398036003
0.649798929691,-0.284364581108,0.841407597065,-0.429672420025,-0.469610750675,0.622252523899,-0.455685257912
0.651010751724,-0.284432381392,0.841417968273,-0.429870933294,-0.471820026636,0.61997628212,-0.456318318844
0.652183353901,-0.284560650587,0.841332316399,-0.429496854544,-0.473277032375,0.618791878223,-0.456768870354
0.653373479843,-0.284691572189,0.841235399246,-0.427893012762,-0.474605232477,0.617894530296,-0.458108901978
0.655449271202,-0.285438120365,0.842433691025,-0.435272783041,-0.49769333005,0.602458119392,-0.447082936764
0.655866265297,-0.285113245249,0.841059923172,-0.424931794405,-0.476397931576,0.616264522076,-0.461189895868
0.657554864883,-0.285641640425,0.841872215271,-0.428952157497,-0.501882731915,0.600607872009,-0.450981169939
0.658553600311,-0.285789519548,0.841698586941,-0.42639413476,-0.501967012882,0.600319206715,-0.453689306974
0.659975349903,-0.285763889551,0.841401815414,-0.425660133362,-0.502459347248,0.599434435368,-0.455001622438
0.661206960678,-0.285802692175,0.841247737408,-0.423236489296,-0.502898454666,0.598936855793,-0.457426041365
0.662539482117,-0.285830408335,0.840906858444,-0.420742899179,-0.501406788826,0.599515318871,-0.460595279932
0.663838982582,-0.285848528147,0.840803861618,-0.419385790825,-0.502912700176,0.598027825356,-0.462122529745
0.665050446987,-0.285727620125,0.840525448322,-0.417413115501,-0.502391338348,0.597842097282,-0.464708775282
0.666824102402,-0.285828888416,0.840624809265,-0.419710606337,-0.501124978065,0.596419036388,-0.465833902359
0.66758030653,-0.285527318716,0.84008026123,-0.414805978537,-0.504597485065,0.59548830986,-0.467665731907
0.66881608963,-0.28544190526,0.839796423912,-0.412744730711,-0.50401288271,0.595795869827,-0.469723463058
0.669834971428,-0.285109102726,0.839239835739,-0.409502953291,-0.495341807604,0.600188374519,-0.476149022579
0.671143531799,-0.284898906946,0.839010417461,-0.40925142169,-0.496457606554,0.59867733717,-0.477104365826
0.672268271446,-0.284709841013,0.838808655739,-0.407973051071,-0.497238636017,0.597785651684,-0.478501886129
0.673501431942,-0.284503430128,0.83847117424,-0.406482845545,-0.497676461935,0.597384393215,-0.479814350605
0.674647927284,-0.284241765738,0.838282227516,-0.405860304832,-0.499088257551,0.595723509789,-0.48093855381
0.675745785236,-0.284131020308,0.838050961494,-0.403518587351,-0.4994571805,0.595679879189,-0.482577443123
0.677048683167,-0.283800780773,0.837863564491,-0.403628826141,-0.500614643097,0.594096779823,-0.483236700296
0.678363382816,-0.283647626638,0.837965250015,-0.404687523842,-0.509394049644,0.588208258152,-0.480371564627
0.680013895035,-0.28346607089,0.838062107563,-0.407310038805,-0.508661568165,0.586639642715,-0.480849206448
0.680641949177,-0.2831158638,0.837512552738,-0.403161406517,-0.510407865047,0.586309611797,-0.482893019915
0.681391477585,-0.282759845257,0.836995482445,-0.399943470955,-0.504110276699,0.589767158031,-0.487947642803
0.682631254196,-0.282379120588,0.836795091629,-0.400611579418,-0.504882991314,0.58840405941,-0.488245874643
0.683818638325,-0.282212555408,0.836705684662,-0.40121498704,-0.511095881462,0.584179878235,-0.486355304718
0.685194849968,-0.282025396824,0.836814582348,-0.403675317764,-0.509151101112,0.583848237991,-0.486757397652
0.685744822025,-0.281619161367,0.836268365383,-0.401115685701,-0.512089848518,0.581765949726,-0.488281220198
0.687119245529,-0.281440258026,0.836407840252,-0.403707563877,-0.508646309376,0.582391142845,-0.48899897933
0.687664091587,-0.281027913094,0.83592247963,-0.401034921408,-0.511125743389,0.580856740475,-0.490435302258
0.688953578472,-0.280856460333,0.835981488228,-0.40367051959,-0.509121656418,0.580751240253,-0.490482866764
0.689312279224,-0.280458182096,0.835414588451,-0.4009334445,-0.507719039917,0.581466376781,-0.493326127529
0.690145790577,-0.28022763133,0.835222423077,-0.401950985193,-0.507938802242,0.580600500107,-0.493291735649
0.691372513771,-0.280134290457,0.835292816162,-0.404686033726,-0.505778849125,0.580403447151,-0.493506789207
0.691643714905,-0.279844492674,0.834875226021,-0.403235077858,-0.507772862911,0.57905203104,-0.494233757257
0.692909777164,-0.279968231916,0.835149288177,-0.407908082008,-0.510497927666,0.576024889946,-0.491119325161
0.692975223064,-0.279615998268,0.834531903267,-0.404963254929,-0.506022036076,0.57855963707,-0.495192348957
0.693508565426,-0.279556035995,0.834314703941,-0.405691862106,-0.505732417107,0.578080832958,-0.495450615883
0.693989336491,-0.279526144266,0.834160089493,-0.406539112329,-0.505781769753,0.577389419079,-0.495512068272
0.694398403168,-0.279541730881,0.833990573883,-0.407367616892,-0.504748404026,0.577065169811,-0.49626275897
0.694892466068,-0.279721915722,0.834021449089,-0.409399330616,-0.508955597878,0.574030578136,-0.493807047606
0.695065915585,-0.279929250479,0.833983182907,-0.409553796053,-0.509383678436,0.57343006134,-0.493935137987
0.695301353931,-0.280059129,0.83394408226,-0.410454243422,-0.508763730526,0.57301479578,-0.494308590889
0.695484697819,-0.280251443386,0.833953797817,-0.411396443844,-0.508116900921,0.572672009468,-0.494587749243
0.695681631565,-0.280350267887,0.833977639675,-0.412909656763,-0.508126378059,0.571831941605,-0.494288891554
0.695666074753,-0.280569374561,0.833997607231,-0.413127839565,-0.507603466511,0.57189565897,-0.494569927454
0.695474863052,-0.280751049519,0.833859741688,-0.412306576967,-0.500851869583,0.575563788414,-0.49787274003
0.695269167423,-0.280994296074,0.833903253078,-0.412239402533,-0.500539958477,0.575397968292,-0.498433053493
0.695485234261,-0.28141105175,0.83431738615,-0.415210783482,-0.498072326183,0.576028347015,-0.497710198164
0.694666206837,-0.281611353159,0.834111690521,-0.412161320448,-0.499797224998,0.576240956783,-0.498269289732
0.694192171097,-0.28209656477,0.834407329559,-0.4130461514,-0.506709933281,0.573168754578,-0.494080632925
0.693642199039,-0.282403349876,0.834428906441,-0.413397073746,-0.498640179634,0.577502429485,-0.496942669153
0.693024754524,-0.28273576498,0.834510564804,-0.413228720427,-0.498988747597,0.577922582626,-0.496243745089
0.692246258259,-0.283129692078,0.834656596184,-0.412749290466,-0.498798936605,0.579423427582,-0.495082050562
0.69195497036,-0.283666789532,0.835152029991,-0.415924102068,-0.496121376753,0.580194950104,-0.494211226702
0.690656065941,-0.283953726292,0.834993124008,-0.413314551115,-0.498964875937,0.580492556095,-0.493187308311
0.690160512924,-0.284489005804,0.835338234901,-0.415512770414,-0.496719956398,0.581880509853,-0.491969257593
0.688737332821,-0.284786552191,0.835259437561,-0.413554489613,-0.499237239361,0.581848621368,-0.491108208895
0.687609672546,-0.285208821297,0.835337817669,-0.411976754665,-0.499308019876,0.583259999752,-0.490687787533
0.686564743519,-0.28567057848,0.83550620079,-0.411860942841,-0.500126779079,0.583821475506,-0.489281505346
0.685959160328,-0.286285609007,0.836031675339,-0.414902210236,-0.496952712536,0.58544254303,-0.488007485867
0.684865415096,-0.286718845367,0.836216151714,-0.414217293262,-0.497052133083,0.586327672005,-0.487425178289
0.6832254529,-0.287068068981,0.836111664772,-0.411436289549,-0.499584645033,0.586727380753,-0.48670977354
0.682366251945,-0.287605524063,0.83650881052,-0.413210302591,-0.497613966465,0.588587284088,-0.484976947308
0.680693149567,-0.287930846214,0.836350977421,-0.410494983196,-0.499826073647,0.5891289711,-0.484349876642
0.679421663284,-0.288284003735,0.83647787571,-0.410483360291,-0.500332951546,0.58991676569,-0.482875615358
0.678274691105,-0.288826882839,0.836902141571,-0.41199657321,-0.509350240231,0.585775911808,-0.477166503668
0.676991939545,-0.289227724075,0.837104618549,-0.411793828011,-0.510531544685,0.586316287518,-0.475412040949
0.675658285618,-0.289584845304,0.837157130241,-0.410920530558,-0.508872389793,0.588287830353,-0.475510925055
0.674180030823,-0.289824962616,0.836925029755,-0.408536434174,-0.501012086868,0.594301760197,-0.478424847126
0.673507809639,-0.290375292301,0.837700605392,-0.413129657507,-0.508232831955,0.590012669563,-0.472131729126
0.671649038792,-0.290496528149,0.83744096756,-0.410870373249,-0.511239886284,0.590049624443,-0.470808506012
0.670319437981,-0.290790975094,0.837440311909,-0.410001218319,-0.510752975941,0.591741979122,-0.469970285892
0.669276833534,-0.290961444378,0.83746612072,-0.410919457674,-0.50018620491,0.597540915012,-0.473184943199
0.667384803295,-0.290975630283,0.837103843689,-0.406792730093,-0.503263950348,0.598429203033,-0.472364097834
0.66631758213,-0.291350066662,0.837499797344,-0.409191578627,-0.514813125134,0.592770397663,-0.464922517538
0.664975643158,-0.291455835104,0.837471842766,-0.409855216742,-0.514079093933,0.593522548676,-0.464190125465
0.663717210293,-0.291556984186,0.837431430817,-0.410502672195,-0.513804554939,0.594253003597,-0.462985485792
0.662416040897,-0.291673600674,0.837423920631,-0.409786522388,-0.514868080616,0.595234811306,-0.46117413044
0.661096572876,-0.291757047176,0.837212264538,-0.408826649189,-0.513649523258,0.597186863422,-0.46086114645
0.659910321236,-0.29182651639,0.837175726891,-0.409916639328,-0.516912937164,0.596084415913,-0.457660347223
0.658518373966,-0.291774779558,0.836816012859,-0.408502817154,-0.515218436718,0.598372280598,-0.45784932375
0.657312035561,-0.291841745377,0.836721539497,-0.408379971981,-0.517170906067,0.598057925701,-0.456165671349
0.656248152256,-0.291859120131,0.83659029007,-0.408517211676,-0.519079208374,0.598081409931,-0.453838407993
0.655449330807,-0.291861712933,0.836548447609,-0.411769926548,-0.516537725925,0.598849534988,-0.452784270048
0.653918385506,-0.29170358181,0.835964858532,-0.408501565456,-0.51973682642,0.59959679842,-0.451091766357
0.652705550194,-0.291546493769,0.835558056831,-0.40795892477,-0.519995987415,0.600120127201,-0.45058786869
0.651713252068,-0.291428893805,0.835252285004,-0.408604621887,-0.521074533463,0.600124895573,-0.448747098446
0.650686562061,-0.291272640228,0.834816217422,-0.409354329109,-0.521505832672,0.600413203239,-0.447174221277
0.649802446365,-0.291118174791,0.834403157234,-0.409022033215,-0.521713674068,0.601131558418,-0.446269899607
0.649329304695,-0.291038691998,0.834225058556,-0.411490261555,-0.521332383156,0.601041018963,-0.444565057755
0.647947907448,-0.290737748146,0.833342254162,-0.409855693579,-0.523463010788,0.601127266884,-0.443453162909
0.647573530674,-0.290661871433,0.833132863045,-0.412833601236,-0.521989703178,0.601531803608,-0.441876679659
0.646318256855,-0.290298163891,0.832258164883,-0.410246133804,-0.526695430279,0.600753843784,-0.439755558968
0.64559340477,-0.290065318346,0.831645607948,-0.411573022604,-0.526018798351,0.601041615009,-0.43893173337
0.645428538322,-0.289935022593,0.831429481506,-0.415805786848,-0.525019884109,0.600448966026,-0.436944812536
0.644906997681,-0.289746642113,0.830858826637,-0.416847079992,-0.525548875332,0.60020160675,-0.435654908419
0.64393466711,-0.289402365685,0.829939603806,-0.416001170874,-0.529322087765,0.599049389362,-0.43347543478
0.643397092819,-0.289167881012,0.829237937927,-0.415976196527,-0.529066443443,0.599506556988,-0.433179408312
0.64341622591,-0.289094507694,0.829006969929,-0.420375347137,-0.526981174946,0.599009394646,-0.432161122561
0.643050312996,-0.28890812397,0.828377068043,-0.422722071409,-0.528041303158,0.59785425663,-0.430172890425
0.642382383347,-0.288635969162,0.827494382858,-0.422073513269,-0.531336426735,0.596736311913,-0.428300738335
0.642132520676,-0.28850248456,0.82689666748,-0.424231678247,-0.531791687012,0.595710277557,-0.427029937506
0.641902089119,-0.288360089064,0.826280236244,-0.427209556103,-0.53299677372,0.594358086586,-0.424435049295
0.641452908516,-0.287873566151,0.82465916872,-0.42328903079,-0.510056197643,0.608689010143,-0.436081260443
0.641357839108,-0.287852913141,0.823973655701,-0.424478024244,-0.508804380894,0.609533548355,-0.435207307339
0.641287446022,-0.287813097239,0.823358774185,-0.427198559046,-0.50782173872,0.609156668186,-0.434219628572
0.641205012798,-0.287891924381,0.822737574577,-0.430302143097,-0.507327616215,0.608354210854,-0.432855606079
0.641077935696,-0.288015604019,0.822126030922,-0.431720942259,-0.506134688854,0.608768761158,-0.432256311178
0.641576707363,-0.288259327412,0.821815371513,-0.43611523509,-0.501760840416,0.609301030636,-0.432194471359
0.641482532024,-0.288468182087,0.821214437485,-0.439225852489,-0.501224279404,0.608396470547,-0.430939257145
0.640972077847,-0.288686931133,0.820338368416,-0.439252942801,-0.501789450645,0.608628153801,-0.429925769567
0.641551673412,-0.289196401834,0.82015055418,-0.444079905748,-0.498106747866,0.6087718606,-0.429044902325
0.641644001007,-0.289571434259,0.819734811783,-0.4459836483,-0.497597903013,0.60847735405,-0.428077340126
0.640954494476,-0.29007089138,0.818771719933,-0.446246355772,-0.497980356216,0.608698129654,-0.427043616772
0.641479372978,-0.29087600112,0.818635225296,-0.45098015666,-0.493579804897,0.608655333519,-0.427240639925
0.64089769125,-0.291459798813,0.817820906639,-0.450155109167,-0.493947058916,0.60947906971,-0.426511496305
0.640899837017,-0.292215436697,0.817456126213,-0.452792048454,-0.492473602295,0.609194636345,-0.425829857588
0.640803039074,-0.292996197939,0.817043840885,-0.454686701298,-0.491309851408,0.609460115433,-0.42477414012
0.640638232231,-0.293839901686,0.816586852074,-0.456700086594,-0.490610718727,0.608334720135,-0.425035387278
0.641004383564,-0.294919937849,0.816525697708,-0.461760342121,-0.486889690161,0.607899069786,-0.424469739199
0.640866935253,-0.295989394188,0.816099286079,-0.463629424572,-0.484351277351,0.608694016933,-0.424197375774
0.640276730061,-0.296887457371,0.815359354019,-0.462939947844,-0.483930855989,0.609775841236,-0.423876166344
0.640460729599,-0.298208087683,0.815323174,-0.466779857874,-0.480767279863,0.609548270702,-0.423592418432
0.639971137047,-0.299357026815,0.814938127995,-0.468087077141,-0.47985675931,0.60971981287,-0.422934800386
0.639661312103,-0.300683766603,0.814609050751,-0.469917088747,-0.477164298296,0.610418617725,-0.422943532467
0.639031112194,-0.301736474037,0.813982963562,-0.47069016099,-0.47683390975,0.611333191395,-0.421132087708
0.638944208622,-0.303084135056,0.813918888569,-0.474919199944,-0.474622517824,0.610725283623,-0.419762015343
0.638530015945,-0.30447357893,0.813675701618,-0.476335376501,-0.472404032946,0.611474692822,-0.419568657875
0.638026893139,-0.305755138397,0.813463449478,-0.479755342007,-0.470534741879,0.611005067825,-0.418455302715
0.637302458286,-0.307298928499,0.813197016716,-0.480075716972,-0.469091981649,0.612079799175,-0.418136924505
0.636871278286,-0.308648526669,0.813001513481,-0.482576161623,-0.466381818056,0.612495779991,-0.417680591345
0.636197626591,-0.310001164675,0.812773644924,-0.484486728907,-0.46416798234,0.613909721375,-0.415855169296
0.635508418083,-0.31131067872,0.811585187912,-0.478553920984,-0.441543787718,0.628521502018,-0.425424724817
0.634440302849,-0.312596827745,0.81122303009,-0.480522692204,-0.441325753927,0.628701031208,-0.423160284758
0.633874297142,-0.314281970263,0.811421096325,-0.481729209423,-0.437299579382,0.630552709103,-0.42321318388
0.633205115795,-0.315654993057,0.811448812485,-0.484704405069,-0.435700267553,0.630785167217,-0.421114116907
0.632201492786,-0.317167818546,0.811486005783,-0.486409366131,-0.434763610363,0.631250202656,-0.419416099787
0.631277501583,-0.318660348654,0.811569988728,-0.487055003643,-0.431572318077,0.633105933666,-0.419165372849
0.630197167397,-0.320086449385,0.811702609062,-0.489244490862,-0.42976051569,0.63423293829,-0.41676658392
0.628525495529,-0.321671873331,0.811633467674,-0.487239003181,-0.42933601141,0.636314034462,-0.416381031275
0.627880036831,-0.323129147291,0.8121778965,-0.491758257151,-0.426200866699,0.636412620544,-0.414132297039
0.626690268517,-0.324528992176,0.812512516975,-0.493306219578,-0.424625992775,0.63758379221,-0.412102997303
0.625448107719,-0.326049953699,0.812865793705,-0.493353933096,-0.423206061125,0.639425575733,-0.410650134087
0.624094426632,-0.327531307936,0.813277304173,-0.494516998529,-0.421952873468,0.64076000452,-0.408454835415
0.62350320816,-0.330264568329,0.814824938774,-0.506439566612,-0.407860040665,0.644351422787,-0.402468025684
0.622105002403,-0.331749558449,0.815360546112,-0.507046103477,-0.40638884902,0.645721375942,-0.400994062424
0.620703160763,-0.333090096712,0.815873265266,-0.506812810898,-0.406089276075,0.647217333317,-0.399176627398
0.619260728359,-0.334544539452,0.81639945507,-0.507080495358,-0.404797285795,0.648908019066,-0.397400349379
0.617841184139,-0.335945516825,0.816990375519,-0.506937682629,-0.404568374157,0.6503713727,-0.395418524742
0.616308093071,-0.337263226509,0.817662000656,-0.507383942604,-0.404677778482,0.651218891144,-0.393333911896
0.614820182323,-0.338631540537,0.818338930607,-0.507762312889,-0.404092729092,0.652189791203,-0.391835480928
0.613394677639,-0.340008050203,0.819003939629,-0.507865011692,-0.403663128614,0.653942525387,-0.389214932919
0.611850440502,-0.341377466917,0.819606482983,-0.508294284344,-0.403173327446,0.655365228653,-0.386761724949
0.610345482826,-0.342692345381,0.820277810097,-0.508444905281,-0.402900904417,0.656596004963,-0.384754955769
0.608895599842,-0.344032168388,0.820963144302,-0.508985757828,-0.40209710598,0.657861948013,-0.38271304965
0.607569813728,-0.345684379339,0.821833610535,-0.503751158714,-0.399447053671,0.663716375828,-0.382305622101
0.6052775383,-0.345919579268,0.82137966156,-0.491501629353,-0.409534901381,0.664530038834,-0.386144071817
0.603853642941,-0.346821010113,0.821776747704,-0.50078368187,-0.410691410303,0.660560846329,-0.379746675491
0.602429807186,-0.348153859377,0.822397232056,-0.50203359127,-0.410100072622,0.661791026592,-0.37658059597
0.60102391243,-0.349981367588,0.823169946671,-0.493073195219,-0.405025243759,0.669844985008,-0.379659175873
0.599675536156,-0.351414293051,0.823621153831,-0.492911040783,-0.403127580881,0.670814156532,-0.380178183317
0.598595142365,-0.352649569511,0.824198186398,-0.495041489601,-0.402019530535,0.671302676201,-0.377712905407
0.597139060497,-0.354175060987,0.824625015259,-0.494012713432,-0.398464113474,0.674629449844,-0.376899182796
0.595912218094,-0.355711758137,0.8250426054,-0.492137342691,-0.396492391825,0.677749812603,-0.375832110643
0.594614386559,-0.357094198465,0.825422525406,-0.492383807898,-0.394513547421,0.679736495018,-0.37399944663
0.593433618546,-0.358442187309,0.82574224472,-0.492861747742,-0.392123878002,0.681103110313,-0.373396456242
0.592198133469,-0.358732610941,0.825695157051,-0.513011813164,-0.397407501936,0.671760261059,-0.357245624065
0.590903162956,-0.359950363636,0.825934410095,-0.515035927296,-0.395696818829,0.672060310841,-0.355663925409
0.590115666389,-0.361110806465,0.826248168945,-0.516600549221,-0.394576311111,0.673106253147,-0.352649450302
0.588625013828,-0.362562179565,0.826293051243,-0.518189251423,-0.392379611731,0.673969268799,-0.351117700338
0.58770096302,-0.363809347153,0.826448202133,-0.517877876759,-0.389425128698,0.676084756851,-0.350799053907
0.586589038372,-0.365133136511,0.82654851675,-0.520987927914,-0.387169361115,0.677495956421,-0.345934480429
0.58624881506,-0.36630114913,0.826607942581,-0.527590930462,-0.387349545956,0.674264967442,-0.342015981674
0.584374606609,-0.367745012045,0.826532244682,-0.522610783577,-0.381455987692,0.680262327194,-0.344401806593
0.583903849125,-0.3699824512,0.827530920506,-0.532245755196,-0.370267897844,0.681407094002,-0.33955937624
0.583777844906,-0.371175974607,0.827699244022,-0.530948281288,-0.363687723875,0.68611240387,-0.339226692915
0.58189535141,-0.372344255447,0.827647924423,-0.533402144909,-0.367013067007,0.68362647295,-0.336806297302
0.582016050816,-0.373356848955,0.827890396118,-0.532951235771,-0.361520677805,0.687839627266,-0.334876924753
0.580727040768,-0.374406218529,0.827767908573,-0.540620863438,-0.365621238947,0.68191409111,-0.330217093229
0.580078244209,-0.375486373901,0.828118085861,-0.541556298733,-0.365132838488,0.683408915997,-0.326109021902
0.578321039677,-0.376757085323,0.8278901577,-0.537088513374,-0.36137008667,0.687246501446,-0.329605877399
0.577607274055,-0.377711236477,0.827933132648,-0.53812366724,-0.359662503004,0.688056647778,-0.328091263771
0.576740503311,-0.37864407897,0.82806801796,-0.539033472538,-0.360090553761,0.688071250916,-0.326091766357
0.576020538807,-0.379702478647,0.828144967556,-0.538908541203,-0.359100967646,0.688962221146,-0.325507760048
0.575232207775,-0.380592674017,0.828256130219,-0.538392663002,-0.359615534544,0.689563930035,-0.32451748848
0.574738800526,-0.381454825401,0.828340888023,-0.539573967457,-0.359332382679,0.690416872501,-0.32103702426
0.574017226696,-0.382370084524,0.828498959541,-0.540642023087,-0.359971195459,0.690178334713,-0.31903141737
0.574457347393,-0.382943034172,0.828516304493,-0.536321699619,-0.35795122385,0.693700373173,-0.320951342583
0.572930932045,-0.38425129652,0.828648746014,-0.540491104126,-0.359975546598,0.691205739975,-0.317051321268
0.572328329086,-0.38515150547,0.828746914864,-0.540948688984,-0.360185444355,0.691602289677,-0.315162450075
0.571931481361,-0.385954201221,0.828800559044,-0.541121959686,-0.360854119062,0.691493213177,-0.314338058233
0.571442186832,-0.38692548871,0.828847289085,-0.539833188057,-0.361457079649,0.69215285778,-0.314409464598
0.571625471115,-0.387755334377,0.828969419003,-0.544817209244,-0.36356896162,0.688706755638,-0.310925781727
0.570491611958,-0.388771533966,0.828838825226,-0.539667546749,-0.362341701984,0.69184756279,-0.314347505569
0.570616483688,-0.389680713415,0.829093933105,-0.538942873478,-0.363400399685,0.692901134491,-0.312039583921
0.569978773594,-0.390722095966,0.828821539879,-0.538302600384,-0.363363564014,0.692687451839,-0.313658028841
0.569810509682,-0.391640245914,0.828934252262,-0.53885358572,-0.3648635149,0.692523598671,-0.311323732138
0.569561481476,-0.392653077841,0.828789651394,-0.537258565426,-0.365660279989,0.692489147186,-0.313216149807
0.569445729256,-0.393567115068,0.828698635101,-0.536725640297,-0.366513282061,0.692434668541,-0.313253611326
0.569351255894,-0.394542515278,0.828653752804,-0.535941123962,-0.367150872946,0.692448616028,-0.313818842173
0.569392323494,-0.395610243082,0.828567743301,-0.535337090492,-0.367455333471,0.692612946033,-0.314130991697
0.570449948311,-0.396578997374,0.828768014908,-0.540475070477,-0.369348526001,0.689645469189,-0.309609055519
0.569680213928,-0.39775288105,0.828397631645,-0.535388231277,-0.367624849081,0.692299604416,-0.314535856247
0.56985938549,-0.398648023605,0.828226149082,-0.535835564137,-0.369601130486,0.690817952156,-0.314715594053
0.56945681572,-0.398734122515,0.827163338661,-0.527925431728,-0.380951315165,0.68957722187,-0.317260652781
0.570330619812,-0.400738239288,0.827802717686,-0.534916162491,-0.371085554361,0.690229356289,-0.31582224369
0.570694804192,-0.401816129684,0.827622056007,-0.534525036812,-0.370085477829,0.69074267149,-0.316534936428
0.570687353611,-0.401755750179,0.82648396492,-0.525994241238,-0.38177382946,0.688917756081,-0.320891141891
0.571534991264,-0.403923392296,0.827041625977,-0.534121274948,-0.370294868946,0.690273761749,-0.3179910779
0.571678042412,-0.403851091862,0.825967609882,-0.526701807976,-0.382342040539,0.687268614769,-0.322586148977
0.572678089142,-0.406022489071,0.82642698288,-0.534470260143,-0.371208041906,0.688883602619,-0.31935185194
0.574090301991,-0.407090991735,0.826215028763,-0.531582653522,-0.367617875338,0.691593766212,-0.322451800108
0.573288917542,-0.407061964273,0.824915409088,-0.527586519718,-0.382932156324,0.6860871315,-0.32295525074
0.573873639107,-0.408009767532,0.824532747269,-0.527037382126,-0.384050667286,0.685306668282,-0.324178129435
0.575276434422,-0.410182148218,0.824964523315,-0.534163057804,-0.373690724373,0.685843467712,-0.323487013578
0.575670957565,-0.410020262003,0.823906958103,-0.526834011078,-0.385364115238,0.683919966221,-0.325874298811
0.57623052597,-0.411117613316,0.823347866535,-0.526036381721,-0.386086940765,0.683088481426,-0.328043729067
0.577591240406,-0.413085579872,0.823785066605,-0.533559441566,-0.377304673195,0.682878434658,-0.326546251774
0.578497767448,-0.414164453745,0.823471546173,-0.532474756241,-0.377296835184,0.682885110378,-0.328307271004
0.581301271915,-0.415002852678,0.823496818542,-0.534855723381,-0.374656111002,0.682771086693,-0.327697873116
0.581501960754,-0.416108191013,0.823128700256,-0.528731763363,-0.375016272068,0.685450494289,-0.331607222557
0.582302629948,-0.417080879211,0.822626948357,-0.529440820217,-0.375424414873,0.683895647526,-0.333220154047
0.584361255169,-0.417906731367,0.82256269455,-0.534046709538,-0.377149999142,0.680233955383,-0.331411808729
0.584424614906,-0.418969839811,0.822123110294,-0.529303312302,-0.375968694687,0.681965768337,-0.336761325598
0.584677577019,-0.419977128506,0.821667432785,-0.530330061913,-0.379950672388,0.678600668907,-0.337473958731
0.58679920435,-0.420835316181,0.821648240089,-0.529897391796,-0.377565175295,0.680397510529,-0.337212949991
0.586938500404,-0.421812713146,0.821254730225,-0.531691133976,-0.381585776806,0.676125407219,-0.338454425335
0.589141070843,-0.422756075859,0.821150302887,-0.529889822006,-0.376869112253,0.678265154362,-0.342261463404
0.59021961689,-0.423689693213,0.820974588394,-0.529848694801,-0.376676946878,0.677733957767,-0.343586444855
0.590791225433,-0.424585103989,0.820914983749,-0.532640099525,-0.382477074862,0.673620998859,-0.340940743685
0.591822564602,-0.42549815774,0.820672035217,-0.532056868076,-0.382907629013,0.672593414783,-0.343387901783
0.593931674957,-0.4265601933,0.820487499237,-0.529845893383,-0.374767065048,0.676664710045,-0.347761124372
0.595257997513,-0.427458524704,0.82053476572,-0.531123459339,-0.375706702471,0.67474848032,-0.348521023989
0.595520198345,-0.428228795528,0.820320188999,-0.533925235271,-0.380993157625,0.670737802982,-0.346235513687
0.596686661243,-0.429235696793,0.82025718689,-0.534791648388,-0.380017757416,0.669744074345,-0.347889721394
0.597742676735,-0.430293768644,0.82000875473,-0.533955097198,-0.377855360508,0.670161247253,-0.350715249777
0.598812878132,-0.431177377701,0.819869101048,-0.533423125744,-0.377921938896,0.669518113136,-0.352675884962
0.600993037224,-0.432181119919,0.819953739643,-0.533166944981,-0.371805340052,0.672524273396,-0.353843212128
0.601406753063,-0.432517081499,0.819350779057,-0.529630959034,-0.382243514061,0.667026638985,-0.358408361673
0.603319764137,-0.43344065547,0.819225430489,-0.527573764324,-0.377847313881,0.669541537762,-0.36140230298
0.603372693062,-0.43441927433,0.818949580193,-0.530031919479,-0.381692618132,0.665901482105,-0.360488921404
0.604841649532,-0.43622264266,0.819161653519,-0.532703816891,-0.368592351675,0.670490026474,-0.361676007509
0.604836523533,-0.437037795782,0.818915605545,-0.535279691219,-0.374506086111,0.666264116764,-0.359601289034
0.6068816185,-0.437415838242,0.818532168865,-0.527102530003,-0.375972926617,0.667484819889,-0.367792546749
0.606944620609,-0.438438564539,0.818294167519,-0.529858887196,-0.378651171923,0.664497435093,-0.366491705179
0.607267200947,-0.4402115345,0.818267405033,-0.534045636654,-0.370832085609,0.666444718838,-0.364870220423
0.608340322971,-0.440359324217,0.817774891853,-0.528601229191,-0.378537625074,0.663952589035,-0.369401156902
0.609632253647,-0.442267537117,0.817954897881,-0.530016899109,-0.36339610815,0.67058724165,-0.370591759682
0.609209418297,-0.443173468113,0.81758004427,-0.532651007175,-0.367641448975,0.666413247585,-0.370156943798
0.609791398048,-0.444121330976,0.81734251976,-0.532811462879,-0.367200672626,0.666083931923,-0.370955258608
0.610125899315,-0.445094585419,0.817046523094,-0.530539751053,-0.365244120359,0.666236639023,-0.375836372375
0.61126357317,-0.445786803961,0.816943764687,-0.534239947796,-0.365922063589,0.663249790668,-0.375217854977
0.611661493778,-0.447346419096,0.816603541374,-0.507199823856,-0.360950171947,0.675660908222,-0.394899457693
0.612998247147,-0.448210000992,0.816571295261,-0.505809962749,-0.35449051857,0.677782595158,-0.39887791872
0.611812055111,-0.449648350477,0.816512286663,-0.513327598572,-0.352366924286,0.675790131092,-0.39451238513
0.612125635147,-0.450483441353,0.816265821457,-0.511895120144,-0.350957661867,0.676676869392,-0.396106630564
0.612300097942,-0.451180309057,0.815963506699,-0.512278497219,-0.350856184959,0.67607909441,-0.396721303463
0.612973093987,-0.451215058565,0.81555557251,-0.506422400475,-0.356764912605,0.674784898758,-0.401149123907
0.613725244999,-0.452747344971,0.815418124199,-0.509653627872,-0.341979593039,0.680223405361,-0.400748461485
0.612867951393,-0.453288525343,0.815398275852,-0.513117849827,-0.348873406649,0.675217270851,-0.398847162724
0.613030850887,-0.45392754674,0.815225958824,-0.5123244524,-0.347697257996,0.675793230534,-0.399917393923
0.614485681057,-0.453759998083,0.814834296703,-0.506211340427,-0.348823219538,0.67656993866,-0.40537109971
0.613574683666,-0.454307079315,0.81450676918,-0.506240189075,-0.351432591677,0.674832880497,-0.405976295471
0.613114118576,-0.45538058877,0.81447070837,-0.511856734753,-0.344363152981,0.676209807396,-0.402687162161
0.613050758839,-0.455772161484,0.814151525497,-0.511582195759,-0.342362165451,0.67708081007,-0.403278529644
0.61285597086,-0.456155180931,0.813845694065,-0.511154353619,-0.340603172779,0.67822510004,-0.403387665749
0.612668514252,-0.456487953663,0.813581764698,-0.511159360409,-0.338179141283,0.679595828056,-0.403113484383
0.612586319447,-0.456851482391,0.81363761425,-0.512559533119,-0.339446008205,0.678857028484,-0.401512473822
0.612452149391,-0.457198470831,0.813445329666,-0.511314749718,-0.336807340384,0.681333124638,-0.401127427816
0.612284362316,-0.457514941692,0.813318908215,-0.50970685482,-0.333749145269,0.683889448643,-0.401379525661
0.611958384514,-0.457651972771,0.812914013863,-0.507798790932,-0.327295005322,0.687964618206,-0.40214830637
0.611131131649,-0.45678588748,0.811707019806,-0.499521195889,-0.33571138978,0.688624739647,-0.404441028833
0.610950350761,-0.456978440285,0.811598241329,-0.499522209167,-0.333593189716,0.690232217312,-0.403450876474
0.610952794552,-0.457025319338,0.811540186405,-0.49869120121,-0.33211633563,0.691263735294,-0.403931111097
0.610679149628,-0.457212477922,0.81142860651,-0.499388605356,-0.331331163645,0.692249178886,-0.402022063732
0.611482679844,-0.457379281521,0.811494529247,-0.49753844738,-0.324978917837,0.696053624153,-0.402931302786
0.611288309097,-0.457480698824,0.811460733414,-0.497948110104,-0.323651313782,0.696836173534,-0.402140587568
0.610010743141,-0.457525193691,0.811271548271,-0.500983059406,-0.327666640282,0.694263458252,-0.399561077356
0.610266327858,-0.457537412643,0.811526656151,-0.50152528286,-0.325490355492,0.694420099258,-0.400386482477
0.610038042068,-0.457532793283,0.811439633369,-0.501538693905,-0.324401885271,0.695286095142,-0.399749726057
0.609800517559,-0.457535088062,0.811386287212,-0.501770853996,-0.323200970888,0.696085453033,-0.39903908968
0.60955619812,-0.457498043776,0.81127846241,-0.502374589443,-0.322257310152,0.69680505991,-0.39778482914
0.609314441681,-0.457465291023,0.811244428158,-0.502461194992,-0.320754826069,0.697537720203,-0.397605538368
0.608786284924,-0.457288980484,0.811094582081,-0.502203285694,-0.32027426362,0.697759330273,-0.39792996645
0.607107400894,-0.456797540188,0.810011863708,-0.49852257967,-0.325659394264,0.698720574379,-0.396497964859
0.606867790222,-0.456682980061,0.809955537319,-0.498651921749,-0.325163751841,0.698877334595,-0.396466046572
0.606511056423,-0.456583529711,0.809841394424,-0.497863322496,-0.325284391642,0.699573099613,-0.396131128073
0.606219530106,-0.456451922655,0.809688925743,-0.497783690691,-0.325103759766,0.699838280678,-0.395910769701
0.607246339321,-0.456696629524,0.810419440269,-0.501442730427,-0.320165365934,0.699535429478,-0.395852863789
0.606851637363,-0.455407053232,0.809895634651,-0.519648969173,-0.32861739397,0.689903855324,-0.382110327482
0.606563210487,-0.455246567726,0.809720993042,-0.519845724106,-0.328808933496,0.689997673035,-0.381507992744
0.605865418911,-0.455685228109,0.809950768948,-0.524826824665,-0.322181046009,0.691845834255,-0.376968890429
0.605543315411,-0.455478131771,0.809740841389,-0.524699389935,-0.321402490139,0.692399263382,-0.376794993877
0.605180203915,-0.455300211906,0.809544205666,-0.525151014328,-0.320781379938,0.692485034466,-0.376537442207
0.604678332806,-0.455115646124,0.809311151505,-0.526003956795,-0.320939987898,0.691264867783,-0.377452582121
0.604322493076,-0.454941928387,0.809153676033,-0.526382446289,-0.320387125015,0.691494226456,-0.376973897219
0.603961706161,-0.454730629921,0.808978438377,-0.52645534277,-0.319634765387,0.692048668861,-0.376493245363
0.603764414787,-0.454514592886,0.808948874474,-0.525337636471,-0.318412095308,0.694734573364,-0.374136179686
0.603924274445,-0.454085916281,0.808793783188,-0.53209233284,-0.320082217455,0.690336167812,-0.37129637599
0.602954149246,-0.453915268183,0.808532953262,-0.528526186943,-0.318768441677,0.693430185318,-0.37175449729
0.602508068085,-0.453701555729,0.80834197998,-0.528909683228,-0.318254590034,0.693843841553,-0.370876520872
0.60194337368,-0.453527599573,0.808073699474,-0.529083073139,-0.316457509995,0.694121420383,-0.371646642685
0.601896286011,-0.452664256096,0.8076800704,-0.525110125542,-0.322516262531,0.693259835243,-0.373675435781
0.601392447948,-0.452433794737,0.807466089725,-0.524657249451,-0.321608006954,0.694482684135,-0.372822850943
0.600902676582,-0.452171623707,0.807255625725,-0.525050640106,-0.320452213287,0.695420861244,-0.37151324749
0.600419104099,-0.451824605465,0.807145476341,-0.52576571703,-0.31879851222,0.697022259235,-0.368914633989
0.599729061127,-0.451550006866,0.807053625584,-0.526575684547,-0.317432790995,0.697837471962,-0.367392599583
0.599050819874,-0.451298087835,0.806750535965,-0.527129113674,-0.315875738859,0.698241710663,-0.367173075676
0.597846925259,-0.451738387346,0.806324124336,-0.528231322765,-0.311605125666,0.704784274101,-0.356585532427
0.59700948,-0.45144957304,0.805999517441,-0.529623806477,-0.309674859047,0.70477604866,-0.356217354536
0.597069263458,-0.451042473316,0.806132018566,-0.53186494112,-0.309532523155,0.705977320671,-0.350578725338
0.596004784107,-0.45083925128,0.805907487869,-0.528222858906,-0.306359529495,0.709973216057,-0.350802898407
0.594783961773,-0.449395418167,0.804975152016,-0.524342298508,-0.313949078321,0.70828795433,-0.353311955929
0.594548583031,-0.449065208435,0.805079936981,-0.525181770325,-0.312659978867,0.709374606609,-0.351020693779
0.595374882221,-0.449796319008,0.806419551373,-0.537508308887,-0.300292044878,0.708427548409,-0.345021933317
0.594034552574,-0.449581682682,0.806059241295,-0.535739660263,-0.297225177288,0.710394501686,-0.346381217241
0.593498885632,-0.449256896973,0.805931448936,-0.535628259182,-0.296481221914,0.711722791195,-0.344458967447
0.592941045761,-0.448943883181,0.805883049965,-0.537016153336,-0.296384036541,0.712019026279,-0.34175875783
0.592855274677,-0.448121905327,0.805230200291,-0.537411034107,-0.302183717489,0.711908936501,-0.336244106293
0.592175364494,-0.448430925608,0.805783808231,-0.536443352699,-0.292924702168,0.716484725475,-0.336263775826
0.591495454311,-0.447667330503,0.804874777794,-0.533583939075,-0.29834908247,0.717602789402,-0.333650290966
0.590775847435,-0.447648942471,0.804681777954,-0.536969959736,-0.294584751129,0.717356383801,-0.332089096308
0.590305387974,-0.447355210781,0.804500222206,-0.538138508797,-0.293431311846,0.718064546585,-0.329679131508
0.58993345499,-0.446875184774,0.804167866707,-0.53727632761,-0.294313758612,0.718653321266,-0.329015403986
0.58948212862,-0.446720719337,0.80401468277,-0.537117123604,-0.292326718569,0.720138907433,-0.327796041965
0.589251279831,-0.44654405117,0.804007172585,-0.53599947691,-0.290931135416,0.722915112972,-0.324742048979
0.588805198669,-0.446338325739,0.803802549839,-0.536284387112,-0.289904683828,0.723938882351,-0.322903811932
0.588283240795,-0.446130931377,0.803559422493,-0.539064049721,-0.289968580008,0.722798168659,-0.32076638937
0.587866961956,-0.445874512196,0.803341090679,-0.540149450302,-0.28942501545,0.722931981087,-0.319125384092
0.588196516037,-0.445694088936,0.803295850754,-0.54415756464,-0.289548993111,0.721630454063,-0.315124571323
0.587786853313,-0.445571064949,0.803047060966,-0.543749451637,-0.288110792637,0.722988128662,-0.314033299685
0.586530029774,-0.445502638817,0.802534997463,-0.539500594139,-0.284853518009,0.725830674171,-0.317753732204
0.586149990559,-0.445356994867,0.802277207375,-0.5388879776,-0.283686518669,0.727028369904,-0.317098617554
0.585926055908,-0.445221692324,0.802206337452,-0.537413954735,-0.282950222492,0.729461848736,-0.314659833908
0.585624158382,-0.444986075163,0.802043914795,-0.53661519289,-0.280738532543,0.731098115444,-0.314206510782
0.585207998753,-0.444815158844,0.801765203476,-0.535766124725,-0.279706984758,0.732338130474,-0.313686907291
0.58472943306,-0.44452932477,0.801402926445,-0.536682248116,-0.278915196657,0.732451975346,-0.312558144331
0.584222912788,-0.444418311119,0.801044821739,-0.536588430405,-0.278414815664,0.733245372772,-0.311302602291
0.583715736866,-0.444068521261,0.800717413425,-0.535223662853,-0.278248518705,0.734474480152,-0.310902774334
0.583270788193,-0.443842589855,0.800487399101,-0.535153269768,-0.27878844738,0.734817922115,-0.30972674489
0.582919955254,-0.443654626608,0.800231575966,-0.534039676189,-0.277676433325,0.736407220364,-0.308871924877
0.583351254463,-0.443480849266,0.800112366676,-0.538674235344,-0.278129965067,0.734501540661,-0.304928302765
0.582386434078,-0.443268328905,0.799914717674,-0.530958414078,-0.276149094105,0.739916622639,-0.307161390781
0.582220256329,-0.443138897419,0.799774885178,-0.530045390129,-0.274342060089,0.741845846176,-0.305701166391
0.581821918488,-0.442746669054,0.799577832222,-0.528701543808,-0.274404168129,0.742930293083,-0.30533850193
0.582432210445,-0.442636072636,0.799350082874,-0.522105395794,-0.264894217253,0.750306725502,-0.307045549154
0.581281661987,-0.442215889692,0.799321770668,-0.525313079357,-0.273077249527,0.746397614479,-0.303917199373
0.58091199398,-0.441879630089,0.799123883247,-0.524604856968,-0.272777050734,0.747524678707,-0.30263748765
0.580650389194,-0.441658198833,0.799029588699,-0.522287726402,-0.271574765444,0.750007867813,-0.301580667496
0.580486059189,-0.441381543875,0.798975229263,-0.519049286842,-0.268155127764,0.753096699715,-0.302532672882
0.580332756042,-0.441119402647,0.79900598526,-0.516554355621,-0.266998887062,0.756516933441,-0.299274802208
0.579975545406,-0.440951019526,0.798892736435,-0.514075160027,-0.265724807978,0.759453237057,-0.297233879566
0.57974922657,-0.440756618977,0.798906087875,-0.511077165604,-0.263851702213,0.762678027153,-0.295811831951
0.579406619072,-0.440578460693,0.798878252506,-0.507682740688,-0.261651188135,0.765740036964,-0.295701056719
0.579179942608,-0.440385907888,0.798931896687,-0.503788888454,-0.259271323681,0.769663095474,-0.294268578291
0.579252541065,-0.440173953772,0.799209117889,-0.499376267195,-0.256490170956,0.773970544338,-0.292926162481
0.578775107861,-0.439993619919,0.799127817154,-0.495630562305,-0.25355514884,0.777910292149,-0.291403353214
0.578509747982,-0.439832806587,0.79925018549,-0.492768496275,-0.251655012369,0.781289875507,-0.288851290941
0.579247117043,-0.439796715975,0.799511194229,-0.485579103231,-0.243176683784,0.788534283638,-0.288603305817
0.577967822552,-0.439629197121,0.799634814262,-0.487203657627,-0.247426152229,0.787227988243,-0.285805851221
0.578920722008,-0.439725011587,0.799985289574,-0.478329062462,-0.238639950752,0.795691609383,-0.284828305244
0.577391982079,-0.439481794834,0.799900531769,-0.481808304787,-0.244003266096,0.792623460293,-0.282968968153
0.577106058598,-0.439413368702,0.799972474575,-0.479318827391,-0.242825180292,0.79465919733,-0.282500207424
0.577866077423,-0.439451754093,0.800099492073,-0.47261980176,-0.235076025128,0.800569832325,-0.283650606871
0.577489793301,-0.439308106899,0.800197541714,-0.472142457962,-0.2357429564,0.800903439522,-0.282949924469
0.577190458775,-0.439192384481,0.800183713436,-0.470804721117,-0.235934957862,0.801510453224,-0.283299446106
0.575955450535,-0.439076274633,0.80005300045,-0.473215073347,-0.241517871618,0.798901677132,-0.281944721937
0.575704276562,-0.439002811909,0.800034761429,-0.472454249859,-0.242240831256,0.799056768417,-0.282160401344
0.575444996357,-0.438958376646,0.800024032593,-0.471602618694,-0.242753282189,0.799300551414,-0.282454401255
0.576114594936,-0.438964605331,0.800153970718,-0.468444734812,-0.239189088345,0.801760554314,-0.283774793148
0.576052486897,-0.438799291849,0.800146222115,-0.468220382929,-0.241265386343,0.80093228817,-0.284724771976
0.575928270817,-0.438750684261,0.800123333931,-0.468271791935,-0.24177493155,0.800768852234,-0.284667670727
0.575676143169,-0.438815116882,0.800121426582,-0.468884557486,-0.241546198726,0.800954818726,-0.283327132463
0.576470136642,-0.438712537289,0.800287365913,-0.472694396973,-0.243287190795,0.800457775593,-0.276836901903
0.57556951046,-0.438740134239,0.800129652023,-0.469653844833,-0.242471382022,0.800502538681,-0.282539486885
0.575609743595,-0.438721448183,0.800127446651,-0.470126450062,-0.242622762918,0.800262033939,-0.282304704189
0.576538860798,-0.438617199659,0.800315201283,-0.474439054728,-0.244253948331,0.799485683441,-0.275808811188
0.575830221176,-0.438621997833,0.800157904625,-0.472638338804,-0.24356752634,0.7988063097,-0.281418800354
0.575971186161,-0.438576996326,0.800193786621,-0.473816752434,-0.24396827817,0.798048257828,-0.281240522861
0.576231718063,-0.438533693552,0.800198554993,-0.475727528334,-0.24448736012,0.7968968153,-0.280828416348
0.576513469219,-0.438479870558,0.800198674202,-0.477288126945,-0.244640663266,0.796047925949,-0.280454695225
0.575994431973,-0.438318282366,0.800100922585,-0.48200699687,-0.250025331974,0.792789161205,-0.27684289217
0.577244341373,-0.438316136599,0.800235152245,-0.4802916646,-0.245170295238,0.794999241829,-0.277826875448
0.577460289001,-0.438317298889,0.80012524128,-0.481623351574,-0.244906678796,0.793829441071,-0.279096186161
0.577841043472,-0.438258707523,0.800028860569,-0.483134567738,-0.245010778308,0.793205320835,-0.27816554904
0.578206419945,-0.438215941191,0.79995828867,-0.48443248868,-0.244776919484,0.792661011219,-0.277665376663
0.578638792038,-0.438225448132,0.799811244011,-0.48484236002,-0.243788450956,0.792854070663,-0.277268052101
0.579014599323,-0.438207954168,0.799674034119,-0.485191434622,-0.242865592241,0.793004631996,-0.277036845684
0.579406738281,-0.438194036484,0.799491226673,-0.485347688198,-0.242823436856,0.793006181717,-0.276795327663
0.579795897007,-0.43817281723,0.799351811409,-0.486646741629,-0.24300943315,0.792298436165,-0.276377648115
0.580174565315,-0.438186854124,0.799186468124,-0.487216562033,-0.242996543646,0.791969895363,-0.276326686144
0.580647706985,-0.438151866198,0.799094617367,-0.487825810909,-0.243759810925,0.791911780834,-0.274741381407
0.58088684082,-0.438203811646,0.798850774765,-0.488530188799,-0.244241312146,0.79062384367,-0.276764214039
0.581380188465,-0.438191145658,0.798693656921,-0.48857909441,-0.245332822204,0.790819585323,-0.275148421526
0.581743597984,-0.438226729631,0.798528075218,-0.489054054022,-0.246055305004,0.790104269981,-0.275714218616
0.582138836384,-0.438239812851,0.798357605934,-0.489351511002,-0.247099518776,0.789282202721,-0.276605397463
0.582657873631,-0.438399702311,0.798229038715,-0.48803460598,-0.247574910522,0.789538145065,-0.277773886919
0.582952260971,-0.438521355391,0.797897994518,-0.48913231492,-0.248658567667,0.787873864174,-0.279595077038
0.583352208138,-0.438593804836,0.797689080238,-0.488410055637,-0.249582022429,0.787715554237,-0.280479490757
0.582937479019,-0.438594758511,0.797430336475,-0.493144959211,-0.256805628538,0.782702744007,-0.279705762863
0.583358168602,-0.438661247492,0.797281622887,-0.493122041225,-0.257618278265,0.782110989094,-0.280652612448
0.584001421928,-0.438795804977,0.797238349915,-0.491180956364,-0.258811175823,0.783226311207,-0.279847860336
0.584442853928,-0.438898205757,0.797080695629,-0.491360425949,-0.25981348753,0.782399594784,-0.280914098024
0.584921181202,-0.438999116421,0.796916842461,-0.491480022669,-0.260052978992,0.781971275806,-0.28167501092
0.586149513721,-0.439163357019,0.796778738499,-0.490310877562,-0.255547493696,0.782794415951,-0.285523593426
0.585987746716,-0.439634442329,0.797199428082,-0.497048676014,-0.253390341997,0.779214322567,-0.285588890314
0.586572051048,-0.439679741859,0.797195971012,-0.497182577848,-0.254496872425,0.778556227684,-0.286166340113
0.586925089359,-0.439553141594,0.796796143055,-0.495953381062,-0.25925514102,0.777497768402,-0.28690469265
0.587370455265,-0.439526677132,0.796549022198,-0.495657414198,-0.26408290863,0.776804625988,-0.284883588552
0.587768256664,-0.439412713051,0.796346902847,-0.495024234056,-0.268310248852,0.775215983391,-0.286357849836
0.588552296162,-0.439932048321,0.796637952328,-0.499536693096,-0.274301677942,0.771116912365,-0.283901900053
0.588887870312,-0.440181881189,0.796584308147,-0.500953137875,-0.27770164609,0.768210947514,-0.285971790552
0.589317858219,-0.440132677555,0.795956492424,-0.492511034012,-0.265020728111,0.776288092136,-0.290815591812
0.59010964632,-0.440624475479,0.796483099461,-0.495093435049,-0.260713756084,0.775449573994,-0.292555898428
0.590611219406,-0.440814137459,0.796475052834,-0.493964493275,-0.260854572058,0.775670826435,-0.293749302626
0.591307282448,-0.441003739834,0.796594619751,-0.492351740599,-0.261351019144,0.776579856873,-0.293614178896
0.591955184937,-0.441288381815,0.797063887119,-0.500966668129,-0.273495495319,0.767261385918,-0.29247674346
0.592315018177,-0.440690994263,0.796233654022,-0.495631039143,-0.283324271441,0.766280472279,-0.294773548841
0.592552125454,-0.440739929676,0.795456647873,-0.487412005663,-0.271824687719,0.773739159107,-0.299780964851
0.59298568964,-0.441055506468,0.795540571213,-0.487480610609,-0.270759373903,0.774642109871,-0.298298001289
0.593471825123,-0.441233605146,0.795451879501,-0.487715423107,-0.271034389734,0.774145543575,-0.298953026533
0.59400588274,-0.441399753094,0.795364737511,-0.487227827311,-0.269530683756,0.774562656879,-0.300024926662
0.594339251518,-0.441424399614,0.795280098915,-0.486999899149,-0.270049482584,0.773816585541,-0.301848351955
0.594835460186,-0.441620469093,0.795172810555,-0.48630040884,-0.27047753334,0.773377895355,-0.303711026907
0.595238745213,-0.441932141781,0.795193791389,-0.484139502048,-0.269742637873,0.774119079113,-0.305920898914
0.595674335957,-0.44255399704,0.795384943485,-0.475939899683,-0.267400413752,0.778033137321,-0.310874134302
0.595905482769,-0.443084359169,0.795411884785,-0.469772219658,-0.265200674534,0.780077159405,-0.316958010197
0.596382498741,-0.443740278482,0.795446515083,-0.463952928782,-0.262666553259,0.781623899937,-0.323756337166
0.596984505653,-0.443637251854,0.795990467072,-0.477055341005,-0.277522295713,0.771683037281,-0.316077411175
0.597100317478,-0.443793445826,0.795286655426,-0.468941301107,-0.264146715403,0.77894037962,-0.321827054024
0.597618281841,-0.443825542927,0.795258760452,-0.468880772591,-0.265634924173,0.777393043041,-0.32442137599
0.59796500206,-0.444015860558,0.795254766941,-0.469907641411,-0.265537023544,0.776247322559,-0.325756072998
0.59825193882,-0.444243311882,0.79523485899,-0.471333503723,-0.265636950731,0.774861454964,-0.326911896467
0.598427355289,-0.444625705481,0.795228838921,-0.472920149565,-0.264378786087,0.774061322212,-0.327535450459
0.598700165749,-0.444782733917,0.79521459341,-0.475049346685,-0.26483887434,0.772024095058,-0.328888088465
0.598970293999,-0.444912165403,0.795123815536,-0.477006345987,-0.264895170927,0.770302951336,-0.330043852329
0.599205672741,-0.445028603077,0.795129001141,-0.479272544384,-0.265258848667,0.768154144287,-0.331473976374
0.599446594715,-0.445161938667,0.795140028,-0.481683045626,-0.265612840652,0.765749156475,-0.333255916834
0.599852263927,-0.445856958628,0.795369267464,-0.4754588902,-0.262845993042,0.767175972462,-0.341015994549
0.600004136562,-0.446010023355,0.795404136181,-0.476983040571,-0.262939244509,0.765367686749,-0.342873901129
0.600136160851,-0.445757806301,0.795412123203,-0.480083614588,-0.267662346363,0.760540425777,-0.34562253952
0.600045442581,-0.445991277695,0.795343995094,-0.482742190361,-0.267231822014,0.758922994137,-0.345807939768
0.600250720978,-0.445937812328,0.795434594154,-0.484945058823,-0.268776476383,0.755747139454,-0.348473370075
0.600315451622,-0.446487218142,0.79561239481,-0.489405244589,-0.266076952219,0.755032479763,-0.345849096775
0.600312173367,-0.446559935808,0.795709490776,-0.491423338652,-0.26612842083,0.753228604794,-0.346879690886
0.600230634212,-0.44657433033,0.795826911926,-0.493348062038,-0.266313552856,0.751493871212,-0.347766757011
0.600131452084,-0.446485966444,0.795882463455,-0.496728360653,-0.267659842968,0.748787164688,-0.347759693861
0.599710047245,-0.446022480726,0.795804023743,-0.496940761805,-0.271524816751,0.746031463146,-0.35037317872
