x,y,z,q0,q1,q2,q3
0.772049546242,-0.160764381289,1.39266324043,-0.284720182419,-0.414985626936,0.528754293919,-0.683476686478
0.772074639797,-0.159919589758,1.39292764664,-0.284771829844,-0.414383530617,0.52887815237,-0.683724522591
0.772243142128,-0.15901055932,1.39315879345,-0.284307718277,-0.413934975863,0.52922129631,-0.683924019337
0.772370874882,-0.158394262195,1.39329886436,-0.284164369106,-0.413073956966,0.529263019562,-0.684471487999
0.774496257305,-0.157182991505,1.39368164539,-0.280872315168,-0.415649026632,0.531205236912,-0.68276488781
0.772733151913,-0.156640633941,1.39370191097,-0.282940268517,-0.412129938602,0.52978092432,-0.68514674902
0.773087561131,-0.156118795276,1.39384555817,-0.283371269703,-0.411678135395,0.530360639095,-0.684791564941
0.775176584721,-0.155238047242,1.39428853989,-0.280373156071,-0.414998620749,0.53178024292,-0.682917892933
0.773390293121,-0.154677405953,1.39420974255,-0.283219724894,-0.412096649408,0.531158983707,-0.683983266354
0.774968445301,-0.154114216566,1.39490449429,-0.280234545469,-0.413041144609,0.530739247799,-0.684968233109
0.773812055588,-0.15339705348,1.39449369907,-0.28232139349,-0.410898655653,0.530667364597,-0.685455441475
0.774073243141,-0.15262696147,1.39470076561,-0.281935572624,-0.410527199507,0.530988454819,-0.685588121414
0.774200618267,-0.152089640498,1.39478707314,-0.28150972724,-0.409885346889,0.530910134315,-0.686207532883
0.774478197098,-0.151494055986,1.39491677284,-0.28181257844,-0.41095405817,0.532242953777,-0.684409141541
0.77466404438,-0.150866359472,1.39500367641,-0.281646043062,-0.410528808832,0.532369792461,-0.684634268284
0.774916887283,-0.150187075138,1.39515078068,-0.281090736389,-0.409496456385,0.531497776508,-0.686156570911
0.775143146515,-0.14948092401,1.39530563354,-0.280928850174,-0.409227222204,0.531529486179,-0.68635892868
0.775353372097,-0.149028494954,1.39538455009,-0.280855506659,-0.409048289061,0.531647026539,-0.686404526234
0.777877926826,-0.148099198937,1.39714109898,-0.276958525181,-0.412784308195,0.532556653023,-0.685045003891
0.775850772858,-0.148033037782,1.39557218552,-0.280151754618,-0.409064352512,0.531522989273,-0.686778604984
0.777252018452,-0.147590830922,1.39610183239,-0.278818130493,-0.41034579277,0.531903803349,-0.686261832714
0.777198553085,-0.146925777197,1.39630138874,-0.276792109013,-0.410688459873,0.531025409698,-0.687555909157
0.776564478874,-0.146326512098,1.39584493637,-0.280562996864,-0.408489465714,0.532371640205,-0.686295330524
0.776928603649,-0.145826667547,1.39599466324,-0.280342668295,-0.408332169056,0.532525122166,-0.686360001564
0.777119278908,-0.145375564694,1.39610433578,-0.279644966125,-0.407494574785,0.531648159027,-0.68782055378
0.779471516609,-0.144580796361,1.39651203156,-0.275488168001,-0.409626573324,0.532090783119,-0.687889456749
0.777679204941,-0.144355624914,1.39630508423,-0.278985500336,-0.406870424747,0.531260371208,-0.68875682354
0.777662456036,-0.143819585443,1.39654910564,-0.276876986027,-0.407459378242,0.53013253212,-0.690127253532
0.778118252754,-0.143337607384,1.39642488956,-0.279468387365,-0.407311677933,0.531710505486,-0.687952458858
0.778369486332,-0.142958208919,1.39649856091,-0.27868282795,-0.406664669514,0.530636012554,-0.689481914043
0.780559360981,-0.142280548811,1.39682292938,-0.274499505758,-0.408713251352,0.530939877033,-0.689714729786
0.77883118391,-0.142148837447,1.39667916298,-0.278025984764,-0.406439602375,0.52985727787,-0.690477728844
0.779105126858,-0.14172950387,1.39676654339,-0.278238505125,-0.406856507063,0.530327856541,-0.689785301685
0.779272079468,-0.141310200095,1.39676988125,-0.278033912182,-0.40666693449,0.529901385307,-0.690306961536
0.779384493828,-0.14071020484,1.39674079418,-0.277802407742,-0.406163305044,0.529758632183,-0.690806090832
0.781653225422,-0.14015494287,1.3970386982,-0.273383110762,-0.407558828592,0.529474496841,-0.691964149475
0.781783163548,-0.139806583524,1.39702987671,-0.273241281509,-0.407354176044,0.529086470604,-0.692437171936
0.779694974422,-0.13974237442,1.39691090584,-0.276121646166,-0.406424492598,0.528457164764,-0.692321538925
0.77989923954,-0.13924190402,1.39698314667,-0.275991141796,-0.406106352806,0.527854919434,-0.693019449711
0.780032277107,-0.13884986937,1.39697647095,-0.275081694126,-0.40487191081,0.526435852051,-0.695179224014
0.782206535339,-0.138415530324,1.39734113216,-0.272097170353,-0.408433616161,0.527466833591,-0.693486869335
0.782369732857,-0.13805782795,1.39738881588,-0.272030442953,-0.408240258694,0.527891933918,-0.693303406239
0.780498981476,-0.138019979,1.39718925953,-0.275383770466,-0.405547946692,0.526718854904,-0.694450855255
0.780971348286,-0.137515708804,1.39712429047,-0.277078062296,-0.404566049576,0.526881337166,-0.694226264954
0.781165361404,-0.137326300144,1.39719104767,-0.277049154043,-0.404595285654,0.527247428894,-0.693942785263
0.780986487865,-0.136942327023,1.39733231068,-0.275289148092,-0.404986143112,0.526173532009,-0.695229172707
0.781148374081,-0.136676385999,1.39735841751,-0.275180786848,-0.404895186424,0.52570694685,-0.695677816868
0.783376693726,-0.136285290122,1.39775526524,-0.271473765373,-0.407564848661,0.526008486748,-0.695347428322
0.783547341824,-0.136003434658,1.39777910709,-0.270726203918,-0.406489551067,0.524464011192,-0.697431862354
0.783669531345,-0.135786816478,1.3977741003,-0.27167698741,-0.407479405403,0.525610148907,-0.695619285107
0.783757805824,-0.135534659028,1.39775824547,-0.271681308746,-0.407442480326,0.525203347206,-0.695946395397
0.78197902441,-0.135438531637,1.39744412899,-0.274957150221,-0.404740065336,0.524282872677,-0.696930110455
0.782186985016,-0.135375335813,1.39750695229,-0.273877829313,-0.403952926397,0.522274494171,-0.699315667152
0.782266736031,-0.135149762034,1.39745950699,-0.274471342564,-0.404755502939,0.522902071476,-0.698148906231
0.78237593174,-0.134958297014,1.39743006229,-0.274389564991,-0.404622346163,0.522577524185,-0.698501169682
0.782486915588,-0.134762629867,1.39742839336,-0.273857504129,-0.404013216496,0.521497964859,-0.699868083
0.784452617168,-0.13439039886,1.39769387245,-0.270665198565,-0.407016694546,0.522444725037,-0.69866257906
0.784704983234,-0.134187743068,1.39774143696,-0.269859880209,-0.406574636698,0.521356582642,-0.700042903423
0.784844636917,-0.133964121342,1.39770579338,-0.269732773304,-0.406023025513,0.521197378635,-0.700530350208
0.784614264965,-0.133639931679,1.39840567112,-0.271203607321,-0.406875818968,0.52224957943,-0.698681771755
0.782990276814,-0.133777141571,1.39745593071,-0.274047493935,-0.404076069593,0.521298468113,-0.699905991554
0.784176766872,-0.133888930082,1.39748501778,-0.272405356169,-0.405353605747,0.52057570219,-0.700346112251
0.783247053623,-0.133638799191,1.39744317532,-0.273071944714,-0.403028607368,0.51908826828,-0.702529013157
0.783110320568,-0.133607298136,1.39770209789,-0.270604014397,-0.404065191746,0.517603158951,-0.703982949257
0.783133685589,-0.133430331945,1.3976842165,-0.27131870389,-0.404797136784,0.518878281116,-0.702346622944
0.7830337286,-0.133276641369,1.39766824245,-0.270314782858,-0.404969781637,0.51813441515,-0.70318287611
0.784180521965,-0.133329764009,1.39792811871,-0.268771290779,-0.406503647566,0.517992794514,-0.702993750572
0.784180521965,-0.133329764009,1.39792811871,-0.268771290779,-0.406503647566,0.517992794514,-0.702993750572
0.784254968166,-0.133125767112,1.39787459373,-0.267721384764,-0.405234485865,0.515849471092,-0.705698013306
0.784272611141,-0.13302052021,1.39783287048,-0.268152147532,-0.405829578638,0.516032159328,-0.705058634281
0.784302711487,-0.132930785418,1.39779829979,-0.268102049828,-0.405624479055,0.515928089619,-0.705271720886
0.783595144749,-0.132637932897,1.39720106125,-0.272376716137,-0.402580410242,0.517129361629,-0.704497754574
0.78358310461,-0.132582470775,1.39720034599,-0.272251367569,-0.402500778437,0.516923248768,-0.704742968082
0.783628344536,-0.13252556324,1.39712131023,-0.272805571556,-0.402428507805,0.517894625664,-0.703856170177
0.785680532455,-0.132194176316,1.39731228352,-0.26917937398,-0.404757410288,0.518636345863,-0.703370630741
0.785696327686,-0.132111176848,1.39730703831,-0.269169896841,-0.404694080353,0.518530607224,-0.703488707542
0.785635232925,-0.132023692131,1.39724099636,-0.268984049559,-0.404425770044,0.517823517323,-0.704234421253
0.785569190979,-0.131958737969,1.39718663692,-0.268975883722,-0.404133617878,0.517760455608,-0.704451680183
0.785676240921,-0.131961092353,1.39712905884,-0.269895523787,-0.403671562672,0.518054127693,-0.704148948193
0.785626769066,-0.131926223636,1.39709818363,-0.269297152758,-0.402631759644,0.51692199707,-0.705803334713
0.785562634468,-0.131907761097,1.39704370499,-0.269405454397,-0.402405619621,0.517056703568,-0.705792367458
0.785696685314,-0.131673499942,1.39725267887,-0.269295036793,-0.402565687895,0.517174601555,-0.705656826496
0.785411953926,-0.131736084819,1.39688241482,-0.269847899675,-0.401876956224,0.517313063145,-0.705736756325
0.78538030386,-0.131750434637,1.39681589603,-0.270025163889,-0.40177834034,0.517376899719,-0.705678284168
0.784962296486,-0.131883561611,1.3970708847,-0.268363565207,-0.403893858194,0.516864895821,-0.705479621887
0.783031046391,-0.132111683488,1.39661931992,-0.274416953325,-0.400369882584,0.517180144787,-0.704928398132
0.783008694649,-0.132135912776,1.3965382576,-0.274717211723,-0.400304198265,0.517344117165,-0.704728245735
0.782954156399,-0.132176816463,1.39643883705,-0.274980574846,-0.40026050806,0.51745903492,-0.704566180706
0.782922506332,-0.132216513157,1.39634370804,-0.27456048131,-0.399294555187,0.5168582201,-0.705718159676
0.7828540802,-0.13227558136,1.39620435238,-0.275584697723,-0.400194466114,0.518202602863,-0.703820645809
0.782868206501,-0.132348284125,1.39611685276,-0.275997161865,-0.400474667549,0.518335580826,-0.703401625156
0.782850146294,-0.13250900805,1.39600932598,-0.275970518589,-0.400780498981,0.518287599087,-0.703273236752
0.782669484615,-0.132459044456,1.39600157738,-0.275075316429,-0.401185244322,0.517906785011,-0.703673601151
0.782659113407,-0.132480978966,1.39565265179,-0.275454998016,-0.400909274817,0.51817882061,-0.703482151031
0.78259652853,-0.132518142462,1.39564609528,-0.27613517642,-0.40080010891,0.51846653223,-0.70306545496
0.782785654068,-0.13269251585,1.39550709724,-0.277053713799,-0.400764763355,0.518386542797,-0.702783226967
0.782765448093,-0.132806673646,1.39542257786,-0.276695966721,-0.400922507048,0.517870604992,-0.703214466572
0.782895386219,-0.133039236069,1.39535534382,-0.276655644178,-0.401490867138,0.517768621445,-0.702981233597
0.782995820045,-0.133215248585,1.39535677433,-0.276450634003,-0.401051074266,0.517644524574,-0.703404068947
0.785138368607,-0.13307787478,1.3955463171,-0.273293912411,-0.404896408319,0.518753409386,-0.701615571976
0.785625040531,-0.133106440306,1.39560413361,-0.275453269482,-0.404986441135,0.520435094833,-0.699470460415
0.784214496613,-0.133904516697,1.39520430565,-0.276034265757,-0.404831796885,0.518755912781,-0.700577318668
0.784228205681,-0.133938789368,1.39517962933,-0.276358425617,-0.404960215092,0.519712567329,-0.699665784836
0.783257961273,-0.133852481842,1.39491629601,-0.278045743704,-0.403684794903,0.519742906094,-0.699711799622
0.783257961273,-0.133852481842,1.39491629601,-0.278045743704,-0.403684794903,0.519742906094,-0.699711799622
0.785790205002,-0.134080186486,1.39494335651,-0.276386916637,-0.406563937664,0.521645188332,-0.697282075882
0.78598690033,-0.134275302291,1.3948520422,-0.276473462582,-0.406934976578,0.521315038204,-0.697278261185
0.784061551094,-0.134725913405,1.39446294308,-0.280235379934,-0.404873609543,0.520730257034,-0.697413384914
0.785151183605,-0.13520000875,1.39484739304,-0.276872754097,-0.408110201359,0.520155787468,-0.697298765182
0.785328328609,-0.135407656431,1.39479410648,-0.276318669319,-0.407747238874,0.519574820995,-0.698163568974
0.785571932793,-0.135590791702,1.39476263523,-0.276491373777,-0.408433556557,0.519871294498,-0.697472929955
0.786860227585,-0.135140538216,1.3961493969,-0.274776548147,-0.41110688448,0.520876765251,-0.695827841759
0.786590993404,-0.135594308376,1.39490628242,-0.275121212006,-0.410647809505,0.520490765572,-0.696251511574
0.787345409393,-0.135587483644,1.39581525326,-0.275339275599,-0.413518071175,0.521812677383,-0.693471372128
0.787503242493,-0.13607853651,1.39473378658,-0.277709722519,-0.41246509552,0.522720932961,-0.692468583584
0.787685990334,-0.136616021395,1.39389050007,-0.275320112705,-0.413745850325,0.521577835083,-0.693519830704
0.787920773029,-0.136834666133,1.39369618893,-0.274367332458,-0.413487523794,0.520650148392,-0.694747447968
0.7861135602,-0.137382432818,1.39342045784,-0.278176695108,-0.411660432816,0.519955635071,-0.694837808609
0.786229193211,-0.137685254216,1.39324486256,-0.278672754765,-0.412639081478,0.519887804985,-0.694109022617
0.786229193211,-0.137685254216,1.39324486256,-0.278672754765,-0.412639081478,0.519887804985,-0.694109022617
0.786679446697,-0.13825660944,1.39290380478,-0.278649955988,-0.413963258266,0.519725143909,-0.693450987339
0.786930143833,-0.138624101877,1.39280438423,-0.2786706388,-0.414765834808,0.519456267357,-0.693164527416
0.788228213787,-0.139104053378,1.39318013191,-0.277217149734,-0.418192476034,0.52055066824,-0.690863788128
0.788443565369,-0.139440476894,1.39287722111,-0.277940183878,-0.418480068445,0.520754873753,-0.690244972706
0.789625048637,-0.139205247164,1.39364993572,-0.276356816292,-0.420786798,0.521143853664,-0.689184010029
0.789916455746,-0.1392981112,1.39405214787,-0.276370346546,-0.421824812889,0.521292507648,-0.688431084156
0.789947390556,-0.139895558357,1.39222097397,-0.27585414052,-0.42130330205,0.5210313797,-0.689154863358
0.787916362286,-0.140460506082,1.39183878899,-0.279527902603,-0.419342070818,0.519537329674,-0.689998149872
0.78909689188,-0.14098931849,1.39207577705,-0.278352290392,-0.421664446592,0.519597113132,-0.689012408257
0.789197921753,-0.141263842583,1.39190983772,-0.278390139341,-0.42217952013,0.519626736641,-0.688659191132
0.789295196533,-0.14155086875,1.39173901081,-0.278558015823,-0.422702938318,0.519372403622,-0.688462078571
0.788185715675,-0.141744062304,1.39100217819,-0.280360400677,-0.421304166317,0.519576430321,-0.688433945179
0.788232624531,-0.141921371222,1.39077210426,-0.280481934547,-0.421529531479,0.518963396549,-0.688708782196
0.790359914303,-0.141959324479,1.39078056812,-0.277249515057,-0.424341410398,0.519587516785,-0.687819778919
0.790401935577,-0.142448991537,1.39052665234,-0.277351915836,-0.42488861084,0.519264996052,-0.687684118748
0.78823941946,-0.143018648028,1.38995802402,-0.281343668699,-0.422529369593,0.518241882324,-0.688287734985
0.788208663464,-0.143326416612,1.3897151947,-0.281495720148,-0.422751098871,0.517898261547,-0.6883482337
0.788357496262,-0.143606469035,1.38940048218,-0.281777024269,-0.423078119755,0.517744839191,-0.688147544861
0.78859180212,-0.143878698349,1.38911652565,-0.283534616232,-0.422759056091,0.518424212933,-0.687109410763
0.788221478462,-0.144215926528,1.38897585869,-0.281905680895,-0.423828095198,0.516991496086,-0.68819963932
0.788418591022,-0.144395783544,1.38863396645,-0.284081548452,-0.423155158758,0.517892479897,-0.687040567398
0.790404498577,-0.14444245398,1.38854408264,-0.280483901501,-0.425917476416,0.518212974072,-0.686570048332
0.788260281086,-0.144974172115,1.38813340664,-0.284291654825,-0.423683255911,0.516949057579,-0.687338709831
0.789093494415,-0.145369485021,1.38809418678,-0.28351944685,-0.425097376108,0.517605304718,-0.686289906502
0.787867665291,-0.145527154207,1.38772153854,-0.285073637962,-0.423844099045,0.516874432564,-0.686971664429
0.787694752216,-0.145741850138,1.38755488396,-0.2854129076,-0.4239153862,0.516493856907,-0.687073051929
0.787087380886,-0.146101996303,1.38738739491,-0.284039139748,-0.424656033516,0.514951407909,-0.68834155798
0.787140250206,-0.146311998367,1.38716781139,-0.285907894373,-0.423959881067,0.515699326992,-0.687436461449
0.789021074772,-0.14628495276,1.38767576218,-0.282709747553,-0.42687523365,0.516163229942,-0.686606407166
0.78878235817,-0.146520256996,1.38750636578,-0.282992035151,-0.426839143038,0.515972077847,-0.686656177044
0.78755491972,-0.14720185101,1.3871409893,-0.285531789064,-0.425625056028,0.515345871449,-0.686828613281
0.787043988705,-0.147533252835,1.38713300228,-0.283970713615,-0.4264138937,0.514068901539,-0.687942504883
0.786972939968,-0.147660285234,1.38724040985,-0.283759266138,-0.426628917456,0.513494253159,-0.688325583935
0.786360502243,-0.148117944598,1.38658344746,-0.284849882126,-0.425794064999,0.514079034328,-0.687955617905
0.786212325096,-0.148278325796,1.3867456913,-0.285033077002,-0.425937980413,0.51409971714,-0.687775015831
0.786390602589,-0.148337498307,1.38712441921,-0.284718006849,-0.42654633522,0.514265358448,-0.687404572964
0.78650188446,-0.148228645325,1.38719058037,-0.28437691927,-0.426735907793,0.51461482048,-0.687166512012
0.786293268204,-0.148529961705,1.38621985912,-0.284248262644,-0.426034480333,0.51451253891,-0.687731385231
0.786090135574,-0.148662000895,1.38662207127,-0.284668892622,-0.426173985004,0.514456450939,-0.687512814999
0.785901904106,-0.149010360241,1.38654732704,-0.284684985876,-0.426041245461,0.513631820679,-0.688204705715
0.785954773426,-0.149244248867,1.38633608818,-0.286736965179,-0.425043106079,0.514778852463,-0.687112033367
0.783485949039,-0.149818092585,1.38547039032,-0.290589123964,-0.421817541122,0.513706445694,-0.688283205032
0.783197581768,-0.149927094579,1.38543891907,-0.290831238031,-0.421491354704,0.513664484024,-0.68841201067
0.784868240356,-0.149978652596,1.38555622101,-0.287651002407,-0.423683017492,0.514159202576,-0.688033342361
0.784929513931,-0.150126188993,1.38582372665,-0.287108898163,-0.423909753561,0.513735055923,-0.688436925411
0.78468388319,-0.150570362806,1.38608324528,-0.286558777094,-0.424739122391,0.513369739056,-0.688427507877
0.784535288811,-0.150769084692,1.38590669632,-0.287039875984,-0.424248069525,0.513594508171,-0.688362121582
0.781987011433,-0.151362121105,1.38534963131,-0.291233897209,-0.42018404603,0.512479603291,-0.689922511578
0.781750142574,-0.151522085071,1.38533246517,-0.291525632143,-0.419874250889,0.512541472912,-0.689941704273
0.781511068344,-0.151902154088,1.38536798954,-0.291602432728,-0.419968754053,0.51220536232,-0.690101444721
0.781222879887,-0.1520601511,1.3852673769,-0.292027115822,-0.419439375401,0.512320101261,-0.690158605576
0.783065319061,-0.152125701308,1.38539648056,-0.288709759712,-0.422464191914,0.513751745224,-0.68864351511
0.7829002738,-0.152531608939,1.38536226749,-0.288677930832,-0.422596514225,0.513381898403,-0.68885153532
0.780545949936,-0.153062403202,1.38515257835,-0.292824268341,-0.419692575932,0.513201594353,-0.689011096954
0.780256092548,-0.153486013412,1.38505923748,-0.292556136847,-0.419454902411,0.512735486031,-0.689616501331
0.780026435852,-0.153818458319,1.38500285149,-0.292596280575,-0.419358402491,0.512458503246,-0.689863979816
0.779780864716,-0.154043227434,1.38491117954,-0.293219953775,-0.418836295605,0.512537062168,-0.689858019352
0.779436528683,-0.154428675771,1.38480889797,-0.29307410121,-0.418700426817,0.511496722698,-0.690773904324
0.779242992401,-0.154967233539,1.38470876217,-0.29343444109,-0.418684214354,0.511860609055,-0.690361142159
0.779007673264,-0.15541242063,1.38459146023,-0.293610185385,-0.418555438519,0.511585772038,-0.69056814909
0.778623342514,-0.15588440001,1.38444840908,-0.293708473444,-0.418206632137,0.510641157627,-0.691436350346
0.778395950794,-0.156342312694,1.38431477547,-0.293904453516,-0.418250381947,0.510433912277,-0.691479623318
0.77805262804,-0.156820401549,1.38414180279,-0.294076621532,-0.418272405863,0.509893476963,-0.691791772842
0.77805262804,-0.156820401549,1.38414180279,-0.294076621532,-0.418272405863,0.509893476963,-0.691791772842
0.77996045351,-0.157562017441,1.38423728943,-0.290932148695,-0.421168923378,0.510691702366,-0.690774559975
0.77736723423,-0.158338606358,1.38354933262,-0.295488834381,-0.418123573065,0.509839355946,-0.69131976366
0.778423011303,-0.158901184797,1.38415491581,-0.293733924627,-0.420528918505,0.510481894016,-0.690133333206
0.778423011303,-0.158901184797,1.38415491581,-0.293733924627,-0.420528918505,0.510481894016,-0.690133333206
0.776610195637,-0.160089462996,1.38291621208,-0.295876294374,-0.41786044836,0.508727371693,-0.692131757736
0.776268959045,-0.160622492433,1.38270926476,-0.296593904495,-0.417792975903,0.508610546589,-0.691951155663
0.777104973793,-0.16108764708,1.38309216499,-0.294944614172,-0.419730424881,0.508831858635,-0.691320717335
0.777005493641,-0.162112653255,1.38276422024,-0.295939326286,-0.420848786831,0.509172737598,-0.689963340759
0.776811778545,-0.162728771567,1.38262283802,-0.296359121799,-0.421189129353,0.508986353874,-0.689713120461
0.7763043046,-0.163120657206,1.38244664669,-0.296753048897,-0.421169012785,0.509357690811,-0.689281642437
0.776097476482,-0.163746207952,1.3822671175,-0.297081500292,-0.421361297369,0.509245991707,-0.689105212688
0.775772988796,-0.164472788572,1.38179385662,-0.297621697187,-0.42137798667,0.508958935738,-0.68907392025
0.776089549065,-0.164946064353,1.38232111931,-0.297260910273,-0.422806531191,0.508998930454,-0.688324689865
0.775619924068,-0.166167080402,1.38144993782,-0.297831386328,-0.42142996192,0.507105231285,-0.690317034721
0.776331245899,-0.165673658252,1.38289177418,-0.29631999135,-0.424577414989,0.508617997169,-0.687921702862
0.773864686489,-0.166880115867,1.38085103035,-0.300698369741,-0.421091854572,0.507589101791,-0.688923418522
0.77403563261,-0.167894005775,1.38064229488,-0.301489889622,-0.421792030334,0.507985115051,-0.687856554985
0.773750185966,-0.168541952968,1.38046085835,-0.30204346776,-0.421945035458,0.507810115814,-0.687649071217
0.773482203484,-0.168777540326,1.38045620918,-0.302196055651,-0.421966761351,0.507886886597,-0.687511861324
0.773314595222,-0.169562697411,1.38022017479,-0.302396148443,-0.422352135181,0.506825745106,-0.687970161438
0.774419784546,-0.170431017876,1.38077509403,-0.300947070122,-0.425119876862,0.507290840149,-0.686556577682
0.774196267128,-0.171006441116,1.38075876236,-0.30116558075,-0.425444453955,0.507072627544,-0.686420917511
0.775048732758,-0.171300441027,1.38044190407,-0.298918664455,-0.426821708679,0.507047832012,-0.686566352844
0.772727489471,-0.172214344144,1.38028037548,-0.302643209696,-0.424886137247,0.505652546883,-0.687164127827
0.772706866264,-0.172894656658,1.38036048412,-0.30253636837,-0.425471067429,0.504594326019,-0.687626957893
0.772678971291,-0.173506617546,1.38036072254,-0.302736520767,-0.425949156284,0.504384040833,-0.687397122383
0.772497832775,-0.174014776945,1.38041174412,-0.303059995174,-0.426271617413,0.50502628088,-0.686582684517
0.77443999052,-0.174621686339,1.38055825233,-0.299292176962,-0.42941775918,0.504624187946,-0.686570465565
0.772606194019,-0.17577880621,1.38043522835,-0.303009063005,-0.427647739649,0.503187775612,-0.687099039555
0.772688090801,-0.176423057914,1.38046741486,-0.303278446198,-0.4283849895,0.504450678825,-0.685593187809
0.772519648075,-0.176943898201,1.38056123257,-0.302805274725,-0.428860425949,0.504249334335,-0.685653269291
0.772715330124,-0.177586197853,1.38047969341,-0.302715420723,-0.429528564215,0.504330992699,-0.685214579105
0.772672832012,-0.17822650075,1.38036322594,-0.302657008171,-0.429971843958,0.504291117191,-0.684991598129
0.772866725922,-0.178868621588,1.38049221039,-0.302542299032,-0.430564939976,0.504034817219,-0.684858381748
0.773057341576,-0.179766997695,1.38047754765,-0.30200779438,-0.430755496025,0.503296077251,-0.68551748991
0.775540232658,-0.180317908525,1.38109147549,-0.298696279526,-0.434949219227,0.50495493412,-0.68309623003
0.773680269718,-0.181449994445,1.38039755821,-0.301848590374,-0.433083921671,0.504061579704,-0.683555185795
0.773677825928,-0.181878983974,1.38052022457,-0.301794230938,-0.433550089598,0.504862129688,-0.682692468166
0.774070262909,-0.182691454887,1.38046777248,-0.30058991909,-0.434562504292,0.504069030285,-0.683166027069
0.774248301983,-0.183228224516,1.3804217577,-0.300600171089,-0.434779971838,0.504539489746,-0.682675540447
0.774805784225,-0.184207499027,1.38041353226,-0.300674706697,-0.435878545046,0.505297124386,-0.681380569935
0.775155246258,-0.185072407126,1.38038349152,-0.299683213234,-0.437031418085,0.504307389259,-0.681812047958
0.775248169899,-0.185692071915,1.38040530682,-0.299143016338,-0.437301874161,0.504414558411,-0.681796431541
0.777662277222,-0.186160504818,1.3807233572,-0.294758796692,-0.440833985806,0.505144119263,-0.680890679359
0.775696694851,-0.186942696571,1.38055312634,-0.297945559025,-0.438807576895,0.505247354507,-0.680736005306
0.776136159897,-0.188003093004,1.38056564331,-0.297158062458,-0.440096110106,0.504295408726,-0.680954217911
0.776327073574,-0.188676998019,1.38067293167,-0.296122133732,-0.44057404995,0.503643274307,-0.681578934193
0.776458144188,-0.189306095243,1.38072371483,-0.295751810074,-0.441055804491,0.503709793091,-0.6813788414
0.778610944748,-0.189699321985,1.38105201721,-0.29134452343,-0.444471001625,0.505205273628,-0.679949641228
0.776657342911,-0.190490096807,1.38108193874,-0.293892115355,-0.442497760057,0.503947794437,-0.681072473526
0.776937246323,-0.19145989418,1.38081908226,-0.293934047222,-0.442784696817,0.503518939018,-0.681185126305
0.777066886425,-0.192167282104,1.38094758987,-0.293240189552,-0.443483054638,0.503315925598,-0.681179940701
0.777007579803,-0.192821398377,1.38092446327,-0.293293952942,-0.443764090538,0.504132986069,-0.680369138718
0.776857614517,-0.193294137716,1.38105416298,-0.292793303728,-0.444079130888,0.504024386406,-0.680459558964
0.776816785336,-0.194140315056,1.38105201721,-0.292621582747,-0.444531083107,0.50459253788,-0.679817020893
0.776757121086,-0.194819062948,1.3811198473,-0.291925340891,-0.444555640221,0.503440976143,-0.680953145027
0.776542901993,-0.195541858673,1.38109064102,-0.292059630156,-0.445030331612,0.504660308361,-0.679681777954
0.776516973972,-0.196368098259,1.38111758232,-0.291182696819,-0.445541650057,0.503283202648,-0.680743217468
0.776358783245,-0.197145715356,1.38107800484,-0.291312634945,-0.446017175913,0.504456400871,-0.679506838322
0.776283085346,-0.197886139154,1.38098049164,-0.291769683361,-0.446100920439,0.504769742489,-0.679022908211
0.777163624763,-0.19872045517,1.38158977032,-0.289832800627,-0.448307812214,0.50422257185,-0.678805291653
0.775785923004,-0.199441716075,1.38086593151,-0.290930330753,-0.446890681982,0.503666579723,-0.679682433605
0.776819288731,-0.200313180685,1.38144719601,-0.28949829936,-0.449128955603,0.504712820053,-0.678040623665
0.777437984943,-0.200856521726,1.38147938251,-0.288203090429,-0.450391530991,0.504586398602,-0.677848875523
0.776768565178,-0.202175587416,1.38140428066,-0.289146721363,-0.450638741255,0.503997325897,-0.677720844746
0.77615737915,-0.202819079161,1.3811558485,-0.289271861315,-0.450414836407,0.503482222557,-0.678199112415
0.775966048241,-0.203815340996,1.38099038601,-0.289804518223,-0.450818508863,0.504575908184,-0.676889359951
0.775732755661,-0.20451977849,1.38088512421,-0.289749413729,-0.451050192118,0.503577172756,-0.677502155304
0.775470972061,-0.205494299531,1.38078129292,-0.289942264557,-0.451781749725,0.503769636154,-0.67678886652
0.774947822094,-0.206136196852,1.38049066067,-0.290236026049,-0.451831877232,0.503831923008,-0.676582992077
0.774666905403,-0.206890955567,1.38044762611,-0.29024836421,-0.452342510223,0.504428744316,-0.67579126358
0.774364709854,-0.207665085793,1.38046729565,-0.290325969458,-0.452502906322,0.503267467022,-0.676516056061
0.774089753628,-0.208520740271,1.38022542,-0.290841937065,-0.453131169081,0.50438195467,-0.675042271614
0.774838089943,-0.209230840206,1.37945592403,-0.288553595543,-0.454243004322,0.50363856554,-0.675831735134
0.773691892624,-0.210077434778,1.38006329536,-0.290578186512,-0.454119116068,0.503330171108,-0.675276994705
0.774122595787,-0.210903763771,1.38009595871,-0.290289521217,-0.455632865429,0.504301667213,-0.673654675484
0.773205935955,-0.212107747793,1.37961101532,-0.290910840034,-0.455408036709,0.503202676773,-0.674360096455
0.772885084152,-0.212985962629,1.37937736511,-0.291656881571,-0.455812603235,0.504460811615,-0.672822952271
0.771089076996,-0.213827118278,1.37839150429,-0.293303519487,-0.454109281301,0.50282740593,-0.674479424953
0.773008644581,-0.214279800653,1.38002610207,-0.290645211935,-0.458149254322,0.504214525223,-0.671857535839
0.771841943264,-0.215430229902,1.37896299362,-0.292115300894,-0.457270056009,0.503761947155,-0.672158300877
0.771201550961,-0.216452717781,1.37850368023,-0.293223410845,-0.457238525152,0.504292488098,-0.67129868269
0.771869122982,-0.217293232679,1.37766778469,-0.291457056999,-0.458153605461,0.503510475159,-0.672030687332
0.769686043262,-0.218343198299,1.37740516663,-0.294448792934,-0.456416457891,0.502939522266,-0.672336101532
0.77062779665,-0.219164609909,1.37807512283,-0.293270915747,-0.459225714207,0.503508627415,-0.670509517193
0.770490407944,-0.220385968685,1.37781107426,-0.293878048658,-0.459854543209,0.50365370512,-0.669703245163
0.770294547081,-0.221042692661,1.37724947929,-0.293342977762,-0.459935337305,0.503179848194,-0.670238435268
0.770105063915,-0.222294226289,1.37742435932,-0.294276326895,-0.460891634226,0.503591358662,-0.668861865997
0.769622385502,-0.223489701748,1.37716519833,-0.294192641973,-0.461639255285,0.502870857716,-0.66892516613
0.768070459366,-0.224124193192,1.37637555599,-0.294548332691,-0.460406422615,0.50167298317,-0.67051589489
0.769245922565,-0.225467473269,1.37661707401,-0.29395326972,-0.46320143342,0.502283632755,-0.668391466141
0.769383430481,-0.226108789444,1.37669765949,-0.293462187052,-0.463682889938,0.502282440662,-0.668274343014
0.769387543201,-0.227369695902,1.37632274628,-0.29363745451,-0.464088052511,0.501800656319,-0.668278098106
0.770001530647,-0.228032439947,1.37581086159,-0.291945070028,-0.465341567993,0.502043485641,-0.667965292931
0.769226849079,-0.22938683629,1.37584102154,-0.293983310461,-0.465927094221,0.501709103584,-0.666913628578
0.768823742867,-0.230252385139,1.37531065941,-0.294482290745,-0.466134101152,0.502623081207,-0.665859818459
0.768973588943,-0.231461793184,1.37483561039,-0.295089483261,-0.466501146555,0.50207310915,-0.665748775005
0.768932759762,-0.232519820333,1.37453699112,-0.294211298227,-0.46713295579,0.50080370903,-0.666649997234
0.768800377846,-0.23344399035,1.37422084808,-0.294020861387,-0.467767596245,0.500320613384,-0.666651964188
0.767868101597,-0.23435382545,1.37317788601,-0.296363085508,-0.466326385736,0.500496923923,-0.666491985321
0.768936276436,-0.235592260957,1.37353384495,-0.295147180557,-0.469177097082,0.500436007977,-0.665075063705
0.769220530987,-0.236537992954,1.37334024906,-0.294994652271,-0.470270693302,0.501448810101,-0.663605928421
0.769176185131,-0.237592965364,1.37300252914,-0.294873178005,-0.471220701933,0.500146627426,-0.663968741894
0.768923282623,-0.238740772009,1.37238121033,-0.295257717371,-0.471223264933,0.499118536711,-0.66456925869
0.767631053925,-0.239340335131,1.37136638165,-0.296250581741,-0.469846010208,0.498760670424,-0.665370643139
0.767833054066,-0.240646898746,1.37102603912,-0.296531230211,-0.470920115709,0.498098105192,-0.664982616901
0.770057141781,-0.241115301847,1.37258088589,-0.29311594367,-0.475110977888,0.498331904411,-0.66333848238
0.769837021828,-0.242468193173,1.3709269762,-0.294651210308,-0.474522382021,0.498136341572,-0.663226544857
0.769501686096,-0.243730545044,1.37067961693,-0.295653373003,-0.475050359964,0.497434586287,-0.662929236889
0.769536137581,-0.244822815061,1.37021327019,-0.296142548323,-0.476009964943,0.49737817049,-0.662064254284
0.769650518894,-0.245793581009,1.36988091469,-0.295670121908,-0.476666539907,0.496382892132,-0.662549972534
0.769598245621,-0.246631115675,1.36958730221,-0.29519584775,-0.477479785681,0.495677381754,-0.662703931332
0.770461499691,-0.247549280524,1.36821949482,-0.293661534786,-0.478489786386,0.495458841324,-0.662820637226
0.769984126091,-0.248825848103,1.368491292,-0.295831233263,-0.478992581367,0.4946372509,-0.662105858326
0.770004153252,-0.249859452248,1.36809003353,-0.296112269163,-0.479744374752,0.494117826223,-0.661823570728
0.769666790962,-0.250638544559,1.36760222912,-0.296279519796,-0.479881644249,0.493257552385,-0.662290811539
0.770229995251,-0.251801222563,1.36724734306,-0.296155184507,-0.481325238943,0.492673695087,-0.661733269691
0.770226597786,-0.252615213394,1.36604464054,-0.296125084162,-0.481433540583,0.492103636265,-0.662091851234
0.769902527332,-0.253688216209,1.36549961567,-0.296902745962,-0.481486231089,0.491150051355,-0.662413358688
0.771004498005,-0.254346549511,1.36505973339,-0.294220417738,-0.483608573675,0.490339905024,-0.662664294243
0.770305037498,-0.255564510822,1.36578309536,-0.295078247786,-0.484690725803,0.488470464945,-0.6628729105
0.770179629326,-0.256549090147,1.36543059349,-0.295742332935,-0.485049724579,0.487729161978,-0.662860274315
0.770549714565,-0.257277131081,1.36428391933,-0.294448196888,-0.485726267099,0.486767530441,-0.663647353649
0.770707547665,-0.25844553113,1.36464822292,-0.294608056545,-0.487320274115,0.485354602337,-0.66344255209
0.771001458168,-0.259461045265,1.36446666718,-0.294388413429,-0.488388508558,0.484423696995,-0.663434922695
0.771953523159,-0.260261178017,1.36295795441,-0.293248444796,-0.489161431789,0.48397308588,-0.663699150085
0.772246181965,-0.261334627867,1.36273109913,-0.293606251478,-0.490049988031,0.483097106218,-0.663523733616
0.772371530533,-0.26229518652,1.36239933968,-0.293220281601,-0.491024821997,0.481851905584,-0.663879036903
0.770479202271,-0.263291507959,1.36194980145,-0.29652634263,-0.489231258631,0.480432718992,-0.664762616158
0.771898269653,-0.264097124338,1.36170768738,-0.294007867575,-0.491577506065,0.479447305202,-0.664861857891
0.773107051849,-0.26476803422,1.36310744286,-0.292482733727,-0.494630336761,0.479436427355,-0.66327637434
0.772304713726,-0.26599085331,1.36185956001,-0.293750345707,-0.493488579988,0.477082014084,-0.665261268616
0.771884441376,-0.266781389713,1.36079549789,-0.293615460396,-0.493092298508,0.475721985102,-0.666587233543
0.77249777317,-0.267602741718,1.3605107069,-0.292739123106,-0.494405001402,0.474520891905,-0.666856527328
0.772614836693,-0.268465131521,1.3601307869,-0.292611896992,-0.494966864586,0.473433107138,-0.667268514633
0.772853851318,-0.269345968962,1.35983812809,-0.291801482439,-0.495791852474,0.472134977579,-0.667930305004
0.77315890789,-0.270018309355,1.35853540897,-0.296281665564,-0.493897616863,0.473682284355,-0.66626393795
0.774060964584,-0.271005898714,1.35908007622,-0.295482337475,-0.495969325304,0.472660005093,-0.665805697441
0.774939954281,-0.271448016167,1.35789346695,-0.293849498034,-0.496488928795,0.472073286772,-0.666556894779
0.773841798306,-0.272351682186,1.35757946968,-0.295363545418,-0.495467275381,0.470579952002,-0.66770285368
0.77435362339,-0.273408889771,1.35716593266,-0.295759797096,-0.496206432581,0.469607263803,-0.6676633358
0.775050103664,-0.274138748646,1.35700321198,-0.294930040836,-0.497484385967,0.468657851219,-0.667746663094
0.775995671749,-0.274779617786,1.35639929771,-0.293134480715,-0.498556166887,0.467741161585,-0.668380320072
0.776192545891,-0.27550047636,1.35607361794,-0.29346203804,-0.498718053102,0.466956973076,-0.668664097786
0.775911331177,-0.276501089334,1.35586941242,-0.294388741255,-0.498632401228,0.465514451265,-0.669326066971
0.776432275772,-0.277256727219,1.3553828001,-0.293882876635,-0.499324500561,0.464731276035,-0.669576585293
0.77651143074,-0.278050005436,1.35528445244,-0.294315695763,-0.499572038651,0.46359410882,-0.669989943504
0.776457846165,-0.278912723064,1.35481548309,-0.294794142246,-0.499538511038,0.462253093719,-0.670730829239
0.776026427746,-0.279721111059,1.35444450378,-0.295767575502,-0.499034583569,0.461141705513,-0.67144203186
0.777623593807,-0.280512750149,1.35516047478,-0.294051855803,-0.501645565033,0.460184454918,-0.670906484127
0.777891218662,-0.281058639288,1.35405373573,-0.293625444174,-0.501483500004,0.459166705608,-0.67191106081
0.776812493801,-0.281961202621,1.35365617275,-0.295209139585,-0.500097513199,0.457966506481,-0.673068165779
0.777837336063,-0.282653331757,1.35348534584,-0.29345574975,-0.501642405987,0.456636965275,-0.673588514328
0.778554141521,-0.283277213573,1.35327613354,-0.292826443911,-0.502498149872,0.455750852823,-0.673824608326
0.778903067112,-0.284025788307,1.35301578045,-0.292773038149,-0.502945423126,0.45472869277,-0.674204468727
0.779113173485,-0.284708321095,1.35277616978,-0.292553454638,-0.503729701042,0.453516870737,-0.674530446529
0.779657363892,-0.28547501564,1.35330557823,-0.293338298798,-0.504736840725,0.452681154013,-0.673997938633
0.78021812439,-0.285537540913,1.35269927979,-0.291067421436,-0.504864394665,0.451782613993,-0.675488114357
0.780071914196,-0.286376237869,1.35189890862,-0.291683524847,-0.504747509956,0.450331687927,-0.676278173923
0.780392050743,-0.286918133497,1.35160803795,-0.291823893785,-0.504797518253,0.449777156115,-0.676549315453
0.780392050743,-0.286918133497,1.35160803795,-0.291823893785,-0.504797518253,0.449777156115,-0.676549315453
0.780824303627,-0.288460761309,1.35215079784,-0.292327702045,-0.505925655365,0.447372406721,-0.67708325386
0.781191706657,-0.288842380047,1.35091483593,-0.291628092527,-0.50579482317,0.446375370026,-0.678139984608
0.781377375126,-0.289561092854,1.35088026524,-0.291607528925,-0.506185889244,0.444848954678,-0.678859651089
0.782430231571,-0.28991484642,1.35105752945,-0.289924830198,-0.507349550724,0.444296091795,-0.679073691368
0.782038509846,-0.29061371088,1.35039710999,-0.290898263454,-0.506634056568,0.443734496832,-0.679558634758
0.782061755657,-0.2912992239,1.35001730919,-0.291575998068,-0.50650960207,0.442574203014,-0.680117368698
0.782969355583,-0.291655600071,1.34981703758,-0.290143042803,-0.507508993149,0.441716998816,-0.680542230606
0.783337533474,-0.292298674583,1.34966206551,-0.289725005627,-0.507973194122,0.439752906561,-0.681645214558
0.783542513847,-0.292824089527,1.3496799469,-0.289641976357,-0.508261680603,0.438415050507,-0.682326734066
0.78390955925,-0.293297678232,1.34938323498,-0.289236724377,-0.508619606495,0.437378287315,-0.682897090912
0.784257650375,-0.293844163418,1.3492320776,-0.288691371679,-0.508933603764,0.436092585325,-0.683715701103
0.784759104252,-0.294339537621,1.34899890423,-0.287541180849,-0.507290542126,0.436579704285,-0.685109257698
0.785227656364,-0.294842600822,1.34884738922,-0.287816405296,-0.509913980961,0.434351921082,-0.684461832047
0.785549938679,-0.295198887587,1.34865176678,-0.286911815405,-0.507880687714,0.434417545795,-0.686309218407
0.785788238049,-0.295704126358,1.34869122505,-0.287286907434,-0.510293662548,0.431549549103,-0.686171889305
0.786111712456,-0.296301424503,1.34866988659,-0.286009639502,-0.51114988327,0.429770082235,-0.687184154987
0.78660261631,-0.296644300222,1.34845411777,-0.285958468914,-0.508524119854,0.43177267909,-0.687897861004
0.786947488785,-0.297050118446,1.34832644463,-0.286254137754,-0.511312425137,0.428373605013,-0.687832951546
0.787418663502,-0.297483801842,1.34827613831,-0.285695523024,-0.51187568903,0.427496224642,-0.68819206953
0.787880897522,-0.297848343849,1.34807276726,-0.285008758307,-0.512190580368,0.426496386528,-0.688862681389
0.788186788559,-0.298224329948,1.34800350666,-0.284830182791,-0.512464463711,0.426352322102,-0.688821971416
0.788323402405,-0.298527956009,1.34807395935,-0.284918248653,-0.512397527695,0.425503998995,-0.689359724522
0.788497328758,-0.298990428448,1.34826588631,-0.283270388842,-0.512986719608,0.423015981913,-0.69112944603
0.788944005966,-0.299307823181,1.34808373451,-0.28385168314,-0.512895524502,0.422944664955,-0.691002428532
0.789244651794,-0.299646615982,1.34806478024,-0.283490866423,-0.51310133934,0.422166973352,-0.691473126411
0.790118694305,-0.299770861864,1.34843158722,-0.280795544386,-0.513993740082,0.420558869839,-0.69288867712
0.790354430676,-0.300077408552,1.34843790531,-0.280538499355,-0.514255225658,0.420182138681,-0.693027317524
0.790591239929,-0.300389587879,1.34845495224,-0.280240684748,-0.514472007751,0.419412463903,-0.693453073502
0.790248513222,-0.300891160965,1.34814691544,-0.280917644501,-0.513771891594,0.418479681015,-0.69426125288
0.790435373783,-0.301079005003,1.34812402725,-0.280748277903,-0.513657212257,0.417849898338,-0.694793581963
0.790633738041,-0.301334410906,1.34816038609,-0.280348926783,-0.513661026955,0.417387247086,-0.695230007172
0.790840804577,-0.301589369774,1.34817683697,-0.280128479004,-0.513689577579,0.416833251715,-0.695630073547
0.791059076786,-0.301894545555,1.34829223156,-0.279755473137,-0.513790905476,0.415889799595,-0.696269750595
0.791229963303,-0.302115559578,1.3483518362,-0.279408782721,-0.513619482517,0.415487021208,-0.696775794029
0.791348993778,-0.30240547657,1.3483992815,-0.279047816992,-0.513647794724,0.41477894783,-0.69732105732
0.791472971439,-0.302631556988,1.34847855568,-0.279012441635,-0.51353520155,0.414585530758,-0.697533249855
0.791270852089,-0.302939474583,1.34849655628,-0.279319554567,-0.513122558594,0.414163649082,-0.69796448946
0.791914403439,-0.303035318851,1.34873056412,-0.278410345316,-0.513777852058,0.414994180202,-0.69735199213
0.792160570621,-0.303295493126,1.34881711006,-0.278287887573,-0.513559520245,0.414236187935,-0.698012053967
0.792257726192,-0.303460270166,1.3488805294,-0.277850240469,-0.51347053051,0.413970977068,-0.698409259319
0.792380511761,-0.303671807051,1.34891855717,-0.27723801136,-0.513513982296,0.413645923138,-0.698812961578
0.792578101158,-0.303851008415,1.3490666151,-0.277090489864,-0.513473808765,0.41349118948,-0.698992609978
0.792789757252,-0.304262161255,1.35002911091,-0.277571946383,-0.514023840427,0.413434207439,-0.698430836201
0.79292756319,-0.304390966892,1.35017108917,-0.277173101902,-0.513800561428,0.41345846653,-0.698739111423
0.793139994144,-0.304575264454,1.35034990311,-0.276983350515,-0.513819038868,0.413435846567,-0.698813915253
0.793305337429,-0.304726481438,1.35048615932,-0.276740580797,-0.513729929924,0.413445770741,-0.698969841003
0.793418765068,-0.304782211781,1.35061907768,-0.276574134827,-0.513743877411,0.413295000792,-0.69911468029
0.794528126717,-0.304406017065,1.351516366,-0.274440556765,-0.514408051968,0.414070218801,-0.699008405209
0.793644785881,-0.304752618074,1.35011231899,-0.275527894497,-0.512490987778,0.413545072079,-0.700298428535
0.793782711029,-0.304784059525,1.35027241707,-0.275226533413,-0.511884987354,0.413743317127,-0.700742900372
0.794463217258,-0.304703056812,1.35034132004,-0.273755311966,-0.512115478516,0.41391479969,-0.701049506664
0.794016182423,-0.304969578981,1.35058903694,-0.274559050798,-0.511304736137,0.413835734129,-0.701373696327
0.794145584106,-0.305071949959,1.35076475143,-0.274349838495,-0.51099550724,0.413955122232,-0.701610267162
0.794223070145,-0.305128514767,1.35091197491,-0.27397352457,-0.510411262512,0.41398909688,-0.702162384987
0.794388592243,-0.305200487375,1.35114395618,-0.273892700672,-0.510431587696,0.414323359728,-0.701981902122
0.794587552547,-0.305241286755,1.35114455223,-0.273298472166,-0.510085821152,0.414761215448,-0.702206254005
0.794678390026,-0.305319607258,1.35133075714,-0.273048758507,-0.509710609913,0.414635568857,-0.702649831772
0.79481703043,-0.305407643318,1.35159635544,-0.273042887449,-0.509595692158,0.415339022875,-0.702319920063
0.795307815075,-0.305260956287,1.35243391991,-0.272244393826,-0.510095119476,0.41666084528,-0.701484024525
0.794752418995,-0.305552095175,1.35220968723,-0.273044764996,-0.508660435677,0.416157513857,-0.70251262188
0.795082569122,-0.305534124374,1.35223507881,-0.272204071283,-0.508578598499,0.416195958853,-0.702875435352
0.795071303844,-0.305860638618,1.35352981091,-0.273009598255,-0.508899986744,0.416490197182,-0.702155649662
0.795071303844,-0.305860638618,1.35352981091,-0.273009598255,-0.508899986744,0.416490197182,-0.702155649662
0.795175850391,-0.306012749672,1.35389494896,-0.272358119488,-0.508112311363,0.417097717524,-0.70261824131
0.795276641846,-0.305775552988,1.35308802128,-0.271494120359,-0.507124423981,0.417641580105,-0.703342974186
0.795342683792,-0.305863320827,1.35324931145,-0.271132409573,-0.506855428219,0.417986154556,-0.703471779823
0.795409083366,-0.30589812994,1.35345697403,-0.271063357592,-0.506615459919,0.418428212404,-0.703408360481
0.795537233353,-0.305969119072,1.35366511345,-0.27101534605,-0.506849229336,0.41992521286,-0.702365517616
0.795405507088,-0.30600965023,1.35395419598,-0.271367788315,-0.506446063519,0.420546740294,-0.7021484375
0.795536756516,-0.306351661682,1.35497999191,-0.271902441978,-0.506878018379,0.420252412558,-0.70180606842
0.795580327511,-0.305948227644,1.35407984257,-0.270644009113,-0.505946755409,0.42081040144,-0.702629625797
0.795478403568,-0.30631890893,1.35528433323,-0.271484971046,-0.506429791451,0.42101585865,-0.701833665371
0.795590519905,-0.306301951408,1.35542678833,-0.271138757467,-0.506291806698,0.421221703291,-0.701943635941
0.795674145222,-0.306374460459,1.35554552078,-0.27080604434,-0.50605225563,0.421581536531,-0.702028691769
0.79570555687,-0.306360185146,1.35565948486,-0.270548760891,-0.505851209164,0.422109723091,-0.70195543766
0.795753359795,-0.306304395199,1.35579633713,-0.270515829325,-0.505795896053,0.422597527504,-0.701714396477
0.795771539211,-0.306041002274,1.35509264469,-0.269616276026,-0.505166232586,0.423083722591,-0.702221035957
0.795843482018,-0.306022018194,1.35521113873,-0.269318342209,-0.505255043507,0.423507601023,-0.702015936375
0.796033382416,-0.306079655886,1.35537683964,-0.26930719614,-0.50563365221,0.42418307066,-0.701339423656
0.796205818653,-0.306070774794,1.35541474819,-0.268884092569,-0.50607419014,0.425528824329,-0.700368046761
0.796297729015,-0.306004315615,1.35549223423,-0.268537253141,-0.506164491177,0.425409138203,-0.700508654118
0.796383619308,-0.305869162083,1.35545897484,-0.268108487129,-0.506263971329,0.425780981779,-0.700375139713
0.796690225601,-0.305886507034,1.35528850555,-0.26728028059,-0.506662607193,0.425922840834,-0.700317084789
0.796692192554,-0.306131899357,1.3562079668,-0.267855167389,-0.507494926453,0.426063090563,-0.699409008026
0.796784341335,-0.305881381035,1.35552608967,-0.266831964254,-0.507273495197,0.426302164793,-0.699814975262
0.797365486622,-0.306417763233,1.35625743866,-0.267256140709,-0.508696615696,0.426341354847,-0.698594987392
0.797421336174,-0.306367993355,1.35636794567,-0.266881287098,-0.508975148201,0.426437705755,-0.698476672173
0.797610878944,-0.306091010571,1.35557723045,-0.265993952751,-0.50878494978,0.426592379808,-0.698859095573
0.797736287117,-0.306081414223,1.35559761524,-0.265848100185,-0.509353458881,0.427893966436,-0.697703838348
0.798730671406,-0.305826485157,1.35701930523,-0.264495939016,-0.511420965195,0.428401768208,-0.696392476559
0.798834383488,-0.305778324604,1.35698187351,-0.264075815678,-0.511695981026,0.427992731333,-0.696601331234
0.797909975052,-0.305979907513,1.35546171665,-0.264882147312,-0.510525941849,0.428388535976,-0.696910321712
0.797869503498,-0.30569177866,1.3553776741,-0.264251887798,-0.510604798794,0.428745508194,-0.696872353554
0.797965049744,-0.305643677711,1.35544145107,-0.263954818249,-0.511075615883,0.428316146135,-0.696903824806
0.798039495945,-0.305627942085,1.35542476177,-0.263757109642,-0.511496663094,0.428501695395,-0.696555614471
0.79804712534,-0.305601596832,1.35541367531,-0.263376921415,-0.511975347996,0.428704112768,-0.696223258972
0.798069477081,-0.305584907532,1.3553583622,-0.263480365276,-0.512280642986,0.428902685642,-0.695837080479
0.798130214214,-0.30566740036,1.3552312851,-0.263482779264,-0.512692213058,0.42921602726,-0.695339679718
0.798120379448,-0.305580437183,1.35526096821,-0.263484835625,-0.513024926186,0.429647684097,-0.694826602936
0.798240542412,-0.305505096912,1.35515773296,-0.264399468899,-0.513173758984,0.430871248245,-0.693610548973
0.798206627369,-0.30553227663,1.35503423214,-0.264244377613,-0.513649225235,0.431334525347,-0.693029642105
0.798286557198,-0.305537939072,1.35497927666,-0.2627363801,-0.514666736126,0.431276679039,-0.692884147167
0.79835498333,-0.305418848991,1.35504889488,-0.262607902288,-0.514830648899,0.431408464909,-0.692728877068
0.798286676407,-0.305363833904,1.3550349474,-0.263069242239,-0.515107274055,0.432198286057,-0.691855370998
0.798089206219,-0.305393695831,1.35528337955,-0.263236582279,-0.515998721123,0.432932078838,-0.690667569637
0.79805791378,-0.305328965187,1.35539925098,-0.263057202101,-0.516373634338,0.433027893305,-0.690395653248
0.798079311848,-0.305247485638,1.35542786121,-0.263219177723,-0.5167927742,0.433876544237,-0.689486861229
0.798100233078,-0.305173426867,1.35534250736,-0.263293802738,-0.517220079899,0.43455311656,-0.6887114048
0.798047244549,-0.305028676987,1.35541665554,-0.263417720795,-0.517382442951,0.43549913168,-0.687944114208
0.798009455204,-0.304960370064,1.35545170307,-0.263050019741,-0.515742957592,0.438389331102,-0.687480032444
0.797925949097,-0.304882466793,1.35546207428,-0.263287335634,-0.516111373901,0.439025551081,-0.686706185341
0.797835767269,-0.304749310017,1.3554970026,-0.263449341059,-0.516381621361,0.439853996038,-0.685910284519
0.797739803791,-0.304640293121,1.35551607609,-0.2634781003,-0.516640424728,0.440504163504,-0.685286879539
0.797654271126,-0.304579854012,1.35549330711,-0.263438552618,-0.516941130161,0.441017180681,-0.684745132923
0.797491967678,-0.30441391468,1.35563993454,-0.264313906431,-0.519376516342,0.440445303917,-0.682930469513
0.797374546528,-0.304268360138,1.35570120811,-0.264491438866,-0.519488871098,0.440759301186,-0.682573854923
0.79722315073,-0.304136395454,1.35578250885,-0.264618217945,-0.519687235355,0.442280501127,-0.681388676167
0.797094881535,-0.304041802883,1.35582315922,-0.264611959457,-0.519773840904,0.442331135273,-0.681292116642
0.796935677528,-0.303858101368,1.35591304302,-0.264308065176,-0.517833888531,0.444990187883,-0.681155860424
0.796714782715,-0.30366563797,1.35601639748,-0.264317065477,-0.517875432968,0.445712834597,-0.680647909641
0.796524167061,-0.303506791592,1.35611259937,-0.264528632164,-0.517950236797,0.446486711502,-0.680001378059
0.796320796013,-0.303335785866,1.35620379448,-0.264703452587,-0.518008649349,0.447481125593,-0.679234802723
0.796017110348,-0.303148537874,1.3563503027,-0.265044540167,-0.517941832542,0.448390513659,-0.678552627563
0.795727610588,-0.302885830402,1.35643589497,-0.265292227268,-0.517656743526,0.449449628592,-0.677972376347
0.795369446278,-0.302729189396,1.35652554035,-0.265641987324,-0.51754796505,0.450499176979,-0.677221536636
0.795133769512,-0.302609801292,1.35663473606,-0.265882372856,-0.517547726631,0.451347470284,-0.676562190056
0.794868767262,-0.302368968725,1.35665738583,-0.266342163086,-0.51721316576,0.452473759651,-0.675884544849
0.794501900673,-0.30207836628,1.3567250967,-0.267401337624,-0.518790662289,0.452308684587,-0.674366116524
0.794300496578,-0.301729738712,1.35674118996,-0.26674425602,-0.516766607761,0.453781783581,-0.675190210342
0.793800115585,-0.301500558853,1.35702681541,-0.268237799406,-0.518084943295,0.454908311367,-0.672826230526
0.793664038181,-0.301245331764,1.35705220699,-0.268185436726,-0.517969489098,0.456087201834,-0.672137320042
0.792917788029,-0.301024615765,1.35735964775,-0.269130021334,-0.517318248749,0.457234740257,-0.671481430531
0.792607784271,-0.300992399454,1.35828232765,-0.270086079836,-0.517477631569,0.458401322365,-0.670178115368
0.792096853256,-0.300710439682,1.3584228754,-0.270501554012,-0.516962766647,0.45958891511,-0.669594347477
0.791710019112,-0.300418496132,1.35858106613,-0.271155774593,-0.516582608223,0.461023122072,-0.668636441231
0.791346669197,-0.300206124783,1.35872912407,-0.271558791399,-0.516413748264,0.461996138096,-0.667931318283
0.790663838387,-0.299528360367,1.35806941986,-0.271742969751,-0.515154182911,0.464361727238,-0.667188286781
0.790297031403,-0.29923593998,1.35822856426,-0.272062420845,-0.514364600182,0.464914739132,-0.667282164097
0.789977133274,-0.29907977581,1.35912406445,-0.273102134466,-0.514477491379,0.466381281614,-0.665745317936
0.789368927479,-0.298513710499,1.35850167274,-0.273144096136,-0.513307452202,0.467662453651,-0.665732443333
0.788685679436,-0.298567861319,1.35854911804,-0.274429708719,-0.512639462948,0.468814432621,-0.664907634258
0.788334310055,-0.298282086849,1.35849928856,-0.275144100189,-0.511991500854,0.47042581439,-0.663972914219
0.788073778152,-0.297586083412,1.3588912487,-0.274684995413,-0.51188147068,0.471722900867,-0.663327455521
0.787507712841,-0.297487914562,1.35889172554,-0.276072263718,-0.510771632195,0.473026633263,-0.66267812252
0.788259148598,-0.296903282404,1.3595739603,-0.274930655956,-0.511779308319,0.474664837122,-0.661202311516
0.787115037441,-0.29662758112,1.35931301117,-0.276836425066,-0.510541439056,0.476062357426,-0.660358846188
0.786754906178,-0.296259492636,1.35951399803,-0.276929050684,-0.509696900845,0.477205723524,-0.66014701128
0.786369502544,-0.296163409948,1.3604362011,-0.278217822313,-0.510100603104,0.478371858597,-0.658447027206
0.785907030106,-0.29545840621,1.36057662964,-0.279178023338,-0.508913099766,0.480333030224,-0.657531142235
0.785637676716,-0.295352518559,1.36075234413,-0.279217481613,-0.508839130402,0.481130570173,-0.656988441944
0.785099685192,-0.294412136078,1.36018657684,-0.27952080965,-0.507373511791,0.482777565718,-0.656784772873
0.784604012966,-0.294002234936,1.36046969891,-0.279964834452,-0.506737053394,0.483675569296,-0.656426072121
0.784379482269,-0.293756902218,1.36137318611,-0.280935078859,-0.506680846214,0.484925925732,-0.655131220818
0.784052371979,-0.293428063393,1.3615745306,-0.282144844532,-0.505976259708,0.486279755831,-0.65415173769
0.783613681793,-0.293027758598,1.36169886589,-0.282481282949,-0.505355656147,0.487181961536,-0.653814911842
0.783100962639,-0.292585909367,1.36190390587,-0.28276437521,-0.504676043987,0.488318413496,-0.653369486332
0.78255790472,-0.291932046413,1.36136627197,-0.281763464212,-0.503898084164,0.488999962807,-0.653892338276
0.782238543034,-0.292013823986,1.36260521412,-0.282782137394,-0.504232466221,0.489492744207,-0.652825295925
0.782352924347,-0.291083872318,1.36235022545,-0.281372249126,-0.503932118416,0.490849763155,-0.652647435665
0.782097160816,-0.290465950966,1.36234533787,-0.283832132816,-0.502770543098,0.494153529406,-0.649979650974
0.781071841717,-0.290710091591,1.36298334599,-0.285759419203,-0.501973986626,0.493461668491,-0.650276422501
0.780731618404,-0.290159404278,1.36311590672,-0.28728339076,-0.501228034496,0.495568245649,-0.64857596159
0.780281960964,-0.289650559425,1.36333203316,-0.28761446476,-0.500475764275,0.496249943972,-0.648488998413
0.779607236385,-0.288856863976,1.36266446114,-0.287671387196,-0.499081939459,0.497643828392,-0.648469805717
0.77924489975,-0.28867071867,1.36262321472,-0.288842767477,-0.498558968306,0.498731940985,-0.64751470089
0.778409361839,-0.288415312767,1.36258864403,-0.290185004473,-0.497606039047,0.499572575092,-0.646999299526
0.779024243355,-0.287856578827,1.36267650127,-0.289265245199,-0.498617053032,0.501351475716,-0.645254433155
0.778675734997,-0.2874173522,1.36278545856,-0.289738059044,-0.497652292252,0.501867830753,-0.645385801792
0.777478635311,-0.287120103836,1.36308765411,-0.291864395142,-0.496551960707,0.50283485651,-0.64452201128
0.777114093304,-0.286379396915,1.36260426044,-0.294120103121,-0.494889169931,0.505318820477,-0.642830491066
0.77675139904,-0.286113619804,1.36385774612,-0.293887317181,-0.496626645327,0.505787193775,-0.641226708889
0.776356875896,-0.285734623671,1.36316478252,-0.294856458902,-0.495836108923,0.507274031639,-0.640218257904
0.775959074497,-0.28518563509,1.36303806305,-0.295498251915,-0.495127469301,0.507999479771,-0.639895498753
0.775695443153,-0.284738630056,1.36283063889,-0.298019886017,-0.494256466627,0.510510385036,-0.637396335602
0.775169670582,-0.284216165543,1.36304187775,-0.29774877429,-0.494568258524,0.510820329189,-0.637032628059
0.775084137917,-0.28397500515,1.36397469044,-0.298807263374,-0.495312780142,0.511731445789,-0.635224759579
0.774606645107,-0.283360332251,1.36390638351,-0.299136787653,-0.494635134935,0.512354493141,-0.6350954175
0.774414420128,-0.283170759678,1.36321020126,-0.300374895334,-0.494245409966,0.513673782349,-0.633747220039
0.774400234222,-0.282977849245,1.36403381824,-0.301620483398,-0.495115846395,0.515671491623,-0.630847454071
0.774005889893,-0.282589107752,1.36427819729,-0.300894111395,-0.495978742838,0.515057444572,-0.631018042564
0.773812234402,-0.282129406929,1.36426973343,-0.301704287529,-0.495990216732,0.516025185585,-0.629830300808
0.771950781345,-0.280982285738,1.36275351048,-0.304984033108,-0.492177784443,0.517996609211,-0.629623293877
0.7718308568,-0.280249595642,1.36264944077,-0.306598693132,-0.49151301384,0.519867002964,-0.627814233303
0.771749913692,-0.280326992273,1.36282515526,-0.306251525879,-0.492195814848,0.518970310688,-0.628190338612
0.773044168949,-0.279869198799,1.36434984207,-0.303790450096,-0.495996624231,0.519701302052,-0.62578690052
0.772704422474,-0.278874993324,1.36317968369,-0.305144965649,-0.493639886379,0.521245539188,-0.625707089901
0.772794961929,-0.278830736876,1.36324059963,-0.305814653635,-0.494250118732,0.521770298481,-0.624459981918
0.772742152214,-0.278214156628,1.36329686642,-0.307000994682,-0.494484484196,0.523621797562,-0.622138142586
0.772766411304,-0.277834892273,1.36311769485,-0.307788580656,-0.494444131851,0.525083363056,-0.620547175407
0.773610949516,-0.277385681868,1.36357533932,-0.307074666023,-0.495982348919,0.525686919689,-0.619160711765
0.772976756096,-0.277116656303,1.36365163326,-0.307165116072,-0.495929628611,0.52539741993,-0.619403958321
0.773239791393,-0.276549607515,1.36320483685,-0.309144973755,-0.494874209166,0.52743691206,-0.617526769638
0.773440241814,-0.276246368885,1.36311769485,-0.309320747852,-0.495356202126,0.528028428555,-0.616545915604
0.773558914661,-0.275822550058,1.36322438717,-0.309461861849,-0.495689064264,0.528497815132,-0.615805149078
0.773842096329,-0.275314629078,1.36324906349,-0.309808909893,-0.495863556862,0.529241025448,-0.61485093832
0.774138391018,-0.274542599916,1.3628911972,-0.311587750912,-0.494808614254,0.531212568283,-0.613099336624
0.774994373322,-0.274517089128,1.36333847046,-0.30796572566,-0.497929424047,0.529742538929,-0.613674521446
0.775272667408,-0.274201512337,1.36331558228,-0.308156967163,-0.498234808445,0.530225753784,-0.612912833691
0.774925410748,-0.2738301754,1.36351943016,-0.309542477131,-0.497949570417,0.529475271702,-0.613095283508
0.775372385979,-0.273333251476,1.36324393749,-0.311157017946,-0.49727204442,0.532097995281,-0.610551893711
0.776093184948,-0.272975385189,1.363027215,-0.31096431613,-0.497900605202,0.531574785709,-0.610593795776
0.776393353939,-0.272566586733,1.36307632923,-0.311528503895,-0.498000532389,0.532185614109,-0.609691679478
0.776743352413,-0.272298395634,1.36307907104,-0.311473339796,-0.498584985733,0.532133817673,-0.609287321568
0.777113378048,-0.271780103445,1.36328184605,-0.311468243599,-0.498989790678,0.532463252544,-0.608670413494
0.777706623077,-0.271410733461,1.36337041855,-0.311235755682,-0.499666690826,0.533752560616,-0.607102751732
0.778177201748,-0.27102509141,1.36328125,-0.31114718318,-0.500125527382,0.532963514328,-0.607463300228
0.778635144234,-0.270765811205,1.36322128773,-0.311238765717,-0.500560104847,0.534111857414,-0.606048285961
0.77923476696,-0.27029761672,1.36329507828,-0.310983121395,-0.501030385494,0.534376263618,-0.605557799339
0.779486894608,-0.269938379526,1.36356782913,-0.309818327427,-0.502396047115,0.533294320107,-0.605976939201
0.779931485653,-0.269572556019,1.36354649067,-0.309894770384,-0.502696871758,0.532317876816,-0.606546640396
0.780871272087,-0.26929038763,1.36332309246,-0.310465425253,-0.502931833267,0.533197879791,-0.605285942554
0.781406760216,-0.268835842609,1.36333954334,-0.310442626476,-0.503246724606,0.533352553844,-0.604899406433
0.782261312008,-0.268437922001,1.36336183548,-0.309712857008,-0.504158139229,0.533318936825,-0.604544222355
0.782472848892,-0.268124610186,1.36336898804,-0.309971630573,-0.504306912422,0.533211171627,-0.60438233614
0.783010721207,-0.267791390419,1.3633518219,-0.309852778912,-0.504862189293,0.53300601244,-0.604160606861
0.783666908741,-0.26744055748,1.36336410046,-0.309411853552,-0.505542159081,0.532946586609,-0.60387045145
0.784196853638,-0.266727358103,1.36293780804,-0.310653209686,-0.504859447479,0.534894704819,-0.602079093456
0.784317135811,-0.266492486,1.36278796196,-0.311032831669,-0.504832863808,0.533389687538,-0.603239417076
0.785425961018,-0.26605618,1.36292660236,-0.309946209192,-0.505890071392,0.533525109291,-0.602793157101
0.785858213902,-0.265611231327,1.36287772655,-0.309881031513,-0.506178319454,0.533357858658,-0.602732896805
0.786418437958,-0.265266746283,1.36291456223,-0.309364229441,-0.506871283054,0.53287935257,-0.602839112282
0.786930084229,-0.264916807413,1.36289227009,-0.309151768684,-0.507374644279,0.532191336155,-0.603132307529
0.786266207695,-0.264565825462,1.36261546612,-0.311315506697,-0.505859851837,0.532975494862,-0.602599143982
0.788328230381,-0.26426962018,1.36267662048,-0.307703644037,-0.50828397274,0.531307756901,-0.603885769844
0.789028823376,-0.264210999012,1.36367595196,-0.307963162661,-0.509843528271,0.53059232235,-0.603067278862
0.788692057133,-0.263948500156,1.36301147938,-0.30683478713,-0.510057926178,0.528708159924,-0.605112552643
0.789610862732,-0.26359179616,1.36350047588,-0.30442994833,-0.511865913868,0.527137517929,-0.606169760227
0.790156126022,-0.263282299042,1.36339843273,-0.304071724415,-0.512210845947,0.526601433754,-0.606524050236
0.790684819221,-0.262909591198,1.36340391636,-0.303812295198,-0.512480378151,0.525935828686,-0.607003808022
0.791344225407,-0.262727737427,1.36345720291,-0.30316567421,-0.513149797916,0.524845182896,-0.607705056667
0.791858971119,-0.262274295092,1.36335813999,-0.302732586861,-0.513201415539,0.524456620216,-0.608212590218
0.792167186737,-0.262223958969,1.36326289177,-0.303062260151,-0.513205707073,0.523385882378,-0.608966708183
0.791998744011,-0.261765837669,1.36270439625,-0.304860800505,-0.511563062668,0.52353066206,-0.609326422215
0.793925225735,-0.261139333248,1.36270201206,-0.303717583418,-0.512076199055,0.524063467979,-0.609008312225
0.794162154198,-0.260859727859,1.36254858971,-0.303755551577,-0.511765897274,0.523203134537,-0.609989285469
0.794783830643,-0.260625690222,1.36254119873,-0.303343832493,-0.512419939041,0.522665798664,-0.610105633736
0.795259535313,-0.260025173426,1.36270523071,-0.30278891325,-0.512238800526,0.522219240665,-0.610915362835
0.796069920063,-0.259826928377,1.3631503582,-0.29995444417,-0.513942122459,0.520061433315,-0.612720966339
0.796788334846,-0.259281277657,1.36287200451,-0.301101863384,-0.513104498386,0.521416425705,-0.611707806587
0.796931087971,-0.259009689093,1.36275172234,-0.300928503275,-0.512494504452,0.520346224308,-0.613213896751
0.798180580139,-0.259007185698,1.36274838448,-0.299618035555,-0.513835966587,0.519984602928,-0.613039910793
0.798559486866,-0.258496105671,1.36286997795,-0.299024879932,-0.513463616371,0.51913779974,-0.614357531071
0.798653662205,-0.258213341236,1.36278140545,-0.299204021692,-0.512875854969,0.518680691719,-0.615146934986
0.799419343472,-0.257788866758,1.36323094368,-0.296834647655,-0.514009833336,0.5173407197,-0.616475224495
0.798993885517,-0.257676064968,1.36260795593,-0.300042450428,-0.511689662933,0.518473982811,-0.615900218487
0.800207436085,-0.257389575243,1.36300325394,-0.29681968689,-0.513321280479,0.51681137085,-0.617499351501
0.801156163216,-0.257117390633,1.36322176456,-0.295008271933,-0.514210760593,0.516277730465,-0.61807346344
0.801386475563,-0.256809383631,1.36289203167,-0.296773135662,-0.512633621693,0.517018973827,-0.617919027805
0.802061200142,-0.256488472223,1.36328613758,-0.294493257999,-0.513640463352,0.515810668468,-0.619182288647
0.802278220654,-0.256407171488,1.36339259148,-0.295178502798,-0.513438284397,0.516029655933,-0.618840992451
0.801914572716,-0.256438732147,1.36338961124,-0.29567694664,-0.512609899044,0.514655888081,-0.62043172121
0.803034186363,-0.255872786045,1.36355805397,-0.294178247452,-0.513337671757,0.515762865543,-0.619622826576
0.80375701189,-0.255582928658,1.36375308037,-0.293180555105,-0.513717353344,0.515365719795,-0.620111107826
0.805036246777,-0.255172669888,1.36405837536,-0.291989982128,-0.514155328274,0.514741957188,-0.620827615261
0.80532169342,-0.254993796349,1.36420929432,-0.291164517403,-0.514586210251,0.514398336411,-0.621143102646
0.804944515228,-0.25474023819,1.36400926113,-0.291937917471,-0.513271391392,0.514163970947,-0.622061312199
0.805379509926,-0.254722774029,1.3638715744,-0.292203933001,-0.513034582138,0.514023423195,-0.622247993946
0.805260717869,-0.254524767399,1.36379373074,-0.292592793703,-0.512362003326,0.513665139675,-0.622914910316
0.805897474289,-0.254186928272,1.36385691166,-0.290548980236,-0.513063848019,0.512932479382,-0.623896658421
0.805707931519,-0.253891468048,1.36375331879,-0.291075229645,-0.512048304081,0.512615799904,-0.624745488167
0.805922329426,-0.253693312407,1.36379802227,-0.290589928627,-0.511995017529,0.512167751789,-0.625382363796
0.806379318237,-0.25345030427,1.36352169514,-0.292176932096,-0.510974407196,0.513198077679,-0.624632358551
0.806671619415,-0.253267794847,1.36356174946,-0.291480511427,-0.511144936085,0.512563347816,-0.625339031219
0.807385742664,-0.253321111202,1.36479818821,-0.289451181889,-0.513080894947,0.510803699493,-0.626135528088
0.807537436485,-0.252965271473,1.36388528347,-0.288508594036,-0.512410223484,0.510614156723,-0.627273321152
0.806454956532,-0.252688646317,1.36359238625,-0.290217280388,-0.510366022587,0.510368347168,-0.62835085392
0.806669592857,-0.252528905869,1.36359417439,-0.290020376444,-0.510207891464,0.509944617748,-0.628913879395
0.807705938816,-0.252397328615,1.36374890804,-0.288708776236,-0.511312961578,0.51028418541,-0.628344237804
0.808390259743,-0.252217084169,1.36384725571,-0.287586957216,-0.511737883091,0.509377837181,-0.629247486591
0.808667600155,-0.252079069614,1.3639857769,-0.288205355406,-0.511471152306,0.509409785271,-0.62915545702
0.808826506138,-0.251981884241,1.36408293247,-0.287132918835,-0.511636912823,0.508097112179,-0.630570888519
0.808953464031,-0.251879453659,1.36413657665,-0.286878973246,-0.511952638626,0.507883310318,-0.63060259819
0.809165894985,-0.251761078835,1.3640857935,-0.287066191435,-0.511667132378,0.507875144482,-0.630755662918
0.809259772301,-0.251632630825,1.36414563656,-0.286624610424,-0.511620104313,0.50793671608,-0.63094496727
0.809487223625,-0.251520931721,1.36412537098,-0.286851704121,-0.51137816906,0.507264852524,-0.631578028202
0.8096165061,-0.251414239407,1.36412978172,-0.286764144897,-0.511257052422,0.507107377052,-0.631842315197
0.80983954668,-0.251290678978,1.36412799358,-0.286600410938,-0.511242866516,0.50704240799,-0.63198018074
0.809541702271,-0.251228153706,1.36394202709,-0.287060052156,-0.51065325737,0.506772994995,-0.632464408875
0.809667766094,-0.251132905483,1.36392617226,-0.286879181862,-0.51044523716,0.506050407887,-0.633292198181
0.810492098331,-0.251251637936,1.36406743526,-0.28652510047,-0.511465251446,0.506402075291,-0.632347762585
0.810431182384,-0.250834107399,1.36407542229,-0.286336630583,-0.510771214962,0.506036400795,-0.633286178112
0.810508847237,-0.250740706921,1.36404585838,-0.286373883486,-0.510673999786,0.505981266499,-0.633391737938
0.810202777386,-0.250720351934,1.36388015747,-0.287142068148,-0.510260522366,0.50625026226,-0.633162200451
0.810466885567,-0.250656187534,1.36359500885,-0.28833886981,-0.509417712688,0.506734013557,-0.632910013199
0.810540497303,-0.250600278378,1.36356174946,-0.28857499361,-0.509620845318,0.507003307343,-0.632422983646
0.810440003872,-0.250528633595,1.36378896236,-0.287378817797,-0.510149598122,0.506106376648,-0.633259236813
0.810518443584,-0.250480592251,1.36376941204,-0.287441939116,-0.510155260563,0.506155848503,-0.633186399937
0.81059885025,-0.250441372395,1.36375761032,-0.287579387426,-0.510146260262,0.506251573563,-0.633054733276
0.810671627522,-0.250424385071,1.36373817921,-0.287586182356,-0.510117352009,0.506376504898,-0.632975101471
0.810760200024,-0.250389367342,1.36371672153,-0.287742078304,-0.510114789009,0.506557226181,-0.632761657238
0.810813963413,-0.250339448452,1.3636752367,-0.287928402424,-0.51003497839,0.506789982319,-0.632554709911
0.810808718204,-0.250311106443,1.36372923851,-0.287590205669,-0.510264694691,0.506633102894,-0.632649123669
0.81087654829,-0.250283479691,1.36374604702,-0.287773996592,-0.51031267643,0.506869733334,-0.632337272167
0.810902059078,-0.250235438347,1.36373841763,-0.287918239832,-0.510309755802,0.50711119175,-0.632080197334
0.810949742794,-0.250202476978,1.36375260353,-0.287984281778,-0.510330140591,0.507389485836,-0.631810247898
0.810998558998,-0.250235646963,1.36375510693,-0.288076549768,-0.510474920273,0.507619321346,-0.631466567516
0.811037778854,-0.250200778246,1.36378419399,-0.288247287273,-0.510491251945,0.507937967777,-0.631119072437
0.811428666115,-0.250146389008,1.36391413212,-0.28769031167,-0.510838866234,0.508016049862,-0.631029009819
0.811517298222,-0.25012922287,1.36387383938,-0.287864238024,-0.511179625988,0.508762419224,-0.630071878433
0.811535477638,-0.250123113394,1.36385071278,-0.287966519594,-0.511118888855,0.509228110313,-0.629697918892
0.811717152596,-0.250178575516,1.36378014088,-0.288930028677,-0.510685145855,0.509916901588,-0.629050731659
0.811372518539,-0.250213027,1.36356854439,-0.29018175602,-0.510100781918,0.510916888714,-0.628136813641
0.811314463615,-0.250555455685,1.36394810677,-0.288823515177,-0.51136893034,0.509811878204,-0.62862932682
0.811479330063,-0.250663042068,1.36399054527,-0.289812654257,-0.511161744595,0.510749876499,-0.627580285072
0.811439394951,-0.250726521015,1.36402928829,-0.289605498314,-0.511370658875,0.510812282562,-0.6274548769
0.811290025711,-0.250613510609,1.36394381523,-0.289312452078,-0.511351764202,0.511667370796,-0.626908421516
0.811653852463,-0.250605493784,1.36407244205,-0.288926243782,-0.511854350567,0.512134194374,-0.626295030117
0.811625659466,-0.250632405281,1.36407697201,-0.289097964764,-0.511919379234,0.512605249882,-0.625777006149
0.811142385006,-0.250712573528,1.36390340328,-0.289972960949,-0.51129835844,0.512996912003,-0.625558912754
0.811111629009,-0.250739127398,1.36390280724,-0.289989620447,-0.511159718037,0.512360394001,-0.626185655594
0.811100363731,-0.250759243965,1.36392772198,-0.290160566568,-0.511135697365,0.512753844261,-0.625804007053
0.811106085777,-0.250779539347,1.36398112774,-0.290475845337,-0.511371552944,0.513721525669,-0.624670445919
0.811422586441,-0.25078997016,1.36407339573,-0.289977908134,-0.511687755585,0.513854026794,-0.624533772469
0.811299324036,-0.250799119473,1.36415207386,-0.289610564709,-0.512141346931,0.514205396175,-0.624043107033
0.811255514622,-0.250871181488,1.3642462492,-0.289874196053,-0.512143313885,0.514648556709,-0.623553693295
0.810116589069,-0.251058191061,1.36395633221,-0.292029559612,-0.510437011719,0.514673709869,-0.62392604351
0.810882568359,-0.25113722682,1.36404573917,-0.291174679995,-0.511682629585,0.515599131584,-0.622539818287
0.811287224293,-0.251151651144,1.36408281326,-0.290694773197,-0.512292146683,0.516173839569,-0.621786117554
0.811286747456,-0.251302838326,1.36404550076,-0.290676772594,-0.512340009212,0.516053915024,-0.621854603291
0.811184704304,-0.251319169998,1.36407208443,-0.29108273983,-0.51221626997,0.516511797905,-0.62138646841
0.811147212982,-0.251387745142,1.36404407024,-0.291305601597,-0.512242615223,0.516871035099,-0.620961308479
0.810717225075,-0.251418948174,1.3639190197,-0.292249679565,-0.51184207201,0.517717957497,-0.620141983032
0.809872925282,-0.251447737217,1.36370074749,-0.293614298105,-0.510752439499,0.518019974232,-0.620143532753
0.809721231461,-0.251511067152,1.3637098074,-0.29401949048,-0.51070868969,0.518452882767,-0.61962556839
0.809580862522,-0.251337945461,1.36380898952,-0.294133782387,-0.510552704334,0.518920600414,-0.619308292866
0.809557437897,-0.25140953064,1.36375927925,-0.294411361217,-0.510599911213,0.519423186779,-0.618716061115
0.810869455338,-0.251479536295,1.3639652729,-0.292525738478,-0.512465298176,0.519835472107,-0.617721021175
0.809625864029,-0.251560211182,1.36368393898,-0.29451456666,-0.510890185833,0.520055294037,-0.617895483971
0.810882985592,-0.251665830612,1.36391317844,-0.292771011591,-0.512732028961,0.520335555077,-0.616961836815
0.810892105103,-0.25176268816,1.36389327049,-0.292991667986,-0.51301574707,0.520649075508,-0.616356492043
0.811027169228,-0.251711815596,1.36354875565,-0.294419437647,-0.512300372124,0.522006332874,-0.615122020245
0.811053514481,-0.251825511456,1.36353337765,-0.294537723064,-0.512515068054,0.522269546986,-0.614662826061
0.810876429081,-0.251782745123,1.36347424984,-0.293801337481,-0.512806594372,0.52194994688,-0.615043520927
0.809602022171,-0.251889824867,1.36319816113,-0.295791327953,-0.511253893375,0.521931171417,-0.615398108959
0.810420572758,-0.251980543137,1.36327970028,-0.294723689556,-0.512476742268,0.522158265114,-0.614700317383
0.810831725597,-0.25205206871,1.36333858967,-0.294165074825,-0.513138055801,0.522294282913,-0.614300429821
0.810967862606,-0.252017825842,1.36295425892,-0.295388221741,-0.512133061886,0.52321010828,-0.613772690296
0.810974240303,-0.252165347338,1.36291027069,-0.295349627733,-0.512377679348,0.523094594479,-0.613685429096
0.810452282429,-0.252447009087,1.36304748058,-0.294640779495,-0.512827336788,0.52199524641,-0.61458581686
0.81049311161,-0.252649992704,1.36297118664,-0.294680058956,-0.513226926327,0.522405683994,-0.6138843894
0.810881912708,-0.252726554871,1.36302638054,-0.293956786394,-0.513683438301,0.522069454193,-0.614135444164
0.810881972313,-0.252835631371,1.36299943924,-0.293974876404,-0.513764262199,0.522085547447,-0.614045381546
0.810906529427,-0.252953499556,1.36296188831,-0.294070124626,-0.513921141624,0.523164391518,-0.612949311733
0.810862243176,-0.252845585346,1.36289179325,-0.294131308794,-0.51367098093,0.522818505764,-0.613424658775
0.810875892639,-0.252962350845,1.36286461353,-0.294125199318,-0.513741016388,0.522812068462,-0.613374531269
0.810894966125,-0.253072619438,1.3628360033,-0.294078677893,-0.513761818409,0.523419320583,-0.612861275673
0.810945153236,-0.25322419405,1.36275827885,-0.293956965208,-0.51385384798,0.523325622082,-0.612922489643
0.810961782932,-0.253357708454,1.36272907257,-0.293846905231,-0.513900101185,0.522612154484,-0.613544940948
0.81161904335,-0.253389060497,1.36308050156,-0.292881518602,-0.514776706696,0.523197233677,-0.612772643566
0.811038374901,-0.253642439842,1.36239433289,-0.295123457909,-0.513120472431,0.52331328392,-0.612986624241
0.811045467854,-0.253796577454,1.36238467693,-0.295020878315,-0.513199806213,0.52311527729,-0.61313867569
0.811202228069,-0.254485189915,1.36252772808,-0.294311285019,-0.514266371727,0.521928369999,-0.613597512245
0.811204910278,-0.25463616848,1.36249756813,-0.294232666492,-0.514301419258,0.521771073341,-0.613739430904
0.811194062233,-0.254772931337,1.36246442795,-0.294071793556,-0.514161109924,0.521224141121,-0.61439871788
0.811180710793,-0.254921555519,1.36244261265,-0.294017314911,-0.514341592789,0.521419525146,-0.614107608795
0.811180531979,-0.255093634129,1.36240780354,-0.293923616409,-0.514276862144,0.520815372467,-0.61471927166
0.811146616936,-0.255242198706,1.36240518093,-0.293794751167,-0.514363586903,0.521023333073,-0.614531993866
0.81105953455,-0.255201518536,1.36249017715,-0.293457061052,-0.514269173145,0.520963549614,-0.614822924137
0.811101198196,-0.255019783974,1.36212599277,-0.294780790806,-0.513027846813,0.522206842899,-0.614171862602
0.809894323349,-0.255453705788,1.36173951626,-0.296730309725,-0.511562466621,0.521731734276,-0.614858567715
0.811315834522,-0.255822658539,1.36278748512,-0.295113146305,-0.513835608959,0.52109092474,-0.61428463459
0.811118304729,-0.256048381329,1.3629963398,-0.293610781431,-0.514692604542,0.519780337811,-0.61539632082
0.81112998724,-0.256265461445,1.36298978329,-0.293639868498,-0.515007197857,0.520005941391,-0.614928603172
0.810786485672,-0.256406039,1.36257982254,-0.291789680719,-0.515254557133,0.518396377563,-0.616957902908
0.810800850391,-0.256697595119,1.36245715618,-0.291576653719,-0.515459179878,0.518064677715,-0.617166042328
0.810730278492,-0.256683588028,1.36253213882,-0.291835457087,-0.515356838703,0.519111573696,-0.616248726845
0.810703635216,-0.256865173578,1.36249673367,-0.291583359241,-0.515328288078,0.517923355103,-0.617390632629
0.810827076435,-0.257058918476,1.36211645603,-0.292849689722,-0.514640629292,0.518718481064,-0.616697251797
0.810238480568,-0.257115781307,1.36192476749,-0.293709993362,-0.513880670071,0.519613921642,-0.616167604923
0.810225605965,-0.257861316204,1.36214959621,-0.292154848576,-0.515442430973,0.517786383629,-0.617140293121
0.810226202011,-0.258077025414,1.3621134758,-0.291992038488,-0.515365660191,0.516660988331,-0.618223547935
0.81010133028,-0.258039414883,1.36220216751,-0.291971415281,-0.515319108963,0.517609000206,-0.61747866869
0.810040652752,-0.258190572262,1.3621673584,-0.291876524687,-0.515349805355,0.516764581203,-0.618204712868
0.810107529163,-0.258233487606,1.36184287071,-0.292952597141,-0.514331042767,0.517339587212,-0.618063271046
0.810047447681,-0.258410155773,1.36179804802,-0.29291331768,-0.51450663805,0.517494440079,-0.617806017399
0.809931814671,-0.258389234543,1.36167812347,-0.292878121138,-0.514192461967,0.517537891865,-0.618047893047
0.810209035873,-0.2584220469,1.36167323589,-0.292188465595,-0.514539599419,0.51748675108,-0.618128359318
0.810751378536,-0.258520364761,1.36150681973,-0.291061609983,-0.515198469162,0.517455875874,-0.618136763573
0.810749948025,-0.258914768696,1.36130547523,-0.291165620089,-0.51530790329,0.517222583294,-0.618191957474
0.810000360012,-0.259173721075,1.36139416695,-0.29247045517,-0.514498770237,0.517066776752,-0.618380129337
0.808636128902,-0.259181499481,1.36122488976,-0.294241577387,-0.51270455122,0.516931056976,-0.619143366814
0.809915602207,-0.259592354298,1.36128509045,-0.292560398579,-0.514554202557,0.516802787781,-0.61851221323
0.809762120247,-0.260147571564,1.36157393456,-0.291027009487,-0.51586663723,0.51511657238,-0.619548261166
0.808336794376,-0.260099083185,1.36142146587,-0.292759358883,-0.514006137848,0.515021204948,-0.620357215405
0.808296561241,-0.260267287493,1.36134493351,-0.29270234704,-0.513927340508,0.515018165112,-0.620451688766
0.80823469162,-0.26067006588,1.36111974716,-0.29341173172,-0.51381701231,0.514994084835,-0.620228111744
0.808902204037,-0.260855764151,1.36113977432,-0.292214602232,-0.514925003052,0.514904260635,-0.619948744774
0.808818221092,-0.261123389006,1.36104917526,-0.292077541351,-0.515062868595,0.514571845531,-0.620174884796
0.808757126331,-0.260858178139,1.36061286926,-0.293727576733,-0.513617038727,0.516052007675,-0.619364380836
0.808805584908,-0.261138916016,1.36060774326,-0.29443448782,-0.51349401474,0.516234457493,-0.618978381157
0.808685183525,-0.261273115873,1.3605505228,-0.294458597898,-0.513458013535,0.516111552715,-0.619099259377
0.808610916138,-0.261477142572,1.36018514633,-0.294745624065,-0.513214290142,0.51620811224,-0.619084358215
0.808796942234,-0.261526852846,1.36023783684,-0.294346243143,-0.513512134552,0.516238510609,-0.619001865387
0.808681666851,-0.261704862118,1.36023330688,-0.294216126204,-0.513639748096,0.515982210636,-0.619171619415
0.808562457561,-0.261853128672,1.36020874977,-0.294187545776,-0.513691723347,0.515810906887,-0.619284927845
0.808369934559,-0.262027382851,1.36021256447,-0.29369404912,-0.513962805271,0.515399456024,-0.619636654854
0.808064043522,-0.2622217834,1.3603489399,-0.293091833591,-0.514278888702,0.515305042267,-0.619738101959
0.807694196701,-0.26242184639,1.35995590687,-0.294832408428,-0.513226270676,0.515365660191,-0.619734525681
0.807694196701,-0.26242184639,1.35995590687,-0.294832408428,-0.513226270676,0.515365660191,-0.619734525681
0.806722939014,-0.262818396091,1.35980081558,-0.297068804502,-0.511903464794,0.515598893166,-0.619566619396
0.80657941103,-0.263098657131,1.3597868681,-0.29670971632,-0.512260437012,0.515078365803,-0.619876623154
0.806221723557,-0.26315844059,1.35999000072,-0.296313226223,-0.512462615967,0.514489412308,-0.620387971401
0.806082248688,-0.263305842876,1.35999262333,-0.296176195145,-0.512353420258,0.513963222504,-0.620979607105
0.805950582027,-0.263482749462,1.35996210575,-0.296408027411,-0.512532353401,0.514980196953,-0.619877636433
0.806601464748,-0.263656139374,1.36001944542,-0.295094490051,-0.513542234898,0.514991343021,-0.619659245014
0.80545270443,-0.26372012496,1.35991847515,-0.295024961233,-0.512816369534,0.514085710049,-0.621043920517
0.806129515171,-0.263879060745,1.35985994339,-0.294232904911,-0.513663589954,0.513767242432,-0.620983064175
0.805992186069,-0.264029443264,1.35985934734,-0.294209271669,-0.513760745525,0.513700723648,-0.620969057083
0.805765867233,-0.264196544886,1.35984683037,-0.294464707375,-0.513616323471,0.514330267906,-0.620445966721
0.806017279625,-0.264328122139,1.35991203785,-0.293789714575,-0.514214932919,0.513680815697,-0.620808184147
0.805850088596,-0.26484939456,1.36022698879,-0.29242515564,-0.515483438969,0.512241780758,-0.621589064598
0.805872797966,-0.265136778355,1.36028397083,-0.293054014444,-0.515556335449,0.512468576431,-0.62104511261
0.805798888206,-0.264914631844,1.35988521576,-0.294539600611,-0.51410728693,0.513607680798,-0.620602548122
0.80564057827,-0.265211671591,1.35997319221,-0.294011026621,-0.514626443386,0.513004183769,-0.620922029018
0.805448353291,-0.265361130238,1.35992240906,-0.294182777405,-0.514559090137,0.513018548489,-0.620884358883
0.805322647095,-0.265512794256,1.35989046097,-0.294222503901,-0.514636397362,0.513162910938,-0.620682179928
0.804670453072,-0.265575945377,1.35968756676,-0.295196741819,-0.51399075985,0.513722717762,-0.620291531086
0.804628789425,-0.265991419554,1.35960936546,-0.295394569635,-0.514227926731,0.514288663864,-0.619531095028
0.804508626461,-0.266259253025,1.35968136787,-0.295177966356,-0.514591515064,0.514053463936,-0.619527757168
0.804244160652,-0.2660985291,1.35969305038,-0.295105993748,-0.514280080795,0.51375246048,-0.620070040226
0.804097056389,-0.266223728657,1.35971033573,-0.29521381855,-0.514349162579,0.513679504395,-0.620021879673
0.80438041687,-0.266420960426,1.3598126173,-0.294429689646,-0.515056550503,0.513544917107,-0.619918882847
0.804212093353,-0.266594409943,1.3598035574,-0.294538915157,-0.515002191067,0.513010561466,-0.6203545928
0.804102778435,-0.266496181488,1.3594969511,-0.296198964119,-0.513740897179,0.514446437359,-0.619420230389
0.802675068378,-0.267015516758,1.35957586765,-0.296677708626,-0.513532280922,0.513378500938,-0.620249509811
0.80251967907,-0.267145872116,1.35951507092,-0.296658426523,-0.513339102268,0.513005852699,-0.620726943016
0.803152859211,-0.267329692841,1.35962665081,-0.295246422291,-0.514539003372,0.512891352177,-0.620501279831
0.803045630455,-0.26746404171,1.3596020937,-0.295285582542,-0.514565467834,0.512886762619,-0.62046444416
0.80293160677,-0.267596304417,1.35958528519,-0.295284152031,-0.514643728733,0.512897610664,-0.620391130447
0.802857339382,-0.267718553543,1.35954797268,-0.295530021191,-0.514544129372,0.513064861298,-0.620218396187
0.802744865417,-0.267850011587,1.35953748226,-0.295590519905,-0.514700591564,0.513391256332,-0.619789600372
0.802725672722,-0.267616868019,1.35909855366,-0.297090291977,-0.513426303864,0.5148832798,-0.618891179562
0.802749693394,-0.268109112978,1.35909450054,-0.296763300896,-0.514063417912,0.514320850372,-0.618986606598
0.801548182964,-0.268217206001,1.35927474499,-0.296789139509,-0.513583123684,0.513187587261,-0.620312154293
0.801340639591,-0.268138945103,1.35931539536,-0.296579509974,-0.513464093208,0.513129353523,-0.620559036732
0.801340639591,-0.268138945103,1.35931539536,-0.296579509974,-0.513464093208,0.513129353523,-0.620559036732
0.801085233688,-0.268176078796,1.35917544365,-0.296833127737,-0.512926161289,0.513008594513,-0.620982408524
0.802228033543,-0.268288016319,1.35941231251,-0.294972121716,-0.514631509781,0.513033330441,-0.620437681675
0.80198019743,-0.268369674683,1.35939013958,-0.2939658463,-0.514994859695,0.512295424938,-0.621222794056
0.801455676556,-0.268524289131,1.3592082262,-0.295166909695,-0.514447927475,0.512913942337,-0.620595812798
0.801780223846,-0.268706381321,1.35928881168,-0.294454544783,-0.515193760395,0.512765288353,-0.620438098907
0.800453126431,-0.26880428195,1.35902547836,-0.296386361122,-0.51347887516,0.512703180313,-0.620991230011
0.801160037518,-0.268944442272,1.35913360119,-0.295151948929,-0.514527320862,0.512771904469,-0.620654582977
0.801111340523,-0.269105374813,1.35912513733,-0.295226573944,-0.514690876007,0.512617886066,-0.620610773563
0.801201105118,-0.269537091255,1.35914003849,-0.295083254576,-0.514988780022,0.511981368065,-0.620956897736
0.800350189209,-0.269626736641,1.35899448395,-0.296348631382,-0.514074504375,0.512292325497,-0.620855569839
0.80046081543,-0.269843488932,1.3590502739,-0.297232300043,-0.513908565044,0.512805819511,-0.620146214962
0.801430881023,-0.2697712183,1.35929691792,-0.29520842433,-0.515368103981,0.512797951698,-0.619908094406
0.801522910595,-0.269855558872,1.35983276367,-0.296092838049,-0.515390694141,0.513271868229,-0.619074702263
0.801436543465,-0.269981354475,1.35986065865,-0.295838177204,-0.51553106308,0.513023078442,-0.61928576231
0.80135679245,-0.270100355148,1.35985946655,-0.295750677586,-0.515589952469,0.512907624245,-0.619374155998
0.801154851913,-0.270368486643,1.36013400555,-0.294372498989,-0.516508936882,0.511644244194,-0.62030929327
0.801088571548,-0.270518362522,1.36014294624,-0.294187247753,-0.516649663448,0.511439204216,-0.620449066162
0.801034271717,-0.27066475153,1.36014044285,-0.294102072716,-0.516735911369,0.511315762997,-0.620519399643
0.800961256027,-0.270812213421,1.36016511917,-0.293803423643,-0.516933262348,0.511041045189,-0.620722770691
0.799312114716,-0.270790606737,1.35909128189,-0.295359313488,-0.514351785183,0.510567903519,-0.622515559196
