x,y,z,q0,q1,q2,q3
-0.735242187977,0.0729571431875,1.38802802563,0.0629348903894,0.0865692570806,0.723018229008,0.68248796463
-0.735680282116,0.0716030150652,1.38825595379,0.0638480782509,0.0861830413342,0.721144318581,0.68443185091
-0.735319197178,0.070294752717,1.38856744766,0.0639320313931,0.0852306932211,0.720203399658,0.685532987118
-0.734782278538,0.0695387870073,1.38837492466,0.0658438503742,0.0853792056441,0.720256388187,0.685277938843
-0.734441101551,0.0680725798011,1.38883316517,0.0664307251573,0.0824480056763,0.721231758595,0.684554040432
-0.734342515469,0.0671457201242,1.38852262497,0.06785505265,0.0838806480169,0.718073189259,0.687554061413
-0.73383641243,0.0658221691847,1.38888096809,0.0691414698958,0.0822656452656,0.719425201416,0.686206638813
-0.733234167099,0.0644008144736,1.38940024376,0.0680758729577,0.0801583528519,0.718129992485,0.687916815281
-0.732970416546,0.0631798505783,1.38945508003,0.0692196860909,0.079437494278,0.717015266418,0.689048230648
-0.7324655056,0.0621050558984,1.38937675953,0.0692172423005,0.0797947570682,0.713706552982,0.692433893681
-0.732698440552,0.0607607997954,1.38945746422,0.0702163800597,0.0786269754171,0.710802912712,0.695447206497
-0.731892704964,0.0596318878233,1.38950157166,0.0714997649193,0.0785757526755,0.709950506687,0.696192502975
-0.731619119644,0.0584929771721,1.38934659958,0.0738619565964,0.078680716455,0.708192527294,0.697722792625
-0.731142997742,0.0570533722639,1.38970029354,0.0742780342698,0.0769786536694,0.706494987011,0.699586868286
-0.730648875237,0.0558988824487,1.38969779015,0.074862845242,0.0762593597174,0.704271495342,0.701841771603
-0.730656862259,0.0546184629202,1.38964235783,-0.0780557915568,-0.0767657235265,-0.702056646347,-0.703655362129
-0.730098903179,0.0533242151141,1.38968205452,-0.0793462321162,-0.0757682397962,-0.700904250145,-0.704767227173
-0.729533553123,0.052028670907,1.38967049122,-0.0795539990067,-0.0758141726255,-0.697600185871,-0.708009421825
-0.729681074619,0.0503632836044,1.38991463184,-0.0817705541849,-0.0739971250296,-0.696166038513,-0.709359586239
-0.729123592377,0.0491597056389,1.38980031013,-0.0815823078156,-0.0750196203589,-0.692305088043,-0.713042855263
-0.728201270103,0.0478593111038,1.38991093636,-0.0835912674665,-0.0737692415714,-0.693161249161,-0.712108254433
-0.727499127388,0.0466212108731,1.38975965977,-0.0834957137704,-0.0745989233255,-0.689510703087,-0.715568721294
-0.727286994457,0.0448651760817,1.39012002945,-0.0826264098287,-0.0731888711452,-0.686871170998,-0.718348264694
-0.726876318455,0.0432755760849,1.39028477669,-0.0840753614902,-0.0719050168991,-0.686514616013,-0.718650817871
-0.726186752319,0.041955769062,1.39011693001,-0.0835720151663,-0.0727859959006,-0.683282971382,-0.721694111824
-0.725743174553,0.0403356850147,1.39022898674,-0.0849456042051,-0.0721003338695,-0.68315333128,-0.721725165844
-0.724811851978,0.0388374403119,1.39021146297,-0.0848401337862,-0.0706305280328,-0.682791531086,-0.722225308418
-0.724259793758,0.0374132022262,1.39015901089,-0.0851800218225,-0.0710289031267,-0.681116461754,-0.723726272583
-0.724257588387,0.0360859856009,1.38985061646,-0.0880103781819,-0.0740687474608,-0.678641438484,-0.725405991077
-0.723610639572,0.0347118787467,1.38966369629,-0.0890324935317,-0.0747608914971,-0.677068650723,-0.726678848267
-0.72288608551,0.033192012459,1.38963007927,-0.0892024114728,-0.0751076042652,-0.675634682178,-0.727955877781
-0.722271621227,0.0315570421517,1.38972961903,-0.0889871865511,-0.0755391716957,-0.673909246922,-0.729535222054
-0.721349239349,0.0300335921347,1.38978016376,-0.0886016637087,-0.0752639099956,-0.672823131084,-0.730612277985
-0.720503032207,0.0286521688104,1.38952314854,-0.0880147144198,-0.0774803236127,-0.668990135193,-0.733963549137
-0.720003426075,0.0271075963974,1.38934099674,-0.0898973271251,-0.0783119052649,-0.66777318716,-0.734754800797
-0.719394505024,0.0254546366632,1.38920903206,-0.0912594050169,-0.0785425305367,-0.667796671391,-0.734540879726
-0.718490839005,0.0237551629543,1.38938426971,-0.0907370150089,-0.0788064748049,-0.666402697563,-0.73584228754
-0.7179235816,0.0222318992019,1.38918876648,-0.0920017361641,-0.0801373422146,-0.664946198463,-0.73685836792
-0.716727793217,0.0207726247609,1.38909959793,-0.0905210152268,-0.0810603350401,-0.662614762783,-0.739037871361
-0.716160535812,0.018764430657,1.38923358917,-0.091991558671,-0.0808582901955,-0.662714421749,-0.738788962364
-0.71519702673,0.0171518735588,1.3891222477,-0.0913295596838,-0.0827814638615,-0.659921169281,-0.74115473032
-0.714290976524,0.0157129243016,1.38895392418,-0.0934107899666,-0.083127245307,-0.659287333488,-0.74142062664
-0.713628709316,0.014136868529,1.38850736618,-0.0953389629722,-0.0856521874666,-0.657640516758,-0.742349803448
-0.712848126888,0.0121465232223,1.38867008686,-0.0968932434916,-0.0850518196821,-0.658037960529,-0.741865217686
-0.71198362112,0.0105543639511,1.38849675655,-0.0974780097604,-0.087093450129,-0.655100464821,-0.744148015976
-0.710750699043,0.00864996388555,1.3885859251,-0.0974470824003,-0.0869485735893,-0.654127657413,-0.745024204254
-0.709914505482,0.0065210852772,1.38873147964,-0.0996932089329,-0.086991071701,-0.654437422752,-0.744449973106
-0.70896422863,0.00490995496511,1.38816845417,-0.102235503495,-0.0896579697728,-0.651868999004,-0.746040403843
-0.707599699497,0.00291338004172,1.38826024532,-0.103563025594,-0.0896458625793,-0.65166670084,-0.746035456657
-0.70679551363,0.00113724730909,1.38771355152,-0.107429176569,-0.0924829915166,-0.649750351906,-0.746813416481
-0.705512106419,-0.00122527219355,1.38812375069,-0.107304960489,-0.0923486948013,-0.648739516735,-0.747726202011
-0.704401135445,-0.00312254577875,1.38749408722,-0.11189249903,-0.094607308507,-0.64792239666,-0.74747979641
-0.703291594982,-0.00524808838964,1.38732242584,-0.114675335586,-0.0955621749163,-0.646760582924,-0.747942626476
-0.702276229858,-0.00747292302549,1.38720905781,-0.117624729872,-0.0969997048378,-0.645381093025,-0.748491048813
-0.700837671757,-0.00976528786123,1.38727200031,-0.11877156049,-0.0970918685198,-0.644556462765,-0.74900829792
-0.699746012688,-0.0121159683913,1.38709831238,-0.121782742441,-0.0981068462133,-0.643434107304,-0.749357402325
-0.69861137867,-0.0144006051123,1.38664317131,-0.125938504934,-0.099657446146,-0.642734229565,-0.749066531658
-0.697662174702,-0.0165686327964,1.38638174534,-0.130438953638,-0.0998366698623,-0.643524825573,-0.747592329979
-0.69623196125,-0.0191015005112,1.38645899296,-0.131262257695,-0.0991556867957,-0.643123149872,-0.747884392738
-0.695058405399,-0.021241011098,1.38621497154,-0.133588239551,-0.100336328149,-0.641448616982,-0.748752534389
-0.694120764732,-0.0235919617116,1.38564443588,-0.138011828065,-0.102068178356,-0.640876114368,-0.748206317425
-0.693070411682,-0.025965185836,1.38538873196,-0.140820577741,-0.102742768824,-0.640449821949,-0.747955560684
-0.692037701607,-0.0283617898822,1.38504898548,-0.143358007073,-0.103707037866,-0.639850258827,-0.747853636742
-0.69081056118,-0.0310145933181,1.38505673409,-0.144400835037,-0.103571817279,-0.639759838581,-0.747749149799
-0.689892709255,-0.0335352681577,1.38489460945,-0.147318616509,-0.103523954749,-0.639768660069,-0.747178733349
-0.689041733742,-0.0357638299465,1.38422524929,-0.151791200042,-0.104936398566,-0.639633536339,-0.746201574802
-0.688142240047,-0.0381777025759,1.38374519348,-0.154701635242,-0.106233388186,-0.63921970129,-0.74577486515
-0.686683535576,-0.0409099720418,1.38386082649,-0.155401214957,-0.104999870062,-0.640590190887,-0.744627296925
-0.685624837875,-0.0433323308825,1.38355648518,-0.156922653317,-0.105668671429,-0.640797615051,-0.74403488636
-0.684773385525,-0.0457312092185,1.3832218647,-0.159583449364,-0.106130093336,-0.641049623489,-0.743185818195
-0.684029340744,-0.0483513996005,1.38298153877,-0.162741839886,-0.105197504163,-0.643113851547,-0.740846216679
-0.683366298676,-0.0507378205657,1.38249063492,-0.165911465883,-0.106072336435,-0.643569648266,-0.739621758461
-0.682359874249,-0.0531696341932,1.38245415688,-0.166040420532,-0.10621278733,-0.643173277378,-0.739917218685
-0.681598365307,-0.055535338819,1.38207244873,-0.167771890759,-0.107225507498,-0.643281698227,-0.739286124706
-0.680919229984,-0.0579937957227,1.3818166256,-0.169772684574,-0.107194945216,-0.643715977669,-0.738455355167
-0.680294811726,-0.0603101328015,1.38123047352,-0.173102423549,-0.108059920371,-0.644229412079,-0.737107336521
-0.679783642292,-0.0627371370792,1.38094520569,-0.176267296076,-0.108427770436,-0.644606232643,-0.735972940922
-0.679096341133,-0.065246514976,1.38079214096,-0.178390264511,-0.107359290123,-0.646155774593,-0.734257280827
-0.678343176842,-0.0676140934229,1.38058292866,-0.179824084044,-0.106974110007,-0.646659195423,-0.733520150185
-0.677435338497,-0.0699987486005,1.38057458401,-0.179192513227,-0.107337616384,-0.645662844181,-0.734498679638
-0.67684173584,-0.0723066478968,1.38042342663,-0.180872216821,-0.107166334987,-0.645885050297,-0.733916342258
-0.676416039467,-0.0749339833856,1.38038289547,-0.182998463511,-0.105753302574,-0.64752727747,-0.73214495182
-0.675944209099,-0.0767150372267,1.37983644009,-0.18629001081,-0.107039608061,-0.64717143774,-0.731442213058
-0.675603032112,-0.0792560875416,1.37963366508,-0.187792494893,-0.10722181201,-0.64717322588,-0.731029570103
-0.674934625626,-0.081236757338,1.37941205502,-0.18895560503,-0.106967158616,-0.647976219654,-0.730055272579
-0.674588322639,-0.0836419910192,1.3794285059,-0.191138237715,-0.10553253442,-0.649800777435,-0.728071391582
-0.674097657204,-0.0858313664794,1.37932920456,-0.192129343748,-0.105046309531,-0.650323390961,-0.727414011955
-0.674198150635,-0.088046438992,1.37954521179,-0.192601904273,-0.104327589273,-0.64974629879,-0.727908074856
-0.673779726028,-0.0899910256267,1.37930142879,-0.192906066775,-0.105136074126,-0.648805439472,-0.728550076485
-0.673315346241,-0.0920937657356,1.37921905518,-0.193522438407,-0.104875378311,-0.649340927601,-0.72794675827
-0.673140525818,-0.0941339880228,1.37902927399,-0.195077300072,-0.104898169637,-0.649564504623,-0.727328956127
-0.672912478447,-0.0963864848018,1.37908673286,-0.196398064494,-0.10292981565,-0.651383042336,-0.725626289845
-0.672735452652,-0.0984566807747,1.37908732891,-0.19722096622,-0.102663949132,-0.651473045349,-0.725359737873
-0.672728359699,-0.100089073181,1.37854790688,-0.199995458126,-0.102780587971,-0.652092397213,-0.724026024342
-0.672191739082,-0.10203563422,1.37868177891,-0.198053687811,-0.103095531464,-0.651378929615,-0.725156366825
-0.672043740749,-0.103960201144,1.37859654427,-0.198924720287,-0.102823890746,-0.651815354824,-0.72456407547
-0.67188000679,-0.105857551098,1.37864196301,-0.198889255524,-0.10185071826,-0.652197420597,-0.724367439747
-0.671749830246,-0.107596077025,1.37845242023,-0.199690759182,-0.101782262325,-0.652445673943,-0.723932802677
-0.671781718731,-0.109608121216,1.37857460976,-0.201050400734,-0.100133880973,-0.654271423817,-0.722136497498
-0.671894729137,-0.111535318196,1.37878024578,-0.200745567679,-0.0996269881725,-0.654175281525,-0.722378313541
-0.671596825123,-0.112933754921,1.37844860554,-0.200541779399,-0.100494414568,-0.653743684292,-0.722705423832
-0.671604931355,-0.114638857543,1.37859249115,-0.200298652053,-0.0993323847651,-0.654291808605,-0.722437381744
-0.671607375145,-0.116255410016,1.37845492363,-0.201202362776,-0.0991943627596,-0.654895961285,-0.721657335758
-0.671595394611,-0.117916569114,1.37845420837,-0.201074004173,-0.0988179072738,-0.655219137669,-0.72145152092
-0.671753406525,-0.119589075446,1.37861990929,-0.201377257705,-0.0974418222904,-0.655772686005,-0.721051096916
-0.671659648418,-0.121070891619,1.37854504585,-0.200929924846,-0.0973473787308,-0.655961275101,-0.721017062664
-0.672054290771,-0.122739449143,1.37873911858,-0.201300993562,-0.0961298197508,-0.65620392561,-0.720856070518
-0.672430455685,-0.124343633652,1.37885463238,-0.201987653971,-0.094620026648,-0.657112360001,-0.720035791397
-0.672797739506,-0.125355571508,1.37838029861,-0.203175276518,-0.0961992591619,-0.655646920204,-0.720827817917
-0.672591686249,-0.127039760351,1.37881541252,-0.20082500577,-0.0946181714535,-0.656142771244,-0.721244394779
-0.673072695732,-0.128441631794,1.37849843502,-0.203569605947,-0.093815587461,-0.657820343971,-0.719048380852
-0.672918498516,-0.129800915718,1.37873101234,-0.201500982046,-0.0937975868583,-0.657320439816,-0.72008985281
-0.672988653183,-0.131150573492,1.37875175476,-0.20055949688,-0.0933052971959,-0.657323002815,-0.720414102077
-0.67311757803,-0.132390454412,1.37873864174,-0.200420290232,-0.0930836200714,-0.657784819603,-0.720060050488
-0.67347162962,-0.133681535721,1.37856817245,-0.202606603503,-0.0920893698931,-0.659888148308,-0.71764755249
-0.673409938812,-0.13493809104,1.37870979309,-0.199927538633,-0.0922061353922,-0.65895062685,-0.719243526459
-0.673685312271,-0.136212289333,1.37871730328,-0.19967213273,-0.0919341742992,-0.659196853638,-0.719123601913
-0.673845648766,-0.137288972735,1.37867212296,-0.199730545282,-0.091407507658,-0.660128712654,-0.718319177628
-0.67426520586,-0.138336122036,1.37829744816,-0.201048344374,-0.0923285409808,-0.660378694534,-0.717603683472
-0.674394547939,-0.139428123832,1.37821495533,-0.200816839933,-0.0921660661697,-0.661137998104,-0.716989994049
-0.674574255943,-0.140788376331,1.37831950188,-0.201114326715,-0.09013697505,-0.663479566574,-0.714998722076
-0.674491047859,-0.141952306032,1.37818551064,-0.200747713447,-0.0900630056858,-0.664623856544,-0.714047789574
-0.674784481525,-0.142930358648,1.37842190266,-0.197819456458,-0.0901127159595,-0.662908017635,-0.716449797153
-0.674987733364,-0.1442168504,1.37845909595,-0.197837591171,-0.0893627032638,-0.663946092129,-0.715577065945
-0.675064206123,-0.145271405578,1.37837314606,-0.198118299246,-0.0882672071457,-0.665803909302,-0.713907182217
-0.675197958946,-0.14626096189,1.37820601463,-0.197995424271,-0.0883022621274,-0.666359841824,-0.713417828083
-0.675165116787,-0.147194832563,1.37778615952,-0.198945581913,-0.0887308418751,-0.667686641216,-0.711858212948
-0.67515951395,-0.148373261094,1.37809228897,-0.197097852826,-0.087734349072,-0.668146908283,-0.712063848972
-0.675421476364,-0.149328798056,1.37783408165,-0.197846770287,-0.0882055014372,-0.668454349041,-0.711509168148
-0.675436198711,-0.15019723773,1.37774598598,-0.197507813573,-0.0880256295204,-0.669033706188,-0.711081087589
-0.675412476063,-0.15111900866,1.377648592,-0.196399584413,-0.0882858708501,-0.668734848499,-0.711636483669
-0.675595939159,-0.1521499753,1.37750029564,-0.197305038571,-0.0875411182642,-0.670352995396,-0.709953725338
-0.675733804703,-0.153097853065,1.37752258778,-0.196621984243,-0.087304212153,-0.670617461205,-0.709922552109
-0.675699710846,-0.153766423464,1.37719857693,-0.195867270231,-0.0884214416146,-0.67012655735,-0.710456252098
-0.675872325897,-0.154695600271,1.37707614899,-0.1960182935,-0.0886334255338,-0.670717358589,-0.709830403328
-0.676014661789,-0.155502125621,1.3769775629,-0.196261003613,-0.0885882675648,-0.671321034431,-0.709198117256
-0.676274001598,-0.156471461058,1.37705314159,-0.195570185781,-0.0883888751268,-0.67129534483,-0.709438145161
-0.676191210747,-0.157201871276,1.37686395645,-0.195864319801,-0.0884694755077,-0.672322869301,-0.708373069763
-0.676318287849,-0.158034399152,1.37674760818,-0.195699259639,-0.0883770138025,-0.673085927963,-0.707705259323
-0.676539599895,-0.159002348781,1.37681138515,-0.19695776701,-0.0870837569237,-0.675045728683,-0.705646753311
-0.676538348198,-0.159564048052,1.37661647797,-0.196062773466,-0.088212877512,-0.674481391907,-0.706295013428
-0.676543772221,-0.160407170653,1.37656879425,-0.195774763823,-0.0880451500416,-0.675238251686,-0.705672621727
-0.676714837551,-0.161217644811,1.3764718771,-0.196082502604,-0.0883571505547,-0.675844550133,-0.70496737957
-0.67686444521,-0.16212874651,1.3766067028,-0.197216019034,-0.0869770720601,-0.678050339222,-0.702701032162
-0.676959097385,-0.162845551968,1.3765335083,-0.197292342782,-0.0869906917214,-0.67863291502,-0.702115237713
-0.67708325386,-0.163555979729,1.37650728226,-0.197198539972,-0.0870767831802,-0.679355621338,-0.701431751251
-0.677420020103,-0.163962483406,1.37606406212,-0.198254361749,-0.0885315015912,-0.678713321686,-0.70157366991
-0.677052140236,-0.164588078856,1.37621104717,-0.195402547717,-0.0885030329227,-0.678971588612,-0.702127218246
-0.677145719528,-0.16545240581,1.37625217438,-0.195413276553,-0.088019028306,-0.680271565914,-0.700925886631
-0.677171349525,-0.166065216064,1.37612068653,-0.195804327726,-0.0879973098636,-0.681315422058,-0.699804723263
-0.677126765251,-0.166523262858,1.37604379654,-0.195848375559,-0.087985791266,-0.682256042957,-0.698876798153
-0.677238106728,-0.167276009917,1.3760509491,-0.195505172014,-0.0883334949613,-0.682764232159,-0.698432564735
-0.677279353142,-0.167884498835,1.3759855032,-0.195222437382,-0.0882440805435,-0.683574676514,-0.697729766369
-0.677659511566,-0.168272018433,1.37568426132,-0.196588546038,-0.0890379026532,-0.68417185545,-0.696659266949
-0.677332699299,-0.16904181242,1.37572455406,-0.19551242888,-0.0888722538948,-0.685456037521,-0.69572031498
-0.677437841892,-0.169513329864,1.37568235397,-0.195376142859,-0.088939242065,-0.686036646366,-0.695177614689
-0.677555382252,-0.170191600919,1.37573409081,-0.196239158511,-0.0875457003713,-0.688379824162,-0.692790925503
-0.67749863863,-0.170560538769,1.37560236454,-0.195576950908,-0.0884444341063,-0.687995016575,-0.693246006966
-0.677986562252,-0.171058893204,1.37555372715,-0.19677580893,-0.0883879885077,-0.689207434654,-0.69170820713
-0.677840352058,-0.171927958727,1.37594819069,-0.194306313992,-0.0873410031199,-0.689641416073,-0.692106604576
-0.677733063698,-0.172271952033,1.37582623959,-0.192999750376,-0.0885343775153,-0.688983798027,-0.692974865437
-0.677770256996,-0.172846660018,1.37592887878,0.193719759583,0.0872484967113,0.691267907619,0.690658509731
-0.677352905273,-0.173210248351,1.37588739395,0.192418903112,0.085739068687,0.692404091358,0.690072774887
-0.677701711655,-0.173722207546,1.37567567825,0.193564414978,0.0874146595597,0.692325294018,0.689621210098
-0.677351951599,-0.17414842546,1.37566542625,0.192272022367,0.0860766991973,0.693234205246,0.689237773418
-0.677040994167,-0.174358308315,1.37519979477,0.191723465919,0.0877544879913,0.69271582365,0.689700126648
-0.677447259426,-0.174632236362,1.37514662743,0.192889228463,0.0879032164812,0.692926645279,0.689143955708
-0.677515804768,-0.175158247352,1.37517416477,0.19306114316,0.0871225148439,0.69423609972,0.687875986099
-0.677561163902,-0.175727456808,1.37536644936,0.19224768877,0.0879370123148,0.694655537605,0.687576651573
-0.677577316761,-0.176132932305,1.37539589405,0.191838994622,0.0881943106651,0.694968402386,0.687341690063
-0.677580118179,-0.176467597485,1.37528645992,0.191694423556,0.0886979773641,0.695300757885,0.686980903149
-0.677587509155,-0.176826417446,1.37518751621,0.191438689828,0.0888218134642,0.695546030998,0.686788022518
-0.677519023418,-0.17697095871,1.37517654896,0.191147178411,0.0891385301948,0.696043074131,0.686324417591
-0.677395045757,-0.177076682448,1.37503027916,0.190415218472,0.0903278887272,0.695356428623,0.687068045139
-0.677362322807,-0.17744590342,1.37500238419,0.190582752228,0.0897290632129,0.696887433529,0.685547292233
-0.677322089672,-0.177778318524,1.37495779991,0.190101221204,0.0900064334273,0.69710713625,0.685421168804
-0.677236020565,-0.177863404155,1.37491846085,0.189852148294,0.0903006196022,0.697647929192,0.684900939465
-0.67678797245,-0.17814733088,1.37477862835,0.189342185855,0.0905046537519,0.69890409708,0.683733701706
-0.676681339741,-0.178146079183,1.37469625473,0.189098864794,0.0907871499658,0.699557363987,0.683095157146
-0.67659342289,-0.178229853511,1.37465465069,0.188778921962,0.091017127037,0.700060665607,0.682637214661
-0.676589608192,-0.178516194224,1.37460720539,0.188289880753,0.0911583080888,0.700354516506,0.682452023029
-0.676495015621,-0.178504481912,1.37455737591,0.188069909811,0.0913761407137,0.701002538204,0.681817829609
-0.676432311535,-0.178590416908,1.37452173233,0.187790945172,0.0914885997772,0.701403617859,0.681467235088
-0.676830232143,-0.178826525807,1.37464272976,0.187303051353,0.0914760231972,0.700746178627,0.682278931141
-0.676694869995,-0.178848311305,1.37445914745,0.185853421688,0.0929912626743,0.699651777744,0.683592438698
-0.676619648933,-0.178796425462,1.37443745136,0.185686662793,0.0931073278189,0.700162887573,0.683098375797
-0.676122486591,-0.178756281734,1.37423706055,0.185697034001,0.0935231372714,0.70145881176,0.681708037853
-0.67624270916,-0.179141417146,1.37440049648,0.18617887795,0.0922119691968,0.703227996826,0.679930090904
-0.676184654236,-0.179060325027,1.37437713146,0.186001554132,0.0923128351569,0.703755795956,0.679418683052
-0.676180064678,-0.179222360253,1.37438702583,0.185532420874,0.0923504158854,0.704087555408,0.679197967052
-0.676063358784,-0.179051831365,1.3741979599,0.184273302555,0.0937967896461,0.703176319599,0.680285573006
-0.676184296608,-0.179290369153,1.37440657616,0.184731245041,0.0922690704465,0.705130934715,0.678344547749
-0.676112115383,-0.179133236408,1.37423968315,0.183479472995,0.0935860797763,0.704330384731,0.679334819317
-0.676229774952,-0.179370641708,1.37443351746,0.183997064829,0.0920953676105,0.706456363201,0.677187621593
-0.676247835159,-0.179415300488,1.37450563908,0.18345117569,0.0918303057551,0.707081317902,0.676719129086
-0.676392734051,-0.179518431425,1.37461769581,0.182697817683,0.0916359424591,0.707651257515,0.67635345459
-0.676400065422,-0.179545089602,1.37471866608,0.181769147515,0.0911337435246,0.70847016573,0.675814032555
-0.676156759262,-0.179583534598,1.37473797798,0.180601358414,0.0891702696681,0.709753155708,0.675042450428
-0.676227390766,-0.179571330547,1.37492251396,0.179943352938,0.0887934938073,0.710446536541,0.674538195133
-0.676753282547,-0.179680153728,1.3751449585,0.179422348738,0.0881831422448,0.710337638855,0.674871742725
-0.676413357258,-0.179673194885,1.37513172626,0.179035827518,0.0880007892847,0.712073564529,0.673166811466
-0.676493525505,-0.179699376225,1.37524104118,0.178708747029,0.0875535085797,0.71272277832,0.672624707222
-0.676575601101,-0.179702460766,1.37537717819,0.178403392434,0.087017185986,0.713436067104,0.672018885612
-0.676541090012,-0.179528519511,1.37534070015,0.177108719945,0.0876372009516,0.712717294693,0.673042535782
-0.676765739918,-0.179709613323,1.37565171719,0.177563875914,0.0856919661164,0.715047180653,0.670697808266
-0.677274882793,-0.179815962911,1.37599933147,0.176680713892,0.0847232863307,0.714753329754,0.671366989613
-0.677277684212,-0.179599404335,1.37598848343,0.175405293703,0.0853154063225,0.714137673378,0.672281086445
-0.677059829235,-0.179621532559,1.37613594532,0.176096603274,0.0837262570858,0.717242181301,0.668987035751
-0.676945388317,-0.179223760962,1.37600028515,0.174437940121,0.0850628465414,0.716161608696,0.670409142971
-0.67714381218,-0.179172590375,1.37622976303,0.174183443189,0.0841793417931,0.717393815517,0.669268488884
-0.677255094051,-0.179000973701,1.37642037868,0.173600226641,0.0837751403451,0.71789008379,0.668938338757
-0.677503943443,-0.17907372117,1.37672412395,0.173869177699,0.0821247249842,0.719922721386,0.666885614395
-0.677610933781,-0.178867250681,1.3768337965,0.17308345437,0.0819921270013,0.720551073551,0.666427493095
-0.677665352821,-0.178680941463,1.3768901825,0.172121375799,0.082029953599,0.72105795145,0.666123867035
-0.677679955959,-0.178244322538,1.37680613995,0.170305222273,0.0832086876035,0.72028362751,0.667281150818
-0.677775025368,-0.177967324853,1.37687838078,0.169479846954,0.0832408219576,0.720816552639,0.66691160202
-0.677984714508,-0.177726566792,1.37701964378,0.168488427997,0.0831962153316,0.721295595169,0.666650414467
-0.6784324646,-0.177417755127,1.37715876102,0.168234705925,0.0847319364548,0.721441626549,0.666363060474
-0.67815387249,-0.176899075508,1.3771289587,0.166301682591,0.0837886556983,0.722036778927,0.666322946548
-0.678711652756,-0.176492318511,1.37726700306,0.166922256351,0.0848388820887,0.723270714283,0.664694666862
-0.67939978838,-0.176219552755,1.3775510788,0.166068926454,0.0844836682081,0.723082304001,0.665158390999
-0.679301917553,-0.175852626562,1.37775123119,0.166602998972,0.0833459421992,0.726479709148,0.661456167698
-0.679553389549,-0.175415620208,1.37789964676,0.166502058506,0.083182156086,0.727522671223,0.66035503149
-0.679771542549,-0.174834266305,1.37797498703,0.165359482169,0.0837246030569,0.727297723293,0.660821139812
-0.68012547493,-0.174529328942,1.37835288048,0.165984928608,0.0816641673446,0.730027556419,0.657905697823
-0.680077672005,-0.173985570669,1.3787432909,0.165001213551,0.0794569328427,0.731763482094,0.65649330616
-0.680367350578,-0.173604547977,1.37896823883,0.164863884449,0.0788385495543,0.732934653759,0.655294895172
-0.680558621883,-0.173023939133,1.37904632092,0.164165198803,0.0794044584036,0.732377529144,0.656024456024
-0.681228995323,-0.172714710236,1.3792617321,0.165186613798,0.080417022109,0.732560515404,0.655440092087
-0.681280136108,-0.172503501177,1.37970936298,0.165214419365,0.0768268704414,0.73505538702,0.653066217899
-0.681857228279,-0.1722047925,1.38002181053,0.165628373623,0.0758566185832,0.734694778919,0.653480410576
-0.682492494583,-0.171939626336,1.38013768196,0.16719597578,0.0770896747708,0.734288394451,0.653393745422
-0.682269215584,-0.171512633562,1.38036692142,0.166484549642,0.0747969076037,0.73492705822,0.653123855591
-0.682371258736,-0.171107187867,1.38045680523,0.167059734464,0.074239730835,0.735084474087,0.652863323689
-0.682568073273,-0.170844212174,1.38063263893,0.167402088642,0.0737083256245,0.734860301018,0.653087973595
-0.682613134384,-0.170415252447,1.38067245483,0.168201103806,0.0732202529907,0.734967112541,0.652817368507
-0.682795166969,-0.170054987073,1.38073658943,0.169062614441,0.0725746899843,0.734753012657,0.652908027172
-0.682925105095,-0.169730633497,1.38089489937,0.169312030077,0.071932002902,0.734650433064,0.653029978275
-0.683097720146,-0.169346556067,1.38106155396,0.169475212693,0.0712298601866,0.734660506248,0.653053343296
-0.683178722858,-0.168870940804,1.38120055199,0.169809699059,0.0703911483288,0.735016167164,0.652656972408
-0.683370113373,-0.168441280723,1.38143014908,0.169963598251,0.0695985853672,0.734908699989,0.652822971344
-0.683915138245,-0.168129056692,1.38170027733,0.170526519418,0.0704158395529,0.734413266182,0.653145849705
-0.684074580669,-0.167617380619,1.38192677498,0.170351281762,0.0695640742779,0.734366953373,0.653334975243
-0.68394100666,-0.167064830661,1.38211655617,0.170140206814,0.0693932548165,0.735000252724,0.652695655823
-0.683770775795,-0.166516110301,1.38236069679,0.169027611613,0.0668297708035,0.735499382019,0.652689874172
-0.68515920639,-0.166128337383,1.38286399841,0.169290393591,0.066901281476,0.733392238617,0.654981613159
-0.684935748577,-0.165462046862,1.3829023838,0.169238194823,0.0674370974302,0.734376370907,0.653836429119
-0.685048699379,-0.164763763547,1.38309156895,0.168463334441,0.0660826042295,0.734829127789,0.653666138649
-0.685219168663,-0.164051100612,1.38327908516,0.168085843325,0.0656663253903,0.735041618347,0.65356618166
-0.685315489769,-0.16326187551,1.38332498074,0.167852386832,0.0642794445157,0.735375404358,0.653388619423
-0.685616612434,-0.162591636181,1.38359594345,0.167602449656,0.0650820583105,0.735409259796,0.653335273266
-0.685432732105,-0.161760807037,1.3838891983,0.165652364492,0.0622844584286,0.73597407341,0.653469443321
-0.685471773148,-0.160875752568,1.38397693634,0.164989247918,0.0620691478252,0.736422896385,0.653151810169
-0.685621023178,-0.160004034638,1.38425445557,0.163741394877,0.0611008666456,0.736539542675,0.653425574303
-0.686029136181,-0.15915569663,1.38412714005,0.164854943752,0.0626495406032,0.736365258694,0.65319532156
-0.686114311218,-0.158185839653,1.38422238827,0.164202511311,0.0623515956104,0.736340582371,0.65341591835
-0.686447620392,-0.157262340188,1.384298563,0.163953095675,0.0638595670462,0.735978126526,0.653741240501
-0.686506807804,-0.156073227525,1.38448417187,0.162775963545,0.0629600137472,0.736071050167,0.654018104076
-0.686547994614,-0.155020058155,1.38460195065,0.161463826895,0.0625502467155,0.735924720764,0.654546916485
-0.686706185341,-0.153953850269,1.38469731808,0.160659745336,0.0627349615097,0.735510468483,0.655192613602
-0.687197387218,-0.15247900784,1.3848631382,0.16025736928,0.0637849792838,0.73488265276,0.655893802643
-0.687518179417,-0.151263862848,1.38488662243,0.159951284528,0.0648174062371,0.734353125095,0.656460046768
-0.687376916409,-0.150137901306,1.38502335548,0.158271446824,0.0652039125562,0.73440104723,0.656775355339
-0.686970293522,-0.148961037397,1.38496005535,0.157052308321,0.0649456009269,0.734841406345,0.656601011753
-0.686868309975,-0.14770835638,1.38516020775,0.154674649239,0.0642243847251,0.734772861004,0.657312810421
-0.686964869499,-0.146374940872,1.38536345959,0.152662292123,0.0637013018131,0.734407007694,0.658242344856
-0.687177836895,-0.144875943661,1.385409832,0.152173042297,0.0643110796809,0.734292268753,0.658424139023
-0.687586009502,-0.143427178264,1.38537800312,0.151992499828,0.0662024617195,0.73378276825,0.658846259117
-0.687424004078,-0.141938894987,1.38557898998,0.149785161018,0.0651075989008,0.733958125114,0.659265637398
-0.687668561935,-0.140610381961,1.38589584827,0.148064523935,0.0651581436396,0.733493745327,0.660165548325
-0.687898099422,-0.139027759433,1.38592624664,0.147403970361,0.0661766603589,0.733340799809,0.660381734371
-0.688643038273,-0.137638524175,1.38604772091,0.147132202983,0.067906036973,0.732089579105,0.661653876305
-0.688490390778,-0.135912060738,1.38603270054,0.146699264646,0.0685991793871,0.732698321342,0.661004364491
-0.688881754875,-0.134472638369,1.38628637791,0.14524872601,0.068974763155,0.731855392456,0.662218391895
-0.688561499119,-0.132795020938,1.38647937775,0.1431555897,0.0678880140185,0.732223391533,0.662379562855
-0.6886048913,-0.131071910262,1.38657975197,0.142475873232,0.0681630223989,0.732300758362,0.662412345409
-0.689125180244,-0.129310950637,1.38658976555,0.141215503216,0.0712603777647,0.729946196079,0.664950191975
-0.688933610916,-0.12768432498,1.38684463501,0.139482393861,0.0695737078786,0.730251371861,0.665159285069
-0.689155161381,-0.12601710856,1.3870139122,0.139661639929,0.0691665410995,0.731233656406,0.6640843153
-0.689309597015,-0.124291226268,1.38717937469,0.138510897756,0.0694212466478,0.730788052082,0.66478908062
-0.689352214336,-0.122395336628,1.38714373112,0.136692881584,0.0706876367331,0.728992283344,0.66699975729
-0.690225064754,-0.120932631195,1.38760566711,0.13789409399,0.0712186470628,0.729582428932,0.666050076485
-0.689869046211,-0.119048140943,1.38762140274,0.135759711266,0.0702229514718,0.729555368423,0.666623592377
-0.690413415432,-0.117053158581,1.38773846626,0.134277492762,0.0730930715799,0.726917684078,0.669490516186
-0.690269887447,-0.115391038358,1.38811707497,0.133488282561,0.0704019889235,0.728776872158,0.667913794518
-0.691076338291,-0.113551042974,1.38817358017,0.133690729737,0.0724240615964,0.727254629135,0.669314861298
-0.691364526749,-0.111488252878,1.38821804523,0.131761088967,0.0735953003168,0.724710702896,0.672322332859
-0.691364526749,-0.111488252878,1.38821804523,0.131761088967,0.0735953003168,0.724710702896,0.672322332859
-0.691238582134,-0.107584737241,1.38847708702,0.129277616739,0.0725990012288,0.724144697189,0.673521518707
-0.691871523857,-0.105816483498,1.38858652115,0.130945548415,0.0733781456947,0.724470555782,0.672764182091
-0.691653847694,-0.103589259088,1.38867759705,0.128890305758,0.0727835148573,0.722999095917,0.674805223942
-0.691944897175,-0.101611897349,1.38884997368,0.127504527569,0.0734467804432,0.721487283707,0.676612436771
-0.692866921425,-0.0997641831636,1.38896882534,0.129957288504,0.0739991441369,0.721426904202,0.676149785519
-0.692832052708,-0.097615711391,1.38919055462,0.127662286162,0.0752176567912,0.718935310841,0.679099977016
-0.693056285381,-0.0955938324332,1.38934230804,0.127223879099,0.0750860273838,0.717771112919,0.680427014828
-0.693808555603,-0.0938818603754,1.38975429535,0.12768176198,0.0735734179616,0.717379152775,0.680919706821
-0.69337785244,-0.0917341709137,1.39011836052,0.125522762537,0.0717272087932,0.717552006245,0.681335866451
-0.694447278976,-0.0897809416056,1.39014720917,0.126427695155,0.0730735808611,0.715075910091,0.683624863625
-0.69445425272,-0.0875926092267,1.39036214352,0.124496869743,0.0743277445436,0.712725698948,0.686293125153
-0.694999814034,-0.0853496044874,1.39051783085,0.124284878373,0.0738251060247,0.711450815201,0.687707006931
-0.695641160011,-0.0835030004382,1.39119744301,0.12133795768,0.0715462267399,0.709410965443,0.690575361252
-0.696128189564,-0.0813247710466,1.3914116621,0.120483957231,0.0708946064115,0.708112597466,0.692123115063
-0.696449875832,-0.0793128162622,1.39155936241,0.12109605968,0.0692703947425,0.709249079227,0.691016077995
-0.696849644184,-0.0770165100694,1.39170384407,0.120533637702,0.0692330598831,0.708547353745,0.691837608814
-0.69665312767,-0.0750243514776,1.39238667488,0.116210967302,0.0659032464027,0.708244502544,0.693210959435
-0.697668194771,-0.072900749743,1.39257240295,0.115950375795,0.067128688097,0.706452190876,0.694963812828
-0.698089838028,-0.0705068185925,1.39271819592,0.113446377218,0.0673473626375,0.70417290926,0.697663784027
-0.698636472225,-0.068059310317,1.39267539978,0.112927950919,0.0671511292458,0.703371703625,0.698574364185
-0.699420213699,-0.065989471972,1.39313685894,0.112458661199,0.0652938112617,0.703848719597,0.698345720768
-0.700092196465,-0.063510119915,1.39303851128,0.112880781293,0.0659632459283,0.703032851219,0.699036240578
-0.700793147087,-0.0610587708652,1.39313971996,0.112511888146,0.0660328194499,0.702292084694,0.699833273888
-0.701088786125,-0.0586902275681,1.3934943676,-0.109212495387,-0.0650147795677,-0.700877904892,-0.701866030693
-0.701781213284,-0.0564681664109,1.39384961128,0.108599185944,0.0639855414629,0.701697349548,0.701236844063
-0.702214360237,-0.0539196915925,1.39394366741,-0.106637552381,-0.0647519826889,-0.6999309659,-0.703229963779
-0.70296984911,-0.0515951141715,1.3942617178,-0.107205882668,-0.0630929768085,-0.701328754425,-0.701900482178
-0.703636586666,-0.0491662584245,1.3944914341,-0.10620867461,-0.0628697499633,-0.70146214962,-0.70193874836
-0.704414963722,-0.0464645214379,1.39432835579,-0.105688869953,-0.0645153447986,-0.699868619442,-0.703456938267
-0.704774558544,-0.0441728830338,1.3947905302,-0.102952942252,-0.0628885924816,-0.700260281563,-0.70362007618
-0.706108868122,-0.0423967987299,1.39540410042,-0.102457277477,-0.0611985176802,-0.700771093369,-0.703332960606
-0.706574201584,-0.0398309156299,1.39550578594,-0.101455837488,-0.0604316480458,-0.701518416405,-0.702799141407
-0.70731985569,-0.0374426543713,1.395642519,-0.10069437325,-0.0601699799299,-0.701605319977,-0.702844560146
-0.708097338676,-0.0349339731038,1.3956028223,-0.100353561342,-0.0605385303497,-0.701814591885,-0.70265263319
-0.708652615547,-0.0325702726841,1.39576172829,-0.0990913137794,-0.0602219887078,-0.702261388302,-0.702412545681
-0.708926796913,-0.0301662385464,1.39607071877,-0.0949318036437,-0.0594231635332,-0.700823903084,-0.70448756218
-0.709375500679,-0.0277601443231,1.39616107941,-0.0936643257737,-0.0593657791615,-0.701351344585,-0.704137086868
-0.710170924664,-0.0255839675665,1.39643502235,0.0942135900259,0.0583100244403,0.703143656254,0.70236235857
-0.710688352585,-0.0228167753667,1.39608049393,-0.0933148413897,-0.0592770017684,-0.701802253723,-0.70374161005
-0.711322188377,-0.0205784793943,1.39635789394,0.0934480577707,0.0580867752433,0.703462004662,0.702164292336
-0.711778402328,-0.0181948915124,1.39633858204,0.0930123031139,0.0580894611776,0.703791499138,0.701891720295
-0.712266087532,-0.0157467275858,1.39645946026,0.0920940265059,0.0576993077993,0.703554987907,0.7022818923
-0.712461352348,-0.0135175343603,1.39674127102,0.0898829996586,0.0565100386739,0.703981399536,0.702237844467
-0.712872922421,-0.0111885871738,1.39680075645,0.0890852734447,0.0565343685448,0.704216122627,0.702102303505
-0.713389515877,-0.0086661875248,1.39680826664,0.0892362445593,0.0563930459321,0.704310595989,0.701999545097
-0.713685274124,-0.00632610544562,1.39684808254,0.0883709564805,0.0559979900718,0.704712450504,0.701737344265
-0.714136958122,-0.00361913256347,1.39648652077,-0.0883793979883,-0.0582163408399,-0.703018426895,-0.703253209591
-0.714649319649,-0.00135555304587,1.39662885666,0.0890965387225,0.0571594536304,0.70493543148,0.701327800751
-0.715103983879,0.00100938603282,1.39668512344,0.0886205211282,0.0572288967669,0.70490860939,0.701409459114
-0.715364217758,0.00335104763508,1.39675676823,0.0876344740391,0.0572209097445,0.705085754395,0.701355993748
-0.715851187706,0.00575036183,1.39670181274,0.0874884799123,0.0576303265989,0.705306887627,0.701118171215
-0.715550124645,0.0081418659538,1.39692306519,0.0856110304594,0.0566868968308,0.706701636314,0.700021624565
-0.716326951981,0.0105430167168,1.39664030075,0.0864277407527,0.0582506321371,0.70634329319,0.700154483318
-0.716772675514,0.0126339877024,1.39688420296,0.0842517241836,0.056995857507,0.706084787846,0.700783371925
-0.717392146587,0.0149884326383,1.39657914639,0.0847222656012,0.0581838004291,0.70604133606,0.700672864914
-0.717709422112,0.0173449702561,1.39646303654,0.0838846489787,0.0584835521877,0.706558287144,0.700227499008
-0.718133568764,0.0196052808315,1.39628469944,0.0829325020313,0.0589224807918,0.7069247365,0.699934184551
-0.71843880415,0.0218403022736,1.39617919922,0.0818672850728,0.0592078603804,0.707179784775,0.699777960777
-0.718910217285,0.0240692310035,1.39598488808,0.0808325335383,0.059662502259,0.707625150681,0.699409127235
-0.719269096851,0.0261452961713,1.39590907097,0.0791110768914,0.0597025379539,0.707859694958,0.699365139008
-0.719608664513,0.0284384228289,1.39562737942,0.0779761597514,0.0601751841605,0.708319962025,0.698986053467
-0.719867706299,0.0307236593217,1.39526844025,0.077343814075,0.0610707849264,0.709100186825,0.698187112808
-0.720195174217,0.0328711420298,1.39513623714,0.0758373960853,0.0612496696413,0.709726810455,0.697699904442
-0.720350980759,0.0349252931774,1.39504313469,0.0739004760981,0.0611211918294,0.710357487202,0.697277069092
-0.720686197281,0.0371406301856,1.39461219311,0.0730602145195,0.0629133507609,0.709393560886,0.698186933994
-0.720099031925,0.0393371284008,1.39453339577,0.0696453079581,0.0615979395807,0.71148121357,0.696527004242
-0.721083343029,0.0414904244244,1.39411270618,0.070876814425,0.0644908770919,0.711046338081,0.696584999561
-0.721530914307,0.0432198308408,1.39425134659,0.0679477080703,0.0635005533695,0.710975348949,0.697039961815
-0.721658349037,0.0451570227742,1.39423823357,0.0682137235999,0.0631967037916,0.713916122913,0.694029450417
-0.72230899334,0.0472988076508,1.39368641376,0.0674398690462,0.0650746524334,0.712010502815,0.695886671543
-0.722779333591,0.049279101193,1.39358365536,0.0672504454851,0.0650585144758,0.712891221046,0.695004284382
-0.723102927208,0.0511226393282,1.39344036579,0.0657070353627,0.0655968785286,0.712862670422,0.695130705833
-0.723295748234,0.0530374981463,1.3932710886,0.0647741556168,0.0652299001813,0.713977873325,0.694107413292
-0.723761558533,0.0549097731709,1.39321172237,0.0650609955192,0.06530341506,0.714631676674,0.6934004426
-0.72398519516,0.0567261762917,1.39306724072,0.0639869272709,0.0652370303869,0.71560972929,0.692497491837
-0.7242385149,0.0583542883396,1.39310634136,0.0633708313107,0.0644362866879,0.717547297478,0.690621376038
-0.724496662617,0.0603566989303,1.3927795887,0.0619130916893,0.0654978752136,0.716511905193,0.691728115082
-0.725031137466,0.0619476288557,1.39287257195,0.0623428002,0.0645957738161,0.718829989433,0.689365029335
-0.724857866764,0.06371807307,1.39283764362,0.0593735203147,0.0640877112746,0.718255341053,0.690273046494
-0.725775003433,0.0653195232153,1.39271306992,0.0593390166759,0.0655350610614,0.718051254749,0.690352380276
-0.725792765617,0.0671685710549,1.39245438576,0.0591476969421,0.0650307908654,0.719553351402,0.688850939274
-0.726101756096,0.068414375186,1.39270806313,0.0566613003612,0.0645547881722,0.719783723354,0.688864052296
-0.72646266222,0.0704151690006,1.39223361015,0.0575229264796,0.0654863193631,0.721045255661,0.687383830547
-0.726848483086,0.0721176639199,1.3920096159,0.0573509261012,0.0658579468727,0.721538424492,0.686844885349
-0.727300524712,0.0733640864491,1.39217996597,0.057330403477,0.0645186081529,0.724319279194,0.684041202068
-0.727475404739,0.0750341638923,1.39196443558,0.0558546110988,0.0649593248963,0.723794221878,0.68467694521
-0.727938473225,0.0765187889338,1.39171946049,0.0548862740397,0.0661722719669,0.724268198013,0.684137761593
-0.728373706341,0.0779042243958,1.39176189899,0.0536028183997,0.0657819807529,0.72449940443,0.684032320976
-0.728593707085,0.0795039236546,1.3913936615,0.0534683726728,0.0665153861046,0.725766539574,0.682627141476
-0.728639185429,0.0810541063547,1.3911921978,0.0523653402925,0.0651770308614,0.727147459984,0.681371212006
-0.729111611843,0.0820272415876,1.39137792587,0.0518347807229,0.0640919730067,0.729250490665,0.679263710976
-0.729943156242,0.0834692940116,1.39090120792,0.0522934012115,0.0647829845548,0.72921204567,0.679204344749
-0.730104267597,0.0850324630737,1.39063203335,0.052382748574,0.0651357024908,0.730946779251,0.677296280861
-0.730289280415,0.0863745063543,1.39045321941,0.0515364855528,0.0650228559971,0.731770455837,0.676482021809
-0.730575799942,0.0874295383692,1.39043951035,0.0500493533909,0.0650278031826,0.732101142406,0.676235496998
-0.73038905859,0.0888509005308,1.39013957977,0.0490671023726,0.0642450153828,0.733512222767,0.674851834774
-0.730513930321,0.0905259251595,1.3898267746,0.0487563088536,0.0667649880052,0.733739554882,0.674382269382
-0.730743169785,0.091774314642,1.38958132267,0.0480389781296,0.0671207755804,0.734376192093,0.673705279827
-0.730809211731,0.092946626246,1.38945937157,0.0471236258745,0.0668464750051,0.735195040703,0.67290365696
-0.73104172945,0.0940040946007,1.38927650452,0.0465893410146,0.0673637613654,0.735827803612,0.6721971035
-0.731127202511,0.0951390117407,1.38909089565,0.0459464490414,0.0675517991185,0.736597001553,0.671379625797
-0.731396377087,0.0962404310703,1.38897204399,0.0455948375165,0.0679544657469,0.737176001072,0.670727133751
-0.731629371643,0.0973086208105,1.38880872726,0.0450081005692,0.0684342756867,0.738077759743,0.669725477695
-0.731619119644,0.0982905328274,1.38871395588,0.0444105379283,0.0682000145316,0.739128768444,0.668629288673
-0.731838822365,0.0993082821369,1.38852441311,0.0447124578059,0.0690754503012,0.739854574203,0.667715907097
-0.731907486916,0.100233912468,1.38847017288,0.0439670309424,0.0690037757158,0.740585923195,0.666961789131
-0.732129752636,0.101164862514,1.38819313049,0.0443633124232,0.0693321824074,0.741403877735,0.665992081165
-0.732383430004,0.101780034602,1.38826978207,0.0435864552855,0.0693744793534,0.741449415684,0.665988266468
-0.732251048088,0.102851122618,1.38800799847,0.0436934530735,0.0692159608006,0.742943882942,0.66433006525
-0.732287406921,0.103682994843,1.38786458969,0.0438228994608,0.0695607885718,0.743805229664,0.663321077824
-0.732424378395,0.104438662529,1.38771915436,0.0438642427325,0.0701052024961,0.744658768177,0.662302434444
-0.732425868511,0.105186060071,1.38762009144,0.0435474328697,0.070005081594,0.74552065134,0.661363840103
-0.732470393181,0.105854660273,1.38752877712,0.0435559563339,0.0701193362474,0.746520161629,0.66022258997
-0.732498586178,0.106506422162,1.38746225834,0.0433897823095,0.0702507421374,0.747277736664,0.659362018108
-0.732530653477,0.107113838196,1.38743150234,0.043394766748,0.070390664041,0.748368322849,0.658108472824
-0.732550382614,0.1077362746,1.38735508919,0.0430577360094,0.0705523937941,0.749522984028,0.656798183918
-0.732410907745,0.108358934522,1.38733434677,0.0427214726806,0.0707804858685,0.750738680363,0.655405461788
-0.732383072376,0.108959913254,1.38714742661,0.0432616919279,0.0714291483164,0.751921117306,0.653942704201
-0.73248487711,0.109451144934,1.38709890842,0.04317067191,0.0714597627521,0.753200948238,0.652470946312
-0.73284804821,0.109757751226,1.38713550568,0.0426616668701,0.0709216296673,0.75358247757,0.652122497559
-0.732839763165,0.110203370452,1.38708257675,0.0424177460372,0.0708106309175,0.754655480385,0.650908470154
-0.73306542635,0.110524177551,1.38719308376,0.0417412929237,0.0703954622149,0.75540459156,0.650127649307
-0.733209133148,0.11071459949,1.38717746735,0.0416670031846,0.0707973912358,0.756330311298,0.649011671543
-0.733105421066,0.111368626356,1.38694953918,0.0421229489148,0.0712021738291,0.758173048496,0.646784067154
-0.733131349087,0.111687041819,1.38689661026,0.0419057607651,0.0715453103185,0.759116470814,0.645652711391
-0.732549905777,0.111788138747,1.3871781826,0.0395244956017,0.0689579471946,0.760683059692,0.644239187241
-0.732569098473,0.112056396902,1.38714778423,0.0393969416618,0.0692433640361,0.761996030807,0.642662763596
-0.733209371567,0.112509652972,1.38676989079,0.0417351163924,0.0726708620787,0.762480020523,0.641561686993
-0.733198344707,0.112748965621,1.38675272465,0.0414859429002,0.0731509700418,0.763424694538,0.640398859978
-0.73315423727,0.112944424152,1.38672053814,0.041163444519,0.0737680494785,0.764676868916,0.638853132725
-0.733166992664,0.113080486655,1.38671576977,0.0411955751479,0.0744237229228,0.765757441521,0.637479126453
-0.733119249344,0.113232836127,1.38670599461,0.0410981886089,0.0751008093357,0.766683220863,0.636292040348
-0.732763528824,0.113394856453,1.38666594028,0.0409023314714,0.0761574432254,0.768070697784,0.634503424168
-0.732766807079,0.113539524376,1.38673341274,0.0404727272689,0.0763456895947,0.768734633923,0.633703708649
-0.732608377934,0.113591663539,1.38665986061,0.0407273136079,0.0779048725963,0.769849181175,0.632142722607
-0.732554197311,0.11367636174,1.38665521145,0.0407446660101,0.0786759182811,0.77053552866,0.63120919466
-0.732427895069,0.113740645349,1.38668966293,0.0407774597406,0.0794705078006,0.771458029747,0.629979431629
-0.73248308897,0.113500222564,1.38686180115,0.0401175394654,0.0800716653466,0.771566808224,0.629812538624
-0.732268154621,0.113622844219,1.38679993153,0.040167838335,0.0803579390049,0.772575736046,0.628534913063
-0.731931626797,0.113896310329,1.38663959503,0.0406807512045,0.0813386663795,0.77381581068,0.626847803593
-0.731799602509,0.113842576742,1.38667047024,0.0407188609242,0.0819228291512,0.774321436882,0.626144647598
-0.731680870056,0.11376991868,1.38668787479,0.040766749531,0.0825877636671,0.774829268456,0.625425457954
-0.731557846069,0.113673985004,1.38671767712,0.0406306684017,0.0833159685135,0.775239825249,0.62482881546
-0.731542825699,0.113487683237,1.38687193394,0.0401927269995,0.0833486020565,0.775476396084,0.624559104443
-0.731871545315,0.113002240658,1.3871114254,0.0395709834993,0.0833126157522,0.77463644743,0.625644922256
-0.731536865234,0.113085210323,1.38698720932,0.0399129353464,0.0840500071645,0.775432884693,0.624537110329
-0.731430411339,0.112793490291,1.38698220253,0.0403539799154,0.0855370610952,0.775511443615,0.624209225178
-0.73088657856,0.112575165927,1.38715314865,0.0393708795309,0.0844117030501,0.776142954826,0.62364000082
-0.730742394924,0.112318262458,1.38720619678,0.0393934063613,0.0846618786454,0.776180505753,0.623557925224
-0.730523347855,0.112099140882,1.38719546795,0.0395790301263,0.0849113985896,0.776499330997,0.623115003109
-0.730515182018,0.111964151263,1.38696324825,0.0411101616919,0.0866322517395,0.776533186436,0.622736632824
-0.730517983437,0.111644871533,1.38714337349,0.040750272572,0.086692251265,0.776246011257,0.623109996319
-0.730275690556,0.111365392804,1.3870588541,0.0411356799304,0.0872076377273,0.776383697987,0.622841119766
-0.730191349983,0.111035272479,1.38709115982,0.0411169864237,0.0874199420214,0.776223421097,0.623012363911
-0.730129301548,0.110720902681,1.387108922,0.0411110147834,0.0874325484037,0.776005268097,0.623282790184
-0.73003411293,0.110283754766,1.38719511032,0.041066672653,0.0874498188496,0.775890529156,0.623425960541
-0.730002403259,0.109895497561,1.38770520687,0.0390005931258,0.086141563952,0.775334477425,0.624431788921
-0.729768693447,0.109510712326,1.38757646084,0.0392838269472,0.0866091176867,0.775530159473,0.624106407166
-0.729672968388,0.108953915536,1.38767266273,0.0385413430631,0.0862474068999,0.77528822422,0.624503076077
-0.729752004147,0.108517378569,1.38770091534,0.0383964069188,0.0864044949412,0.775122046471,0.624696552753
-0.729636311531,0.108134388924,1.38759016991,0.0381639748812,0.086712539196,0.775498449802,0.624200582504
-0.729619145393,0.107656113803,1.38761901855,0.0375700555742,0.0865807756782,0.775462329388,0.624300122261
-0.728896260262,0.107051670551,1.3878068924,0.0351932011545,0.0839413702488,0.776219367981,0.623858034611
-0.729781866074,0.106406874955,1.38779497147,0.0356635674834,0.0862284600735,0.775028526783,0.624998927116
-0.729794025421,0.105891935527,1.38780808449,0.0347231552005,0.086410023272,0.77499550581,0.625067710876
-0.729749560356,0.105750352144,1.38754224777,0.0347012504935,0.0870184153318,0.775623440742,0.624205112457
-0.729777872562,0.105239100754,1.38750183582,0.0340525768697,0.0871936604381,0.775591671467,0.624255895615
-0.729785919189,0.104754403234,1.38743925095,0.0332796573639,0.0871874913573,0.775625944138,0.624255776405
-0.729726731777,0.104209378362,1.38738799095,0.032331995666,0.0870131850243,0.775514781475,0.624467790127
-0.729685425758,0.103594914079,1.38728833199,0.0313628613949,0.0872555077076,0.775305509567,0.624743461609
-0.729835033417,0.103019833565,1.38716864586,0.0310422871262,0.0876059010625,0.774874389172,0.625245034695
-0.729938805103,0.102339163423,1.38714969158,0.0305559411645,0.0880962386727,0.774333059788,0.625870466232
-0.729874670506,0.10194323957,1.38694047928,0.0302788559347,0.087533980608,0.774052798748,0.626309454441
-0.729937434196,0.101346582174,1.38684618473,0.0299009475857,0.0874964147806,0.773471951485,0.627049803734
-0.730104923248,0.100549355149,1.38683593273,0.0292297769338,0.0879766196012,0.772479712963,0.628236353397
-0.72993606329,0.100026316941,1.38672924042,0.0287460256368,0.0871789231896,0.772320091724,0.628566026688
-0.729929566383,0.0994846075773,1.38666784763,0.0284562837332,0.0870945677161,0.771923780441,0.629077494144
-0.730059862137,0.0988334566355,1.38662350178,0.0284151919186,0.0873189643025,0.771158754826,0.629985809326
-0.730287134647,0.0979844331741,1.3866815567,0.0281265638769,0.0875558555126,0.770051062107,0.631319463253
-0.730278253555,0.0974235832691,1.38664937019,0.0279228612781,0.0869949609041,0.769849359989,0.631652057171
-0.730310678482,0.096750818193,1.38665449619,0.0277200099081,0.0865464434028,0.769354403019,0.632325232029
-0.730640411377,0.0959557890892,1.38701426983,0.026222044602,0.0851571410894,0.768109381199,0.634088873863
-0.729906260967,0.0951338410378,1.38675785065,0.0262239668518,0.084391489625,0.76870828867,0.633465111256
-0.730440735817,0.0945223942399,1.38699543476,0.025929780677,0.0847398713231,0.767479836941,0.634918570518
-0.730760872364,0.0938389822841,1.38687181473,0.0262001845986,0.0843588411808,0.766559720039,0.636068701744
-0.730543673038,0.09305113554,1.38672947884,0.026491984725,0.0846734791994,0.766453266144,0.63614320755
-0.730813324451,0.0921795517206,1.38710165024,0.02491354011,0.0830696225166,0.765575349331,0.637474060059
-0.730429112911,0.0914526134729,1.38676309586,0.0258961524814,0.0835473537445,0.765885531902,0.636999666691
-0.730467200279,0.0906447172165,1.38677930832,0.0255939196795,0.0833493247628,0.765475809574,0.637530267239
-0.730498790741,0.0897557809949,1.38706588745,0.0240069013089,0.0826188400388,0.764863371849,0.638421475887
-0.730726182461,0.0888069272041,1.38689506054,0.0240487437695,0.0817591100931,0.76390004158,0.639682710171
-0.730823218822,0.0879037678242,1.3869767189,0.024822100997,0.0810069292784,0.764612734318,0.638896763325
-0.730687022209,0.0869698747993,1.38685572147,0.0254118163139,0.0810598805547,0.765163600445,0.638207137585
-0.7299669981,0.0860349461436,1.38674747944,0.0231594927609,0.0800127834082,0.763755202293,0.640109181404
-0.730231046677,0.0853311121464,1.38721978664,0.0221823453903,0.0814629644156,0.762635588646,0.641294717789
-0.730457901955,0.0843692272902,1.38710737228,0.0218331199139,0.0805675089359,0.761269986629,0.643039941788
-0.730139732361,0.0833121240139,1.38736009598,0.0208956692368,0.0808124467731,0.760887026787,0.643493592739
-0.729836404324,0.0824526846409,1.3873796463,0.0208721179515,0.0810014382005,0.760653316975,0.64374679327
-0.729860365391,0.0810485035181,1.38729000092,0.020883757621,0.0793743506074,0.75924372673,0.645610332489
-0.72964400053,0.0802752897143,1.38768279552,0.0196278952062,0.0791834890842,0.758364140987,0.646705985069
-0.729325771332,0.0790789499879,1.38750946522,0.0214034020901,0.0779986158013,0.759765803814,0.645146548748
-0.728774785995,0.0777977257967,1.38767385483,0.0203414727002,0.0766482725739,0.759023606777,0.646215617657
-0.728698253632,0.077053271234,1.38791036606,0.0185392368585,0.0773568376899,0.755862116814,0.64988052845
-0.72853076458,0.0759021565318,1.38811779022,0.0203899573535,0.0774049833417,0.756759524345,0.648774147034
-0.728068292141,0.0747872367501,1.38816821575,0.0202185586095,0.0767997130752,0.755961298943,0.649781167507
-0.727483570576,0.0737709403038,1.38815391064,0.0195552837104,0.0769303739071,0.753544151783,0.652587592602
-0.727502584457,0.0725543648005,1.38833749294,0.0203347876668,0.0758104175329,0.75336676836,0.652899503708
-0.726459681988,0.0714536309242,1.38803493977,0.019278626889,0.0750051885843,0.750840961933,0.655927181244
-0.725982546806,0.0701313763857,1.38823437691,0.020535249263,0.0744440406561,0.751784443855,0.654871344566
-0.725130617619,0.0691587850451,1.38814413548,0.0211380496621,0.0735713019967,0.750970125198,0.655884563923
-0.725527882576,0.0682109296322,1.38825023174,0.0209910310805,0.0762422010303,0.746160149574,0.661053359509
-0.725036501884,0.067146666348,1.38815975189,0.0218084547669,0.0761452838778,0.744610786438,0.662782847881
-0.724462211132,0.0657550171018,1.38809609413,0.0244102608413,0.0754545480013,0.745053172112,0.66227376461
-0.723688840866,0.0648945122957,1.38780236244,0.0247340872884,0.0770012289286,0.742085039616,0.665408849716
-0.723451197147,0.0634711608291,1.38786792755,0.0267910454422,0.0755686312914,0.741582930088,0.666052877903
-0.723069965839,0.0623770393431,1.38789570332,0.0278708226979,0.0760315805674,0.739352822304,0.668430745602
-0.722170054913,0.0613304004073,1.38779079914,0.0277381855994,0.0773342549801,0.735826313496,0.67216783762
-0.721772313118,0.060149397701,1.38797104359,0.0291384756565,0.077285811305,0.733932435513,0.674181818962
-0.721263170242,0.0588171370327,1.38831055164,0.0298518352211,0.0771234035492,0.732889354229,0.675302863121
-0.720407068729,0.0576603934169,1.38842082024,0.0283992178738,0.0776778310537,0.729272663593,0.679206311703
-0.720298349857,0.0560991019011,1.38869261742,0.0302941929549,0.0771419778466,0.727806508541,0.680756390095
-0.719045877457,0.0546973571181,1.38887238503,0.0292969495058,0.0744997635484,0.726322650909,0.682676374912
-0.719268262386,0.0536363050342,1.3886282444,0.031470451504,0.0792929008603,0.720762848854,0.687912225723
-0.718803942204,0.0524717345834,1.38879072666,0.0316667072475,0.0793002173305,0.718048155308,0.690735578537
-0.718357861042,0.0510918349028,1.38897442818,0.0332319997251,0.0783811882138,0.716686964035,0.69217902422
-0.717757582664,0.0496118813753,1.38931465149,0.031368650496,0.077980093658,0.712803065777,0.696309685707
-0.717211723328,0.0482952781022,1.38947677612,0.0331653654575,0.0770161449909,0.712779939175,0.696357190609
-0.716639399529,0.0470252931118,1.38952684402,0.0332930982113,0.0774036794901,0.708695471287,0.700464963913
-0.716660320759,0.0455333851278,1.3895277977,0.0354009792209,0.0777842700481,0.707032561302,0.701998174191
-0.716020584106,0.043883997947,1.38983249664,-0.0337539315224,-0.0770600661635,-0.703010320663,-0.70618635416
-0.715218365192,0.0424644574523,1.38985490799,-0.0326725505292,-0.0759336203337,-0.700671672821,-0.708678901196
-0.714978456497,0.041014149785,1.38995540142,-0.0341515317559,-0.0757433846593,-0.698594152927,-0.710677742958
-0.714668631554,0.039564859122,1.39012181759,-0.0346076264977,-0.0757890716195,-0.696298003197,-0.71290075779
-0.715305387974,0.0380777418613,1.38996517658,-0.038054715842,-0.0780520290136,-0.694144666195,-0.714578866959
-0.714832723141,0.0366677083075,1.39005410671,-0.0378543585539,-0.0784581899643,-0.690235733986,-0.718321740627
-0.71468770504,0.0351305380464,1.39011144638,-0.0389631614089,-0.0778014212847,-0.68954449892,-0.71899741888
-0.714153409004,0.0336375199258,1.39028155804,-0.038250412792,-0.0777071118355,-0.685884475708,-0.722537994385
-0.713936090469,0.0320830345154,1.39040660858,-0.0386483259499,-0.0776752606034,-0.683569848537,-0.724710464478
-0.713993906975,0.0303030628711,1.39063537121,-0.0390085019171,-0.0771868079901,-0.68256765604,-0.725687146187
-0.713682949543,0.0289850197732,1.39051699638,-0.0396275483072,-0.0777738392353,-0.678783416748,-0.729132354259
-0.71323633194,0.0273114275187,1.39067494869,-0.0386263430119,-0.0763850584626,-0.676977157593,-0.731009781361
-0.713494956493,0.0259913578629,1.39042937756,-0.0408700555563,-0.0780130177736,-0.674535274506,-0.73297059536
-0.713324904442,0.0241325739771,1.39065408707,-0.0404402837157,-0.0776925683022,-0.672252118587,-0.735122978687
-0.71323877573,0.0226652622223,1.39051795006,-0.040977742523,-0.0777021870017,-0.669847726822,-0.73728376627
-0.713319182396,0.020840216428,1.39063882828,-0.0414499491453,-0.0769491791725,-0.669122576714,-0.737994372845
-0.713428318501,0.0195594448596,1.39042758942,-0.0428396724164,-0.0782365128398,-0.664996445179,-0.741500973701
-0.713514149189,0.0179780907929,1.39028453827,-0.0443890169263,-0.0778338387609,-0.664430618286,-0.741959214211
-0.712880790234,0.0160808693618,1.39074981213,-0.0414438918233,-0.0761216059327,-0.661149978638,-0.745230615139
-0.713446736336,0.0148177221417,1.39025938511,-0.0448148176074,-0.0778994560242,-0.658521771431,-0.747176229954
-0.713458657265,0.0130704361945,1.39045166969,-0.0445821769536,-0.0771428570151,-0.65625333786,-0.749261677265
-0.712850689888,0.0112133622169,1.3907212019,-0.0428039096296,-0.0738060846925,-0.65654104948,-0.749449372292
-0.713553488255,0.00978489033878,1.39040994644,-0.0453144647181,-0.0765466317534,-0.651783049107,-0.753170728683
-0.713435947895,0.0081764664501,1.39038348198,-0.0460717380047,-0.075726531446,-0.650164246559,-0.754605531693
-0.713552176952,0.00614805519581,1.39082241058,-0.0445831120014,-0.073946416378,-0.649535119534,-0.755412757397
-0.713686645031,0.00498672574759,1.3902964592,-0.0472073741257,-0.0751632079482,-0.646036565304,-0.758128464222
-0.713652551174,0.00323268398643,1.39035224915,-0.0464441441,-0.0747141465545,-0.643900871277,-0.760034501553
-0.713569462299,0.00139142945409,1.39063680172,-0.0449982173741,-0.0733380168676,-0.642030000687,-0.761836051941
-0.713674426079,-0.000266283750534,1.3906545639,-0.045169480145,-0.0726234689355,-0.640311479568,-0.763339281082
-0.713876962662,-0.00205021351576,1.39088284969,-0.0456683561206,-0.0718484669924,-0.63855946064,-0.76484900713
-0.714155316353,-0.00391528755426,1.39086997509,-0.0462060123682,-0.0710268989205,-0.638156354427,-0.765229821205
-0.714223742485,-0.00552679225802,1.39085245132,-0.0464557036757,-0.070455789566,-0.636601984501,-0.766561090946
-0.714178264141,-0.00703873112798,1.39074468613,-0.0468051247299,-0.07082028687,-0.633535504341,-0.769042730331
-0.714433133602,-0.00893310084939,1.39078807831,-0.0470775961876,-0.0696961209178,-0.633130431175,-0.769462168217
-0.71447622776,-0.0105557516217,1.39076435566,-0.0473229475319,-0.0695003047585,-0.631729781628,-0.770615160465
-0.714250326157,-0.0120527595282,1.39063549042,-0.0480285212398,-0.069163814187,-0.631327450275,-0.770931482315
-0.714379906654,-0.0136917121708,1.39061820507,-0.0477673970163,-0.0696551203728,-0.627946019173,-0.773660421371
-0.714418590069,-0.015261515975,1.39058089256,-0.0480777919292,-0.0691578835249,-0.626872062683,-0.774556159973
-0.714811682701,-0.0171420574188,1.39054834843,-0.0485908165574,-0.0680851265788,-0.626739859581,-0.77472615242
-0.71435290575,-0.0187778547406,1.39066791534,-0.0468602851033,-0.065807543695,-0.626419603825,-0.77528834343
-0.71464663744,-0.0204917676747,1.39066851139,-0.0469409935176,-0.0654303133488,-0.625261008739,-0.776250004768
-0.714606285095,-0.0219332873821,1.39054048061,-0.0471049509943,-0.065490193665,-0.622902333736,-0.778129160404
-0.714771151543,-0.0235635153949,1.390396595,-0.0467516221106,-0.0656536966562,-0.621178925037,-0.779513120651
-0.714993774891,-0.0252443887293,1.39044284821,-0.0464643537998,-0.0651294142008,-0.620028197765,-0.780489683151
-0.715119540691,-0.0267948210239,1.39035570621,-0.0467079244554,-0.0644736588001,-0.61937636137,-0.781047046185
-0.715370774269,-0.0284747630358,1.39041543007,-0.0472909472883,-0.0636625811458,-0.618989109993,-0.781385421753
-0.715635538101,-0.030143070966,1.39043557644,-0.0474587082863,-0.0630252659321,-0.618415057659,-0.781881213188
-0.715698182583,-0.0316301546991,1.39049804211,-0.0460693389177,-0.0636622533202,-0.61733353138,-0.782766997814
-0.71622055769,-0.033407907933,1.39061391354,-0.0470180958509,-0.0616981647909,-0.618557393551,-0.781901180744
-0.716461181641,-0.0349552407861,1.39062988758,-0.0472122952342,-0.0614040568471,-0.618194103241,-0.782199978828
-0.716398715973,-0.0362952984869,1.39069902897,-0.0457623936236,-0.0624333843589,-0.616173803806,-0.783796966076
-0.716453373432,-0.0376763939857,1.39071393013,-0.0450815819204,-0.0627629309893,-0.614584386349,-0.785057067871
-0.717091321945,-0.0394542329013,1.3907545805,-0.0469714812934,-0.0603720881045,-0.617335319519,-0.782972574234
-0.717032015324,-0.0406943112612,1.39078533649,-0.0457692407072,-0.0611494556069,-0.615781784058,-0.78420573473
-0.717227876186,-0.0420954376459,1.39083623886,-0.0455358847976,-0.0609173998237,-0.615608394146,-0.784373581409
-0.717690944672,-0.0437944084406,1.3909277916,-0.0463075712323,-0.0593244843185,-0.617066383362,-0.783304154873
-0.717677235603,-0.0450722649693,1.39076018333,-0.0455810986459,-0.0602275840938,-0.61533010006,-0.784642517567
-0.717991709709,-0.0465809032321,1.39078974724,-0.0466750152409,-0.0586675144732,-0.617419421673,-0.783053576946
-0.718116044998,-0.0477605722845,1.39092230797,-0.0460476353765,-0.0591578520834,-0.616117954254,-0.784078299999
-0.718398928642,-0.0492074340582,1.39082026482,-0.0459897182882,-0.0590814948082,-0.615856826305,-0.784292519093
-0.718527793884,-0.0505577251315,1.39084839821,-0.0459416732192,-0.058627307415,-0.616178929806,-0.784076392651
-0.718762397766,-0.0518095642328,1.39082717896,-0.0458862408996,-0.0583923496306,-0.616689562798,-0.783695697784
-0.719065785408,-0.0532226264477,1.39097881317,-0.0454747863114,-0.0578944273293,-0.618304789066,-0.782482981682
-0.7192299366,-0.054477699101,1.39076042175,-0.0452865958214,-0.0580118447542,-0.61699283123,-0.783519983292
-0.719415128231,-0.0557277202606,1.39070260525,-0.044305190444,-0.0584502406418,-0.616938531399,-0.783586263657
-0.719681680202,-0.0570138283074,1.39103734493,-0.0446143038571,-0.057384185493,-0.619527339935,-0.781602561474
-0.719708800316,-0.0581142455339,1.3909047842,-0.0432434603572,-0.0582163929939,-0.618171811104,-0.782690525055
-0.720133543015,-0.0595983713865,1.39101016521,-0.043823454529,-0.0569710358977,-0.620418548584,-0.780970394611
-0.720234155655,-0.060741648078,1.3909279108,-0.0436285957694,-0.0568282268941,-0.62069606781,-0.780771136284
-0.720488190651,-0.0617358759046,1.39088332653,-0.0431207157671,-0.0568851567805,-0.620401799679,-0.781029105186
-0.720705270767,-0.0629059076309,1.39157354832,-0.0415025316179,-0.0569279901683,-0.622847855091,-0.779164552689
-0.720790863037,-0.0640591755509,1.39155364037,-0.0412265583873,-0.0568073764443,-0.623591780663,-0.778592646122
-0.720957398415,-0.0650731474161,1.3915040493,-0.0404687523842,-0.0573877356946,-0.622812569141,-0.779213249683
-0.721265435219,-0.0663464665413,1.39146304131,-0.0406986325979,-0.0563982948661,-0.625136613846,-0.777410566807
-0.721454501152,-0.0672994554043,1.3906955719,-0.0421986877918,-0.0554752126336,-0.625076889992,-0.777445018291
-0.721601068974,-0.0683281049132,1.39061307907,-0.0422780774534,-0.0551112927496,-0.626981377602,-0.775931477547
-0.721567690372,-0.0691766291857,1.39056491852,-0.0410864837468,-0.0562185682356,-0.626123726368,-0.776608347893
-0.721703648567,-0.070253379643,1.39052641392,-0.0409511104226,-0.0560370832682,-0.627063155174,-0.775870323181
-0.72233402729,-0.0712138563395,1.39035320282,-0.043517306447,-0.057167224586,-0.628620743752,-0.774386286736
-0.722571611404,-0.0722707211971,1.39024865627,-0.0436747707427,-0.0569715499878,-0.629832684994,-0.773406505585
-0.722708940506,-0.0731454566121,1.39003920555,-0.0439978986979,-0.0564425103366,-0.630866885185,-0.772583544254
-0.722705900669,-0.073899820447,1.38996064663,-0.0441288650036,-0.0566639900208,-0.63221424818,-0.771457791328
-0.722748935223,-0.0747032761574,1.38988208771,-0.0439752489328,-0.0567916184664,-0.633032143116,-0.770786106586
-0.722641944885,-0.0753295645118,1.3898037672,-0.0434697531164,-0.0575186014175,-0.632908642292,-0.770862281322
-0.72278803587,-0.0762391090393,1.38979411125,-0.0436218045652,-0.0572404377162,-0.635402858257,-0.768819868565
-0.722865641117,-0.0769023299217,1.38971066475,-0.0438334681094,-0.0572438724339,-0.6363286376,-0.768041431904
-0.722884058952,-0.0775236263871,1.38962268829,-0.0436563566327,-0.0574945099652,-0.637392699718,-0.767149925232
-0.723052561283,-0.0781685933471,1.38965404034,-0.044080555439,-0.0571289658546,-0.639535367489,-0.765367805958
-0.723047554493,-0.0787632465363,1.389585495,-0.0439130403101,-0.0573290027678,-0.640502035618,-0.764553666115
-0.723085522652,-0.0793085843325,1.38948261738,-0.0437165275216,-0.0576142556965,-0.641787230968,-0.763464927673
-0.723045229912,-0.0798218548298,1.3893969059,-0.0435362197459,-0.0578976273537,-0.642902612686,-0.762514770031
-0.723029017448,-0.0802967101336,1.38935685158,-0.042912889272,-0.0586964301765,-0.643693685532,-0.761821389198
-0.723058879375,-0.0807943046093,1.38927924633,-0.0429194606841,-0.0589619241655,-0.644972920418,-0.760717689991
-0.723018288612,-0.0811956226826,1.38919854164,-0.0429835133255,-0.0590913519263,-0.646336913109,-0.759545505047
-0.723384201527,-0.0817736536264,1.38918972015,-0.0432322025299,-0.0589514523745,-0.646620452404,-0.75930082798
-0.723339676857,-0.0821782946587,1.38909685612,-0.0433377735317,-0.0593080893159,-0.647879123688,-0.758193254471
-0.723187446594,-0.0825975984335,1.38903033733,-0.0430621579289,-0.060253188014,-0.648833692074,-0.757317781448
-0.723144769669,-0.0829993486404,1.38888502121,-0.0434014759958,-0.0607659183443,-0.649907529354,-0.756335914135
-0.723085999489,-0.0834281221032,1.38811302185,-0.0452288277447,-0.0604776665568,-0.650919318199,-0.755381286144
-0.722907364368,-0.0835957527161,1.38871669769,-0.0440725460649,-0.0622005946934,-0.652407348156,-0.754024803638
-0.722742438316,-0.0838692560792,1.38854265213,-0.0440495163202,-0.0641549527645,-0.65187394619,-0.754323720932
-0.722616910934,-0.0844072028995,1.38851261139,-0.045345056802,-0.0626337379217,-0.654346942902,-0.752230584621
-0.722765147686,-0.084520354867,1.38836956024,-0.0471338704228,-0.0647296756506,-0.654875218868,-0.751483082771
-0.722553551197,-0.0848936885595,1.38830924034,-0.0474829152226,-0.0649230107665,-0.655888497829,-0.750560283661
-0.722038328648,-0.0852081477642,1.38822853565,-0.0477067418396,-0.0657116472721,-0.657024085522,-0.749483406544
-0.722346425056,-0.085571795702,1.38821780682,-0.0481971614063,-0.0653092861176,-0.65768969059,-0.748903274536
-0.721919715405,-0.086035117507,1.38815140724,-0.0477280877531,-0.0640530586243,-0.658815860748,-0.748051524162
-0.721773505211,-0.0863087251782,1.38809096813,-0.0485868044198,-0.0643683373928,-0.65964692831,-0.747236251831
-0.721591114998,-0.0865998715162,1.38799631596,-0.0492399260402,-0.0645619630814,-0.660423517227,-0.746490478516
-0.721294343472,-0.0867692381144,1.38803017139,-0.0494921803474,-0.0648458302021,-0.661358058453,-0.745621323586
-0.720826864243,-0.0868357121944,1.38787865639,-0.0503535605967,-0.0651794970036,-0.66270595789,-0.744336664677
-0.720757901669,-0.0870102643967,1.38779222965,-0.0509209409356,-0.0652663111687,-0.663008213043,-0.744021177292
-0.720695257187,-0.0872598141432,1.38776898384,-0.0516556575894,-0.0661852732301,-0.663220703602,-0.743700027466
-0.720484495163,-0.0873707532883,1.38776159286,-0.0516967475414,-0.0657971054316,-0.66364210844,-0.743355512619
-0.720425188541,-0.0874815881252,1.38830244541,-0.051189340651,-0.0669514387846,-0.663796544075,-0.743149638176
-0.72033894062,-0.0878002792597,1.38840663433,-0.051034335047,-0.0671902298927,-0.663743436337,-0.743186056614
-0.720239758492,-0.0878860354424,1.38841152191,-0.0513728410006,-0.0673102736473,-0.663934648037,-0.74298119545
-0.720110714436,-0.0880281031132,1.38845443726,-0.0513587333262,-0.0672303214669,-0.66401219368,-0.742920100689
-0.720278322697,-0.0879686623812,1.38849425316,-0.0515639446676,-0.0671404674649,-0.663574278355,-0.743305146694
-0.720280230045,-0.0880666822195,1.38815140724,-0.0526746064425,-0.0668108165264,-0.663494944572,-0.743327796459
-0.720084249973,-0.0878832042217,1.38784813881,-0.052731372416,-0.067691475153,-0.662068426609,-0.744515001774
-0.720098614693,-0.0879036188126,1.38783931732,-0.0529353544116,-0.0678348690271,-0.661947250366,-0.74459528923
-0.720041811466,-0.0878124907613,1.38783025742,-0.0534474849701,-0.0679584518075,-0.662235617638,-0.744290947914
-0.720029652119,-0.0877232030034,1.38784599304,-0.0537087470293,-0.0681469365954,-0.662384331226,-0.744122505188
-0.719631671906,-0.0875444561243,1.38784277439,-0.0539918318391,-0.0685840547085,-0.663442492485,-0.743118643761
-0.720075964928,-0.0873390436172,1.38783955574,-0.054515209049,-0.0687542930245,-0.662788629532,-0.743647992611
-0.720056891441,-0.087234094739,1.38786315918,-0.0545679740608,-0.0687124431133,-0.662984728813,-0.743473052979
-0.71978366375,-0.0868883132935,1.38781702518,-0.0551199764013,-0.0692376568913,-0.663962721825,-0.742510139942
-0.719388246536,-0.0866050049663,1.38788127899,-0.0543461367488,-0.0680021420121,-0.664937257767,-0.74180907011
-0.719476163387,-0.0864756032825,1.38784384727,-0.0559495165944,-0.0671120509505,-0.666784584522,-0.740110814571
-0.719511330128,-0.0862101763487,1.38793075085,-0.0563006959856,-0.0674197599292,-0.66700053215,-0.739861607552
-0.719562649727,-0.0859682708979,1.3879250288,-0.0566234514117,-0.067477658391,-0.667124509811,-0.739719927311
-0.72002530098,-0.0857209861279,1.38788437843,-0.0577670708299,-0.0686360150576,-0.666502952576,-0.740085124969
-0.720037460327,-0.0853882580996,1.38788127899,-0.0578407980502,-0.06898304075,-0.666088283062,-0.740420341492
-0.720144450665,-0.0851113796234,1.38792526722,-0.0583021976054,-0.0688261985779,-0.666834533215,-0.739726662636
-0.720317721367,-0.0847354084253,1.38786804676,-0.0590053498745,-0.0690931007266,-0.667033731937,-0.739466428757
-0.720414042473,-0.0844879373908,1.38791453838,-0.0591413639486,-0.0691982880235,-0.667025566101,-0.739453136921
-0.720614790916,-0.0841638296843,1.38796949387,-0.0592862069607,-0.0691969096661,-0.666802763939,-0.739642560482
-0.720601320267,-0.0837950259447,1.38809037209,-0.0589780658484,-0.0688445270061,-0.666982829571,-0.739537715912
-0.720738828182,-0.0834535509348,1.38821840286,-0.0588924027979,-0.0689597651362,-0.666883826256,-0.739623069763
-0.721231639385,-0.083288192749,1.38834357262,-0.0588628463447,-0.0684852004051,-0.665865898132,-0.7405859828
-0.721047759056,-0.0828701555729,1.38854169846,-0.0576232001185,-0.06735701859,-0.66655176878,-0.74016982317
-0.721502304077,-0.0824426859617,1.38850426674,-0.0585304163396,-0.0686226561666,-0.665827214718,-0.740634322166
-0.721574187279,-0.0818963199854,1.38865709305,-0.0584457181394,-0.0688291341066,-0.666008114815,-0.740459322929
-0.72170317173,-0.081463009119,1.38856422901,-0.058732252568,-0.0683750137687,-0.666026473045,-0.740462124348
-0.721800744534,-0.0810443609953,1.38864600658,-0.0585641413927,-0.068306080997,-0.666005313396,-0.740500867367
-0.721562564373,-0.0804182142019,1.38866353035,-0.05809571594,-0.0670264139771,-0.666756689548,-0.739978373051
-0.721737921238,-0.0799155756831,1.38880908489,-0.0576997511089,-0.0668396800756,-0.666685581207,-0.740090191364
-0.721938073635,-0.0795064717531,1.38892030716,-0.0579708479345,-0.0670208632946,-0.666399896145,-0.74030995369
-0.722002208233,-0.0788956582546,1.38896131516,-0.0576972067356,-0.0661537945271,-0.666434109211,-0.740378499031
-0.721991300583,-0.078216150403,1.3889747858,-0.0570059791207,-0.0668530240655,-0.665296494961,-0.741391718388
-0.722253918648,-0.0777416825294,1.38911819458,-0.0572920069098,-0.0661294236779,-0.666081130505,-0.740729689598
-0.722127556801,-0.0770024955273,1.38915193081,-0.0573214776814,-0.0658311322331,-0.66688644886,-0.740029096603
-0.722756206989,-0.0764064788818,1.38918149471,-0.0586869008839,-0.0668140724301,-0.666063010693,-0.740575253963
-0.722945511341,-0.0757304653525,1.3891556263,-0.0590524487197,-0.0665270313621,-0.665978550911,-0.740648031235
-0.723089814186,-0.0751252472401,1.38922297955,-0.0588906481862,-0.0660463199019,-0.665836572647,-0.740831553936
-0.723395526409,-0.0745062530041,1.38929402828,-0.059059958905,-0.065894074738,-0.665416479111,-0.741209030151
-0.723136246204,-0.0736431181431,1.38945794106,-0.0577886030078,-0.064510256052,-0.66594684124,-0.740954637527
-0.723698318005,-0.0729789733887,1.38944423199,-0.0588478781283,-0.0650588572025,-0.66515904665,-0.741530537605
-0.723922967911,-0.0722454786301,1.38957417011,-0.0587151683867,-0.0650008246303,-0.66499632597,-0.741692245007
-0.723995625973,-0.0711918324232,1.38961613178,-0.0591703169048,-0.0651892200112,-0.66528147459,-0.741383731365
-0.724137783051,-0.0704284757376,1.38974618912,-0.0587485544384,-0.0645883902907,-0.665203869343,-0.741539597511
-0.724379718304,-0.0696338564157,1.38983404636,-0.0585926622152,-0.0645186826587,-0.664813041687,-0.741908371449
-0.724601089954,-0.068698272109,1.38984835148,-0.058725591749,-0.0643578022718,-0.664852499962,-0.741876423359
-0.724952399731,-0.0678452551365,1.38987350464,-0.058858897537,-0.0642810463905,-0.664468348026,-0.742216467857
-0.724716186523,-0.067030698061,1.39010930061,-0.0571574755013,-0.0625106692314,-0.665159702301,-0.741881370544
-0.72492736578,-0.0659154355526,1.39021444321,-0.0557240955532,-0.0639877989888,-0.663335740566,-0.743495881557
-0.725161790848,-0.0649323612452,1.39021587372,-0.0572101697326,-0.0625470727682,-0.665232479572,-0.741809129715
-0.725327074528,-0.0639737844467,1.3903106451,-0.0568351075053,-0.0621713511646,-0.665182054043,-0.741914629936
-0.7253895998,-0.0627586990595,1.39033281803,-0.0553345941007,-0.0632108449936,-0.663563549519,-0.743388056755
-0.725646197796,-0.0616847239435,1.39037907124,-0.055457431823,-0.0632887259126,-0.663454413414,-0.743469715118
-0.725995659828,-0.0608380064368,1.39056432247,-0.0564861819148,-0.06226471439,-0.664778769016,-0.742294728756
-0.726046204567,-0.0595194287598,1.39053297043,-0.0552595965564,-0.0631799250841,-0.663234889507,-0.743689537048
-0.726717948914,-0.0585052780807,1.39045488834,-0.0562821701169,-0.0642799735069,-0.662159979343,-0.744476079941
-0.726936936378,-0.0574330836535,1.39038658142,-0.0564543679357,-0.0641744956374,-0.662114977837,-0.74451225996
-0.727163612843,-0.0562502928078,1.3905326128,-0.0561502128839,-0.0641650930047,-0.661984503269,-0.744651854038
-0.727473914623,-0.0553006157279,1.39053368568,-0.0567485541105,-0.0635869577527,-0.661899864674,-0.744731545448
-0.727339684963,-0.054219212383,1.39061379433,-0.0562732890248,-0.0614170506597,-0.663696825504,-0.743349015713
-0.727458715439,-0.0529912859201,1.39071297646,-0.0556665211916,-0.0615117363632,-0.663978636265,-0.743135213852
-0.728036761284,-0.0517656989396,1.39068627357,-0.0567391104996,-0.0626434460282,-0.663407862186,-0.743469238281
-0.727890014648,-0.0505644343793,1.39075648785,-0.0553545281291,-0.0614459440112,-0.663910269737,-0.743225097656
-0.7288210392,-0.0493317320943,1.39084124565,-0.0568129904568,-0.0643730908632,-0.662521898746,-0.744105637074
-0.728924393654,-0.0479914806783,1.39082944393,-0.0567843168974,-0.0645461007953,-0.662803828716,-0.743841767311
-0.728371024132,-0.0469416454434,1.39101243019,-0.0540910959244,-0.0613350979984,-0.663494348526,-0.74369853735
-0.728594303131,-0.0456450805068,1.39093017578,-0.0543684586883,-0.0612775720656,-0.663491547108,-0.743685543537
-0.72902661562,-0.0442570783198,1.39087152481,-0.0536683872342,-0.0638317763805,-0.661033809185,-0.745707392693
-0.729386210442,-0.0432161279023,1.39102315903,-0.0544397868216,-0.062491375953,-0.662229776382,-0.744703352451
-0.729284644127,-0.0417080521584,1.39094233513,-0.053273614496,-0.0636849626899,-0.660960495472,-0.745813310146
-0.729592502117,-0.0405660271645,1.39101457596,-0.0541769228876,-0.0625349357724,-0.662301540375,-0.744654893875
-0.729749202728,-0.0392901860178,1.39073181152,-0.0547610893846,-0.0620591565967,-0.662245869637,-0.744701564312
-0.729804575443,-0.0377753674984,1.39094257355,-0.0532906167209,-0.0636747553945,-0.660355448723,-0.746348679066
-0.729911863804,-0.0364477299154,1.39093017578,-0.0529914349318,-0.0633061826229,-0.660189688206,-0.746547877789
-0.729996502399,-0.0350410416722,1.39153933525,-0.0513926036656,-0.0643638297915,-0.65992641449,-0.746802091599
-0.729998469353,-0.0338899120688,1.39098262787,-0.0534257814288,-0.0614758469164,-0.662093818188,-0.74498218298
-0.730575323105,-0.0323199033737,1.39155364037,-0.0533821061254,-0.0642258524895,-0.661112010479,-0.745624780655
-0.730604708195,-0.0312817022204,1.39103269577,-0.0538699030876,-0.0620863363147,-0.660888791084,-0.745968699455
-0.730959653854,-0.0295643135905,1.39093339443,-0.0548861995339,-0.0636636167765,-0.660530924797,-0.74607872963
-0.73040241003,-0.0283444561064,1.39113366604,-0.0527136288583,-0.0606650561094,-0.661348462105,-0.745760858059
-0.730386137962,-0.0267327222973,1.3909611702,-0.0516415983438,-0.0616088844836,-0.659621953964,-0.747285962105
-0.73140758276,-0.0254148226231,1.39093518257,-0.0548826567829,-0.063387952745,-0.659711718559,-0.746826887131
-0.731370389462,-0.0239413846284,1.39093160629,-0.0548252388835,-0.0633374229074,-0.659639060497,-0.746899485588
-0.731640338898,-0.022498479113,1.39097392559,-0.0553560853004,-0.0642078146338,-0.65922665596,-0.747150301933
-0.730767309666,-0.0210140924901,1.39096152782,-0.0513470172882,-0.0613501444459,-0.658518791199,-0.748299837112
-0.731010258198,-0.019614810124,1.39099502563,-0.0513406060636,-0.061430554837,-0.65803694725,-0.748717427254
-0.731413781643,-0.0181903932244,1.39098489285,-0.0521308220923,-0.0626930147409,-0.657173454762,-0.749316453934
-0.731505453587,-0.0167862735689,1.39100372791,-0.0531373694539,-0.062006868422,-0.658063650131,-0.748521089554
-0.731563091278,-0.0153553877026,1.39075529575,-0.0535074844956,-0.0616988092661,-0.657684922218,-0.748852968216
-0.731741845608,-0.0139888208359,1.39099740982,-0.0532063804567,-0.0615641586483,-0.657897591591,-0.748698711395
-0.731826364994,-0.0124612953514,1.39081931114,-0.0531273148954,-0.0622994117439,-0.656244218349,-0.750093281269
-0.731959819794,-0.0111473929137,1.39080929756,-0.0538519211113,-0.0622113272548,-0.657220005989,-0.749193966389
-0.731600642204,-0.00960736349225,1.39072656631,-0.0531562753022,-0.0609046965837,-0.657666325569,-0.748959302902
-0.732045769691,-0.0082298014313,1.3907494545,-0.0536009632051,-0.0614838860929,-0.656588315964,-0.749825656414
-0.732131540775,-0.0068563260138,1.39119315147,-0.0527473166585,-0.0627767294645,-0.656057953835,-0.750243365765
-0.732048690319,-0.00524279102683,1.39061427116,-0.0539157576859,-0.0616940334439,-0.656141102314,-0.750177264214
-0.732123017311,-0.00387490913272,1.39048433304,-0.0544716976583,-0.0621385499835,-0.655519425869,-0.750643610954
-0.732261478901,-0.00215331837535,1.39055597782,-0.0548967123032,-0.0630998685956,-0.655255675316,-0.750762760639
-0.732416749001,-0.000801157206297,1.39037930965,-0.0551386140287,-0.0630663782358,-0.65451914072,-0.751390099525
-0.732027947903,0.000568455085158,1.39041042328,-0.0540867820382,-0.0617664381862,-0.654890656471,-0.751250803471
-0.731994330883,0.00200015865266,1.39033782482,-0.0542977899313,-0.0618103928864,-0.654307365417,-0.751740157604
-0.732025742531,0.00344687327743,1.39039981365,-0.0542339161038,-0.061727207154,-0.653873622417,-0.752128899097
-0.732308149338,0.00491732731462,1.39018940926,-0.0554865784943,-0.0630427449942,-0.652786612511,-0.752872228622
-0.732213318348,0.00628415122628,1.39019882679,-0.0553317293525,-0.0626082196832,-0.652382791042,-0.753269791603
-0.732251703739,0.0078249424696,1.39018118382,-0.05574208498,-0.0631071925163,-0.651901364326,-0.753614604473
-0.732215285301,0.00929098762572,1.39007163048,-0.055801615119,-0.0626996085048,-0.651819586754,-0.753714978695
-0.731561720371,0.0103811360896,1.3900731802,-0.0535469725728,-0.059722609818,-0.652008235455,-0.753957092762
-0.732124149799,0.0119669102132,1.38984024525,-0.0560852400959,-0.0619660466909,-0.650627970695,-0.754783272743
-0.732043325901,0.0134339891374,1.38983201981,-0.0561480000615,-0.062190964818,-0.650080680847,-0.755231678486
-0.732023835182,0.0148691534996,1.38969922066,-0.056562114507,-0.0619202591479,-0.649814367294,-0.755452036858
-0.731918334961,0.0161974206567,1.38957774639,-0.0568109452724,-0.0616960190237,-0.649208247662,-0.755972862244
-0.731256306171,0.0174416545779,1.38949012756,-0.0551890581846,-0.0585795752704,-0.649510025978,-0.756081581116
-0.73153668642,0.0190188363194,1.38932716846,-0.0564452968538,-0.0617156475782,-0.646213173866,-0.758560359478
-0.731567561626,0.0203466303647,1.38922595978,-0.0580110810697,-0.0606720000505,-0.647272884846,-0.757622241974
-0.731423437595,0.0217873938382,1.38891017437,-0.0578911341727,-0.0616043508053,-0.644732654095,-0.759719252586
-0.731549620628,0.0231655295938,1.38892781734,-0.0590541474521,-0.0606778115034,-0.645596623421,-0.758970201015
-0.730852007866,0.0243414118886,1.3889734745,-0.0569066107273,-0.0576714500785,-0.645444512367,-0.759498000145
-0.731075882912,0.0259480085224,1.38853001595,-0.0586835257709,-0.0608530044556,-0.642763495445,-0.761385858059
-0.731002449989,0.0273599475622,1.38839530945,-0.0590417943895,-0.0610613636672,-0.641994416714,-0.761990129948
-0.730877637863,0.0287060402334,1.38826155663,-0.0594865456223,-0.0607983022928,-0.641315579414,-0.762547910213
-0.730906665325,0.0300119742751,1.38826036453,-0.0597618184984,-0.0612078979611,-0.639720201492,-0.763832628727
-0.730548262596,0.0313894599676,1.38850259781,-0.0588387511671,-0.0610446296632,-0.639381885529,-0.764200508595
-0.730519413948,0.0328090488911,1.3882869482,-0.0593726783991,-0.0611715205014,-0.638168632984,-0.765162587166
-0.730460524559,0.0341358706355,1.38798606396,-0.0602821670473,-0.0609861984849,-0.637287557125,-0.765840232372
-0.730269193649,0.0355033166707,1.38792741299,-0.0602194443345,-0.0611764788628,-0.636438965797,-0.766535520554
-0.729944109917,0.0366830006242,1.38805282116,-0.0590507946908,-0.060131944716,-0.635743975639,-0.767285346985
-0.730018079281,0.0381510779262,1.38775134087,-0.0607766881585,-0.0611323341727,-0.634303331375,-0.768263161182
-0.729882657528,0.0394775681198,1.38761866093,-0.0611200928688,-0.0611635260284,-0.633440136909,-0.768945276737
-0.730204463005,0.040694385767,1.3874745369,-0.0613673254848,-0.0611973144114,-0.631505787373,-0.770512521267
-0.729849100113,0.0420750901103,1.38740348816,-0.0618538632989,-0.0610713623464,-0.63210529089,-0.769991755486
-0.729769587517,0.0434373281896,1.38723313808,-0.0620509274304,-0.0616812482476,-0.630324244499,-0.771385967731
-0.728978335857,0.0447587557137,1.38739728928,-0.0587473027408,-0.0592367053032,-0.630183637142,-0.771951019764
-0.728852987289,0.0458688959479,1.38736653328,-0.0584366619587,-0.0592426396906,-0.629291236401,-0.772701859474
-0.729052782059,0.0470528528094,1.38733422756,-0.0598534606397,-0.0582804456353,-0.62989294529,-0.772175967693
-0.729412376881,0.0481432713568,1.38729667664,-0.0595938451588,-0.0580011382699,-0.62821149826,-0.773585677147
-0.729142606258,0.0493996627629,1.3872269392,-0.0598926767707,-0.0584529265761,-0.628085017204,-0.773631215096
-0.72901058197,0.0508935004473,1.38695955276,-0.0601325556636,-0.059053029865,-0.626074373722,-0.775195300579
-0.729096472263,0.05195460096,1.38692998886,-0.0603450350463,-0.0586966723204,-0.626157999039,-0.775138318539
-0.72947794199,0.0530493743718,1.38688290119,-0.0601054243743,-0.0587644018233,-0.62397390604,-0.776910960674
-0.729223310947,0.0543669462204,1.38671505451,-0.0605793744326,-0.0588523000479,-0.624243378639,-0.776650965214
-0.729247868061,0.0555143877864,1.38650465012,-0.0600681677461,-0.0592221692204,-0.623127639294,-0.777558028698
-0.72953659296,0.0565909668803,1.38665997982,-0.0603276416659,-0.0586573220789,-0.622858405113,-0.777796447277
-0.72961640358,0.0576970987022,1.3865468502,-0.0596544183791,-0.0589338988066,-0.621907234192,-0.778588235378
-0.729686260223,0.0588653460145,1.38642549515,-0.0598652921617,-0.0587957166135,-0.621693134308,-0.778753399849
-0.730212032795,0.0596825256944,1.3865557909,-0.060030233115,-0.0579855330288,-0.620833158493,-0.779487252235
-0.730405151844,0.0608300864697,1.38647484779,-0.0602152496576,-0.0575511716306,-0.620652139187,-0.77964925766
-0.730241835117,0.0620049424469,1.38641059399,-0.0601801872253,-0.0576068274677,-0.621168494225,-0.779236555099
-0.730490684509,0.0628931596875,1.38653457165,-0.0598068609834,-0.0575244799256,-0.62097376585,-0.779426515102
-0.730722248554,0.063920609653,1.38653409481,-0.0596205219626,-0.0571433380246,-0.620981156826,-0.77946305275
-0.731314897537,0.0647533163428,1.38659441471,-0.058973915875,-0.0563921518624,-0.619987249374,-0.780357599258
-0.731641590595,0.0656883791089,1.38660514355,-0.059219520539,-0.0552866123617,-0.621391952038,-0.779300034046
-0.73175907135,0.0667953938246,1.38656449318,-0.0587049014866,-0.0556564666331,-0.620197057724,-0.780263960361
-0.732072412968,0.0676895231009,1.38665175438,-0.0580447800457,-0.0552590601146,-0.620265722275,-0.78028690815
-0.732326209545,0.0687588751316,1.38655614853,-0.0584171414375,-0.055065292865,-0.620505571365,-0.78008210659
-0.732627868652,0.0694278255105,1.38676202297,-0.0572942718863,-0.0545796938241,-0.620365858078,-0.780310571194
-0.732955813408,0.0703338980675,1.38683331013,-0.0569056682289,-0.0540936999023,-0.620583176613,-0.780200123787
-0.733343303204,0.0710880234838,1.38696813583,-0.0568092949688,-0.0532198175788,-0.621852219105,-0.779256165028
-0.733352184296,0.0721029341221,1.38683736324,-0.0562829822302,-0.0533863529563,-0.621047914028,-0.779924154282
-0.733639240265,0.0730440616608,1.38676452637,-0.0564677752554,-0.0532197020948,-0.621204614639,-0.779797375202
-0.733965873718,0.0735901892185,1.38697695732,-0.055659532547,-0.0520961508155,-0.622959077358,-0.778530776501
-0.73414939642,0.0744817331433,1.38692772388,-0.0551900826395,-0.0519499368966,-0.622590243816,-0.778868854046
-0.734257459641,0.0752826333046,1.38688898087,-0.0546396523714,-0.05200913921,-0.622115373611,-0.779283046722
-0.73461329937,0.0759338960052,1.38706707954,-0.0540392249823,-0.0519783571362,-0.622044503689,-0.779383480549
-0.734757363796,0.0768066942692,1.38701152802,-0.0540664568543,-0.0517823509872,-0.62235802412,-0.779144406319
-0.734985589981,0.0774974003434,1.3870395422,-0.0535614006221,-0.0513520948589,-0.622735500336,-0.778906047344
-0.735217690468,0.0781642347574,1.38704049587,-0.053397256881,-0.0512051917613,-0.622879087925,-0.778812229633
