x,y,z,q0,q1,q2,q3
0.580636978149,-0.145154759288,1.35182750225,-0.355710417032,-0.339763790369,0.589984238148,-0.640272915363
0.580598592758,-0.144334882498,1.35189628601,-0.355697453022,-0.339803248644,0.589578807354,-0.640632510185
0.580729663372,-0.143097877502,1.35167896748,-0.354618698359,-0.339340567589,0.589823424816,-0.641250371933
0.581156313419,-0.141840517521,1.35205817223,-0.354406505823,-0.33911895752,0.589815735817,-0.641491949558
0.581116676331,-0.140618428588,1.35182785988,-0.354480952024,-0.337994217873,0.590565443039,-0.641354501247
0.580667257309,-0.139307364821,1.35132479668,-0.354818791151,-0.336288243532,0.589996099472,-0.64258736372
0.580610752106,-0.138246074319,1.35181331635,-0.353742897511,-0.336805164814,0.590122163296,-0.642794191837
0.580808222294,-0.1370896101,1.35184073448,-0.353253722191,-0.336120456457,0.590291142464,-0.643266141415
0.581914722919,-0.136269405484,1.35207247734,-0.352700531483,-0.336638838053,0.590829133987,-0.64280462265
0.582004547119,-0.13521336019,1.35233604908,-0.351730406284,-0.336136758327,0.590134382248,-0.644235491753
0.582198143005,-0.134480595589,1.35277557373,-0.350341796875,-0.336951881647,0.589406192303,-0.645232141018
0.582596242428,-0.133265286684,1.35226559639,-0.350758939981,-0.335465252399,0.590019881725,-0.645219385624
0.582902312279,-0.132690086961,1.35277140141,-0.350082367659,-0.336296588182,0.589435279369,-0.64568823576
0.583046793938,-0.131333708763,1.35252439976,-0.349322497845,-0.335268527269,0.589837551117,-0.646266698837
0.583251774311,-0.1307259202,1.35294020176,-0.348204433918,-0.336336404085,0.588881492615,-0.647186338902
0.583539783955,-0.12951759994,1.35305452347,-0.347223430872,-0.336266160011,0.589570045471,-0.647123098373
0.58387029171,-0.128907904029,1.35298061371,-0.346621096134,-0.336389660835,0.589265286922,-0.647659182549
0.583714425564,-0.127584382892,1.35241925716,-0.348168075085,-0.334286123514,0.59018778801,-0.647078275681
0.584702074528,-0.127121716738,1.35322368145,-0.345996677876,-0.336191117764,0.588902831078,-0.648425459862
0.585019946098,-0.126642361283,1.35344958305,-0.344701319933,-0.337010890245,0.588168025017,-0.649356007576
0.585497915745,-0.125632613897,1.35360658169,-0.343938171864,-0.336867541075,0.589105188847,-0.64898532629
0.585733652115,-0.124871477485,1.35371184349,-0.342807292938,-0.337355136871,0.588299751282,-0.65006005764
0.585786819458,-0.12424646318,1.35394787788,-0.342345803976,-0.337770611048,0.587589025497,-0.650730073452
0.586166858673,-0.123236142099,1.35429513454,-0.341879814863,-0.337830245495,0.587879478931,-0.65068179369
0.585657000542,-0.122094802558,1.35365581512,-0.342591226101,-0.335807710886,0.588461279869,-0.65082859993
0.586486458778,-0.121742814779,1.35435724258,-0.3411257267,-0.337853372097,0.588087320328,-0.650877773762
0.586664617062,-0.120984531939,1.35440397263,-0.340423732996,-0.337963730097,0.58755749464,-0.65166580677
0.586831688881,-0.120180234313,1.35460829735,-0.339993715286,-0.338314682245,0.588134884834,-0.651187360287
0.586844921112,-0.119196973741,1.35495376587,-0.339481800795,-0.338421493769,0.58826482296,-0.651281476021
0.587072312832,-0.11860409379,1.35487055779,-0.339524626732,-0.338134586811,0.587397933006,-0.652190089226
0.586610794067,-0.117621541023,1.354642272,-0.339600265026,-0.337059259415,0.587811768055,-0.652334451675
0.587316215038,-0.117078252137,1.35504841805,-0.33853250742,-0.338331073523,0.587826967239,-0.652217268944
0.586772739887,-0.116166993976,1.35499680042,-0.338852256536,-0.337809771299,0.587132334709,-0.652946770191
0.586810827255,-0.115521356463,1.35521709919,-0.338520675898,-0.338045150042,0.58688634634,-0.65321803093
0.587467730045,-0.11494037509,1.35532855988,-0.337583065033,-0.338606119156,0.587301075459,-0.653039693832
0.587484359741,-0.114395581186,1.35564684868,-0.336659252644,-0.33928412199,0.586934030056,-0.653494656086
0.587026059628,-0.113378114998,1.35551512241,-0.337639480829,-0.338025003672,0.587843954563,-0.652823269367
0.587340116501,-0.112346790731,1.35592544079,-0.33710706234,-0.338519006968,0.588274598122,-0.652454435825
0.587439358234,-0.112312667072,1.35578775406,-0.336275339127,-0.339419811964,0.587040364742,-0.653526484966
0.587684035301,-0.111323826015,1.35588896275,-0.336046993732,-0.339174866676,0.58772867918,-0.653152346611
0.587625265121,-0.111179955304,1.35630345345,-0.335076034069,-0.340611934662,0.586952924728,-0.653600752354
0.587520003319,-0.110553398728,1.35598123074,-0.335196077824,-0.340252131224,0.586913347244,-0.653762042522
0.587462842464,-0.109697334468,1.35618710518,-0.33497428894,-0.340080112219,0.587134063244,-0.653767228127
0.586817145348,-0.108814761043,1.35581374168,-0.335598558187,-0.338980615139,0.587276995182,-0.653889477253
0.587411046028,-0.108154371381,1.35595369339,-0.335388302803,-0.339537650347,0.588830292225,-0.652309656143
0.587322711945,-0.107781171799,1.35628283024,-0.334973186255,-0.34013491869,0.588515460491,-0.652495801449
0.587084114552,-0.106889307499,1.35644423962,-0.33518281579,-0.340232551098,0.588507592678,-0.65234452486
0.587238192558,-0.106624558568,1.35684132576,-0.334670066833,-0.341165065765,0.588272988796,-0.652332246304
0.586967051029,-0.105743698776,1.35648882389,-0.334792464972,-0.339829325676,0.588822901249,-0.65247040987
0.586918950081,-0.105515606701,1.35674309731,-0.334614872932,-0.34075909853,0.588509917259,-0.652359068394
0.58691650629,-0.104682654142,1.35649454594,-0.335103541613,-0.33989751339,0.589150846004,-0.651978969574
0.586700379848,-0.104001007974,1.35691082478,-0.334354639053,-0.340164214373,0.589019596577,-0.65234297514
0.586659967899,-0.103716015816,1.35694074631,-0.333952873945,-0.340158194304,0.58802241087,-0.653450489044
0.586492538452,-0.103388302028,1.35697472095,-0.333594918251,-0.340522795916,0.587561845779,-0.653857707977
0.585835278034,-0.102140150964,1.35635077953,-0.335100978613,-0.337905973196,0.588490784168,-0.653609752655
0.586427330971,-0.102158896625,1.35751247406,-0.33289039135,-0.340223640203,0.588064610958,-0.653920352459
0.586279153824,-0.101927518845,1.35772144794,-0.332383781672,-0.340736567974,0.587480664253,-0.654435813427
0.586216449738,-0.100926458836,1.35760033131,-0.333557397127,-0.339661806822,0.588280975819,-0.653678119183
0.585238039494,-0.100081451237,1.35700619221,-0.334670364857,-0.33749499917,0.588315963745,-0.654199719429
0.584982037544,-0.0995425209403,1.35706806183,-0.334043979645,-0.337402045727,0.588060200214,-0.654797494411
0.585446953773,-0.0994533002377,1.35773134232,-0.333491295576,-0.338715404272,0.588143289089,-0.654326319695
0.584657549858,-0.0983842611313,1.35710299015,-0.334082722664,-0.336525470018,0.588564157486,-0.654776036739
0.58503973484,-0.0983746647835,1.35780346394,-0.333308190107,-0.338279724121,0.588210701942,-0.654584348202
0.584790587425,-0.0973668694496,1.35754919052,-0.333541333675,-0.336970180273,0.589053332806,-0.654383301735
0.583906710148,-0.0966020971537,1.35741770267,-0.3339189291,-0.335757106543,0.588892698288,-0.654958486557
0.583683669567,-0.0964936390519,1.35746026039,-0.333288282156,-0.336168587208,0.588479340076,-0.655440151691
0.58348017931,-0.096283249557,1.35761034489,-0.333271473646,-0.336565494537,0.588226020336,-0.6554723382
0.583803474903,-0.0958382189274,1.35773670673,-0.332546442747,-0.337042748928,0.588621079922,-0.655240595341
0.583541035652,-0.095484867692,1.35782527924,-0.332216560841,-0.33715313673,0.588483214378,-0.655475020409
0.583287596703,-0.0951169580221,1.35791575909,-0.331905126572,-0.337303161621,0.588262677193,-0.655753612518
0.583105802536,-0.0946055501699,1.35786998272,-0.332289814949,-0.336908400059,0.588688492775,-0.655379235744
0.582996308804,-0.0938865989447,1.35802459717,-0.331766813993,-0.336715817451,0.589197814465,-0.655285596848
0.582658648491,-0.0932975262403,1.35781371593,-0.332367092371,-0.336249142885,0.589503407478,-0.654946088791
0.582312583923,-0.0930128470063,1.35787284374,-0.332365632057,-0.336389034986,0.5895794034,-0.654806554317
0.582356035709,-0.0925558134913,1.35824298859,-0.331958115101,-0.336974233389,0.589956223965,-0.654372870922
0.58205717802,-0.0921539962292,1.35825705528,-0.331996530294,-0.337007403374,0.59003663063,-0.654263734818
0.581886649132,-0.0920586064458,1.35838341713,-0.332360327244,-0.337448328733,0.59009963274,-0.653794944286
0.581285893917,-0.0915694907308,1.35775411129,-0.332835167646,-0.336082398891,0.590416014194,-0.653971254826
0.580281257629,-0.0909542143345,1.35701084137,-0.334239304066,-0.334270507097,0.590571701527,-0.654043138027
0.580034852028,-0.090729855001,1.35705602169,-0.33442234993,-0.334677457809,0.59053504467,-0.653774380684
0.580515086651,-0.0905255228281,1.3569457531,-0.334141552448,-0.335079908371,0.591448068619,-0.652885973454
0.580238342285,-0.0904465541244,1.35718774796,-0.334104865789,-0.335957974195,0.591061830521,-0.652803242207
0.580100297928,-0.0904419571161,1.35728132725,-0.334571510553,-0.33647325635,0.591200590134,-0.652172863483
0.579799771309,-0.0900512635708,1.35711371899,-0.334573537111,-0.336500674486,0.591520190239,-0.651867926121
0.579651772976,-0.0896941572428,1.35689842701,-0.335087269545,-0.336406618357,0.591924309731,-0.651285409927
0.579467535019,-0.0894685909152,1.35678875446,-0.33542239666,-0.336457103491,0.59234380722,-0.65070527792
0.579295933247,-0.0892301499844,1.35669577122,-0.335694074631,-0.336612075567,0.592638552189,-0.650216460228
0.579101324081,-0.0890112891793,1.35673081875,-0.335666894913,-0.336872547865,0.592766404152,-0.649979054928
0.578988790512,-0.088869959116,1.35663938522,-0.335599720478,-0.336959958076,0.593067109585,-0.649694025517
0.578942418098,-0.088354036212,1.35616195202,-0.336364001036,-0.336373746395,0.593996405602,-0.64875292778
0.578888356686,-0.0881221592426,1.35597538948,-0.336860150099,-0.336651206017,0.594679355621,-0.647725045681
0.578717172146,-0.0882262811065,1.35604774952,-0.336678236723,-0.337720960379,0.594321250916,-0.647591412067
0.578673124313,-0.0878472477198,1.35603415966,-0.337099403143,-0.337705552578,0.594959795475,-0.646793544292
0.577927649021,-0.0872738212347,1.3556150198,-0.337956279516,-0.336633890867,0.595265269279,-0.646623969078
0.577859342098,-0.0870794653893,1.35551142693,-0.337814629078,-0.336645394564,0.595800757408,-0.646198511124
0.577826857567,-0.087204143405,1.35547626019,-0.338299632072,-0.337745159864,0.595707118511,-0.645456969738
0.578414678574,-0.0870835632086,1.35546123981,-0.337985128164,-0.3384514153,0.59648424387,-0.644533514977
0.578362941742,-0.0868462473154,1.35526621342,-0.338128596544,-0.338290780783,0.597002327442,-0.644062519073
0.578139603138,-0.0868621319532,1.35554730892,-0.338018894196,-0.339591681957,0.596677780151,-0.643736362457
0.578035771847,-0.0866750404239,1.35546064377,-0.338245928288,-0.339825421572,0.596969842911,-0.643222630024
0.577961444855,-0.0863373875618,1.35525357723,-0.338631659746,-0.339723467827,0.597617924213,-0.642471432686
0.577765583992,-0.08606775105,1.35525739193,-0.338500618935,-0.33990713954,0.597997128963,-0.642090559006
0.577644407749,-0.0858907997608,1.35519146919,-0.338758528233,-0.340290546417,0.598214566708,-0.641548514366
0.577571332455,-0.0858626067638,1.35495340824,-0.33891248703,-0.34056994319,0.598433494568,-0.641114532948
0.577215671539,-0.0854956060648,1.35527312756,-0.338685244322,-0.340899348259,0.598548591137,-0.640952110291
0.57666605711,-0.0849268585443,1.35429441929,-0.340896189213,-0.339024960995,0.599717497826,-0.639680445194
0.576510369778,-0.0846964269876,1.35421037674,-0.341118603945,-0.339174628258,0.600122928619,-0.639101922512
0.576411783695,-0.0844918638468,1.35405278206,-0.341464579105,-0.339234530926,0.60069167614,-0.638350605965
0.576134443283,-0.0843823999166,1.35431087017,-0.340996474028,-0.339805036783,0.600590348244,-0.638392746449
0.576032161713,-0.0844462513924,1.35442519188,-0.341319143772,-0.340300142765,0.600750505924,-0.637805581093
0.57579010725,-0.08393445611,1.35413384438,-0.341475576162,-0.339853316545,0.601536989212,-0.637218475342
0.575599789619,-0.0837036818266,1.35407066345,-0.341999709606,-0.340210825205,0.601654946804,-0.636635065079
0.576011538506,-0.0835066139698,1.35442733765,-0.341499984264,-0.341117918491,0.602277219296,-0.635829091072
0.575840234756,-0.0832936167717,1.35392677784,-0.341933101416,-0.340659528971,0.602678596973,-0.635461628437
0.575599014759,-0.0829819142818,1.35404253006,-0.342156082392,-0.340776771307,0.602938234806,-0.635032474995
0.575311124325,-0.0828292965889,1.35396873951,-0.342682987452,-0.340832144022,0.603050649166,-0.634611666203
0.575081825256,-0.0826266482472,1.35392951965,-0.343148589134,-0.341130048037,0.603182792664,-0.634074270725
0.574898779392,-0.0824044495821,1.35378944874,-0.343449085951,-0.34104269743,0.603466510773,-0.63368844986
0.574564218521,-0.0822071880102,1.35375750065,-0.342793256044,-0.34117987752,0.603243231773,-0.634182095528
0.574321329594,-0.0822119414806,1.35407602787,-0.342789322138,-0.341952502728,0.602929115295,-0.63406676054
0.574114501476,-0.0821188613772,1.35414063931,-0.342802613974,-0.342360138893,0.602837741375,-0.633926331997
0.573924303055,-0.081785403192,1.35394954681,-0.343191206455,-0.341982454062,0.603133141994,-0.633639097214
0.57367682457,-0.0816023126245,1.3538684845,-0.343483954668,-0.341885775328,0.603099942207,-0.633564114571
0.573478162289,-0.0814203321934,1.35378837585,-0.34359484911,-0.34191223979,0.603124797344,-0.633466005325
0.573294997215,-0.0817487165332,1.35389041901,-0.343323796988,-0.343000590801,0.602374017239,-0.633738875389
0.57306176424,-0.0815615653992,1.35375571251,-0.343572556973,-0.342992007732,0.602306485176,-0.633672893047
0.572870433331,-0.0814350247383,1.35366499424,-0.343830674887,-0.34319293499,0.602150261402,-0.633572697639
0.572788417339,-0.0811903625727,1.35355639458,-0.34470140934,-0.34289970994,0.602424740791,-0.632997095585
0.572669923306,-0.0812475830317,1.35349428654,-0.345363497734,-0.343034952879,0.602311372757,-0.63267070055
0.572549700737,-0.0807516798377,1.35299289227,-0.346318662167,-0.341981619596,0.602908432484,-0.632149994373
0.572174489498,-0.0801769867539,1.3528110981,-0.34643265605,-0.341396898031,0.602984547615,-0.632330954075
0.572109818459,-0.0800349861383,1.35289275646,-0.346470236778,-0.341753780842,0.602983236313,-0.632118821144
0.571842730045,-0.0799406915903,1.35273015499,-0.346329510212,-0.341869026423,0.60257935524,-0.632518470287
0.571588039398,-0.0797977298498,1.35271036625,-0.346489697695,-0.341968566179,0.602364957333,-0.632581233978
0.571337461472,-0.0796708241105,1.3525929451,-0.346882194281,-0.341891080141,0.6020809412,-0.632678210735
0.570857286453,-0.0792583376169,1.35233223438,-0.347392231226,-0.341155946255,0.601997554302,-0.632874727249
0.570572257042,-0.0792989432812,1.35247004032,-0.347424060106,-0.341626495123,0.601456165314,-0.6331179142
0.56967741251,-0.078847117722,1.35189890862,-0.349041312933,-0.340152978897,0.601336479187,-0.63313549757
0.569475769997,-0.0786715149879,1.35172224045,-0.349435716867,-0.339859545231,0.601341366768,-0.633071005344
0.569909155369,-0.0792492330074,1.35228610039,-0.348395943642,-0.34206610918,0.600644946098,-0.633116662502
0.569730222225,-0.0792655795813,1.35225701332,-0.348638832569,-0.342156022787,0.600432217121,-0.633136212826
0.569517612457,-0.0790155082941,1.35200464725,-0.34911608696,-0.341594427824,0.600562274456,-0.633053302765
0.568662285805,-0.07848764956,1.35151147842,-0.35031118989,-0.33973518014,0.600703299046,-0.633259475231
0.569087684155,-0.078812494874,1.35193622112,-0.349637985229,-0.341161370277,0.60055577755,-0.633004844189
0.568315505981,-0.0784665048122,1.35151028633,-0.350842565298,-0.339986890554,0.600331485271,-0.633183002472
0.568072199821,-0.0785165727139,1.35173130035,-0.35074788332,-0.340263098478,0.599890947342,-0.633504390717
0.568083882332,-0.0786361768842,1.35176348686,-0.351773768663,-0.340059310198,0.600108325481,-0.632838964462
0.567926764488,-0.0785975307226,1.35183370113,-0.351982444525,-0.339982420206,0.600020945072,-0.632847011089
0.568350076675,-0.0790413692594,1.3524620533,-0.351112395525,-0.341685146093,0.599611282349,-0.632801413536
0.567600309849,-0.0786499679089,1.35204255581,-0.352207869291,-0.340022981167,0.599694728851,-0.6330088377
0.567475736141,-0.0786424726248,1.35208916664,-0.352296829224,-0.3399091959,0.599643349648,-0.6330691576
0.56799197197,-0.0790403485298,1.35255253315,-0.351454734802,-0.341315627098,0.599472880363,-0.632941842079
0.567218244076,-0.0786599814892,1.35210430622,-0.35259604454,-0.339544028044,0.599660754204,-0.633082211018
0.567771732807,-0.0788918733597,1.35240006447,-0.351853311062,-0.340540200472,0.599860310555,-0.632771134377
0.567002177238,-0.0785153061152,1.35205805302,-0.352358996868,-0.339043408632,0.59978634119,-0.633363306522
0.566952586174,-0.0785375386477,1.35205984116,-0.352319300175,-0.338932335377,0.599981606007,-0.633260011673
0.566924631596,-0.0784707590938,1.35206067562,-0.3524094522,-0.33862131834,0.600231289864,-0.6331397295
0.566940665245,-0.078450024128,1.3519423008,-0.352497905493,-0.338298916817,0.600588023663,-0.632924199104
0.566931664944,-0.0783149674535,1.35191321373,-0.352486103773,-0.337811857462,0.600988745689,-0.632810592651
0.566939771175,-0.078349173069,1.35190558434,-0.35239353776,-0.337717294693,0.60129570961,-0.632621228695
0.567722856998,-0.0787953436375,1.35263216496,-0.351052194834,-0.339639216661,0.601312100887,-0.632322192192
0.567761898041,-0.0788885653019,1.35263097286,-0.350906133652,-0.3396012187,0.601615071297,-0.632135629654
0.56777715683,-0.0789503529668,1.35262107849,-0.35070925951,-0.339567631483,0.601710438728,-0.632171928883
0.56778550148,-0.0789086520672,1.35247075558,-0.350404798985,-0.3393676579,0.601953446865,-0.632217049599
0.567895770073,-0.0792045369744,1.35240638256,-0.350427210331,-0.339556545019,0.602012336254,-0.632046818733
0.568064391613,-0.0792564451694,1.35239303112,-0.350701004267,-0.339212626219,0.602546513081,-0.631570696831
0.568704009056,-0.0792202502489,1.35323953629,-0.349133640528,-0.340333789587,0.603010058403,-0.631393432617
0.568728089333,-0.079313904047,1.35325694084,-0.349005579948,-0.340303182602,0.603278756142,-0.631223917007
0.568762242794,-0.0794157236814,1.35327279568,-0.348949998617,-0.340317219496,0.603296399117,-0.631230175495
0.568194627762,-0.0796030908823,1.35234594345,-0.349932461977,-0.338648766279,0.603531122208,-0.63135945797
0.568150937557,-0.079900957644,1.35255742073,-0.349394381046,-0.33920660615,0.603252112865,-0.63162446022
0.567983388901,-0.0800151973963,1.35232424736,-0.349931687117,-0.338920891285,0.603323876858,-0.631411790848
0.567377567291,-0.0797213241458,1.35192072392,-0.351162940264,-0.337048619986,0.603758633137,-0.631314635277
0.567409336567,-0.0797720327973,1.35193884373,-0.350927650928,-0.33678111434,0.604074299335,-0.631286501884
0.56746762991,-0.0799736827612,1.35197293758,-0.350905239582,-0.336899995804,0.604172348976,-0.631141602993
0.567505419254,-0.0801731944084,1.35214614868,-0.350935667753,-0.337565243244,0.604027628899,-0.630907833576
0.568251013756,-0.0807202458382,1.35250020027,-0.349573343992,-0.33915874362,0.604030966759,-0.630806207657
0.568307459354,-0.0809315145016,1.35234415531,-0.34960052371,-0.339251697063,0.60416251421,-0.63061529398
0.568523228168,-0.0811003148556,1.35240399837,-0.350232958794,-0.339173465967,0.604708492756,-0.629782617092
0.568603515625,-0.0811979547143,1.35240185261,-0.35022482276,-0.339165717363,0.604942142963,-0.629566788673
0.568672716618,-0.0813851207495,1.35312509537,-0.349147975445,-0.340591520071,0.60452401638,-0.629796743393
0.568854987621,-0.0819383710623,1.35309553146,-0.348985552788,-0.341262668371,0.604290604591,-0.629747331142
0.568926870823,-0.0818590372801,1.35289394855,-0.348691672087,-0.341007709503,0.604535996914,-0.629812717438
0.56911277771,-0.0820782482624,1.35286676884,-0.348479807377,-0.341324567795,0.604532718658,-0.629761636257
0.569218039513,-0.0819423571229,1.35289132595,-0.348766416311,-0.3415184021,0.606114089489,-0.627975285053
0.569524466991,-0.0824983417988,1.35280108452,-0.349155753851,-0.341951459646,0.606090843678,-0.627545773983
0.569548070431,-0.0824707224965,1.35289859772,-0.348437964916,-0.341579765081,0.604730427265,-0.629456400871
0.569884538651,-0.0827580094337,1.35277938843,-0.348942697048,-0.34159180522,0.60502743721,-0.628884553909
0.570234775543,-0.0830034166574,1.35337626934,-0.347958087921,-0.342886537313,0.604500114918,-0.629232704639
0.570247590542,-0.0835213214159,1.35305917263,-0.348372101784,-0.342843770981,0.604231536388,-0.62928467989
0.569764256477,-0.0836765468121,1.35210835934,-0.349735558033,-0.341171979904,0.604110956192,-0.629552781582
0.569858253002,-0.0840843915939,1.35244727135,-0.348881393671,-0.342251509428,0.603399634361,-0.630122721195
0.570674538612,-0.0848190784454,1.35270559788,-0.347758710384,-0.344000726938,0.603088617325,-0.630088627338
0.570263326168,-0.0847006440163,1.35247409344,-0.348787695169,-0.342804729939,0.603155434132,-0.630107581615
0.570628583431,-0.0850992202759,1.35239422321,-0.348927497864,-0.34264677763,0.603419780731,-0.629863142967
0.57168161869,-0.0859290659428,1.35324704647,-0.347157031298,-0.345230311155,0.602977991104,-0.629853785038
0.571077644825,-0.0858401209116,1.35244572163,-0.34846162796,-0.343224734068,0.603028178215,-0.630181193352
0.571278393269,-0.0860442966223,1.35232949257,-0.348120123148,-0.343446224928,0.602772891521,-0.630493402481
0.571577727795,-0.0862844586372,1.35206413269,-0.348094373941,-0.342988461256,0.602894365788,-0.630640804768
0.572537004948,-0.0869315266609,1.3524723053,-0.347232162952,-0.34475055337,0.602600097656,-0.630436420441
0.572805643082,-0.0876717716455,1.35273385048,-0.346489399672,-0.345908790827,0.601736068726,-0.631035685539
0.57308703661,-0.087936386466,1.35283064842,-0.346743017435,-0.345946699381,0.60189807415,-0.630720973015
0.572673201561,-0.0879635885358,1.35226726532,-0.347585737705,-0.344528406858,0.601875722408,-0.631054759026
0.573425889015,-0.0886085182428,1.35240745544,-0.346125990152,-0.346007704735,0.601515829563,-0.631390571594
0.57315582037,-0.0890000239015,1.3521655798,-0.346714943647,-0.345309913158,0.601187646389,-0.631762087345
0.574306249619,-0.0893521755934,1.35262930393,-0.345699727535,-0.346372395754,0.601782858372,-0.631169855595
0.574586093426,-0.0897241234779,1.35255873203,-0.345695495605,-0.346497178078,0.601449787617,-0.631421029568
0.574842810631,-0.0904603153467,1.35277795792,-0.345558702946,-0.347367793322,0.600777566433,-0.631657600403
0.575023651123,-0.0913342013955,1.3524851799,-0.34544223547,-0.347932487726,0.59999781847,-0.632151484489
0.575344562531,-0.0917854383588,1.35220372677,-0.345407694578,-0.347710818052,0.600025892258,-0.63226556778
0.575378537178,-0.0917221903801,1.35240650177,-0.345015764236,-0.347347140312,0.600083529949,-0.632624745369
0.575613260269,-0.0926099345088,1.35207724571,-0.344822913408,-0.347815036774,0.599407434464,-0.633113384247
0.575766801834,-0.0931411832571,1.35198140144,-0.344934642315,-0.34776070714,0.599195301533,-0.633283257484
0.576003611088,-0.0940592437983,1.3522362709,-0.345208793879,-0.348354041576,0.598565638065,-0.63340318203
0.575948834419,-0.0943750888109,1.35208928585,-0.344971776009,-0.348197937012,0.59815633297,-0.634004473686
0.576143443584,-0.0945833623409,1.35204803944,-0.345205485821,-0.347812891006,0.598334372044,-0.633920907974
0.575940132141,-0.0955201163888,1.35190582275,-0.345269829035,-0.348119527102,0.597377836704,-0.634618997574
0.575930297375,-0.0958612337708,1.35181701183,-0.345640271902,-0.347628891468,0.597379386425,-0.634684979916
0.575982272625,-0.0967004150152,1.35175538063,-0.34580668807,-0.34814837575,0.596798062325,-0.634856283665
0.576083302498,-0.0971065834165,1.35128831863,-0.346642762423,-0.347613543272,0.597084581852,-0.634424030781
0.576125562191,-0.0977441444993,1.35116565228,-0.346852868795,-0.347739249468,0.596881449223,-0.634431421757
0.575567305088,-0.0982277542353,1.35077393055,-0.347542494535,-0.346949189901,0.596391618252,-0.634947001934
0.575780749321,-0.0987073257565,1.35049784184,-0.348353415728,-0.346418499947,0.596821725368,-0.634387969971
0.576648175716,-0.0998464301229,1.35059034824,-0.348340123892,-0.347835928202,0.596848487854,-0.633593976498
0.576705694199,-0.100453674793,1.3505781889,-0.348148018122,-0.348372668028,0.596283257008,-0.63393676281
0.576406300068,-0.101118840277,1.34960091114,-0.348500281572,-0.347174197435,0.595950245857,-0.634713292122
0.577134549618,-0.102554067969,1.35005295277,-0.347336053848,-0.349842935801,0.594776809216,-0.634986698627
0.577527046204,-0.103126905859,1.35007333755,-0.347154974937,-0.35065343976,0.594542860985,-0.634857714176
0.576876759529,-0.10364831239,1.34935390949,-0.347998023033,-0.349297195673,0.593963742256,-0.635685503483
0.577789545059,-0.104705512524,1.34957540035,-0.348068058491,-0.351085096598,0.59346473217,-0.635127961636
0.57791608572,-0.105980932713,1.34957039356,-0.347308605909,-0.352360248566,0.59209227562,-0.636117815971
0.578293383121,-0.106461413205,1.34916889668,-0.347439527512,-0.352313309908,0.592158854008,-0.636010229588
0.578419327736,-0.107389353216,1.34862756729,-0.348264038563,-0.35269933939,0.592612206936,-0.634922385216
0.578591525555,-0.108743451536,1.34896349907,-0.347796648741,-0.354481816292,0.590080976486,-0.636541068554
0.578930616379,-0.109361171722,1.34825670719,-0.348492771387,-0.353719890118,0.590039730072,-0.636622548103
0.579201877117,-0.110559783876,1.34812617302,-0.348151177168,-0.354714125395,0.58904337883,-0.637178599834
0.579109728336,-0.111179769039,1.34767794609,-0.348781555891,-0.3544267416,0.588442146778,-0.637549221516
0.579795181751,-0.112450689077,1.347905159,-0.348421365023,-0.356102406979,0.587741792202,-0.637458503246
0.579938471317,-0.113465294242,1.3474714756,-0.349143922329,-0.356268286705,0.587118625641,-0.637544691563
0.580189526081,-0.114516422153,1.3472276926,-0.349012494087,-0.356882274151,0.586324393749,-0.63800406456
0.580783486366,-0.115916758776,1.34695827961,-0.34989759326,-0.357737630606,0.585990548134,-0.637346506119
0.580980479717,-0.11687066406,1.3466963768,-0.349529087543,-0.358506172895,0.585141122341,-0.637897014618
0.581442713737,-0.118035122752,1.34629321098,-0.349474281073,-0.359390318394,0.584379196167,-0.638127923012
0.581888794899,-0.119368627667,1.3464987278,-0.348649144173,-0.361315578222,0.58308750391,-0.638673603535
0.582225561142,-0.120540104806,1.34605336189,-0.3489561975,-0.361988216639,0.58233755827,-0.638809144497
0.582444369793,-0.121498763561,1.34591937065,-0.34934976697,-0.362610161304,0.581831753254,-0.63870215416
0.582742035389,-0.122758977115,1.34570491314,-0.349082738161,-0.363772511482,0.581250488758,-0.638716459274
0.582792699337,-0.123871222138,1.34488689899,-0.350561708212,-0.363513618708,0.580742299557,-0.638516187668
0.583300828934,-0.12535096705,1.34452772141,-0.350287795067,-0.364814788103,0.579555749893,-0.639002144337
0.584510207176,-0.126925006509,1.34529972076,-0.349040776491,-0.368174165487,0.578534603119,-0.638683080673
0.584119260311,-0.128239393234,1.34479820728,-0.349593013525,-0.368867695332,0.57711327076,-0.639266550541
0.584613144398,-0.129693254828,1.34463071823,-0.349504292011,-0.370194762945,0.57616686821,-0.639401674271
0.585858523846,-0.131137877703,1.34447228909,-0.349174529314,-0.372149825096,0.5759293437,-0.638660311699
0.586328864098,-0.132506489754,1.34448182583,-0.349148452282,-0.373414218426,0.574332535267,-0.639374256134
0.586938500404,-0.13385912776,1.3444685936,-0.348915815353,-0.374621599913,0.573624610901,-0.639430463314
0.5869576931,-0.13490447402,1.34375238419,-0.350183486938,-0.374305993319,0.573238790035,-0.639268219471
0.587345778942,-0.136610820889,1.34425389767,-0.349228292704,-0.376965612173,0.571727573872,-0.63958132267
0.588621735573,-0.138029024005,1.34424805641,-0.348839819431,-0.378719359636,0.571560561657,-0.638906061649
0.589235365391,-0.139945283532,1.34458816051,-0.34775570035,-0.381531536579,0.569702684879,-0.639483273029
0.58933955431,-0.140848457813,1.34412193298,-0.348740965128,-0.3820104599,0.570377647877,-0.638057529926
0.590484559536,-0.142802476883,1.34482717514,-0.347701758146,-0.385195791721,0.569016039371,-0.637925088406
0.591241836548,-0.144162401557,1.34512853622,-0.346823126078,-0.38702955842,0.568160355091,-0.638056218624
0.592047333717,-0.145499885082,1.34506106377,-0.347155451775,-0.388083159924,0.568027853966,-0.637353181839
0.592665970325,-0.1468026191,1.34510588646,-0.346690267324,-0.389272063971,0.567327082157,-0.637505531311
0.593429923058,-0.148632317781,1.34535479546,-0.345883309841,-0.391584247351,0.566078960896,-0.637637376785
0.594180464745,-0.150060921907,1.34544157982,-0.345187455416,-0.393035769463,0.565450549126,-0.637678742409
0.594036400318,-0.151276573539,1.34520733356,-0.345461726189,-0.393431633711,0.56432890892,-0.638279438019
0.595307648182,-0.153149798512,1.34601521492,-0.343817353249,-0.396387517452,0.562482297421,-0.638968229294
0.596079051495,-0.154186025262,1.34574091434,-0.343662768602,-0.396833479404,0.563362717628,-0.637998104095
0.596426844597,-0.155622392893,1.34548592567,-0.34324836731,-0.39719119668,0.561530470848,-0.639611959457
0.597744703293,-0.157434687018,1.3460586071,-0.34197729826,-0.40054628253,0.560973286629,-0.638688743114
0.59862267971,-0.158763319254,1.34643757343,-0.340623944998,-0.402113497257,0.560932040215,-0.638463199139
0.599248766899,-0.160653874278,1.34679830074,-0.34008204937,-0.404280006886,0.559612393379,-0.638542115688
0.600216388702,-0.162028074265,1.34708726406,-0.338589459658,-0.40592238307,0.559043705463,-0.638791441917
0.601127207279,-0.163953498006,1.34733068943,-0.337405055761,-0.408082336187,0.557919502258,-0.639024615288
0.60165387392,-0.164857119322,1.3466937542,-0.337663054466,-0.407603263855,0.557665467262,-0.639415919781
0.602795124054,-0.16615344584,1.34749913216,-0.335637420416,-0.409908056259,0.557244956493,-0.639375567436
0.603468596935,-0.168168783188,1.34733426571,-0.335881859064,-0.411124974489,0.556442916393,-0.63916438818
0.604356944561,-0.169463679194,1.34790587425,-0.333480387926,-0.41296300292,0.556354939938,-0.639313459396
0.604835152626,-0.170962542295,1.34709465504,-0.335071384907,-0.412549227476,0.55675804615,-0.638397157192
0.606119632721,-0.172866359353,1.34766089916,-0.332934468985,-0.415474563837,0.555407166481,-0.638794541359
0.606191635132,-0.173918545246,1.3479244709,-0.331398308277,-0.416253715754,0.554531753063,-0.639845728874
0.606940746307,-0.175291538239,1.34800541401,-0.330298423767,-0.417182981968,0.553431451321,-0.640761375427
0.608844339848,-0.177310541272,1.34818708897,-0.329192012548,-0.419470787048,0.553687930107,-0.639614522457
0.609960794449,-0.178821235895,1.34836804867,-0.327762007713,-0.421363741159,0.553732872009,-0.639065563679
0.61020976305,-0.180245429277,1.34882819653,-0.325378954411,-0.423185408115,0.551912426949,-0.640652239323
0.610979735851,-0.181676566601,1.34884119034,-0.324217557907,-0.424098223448,0.551380813122,-0.641094982624
0.612225413322,-0.183215767145,1.34866702557,-0.325066626072,-0.424497812986,0.552285075188,-0.639620661736
0.612247228622,-0.184557557106,1.34835147858,-0.32286632061,-0.425118297338,0.550801217556,-0.641599476337
0.614273011684,-0.185960620642,1.34896671772,-0.322447359562,-0.42722672224,0.551771938801,-0.639572381973
0.614542782307,-0.187609314919,1.34847044945,-0.322608292103,-0.427011668682,0.551145195961,-0.640175044537
0.61549782753,-0.189166933298,1.34851491451,-0.320453107357,-0.428877949715,0.549184799194,-0.641692757607
0.616221487522,-0.191269516945,1.34835922718,-0.319591075182,-0.430417984724,0.548511505127,-0.641667485237
0.617966473103,-0.192562997341,1.34934175014,-0.316288352013,-0.433379560709,0.547766029835,-0.64194726944
0.61784350872,-0.193252950907,1.34891819954,-0.31697177887,-0.432231813669,0.548068761826,-0.642125666142
0.618697285652,-0.194918945432,1.3485891819,-0.316279411316,-0.433125704527,0.546642780304,-0.643079578876
0.619110047817,-0.196332752705,1.34857392311,-0.315721809864,-0.433265239,0.545695900917,-0.644062876701
0.619329810143,-0.197552144527,1.34793138504,-0.315229386091,-0.432927161455,0.545269727707,-0.64489197731
0.620528697968,-0.199175313115,1.3483723402,-0.313487589359,-0.435145288706,0.544449210167,-0.644941210747
0.620800256729,-0.20044618845,1.34833145142,-0.313211917877,-0.435404062271,0.543893158436,-0.645369589329
0.622288227081,-0.202208191156,1.34871959686,-0.310896724463,-0.438096523285,0.542598962784,-0.645756185055
0.621827125549,-0.203679084778,1.34769713879,-0.31172978878,-0.436960428953,0.542196452618,-0.646462082863
0.622701704502,-0.204856693745,1.34780061245,-0.310313314199,-0.437947005033,0.541030228138,-0.647452354431
0.623295307159,-0.206183940172,1.34787344933,-0.309312552214,-0.438996523619,0.540119230747,-0.647980868816
0.624233305454,-0.20746549964,1.34821748734,-0.308004170656,-0.440670877695,0.539404571056,-0.648062884808
0.624106943607,-0.208850622177,1.34735071659,-0.30855512619,-0.440303653479,0.538952469826,-0.648426353931
0.624477744102,-0.210189133883,1.34724342823,-0.30764451623,-0.440634787083,0.537364065647,-0.649950563908
0.624791622162,-0.211437225342,1.34712922573,-0.307046175003,-0.440995186567,0.536430895329,-0.650759518147
0.62531888485,-0.212737873197,1.3470736742,-0.306611299515,-0.442232608795,0.5357670784,-0.650671541691
0.625931441784,-0.213858291507,1.34758317471,-0.305178791285,-0.443739831448,0.535381317139,-0.650636553764
0.62579625845,-0.215130239725,1.34664726257,-0.306089878082,-0.442875981331,0.5348508358,-0.651233196259
0.626104772091,-0.216394275427,1.3465102911,-0.305333733559,-0.443533301353,0.533438444138,-0.652298152447
0.626304626465,-0.217487305403,1.34631025791,-0.305160135031,-0.444025158882,0.532467663288,-0.652837812901
0.626459777355,-0.218439370394,1.34608900547,-0.305184483528,-0.4439419806,0.531315326691,-0.653821110725
0.626884639263,-0.219932109118,1.34589207172,-0.304144799709,-0.444401979446,0.530621767044,-0.654555857182
0.627133131027,-0.221084877849,1.34570753574,-0.304538249969,-0.445463478565,0.528856277466,-0.655080020428
0.627435088158,-0.222367495298,1.34566259384,-0.304091542959,-0.446168482304,0.52745950222,-0.655933380127
0.627645075321,-0.223400786519,1.3453514576,-0.303938299417,-0.446253597736,0.526934027672,-0.656368672848
0.627848863602,-0.224561542273,1.34524321556,-0.303710788488,-0.446910083294,0.52642339468,-0.656437158585
0.62830889225,-0.225638568401,1.34521615505,-0.303185045719,-0.447687119246,0.524714946747,-0.657517552376
0.628121852875,-0.226408079267,1.34497869015,-0.302779495716,-0.447578966618,0.523295164108,-0.658908188343
0.628713190556,-0.228106185794,1.34474551678,-0.302898854017,-0.448692411184,0.522853970528,-0.658446013927
0.628765046597,-0.229007691145,1.34467244148,-0.302640289068,-0.449151039124,0.521774172783,-0.659108519554
0.629035353661,-0.230113625526,1.34447085857,-0.302515089512,-0.449603945017,0.519881725311,-0.660351395607
0.629205226898,-0.231167003512,1.34446406364,-0.302179843187,-0.450378209352,0.519368171692,-0.660381555557
0.629462122917,-0.232220575213,1.34435689449,-0.302053004503,-0.45103520155,0.518112659454,-0.660977065563
0.629625618458,-0.23337367177,1.34415400028,-0.301703363657,-0.451298505068,0.517020225525,-0.661811828613
0.629718780518,-0.234230622649,1.34397518635,-0.301973044872,-0.451776176691,0.516034543514,-0.662132203579
0.629811286926,-0.235162258148,1.34384906292,-0.301892876625,-0.452177017927,0.515041708946,-0.662667930126
0.630154788494,-0.236317887902,1.34361541271,-0.301703065634,-0.452667415142,0.514031946659,-0.663203299046
0.630260407925,-0.23727594316,1.34353983402,-0.301546245813,-0.453230947256,0.512704849243,-0.663916766644
0.630287587643,-0.238106742501,1.34320437908,-0.301258951426,-0.453315734863,0.511729598045,-0.66474121809
0.630628824234,-0.239305108786,1.34297001362,-0.301181226969,-0.45419678092,0.510556936264,-0.665076553822
0.630831062794,-0.240266382694,1.34283936024,-0.301828891039,-0.454663664103,0.509697973728,-0.665122747421
0.631058692932,-0.24125662446,1.34251260757,-0.301880508661,-0.455183714628,0.508803725243,-0.665428221226
0.631206274033,-0.242205217481,1.34241354465,-0.300865381956,-0.456020504236,0.507373452187,-0.666406393051
0.631399989128,-0.243059009314,1.342253685,-0.301241219044,-0.455958902836,0.5067897439,-0.666722893715
0.631325721741,-0.243754729629,1.34203934669,-0.300700068474,-0.456250905991,0.505784034729,-0.667530596256
0.631722867489,-0.245037287474,1.34180319309,-0.300487577915,-0.457295656204,0.504609286785,-0.667800426483
0.631937265396,-0.245752215385,1.34161496162,-0.300848990679,-0.457606673241,0.504279851913,-0.667673528194
0.632033765316,-0.246583551168,1.34143340588,-0.30095282197,-0.45786562562,0.502899646759,-0.668489634991
0.632252752781,-0.247569203377,1.34122920036,-0.300248324871,-0.458591520786,0.501761972904,-0.6691634655
0.632452428341,-0.248496606946,1.34111583233,-0.299790292978,-0.459257870913,0.500819802284,-0.669617533684
0.632633388042,-0.249408304691,1.34093880653,-0.299856752157,-0.460064917803,0.499915242195,-0.669709682465
0.632773756981,-0.250166654587,1.34075093269,-0.299631953239,-0.460066020489,0.499449402094,-0.670156955719
0.632824838161,-0.250700563192,1.34068512917,-0.299829035997,-0.460135966539,0.499147027731,-0.670246064663
0.63299882412,-0.251484721899,1.34044587612,-0.299701184034,-0.460559099913,0.498497247696,-0.670496284962
0.633117437363,-0.252371072769,1.34039855003,-0.298696517944,-0.461459964514,0.498054325581,-0.67065423727
0.633284807205,-0.253344148397,1.34023857117,-0.298551917076,-0.461941868067,0.497425019741,-0.670853793621
0.633490562439,-0.254157066345,1.34001111984,-0.298609822989,-0.462140262127,0.497075378895,-0.670950591564
0.633624732494,-0.25496584177,1.34006941319,-0.298304349184,-0.462928086519,0.496410816908,-0.671035349369
0.633741497993,-0.255798578262,1.3397321701,-0.298555731773,-0.463151037693,0.495987445116,-0.671082854271
0.633845210075,-0.256605148315,1.33961558342,-0.298492848873,-0.462755590677,0.495926618576,-0.671428382397
0.63379752636,-0.257213503122,1.33947193623,-0.298490107059,-0.463481545448,0.495533674955,-0.67121899128
0.633883237839,-0.257982611656,1.33930909634,-0.298495590687,-0.463927924633,0.495243489742,-0.671122431755
0.633680403233,-0.258520871401,1.33927989006,-0.297698795795,-0.46398088336,0.494451969862,-0.6720225811
0.633738279343,-0.259302854538,1.33918106556,-0.297564744949,-0.464397102594,0.494080811739,-0.672067463398
0.633938491344,-0.260371506214,1.33899354935,-0.297165811062,-0.463797301054,0.493566632271,-0.67303532362
0.633702218533,-0.260549902916,1.33898556232,-0.297547668219,-0.463285982609,0.49417424202,-0.672772943974
0.633915901184,-0.261643111706,1.3388402462,-0.297617703676,-0.465160340071,0.4935593009,-0.6718993783
0.63384449482,-0.26233240962,1.33874356747,-0.29772785306,-0.465399950743,0.493539184332,-0.671699404716
0.633728682995,-0.263054847717,1.33865201473,-0.297104269266,-0.46441501379,0.49263766408,-0.673317074776
0.633692145348,-0.263922035694,1.33868217468,-0.297005474567,-0.466050356627,0.4929728508,-0.6719840765
0.633557617664,-0.264441072941,1.33878052235,-0.297355294228,-0.466437131166,0.492907077074,-0.671609163284
0.63365650177,-0.265272796154,1.33865582943,-0.297796338797,-0.466788470745,0.492961466312,-0.671129524708
0.63351637125,-0.265889823437,1.33853626251,-0.297773838043,-0.466642081738,0.493063300848,-0.671166718006
0.633326530457,-0.266363441944,1.33843171597,-0.297427922487,-0.466323554516,0.492540836334,-0.67192453146
0.633039653301,-0.266744911671,1.33841538429,-0.296850591898,-0.466122657061,0.492884427309,-0.672067165375
0.633099675179,-0.267759740353,1.33845484257,-0.296868562698,-0.467076182365,0.49319589138,-0.671168148518
0.632749378681,-0.267881780863,1.33853113651,-0.297051250935,-0.466571927071,0.493602246046,-0.671139359474
0.632464170456,-0.268609434366,1.33828055859,-0.297110170126,-0.465077131987,0.49370393157,-0.672075331211
0.632770836353,-0.26941204071,1.33819103241,-0.297214210033,-0.466838747263,0.493932723999,-0.670638382435
0.632767319679,-0.269983589649,1.33797705173,-0.296774238348,-0.465769737959,0.493295967579,-0.672043800354
0.632380902767,-0.270429641008,1.33793878555,-0.296993017197,-0.466581851244,0.494258821011,-0.670674920082
0.632129132748,-0.27102664113,1.33789038658,-0.296534359455,-0.466842919588,0.493884384632,-0.670971930027
0.631906509399,-0.271596372128,1.33798146248,-0.296366721392,-0.465454816818,0.494130343199,-0.6718288064
0.631298482418,-0.27212613821,1.33762264252,-0.297333061695,-0.465011924505,0.494610637426,-0.671354830265
0.631395995617,-0.272249400616,1.33787071705,-0.29655790329,-0.465816795826,0.494960099459,-0.670882046223
0.631394982338,-0.27298605442,1.33785247803,-0.296703130007,-0.466200590134,0.49503454566,-0.670496225357
0.631171882153,-0.273567020893,1.33788430691,-0.296869814396,-0.466160565615,0.494545221329,-0.670811235905
0.630965530872,-0.274050146341,1.33783698082,-0.296399384737,-0.465114444494,0.495612353086,-0.670958042145
0.630801677704,-0.274414032698,1.33775317669,-0.296122074127,-0.464632898569,0.495663553476,-0.671375930309
0.630563676357,-0.274916470051,1.33776414394,-0.295925706625,-0.465745538473,0.495659023523,-0.670694708824
0.63031899929,-0.275357425213,1.33784687519,-0.295359134674,-0.464593738317,0.494851440191,-0.672337591648
0.630177795887,-0.275830864906,1.33785188198,-0.295585006475,-0.464945197105,0.495420306921,-0.671575963497
0.629965305328,-0.276213288307,1.33784520626,-0.296107262373,-0.465098470449,0.49664914608,-0.670330941677
0.629545450211,-0.276409715414,1.33786070347,-0.295600056648,-0.463767111301,0.496927767992,-0.67127007246
0.629201591015,-0.276816785336,1.33797442913,-0.295380949974,-0.463622748852,0.496803194284,-0.671558499336
0.629040777683,-0.277294754982,1.33798837662,-0.295938968658,-0.464169979095,0.497053474188,-0.67074906826
0.629007399082,-0.278161019087,1.33796823025,-0.295270502567,-0.464002996683,0.496595859528,-0.671497583389
0.62857991457,-0.278627455235,1.33777332306,-0.295854687691,-0.463099807501,0.497118741274,-0.671477198601
0.628587901592,-0.278904080391,1.33786845207,-0.295281708241,-0.462938934565,0.496383994818,-0.672383308411
0.628342807293,-0.279336065054,1.3380150795,-0.295617073774,-0.462647169828,0.496589779854,-0.672284722328
0.62811511755,-0.279752314091,1.3379997015,-0.295640230179,-0.463634759188,0.497376203537,-0.671011686325
0.627845585346,-0.280038744211,1.33789741993,-0.295289099216,-0.462136983871,0.496715128422,-0.672687113285
0.627481281757,-0.28044039011,1.33778429031,-0.294966965914,-0.461600929499,0.497628629208,-0.672521352768
0.627008497715,-0.280474305153,1.33784496784,-0.295174509287,-0.460919082165,0.498041540384,-0.672592282295
0.626962721348,-0.281033456326,1.33772957325,-0.295538067818,-0.460962235928,0.497538805008,-0.672775089741
0.626590132713,-0.281384587288,1.33770442009,-0.295307457447,-0.460670262575,0.497545182705,-0.673071622849
0.626312792301,-0.281687855721,1.33775055408,-0.294995248318,-0.460580676794,0.49764418602,-0.673196434975
0.626011192799,-0.282027125359,1.33772540092,-0.294678241014,-0.460126698017,0.498449355364,-0.673050045967
0.625560224056,-0.282093584538,1.33787608147,-0.294877201319,-0.459540426731,0.498862266541,-0.673057496548
0.625241339207,-0.282277047634,1.33781814575,-0.294686108828,-0.459197700024,0.49918115139,-0.673138797283
0.624902844429,-0.282393157482,1.33790826797,-0.295077830553,-0.45880267024,0.499043226242,-0.673338770866
0.62455958128,-0.28270471096,1.33794772625,-0.294730693102,-0.458799988031,0.49896338582,-0.673551797867
0.624280810356,-0.282897531986,1.3380048275,-0.295214682817,-0.459367543459,0.500175356865,-0.672052443027
0.624262630939,-0.283505380154,1.33796346188,-0.295398205519,-0.459214925766,0.499367922544,-0.672676324844
0.623855292797,-0.283728659153,1.33811950684,-0.29524871707,-0.458282828331,0.500437796116,-0.672582447529
0.623242855072,-0.283666819334,1.33827841282,-0.294456213713,-0.458024412394,0.500317335129,-0.673195183277
0.62318199873,-0.284291446209,1.33821725845,-0.294501662254,-0.458459317684,0.500245034695,-0.672932982445
0.622715950012,-0.284425795078,1.33810293674,-0.294646888971,-0.457831382751,0.499840855598,-0.673597097397
0.622308135033,-0.284587919712,1.33813750744,-0.294848501682,-0.457706481218,0.500010550022,-0.673467576504
0.6220266819,-0.284772843122,1.33818602562,-0.295377701521,-0.458342641592,0.500936865807,-0.672113239765
0.621579706669,-0.28499174118,1.33818089962,-0.295558094978,-0.458169877529,0.501747786999,-0.671546697617
0.621126353741,-0.285084366798,1.33814299107,-0.295917779207,-0.458287715912,0.502145171165,-0.671010613441
0.620695590973,-0.285341739655,1.33811986446,-0.295567899942,-0.458219021559,0.501981496811,-0.671334087849
0.620300173759,-0.285467594862,1.33806979656,-0.296085864305,-0.456870257854,0.502528429031,-0.671616017818
0.619856238365,-0.285656839609,1.33806562424,-0.29595965147,-0.457450896502,0.503227829933,-0.670752167702
0.619377672672,-0.285802721977,1.33802437782,-0.296179175377,-0.457029938698,0.5028886199,-0.671196401119
0.618974208832,-0.285876750946,1.33798921108,-0.296646416187,-0.456910520792,0.504191458225,-0.670093119144
0.618487775326,-0.285918563604,1.33811044693,-0.297037035227,-0.456501722336,0.504708826542,-0.669809162617
0.617741048336,-0.285732328892,1.33803522587,-0.297019809484,-0.45487767458,0.50441390276,-0.671142458916
0.617162168026,-0.285772651434,1.33795070648,-0.297182679176,-0.454527199268,0.504996597767,-0.670869588852
0.617106318474,-0.286495745182,1.33785021305,-0.297662228346,-0.455235600471,0.50517976284,-0.670038223267
0.616576552391,-0.286478698254,1.33776581287,-0.297872036695,-0.454908400774,0.505646824837,-0.669814944267
0.61595839262,-0.286564975977,1.33772945404,-0.297923594713,-0.454803794622,0.505814790726,-0.669736206532
0.615425229073,-0.286471188068,1.33774244785,-0.298386603594,-0.45443379879,0.506566882133,-0.669212520123
0.614971756935,-0.286527812481,1.33774340153,-0.298745781183,-0.455523371696,0.507857084274,-0.667331039906
0.614396691322,-0.286603808403,1.33774590492,-0.298577517271,-0.455765664577,0.508081078529,-0.667070329189
0.613875687122,-0.286741882563,1.33774495125,-0.299217432737,-0.455412060022,0.507969796658,-0.667109966278
0.613156914711,-0.286342918873,1.33785331249,-0.299371808767,-0.454621911049,0.508748888969,-0.666985750198
0.612812757492,-0.286415636539,1.3378238678,-0.299338519573,-0.453602582216,0.510472118855,-0.666377842426
0.612496614456,-0.286719083786,1.33774518967,-0.299724668264,-0.453980505466,0.510168671608,-0.666179299355
0.611927628517,-0.286704868078,1.33773887157,-0.300405144691,-0.454411268234,0.510027647018,-0.665686905384
0.611553132534,-0.286675512791,1.33788263798,-0.301016330719,-0.454425275326,0.51067084074,-0.664907693863
0.611026287079,-0.286550998688,1.33795034885,-0.300803720951,-0.453819960356,0.51113563776,-0.665060043335
0.610531687737,-0.286511957645,1.33795392513,-0.301602572203,-0.4550332129,0.512058377266,-0.663156807423
0.610091030598,-0.286595702171,1.3379175663,-0.301836848259,-0.454887747765,0.513066470623,-0.662370324135
0.609649717808,-0.286530792713,1.33797037601,-0.302204698324,-0.455144256353,0.513630211353,-0.661589086056
0.609308958054,-0.286565363407,1.33795368671,-0.302324652672,-0.455230087042,0.513936936855,-0.661236822605
0.608876228333,-0.286516666412,1.33792364597,-0.302608311176,-0.454265892506,0.513615965843,-0.662019312382
0.608509600163,-0.286542475224,1.3378970623,-0.302608191967,-0.454397380352,0.514110386372,-0.661545157433
0.607995927334,-0.286412388086,1.33785843849,-0.302813768387,-0.454283177853,0.514608442783,-0.66114205122
0.607572376728,-0.286315798759,1.33785784245,-0.303072601557,-0.454638004303,0.514774739742,-0.660650014877
0.607079088688,-0.286147594452,1.33787107468,-0.303646206856,-0.455124914646,0.516483962536,-0.658714473248
0.606752097607,-0.286170303822,1.33782196045,-0.304192781448,-0.455077707767,0.516356110573,-0.658595025539
0.60627502203,-0.286009639502,1.33777570724,-0.304833978415,-0.454982578754,0.516820132732,-0.658000051975
0.605858623981,-0.285871386528,1.33773076534,-0.305167257786,-0.454951673746,0.518019318581,-0.656923055649
0.605353415012,-0.285714894533,1.33773195744,-0.305613875389,-0.454660862684,0.518609464169,-0.656450986862
0.604898750782,-0.285661906004,1.33768832684,-0.306147634983,-0.454008162022,0.518202722073,-0.656975150108
0.604409337044,-0.285481601954,1.3377058506,-0.306804507971,-0.454015135765,0.519251048565,-0.655835092068
0.603823781013,-0.285121560097,1.3377623558,-0.307271063328,-0.453588843346,0.520021021366,-0.655301392078
0.603198170662,-0.284846127033,1.33784735203,-0.307568877935,-0.452620863914,0.520311832428,-0.655600070953
0.602583348751,-0.284382164478,1.33800399303,-0.307607382536,-0.452030301094,0.521227955818,-0.65526163578
0.601130783558,-0.284154713154,1.33889424801,-0.303849637508,-0.45315900445,0.518544077873,-0.658357441425
0.600470900536,-0.283743053675,1.33900201321,-0.304348796606,-0.452540814877,0.519403338432,-0.657874584198
0.599947631359,-0.283522605896,1.33906829357,-0.304884254932,-0.452757060528,0.521020412445,-0.656197071075
0.599203944206,-0.282978951931,1.33924663067,-0.305349767208,-0.451429277658,0.521011948586,-0.656901657581
0.599353253841,-0.28225710988,1.33859717846,-0.310314744711,-0.448200643063,0.525612592697,-0.653109848499
0.598523795605,-0.281516581774,1.33869707584,-0.311040461063,-0.447521090508,0.526785731316,-0.652284860611
0.59775531292,-0.281054973602,1.33888220787,-0.311746954918,-0.446777433157,0.527501761913,-0.651878595352
0.596493780613,-0.280374586582,1.33888721466,-0.311789155006,-0.445564061403,0.527853131294,-0.652404308319
0.595863640308,-0.279910475016,1.33966958523,-0.312422126532,-0.445793658495,0.528899788857,-0.651095747948
0.595116198063,-0.279514431953,1.33965015411,-0.313674539328,-0.444750517607,0.529922664165,-0.650374829769
0.594060897827,-0.278656721115,1.33994328976,-0.314381271601,-0.443655073643,0.531539559364,-0.649461507797
0.593140721321,-0.277924895287,1.33999574184,-0.31592091918,-0.441727101803,0.533144295216,-0.648712813854
0.591927468777,-0.277008295059,1.34038233757,-0.316223144531,-0.440339535475,0.534098207951,-0.648724138737
0.590784668922,-0.27625849843,1.3406021595,-0.317692428827,-0.438496470451,0.534990906715,-0.648519217968
0.589627385139,-0.275644600391,1.34087967873,-0.319059371948,-0.437154203653,0.536242246628,-0.647720396519
0.588332355022,-0.27465826273,1.34115946293,-0.320354878902,-0.43544781208,0.537518203259,-0.647172391415
0.586492776871,-0.273689836264,1.34088373184,-0.322246313095,-0.432615995407,0.539728283882,-0.646292507648
0.585720539093,-0.272917628288,1.34167683125,-0.323220342398,-0.431686848402,0.541334629059,-0.645083010197
0.584338903427,-0.271996080875,1.34192109108,-0.325056433678,-0.429689794779,0.54247802496,-0.644532978535
0.583070516586,-0.27129805088,1.34209990501,-0.326536297798,-0.427862495184,0.544176638126,-0.643567860126
0.581724226475,-0.270277321339,1.34218347073,-0.328087419271,-0.425046205521,0.545697391033,-0.643357396126
0.579791724682,-0.269114375114,1.3417840004,-0.330516695976,-0.422203123569,0.548798441887,-0.641345083714
0.578399658203,-0.268179357052,1.34193336964,-0.331888854504,-0.419859409332,0.550335764885,-0.640857636929
0.576965212822,-0.26685744524,1.34213805199,-0.333406746387,-0.417578160763,0.55196762085,-0.640156507492
0.575804114342,-0.265772640705,1.34230828285,-0.335419178009,-0.415283173323,0.55511623621,-0.637871563435
0.574581682682,-0.264846861362,1.34243905544,-0.336225867271,-0.413626223803,0.556564807892,-0.63726079464
0.573643565178,-0.263758301735,1.34301030636,-0.337579071522,-0.41220998764,0.558516442776,-0.635753750801
0.572186231613,-0.262485742569,1.3427157402,-0.339268147945,-0.40886387229,0.559789478779,-0.635895609856
0.571694016457,-0.261550039053,1.34328007698,-0.33942848444,-0.4088152349,0.562370181084,-0.633560061455
0.569824695587,-0.260233521461,1.34279870987,-0.342362254858,-0.405341058969,0.563900351524,-0.632853090763
0.569692194462,-0.259149551392,1.34361064434,-0.341801553965,-0.405172526836,0.566218316555,-0.631192445755
0.568148851395,-0.257628977299,1.34314656258,-0.344086527824,-0.402004271746,0.568419575691,-0.629997074604
0.567282319069,-0.256341993809,1.3433521986,-0.344646960497,-0.40062057972,0.570164859295,-0.628994166851
0.566082954407,-0.25493055582,1.34330141544,-0.346055984497,-0.398413568735,0.57186126709,-0.628081738949
0.565640985966,-0.253527164459,1.34367406368,-0.346122652292,-0.397169351578,0.573706746101,-0.627149224281
0.565600931644,-0.252247720957,1.34440743923,-0.346649318933,-0.397095113993,0.575747609138,-0.625031650066
0.564325809479,-0.25062173605,1.34399735928,-0.348244190216,-0.393962293863,0.577497601509,-0.624512732029
0.564053952694,-0.249233141541,1.34520351887,-0.346592903137,-0.394869148731,0.578303277493,-0.62411314249
0.56341189146,-0.247881323099,1.34567737579,-0.346368789673,-0.393815934658,0.579458594322,-0.623831272125
0.562360107899,-0.246223136783,1.34543335438,-0.348018437624,-0.391670376062,0.580976247787,-0.622851610184
0.562737882137,-0.244912832975,1.34596467018,-0.348711788654,-0.389827877283,0.583264887333,-0.621479272842
0.561276257038,-0.243103265762,1.3459635973,-0.349695295095,-0.387505918741,0.584135830402,-0.621560811996
0.56148660183,-0.241739600897,1.346098423,-0.350201010704,-0.386439502239,0.586087822914,-0.620100736618
0.561101913452,-0.24024900794,1.34657859802,-0.350128650665,-0.385607659817,0.587294995785,-0.619516968727
0.560682237148,-0.238664388657,1.34744083881,-0.34900200367,-0.385475963354,0.587763309479,-0.619790375233
0.560608386993,-0.237048149109,1.34774899483,-0.349823594093,-0.384377509356,0.589141905308,-0.618699669838
0.560671329498,-0.235544890165,1.34801959991,-0.349444925785,-0.383783787489,0.590516865253,-0.61797106266
0.561019957066,-0.234230339527,1.34876179695,-0.350239783525,-0.383370369673,0.592415332794,-0.615957200527
0.560081243515,-0.232563018799,1.34892690182,-0.349692821503,-0.382131546736,0.592480480671,-0.616974473
0.561167597771,-0.231269091368,1.34957325459,-0.349953442812,-0.382308721542,0.594791173935,-0.61448854208
0.560946166515,-0.229607403278,1.3495516777,-0.35045042634,-0.381593227386,0.596308887005,-0.613177716732
0.560519456863,-0.227967485785,1.35013568401,-0.349981158972,-0.381149888039,0.596616864204,-0.613421976566
0.561507225037,-0.226948574185,1.35127472878,-0.348221093416,-0.382342368364,0.596817135811,-0.613486588001
0.561169087887,-0.225097954273,1.35052001476,-0.350495755672,-0.380123227835,0.598959028721,-0.611479580402
0.561573624611,-0.223562628031,1.35141706467,-0.348516613245,-0.380737870932,0.598829865456,-0.612354278564
0.561651825905,-0.222087875009,1.3512660265,-0.349515378475,-0.379911184311,0.600021123886,-0.611131191254
0.562953054905,-0.220878362656,1.3523478508,-0.347413629293,-0.38185235858,0.600733935833,-0.610418915749
0.562964498997,-0.219303190708,1.35245537758,-0.347219109535,-0.38156235218,0.60076546669,-0.610679924488
0.563624858856,-0.217651799321,1.35282516479,-0.347129017115,-0.381585925817,0.601817250252,-0.609679996967
0.563918232918,-0.216062739491,1.3529125452,-0.347556620836,-0.381000161171,0.602324962616,-0.609301149845
0.563683867455,-0.214485675097,1.35251045227,-0.347804784775,-0.380049228668,0.60257267952,-0.609508812428
0.564100861549,-0.212676152587,1.352607131,-0.348478317261,-0.379499286413,0.603573203087,-0.608475744724
0.564845561981,-0.211104348302,1.35263466835,-0.347117453814,-0.379922956228,0.604006290436,-0.608559548855
0.564859807491,-0.209276497364,1.35270285606,-0.348177790642,-0.378642112017,0.604150414467,-0.608608961105
0.566034853458,-0.207941740751,1.3534913063,-0.347234040499,-0.380746603012,0.604936122894,-0.60705268383
0.565508782864,-0.206009268761,1.35297131538,-0.347790211439,-0.379658520222,0.604753136635,-0.607597887516
0.566872596741,-0.204589873552,1.35368132591,-0.347206801176,-0.381040900946,0.605628192425,-0.606192946434
0.56724947691,-0.202873840928,1.35367512703,-0.347119659185,-0.38091480732,0.606323301792,-0.605627000332
0.567616760731,-0.201149880886,1.35335958004,-0.347676187754,-0.380366742611,0.606940567493,-0.605033636093
0.568005979061,-0.199160665274,1.35327410698,-0.347673088312,-0.380056381226,0.607558190823,-0.604610443115
0.567770540714,-0.197057366371,1.35226881504,-0.349070578814,-0.378126263618,0.608043253422,-0.604527711868
0.56897354126,-0.195925146341,1.35301911831,-0.34771797061,-0.380848944187,0.607559978962,-0.604083836079
0.568727195263,-0.193675965071,1.35199642181,-0.349082589149,-0.378648906946,0.608150005341,-0.60408616066
0.569348931313,-0.191930070519,1.35196733475,-0.349212378263,-0.379164904356,0.608309090137,-0.603526890278
0.569800913334,-0.190199017525,1.3514367342,-0.349459856749,-0.378673166037,0.608905136585,-0.60309112072
0.570029735565,-0.188404947519,1.35087764263,-0.350343704224,-0.378517389297,0.60898399353,-0.602596461773
0.570727944374,-0.186862707138,1.35080981255,-0.350529402494,-0.379219472408,0.609018743038,-0.602011740208
0.570810258389,-0.185089513659,1.35014462471,-0.350722432137,-0.37880268693,0.608746469021,-0.602436840534
0.572004318237,-0.183562099934,1.3499147892,-0.351191461086,-0.379958540201,0.608557641506,-0.601625978947
0.571840047836,-0.181501865387,1.3488830328,-0.352214992046,-0.37829425931,0.60914427042,-0.601482629776
0.573172211647,-0.180289998651,1.34915494919,-0.351359963417,-0.380425602198,0.609010338783,-0.600773751736
0.572854816914,-0.178061515093,1.34780025482,-0.353051096201,-0.378206133842,0.609103798866,-0.601088643074
0.573759913445,-0.17658212781,1.3475484848,-0.353015720844,-0.378852516413,0.609174966812,-0.600630104542
0.574170410633,-0.174907445908,1.34709560871,-0.353343605995,-0.379316389561,0.608888924122,-0.600434720516
0.57451492548,-0.173398777843,1.34661924839,-0.353762120008,-0.379404604435,0.608475208282,-0.600551784039
0.575824022293,-0.172217234969,1.34692645073,-0.353078365326,-0.381450623274,0.607946038246,-0.600193917751
0.576344609261,-0.170524418354,1.34663331509,-0.353872269392,-0.381388247013,0.607949674129,-0.599762260914
0.57613581419,-0.168796420097,1.34566390514,-0.354838639498,-0.380238711834,0.607291519642,-0.600587368011
0.577697634697,-0.167677506804,1.34625077248,-0.354180753231,-0.382454365492,0.607138633728,-0.599722862244
0.578091263771,-0.166316747665,1.34586656094,-0.354411423206,-0.382496923208,0.606281638145,-0.600426137447
0.578798234463,-0.164812996984,1.34545266628,-0.354822903872,-0.382668882608,0.605913996696,-0.600444495678
0.579263687134,-0.163540765643,1.34548330307,-0.354265153408,-0.383617371321,0.604737401009,-0.601354181767
0.579388320446,-0.161679685116,1.3445636034,-0.35550570488,-0.381671309471,0.60477823019,-0.6018191576
0.579893767834,-0.160385817289,1.34452676773,-0.354859143496,-0.382570445538,0.603433966637,-0.602977871895
0.581312656403,-0.159409627318,1.34480631351,-0.354201972485,-0.384275943041,0.602980136871,-0.602733790874
0.58124756813,-0.157755434513,1.34416234493,-0.3548155725,-0.382998466492,0.602207422256,-0.603957176208
0.582607507706,-0.156988188624,1.3447163105,-0.353650808334,-0.385484218597,0.601023852825,-0.604237794876
0.582666993141,-0.155267566442,1.34384298325,-0.354897499084,-0.383850991726,0.60098618269,-0.604583919048
0.583489596844,-0.154233068228,1.34372186661,-0.353568732738,-0.38481143117,0.59983086586,-0.605897903442
0.584096491337,-0.153169810772,1.34366965294,-0.353654652834,-0.385433256626,0.598438858986,-0.606828331947
0.585527300835,-0.152421161532,1.34416544437,-0.351984143257,-0.387541800737,0.598185002804,-0.606706976891
0.585704803467,-0.150793597102,1.34314274788,-0.353158324957,-0.385936826468,0.59833574295,-0.606899023056
0.587094247341,-0.150148868561,1.34345090389,-0.351890265942,-0.3877569139,0.597526907921,-0.607272148132
0.588032007217,-0.149230539799,1.34345829487,-0.352117538452,-0.388388067484,0.597361087799,-0.606900274754
0.588442444801,-0.147896200418,1.34300577641,-0.350800037384,-0.388314038515,0.596552431583,-0.608503818512
0.588936626911,-0.14687345922,1.34266293049,-0.350839614868,-0.388435214758,0.595954835415,-0.60898900032
0.590045332909,-0.145672217011,1.34247624874,-0.351163446903,-0.388269037008,0.595829427242,-0.6090310812
0.591708183289,-0.145227640867,1.34299397469,-0.349340051413,-0.390942543745,0.595839142799,-0.608359515667
0.59174066782,-0.143986731768,1.34225046635,-0.348994016647,-0.390006035566,0.595075130463,-0.609904944897
0.593492388725,-0.143246531487,1.34328937531,-0.347972303629,-0.392589747906,0.594513237476,-0.609378993511
0.593571186066,-0.142409861088,1.34251856804,-0.347510546446,-0.391990154982,0.594094514847,-0.610435962677
0.595104396343,-0.141841262579,1.34282660484,-0.346411436796,-0.393555879593,0.593988239765,-0.610156476498
0.596063554287,-0.140906065702,1.34286105633,-0.346143096685,-0.394458979368,0.593287348747,-0.610407471657
0.596902668476,-0.140130504966,1.34292864799,-0.344960600138,-0.39501747489,0.593402147293,-0.610604166985
0.597231268883,-0.138983026147,1.34247303009,-0.344839721918,-0.394272357225,0.593315124512,-0.611238181591
0.598682224751,-0.138576686382,1.34300339222,-0.343181580305,-0.396245479584,0.592981696129,-0.611219108105
0.599388957024,-0.137799531221,1.34353351593,-0.34234008193,-0.397410094738,0.592333912849,-0.611562788486
0.599698364735,-0.136990875006,1.34300160408,-0.341952860355,-0.396866470575,0.591961324215,-0.61249256134
0.600579619408,-0.135995313525,1.34288942814,-0.341435581446,-0.396726995707,0.59250664711,-0.612344145775
0.601903557777,-0.135512083769,1.34353518486,-0.340374469757,-0.398088425398,0.592288911343,-0.612262010574
0.60275042057,-0.134709775448,1.3436871767,-0.339968770742,-0.398271501064,0.592614710331,-0.612052977085
0.602618992329,-0.133428931236,1.34383451939,-0.338966995478,-0.397899448872,0.5922960639,-0.613158166409
0.604299783707,-0.133377641439,1.34405899048,-0.338265776634,-0.399666845798,0.591771781445,-0.61290204525
0.60467261076,-0.132754147053,1.34427440166,-0.337438941002,-0.399985820055,0.592012107372,-0.612917602062
0.604722321033,-0.131469860673,1.34395325184,-0.337383538485,-0.398809999228,0.592262089252,-0.6134724617
0.605967521667,-0.131145074964,1.34464299679,-0.335611760616,-0.400914996862,0.592076718807,-0.613251328468
0.606402039528,-0.130570426583,1.34459590912,-0.335490077734,-0.400804549456,0.592125177383,-0.613343477249
0.607109189034,-0.130033388734,1.34473776817,-0.33514380455,-0.401125460863,0.592512190342,-0.61294901371
0.606951355934,-0.129128336906,1.34431529045,-0.334925204515,-0.400108963251,0.592589616776,-0.613657653332
0.608300805092,-0.128830820322,1.34502851963,-0.33381524682,-0.402253597975,0.592667996883,-0.612783908844
0.608824908733,-0.128010123968,1.34502243996,-0.333929389715,-0.401876956224,0.593484461308,-0.612178504467
0.609057605267,-0.127511769533,1.34465312958,-0.333691686392,-0.401594847441,0.593392312527,-0.612582325935
0.609481453896,-0.127100676298,1.34486734867,-0.332933157682,-0.402111291885,0.593372523785,-0.612675249577
0.610069274902,-0.126619875431,1.34516310692,-0.332202583551,-0.402819305658,0.593470096588,-0.612512171268
0.610653758049,-0.125717878342,1.34443938732,-0.333849579096,-0.401259988546,0.595449030399,-0.610717117786
0.610012471676,-0.12476015836,1.34416854382,-0.333771318197,-0.400141954422,0.595242202282,-0.611694395542
0.610933840275,-0.124836757779,1.34460937977,-0.33226454258,-0.402144908905,0.594739258289,-0.611690402031
0.610858976841,-0.12397800386,1.34358382225,-0.333679765463,-0.399982184172,0.595766782761,-0.611337840557
0.611116051674,-0.123551100492,1.34352779388,-0.333679080009,-0.399915575981,0.596098423004,-0.611058592796
0.611231446266,-0.123085424304,1.34366607666,-0.333084195852,-0.400496125221,0.595974266529,-0.611123919487
0.611478149891,-0.122231028974,1.34351658821,-0.333017587662,-0.399668723345,0.596743524075,-0.610951304436
0.612742841244,-0.122272253036,1.34422814846,-0.332037895918,-0.401818811893,0.596881985664,-0.609938144684
0.612970173359,-0.121706798673,1.3432956934,-0.333253532648,-0.40033224225,0.598045885563,-0.609112024307
0.613258183002,-0.121278941631,1.34312152863,-0.333298236132,-0.400232940912,0.59775865078,-0.609434485435
0.61326020956,-0.12088304013,1.34355175495,-0.331864356995,-0.401202827692,0.597072303295,-0.61025172472
0.613858222961,-0.120432339609,1.34315979481,-0.332207769156,-0.400736451149,0.598143458366,-0.609321653843
0.614148497581,-0.119831450284,1.34318447113,-0.332255631685,-0.400894284248,0.598336696625,-0.609001934528
0.614521682262,-0.11947543174,1.34336900711,-0.331759810448,-0.401401996613,0.598760545254,-0.608521163464
0.614717662334,-0.119101420045,1.34331524372,-0.331147253513,-0.401521533728,0.598593831062,-0.608939707279
0.614370346069,-0.118574038148,1.34246838093,-0.331713169813,-0.400191694498,0.598716139793,-0.60938668251
0.616175532341,-0.118537157774,1.34385895729,-0.329369395971,-0.403732478619,0.598552405834,-0.608482658863
0.615876019001,-0.118104018271,1.34299552441,-0.330421954393,-0.402362167835,0.598660826683,-0.608712852001
0.615595698357,-0.117555007339,1.34243535995,-0.331503331661,-0.401206642389,0.598751544952,-0.608798444271
0.616158127785,-0.116747125983,1.3418790102,-0.332771897316,-0.399564772844,0.599730849266,-0.608221769333
0.616897463799,-0.116613149643,1.34275650978,-0.330355972052,-0.401456385851,0.599439203739,-0.608580768108
0.617319703102,-0.116614252329,1.34269142151,-0.330242961645,-0.402443379164,0.598439335823,-0.608974158764
0.617760539055,-0.116235524416,1.34224879742,-0.329490482807,-0.402713984251,0.598257660866,-0.609381198883
0.617935061455,-0.115957528353,1.34259462357,-0.329279184341,-0.403073370457,0.597778022289,-0.609728336334
0.618896305561,-0.116083659232,1.34327816963,-0.328211277723,-0.404260635376,0.596216380596,-0.611045718193
0.619123101234,-0.11547961086,1.34280514717,-0.32902765274,-0.403193533421,0.596437633038,-0.611095905304
0.619332969189,-0.115270860493,1.34306776524,-0.328352838755,-0.403721153736,0.595776081085,-0.611755251884
0.619278311729,-0.11448481679,1.34278619289,-0.328995049,-0.403374046087,0.596830904484,-0.610609948635
0.620392799377,-0.114517003298,1.34352469444,-0.327511131763,-0.404648512602,0.595202922821,-0.612151682377
0.620828092098,-0.11467768997,1.34337961674,-0.3275372684,-0.405143469572,0.594717383385,-0.612282216549
0.621002197266,-0.114070683718,1.34326469898,-0.327230334282,-0.404950320721,0.594575703144,-0.612711548805
0.621324419975,-0.113461278379,1.34296000004,-0.327958166599,-0.404968231916,0.595340311527,-0.611567020416
0.621538221836,-0.113388516009,1.34289574623,-0.328004896641,-0.405294507742,0.594624400139,-0.612022161484
0.62182790041,-0.11307618022,1.34290122986,-0.328011661768,-0.405252993107,0.594536721706,-0.612131178379
0.622165739536,-0.112729549408,1.34285879135,-0.328237682581,-0.405033051968,0.595241844654,-0.611469984055
0.621788561344,-0.112085655332,1.3423705101,-0.328679919243,-0.40309035778,0.594209611416,-0.613516569138
0.622520804405,-0.111836507916,1.3432970047,-0.326862573624,-0.404973804951,0.593556821346,-0.613878965378
0.622771978378,-0.111569151282,1.34333491325,-0.326822131872,-0.405290067196,0.593110918999,-0.614123046398
0.622961103916,-0.11133402586,1.34331274033,-0.327071040869,-0.406062424183,0.593326210976,-0.613271534443
0.623159706593,-0.111081965268,1.34337544441,-0.326997369528,-0.406155765057,0.593206942081,-0.613364398479
0.622714340687,-0.110455781221,1.3425822258,-0.32832056284,-0.404288172722,0.593571782112,-0.613538384438
0.62290585041,-0.110485874116,1.34252095222,-0.328049063683,-0.404694527388,0.593575716019,-0.613411843777
0.623197495937,-0.110268294811,1.34245717525,-0.327395498753,-0.40426504612,0.592400968075,-0.615177333355
0.623178243637,-0.109967112541,1.34260129929,-0.327872931957,-0.403970181942,0.592382192612,-0.615134775639
0.623756408691,-0.109702631831,1.343298316,-0.327634304762,-0.404835015535,0.59257876873,-0.614503979683
0.623781323433,-0.109585605562,1.34347975254,-0.327154099941,-0.404830634594,0.592031955719,-0.615289032459
0.623360157013,-0.109227731824,1.34286284447,-0.327797144651,-0.403520286083,0.592052936554,-0.615787148476
0.623419046402,-0.109111778438,1.34299600124,-0.327788352966,-0.403626799583,0.591839551926,-0.615927040577
0.62432706356,-0.108890682459,1.34332537651,-0.327204227448,-0.404388070107,0.592465281487,-0.615136265755
0.624374210835,-0.108787730336,1.34337973595,-0.326991319656,-0.404636710882,0.592297673225,-0.615247368813
0.624395370483,-0.108574554324,1.34337055683,-0.3271702528,-0.405041128397,0.592445075512,-0.614744126797
0.624458372593,-0.108394429088,1.34336531162,-0.32728856802,-0.4049731493,0.592537403107,-0.614636778831
0.624517738819,-0.108089059591,1.34334766865,-0.327556312084,-0.404620170593,0.593000113964,-0.614280343056
0.624540567398,-0.107854582369,1.3433753252,-0.327627003193,-0.404459863901,0.593199253082,-0.614155888557
0.624578416348,-0.107694357634,1.34337186813,-0.327559769154,-0.404448032379,0.593362689018,-0.614041686058
0.624675869942,-0.107701741159,1.34340453148,-0.327429026365,-0.404313087463,0.593704342842,-0.61387014389
0.624657988548,-0.107382312417,1.34334051609,-0.32761156559,-0.404204934835,0.594049096107,-0.613510370255
0.624717772007,-0.10741110146,1.34337925911,-0.32759898901,-0.404188424349,0.594301640987,-0.613283336163
0.624722659588,-0.107292503119,1.34337556362,-0.327890753746,-0.404419243336,0.594430088997,-0.612850546837
0.624640643597,-0.107111670077,1.34338521957,-0.3275642097,-0.404497265816,0.594565749168,-0.612842023373
0.624608159065,-0.107141830027,1.34358394146,-0.327007591724,-0.404688686132,0.594624757767,-0.61295568943
0.624597609043,-0.107015110552,1.34359025955,-0.327274143696,-0.404917269945,0.594802796841,-0.612489402294
0.624554514885,-0.106730297208,1.34378504753,-0.327433675528,-0.404805243015,0.59541374445,-0.611884236336
0.624616682529,-0.106806106865,1.34382116795,-0.327688723803,-0.404967963696,0.595760345459,-0.611302316189
0.62452596426,-0.106501586735,1.34383320808,-0.327571153641,-0.404790133238,0.596195101738,-0.611059367657
0.624491930008,-0.106382995844,1.34384047985,-0.327668607235,-0.404681295156,0.596602916718,-0.610681116581
0.62448233366,-0.106302663684,1.34387099743,-0.327814102173,-0.404838114977,0.597037553787,-0.610073924065
0.624493598938,-0.106403589249,1.34371447563,-0.327853858471,-0.404931694269,0.597319304943,-0.609714627266
0.624436557293,-0.10603864491,1.34382402897,-0.328050911427,-0.404643535614,0.598315179348,-0.608822822571
0.624433755875,-0.106241203845,1.34377169609,-0.327941149473,-0.404934555292,0.598445415497,-0.60856038332
0.624392867088,-0.106138892472,1.34380483627,-0.327964544296,-0.404930323362,0.598914086819,-0.608089506626
0.623981595039,-0.105898991227,1.34336173534,-0.328471362591,-0.404051929712,0.599361538887,-0.607959330082
0.623872935772,-0.105792246759,1.34339678288,-0.328589856625,-0.403757989407,0.599823594093,-0.607634842396
0.623782336712,-0.105722293258,1.34340906143,-0.328531771898,-0.40335085988,0.60018569231,-0.607578992844
0.623983860016,-0.10578174144,1.34387457371,-0.32844415307,-0.403958976269,0.600417196751,-0.606993317604
0.623778581619,-0.105676494539,1.34385836124,-0.328835785389,-0.403622627258,0.600728988647,-0.606696546078
0.623209416866,-0.105486087501,1.34346139431,-0.329511195421,-0.402506947517,0.600923359394,-0.606878817081
0.623055398464,-0.105154164135,1.34321367741,-0.330603182316,-0.402081489563,0.60234349966,-0.605156481266
0.623314678669,-0.105397738516,1.3437974453,-0.330705881119,-0.402874141932,0.602467417717,-0.604449510574
0.623073220253,-0.105318821967,1.34386253357,-0.331239253283,-0.402338176966,0.60272103548,-0.60426145792
0.622789740562,-0.105215266347,1.34387493134,-0.331643015146,-0.401763945818,0.602863490582,-0.604280114174
0.621756851673,-0.104746058583,1.34324121475,-0.333163559437,-0.399477720261,0.603178203106,-0.604645252228
0.622316598892,-0.10504502058,1.34403264523,-0.332563787699,-0.400926977396,0.603010416031,-0.604183256626
0.622073352337,-0.104939006269,1.34407567978,-0.332759737968,-0.399740129709,0.602359175682,-0.605510115623
0.621890902519,-0.104863472283,1.34416627884,-0.333068132401,-0.399412661791,0.602159261703,-0.605755150318
0.621471881866,-0.104762762785,1.34416270256,-0.333787947893,-0.398774951696,0.602123260498,-0.605814814568
0.621296167374,-0.104706496,1.34426486492,-0.334140777588,-0.398504674435,0.601988852024,-0.605931997299
0.621041595936,-0.10475910455,1.34458434582,-0.334126830101,-0.398685902357,0.601464927197,-0.606340527534
0.620934844017,-0.104720383883,1.34471058846,-0.334540724754,-0.398720949888,0.601213812828,-0.606338322163
0.620799660683,-0.104511186481,1.34458076954,-0.335124969482,-0.397931993008,0.601446986198,-0.606302678585
0.620688796043,-0.104451775551,1.34468007088,-0.335239827633,-0.397922068834,0.601295650005,-0.606395661831
0.620603561401,-0.104424886405,1.34480893612,-0.335401594639,-0.397935777903,0.60112196207,-0.60646957159
0.620535671711,-0.10438978672,1.344851017,-0.33539801836,-0.397812783718,0.601074397564,-0.606599390507
0.620458364487,-0.104335285723,1.34491896629,-0.335518807173,-0.39776918292,0.600843429565,-0.606789827347
0.62039899826,-0.104316592216,1.3450627327,-0.335522502661,-0.397926032543,0.600561022758,-0.606964707375
0.620326161385,-0.104309186339,1.3451205492,-0.335786640644,-0.398164302111,0.600170373917,-0.60704857111
0.62030172348,-0.103861421347,1.34520924091,-0.336689740419,-0.397857189178,0.601731956005,-0.60520118475
0.620217502117,-0.103843480349,1.34526669979,-0.336608380079,-0.397732257843,0.601538538933,-0.60552072525
0.620338022709,-0.103851079941,1.34547650814,-0.336385786533,-0.398231178522,0.601212620735,-0.605640113354
0.619366168976,-0.103506833315,1.3448073864,-0.337112277746,-0.396771490574,0.600607514381,-0.606793642044
0.620125055313,-0.104268781841,1.34548175335,-0.336057245731,-0.399464279413,0.599490761757,-0.606716513634
0.619589567184,-0.103988237679,1.34488856792,-0.336630374193,-0.398481458426,0.599185705185,-0.607345879078
0.619539499283,-0.103984408081,1.344876647,-0.336805015802,-0.398881524801,0.598785877228,-0.607380926609
0.619498550892,-0.103952050209,1.34484159946,-0.336894959211,-0.39894336462,0.597919225693,-0.608143568039
0.619476616383,-0.103988833725,1.34477424622,-0.336946487427,-0.399133563042,0.597621023655,-0.608283400536
0.619784593582,-0.104177221656,1.34515810013,-0.336631298065,-0.400202721357,0.597252428532,-0.608117520809
0.619734466076,-0.104209825397,1.34510195255,-0.33672735095,-0.400318622589,0.597004592419,-0.608231365681
0.619644939899,-0.103959195316,1.34512472153,-0.336892724037,-0.400084167719,0.597085416317,-0.608214855194
0.619600772858,-0.103983104229,1.34508180618,-0.337006747723,-0.400229513645,0.596836447716,-0.60830026865
0.61954665184,-0.104013800621,1.34502136707,-0.337084203959,-0.40029078722,0.596633672714,-0.60841602087
0.619496285915,-0.104062132537,1.34498500824,-0.337127834558,-0.400399744511,0.596411287785,-0.608538031578
0.619424104691,-0.10407217592,1.34495687485,-0.337193906307,-0.400439083576,0.596140503883,-0.608740866184
0.619348526001,-0.10412658006,1.34494519234,-0.337183535099,-0.400536566973,0.595888495445,-0.608929276466
0.619273900986,-0.104139342904,1.34494018555,-0.337220907211,-0.400540143251,0.595709979534,-0.609080851078
0.619213700294,-0.104197099805,1.34492528439,-0.337256222963,-0.400565445423,0.595503032207,-0.609246850014
0.619157135487,-0.104267440736,1.34491097927,-0.337449401617,-0.400850236416,0.595150053501,-0.609297394753
0.619161188602,-0.104511588812,1.34493505955,-0.337605595589,-0.40104830265,0.594897925854,-0.609326899052
0.619077503681,-0.104352168739,1.34486818314,-0.337969839573,-0.400529354811,0.595144987106,-0.609225094318
0.61905759573,-0.104880549014,1.34480082989,-0.337648868561,-0.401169806719,0.594373345375,-0.609734773636
0.619005203247,-0.105127111077,1.34499943256,-0.337416052818,-0.401605576277,0.593914330006,-0.610023856163
0.618898808956,-0.105166852474,1.34501349926,-0.336942851543,-0.401543140411,0.594221234322,-0.61002779007
0.618774175644,-0.105158865452,1.34501492977,-0.336513131857,-0.401512175798,0.593911468983,-0.610586643219
0.618790149689,-0.105421304703,1.34502923489,-0.336591392756,-0.401608198881,0.593723773956,-0.610662937164
0.618689358234,-0.105324849486,1.34496474266,-0.336330085993,-0.401316523552,0.593648135662,-0.611072063446
0.61868751049,-0.105259686708,1.34476172924,-0.336713910103,-0.400867938995,0.593307375908,-0.611485779285
0.618658721447,-0.105365000665,1.34472823143,-0.336543321609,-0.400735199451,0.593179225922,-0.611791074276
0.618645608425,-0.105474919081,1.34469008446,-0.336432635784,-0.400668382645,0.592990219593,-0.612078905106
0.618629693985,-0.105607122183,1.34464669228,-0.336344569921,-0.400663077831,0.592877388,-0.612240076065
0.618690013885,-0.105879113078,1.34464478493,-0.336237609386,-0.400909990072,0.592654943466,-0.61235255003
0.618639588356,-0.105986334383,1.34462034702,-0.335912317038,-0.401017159224,0.592393040657,-0.612714290619
0.618630945683,-0.106147684157,1.34455645084,-0.335849434137,-0.400927752256,0.592325568199,-0.612872362137
0.618477880955,-0.106280967593,1.3443390131,-0.336253345013,-0.400545448065,0.592322289944,-0.612904369831
0.618468761444,-0.106434218585,1.34433853626,-0.336145192385,-0.400654196739,0.59218531847,-0.61302447319
0.618448972702,-0.106592819095,1.34426605701,-0.335971027613,-0.400754094124,0.592003405094,-0.613230645657
0.618441104889,-0.106729343534,1.34421038628,-0.335875153542,-0.400751918554,0.591940224171,-0.613345444202
0.618404448032,-0.106804050505,1.3441940546,-0.335661798716,-0.40076392889,0.591784477234,-0.613604605198
0.618420243263,-0.106832921505,1.34413146973,-0.335737645626,-0.400588005781,0.59193021059,-0.613537549973
0.618352413177,-0.107110291719,1.34431231022,-0.33520552516,-0.401130586863,0.591446459293,-0.613940238953
0.618350505829,-0.107231497765,1.34430146217,-0.334973543882,-0.401196330786,0.591869175434,-0.613616585732
0.618291676044,-0.107158593833,1.34439313412,-0.334798485041,-0.401107907295,0.591871082783,-0.613768100739
0.618329584599,-0.107163116336,1.34423804283,-0.335048675537,-0.400872051716,0.591559767723,-0.614085674286
0.618317008018,-0.107311859727,1.34425854683,-0.334717333317,-0.401053071022,0.591881036758,-0.613838493824
0.618339538574,-0.107767015696,1.34418880939,-0.334501415491,-0.401662051678,0.590772688389,-0.614625155926
0.617828071117,-0.107623755932,1.34373450279,-0.335448950529,-0.400371909142,0.590964913368,-0.614765882492
0.61795437336,-0.107581138611,1.34334373474,-0.335964471102,-0.399414867163,0.59218531847,-0.613931775093
0.617964565754,-0.107706770301,1.34336459637,-0.335836350918,-0.39957550168,0.592024207115,-0.614052772522
0.617945194244,-0.107810348272,1.34339177608,-0.335672259331,-0.399745434523,0.591850817204,-0.614198923111
0.617933213711,-0.107917398214,1.34340190887,-0.335561335087,-0.399879574776,0.591686785221,-0.614330410957
0.617938756943,-0.108061440289,1.34341442585,-0.335427641869,-0.400087445974,0.591484546661,-0.614462792873
0.617712438107,-0.108269102871,1.34396779537,-0.334067732096,-0.401303470135,0.590249180794,-0.615597546101
0.617627859116,-0.108126141131,1.34408473969,-0.33384886384,-0.401259481907,0.590198516846,-0.615793406963
0.617615938187,-0.108267843723,1.34407138824,-0.333665162325,-0.401484429836,0.589963793755,-0.615971267223
0.617665350437,-0.108642354608,1.34393906593,-0.333564907312,-0.401886999607,0.589601576328,-0.616109788418
0.617692112923,-0.108734041452,1.34377992153,-0.33350199461,-0.401909083128,0.58951407671,-0.616213321686
0.617672860622,-0.108850054443,1.34377372265,-0.333385914564,-0.402141362429,0.589368760586,-0.616263628006
0.617663860321,-0.108948871493,1.34374058247,-0.333309620619,-0.402292013168,0.589182078838,-0.616384923458
0.617629289627,-0.109003402293,1.3437037468,-0.333238869905,-0.402363955975,0.589022278786,-0.61652892828
0.617606401443,-0.109092526138,1.34366178513,-0.333270072937,-0.402532935143,0.588839769363,-0.616576194763
0.617586970329,-0.109195634723,1.34362912178,-0.333212077618,-0.402681142092,0.588642418385,-0.616699099541
0.617538392544,-0.109270103276,1.34357786179,-0.333192706108,-0.402769088745,0.588413000107,-0.616871058941
0.617509067059,-0.109352067113,1.34352779388,-0.333123147488,-0.402796268463,0.588264942169,-0.6170322299
0.617431163788,-0.109147801995,1.34356427193,-0.33327382803,-0.402502089739,0.588449478149,-0.616966784
0.617388308048,-0.109218604863,1.34352970123,-0.333271503448,-0.402541518211,0.588193178177,-0.61718672514
0.618048191071,-0.109485819936,1.34410321712,-0.332097709179,-0.404170870781,0.587887942791,-0.617045223713
0.618005812168,-0.109550505877,1.34409236908,-0.332044005394,-0.404272258282,0.587721347809,-0.617166399956
0.618038475513,-0.109671570361,1.34414124489,-0.332344502211,-0.404475271702,0.587657511234,-0.61693251133
0.617990970612,-0.109746277332,1.34411859512,-0.332254141569,-0.404525488615,0.58748716116,-0.61711025238
0.617907643318,-0.110031291842,1.34394919872,-0.332032442093,-0.404841601849,0.58695679903,-0.617527008057
0.617847979069,-0.110125422478,1.34394669533,-0.331954628229,-0.404986619949,0.586714684963,-0.617703855038
0.617810130119,-0.110196530819,1.34394931793,-0.331921994686,-0.405081212521,0.586531817913,-0.617833077908
0.617851555347,-0.110414266586,1.34403932095,-0.331897199154,-0.40545001626,0.586274981499,-0.617848277092
0.617811381817,-0.110505089164,1.34404325485,-0.331830412149,-0.405576080084,0.586057245731,-0.618007898331
0.617670834064,-0.110558979213,1.3440541029,-0.332059890032,-0.405478179455,0.585917592049,-0.618081271648
0.61679983139,-0.11043227464,1.34354197979,-0.332604676485,-0.404188543558,0.585506021976,-0.619022428989
0.616735637188,-0.110188476741,1.3436576128,-0.332768589258,-0.403936505318,0.585684537888,-0.618929862976
0.616696000099,-0.110246911645,1.3436665535,-0.33270150423,-0.40392357111,0.58554905653,-0.619102358818
0.617438971996,-0.110660299659,1.34446656704,-0.33177742362,-0.405857235193,0.585189402103,-0.618673563004
0.616953790188,-0.110403291881,1.3438949585,-0.332041472197,-0.40472522378,0.585161209106,-0.619299888611
0.617296159267,-0.110623545945,1.34436619282,-0.331610500813,-0.405679702759,0.584935486317,-0.61911958456
0.617243647575,-0.110662631691,1.34439897537,-0.331609487534,-0.40567612648,0.58478397131,-0.619265437126
0.617200434208,-0.110703982413,1.34441816807,-0.331560105085,-0.40568575263,0.584641218185,-0.619420349598
0.617155253887,-0.110739529133,1.34443390369,-0.331561148167,-0.405743032694,0.584509432316,-0.619506776333
0.617163300514,-0.110975474119,1.3443274498,-0.331580758095,-0.405899882317,0.584254324436,-0.619634091854
0.61712116003,-0.111009992659,1.3443210125,-0.331589341164,-0.405841439962,0.584181010723,-0.619737029076
0.617031157017,-0.111134767532,1.34435582161,-0.331385523081,-0.406032681465,0.583854556084,-0.620028376579
0.616961956024,-0.111147657037,1.34434723854,-0.331387758255,-0.405939608812,0.583810925484,-0.620129108429
0.616892576218,-0.111266240478,1.34443044662,-0.33126270771,-0.406117975712,0.583577990532,-0.620298445225
0.616814255714,-0.111291185021,1.34442198277,-0.331293284893,-0.406031787395,0.583531916142,-0.620381891727
0.616814732552,-0.111434742808,1.34446203709,-0.331363856792,-0.40616363287,0.583428919315,-0.620354533195
0.616734027863,-0.111426487565,1.34444332123,-0.331357330084,-0.40603607893,0.583432793617,-0.620437860489
0.616644918919,-0.111405268312,1.34442138672,-0.331349462271,-0.40591827035,0.583442091942,-0.62051063776
0.616554200649,-0.111395530403,1.3444031477,-0.331317275763,-0.405825257301,0.58342474699,-0.620604872704
0.616478264332,-0.111360728741,1.34436917305,-0.331370413303,-0.405655443668,0.583465218544,-0.620649516582
0.61640381813,-0.111360147595,1.34433937073,-0.33143016696,-0.40552893281,0.583502471447,-0.620664954185
0.616379618645,-0.111153021455,1.34403526783,-0.331960141659,-0.404738277197,0.584173202515,-0.620266973972
0.616308927536,-0.111145704985,1.34400331974,-0.331965595484,-0.404626637697,0.58420497179,-0.620307087898
0.616198003292,-0.111150637269,1.34400749207,-0.332110196352,-0.404502779245,0.584211945534,-0.620303750038
0.615999042988,-0.110972397029,1.34384679794,-0.332163691521,-0.404025912285,0.584315299988,-0.620488584042
0.615876078606,-0.11096470058,1.34378731251,-0.332329839468,-0.403824657202,0.584336221218,-0.620510876179
0.61580747366,-0.110932052135,1.34375119209,-0.332393854856,-0.403673142195,0.584387779236,-0.620526611805
0.615060150623,-0.110716365278,1.34306263924,-0.333492100239,-0.402043819427,0.584619820118,-0.62077665329
0.614946484566,-0.110388047993,1.34312474728,-0.333706170321,-0.401524245739,0.585022568703,-0.620618164539
0.614893078804,-0.110358789563,1.34308743477,-0.333774358034,-0.401388198137,0.585078239441,-0.620617330074
0.614819407463,-0.110307298601,1.34301412106,-0.333776980639,-0.401141822338,0.585146546364,-0.620710611343
0.614767849445,-0.110270105302,1.34299457073,-0.333833932877,-0.401105612516,0.585155487061,-0.620694935322
0.614710450172,-0.110240153968,1.34296286106,-0.33387902379,-0.400988906622,0.585188150406,-0.620715260506
0.614660382271,-0.110202640295,1.34294474125,-0.333914965391,-0.400906860828,0.585204720497,-0.620733261108
0.615373671055,-0.110505707562,1.34362637997,-0.332951813936,-0.402583181858,0.585050821304,-0.620310723782
0.614565730095,-0.110142216086,1.34290826321,-0.333958297968,-0.400778084993,0.585208654404,-0.620789647102
0.615286707878,-0.110464960337,1.3435908556,-0.333004623652,-0.402507930994,0.585012316704,-0.620367646217
0.615239977837,-0.110428512096,1.34357380867,-0.333044171333,-0.402455031872,0.585009634495,-0.620383262634
0.615215599537,-0.110374502838,1.34354460239,-0.333127439022,-0.402346372604,0.585067868233,-0.620353996754
0.615172743797,-0.110396668315,1.34352767467,-0.333095997572,-0.402416527271,0.584951877594,-0.620434939861
